0.0 0.1326741573757815 0.0627147794587153 0.09506762875417527 0.0020071762695305574 0.005141247595437009 0.014238311185929177 0.004015971087675632 0.0012548284708714362 0.06822873445106939 0.0035975613828677076 0.0037054397554901657 0.005457334446858534 0.006642571659685426 0.00012457488958745946 6.99501378210264e-05 7.20182794463151e-06 1.692694294055886e-05 0.0 1.9805549384270838e-05 0.0 4.394768323078643e-05 7.777166188574543e-06 0.0 2.076628074491626e-05 0.0 7.326003833844579e-06 0.0 1.1323238353542581e-05 0.0 0.03970200809600064 0.012949429901574506 0.0038715709910231893 0.0 1.4913999904319754e-05 1.74005498375169e-05 0.000672786873565349 0.0002498392865723981 0.00037903208348955193 2.0545635047760398e-05 1.1939160516072607e-05 0.0 0.0 2.8601965574488285e-05 0.0 6.420425473475719e-06 0.003130725210064173 0.000217182099045526 2.0911497339466607e-05 0.0 5.0442651798974714e-05 8.01835755645634e-06 0.00014608456663274053 0.0 0.0004982377310540859 0.0008396059024570916 0.008706524469086652 0.04096768237035832 0.005539101874512638 0.004471565608685767 7.23889875272748e-05 0.0005193867112138554 3.615770065063272e-05 0.00025988475288524795 0.0002953274134523318 0.000408332301081926 0.00014313245027466095 8.176062006102046e-05 1.2226292483370759e-05 1.0487826070146624e-05 0.00198359120868697 8.551107115519013e-05 9.017967716471931e-06 0.014254521069996393 0.00287551640397197 0.001416443984327359 0.00010716010812427938 3.781592884122829e-05 0.00015785872601783415 0.007791376047085248 4.2559256831851126e-05 0.0013920081487749298 0.0013025960220317914 5.113933298631199e-05 0.0002758907312545451 0.0005210069109348036 0.0 1.9968820123995763e-05 1.847407971532708e-05 1.981708582149457e-05 3.867371976134351e-05 1.5991186794574034e-05 0.0 2.8469103041895117e-05 7.447734281809466e-06 0.009934422911911085 0.0033233826056772264 2.8091470918268535e-05 0.0005461371348566057 0.043152107094145936 0.0 2.517812929822943e-05 0.00020849911267787358 0.00011037185353574484 3.2529310027502185e-05 6.192049010582665e-05 0.0001357580440476572 2.388825938466268e-05 0.0006872110305276254 0.0003264042324665578 2.286495792858306e-05 0.00022638567401838007 0.0014607504001621758 0.00032019897460452393 0.00017028440099999 1.532936466609926e-05 0.0 0.0 5.6095038753680147e-05 0.0 0.0 0.0 0.0 0.0 0.0 0.0 0.0 3.60112298692943e-05 0.0 0.0 4.404735713662401e-05 3.381988458493012e-05 0.0 0.0 0.0 3.141897762161463e-05 0.0 0.00018479361967529195 2.8038480907059527e-05 6.532090267229788e-05 0.00037563813461824615 0.0001525058924844833 0.00011318501085390065 0.00016369147752002492 0.0 0.0 0.0 0.0 0.0 0.0 0.0 8.950103872536336e-06 1.071103266707364e-05 0.0 0.0 0.0 8.627963691803096e-06 0.0 0.0 0.0 1.9333252173476734e-05 3.5670043492043235e-05 9.140216092540683e-05 3.5500477041870845e-05 0.00011002775443232215 0.0002886553577730139 0.0002551715516406365 8.771655738320163e-05 0.0 0.0 0.0 0.0 0.0 0.0 0.0 1.690511483782679e-05 0.0001979485881699861 7.737718025071821e-06 0.0 0.0 0.0 0.00017631917865427058 0.0 0.00014767465695123222 9.68685610476417e-06 0.0 0.0 0.0 9.765652334681041e-06 0.0 0.0 0.0 0.0 0.0 1.0549372895838665e-05 0.0 0.0 0.00010164631450825333 2.1594928050820776e-05 9.506114458841193e-05
0.1326741573757815 0.0 0.091627737296625 0.1330688871614019 0.09934305197388042 0.0303597487223797 0.12467518645892502 0.028792214029603372 0.06012030746547183 0.15725762899723905 0.05345560847866499 0.010006153680309545 0.1289206105643353 0.06981724614283691 0.00100000377695052 0.00021307761991048887 8.007691121502003e-05 4.026939569558999e-06 0.0 5.073302502892827e-06 3.4097942899807687e-05 0.0 6.360902888411611e-06 5.935678067876994e-06 1.1286410553427995e-05 1.0476564652151409e-05 2.3283612514971835e-05 0.0 1.4348230842938788e-05 9.460484061293394e-06 0.06389337131056712 0.0031013266510465116 0.006887500598346425 6.308455978237656e-06 9.577789920625028e-06 2.97098639363209e-05 0.0013841099126800688 0.00039020651810585004 0.00047704170129844324 4.094550395804356e-05 0.0 2.214205972805064e-05 6.044801981277624e-05 0.0001727247987424004 0.0 2.013156015093916e-05 0.019108198938384252 0.0010083748627722827 9.202688865855095e-05 1.472323913446624e-05 0.00019236281780985015 1.2666482314177992e-05 1.4552930875672056e-05 2.7294529612936304e-05 0.001119149907380821 0.0022424385944930726 0.008678464476968385 0.04822913586427991 0.00738295211554274 0.01164757073633181 0.00015648270620705106 0.0004791176901390524 3.719004255861345e-05 0.006068621922912741 0.0014525291564610695 0.0013976969254811044 0.000526902293234871 0.0004104864199121767 5.1829049497510814e-05 1.9558854163107657e-05 0.0029122010647543634 1.0014807862996664e-05 0.0 0.02670942257078549 0.01893443454713684 0.012158246274928028 0.0011065502829843918 0.00018987468961315245 0.00021781385636925703 0.013292844218019824 3.672544093091648e-05 0.000985292131734774 0.003699195880964207 7.863189725604858e-05 0.001288133048706943 0.001736783640186813 9.842730313832336e-05 0.00017396129411336835 0.00022961816851569457 1.1095553155196893e-05 0.00022687173061461258 4.7778002386568945e-05 2.190673543704394e-05 0.00011383336546419032 7.283756172807583e-05 0.0022627091181437065 0.0004944584564581768 4.0282061446006145e-05 0.0003460835272126721 0.03972007453379144 7.521367979606391e-05 0.00016433436891050488 0.0008579238307142361 0.0003225788661345393 0.0001876487037987181 0.00030977252341111023 0.0005281801874237435 0.0005773312413955481 0.0027816763670570426 0.0016677278567206863 0.00017283799963003997 0.0009052037985499926 0.003963255041702527 0.001082491333287196 0.001096697390586183 3.505881300889272e-05 0.0 0.0 0.0 0.0 0.0 0.0 0.0 0.0 0.0 0.0 0.0 0.0002309717564202682 0.0 0.00010210804305218994 0.0 0.0 0.0 0.0 5.6254159428470195e-05 2.26336256283961e-05 0.0 0.00025187606411291214 7.0889630264278e-05 0.0004956239765514509 0.00040691426328832644 0.000817667397591617 0.00022188854918748995 0.00028251189301515243 0.0 0.0 0.0 7.372222921200449e-05 0.0 9.678475500799453e-05 0.0 0.0 0.0 0.0 0.0 0.0 0.00011647611492199351 2.792482214956917e-05 1.1143904013221393e-05 0.0 1.37780327331533e-05 0.0 5.3100875176505806e-05 4.003609316756051e-05 4.1638022196662284e-05 0.0003064397531866014 0.0008004902996384469 0.00026775633738697954 1.7659235401513405e-05 0.0 0.0 0.0 3.558549415718382e-05 0.0 0.0 8.021182772004959e-05 0.0006520982532952652 1.0818666769103916e-05 6.26781903792553e-06 0.0 0.0 0.0009312745713853083 2.9260699063591236e-05 0.0005366021473430111 0.0 3.683391247888585e-05 2.9056218550710635e-05 3.832274121296672e-05 0.0 4.9680657756870165e-06 6.36148265867714e-06 0.0 1.2260801202423238e-05 4.497040095235938e-06 2.5412194942676788e-05 9.14074720174632e-06 0.0 0.0006542118201686231 3.460291487260066e-05 0.0003839344048037185
0.0627147794587153 0.091627737296625 0.0 0.004232058332199239 0.02416183146299315 0.004374469136973565 0.001730935969510888 0.1465961296509542 0.01649804127745494 0.01099346791743287 0.12229822347983631 0.006730238544136187 0.017037866969773142 0.11532579546803412 0.0010803537520321215 0.000511234713638014 8.162358219145523e-05 0.0 0.0 2.6763424371542096e-05 0.0 1.7972418379409303e-05 1.590361323926118e-05 6.443654935447891e-06 0.00010779253441370143 0.0 8.918740778821958e-06 8.083738794383132e-06 2.8132178719390894e-05 1.8448115422504084e-05 0.1582950657469313 0.059331130619944286 0.022066411980203142 0.0 3.396040553585982e-05 3.521817946663294e-05 0.0036114117129529715 0.0013920457154104852 0.0013729383030811068 0.00017337066777350042 1.6858097946943142e-05 2.0536397374862973e-05 1.0390392456078652e-05 0.00024430946255629525 6.607410799181318e-06 7.824517017220531e-05 0.006100201029117454 0.0002144882321849184 5.11249105815443e-05 2.6587473511026915e-05 4.736188887874567e-05 2.6377943546004663e-05 7.430838041916474e-05 7.065630989716341e-06 0.00039261236699126645 0.0005012254864354706 0.0029778771183388295 0.036426450165702944 0.0022441447102210105 0.003330946278650708 0.00033449912514889546 0.002674975404278072 0.0 0.0041622904637435626 0.00034386419587250765 0.0002790998263230488 0.00013842567060515291 9.674235398037873e-05 3.73187689011157e-05 4.7572363819747716e-05 0.004888708308827443 0.00016061979370304803 0.0 0.007700713389823178 0.0066690571511112155 0.003323641828395897 0.0004756022303396344 0.0007206099696903222 0.002921711674167118 0.07112847754293027 0.0002658598508714096 0.010211222820561418 0.0010468738259007521 3.165452936095628e-05 0.0002982097254704417 0.0004392523502163531 2.7051842239557386e-05 4.354775720609479e-05 8.221701075427317e-05 0.0 6.039304966312188e-05 1.163550063643562e-05 7.834385945965181e-05 2.6767658181070883e-05 3.240116890609702e-05 0.0014570694337910348 0.0004922467884916504 0.0 0.0008308060428279207 0.01732252319217284 1.4278645527291703e-05 3.1716894306911904e-05 0.00020569397898376855 0.00011317782764896979 3.424430119580399e-05 0.00011010901939340385 0.0001384321491662226 0.0004642838585876112 0.0005600108455405357 0.00046973824904133734 8.31546295980598e-05 0.0006068831610456348 0.002066702885732367 0.0006801880557635471 0.000638473768504931 0.0 0.0 0.0 0.0 0.0 0.0 0.0 6.985192077380474e-06 0.0 3.731405393181955e-05 0.0 0.0 0.00025056610590294 0.0 0.00011654048676502208 1.6113045584845556e-05 2.0165470269580734e-05 9.049195034927542e-06 0.0 5.916515520881955e-05 1.3924036229568302e-05 4.122243097760813e-05 6.22269368469793e-05 0.0 0.00025737168862077076 0.0003172440158855528 0.0004254492837959825 4.57710096762687e-05 0.0002295385772076657 0.0 0.0 0.0 0.0 0.0 7.19653122294926e-06 0.0 0.0 1.8067108738614055e-05 0.0 0.0 0.0 1.3770043796212401e-05 0.0 0.0 0.0 0.0 0.0 0.0 7.2680059950258e-06 8.700887641778385e-05 0.00040208169378793453 0.0004121909070803046 6.885371891045126e-05 0.0 2.4153760470225072e-05 0.0 0.0 2.1287901539402594e-05 0.0 0.0 2.2425949937163256e-05 0.0005119697146667218 6.1642606713089025e-06 0.0 0.0 0.0 0.0007220591074511314 1.1534149856599269e-05 0.00028332761193966576 7.543027354325294e-05 8.832525669838947e-05 3.0814906557948183e-05 0.0 3.0797231988861976e-05 1.7840355632464482e-05 1.2672724507370185e-05 0.0 0.0 0.0 0.0 0.0 0.0 0.0004073516677442084 0.00011918192207689008 0.0001972619340350616
0.09506762875417527 0.1330688871614019 0.004232058332199239 0.0 0.0016797605108906718 0.02493034500637214 0.028354628873204456 0.00010197746788672984 0.001937129208243744 0.24501400064607168 0.0006095233496036668 0.009720646611349137 0.04847325364685794 0.0019919822941052425 1.6720614595780697e-05 6.413216996507649e-06 0.0 1.3965044817486534e-05 0.0 0.0 0.0 0.0 0.0 6.957720877397261e-06 0.0 0.0 0.0 0.0 5.962383673791629e-06 0.0 0.007725463744054997 0.0002488878830711358 0.00033338322942610954 0.0 0.0 1.0200665362100259e-05 6.730991655800505e-05 1.6673585812173653e-05 8.826027337116627e-05 0.0 0.0 6.729538662319665e-06 0.0 6.20621274861651e-06 0.0 0.0 0.003910590223635449 0.0003420160567462512 6.135116561568059e-06 0.0 8.483285242986398e-05 2.354543379370361e-05 0.0 0.0 0.00033094342186009763 0.000909467808658777 0.0038888047275759995 0.019864689326410535 0.003971095341652072 0.0047747790444060325 4.315343612283341e-05 0.00011365821141614265 0.0 0.0004309894510127284 0.0004595863611887134 0.0004981414619358504 0.00017164290778451304 0.00010527217891872256 1.57324412714304e-05 2.1953950539984175e-05 0.0001667147970996635 0.0006530861699350023 5.4999295250687824e-05 0.012235652853743215 0.005207101056740607 0.002692680960846151 0.00017555360638901442 1.887075456676048e-05 0.0 0.0001306618782795667 9.557209562789195e-06 3.279789182395414e-05 0.0016130549741116115 3.6422789950647536e-05 0.0004352220246893374 0.0005159618301122933 5.214071317999294e-05 4.164287690545834e-05 7.424268352853779e-05 6.607631805624417e-06 9.263951207692912e-05 1.301629587119217e-05 1.1041978913951078e-05 2.7636923597142147e-05 1.952889837499507e-05 0.00025400926686365615 0.0005362416224064587 1.2242327838748967e-05 0.0001838881632153379 0.017943003534298015 4.77646319922916e-05 0.0001758849113997143 0.0007069168143329823 0.0015743524308485285 2.0593836255682178e-05 0.0013355985806879588 0.0038485045104011397 0.00017199631690823376 0.003339535126679733 0.0028760157041067633 1.926389678381529e-05 0.00039162372836411334 0.0016565768240108497 0.00024320956750177757 0.00030669108508329837 0.0 6.6238871763854376e-06 0.0 0.0 0.0 0.0 0.0 0.0 0.0 0.0 0.0 0.0 8.783492367703602e-05 0.0 1.3165339940555284e-05 0.0 0.0 0.0 0.0 7.737640920581807e-05 0.0 0.0 4.026680308188978e-05 4.4731213508369726e-05 2.5128538128260814e-05 0.00017080156697850445 6.674472429370876e-05 0.00012331235311649662 0.00011447090661573272 0.0 0.0 0.0 0.0 0.0 6.234313470091459e-05 0.0 0.0 2.2382778855707613e-05 0.0 0.0 0.0 2.33801130457834e-05 0.0 5.885950627119467e-06 0.0 1.518114069912029e-05 2.691236041533437e-05 7.351089749938787e-05 4.0685143502168855e-05 0.0001815887606462026 0.00019923012921293487 0.0001882166596346134 0.00013607632503964855 1.7921923362462632e-05 5.650527725614606e-06 0.0 0.0 0.0 0.0 0.0 2.212946632503514e-05 0.0001259329612965183 1.203891767097396e-05 0.0 0.0 0.0 0.00016486690276529693 0.0 6.215170248771938e-05 4.2323573281491846e-05 5.181396754212481e-05 4.700940193661822e-05 0.0 2.7602497631623298e-05 0.0 0.0 7.096700234056823e-06 0.0 0.0 0.0 0.0 0.0 0.00027677487198993336 0.0 1.6373149356106978e-05
0.0020071762695305574 0.09934305197388042 0.02416183146299315 0.0016797605108906718 0.0 0.00039526844819199594 0.17207291360769944 0.008887138070516607 0.21142701899217836 0.15747349195664434 0.12115382573841879 0.007772767061271022 0.06329468273890405 0.1035941253709164 0.0006341823654899258 9.780748957759229e-05 0.0 0.0 0.0 0.0 0.0 0.0 0.0 0.0 3.981963271797956e-05 0.0 7.419898867172264e-06 5.535785243704837e-06 0.0 0.0 0.0026546845321777086 0.0003702950189264998 0.0005540641835515427 0.0 0.0 0.0 0.00013717146151821758 2.3203625030594855e-05 1.8856024933305065e-05 0.0 0.0 1.3128532952706635e-05 8.221397067685521e-06 4.324419692801624e-05 0.0 1.9918151175969426e-05 0.0060327239633053064 0.00010712815832287751 6.912039935775039e-06 0.0 2.2665392579175782e-05 0.0 3.8187782587875104e-05 0.0 8.485001908055516e-05 0.00017476871389907227 0.0003780407982359132 0.0016649799815344286 0.00033605975273176536 0.0011113688884453968 7.3101483559077354e-06 4.1370571695523324e-05 0.0 0.0014287988391327548 0.0001258577873919356 0.00010983702587192782 3.8150059860325e-05 5.985155910102259e-05 0.0 0.0 0.00047615393080476865 0.0 0.0 0.001575083609853255 0.0020197747036635873 0.002015702188700326 0.0003345509833692613 2.1981122935292082e-05 2.4402225229523472e-05 0.0010664394272022657 0.0 0.0001003626243510809 0.0004354053713372141 1.2653211025928949e-05 8.806726239894031e-05 0.000250327719483424 1.0605688905357274e-05 5.462958169872205e-06 2.2624987546969864e-05 0.0 6.692215827593738e-06 6.116316148000411e-06 5.929269376557269e-06 1.2349371764380746e-05 6.696212773714895e-06 0.0009109298866937002 0.000280449188346576 0.0 3.060839932678895e-05 0.0003321245729561544 0.0 1.6767863890300696e-05 0.00025386630839996057 5.213587779687241e-05 2.3934940306110405e-05 8.638312145065649e-05 0.0001318470387099982 0.00018391645996853676 0.0004185147576934475 0.0006650290181863878 4.547244929731765e-05 0.0004890447267302098 0.0013946452229260224 0.0004434437002449624 0.000533496642107288 0.0 0.0 0.0 0.0 0.0 0.0 0.0 0.0 0.0 0.0 0.0 0.0 8.282459264899199e-06 0.0 0.0 2.028846283281596e-05 4.522376154945558e-05 0.0 0.0 4.4394319413204134e-05 2.9643937119708338e-05 0.0 1.1502597470370846e-05 0.0 0.00022082678864607003 0.00017826390701123393 0.0001743200044185426 3.0540281771420916e-05 3.279673178789294e-05 0.0 0.0 0.0 0.0 0.0 5.5926994572102375e-05 0.0 3.419387109330585e-05 4.351681184428968e-05 0.0 0.0 0.0 0.0 0.0 0.0 0.0 0.0 0.0 6.85144205030392e-06 1.636467777280828e-05 0.0 2.597630249149338e-05 0.0003455948621457748 3.242780761544255e-05 0.0 6.555925713011972e-06 0.0 0.0 0.0 0.0 0.0 0.0 0.00034503214802771606 2.8155412145604202e-05 0.0 0.0 0.0 0.00047340741832640045 0.0 0.00017601731903563758 0.0 3.3093271890457194e-05 2.4678915385680413e-05 2.3947437576278457e-05 0.0 0.0 0.0 6.369686655699437e-06 0.0 5.080115546807998e-06 0.0 0.0 0.0 0.00025175492185922516 2.882117472976401e-05 6.328722863705992e-05
0.005141247595437009 0.0303597487223797 0.004374469136973565 0.02493034500637214 0.00039526844819199594 0.0 0.0036375167903489212 0.00016380491873978312 0.0006018936432745931 0.03616833699600581 0.0012295781309388698 0.003680658062693373 0.0017427180266553763 0.0011853733820321197 7.369941004898948e-06 0.0 0.0 6.347170261600852e-06 0.0 0.0 0.0 0.0008835708638328509 0.0 0.0 1.0186889624167189e-05 0.0 0.0 0.0 0.0 0.0 0.004515312385662583 0.00034503422677665955 0.0009489808073252102 0.0 0.0 2.0738547905018346e-05 0.0007461461457788665 0.0002553294111912165 0.000498537685854855 1.029905584487142e-05 0.0 0.0 0.0 0.0 0.0 0.0 0.0005434052905659554 5.155454562033806e-05 5.133278993566529e-06 0.0 7.237880289627706e-05 0.0017575333897984445 0.0005617448254238589 1.867508705744605e-05 6.803633054489122e-05 8.310903388762194e-05 0.004425317685439906 0.006178312634590855 0.0008063316139014829 0.0006324880537854882 8.007374130870498e-06 0.0005002530565992451 7.417593165423969e-06 3.47685859603309e-05 8.158513252118759e-05 6.836182645574255e-05 4.932274822840453e-05 1.4051650602433084e-05 1.3344274883582443e-05 0.0 0.0036036089952481824 0.012945083937717747 0.001586648244724158 0.001224325196777571 0.00029343473558142923 0.00017422150690126086 0.0 0.0 0.0 0.0003490038285535482 2.1617751178076945e-05 0.00011824013532908346 0.00022410959357535343 0.0 2.115663659598555e-05 6.136176252775608e-05 0.0 0.00018958897783523976 0.00011946685240376966 0.0008582644670530299 0.00017736362933678848 0.00014260552383894986 1.3112188386520145e-05 1.5494264708929355e-05 4.452748372365347e-05 0.02020105222119294 0.01802661402833632 0.0015514180332901603 0.003063912799821849 0.031148064554059083 0.0 1.5541056133598626e-05 0.00013638055775212911 4.2156945325058413e-05 0.0 2.2623293824946297e-05 9.900188569880066e-05 5.0900543948556076e-05 0.00023537553080545616 0.0002659198243889024 0.0 0.0 0.0005298299450221006 9.249187927740895e-05 2.607997037027127e-05 0.0 0.0 0.0 0.0 0.0 0.0 7.321181830037868e-06 0.0 0.0 0.0 0.0 2.0905289833384317e-05 5.736786044825951e-05 0.0 0.00010983906745611074 0.0 3.7085073913214174e-05 5.3582117697413864e-05 0.00013081458828091648 0.0 4.008018147530802e-05 0.0 2.926181301534927e-05 6.690652875974501e-05 6.381209515397292e-05 3.178730418471441e-05 4.4863204403444034e-05 3.513828415086228e-05 4.360409055916835e-05 0.0 0.0 0.0 0.0 0.0 2.1349606439209774e-05 0.0 8.074185964315733e-06 0.0 0.0 0.0 0.0 0.0001340128389200391 0.0 0.0 0.0 0.0 0.0 1.3672540807924629e-05 0.0 8.837889089878241e-06 0.0 7.912771629159834e-05 0.0 0.0 0.0 0.0 0.0 0.0 6.6450621703910445e-06 0.0 0.0 1.084829947156426e-05 1.0702453058204105e-05 0.0 7.9098840263664e-06 0.0 6.341033021692628e-05 0.0 2.2016477524296056e-05 0.0 0.0 0.0 0.0 0.0 0.0 0.0 0.0 0.0 0.0 6.685877006023958e-06 0.0 0.0 9.373315155894072e-05 7.842407934766512e-05 3.7530299321319095e-05
0.014238311185929177 0.12467518645892502 0.001730935969510888 0.028354628873204456 0.17207291360769944 0.0036375167903489212 0.0 0.00021330769059093566 0.09414948237357908 0.1673719383505725 0.03087067199284614 0.021180622017929297 0.1407457629796186 0.04627469192929374 0.0008294921119528046 0.00010703380541969904 0.0 1.302524365895683e-05 0.0 8.339134038240237e-06 0.0 5.760363468063468e-06 0.0 0.0 0.0 0.0 5.473780548162069e-06 0.0 6.344701530436012e-06 0.0 0.002758569119170254 0.00021762996562928503 0.00047476956874405375 0.0 1.5976931383464017e-05 1.742559492192744e-05 0.00024267560057381638 2.2621165027458508e-05 7.064218530601072e-05 0.0 1.9760706384117853e-05 2.0907355203013993e-05 5.192881854513556e-06 2.0621412012525247e-05 0.0 1.126560274725722e-05 0.007786975347960115 0.00026685980096510223 3.2004719520877985e-05 0.0 3.215996960973296e-05 5.270300510637116e-06 0.0 0.0 0.00025379327122134794 0.0005074545542730374 0.0010086284822838777 0.00470943977144033 0.001402185001683846 0.0026249909739084584 1.1633681545286257e-05 8.732741508544884e-05 0.0 0.0017750824584433747 0.0003737103967510087 0.0003012639406111062 0.00013286769799936344 0.00010101521921279125 1.7310836087523002e-05 4.7096126153268585e-06 0.00045800223655759485 0.0 0.0 0.0051715526289813005 0.0040356038283560144 0.0037761070691296516 0.0003902749914518596 5.818373001393589e-05 3.652883240986339e-05 0.0003181728212302432 1.1906494673616286e-05 0.00011361541495547393 0.0010245663433455718 1.7762820526757677e-05 0.00031872202125028356 0.00045995548456428064 4.418528795150421e-05 4.474131241265303e-05 6.684639072624523e-05 0.0 8.173875033375655e-05 0.0 1.0537987595308085e-05 3.4123764479949923e-05 1.662282965084242e-05 0.001083692996853459 0.0002668627240974068 0.0 4.933348834869091e-05 0.001466856770029177 0.0 2.2281437490943956e-05 0.0006294971458413434 0.0004402022795154445 0.00011565477272143468 0.0009233598936003528 0.00040898289053315374 0.0019806386731103906 0.0014348735530477275 0.0008844978064797393 0.0002579394204770422 0.023741968076413024 0.0075380537807320834 0.0011908200248720833 0.0007944803693520505 8.199177000611537e-06 0.0 0.0 0.0 0.0 0.0 0.0 0.0 0.0 4.316827477291994e-05 0.0 0.0 2.274213780983707e-05 0.0 0.0 0.0 0.0 0.0 0.0 1.9164309100222314e-05 0.0001080933474726756 4.08147920262644e-05 0.0002209999536361298 2.0067321605518613e-05 0.00020252329220876562 0.00024130816929144528 0.0003980670066966537 0.00017497726073229382 7.70803894099024e-05 0.0 0.0 0.0 0.0 0.0 0.0 0.0 0.0 2.2471727011632928e-05 0.0 0.0 1.6966582378696198e-05 0.0 0.0 0.0 0.0 0.0 0.0 6.886637722791526e-05 1.516766723457352e-05 0.0 0.00013479741823493185 0.0004944650390805763 0.00014043285756326865 6.6414096177182154e-06 6.526115610760982e-06 0.0 0.0 8.069025017892252e-06 0.0 0.0 0.0 0.0003489948128781542 1.080950045254687e-05 0.0 8.238320908607393e-06 0.0 0.0006326154342681261 3.0101041871894893e-05 0.0001716797900929432 0.0 0.0 3.1550109762953766e-05 0.0 0.0 0.0 0.0 0.0 0.0 0.0 0.0 5.1025154913233364e-06 0.0 0.0005476838771893813 0.0 0.00018242912624889278
0.004015971087675632 0.028792214029603372 0.1465961296509542 0.00010197746788672984 0.008887138070516607 0.00016380491873978312 0.00021330769059093566 0.0 0.009929693778381364 0.0003904949716520355 0.13307016006188577 0.004931958409997095 0.005688097580133939 0.06063598068074288 0.006985067306359564 0.002375287771062338 7.006369400377748e-05 7.742001536273794e-05 2.7518701998109067e-05 0.0005461561096967831 8.964815666906657e-05 0.0 0.00026719152469877164 0.00017107983242498117 0.0003414422650518797 0.0 0.0001854833877216255 2.5720013311261054e-05 2.2141594920777938e-05 3.843835136815421e-05 0.03461149817366528 0.15380992999725474 0.025353221977842278 0.00034772521510267526 0.0004021063389795209 0.0006460349103104491 0.001695038271047838 0.0011167631106382846 0.0013284716541063324 0.00022302859308513036 0.0001239608063372845 0.0002341638723962393 0.0006619471269440265 0.0013349507835490788 0.00015791450388161912 0.0002654309165122359 0.01575442053959638 0.00014898950356605 6.625364797714308e-05 7.626488257228958e-05 0.00014605504740668258 4.470696374983625e-05 0.0 5.0179548583766936e-05 8.916394443602059e-05 0.00028024782670040585 0.0005882587231150094 0.004124999803789721 0.00041779699368071097 0.0021022389899048193 0.00498748139587167 0.006055007480040724 0.0003186563947249367 0.010625214977228336 0.0001805383066160207 0.00014370926073865428 5.208810076275173e-05 7.633370526704893e-05 0.0007153656032451696 0.0014152825087511 0.0022664063978626355 0.0001126532951193721 8.267549258472291e-06 0.0017406377762555507 0.0035333544810109345 0.008372754704842387 0.003607740175529363 0.02091345575783479 0.16995328052124611 0.1597737196238509 0.011122121143967227 0.08229557348543205 0.0004172975855203465 2.651254241621357e-05 0.0001578650251969926 0.00023916885169875538 3.2364842086955454e-05 6.320576645498191e-06 3.139293553055944e-05 6.796500145867629e-06 3.9151766608369184e-05 3.173621056735683e-05 0.000682825327631167 0.00047931974998719184 0.0001526648422013745 0.0004953466085100604 0.00027986163627570585 0.0 0.00041575434014377936 0.0009477058667437463 0.0 1.2424191364912257e-05 3.1145272539029946e-05 1.3140598120591324e-05 0.0 0.0 1.15697893754346e-05 8.854561498806332e-05 5.0035465266650156e-05 0.00014561683820985086 1.5029382611172311e-05 0.00011880824131061165 0.0005478554326975416 0.0001439193432197843 0.0002035911601591793 1.2245913494852694e-05 0.0 0.0 0.0 0.0 0.0 0.0 0.0 0.0 1.3355806861034901e-05 2.2548337953625877e-05 0.0 0.00015717770556508812 0.0 1.416913534814579e-05 0.0 1.7024091624795484e-05 0.0 7.6579976314411e-06 1.6797684894214803e-05 0.0 0.0 0.00011836804256026192 1.2857375886109425e-05 0.00012373283075827585 0.00010008801145727704 0.00010268012467204318 0.00012166028337449929 6.586156223034991e-05 0.0 0.0 0.0 0.0 0.0 0.0 0.0 0.0 0.0 0.0 0.0 9.469130071201895e-06 2.6100577982264887e-05 0.0 0.0 0.0 0.0 6.1572875711580346e-06 3.2792404818697566e-05 0.0 7.201249809615449e-05 0.00010768354900097532 0.00025437538336232495 2.082763926915454e-05 3.519143372277685e-05 5.308422635481246e-06 0.0 0.0 0.0 0.0 0.0 0.0 0.0001407166164568937 1.2083569892022476e-05 0.0 0.0 0.0 0.000131199001238999 0.0 8.046068989452147e-05 0.0 0.0 0.0 0.0 0.0 0.0 0.0 0.0 0.0 0.0 0.0 0.0 0.0 4.3352195740230645e-05 2.359128618875479e-05 0.00016440758993079994
0.0012548284708714362 0.06012030746547183 0.01649804127745494 0.001937129208243744 0.21142701899217836 0.0006018936432745931 0.09414948237357908 0.009929693778381364 0.0 0.051325582034255475 0.07002134910040105 0.03377262571577672 0.12098999734641622 0.04109155803173351 0.001947506623508712 0.0008365261865920513 2.003117862805954e-05 1.5919656027591504e-05 0.0 1.7813249638195532e-05 0.0 0.0 1.1853346588292137e-05 0.0 1.5602713462512215e-05 0.0 1.630925322201419e-05 2.196341070591512e-05 3.909007607893611e-05 0.0 0.0019452609393800938 0.0005203262016749865 0.0018776765318287002 0.0 1.4620613851106014e-05 3.896645567901163e-05 0.00037455648399247745 6.158673271645662e-05 0.00013506913475505881 2.7347947762187556e-05 7.094273127423869e-06 2.074268013086813e-05 1.0098108461899561e-05 5.7179904874536895e-05 6.3583603232556914e-06 1.8368108612451594e-05 0.007114280585519586 0.00010440432873673534 2.6689586416220855e-05 9.49300966871968e-06 2.2764057585645322e-05 0.0 0.0 0.0 0.00010159571245679603 0.00022869722723434943 0.000379280210792824 0.0011410251082707215 0.000335228615634665 0.0009369583645448502 3.162704825037023e-05 0.00022301476729865298 0.0 0.0009646272295193817 0.00014478074952781173 0.00017236586594419255 5.5846685488663574e-05 2.445803530276763e-05 4.197056058188429e-06 3.361209492176474e-05 0.0014235635919287962 5.0875864565389945e-05 0.0 0.0014006309507770141 0.0012320677130210026 0.003352297202704564 0.0006911308602660437 0.00021798527312897773 0.00013183601663306128 0.0016637317534963015 0.00010245234532297067 0.0006457341562195617 0.0004090446177318173 4.526704511625334e-06 0.00018519926882535254 0.00023685589043388904 6.6353889264992665e-06 9.406676425350949e-06 6.139781977850067e-05 4.266098768330598e-06 5.664790668782775e-05 1.9710160327566608e-05 7.809856262454785e-05 4.298336621403728e-05 4.135477419461303e-05 0.002948676534018821 0.00042180236678745255 0.0 0.0001627301584606317 0.0002863626245440528 2.2704499322411026e-05 0.00012907416105492248 0.0007681447881823104 0.00030992613775496816 0.000203644247294296 0.0004433997982565481 0.0006315477248873578 0.0006177576869454669 0.0019532314217874614 0.0015297490893886976 0.0002010728987745783 0.0013049255895027586 0.005969826829870461 0.001789481431077271 0.0016025667863044614 3.546804558517144e-05 3.4366819041163677e-05 0.0 0.0 0.0 0.0 0.0 0.0 0.0 0.0 0.0 0.0 0.00028425656148362726 0.0 3.201017084796438e-05 0.0 0.0 0.0 7.96505337913763e-06 0.00024019842111559452 0.000126075639785684 3.4729816673122004e-05 0.00021463434568902486 9.5874606868661e-06 0.0006636010950619958 0.00045479803361041287 0.0008520154276164065 7.088561647013198e-05 6.145707329069795e-05 0.0 0.0 1.7495113836535563e-05 0.0 1.780435635874644e-05 0.0001166616106840938 2.943231899066991e-05 1.5558070656536393e-05 0.00010090019725188166 0.0 0.0 0.0 5.2136501173790385e-05 0.0 2.6623263175495108e-05 1.7376509688233267e-05 0.0 0.0 5.1752737855723313e-05 7.3638180362588e-05 0.00020929659411106 0.0003284160561002073 0.001035271706652297 0.00033454659544985855 0.0 0.0 0.0 0.0 2.7269836354926208e-05 0.0 0.0 6.92926654561335e-05 0.0008164157033201498 2.0624634445035273e-05 1.8449073777797706e-05 0.0 0.0 0.001361533237339772 0.0001851232839856934 0.0005668071544117688 7.11439611093912e-06 0.00010627072220234357 1.987551080729531e-05 7.5248100310751225e-06 3.242294349157381e-05 1.7284360903124157e-05 0.0 0.0 7.905920280764723e-06 0.0 0.0 0.0 0.0 0.0010086529671714636 0.00014911497278893238 0.00023841715526852088
0.06822873445106939 0.15725762899723905 0.01099346791743287 0.24501400064607168 0.15747349195664434 0.03616833699600581 0.1673719383505725 0.0003904949716520355 0.051325582034255475 0.0 0.02241527266892896 0.21021039920139192 0.22721886160879978 0.02888616578131104 0.001395432168397341 0.00019826806884045006 3.0740425404503304e-05 0.0 0.0 1.3941810895743093e-05 1.6153333176407944e-05 0.0 0.0 7.1997754587855085e-06 0.0 1.527048329703822e-05 0.0 1.440760724661116e-05 2.163584793884369e-05 0.0 0.004593765849452108 0.0005894502966965319 0.009087809325263494 0.0 1.4493935534678482e-05 1.172100634446809e-05 0.0035488465653872414 0.0007310225856821858 0.0009499630788855755 7.280750187863351e-05 0.0 2.4160713749170284e-05 1.03753033155056e-05 3.409544840107549e-05 0.0 4.278747968040032e-05 0.01627295347715297 0.0006323806367256598 5.860520763554066e-05 0.0 0.00011241717352036777 0.0 1.567323879883769e-05 2.4629167628187096e-05 0.0006668974101250564 0.0012397069853116928 0.0028728205510265554 0.011143879357128147 0.0037591730262332254 0.006385393160427732 6.831197166373866e-05 0.0019902918262281128 0.0 0.0022372439480557254 0.0008830766218219765 0.0007967997757297023 0.00021996287396446642 0.0002343362212481561 1.8403642583366782e-05 4.3631302101357435e-05 0.020078610029906536 1.9468713266131804e-05 8.453593572439219e-06 0.011436349444183157 0.007058507278134275 0.0069569351261535815 0.000702840088354579 6.52595753664585e-05 6.297793953501575e-05 0.001405577436958335 2.1609117060891843e-05 0.001609983824476127 0.002561205451310557 3.7186359283071846e-05 0.0007604599786537393 0.0010140743659716649 6.098095554251306e-05 5.5967935272391226e-05 0.00011769361563157838 8.107091643360535e-06 0.00015522868889028047 3.518854230440133e-05 3.440099079971995e-05 7.517310677914001e-05 7.71509851115079e-05 0.031986811419337756 0.0217654374076391 0.0 0.0021027932269887476 0.009327085143089645 0.0004976776328396439 0.0007835638398397763 0.004823886232067593 0.0029952230528262733 0.001478321099688842 0.004027598651405791 0.004503459730834369 0.0036894725860504895 0.013619716395951473 0.012171259795334899 0.0009769081234779816 0.009583032128045354 0.034274193218602436 0.008813198267894323 0.006203230164092152 5.1652432644485483e-05 6.892570556516392e-06 1.1890776953058769e-05 0.0 3.606693538567861e-05 0.0 7.611593513130403e-05 2.378580456367112e-05 1.0791535502797759e-05 0.0 0.0 0.0 0.0015165645511238705 1.2045746076323516e-05 0.0 3.0918728051069936e-05 6.931273839110445e-05 2.1327552870263328e-05 0.0 0.0013572331580875203 0.0008135317823156703 0.0 0.000533332338187218 6.56910076930754e-05 0.0030637452655407874 0.00300583448343938 0.004060229011921864 0.0017741823561865998 0.0009537881865508603 0.00010982103313214178 0.0 0.0 5.301479713115993e-05 9.036377454076039e-05 0.00022327269371047272 0.00011020826516119919 0.00012457839645427072 3.865896336926046e-05 0.0 0.00010068612178887162 1.7807414770779636e-05 0.0002247967729722279 0.0 1.4018344039503832e-05 0.0 1.3563388401540865e-05 0.000233467719939563 0.00041688442388557596 0.00048608362343748436 0.0010194574840773774 0.001905943849050624 0.004273541083990311 0.0015267252713057366 3.8072846353680015e-05 7.418310990386913e-05 0.0 9.791964985193481e-06 0.0 0.0 0.0 0.00022994950945232962 0.0040581049710279055 0.0001728505652833676 5.138451138971212e-05 0.0 5.278156149969955e-06 0.0061529206974158925 0.0005425206671842093 0.0034151583006919906 0.00017965580113009933 0.0002660962638421371 0.0002194559134292157 2.3100045356182144e-05 0.00015822794750836944 5.739729592972354e-06 0.0 0.0 1.1621509838421146e-05 4.548681273399851e-06 7.322107480342144e-06 0.0 0.0 0.00532668932245305 0.0006288098381021622 0.00255043847279498
0.0035975613828677076 0.05345560847866499 0.12229822347983631 0.0006095233496036668 0.12115382573841879 0.0012295781309388698 0.03087067199284614 0.13307016006188577 0.07002134910040105 0.02241527266892896 0.0 0.0491519059338037 0.18479028627921282 0.11321545605433957 0.003802021740059798 0.0016409088457599937 4.556596277243639e-05 5.494408476891485e-06 0.0 3.123520481781623e-05 1.253734765483916e-05 9.629666971136285e-06 5.424721528012381e-05 0.0 4.9561034303066845e-05 1.4965690635497815e-05 1.2176376741159474e-05 0.0 2.3814270788178426e-05 0.0 0.0092123032496856 0.016937599326161932 0.020888782214243604 2.62671340868278e-05 9.280704734905162e-06 0.0 0.0037578879614754406 0.0006991334738388449 0.0004892532403629118 1.0057431383645973e-05 2.8422480097473942e-05 5.2604340099901625e-06 2.4394282872415874e-05 0.00022190577133755697 7.483313841497674e-06 2.1843443849723753e-05 0.009360846409927551 0.00011056265444353982 5.204879134768863e-06 7.292030782875039e-06 2.9144423411423734e-05 1.7067163104692686e-05 4.991349547762694e-05 2.1195025316045795e-05 9.480593070858659e-05 0.00010280971175040121 0.00046968771636409987 0.0018877587560719143 0.00039500423746692195 0.0008626629258863904 0.0002625387087572006 0.0015710311227317224 0.0 0.001664041605025056 0.00012938441941392343 0.0001472465967072281 4.223283378410509e-05 3.575118952589099e-05 4.2576794634618286e-05 7.291797933261558e-05 0.006564986484622064 7.628484847274998e-05 0.0 0.0012844940435804166 0.0016520875860376912 0.0037324021862531168 0.0012783496281479787 0.00036035305448983045 0.020531619642710167 0.02985590372090369 0.00016298783710738072 0.01939601932539123 0.0002784092993723036 1.0835631243497391e-05 9.473958269135377e-05 0.00014594922050307826 9.941817264217344e-06 1.3230490756966288e-05 2.6471575948357364e-05 0.0 3.046306380500466e-05 3.078584024643955e-05 0.00013050923418372575 7.880536947479606e-05 0.0 0.006042082153097374 0.0008008723092753436 7.360125543856565e-06 0.0006655190137517147 0.0008016891961644001 9.779305181139022e-06 5.461158701716445e-05 0.0006784010412713026 0.0004926318758662555 0.00048458098873813176 0.00050861746019705 0.0006527728273964008 0.0008296757608740672 0.0022600347761617336 0.002623156179161147 0.00018805408808791812 0.0016700923372633015 0.0077340548061126954 0.0025722577154481245 0.0018330452543616127 1.9566706333729504e-05 2.351417079707781e-05 0.0 0.0 0.0 1.0340157096926114e-05 5.609711205179208e-05 1.7818538431395523e-05 0.0 0.0 0.0 0.0 0.00020465912077372942 0.0 1.176231373706163e-05 1.2293098865984444e-05 0.0 0.0 0.0 0.00032556666660916696 9.819017164889072e-05 0.0 0.00019177972848343413 0.0 0.0008691476934710863 0.0005675626793078763 0.0009608092708674487 0.00025362331924872546 0.0002401337891192417 8.756609262892293e-06 0.0 0.0 0.0 1.2062657528991858e-05 0.0 0.0 0.0 3.5308150892300406e-05 0.0 2.6704212483876696e-05 1.305934901647414e-05 3.1778061556515574e-05 0.0 0.0 3.187724191433225e-05 7.968197517885305e-06 0.0 0.00013136500433192402 1.0743025084067695e-05 5.207513373000955e-06 0.0006552516396264388 0.0013917017357298266 0.000544085528576608 1.272270367743958e-05 2.8600124680012693e-05 0.0 0.0 1.0156614714643497e-05 0.0 0.0 0.00013128059622315497 0.0015406663706201966 0.00010255432294843599 2.1890548449442442e-05 0.0 9.642285150658858e-06 0.0019483416795059367 8.089941047845923e-05 0.0006156180982977896 0.0 8.519579951774788e-05 6.93240235945465e-05 2.245690273192049e-05 1.7100206045586675e-05 0.0 0.0 0.0 0.0 0.0 0.0 0.0 0.0 0.001088598444962818 0.00018727078872738073 0.00027777526013227105
0.0037054397554901657 0.010006153680309545 0.006730238544136187 0.009720646611349137 0.007772767061271022 0.003680658062693373 0.021180622017929297 0.004931958409997095 0.03377262571577672 0.21021039920139192 0.0491519059338037 0.0 0.11385009555530456 0.03429980931775644 0.000856784383434886 0.00030357732827965934 6.726358448977695e-05 8.151270137593798e-06 0.0 7.763104034219702e-06 0.0 5.574966613779388e-05 0.0 0.0 0.0001819580039400641 0.0 0.0 1.069956709066014e-05 2.1546529621902697e-05 1.9499552088956502e-05 0.0017644722408880547 0.000968362148221267 0.020896685991108745 1.9119587504954e-05 1.998917105137609e-05 2.0249148462451434e-05 0.035031696739806294 0.0031225698790570697 0.004852499695923484 0.00031433815082428833 0.0 6.816364958179171e-06 0.0 0.00015057783623912994 0.0 0.0 0.0037447345365571373 2.0270354179325812e-05 9.268888323151491e-06 8.404142637500638e-06 0.0 9.532149315156322e-05 0.00017488506288970072 0.0 3.825716870040531e-05 8.996080447440963e-05 0.0002388268600850244 0.0006715236309639341 0.0002533169936646925 0.0006834766737569206 0.00018922511500765437 0.0019470966119590513 6.989306959675304e-06 0.0010015031500704814 5.6267574915990406e-05 7.62008625556614e-05 1.5196897566558985e-05 1.1943029615417263e-05 2.3869999098949248e-05 1.5293316830427346e-05 0.02655834051553161 0.00015032676845999838 1.5909539284223106e-05 0.0008488159963767216 0.0008957034292676119 0.0009555656477175077 0.0003076739577217253 0.00024801620789198655 0.00019397213222018052 0.006024494830516582 2.0620723721158725e-05 0.0013912597382050632 0.0001988396123145696 1.7008602343633183e-05 6.541869356359785e-05 8.851187483626027e-05 0.0 1.18114980767841e-05 6.514380961480659e-06 0.0 0.0 0.0 0.0 1.4763644662202299e-05 1.3425610705474383e-05 0.06934065817024383 0.01254974420057748 3.300836379177534e-05 0.0062538386034284394 0.0026026037404845437 8.156148086753488e-05 0.00033130688281273824 0.002849072832909558 0.0011565127487327199 0.0005535377734582391 0.0015160648590247354 0.0023017219311629836 0.002337193347839708 0.0054602232334734725 0.006995396554855955 0.0007410296271012753 0.004364070672827012 0.02157025138167323 0.006831434595181385 0.005604516470537496 8.751583001561261e-05 6.92814516090319e-06 0.0 0.0 0.0 0.0 3.7822074406042896e-05 6.569211371635118e-06 0.0 8.497893967087289e-06 0.0 0.0 0.00046289388663016466 0.0 0.0 0.0 1.3820041796427174e-05 0.0 0.0 0.00036103032477046576 0.00032006826614145573 8.004703520726016e-05 0.0001731621011190732 5.3329668380247846e-05 0.0021163506759660127 0.0007879488306594213 0.0022758251444111727 0.00042037713340066865 0.00041185664276359983 1.2882592423948915e-05 4.725324092204593e-05 9.49257657537603e-06 3.166365157533074e-05 1.527174937654969e-05 0.00017412718075671008 9.301424832240887e-06 0.0 8.737200833841053e-05 1.007459852986731e-05 0.0 5.082204404566381e-05 5.4855867519948214e-05 0.0 1.0730075890410613e-05 0.0 0.0 2.1583012037508675e-05 0.00016545613418781656 0.0001072392883900559 0.0002027339346389555 0.0005568737423298112 0.002296547314549485 0.00038943221559056135 5.60875235435545e-05 3.301496623538039e-05 0.0 0.0 1.038332074542963e-05 0.0 0.0 0.0 0.003266743753811674 0.00021693653611073608 1.596702672699617e-05 7.622904186821677e-06 3.395946650624172e-05 0.0038610312438003484 4.626971368830213e-05 0.001122619163454318 6.299291544695148e-05 0.00012020298324120013 0.00013919254462809073 0.00016845141320333937 2.7490187211647896e-05 0.0 0.0 0.0 0.0 0.0 7.904365802710913e-06 3.230441069961188e-05 0.0 0.0037839573711073373 0.00026720772357909653 0.0007187346046515031
