0.0 0.09583801500249857 0.025310116776769614 0.11165641746294881 0.0029930059000716977 0.004787072042862652 0.04026045080065355 0.0024602857531610114 0.001416440821079282 0.06221554337380154 0.008761410267440534 0.02128021879214548 0.01443278621742734 0.0019808326383609063 5.7889985455662535e-05 3.24526790366578e-05 1.3024722924911058e-05 0.0 1.3063490178030151e-05 1.537499267322512e-05 0.0 1.5108774514126186e-05 0.0 0.0 0.0 0.0 0.0 0.0 0.0 0.0 0.11862353237230985 0.0005285043358816356 0.00038942389710862915 6.887436262713436e-06 0.0 0.0 0.000274040619773497 0.0 1.3822887764952995e-05 9.266714783725377e-06 0.0 3.360895393789145e-05 0.0 5.196573420261774e-05 2.009314024062703e-05 0.0 0.000956746015581567 0.00013271328281392513 0.0 5.428049084885847e-06 0.0 1.2938304928964693e-05 0.0 0.0 0.0003546327855277589 0.00018725802781037847 0.0074730195952832385 0.0746437058605315 0.002885535221855669 0.0008788185307532883 8.308521789744607e-05 3.381669669606828e-05 7.0248237091688615e-06 0.0008233740420431682 9.454883373948445e-05 1.3460902319241047e-05 2.7173697680044473e-05 0.0 0.0 1.4563670197579873e-05 0.0011540534944762901 0.0005706343526139103 7.004214648680484e-05 0.008540581985409213 0.003700829883703712 0.0006442834114420777 0.00023945722711450713 0.00010929603050788476 2.2152380728255194e-05 0.0019140807439839134 4.853769787133337e-05 0.00024138499106059332 0.0002126837036065169 4.850495623530404e-05 0.0 6.738704278607268e-05 0.0 0.0 0.0 4.2541231082270294e-05 2.383063277946973e-05 2.439921684113213e-05 2.4588806273255414e-05 6.8105984715549325e-06 0.0 0.010048763472743203 0.0009079079540565667 0.00025204519460125894 0.0001956009162756583 0.11173692053458621 0.0 8.394126173441104e-05 4.529966761076947e-05 0.0017301103770792944 2.771487298040368e-05 0.0011385210988199008 0.0002731563289321393 0.0 0.001321200103082842 0.0003200262850691945 3.8058151110721545e-05 4.942224842900365e-05 0.0006712127915535043 0.0002700933837173498 3.5443527896911e-05 0.0 0.0 0.0 0.0 0.0 0.0 2.035395252634215e-05 0.0 0.0 0.0 0.0 0.0 0.0 1.118099185536445e-05 1.018618899172303e-05 4.316907813581445e-05 6.9957354821497075e-06 2.4462106426190625e-05 1.7647781546967848e-05 8.188146010063887e-05 2.0939246824947905e-05 0.0 0.0 0.0 0.0 0.0 7.983467507104977e-05 5.0875601051130325e-05 0.0 0.0 0.0 0.0 0.0 0.0 0.0 0.0 1.9255589893528567e-05 0.0 0.0 0.0 0.0 0.0 9.19062038706031e-06 0.0 0.0 0.0 0.0 0.0 6.492179170990304e-05 6.704721913692266e-05 5.8538467789621086e-05 7.07786224952186e-05 2.291493811421728e-05 0.0 0.0 0.0 0.0 0.0 0.0 0.0 0.0 0.00013021794834536235 5.3317960344161335e-05 0.0 0.0 0.0 4.371774399231196e-05 0.00010697801325493462 9.861721379928116e-06 0.0 7.906197583756629e-06 0.0 0.0 0.0 0.0 0.0 0.0 0.0 0.0 0.0 0.0 0.0 0.0007148246586899995 0.0 0.0
0.09583801500249857 0.0 0.16054459164725435 0.11392034339834015 0.24450086222548648 0.0022437334067334164 0.24570343234704464 0.03536986344877398 0.29433590822370614 0.03379554653725091 0.09586310887953205 0.007480868994945429 0.0497411872908103 0.0637095873595844 0.0004170903600608479 0.00041740065997398026 5.789386381971982e-05 2.405810106608235e-05 1.395037867910398e-05 5.28481727651106e-06 1.7017121810450527e-05 6.906835035252976e-06 1.3999260467321517e-05 3.9864878813081385e-05 0.0 2.529068787018555e-05 0.0 0.0 0.0 5.153388407561827e-06 0.1910933011180816 0.003865009363544449 0.0015903366134431697 3.1652005923011086e-05 7.473178485055392e-06 1.1492307790630149e-05 0.00024329428535310938 2.7736680212056904e-05 4.1425414321430406e-05 0.0 1.5190631335441801e-05 3.216348864691994e-05 8.149781193082054e-06 0.0001658773913739829 2.4532807860799078e-05 2.8972237118007314e-05 0.006362836670220341 0.00010469262193265851 0.0001074661403811044 0.0 1.9333502800971837e-05 1.54934481412785e-05 0.0 0.0 0.0013047873063707113 0.0004758376904179863 0.003297709272292316 0.02815906586346017 0.004482306737984956 0.0035157561773462302 0.00011680703669871009 1.6582511638965734e-05 2.4355826836283292e-05 0.004365024788903473 0.00026833027345783347 5.646864348980945e-05 1.0044294498893216e-05 3.369066029258614e-05 1.5935321927496443e-05 4.1212745891923975e-05 0.00011045325886097367 3.460719270433855e-05 0.0 0.0189387140606909 0.012014820145415746 0.004695017755504181 0.0021440064420141353 0.0003453276327297582 8.039348128530011e-05 0.006435622097820451 0.00018297481965330514 0.00041492496711022643 0.0007654710568673657 5.2597678119602685e-05 1.1535516043719064e-05 0.00012234616342132938 2.2189985465336125e-05 5.060679615728435e-06 1.3322192951515394e-05 0.0 2.220426390345893e-05 1.1113727813330193e-05 8.506731419818933e-05 4.376771082860442e-05 2.2950521732000754e-05 0.0027400441611405385 1.9568982566116614e-05 3.1703875193708607e-05 0.0 0.03948656924465939 0.0 0.0 8.667259738710197e-06 0.002134450239880146 0.0 0.002936800506128909 1.032717472575324e-05 3.080481975309988e-05 0.0015051476507063905 0.0 0.0 5.015256970705552e-05 0.0001575174609499684 1.375923690817877e-05 2.2396619835731153e-05 0.0 0.0 0.0 0.0 0.0 0.0 0.0 0.0 0.0 0.0 9.716803650173752e-06 0.0 1.0495911867847146e-05 0.0 0.0 7.951180647747047e-06 0.0 0.0 0.0 0.0 0.0 0.0 0.0 0.0 3.10569273213297e-05 5.1635566736450286e-05 4.784203754775914e-05 3.081623684247773e-05 1.3216821623818139e-05 0.0 0.0 0.0 0.0 0.0 1.7416402121390423e-05 0.0 0.0 0.0 0.0 0.0 0.0 0.0 0.0 0.0 0.0 0.0 0.0 0.0 7.625301231980962e-06 0.0 3.735052298000512e-05 4.6439427931325894e-05 4.3593707851367955e-05 0.0 0.0 0.0 0.0 0.0 0.0 0.0 0.0 9.717895650501794e-05 0.0 0.0 0.0 0.0 7.745103450779974e-06 5.384333913227186e-05 0.0 0.0 0.0 0.0 0.0 0.0 0.0 0.0 0.0 0.0 0.0 0.0 0.0 0.0 0.00011129959238669972 4.084912269401473e-05 2.920704003165272e-05
0.025310116776769614 0.16054459164725435 0.0 0.004734066319130704 0.0385196116142067 0.00010621423674173046 0.020710939234034047 0.1613767920841236 0.18606697607153277 0.006398545238862628 0.17515369975005268 0.0031258245293838446 0.02566688010956222 0.07951253887647902 0.0003680933546354401 0.0006478947404505243 7.541928670510159e-05 1.3562518933668502e-05 7.696364581022833e-05 4.107096760103903e-05 0.00021514585497097778 9.2699664518236e-06 0.0001603592952170264 0.00016176765037406694 1.2786985167273519e-05 4.61260014906513e-05 8.946924051916575e-06 7.273905309231838e-05 6.347359914935373e-06 0.0 0.2300895500331184 0.02828079250862718 0.009360940610322806 0.0004711175008745276 0.00017148994382125136 9.73928574696831e-05 0.0004168016305061734 9.579590506635627e-05 3.218836480173245e-05 1.2658746885913027e-05 0.00039726148538937446 0.00035537876675594476 6.131085351739929e-05 0.00015244514822842608 0.00015411638992555656 0.0002912262547641733 0.0024039472806789276 0.0001413184028177339 6.244677768400659e-05 5.600824790812304e-05 1.612338186393516e-05 7.867416922720812e-06 1.7852492129608977e-05 5.420743905610876e-05 0.0002970983060179083 0.00014927199987002675 0.0010672132842257402 0.008877951993745766 0.00153059933488142 0.0011266167240350903 0.00019130356127668174 0.0006844516746628033 0.0005415622210538893 0.006432457054796001 8.810366952777435e-05 2.5708429392673926e-05 4.847051080067285e-05 6.71700699187111e-05 0.00022770755734206324 0.000996654556530548 0.0003369253362684603 0.00015071550661197876 0.0 0.005895218225425581 0.0046758219544908225 0.00272856122796664 0.0019430435876147878 0.0005497052456501257 0.0006810477507316685 0.04869262440284472 0.00038989507066899666 0.014474431132753316 0.0001751359586136509 0.0 3.365770909578445e-05 4.699268326805611e-05 0.00014980910363301 6.698373215468608e-06 6.007538252143376e-06 0.0 1.4425879520443973e-05 6.03116945705939e-06 0.00050662733687867 8.851345767270296e-05 0.00012372192591919297 0.00418305614649649 4.501842612928576e-05 0.0 5.7232322174880534e-05 0.006397052218670604 0.0 0.0 0.0 0.0 0.0 0.0 4.006109374242008e-05 0.0 0.0 5.0807992872567044e-05 0.0 2.0077854718982047e-05 9.494967930055347e-05 5.790484142738312e-05 1.5425785834458855e-05 5.501921740092233e-05 0.0 0.0 0.0 0.0 0.0 0.0 0.0 0.0 0.0 1.0410111132659196e-05 0.0 1.8199010301916024e-05 0.0 2.0692969217541715e-05 0.0 3.0397279668873828e-05 1.533398381506702e-05 1.1590120032837002e-05 0.0 0.0 0.0 1.7730851536451443e-05 0.0 2.6405631130080915e-05 0.00018316586309950774 0.00011537556629325238 5.030638582420329e-05 5.2673931424910306e-05 1.1333271027985038e-05 9.281115879456656e-06 0.0 0.0 0.0 1.8625197322166536e-05 0.0 0.0 7.950938312067156e-06 0.0 0.0 0.0 2.2677159139650574e-05 9.235329333642335e-06 0.0 0.0 0.0 0.0 0.0 0.0 0.0 4.3748899024863305e-05 0.0001017615152731623 7.911917103073681e-05 0.0 0.0 0.0 0.0 0.0 0.0 0.0 0.0 2.5521835388462753e-05 8.964347391393395e-06 0.0 0.0 0.0 0.0 0.0 4.2629548533084665e-05 0.0 0.0 0.0 0.0 0.0 0.0 0.0 0.0 0.0 0.0 0.0 0.0 0.0 2.5020916613157054e-05 6.206454926359155e-05 4.15186837628183e-05
0.11165641746294881 0.11392034339834015 0.004734066319130704 0.0 0.0027805393962739475 0.013066636727068152 0.05652845041306333 5.611766147441521e-05 0.0007614846597626202 0.10003039754291268 0.00036136622143861707 0.20001650301123766 0.0948206597960006 0.0020868197588979854 0.0 3.953896513263925e-05 0.0 0.0 0.0 0.0 0.0 3.1232119133848255e-05 0.0 0.0 0.0 0.0 0.0 0.0 0.0 0.0 0.018449177509710292 6.585903885639112e-05 2.468184926982767e-05 0.0 0.0 0.0 3.480682118995506e-05 0.0 0.0 0.0 0.0 0.0 0.0 0.0 0.0 7.419162954504409e-06 0.0011276866122255163 0.0 5.895689410904096e-06 0.0 0.0 0.0 0.0 0.0 0.00035554667360038135 0.00013377440570294614 0.0019515481149717344 0.016111852251347522 0.0010963213624104748 0.0006657407942971624 1.2760032275138653e-05 0.0 1.7033594181019566e-05 0.00036365295255938576 4.915932265834259e-05 5.998118445766595e-06 0.0 0.0 0.0 8.320531012451778e-06 0.00018147211944200244 4.594048756861997e-05 1.2605632665319017e-05 0.004688558808947267 0.0022454977748541565 0.000533895805190185 0.00026906428638228763 7.360946922282316e-05 0.0 2.7781730812220412e-05 2.8562326812059696e-05 2.1544669386080425e-05 0.00017051044237011915 0.0 0.0 6.9192835410388994e-06 0.0 0.0 6.228102454826612e-06 0.0 0.0 0.0 0.0 0.0 0.0 0.008064341916458344 0.00012897289118553486 1.3775239008483756e-05 4.137882032107611e-05 0.04670025456202213 1.262367972121785e-05 7.17158974507191e-05 0.0 0.0022404169287385096 0.0 0.0012235872236862184 0.0006528555971331281 0.00017464414580015293 0.0025372799660418137 0.0002230424127592056 0.0 0.00021419410840403585 0.00014766624839720804 0.0001800797370864859 4.132556506906184e-05 0.0 0.0 0.0 0.0 0.0 0.0 0.0 0.0 0.0 0.0 0.0 0.0 0.0 0.0 0.0 0.0 0.0 0.0 0.0 0.0 0.0 0.0 0.0 0.0 0.0 2.4821816002187524e-05 5.189941318405913e-05 3.461255289148763e-05 0.0 0.0 0.0 0.0 0.0 0.0 0.0 0.0 9.773047377847022e-06 0.0 0.0 0.0 0.0 6.653762593609165e-06 0.0 0.0 0.0 0.0 1.2985517679845929e-05 0.0 1.777386860257979e-05 0.0 1.630219828327244e-05 2.328278629566038e-05 0.0 0.0 0.0 0.0 0.0 0.0 0.0 0.0 0.0 3.376535728637577e-05 9.720703864169394e-06 3.434583863947023e-05 0.0 0.0 3.651812772858895e-05 0.0 2.4449119617378064e-05 0.0 0.0 0.0 0.0 0.0 0.0 0.0 0.0 0.0 0.0 0.0 0.0 0.0 0.00019147386267572583 3.738245169900989e-05 9.369551518573925e-06
0.0029930059000716977 0.24450086222548648 0.0385196116142067 0.0027805393962739475 0.0 5.137896255022575e-05 0.10434709391911007 0.00677227447522383 0.2877844359302657 0.0032056042146157288 0.023144392615844018 0.002733425510901269 0.05657766064409167 0.07286668258374425 0.0005644921447496887 0.00033319240540083785 7.290285314152395e-05 1.3168299862993887e-05 2.6942454319992235e-05 5.66629386041103e-06 0.0 9.512020068874954e-06 0.0 1.5019041286624582e-05 0.0 0.0 0.0 0.0 0.0 0.0 0.021111627363814316 0.005294659064788138 0.0004259303927245833 1.5134849932600456e-05 0.0 0.0 3.0478720348181758e-05 1.9304940462241632e-05 6.434786484172433e-06 0.0 1.3958804809875304e-05 4.1443191232636906e-05 0.0 8.404237877979347e-05 1.118462391102578e-05 1.2211354003903449e-05 0.006487330462592413 0.00019324709640895175 0.00012736935251556368 1.4164242399556108e-05 1.256744840828228e-05 0.0 8.943607827182321e-06 2.851150782817155e-05 0.0009863824674857357 0.00046644028718026805 0.0016004838782594892 0.007381120764773654 0.002560197342410515 0.002745679575575575 8.891280998912157e-05 3.674807796956242e-05 0.0 0.003968450864462798 0.00023704591360433568 1.880167579810026e-05 1.6920165688555423e-05 7.983823462464288e-06 7.179375275377947e-06 3.565634480668031e-05 6.86345729616499e-05 1.66990795702993e-05 0.0 0.011112367600043006 0.00760165163487934 0.005015618614497683 0.002546905944960747 0.0003138386407547616 0.0001450382197496297 0.0007336861238648603 0.00015457195319474082 0.0004818778034520843 0.000517483978813953 0.0 3.053939862016124e-05 5.905167020299606e-05 0.0 0.0 8.597755084815963e-06 0.0 4.031159732653914e-05 1.1605431377136396e-05 8.016055200386829e-05 2.0291952333092427e-05 6.526583537669184e-06 0.004425139549979711 2.8136805221749863e-05 0.0 0.0 0.001272604211376838 0.0 1.953776397010825e-05 0.0 0.0 0.0 0.0005721771886790161 2.9178464781595305e-05 0.0 0.0 2.388650853431759e-05 8.415805682272878e-06 1.8042316448569535e-05 0.00011638214528048591 6.633824524863962e-06 8.573792654698129e-06 0.0 0.0 0.0 0.0 0.0 0.0 0.0 0.0 0.0 0.0 0.0 0.0 1.3608287602260537e-05 0.0 0.0 0.0 0.0 0.0 0.0 0.0 0.0 0.0 0.0 3.371781579324026e-05 1.4752009713911582e-05 7.65004400285163e-05 8.566438462038719e-05 1.850233114610332e-05 2.0970186337652787e-05 0.0 0.0 0.0 0.0 0.0 0.0 0.0 0.0 1.0269637879001206e-05 0.0 0.0 0.0 2.0631767540220823e-05 0.0 0.0 0.0 0.0 0.0 3.1523515870770055e-05 0.0 2.4929389207763134e-05 3.756021683835878e-05 5.881749547507824e-05 0.0 0.0 0.0 0.0 0.0 0.0 0.0 0.0 0.0 9.591060234501325e-06 4.943496310676584e-05 0.0 0.0 0.0 1.0756721670614715e-05 0.0 0.0 0.0 0.0 0.0 0.0 0.0 0.0 0.0 0.0 0.0 0.0 0.0 0.0 0.0 8.414305932299839e-05 9.865944973011348e-05 1.6407601889287706e-05
0.004787072042862652 0.0022437334067334164 0.00010621423674173046 0.013066636727068152 5.137896255022575e-05 0.0 0.0016570699810587992 2.2945784268094665e-05 0.00014298963408648465 0.014352405372358663 0.00038750861493982595 0.00992901969855657 0.010120364839272752 0.0012220763064083274 8.217045235116305e-06 3.8147494018869885e-05 8.558868153625444e-06 0.0 0.0 0.0 0.0 0.0004799905696518705 1.2053269203345127e-05 0.0 0.0 1.591143100626776e-05 2.9220520450436215e-05 0.0 1.149221840451871e-05 0.0 0.0016153121070140327 3.134070736837817e-05 0.0005769594896517742 0.0 1.1331739545942437e-05 6.305473285162979e-05 0.0023320863428408457 4.199608008631023e-05 0.000302190045817592 0.0 0.0 2.284119457228297e-05 0.0 7.065559939687083e-06 0.0 1.1127975959493021e-05 4.9716997145104276e-05 0.0 0.0 0.0 3.604503683613116e-05 0.0004572431341582303 0.00040358510584288104 3.631520238522899e-05 1.932064411225233e-05 0.0002974508845685706 0.003904258531454972 0.00171139394931226 2.5644607212519453e-05 0.0 0.00020128725447496928 0.00019409405315451027 1.218575431817782e-05 2.0595777712219835e-05 0.0 8.663633642122965e-06 4.5278317738053095e-05 0.0 0.0 0.0 0.015804066418937626 0.013151622880663518 0.00241038033108618 7.093345364132065e-05 0.00013260743376712118 2.2488301680462043e-05 2.1668409063088165e-05 1.5233967708623776e-05 3.8996566235732385e-05 0.00021786257698762801 0.0 0.000559253491427018 0.0 0.00048824729735456917 0.0 0.000349778055485494 0.0 0.0008329617254690157 0.00021594277436453376 0.0010072775148649363 4.0223288317746404e-05 3.427382720173974e-05 0.0 0.0 2.0734881372014822e-05 0.045928931030949194 0.013925692199633584 0.005409790505692911 0.00352274505989317 0.025994163341657245 0.0 0.00010351692541576797 0.0 0.00011408035557947742 3.113171270805174e-05 1.3016915048077168e-05 0.00037126402302583666 0.0 0.00028545908669064924 0.0003662633095727333 0.0 7.361076383167043e-05 0.0004290574873720131 7.957613766187063e-05 7.928061923203269e-05 0.0 0.0 0.0 1.2297884229078613e-05 0.0 0.0 8.578245076226631e-06 1.0615653502726179e-05 2.138183520346782e-05 9.204471261616755e-06 0.00025524775099032066 2.2250065346958502e-05 4.407296390256725e-05 0.00010963962674752683 3.9760627791314125e-05 0.0001270719152638669 0.00012790990608585893 0.000375207317651059 0.00012120836413273995 0.0 0.0 8.600508177048174e-06 7.682890170972385e-05 3.069478147720667e-05 3.6869355555789627e-05 2.7852277310902388e-05 7.25145087247287e-05 4.5270178139427876e-05 7.534617830114795e-05 1.7919631031087222e-05 0.00010632959845714914 0.0 0.0 0.0 1.0072389546896423e-05 0.0 0.0 0.0 0.0 0.0 0.00020797234243133097 0.00015393845594577495 0.00024234305722561374 0.0 0.0 0.0 0.0 7.357871891072076e-06 3.181296994953666e-05 6.457291920673868e-06 5.758889280859752e-05 1.3002996637347639e-05 0.0 0.0 0.0 0.0 0.0 0.0 1.2013066309958468e-05 0.0 1.2570166242659431e-05 4.585488348287717e-05 0.00018621383564404237 0.00019181930076585295 6.253521381971337e-05 0.0001516447517151353 2.4235312011540334e-05 0.0 0.0 0.0 2.9318827295793007e-05 0.0 0.0 0.0 0.0 0.0 9.482894101053193e-06 0.0 0.0 0.0 2.61989103531115e-05 1.2200470251657154e-05 0.00044904751427743563 5.718750745473332e-05 4.634348932133263e-05
0.04026045080065355 0.24570343234704464 0.020710939234034047 0.05652845041306333 0.10434709391911007 0.0016570699810587992 0.0 0.004765689630125586 0.22628357852713976 0.055095170860519134 0.04088761805742596 0.05095524880593785 0.27858481684026204 0.18227517303790314 0.0008519942125942963 0.0007243832543854169 7.828271268396639e-05 0.0 6.654247264968949e-06 0.0 1.2361138807425471e-05 0.0 6.6988176630782425e-06 0.0 0.0 1.8540604789251488e-05 0.0 0.0 3.6466636362507e-05 0.0 0.031575175708815295 0.0028433540713017585 0.0007554299013107524 4.671738943910942e-05 0.0 1.1302142811267121e-05 0.0003443188702384581 5.8557590458394196e-05 2.1653500452879737e-05 0.0 6.406045373219355e-06 3.5049979718661656e-05 0.0 0.00019654740942219538 1.0340375068054235e-05 2.900462667207548e-05 0.007905521743313496 0.00013659650798590476 0.000253768467953856 2.884983277018651e-05 1.383197535294894e-05 0.0 0.0 0.0 0.0011960768025653225 0.0005345092739911152 0.0024584039813487953 0.013486344252384501 0.003331443133885738 0.0032082743014150957 6.570526643912006e-05 8.824973288952362e-05 8.619583173228522e-06 0.00424455320071921 0.00018159209646030825 1.193548115159046e-05 1.1947744926079413e-05 2.7005686055221727e-05 4.223132049531217e-05 1.3993419084939208e-05 0.0006899576798584198 7.872029444706691e-05 0.0 0.014735828994829883 0.010002439697032163 0.00580083963299781 0.003650945006530005 0.0005884570697332107 0.00010944926362895013 0.00136395208426935 0.00015212702603736413 0.0007726258668529634 0.000786425052400701 0.0 2.5229765276168145e-05 0.00011117693974412489 4.776105522056708e-05 7.490026773881972e-06 0.0 0.0 4.9214314483866256e-05 0.0 4.090209340024093e-05 3.917111794437517e-05 7.727263572023865e-05 0.03645235101831391 0.0003684390345646577 0.0 7.4888309863467665e-06 0.007591735767862411 4.578149599562008e-05 0.00010199681775585269 0.0023832667823137 0.0013455010066229542 1.887272186582725e-05 0.0023555269775604585 0.00024346684226169855 8.596739658590055e-05 0.001808703354915128 0.0006005967574290916 7.447736118885892e-05 0.0011315676072140156 0.0016794652089541396 0.0005096570826019039 0.0002999205503254662 8.987783436632773e-06 8.050754789528199e-06 0.0 0.0 0.0 0.0 0.0 0.0 0.0 0.0 0.0 0.0 8.467016971872318e-06 0.0 0.0 0.0 0.0 0.0 0.0 6.982797041155219e-05 2.0340393646416396e-05 0.0 2.2932594850762845e-05 6.505453157515332e-06 0.0002555493074519861 0.00047631728563981955 0.001066122897813604 0.00029740075981681463 7.775613463219412e-05 0.0 6.010478558620097e-06 0.0 0.0 4.415895284517872e-05 0.0 0.0 4.976806144420936e-05 2.1252761658554917e-05 0.0 0.0 0.0 8.43121430845689e-05 2.891924158230571e-05 1.6432966191586554e-05 0.0 0.0 5.205583937566082e-06 5.8711522280897324e-05 6.3077514391897656e-06 0.00011583818907888203 0.0003681739789215969 0.000410526027278551 0.0001473934419851068 0.0 0.0 0.0 0.0 0.0 0.0 0.0 0.0 0.00036167161256446317 9.890349318132325e-05 0.0 0.0 0.0 2.7535284364381512e-05 8.836009891449206e-05 8.518166883008582e-05 9.683494908926322e-05 0.00018148711942468036 1.3402111583981375e-05 1.1436583495582223e-05 9.426584823564873e-06 9.55711933481024e-06 1.1798241688808406e-05 0.0 0.0 0.0 0.0 0.0 0.0 0.0007508437616356663 0.0002438343438236651 0.0002700655712287766
0.0024602857531610114 0.03536986344877398 0.1613767920841236 5.611766147441521e-05 0.00677227447522383 2.2945784268094665e-05 0.004765689630125586 0.0 0.017174355032504744 0.0011246962083094625 0.13780177454727438 0.0010233364667231592 0.012101486009049119 0.07478017378113361 0.0005118703323799984 0.0007694317519889476 0.0001966085842836828 6.745167540030415e-05 0.000296312356783173 0.0007529761850156741 0.0017321642573797735 8.33103407918125e-05 0.0006785281285668596 0.0005318066799459668 8.067960722118428e-05 0.00014199801783771593 4.391225214351174e-05 9.812317278866092e-05 7.537798585231285e-05 3.174410291657066e-05 0.09265223261992196 0.14224794304651794 0.01656835928889172 0.002320384611336554 0.0008504950024140549 0.0002631977408164276 0.0005281100393429978 0.00024020325253915924 0.0001356885258523007 8.726270860393507e-05 0.001229653880422697 0.0016763023221213328 0.0007908873188162017 0.0005311364335836423 0.0005419846558438174 0.001652287873755949 0.002299501118105435 0.0006319200866476382 0.0006578506827373376 0.0006072251368500006 0.00010693374478324623 0.00014458700759771432 3.463952564720281e-05 0.00030731434550154517 0.0002547162571990089 6.587529819006124e-05 0.00044492644408448474 0.0037879979497962694 0.0005980951267021572 0.0007496166442684042 0.002763044214199833 0.002103398737302602 0.0020284691166545556 0.005633970578199055 0.00010329437485505286 0.00029406113975765676 0.00011269478047293627 0.0005347197698415242 0.002383826875191365 0.008189613889915478 0.0005430006864191563 0.00025614500381101546 0.0 0.0034512299464918524 0.003358962439986111 0.001808286579259232 0.001975858030618237 0.0009445209532242964 0.020264281689849728 0.15632533456808773 0.01265658467510797 0.08682304677437618 0.00047233013967809545 5.07874603861808e-06 0.0003146392299447815 8.117173934173581e-05 0.0009939865042583951 0.0 3.145247774847519e-05 0.0 4.4910251553815994e-05 6.401025349883234e-06 0.0022892796176269786 0.0004071003994063803 0.0005410242606740046 0.000901072938775494 0.0003392858933650216 0.0 5.945511838967639e-05 0.0011917669136471644 0.0 0.0 0.0 0.0 0.0 3.254300419885292e-05 0.0 0.0 0.0 9.484117697600844e-06 4.302111432601817e-05 8.766194273205078e-06 0.0001162733574169738 6.33641756512714e-06 0.0 0.0 7.863900572414843e-06 0.0 0.0 0.0 0.0 0.0 0.0 0.0 0.0 1.5744530252174353e-05 1.2745116712677113e-05 0.00011572888029297606 1.9480763440024828e-05 0.0 1.4401775065726858e-05 0.0 3.677712597283143e-05 6.813140016656746e-06 0.0 0.0 8.930929897043711e-06 4.3391793564246235e-05 3.56863631458479e-05 5.617692148675992e-06 0.00010824597957853351 0.00013696960213891015 6.279951166718496e-05 4.981541224697381e-05 1.066021545881384e-05 1.5618578268908576e-05 0.0 0.0 0.0 8.642299958224547e-05 0.0 0.0 0.0 0.0 0.0 0.0 1.925514792886647e-05 0.00011432672654571116 0.0 0.0 0.0 0.0 0.0 0.0 5.996619937267329e-05 4.0264227156783874e-05 2.8372901751063552e-05 6.380456115873395e-06 0.0 0.0 0.0 8.595172819374493e-06 0.0 0.0 0.0 0.0 1.2708174425999827e-05 4.877937457694817e-05 0.0 0.0 1.1030359373552309e-05 9.004620800490179e-06 0.0 3.170520406723194e-05 0.0 7.1144198779662656e-06 4.211034582868483e-05 7.32811873070175e-06 8.961657862618196e-06 0.0 0.0 0.0 0.0 0.0 0.0 0.0 0.0 7.330812927418315e-05 7.87484937788668e-06 9.259015362040027e-05
0.001416440821079282 0.29433590822370614 0.18606697607153277 0.0007614846597626202 0.2877844359302657 0.00014298963408648465 0.22628357852713976 0.017174355032504744 0.0 0.0031190607429154383 0.09068034803088476 0.002657714691890311 0.11636847370900652 0.20084576363672996 0.00037934112188876297 0.00041332239132731125 2.1935432193779523e-05 6.406891561740944e-06 0.0 0.0 7.379494888017842e-06 0.0 2.284299818537593e-05 7.750445264117263e-06 8.23156600891901e-06 0.0 0.0 0.0 0.0 0.0 0.015761466778997424 0.0021394540257325357 0.000814217279625351 1.6369588459041717e-05 0.0 0.0 0.00027125686264257564 1.769894069466896e-05 8.094385143698894e-06 0.0 1.657433181659037e-05 1.9148601670393345e-05 0.0 7.95489687532998e-05 0.0 0.0 0.003276434709361182 3.4891338737854405e-05 0.0 0.0 0.0 9.910090191183914e-06 1.4241293227613536e-05 6.8324697632546815e-06 0.00028840706100596283 0.0001697754705313251 0.0004459436942836551 0.002911634249188326 0.0011306679141524789 0.0012469513563091806 2.1114179914332813e-05 4.891268800308017e-05 1.6030011614877148e-05 0.0017663476020004442 0.00010628385312826397 1.238930834385487e-05 6.909638283025501e-06 8.21654616266079e-06 6.9368950879392385e-06 1.3166374585471466e-05 0.00016424042378810342 3.755886412853906e-05 0.0 0.004038025625870591 0.003733281106739932 0.0024702398809097626 0.0018435822302495112 0.00034474002879335085 7.650448276370076e-05 0.002628254017277691 3.4519607723048445e-05 0.0005107436919542426 0.000199058333325182 0.0 1.206011667607059e-05 5.756168963535064e-05 1.1315019377208913e-05 0.0 0.0 0.0 0.0 0.0 1.9615918716641907e-05 8.575154303128997e-06 1.5062070270901119e-05 0.007000024860928012 4.161169994355713e-05 0.0 0.0 0.00033899510048094147 2.3748801284219024e-05 9.238639599302497e-06 0.0 6.842790581634733e-05 1.75324600552993e-05 0.0002499269692118735 6.563667402015197e-05 0.0 4.634531627413247e-05 0.00015873928814920228 9.426162722483092e-06 1.528992540074045e-05 0.0003007717717817192 0.00012854042578413499 5.095183548603664e-05 2.3419894162222818e-05 1.2898730717895139e-05 0.0 0.0 0.0 0.0 0.0 0.0 0.0 0.0 0.0 0.0 4.522471834950979e-05 0.0 0.0 0.0 0.0 0.0 0.0 6.57526669008353e-06 0.0 0.0 4.946227503311497e-05 0.0 6.0952995723677625e-05 0.0002386513214372149 0.0002142278973473375 7.29368898829901e-05 1.785307015979626e-05 0.0 0.0 0.0 0.0 0.0 0.0 0.0 0.0 0.0 0.0 0.0 0.0 6.15095608294785e-05 0.0 0.0 0.0 0.0 0.0 6.86911806894325e-06 8.053362381034579e-06 0.0 7.518764905298005e-05 0.00017537873029913078 3.79947108078987e-05 0.0 0.0 0.0 0.0 7.460543758203975e-06 0.0 0.0 0.0 7.997536831385972e-05 0.0 0.0 0.0 0.0 7.073370299468515e-06 2.41665423101179e-05 0.00012355139807533326 0.0 2.432627529125319e-05 0.0 0.0 0.0 0.0 0.0 0.0 0.0 0.0 0.0 0.0 0.0 0.00016023092037355122 0.00012703178089983237 7.220244442907447e-05
0.06221554337380154 0.03379554653725091 0.006398545238862628 0.10003039754291268 0.0032056042146157288 0.014352405372358663 0.055095170860519134 0.0011246962083094625 0.0031190607429154383 0.0 0.006511540532959262 0.17581707882175768 0.32356986645873026 0.01209217583771755 0.00018367188383541842 0.00023142227678265976 1.9802133326468997e-05 0.0 0.0 0.0 0.0 0.0001429701484107812 0.0 0.0 0.0 0.0 0.0 0.0 0.0 0.0 0.008487701286527918 0.00032455247546569907 0.0003836146093062177 1.0518218668545388e-05 0.0 0.0 0.0008068464452583527 3.068977585496628e-05 0.0 0.0 8.35336650389811e-06 7.99462378767324e-06 0.0 3.9058727820572193e-05 1.3185950640465352e-05 0.0 0.0012821594814123203 3.220469961700779e-05 0.0 0.0 0.0 7.895694517027148e-05 0.0 0.0 0.0002919323439640045 6.0440183133066414e-05 0.002189239141053628 0.0068997349474448025 0.0005947326173428082 0.0005720297790631107 1.942171745775806e-05 9.416011042489458e-05 7.979724612665461e-06 0.00041824486362730657 3.2025635896095545e-05 1.1097730678920281e-05 0.0 0.0 0.0 7.379063848324922e-06 0.010582966452808748 0.0010742355127581402 5.73229745895614e-05 0.0028604789426070597 0.0015403673284678445 0.0009327111951282086 0.0006715285405433073 0.00018132950588756509 4.056920958946486e-05 0.0009046424956677092 3.747212732212857e-05 0.0003348307068261358 0.00012179872861022214 3.718578388003993e-05 8.138312954984871e-06 7.043915986664086e-05 1.0716564463462798e-05 7.674258005214208e-05 8.589445155989502e-06 1.8667278317072347e-05 0.0 0.0 2.8087435782635503e-05 7.753927349747183e-06 0.0 0.028721384851578866 0.0018101538471816886 0.00023991279187345993 0.0001603403905510473 0.03674472006607076 0.00014836691235666462 0.0006051850840843711 0.0002583844576242668 0.0018517264575855358 5.784745554384151e-05 0.0007495759174730863 0.001751185221642111 0.000180043343531215 0.003204561279317438 0.0030245540154969245 0.0001199412181750082 0.00120502366504014 0.00466549961456052 0.0016362194653437257 0.0006163756064855727 0.0 1.097534222196374e-05 0.0 0.0 0.0 0.0 0.0 0.0 5.067728902429946e-05 0.0 0.0 0.0 8.268009074163926e-05 0.0 0.0 0.0 8.731431021288781e-06 5.184466270103634e-05 0.0 0.00019331481483038574 0.0 0.0 0.00013638631306873755 5.9598674470999885e-05 0.00032395213847771775 0.0004321716662229299 0.0010364759172186875 0.0002677029830811277 0.0002443730341901264 0.0 0.0 2.331558057017755e-05 1.658208407539937e-05 4.229083774102201e-05 0.0 0.0 0.0 0.0 0.0 0.0 2.3272512355329885e-05 0.00013745233779279182 1.040247259284752e-05 0.0 2.3331101971838824e-05 0.0 0.00012503789308122225 2.5084967224485196e-05 0.00028898814670848846 0.0001626998333007527 0.0004498844553092078 0.0007020209473949184 6.666208517129645e-05 0.0 0.0 0.0 0.0 0.0 1.923224422757964e-05 0.0 0.0 0.0008193552841865457 7.187265586070164e-05 2.0267626896044266e-05 0.0 9.803302590209917e-06 0.00022768578884439165 0.00017908751350874892 0.0002598252296477984 5.7748049249314056e-05 3.6367845838969435e-05 0.0 0.0 0.0 0.0 0.0 0.0 0.0 0.0 8.573869129482353e-06 0.0 0.0 0.003787930579484081 0.000137277721527513 0.00011680065750989064
0.008761410267440534 0.09586310887953205 0.17515369975005268 0.00036136622143861707 0.023144392615844018 0.00038750861493982595 0.04088761805742596 0.13780177454727438 0.09068034803088476 0.006511540532959262 0.0 0.01861534591495069 0.12633100482486598 0.2649518557408706 0.0013636211624837194 0.0026114166951338035 0.00011009676271568289 8.544955701970006e-06 4.571524946548767e-05 3.009305850790857e-05 0.00044244278890456 7.056447323579934e-05 0.000521036063700919 0.0005751500749035868 7.237152322474989e-05 0.00012112642438097653 0.00015228788379373497 4.9493547757379705e-05 4.6936794601881044e-05 4.422519043669999e-05 0.08586489817996674 0.0207572345546697 0.030684230977240576 0.0009831801837243135 0.0009001996116372935 0.0006959338202457425 0.013646976114657485 0.0028240660148827882 0.0003096785406128419 6.300036126640159e-05 0.0006459894134115874 0.00036063201782379187 0.00010060172749774918 0.0009114016862002193 0.00011866190130502558 0.0006498104546521995 0.005523926430631511 0.00011073406185392187 0.0001349115340991103 4.5046856375206854e-05 5.215712377170743e-05 2.9536404015996263e-05 8.14785025443924e-05 0.00014772150093222335 0.00041376148719182156 0.0002661386302892309 0.0008525018502256445 0.006207153126738063 0.0015730636909283184 0.0019899082083941694 0.0004137484517172372 0.001620253116503771 0.0017084702333944105 0.004697202722026848 0.00013701210076559213 5.671651465294673e-05 2.810844102223334e-05 5.116050438364584e-05 0.00015902687058211336 0.0010946148573957935 0.004718146293153232 0.0003574019980485811 0.0 0.007132627851708806 0.007101875041264645 0.00526034382500097 0.004996717200186674 0.002593907325000857 0.0010914029780353094 0.07850373235755317 0.00027639493672630103 0.014058363412874158 0.00038183265993053727 0.0 4.384275493846012e-05 5.904054361848037e-05 5.194313888341536e-05 0.0 2.1758083693027827e-05 0.0 1.9533112416187044e-05 1.3368997505821065e-05 0.0008653118299700845 0.00022784883358095568 8.701662019713147e-05 0.008178991945616866 0.0014063836668984904 6.49226364086561e-05 0.000350397205766985 0.002379901425013522 2.635423063987893e-05 2.7742073174113514e-05 0.0 0.0 2.4584272411047594e-05 8.83964979322476e-06 4.447078573012222e-05 0.0 0.0002333387636776093 0.00014235016286573784 0.00011059877647085367 0.00010095642549243163 0.0008110971635502772 0.0004516667458418802 0.0002592452607750762 4.353589539743899e-05 7.990882978909666e-06 0.0 4.195667223272585e-05 0.0 0.0 0.0 2.2586301136913413e-05 2.6258916242897188e-05 0.0 4.867892345809593e-05 0.0 0.00019941740974955624 1.0657895392632576e-05 0.0 3.137308947360372e-05 4.213551546789655e-05 1.6220464119565297e-05 1.541183961471688e-05 2.3915176646612997e-05 0.0 1.802667238929979e-05 0.00011970527062254692 8.380437236723209e-05 0.0002899411233276417 0.00045569723959834493 0.0010266019613630515 0.00037056243342353725 0.00025988991738346527 0.0 2.997966676306801e-05 8.2585645872886e-06 0.0 3.966950411319019e-05 0.00011176919573104299 0.0 0.0 2.5623880559635585e-05 5.968643375520729e-06 6.99960987349093e-06 2.859176165855542e-05 0.00019964272978995737 2.293067602890403e-05 0.0 0.0 0.0 0.0 1.7502161639649215e-05 0.0 0.0001879203267542174 0.000687579686014465 0.000249223320749474 3.042496503053295e-05 0.0 0.0 0.0 0.0 1.542200430535562e-05 0.0 0.0 0.0 0.00036431055575283726 0.00012668625540995177 0.0 0.0 1.5618769952458654e-05 7.716319434493407e-05 4.0803338134558434e-05 9.8584204501507e-05 6.013180005543482e-06 0.0 6.252981936788823e-05 7.830906172325958e-06 1.740305627836359e-05 0.0 0.0 0.0 0.0 8.257015724613225e-06 0.0 0.0 0.0 0.0004755857641049269 0.00045278428626490227 0.0003613101336400493
0.02128021879214548 0.007480868994945429 0.0031258245293838446 0.20001650301123766 0.002733425510901269 0.00992901969855657 0.05095524880593785 0.0010233364667231592 0.002657714691890311 0.17581707882175768 0.01861534591495069 0.0 0.15545307532526392 0.018591389135524865 0.0015226303713633922 0.002978488727536108 0.00011400584927605888 9.141893038179758e-06 2.06391945329021e-05 0.0 4.318703779195988e-05 0.0 6.157948361173845e-05 6.072091908643101e-05 5.72531918455427e-05 2.1887016703109984e-05 9.591517096848664e-06 0.00014819802524453933 4.2231476424417674e-05 3.1358965971407396e-05 0.0019538916380549935 0.0008264339943129935 0.004763611045986853 0.00013658029135893234 7.927393613043432e-05 0.000211574269510623 0.005186156552035679 0.00136910910771211 0.0002278802751456531 4.0966494107172204e-05 5.510915770624876e-05 0.00011356979502228487 1.0070703128927342e-05 0.001075949849982541 1.720314076401147e-05 0.0001521268621628265 0.0038253476543967657 3.028252180629683e-05 0.0 1.5058502771875826e-05 1.9482603304151876e-05 6.280930937817731e-05 1.2374566587721117e-05 1.7954641584578482e-05 9.25784514886448e-05 8.591939425770164e-05 0.00035362931469425584 0.002110282920904038 0.00037836134532704335 0.000601782558052701 0.0006828971454045536 0.002136873809715964 0.0002188803198035904 0.001413150804352897 6.117704523982259e-05 1.744610512622045e-05 4.625435796031469e-06 6.686642778111214e-06 3.782065767512193e-05 0.00014521855473968238 0.010951537015063668 0.0007664696372873943 1.1461878771939463e-05 0.002274601590314555 0.0019924890933168083 0.0024144476588728093 0.0026714671935549926 0.002391195098490731 2.3956144784431435e-05 0.0016338563647157042 0.00021141298617704382 0.0019934088212820444 4.846661207644574e-05 8.285363536675988e-06 5.929142163108844e-06 5.525309616149339e-06 1.5326388478542543e-05 1.2129322879670534e-05 0.0 0.0 6.189518939825465e-06 0.0 6.456492858496585e-05 1.9068794770566658e-05 2.772638591155658e-05 0.08287720133769175 0.00501689320333896 3.0676828773314356e-05 0.0005682867187627046 0.004066487202616916 0.00036866581457821224 0.000454502617558716 0.0003452008052591899 0.001563998718611745 0.00027642201624876044 0.0005333559960075622 0.0015859160550838543 0.00027206555418700764 0.003326144489074377 0.002675042324664434 0.0005720290525526605 0.0017795411792625733 0.008229241558845569 0.003274179552891099 0.0014710655572102696 0.0001071374681459455 9.166160920503946e-05 0.0 7.945952553407086e-05 0.0 0.0 2.9316628397451694e-05 0.0 7.763598430414999e-06 0.0 0.0 1.495003371882783e-05 0.0002067657689720136 0.0 7.98350465200017e-06 3.5430495898453206e-05 4.59967665541483e-05 6.13490551550688e-06 3.6621479426757267e-05 0.0002595357641474731 9.286136002110678e-05 0.0 0.00037513445555550137 0.00010927733589926751 0.0017488127528530219 0.002747275377381012 0.006137592313536369 0.0012910393048001505 0.0006205897489738768 1.7224421610786234e-05 3.641140120812443e-05 1.8368781839955032e-05 9.207368166170477e-05 5.560050471878824e-05 7.813740761439584e-05 8.358716759257031e-06 0.0001150189574221433 8.119604143907716e-05 0.0 1.7377928352670535e-05 0.0 0.0002906289956379624 0.0 5.259121451056688e-05 0.0 0.0 0.0002098294968118677 0.00019999586104474208 0.00016224204133785656 0.0004780942860044635 0.001929853091690556 0.00301773949049213 0.0007057414774293475 0.0 3.913058978486079e-05 0.0 0.0 0.0 0.0 0.0 0.0 0.00235940716310806 0.0002977709404791767 8.55048373637279e-06 7.445603366267038e-06 1.5918843101263797e-05 0.00046221597553201967 0.0005908322215954113 0.0006427356348079571 0.00022205643230476283 0.00044054326054130777 0.00017384392210001098 0.00011478748165820132 3.213299556818273e-05 0.0 0.0 0.0 0.0 0.0 6.803538955109555e-06 7.713059523009352e-06 9.854086812832506e-06 0.006250878900086129 0.0014654631446241646 0.0013169371969946235
