0.0 0.13383847194432305 0.04541923269957779 0.05511592251636608 0.004220068510972231 0.0196880755895942 0.025397693798513758 0.006066862005374705 0.00039898205391116057 0.07413869981570527 0.003616168592538926 0.04005663983435652 0.020557425786685044 0.0008563435600122029 0.0002861013692976842 0.00010537624521401141 5.4517308066705894e-05 0.0 0.0 0.0 0.0 1.2103831180374264e-05 5.732969815082554e-06 7.579809767375747e-06 2.0600305946678933e-05 0.0 2.9780939964782766e-05 0.0 0.0 0.0 0.07640610927051447 0.003381038852576619 5.144813049069983e-05 5.637923728906577e-06 6.950254840764751e-06 2.545808271494942e-05 0.0001713131361746745 4.149166093175746e-05 7.917563243143086e-05 3.571989393229492e-05 3.6671291289067474e-05 6.181354210979108e-06 0.0 5.680511317416715e-05 1.4235662087848434e-05 5.280444144077183e-06 0.006685375012498157 0.0003018522723916774 4.417052845640566e-05 3.0135234347809088e-05 2.6690818742968056e-05 0.0 0.0 5.590222150432876e-06 0.00039044376317416295 0.0013891164659306948 0.005725371650665537 0.047618589018238525 0.0035932623832175517 0.001983556778783498 0.0 3.08750574833649e-05 0.0 0.009106411971147981 0.0003452036846937789 0.0003084483195532846 4.893341017104579e-05 7.858948724178895e-05 2.101484273711327e-05 8.740502338835658e-06 0.00016564320473369315 9.242751419981714e-05 0.0 0.009559842965726862 0.005584151510536231 0.005997515792899315 0.002170133621088944 0.00016862167421386124 0.00017651360905199755 0.0011791995234385591 0.0001242556117519631 0.0004025610036206088 0.0007689562344683741 2.8829273173407236e-05 0.00039156817856723545 0.00017714349214809037 0.00012221072384813268 1.3440820219903661e-05 5.0498654603535396e-05 2.757248241560019e-05 2.3677369379395473e-05 0.0 2.611434942539209e-05 6.409191001390049e-06 1.1576202711461775e-05 0.0007711781996412424 0.0006373065522142542 2.7757281456608083e-05 1.5528910424027902e-05 0.07898124870891794 5.2770034921660864e-05 0.0016384515789632063 0.0023438896117297997 0.0006504287315210439 0.0001478857219290756 0.0027398142429652713 0.0008134919992428162 0.001014362762575983 0.0017585694028732467 0.0031968189631124346 0.00024765792971007865 0.0012641317762629568 0.0010695996456279858 0.00036020650121414176 0.00017235262885747577 0.0 0.0 0.0 0.0 0.0 0.0 0.0 0.0 0.0 0.0 0.0 0.0 0.0 0.0 0.0 0.0 0.0 0.0 0.0 5.590561693970614e-05 1.4503184544219433e-05 0.0 7.541813428407405e-06 1.5474713513793027e-05 0.00011421952380168958 9.792661617796042e-05 0.0002444258183170915 0.0 4.568843770418963e-05 0.0 0.0 0.0 0.0 0.0 0.0 0.0 0.0 0.0 0.0 0.0 0.0 0.0 0.0 0.0 0.0 0.0 1.0140541406212113e-05 1.0982896528098399e-05 0.00021769767449091347 0.0 0.0 7.878623370299485e-05 1.9137328261265307e-05 0.0 0.0 0.0 0.0 0.0 0.0 0.0 3.475336069047247e-05 0.0005095758097788601 0.0 0.0 0.0 0.0 0.00022715228574211405 0.0001246822125000535 9.072262199906166e-05 7.443176123924546e-06 0.0 0.0 2.38749022353682e-05 0.0 6.308440639718053e-06 0.0 0.0 0.0 0.0 0.0 0.0 0.0 0.0002887860030957561 5.4337174719367987e-05 0.0002261754827533395
0.13383847194432305 0.0 0.1933973398845063 0.08885821624337639 0.0919301681310852 0.012974250867821911 0.13018104975170702 0.08167556116942867 0.05349324696923587 0.06951169612309677 0.05933241945072076 0.009330105249863207 0.021888708921058608 0.11185580085618102 0.0030577994207799915 0.002230414060729472 0.00015129585407836136 1.4539556817172564e-05 3.3632812476407454e-05 1.5762935353460622e-05 4.033303153945464e-05 2.6718298741723105e-05 3.3700569219109726e-05 6.635885445022319e-05 0.0002693034927483833 2.809077949717271e-05 0.00010467816672822425 7.149924620798018e-05 5.5971500692382835e-05 9.510644978234084e-05 0.17304404408475393 0.01966211837135268 0.0012591071849803522 0.00010430186960697062 4.9428989440548504e-05 0.00010983734991801485 0.0006522774444633625 0.00019065691194130254 0.0002195709740399791 0.0001664012454708392 9.918697904193123e-05 5.228467365647887e-05 0.0 0.00013240624576244745 5.1537675542706604e-05 0.00013248166973758895 0.02708692541130678 0.0002838549573630182 9.654703176521869e-05 1.2139849179454974e-05 4.520564305998346e-05 1.837990750339601e-05 5.4671638156234994e-05 1.9052382709652346e-05 0.0003914011981035615 0.001518218451493734 0.0035448204525282355 0.01834804813185162 0.003402061733601438 0.0039532784515038145 0.00013508340997560902 0.00016838065890154556 3.9530348565183284e-05 0.025590962638863807 0.0005191018146737535 0.0003772784664063493 6.492182266446705e-05 0.00014999147594878945 7.991586531268912e-05 4.309872459798886e-05 0.002231373991425072 0.00041887856870585934 0.0 0.01301637228365856 0.013102799861237524 0.020464815368343287 0.013249086581561712 0.0015605730214919272 0.0006527523788890988 0.010844824477253283 0.00021750505718492072 0.00122789022197805 0.000940203307888836 5.7619257374361574e-05 0.0004967282099707507 0.00028810506680389643 0.00017635319850405791 3.399098848908608e-05 7.865325980187589e-05 6.135774546541352e-06 2.871509396737068e-05 1.797557939428575e-05 3.746891280846135e-05 2.0087265636763565e-05 5.811118575837889e-05 0.0026845507516146997 0.0002946572138389111 5.450276512424249e-06 5.357202473113182e-05 0.04334770559936908 0.000282756196525958 0.0010846011480719717 0.004578667908897405 0.0011327222408840155 0.0006506012857382607 0.009926906331459796 0.0014539920940790953 0.0048057339154332366 0.004083783410547424 0.007202419083321855 0.0010477964633469367 0.00568763603442596 0.004786175659001188 0.00248113043771257 0.0018754145836623944 4.535427446781453e-05 1.54900955259543e-05 0.0 6.586631867297458e-06 0.0 0.0 1.2315106133398761e-05 1.165836721317613e-05 4.340005410478668e-05 1.5568890696681874e-05 0.0 0.0 0.0 0.0 1.2599908764047545e-05 0.0 0.0 0.0 0.0 0.0006167221443076009 0.0002680455324206474 0.0 0.0 0.0 0.0011806868691064485 0.0003691405307834425 0.0012946653477622333 0.00020036095623848768 9.64033000582733e-06 0.0 1.297486850143272e-05 6.214676558810457e-05 0.0 2.5602226032196557e-05 6.114923664549299e-06 3.9902792958074174e-05 6.370323614845345e-05 6.884222293061637e-05 0.0 6.883087311450318e-06 2.374795471927923e-05 9.235767889501331e-06 0.0 0.0 8.707049562281276e-06 0.0 3.0142438693464964e-05 7.325531093885954e-05 0.00019366469711826464 1.073880462689057e-05 0.00010222172725748454 0.0014656863212665588 4.9513292171542926e-05 2.4462340524644476e-05 0.0 0.0 0.0 0.0 0.0 0.0 0.0 0.00453671981222985 2.8213177857049732e-05 0.0 0.0 0.0 0.0019903857106720476 0.00010472252181705291 0.0012800898372746566 6.090841804840652e-05 0.00016808671087733987 2.553582578550584e-05 7.346830412016537e-05 9.03798610951824e-06 0.0 0.0 0.0 0.0 7.011181089976542e-06 0.0 0.0 0.0 0.00373489387493549 0.0005929242434984062 0.0007932405635597164
0.04541923269957779 0.1933973398845063 0.0 0.0006632277128339594 0.03289307441552675 0.0026199960932639754 0.009919244005713734 0.06216871891911115 0.0474527791365047 0.001319581906081774 0.08548115593533295 0.004638542395430508 0.011044362789981686 0.11344184272005832 0.0008493625183057743 0.0009807263821887606 0.00011627994894557539 6.126878543144608e-06 6.589850165738621e-06 4.969133157383482e-05 0.00012094006606511883 8.343675512824347e-06 4.413266543628931e-05 2.8900420223838733e-05 0.00013227811702268383 4.3356153045894496e-05 4.354878247178284e-05 2.1432092519570727e-05 6.015601119813183e-06 5.855234856107578e-06 0.2558535583361956 0.043901190376272034 0.002153682536241121 9.093170791247438e-05 4.6431061934086836e-05 5.5188712060647954e-05 0.0009056505902060164 8.696519470647934e-05 0.0001025115405326791 0.00012265208056915972 0.0004067296855426574 0.00013086754949519843 3.02478309751655e-05 7.043653040669097e-05 5.637713868252143e-05 5.261610292408842e-06 0.009076940194804073 0.00019273065312129355 3.645035118542319e-05 0.0001057592148039624 4.8586182619474866e-05 7.178951677616006e-05 1.6052866564562713e-05 8.756314141142175e-06 0.00019449199093907416 0.0006368774832028027 0.001861613520521456 0.013878418801361203 0.0019302536516507412 0.0013982510709159223 8.058159626317395e-05 0.0003618506359119247 2.073538451429009e-05 0.01703198643500665 0.00022115262648041053 0.0002209692035137072 3.335785632866317e-05 8.060361298589619e-05 0.0001762818533399477 0.0001735095311646505 0.0018524990960947616 7.276638409361148e-05 0.0 0.007089167054429094 0.006336784167984966 0.007896827730903739 0.005054858853626327 0.0005229697297318515 0.00031949227192024814 0.03215537958072573 0.00023369850754661225 0.002477778807833369 0.0004281609609015723 0.0 0.00021582540000532867 0.00010218650031466901 0.00011141807658487966 1.7951068303811654e-05 3.579353581662809e-05 1.160279283018725e-05 5.00465083784934e-05 1.0713635332853485e-05 0.00014859207970203153 7.72718047298577e-05 2.834363081987646e-05 0.0014112130037595128 0.00026492488024942623 8.395501118863077e-06 0.00011899569032039611 0.015171013621114239 0.0 2.4042259348106553e-05 0.000561656269253822 8.822482431676413e-05 7.811894954126937e-05 0.0006108041283920995 0.00016756410051137045 0.0003839434300914412 0.0004938867549784466 0.0009501185036093407 0.00027661811267314817 0.0008189052476094732 0.0004954922882747792 0.0004002596158393384 0.0003749966061076974 0.0 0.0 0.0 0.0 0.0 0.0 0.0 0.0 2.6638924612903997e-05 0.0 0.0 0.0 3.845485513084502e-05 0.0 0.0 0.0 0.0 0.0 0.0 1.9181394337198076e-05 3.930586572281466e-05 0.0 0.0 0.0 0.00031419181130237843 9.3664165420276e-05 0.0004120380790983705 8.151186770955345e-05 3.3653411171340314e-05 0.0 0.0 7.133421891210292e-06 0.0 0.0 0.0 0.0 0.0 2.6728307910919024e-05 0.0 0.0 0.0 2.006154628592454e-05 6.935869456944619e-06 0.0 0.0 0.0 0.0 4.272538426512058e-05 0.0 5.586811332111037e-05 1.2796508388056305e-05 0.00034458103903998 3.950246534682342e-05 0.0 0.0 0.0 9.391204618731957e-06 0.0 0.0 0.0 3.678298824724784e-05 0.0009710836599019946 1.7279365041677352e-05 0.0 0.0 0.0 0.00030226970863406774 0.00014437946502290225 0.00028240427391327763 7.724330293067063e-05 0.00015569611830472212 0.0 2.504643745192391e-05 0.0 0.0 0.0 0.0 0.0 0.0 0.0 0.0 0.0 0.0005115841049208668 0.00020796296592546975 0.0002496232383791639
0.05511592251636608 0.08885821624337639 0.0006632277128339594 0.0 0.008677278656657779 0.017654502454867955 0.044162362972726125 0.00016025435884459906 0.0007063414633056383 0.17354798963896867 0.00046109812586356724 0.14063333177999635 0.04581221446166192 0.0006087841235663092 7.964091336029334e-05 5.742132129878404e-05 7.92915363918464e-06 0.0 0.0 0.0 0.0 0.0 0.0 9.678533781470985e-06 0.0 0.0 0.0 0.0 0.0 0.0 0.005820473433821909 0.0009932606048476602 4.8070767276164695e-05 0.0 0.0 7.236189283205993e-06 5.546855951858099e-05 2.2882994593582517e-05 0.0 1.273522646652259e-05 0.0 0.0 5.90139907243485e-06 0.0 0.0 0.0 0.0029879672895242195 6.305527669416956e-06 1.3213356349358444e-05 1.107980068750532e-05 0.0 0.0 0.0 0.0 7.228647817991513e-05 0.0001659883891505498 0.000992163480196511 0.007211364079065961 0.0006840770141119306 0.0005310134317677398 0.0 0.0 8.171112438760551e-06 0.0022294835408252314 5.99668662422388e-05 4.8644537586212515e-05 1.5340079186971913e-05 1.3612248685276007e-05 0.0 5.301003682424141e-06 0.00025705479804927125 2.0286107907614795e-05 0.0 0.00216985249871122 0.0015688267762359795 0.0015698391212848562 0.0006798986996697507 5.984236228356996e-05 8.420759074598235e-05 0.00011849702886820324 4.92987094193095e-05 5.985363145576218e-05 0.00012873827495340384 0.0 7.921709272980194e-05 2.5641276802085228e-05 1.889124636642403e-05 0.0 1.8179569357733408e-05 0.0 7.06631635982353e-06 0.0 0.0 6.201562738502458e-06 6.125903823845584e-06 0.0007591842865912893 7.957431919527246e-05 0.0 6.299247232728401e-06 0.02098120934241573 1.1068095665220047e-05 0.0007899709201129939 0.003256967223637308 0.0011950351012511126 0.0001511501757297169 0.005390994346633765 0.0005754539546730763 0.0014891344819765876 0.0025812004886657768 0.0025398831705681422 2.310776038889926e-05 0.0014895058108729301 0.0010129742341464124 0.0005382070284746324 0.00012261729273948608 0.0 0.0 0.0 0.0 0.0 0.0 0.0 0.0 0.0 0.0 0.0 0.0 0.0 0.0 0.0 0.0 0.0 0.0 0.0 3.658764163398789e-05 1.510723734581318e-05 0.0 0.0 0.0 0.00022057014336385004 0.0 0.00018388292699806678 0.0 0.0 0.0 1.917111853029817e-05 0.0 0.0 0.0 0.0 0.0 0.0 0.0 0.0 0.0 0.0 0.0 0.0 0.0 0.0 0.0 0.0 6.559255586880062e-05 3.5918265391815685e-05 0.0 0.0 0.00027273183550701184 0.0 0.0 0.0 0.0 0.0 0.0 0.0 0.0 0.0 0.00048717220786800874 0.0 0.0 1.1113669269709983e-05 6.682000063007453e-06 0.00016964209064708152 0.0 0.00023054438908049155 6.132875467505246e-05 0.00011627692596391391 1.2094571580108444e-05 0.0 0.0 0.0 0.0 0.0 0.0 1.0752684704292657e-05 0.0 0.0 0.0 0.00036953630411083315 0.00015244944905247693 3.5246991919826625e-05
0.004220068510972231 0.0919301681310852 0.03289307441552675 0.008677278656657779 0.0 0.0010050595693763106 0.15072680114308312 0.013107523605944556 0.2796787290261762 0.011474486063607374 0.11500294527377507 0.001961361304382004 0.0852449002556676 0.3298965166298425 0.0009937921937255465 0.001070268528217486 3.007010482556081e-05 0.0 9.105548933890337e-06 8.251791787109678e-06 0.0 0.0 6.853298472576631e-06 2.3727419886873384e-05 0.00011951137882750798 0.0 3.714337520858035e-05 0.0 2.4915242844714228e-05 8.244852680708292e-06 0.005324792373044952 0.0053488196251653625 0.0001509868060626428 2.7066626406897908e-05 9.45430825380971e-06 3.444832808940806e-05 9.691440351563611e-05 4.478837369923306e-05 3.127752798539405e-05 1.4763063075642835e-05 3.785017862077585e-05 6.405535780711211e-05 8.696119281017031e-06 5.1251575150925124e-05 2.926178843056792e-05 6.261662504061841e-06 0.005642269392536948 2.0001431137420694e-05 6.921090642666146e-06 7.195531228696072e-06 6.8746621193840455e-06 0.0 1.1720846207478807e-05 0.0 4.857916053840336e-05 0.00019021996406538792 0.00041460754125741323 0.0013229390649641339 0.00030200453603900054 0.0007577094509864453 6.1394296273752365e-06 4.7822918673459574e-05 7.0246761276172695e-06 0.004005732107271347 4.42088697462498e-05 4.812101636347109e-05 0.0 1.2312274273168454e-05 6.334109180225371e-06 0.0 0.0005720008658844583 0.00011068545779497973 0.0 0.0015115930238405065 0.001959782702426074 0.0038634034348721986 0.003770986792684917 0.0005799815812888768 0.0001373746072553988 0.002778820569662794 4.99291560905494e-05 0.00022215610815637865 9.863083618778612e-05 0.0 3.537558494482308e-05 1.8859793838799397e-05 1.2982112469824324e-05 0.0 0.0 0.0 2.138957965487868e-05 1.1316796855968171e-05 7.0822265197446265e-06 0.0 9.747773812939161e-06 0.0015911905628912175 0.00021138762376967513 0.0 4.669986070869826e-05 0.0009668087037427635 0.0001073137946605921 0.0002196261857583986 0.0015367626782114125 0.0003062206957876034 0.00030278035712919427 0.0031095049242467667 0.00038315860531723945 0.0017512664693247735 0.0013779740976804184 0.0025577174035441735 0.0005661145663373865 0.0029743492647763734 0.0020886208984605983 0.0010822775445220006 0.0009132881116533615 5.641755107606981e-05 7.59969338846609e-06 0.0 6.1645313296866604e-06 0.0 0.0 0.0 0.0 0.0 0.0 0.0 0.0 0.0 0.0 0.0 0.0 0.0 0.0 0.0 0.00014023284410781005 0.00018521941585882633 0.0 0.0 0.0 0.0005324644671606036 9.227938530150514e-05 0.0004831967212777448 0.00013194204397044642 6.0003539181833677e-05 0.0 0.0 0.0 0.0 0.0 0.0 0.0 0.0 1.4150183260827491e-05 0.0 0.0 0.0 0.0 0.0 0.0 0.0 0.0 3.594515850793206e-05 9.389313775167803e-05 4.712291405656597e-05 0.0 1.1464318361048895e-05 0.0009058460431014383 0.000158083377877322 0.0 0.0 0.0 0.0 0.0 0.0 0.0 0.0 0.002120191889674373 5.512065418515411e-05 0.0 0.0 9.051290958027454e-06 0.0010510759868393516 3.867279322957026e-05 0.0007266048655210788 0.0 1.0064031301961734e-05 1.0149524113477635e-05 5.9740899178804616e-05 0.0 0.0 0.0 0.0 0.0 0.0 0.0 0.0 8.35828931006224e-06 0.0014479221072583655 0.0003212822765542565 0.000437502624048443
0.0196880755895942 0.012974250867821911 0.0026199960932639754 0.017654502454867955 0.0010050595693763106 0.0 0.007610645400703213 0.00029409540260280707 0.0002599884719290192 0.03188719606748862 0.0003889812688861252 0.013328648109605592 0.005464398564941156 0.0008946739438148675 0.0 0.0 0.0 0.0 0.0 0.0 0.0 5.750645377647969e-05 0.0 0.0 8.042276083551713e-06 0.0 0.0 0.0 2.1717184163115437e-05 0.0 0.009478224547819427 6.221684655386995e-05 0.00010877684087003104 0.0 0.0 0.0 0.00020944194467002178 2.0462271522982122e-05 2.5930318133157747e-05 0.0 2.1951722789663194e-05 0.0 0.0 0.0 0.0 0.0 3.035266341091762e-05 0.0 0.0 0.0 0.0 7.644701413364682e-05 2.146366578000188e-05 0.0 0.0 8.528279237052572e-06 0.004525657063769355 0.009236260687720935 0.00016438584201004209 2.8395434983022907e-05 0.0 5.087739201916031e-05 0.0 2.6729384250881457e-05 0.0 0.0 2.0177778415821886e-05 0.0 0.0 0.0 0.0010772180003926822 0.0011540839839355172 0.00012052183363881519 2.2785388878678208e-05 8.391743018916288e-06 1.6495021800252257e-05 7.25444977058079e-06 1.4055752492429957e-05 0.0 0.0001375621952708525 0.0 0.0 0.0 1.785019907393247e-05 0.0 8.60830224643803e-06 0.0 3.986898404304803e-05 6.17449197268505e-05 0.00019497118457582695 4.1822366268677673e-05 7.861737885084583e-05 0.0 7.904054267622374e-06 8.40969911045069e-06 0.008841696589820714 0.0019421838494770372 0.00010892913761399229 0.00016018888530377467 0.030548119408566426 0.0 0.00022045863426405201 0.00042728140795538015 4.863508453376635e-05 0.0 0.00044924579323908377 0.00023101355024055686 0.00015291451322166745 0.00033382446804453676 0.0007055320272187482 1.388276056052058e-05 0.00035048201624681677 0.00013015664582907938 5.197458099898648e-05 4.08055545721094e-05 0.0 0.0 0.0 0.0 0.0 0.0 0.0 0.0 0.0 0.0 0.0 0.0 0.0 0.0 0.0 0.0 0.0 0.0 0.0 1.0561379610077446e-05 0.0 0.0 0.0 0.0 0.0 0.0 1.9141901191118693e-05 0.0 7.793200108338543e-06 7.189935099961121e-06 0.0 0.0 0.0 0.0 0.0 0.0 0.0 0.0 0.0 0.0 0.0 0.0 0.0 0.0 0.0 0.0 0.0 0.0 0.0 0.0 0.0 0.0 0.0 0.0 0.0 0.0 0.0 0.0 0.0 0.0 0.0 5.758126616304138e-05 0.0 0.0 0.0 0.0 0.0 0.0 2.6126714515839694e-05 0.0 0.0 0.0 0.0 0.0 0.0 0.0 0.0 0.0 0.0 0.0 0.0 0.0 5.590243220405289e-05 0.0 8.786067552628617e-06
0.025397693798513758 0.13018104975170702 0.009919244005713734 0.044162362972726125 0.15072680114308312 0.007610645400703213 0.0 0.0035852423229027013 0.09947140932887547 0.07502169804314249 0.024147324293335007 0.020335159593050454 0.21560369258643017 0.2263872542957802 0.000834103376714158 0.0009477223014183606 4.1257247699514554e-05 0.0 0.0 7.740717231036481e-06 7.457741907729727e-06 0.0 6.4661568416278865e-06 3.345188201285657e-05 5.067330975804588e-05 0.0 2.2795709435962e-05 2.9307668761647415e-05 2.1903404961111387e-05 0.0 0.004112815414147433 0.002990731283932765 0.0013026548034760041 7.883234151519245e-06 3.679985541277434e-05 2.6681346578378776e-05 0.0010178618216625983 4.625355767180226e-05 5.548693980646264e-05 3.306664413782233e-05 3.855042516943233e-05 7.196811276135158e-06 7.074370496623413e-06 5.208334028092463e-05 1.2593886574366001e-05 2.3695919811965868e-05 0.00454994313626107 5.9732888860088956e-05 8.079151332173736e-06 2.490549378712465e-05 6.452872037561457e-06 0.0 5.259520915631181e-05 0.0 2.6486476370247292e-05 0.00018076259600408 0.0007530586904263332 0.0018966466321768466 0.0003816913092197808 0.0005554537252699229 3.079656064852991e-05 4.016340241243439e-05 3.7256274833327656e-05 0.0029457441868308886 4.542283998047558e-05 6.206816386955733e-05 6.690891871055705e-06 0.0 6.608689611204949e-06 0.0 0.0018908610578193558 0.0002654777954821335 6.853903535058761e-06 0.0015463761705729535 0.0013557534978029721 0.002881432654052769 0.0026011422936458675 0.0004237692687044749 0.00014568064536462556 0.0035419870143807448 4.9283442546156766e-05 0.00019554853305198643 9.286259188260519e-05 0.0 5.071756229391151e-05 2.3634842530208467e-05 2.0109533148095523e-05 0.0 1.4781142696882759e-05 1.3361208820819992e-05 6.651377282084049e-06 0.0 1.0441503586942192e-05 1.541057129688924e-05 0.0 0.01256389012727387 0.0005187845586917904 0.0 0.0001618029584650321 0.005720873532266411 0.000393668623606511 0.0010361684788475203 0.005547610955162938 0.0011414946357959173 0.0012170051339400333 0.011070666443320065 0.0021135157150858172 0.007176307974103951 0.006475848720812904 0.010391153050981672 0.0017926815763341963 0.010361716081113435 0.007602268164267068 0.004282682375939693 0.0019972399689471287 7.417876307934461e-06 0.0 0.0 0.0 0.0 0.0 7.242248298724273e-06 0.0 0.0 0.0 0.0 0.0 9.997507059415663e-06 1.5372649075744207e-05 1.7529512229204806e-05 0.0 0.0 0.0 0.0 0.0005527761834753974 0.0005214459134333946 6.221847248448448e-06 0.0 3.7701279176791294e-05 0.002066975942815525 0.00026950234480838103 0.0014835953456524098 0.0001715481078544163 6.907328967321424e-06 0.0 0.0 0.0 0.0 9.082464494977544e-05 0.0 0.0 7.473468917381774e-05 0.0001244614523302444 0.0 3.5766231556359756e-05 2.0275496938985582e-05 2.196038525199403e-05 0.0 1.1042174937653532e-05 0.0 0.0 0.00017179539894192214 0.00011241218119082423 8.982561826775313e-05 9.382667550705968e-05 5.076824583286147e-05 0.0024823759513736385 0.0002114999835929168 0.0 0.0 0.0 0.0 0.0 0.0 0.0 9.66187545106929e-06 0.006719884826216576 4.50714357264086e-05 0.0 0.0 0.0 0.002492295977804853 0.00018461058595375265 0.0019444418014169483 0.00011932093144898389 0.0006084590483870617 0.00011415457234867718 4.0215538474261335e-05 5.019244124494615e-05 0.0 0.0 8.36464199997477e-06 1.7132307355679622e-05 1.212823039488864e-05 0.0 0.0 0.0 0.006291935305285064 0.0006343363610889554 0.000972197453138842
0.006066862005374705 0.08167556116942867 0.06216871891911115 0.00016025435884459906 0.013107523605944556 0.00029409540260280707 0.0035852423229027013 0.0 0.016056396796487054 0.0004856800561953501 0.13871925339886385 0.0048437432017131715 0.008236600663770818 0.08136739531895998 0.0021935818717658904 0.0028545720621424827 0.0012600488770976195 0.00036888635326446626 0.00042375413142097554 0.0012507255415636995 0.003054113189017423 5.131679976773916e-05 0.0008624562214516173 0.0006483384420220117 0.0002473210003405996 0.0001861682181594833 8.406720692713151e-05 7.92457721320751e-05 9.077634343646777e-05 3.411479648605552e-05 0.07302026635887778 0.22050053889318 0.0057760578499325916 0.002809363747111661 0.0010386493804630018 0.0003365488182744576 0.002217608526282215 0.0005772201264646164 0.00048708181535560714 0.00043833793844326463 0.002857179332315962 0.0013754329103055948 0.001422338751903674 0.0005590507625251582 0.0014436602573678142 0.0006930465731552882 0.011887111512004842 0.00039318575857368016 0.0003866596837649274 0.001536327434579284 0.000646237080532166 0.00015833473612211334 0.00014125017882449 4.465568088646285e-05 0.0001252707765411744 0.00038968932391062003 0.00086829608408471 0.006207107051420521 0.0009883250113571595 0.001084138053385822 0.0034458229750468188 0.02242379928387539 0.0006361204670629877 0.042254845285951956 0.0001428763979857739 0.00018889600717671596 6.408169200957974e-05 0.00051245276860698 0.002358090571293394 0.0026651550197200804 0.003692922150065243 0.00041027084961286136 1.5076822001565088e-05 0.0036976690335176437 0.005312685018237996 0.006737745163583208 0.015092110767910833 0.03414438515599594 0.057677840991787244 0.2935126996956684 0.011213230457055771 0.13474693839090332 0.000301004040985007 3.0016366140610935e-05 0.00021317217491679716 7.583390497311407e-05 0.0003520046513215991 0.0 5.7880502657092844e-05 4.3128168952136594e-05 0.00026227063056356365 0.00038121067238314763 0.003252989326586262 0.0008867718767439796 0.0009383413935832711 0.001083853017680257 0.00039149170622112145 3.243650279472249e-05 0.00030328012755183786 0.0014829482289970225 0.0 3.2043869452601195e-05 0.0003579429787837368 0.0 3.944114147180481e-05 0.0005026098475533513 2.4097871023082003e-05 0.00039205300329396065 0.00010435429374939381 0.00021564204509650075 0.0004310193245467379 0.0004562533821784538 0.0004892884619126918 0.00043370176417754984 0.0003266635386517313 0.0 0.0 0.0 0.0 0.0 0.0 3.667218349984621e-05 0.0 0.0 0.0 9.892389339966264e-06 0.0 2.5959289345225842e-05 0.0 1.613185145827198e-05 0.0 3.006473291489512e-05 5.39524538044976e-05 3.255522556317301e-05 9.258847899990723e-06 5.421298774258501e-05 0.0 0.0 3.767469185496481e-05 0.0004526219169612153 4.250155962631495e-05 0.0008701781589043657 0.00016881070403074573 7.383206134478434e-05 0.0 2.6545444324014214e-05 4.254211885706046e-05 0.0 5.485580183502167e-05 0.0 7.619977432262251e-06 0.0 3.857416058658572e-05 0.0 7.198952768464054e-06 7.687627613112895e-05 0.00012653207962935668 5.6859366954681545e-05 1.0306252077743317e-05 0.0 0.0 0.0 3.573887974880855e-05 0.0 4.501215125690564e-05 2.0737283142556433e-05 0.0004542549530976445 0.0 0.0 0.0 0.0 0.0 3.0059768885332557e-05 9.96239572175849e-06 0.0 9.626313346524424e-05 0.0010951070922117102 0.00019000104845046467 9.627338410005325e-06 5.926615074685118e-05 0.0002257269818199849 0.0003484039822930215 0.00012043195901887709 0.0003564194734072179 5.0290321055951764e-05 0.0001866196665582266 3.4806633691740024e-05 0.0 3.4511868973028376e-05 0.0 0.0 0.0 0.0 0.0 4.076629589939559e-05 3.694067601401791e-05 8.112111947735337e-05 0.0003843942543155592 0.0002270317095619309 0.0007364685731280229
0.00039898205391116057 0.05349324696923587 0.0474527791365047 0.0007063414633056383 0.2796787290261762 0.0002599884719290192 0.09947140932887547 0.016056396796487054 0.0 0.001828410624516895 0.08478384587983039 0.0006967363336720859 0.07102589362161024 0.25160391821356987 0.00016847503559656258 0.00014125037181052054 0.0 8.65212219525942e-06 0.0 7.599516717679708e-06 0.0 0.0 0.0 9.004144564003841e-06 6.6461713207585995e-06 0.0 0.0 0.0 0.0 0.0 0.0009164745081984596 0.0009596508131807138 2.356621129042108e-05 7.970448920515109e-06 0.0 0.0 0.0 9.06362062108781e-06 1.5649956949391685e-05 7.495909789836302e-06 6.632949446919511e-06 0.0 3.106626841531402e-05 8.178833744580273e-06 0.0 9.806854574965465e-06 0.0009955043154440486 1.4308467233232885e-05 0.0 0.0 0.0 0.0 0.0 0.0 6.531338106507537e-06 5.9188604391523926e-05 4.17487141290482e-05 0.00016273599091686745 2.178677846845605e-05 0.00010634173055101117 0.0 0.0 0.0 0.0007324713401819392 9.900481701052381e-06 0.0 0.0 0.0 0.0 0.0 0.00014851431099323435 0.0 0.0 0.00023661482946500832 0.0002868195985084155 0.0006008036458983052 0.0006843132355393724 0.00014592117961031444 1.2282243968681713e-05 0.0017802766300759475 7.359451418721987e-06 1.8023688853862576e-05 1.3669695592140628e-05 0.0 0.0 0.0 6.0705475989781535e-06 6.272127567793603e-06 0.0 0.0 0.0 0.0 0.0 7.856486474150497e-06 0.0 0.0005174902116404566 0.00012484884241905367 0.0 0.0 0.00018933994823241244 0.0 1.4599960978572342e-05 0.0002336280942160166 0.0 3.962676419956611e-05 0.0008598517691538736 2.4388848274407437e-05 0.0002690096253680986 0.00045119598933061075 0.0003543591489516958 0.0 0.00047194863677163485 0.00038630558376638114 0.0005404705261990963 6.358841924944651e-05 0.0 0.0 0.0 0.0 0.0 0.0 0.0 0.0 0.0 0.0 0.0 0.0 1.589459611050246e-05 0.0 0.0 0.0 0.0 0.0 0.0 4.970318856096537e-05 0.0 0.0 0.0 0.0 0.0001505015324336292 0.0 7.633242564805764e-05 9.389868633313015e-06 0.0 0.0 0.0 0.0 0.0 0.0 0.0 0.0 0.0 0.0 0.0 0.0 0.0 0.0 0.0 0.0 0.0 0.0 0.0 0.0 0.0 0.0 0.0 0.00013042062880977485 0.0 0.0 0.0 0.0 0.0 0.0 0.0 0.0 0.0 0.00045098943088158795 0.0 0.0 0.0 0.0 7.960530184386626e-05 2.8513372755156087e-05 0.00011817521207628248 0.0 0.0 3.5443123995553746e-05 0.0 0.0 0.0 0.0 0.0 0.0 0.0 0.0 0.0 0.0 0.000538737939570663 0.00019318621995380387 5.682272664557493e-05
0.07413869981570527 0.06951169612309677 0.001319581906081774 0.17354798963896867 0.011474486063607374 0.03188719606748862 0.07502169804314249 0.0004856800561953501 0.001828410624516895 0.0 0.003944551557943179 0.27904225129628807 0.3227024377450219 0.012214272919654053 0.0002611558108647859 0.00016031290400046825 8.240749629885712e-06 0.0 0.0 1.3980244610318698e-05 0.0 7.084236278130957e-05 7.58614847279332e-06 2.7913218830758434e-05 0.0 1.4986530643677035e-05 1.435645083235504e-05 3.209668376243391e-05 0.0 0.0 0.0038809914768743285 0.0004865590222589036 0.0006480596755655388 0.0 0.0 0.0 0.0009162565453937932 3.0082277396127733e-05 8.3228557230261e-05 1.6244731504726335e-05 5.6412934328132205e-05 3.5714109479027776e-05 0.0 0.0 0.0 1.3955863109497945e-05 0.001556073475742015 6.700856989092481e-05 0.0 8.315358775120589e-06 0.0 5.827368745446557e-05 4.573349108546689e-05 2.3809170447536783e-05 4.138289372527216e-05 0.00013706290777943503 0.003786163763714871 0.007393487829783019 0.0005440010079797468 0.0004228736634226628 6.367726973820339e-06 1.4297513644477036e-05 0.0 0.0015162362966358648 8.079218178059667e-05 4.044603371716502e-05 1.2762579206373463e-05 3.0467512940412816e-05 0.0 0.0 0.00883597561637156 0.00024082092317413565 2.30170369101168e-05 0.0015345725226369397 0.000792579791044996 0.0010592365824717493 0.0005288619190820526 9.522795826218826e-05 2.2990471963482265e-05 0.0007217520308733283 2.3556800657609642e-05 3.65164134734856e-05 9.510878519299995e-05 7.83616327376844e-06 4.966720226007326e-05 2.8449248718095756e-05 2.9001100196886072e-05 0.0 0.0 8.862084470356586e-06 0.0 0.0 0.0 0.0 1.2281785743396708e-05 0.032299663822991674 0.0036941796908581295 7.778739581165463e-05 0.00035814349732938455 0.04869689550925516 0.00019788581856568083 0.0019797951342333834 0.008300558583676964 0.003935208885581922 0.0009559249307134224 0.014872629967292834 0.004406697801193742 0.007830737835117521 0.0102959013008982 0.015255107739803476 0.000926005516745651 0.00990312223754248 0.012522054728388183 0.0039278083146203555 0.0016403171623341 0.0 8.010789899909199e-05 0.0 0.0 0.0 0.0 7.466848610850602e-06 0.0 0.0 0.0 9.482734070574192e-06 0.0 8.290132610803977e-06 0.0 0.0 0.0 0.0 7.700563084495115e-06 0.0 0.0005275559262094622 7.499416168873734e-05 0.0 0.0 1.1149199209916429e-05 0.0012488418785715652 0.0001679159387509312 0.0006501386287668036 0.00012753046255846074 0.0 0.0 0.0 0.0 0.0 0.0 0.0 2.3703181960200928e-05 1.6681896606462715e-05 1.8689590415185943e-05 0.0 0.0 0.0 6.081771461406685e-05 1.6894754604317185e-05 0.0 7.307576866950881e-06 0.0 1.4877038574202746e-05 4.475555628489989e-05 0.0003223485346281202 0.0 3.141583976824099e-05 0.0010419839226878055 7.36997950591105e-05 5.377161377401416e-06 0.0 0.0 0.0 0.0 0.0 0.0 1.3336921482265329e-05 0.00409684261487649 5.024956557612693e-05 0.0 0.0 0.0 0.001009638438910859 0.00013077498006308066 0.0007340521302451809 9.01454916810237e-05 0.0001736138102805519 1.7058389510645826e-05 3.494917345356457e-05 6.499516388215844e-06 0.0 0.0 0.0 9.617135322479233e-06 0.0 0.0 0.0 0.0 0.004212852193656369 0.0005703135410062772 0.0003598107814939818
0.003616168592538926 0.05933241945072076 0.08548115593533295 0.00046109812586356724 0.11500294527377507 0.0003889812688861252 0.024147324293335007 0.13871925339886385 0.08478384587983039 0.003944551557943179 0.0 0.05274668207460701 0.11541350564112413 0.33205983148996604 0.0018909649971120292 0.002983844925181793 0.0001411635355551883 1.7950838958094235e-05 2.0141454156301463e-05 0.0001657742208055171 0.0007026097166734585 9.774083682385551e-05 0.00024109740316568125 0.0002312437765150074 0.00021502204624144886 0.00021222143856048663 8.906106821435096e-05 0.00017961232094906897 0.0001904305244107197 4.3969055702051606e-05 0.01801508543406948 0.011601800872201284 0.05964585039315496 0.0003859891174422337 0.00041725349953621136 0.00021250159647420784 0.009655773051918433 0.0009523311504470645 0.0007498572209264121 0.0003027638596204847 0.0012598549154155107 0.0004274650901013902 9.328087791613949e-05 4.577845589827605e-05 9.380737177636054e-05 0.0001228227673901491 0.005889930604407996 7.043949838267228e-05 3.951956325651683e-05 5.560888087335432e-05 0.00013834906690896718 0.00036793533675210657 0.0003356990872637772 5.7349220039646134e-05 4.1494971994015216e-05 0.00021475636274616568 0.00028658907622882156 0.0016387112878160906 0.00032709197136866205 0.0006934412034832904 0.0002752755806459647 0.0005030806817251641 4.8362379889711345e-05 0.005543246832465364 4.4075088007471686e-05 5.677089777648737e-05 1.5895570829801487e-05 6.788776436789608e-05 0.0002674977560236898 0.0005749931823453904 0.01869484741479036 0.0006715643616042141 7.234269957887105e-05 0.0014085534982342931 0.002113200903127424 0.004659907047256963 0.005678420039213889 0.001749933236520592 0.00028264602294542914 0.10536636268234195 0.00021942906171582862 0.0009960219580512574 0.00012933419623732553 1.0454867170330257e-05 4.4491146777107996e-05 5.494752800209307e-06 4.729028608609895e-05 0.0 3.902061465602735e-05 3.814982625897927e-05 2.0251719102197462e-05 7.183487735017671e-05 0.0010764193990263414 0.0001382215003459011 0.00037252476085115503 0.0027897788758549464 0.0011932667492768083 4.145324505794017e-05 0.00023149895625612272 0.0013448471771062502 1.815761929443715e-05 4.633554317198106e-05 0.0003808416635145197 0.00011124196331369422 0.00011817934962219263 0.0007319080880767039 0.0 0.0008048819591898037 0.0005948227906546808 0.0007840304478954782 0.0005040862736614225 0.0010548576520586065 0.0011040577857052108 0.0007938618214854654 0.0005364856578773105 1.932773368630446e-05 0.0 0.0 0.0 0.0 0.0 0.0 0.0 0.0 3.010834076554288e-05 3.962073688223642e-05 0.0 0.00011061614690873702 0.0 0.0 2.0329189475102063e-05 2.5010560696242348e-05 6.85520083004163e-06 1.0688494940105991e-05 0.00022906451392981235 6.923425773635314e-05 0.0 0.0 0.0 0.0007890271694780681 0.00010793409324998606 0.0008926504927433683 0.00015004807679370875 4.792199042958599e-05 0.0 4.026597029230194e-05 0.0 0.0 0.0 6.323719632766423e-06 0.0 9.014402657210126e-06 9.12363461507808e-06 0.0 0.0 1.9247693895525044e-05 7.393428054457742e-05 3.622258338518741e-05 8.756729014492786e-06 0.0 0.0 8.782215290415734e-06 0.00011602087452261247 0.0 2.050859749330115e-05 0.0 0.0007676955136013318 4.39288400237324e-05 0.0 0.0 0.0 0.0 7.859899623221499e-06 0.0 9.310075901944634e-06 1.7387987741714685e-05 0.0022907913625759215 0.00015658000411360415 1.778818809406127e-05 0.0 3.6668679917707777e-05 0.0006946595886225764 6.094525880194097e-05 0.000684263353778134 1.7273750733098946e-05 0.00010966960590091582 1.6105582050631023e-05 0.0 0.0 0.0 0.0 0.0 0.0 0.0 2.5424718040713316e-05 1.724719697406037e-05 0.0 0.0013504992675947062 0.0005014110546915104 0.000627088484031008
0.04005663983435652 0.009330105249863207 0.004638542395430508 0.14063333177999635 0.001961361304382004 0.013328648109605592 0.020335159593050454 0.0048437432017131715 0.0006967363336720859 0.27904225129628807 0.05274668207460701 0.0 0.11649508422194185 0.026093150232050107 0.00091950926480471 0.0012480512782009436 5.2479148569552694e-05 0.0 0.0 1.5422134609625545e-05 0.00016986490187615206 0.0002324150446277093 0.00018247079786864375 7.94742708552477e-05 0.00013217109741191926 0.0001630727077220231 2.3643924527388234e-05 8.985067941502918e-05 0.00010302364854293017 3.773995842526374e-05 0.0024724660096278922 0.0013539821843787832 0.005080567837293083 5.088384586358642e-05 4.7654218583054795e-05 8.28145933379704e-05 0.010417404805528491 0.0005650925836407301 0.0007487566598187004 0.00024117001346043591 0.0003931232404227916 0.00016497633358071893 8.577145723956815e-06 8.799380791834813e-06 5.593912658654004e-06 6.089824292987036e-06 0.0022487241436495104 1.9627831625245742e-05 8.684631484553535e-06 8.97787235946389e-06 1.1613460202946169e-05 0.0002793509095380276 0.000559779504813054 6.258590017288179e-05 3.102860211042683e-05 6.282442484664421e-05 0.0004902632879600281 0.002316753205489928 0.0002335037711234826 0.0002566055587345825 7.212221070826428e-05 0.0001833227011375419 7.379822632536759e-06 0.0014055453890831973 1.0945833421094015e-05 3.375625035041017e-05 1.2769380332424526e-05 1.943306863157564e-05 1.827837867150433e-05 4.469139029435467e-05 0.02509125197569642 0.0015530724054533852 4.672566862800539e-05 0.0008004629725215846 0.000564069942274361 0.0014577121739132754 0.001712106026500495 0.00045335689213851674 5.105819755455618e-05 0.008681851549219181 5.50412408997491e-05 0.0003575948837273282 5.322576164356361e-05 0.0 3.150724895342654e-05 5.426896767592785e-06 1.2206697862284216e-05 1.6649770026180795e-05 7.590536341163348e-06 1.1880515577185345e-05 2.738682519275131e-05 8.909201683400704e-05 0.00013337704054603548 4.204817111197027e-05 0.00033629779472524573 0.06327200251897978 0.008166813323920115 4.8372944243357356e-05 0.0011680959132160775 0.0074836945329969495 0.00016155259078863403 0.0005174655066316523 0.003694078448708385 0.0007685803778587118 0.0005806895482110533 0.007849728159766171 0.0011366892896961676 0.004905758441261536 0.005014979773710215 0.005833730709410003 0.001849410960671232 0.00864639341380058 0.006292816635194422 0.003867752289764321 0.002684094779697985 1.271221544620836e-05 5.9618938533619986e-05 6.2927808022568235e-06 0.0 1.7894352786033674e-05 1.7749525626982778e-05 2.9803423769636846e-05 0.0 0.0 0.0 3.119781869484563e-05 0.0 7.914592983027615e-05 7.144747467532202e-06 1.2350640268953694e-05 3.475283487346181e-05 5.380407178682673e-05 8.377825649527625e-06 0.0 0.000544906796770792 0.00041439629380722885 0.0 1.8670911791411707e-05 2.953214507791839e-05 0.002967752608356936 0.00043448942360888086 0.0023267686210935953 0.0002672813249873719 5.623358131561332e-05 2.5189415860740503e-05 1.3048461440033503e-05 0.0 1.2088081842145262e-05 6.635556156780892e-05 4.59878308245847e-05 2.049690272631218e-05 7.642715568464743e-05 0.00010597153113571193 0.0 0.0 1.68737205254411e-05 9.878418549806837e-05 6.487233013833817e-05 0.0 0.0 0.0 0.0002058808191317054 0.0002453933794192939 0.00015345616860517916 5.762392306803156e-05 0.00011410825896440363 0.002876957461834689 0.0003109032272556758 0.0 0.0 0.0 1.2389432791835352e-05 0.0 1.6530379731170637e-05 0.0 0.0 0.00837074038464328 0.00026901367993933863 3.2485623799435085e-05 2.1528521206148856e-05 0.0 0.0031514358069333207 0.00033381124290764885 0.0020987013093353617 0.00022914627381347242 0.0003768934271111436 0.00010378059755716934 6.082651179369918e-06 5.2153643600159936e-05 0.0 0.0 1.4742005223125313e-05 1.0201476512270712e-05 0.0 0.0 0.0 0.0 0.005907719516898896 0.0015410701231493454 0.0017373715217430413
