0.0 0.14078114450226664 0.0249312327508599 0.1442229562534873 0.004692308110219158 0.02235616421535418 0.06670668507179871 0.011701869451101124 0.002506608545099382 0.09596644944939584 0.022881139644614742 0.003903023275026494 0.023767922356998403 0.015184220040564623 0.00020151384724519239 0.0001655137199920448 1.4535377423391149e-05 8.759752367063687e-06 1.3083544934043819e-05 1.2649632117954785e-05 5.941385834718841e-05 0.0 3.781128397958534e-05 5.7806646887716166e-05 4.588864961702767e-05 0.0 2.851630321576062e-05 1.53761788379729e-05 7.057763609903295e-06 0.0 0.0968630794800158 0.0028922381489621183 0.0005718170059337394 1.8776739303821254e-05 2.1498901154334862e-05 0.0 0.00016024575141509957 3.667171934345481e-05 4.775946776678751e-05 8.901337434048419e-06 2.8859733878104367e-05 8.351838467100985e-06 0.0 5.8559390140678796e-05 3.4116733505139186e-05 2.9533999042435445e-05 0.003630168770179292 6.906276112157988e-05 1.3374862803259046e-05 0.0 4.9043125112422346e-05 0.0 0.0 1.0213565828576591e-05 0.00011828466441556908 4.535122154204456e-05 0.005317386649758191 0.04958479427356671 0.0006648435560317849 0.0014426760635435018 3.424729073981365e-05 0.0001815499714667082 2.4213599894330856e-05 0.006565432598527831 0.00016702530923812345 7.833288510090658e-05 3.7921006191134084e-05 3.7090881183746175e-05 5.514201220719126e-06 1.1827941313360997e-05 0.0007566941390856303 0.00041664578413110276 0.0 0.009913895072226762 0.006368320357408311 0.002776101850028416 0.000560819832660958 0.0001532536243901388 0.00015294055414739421 0.003881538967360903 3.735948446624758e-05 0.0002850420302279257 0.0007576539890296445 0.0 0.00012151235409997913 2.7486407516626605e-05 1.9548770748612594e-05 0.0 0.0 8.016706951888262e-06 2.6016196241403437e-05 7.537968273309487e-06 4.498884803782029e-05 2.22811944929181e-05 6.225712306863935e-06 0.00810865408198304 0.0031264613403499935 9.493800831938077e-05 0.0002495084207514692 0.07679934706877291 6.999599949211696e-06 0.00021570491217220427 0.00013337285083795503 0.00014349456993653637 0.0 0.000369072652989809 0.0009796911864465116 0.00021166074371022637 0.0004971021812006225 0.0006682700794300708 1.4565627088000163e-05 0.0012626455949304803 0.0009157127312850485 0.00039095876059951377 0.00026141075203255955 0.0 0.0 0.0 0.0 0.0 0.0 0.0 0.0 0.0 0.0 0.0 0.0 1.6812609373880035e-05 0.0 0.0 0.0 1.4310535446976288e-05 0.0 0.0 0.0 0.0 0.0 0.0 1.0374443293275737e-05 6.430816856125069e-05 0.0 0.0001257457556407375 3.448535088034818e-05 0.0 0.0 0.0 0.0 0.0 0.0 0.0 0.0 0.0 0.0 0.0 0.0 6.643338531553484e-06 2.421186379817726e-05 0.0 0.0 0.0 0.0 0.0 0.0 2.1256946363640418e-05 0.0 0.0 7.806046287418788e-05 0.0 0.0 0.0 0.0 0.0 0.0 0.0 0.0 0.0 0.00010287503710325056 0.0 0.0 0.0 0.0 0.0001865381392914518 0.0 8.103172905376848e-05 3.24338016160939e-05 0.0 0.0 0.0 0.0 0.0 0.0 0.0 0.0 0.0 0.0 0.0 0.0 0.00033466074061238026 2.503420090720723e-05 5.4529313732405214e-05
0.14078114450226664 0.0 0.17731968423944264 0.06985028330932982 0.08298749149841313 0.01775172399856016 0.18394641900908262 0.022690183472877355 0.0688372975189968 0.09232672953945134 0.1333909408981892 0.04005408958683563 0.05924385271462951 0.0968788854386862 0.0007957266674036377 0.00042109819455212816 4.797146917415461e-05 1.3606821138281448e-05 0.0 2.0658516589758232e-05 0.00015942998249757393 0.0 6.1674396670006e-05 9.639451588434605e-05 0.00010613096837550732 3.6797755718320415e-05 6.984543719576194e-05 7.455011851046717e-06 2.944301779025354e-05 6.474106308567922e-06 0.09024970870657231 0.005266304146280095 0.0015242719598242633 2.978846914701671e-05 3.6414379422862975e-05 1.1149817482558784e-05 0.0003530060826870828 0.0 8.859403164710765e-05 2.157749934436924e-05 5.891091479639545e-05 6.328329562428598e-05 4.0475942493462555e-05 9.930462568189788e-05 6.701600913728918e-05 9.54155800983376e-05 0.007885970525453473 7.585617126282314e-05 1.3167488337484626e-05 3.161647979210307e-05 7.96977029556095e-05 0.0 1.522821858290542e-05 1.160799031469676e-05 0.00010005251487543993 8.882555070073454e-05 0.0024051979539366987 0.030094787364600722 0.0007857882286536068 0.0021778966639002203 0.00010979171988513274 0.00026736209946083117 2.4534875820079762e-05 0.016202125505406374 0.00013330657542570643 0.00011106982733092365 2.249548436942764e-05 3.576538415446991e-05 2.3924794340841537e-05 7.887127398711228e-05 0.0004913551664481215 0.00036748731166866576 4.406435884418428e-06 0.0105471042505535 0.014635768592444736 0.007482787052433818 0.004575547813932391 0.0006376770042535024 0.00042508794492829234 0.007038942487756944 0.0001761358857472741 0.000658939359386155 0.0006273282860264613 0.0 0.0001274734727353774 2.8999192636206494e-05 5.6792136785800176e-05 0.0 1.1895090147873657e-05 0.0 4.187170024535021e-05 5.466464418003065e-06 5.75691101462912e-05 2.9436503340621997e-05 2.1661136185474442e-05 0.0017018411791736058 0.00024081012198235723 2.2377956968657525e-05 8.808764254128362e-05 0.04898038817022982 0.0 8.03103117048339e-05 0.00012985516580172265 0.0 1.5406644404714605e-05 0.00038670655220717924 0.00026137896161182174 0.00021398367214154528 0.0003777731869535112 0.00021772073337206256 5.3802855395796646e-05 0.0015016613552226489 0.0013473431141449448 0.0006933936091436996 0.000598018412090589 1.0827687294691767e-05 0.0 0.0 0.0 0.0 0.0 0.0 0.0 0.0 0.0 1.7251068285092144e-05 0.0 8.67410838383744e-06 0.0 0.0 4.6177839775398385e-05 0.0 5.399142955248377e-05 0.0 5.915151202064947e-05 0.0001054338797387548 0.0 7.933743519815998e-06 0.0 0.00029850510260468914 0.00014649995192432723 0.000356776236293623 0.00012521146328720544 3.064152183932734e-05 0.0 0.0 0.0 0.0 0.0 0.0 0.0 1.279811857605563e-05 1.2485509111455706e-05 0.0 1.3458583762078282e-05 0.0 2.081333851368797e-05 6.542097254862222e-06 0.0 0.0 0.0 0.0 2.095945565617677e-05 3.775388999597719e-05 4.1752178787436776e-05 4.377912782622091e-05 0.0002508974537594402 0.0 0.0 0.0 0.0 0.0 0.0 0.0 0.0 0.0 0.00029748159658057747 7.22080710573889e-05 0.0 0.0 0.0 0.00033336584794407386 1.0180884694711272e-05 7.869922382070643e-05 3.369568696073276e-05 1.064920165584149e-05 2.0223134050276717e-05 0.0 0.0 0.0 0.0 0.0 0.0 0.0 0.0 0.0 0.0 0.00038838554364864253 0.0001367484531107279 0.00016768531878652844
0.0249312327508599 0.17731968423944264 0.0 0.0007972836423623254 0.042943100282110264 0.0002401316299028958 0.015048521330727656 0.13842549735141849 0.08903584908049071 0.0025517102912597763 0.2555671134074132 0.0015546432764059572 0.013603249917460758 0.11327361771707561 0.00017469393802396746 0.00030249453707210504 1.611041899777117e-05 4.559264919506438e-05 1.1655814973691928e-05 0.00011461757744011478 0.0009798353254207592 0.0 0.0010623774515856697 0.0008307871296928959 0.0005765543805326464 0.00044476887114814614 0.00025138737635542084 5.543112525765745e-05 1.4063922404206717e-05 0.00013332610942818837 0.1478866686435585 0.01945463726313969 0.0046933478818052396 0.00010208028733318037 0.0004131797534464574 0.00015481023764265581 0.00044212301574728 9.690261865493329e-05 0.00016625425776470065 9.993320090788776e-05 0.0005377960250244505 0.00016654385589398446 6.33824872326785e-05 6.402234217680019e-05 7.142216346102589e-05 5.209747856404309e-05 0.0011479595274456347 0.0 3.761288440657804e-05 2.9888814570053484e-05 2.126941120689882e-05 5.171413591567126e-06 6.8080274633397806e-06 0.0 8.257847202718452e-06 1.1077480921693207e-05 0.00041865177991464087 0.010043314795671963 0.0001381754596587391 0.00030788044055341294 0.00014775177071519902 0.0011074191241459439 3.430333463411151e-05 0.00430257298710703 3.7244545087146004e-05 1.7501733465075135e-05 9.24011124627895e-06 0.0 5.9226918410756766e-05 0.00032924889148949835 0.0006526219213853398 0.001183923747183263 5.3484229645360535e-06 0.0016263682757878533 0.0019160000526245889 0.0013547621268856283 0.0009568475598881134 0.00031671510161410913 0.002110766798399398 0.0453591790376029 0.00023599868173624053 0.0026303514738577976 0.00011006231021496795 0.0 1.9947785929071437e-05 1.0398583675242486e-05 1.3931540282458276e-05 0.0 6.277654995281853e-06 0.0 1.0660228553510488e-05 0.0 0.0005080810256908357 0.00010028624155173966 1.5081821048036498e-05 0.0014494161238938995 3.3039624869719316e-05 0.0 0.00012295323586492072 0.011613667640727103 8.685827336632646e-05 0.00010666198668068079 0.0002498166088955552 9.904328456204165e-05 9.108121767326807e-05 0.0004740646305989238 0.00017460201371874705 0.00027153716162833975 0.0005584716876082533 0.00034249958766774657 0.0002582161201424455 0.0018516366705978063 0.0018161345968523424 0.001255165439360067 0.001431567919845759 1.2056962070880975e-05 6.212413343006732e-05 0.0 0.0 0.0 5.6889735298153e-06 0.0 0.0 0.0 0.0 1.371670551009003e-05 0.0 8.252764389847762e-05 0.0 0.0 0.0 7.410826217824925e-06 0.0 0.0 4.293220824990486e-05 0.0002598262467480298 0.0 5.950488820071621e-05 2.4152867372116692e-05 0.0009425876039552667 9.919925889865369e-05 0.0009877639900999298 0.0006918702326692818 0.00014894727783704994 0.0 7.1377946050001045e-06 2.4271551391454826e-05 1.559148373489849e-05 0.0 8.148140880071254e-06 0.0 0.0 9.541757275351905e-05 8.874116941786013e-06 0.0 7.333052381388116e-06 5.7317185069880184e-05 0.0 0.0 5.964074905726071e-06 0.0 2.9311434786788456e-05 0.00017790268953970327 2.4202163623786876e-05 6.277955949769851e-06 1.4216288090886576e-05 0.000946721496109602 8.801778231245515e-05 0.0 0.0 0.0 0.0 6.1537397887718825e-06 0.0 0.0 0.0 0.0007136464316065046 0.00013607663904311975 4.257634265282326e-05 0.0 0.0 0.0008994889005793271 6.619912215514781e-06 0.00034478783296360607 1.8502606216263176e-05 2.6039437498471257e-05 4.038095770541311e-05 2.416024870152345e-05 8.55405932092874e-06 0.0 0.0 0.0 0.0 0.0 0.0 0.0 0.0 0.0005054941793336872 0.00046049726954761777 0.0005325709747071688
0.1442229562534873 0.06985028330932982 0.0007972836423623254 0.0 0.001727044087502727 0.03621172913595473 0.041890955270498915 0.0014987070350238815 0.0016554824026626341 0.12886594397266127 0.0005186812998109868 0.006800331035518729 0.05999874655004309 0.014382910205228494 4.623948450748922e-05 5.838882979245271e-06 1.795815992000557e-05 0.0 8.253138480014907e-06 0.0 2.181861342524395e-05 0.0 0.0 0.0 1.0940967685544277e-05 0.0 0.0 0.0 0.0 0.0 0.010919970480661964 0.0004262385173019459 1.879366238592362e-05 4.5744124168616704e-06 0.0 0.0 1.2750574309440584e-05 9.220809969472503e-06 0.0 0.0 2.4295180991969113e-05 0.0 0.0 0.0 0.0 1.3956106393522181e-05 0.0012150401780085774 2.542173168309683e-05 0.0 0.0 9.654642406412567e-06 0.0 0.0 0.0 1.3283456289300619e-05 1.1825804723424457e-05 0.0005155641165021486 0.005155345337040837 0.00011951914233969214 0.00035551220407799365 7.0781934660397395e-06 1.413986527840132e-05 7.960206018010806e-06 0.002099182713404389 7.444339182417944e-06 0.0 0.0 9.070063548787863e-06 0.0 7.354990748529622e-06 0.0002609841219412236 0.00017207353711068955 0.0 0.0020780485335731417 0.002875832016944574 0.0009437469026071103 0.00040481321634346974 3.2737045975197684e-05 3.290754183317634e-05 0.0009977781997501619 0.0 6.000751958132596e-05 9.209521792837289e-05 0.0 1.657680592468487e-05 1.8206347833310167e-05 0.0 0.0 0.0 0.0 0.0 0.0 1.9075671695439368e-05 1.4952218549416354e-05 9.754222825572233e-06 0.003001740444093922 0.00012033992140172983 0.0 0.0 0.025582307041829937 0.0 3.156143362735782e-05 1.8954207118331683e-05 0.0 0.0 6.468670341494466e-05 6.07489475997887e-05 0.00013542244716928175 0.0 0.00023434164501814095 0.0 0.00010970404586107438 0.0002101874219488663 0.00015853192916485669 0.0001381471722734703 0.0 0.0 0.0 0.0 0.0 0.0 0.0 0.0 0.0 0.0 0.0 0.0 0.0 0.0 0.0 0.0 0.0 0.0 0.0 0.0 3.188351100799325e-05 0.0 0.0 0.0 3.2586880901381166e-05 2.9240614681378704e-05 0.0 2.9970009660848435e-05 1.3108458731659077e-05 0.0 0.0 0.0 0.0 0.0 0.0 0.0 0.0 0.0 0.0 0.0 0.0 0.0 0.0 0.0 0.0 0.0 0.0 0.0 3.981116814387803e-05 0.0 0.0 0.0 0.0 0.0 0.0 0.0 0.0 0.0 0.0 0.0 0.0 4.354911354503403e-05 0.0 0.0 0.0 0.0 4.076922030541484e-05 0.0 2.6326763982155423e-05 0.0 0.0 0.0 0.0 0.0 0.0 0.0 0.0 0.0 0.0 0.0 0.0 0.0 4.62461751369996e-05 4.515695728932345e-05 6.862944834518427e-05
0.004692308110219158 0.08298749149841313 0.042943100282110264 0.001727044087502727 0.0 0.00030819118073547864 0.08813446381895045 0.008560963108932377 0.2735433127894461 0.005876105321461798 0.09850524059211063 0.0014877913283551831 0.01679653431937121 0.09319447456162411 0.00042387832705991174 0.00015830695400206128 5.222631185290043e-05 0.0 7.105125621471254e-06 0.0 5.162992800875188e-05 0.0 3.443962075243254e-05 7.404335601545694e-06 0.0 0.0 0.0 0.0 0.0 2.1265292710155434e-05 0.009272417321688764 0.0022468750096245197 0.00022572904210484547 1.4605595152504263e-05 5.4725423901628806e-06 0.0 4.899229137586782e-05 0.0 2.8566374752361844e-05 6.061210770651693e-06 1.4651279950318451e-05 0.0 2.0651394155982456e-05 5.395801285594126e-05 1.1640024209484625e-05 4.028705242802715e-05 0.002736820264113405 5.277705950058068e-05 1.0650589598123097e-05 1.6690654577427768e-05 2.0634267789404498e-05 0.0 0.0 1.658813050559743e-05 7.5635157577038225e-06 1.9271215472055104e-05 0.0004025481080921767 0.004789401456911578 0.00018628677967300736 0.0007468519020265784 2.0273543459695984e-05 0.0001883244625994233 5.352826526865896e-06 0.005659790098355924 4.098028006170536e-05 3.811149122189175e-05 1.0251667881790972e-05 1.1229208715708277e-05 0.0 2.7281665467980914e-05 5.417844332557551e-05 2.245877680098375e-05 0.0 0.0029163254989160543 0.005421600349247606 0.003305792470644733 0.002061316537008547 0.00027107842287091456 0.00017103716481489532 0.0012069349511822842 7.069075993747317e-05 0.00019026193609310673 0.00020508776544057918 0.0 4.981791608555474e-05 5.372345575087575e-06 6.551587602288141e-06 0.0 0.0 6.252864570313848e-06 6.907337771173256e-06 1.2923289473107919e-05 4.962290131589617e-05 1.175582439319318e-05 0.0 0.00011806412692950972 1.3228837722935054e-05 5.37048470432482e-06 9.046294686724773e-06 0.0020702569288952614 0.0 3.618046815491301e-05 1.0104131019217474e-05 6.294633408147232e-05 7.986542339634557e-06 0.00011140066463683476 1.2207237432367008e-05 0.0 0.00012504807490874232 0.0 0.0 0.0006252689899880649 0.0003270599008903169 0.0003348614674421426 0.0001238301976154845 0.0 0.0 0.0 0.0 0.0 0.0 0.0 0.0 0.0 0.0 0.0 0.0 8.182148737215187e-06 0.0 0.0 0.0 0.0 0.0 0.0 1.731732033130904e-05 2.941318964885598e-05 0.0 0.0 0.0 0.00010131209025418716 7.817475080832633e-06 5.8807218684416205e-05 2.3130603486249014e-05 7.241457069893736e-06 0.0 0.0 0.0 0.0 0.0 0.0 0.0 0.0 0.0 0.0 0.0 0.0 0.0 0.0 0.0 0.0 0.0 0.0 0.0 0.0 0.0 0.0 0.0001337047704584534 0.0 0.0 0.0 0.0 0.0 0.0 0.0 5.95298024656521e-06 0.0 0.00020486902947556212 1.2693941591144466e-05 0.0 0.0 6.690918314536676e-06 3.796845091845418e-05 0.0 0.00014028214294401774 0.0 0.0 0.0 0.0 0.0 0.0 0.0 0.0 0.0 0.0 0.0 0.0 0.0 0.0001038905257745732 4.104544512012864e-05 8.808434045368703e-05
0.02235616421535418 0.01775172399856016 0.0002401316299028958 0.03621172913595473 0.00030819118073547864 0.0 0.004881109906731335 0.0005991593688748868 0.0003443311457437622 0.0496366231385672 0.0002555052239904446 0.006561245702867239 0.008172346898155627 0.0027874020349346255 3.273500238206722e-05 1.4440584236801462e-05 0.0 0.0 0.0 0.0 7.837632489039726e-06 0.000713723557269223 0.0 0.0 0.0 0.0 0.0 7.260907889302913e-06 0.0 0.0 0.00505467002489172 0.00026753385007471085 0.0014468658729482429 3.902295291822658e-06 5.1800071506972846e-06 0.0 0.0010326234393909259 5.884241961113757e-05 0.000426494626299989 8.623311191756454e-05 0.0 0.0 0.0 0.0 5.084085852098231e-06 0.0 0.0003375430868910935 2.6857149067870454e-05 0.0 6.6370025984039615e-06 8.499471597724989e-06 0.0009332497572716895 8.05301795204254e-05 3.452137616066711e-05 0.0 1.542412126176772e-05 0.005378344367710487 0.00253724268420734 0.00032741824842728325 6.26566289357634e-05 0.0 0.0003073794148864999 0.0 0.0004153809686860916 5.414739968321012e-06 0.0 1.9625484701852537e-05 5.7634920107188764e-06 0.0 1.6003930645006526e-05 0.010010103547766894 0.008575054929443769 0.0003084289268365474 0.0008935234082901193 0.0006439211425456261 0.00014575725372838256 0.0 0.0 1.6387547143269603e-05 0.0004577979914538873 0.0 0.00018703225235155337 6.143211709147123e-05 4.0361486791216686e-05 0.0 4.066309693006499e-05 0.0 4.410825473861328e-05 3.3676064634651066e-05 0.0001053293583385367 8.679841566833823e-05 5.975871901067079e-05 0.0 0.0 5.859760248156269e-05 0.030092245129138575 0.031037070689549005 0.001830094762392887 0.0024367236739866005 0.0400051689179547 3.084237110709565e-05 0.0005080299807253548 0.00013952711402583646 7.583248932239787e-05 0.0 0.00044977782539466955 0.0011745265526485087 0.0003100836722815808 0.0003549656711951073 0.0005944166485952528 0.0 0.0008526018054744821 0.0010076852840896061 0.000524431086709486 6.831728750839256e-05 0.0 0.0 0.0 0.0 0.0 0.0 0.0 0.0 0.0 0.0 0.0 0.0 1.2308483382264605e-05 0.0 0.0 0.0 8.989965726840454e-06 0.0 7.425801974847332e-05 0.0 0.0 0.0 0.0 0.0 0.0 0.0 0.0 0.0 3.693421334331395e-05 0.0 0.0 0.0 0.0 0.0 0.0 0.0 0.0 0.0 0.0 0.0 8.661354269106876e-06 5.310019536245107e-05 0.0 0.0 0.0 0.0 0.0 7.063916353364476e-06 6.0888652168544073e-05 0.0 0.0 2.4009952777929537e-05 0.0 1.4130657192638058e-05 0.0 0.0 0.0 0.0 0.0 7.635476125459402e-06 1.8487948237271568e-05 5.1823290799970884e-05 6.860547386204244e-05 0.0 0.0 0.0 6.660449943871169e-05 0.0 9.106735133542975e-06 1.1265937780901314e-05 0.0 0.0 7.658065470243435e-06 0.0 0.0 0.0 0.0 0.0 0.0 0.0 7.2151254214763175e-06 0.0 0.00044273422860977203 1.8556599507621057e-05 3.546835936567791e-05
0.06670668507179871 0.18394641900908262 0.015048521330727656 0.041890955270498915 0.08813446381895045 0.004881109906731335 0.0 0.007184917903113281 0.07294095939645392 0.13289067729523923 0.010709410591316849 0.02157574994406453 0.2462322164161584 0.23023874807633207 0.001399652677299428 0.0006173375994276388 9.530687243988433e-05 1.0235642055304994e-05 3.1020803471393704e-05 4.279269995581558e-05 0.00011153571142083565 0.0 4.0233590012908965e-05 1.854593478344305e-05 2.8076650767650447e-05 0.0 1.220022481894011e-05 0.0 0.0 1.623980699622052e-05 0.026779366123354492 0.005577449274759796 0.0008927447792126236 2.792448696348428e-05 1.8481594545937972e-05 3.843859977646787e-05 9.377322379062001e-05 2.032004419933633e-05 1.5002323265782559e-05 0.0 4.2460996237449865e-05 3.658360884192474e-05 3.87985385401914e-05 0.0001792484953890719 0.00013247548867245472 9.766610514194034e-05 0.00869340083435908 0.00012993711748462335 3.644594739897921e-05 3.00376085251312e-05 9.007524645396816e-05 0.0 5.964384739306108e-06 1.1866231696790693e-05 6.79854183585226e-05 0.00013827182818318442 0.0018951846765929386 0.017802001612345075 0.0007099286104337909 0.0023456648769553676 0.00013037528058187442 0.0004813770344181189 5.4465099671471185e-05 0.01543238863296495 0.00014967126638411023 0.0002069776413930954 5.941135257395137e-05 4.6491514731042775e-05 2.6873253871543496e-05 8.003089275358985e-05 0.0003040391817758765 0.0004354947193322789 0.0 0.009811821036709016 0.016854900403266468 0.010618170351208133 0.006248979014680779 0.0009622443010022335 0.0005225950932933374 0.002896846692141451 0.00019900928623787693 0.0007578054350293171 0.0007426555113453549 0.0 0.0001758613227247332 3.864844496643182e-05 4.815989565752154e-05 0.0 5.026345116579991e-06 1.7017857530771855e-05 3.589218833713643e-05 3.302313125527917e-05 0.00011619500328436712 4.6873756839322614e-05 5.493149828140072e-06 0.0018623603851267037 0.0001013789843989546 5.879921208000177e-06 8.643676230521027e-05 0.008032312528144191 5.938481156589013e-06 0.00038790863733426784 0.0004828151973116146 6.905512416778658e-05 1.621685080473916e-05 0.0009676720894972842 0.000481204313646604 0.0006681217224197855 0.0011844940232255776 0.0007099633575921769 0.00010713105602803098 0.00240237906232289 0.0028892921274431623 0.0018869771327178558 0.0012316873353160763 7.862516378134437e-06 0.0 0.0 6.75861578347311e-06 0.0 0.0 0.0 0.0 0.0 0.0 0.0 0.0 3.177050773827643e-05 1.9411927116775754e-05 0.0 0.0 0.0 1.8213079587036305e-05 0.0 6.831685663876845e-05 0.0001368596599999294 0.0 8.565009578013836e-06 0.0 0.0008207915198711994 1.2111360996548773e-05 0.0005197258352636077 0.0003417236648440397 6.704532813285649e-05 0.0 0.0 0.0 0.0 0.0 8.817916962396547e-06 0.0 0.0 0.0 0.0 0.0 2.0354772664897188e-05 1.4106984598625486e-05 1.6382603358287384e-05 0.0 0.0 0.0 1.6292161861437223e-05 7.129821647671282e-05 4.7541206599534156e-05 5.64737217969698e-06 5.539142870644143e-05 0.0004107250789167723 2.0094815281436902e-05 0.0 0.0 0.0 0.0 0.0 0.0 0.0 0.0 0.0006285230155267783 6.311939038920212e-05 0.0 0.0 0.0 0.0006465945993050709 0.0 0.0002152695020608054 0.0 3.6597656500168934e-05 3.3637202718086556e-05 4.259411766044056e-05 7.393065229826622e-06 0.0 0.0 0.0 0.0 0.0 0.0 0.0 0.0 0.0009143071200776028 0.0002630790343543846 0.00047187664053321873
0.011701869451101124 0.022690183472877355 0.13842549735141849 0.0014987070350238815 0.008560963108932377 0.0005991593688748868 0.007184917903113281 0.0 0.01933658889753319 0.0008277326846464311 0.21622765603188082 0.0006749833828702745 0.010098247161767777 0.09410367911191657 0.0003832333986214375 0.0007914625797207992 4.2290293356430554e-05 7.183109004480146e-05 3.143367003543065e-05 0.00037606965650558067 0.0018831612069245426 0.0 0.0025714886122401867 0.00191430069815384 0.002174790516835463 0.0009981261568801623 0.000807678805717851 0.00012153433452597764 0.0001407589730851291 0.0002885943306381256 0.1124813767073559 0.06693951280498722 0.010079557158108182 0.00027529612337302736 0.0014253498748685296 0.0004893074136966941 0.0010847765171936841 0.0005137434741014912 0.0006232233523298249 0.0004855123897533576 0.0014426767103152582 0.0005194559192774467 0.0001321644134214947 0.0002892012282618875 9.367871473497556e-05 0.00013982849190632992 0.003008128816226382 6.820318416590438e-05 0.00010661389938748955 6.465945441612362e-05 2.6352267071089573e-05 1.1530386582970554e-05 2.9542426702740693e-05 6.016875968683673e-05 4.743441542299897e-05 2.2207019492680178e-05 0.0010321399317052818 0.013098714955318946 0.00027190573881397427 0.0006114178998873119 0.0004023938927504293 0.0005129267060524512 5.779277260542701e-05 0.014582429926166915 5.349446630383822e-05 3.200410309747812e-05 0.0 5.1218556403421616e-06 4.880415883717939e-05 0.0007028907116893781 0.0010835224068960856 0.0005184676548369516 1.5481497954512432e-05 0.0034278025721573803 0.0059354775957497306 0.002945201511908428 0.005633075364316484 0.0029888059800498253 0.04012985226639983 0.2503997123322143 0.00074540235520245 0.009075830763942064 0.0001935641377159315 0.0 3.306914551414e-05 2.82430599066888e-05 4.096866060147303e-05 0.0 0.0 5.479316202746036e-06 0.0 0.0 0.0008296720475174359 0.00018314100895905363 2.4997069946269345e-05 0.0009155510752641738 0.00014475449253451434 6.555563566238294e-05 0.00036348389543521497 0.008646161908036186 0.0 1.102204501153958e-05 7.861152269205137e-05 2.6290746178966635e-05 2.2262743739664695e-05 0.00027526673918623157 0.00010997137382556686 0.00023512221628018955 0.0004253164095742584 0.0001836903023049223 7.023893472150057e-05 0.0009702010217429594 0.0011000215829190892 0.0004247438357163887 0.0005775331854688774 0.0 3.887366313595668e-05 0.0 0.0 0.0 0.0 0.0 0.0 0.0 0.0 0.0 3.42245854995125e-05 8.82982896534547e-06 0.0 1.0025447309507163e-05 0.0 0.0 7.798288764902036e-06 0.0 6.009365191461426e-05 8.660506128889067e-05 0.0 0.0 0.0 0.0004465139150899158 4.971967126876573e-05 0.00037277932202292406 0.00030159518412070587 4.6731575003888854e-05 8.952464180640179e-06 1.4826823805780601e-05 5.9875643100503015e-06 0.0 0.0 8.126844144159592e-06 6.409687561196405e-06 0.0 1.8315325135769043e-05 0.0 0.0 0.0 4.662706341740408e-05 2.540112845100534e-05 0.0 0.0 0.0 1.4461729560827857e-05 4.9189833882833206e-05 0.0 0.0 0.0 0.0003438446415982158 1.4512355807021095e-05 0.0 0.0 0.0 0.0 0.0 0.0 5.846154020982513e-06 0.0 0.00035316935236610506 7.289011056777953e-05 1.537555169368269e-05 0.0 7.473951889003444e-06 0.0003314304993573111 0.0 0.0002025323730333124 1.8779943721405432e-05 4.362325069230064e-05 4.46115726132337e-05 8.033945475418273e-06 0.0 0.0 0.0 8.631167225462755e-06 0.0 0.0 0.0 1.5405999502240324e-05 0.0 0.00035125686650669695 0.00027493426485614115 0.0003085109696469716
0.002506608545099382 0.0688372975189968 0.08903584908049071 0.0016554824026626341 0.2735433127894461 0.0003443311457437622 0.07294095939645392 0.01933658889753319 0.0 0.0034256541716264663 0.08323630682331537 0.0010185162075796851 0.027438359757359025 0.13244636118815423 0.0006789225808369059 0.0004127977650932816 3.443453490197773e-05 5.719870900822399e-06 7.423280312708753e-06 4.8797807482448945e-06 3.5835134562949486e-05 0.0 5.5693801045243035e-06 1.4424627106448619e-05 1.7338789975855116e-05 1.2635393792892102e-05 0.0 6.044757345786034e-06 0.0 0.0 0.006765526430809014 0.0029490126677600343 0.0007935218397755068 1.5667166778820847e-05 1.34149514364866e-05 1.3692071170213632e-05 0.00011680793261554609 4.061546854573591e-05 1.8603670378434328e-05 5.793989355263665e-06 1.0999958036436604e-05 7.704729304784894e-06 1.6609283306753965e-05 6.690482070725268e-05 1.6003171248977024e-05 5.35492105794542e-05 0.0038045653413357632 3.114877361904089e-05 3.922262033211267e-05 2.669193720429523e-05 2.4963949998329133e-05 0.0 0.0 4.347352069399394e-06 3.57679198362275e-05 6.857103139670929e-05 0.0005618727139927733 0.004667186106774718 0.00025726606196766594 0.000999410824573007 6.204296778047227e-05 0.00018692740055564742 5.858212295289733e-06 0.006418573569111711 6.950342578618227e-05 6.914149997512491e-05 1.9920137371108706e-05 1.61656376038302e-05 1.0777562483538317e-05 2.44170927949231e-05 0.00010922633295128623 0.00014106962541091578 5.249210326714982e-06 0.003393102481838073 0.006946148803530586 0.005161182565237719 0.0037239665128815922 0.00047724495967372773 0.0002956782613995833 0.0036137556227443966 9.172110719911663e-05 0.0003355364938717857 0.00028303370999155635 0.0 7.473395263396835e-05 1.1225549595147665e-05 1.5451825430885838e-05 0.0 0.0 5.693640660982459e-06 0.0 0.0 8.797980783777373e-05 2.2353233370540118e-05 0.0 0.0002493921065150637 0.0 1.5207072324237757e-05 1.903082386887985e-05 0.001598049859027044 8.021501661588382e-06 4.306410482551505e-05 3.11886986900467e-05 5.461490257179671e-05 1.4809858197500579e-05 0.0001887878993311774 0.00019006050734775285 7.209718334818014e-05 0.00024858820427038565 0.0003324421676824545 0.00018031671932460693 0.0007770976495540409 0.0006830111900891714 0.00046945221192957754 0.0005091085118847831 0.0 0.0 0.0 0.0 0.0 0.0 0.0 0.0 0.0 0.0 0.0 0.0 0.0 0.0 0.0 0.0 0.0 1.0494253088020057e-05 0.0 1.1904227668221257e-05 0.0001249860334214336 0.0 0.0 0.0 0.00022427492955812714 1.0660829527845216e-05 0.00021442606729445363 0.00013992089054199329 2.5000525782354366e-05 0.0 0.0 0.0 0.0 0.0 7.7194097151669e-06 0.0 1.975498719385711e-05 0.0 0.0 0.0 0.0 6.147805470974818e-05 7.123874057968227e-06 0.0 0.0 0.0 0.0 2.4103354283672548e-05 0.0 0.0 0.0 0.00010765527668726906 0.0 0.0 0.0 0.0 0.0 0.0 0.0 0.0 2.125965308474988e-05 0.00023251621398295166 3.872726606840839e-05 7.488338354706958e-06 0.0 0.0 0.0003062366757413058 0.0 0.00013858730793111555 0.0 1.9736237822718867e-05 0.0 2.7280972898802004e-05 0.0 0.0 0.0 0.0 0.0 0.0 0.0 0.0 0.0 0.00026605745568018536 9.315554367788044e-05 0.00015144608005219825
0.09596644944939584 0.09232672953945134 0.0025517102912597763 0.12886594397266127 0.005876105321461798 0.0496366231385672 0.13289067729523923 0.0008277326846464311 0.0034256541716264663 0.0 0.000988537601322123 0.09216047265300809 0.3860575963867228 0.04428970809714685 0.00022200356949139867 8.386131436563445e-05 6.8410796497881275e-06 0.0 0.0 5.545571520207366e-06 0.0 1.5587896581715438e-05 0.0 3.093830268674864e-05 2.0773160622219416e-05 0.0 0.0 0.0 1.6983960895938698e-05 8.200525653808493e-06 0.008502383016020314 0.0012665269255177013 0.0030200888260893464 5.576252521761136e-06 0.0 0.0 0.0013821231667632162 0.0 5.31128779771247e-05 1.3865707890170303e-05 0.0 0.0 0.0 2.1704897024240343e-05 2.2765660185860908e-05 2.2899812050848557e-05 0.0021555158959979527 1.6779226791743774e-05 1.3919237132139083e-05 5.849835105612904e-06 2.7574673168607016e-05 2.8362043478553027e-05 0.0 0.0 2.7924300969872138e-05 2.6570644601180685e-05 0.0008909224666080219 0.004694974905790292 0.00014210176985693837 0.0003143909296425844 1.9880342682559645e-05 0.0007231498177454218 0.0 0.0028567255156396187 2.624808634761334e-05 1.8151095580165523e-05 1.2187310413232243e-05 1.1686736178051334e-05 0.0 5.212978911264601e-05 0.005897504217402517 0.0005416917631068036 3.0812215841254614e-05 0.002287490025803882 0.003279842829273317 0.0015409226168959865 0.0007489943554351097 0.00011792639865971358 9.410047067210367e-05 0.0009037120692001729 2.5412129178718862e-05 0.0006408770921120127 0.00011038491379863675 0.0 3.68015690546901e-05 9.619272776942495e-06 6.4132083548494905e-06 0.0 0.0 0.0 0.0 0.0 7.055346160265994e-06 0.0 0.0 0.012330994908816742 0.001396169965137448 0.0 0.00025141973083216335 0.019799504619588182 7.781073607403706e-06 0.0006945448081943233 0.0005712756280647615 0.0002774330030483627 3.728605437509952e-05 0.0020180246404787783 0.0009516954896322096 0.0005230417139594143 0.0019712521529553846 0.0016159463503816064 0.000314231969127124 0.003577214682612917 0.003986136291760352 0.0022903983116490012 0.0012308841382582343 0.0 3.441990776614794e-05 8.753335120123921e-06 0.0 0.0 0.0 0.0 0.0 0.0 0.0 0.0 0.0 3.630544558122302e-05 0.0 0.0 0.0 0.0 0.0 0.0 8.975304476604419e-05 5.956332337469589e-05 0.0 3.6430690314935404e-05 0.0 0.00047866855851967915 0.0001380803617790963 0.00040600486152760507 0.0002501657735820724 0.0001484517674882541 0.0 0.0 0.0 0.0 0.0 0.0 0.0 3.2081542799661955e-05 5.3022734630838734e-05 0.0 0.0 1.0689987531454284e-05 2.7212690811753012e-05 1.6132771878314636e-05 0.0 0.0 0.0 2.8533295928637382e-05 9.047650056758229e-05 8.242276546529548e-05 0.0 0.0 0.00029235363866740257 8.525569585825635e-05 0.0 0.0 0.0 0.0 0.0 0.0 0.0 0.0 0.0005435520945815468 4.378113169709752e-05 0.0 0.0 0.0 0.000651184550600318 0.0 0.0001881935235637912 1.9158335574985543e-05 6.541889764500926e-05 6.978278445306459e-06 0.0 0.0 0.0 0.0 0.0 0.0 0.0 9.486604187645695e-06 0.0 0.0 0.0013857832476677325 0.00033047621847328695 0.0001699235719902944
0.022881139644614742 0.1333909408981892 0.2555671134074132 0.0005186812998109868 0.09850524059211063 0.0002555052239904446 0.010709410591316849 0.21622765603188082 0.08323630682331537 0.000988537601322123 0.0 0.0015939243725689447 0.05946596186446968 0.24025000704398952 0.0008032599124673041 0.0015396612633622286 6.43436255796792e-05 3.6833826328740796e-05 0.0 7.836499703824028e-05 0.0003999100022693766 2.8341834665076243e-05 0.0006991533116514015 0.0007566359959870465 0.001367186451575817 0.0005382838119651358 0.0004929649135893513 0.00012673200359269895 0.00012939522836687243 0.0002481963802198357 0.057987457277548234 0.013145258368810269 0.013569403747648177 3.8841969917910666e-05 0.0006131702868381963 0.0002865174296968224 0.0036583058469068204 0.00037548164891646775 0.00075303880569143 0.00027073848075710017 0.0005410250989125771 0.0003413555292764039 7.993451207880803e-06 0.00033729347925770417 4.230655658179836e-05 8.385008324884864e-05 0.002800763430491867 2.602062363708559e-05 0.00012740394944472575 6.716184845766132e-05 2.3922403061159717e-05 6.849975565368183e-06 8.706842324934345e-06 7.635213491263359e-05 2.7368309517362938e-05 5.092714880864475e-05 0.0005468598105878474 0.008615985071142022 0.00018813453975538775 0.000683558490779859 5.992373086101486e-05 0.00021218098606891103 8.595384484552638e-06 0.006197880663892678 4.1362261872392316e-05 2.8272996466473344e-05 1.0192853243456852e-05 2.9064909600297984e-05 1.1431593599078402e-05 0.0001564659004380928 0.002724154324841942 0.00015471327842492966 0.0 0.0028351129144405032 0.004524338440379419 0.004073204868758184 0.003987810421197944 0.0011194972030342922 0.0018516547259978034 0.06707561459195557 0.0003106911615332647 0.001336625001388482 0.0002709168219938747 0.0 4.08539754447961e-05 1.9292518283135004e-05 1.0382518126502662e-05 0.0 0.0 6.250330757838797e-06 2.2129544274128196e-05 1.0499759527045057e-05 0.00015815567156460996 0.00010714615562502131 2.0383066125334207e-05 0.0007827450226683788 0.00021182532562558751 1.618009089638431e-05 0.0005671929112583641 0.009524894305637271 0.0 4.341955357259153e-05 1.906818194764563e-05 0.0 0.0 4.569477884828e-05 0.0 3.590401996093638e-05 6.800039925607193e-05 3.1163498892203725e-05 3.3334714483767834e-05 0.0002879202136144353 0.00032136904873155477 0.00028555628247072966 0.0001977851776912915 0.0 1.8476801705520388e-05 0.0 0.0 0.0 0.0 0.0 0.0 0.0 0.0 0.0 0.0 6.109552753588187e-06 0.0 2.864180404118019e-05 1.6737331496946957e-05 2.572360305417928e-05 0.0 0.0 0.0 7.1223730240933e-06 0.0 0.0 0.0 0.00013903880088211775 7.964848147524069e-05 0.00010235232121645255 6.344078548171254e-05 2.8286883366419597e-05 0.0 0.0 0.0 0.0 0.0 1.5541159845155154e-05 0.0 1.1938855192525263e-05 8.536365627101669e-06 0.0 0.0 0.0 6.69821085302306e-06 3.894238964492817e-05 0.0 0.0 0.0 1.4206032272262915e-05 0.0 0.0 0.0 0.0 6.802169692662485e-05 6.3638546227413835e-06 0.0 0.0 0.0 0.0 0.0 0.0 0.0 0.0 0.00015122603699136922 2.3949557661212795e-05 0.0 0.0 0.0 5.05788846489883e-05 0.0 8.90779127219379e-05 0.0 1.1507319169178408e-05 4.859673810666224e-06 0.0 0.0 0.0 0.0 0.0 0.0 0.0 0.0 0.0 0.0 0.0001988081986365855 8.718233125180678e-05 9.646822403127109e-05
0.003903023275026494 0.04005408958683563 0.0015546432764059572 0.006800331035518729 0.0014877913283551831 0.006561245702867239 0.02157574994406453 0.0006749833828702745 0.0010185162075796851 0.09216047265300809 0.0015939243725689447 0.0 0.09131869023381191 0.012161905222830295 0.0007534998104866074 0.0020115963526217257 8.621966102776933e-05 0.0 6.400995397412569e-06 3.34923150961846e-05 0.0001346550024765086 0.0 6.458326666591704e-05 0.00021694096403222112 0.00018208192581511067 0.00011589310480868792 0.00011620501936750578 2.1507349844068627e-05 8.726995994576367e-06 8.500265014696613e-05 0.00174904302220227 0.0008221881823558334 0.01533305895515853 6.8699194080457535e-06 4.9440661223076036e-05 0.0001252709078737536 0.017225001499055557 0.00016227178170151812 0.0004519687474300294 0.00011092691834458411 0.0002063552946165093 4.672355905306175e-05 0.0 0.000335696739986309 2.7269933850796536e-05 6.256799176387934e-05 0.0026943942888842318 7.3295180354366524e-06 6.076659456155242e-05 4.0558884896106314e-05 1.0906476618865259e-05 2.3172951614739738e-05 6.455521434292694e-06 1.5788730427902843e-05 0.0 6.6107200186530654e-06 0.00022095446644690558 0.0008730540294457325 6.846087270768883e-05 0.00038536477185774793 6.519456364612306e-05 0.0007486775634508402 1.4548034802750568e-05 0.0014738056298171831 1.1786789058371509e-05 1.2119025989580087e-05 0.0 1.4083332099400143e-05 5.350164201216622e-06 8.468631286567247e-05 0.006675276731225939 0.00025040016572295436 0.0 0.001227339140200254 0.0021206814103396066 0.00309977526848697 0.0023037810525435003 0.0008330234935193405 3.887245371015708e-05 0.003287880534810552 7.787510902398652e-05 0.0005874906072503634 0.00010876428275985176 0.0 7.12983473264902e-06 0.0 8.758079359195617e-06 0.0 0.0 0.0 6.433057331438444e-06 0.0 9.883161168107996e-05 2.4772339659485897e-05 7.963315569506376e-06 0.03113896328222293 0.0010402636798502445 1.7929019674580576e-05 0.00032092206869591074 0.0011229830247477678 1.8893842377456113e-05 0.0006390197131690322 0.0005578927030459327 0.0003749372881398861 0.00014329965050028702 0.0018743111364332762 0.001612521384562992 0.0017915126877047925 0.00271747512365765 0.00200515322873652 0.0007950054159535286 0.007238737886744938 0.007015479210862013 0.004549916088451369 0.0031750504629996117 4.839741090219736e-05 7.094999250663089e-06 0.0 1.7662090801909148e-05 0.0 0.0 0.0 9.924957484394624e-06 0.0 0.0 0.0 0.0 7.816479407490814e-05 0.0 7.36679400596712e-05 4.6620792441822615e-05 1.877487282521089e-05 3.16673023129624e-05 0.0 0.00014547797310404605 0.0002317890027928025 0.0 0.0 0.0 0.001249364116342101 7.216285124360507e-05 0.0008507083190027505 0.00048014958826756874 5.673560594340217e-05 0.0 0.0 0.0 0.0 6.451852499998771e-06 5.406524004262754e-06 0.0 1.311350766378384e-05 5.311291349349285e-05 0.0 0.0 0.0 5.9581961990843976e-05 1.1619169558892292e-05 0.0 0.0 0.0 0.0 0.00014375685597871362 1.9266199719695322e-05 3.0693138805263676e-05 0.0 0.0006980941182197891 3.0389979965835828e-05 0.0 0.0 0.0 0.0 0.0 0.0 0.0 0.0 0.0012947233028970234 0.00011176330638310267 0.0 0.0 0.0 0.0013170021462998343 1.608270127635468e-05 0.0003585934649170523 1.2795675423783482e-05 0.00012323643824401387 5.621886288162142e-05 2.0810174285678275e-05 1.569921609518962e-05 0.0 0.0 0.0 7.26584326251373e-06 0.0 0.0 0.0 0.0 0.002730047694135814 0.0004752825798595591 0.0005016993666192771
