0.0 0.14427122491753325 0.07385433460303703 0.10655684734934866 0.0020120089577362267 0.02665117747697468 0.00176756016520028 0.010465595339152015 0.0009535632301489065 0.12050438532843365 0.021427460189090055 0.00023949095229319303 0.00024223888254395782 0.004929662648265883 0.0017375440658799217 0.0017510388593087096 0.00012351070105885286 1.0491458029079344e-05 0.0 4.207611062307537e-05 5.6453501384914635e-05 0.0002610243592344714 0.00016080027313291332 0.00019823207463340252 2.2538468987683832e-05 1.1847806491512975e-05 1.713729108823031e-05 0.0 0.0 3.442661241307945e-05 0.11994875520754189 0.001220797956991754 0.004777663616053006 0.0 0.00019222830966846244 0.0007369207999786998 0.0006201115651513102 0.00010037062820270012 0.00013006249924585772 2.421607226904144e-05 7.946377831219027e-05 3.607300134380653e-05 5.276518594887519e-05 0.00012615694367740777 0.0 0.0 0.005680475258352842 0.00013177097544395238 0.0 8.369093676324214e-06 1.2073480372582733e-05 0.0008526388598168459 0.0005905470893921201 7.626212816244902e-05 0.00014910501797906834 0.0007115529564915455 0.002557060087556304 0.018734686938310957 0.0012093032375656966 0.0022542068469976525 7.649325172624642e-05 0.001869875423845229 0.0 0.0016594031450115918 0.00023872338768524966 0.00010723864588742264 2.3575621179231134e-05 1.87864240866958e-05 3.9290645185290086e-05 0.0001612584449320742 0.0008490211051755392 0.005636671427256668 0.0017623563738810518 0.0028775146291904375 0.001548961229318114 0.005653614760689133 0.003729182992667492 0.00030531438689119107 0.0027191264691680613 0.04664871984193584 1.6266898525170466e-05 0.008179320771595052 0.0004457316174607018 3.2706142272135e-05 0.00010264391429213236 0.00017660764406802538 8.704991036941944e-06 0.00010487770211540109 9.019043987434993e-05 0.0004830469880145653 5.0732544456531266e-05 3.875318448031259e-05 0.00031438945514191666 6.832638901356502e-05 2.8465006909737115e-05 0.04861098149221783 0.046054582520789124 0.010414177779521297 0.0007860840983491297 0.1264510680643466 0.0 0.0 0.0003702656985524164 0.0004176129955674302 0.00023621964034747556 0.0003130408151297353 0.0010930672278149079 7.499655802209355e-05 0.0009236622676412705 0.006118721385208556 0.0004450315911288105 0.00036525761780393254 0.0007530310844343586 2.7620064099823993e-05 0.0006908312970299889 0.0 0.0 0.0 0.0 1.2444361116228395e-05 0.0 0.0 1.0540060978077342e-05 1.6647967921390135e-05 0.0 0.0 0.0 2.1692060332453092e-05 2.378201896233177e-05 0.0 0.0 0.0 1.758199845837468e-05 1.2837889203180166e-05 0.0001939772998156815 0.00033915311312257985 0.0 0.00022347224637458228 5.932068355554191e-05 0.00013060362953646752 0.00018534133676733282 6.522882581498644e-05 8.608103567487811e-05 0.00014489401498649665 0.0 0.0 1.864135976448321e-05 0.0 0.0 3.6336577701949204e-05 0.0 1.8491726857881795e-05 2.2584867533388723e-05 0.0 0.0 3.571536690927259e-05 0.00013136716389851048 0.0 0.0 0.0 3.7789529414982306e-05 0.0 2.3016129037912728e-05 0.0 0.0 7.27644760423356e-05 7.443763935712057e-05 0.00017751692562006796 0.0 0.0 0.0 0.0 0.0 0.0 0.0 1.5215275503343811e-05 0.0002726442755080097 0.00014801915477303824 0.0 0.0 0.0 5.436115669565192e-05 6.32878377762536e-05 0.00010956446174711756 8.30638320922871e-06 0.00012234999554336316 1.919080181572031e-05 1.1534876692784998e-05 2.965701959283808e-05 0.0 0.0 0.0 0.0 0.0 0.0 0.0 0.0 0.005713728646228662 0.0002805501753235354 0.0001945411112614976
0.14427122491753325 0.0 0.3589224281569663 0.019370851358737038 0.03582780365215747 0.005940599774196257 0.0400727748168368 0.017640529124231655 0.033383446040513035 0.19786488556317863 0.0522199905078764 0.010240111048036103 0.016249975720202228 0.152681169442766 0.005855212842466919 0.005079432395605015 0.00015887089185762484 1.702647689489763e-05 0.0 3.8651840270931455e-05 1.9355902009187405e-05 0.0 5.2614203218182104e-05 7.180316990959704e-05 4.38129987619599e-05 1.3036498978616367e-05 0.0 0.0 9.844199476708522e-06 2.4257452730979223e-05 0.16707894961375053 0.002766680810370149 0.0030862154256705025 0.0 3.279870069130851e-05 0.00017967858404162898 0.0007066082286362597 0.00022621987961100867 0.0001026051300537422 0.0 0.0 1.0360583434290083e-05 9.784798597955643e-06 3.899539436948368e-05 0.0 5.076413670486918e-05 0.019198253059511304 0.00025236939190931165 7.366905774025942e-05 0.0 0.0 9.227955055481157e-06 4.032029842777018e-05 0.0 0.00020927727412886358 0.00036333150037147477 0.0019560169344239237 0.014248945082685977 0.001655450050574531 0.004717875088505929 0.0 0.0009099923763042307 1.7419171617957838e-05 0.002798736234005466 0.0001831419349835231 6.479855281130755e-05 4.852499334181049e-05 5.1169601055547053e-05 2.583059646729422e-05 5.829053374221473e-05 0.0007228659210428954 0.00359909333649902 0.0 0.004482751491398338 0.0036474785985171412 0.012983317484641547 0.012356699733556516 0.00047780777508356435 0.007062597728066556 0.015880527455495563 2.7655018974779256e-05 0.002583472991904745 0.0006084443997307361 0.0 8.166746757753289e-05 0.000197671859845591 2.5122884226417293e-05 0.0 0.0 0.0 0.0 1.2069320845887692e-05 5.785268488397029e-05 3.198956866150896e-05 1.7729432928488885e-05 0.010751348707788235 0.001009878222742364 0.0 0.00082404313477523 0.048134887080809374 0.0 3.5278191637117115e-05 0.0008831321763178391 6.084848487079742e-05 0.0008137838703571405 0.0007115670335126351 0.0007513386569552163 0.0006661669101251436 0.0024999696070996382 0.006188854943378838 0.0006877777025611545 0.001631268590420594 0.0012173261842348133 0.00015235549715345362 0.0022289181432461674 6.917706327204024e-05 8.138673532645308e-06 1.0382934426236195e-05 0.0 0.0 0.0 0.0 0.0 7.660626303010945e-06 7.936364337547279e-06 1.4295118453069566e-05 0.0 9.554139450551278e-05 7.3154359736835575e-06 0.0 8.67997752360481e-06 2.5943231862385156e-05 1.7059994432607935e-05 2.6238540357315322e-05 0.00043148592073499623 0.0006875088893363615 1.5660155247881027e-05 0.00043003825097114696 0.00015236861020390005 0.00040505521210070964 0.0005380904317281494 0.000250067873546245 0.0002400389430846381 0.0006200745305130074 0.0 0.0 3.262749844433469e-05 0.0 0.0 8.278969713960422e-06 0.0 3.159464898282418e-05 0.00012877268597310547 0.0 0.0 0.0 0.00010928408153758622 0.0 5.0420947244455666e-05 0.0 8.315896949756894e-06 4.7545477843403145e-05 3.488328057715198e-05 0.0 7.029821217926412e-05 0.00024357469193450555 0.00051743681639519 0.0005683430353452756 0.0 0.0 0.0 0.0 0.0 0.0 8.505303921550464e-06 8.451455487182501e-06 0.0013733305542483305 0.0003261458083993056 1.1577447863990283e-05 0.0 0.0 0.0003399245051050229 7.43511637650792e-05 0.0005895355381128024 1.4796600644389659e-05 0.00013126705945880102 0.00015525848546334538 2.7884596472868523e-05 6.400447967365833e-05 0.0 0.0 0.0 0.0 5.4077453638209276e-05 0.0 1.055561047426884e-05 0.0 0.009877326932493784 0.0006527862517486647 0.00051425498333382
0.07385433460303703 0.3589224281569663 0.0 0.011514995245119246 0.020437790415529435 0.0001587925291326806 0.030320383207383436 0.14424389371777796 0.01502162927241682 0.10651799695035159 0.10600876161077313 0.001082672175468855 0.000968332173984942 0.07449704730388654 0.007461161894009062 0.005539042666366953 0.00012827818229278192 2.674040243527812e-05 0.0 0.00010121435908803585 0.00015059375660499139 0.0 0.0007657647739800423 0.0005712385982967063 8.808990342355652e-05 7.133029457472648e-05 0.0001397860293548119 5.5715847049022074e-05 3.5032572049859873e-05 0.00028583602945034806 0.25004762294887234 0.028838048123746983 0.00590051428880727 2.915034628037961e-05 0.00040812693239993013 0.0015231453874358688 0.0004688941062806872 0.0002287988212997908 0.00016652618781402628 5.619900385344743e-05 6.421345379095356e-05 0.0001221453102335577 7.219599590238719e-05 0.00023840337860280326 1.9012305480015405e-05 0.00012717420784189127 0.02125988423591978 0.0005692256021813193 9.989147910290842e-05 3.5148033059036604e-05 1.7626499559801397e-05 0.0002171842923890074 5.0014064119929e-05 1.9627513665950402e-05 0.00043107621928914654 0.0011879100319998174 0.005321779364849027 0.039263902557236205 0.0033678245055080054 0.007638431659279992 0.0002672795892675215 0.004033960874868608 0.00012489180513601284 0.0158206977980924 0.0005122190309271766 0.0003406187469500774 0.0001160687204025326 0.00011156607916364153 0.0001675804958985107 0.00030467357248919894 0.00048432654766285705 0.003531711355623868 0.0 0.010016414592962786 0.009877799182639986 0.02492078366201373 0.023593753309238324 0.0008952253756579846 0.019620326532215182 0.11919284887646724 7.137723676274724e-05 0.03741654836228745 0.0011704374680766541 1.8283274504614136e-05 0.00047225449401986426 0.0004413825034637335 9.920872004433111e-05 1.9167673813049527e-05 0.00011535129884248952 0.0 3.0908529286564856e-05 0.0 0.0005271438635343175 0.0003414904230393855 5.230181175794255e-05 0.0025448688151423707 0.0006322696826767368 3.298254991488969e-05 0.0006093695616052089 0.03771744568519602 0.0 0.0 0.00021686225525553121 7.796031957609667e-05 0.0002712029570775584 0.0003456886477856198 0.00019565095439748616 0.00021832524910290452 0.0008385023191754096 0.0018524349308408335 0.0003053009834561905 0.0005873177022136347 0.0003907951572510585 7.973764939945641e-05 0.0008813687484892623 5.163750604109778e-05 1.5180203944184168e-05 0.0 9.333711386340704e-06 0.0 0.0 0.0 7.567976392813536e-06 0.0 0.0 0.0 3.330692802521633e-05 0.0 7.749404419153676e-06 0.0 0.0 2.0100708556426176e-05 0.0 0.0 0.00023294835094302482 0.0001694921212853792 0.0 8.926307160764892e-05 3.1279478979967644e-05 0.0002180060302907514 0.00019668456429526048 9.575203137272049e-05 0.00014534509424237038 0.000369808451608171 0.0 0.0 0.0 0.0 0.0 0.0 7.6695002693503e-06 3.231782519567461e-05 0.00010587773679634132 1.9665418794937056e-05 0.0 2.8021400083793214e-05 6.483798411664931e-05 0.0 0.0 0.0 0.0 2.2961412101796206e-05 2.329210110383627e-05 0.0 2.2589433465863816e-05 4.57918687254342e-05 0.0002461885938020705 0.00026775542347514314 0.0 0.0 0.0 0.0 2.4308479529131994e-05 0.0 1.0473315624232392e-05 1.6236846375734775e-05 0.0005784262093763971 0.0001330895009867252 0.0 0.0 9.973207787206011e-06 0.00014554562466632996 9.96712615343506e-05 0.00039110875997289704 1.2683676441556545e-05 2.274497351031235e-05 5.9054800032448845e-05 0.0 8.460072217889458e-06 0.0 0.0 0.0 1.0741950507826633e-05 0.0 0.0 1.2855080233974305e-05 2.3080862252210434e-05 0.0037410950291726715 0.00019655586957356225 0.00026435416974529314
0.10655684734934866 0.019370851358737038 0.011514995245119246 0.0 0.05633544637714591 0.009538395932395102 0.0037595939367499726 0.00016504172407304576 0.010039559960364717 0.0657942047911004 0.002350408625702573 0.00085531395923472 0.0002502505181380116 0.006199299691262349 0.0001772922833334415 0.0002685268154575861 1.9062547311702298e-05 0.0 0.0 0.0 0.0 0.0 0.0 2.8889867357480676e-05 0.0 0.0 0.0 0.0 0.0 0.0 0.0011065181851096376 0.00026287950946641636 0.002378481234240609 0.0 0.0 0.00011124428600622911 2.7831773666137992e-05 1.3709270930063574e-05 0.0 0.0 0.0 0.0 0.0 0.0 0.0 0.0 0.0007082634517546202 0.0 0.0 0.0 0.0 2.783120615659847e-05 0.0 0.0 3.189466727654963e-05 1.2017836592615448e-05 8.182750659363468e-05 0.0004103120072197808 0.00012733611115334957 0.00012230094972477126 0.0 0.00012411071643099385 0.0 0.00032240492208834056 8.124048891369264e-06 7.58212103770335e-06 0.0 0.0 2.177408004643942e-05 0.0 2.9728041820560887e-05 0.0002416783767086138 0.0 0.00032936357688073475 0.00017339788834394977 0.000609926795641981 0.0006186140758730366 2.0357658445120816e-05 0.0005278397760850259 0.006664626152800708 0.0 0.0005632459371454341 1.407398730022971e-05 0.0 0.0 0.0 0.0 0.0 0.0 2.3799758939269262e-05 0.0 0.0 2.9815187683799066e-05 0.0 0.0 0.012731495410600566 0.00044469641508872886 7.30410474407635e-05 1.823354184036457e-05 0.005813135065779039 0.0 0.0 0.00034079612285222875 0.0001398902104489122 3.586892862607401e-05 0.00010095930001383508 0.00010188676441240908 2.9454938462321352e-05 0.0005589883592548942 0.0010165566564400508 4.2925196385222686e-05 5.416698357189619e-05 3.2809414422802265e-05 1.9436471126360107e-05 0.00014482214016850765 0.0 0.0 0.0 0.0 0.0 0.0 0.0 0.0 0.0 0.0 0.0 0.0 0.0 0.0 0.0 0.0 0.0 0.0 0.0 1.2148388979885777e-05 2.2851164755024614e-05 0.0 1.692068940405168e-05 0.0 0.0 0.0 0.0 0.0 9.5962806802421e-06 0.0 0.0 0.0 0.0 0.0 0.0 0.0 0.0 3.595737525299973e-05 0.0 0.0 1.4115924664052071e-05 9.16205234722584e-06 0.0 7.446914276634833e-05 0.0 0.0 0.0 0.0 0.0 0.0 0.0 2.2580745796464415e-05 1.5631514579531373e-05 0.0 0.0 0.0 0.0 0.0 0.0 0.0 0.0 6.860430360630024e-05 3.4036262644740365e-05 0.0 0.0 0.0 2.0171230898409737e-05 1.8053600211673506e-05 0.0 0.0 0.0 0.0 0.0 0.0 0.0 0.0 0.0 0.0 0.0 0.0 0.0 0.0 0.0006119892572413087 4.222437845708114e-05 0.0
0.0020120089577362267 0.03582780365215747 0.020437790415529435 0.05633544637714591 0.0 0.0 0.024853950871258017 0.016993251835427315 0.02627861436058081 0.011125554949932975 0.05661891977554412 0.007023868611029355 0.021845831814305074 0.15639443026646763 0.0014061773739143804 0.0020908930628435675 1.665140082372149e-05 0.0 0.0 0.0 0.0 0.0 0.0 0.0 1.7064039927012324e-05 0.0 0.0 0.0 0.0 9.081525660672923e-06 0.0002442744152852526 0.00029555886939875234 0.0008482222373778551 0.0 2.6124507403685473e-05 2.0928375474305615e-05 0.0002606025677138989 8.879691953707772e-05 5.5175967135738844e-05 9.10914269032045e-06 0.0 1.1910483146708345e-05 0.0 1.779653562770978e-05 0.0 0.0 0.0033053956683363793 8.494122790260719e-06 0.0 0.0 0.0 0.0 0.0 0.0 0.0 7.427631814072739e-06 0.00020200974762873598 0.0004891778008627735 0.00012800090946317078 0.00043834589251344345 0.0 0.00012211469654138833 0.0 0.00037522926228799117 3.201976534024327e-05 0.0 0.0 0.0 0.0 0.0 0.0004452842243649211 0.0013831325796779157 0.0 0.00043127630949542595 0.0004454417579855209 0.0011077708649603003 0.0023641672169243 0.0002841022254871385 0.0032611190368218982 0.003904539918638041 0.0 0.0002444900284685861 1.9830918764399868e-05 0.0 1.571364567389462e-05 0.0 0.0 0.0 0.0 0.0 0.0 0.0 1.100602409979482e-05 0.0 0.0 0.004567012817679419 0.00026022977029960053 0.0 0.00024597389354004065 9.716213478956294e-06 0.0 0.0 6.952278663602859e-05 0.00014666763478253964 0.00011357600171100846 0.00027471999601303933 5.641469858312832e-05 0.000194657886956909 0.0005775268161476979 0.0005255851481976621 0.00015364722378196637 0.0003869287684595551 0.00021937826106455043 7.540531671261006e-05 0.0009821633639971084 1.0517235293572472e-05 0.0 0.0 0.0 0.0 0.0 0.0 0.0 0.0 0.0 0.0 0.0 0.0 0.0 0.0 0.0 8.370121955875379e-06 0.0 0.0 0.00021221791497295862 0.00013811542977763125 0.0 0.00010282961388852292 1.8387836811314017e-05 0.00015947357372902749 0.00014373998964170817 0.00012630392069240247 9.442548511685294e-05 0.00016992210523046093 0.0 7.658295933815364e-06 0.0 0.0 0.0 0.0 0.0 0.0 3.609024474989695e-05 0.0 0.0 0.0 5.496247283148047e-05 0.0 0.0 0.0 0.0 1.204576257021323e-05 7.192355353364638e-06 0.0 1.0129045508971426e-05 4.8215484511802056e-05 0.00016727282484472135 0.00021787635237203553 0.0 0.0 0.0 0.0 0.0 0.0 0.0 0.0 0.0004655947059276557 1.9274055332572355e-05 0.0 0.0 0.0 5.512783357547214e-05 3.5859783501555136e-05 0.0001347507287007625 0.0 8.424578341467336e-05 5.551792876009256e-05 0.0 8.177154126912689e-06 0.0 0.0 0.0 0.0 0.0 0.0 0.0 0.0 0.0018655731976720503 0.00020079079879483923 0.00025025743764392743
0.02665117747697468 0.005940599774196257 0.0001587925291326806 0.009538395932395102 0.0 0.0 0.0 0.0 0.0 0.025619491585046495 0.00011542921273103397 0.00012454087672833893 4.6594739586902864e-05 1.6535404790948506e-05 0.0 0.0 0.0 0.0 0.0 0.0 0.0 0.00017677002074608546 0.0 0.0 0.0 0.0 1.5758119593205545e-05 2.2766058876427908e-05 0.0 0.0 0.00022790637873699394 0.0 0.00030682009710204653 0.0 0.0 2.700300819299338e-05 0.00025220512972058505 6.414117190420612e-05 0.00019788022468570542 0.0 0.0 0.0 0.0 0.0 0.0 0.0 4.175665976847037e-05 0.0 0.0 0.0 1.2424507564043236e-05 0.0006980770625889766 0.00012881662089094957 3.280729023989967e-05 0.0 2.4895771019167285e-05 0.00010822468443064227 0.0003205819568074535 0.0 0.0 0.0 8.528854904462151e-05 0.0 0.0 0.0 0.0 0.0 8.68343296720292e-06 0.0 0.0 0.00028449962470516657 0.002764478799103223 0.0011462471472159462 0.0 0.0 1.276522013702725e-05 6.431468927187153e-05 0.0 0.0 0.0004987616248412187 0.0 0.00011122891286230109 0.0 5.890269090139637e-05 0.0 0.0 0.0 0.00012549754598991002 2.6207191422062688e-05 0.00033172625898221026 1.479431469474917e-05 5.291444957648885e-05 0.0 0.0 1.4640251766251627e-05 0.004887127320989635 0.0207879226630095 0.007292853848228972 0.0004315906368526928 0.014233101477327531 0.0 0.0 0.0 1.8606235167048837e-05 2.8816307248312435e-05 0.0 4.138353020197652e-05 0.0 4.1423794208231414e-05 0.0004602279180455316 0.0 0.0 7.628603847967194e-05 0.0 1.5895085633846578e-05 0.0 0.0 0.0 0.0 0.0 0.0 0.0 0.0 0.0 0.0 0.0 0.0 0.0 0.0 0.0 0.0 0.0 0.0 0.0 5.6773145166243934e-05 0.0 0.0 0.0 0.0 0.0 0.0 0.0 0.0 0.0 0.0 0.0 0.0 0.0 0.0 0.0 0.0 0.0 0.0 0.0 0.0 0.0 0.0 0.0 0.0 0.0 0.0 0.0 0.0 0.0 1.6658543753369624e-05 0.0 0.0 5.129595148550256e-05 0.0 0.0 0.0 0.0 0.0 0.0 0.0 0.0 0.0 2.468916572381681e-05 0.0 1.8191377737917774e-05 0.0 0.0 0.0 0.0 0.0 0.0 0.0 0.0 0.0 0.0 0.0 0.0 0.0 0.0 1.5466410408193674e-05 0.0 0.0 0.0003329864530304443 1.4679769258789814e-05 0.0
0.00176756016520028 0.0400727748168368 0.030320383207383436 0.0037595939367499726 0.024853950871258017 0.0 0.0 0.0067049907057019275 0.03465428391910961 0.0589000554772599 0.011790562181496225 0.1036193089426695 0.13675497595715558 0.2378578941675161 0.0015206429773255959 0.0028422215682730014 0.0001026586920814267 1.779253123796829e-05 0.0 0.0 0.0 0.0 1.9900987629134558e-05 0.0 0.0 0.0 1.2343434583260685e-05 0.0 0.0 0.0 0.00043985618987208396 0.000142216746966165 0.0016852360307434194 0.0 1.1445751175942835e-05 6.226216107842075e-06 0.0006651652644066086 0.00014489106871033583 3.959536863696177e-05 1.6304578904467978e-05 0.0 0.0 8.811101398285258e-06 1.8778060613750637e-05 0.0 0.0 0.00437583457833729 1.7874424986052167e-05 0.0 0.0 1.1824933735539296e-05 0.0 0.0 1.0962842988430242e-05 0.0 5.5844250060209304e-05 0.00024333468180777858 0.0005559897283501538 0.00018060616446142894 0.0005972287040603337 2.1703474832151617e-05 0.00028893728543880406 0.0 0.0004833109515521134 9.610126321858167e-06 7.98749986416323e-06 0.0 0.0 0.0 1.0421980541107801e-05 0.0007879056276187287 0.0033062379466359663 0.0 0.0004244598310911857 0.00037884001123618556 0.0012489975822530728 0.0023885782764546137 0.00027395360222501054 0.0022996258467071168 0.0027266355545125373 1.0960513945191528e-05 0.00023554915036779825 2.356767936057001e-05 0.0 1.3403292460216291e-05 0.0 8.929427137275387e-06 0.0 9.596409298058302e-06 0.0 9.063256626945068e-06 0.0 0.0 9.210542589890061e-06 0.0 0.022520929018080307 0.0019885603552692124 0.0 0.0006012410011455961 2.8112346802393628e-05 3.069806545672838e-05 0.0 0.0003003415931698579 9.932863494262763e-05 0.00039596671522180304 0.0012570896908324265 0.0001644129294700624 0.0004589161051594033 0.0027044640533697823 0.0017635714681583333 0.00035683672893745046 0.00254668269828169 0.003971061787093732 0.00014086840065342994 0.0021999650416686277 6.344021408761499e-05 0.0 0.0 7.260186002906078e-06 0.0 0.0 9.217735905899175e-06 0.0 0.0 7.994811853312035e-06 0.0 0.0 3.3902805748950595e-05 0.0 8.486142518850421e-06 0.0 1.27309242626354e-05 0.0 1.6893624635439688e-05 0.0003963919946719169 0.00042659289061203854 0.0 0.0001861595794467727 0.00010171434493703038 0.00038283644722539263 0.0004392068900091148 0.00017526440335221072 0.00015431503002494282 0.0005814668240534503 0.0 0.0 6.648751490217521e-06 0.0 0.0 2.65249450518766e-05 0.0 0.0 0.00015565608224894675 0.0 0.0 0.0 6.618507408525187e-05 0.0 0.0 0.0 0.0 4.7402851955870886e-05 1.8025131254738257e-05 0.0 2.7831251239131985e-05 9.972809071975792e-05 0.0005192288000308769 0.00037399144641381906 0.0 9.045005493634936e-06 0.0 0.0 0.0 0.0 0.0 1.7825658944359397e-05 0.0014933756210675632 0.0001149335945839628 9.116516999442054e-06 0.0 0.0 0.00028233169583357655 8.08795143938081e-05 0.00038954589041337404 2.2124175753200124e-05 6.531968899830417e-05 8.534307504294904e-05 9.01050343295011e-06 4.960423936009058e-05 0.0 0.0 0.0 0.0 0.0 0.0 0.0 1.2012762155681465e-05 0.006668322290719291 0.0004367665698181234 0.0005788396414018951
0.010465595339152015 0.017640529124231655 0.14424389371777796 0.00016504172407304576 0.016993251835427315 0.0 0.0067049907057019275 0.0 0.016018678245890955 0.005364981895720856 0.12598392630288402 0.00028582502732323544 0.00013884068376489393 0.033506209935481694 0.0023841583358085615 0.00435515934195164 0.00013424759503016323 7.029718124779922e-06 0.0 5.5113002747903114e-05 0.0002377329363575732 2.411598639272807e-05 0.00047280101432514265 0.0004912131081914006 0.0 3.0248428178948632e-05 5.499497999005733e-05 1.642853929716885e-05 2.0175746444523843e-05 8.308537093565152e-05 0.07820085385357362 0.06447419165068756 0.005079385715293476 4.0021799017637084e-05 0.0004955379631444896 0.001701225513898615 0.00035828552178676713 0.00020147178040823497 1.63079368902363e-05 0.0 0.00010257026136598342 2.5895418520702075e-05 3.3845786288732724e-05 0.00013539422352456333 1.4043349740836788e-05 1.283907593457706e-05 0.007447776440972548 0.00012349000022022903 2.0469370311253165e-05 8.827683615983432e-05 7.871612559853425e-05 0.0001424394725821386 3.890959170055283e-05 3.3680672835696944e-05 8.512453282089403e-05 0.0002137241754559144 0.0012056893460997246 0.013503979860840724 0.0006854429457742984 0.0017219550608146017 0.00044108006529872395 0.007611779084912761 2.220056479134633e-05 0.018140582047417322 0.0001168935404910164 7.660572203970728e-05 4.259016951528883e-05 3.6775977266750806e-05 0.0002494699717493517 0.0006378901267706953 0.0004388964543352556 0.002349064845985291 0.0 0.003037466338988209 0.004497624187381427 0.00807812126256096 0.015434648061467878 0.0003632660504774899 0.08202513933311181 0.06997300902741421 1.4347383694937092e-05 0.02971794421614118 0.00017112282679827118 0.0 9.689935864639013e-05 6.840242004335685e-05 2.5642791914375678e-05 1.8119058724378025e-05 4.303783111733519e-05 0.0 7.165196905899918e-05 3.069685353215099e-05 0.0007636692522981238 0.0003513768907061549 2.4136016297176666e-05 0.0004044613080637734 0.0007870160265814999 0.0 0.00025919952965822786 0.003074878882954125 0.0 0.0 3.481251094421253e-05 0.0 2.456299960186596e-05 5.0629427442817557e-05 0.0 2.1073429188863248e-05 7.116370466871813e-05 5.688064977123399e-05 5.418754452207044e-05 6.541190598358416e-05 6.782929441352126e-05 0.0 0.00040761759325118845 9.248933682068843e-06 0.0 0.0 0.0 0.0 0.0 0.0 0.0 0.0 0.0 0.0 0.0 9.699848519290946e-06 0.0 0.0 0.0 8.41403698436642e-06 0.0 0.0 1.9937963925335146e-05 4.202566525700924e-05 0.0 2.632100890770149e-05 4.091893347881155e-05 9.714981665025882e-05 0.00016685534467290533 4.376932903548944e-05 6.1444414969828e-05 0.00011102723747458598 0.0 0.0 0.0 0.0 0.0 0.0 0.0 0.0 0.0 0.0 6.147562070173887e-05 1.5955303965008592e-05 7.689721111587906e-06 1.302628513286186e-05 0.0 0.0 0.0 1.6345869864317167e-05 8.641536708043469e-06 0.0 1.535897740487449e-05 0.0 0.00011601343463091974 8.273308077027423e-05 0.0 0.0 0.0 0.0 0.0 0.0 0.0 3.688941818063908e-05 9.462685155661782e-05 7.831958228566456e-05 0.0 0.0 4.05151570712267e-05 5.604408236787784e-05 3.651957632419954e-05 6.97979531831548e-05 0.0 0.0 8.651318291858997e-06 0.0 9.109829535978103e-06 0.0 0.0 0.0 0.0 0.0 0.0 0.0 0.0 0.00030950247668610456 0.0001338323590403463 6.267954644432073e-05
0.0009535632301489065 0.033383446040513035 0.01502162927241682 0.010039559960364717 0.02627861436058081 0.0 0.03465428391910961 0.016018678245890955 0.0 0.009011297238907453 0.096140234147058 0.02422748668785659 0.05130989399091975 0.11472055429529171 0.0016615607851208647 0.003330101876583822 0.00010320539271683914 0.0 9.61004875338139e-06 0.0 0.0 0.0 0.0 1.0973025674198356e-05 1.3185159958833509e-05 0.0 0.0 1.8366421944916737e-05 0.0 0.0 0.0006768646572088604 0.00020068415208394282 0.0011486202533273404 1.6827729219947156e-05 0.0 1.001170694486955e-05 0.0004436150820143386 1.643151341842386e-05 4.997941288909651e-05 0.0 0.0 0.0 0.0 4.564686738617285e-05 0.0 0.0 0.004060093178235699 2.400271984216794e-05 0.0 0.0 0.0 1.0267319606062778e-05 0.0 0.0 0.0 1.5411221431432115e-05 0.00024437795196431504 0.000612796930055575 0.0001977203819112201 0.0006364753009584674 0.0 0.00023290932736942 0.0 0.00039282535301595937 0.0 0.0 0.0 9.42550008755232e-06 0.0 1.3325806855740217e-05 0.0006885187062640959 0.0016153586063353785 0.0 0.0006223803980146012 0.00048029301471537434 0.0018350709210175214 0.0034830778870766394 0.00043441231549850115 0.00524672079049826 0.008243248201904044 2.5665297380296914e-05 0.00022030892035619797 1.735684368941876e-05 0.0 1.7557270025764174e-05 1.3490764508844e-05 0.0 0.0 1.0219246376833558e-05 0.0 0.0 0.0 1.0402518146198713e-05 2.9177660328882796e-05 9.004351656060844e-06 0.011012250648717841 0.0005627666382125165 0.0 0.0003936963694417256 3.5353636593973274e-05 9.181010878525078e-06 0.0 0.0001422068480351666 3.513473570058547e-05 9.318551721468403e-05 0.00016343874697017838 2.0102553625408048e-05 0.0001286559328189609 0.0007746758531891562 0.0006491580784012674 0.0001705260964842707 0.0007342858969432804 0.00043040270546483166 0.00012627644355120448 0.0012319292230215633 4.2771277323045334e-05 7.4076496440713804e-06 0.0 0.0 0.0 0.0 1.009328577819726e-05 7.775423007796786e-06 0.0 0.0 0.0 0.0 1.6700792717055968e-05 0.0 1.2733471425778905e-05 0.0 8.243740365933475e-06 0.0 0.0 0.00023050262880375307 0.0002559016150398669 0.0 6.437772128350754e-05 2.7741216115878354e-05 0.00021937729974582103 0.00019301480032176178 0.0001498431748526139 0.00011768497762641197 0.00027326565469720863 0.0 0.0 0.0 0.0 0.0 1.3399400113830165e-05 0.0 0.0 4.6707433987074425e-05 0.0 0.0 0.0 3.5340240451735465e-05 0.0 0.0 0.0 0.0 0.0 1.6802909959291182e-05 0.0 0.0 5.785428796582375e-05 0.000311106458864278 0.00021690197827138404 0.0 0.0 0.0 0.0 0.0 0.0 0.0 9.330795607187882e-06 0.0006501404215026958 4.819327141937022e-05 0.0 0.0 0.0 0.00012710646006465414 6.826105447782766e-05 0.000210609087085411 1.2176239377942076e-05 2.593241139136352e-05 1.7566111506160263e-05 0.0 0.0 0.0 0.0 0.0 0.0 0.0 0.0 0.0 0.0 0.002489329899136971 0.00022717402955453042 0.0002446335619735944
0.12050438532843365 0.19786488556317863 0.10651799695035159 0.0657942047911004 0.011125554949932975 0.025619491585046495 0.0589000554772599 0.005364981895720856 0.009011297238907453 0.0 0.00652234045408847 0.08738349631141715 0.15798489461934145 0.018214216105863067 0.005595293126628579 0.004839947200616543 0.0001559583327910595 7.663091919807064e-06 0.0 8.62494036890465e-06 9.138602137036122e-06 1.3111041621823821e-05 6.0869324271913964e-05 4.9233977838302294e-05 1.4608684711094208e-05 0.0 6.293451800536826e-05 1.1130121729031525e-05 1.4743026020114951e-05 0.0 0.013874611554648702 0.003844511790684909 0.00458124799558929 0.0 4.39855355845214e-05 0.00011988082120496638 0.001309497225772307 0.00038431157026321623 0.00022140762678045178 2.2901712219769584e-05 8.435034174350264e-06 0.0 0.0 7.544485077960911e-05 0.0 0.0 0.01670230950298455 0.0001810438900056846 2.5365154446625877e-05 0.0 9.14301425851453e-06 2.1014366429111726e-05 7.040770638253468e-05 0.0 9.608801425755621e-05 0.0002334050310407092 0.0017392308785947063 0.008127498069158195 0.0012227564695394333 0.0040387834927040015 9.305564636924391e-06 0.0007544846600100982 4.790817146636709e-05 0.003549903662194572 0.00015868071583084782 5.471903974709862e-05 3.28676451446191e-05 4.42123153136191e-05 2.825906591877753e-05 1.2796324433237729e-05 0.0016076036090301555 0.006300283801918121 4.107623174206711e-05 0.004182694377633669 0.002921868927965486 0.011317500120738642 0.010081157278570391 0.0004333530867880794 0.002951012383248022 0.007575304235102656 2.0734241466277476e-05 0.0016991101240789858 0.0003395766694917437 0.0 6.515180562137106e-05 8.69702190356934e-05 1.4901139083865917e-05 0.0 1.0767383686512504e-05 1.3577860648699627e-05 1.9084918855979865e-05 2.739606092440797e-05 2.8945753787554813e-05 4.5952426190671394e-05 3.264452240456345e-05 0.040069376992031405 0.004996319133166644 0.0005772375281599271 0.001509590526835002 0.033990109884367355 3.1772060685811025e-05 0.0003065649955972259 0.007274965133405753 0.005743295944950024 0.005197503719273003 0.006063257667532035 0.016484739386980966 0.0033255014712190926 0.022364540532947643 0.0689849836724124 0.0037279027461735426 0.009887784680058425 0.010658731077347794 0.0008651906778036171 0.008883926957845612 0.00029635249568893705 4.500467266308108e-05 1.8269688750544205e-05 4.1129862719508705e-05 0.0 0.0 2.56315086844071e-05 1.3243124163319868e-05 1.5153108678564207e-05 0.0 0.0 4.241262985746422e-05 0.00012934806705557357 0.0 6.362685047253279e-05 1.829860588090085e-05 0.00020003465796829248 0.0 5.648244105653803e-05 0.0026590758370749657 0.0027144632220665074 5.2552225342256195e-05 0.0014201777175701594 0.0002889622372951469 0.0012106720195256822 0.0013390257124101846 0.0005452044866765426 0.0005924902241550223 0.0011591763663392626 2.1698212772320797e-05 8.557294027367867e-06 2.6506254363864715e-05 8.37801345447336e-05 8.200276825755999e-06 0.00025404739098879427 8.715801563287072e-06 4.488541742832645e-05 0.0005148966145252429 0.0 8.808477329643408e-06 0.0001686933204485171 0.00033967957965618596 1.1016204796627632e-05 0.0 0.0 7.772647780071978e-06 2.199390645772113e-05 9.939807795572059e-05 0.0 0.0002485824160005919 0.0007809654235161532 0.0018534463740546663 0.00181986724034401 4.1321643154096074e-05 2.0210109942715967e-05 0.0 0.0 7.770252438989864e-06 0.0 8.296085828191512e-06 5.0978522715121315e-05 0.004098282262874576 0.0011071280927829924 8.775754703075489e-05 2.7617061470496313e-05 0.0 0.001150483172340575 0.0006130302401222478 0.0018774004969146422 3.256755127135218e-05 0.00022371644718799068 0.0003503377953248175 0.0 0.0002003642603486792 0.0 0.0 2.5494073918013204e-05 0.0 8.371127694159786e-06 2.9448250335878966e-05 0.0 7.531501308309065e-06 0.11928370847439757 0.0035876297697665974 0.0013620374843538294
0.021427460189090055 0.0522199905078764 0.10600876161077313 0.002350408625702573 0.05661891977554412 0.00011542921273103397 0.011790562181496225 0.12598392630288402 0.096140234147058 0.00652234045408847 0.0 0.0005583992492150144 0.00990333280852542 0.1553428892020349 0.004771807358485807 0.014391235008548704 0.0005113196178091244 8.491999933314986e-06 0.0 6.900241022231735e-05 0.00011637904005516588 0.0 0.0003207040118001349 0.0004507406568760013 0.0003469566198968417 7.455511184286613e-05 0.00013542120409491427 6.65693914128198e-05 2.4928571214211977e-05 0.00020900844101471753 0.011380993577298333 0.013654385572231626 0.016325329944481822 3.193245174346128e-05 0.00025016475657374364 0.0025998349184437556 0.001043106671358432 0.000948126383346724 0.00023507341560694177 5.1579064492138926e-05 1.3616705881105722e-05 0.0 3.538020346578132e-05 0.0005431334766332867 1.3231679829591817e-05 0.0 0.010899716459936766 3.408568304614751e-05 8.197331146275806e-05 9.419089483882407e-05 6.26205420266714e-05 0.00019977949745839127 0.0 5.97885527402572e-05 4.8592749737767324e-05 8.289193371795756e-05 0.0006332546087421442 0.003834268055873658 0.0005552589988240046 0.0017259668520473188 6.61054802093556e-05 0.0055917739999740085 0.0001444301495285444 0.003196650240864952 0.00010925241105779309 5.855741173295882e-05 4.383098868176703e-05 4.030786824511074e-05 0.00015616543067938654 0.00055131704441357 0.0015480658305344797 0.0048459762224079056 0.0 0.001804864045011925 0.0020024774904906727 0.0060522289808404295 0.010299388125511101 0.0018693646586298764 0.042724472510122895 0.07787951305165057 3.000812567873223e-05 0.014072671491572566 0.00013163306797393508 0.0 6.907798711188189e-05 3.6799703275969075e-05 1.0274335906830006e-05 1.117075435129574e-05 2.8479075975085462e-05 0.0 3.309655900129592e-05 1.3792132626661111e-05 0.0007102126143174445 0.0003458751257186919 0.0001256102496717796 0.0070080710753793116 0.0011864514966824127 0.00010210508586264551 0.0010131941968932671 0.0007517118143668044 2.496072036443448e-05 3.6706753036541066e-05 0.00010735711284081914 1.700611550123201e-05 0.0003347908317109336 0.0002848971353035715 4.398670308954371e-05 0.00025758290448131777 0.0007991974862516315 0.0005322063482930972 0.00023719597752727028 0.0008093774186703061 0.0004136648469494865 0.00012181817214401017 0.001345411040690278 2.9585498142354445e-05 2.1199794867322737e-05 0.0 0.0 0.0 0.0 0.0 0.0 0.0 0.0 0.0 0.0 2.703113770497041e-05 8.85245998193472e-06 0.0 7.40684810314465e-06 0.0 0.0 3.733536266854134e-05 0.00021244615656950335 0.00035957914983742866 0.0 0.00010763885613401088 1.2130432871978782e-05 0.0003929222141651697 0.0002898851602914478 0.0001536802706049886 9.622007027991491e-05 0.0003498120295594162 0.0 0.0 0.0 0.0 0.0 0.0 0.0 4.9933814558361494e-05 9.801386318374826e-05 0.0 0.0 4.754815826521189e-05 4.5672860118657036e-05 3.222844774702752e-05 0.0 0.0 0.0 0.0 3.5121162543105784e-05 0.0 1.9874125731923374e-05 0.0 0.0002929745357063662 0.0002739247951490739 0.0 0.0 0.0 0.0 0.0 0.0 0.0 1.9738887413081396e-05 0.0007051142100500882 0.000147629284338107 1.7350771469941578e-05 0.0 1.4662854027024231e-05 0.00018454368222018303 9.64050744119282e-05 0.00026455169621396806 7.607152451458204e-06 4.882186513988808e-05 9.589661503556846e-06 0.0 2.089250104826236e-05 0.0 0.0 0.0 0.0 0.0 0.0 4.685917914296663e-05 0.0 0.0024460171149515647 0.0002556885868094477 0.0003884160014614545
0.00023949095229319303 0.010240111048036103 0.001082672175468855 0.00085531395923472 0.007023868611029355 0.00012454087672833893 0.1036193089426695 0.00028582502732323544 0.02422748668785659 0.08738349631141715 0.0005583992492150144 0.0 0.1926644225528152 0.02065126545761239 0.0002551652946165837 0.0020091633130830074 0.00018820184009321587 0.0 0.0 8.755281929032955e-06 0.0 0.00010389344897310421 2.2869100973578576e-05 1.4574103755975728e-05 0.00039393353539097077 9.343090674842471e-05 0.00010911945603667791 0.00016651813328903136 2.771941473305404e-05 0.0001961118371154637 0.00015630286876067251 9.48693538192783e-05 0.016195531705787847 0.0 1.5604122962551408e-05 0.00047136159201301256 0.04423228261434014 0.0017831314216699436 0.001352402316010561 0.00016020129465904316 0.00010214531274210811 1.6821403079729734e-05 1.4143100150062546e-05 0.00019706281338122182 7.490086371492713e-05 0.0 0.0006149339144087571 0.0 0.0 1.3190394836548528e-05 3.849536542689095e-05 0.00020162251120712312 0.0011477781493910819 0.00024783113613192334 0.0 1.649704220684238e-05 1.0679322913035382e-05 4.226233993923468e-05 7.824222198411251e-06 7.438100773928659e-05 9.86412463056456e-06 0.0009404427848409741 4.6265753776459787e-05 0.0004030849820721875 0.0 9.711646220524331e-06 1.0437134239174195e-05 0.0 1.005009671109147e-05 6.222365263905915e-05 0.01391009259249345 0.01663871999941316 6.946880560597382e-05 2.8625641943451095e-05 0.0001781083355321353 0.0001476904394577963 0.000503072425314485 0.00013703494531563644 0.0004431960869368008 0.0003384440464167623 2.602274419193403e-05 0.0002904753211521455 0.0 0.0 0.0 0.0 0.0 2.7912688858053244e-05 5.159252560626327e-05 0.0 1.469343457027183e-05 7.004424967139317e-05 7.906503258496277e-05 0.00017244265840855896 0.00035525923473665147 0.07366760068669882 0.00623575996681754 0.00011256200603020464 0.005911684033442411 0.0 0.0 4.019347927206183e-05 0.00149240628560301 0.00021589060798517883 0.001201045749678955 0.0014603286071076197 0.0010262309836045248 0.0010159374246380003 0.005259329950815746 0.008750239801026993 0.0015409361863111895 0.003471273406888768 0.002525450511614038 0.0004431194041992083 0.004719995420166805 0.00011172699132234091 0.0 8.040806645150597e-06 7.88320407479383e-06 0.0 0.0 1.0312890754681997e-05 4.206086874887725e-05 0.0 0.0 0.0 0.0 7.55802939587872e-05 8.18797658686963e-06 3.324747808605933e-05 8.148775998022903e-06 8.663286179656394e-05 0.0 2.8478729900342902e-05 0.0012885641504438825 0.0012832301004368305 2.996896685752685e-05 0.0004505624031904032 0.00011426601309067546 0.0007400999194693393 0.0007532027640258049 0.0004151677381760406 0.00023137222446673516 0.0008750571831897383 1.6621150443734035e-05 9.153684233431646e-06 2.26561874384284e-05 5.539755110284914e-05 0.0 5.416255686489223e-05 0.0 1.7390217360808895e-05 0.00026087098845545905 0.0 0.0 2.8960064840031565e-05 0.00021742851640666098 0.0 1.889036385664613e-05 0.0 0.0 2.569203397458407e-05 2.5446397149887545e-05 8.433542472873718e-06 9.489335629050356e-06 0.00018909437945086415 0.0009202428045457519 0.0007157954655452587 0.0 0.0 0.0 0.0 0.0 0.0 0.0 6.959745524513851e-05 0.0025133172803100887 0.0002999676547696745 0.0 0.0 1.5846510529942805e-05 0.0004611643293380727 0.0002856863043897442 0.0007492871630081226 1.928511712774398e-05 0.00026756136504665646 0.00014072055712562197 0.0 0.00012997888109086695 0.0 2.5481599978777125e-05 0.0 0.0 0.0 0.0 0.0 1.1485726123600503e-05 0.026713018795917646 0.0007193266802856159 0.0009105460680472302
