0.0 0.12772687586684195 0.018897711687013652 0.13768275040462902 0.0005989643747345671 0.006926335356046641 0.03770525340818114 0.003624142861645858 2.0388817024022224e-05 0.10777036425424319 0.0042934308022137616 0.005585693942523733 0.012888921814576654 0.012108183324498423 0.00035263809184090186 6.185551303529321e-05 3.686075773340392e-05 2.025447063070159e-05 0.0 0.0 0.0 1.5664192726384508e-05 7.452453553784685e-06 0.0 0.0 0.0 1.20309294107548e-05 5.117821682887231e-06 0.0 0.0 0.03531490096050242 0.0008722129699693695 0.0016454209528817471 0.0 0.0 5.728444063246977e-06 0.0009193100062161938 0.0 6.328826242285108e-06 0.0 1.1445177735696393e-05 2.2987387055633575e-05 0.0 5.1819531717470705e-06 0.0 5.427516266940078e-06 0.002120823666716752 0.00041855657297946503 5.443867887471713e-05 0.0 0.00014601814328295154 0.0 0.0 0.0 0.0019025956556807506 0.0024336206609985823 0.010102499428082508 0.026245097537781818 0.005607471945360375 0.004178817957124931 5.287190089795466e-06 4.010567178860358e-05 0.0 0.00016969271495459858 0.0018483948596350883 0.00047478056667987534 0.00019461183057394203 0.00014326656530820852 2.876975510800173e-05 6.163847216863626e-06 0.0012648581636584776 0.00034635496352757484 9.437240205545878e-06 0.02101351041836068 0.003359062454905117 0.0015628524230137024 0.00031993564989377934 0.00013717573842315467 1.941312061975412e-05 0.0032460266524054113 1.3476649351518187e-05 2.8359799773537724e-05 0.004573856162379882 7.310545034552162e-05 0.000553129738881489 0.0023789082219736225 0.0003941825360959407 4.6730200482707944e-05 0.000407235926556346 1.3490460934167018e-05 0.00013227365691297703 7.508730214535907e-06 4.774953876147914e-06 7.33386877074547e-05 3.394632449378881e-05 0.00405123947420092 0.00036924001259140113 1.2801753161324894e-05 9.45185891853231e-05 0.05782093968886768 1.888946786896993e-05 0.0003252287488372048 0.00011147867931987054 0.0015300471424181438 0.00025145391044558227 0.00028063197797894375 0.0013123008473465928 0.00027426729007538474 0.0014382010638464208 0.0013400089004265698 1.1343461534550911e-05 0.0006398586903335226 0.001271561658384876 0.0009955415058899026 0.0001315321908933582 5.256019677859996e-05 1.2803159789977625e-05 0.0 0.0 0.0 0.0 0.0 0.0 0.0 0.0 7.203177216876435e-06 0.0 5.80799872403394e-05 0.0 0.0 0.0 0.0 0.0 0.0 8.065327737511561e-06 0.0 0.0 9.282099290151374e-06 2.3404736632530776e-05 0.00010823294357982594 1.6056315565253267e-05 0.00011095729633529487 0.0001463525326285777 4.718076427441673e-05 0.0 0.0 0.0 0.0 0.0 0.0 0.0 0.0 8.51628348763012e-06 0.0 0.0 0.0 0.00012488715738556984 0.0 1.1301137395665196e-05 0.0 0.0 0.0 3.779175844314356e-05 6.998907838296098e-05 1.9843805073126094e-05 0.00016282157579347535 3.979199359904402e-05 0.0 0.0 9.40081156330554e-06 0.0 0.0 0.0 0.0 0.0 0.0 0.0003127082675179026 2.0919369348224217e-05 0.0 0.0 9.516142216430767e-06 5.546453766489525e-05 9.001710390868488e-06 2.066666072686274e-05 9.253233787111409e-05 0.00010738170617618427 1.614794678244975e-05 2.209973436673611e-05 0.0 6.356050540387844e-06 0.0 0.0 0.0 1.3691587644566829e-05 0.0 0.0 0.0 0.0004626877405419578 0.00021911753186039894 0.00027552750867478694
0.12772687586684195 0.0 0.05735447041603298 0.15010060496102595 0.09952655567095152 0.005598651792776315 0.3498849965960757 0.022528188201379085 0.09055594455778498 0.1467229237078722 0.05686754957275773 0.02176142897983712 0.11506105003706044 0.16738012477045522 0.003447747256713853 0.0016778418047221448 0.00012621191140746923 5.523210678847983e-05 6.754610985241952e-06 3.0295448381931038e-05 0.0 1.2922721383117271e-05 1.1422988560197348e-05 1.196946701588402e-05 0.0 7.499552123781807e-06 5.880882722483792e-06 1.2813606794267506e-05 2.782793984660322e-05 0.0 0.06910976398882274 0.0016273846895778381 0.004514342204278774 0.0 0.0 1.1032220303800002e-05 0.004028028256785188 0.0 0.0001228976474277072 8.20687400611036e-06 1.146129040437962e-05 2.9327554759590227e-05 0.0 9.270645491633589e-05 5.175044847201442e-06 7.678234954804066e-06 0.008590831836368558 0.0009353528648497687 0.00021177168684880407 1.5342476856203192e-05 0.00024292132683089896 0.0 4.987472574467869e-05 3.440799669081738e-05 0.0017792753683890778 0.0024229891516141543 0.004170473257000723 0.01807758505452888 0.005710443813597616 0.00940660676926244 0.0 0.00012200698527200649 0.0 0.0023898351864753615 0.0019226356776209758 0.0007780609369726579 0.00040464303462494136 0.0002327341955725595 4.598069816422441e-05 5.700134625292948e-06 0.003337473650991638 0.0015427877265776731 7.96499835983477e-06 0.020151948891002594 0.012228146368718613 0.012152459691234508 0.006357141743849557 0.002471603907936281 3.5312447399883095e-05 0.007193231585426462 3.068079600551436e-05 4.223854871023995e-05 0.005205541294711541 5.357736892293965e-05 0.0012905436989081628 0.0028481052572795515 0.0007057761756858559 2.2527065295805336e-05 0.0007328697678644541 1.2428614282239931e-05 0.0003741000587499116 2.9905567213544548e-05 3.5190292248805166e-05 0.00018220754626942047 5.234696633723577e-05 0.001205486755442155 0.00018529293647593831 5.636551693972533e-06 0.0004015587456787734 0.07632257195360688 6.665616390744416e-05 0.00018622836018991905 0.000360481533350451 0.0011418242105059868 0.0002878109647755614 0.003165795305592321 0.0008531772919412512 0.0008227603659297709 0.0021812279235714637 0.001933677369869191 0.00015260016728858543 0.0019825854695233076 0.0027130097268848775 0.002618617864163461 0.0005257738413183965 0.00010792194323538327 9.191514753902286e-05 0.0 0.0 0.0 0.0 0.0 1.0717838799914078e-05 0.0 0.0 1.0156689769293919e-05 0.0 0.00012224802633703825 0.0 1.1541547458321601e-05 0.0 7.561420663101175e-05 0.0 0.0 0.00012243392976969407 7.531766683443455e-05 0.0 4.5254034907627926e-05 8.942372032898477e-05 0.0002227748630804978 2.667360160343797e-05 0.00024866136521735333 0.00040578281513666356 0.000226942232599401 0.0 0.0 0.0 0.0 7.436705208370711e-06 2.8502501191010476e-05 1.688123326105877e-05 0.00012316045531117362 0.0002158056431209651 0.0 0.0 0.0 0.00016180475922127709 0.0 5.472458374804885e-06 1.4831377368002575e-05 0.0 0.00011713761179298314 9.389791590435434e-05 1.413906551225029e-05 3.499786047478594e-05 0.00018136004421560642 1.7202037632188424e-05 2.6695764986139194e-05 4.364630165260709e-05 6.537351800974873e-06 0.0 1.3966216919978582e-05 3.8473363524285024e-05 5.842062719416671e-06 0.0 0.0 0.0007469593019931695 0.00016717464700850856 0.0 0.0 0.0 0.0001659724304237977 8.32899645560534e-06 2.90716353954854e-05 0.00026896558324627135 0.0004054177139382003 0.00011059828638238908 4.095626345112836e-05 4.776385652778525e-05 8.329006588490197e-06 1.2012517498379877e-05 0.0 0.0 9.479551448032681e-06 6.345422065341847e-06 0.0 0.0 0.0009165187137810022 0.001331026578850294 0.0012074400863952134
0.018897711687013652 0.05735447041603298 0.0 0.006753369735403007 0.00963906418692741 0.0004574490496631985 0.013820873178216805 0.2521129989300797 0.00860083772393952 0.014167476757140845 0.14287212658192414 0.012994542511493823 0.062103719269551265 0.18087065036394231 0.0007837774339040702 0.000707112591737057 6.332175391023925e-05 2.2517667505684066e-05 0.0 4.7185123257248906e-05 7.631807504194595e-05 2.465233979028322e-05 0.0001267927928495957 0.00020279365332516626 0.0004009683176773524 5.432611726267253e-06 0.000594669189466635 5.046470421448043e-05 0.0001238293256589754 0.00013515332883049682 0.13977353119110655 0.04186815699948247 0.015914425494779973 5.7057238785227396e-05 0.0001901107234381433 0.0001894184332299178 0.00685926722036065 0.000323970252367643 0.0005318294490591936 0.0003521798381107562 0.00044390799477434347 0.00012746545704160595 7.238884766183338e-05 4.1361587136040334e-05 7.103389948539614e-06 1.598385208152507e-05 0.0015712419828009402 0.00015690175377623453 5.186935142763821e-05 4.431250705169088e-05 0.000172733391043161 8.368325267668093e-05 5.8248364466874136e-05 1.8347294968177087e-05 0.00048338199587780634 0.0006019800276639695 0.0023736977617726668 0.018004733197129218 0.0016986858802876656 0.0016370152541724421 3.642378398263408e-05 0.0007069408140064804 3.5308608878864145e-05 0.0009447328579405447 0.0003438650276939538 0.00018967482008848318 0.00024665913710723527 0.00022186405536793986 0.00014803123753032402 0.00010420100236999488 0.007278340457624446 0.005317079373463042 0.0 0.007517993488307746 0.003363307466272496 0.0016671916858340876 0.0014101801851209698 0.0009642349779909466 0.00022430547218534082 0.1054620568190939 6.521230841749485e-06 0.0018722277327610345 0.00124677869050943 6.725048293665106e-06 0.0002743345622979653 0.0008132619115850332 0.00014533297511102502 1.2973808164477858e-05 0.00018208196942735985 0.0 6.801115814244896e-05 0.0 0.0011646143471402647 0.0003717688435035544 5.445728423307573e-05 0.001161056153302115 0.0008553625181095842 1.4965735275965088e-05 0.001331221298813949 0.020438163241061343 5.7016910364073274e-05 0.0002238807177725399 0.0003420608818229211 0.00033426541031146686 0.0002019122355845569 0.0012804866384263194 0.0009451666886546655 0.0013362808849652068 0.0026351104796426407 0.0028322358156009724 0.00014761334261998715 0.00214382906635698 0.0026143250421606294 0.003009409469030452 0.0007110208841164642 0.00028010186597464745 0.0002283920614249748 0.0 6.729873389200805e-06 0.0 0.0 6.916401836618179e-06 4.9063051729384225e-05 0.0 0.0 3.0224308160848324e-05 0.0 0.00046717835323314207 0.0 0.0 2.2889145973409142e-05 9.157466648725356e-05 0.0 0.0 2.6492514975775693e-05 1.4588590222675323e-05 0.0 0.00022370772271402344 7.196424109703424e-05 0.0006643767772293777 0.00031004722917230535 0.0005437867280569346 0.0010232135319583476 0.0005556190708872896 0.0 4.778414901147292e-05 0.0 5.073814149416419e-05 2.23730118231905e-05 0.00010240996753079873 0.0 0.00032026172474679287 0.0005745936922965169 0.0 2.1598653077561555e-05 1.0373852230569164e-05 0.00026250884729547966 4.688908365671524e-05 4.4843230713764124e-05 2.429789700493492e-05 9.203130954929223e-06 9.329469605696995e-05 0.0002512608992547833 3.1212402610327386e-05 1.6232826274230246e-05 0.00032549994628874895 0.0002467188810569511 0.00013360871561819262 4.354710070983508e-05 3.966741254321365e-05 0.0 7.187822672214953e-06 0.0 0.0 0.0 1.5687678911145537e-05 0.0015390541969846037 0.00045030114042444406 0.0 0.0 0.0 0.0002755347827043589 5.659285512032763e-05 0.00020166637402984624 0.0005610075939709486 0.0009125190319918774 0.0002235457909234305 0.00013260839307961675 0.00012351166432449475 0.0 0.0 0.0 0.0 0.0 0.0 1.5478298505442193e-05 0.0 0.0006040195263669426 0.002307246039410729 0.002528518618944836
0.13768275040462902 0.15010060496102595 0.006753369735403007 0.0 0.0009779923289794212 0.02384498766040829 0.0843357688997468 6.82684431430814e-05 0.00023728865511065617 0.30609246592425826 0.0002107376853644702 0.012214310243762076 0.015973145689200365 0.0025367875803605786 0.0005050117426337299 0.00011153864112661087 2.7256617860170055e-05 1.189638266266536e-05 0.0 0.0 5.432695552860179e-06 0.0 0.0 1.343215401175854e-05 0.0 0.0 0.0 0.0 0.0 5.30048213180242e-06 0.005659908036407562 4.748569548141438e-05 8.897088170462512e-05 0.0 0.0 0.0 1.9657576466983423e-05 0.0 6.739653465432679e-06 0.0 5.210539882277704e-06 6.354437569352524e-06 5.007984895698413e-06 0.0 0.0 0.0 0.0024771797562805763 0.0002968588567103473 5.4096981876764734e-05 5.852071706729228e-06 0.00011668648424440765 0.0 1.009895351253729e-05 5.928965103483613e-06 0.0010351195846172686 0.0011572016536449106 0.003521368235078845 0.008017699008990986 0.0027487177068393847 0.0035286940169784184 0.0 0.0 0.0 0.0003312748708160167 0.0008077234526646975 0.00027644272879811534 0.00013720459641864818 8.236272591011058e-05 9.44175624809337e-06 0.0 9.402989028144655e-05 0.0004142330354391111 0.0 0.009371615677554736 0.0025768710155333586 0.002425691118984627 0.000752434620144433 0.0001651393575980232 0.0 0.0001507153189772626 0.0 0.0 0.0028095094208000723 7.241091017627168e-05 0.0003687844431545719 0.0014480160404972643 0.00020305473907879226 5.4095382262713995e-06 0.00035013533560500544 0.0 0.00010816981939183829 5.842202737461999e-06 3.0335854642064302e-05 3.6379457677817315e-05 4.1303078937691704e-05 0.0009718839671371179 0.0 0.0 2.887117791607197e-05 0.033417098679821906 1.2519822221200704e-05 0.00017494791322396507 0.00023466602868921763 0.0032213822291617174 0.0 0.0006756835733806507 0.0003646797432255947 0.00037595798582850613 0.002095977680588023 0.00035333393730995583 3.7938267061809335e-05 0.00023253341660434465 0.000639813842185136 0.0009116573300816906 6.102050897378166e-05 1.1591772483883478e-05 0.0 0.0 0.0 0.0 0.0 0.0 0.0 0.0 0.0 0.0 0.0 0.0 0.0 5.8243648990729184e-05 0.0 2.1457958892462287e-05 0.0 0.0 1.2240196051796318e-05 0.0 0.0 3.745552353071597e-05 0.0 3.25494616391313e-05 7.328310607048772e-05 3.0290418786355444e-05 3.049081500787404e-05 0.00012163390995374477 0.0 0.0 0.0 0.0 0.0 1.600584781104044e-05 0.0 0.0 4.9641459826433726e-05 0.0 2.0961272511802598e-05 0.0 3.078063117476143e-05 0.0 6.50639215304447e-06 0.0 0.0 0.0 0.0 5.964377048904029e-05 0.0 2.332359801760604e-05 5.3703388848420034e-05 0.0 0.0 0.0 0.0 0.0 0.0 0.0 0.0 0.0 0.000391007090335822 0.0 0.0 0.0 8.562520762414211e-06 1.1264174474041367e-05 4.736653137371262e-05 3.6406091965669845e-05 7.65446560196979e-05 6.0087662697240605e-05 0.0 0.0 0.0 0.0 0.0 0.0 0.0 6.519715514877357e-06 6.203118593892655e-06 0.0 0.0 0.00027730367719013764 0.00014253105880664398 0.00027743720374095597
0.0005989643747345671 0.09952655567095152 0.00963906418692741 0.0009779923289794212 0.0 2.8627579218784632e-05 0.15755431043365617 0.027295200829267518 0.15975251923451492 0.044924202300057184 0.08193841706098322 0.005992739417363878 0.04639805049864804 0.0983751602381699 0.0008657338315919105 0.0007456192417881046 6.036719905243829e-05 0.0 0.0 6.072401155108663e-06 0.0 0.0 0.0 0.0 0.0 0.0 0.0 0.0 0.0 0.0 0.0011321934971422094 0.0006682856384320942 8.138088299000397e-05 0.0 0.0 0.0 3.758172676929517e-05 1.0051229467192949e-05 0.0 0.0 0.0 5.535764494134372e-06 0.0 8.298553446627056e-05 0.0 0.0 0.0018235700415634166 0.00010351372241274656 3.326160815640989e-05 0.0 5.991715295902868e-06 0.0 0.0 0.0 0.00016659325800096774 0.00021709048186706125 0.0002428502349713122 0.0010634721845155285 0.0005570194903845326 0.0013703006199068724 0.0 0.0 0.0 0.0007299797544167639 0.0001383490339121346 4.749897186350837e-05 4.4910734610939396e-05 3.3514198867838455e-05 5.48398821601768e-06 1.5811841755182628e-05 7.786232991859473e-05 0.00023843368814142093 0.0 0.002116288189296097 0.002461890281320972 0.0027237447220406154 0.0024083330261744783 0.0011619799762446889 2.0476917852016608e-05 0.00016964877830526326 6.453158121265077e-06 6.222782378133374e-06 0.0005914898232012471 1.5576511491940428e-05 0.00015298726145304993 0.00036503212212653143 0.00013695924196876615 5.912769529378811e-06 8.762424249377243e-05 0.0 4.6740914626689574e-05 0.0 2.7048081247424085e-05 1.1901379556657991e-05 5.9987488997522104e-06 0.00012541334105464045 9.472030083953075e-06 0.0 3.708324226215864e-05 0.0002982094670908934 0.0 9.16630040562851e-05 9.840557395021456e-05 0.00012415471562108948 4.774488039795794e-05 0.0003221196688670574 0.0001881390952585432 0.00013857411614409868 0.0006039563307881752 0.0005104859977532546 6.099021533273792e-05 0.00031374811567680026 0.0009805148903993604 0.0007987352383552902 0.00014576714942205962 2.9835708341810857e-05 1.499296187699621e-05 0.0 0.0 0.0 0.0 0.0 0.0 0.0 0.0 0.0 0.0 7.15749273701999e-05 0.0 0.0 0.0 0.0 0.0 0.0 0.0 0.0 0.0 1.2360587620323065e-05 7.696939891785693e-05 0.0001083496628987626 0.0 0.00010265816149136973 4.286007407470825e-05 2.7942114890268822e-05 0.0 0.0 2.1120126668912336e-05 0.0 0.0 2.2063435609656235e-05 0.0 0.0 6.077981979620595e-05 0.0 0.0 0.0 2.2527951923230525e-05 0.0 0.0 0.0 0.0 1.5698742179069132e-05 1.8619904575402124e-05 0.0 0.0 3.945003452784231e-05 1.6011892537444654e-05 8.122627359047893e-06 0.0 0.0 0.0 0.0 0.0 0.0 0.0 0.0 0.00034419673136450667 2.4838157554003418e-05 0.0 0.0 0.0 6.909532661854956e-05 0.0 3.214603188251665e-05 0.00016742130675819478 8.706452772694554e-05 2.8386799766416537e-05 1.935106637229043e-05 0.0 0.0 0.0 0.0 0.0 0.0 0.0 0.0 0.0 0.00018779929541298785 0.00016404605801090735 0.00033152714188098653
0.006926335356046641 0.005598651792776315 0.0004574490496631985 0.02384498766040829 2.8627579218784632e-05 0.0 0.0005997510615163844 0.00015027231846292984 1.1173352505876598e-05 0.05837125163874124 0.0004981190747769661 0.022444249775947684 0.0067085958486261905 0.0007917861989571259 0.00011066558808245285 0.0002308122447821532 0.0 0.0 0.0 7.232601732750659e-06 0.0 0.0003723459007028179 0.0 0.0 0.0 7.889619829366839e-06 0.0 0.0 0.0 0.0 0.002196028402088845 0.00013654994204771823 0.0011680129646229663 0.0 0.0 0.0 0.0012244080737317514 5.935904655738035e-05 0.0004918359524512529 0.0 0.0 8.222778950653974e-06 1.9828579953039403e-05 7.036611934388809e-06 0.0 2.7770355583119478e-05 0.00018531546003663774 1.2870595981058606e-05 9.730573404650772e-06 9.612184462640751e-06 8.070696324144257e-06 0.0013859581037423089 0.00022744767379257908 0.00018638044143467174 8.10794978321214e-05 0.0003123760585848638 0.006353932906549137 0.004063510027915169 0.0006958255252337756 0.00016464264450339437 0.0 0.00015879549968163509 0.0 0.00010462247280693007 3.3699473140461655e-05 2.250803389569697e-05 1.3389751573308e-05 7.863403292721918e-06 0.0 6.672726682108714e-06 0.007834788555552936 0.014269719044771824 0.0015171138353944483 0.001254575062005294 0.00011911023299529942 0.00013705737619511388 0.00013313181323463486 0.00020085624527949283 7.276953830365253e-06 0.002072833176704448 0.0 0.0001738514024335202 0.00023495016353179872 6.525240193995452e-05 1.4509771117212011e-05 0.0001793219392448872 1.4320323477783823e-05 0.000826577820681101 0.0004787310611429648 0.0009910511225703848 0.00017614465897202328 0.0004046608823198638 0.0 0.0 0.00022174451864642676 0.02069786491446696 0.010261622372859536 0.0068234139099656345 0.002257841443137251 0.01897563137136348 0.0 0.0011723345884298388 0.00039912936212272847 0.0005644057020458927 0.00011730504481888327 0.0006845277524164694 0.003096961412008997 0.0010365467507852694 0.0029622898461226905 0.003622501527744644 0.00012867955903967103 0.0012381502161812237 0.005266999487659204 0.002718417398357407 0.00033506634024471084 2.0384886385868187e-05 0.0 0.0 1.7693052360840993e-05 0.0 1.0412817778709719e-05 4.9085485015291244e-05 1.4896544714046438e-05 0.0 0.0 0.0 2.7521492852147758e-05 0.0 8.53689285426248e-06 6.626902967202586e-05 0.0 0.00010278077170109498 0.00016591768336807455 5.3495213795429265e-05 0.0 1.264740261094941e-05 3.334639829456935e-05 0.0 1.0252662006481236e-05 0.00012146977656362333 0.0 6.064080582765061e-05 7.995911028026271e-06 5.870904225942947e-05 0.0 0.0 0.0 0.0 0.0 1.7929437825865573e-05 0.0 0.0 2.6555667720075265e-05 0.0 0.0 0.0 0.0003158741856027395 3.572858425469692e-05 5.38936088900259e-06 0.0 1.2521466972647629e-05 0.0 1.92582330264811e-05 0.00024054862340865696 0.0 0.0 1.0159110607603933e-05 1.2456911744966398e-05 0.0 6.848682385346809e-06 0.0 3.09126400957793e-05 0.0 7.284202527725018e-06 0.0 0.0 0.0006647368953514181 0.00020456067414841738 0.0 0.0 0.0 0.0001783981826266506 0.0 1.6586970600060874e-05 5.191177228951577e-05 9.85170651611495e-05 3.770400213323439e-05 0.0 0.0 3.604094701156747e-05 0.0 0.0 0.0 2.598343791927585e-05 1.4814759897419087e-05 9.211731931832016e-06 0.0 0.0021625179616001178 0.0002605046428122284 0.0003460193706715788
0.03770525340818114 0.3498849965960757 0.013820873178216805 0.0843357688997468 0.15755431043365617 0.0005997510615163844 0.0 0.014026108582744572 0.16771937015928984 0.17539194309846026 0.10213398140407053 0.01841461074742377 0.29117315222044765 0.2895053559924247 0.0046337592333924715 0.003300198177770815 0.00018264187441607068 3.551515714324933e-05 2.6745878549967617e-05 1.3808797026662094e-05 0.0 1.1865064679079486e-05 4.528708192983933e-06 1.1573914656076082e-05 1.2090218762408946e-05 2.5039597462662516e-05 2.2045343804325734e-05 2.3834448328956258e-05 2.714102513379551e-05 3.2421881709968275e-05 0.004396623221901677 0.0018100933857636988 0.00022738875290946527 0.0 5.457461705213202e-06 0.0 0.00019277805937168056 2.4589386479581107e-05 5.86066043205306e-05 2.9184465989564448e-05 0.0 2.8918605804827015e-05 4.720913819436531e-06 0.00033985882539342224 7.543881192112627e-06 0.0 0.008583260927548427 0.0005824946669445399 0.0001410033679726404 1.776413408754292e-05 0.00014491108692288226 1.3109743117793011e-05 3.9332628936249315e-05 6.576695674189213e-05 0.0008729542766263446 0.0010133625683669272 0.0014203537590399536 0.005428904967295397 0.0028468970484752036 0.006380705135205596 1.73002105477329e-05 0.0 0.0 0.0038658126040164264 0.0010444513055657472 0.00042365952972026375 0.00023546039619775822 0.00011744441343840867 7.63875963043796e-05 1.702539795922233e-05 0.0004461838830876122 0.0012372220646544724 0.0 0.010628628665598596 0.012390090613548175 0.013398224693469641 0.010674346687606862 0.005325526610091484 0.0001967294874419341 0.0006794424789415069 4.427145136575527e-05 1.710310659262221e-05 0.0024186554305245175 1.850182468638031e-05 0.0007096121118979976 0.0013202352250495546 0.00039300552460173156 3.41206483419789e-05 0.00039087696060435985 1.2712870258853643e-05 0.00016195035864381956 1.8304507019516225e-05 3.8796340938631316e-05 0.00011066803195004662 5.117059736004383e-05 0.0006090567073280202 0.0005650696602474661 1.841028374397621e-05 0.0001635394552206559 0.0013419351005804173 0.00011249491140884675 0.0003246220119576029 0.004392534805979255 0.001424677609778567 0.00021772872280686182 0.0022851512779875306 0.0010265713097697953 0.0010903242801098615 0.002808831187206075 0.0027961504561550667 9.712650081560335e-05 0.0021450064896147833 0.003362468241864441 0.0031297248000344475 0.0005871208539504554 0.00011709238458258526 0.00024542037074625145 1.1240924109146153e-05 1.42887553961762e-05 0.0 0.0 0.0 0.0 0.0 0.0 0.0 0.0 5.720197783372821e-05 7.254581341767388e-06 5.00095129184907e-06 0.0 0.0 0.0 0.0 0.00014456374867157732 4.055546962633414e-05 0.0 0.0001092061247257206 2.6766938369390536e-05 0.0003161484947711069 0.00011284035204716892 0.00017850327215728284 0.0004237262156172795 0.00022935383800896039 0.0 0.0 0.0 3.428404341326261e-05 5.550311447872575e-05 1.1400751944373738e-05 0.0 0.0001987590536148167 0.00027891504769023725 0.0 0.0 0.0 0.00010144155114371631 2.3089990805375596e-05 0.0 3.994818142567876e-05 0.0 0.00016025346567433656 0.00018536749516390402 1.801228705598882e-05 4.0741942342884784e-05 0.0003111866706929705 8.591151965521087e-05 2.8098639865617964e-05 2.9022404774396754e-05 6.961163118546809e-05 0.0 0.0 6.809795597356758e-06 0.0 0.0 0.0 0.0014080846174813857 0.00013056673791451146 0.0 0.0 0.0 0.000235999113784814 7.027588231953112e-05 7.084933129061338e-05 0.0005411130664397312 0.0005546123443654828 0.0001300773039158969 2.4988504693688146e-05 2.2981131380990016e-05 8.488258691623503e-06 0.0 0.0 0.0 0.0 7.5493368294379825e-06 0.0 0.0 0.0009356269589246251 0.001432301452328618 0.0014358160618654742
0.003624142861645858 0.022528188201379085 0.2521129989300797 6.82684431430814e-05 0.027295200829267518 0.00015027231846292984 0.014026108582744572 0.0 0.025671151352027133 0.0035570770689591943 0.15601831105227976 0.002803927929360082 0.024940803118476566 0.1543645860832671 0.0013757574321862837 0.0020187953165261515 6.548600040105713e-05 5.532674977540788e-05 0.00010726373498538185 0.00025019967439351813 0.0003371805588406359 0.00017414047429395612 0.0006800363000775988 0.0010302480261198009 0.0015666651982145703 0.00010022239513903483 0.0018143517149658837 0.00025006679450498796 0.0004077130417304858 0.00048086400346776704 0.042330007964089825 0.23260872115922607 0.006167400201477787 0.0003674017912103438 0.001279531360706214 0.001085466374292985 0.002898074646737514 0.0015152620184454236 0.002084613787933497 0.0015438723970921597 0.0011885164485961552 0.0005630462263122661 0.0002148718991629426 0.00359189934450221 4.2812391942660364e-05 0.0004366988700146404 0.0021261772852361714 0.00011967601137254326 3.6402623755533926e-05 0.00020437787828731364 0.0002278773799619765 0.0002735219049322538 0.0004389034661135535 0.00012955922701529934 0.00016057445796442175 0.00021302042673200348 0.0004430441704853639 0.005278256381194888 0.0004794372656444448 0.0012017941272388201 0.005035877819117375 0.0035820140912284264 0.00023076977832229377 0.04561285598678402 0.00020451152919626439 0.0002789780737734761 0.0002505794134653318 0.0003450039395410922 0.0012430004689065175 0.0008561019626186737 0.004354901996113284 0.0009702324317237794 0.0 0.002398031538401717 0.004009678862006916 0.003212137139772929 0.011904045733297387 0.0216385884791165 0.061864220729896995 0.1118187367921811 0.00894425089359602 0.042372643657404556 0.0005736990161366549 5.631805819173002e-06 0.00022760676699365434 0.00029928593687742947 0.00022526178161735914 6.304801172283834e-06 6.440228882594647e-05 5.294780541726392e-06 6.557894566918559e-05 3.342216786227571e-05 0.0033158391238169893 0.0004993111847302012 0.0003052245171674731 0.0017769873137051932 0.0008047212953561704 2.1229021097809243e-05 0.0017496684509150898 0.0019379247693732987 0.0 6.258246185500844e-05 4.276055578840587e-05 8.972383979743131e-06 0.0 9.928053381906878e-05 7.152652257922729e-05 0.00010300534268295934 0.00019281162823746225 0.00011602152611133286 1.2084438872768097e-05 7.305195009522182e-05 0.0002048346558403695 0.00022897390687291998 7.93809596506058e-05 8.341415687757367e-06 0.0 0.0 0.0 0.0 0.0 0.0 5.28746809930915e-05 0.0 2.205634811728287e-05 0.00010191364132813721 0.0 7.564121629618969e-06 0.0 0.0 0.0 7.189348131971944e-06 4.42191237665851e-05 7.331946838839079e-06 0.0 6.663789938248536e-06 0.0 1.3487380997755477e-05 0.0 3.945141904838263e-05 5.232450311325986e-05 0.0001017083518444029 0.0001445931644363237 4.026993230037141e-05 3.982134948765261e-05 0.0 0.0 0.0 0.0 8.011873085193637e-06 0.0 0.0 3.514839599401191e-05 0.0 0.0 3.9278936161137196e-05 0.00010833255720736311 3.619630348105808e-05 0.0 0.0 0.0 0.0 1.5515534093785863e-05 0.0 0.0 7.123912909299262e-05 1.1206643638495978e-05 0.0 0.0 0.0 0.0 1.9365531526012676e-05 0.0 0.0 0.0 0.0 7.309922322718996e-05 8.165923564001581e-05 5.243786798672239e-05 0.0 0.0 4.409837938943098e-05 8.449013107392294e-06 8.27266498515874e-06 7.328134801496466e-05 1.7064497998380107e-05 7.100359893556726e-05 7.878592487125925e-06 2.229378095413336e-05 0.0 1.4267819934885645e-05 0.0 0.0 9.860013639356828e-06 0.0 0.0 0.0 6.947831558288907e-05 0.00014981347426194842 0.0002935573578625796
2.0388817024022224e-05 0.09055594455778498 0.00860083772393952 0.00023728865511065617 0.15975251923451492 1.1173352505876598e-05 0.16771937015928984 0.025671151352027133 0.0 0.010521975932976761 0.05144536685846153 0.001995900413692386 0.052341451322126316 0.1039695785954786 0.00045030485642967333 0.0003438445615694665 5.266818845957304e-06 0.0 0.0 0.0 0.0 0.0 0.0 0.0 0.0 0.0 0.0 0.0 7.292266461730273e-06 8.081490610033405e-06 0.0002537851980038904 0.00021786335890857232 1.7136257707196257e-05 0.0 0.0 0.0 0.00016315784110455751 6.814242091467265e-06 0.0 0.0 0.0 0.0 0.0 1.5726610836531785e-05 0.0 0.0 0.00045115037151688365 3.266033934994657e-05 0.0 0.0 0.0 0.0 7.221619067320266e-06 0.0 0.0 2.6141874785763663e-05 3.8607815852311e-05 0.0002883786020765912 4.9174774614913886e-05 0.00023059623885150892 0.0 0.0 0.0 0.0002793952077962772 3.152651973803562e-05 1.1982952503874648e-05 0.0 0.0 1.0987846558658667e-05 0.0 2.5541485697940395e-05 5.349688802435942e-05 0.0 0.0003203603333763863 0.0007720536828978237 0.000778245021091896 0.0008064975992837097 0.00042359850165768487 1.4228371232371578e-05 5.056121856100771e-05 7.066705220663741e-06 7.831242437350025e-06 7.660862031595754e-05 0.0 1.1609035695583906e-05 2.17620251195615e-05 1.7859757661373947e-05 0.0 5.642023451796525e-06 0.0 1.363611102113381e-05 0.0 0.0 0.0 1.21249906779748e-05 1.1649326348712643e-05 0.0 0.0 0.0 7.031962966815388e-05 0.0 0.0 2.4103789620228513e-05 4.716772233043153e-05 2.1013351855293718e-05 0.00012686322100522425 0.00014464882253051282 0.00011689959493349618 0.00012717867613431957 0.0001985490615513364 0.0 8.601656266668993e-05 0.00034808048604205634 0.00021605583878688144 6.183485899185034e-05 8.076716178922e-06 0.0 0.0 0.0 0.0 0.0 0.0 0.0 0.0 0.0 0.0 0.0 4.733567397580217e-05 0.0 0.0 0.0 0.0 0.0 0.0 9.166342134690702e-06 8.950096238909546e-06 0.0 7.220983459088183e-06 0.0 2.8983005815135625e-05 9.199258350570283e-06 1.1059736152635282e-05 0.0 5.610224156179836e-06 0.0 0.0 0.0 0.0 7.761659917021584e-06 0.0 0.0 0.0 1.7182223236431845e-05 0.0 0.0 0.0 0.0 0.0 0.0 0.0 0.0 9.814129173200109e-06 5.735783772336205e-05 0.0 2.2413572840110708e-05 0.0 0.0 8.882556876637267e-06 2.4387692788214846e-05 0.0 0.0 0.0 0.0 0.0 0.0 0.0 6.720050800911095e-05 1.0926403968971925e-05 0.0 0.0 0.0 1.8596441419924863e-05 0.0 0.0 2.1567217184042776e-05 1.171413351675832e-05 1.8260982133774686e-05 0.0 0.0 0.0 0.0 0.0 0.0 0.0 0.0 0.0 0.0 0.00010762334508142266 0.00023502769207619953 6.698722920625082e-05
0.10777036425424319 0.1467229237078722 0.014167476757140845 0.30609246592425826 0.044924202300057184 0.05837125163874124 0.17539194309846026 0.0035570770689591943 0.010521975932976761 0.0 0.01701402347678195 0.2574766003368024 0.6190019326878957 0.042389036880797905 0.0033429686720769253 0.0026071256703026034 0.00015161576857856596 1.95370757396516e-05 7.894629159172709e-06 5.727862804124598e-06 0.0 0.0 0.0 5.28819646949626e-06 1.747873263435444e-05 3.695385821890499e-05 1.4345584759737923e-05 5.229764313842637e-05 2.3676792155188282e-05 4.036341921725416e-05 0.0032773493763390586 0.0007302299049452843 0.0011044156335519948 0.0 0.0 7.751005649177766e-06 0.001330547064024785 1.1041925304566783e-05 0.00010351212878630964 1.0434259884243234e-05 1.3144559249583707e-05 1.8036687042729882e-05 0.0 0.0002012491244000406 0.0 0.0 0.007643653309483658 0.0004344317623066879 0.00017311214446162938 0.0 9.785246536373017e-05 7.294164074713003e-06 6.210630746258764e-06 2.9202647609101663e-05 0.0008246329073918464 0.0010544168702425832 0.0026195046818105294 0.005607499116691125 0.0030094350983203605 0.0057204082263496775 6.167881486794632e-06 6.915101142670786e-06 0.0 0.0028034480152067933 0.0008868006169125813 0.00038049616872941913 0.0001759532100878354 3.238550557449493e-05 3.973079281683688e-05 9.366152491230165e-06 0.0074674051886907825 0.005364385797484941 0.0 0.010647963622986893 0.008622469240726195 0.009192666183546907 0.006910297174200015 0.0038328056108454887 9.877545004037483e-05 0.0004619369504259258 3.635059415529575e-05 8.119129256901642e-05 0.00276625911597245 3.748260919253041e-05 0.00042255541189680363 0.001487249724576377 0.0004370911116846134 3.511687765565723e-05 0.0002891260368259778 0.0 0.00016179118069498003 1.767817820703897e-05 3.685228525990456e-05 6.875838516769592e-05 5.926955430006052e-05 0.014194165249939758 0.003578860730090858 0.0 0.0007764900109613024 0.015182398100347836 0.0007016143967558809 0.0027261324962867426 0.022553649257303455 0.01739497897148497 0.0014564525910774507 0.01626852269855074 0.008537568528842465 0.006343178117723998 0.022587733599518985 0.017071782564770516 0.0007141855355906943 0.020043473915177364 0.02548176912635833 0.021334438794814073 0.0032223295000604413 0.0005844787079080925 0.0005529332392147844 0.0 2.1208228418078076e-05 0.0 0.0 6.494684709995237e-05 0.0 3.501068870701774e-05 0.0 2.4376776907707385e-05 0.0 0.00041609590414141723 0.0 3.282031457259029e-05 8.205645163528336e-06 0.00016849148955026127 6.763631002992251e-05 0.00013268904393431128 0.00037047752938344753 8.50946479305693e-05 0.0 0.0004225067694436225 0.0001559122176935914 0.0014448363720876729 0.0005124214713390912 0.00097304922770899 0.0015786394788113482 0.0009316610707670919 0.0 9.579819107228967e-06 0.0 0.0 8.127287288560388e-05 0.0002743706989288874 1.4082864848135513e-05 0.000587458655314765 0.0011195882860214714 0.0 0.0 6.262982940704002e-05 0.0006822739279993961 2.777445203211667e-05 3.2674712386533735e-05 0.00013122639562763343 5.832182051273286e-05 0.00023846379202116638 0.0006790437853873928 0.00036304120784294444 0.0001505043633685493 0.0012148532381733143 0.000535760982591783 0.00041025486852805675 7.24877892948701e-05 9.536382009117165e-05 1.4735988232280339e-05 0.0 1.011479950211445e-05 0.0 0.0 5.12754225144984e-05 0.006881866483382246 0.0011681987602785739 0.0 0.0 2.2166472309933152e-05 0.001683182605602802 9.464326788531667e-05 0.00036341140726424886 0.0015974803848296298 0.002370758886633014 0.0007591887424482733 0.00023866797748103665 0.00024108077949218078 1.6611502314305108e-05 0.0 0.0 0.0 6.088840194801492e-05 2.42190198656765e-05 3.5214522279432e-05 0.0 0.0070632966508457655 0.007399369552722614 0.005363752611472928
0.0042934308022137616 0.05686754957275773 0.14287212658192414 0.0002107376853644702 0.08193841706098322 0.0004981190747769661 0.10213398140407053 0.15601831105227976 0.05144536685846153 0.01701402347678195 0.0 0.01270363817962843 0.15206829618047304 0.34125215888828664 0.002099628252713335 0.0029115655051571185 6.456363981800271e-05 4.582284301744465e-05 0.0 9.528628279564305e-05 0.00013868640278649505 0.00017207633103324838 7.613998912995905e-05 0.0002811510663256845 0.0005083393368841099 1.845183041424182e-05 0.0005374937551853812 0.00010028758965963355 0.000360107798473502 0.00029016630273608307 0.0118574901740064 0.011365891267500029 0.009530862975397696 4.575122747194491e-05 0.00017062267980715427 0.00020154714175546454 0.006540279406043629 0.0005659785772558264 0.001137963007024277 0.0005648112698412127 0.00048582004028689186 0.0003006794959510371 4.4281332770835733e-05 0.00019748149028004947 6.265610858333679e-06 0.0 0.002400758837523752 8.966436575092132e-05 0.00015725834703610132 4.8048393461660976e-05 6.615393391759512e-05 0.00013449596759755245 0.0001234387112381936 8.240169836703628e-05 0.00012337567732499834 0.00015942909054845667 0.00032591555162769337 0.0029225568406522685 0.0004961175720892869 0.00133025949275248 2.0131294361181254e-05 0.0005719422562410807 9.661220255988694e-06 0.002606217947592899 0.00015535553680460842 0.00010628171842447561 0.00017165591948278095 0.00012197116137875797 8.780369081818724e-05 0.00014395581519039061 0.010104488707747532 0.0016131191453967748 0.0 0.002108666517486334 0.0036447339089435583 0.003527741801692468 0.005021640201166984 0.0032462042091044568 0.0007832056278420919 0.035407757847766785 4.4108610839624764e-05 0.0006493050515171988 0.00044881641532517203 0.0 0.00010966735844518616 0.0002412180436957552 4.4587227523066365e-05 6.12269757145023e-06 6.029425609902198e-05 6.795377423373402e-06 7.794639463431542e-05 4.625864089298513e-05 0.001221428855892789 0.0005132997313043098 0.00021039158839156053 0.004007542870604943 0.0015784696313953376 1.4748843178481317e-05 0.0021369180943648894 0.0020943760708195575 1.4906837882720726e-05 4.00341787588935e-05 5.717917193400978e-05 6.902444985247319e-05 7.176888276163341e-05 0.00027372533272868797 0.0002586633958438692 0.0003178609053325805 0.0006871310945762639 0.0006866687545300057 4.805709024038426e-05 0.0002944862205336139 0.0009790425329466448 0.0008618255594782725 0.00034763837353690583 2.9126814941157775e-05 5.280009513057097e-05 0.0 0.0 0.0 0.0 0.0 1.2278414529971336e-05 0.0 0.0 6.343881958960377e-05 0.0 4.446428154638374e-05 0.0 0.0 1.5647948790783787e-05 1.2478193106099196e-05 5.18219940084915e-05 0.0 1.9674819873499805e-05 1.3985908799945496e-05 0.0 6.956312276271853e-05 0.0 0.00014080199438831856 5.818134556641509e-05 4.62195625013541e-05 0.00014304808465073022 0.00010382956581556631 0.0 0.0 0.0 0.0 6.6006132434938395e-06 6.537246833499441e-05 0.0 5.8452240873756205e-05 6.39024469728245e-05 0.0 0.0 3.677103426207503e-05 3.119399392205219e-05 0.00010105678063398426 1.59583729425465e-05 4.4308235119551355e-05 8.287562168244533e-06 0.0 0.0 0.0 1.5248093179010394e-05 0.00010198674640771127 4.705580692008954e-05 6.290736728099205e-06 0.0 7.749908534098914e-06 0.0 0.0 0.0 0.0 0.0 0.0 0.00044959181130974204 0.00014091124300759985 0.0 0.0 1.8703752355269678e-05 6.805817795229558e-05 0.0 6.31777711434175e-05 5.29946350052266e-05 0.00019692981918145814 4.6898896434530065e-05 0.0 2.9136338010582757e-05 0.0 0.0 0.0 0.0 6.9539773371903115e-06 6.1764879907255345e-06 0.0 0.0 0.0002903680512371447 0.00039366017436680474 0.0004743958767726365
0.005585693942523733 0.02176142897983712 0.012994542511493823 0.012214310243762076 0.005992739417363878 0.022444249775947684 0.01841461074742377 0.002803927929360082 0.001995900413692386 0.2574766003368024 0.01270363817962843 0.0 0.08111485954330455 0.01314572329328822 0.0015680848370308775 0.002562169782174974 3.531779387840338e-05 1.8643680929138667e-05 0.0 6.557753904053286e-06 6.720839922348792e-06 2.7263680941502623e-05 7.016688840412832e-06 6.807628541753902e-06 1.96856058688468e-05 0.0 2.0398468596850657e-05 1.3348489544989803e-05 1.7605577008193824e-05 9.24668485756831e-06 0.0018121918385119544 0.00031351776572646637 0.0024976875458086593 5.24934929187429e-06 8.770704566532815e-06 1.6524911286154748e-05 0.004429374542582432 0.00010765701711839558 0.00010353707502766179 6.067187785848581e-06 3.355373323928815e-05 3.491390123318493e-05 0.0 0.000154425668214459 0.0 7.78298227027949e-06 0.0015485954553985009 3.7999285912674687e-05 6.333907377397777e-05 5.570844080931404e-06 2.4639061105260855e-05 0.0 3.501532219891247e-05 1.8376987084328728e-05 3.036570888437369e-05 5.5371291634320746e-05 0.0006103863555333067 0.0009475621044777342 0.00019581590101599639 0.0005012682233979467 0.0 0.0006697075912308349 0.0 0.0007955735825302935 7.280584857537425e-05 2.634859576977713e-05 3.900971231921218e-05 1.3349366960701475e-05 6.132278628611753e-05 1.3775698879440721e-05 0.011137470296954551 0.0017813981653932078 2.415751601809493e-05 0.0008036455233569328 0.0013992915068035002 0.0020932816395734374 0.002622994423405598 0.002058822047154088 3.3604266396666884e-05 0.00331677446877082 2.204725984073548e-05 0.00010743323189569348 0.00016084870403255158 0.0 5.098676472058469e-05 8.044121129433888e-05 5.216350999627346e-05 0.0 5.397699009660425e-05 0.0 1.0255777868575455e-05 0.0 0.00011362160622094461 3.162250256869347e-05 9.154534560315633e-06 0.0739376778759083 0.004050072771535298 9.186103102508933e-06 0.00032048178889782327 0.007105117684168263 0.00032959967926180243 0.0017997673639737648 0.001206604512589221 0.0009472931201403602 0.00043999270609852616 0.0021240604523559523 0.00650197752409333 0.002704908969976041 0.009159497466309518 0.008635751794668233 0.0003595352642255712 0.0067056555535009 0.016841310196751728 0.013076160912068443 0.0020644878520260633 0.00016147198008317212 0.00011718121774180357 0.0 2.5559238051628123e-05 0.0 0.0 0.0 5.087400551728533e-05 0.0 0.0 0.0 0.0 1.585088652405935e-05 0.0 0.0 0.0 8.190603172306192e-05 0.0 0.0 0.00018901891154275902 0.00016376864771918746 0.0 0.00013385350308710818 9.505915464210876e-05 0.000502093046213103 8.22439740265883e-05 0.0003481435148888092 0.00040479868817219257 0.0001467203747723953 0.0 1.2922094065427349e-05 0.0 2.7625380714752852e-05 6.725317736285227e-06 0.00012718131206614 0.0 0.00014841383729976784 0.00021970406791286263 1.0143958260053956e-05 0.0 0.0 0.0002202772317814118 1.0396649379159768e-05 2.3342356750994554e-05 5.99756989254027e-05 0.0 8.840194140671953e-05 0.00019137444985804948 0.0003890867617281645 2.3654148381627593e-05 0.0001406390032506722 9.32684818232534e-05 8.205467239281922e-05 3.8393983425469046e-05 2.005340748112499e-05 0.0 0.0 0.0 0.0 0.0 2.6982221641110064e-05 0.0047071585788516215 0.0003543011230121136 2.7772232930332494e-05 7.976372062503595e-06 0.0 0.0009503829052553927 8.621620352770085e-06 0.0003087986643116626 0.00040327693659047346 0.0004879382457124234 0.0003040411477486004 7.345599980015561e-05 0.0001217439751914286 0.0 0.0 0.0 0.0 2.5664957663464358e-05 9.310872077294876e-06 8.27041916940539e-06 0.0 0.006881396361741001 0.0030399063789685685 0.0020544544638055936
