0.0 0.21735048198639326 0.10295197430581246 0.0620987993975915 0.003698576519492618 0.005674772995006115 0.07240119350274643 0.005106320896499464 0.00043007305255770434 0.0773735800160613 0.004604220898606194 0.016834709658457535 0.033740847963894614 0.002715343156413116 0.0007550581848697573 6.703584684353918e-05 1.4313347759712398e-05 1.0727915432630613e-05 0.0 2.4253210560954617e-05 3.029098029386999e-05 0.0 1.8442936953083672e-05 7.520977107098139e-06 0.0 1.7818986103112795e-05 0.0 0.0 8.233839452545572e-06 1.1144661657887143e-05 0.08484479644106684 0.0005317021514624479 0.00027536636700253945 6.8211241337215e-06 0.0 0.0 0.00011644224489871355 1.900661769236458e-05 6.0170487538710366e-05 0.0 0.0 1.119143733454735e-05 1.2743737884658694e-05 4.44503087421489e-05 5.68974010193878e-06 1.1129063738983168e-05 0.0020364045354659696 0.00010641281558754961 2.6397254673478464e-05 2.8268766801845877e-05 1.1613207747889994e-05 0.0001342759445479148 0.0 0.0 0.0003805007266358889 0.0003867356929100331 0.014336664143870106 0.045922685837845076 0.0015212929411389667 0.008059789756504926 5.705093681858104e-06 4.183366189258949e-05 0.0 0.0011339388427891108 0.0001268100304966117 2.3858057083178995e-05 2.403972440970037e-05 2.890703524477261e-05 3.4966182572553454e-05 0.00010900336259102119 0.0004273577304681675 0.0011715151375639601 3.621132370688425e-05 0.02680433635405387 0.002584536817698672 0.0103200420826386 0.0004249040200115491 0.00011326210017668203 3.513964620475079e-05 0.0006032648139842067 3.797083198114738e-05 0.00013107026924313812 0.000561753820059189 2.877620824882422e-05 2.413674506665911e-05 7.450358026461808e-05 2.4011777815472672e-05 5.796220396928499e-05 5.956842904850602e-06 2.480148348016104e-05 1.2288603577020603e-05 2.121833285560612e-05 5.172138544068598e-05 1.5106854884417802e-05 5.613115344694478e-05 0.002931348523701078 0.0019786877950605537 3.244508673003453e-05 0.0002426936916809103 0.07251394060840542 5.265403664341672e-05 0.0009177769678580259 5.877940990921005e-05 0.0003030424423306899 0.0 0.0006003287577089682 0.0016042323150338253 0.0004092233223656388 0.0018717688428891868 0.0007964040206217643 5.705633707174289e-05 0.0007117233486807333 0.001363314524551785 0.0005253485206431462 8.643820225763634e-05 0.0 0.0 0.0 0.0 0.0 0.0 0.0 0.0 0.0 0.0 0.0 0.0 0.0 0.0 0.0 0.0 0.0 0.0 0.0 0.0 0.0 0.0 6.820642687772883e-06 0.0 0.00010294686812340033 0.00012243844032756163 0.0 6.549930589965147e-06 0.0 0.0 0.0 0.0 0.0 0.0 0.0 0.0 0.0 0.0 0.0 0.0 0.0 0.0 0.0 0.0 0.0 0.0 1.785542102333586e-05 3.3348306191432126e-05 0.00012259027711846628 0.0 0.0 9.274331345014623e-05 5.9282997722307834e-05 0.0 0.0 0.0 0.0 0.0 0.0 0.0 0.0 6.619427209333505e-06 0.0 0.0 0.0 0.0 0.00015661987788504535 0.0 0.0 0.0 6.694749221365555e-06 8.961670014524274e-06 5.2474752784284756e-05 7.492249454636205e-06 0.0 0.0 0.0 0.0 5.853475633165769e-06 6.43164262645642e-06 0.0 0.0 9.496457694698671e-05 0.00015002742094714675 7.156347250807578e-05
0.21735048198639326 0.0 0.20475394317469858 0.05140928202443156 0.1619064401263803 0.0083627266738389 0.2582544116636669 0.01577282062710368 0.045611438626976995 0.04365777964131088 0.047152467774009624 0.0037749093278103625 0.037494417179369584 0.07078430070639988 0.004970355094493667 0.0009706342410713778 6.069437873331508e-05 3.696090095506993e-05 1.1943908940726707e-05 5.812789834497245e-05 0.00010727369673355165 0.0 0.0001447656811277999 0.00012042038008170369 5.4574567924576165e-05 2.4370759825207417e-05 1.2156996814270238e-05 7.98550012730718e-06 0.0 5.3304366288844846e-05 0.19235073939545644 0.004936593913016052 0.0010838330918031334 8.236967456464742e-05 3.866573205349897e-05 3.0372214999386885e-05 0.00021037096557517722 6.625030475647513e-05 0.00023687732251274565 0.0 1.834900230266682e-05 4.065390287442883e-05 4.739454546593073e-05 0.00013998858226049567 4.950195216165227e-05 0.00015736589646247993 0.01139223173116507 0.00030368231963993306 0.0001106291154175304 9.765054013197025e-05 8.547348995747966e-05 4.287979744737381e-06 6.303494990858126e-05 2.2193131758330062e-05 0.0011650461885587878 0.0009932969797021736 0.01142158109306713 0.0568075928755155 0.00268695974787762 0.014258301170195305 8.740322036895349e-05 0.00037880990344495846 9.568716532711291e-06 0.008390033066866137 0.0003842876590730814 0.00028272468046719104 0.00021701463038527167 0.0001338615352984861 0.0002566485016835873 0.00020423322400428982 0.0012891229610379846 0.00019284968147107752 0.0 0.044834088878156486 0.010254206509473049 0.032186137257654665 0.0035409756877386707 0.0005039495809851953 0.00020699287269833834 0.0049099434177736 0.00012654774938520674 0.0005296179652354348 0.0020689639242829684 0.00011516944541783671 0.00012270616301796096 0.00032459724365734445 6.251641402529554e-05 6.01169871159567e-05 8.609217228037977e-05 0.0 6.67602980736103e-05 3.6221779659079496e-05 0.0002759512747556837 6.063024569043223e-05 0.00011702200913543028 0.0025114392667497532 0.0015880509776563933 0.0 0.0010920036112985504 0.05879442103125377 0.00018730112745986248 0.0006160701056632274 0.0006223934245009636 6.041800861246528e-05 7.46194212222699e-05 0.002025139840344724 0.00137314462439219 0.0014263935040354568 0.0026025637626229427 0.0012061237468210938 0.00040325969685852926 0.0015062226854449558 0.0040096081699109365 0.0015061053552076153 0.0011979801810667783 2.8081882605544376e-05 0.0 0.0 0.0 0.0 0.0 0.0 0.0 0.0 0.0 0.0 0.0 7.40542269243737e-05 0.0 0.0 0.0 0.0 0.0 0.0 0.00031449173426340856 0.00023285048896873822 0.0 5.664994296752745e-05 4.594337026109113e-05 0.0007875298694221614 0.0002952367756960869 0.0012060100346603887 0.00099385184874082 0.00020055424445647083 0.0 0.0 5.96564892318331e-06 0.0 0.0 0.0 0.0 7.07574622527477e-05 0.0002228115593652556 0.0 0.0 0.0 4.6123237847607155e-05 6.924589037685613e-06 1.20444593403538e-05 0.0 0.0 0.000141725885648384 0.00010015472079467428 2.5826389438217534e-05 0.0 0.0001066198502597778 0.0002759660234287297 0.0002176342771497877 0.0 0.0 0.0 0.0 0.0 1.022506321935132e-05 5.740030540653062e-06 7.833311033680507e-06 0.0007096353759743173 0.0002518333933818418 0.0 0.0 5.9570727797938805e-06 0.0016039219451174324 6.291547227766945e-05 0.0005082448821177328 0.00012861791324067986 0.00011524771602801757 0.0002914421168779357 2.3300429545213428e-05 1.975648215508613e-05 0.0 0.0 5.946348726260297e-06 0.0 5.272583201221786e-06 0.0 0.0 0.0 0.0010152385156596646 0.0008870010671461712 0.0025948143476783917
0.10295197430581246 0.20475394317469858 0.0 0.00020482251901112665 0.052002384739751384 0.000354660835015048 0.0072647259827386896 0.2531420193427097 0.05503172528358753 0.00021642524497817616 0.15683083127882375 0.00021656107834044534 0.002880990865937372 0.07669661945014616 0.0022010234084289247 0.0012988880166009003 8.388519925641755e-05 0.0006799816937411697 4.4127996176736654e-05 0.004938509659282381 0.0038627958439755115 7.018328940116813e-06 0.004590945687786386 0.002718488812145063 0.00012129550624216826 7.049702117403481e-05 0.0001340752409932255 7.611270331784314e-05 5.011704688571854e-05 0.00010489559705321988 0.3935037028630795 0.06284615996686488 0.007997688909885515 0.004315777830453403 0.002122125625532859 3.4869492522254705e-05 0.00045789555977444136 0.0004088734191247312 0.0002565132215709006 0.0 0.00031709048754406866 0.0003438958260317389 0.0010751712691149016 0.0007323613630168944 0.0006971040910951004 0.003259740026607431 0.005319630517228171 0.000183890018342294 0.0003436364434109109 0.0019057808471162879 0.0003630152307027336 0.0001180802650403138 1.8719275562986192e-05 8.232111774460646e-05 0.0003325943369720999 0.0002740151972129109 0.00429220361442673 0.03518516759125393 0.0008451850611989446 0.0037945843319540933 0.0077598097422623925 0.0023879873749517574 0.0009244767417840506 0.024746281532375545 0.0001686879890324844 0.0004029433747308243 0.00016377346730807842 0.0015825996576467475 0.00749983409341341 0.008629522903386908 0.0021555474498637347 0.0007004448218033496 4.7147319871878194e-06 0.01548199800356811 0.008318510395869061 0.012431058902872142 0.00281142784732079 0.0007415307723090906 0.012287126540109791 0.04816353477283598 0.006238493921592835 0.023353073615099192 0.0006895171796553954 3.5050845255876175e-05 0.00017587240959285354 0.00010566377325060835 0.0009182502653856206 2.89460336580429e-05 2.4486626611504582e-05 2.5670552306726985e-05 0.00010446012867612248 8.142973245191795e-05 0.006737870585867367 0.0008272938189439979 0.0005694809918909698 0.0024181201372296124 0.0029383088947108334 0.0 0.0010379841732819385 0.012379165000160825 0.00019769615917912753 4.726841747542397e-05 0.00018475882113381327 0.0 0.000169513665734926 0.0004586398498989316 0.0002665569119102871 0.001195564572511152 0.0011702687613038103 0.0006394899823615512 0.0004220703267902656 0.0008409875338866628 0.001175126364959115 0.000704566294086645 0.0008978107297246415 2.6415100201097494e-05 0.0 0.0 1.2792986912393998e-05 0.0 0.0 0.0 0.0 0.0 8.65404774941974e-06 0.0 0.0 0.00017019661282680006 0.0 7.94068019567e-06 1.4987433043379871e-05 9.943764373088479e-05 6.650003159653969e-06 0.0 0.00045342136376217026 4.974275003903244e-05 0.0 0.00010582085144850614 2.4285811477067544e-05 0.00048426671356868614 0.0003212740797856314 0.0010775561488146279 0.0009010921294517443 0.0002664890693573646 7.457120585691999e-05 4.1757196188143015e-05 7.153363164100093e-06 0.0 1.4629884523459951e-05 2.352460307332492e-05 1.2884604733326356e-05 3.050793006646059e-05 8.416981439742387e-05 0.0 6.767030168698558e-06 4.554744812283103e-05 0.0002621857324166975 4.445226293745322e-05 0.0 0.0 0.0 4.6699782801972204e-05 0.00011141909409099973 7.554011944452309e-06 7.62081411954171e-06 0.0004630049885889557 0.000345531709111226 8.7061553883036e-05 0.0 0.0 5.951620869341403e-06 0.0 1.1346331720484009e-05 6.725938343725728e-06 6.347788276417391e-05 9.706342299650606e-05 0.0007845248733931475 0.000251683573808136 4.983618361373024e-05 1.825353291414552e-05 0.00011401088138601918 0.0009489257866834804 0.000288255505179691 0.0003169722925636831 0.00012358896855124972 0.00018164607781144236 0.00020936961172563507 4.8984731989558774e-05 7.458352715387968e-05 5.173878516588693e-06 0.0 0.0 6.269968221125336e-06 0.0 5.826679188513826e-05 3.1741607414856063e-05 5.871701100157346e-05 0.0004394199506181837 0.0007588942991802076 0.001614951218335534
0.0620987993975915 0.05140928202443156 0.00020482251901112665 0.0 0.0008277889210139646 0.016350393873045613 0.04199463892862973 1.1462272376706774e-05 8.242488794315815e-05 0.04191179445331033 1.2075502272581501e-05 0.05925827298864721 0.08216952077783927 0.0027471249914264727 6.640550082098902e-05 3.4293146448458556e-05 0.0 0.0 0.0 0.0 0.0 0.0 0.0 0.0 0.0 0.0 0.0 0.0 0.0 0.0 0.002380449261055069 2.658125639296313e-05 1.4862350079862439e-05 0.0 0.0 0.0 0.0 0.0 0.0 0.0 0.0 0.0 0.0 0.0 0.0 6.33270806688005e-06 0.0004443591686600913 0.0 4.743784460693194e-05 1.3451601354092426e-05 1.4047579781190303e-05 0.0 0.0 0.0 4.219006930295952e-05 4.587434010705711e-05 0.0012511665264603074 0.0036502756287826333 0.00017963781901990744 0.0013757389165492322 0.0 5.713632115425378e-06 0.0 0.00018282241711696374 2.629790840529582e-05 1.4098849125561913e-05 6.466988094420216e-06 0.0 0.0 8.808918373002707e-06 0.0001932000351635593 1.3112196940931354e-05 0.0 0.0031368479815446063 0.0003923446637386435 0.0019923934903620603 3.568779979561588e-05 1.3408822402007813e-05 0.0 0.0 0.0 0.0 8.754127964387573e-05 5.9873615155784726e-06 1.238556121208479e-05 1.222711177140737e-05 4.803970989886935e-06 0.0 0.0 0.0 0.0 0.0 5.579082436828153e-06 0.0 0.0 0.00017577683327374064 4.5894229713666144e-05 0.0 0.0 0.01818394388040081 0.0 0.0002245742254496946 0.0 0.0 0.0 0.00016409843815766618 0.0003779116213873987 6.785115489460671e-05 0.0013688959181357959 0.00019007623769756778 0.0 0.0001679241213114204 0.00026862529513895243 5.983610576391668e-05 5.83281189039944e-05 0.0 0.0 0.0 0.0 0.0 0.0 0.0 0.0 0.0 0.0 0.0 0.0 0.0 0.0 0.0 0.0 0.0 0.0 0.0 1.733327739487296e-05 0.0 0.0 0.0 0.0 9.571537020779374e-06 0.0 3.376618267820752e-05 0.0 0.0 0.0 0.0 0.0 0.0 0.0 0.0 0.0 0.0 0.0 0.0 0.0 0.0 0.0 0.0 0.0 0.0 0.0 0.0 0.0 0.0 0.0 5.629039169445003e-05 1.3778277410843702e-05 0.0 0.0 0.0 0.0 0.0 0.0 0.0 0.0 0.0 7.309367665212265e-06 0.0 0.0 0.0 0.0 7.54973420421572e-06 0.0 0.0 0.0 0.0 0.0 0.0 0.0 0.0 0.0 0.0 0.0 0.0 0.0 0.0 0.0 3.6436976183226316e-05 4.056339981782814e-05 5.284995828271293e-05
0.003698576519492618 0.1619064401263803 0.052002384739751384 0.0008277889210139646 0.0 6.916165283303525e-05 0.14676416751293941 0.007261439700364474 0.3166786576526743 0.0015251258413327938 0.09623259322465423 0.000113618799967317 0.038555148284659155 0.22985008755611294 0.0026943466539109187 0.0007673942418670909 1.7303544491535488e-05 2.2420315873339125e-05 5.784441346548497e-06 7.282493682967096e-05 0.0001148421360427024 0.0 0.0001356281893257613 4.754556297220604e-05 4.709273877860467e-06 7.0912953796964e-06 2.92571123124631e-05 5.291425197976962e-06 8.661664616922275e-06 0.0 0.020659280053216128 0.003688928478540998 0.00038122123735978623 0.000109875567015128 6.005306431824669e-05 3.36049520090029e-05 0.00026748190285339125 3.280372263592208e-05 6.047837945487196e-05 7.114191957192673e-06 3.745102119592908e-05 0.0 7.829162953243383e-06 8.992808667711504e-05 2.2137144037032835e-05 7.375502066505764e-05 0.006245318536726258 0.00016939348556486167 5.1003375446227845e-05 2.7327211431930243e-05 6.077249437162409e-05 6.134094049596508e-06 0.0 1.2298695345316946e-05 0.00038952267347655095 0.00042799224936665426 0.0018296990767006438 0.008452580059941187 0.0007989687668748604 0.004201563749948984 6.431534352775272e-05 0.000106713166055853 1.090539541917398e-05 0.004168473375841659 0.00020929838355388493 0.00011206577983114721 0.00013803723688890596 6.031529480550684e-05 0.00014064883733774433 0.00011139705709081944 0.0009050301610137315 4.039656743202823e-05 0.0 0.009783888047239139 0.003919164858066292 0.011044226207871148 0.002269537209616763 0.00028105165063001605 0.00015817442811016342 0.0014161076004089268 5.258834664979446e-05 0.00036054936425248553 0.000833142304482889 5.0322745700411187e-05 8.194532490278389e-05 0.00012263850333184718 2.9759254754569214e-05 3.3159437322024845e-05 1.7078392057766665e-05 1.109120411068469e-05 5.766177394875406e-06 1.942516830678262e-05 0.00015104922281860962 4.8543305460560714e-05 4.304720219595384e-05 0.0008144356410474089 0.0008407818350719697 6.037672100636098e-06 0.0004751759111756324 0.000637121604066742 0.0001346983699757026 0.00012341778817129796 0.00033255366770376443 6.124660550154588e-05 9.825070383275452e-05 0.0007075763809416504 0.00029225697602714774 0.0006099530724670054 0.0009147792415595215 0.00028563756379842845 0.0002563183439254479 0.000837526277937648 0.0014483220301043035 0.0008498093670988941 0.0006389775998947246 3.4190519425748374e-05 7.643900589238316e-05 0.0 0.0 0.0 0.0 0.0 0.0 0.0 0.0 0.0 0.0 7.94721226006943e-06 0.0 0.0 0.0 5.355718378460746e-06 0.0 0.0 0.00024181840383312602 0.0001869119424654456 0.0 1.1630513973394912e-05 0.0 0.0005264381382057406 0.0001286158531479298 0.0011181334976506435 0.0006891880493607665 4.363005088949376e-05 0.0 0.0 0.0 1.1400052203295739e-05 5.5888237620649026e-05 0.0 0.0 4.221395253470671e-05 9.322560347889254e-05 0.0 0.0 0.0 0.0 0.0 0.0 3.785473945249018e-05 0.0 2.859102719339459e-05 8.07576421728144e-05 0.0 0.0 0.00013069576731700825 0.00039229061471546343 0.00011391017136536405 0.0 0.0 0.0 0.0 0.0 0.0 0.0 0.0 0.0005437971894891976 0.00011074455267345603 0.0 0.0 6.317913418845279e-06 0.0009463132817154832 6.179862099145804e-05 0.00020746789144685638 0.00014260760637856962 5.569058442897109e-05 0.00021307531513961264 0.0 0.0 0.0 0.0 0.0 0.0 1.277502412272524e-05 5.799388383590609e-06 0.0 0.0 0.00033794447274716294 0.000763169678678616 0.0016004545026912923
0.005674772995006115 0.0083627266738389 0.000354660835015048 0.016350393873045613 6.916165283303525e-05 0.0 0.003892950888625676 0.00019886078209456232 6.449262670001882e-05 0.020254578249590132 0.000287932893518566 0.008187499460706503 0.008364026931752607 0.0018740926987983533 5.563581375344097e-05 0.0 1.0403218366683148e-05 0.0 0.0 0.0 0.0 0.00016833808527500396 0.0 0.0 0.0 2.1905158376860246e-05 0.0 1.616650037041907e-05 1.075478652206751e-05 8.967609569800244e-06 0.0020183532072673787 0.0 0.0008435718727169469 0.0 0.0 0.0 0.0003220086066821937 5.895577461484885e-05 0.00015664590076177023 0.0 3.644838417928776e-05 0.0 0.0 0.0 0.0 5.576164316480793e-06 0.00015395628747263122 0.0 0.0 0.0 1.6159274548606555e-05 0.0012923905997794382 0.00020924843405328877 4.326723435907599e-05 6.946377049725088e-06 3.0510640524499645e-05 0.005448794111225215 0.0017597172791444197 0.00021377308735732293 0.0007143767662229051 6.647810307666971e-06 3.962157583000126e-05 0.0 7.821419628693402e-05 0.0 1.5155271196628232e-05 7.2356785401368455e-06 7.960245911066815e-06 0.0 0.0 0.003247068967431243 0.012167121067770369 0.0005845502588644378 0.001348467501190051 0.00016608297540477348 0.0005864605449551477 1.5961906505172872e-05 5.982721141161701e-06 0.0 0.0003663203028998378 0.0 9.434844597767059e-05 1.426077716818996e-05 1.3822639142313043e-05 0.0 1.2072155913294872e-05 0.0 0.00016101813768009895 8.745410899909318e-05 0.0006318568304147168 0.0 8.584280600820378e-05 0.0 3.465891777590004e-05 1.7941886029528453e-05 0.011380042174243949 0.019330392730431127 0.0016439829447232746 0.0027974680053814336 0.02054712004273829 0.0 0.0004017802310219064 5.447451911724103e-05 3.641262596957188e-05 0.0 4.8519180472693404e-05 0.0006882248945279222 7.270083948725859e-05 0.0003317318332705994 0.00029844685271859767 0.0 8.221600393992563e-05 0.0002538611471182853 0.00015850723537073886 4.677586262645771e-05 0.0 0.0 0.0 0.0 0.0 0.0 0.0 0.0 0.0 0.0 0.0 0.0 0.0 0.0 0.0 0.0 0.0 0.0 6.829341258941091e-06 0.0 0.0 0.0 0.0 0.0 8.121963191949121e-06 6.984875678708581e-06 0.0 4.092801350538673e-05 7.2955503731161066e-06 0.0 0.0 1.1761072609718513e-05 0.0 0.0 0.0 0.0 0.0 0.0 0.0 0.0 0.0 2.8878424596073948e-05 0.0 0.0 0.0 0.0 8.267366067306492e-06 0.0 2.887448831052838e-05 0.0 0.0 8.088998608510193e-06 0.0 0.0 0.0 0.0 0.0 7.756974989033504e-06 0.0 0.0 0.0 1.9879401194699313e-05 4.496252642221836e-05 0.0 0.0 0.0 0.0 0.0 0.0 0.0 0.0 0.0 0.0 0.0 0.0 0.0 0.0 0.0 0.0 0.0 0.0 0.0 6.421295826116265e-05 0.0 0.0
0.07240119350274643 0.2582544116636669 0.0072647259827386896 0.04199463892862973 0.14676416751293941 0.003892950888625676 0.0 0.0007335025231909276 0.14232983340274463 0.06261825496868285 0.014726631234057921 0.01674771159706697 0.19262882728135708 0.23482820300579046 0.0033157968428885885 0.0016195460217236623 6.576477374931503e-05 1.25379026947188e-05 0.0 2.363964385954501e-05 4.2416285360342285e-05 0.0 7.176522160632735e-05 5.820017670944092e-05 9.039610534618068e-06 5.208095272752349e-05 6.782250989380979e-06 1.8341236145594374e-05 0.0 2.3483821708668738e-05 0.017690967273935525 0.002849940545167388 0.0009222052023125371 3.551527890897243e-05 1.976268154653394e-05 1.908269286769393e-05 0.00035093850518551014 3.752659167952903e-05 0.00023113632494761206 4.670727775826887e-05 0.0 1.1660131164401392e-05 1.1669272438550247e-05 0.00011452435692111536 2.5398364101839668e-05 5.657564893557882e-05 0.008357730429764152 0.00023465933563784945 6.0726081845716966e-05 3.5159966633163636e-05 7.969332221858453e-05 5.381582667303375e-06 7.679443078108551e-06 1.2852396412622168e-05 0.0006797793805453046 0.0006072590130348623 0.0038120452710444317 0.014107273034399298 0.0011435386102609303 0.00705716847467434 8.129793042460904e-05 0.00020553380322634556 2.098866195862641e-05 0.0038673569285837582 0.0002290908894371608 0.00011980006177240953 0.00012999038882153995 7.168847385307404e-05 8.045777624989709e-05 8.301284709245954e-05 0.002173227746472979 0.0007104945136867605 0.0 0.01734471554871896 0.004740757308335658 0.016732075271225704 0.0027133732113174642 0.00039516212572264 3.959368037649128e-05 0.001169707484694835 5.3296134183010975e-05 0.00019639888499052588 0.001364970163962071 6.836445634463347e-05 6.67561272639653e-05 0.00022321913022255147 7.577277768261964e-05 8.637223899694664e-05 4.179401543860832e-05 1.686033423629218e-05 0.0 6.692746468208055e-06 0.00012190210592479138 2.737688301630285e-05 1.729840769055581e-05 0.006376054864831291 0.0022926446934991933 0.0 0.0008075090218782017 0.004515730792312174 0.0007550239799947708 0.0009451149457024684 0.0010180325670761227 0.00038179762114340447 0.0002888626100706164 0.003791203559097017 0.0026537234747266614 0.003925520930209148 0.006376768678187459 0.0036651483253012356 0.0012887356253745725 0.004493257508086175 0.011112217323803832 0.004311388236168851 0.0031815116157838355 0.00013233384118219068 1.3643632682831728e-05 0.0 3.8907231953458724e-05 0.0 0.0 3.053301691307933e-05 1.8406992777121548e-05 0.0 2.9341018733051083e-05 0.0 0.0 0.0002547937012053097 0.0 0.0 0.0 1.6801268257046653e-05 0.0 0.0 0.0006258274224474347 0.0005187413672060651 0.0 0.0002955205550221309 0.0 0.001854289835111734 0.00034855533585867655 0.002799963912612471 0.0015150496167151994 0.00029962706270490546 0.0 0.0 0.0 0.0 0.0 3.6781949768889586e-05 0.0 0.0001519752964985252 0.00033577682331911544 0.0 0.0 0.0 2.797082821244175e-05 0.0 0.0 3.231066619466386e-05 4.690258312608793e-06 0.0001019774911699003 0.0002987329235620538 9.692460384283872e-05 4.1617482846775e-05 0.0002763400671546918 0.000961269205361301 0.00021727771580069163 0.0 7.427700622221127e-05 9.140799934930183e-06 0.0 0.0 0.0 0.0 0.0 0.00179932154409976 0.0002449877904078122 0.0 5.438448045968305e-06 0.0 0.003105954224724192 7.21062609727367e-05 0.0004789386540533443 0.00030675727617078525 0.0002875777449963685 0.0005661477644041837 8.34205532918568e-05 6.903838459013745e-05 0.0 0.0 0.0 0.0 0.0 0.0 0.0 0.0 0.0025674555906887967 0.0011106214355587607 0.004276560200688614
0.005106320896499464 0.01577282062710368 0.2531420193427097 1.1462272376706774e-05 0.007261439700364474 0.00019886078209456232 0.0007335025231909276 0.0 0.004256911581539216 0.0001114409972987973 0.2028853420338398 0.00018827641968971186 0.002546840879989582 0.06651812764264677 0.004497898740530544 0.004092612592215868 0.00013010904845925475 0.0005216282860333162 9.642206570588643e-05 0.00564899546664938 0.004866413973590181 0.0 0.007031368769842735 0.005048480617166948 0.00017979020492781139 0.0003642250568469021 0.000372907836381367 4.700043701514445e-05 4.974952282640618e-05 0.0002790435178822703 0.12103301454310261 0.29936343722387665 0.03313597837175189 0.0050540750753963306 0.004024900687813305 8.275180885546696e-05 0.0009848400887178688 0.0005762451819418298 0.0003744288853037965 1.8574731231799e-05 0.0004944069550002596 0.0002812960376559488 0.0011759681948963346 0.008244196913917368 0.000704448884297077 0.004371832499599276 0.009321043803482568 0.0001635304962084817 0.000246896666771061 0.0010883339171487213 0.0002624417697113847 0.00013466015442867172 2.9296851749567394e-05 8.685392153595527e-05 0.00034501332665009345 0.00026613108381676594 0.0020265719527178907 0.013805204036000603 0.0005171096244584216 0.0035525073275915193 0.025423341346151738 0.009229367843302761 0.0015106480348397859 0.026817805055262593 0.00018347201736144825 0.0002419248684759567 0.00012369360349284643 0.0009969899676740641 0.004695467126434458 0.007435414359541335 0.002478625661040989 0.0002390583356818776 1.692474416225277e-05 0.00945142383988956 0.007813518989613409 0.014746828264568062 0.01169427470720362 0.04240671494893387 0.16289482981095474 0.23352700491182954 0.03946340937157789 0.13055837803146306 0.000724520117939947 3.904463724708165e-05 0.00013808811518758763 0.00011538785192602293 0.0005636542582040143 2.437333649086375e-05 2.8642533644730172e-05 1.8501450715892425e-05 5.437839006511846e-05 6.38778419196963e-05 0.006656452599766763 0.001344970867745552 0.0004559330631435246 0.0014184535935334174 0.0011613570273589866 0.0 0.0005956788230774205 0.0007161603777889731 4.595485780938014e-05 5.6553128939731205e-05 0.0001633341799074851 5.482082442785659e-05 9.064038440837595e-05 0.0003605634677259718 8.130465775356699e-05 0.0003738080349244089 0.0006475905646009109 0.0003557860656303716 0.0002467553639348604 0.0002861356335797418 0.0008122275201984494 0.00031257227332131084 0.00043984137286138755 1.2084980352265233e-05 1.1726527829759393e-05 0.0 6.706949640265179e-06 0.0 0.0 0.0 0.0 0.0 1.6770611721352813e-05 0.0 0.0 8.272431064652192e-05 6.077153251287266e-06 1.8559989274200667e-05 1.5979593444909686e-05 6.204636419156263e-05 0.0 0.0 4.683235400633852e-05 7.438382575062852e-05 0.0 7.730366318632984e-05 0.0 0.0003264386641224909 8.378644343106671e-05 0.0004809381466026603 0.00031738668631592457 0.00020133936347032464 4.472786646411016e-05 6.0555031642137585e-05 1.1876737932582249e-05 5.266465944866068e-06 0.0 1.1057532855510024e-05 0.0 5.456348433629983e-05 7.087681383987042e-05 0.0 0.0 5.3862615780589524e-05 9.971964139697523e-05 3.160486850028219e-05 0.0 0.0 0.0 2.565973475349738e-05 6.053828951424629e-06 0.0 4.651220174882018e-05 0.00025438552595771356 0.0003247044513903007 2.0931787798222073e-05 0.0 0.0 0.0 5.073331216399035e-06 5.992276706781365e-06 5.170578648863619e-06 3.697992323576939e-05 8.462686157453378e-05 0.00023886808084736287 2.7416793955612006e-05 6.105795152646759e-06 1.2975757638643097e-05 0.00011030629325294615 0.00036097790125432704 1.9591888596261876e-05 0.00017375868262762414 7.113121101558027e-06 4.332423249697782e-05 7.310584710979369e-05 0.0 1.3938591679712648e-05 6.076632029224868e-06 0.0 0.0 6.1947619214242845e-06 5.863318929894211e-06 1.698361745980426e-05 5.544942236769202e-05 4.2365647268062104e-05 0.00023834923295404178 0.00025261637894959284 0.00086459977510325
0.00043007305255770434 0.045611438626976995 0.05503172528358753 8.242488794315815e-05 0.3166786576526743 6.449262670001882e-05 0.14232983340274463 0.004256911581539216 0.0 0.00019874728637790486 0.0634329033334199 0.0001506980322780198 0.04253774751197086 0.09988477976974647 0.0009876357032839423 0.0004237684982307874 1.2480395732504313e-05 1.597533791730807e-05 6.5756021971137485e-06 2.2775639513751855e-05 6.369159000863203e-06 0.0 3.163031901422693e-05 2.6692145482735757e-05 0.0 2.7068924462236345e-05 0.0 0.0 6.339817143215752e-06 0.0 0.003010871938375352 0.0011621852419841166 0.00037147550782243874 6.363015915862173e-06 5.711959452354966e-06 0.0 6.503199751833197e-05 2.6959555646526793e-05 3.30820304217432e-05 0.0 0.0 0.0 1.2132979273567428e-05 7.090845961267971e-06 5.706523039089675e-06 2.93215387687567e-05 0.002095215933119253 7.383694034624822e-05 2.365253855243062e-05 1.0858006570474059e-05 1.1692187096098238e-05 0.0 0.0 1.2439157200826111e-05 0.00019549585666110358 0.00010613956763334518 0.0005222428370643986 0.0017248100721508528 0.00021043568027915254 0.0011539964562124483 1.820957927527211e-05 4.783524930943295e-05 0.0 0.0014695395054488854 5.65287570300147e-05 4.922793967954656e-05 2.6364684235166997e-05 1.1243813694657039e-05 2.1130866731121233e-05 4.7265186828468334e-05 0.00046966415575196645 2.6679060691020646e-05 0.0 0.002290510358116155 0.0010836486039885436 0.003331502481190985 0.0010869224333397052 0.0002592704738832371 5.545504371405775e-05 0.00741050116355419 2.9882037935508057e-05 0.00012262089801062952 0.0003690042710802574 1.0352266198075976e-05 3.9126370962025974e-05 6.297081324968805e-05 6.997632446628231e-06 0.0 2.8303518727540397e-05 0.0 6.3688258113386764e-06 0.0 3.777024672165362e-05 5.678560431101891e-06 5.287434155703336e-06 0.0005744322538301864 0.0005623260583452347 5.217224149151458e-06 0.00039621975450801527 8.377691576038403e-05 5.8866892047455036e-05 6.54930357377155e-05 9.518437975173855e-05 0.00016556108954619085 5.402686116927498e-05 0.0003397668990848334 0.0001958014477615407 0.0004088243694941378 0.0011988357900696996 0.0002050710825290064 0.00014866351815195225 0.000808553504916259 0.0014833622654692586 0.0006973691296726792 0.00037049197728788053 1.836007814234955e-05 6.4344755122742516e-06 0.0 1.7997441895876056e-05 0.0 0.0 0.0 0.0 0.0 0.0 0.0 0.0 2.8213166510228334e-05 0.0 0.0 0.0 1.1637108543116e-05 0.0 0.0 0.00023039658221441544 0.00011411714198255187 0.0 0.0 0.0 0.0004332835913963933 2.9840494109242263e-05 0.0003993789738947607 0.00027821952624064884 0.00016225925471149012 0.0 0.0 0.0 0.0 0.0 1.4895896840966697e-05 0.0 5.441075852342358e-05 5.70975012169226e-05 0.0 0.0 0.0 5.817151259544646e-06 0.0 0.0 0.0 0.0 0.0 0.00019093687295486644 0.0 0.0 3.477788658249919e-05 0.0003946873327164819 4.116130299557467e-05 3.923140624762506e-05 0.0 0.0 0.0 0.0 0.0 0.0 0.0 0.0006207642610018409 0.0 0.0 0.0 0.0 0.00046390707004024086 2.2813599357194145e-05 0.00012547217589021446 0.0 5.925038337529934e-05 6.106135935793007e-05 0.00015801844995426946 0.0 0.0 0.0 0.0 0.0 0.0 0.0 0.0 0.0 0.00042677409968324754 0.00030896098238768845 0.001227557934831302
0.0773735800160613 0.04365777964131088 0.00021642524497817616 0.04191179445331033 0.0015251258413327938 0.020254578249590132 0.06261825496868285 0.0001114409972987973 0.00019874728637790486 0.0 0.0002297151228525114 0.116215765129829 0.27059457246442437 0.011308259632464644 0.0001415388351156067 6.215942856984343e-05 0.0 0.0 0.0 0.0 0.0 0.0 9.354509245679932e-06 0.0 0.0 7.712882392048316e-06 0.0 0.0 0.0 0.0 0.0015260749500317446 5.215917323013247e-05 0.0006915223653547111 0.0 0.0 0.0 0.000956026782785783 0.0 5.872695038086246e-05 0.0 0.0 4.5603242129288414e-06 0.0 0.0 5.157369363078106e-06 0.0 0.0003349632013620139 2.5065992570510624e-05 0.0 6.141597271059672e-06 5.77686838774299e-06 0.0 3.7557573656153795e-05 0.0 6.444051120922678e-05 8.811736019919802e-05 0.0009956822979722976 0.0026969500682289117 0.00012169638644718249 0.0008875592603314693 0.0 1.0037924869179942e-05 0.0 9.072722289677978e-05 6.9989755361844605e-06 1.1333776932570706e-05 7.071482225877489e-06 0.0 0.0 0.0 0.001958501378573915 0.00011671304429734242 1.711263774201307e-05 0.002345080536462461 0.00034377314719852704 0.0012437438671247358 0.00010050629721522514 1.4059660871748587e-05 1.966293183491152e-05 0.00015006068927545454 0.0 0.0 0.00011756193785248222 0.0 1.3069867407275164e-05 0.0 0.0 4.910624698401279e-06 6.0081277464094004e-06 8.27537656336358e-06 0.0 0.0 7.404809675369531e-06 0.0 6.522223685565952e-06 0.002469445834022992 0.0008494929310668637 2.1148711742167358e-05 0.00011810234026688908 0.01767342040242566 4.299090866349612e-05 0.002769330233203444 0.0011069313207653752 0.0007244968318664793 0.00010818208605659493 0.002776227889162944 0.0054699826512550264 0.002520515013625455 0.01102341317424348 0.004282810887309441 0.00037082143405658616 0.004198856330391767 0.012152930809002753 0.0048661810673970895 0.0014898255254570149 5.311823112325739e-06 7.105325499829935e-06 0.0 0.0 0.0 0.0 0.0 0.0 0.0 0.0 0.0 0.0 0.0 0.0 0.0 0.0 0.0 0.0 0.0 8.141882191556519e-05 3.779362061251526e-05 7.014331905597479e-05 5.926872377976255e-05 0.0 0.0005119547222475437 0.00020350275582105181 0.0004911229233341995 5.290452491194509e-05 0.0 0.0 0.0 0.0 0.0 0.0 0.0 0.0 0.0 0.00012069029924010035 0.0 0.0 0.0 2.210747518873573e-05 0.0 0.0 0.0 0.0 6.681280099408202e-06 0.00025871315473929656 0.00011414800308111654 0.0 0.0 0.0003295842780120318 8.323923930120334e-05 0.0 0.0 0.0 0.0 0.0 0.0 0.0 0.0 0.000483786621041083 0.0 0.0 0.0 0.0 0.0008021317608598322 0.0 0.00010191685222615529 7.356768911661934e-05 4.887030850796164e-05 7.300260381560638e-05 1.0046893607978116e-05 0.0 0.0 0.0 0.0 0.0 0.0 0.0 0.0 0.0 0.0018684829190165717 0.00014447358652768406 0.0004246385888385618
0.004604220898606194 0.047152467774009624 0.15683083127882375 1.2075502272581501e-05 0.09623259322465423 0.000287932893518566 0.014726631234057921 0.2028853420338398 0.0634329033334199 0.0002297151228525114 0.0 0.0017289482974100706 0.02648691596574669 0.2730313580890631 0.004584983016906007 0.004799974918776067 3.3385709685854394e-05 2.4750333980703677e-05 2.3923940275068196e-05 0.00010026122676333747 0.0004214875183894124 0.0 0.0007647695085852572 0.0008384221574146209 6.303512089421321e-05 7.940758611437168e-05 0.00017603675364696406 3.301686578276658e-05 3.105262881772873e-05 6.299177474507755e-05 0.019518019289007035 0.012126840708579329 0.017597629050331052 0.0001533351943039777 0.00042153336526798717 0.00010127282993591241 0.00185479612253484 0.0005298887806478238 0.00037856296196600434 3.6718304370830226e-05 7.936398271192867e-05 1.8354027523898746e-05 4.879283961893125e-05 0.0002494275010460084 3.896204240510262e-05 7.058008713050431e-05 0.007448549837906575 7.241938990502177e-05 6.216745456308772e-05 4.732861629905288e-05 5.242410487711936e-05 6.570669442432044e-06 8.250805773078187e-06 6.187940576197359e-06 0.00037171157182570614 0.0002974654551135694 0.0011462740732697948 0.004456082425156146 0.0005839802268612746 0.002674856994059657 0.00018535075892763849 0.002485442816861644 3.1695275474322316e-05 0.004868529549369841 8.264755979383123e-05 4.9575760098496126e-05 5.017419431319028e-05 0.00015124118441000662 0.0002877108596354321 0.0002842772325883077 0.004534402516822568 7.16682443414927e-05 0.0 0.004598302999874459 0.0033165237857200286 0.00999589303390676 0.006008509081045361 0.001705361527886917 0.0025651634678532614 0.07729359019235914 6.476122188205677e-05 0.012516094015113917 0.0005758322035993514 2.923202339955274e-05 3.852161492810524e-05 0.00011531104683317705 6.185902876882752e-05 6.268172097130332e-06 1.7033056586369055e-05 0.0 3.4605177146744964e-05 1.2063654672976847e-05 0.0006944590533986141 0.00019277275136758836 5.429324231983678e-05 0.0020694209755926615 0.001119858702901067 0.0 0.0005412982649558146 0.00045465835079317607 9.856400581696319e-05 5.9797952722207465e-05 0.0002971760807863779 5.4256973219516623e-05 0.0002086037536491633 0.0007654427296424528 0.00027845839988395324 0.000753506990302238 0.0011454017722465548 0.00042880325591513154 0.00014985774069491476 0.0010447873723358132 0.0025221079002756635 0.0010557752045256565 0.0008725388725195357 5.65147950975048e-05 0.0 0.0 6.112955886273086e-06 0.0 0.0 1.9610328699295986e-05 0.0 0.0 0.0 0.0 7.1613566132512814e-06 5.0557364332686894e-05 0.0 0.0 0.0 7.129889574667552e-06 2.3307507110601855e-05 0.0 0.00023923160095007897 9.460960096013989e-05 0.0 9.943749495788786e-06 0.0 0.0007576227988801897 7.667027403278897e-05 0.0007845230312941636 0.00021412448452707533 5.001402778417251e-05 7.218782990092388e-06 1.4737832247104434e-05 0.0 0.0 0.0 0.0 0.0 1.14390358942382e-05 6.388542107737668e-05 0.0 1.9601588285722376e-05 0.0 1.1160582434857522e-05 1.616925318743643e-05 1.976115145758565e-05 0.0 0.0 5.1254370989350135e-05 4.523431919054595e-05 6.742896399091839e-06 0.0 0.00020622744027794143 0.00044415732399585216 0.00017669436387093276 6.7559698262030116e-06 0.0 0.0 0.0 0.0 0.0 1.2377377147531196e-05 2.0039471124583612e-05 0.0007071229601063422 5.179473621050781e-05 4.611715985079231e-06 0.0 0.0 0.0008504949295993925 0.0 0.00027905854498811285 6.481146221319914e-05 0.00012181069989875057 0.0002651661111638645 1.670124372863811e-05 2.6636736323093525e-05 2.1836890167862933e-05 5.4360222196005925e-06 6.960008375575e-06 0.0 0.0 7.152094461042367e-06 0.0 6.296613568202204e-06 0.0006881985477599852 0.00041094745882671994 0.0013087571709027366
0.016834709658457535 0.0037749093278103625 0.00021656107834044534 0.05925827298864721 0.000113618799967317 0.008187499460706503 0.01674771159706697 0.00018827641968971186 0.0001506980322780198 0.116215765129829 0.0017289482974100706 0.0 0.08908004831513708 0.01746380869209207 0.0009217850642695781 0.0014699442212077287 4.402266386171648e-05 7.5259511876123376e-06 0.0 1.4545242503053481e-05 5.2648176640368315e-05 0.0 0.00013955654444406854 0.00013558558135930862 6.981836370357419e-05 5.617276597740711e-05 0.00010240033088915888 6.1034571436731084e-06 1.4626852757073221e-05 2.8108840479229514e-05 0.0003192431816699075 4.7689492581634814e-05 0.022429906006467958 3.974714333890475e-05 4.2571374494264595e-05 0.00015724450802838793 0.012103507317550107 0.0010749625008240002 0.00045796115161921144 3.543095561404912e-05 5.351619682393459e-05 0.0 0.0 0.00011004370581380785 0.0 0.0 0.0022558544971604286 1.4366629155553821e-05 3.8217419091087805e-05 6.047099039602108e-06 0.0 1.2376361565197522e-05 0.0 0.0 4.991758310600423e-05 5.990243837423431e-05 0.0002803144357463361 0.0004213661563005386 0.0001252750366885782 0.0006342805310849199 9.791361521593208e-06 0.0023592925114384804 8.008984048197844e-06 0.00026358989018875675 1.5635121451538383e-05 5.945630173347714e-06 5.931603669224525e-06 3.312436718742008e-05 4.676942044574397e-05 5.129231120302199e-05 0.013131099373100547 8.44027541677543e-06 0.0 0.001030086616592481 0.00028575590290265494 0.001445952643459182 0.0009524185980050462 0.00036143946637807496 0.0 0.0025326658518575367 0.0 0.0006219930732666054 3.696667417387009e-05 1.2265220904419564e-05 0.0 2.0332756941821215e-05 3.452590490169889e-05 0.0 7.165552734968684e-06 0.0 7.269327582676541e-06 0.0 0.000264149663054002 1.8264206343534293e-05 0.0 0.022694943097349613 0.0017577909555312624 1.0108360618091851e-05 0.0009849801187184282 0.002398374353815988 9.800591336338198e-05 0.0013377883435243217 0.0005538581989684118 0.00036565403284766885 0.00019444070845882398 0.0021423891896001804 0.003546176868683073 0.0019780396097092597 0.0054297123502550435 0.00342139052597756 0.00036086907432359615 0.0033778816630918706 0.007248336676725215 0.002478380545647258 0.0013647893066218672 8.696444644182896e-05 6.1218745174993534e-06 0.0 0.0 0.0 0.0 0.0 0.0 0.0 0.0 1.0855272350081324e-05 0.0 0.0 0.0 7.5161275206543344e-06 0.0 0.0 0.0 0.0 8.997908585385668e-05 0.00017620299300706766 0.0 3.5878773699616105e-05 0.0 0.0006211704443443106 2.982463428787482e-05 0.0004359542924348619 0.00020478734401222195 5.3671804080481866e-05 3.867145671444594e-05 0.0 0.0 6.323939758369498e-06 0.0 0.0 0.0 3.419758459338704e-05 4.235685674691658e-05 0.0 0.0 0.0 7.075030565170468e-06 7.556099932139341e-06 0.0 0.0 0.0 4.480051004562334e-05 6.53048776726272e-05 3.915727132013156e-05 0.0 0.0004167831426558489 0.00038839956029357005 0.00015593948421304687 0.0 2.7746914003929198e-05 0.0 0.0 0.0 0.0 0.0 1.1127133306032535e-05 0.0007733168922947048 8.699973147076274e-06 0.0 0.0 7.282323523851776e-06 0.0008192393325713538 0.0 0.00020924330138489235 7.297021056180175e-05 0.0001265634981433994 7.13767226207299e-05 0.0 1.172720350712076e-05 0.0 0.0 0.0 0.0 0.0 7.039691296081544e-06 0.0 0.0 0.0014092807516142582 0.00041668254783095186 0.0008912718382976827
