0.0 0.11562831856499427 0.13722916785765668 0.0678869618987905 0.013440837406706844 0.020970945212566663 0.042885971274071476 0.01174805023404159 0.008900563963509762 0.09094751387408294 0.006486373846396367 0.001200259903863441 0.003682705700398004 0.007569572468566923 4.345485330881596e-05 0.0 0.0 0.0 0.0 0.0 0.0 0.0 0.0 0.0 0.0 0.0 0.0 0.0 0.0 0.0 0.045840324736398694 2.263597516544307e-05 4.512392194278995e-05 0.0 0.0 0.0 0.0 0.0 0.0 0.0 0.0 0.0 0.0 0.0 0.0 0.0 7.037703587561161e-05 0.0 0.0 0.0 0.0 0.0 0.0 0.0 7.779534617468111e-05 1.5304708752434408e-05 0.0010236983798178733 0.0150113826473612 9.554247482581512e-05 0.000156595792503925 0.0 0.0 0.0 8.711342288066052e-05 8.573001658540954e-06 7.0391646507142035e-06 0.0 0.0 0.0 0.0 2.9982176819613396e-05 0.0 0.0 0.0003504791271636066 0.00023516701326351943 0.00011592450462749947 4.6636078331978184e-05 6.583223506084497e-06 0.0 9.758295870833829e-05 0.0 6.946264892189043e-05 7.063782959864435e-05 0.0 0.0 2.0151103895871247e-05 0.0 6.824183527346152e-06 0.0 0.0 0.0 0.0 0.0 0.0 0.0 0.0032806849088717403 0.0 0.0 3.372676052524784e-05 0.04679108842508921 0.0 0.0 0.0 0.0 0.0 0.0 0.0 0.0 0.0 0.00017008081215442593 0.0 0.0 3.616139352394279e-05 0.0 0.0 0.0 0.0 0.0 0.0 0.0 0.0 0.0 0.0 0.0 0.0 0.0 0.0 0.0 0.0 0.0 0.0 0.0 0.0 0.0 0.0 0.0 0.0 0.0 0.0 0.0 0.0 0.0 0.0 0.0 0.0 0.0 0.0 0.0 0.0 0.0 0.0 0.0 0.0 0.0 0.0 0.0 0.0 0.0 0.0 0.0 0.0 0.0 0.0 4.368472116845826e-05 0.0 0.0 0.0 0.0 0.0 0.0 0.0 0.0 0.0 0.0 0.0 2.6438907585548812e-05 7.673269363863404e-05 0.00012769470434174696 0.0 0.0 0.0 0.0 0.0 0.0 0.0 0.0 0.0 0.0 0.0 0.0 0.0 0.0 0.0 0.0 0.0 0.0 0.0 0.0001619123311296344 3.774376153721312e-05 3.6913072165341035e-05
0.11562831856499427 0.0 0.10977657460855489 0.10846428686151623 0.1328335340059306 0.04034812489545365 0.15054440535818484 0.04781952419730899 0.14059672089859432 0.14520023220126863 0.03310895247937927 0.004175288982750422 0.07709111423062373 0.08565690908416072 0.0009197454911831527 0.00019652293758618791 1.5043666108715639e-05 0.0 1.2530142842234304e-05 8.962632890912385e-06 5.408989474166518e-06 0.0 0.0 9.955322190542673e-06 3.7015484638425945e-05 0.0 0.0 6.10998637143141e-06 0.0 0.0 0.044280279999544044 0.0006683759437009201 0.000631420594462489 6.458469468642289e-06 7.746563127078014e-06 6.434698502563961e-05 0.00020460258910543643 5.2155472925240295e-05 5.6132819326161184e-06 1.1749085163635877e-05 0.0 0.0 1.0130742514516744e-05 1.137624888179132e-05 1.1069982626326624e-05 5.871083277209115e-06 0.0034647139484930583 8.728376351697328e-05 5.84155179607702e-06 0.0 2.3106011510546695e-05 0.0 0.0 0.0 0.0007692115596739991 0.0005216472589879297 0.0038172255855489037 0.0373905895818039 0.0019149669138386776 0.0030994743992443573 1.3940864318376546e-05 8.576649865700366e-05 5.9625299145902735e-06 0.004153863318059707 0.0006515687619470983 0.00029638898483380725 0.000246647112175334 4.707360467604924e-05 1.3145110724929146e-05 5.460943005787797e-06 0.00016260615729887118 0.0 0.0 0.007076286745364049 0.008426575653919877 0.0057564452970269905 0.0012259713740578693 6.011486217283066e-05 0.00012256820040268727 0.0006827448103487681 6.661214034860144e-06 0.00011083565060847743 0.0022287308650465014 1.252015030240354e-05 0.00018273248905580628 0.0002812763647634478 1.1578777041588347e-05 1.1170022624093523e-05 0.00010320960027280578 0.0 2.8929552002765963e-05 4.5512264331009745e-05 0.0 1.1868708876446353e-05 6.494555505825958e-06 0.0016665373344657932 0.00011207362965684815 0.0 0.00012856345139452353 0.04353014204447015 0.0 0.0 0.0 0.0 0.0 7.897051938914465e-05 0.0 0.0 0.0 0.0 0.0 7.053041312684331e-05 0.0008392053472406122 6.123905994873258e-05 0.00012597817287589427 0.0 0.0 0.0 0.0 0.0 0.0 0.0 0.0 0.0 0.0 0.0 0.0 0.0 0.0 2.196090652910139e-05 0.0 0.0 0.0 0.0 0.0 1.1442204868277595e-05 0.0 0.0 0.0 0.0 0.0 4.7786859451293966e-05 0.0 0.0 0.0 0.0 0.0 0.0 0.0 0.0 0.0 0.0 0.0 0.0 0.0 0.0 0.0 0.0 0.0 0.0 0.0 0.0 0.0 0.0 0.0 0.0 0.0 0.0 0.0 0.0 0.0 0.0 0.0 0.0 0.0 0.0 0.00016414487038043617 0.0 0.0 0.0 0.0 0.0 0.0 0.0 0.0 0.0 0.0 0.0 0.0 0.0 5.450746852033992e-06 0.0 0.0 0.0 0.0 5.326573274178689e-06 0.0 0.00023222276233251797 0.0 0.0
0.13722916785765668 0.10977657460855489 0.0 0.005392165344485217 0.03273010733958941 0.012347758776044361 0.016517252629907123 0.0619176598005773 0.07809044136919728 0.05039458348665052 0.06522884791244388 0.006979883972930243 0.01620060026435602 0.07897940012073362 0.0017824036396246288 0.0011656506454163413 0.00010519691800152201 8.410044425531983e-06 8.378440559759038e-06 2.6595215384814322e-05 0.0001148384125043687 0.0 7.489599797693951e-05 0.00015256488764593177 0.0001297769898428591 3.8356837729298295e-05 3.3214355427486865e-05 0.0 0.0 0.0 0.16167499206751185 0.005987232023129316 0.006235593593319821 9.618965848209356e-06 0.00032191234427995073 0.0003815703357199794 0.000778471618671388 0.0005764371938546298 0.00025870318263941416 0.00016029827130216887 7.117078104690708e-05 0.00010540174294769181 6.681878236247718e-05 0.00014065951920198448 5.811660525944778e-06 2.8149032675115917e-05 0.00391217113151296 7.546227548098925e-05 0.0 1.5330282554564883e-05 8.350605843551636e-05 4.3680450606281694e-05 2.5082628847888128e-05 0.0 0.0006382122061583966 0.00046093050553024215 0.0036170038736586213 0.03739069513430217 0.00230648762958089 0.0028905622814810895 0.00019296607738927038 0.0012495824637630722 3.753835826353936e-05 0.007458638278947081 0.0005117219677189534 0.00024275416587759877 0.0002244351944528587 4.137348566941977e-05 1.6105025536445167e-05 0.0001803723883473197 0.0012723746102744713 0.00027729615817323087 0.0 0.00666646330307022 0.00802115708330288 0.005628803241275911 0.0017110793821846321 0.00032378097854444347 0.007939582922830576 0.022767988348393907 0.00021173943033995214 0.008096284601503757 0.0018942107599770387 1.3380641396923392e-05 0.0001426055528752512 0.00023142943131833823 7.147429691534843e-05 5.469761833946965e-06 4.6045401803511074e-05 6.800813765979543e-06 2.0910599286435646e-05 1.3758681027241188e-05 5.0348692519611385e-05 1.6399710317250307e-05 3.0832861931561815e-05 0.0024797537736832866 0.0002726272344175794 4.045347268177777e-05 0.0006349363998028757 0.019571474300081534 0.0 0.00011727624682563387 0.0 0.0 0.0001391275333751911 0.00010823958375005114 0.00020627900969449043 0.0 0.00016907699764589034 0.0003135113334899365 8.583521036072074e-05 0.0003826818678570347 0.002052204619511695 0.00024031865446072276 0.0013622946698572736 4.330966538824835e-05 0.0 0.0 0.0 0.0 0.0 0.0 0.0 0.0 0.0 5.180155248345089e-05 0.0 2.522007464219331e-05 0.0 4.709861241015282e-05 0.0 0.0 3.650689330406652e-05 0.0 0.0 0.00015284686148112729 0.0 0.0 0.0 0.00026471621946733473 0.00011953488170587153 0.00024117856189753128 0.0002798925459101432 0.00012906687136165414 1.8272810229510827e-05 1.7707194204200642e-05 0.0 0.0 0.0 0.0 0.0 0.00010730083614940589 2.4109417192173964e-05 0.0 0.0 0.0 0.00010702789861483192 0.0 0.0 0.0 0.0 0.0 0.0 3.87370819334007e-05 0.0 0.0 0.0006076294151716217 7.319720117718001e-05 0.0 0.0 0.0 0.0 0.0 0.0 0.0 0.0 0.0004277457951173052 5.789313844588365e-05 0.0 0.0 8.396245051569298e-06 0.0 0.0 0.0 0.0 4.685954194741786e-05 0.0 8.983123913861225e-05 0.0 0.0 0.0 0.0 0.0 0.0 0.0 0.0 0.0 0.0006072195222218243 0.000489457408868101 0.000561950880883698
0.0678869618987905 0.10846428686151623 0.005392165344485217 0.0 0.023723739298949276 0.0290806905167817 0.062170492297039956 2.0248144585928767e-05 0.006184058117860987 0.1441241244350342 0.0010859669645305818 5.85153431511785e-05 0.008056851672186472 0.00039508482662026874 2.6776933881863557e-05 0.0 5.399371114895912e-06 0.0 0.0 0.0 0.0 0.0 0.0 0.0 0.0 0.0 0.0 0.0 0.0 0.0 0.0026785589211240648 2.5491091703037647e-05 2.6671528497318163e-05 0.0 5.680907340063075e-06 0.0 0.0 8.16175590210288e-06 0.0 0.0 6.146452985424123e-06 0.0 0.0 7.321271741094931e-06 0.0 0.0 0.0004028674208833941 0.0 0.0 0.0 0.0 0.0 0.0 0.0 5.539422367884978e-05 4.8144824987486506e-05 0.0005710407852690121 0.006074112893324862 0.00025820710663205246 0.00031661924897247016 0.0 6.881804135485308e-06 0.0 0.00045466858266264185 8.226559551049276e-05 3.153929404132227e-05 2.010061350618389e-05 5.599291737228166e-06 0.0 0.0 0.0 0.0 0.0 0.0010662123118674626 0.0011734533825332673 0.000717966824109467 0.00013556747878497294 9.322168173187054e-06 0.0 1.4389974802210866e-05 0.0 0.0 0.00029720502919431107 0.0 5.097590228966383e-06 4.4021551899251036e-05 5.580592836614581e-06 0.0 1.2729395056557398e-05 0.0 0.0 0.0 0.0 5.679758680366309e-06 0.0 0.0002963667576023989 0.0 0.0 8.244708853976858e-06 0.026797609880599194 0.0 0.00013885599128891696 0.0027552213818177874 0.000908811861658612 0.0 0.00047213613767097695 0.0006703684765045657 6.202478369089737e-05 0.00037947795373999206 0.00047967761147359764 0.0 0.0009278792331141725 0.00011338046006037009 0.0 0.0 0.0 0.0 0.0 0.0 0.0 0.0 0.0 0.0 0.0 0.0 0.0 0.0 0.0 0.0 0.0 0.0 0.0 0.0 0.0 0.0 0.0 0.0 0.0 0.0 0.0 0.0 0.0 0.0 0.0 0.0 0.0 0.0 0.0 0.0 0.0 0.0 0.0 1.9199021182328698e-05 0.0 0.0 0.0 0.0 0.0 0.0 0.0 0.0 1.2404411777773917e-05 4.3378639338169934e-05 1.1256310686743678e-05 0.0 0.0 0.0 1.7791287820460265e-05 0.0 0.0 0.0 0.0 0.0 0.0 0.0 0.0 0.0 0.0 0.0 0.0 0.0 0.0 0.0 0.0 1.2057411011243645e-05 3.746774740692229e-05 0.0 0.0 0.0 0.0 0.0 0.0 0.0 0.0 0.0 0.0 0.0 1.2303326526333999e-05 0.0 0.0
0.013440837406706844 0.1328335340059306 0.03273010733958941 0.023723739298949276 0.0 0.0005274750684432633 0.0875365736228337 0.005781264154164966 0.16753210615035022 0.11458845274824146 0.025410482102228394 0.004517908272950227 0.06299578824950673 0.12413747036456783 0.0008750241118341424 0.00024529393561838566 0.0 0.0 0.0 0.0 0.0 0.0 0.0 0.0 9.244978241564322e-06 0.0 0.0 0.0 0.0 0.0 0.0090038080422292 0.0009070792942637677 0.00013089450247262787 0.0 0.0 0.0 3.199415741801376e-05 3.454647073589765e-05 4.508352003666673e-05 1.2321155537098335e-05 0.0 0.0 0.0 1.3482903558159348e-05 0.0 0.0 0.002625698224447083 0.0 5.103702910823702e-06 1.4925899973187408e-05 0.0 0.0 0.0 0.0 0.0001743602544565343 0.00012737818436628844 0.0005413183745084429 0.003341726440395226 0.0004424863499203219 0.0009529924408289494 2.625394832239454e-05 5.879596098160899e-05 0.0 0.0017884105957519365 0.0001561636006314294 9.504730975089976e-05 7.496207016194736e-05 1.7458320957018708e-05 0.0 2.2242298838668487e-05 5.158736023077946e-05 0.0 0.0 0.0016616374069833005 0.002129262978695661 0.001890666164587371 0.0006331751932036196 6.81441725481993e-05 5.0400235625262125e-05 0.00012991754954433296 0.0 0.00010313159428642865 0.0004349878914245174 0.0 2.8133806404629673e-05 0.00011373064296072391 1.8083666220519283e-05 0.0 2.3779986921348668e-05 0.0 8.188151089195175e-06 0.0 0.0 0.0 0.0 0.0002807030838998826 0.0 0.0 0.0 0.0008165313053329121 0.0 0.0 0.0 0.0 0.0 0.0 0.0 0.0 7.54079110965566e-05 0.0 0.0 0.0 0.00025092304986607054 0.0 0.0002064690763623846 0.0 0.0 0.0 0.0 0.0 0.0 0.0 0.0 0.0 0.0 0.0 0.0 0.0 0.0 0.0 0.0 0.0 0.0 0.0 0.0 0.0 0.0 0.0 0.0 2.801845911722391e-05 1.3950394729224894e-05 0.0 0.0 3.031249297091017e-05 0.0 3.2825159140040045e-05 0.0 0.0 0.0 0.0 0.0 0.0 0.0 0.0 0.0 0.0 0.0 0.0 0.0 0.0 0.0 0.0 0.0 0.0 0.0 0.0 0.0 0.0 0.0 0.0 0.0 0.0 0.0 0.0 0.0 0.0 3.6216371415248275e-05 0.0 0.0 0.0 0.0 0.0 0.0 0.0 0.0 0.0 0.0 0.0 0.0 0.0 0.0 0.0 0.0 0.0 0.0 3.618930248993941e-05 0.0 1.3836458347720454e-05 4.3699368578419816e-05 0.00014348792340514586
0.020970945212566663 0.04034812489545365 0.012347758776044361 0.0290806905167817 0.0005274750684432633 0.0 0.009276924450035548 0.0006092509580772696 0.0009609959162220243 0.0683359716246481 0.0003978552925349294 0.048005063333194334 0.008321340338703243 0.0015272788325643412 0.0001288819952497355 3.654696793545479e-05 0.0 0.0 0.0 0.0 0.0 5.4574264547513944e-05 0.0 0.0 0.0 3.386116596924659e-05 0.0 0.00012945635921144628 1.6960729571690462e-05 0.0 0.008186751765834556 6.107595560199912e-05 0.002663688792710066 7.0262799403430005e-06 0.0 0.0 0.0018291579275653918 1.7590741964798868e-05 0.00012150343817054746 6.123158806398582e-05 3.4449944943875895e-05 9.511373479563803e-06 0.0 0.0 0.0 0.0 9.297933425762011e-05 0.0 0.0 0.0 0.0 0.0002528282466882894 9.979387863788681e-05 2.7333156482655827e-05 0.0 0.0 0.006152810959162265 0.0014421437289562477 0.00017392101231869804 0.0 0.0 0.00045007968504197566 0.0 3.252426679968569e-05 5.372609742554581e-06 0.0 1.1343939296557348e-05 0.0 1.6348661854847173e-05 0.0 0.005894834209169875 0.0010054745430010206 0.00013784980217298036 2.1079252912103243e-05 3.201230144403601e-05 3.717047427739905e-05 0.0 0.0 0.00013045858958233978 0.00010374613681857218 0.0 8.879941439013924e-05 3.277434733884589e-05 0.0 0.0 8.574433352251166e-06 0.0 2.155168092127155e-05 4.836561710297249e-05 0.00013411493063826693 9.017233403533268e-06 0.0 0.0 0.0 1.2759581620180126e-05 0.03061256934818968 0.009079457263008621 0.0006217457275310509 0.0017810324091221631 0.02472365319048564 0.00016755354334907675 0.001886283489493257 0.00026504230769811417 8.848633826168809e-05 0.00042495910191920683 0.0001662246757360406 0.0032181065234430342 0.0001886755519868953 0.0016953351722462815 0.0033159642895227055 0.0003548415570639371 0.0011057105431547865 0.01498337692903875 0.0005675484227138335 0.0013300903221063116 0.0 0.0 0.0 0.0 0.0 0.0 0.0 0.0 0.0 0.0 0.0 0.0 0.0 0.0 0.0 0.0 0.0 0.0 0.0 0.00011600315023876573 0.0001380186530163221 0.0 0.0 0.0 9.9636157800637e-05 0.0 0.00010967922693159783 1.1679449201954025e-05 0.0 0.0 0.0 0.0 0.0 0.0 0.0 0.0 7.715566904949763e-06 0.0 0.0 0.0 0.0 0.0 0.0 0.0 0.0 0.0 1.7871631635807252e-05 1.2106510749817825e-05 0.0008303175302069427 0.0 0.0 0.00016231095388888504 0.0 0.0 0.0 0.0 1.3122741443493316e-05 0.0 0.0 0.0 5.622226447066004e-05 0.0010998675399432319 0.0006479589157573843 0.0 0.0 0.0 0.0 0.0 6.474605925345787e-05 0.0 0.0 0.0 0.0 0.0 0.0 0.0 0.0 0.0 0.0 0.0 0.0 0.0 0.009261155781374455 0.0028773727248216753 0.00023998533846869582
0.042885971274071476 0.15054440535818484 0.016517252629907123 0.062170492297039956 0.0875365736228337 0.009276924450035548 0.0 0.0009226919338954411 0.08897036735534895 0.21023691468411312 0.006967487592708994 0.015278498420133204 0.4031196703756288 0.10224675653358109 0.0011407695597059214 0.00028736782813111014 2.3259771470670413e-05 0.0 0.0 0.0 0.0 0.0 0.0 0.0 0.0 0.0 0.0 0.0 0.0 0.0 0.011857774098795142 0.0011212402522214572 0.0003136966813252109 0.0 1.9457377401513033e-05 0.0 0.00015421624293464225 2.0207394084240963e-05 1.2658792195251438e-05 0.0 7.554934708412858e-06 0.0 0.0 4.170508586768152e-05 0.0 0.0 0.0038432135943660315 1.1869964140291316e-05 0.0 0.0 2.4771407098594727e-05 0.0 0.0 0.0 0.00027565238776966434 0.0001676826084582718 0.0016673346594043847 0.012404992700022825 0.0009958158996218754 0.0019632689810107884 1.0296037576495561e-05 2.147906537364774e-05 5.584541987284347e-06 0.003540564707612764 0.0003384069269588843 0.00020921719058529392 0.00011016067258566173 5.584225372964217e-06 0.0 1.087545031066472e-05 0.00010855763402805698 1.840677113421162e-05 0.0 0.003893751444220153 0.004992206913611748 0.00353138692516393 0.0012210265795545062 3.642537737611017e-05 0.00018089073023009347 0.0 1.7735700686447867e-05 8.839851243420019e-05 0.0009471283598452139 0.0 8.558952244548678e-05 0.0001346643486962801 1.3951825889914376e-05 7.2055124286564095e-06 4.966363933875006e-05 5.782345984254252e-06 1.851955885601929e-05 0.0 7.221135799594658e-06 1.0634399142856365e-05 0.0 0.0003797606775353701 9.059095573278416e-05 1.3302209526974227e-05 1.2723284506783036e-05 0.013138313902422472 1.0498711250954864e-05 8.192574415116094e-05 0.0022687483177008224 0.0013009485772116733 4.145736820946598e-05 0.0014372482127534075 0.0002924973127221533 0.0013025448869154442 0.002112842983208072 0.00020071754484018598 0.0 0.006140122630688695 0.0005592862963411044 0.00013966419677989388 0.00012549921429660775 0.0 0.0 0.0 0.0 0.0 0.0 0.0 0.0 0.0 0.0 0.0 0.0 0.0 0.0 4.331761059541308e-05 0.0 0.0 0.0 0.0 0.0 0.0 0.0 0.0 0.0 4.439094806523344e-05 0.0 0.0 9.74342832330626e-06 0.0 0.0 0.0 0.0 0.0 0.0 0.0 0.0 1.0286831242257712e-05 0.0 0.0 0.0 0.0 0.0 0.0 0.0 4.203162769911156e-05 0.0 0.0 4.465769722900492e-05 0.0 0.0 0.0 4.213579700855867e-05 0.0 0.0 0.0 0.0 0.0 0.0 0.0 0.0 0.0 1.4911467370584459e-05 0.0 0.0 0.0 0.0 0.0 0.0 0.0 0.0 1.8089045998857778e-05 0.0 0.0 0.0 5.285094666158737e-06 0.0 0.0 0.0 0.0 0.0 0.0 0.0 3.5475361717001066e-05 0.0 1.0347812013147878e-05
0.01174805023404159 0.04781952419730899 0.0619176598005773 2.0248144585928767e-05 0.005781264154164966 0.0006092509580772696 0.0009226919338954411 0.0 0.002505971945653548 0.013867139581241833 0.21154415896438186 0.0020676955987583064 0.005798305456217901 0.06846988589483124 0.003287697502438518 0.001882096765616018 7.150407731716656e-05 4.760159689933808e-05 0.0 0.00012969918320623907 0.0010920902332458566 0.0 0.0009270802547452429 0.0008116417061933172 0.0003264855689587498 0.0002570287923263624 9.033409836792338e-05 0.00011384742460694357 4.196408331081723e-05 2.4747974440780692e-05 0.29809095293800786 0.06863978718826523 0.009946986719449949 0.00016018152909948397 0.0009358557483181701 0.0006247777062137239 0.0014148219028954825 0.0011410693806745858 0.0009544991417508539 0.0004932393605258011 0.0007810050443993156 0.00041082450534930056 0.00047571231187444314 0.0007185177442199281 1.4535286916611125e-05 2.655955576422342e-05 0.005112190453799866 0.00017380564584254562 7.291294761227548e-05 0.00021511704578907923 0.00012950313444656914 8.812156338552973e-06 0.00012237258552190046 8.834565596544376e-06 0.00038191745535013494 0.0002881803388306118 0.0032839231628500193 0.02664308267549636 0.0018131681411131416 0.0016299549025283592 0.0026548880526097427 0.008360706669211026 0.0003045215208054011 0.024293649568547543 0.0003810421798593231 0.00019374239438139866 0.00017535552997279964 0.00011329613831123334 0.0006723632463962613 0.0019889596335471585 0.002400007809856967 0.0006381064095366274 0.0 0.005495905133559785 0.006740504836285136 0.004913219064119252 0.0034276745370865917 0.022860353380511733 0.08375597122292203 0.14529101107452969 0.031214027222688664 0.04885242987613225 0.0011708963056090214 0.0 0.00022942415185669315 0.00021660954010917495 8.822646026828826e-05 5.20020684899508e-06 6.973578687226304e-05 4.4119181577227316e-05 0.00013272890614513628 3.601980189431443e-05 0.0006044431882818264 0.00033868261594652315 0.00012993642540783256 0.0012994421156160814 0.00120356952612081 0.00011757446766603454 0.0018445018053469752 0.004793934309858366 0.0 0.0 0.0 0.0 0.0002415360034743354 5.574381652524334e-05 0.0 0.0 0.000495384496101542 0.0004703337941299958 9.677488753858805e-05 0.0003970623463617246 0.001462032616496729 0.00018779644301091444 0.0011924231952026105 0.00011493203013522777 0.0 3.941824832701895e-05 0.0 0.0 0.0 0.0 0.0 0.0 0.0 8.82372768581846e-06 0.0 4.755667977451821e-05 0.0 0.00022395158953177318 1.4900750455566733e-05 0.00016449363278051534 0.0 5.5346205972379745e-05 5.540171741744692e-05 0.0 0.00014847651355768984 0.0002662541964472565 6.553757373295243e-05 0.000809286835484341 0.0003652024238210725 0.0012494214717775351 0.000957202868138539 0.0008284006826173675 6.872244461798281e-05 1.0566620225436014e-05 0.0 0.0 0.0 3.685843540730977e-05 0.0 4.323868941242372e-05 0.00017459017295314697 0.0 0.0 8.121909936612488e-06 0.0010381637754558674 1.5051786679704156e-05 0.0 0.0 0.0 2.5024039741062644e-05 9.533853416105453e-05 0.0 0.0 0.0 0.001024720378328987 0.0 2.2839427050184175e-05 0.0 0.0 0.0 0.0 4.662260996389563e-06 6.288226908145895e-06 3.47522135437834e-05 0.0005909907377976602 0.0005488105476236701 0.0 8.8136493296484e-06 3.63730933716295e-05 4.620940162508935e-05 0.0 0.0 1.2619030447038117e-05 0.000128271794171527 3.316039240767217e-05 9.071287036873921e-06 0.0 0.0 0.0 0.0 0.0 0.0 0.0 0.0 0.0 0.0006110629834069895 0.000812643186071007 0.0016899304719900177
0.008900563963509762 0.14059672089859432 0.07809044136919728 0.006184058117860987 0.16753210615035022 0.0009609959162220243 0.08897036735534895 0.002505971945653548 0.0 0.05620464161739372 0.09369579130474498 0.01854603787181654 0.15764982293217866 0.32896702286018553 0.0020803492169212253 0.0011900680750399275 7.706885809350057e-05 0.0 0.0 8.777363942707611e-06 8.902026300582379e-06 0.0 0.0 2.831829447744894e-05 1.3785805386707113e-05 1.9042019923079206e-05 0.0 0.0 0.0 0.0 0.005249631447187235 0.00082714144137164 0.0005465632618210489 0.0 6.378040369976755e-05 7.573234802908058e-05 0.00013404729990061255 0.00014989203861674966 4.768535897669684e-05 0.0 4.251597671715142e-05 6.581698000723872e-06 0.0 4.779573957683834e-05 0.0 6.330214017952721e-06 0.0035848035262283206 6.289242312657421e-06 1.7332925162604383e-05 0.0 2.5991903066662027e-05 0.0 9.595593954759783e-06 0.0 7.213077858543216e-05 0.00010835593471551213 0.0004534887620403379 0.0021193635106825214 0.00033945143333682617 0.0009796754793761477 7.632896454068496e-06 0.00011669628508010149 0.0 0.0012165211764347868 9.808423326698653e-05 3.387268987766613e-05 6.018122751924599e-05 1.1623024692357578e-05 0.0 3.0276911704368186e-05 0.0002729286544484673 0.00013083629873979815 0.0 0.0014303070487631051 0.001582475503832011 0.0016898661385186667 0.0007284117615629704 0.00015249147469927946 0.00014534283824878708 0.0010413021429463527 4.562149360635078e-05 0.00033374902074194835 0.0004200510069599003 0.0 7.98744042352067e-05 5.8136137271479476e-05 6.5980628035127965e-06 0.0 1.0612422697706621e-05 9.441064845706861e-06 0.0 5.59524770886651e-06 2.837730786878422e-05 7.33023022068823e-06 0.0 0.0014512575670388725 0.0001863662385606487 0.0 0.00021843714989931904 0.00039207223603402743 0.0 0.0 0.0 0.0 0.0 0.0 0.0 0.0 0.0 8.724324754441153e-05 5.448783630040891e-05 0.0 0.000953912542831055 4.5265893083185876e-05 0.000587969325718156 0.0 0.0 0.0 0.0 0.0 0.0 0.0 0.0 0.0 0.0 0.0 0.0 0.0 0.0 0.0 0.0 0.0 0.0 0.0 3.2271512628488835e-05 0.0 7.400546956460437e-05 0.0 0.0 0.0001334220420525135 9.092666925210383e-05 0.000168955684257331 0.0 6.979557794085939e-05 0.0 0.0 0.0 0.0 0.0 0.0 0.0 0.0 0.0 0.0 0.0 0.0 8.725357642032983e-06 0.0 0.0 0.0 0.0 0.0 2.19802551819982e-05 0.0 0.0 0.0 0.0002970320005344017 0.0 0.0 0.0 0.0 0.0 0.0 0.0 0.0 0.0 0.00011406301977020523 1.3715162015824847e-05 0.0 0.0 0.0 0.0 0.0 5.50750417978109e-05 4.415554052103036e-05 0.0 0.0 0.0 0.0 0.0 0.0 0.0 0.0 0.0 0.0 0.0 1.7069514307733532e-05 0.0003545953004155725 0.00024774809050171826 2.8019386573313183e-05
0.09094751387408294 0.14520023220126863 0.05039458348665052 0.1441241244350342 0.11458845274824146 0.0683359716246481 0.21023691468411312 0.013867139581241833 0.05620464161739372 0.0 0.013475887159890523 0.26603202229853673 0.3727589471615584 0.046035164466442735 0.022826841944375214 0.005298253522422533 0.00023751864693753597 8.270145136756165e-06 5.918476283370749e-06 0.0 1.653934362867639e-05 4.1883733099221355e-05 2.006190713903767e-05 2.936602083368696e-05 0.00013508232117446912 3.4527650839575874e-05 2.3925744641088366e-05 9.712521915172855e-05 2.6185682224016955e-05 6.117622426566389e-06 0.04676285768246659 0.011103751918708875 0.008546416506054701 1.6638438047648826e-05 6.552705137050515e-05 0.00018496197996099062 0.004204550943010894 0.0004220978098033075 0.0008025240260971913 0.00020087257232363165 5.510179677390334e-05 5.9375880085482064e-05 1.1711970929442899e-05 0.00020899399934345283 4.4779389595311056e-05 2.013287991673785e-05 0.06701369720260592 0.00057755613178186 9.488190808477273e-05 2.5876500878119946e-05 0.00021502489876244443 1.4444491630575418e-05 0.0001195532005626968 3.34284202882012e-05 0.0026898621722823614 0.002166260751054865 0.011039100915709256 0.056921612464531625 0.00813911031230931 0.02113679309487488 0.0001024988896055577 0.004350292845893126 3.1305660390145095e-05 0.020092132000200644 0.0030972124985460393 0.0015563508604781446 0.0013979679507037247 0.0003657522523050562 7.696097949271713e-05 0.00011295667978818762 0.008054435178949632 0.0009536633236534119 0.0 0.030274464137621214 0.034823282951747664 0.0368022763313819 0.009549326265717608 0.00044474038589760657 0.001139390583879069 0.0011951609176531538 0.0001750258310595209 0.0022001880638320226 0.010644760622587348 1.8638041904444114e-05 0.000991941542422481 0.0018213642555322072 0.00025552878507892286 3.091448606272859e-05 0.0005329832562754467 4.850115521604578e-05 8.615280650505526e-05 3.222974085906136e-05 1.3152110886320161e-05 6.226342027474919e-05 2.604618323381759e-05 0.05857827280153966 0.008282746054092384 2.5215379795506942e-05 0.004411140078031012 0.07987136964632147 0.00010585178408573984 0.0 0.0005803995133348216 0.0 0.0002604515887455762 0.00022643539049569723 0.0017688321346938038 0.0003331307609231574 0.0015968920172038934 0.002058303217894996 0.00013026998765544172 0.0014236518034945018 0.011583548611280166 0.0006275314672583628 0.003045891307552466 0.0002324611526607875 0.0 1.2017912042255618e-05 0.0 0.0 0.0 0.0 0.0 0.0 0.0 0.0 0.0 0.0 0.0 0.0 0.0 9.624466622256049e-06 0.0 0.0 0.00023720949330871747 0.00017654701042381217 0.0 0.0 0.0 0.0009747481935380839 0.0007368165989088839 0.0014388719111949316 0.0006420280739258441 0.0009166831441767841 3.728869827774377e-05 2.3339042315265842e-05 0.0 0.0 0.0 0.0 0.0 0.0 0.0004038138279920869 0.0 0.0 0.0 0.0001715285183407211 0.0 0.0 0.00011171700466781914 0.0 6.895123897385282e-05 0.00014717707615184502 0.00021072362659589015 0.0 0.0 0.0026617133176361717 0.0 1.1838165721947918e-05 0.0 0.0 0.0 0.0 0.0 1.0871261833682265e-05 0.0 0.0016242204756417378 0.00040702692499045473 0.0 6.18197615270534e-06 0.0 8.311483666925389e-05 0.0 0.0002750335085807723 9.684919489404367e-05 0.0 1.842197928199266e-05 0.0 5.774180426315204e-05 0.0 1.4914806212505824e-05 5.520909438207914e-06 0.0 6.414008609576671e-06 5.892408371013406e-06 6.612629727342466e-05 2.0122458295210624e-05 0.004161667377068071 0.0008840281327195488 0.0020291376608317763
0.006486373846396367 0.03310895247937927 0.06522884791244388 0.0010859669645305818 0.025410482102228394 0.0003978552925349294 0.006967487592708994 0.21154415896438186 0.09369579130474498 0.013475887159890523 0.0 0.019756077570409373 0.07051674741369465 0.2883844984251134 0.005563900904072349 0.005803409117020086 0.0004641890452118805 5.49681098418634e-05 4.567655304982963e-05 7.210841410118299e-05 0.0002887652033009195 9.68159722442804e-05 0.0008844839171560809 0.0014601526539424286 0.000983992995349783 0.0009888010497783016 0.00027659361338373427 0.0003969316619355185 6.9289311642972025e-06 9.438137922214109e-05 0.04572396773554386 0.010750704270665714 0.08412489036572345 4.09551214209862e-05 0.0019950915910335325 0.0047373223885703395 0.00676928089483815 0.00931029679973992 0.002025897539148821 0.0007502243566699618 0.0007788101721252152 0.0003336571354284974 0.00014131930560066212 0.000386404967628684 7.024891048198284e-05 5.137213071974612e-05 0.006510297229222552 5.124554042585131e-05 5.4212220869632325e-05 0.00014452041762766954 6.119135352637528e-05 0.00020034032019858108 0.0001768566235165093 0.0 0.0001888432152600262 0.00015573794199415583 0.0012298821093898137 0.007456709486362701 0.0006999785627383512 0.0014755538431801213 0.001726370523427126 0.010635366493949033 0.000308909569814625 0.004146728566799518 0.00016091158682056674 6.55058216874135e-05 7.780767334535726e-05 4.5931085911239065e-05 0.00011596582386231788 0.000776191697074839 0.004448246771046548 0.000569525906209879 2.964064377984388e-05 0.002635793234317168 0.0027383097423902968 0.0037293996312021435 0.002676454360686188 0.003034221725630468 0.005264073989560961 0.06014716809834423 0.006829371482713416 0.04715102863469245 0.0007098812731166575 0.0 7.378348294963792e-05 0.0001667651742249746 4.321000276916605e-05 0.0 3.988944079410972e-05 8.240611150426585e-05 2.6018170861797232e-05 0.00018939346802851972 0.00026438345248667105 0.00034186601409524626 0.00027345348425970005 0.0014419305750279798 0.0007360198549628994 0.00024672485591550663 0.0016356537465493763 0.0014586193073136832 0.0 0.0 0.0 0.0 8.790698949000783e-05 5.428727552016677e-05 0.0 0.0 0.00033849189632822134 0.00011084464160233593 6.470521707220262e-05 0.00023772108128568257 0.0013297360178895887 0.00011917704995788496 0.0013733419084885838 5.469088202334541e-05 1.5677484269914496e-05 0.0 0.0 0.0 0.0 0.0 0.0 0.0 0.0 2.2132552000187988e-05 0.0 3.40456039381162e-05 1.0251735024590003e-05 0.0001550118296925977 0.0 0.00022813343893433643 3.1152693564883926e-05 1.476181540131131e-05 0.00018868727631111338 1.1681522652636353e-05 0.0 2.34668564247819e-05 5.630224743096539e-05 0.0003633281891076545 5.2509953038807704e-05 0.0006565718065560957 0.0005822695377174067 0.0008236582872827826 3.410335033915023e-05 0.0 0.0 0.0 0.0 0.0 0.0 8.422364133917768e-06 4.0305134608631094e-05 2.805620551401567e-05 0.0 8.220179772498666e-06 0.0005145606410997103 3.674540995825162e-05 0.0 1.0901047032687057e-05 0.0 1.4913765222998732e-05 3.7899220234438275e-05 0.0 7.196766730942903e-05 0.0 0.0005965397523534974 3.3522361995670786e-05 0.0 0.0 0.0 0.0 7.207076631322825e-05 0.0 3.286304199014149e-05 1.7068300086485625e-05 0.0005907575732047351 0.0005952894045588328 0.0 0.0 2.7377763922425205e-05 0.0 0.0 2.7989964894453724e-05 4.4112099330642196e-05 8.904342275701843e-05 0.00017340069559407907 0.0 0.0 0.0 0.0 0.0 0.0 0.0 0.0 0.0 3.211708905754263e-05 0.000348201826963062 0.0004888632980869999 0.0012149341316975357
0.001200259903863441 0.004175288982750422 0.006979883972930243 5.85153431511785e-05 0.004517908272950227 0.048005063333194334 0.015278498420133204 0.0020676955987583064 0.01854603787181654 0.26603202229853673 0.019756077570409373 0.0 0.08592586790140445 0.040784176686682744 0.005135675859346433 0.0045288452466468974 0.0004271088081478014 3.795689201256856e-05 3.526830447996811e-05 1.5799943653066877e-05 4.4018312199187486e-05 9.912373617923307e-05 0.00011326683922714429 0.00027599237398324354 0.0005081412985515787 0.00031293401765936226 0.00017182298618208467 0.0001930570240531965 6.533166195749179e-05 3.933527831848127e-05 0.0022521815224379447 0.001140224267228443 0.021205429498751833 8.024674160963777e-06 0.0006456104818068758 0.001867448300273396 0.07633813198413049 0.009900215727172186 0.00606142857743143 0.000936431016283058 0.0002153234767267416 5.746319325581126e-05 1.0279268743984983e-05 0.0002996464379526651 5.1299887220599497e-05 3.6812284339474565e-05 0.00912928763656535 2.1496547920930455e-05 0.0 5.026319172859562e-05 1.2719922744969809e-05 0.00026202718846147783 0.00028556814116550186 1.0236784858847583e-05 0.00010889270046019716 0.00010890688627419709 0.0006336268355359734 0.0012238888295086773 0.0005259888344517701 0.0015646180329582284 5.409113454790866e-05 0.002282265567516467 5.234206536394487e-05 0.001588149361439754 0.0002119034802654801 6.293114921548785e-05 3.19381790467775e-05 8.544496775355944e-06 5.0622624670888025e-05 0.0002267093951377946 0.04542039136285216 0.0013268871691428873 0.0 0.001970458528935233 0.0009295567208107502 0.002050826133530904 0.0017401493638318111 0.000549022450552259 0.0007786019438416146 0.0031527719869046864 0.00013114624177233393 0.0027981804464174203 0.00043834208860739045 0.0 2.8850253974112747e-05 6.325409475597865e-05 3.0057791141925843e-05 8.270716534990472e-06 6.600058966187688e-06 6.67011196329727e-05 1.6212872689004892e-05 0.00033428395769247117 5.6822963921140144e-05 7.174065164377162e-05 0.00037478233204146734 0.15450581687752085 0.01698173878141303 0.00023933168340760144 0.014801246474650377 0.005851347606480623 7.708174866709992e-05 0.000753121864347085 0.000769000077831796 0.0001163591697162331 0.0014829789404322852 0.00017328438620423583 0.002445474265319457 0.0002537544784289162 0.006002429820713612 0.00648726657511832 0.0005644035214551054 0.0038512360847410203 0.03860764217778534 0.0030285933538806756 0.010427333553921421 0.0001231716944809122 9.040660624535753e-05 1.967829104572796e-05 3.935610237278905e-05 0.0 0.0 0.0 0.0 2.2419645499600386e-05 4.0832186050312145e-05 0.0 0.0 9.734563122342622e-06 1.7357164813820235e-05 5.1490886674790316e-05 0.0 5.955461100127823e-05 1.1430804620669965e-05 0.0 0.0005565061006658383 0.0006995255638682116 0.0 0.0 0.0 0.002480455476833034 0.0005225758861237663 0.0017587808890246763 0.00037443026437977353 0.000675941071897983 0.0 0.0 1.4099047817629486e-05 0.0 1.633099967957476e-05 0.0 0.0 0.0001580862378922925 0.00018858380739091992 1.5569049728498232e-05 0.0 0.0 0.00021358528276495554 9.983435729899668e-05 1.5782030958046208e-05 0.0 0.0 3.588649180793834e-05 0.00028311458379842 0.00036097580600647617 0.0 0.0 0.002914574087651013 6.794848304450878e-05 0.0 0.0 0.0 0.0 0.0 0.0 0.0 2.4647461120595822e-05 0.005271559269118945 0.0009170823394003111 4.663732666655351e-05 0.0 4.886636077296277e-05 0.000352979191123358 0.0 0.00031878137884849497 0.00028163137363359023 0.00024519318990115773 0.00018634814730367983 7.266433607827729e-05 0.0 0.0 0.0 0.0 0.0 0.0 0.0 9.499039379618012e-06 0.0 0.016941176737736527 0.0036548392060270483 0.003491632308768121
0.003682705700398004 0.07709111423062373 0.01620060026435602 0.008056851672186472 0.06299578824950673 0.008321340338703243 0.4031196703756288 0.005798305456217901 0.15764982293217866 0.3727589471615584 0.07051674741369465 0.08592586790140445 0.0 0.5309276417255705 0.008532403033117971 0.006899458089445819 0.0005300389062025876 0.0 4.058234323840241e-05 2.8245562198282856e-05 7.882742890519274e-05 1.7418868893855878e-05 0.0002721193520008054 0.00035966431646865753 0.0008184199406676892 0.0004111896480097701 0.0001674353737168476 0.00018262905211685731 5.2518485634828976e-05 5.1050914298539e-05 0.008577280281057158 0.0031552386128742955 0.03290836534232753 3.6683369009107695e-05 0.0009865390339475037 0.002214618656946778 0.03683850920405325 0.00785962675694485 0.0038441523153156403 0.00104897072620507 0.000374601858680869 0.00018087586961183555 5.422687467584277e-05 0.00039094268406478255 5.838449935177083e-05 3.9346604476205905e-05 0.013468531013135368 7.475478106089207e-05 1.0556886200664613e-05 9.455995822702605e-06 2.5166982578269345e-05 0.0001408513469704068 3.556575350633587e-05 1.6367581959068257e-05 0.0004067249479528926 0.0002603340198277221 0.0012863514295069292 0.004946307493396688 0.0007680271630686341 0.0024589503515423396 0.00011780884488114532 0.0036043548234834526 0.00010081692080361099 0.004220889664561942 0.00021236121502490312 0.00014949342172072708 0.0001008061884309918 3.266829593316246e-05 3.846062113172895e-05 0.00026335937199654344 0.02925119039144173 0.0006233523303983504 9.694646265093685e-06 0.003727315725317979 0.0033000468190604233 0.004767880724565519 0.0028239666770349353 0.0010321815653494793 0.0011910878369960117 0.010450150627147768 0.0006119617619143532 0.006922272065288643 0.0009637074199153406 0.0 8.432229494999735e-05 0.00018354659561940642 1.8432842244693404e-05 1.1744225613540558e-05 9.836202715353148e-05 1.8211651429693177e-05 3.749682688646605e-05 0.00013469642961561618 0.00010703812674983016 8.141312584510361e-05 0.00025837089484439656 0.03662590377651453 0.0021745432350887533 4.679394095274507e-05 0.003945583088922556 0.002190249603752621 0.0001261890662631999 0.00028789592909063015 0.0002728587988822401 0.0 0.0009389895590143412 5.452305831097149e-05 0.0010239824612170785 0.00043046761862518745 0.0029213687652822227 0.00412685816228625 0.00040230422370620637 0.0015234237525930646 0.017085424238617433 0.0014562663693379132 0.005906325895419577 0.00015248407477233273 0.00014109825283803383 0.0 4.4273380746441585e-05 0.0 0.0 0.0 0.0 0.0 0.0 8.521565690059142e-06 0.0 4.532496244169896e-05 2.149920183119969e-05 9.079765264779618e-06 0.0 7.14844509604637e-05 0.0 1.1465967998951035e-05 0.00040127650428348026 0.00029178558078716546 0.0 0.0 3.4490099528375305e-05 0.0019492681987648796 0.00047439725536182597 0.0016451239153935815 0.00026221718903480005 0.0004371362528417825 1.6708938035951774e-05 0.0 0.0 0.0 0.0 5.83093434272956e-05 9.694040753531955e-06 0.0001148247351921557 0.00012220602879982779 3.80463851289341e-05 0.0 0.0 0.0002215328906551085 1.8327345713601304e-05 0.0 3.763709769069832e-05 0.0 9.852626150423577e-06 0.0002774193008889732 0.00011943969912611699 0.0 0.0 0.0025514062956777483 0.0001135193791240033 1.4315414794924031e-05 0.0 0.0 0.0 0.0 0.0 0.0 1.973470276282662e-05 0.0036726905386339783 0.0005474157991800722 0.0 0.0 2.092033437724853e-05 0.0005001552044318455 0.0 0.00020020145390400122 8.09386568995182e-05 7.906328205473525e-05 4.158621744526098e-05 7.375701367266267e-05 9.197697169758293e-06 8.926352301158268e-06 0.0 0.0 0.0 0.0 1.4303861037343003e-05 8.759873400113787e-06 0.0 0.006071540590663151 0.0022420646933638292 0.0025873387418688686
