0.0 0.0925153515345836 0.013375136847194881 0.17388363065136195 0.009738101253931658 0.0022462978067259933 0.09241578447715101 0.010795123700260822 0.0026865120177208737 0.08731144913066809 0.010156744817590536 0.0293437494963041 0.010844066791403905 0.00704393020393195 3.592417569936722e-05 2.8517516526867934e-05 2.2179309714266846e-05 8.365685427734134e-06 0.0 0.0 0.0 0.0 0.0 0.0 0.0 0.0 9.176055181363697e-06 0.0 0.0 0.0 0.03403253966910482 0.0002741838413588699 0.0011789509912297155 9.434402685135228e-06 0.0 1.7316964780276304e-05 0.000810810263973239 1.760022188167162e-05 1.9313504361325815e-05 0.0 0.0 1.2878724299308563e-05 1.448248622023e-05 1.0403604413349509e-05 0.0 0.0 0.0023404580664386225 0.00037554031018576135 1.9300067027137944e-05 3.137071119627351e-05 0.00013802236037505888 1.5277326446525593e-05 0.0 2.233891720647395e-05 0.00043274089494644733 0.0013603665098282775 0.01298523191277824 0.07651959706122026 0.007282674582664153 0.0030081902183226525 2.600544379434698e-05 9.160418984847593e-05 0.0 0.0011477726289990412 0.0007519013488248228 0.0005289660299838791 0.00031677186173197113 0.00016891105470069511 0.0 9.358865706316745e-06 0.00017216825144050519 0.00010048421035238029 0.0 0.011349945965371734 0.0028542515110167614 0.0010240434894843965 0.00023024469742377777 6.96651379082394e-05 0.00016974555711396413 0.0011621750387636738 6.688565363219005e-06 0.00012511053383042342 0.0034096793009263967 0.00014926722457363445 0.00015220600244190087 0.0007189637056928814 0.0001435263431653324 4.6498394699822496e-05 0.00018881609720157198 1.7805236924922745e-05 7.967371480813874e-05 1.7489768145140494e-05 2.688255990671271e-05 2.8494656511531877e-05 7.539125678465817e-06 0.0026791522042158887 9.813113719715358e-05 2.566050605509505e-05 3.5492933217385995e-05 0.05328016276089206 0.0 0.00036170652244104664 2.76598416186348e-05 0.0005783993981124963 0.0 0.0005566733095609594 0.0006153359914726395 0.00036930390781562267 0.001489110124983837 0.0013751858007952575 7.885147295918554e-05 0.0009058076892777851 0.0009312546240292678 0.0004120444097250492 0.0004558920951340918 2.575303127296581e-05 0.0 0.0 0.0 0.0 0.0 0.0 0.0 0.0 0.0 0.0 0.0 0.0 0.0 0.0 0.0 0.0 0.0 0.0 0.0 4.623026232260661e-05 0.0 0.0 0.0 3.599294891459999e-05 2.4011653323843478e-05 0.00011555277271029887 2.1331078082430102e-05 0.0 0.0 0.0 0.0 0.00021082893694489077 0.0 0.0 0.0 3.075894639243386e-05 0.0 7.475401139769254e-06 0.0 0.0 0.0 0.0 1.7534534402766012e-05 0.0 0.0 2.4426603544125857e-05 8.736965625740727e-05 5.81138519252952e-05 0.0 0.0 0.00015754032725883896 0.0 0.0 0.0 0.0 0.0 0.0 0.0 0.0 0.0 0.0001618100048655316 0.0 0.0 0.0 0.0 0.00010660836080776444 0.0 0.00014537702222726682 0.0 0.0 0.0 0.0 0.0 0.0 6.994357217064788e-06 0.0 0.0 0.0 0.0 6.697294907737651e-06 0.0 0.0006237976045952854 9.5477095027068e-05 0.0
0.0925153515345836 0.0 0.1226668378823042 0.02364937230796132 0.1605956425518861 0.0015215542406319324 0.22580597112682624 0.09547950085104559 0.10222028880076472 0.057879488174677814 0.09684636306807172 0.020981743889390565 0.028565146494812517 0.06299264750590025 0.0006565291837466788 0.00022522678841294919 0.00013485603342127184 5.558858260993619e-05 1.8684127779539705e-05 3.563942437720496e-05 5.8103662958877285e-05 0.0 2.3270946642205707e-05 2.5119696852617834e-05 4.756431313400946e-05 0.0 0.0 1.6497398183047943e-05 0.0 0.0 0.1555514993433557 0.003885274909796511 0.009412094544331395 4.684487779287141e-05 0.0 5.78624982837446e-05 0.0025517006397689952 0.0001741698823089493 4.204103330634092e-05 9.427529340625399e-05 2.329267604943293e-05 1.4019776329521424e-05 0.0 0.0001668068928746534 0.0 2.5520525124254477e-05 0.010521947341870235 0.0010526089169502384 0.0001257671557950531 4.500894563883881e-05 0.0003414571842045174 6.446708261637756e-06 6.227913576969828e-06 8.69743013505286e-06 0.0009045270362635522 0.002238932267386914 0.005675300673502649 0.0827593890313986 0.007429632434358547 0.007855398060332119 5.085088082831492e-05 0.0001905898402281714 1.1971161308273499e-05 0.009633734027909268 0.0012596549314865249 0.0010071907728468163 0.0008049507233974452 0.0004050715993987016 5.7367093791587515e-05 0.0 0.0007390548717129498 0.0 1.5272426197812714e-05 0.020433283354061527 0.013831121405761105 0.009358856371342946 0.004522236273375475 0.0004551145648588292 0.0024745473650456 0.00614935658268159 2.701757383182896e-05 0.001237469897713616 0.0064648626263696714 0.00022130227331778647 0.000495158917258107 0.001280100657132756 0.00023928778258086518 5.5615418928539396e-05 0.0005021014788462767 3.0680846370484254e-05 0.00017697648129454317 7.2366851686310566e-06 4.6823415413689994e-05 5.2147942573926266e-05 8.259079451714076e-06 0.002010076804321766 0.0001357863207830772 0.0 4.795196754859918e-05 0.07512271759873668 7.524289003688982e-05 0.00012711197295000486 4.0950544741035204e-05 0.00020855305975123528 0.0 0.0004561786567075539 0.00030355984026973716 0.00021244589118756444 0.000909119489702057 0.0010075811621683326 5.733757014818293e-05 0.00050055722085853 0.0005354224442888732 0.00023212474459948377 0.0003106956172442935 0.0 7.881762431365612e-06 1.1327449723549796e-05 0.0 0.0 0.0 0.0 0.0 0.0 0.0 0.0 0.0 0.0 0.0 0.0 0.0 0.0 0.0 0.0 0.0 0.00015106242003688164 0.0 2.3620580808231297e-05 2.4371817343153968e-05 9.421152199561322e-05 2.70658405714698e-05 7.99203194695237e-05 0.0 0.0 0.0 0.0 0.0 4.020151544857624e-05 0.0 0.0 0.0 0.0 9.117535559017374e-06 0.0 0.0 0.0 0.0 0.0 1.7050272650073425e-05 0.0 0.0 0.0 6.185882510343262e-05 2.750346758039722e-05 0.0 0.0 0.00010091356304279267 0.0 0.0 1.6670328670306274e-05 1.4360290351493274e-05 6.382553353271628e-06 0.0 1.7406375144400003e-05 6.407114252037726e-06 0.0 0.00020148145828029318 0.0 0.0 0.0 0.0 0.00014247429953681253 0.0 3.3301589575113426e-05 0.0 0.0 0.0 0.0 2.2571430456995e-05 8.402099246937607e-06 0.0 7.436405102548388e-06 0.0 0.0 0.0 1.3754713354470332e-05 0.0 0.0007031787425971218 1.612441823790086e-05 4.8475354591449694e-05
0.013375136847194881 0.1226668378823042 0.0 0.0025199407781619125 0.10038089539191793 0.0 0.027161541166485576 0.2104738308422812 0.0671585456898683 0.03363157245198119 0.14039159413153385 0.009755391393401135 0.011110940218025904 0.03535506009586094 0.0006879987968757786 0.000407940117642959 0.0011116304170882853 0.0008573719038396014 0.00012790838622715536 0.0004869759642354189 0.00015110251259352456 0.0 0.0003207514005836412 0.0005423857573650704 9.951217287154124e-05 2.8196417432332677e-05 4.696469242480607e-05 1.3703095270818462e-05 2.1492484463041512e-05 0.0 0.20255832848557093 0.02272611885654729 0.013031516876435199 0.00010818506057253335 1.6230444706247042e-05 9.842464292016858e-05 0.0037958225817893007 0.00021600885705542916 0.0001399425107601225 0.0001082097038522923 4.996325687827445e-05 0.0002436705479853174 0.0012763224577827124 0.0016867708089198527 0.00016613635136295522 0.0011177603342131695 0.002954271833288199 0.0006672254864072771 0.00033912503511129464 0.0016930347421655859 0.00031389149766908607 7.254343818521729e-06 0.0 7.006905120602223e-05 0.00014540781567425097 0.0003804378765451019 0.0016638756872077711 0.031499592095802754 0.0018077647513990071 0.0017146295495032002 0.0069301121135845615 0.005551107165469634 0.0007087670501455722 0.008006160588343586 0.00020188269881198459 0.00043041599609077683 0.0001670454980575598 0.0010027203753713962 0.0020021882063985365 0.0005430601359845651 0.0012975381541828403 4.116323399987928e-05 0.0 0.0050693493759530394 0.005365569566175973 0.002544018945970405 0.002614643642059428 0.004561035024452617 0.018598549431214903 0.027555781462436906 0.006833753197496182 0.054764360948294386 0.0016421959422258001 3.859591557929698e-05 0.0003350862082214656 0.00015329777217368165 0.0009625866751039202 0.0 8.81170599456193e-05 0.0 0.00010047077869964016 1.862695963158477e-05 0.0004594660325878065 8.817353779766859e-05 0.0001377540568442286 0.003055852864179439 0.001625042513658873 0.0 0.00019604621674710877 0.0074668218674139265 3.357924334863271e-05 0.0 2.605848934175434e-05 7.069552882907706e-05 2.6369102614225007e-05 0.00039567315317622326 0.0003180584106686409 0.000283882108233574 0.0009595688192945044 0.000787517460801412 5.4649520252029985e-05 0.0006114986478960835 0.001405675149707129 0.0003852693428103916 0.0013912141251558995 0.00011661743057325898 7.339575477801003e-05 0.0 0.0 0.0 0.0 0.0 0.0 0.0 0.0 1.1528439461046638e-05 0.0 0.0 0.0 0.0 0.0 0.0 0.0 0.0 8.404191156011323e-05 0.00017713988186332643 0.0 1.1735874801053345e-05 0.0 0.00040023064724615707 7.338915293568614e-05 0.0006301443598562572 9.440237176917928e-05 2.0418376221875278e-05 0.0 0.0 0.0 6.308922500184356e-05 0.00011376288442946203 0.0 2.209614468161865e-05 0.0 3.7581402884650986e-05 0.0 0.0 0.0 0.0 0.0 0.0 0.0 0.0 5.958855762928189e-05 4.280571569762314e-05 0.0 0.0 1.3901036911579702e-05 0.0006951543076490285 0.0 0.0 2.2380080716024047e-05 9.826311793933468e-06 8.385394370093512e-06 2.2090515077046628e-05 8.270671025553432e-06 9.275905205788742e-06 0.0 0.0009175113247033936 0.0 0.0 0.0 1.83413759773223e-05 0.0003978707833404678 0.00019308468112956635 0.0003307491841531147 5.0766048290742405e-05 0.00011694321118076743 1.1424067714367263e-05 2.1572478537645795e-05 3.830723340544984e-05 3.764857961305673e-05 0.0 0.0 0.0 0.0 1.5703675071422694e-05 1.1289185172730993e-05 0.0 0.001617382025153952 0.00030699103844971265 0.00010193361941011294
0.17388363065136195 0.02364937230796132 0.0025199407781619125 0.0 0.0064128197326999824 0.044312097984200216 0.09001436924415539 0.0009310858438396149 0.0008682276698256693 0.08726353378076063 0.0011048923091453073 0.1159423829377214 0.030008577931599414 0.005778365066848845 0.00021796201026048342 3.836848935508466e-05 3.702393851799778e-05 7.2029671964006384e-06 8.046113932471551e-06 0.0 7.004141380328163e-06 0.0 0.0 7.424645073782267e-05 0.0 0.0 0.0 7.833678208234794e-06 0.0 0.0 0.013034104031630711 0.00011324764174200846 5.508345787080329e-05 0.0 0.0 0.0 2.4872378459355135e-05 1.984177034746002e-05 1.1198034155042767e-05 0.0 0.0 0.0 0.0 7.3269044288828706e-06 0.0 1.5899182921989877e-05 0.002824554258191906 0.0003696890027379862 2.4603590585101292e-05 1.7541614907065628e-05 9.034808352938962e-05 3.247510084394239e-05 0.0 0.0 0.00033786305275483873 0.0009306716258159156 0.004024113583429761 0.028761994125221003 0.0041983873779983 0.002526697989973061 6.784427721481327e-06 8.602841060256816e-05 0.0 0.0010815189384277403 0.0004587695197579301 0.00046414984264139125 0.0003390481487886278 0.00011165461775739698 0.0 0.0 0.0001156070603642278 1.7579853891369405e-05 0.0 0.007646876960500115 0.003236482634998701 0.00159449230507835 0.0006594423418363486 2.0897226395554522e-05 3.1980896557629484e-05 0.00016978988376956748 8.375305539192773e-06 1.6639670157707022e-05 0.0028612638727418503 8.568730073876006e-05 0.0001362377260130594 0.0005082818188202352 9.709490716835689e-05 5.235602772952316e-05 0.00015663997047413573 0.0 8.298992474607126e-05 0.0 1.571029466827092e-05 0.0 1.0152825308205957e-05 0.002452334847979223 0.000188711924305565 0.0 0.0 0.06402409563302701 1.8425179462665114e-05 0.000710793932208688 0.00021692265472522508 0.0010494753236578531 0.0 0.0012047599599070095 0.0006801125595941028 0.0005995442923103522 0.0014028026437967087 0.0014701311080487474 8.704036522534985e-05 0.0010109629161286137 0.000749029880488804 0.00040337634486304393 0.00043745582122426834 0.0 0.0 0.0 0.0 0.0 0.0 0.0 0.0 0.0 0.0 1.2351755813811813e-05 0.0 0.0 0.0 0.0 0.0 0.0 0.0 4.8715954672708945e-05 0.0 0.0003169354980808374 0.0 2.278964776453198e-05 0.0 8.226713664056023e-05 3.480595811797539e-05 0.00021907753554580714 0.0 1.3108520397427379e-05 0.0 0.0 0.0 5.702037349809366e-05 0.0 0.0 0.0 4.1211020657182456e-05 0.0 0.0 0.0 0.0 0.0 0.0 7.3440126885195605e-06 0.0 0.0 8.977149540949868e-05 7.08741705917193e-05 0.00011016197643294022 0.0 0.0 0.000254748437984454 0.0 0.0 7.665422842320931e-06 0.0 0.0 0.0 0.0 5.765362056618197e-06 0.0 0.00021982045302081345 0.0 0.0 0.0 0.0 7.662819744982935e-05 5.240814009913215e-05 0.00012182845519004756 1.7864291313541642e-05 0.00013265175241221634 0.0 7.933178113440211e-06 0.0 0.0 8.89925717591673e-06 0.0 0.0 6.844014745829889e-06 0.0 0.0 0.0 0.000435982363308251 9.254345105705454e-05 3.0225495375016658e-05
0.009738101253931658 0.1605956425518861 0.10038089539191793 0.0064128197326999824 0.0 0.0003267244792119314 0.09191881822601648 0.061975235058540634 0.24409690281364524 0.0601934341741011 0.08336651858558414 0.007420201873397384 0.0411532472830599 0.07539398230370245 0.001279772042548075 0.0002559884089918365 0.00010201432650641396 2.7325482024973925e-05 0.0 0.0 0.0 0.0 0.0 1.2014813291952566e-05 9.785227114471364e-06 1.2075239750211077e-05 0.0 0.0 0.0 0.0 0.02167800718262343 0.002082180279002655 0.0009224259119701111 0.0 0.0 0.0 0.000334838939540871 1.807561631473682e-05 7.791846418389217e-06 2.1052835568884307e-05 1.2089927713092191e-05 0.0 6.271627346393539e-06 3.157589739313911e-05 0.0 1.6720226695641828e-05 0.009771550011469062 0.00043842048312061347 3.886982030746044e-05 1.5068484948192585e-05 0.00018730108446628847 9.51691151056448e-06 8.223484471172336e-06 0.0 0.00020297265651701314 0.0006819109980987627 0.00105967142988018 0.009237802382352354 0.0016392441559726543 0.004752907953260668 0.0 7.460966960058799e-05 2.5133642676382284e-05 0.005972530075274356 0.0003353463020602494 0.000367077333870738 0.00030456157148232366 0.00014643657601957487 3.9863793148008786e-05 8.307994586583163e-06 6.106194736792582e-05 2.4229121035363584e-05 0.0 0.008235275372925711 0.00815157168292339 0.01026009556620262 0.005924325021597725 0.0001880704973730311 9.009396302276868e-06 0.0005396958844343601 9.760855123844045e-06 0.00013419242540641194 0.0023271685926394858 9.469814616531209e-05 0.00012684412109427323 0.0003849148098160151 0.00016578193767898217 0.0 0.0001922090446792576 2.2341709638059312e-05 0.00010272714544651816 0.0 0.0 6.228763663594366e-06 0.0 0.0032348262010855645 0.00015632493135384206 7.075981867182803e-06 7.391691398314863e-06 0.001690275434841157 2.0033865778452514e-05 9.439059341774406e-05 7.214013706343307e-05 0.00017396551139984052 3.515280908476826e-05 0.0008681223379143146 0.0004220113806726523 0.0005268204603460326 0.0014744213773527483 0.0016015005875239315 0.0001283763479061584 0.0008011038783096529 0.0009532257321182582 0.0006384996709603394 0.000617302075652848 0.0 0.0 0.0 2.27744797193132e-05 0.0 0.0 0.0 0.0 0.0 0.0 0.0 0.0 0.0 0.0 0.0 0.0 0.0 0.0 0.0 0.00013018797695711807 6.39685980693411e-05 0.0 0.0 7.562368836436734e-05 0.00021570751448537852 5.0603082352714556e-05 0.00015888593271467058 9.222130870667013e-05 7.232962542007412e-05 0.0 0.0 0.0 0.0 2.054375583191344e-05 0.0 0.0 3.396248469865695e-05 0.0 0.0 1.8258583789684878e-05 0.0 1.0144513350099364e-05 0.0 0.0 0.0 0.0 1.6206690573066135e-05 3.532074842014918e-05 3.213430559030528e-05 0.0 1.2144125884218532e-05 0.0003413587453096854 0.0 0.0 0.0 1.4981183111377358e-05 0.0 0.0 0.0 0.0 0.0 0.00046724567738690067 0.0 0.0 0.0 0.0 0.00025860885463063803 3.149629036716505e-05 0.00010866891326098552 4.0970969545815244e-05 0.0 8.556596134827663e-05 5.46745704654864e-05 0.0 0.0 0.0 0.0 0.0 7.36065719998096e-06 9.44197747539197e-06 7.153593994804043e-06 0.0 0.0009741601705764299 9.473824617885531e-05 5.939520375760546e-05
0.0022462978067259933 0.0015215542406319324 0.0 0.044312097984200216 0.0003267244792119314 0.0 0.0027074640601450015 0.0 0.0009591432341141536 0.05383053590377405 0.00016275005011390426 0.008238196977907872 0.0031068088155725114 0.001340944531004792 1.596325900026801e-05 2.3968166102150123e-05 1.968643956507161e-05 0.0 0.0 5.732300149570526e-05 0.0 0.0005927376622011157 0.0 0.0 0.00010061941744672108 0.0 0.0 0.0 3.473372419086176e-05 5.024525837970971e-05 0.00038094717430763145 4.7188824119485195e-05 0.001926854205114093 0.0 0.0 0.0001215819684187041 0.0004815412872961079 0.00017869840951736119 0.0002873101709645542 5.4679702233196434e-05 0.0 1.5872926821241512e-05 0.0 2.4297634679450767e-05 0.0 8.140723531497713e-05 0.00015655719817156554 0.0 0.0 0.0 0.0 0.0033597884995517 3.071025638493318e-05 2.240225540672126e-05 0.0 2.322402285478458e-05 0.012165355799862105 0.0028042426960290766 0.002477214899233809 1.4390002192855673e-05 0.0004514582208457453 0.002634549514761862 0.00021937405456669 0.0 0.0 9.857266451998405e-06 0.0 0.0 2.0296814544747336e-05 0.0 0.0026976614009283696 0.006644815455526309 0.00030386098185857245 8.93798831563471e-06 7.723726711687692e-05 0.0 0.0 4.115611230508324e-05 5.836771463622299e-05 0.00015709722972587743 9.67364972960495e-05 0.0007465592759334705 0.0 4.280352763004569e-05 0.0 1.002777380177728e-05 2.2737796741521008e-05 0.00019265216529310082 0.00011228196180123867 0.001242804604607918 0.00029346986810817403 0.0005728328476683312 2.454960404790486e-05 1.1868280941637178e-05 0.00025965631262061595 0.009781828204669314 0.005952660107191369 0.001105803613724798 0.0010101649099155414 0.03693805469811075 0.0 0.00042222909233133657 0.00019404938599186042 0.0007109826684836788 0.0 0.0005535576128290908 0.0011666276753231433 0.0005456592002048161 0.0026044686392198008 0.002720095217487706 8.472863241473555e-05 0.0011367949973783889 0.0011048851636594485 0.0007672489419971671 0.000723426512043882 0.0 0.0 0.0 4.676580340262701e-05 0.0 0.0 0.0 0.0 0.0 0.0 0.0 0.0 0.0 1.2255077457611645e-05 2.697740883672673e-05 0.0 0.000125975190527801 7.837695844034573e-05 1.9714285761018253e-05 0.0 6.9969049202869e-05 0.0 0.0 0.0 0.0001731731418931496 0.0003243929650204985 0.00024283726779350266 0.00016374302230946178 2.8956453109509337e-05 0.0 0.0 0.0 0.0 0.0 0.0 0.0 0.0 0.0 0.0 0.0 0.0 0.00010427687786429436 1.2528835178313709e-05 0.0 0.0 0.0 0.0 4.436619279842849e-05 2.7892898867781087e-05 0.0 0.0 0.00053443501576599 0.0 0.0 0.0 2.8141597142674094e-05 0.0 0.0 5.852804367229854e-05 0.0 0.0 0.00037683638193909653 0.00026119200866655363 0.0 0.0 1.0926448167755762e-05 0.0003553825611485806 3.676884435326302e-05 0.00015653487150214012 5.262725081433301e-05 0.0 3.877249497639398e-05 0.0 0.0 0.0 0.0 0.0 0.0 0.0 1.281583777416e-05 1.1780562228590872e-05 1.3141448648415958e-05 0.0014309377719009012 0.0002862495227833669 0.00017194619205390492
0.09241578447715101 0.22580597112682624 0.027161541166485576 0.09001436924415539 0.09191881822601648 0.0027074640601450015 0.0 0.018925426264840763 0.10252683774445703 0.21107958003475405 0.03885989977205084 0.03385740629634303 0.13440024817357532 0.17396898467553296 0.003501022906911218 0.0012053373370379615 0.00016502092053170096 6.1612652232079165e-06 7.573830092067566e-06 0.0 9.909025861663879e-06 0.0 1.0955741712525145e-05 3.682426474584369e-05 3.496573889433987e-05 9.51292739530662e-06 0.0 0.0 0.0 7.339665670784559e-06 0.021994349658996663 0.0017699557223742 0.0027525750225704127 1.042201585507143e-05 4.705266538264067e-05 2.244924666133482e-05 0.0009196552822304316 7.215691508891737e-05 3.606820182102932e-05 6.138698796686057e-05 0.0 1.0918447979096269e-05 0.0 0.00017488892278946636 2.6967667994502704e-05 0.00010793307202919294 0.017813512049848275 0.0008334732310761906 0.00010187151053312968 4.437031326843315e-05 0.00029324533232052134 0.0 0.0 0.0 0.000584083617731877 0.001573638950112396 0.002401538765780046 0.020542487569426643 0.00447016061408624 0.008829893631272425 0.0 0.00019649049673139016 1.3889698872347663e-05 0.00852180547045694 0.0011628689019083406 0.0008849336506460856 0.0006429294286846766 0.0003608448719397274 2.3643075080366316e-05 7.105229960369912e-06 0.00026886604387353267 1.8135573343372255e-05 0.0 0.015833633457523998 0.014970552315809701 0.019539641592158555 0.011379244617407577 0.0006667516891712199 0.00017818003138091241 0.0005024015239156899 7.451791173325844e-06 0.00025924177146457387 0.005231096225489924 0.00021987247945852477 0.0003842964261255082 0.0008034174021966809 0.0002023548232167602 5.1166131582538496e-05 0.0005343121732774774 7.222923991919552e-06 0.0001456986454353601 5.638896153763927e-05 1.3309351054386296e-05 2.5675267166616366e-05 1.486149986292268e-05 0.03947228538946519 0.00048246118186955604 0.0 4.6786656446533696e-05 0.00831857782914306 0.00019465234810254112 0.001242792331970526 0.0030093003309636917 0.003509493890871801 0.0002659647110072423 0.003260769141852488 0.004787052898009968 0.003961994590628723 0.011908983368321167 0.011902740020381117 0.0004380439100148341 0.005911101064478969 0.006788111919502348 0.0036234534783864073 0.004588528143986059 0.0 6.793881792628506e-05 0.0 1.3850135400529469e-05 0.0 0.0 0.0 0.0 0.0 0.0 0.0 0.0 2.414028414237548e-05 0.0 0.0 0.0 0.0 0.0 0.0 0.0002602295834851826 0.0006348022507899652 0.0 2.5031672051572217e-05 1.186006130705706e-05 0.0011353648541100885 0.0003112665793105173 0.0010977937864891357 0.0001327391018311567 0.00012366461815289636 0.0 0.0 0.0 0.00019961216821578345 8.135388296938948e-05 0.0 0.0 0.00015371141495079292 0.00025956264188083594 1.1769572178035546e-05 3.4118272837591896e-05 1.1264449569445572e-05 0.0 0.0 3.24425291038022e-05 0.0 1.7666926339730383e-05 0.00022115257853159883 0.0003849936590788911 6.161336454359497e-05 3.178372049195701e-05 0.0001971088761608112 0.001554449191234689 0.00017747011956662073 6.718771490538529e-05 0.00010243043148095824 3.496374399598704e-05 5.597930855723361e-06 0.0 2.4798116255382974e-05 8.096622713443783e-06 1.5152855868132723e-05 0.002171805288223602 6.069305735500156e-05 1.048153612240854e-05 0.0 0.0 0.0012142993642693467 0.0006056018299210232 0.0009491930063931671 9.02886186561684e-05 0.00034681943049658527 0.0003562064200796091 9.638155878833739e-05 8.170878951895772e-05 0.0 1.0559798775800939e-05 0.0 0.0 8.176878844827056e-06 1.4137518653377221e-05 0.0 0.0 0.006551263219384154 0.00035552954375363277 0.00019732572992088023
0.010795123700260822 0.09547950085104559 0.2104738308422812 0.0009310858438396149 0.061975235058540634 0.0 0.018925426264840763 0.0 0.07078905991602984 0.017214545050512422 0.11250837625192445 0.01400837687738976 0.028792345826146527 0.16275449470056244 0.001994158175224377 0.0013864387866234392 0.0005637794613362321 0.00028962226596746465 7.222618898173602e-05 0.00027719881667425967 0.00013553720634213403 0.0 0.00012007767586520629 0.00010516265889471023 8.924800965149294e-05 8.768495104285117e-05 7.673260967682417e-05 0.0 0.0 0.0 0.12477406401212153 0.04086435420605906 0.03432713571521291 0.0 4.21873881114131e-05 0.00024324497913912846 0.0034937544624494793 0.00019318777810139944 0.0002664755434708542 6.562385237188221e-05 0.00013046104154119058 5.107086364575048e-05 0.0004251110734762969 0.0017183294389728169 0.00011506375132472603 0.0005210606021919542 0.005092035910411576 0.0002623489218786148 0.00019112881929428155 0.0005043509429891888 0.0001392828669754532 0.0 0.0 4.334605618065826e-05 7.363832916237389e-05 0.00035239498319476265 0.0010228344724248985 0.015782619031249976 0.001119347487131678 0.0023229031434503057 0.0025161273176163845 0.007807090792438602 0.0002506065723576316 0.011897435257557359 0.0001291427553270237 0.00035307481209813363 0.00018775696951784767 0.00050275093508489 0.0006098780106548844 0.00020396944096403305 0.0015995979743478124 2.858383748720134e-05 0.0 0.005266607047455836 0.006667120678196524 0.007674671674717853 0.010864593423352201 0.008362868414654754 0.030274339113972173 0.05246899462891459 0.0036725580348551234 0.06015304746120932 0.0009836765906417605 2.7999979954872e-05 0.00017627325015266335 0.00022060800785559878 0.00042384250348113657 1.648831567858577e-05 6.505961429910967e-05 7.1072142060081395e-06 7.890938182589519e-05 3.3677992592549796e-05 0.00032889061000930476 0.0003600929884299384 2.2930733026785385e-05 0.003512426995104276 0.0011615037593739454 0.0 0.00012747228326659573 0.004370582945129565 0.0 0.00014702857506657729 0.0 1.1481602315704202e-05 0.0 8.326025229267431e-05 0.00020330974959723854 0.00026103008811491785 0.0006740501146329093 0.0005548490471006731 4.82821988602647e-05 0.0002903573359427207 0.0005795843918802252 0.00025569778660357144 0.0007063801645640457 0.0 0.0 0.0 0.0 0.0 0.0 0.0 0.0 0.0 0.0 0.0 0.0 0.0 0.0 0.0 1.0988285045426414e-05 0.0 0.0 0.0 2.598837104375893e-05 0.00011960562922524715 0.0 1.0818517704221283e-05 0.0 0.0002164727579196293 0.0 0.00019315567721124423 4.076231837598297e-05 1.7040715744721374e-05 1.2696540153973592e-05 0.0 0.0 6.423337484146012e-05 1.3707359197379634e-05 0.0 0.0 2.5368746667092418e-05 0.0 0.0 0.0 0.0 0.0 0.0 1.0998413646461632e-05 1.740422897749996e-05 0.0 3.192839571902832e-05 0.00013448194275308316 0.0 0.0 5.343946490794914e-05 0.00027297776941986597 0.0 0.0 8.94546581109817e-06 0.0 0.0 0.0 1.1971804732234928e-05 0.0 0.0 0.0006110968573292285 0.0 0.0 0.0 0.0 0.00037619322926679845 2.1149053017633066e-05 0.00018122156746468786 3.88125321389211e-05 0.0001231866407916328 0.0 0.0 0.0 0.0 0.0 0.0 0.0 2.364048505035822e-05 0.0 1.929040714554483e-05 2.3665462825355397e-05 0.0010023957644319504 0.00013026387044678492 3.3100840588966385e-05
0.0026865120177208737 0.10222028880076472 0.0671585456898683 0.0008682276698256693 0.24409690281364524 0.0009591432341141536 0.10252683774445703 0.07078905991602984 0.0 0.0648995079502207 0.05533928180614289 0.02791585467090639 0.17058009714907016 0.17550416008637904 0.002318842389012758 0.0007352629825593819 7.438726471094443e-05 0.0 6.985765447654881e-06 0.0 0.0 1.7597173784936018e-05 0.0 0.0 2.1258543038583988e-05 8.097354199845849e-06 0.0 1.539042844790459e-05 1.004563059215938e-05 0.0 0.012926544598594615 0.0017400687546449741 0.0033308865428893254 0.0 0.0 3.7148237942776184e-05 0.0011073818915116886 2.0858461167149843e-05 3.076999680837189e-05 3.8158338283037666e-05 0.0 1.3108124116444512e-05 0.0 9.22054397128311e-05 6.992859445392983e-06 1.5361193848155963e-05 0.007139072559773627 0.00017891969729233445 7.188307143631758e-05 4.204331440762581e-05 5.975699480152481e-05 0.0 0.0 9.72159205857738e-06 0.00018763287249464657 0.0003684871237074461 0.0004862792031972925 0.0040558272083495136 0.0008362371670051101 0.003002374089334279 3.766348418113457e-05 0.00013681059846610026 0.0 0.003230385450825039 0.00021323622389522523 0.00024342757803015163 0.0001590712558599057 6.161113315497818e-05 2.364028051823803e-05 0.0 0.0009548793302787706 0.0 0.0 0.004554259600760601 0.004611837015002397 0.010083891036356707 0.006962919502424267 0.0004035520138081337 0.000102530236053801 0.0011736491536413814 2.3499430325886653e-05 0.00015910244807350603 0.0009707883190245436 1.908813269066804e-05 8.516728918607365e-05 0.00020594500073387227 3.57478143278289e-05 1.4607104516265235e-05 6.869562014949219e-05 0.0 4.308088951918512e-05 7.475315918052508e-06 4.16313923990118e-05 1.911134850667151e-05 0.0 0.01589828915426424 0.0003421443844312964 0.0 9.528912148644213e-06 0.0010188948329606469 2.0125532387527057e-05 0.0005842678912296343 0.00020010535978402902 0.0008040960745703376 0.00019754803289955423 0.0017015518474090907 0.0020782386829898227 0.0018545644513843793 0.006361793268503385 0.007536126429397891 0.0002620205796483371 0.0035825946620401915 0.004313551507011914 0.0019926402379638465 0.0027278433203090707 1.4182534184524218e-05 0.0 0.0 0.0 0.0 0.0 0.0 0.0 0.0 0.0 0.0 0.0 0.0 0.0 0.0 0.0 0.0 0.0 0.0 0.00018927193325064408 0.0007498281437873888 0.0 0.0 1.909958719957963e-05 0.0007952960644751998 0.0004052980604869717 0.0011350309838311175 4.547179401483711e-05 0.0 0.0 0.0 0.0 0.00011110499378868435 0.0 0.0 0.0 3.291078337736607e-05 2.2012830510966157e-05 0.0 0.0 0.0 1.1530002569367946e-05 0.0 1.020194923628107e-05 4.186715401730282e-05 0.0 0.00012384962668796044 0.00031661830640201494 8.950702898646482e-05 0.0 0.00012569592180274936 0.001418981162910943 9.281597732394962e-05 7.045925090921876e-05 2.1388117687628952e-05 0.0 0.0 6.778810900166815e-06 1.4773607865718995e-05 0.0 0.0 0.0015660243130216267 2.646552743581785e-05 0.0 0.0 0.0 0.0007580892252392655 0.00016014266044210812 0.0005608810217472253 1.3839562226205224e-05 0.00016547681410543182 7.466410035598295e-05 0.00010649115680108615 0.0 0.0 0.0 0.0 0.0 3.098080337745685e-05 0.0 0.0 0.0 0.004643534615398678 0.00011844630352842117 8.587749572546913e-05
0.08731144913066809 0.057879488174677814 0.03363157245198119 0.08726353378076063 0.0601934341741011 0.05383053590377405 0.21107958003475405 0.017214545050512422 0.0648995079502207 0.0 0.022045502159010518 0.11795890933434974 0.3806119169642602 0.0890367218133579 0.0009736857398589448 0.00027657270195368197 4.3975074831234035e-05 1.1111479428611015e-05 0.0 0.0 0.0 9.951579195377904e-06 7.624859435692918e-06 6.662367781382807e-05 1.3352122413658993e-05 0.0 0.0 4.050274794057613e-05 8.736174058028354e-06 0.0 0.007890844383306983 0.0002542995993485077 0.008535802932900292 0.0 1.0976407978835958e-05 4.002405684743482e-05 0.003762132066575656 0.0001375140696491489 0.0002414734753131365 0.00018241034081555442 7.781790965994203e-06 0.0 0.0 0.00010337885899535384 0.0 1.58187513759063e-05 0.0061970869595630316 0.00047036359414449034 9.534057196738436e-05 4.440577118404712e-05 0.00010301386077416093 4.284399019097556e-05 0.0 5.7076896091544236e-05 0.00030171599954039054 0.0009234234563107721 0.002874388182592848 0.017214525271262146 0.0031043370349574865 0.0033687299386366823 3.399608478084587e-05 0.0025377363576908766 9.652957754742911e-05 0.0025175178057995217 0.0005356052995552276 0.0004699715341222354 0.0002847562408756727 0.00020581531423132402 2.4168525909124012e-05 9.435917501150383e-06 0.0034999315576065737 0.00018976674048060293 1.4249691738043685e-05 0.00757553324204019 0.005136684165076822 0.004906455188929241 0.002759755027485418 8.131413769124223e-05 8.913439774017542e-05 0.0016037590741610134 1.026963374408241e-05 0.0008527258771892263 0.0027244979766170878 0.00014041969413905838 0.0001274058515180306 0.0005567189983436687 6.701668770313428e-05 9.845919180413725e-06 0.00020754585765952414 2.7645868807993376e-05 6.916519180876075e-05 8.189849803170036e-05 0.0 0.0 3.859955667714495e-05 0.018626081094400282 0.00274987481153528 1.0505846327291211e-05 0.00020344232689143693 0.05263078308830977 0.0003580791658847329 0.004396549685481252 0.0017628318260171382 0.005525557496648795 0.0002317186077250748 0.008534142725085465 0.008610160040486405 0.006383988033175983 0.021798464458740816 0.023447968751207398 0.001027796053786953 0.011387658601533094 0.013080706901763633 0.006073147925351671 0.00646621867574689 6.591641497456518e-05 7.568246507222586e-05 0.0 2.917644728984046e-05 0.0 0.0 1.678601786096947e-05 0.0 0.0001063448964500833 2.9797474984109393e-05 0.0 0.0 0.00014120021711694074 0.0 9.382290883671012e-05 0.0 0.0 0.0 0.0 0.0005828312093251166 0.0022052316047524384 0.0 5.139012692247083e-05 0.00024189410200993515 0.001746445714612903 0.0012276798328463574 0.0021825671810683117 0.0004920036087621141 0.000263003826625652 0.0 0.0 0.0 0.0005283822796888766 0.0 7.12305266206532e-05 0.0 0.0004760845514255982 0.00016589559859278674 5.47264364022978e-05 2.6855550303952122e-05 0.0 6.427745719480875e-05 0.0 8.637808169800434e-05 0.0 0.0 0.00046397069913589167 0.0010026808190013886 0.0004370103495563145 3.465639968653454e-05 0.00032003625260503644 0.0038601365749544396 0.00014521343630124965 7.120806359648099e-05 7.048130131824572e-05 5.7888356683148144e-05 7.801470009734623e-05 0.0 3.475951015180609e-05 2.191333983811339e-05 0.0 0.0033865692599872174 6.248707533819574e-05 3.093717767047378e-05 7.276791218712534e-06 0.0 0.002955878910333902 0.0023485027379935375 0.002517790465580439 0.00026873144114319963 0.0009612690990707266 0.0004966332834955886 0.00018974277187276824 0.0003768045651213305 0.0 0.0 1.4889922725819302e-05 5.7722263818296704e-05 2.1273352797501958e-05 1.8738900487073104e-05 4.81267210704149e-05 0.0 0.008292949955193488 0.0007953991117343648 0.0005577703353421205
0.010156744817590536 0.09684636306807172 0.14039159413153385 0.0011048923091453073 0.08336651858558414 0.00016275005011390426 0.03885989977205084 0.11250837625192445 0.05533928180614289 0.022045502159010518 0.0 0.030550386820323103 0.25117004168222684 0.12269329659768413 0.0036728975929735063 0.0026242859907046894 0.00021162556611705708 3.3556617693017715e-05 3.645749249258055e-05 0.00020677586879601256 0.0002229924294642398 0.0 0.0004813826108511562 0.0006439063106650221 0.0005860088885217551 0.00013116623704364139 0.00010678893852373877 0.0 8.197001467603138e-05 0.0 0.053450262989485686 0.01787243384448372 0.052838105682825945 0.00022939252783844637 8.45549036840637e-05 0.0021299802188205702 0.025300840358410345 0.0020075613355038328 0.00033338813710806947 0.0007799121206897587 4.853360576538827e-05 7.179946751182815e-05 0.00027711632915425956 0.0010732258697146641 0.0001656252788581744 0.00011513705407420386 0.007288310843407345 0.00016954060811754352 4.905820437697852e-05 0.00031349356409509483 0.00021824148138711231 0.0 0.0 3.4644046798692263e-05 0.00012247371070820627 0.0003074679668736792 0.0007504953815372011 0.008837286284255777 0.0009055229791461193 0.0028217265721577752 0.001184851818886548 0.012263667739902593 0.0006161645454100797 0.006142458233409888 0.0002046087938130357 0.0002550662120116742 0.00014036652430998074 0.00011613900650816343 0.00037160294330062285 0.00020687997280446514 0.005307454819422651 1.5159365386930144e-05 0.0 0.004348954720226271 0.005375578822719064 0.011101051933709733 0.010226736135938169 0.005050695671616196 0.02366674550877703 0.0296089621732432 0.0007182619361034437 0.09822565719548712 0.0009102323265973078 3.341501612919702e-05 5.902081552358915e-05 0.00018879738073712227 0.0002545792160622361 6.881094714785922e-06 9.845920600775673e-05 6.338355240424413e-06 6.040504417163087e-05 9.754021052342017e-06 0.0003965346005657843 2.2445305156935324e-05 2.5988250312993548e-05 0.005747996818706652 0.0013478297767273643 0.0 0.0005533619118092991 0.0030309329568584736 1.0743168213179643e-05 0.00016797838113082094 0.00012386722568264946 0.00013110897586197904 0.00014649875023320762 0.0004264312018999074 0.0004344035372616493 0.0005174139478880643 0.0014745843922932635 0.0015936687280891685 7.55247679668358e-05 0.001023596941182088 0.0013633162926608995 0.0004560486523990203 0.0011194404725468187 0.0 1.109696759061117e-05 9.604816291025673e-06 0.0 0.0 0.0 0.0 0.0 0.0 0.0 0.0 0.0 0.0 0.0 0.0 0.0 0.0 1.7964043332992437e-05 0.0 0.0001031789537042026 3.9142320297659535e-05 0.0 0.0 0.0 0.0003809753883773221 1.6050241965826414e-05 0.000444145180569815 8.815402344489579e-05 6.765747547279263e-05 0.0 0.0 0.0 2.3437283099130848e-05 1.2959544314384302e-05 2.0758290140925056e-05 0.0 0.0 2.715318999041021e-05 0.0 0.0 0.0 0.0 1.1222677434801713e-05 0.0 0.0 0.0 5.5169721423036164e-05 1.1658912489022284e-05 2.4792581104880336e-05 0.0 4.500654593733144e-05 0.000471776657560393 7.733565700922172e-05 0.0 7.932474324096086e-06 0.0 0.0 0.0 1.9004005362801596e-05 0.0 0.0 0.0008608719952553941 0.0 0.0 0.0 9.101368999350723e-06 0.00021011663253090148 0.00012785543584399839 0.00021113453491933103 4.52323373249442e-05 6.89794091764362e-05 0.0 6.400855995268509e-05 9.270836644185293e-06 7.944648246333203e-06 0.0 0.0 0.0 0.0 4.254727444996319e-05 0.0 0.0 0.0017796169362668244 0.00035345939249438224 3.372215519634836e-05
0.0293437494963041 0.020981743889390565 0.009755391393401135 0.1159423829377214 0.007420201873397384 0.008238196977907872 0.03385740629634303 0.01400837687738976 0.02791585467090639 0.11795890933434974 0.030550386820323103 0.0 0.06796690934701145 0.05227168242865143 0.002165927416456536 0.00175847052441223 0.00017272031275031665 8.533090778041557e-05 0.0 0.00018520037909104174 0.00019946876634319646 0.0007344466621993807 0.00018842140631390296 0.00038021040557948836 0.0012257446962224048 0.001191857470111624 0.00014596411889501344 0.0007085197218097757 9.578561894711648e-05 9.212919255303974e-05 0.0030211238357051697 0.001553341753490285 0.016926963791397444 5.044014908301146e-05 0.0005778137161252477 0.0020268815936862103 0.07425622737955935 0.010409413414606541 0.010244697615517849 0.020836366246110037 0.0006760740444737209 0.00042452874212287826 0.00011773490459517219 0.001258279324435494 2.6430489947339823e-05 0.0004254212748438033 0.003502626484895268 0.00022834238465421 0.00012906721195657647 0.0001228075731751862 5.491124750705146e-05 0.00037823579851742426 0.00012288426703880952 0.0012515613866974171 2.9038900149193955e-05 0.0002323449976407795 0.0008883914028477276 0.005622946261079749 0.0008798928876564593 0.0009953200787102333 0.0018184226364647868 0.005870535578441068 0.0014387008829767648 0.001335023628662398 0.00018590268912819976 0.00013242994442968045 5.7271538941686446e-05 6.09214075246596e-05 5.067585104610075e-05 0.0002695117801842101 0.04004278990029177 0.0010564099496838313 4.6528718007002547e-05 0.0022934051510722793 0.0020714551131669565 0.0033948261833294966 0.003128785230843911 0.002238314727746494 0.0006174825386745952 0.012067563855750309 0.00022050505895649858 0.0027688960956011523 0.0009433071244949082 1.8114527130240936e-05 2.6520002577523624e-05 0.0001954160298488326 5.877284447401238e-05 4.4843565085503154e-05 5.7799853930307785e-05 8.864149095449996e-05 5.7796888214565036e-05 4.746184964360422e-05 0.0002294873384186879 0.00012390134845803434 0.0005583483899857203 0.08030084318493282 0.015667188825833064 0.00029033229638197893 0.016933355307944778 0.008346990535741589 0.00017167821591650303 0.00034969090664459474 0.0002456055780821247 0.0005524930501303811 7.273447615674115e-05 0.0019325032551513342 0.0022534611259390405 0.0016850136748956662 0.005799649432067603 0.006855870865632546 0.00046470223240990273 0.0038815066760609683 0.00511925004245163 0.002688835476329531 0.005825895159202496 5.400317247553495e-05 6.896741848089008e-05 0.0 2.054226516205136e-05 0.0 0.0 0.0 1.3025990266568944e-05 1.966007196591051e-05 0.0 0.0 0.0 7.346461179459761e-05 0.0 1.4416966344033997e-05 5.402432521581219e-05 2.2199931239176377e-05 0.0 0.0 0.0002102913611963831 0.0006760850927591159 1.26640365912068e-05 5.4243868431225534e-05 0.00012241025958918428 0.0018473020811005014 0.000329792536293958 0.00237633036270774 0.00017129642404584443 9.834952565830507e-05 7.350650181928296e-05 2.1480359543291523e-05 8.447166621295627e-06 0.0001632400508390387 9.311635475805817e-05 0.00010135124757637887 0.0 2.4471008319636175e-05 0.0002038383230917341 8.375120892139824e-06 2.3097438777816424e-05 4.781293541953837e-05 0.000221568921416769 0.00011279164803276044 3.289270074943458e-05 4.249767541081721e-05 1.539986959375806e-05 0.0001946561170329642 0.0004420163960592625 0.0001119098901775559 1.643874504667871e-05 8.821020018021257e-05 0.0027893719055786664 7.643117620360897e-05 0.00010108686708524272 5.039391630167694e-05 1.0244988333780546e-05 2.3007659829767798e-05 0.0 1.8757156399161976e-05 0.0 0.0 0.003429638234090039 0.00017727255077087028 0.0 0.0 3.314913431548421e-05 0.0016135862214828615 0.0005464552718849187 0.0010130015871958795 0.0001693701874098433 0.0004093732692378605 0.00018097623970869211 9.10186087069254e-05 2.1085554316485876e-05 2.089497086078466e-05 9.236311906369684e-06 0.0 0.0 1.8232655082365012e-05 0.0 1.1928107296973594e-05 0.0 0.0086830602473157 0.001019548935203184 0.00042689425622838783
