0.0 0.19960228366615032 0.044900240454004106 0.07935606820199793 0.005685852596984081 0.03671127579160336 0.02955812191333629 0.004395657027750714 0.0010841290844264943 0.07797901843299143 0.008615410441158282 0.009634676754121177 0.004451432768334054 0.003136510375480635 4.682372101859548e-05 3.4197561729928616e-05 2.1938646375762287e-05 0.0 0.0 0.0 2.6223931176878616e-05 0.0 0.0 1.1761530698410306e-05 6.545728827972936e-05 1.9501149869116163e-05 0.0 1.6975876103881932e-05 0.0 0.0 0.04305390816853784 0.00047639498988007395 0.0009803471980769172 0.0 7.86780642862659e-06 0.0001876644626357947 0.00012672679842217315 0.0002961824770374066 4.193707485109073e-05 5.667592958364919e-06 9.980446849711431e-05 0.0 2.2552382238187323e-05 0.0 0.0 0.0 0.0016798154087726582 5.317168993818723e-05 1.5671532292367044e-05 2.608861913149489e-05 5.248895885738268e-05 4.703779764829903e-05 0.0 0.0 0.0005579804638860627 0.0007342199161292602 0.008851605581874637 0.023853421706786587 0.0021380685088400243 0.0014269809783470828 3.696385741836005e-05 0.00026579096426968424 2.3738162659797034e-05 0.0009923951424648302 0.0005799962748812892 0.0003079865766374555 4.7116361404497374e-05 0.00012712511743457372 6.287003342318513e-05 2.396545552177088e-05 0.00045755809439226907 0.00024740010599043143 4.1714852386867755e-05 0.00990096219974824 0.001466150765664734 0.0011380343830983345 4.962627796623763e-05 2.065887736866424e-05 6.894147124119123e-06 0.0020478460526015875 1.1345294436283469e-05 0.0002728004615337648 0.0011794503140973378 2.073892633079163e-05 0.00024263976687879162 0.00029072422536607467 1.715088500384034e-05 0.0 0.0 4.14562031851605e-05 6.658989177142633e-06 1.1710421990758871e-05 0.0003502235949481006 3.475400419826709e-05 6.354209960856887e-06 0.0021838204363024017 0.0007885654351665622 4.939795739709109e-05 7.734496055573109e-05 0.07123232978793112 1.1238906251243338e-05 0.0001539146005819034 1.2844995339922966e-05 0.00042275987470669383 9.063127415566779e-05 0.0010353309391502828 0.0008636420825631328 0.00015230801557071966 0.0026917122369898064 0.0004455047332805591 8.465384336654893e-06 0.0011682031370063154 0.0007294863225076259 0.0004316544697242935 0.00021139540009406803 0.0 5.576019843354084e-05 0.0 0.0 0.0 0.0 0.0 0.0 0.0 0.0 2.757954148956895e-05 0.0 0.0 2.958389630971894e-05 0.0 1.3608976253050728e-05 0.0 0.0 0.0 8.609104010359258e-06 0.0 0.0 0.0 0.0 0.00010837283513781029 2.3267235059780142e-05 0.00016491692259665435 9.934774999900913e-05 1.1875906412129197e-05 0.0 0.0 0.0 0.0 0.0 0.0 0.0 0.0 0.0 0.0 0.0 9.512709650316316e-06 0.0 2.105291443861741e-05 0.0 0.0 6.590624108225936e-06 1.721734066865302e-05 0.0 0.00012141691877192103 0.0 0.0 0.00020706919246466597 0.0 0.0 0.0 0.0 0.0 0.0 0.0 0.0 0.0 1.1290120496121877e-05 1.0127956846818848e-05 0.0 0.0 1.8608972476368213e-05 7.027739117627662e-05 0.0 0.0 0.0 0.0 0.0 0.0 0.0 0.0 5.8412744459183114e-06 0.0 0.0 0.0 0.0 0.0 0.0 0.0003734678244293213 5.923498397094049e-05 2.442790274450475e-05
0.19960228366615032 0.0 0.12653070167751557 0.13534057622189613 0.24184143705125463 0.013365386128052685 0.24829837674763708 0.01646812841325351 0.07251982483166122 0.05500322707813052 0.06522066265829912 0.005132113342274268 0.10651609879013077 0.12526471317232973 0.0011564512158310546 0.00026521412852531555 8.105654396566044e-05 5.4040399642769694e-05 0.0 2.0199465109684644e-05 0.00010475782700006659 0.0 0.0 0.0 0.00018127088985081015 8.189330150626129e-05 0.0 2.5871848740916934e-05 0.0 6.1241623723289e-06 0.10713379335394456 0.004738433412346891 0.004341856828275256 2.4915692734293493e-05 0.00016467565886000478 0.0005306255214975932 0.0012861144518335717 0.00107369086042758 0.0003082848566048913 7.657143569598302e-05 0.0005142059136743933 2.2393802820442965e-05 2.9319227387533493e-05 6.8016237642110175e-06 4.291041856855015e-05 5.716471039381282e-06 0.011930141528468297 0.00046669757112660485 7.252112030932097e-05 9.660165393091936e-05 0.00015219164540833513 0.00022782361842297658 4.2783415274376234e-05 2.454835607048176e-05 0.0021083547315535844 0.0022210304675000553 0.01605321732009714 0.042055210967384155 0.005683392625658911 0.00841601086235754 4.205438818840298e-05 0.0007431466641389631 7.106238219466484e-05 0.00753718861294963 0.0023247754547562095 0.0016727552413439667 0.0003687192209548725 0.0006563070003257366 0.00020895018809887706 0.0003071264461872669 0.004137863971694847 9.760350192139707e-05 0.0 0.03363305536750586 0.008992718561380007 0.011597860819570956 0.0010475916804009416 0.00020786581665691793 4.2317510426663015e-05 0.008620759271730087 6.610926191894849e-06 0.0013567453317549771 0.005470250585480855 3.594722294512131e-05 0.0015798897010558463 0.0012369850180290385 0.000168352610689944 5.51086915147775e-06 2.97545843311656e-05 0.0 5.0109360790770744e-05 4.6030660500866645e-05 0.0015969168984787839 0.0001914932728015248 0.00014644580223155336 0.0024602003122632774 0.0010282693700232744 0.0 0.00037259032234662423 0.06193472639055526 0.0 0.0002782773820233287 0.00010963293118606896 0.0002454450857254208 4.367654660070124e-05 0.0019900526487488324 0.0003274975491534422 0.00029632930339919435 0.0038129665811170712 0.00037399469290750454 0.0002068550379628337 0.0013999892279808362 0.0022626035019325734 0.0017000880337226596 0.0009113145032231244 4.1631755653070175e-05 2.3704032125477292e-05 0.0 0.0 0.0 0.0 0.0 0.0 0.0 0.0 0.0 0.0 0.00011651172981607695 0.0 0.0 0.0 0.0 0.0 0.0 9.21281219679589e-05 2.203626933546954e-05 0.0 0.0 0.0 0.0006023697013321509 2.2893596389023533e-05 0.0012040995022789376 0.00014547691976736404 4.305252803106618e-05 0.0 3.636633740211167e-05 0.0 0.0 1.0897730011838227e-05 0.0 0.0 0.0 3.649652013333134e-05 0.0 0.0 0.0 1.1772960482569316e-05 0.00011772888245923583 0.0 0.0 0.0 8.849658649552362e-05 1.9770655572666257e-05 5.116151929958036e-05 0.0 5.194907497505063e-05 0.0007094414100069235 0.0 0.0 0.0 0.0 0.0 0.0 1.534650427334257e-05 2.666360336353947e-05 2.8832589085543472e-05 0.0005677519354477463 0.0 0.0 0.0 6.252410852087683e-05 0.00013022383233414356 0.0001740276414612368 0.00045739793037916825 0.0 0.0 0.0 0.0 0.0 0.0 0.0 0.0 0.0 0.0 0.0 8.843965326003252e-06 8.078528921311356e-06 0.00040929322821231284 0.00019822102204371082 0.0003573108075720295
0.044900240454004106 0.12653070167751557 0.0 0.00018758611917575008 0.05328124209804472 0.0002407596134931308 0.002528078066107707 0.19800682966374808 0.07352148550995495 0.00029895490771755947 0.17722242706412042 0.001498394481359383 0.0065442832589574194 0.07103183066133266 0.0009513595553367216 0.0005319336959005988 9.85235662456165e-05 0.0002021626033474545 8.503717916660009e-06 0.00015455347479704538 0.0009562303355703123 3.285729120196661e-05 0.0 9.808539719596696e-06 0.0008719793703219116 0.000340914313938516 0.0 5.002981646053025e-05 1.7415270614925832e-05 7.76776328512879e-06 0.24680749315861214 0.05914265209193684 0.010247866946559787 9.502796323401166e-05 0.0004919133979022415 0.002017826541140652 0.0019124178609378501 0.0027391828100182063 0.0005741850145055169 0.00039105208422372735 0.0016020390125448302 0.00031727978883573806 0.00048168531696589627 0.00011205840618284097 1.789020248177316e-05 0.00010765143747118692 0.0029308762100920577 8.468623509820458e-05 0.00012491103196674708 0.0009362659930577562 0.0006005191398677277 0.0005664818517866602 7.21671417894878e-05 2.9278608363013208e-05 0.0002854958301891652 0.0004034865090112059 0.005526841206659787 0.02836688219646626 0.0014075265512428939 0.0013471097521811097 0.0011205525400104026 0.003062798795249547 0.00010672425194572098 0.006424934267352431 0.0003502089795790962 0.0004535340157651925 0.00039213638803989054 0.0016682935064961939 0.002696087867805126 0.0014955222585708843 0.0015458407833871316 0.00011375558312021344 4.7687451005471724e-05 0.007999626129844832 0.0020772879198825023 0.002621668573372457 0.0011939721417686831 0.0003784767042231147 0.0035417878276692814 0.06270524031215 0.0008302165784181056 0.014491024281105738 0.0007378423298039834 1.3254660628870797e-05 0.00021858074901897394 0.0002861079558404019 0.0004947135484986424 0.0 5.7586845982008276e-05 3.943967059856229e-05 0.00010587463833144526 0.00021648081128396298 0.007789780387674256 0.001123354676858403 0.0005086237034066578 0.0008016767490882401 0.0002355620449205528 0.0 0.00037948495873313116 0.01032469072432737 2.1263437640130603e-05 0.0 8.21307146710714e-06 1.7503648308611858e-05 5.4782324812382006e-05 7.952035484654029e-05 0.0 2.3106904543772423e-05 9.946720943071145e-05 0.0002633119808741357 7.0477441088791e-05 0.00040598355515440547 0.0004757328472679381 0.0003277877068529238 0.00031065229688540387 0.0 0.0 0.0 0.0 0.0 0.0 0.0 0.0 0.0 1.5812564865313277e-05 0.0 0.0 3.18536839161593e-05 0.0 0.0 0.0 4.966479956644832e-05 3.947670801747721e-05 0.0 2.5454507411805295e-05 1.0416214876212623e-05 0.0 0.0 9.850144953642125e-06 0.00016437175109431762 3.3731194772609316e-05 0.0005700919795961251 0.00012920051469038243 5.812210313279662e-05 3.242622747174788e-05 0.00011821182798291037 1.9146742027941664e-05 0.0 0.0 0.0 2.2880716748783386e-05 0.0 1.0319705692872999e-05 0.0 1.6389669063599454e-05 0.00021974114056503153 6.89697967157035e-05 0.000131463846594887 0.0 0.0 0.0 0.0 0.0 1.761307709288927e-05 0.0 0.0 0.00024287165317172783 1.079690917168631e-05 0.0 1.3380455368099335e-05 0.0 0.0 0.0 0.0 7.252286679673461e-06 4.1651411705460534e-05 0.00031260608349195385 4.084856491534239e-05 1.2918845783066041e-05 0.0 0.00018052183681983494 5.3551572724108796e-05 9.945766804567436e-06 6.382193771404272e-05 1.507649496253886e-05 0.0 0.0 0.0 0.0 0.0 9.985405767362209e-06 0.0 0.0 2.056442923515302e-05 2.2322284954945603e-05 1.764476336453656e-05 2.3045443966165047e-05 0.00013016029841110853 5.0275329863679146e-05 0.0001650126899455044
0.07935606820199793 0.13534057622189613 0.00018758611917575008 0.0 0.0001781196379048064 0.02989672132045451 0.027989439624891095 5.901426054519574e-06 5.424383135740126e-05 0.12273045285585248 8.444968518692682e-06 0.04630867631450807 0.03900670099871202 0.004172507811934465 6.921711296109599e-05 0.0 0.0 0.0 0.0 0.0 0.0 0.0 0.0 0.0 0.0 0.0 0.0 0.0 0.0 0.0 0.0016452003581664263 8.043995449957048e-05 8.127857584809469e-05 0.0 0.0 0.0 0.0 7.5350101524437515e-06 0.0 0.0 0.0 0.0 0.0 0.0 0.0 0.0 0.0011140597335422063 4.4352834275169264e-05 1.7543973263382828e-05 5.37395560428851e-06 8.378119394703217e-06 0.0 0.0 0.0 0.0002535903940956591 0.0002852400960691193 0.002815906194217708 0.004510026517847109 0.0008499699028312775 0.0008484459965035156 0.0 2.0591656302796712e-05 0.0 0.0006734939857213639 0.00026147358283129486 0.00021279881825832123 3.21113115584935e-05 1.8363527723648607e-05 0.0 0.0 7.447618873209538e-05 0.0 0.0 0.004396469911848374 0.0010920457919903856 0.001058509610033121 6.475554973939618e-05 1.0302476484389466e-05 0.0 0.0 6.080305506666304e-06 3.2510946200016436e-05 0.0006250286167409865 6.2876262168850986e-06 0.00017143447703229118 0.00011776163844801996 6.590702492671311e-06 0.0 6.160504577568169e-06 0.0 1.392825454246441e-05 0.0 6.831207488382347e-06 0.0 0.0 0.00014080308378283763 0.0 0.0 1.1195902392780417e-05 0.037850912986500854 3.353037279892379e-05 0.0003723219422027245 0.0015979271858612136 0.0032378689867210773 1.01919236774117e-05 0.0005160916733410067 0.0012213827258424033 4.840470454282291e-05 0.0028797302124496113 0.001502720922092855 0.0 0.0016030810128393723 0.0011648977392307391 0.0003913448091418743 0.0001840747911173063 0.0 0.0 0.0 0.0 0.0 0.0 0.0 0.0 0.0 0.0 0.0 0.0 0.0 0.0 0.0 0.0 0.0 0.0 0.0 8.992363167841627e-05 0.0 0.0 0.0 0.0 1.6426674718882916e-05 0.0 6.360673706163881e-05 0.0 0.0 0.0 0.0 0.0 0.0 0.0 0.0 0.0 2.9917621415963644e-05 0.0 0.0 9.048877635714134e-06 0.0 0.0 0.0 0.0 3.9091536074601026e-05 7.304526582458152e-06 2.4143014733945494e-05 2.845992689029592e-05 3.661846686230357e-05 0.0 0.0 0.0 1.805284969361087e-05 0.0 0.0 0.0 0.0 0.0 0.0 0.0 0.0 5.653721882969932e-05 0.0 0.0 0.0 0.0 0.0 0.0 0.0 3.550589802499129e-05 1.1729623618292708e-05 0.0 0.0 0.0 0.0 6.0219756960242286e-06 0.0 0.0 0.0 0.0 0.0 0.0 0.0006637077609775007 0.0 0.0
0.005685852596984081 0.24184143705125463 0.05328124209804472 0.0001781196379048064 0.0 0.0001535928324336366 0.25376650305778103 0.001773097613107297 0.41313261853168126 0.0012560557968200286 0.04867085389204782 0.0011017554253971013 0.09517650909488497 0.3007720586851289 0.0006861721087741483 9.480754975983195e-05 5.93012475170145e-05 0.0 0.0 0.0 1.5346562165122492e-05 0.0 0.0 9.02190518943875e-06 4.0253958956122086e-05 2.6459240257262858e-05 2.4382779944433512e-05 0.0 0.0 1.736408505977894e-05 0.01242345918268481 0.004060359352270219 0.001323908751977672 0.0 0.0 6.1356341664521045e-06 0.0007151706085285035 0.00012765309968912456 1.1000074481666926e-05 3.472939250705243e-05 3.03693683934288e-05 6.7795024441661e-06 8.55264774165665e-06 0.0 7.120704299403035e-06 4.713827933483763e-06 0.006485426499915765 0.00014037092881818324 2.7695913188903427e-05 6.411701621481745e-06 3.3865967860891504e-05 2.3562888892137592e-05 8.823439872280847e-06 0.0 0.0006211602383121575 0.0006308706253366449 0.0030531402690135334 0.00546295221335815 0.0016940480593185642 0.003646391594396654 9.10390121094293e-05 0.0005856865455355662 2.2493885412321765e-05 0.0033668409789895577 0.0007432179527427655 0.0006202002832215166 6.739141832157236e-05 0.00018556891699130802 1.1176675149414763e-05 1.3168080141945407e-05 0.002728904413440363 0.00012017713044281432 0.0 0.009386245618584652 0.003443246146932034 0.006579870808470977 0.0008078802442040387 0.00018033520191844578 5.264749165431313e-06 0.00033048073767612767 2.0454572154167544e-05 0.0002848385453633761 0.001515210991639484 5.835789071691929e-06 0.00048033698052481015 0.0004249774603217807 8.386913463462733e-05 0.0 9.405607808201616e-06 0.0 1.1620528864462258e-05 0.0 8.494903099076717e-05 1.5505143119816764e-05 3.9619777561369934e-05 0.0021125004858941324 0.0008621922136740868 0.0 0.0 0.0013600948113032191 0.0 4.407805939501337e-05 0.00011946836240591248 0.0 0.00020704157757332853 0.0008545407262850815 0.00014635193813900772 0.00014759200260678146 0.0010436219058003778 0.0005824099635215233 0.00021897910235658914 0.0011157286966900928 0.0028309907264036393 0.001341334981557768 0.000770856758252363 0.0 0.0 0.0 0.0 0.0 0.0 0.0 0.0 0.0 0.0 0.0 0.0 6.715430486199456e-05 0.0 0.0 0.0 0.0 0.0 0.0 0.00018715779019173664 0.0 0.0 0.0 0.0 0.000548284153785795 5.564237790275851e-05 0.000757645869444593 0.00016630041881618288 0.00014859663196427846 0.0 0.0 0.0 0.0 0.0 0.0 0.0 0.0 1.9399797756612257e-05 0.0 0.0 0.0 1.138454455075118e-05 0.0 0.0 0.0 0.0 1.6614691850557222e-05 9.921837928965826e-05 0.0 0.0 0.0 0.0007295849823962058 1.709551228482381e-05 0.0 0.0 0.0 0.0 0.0 0.0 0.0 0.0 0.0006502204353344063 3.777637213572449e-05 0.0 0.0 0.0 0.0001734365961026397 5.079360013175299e-05 0.0003192033590070707 5.3168229751624704e-05 4.801477522766073e-05 8.72802499727666e-06 0.0 0.0 0.0 0.0 0.0 0.0 0.00014007853280731698 0.0 0.0 0.0 0.00038316194796218485 0.00043472770814216637 0.00027272604139452197
0.03671127579160336 0.013365386128052685 0.0002407596134931308 0.02989672132045451 0.0001535928324336366 0.0 0.005895610205836006 2.2845383295001274e-05 0.00015978372251091209 0.07016277049067324 0.00015031960250734585 0.02474873305208468 0.00846457423648583 0.0024354753012194837 6.83646232012233e-06 8.37701381540178e-06 7.99348128576221e-06 0.0 0.0 0.0 0.0 6.743572551355839e-05 0.0 0.0 0.0 0.0 0.0 0.0 0.0 0.0 0.0005343372821690788 0.0 0.0009801715006233997 0.0 0.0 0.0 0.0011353867722188513 2.801773308115049e-05 9.88182497502645e-05 0.0 1.5356207550436785e-05 1.20549457070665e-05 0.0 0.0 0.0 0.0 0.00019437978153943075 0.0 0.0 0.0 2.3375162756312783e-05 0.001783834573035453 0.00013689542962370903 0.0 2.1860395132712175e-05 7.08263599695227e-05 0.0026162292389929256 0.0016976091512534886 0.00017739520578674542 8.453053131374054e-05 0.0 4.007397290004065e-05 0.0 6.31395416883184e-06 3.2592192958439824e-05 1.4759758275958563e-05 2.421407510068652e-05 7.928406826601374e-06 1.489162243037903e-05 0.0 0.007784585339187215 0.011891204995328999 0.000628467522182753 0.0005347536941558119 8.566122591365016e-05 3.406641994196552e-05 6.85616601795988e-06 0.0 0.0 3.820986578374986e-05 0.0 5.617602125614206e-05 0.0001137859609351712 7.014636004870697e-05 0.0 9.014975748309224e-05 1.2627205439238485e-05 0.00012883634055716744 0.000269783106614595 0.0011637972293024152 5.345869330413836e-05 0.00019256295510088395 0.0 0.0 5.1498715863353595e-05 0.03521797041933536 0.008509048367360163 0.0018151255411660609 0.0005285022410796761 0.02114463189269276 0.0 0.0 4.5052022503286244e-05 0.0 0.0 4.326232425527226e-05 0.0 0.0 0.000284771265893412 0.0 0.0 1.0060844392078254e-05 6.867130516149679e-05 4.0847823593169457e-05 3.072095746846959e-05 0.0 0.0 0.0 0.0 0.0 0.0 0.0 0.0 0.0 0.0 0.0 0.0 7.865967211901762e-06 0.0 0.0 0.0 0.0 8.709486307470387e-06 0.0 0.0 0.0 0.0 0.0 0.0 7.952303323791563e-06 0.0 2.8633055588198593e-05 1.1603043497660501e-05 8.963510314583843e-06 0.0 0.0 0.0 0.0 0.0 0.0 0.0 0.0 0.0 0.0 0.0 0.0 3.695076055586605e-05 2.6124890124721695e-05 0.0 0.0 0.0 0.0 0.0 0.0 0.0 0.0 0.0 0.0 0.0 0.0 0.0 0.0 0.0 0.0 0.0 1.0319325553928761e-05 7.16757717310436e-06 0.0 0.0 0.0 9.3433213761763e-06 0.0 0.0 0.0 0.0 0.0 0.0 0.0 0.0 0.0 0.0 0.0 0.0 0.0 0.0 0.0 0.0 4.2226772490232906e-05 1.6316142916887246e-05 0.0
0.02955812191333629 0.24829837674763708 0.002528078066107707 0.027989439624891095 0.25376650305778103 0.005895610205836006 0.0 0.00033963708807120127 0.15992980926576308 0.06692789912955766 0.0062814346848750775 0.013478841205701994 0.4792386529285692 0.2907591103973019 0.00067332861759587 7.311649166959613e-05 5.705182654613924e-05 1.4713015530682893e-05 0.0 0.0 5.4663114366565006e-06 0.0 1.8346472190504826e-05 0.0 1.6568131490004118e-05 0.0 0.0 1.938893664391969e-05 0.0 0.0 0.01496967236424234 0.0025844939125153838 0.0020309761010361897 0.0 0.0 1.4223171151182017e-05 0.001078070313125008 7.966921613000805e-05 8.609245819604224e-05 2.100173195737034e-05 8.06204564585048e-06 1.0584026239745666e-05 6.845995508093238e-06 2.381478063741018e-05 1.3220358468477833e-05 6.192560741826966e-06 0.00926705151413141 0.00024237141491230678 0.0 3.208162076014516e-05 3.120273952106278e-05 9.132076832838999e-06 0.0 0.0 0.0009868277740100522 0.001106475188518818 0.006357609227335859 0.010335774443209314 0.0028687807712457574 0.005372604675012926 3.9448327212768246e-05 0.0009688493741700489 0.0 0.0048085369724391565 0.0012005430744746709 0.0008740530226272568 0.00015295101547173492 0.00022795387748937508 3.9730629561263385e-05 3.893655311964448e-05 0.003500629468982416 9.268199772994886e-05 9.278958012506852e-06 0.017064468077587356 0.00498139753354833 0.007716933840251253 0.0009428644407533368 0.00013546422289277863 1.6830399696431202e-05 0.00028532524104482934 5.488793939930111e-06 0.0005330887214422062 0.0029123984967241623 1.3107613970929373e-05 0.0007749013874366775 0.0005945695288966009 8.907713551087326e-05 2.7629443179224926e-05 0.0 0.0 2.5702742240926967e-05 0.0 4.559704235989862e-05 1.2051042366613448e-05 0.0 0.002590705108262544 0.0010747915778441415 0.0 0.00013944736076048725 0.007307609737789163 6.912274218739693e-05 0.00033362768411311866 0.0012047085878432533 0.0002789839701529425 0.00021263163858120093 0.002622965595154604 0.00054694285862456 0.0011395995206689965 0.003964499406286658 0.0008551372841706862 0.00020041258760914937 0.002653739915011609 0.003704710972222745 0.0020336111652812464 0.0014099971300840213 1.4408144097402582e-05 0.0 0.0 0.0 0.0 0.0 0.0 0.0 0.0 0.0 0.0 0.0 0.0 0.0 0.0 0.0 0.0 0.0 0.0 0.0002909448586240914 3.5463578109238014e-05 0.0 0.0 0.0 0.0006303681349332901 0.0 0.0015823600780442192 0.0004509838808105416 3.3665726854271694e-05 0.0 0.0 0.0 0.0 0.0 0.0 0.0 5.080464772770122e-05 5.787006998813237e-05 0.0 0.0 0.0 0.0 0.0 1.7841411494584996e-05 1.3522222603102227e-05 6.502563026221235e-06 5.5249077031811904e-05 0.0 1.5740596673492483e-05 0.0 0.0 0.0009902015476131946 2.4611674820529506e-05 0.0 8.00552072671859e-06 0.0 0.0 0.0 0.0 0.0 0.0 0.0005826409066395317 1.5508952706325344e-05 0.0 0.0 0.0 0.00022688140613824718 0.0 0.00024914982048655424 7.052035068099283e-05 3.3307192302590665e-05 1.629968167104173e-05 2.6273599250148368e-05 2.6353623108760573e-05 7.398789769663615e-06 0.0 0.0 0.0 8.014641294870507e-05 0.0 0.0 0.0 0.0012901370847031004 0.0003024152315809456 0.00044210220283229663
0.004395657027750714 0.01646812841325351 0.19800682966374808 5.901426054519574e-06 0.001773097613107297 2.2845383295001274e-05 0.00033963708807120127 0.0 0.005572943837401741 6.306988199526141e-06 0.19961886762258893 0.00036163583584853445 0.0009400653537262738 0.026184743786873653 0.001849636705229388 0.0006409663974277292 0.0002819399761795316 0.0011044431962653983 7.582115412971369e-05 0.0012987900804166531 0.003549721122508912 3.499680437250939e-05 5.294715641361727e-05 0.000160457916347287 0.0016450617739546857 0.0004944558271023636 6.337411456969608e-05 0.00013368054538987606 6.256561282854489e-05 1.4776962380926912e-05 0.07363946685897872 0.19948258207928046 0.006561878789717827 0.0007639548608021678 0.0009481333729841048 0.004827785147525631 0.0013694856377518263 0.0030134383921988574 0.0003682695842096329 0.0003428841913859834 0.0017185170078473477 0.0007389511495081505 0.0027670121965480848 0.0016703013809316364 8.137091528633032e-05 0.0005333824781660589 0.005858889239271933 0.0001623523362143228 0.0002459772182570435 0.006694060185969081 0.0016125271203023181 0.0005220122395450638 2.849504260950755e-05 0.0002751283156200961 0.00027794996558414513 0.00028232166795549645 0.0031756372900928827 0.012952549207715373 0.0011152146950442338 0.002445632167581781 0.017290941698126398 0.020399608043018415 0.0009886636186667774 0.013567662803822414 0.00026159871463279585 0.001477803315855924 0.0012306037608236777 0.0070984982339893825 0.015081565296762457 0.005570336239988514 0.0016312044291578714 0.00010434646645536878 0.0 0.006846357499245266 0.0036982215060590187 0.0056482487474756775 0.016564213522911098 0.009821086087106181 0.13416175047608417 0.1966206648678063 0.017781924552267618 0.25327651011414043 0.0007674065828692279 1.0925174814052412e-05 0.00032633296788193175 0.00018500984326472473 0.002959901863652777 1.3358297673573233e-05 0.00011012121453677863 4.173038838886785e-05 0.0005785206103372817 0.00044018067424276023 0.026110655217421 0.0024082215080661307 0.001257056917833199 0.00023927702806368157 0.00020044515967626106 0.0 0.00037348398904383433 0.0014415804655357638 2.54188973070395e-05 0.0 0.00013054023806417672 0.0 3.505409469269613e-05 2.3405648670080883e-05 0.0 4.6720113175941316e-05 9.340323504146501e-05 6.181050626419356e-05 0.0 0.0001419614419441651 0.0002123842352419802 0.00014618212566669267 0.0001735496705321021 1.0109883340518463e-05 0.0 0.0 0.0 0.0 0.0 0.0 0.0 0.0 1.2071162577876424e-05 0.0 0.0 0.00014485142726276598 0.0 1.5138203501398263e-05 1.0562117531104876e-05 4.5020477118713976e-05 6.765320699962774e-05 2.9140139934832367e-05 1.5110960551938839e-05 2.0697323658329377e-05 0.0 0.0 0.0 7.320607484432768e-05 1.0712125891521561e-05 0.00030613112152452093 0.0001206178083070325 0.00014933022532843235 7.457321740450438e-05 0.0001284484943214491 7.726529992961414e-06 0.0 0.0 0.0 3.044958949394603e-05 0.0 7.6051078762248945e-06 0.0 0.0 0.00011069888228336486 9.159156609449718e-05 0.00022017767122607773 0.0 0.0 0.0 0.0 0.0 0.0 0.0 2.777568191383068e-05 0.00011511240147553244 8.155182761089041e-06 8.431467950689172e-06 0.0 2.955807350197573e-05 1.2613807334562256e-05 7.867353540719975e-06 2.615051312897669e-05 0.0 5.9305745144765825e-05 0.00011994023625475688 0.0 0.0 5.778133059890102e-05 0.00015900210817147465 0.00010183923135890371 0.0 6.820220755650526e-05 5.456062030027847e-06 0.0 2.092503815689501e-05 0.0 0.0 0.0 0.0 0.0 7.637033399741399e-06 2.961974054318759e-05 2.415389787625343e-05 3.624036693827683e-05 0.0 4.441929096461522e-05 0.00016402077884850708 0.00011522668394762352
0.0010841290844264943 0.07251982483166122 0.07352148550995495 5.424383135740126e-05 0.41313261853168126 0.00015978372251091209 0.15992980926576308 0.005572943837401741 0.0 0.0008220516657394571 0.07396757039674247 0.0011329746958390716 0.14792382816896812 0.31473839139675025 0.00047263390489978165 9.642731104258831e-05 8.368225023503617e-06 0.0 0.0 0.0 9.425530777559563e-06 0.0 5.494841325506669e-06 0.0 2.2440705920825838e-05 1.5365171042307965e-05 0.0 0.0 0.0 0.0 0.0032206943332992056 0.0011207053102698064 0.0008601674117846598 0.0 1.9428233379201314e-05 1.8087334238726402e-05 0.00026861837318504356 5.293200106287805e-05 0.0 8.626329120309705e-06 2.471902359926296e-05 8.527709192427936e-06 0.0 0.0 0.0 0.0 0.0026115651769851897 2.9978607076049034e-05 1.5506061703545905e-05 2.1157524372612454e-05 0.0 0.0 0.0 5.309411392846395e-06 0.0001626427613430887 0.0001080763411061691 0.0005330511168887748 0.0010933936714450324 0.00034516723928392477 0.0012702421119123847 4.309889063739761e-05 0.00025860106187451366 0.0 0.0008325348209320205 0.0001578411074809364 0.0001210186643114167 2.2719295510656686e-05 7.51853456173242e-05 1.2707685259657116e-05 6.8250950385929604e-06 0.0011468829623479655 4.0660202482255125e-05 0.0 0.002307998593685236 0.0010745253663365635 0.002261686069891232 0.0004448487948228905 0.00015870683652732803 0.0 0.0014212614779794308 4.682607869975638e-06 0.00014630840813135914 0.0003138578590057201 0.0 0.00011947066117066023 6.736238175156875e-05 3.808926234899838e-05 0.0 5.780226283203276e-06 0.0 0.0 2.0979161335635258e-05 5.7853234751142255e-05 1.2416812878467587e-05 0.0 0.001079356308828505 0.0003053900073521441 0.0 1.6516297854312126e-05 0.0003361360842176151 2.308832794253504e-05 1.7919147347098846e-05 3.800068177792433e-05 0.00017364452595733924 0.0001743850632611834 0.00015511416334566664 0.0002901269256459799 7.913226372346966e-05 0.0007690108542584815 0.0004933269317584812 2.32011749034108e-05 0.0008771574872564371 0.0016688264495127356 0.0007256816173519568 0.0009809885918652774 5.985747737394886e-06 0.0 0.0 0.0 0.0 0.0 0.0 0.0 0.0 0.0 0.0 0.0 0.0 0.0 0.0 0.0 0.0 0.0 0.0 1.4699938136221079e-05 8.355437497794707e-05 0.0 0.0 0.0 0.00041175241518071266 6.914435170312203e-05 0.0004911108195660408 0.00013706761002351764 0.0 0.0 0.0 0.0 0.0 0.0 0.0 0.0 7.3881535639744505e-06 0.0 0.0 0.0 0.0 0.0 0.0 0.0 0.0 0.0 5.748155261762022e-06 6.078068219914964e-06 3.899069781568347e-05 0.0 0.0 0.0004927498905751413 1.241441677355894e-05 0.0 0.0 0.0 0.0 0.0 0.0 0.0 0.0 0.00024944835968620816 5.2240407928896325e-05 0.0 1.1112598683061715e-05 0.0 0.0002098707785722821 0.0 0.000116546680057015 0.0 0.0 0.0 0.0 0.0 0.0 0.0 0.0 0.0 0.0 0.0 0.0 0.0 0.0008278226278009233 8.51679100766207e-05 0.00014472930532150407
0.07797901843299143 0.05500322707813052 0.00029895490771755947 0.12273045285585248 0.0012560557968200286 0.07016277049067324 0.06692789912955766 6.306988199526141e-06 0.0008220516657394571 0.0 0.00022129780646779358 0.18482763834274898 0.5837898128878243 0.05316417133702434 4.0471820581135674e-05 1.5604956233144806e-05 1.1269484382006e-05 0.0 0.0 0.0 0.0 2.0753937720556003e-05 0.0 0.0 0.0 0.0 0.0 0.0 0.0 0.0 0.0011874919541715583 8.872620066417724e-05 0.0030314252314308124 3.0872116492051735e-05 0.0 0.0 0.0014917175339471832 0.00023984806745762558 5.165657957475685e-05 0.0 0.0 0.0 0.0 0.0 0.0 0.0 0.0012422899712425147 6.485669743756215e-05 0.0 6.115005224769141e-06 0.0 0.00013308928588292508 0.0 0.0 0.00026549831927293266 0.0003050324359557396 0.004124814551770652 0.003974225800644451 0.0007535886167783571 0.0007427444177072274 0.0 0.0009175115057501896 0.0 0.000521422387371913 0.000244226309550841 0.0002040165087025638 3.463725389693829e-05 3.0878464095177244e-05 5.0545395016996235e-06 1.8278394018904537e-05 0.010626526497102766 0.0018147552848097382 0.00011999689181463106 0.004258189720583044 0.0007756798284868683 0.000897464410268299 5.790200934419806e-05 0.0 0.0 0.00024052057116141684 0.0 0.0005896454574864875 0.0006113137968954802 0.0 0.00013584551250018386 0.00012043455110922732 0.0 3.58858827619235e-05 2.3087755684852138e-05 0.0001347034311507127 8.056021826839193e-06 8.744690657460117e-06 6.97979980561591e-06 0.0 2.1880004564288614e-05 0.017274294070976234 0.005906773305106872 0.00044401265411152 0.0002632450707844665 0.06521361621890702 6.614005829659828e-05 0.002163158352856227 0.0007388888379726102 0.001921424817752471 0.00042770592808672717 0.002363074327870792 0.005168379532020288 0.0014797019136651298 0.014914750129855079 0.004578154411826232 0.001354615068973622 0.010339131527585711 0.019311282915250347 0.007695904171667698 0.004518476266792336 5.272316082151557e-05 2.016411884798662e-05 0.0 0.0 0.0 0.0 0.0 0.0 0.0 0.0 0.0 0.0 5.609660705432723e-06 0.0 0.0 0.0 0.0 0.0 0.0 0.00034924152237978946 8.196154771771836e-05 0.0 0.0 0.0 0.0008857342886782355 0.00013733954871877424 0.0015029578132070122 0.00017100889457776573 0.0 0.0 0.0 0.0 0.0 8.444657030177729e-06 0.0 0.0 0.0 4.3832434306837736e-05 0.0 0.0 0.0 0.0 1.2860724485294995e-05 0.0 0.0 0.0 5.869244270221522e-05 1.0556981044507906e-05 0.0005990252004769817 0.0 0.0 0.0009683775515528682 3.2244184464371124e-05 0.0 0.0 0.0 0.0 0.0 0.0 0.0 0.0 0.0012740123350845217 0.0003186357080753602 1.0747408113640032e-05 0.0 0.0 0.0005418906604098889 0.0 0.0007266603511527484 8.379550295068798e-05 0.0 0.00011840675216747717 0.0 0.0 0.0 0.0 1.549968592300538e-05 0.0 0.0 0.0 0.0 0.0 0.00589848499584317 0.0002059517284418925 0.000369204223942159
0.008615410441158282 0.06522066265829912 0.17722242706412042 8.444968518692682e-06 0.04867085389204782 0.00015031960250734585 0.0062814346848750775 0.19961886762258893 0.07396757039674247 0.00022129780646779358 0.0 0.013612447483622985 0.06530297781310711 0.27057939434904366 0.0025490692673966154 0.0009135468000104263 0.00018384728513161168 0.0002663549987582582 0.0 0.0001607033001343269 0.0009319358590336525 7.141037839313423e-05 9.287125364325008e-06 3.3924165493841385e-05 0.0019064633322393302 0.0012736495559895072 4.7757975489011024e-05 0.00039611766875979204 6.126858336164848e-05 1.25200011337965e-05 0.04895772232455556 0.04627713456943319 0.05670786109922108 0.00015957174894100113 0.00046027351396480206 0.004383944955075753 0.020080718764336165 0.012377602436263246 0.002933473432581081 0.0011389662245573924 0.0035595114642292653 0.0005518910140397525 0.00031965036244479904 7.040113716127602e-05 2.4096653664563975e-05 7.220229746939711e-05 0.007756103688022268 0.0001225285142076241 0.00020046693620720966 0.0005801743868831146 0.0008136365027780391 0.0011201606628673888 0.00016477275823210957 0.00010768572733598064 0.0002775737427882744 0.0002885351850093371 0.0031101689962271693 0.00813632518030473 0.0010652998516586206 0.0028918851121570812 0.0004923280700616773 0.006735630184925528 8.321324638398913e-05 0.005097210258545646 0.0003891450270422205 0.00047659947543002664 0.0004451270416728916 0.0013766226465281842 0.001815785901428619 0.0015779466141822482 0.012887176673001441 0.00021354102827598337 1.9132761931566447e-05 0.00741428840021435 0.0032034582141765603 0.006419920382737416 0.0028309295614327317 0.0008774530806354314 0.0026604141271652864 0.10083375731884006 0.0001573829099247018 0.015462499535220506 0.0007836858082492933 1.5689850686019655e-05 0.0003133522644758651 0.000279880709725338 0.0003294374622254773 8.163026328792965e-06 6.47178719246857e-05 6.083995313545285e-05 0.00022707272310137677 0.00045784930592707195 0.008043249123987526 0.0012065403647058847 0.0010983395670315413 0.003167134798149933 0.0007473798191853712 1.981295345880416e-05 0.0010197094094739497 0.0023985114074266426 4.806927137291231e-05 7.281391900106358e-06 0.00012497007799604695 0.0 8.541392862397316e-05 0.00020358506637035078 2.69602818291698e-05 0.00015100273421976015 0.000621179213495738 0.00037614105677610983 0.00015502691992101374 0.000605277367210192 0.0012091979042817824 0.0009440338828850943 0.001156687038252709 1.6901585580748143e-05 0.0 0.0 0.0 0.0 0.0 0.0 0.0 0.0 0.0 5.075182993175062e-05 0.0 6.227712835519781e-05 0.0 0.0 7.5275912952314425e-06 5.374759992639387e-05 4.2263984096804214e-05 0.00010831116860891505 0.00017847642340749069 6.60819098460455e-05 1.2679451489822815e-05 2.446580597853527e-05 0.0 0.0002905888702860934 7.688233299754116e-05 0.0011854346954862634 0.00030848888363145446 0.00013940891498313875 4.161984326663963e-05 0.0003051760705848823 2.140887818541678e-05 0.0 0.0 6.589844362305271e-06 1.3777792781824467e-05 1.1080652666879752e-05 6.77477683551156e-06 0.0 0.0 0.00016752327200655542 7.490855374657063e-05 0.0004399957750701353 0.0 0.0 0.0 1.2086919388346829e-05 7.568297925896554e-06 4.256102015944678e-05 0.0 0.00010863211346434709 0.001067029703126432 1.602754112303042e-05 6.183204815412267e-06 0.0 0.0 0.0 1.1194405403568735e-05 2.9105249122624138e-05 0.0 0.00010496080121594183 0.0006287001518471287 2.8808086005455737e-05 0.0 2.0600067517333815e-05 0.0002037132034212411 0.00010158132399168601 0.0 0.0003364103083573868 4.8762208313431424e-05 2.4214988048932655e-05 6.295469272272385e-06 0.0 0.0 0.0 0.0 2.9285982136361515e-05 1.2658230310108124e-05 9.693557422980253e-06 2.6932466622027475e-05 3.464383972729975e-05 5.712282133635079e-05 0.0005040496298161124 0.0003040141292809995 0.00042086969682140785
0.009634676754121177 0.005132113342274268 0.001498394481359383 0.04630867631450807 0.0011017554253971013 0.02474873305208468 0.013478841205701994 0.00036163583584853445 0.0011329746958390716 0.18482763834274898 0.013612447483622985 0.0 0.07662590543028736 0.04187188213388071 0.0009019648603719711 0.00048313060113336283 9.587019282860632e-05 7.866988361421519e-05 0.0 0.0 0.00011593288835207659 0.0 0.0 0.0 0.00033521445425375475 0.0001687880101558569 8.322376783075173e-06 6.035529135104622e-05 0.0 0.0 0.0003118792875449323 0.00030190726758664704 0.009297296069896604 0.0 1.9040453232329004e-05 0.0004784493867646383 0.01931796831486241 0.003251741568326976 0.0016647610848248779 0.0004498441494574819 0.000500675116427747 3.073639356872558e-05 1.673460826869923e-05 1.7523202409991567e-05 0.0 8.463034340243534e-06 0.0017376753743397703 6.740652448991449e-06 1.5328623910414123e-05 6.381368121912983e-05 0.0002144005306259757 0.0004452940133494576 0.0008079368434090831 1.4072147379191897e-05 4.549658116602548e-05 4.821933660047565e-05 0.0010555567511676299 0.0007212623914647761 0.00017031928410916704 0.00039335032333457254 9.432035303270817e-05 0.0011829551762075126 0.0 0.0011178551749884548 1.4427757627512123e-05 2.5818682057336912e-05 5.19485698308471e-05 0.00012891839472660985 0.0002700995287387605 0.00026551780216229985 0.0649457236718536 0.0019205366605083685 3.3563534542484024e-05 0.0009590147775140064 0.00033867348861616695 0.0010324956882041697 0.0007398977625927867 0.00023975767277334187 1.1459828455843027e-05 0.001424990897693058 0.0 0.0007067871287648334 5.022700918316323e-05 0.0 2.2449025430685018e-05 1.2193516598574624e-05 7.296822877195981e-06 0.0 3.461785861371588e-05 8.109857186093097e-05 2.4138410544333797e-05 6.965355960221387e-05 0.001475193443756831 8.748360791380254e-05 0.0002553379794038409 0.09504388367226789 0.008674985318527772 9.563464961951923e-05 0.004743606461445249 0.016658073752077018 0.00030009016142321673 0.0013057980197258429 0.0014339853411738331 0.0012849262558390212 0.0010231319597194142 0.0036819764532232367 0.005350331343961859 0.003981557096795796 0.013723801669603707 0.006305652398960832 0.0025670300901651393 0.02103189745601841 0.032422834846429466 0.01808979268283568 0.011284529249613309 5.443207032217914e-05 4.1226272917142256e-05 0.0 0.0 0.0 0.0 0.0 0.0 2.9788790176030907e-05 0.0 3.548175510349897e-05 0.0 1.6101603665260985e-05 2.3500962106391055e-05 0.0 4.798033627872584e-05 3.367928480173849e-05 3.201935840700175e-05 1.6590907038393777e-05 0.0008652446868740515 0.00033456912945984335 0.0 0.0 0.0 0.002260969415252029 0.00019071763002480172 0.005521647497880748 0.001100826825365402 0.00010193295968754071 0.0 6.427084338344218e-05 1.1675393877692082e-05 1.0993995332458907e-05 5.06847297726093e-05 1.0621820862649248e-05 0.0 5.964442947605129e-05 0.0001012687447546104 0.0 0.0 4.154899192508628e-05 7.779847451327531e-05 6.936790772754964e-05 4.160076869363163e-05 3.9430546239267265e-05 1.3823958658567507e-05 0.00012287548679745396 6.083925587251066e-05 0.00022826948912862169 1.141959110721689e-05 4.385862393329264e-05 0.0036242397177382716 0.00023021585277942634 0.0 9.173516076294226e-06 0.0 0.0 0.0 0.0 7.831501110185146e-06 0.0 0.0043010837163294955 0.00046935022730032396 3.122374399084026e-05 2.9190853134040464e-05 5.5127054992294114e-05 0.001380677743366014 6.049018432142134e-05 0.0015647564813706875 9.14714375772677e-05 5.433357181334022e-05 9.837458046920608e-05 0.0 2.910415174038888e-05 0.0 0.0 1.4495299403594054e-05 1.2455885731379083e-05 7.405560546330833e-06 0.0 9.583408321511998e-06 0.0 0.012418190271459024 0.0011004401856353624 0.0012753711140756083
