0.0 0.17760855395730332 0.033782838558252246 0.12928305427831924 0.003536541561246583 0.005286288232420459 0.04575991497078121 0.02858349842682521 0.0014467827812388366 0.09720016017913766 0.0257263359967112 0.003063461542892253 0.014863666663844168 0.01810736719267745 9.122595996083276e-05 5.2091340258019785e-05 0.0 0.0 0.0 0.0 0.0 0.0 0.0 0.0 4.870857223646045e-05 0.0 0.0 0.0 0.0 0.0 0.05303488046382676 9.563714810133849e-05 0.0023449446250294608 0.0 0.0 2.153372478480884e-05 0.00028138134479243574 0.0 0.0 0.0 0.0 0.0 0.0 0.0 0.0 0.0 0.0014754046110662562 5.206482684256415e-05 0.0 0.0 0.0 2.8414017728851098e-05 0.0 1.800254068140485e-05 0.0002801748007219535 0.0005470323470055483 0.01763485816868799 0.051566996104656856 0.008779788133321535 0.006291327105377087 2.6225542925595636e-05 0.00014854257126165868 1.837937287592175e-05 0.00030151674546367743 0.000385314486845599 0.00024153465516962182 4.543264431770465e-05 2.1242460573958476e-05 2.9647769822144527e-05 8.67050935037949e-06 0.00034305327425846317 0.0 1.0165520095965429e-05 0.017822990392801615 0.0012535401385149558 0.0020900601545460673 0.00013030046253724412 4.9173649765444464e-05 1.9727345660378974e-05 0.0028877335725570026 9.680590479208246e-06 8.589245590251379e-05 0.0008620196277062496 0.0 7.422688900355184e-05 0.0003695068320639108 3.596417410513567e-05 0.0 3.712795267377643e-05 2.7920687492523956e-05 5.970707632059209e-05 2.2374676110405773e-05 3.217030946907616e-05 1.1373474952815727e-05 0.0 0.0024286063016440043 0.0018193090240194193 0.0 4.325426751525875e-05 0.08111734531483868 4.300465385974942e-05 0.00010270634712741972 0.0011501846435256799 0.0030119119193298834 0.0002888020108260638 0.0022083107215308583 0.00021225836099139384 0.001057405635816928 0.004996900591784752 0.001104953412536744 4.3315275859261054e-05 0.003216200223012771 0.0015291844179225293 0.0012435693445340885 0.00017975068128445567 0.0 0.0 0.0 0.0 0.0 0.0 0.0 0.0 0.0 3.515249921608989e-05 0.0 0.0 6.507634433722257e-05 0.0 0.0 0.0 0.0 0.0 0.0 0.0 1.755494790492119e-05 0.0 0.0 9.655876139946653e-06 7.83227420456574e-06 0.0 6.976478743818801e-05 0.0 0.0 0.0 0.0 0.0 0.0 0.0 0.0 0.0 0.0 0.0 0.0 0.0 0.0 0.0 0.0 0.0 0.0 0.0 1.1942379948619579e-05 0.0 0.0 0.0 0.0 0.0002206979044592434 0.0 0.0 0.0 0.0 0.0 0.0 0.0 0.0 0.0 0.00018056069700491138 0.0 0.0 0.0 1.1833963265855662e-05 2.5495819994169674e-05 0.0 0.00014230480429710559 7.53585560035782e-05 0.00021243788525163578 0.0 0.0 0.0 0.0 0.0 0.0 0.0 0.0 0.0 0.0 0.0 0.00033089507234686265 0.0 4.6727793661159506e-05
0.17760855395730332 0.0 0.15070090246562512 0.02134469216404625 0.29469988136133457 0.003706202064220654 0.3897868881628516 0.07427239052185601 0.0683997579975433 0.10254283099106601 0.17117758116791426 0.010089448382214008 0.22727556964660797 0.10393865848302389 0.0009806646546273265 0.00010021615479649691 3.732070159242715e-05 3.444447983694099e-05 7.507190566199422e-06 0.0 0.0 0.0 0.0 2.6991670185379553e-05 1.0628352939955043e-05 5.601186072100562e-05 0.0 4.456687141089416e-05 0.0 0.0 0.14680902360381481 0.00033849318436566367 0.0037405474266079984 0.0 0.0 2.0878523915997868e-05 0.0011093087072812893 5.0375923264173275e-05 6.932050991721917e-05 0.0 6.381101626874147e-05 1.647185103146931e-05 8.875631771487043e-06 0.00010263148115095882 0.0 2.640678428973495e-05 0.009611963347062068 0.00038293275957958505 1.961491295141419e-05 3.146343585308064e-05 1.9172556540584704e-05 0.0 0.0 1.0109444265420082e-05 0.0006718808906468553 0.0009984625117167606 0.009192905610233724 0.059576932028839215 0.01276254321936466 0.02180971499778577 0.00013172483042047728 0.0003446658973760268 5.732376384595497e-05 0.005614098665057871 0.0009562765620245741 0.0007108260471025456 0.00014633453897783136 4.595948396601996e-05 7.637301617877853e-05 4.8505302512522916e-05 0.0018947253526184497 7.592176854726555e-05 0.0 0.046770168813698096 0.01119287871065074 0.015448104395987872 0.0010467664705461495 0.0001705306117839393 2.0044800944496046e-05 0.007695560046490755 2.684223715399048e-05 0.00026738276004530527 0.002980285080024006 0.0 0.00022871810046195566 0.0010010382760375152 4.429340196807195e-05 0.0 1.9034398706144473e-05 0.0 7.322976011392062e-06 2.4054929454338524e-05 6.391205791014266e-05 1.1501115063634441e-05 1.0541764308745736e-05 0.0031728247985941217 0.0004869636600679536 0.0 0.00019990460461306606 0.11883555226229138 0.0001441049153143435 0.00019868913172558375 0.003300239645843754 0.0008322220858695349 0.0007579619734325332 0.005427329596477238 0.00043140936254329834 0.00467685584411207 0.013087504723323354 0.0026872011328791996 0.0007069610403743569 0.013971607668630209 0.005998414280640286 0.005111550147212419 0.0015898092234103234 3.8958740436271495e-05 0.0 0.0 0.0 0.0 0.0 0.0 0.0 0.0 0.0 0.0 0.0 6.79953963095213e-05 0.0 0.0 0.0 0.0 1.2186703001165702e-05 0.0 0.00019152735885797457 0.0 0.0 7.716362665292758e-05 7.409682362215294e-06 0.0006184259048710662 0.00035227400693334905 0.000964400222473936 2.937674105822892e-05 7.485080973704261e-05 0.0 0.0 0.0 0.0 0.0 0.0 0.0 0.00016975207404171518 0.0001744345300833628 0.0 0.0 0.0 5.0240670207431734e-05 0.0 8.113325776657908e-06 0.00011891950098678235 9.034859999254643e-05 0.00033467015176767104 0.0001991164644018104 7.871037855866742e-05 3.729579002658725e-05 0.0002109425527801939 0.0030445934456369405 0.00019056370486568037 0.00012812164937099372 0.0 0.0 0.0 0.0 0.0 0.0 1.0537743351880414e-05 0.0015180320734093165 1.9892605508344493e-05 0.0 0.0 0.0 0.00038274972653524835 0.0010118047350399328 0.0007070769245484422 0.0003359941189958825 0.00034059157284761007 6.719220401234208e-05 4.477912110747544e-05 0.0 0.0 0.0 0.0 0.0 0.0 0.0 0.0 0.0 0.0018886510507399997 0.0001151516647120624 0.00037414296512931056
0.033782838558252246 0.15070090246562512 0.0 0.0005063909156281028 0.05876525947261406 2.0641526598169893e-05 0.020997097863076453 0.3741638941752799 0.0296322218722395 0.0012858244196766405 0.17142555231123444 0.0006239273627691439 0.03680008584543161 0.11097729265356752 0.0005763990560106048 0.0001947651770548031 1.9864183309410635e-05 2.1454251718745184e-05 0.0 3.5744310846298505e-05 8.294309390312696e-05 1.1009998695648853e-05 3.752407362765219e-05 4.508803339908633e-05 0.00045109191311707835 0.00026730800809045995 7.269687238931478e-05 0.0003428639724906015 2.713436299845483e-05 0.0 0.39745765187682874 0.007191910363968279 0.005771825363125148 1.2268840475035743e-05 7.560704300225892e-05 0.0005643593915869009 0.0024064033285273443 0.0005807817603188712 0.00010357617242408144 0.00010801493838723269 0.0008883301752870976 0.00021779190580476353 7.283702221219596e-05 6.087020835585582e-05 0.0 3.070702261861162e-05 0.002607263071875186 0.0001678943136956368 6.487686321258779e-05 0.0001215517639425592 0.00010217915986726016 3.7718405905926926e-05 0.0 0.00017374269622662963 0.0002132910516820938 0.0002800148998899204 0.004650518559386866 0.08142357033391943 0.006431873391893321 0.006128440402856098 0.0023595446768804747 0.002845500921460072 0.0007467946532586958 0.010125042723202825 0.00026163452855444604 0.00018405132084615256 5.893030437257687e-05 0.00019705858132838466 0.0012751975527156864 0.0008120058081255248 0.0031988962292877577 0.0 0.0 0.021093931144766598 0.009644358976186537 0.0047674606790261585 0.0007657461206539925 0.00032202151761777847 0.002180908404037777 0.06372692514789365 0.0003599414040327778 0.006908987294082518 0.0007873836827669501 0.0 9.259779407960037e-05 0.0002594647637738087 0.0001634191403224624 0.0 1.9425164958419077e-05 1.3378773722465242e-05 0.00010535892873509407 5.532069373664038e-05 0.0014933274259850441 0.00025834747274234204 6.147077869514064e-05 0.0027581359965772067 0.0010657229376352063 1.0395803081467996e-05 0.0001674701785553111 0.025332197740055542 5.7529523555443686e-05 8.971257694314407e-06 0.00028232938583572443 5.077459706957206e-05 0.0003992303085408063 0.001286475790035501 1.067360288035026e-05 0.0013528121453359194 0.0007297533018536894 0.0002719433627272084 0.0003798333722527411 0.0025837083965427397 0.001219472100733706 0.0013500800610781953 0.0008862546755658972 0.0 0.0 0.0 3.194029951911793e-05 0.0 0.0 0.0 0.0 7.533154459101233e-05 0.0 0.0 0.0 1.6566835967917164e-05 7.280781850294555e-06 0.0 0.0 0.0 0.0 9.416910870666976e-06 0.0001458652149140831 0.00023122883979617373 0.0 6.806104933944283e-06 1.552400721475896e-05 0.00044236746846086124 0.00019203543794436105 0.0009958185476778927 0.00017643525011473016 4.1800142455689836e-05 1.1683732083157482e-05 0.0 0.0 0.0 1.0282311512310903e-05 6.145310842639005e-06 0.0 0.0001497553378306867 2.0714919538624046e-05 0.0 6.097420531426639e-06 2.9485978696625068e-05 7.283820372266666e-06 8.269610952443971e-05 0.0 0.0 1.3992664868115827e-05 6.146181289815721e-05 5.2189371112436434e-05 0.0001755032540699202 0.0 9.873996162364758e-05 0.00232107407962152 0.0001876188408649451 2.2167036585092533e-05 8.558610385842256e-06 0.0 0.0 0.0 0.0 0.0 1.3781202228848622e-05 0.001091761441967927 0.0 0.0 0.0 3.5065761432280736e-05 0.0005002619986284528 0.000386638362856518 0.000804632697117926 0.0002670223549757626 0.00028184995760783594 3.634803249650491e-05 7.33578877441876e-05 0.0 2.322697227858703e-05 0.0 0.0 0.0 0.0 1.2953126717150137e-05 0.0 0.0 0.0006818277413211155 0.00010164769094135206 0.00036353553546398214
0.12928305427831924 0.02134469216404625 0.0005063909156281028 0.0 0.0023708428870893414 0.02634285402411364 0.08325635226359286 0.0001091509326616538 0.0035708881741736997 0.12381518071305989 0.0003566402588469857 0.015455156370354002 0.08593007420175551 0.01039155005486764 0.0 9.901465756925361e-06 0.0 0.0 0.0 0.0 0.0 0.0 0.0 0.0 0.0 0.0 0.0 0.0 0.0 0.0 0.0034746063022491904 0.0 5.666388870723802e-05 0.0 0.0 0.0 3.6586745685564184e-05 0.0 0.0 8.86599232247207e-06 0.0 0.0 8.677465285263314e-06 0.0 0.0 8.83347397403991e-06 0.0003980747013158382 4.3679340714497576e-05 0.0 0.0 0.0 0.0 1.552637763169704e-05 0.0 0.00010353041154358184 0.00012040589354722914 0.0035198854901133084 0.011019786650730296 0.002062318395936052 0.0021649282912543475 0.0 2.706722029153399e-05 0.0 0.00012398082435470179 0.00015753459260033786 7.409310651748483e-05 0.0 8.907827161397215e-06 0.0 0.0 0.00014508107162270354 0.0 0.0 0.004408832720799972 0.0006034323243630156 0.0005921375193942899 2.019744938544465e-05 9.807208093485034e-06 0.0 0.0 0.0 0.0 0.00023390903867180914 0.0 2.673024019249714e-05 6.596535176762426e-05 0.0 0.0 0.0 0.0 0.0 0.0 0.0 0.0 0.0 0.0021255869984364555 0.00025365511284479794 0.0 0.0 0.06030771535635946 0.0003004112627572542 0.0015229349671322108 0.0062833938178824406 0.010736825017501478 0.00014752860538557022 0.013132878120160606 0.0034878321957894777 0.0020304705574695128 0.016881255768584083 0.0023348703098993034 0.00011964851451885946 0.007340567954072411 0.007884573514087258 0.0033722054603242415 0.00021255970841106033 0.0 0.0 0.0 0.0 0.0 0.0 0.0 0.0 0.0 0.0 0.0 0.0 0.0 0.0 0.0 0.0 0.0 0.0 0.0 0.0002101336520062387 0.0 0.0 0.0 0.0 9.102212752481402e-05 0.0 2.3465016129946154e-05 0.0 0.0 0.0 0.0 0.0 0.0 0.0 0.0 0.0 0.00011035949214123322 7.336140145894683e-05 0.0 0.0 0.0 0.0 0.0 3.0460740859609642e-05 1.3448781761769124e-05 6.78956255468841e-06 0.00019378604015977833 0.0001647114964445019 8.23245753288827e-05 0.0 0.0 6.414265522550441e-05 0.0001933987038009672 2.0049229297512195e-05 3.649315551082482e-05 0.0 0.0 0.0 7.678378305509308e-06 0.0 6.313979012410963e-06 0.0001239533346676835 0.0 0.0 0.0 0.0 0.00019836071126004564 0.0 0.0 0.00025714290648464036 0.00018658667035934546 0.00010550652571030568 0.0 0.0 2.5891280855341157e-05 0.0 0.0 1.7244542854645706e-05 6.037840847450977e-06 0.0 0.0 0.0 0.00030697250103289586 1.2107152893469886e-05 0.0
0.003536541561246583 0.29469988136133457 0.05876525947261406 0.0023708428870893414 0.0 0.00041614259857096405 0.26359263114381315 0.00881791505648812 0.266204885384946 0.04786820729937915 0.12120325813245543 0.002565911373968265 0.1594073435241496 0.08663603799490432 0.0006015985067072112 7.35672899820445e-05 7.398120570394842e-06 0.0 0.0 0.0 0.0 0.0 0.0 0.0 0.0 0.0 0.0 7.326272160582092e-06 0.0 0.0 0.002118815746520564 0.00032842023811122627 0.0006301857429927958 0.0 0.0 0.0 0.0006927902466240408 0.0 4.327710758569333e-05 0.0 7.498365169886429e-05 0.0 7.474461431861692e-06 8.438872281150205e-06 6.91448525305783e-06 8.815144845251139e-06 0.003930447818429168 0.00014398633591579903 0.0 0.0 0.0 0.0 0.0 1.0082403268867461e-05 0.00039015406528985754 0.0001482720824055012 0.0005589677137003098 0.00544881913757784 0.0016171146853961277 0.005680533972014294 6.823376373573547e-05 8.859638791518372e-05 0.0 0.0023121680613976464 0.00015775176125104888 0.00011619477451309471 2.74624672851346e-05 1.2433743466161118e-05 8.219020116308076e-06 2.5221379826782342e-05 0.0012562571016574546 0.0 0.0 0.008008801332681975 0.0037410358471351916 0.007230640897845118 0.0006943244043800894 0.00012008665336257836 1.3176775493624763e-05 0.00046678313210659505 3.081380416977473e-05 5.940002966914541e-05 0.0006548291552625008 0.0 6.49760644834801e-05 0.00010252033842708279 0.0 0.0 2.8133706989093706e-05 0.0 0.0 0.0 0.0 0.0 1.617722164212651e-05 0.0030131871531032597 0.0005075692519835551 0.0 0.0 0.0006855179781822656 0.00010787413833297614 0.0001409468623254478 0.0019513830601214565 0.0005842410300648252 0.001184953106230147 0.0051869451660959956 0.00022408248388365787 0.004487920786407107 0.0034095645280331484 0.0027577650787147068 0.0007541283842819364 0.013889500256405032 0.005976821049515135 0.005838716662861292 0.0015902579847542836 0.0 2.8611390994430173e-05 0.0 0.0 0.0 0.0 0.0 0.0 0.0 0.0 0.0 0.0 0.0 0.0 0.0 1.6675778382778895e-05 0.0 0.0 0.0 0.0003456036092936095 0.00013885854349299028 0.0 0.0 0.0 0.0008886606228720609 0.00023199451774915888 0.0010905210723065979 0.000289180827613025 3.269531244488094e-05 0.0 0.0 0.0 0.0 0.00011487209603730596 0.0 0.0 0.0002290711699354513 0.0 0.0 0.0 0.0 0.0 0.0 0.0 0.0 2.0050571670910828e-05 0.00025933622504939257 0.00035143119428191925 0.0 0.0 0.00033885622302635987 0.0031262078733886277 0.0005774568277587354 1.372863025173359e-05 4.460834754398001e-05 0.0 0.0 0.0 0.0 0.0 0.0 0.0015297267004119267 0.0 6.052216569477488e-05 0.0 0.0 0.0005483208116006645 0.000593497876775199 0.0006816810737761541 0.00038626261417551563 0.00030348775454368834 0.0001386417236867897 0.0 0.0 0.0 0.0 0.0 0.0 0.0 0.0 0.0 0.0 0.0024771453397627475 0.0001927862123476896 0.0005205512810230907
0.005286288232420459 0.003706202064220654 2.0641526598169893e-05 0.02634285402411364 0.00041614259857096405 0.0 0.00554926569338762 3.13527356563397e-05 0.00020279822914875598 0.032465076212555094 6.0027871513546246e-05 0.003043294861469358 0.005701398041687435 0.0013108576706173693 0.0 2.2260591012514577e-05 0.0 0.0 0.0 1.9624279981217867e-05 0.0 0.00015748190475260804 0.0 0.0 1.1855293320300045e-05 0.0 1.0745108608983192e-05 0.0 1.681502527773124e-05 0.0 0.0013061842641940004 0.0 0.0010241489998891798 0.0 0.0 5.786195141851988e-05 0.0009692957510167962 3.7027014576328856e-05 0.00025631033112529113 0.0 0.0 0.0 0.0 2.474399474297864e-05 0.0 0.0 8.941774786189068e-06 0.0 0.0 0.0 0.0 0.0012251950872225414 9.859642689961608e-05 0.0 1.9707337640342337e-05 7.013949451632362e-05 0.006804737498594545 0.005977936342394831 0.0011544573810735432 0.00024509155453717233 0.00017241205472774148 0.0005105052222982746 0.0 1.261365170189766e-05 2.5687236400750697e-05 0.0 8.92141545630981e-06 1.4456803105520634e-05 1.069046205479755e-05 0.0 0.0025946204728585897 0.0075485799146601425 0.00100932171651763 0.0010062812333737313 2.322702898122829e-05 6.179665925214994e-05 0.0 0.0 0.0 0.0001235871440797326 0.0 7.867224356708478e-05 0.0 0.00010126413455318082 0.0 1.69401519823426e-05 0.0 0.00035845805061063626 0.00021725983040712718 0.0010765996111639173 9.160253206279947e-05 0.00019043059726431098 3.36333614966459e-05 0.0 7.62843646808267e-05 0.003651625366456378 0.005768466428702912 0.0006604563383245883 0.0009128711462230285 0.022697262293880593 0.0 9.527614642139638e-05 0.0001351070893509314 0.0012367874522442974 0.0 0.00016513180600554142 9.244775087848467e-05 0.00010972330514723763 0.0009565324585792689 5.254377864499932e-05 0.0 0.00046105593606297885 0.0002229595657313788 2.672026792363127e-05 1.7941132337248395e-05 0.0 0.0 0.0 0.0 0.0 0.0 0.0 0.0 0.0 0.0 0.0 0.0 0.0 0.0 0.0 0.0 1.9566448217792494e-05 0.0 0.0 0.0 0.0 0.0 0.0 0.0 1.9157921712140934e-05 2.5914790879808935e-05 6.89223908115719e-05 1.1111284404940703e-05 3.188080920343557e-05 0.0 0.0 0.0 0.0 0.0 0.0 0.0 0.0 0.0 0.0 0.0 0.0 2.6872982928550062e-05 0.0 0.0 0.0 1.0866592785226366e-05 0.0 0.0 0.0 0.0 0.0 1.0738750517164881e-05 0.0 0.0 0.0 0.0 0.0 0.0 0.0 0.0 0.0 1.9066037547303967e-05 1.2207732285078157e-05 0.0 1.1920771311633333e-05 1.0369896137740672e-05 1.1506278701987864e-05 0.0 1.0125301282316319e-05 0.0 0.0 0.0 0.0 0.0 0.0 0.0 0.0 0.0 8.231797316917372e-06 8.20528390146174e-06 0.0 0.0 0.0 0.0 6.607003285572836e-05
0.04575991497078121 0.3897868881628516 0.020997097863076453 0.08325635226359286 0.26359263114381315 0.00554926569338762 0.0 0.0006827506624779908 0.08113728784517366 0.14030984702728083 0.04265413142267439 0.01153620519549214 0.5704532701434649 0.06217073587950331 0.0004927072382442309 4.620850347646212e-05 1.100157465542273e-05 0.0 0.0 0.0 0.0 2.1000599771975966e-05 0.0 0.0 0.0 0.0 0.0 0.0 0.0 0.0 0.004127152830437948 9.35255762552981e-05 0.0004140147012949039 0.0 0.0 0.0 0.00023908783881843368 1.0259116434035364e-05 0.0 0.0 0.0 0.0 0.0 2.330244164511096e-05 0.0 0.0 0.0038237844589911114 9.829808595260274e-05 1.449841544821212e-05 0.0 0.0 0.0 0.0 0.0 0.00022995893607107576 0.0003514770882903593 0.0017471524877397072 0.009404494613185977 0.0032832156374346454 0.006661273781678286 1.3785314403006418e-05 3.374294551422019e-05 0.0 0.0019732808442145047 0.000277064302759087 0.0001702948908918729 4.115750430358424e-05 0.0 0.0 0.0 0.0009178709706458319 0.0 0.0 0.012917992607463484 0.0030080122272262326 0.005692551380651302 0.0004512849122669503 5.9680972766619505e-05 6.85820356727137e-06 0.00023059889194171636 0.0 6.9429571900694e-05 0.000901439414236978 8.430167809383037e-06 0.00010850383410721312 0.0002786439816420758 1.3479602112628627e-05 0.0 2.6843108032600335e-05 0.0 0.0 0.0 0.0 6.4158631811013755e-06 0.0 0.0031710523553841554 0.00013068364604391575 0.0 0.0001837067678628416 0.007348281064594693 0.00016667257701529398 0.00031142865375159137 0.003646507824268645 0.0010799618744009958 0.0010493212968002835 0.0070243153058579125 0.000404454810399957 0.004115781733298067 0.008033021129996454 0.003722019955061756 0.00041413243015382944 0.030973074825909993 0.008476737527174344 0.0063184369290748684 0.000984733290401625 0.0 0.0 0.0 0.0 0.0 0.0 0.0 0.0 2.4709884406259666e-05 0.0 0.0 0.0 0.0 0.0 0.0 0.0 1.5213737757756063e-05 0.0 0.0 0.00013890784767223586 0.00014860131088367728 0.0 0.0001305475214922313 0.0 0.0008948013420334236 0.00016881601328039284 0.0007857532901510137 0.0 4.138841163447378e-05 0.0 0.0 0.0 0.0 0.0 0.0 0.0 6.35470383550005e-05 3.373411962484076e-05 0.0 0.0 0.0 0.0 0.0 4.8419905253113225e-05 1.2613421193334255e-05 1.7602089987802087e-05 0.00017286322100329088 0.000168147383130598 0.0 9.434570045422532e-05 0.000153354164487121 0.0020216081133764513 0.00037088862612488316 3.1700587870505955e-05 3.5073243715595436e-05 0.0 0.0 0.0 0.0 0.0 0.0 0.0014182886870538582 0.0 0.0 0.0 0.0 0.0005649243372591452 0.00024190532958056398 0.0006838095294499641 0.00033022278549303934 0.00040311298738674475 0.00024472909646221594 3.081063005453003e-05 0.0 0.0 0.0 1.5455012427001157e-05 1.1809132439646249e-05 0.0 0.0 0.0 0.0 0.0021479498834791433 3.895899066749274e-05 0.0005569563206293905
0.02858349842682521 0.07427239052185601 0.3741638941752799 0.0001091509326616538 0.00881791505648812 3.13527356563397e-05 0.0006827506624779908 0.0 0.006928281532025924 0.00022964305613425298 0.07149763500824283 0.0005464777581939977 0.009188109743978877 0.05158396069516941 0.004884904186840169 0.0019804436663891437 0.0003579980079063966 0.0002056832398136382 4.192143125435386e-05 0.00024521643101056245 0.0001862562609870317 2.865546620401832e-05 3.2126292811128436e-05 3.967439063500189e-05 0.0015391128938593548 0.0006053041580581226 9.863073507924644e-05 0.0008656265850283749 5.429288502008671e-05 1.5367203456338556e-05 0.10657106087799167 0.22193445949537344 0.007008532449236782 0.0002519133469964221 0.0001253217296479918 0.001803822879377032 0.004723380919051045 0.002500898498992942 0.0006899392895932363 0.0004474048281831828 0.0012291287793392937 0.001077916531239952 0.0003032357458179187 0.004130346060636085 2.0465171522508248e-05 0.0017947762700358076 0.012051280889813568 0.0005368449064080697 0.0001243522802759605 0.0008160039649820638 0.00023077806242678337 0.00020867288349264596 8.787941136771418e-06 0.0008701003260435238 0.0002994828050805258 0.00035389134869679876 0.0029647770284394327 0.03978128366663938 0.004685439596264148 0.013601905686414048 0.011704006850292286 0.00970748743071306 0.0016450178061638546 0.04857665575604316 0.0003661004763599185 0.000421278169733288 0.00014883005118753766 0.0006995305573877934 0.003936950230796163 0.002095561511981857 0.0022829423515224236 5.715399921967422e-05 0.0 0.027278252690573764 0.028762960186888935 0.02516338237639019 0.03132509986510488 0.030634491496055048 0.07284736680909437 0.09316387306753561 0.02222951762488576 0.03836603295610288 0.0014905399136628172 0.0 0.00024070600708451313 0.00036718050451107847 0.0009581142826094635 0.0 5.3126868546115176e-05 8.310155436480515e-05 0.00017842399541112878 5.241081095123397e-05 0.0029867369000756653 0.0006643200680106824 0.00038746140662513723 0.0015885618213888116 0.0003601680081262618 0.0 0.0004799311143687855 0.010512903478518057 3.785436651301816e-05 1.4573686971824694e-05 0.0002671851057318521 2.4296487636789935e-05 9.97132501342923e-05 0.00030478036397861444 3.08090584052341e-05 0.0009509397390127427 0.0003797219182806712 9.486830527810453e-05 4.999496410350521e-05 0.0011671049230812583 0.0005736368897690232 0.0006732976542128284 0.0002276029259182075 1.1385603154715768e-05 0.0 0.0 0.0 0.0 0.0 0.0 3.791127870752215e-05 0.0 0.0 0.00018036074746715307 1.1852051408419052e-05 4.324380402894627e-05 0.0 2.24435870768678e-05 9.881448491892863e-05 2.593392802123572e-05 8.920575394352816e-06 0.0 5.83034874900502e-05 0.0 0.0 0.00013491050807333082 0.00012403512822770763 0.0003655783646024851 0.00015361335102767506 0.00025572189206957163 0.00014126520512916722 6.01045538235268e-05 6.32155312935118e-05 1.9895934323186556e-05 0.0 0.0 2.7090187326578355e-05 6.7991138680762e-06 0.0 0.00011467152523582598 0.0 0.0 7.714404821703182e-06 6.899320747984684e-05 3.324903592481928e-05 0.00015205295658971362 1.1524737877051696e-05 1.9257441010890782e-05 0.0 0.0001414851441969704 6.528845412619985e-05 0.0 1.6167481114490152e-05 0.00011504573493318445 0.0011046031621706521 0.00017138916927964895 0.0 0.0 3.054390576068607e-05 0.0 3.196621509150805e-05 0.0 0.0 6.004548631232168e-05 0.0005854164049399375 3.159021248128618e-05 1.5385147376966553e-05 0.0 6.952563172199365e-05 0.0002311515140344814 4.151821938865475e-05 0.00011626943833231289 0.00015322821682687735 0.00013827782215981328 7.321120540723292e-05 2.314118611301822e-05 7.962366704619147e-06 0.0 0.0 0.0 0.0 0.0 1.2943455218816192e-05 6.9198530209198e-05 0.0 0.00019311364914566836 0.00010356393944556173 0.0002554648140044063
0.0014467827812388366 0.0683997579975433 0.0296322218722395 0.0035708881741736997 0.266204885384946 0.00020279822914875598 0.08113728784517366 0.006928281532025924 0.0 0.019057146345110455 0.11446641520424561 0.0017958136029470949 0.1621979891862588 0.09405320974367283 0.0004608070564601407 5.037328597502142e-05 1.2028540844687172e-05 0.0 0.0 0.0 0.0 0.0 4.93293207037057e-05 0.0 0.0 0.0 0.0 0.0 0.0 0.0 0.0004155870032875309 0.00042624048166089675 0.0002486568625366225 0.0 0.0 0.0 0.0002835085037014933 0.0 0.0 0.0 0.0 1.913720367642238e-05 0.0 3.168231975868986e-05 1.0936386340626328e-05 0.0 0.0023702417312336517 4.2648551411279175e-05 0.0 0.0 0.0 0.0 0.0 0.0 4.8816463803459616e-05 7.687498678823487e-05 0.00033759911684086213 0.001451577933163664 0.0007101830120319511 0.0023425785735784244 1.1477664823473214e-05 9.38467091987676e-05 0.0 0.001057924162364967 4.0441631608620204e-05 6.2013300938097e-05 0.0 0.0 2.5909124313680825e-05 0.0 0.000616146808153075 7.735576725085083e-05 0.0 0.0030692173090547366 0.0016443577208555648 0.00402631076199502 0.000518063766967468 0.00012310712848644068 0.0 0.0003288742888254835 5.70082869909516e-06 8.868117315586756e-05 0.00022899902013877356 0.0 2.6519478323916006e-05 4.7861837241454525e-05 0.0 0.0 0.0 0.0 0.0 0.0 0.0 0.0 0.0 0.0026375723236163277 0.0001578893452794128 0.0 7.21870872930259e-05 0.00037427778921824426 7.163120171672283e-05 9.742496882108234e-05 0.0018201545972266128 0.0008802532821901182 0.0008342469556790831 0.0048754951483916415 0.0003518808160268273 0.0033726730937864136 0.0037102507067669093 0.0016461831230998062 0.00024659830642749834 0.010639717339403592 0.0049001348152053585 0.004462885259348398 0.0009543206192061477 0.0 3.637538782291671e-05 0.0 0.0 0.0 0.0 0.0 0.0 0.0 0.0 1.411582423760853e-05 0.0 0.0 0.0 0.0 0.0 1.4317054515459708e-05 0.0 0.0 0.00014877435378548947 3.843462004940467e-05 0.0 0.0 0.0 0.00041804548435816005 6.716083820672693e-05 0.0007860088199875393 1.8563486352107718e-05 8.354654436678818e-05 0.0 0.0 0.0 1.5490811516296916e-05 0.0 0.0 0.0 0.0001400237944813047 4.9177819874909636e-05 1.2976452458033812e-05 0.0 0.0 0.0 0.0 1.0465352568977306e-05 4.859554661509461e-05 0.0 0.00017305006606758647 0.00019766818156329095 0.0 0.0 6.575018866468149e-05 0.0023080523648964305 0.0004320045436663308 2.636261847918739e-05 8.850381468998877e-05 0.0 0.0 0.0 0.0 0.0 0.0 0.0012824962895806042 2.5085827848508055e-05 0.0 0.0 0.0 0.0006424809033547071 0.00039862946023531265 0.0009209866895660261 0.0003236118282460045 0.00016083042006451222 8.347778994892263e-05 1.9092984861231894e-05 0.0 2.670780197121587e-05 0.0 0.0 0.0 0.0 0.0 0.0 0.0 0.0019548237400297385 0.00014538021873335575 0.0002646796668619262
0.09720016017913766 0.10254283099106601 0.0012858244196766405 0.12381518071305989 0.04786820729937915 0.032465076212555094 0.14030984702728083 0.00022964305613425298 0.019057146345110455 0.0 0.0025640500222494627 0.11669182348552362 0.48575115250118245 0.03573138531835933 0.000426998093046829 0.00015833435253872138 1.669507207280221e-05 0.0 0.0 0.0 0.0 0.0 0.0 0.0 0.0 0.0 0.0 2.973034119448685e-05 0.0 0.0 0.0013125765563336614 0.0 0.0038111876159243503 0.0 0.0 1.2388982277880277e-05 0.002304171400689057 2.4827586762863718e-05 0.0 0.0 4.8676885321322484e-05 0.0 0.0 4.3430109801816784e-05 0.0 0.0 0.0010779276930316182 2.699848004932881e-05 0.0 4.191298071180628e-05 1.2642709340213505e-05 0.0 0.0 0.0 6.918161864644084e-05 6.434262386958746e-05 0.004373412933961625 0.005224321417170537 0.0014446090928819566 0.0021232993112683127 3.583732413329631e-05 2.979731440981696e-05 2.154049397077632e-05 0.0002798012843992844 9.416722827451219e-05 6.480739199937674e-05 7.738390038958084e-06 0.0 8.090515536743297e-05 1.6443735150064896e-05 0.007883882099953336 0.00012581291751061208 0.0 0.00438431080256784 0.0006925270385102883 0.0013690360862564498 5.951602293418178e-05 0.00014988502786525372 7.333365537737676e-06 0.00013384222106691096 0.0 9.346867145679077e-05 0.00019824166036671245 0.0 2.9336610996540056e-05 8.211710837682547e-05 3.140993567838142e-05 0.0 1.0707904280316966e-05 8.892740560822503e-06 1.3313520076364782e-05 0.0 3.2865745792528785e-05 0.0 0.0 0.03887640607912067 0.0029248907061357066 0.0 0.0008237800487181355 0.04117971819689001 0.0002224271920285427 0.0015658346594723154 0.006820494045806463 0.008514618067503307 0.001606828495299888 0.014628305555583539 0.00236643924964512 0.009225265214074664 0.01657900300064881 0.007875186500916863 0.0008092007222988372 0.02911627392550183 0.01758478138883647 0.013078519270862406 0.002083896560183286 0.0 1.9946950059332094e-05 0.0 0.0 0.0 0.0 0.0 0.0 0.0 0.0 0.0 0.0 9.47191890419068e-05 0.0 0.0 0.0 5.2319334798880885e-05 0.0 0.0 0.00029468081740576034 0.00010249340528881519 0.0 0.0001349709684972452 0.0 0.0009287796102885551 4.9803044152816444e-05 0.0007375216031522475 0.00010674466486230041 7.17915345982289e-06 0.0 1.150179179733128e-05 0.0 0.0 0.00011422054817452511 0.0 0.0 0.0003311526496418044 0.00013568732501365922 0.0 0.0 0.0 4.7778518257113794e-05 0.0 1.402989508277046e-05 8.375824737594768e-05 0.0 0.0001245982803707553 0.00027841224842488967 9.709807131452862e-05 0.0 0.00036040729820306265 0.0023199811682604655 0.00019232770431276252 2.958030477303475e-05 4.695418018907431e-05 0.0 0.0 9.85889563266295e-06 1.525098892773464e-05 0.0 2.0086018217697845e-05 0.001981343187537002 5.8593032131670906e-05 1.1022034447590314e-05 0.0 0.0 0.0004913505517430105 0.0001930738284831742 0.0012330453410950527 0.0003334325229394477 0.00017801172899648595 0.00011082183068611095 1.2668576838625168e-05 0.0 1.1669749951421315e-05 0.00014907190520985656 9.04677760014903e-06 0.0 0.0 0.0 0.0 0.0 0.0037843397078898998 0.00014424665774184458 0.00042522409359589344
0.0257263359967112 0.17117758116791426 0.17142555231123444 0.0003566402588469857 0.12120325813245543 6.0027871513546246e-05 0.04265413142267439 0.07149763500824283 0.11446641520424561 0.0025640500222494627 0.0 0.0023666382814629557 0.10177437215688596 0.23436334288878347 0.0031516242955093665 0.0010163184594295044 0.00010938862705216948 4.737240839337961e-05 0.0 1.8853811271378872e-05 3.518007703873535e-05 5.619468667743506e-05 0.0 0.0 0.0007074006430090868 0.0003019141527046437 4.373774505133311e-05 0.0003139138442315883 0.0001028017807543332 1.4402986135630006e-05 0.027374301459480867 0.004729272782030225 0.027586379499293375 2.4567307463799138e-05 3.3680448109551645e-05 0.0007418463450344803 0.005998372422380705 0.0014749142805229186 0.0005247290484264995 0.00030093860163534587 0.0005024148426013372 0.0003219055755083858 9.95000512848029e-05 0.0003382872114049372 0.0 5.8638156956455506e-05 0.0076495050080965426 0.000251221815142887 2.537393211977403e-05 0.00018430263496456678 0.0001526184760680341 0.00012057200455114669 5.338303813635418e-05 0.0001681044949784781 0.0002224917714062785 0.000248780051490102 0.0013409082640153862 0.009551511849807471 0.0026111283436265893 0.007873743078480834 0.0008048737092292887 0.009254178141086675 0.0002468134029664709 0.0037240023114496834 0.0002384301282414137 0.00018227113710932082 3.703277112708332e-05 0.00018746953664716502 0.0011971558246458046 0.00021399702052116125 0.0029842648794004356 8.531757001072262e-05 1.363891681192417e-05 0.013564838443162747 0.005990925536306156 0.014060249983219482 0.0022595539887348046 0.0011926304395429574 0.00020952789214261203 0.0370877306249951 0.00014004363978941428 0.020876174875955535 0.0010563518215433577 0.0 0.0001670999263325131 0.0002247094018448059 0.00010311529335588325 0.0 3.155673696761615e-05 9.724272468305891e-06 6.488740867119688e-05 8.184332645314325e-05 0.0009741344419414521 0.00029603269466013497 3.1468846024656945e-05 0.0029258998337972956 0.00048533995035135663 0.0 0.0004649497742352513 0.006778602984363503 0.00014403672669022457 1.876174898628837e-05 0.0008549696699818824 0.00017528381854622476 0.00028286140391438656 0.001818459366373056 0.00012840675394927025 0.002257724384331779 0.0012363570181801267 0.0006042137822912649 0.0004223849652291232 0.005500153989408759 0.0024740779025252567 0.0023254923568248502 0.0008531547065706312 0.0 1.4156944746520359e-05 0.0 0.0 0.0 0.0 0.0 0.0 0.0 0.0 3.6282144027355515e-05 0.0 8.09458493738692e-06 0.0 8.651083148748873e-06 1.164341403988616e-05 2.0656223676252447e-05 0.0 5.0824727135114374e-05 6.021469192451954e-05 1.1120582405441975e-05 0.0 2.7012034445923268e-05 7.726656598381196e-05 0.00034457619194854715 1.1981944832894978e-05 0.0005924227965458225 6.227670874376004e-05 4.338095600783711e-05 2.9001603779619386e-05 1.8110609135991438e-05 0.0 7.87462059992838e-06 9.591151184342677e-05 6.8499903129508115e-06 0.0 2.8111604052995556e-05 6.959005331846686e-05 0.0 0.0 1.0320323853615152e-05 1.6096201580089223e-05 4.286881282127129e-05 0.0 0.0 0.0 0.0001265910564853482 0.00044611035803875695 0.0 0.0 0.00014301960272355087 0.0015039059453156576 0.0002780829546154094 0.0 8.022027744558364e-06 0.0 0.0 0.0 2.2883129310958e-05 0.0 8.934481717122945e-06 0.001487860254078607 0.0 0.0 0.0 0.0 0.0003308578495282047 0.00024141846591067319 0.0003101526840765443 0.00016260619147298732 0.00018870856886575967 3.1055341396902196e-05 0.0 1.8804244534250862e-05 0.0 7.41703028492351e-06 0.0 0.0 0.0 0.0 0.0 0.0 0.0010651112708355596 5.8131687115681426e-05 0.0002761997994983743
0.003063461542892253 0.010089448382214008 0.0006239273627691439 0.015455156370354002 0.002565911373968265 0.003043294861469358 0.01153620519549214 0.0005464777581939977 0.0017958136029470949 0.11669182348552362 0.0023666382814629557 0.0 0.19232627937045685 0.013613474680702613 0.0012544840544410924 0.0005821902705688748 3.556354714027854e-05 1.9474832774168472e-05 0.0 2.0030651786501368e-05 0.0 7.636101062715688e-05 0.0 0.0 0.00023908184436311917 4.738815508665861e-05 0.0 0.00010970537848393524 2.1251918204721566e-05 1.1612651624334027e-05 0.0004088604768126031 0.0 0.004977102775835275 0.0 1.4184676036097055e-05 0.00028083927247261116 0.0154037622611813 0.0010366010576921358 0.0004265702340221715 0.00013117330293522186 6.381396973675168e-05 8.600679308062534e-05 2.47787534620738e-05 0.00015099209454763412 0.0 0.0 0.001213346132887735 8.496767526880473e-06 6.330176676587931e-05 1.4606604087744878e-05 1.1870297332245086e-05 0.00014905299118099651 0.0 8.680003221526347e-05 0.0 0.0 0.0005496826814628961 0.00030260025897827604 0.0002738536235557672 0.0006293898788956669 0.00022267451045974694 0.0004893833602299561 7.726551760128162e-05 4.6548704532056015e-05 3.905843723894183e-05 2.7874383006267822e-05 1.5834865886164566e-05 3.941071164279367e-05 0.00018275420108591374 1.0617346464219148e-05 0.010984046704138379 0.00037555046459310053 3.0691088560083225e-05 0.000736866524933715 0.00037177806005776043 0.0012572922268637306 0.0002020520618350303 0.0003043313573340975 0.0 0.0014680508091570073 4.121597705338913e-05 0.0001240522166780522 0.00010182191412096873 0.0 1.7036157566333225e-05 2.9472561125969317e-05 9.0761305236326e-05 1.0384522953854695e-05 0.0 1.9701855357798334e-05 0.00012431951416163936 1.4015011872104633e-05 0.0003104813634019664 0.00024272718012838447 6.200327073392375e-05 0.05334296605126701 0.004804585004579893 0.0 0.00169437046986577 0.004325311728369071 0.00016505820782617927 8.883605703681478e-05 0.001319440180550171 0.0004283070648917582 0.0009792353973739501 0.004887870179970772 0.0003880114758663793 0.0032633572858686215 0.004395072243386506 0.0016622177597871422 0.0004855894814182363 0.012853506454416854 0.006605203154216607 0.00565176720592147 0.002177503714282038 0.0 0.0 0.0 3.321970586729213e-05 0.0 0.0 0.0 0.0 0.0 0.0 0.0 0.0 0.00011909159411935331 0.0 1.0832006639387223e-05 2.5544244049809605e-05 2.227212506934745e-05 0.0 0.0 0.00021520211990695752 7.529527585592697e-05 0.0 0.0 8.56060114161709e-06 0.0009375365276845581 8.150946623204208e-05 0.0008815466712863618 5.8406344848637963e-05 0.00011911816978444767 0.0 0.0 0.0 3.1539744665228505e-05 0.0 1.741035370436438e-05 0.0 0.00021008471701049436 9.754717965399995e-05 9.827948317193657e-06 1.0657805031427516e-05 1.7675167365730944e-05 2.0297556049598028e-05 3.6517161683403675e-05 5.059058405567441e-05 1.2661035387336988e-05 8.83404531478395e-06 0.0002445013040785977 0.0001392579094404123 7.802768492117288e-06 2.249711560288764e-05 3.1167776571199213e-05 0.002147215809236333 0.0003525362282978769 3.0134580487392356e-05 3.065973138313087e-05 0.0 0.0 0.0 9.423492075052002e-06 0.0 0.0 0.00298985882423708 3.3607792303433926e-05 1.1631428827255394e-05 1.0479566441942993e-05 1.063036588371993e-05 0.0006633038907315847 0.0005544272176517325 0.0005242793539542908 0.00031457578470238 0.0005479527738625412 0.00013544682322606788 3.4515270619227545e-05 1.2234487303092225e-05 0.0 1.1864405188218032e-05 0.0 1.2679905040216935e-05 0.0 0.0 0.0 0.0 0.0034440075440790776 0.0003174701907483865 0.0007008916136903894
