0.0 0.13505592300371258 0.07531417950399893 0.09229640605710307 0.01567905434839174 0.0009325564702330755 0.048287134363121244 0.002864370477117216 0.0018830146048252909 0.054275485792866646 0.00806803127658444 0.006903515747468089 0.014099929166147874 0.004295964799225608 5.2294813921750145e-05 7.505728449084731e-06 0.0 0.0 0.0 0.0 0.0 0.0 0.0 0.0 0.0 2.601444934184771e-05 0.0 0.0 0.0 0.0 0.022028564413672656 0.00022880519408914772 0.00021662487189162276 0.0 0.0 7.773711643928665e-06 0.00014587614729178516 9.006896051755837e-06 1.2693441408596891e-05 0.0 0.0 0.0 7.987765542857044e-06 0.0 6.636515998215239e-06 0.0 0.0015102009857476766 0.00028095895640018836 0.0 1.167060553516367e-05 0.00011265515538875161 2.2559099461857006e-05 0.0 0.0 0.0003380637640366683 0.00018826854021812174 0.012510727386550204 0.03442845791684179 0.0011522264927346499 0.002033381572447816 0.0 0.00011816105620439092 0.0 0.0008163940513206555 0.00030851989441261444 0.00030894414929204445 0.00013397686295455374 0.00022042138894417054 3.514223938078636e-05 3.167183845320611e-05 0.0001930561618997919 0.000620836568501682 0.0 0.00882964955274843 0.0037319066590609583 0.0009974990378130814 0.0003985805280455934 7.2645240833976336e-06 3.772282977459043e-05 0.0010433982917933278 1.8343637818279553e-05 0.00013215432022156684 0.000510831220046582 1.6573536179077898e-05 0.00019980718137016003 0.00016629494396070088 0.00012164756252920166 0.0 9.580221820655116e-05 3.799195430980284e-05 7.721065185957426e-06 0.0 0.0 0.0 0.0 0.001666971085909596 0.00036635726032558974 0.0 2.325417684740942e-05 0.09462229998084062 1.0235868566761562e-05 0.0001862022819504074 0.00010278157016779959 0.0004174411996576849 2.3838529351715257e-05 0.0004974928794861533 2.3963840045331233e-05 0.0006389555169787284 0.0009893615738913108 0.000449564996784176 8.507784880461549e-05 0.0012726772852846928 0.0007507918220421223 0.0012135255252656997 0.0005787207741556627 0.0 0.0 0.0 0.0 0.0 0.0 0.0 0.0 0.0 0.0 0.0001009954506726692 0.0 0.0 5.2090932982777574e-05 0.0 0.0 3.292083039760801e-05 4.829594817829803e-05 0.0 1.017031389608459e-05 0.0 0.0 0.0 0.0 0.0002426613876978353 0.00010630635351388258 0.0003748425506151689 0.00023633913396152272 0.00011769657361920932 0.0 0.0 0.0 0.0 0.0 0.0 0.0 0.0 1.139118691366595e-05 0.0 0.0 0.0 8.390706482773013e-05 0.0 0.0 0.0 0.0 2.2719106241985685e-05 9.891481085562294e-06 9.512242696378237e-05 9.064784196579011e-05 0.0 0.0004121930749413318 8.83456037312099e-05 0.0 0.0 0.0 9.01236710782992e-06 0.0 0.0 0.0 7.840605311120902e-06 0.00047800804004409893 1.1242132156021491e-05 0.0 0.0 0.0 0.0001964588152195568 6.702650974125393e-06 1.0821269914966073e-05 1.6781613594793625e-05 0.0 1.698067590814877e-05 4.2991892278147116e-05 0.0 0.0 0.0 0.0 0.0 0.0 0.0 0.0 0.0 0.0006496907370974909 0.0003051293377591475 0.00018167321598112614
0.13505592300371258 0.0 0.11575983108108101 0.03589370078642513 0.20074000348034404 0.0016381559959711314 0.16903326026913998 0.026979921486901353 0.05341324435386004 0.039438003703824005 0.11611055868159961 0.001627996583995276 0.012399492931790563 0.07508983896915564 0.0014045371132636298 0.00013807525269721852 5.993317515106948e-05 7.254861505748423e-06 1.502504837348847e-05 2.7328984394867863e-05 6.780638161377686e-06 0.0 0.0 0.0 1.221389235974748e-05 0.0 0.0 0.0 0.0 5.564655344063007e-06 0.1391769674337833 0.0023707493209204522 0.0008614929795959193 7.896423076628292e-06 0.0 2.773369113643833e-05 0.00036689659733068315 7.976139947865923e-05 7.662681744561417e-06 0.0 0.0 0.0 3.178884538636025e-05 6.868373375398915e-05 0.0 5.960271004029845e-06 0.008167818016974736 0.0014882067308441844 6.8776143233066e-05 8.41088805627846e-05 0.0005267372504961485 0.0 0.0 0.0 0.0014307238488425469 0.0010920830108928272 0.010361963278073977 0.06599364809067018 0.003614433672533384 0.008631796634590003 0.0001175691619343507 0.00027845966765047126 6.836138796131457e-06 0.007516316194593876 0.0014444581447672388 0.0014633387895604919 0.0009188980676618578 0.0009770604848892495 8.47017058538394e-05 9.464161765053185e-05 0.00022263936344533316 0.0 0.0 0.038112999110827946 0.01763147165487335 0.011550327703854698 0.003969413141416202 0.00011702329071435462 0.0002591372063117328 0.006739852660069582 0.00024415718555008967 0.0006962373634089882 0.002394400912704396 9.816757592201106e-05 0.0011956055801905664 0.0008764633482408237 0.000548278416948046 1.394025197791924e-05 0.0005138649858827083 1.2976690925552344e-05 8.884736955118761e-05 6.144136918200037e-06 3.298038188222242e-05 5.0901495000574085e-05 6.584681637225917e-06 0.0007290711650894205 2.854869900427977e-05 5.215672219807441e-06 1.5163589916306048e-05 0.07878204858297089 0.0005486479739299424 0.0008979953195525891 0.004378862083946502 0.0022728041434003244 5.193892659671275e-05 0.005180728554931247 0.00037207967225292367 0.0020229996893942805 0.007701688988023751 0.0013464774574118937 0.00011507648447992766 0.004365019458689017 0.0012712056813156088 0.0008607141582190181 0.0003604018960390533 3.679555156365277e-05 8.267087813865389e-06 0.0 0.0 0.0 0.0 0.0 0.0 0.0 0.0 0.0 0.0 0.0 0.0 0.0 1.5123234477334302e-05 0.0 0.0 0.0 0.00027308069731781794 5.754036910819511e-06 0.0 0.0 0.0 0.0002433273380551611 8.200215178608541e-05 0.0005022990296422181 0.00018824207136225362 7.679152943306993e-05 0.0 0.0 0.0 7.541350601443932e-06 0.0 0.0 0.0 7.428082948196491e-05 3.578836906601127e-05 0.0 0.0 7.704735154443151e-06 4.412780288361933e-05 0.0 1.669494770603224e-05 7.4286816426087836e-06 2.738926731734021e-05 0.00018100363513736046 0.00040583846560953714 3.8860373933788295e-05 2.4277350222842577e-05 0.0 0.0003138693892035568 0.00013641876259992526 2.313181007417466e-05 2.553377822272769e-05 5.420110890469964e-06 3.4008836640909144e-05 0.0 1.1018933769789645e-05 0.0 0.0 0.0003918147041848886 0.0 0.0 1.5295688088968143e-05 0.0 0.0002657842591994666 0.0 4.4480698938892156e-05 0.0002860872508387614 0.0005369824909373684 0.00013590694274402438 6.861227802876834e-05 9.092934836474916e-06 2.0121664973450455e-05 0.0 0.0 0.0 1.3679118477008864e-05 0.0 0.0 0.0 0.0006389351077427808 0.00015011271134425945 0.0002012330139016208
0.07531417950399893 0.11575983108108101 0.0 0.004090312562766618 0.08654109475084446 4.316325630338964e-05 0.010659695249751286 0.11046856610480868 0.04308475420921177 0.001640501695984461 0.2054135468708065 0.000160711955596093 0.004814837615007602 0.12641803864734297 0.0011092492969342915 0.0004948026939894123 2.3059200345378197e-05 1.5136994428366155e-05 2.2188995759755204e-05 9.10837860865917e-05 3.8841716074450606e-05 0.0 0.0 0.0 0.0 0.0 0.0 1.4520650808715165e-05 0.0 0.0 0.2915172539260635 0.025313600189793277 0.003969276813732343 6.121577139329587e-05 0.0 0.0003452469804196625 0.0006173747460711019 0.0004763793555968922 2.1311435502485863e-05 2.478044843244482e-05 0.00015098044825620586 1.2148073413442488e-05 0.0001746201993908661 2.205586636156963e-05 2.0149239382362443e-05 2.1508065378914838e-05 0.004253187134827844 0.0003928667144359318 6.043071421272163e-05 0.00022526637660606877 0.00014971318715786917 1.042629677511984e-05 0.0 0.0 0.00037825069371053173 0.00023276179995738373 0.0021895804287271536 0.019963646142316313 0.0010659782293884537 0.0025741496339209903 0.0005676060839660821 0.002671605175321892 0.00010435145108547658 0.013252696303985664 0.00028651102947148686 0.00042263521614149943 0.00025875591053678475 0.0002824414633906507 0.0005600890720488296 0.0004157951754258352 0.0006280329089224781 0.0 0.0 0.009891290344627776 0.00703026018041197 0.0041753662281489735 0.003709453407493862 0.00038622791575697947 0.003220476281018585 0.023763680645112098 0.0005824674196443332 0.00500762115457413 0.000547833528748959 1.4379641592221021e-05 0.0002982504116376923 0.0002077594095490885 0.00026372504112436766 0.0 9.285923985783485e-05 1.354030605167257e-05 8.90448759417828e-06 0.0 0.00018026955892772674 9.151806141691718e-05 2.0631969649084065e-05 0.00015764654880982867 8.933315110026426e-06 0.0 3.7569660575762356e-05 0.011844610454093712 0.0 0.0 0.0 0.0 1.101112662727878e-05 8.91053840491132e-06 0.0 2.5480251396570638e-05 4.0941055043901484e-05 0.0 0.0 5.8806378200744125e-05 2.2818890112232535e-05 5.397664034373066e-05 9.41897938679321e-06 0.0 0.0 0.0 0.0 0.0 0.0 0.0 0.0 0.0 0.0 0.0 0.0 0.0 0.0 0.0 0.0 0.0 0.0 0.0 7.324274600594382e-06 0.0 0.0 0.0 0.0 3.747558616022902e-05 4.991580141493536e-05 6.25158478165926e-05 1.5483991631392045e-05 9.863772887113622e-06 0.0 0.0 0.0 0.0 0.0 4.64078133355868e-05 0.0 0.0 0.0 0.0 0.0 2.3591243343138522e-05 0.0 1.560183763966512e-05 0.0 0.0 0.0 0.0 0.0 0.0 0.0 0.0 4.536002433712694e-05 0.0 0.0 0.0 0.0 6.3773772277221335e-06 0.0 0.0 0.0 0.0 4.068685217133574e-05 0.0 0.0 0.0 0.0 1.3584578826255387e-05 0.0 2.247450263103327e-05 0.0 0.0 0.0 0.0 0.0 0.0 0.0 0.0 0.0 0.0 0.0 0.0 0.0 3.931032080885495e-05 8.605306661447466e-06 2.1404856386414088e-05
0.09229640605710307 0.03589370078642513 0.004090312562766618 0.0 0.01269440281525232 0.02778919524751776 0.1033070292222427 8.214134080419167e-05 0.0006096729785117316 0.08272493126146549 0.0008150315540951704 0.06770272584570859 0.2108544831003014 0.0032830596964052213 8.849534560548721e-05 0.0 6.776907470428908e-06 0.0 0.0 0.0 0.0 0.0 0.0 0.0 0.0 0.0 0.0 0.0 0.0 0.0 0.0015736070509723976 4.4772030334896776e-05 0.0011797263555482934 0.0 0.0 1.4791947359245301e-05 0.00044782287863053547 4.988623778134835e-05 0.0 0.0 0.0 0.0 0.0 0.0 0.0 0.0 0.000582847789904009 0.00010909388328647919 0.0 0.0 5.1618933407701716e-05 0.0 0.0 0.0 0.00011463767792373018 0.00011634733256934048 0.0007667963931653353 0.0020001060599321493 0.0003053641246316677 0.0007227160591396749 0.0 0.0 0.0 0.0005393056961395861 0.00012642735449481762 0.00017619850904935404 5.8680623193728556e-05 0.00011290745272392456 0.0 6.406852218858913e-06 0.0007240759152606022 0.0 0.0 0.0028596034838000352 0.001240170487254879 0.0008025432825198073 0.00020842808910284785 0.0 7.863803756092384e-06 1.748295486330416e-05 0.0 0.0 0.00015672618415943468 0.0 0.00011399672198449786 6.592925825556615e-05 7.531055689297276e-05 0.0 4.2342481170541056e-05 0.0 7.4565621707898875e-06 0.0 6.913762053821009e-06 7.21819931867815e-06 0.0 0.00036584482988287324 7.609107569021011e-06 0.0 0.00015489483939631223 0.023507516419039753 6.787174578577198e-06 0.0005511890380495576 0.0010990200908662265 0.002495294117338884 0.0 0.002055433603509334 0.00295039062930337 0.000606593270009398 0.002790233114064512 0.0023178357441559065 6.32561939655009e-05 0.0014485667289422543 0.005982448132162179 0.0013115097561167569 0.00015130255675138943 3.19599308210449e-05 0.0 0.0 0.0 0.0 0.0 0.0 0.0 0.0 0.0 0.0 0.0 0.0 0.0 0.0 0.0 2.834788641546327e-05 0.0 0.0 0.0 0.0 0.0 3.0087055693554496e-05 0.0 0.0001014162512494114 1.5561076978063747e-05 9.871398835647036e-05 2.5944884288515643e-05 4.829734002993889e-05 0.0 0.0 0.0 0.0 0.0 9.580304241616605e-06 0.0 9.392512182647749e-06 8.342667340031641e-06 0.0 0.0 0.0 1.0092631176378735e-05 0.0 0.0 0.0 0.0 0.0 1.6167172759664328e-05 4.3724236381268885e-05 0.0 0.0 0.00010051507851535337 0.0 0.0 0.0 0.0 0.0 0.0 0.0 0.0 0.0 0.0002609618307658646 0.0 0.0 0.0 0.0 0.00017253394206500185 1.6288128411160344e-05 3.1985445531781064e-05 6.438842233055614e-06 2.3695372345169287e-05 1.4386712616993032e-05 2.6388006245488876e-05 0.0 0.0 0.0 0.0 0.0 0.0 0.0 0.0 0.0 0.0006555697240758089 5.717651552469581e-05 3.238486510906861e-05
0.01567905434839174 0.20074000348034404 0.08654109475084446 0.01269440281525232 0.0 0.0006252836446090951 0.11762623652372085 0.006721471335996173 0.36291383526556875 0.027271036321692015 0.14462747125641273 0.0010103801369405361 0.02295657573456219 0.16272657905128843 0.002579005322543526 0.00032271735760066493 4.252980689314131e-05 0.0 0.0 0.0 0.0 0.0 0.0 0.0 7.94099095899571e-06 0.0 0.0 0.0 0.0 0.0 0.030203857994235837 0.0005890420659651596 0.00027611646724412325 6.037000129177953e-06 0.0 4.705877486021054e-05 0.0001650682987229444 2.7956313071456574e-05 7.578084913737687e-06 0.0 1.8241747451047745e-05 0.0 0.0 1.6175539285587822e-05 6.065627786582419e-06 7.076776620941006e-06 0.010565765898964184 0.000951598148076812 4.14698705755547e-05 6.6200461208478035e-06 0.00036264622322492254 0.0 0.0 0.0 0.0006265457616924473 0.00046289408714705015 0.0016033960505563631 0.008044436257953841 0.001215798714653593 0.006688593287418146 5.2733377124140155e-05 6.432259897965735e-05 0.0 0.004991545808235438 0.0006085981926567219 0.0007023190250181518 0.00040629269264862915 0.0005135449849856581 4.329830059872985e-05 7.049754988550943e-06 0.0003859669793616417 3.710849795315769e-05 0.0 0.014010870223585218 0.009030707680601496 0.01110471793925607 0.005115175695643471 0.00029085105412888265 0.00013001475519808705 0.0004382199656089424 3.143922084313252e-05 9.383096317308776e-05 0.0008903789961577746 3.570660989474332e-05 0.0005852314839434593 0.00042598552416739426 0.00028561426573582284 7.651924625352854e-06 0.0002839070947305416 0.0 5.8049344697649506e-05 0.0 1.9793603669745886e-05 0.0 1.8356846644512156e-05 0.0029307150676463217 9.593645866352281e-05 0.0 5.4839300410748125e-05 0.004363452635110011 1.3505433781407863e-05 0.0001008417650352181 0.00023406616480331914 0.00019297889045903207 3.9058371987166464e-05 0.0007168809556799625 5.450321558886225e-05 0.0010332920691416305 0.0011885037997917697 0.0007609824124857657 0.00011240380889526529 0.002131328158887386 0.0017166707610642203 0.001514197293523279 0.0010817666291042687 4.1056611213972665e-05 7.787894435965336e-06 0.0 0.0 0.0 0.0 0.0 0.0 0.0 0.0 0.0 0.0 6.674829797845747e-05 0.0 2.2182642133198403e-05 0.0 3.15993289289186e-05 0.0 3.1579512661411455e-05 0.0 1.338489436402596e-05 0.0 0.0 0.0 0.0007099342918610281 0.00019848556538203186 0.0009547213888313959 0.0003972989586242968 7.34545161229868e-05 0.0 0.0 0.0 0.0 0.0 7.358572071368168e-06 0.0 2.171097840839981e-05 4.844076296383555e-05 0.0 0.0 1.4602088444635698e-05 8.922241410638476e-05 0.0 0.0 0.0 1.4728233258202587e-05 1.0540459441827488e-05 2.2262914203484556e-05 2.9615415092873363e-05 0.0 0.0 0.000616303764683987 6.762550146362899e-06 0.0 0.0 7.657495885935897e-06 0.0 0.0 0.0 0.0 0.0 0.0013144529508411441 0.0 0.0 0.0 0.0 0.0005373442842721177 1.635152372972677e-05 0.0002648982801117224 5.392674014999386e-05 4.5470694711525235e-05 1.3675409258454866e-05 2.3618918507133687e-05 8.420721697339389e-06 9.956223108683125e-06 0.0 1.1551163962786479e-05 0.0 7.87998458199168e-06 0.0 0.0 0.0 0.0016288259882779536 0.0003778311467912999 0.0004648552804365512
0.0009325564702330755 0.0016381559959711314 4.316325630338964e-05 0.02778919524751776 0.0006252836446090951 0.0 0.0030483832960527036 0.0 0.00027205056963934847 0.051705404034213046 0.0 0.00964172732347572 0.008407099839682927 0.0009361556389098306 0.0 0.0 0.0 0.0 0.0 0.0 0.0 3.903103377459701e-05 0.0 0.0 0.0 0.0 0.0 0.0 0.0 0.0 9.08740905332286e-05 0.0 0.00011177448053309128 0.0 0.0 0.0 0.0002801186557030234 0.00012553150691466407 0.0002987985016718153 6.458443226040773e-06 0.0 1.362633437548138e-05 0.0 0.0 0.0 0.0 0.0 0.0 0.0 0.0 1.7424272460103965e-05 0.00018071595625076463 1.1998015509560034e-05 0.0 0.0 0.00014929705710227788 0.003615998226645434 0.0 7.098316846461553e-05 0.0 0.0 0.0 0.0 0.0 0.0 0.0 0.0 0.0 0.0 0.0 0.0024600107602784816 0.01851515227581643 0.0006654870226879312 2.45388300349405e-05 0.0 0.0 0.0 1.4176624504207515e-05 0.0 0.0 0.0 0.0 7.359523463629013e-06 0.00012843132905332596 0.0 0.00011078665457347904 0.0 0.0002186589452418648 0.00010169239285312182 0.0005773067624528132 6.5363911022934e-05 4.101441080077285e-05 0.0 0.0 1.004965115007628e-05 0.017293999153598087 0.01873627349525344 0.00020212136321140375 0.0015433390721839052 0.011148723905569428 0.0 0.0 1.0272961853450028e-05 0.0007412063814935598 0.0 5.2785715811119604e-05 0.0 0.00011808377485329513 9.778101885976858e-05 5.743395632427894e-05 0.0 0.00013821874720576445 2.8929833460979964e-05 2.4904207607894666e-05 2.4015273588284734e-05 0.0 0.0 7.456057294225544e-06 0.0 0.0 0.0 0.0 8.880823363412426e-06 0.0 0.0 1.2080832884488482e-05 0.0 2.3531839137129312e-05 3.1726823199911036e-05 4.209342011066283e-05 9.1722483570353e-06 4.43379625710541e-05 0.0001691607207915841 1.8521421538985878e-05 0.0 0.0 0.0 0.0 0.0 8.285673713151866e-05 6.865728857281269e-05 0.00027617194365361117 0.00048586363143505085 0.0002610116500251903 9.62333271845086e-06 0.0 0.0 0.0 9.334105066560062e-06 2.5048483381265904e-05 0.0 0.0 1.5122658026120697e-05 0.0 0.0 0.0 0.0003415085599593395 0.0 0.0 0.0 0.0 0.0 0.0 0.0 2.7072443784142658e-05 0.0 7.635606266012146e-05 0.0 0.0 0.0 0.0 0.0 0.0 0.0 0.0 0.0 7.725950486113509e-05 0.0011460527261139557 0.0 9.686637742844377e-06 0.0 1.060375455588495e-05 9.071155771855552e-06 0.0 0.0 0.0 0.0 0.0 0.0 0.0 0.0 0.0 0.0 0.0 7.528372465811612e-06 0.0 0.0 8.564006602277838e-05 0.00032371157958104935 0.0003812368359773417
0.048287134363121244 0.16903326026913998 0.010659695249751286 0.1033070292222427 0.11762623652372085 0.0030483832960527036 0.0 0.0022352175031154623 0.0912425355770718 0.15459109241168742 0.033386631374615054 0.012113975499948285 0.09204757243668436 0.09034125874594506 0.001917220631276616 0.00038418684736120855 4.39970745396291e-05 5.760126812322527e-06 0.0 0.0 0.0 0.0 0.0 0.0 0.0 0.0 0.0 6.360586916155732e-06 0.0 0.0 0.014067399187842038 0.0005244784685345754 0.0007310411048010603 0.0 0.0 2.9569966842320117e-05 0.0002767820266937493 6.0840201590288e-05 8.700520104937536e-05 0.0 0.0 0.0 1.1333616119826075e-05 2.9711379079146983e-05 6.765280994519029e-06 8.515406699688281e-06 0.00831650970064879 0.0007577873834591293 4.9154957387629336e-05 1.4001251748032573e-05 0.00029777249063682633 1.1169605013358785e-05 0.0 0.0 0.0007337751468382699 0.000499415193976754 0.0015434272070046992 0.007072015604107038 0.00133814884402953 0.005256595681251982 4.31776411561669e-05 0.00012764636271749886 9.521061353855331e-06 0.003279150492224889 0.0005568152431873847 0.0004993982847411551 0.0004089529775603573 0.0004936219919684374 4.223855367867665e-05 1.8110717942956422e-05 0.001103183053605725 0.00011484143553407637 0.0 0.015000650151301406 0.007648052720924543 0.008616005614691448 0.0033565944179790126 0.0002246082091659879 0.00011334333628156137 0.00045270630353080546 5.7775897604196416e-05 0.00015428142593268683 0.0007976915205926439 2.617347279641049e-05 0.0005318073497897105 0.00039361483138945205 0.00036483653852874254 1.3235229570140173e-05 0.00015812454083476973 2.5363596830920522e-05 4.773737025576257e-05 0.0 2.628823944304299e-05 1.3582652367042014e-05 9.200497769947168e-06 0.013270508152070327 0.00017363084448663096 1.9985624138762946e-05 0.00012225005370135097 0.012419831558795997 4.155615546695236e-05 0.0003225001604734859 0.0007191205572872584 0.0008525496440349975 1.4452876222762885e-05 0.0023402455130224326 7.358401007956452e-05 0.0019269945669674322 0.0036698654387102175 0.0022514743275279104 0.0004754948856330988 0.006096429996350641 0.003955853558109189 0.004266070095997328 0.002388831171706217 0.00013932903518795243 7.548003740379147e-06 0.0 0.0 0.0 0.0 0.0 0.0 0.0 0.0 8.406421632992782e-06 0.0 8.95611207627302e-05 0.0 0.0 0.0 1.9365152864146934e-05 0.0 3.3581931297159835e-05 0.00010662605930314815 3.9099781775779136e-05 0.0 0.0 0.0 0.0021712457625158704 0.00026440047787559075 0.0016153124384818945 0.00099784528348229 0.00027708278887565447 0.0 0.0 0.0 3.6312063706797515e-05 8.070396273123206e-06 4.772069996937722e-05 0.0 2.290830501809948e-05 7.930295449042927e-05 0.0 0.0 0.0 0.0003658457465889578 0.0 0.0 0.0 0.0 7.912267832020631e-05 8.800323850913913e-05 8.900400186189108e-05 7.582626490405083e-05 2.302206521504863e-05 0.0017969350594446117 4.039020883520807e-05 0.0 0.0 0.0 7.503609839466835e-06 0.0 0.0 0.0 0.0 0.0031860677506144247 2.185227997980745e-05 0.0 0.0 0.0 0.0013076032167156737 0.0001585412847806219 0.0002523647205029051 0.00011576937718695522 3.368387507009147e-05 0.00010166503537045445 3.1338026401721145e-05 2.1996790848372766e-05 0.0 0.0 0.0 0.0 0.0 6.519072459700664e-06 0.0 0.0 0.004134412046314399 0.0010328326380749635 0.001206545784599048
0.002864370477117216 0.026979921486901353 0.11046856610480868 8.214134080419167e-05 0.006721471335996173 0.0 0.0022352175031154623 0.0 0.020378231425927495 0.0001414093826500852 0.36492661017055655 0.0007367041829958859 0.013003077372021058 0.2093105244416157 0.00874413787953378 0.004286774237118126 0.0009545651000790093 0.0002016593719745904 3.348693191692846e-05 0.0005009787256724681 0.0003713899057063459 8.062475712321982e-06 2.7145629964152724e-05 3.2708049976862125e-05 7.748537573465516e-05 0.0 0.0 2.1738598514972484e-05 0.0 0.0 0.1013113030342269 0.10354695874046921 0.021491291451886798 0.0006976369318981925 6.214353190725464e-05 0.003867386927702408 0.0028074143691180055 0.0034698940540831857 0.00015336221858931382 0.00012948033537139736 0.00035861729227476443 0.00030629538899999454 0.0010388512677445491 0.00034529356835886154 0.0002417353559869431 0.0004943669689971524 0.019943829526295684 0.00047392484945349027 0.0003905791517573196 0.0017625498199818923 0.00037162706335147904 0.0 2.6561052825563072e-05 8.130862646927335e-05 0.00021971779142248584 0.000160964245773801 0.0007451176883168579 0.006196373979087878 0.0008012281528466236 0.005369545623440574 0.006601220313797938 0.021867151570481212 0.0008544032330979593 0.017283373671180983 0.00023094119194222345 0.000344081755040153 0.0002441693306669195 0.0008559541417784162 0.0038474485896309615 0.00287374789861093 0.0021763525796044993 0.0 0.0 0.006989226411421446 0.00816860357297556 0.012422362846919676 0.019392374765158475 0.006045602145057258 0.060263321887339724 0.21178325918750904 0.008374066798954815 0.07656942242479797 0.00034169026597082486 2.0479885632053518e-05 0.00028876145316574983 0.0002894696821178155 0.001048353311714098 0.0 0.00012949549102808961 6.260721560923571e-06 6.953436762820936e-05 3.668241847074593e-05 0.001479827429946942 0.00045297047014512153 0.0001476900740887247 0.0002885845338465768 0.0001415089066492979 9.850787043442148e-06 0.0001760049552311203 0.002008809600046826 0.0 0.0 0.0 0.0 0.0 4.446845637042447e-05 0.0 1.8616463864006812e-05 4.1554884191066774e-05 1.0868907799212248e-05 1.6970364754062476e-05 9.336237660763285e-05 5.434173437095895e-05 0.00011517622650653343 0.00015081174460561872 0.0 6.732709573940701e-06 0.0 0.0 0.0 0.0 0.0 0.0 0.0 0.0 0.0 0.0 1.0438790405434135e-05 0.0 0.0 0.0 0.0 4.8686551961094446e-05 0.0 1.5841072050775078e-05 8.268515452830881e-06 0.0 0.0 0.0 0.00014352726495943502 5.5843085314846984e-05 0.00021587251992116353 0.00016288217879471912 3.216534841267952e-05 0.0 0.0 0.0 0.0 1.4327105249094788e-05 0.0 0.0 0.0 7.057333092184205e-06 0.0 0.0 1.791089859004187e-05 7.497820771720375e-05 0.0 0.0 0.0 0.0 0.0 0.0 0.0 2.3283847842970304e-05 0.0 0.00010954603135729752 0.0 0.0 1.2091408314202787e-05 0.0 0.0 0.0 7.798615217275048e-06 0.0 0.0 0.0001401649681797902 1.0022087202074566e-05 0.0 1.6085390464278927e-05 2.1689587498609093e-05 2.5845698341877158e-05 7.3840730177487085e-06 2.631181448078439e-05 1.7109809238609098e-05 0.0 0.0 0.0 0.0 0.0 0.0 7.831249403315032e-06 0.0 5.961706901608713e-06 0.0 0.0 0.0 5.661520510228155e-05 0.00022343387398535112 0.00013044482799535293
0.0018830146048252909 0.05341324435386004 0.04308475420921177 0.0006096729785117316 0.36291383526556875 0.00027205056963934847 0.0912425355770718 0.020378231425927495 0.0 0.004523039736181645 0.1640314768266462 0.0005597626349390889 0.07075662336891093 0.14989769505755235 0.001609954185706755 0.00025654670227843296 2.142157952792504e-05 0.0 1.0806781003660286e-05 9.058316380927938e-06 0.0 0.0 0.0 1.2182210116542568e-05 0.0 0.0 0.0 0.0 0.0 0.0 0.007209692987093412 0.00030219174788037145 0.0007631212067053308 1.046480393641818e-05 0.0 8.124124609446617e-06 0.00018486246673127095 0.00010382007703539968 0.0 0.0 0.0 0.0 0.0 1.0310842461280287e-05 1.1934133483378686e-05 0.0 0.004004004486688338 0.0002093285686639566 6.840829137954456e-06 0.0 0.00010258685794139638 0.0 0.0 0.0 0.00021254676144938836 0.00013695062996450777 0.0003541669705322948 0.0018569858438570379 0.0005309752823795066 0.002137471182544503 8.678059539542434e-06 8.856105718981829e-05 0.0 0.0015887194534524283 0.0001201817197688082 0.00016733623343043435 0.0001100192256784417 0.00014790807230140115 2.6684754741293525e-05 7.06018286437294e-06 0.0004792805238895343 0.0 0.0 0.003950751538724357 0.002507414419788416 0.00439407588733328 0.0021560256913921157 0.00010166356258440249 9.811918430165086e-05 0.0011324501203864245 1.950452522347008e-05 9.545771345304194e-05 0.0002597717766911033 6.450776479957283e-06 0.00015835727296428215 0.0001289287414829063 0.00011383540648943628 5.918725223583589e-06 0.00013340324664763597 0.0 1.843737693410985e-05 0.0 7.648382781363262e-06 5.598316901606886e-06 1.5384601972290314e-05 0.001289270524863562 1.9086190668681757e-05 0.0 4.291046565371109e-05 0.0007592087414738637 4.682573881372592e-05 3.2023873410390996e-05 0.00010908981674525315 0.00013368473928223936 0.0 0.0003082941017206343 2.1249107747341762e-05 0.0004121305847667913 0.0005904372656478883 0.0003559316914095953 0.00013349474052177658 0.0009936218241975202 0.000993734356063373 0.0007848231639550536 0.0004199451941653034 2.113787028149169e-05 0.0 0.0 0.0 0.0 0.0 0.0 9.531533275615333e-06 0.0 0.0 0.0 0.0 0.0 0.0 2.9937442653645863e-05 0.0 0.0 1.3738552414026228e-05 0.0 1.0751226963206686e-05 0.0 0.0 0.0 0.0 0.000518939591075728 8.985760938750068e-05 0.0006558251888644984 0.00027019000149751003 6.846959671835279e-05 0.0 0.0 1.837627145374531e-05 0.0 2.7975026538790997e-05 0.0 0.0 0.0 7.958432049296095e-06 0.0 0.0 0.0 6.8667490713202425e-06 0.0 0.0 0.0 0.0 5.7360081375913366e-05 3.172454822721322e-05 2.5887108130489837e-05 0.00012600446338774295 3.789266210233893e-05 0.0003677158203947914 0.0 0.0 0.0 0.0 9.267475674995837e-06 0.0 0.0 0.0 0.0 0.0008997708482019268 0.0 0.0 0.0 0.0 0.00030123480307846673 5.758434347154796e-05 4.3452766950432094e-05 1.6496796593019516e-05 0.0 0.0 7.5898033355431434e-06 0.0 2.1071186933653404e-05 0.0 0.0 0.0 0.0 0.0 0.0 0.0 0.0007698724932041982 0.0002527888839870138 0.00026984706588054216
0.054275485792866646 0.039438003703824005 0.001640501695984461 0.08272493126146549 0.027271036321692015 0.051705404034213046 0.15459109241168742 0.0001414093826500852 0.004523039736181645 0.0 0.0013286477740257854 0.1018153050031609 0.5309714996317648 0.028082842599864353 0.0001469096505408283 6.709106291741558e-05 3.045693531194671e-05 0.0 0.0 0.0 0.0 9.853687468459589e-06 0.0 0.0 1.3554270816316139e-05 0.0 0.0 0.0 0.0 0.0 0.0015577330815611029 7.264352964928495e-05 0.007166070654293157 0.0 0.0 5.3053093374316005e-05 0.003962413993558693 0.0002476272357618886 0.0002217929706443683 5.756236454848491e-06 9.00897006486151e-06 8.90705161834423e-06 1.4561844772231632e-05 1.2086455348474452e-05 0.0 0.0 0.0010303268806286766 0.00011257842956704885 1.2614512739419804e-05 2.190699824858746e-05 7.125200780237938e-05 0.00013857132778200633 7.671336220804609e-06 0.0 0.0001878820172914812 0.00016139842915823091 0.0011624865210489797 0.0018640735526797908 0.00022346506897036688 0.0008278965307575943 0.0 0.000313034562315337 0.0 0.00037740230397685274 0.00011587047472730296 0.0001621564762684738 0.00014898523223246928 0.00010922260313569653 6.8177633813712065e-06 1.223206461261869e-05 0.02851181002137128 0.007384237114194181 0.0002860465166047229 0.0033316711456374284 0.0015666749168072617 0.0008269820335767159 0.00043512522367739444 5.849411011868444e-05 2.0637784263474562e-05 0.00045938631654452046 5.6185119641808494e-06 4.319236185922143e-05 0.00018761683872173962 7.146779270667124e-05 0.00013538884193736446 0.00018802973250203623 6.259064828023044e-05 0.00012898805099014884 9.002059147074136e-05 0.0002431707299697235 1.514900575565933e-05 9.68233775814692e-06 5.5991223916981e-06 0.0 8.74460964841826e-06 0.034922557813293856 0.013551690788058617 7.22428118179748e-05 0.0017611693189792496 0.02772611845651176 1.0593829904904631e-05 0.0006566572298471395 0.001761468851178336 0.00145314977486028 8.230108385926657e-05 0.0038085931780226633 0.00026196796717247855 0.004101424993950153 0.007274765066248371 0.004392625179858332 0.0004298425449226787 0.010705269571891721 0.008483030939975746 0.005694650504324425 0.002650499880865572 3.6264415912215296e-05 6.016301731647472e-05 0.0 0.0 0.0 0.0 0.0 0.0 0.0 0.0 0.0 0.0 4.7262932187444067e-05 0.0 1.825149756999873e-05 0.0 1.3953277462934918e-05 9.895952849417956e-05 1.8884603421930645e-05 8.126123359055737e-05 0.00010509672762656998 0.0 0.0 0.0 0.0015004942663605486 0.0002140186462113272 0.0017015661811427777 0.0006871080433242782 0.00014842265438818903 0.0 0.0 6.6549651899216435e-06 0.0 0.0 2.7667459259464576e-05 0.0 5.030234416224799e-05 6.133917599894479e-05 0.0 0.0 0.0 0.0001786538349977771 2.8172703607395966e-05 0.0 1.0774378609369037e-05 0.0 0.00013195611074768624 5.820228155415462e-05 0.00016372715496820292 0.00013834313954157307 3.1237277925432044e-05 0.0010569661827148226 1.4026274795985794e-05 0.0 0.0 0.0 0.0 0.0 0.0 0.0 7.689208961297408e-06 0.003512984902167945 0.00033363662201964657 0.0 1.6319707146410947e-05 0.0 0.0011537885527454603 9.968656726406899e-05 0.000192731089663555 6.285224261176717e-05 9.355741367282882e-05 5.1583666375717665e-05 0.0 1.2773630892749292e-05 0.0 0.0 1.1231678953785144e-05 0.0 9.511027689178449e-06 0.0 0.0 0.0 0.005582923795465117 0.001113619844876148 0.0011052052769469217
0.00806803127658444 0.11611055868159961 0.2054135468708065 0.0008150315540951704 0.14462747125641273 0.0 0.033386631374615054 0.36492661017055655 0.1640314768266462 0.0013286477740257854 0.0 0.003557208864491688 0.04978157778736602 0.22786943488184883 0.0028318236672067467 0.001991242652883197 9.334016424109834e-05 3.194052418076117e-05 1.0613223331406953e-05 0.00029869974021790426 0.0002697780101083683 0.0 0.00012171441435275275 6.080987265852821e-05 8.194240237003716e-05 1.8861166027745508e-05 0.0 2.178980742364217e-05 0.0 0.0 0.05262858073420276 0.007380385425199692 0.0686703995642078 0.0004189180572060243 4.777683706793512e-05 0.001409994983085026 0.011524115914946247 0.004092139788133388 0.00016171517836390808 2.3050313526812044e-05 0.0001741641961993242 7.745938477721435e-05 0.0002218337131370203 0.0001263624869407735 5.7796976338401545e-05 0.00016788842689425637 0.006554241631520816 0.00019683582917875696 6.881029259937325e-05 0.00020843767515067979 0.00020452322785200245 0.0 0.0 4.423358085545405e-05 0.00016844273786654788 0.00013932495212949962 0.0008896602831713167 0.004803166908717355 0.0004676210410548646 0.002042261896440406 0.0009290135256456062 0.0211323076495079 0.00022823420677415437 0.003326315406233626 0.00020100138016768734 0.0001835664188595787 0.00015103320482902209 0.00020274377085556915 0.0008234653332108307 0.001162668048123842 0.012627959147790274 0.0 0.0 0.00467467889254182 0.0033513183549241854 0.00457823790032169 0.0046968593797275015 0.0010547872874215782 0.0028097553270355347 0.06103089565222002 0.0006161717017480753 0.007188869826690669 0.000283697368345022 1.2124887081103963e-05 0.00015568722306809888 0.00012365051246907715 0.00020662556194523754 0.0 5.88319457666059e-05 0.0 2.3040919078810426e-05 0.0 0.00044526801601969265 0.00012635509162778292 3.0022788265415633e-05 0.0018799174689970123 0.0004113698514049045 6.761473002949057e-05 0.0004369852445484532 0.003036806919644431 0.0 1.5248703736327078e-05 0.0 4.728251335975713e-05 0.0 0.00013055451119016578 0.0 0.00011361882600538926 0.0003664946919107696 0.00012129811361915171 6.261984523138359e-05 0.0004826546701276501 0.00029645467306027654 0.00034604836928347376 0.0004004207183342152 0.0 9.044718849292468e-06 0.0 0.0 0.0 0.0 0.0 0.0 0.0 0.0 0.0 0.0 6.085122188397613e-05 0.0 7.994654878134797e-06 0.0 3.932984362030016e-05 0.0 0.0 0.0 1.3518045234606312e-05 0.0 0.0 0.0 0.000504432451358495 0.0002404269983767277 0.001002645757218095 0.0003022541229848989 8.498535123366265e-05 0.0 0.0 0.0 0.0 0.0 3.518910150594947e-05 0.0 9.442538457882085e-06 2.841773060992743e-05 0.0 0.0 0.0 6.219509318342835e-05 1.0839030338316971e-05 6.670575070349588e-06 0.0 6.248007700919264e-06 2.4598081181315146e-05 8.094792767608346e-06 1.003116837334215e-05 0.0 0.0 0.00035999974451246113 0.0 0.0 0.0 0.0 6.133027982061682e-06 0.0 0.0 0.0 0.0 0.0008638006288739832 3.674858207651578e-05 0.0 0.0 0.0 0.00020369744249370614 2.3033312345317458e-05 0.00012010326073944506 5.844182979257285e-06 1.2483869734434446e-05 6.775804670256181e-06 0.0 0.0 0.0 0.0 0.0 0.0 9.426017927685946e-06 0.0 0.0 0.0 0.00045389992257367383 0.000510048078864311 0.000553587811766457
0.006903515747468089 0.001627996583995276 0.000160711955596093 0.06770272584570859 0.0010103801369405361 0.00964172732347572 0.012113975499948285 0.0007367041829958859 0.0005597626349390889 0.1018153050031609 0.003557208864491688 0.0 0.20617571813546348 0.01890870001312967 0.001910092652353896 0.0015883749393391577 5.699997114657002e-05 0.0 0.0 5.0240603319227774e-05 0.0001304367444645811 0.0 9.081525617154232e-05 5.956992224404969e-05 0.0002605763610877166 4.013262818977179e-05 0.0 0.0 3.498748728106133e-05 0.0 0.00047776724255276415 0.0004085096882288197 0.025911859587885885 0.00012362605045625926 0.0001315708205567355 0.0009762834044280472 0.026461341839230976 0.004447590793007786 0.0021645244751548024 0.00023046256840864629 0.0002956540214153527 3.2360219755033766e-05 7.82336837374316e-05 0.00014747937208567827 0.0 7.872813352710715e-06 0.0047355270840652615 6.0152485382124185e-05 9.01690494059259e-06 9.848190370224656e-05 9.864616807285738e-05 2.6501789566555467e-05 7.776759622838404e-06 4.552265955860589e-05 1.6538615458281385e-05 3.0635512410111304e-05 0.00014817201813545298 0.0004928034373014382 0.00016963649895756626 0.0012386700557699471 8.474696580800767e-05 0.003501148222524693 0.00015708115422781316 0.0009440152951902863 2.803888544085489e-05 5.1728322595878386e-05 3.802201125789547e-05 7.019248496603576e-05 0.00022902535771025115 0.0006468742707953494 0.050848028750244995 8.908228635922489e-05 5.160396384509748e-05 0.0015463963816750423 0.0006575581129791551 0.0016606370476825714 0.001986892477288814 0.0010284693791852712 0.00015790957022975664 0.0012220550123506185 0.00022435463615033555 0.00043768225114609004 7.953607807821568e-05 0.0 4.460717464756829e-05 3.847115759803894e-05 2.6709490940075503e-05 1.120497169927757e-05 1.6966495868983217e-05 1.8979758614667713e-05 0.0 9.408927002592684e-06 0.00020719612311578066 3.491055664574686e-05 0.0 0.06469937106719581 0.015696372330845986 3.888929394610625e-05 0.006480376026399843 0.0016376527491064879 3.0072856384291067e-05 7.327694822737669e-05 0.0001119870919275501 0.0006733094320714891 8.351502129333523e-05 0.001214052293762384 5.138091081046105e-05 0.001193456474266341 0.0022036322666844073 0.0010349035261213357 0.0005275924007307366 0.004312936623551941 0.0032150908552031434 0.003388602965054702 0.0034220241853872993 0.00011229645738229545 1.778405289548652e-05 0.0 0.0 0.0 0.0 0.0 7.574733017855725e-06 0.0 0.0 0.0 0.0 7.624828390155302e-05 1.4624510029375664e-05 0.0002277298774805849 3.7456449851889783e-05 6.752162462459328e-06 0.00016300276941550392 4.1987525967666627e-05 3.55015044786943e-05 4.831116384758085e-05 4.608434437149317e-05 0.0 0.0 0.0038944198765950926 0.0008262572356439227 0.0046452644761318515 0.0020260567527787383 0.000661053787465961 1.4260932834137332e-05 0.0 0.0 6.324165990710865e-05 3.6595371584620825e-05 0.00013854717188845756 9.160129667768248e-06 4.093227944132879e-05 0.00013274089484344482 1.2032528805430032e-05 0.0 5.011694379771265e-05 0.0005805063254581927 0.0 0.0 6.089977482258429e-06 6.94932639588658e-06 0.00011538098836426608 7.597961414065051e-05 5.4516650701101336e-05 0.00023137029297598218 3.7994181933117296e-05 0.0029685194044291848 6.466078038819212e-06 0.0 8.46210065379546e-06 0.0 0.0 1.3350186164880311e-05 6.414686339506812e-06 0.0 0.0 0.005826416565658819 0.00022778877460773295 0.0 0.0 1.543287852263751e-05 0.0019266119718373124 0.00015554405505006837 0.00045580048332606967 0.00017648205807868799 0.00011071350473136781 0.00014367766587105964 0.00010748265589622537 0.0 0.0 0.0 0.0 0.0 0.0 0.0 0.0 0.0 0.004346047391596272 0.00310252402678559 0.0030835720016957856
0.014099929166147874 0.012399492931790563 0.004814837615007602 0.2108544831003014 0.02295657573456219 0.008407099839682927 0.09204757243668436 0.013003077372021058 0.07075662336891093 0.5309714996317648 0.04978157778736602 0.20617571813546348 0.0 0.3867373933946985 0.007227783005647805 0.0039686403477259165 0.00016132382855303675 2.1902740658105334e-05 0.0 3.063118434612836e-05 0.00013515897499611902 0.0 9.810043890101135e-05 3.7595972517976355e-05 0.0001466829796829592 0.0002860418752640059 3.45915396248368e-05 9.075027960380158e-06 5.8587184691425124e-05 0.0 0.005337728720791707 0.001147515545671279 0.0718788091659535 0.0001503137694891803 4.4689554315987844e-05 0.0008218721492390796 0.05113959219841995 0.007304540820668205 0.0007565407496241332 0.00023260603314936195 0.00023770204687054752 2.1379794798265125e-05 0.00018225037248031088 0.00023227026325593273 0.0 9.617040480920143e-05 0.016444435891329687 0.00023758989049631586 5.185856863684749e-05 0.0001596850652940667 0.00014305623274327248 7.536773127337066e-06 4.168266035606242e-05 0.0 0.000286757810052925 0.0001647717203545753 0.0005891885258664815 0.0018868789812522219 0.000675968984719498 0.003441374537164555 0.0002196439544637418 0.011079102064910647 0.00011833141653282122 0.0029014414347174147 0.00015243881421862348 0.000267750180269838 0.00012298084573573236 0.00022374769468672535 0.0005199662996882601 0.0007324432956752984 0.05358814482746475 0.00054621349547455 1.5761841116348447e-05 0.005702869121235242 0.003579287062143825 0.007994911835530208 0.009349122088662497 0.002628438956929172 0.0009689822803724662 0.0069421076630614776 0.0004324564885524606 0.0024146191594084003 0.0002951291336802208 2.7273603234720918e-05 0.0001677251541078249 0.00011376479754737357 0.00023770224838071385 2.9940221952333795e-05 0.00013179610672042866 3.7134983876826806e-05 3.525732646161782e-05 0.0 0.0002977926548672437 0.0002791223387877128 1.7019118652262773e-05 0.0767588336520891 0.006181803003042125 2.870737779937769e-05 0.0026858642240910314 0.005323018152707514 9.73396840667298e-05 0.00036750111681827744 0.0010083360915899304 0.0013534576545045777 0.00010998326822637943 0.004329761692869167 0.00024262237235652727 0.004511344625688873 0.008181723614709783 0.004045181671455293 0.0013294931532196023 0.013829442593990033 0.00872224799258153 0.010162082517413807 0.007944242671290536 0.00017768715329070274 0.00016430861530610468 0.0 0.0 0.0 1.390367512985385e-05 0.0 1.8111705122541895e-05 0.0 0.0 7.943470635190389e-05 0.0 0.0002305376799467213 0.0 6.527028367367139e-05 0.0 0.000271295648138981 0.00012097360351919856 0.0 0.00023433135548569375 0.00014214083757583358 0.0 3.8527664131901836e-05 9.859053364856693e-06 0.007132394851191779 0.0017037638658826003 0.008185779443413132 0.0034979321934959654 0.0008109157662069949 2.4532074489199424e-05 0.0 8.018206791758744e-06 3.9010171416062315e-05 5.2348801578533544e-05 0.00019379416535537263 0.0 8.617794510732397e-05 0.00019821997222989874 0.0 0.0 3.551537564571961e-05 0.0008364923345079176 0.0 9.203378374292505e-06 0.0 0.0 0.00020627239115342643 0.00014185844310064954 0.00023180055241791032 0.00021192451952806464 0.0002842450812358007 0.005503344020512957 4.31079830557908e-05 5.811463454212425e-06 1.30690497518005e-05 0.0 6.856181349645088e-06 0.0 0.0 0.0 9.611108869506826e-06 0.010578544379314705 0.0002753208093074204 1.0084233818298631e-05 0.0 1.452285200446682e-05 0.004685366103138735 0.0002638494406176412 0.0009251802731796156 0.00017445502547163555 0.0003407784401760868 0.000248651704087899 8.473197642473134e-05 4.65043245926401e-05 8.025242579780355e-06 5.577798762077678e-05 0.0 0.0 2.895607933428697e-05 6.490329181708944e-06 1.0743916438646784e-05 0.0 0.010370954056615866 0.0047858651258085375 0.005167840445342185
