0.0 0.06829019319676773 0.03642433484330471 0.08475234470459769 0.01772292544254276 0.003484383705054035 0.026717848299040545 0.011185713951960614 0.008828232281678677 0.09102508926604301 0.034886465445665094 0.002241240040592474 0.0029946725779945484 0.012083174502110232 9.124553937760576e-05 8.097900049772167e-05 2.685123292814946e-05 0.0 7.810936303062919e-06 0.0 2.9310003562645176e-05 0.0 0.0 0.0 0.0 0.0 0.0 0.0 7.544146365547626e-06 0.0 0.020922541388620285 0.00022748864101788873 0.001558506616937501 6.369056780874479e-06 0.0 3.5073213092961606e-05 0.0002607451038959982 4.27199548571133e-05 2.966802018848052e-05 0.0 0.0 0.0 1.9144345827845563e-05 1.4819958564462231e-05 0.0 1.4850123567887642e-05 0.0013063078233495407 0.00014377394089000667 6.288516158049083e-06 4.965633276004177e-05 1.334021454430718e-05 0.0 0.0 9.767721671878942e-06 9.360537300371657e-05 0.0003754725975132627 0.025223774482841237 0.06083470308617575 0.00221011660547479 0.0005998656873488866 8.043323363017355e-06 3.0753640640448014e-05 0.0 0.00048160405218732966 0.0001511703220408646 5.8325063184578014e-05 8.901132831262531e-05 1.8570995525879564e-05 2.061437234848041e-05 0.0 0.00038497020071748267 0.0 0.0 0.0072648104592381284 0.0017984556560790156 0.0013866026437439208 0.00020466821033403385 8.241101478383101e-05 6.789865901807339e-06 0.004427125092766075 1.8831725717298253e-05 7.669996772112255e-05 0.0007361375119691568 0.0 0.00012295002206301283 0.0001585850473600501 3.9999853533030645e-05 6.247315488392677e-06 1.2263061562268925e-05 3.348955487069618e-05 2.366019712437035e-05 0.0 7.909562555237799e-06 6.782587329099878e-06 7.934707699638457e-06 0.0017714205484466422 0.0004652361252418935 1.1203148545139589e-05 4.216418711604194e-05 0.06755292032361233 1.6078423148786756e-05 0.00011857270754061106 1.794886095649922e-05 0.0 1.3299003049127065e-05 0.0002777926635880216 0.000695957447853281 0.0 0.0006871317587972417 0.00099565186653192 5.090839181830641e-05 0.0004976323238687368 0.0016522361090281427 0.000251074238821565 6.373318980598502e-05 1.734331427342305e-05 0.0 0.0 0.0 0.0 0.0 0.0 0.0 0.0 0.0 0.0 0.0 5.9653048645384744e-05 0.0 0.0 0.0 0.0 3.01854241839035e-05 0.0 9.88217611331162e-05 1.21601057374048e-05 0.0 3.383857230234938e-05 0.0 4.625309185648474e-05 2.746470707856029e-05 2.6476006903589783e-05 8.570912966341746e-05 0.0 0.0 0.0 0.0 0.0 6.648709096227823e-05 0.0 0.0 4.827964008407771e-05 0.000111611287654155 0.0 0.0 0.0 1.3027692500268789e-05 0.0 0.0 0.0 0.0 0.0 5.198909620891769e-05 2.047019929727656e-05 0.0 0.00010458406514021393 0.0001048941737292601 0.0 0.0 2.002512826731883e-05 0.0 0.0 0.0 0.0 0.0 0.0 0.00013543845192509786 2.3217533818245248e-05 0.0 0.0 1.0778731977628616e-05 4.357899009304041e-05 8.2246498663186e-05 3.6747952177374727e-05 0.0 4.918829124235845e-05 0.0 0.0 0.0 0.0 0.0 0.0 0.0 0.0 0.0 0.0 0.0 0.0004949132974554792 3.8312691841760376e-05 2.9136779900162728e-05
0.06829019319676773 0.0 0.1440870036036829 0.0614788918009072 0.27078674943955117 0.005919352905638288 0.15535857519175159 0.04066101491584428 0.16750006704003997 0.05180620210705861 0.13067505052246225 0.02006824162489161 0.043440253765670844 0.12504480441859422 0.0017497018918065197 0.0006106781341465249 9.76023257457506e-05 1.4507879093305004e-05 3.216828505536389e-05 2.084660211994327e-05 3.777853439319998e-05 0.0 1.6224197740704456e-05 9.018738710006841e-06 4.9968574614054675e-05 5.895241374600094e-05 3.696588779996932e-05 3.748974444432009e-05 2.436208332693614e-05 1.246422908542931e-05 0.1061344944562903 0.0016968646973246015 0.0021126959546231656 1.8423832719744694e-05 1.65970822681648e-05 0.00010918195671299599 0.0007100247892638815 8.52830020263645e-05 0.00017041193710964802 2.451219640668026e-05 1.5922499946786922e-05 3.1555860980753115e-05 0.0001403195681723786 0.00022364234517896652 6.548314781312588e-05 4.462514577991848e-05 0.01795994366408832 0.0007830714503044755 5.6663605107372835e-05 0.0001733722185971666 9.533318262613842e-05 0.0 1.4257024963489118e-05 1.4483672585489715e-05 0.0002667130686553922 0.0011897135232509736 0.024240521593595375 0.11320977803343966 0.0034136572199254217 0.004740107523084898 1.4345103334795545e-05 0.0002185874012686597 2.6417734383039733e-05 0.006554045076156456 0.0005097651301825223 0.0005103485717829743 0.000375396001838637 0.00012274516494665326 8.375333132764575e-05 5.5769115644493785e-05 0.0003997128688634151 5.324254793896809e-05 0.0 0.02496453430631752 0.015633153973537362 0.016919717264283807 0.0021694321455038223 0.00038811678819449186 0.00021530832784848696 0.008986502955193345 0.00014126060834241197 0.00030951625905393967 0.0021724435081801685 2.5073885709222014e-05 0.0005471893709748506 0.0005812137780380112 0.0001761385920303669 2.534468618487481e-05 8.104506548495774e-05 0.0 3.214575586692843e-05 1.7257774805824823e-05 0.00017119435183592444 0.0001149167403284315 2.7038221562429327e-05 0.0016376057149358081 0.0003115675187681893 0.0 0.00021337271338327826 0.04751765365913779 1.1581625410790394e-05 3.9998064774436126e-05 0.0 0.0 4.659253443081254e-05 0.00018495947519067376 0.00022625732111587404 1.1943321441096748e-05 0.00029125169908059037 0.0003675566300687605 3.099543062293949e-05 0.00013390957212640559 0.000589962148974916 0.00013492096005189415 2.0205952084242537e-05 7.408626728562644e-06 0.0 0.0 0.0 0.0 0.0 0.0 0.0 0.0 0.0 0.0 0.0 8.580046460697461e-06 0.0 0.0 0.0 7.977897081680287e-06 0.0 0.0 2.1555212246325166e-05 4.232717492745705e-05 0.0 0.0 0.0 7.835478847870132e-05 5.451402607638532e-05 0.00024177313351901253 0.0001773991841484986 5.4547694091924796e-05 4.413807744911825e-05 0.0 0.0 1.0905449190244816e-05 2.4841550866499603e-05 0.0 0.0 2.403840908308797e-05 0.0 0.0 0.0 0.0 1.824486834571738e-05 0.0 0.0 0.0 7.889688804089316e-06 2.750480545518462e-05 8.828480130770473e-06 0.0 5.987270616304503e-05 5.082099036062973e-05 5.459402287584307e-05 0.0 0.0 0.0 0.0 0.0 0.0 0.0 0.0 0.0 0.00023725597933886921 0.0 0.0 5.824419588565472e-06 0.0 0.0001264340462084855 1.110904545148974e-05 0.0001572010308988972 0.0 6.203487145733638e-05 0.0 0.0 0.0 0.0 7.506111843179189e-06 0.0 8.016951750459693e-06 0.0 0.0 0.0 0.0 0.00028513180764783277 4.390849865737378e-05 0.0001725405954976645
0.03642433484330471 0.1440870036036829 0.0 0.00801673795655511 0.032464005996130266 0.0005918983613911108 0.01607314947962742 0.1564196844423054 0.033064220277760195 0.005602647646170465 0.17606997037855907 0.006416606345729041 0.01392193551054861 0.08882289497718232 0.0007776255031239923 0.0014151463014782507 0.00013874690517982912 7.359749552683036e-05 0.00010533496421978303 0.00065081650152904 0.0036560220969479827 1.4763740983030906e-05 0.0012067721361211045 0.001088011098218069 0.0005267457512038665 0.0004524097008784761 0.00037324715193851125 0.0 4.0124781987052325e-05 0.0001450882651766845 0.43530320693857233 0.07492267908865585 0.011239340220139483 0.00047482455968442033 0.0009129751118863731 0.0012447240597436202 0.0018401989251820923 0.0004919358976309945 0.00018384540971995997 0.00020357779735903964 0.0008448200242305679 0.0008361823815261546 0.003027369944601443 0.0003722641517201728 0.0006127293429171334 0.00010402298015661348 0.004788099781493371 0.00022285182340902088 4.056643788267672e-05 0.0010366516424872366 4.568064007298683e-05 6.458973326107187e-05 0.0001538495945838701 7.70773690391528e-05 0.00014180002954267842 0.00045343410044667085 0.010554721912970598 0.10074221221148298 0.001461615525870837 0.0013935959412953326 0.0005937195538914579 0.007513022226452503 0.00031381378246183423 0.01354892286874629 0.00013572988998811629 0.0002159181289623819 0.00011854620920574642 9.429029624742134e-05 0.0023025833355665914 0.004636410452642779 0.0014982887306725602 0.00015456157526889952 1.0348340994619715e-05 0.008269046842853641 0.013179718024036603 0.0062242354393623675 0.0018616528863051398 0.0030803194583494406 0.017265020179835038 0.10560273600045923 0.0006316578271653684 0.028659367368491902 0.0007225469514578527 0.0 0.00014045491874015495 0.00016551903505102256 0.0004499948041811981 0.0 3.407695033448508e-05 0.0 2.0461861733631876e-05 0.0 0.002640005176883417 0.000723180653417717 0.00022348318387178576 0.00403855764757139 0.0005739743360963932 4.631204383784659e-05 0.00028014221360340156 0.009533518821360491 1.551691979053463e-05 0.0 0.0 0.0 0.0 7.64417535087736e-05 0.0001011296710899362 0.0 0.00027932491458215687 0.0002094784623846989 2.985164144809048e-05 8.165914140712784e-05 0.0006065103826593196 0.0001221874454273362 1.8514111856342198e-05 1.3023164884175173e-05 0.0 0.0 0.0 0.0 0.0 0.0 0.0 0.0 2.64342605001792e-05 3.8442514706090854e-05 0.0 0.0002446756003419545 0.0 7.331280144668665e-05 2.4694451103120472e-05 3.386380277734871e-05 0.0001586347186836133 0.0 2.3772113935685863e-05 3.23156439945166e-05 0.0 0.00013586411342783565 9.988694809067982e-06 0.0002344919009166958 0.00011233685055066968 0.0004125894268639378 0.0003473313022074602 9.426779444119292e-05 0.0 3.2291387816651344e-05 0.0 0.0 1.5563442797084213e-05 0.00014149004449196169 1.0581122867791881e-05 1.5536179034013585e-05 0.0 0.0 0.0 0.0 0.00021068071702913822 5.4468695787830584e-05 0.0 0.0 0.0 0.0 5.401472999815476e-05 0.0 0.00012808749721891693 0.00013565597235701824 0.00018324464919195548 1.0252103362412089e-05 0.0 0.0 0.0 0.0 4.58369791024563e-05 1.571332280967077e-05 0.0 1.9531143700457732e-05 0.0004743908274353575 7.41495679435429e-05 8.905252834548616e-06 0.0 4.8621957153348775e-05 7.103211513482002e-05 0.00011441702523875378 0.00019981319028525166 7.740611153848468e-06 3.2430020110101247e-05 2.2093401247274966e-05 0.0 1.7271876005652814e-05 0.0 0.0 0.0 0.0 0.0 9.164447711986754e-06 0.0 1.9467028581080826e-05 0.00028020109999482557 0.00012998071065492821 0.0003854442816038062
0.08475234470459769 0.0614788918009072 0.00801673795655511 0.0 0.01997387171137486 0.01596027290157784 0.03775468332171511 0.0003256828853859533 0.005099070766782168 0.14361145017390442 0.01151666705698461 0.0019439624493751077 0.0023692673574514855 0.005865963012132872 0.00020459074543353368 6.755175128995298e-05 3.2133307151455276e-05 0.0 0.0 6.897735240845631e-06 0.0 0.0 8.07245866809911e-06 0.0 0.0 0.0 0.0 0.0 0.0 2.3160004438058236e-05 0.0027930487322642946 0.00015362569664489233 1.4517745602975116e-05 0.0 7.177909346441888e-06 0.0 0.00020841161339084783 0.0 3.8339298431862135e-05 0.0 0.0 1.2009587655714758e-05 4.1025217209631244e-05 4.542584672613084e-05 1.3553069812303332e-05 0.0 0.003681825869395249 0.0001832155049717366 8.267263967294472e-06 4.511775423167715e-05 4.292319132889368e-05 0.0 0.0 1.8769473861590814e-05 8.070664624101847e-05 0.0004974339767129011 0.011403584182660818 0.029555380463337822 0.0015416668423476033 0.0011350977241973887 8.114746347695295e-06 6.595214070330482e-06 8.956812893601792e-06 0.0010843511752321655 0.00018382936247304593 0.00016010723061713332 0.00013135047244853463 4.714442472400851e-05 2.3428440491973253e-05 2.3141034299741952e-05 1.6279343595288307e-05 0.0 0.0 0.008877742422745744 0.003439200010647042 0.0031840433082716427 0.00028088473118043555 8.169901690532282e-05 6.08108135713458e-05 7.164297396606115e-05 3.37647606977042e-05 2.0519543944741864e-05 0.0007506246136984812 1.5465559685272373e-05 9.393423840458233e-05 0.00010391799359086012 8.411950084642716e-05 0.0 1.4835074179541584e-05 0.0 0.0 0.0 2.0351914530836414e-05 2.1204842897799e-05 0.0 0.00014826024296436658 0.0 0.0 3.3928378299881124e-05 0.046702918875873925 0.0 6.02442788917497e-05 0.00021713945626921505 0.0001817932591287884 0.0 0.0005007057919378228 0.00039578301271734733 0.0001308907907823389 0.0014017668666983308 0.0006857104757891084 1.6110311320868888e-05 0.0007269078137313945 0.00107681492831495 0.0001624579083973659 3.8529429015200504e-05 0.0 0.0 0.0 0.0 0.0 0.0 0.0 0.0 0.0 0.0 0.0 0.0 9.979964342592097e-06 0.0 0.0 0.0 0.0 0.0 0.0 1.4400292491474244e-05 1.34412848176589e-05 0.0 0.00011183116486626706 0.0 7.898909857827996e-05 0.0 1.7945385326592196e-05 2.2673720639329367e-05 1.6457140723141268e-05 2.0877367621536938e-05 0.0 0.0 0.0 0.0 0.0 0.0 0.0 0.0 0.0 0.0 0.0 0.0 0.0 0.0 0.0 5.928228082620782e-06 0.0 0.0 0.0 1.3504969463269382e-05 0.0 3.888297852051591e-05 0.0 0.0 0.0 0.0 0.0 0.0 0.0 0.0 0.0 4.08621300581162e-05 0.0 0.0 0.0 0.0 6.356206502151165e-05 0.0 2.614180324594302e-05 0.0 0.0 0.0 0.0 0.0 0.0 0.0 0.0 0.0 1.039341210740088e-05 0.0 0.0 0.0 0.00034886011768980575 9.97271760966026e-06 1.0056244166643596e-05
0.01772292544254276 0.27078674943955117 0.032464005996130266 0.01997387171137486 0.0 7.439597533029526e-05 0.27718832524671816 0.018676227250900485 0.3969616102467526 0.05722913891699492 0.1426775558562946 0.005279451623016245 0.09692702879971274 0.24836442083630145 0.000605248489567956 0.0003695312234240826 1.60568134930713e-05 0.0 6.7400895069845825e-06 0.0 6.7681046887599145e-06 0.0 1.8312666053542862e-05 3.406677115821834e-05 2.8251037460442874e-05 0.0 0.0 2.0193404028669436e-05 1.3208494029349557e-05 0.0 0.0068731189442925505 0.0004736318315008474 8.339619602679965e-05 2.7166246753028116e-05 0.0 0.0 4.9014056348602205e-05 2.569700794844219e-05 8.639614223319867e-06 9.850300677139735e-06 1.1947405847513693e-05 0.0 2.5277531003721403e-05 1.4371358413774429e-05 7.345427321132663e-06 0.0 0.005451039703607139 0.00010013005369270004 1.0515740525345168e-05 2.515650801657766e-05 2.246819043011309e-05 0.0 0.0 0.0 3.6889743613361966e-05 0.00014927536951630878 0.00121318746883187 0.005980794160139678 0.0002587933294710698 0.0008947087625176336 7.935005083142777e-06 8.726638061257654e-06 0.0 0.0013449425636962058 1.8782091964670282e-05 6.60785191407084e-05 3.82707321118531e-05 4.622381900357229e-05 1.5098012141001981e-05 0.0 4.956763287631518e-05 0.0 0.0 0.002840264132624133 0.002786014851416475 0.003836182158984408 0.0005865684523624997 0.0001018285490705011 4.809346973203136e-05 0.00038071750007211944 3.057701840031555e-05 3.918922239759692e-05 0.0002862106519587521 0.0 2.126438455180539e-05 4.8502434456432396e-05 1.2623406949293341e-05 0.0 1.0118711896029763e-05 0.0 1.3075048435348678e-05 1.104317150290741e-05 7.912435776590035e-06 2.5457137904420793e-05 0.0 0.00016334155450625868 0.00010234872376319882 0.0 3.818492264295759e-05 0.00025111625649986395 3.4364162940880594e-05 0.0 1.6315801411967884e-05 0.0 3.6637841318132574e-05 8.594612775967764e-05 7.008605797134164e-05 3.4376142338061074e-05 0.00037861795979570584 0.00023824037796015305 9.348403926036273e-05 0.00017497066448482243 0.0009042937951985333 0.0002539571018946559 5.358098628677274e-05 0.0 0.0 0.0 0.0 0.0 0.0 0.0 0.0 0.0 0.0 0.0 0.0 8.243148266519263e-05 0.0 0.0 0.0 0.0 0.0 9.554349325926672e-06 5.5534751334473146e-05 6.38440068714505e-05 0.0 0.0 0.0 0.00016962817237688513 0.00022611922946181426 0.0002017064400186071 7.741206876050377e-05 2.0654820325841085e-05 0.0 0.0 0.0 1.4408615408822147e-05 0.0 0.0 0.0 0.0 0.0 0.0 0.0 0.0 8.653512285379383e-05 0.0 0.0 0.0 0.0 0.00013701774682451184 3.18849263354098e-05 6.303661957235727e-05 3.896258050675592e-05 9.892420943195693e-05 0.00011639653465543204 0.00019735109048381682 0.0 0.0 0.0 0.0 0.0 0.0 0.0 0.0 0.00044821475949647987 2.137763290253746e-05 0.0 0.0 0.0 0.0001346064505690613 0.0001572252253075978 7.412605172206313e-05 9.857621915146528e-06 3.0108678225536873e-05 0.0 0.0 0.0 0.0 0.0 0.0 0.0 0.0 0.0 0.0 0.0 0.0006774597048255867 6.074058330466271e-05 0.00020385616105499392
0.003484383705054035 0.005919352905638288 0.0005918983613911108 0.01596027290157784 7.439597533029526e-05 0.0 0.0009388317943991794 7.866963737354225e-05 6.990122807384903e-06 0.01777055451577462 0.00044200448831343365 0.009980436446865155 0.003775943433586324 0.0013545331097526516 1.1170493671260441e-05 3.5772493528290395e-05 9.565000367668145e-06 0.0 0.0 0.0 0.0 0.000288986765816111 0.0 1.015905034456229e-05 0.0 0.0 0.0 2.799150953895172e-05 5.6331954999731056e-05 0.0 0.0003061139383198982 0.0 0.0018329696003291781 0.0 0.0 2.6670989231937607e-05 0.0008564114983207543 5.1577913525746745e-05 0.00019772956161830793 0.0 0.0 3.003319694305801e-05 0.0 0.0 0.0 0.0 4.555611152654697e-05 1.0128965577371448e-05 0.0 0.0 0.0 0.00035762081539584303 8.158260750166687e-05 5.0231690241463054e-05 0.0 2.859314184001277e-05 0.003574350123474483 0.001269218394036176 0.00028466121321694 1.2350263066154687e-05 6.675002000860146e-05 0.0004976365273559146 0.0 0.0 0.0 6.65917253801132e-06 1.1505251977798558e-05 0.0 0.0 0.0 0.0015498495755313915 0.005388211130859863 0.0004361758887991245 0.00023200975670291504 5.8851747837799644e-05 5.2777691672438115e-05 0.0 0.0 0.0 0.0008346894953202133 1.24331292661916e-05 0.00016329236014253433 0.0 1.0357804412730443e-05 0.0 4.118223761029906e-05 0.0 4.864847204489674e-05 0.00010172337719725359 0.00032259098845473656 1.864573494158641e-05 3.241962633374681e-05 0.0 0.0 3.515520178878235e-05 0.015254413230014925 0.009750222796103374 0.003285026733540982 0.0005024526124534737 0.012414166067672799 0.0 0.0002619910681844131 9.14454619655393e-05 7.472469681537521e-05 0.0 0.0005728224812695833 0.0023031416014564583 0.0001421770207643986 0.0018389942201485212 0.0021923544322666913 0.0 0.0005776993688762636 0.0036752125652380003 0.0005105677848173669 0.00030845068938227315 1.5207267783870914e-05 0.0 0.0 0.0 0.0 0.0 0.0 0.0 0.0 0.0 0.0 0.0 0.0 0.0 0.0 0.0 0.0 0.0 0.0 0.0001396340734047014 1.4285755903420459e-05 0.0 0.0 7.081709667246803e-05 2.701919665969896e-05 4.3489047821269e-05 0.00015482736543746023 0.0 0.0 0.0 0.0 0.0 0.0 0.0 0.0 0.0 0.0 0.0 0.0 0.0 0.0 0.0 0.0 0.0 0.0 0.0 0.0 1.76204273029909e-05 0.00011574675934003769 0.0 2.3465229442319314e-05 2.0193237825040685e-05 0.0 0.0 0.0 0.0 0.0 0.0 0.0 0.0 0.0 0.00025268053066672993 0.0 0.0 0.0 0.0 4.672314246400989e-05 4.8188225541081484e-05 4.95685893431749e-05 0.0 2.901536337339228e-05 2.7761839048653456e-05 0.0 0.0 0.0 0.0 0.0 0.0 0.0 0.0 0.0 0.0 0.002047705229317509 7.543111318121667e-05 3.5834857460008015e-05
0.026717848299040545 0.15535857519175159 0.01607314947962742 0.03775468332171511 0.27718832524671816 0.0009388317943991794 0.0 0.0024600480271898557 0.1851466557602154 0.16854888525173906 0.027165556370218093 0.017244809787375685 0.2905457274323574 0.2180661536251935 0.0019129614155884538 0.0011742484898771925 6.43701578900327e-05 0.0 3.862258710430985e-05 2.531421551960342e-05 4.283950175225915e-05 0.0 0.0 2.6978114434007875e-05 8.553441717302687e-05 6.942379700633443e-05 5.850706379960875e-05 2.116568570494209e-05 5.418079353189507e-05 4.949644868995441e-05 0.007827518812265781 0.0008135334093076216 0.0008892894187432749 1.6206804308077016e-05 9.4331665031093e-06 4.917045651044087e-05 0.000256741550131682 7.061617113160238e-05 0.00018932260827701295 7.793233706214181e-05 1.8725655962378184e-05 5.192642852574062e-05 5.215786612358597e-05 0.00013672047921697449 2.5446835189824638e-05 1.7552567826000708e-05 0.01588453709129584 0.00033400561615276993 1.4245826914402442e-05 5.105790949424638e-05 2.9212900525336115e-05 1.1479882044582004e-05 9.77949028974479e-06 8.523157060000484e-06 0.0001014538681429001 0.00026516339875680905 0.005516956395496254 0.02075709319070207 0.0010313112008608495 0.0027627589621309237 4.8224219770627984e-05 0.00014189536165166734 0.0 0.0035866408990142496 0.0001497671456763327 0.00023279331766111398 0.00017515282270674255 0.00011499454973530398 7.899203484238793e-05 8.391443167716191e-05 0.0004955568952176072 0.00019746186488398294 0.0 0.010903117025065325 0.007296668004003298 0.011425034617210313 0.0017053598239197343 0.0005456428019520153 0.00010742455329272343 0.0008295112467844416 3.616812757543351e-05 0.0001407521608758718 0.0009895716016103111 0.0 0.00019613047893513966 0.0002093223268113957 9.168955014303524e-05 0.0 1.528687613806606e-05 8.934083114579908e-06 0.0 2.06662246966738e-05 8.176942929552248e-05 7.172161088870204e-05 5.151553367414131e-05 0.001489781906143864 0.0009670683772382844 0.0 5.282266408191484e-05 0.002458885705992003 0.00027786685090201913 0.00012469973235669938 0.0008742186576294337 0.0012947068711949472 0.00022524201689798384 0.0007628446902900678 0.0010539191679059489 0.000843299522750433 0.0050579896249170414 0.0026460267050605474 0.0006354601019673096 0.0018785546987874525 0.006283410837245786 0.0015320206562832556 0.0007757296501705819 9.109993417329442e-06 0.0 0.0 0.0 0.0 0.0 0.0 0.0 0.0 1.5619907455174373e-05 0.0 0.0 0.00027628940461997775 3.598900400252808e-05 0.0 1.9961496475735886e-05 0.0 5.2563287080960144e-05 2.0482688130867004e-05 0.0007049972848722068 0.00040450837718758004 0.0 0.00019763482363953217 0.0 0.0014093663773393236 0.0007274492720405053 0.0020859200062076813 0.0008142457892634373 0.00023904207931211546 1.424198003271165e-05 0.0 0.0 0.0 8.020917585552214e-05 4.4004546524518696e-05 0.0 3.786612115837079e-05 4.4228013989730046e-05 0.0 0.0 0.0 0.00010807839072669171 0.0 4.2352974060849e-05 1.4572926481312158e-05 7.337134333173847e-06 0.0001576994545672757 0.00025692644243513474 2.6664130944268372e-05 0.00025568769495026275 0.0003868512061467245 0.0009059016204472919 0.00032455146914791145 0.0 9.105172875300092e-06 0.0 7.890978951797568e-06 0.0 7.340113262581152e-06 0.0 8.486302519716642e-06 0.0023616532049712756 4.0482807528024846e-05 0.0 0.0 0.0 0.001152817794078192 0.00042344318863602696 0.0007942253242496563 4.7619597714635916e-05 0.000480576848171698 5.245907358495891e-05 3.477773042324572e-05 0.0 0.0 0.0 0.0 0.0 0.0 9.63852668792375e-06 0.0 0.0 0.003278438616556637 0.0005072863654425262 0.001245417710906619
0.011185713951960614 0.04066101491584428 0.1564196844423054 0.0003256828853859533 0.018676227250900485 7.866963737354225e-05 0.0024600480271898557 0.0 0.010291516822797466 0.00095651984429123 0.2627738045319046 0.0026741541666206363 0.005452698233698578 0.06203317709794544 0.00190991087024743 0.002624291080367199 0.00010984463159508625 4.203592312712597e-05 0.00013173347629348356 0.0005719644999302293 0.0032643026190378606 1.9144413328169886e-05 0.0009732151560879646 0.0008869954164004468 0.0005429647826225783 0.00071567329536572 0.00045920963642772197 0.0 4.43311041784473e-05 0.00022773383912996295 0.12455148284883372 0.20398944877719855 0.02066062831355825 0.0003633776703437406 0.001163775973120847 0.002281398212315427 0.001984202427033569 0.0007880190769774534 0.00031212630300960317 0.00015631566289493873 0.0010099982835758573 0.0006491995338071086 0.0024128824786851075 0.0035480411359346976 0.000383256169439564 0.0005792496080700349 0.009433440216287626 0.0002164699008116126 6.478132401652031e-05 0.0005987811917961918 8.840272819506687e-05 8.658713631125189e-06 0.00013841236784133384 7.320419278805838e-05 7.194459088694861e-05 0.0002613294860434221 0.003447206668279645 0.025017958772724898 0.0004815960877858553 0.0017182608259527982 0.0018618403302482114 0.025311091216785372 0.00040558362041987644 0.03152608193972461 0.00011685961235209571 0.00013858692527201716 9.647838548702508e-05 8.52872787450262e-05 0.0016944506042632602 0.0041640837730260475 0.0019678200862217085 0.00040048528844732794 0.0 0.005431581250432826 0.011507940874868942 0.009699913476668168 0.01975404330136046 0.023431869990502972 0.08766466981363262 0.263906403090981 0.00692002938487346 0.10918340357480627 0.00047440162239288473 0.0 0.00010627902375573881 7.758337694208473e-05 0.00028943043207516826 0.0 6.202213172631403e-06 1.7499749459014915e-05 2.171818859542105e-05 1.4040323450597687e-05 0.002600928830947974 0.0006716562994889325 0.00022674743460281488 0.0017715851626337964 0.0007054535622295929 0.0 0.00021201527358283807 0.0023131318850703295 5.386617069946106e-05 0.0 0.0 1.6506333176479103e-05 9.50135201940188e-06 1.400413945598847e-05 1.13392572179736e-05 1.2859063954204276e-05 0.00015080388379437696 8.906654930907959e-05 7.724761186184141e-05 4.090438971870983e-05 0.0006093356666821736 0.0001438653274140003 0.00011203914355422871 1.140974029247514e-05 1.6688599335238536e-05 0.0 3.193690922668325e-05 0.0 0.0 0.0 2.3352674561900312e-05 0.0 0.0 1.6844590037562686e-05 0.0 0.0001565777672910733 1.1231880758661953e-05 4.6367508090186676e-05 0.0 1.9160335126368018e-05 8.131473437498488e-05 6.885165788943313e-05 0.00014864553290520527 0.00010512956964801093 0.0 4.671087650884881e-05 2.3729863190229404e-05 0.00019775836324254124 0.00028721050497032796 0.0006309544292102561 0.0006978121517174715 0.00018845499413194192 0.0 8.839109648823624e-05 0.0 1.2523722342976751e-05 1.0024619627903622e-05 1.0181515216650989e-05 0.0 1.6515681334602066e-05 0.0 0.0 0.0 0.0 0.00016181283199605796 3.5236026422406295e-05 0.0 0.0 0.0 2.0055599569385734e-05 4.1144944317907125e-05 0.0 0.00010275665369489208 0.00032226935514050595 0.00017541371305223257 0.00013549520696194166 0.0 0.0 0.0 0.0 0.0 0.0 0.0 1.2492844128577374e-05 0.0003231493345808379 1.9986227703053442e-05 0.0 0.0 5.2240596686178726e-05 0.00016846180115957316 6.438122348565277e-05 0.00021819540077671072 9.432252701548921e-06 7.975591245129657e-06 9.071877385135406e-06 2.90547046001523e-05 0.0 0.0 0.0 0.0 0.0 0.0 8.300506603431619e-06 7.855719584272448e-06 2.123524542595056e-05 0.00023719203042312103 0.00022376070254009499 0.0005230934793160457
0.008828232281678677 0.16750006704003997 0.033064220277760195 0.005099070766782168 0.3969616102467526 6.990122807384903e-06 0.1851466557602154 0.010291516822797466 0.0 0.026540437449435062 0.08572059755587612 0.002786592679027689 0.055649791825820694 0.19748584412775813 0.00016237417679222752 0.00011228585851321364 0.0 0.0 0.0 0.0 0.0 0.0 0.0 0.0 0.0 0.0 2.6476124710759588e-05 0.0 0.0 0.0 0.00524312228938324 7.167092674187627e-05 4.1849494236101554e-05 0.0 2.2224733953765493e-05 0.0 8.720551569749524e-06 4.5360179736090065e-05 2.2938086296328705e-05 9.487079521581024e-06 0.0 0.0 0.0 1.6428246126763226e-05 0.0 3.0024151899598977e-05 0.0007296669149598425 2.3006001174528488e-05 1.0468320910714044e-05 1.0630445227414247e-05 0.0 0.0 1.0692275524492438e-05 0.0 0.0 9.74794025607977e-06 0.0002583424782482454 0.0012448596010316523 5.564750998945613e-05 9.090094003321803e-05 8.835148653376995e-06 1.1938061510163797e-05 0.0 0.00019367874743823871 0.0 8.08888098757004e-06 8.168023844245577e-06 8.824553649640625e-06 0.0 0.0 2.551595806911156e-05 0.0 0.0 0.0003500118368791715 0.00030197023159444825 0.0005506462590347529 7.938723650537808e-05 5.1100214367321395e-05 0.0 0.0013019643990843123 1.0153820343018429e-05 3.381511912362534e-05 6.6389097048047225e-06 0.0 8.137897685346428e-06 6.33092610238366e-06 0.0 0.0 0.0 0.0 0.0 0.0 0.0 2.087739181976641e-05 8.227267477952133e-06 6.147347762791241e-05 9.090788492507704e-05 0.0 3.0383964288779462e-05 0.00024227939359296733 1.2198701913415234e-05 0.0 0.0 0.0 0.0 7.572888003643576e-05 5.73127124242746e-05 4.0132515231755685e-05 0.00017379823606859587 2.0737037631250802e-05 1.959206720072617e-05 0.00018990510805690195 0.0006933049863117368 7.159229268481519e-05 4.265345175456466e-05 0.0 0.0 0.0 0.0 0.0 0.0 0.0 0.0 0.0 0.0 0.0 0.0 1.8334120967948797e-05 0.0 0.0 0.0 0.0 0.0 0.0 7.952533325380202e-05 0.0 0.0 0.0 0.0 0.00020582019825110588 9.42336494658146e-05 0.0002398636919861616 8.283387120233645e-05 0.00010146637544356039 0.0 0.0 0.0 0.0 0.0 0.0 0.0 0.0 2.0156746894994462e-05 0.0 0.0 0.0 0.0 0.0 0.0 0.0 0.0 1.59448514692744e-05 0.0 0.0 0.0 9.699484829868068e-05 6.192831264346275e-05 2.7164863633175045e-05 0.0 0.0 0.0 0.0 0.0 0.0 0.0 0.0 0.0001882845252468463 0.0 0.0 0.0 0.0 7.422447483646953e-05 8.600796378791542e-05 4.271314305551648e-05 0.0 0.0 0.0 0.0 0.0 0.0 0.0 0.0 0.0 0.0 0.0 0.0 0.0 0.0003963705686536054 4.55573087021104e-05 0.00016264705958920602
0.09102508926604301 0.05180620210705861 0.005602647646170465 0.14361145017390442 0.05722913891699492 0.01777055451577462 0.16854888525173906 0.00095651984429123 0.026540437449435062 0.0 0.010277057049147557 0.18048876889176627 0.5026709432185094 0.15097577767627207 0.001871585211975445 0.0013589961108424152 8.206639251480484e-05 1.5574930588129057e-05 3.578006439013807e-05 2.0097294392359815e-05 3.030886763079012e-05 1.729723320295913e-05 0.0 3.199697560019191e-05 8.522196899726791e-05 3.5668827039634366e-05 5.0933028163092614e-05 2.330688259659904e-05 7.650066218804061e-05 2.8363182881347364e-05 0.004039487894375885 0.0006406796167626756 0.0024686661279135825 1.799003615433513e-05 5.860111977039068e-06 4.467709364743874e-05 0.001589056190088025 0.00013047125843640854 0.0008130158524812756 0.00010050948384123293 3.515344232278141e-05 4.793296797029691e-05 0.0001137041689598948 0.00023741355629881494 7.875152609246754e-05 2.0811866835124908e-05 0.01573630698913667 0.0003448438324728088 0.00010688537789552481 2.5009007072025668e-05 0.0001229055680050832 1.1977564482983979e-05 4.1710441020817913e-05 4.894584153971606e-05 0.0001752975519988265 0.0006126630117493731 0.013254477410924313 0.029688891123193797 0.002097600166808888 0.0028041176541857378 5.2060559948508425e-05 0.00018981127687493592 1.2272440286576482e-05 0.0023505354736289958 0.00017840614188760696 0.00013127235929020277 0.00017621077916965989 7.203703767547053e-05 4.058533351591805e-05 3.2986404269228674e-05 0.002803430965426474 0.001221569668658004 0.0 0.012845783431279319 0.006116647252547579 0.008892373569530376 0.0012756326741239588 0.000897797428985216 0.00010790137239975055 0.001147125820314673 6.880315381204428e-05 0.00015377470361083127 0.0010495183021383137 0.0 0.00017104239268598965 0.0002740329038016745 7.282548349204553e-05 7.567480463510837e-06 1.5431966811603373e-05 6.119935690045763e-05 0.00010050837836422331 3.166115830271657e-05 6.075896122315241e-05 9.28217012430985e-05 3.578125838172395e-05 0.016079798849335303 0.010237166528946453 8.870598932196749e-05 0.0019444700912953242 0.042590858661793136 0.0017380595778730046 0.0028663147241464507 0.002169674960090293 0.002950998812351797 0.0009048748787452026 0.006702989827173853 0.012492536411792276 0.002426467463414905 0.023008047530917296 0.021957465357440944 0.0029999273056713666 0.01228024022223707 0.04993646313052223 0.00923028367507997 0.004320999608686733 0.0002795024397983259 0.0001009401722077462 7.68864036168976e-06 6.303653042098553e-05 0.0 0.0 8.03664847245571e-06 0.0 0.0 1.9203504767748957e-05 0.0 1.6889445913460643e-05 0.001647524623961461 2.614589402031509e-05 5.701598545612736e-05 1.0048056886739854e-05 4.036092996130337e-05 8.364223470895028e-05 9.032188595384695e-05 0.002810534017550039 0.0018964158538980207 5.802980466688251e-05 0.0008512141376412668 2.6705805389786054e-05 0.006871118546709473 0.00386376364926559 0.012525036139359949 0.005112060748888984 0.0015535869704225447 7.78906505175094e-05 2.2866134771375427e-05 1.2489932699494395e-05 0.00031758390927912424 0.00022051071284456754 0.0004560894976155276 4.8964457619727425e-05 0.00034113750046675293 0.00039032773266183343 0.0 1.5406462514533686e-05 1.5609444904904597e-05 0.00012822857289674822 2.0522561081879916e-05 0.0 2.2105380644455435e-05 4.0259796645195925e-05 0.0007718756682098242 0.0021539037054456715 0.0005166419505115565 0.0009362401723008961 0.002367300939276953 0.005214162624602936 0.002146550655682255 4.800736670040459e-05 7.415291557755193e-05 0.0 0.0 0.0 0.0 0.0 0.00011550041244885907 0.013544714081519466 8.21981506006977e-06 0.0 0.0 2.1038350800678807e-05 0.004993886821802143 0.0038033912802301 0.006387310386054628 0.0004344575457787909 0.0016804222500211145 0.0002879782905932966 0.00011993381846718067 0.0001407909722887655 0.0 0.0 0.0 0.0 0.0 0.0 1.3319074843679926e-05 5.6381823729903116e-05 0.023265397396518932 0.0027212086223274627 0.005610658669354704
0.034886465445665094 0.13067505052246225 0.17606997037855907 0.01151666705698461 0.1426775558562946 0.00044200448831343365 0.027165556370218093 0.2627738045319046 0.08572059755587612 0.010277057049147557 0.0 0.02984004091749452 0.06853469840336646 0.32084066640815795 0.001385598474532361 0.00265030468585096 2.5267809046632613e-05 1.6770722394912403e-05 2.0159481931720494e-05 2.8079125596716102e-05 0.00036384858444598066 0.0 0.00018748885880595553 7.845327336227244e-05 0.00018970073999949598 4.339076543867086e-05 4.791288917099342e-05 2.2539902519953695e-05 2.033249863566139e-05 6.059569385850733e-05 0.03562013126514521 0.004226010342123398 0.047250846479747206 3.431133311157557e-05 6.354287391515253e-05 0.0006407275273466467 0.015907993594092458 0.000756403906773056 0.0005905714756761541 9.133036245025248e-05 0.00018848549408980684 0.0001188272760986512 4.4606526515929555e-05 0.0004479567477851039 4.1720816966897995e-05 4.234077496921674e-05 0.003179454423534589 4.3543803956999226e-05 4.121434292965094e-05 0.00011480854749727294 2.6331979678558278e-05 1.8429249302373707e-05 0.00011309290066913914 0.0 2.155734742167846e-05 4.525860384710145e-05 0.0013760825491292593 0.009173232028438354 0.00019225400854085926 0.00039320762763104064 0.00015055316275482315 0.017356803587905447 6.355624471052773e-05 0.0016145989967295323 3.04435899997935e-05 2.4914192677788403e-05 4.1297434555299264e-05 1.62186977378633e-05 0.00022900415575236545 0.0004420227305944793 0.010947658917155134 0.0002348673071543855 0.0 0.0015051784133157534 0.001812110328525719 0.0031114976269966143 0.0013532795211115666 0.0016063491720441421 4.7420001166004776e-05 0.07351119138499204 6.36307090305732e-06 0.003074954540213941 0.00012578384424009783 0.0 4.0487493706201064e-05 5.64195334865602e-05 5.777355560548504e-05 0.0 7.1562538414495316e-06 0.0 9.040672494638149e-06 0.0 0.00026846174479316654 0.00013892509138974015 3.004407022643332e-05 0.007390279026020005 0.001110223417843319 1.4016933951424894e-05 0.0004467845581671945 0.0011248457208118715 2.5120023454486563e-05 0.0 8.050987197009857e-06 0.0 0.0 5.548247870124153e-05 5.459088156358009e-05 5.0562632232494976e-05 0.00022459184676937175 0.0002531430193275446 5.316677691453105e-05 5.9324161593471544e-05 0.0006597126201687578 8.946610092221542e-05 0.0002620232594711591 9.729096840070452e-06 4.313844031122118e-05 0.0 0.0 0.0 0.0 1.9201474663655225e-05 1.0044815597581407e-05 0.0 0.0 0.0 0.0 0.00011176200951040904 0.0 1.8655288147864395e-05 0.0 1.6497164594690638e-05 3.487120882049784e-05 4.6067858230637224e-05 0.00013266037610076497 9.364066293742627e-05 6.269978276526648e-05 4.222309834249099e-05 0.0 0.000440854832978324 0.0002681881697994659 0.0006680796171388278 0.00040416317288745546 0.00021237172432850824 1.8928842764108587e-05 0.0 0.0 1.9462558913378843e-05 1.778052151559737e-05 6.241196775031617e-05 9.424730872955696e-06 0.0 9.323843359916061e-06 0.0 0.0 0.0 0.00022654494190819306 4.9679372658478223e-05 0.0 0.0 0.0 3.485216099312903e-05 0.0001613917395011221 0.0 0.00013032895756401132 0.00014437143338344116 0.00020739924862104312 9.532547676364213e-05 0.0 1.628379734310248e-05 0.0 0.0 0.0 0.0 0.0 0.0 0.0006069366306507245 0.0001145118797511083 0.0 0.0 0.0 0.00011832174006119402 0.00023719266467145148 0.00017086746241153382 1.1470421810448842e-05 6.523146011798417e-05 0.0 1.9331109036514018e-05 1.681573619609744e-05 7.4332910923513915e-06 0.0 0.0 0.0 0.0 0.0 0.0 0.0 0.000447951440731303 0.0004231577940808196 0.0005360294840880435
0.002241240040592474 0.02006824162489161 0.006416606345729041 0.0019439624493751077 0.005279451623016245 0.009980436446865155 0.017244809787375685 0.0026741541666206363 0.002786592679027689 0.18048876889176627 0.02984004091749452 0.0 0.0998318638575241 0.04435559232945543 0.0012241781938563704 0.0023337808233160223 4.524865009644613e-05 0.0 1.597597484994607e-05 9.887896447400087e-06 1.9499293099310824e-05 3.814635512274521e-05 1.9799574023213133e-05 0.0 0.00030604257328361185 1.4661079357693542e-05 1.80941592253736e-05 8.765837282618384e-06 5.972702581686317e-05 2.927449711846122e-05 0.0021359651249159258 0.00017650742717516358 0.007667732041985544 7.934667581521171e-06 1.0065456050526898e-05 0.0006346874060141444 0.039873178671136794 0.0028155890824514934 0.0014071452339550537 0.0002884399068442591 1.2976752680044762e-05 4.354335055859435e-05 5.26835446398979e-05 0.00033324240017439875 3.851179423707383e-05 1.0252148574893475e-05 0.002564837863884785 2.3488769862028568e-05 1.983497475934202e-05 7.609747765650621e-06 1.0268027707792274e-05 0.0 0.00016411973199519515 1.7777436878134993e-05 0.0 8.694323872977679e-06 0.0008247939643314143 0.0009595174859346694 5.2961858665802256e-05 0.0002300035547287409 0.0001709762309058357 0.0008824993344206065 8.457425880972049e-05 0.0005425695382942888 8.393566626032052e-06 2.039006303960158e-05 0.0 1.5117724146090302e-05 8.792267034606334e-05 0.00012103355412847743 0.017747299366445455 0.0005841060997532464 3.184479293503229e-05 0.0005688482825048006 0.0007081497951842774 0.0018288688524657952 0.0005872158416051089 0.0009187467685091628 7.622726740747004e-05 0.019572869115088223 1.8757593804510293e-05 0.00029500385680210963 0.0 0.0 7.49633193769877e-06 0.0 2.512579664260256e-05 9.42347065463653e-06 0.0 8.900300475848192e-06 0.0 0.0 0.00010639740595189236 4.59431526550449e-05 5.692517141129939e-05 0.06438116011240017 0.009696798946750846 8.835915737251305e-05 0.0022586706544362916 0.004116709494414634 0.0006231428102624038 0.0006745232713300099 0.000492316481652996 0.00026262873865391103 0.000495484366119124 0.0027837650216679605 0.0043900937404770385 0.0010079955814298192 0.008621641422036074 0.006922156711722059 0.0011512300380768041 0.005518984902188445 0.019545696921938704 0.004158381585699303 0.0023623022104008956 0.0001116708808885979 2.6422162659033407e-05 0.0 0.00013097023229610984 0.0 0.0 0.0 0.0 0.0 0.0 0.0 9.488516132257147e-06 0.00027060140382366085 5.960471459239771e-05 9.722406029620993e-06 0.0 9.963107473863464e-05 1.8645743856723588e-05 2.598277502902442e-05 0.0010686593754740204 0.0008753197897832887 1.2343293976066286e-05 0.0003112778404895696 0.0 0.004277040242803824 0.0011705265716641735 0.0054615128571589965 0.0016774232978525104 0.0002919992040400781 8.42259214756746e-05 5.6195029955050064e-05 8.89611800292233e-06 1.6376935054755423e-05 9.871128156927234e-05 3.905509415880667e-05 0.0 6.500509905396419e-05 0.00010118353316476696 0.0 0.0 0.0 0.0002161556498677578 3.439918605727059e-05 5.672748270202359e-05 0.0 2.5392444574718575e-05 0.00022766146286240285 0.0009196507615082698 4.2625256359659296e-05 0.000409636313783503 0.00042040096621235104 0.002086153900562614 0.0008296311178085033 0.0 3.0252099858036022e-05 5.95802820221755e-06 0.0 0.0 0.0 0.0 8.233772344111952e-06 0.00708685620527644 0.00017747599378641643 0.0 0.0 0.0 0.002088901678930055 0.0010913963757570146 0.0023449431316177652 0.0002708840002993865 0.0006662169431420033 8.126021640077632e-05 4.27632040979333e-05 3.596562278169695e-05 0.0 0.0 0.0 1.073032787713522e-05 0.0 0.0 7.605440480804316e-06 0.0 0.012023387831478494 0.0016811670517836521 0.002867512291975918
