0.0 0.32523641310074386 0.03397156972899523 0.11067475448454415 0.0019254027922006658 0.010676569343886314 0.01096411381278196 0.0016597753981771864 0.0001564253706907873 0.021771162323325582 0.0009539164868649977 0.0034767118050259196 0.0013557151512299602 0.002174663675559865 9.22186913764266e-06 1.172151633059539e-05 6.954264190261883e-06 2.449899946735532e-05 1.4274677013950683e-05 2.97468703507584e-05 0.0002067695709926319 7.444760402056149e-06 3.22733737801189e-05 7.619910654916488e-05 0.00013845947042498844 0.00030614943723485767 0.00014898248784296733 0.00014611421386405917 5.706992223764715e-05 0.0001513594924995134 0.0472675199951794 0.00010376690680400989 0.0007813757313554991 1.7518774005162362e-05 3.812488975999203e-05 0.0003174939822968398 0.0005799224830218599 0.0007638457627640809 0.0004973285700481545 0.00038785835767160006 0.0 6.492466810274774e-05 4.8185231080694964e-05 2.600490384531212e-05 0.0 0.0 0.000289871233231205 8.806356755525197e-05 7.337990820519194e-06 3.21326731333533e-05 2.7960451428876844e-05 3.166799625878727e-05 4.127906632495239e-05 4.100566950972653e-05 0.0010424856696443765 0.001062511921895758 0.024854128214695046 0.02358837690393659 0.0077758365021658275 0.001113089141556354 6.650739201441737e-05 0.0003859610649277231 3.0096937006505658e-05 3.736912169604106e-05 0.0005937005081479012 0.0002240026696898193 5.737709859938351e-05 3.957351458591359e-05 0.00030545270807432254 0.00015437991454689495 0.0038714670428243413 0.001247290292047194 0.00013266381419374057 0.018706605710676182 0.00021836695241872337 0.00024001210093743924 0.0 5.482505376923858e-05 0.0001493705496428137 0.0016371394660222947 0.00012758408344929934 0.0008829911618128008 0.0008072346975742552 0.0001786098779259876 0.00010505256366456184 0.0005306392765703974 8.558649345662958e-05 0.00012653949743311713 0.00010132716837795742 0.00011559324944294402 7.0281642503605095e-06 7.442617416234238e-05 0.0004987733092404429 6.733813491732602e-05 1.9434001179962633e-05 0.033473571325271775 0.0069494245336242195 6.834585213939819e-05 0.0007654131896745622 0.06612215229040151 4.617398576400179e-05 0.0004053008976807465 4.828995287762869e-05 0.000317188801692195 0.0001573242116734824 6.60678467098861e-05 0.0005799372282575955 0.00017448062136211773 0.0011520286319991932 0.0008855046903109663 2.2846819284016247e-05 0.0002650565353869816 0.0012114989858778423 0.0003675378583515085 0.00021005260327420586 9.963604377662247e-06 0.0 0.0 0.0 0.0 3.448936241574557e-05 0.0 0.0 0.0 0.0 0.0 0.0 0.0 0.0 0.0 0.0 1.1907344910754464e-05 0.0 0.0 1.8994538024133988e-05 1.0705248341345611e-05 6.360389312821459e-06 2.4200321388903275e-05 0.0 3.16737685742902e-05 0.0 4.641885872415704e-05 6.9759792870317245e-06 6.964712592469671e-06 0.0 0.0 2.0193363249652503e-05 0.0 0.0 0.0 0.0 0.0 0.0 0.0 1.5685946086508397e-05 0.0 5.022556434021662e-05 0.0 5.010445752816697e-05 7.695701413043698e-06 0.0 1.3836943544693516e-05 6.080479931005876e-06 5.187362704802855e-05 0.0 0.0 4.244577277689803e-05 0.0 0.0 0.0 0.0 0.0 0.0 0.0 0.0 0.0 7.906457971369598e-05 3.2416009485212484e-05 0.0 0.0 0.0 7.748498977503066e-05 0.00018060366709975924 3.9517917256754995e-05 6.414107262217161e-06 0.0 1.4578830759812922e-05 0.0 0.0 0.0 1.5379964075631555e-05 0.0 0.0 6.294711425090062e-06 0.0 0.0 0.0 0.00010757205068195666 2.440923877469239e-05 7.56999692066201e-05
0.32523641310074386 0.0 0.13607850711282748 0.23628080090797227 0.18322858929159566 0.008447886606056026 0.41989175001004647 0.058328951268500434 0.059727367387451935 0.13297044450711773 0.08829689676978182 0.0037584985836259877 0.06867975522600521 0.2203937723266548 0.0010485262768770468 0.0002510251554472412 6.201756836508082e-05 4.482141193945418e-05 1.808012392933372e-05 0.00010953280558050308 0.00029346443756387024 3.8512996741624824e-05 0.00010011694593271606 0.0001642762382243617 0.00045658751793925393 0.00039367135503758587 0.0 0.0002742136389438735 0.0001253611108048063 0.00012691282586315157 0.09213672386556548 0.0006570632031012567 0.010622914775409343 1.2405310721523785e-05 8.25163349336385e-05 0.0006478638249092421 0.004642722087334968 0.0016186649762929537 0.0015798548216802567 0.0013645630479830165 9.51758119154904e-05 2.446966279651061e-05 0.0002448790743006264 9.805292646394373e-05 4.355372419483335e-05 7.073950925072529e-05 0.005251026341944183 0.000759355423859826 5.0833142077632976e-05 4.396086137980589e-05 3.179297729492804e-05 0.0 5.445420440449603e-05 4.0813094695556996e-05 0.004547082110605159 0.0042900272641186775 0.020390163237211066 0.033991150937911975 0.014137491402919792 0.011724942736551239 0.00015059966994070728 0.0006624881304525261 5.614384804727569e-05 0.003544540385040292 0.003334458735810372 0.0018761737714898218 0.0004746988793691343 0.00037269516987430666 0.00022954379409901256 0.00013627942732333088 0.003815342800477705 0.00017839965574497211 7.634620201604646e-06 0.058713322405531655 0.013407640759466053 0.014250125281405599 0.0009118341166729513 0.00012417403877672194 0.00029010646102091127 0.016301612695417796 0.00021009119810383396 0.0026930915379042575 0.006822845214151137 0.0006690590335742577 0.0016215138111505358 0.003249817593649943 0.00047397274964431924 0.0001955540404680884 0.0004607055379297527 9.522825838552245e-05 6.465841639912169e-05 6.67460933250987e-05 0.0001981881559595692 0.0001283575541022796 4.4109127922081254e-05 0.0035391018803340095 0.00048087826725083795 5.256116787617733e-06 0.0010136513052566097 0.034098889207366014 1.3979252936885098e-05 0.0003181196459838977 0.00019664592496893953 0.0002662985612460542 0.00011086532599398183 0.00023060499788496805 0.00037294460893318166 7.700984213555445e-05 0.0025782605718301438 0.0014510811711642222 0.00030500396028957305 0.0006451859474347392 0.0020943265731940192 0.0007715327285753657 0.0007672900670966972 5.590525124799934e-05 2.9554934014560764e-05 8.694405096913517e-06 0.0 0.0 0.0 0.0 0.0 0.0 0.0 0.0 0.0 7.133226964410045e-06 0.0 0.0 0.0 0.0 0.0 0.0 0.0 2.343808730929406e-05 0.0 7.14212777633712e-06 8.890881061693351e-06 0.00025519050084892806 0.0 0.0004966472131917851 0.00011164149158078923 2.214965701726588e-05 0.0 0.0 2.2901698268408745e-05 0.0 0.0 1.1673738645161271e-05 0.0 6.175169545825008e-06 0.0 0.0 0.0 0.0 9.888165398534852e-06 0.0 0.00014525995635141198 0.0 1.9174710209737144e-05 5.5873910148811115e-06 2.787956279609508e-05 2.8151487324017608e-05 8.610188072531267e-06 0.0 0.0008702513685007949 0.0 0.0 2.0806972983748343e-05 8.047821786356044e-06 0.0 0.0 0.0 0.0 0.0 0.0007053157121438573 0.0 0.0 0.0 0.0 0.0006743398803160303 1.181633692695701e-05 0.0004836542950824478 0.0 1.3755143974076211e-05 3.468231967776389e-05 6.625153668548747e-06 9.79820526707727e-06 6.103871317690503e-06 0.00013490275791516466 0.0 7.463170382691244e-06 6.0079025562955004e-05 0.0 0.0 0.0 0.00029511030416303255 0.00017031110463186535 0.00044210771607128437
0.03397156972899523 0.13607850711282748 0.0 0.004297965504099578 0.07755540209740845 0.0008006228519955279 0.019006661077846328 0.344037877824166 0.04069820628837174 0.0045834459092574265 0.19724648827371752 0.0033990444072514304 0.017901022156386084 0.14941424322289282 0.0007183844544184612 0.0001737692701889011 1.3569415797886986e-05 2.0454596123931208e-05 0.0 0.00022246665416130495 0.0004593146394535322 5.387410038790201e-05 3.258723202604868e-05 0.00013857059525690838 0.0019736526067658205 0.0015432846344530945 0.0002544195877588888 0.0010336847062706444 0.0008474894950827059 0.00039544525221528226 0.23556627694283816 0.06547715264116367 0.028156523164535777 4.897967612297664e-06 0.00045286759786367797 0.002105185029778483 0.008486301179524296 0.008610047468637418 0.00615901719272098 0.006007100456819662 3.3867614483511816e-05 0.00019467260451356655 0.00034581612853031734 5.6339281636295825e-05 0.0 1.9701106317332444e-05 0.0018919125378229593 0.00012336547100331768 3.797650592762462e-05 1.2587228110675577e-05 6.108866552104974e-05 3.492491985714711e-05 0.00032654296036222 0.00042306131300738 0.0007757750381837588 0.0007600160623570171 0.005085928303159572 0.013601814185106344 0.0029492486273145356 0.0026024633102164304 4.797047611682252e-05 0.003188855164214657 0.00010417296053887146 0.005833799039921829 0.0006725585158212675 0.00030861005831749354 7.884464116668922e-05 7.263810131324838e-05 0.00035481569141279163 3.8049480445673914e-05 0.008154981671896043 8.634959466143293e-05 0.0 0.012472115436163058 0.003519559957665146 0.0037597378492886533 0.0006058512126571563 0.004373624200885246 0.005526733055464193 0.11892450825859713 1.542112148839921e-05 0.022080381150080288 0.0012399931158968 8.707847408587679e-05 0.00037033612429329476 0.0005058548966176331 0.00016330732531110928 3.240955122804282e-05 0.00017503031119071795 2.2242884841560352e-05 1.1568367417095299e-05 8.38273657028979e-06 0.0005305526302263265 0.0001679292988400338 0.00010754403432331546 0.00047764709407607255 0.00017867383616754448 2.9653330361394032e-05 0.0021701072357020617 0.0067057581485118235 8.980555498218542e-06 2.5377457531407778e-05 0.00012832725127141597 2.0099141426056533e-05 1.698660193101069e-05 3.3315107867175724e-05 3.299949894111712e-05 7.248106904802356e-06 0.00030629710591713067 0.00043295630131204776 7.599740592689949e-05 0.0001071479922333929 0.0006707057672986139 0.0002962075470412018 0.00025129172296699064 4.4178425829307365e-05 7.364418514528375e-06 0.0 1.4193820784268276e-05 0.0 0.0 0.0 0.0 0.0 0.0 2.260777933812752e-05 0.0 4.701660645654353e-05 0.0 0.0 0.0 3.102444469173755e-05 1.612570087023129e-05 1.3841304271656712e-05 0.0 3.826320991990886e-05 6.9170645194329956e-06 2.3854170031598433e-05 0.0 7.24375124367582e-05 3.0387305287307694e-05 0.0001305089172663316 0.00019907602826494 0.00012076837628104675 0.0 0.0 0.0 0.0 7.476724005857441e-06 0.0 3.206302928881289e-05 0.0 0.0 0.0 0.0 0.0 4.91518378973126e-05 5.2473885792424616e-05 0.0 0.0 0.0 1.8035116024322375e-05 3.015260507482483e-05 1.593370429165175e-05 3.676689777212605e-05 0.0 0.00028396863399338134 0.0 0.0 7.410487050566662e-06 0.0 0.0 0.0 0.0 0.0 0.0 0.00026694762544743025 4.707479283897918e-05 0.0 0.0 0.0 0.00023887247343616177 2.337295069023649e-05 0.0002054723717829825 0.0 1.9643048178149192e-05 7.76061166678743e-06 0.0 0.0 0.0 2.3584913510983776e-05 5.889821463515405e-06 0.0 1.7753005057277023e-05 2.9809838244067242e-05 0.0 0.0 9.419241846787745e-05 8.092975322761832e-05 0.0002514279565498613
0.11067475448454415 0.23628080090797227 0.004297965504099578 0.0 0.0025049584789834925 0.015760090536258983 0.0977577821561508 0.0001364778830718435 8.637227591822173e-05 0.1738485945155103 0.0002450481586932864 0.002053611967490776 0.0038503575481156223 0.0036051765960445773 4.932500097305696e-05 1.6228420977111584e-05 0.0 6.500817043341735e-06 0.0 0.0 5.659041113291767e-06 1.0087941002869257e-05 0.0 7.2927104556442185e-06 6.581582453069596e-06 0.0 5.331298823858653e-06 6.06483288506834e-06 0.0 0.0 0.0035259007362571293 0.0 0.00043206796532288896 0.0 0.0 0.0 0.00026968216864060705 4.4395553977921686e-05 0.00014636766041047612 9.768171701405478e-06 6.320797745601763e-06 0.0 6.2438504250182355e-06 0.0 0.0 0.0 0.0004964659525358724 0.00017941039649568174 0.0 0.0 7.284060653641765e-06 3.742465878281775e-05 0.0 6.4713425452293315e-06 0.0012489676950769044 0.001312280711971506 0.006455074482026631 0.004011589902166757 0.004812076377731948 0.002081761788565276 1.3953739831764892e-05 0.00010525547050361049 0.0 6.028185299159112e-05 0.0007940908873588311 0.0003812159915679475 7.132675062043052e-05 6.79924502463252e-05 1.6178694085517366e-05 2.7815977874753347e-05 0.00209500746910489 0.0010452830652662969 0.0001051074951328477 0.015347179055999775 0.0009056362964479102 0.0012774204869559487 4.135454318375932e-05 7.938961520337827e-05 0.0 0.00015718562863771722 1.746833241985549e-05 8.458665520790049e-05 0.0018529995864312598 0.00026532170409687835 0.00026239528754817593 0.000804685223085738 7.56757563329094e-05 8.839774437000731e-05 0.00014354508027824601 0.00022663730636918002 3.2392939847613056e-05 5.812926444272532e-05 1.2160217785398235e-05 8.875058308808578e-06 9.86914067177527e-06 0.01008299492623842 0.002896627869225872 7.82498621971385e-05 0.0006083048752883001 0.014041375864612321 2.893833908788865e-05 0.0005836269217180485 0.0002137976311879692 0.0006832781100643777 1.0958846862862374e-05 9.590806263141271e-05 0.0009467457859443683 0.00021901393141219842 0.0022532038298220653 0.001973322042668453 7.829541456549541e-05 0.0005611358542363814 0.0018020347179962385 0.0005113148731692497 0.000309359541092932 0.0 0.0 0.0 0.0 0.0 0.0 0.0 0.0 0.0 0.0 0.0 0.0 0.0 0.0 0.0 0.0 0.0 0.0 0.0 3.151536396935022e-05 0.0 0.0 0.0 0.0 5.300653524181476e-05 0.0 2.7105920087220974e-05 0.0 8.623355596795226e-06 0.0 0.0 0.0 0.0 0.0 0.0 0.0 0.0 0.0 0.0 0.0 0.0 0.0 0.0 5.2108285273396746e-05 0.0 1.178919682114358e-05 1.3799417560962616e-05 1.2441262188454782e-05 0.00018422750742191533 0.0 0.0 5.086672948745572e-05 0.0 0.0 0.0 0.0 0.0 0.0 5.7593611089109986e-06 0.0 0.0 7.063988843184155e-05 0.0 0.0 0.0 0.0 0.0001022441217804315 0.0 3.85341135220107e-05 0.0 0.0 0.0 0.0 0.0 1.3137776393217947e-05 6.786191960894193e-05 0.0 0.0 5.620305718105875e-06 0.0 0.0 0.0 0.0001862754444566263 1.4387336201082619e-05 7.386139498621903e-05
0.0019254027922006658 0.18322858929159566 0.07755540209740845 0.0025049584789834925 0.0 0.00014976179653041266 0.13948472117771105 0.06658027022178412 0.34081756778617917 0.05105388981719962 0.09146217560867599 0.0010041544077392312 0.04904064547709117 0.17596401666696643 0.0014183420219988307 7.811918597399891e-05 9.919300030650535e-05 3.559097058469486e-05 6.353891350445532e-06 1.6806437503896112e-05 1.4181359738846708e-05 0.0 6.7025445921263305e-06 2.2949453134758804e-05 9.109146513457044e-06 6.90861689451528e-06 0.0 1.8427266547649978e-05 0.0 0.0 0.00334171596304669 0.00015885673405660936 0.001919009057816694 0.0 0.0 1.5717330085574656e-05 0.0004799969997011565 2.9231560666961105e-05 8.803627273604865e-05 9.886298706182696e-05 0.0 2.4146922906684363e-05 6.8227760641115734e-06 4.513746264298011e-05 4.483296478533029e-06 1.3223765091286338e-05 0.004225368844068503 0.00041560545568474725 1.9596624577162985e-05 2.2337193834057423e-05 3.507800578997521e-05 7.406971998858601e-06 0.0 2.0652768003038116e-05 0.00048700560617095386 0.00047232283357050023 0.001909435561197955 0.0050267569052958195 0.001922718709760826 0.00555542391656529 9.69101490163031e-06 0.00018775335027482748 0.0 0.0015267772780126747 0.0006663257933507802 0.0004219412583472612 0.00011139899363090258 0.00014493747888105236 6.316246251095856e-06 0.0 0.001002885633806209 0.0 0.0 0.011201931828209798 0.008156929411701807 0.01173684751112036 0.0016424898991045163 0.00021272404257233286 0.0 0.0007186103254709404 5.6767235302508056e-05 0.0005608859560575352 0.0017157680656851527 4.248490613690987e-05 0.0005254209103062978 0.0005972215348049324 0.00014193017963252998 3.7064523890803084e-05 0.00013286021668106973 0.0 1.5949689516415003e-05 2.886512451307508e-05 0.0 6.679823630131285e-06 3.6677329672532554e-05 0.0006681537781470341 9.234657408729597e-05 0.0 6.165164700973113e-05 0.0005031609084134049 0.00011570489181169037 0.00010998299324945658 0.0001737866806936545 0.0001211299077010057 0.0002678507409009508 0.000146760650676097 0.00010768213176897193 0.00017997286227306347 0.0011544864102803372 0.001006239496524694 0.00026400324799766696 0.00035726217242180113 0.002335303955159292 0.000676253040538197 0.0012234309261101558 7.763843259833338e-05 7.011727664114619e-06 0.0 0.0 0.0 0.0 0.0 0.0 0.0 0.0 0.0 0.0 0.0 0.0 0.0 0.0 0.0 0.0 0.0 4.361206072684208e-05 4.1713200311890486e-05 0.0 5.0669224838366626e-05 0.0 0.0004565481573011649 4.782337334783403e-05 0.0005131554153074598 5.798649638694421e-05 2.7486103370105997e-05 0.0 0.0 0.0 0.0 6.567495319718165e-06 1.72459481234196e-05 0.0 1.3523252790840709e-05 4.23360253048917e-05 0.0 0.0 0.0 8.525435256055375e-06 0.0 2.4013949258161976e-05 0.0 0.0 1.2779107399163074e-05 6.015776874545378e-06 2.9004108251956267e-05 0.0 7.489977329877446e-06 0.0014469746661399199 2.8439537642261183e-05 0.0 0.0 0.0 5.941318203269049e-06 0.0 0.0 0.0 0.0 0.0008142432716409529 1.7310669891529023e-05 0.0 0.0 0.0 0.0009623101428233901 0.00018488104416376652 0.0009464970743578931 0.0 2.9164150354368144e-05 4.635845706504118e-05 8.566741449251074e-06 5.6325718885496005e-06 0.0 2.3223496642826824e-05 6.248215715798238e-06 0.0 2.8741382096816902e-05 0.0 0.0 0.0 0.0002791906851792055 0.00024389304251051482 0.0008061628171952511
0.010676569343886314 0.008447886606056026 0.0008006228519955279 0.015760090536258983 0.00014976179653041266 0.0 0.0018066612348047989 0.00018786155791504166 0.0 0.022559644400764467 0.0003422553692841271 0.014415969125898445 0.007096690543950704 0.0008186557938175212 1.720999985116037e-05 9.365477848480414e-06 0.0 0.0 0.0 0.0 6.446963548586737e-06 5.969103632779594e-05 0.0 0.0 1.12335046606732e-05 0.0 0.0 0.0 2.1888620387110063e-05 0.0 0.007658299883684476 0.0 0.002073629732412034 0.0 0.0 3.2694727254458636e-05 0.0024300257631422115 0.00016314571964505786 0.0007592555538565447 7.134441852445211e-05 0.0 9.135577402137994e-06 0.0 2.8192496412738888e-05 0.0 0.0 6.649361887166259e-05 0.0 0.0 0.0 7.568553020299249e-06 0.0013695983088964482 7.89391217586984e-05 1.8614610314990405e-05 1.8915225277297164e-05 0.00018711054078439124 0.0031711140273629978 0.0007602289479815241 0.00041993829225064536 7.91909855734452e-05 0.0 0.0004955636530927977 0.0 0.0 2.2582742695482417e-05 6.686894351517027e-06 1.0772435026914817e-05 1.3792205817637401e-05 0.0 0.0 0.015933734731397114 0.02050062609982487 0.0027071084715382635 0.0011588465549005075 2.2505610540318032e-05 7.816190786316947e-05 2.518310465420856e-05 0.0 1.1918160243833878e-05 0.0004310274023112259 0.0 0.0003131249323009256 6.25553877061548e-05 0.0001479928907991628 1.4462853221477487e-05 9.856555125431093e-05 0.0 0.0010092130801201415 0.00043047267996182794 0.0033633928953548248 0.00011341164642870038 0.0008451546477711908 0.0 0.0 0.0002598810005436559 0.03380786093110858 0.02065218249181137 0.001164966543793649 0.004628005808560632 0.008142150534703326 0.0 8.39080174735872e-05 4.160087884720259e-05 2.3249694776850395e-05 0.0 3.285910315731452e-05 0.0002143737035287921 0.0 0.0003058648540482456 0.00023945053514473275 1.6668419925033877e-05 7.908876474812405e-05 0.00028084140813583675 8.418058595606177e-05 8.195834124035018e-05 5.872707606854718e-06 0.0 0.0 0.0 0.0 0.0 0.0 0.0 9.020744469058835e-06 0.0 0.0 0.0 2.3034329174288603e-05 0.0 8.712732472464324e-06 0.0 1.109787258885823e-05 4.273255389768639e-05 8.063537745927427e-06 0.0 0.0 0.0 0.0 0.0 3.260534444582768e-05 6.594273971240138e-06 7.694230677438085e-05 2.990028898583204e-05 9.121445999763493e-06 0.0 0.0 0.0 0.0 0.0 0.0 0.0 0.0 8.220024635043306e-06 0.0 0.0 0.0 1.5044300369359073e-05 0.0 0.0 0.0 0.0 0.0 5.310162419060488e-06 0.0 0.0 0.0 7.749015099546258e-05 0.0 0.0 0.0 0.0 0.0 0.0 1.2721431251446927e-05 0.0 9.784029139298011e-06 5.508182596896592e-05 1.9598475204879964e-05 1.922825564685737e-05 1.420470913841667e-05 0.0 1.1264160730958046e-05 0.0 0.0 0.0 0.0 0.0 9.679804342015034e-06 7.439735639746912e-06 0.0 0.0 1.7582491277191625e-05 6.849694824809656e-06 2.240129355393547e-05 1.8692495043546978e-05 0.0 0.0 1.9601239052340888e-05 6.578267296537873e-06 4.1821007705370337e-05
0.01096411381278196 0.41989175001004647 0.019006661077846328 0.0977577821561508 0.13948472117771105 0.0018066612348047989 0.0 0.006433400885868587 0.11996701409437882 0.2507025879683737 0.0846602343988178 0.005024336063809655 0.2636474730626996 0.20584647368321354 0.001773846521155318 0.0001892428135027216 4.9882854557169176e-05 1.3698739305723696e-05 1.4640267492581574e-05 0.0 6.311058560526456e-06 0.0 7.056436639124824e-06 1.0734515185793102e-05 3.482752846277569e-05 2.7554712140993603e-05 0.0 2.1516986045875968e-05 3.437813307242061e-05 1.964192639197698e-05 0.004029792010530114 6.819084347054746e-05 0.004677931170963963 0.0 4.722081307062002e-06 1.6732233493597858e-05 0.0015807720265490367 0.00013478042434915614 0.00024235788817423274 0.00029824227502091587 0.0 6.328414755859822e-06 4.2107394056004505e-06 9.890410294386159e-05 5.611397147690221e-06 6.770526796603912e-05 0.006115581424022689 0.0006578215793865155 5.0842945612525325e-06 1.1101953553850893e-05 1.0829349017223474e-05 2.6515010777944536e-05 0.0 1.7503623958875583e-05 0.0015955118149129138 0.0014482800030913253 0.004096226974771736 0.007275095060616964 0.004804452078602063 0.008611479141165793 0.00013476716600493765 0.0006188396025474536 0.0 0.0019889715133618604 0.001560164381002812 0.0008061629280959999 0.00024038663421511192 0.00022212164147629454 2.6202277969240413e-05 1.3312414038174038e-05 0.002940813462073099 0.0003547606599969176 7.752927112040565e-06 0.021462000589006408 0.010357202386687095 0.015639031037298214 0.0015981304408101374 0.00029042579310872455 1.8078845604244875e-05 0.0013889469365808487 8.346276557251509e-05 0.0011505407683890915 0.003289254378109717 0.00017980556689659342 0.0008718213872028434 0.0011608204184500811 0.00021151472239367507 9.110594338702262e-05 0.00022236595901994384 6.401689801246141e-05 2.42797067004274e-05 4.471917742268261e-05 0.0 2.133861382962319e-05 7.056439514329411e-05 0.0050321026216733665 0.0006105611802252561 0.0 0.000340842849725763 0.0022499141288913668 0.00010170591451492854 0.0006004038326963206 0.00044392384133317233 0.0002461564387060322 0.0004005319153974598 0.0004569835034378481 0.0005979433736291815 0.0005139179286926578 0.005236664515653549 0.002808208586378805 0.0005974808066071273 0.0012602627350487893 0.0055384943386125735 0.0014843160092521755 0.0025178220366180773 0.00014786615223716796 1.4002017255139848e-05 0.0 2.9941674133058577e-05 0.0 0.0 0.0 0.0 0.0 0.0 0.0 0.0 0.0 0.0 0.0 0.0 0.0 0.0 0.0 0.00011828475584359027 2.5511259056299738e-05 0.0 0.0 0.0 0.0010497461358214858 6.476445622635054e-05 0.0014833510677723127 0.00011459510893406868 5.189694267535411e-05 0.0 0.0 0.0 0.0 0.0 0.0001282275419144861 0.0 7.579689189700496e-06 8.161313139845348e-05 0.0 0.0 0.0 0.0 0.0 2.8039007038504677e-05 0.0 1.3254014981874984e-05 0.0 4.330026852078277e-05 0.00010059332991016637 3.758371783908847e-05 0.00014957087746898223 0.002169938371741753 6.8602048385443906e-06 1.707424455629149e-05 0.0 6.4367054575399855e-06 0.0 0.0 0.0 0.0 0.0 0.0016059553187761165 0.0 7.794721633635074e-06 0.0 6.456939595754556e-06 0.0018382018092982144 0.00013094106508019338 0.0017820645272141856 4.550711400580969e-05 0.00016991042068386397 2.807367013994985e-05 0.0 7.978051067708282e-06 0.0 1.60859883618661e-05 0.0 0.0 6.720823134837261e-06 0.0 0.0 0.0 0.00069549647589615 0.000500032629683322 0.0015203062407867902
0.0016597753981771864 0.058328951268500434 0.344037877824166 0.0001364778830718435 0.06658027022178412 0.00018786155791504166 0.006433400885868587 0.0 0.029619102454566823 0.00144621245624854 0.250439123882392 0.0024893620037872806 0.008973958303860928 0.12257739487053845 0.0008770580630436087 9.197061279134309e-05 0.0 0.00011104637443241275 0.0 9.923909485629944e-05 0.0011139389634954421 0.0001578554317354472 0.00022015848007714354 0.00023277610457692738 0.002643312295223773 0.002005283804513277 0.00033680339903634254 0.0011668593544130353 0.0010989371632137569 0.0006918381586762749 0.07893039699372295 0.061542825338086166 0.022991256847880368 1.8825987141659125e-05 0.0005075038912568379 0.00454197007260151 0.007284071964605349 0.01204101131472209 0.006144750667140235 0.008228872581085584 0.00017975611611591627 0.0001733277419059653 0.00029316254518923796 9.113648536188717e-05 4.956805707773963e-06 6.40768647398351e-05 0.002272982769753206 0.00010600586923708296 9.06995163319459e-05 6.452393303999815e-05 2.4627442614929127e-05 5.3179553188184523e-05 0.0001731509268640085 0.0006019586972446473 0.00036690863580010114 0.00024125390590777816 0.0013684098617903586 0.004315724610067168 0.0009276143133351017 0.003141370944523811 0.0009669309690087687 0.009733351799993356 0.0003251339522045106 0.0043398898840812505 0.0002680329590456305 0.00016486619825974136 3.7727468941010745e-05 0.00010892022224880808 0.00042630214002384645 0.0003969275046126145 0.005685776026106184 4.430005519838191e-05 0.0 0.006539081993901377 0.005502478644174824 0.0076571657459984415 0.001400020177793995 0.010808361341738605 0.11721199556435623 0.18830549010679046 0.001634884720997925 0.07739245334616401 0.0006640772957352434 3.3014098134714784e-05 0.00015926260250050838 0.0001678834187896298 0.00010051448358540766 6.276554736287994e-06 3.657356673351088e-05 0.0 0.0 6.485371718107259e-06 0.0005393152192027825 0.00013740011498484148 8.097345542463993e-05 8.144116860653053e-05 3.769341100167475e-05 0.0 0.0025957023537893182 0.001036536656389582 0.0 0.0 0.0 1.9019856254276343e-05 0.0 0.0 0.0 0.0 0.00012748760801296194 0.00030151989552851493 8.933168384227137e-05 3.060687690344278e-05 0.00022785966172141422 7.410936723437082e-05 0.0001286740858320975 1.4212021285711731e-05 0.0 0.0 0.0 0.0 0.0 0.0 0.0 0.0 0.0 0.0 0.0 4.7992445418188746e-05 0.0 6.725763466535491e-06 2.0633235323467446e-05 2.323738022994847e-05 9.491497609327425e-06 7.646345559756234e-06 0.0 0.0 1.1752939122104542e-05 3.863247016363771e-05 2.0932005134637397e-05 3.4951056379643736e-05 7.203134141180466e-05 7.914756678944752e-05 8.260718637851932e-05 8.683280565245138e-05 4.941397075626649e-05 0.0 6.357339770428146e-06 0.0 0.0 2.604680424745664e-05 0.0 0.0 5.883260520467482e-06 0.0 0.0 6.0795038218662755e-05 5.136693795780611e-05 5.628940550789187e-05 7.216194872131035e-06 0.0 5.536809776779813e-06 0.0 5.733174840811132e-06 0.0 0.0 0.0 0.00016438257196139318 0.0 0.0 0.0 0.0 0.0 9.893327075348429e-06 0.0 0.0 1.4535452593784896e-05 0.00012167731151376508 2.1020090450148902e-05 0.0 0.0 0.0 5.993624153381505e-05 0.0 3.568590390733171e-05 0.0 0.0 0.0 0.0 0.0 0.0 0.0 0.0 0.0 1.2429615327952354e-05 0.0 0.0 9.891803673296819e-06 3.989528740295753e-05 5.11867744434549e-05 0.00010079267332104874
0.0001564253706907873 0.059727367387451935 0.04069820628837174 8.637227591822173e-05 0.34081756778617917 0.0 0.11996701409437882 0.029619102454566823 0.0 0.004189205419336953 0.09635212612645312 0.00027447675028515167 0.04219824576467395 0.19633332754129723 7.884578942299896e-05 0.0 0.0 0.0 0.0 0.0 0.0 0.0 0.0 0.0 0.0 0.0 0.0 0.0 0.0 0.0 6.211902383832273e-05 0.0 0.0006189450130243442 0.0 0.0 0.0 0.0001614485913427077 0.0 2.4618520353063044e-05 0.0 0.0 0.0 0.0 1.0569372561712917e-05 0.0 0.0 0.00023408861356645199 1.2468483530207456e-05 0.0 0.0 0.0 0.0 0.0 0.0 1.916266538440876e-05 0.0 3.909384283483236e-05 9.26853466655803e-05 6.0718332780370226e-05 0.00020705968324331083 0.0 8.186768832150066e-05 0.0 4.107973523637541e-05 1.8670239134485e-05 1.7234743953147863e-05 5.552068441906707e-06 4.598480825506658e-06 0.0 0.0 0.0001934694546152376 0.0 0.0 0.0002733074036651807 0.00034783890524294766 0.0005420104241205726 0.00015489013648771103 2.1462705377867433e-05 0.0 0.0033691230083309374 5.7924574520448515e-06 6.805382445480352e-06 7.047111985530482e-05 0.0 1.1830328220155407e-05 7.442251215573297e-06 4.97777325135011e-06 0.0 1.9177256819517844e-05 0.0 0.0 0.0 0.0 0.0 0.0 4.6863042235713606e-05 0.0 0.0 3.920688127514132e-05 0.0 2.7143222900309803e-05 0.0 6.727803492650144e-06 0.0 1.3344843151290078e-05 0.0 0.0 8.501100984817534e-06 0.000164037178197679 5.9023657529556106e-05 0.0 3.672028979294066e-05 0.0001577715382856769 3.5092463048870035e-05 9.518162895639805e-05 0.0 1.0808338573769299e-05 0.0 0.0 0.0 0.0 0.0 0.0 0.0 0.0 0.0 0.0 0.0 0.0 0.0 0.0 0.0 0.0 0.0 1.2035312508616542e-05 0.0 0.0 0.0 0.0 1.8112204366845375e-05 0.0 2.9254107747535644e-05 0.0 0.0 0.0 0.0 0.0 0.0 0.0 0.0 0.0 9.931352797020165e-06 0.0 0.0 0.0 0.0 0.0 0.0 0.0 0.0 0.0 0.0 0.0 0.0 0.0 1.192683788511888e-05 6.508373400474374e-05 0.0 0.0 0.0 0.0 0.0 0.0 0.0 0.0 0.0 6.054836757106554e-05 0.0 0.0 0.0 0.0 8.205602973919604e-05 0.0 5.61552658041742e-05 0.0 0.0 0.0 0.0 0.0 0.0 0.0 0.0 0.0 0.0 0.0 0.0 0.0 0.0 7.469951301709472e-06 5.039879587321315e-05
0.021771162323325582 0.13297044450711773 0.0045834459092574265 0.1738485945155103 0.05105388981719962 0.022559644400764467 0.2507025879683737 0.00144621245624854 0.004189205419336953 0.0 0.012863811370476774 0.19089172345117783 0.551415245730604 0.07225305040483075 0.0014163661398730817 0.0003197964292472847 0.00012174767917965174 2.057459164658731e-05 0.0 2.457716760893587e-05 0.0 7.16924693423138e-05 0.0 9.198070658498462e-05 6.664397838032758e-05 7.266062009815872e-05 1.532515400487291e-05 6.646311523285918e-06 0.0 3.656877974605751e-05 0.0012326995054564806 0.0 0.014783468974045259 7.416253889489423e-06 6.8201902055062905e-06 4.133992345298601e-05 0.0074094900208908025 0.00041702594549279046 0.0008083431195217038 0.0004225716583634058 2.0004393850763892e-05 3.938421796135961e-05 7.722315767160463e-06 9.35298686442056e-05 3.1184297395751754e-05 4.5080465591205484e-05 0.005018157395185481 0.000299550183226713 2.0376652065756096e-05 1.4302737641614953e-05 1.0559156914162509e-05 7.108109542207385e-05 1.645096226884579e-05 1.373894105525106e-05 0.0008684573868780751 0.0007408205352096589 0.0037171336700812874 0.0027495341092117712 0.0029177684563057625 0.005360455442546138 2.645184025116927e-05 0.002917320836240147 5.760654038213639e-06 0.0008335515442315811 0.000729376209138823 0.0004089337497155782 9.012009825701862e-05 9.554453819265233e-05 5.859151701780119e-06 0.0 0.023931726779177948 0.0011376996318737376 0.00015226525359763945 0.011148240750111095 0.004566285539088563 0.009032362933949453 0.000991271075542785 0.00019307927064057405 4.839593656991074e-06 0.0040895607837188016 6.392858085505584e-05 0.005711631161000727 0.001618833099545793 9.451446420116668e-05 0.00045904417260869923 0.0005530987765875625 9.314558157724391e-05 0.00020789937716013152 0.00015454654953907243 0.0001623774010848758 2.1648860270928512e-05 4.7340863815459535e-05 3.633786887067307e-05 4.480608390431175e-05 2.8601481030756646e-05 0.04570265171100827 0.00447961072227734 0.00011059318559752417 0.001296194410988188 0.009373483384222104 0.0004928169765362464 0.0033007820467776342 0.002594188221762414 0.0020010936862575562 0.0017486826570964036 0.0022112336939258057 0.004616943759195452 0.0020570338639392316 0.019743427700543856 0.01788630890707334 0.0024829402293128195 0.0062165959951373025 0.028895378585489073 0.009014226438667625 0.010992176179716814 0.0004357205485633226 0.00013672394992647656 7.4941116915268055e-06 4.026312008478781e-05 0.0 0.0 0.0 0.0 0.0 0.0 0.0 0.0 7.479279013061077e-05 0.0 0.0 0.0 0.0 0.0 0.0 0.0003144892465442203 0.00034258075344941374 0.0 0.0002158089527204031 0.0 0.003886546900346859 0.0001612615999020251 0.005401136406073755 0.000662357065392194 5.713189613165449e-05 0.0 0.0 0.0 1.1156415405386836e-05 1.11378926984765e-05 0.00018330726944048214 0.0 2.077105939649688e-05 0.0001992866493235448 0.0 0.0 6.747598135305783e-06 0.0 0.0 3.923503454828685e-05 0.0 2.864923361519831e-05 8.019181645233073e-05 0.0001762996761380169 0.0007417319294268753 0.0001616630879945486 0.0001966886021327053 0.010019404008497781 8.928291033200905e-05 0.0 2.4073554987625932e-05 0.0 0.0 6.758525281897077e-06 0.0 0.0 0.0 0.007006256430908839 7.621071324807939e-05 7.519967995671214e-06 0.0 0.0 0.00782936192512382 0.0008108029465002143 0.007433413659516374 0.00019736777428996718 0.000369154173780436 0.0003153911388948354 3.7305822469631724e-05 7.088495900526473e-05 0.0 1.2189338587707765e-05 5.321445999744741e-06 0.0 2.648772417361146e-05 0.0 0.0 0.0 0.004219035684768686 0.0016334690245666786 0.004720342412990104
0.0009539164868649977 0.08829689676978182 0.19724648827371752 0.0002450481586932864 0.09146217560867599 0.0003422553692841271 0.0846602343988178 0.250439123882392 0.09635212612645312 0.012863811370476774 0.0 0.010094460166456177 0.09769333192966503 0.4033352637434744 0.0012688615131229105 0.000539774913302154 6.67552141129961e-05 0.0 0.0 7.094907789317337e-06 0.0 2.083999858772162e-05 0.0 0.0 0.00012476009355405623 8.276931962179414e-05 1.0979464361689098e-05 0.00022924517717570574 0.0001933092062283059 8.785716118147243e-05 0.01008822145443251 0.002395971251232643 0.09009437696335418 0.0 0.0 8.274459286231055e-05 0.02289452022430686 0.001984486253985717 0.0043686923314161475 0.0016045943831264069 1.4308820753042731e-05 8.365129365031805e-06 5.506944159566678e-06 0.00011631726292590363 0.0 6.306941997762661e-06 0.0022734282544089354 4.833497995067064e-05 1.4223135092410605e-05 0.0 5.3988355541772864e-06 0.0 0.00014790593502831206 4.071737091984843e-05 0.0001748529147184994 0.00014141247577043346 0.00045404781732082025 0.00160227983612845 0.0004398657716403068 0.002182000985458916 1.190105414566177e-05 0.0007452668501678066 0.0 0.0007938598888581636 0.0001771016838811366 0.00013108846723556473 1.7083684354983983e-05 4.7572080466570335e-05 2.1052174082332324e-05 2.348221074660737e-05 0.0158262478803293 1.0593590912003755e-05 0.0 0.0025889700111244676 0.00232905935444279 0.00448452155300732 0.0009761515808148792 0.00028641014181121155 0.0003903112138763133 0.08510528585888108 2.8410352946516296e-05 0.01525110311610525 0.0004157984042755136 0.0 0.0001443415461786117 0.00011482554973632158 6.988956408858313e-05 1.2748589156145923e-05 2.322744571351364e-05 0.0 0.0 0.0 0.0 0.0 0.0 0.0011835138008437565 0.0001272685936388595 2.1873269532883577e-05 0.00209489018448942 0.00021979608290113552 2.2854194411983306e-05 8.510325234442028e-05 6.129158924622059e-05 2.2922961090932575e-05 3.654575437748115e-05 8.634783211538043e-05 6.335541749106846e-05 9.82557356373126e-06 0.0004921372859293948 0.0006590989798460745 0.00013877971710169067 0.0003283487234780379 0.0010920164421642945 0.0004934887146923044 0.0006467376583856495 3.792735544609366e-05 1.9377476939609664e-05 0.0 0.0 0.0 0.0 0.0 0.0 0.0 1.0926987770466066e-05 0.0 0.0 4.201881858656747e-05 0.0 0.0 0.0 8.629540481337897e-06 1.0886168080142453e-05 0.0 2.4419147277371398e-05 2.433238911978862e-05 0.0 0.0 8.543624804338487e-06 0.00019995053086896213 1.2464607936971299e-05 0.0003902045428732195 7.997946159971939e-05 6.64437381794418e-05 0.0 0.0 0.0 2.212913718411892e-05 0.0 1.567813328850914e-05 0.0 0.0 3.2537516087614806e-05 0.0 0.0 0.0 1.6097260076626642e-05 0.0 0.0 0.0 0.0 6.9550920666314575e-06 1.3362880268091688e-05 0.0 4.907863062460593e-05 5.7730625084655415e-05 0.0006760518172911701 7.69193900246446e-06 0.0 0.0 0.0 0.0 0.0 0.0 0.0 0.0 0.0004466678028751026 8.873029235854277e-06 0.0 0.0 0.0 0.00043211076662247203 5.783489460734314e-05 0.00043031806286845963 0.0 1.596229797311957e-05 1.5715210192665808e-05 0.0 0.0 0.0 0.0 0.0 0.0 5.161827875914633e-06 0.0 0.0 0.0 0.00016995268801688016 0.00012996958912741982 0.0005857526668091936
0.0034767118050259196 0.0037584985836259877 0.0033990444072514304 0.002053611967490776 0.0010041544077392312 0.014415969125898445 0.005024336063809655 0.0024893620037872806 0.00027447675028515167 0.19089172345117783 0.010094460166456177 0.0 0.07551516610058155 0.012562867569651788 0.0008462167173131954 0.0009307491908879122 4.759846799899158e-05 0.0 0.0 0.0 0.0 0.0 8.99964868223029e-06 0.0 4.576775495304797e-05 0.0 1.4581534364891936e-05 4.014746292639253e-05 4.4022190862879476e-05 1.907007466894114e-05 0.0007629571529459133 2.5329866049699567e-05 0.014020812560653847 0.0 0.0 1.9969475175577293e-05 0.039899802318015314 0.0005614573340563861 0.002382651543302441 0.00038416772771593735 7.805738687417543e-06 0.0 7.707095438094786e-06 0.0001987077752555814 6.365897839712691e-06 4.3453779344956e-05 0.0021437924696888194 5.4358713839826514e-05 1.5149662469791426e-05 3.461004798750354e-05 0.0 9.177552650878228e-06 6.372980335745811e-05 6.009669255421322e-05 5.486023668941856e-05 4.09602841770649e-05 0.0003536727629028145 0.0004445346639443415 0.0001413837725573622 0.0009715925423197831 2.1344259727400446e-05 0.0003784730445624944 7.070844608798087e-06 0.0002685711320825073 5.0038094155150525e-05 4.260994330799741e-05 1.8725045097808518e-05 1.6732133089628008e-05 9.58030948447529e-06 0.0 0.039903953837333965 0.0003921023882953122 7.484251565305992e-06 0.0008769543375278849 0.0008100414960279513 0.002346123148771347 0.00046450314146956383 0.0002667598919301342 0.0 0.001435982795042229 3.1457440006381225e-05 0.00029137306440265773 0.0001440894290720319 7.196672689339027e-06 6.277640696498245e-05 6.154032593368828e-05 3.0588404854899055e-05 0.0 0.0 1.727123668875268e-05 0.0 0.0 0.0 0.0 0.0 0.05094660712893324 0.0013751582782180192 2.188788469984008e-05 0.0013006144826305259 0.0035680484607622954 0.0002583614097354637 0.001238848203495655 0.0012009026867969422 0.0007673136127403896 0.0011740609076480721 0.0009121762915766686 0.0015845234328531756 0.0011359831201286264 0.007599860416613087 0.008603304410587074 0.0011899082951032267 0.0029661252809656006 0.014532943720379879 0.0048613363917791395 0.007012803287736171 0.00028730933512056446 0.00020014795656402034 0.0 0.0 0.0 0.0 0.0 0.0 0.0 0.0 3.004276450095555e-05 0.0 0.0 7.984068003792293e-06 7.995218321025655e-06 0.0 0.0 0.0 0.0 0.0002783498434624568 0.0003124163472570783 0.0 0.0 0.0 0.002576029137412901 0.0 0.0029067633647435324 0.0003060373690620027 2.3723199898656198e-05 0.0 0.0 0.0 0.0 2.210276516867483e-05 8.209317008040636e-06 0.0 3.669791476825991e-05 0.00010752361808881015 2.2600471754649265e-05 1.0309032370002502e-05 0.0 3.488591063295254e-05 0.0 1.5219519900958601e-05 0.0 7.839836788341478e-06 2.675445279609433e-05 8.273363057432982e-05 0.00037916907545905724 3.8869381545365645e-05 1.139661547350899e-05 0.005206564837162284 5.173699184927846e-05 0.0 4.4097017834172474e-05 0.0 0.0 0.0 0.0 0.0 0.0 0.005138477986647126 0.0001223677950909938 0.0 0.0 6.096161661951177e-06 0.003923458121979917 0.00012741203622676535 0.003118942319640138 0.00014245046022559818 0.00017494177862115894 0.00019587559148363527 4.381893991204327e-05 3.802699497662633e-05 8.9803994156836e-06 0.0 0.0 0.0 0.0 0.0 0.0 0.0 0.002586178011303163 0.0014130652005434853 0.003465492586937393
