0.0 0.1224200404035229 0.07537083639153778 0.07034745747745608 0.001616986860408278 0.01541094073015024 0.045380205442054906 0.009270076411851704 0.0004918842913400994 0.10344302107643254 0.013303196820157423 0.0018862898184375005 0.018761561753972162 0.014475964374148699 2.1364318126848724e-05 4.556092767665143e-05 6.732251018440773e-06 0.0 0.0 0.0 0.0 0.0 0.0 0.0 0.0 0.0 0.0 0.0 0.0 0.0 0.094411145109022 0.0009734199724643593 0.0011597516244523781 0.0 0.0 0.0 6.733149100456319e-05 0.0 1.8179071119574673e-05 0.0 0.0 1.1421454926995032e-05 0.0 7.029447193031301e-06 0.0 0.0 0.0003212328730253012 2.3736351734158998e-05 0.0 1.808297265698207e-05 0.0 0.0 0.0 0.0 0.0002908429322575916 0.0003663477465565157 0.005627185108315304 0.03890377369048849 0.001073100966678291 0.0003292037933447769 0.0001597999397223201 0.0003570910231422695 0.0 0.0014417576077287116 0.00012840946751598934 7.659506895987638e-05 1.1251875964015688e-05 0.0 0.0 1.7744762541621543e-05 0.0001535766647935945 0.00014038964015445667 0.0 0.005646234257424102 0.0004360615626469382 0.000607039983261736 0.00015868225475721134 5.86128888559256e-05 0.000535292955619698 0.006023939632766412 1.2257482325891803e-05 0.0015185337539250145 0.00017272002168967 1.94274671695043e-05 0.00010803174648324202 0.00015960455675069347 1.9776589696258284e-05 1.2413572073617132e-05 2.348210918483585e-05 2.2596158965096984e-05 1.1743200205403902e-05 0.0 7.849823127543809e-06 2.1940023140128065e-05 1.1492533527848862e-05 0.001958976820154496 0.0002528056846428547 0.0 0.0 0.037723299713785935 0.00012656785039136072 0.0 0.0002662287509902276 1.7212926591170237e-05 0.00011646404373628304 0.0017223433638179021 0.0 0.001001707180582404 0.0005092947150420958 0.00019018481860591483 0.00010451712315321753 0.00031197169247326577 0.000357815475518517 0.00014083300733778043 0.0003390967885781021 0.0 0.0 0.0 0.0 0.0 0.0 0.0 0.0 0.0 0.0 0.0 0.0 0.0 0.0 0.0 0.0 0.0 0.0 0.0 0.0 6.132218746575138e-05 0.0 0.0 0.0 9.420143316914536e-05 0.0 5.297265952673436e-05 0.0 0.0 0.0 0.0 0.0 0.0 0.0 0.0 0.0 0.0 0.0 0.0 0.0 0.0 0.0 1.7782757696643885e-05 0.0 2.2342607939825055e-05 0.0 0.0 0.00023638734256706427 1.6959978963347424e-05 0.0 8.197434013296354e-06 0.00019771551147707963 0.0 0.0 2.368326624740254e-05 0.0 0.0 0.0 0.0 0.0 0.0 0.00010985282561332465 0.0 0.0 0.0 0.0 0.00033717143724308146 1.1143910984674184e-05 0.0002546161278812393 2.0676142886507967e-05 2.3411247303483122e-05 0.0 0.0 0.0 0.0 0.0 6.106771111115731e-06 0.0 1.337216289326961e-05 0.0 0.0 0.0 5.060553133385765e-05 0.0002854784533145181 8.008883551086055e-06
0.1224200404035229 0.0 0.1057144902315834 0.031285673343329864 0.0627628111983992 0.012474427521915356 0.24432336662929247 0.037594816797243344 0.03987393843533024 0.11623362237313811 0.11654879806604952 0.004051766895279225 0.16426594403054878 0.12119216066854546 0.0006166535726534585 0.00016298948065331922 5.8669615410150706e-05 8.436406380677004e-06 0.0 7.196093248737491e-06 0.0 0.0 0.0 0.0 8.702824789107477e-06 1.0495167003269673e-05 0.0 2.9219753030519504e-05 0.0 0.0 0.07399706874599356 0.0012809659627167466 0.005705119234016652 5.857243784630783e-06 0.0 3.4116271623149865e-05 0.00027033113514262464 9.335037658758535e-05 6.032957078517549e-05 1.772599157537293e-05 0.0 3.7541404636863145e-05 7.454048355987125e-06 8.746604466381943e-05 0.0 1.461700240532853e-05 0.006485601948595786 0.00035702020442496675 0.0001891564517505427 2.2151059374641063e-05 0.00018120352994067064 1.4758146151111965e-05 4.43200776918399e-06 2.1402079476600176e-05 0.002319902154868441 0.003535606171920963 0.005418910936866264 0.04678410037062626 0.002748671629667545 0.0043210175461234675 4.218751508661301e-05 0.00063101500881193 1.858180744307222e-05 0.013222262248933414 0.0014191723211583371 0.0008714086644959552 0.0002763291760117622 7.779398776785516e-05 3.444987712355035e-05 7.833650097555249e-06 0.0003402543261012602 0.00021743364401048267 0.0 0.01558808373697377 0.0048361137711691185 0.0067628287808277265 0.004500933714117686 0.0003130040515536384 0.0009855902786964964 0.023895744643634104 8.179303538602332e-05 0.0024971570689878747 0.0027759751996770414 9.35052474005234e-05 0.0007512337183543578 0.00173149661715914 0.0002906232978342415 9.30429091675942e-05 0.0002946694985800427 1.745169033230917e-05 5.4523221012512056e-05 1.0544692355151254e-05 6.862552809149896e-05 1.9468450535738874e-05 2.914728643568251e-05 0.0017404337301169508 9.276428747289969e-05 1.3016802711663495e-05 0.00010105243073729453 0.045747324481625565 0.00036136591781604245 3.753187976982734e-05 0.0006781758978807203 4.2197449562498396e-05 0.0005907356967925941 0.0027049119957995517 0.0 0.001564460115643069 0.0006659598953076384 0.000148251020456391 0.0005892957548752336 0.0018387725390950358 0.0030740088175372294 0.001763817623552616 0.0016741170996667357 0.0 9.062705056075696e-06 0.0 0.0 0.0 0.0 0.0 0.0 0.0 0.0 0.0 0.0 0.0 0.0 0.0 0.0 0.0 0.0 0.0 0.0006038497786834681 0.0002761811030870754 0.0 1.0985786681466555e-05 0.0 0.0005718326143794079 0.00021136957248621497 0.0005758378515424975 8.536401298034158e-06 8.03328005200258e-05 0.0 0.0 0.0 0.0 1.2065343852024327e-05 0.0 6.986005724073692e-06 4.0324889659143544e-05 2.4988637944095894e-05 0.0 5.962556872649729e-06 6.1983616282352905e-06 0.0 0.0 5.9059095424414096e-05 8.303215745995783e-05 0.0 0.0003202865812621488 0.0002457602325797797 1.0136357744292358e-05 0.0 0.0 0.002112953741137215 0.0005433616033950287 3.0379183027495366e-05 3.367066755285944e-05 1.951752806060159e-05 0.0 0.0 6.752196406550111e-06 0.0 0.0 0.0010574823681211072 4.2649426624922765e-05 0.0 0.0 6.807976049428096e-06 0.0020210189196779847 0.00011448052434761714 0.0004866820898911706 0.00012021995545474662 0.00030443565625241 5.5404412395737195e-05 2.0226553335599836e-05 0.0 5.5391963613938655e-05 2.544233257601029e-05 2.8647951216387536e-05 0.0 2.4276356481074924e-05 0.0 5.799648104273676e-06 0.0 0.0015600736616835406 0.00040286601663019406 0.0001096635269742475
0.07537083639153778 0.1057144902315834 0.0 0.0006784220701015681 0.022503681630430053 0.0012485594834109894 0.010973456637674843 0.20332643069289863 0.04442671904333969 0.02754441926397661 0.08789171229085065 0.0035199213511681775 0.029332048391471455 0.05893028337119916 0.00034659672346662977 0.00010679914622748886 0.0 0.0 0.0 8.365709062264943e-06 3.0077282870704657e-05 4.834471169990326e-06 0.0 0.0 9.9692445276699e-06 0.0 0.0 1.709859491445208e-05 0.0 0.0 0.13863981488790708 0.018007737734898353 0.004838319929378866 7.4623336054616655e-06 0.0 0.0 0.0004785593908334644 6.467599818157846e-05 4.642571806974888e-05 0.0 5.917010346928139e-05 1.594896540495637e-05 0.0 8.638439628496371e-05 0.0 6.71840525014865e-06 0.0015625346051406142 7.232367327190739e-05 5.6332264566649935e-05 7.446731599884705e-06 0.0 0.0 0.0 0.0 0.0005207004398202404 0.000616391693664287 0.001382123278048939 0.022382597561268626 0.0007021974434858138 0.0011267246902541177 0.00022937083919353002 0.002405709116430746 8.532260246986209e-06 0.008931172558483894 0.00020965727755317302 0.00016177187990494497 1.1884885300314558e-05 6.426123032876578e-06 5.259026650993218e-05 0.0 0.0013450721922907988 0.0002140163317830808 5.9791862725420575e-06 0.004415854492143812 0.0014076760984530888 0.0025490712407959634 0.001165226226127668 0.0004021096894015153 0.0029112536129127244 0.03762349640659266 6.293789114662975e-05 0.011329111790258842 0.0005303495586206279 3.0206667560238697e-05 9.881871183198989e-05 0.0002734247399258442 5.143361384979923e-05 1.916386161833289e-05 6.15674330084003e-05 7.395411342923494e-06 0.0 1.0068971468216566e-05 0.0 0.0 1.6989690217771785e-05 0.0013181291661955395 5.3582094547344315e-05 0.0 0.0 0.021369514739452426 0.00035620563225667866 2.0479782428998766e-05 0.00033668144614136286 4.886215783518209e-05 0.0003785215953881323 0.0012165926097214474 1.1129728896492383e-05 0.0009948502654927738 0.00048150223168325437 3.639852310718584e-05 0.0004951991635865612 0.0015969732007102186 0.0013740439404268476 0.0007682440342436527 0.0011199238780881151 3.8132657700656923e-05 6.156434947657761e-05 0.0 0.0 0.0 0.0 0.0 0.0 0.0 0.0 6.049560310204556e-06 0.0 0.0 0.0 0.0 0.0 0.0 0.0 0.0 0.0003905987931673909 0.00023386314309394997 0.0 0.0 0.0 0.0005522524489874829 9.980339846725276e-05 0.0009447786644650439 2.176135005136199e-05 0.0 0.0 0.0 0.0 0.0 0.000278687710512057 3.351179507278495e-05 0.0 2.990679116791779e-05 3.354847732128612e-05 0.0 0.0 0.0 0.0 0.0 7.415616794434144e-05 3.7025226445553395e-05 6.2781153038903276e-06 0.0001293302722564867 0.00014177634371238362 0.0 4.9380721739506e-05 0.0 0.0016433764033323803 0.000394908008656429 5.613118079304316e-05 2.0665722815059955e-05 0.0 0.0 0.0 0.0 0.0 0.0 0.0010270799282135412 2.7198709244751717e-05 0.0 0.0 0.0 0.0015979482424284311 0.0001795648184722597 0.0005056369053175463 0.00015272206875993356 0.000379936861856903 7.253225095407187e-05 1.5130542643706866e-05 0.0 1.3836720927395678e-05 9.697568198397442e-06 0.0 0.0 0.0 0.0 0.0 0.0 0.0007641419495418523 0.0006578480475122546 0.00015323505461004456
0.07034745747745608 0.031285673343329864 0.0006784220701015681 0.0 0.00046463962137459623 0.04756061240266284 0.009500737550844844 5.0431782543797014e-05 0.00018958257309738488 0.18584891902742126 1.6652390144465663e-05 0.00187101896025822 0.048830998753757605 0.0020034556781531785 0.0 0.0 0.0 0.0 0.0 0.0 0.0 0.0 0.0 0.0 0.0 0.0 0.0 0.0 0.0 0.0 0.0038417693177512703 3.2545070527458495e-05 0.00012129104752562143 0.0 0.0 0.0 0.0 0.0 1.0566464122126689e-05 0.0 0.0 0.0 0.0 0.0 0.0 0.0 0.00039167376550651147 1.8053716423584904e-05 0.0 0.0 0.0 7.915587154740013e-06 0.0 0.0 0.0001492292239412673 0.00020947599438825783 0.0007492413759640943 0.004984090833896344 0.0002218202647810799 0.0003043561611114295 8.044551444411955e-06 8.857064327814095e-06 0.0 0.0009424473912097095 7.544050121328405e-05 3.840625123315071e-05 2.0854491795273437e-05 0.0 0.0 0.0 7.541665712228253e-05 0.0 0.0 0.001683463539109305 0.0002868446786780934 0.00023807926451812646 0.00015607722115831512 6.806242293419316e-06 8.437550228002301e-06 9.767932973774209e-05 0.0 2.0117422027656983e-05 0.00013913822217140076 1.1209345885989049e-05 4.268779272099989e-05 0.00011771835775731942 6.572251776810789e-06 0.0 3.90165733649135e-05 1.3311603281478401e-05 6.288551112231572e-06 0.0 0.0 0.0 6.2286546980837605e-06 0.000837663668898602 0.0 0.0 9.242316962929518e-06 0.006558371695347031 0.0 0.0 0.00022985309853479038 5.29191361047205e-05 0.0003017633896997407 0.00284204671677451 7.966168587045197e-05 0.0005564158599125873 0.0005162662927328277 0.00014036515175008365 3.946282894258378e-05 0.0004609664942574244 0.0004838774697716524 0.00027194150716407565 0.00024346858931786208 0.0 0.0 0.0 0.0 0.0 0.0 0.0 0.0 0.0 0.0 0.0 0.0 0.0 0.0 0.0 0.0 0.0 0.0 0.0 0.00018492990845641612 8.541670909139688e-06 0.0 0.0 0.0 0.0 0.0 6.868108606899511e-05 0.0 0.0 0.0 0.0 0.0 0.0 0.0 0.0 0.0 0.0 0.0 0.0 0.0 0.0 0.0 0.0 1.9255739895785856e-05 7.52859671698612e-06 0.0 7.3867537135925e-05 1.1398772218714158e-05 0.0 0.0 0.0 0.00020587066225676034 0.00012427307683656626 0.0 0.0 0.0 0.0 0.0 0.0 0.0 0.0 4.464280720051412e-05 0.0 0.0 0.0 0.0 0.0004612643221558719 0.0 0.00010980036510604235 0.0001247321337024435 0.00024811229561995146 0.0 0.0 0.0 0.0 0.0 6.347564012230709e-06 0.0 0.0 0.0 0.0 0.0 0.00012143468264641645 5.054119441806494e-05 0.0
0.001616986860408278 0.0627628111983992 0.022503681630430053 0.00046463962137459623 0.0 0.00032128813020332385 0.1270777435444824 0.0009860269801814717 0.23217336347135928 0.07513877678543422 0.06313413689657532 0.0019947076992715045 0.06344258528749643 0.15052385664218476 0.0008950033203441912 2.8531258556058875e-05 6.198541748218982e-05 1.3368542508574923e-05 1.148031540394257e-05 0.0 0.0 0.0 0.0 0.0 6.086959261786123e-06 0.0 0.0 7.530223911746439e-06 0.0 0.0 0.012177289468617425 0.001669217630631437 0.0003726050945568444 0.0 0.0 0.0 8.344534577831539e-05 8.936469004139771e-05 5.982109962492034e-05 2.1318133042962282e-05 1.9173239008197823e-05 4.297717395441079e-05 2.469802203900446e-05 5.759548207225215e-05 7.823208893707748e-06 4.161795015944776e-05 0.011319649531328708 0.00024115813911965424 0.00013520595113710192 7.648943034298027e-06 9.664329361985918e-05 0.0 0.0 1.4046266203681205e-05 0.0017267442745868065 0.002803736695294604 0.0011007555602312441 0.003785801849657034 0.0012865355662179838 0.004614494634224947 0.00020887333432499753 0.00018256365658367974 5.457377555721109e-05 0.01929919743615809 0.001154187984784051 0.000730251911046198 0.0002062831428645479 5.286196711898277e-05 3.152363959537255e-05 0.0 0.0002494720841445688 0.00030545796710164044 0.0 0.00533181132980801 0.00447023878696361 0.008722007127636969 0.010995335506798236 0.000545699974888462 9.312401351831422e-05 0.001273544024816964 0.00012486978925343545 0.0001790811981145475 0.001972975205736452 0.0001278053097501188 0.0007870727656814433 0.00136634786000181 0.00019038610516063158 6.599901902884561e-05 0.0002608367567637741 2.5686031856492685e-05 4.2090414408734215e-05 1.8140000010680695e-05 1.3396449415783712e-05 3.242878837523046e-05 5.1883621552441844e-05 0.0018565018803805395 5.6600183825069336e-05 0.0 1.9046656834535865e-05 0.000698166574970277 0.0003143226867535742 7.765764917001407e-05 0.0005558592334094129 0.000141032477855018 0.0009127719422640818 0.0020621308190113567 7.633968705948311e-06 0.0017320038653379781 0.0007687084596382499 0.00017182420218974628 0.0007750582978563657 0.0018906926769841617 0.003353231380986983 0.0017131393702366255 0.0015543554947161733 1.0176571351635066e-05 1.0282638911278166e-05 0.0 0.0 0.0 0.0 0.0 0.0 0.0 0.0 0.0 0.0 0.0 0.0 0.0 0.0 5.751972961410806e-06 0.0 0.0 0.000719863073284625 0.0001293448590076374 0.0 2.0624648174844626e-05 0.0 0.0007648390147779931 8.653324975955485e-05 0.0008442974213534197 2.2616407400807437e-05 1.1094642818590582e-05 0.0 6.282171825340334e-06 0.0 0.0 3.929528093808257e-05 5.03222034088353e-05 0.0 0.00017068368658956022 6.063626125226636e-05 0.0 0.0 0.0 0.0 0.0 2.1144899074123137e-05 8.862770525300471e-05 1.0255459947787789e-05 0.00016400383582858193 0.0004428498684790758 5.373911816727665e-05 0.0 7.348074768077901e-06 0.0022569847670951917 0.00038263224545610644 6.517961293658181e-05 2.3377400393517065e-05 0.0 0.0 8.551504219282863e-06 8.649638586234325e-06 6.959965212402367e-06 6.64640941323208e-06 0.0012573432551818843 8.505752394548404e-05 0.0 0.0 0.0 0.002104582047559266 4.60573740519743e-05 0.0008047924040482051 0.0001700280260187669 0.0005676130371334774 8.48370770488176e-05 4.042117156894869e-05 2.7907371222329036e-05 0.0 0.0 5.86233129740033e-06 0.0 1.9453169113158354e-05 0.0 0.0 0.0 0.0013857500267432505 0.0005200174064973573 0.0001573446503061721
0.01541094073015024 0.012474427521915356 0.0012485594834109894 0.04756061240266284 0.00032128813020332385 0.0 0.007764486558806013 0.0002579572447693589 0.00014078211737244273 0.1438096232132066 0.00023497655616698423 0.019011602671053545 0.017011386163046746 0.0008953842430855402 5.821076402313654e-05 3.132751474163633e-05 0.0 0.0 0.0 0.0 7.138361331847537e-06 7.255361895732948e-05 0.0 0.0 2.6002704459774195e-05 0.0 0.0 2.4086568649430972e-05 0.0 0.0 0.008629254374407558 0.00030012412699044103 0.001422327472481366 0.0 0.0 3.4255010322021744e-05 0.001253332131521475 0.0008350448358428429 0.0003765439669930418 3.439099371570124e-05 0.0 0.0 0.0 4.088617608121706e-05 0.0 3.519529958446948e-05 0.00012731581008909457 0.0 0.0 0.0 0.0 0.0009274301879191962 3.1891441814394386e-05 3.0504800304789363e-05 2.1983467306838793e-05 9.0020200437267e-05 0.013979550469881705 0.011083957036444715 0.0003558565654834893 1.560059105506925e-05 0.00021965848640875276 0.0019871072555436493 6.349006590752127e-05 0.0001968432456100709 6.306073468408506e-06 5.0819778793841274e-06 0.0 0.0 0.0 0.0 0.007273705240234355 0.0136665722133442 0.00044102591983891847 0.0006012360223494656 4.364044623564823e-05 8.24789485603682e-05 3.6502654129710214e-05 6.445906151135401e-05 8.192063686074127e-06 0.0006677391435273792 2.3168209422142045e-05 0.00020501784044540505 4.099070007644674e-05 4.48416954527021e-05 0.0 5.406955560625652e-05 0.0 0.00017737002319867816 9.668345686914349e-05 0.0005583951343867099 2.2838712150126485e-05 0.00024581151911482683 0.0 0.0 5.6777012549948475e-05 0.03359811074335941 0.0029295409911766625 6.348092052442511e-05 0.0006965987582058816 0.02172228321031346 1.1507644542356941e-05 0.0 0.00040964641220054155 8.197167565212635e-05 0.00043731491177160663 0.002161025567914446 2.7996335926406244e-05 0.0012179588777994472 0.0006428045181978643 0.00020264911518267793 0.00010962777634982572 0.0005545282690280672 0.0010712965870896818 0.00022463223313048697 0.00025589760827625146 9.134868153686058e-06 8.710413568650068e-06 0.0 0.0 0.0 0.0 0.0 0.0 1.3365674347376784e-05 0.0 3.270654723855032e-05 1.7939230974938586e-05 2.0928996092971374e-05 0.0 8.005997854492595e-06 3.506725837599204e-05 4.838353326663311e-05 0.00011108268270377447 8.06233638189313e-05 0.0001240874174664557 2.0005342974798785e-05 0.0 1.4657572116083828e-05 0.0 0.00011758987681508246 8.357872808835623e-05 0.00012427667114298072 0.00010638026385153401 0.00010071948978341403 0.0 0.0 0.0 0.0 4.476618804046692e-05 7.832815592588363e-06 0.0 0.0 0.0 0.0 0.0 1.64108764936406e-05 0.00014927721651974797 0.0 1.2337617283988606e-05 0.0 6.196679129535895e-06 0.0 3.428696385891908e-05 0.0 0.0 0.0 7.614221827506477e-05 0.00016215077348631762 0.0 0.0 0.0 0.0 0.0 0.0 0.0 0.0 0.0001792577692040031 0.0005812942020186411 0.0 0.0 0.0 0.0001072359106600374 5.206287915438515e-05 1.151683758575828e-05 0.0 0.00015224072665473597 0.0 0.0 0.0 0.0 0.0 0.0 0.0 6.970154625958131e-06 0.0 0.0 0.0 0.00012290261465170712 0.0001811760079129078 0.00023525331011726479
0.045380205442054906 0.24432336662929247 0.010973456637674843 0.009500737550844844 0.1270777435444824 0.007764486558806013 0.0 0.0009405506580894722 0.14551929545720435 0.2291407897071106 0.03105539136004978 0.00925936744971173 0.41686359178283056 0.21632181349563517 0.0013847602521455922 3.431344500360094e-05 3.616688997718366e-05 5.482758286902996e-05 1.4231039811515529e-05 5.867531216550114e-06 1.1600618107578947e-05 0.0 0.0 4.970910933573586e-06 9.01382446719116e-06 2.9029138337542525e-05 0.0 6.017978163987523e-06 0.0 0.0 0.026180784162453005 0.001592466309159397 0.0006979143471929131 5.250038906604744e-06 0.0 1.7853763458163317e-05 0.00016652662033018185 7.455186627955957e-05 0.0001061089445249252 2.628609937899917e-05 3.070667317118541e-05 6.41363936013762e-05 1.4081013713565729e-05 5.146261199814737e-05 1.5568392022637474e-05 4.122103873457412e-05 0.014785531944140479 0.000518673266739371 0.0002446616450090477 4.9890869553328774e-05 0.000108766359497012 1.357152055450146e-05 6.273896018001731e-06 6.043300758589548e-05 0.003384926934450665 0.0052314701387514055 0.004221955007766972 0.02189537576787963 0.0032263230044592035 0.00830854513481433 0.00014710273757533054 0.0004351304232638418 3.27028616581551e-05 0.023376182884042668 0.0020815779420101346 0.001306286460714971 0.00034607063417996166 4.818467738748264e-05 5.636892163612193e-05 7.761624585354294e-06 0.0007897678714120748 0.00033817004113709427 1.7220233905136716e-05 0.015396126331350204 0.007241816443117273 0.014155392718616005 0.012961930276400628 0.000872500489698852 0.00023923251261381482 0.0011805297302671484 0.00021030127079132318 0.00031632875890874547 0.0038691600063024546 0.000232579220333108 0.0012916448660417743 0.002719279706931794 0.0004557910626127619 0.00012459474882601523 0.0006558209904347699 5.200438647111375e-05 0.0001542243917220706 1.355586504348751e-05 2.7451694191492764e-05 1.847765528814837e-05 0.00010780341360456356 0.00393232104974251 0.00010873081030482359 5.392804901267768e-06 8.590981384984804e-05 0.007486531254096048 0.0012680379682394793 0.0006122034409291503 0.012261281714599639 0.0006967644744360108 0.003048882766839923 0.0129645836901552 0.00035267480487250467 0.005804764114308741 0.008038800331134546 0.00048025440351035767 0.0019163379448916737 0.006480176890257398 0.010613107377116727 0.005005490095120179 0.005565490853932464 8.450318963321546e-05 3.7800386688802625e-05 0.0 0.0 0.0 0.0 0.0 1.2311160419084877e-05 0.0 0.0 0.0 0.0 0.0 0.0 0.0 0.0 0.0 0.0 0.0 0.0022666567124840263 0.0006727950332347868 0.0 9.698638397062406e-05 0.0 0.0017404320188422182 0.00028499686256640744 0.001998590011514919 0.0 1.8035006606407142e-05 0.0 0.0 0.0 7.989082942394463e-06 7.855317461484711e-05 3.173357649548683e-05 0.0 0.00022885625672319418 0.000102906750682141 0.0 1.7147961548524763e-05 0.0 0.0 6.811491671376406e-06 0.0001392592442758706 0.0003782078003881848 3.8595415434197106e-05 0.0006489841870946914 0.0015619793387546409 4.347302007966319e-05 3.5945784379128986e-05 3.248535845977427e-05 0.004713942930595643 0.0015327940360315366 0.0001691354703504998 0.00011252026948265628 1.1600835726331086e-05 1.3193322543809746e-05 0.0 0.0 0.0 0.0 0.003076278529415112 9.825363461714922e-05 0.0 0.0 0.0 0.0063282490341725365 0.00016588541207250844 0.0020808610478388946 0.0006048802196613687 0.0013331446101013896 0.0001234802539539776 6.449245519879498e-05 2.045795760621186e-05 3.448011578871078e-05 2.641607667496982e-05 2.5602366438805392e-05 0.0 8.066838212459086e-05 0.0 1.2383485381882778e-05 0.0 0.004378285648210282 0.0013392015941785704 0.00042172683874066615
0.009270076411851704 0.037594816797243344 0.20332643069289863 5.0431782543797014e-05 0.0009860269801814717 0.0002579572447693589 0.0009405506580894722 0.0 0.003040671460530429 0.01334729547886222 0.07527193975915335 0.005296450833760515 0.024868429684300194 0.06482202549898766 0.0009570743564173318 0.00030966340947006886 9.182491184951047e-05 5.416486047980464e-05 7.05547754316586e-05 8.682945316099517e-05 7.917778089978497e-05 0.0 0.0 0.0 3.320155256407855e-05 0.0 6.75232859645327e-06 0.0 1.6193228965467556e-05 0.0 0.1093644939750908 0.1256458868966535 0.009049596370590328 1.2289326603787555e-05 0.0 9.628089365147156e-06 0.0009738798148260216 0.00021792671729514736 0.00027644016517235765 6.149283204121537e-05 5.997284149385808e-05 0.0001338485195494654 1.856931010171742e-05 0.00019692504238409306 1.104392056357224e-05 0.00021903352806703196 0.003358062408475109 0.0001314088370847751 5.9161949060833446e-05 0.00019465371769946727 0.00019557249912512036 2.857234848354191e-05 1.6512707231999798e-05 6.943565121525722e-06 0.0005286734311148656 0.0007552658453717278 0.0008033243358063816 0.011491971706372419 0.00048462921891327687 0.0015895972779358747 0.009436307000987024 0.01079923869620576 0.00013796800655742835 0.016466772532875706 0.00034820140862449174 0.00026479822872753096 0.00013215890058032148 2.9702975919271242e-05 0.0006178025142359068 0.00013836943132328132 0.0016796742822629564 0.0005789447557990013 0.0 0.0036518469482596863 0.0017606782374492277 0.004373384221505465 0.004157725190974853 0.0011715457838654497 0.05332476114764388 0.20949524821994284 0.002575789713564674 0.2005851118671604 0.0007861550237899943 3.4666798506507054e-05 0.00028626750338936057 0.00035153324524185895 0.00024278156197147632 1.2914701748366217e-05 0.0001309180236179787 1.0018770778802523e-05 1.3129608359363552e-05 2.1716485517630576e-05 0.0007313820501886112 8.409508882762743e-06 4.583224880176234e-05 0.002203546537427284 0.0001242929772621235 0.0 1.6359983380924292e-05 0.005868606558031788 0.0006483221481362581 0.0 0.0008620488392520022 2.8010455966266152e-05 0.000824768963795655 0.003893342866753452 1.1794506523973958e-05 0.0020064330695768757 0.001647019082258899 0.0001176670779666551 0.0010814241002503517 0.0024681782806154195 0.004222887413295536 0.0028922638741728864 0.0026747167680614423 1.8954863086680838e-05 1.2495867482342097e-05 0.0 0.0 0.0 0.0 0.0 0.0 0.0 0.0 0.0 0.0 1.6566693768300235e-05 0.0 0.0 0.0 0.0 0.0 0.0 0.0013531787686765749 0.0001493596450176271 0.0 9.308156886913654e-05 7.2502398517233885e-06 0.001373102047799792 0.0001793687493720881 0.0018921325546050723 6.66031147463943e-05 1.5922861046461068e-05 0.0 0.0 0.0 0.0 6.224474079989969e-05 8.449394263475163e-06 0.0 0.00019569214582512164 0.00023173656905103664 0.0 0.0 0.0 7.497705645194787e-06 0.0 8.549838806353266e-06 0.00027835768268192674 1.186116440670581e-05 0.0004264773252588493 0.0008241393333951461 1.682935015999692e-05 9.301598469214869e-05 3.8721499422781855e-05 0.003659693355132522 0.0010838990099753568 2.969149967747452e-05 6.971814823231688e-05 0.0 7.292767231996909e-06 8.179737652042814e-06 0.0 0.0 0.0 0.001920590334009621 6.45996373801045e-05 0.0 8.628806536597677e-06 0.0 0.003595644831846705 0.0002139974268284269 0.0011982945263234812 0.0003517400037391656 0.0008035183559630542 2.1887894456480185e-05 1.1587045711603554e-05 5.896778817137274e-05 1.0013425630609468e-05 3.835701633935567e-05 1.7495220827119927e-05 0.0 2.8555644445813107e-05 6.5822820229321384e-06 2.2773548822626268e-05 0.0 0.0019466838466381088 0.0009698218428840821 0.00029381147550066114
0.0004918842913400994 0.03987393843533024 0.04442671904333969 0.00018958257309738488 0.23217336347135928 0.00014078211737244273 0.14551929545720435 0.003040671460530429 0.0 0.017962284256480564 0.06455536811369356 0.0007866492319294744 0.03303762611329837 0.0688467048823593 0.0008757272299477016 8.641436517481159e-06 0.0 0.0 6.117670033743558e-06 9.26369305944651e-06 0.0 0.0 0.0 0.0 0.0 0.0 0.0 8.768299257468184e-06 0.0 0.0 0.003583260028162795 0.0008540450279264178 0.0009827626175171573 0.0 0.0 0.0 6.788928383633893e-05 1.782592309553163e-05 2.282160389905434e-05 0.0 0.0 3.720837465712948e-05 0.0 1.5147932360355118e-05 0.0 1.815343706937428e-05 0.005624678418608852 3.870837350494876e-05 3.2093009385061703e-05 0.0 5.071200220759304e-05 0.0 0.0 3.118728193715834e-05 0.0005045713130660437 0.0007248391791914669 0.0003536535735366608 0.0009330444990348577 0.00027270219800843516 0.0015106928234910246 3.9280426659746944e-05 0.00016269632301515782 3.894390983409832e-05 0.007722433488944177 0.00027777952181405195 0.00019494492216436558 6.61054863055769e-05 2.7170608548943394e-05 6.05905640120702e-06 0.0 0.00013690830395062472 0.0002134251488608683 0.0 0.001286185770601825 0.0014575720775508378 0.0037028052467847706 0.005564477583253958 0.00045440672903095586 6.99021538797614e-05 0.007523116595707935 3.1383149605096575e-05 0.0002983692089068896 0.000529844610725955 7.613881910612639e-05 0.00015050799444326471 0.00036664988276670493 5.5113899005264545e-05 2.3748951590132576e-05 0.00016427626842798065 5.270625910332473e-06 6.265211501064584e-06 7.1290302534112635e-06 9.57088890562296e-06 0.0 1.2051858683399998e-05 0.0013547061654555137 0.0 0.0 0.0 0.00024407747984196617 0.0004038898161895244 4.461854450815263e-05 0.00036921973271896125 0.0 0.0004130453059681032 0.0018892682790706853 8.939757655125101e-06 0.0013582067887956918 0.0006888413079438637 9.438275545148088e-05 0.0005140541522555245 0.001419086658953711 0.0028760852117254206 0.0014760396212106454 0.0014804451455870196 0.0 1.958498807526281e-05 0.0 0.0 0.0 0.0 0.0 0.0 0.0 0.0 0.0 0.0 0.0 0.0 0.0 0.0 0.0 0.0 0.0 0.0003087314396286353 0.00015417895796242966 0.0 0.0 0.0 0.00048032226818798775 0.00011950587189263767 0.0006119243210493784 1.1236977172753494e-05 0.0 0.0 1.07295909588804e-05 0.0 9.723453139638522e-06 3.583864491224394e-05 0.0 0.0 0.0 2.1894466183094383e-05 0.0 1.2654437814066506e-05 0.0 0.0 0.0 2.8760990669358487e-05 3.355399782343234e-05 0.0 9.199103813811447e-05 0.0002171819975989175 0.0 0.0 0.0 0.0016809387146567167 0.0004480993147792439 4.756564735825562e-05 4.679582416994007e-05 0.0 0.0 0.0 0.0 0.0 0.0 0.0009551721045934495 2.0758532266966806e-05 0.0 0.0 0.0 0.0013962250410810455 9.041473199425826e-05 0.00042269043973749856 0.00011590439485035682 0.0003231917048254883 3.4443609793413825e-05 8.407844369084188e-06 1.5186646916210986e-05 0.0 0.0 7.054205822342401e-06 0.0 0.0 7.1421889939073825e-06 0.0 0.0 0.0014644817022402888 0.0005620816486541425 0.00010249698626212549
0.10344302107643254 0.11623362237313811 0.02754441926397661 0.18584891902742126 0.07513877678543422 0.1438096232132066 0.2291407897071106 0.01334729547886222 0.017962284256480564 0.0 0.015295096970448766 0.13212683106431955 0.6704783382960782 0.07168871956061773 0.0003492810219982396 3.85830466857413e-05 6.2192885488568554e-06 0.0 0.0 6.317926946017306e-06 0.0 0.0 0.0 0.0 0.0 0.0 0.0 7.539808578976524e-06 1.049399707766416e-05 0.0 0.008816734491824598 0.0005987234056793965 0.0006891535706200358 0.0 0.0 0.0 0.00039190793002819664 5.479288796533139e-05 0.00010176025596177734 0.0 0.0 1.3004587285510333e-05 0.0 5.1175276111231274e-05 0.0 1.6108279417292427e-05 0.002918797071102055 0.00015224759288606633 4.9340376841511174e-05 1.290469758052508e-05 1.6729122786245437e-05 1.3943094232393022e-05 0.0 0.0 0.000651079324220431 0.0010521685363455906 0.003551809030965838 0.010051298766257936 0.0007593390663632108 0.001293438893002763 2.89285795897821e-05 0.000562716582387671 0.0 0.003931851713537973 0.00042259325902627707 0.00021600213976564835 6.124668275126927e-05 1.6508569328330494e-05 0.0 8.449854680008614e-06 0.0009482375710997632 0.00037527709762895844 0.0 0.004191368672370214 0.0011602214642374988 0.0019325432894664288 0.0017218257108548838 0.00012594629886221223 2.4960061544486407e-05 0.0006866659077167541 3.5648750069726004e-05 0.00016551246343977382 0.0007561730255596897 3.688043983379922e-05 0.00023215605302593848 0.0004694509741491759 6.988672677851209e-05 5.863197276153679e-06 0.00014317505541909856 3.279767599025987e-05 1.9230808610274713e-05 6.312712189225331e-06 7.304694448191144e-06 6.4924041294218765e-06 2.7951420584990965e-05 0.015119955318309447 0.00012403566287124126 0.0 5.234684689652382e-05 0.015489816393724109 0.003764444205771418 0.003178587768695833 0.031139471927321957 0.011109564733194074 0.011809356312349127 0.04299229538449406 0.004450730085951236 0.020604401963431624 0.026366524501577032 0.0031004816562868404 0.0051706131743159255 0.025524245105673263 0.03229742260462695 0.013157785574691154 0.012425605292624937 0.0 1.0760410989839423e-05 0.0 3.7553914118107006e-05 0.0 0.0 0.0 0.0 0.0 0.0 0.0 0.0 5.231833569261487e-05 0.0 0.0 0.0 0.0 0.0 0.0 0.0067450918426694186 0.0014454873013334231 0.0 2.695519296185634e-05 0.0 0.004112952997735929 0.0013847162347063423 0.0061273293675861516 1.3533319021365e-05 9.616055587704452e-05 0.0 0.0 0.0 9.798459669043372e-06 0.00040173789405824193 8.027362620446463e-05 0.0 0.0004022836513140729 0.000723684160020852 0.0 0.00010462976558685344 0.0 0.0 0.0 0.000417243983720569 0.0006188222275985031 0.0001781568094090226 0.0016324389792711981 0.0031924115062366854 0.00025317345943471974 9.960636896696838e-06 0.00019656400837803813 0.013595560752371665 0.005302341444255055 0.0006404548399714555 0.00047768499329186085 3.6024758404130694e-05 2.5856533001415496e-05 0.0 4.5572305450459065e-05 0.0 0.0 0.005672141833263532 4.183621232570795e-05 0.0 5.258005911135558e-05 0.0 0.013495386286055228 0.00035678888693208027 0.005292311599649297 0.0015938149397770863 0.003335327871860433 0.0002775885285363864 0.00022141821548537837 0.0 3.0485202477207723e-05 9.39253572541504e-05 2.848747402282878e-05 0.0 2.9904975580064196e-05 8.711767840719167e-06 0.0 0.0 0.0074525611710170225 0.002165290709311418 0.0011411903550038519
0.013303196820157423 0.11654879806604952 0.08789171229085065 1.6652390144465663e-05 0.06313413689657532 0.00023497655616698423 0.03105539136004978 0.07527193975915335 0.06455536811369356 0.015295096970448766 0.0 0.005973230136321847 0.14370195201648267 0.21344590946590888 0.0009694676234024222 0.00019028752926141852 6.85419845223278e-06 0.0 0.0 0.0 0.0 0.0 0.0 0.0 1.0686951172226644e-05 0.0 0.0 0.0 0.0 7.100430113574273e-05 0.006583718746430017 0.0029651364475830155 0.010068003288683054 0.0 0.0 0.0 0.0014693098170542897 9.493459344285719e-05 0.00019165434588255383 0.0 0.0 7.388742497196771e-06 9.34070222092167e-06 9.50061158241002e-05 5.130466394814396e-06 1.4840023857727963e-05 0.00281447162915355 9.363800383183899e-06 8.540695221759227e-06 0.0 0.0 0.0 0.0 0.0 0.00025426626482125234 0.00022178089691934208 0.00022011838182622658 0.0005529157572387619 0.00011148026317142332 0.0005740876788066942 1.3538448798933516e-05 0.0019576149022034117 8.350095366424438e-06 0.0029044834054070563 0.00010459756790329828 6.651001843340507e-05 2.211329892414066e-05 0.0 0.0 0.0 0.0009828188279012839 0.0005601398572115738 0.0 0.00038108962570590526 0.00032010377521559416 0.0017500959015462115 0.0028875048483668086 0.0007934374995434428 0.006551642417702155 0.09763929491769305 3.924443503604596e-05 0.0029101427132463523 0.00014198152177598416 8.095202658597997e-06 5.77907382494819e-05 0.00011662971320535771 2.289737793922345e-05 0.0 3.9120801056924865e-05 7.264194879017112e-06 1.3470249150290329e-05 0.0 3.846369269195413e-05 0.0 2.2819928144737763e-05 0.0024905796887823724 3.846575917084842e-05 0.0 6.481358359098911e-05 0.0004312284772228035 0.000528164358805289 6.873439097300576e-05 0.00039339783253494303 7.713565012671011e-06 0.0005168589252477198 0.0022312807902345327 1.740782936274052e-05 0.001358451501082473 0.0007621157274189595 0.0001519588514697718 0.0005424524587931661 0.0013945351631276012 0.0028445594957593923 0.0015453711778230456 0.001937417669847284 8.625548550072876e-06 1.0062986952532727e-05 0.0 0.0 0.0 0.0 0.0 0.0 0.0 0.0 0.0 0.0 0.0 0.0 0.0 0.0 0.0 0.0 0.0 0.0004634279939012677 0.00013073802458355135 0.0 0.0 0.0 0.0005943922853342288 4.496192621625512e-05 0.0006186771478309092 0.0 0.0 0.0 0.0 0.0 4.634979610278338e-05 1.3172740935588266e-05 0.0 0.0 5.325209279549425e-05 3.222699194517297e-05 0.0 0.0 0.0 0.0 0.0 2.6036870154234606e-05 0.00012375372249057658 6.1170383098866216e-06 0.00012268766127965559 0.0002763190499954049 0.0 2.1736836467959805e-05 0.0 0.0018183092480308944 0.0002550625655572456 0.0 8.212968934745587e-05 0.0 0.0 0.0 0.0 0.0 0.0 0.0009079314357707243 0.0 0.0 0.0 0.0 0.0020460592789450067 1.0764413556226923e-05 0.0004364477648911539 0.00018345044175801102 0.00040689268609299075 0.0 2.6745547868705158e-05 6.587767454287722e-06 0.0 0.0 0.0 0.0 0.0 0.0 0.0 0.0 0.0017296917771539974 0.000780483721290676 0.00015182327094055906
0.0018862898184375005 0.004051766895279225 0.0035199213511681775 0.00187101896025822 0.0019947076992715045 0.019011602671053545 0.00925936744971173 0.005296450833760515 0.0007866492319294744 0.13212683106431955 0.005973230136321847 0.0 0.11548642174894562 0.03632483936976887 0.0013382502032123853 0.0007127731366213834 0.0 0.0 8.889640596057954e-06 0.0 8.951734779752159e-06 0.0 0.0 0.0 6.493531430528002e-05 1.0531805188469793e-05 0.0 0.0 4.4687626771693446e-05 0.0 0.005924005625279331 0.006048630181579633 0.00969879287849964 0.0 0.0 2.83049741712539e-05 0.004637193700781526 0.000925657974540356 0.0012374144339744964 8.296884164372322e-05 1.670649628115468e-05 6.314353861927417e-05 9.876877057650144e-06 0.00046834320342680396 0.0 5.091189941945003e-05 0.0018271486267884675 1.4073375025590314e-05 2.8313118687940388e-05 3.6826632248456114e-05 9.93940108334238e-06 1.9741433476775212e-05 5.059614585073334e-05 3.752604093281229e-05 7.458616326467212e-05 0.00011190111625603647 0.0015267790964368195 0.001612071297027457 0.00017652083436153215 0.00043950257373629836 7.131752646015513e-05 0.002991118646421281 3.557848259331197e-05 0.0023167921940576456 6.0566728913579095e-05 1.0913247247295161e-05 2.6903267059318412e-05 1.0496491600054395e-05 8.600113234352746e-06 2.5956625937136216e-05 0.008265581705912092 0.005861419074662151 1.1119404595280332e-05 0.0005458995753474753 0.0003500341456450816 0.0013760862029402 0.0028708069624143804 0.0015921046173512044 0.0006905493224419466 0.020496651166354397 0.0001459992036742426 0.0008210714206638189 9.517604864236451e-05 1.830549232730013e-05 6.850618443909876e-05 0.00010956948779654082 1.4555037713784351e-05 0.0 1.016670297070126e-05 1.0310816942676088e-05 7.1435036989306384e-06 1.750932063383139e-05 0.00012956899328320118 5.835859774704618e-05 2.606840329126986e-05 0.08025842937038301 0.006287305014667305 0.0 0.0011732552011951578 0.004315824358317357 0.0011702979327616514 0.00019296708334453136 0.004718169799868272 0.004904087519407696 0.003359611603548929 0.014763321859725948 0.0015409942514283052 0.007341305768266379 0.007064531035395005 0.000919517892472895 0.002744333263157481 0.00874452122005273 0.016627773572539407 0.007586400162102449 0.007896984954081811 1.583665974083561e-05 0.000108869205939423 0.0 0.0 0.0 0.0 0.0 0.0 0.0 0.0 0.0 0.0 0.0 0.0 7.441180972828581e-06 0.0 0.0 0.0 0.0 0.0022122070497571167 0.0005661868510593048 0.0 1.6148971426189426e-05 8.202838512058169e-06 0.002590853666219102 0.00039231728618823917 0.0034638262505750626 2.588346736862248e-05 5.2842909291651794e-05 0.0 0.0 0.0 0.0 0.0003076360133749411 0.0 0.0 0.00014460034988586308 5.585584900828538e-05 0.0 0.0 1.8516622083921485e-05 0.0 8.982772429463326e-06 9.462357847750574e-05 0.00016416799050927654 3.3175829488025006e-05 0.0007288684569319108 0.001142107856345647 2.6714530002516916e-05 9.744970778269515e-05 0.00015075817462600603 0.006835218625937174 0.0015792943766504953 2.585727488352507e-05 0.0001353651990544864 0.0 0.0 0.0 0.0 0.0 0.0 0.004428031965406753 0.0002504452729560099 0.0 0.0 0.0 0.006580426692678743 0.000275969757510204 0.0020280448067361415 0.0005600185392535112 0.0013890695359777094 8.846702347983389e-05 1.5264108400960214e-05 1.0025039457815606e-05 7.390142810919214e-05 1.7996146371882495e-05 3.6935919126829216e-05 0.0 0.0 0.0 0.0 0.0 0.007356536767143231 0.004025684368351091 0.0006683200722899608
