0.0 0.27311066355793095 0.057467739488739594 0.0646912794933141 0.0031307172962076846 0.008754821100989886 0.041038952381137084 0.010939634357833131 0.0012886835861299609 0.09048941273525837 0.006887674070591581 0.013185419421143364 0.01031619431233495 0.0056827992303429406 0.00019704415859845843 0.00011183407774059306 2.4776069021562098e-05 0.0 0.0 2.41672744743871e-05 0.00015919350949656407 1.762323024521062e-05 3.093650602281717e-05 2.692329806875624e-05 7.432574488577377e-06 8.434227224192937e-05 4.060026535815181e-05 1.1414462885582252e-05 1.5335404184236598e-05 1.5267840712299444e-05 0.1086392749046799 0.005149993950245201 0.0005232158220828209 8.442328057963383e-06 8.016622750277933e-05 7.432670188594213e-05 6.262026885492502e-05 4.48170664652964e-05 6.264339286479192e-05 3.308797250890109e-05 8.454077824849962e-06 1.554516480876604e-05 3.683719455634184e-05 6.721383081571962e-05 7.996918474453356e-06 9.061625065362234e-05 0.0007871897446190627 9.348367412390306e-05 1.5720573936917406e-05 7.335894656492374e-06 7.563060968233277e-05 1.1662814295251016e-05 3.264223488151892e-05 4.1933629891038844e-05 0.0005258750499198269 0.00012411145941522019 0.01406017675918902 0.05807864566973516 0.0020025240176980365 0.0017520733103848387 0.00023150239009325752 4.596916826011056e-05 4.307080507304674e-05 0.0009259092529430129 0.00016638434154957343 0.00010091062561986762 9.5496337354899e-05 5.599064833878695e-05 6.627506236384691e-05 0.00022628097805938422 9.17124887968565e-05 0.0003807610329593717 5.8886463636227295e-05 0.026601944637204545 0.002654250310175482 0.002779295328804545 0.00018112768204073807 0.00010410846511412487 0.0003603714278557288 0.004714561578156581 0.0002941622745621104 0.0007084172417216445 0.0005680442153110634 1.1556066846059894e-05 0.00022337704367610838 0.00016007959237602408 5.0126685919970475e-05 1.361670895985177e-05 4.832725428898579e-05 2.835311366629113e-05 2.3429241740817047e-05 2.148836338842877e-05 0.0002231481282492402 5.638173274714744e-05 1.744253110130906e-05 0.004144630006207442 0.001014175731506723 6.660488457908494e-05 9.727895365431733e-05 0.06802878975344606 0.0 0.0011747498006900955 0.0 7.072112359057496e-05 0.0 0.00026485891707465984 0.00014923862170730857 3.114269454555844e-05 0.0007341478542822616 0.0002832637944728399 0.0 6.638625567077891e-05 0.0003583401752664369 0.00011385679748946624 8.223581991131581e-06 0.0 0.0 0.0 0.0 0.0 0.0 0.0 0.0 0.0 0.0 0.0 0.0 0.0 0.0 0.0 0.0 1.1581292926528528e-05 8.03160603081324e-06 0.0 0.0 0.0 0.0 0.0 0.0 4.463748094401343e-05 0.0 1.010725800162706e-05 3.799163705517601e-05 7.995263456120971e-05 8.527041688201055e-06 1.6713047240376918e-05 0.0 0.0 0.0 0.0 0.0 0.0 6.775060493398783e-06 0.0 0.0 0.0 1.6937811555690113e-05 0.0 0.0 0.0 0.0 0.0 1.9558599680392666e-05 0.0 0.0 0.0 1.346445960574884e-05 0.0 0.0 0.0 0.0 0.0 0.0 0.0 0.0 0.0 0.0 7.845912233971174e-06 9.68975002933985e-06 0.0 0.0 0.0 0.0 0.0 0.0 0.0 0.0 0.0 0.0 0.0 0.0 0.0 0.0 1.1480615522219667e-05 0.0 0.0 0.0 1.517675982449836e-05 1.7390091561800518e-05 0.0
0.27311066355793095 0.0 0.15579710636175803 0.3996700777054409 0.18105456656562194 0.013423002554542159 0.1581973146321851 0.09795059985226934 0.13259971271994558 0.13100836211406602 0.21358905544103562 0.008703892357668507 0.07036219974324902 0.19080273353409016 0.0021397427055749765 0.0015879779707978633 0.00019408821014610966 6.703409668809606e-05 1.3840383084251529e-05 0.00014069785027313555 0.0007318585187261766 6.731950533946425e-05 0.00014257905362211355 0.0004128316643427839 0.00012267310234453314 0.0003134541961562856 0.00010380441345818837 0.00026934704992799004 9.122795073223628e-05 8.56067796261053e-05 0.12661363295936692 0.01305805136846646 0.0036128288628527144 3.707933101453069e-05 0.00033469690031464293 0.00028210812427598045 0.0002820505297613382 0.00018757990050053913 0.0002530785452980325 0.00010055457161071082 0.0002485215429635148 5.614992782105959e-05 5.449791922954014e-05 0.0003241741340517763 5.1413786400904415e-05 0.00017223600540630367 0.007629841247141542 0.0006585115519288242 0.0002106305851625191 0.00013910736686479776 0.00024834753233818677 0.00011195773239829968 3.011204174504744e-05 5.054378507066515e-05 0.0016227514604699002 0.00044535936751601045 0.006074483101882337 0.053696348683471784 0.002339782846927285 0.006509816975098604 0.0009608575862991586 0.0006033400007740794 0.0001787520376485936 0.014302187653036189 0.0006467870166723289 0.0007646709929617415 0.00025345771406769886 0.00013882300924873044 0.0002330670502209573 0.0008949582044640292 0.0015642966705049725 6.714383537943711e-05 7.003603479479806e-06 0.04632754645547679 0.020586222341506564 0.015174522147836024 0.00518122588998945 0.0012658619858497751 0.0008311377969688553 0.0320952070268773 0.0008023850543379326 0.0030085039818808917 0.0022976970330442683 1.860551322342386e-05 0.0008401908323410829 0.0005670879544746703 0.00027324772341831094 3.940560110417491e-05 0.00014804071524528712 2.8235072751840085e-05 0.0002190710319012082 8.518221809394328e-05 0.0014656541846140077 0.0001327914737572648 9.876119861706772e-05 0.006418868472731894 0.00048215169467335107 1.0012786299440816e-05 0.0004961779405093713 0.0477549331270802 0.0 0.0004191077978547272 0.0 0.00020489919193197227 0.0 0.0009144266161279127 0.00046795710313503547 0.00024036886407892844 0.002007893945428783 0.0011818612350268172 3.674893472251642e-05 0.0010295585448133458 0.0017372638721365563 0.0004172302048382142 0.0002074505253994823 8.749834657162296e-06 6.046613793731568e-06 0.0 0.0 0.0 0.0 0.0 0.0 0.0 1.602843941117946e-05 0.0 0.0 5.138776734220349e-05 0.0 0.0 0.0 1.8715956715790957e-05 0.0 7.985184123162272e-06 0.0 0.0 0.0 1.0382366568709062e-05 0.0 0.00018868678218752718 0.00012473309515344277 0.00039877803362630196 9.235967002668645e-05 0.0001463339079115245 3.273635634137551e-05 2.3082390225547178e-05 0.0 0.0 0.0 0.0 0.0 6.915685255250556e-06 1.5436668614421925e-05 0.0 0.0 0.0 9.191384915508866e-05 1.5813698316057363e-05 0.0 0.0 0.0 9.094062438078843e-06 2.9958389571754427e-05 0.0001914102350951099 0.0 0.0 0.0003129003353919703 4.236115985026951e-05 0.0 0.0 7.947372750531205e-06 1.3446899392608144e-05 0.0 7.196014776214938e-06 7.252802746900818e-06 8.528026436441292e-06 0.0003360649980340525 6.612231292782611e-05 0.0 0.0 1.0259448776467102e-05 0.0005359996985630442 0.0 8.848847917106247e-05 4.7440361782450325e-05 4.5595886398051956e-05 8.309096184074516e-05 0.0 7.753382896817346e-06 0.0 7.944665771962218e-06 0.0 0.0 1.0783495162470519e-05 9.390064070047654e-06 0.0 0.0 0.0007466448230986107 0.0003163465312288869 0.00042394211318648277
0.057467739488739594 0.15579710636175803 0.0 0.012416587387749882 0.051802844842375 0.0014515710059007038 0.009506257922993993 0.38544360032803465 0.04054125352811016 0.0023408290916777045 0.24834687011318562 0.0002081315450946723 0.004250659157710351 0.12831401934428016 0.0007465967665212135 0.0011847928737016937 0.00012418569845663063 2.9230555796164104e-05 1.5774391630663244e-05 0.00020867915514332616 0.0010915925487056002 2.9469400099778963e-05 0.00036666056226428894 0.000635497766036222 0.00032293217783393866 0.0005373709330478252 0.00016801678466729018 0.00029550286099317514 5.6189649494284446e-05 0.00014020350727315644 0.1849845774504484 0.06895067864498207 0.0041570420967549935 6.800306120842511e-05 0.0005010827501260797 0.00033530657355076114 0.0003008891520702289 0.00012847209851094154 0.00024627980768320045 0.00016908469696211347 0.0003016063799161183 9.336893276351191e-05 0.00014845818252040221 0.00044077878178688004 2.3910349527127622e-05 0.0002582423541845302 0.001992504189554573 8.14525263727475e-05 6.557011334808139e-05 8.226962014599899e-05 0.000273287926674739 7.055103469274096e-05 3.251012939436171e-05 9.682583627305961e-06 0.00023724396624956475 6.153579342767763e-05 0.0008979624493604416 0.010699565520706469 0.000320311006785844 0.0009865132198697822 0.00162627649166218 0.0006093650019029264 0.0002578946387792888 0.00613786467115405 0.00012925914790519637 0.00016677373024242948 0.00023483475963953157 0.00012624001647652645 0.0002651453431553307 0.0013071584164173794 0.00044666476137580685 0.00011963710625439135 9.704829564853433e-06 0.007936173829735087 0.0056844845816342695 0.003493038792577212 0.0016901251127802303 0.0013007540208345477 0.0016514510618434073 0.07899888732090624 0.0013219214105595527 0.0065318784786116985 0.0004016941876438151 0.0 0.00015505049729544145 0.00012584793375420173 8.584194145226823e-05 8.407909966212759e-06 3.9009192765754136e-05 0.0 9.40071525993685e-05 3.378520201106634e-05 0.002190825041257135 0.0003323043129498014 0.00010011613789247432 0.00049237978319559 9.955593453554838e-05 2.8735855154369516e-05 0.0003949132457924229 0.0050711739623806665 0.0 0.0 1.5605222118944586e-05 0.0 0.0 7.829922561699546e-06 1.0750430560004393e-05 1.9094194383489418e-05 8.058646218559775e-05 0.00023732835121930646 8.330687082138199e-06 8.340354325398116e-05 0.0002982042017705793 2.1509336614412146e-05 0.00010587249513836636 1.6379377909127054e-05 0.0 0.0 0.0 8.335798893604467e-06 0.0 0.0 0.0 0.0 0.0 5.0865855707864276e-05 0.0 3.295251135491645e-05 8.52737528168757e-06 3.5165225235151154e-05 1.0621631409769034e-05 0.0 0.0 2.8317517823044664e-05 0.0 0.0 8.460574573415527e-06 3.4608043951566146e-05 0.0 0.00016599595425380081 3.290220101745773e-05 0.00015443099939200212 0.00018043636287788574 0.00010258082646394308 2.809667585184931e-05 9.83345421054778e-06 0.0 0.0 0.0 0.0 0.0 0.0 1.84743086236674e-05 0.0 0.0 9.235416049285644e-06 8.075741805652241e-05 4.811118683602727e-05 0.0 0.0 0.0 0.0 1.7210102768539382e-05 0.0 0.0 4.0092641514341535e-05 0.00015330605371021268 0.0 0.0 0.0 0.0 0.0 0.0 0.0 0.0 1.1635142684712993e-05 4.173507455456308e-05 7.657311425792972e-05 2.2248719754147604e-05 0.0 6.452652501307831e-05 0.00012834509558589332 0.0 0.00014074205850127342 0.0 1.8937168044654372e-05 9.34138285272088e-06 0.0 5.1780351996317594e-05 6.458890329531463e-06 0.0 0.0 0.0 0.0 1.0406804603935978e-05 1.643030117066268e-05 0.0 6.156028757567215e-05 0.00017394415081375535 0.000226590654866117
0.0646912794933141 0.3996700777054409 0.012416587387749882 0.0 0.002977652837559947 0.007538593500934818 0.04254024394909443 0.0006151735131914984 0.0003823214217338716 0.1428603156632807 0.0044521352069035345 0.021193949660222557 0.039959240054719875 0.0027589013259398196 4.9502523257334226e-05 0.0 0.0 0.0 0.0 0.0 0.0 0.0 0.0 0.0 2.2734066829219414e-05 0.0 0.0 0.0 0.0 0.0 0.004784850600138925 4.625496908422816e-05 0.00011467045235167462 1.706202055821076e-05 0.0 0.0 7.077478712836584e-06 0.0 0.0 0.0 0.0 0.0 0.0 0.0 0.0 0.0 0.00026561961628322246 5.087170006842849e-05 0.0 0.0 0.0 1.4424963430646204e-05 0.0 0.0 0.0001628405575936853 4.15003092175163e-05 0.0013360158765718787 0.006994238681570775 0.0002491572031938953 0.0006503503975498346 0.0 0.0 0.0 0.00012075046434135884 2.367984259418049e-05 3.5601990985955006e-05 2.197717342287266e-05 0.0 6.371077547975402e-06 0.0 1.684933220378483e-05 3.29919062175168e-05 0.0 0.005949498410028062 0.0006551740224744261 0.0008317924929931773 1.7174427380820155e-05 7.670111549694225e-06 0.0 4.268091629827288e-05 0.0 0.0 0.00012957221151825948 0.0 4.7581477376862674e-05 1.8304724124118008e-05 2.3161400702075372e-05 0.0 0.0 5.813670580072345e-06 0.0 0.0 0.0 0.0 0.0 0.00724634226074884 2.681178288419031e-05 0.0 0.0 0.01187576612316918 3.588412598146381e-05 0.00044147409543883714 0.0002363427409389615 0.00018020239668530949 0.0 0.00013151445199266568 0.0009035750321300101 3.781347901803591e-05 0.0010408314086714414 0.001174064513341448 0.0 0.00045008672574647614 0.0005697648140531801 0.00012849235213692722 9.47073203140351e-05 0.0 0.0 0.0 0.0 0.0 0.0 0.0 0.0 0.0 0.0 0.0 0.0 0.0 0.0 0.0 0.0 0.0 0.0 0.0 0.0 0.0 0.0 0.0 0.0 0.0 0.0 5.252285771907659e-05 0.0 0.0 0.0 0.0 0.0 0.0 0.0 0.0 0.0 0.0 0.0 0.0 0.0 0.0 0.0 0.0 0.0 0.0 0.0 0.0 2.7208220203930605e-05 0.0 0.0 0.0 0.0 0.0 0.0 0.0 0.0 0.0 0.0 0.0 0.0 0.0 2.7983438436954625e-05 0.0 0.0 0.0 0.0 2.039441661930902e-05 0.0 0.0 0.0 0.0 0.0 0.0 0.0 0.0 0.0 0.0 0.0 0.0 0.0 0.0 0.0 3.876267026233495e-05 0.0 0.0
0.0031307172962076846 0.18105456656562194 0.051802844842375 0.002977652837559947 0.0 0.00015880061529729243 0.0592641942640247 0.008276339219548458 0.21120053442108924 0.007893843125551902 0.15545923780872953 0.0018757918830002726 0.07161056262892826 0.2658603442357164 0.0009030262412467411 0.0008526370856981239 4.339583180483806e-05 2.7946394144355408e-05 1.7596752418387756e-05 6.64431342851663e-06 1.5279402408920975e-05 8.504242022463384e-06 0.0 0.0 0.0 2.6788831528992972e-05 2.3040563398601477e-05 1.9151274633865884e-05 2.685433671061958e-05 2.5792979127000875e-05 0.006865969047174703 0.0034122740354639858 0.00030897518131937896 0.0 3.916088777504306e-05 0.0 0.00014688896307617878 1.4407623352209181e-05 5.990355934543584e-05 2.3944174426763587e-05 1.9563286021423264e-05 0.0 6.4906217912991535e-06 7.105697762001843e-05 2.127502079613001e-05 2.0777115560343837e-05 0.002251626660166483 6.925542911946032e-05 3.831610080941985e-05 0.0 7.64466780101719e-06 1.355830173501505e-05 0.0 0.0 0.00015651415875782222 6.16018575787969e-05 0.00020629726250201547 0.0024326158102666137 0.00019353110655712596 0.0012319482954668787 2.9536015820905058e-05 2.3963699203394216e-05 2.2733590795630517e-05 0.004740445732514828 0.00012555851396488558 9.371296661623707e-05 4.58790900026405e-05 3.4052267953666497e-05 6.955623980059986e-06 6.404349212720227e-05 0.0011260638224108123 6.322253767221491e-05 0.0 0.003878927963968353 0.0046976302904809045 0.004254595792701843 0.0029919636633049217 0.0007512643621876865 4.590962274770247e-05 0.0009009566574709385 9.82766698018048e-05 0.0001865277133463688 0.0003424073791427013 0.0 0.00010171616571260718 4.605561861133674e-05 1.769343718346332e-05 0.0 7.769634634212396e-06 0.0 2.1187393001719888e-05 0.0 8.925306434293759e-05 0.0 0.0 0.003825066653953252 0.00029613683845715143 0.0 0.00022290465803372907 0.0011562996575539262 0.0 5.282161689276761e-05 0.0001121124217328576 1.980021015846321e-05 3.226199503627752e-05 0.00019291664955341364 0.00013263257473188894 0.00013305968785341744 0.0008941027511395711 0.0006120762197606763 1.1211714507131734e-05 0.0005590645853048421 0.0014674686846812774 0.00035880867001251315 0.0010286975690059572 0.0 8.631394170476018e-06 0.0 0.0 0.0 0.0 0.0 0.0 0.0 0.0 0.0 0.0 8.503708642859248e-06 0.0 0.0 0.0 3.9473622727610187e-05 0.0 0.0 0.0 0.0 0.0 0.0 0.0 0.00017175515906849272 0.00011498643691177221 0.00018647849813281406 8.482888216258419e-05 0.0 0.0 0.0 0.0 0.0 0.0 0.0 0.0 6.165949001580402e-06 6.939908705388176e-06 0.0 0.0 0.0 3.904176715228351e-05 0.0 0.0 0.0 0.0 0.0 1.4322166073644812e-05 1.5866215550167203e-05 0.0 0.0 0.0002972067763612228 0.0 0.0 9.733523537684708e-06 0.0 0.0 0.0 0.0 0.0 0.0 0.0003631255843131715 0.0 2.7975702274511224e-05 0.0 0.0 0.0005283537629834535 0.0 0.00014422905880284246 0.0 8.699464507193054e-06 3.3029223057844376e-05 0.0 1.9558709439432593e-05 0.0 0.0 0.0 0.0 0.0 0.0 0.0 0.0 0.000676596084003253 0.00022852222189051415 0.0002988541158771786
0.008754821100989886 0.013423002554542159 0.0014515710059007038 0.007538593500934818 0.00015880061529729243 0.0 0.0023957190295006915 0.00015429045355799933 0.0001533610614879307 0.014164124714656348 0.0003891592588484943 0.008530449025021463 0.007687606011003767 0.0023618922281968694 0.0 0.0001235344098955369 0.0 0.0 0.0 0.0 0.0 0.00010167589462755893 0.0 0.0 3.332237095477508e-05 0.0 0.0 0.0 0.0 0.0 0.0005584447235933491 0.0 0.0009744145900410328 0.0 9.523735165083366e-06 0.0 0.00013187998535980455 0.0 0.000168132913431276 0.0 0.0 0.0 0.0 0.0 0.0 0.0 8.532353655759228e-05 2.82653360322928e-05 8.428016835729293e-06 0.0 0.0 0.0006726605453689122 5.376053888397144e-05 5.1536841700258194e-05 0.0 2.292098277447235e-05 0.001307638779322116 0.00023404862038203477 0.0 8.258327510130528e-06 0.0 0.0001081549707544558 0.0 3.602169783878368e-05 0.0 0.0 1.4641530348898776e-05 0.0 8.614921681753475e-06 0.0 0.0012520690377861112 0.026927964586564275 0.0007484973022601903 8.546819280597803e-05 0.0 2.093181229438762e-05 2.0987651897638617e-05 4.405620940103588e-05 0.0 0.0004132613882495655 0.0 2.9238494827844224e-05 0.0 7.014661394440552e-05 0.0 1.1228989840067682e-05 0.0 1.1677584902230868e-05 4.6519511802157634e-05 0.0002687811249186401 2.654838523669423e-05 0.00019620791988884928 9.89993180793824e-06 0.0 5.4093315960554024e-05 0.008592421037871245 0.0049369031118863494 0.0019201853720650238 0.0020246529188112606 0.006180988767324099 8.400733944847273e-05 0.0006019145299079789 6.663880505541297e-05 0.00013987835721660115 0.0 0.000167792865743234 0.0004809606968646068 0.0 0.0009954582036334387 0.0008944390756529892 1.4645669127977377e-05 0.0005217615018546865 0.0011120484106553067 0.0001644014180854073 4.977076263506349e-05 0.0 0.0 0.0 0.0 0.0 0.0 0.0 0.0 0.0 0.0 0.0 0.0 9.437473809057965e-06 0.0 0.0 0.0 0.0 0.0 0.0 0.0 0.0 0.0 0.0 0.0 2.019366733528235e-05 3.4513828764888944e-05 0.0 5.4920916387071345e-05 3.807400689827456e-05 0.0 0.0 0.0 0.0 0.0 0.0 0.0 0.0 0.0 0.0 0.0 0.0 0.0 0.0 0.0 0.0 0.0 0.0 0.0 0.0 0.0 0.0 2.0793651561319823e-05 8.342578672503337e-06 0.0 0.0 0.0 0.0 0.0 0.0 0.0 0.0 0.00011539160870792018 0.00020465484611063706 2.3817033377979718e-05 0.0 0.0 0.0001509830998234714 0.0 9.803666963683968e-06 0.0 0.0 0.0 0.0 1.0801525242961919e-05 0.0 0.0 0.0 0.0 0.0 0.0 0.0 0.0 0.0001017469617560402 2.2607637980947428e-05 4.556278418153282e-05
0.041038952381137084 0.1581973146321851 0.009506257922993993 0.04254024394909443 0.0592641942640247 0.0023957190295006915 0.0 0.0017655635904964184 0.06470703166367217 0.08586449629985073 0.018481262104879683 0.014422885995399303 0.23619327003444468 0.26935376124129634 0.0012670985490756848 0.0010911707373156751 2.1347906348255986e-05 1.2860137431138964e-05 8.449671431033556e-06 1.7260238909769007e-05 7.525843096028782e-05 0.0 3.737728549413685e-05 1.6890646616336266e-05 5.0704076432626105e-05 3.560513021782168e-05 4.5408097313470165e-05 0.0 2.2984231112918437e-05 1.6741741213208193e-05 0.015873939389383567 0.003994645149436512 0.0006569948811665255 7.779315011559675e-06 2.6005362869259823e-05 0.00010066872594522553 0.00021966925073324954 3.297007465117624e-05 9.714367810410243e-05 4.278196614336891e-05 2.7134997975199012e-05 0.0 2.2871169435812398e-05 0.00011094726046216354 2.1812803094343625e-05 7.132797947246046e-05 0.004107388244762919 0.00019799281831302482 6.553177969507495e-05 9.172098032347915e-06 4.0957042667049236e-05 7.0185886715489545e-06 1.7161026911967928e-05 2.9458384115237967e-05 0.0007545574120994661 9.80483669907016e-05 0.0010795000598334738 0.00848599978699717 0.0007817564409087385 0.0027528299657989504 6.815932293372357e-05 4.8060044056411796e-05 0.0 0.007921318696578637 0.0003035979398135049 0.0002999832077375326 9.793943299344539e-05 3.794012615114011e-05 4.202090374337639e-05 8.917011795656746e-05 0.002179200376860992 0.0 0.0 0.012187933004876066 0.008733139122038403 0.007654560509693703 0.0035487540400692273 0.0009141599152266139 0.00011674981948100281 0.001558018788247877 8.987497694525528e-05 0.00019637748650630797 0.0008811899188866623 8.862999927070063e-06 0.0002927605147317533 0.0001202977699640415 1.5244761099347585e-05 1.607453512482974e-05 7.365756268188855e-05 1.7085579287870622e-05 7.103677209069073e-05 1.4547890472245465e-05 0.00013169346713691533 1.4590398668512061e-05 6.851586469232183e-05 0.010341304264656227 0.000589009486230538 1.2954436478655663e-05 0.00037053054330397846 0.0054569166282685865 0.00019692661036643943 0.0006879339572774236 0.0030854412414857415 0.0009101408191316969 1.0787400857745228e-05 0.002002866682954193 0.0007136622013859488 0.0010416658197080482 0.004659635011028825 0.005035198235080899 6.178723720580277e-05 0.0026274744653607585 0.004110405690342066 0.0010460154890660155 0.0011415899113450885 2.9453311767696167e-05 0.0 0.0 0.0 0.0 0.0 0.0 0.0 0.0 0.0 0.0 0.0 9.12434008586656e-05 0.0 7.761516781624528e-06 0.0 0.0 0.0 0.0 0.00021104435577783443 6.702425290543653e-06 0.0 0.0 0.0 0.0003349892040535643 0.00013221298627083373 0.0003860199184560229 7.8600614691278e-05 0.0 0.0 0.0 0.0 0.0 0.0 7.810812772899654e-06 0.0 0.0 6.5778665389924e-05 0.0 0.0 0.0 1.0832534021612786e-05 1.583983699977933e-05 8.177289574482777e-06 1.6600923448100817e-05 0.0 0.0 0.0003696414451340395 2.1608926910926672e-05 0.0 1.1348854111153916e-05 0.0006072026612557801 0.0001145775721555673 0.0 6.865081404853603e-06 0.0 0.0 0.0 7.5630619548313886e-06 0.0 0.0 0.00038376285575741947 0.0 0.0 0.0 0.0 0.0012969289602235085 0.0 0.00048254818933910664 0.00011872675737775012 0.0003042735646668952 0.00010619002989074694 6.366537963413923e-06 2.617097754465725e-05 0.0 0.0 0.0 0.0 0.0 8.758465540768255e-06 0.0 0.0 0.0014077379680756548 0.0002721677622940484 0.00038354358617696463
0.010939634357833131 0.09795059985226934 0.38544360032803465 0.0006151735131914984 0.008276339219548458 0.00015429045355799933 0.0017655635904964184 0.0 0.008369812530692444 0.0002862073666685011 0.1842549407038064 0.000358741996328748 0.0035102163746054947 0.0424713504417764 0.002057700413666134 0.0035730696773177803 0.0003044980138874365 0.00024683630821408837 8.54237958909513e-05 0.0015539271858244833 0.004029811229928901 0.0002490628523499777 0.0009905770982696121 0.0017840645224701302 0.0006515794909947908 0.0013902219625464719 0.0005977945319576833 0.0007194677306817282 0.0002729868477622378 0.0005913950767648962 0.10519633147969885 0.11397390797160285 0.005712435639921198 0.00043715861355531223 0.0017848641577731712 0.0015604370246971274 0.0006025528422374084 0.0004833286408584894 0.0006241161765997218 0.0002588307526656171 0.0011352476677435517 0.0003570189045765279 0.0008490582775092696 0.0024420837169276746 0.00043507684405958205 0.002568020445128554 0.005044771033153453 0.0003182368495111694 0.00013017510127573588 0.00044754785486298847 0.0011665512684250197 0.00046176849629119595 7.613548955014486e-05 0.00027677252276003464 0.0002925949635686093 0.00011204741909964414 0.0009110533311246982 0.009589190907661973 0.0004625286855518596 0.0020158651735050323 0.00865470088968046 0.003967873302810635 0.0014942806944830335 0.024562606246814358 0.00021255622550707208 0.0004489799760169856 0.0005847269739894111 0.0005908627842685503 0.001435156499549186 0.005155254277408343 0.001085094032279536 0.00042860395205297406 2.6920570124977386e-05 0.009971742119195291 0.010768489599616864 0.00858192512557573 0.006747519912339349 0.004875018298894052 0.04709288037423267 0.2805292151791543 0.013129741983790735 0.06950689227930536 0.0005909051154937806 0.0 0.0003442156075290995 0.00015423918437050072 0.000591405354342413 4.040551212414903e-05 0.00012630905306276914 3.2476133689927664e-05 0.00021576839348903042 8.924746848177277e-05 0.007350495278167194 0.001048474213035275 0.00041193735693481533 0.0006503420521630572 0.0003175341462393557 0.000213498250965961 0.0007747300414632641 0.002502559657950478 0.0 0.0 1.5700673019756694e-05 4.202348431406232e-05 0.0 0.00011443531395721686 2.9536463489798248e-05 2.0191337730491086e-05 0.00028841114813608193 0.00013448228216939847 0.0 8.01629994770826e-05 0.00028474996023814854 8.454615459158454e-05 0.0002299679728974245 4.4767109453286434e-05 2.98053373734381e-05 0.0 3.456086236336917e-05 0.0 0.0 0.0 0.0 0.0 0.0 3.972534460307806e-05 1.221963177078233e-05 6.737558974237173e-05 0.0 6.002645925558702e-05 2.298710334667114e-05 4.189175620068284e-05 0.0 2.4624644710130083e-05 0.0 6.309979993412834e-06 0.0 1.828827568372444e-05 4.057741081289418e-05 0.0002559123300890709 0.00013355406970069717 0.0002891366886876864 0.00036561892862679466 0.0002867821796935899 1.7864417102716956e-05 6.458469422112058e-05 0.0 0.0 1.810192949888101e-05 3.56162929588318e-05 0.0 0.0 3.102593620865261e-05 0.0 0.0 8.822403202982503e-05 0.00015037833984594945 0.00017341660817069354 0.0 0.0 0.0 8.396596152366786e-06 7.799576653654982e-06 0.0 2.8933225339863606e-05 0.0 0.0003019741436116135 4.4044674835862417e-05 0.0 0.0 0.0 0.0 7.359110543308415e-06 0.0 1.7981473268927746e-05 9.304411938356225e-06 0.00014840614440300037 0.00021518262244203963 5.2208120588966525e-05 0.0 8.137127076889135e-05 0.00043828760860572646 0.0 0.000231469313158315 1.8348196720038796e-05 7.513861786897862e-05 5.824206954606291e-05 3.22089801867451e-05 2.1351307645246086e-05 0.0 0.0 0.0 0.0 3.821486659380169e-05 3.01437318930192e-05 4.011444039961964e-05 0.0 0.0001314006497503521 0.0002758092971575966 0.0005740515896313973
0.0012886835861299609 0.13259971271994558 0.04054125352811016 0.0003823214217338716 0.21120053442108924 0.0001533610614879307 0.06470703166367217 0.008369812530692444 0.0 0.006702704381883987 0.11841487916848442 0.0012968123233614952 0.07986983548010396 0.13801892489322043 0.0007161946119016764 0.0008040520752529692 4.7258050783883765e-05 2.779661375202702e-05 0.0 6.744533914575012e-06 1.7588187513530522e-05 1.0708264589957787e-05 8.572277211622693e-06 4.947455073437213e-05 1.6201780383039164e-05 7.456196730490677e-06 8.68282183029624e-06 1.0215270762896443e-05 7.886455250124023e-06 1.9626616370837374e-05 0.003819288497822082 0.0023973244614119813 0.0003394592667458548 2.1421035466790793e-05 0.0 3.4126239380339164e-05 6.423798021296253e-05 3.5016184174782716e-05 4.102959400906488e-05 1.5865757398669083e-05 7.0724223975141e-06 4.677896059071162e-06 1.2990492323271715e-05 7.190883911072637e-05 8.729938672992144e-06 6.2430954243013005e-06 0.0018112117030821373 5.322836847914196e-05 1.8132436345742543e-05 7.0580168318355774e-06 3.262404447883437e-05 1.695618879539206e-05 0.0 2.09183217984577e-05 0.00011692262584001077 2.0042080851785718e-05 0.0002797742869788194 0.0013928899464417195 0.00012749061714369405 0.0007760692941370065 3.735431564022491e-05 6.281739239089118e-06 0.0 0.0032356209002039563 9.28298996438798e-05 0.00011822143107429246 1.2492770224760028e-05 2.0620656515423028e-05 1.4553244616872911e-05 4.236604967716065e-05 0.0006270473034768277 3.906415614655718e-05 0.0 0.002527595541418519 0.0030292413529529297 0.0031049085796075546 0.0021706189520350025 0.0006347089265830183 7.605616336222092e-05 0.001236747001389664 5.329120059650967e-05 0.00010094303105147035 0.0002178414161758765 0.0 4.76586373653076e-05 5.570877140034674e-05 3.4594678630271655e-05 1.2051844729667702e-05 1.7559906062034698e-05 7.470359963008012e-06 4.7921427638341165e-05 0.0 5.4056821079778264e-05 2.7641804792448038e-05 2.1801921533795352e-05 0.003688093974315466 0.00013015845551571996 9.661114019147637e-06 0.00014985319401967525 0.0005821943834195282 0.0 0.00016083184137176 1.945492425107186e-05 6.370940780812167e-05 0.0 0.00010512264974228005 0.0001917994788813682 0.00010240945375531619 0.0006604208609915094 0.0006015779901928478 4.9336182199077064e-05 0.0007791158437438245 0.0011835155238932224 0.0002520265036670836 0.0004531812770511715 7.135852023363209e-06 0.0 0.0 8.242364969306972e-06 0.0 0.0 0.0 0.0 0.0 0.0 0.0 0.0 0.0 0.0 0.0 0.0 0.0 0.0 0.0 0.0 0.0 0.0 0.0 0.0 0.00012050699597571919 2.8019634871801598e-05 0.00015807454136608387 1.2660786649935632e-05 4.4671090025312454e-05 0.0 0.0 0.0 0.0 8.788455656868778e-06 0.0 0.0 0.0 1.75049876947705e-05 0.0 0.0 0.0 0.0 0.0 0.0 0.0 0.0 0.0 1.3540923425901199e-05 0.0 0.0 0.0 0.00012564029554886004 1.2424331146998738e-05 0.0 0.0 0.0 0.0 0.0 0.0 0.0 0.0 0.0002474526742851469 2.0337796370302133e-05 0.0 0.0 0.0 0.0005558809386410456 0.0 0.0002058366944551429 1.8398318370608657e-05 3.6078507391303244e-05 6.864884701855082e-06 0.0 0.0 7.497646183658655e-06 0.0 0.0 0.0 0.0 0.0 0.0 0.0 0.000627190931196682 0.0001476813382503653 0.0001094407726256252
0.09048941273525837 0.13100836211406602 0.0023408290916777045 0.1428603156632807 0.007893843125551902 0.014164124714656348 0.08586449629985073 0.0002862073666685011 0.006702704381883987 0.0 0.0026165717916128896 0.06319000852059234 0.3271169713804506 0.030650187828499664 0.00011723090568547975 0.00011221308125507572 2.6672206999456047e-05 7.5849693659017826e-06 0.0 1.7729565173066288e-05 2.62584850974225e-05 0.0 0.0 0.0 0.0 9.410997832106553e-06 0.0 0.0 2.183734040600553e-05 0.0 0.002895141684630479 0.00031716490511318827 0.0020464633966171793 0.0 9.081784224578687e-06 1.2907437411109346e-05 0.0007498128013511458 1.3037931043601554e-05 5.056768664316882e-05 0.0 0.0 1.0602190493977901e-05 0.0 3.609032930317675e-05 6.777059587822624e-06 0.0 0.0006383737667438365 5.71497703957897e-05 8.265408201453465e-06 0.0 8.877656458643243e-06 2.0708316990895598e-05 0.0 1.571918036708463e-05 0.00011677800288931128 1.3458956854780814e-05 0.0009198872079087582 0.004924828023521794 0.00038198777090133634 0.0005497707842291772 0.0 1.0556187890524408e-05 1.940053433042124e-05 0.0011412543452789694 3.498141337420716e-05 8.757526792664963e-05 6.9487480078452265e-06 1.2147065013171198e-05 7.966248222279568e-06 6.396783670087768e-05 0.006176282450764861 0.0018781833579757433 8.121046452604085e-05 0.004344044665938764 0.0010613600957441387 0.000967472755002832 0.00042056759246913387 0.0001365356986852697 2.2844438176599595e-05 0.000979311330518435 4.613544210637137e-05 4.803435180833538e-05 0.0001657168228329184 9.738293122930986e-06 5.7718203830838694e-05 1.513995169882213e-05 9.733981689182838e-06 0.0 7.582673058796791e-06 2.4290208298848377e-05 6.957854925040077e-06 3.290566829319655e-05 1.7276549534738846e-05 9.277295289256027e-06 0.0 0.056914423430174756 0.026290145236779444 0.00010267661219148929 0.0022646850939520933 0.007008234653027114 0.0003242251831045712 0.0033913378710386786 0.0038709780390118317 0.0035874652826717417 5.2860306337718097e-05 0.005160267265041505 0.005664612968287343 0.0012192108495270404 0.01034644762444699 0.008334110068871166 0.00019505834316857734 0.006156448236269231 0.010770917412234036 0.0024218076341191315 0.0018008415764962516 3.156483521260392e-05 0.0 0.0 0.0 0.0 0.0 0.0 0.0 0.0 1.0161043630934262e-05 0.0 0.0 2.1746830511861605e-05 0.0 0.0 0.0 0.0 0.0 0.0 0.00017379936877411035 0.0 0.0 0.0 0.0 0.0004434733551178617 6.892816404320305e-05 0.00047753799747834427 9.29265421702237e-05 1.924102176434471e-05 0.0 0.0 0.0 1.1359501971274486e-05 0.0 0.0 0.0 1.6535020544110433e-05 9.358017513508033e-06 0.0 6.5549387388249765e-06 2.7055519481191578e-05 8.664384778083767e-06 0.0 1.7188696672634497e-05 8.418640453925177e-06 0.0 3.152588678564911e-05 0.0005432276729518403 0.00027413023296273513 7.1234677505660405e-06 0.0 0.00033642313561509644 0.0002303460169452435 0.0 7.353527014619989e-06 0.0 0.0 0.0 0.0 0.0 0.0 0.0005555978392458825 0.0 0.0 0.0 0.0 0.002743403469743757 0.0 0.00022326849136899667 0.00015175046781864534 0.0001496346317067418 4.55910144532516e-05 0.0 0.0 7.015931639509371e-06 0.0 0.0 0.0 6.0079564132197145e-06 0.0 0.0 0.0 0.003389880872196671 0.0004058682110900838 0.000468103231881103
0.006887674070591581 0.21358905544103562 0.24834687011318562 0.0044521352069035345 0.15545923780872953 0.0003891592588484943 0.018481262104879683 0.1842549407038064 0.11841487916848442 0.0026165717916128896 0.0 0.003746931122845079 0.049765513926942985 0.19987913810678046 0.0019920298177668705 0.0032248045050775795 0.00014538914155975646 7.322426790656644e-05 4.779389380018407e-05 9.280108388784411e-05 0.0007023920204580937 0.0002958934114053077 0.00039740059898901275 0.0005998329410830279 0.001053240844036825 0.0006584171628542299 0.0004966748461979456 0.0007258934700814587 0.0004796096074800192 0.0003129316191848448 0.012290924660043074 0.009311015775363956 0.01443392098181993 2.763512922297472e-05 0.0008902900828174382 0.0010356678396516096 0.003589694938908049 0.001071773066586273 0.0020103279686810686 0.0005485813396958352 0.0005928328196782585 0.00010851192071802276 8.273648083895275e-05 0.0005662080760640852 8.853392188008758e-05 0.00014093144834129143 0.003424420633076302 0.00010716621507600602 8.768595560204934e-05 8.52620147658417e-05 0.00035932560487600266 0.00044130247053106796 0.00010500327630375444 0.00013356277149604242 0.00016566262098253274 7.145442126983267e-05 0.00033591454552176045 0.0021992510176846443 0.0001632912837077697 0.0012087021281049174 0.0007822054552750992 0.0010305543158209939 0.00013999698885667163 0.008231342577427862 5.812914599269251e-05 0.00018475992684981703 0.00020212463509207477 6.951235776646272e-05 0.00022089419183340324 0.0009199892246200041 0.006051910734783884 0.00036638065574726495 3.6258034949947156e-05 0.004028019996311601 0.004781135145028481 0.0060621573849163465 0.0059254981219087595 0.0033546873883251046 0.000779425480161697 0.06412962264675233 0.0006551453531665475 0.007683806384892047 0.00017298803365071216 1.2168211510447941e-05 0.00015662636394444252 5.7064244055357515e-05 0.0001361520230121043 0.0 7.167821440262966e-05 7.4983577675467215e-06 0.00010476309207657911 6.658169829021225e-05 0.0017537765659653992 0.00044380079099891703 0.00011802837170592266 0.003914583595677017 0.0006003123802852821 7.376608169131402e-05 0.002474824905133302 0.0011741036794366117 0.0 7.942804801274014e-06 0.00019251971091850784 0.00013770348739005996 0.0 0.0003379317557368038 9.705611073882662e-05 0.0001105041262205487 0.0012443840791680834 0.0006875247977750329 3.1375216605148724e-05 0.0008172393673847016 0.0010201455663855301 0.00025917118944328944 0.0007990742937568001 6.6391263889443444e-06 6.9807359851219595e-06 0.0 2.2187895980561028e-05 0.0 0.0 0.0 0.0 0.0 0.0 8.72589978697235e-06 0.0 2.9337191636443853e-05 1.0138777961424548e-05 3.5440175329911464e-05 0.0 5.0488352439135224e-05 0.0 9.696005677991875e-06 0.0 1.0464067991586943e-05 0.0 1.2287142213070976e-05 2.3669985862420742e-05 0.0006170281246382468 0.00015826346318862264 0.0004718184317092854 0.0002129905044140106 0.00020088187479677615 4.869875102508603e-05 7.265798278890568e-05 0.0 0.0 9.187575290225277e-06 1.0693000683922087e-05 0.0 9.781745370265721e-06 6.304601122170204e-05 0.0 4.116229392158439e-05 2.2607029989861095e-05 5.4779640470465846e-05 4.575152779978769e-05 0.0 0.0 6.122907425709662e-06 0.0 9.544080051394348e-06 0.0 1.7717215431203028e-05 1.7623968343922937e-05 0.000540749649890268 2.4161914780145264e-05 0.0 0.0 0.0 0.0 0.0 0.0 0.0 1.0364649733118132e-05 0.0003332855914478121 0.00014834985589760852 0.0 1.4807866474165383e-05 3.207519563292653e-05 0.0008629854935598276 0.0 0.0004020248305853573 0.0 5.060184266979603e-05 4.071944271030278e-05 2.463111001088085e-05 3.10243114048874e-05 6.06919517463702e-06 0.0 0.0 0.0 9.530570440126017e-06 0.0 0.0 0.0 0.0006028084328107219 0.0002726991619191031 0.0006744440015099731
0.013185419421143364 0.008703892357668507 0.0002081315450946723 0.021193949660222557 0.0018757918830002726 0.008530449025021463 0.014422885995399303 0.000358741996328748 0.0012968123233614952 0.06319000852059234 0.003746931122845079 0.0 0.08625617707408863 0.019516176116978583 0.000602991118099947 0.0012318194833675436 3.7813261349827514e-05 2.782041481484807e-05 1.041575551530442e-05 5.935503299378576e-05 0.0004029930563903502 6.328811931519518e-05 5.674656994599367e-05 7.427282314643813e-05 0.0001411573731426335 4.534233314983923e-05 2.675689103175036e-05 0.00014994156916215502 2.1035903944786795e-05 2.9670968876862168e-05 0.0003971845944316839 0.0004368329800656823 0.01924355906900369 1.6863708788143823e-05 9.339475080284755e-05 0.00017392129811836913 0.0033984019591486447 0.002832835553547311 0.0016264413022601168 0.00027238252435438033 6.009969813316175e-05 4.918313863349421e-05 2.268031449759849e-05 0.0002282716925655138 3.0029787210603188e-05 0.00010879198385749701 0.0008096611475831315 2.5874362988611543e-05 7.863584672647078e-06 3.1705419277283576e-05 0.00013107404877794876 0.00011695649390331412 1.0989126873902493e-05 7.596732883499543e-05 1.8825816265400687e-05 0.0 3.195653131179366e-05 0.00013579316151469592 8.663557515567107e-05 0.00010635810427856152 0.0004121649447705994 0.0036336224872825854 0.00016201511966690402 0.001325650847615111 6.15000557609526e-06 6.368026061678283e-05 9.137915860870751e-05 2.4742259537521636e-05 0.00015495424355041598 0.0005154011301294708 0.011144629024097618 0.0007747516060314906 0.0 0.00052221610529935 0.0005055859427829612 0.0010085456193552047 0.001034124153366517 0.0012299433813474263 8.415818413351417e-05 0.009358435782394115 0.00028101942189244825 0.0022517757912539293 6.359508821842321e-05 0.0 1.0994580294964938e-05 1.5276043658974443e-05 3.989962592626299e-05 1.3280661310528885e-05 1.486995987619695e-05 8.368909126233263e-06 1.8798352457089937e-05 0.0 0.0006169381117429018 3.069353588922393e-05 4.7331444434037266e-05 0.07053732442283231 0.003857885912900707 7.904101173975674e-05 0.0019830228842745317 0.0007813839822394794 0.0002325242486048504 0.0009485474859480288 0.0006430519788226153 0.0010183130257551646 0.00010865073568896337 0.001822964151665708 0.0015864718418363885 0.000661808013620199 0.006183405371570099 0.00427515026759931 0.00022128716126078082 0.005235892302911002 0.008432077470687832 0.0020774458818117445 0.0027853256859278913 4.2506591811420564e-05 1.7750195556205846e-05 9.12608617953713e-06 0.0 0.0 0.0 0.0 0.0 0.0 0.0 1.6734297947079202e-05 0.0 8.641816346278532e-06 9.960329494465318e-06 1.6083391692753747e-05 1.7754416962876298e-05 2.8999190522859795e-05 0.0 0.0 8.095525255975282e-06 6.665085388485216e-05 0.0 0.0 6.858215175295196e-05 0.0007664397777722577 7.660940441959731e-05 0.0006551581178962416 0.0001947366314064413 0.00019344104803161819 0.0 0.0 0.0 0.0 0.0 0.0 0.0 6.186955525250046e-06 5.6762892595127995e-05 0.0 0.0 0.0 0.00014490231027115035 2.2783669899156802e-05 0.0 4.119725649216791e-05 0.0 8.722677927513817e-06 7.555091228686929e-05 3.5110806949804816e-05 8.045771729825853e-06 0.0 0.0006745555074451818 0.00014071970465455745 0.0 0.0 0.0 0.0 0.0 0.0 0.0 0.0 0.0012193207991037273 5.215476289659028e-05 2.0448712196515204e-05 0.0 1.2806970892146856e-05 0.0033172568228331933 3.321899273813542e-05 0.000705765605757108 7.41010095517801e-05 0.00016107103530108065 0.0001868754712986537 2.543852464003269e-05 3.2945474443884716e-05 1.238376223264546e-05 0.0 0.0 0.0 0.0 0.0 1.1990042990702905e-05 0.0 0.0031527127574598056 0.0006342907958206732 0.000855147036924462
