0.0 0.27159189567682646 0.032792578700979506 0.12331251764142268 0.0051103719914281686 0.010825199910702401 0.017894509355073043 0.00415714855750285 0.0021081991062154052 0.1203722981584031 0.011560522712246966 0.000936104051159844 0.004981688771036158 0.004305208719858824 0.00038859459023224494 0.00042590853962691673 0.0 2.0768820534209478e-05 0.0 0.0 4.3045694205601084e-05 0.0 2.6888947670413304e-05 9.736330277277412e-06 3.122769027652916e-05 0.0 1.7411391574485933e-05 0.0 1.2525106403293241e-05 0.0 0.04158081137711857 0.000560913615663524 0.0005888547780682792 0.0 8.434018810061084e-06 0.0 7.752186269242437e-05 8.361485348373479e-05 0.00017624496787882238 2.5571733793873354e-05 8.54955871981835e-05 7.35425184668938e-05 0.0 4.485589736548401e-05 0.0 1.892118336831518e-05 0.001522605949208214 0.0002888623218569711 7.445468298318207e-05 0.0 0.0 6.742982986754379e-05 0.0 1.5572533832921586e-05 0.00037917734747034613 0.0008160440705260664 0.008879663014204993 0.02021063334308763 0.0054043360690028365 0.0005743162768648863 0.0 7.88579896062987e-05 0.0 0.0009931092143666508 0.0003838758412554998 0.0002720717155798192 4.964466638413268e-05 0.0001191315462182931 0.00010286307721728695 6.821999389199809e-05 0.0003307513489174195 1.4644035445006418e-05 1.8620181682409007e-05 0.003889789064445097 0.002129830164901039 0.0014964186118838663 0.0006488783030526635 0.0003229176245918724 0.00016986903589546215 0.00859639455503624 0.0 0.000569274990928646 0.0008538014432383542 0.0 0.00033652491332948744 0.0010186616202524778 0.0001415431534287234 3.0297632481449987e-05 6.675648963518691e-05 2.23899876959181e-05 1.7379409159644592e-05 9.791665669476796e-05 5.152953360432964e-05 1.2091709022313575e-05 1.0894716443974906e-05 0.003081693566492018 0.00036986702607503613 0.0 0.00029884126282598926 0.07375479545837009 1.2636498239323011e-05 6.040132462286097e-05 0.0 0.00011540916277739831 0.0 0.0001328147968331512 9.02748167240226e-05 0.0003535898764586024 0.0020491894663453264 0.0006253771332429743 0.0 0.00023792326835291256 0.00032951940712360736 4.1814988789849156e-05 1.8584326718664032e-05 0.0 1.016074491560885e-05 0.0 0.0 0.0 0.0 0.0 0.0 0.0 0.0 0.0 0.0 0.0 0.0 0.0 0.0 0.0 0.0 0.0 0.0 0.0 0.0 0.0 0.0 8.178426085349584e-05 0.0 1.3373948347764109e-05 0.0 0.0 0.0 0.0 0.0 0.0 0.0 0.0 0.0 0.0 0.0 0.0 0.0 0.0 0.0 0.0 0.0 0.0 0.0 0.0 0.0 0.0 0.0 0.0 0.0 0.0 0.0 0.0 0.0 0.0 0.0 0.0 0.0 0.0 8.641819252182e-05 0.0 0.0 0.0 0.0 0.0 7.85165332755651e-05 0.0 0.0 0.0 2.0732792021494986e-05 0.0 0.0 8.51656034677592e-06 0.0 0.0 0.0 0.0 0.0 0.0 0.0 0.00015621060405002514 6.3973367785269e-05 5.6088389508579994e-05
0.27159189567682646 0.0 0.09151351884685095 0.21960277717811033 0.15284923441265977 0.03811236623824401 0.12348048169678583 0.024272688931867174 0.12848189530072976 0.19454518024860584 0.05796013485650706 0.008539955899369858 0.08970462220858123 0.11603164085237921 0.005847850256606088 0.0017540637526778197 7.215475693424731e-05 9.922214208127709e-05 1.58787704904811e-05 6.896700439513191e-05 9.185979955897838e-05 7.609741645460934e-06 0.00012544585628305904 7.719821033243531e-05 7.569608952973656e-05 1.1547085753588847e-05 2.6411204093990577e-05 4.996864050644477e-05 0.0 2.668269485439496e-05 0.24367358024397326 0.008734914310600316 0.0008538353796625782 2.2722067315174878e-05 3.596774207258659e-05 1.7564107700361897e-05 0.00027628674247289875 0.0001878977044178583 0.0006436294588827911 6.788186476103399e-05 6.871439373576114e-05 0.00010041636991052118 8.273741269593767e-06 0.000342982316419787 5.209101519193219e-05 5.211449624082905e-05 0.02057280664185038 0.002158111469351448 0.00031554289612030804 1.7858874291173642e-05 1.728230914459316e-05 4.963836098270388e-05 9.318816427350465e-06 3.067003563372146e-05 0.0014287429150645372 0.0029528823619690697 0.01602974430346386 0.036450881382746776 0.01473305455259527 0.0054989917272592805 9.369550048279074e-05 0.000322810201580087 4.359513187475376e-05 0.0106218163664958 0.0018993181849469509 0.0015293767583020074 0.0003222354618646384 0.0005195851220052499 0.0006894285081230868 8.313967323825957e-05 0.001101773354006818 0.00044218895753781286 2.648420613789587e-05 0.011744676394707707 0.01733971886501588 0.02635665557218557 0.005551672090682839 0.0017516039094875552 0.0005849155914274786 0.012404414546379536 2.8492663659830007e-05 0.0011851108420341905 0.005810548110441514 8.411994685761561e-05 0.0020739395692796897 0.004606608425758597 0.001503378473443984 0.00019489247338968306 0.0004309553164245319 5.741247250400445e-05 0.0001992778968682552 9.714592888811822e-05 0.00010102322125245269 7.652914801883785e-05 0.00011631863285092632 0.0029591575240734014 0.0006336244589659494 0.0 0.000529210294167555 0.14209377256795594 0.0 0.00024752964212154563 0.00011797853120218485 8.27324203128074e-05 0.0 0.0003894898970630458 0.0002426006335011138 0.00011692924399827027 0.003697667262983636 0.001611390155099881 3.4318599323704995e-05 0.0010648746654924213 0.001828939287478335 0.001205458867756203 0.0001766584850353273 9.343932256868895e-06 3.576615987737548e-05 0.0 0.0 0.0 0.0 0.0 0.0 0.0 0.0 0.0 0.0 0.0 0.0 0.0 0.0 0.0 0.0 0.0 0.0 0.00014535861865597408 0.0 3.1746839216769235e-05 0.0 0.0002285183551685339 0.0 3.960808562196311e-05 0.00017420273354704457 9.508625795202773e-06 0.0 0.0 0.0 0.0 0.0 0.0 7.741835213313779e-06 0.0 1.3845629111281114e-05 0.0 0.0 0.0 0.0 7.79152088982612e-06 0.0 0.0 0.0 0.0 9.110762882425841e-06 0.0 0.0 0.0 9.71782831031242e-05 0.0 0.0 7.046154034779452e-06 1.7226479581203947e-05 8.65779247131532e-06 0.0 8.158538323529134e-06 0.0 0.0 0.0008162118436085234 2.5765480316450057e-05 0.0 0.0 0.0 0.0 7.601842633786549e-05 8.336151379201398e-05 2.59017162575168e-05 0.0 6.25651863795273e-05 1.6676344549221223e-05 0.0 8.624749760944921e-06 0.0 0.0 0.0 2.405156896546858e-05 0.0 0.0 0.0 0.001655743676336299 0.00016209629186403452 0.0002183947902693861
0.032792578700979506 0.09151351884685095 0.0 0.00847417997851395 0.03932575888954076 0.00380894104137681 0.011078026458023955 0.16241966954604264 0.06580555696721856 0.0076730343649554136 0.17676880303520814 0.0011538436484652141 0.018944795678504912 0.09135658921801917 0.0015419973090378472 0.0013644710943563304 6.88814795896346e-05 0.00010856506661402014 2.3603913333201757e-05 0.00036365426369270817 0.0012181323471274015 2.2256356889565235e-05 0.0008381071426346562 0.0007364369460252332 0.0002148516436437922 0.00015475233159791525 0.00030184947705597353 4.4566391715331985e-05 4.219033974104073e-05 0.000203680908964836 0.38344064621185686 0.036229377394282426 0.0013631760257083343 0.0005537187744992009 0.0003863498451549301 8.394520838093325e-05 0.00030527088161301654 0.000325686375447012 0.00041368431646552495 7.641646723334473e-05 0.0009371325872274843 0.00028602970434766085 8.046729526599256e-05 0.00024116130005534482 0.00014109808646302005 5.410658442127391e-05 0.0042049115818907 0.0006306534456543095 0.0001685431110007555 4.189688426835632e-05 9.057687870545784e-05 0.0 0.0 5.2260049354675055e-05 0.00032941949485518137 0.0006663549686747881 0.007098441681587232 0.02033893286000925 0.005901279806228804 0.0007730597429827284 6.859936877239882e-05 0.0007264452916441129 1.0210820127216992e-05 0.012925659548051027 0.00033589341866727574 0.000851234812326875 0.00036077146329542174 0.0007129158877569942 0.002430497800710425 0.000989113531835761 0.0008888223775067417 0.0 0.0 0.004963886508545517 0.005306891550379455 0.004436713719183627 0.0021723960152076525 0.0017898279515785182 0.0035398577928144846 0.07062433885362566 0.0002378660187282472 0.013425828029715625 0.001153453103745116 1.847609043360546e-05 0.0004923136882407927 0.0011423394495755877 0.0008709155631629978 3.488452541174209e-05 0.00012137364182356603 7.706321013603834e-06 7.906214463331331e-05 9.404656027876426e-06 0.0029423030948460176 0.00047386186109322766 7.685708653166153e-05 0.0006492122473732569 2.5742583253501698e-05 0.0 7.290395390104084e-05 0.022991027179287346 0.0 0.0002694500626777104 0.0 0.0 0.0 0.0 3.634713342113773e-05 7.142403026489881e-05 0.00014692126371170444 0.0006021031700705055 1.4476569556893151e-05 0.0003743874883868196 0.0008041341806517131 0.00042707049241495483 4.905876316288974e-05 0.0 0.0 0.0 0.0 0.0 0.0 0.0 0.0 0.0 0.0 1.9289777944113396e-05 0.0 0.0 0.0 0.0 9.416300910374511e-06 1.603466433599224e-05 9.12665654772496e-06 0.0 0.0 0.0 0.0 0.0 0.0 0.00031438036568022537 0.0 9.720136004894604e-05 3.0231579363619565e-05 1.5902653108891358e-05 0.0 0.0 0.0 0.0 0.0 3.474014343674509e-05 0.0 0.0 0.0 0.0 0.0 0.0 2.6163094940190312e-05 7.914241546544531e-06 0.0 0.0 1.6251337057475688e-05 0.0 0.0 0.0 0.0 0.0 2.948113081739628e-05 0.0 0.0 0.0 0.0 0.0 0.0 2.0157887624542468e-05 0.0 0.0 0.0005171498068582128 0.0 0.0 0.0 0.0 0.0 1.8784498353455076e-05 0.00011542787566336637 0.0 9.228219431532524e-06 0.0 0.0 0.0 0.0 0.0 0.0 0.0 8.34726206023639e-06 0.0 0.0 0.0 0.0005854538624238849 0.00013885989380938997 0.00027532538379104835
0.12331251764142268 0.21960277717811033 0.00847417997851395 0.0 0.004756728708757846 0.037256776434947105 0.0602546666665057 0.0006648500774224812 0.003440323116908294 0.1116176465345706 0.0008609043496863355 0.005672201556749009 0.03638750019951535 0.004634164400659253 0.00020335415869240215 6.195175157778155e-05 2.0341129367340503e-05 0.0 0.0 0.0 0.0 0.0 0.0 0.0 0.0 0.0 0.0 0.0 8.359343348719848e-06 0.0 0.003225805641805297 0.0002661073226747459 0.0 0.0 8.286504719537679e-06 0.0 4.349683411845653e-05 0.0 0.0004003086858328593 0.0 0.0 0.0 0.0 9.572342335848777e-06 0.0 2.311077266955327e-05 0.002121720830243928 0.0001365843792598492 3.664292800456814e-05 0.0 0.0 5.7089745527389316e-05 1.3712995894807737e-05 0.0 0.0001409792111194181 0.00020620955672082727 0.0014995117808679886 0.0020202443003498913 0.001335750118793032 0.00031383466564782124 7.119512170767437e-05 6.312957142872197e-06 0.0 0.0007131048813180117 0.00020563995633508166 0.00010092822029318573 1.099100191897236e-05 4.307495050816221e-05 6.18222485766634e-05 0.0 0.0003622370615408943 0.0002292178050199463 5.4321354437996724e-05 0.0009237359628700215 0.0017484180203829953 0.0016176986601416335 0.00018708242899761836 5.0146544668344725e-05 8.388678191690535e-06 5.585644637795071e-05 0.0 6.483852966677797e-05 0.0005587862226259 7.537096833741065e-06 0.0001840950906818171 0.00039281812545856337 9.458072437181914e-05 2.3137399135174936e-05 4.622930690506419e-05 3.637478091208366e-05 2.0696783143882896e-05 6.0357419900526484e-05 0.0 9.03987509567468e-06 2.061192846542843e-05 0.0025334950243138497 0.0005283437179252836 0.0 0.0004164616776297578 0.022292260241169797 1.8690342336981343e-05 0.00017215953012795538 0.0001497419006416049 0.0007747185474687667 0.0 4.742786522447086e-05 0.00010034119027042182 1.3611667365448049e-05 0.001390094661653561 0.0006313799197405145 0.0 0.0002447238011913817 0.0004602652810871 0.00018616251748335163 2.735716758878647e-05 0.0 0.0 0.0 0.0 0.0 0.0 0.0 0.0 0.0 0.0 0.0 0.0 0.0 0.0 0.0 0.0 0.0 0.0 0.0 0.0 0.0 0.0 0.0 0.0 1.1619897780374235e-05 0.0 0.0 0.0 0.0 0.0 0.0 0.0 0.0 0.0 0.0 0.0 0.0 0.0 0.0 0.0 0.0 0.0 0.0 0.0 0.0 0.0 0.0 0.0 4.490464309064322e-05 0.0 0.0 0.0 0.0 0.0 0.0 0.0 0.0 0.0 0.0 0.0 1.2478044229816371e-05 1.3167047573366888e-05 0.0 0.0 0.0 0.0 0.0 0.0 0.0 0.0 0.0 0.0 0.0 0.0 7.110581239453898e-06 0.0 0.0 0.0 0.0 0.0 0.0 0.0 0.00024231944363351925 0.0 4.421147077148202e-05
0.0051103719914281686 0.15284923441265977 0.03932575888954076 0.004756728708757846 0.0 0.0007742284622804063 0.1582573474462544 0.02105329553938397 0.22508363596558606 0.050222768943395536 0.039397725219798396 0.005272367603988003 0.055432973289649766 0.12970819893632943 0.0017238135795056273 0.0003694025862305682 6.465960827989612e-06 0.0 0.0 4.302742659308397e-05 4.921613154125133e-05 0.0 1.697317725951672e-05 2.1221987296343894e-05 0.0 6.9802377292753624e-06 6.265944373846498e-06 0.0 0.0 0.0 0.009441317224126902 0.002533370312911105 8.85065858123647e-05 3.291204383111927e-05 8.207225143381182e-06 0.0 0.00016293657670420577 1.1647639013099332e-05 8.103023681846637e-05 0.0 0.0 9.428739431043388e-06 0.0 7.726506975624452e-05 1.4945990383464109e-05 8.508925458898203e-06 0.004080837585874305 0.00035509117828751434 6.201191416489497e-05 0.0 8.431007672101015e-06 0.0 0.0 1.4308617858343338e-05 0.0001957238571945676 0.00032477831023339053 0.0008934876119620094 0.0020274169924853285 0.0010204337883188601 0.0008301732127809281 1.4329310722700819e-05 1.5855272340043444e-05 0.0 0.00198907212040799 0.0001998995619448544 0.00011596453658137679 6.902981645428719e-05 5.394633221642258e-05 9.058541554126466e-05 2.7116004827499477e-05 0.00024024173880596913 0.0 0.0 0.000946428391948224 0.002250051401663452 0.005029363395026097 0.001405880014660775 0.0005389246109614917 0.00019269225122373285 0.00023790137141340532 1.2568251690538512e-05 0.0002023141785270204 0.0005866448973321243 0.0 0.0002150377894815728 0.0005865909932755499 0.00026262350002737614 1.9903034129766425e-05 4.489336114084416e-05 0.0 1.4136793610889891e-05 8.231563169488809e-06 2.62506434280146e-05 2.156822952493747e-05 9.023410112235045e-06 0.00016797705823463847 0.0 0.0 4.6326246038954106e-05 0.0016191894628912805 0.0 1.6787610973951855e-05 0.0 7.490319305909806e-05 0.0 0.0001224955269683109 0.0 0.0 0.00046638468362468656 0.0006012889201093227 8.09007363509098e-05 0.00024492884106478466 0.0007626978706462154 0.000272383093467253 0.00017812187084813378 0.0 0.0 0.0 0.0 0.0 0.0 0.0 0.0 0.0 0.0 0.0 0.0 0.0 0.0 0.0 0.0 0.0 0.0 0.0 0.0 0.0 0.0 0.0 0.0 0.00020233200276625776 0.0 0.0 0.0 0.0 0.0 0.0 0.0 0.0 0.0 0.0 0.0 0.0 0.0 0.0 0.0 0.0 2.9334452802200456e-05 0.0 0.0 0.0 0.0 0.0 0.0 0.0 0.0 0.0 0.0 0.0 0.0 0.0 0.0 0.0 0.0 0.0 0.0 0.0 0.00017348633100158485 0.0 0.0 0.0 0.0 2.2165907473710423e-05 0.0 6.273245971695906e-05 0.0 0.0 0.0 0.0 0.0 0.0 0.0 0.0 0.0 0.0 0.0 0.0 0.0 0.0004657522103743072 7.507827736693865e-05 8.478351450949587e-05
0.010825199910702401 0.03811236623824401 0.00380894104137681 0.037256776434947105 0.0007742284622804063 0.0 0.0026467599553698486 1.5122648033057497e-05 0.000336210765625836 0.06818686455598967 0.000624495191582997 0.01619745466285316 0.009353718424836389 0.0012538914231665474 1.2859039956249877e-05 1.766694053192082e-05 0.0 0.0 0.0 0.0 0.0 8.870107910222266e-05 0.0 0.0 0.0 0.0 0.0 1.7628327786375646e-05 5.033177145665536e-05 0.0 0.0003584794210567918 9.843858431869148e-06 0.00043888695847213633 0.0 0.0 0.0 0.00047664106859047556 0.00013202017880740635 0.0031399780839310057 0.00012135412009805753 0.0 0.0 0.0 9.381363095928274e-06 0.0 0.0 4.833612488894511e-05 0.0 0.0 0.0 0.0 0.0014313737793632281 0.00018157430583424746 0.0001351043561814144 0.0 3.50115670577671e-05 0.005953746798161643 0.0004315230837784608 0.00017700487104354169 2.7882439514020225e-05 0.0 3.8394010504545115e-05 0.0 3.497156402029463e-05 0.0 0.0 0.0 9.516962479643333e-06 7.973973428186164e-06 0.0 0.005708967852101894 0.008465496240471692 0.0006116948941525844 6.655125784449285e-05 9.312708643726375e-06 9.219500876019997e-05 0.0 9.350567654695924e-06 0.0 0.0002657554597397456 0.0 9.60952311237836e-05 3.590800639060257e-05 8.56841538540716e-06 9.409071392352585e-06 0.0002024328752545297 0.0 0.00033083048914768807 0.00011147747927927225 0.0009374514061853332 0.0003391888539082404 0.0019005716898835298 0.0 2.6513415569567414e-05 0.0004585554487702924 0.020285122484408728 0.015707829830869276 4.2537630864136175e-05 0.007176410042707662 0.02040840200111188 0.0 0.00013234735978531203 6.066906761227045e-05 9.860176848770292e-05 0.0 9.043959577006042e-05 0.0001962677077270047 0.0 0.0007313676921025048 0.0012550423061905701 0.0 0.00034526934474001317 0.0003557644146438457 9.39893435903998e-05 0.0 0.0 0.0 0.0 0.0 0.0 0.0 0.0 0.0 0.0 0.0 0.0 0.0 0.0 0.0 2.9234444258433692e-05 0.0 1.3065447952916147e-05 0.0 0.0 0.0 0.0 0.0 0.0 0.0 7.036180036155722e-05 2.1610098530527387e-05 0.0 2.1767910915559156e-05 1.3827229120170463e-05 0.0 0.0 0.0 0.0 0.0 0.0 0.0 0.0 0.0 0.0 0.0 0.0 2.890972590240197e-05 1.0855064938174267e-05 0.0 0.0 0.0 0.0 0.0 0.0 0.0 0.0 0.0 0.0 0.0 0.0 0.0 0.0 0.0 1.368329748574764e-05 0.0 0.0 5.1978666303008505e-05 0.00010749669282380164 0.0 0.0 0.0 0.0 0.0 4.489094158951739e-05 0.0 0.0 0.0 0.0 0.0 0.0 0.0 0.0 0.0 0.0 0.0 8.830921502992108e-06 0.0 0.00045339448371803294 7.434234359511438e-05 7.084820808525714e-05
0.017894509355073043 0.12348048169678583 0.011078026458023955 0.0602546666665057 0.1582573474462544 0.0026467599553698486 0.0 0.0014838626238982467 0.11254827811801278 0.21548150285145498 0.03340046693086445 0.020916075974062663 0.3336704081693401 0.35530194832541917 0.0023505923499647333 0.0010239792746885906 2.5582149898996058e-05 3.13163237621081e-05 1.918800477469314e-05 1.5146440710030996e-05 4.815619197759499e-05 0.0 1.6500220214344364e-05 3.122877527428381e-05 1.5758582761971e-05 6.64382445290399e-06 9.141857917317234e-06 0.0 0.0 0.0 0.008508153119746377 0.003062588294537941 0.00030081643884937234 1.4514804801760113e-05 7.892110252589381e-06 8.130032588591626e-06 0.0001538263420693732 6.876700884287199e-05 0.00012333714762883505 7.20198580803143e-06 2.3247312638011846e-05 2.877318150021059e-05 0.0 9.577692141181576e-05 1.693794428514423e-05 1.965412817084337e-05 0.006849331751320372 0.00041699560166785115 6.746743362218228e-05 0.0 8.850669348873269e-06 0.0 0.0 8.706818788421598e-06 0.00021770561401025646 0.0005472207533493508 0.001473597073773374 0.00268337892664933 0.0013360218109715835 0.0013629311512793054 6.52517301280831e-05 4.406633252834781e-05 1.4866634167069252e-05 0.0029165741801573403 0.0003610029662197233 0.0002748525990280647 3.050725556778501e-05 0.00010622890873405258 9.514928283035726e-05 4.315615812469532e-05 0.0007839873247877618 5.9256463874758195e-05 6.368549818251935e-06 0.0013513145566298652 0.0033634718512344066 0.006868617651015069 0.0020537799550329177 0.000899703943499239 0.0002654156109538463 0.00034216447766859966 2.5581991551396143e-05 0.0003737693411605003 0.0006894753131400613 7.851253404858152e-06 0.00035134953597812694 0.0008403631335585173 0.00022852730624166206 2.415195881025595e-05 4.5934646723839586e-05 0.0 7.366441191575023e-06 2.885693851310241e-05 0.00010661984172246667 7.887774061913187e-06 1.6752265256088228e-05 0.0011256952920263071 0.00011974341907931321 0.0 0.00018946580423171073 0.0038497544613286757 5.638449318652546e-05 0.0002515426314117167 0.0002676472638515998 0.00016287274742006857 3.3320733285997894e-05 0.0007710899191082227 0.00021505170570204412 7.762060255522057e-05 0.006428814885398456 0.0021130445206042786 1.4733207945815484e-05 0.002386612589333817 0.0035766222082646627 0.0015778577478094333 0.00033898547351768457 0.0 0.0 0.0 0.0 0.0 0.0 0.0 0.0 0.0 0.0 0.0 0.0 0.0 0.0 0.0 0.0 0.0 0.0 0.0 9.15570763179659e-06 0.0 0.0 0.0 0.0 0.0007092434275140116 0.0 6.783143991792522e-05 6.090983577133845e-05 2.141190180700254e-05 0.0 0.0 0.0 0.0 0.0 0.0 0.0 0.0 2.263888795432757e-05 0.0 0.0 0.0 0.0 7.576356904274706e-06 0.0 0.0 0.0 0.0 0.0 4.851745125917453e-05 3.432700568108952e-05 0.0 0.00028324523971009563 2.2001441322530025e-05 0.0 0.0 0.0 0.0 0.0 0.0 0.0 0.0 0.0010787384646740977 3.744541463924817e-05 0.0 0.0 0.0 1.8428753368695126e-05 0.0 0.0001956925183043724 0.0 0.0 0.0 0.0 0.0 0.0 0.0 0.0 0.0 1.4742682199413866e-05 0.0 7.072826104509892e-06 0.0 0.0020230406435910123 0.00024408237750126455 0.00029236248154291975
0.00415714855750285 0.024272688931867174 0.16241966954604264 0.0006648500774224812 0.02105329553938397 1.5122648033057497e-05 0.0014838626238982467 0.0 0.0839137991064966 0.001739152113589292 0.1322953614237345 0.000580131004685639 0.007319858345150571 0.052666886506200716 0.003245801684881524 0.00327085448065416 0.00013235437901772123 0.00019661915389112205 3.368705145669966e-05 0.0007158826339175115 0.0026822675912550817 0.0 0.003825489191509479 0.003887832735586447 0.0005974648591409579 0.0004040536920786594 0.0018752622918252234 0.00023748944406680353 0.00010669214450337072 0.0007631248612833024 0.0500688151201072 0.05673072358401976 0.0024167153066874023 0.001472496593423796 0.0011609904431673793 0.00040552348146840657 0.0005645540561216316 0.0011571510617520277 0.0005537976582063577 0.0003854430714243336 0.003083710928849582 0.0008199686644854487 0.0002107942593871173 0.00046914063872697186 0.0003940446732997318 5.9620479671357134e-05 0.007978194302539413 0.0003588306303328996 0.00015740731856997832 6.893227179917518e-05 0.000327816265942982 1.7242753914133266e-05 0.0 0.0002076572515532625 9.509166393908901e-05 0.0002511009942550276 0.0009774133062181182 0.003105683132237872 0.00096353709511817 0.000919662406889662 0.0004312837059113201 0.0030419716194448575 9.762324872636356e-05 0.007565582379359583 0.0001647408785657349 0.0013282405877428755 0.0008206277223976832 0.0010391998702130542 0.003371613040994888 0.0033859164758195904 0.00045388137978573097 0.0 9.441186185787457e-06 0.000962077422239886 0.003084491889711529 0.006833116679663621 0.004666214772589966 0.009313316823921364 0.050083192961835714 0.17764371368868195 0.0006138688793880089 0.11709776694972142 0.00046791130650160643 7.366700248248492e-06 0.0006061617254660294 0.0012192306036432868 0.0008846369242448138 7.611074298861856e-06 0.00024089000184562191 8.093856495914018e-06 7.258382825879718e-05 3.163573430659051e-05 0.008269172289577367 0.0016979689184219232 0.0004705669078623571 0.00010609787229477681 1.0177116157269319e-05 0.0 1.7895215698745568e-05 0.0026212947287052426 0.0 0.0 0.0 0.0 0.0 0.0 0.0 0.0 0.0 0.0 0.0 0.0 0.0002223459245532958 2.990598249510349e-05 5.8385699021773676e-05 0.0 2.8420024548623736e-05 0.0 0.0 0.0 0.0 0.0 2.824860123729328e-05 0.0 0.0 4.3893582264130027e-05 0.0 4.218774537396365e-05 0.0 0.0 4.279187503734772e-05 0.0 0.0 0.0 0.0 0.0 0.0 3.426705908010239e-05 0.0 0.0001065862017249493 1.2595833308882884e-05 4.80529062719003e-05 0.00014246720098230005 1.7316965733701943e-05 4.4405979262709536e-05 0.0 9.602198459118399e-06 0.0 0.0 2.5950399910416845e-05 1.6537188678411966e-05 0.0 9.984473000768864e-06 0.0 0.0 0.0 1.3274793614256113e-05 5.53344142446113e-05 0.0 0.0 0.0 0.0 0.0 0.0 0.0 8.819680596890944e-05 3.083769470590663e-05 0.0 0.0 0.0 7.870272218389283e-06 7.352786561338765e-06 0.0 0.0 0.0 7.455585189816104e-06 9.245275178197934e-05 3.333516445286415e-05 0.0 0.0 0.0 0.0 0.0 0.00015562114814203037 0.0 1.3950364014210266e-05 0.0 4.5628927546236606e-05 9.15436104380687e-06 0.0 0.0 0.0 0.0 0.0 0.0 0.0 0.0 6.783707329213996e-05 4.111142696796203e-05 0.0001964209654016724
0.0021081991062154052 0.12848189530072976 0.06580555696721856 0.003440323116908294 0.22508363596558606 0.000336210765625836 0.11254827811801278 0.0839137991064966 0.0 0.013041773733248574 0.0999324906926978 0.002888238691058409 0.041534190812929195 0.12872203342763391 0.000645651175799352 0.00038822385099655343 1.3375025111443556e-05 9.58049913741583e-06 0.0 0.0 8.490580572752329e-06 0.0 0.0 2.515637473808611e-05 1.7624818803561438e-05 0.0 0.0 1.0401803167479894e-05 0.0 0.0 0.0020434749725553227 0.0007029952180713561 0.000107842573386477 0.0 0.0 0.0 0.00010000452680484253 1.4283185967015465e-05 3.5948063266259e-05 8.4810005429572e-06 7.659457091322058e-06 0.0 0.0 4.8904237440641894e-05 6.276982468341686e-06 0.0 0.0014474046674256582 8.025024251026931e-05 7.65135349454858e-06 0.0 0.0 0.0 0.0 8.12388616815315e-06 1.8463496732288666e-05 7.031162507426593e-05 0.0002133231186955021 0.00031613057790179323 0.00022584361718363765 0.0001951735948511146 0.0 6.100008693599817e-05 9.023458249905424e-06 0.0005405705500217317 3.377556586488346e-05 6.826831841254152e-06 0.0 2.279955566328108e-05 7.308736792602759e-06 6.673567199292069e-06 0.0001811973764741798 0.0 0.0 0.000228542803404571 0.0004548914531566111 0.0013401195738662378 0.0007117280255012669 0.000419125764521693 0.00010309196740618978 0.00015021952957436528 1.0757715367305358e-05 0.00017544494956652992 0.0001298311372487912 7.072801402284305e-06 2.9360722669027095e-05 0.00011212028819419354 2.8459999716918606e-05 8.098562586583625e-06 0.0 0.0 0.0 0.0 5.095810272032894e-05 1.630228064732179e-05 0.0 0.0004431963700356239 4.722166624663649e-05 0.0 1.5009646752022144e-05 0.00045710096525955344 0.0 0.0 0.0 3.874138206822133e-05 0.0 0.0002466011500675345 2.8948677511810978e-05 7.093337439178825e-05 0.00031973211045442955 0.0005835777632269908 0.0 0.00045009222622907337 0.0010714373393339274 0.0006177038745748431 9.032032709102026e-05 7.174532134547787e-06 2.5032042102800525e-05 0.0 0.0 0.0 0.0 0.0 0.0 0.0 0.0 0.0 0.0 0.0 0.0 0.0 0.0 0.0 0.0 0.0 0.0 0.0 0.0 0.0 0.0 0.00021267802704158037 0.0 0.0 2.3229896935582305e-05 0.0 0.0 0.0 0.0 0.0 0.0 0.0 0.0 0.0 0.0 0.0 0.0 0.0 0.0 0.0 0.0 0.0 0.0 0.0 0.0 0.0 0.0 0.0 0.00011641304095677913 0.0 0.0 0.0 0.0 0.0 0.0 0.0 0.0 0.0 0.00031236205767079555 9.179780267326753e-06 0.0 0.0 0.0 2.9071094141137536e-05 0.0 5.8471026842856696e-05 0.0 0.0 9.505075642012574e-06 0.0 1.717130621026879e-05 0.0 0.0 0.0 0.0 0.0 0.0 0.0 0.0 0.0005446188672948352 0.00016065642447015853 3.66190206839323e-05
0.1203722981584031 0.19454518024860584 0.0076730343649554136 0.1116176465345706 0.050222768943395536 0.06818686455598967 0.21548150285145498 0.001739152113589292 0.013041773733248574 0.0 0.0052985282325059765 0.15408324999187964 0.5975722946039318 0.0439444449826899 0.005754994831311247 0.0027400137699248894 8.039913169135041e-05 3.333012013172112e-05 0.0 4.408875201493481e-05 0.0 1.1806104423633174e-05 8.317243789024451e-06 5.5627877317980505e-05 2.9801856913738824e-05 5.416940788145637e-05 3.662252269945212e-05 4.168307510486981e-05 2.2101580344719123e-05 0.0 0.007466534981455502 0.004450904685408619 0.0019105802323528764 3.319314945779075e-05 0.0 2.0615355107490696e-05 0.008340014698340125 0.0005972069451037707 0.0025231552497016006 4.9129926474464756e-05 9.578869487256502e-05 3.785916425002983e-05 8.637756432802306e-06 0.00023469492879037623 2.8531606401773398e-05 0.0 0.015262045436528029 0.0006002866488413858 5.447648884841865e-05 0.0 1.1317367723433638e-05 0.0002764873593811408 9.246237234876008e-05 2.660383584946385e-05 0.0001904710296324717 0.000734754904345602 0.0030498887131483717 0.0028317938997392254 0.00214783609977521 0.002208395727027272 8.394106410754816e-05 0.00014683907243988065 3.400367951715629e-05 0.00445950722660198 0.0003864428268656028 0.0004539455219647256 0.00010749613480685953 0.00015643395777344436 0.00016094773781651127 7.836811153659895e-05 0.02572067699555487 0.00262268765807016 0.0001369985038377474 0.0018508104758655141 0.005370320069409016 0.013315556901357845 0.005554817473837949 0.0027842283943471722 0.00027926593665494106 0.0007090259269512758 3.1586002392579e-05 0.0005228871381724673 0.0010860670791576139 2.7334348432857266e-05 0.0005562829934600381 0.0010374131544359719 0.0003237242865360671 4.91689895605841e-05 9.389624280233188e-05 0.0001759759701430311 9.974381318208872e-05 0.0004800325650862362 0.00030493957282987615 1.7535975665760196e-05 0.00014482604057248008 0.02999908765736546 0.00537906614446763 3.53919756313001e-05 0.0028628213379403825 0.041210527838583824 8.29545009215233e-05 0.0017082889325204828 0.0019261334243431633 0.006436361549594183 0.00019678651020269624 0.004131649804217608 0.004476072275590512 0.0014188695165712082 0.009852739876390761 0.02972882126467249 0.000533044474180945 0.00961472104969503 0.026664462619898625 0.011582764170527551 0.0016336116286465741 0.00015908356219389094 7.088268352471162e-05 0.0 2.551084977509471e-05 0.0 0.0 0.0 0.0 0.0 0.0 0.0 0.0 0.0 0.0 0.0 0.0 2.4786023137319195e-05 0.0 0.0 0.00011784504227528155 0.00010826692088542606 0.0 0.0 0.0 0.0021483426556475234 0.0003349190222774383 0.0007333666449681013 4.017471540673424e-05 0.00020010143993338218 0.0 0.0 0.0 0.0 0.0 0.0 0.0 1.5552304610336666e-05 3.595147597373246e-05 0.0 0.0 0.0 0.00010661640177920601 0.0 0.0 1.0612280697464093e-05 0.0 3.994667649452857e-05 7.699873099335112e-05 0.0006606382656190704 5.5066317823358795e-05 0.0 0.0008652303510111716 1.2223294611065878e-05 0.0 2.8934091797687186e-05 0.0 0.0 0.0 0.0 0.0 0.0 0.006856852404072557 0.0003312689808876523 0.0 0.0 1.2212773996527226e-05 5.288841380153161e-05 0.0001045843954356022 0.0010150855271918546 2.6123555544490422e-05 8.333242470451837e-05 0.00015661439296338144 1.1607255307996662e-05 4.5613162459188624e-05 0.0 0.0 0.0 0.0 7.829692162262714e-06 0.0 0.0 7.4084856463056486e-06 0.017016723767910663 0.0007700723717306263 0.00122307444032671
0.011560522712246966 0.05796013485650706 0.17676880303520814 0.0008609043496863355 0.039397725219798396 0.000624495191582997 0.03340046693086445 0.1322953614237345 0.0999324906926978 0.0052985282325059765 0.0 0.016064983190219036 0.15631102433935545 0.19998404608169096 0.00829003182491801 0.01162642052781851 0.00010026311793636705 6.989945133879868e-05 3.812372381929052e-05 0.00032206293582062213 0.0008396892866138406 0.0001301139371947818 0.00095908272266086 0.0012712732385763202 0.000439458913803388 0.00022100373609329653 0.0009588282593345704 0.0004153334579476258 0.00037299289193837016 0.0004161480664077748 0.03743004090766 0.016323616446005492 0.04354669107006685 0.00028198586197773106 0.00033214625066004157 0.00011712540817200261 0.019354668141335244 0.00904620705959666 0.0034896184209827247 0.0005181658841366915 0.0018156008590307943 0.0007326895981351255 3.924317611151022e-05 0.00094686783630735 4.8493666182885824e-05 2.9296827512288377e-05 0.011433032293289024 0.00026358247399437185 4.476272563769137e-05 2.8671849803898905e-05 0.00012003376333835441 6.618023611668307e-05 9.144333587033412e-05 0.0005015602721935734 0.0001693387772876118 0.00030652699295109 0.0014761035683834418 0.0038819303744035564 0.0014778771378260833 0.0015612878844204739 4.304752533724655e-05 0.0125975108851602 1.4725654131908923e-05 0.005813572663610249 0.00030826354484190794 0.0004438106649815324 0.00015969481116536737 0.000230160609796819 0.0005652283439060265 0.0010043345314632998 0.012140640213682673 5.661221477014089e-05 0.0 0.0012398339357342105 0.003439875786838693 0.01092295059124328 0.009242289430958816 0.007362137296841917 0.0027292757143622 0.039616388820320016 4.43269802785001e-05 0.019823734376325366 0.0005154004832833757 1.3497822408400335e-05 0.0003811461598203836 0.000691088607259102 0.00037916099713056884 1.85584343525156e-05 4.031569860884656e-05 0.0 3.575164636975725e-05 3.1392627036776506e-05 0.0025529010255959618 0.0010041401578842265 0.0005888205585185462 0.0031514078182782947 0.00031287775653352857 0.0 0.00032320613961943936 0.006186311496958794 5.623057488567091e-05 1.8566701997402592e-05 0.00018230870173418132 0.0 0.0 0.0002772687414477036 2.406950911514906e-05 0.00015944152087809778 0.0006741797476277206 0.0021321527770939196 0.00022318810196398124 0.0016272127552629373 0.002635030631163855 0.0017798188751610643 0.00030774173629537964 6.785550368598979e-05 7.011500232588429e-05 0.0 1.0462722656120922e-05 0.0 0.0 0.0 0.0 0.0 0.0 3.4740354355748184e-05 0.0 4.294227675470326e-05 0.0 7.519411813713576e-05 0.0 4.8724750436133146e-05 6.489253569920651e-05 0.0 6.039761422189965e-05 0.0 0.0 0.0 5.10537845742755e-05 0.0013967476506321584 0.00016322213379860612 0.0005113189503843228 0.00029806113170546583 0.000254169685867154 9.968118227258775e-06 1.5716849301926618e-05 0.0 0.0 9.732693982992864e-06 4.135505551807497e-05 1.281260610604948e-05 0.0 4.450748197442913e-05 0.0 0.0 0.0 0.00022119075600982868 4.195758017018626e-05 0.0 0.0 0.0 0.0 8.400554261684498e-06 1.4919572936674338e-05 5.191807871093691e-05 0.00011681506904482437 0.0004952346738451045 3.508595179291488e-05 3.160249461180582e-05 0.0 0.0 0.0 0.0 0.0 0.0 0.0 0.0028491489556713933 6.943847170608424e-05 0.0 0.0 1.006207155880461e-05 0.0002302576217706048 1.7027467050844317e-05 0.0008187413717771702 3.5132017009902664e-05 0.0 7.156770474281936e-05 3.135044576971955e-05 4.984575770178404e-05 0.0 0.0 0.0 0.0 6.864153103774378e-06 0.0 0.0 0.0 0.0021357959373304036 0.0007126016247762899 0.0015198939247972698
0.000936104051159844 0.008539955899369858 0.0011538436484652141 0.005672201556749009 0.005272367603988003 0.01619745466285316 0.020916075974062663 0.000580131004685639 0.002888238691058409 0.15408324999187964 0.016064983190219036 0.0 0.12293085587046411 0.022023175995017588 0.0035340371440602757 0.006302101248825989 6.388825975065467e-05 9.319772846853984e-05 0.0 4.197368158753647e-05 0.000119544880958363 0.000223148126162296 8.018561515422856e-05 0.00013433054756386057 0.00038389319615245106 0.00013484025518680303 0.00026948089295541474 0.0003595879809343082 0.0005502464529547087 0.0001888172897360692 0.001129104024341624 0.0008327973922773412 0.003944551091386204 0.0 4.264219095131502e-05 0.0 0.029692024307523754 0.00422397712633213 0.00551023067555072 0.0004358070716846958 0.0002214502338879128 0.0007057566412329618 5.124643279789916e-05 0.00030991683313095537 0.0 0.0 0.004393417560245328 3.034034452966187e-05 3.522133265694206e-05 0.0 1.060534950632042e-05 0.0001883524476886975 0.0006236046041440641 0.0005682701841989394 0.0 3.103777703265131e-05 0.00044812423982011705 0.00017547590525553335 0.00030276978317245927 0.000389329407970185 6.154282080116065e-06 0.0003689001201600653 0.0 0.0011719347559798203 4.1423443312918614e-05 4.055360637686962e-05 3.368945960699924e-05 3.7407570829648215e-05 5.6269681042337426e-05 7.029545778431415e-05 0.07241665215249228 0.0006659133929569678 0.0 0.00015762557666763215 0.000651937462772665 0.002917755224598805 0.0025080628276918067 0.0024153736331737983 5.3810196351038986e-05 0.0026040526069147285 2.0748721156656495e-05 0.0003061155368469455 4.251191838086125e-05 0.0 2.3734382888069832e-05 7.215971448090559e-05 2.986453532751976e-05 0.0 3.277034869819769e-05 3.6144689181592645e-05 1.1263606813089769e-05 5.783113849106841e-05 0.00019005753717819232 0.00048372362737186694 0.0006345632632490577 0.08452223494291904 0.004150187310084538 0.0 0.0036595166821446184 0.004650658245799224 0.0001480154443603674 0.0006051018277061394 0.0007466618065174399 0.0008353966472281366 0.00011145864224878587 0.0035990628475574527 0.0018182879664968064 0.001264569463722087 0.004581228860078424 0.01766580402432531 0.0013656858237660312 0.013316199399278078 0.02715970430980918 0.01558688122187307 0.004852060332649854 0.0003471794234316789 0.00024013485607619466 2.6513271156556286e-05 0.0 0.0 0.0 2.0876861735024946e-05 0.0 1.4043510406386909e-05 0.0 1.1935566887765754e-05 0.0 0.00012910976068852275 3.450880646072829e-05 3.181600544841407e-05 0.0 9.092192319280561e-05 7.103991699091808e-05 0.0 0.0005131001810005436 0.00017049269995216272 0.0 0.0001717423855446314 5.3475023886460584e-05 0.008184572878855004 0.0006393722139860113 0.002142592142212271 0.0011590566408382942 0.0002648494625457789 0.0 1.1616880308510173e-05 0.0 4.3986161138508565e-05 0.00013480535410899998 5.9802253848599124e-05 1.8248675410943474e-05 2.2646659021141213e-05 0.0004252754906246642 0.0 0.0 2.7093555571563685e-05 0.00042685269035838875 1.3468726353610324e-05 0.0 9.800247602680119e-06 7.164614507669629e-06 5.591229937678471e-05 9.251689649453556e-05 0.00027609098240224153 0.0003061106686083336 7.089377102365798e-05 0.0019595368448456683 0.00015652614457916547 0.0 1.3199213671424138e-05 0.0 0.0 0.0 0.0 0.0 3.639087789570108e-05 0.01583835830181215 0.0005890615160613437 2.9440545694146513e-05 2.587527030815904e-05 1.4882076225013402e-05 0.0005319538791553346 0.00020802724908879595 0.00321989076736167 7.303175624893586e-06 7.261046675883644e-05 0.0003457982117891555 0.00026487071469385933 0.0001400381880697397 0.0 0.0 0.0 0.0 8.11534869895589e-06 0.0 0.0 0.0 0.018028120972230364 0.004331515129511188 0.005263568404576398
0.004981688771036158 0.08970462220858123 0.018944795678504912 0.03638750019951535 0.055432973289649766 0.009353718424836389 0.3336704081693401 0.007319858345150571 0.041534190812929195 0.5975722946039318 0.15631102433935545 0.12293085587046411 0.0 0.2622438953124015 0.009940190124097276 0.014204654351447698 0.00017637194871936902 5.887692811319595e-05 0.0 0.00012574124232968162 0.0003067858570738767 0.00017969505425333398 0.00026534975418703976 0.0004227231756029986 0.00033479703065306994 0.00015276920779179706 0.0004080216549120981 0.000516753581259619 0.000313448614832608 0.0003322915149478653 0.006977079395186751 0.006263662310040224 0.026523977711080844 0.00010491777097161672 0.00011701119838208461 7.213219240125879e-05 0.06872335406969042 0.019660441134320143 0.004274880149423303 0.0007626487366527412 0.0007482250678620292 0.0005766209197721275 2.8702205038803475e-05 0.0008001496299570972 2.3382435712146356e-05 1.5573221061505233e-05 0.013481720795332478 0.0001861259132187639 4.7968254911764134e-05 1.5058871320323515e-05 0.00011367976629792551 0.00014934221926499053 0.0007235445428630707 0.0003970123131741031 0.00010915055939828408 0.00016119932871733856 0.0009402013257105002 0.0013463539000247234 0.0008332341016567208 0.0012898298690329777 5.277393228713221e-05 0.002180291666112576 2.556706063950453e-05 0.005056411036127588 0.0001421187374535748 0.00020776642208916054 5.322534392446912e-05 0.00012042586999917908 0.00018229182251342023 0.00025515905813960134 0.039022059858046146 0.000808845010348291 1.302261429374752e-05 0.0006472393293866487 0.002624107418485798 0.01109788277454463 0.0086488341062801 0.007220731445983693 0.00048047242304929255 0.012117468885090571 5.903315702222852e-05 0.0013148803579977782 0.0005356338210057183 0.0 0.00013943609665666178 0.0004986628974831905 0.00019772020112510789 2.2793511852087357e-05 1.6348775936390952e-05 0.0 4.4289930107070934e-05 0.00012380009267195965 0.0006496347567732661 0.0007039274832319781 0.0005072044013772961 0.06615079193976175 0.0015517364680366493 0.0 0.003192521119448449 0.004602242271282763 0.0002042115210045295 0.001045739762902056 0.0014224060911380146 0.0019635016831642646 0.00023912845826980385 0.006069629516538141 0.002523833947783349 0.0017270001837079482 0.009721640632656504 0.030301825160429598 0.0013939412744871063 0.018470808461850903 0.04253284942344445 0.022416314918145608 0.005069718450614209 0.0003890419842742767 0.0004948829065520545 1.0405606676829958e-05 0.0 0.0 0.0 4.2767340660216194e-05 0.0 0.0 0.0 2.499183321344817e-05 0.0 0.00016084924370919008 0.0 1.0509482702377149e-05 4.832480746928367e-05 2.3041643807942008e-05 1.7189136150019726e-05 0.0 0.0003605425433371701 0.00017357428169231294 2.3693657785541735e-05 1.874289980556582e-05 3.117195192135749e-05 0.008731232997459714 0.0007744833107080591 0.0023138892416381214 0.001024730534607916 0.0005149189843352733 4.561603045091836e-05 9.615138624983824e-06 9.633287793496192e-06 4.202540108062218e-05 7.825476505779577e-05 8.66881758130732e-05 0.0 0.00010044768853222369 0.00035062871110089656 0.0 0.0 8.805243222798762e-06 0.0002173109161493067 4.387787608238922e-05 0.0 0.0 0.0 1.4860416173515612e-05 9.141353548541965e-05 0.00047929734514539236 6.711202496772456e-05 0.000319585480576904 0.002690676932541781 0.0003871675413932777 1.024968432875083e-05 0.0 8.682190036120518e-06 0.0 1.2957941333598e-05 0.0 0.0 4.9163631077802825e-05 0.019148617006954406 0.00041148532244355965 1.710219318341753e-05 0.0 3.3908164244884845e-05 0.0007050698503220774 0.00034331239389199044 0.003629444426435524 8.414695209069628e-05 0.00022609271949358464 0.00033544446585147036 0.00034611390306521104 0.00025164554785080833 0.0 0.0 0.0 0.0 1.3941918386620957e-05 0.0 0.0 0.0 0.026930104930777368 0.0032623859458676585 0.005571950091295825
