0.0 0.14224457796046183 0.06654069202409288 0.07774257061520622 0.005606983367890005 0.010102555678984076 0.005525663960328919 0.00435182067828756 0.0001883979464697074 0.05072333702887795 0.009051865802811719 0.0015563363854058693 0.0027634791591170634 0.004956502911964793 2.9114318749071987e-05 8.063324144185193e-05 1.1113333056153562e-05 7.827871129472665e-06 0.0 0.0 9.25146114968512e-06 0.0 1.976368487422102e-05 2.6978033038909287e-05 0.0 8.95915339456415e-06 0.0 0.0 0.0 0.0 0.09858000460713781 3.195270401393017e-05 0.0009176228828667361 0.0 0.0 1.572246658063611e-05 0.0003748794448984627 0.0001771441251655836 0.00033560987826933807 0.0 1.876859475058397e-05 0.0 1.127017572463393e-05 1.5948939285855445e-05 0.0 6.847065003510051e-06 0.0018214971864717981 0.00022853698217419763 3.819624340415267e-05 1.1570989158516581e-05 5.479993770402468e-05 5.494672542424338e-05 0.00014091031706277806 0.0 0.0002094246232196473 0.0002655454539645004 0.0050052215344882755 0.028023837652093313 0.0012307960009463937 0.001401329946863573 0.0 0.000911871882628207 0.0 0.0010537809932587756 0.0003115073205858667 0.00048125832390665826 0.0001090402446509471 5.074573871347259e-05 3.595444264680858e-05 7.51886699044077e-06 0.0005098604816496652 0.00028500561835689245 0.0 0.013560835754688211 0.0010535802866193317 0.0018642597637175153 0.00013601128149152525 2.7343219343953918e-05 0.0 0.0030043070866710374 1.755495189425769e-05 0.0014537305079655642 0.0009762229571710105 2.6343345071648998e-05 0.00023330202986279253 0.00046408951519248106 0.00010396995358599311 0.0 8.359709694606108e-05 1.4432202219408843e-05 1.4108082129432943e-05 0.0 5.8060601858367644e-05 6.807298750205676e-06 0.0 0.0005650069615581389 0.00022260749651763456 2.3905820490630687e-05 0.000657670442049609 0.05542745211999396 0.0 0.00010541467076732873 0.0 0.0001462073607476635 6.870405438575512e-05 0.00027141128823981065 0.00022686719241769366 0.00012140706082996533 0.00024391313693744395 0.0008701398356024299 0.0 0.0001392701415037278 0.0003615249454841137 0.0003517345155124071 0.0003194234527751475 0.0 9.847003350527708e-06 0.0 0.0 0.0 0.0 0.0 0.0 0.0 0.0 0.0 0.0 4.4062359820136895e-05 0.0 3.908305661834954e-05 0.0 0.0 0.0 0.0 0.0 7.415905678078121e-06 0.0 0.0 0.0 0.0002026621197272257 8.42728717185379e-05 0.00020558519727843536 0.00025014680696898027 0.00014404350928150881 0.0 0.0 0.0 0.0 7.188342808005886e-06 0.0 0.0 0.0 0.0 0.0 0.0 0.0 0.00014466132056194223 0.0 0.0 0.0 9.06278694742823e-06 0.0 0.0 3.291062224288673e-05 0.0 0.0 0.0 8.305022985463827e-05 0.0 0.0 0.0 0.0 0.0 0.0 0.0 0.0 0.0002368989583988851 4.331367477777897e-05 2.2016078984367455e-05 0.0 0.0 1.5535486891894823e-05 0.0 0.0 9.786805549201804e-06 3.140802003466555e-05 0.0 0.0 0.0 0.0 0.0 0.0 0.0 2.3869719840126747e-05 0.0 0.0 0.0 0.0009482282482991846 9.41456416913315e-05 0.00030551742621808524
0.14224457796046183 0.0 0.09408128719242452 0.1714780361734902 0.04750352719583612 0.024532523626951786 0.10361355292061095 0.009634698589675366 0.029317030552269377 0.18668198245197307 0.10411533502694097 0.010821451692386736 0.0710831045213083 0.18506485196843936 0.0010781090475631622 0.0007447242803451429 4.3354305260800834e-05 1.9369001234723746e-05 7.003919080045285e-06 2.320061516255897e-05 9.578797810292069e-05 1.5053666303361614e-05 4.5808465011777124e-05 4.55597755370722e-05 4.134157101080949e-05 5.810890857108878e-06 0.0 6.407814823816571e-05 0.0 0.0 0.19133737207183724 0.001907898566389532 0.004961200028860334 1.367375577751815e-05 3.09464128498852e-05 0.00010867893764104772 0.0017211187083716708 0.0007859330337727766 0.0010102603880520098 0.0002599043594830508 9.953608729509158e-05 5.5718835933412305e-05 1.6583487574004934e-05 0.00012044252648567641 2.2716770618145214e-05 6.330591752705282e-05 0.017505203346975914 0.002042797979899387 0.0002822579869509535 9.882581901662083e-05 0.00027128181405144665 3.675772441379795e-05 0.00018666052809448048 1.7565516309554998e-05 0.0009524394577400975 0.0016453110421403498 0.011693731789267331 0.051864568164572036 0.0035548789110789692 0.007997757773452848 0.00010892847965917 0.0009725595864539014 1.372235019581813e-05 0.009526978158473717 0.0023075260867999824 0.0021109710906123515 0.0007309204037373215 0.0005154985955680969 0.000366755842484428 0.00010291970412584793 0.0019287002289958039 0.00027625473820284664 0.0 0.059143962425077135 0.012968548357598713 0.022119332069141368 0.007149191545688185 0.0015150064506110235 0.00031268281323724637 0.004704316203437015 0.0003667426625638685 0.0011341883913861426 0.005271417244241251 5.790897267096149e-06 0.0017863998576986885 0.0030995347075185326 0.00042122062878766563 4.446895458189626e-05 0.000376594141210847 2.2851204249678702e-05 0.00011339950170652801 2.029206145642114e-05 0.0003959105218186384 6.07553246535502e-05 8.849067278920166e-05 0.001821165843135375 0.0007302838949332063 7.681455256193577e-05 0.0010503388135957273 0.06725757666664722 0.00010493349236881092 0.000680870938123205 0.00016748175812238036 0.000375221988162313 9.339531388907272e-05 0.0005344892350291404 0.0007838448800373242 0.00012112033467437196 0.002750707022539488 0.0030445747774099034 0.00018718622907044642 0.0007957915898656967 0.0017160951920011432 0.0016693463560182667 0.001501201384783044 3.1254770903468295e-05 0.0 0.0 0.0 0.0 0.0 0.0 0.0 0.0 0.0 0.0 0.0 0.00022219016983694297 0.0 0.0 5.772212208801187e-05 5.306368573284663e-05 0.0 0.0 0.0001099077136995229 4.7199896560055275e-05 0.0 4.276204857975994e-05 5.764523736311322e-05 0.0007629806328420516 0.00030055954734333807 0.001267581763576602 0.0010972318607478943 0.0007419130824227494 3.5893030583252446e-05 0.0 0.0 0.0 5.046938053203663e-05 2.403056117096061e-05 0.0 9.262199746503077e-06 2.2970491323291722e-05 8.437796383295351e-06 0.0 0.0 0.00025662072340163904 0.0 0.0 1.3833137990310008e-05 2.0918451594114522e-05 3.554010098105881e-05 4.7443995544779826e-05 0.00013687469038554942 0.0 3.3700322303189094e-05 1.2045560345549685e-05 0.000155523904015629 0.0 5.0809915421739904e-05 0.0 0.0 0.0 0.0 0.0 0.0 0.0013185189912211866 0.00035301889331732303 1.0196908983445871e-05 0.0 8.40492393407352e-06 8.178248054179459e-05 0.0 4.9493364119646695e-05 5.390566362194481e-06 2.4649611755695916e-05 3.032376344120722e-05 6.782987239250317e-05 1.73360491290557e-05 0.0 0.0 1.6831586612309176e-05 0.0 1.9736599369514394e-05 0.0 7.599761785747781e-06 0.0 0.0033464222902522905 0.0003760979976703056 0.0009046391841898973
0.06654069202409288 0.09408128719242452 0.0 0.008444589665163316 0.02649554029334823 0.0008990738597829122 0.004786767334560144 0.09464450040012828 0.03222069070649316 0.006279590634388538 0.19380733963054836 0.005387958816415649 0.015086995102602647 0.18248700058846926 0.0005954131078502002 0.000537389262744614 3.8346446862945696e-05 1.931215239311441e-05 0.0 6.955797400409187e-05 0.00035549077005575297 0.0 0.00025698523746618224 0.00029368038062992286 3.6991983533831864e-05 6.295653944711095e-05 1.923350581935191e-05 6.745457187296063e-05 4.484992518295293e-05 0.0 0.30622564322200124 0.059906910631497085 0.00613613848027349 0.0001577775897401826 0.00024288681489852403 6.130064414494448e-05 0.0009421373130676914 0.00036952095854304466 0.000222502506240977 0.00014881961888789125 0.0003552533216887706 5.369150660756748e-05 2.83397468825042e-05 0.000148672847862387 0.0 7.070255472221536e-05 0.007189997187427981 0.0007667431039405639 0.00013609004548477928 8.44011711554958e-05 0.0003638134513745738 5.708340234721444e-05 9.395944442820693e-06 3.0803259568999964e-05 0.00031246461165005085 0.00046880631293038386 0.0034924692454011675 0.0231270264873749 0.0011346554933579355 0.003048137471764567 0.0002181003459952485 0.0002907586965308783 0.00012973353630088766 0.014754273185665679 0.0007808135934685125 0.0007452230922575421 0.00031590717529153116 0.00042571205845395453 0.0011616102439480872 0.00021341181073942028 0.0007770051106240235 0.00011521262671630463 2.3118240659062134e-05 0.021118444101844804 0.007138849986464459 0.009556161785886272 0.004177565566221352 0.0006884394412821267 0.0005227191252290517 0.03425347417551171 0.00034151840705086536 0.0007792324860351116 0.0016274770222342574 6.49225501998005e-06 0.0006095768991287368 0.0009559284363049077 0.0003791698624120334 1.8030956600770668e-05 8.513846149875835e-05 0.0 5.112565866050054e-05 1.5563014806534098e-05 0.0010152665007392247 0.000302853565828506 0.00010957268806558464 0.0004883363569454958 0.0001241650488020068 0.0 0.0002142203368727056 0.008687289152566544 3.2333753080144716e-05 0.0 0.0 4.35186819756625e-05 9.851973923506823e-06 2.2720856371259038e-05 9.819202199062107e-05 5.482361693049516e-05 7.465369891000395e-05 0.0002661202975018905 5.1150858775456465e-05 5.903432552997455e-05 0.00017153847801481281 0.0002670782301995996 0.0003156369045594703 1.998211963092822e-05 1.6852847887638346e-05 0.0 2.7049188137812307e-05 0.0 0.0 0.0 1.810200540999175e-05 0.0 0.0 0.0 0.0 4.4183361440922846e-05 0.0 7.956039234677015e-06 0.0 1.9698611659788303e-05 0.0 0.0 4.529580984216467e-05 4.245445848304106e-05 0.0 3.377746078774723e-05 0.0 0.0002797567166635457 4.884172266987311e-05 0.0005507961902401887 0.0004932121796293014 0.0002711461105086348 6.80017021843811e-05 0.0 0.0 9.198857773957745e-06 0.0 3.6979578248022354e-05 0.0 0.0 0.0 0.0 0.0 6.894540875942582e-06 0.00011958453613946884 2.1631909676024168e-05 4.631829154027305e-06 0.0 0.0 1.8318621555806013e-05 2.2548904707965697e-05 0.0 0.0 1.9343985318117137e-05 0.0 8.268627172408587e-05 0.0 1.1789715516235993e-05 0.0 0.0 1.082089174331708e-05 0.0 0.0 0.0 0.0004572136518065628 0.00018131496623049104 3.7576045336044896e-05 0.0 0.0 4.0506634952261886e-05 0.0 0.0 0.0 6.72970116100046e-06 0.0 0.0 6.789026385251658e-06 0.0 0.0 0.0 0.0 0.0 0.0 0.0 0.0 0.0004921617732388405 0.0002821923814533754 0.0003046122516004574
0.07774257061520622 0.1714780361734902 0.008444589665163316 0.0 0.004672962541949054 0.024375902019306707 0.044403975688704696 5.2753855205449976e-05 0.000559828980124712 0.21594767932498804 0.0004472459662607855 0.010984372378285059 0.03045401139285711 0.0031632263004954166 8.395307222065898e-06 1.7371240474113174e-05 0.0 0.0 0.0 0.0 0.0 0.0 0.0 0.0 0.0 0.0 0.0 0.0 1.0391888779346553e-05 0.0 0.007384027163149198 5.502058117145223e-05 0.00010815772698677547 8.784895078225753e-06 0.0 0.0 3.3939195842294084e-05 0.0 5.6543129111504735e-05 1.317420317628828e-05 0.0 9.721994441785793e-06 0.0 0.0 0.0 0.0 0.0008077075257704523 0.00014220559095131808 0.0 7.5887109977698046e-06 8.178358294943804e-06 0.0 0.0 0.0 4.1722167093772234e-05 0.00011650781768776301 0.0012278033103314049 0.0046499027021835535 0.0002851520955554226 0.0006713718064328862 0.0 3.942019524664534e-05 0.0 0.000362120600652524 0.0001511972083310908 0.00016166890786228677 1.4743773449031055e-05 2.9342335715376967e-05 1.440107325486497e-05 0.0 0.00012980103748329037 2.7619595333085283e-05 0.0 0.004722978740562198 0.0006008682504808275 0.000904359423069168 0.00011398693083264354 1.2072919643573112e-05 1.1116542893249798e-05 4.3873599918345874e-05 0.0 5.920915257958485e-05 0.0003555683442723579 6.428556337036189e-06 7.639858316152814e-05 0.0001416495879556635 2.08021105811096e-05 0.0 2.8072765009187927e-05 8.221361653377996e-06 1.9990870443746914e-05 0.0 0.0 0.0 0.0 0.0005383656976378459 0.00010383897353438665 1.0311028486449383e-05 9.75735379131958e-05 0.020840536863209972 4.9503814454395334e-05 0.00023044647964903813 0.0022274921639033793 0.0028202424130468664 2.045036852960309e-05 0.005712218875433894 0.0018201813291133348 0.00038734183609168507 0.005051465469439907 0.00430953399556324 2.799456863622481e-05 0.0005119477600255908 0.0018587109225585868 0.0006377317281197329 0.0006011966644513573 1.4059929008084653e-05 0.0 0.0 0.0 0.0 0.0 0.0 0.0 0.0 0.0 0.0 9.945079232954874e-06 0.0 0.0 0.0 0.0 0.0 0.0 0.0 5.552334027083544e-05 0.0 0.0 0.0 0.0 0.0002885617694964762 0.0 0.00014666638247766764 8.84212979033484e-05 5.092462591763458e-05 0.0 2.203342590565104e-05 7.093628128085866e-06 0.0 0.0 0.0 0.0 0.0 0.0 0.0 7.175775026975841e-06 0.0 6.378831797866756e-05 0.0 7.844460110720701e-06 0.0 0.0 1.454491880990896e-05 1.6361936470602356e-05 0.0 0.0 2.3512535311712964e-05 0.0 8.859828858795004e-05 0.0 7.376790518636885e-06 0.0 0.0 0.0 0.0 0.0 0.0 0.00028752724256189964 4.104279683629562e-05 0.0 1.075312901038817e-05 0.0 1.036468084673404e-05 0.0 0.0 6.710057213957143e-05 3.897036061799723e-05 1.7791653451014103e-05 0.0 0.0 6.620846614440677e-06 0.0 0.0 0.0 7.2795465894792824e-06 0.0 0.0 0.0 0.0010880995653568973 3.23696767666756e-05 0.00013681918491196193
0.005606983367890005 0.04750352719583612 0.02649554029334823 0.004672962541949054 0.0 0.0005647899324963875 0.13998323235534288 0.00165918965848051 0.3737405538480923 0.05830774101848346 0.025245452757981048 0.003260530385717559 0.06628341351391707 0.30864325807500936 0.0004731579343800707 0.0003407852436410123 1.3848055274152167e-05 0.0 7.808228684953648e-06 0.0 1.4650246319798163e-05 0.0 0.0 1.9346473943549578e-05 6.90202789887821e-06 0.0 0.0 6.83186502250338e-06 0.0 0.0 0.00974817260935278 0.0010521117360636624 0.0003209430936089257 1.3988751093071904e-05 0.0 0.0 0.0004504917053404195 0.00014366256038358087 0.0005047837058011324 4.498761150134971e-05 9.77294559727414e-06 1.4988362701869636e-05 7.263851888434721e-06 6.988746088826957e-05 5.2220871995045515e-06 2.011827114857753e-05 0.006939092756510042 0.000402628333004015 9.213092132681237e-05 1.6599196743802e-05 0.0001129123866675556 0.0 0.0 0.0 8.999550708074338e-05 0.00024303205390573316 0.0011498992832430126 0.0033822510378375935 0.0006471928111646179 0.0017689978421879782 0.0 0.0001452790889926086 6.21514668937527e-06 0.002958859945363874 0.000438209548058324 0.0003311697325398453 0.00020955645915361404 0.00011182789245266176 0.00010445724280648616 0.0 0.001065232261837594 5.148721664760698e-05 0.0 0.008831277702013382 0.003653920141996003 0.006311381976474789 0.004272622454954444 0.0010029566530472696 0.00013740957623690946 0.00013369945864989813 0.00014612703969404272 0.0002098644371241984 0.0007774540910397835 0.0 0.00031783607313753124 0.0006843858249371086 0.00011428634942313478 1.5012193293751044e-05 6.516229075107538e-05 0.0 2.1995669695965175e-05 0.0 2.012653781467748e-05 0.0 1.5467489319982797e-05 0.00046177981758800207 0.0005033401911957268 0.0 0.00043338969607414814 0.0013975110565341029 0.0 0.00015928733339075048 4.27530757272392e-05 1.9338360312331993e-05 0.0 0.00017589458310830763 5.0486823169683e-05 9.850463274446243e-05 0.00010539073332927487 0.00045128771655927056 0.00010261109509505776 0.0001051564135517785 0.00036074493503607203 0.0006396443374893449 0.0005978137927613554 1.2460112364701386e-05 9.027965668540823e-06 0.0 0.0 0.0 0.0 0.0 0.0 0.0 0.0 0.0 0.0 7.796385231934081e-05 0.0 0.0 0.0 7.244067538842967e-06 0.0 0.0 7.262271010275398e-05 0.0 0.0 2.6064271216664205e-05 6.466859020374703e-06 0.0004097817343311896 0.00012624694201954467 0.0007356159268441235 0.0005448986488067245 0.00044286853533906574 0.0 0.0 0.0 0.0 0.0 0.0 0.0 1.5256287826551739e-05 0.0 0.0 0.0 0.0 0.0001625953059138911 0.0 0.0 0.0 0.0 2.06219428923501e-05 1.0708863531542352e-05 3.617250232893137e-05 0.0 6.25251602687852e-05 7.353622150428247e-05 8.797076654861769e-05 0.0 0.0 0.0 0.0 0.0 0.0 0.0 0.0 0.0006022635596547796 0.00016626914032152068 0.0 0.0 1.2450508451974831e-05 1.120172155228198e-05 0.0 0.0 0.0 3.803911108237678e-05 0.0 2.058979833267783e-05 1.1683720217769217e-05 0.0 0.0 5.597808982341454e-06 0.0 7.339036534912949e-06 0.0 0.0 0.0 0.001234768152649852 0.00023426287189273786 0.00044430477828335185
0.010102555678984076 0.024532523626951786 0.0008990738597829122 0.024375902019306707 0.0005647899324963875 0.0 0.0029629261378372796 4.146384977725006e-05 0.00011948214689932096 0.03354206412826925 0.0007214483302836757 0.007651219708179963 0.006145694512559033 0.0014288185910825571 9.860364464387918e-05 0.00019676642918110235 3.165519641175178e-05 0.0 0.0 0.0 0.0 0.0020800208424300694 0.0 0.0 2.631343649073066e-05 0.0 0.0 6.381024592959334e-05 2.760234635412641e-05 0.0 0.0029786336899165254 0.00010173116010320997 0.0023360159425378987 0.0 0.0 5.729637348037608e-05 0.0009994439671532195 0.00015935161249326632 0.0012007391871020551 4.240332702463677e-05 0.0 4.362668731774779e-05 0.0 1.3131030644747772e-05 0.0 1.6874010107661837e-05 0.0003880837892686905 3.493615466096739e-05 0.0 0.0 4.340116454178006e-05 0.005290808500643304 0.000805808752423677 0.00036178998631863115 3.687465975863692e-05 7.854281666874502e-05 0.008259294509837345 0.0011868499626620948 0.00022881985518969836 0.00018004637717351101 0.0 0.0002731165587164224 0.0 0.0002442567553409042 3.3830648478479986e-05 5.140388108504892e-05 5.696265671204989e-05 1.621652495134395e-05 7.353931002645378e-06 0.0 0.021181892451719322 0.022520130111073733 0.003067085061678465 0.001109126806944676 0.0002597152545571613 0.0002788973172834394 0.00019223420319762824 0.00011910079231983217 0.0 0.00017529676096596304 1.1185463126379847e-05 6.900196377406102e-05 3.5221476791076395e-05 0.00012951506036388484 2.806187560344953e-05 0.0003684926092093013 1.4280978713563564e-05 0.0006390731072446501 0.000520654784277785 0.0023680286484685045 0.0005191414111962979 0.0019148580157587242 0.0 5.4358081479407196e-05 0.0010303080767303891 0.03225214268927585 0.04374566398987418 0.005294687841977269 0.007162948146760147 0.017754367911516997 2.415640370244354e-05 0.000613280064480165 0.0001442129055405119 7.609100920303326e-05 1.0521679054303938e-05 0.0006609570954224104 0.0010404934140507672 0.0003503519994981301 0.0005806940175364679 0.003424201766145362 5.185486152759806e-05 0.0004303063926705769 0.0013408591875130771 0.0015544551097892978 0.0009274918447751662 0.0 9.960765586642218e-06 0.0 0.0 0.0 0.0 0.0 0.0 1.99966462584525e-05 0.0 1.0728299518092797e-05 0.0 0.00011718358689533503 5.930223006450884e-05 7.87555963691811e-05 1.1789942007861892e-05 3.649745938059117e-05 7.87299360365971e-05 3.6734532672989096e-05 5.649638725001706e-05 1.0125171795499393e-05 0.0 7.469066545969682e-05 0.0 0.0003647464716629057 6.60213901828122e-05 0.00027703209808672583 8.576567357289266e-05 0.00014820205635870292 0.0 0.0 0.0 0.0 0.0 6.685242579957627e-06 0.0 0.0 9.334744958628424e-06 0.0 8.439872649281141e-06 8.698197200179572e-06 0.00031886682261472054 1.0046419488545446e-05 6.592870168473466e-06 6.887459534567833e-06 0.0 5.972443271479768e-05 0.0 0.00011245916245538576 1.0021681260689018e-05 2.913792173634653e-05 0.0 0.0 0.0 0.0 0.0 8.659028617652135e-06 7.776506501556701e-06 7.60963058794344e-06 2.3067312876174006e-05 2.832399541943054e-05 0.0007538458599554312 0.000178600107940223 2.5897834930531196e-05 8.469580893626208e-06 1.5910149673345785e-05 0.0 0.0 0.0 0.0 1.827955814997954e-05 0.0 0.0 0.0 8.60107569892786e-06 0.0 4.747940392112501e-05 9.111193828436001e-06 5.1184667798158355e-05 4.0569009187860214e-05 0.0 8.720593159600142e-06 0.0032413266393396764 0.00017388842268037204 0.0002076306587336329
0.005525663960328919 0.10361355292061095 0.004786767334560144 0.044403975688704696 0.13998323235534288 0.0029629261378372796 0.0 0.00012161078364781798 0.09805648369543173 0.20047044503474096 0.010433123786325627 0.02310239805898587 0.21004052032085144 0.30458437665056304 0.0007665767527974751 0.0005923627631518754 1.793667041852126e-05 2.2336403809260767e-05 7.968982090291464e-06 1.4533407804302932e-05 9.327281308293014e-06 3.490644196469847e-05 2.4231728584523055e-05 0.0 0.0 0.0 0.0 1.2021096467500541e-05 1.251521939110421e-05 0.0 0.006047742179922562 0.0005711875557535293 0.0006799306795631824 0.0 2.6063050833038683e-05 2.2828703113557156e-05 0.0010647729290294114 0.00013879524977817743 0.0009786783974065846 5.676272359437501e-05 7.849663296721012e-06 9.517796937552586e-06 9.632330469474197e-06 4.397446938298925e-05 6.224369962612605e-06 4.625659288411904e-05 0.008418617636695852 0.000514329024531929 0.00014872770669403508 6.101639882391681e-06 3.5940275512135226e-05 2.791548633041545e-05 7.259995576346344e-05 1.4190502821639726e-05 0.00012827655406934385 0.00033869283497933944 0.0014237491483873417 0.0036988642904777808 0.000709569058197791 0.002023290298454267 3.896265044237859e-05 0.0005374986270364546 4.527600712838703e-06 0.0030266936180298742 0.0004932326278720374 0.0004889375030054852 0.00017868855987626631 0.00011082546221957613 0.00013010051339230118 9.195942876816609e-06 0.002892360908827629 0.00023477213636584769 0.0 0.009270024749480616 0.003618610989573105 0.006406476660093655 0.004004951578530467 0.0009099831105283628 9.317718019371597e-05 0.0001136122252014255 0.00013641166081109879 0.0003988417207919324 0.0010234410693339912 7.468004316938946e-06 0.0004128936224248241 0.000577383940366327 0.00012802022342383996 6.004117707993421e-06 0.00012089898390754262 0.0 1.3209312717245008e-05 1.428310895912604e-05 6.807263969550594e-05 1.4947471224812044e-05 2.063759029170375e-05 0.0018352858308221648 0.0009421972259458911 7.247826520746162e-05 0.0015060221260390092 0.0037173692990599655 0.00015664479493396284 9.569072638289634e-05 0.0004086789822200942 0.00020155981058255344 0.00018917571593058083 0.0018467890038246662 0.0005453047238063744 0.0002598261408504684 0.0008640742624246231 0.00260019160798192 0.0002751402313433145 0.0004667111958295385 0.001215046895166417 0.0016738521453649353 0.0016257969029014395 0.0 1.4042499726209834e-05 0.0 2.4384426790143817e-05 0.0 0.0 0.0 0.0 3.5340121674673975e-05 0.0 1.6581695674655092e-05 0.0 0.0005191125777549895 0.0 0.0 2.1067160319474733e-05 2.5004629866665928e-05 3.8560214890476585e-05 1.960331433433435e-05 0.0001656846622644276 6.141166789140043e-05 0.0 7.448488640951571e-05 1.9404587131532472e-05 0.0011623362770454037 0.00013285128980419528 0.0017308774540013337 0.001391858498348738 0.001356038187159131 0.0 0.0 0.0 1.2678774169524971e-05 5.08577051548039e-05 4.491196441128151e-05 0.0 0.0 4.8072650598732165e-05 0.0 0.0 0.0 0.0003099603349228177 1.8302857293451284e-05 5.272911475163162e-06 7.035504923274312e-06 2.3477876528046108e-05 4.073672373262881e-05 1.6598765463678983e-05 1.8011935199628795e-05 0.0 3.425737372691049e-05 3.800252127673976e-05 0.00031707941636902845 2.7649550102713567e-05 0.0 0.0 0.0 0.0 0.0 0.0 0.0 0.0017995248982798958 0.00041881850034020194 0.0 0.0 8.241964043977285e-06 1.0132359426556076e-05 0.0 0.0 7.190939281293611e-05 9.100096239608546e-05 4.2234995331924386e-05 5.4444582359822985e-05 8.74685060647057e-06 0.0 5.79236083706201e-06 1.0293540216583541e-05 0.0 2.1485791413854486e-05 0.0 0.0 0.0 0.0032983378270301116 0.0008110699998583518 0.0012969091436102942
0.00435182067828756 0.009634698589675366 0.09464450040012828 5.2753855205449976e-05 0.00165918965848051 4.146384977725006e-05 0.00012161078364781798 0.0 0.001364266612346189 0.0001673622378792557 0.16779477231234347 0.0015934502025137564 0.0032092558369158013 0.035803923591690275 0.002332911445194346 0.0023262779718108847 8.728835395767965e-05 0.0003244779539791847 3.2988654451157855e-05 0.001294195314270926 0.0042955014781632835 0.00015022763774794596 0.003771371255568835 0.003640403567511423 0.0003949562602886346 0.0005622791231273942 0.00019389402565312132 0.00030640944484424434 9.908116300450128e-05 1.6953166426705223e-05 0.1228262851728915 0.14258733114921643 0.007826942751984417 0.0010394343820578458 0.003457862310508946 0.0009403885578683796 0.0025493340007694413 0.003489826121516393 0.0007614266381813907 0.00046948408828614103 0.004145226574896309 0.0004960954686675874 0.0006812614992812167 0.0015954917874562609 0.0001175913475046527 0.0011476425688190146 0.016887739627124528 0.0008469978027493296 0.0006922331888151608 0.0011007892806857752 0.0013968524461540311 3.4888031033614604e-05 0.00010261599499374575 0.00013357065781501647 0.00014609835149674986 0.00028850344317263895 0.001778074119021164 0.009669638524019685 0.00061917541000219 0.0024682163466063943 0.005581839717240768 0.003963701294774704 0.002276506125942125 0.0407042705260844 0.0005389794259476179 0.0012020570979103936 0.00025880861191764375 0.0017537258824764914 0.010160165849099508 0.003128769739348076 0.0009599392031611097 0.0001424486203613376 2.7119551907250898e-05 0.010866460533443457 0.011004254518279615 0.013837459759384316 0.02595046346853218 0.0507896280131004 0.10377030967864727 0.12805683340058746 0.01749282237367905 0.053090422466047935 0.0010444608767654299 0.0 0.0005493802113402893 0.0005562501049745691 0.0019151657700201357 0.0 6.93946518386923e-05 7.056264800679813e-06 8.113021749215336e-05 0.00010777147918648446 0.011490873034741507 0.0022130226946294185 0.00048347231739114145 0.00023761060176533523 5.812432001847835e-05 0.0 0.00023151761475343749 0.001543733364616094 0.0 0.0 0.0 0.0 7.707204404658365e-05 0.0 0.0 0.0 1.4476473263159476e-05 2.3743708135537506e-05 1.2933064720924339e-05 1.7410316122730235e-05 5.3743029835270624e-05 0.00016214053521467373 0.00013688672337922692 6.399296067528582e-06 7.337947483041013e-06 0.0 0.0 0.0 0.0 0.0 0.0 0.0 0.0 0.00024752252139997985 1.1792623179000877e-05 8.034021358804819e-05 4.516916596438864e-05 5.887388821123012e-06 8.302177204440469e-05 4.059465059976782e-05 1.34564929897646e-05 0.0 8.047754987393222e-06 1.0618060979705983e-05 0.0 0.0 3.6985252224969866e-05 9.443606795213513e-05 6.05098422334891e-05 0.00018183475505158345 0.000300017441027983 0.00017502026143594487 0.00010332727497191153 8.386681730903593e-05 0.0 0.0 0.0 0.0 2.133004864881044e-05 0.0 0.0 0.0 0.0 8.040188664564004e-05 0.00010598807076841022 0.0001764873556560247 0.0 1.1640714633373098e-05 1.416440786998985e-05 0.0 2.9229072651224196e-05 0.0 0.0 0.0 0.0 0.0 0.0 0.0 0.0 0.0 7.801047175292261e-06 2.2066129738257032e-05 2.1675801193266545e-05 8.894096874845883e-06 0.00016374165627174522 0.0001346246251880673 3.032696047902238e-05 0.0 4.138585040191733e-05 8.232540434166677e-06 0.0 0.0 7.634829033427918e-06 1.6020876810375196e-05 0.0 0.0 7.956341409008367e-06 0.0 0.0 7.3654436777228475e-06 0.0 0.0 3.317949395787755e-05 2.080231536960672e-05 0.0 0.00021800048043943337 8.265264856920475e-05 0.00023954529323373623
0.0001883979464697074 0.029317030552269377 0.03222069070649316 0.000559828980124712 0.3737405538480923 0.00011948214689932096 0.09805648369543173 0.001364266612346189 0.0 0.011267714969357774 0.030654410908543334 0.0029245759808522944 0.044557608743798 0.11626076769077807 0.00011900028846943503 0.00012680816155697107 0.0 0.0 0.0 0.0 0.0 0.0 0.0 0.0 4.245780076487185e-05 0.0 0.0 0.0 0.0 0.0 0.0011007898928253048 0.0001501213013208141 0.00022788691336652427 0.0 0.0 0.0 0.00027754678722904756 9.298698677244504e-05 0.00023102816078497204 4.041777566518627e-05 0.0 5.7324702184817965e-06 0.0 6.628507039810283e-05 0.0 1.1784509547783281e-05 0.0013518667684571046 6.26445847955471e-05 0.0 6.45375533901115e-06 2.0886047153387487e-05 0.0 0.0 0.0 2.1647923802605008e-05 4.355949220510982e-05 0.0001158709082105013 0.00024986439806654097 0.0001055437415000937 0.0003194621694874042 6.252934062528084e-06 0.00011379308683381523 1.731904111047523e-05 0.00043325156233740435 7.605708999521607e-05 4.061564364668499e-05 7.538175540670993e-06 4.7395024938914475e-05 2.7700052726873986e-05 0.0 0.0006090075453699449 6.667856704340346e-05 0.0 0.0010055570640616406 0.0005988602564167561 0.0011232802580735794 0.0010200166823411017 0.000292476180860574 1.628692990107815e-05 1.8353660978962087e-05 4.3759340179741065e-05 4.954675938132899e-05 0.00012593279757793681 0.0 7.611352035598349e-05 9.214636783310226e-05 4.221862950335936e-05 0.0 6.955228945382522e-06 0.0 0.0 0.0 5.256454215212053e-05 0.0 0.0 0.0003207504410562179 2.7390024088865973e-05 0.0 0.00016369963845795342 0.00014917389853599258 0.0 0.0 0.0 0.0 6.348552371691667e-05 0.00011793406161108083 4.220665716714432e-05 3.130814557500277e-05 2.860564304289141e-05 0.00020110774887899913 2.7695874596340264e-05 8.428472162684704e-05 0.0003350103682913637 0.00026770936887057003 0.0002740565707511616 8.083999101143249e-05 0.0 0.0 0.0 0.0 0.0 0.0 0.0 0.0 0.0 0.0 0.0 2.1126350873029454e-05 0.0 2.9489120653143263e-05 0.0 1.7487421774349967e-05 0.0 0.0 4.652597657035267e-05 0.0 0.0 0.0 9.21180007308171e-06 0.000193581550126467 5.822629801216051e-05 0.0003652724063648738 0.00022567362495548089 0.00015767400460199037 0.0 0.0 0.0 0.0 0.0 0.0 1.1264025113589181e-05 0.0 1.3620724460610644e-05 0.0 0.0 0.0 1.0129344361128301e-05 0.0 0.0 0.0 0.0 0.0 0.0 0.0 0.0 0.0 0.0 2.749604776834731e-05 0.0 0.0 0.0 0.0 0.0 5.545811068257748e-06 0.0 0.0 0.00019567171613150012 0.00012523132797046622 0.0 0.0 0.0 0.0 0.0 0.0 0.0 4.0590860899590056e-05 0.0 0.0 0.0 0.0 0.0 0.0 0.0 0.0 0.0 0.0 0.0 0.0005026275778663679 0.000135507391603484 0.00019056899947918074
0.05072333702887795 0.18668198245197307 0.006279590634388538 0.21594767932498804 0.05830774101848346 0.03354206412826925 0.20047044503474096 0.0001673622378792557 0.011267714969357774 0.0 0.01580623279448295 0.19886408395311236 0.34738592739550456 0.06928078637581946 0.0003745111177611415 0.00021104327038793741 0.0 7.493906166391807e-06 0.0 1.0232824879110014e-05 8.465676556409296e-06 5.173797960584529e-05 0.0 0.0 2.993026178749226e-05 0.0 0.0 3.65943866666649e-05 0.0 0.0 0.006265680830930579 0.0009603486783175998 0.004763195965961765 1.393116879700819e-05 8.458285806326931e-06 0.00010304892622402389 0.004057111928290237 0.00116759979273528 0.002920385141745451 0.00026859376413362554 2.8643930700986934e-05 4.035084432903645e-05 0.0 2.828187242893779e-05 0.0 1.5169841482203111e-05 0.00434615953568003 0.00028729228671578314 8.252274143124629e-06 6.778888241663038e-06 2.6958180797478817e-05 3.937315510625968e-05 0.00013123104884716675 1.0949642494055364e-05 0.0001590478020798966 0.00014739365487928543 0.002524015099581337 0.004223309361474296 0.00040114891474573596 0.0012109361962537877 2.2295040428275012e-05 0.0017359778673395503 0.0 0.0017738365675468272 0.00036628735485133665 0.00022884124223187635 0.00012253556620755505 6.079748103347183e-05 0.00011455134239947078 8.725279365943306e-06 0.022280353101881464 0.0007245762007839336 0.0 0.006272393184057315 0.001961119149048681 0.0033283445383669456 0.0014518593059396861 0.00020429344708762298 3.720193904507526e-05 0.0004859808351323327 6.05031765905039e-05 0.0018860899520650135 0.0006951624350633559 0.0 0.00015741913474399995 0.00047419752871697004 7.240498264544852e-05 1.5534369459008343e-05 5.304581348454868e-05 9.948098750306496e-06 1.4045266040392456e-05 1.9376147128994327e-05 7.580769266461889e-05 6.671069045643743e-05 0.0 0.0174752552084882 0.006929452724768797 7.398801831836771e-05 0.0039225670982722845 0.026191358826594253 0.0005286895246222916 0.0017970310524102447 0.0014777010649938862 0.00271467586767983 0.0004118988355884994 0.004638353288160999 0.004152589666845257 0.0011510297188078366 0.006837762635167626 0.01738434531186395 0.000702762096680817 0.0031768778756753303 0.007761770566276098 0.008791691482005313 0.006245901044560772 4.003169147309678e-05 6.750018350228075e-05 0.0 2.661590854449287e-05 7.3896064944215975e-06 0.0 0.0 5.4241355931479675e-05 8.202360063297261e-05 2.9222194428875136e-05 4.071627159445948e-05 1.926277109727385e-05 0.0006325359417733564 0.0 0.0 0.0 0.00011598379842603154 5.9081397946808124e-06 0.0 0.0007447360868471944 0.0002260397088796719 0.0 0.0001233226669008192 0.00012160469174651898 0.0038290615619830494 0.0004080455457999263 0.00437908753934661 0.003500182191229419 0.00268648321625678 1.204767278341676e-05 2.8240603094843377e-05 3.463245387622243e-05 0.0 0.0 0.0 9.583407165299767e-06 2.59503837701914e-05 4.897188634994345e-05 0.0 1.2357140479019595e-05 0.0 0.0007461977129918049 2.878139052775781e-05 6.863968958370513e-06 2.282083322517038e-05 0.0 7.505229356460387e-05 0.0002056553545899054 0.0004860621294878053 0.0 0.0 6.374097622044103e-05 0.0008561980957122382 8.79402040913838e-06 0.0 6.9471698502321004e-06 0.0 0.0 0.0 0.0 0.0 0.007905649263667191 0.0013998685143776497 8.986272845190133e-06 4.492926403087419e-05 2.3657265130131764e-05 0.00014720191997938132 7.093806205039887e-06 0.0 0.00011757332444743437 0.0003198064684787231 0.00015998512459613963 0.0 7.774861515693929e-05 5.2424270378947555e-05 0.0 3.5024920457642136e-05 2.769100808708115e-05 2.4258593162508593e-05 1.8522448437378668e-05 0.0 0.0 0.018832023709825917 0.00175158591057338 0.003080040451128029
0.009051865802811719 0.10411533502694097 0.19380733963054836 0.0004472459662607855 0.025245452757981048 0.0007214483302836757 0.010433123786325627 0.16779477231234347 0.030654410908543334 0.01580623279448295 0.0 0.04145958881533416 0.11427695595006612 0.24833083829618313 0.0025157755390197486 0.0020882570623792984 3.9844412392476545e-05 6.052480793200314e-05 2.6387737986815036e-05 0.00019302801460960656 0.0009042359177977073 6.764970804268656e-05 0.0009764216960601126 0.000930119237787014 0.00038834534480332344 0.00023329112097988724 3.0109015433938733e-05 5.8149425530052454e-05 0.00017473314573701457 2.9628809780782307e-05 0.08015562347444206 0.019944450653629514 0.05663396215735001 0.0002705020122873354 0.0004564924924528823 0.0005019731534076972 0.012687635275418118 0.006218710336998127 0.003292631772858287 0.0014276428190729557 0.0016186490826173017 0.0002504461476508041 0.0001027307644776315 0.0003525107256869519 2.2355466390698253e-05 0.00013120543414680224 0.01215698819535951 0.0005555149735361289 0.00019842071121736353 0.00033893447872806044 0.0006141706807503112 0.00015161663965878274 8.608498224616702e-05 9.651478806094853e-05 0.00016394263058311059 0.0002709198261754433 0.0014500220270170585 0.005868164075576817 0.0008508600770767235 0.002169279453162811 0.000279574053671468 0.0013991438279872986 0.00020297764816066058 0.004889165614339375 0.0004224447498032646 0.0006102130272933627 0.00021928755722318367 0.0008245373165879779 0.0030881336683270485 0.0007291229038672792 0.007599565056345804 0.00043701728055787554 3.865052105280362e-05 0.008915446622979486 0.004907899496883206 0.009401802830140388 0.00783512891951029 0.0037656743528829764 0.0028297660264229303 0.07589326516754642 0.0005965177848618706 0.0021176119469550293 0.0009231098990461714 0.0 0.00045049082886791154 0.00058376717055366 0.0006637711542623684 5.592118310679514e-06 7.81333203656161e-05 0.0 7.3002181518454e-05 0.00011821175703914338 0.004019529963564941 0.0011122079428178223 0.00042760451619025704 0.003844468565796128 0.000664175595405965 0.0 0.0012452689304781682 0.0018511559443443225 0.00022167443671847838 4.5228438322044115e-05 8.675226942582283e-06 0.0 5.0426899718164386e-05 0.00034991254564292046 9.889286387682882e-05 0.00016146959634447952 0.0004292713671205292 0.0012893271082723382 0.0002363107234745527 0.0008730439796779936 0.0010485396754177081 0.0018834949384518203 0.0019366416392087081 5.89476565894334e-05 2.1137031594837353e-05 0.0 0.0 0.0 0.0 0.0 3.4267548042380394e-05 0.0 9.235541069995627e-06 0.00014161057685994232 0.0 0.0003015334168154511 0.0 4.188290324790513e-05 5.0776404677936e-05 7.025524934280484e-05 6.511305191679803e-05 7.354417931816529e-06 0.00019969378002271813 9.154753176510078e-05 0.0 3.505307609354434e-05 2.632408827503353e-05 0.0016366519754031001 0.00037510656814105465 0.0021254876573452187 0.002264898274854126 0.0016827809460991771 3.8793198534327324e-05 1.1520057480195072e-05 0.0 0.0 0.0 1.8198203693534954e-05 2.388828770152635e-05 1.0822009176203562e-05 4.427598093418071e-05 7.4312509031004155e-06 1.2917792952645577e-05 8.119383214503449e-05 0.0006285406094588988 0.00024082634322557394 8.084638620004378e-06 7.657596728490012e-06 8.077285711274744e-06 2.739060283896654e-05 6.08435946172061e-05 2.1265544724140117e-05 7.815749097318152e-06 0.00011857394441698426 6.594883551034868e-05 0.0003732661906794271 0.0 1.530539644205645e-05 0.0 6.0160182569363685e-06 8.171995382780435e-06 7.741522727448758e-06 0.0 9.579300265547653e-06 0.0024711021988398367 0.0007093432655239398 3.8401019658486455e-05 0.0 3.4791069801621514e-05 7.265777401149123e-05 0.0 6.441043426946444e-05 0.00011698923203824487 0.00010213282547228588 4.085016543022609e-05 6.124169844720154e-05 6.945281121538514e-06 6.013128401866893e-06 0.0 0.0 6.49433072947536e-06 1.312006666928488e-05 2.254521962799842e-05 1.5206828065553316e-05 0.0 0.003099882806505103 0.0015349904422759316 0.002243564084803154
