0.0 0.12422303938812582 0.05105134387644926 0.0326988863039687 0.0014183706043565938 0.007607707826795062 0.0028048617675602416 0.012568449108884083 0.00029033431636331993 0.014067897705649786 0.006515386987075115 0.002504232124810408 0.002522580986097141 0.004070962743225626 5.722872876208134e-05 0.00023071941158351155 1.4857755259506325e-05 1.4322278279774933e-05 0.0 0.0 1.8706655158879713e-05 0.0 0.0 2.2939851485805833e-05 0.0 0.0 0.0 0.0 0.0 5.7763607314993355e-06 0.02307256968943452 0.001561026643006689 0.0004779738061467145 6.699015302962116e-06 0.0 1.0817656724561073e-05 0.00017550780228037645 4.267050563408509e-05 4.215650969428087e-05 0.0 0.0 0.0 4.592264022258018e-05 3.628402925181736e-05 0.0 1.4146355996235818e-05 0.0009022427003488578 0.00041342510228834417 1.2584296302844067e-05 8.171565342848472e-06 4.8821153711881255e-05 6.46854091701178e-06 0.0 5.52467791665386e-06 0.0004412494107626266 0.00022663948346202055 0.014918886079748592 0.05201671199872674 0.0012322157922570276 0.0011616550680977672 4.738649356517524e-05 1.5116306554907854e-05 7.331068541129538e-06 0.0008534533443323167 0.0005793228245213211 0.0003129995233820193 0.00018783101575488962 0.0002735338163189756 3.871304320496963e-05 0.0 0.0009612946724683408 9.829712925693587e-05 0.0 0.015181300842004787 0.0012207333639033362 0.0011854639513623508 0.0001582123794409428 0.0001635929307425498 3.3316918618124044e-05 0.0007180783419915818 1.67347632889406e-05 7.531736660395944e-05 0.0005524330160238839 0.0 0.00017110679106119834 0.00018934738472454698 9.675908923036809e-05 0.0 7.448639902727459e-05 1.0421896445728361e-05 2.7588135605681192e-05 0.0 0.00010035193896455205 1.2462458933293256e-05 2.789785974146308e-05 0.005511669790763412 0.0008217048770721902 5.386029871269213e-05 4.74225293993106e-05 0.08826032694829773 4.730226233010971e-05 0.003170245222553907 0.0002951089070521932 0.0022639625169051042 0.00012673321843747231 0.00011967746119638265 0.0025831463152904185 0.0 0.0004729534870151843 0.00450142182981328 6.606986784326205e-05 0.00011550106423939014 0.0013790968316748813 0.0004577161411620554 0.00024111652778777089 0.0 0.0 0.0 0.0 0.0 0.0 0.0 0.0 0.0 0.0 0.0 0.0 3.8695517558566664e-05 0.0 0.0 0.0 0.0 0.0 0.0 8.476957648794455e-05 0.00018692233528573408 0.0 0.0 0.0 0.00013016094949371923 0.0 0.0003061990187415012 9.520180225688465e-06 0.0 0.0 0.0 3.054931112224038e-05 0.0 0.0 0.0 0.0 0.0 7.799022605814233e-05 0.0 0.0 0.0 0.0 0.0 0.0 0.0 0.0 4.0773898999638124e-05 0.0 0.0005246381829840496 3.5180042233267175e-05 0.0 0.0005167147149622499 0.0 0.0 0.0 0.0 0.0 0.0 0.0 0.0 0.0 0.0005812155725442274 5.7743257762862696e-05 0.0 0.0 0.0 5.650912127184459e-05 0.0 0.0 1.0946952387384078e-05 0.0 0.0 0.0 0.0 0.0 0.0 0.0 1.1404870008367286e-05 0.0 2.1439834110950688e-05 6.042380454412162e-06 0.0 0.000856593923750261 0.00012671210273686504 4.280949773688748e-05
0.12422303938812582 0.0 0.10993207547902578 0.12990151894717214 0.14018840888720185 0.002642675975917962 0.23429660952605347 0.07127217399289043 0.1474662690408984 0.16753137416608252 0.09562757120393149 0.05069885754449152 0.10343086423673362 0.12289744982894427 0.004328286219820796 0.002161761198380488 8.457278729936828e-05 3.577637785240726e-05 0.0 1.2527862272230323e-05 7.472518703627796e-05 1.0663654800214499e-05 0.0 1.5847920078216916e-05 2.196192376081923e-05 7.763563004514604e-05 0.0 0.0 7.77773056944645e-06 7.516297603154306e-06 0.12008844016038726 0.004193932731554032 0.004602217304900096 0.0 0.0 0.00012979120786037461 0.0017767234117134088 0.00017729797102831058 7.252548912554585e-05 2.8703163877740513e-05 0.0 1.3377473808603799e-05 6.712817528574084e-05 0.00024330038132236814 3.2393565290874704e-05 0.0001487626772744252 0.017195684806325325 0.0019685722382778836 0.00022928288166968995 5.456417381013624e-05 0.00023166013651672944 2.703458725077082e-05 7.817403075286032e-06 1.903435287443318e-05 0.0014042195288452054 0.0010349993983780922 0.008276454792112177 0.06186952770558842 0.0011655388459944581 0.011862139981038463 0.00016018706278704447 0.00019917962857511563 5.4522654339219057e-05 0.009509059986426425 0.0019000240868511937 0.0012049117558568295 0.0005724008235283982 0.0010223066935859402 0.00020515772197702856 0.0001071856362784235 0.0030497407071172714 0.00010379599323973157 6.771782686747664e-06 0.04778248118488717 0.012223500620935272 0.023518903766679908 0.003089662061225026 0.0017649812549724439 8.741924677619851e-05 0.001571771980280833 7.610804753991468e-05 0.0003362680870207134 0.002300673808211312 0.0 0.0006877258149907984 0.0006653469073208926 0.0005836785448124977 6.628273753574436e-06 0.00035146243279059126 6.5034731325081825e-06 0.0001407254508984923 4.027346875230507e-05 0.00017558621240849786 0.000103520451385752 7.213104275081361e-05 0.0021384369622992495 0.00018608946551236855 0.0 0.00019831782554909417 0.040667553121882104 3.997974252638048e-05 0.0007165913101240091 0.00016411711209937037 0.0006976371282017424 0.0002226560110015202 0.0001532536546945806 0.001075028903565481 2.7564037905216108e-05 0.00019989392420392344 0.0018916829488323198 0.00011344679519343043 0.00021755496252124848 0.0007630790547743559 0.0005654627379778736 0.00023328024259817716 0.0 0.0 0.0 0.0 0.0 0.0 0.0 0.0 0.0 0.0 0.0 0.0 0.0 0.0 0.0 0.0 1.540062212639592e-05 0.0 0.0 0.0 0.00011128477942397693 0.0 1.0155209889882172e-05 0.0 0.0004939519942679969 0.00015169261602577904 0.0003485987810838248 0.00012801961517272718 4.5751314323188906e-05 0.0 0.0 0.0 0.0 0.0 7.953797265892863e-06 0.0 0.0 2.2273606338308916e-05 0.0 0.0 0.0 2.4231527146212514e-05 1.691256598054637e-05 0.0 0.0 0.0 2.262994645385585e-05 1.4450487552165465e-05 0.00016962031911033618 0.0 0.0 0.0002500096752773465 1.8466470651727185e-05 0.0 0.0 0.0 5.8117287192774205e-06 0.0 5.723405785171675e-06 0.0 0.0 0.0012301403385976345 5.633869529288618e-05 1.3810983621405183e-05 0.0 6.257955988736559e-06 2.3778047308535095e-05 0.0 0.0 6.566049525445827e-06 0.0 2.0956299160348028e-05 0.0 0.0 0.0 0.0 0.0 0.0 3.29030955782156e-05 1.212483219697285e-05 0.0 0.0 0.0008797550867497266 0.00040776739474846765 0.0007241422835464102
0.05105134387644926 0.10993207547902578 0.0 0.019789638803715457 0.03956399475681734 0.0005923732806218156 0.00784734678049391 0.2793987313867562 0.045494043788872264 0.01594861122283224 0.12063182551876515 0.022601429637860132 0.058598617316021014 0.11739459350825569 0.0011329186770902603 0.0010595957135415726 8.345115251683386e-05 3.5622006028333207e-05 0.0 6.998785589091248e-05 0.0003250286012073479 3.1342076164468374e-05 8.898013951195683e-06 0.0 2.3015436694775612e-05 2.2667620487743165e-05 0.0 0.0 0.0 5.943621280872078e-06 0.3049359439378016 0.03524018365939962 0.005183666408316789 0.0 2.5715366221754213e-05 2.875190855443038e-05 0.0015931080752531461 5.313936009014842e-05 0.00021496481821996042 5.592607569387191e-05 7.240956103081945e-05 1.142062672333379e-05 0.00022139084803075827 0.00013704325720561235 8.038085252697403e-06 6.474555638594104e-05 0.0016720601895760373 0.0001613348636682461 3.4513878159683134e-05 0.00015405252358902384 8.193555780304442e-05 2.3408602608396444e-05 7.925372042643499e-05 8.378062727121511e-05 6.0837607822263814e-05 5.739344105703015e-05 0.0011183480891771274 0.013697357933076023 0.00010717549798561899 0.0008814474712379223 0.0002808244644474193 0.00017182598710132734 6.606116861241097e-05 0.03158251152241471 8.76520677452145e-05 8.661257147736963e-05 5.4520655360554826e-05 0.0001722977313714387 0.0004636503077045509 0.0006753564106678509 0.002240153986818753 6.728960662077814e-05 0.0 0.0036245935016906753 0.001619820245740363 0.002337171645586153 0.0009396620861429627 0.0008089110036911501 0.0005467087523753717 0.008390146933687451 0.00013211032916490183 0.002036851422944928 0.00010918367195170382 0.0 3.383469766938762e-05 4.4191466427482674e-05 0.0001809851203641147 0.0 1.326527410044554e-05 0.0 1.0219322126756765e-05 0.0 0.0008832886851348246 0.00012888103715135812 6.359144542075827e-05 0.0004689656036271118 2.27637974571583e-05 0.0 0.00021026867110219769 0.01334149145284821 0.0 5.7110557960240125e-05 2.0030404672642126e-05 1.9383173384561317e-05 7.398344788796324e-05 0.00010536475774571779 0.0 0.0 1.9668375195259463e-05 0.00016009917613193234 4.951746309311862e-05 0.00010452275854305094 0.00012245452343064294 9.035937753182414e-05 0.00019294316072027362 0.0 0.0 0.0 0.0 0.0 0.0 0.0 1.0039765705073201e-05 0.0 0.0 0.0 0.0 4.4175233403278045e-05 0.0 0.0 0.0 0.0 0.0 0.0 0.0 0.00016330648140701733 0.0 0.0 0.0 0.00017144784519718543 4.953236549172825e-05 0.00027916576211632534 0.00015132065752762947 7.6264750238983795e-06 0.0 0.0 0.0 0.0 0.0 0.0 0.0 0.0 0.0 0.0 0.0 7.192607472456452e-06 1.5402397645087803e-05 0.0 0.0 0.0 0.0 0.0 0.0 0.0 0.0 3.669685406917358e-05 0.0002658126935823436 0.0 0.0 0.0 0.0 0.0 0.0 0.0 0.0 0.0 0.00041487294251972334 0.0 0.0 0.0 0.0 0.0 0.0 0.0 0.0 0.0 0.0 0.0 0.0 0.0 0.0 2.5962005225795192e-05 0.0 0.0 7.5317751198333615e-06 0.0 0.0 0.0005409720155053642 0.0003818325918472886 0.0004999986528914489
0.0326988863039687 0.12990151894717214 0.019789638803715457 0.0 0.006906570724600163 0.015156720685378856 0.02577016595987189 0.000311338903652886 0.0015240838730114351 0.16003328928591387 0.006136367647843369 0.162110360829963 0.04315299662834128 0.0050140012533057875 0.000228775763331257 3.665341517336917e-05 8.264797302378566e-06 5.369158390000726e-06 0.0 7.631908496196612e-06 0.0 0.0 8.429136657328167e-06 6.862133482099098e-06 0.0 0.0 0.0 0.0 0.0 0.0 0.005900693080792508 7.916321204366541e-05 3.911767043631067e-05 0.0 1.4149933889353214e-05 9.069012007951786e-06 0.00014552625481024453 6.559686439394134e-05 0.0 2.245224257108139e-05 0.0 6.830345414286231e-06 2.0445851217655822e-05 3.4269625768952295e-05 0.0 7.190746319444103e-06 0.0024505956144194145 0.0005573209110529782 7.561301225477127e-06 1.3559262803163053e-05 4.795905577950172e-05 6.344596132438272e-06 0.0 0.0 0.0004373143054784093 0.00039289274723250264 0.004612279272696209 0.024964886718859543 0.0004548242357033653 0.002546221250824311 1.9077618981460787e-05 1.734225113150806e-05 0.0 0.0008927780775420999 0.0007583499744197607 0.00034613858103666275 0.00019188565996322788 0.00026937597667392736 2.6661931516970518e-05 1.3376692965480454e-05 0.0004924490987692348 2.6637987350227936e-05 0.0 0.01560547336111314 0.0025659115489123233 0.003313424067344576 0.00019535220667539767 0.00015051999740642365 0.0 0.00010376421986656543 2.120021408091653e-05 2.6004202170596806e-05 0.0007454347582200386 0.0 0.00016132458349609401 0.00017884545413888002 0.00011196019859142719 0.0 0.00010843241928642563 5.6744878129930435e-05 5.786631377466635e-05 0.0 1.4029384581593138e-05 0.0 0.0 0.009889858807850963 0.0005556542214213305 0.0 0.0 0.04693433560319077 2.517458700812105e-05 0.002759443025521618 0.000590377841847307 0.0034351473572858766 0.0 4.193126558913463e-05 0.003424079687869075 3.283528535749016e-05 0.0006590141530468532 0.006212130268829832 6.66274253031639e-05 0.0005718799084368423 0.0021230071697790026 0.00042187105468862574 6.811356789125507e-05 0.0 0.0 0.0 0.0 0.0 0.0 0.0 0.0 0.0 0.0 0.0 0.0 0.0 0.0 0.0 0.0 0.0 0.0 0.0 0.00012121097425834049 0.0 0.0 0.0 0.0 0.00010366930765019106 0.0 0.00021085969181963707 0.0 0.0 0.0 0.0 0.0 0.0 0.0 0.0 0.0 9.00130312961744e-06 0.0 0.0 0.0 0.0 0.0 0.0 0.0 0.0 0.0 2.2514999860187126e-05 0.0 0.0005801861395758176 0.0 0.0 5.505453569091461e-05 0.0 0.0 7.642740984380112e-06 0.0 0.0 0.0 0.0 0.0 0.0 0.001064208138669785 2.8315408634379914e-05 0.0 0.0 1.4182854458386498e-05 0.0 0.0 0.0 0.0 2.5100505720235034e-05 0.0 0.0 0.0 0.0 0.0 8.57561340242443e-06 1.0953418031935556e-05 0.0 0.0 8.278326511588935e-06 0.0 0.0014620884891764147 7.608322068094572e-05 0.00013038099220064278
0.0014183706043565938 0.14018840888720185 0.03956399475681734 0.006906570724600163 0.0 0.00040668119230612967 0.23472955071277907 0.026368074223411406 0.4110748356836666 0.04345389356620802 0.08781576775483417 0.010499309038905644 0.1624387472947553 0.228214133906212 0.0023705302296082374 0.0019222967137152928 2.5242465128248512e-05 0.0 0.0 0.0 0.0 0.0 0.0 0.0 8.537305978592814e-06 0.0 0.0 0.0 0.0 0.0 0.004806285496350663 0.0006587619239965197 0.0009779947016661597 0.0 2.1809657831632013e-05 0.0 0.0005077929068310504 4.8053638633105026e-05 2.8502956917024748e-05 1.8444708386664755e-05 0.0 1.7021828279498907e-05 1.4050483053993945e-05 0.00016194637328360392 6.179104007790031e-06 1.1983706330126075e-05 0.003888267098592022 0.00011797094653859685 6.531645658505366e-05 0.0 1.3566951143663015e-05 0.0 0.0 7.438512757585942e-06 9.759319588761692e-05 4.8189694846837575e-05 0.00035531857512394383 0.0028690397366298347 0.00012202652765734066 0.0011748667604491966 2.9567849081364547e-05 0.00010928681823735416 1.3276260629063492e-05 0.0018817912321995405 0.00014528495198980635 5.161889688789109e-05 4.6451848668710766e-05 0.00010220903473427317 4.119224191018914e-05 1.4771035055315653e-05 0.002285764998175311 0.00023967536095284502 0.0 0.003219620260064013 0.0014117232417502337 0.004587826015492261 0.0017672686262125547 0.0013527197224413542 1.7250175995372246e-05 0.00030619758069297165 3.0359523172752474e-05 0.00011131041600865072 9.26849928567723e-05 0.0 3.6178425413183126e-05 5.708561101053772e-05 2.8133770639983383e-05 1.3218158502692431e-05 5.237604818704261e-05 0.0 1.78923857679746e-05 0.0 6.551449633873598e-05 8.605111132198695e-06 1.4468179906801773e-05 0.0016769552490054692 0.00013211369170543815 0.0 0.0004102606217741736 0.0008008011893074642 6.583331848767789e-05 0.00021357101932534148 8.1770113816032e-05 8.913949839509635e-05 1.0131665012160475e-05 4.912722394775243e-05 0.00027371726124820523 3.0124485845643357e-05 0.00010749064545945997 0.0017800120964486747 0.0001219093996687038 0.00021541124817420174 0.0012904568691805166 0.0007869742320983751 0.0006006305978423079 0.0 0.0 0.0 0.0 0.0 0.0 0.0 0.0 0.0 0.0 0.0 0.0 3.102367053275385e-05 0.0 0.0 2.3365643568813842e-05 0.0 0.0 0.0 1.0267806353501538e-05 0.00038945062150302554 0.0 0.0 0.0 0.0006690378737178572 0.0001183419022537866 0.0007905982512050745 0.0002655027216644155 9.113497314615384e-05 0.0 0.0 0.0 0.0 0.0 0.0 0.0 3.0362214826659803e-05 2.2780368964949165e-05 0.0 0.0 0.0 2.4017258928733158e-05 2.6889571862954058e-05 0.0 0.0 0.0 0.0 7.381576170054792e-05 8.031100329733987e-05 0.0 0.0 0.0006301627465328517 0.0 0.0 0.0 0.0 0.0 0.0 0.0 0.0 0.0 0.0017168226778135015 3.970626146992373e-05 0.0 1.990727974801253e-05 2.8037431016030548e-05 9.535400332694158e-05 0.0 3.5870337957017325e-05 6.0207832761048075e-05 1.1377455878153813e-05 0.0 0.0 0.0 0.0 0.0 0.0 0.0 0.0 0.0 1.0754855858227168e-05 0.0 0.0013003034555129846 0.0005487691754380302 0.0011176226945296475
0.007607707826795062 0.002642675975917962 0.0005923732806218156 0.015156720685378856 0.00040668119230612967 0.0 0.00245614843917177 5.4934280782800656e-05 0.00028097117833371073 0.04263636768045803 0.0002946972826354594 0.00761064896641419 0.006059222990266907 0.0009247232767323518 0.0 4.796521384989624e-05 0.0 0.0 0.0 0.0 9.226064338270146e-06 2.734221258563326e-05 0.0 0.0 0.0 0.0 0.0 0.0 0.0 0.0 0.0011032158961889922 1.2783655534458372e-05 0.0005470821661502572 0.0 0.0 0.0 0.0011884127053420346 7.054755471553803e-05 0.00020945883037378312 1.8722439236291817e-05 0.0 0.0 0.0 0.0 0.0 0.0 1.130063631886057e-05 8.060301531671918e-06 0.0 7.907397145420837e-06 8.542590984288102e-06 0.0003699254243580324 4.027219133146539e-05 0.0 0.0 2.757285469324085e-05 0.007556730661850404 0.0008323742860933705 2.443673738077633e-05 1.455299943444757e-05 0.0 0.0 0.0 0.0 0.0 0.0 0.0 0.0 0.0 0.0 0.014620030575407268 0.005467624054694315 0.0007926563165370044 0.0001475806930979973 0.0 0.0 0.0 2.8756205471812552e-05 0.0 0.00010000063607255417 0.0 1.4032114745609072e-05 0.0 6.985500615043402e-05 0.0 6.098210535046211e-05 6.8800837531207245e-06 0.000207248397263563 0.00027287748296403913 0.0007282834599688041 0.00015933770004624112 0.00038714081255081554 0.0 0.0 0.0001266539975702222 0.025880754034679303 0.006911280083725449 0.0007894792665260672 0.0010185142297440284 0.02879306367310258 0.0 0.0017998672015867704 0.00021680085504081334 0.0012358316857308091 7.85461397444607e-05 0.0 0.0019766962978547734 0.0 0.0003089548071810241 0.005534476393219718 6.716504263419508e-05 0.0006196645828438614 0.0009353843229794194 0.000507041623256343 0.0 0.0 0.0 0.0 0.0 0.0 0.0 0.0 1.0880138362363048e-05 0.0 0.0 0.0 0.0 0.0 0.0 0.0 0.0 0.0 0.0 0.0 0.0 0.00011811708226654704 0.0 9.320892440459888e-06 0.0 2.603060895744285e-05 0.0 0.0001132729286402946 1.936174352254165e-05 0.0 0.0 0.0 0.0 0.0 0.0 0.0 0.0 0.0 0.0 0.0 0.0 0.0 7.94877423027854e-06 0.0 0.0 0.0 0.0 0.0 1.38576568596212e-05 0.0001678555528461525 0.0 0.0 3.301433608064219e-05 0.0 0.0 0.0 0.0 0.0 0.0 0.0 0.0 0.0 0.0004674871914366128 3.3248121829221364e-05 1.2977563052144039e-05 0.0 0.0 4.747201488887933e-05 0.0 0.0 0.0 0.0 0.0 0.0 0.0 0.0 1.4779018302173682e-05 0.0 0.0 0.0 0.0 1.8512264744700502e-05 0.0 0.0006935925011820512 3.302361803024203e-05 2.2671666075995432e-05
0.0028048617675602416 0.23429660952605347 0.00784734678049391 0.02577016595987189 0.23472955071277907 0.00245614843917177 0.0 0.0026212316351108805 0.09321397924044207 0.13204731280968132 0.007071170257390549 0.04348334608207449 0.21875100911582376 0.1863640425351003 0.0026495210514487937 0.002229503145750468 6.722359269393476e-05 2.6733404758421857e-05 0.0 7.184938893722748e-06 4.498161379574884e-05 2.2913465980861914e-05 0.0 2.8327656875766927e-05 0.0 9.603059046544915e-06 0.0 0.0 0.0 0.0 0.005896013289323244 0.0007644866058314453 0.0008572027219499449 0.0 6.435128330669756e-06 7.084173140839107e-06 0.0009766801327596058 5.794938210579413e-05 0.0001977989286912569 4.307442600224828e-05 7.235415005164374e-06 1.7440144334316287e-05 2.0943964777928584e-05 0.000247651276195593 1.326682615916507e-05 7.268265951974981e-05 0.00739617893823079 0.00032209745546811616 0.00012057023395040891 2.580154323072865e-05 5.26145316621607e-05 0.0 1.3304382129166765e-05 0.0 0.00022326832882244696 8.69336125179644e-05 0.0010103774248413236 0.007875701765865568 0.00022668993373115245 0.0034448019509651377 6.270776003894092e-05 5.20441817522317e-05 1.9409883691868673e-05 0.0022779881188819497 0.00040708574809108497 0.00021115899998446288 0.00014822698494211276 0.00020688641034998458 4.902583848614728e-05 5.3903129047438055e-05 0.0031342851585773796 0.00034204937653940337 0.0 0.009197492496396332 0.0029547788887096054 0.008295978223366007 0.0022628115090439363 0.001161944870346309 2.7018067934311366e-05 0.0005464387078393967 5.700427816785733e-05 0.0001557641813731574 0.0003991732863596695 7.583110614751424e-06 0.00013376694688301102 0.0001406762081239502 0.00010691169259395144 7.250093943801653e-06 3.7517330174820935e-05 0.0 2.5406505016432444e-05 7.497276649770824e-06 8.90515022902019e-05 9.282534345432719e-06 2.9669920630957377e-05 0.0056576585458975644 0.0002854865524143849 0.0 0.00013114244751114384 0.001876156350006409 0.0003743642332488149 0.0008212999721626977 0.007240331628227784 0.005729218093062718 0.0008923556996842481 0.0035837608266377653 0.0008111496160666363 0.0007208358410906666 0.011177504874874959 0.005685364497606718 0.0004270804118359498 0.004022248047668736 0.004233579888621337 0.002026381462336666 0.0008968683927519656 0.0 0.0 0.0 0.0 0.0 0.0 0.0 0.0 0.0 0.0 7.120565700191097e-06 0.0 2.2807000731903423e-05 0.0 0.0 8.797746802876196e-06 0.0 1.8945558698208878e-05 0.0 0.00038970906790905226 0.0006499433351174922 0.0 0.0 0.0 0.0012557374858799119 0.0001373279690258496 0.0008377883786861566 0.0003798780842511168 5.293667733481836e-05 0.0 0.0 0.0 0.0 0.0 1.83313508416883e-05 0.0 6.511856833824602e-05 0.0001449762402645114 0.0 0.0 0.0 0.0 0.0 1.632663974510699e-05 6.954530937709774e-05 1.0655091368167478e-05 0.00011889203942381291 6.455079303176262e-05 8.679989275305844e-05 0.0 0.0 0.0009369512526814152 0.00011105680920851045 2.5360825947073015e-05 4.979793677456051e-05 0.0 0.0 0.0 0.0 0.0 0.0 0.0034432494828223505 4.1615907323120154e-05 2.744759144415927e-05 1.1917978695537518e-05 2.4616814702350087e-05 0.00025680346750459087 0.0 7.316655930296037e-05 0.0001654571382145656 8.938343003715943e-05 0.00014850838843999284 8.51979441878221e-05 8.40945089785914e-06 7.162095305347391e-06 0.0 0.0 2.1576093009465413e-05 6.2715693121315365e-06 1.0177958216409908e-05 0.0 0.0 0.0024804821381965428 0.0013373783825734735 0.0014565333558443912
0.012568449108884083 0.07127217399289043 0.2793987313867562 0.000311338903652886 0.026368074223411406 5.4934280782800656e-05 0.0026212316351108805 0.0 0.014797998058355055 0.0017722824756458376 0.2798038883276815 0.012380355870198962 0.05225759229436061 0.1622999966964447 0.006466188620768818 0.006865806275778497 0.0002869332191008751 0.00022684756827350762 2.280375068142121e-05 0.0005658492026258836 0.002303772081234672 0.00034922929898476723 0.00025219136211162223 0.0001745369548415433 0.0008718968249559132 5.0383887838885705e-05 9.234936864609977e-06 0.00018841541121351158 6.393474581084379e-05 0.0 0.08703793797858006 0.23819597404565476 0.0036019907894842885 9.237285981235418e-05 0.00022070532908061204 0.0013664256165367601 0.001725513939605653 0.0011893435894223656 0.0003581086360399972 0.00033965332369224074 0.0008365988004176519 0.0007506769001375918 0.0012111743558606376 0.0015200606064342261 9.549781780742399e-05 0.00045832500675442974 0.007413438821813802 0.00036552871309650817 0.00032157744333726493 0.0005341271821828478 0.00046355043781840443 0.00017075297031749387 0.0002528101668590026 0.000550408636902752 0.0001445736155588183 0.00014641987782693206 0.001646277566969725 0.01821449537996924 0.00021595757335018723 0.002489439628983644 0.0028561071822671338 0.0013718329095618155 0.0008922583197806505 0.030698521018419557 0.0003171563166668796 0.0002130165487546722 0.0001557538854929347 0.000806909876061518 0.0028325671269231203 0.004628432535371929 0.001102289860328651 0.00013434578219134594 0.0 0.008692254378039877 0.005726356700277849 0.010224969619997044 0.009948273917529109 0.012921795525607599 0.036047956243981424 0.0732893117365376 0.004174175813511678 0.028936338221593697 0.00036929966600248744 0.0 9.457000085455912e-05 0.00011369444154083884 0.0006579007452396273 0.0 8.424313367566681e-05 6.8735740246291315e-06 0.0001385571676088619 5.812230870825266e-06 0.007432474150615464 0.0010741170936432887 0.00034546026601038713 0.00018108029911097763 6.952543765434103e-05 0.0 8.586448576181293e-05 0.005292542757440667 0.0 0.0 4.231159952919578e-05 0.0 0.0 0.0 0.0 3.634913211056485e-05 0.0 4.414373922839934e-05 0.0 0.0001067370066875836 2.6639855090495708e-05 5.255293423672098e-05 6.004148429319513e-05 0.0 0.0 0.0 0.0 0.0 0.0 9.211204503464771e-06 9.01941504175286e-06 0.0 0.0 1.238269537753888e-05 0.0 6.106716860655849e-05 0.0 0.0 1.667112837472803e-05 0.0 0.0 0.0 1.2354118850099623e-05 2.3422533133475525e-05 0.0 2.118011585791577e-05 7.751640477572558e-06 0.00022687898340132128 7.88836403095042e-06 9.820098978420548e-05 0.00011286391226999543 7.4896187119881885e-06 0.0 0.0 0.0 0.0 0.0 7.937045875357817e-06 0.0 1.5041848780038942e-05 0.0 0.0 0.0 1.1373057618380554e-05 1.012648641597583e-05 1.752158561335514e-05 0.0 0.0 0.0 0.0 0.0 0.0 1.472718166913169e-05 0.0 0.000130909294645797 2.2403906304227615e-05 0.0 0.0 0.0 0.0 0.0 0.0 0.0 1.4909986114449651e-05 0.00021923283021863324 2.6715301460389686e-05 0.0 0.0 5.019727139952693e-05 0.0 0.0 0.0 0.0 0.0 0.0 9.267356295519333e-06 0.0 0.0 0.0 0.0 1.8464481300590113e-05 7.230965060771658e-06 1.620482011047462e-05 8.626247101284206e-06 0.0 2.0464292999274236e-05 0.00039097926506309155 0.00022894407429451338
0.00029033431636331993 0.1474662690408984 0.045494043788872264 0.0015240838730114351 0.4110748356836666 0.00028097117833371073 0.09321397924044207 0.014797998058355055 0.0 0.015104488952303707 0.059914455303442284 0.004917462671437206 0.09349696511057776 0.10332408904321964 0.0008586643371458326 0.0009379080201151422 6.474484648249146e-06 0.0 1.050691055076505e-05 0.0 0.0 0.0 0.0 0.0 0.0 0.0 0.0 0.0 8.078055705166789e-06 0.0 0.0011229207708598264 0.00017132577220657527 0.0004661592762438647 0.0 0.0 0.0 0.0003004465028612012 7.833314844110907e-06 0.0001205430361862004 6.98079265292297e-05 0.0 0.0 0.0 0.00012877901272597718 9.364531487486692e-06 8.675189395636694e-06 0.0011750580660009908 6.0751839729837425e-05 1.1559496201842965e-05 8.569985859447265e-06 0.0 0.0 0.0 0.0 2.141425326459202e-05 2.0581414907367674e-05 0.00010570863680085642 0.0008502784341659666 1.2475866531634323e-05 0.0003205304857358762 0.0 4.5780118871008115e-05 6.989651092670449e-06 0.0005119193435093719 3.1768171767937694e-05 3.09586923251474e-05 1.1425793665143458e-05 2.167004551339615e-05 0.0 8.454537620942657e-06 0.000932155270133919 5.8132104463775316e-05 0.0 0.0008551614931361583 0.00047221181424613563 0.0014193119991630172 0.0007889602060002685 0.0005318557637552302 1.0584109130600966e-05 0.00019590161620705593 0.0 5.2889169035299776e-05 4.9271800523015785e-05 0.0 1.701398285829276e-05 1.1311796649679242e-05 5.151960870706952e-06 0.0 1.0775881364106387e-05 0.0 0.0 0.0 0.0 0.0 0.0 0.0008820849087973288 0.00012049845009452886 0.0 0.00014008033259926562 0.00026464268908996634 0.0 0.00011164241114829834 3.595892843503554e-05 6.608626808241197e-05 0.0 0.00018916521670944508 0.0001588684214365049 0.0 0.00011027036387779077 0.0009596066968808691 0.0 0.0001814476460236207 0.0006451583173099998 0.00023343814012403717 0.0002174786724759487 0.0 0.0 2.63611807432076e-05 0.0 0.0 0.0 0.0 0.0 0.0 0.0 0.0 0.0 3.405901398494344e-05 0.0 0.0 0.0 0.0 0.0 0.0 2.7087256411555613e-05 0.00010445523664142816 0.0 0.0 0.0 0.00028311259980915907 3.808959140224588e-05 0.000192410085555211 0.0001567407622577664 0.0 0.0 0.0 0.0 0.0 0.0 0.0 0.0 0.0 0.0 0.0 0.0 0.0 9.387074088960519e-06 0.0 0.0 0.0 0.0 0.0 0.0 2.8554994208001097e-05 0.0 0.0 0.000403459530867923 7.091684841551399e-05 0.0 0.0 0.0 0.0 0.0 0.0 0.0 0.0 0.0008211882188677723 1.424307514744328e-05 0.0 0.0 0.0 0.0001404657671018703 0.0 5.341987886895435e-05 0.0 0.0 2.2026176863617443e-05 0.0 0.0 0.0 0.0 0.0 0.0 0.0 0.0 0.0 0.0 0.0007572813852849935 0.0003616929187951504 0.00045827067152473544
0.014067897705649786 0.16753137416608252 0.01594861122283224 0.16003328928591387 0.04345389356620802 0.04263636768045803 0.13204731280968132 0.0017722824756458376 0.015104488952303707 0.0 0.009494661439889963 0.23795206539919367 0.2591226769116324 0.022606158586469614 0.004532508252061309 0.0033008196079596006 0.00013396876620116901 0.0 0.0 7.558812256351983e-06 3.491369618785504e-05 3.705166999515854e-05 0.0 0.0 1.1101674856131297e-05 0.0 0.0 0.0 0.0 2.6168105246552773e-05 0.0023715352066308293 0.0005106443482998266 0.004742445289309482 2.996108340109937e-05 2.586323389116818e-05 0.0 0.004281507117822917 0.00037629785975201474 0.0004990152070732675 9.66687480625438e-05 0.0 0.0 5.513422323987567e-05 0.00022694298922868524 2.166663736878383e-05 0.000168102094561498 0.008293299809335372 0.0003094811471307749 0.0002094611713830173 5.8269199437016525e-06 4.576390256829802e-05 5.937228602842188e-06 6.395443461058455e-05 0.0 0.0002986697001612278 0.00012015410283754344 0.001825006155090049 0.004473497836402715 0.000122018813474531 0.003086898288018509 7.429737519941553e-05 0.0006325666757106496 7.660821835072656e-05 0.0018131082249597408 0.00018541369874051688 0.00014861467076593545 5.2347882602999216e-05 0.00021472449791400388 2.0373759787618837e-05 3.5048661957459476e-05 0.03788040857027355 0.000777487215663459 6.425010205001045e-05 0.0068426163325533826 0.0024276629567232403 0.00810023227008509 0.0026877537879650285 0.002111617166192696 2.4458831542169583e-05 0.0012377732883868994 6.960001450651948e-05 0.0003966525646365491 0.00022085351699198188 0.0 9.288929557022389e-05 4.476947731546605e-05 8.779342315257707e-05 0.0 7.037183562349304e-05 3.445909398319632e-05 2.829840743485083e-05 3.1040001859077834e-05 5.237066487922796e-05 2.978299340381486e-05 1.0034998558996376e-05 0.030682186153725994 0.002681659106222711 0.0 0.00112862664187778 0.026448436132005208 0.00032325589476682237 0.005641105980013019 0.0035989501640666752 0.012877204049108115 0.0006247503787875623 0.0015383781392408892 0.00948102970916978 0.00015554109028710985 0.003360620513523742 0.03322777084917641 0.0007378520555084113 0.0027643070468169315 0.011678215262472993 0.006255947440310339 0.0036787989882954867 0.0 1.6172078917473553e-05 4.252190120548791e-05 0.0 0.0 0.0 0.0 0.0 0.0 0.0 0.0 0.0 4.6181743834013146e-05 0.0 0.0 7.218223889994393e-05 5.3004967918477555e-05 2.78220596866242e-05 0.0 0.00017054871270140632 0.0015360896588083076 0.0 6.355481115980353e-05 0.0 0.004382894584993991 0.0005216427400580796 0.0027579137511051675 0.0008219592454603993 9.581387178895328e-05 0.0 0.0 0.0 4.065887133205654e-05 0.0 2.357839671754641e-05 0.0 3.425219741124478e-05 3.475815791285956e-05 0.0 0.0 2.634303944177877e-05 0.0 4.6782872441539775e-05 0.0 0.0 5.726358902448007e-06 7.81342589314775e-05 2.7813238844903815e-05 0.0012366064574314995 0.00013585549904645224 0.0 0.0035223367412774544 0.00011575621600428257 0.0 0.0 0.0 0.0 0.0 0.0 0.0 7.631249770654534e-06 0.011216294540021559 0.00022048919514971275 6.843193399943709e-05 2.2842806012099067e-05 7.010322964275963e-05 0.0012214112583586883 4.233487584958109e-05 0.00012667988092361832 2.5942054962685424e-05 0.00013579176278984855 5.074256288312333e-05 3.1655623441954096e-05 1.48604144838485e-05 0.0 0.0 0.0 2.746195064755266e-05 1.2936540665655145e-05 8.399089651794206e-06 2.838913015677757e-05 0.0 0.013313778019030324 0.0041684782013918864 0.00418183356887801
0.006515386987075115 0.09562757120393149 0.12063182551876515 0.006136367647843369 0.08781576775483417 0.0002946972826354594 0.007071170257390549 0.2798038883276815 0.059914455303442284 0.009494661439889963 0.0 0.032189175048506616 0.15442122641674894 0.23792100394061688 0.007209581125603499 0.01065568534250891 0.00043515126716422975 0.00027475229895755415 1.910742479210395e-05 0.000321166855653192 0.0008532565363953978 0.001132505352654916 8.62846558756753e-05 4.930385056090962e-05 0.0012190679354777455 0.0001248626659183504 2.537167312990322e-05 0.0003877297942593462 0.000554748589331299 1.6557292493665645e-05 0.03131171233931112 0.025427969899342203 0.049233284624204475 9.978035014389198e-06 0.00011116041660204023 0.0018188659579463338 0.03124926790835461 0.006047747841843879 0.003099519970036138 0.0015296371781267238 0.000668140630244248 0.0005450260293640299 0.0004471964427216708 0.0008857632854290483 0.00014467771699650463 0.0001554606806736123 0.007406202965462525 0.0002794326336220353 0.0001763245611471187 0.00025471814917684934 0.00047277928552544584 9.14368939178219e-05 0.0003912009069529465 0.0016687505923316589 0.00015276108101611668 0.00010750345361755779 0.0008555939824310817 0.009856007442398515 0.0001506580855350975 0.002119564094471321 0.00033433433181267693 0.0016380119685557447 0.0002812302206329971 0.008421220178891077 0.0001909104167981812 9.33077570513725e-05 0.00015109458393501213 0.0006948990716403885 0.0019316491565756582 0.0025216974866786113 0.016589205577958867 0.0005329116562085293 0.0 0.006880802139941865 0.0036014300062960783 0.008956119320523266 0.006230012011619895 0.005365279677196743 0.000273640418886874 0.07282721412803647 0.00010131214038520129 0.005456054416145972 0.00025368192018769315 0.0 0.0001037500516935792 8.454365288206611e-05 0.0002362166692894085 0.0 2.6441796081759073e-05 0.0 5.991673535674833e-05 1.8300932923002957e-05 0.006617402453282 0.0017261625988080247 0.00036640873343075177 0.0013486095035858791 0.00018332887192337212 0.0 0.0015769574343050831 0.0024734707405468796 0.00020301169246305742 9.787032780371266e-05 1.899681869304557e-05 8.905827348206246e-05 0.0001448466415879391 0.00012839350880383468 0.0001568284892986126 2.904223018272634e-05 0.0003371854489858016 0.0011802452778090142 0.00014817067100223244 0.0005294039031734308 0.0011653922253431661 0.001027718599716638 0.0005509232849808429 0.0 6.9678558913309044e-06 0.0 6.7201147887868344e-06 0.0 0.0 0.0 4.6263701452534594e-05 0.0 7.02207812425913e-05 3.184342102688101e-05 0.0 6.335148336015419e-05 5.6623038226819845e-05 1.1199502693097275e-05 2.4709274432860084e-05 0.0 4.309785838991587e-05 0.0 0.0 0.0003589736333781858 0.0 0.0 2.5734683094919677e-05 0.0010850368994443718 0.00028207771411339677 0.0010301851802807435 0.0005684717374754996 0.00012387359002363207 0.00011302038796210852 3.071072320222338e-05 0.0 0.0 9.284873327819051e-06 8.652903697124281e-05 0.0 5.854986364215366e-05 6.932530619370662e-05 0.0 0.0 4.5467482661618284e-05 7.029572850120922e-05 2.2250563105423112e-05 0.0 0.0 1.4118210173958687e-05 8.675031301506598e-06 3.053469552259753e-05 8.0645266986412e-05 3.227049103744065e-05 0.0 0.0008959260037766864 0.00016330593213125763 0.0 6.645449768728146e-06 0.0 0.0 0.0 6.8746583882137825e-06 0.0 1.0317144896603191e-05 0.002522569416343062 9.969544042151808e-05 3.494990177049548e-05 8.50551284366039e-06 6.442509502382328e-05 0.00011566790827153551 0.0 7.625325446485064e-05 4.886990142884286e-05 0.0 6.8488393872360505e-06 6.70155443657085e-06 7.96721803874477e-06 6.567925373104883e-06 1.5691627815831728e-05 0.0 0.0 0.0 1.1099261893799473e-05 3.261051604144618e-05 1.9426538807132185e-05 0.0012639138670131847 0.001755037430109014 0.002025923257916716
0.002504232124810408 0.05069885754449152 0.022601429637860132 0.162110360829963 0.010499309038905644 0.00761064896641419 0.04348334608207449 0.012380355870198962 0.004917462671437206 0.23795206539919367 0.032189175048506616 0.0 0.10527568477252187 0.0182663517073848 0.001552369631902454 0.0024623492679479372 0.00012489589507496456 0.0 0.0 0.0 8.406493422859993e-05 0.00024212753974975237 0.0 0.0 0.0001943526114404843 0.0 1.1739201596841433e-05 6.395905886388993e-05 6.792811334241011e-05 0.0 0.002752910603428384 0.0008023413463765814 0.010706099458249494 0.0 0.0 0.0 0.018818127093884567 0.0011122319020727088 0.0014520084570990902 0.0003445681261395932 8.95142949869084e-06 8.542780190532266e-05 2.7323292467928906e-05 0.00030943433809375485 4.1310548004122464e-05 0.0 0.0015730899907749883 7.807002812400535e-06 5.5427306955040754e-05 5.335747577150546e-05 9.110760005960872e-06 8.593864153635638e-06 0.00022952906412625914 0.00017552598107849007 0.0 1.9099196296659487e-05 0.00017099389614423722 0.0009321113037509686 6.8094805360968865e-06 0.0003028833835174617 4.531397934183587e-05 0.0007509720411032956 1.7384557526092047e-05 0.0007682108013850242 1.1895991957078819e-05 1.4016766947190609e-05 0.0 5.556474446556385e-05 0.00011947864262642481 0.00012995459409013608 0.025858594834779723 0.0009360350566605365 1.4993315402234488e-05 0.000830228786093393 0.0004788416030684569 0.001255557063994208 0.0012492172456487977 0.0011272593860755234 0.0 0.0007269060106421395 3.304074590775997e-05 0.00018184264674123225 7.629733688483842e-06 0.0 1.943152738633354e-05 6.19233679050647e-06 4.916313158376307e-05 0.0 0.0 2.4802001707282557e-05 1.5645789638918292e-05 9.65901828805641e-06 0.0003779404263475995 0.00017224975791034505 4.177333968740509e-05 0.032596932376915376 0.0013050329544116545 6.043827522414522e-05 0.001722333389228528 0.0018576335203174376 7.884221762057053e-05 0.0021221253308555503 0.0008635432400645654 0.001504154115521079 0.001006341129686316 0.0010202502178094151 0.0025059112410460516 0.00019736083870909024 0.0013324190107559446 0.011410336484842023 0.0006990092489454838 0.0026479328150157836 0.005481633549311521 0.004100964630620362 0.002409467024144933 7.896614821720926e-06 0.0 0.0 0.0 0.0 0.0 0.0 0.0 0.0 0.0 8.976040498366793e-06 1.074265220749224e-05 7.683829344765605e-05 1.5823154024682596e-05 9.238532492645816e-06 0.0 1.3611710024111356e-05 3.448858512571515e-05 1.852743924763021e-05 0.000157086302821407 0.0015165790656085823 0.0 5.342323228867548e-05 8.713174652007047e-05 0.0031313095017398455 0.0003386473160175313 0.0023350727570055326 0.0009262128533073649 8.122687096887142e-05 0.0 1.8549656540028633e-05 0.0 2.9826006154864743e-05 0.0 3.084339153982182e-05 0.0 1.5630445894195466e-05 7.41800217239584e-05 0.0 0.0 9.594293943139631e-06 6.841498245767958e-05 2.9597666546382692e-05 0.0 0.0 0.0 8.001041061770707e-06 3.312822465974794e-05 0.00038322794229391513 0.0 0.0 0.002849758782248046 0.00011501927491147399 0.0 0.0 0.0 0.0 0.0 0.0 0.0 1.1727725584474515e-05 0.00999001596319286 0.00018743016504775252 3.5621946743034416e-05 1.6697685148312887e-05 6.296672835828178e-06 0.0004376838677357216 0.0 0.00016262021607016077 8.028062996930659e-05 4.50563223930357e-05 6.689011896880118e-05 3.580635442497941e-05 8.206481343562298e-06 6.188292317020501e-05 0.0 0.0 1.2391386500998672e-05 0.0 8.061596180718084e-06 3.226666536217704e-05 0.0 0.00871654882056933 0.0031127312337092526 0.0039632816683193425
