0.0 0.18163450954372934 0.04001937300528539 0.06697399645041341 0.002385082149306814 0.014023219975505912 0.04049598423364336 0.008574979641300768 0.00015826493069148888 0.07119554735338057 0.005768121425949675 0.002878839871485155 0.010555886795745161 0.00294220919027669 0.00015538127860778572 7.163468137522949e-05 0.00014158758517050158 6.862356682176857e-06 6.58945331486419e-06 8.252937428107079e-06 1.9975088585523236e-05 2.23110002474541e-05 0.0 2.3366594784476336e-05 0.0001319203920028932 6.430011342909055e-05 3.0418962870065993e-05 3.895201800495919e-05 1.903287702037767e-05 0.0 0.03506420702315125 0.00011683993012651904 0.0018439008196850146 1.70789363369673e-05 6.917997624546947e-05 5.600365303832323e-05 0.0007489374661011404 0.00025857366904125524 8.826424030341601e-05 3.892983078138136e-05 3.469862223211561e-05 4.406876887755934e-05 9.843839471735622e-06 2.832495816020974e-05 7.011084020193231e-06 4.122962315385893e-05 0.0031416178373029507 0.0002839743759645597 3.224225189665041e-05 7.214541739820966e-06 1.5534668329969543e-05 7.102329067685508e-05 0.0 7.305684102214613e-05 0.00047827189367472743 0.0005148543772435971 0.018373222577155734 0.023209455466626505 0.011040478257326455 0.00212510872614505 6.190560659778077e-05 0.0001512228616367738 7.432279982162633e-05 0.002318779755602166 0.00025009389997162387 0.00020007516901783992 2.0483729004802966e-05 0.00010444878581018716 8.178220646512874e-05 2.566913611722653e-05 0.0034474588824192167 0.0015089651447781857 3.662537541908493e-05 0.024457612625837902 0.005991850862185127 0.0021256286464060204 0.00044978883563938815 7.260910502302758e-05 6.427138436290685e-05 0.0017035890422892723 6.717700226352685e-05 0.0008327207257936971 0.0011970795824568898 5.164671706121817e-05 0.0004288959135001697 0.000161101115877056 0.00015067020060715187 2.0645883001433527e-05 4.204886090718535e-05 0.0 9.384895639821721e-05 7.282424090941373e-05 0.0 8.254635224045117e-06 4.290512840726274e-05 0.0033365300849170936 0.0013111060872783673 0.00020975332284977954 0.0001376260452786154 0.08638427284767855 5.592671111978574e-05 0.00023586099107053365 0.00021072913856609363 0.0002521526477399332 0.0001082621555018466 0.0005088019664772576 0.0006977666016157696 8.580922272126522e-05 0.0032922826475890563 0.0018303698743950376 6.070269903538524e-05 0.0002685340149741649 0.0009846283273621935 0.00022563236544492874 0.00019273917589564702 0.0 0.0 0.0 0.0 0.0 0.0 1.1454244959135017e-05 0.0 0.0 0.0 0.0 0.0 0.0 0.0 0.0 0.0 1.861252405909706e-05 4.49724272318962e-05 0.0 5.529726543243222e-05 1.954071044341628e-05 0.0 0.0 2.404669603972887e-05 0.0001366237942277414 0.0 0.0002281907530379029 8.248698939003259e-05 3.309267332972725e-05 0.0 0.0 0.0 0.0 0.0 0.0 0.0 0.0 0.0 0.0 0.0 1.8121679976155062e-05 3.19987930287275e-05 0.0 8.662913245415394e-06 0.0 6.523308592188591e-06 0.0 0.0 0.0 0.0 4.924619655599624e-05 9.218172389089543e-05 9.012341583207643e-06 0.0 0.0 0.0 0.0 0.0 0.0 0.0 0.0 0.00014356549829802062 0.0 0.0 0.0 0.0 8.20316696954687e-06 0.0 0.0 0.0 0.0 1.474472867863786e-05 0.0 0.0 0.0 0.0 0.0 0.0 1.0084311936261118e-05 1.5587840070763937e-05 0.0 0.0 5.857790483240403e-05 3.226041965818115e-05 5.744646816787547e-05
0.18163450954372934 0.0 0.0920950807999928 0.015340476271666237 0.20882741673680066 0.0077319647710981775 0.20168399288830818 0.06546746250803408 0.07222472482758274 0.05971727766402272 0.09281697353970328 0.017142850925013272 0.16434142227687645 0.15205749094954485 0.0014518864542837876 0.00041750633428790687 0.00016738702583270933 2.4656370836480348e-05 4.216225112133598e-05 4.901155257009167e-05 6.05680936142831e-05 8.358746429877702e-05 7.456858397679527e-06 6.24581672701779e-05 0.0005687377345656781 0.00027352956070170767 8.277980849342648e-05 0.0003555196069795144 0.0001240274286980729 8.732220772589828e-06 0.14236046616489795 0.00460047269274805 0.00986912222839871 0.000183896039180074 8.794263988600488e-05 0.0002646848875894448 0.003553618403524481 0.0005047771265244457 0.00010410366662540038 0.0002747884412130037 0.0001782090192406371 0.0003696442785443757 2.048621413938137e-05 7.202063353520614e-05 8.835019471458981e-05 6.04554922906887e-05 0.009237993842144526 0.0008307467891918863 9.27029994917067e-05 8.367062888256095e-05 3.503357429887494e-05 0.00033240852168952304 0.00015283723330377616 0.00039747075409183805 0.0007922144547551721 0.0010522398924458138 0.028030254484184336 0.03896575159424759 0.015817835755215857 0.005559972129178548 0.00018482494720526273 0.0006556505013679304 0.00015443889477998103 0.010440116542757377 0.0005235416312544825 0.0004449448639808328 7.61412111766995e-05 0.00031442869199495527 0.00015744072318631095 0.0001362384348996188 0.0008774583802306729 6.188052556845114e-05 0.0 0.04632287834227972 0.019392843830002296 0.010804426538902002 0.002941767187054716 0.00029560002175225476 0.00020705263750614848 0.007552341348686033 0.00018537195615736518 0.0026142883777878403 0.0019269709631818677 6.874902369894499e-05 0.0009649634765835456 0.00022769873881041131 0.00047109345880903293 7.376170361206352e-05 0.00010230601628324041 0.0 6.781310877370125e-05 0.0001214941935225573 0.00012360936274344734 0.00012243890005108162 0.00019806216603838033 0.0012653012103162231 1.0448498993770687e-05 3.2822548409088315e-05 0.0 0.0760158404427507 9.449889772087393e-06 0.00016786303670397333 2.3390374273714527e-05 7.15359314178864e-05 8.127689024959605e-05 0.0005581056966921925 0.00045079985656672086 0.0001238219990107072 0.0012431710341303593 0.0006610830117639939 4.8983573079262696e-05 0.0002655341414644985 0.0008924288117907079 0.00020051184296079178 0.0002847115432347753 1.7189986262018686e-05 1.1889574942962265e-05 0.0 4.256367174387791e-05 0.0 0.0 0.0 0.0 0.0 0.0 0.0 0.0 5.4719862725746103e-05 0.0 3.2835071335373514e-05 0.0 7.637386560648654e-06 7.882822569362298e-06 0.0 3.632708167388354e-05 1.2850554343766588e-05 0.0 7.810939379184972e-06 0.0 0.0001298943089593588 8.011544160178255e-05 0.00018574702421419247 0.00013239394308753763 9.543734847661379e-05 0.0 0.0 0.0 0.0 0.0 6.6441247236733205e-06 0.0 0.0 0.0 0.0 0.0 0.0 1.4549863399756869e-05 0.0 7.718554346041067e-06 0.0 0.0 2.1305209793835458e-05 8.736558894691104e-06 2.7440802732338434e-05 0.0 2.5706054126036417e-05 0.00015545152711326948 0.0 0.0 0.0 0.0 7.402400118646894e-06 7.559316399289454e-06 0.0 0.0 0.0 0.0002973317880936016 1.21789824180163e-05 0.0 2.076111844352778e-05 0.0 1.9736651717285426e-05 0.0 2.6174356113976605e-05 2.3081125037234718e-05 3.5249310259389124e-05 8.830294611928313e-06 0.0 0.0 0.0 8.071985592111359e-06 6.957277545816882e-06 0.0 9.303587561236629e-06 9.317657230317304e-06 0.0 0.0 6.0087941196925304e-05 3.5861100317441834e-05 4.253938219163092e-05
0.04001937300528539 0.0920950807999928 0.0 9.78636757904771e-05 0.10500358316836803 0.0 0.02342520724323241 0.31838901949086557 0.0759111926754635 0.0025060200482474445 0.1414077902857015 0.004299234506401873 0.02861481824996901 0.0738710048352332 0.002468659761009176 0.0014489258659719053 0.00032382709954530174 0.0005258183621574544 2.948889815026506e-05 0.0017392006586841623 0.004716423669957506 0.00016248132516937208 0.0002441765715818573 0.0003609925111585828 0.0028011731694486124 0.0007340069746473767 0.0003061209527971077 0.001426990996326329 0.00028159327561695814 5.655609473050532e-05 0.22235847310670692 0.026646073002212556 0.023039611607470104 0.0011626388188025478 0.0009804395518133574 0.0016547164798198593 0.004862052624019214 0.002442962657299142 0.00030524756818252894 0.0009576352006215611 0.0015745328144454696 0.0023650610676259056 0.0013723848347152083 0.0005252738998992589 0.000131014790132609 0.00032497616442195114 0.0035313495326192547 0.00022065218368428407 0.00017597734717971002 0.0011119606772529065 0.00037902567657971956 0.0009045619909643775 0.00015322810141585498 0.001999005160978893 0.00023695631465327232 0.0002952833347004193 0.01651977999428042 0.029609781996493993 0.00751226921110422 0.0014453948130517889 0.009375477767625503 0.0038261795299389537 0.0008754871987967982 0.008947161293980224 0.00025803015138250616 0.0007115233196233578 0.0004315405027762429 0.0020485607930012706 0.007053804155575628 0.00592689339755251 0.001061925101804505 7.525297576206303e-05 2.885535902620901e-05 0.01254501759106758 0.005543593570912002 0.004064109176208573 0.0029894509359441627 0.0011752733650832216 0.023425102387003505 0.07409475630815646 0.007163501688908974 0.06307471566413804 0.0002929134552217062 2.5805107224275172e-05 0.00037276457968925936 0.00016578780965857616 0.0008324314543699319 0.0 1.7088294906837818e-05 1.2219765731899012e-05 0.00016920593017971701 0.00018054501470602378 0.007843519192953534 0.001189159277498654 0.0008810777640624318 0.0003258600327453905 4.464115320569734e-05 2.6971513208613447e-05 1.7795417603535636e-05 0.013042642343014565 0.0 0.0 1.12765588713894e-05 0.0 4.2085015373397875e-05 0.00014485861252101434 0.0 1.4247889027468599e-05 0.00035345161134466506 0.00033002333825132455 0.0 9.009653561497337e-05 0.00022391023960483143 0.00012675293797030805 0.00014145273713322179 1.024584568385765e-05 0.0 0.0 1.3320754324789244e-05 0.0 0.0 0.0 8.103541731665368e-06 0.0 0.0 1.0780049260990539e-05 9.109919844085243e-06 2.067662955822001e-05 3.390890191822382e-05 8.2903794671684e-06 0.0 6.620448592030628e-05 4.201871338991632e-05 5.901116559510022e-06 0.0 0.0 6.627205737095174e-06 0.0 1.297781972021156e-05 0.00018668196453628345 1.9596935319989553e-05 0.000276545526026805 0.00014625775622129018 0.00015038596618492547 1.841518864749086e-05 2.24166919243866e-05 6.318784706373073e-06 7.635747220207572e-06 0.0 0.0 1.2343912792099467e-05 0.0 4.61186971081028e-05 0.0 3.9766293766013324e-05 0.0 2.6414075382010396e-05 7.927285165338151e-05 0.0 0.0 0.0 0.0 0.0 0.0 1.6903466385053052e-05 0.0 0.00015053362477022766 0.0 0.0 0.0 0.0 0.0 0.0 1.8129242979389097e-05 9.858258839187445e-06 0.0 9.945967432575146e-05 6.0592054677675546e-05 0.0 0.0 3.842453680997585e-05 0.0 0.0 4.016737762281618e-05 5.029755850119488e-05 1.8896574320642767e-05 0.0 0.0 0.0 0.0 1.3616656567668407e-05 1.136678725880945e-05 7.904192967898646e-06 1.841362845475804e-05 5.33493265249125e-05 2.3643788681804266e-05 0.0 0.000103074723139241 9.866752629816763e-05 0.00012099032834834278
0.06697399645041341 0.015340476271666237 9.78636757904771e-05 0.0 0.0017645795792954836 0.031495863326624914 0.04158019492669444 0.0 0.00016617379596070152 0.16743323925979542 1.7627765169054547e-05 0.025668152630907486 0.08372407804021126 0.004209201148246474 8.679655313586838e-06 0.0 2.2609211223810252e-05 0.0 0.0 0.0 0.0 2.84177766951806e-05 0.0 0.0 0.0 0.0 0.0 0.0 0.0 0.0 0.0019041577598620722 1.6190946125034853e-05 1.8090414044864676e-05 0.0 0.0 0.0 4.1051828432003936e-05 3.818035785309933e-05 6.295435615130144e-06 0.0 0.0 0.0 0.0 0.0 8.192504273058497e-06 8.767626180752899e-06 0.0011422493216107481 5.627473186990358e-05 0.0 0.0 0.0 0.0 0.0 0.0 0.00022105794398084313 7.950275039792724e-05 0.002918042930501567 0.0035947605663914878 0.0018814125030392529 0.000650422572795874 0.0 1.7697208230213068e-05 0.0 0.0003524259868891999 8.095997765265738e-05 4.161597260429276e-05 1.1362819527290635e-05 2.6394855421534505e-05 7.069745921953614e-06 0.0 0.0002608489633874568 3.271963466152427e-05 0.0 0.006061157458727354 0.001723457657032275 0.0007366435467261778 4.5354554953917374e-05 8.19117066003953e-06 2.781863682051265e-05 2.6059050318363905e-05 0.0 1.1471512609473746e-05 0.0002771367216442455 0.0 0.00011874796048338924 3.2168714881484075e-05 3.0009688001415825e-05 0.0 6.0457090764012445e-06 0.0 0.0 0.0 1.3490227156560382e-05 0.0 2.3409193839901557e-05 0.0010462054761437348 8.867298389954075e-05 0.0 0.0 0.032168116414106274 1.1383822121770937e-05 0.00012924642806364339 0.00017537799262334975 0.00018281288468680713 2.806090640359048e-05 0.00031549856053664476 0.0004919492953325299 0.00011000226701201502 0.0037827751843454425 0.001012973995322094 1.886444759336187e-05 0.00028117915308050313 0.000645244296219468 0.00019525367582573665 0.00029114429960643684 3.677426415634952e-05 0.0 0.0 0.0 0.0 0.0 0.0 0.0 0.0 0.0 0.0 0.0 0.0 0.0 0.0 0.0 0.0 1.159516305660275e-05 0.0 0.0 3.466538226386619e-05 0.0 0.0 0.0 2.969711714771537e-05 5.7563668852738946e-05 0.00020408938352014383 8.969857369555202e-06 3.7777389453151356e-05 0.0 0.0 0.0 0.0 3.9639858147241904e-05 0.0 0.0 0.0 0.0 0.0 0.0 0.0 0.0 0.0 1.770101145865196e-05 0.0 0.0 0.0 0.0 0.0 0.0 0.0 0.00010843289728347631 0.0 0.0 0.0 1.261473348834372e-05 0.0 0.0 0.0 0.0 0.0 4.817067852331355e-05 0.0 0.0 0.0 0.0 0.0 0.0 4.7384853518200994e-05 0.0 2.7885032953555674e-05 1.0114257704469885e-05 3.0917722758444886e-05 0.0 0.0 0.0 0.0 0.0 0.0 0.0 0.0 0.0 3.3061542415115665e-05 1.429792693285999e-05 3.1546456633729316e-05
0.002385082149306814 0.20882741673680066 0.10500358316836803 0.0017645795792954836 0.0 3.918186915741894e-05 0.2760109227863356 0.012016012662510433 0.390145466658341 0.015784662213103193 0.04884033878929311 0.0038753392190844288 0.10455834496642664 0.14344932497989682 0.0009929741873036337 0.00017582189176918594 5.702710843273777e-05 0.0 7.850190434820129e-06 5.513037757515907e-06 6.996065613223966e-06 0.0 0.0 0.0 0.0 9.586707707883923e-06 0.0 8.792603749025976e-06 0.0 0.0 0.01663948050415772 0.0034317808201686966 0.0009438870688470566 1.3601447792355089e-05 0.0 0.0 0.00032173719758364313 1.663498546060275e-05 0.0 5.007325699980865e-05 1.8158270013415663e-05 1.612395509091665e-05 1.7546563758818763e-05 8.030301391078713e-05 7.655596223907307e-06 3.861316338714668e-05 0.0046510227898594915 0.00027014734168449606 1.2715740448635494e-05 1.0493689748662558e-05 0.0 0.0 0.0 1.7692258653267556e-05 0.000184677911455521 0.00023604965954943235 0.0027326531402445784 0.0058270434386350385 0.002242092529734117 0.002615993363752003 5.839408764244707e-06 7.804011575107637e-05 3.4635951731719065e-05 0.004741519535085339 0.00019721178805894718 7.864879111402157e-05 1.9054353466496985e-05 6.409792724584785e-05 4.627961215858114e-05 0.0 0.00012984585866388025 3.295949567120554e-05 9.149895127116272e-06 0.010524070980837219 0.007000623051555619 0.006486958515260278 0.0022277455539835666 0.00018045141710929706 1.741254910034954e-05 0.0004363321231401824 2.677716420040465e-05 0.0002182045299428335 0.0006603881998984153 7.01370417145044e-06 0.0002883769868943013 0.00011108511474324922 0.0001393587463906082 4.422906316169836e-05 3.5859842230994145e-05 0.0 0.0 0.0 6.263738251233937e-06 5.043002796878448e-05 4.7717955183963863e-05 0.0004188053380315448 0.0 0.0 0.0 0.0010482971152165337 0.0 6.659678334688135e-05 0.0 2.643091780740669e-05 4.578668954301298e-05 0.0006633090074340532 0.00013792269088918585 2.8316617647135702e-05 0.00029119104227717704 0.0005884166410461641 1.1163414894553373e-05 0.00015814076604290888 0.00030701689968159443 0.00011228706994661915 0.00013256207144287887 0.0 5.008743012994587e-05 2.9266562926258617e-05 0.0 0.0 0.0 0.0 0.0 0.0 0.0 0.0 0.0 0.0 0.0 0.0 0.0 0.0 0.0 0.0 3.941431097473477e-05 0.0 0.0 0.0 0.0 0.00013061841892693211 0.0 0.0001184348366303415 8.772126736712967e-06 0.0 0.0 0.0 0.0 0.0 0.0 0.0 0.0 0.0 0.0 0.0 0.0 0.0 0.0 0.0 0.0 0.0 0.0 0.0 0.0 0.0 0.0 0.0 8.367488164929055e-05 0.0 0.0 0.0 0.0 0.0 0.0 0.0 0.0 0.0 1.9385957533466245e-05 0.0 0.0 0.0 0.0 0.0 0.0 4.974655905614114e-05 3.432050052220418e-05 0.0 0.0 0.0 0.0 0.0 0.0 6.74596402816506e-06 0.0 2.0597755504451385e-05 7.726863820798139e-06 7.777933750228651e-06 0.0 2.224041497623124e-05 4.952945637506988e-05 1.997435556393756e-05
0.014023219975505912 0.0077319647710981775 0.0 0.031495863326624914 3.918186915741894e-05 0.0 0.003976101747974343 5.637093668525543e-05 0.0 0.04293443391913834 3.6631603774689434e-05 0.004277035105457681 0.007423462905735288 0.0011979642769168657 1.099967328801e-05 4.225463149873234e-05 1.5320955033110973e-05 0.0 0.0 0.0 1.3685948575684359e-05 8.771567943546523e-05 0.0 0.0 8.89549266593645e-06 0.0 0.0 0.0 0.0 0.0 0.0005694191270149163 0.0 0.0007561899273527986 1.2856292293963029e-05 0.0 0.0 0.0020697227723430246 0.00038383301164353887 0.000535767347549049 1.2790881110178388e-05 0.0 0.0 0.0 3.486212173978665e-05 4.0610666348418784e-05 8.980251067296538e-06 0.0003708049191613375 3.899434185397398e-05 0.0 2.3541040471930705e-05 4.5216363572595094e-05 0.0006441374201751547 1.9805403141280884e-05 2.016850696152833e-05 4.068099917466365e-05 9.39471838772247e-05 0.004046346476094951 0.001144998792463681 0.0006375417990294041 0.0001654309290208804 4.441632819136495e-05 0.00017133788906086454 0.0 0.00011002664036771786 1.7679142895128308e-05 4.433432185410918e-05 0.00011887292126479946 7.267042380472025e-05 5.737621707586527e-06 0.0 0.019067207188301002 0.018744822609021237 0.0015004429121871132 0.0017957839548783513 0.00031402498281384234 6.185595408482503e-05 2.2450541795564403e-05 0.0 0.0 0.00016192814424794092 6.570579431622471e-06 3.7505135821273845e-05 3.9807824068724344e-05 0.00011897172605650249 3.004613940086065e-05 0.00023209257417333603 2.8922804254365483e-05 0.0004634649145475827 0.00034974873909601506 0.0011793746539626364 0.00039780485622601785 0.00048524874760436 0.0 0.0 8.204495357782489e-05 0.014551959010699632 0.0074002967615748325 0.0019245590500624034 0.0006414671042727589 0.019890040998094757 0.0 2.1655008522210168e-05 1.2343775188894256e-05 0.00010852287115669726 0.0 0.0001037206889707996 0.0001008344751913362 2.128083023046926e-05 0.0014684704774144584 0.0004083588699783143 5.196929984136128e-05 9.683238942869202e-05 0.00025130123256340825 4.39900541538178e-05 0.0 0.0 1.836892707066366e-05 0.0 0.0 0.0 0.0 0.0 0.0 0.0 0.0 0.0 0.0 3.4606314277458835e-05 0.0 2.1914973049790286e-05 0.0 5.2061319139670266e-05 9.77156881990151e-06 1.1225230806622783e-05 9.293136959914193e-06 0.0 0.0 0.0 1.1149414544380595e-05 1.8547453262188484e-05 6.355648708511433e-05 5.117837420616064e-05 6.737701990302419e-05 3.115661433802625e-05 0.0 0.0 0.0 0.0 0.0 0.0 0.0 0.0 0.0 0.0 0.0 0.0 5.9506580587520744e-05 1.0335835076237064e-05 0.0 0.0 0.0 0.0 0.0 0.0 0.0 0.0 0.0 0.0 0.0 7.897800626519504e-06 0.0 0.0 0.0 0.0 0.0 0.0 4.468826937085167e-05 6.435624932915519e-05 0.0 0.0 0.0 0.0 0.0 0.0 7.488340562578105e-05 0.0 0.0 0.0 0.0 0.0 0.0 0.0 0.0 0.0 4.344607816258818e-05 0.0 0.0 0.00012052929708615186 0.0 4.4720536287864206e-05
0.04049598423364336 0.20168399288830818 0.02342520724323241 0.04158019492669444 0.2760109227863356 0.003976101747974343 0.0 0.006607546619093669 0.18767324821234202 0.11811879302247438 0.035628454033661064 0.02876868060645943 0.33137630647609906 0.215295978163408 0.002465917321369647 0.0005920443095220267 0.00011849940046807297 1.3247945158155775e-05 0.0 2.166687291887041e-05 4.9826527210582815e-05 0.0 0.0 1.9751902911631934e-05 0.00015039057071924736 7.669147553094647e-06 1.668115650900547e-05 1.3889022972097564e-05 0.0 0.0 0.02166219059321469 0.003622019737031383 0.0009055403859648314 7.627495424989532e-05 3.352206930465589e-05 1.7073884333575804e-05 0.00020144794359863204 8.39774214362529e-05 2.1590955782098074e-05 1.2702200500164372e-05 0.0 5.715528892222796e-05 1.4516026461211141e-05 0.00015858220436751498 7.479798817749065e-05 5.436083682304269e-05 0.010753512690821398 0.0005178708515970927 2.8201295297753945e-05 4.9334852852661965e-05 2.5084172993832786e-05 1.8637548184845585e-05 8.540208432343289e-06 3.280613845090841e-05 0.0005277336761727059 0.000846388147597984 0.008566474161123973 0.013120602561482016 0.00645828588190988 0.005473271239756706 7.942128516199728e-05 0.00018710345298265975 5.697847863232606e-05 0.009165890569090396 0.00037609148325258487 0.00031912054331014454 5.062380069890827e-05 0.00017148359274950315 3.246504441852681e-05 3.01353802524959e-05 0.0008035902545066178 8.665421193156777e-05 0.0 0.02755750326886615 0.015277965420474148 0.013584237833970707 0.0042723448226121095 0.0005810837377884251 2.8394684704663203e-05 0.0004090773847719492 1.213072042166064e-05 0.0003726117687433409 0.0012548453210991825 9.398672203729183e-05 0.0009056602078355632 0.00016475414834823797 0.0003634886074359327 9.015780887380116e-05 4.5002811157679465e-05 0.0 5.7279964151122125e-05 3.1834884849883076e-05 1.5618655946458315e-05 5.411208954321407e-05 8.816969241688484e-05 0.004811729601682781 0.00012032287106881161 5.528014262757267e-06 8.455537455575988e-06 0.006667402750620334 0.00024381762224033574 0.0006152857547086646 0.005850223818519572 0.005037171727592667 0.00036986800066384515 0.008208988990128648 0.002339126015901126 0.004108135476908943 0.005557946867098497 0.007893719629974415 0.0002814831113185508 0.003221688315764166 0.0035887913357280903 0.0008957285159595712 0.0010956477531287217 9.382297629230619e-06 0.0 0.0 1.258672968416646e-05 0.0 0.0 0.0 0.0 0.0 0.0 0.0 0.0 3.450151650405496e-05 0.0 0.0 0.0 0.0 0.0 0.0 0.00031244717842266817 7.000745260272924e-05 0.0 0.0 0.0 0.00041040541554961373 0.00025490528812233365 0.0006368448496583972 0.00013421390480654327 6.87526282821553e-05 0.0 0.0 0.0 0.0 6.748327699463074e-05 0.0 0.0 0.0001496919964923473 0.0004590493047706957 0.0 8.797322607815364e-06 0.0 2.5368069615709514e-05 2.284734650306821e-05 2.860562058945861e-05 2.5545438078011516e-05 0.0 0.0002588355863962778 0.00020564480876748026 5.319977977532823e-05 2.2474623908393013e-05 0.0 0.0004015936425360296 8.555161348463753e-05 0.0 3.137058318369452e-05 0.0 0.0 0.0 0.0 0.0 0.0 0.0006565072013352242 7.817533986929674e-06 0.0 0.0 0.0 5.942232397228494e-05 0.0 9.037535385088916e-05 0.0003224194404827663 0.000561775663669111 0.0002126092380588314 1.02239409089642e-05 8.645908386160306e-06 0.0 0.0 0.0 0.0 0.0 6.54727120749688e-06 0.0 0.0 0.0004387420260113178 0.00013598344271041661 0.00016562156325985368
0.008574979641300768 0.06546746250803408 0.31838901949086557 0.0 0.012016012662510433 5.637093668525543e-05 0.006607546619093669 0.0 0.03432529688677486 7.61108862237185e-05 0.26444490876555465 0.000977397539132662 0.019142262498610684 0.14674267674748676 0.0011869671311824674 0.0006282220818894507 0.00014747026859087079 0.001020927200379008 1.1734584072582159e-05 0.002783418145628081 0.006001694544913362 9.604517908003222e-05 0.0003027547500687559 0.0004283190084411656 0.001612557156646424 0.0005646294501669243 0.00020514349856405733 0.001027121142766881 0.00021170414418233486 4.479085204303475e-05 0.05032608069803061 0.1893684313965886 0.023634433512698675 0.002155528110101616 0.0005517091692787043 0.0008344918507901779 0.0026055434975203705 0.0018527670892582225 0.00019897490827348258 0.0007778672782901718 0.001553397814126128 0.0018109982782908314 0.002037817542768875 0.0014480074240671974 0.0004551044345242413 0.0003496556412161915 0.0014374806355746273 9.540533969493738e-05 0.00019303657418540395 0.0009650533138881722 0.00027122648499260034 0.0005827052048146859 0.00018888277002559849 0.0010756986912065847 2.7436490992806582e-05 7.871529070812117e-05 0.0017935055722196117 0.003864530735621266 0.001173241313371335 0.0006827885010049175 0.014006945442675977 0.004726855271174215 0.0009934909292409466 0.04689093574952774 7.031586949500907e-05 0.0006046395840548539 0.00018520006595800767 0.0016624843793995184 0.005674345648591369 0.007237218536979973 0.000656237535264371 7.073582154469553e-05 1.0138902128140856e-05 0.0032478149530523336 0.0033957446073572916 0.002408690625695407 0.00841406350034289 0.03291543639694914 0.11484874565043357 0.1906260150964808 0.018898219479733674 0.11100883254879455 7.043311725465325e-05 6.382111149868162e-06 0.00018894432262927895 9.257155118474534e-05 0.0005700578148784517 1.5552994386916816e-05 0.0 1.5021681511704022e-05 4.8301197232681844e-05 0.00022740394463544784 0.007421312390079037 0.0008833234095736574 0.000721906344839404 5.026472720411885e-05 4.026284062239254e-05 0.0 0.0 0.002447297385360458 0.0 0.0 0.0 0.0 0.0 3.4397395365960934e-05 3.6077182872495474e-05 1.8637344366564183e-05 5.489666732528989e-05 8.922941298084239e-05 8.15585578030094e-06 3.5834879147268984e-05 0.00019302454321644264 1.359602125993887e-05 2.5016410657537976e-05 0.0 0.0 0.0 0.0 0.0 0.0 0.0 0.0 0.0 0.0 3.962070647106334e-05 0.0 3.651609829923758e-05 0.0 1.808271550764655e-05 0.0 2.742697309290897e-05 1.2603886631174681e-05 0.0 0.0 0.0 6.322350491687179e-06 0.0 0.0 9.300668614448094e-05 3.135158669910078e-05 0.00016159123107685458 0.00010904940257918145 8.983124542950716e-05 4.9550963859506164e-05 0.0 1.3312122051535734e-05 0.0 0.0 0.0 0.0 0.0 0.0 0.0 3.429250654682729e-05 9.132223978656978e-06 6.536804259327505e-05 1.805930227054856e-05 0.0 0.0 0.0 0.0 0.0 1.2417708459907179e-05 0.0 0.0 5.65911907901093e-05 0.0 0.0 0.0 0.0 0.0 0.0 0.0 0.0 0.0 3.7727349478538834e-05 2.0940263332170793e-05 2.2683716634465917e-05 0.0 8.582021701043982e-06 1.695928983272691e-05 0.0 0.0 1.2279781421584397e-05 2.1627300099349367e-05 6.552456675651328e-06 0.0 0.0 0.0 0.0 0.0 0.0 0.0 2.5027417879344676e-05 0.0 3.081651249717699e-05 6.127962789043235e-05 9.883411722220847e-05 9.837646292890346e-05
0.00015826493069148888 0.07222472482758274 0.0759111926754635 0.00016617379596070152 0.390145466658341 0.0 0.18767324821234202 0.03432529688677486 0.0 0.002370802540671323 0.07989593140572136 0.0010463999105073153 0.1556749430459498 0.1899705195968467 0.0002043516816118545 6.0730372281486816e-05 1.8282416039005556e-05 0.0 0.0 0.0 4.7945682798237854e-05 2.6002710082712566e-05 0.0 0.0 4.929560024511096e-05 6.336175371908045e-05 0.0 8.477276796240003e-05 8.278670158631933e-05 0.0 0.0018479402160911783 0.00043764579610972373 0.0021264557047806117 0.0 0.0 4.5936394588013775e-05 0.0006964181243468039 2.5097382384228214e-05 2.2687644016172678e-05 1.844729882100272e-05 1.1276255730493698e-05 6.518655224247997e-05 0.0 0.0 0.0 0.0 0.0006506199723533353 2.5393348255657164e-05 2.4987912309510397e-05 0.0 0.0 4.3277182643512604e-05 1.0011482594721619e-05 3.6133978336795644e-05 6.973614046646636e-06 1.3189997137685603e-05 0.00025980360011431715 0.0004264816368128684 0.00020149309089988014 0.00022673953997439031 2.9795269617456838e-05 4.261202478596334e-05 7.270179992203583e-06 0.0005609530080797814 6.552495990852818e-06 8.177849014397736e-06 0.0 2.5190711499513177e-05 0.0 0.0 0.00023196697555451218 1.4934451425702877e-05 0.0 0.0010617870702705147 0.0008709941189326803 0.000984975995827414 0.0004027482327504042 4.341036909622412e-05 0.0 0.0009218039855476101 2.226670494800669e-05 0.00023229696614630445 2.887533114856604e-05 0.0 2.071839523483469e-05 1.4584806854302432e-05 1.8370087386412903e-05 0.0 1.4362511980108054e-05 0.0 0.0 1.3559935078023675e-05 0.0 0.0 2.8557788991098212e-05 0.00022596155266161686 0.0 0.0 0.0 4.682664438942134e-05 0.0 0.0 1.3329993914444732e-05 0.0 2.3776339883628546e-05 0.0 4.0350353157078076e-05 9.884455178706718e-06 0.0002575010308470817 9.79931541989217e-05 0.0 1.303807543954815e-05 0.00010549120044321508 6.50352404472709e-05 2.6698727786905246e-05 0.0 0.0 0.0 0.0 0.0 0.0 0.0 0.0 0.0 0.0 0.0 0.0 0.0 0.0 0.0 0.0 0.0 0.0 0.0 0.0 0.0 0.0 0.0 0.0 1.0364800033629703e-05 2.4530935168820515e-05 4.340476047234837e-05 7.565277825368046e-06 6.107543611460837e-06 0.0 0.0 0.0 0.0 0.0 0.0 0.0 0.0 1.841095915949897e-05 0.0 0.0 0.0 0.0 0.0 0.0 0.0 0.0 0.0 0.0 0.0 0.0 0.0 0.0 0.0 0.0 0.0 0.0 0.0 0.0 0.0 0.0 0.0 1.3185713332639012e-05 0.0 0.0 0.0 0.0 0.0 0.0 0.0 8.693458053141603e-06 0.0 0.0 0.0 0.0 0.0 0.0 0.0 0.0 0.0 9.144750008773882e-06 0.0 0.0 2.014365044269143e-05 3.962493285522354e-05 0.0
0.07119554735338057 0.05971727766402272 0.0025060200482474445 0.16743323925979542 0.015784662213103193 0.04293443391913834 0.11811879302247438 7.61108862237185e-05 0.002370802540671323 0.0 0.0011033457016534343 0.18279072595950813 0.501485305770984 0.027875730509239114 0.0003829056301862396 0.00010020742307552604 3.7375296851047114e-05 0.0 0.0 7.4517355234642905e-06 2.340381593418192e-05 0.0 0.0 0.0 0.0 1.8091812838349275e-05 0.0 0.0 6.1839563266940586e-06 2.557468134564628e-05 0.0036285304388938315 0.0003838838968949834 0.0016343159800620002 9.378222298212987e-06 3.510684024607309e-05 0.0 0.0015105262893527285 0.0002615128595374215 0.00016170000847979887 4.3572820026086994e-05 1.948571468419485e-05 0.0 0.0 2.8741706538280032e-05 0.0 1.9637851581329936e-05 0.0022418953908985182 0.00016068097190710966 0.0 2.111931407125234e-05 9.761676908284455e-06 4.976367461872674e-05 5.0476882377465734e-05 6.0129997599108904e-05 0.00014485425629322813 0.00019934235125044185 0.004118771621151763 0.004164459255010011 0.002076493438215747 0.0010332184985681028 0.0 0.00013470655221570102 7.64755678250784e-06 0.001657073390455133 5.138168811491977e-05 0.00014933020921404443 3.585237441193214e-05 7.12569135021314e-05 0.0 0.0 0.00945353883320592 0.0014496437175801672 0.0001544935755002852 0.008228911894509161 0.0031769201020349154 0.002312298166129117 0.0007543960673064457 0.00012617018529238752 1.9500254583777555e-05 5.7059590548747934e-05 0.0 3.6056520147585954e-05 0.0004009624975008222 3.6249704184297954e-05 0.0001940127049406352 8.177442722828647e-05 8.335903470123434e-05 5.306873496648737e-05 0.00012600256544813927 7.202927511995472e-05 3.019648486980152e-05 9.726783425429203e-05 0.0 1.0913638177212046e-05 5.501309101761865e-05 0.019599181201909295 0.0052200013119286124 0.00032377429147012124 0.00013138044530251102 0.02117020389101986 7.153178314682388e-05 0.0018615892802828966 0.0015589516693396753 0.0019074427379014505 0.0011151604007951584 0.004991388800410976 0.006090475335751137 0.002135141191159346 0.0183264437364302 0.015259954620746911 0.0005100657567329924 0.011111086312743193 0.01531243617800609 0.003875939446852107 0.0020908444996434214 1.3233924115771683e-05 4.8902625148615464e-05 1.5122040805781766e-05 1.6122426453806075e-05 0.0 0.0 0.0 0.0 0.0 0.0 2.6976891114333078e-05 0.0 2.3115865190804154e-05 0.0 1.3753514853276996e-05 8.198895579827071e-06 8.58158354346948e-06 0.0 0.0 0.0004520870414365635 6.0238344086752555e-05 0.0 0.0 0.0 0.0005381366771322467 0.00017480144967804356 0.001126651470648152 0.00013495523534967456 5.862107602747199e-05 0.0 2.1802688834334217e-05 0.0 0.0 3.6641633806816984e-05 0.0 0.0 7.639927253814435e-05 7.212492590134876e-05 0.0 0.0 2.224078122837144e-05 8.167057095049728e-05 6.267715501169954e-05 2.7734377101445155e-05 0.0 0.0 0.0001130422259907377 0.0001291480236662292 0.000220330695004814 0.0 3.175448474553029e-05 0.0007380874973408258 6.247331396885728e-05 1.3769410092700551e-05 0.0 0.0 0.0 0.0 0.0 0.0 0.0 0.0011525510404035869 4.091231637029476e-05 9.53513961346611e-06 1.4448154456196386e-05 1.085846653419448e-05 0.00015799117480507025 1.1512400419023579e-05 0.0001669218380225714 0.00018569364244745324 0.00014833704204393586 5.1371728436310674e-05 7.656932940757972e-06 1.1528151330273235e-05 0.0 1.9342193506544236e-05 7.71724556367567e-06 0.0 0.0 0.0 0.0 0.0 0.0013642906841436462 0.0001390107458153964 0.00023722594140892394
0.005768121425949675 0.09281697353970328 0.1414077902857015 1.7627765169054547e-05 0.04884033878929311 3.6631603774689434e-05 0.035628454033661064 0.26444490876555465 0.07989593140572136 0.0011033457016534343 0.0 0.011700462009849123 0.11999914121852105 0.3103081652707862 0.001320796163962464 0.0009596147965431653 8.626898399898693e-05 7.382267683382735e-05 2.177520750849256e-05 6.1027973872219864e-05 0.0002983775822820418 0.0005578132288390856 2.4790867623473105e-05 9.889525494705222e-05 0.002222715249479464 0.0008555413048522133 0.0002533894382810446 0.0025646044261208516 0.00043814095969177684 9.044945679803484e-05 0.014455636114726627 0.003533895692149955 0.05021673071728609 0.00028219705261618076 0.0003721950695092725 0.0010165842714770443 0.023110794328531272 0.005834125426586508 0.0004270652094196622 0.001892662992310917 0.00025968754474334975 0.0018056741899089828 4.072242394709699e-05 0.00021162567207477092 0.00011245427542933592 0.0001848800179737501 0.002421597397673473 5.254888040328784e-05 7.368915982304012e-05 7.075211459188155e-05 0.0 0.0008155142918102129 0.0008214493798076421 0.0024739971193061382 9.376502878914131e-05 9.335204484161367e-05 0.0014930511592457963 0.0027495809634315647 0.0009214257117499452 0.0008619833178846049 0.00041745551318231734 0.004360108791978416 0.0006276809277985387 0.0017379979290747844 6.28878674206128e-05 3.926073648621889e-05 8.657970910743847e-06 9.02331311094983e-05 0.00018473301326232537 0.00030217539970768016 0.0062888082852397805 0.00029572566434202767 0.0 0.003417001271671476 0.0025384831605307395 0.003653392927951008 0.0018474060652791844 0.000474220139879969 0.0016568698799703668 0.0757108810881026 0.0002692363976025567 0.029057504718415308 9.625436905949832e-05 7.21864034957632e-06 7.658801033595096e-05 3.15461659081604e-05 7.41629198990188e-05 2.167876680193176e-05 1.1628335775165404e-05 2.77378937427574e-05 7.541767127954784e-05 0.0002662693077978803 0.00030727412507770233 0.00019831715874488778 0.0007046699966433337 0.0011337947096143233 0.00012664138729374293 0.00010429073559636482 0.0001494287325916737 0.0017210826831311377 0.0 4.2742438482359226e-05 7.85684504997763e-06 2.2715822669535513e-05 6.185734511873039e-05 0.00018832712104066324 0.00012785522448215272 7.520736392067098e-05 0.0005948660546479307 0.0003576243281856085 1.6706299614969034e-05 0.00017954796878090503 0.0005144655840430075 0.00019757674641863342 0.00023785981729871906 5.421845733815114e-05 1.0277739623761307e-05 0.0 1.4501419311941679e-05 0.0 0.0 0.0 4.0023152392675715e-05 0.0 1.0427161185467153e-05 1.7294799554581046e-05 1.1926810577215769e-05 7.395334814825406e-05 1.5805291415595775e-05 9.385045037587385e-05 3.6505509577404636e-05 0.00010268524450915166 3.330209868309697e-05 6.2625929373378925e-06 0.0 0.0 0.0 1.3907263156367895e-05 1.556028477026684e-05 0.0004101458555547648 8.708496065981081e-05 0.00042490601751920865 0.0003913193760999368 0.00025842839626791713 0.0 1.261913782552119e-05 0.0 0.0 3.720861126013952e-05 2.6435928943680845e-05 2.3756682282883437e-05 0.0 2.1409757191482476e-05 0.0 0.0 0.0 0.00015778517504728303 2.2337250386722782e-05 0.0 0.0 0.0 2.8506991164246433e-05 1.325199721043568e-05 1.7169054538362126e-05 0.0 0.0 0.00017868439382640332 0.0 0.0 0.0 0.0 0.0 0.0 0.0 0.0 9.510479670636651e-06 0.00040368434580357124 0.00010900514245649329 0.0 1.167969280902785e-05 2.7965198718615365e-05 3.0186965935293335e-05 0.0 9.458859431846331e-05 5.502417531791248e-05 6.006064817020657e-05 1.64002328405888e-05 0.0 0.0 0.0 0.0 0.0 0.0 0.0 4.8230629032533314e-05 0.0 0.0 0.00023897559875347526 0.00038312299462378395 0.0007153385857561834
0.002878839871485155 0.017142850925013272 0.004299234506401873 0.025668152630907486 0.0038753392190844288 0.004277035105457681 0.02876868060645943 0.000977397539132662 0.0010463999105073153 0.18279072595950813 0.011700462009849123 0.0 0.09020742261472597 0.019203437254753063 0.002492613598681427 0.0011038941042259686 2.9151720636179273e-05 1.1968292253230212e-05 0.0 2.4560474335077027e-05 0.00014006363432848444 0.0005434614669800588 9.553704665454019e-06 9.61181232633445e-05 0.0010323523588140092 0.000296996034203654 0.00016541582887967649 0.0010188906377650553 0.0003228749458899268 1.792779964653245e-05 0.0007891143331720639 0.00011081541504755274 0.005435508892506566 0.0001149496593773115 0.0002909724849336506 0.00036947687338181976 0.007377799427964523 0.0009569871422901337 0.0019281552694809052 0.0005892843327161061 7.24666836364081e-05 0.0010372567144836106 3.2464966305429105e-05 0.00016473915684114338 0.00011360361499509047 0.00010196008803299137 0.004189409338336108 0.00012703313016905484 5.320515457721617e-05 6.959788856042602e-05 2.0383035531512544e-05 0.0015557521423734304 0.000900330239244565 0.00242062838969468 0.0001024768827354433 0.00014843293957994975 0.0006279328208117918 0.0010718489373651673 0.0007723646942378098 0.0013170016231484867 6.597476874991476e-05 0.0005241288927652476 0.00030311458245039515 0.00105249943847342 4.3929661865886566e-05 4.5699592921774786e-05 9.511820525929583e-06 0.00015648536896315142 0.00025403552361012363 0.00027021590946511615 0.018606027680383285 0.0008109376164470096 0.00013847656655161178 0.0033946828392990244 0.0018062955289052502 0.003950279762630607 0.0020213747745014107 0.0005605569353592526 3.831583182977124e-05 0.0009889849327812227 7.5270112016859954e-06 0.000484665682991354 5.178207102306448e-05 7.937343442334138e-06 0.00011222603206169503 8.864064300787282e-06 8.794373243476203e-05 1.9450304102978956e-05 6.0115219739096124e-05 0.0001174893650073039 0.0001508278731881178 0.000395303711049108 0.0001944318184384583 6.422983440259508e-05 0.0005765491312427329 0.050730863554534766 0.0032974740342332433 0.00034593554477084656 0.002156998018578048 0.002016534056175779 0.00015989836195432947 0.000862176245855202 0.0012666539310404235 0.0010842357792534628 0.0008854833334610862 0.004614599379734293 0.004883020174687746 0.001817657198462897 0.012982298558661242 0.01447483168011999 0.00041335195229810057 0.0046942594193899725 0.013500056110572606 0.004047914917260507 0.004619648492941172 0.00025420663112658837 0.00022459192122772288 0.0 4.3117259784566615e-05 0.0 0.0 2.1201053478982208e-05 0.0 7.61936260998652e-06 0.0 3.4650664928571495e-05 0.0 0.00013139802333601944 2.1557700294690178e-05 6.774755946940612e-05 3.865859417168976e-05 0.00017117581110811058 6.469205288040994e-05 0.0 0.0006307791198329422 0.00025807815886466265 0.0 5.4562293088531415e-05 0.0 0.0018171245535265814 0.0005883865530190026 0.004118370119829597 0.0006833618340709441 0.0005369710253790107 2.0731529615964123e-05 0.00010189542745917201 0.0 2.7635259340046043e-05 5.470231779977581e-05 9.519013500694857e-05 5.252784470126944e-05 4.130030257464326e-05 0.00016715828585199693 1.9622132225702524e-05 8.962968932409885e-06 3.132484615442403e-05 0.0002921594196608302 9.587316524471218e-05 6.956078949476717e-05 2.3997731025493927e-05 0.0 0.00014595625932177785 0.0002260850494690769 9.143020243369368e-05 9.213787502590703e-06 6.969934454170322e-05 0.0024191732714935878 5.4148693547717314e-05 0.0 0.0 0.0 0.0 0.0 3.0036230418169267e-05 0.0 1.011688561530633e-05 0.0031737571651059317 0.00023056224702640356 1.6758527273622375e-05 6.960632270575622e-06 5.039247522639264e-05 0.0004346891310411057 0.00014619490414673935 0.0003657960497189318 0.0002636401662921611 0.000379366257962566 0.00018733177808453528 4.642320627627662e-05 3.979633006264657e-05 0.0 0.0 0.0 0.0 1.1259793007174951e-05 2.379104687281758e-05 0.0 9.895778991346461e-06 0.0027096369525394888 0.0007290679672834087 0.0011788282988844116
