0.0 0.19194224797962647 0.04970663527605216 0.08111984094345828 0.01407716450087974 0.005803171090244259 0.03889125506352707 0.004110005224311686 0.005766968477429758 0.10759493282612849 0.018377593631520632 0.004107403198650377 0.009555002325987967 0.0031024953896945377 4.1984014458171724e-05 7.773697563197131e-06 8.460891883509988e-06 0.0 0.0 0.0 0.0 0.0 0.0 0.0 0.0 0.0 0.0 0.0 0.0 0.0 0.06215507443708115 2.6663650073665466e-05 0.000436408879006616 0.0 0.0 0.0 0.00025369435964436204 6.058655994752954e-06 6.06589633004337e-06 0.0 0.0 5.0571393752680695e-06 0.0 0.0 0.0 0.0 0.00045437535992849177 4.388653836237784e-05 5.126068408101861e-06 6.246168968998242e-06 5.8572318899528676e-06 1.0156255990951553e-05 0.0 0.0 0.00025471099782434654 0.00023310423488309307 0.003196455995009989 0.049774840068861924 0.0003057886795034557 0.0005240414719896518 5.0598766929171395e-06 6.162994300524351e-06 0.0 0.00044959046068566744 0.00025903822150147575 0.00010813275434339092 1.0661400220570226e-05 2.74684638527223e-05 5.6583041919875965e-06 0.0 0.0003962040756921723 0.00029035826252618146 7.52027365658025e-06 0.005546736858204962 0.0023765526055158246 0.0011647946503554627 4.424719276365292e-05 6.421323302413335e-06 6.265838455601068e-06 0.0003154911850122225 5.52906897070826e-06 3.513913468905839e-05 0.00024814541427236204 0.0 0.00015070574202014203 3.6920301239552324e-05 3.067097860529571e-05 6.8193919086115436e-06 5.459592222521504e-06 9.19138971283241e-06 2.1571185366510062e-05 1.6364574261565297e-05 0.0 2.300589614438087e-05 4.807810532788261e-06 0.0017556078890738887 0.0009942018066582121 0.0 0.00025599970699555853 0.03381579638043879 0.0 0.0 0.0 0.004043886762802707 0.0 0.0005246296368559172 0.0 0.0 0.004668723069856171 2.3040848778005047e-05 0.0 0.0 8.113291826489675e-05 0.0 0.0 0.0 0.0 0.0 0.0 0.0 0.0 0.0 0.0 0.0 0.0 0.0 0.0 0.0 0.0 0.0 0.0 0.0 0.0 0.0 0.0 0.0 0.0 0.0 0.0 8.600073699540208e-06 0.0 8.059969281602844e-05 0.0 0.0 0.0 0.0 0.0 0.0 0.0 0.0 0.0 0.0 0.0 0.0 0.0 0.0 0.0 0.0 0.0 0.0 0.0 0.0 0.0 0.0 0.0 0.0 0.0 0.0 0.0 0.0 0.0 0.0 0.0 6.57019485358065e-06 0.0 0.0 1.6424472496506568e-05 0.0 0.0 0.0 0.0 0.0 0.0 0.0 0.0 0.0 0.0 0.0 0.0 0.0 0.0 0.0 0.0 0.0 0.0 0.0 0.0 2.3556130987969206e-05 0.0 1.0513055819198565e-05
0.19194224797962647 0.0 0.06738964514706224 0.04977200764936055 0.13679286805757376 0.04070929826045826 0.1903745501930545 0.007807233862418156 0.11778350670880877 0.04347030600875317 0.09112045920156568 0.03370792823346814 0.051048639631145934 0.10217750422673041 0.001523862201896121 0.00023745994059798693 6.6464267577873e-06 9.152518291276718e-06 0.0 0.0 1.0391766038031854e-05 0.0 0.0 8.081422935229003e-06 1.4665468481808268e-05 5.6877120995366645e-06 5.0308758994618484e-06 5.643317776578933e-06 0.0 0.0 0.15784842803204802 0.001647387868355529 0.003538089317781162 8.231104097826106e-06 1.3194888014339162e-05 4.851724712938491e-06 0.001107002863607381 7.154192718228833e-05 0.0001763155000363059 8.038444278083952e-06 5.886466878938396e-06 2.7187848501988546e-05 0.0 3.732702500744313e-05 0.0 4.472050109084367e-06 0.006734783324701235 0.0003198764925384915 6.114684127571861e-06 2.5111635875104925e-05 0.00010037742182287556 1.3869068953629777e-05 0.0 5.832586797595717e-06 0.0010240752814908132 0.0008680326657059918 0.004824177936702631 0.034362673706669074 0.001021100594080695 0.00368501258793836 6.156641431987835e-05 2.0122980645104256e-05 0.0 0.007540037839180406 0.0011090575373804725 0.0004444501911306821 1.4129896460879835e-05 0.00019109551741323954 5.0304543894779534e-05 5.544994686469368e-06 0.0023476814820964534 0.000439355734502404 0.0 0.016966105266919548 0.013543122324059383 0.011818949240214116 0.0019199020112485074 0.0006935765761913617 5.864918959512783e-05 0.00195513579282938 3.76870691572828e-05 0.0002568770789987572 0.0012952350426727913 1.0687591087367973e-05 0.0007672535565782415 0.0002569565065387474 0.00022686085947224758 0.0 0.00011649093218045214 3.3563802086440096e-05 0.00011830376129510516 5.125079498588716e-05 0.0 4.1387565029950706e-05 1.3045172435911454e-05 0.004807200359418028 0.0018977732386418168 0.0 0.0013498546631353166 0.07479576882282937 7.318287902212856e-05 0.00020782266245025739 0.0007143356146886637 0.002332478408961184 0.0002753490873411461 0.004766543503329141 8.191460586490095e-05 0.00204378731222543 0.0042719889467232935 0.00025644946650050853 0.0 0.0014513028332179974 0.0009338194534612989 7.396879557224497e-05 0.00031899729607656535 0.0 0.0 0.0 0.0 0.0 0.0 0.0 1.2163133730023363e-05 2.398990056225468e-05 0.0 0.0 0.0 0.0 8.693913917860494e-06 0.0 0.0 8.624505581629702e-06 7.209022760437338e-06 1.3110040820438785e-05 7.465487683423136e-05 1.489886153560093e-05 0.0 0.0 0.0 0.0003307039524993862 0.00013308526736656518 0.0006892997402281789 0.0003055092854950033 5.6718989487239576e-05 0.0 6.63210347667571e-06 0.0 0.0 0.0 0.0 0.0 2.093856615943606e-05 1.9782007901884294e-05 0.0 0.0 0.0 0.0 0.0 0.0 1.6945293136967067e-05 0.0 5.302481941211948e-05 0.0001633613352279736 0.0 0.0 0.0 0.00010186670183811173 6.096845814980513e-05 0.0 2.859683470559582e-05 0.0 0.0 0.0 0.0 0.0 0.0 0.000650555010479943 7.714636640232229e-06 0.0 1.130499220173458e-05 0.0 0.0001282560430521497 0.0 1.9914693520034684e-05 8.495792305800894e-05 0.00015434195499710823 6.741397326290422e-05 6.729441854324644e-05 0.0 0.0 0.0 0.0 0.0 4.912959289399944e-06 0.0 0.0 0.0 0.00045433707189723537 0.00015661431813230917 0.00021436628324614582
0.04970663527605216 0.06738964514706224 0.0 0.005090990594028841 0.016110775159439008 0.004223340448528307 0.010289157291013838 0.04056143905976208 0.015343590203684093 0.003007407603390601 0.11283589093127891 0.008783608281832417 0.027427819831219998 0.08830130616767626 0.0010316017168401882 0.0017359762963990862 0.0002068288994655853 3.732825768176624e-05 7.478309007322375e-06 0.00011185143772341926 0.0002129322683395817 1.5153218027286231e-05 0.0007175093569674384 8.967955844948168e-05 0.0003897650970686572 9.163311095755305e-05 0.0005340137090525753 5.547541541875391e-05 2.6525789070061127e-05 1.5837728752222184e-05 0.2484670619701666 0.021328990503491754 0.016473814246208057 0.00015243112596538907 0.0004412237208614795 0.00016927650239140736 0.003398910850159429 0.0004728533717347955 0.0005220094946174357 0.00010550121416939956 0.00023559963652383152 2.598013446988038e-05 0.0001816966317197363 0.0005341072378495991 2.481412319095327e-05 0.0 0.002985624616287247 0.0002615720824132131 3.9169239785266936e-05 0.00032704504018360794 0.00012670196138552114 9.808937304331723e-06 7.814727109155075e-06 2.107036871773768e-05 0.0007939839821770962 0.0007133123195636885 0.004512833329610615 0.040946794317112824 0.0006375209799593381 0.0019180571724734528 0.0005248447374760365 0.0012486109000026577 6.964209946461667e-05 0.02325472140855135 0.0006906316735841077 0.000266479994746966 4.3243100413040715e-05 0.00011786989644772766 0.00023570602634887135 0.00028494233727741715 0.004007559774953738 1.0183298439704213e-05 0.0 0.015196110871915303 0.018340031294986694 0.006464010573311784 0.002825964938676077 0.0028107842362504083 0.004516873181102169 0.10712790896349271 0.00013561415183313772 0.060597998874811994 0.0008685335339785102 1.9213306027238144e-05 0.0006498620330409719 0.00017132126188705221 0.00018101489398739573 0.0 1.1028212537292584e-05 0.0 0.00014435534554755873 6.323043190121509e-05 0.00013743754660778737 0.0004116837257742467 8.959081009527034e-05 0.001870354958526289 0.001482280355305337 0.0 0.0008876405395779271 0.011945429058745112 0.00011619043623137413 0.0 5.774133188129468e-06 0.0 1.2173340122324816e-05 0.00030224166438502504 0.0 5.2785255012311496e-05 0.00023494967845341525 5.0530223185758305e-05 0.0 1.1329110564001334e-05 4.663754427851374e-05 8.99487448065169e-06 7.495537907888811e-06 0.0 0.0 0.0 0.0 0.0 0.0 0.0 1.1472310638107647e-05 0.0 0.0 0.0 0.0 0.0 0.0 0.0 0.0 0.0 1.8679746073284514e-05 0.0 0.0 3.852358998925539e-05 0.0 0.0 0.0 0.0002070466156888309 0.0 0.0002856895418939734 6.393118689819785e-05 4.612879687931254e-05 4.332729622439105e-05 1.9048920491161265e-05 0.0 0.0 0.0 0.0 0.0 0.0 7.341191301718105e-06 0.0 0.0 1.9862982475430794e-05 3.1493447285749066e-05 0.0 0.0 0.0 0.0 6.443143106900744e-05 2.3656082114748617e-05 0.0 0.0 0.0 0.00014981525003078725 0.0 0.0 0.0 0.0 0.0 0.0 0.0 0.0 1.4076980442499422e-05 0.00019656914332024923 3.997161004035062e-05 0.0 0.0 7.388079093573897e-06 0.0 0.0 0.0 2.8088139349845776e-05 0.0 0.0 0.0 0.0 0.0 0.0 0.0 6.066691671494611e-06 0.0 0.0 0.0 0.0 0.0003728527805929911 0.000161934752881705 0.0001695706351891702
0.08111984094345828 0.04977200764936055 0.005090990594028841 0.0 0.006706259129222894 0.03669560672398998 0.053356153750154595 9.886628901431927e-05 0.002996188995343397 0.12418184508040424 0.003584316828076468 0.019835521234915304 0.024351481923288693 0.000521740477821322 0.00045264211784182436 5.738101702156792e-05 0.0 4.994350630261001e-06 0.0 0.0 0.0 0.0 5.030483055346618e-06 0.0 0.0 0.0 6.617258501936736e-06 0.0 2.2621078892082397e-05 0.0 0.0037239486638289015 0.00010690275522155377 5.117291783709535e-05 0.0 0.0 0.0 0.00014904745467460151 0.0 5.920990363943098e-05 0.0 0.0 0.0 0.0 4.09324303598471e-06 0.0 0.0 0.0026859528037983756 9.108257938235202e-05 1.0764834900935543e-05 6.108815808747989e-06 2.6230765657755016e-05 0.0 0.0 0.0 0.0002787591639681148 0.00035121409277179646 0.0023040269777822647 0.008813140285731668 0.0002599290710797047 0.0012219753613670196 5.0920773192084475e-05 5.7020013845229e-06 5.414667811831361e-06 0.0014698809199641292 0.00048742511961428006 0.00016364568763426506 0.0 5.967395788553551e-05 4.5198436248724916e-06 0.0 0.00026055787180840224 8.956413530831784e-06 0.0 0.005451853957734738 0.0037974188378108384 0.0038297207893439192 0.0003664813249897179 6.64770916718269e-05 6.70094898816449e-06 0.00011012615031038006 0.0 6.505567883513877e-05 0.000383199837948832 5.429726416543255e-06 0.00021604762164349902 0.0001334200108444452 6.0673380175816365e-05 6.0063888406910755e-06 4.299509909827081e-05 0.0 4.613778067021691e-05 1.5293261917902654e-05 1.2986615998658638e-05 2.2444859346739466e-05 0.0 0.0006679815552856871 0.0005958478353049408 0.0 0.0004496806494683013 0.03283683410209427 0.00013127786462110638 0.0007285439351742779 0.000765824490836001 0.006776243474816461 0.0 0.0017346702462660054 0.0010112866559882938 0.000438671445801546 0.009902049763819152 0.0004651231430444769 1.6692965500466624e-05 0.00039527611997267466 0.0011963174497279622 2.4795414829375954e-05 6.609184128370911e-05 0.0 0.0 0.0 0.0 0.0 0.0 0.0 0.0 0.0 0.0 0.0 0.0 0.0 0.0 0.0 0.0 0.0 0.0 0.0 1.0653240730779433e-05 0.0 0.0 0.0 0.0 2.2736603601917062e-05 4.098869688524875e-05 0.00020614400093299713 0.00010334532175966974 0.0 0.0 0.0 0.0 6.847604495604865e-06 0.0 0.0 0.0 1.639429149188458e-05 1.583581069922368e-05 0.0 0.0 0.0 7.116597788224489e-06 0.0 2.00741563332189e-05 2.4457922282099887e-05 0.0 1.4799738906987619e-05 9.884955158860212e-05 0.0 1.173818719953101e-05 0.0 3.5786859927537685e-05 1.8356956640372473e-05 0.0 0.0 0.0 0.0 0.0 0.0 0.0 0.0 5.405022145745665e-05 0.0 0.0 0.0 0.0 0.0 0.0 0.0 6.598384944372502e-05 6.210767880313036e-05 1.4771633764538626e-05 2.5707668536011387e-05 0.0 0.0 5.472095661663397e-06 0.0 0.0 0.0 0.0 0.0 0.0 8.825759328068278e-05 7.851737473685395e-05 0.00010467729330877664
0.01407716450087974 0.13679286805757376 0.016110775159439008 0.006706259129222894 0.0 0.0009768688947363942 0.05798501070561339 0.004373835904367267 0.16227987946752337 0.004319587279633557 0.0661992866397554 0.01480113657499971 0.046750697568478314 0.32437915650513593 0.0021155605998289793 0.000397872574046772 0.0 0.0 0.0 4.630914422580214e-06 0.0 0.0 0.0 0.0 0.0 0.0 0.0 1.3056134297665274e-05 0.0 0.0 0.02071181960710871 0.002925700496864013 0.004598268238872932 0.0 0.0 0.0 0.0013638519654737909 1.5692332780241004e-05 8.886311295908992e-05 0.0 0.0 0.0 4.926403707715284e-06 8.110556943131062e-05 0.0 4.35848626218384e-06 0.0048154258180605185 0.00010221231694111645 0.0 2.0753491672700904e-05 2.5399413495952355e-05 0.0 1.2019834605477746e-05 0.0 0.00033886921365709137 0.0002646086759281951 0.0008024117194442786 0.004964081244107193 0.00021156991306821643 0.0014182049962956707 1.4011150932946583e-05 4.817445958065826e-05 5.749572456527827e-06 0.005341820630696855 0.000312722493975912 0.00013587665942050884 4.468804108670706e-06 2.527489744051879e-05 1.2169866641664938e-05 0.0 0.002342519974196636 1.0848463270786106e-05 0.0 0.004818871870142809 0.005510806732729299 0.0067802456716119855 0.0019800504144427598 0.0012771919197946788 0.00019175386665074533 0.0025454919066354004 8.414030952790279e-06 0.00019152662311829494 0.00033556724219052463 0.0 0.0002584114051392064 0.00010573202141913885 6.216464707571221e-05 0.0 5.697911860495149e-05 0.0 3.299704050917077e-05 4.2602487919455445e-06 0.0 8.794092524886115e-06 0.0 0.0010876998346703382 0.0006612795142244586 0.0 0.0008611962169759673 0.0021537407038799694 5.120249152821868e-05 0.0 2.113725462540808e-05 0.0 0.0 0.0007097916573182823 2.3200478214174035e-05 0.0003040424550939547 0.00017408401241523564 0.0001451053571528358 7.229048576798532e-06 0.0003050759633265157 0.00041078445061309765 6.531079457362368e-05 0.0003223122360156925 0.0 4.8105773137459734e-05 0.0 0.0 0.0 0.0 0.0 0.0 0.0 0.0 0.0 0.0 0.0 0.0 1.1839828899062711e-05 5.406345056697806e-06 0.0 8.952984538928546e-06 0.0 1.7962411040053795e-05 3.132102985027779e-05 0.0 0.0 0.0 0.00019729836776383918 0.0 0.0005683683256494146 0.00011364489995895574 8.623566281277262e-06 0.0 0.0 0.0 0.0 0.0 0.0 0.0 0.0 0.0 0.0 0.0 0.0 6.712097199049891e-06 0.0 3.773965109028316e-05 0.0 0.0 2.2987923106403852e-05 0.0 0.0 0.0 0.0 0.0001373398522361443 6.667074157625692e-06 0.0 0.0 0.0 0.0 0.0 0.0 0.0 0.0 0.0007771797288913069 0.0 0.0 0.0 0.0 2.3762000610791207e-05 0.0 5.4535093503731605e-05 3.496602054286993e-05 1.880578356025409e-05 0.0 0.0 0.0 0.0 0.0 0.0 0.0 0.0 0.0 0.0 0.0 0.0005623374193067628 0.00011771998990341057 0.0003232787240349027
0.005803171090244259 0.04070929826045826 0.004223340448528307 0.03669560672398998 0.0009768688947363942 0.0 0.00576669244274214 0.00040716330337583264 0.0004857907516907172 0.056832296777553526 0.0016498099290218318 0.00937267272124963 0.004137863706404181 0.0004828335508801895 0.0 0.0 0.0 0.0 0.0 0.0 0.0 0.0 0.0 0.0 0.0 0.0 0.0 0.0 0.0 0.0 0.004130709524430407 2.3340470481044545e-05 0.0002018286578524168 0.0 0.0 0.0 0.0004069454058399185 3.295715675854891e-05 0.00015514277905804603 0.0 0.0 0.0 0.0 0.0 0.0 0.0 6.0194597213327455e-06 0.0 0.0 0.0 0.0 0.00013176079259265728 5.343926491722396e-05 0.0 0.0 0.0 0.029535702764565512 0.0033159589608132314 0.00034430192165974 0.0 0.0 2.8621488192058e-05 0.0 5.583986983137439e-06 0.0 0.0 0.0 0.0 0.0 0.0 0.0024352621302590606 0.007065680903181851 0.00015411953723563738 4.460666149759303e-05 8.062147551857161e-06 0.0 0.0 0.0 0.0 3.297836782253981e-05 0.0 1.9086891225247637e-05 0.0 7.249239757028741e-06 0.0 6.21630945859876e-06 0.0 2.253956961404572e-05 7.3282106577054704e-06 0.00012334931764484746 1.3668154790710035e-05 5.508262502579623e-05 0.0 0.0 0.0 0.021249161531797216 0.011657036456384086 3.759906661930304e-05 0.0027709260721197823 0.03249429609290214 0.0 0.0 0.0 0.007267617009775655 0.0 0.0002267682003045045 2.729695382000436e-05 0.00011796162177128656 0.002318178500395629 0.00018694725185821804 0.0 4.084980634466293e-05 0.0002169197569842771 0.0 0.0 0.0 0.0 0.0 0.0 0.0 0.0 0.0 0.0 0.0 0.0 0.0 0.0 0.0 0.0 0.0 0.0 0.0 4.5275334644870655e-05 0.0 0.0 0.0 0.0 0.0 0.0 1.8282204616881953e-05 0.0 1.3005360454887568e-05 0.0 1.7828850756159666e-05 0.0 0.0 0.0 0.0 0.0 0.0 0.0 0.0 0.0 0.0 0.0 0.0 0.0 0.0 0.0 0.0 0.0 0.0 0.0 0.0 0.0 0.0 0.0 0.0 0.0 0.0 0.0 0.0 0.0 0.0 0.0 0.0 9.124986466201025e-05 0.0 0.0 0.0 0.0 0.0 0.0 0.0 0.0 0.0 0.0 0.0 0.0 0.0 0.0 0.0 0.0 0.0 0.0 0.0 0.0 8.810206436481909e-05 0.0 0.0
0.03889125506352707 0.1903745501930545 0.010289157291013838 0.053356153750154595 0.05798501070561339 0.00576669244274214 0.0 0.0011814760454215607 0.09196083225453809 0.07722118387569898 0.019225717908518875 0.0859682163877159 0.25718222013244624 0.23099834788115398 0.007341430185775705 0.0014733092319448573 3.443880611261091e-05 1.336299675570045e-05 1.0322820636693259e-05 0.0 3.965728606235758e-06 0.0 6.715798579661231e-06 0.0 3.3698592106720575e-05 0.0 7.662786253484907e-06 1.9126001459091324e-05 0.0 4.643424157300878e-06 0.027064558066891932 0.006495127181942063 0.0031321340793110278 4.278223508743566e-06 7.007287234340778e-06 8.41906237934303e-06 0.0029640516736148493 7.401005721520689e-05 0.0004965140311550149 2.6390395513629256e-05 5.500115603946368e-06 3.242261763224396e-05 1.4478969515450153e-05 0.00024508595857293053 0.0 6.418697626361113e-06 0.021653158166186872 0.0005771244734619399 8.623626215187146e-05 5.938274287867984e-05 0.0002369262635462682 2.222865112446185e-05 2.208887584520626e-05 5.396743459663497e-06 0.001547824701161633 0.0016737084901795058 0.005817857431927329 0.028385055127510193 0.0013561973361918653 0.007677675582255135 6.862313569783463e-05 0.0001837737131364901 2.9015922990190333e-05 0.01796963182169626 0.0019387679196845385 0.0008547521779662368 5.368312877762641e-05 0.0002538458866706545 8.07890592086635e-05 4.8818960643396966e-06 0.0054035537947524906 0.0001578293505648845 5.834069196543356e-06 0.027385513399187766 0.026576398435807013 0.03109353267861196 0.006375776465058147 0.0028851374335667527 0.000347224897185844 0.0007293160597901309 4.6239319122256793e-05 0.0004348089365668816 0.0022920966218181356 2.872827715679182e-05 0.0016827902140579595 0.0005245958753457962 0.00035756467013734307 4.684478885573905e-06 0.00020540116460869654 9.708851032461391e-06 0.00028943216777976816 6.762252899933461e-05 4.055919781189539e-05 4.387829115418952e-05 4.088677272408291e-05 0.009120612743798806 0.005355342862785493 3.828298220219264e-06 0.003901813723207753 0.014457701982216208 0.0006653241402829519 0.0009434157152024533 0.004578113407635716 0.005511098642348345 0.0002177332641182044 0.004706162300544321 0.001206328560730673 0.0036845741856575106 0.01501468364857668 0.0026737889578285403 0.0002520706060666049 0.003672700664499693 0.006001034656183308 0.0009186855187917847 0.0012588286037803383 0.0 0.0 0.0 0.0 0.0 0.0 0.0 0.0 0.0 2.2628294464762982e-05 1.8311261650840918e-05 1.6748163456298423e-05 6.996808033625971e-06 8.18492132685147e-05 0.0 1.0181494546534066e-05 5.610956277264795e-05 5.155403286937198e-05 1.923070658725237e-05 0.00016461684739262764 0.0001230740170217111 0.0 0.0 5.3745238439536854e-05 0.0016946330530830844 0.0005936787960479191 0.002660672067838105 0.0012708608771903492 0.00010656615412823151 0.00011595806557957368 5.8387406838725796e-05 3.2398461916209835e-05 3.729215967251123e-05 3.714611399680101e-05 5.128421443622828e-05 0.0 0.0001002588420785166 0.00023162871910157378 6.012800258110147e-06 0.0 0.0 9.542621815156539e-05 2.5935288124366984e-05 2.3583763122599964e-05 5.196661572257113e-05 0.0 0.0006066892147904952 0.0005423358228765069 0.0 0.0 1.2940040887215078e-05 0.0010212307702811478 0.0003205431758631727 9.931113796782892e-05 3.584915006270619e-05 0.0 0.0 1.1983145651228885e-05 0.0 0.0 6.441896834127493e-06 0.004065929596562139 1.203237623779751e-05 0.0 5.067420055399005e-06 7.171606708811103e-05 0.0003438804519675495 5.8686663398196655e-06 0.00020311608314526504 0.0005976310156012305 0.000511090325701487 8.516607126064034e-05 0.0001437037707725144 4.724148082871295e-05 0.0 0.0 0.0 0.0 0.0 0.0 0.0 0.0 0.0034874465867269157 0.000873494226346142 0.002055721530736987
0.004110005224311686 0.007807233862418156 0.04056143905976208 9.886628901431927e-05 0.004373835904367267 0.00040716330337583264 0.0011814760454215607 0.0 0.006339244326541453 0.00023732147647793653 0.05980292621666525 0.0022157288334196104 0.005207808853495382 0.03498333988656038 0.00039441598568385275 0.0007014572062584886 0.00010761102504106133 1.7804018894965678e-05 2.7670580471187055e-05 8.574973436838007e-05 0.00012280048251827228 0.0 0.0005372623662004782 0.0001764503572094266 0.00016607595353823108 3.904403709204222e-05 0.00038850799673933214 2.635288645531933e-05 0.0 0.0 0.09758323840835594 0.056240718074521856 0.008400083769554392 0.00014765825463565696 0.0002971727682262572 4.335652030104004e-05 0.0007481654528245226 0.00033207583717848255 0.00022795405272948223 4.165961251768414e-05 0.00021462466680971748 8.29437751845739e-05 0.0004156697798663931 0.0002879380674497207 1.9757489560513036e-05 8.421405174055868e-06 0.001169168318195997 0.0001395282122047052 5.599724712916483e-05 0.0003660614371666196 3.480015764430843e-05 8.111652625660144e-06 0.0 1.0289035623078237e-05 0.0003222038870065395 0.00022006305426382685 0.0013697393846639448 0.012640047284611496 0.00019211856407270632 0.0006488016976684526 0.0012616665612925047 0.0031818053236565206 3.196621839021814e-05 0.018927415152735116 0.0002360186173638817 0.00010625021890177864 0.0 0.0001464766811057164 0.000261077662492176 0.00027371296714815904 0.0009998321660351572 1.2773746111949968e-05 0.0 0.00534490528675869 0.006451137972762879 0.002603046164973848 0.001959474954182972 0.005418991104549107 0.011243566189313901 0.09647551011276159 0.0011673406751647934 0.11600091802295553 0.0002741923549059151 0.0 0.00021560174357271314 5.199978754681398e-05 0.00011588940641721648 0.0 5.473421510552298e-06 0.0 2.4942103913236434e-05 1.3976591143437638e-05 0.00018832189232199454 0.00016559178911500986 0.00014871719700644762 0.0003725849620553699 0.000338995413150288 0.0 0.0002623964947486853 0.002694294916997237 0.0 0.0 0.0 0.0 0.0 3.405628926479489e-05 0.0 8.958440707195626e-06 1.0436851615538496e-05 0.0 0.0 9.190368150250712e-06 8.45190204884999e-05 0.0 0.0 0.0 0.0 0.0 0.0 0.0 0.0 0.0 0.0 0.0 0.0 1.197509486509818e-05 0.0 0.0 0.0 1.6989371421870557e-05 0.0 0.0 1.0321662669904883e-05 0.0 0.0 0.0 0.0 0.0 0.0 0.0 0.0 9.374284586256438e-05 6.965255012537436e-06 0.0 0.0 3.371260942270396e-05 0.0 0.0 0.0 0.0 0.0 0.0 0.0 0.0 0.0 0.0 0.0 5.677115717115688e-05 5.956836340194695e-06 0.0 0.0 0.0 0.0 0.0 0.0 0.0 9.084989898807606e-05 0.0 0.0 0.0 0.0 0.0 0.0 0.0 7.246210324524757e-06 5.0300947440481026e-05 9.341089174578462e-05 0.0 0.0 7.228675039124859e-06 2.4106128698090544e-05 0.0 0.0 0.0 0.0 0.0 0.0 0.0 0.0 0.0 6.087655109387242e-06 0.0 0.0 0.0 0.0 0.0 0.0 1.4153899404202473e-05 0.0 2.9810074157337532e-05
0.005766968477429758 0.11778350670880877 0.015343590203684093 0.002996188995343397 0.16227987946752337 0.0004857907516907172 0.09196083225453809 0.006339244326541453 0.0 0.0013511851313002137 0.05508724486797457 0.0074716903893951294 0.031522483995481236 0.27453688757648553 0.002008932733080005 0.0004856119904103723 5.045118597165187e-06 6.196258879627741e-06 4.743005104048629e-06 4.187808085274009e-06 1.2902034897887593e-05 0.0 0.0 0.0 2.1012099778582015e-05 0.0 9.096015891523827e-06 0.0 0.0 0.0 0.0176404744137966 0.0042812552173091285 0.004885183013296203 0.0 7.22813194052966e-06 0.0 0.0006770601437560606 0.0 9.427790416426519e-05 1.3788988352268572e-05 0.0 1.89646835486963e-05 1.1517205669430193e-05 0.00010764321475501612 4.4542684567019495e-06 0.0 0.005124060774473632 0.00011537146789271674 1.4492892397751987e-05 7.597277818449322e-06 4.484152226064955e-05 0.0 0.0 0.0 0.000297279079566415 0.0003666291283910206 0.0008129630062148194 0.0042997380372587915 0.00022233357531267978 0.0015029769072454134 1.1370891802064388e-05 1.2956630156978513e-05 2.4330465351970363e-05 0.005995788702327809 0.0003378939181231823 0.00012642507469624005 2.377134786644322e-05 8.363808770594904e-05 1.540919793888361e-05 1.7084186615489644e-05 0.0013636327433481034 8.13911813730613e-06 0.0 0.005214648736673479 0.006684214733740222 0.007270371232312837 0.0022246853820955333 0.0010495893911984344 0.00022930600896383573 0.004812650431886039 3.852529147434422e-05 0.0006416559773722498 0.00034255781886028433 7.496104509978084e-06 0.000309087702540632 5.5069518050502945e-05 8.473659904842306e-05 0.0 3.914729004003372e-05 4.840139588886472e-06 3.287238930864628e-05 2.4155827675719636e-05 0.0 9.06264051023409e-06 2.8511568645854632e-05 0.0008563687302412922 0.0010414575368999125 0.0 0.0007682255481924122 0.0009918771646172022 0.0 8.470660103529067e-06 3.447719319430659e-05 3.6863131928155096e-05 0.0 0.0005531403035551868 1.7092675154197467e-05 0.0002463830916482416 0.00027881711057363754 0.00021718906883318246 8.511721547086113e-06 0.00027169388773802105 0.00032369777832337186 0.00013342137278798572 0.00026768152945865907 0.0 0.0 2.0660947923901935e-05 0.0 2.0993252074861256e-05 0.0 0.0 0.0 0.0 0.0 0.0 0.0 0.0 1.966636231693725e-05 0.0 0.0 1.9893787162056234e-05 0.0 0.0 0.0 1.2719014028947119e-05 0.0 0.0 0.0 0.0004756258967785767 5.4246242276851313e-05 0.00024936730678727013 0.00014008024380647447 0.0 0.0 0.0 0.0 0.0 0.0 0.0 0.0 0.0 9.363279998508034e-06 0.0 0.0 0.0 7.443896534356643e-06 6.866887853376487e-06 0.0 0.0 0.0 0.0 0.0 0.0 0.0 0.0 0.00013406719130550828 0.0 0.0 0.0 0.0 0.0 0.0 0.0 0.0 0.0 0.0006698137458232882 0.0 0.0 0.0 9.5206803800873e-06 3.4851387286989055e-05 0.0 4.276593709311664e-05 0.0001047461081817821 3.078485639172422e-05 2.4355287559943576e-05 0.0 1.893629510520267e-05 0.0 0.0 0.0 0.0 0.0 0.0 0.0 5.410425011445829e-06 0.00026817418116147236 0.00013553929530303965 0.00031244904844998644
0.10759493282612849 0.04347030600875317 0.003007407603390601 0.12418184508040424 0.004319587279633557 0.056832296777553526 0.07722118387569898 0.00023732147647793653 0.0013511851313002137 0.0 0.0017712161259326293 0.18682906465410767 0.24239064980543557 0.014223191415345521 0.002639783400855703 0.0005877966210748805 3.236505127967899e-05 6.279068824238236e-06 0.0 0.0 0.0 0.0 2.935734355891345e-05 0.0 1.698886525733748e-05 0.0 2.709760431826152e-05 3.306044538148677e-05 1.3733138594181481e-05 0.0 0.003643392894426539 0.0007176996064199222 0.0012605635091589168 1.8828931144274553e-05 1.1732435139061748e-05 0.0 0.0024838648734466636 2.1680610499927378e-05 0.00047816046027690474 2.8329048065573727e-05 0.0 1.1460678087362226e-05 1.334989775480694e-05 7.046465208612024e-05 4.401108589570525e-06 1.6280589981661625e-05 0.008595874483446501 0.00015004820826993955 4.306797168164595e-05 8.722154625105655e-06 5.99485911773223e-05 6.701168661893026e-05 4.412326051822393e-05 1.0323321345058074e-05 0.0007489473490180368 0.0008524334132677138 0.0148059042398858 0.01750681898146288 0.0008718374961070842 0.003064970860629342 2.108463365981934e-05 0.00021386576123045987 4.909089606982829e-06 0.003892316629423379 0.0009610748224652983 0.00034520813538810373 2.316229972598826e-05 0.00011902892886773594 2.6818203594525075e-05 0.0 0.012324871187440824 0.002232725921961937 7.535758262122227e-05 0.011844886631061792 0.007984851724637502 0.010997145315798935 0.0017258392750800972 0.0007201340941390112 2.6958206773732117e-05 0.00045443639598436933 1.8525582458603382e-05 0.00030610737135399916 0.0011245151424442218 1.776301159338605e-05 0.0006521772892134471 0.00023308806489887572 0.00017227409059885848 1.203307001057793e-05 8.869816249974478e-05 6.3577704000552e-05 9.259010608338905e-05 3.4469576803110996e-05 0.0 2.267416405167908e-05 9.357787777559863e-05 0.03386531349180808 0.015626566292789294 1.3121182316040164e-05 0.007515182511426406 0.08588841189805822 0.000151191881576276 0.00035182412847870775 0.0021874771727067996 0.010786408780390062 0.00046050014342352596 0.014088325698285031 0.0013357047861862431 0.005229875767843608 0.015631315028968546 0.006601606003381896 0.0004200390538126515 0.00964806183168354 0.012213541330444073 0.001960569676846142 0.0025295220206739393 3.99668757651158e-05 0.0 0.0 0.0 0.0 0.0 0.0 0.0 0.0 0.0 2.7926601513899064e-05 0.0 0.0001357140039094778 0.00011866781782714741 0.0 0.00014086398712279957 0.0001401331803904122 3.3275533410448626e-05 7.981611150593032e-06 2.6135703257742913e-05 6.580280622592873e-05 0.0 0.0 0.0 0.0027450149422296815 0.00042725387606025147 0.0027408029817860154 0.0010512616656411801 0.00010112547718197619 0.00015530193422728106 0.00012487314653725605 0.0 0.0 0.0 0.0 0.0 0.0 0.0 0.0 0.0 0.0 0.0002092930897253098 0.00010192060206530645 8.14068363789353e-06 0.0 1.9824153024400235e-05 0.00030184361298674214 0.00025123625049402386 9.100115572418666e-06 0.0 0.0 0.0011060003002429995 4.063856785226612e-05 2.5204938031293023e-05 7.823191724663577e-06 0.0 7.790570553710453e-06 2.1738465609705252e-05 4.995611424835948e-06 0.0 0.0 0.007525286255994838 1.4693149721953424e-05 0.0 4.998372245979091e-06 5.1985028191946275e-06 0.00017636175994910572 2.7395974879946864e-05 0.0003157573839072789 0.00019603374421788434 0.00030678100961439983 9.284313294883818e-06 5.115670126559508e-05 0.0 0.0 0.0 0.0 0.0 5.221189566849151e-06 0.0 0.0 0.0 0.006314467161755516 0.0014794462683149984 0.002584713304451364
0.018377593631520632 0.09112045920156568 0.11283589093127891 0.003584316828076468 0.0661992866397554 0.0016498099290218318 0.019225717908518875 0.05980292621666525 0.05508724486797457 0.0017712161259326293 0.0 0.03485910402089643 0.10088727328863795 0.20717404539226106 0.004002531721152386 0.00379985465725469 0.0002022948181794725 1.4016772884787933e-05 0.0 2.0291728177858044e-05 7.336831403567459e-06 0.0 6.473621430722764e-05 4.813466228931817e-05 0.00016716302917172256 2.6125243363469664e-05 0.00010494328948619664 1.7357301833382415e-05 1.0760009549661189e-05 0.0 0.08090907001907996 0.013777261281382331 0.07828334699596638 2.5988196168347617e-05 0.00011058539851165178 0.00010907593780881672 0.025402312739664732 0.001051130461582567 0.0009863549401997324 0.00017048034422286688 0.00010200508201711192 3.093736133125216e-05 3.4513195930469555e-05 0.0006650129989298797 1.262220565508955e-05 2.474031340575195e-05 0.004795222173843459 9.278871816300535e-05 4.448519753874702e-06 2.8849812885235802e-05 2.7557958862575722e-05 3.828209998175437e-05 7.647937081693417e-06 1.8405765003458276e-05 0.00019092917940833351 0.000248522314624505 0.0008927724708486848 0.00709586367854029 0.00021240551768362542 0.0013734233126718167 6.366316732176132e-05 0.005554022433944123 2.0943423408309518e-05 0.007896726022053222 0.0003003356825292534 0.000132363063332714 2.3825335392330234e-05 3.2660087283142644e-05 5.187424153469369e-05 7.010556654307461e-05 0.02270120601861012 1.9914206661943163e-05 0.0 0.004767404001082711 0.005242854561375793 0.005787536881185157 0.0029884391798484103 0.004792681986714469 0.0019783786272778107 0.1013605787248989 2.83589852214447e-05 0.015153436964012347 0.000292989849707161 0.0 0.00022468495551613516 7.615918649451704e-05 6.440113590455711e-05 0.0 1.9704092979619873e-05 0.0 5.5952032282440775e-05 4.618466384531494e-06 2.626796581299998e-05 3.134410440558452e-05 6.637548354871535e-05 0.002622823922940357 0.0005916054378364494 0.0 0.001411949482589252 0.004202928409741634 0.0 4.810559979919094e-05 5.51888885195554e-05 0.00013415055735957674 0.0 0.00018171907587775555 1.4440540043524091e-05 0.00010914198094834246 6.39929234421399e-05 6.457251373012087e-05 0.00010201238656730579 0.00015473759309019605 0.00016278809088339247 6.613016708843805e-05 8.229081034573721e-05 0.0 0.0 0.0 0.0 0.0 0.0 0.0 0.0 0.0 0.0 0.0 0.0 0.0 9.381008348323535e-06 0.0 1.0649605243892553e-05 0.0 0.0 0.0 0.0 3.686727190075406e-05 0.0 8.001120729495108e-06 0.0 0.0002950246122434248 1.6561772773895157e-05 0.0003200212413249752 0.00013970938888877143 7.319546262497345e-06 1.7709983513703536e-05 1.1103654975921517e-05 0.0 0.0 0.0 0.0 0.0 0.0 0.0 0.0 0.0 0.0 3.4951944887856615e-05 0.0 0.0 0.0 0.0 0.0 0.0 0.0 0.0 0.0 0.0001089637606680665 0.0 0.0 0.0 0.0 6.837774998619096e-06 0.0 0.0 0.0 0.0 0.0004650456960935677 1.5628244627775864e-05 0.0 0.0 7.700545456124616e-06 0.00014442429892329712 1.623931784606842e-05 0.0 0.0 5.5946623540867095e-05 0.0 0.0 0.0 0.0 0.0 0.0 0.0 0.0 0.0 1.533459616987306e-05 0.0 0.00022391683740661115 0.00013872825189717463 0.000327364649929536
0.004107403198650377 0.03370792823346814 0.008783608281832417 0.019835521234915304 0.01480113657499971 0.00937267272124963 0.0859682163877159 0.0022157288334196104 0.0074716903893951294 0.18682906465410767 0.03485910402089643 0.0 0.09412336373778973 0.032978484835104765 0.00945111830372442 0.00791761467686417 0.00022279742432291643 0.0 0.0 0.0 1.2641773992726813e-05 0.0 7.207524412690142e-06 0.0 9.321612038892314e-05 3.320692419301634e-05 3.6191716846470644e-05 7.0787705933340624e-06 3.290480482402626e-05 0.0 0.005969555201031223 0.005296545760245992 0.004986763968047473 7.449447556010519e-06 6.548344578491992e-06 8.91354819410459e-06 0.014818332923226853 0.0004444172278999492 0.0018259511817077705 5.180445924108398e-05 2.4506745754574734e-05 0.0 1.6523460819439466e-05 0.0011386796910297658 9.960963779873166e-06 3.288311991280662e-05 0.009991963846428076 9.619863740050483e-05 1.7497841815605896e-05 3.6935895388164896e-05 6.395647833664206e-05 2.3554201183223664e-05 3.9383304992531344e-05 0.0 0.0002226948282136433 0.00018882442010907655 0.0014727083323818565 0.0038441012414457284 0.00025870526638767166 0.0017244516594284763 5.5258814772066315e-05 0.00036422836692681144 7.040249625663221e-06 0.006476706213115877 0.00035050910001089116 0.00017386343002482885 1.0760679399242287e-05 5.363059301220369e-05 3.989491436184126e-05 8.822584635576815e-06 0.017539466922476047 0.00011541024613970663 1.9745619876300627e-05 0.003353119957558245 0.004705371075981892 0.009591904399008746 0.005405049175183555 0.00945110003059719 0.0006629807307019245 0.0040654021743777805 0.00019495152583326632 0.0011568358086344584 0.00027257101337423725 0.0 0.00014580265461795828 6.936541381415095e-05 4.3585035960107197e-05 7.095866867041085e-06 3.7221099796116515e-05 0.0 2.307864407529637e-05 1.6790981366332223e-05 0.0 4.0145919087389565e-05 2.038189429640832e-05 0.08553184199903759 0.010755005411504466 9.04457010063877e-06 0.005990255969749963 0.003950954441228849 0.0001836099890558893 8.655505011491749e-05 0.0006429812894581342 0.0010341364293338802 0.00044479807599968603 0.007155457232231718 0.00042146243212903156 0.003998436094610279 0.005388820618160425 0.003544354382719985 0.0007352249427068366 0.004475192171591068 0.00641533172539067 0.001306043931515726 0.0026663624047742838 0.0 2.147003388271189e-05 0.0 0.0 0.0 0.0 0.0 9.93621292179268e-06 4.476415715226435e-05 0.0 9.222554506563476e-06 0.0 4.194751269246495e-05 8.34852264366627e-05 9.72289588110926e-05 5.226181373226179e-05 0.00018719308245742817 6.168007343987097e-05 0.0 0.00014420116094761504 8.570302327243506e-05 0.0 1.8455942445073864e-05 0.0 0.003363909706162898 0.0004810706557781063 0.004708003612116444 0.0019740066210503665 0.00036748243743304576 0.00018207204127882655 5.442447011182178e-05 0.0 0.0 0.0 0.0 0.0 8.103430515845853e-05 9.87046315623759e-05 0.0 1.2850197941708308e-05 5.751401112307801e-06 0.00016174265588670485 1.6500088693109546e-05 0.0 4.521621999963359e-05 0.0 0.000422684220137332 3.294903168458872e-05 6.898926389499734e-05 0.0 0.0 0.0016611254440736269 9.13161428364767e-05 2.4880807220397783e-05 2.296304969438998e-05 8.137870773299222e-06 0.0 0.0 0.0 0.0 1.5647256436249887e-05 0.008582986213202037 2.6349746640334254e-05 5.3856571133321396e-05 0.0 1.5972041987337173e-05 0.0007488882960694716 0.0002678391971924834 0.000395987732744509 0.0003493481978039883 0.00021975293279451527 0.0 1.9192614138643117e-05 2.7634882860741795e-05 0.0 0.0 0.0 0.0 5.061813212946702e-06 0.0 0.0 0.0 0.006879031252145887 0.0017064481751931184 0.003398966955098309
0.009555002325987967 0.051048639631145934 0.027427819831219998 0.024351481923288693 0.046750697568478314 0.004137863706404181 0.25718222013244624 0.005207808853495382 0.031522483995481236 0.24239064980543557 0.10088727328863795 0.09412336373778973 0.0 0.5040157068929365 0.01538151385943243 0.010666225093800306 0.00022872700962084857 1.6143951159749105e-05 0.0 7.196726235984342e-06 1.6092105389759543e-05 0.0 3.5370571496674686e-05 1.5638238229514903e-05 6.722153378841902e-05 2.196591018097105e-05 3.360042640608025e-05 1.3154158137930649e-05 3.9336522126988384e-05 1.4441827699235125e-05 0.015203619320376428 0.012845510163939464 0.049633071010448455 6.587466144377469e-06 8.764131152022143e-05 2.313515151151227e-05 0.023942423183990938 0.0011504641780140953 0.0024994549475606536 9.005458985414052e-05 3.880457845795756e-05 0.0 2.8818493639972253e-05 0.0014393782293143375 1.7476812483988813e-05 6.205117220632497e-05 0.019073084613471864 0.0001823306560999917 3.289747425210681e-05 5.478506785288793e-05 9.395163789305126e-05 1.550697960921898e-05 1.8542481890547532e-05 1.378964812892364e-05 0.00040303487518951453 0.00046249460733052705 0.0021455200260999964 0.00755709821549728 0.0005230457519193928 0.003887305509889507 8.016710471202537e-05 0.0015139741497322112 7.229194046638637e-05 0.013932782127573115 0.0006095815870884948 0.00032242844022832903 1.4896790290185699e-05 0.0001230234815715162 4.4185007974502485e-05 0.0 0.026639462992218504 0.0003328613021257485 0.0 0.008271347370064767 0.010714803705195073 0.02056330746717572 0.009455232179890265 0.01508169238089035 0.0016148499362857811 0.008237401528755085 0.00013592154815625257 0.0014583173775758384 0.0007256752800003253 0.0 0.00039360564753442544 0.00010623680973870441 0.00015950045444968432 6.8164527127365895e-06 7.873941980006157e-05 2.1810800550653454e-05 5.201273671293277e-05 1.959826178226955e-05 8.136711547395093e-06 9.922535483121809e-05 2.0085235292737837e-05 0.06882602957978635 0.009544976554680826 3.3710238927444535e-05 0.00874092724271754 0.004945098321427391 0.00048040512076699275 0.000165166354047605 0.0009569411135475081 0.0012891660094656997 0.0006314891338966283 0.010847546300012152 0.0002647073158957694 0.00449911136566875 0.0071224906237109115 0.0036013797066760537 0.0007253997220978698 0.007682109192399662 0.008283687326876281 0.0020743258289154746 0.0041754546294824925 2.0925828944469182e-05 1.0359544426477974e-05 9.055765318512316e-06 6.923446913338299e-06 0.0 0.0 3.426384358449567e-05 0.0 0.0 0.0 1.5439234564899147e-05 0.0 0.00022509465415484727 0.0001307353960034884 5.4919646761427e-05 0.00021601387902011438 0.00022489265757208435 0.00011898909044528122 8.244260178633787e-06 0.00023431328861436344 0.0001345305438044326 0.0 0.0 1.0371430479195186e-05 0.004695961944024088 0.00076893070421866 0.006540931851368124 0.0022562659148632875 0.00038509855806434545 0.00017295857404295308 2.361811054125174e-05 0.0 3.677930168007866e-05 0.0 2.7107227739968902e-05 1.6579787782397304e-05 6.190261291586462e-05 9.274539702637523e-05 0.0 0.0 0.0 0.00023663682683056235 7.593651942812695e-05 3.969320108012302e-05 0.00010700981111882742 0.0 0.0003398559041885736 0.0003785243940582031 0.0 1.6897835385379993e-05 8.62767402051292e-05 0.0017671787817602463 0.00018540081931979474 0.0 1.2662293382463551e-05 0.0 0.0 0.0 0.0 0.0 1.0244582121680068e-05 0.011509349824636975 4.6706621047595996e-05 1.591045611758037e-05 1.8345972114535087e-05 6.5970526320227285e-06 0.0008352075033110446 3.713377802005439e-05 0.00048784767424454514 0.0003184736818779521 0.00027351467404453377 5.09044265119563e-05 0.0 0.0 0.0 0.0 0.0 0.0 0.0 5.308620046571365e-06 0.0 0.0 0.009146287804174726 0.002926367104641749 0.0047357243452666375
