0.0 0.19108151440833637 0.08265159768617086 0.0863831697653443 0.01052231230800581 0.016711609150565087 0.026301929779134137 0.015096420229699236 0.002478881763779669 0.039934025496740494 0.010361861602510748 0.0005290908739623394 0.0019015146291448417 0.008650011679549732 0.00037826026802531684 0.0001209790324248667 1.735961102295014e-05 0.0 6.512268418168381e-06 1.0877864409471135e-05 0.0 0.0 0.0 0.0 0.0 1.6138055705500966e-05 1.5916806960529687e-05 0.0 1.5247399919946846e-05 7.241393878314357e-06 0.07636764957948766 0.008957586334674354 0.0007046865897544572 0.0 1.3826727531378986e-05 0.0 0.00027852469002713324 4.227886865495604e-05 8.8799062074724e-06 0.0 0.0 6.859371407354471e-06 8.788337599076193e-06 2.1875297081851913e-05 0.0 8.345549881612033e-06 0.0016926440199763971 8.452055441853583e-05 2.0296427877381123e-05 4.11318885769141e-05 2.179689093042603e-05 6.21890694129747e-05 0.0 0.0 0.000376873068087908 0.0005472696069880897 0.010871761820016337 0.009284413864921492 0.005591390544882514 0.0017262578484450396 0.0 3.465600994409595e-05 0.0 0.003434817617603044 0.000517878945354523 0.00022234623897522188 9.341397309006829e-05 4.020774482489321e-05 0.00017211010789962015 2.346818254155234e-05 0.0010085423579457718 0.00031788574123467396 0.00016089445333627878 0.008544420723427594 0.001197300562195168 0.0023015806637692875 0.00023042617317666156 6.770180748038568e-05 0.00016267652241947164 0.0032350971958665536 2.2358317817664637e-05 0.0001558623457346205 0.0011322088064105033 1.6588923703979317e-05 0.00023050513057784543 0.00029262655096732936 2.699600028514029e-05 2.194090858036786e-05 3.7308516997835685e-05 7.036578217188939e-05 6.698649612013591e-05 4.943692068864694e-05 0.00012111737375383177 0.00015833955445264655 2.7387778690352308e-05 0.0038014648425070546 0.001943304236259605 0.00012008482500283362 0.000248360403661771 0.04877761240353682 0.0 0.0 0.00024768181977298146 0.00011243513576153295 0.0 0.00037632147060446706 0.0016530037187838249 9.588780540332655e-06 0.000273425359616615 0.0001787056634025022 7.957121231345104e-05 0.0008264531463452087 0.0006241077024663407 0.0005057446513227544 8.603023767138264e-05 5.698908070537657e-06 0.0 0.0 0.0 0.0 0.0 0.0 0.0 0.0 0.0 0.0 7.307580812215121e-06 7.59793017461772e-06 0.0 0.0 0.0 0.0 0.0 0.0 1.8230811525240033e-05 0.0 0.0 0.0 0.0 8.009176229706911e-05 0.0 1.5578267508561224e-05 6.998217896486846e-06 0.0 0.0 0.0 9.042809637617177e-06 0.0 0.0 0.0 0.0 0.0 7.082039802985661e-06 0.0 0.0 6.6908500668033045e-06 5.306191445538811e-05 0.0 0.0 0.0 0.0 0.0 0.0 0.0 2.9176977970125506e-05 1.921871680349294e-05 0.00019501645513627378 7.073222544852927e-05 0.0 0.0 0.0 0.0 0.0 5.6044741498644865e-06 0.0 2.2562906772763747e-05 0.00018259392410562066 0.0 0.0 0.0 6.103012475098789e-06 9.937192382627964e-05 8.994919358557128e-06 9.347797145290995e-05 2.2778295294728053e-05 0.0 0.0 0.0 0.0 0.0 0.0 0.0 0.0 6.657264445164167e-06 0.0 0.0 0.0 0.0004877443393165705 7.311491354269176e-05 0.00011100026367203782
0.19108151440833637 0.0 0.10017685180356085 0.10246298628300551 0.23733825284482798 0.018196537438742732 0.3479728928865549 0.07043898880782455 0.10308599851530288 0.0826179386981173 0.09213065694486625 0.0016473444929382107 0.024100323024918182 0.06166344679668378 0.002809390877596939 0.000731468131067101 0.00010421211482861695 0.00013064755617108798 5.613003005805945e-06 0.0 0.0 7.4646705652762095e-06 3.077190323646362e-05 5.486158793689615e-05 1.2497871539798888e-05 0.0 2.8387948363055866e-05 6.4724976647245065e-06 2.1992146515243137e-05 1.0691294659003402e-05 0.15697322803270553 0.014478343497114413 0.001286183902965304 7.167700273453886e-06 1.5217066580613476e-05 1.8900142814614405e-05 0.00025328711532149204 7.093354113002388e-06 1.9320944428319357e-05 7.101206227726016e-06 0.0 1.2658049751769116e-05 9.876148453816393e-05 6.64612637079028e-05 1.9997841255556412e-05 0.0 0.013148682158843142 0.0002033676598912312 5.0480794245311194e-05 0.00021243955708023527 0.00022405880221765143 6.820084822779181e-06 0.0 0.0 0.0011317905337919628 0.0012059948961951946 0.009946323892823706 0.014196702030916148 0.008343974873437531 0.006611313576835954 5.265873823129701e-05 4.4824339251129335e-05 0.0 0.01207685593394967 0.0012515836244630103 0.0005161945277930329 0.00022588006753156855 0.00013273326210878105 0.000686915477175806 4.915511159050033e-05 0.0004954680844908011 0.0003335352221805172 7.933167604029068e-06 0.020083827597684144 0.008121947787993569 0.017754617076266202 0.005099716484309833 0.0006099511067147002 0.0003592429453925224 0.0069079655771392655 1.8967637141360125e-05 0.0002103007481764078 0.0025463789416913553 6.030150353834407e-05 0.0004812256092290532 0.0008445511669146681 0.0001853871326404351 1.1417232636070134e-05 6.82562584114564e-05 1.2856625612446578e-05 0.00017635102881009775 5.064232274538901e-05 0.00033674911185723513 0.0003238056561939149 0.0001660303962224468 0.000479891797465642 0.0006277372842008528 2.3755714050266423e-05 5.87621280934404e-05 0.06031487499472389 3.666818473132744e-05 3.129474081531091e-05 9.600161931238807e-05 0.0 3.243673682890167e-05 0.013067828701260614 0.000573049477293838 1.7881291798704246e-05 0.0008717625260601547 0.00021602161223275435 7.814209549046928e-05 0.0013990890434884384 0.00042718740042160667 0.0007628433004998375 0.00046496154640792277 3.0382312489645567e-05 8.734275878188834e-06 0.0 0.0 0.0 0.0 0.0 0.0 0.0 0.0 0.0 0.0 0.0 0.0 1.4497255324781097e-05 0.0 7.3906178266743815e-06 5.929468738159625e-06 0.0 6.721584066142913e-06 1.930534150470511e-05 0.0 3.9773437592116914e-05 5.060708611247132e-05 0.00020028304330242596 0.0 0.00015181074899807035 6.13627861829787e-05 3.5018674786963986e-05 0.0 0.0 0.0 0.0 1.3961875444941245e-05 2.070004765674108e-05 0.0 0.0 2.3916650230653916e-05 0.0 0.0 8.096029051576388e-06 4.507470612177041e-05 0.0 0.0 0.0 6.0298660130031e-06 0.0 1.1275336476298012e-05 1.9570468909015658e-05 5.346416888766531e-05 3.950054249461024e-05 0.0004942707179944803 0.0 0.0 0.0 0.0 0.0 0.0 1.025960951323832e-05 1.811205827232031e-05 1.40146525896127e-05 0.00042017576771623207 0.0 0.0 0.0 3.7179233414273625e-05 0.00032680469445211656 1.167636976258809e-05 0.0003381734476837644 6.767408527608157e-05 4.958594020001061e-05 0.0 6.392891814942815e-06 0.0 0.0 0.0 0.0 0.0 0.0 2.1505891750427893e-05 0.0 0.0 0.0005824590400579176 0.0003325414060263408 0.0003310627173387374
0.08265159768617086 0.10017685180356085 0.0 0.004516433194439902 0.11942604919806611 0.01025934547099289 0.0373683504346569 0.20322118496974184 0.08437132194770855 0.0027645776308781915 0.19469657700957058 0.0004297136124138582 0.006374208456571536 0.08719896689473335 0.0025125517334767707 0.0017470432188861392 0.00023070541814203474 0.00011288188535846657 1.3396372595087925e-05 2.6842660673230982e-05 9.783774190248193e-06 2.816683195453312e-05 0.0002836754915584757 0.0001951137502622306 7.362083259109338e-05 2.3441963953103087e-05 0.00022901904656443217 6.999653518787102e-06 7.190267790554714e-05 5.384571540374307e-05 0.15605644673412075 0.03959384033425274 0.004745191332851068 3.297827217892849e-05 8.029713888220326e-05 4.58749309360531e-05 0.0006639221634448369 6.980858411868018e-05 0.00010490043913635086 5.0427428887942654e-05 0.0 6.473736790215328e-05 9.484311318601174e-05 7.368286233518e-05 1.0224253777516948e-05 9.342296923057285e-05 0.005664563783205067 0.00011305275954980603 7.029488725474902e-05 0.0002841976204528245 0.0006186534844891352 0.00012121088177569783 3.4150269778066135e-05 8.435665527069906e-06 0.0005889343980152607 0.0006337630555416056 0.0060249040615161335 0.010002871475863824 0.004925319409094603 0.0028925089257706292 0.0001302692263433747 5.360574242030256e-05 2.0548104878862645e-05 0.013158664214559551 0.0004914923028492811 0.00028133133071147346 0.00016640959216939909 0.00010983069284956668 0.0013261698076382008 7.637101398316499e-05 0.0011357840822861969 0.0003444156105654946 7.975514354893468e-06 0.010965511227215162 0.004811049967402982 0.0075995318485866025 0.002919023410304809 0.0007721256441289523 0.004077569821721385 0.04854658162893475 0.00016329145703984415 0.0022849652038693822 0.0015710781242298869 3.7796269446182226e-05 0.00028645930374911194 0.0004864925049633651 7.965755865178874e-05 1.3269399879716741e-05 8.981883762044357e-05 5.302869298714872e-05 8.684379971801424e-05 0.0001228161092063877 0.0012729927330926369 0.001475994677557695 0.000296192436887501 0.0006883021217564633 0.0005115828622150057 0.0 0.00024139041906207908 0.02253156411520208 9.717649773911043e-06 8.359275818053555e-05 6.460399375333392e-06 0.00010122825556106172 8.808271118885439e-06 0.0002667782987679651 0.0003103096379037446 0.0 0.0001458516514980826 0.00017726016241452727 6.789641963626337e-06 0.0005255979359995907 0.00024466311221153504 0.0005138520124813183 0.0004074422738678213 1.1918367493691108e-05 4.110154246026846e-05 9.653819797791858e-06 2.0270382695312696e-05 0.0 0.0 0.0 0.0 0.0 0.0 7.507099912337792e-06 1.4600650704682646e-05 7.422934387405373e-06 0.0 1.4636282521615603e-05 7.56641812822727e-06 0.0 0.0 0.0 2.1636965526705755e-05 0.0 0.0 6.787001623311874e-05 1.4340875168883677e-05 0.00013904203813904281 6.751693802511524e-06 8.014872264251184e-05 6.660028040908792e-05 1.012689430866611e-05 0.0 8.58008474968313e-06 0.0 0.0 1.5318794977596134e-05 1.7026866994762122e-05 0.0 0.0 2.186975172832593e-05 0.0 0.0 3.8457658723314476e-05 3.385937053490326e-05 0.0 0.0 1.5203628955096722e-05 0.0 0.0 1.1659044639812625e-05 0.0 1.8312378692455456e-05 0.0001668489382265363 0.0004100646469995656 0.0 0.0 0.0 0.0 0.0 0.0 0.0 0.0 1.8338894809747606e-05 0.0005607800353485071 2.4852003792530446e-05 0.0 0.0 7.609800480251299e-05 0.0001757747405396892 3.3100990961978306e-05 0.00014799867438837055 0.0 9.912666240455633e-06 0.0 0.0 0.0 0.0 0.0 6.35104292292444e-06 0.0 0.0 2.9532708839423157e-05 2.6563282002411507e-05 0.0 0.0003456265210128236 0.0003114413395106375 0.00027664035133651645
0.0863831697653443 0.10246298628300551 0.004516433194439902 0.0 0.005797844445450207 0.03463309484805105 0.1315244747802728 0.00047967097995495986 0.0031995137291958983 0.2017068587053757 0.0009046552646290724 0.0017696729510020845 0.022833666136135522 0.010496713029037381 0.0001448792113310045 4.1066617958836266e-05 0.0 0.0 0.0 0.0 0.0 0.0 0.0 0.0 0.0 0.0 0.0 0.0 0.0 0.0 0.0029238486801444084 0.00029419508606416775 1.3414338865139881e-05 0.0 0.0 0.0 1.4516914132376501e-05 0.0 0.0 0.0 8.539948473841765e-06 0.0 1.2904536882805368e-05 0.0 0.0 8.237278588081033e-06 0.0014040452565931972 1.2384120148301005e-05 1.2610820698619132e-05 7.250783833836422e-06 0.0 0.0 0.0 1.5254136757842179e-05 0.0003385441083861191 0.00030797844283437023 0.00232729912859392 0.0014033966072090648 0.0018615821053446207 0.0010306586219034262 7.2042447555491215e-06 0.0 0.0 0.001231198139175427 0.00020301562349051046 7.372422021334108e-05 2.5021528608427534e-05 1.5220271404330804e-05 0.0 0.0 1.8014424091255617e-05 1.0039320435685176e-05 7.280343689444769e-06 0.003713432727193134 0.0008600963548744222 0.001439324290108999 0.00020638610551777607 5.968174228826092e-05 7.1735787497641e-06 2.4054274204801423e-05 1.4699575850619375e-05 0.0 0.0006432043306820785 1.4057481227682777e-05 0.00010147221460959845 0.00020436415973731727 0.0 8.678606953950713e-06 2.0298659343702884e-05 0.0 0.0 5.2190921584422624e-06 0.0 1.9690098320491173e-05 0.0 0.0004250968185702841 2.2673846242896658e-05 0.0 9.991343453434707e-06 0.0269118257015498 5.843936679679735e-05 0.000653932775376512 0.011564017838160065 0.008277446837321026 0.0 0.004137871966407005 0.005761623563847234 0.0004339785519334114 0.004850548139249833 0.0015812009745192188 0.0 0.0023370008747210457 0.0015318683185240403 0.0011806252323732823 0.00012523901845425166 0.0 0.0 0.0 0.0 0.0 0.0 0.0 0.0 0.0 0.0 0.0 0.0 0.0 0.0 0.0 0.0 0.0 0.0 0.0 3.960106434824837e-05 0.0 0.0 0.0 0.0 5.846940351995298e-05 0.0 0.0 8.373847977633535e-06 0.0 0.0 0.0 0.0 0.0 0.0 0.0 0.0 8.502594001415013e-06 3.945516934606774e-05 0.0 0.0 0.0 8.739377767712466e-05 0.0 2.1251230790198313e-05 1.748528455946282e-05 6.22418520336371e-06 9.726173747093884e-05 0.0001517013282027675 2.8173905109540752e-05 0.0 0.0 0.0001777058770491668 1.4366110816953163e-05 0.0 4.740493741673343e-05 0.0 6.11638028173063e-06 0.0 0.0 0.0 0.0 0.0002352578595086842 0.0 0.0 0.0 0.0 0.00013020255341527503 0.0 1.3400222673074978e-05 0.000284014789435194 0.00022293179353502295 8.411579426405564e-05 0.0 0.0 0.0 0.0 0.0 0.0 0.0 0.0 0.0 0.0 0.0006786666182358131 3.349684852413312e-05 2.2940370024905492e-05
0.01052231230800581 0.23733825284482798 0.11942604919806611 0.005797844445450207 0.0 0.0006904908132874004 0.10789554044179399 0.0034209433452363686 0.31799232001165284 0.053173562082499064 0.028400806734140437 0.0036431404989883355 0.049840513729655644 0.09087082770096823 0.0021047688771560153 0.0005946843706142928 3.835076920483916e-05 3.5755920229058725e-05 6.766897435117281e-06 2.0845949503910428e-05 7.728477799429532e-06 7.362700312025553e-06 0.0 0.0 0.0 0.0 0.0 0.0 1.9032812385928507e-05 0.0 0.00865247216367866 0.002546730097370194 0.0002600897718903324 0.0 0.0 9.933540718047187e-06 0.00017875811153138268 0.0 0.0 0.0 0.0 2.3779153116963967e-05 6.854687290308866e-05 2.0869550112341696e-05 0.0 0.0 0.006955716683888722 6.477555016188223e-05 3.624950825845285e-05 0.0001071600306040864 0.00013115425828619888 1.536872415062871e-05 0.0 0.0 0.0002772299248173596 0.0003119129783992115 0.0012422874507623588 0.0012048222081648618 0.001431683537684967 0.002449538349452555 1.497543300291021e-05 3.972958631273251e-05 0.0 0.0030583148624920634 0.00034335316564177576 0.00014147054111168637 3.641744092997434e-05 9.133554611337695e-05 0.000679392472704018 3.45326509264348e-05 0.00028919402778766263 0.00020294978108770844 0.0 0.00458882948821113 0.0027265859187508338 0.008055228840122086 0.0018733305126811327 0.00031735992243507415 3.848974255442909e-05 0.0008483483509359123 1.0888343630864377e-05 0.0001462792218929636 0.0006368139518906599 0.0 0.00014416087129141372 0.00018595904787571855 8.343062686511806e-05 1.3920795929654667e-05 3.1323594268083654e-05 6.7520876175290496e-06 2.9500535567122642e-05 2.2792020409770924e-05 0.0002966702641022078 0.00011126747651624416 9.56911256045237e-05 0.0005144038107510948 0.00020185966643793238 0.0 0.00014777302705364968 0.00104790301442563 0.0 0.0001055193306165344 6.921309337325741e-05 0.0 0.0 7.308105685949941e-05 0.0005300931436775814 4.8838147542968046e-05 0.00016002264773698626 0.00018061185768576002 5.309710134805446e-05 0.0014913821505887525 0.0007139938746971265 0.0007067552046679894 0.0006575878861809436 3.9044375562199714e-05 0.0 0.0 7.0172100021812074e-06 0.0 0.0 0.0 0.0 0.0 0.0 9.807782760006994e-06 0.0 0.0 0.0 1.243146921691983e-05 0.0 1.5896787193862604e-05 0.0 0.0 2.216900733371459e-05 8.812764352012348e-05 0.0 4.300845227301348e-05 2.623845032484784e-05 0.000218809521377304 2.6890877686419133e-05 0.0001523309110989944 4.914423262176601e-05 2.3906851401139146e-05 0.0 0.0 0.0 1.473596472330444e-05 9.026404846391352e-05 1.6125496063870315e-05 0.0 6.852716709323739e-06 1.9411113921021797e-05 0.0 0.0 1.4933943244633192e-05 3.0690234307082606e-05 0.0 0.0 0.0 2.4221385021344292e-05 0.0 2.7969176973004396e-05 0.0 5.892743548362261e-06 3.1227512986792575e-05 0.0007032915326826663 6.892015614878718e-06 0.0 0.0 0.0 0.0 8.215073444682885e-06 0.0 0.0 0.0 0.0006870423120787375 1.7565255931641997e-05 0.0 0.0 3.1346827072454524e-05 0.00046348021738000495 2.070465798480832e-05 0.0002981358651713841 4.6673337721332526e-05 2.6164233762849385e-05 2.197413278660273e-05 0.0 0.0 0.0 0.0 0.0 0.0 9.5171381504244e-06 0.0 0.0 0.0 0.0006739109486978216 0.00034723932037003226 0.0005155559455619733
0.016711609150565087 0.018196537438742732 0.01025934547099289 0.03463309484805105 0.0006904908132874004 0.0 0.005105217137321498 0.0005245264000181904 0.0004821296214129247 0.04668388745523621 0.0006738448749344009 0.0032141011594893723 0.005955755616779646 0.0019207494115931858 7.660807328307489e-06 9.485516127881893e-06 7.669392769489013e-06 0.0 0.0 0.0 0.0 7.311667818078301e-05 0.0 0.0 0.0 0.0 0.0 0.0 0.0 0.0 0.003748663220155947 0.0001403514844806168 0.00036217327137231934 0.0 0.0 1.4052960797134024e-05 0.0005112651543453661 0.0 2.7989808681662784e-05 0.0 0.0 0.0 0.0 0.0 0.0 0.0 9.909527219896505e-05 0.0 5.930670718178341e-06 0.0 3.2564316466605764e-05 0.00040235511065291393 0.0 0.0 0.0 2.94213495433156e-05 0.0036350126297872427 0.00015174663929007896 0.00010548988028074552 6.833644197828586e-05 0.0 4.0547685217885765e-05 0.0 0.00014253546072699267 8.046591805066275e-06 0.0 3.248404847824884e-05 0.0 0.0 0.0 0.002017835535402597 0.0033009229192563832 0.001097887953581284 0.00018341012329823865 4.328720211753615e-05 7.452514686713351e-05 1.6185404317787206e-05 8.01309881894111e-06 0.0 0.00018432038952013454 0.0 0.0 6.0158593407576665e-06 1.3730023812447237e-05 1.1746174501192112e-05 6.359482839645836e-05 6.302321205901557e-06 0.00017016168231764094 0.0001662773853193223 0.0006247298092658908 6.122134316145967e-05 0.00012140940378913067 0.0 0.0 1.6940677178499775e-05 0.012076809347412797 0.0070802515515086635 0.0009120823498176364 0.00047060624901281003 0.012477617703722969 0.0 0.00014508463035506868 0.0003961924765007592 0.00026495983077277034 0.00010219897900496962 0.0003751553984838955 0.005158545474253062 0.00014488084682697528 0.0013002933750766213 0.00176503060664096 7.320118367348838e-05 0.0036244406218339455 0.001896071270514069 0.002633406940512079 0.0005347318784479891 6.230208793434725e-06 0.0 0.0 0.0 0.0 0.0 0.0 0.0 0.0 1.2763486307306095e-05 1.001221793102626e-05 0.0 0.0 0.0 0.0 0.0 0.0 0.0 0.0 6.142514357385855e-05 0.0 0.0 0.0 0.0 0.00012076422937760404 7.709689674398937e-06 9.254850503766269e-05 5.0441016646878605e-05 0.0 0.0 0.0 0.0 0.0 0.0 0.0 0.0 0.0 0.0 0.0 0.0 0.0 0.0 8.87922809725683e-06 1.2629140170088895e-05 0.0 0.0 0.0 0.0 0.0 0.0 5.2772866097174335e-05 3.9453071128859675e-05 0.0 0.0 0.0 6.805565689045132e-06 0.0 8.613387901454542e-06 0.0 0.0 1.1329879171725888e-05 0.0005221558804886366 1.2920734864105423e-05 1.0917546178061688e-05 0.0 0.0 7.56907416638252e-05 9.36778871060456e-06 6.756576561129696e-05 2.8943154980880984e-05 3.878150837316354e-05 7.674092995074728e-06 0.0 0.0 0.0 0.0 0.0 0.0 0.0 0.0 0.0 0.0 0.00281566459861465 7.528195985030743e-05 0.0
0.026301929779134137 0.3479728928865549 0.0373683504346569 0.1315244747802728 0.10789554044179399 0.005105217137321498 0.0 0.0009082028479620799 0.1588528890277888 0.3428203863059423 0.009037204288221424 0.01627958331693425 0.375330563041606 0.22268016555278727 0.003298364220491347 0.0007233018518963216 0.00010313937047854192 5.449192477756379e-05 1.5838171730148077e-05 7.693965366318101e-06 3.311176862487961e-05 0.0 0.0 0.0 0.0 6.456186969276913e-06 0.0 0.0 7.508398634863707e-06 0.0 0.008619683724940824 0.0032562123989339736 8.56464364160215e-05 1.705450112687806e-05 1.4723994207036042e-05 0.0 0.00017149883762987422 2.5147614213260986e-05 1.6455395771080104e-05 1.8241792256139948e-05 5.682979781793053e-06 2.1734768550825464e-05 8.32152141575269e-05 5.901665124123048e-05 0.0 1.5664865742483685e-05 0.012888523480276724 0.0001457738874065984 5.5166466472349585e-05 0.0001609280467155718 0.00018322055589904538 9.153638218932876e-06 0.0 0.0 0.0007354428097527725 0.0008693437667007839 0.0033064096878929338 0.0041978283483522305 0.004093210630979189 0.005270879259004657 4.616257470258214e-05 0.0 0.0 0.007071846870051184 0.0008104368689213079 0.0003229874080680076 0.00017775938660763104 0.0001135116133684543 0.0006782747293981168 6.80739603902807e-06 0.0011894457596726322 0.00046820649179845004 0.0 0.012517252556304525 0.005937184277105049 0.01497974253524959 0.004183923921528594 0.0004315689424986247 7.822839254488817e-05 0.0005657827501122818 6.397609472433135e-05 8.086692623866089e-05 0.001705584150344199 1.940758464483928e-05 0.0002741950525868915 0.0006125923104104052 0.00011042884720826554 2.3552160513793908e-05 7.23501297983231e-05 6.748804760940345e-06 4.100962886444091e-05 4.359419392917283e-05 0.0003942752503773524 0.00014439299352912827 0.00016116912311119346 0.003128813750032882 0.0008739142227087387 0.0 0.00014877573028484374 0.0029738133225395186 9.318744822779388e-06 6.048035259787154e-05 9.503429828420514e-05 6.55178992275644e-05 0.0 0.0002939225250021105 0.0013197886020443288 0.0001643866406319315 0.0011734309735436065 0.000627725373920485 0.0002826471652528508 0.005232592007188119 0.0025038673119330713 0.0036041501176098008 0.0023385169954576145 0.0001607395877482181 2.0394847863150526e-05 0.0 2.0013817915554614e-05 0.0 0.0 0.0 0.0 0.0 0.0 0.0 8.673303456692728e-06 1.221185140459354e-05 1.5005711126001265e-05 1.9698345162897487e-05 0.0 0.0 0.0 0.0 0.00022492993792071477 4.598782396596586e-05 9.768535420033685e-06 4.906233278809894e-05 5.595857586800932e-05 0.00047597946065554275 4.3040731414472826e-05 0.0003365920294054953 0.0004383495216971896 0.0 0.0 0.0 0.0 0.0 3.784353865659935e-05 2.6323591488838725e-05 0.0 0.0 5.930514196103011e-06 0.0 6.909284152414124e-06 1.2552513715729455e-05 6.758906777822015e-05 0.0 0.0 0.0 0.0 3.04185932115089e-05 3.558574285757061e-05 4.836192251195362e-05 5.2330311109326556e-05 6.730396487150289e-05 0.0019994955631916257 3.0148782922250716e-05 0.0 0.0 0.0 8.434578542861634e-06 0.0 0.0 0.0 9.390576134376241e-06 0.0017751894186756809 8.222344921830275e-05 0.0 1.557269249341747e-05 0.0 0.000779407175195773 0.0002006189606673832 0.0006779166621060034 3.466993082581613e-05 3.120055924655511e-05 4.87754949049082e-05 7.435964964259755e-06 0.0 0.0 0.0 0.0 0.0 7.040280808485771e-06 9.926232095427685e-06 1.7509606173372278e-05 0.0 0.002693040792977612 0.0009221468954057412 0.0010136425617768509
0.015096420229699236 0.07043898880782455 0.20322118496974184 0.00047967097995495986 0.0034209433452363686 0.0005245264000181904 0.0009082028479620799 0.0 0.006129589426999999 0.0002910130009430247 0.2325903746841498 0.00013754409130385033 0.0031590106646341275 0.07615948721308778 0.006126290809596611 0.0060628596540070285 0.0007922757046999313 0.0011891152503050943 0.00011380429504667912 0.001035193290028706 0.0004234704177641621 4.7031517271260565e-05 0.0014132170737331646 0.0016163455418823345 0.00042190823709851603 0.00020354039455050408 0.000990469440231601 1.4478965514929107e-05 0.00023784330073197194 0.00042326785127506255 0.04170886238435094 0.1266865506474515 0.006815318914963401 0.0021286786577559926 0.0009020881223422884 0.0006905062619706023 0.0013201327530180476 0.0011963035202259755 0.00037445730044493875 0.00030043498873062356 0.00014345957892438906 0.0002858602120832914 0.0018462976398107714 0.0004328980649884322 0.0009700407548512265 0.0015453257192131996 0.004948541565401026 3.537643953057577e-05 0.00016107046309448637 0.0017059462598303155 0.003568516761467047 0.0004877540555498881 0.00013025470492797767 2.77925543601403e-05 0.0001307019943663548 0.0001132004274040644 0.0009865128423554598 0.0025622937380505324 0.0007381383402985943 0.0010700983827235595 0.0065916261220501 0.0011300583290825758 0.00027731919168421656 0.010945207442343908 0.00011175491090078166 0.0002551346229531526 0.0006785444611981709 0.0011831388614509416 0.013099546834746024 0.0023172940586564453 0.0014471274412593406 0.0004673886543718658 1.4225308486378029e-05 0.0028121490151475624 0.0027004794420901136 0.005279504747477166 0.004587795604231 0.015525090293921559 0.08407330296254482 0.15743217040953614 0.009422975914198394 0.06711515392022678 0.0002768252029948162 5.4324102994859505e-06 9.685596471446106e-05 0.00017235392822305222 0.0004450045008287875 0.0 9.181932846826757e-05 4.021356032730723e-05 0.0002827748366134037 0.0005143279965687299 0.01435756208909679 0.00952856081296185 0.0018224562798926794 0.0005313299537368853 0.0006820565870332917 1.8729623193690442e-05 0.0005270548329811144 0.002537493292994682 0.0 0.0 0.0 0.0 7.592283058926145e-06 2.7013808207786595e-05 0.0 0.0 8.402635262182009e-06 7.077889001827636e-06 2.010102124647966e-05 0.00011801022802549572 0.00010855587074258652 0.00026131622000571654 0.00018840487870913302 3.501024860585328e-05 5.919106337907155e-06 0.0 0.0 0.0 0.0 0.0 0.0 0.0 0.0 1.3512051535408531e-05 2.225836637975293e-05 0.0 1.4330505010977328e-05 1.4339922346454261e-05 0.0 9.545447198427841e-06 4.194125008213632e-05 5.464685333952061e-06 3.43907616116514e-05 6.710437002017174e-05 0.0 9.358338975514364e-06 1.740239950375307e-05 9.910810837813982e-05 2.62480241824001e-05 0.00011220236872588119 7.283211009585088e-05 1.4157869375874623e-05 0.0 0.0 7.12834784008714e-05 0.0 1.603869019862344e-05 5.0711185157212976e-05 0.0 0.0 0.0 0.0 4.233051820181951e-05 0.00024096099732591646 3.5838032257376015e-05 0.0 0.0 0.0 0.0 1.0172933702777067e-05 0.0 0.0 3.8297578622849195e-05 0.0 0.0003105217444817854 0.0 0.0 1.2116979860975057e-05 7.354011283348117e-06 2.3302128591267386e-05 4.96895984274789e-05 2.5415404774515053e-05 2.841523385707982e-05 4.057106678667809e-05 0.000194801202145086 3.39083765471242e-05 4.543489946737901e-05 7.518733290095246e-05 0.00031761655155772614 0.00019060062422910905 1.5894798040141427e-05 0.00024411606983991904 1.3405392008554106e-05 1.3857017062784565e-05 4.504214222878044e-05 0.0 0.0 8.548559469647825e-06 0.0 0.0 0.0 3.489449619598711e-05 0.00013199608557290608 0.00017539842222599354 4.4130205373304984e-05 9.719548482514641e-05 0.00019579846087225452 0.0002732609306666515
0.002478881763779669 0.10308599851530288 0.08437132194770855 0.0031995137291958983 0.31799232001165284 0.0004821296214129247 0.1588528890277888 0.006129589426999999 0.0 0.05171892852974376 0.06206012077433283 0.020232215771096487 0.04244669845177312 0.17835187675733247 0.0014180641863880928 0.0005197145039175466 1.2950544333635644e-05 3.4017891803271383e-05 0.0 1.5585968120867917e-05 0.0 0.0 0.0 0.0 0.0 6.555939902515818e-06 0.0 0.0 0.0 0.0 0.0102369547905249 0.0023133177864574006 0.00015462488677038611 8.899084040527283e-06 0.0 0.0 0.0002429023721131845 0.0 1.3661534224342057e-05 0.0 0.0 0.0 6.362724991368302e-05 9.305816920755768e-06 6.940567576181422e-06 0.0 0.0025029519726618705 8.446612945691394e-06 1.898956574721411e-05 5.520460401148557e-05 0.00015045403070808373 1.8488992635000512e-05 0.0 0.0 2.208985507851855e-05 9.620397178150703e-05 0.00030576164076010284 0.00023914065106581773 0.000302361712047709 0.0005162225265348811 3.52106520785182e-05 5.8877007082746274e-05 0.0 0.0005618590223282922 3.1894303416355175e-05 5.514269337020265e-05 3.2388962001984646e-05 5.213628397181787e-05 0.0004640558152192182 4.086267790866753e-05 0.0006110833093747671 0.00039468723518925724 0.0 0.000961041263496539 0.0006381162712299817 0.0023013474718880022 0.0006992535880479463 0.0002203743318876151 7.300040463910919e-05 0.0008170891451950276 2.9158495587924276e-05 0.00017800896676090224 6.001683049691824e-05 0.0 3.679073147699417e-05 2.858453507001215e-05 2.6716021080644035e-05 0.0 9.085568913134925e-06 0.0 6.072558663963998e-06 9.778770047163436e-06 0.00026019744447551693 0.00015850317660660667 4.736530173773357e-05 0.0015289903950398659 0.0006867967581478295 0.0 0.0001950371876944326 0.000322213966325577 1.1801562780892834e-05 0.0 2.1685146945952575e-05 4.291818512513868e-05 0.0 0.00010274291831503387 0.0003923137536049192 2.0227620681799466e-05 0.0004327419855557057 0.0002831805117147092 9.16275154564426e-05 0.002394200893793055 0.0012024882226217538 0.0016534088745786529 0.0012032534202597736 5.581155646234877e-05 1.614152109512212e-05 6.403037913551825e-06 0.0 0.0 0.0 0.0 0.0 1.3250551062452855e-05 0.0 0.0 0.0 0.0 0.0 1.3281614533916046e-05 0.0 1.1918435943578276e-05 1.74902202526604e-05 0.0 8.814559838186094e-05 2.3499126453879272e-05 1.1482797132330222e-05 6.647716050969928e-05 2.6400886014096958e-05 0.00020108368839901584 4.419049603392487e-05 0.00031328839400404505 0.00011981132708998724 8.920903126561789e-06 0.0 0.0 0.0 0.0 2.108182598977006e-05 1.3497220726521558e-05 0.0 2.1943966921326643e-05 1.5391180733279063e-05 0.0 0.0 9.058256495488683e-06 0.0 7.6178668887550355e-06 0.0 0.0 0.0 0.0 1.9094504900237644e-05 2.5988861501257603e-05 3.830608101150094e-05 5.0038589720885735e-05 0.0009458128027477069 3.3948597700825656e-05 0.0 0.0 0.0 0.0 0.0 9.809010294650251e-06 0.0 0.0 0.0009724417076569491 0.00011636758999347163 0.0 0.0 8.521582000116144e-06 0.00038796975127135583 6.782243899820937e-05 0.0003560476645021307 3.426077847024245e-05 1.720550157797645e-05 9.005677855490029e-06 7.3059608315520824e-06 0.0 0.0 0.0 0.0 0.0 0.0 9.223421509905582e-06 0.0 0.0 0.0011582161420799755 0.00046356492502804377 0.0006085071577138336
0.039934025496740494 0.0826179386981173 0.0027645776308781915 0.2017068587053757 0.053173562082499064 0.04668388745523621 0.3428203863059423 0.0002910130009430247 0.05171892852974376 0.0 0.002015704652539372 0.16745198598917982 0.9502943233925218 0.0985623416098722 0.0032618276676310448 0.0005958717799336931 0.00012759134582912592 8.25543514881933e-06 4.0967403954375676e-05 0.0 0.0 0.0 0.0 7.88493690086349e-06 4.694586957810462e-05 0.0 0.0 0.0 1.7779272717867407e-05 9.80373052668649e-06 0.006202009337807633 0.0027799336945376896 0.0008790717688356302 0.0 0.0 0.0 0.0021361877801343303 0.0001036403182398046 2.7629210112722135e-05 5.41147649865885e-05 8.842053419867048e-06 3.4810603557938214e-05 3.247214047954406e-05 3.698791734862948e-05 9.772311115810014e-06 0.0 0.012903145797652359 0.0001113788974172502 4.8533461579863853e-05 0.00013018600040722684 8.941711481562336e-05 2.6700755843139825e-05 0.0 0.0 0.0005045766260987356 0.0005089944534609428 0.0028474016908934772 0.002738319495734791 0.003641716270399962 0.004112342394522011 2.758319627323572e-05 0.00011718269124989938 0.0 0.009242047561118663 0.000658402372301052 0.00023808470614338466 0.0001316807634100007 1.9717432642101308e-05 0.0004633915013065734 0.0 0.004173239772125146 0.0014077264185120204 0.0 0.009043401411533732 0.0052409725979359716 0.011295852149620336 0.0029491711920333766 0.0003133996077300592 3.822483236442716e-05 0.0002825586659373953 1.0812897252559758e-05 0.00018253571934122913 0.0012455131516952741 4.565254774828511e-05 0.0002636733653399824 0.000405637013962855 2.90003868442095e-05 6.411407509422469e-06 2.9496450477856295e-05 7.606610532976118e-06 4.9728023456140996e-05 2.6205455197568692e-05 0.00020800771574446136 6.807991461779941e-05 5.590918425475732e-05 0.016721780488929156 0.004092906320121466 0.0 0.00041755751298603255 0.01188810973307249 0.00011948826598283838 0.0007798252520476359 0.0018181792963873123 0.002373622169910664 0.0002390370635698995 0.005768170907356586 0.010897513610353042 0.0008473071866257827 0.008318936595141716 0.005812687807133817 0.00036044258123076923 0.023521251597612626 0.010985772936853436 0.011969014894505461 0.003782500844618029 0.00021464788962179682 1.596088914420015e-05 1.4775890173493316e-05 0.0 0.0 0.0 0.0 0.0 1.0819249402089187e-05 0.0 0.0 0.0 1.7909823537007283e-05 0.0 5.026667113359438e-05 0.0 2.829355642498016e-05 0.0 1.0214871579648764e-05 0.00024753342498092136 0.0001380316425095285 1.9005461636345454e-05 5.521017446330351e-05 2.5957447566372095e-05 0.0009860124020360274 0.00010065765638894225 0.0007085599712774352 0.00023359902897135109 0.0 0.0 0.0 0.0 1.399838615842547e-05 1.0083452359606982e-05 5.884767813142399e-05 0.0 8.413782737007067e-05 0.00012826509624321603 0.0 0.0 0.0 5.108152870842382e-05 1.0195633510693172e-05 0.0 2.1105468580798802e-05 2.7648057560988277e-05 8.561062982370991e-05 7.017569044656044e-05 0.0 3.1534149771681134e-05 0.0001415232676034413 0.001991648377316202 0.00016374878168801298 0.0 0.0 0.0 0.0 8.26115664672163e-06 0.0 0.0 0.0 0.0028464013519213867 0.00016174819774834244 1.5544385270744346e-05 0.0 0.0 0.0010937039884529234 0.00025173025458107685 0.0008398637309622032 4.2101468907706265e-05 2.3727977243319715e-05 8.840599042297702e-05 7.279129388446357e-06 1.6486425473932288e-05 0.0 1.2760180177755756e-05 1.248286641186593e-05 0.0 1.7889217382973446e-05 0.0 4.374952634546396e-05 0.0 0.00791701010125429 0.001050026370995595 0.0011270687615507632
0.010361861602510748 0.09213065694486625 0.19469657700957058 0.0009046552646290724 0.028400806734140437 0.0006738448749344009 0.009037204288221424 0.2325903746841498 0.06206012077433283 0.002015704652539372 0.0 0.008201992161064748 0.060572025566334724 0.19760200173451212 0.004738235812625201 0.004377857580677028 0.0005882867023662232 0.00018110834205804663 3.2891835486739756e-05 3.1402915366334714e-05 6.844526908490064e-05 0.0001924633920786155 0.0013530403972343953 0.0009884395068056424 0.0005724147925993539 5.114119008641431e-05 0.0012419199159381849 0.0 0.000364286465872035 0.0003975126087823857 0.03283686156204236 0.046732459409381956 0.01737726783060587 0.00024615858161714454 0.0007398764262222873 0.0013219165100754578 0.012523195988819664 0.002698537367744999 0.0004039232313997686 0.0004598967051575543 3.2302713775151916e-05 0.0002482302229283544 0.0003098933722358962 0.0002138464582641696 0.0001383284914168843 0.00010515339478172475 0.003635642831014117 3.4207610248548965e-05 4.8584195723569555e-05 0.0003354239489652342 0.0010143866070307368 0.000622439699187794 0.00016183701238961143 0.00010789828454118544 0.0001144156479126222 9.368280682760287e-05 0.0007486290014933122 0.0012856630134702456 0.0008083279470635494 0.0008049505657439894 0.00030650700664047894 0.002265542317936765 9.671781595784525e-05 0.002322672699744228 0.00010422286830589148 9.087304893540087e-05 0.0002399034068681958 0.0003090693775137946 0.0015829100071164683 0.0003600193934539975 0.006288694733078422 0.00046381296140819304 3.632319182399653e-05 0.0019187104770070637 0.0012011993185476525 0.0036849253100476715 0.002042968021278128 0.001066044567298 0.01874526937443906 0.01239193008100984 0.000353188817545178 0.006788596262001351 0.00018462480305268778 6.674923147056441e-06 5.744389004835821e-05 0.0001014595290201754 0.00011772609482551341 7.390977416748319e-06 3.3100730852407055e-05 5.809883225878416e-05 0.00014473156446804484 0.0004289358569595382 0.0022968746870240513 0.0043646147457421895 0.00124415096197764 0.003253542366883788 0.0009898083028500534 4.824038380495863e-05 0.0006280517676244739 0.001804760000837676 0.0 0.0 2.6723719411287823e-05 0.0 6.926768078927823e-06 6.078831137824765e-05 0.00014222744809937199 4.7078714837462456e-05 0.00020242874967321735 4.5794859170706065e-05 4.046129735328321e-05 0.0011451496974847174 0.0006578794315910409 0.0010262939965315235 0.0010098362725516146 8.805088427298292e-05 4.988320208835229e-05 6.419517908387029e-06 5.743559300936797e-06 0.0 0.0 0.0 8.158754702849218e-06 0.0 0.0 2.5893021619901942e-05 0.0 0.0 6.745625491847557e-06 2.9436730232962837e-05 7.37218244672901e-06 2.662028204878881e-05 1.1550925305031145e-05 0.0 5.1172131717078336e-05 3.522626549778182e-05 0.0 2.038639156408947e-05 1.1865060546892948e-05 0.0004322261846252596 7.761714782976678e-05 0.00029130359900668407 0.00015406877478872001 3.457056851326667e-05 0.0 0.0 6.887452289067346e-05 1.6745047400966144e-05 6.433492317918973e-05 2.6380518522003046e-05 0.0 0.0 3.107489027336824e-05 5.286081325020663e-06 3.5374699990776474e-05 0.00022729777649635452 8.362271276382656e-05 3.5855214091721004e-05 0.0 0.0 0.0 6.9851225204059446e-06 7.65802643755804e-06 0.0 4.862509179315851e-05 0.00015391459552486136 0.0008903857995768136 5.706106717005101e-06 1.4056934541250574e-05 0.0 0.0 0.0 3.716010942846332e-05 1.102540494693934e-05 1.7036308059533274e-05 7.46785143153303e-05 0.0011733691427605253 5.669708443868864e-05 3.736826599168176e-05 9.853713546963644e-06 0.00020167935893947563 0.00035074269237724866 0.00013373207008506252 0.0005766118987370536 2.3012561839241437e-05 7.529326503367251e-06 4.655052630276874e-05 2.2454980922996664e-05 5.629428240731408e-06 5.11952221456839e-06 0.0 0.0 0.0 7.891425037502098e-06 4.4903758460885345e-05 8.965449400467266e-05 2.2389312839240656e-05 0.000626358295511909 0.0006820647590371547 0.000786315556266009
0.0005290908739623394 0.0016473444929382107 0.0004297136124138582 0.0017696729510020845 0.0036431404989883355 0.0032141011594893723 0.01627958331693425 0.00013754409130385033 0.020232215771096487 0.16745198598917982 0.008201992161064748 0.0 0.1288242508351442 0.06622800017510143 0.0008110797799232319 0.000606187001329597 0.00018351107729883107 8.894810029572348e-06 1.2761809741402995e-05 1.7634461505566982e-05 0.0 4.088547263376051e-05 5.490826072062973e-05 3.521111388709031e-05 0.00017871243355267597 9.146152539271899e-06 2.7842396829982454e-05 0.0 8.087053582937771e-05 7.710090334405176e-06 0.0002691390171863413 0.0005008859966478517 0.003446171563298766 1.8647591936240004e-05 3.23545878376453e-05 9.332060059897887e-05 0.012963046489225714 0.0011151790042845788 5.56937259139081e-05 0.00034413336612606555 0.0 8.74995993773601e-05 0.0 0.0 5.153925492926409e-05 2.984154606001796e-05 0.0007798382369912324 0.0 0.0 3.7186214846432446e-05 2.8118627718657243e-05 0.00013428004383147664 8.569594028708844e-05 2.2321957237599602e-05 3.3981382458784896e-05 7.25717203363977e-06 4.6392590965434804e-05 7.534134012742795e-05 9.395997365440157e-05 0.00011383944269474347 0.00011261745157967935 0.00040642457372268076 9.081581479040948e-06 0.0005883290089598205 0.0 1.5575009750264485e-05 6.078414779977736e-06 0.0 6.026462775879493e-05 1.3383063655359049e-05 0.00906638297743873 0.00064041697689428 3.820561026711191e-05 0.00021665555721212435 0.00015232795725819676 0.0004153782027402988 0.0002304595799159289 0.0001531955180518195 9.764756073596707e-06 0.003441069326049706 0.0 0.0003031457968349294 7.16727223349278e-05 0.0 1.0428027266293567e-05 1.7489498334517042e-05 0.0 0.0 0.0 1.3838015830438584e-05 0.0 3.73839515114932e-05 6.814250793262372e-05 0.0001376467433179772 0.0002216051370664839 0.0640999479483525 0.004515974608944811 0.0 0.0013671705809125722 0.0010137993859443497 7.084526176687246e-05 7.151471124638536e-05 0.0003145403921806471 0.00010527828479519561 8.804029051211187e-06 0.0006650324840449733 0.0019687372650547368 0.00012618373231003247 0.0016775918528246384 0.0008983164112620557 0.000412485030446593 0.010110193229821996 0.0046290228699680325 0.007478749891144553 0.005119834790978154 0.00027340032429854866 3.106849157791553e-05 2.37415691092489e-05 1.1464780209361755e-05 0.0 0.0 0.0 0.0 0.0 0.0 8.570062773536189e-06 6.029153221511363e-06 1.2217444216707962e-05 0.0 2.685386500709565e-05 0.0 5.941544667254266e-06 2.251293926779435e-05 6.419399718248509e-06 0.0004088482286179823 0.00014409055089699297 6.069911934993401e-06 6.234040983184598e-05 7.609897496558049e-06 0.0011477153799635742 4.711134854933734e-05 0.0004884496109037027 0.0002033302616108767 7.167612201265726e-06 0.0 0.0 0.0 0.0 3.280331472365296e-05 6.743919446859721e-05 0.0 4.948883719007037e-05 6.307363817822901e-05 5.001796622621381e-06 0.0 0.0 1.8439003682399808e-05 0.0 6.608994041064026e-06 1.611193157789601e-05 5.361299993367297e-06 6.570752001766963e-06 1.0757101924196658e-05 0.0 2.46438764345972e-05 8.828337796541862e-05 0.001774757381697496 0.00022640691307947597 0.0 0.0 0.0 0.0 7.574462815300144e-06 0.0 0.0 6.379651781433696e-06 0.0046566219817527005 0.00014082803578942678 0.0 0.0 0.0 0.0013375894246120074 0.00016273128506720367 0.000875294297925558 7.5324926300817e-05 1.8633987749331135e-05 9.652938026345322e-05 4.141807025385317e-05 2.452789631477304e-05 0.0 0.0 0.0 0.0 0.0 0.0 0.0 0.0 0.006349564723425367 0.0026523847310533683 0.001878751166940663
