0.0 0.20935017121576976 0.018931959007765096 0.1431080091042274 0.008085419156544676 0.00875130595045765 0.04319946887370284 0.002406338248921196 0.000614387731745941 0.15311854267120098 0.005443756197574511 0.020540559456518274 0.009977932544066336 0.011080200322494658 0.00011641813026224614 5.533034160280669e-05 1.037192195940218e-05 0.0 8.216878060579155e-06 7.484643689518104e-05 0.00043247383004187194 9.543878217327406e-06 0.0 0.0 0.0 0.0 0.0 7.115171699747726e-05 9.91757301563093e-06 0.0 0.05588768275064205 0.002273987224124828 0.012851920360205096 0.0 7.764567401649988e-06 0.0 0.0016879803893391349 1.9919285597589933e-05 4.6107395262531714e-05 0.0 0.00023981971927457624 0.000115502021984483 0.0 0.0 0.0 2.1275312132199287e-05 0.0007537126963635221 8.57602301780066e-05 8.192342842312268e-06 7.682415740788087e-06 0.00019142268259763945 9.651315240741613e-05 0.0 2.944567847390584e-05 0.0006052039911906386 0.0013500428670536065 0.03621574371285708 0.05817489983876203 0.021509199731263598 0.003318009715806229 0.0 0.00021567607170271547 0.0 0.0017505262153742743 0.0002139278976523343 0.00010784177594227431 7.56266179191557e-05 1.2678345252340341e-05 0.0 0.00043059239376046855 0.0019018863405336104 9.16285095506726e-05 8.146205502288207e-06 0.01747024758388818 0.00043956109572712755 0.0008723987924292344 0.00022737543891371918 9.709979528136061e-05 3.4796156772129346e-05 0.0012917816137420937 0.0 0.0001991853009182965 0.0007641718185518882 0.00015722823583042212 4.242835028367924e-05 0.0003787948573631348 6.139001499775177e-06 7.242367144639048e-06 0.00014957409077685636 0.0 5.637594613769333e-05 4.9240584325302394e-05 0.0004628265974986637 7.090540899325429e-05 3.207775312836864e-05 0.0018521574141272847 0.00016471350135858568 0.0 0.00014721897466160575 0.08906733057181518 9.905859117436448e-06 0.0 1.1600592667070278e-05 0.0 0.0 0.0014861786766681277 9.24832229326471e-06 0.00010310363723508485 0.0003351494398051118 2.348095633667792e-05 2.7898806081603026e-05 7.961660024639277e-05 0.00019664361888132467 0.00016946374590627038 4.846267730618558e-05 0.0 0.0 0.0 0.0 0.0 0.0 0.0 0.0 0.0 0.0 0.0 0.0 0.0 0.0 0.0 0.0 0.0 0.0 0.0 0.0 0.0 0.0 0.0 0.0 0.00011817684330831188 0.0 0.0 8.731811855237884e-05 0.0 1.3562949781096451e-05 1.8347362638358353e-05 0.0 0.0 0.0 0.0 0.0 0.0 0.0 0.0 0.0 0.0 0.0 1.0509398494549112e-05 1.3792352500425084e-05 0.0 4.619229144389073e-05 0.0 0.0 0.0 0.0 0.0 1.150290104862098e-05 0.0 0.0 0.0 1.3616294607249176e-05 0.0 0.0 0.0 0.0 0.0 0.00021472111445537602 0.0 0.0 0.0 0.0 4.1330315608740205e-05 0.0 0.0 0.0 0.0 0.0 0.0 0.0 0.0 0.0 1.9345373453280482e-05 0.0 4.5393868926069746e-05 0.0 0.0 0.0 0.00014208439648557335 8.610171822702082e-06 5.866278248391093e-05
0.20935017121576976 0.0 0.10178711206448199 0.04488568160095484 0.15595897276886564 0.0032758433831103326 0.18747904854933556 0.027103756066435322 0.06178435054528313 0.11682925315516617 0.0530270203746453 0.0020447549405358976 0.0821414794525574 0.2165879916656411 0.0012707885472104012 0.00031515736386665804 7.97062205341851e-05 3.215242322080906e-05 0.0 3.5055027266603474e-05 0.0002625040926339482 5.554415675834867e-05 1.809871823280282e-05 0.0 6.745608472465365e-06 0.00016138086866609603 2.9087475564794336e-05 7.793716769895777e-05 1.0626739918389835e-05 6.8293463903744385e-06 0.18371649545601737 0.012381916406217745 0.03788997878878043 9.08953481990947e-06 8.109914788176993e-06 0.0 0.005591294645884443 0.0005557933653789152 0.000254880903627 2.2981302930271602e-05 0.00035582702421407694 0.00011485215484254921 6.317716881920816e-05 0.0 0.0 0.0 0.004008578471091037 0.00019038526170706439 3.421255006442701e-05 4.541134872072794e-05 0.00028806789876156634 0.00015901031196542155 8.236548202599391e-06 6.688608507040958e-05 0.0007829257954442397 0.001899539627605823 0.022502868058440817 0.0492219268507979 0.020255672365498037 0.007312892785577126 1.7493616170644564e-05 0.0007168959984579494 0.0 0.006533474505353844 0.00039981012363615395 0.00012358205117223166 5.956725405022985e-05 6.237212996408236e-05 5.429820361376105e-05 0.00024432852459185345 0.005799089723447769 6.956999039657097e-05 8.643583979444476e-06 0.017350031319659752 0.001300696457844919 0.005063562866972675 0.001670303071013862 0.0008631734875022137 0.00015086370897447933 0.012957874864640081 3.906480683979085e-05 0.0005285489393220574 0.0009594183285974267 0.00027104391589783197 0.0001355424025005174 0.0005759245309169375 0.0001015295086760196 3.981479721390502e-05 0.0002204580917707194 2.9582475580772076e-05 0.00014831773267345586 9.651573192390226e-05 0.0005325409294291933 6.05731305185403e-05 0.00010540337208812509 0.004458422896413922 0.0003089994932107201 9.607195386734716e-06 0.0008930093255864254 0.10445045298373354 2.9032969702015015e-05 0.00022806168135165212 0.0007234281911123111 7.726798584381189e-05 8.393798596573487e-05 0.011225574525505617 0.0 0.0013172588708750665 0.0019771794271097732 0.00011908615868985643 0.0006449961347866376 0.0007469974916133237 0.00166787352376156 0.0023514511210334954 0.0018668426814425116 6.470727966960664e-06 0.0 0.0 0.0 0.0 0.0 0.0 0.0 0.0 0.0 1.0160426566132854e-05 0.0 0.0 0.0 6.6156121191515895e-06 1.924789814261034e-05 7.374514096449467e-06 0.0 0.0 0.00013151886427354792 4.05943699877998e-05 0.0 0.0 0.0 0.0015088843762181795 0.00013197149477218472 0.000554306952859672 0.0006643288251164826 0.0003690627946133114 1.4129136317438696e-05 1.533082216746054e-05 0.0 0.0 0.0 5.540503018309148e-05 0.0 0.0 2.2351191898834405e-05 0.0 0.0 0.0 0.0 0.0 1.5279538735955363e-05 0.0 2.386066985271695e-05 1.7743905069957042e-05 0.0 8.668609218026463e-05 0.0 0.0 0.0005226770973417808 0.0 0.0 0.0 3.1091147002443866e-05 0.0 0.0 1.0717150099332983e-05 0.0 0.0 0.003978513854714441 0.0002848743039026809 0.0 0.0 0.0 0.0005374760667486835 0.0 0.00045023095484494755 0.0 1.5118559528649751e-05 7.272063244662552e-06 0.0 0.0 0.0 0.0 1.3644126208167701e-05 0.0 0.0 2.4142334010518076e-05 0.0 0.0 0.002135563179558662 0.0022619892172173204 0.0020196856902537966
0.018931959007765096 0.10178711206448199 0.0 0.0002139444364157139 0.09373338489278064 5.946381363657289e-05 0.008244606713785073 0.11689382902323801 0.032477955393049825 0.0010200380665094343 0.10874488533438814 0.0006645242291522059 0.0101926424937125 0.1299019102748824 0.0005309784116985901 0.00023908919197862533 1.8637292711378473e-05 9.229085506316567e-05 0.0 0.0006569808262864323 0.004428056228409143 0.00016496876579901498 9.473129119360753e-05 3.542296957213047e-05 6.921072905836913e-05 0.00040813513940944905 2.7237520846984747e-05 6.735806772014342e-05 8.080391179741488e-05 0.0 0.3150484061316135 0.0836728913406328 0.04672899153467564 0.00024792211782962353 0.00013079689962271814 3.568047196612103e-05 0.0028437371348610215 0.00021568730029499514 0.00026094061492202604 3.496229686119157e-05 0.002250122884897199 0.0009245091801290415 0.0006857085699973856 1.7528402898616056e-05 8.170247649745676e-05 0.0 0.0012455610405182743 8.922549096845642e-05 9.143030784189942e-05 0.00020698742822457386 0.00021186997918172661 0.00038682788444193886 0.0 0.0001956081817364507 0.00019847369824204142 0.00027717623635284703 0.0074095189537149945 0.030258302981243792 0.005361482012221597 0.0016135797373560156 2.7262120772706933e-05 0.0029604301303763013 1.534325246962446e-05 0.009592921237312367 0.00015415882613316808 0.00020588453910389866 0.00010240811436147293 0.00012596030112714573 0.0003856469151459288 0.003519837394192461 0.002285796391105757 0.0 0.0 0.004669283520177223 0.00048569574022348 0.002045254360995465 0.0010820124138627798 0.0007012973659988684 0.0011587727253489046 0.033979263706700756 0.0 0.004670658695034445 0.000261275002714409 9.83468535368456e-05 7.925491884936255e-05 0.00015729291416737134 0.00021816245567277655 1.585596568929559e-05 3.7983506899381795e-05 0.0 7.844211648618854e-05 6.41157971402016e-05 0.003106489821058954 8.704386478479839e-05 0.00023685501918149527 0.000691717385643442 4.42233720695045e-05 0.0 0.0005627879704503715 0.019319162200531953 0.0 0.0 0.0001560487007289392 0.0 0.0 0.00022271637410349964 3.433677821029653e-05 0.0001499824193162192 0.00015986431356538773 1.0345427029631794e-05 0.0 9.452196442448314e-05 0.00016150717761884975 0.00015172337155239238 6.596725307097422e-05 0.0 0.0 0.0 0.0 0.0 0.0 3.572622475898214e-05 9.660591054459462e-06 0.0 0.0 8.644507539710112e-05 0.0 0.0 0.0 0.0 2.9025098502273372e-05 0.0 0.0 0.0 0.0 0.0 0.0 0.0 0.0 0.00016873104305323292 0.0 0.0 7.147962664919198e-05 7.721348552738587e-05 0.00018395454235971826 0.0 1.619209596101064e-05 0.0 0.0 0.0 0.0 8.494676410121963e-06 0.0 0.0 0.0 3.0107290018977304e-05 0.0 5.5782161871663875e-05 0.0 0.0 0.0 0.0 0.0 0.0 0.0 0.0 8.610829989961744e-06 1.0429406213909931e-05 0.0 0.0 7.80778273787096e-06 0.0 0.0 0.0 0.0 2.6974543277883234e-05 0.0004378673438820299 0.0 2.412682733105055e-05 0.0 0.0 0.0002567852847098581 0.0 0.0 8.622667756713532e-05 0.0 0.0 0.0 0.0 8.310220413639799e-06 9.030155561353527e-06 0.0 0.0 0.0 0.0 8.698512289467719e-06 0.0 0.00011983601271611837 0.0001423264929588482 0.00012358783879191248
0.1431080091042274 0.04488568160095484 0.0002139444364157139 0.0 0.0015524932987714115 0.053032069447927696 0.061713487131890565 4.6494613918993806e-05 0.0005666414269798585 0.31358863333385356 0.00022512814252026125 0.0200039261724834 0.010341919847654233 0.001746587819216994 0.00016347184663781467 0.0 0.0 9.089813986359496e-06 0.0 0.0 0.0 0.0 0.0 0.0 7.574687996021114e-06 1.0348263989350777e-05 0.0 0.0 1.0614890134539215e-05 0.0 0.0039461686980270284 9.109045966468099e-05 8.104529094232808e-05 0.0 0.0 0.0 9.342461287539366e-05 0.0 0.0 0.0 0.0 0.0 0.0 0.0 0.0 0.0 0.0005210918067466755 2.040628915868041e-05 7.196039379817952e-06 0.0 0.00010787537528844097 2.6446344639765606e-05 0.0 0.0 0.00022697704019556888 0.0005237251898783238 0.009195988414333812 0.01176556485265831 0.008794892238343016 0.0017928494738175978 0.0 1.7097674949207475e-05 0.0 0.00017766520880221166 0.00013489636650213373 7.948059257048125e-06 1.838083210741831e-05 0.0 0.0 0.0 0.0005560022123884782 0.00015993370491606363 8.153130124397966e-06 0.006680080956008166 0.00020323406396012794 0.000440980861416192 7.463091900917236e-05 2.983442515070532e-05 0.0 6.423308125172472e-05 0.0 6.415041193122039e-05 0.00042291535752019677 4.426648433599309e-05 3.567150628599253e-05 0.00014859956275966026 0.0 7.877025261399686e-06 1.4095346546474991e-05 0.0 1.8120220982396494e-05 4.0726582109261634e-05 0.0 1.7809620574975585e-05 7.0682976191254165e-06 0.0016829566208315264 0.00036265670846980733 0.0 3.764191578063519e-05 0.03925100108050218 0.0 0.00030640055709290297 0.0017218345969112253 0.0027728367568724175 1.5124434965591368e-05 0.006151361934526431 0.00036071819790184514 0.0007797047276486168 0.0035778503733175007 0.0005165016248714117 0.0001320162519946264 0.0024385829523684067 0.001637474259838367 0.0013745106615386555 6.23205678283232e-05 8.84499240482411e-06 0.0 0.0 0.0 0.0 0.0 0.0 0.0 0.0 0.0 0.0 0.0 0.0 0.0 0.0 0.0 0.0 0.0 0.0 0.0 0.0 0.0 0.0 0.0 1.009704191609359e-05 9.365758559747064e-05 8.290888968928467e-05 4.401957593902415e-05 3.7129670303426686e-05 0.0 0.0 0.0 0.0 0.0 0.0 0.0 8.594098490804538e-06 9.241290441657588e-06 0.0 0.0 0.0 0.0 0.0 0.0 0.0 0.0 0.0 0.0 4.864552208703068e-05 0.0 0.0 8.792790589649722e-05 0.0 0.0 0.0 0.0 0.0 0.0 0.0 0.0 0.0 0.0003247275609170382 0.0 0.0 0.0 1.3395202173966031e-05 0.0 0.0 1.0176197621774912e-05 1.609423425439311e-05 2.9435736635594464e-05 0.0 1.3690256153054012e-05 0.0 0.0 0.0 0.0 0.0 0.0 0.0 0.0 0.0 7.759878144803317e-05 2.0094188462688663e-05 0.0
0.008085419156544676 0.15595897276886564 0.09373338489278064 0.0015524932987714115 0.0 0.00048402231483887786 0.1120418678440093 0.030528718057611686 0.13604984916745985 0.01515371892164662 0.11885656058082014 0.002948650527307308 0.049087632010808825 0.12640613211276444 0.0013104637089711327 0.00034005892801371163 4.871007516883429e-05 9.289225724546881e-06 9.317656331623079e-06 9.18222455206376e-06 7.722872135993333e-05 8.295928385547552e-06 0.0 8.081875199009276e-06 1.2778259109683225e-05 9.836073975675385e-06 0.0 2.035803033851459e-05 0.0 1.6664339751546248e-05 0.02139914147770224 0.0037220947115940675 0.004798255499472197 0.0 0.0 8.241592610936456e-06 0.0028463736174797792 0.0002816943521485503 0.00027638127291070816 7.932806785440722e-06 2.901006326283735e-05 4.71671480825206e-05 8.79248785119812e-06 0.0 0.0 0.0 0.002587601718679686 7.042939553125109e-05 2.2408030003181332e-05 0.0 0.00010478409123592136 4.235468870314935e-05 0.0 1.6396530384317954e-05 0.00019426456747835698 0.0005639325533576757 0.003083538848361768 0.0053542543262741745 0.004011403572244438 0.0030554144933519953 0.0 0.0003855151129924159 0.0 0.002874443510535403 0.00013099398651447572 3.800307304727744e-05 3.3353855787362996e-05 7.145734417476194e-06 7.950622596670384e-06 5.980796670835342e-05 0.004809457893089836 0.00020981983253869714 0.0 0.004646704773881302 0.0007300518172498022 0.0042361910004319716 0.002005240155278745 0.000879494789461191 5.5553506061247894e-05 0.0016257614307034832 8.436324151320921e-06 0.00015025142854454727 0.0002541141304499605 9.189721372956852e-06 7.712625987763587e-05 0.00013487043591381282 2.1623556563939483e-05 3.685816752708886e-05 9.826971485498527e-05 0.0 4.8806432427116e-05 3.565121402800916e-05 0.00010104002265962597 1.9452378323332483e-05 4.6635809284036286e-05 0.0023931355135266797 0.00022277908302282707 0.0 0.00045009576433175736 0.0018502343746496898 6.202109571662631e-05 0.00022959979512768343 0.0010523182680044285 2.3576915644109504e-05 0.00018549001422278862 0.001872349232274144 9.557354145749435e-05 0.0011182038413167685 0.0025676532241367712 0.00030054230460263245 0.0004720487068017847 0.0008365962854377825 0.0019819642249763944 0.0020702227166400793 0.0016517395951809062 3.551482920007242e-05 0.0 1.1523593568435024e-05 0.0 0.0 0.0 0.0 0.0 0.0 0.0 1.1697581747433417e-05 0.0 0.0 0.0 0.0 0.0 0.0 0.0 0.0 0.00011021400949043344 0.00010062297895042592 0.0 0.0 0.0 0.0014393335845235974 4.957285109973967e-05 0.00045856934888462684 0.0008516846210384522 0.0002818863798416953 0.0 0.0 0.0 1.4135076461835618e-05 8.27656144417503e-06 0.0 0.0 0.0 2.7336020384233127e-05 0.0 0.0 1.7560170561601512e-05 0.0 0.0 0.0 0.0 0.0 3.7123110816243284e-05 0.0 5.7902409798593214e-05 0.0 1.654963053454807e-05 0.00047874656625639285 6.507842869174007e-05 0.0 0.0 0.0 0.0 0.0 0.0 0.0 1.0433821111146107e-05 0.004139275753124119 0.00017548254591268035 0.0 0.0 0.0 0.0010159305010297912 0.0 0.0002508395172350732 2.473930465652515e-05 1.6427714293617337e-05 4.60994357833332e-05 3.0347392578236574e-05 5.518507891200223e-05 0.0 0.0 1.0252651329001175e-05 0.0 2.6398160695369497e-05 0.0 0.0 0.0 0.0016381818857792972 0.0027430946641762745 0.0030960729505279203
0.00875130595045765 0.0032758433831103326 5.946381363657289e-05 0.053032069447927696 0.00048402231483887786 0.0 0.00743642480402052 0.00013384797215153124 0.00012269342646171672 0.07293100196714822 0.00028582731622879234 0.007641040486776028 0.0021402660231221596 0.0010486248145240645 0.00014231476473257435 0.00028301623163460345 9.21671917209417e-06 0.0 0.0 0.0 0.0 1.01963965161442e-05 0.0 0.0 0.0 0.0 0.0 0.0 0.0 5.849897371202409e-06 0.0007688456893522736 0.0 0.0010996869918273207 0.0 0.0 0.0 0.0012578247672044003 4.522042197871536e-05 0.00016298377956347666 1.888394274072231e-05 3.8350579814027164e-05 0.0 0.0 7.544066117190653e-06 0.0 0.0 0.00010358835662300304 0.0 0.0 7.2308584615171e-06 1.7467220150841568e-05 0.002028077991150097 0.00012841017899970866 0.0 0.0 2.9763428130745634e-05 0.0044391710793105004 0.0025542301898996912 0.0008409139680418971 0.00011816808977619758 0.0 0.0003085026416371284 1.0736493006507827e-05 1.7416060587893684e-05 0.0 0.0 0.0 0.0 0.0 0.0 0.00605795660077515 0.014271988200732107 0.0016491786557430398 0.0007085387528255594 8.246064820490194e-06 0.0002383123872972292 9.935688838355151e-05 0.00013349861891132485 1.5555825704220705e-05 0.0010757417049596946 0.0 0.0002392239762214355 7.3244346858090554e-06 1.9916727342124874e-05 7.083274621851666e-06 1.6067757812467096e-05 2.45473721757787e-05 9.625924497476384e-05 0.0002044180324466914 0.0007271994419039913 0.0002232311417848767 0.0014754506820614818 9.336706206464614e-06 8.760557125425299e-05 0.0003672279287496865 0.022992013489916606 0.012780095626049157 0.0010533071772535658 0.0038406694257925736 0.015470086144377107 1.0050043966913982e-05 3.09295147120358e-05 0.0 0.0 1.1522392782943022e-05 0.00018421492515986206 3.046021742169707e-05 9.421742155927089e-05 0.00020160203008589932 0.0 0.0 9.740046078341173e-05 6.384167509851224e-05 5.208095828693861e-05 0.0 6.879971654619953e-06 0.0 0.0 1.0690518359514244e-05 0.0 6.895352154549634e-06 0.0 0.0 0.0 0.0 0.0 9.188492855698294e-06 0.0 0.0 2.0467852756048977e-05 0.0 4.751207117301926e-05 7.800480963736e-06 0.0 0.0 0.0 1.7438801560864217e-05 0.0 8.800087279627479e-06 4.2462447877251746e-05 0.0 1.1975508587494615e-05 0.00013538659572987115 2.2930312993295834e-05 0.0 0.0 0.0 0.0 1.5909853133680654e-05 1.610877494399217e-05 0.0 0.0 0.0 0.0 0.0 1.2516899226964322e-05 0.00010903260434349221 1.4446981186677012e-05 0.0 0.0 2.0743361848262346e-05 0.0 0.0 0.0 1.2978595240089242e-05 1.615195422891662e-05 3.2420061113280795e-05 0.0 7.959066919587574e-06 0.0 0.0 0.0 0.0 2.3907244430260425e-05 8.655593683148924e-06 1.726071555116063e-05 6.416025670834884e-05 8.492941325927597e-05 8.96426488400955e-06 0.0 2.911678342008601e-05 4.648510007427966e-05 0.0 0.0 0.0 0.0 0.0 0.0 8.872453324462962e-06 8.04244617331582e-06 0.0 0.0 0.0 1.0596955076713349e-05 2.7148420529815396e-05 2.5880196927896542e-05 0.0 2.8475855150906407e-05 9.574574971927577e-05 0.00022233946889102082
0.04319946887370284 0.18747904854933556 0.008244606713785073 0.061713487131890565 0.1120418678440093 0.00743642480402052 0.0 0.00514032864069242 0.06657274064443652 0.19711167048335712 0.06723449546799089 0.01705889627041551 0.15127966209868138 0.18982867341614335 0.0019360026470399984 0.0006127011014184957 4.960963127953064e-05 7.800781391207054e-06 8.233816623593341e-06 1.6836107078239382e-05 5.648660050822449e-05 4.211604714579161e-05 0.0 6.546339552875759e-06 2.4751983157999776e-05 4.194493844855425e-05 0.0 2.602028302227667e-05 1.7058607360871498e-05 0.0 0.006892918940233401 0.0018895237413179761 0.005510517715247106 1.5016878233384843e-05 0.0 7.949407945295106e-06 0.004138105559468201 0.0005117018629435556 0.00017640618244067207 0.0 0.0001686570547000537 4.377478301364754e-05 2.1173914163149387e-05 0.0 0.0 1.9145152871901797e-05 0.0025729472997193838 5.525810959484291e-05 1.6872969066741705e-05 2.8610166567096744e-05 0.0001239290074634152 6.561428684378127e-05 1.1433872059694753e-05 8.914664585856055e-05 0.00030479097947884155 0.0005645417643432458 0.004497635351800834 0.007886577380573643 0.005587072248243638 0.003461285706551973 8.79268382234847e-06 0.00044769551846400097 0.0 0.004323430810484138 0.00012002694500448427 4.142854106369576e-05 4.9681005451515535e-05 1.6410314458886058e-05 0.0 7.750870913244592e-05 0.007960216073152202 0.00041660069885127247 1.1204259503332492e-05 0.006113909322255073 0.0011249335747394674 0.005364065485568577 0.002326380853457758 0.0014800164359479763 0.00012358832317343506 0.000798962905032698 9.337697154922986e-06 0.00024921444449644707 0.00033798835646241536 7.602763035630416e-05 5.133032268705583e-05 0.00016208892167623152 3.5405368682091635e-05 7.815596625295044e-06 7.843481240107304e-05 2.3662351208328094e-05 2.3024995252877387e-05 2.0472654049232542e-05 0.0001707216389629499 2.619276074438982e-05 7.331778150033081e-05 0.007268143846151949 0.0007024784231121387 0.0 0.0008807640044737646 0.004963069834920579 0.00017713169675762132 0.001141752670227707 0.002640306406456381 0.0024017254480927347 0.00044236523490038176 0.010535888642438549 0.0008276782041134082 0.006301444844058542 0.010036922925606179 0.0013804051626831915 0.0017010796149905787 0.007848341833976088 0.00693048334018015 0.0061709557240603894 0.005565110442701018 8.857280027049088e-05 9.634695685482083e-05 0.0 0.0 0.0 0.0 0.0 0.0 0.0 0.0 1.6826134734984794e-05 0.0 0.0 0.0 0.0 0.0 0.0 1.0135121329147847e-05 0.0 5.6568822422895e-05 0.0001636898026083 0.0 7.43576737535024e-05 0.0 0.003963104760098065 0.0002914557259890382 0.001510406219304575 0.001824804377531091 0.0005683312538555958 0.0 0.0 0.0 0.0 2.7300213589448367e-05 0.00012101742109843237 0.0 2.026737611802573e-05 0.00016870405773339049 0.0 0.0 0.0 1.8927906834640373e-05 1.1989671200676254e-05 0.0 6.8287783513560915e-06 7.091375070863525e-06 4.8423109621659325e-05 3.8907758148198855e-05 0.00031333314977456846 0.00013421300909231511 0.0 0.0016758467819504878 1.51859375530735e-05 5.520630249514588e-06 0.0 8.047139312609801e-06 0.0 0.0 0.0 0.0 2.0773282113398867e-05 0.011220605416309896 0.00036706900723945955 1.4322929599721249e-05 1.88236621997532e-05 3.584442586758619e-05 0.0018296809032997629 6.797100862831566e-05 0.0010471189763645425 2.411753256729222e-05 3.855599409308623e-05 9.24240909490096e-05 8.637397946717404e-06 5.5403399555217814e-05 0.0 0.0 0.0 0.0 4.071840678448006e-05 2.016001628136177e-05 0.0 0.0 0.005747024246881708 0.005669261114043555 0.005121122233432346
0.002406338248921196 0.027103756066435322 0.11689382902323801 4.6494613918993806e-05 0.030528718057611686 0.00013384797215153124 0.00514032864069242 0.0 0.03159928666219842 0.001619726443202737 0.07995562684784141 0.0015879669324322606 0.008290946345953478 0.14371540199703067 0.0010487720230604892 0.0009108643800389462 0.0004937096162064946 0.0016796612882894505 0.0002960952311221076 0.002606440150818309 0.009801685409777628 0.00011549000673442521 0.00035916895167032483 0.00013503593539906757 0.00041927952464219253 0.0008868711015005058 0.00020831328953010877 0.00035426761706328953 0.00012222836288773936 4.0647593718571884e-05 0.13092116503684662 0.24800965003186737 0.06741058952385258 0.0011239145695906719 0.00027382042498767133 0.00038533642011922073 0.00453579470536977 0.0014113475689691082 0.0012109024813766723 0.0002560097335043105 0.006314844513357907 0.0020815844403493057 0.004856617301698506 0.001485633568123155 0.0018929974626082067 0.0014636826177183587 0.002526309875984337 0.0005720101860585976 0.000540727101029054 0.003088822630374828 0.0006298051320264021 0.0007649667556488484 2.639865616959868e-05 0.0006136973475686724 0.00017999938789590636 0.0002154873635020276 0.0025244011678215036 0.013896707641317835 0.002665010858753086 0.0019492509813160723 0.0013534893257063293 0.03031432572959404 0.00012069190839574049 0.10807786532574336 0.0001245417283662394 0.0006684773397848229 0.0001393852715037283 0.00048010919849779654 0.0015117545877118492 0.008388023235257858 0.0029333260071837987 0.00011298312066934707 4.784200108392784e-05 0.0034080270919907367 0.006867144861221223 0.0051615456759037835 0.02096178760966346 0.01821687294708581 0.04062928762172655 0.14321265064216612 0.0054447721744143975 0.08932338857985435 0.0003329692773965319 4.296080852114032e-05 0.0008361335610383147 0.00036572081770207976 0.0016666930471666023 0.0 2.392548453751844e-05 3.2352781074432215e-05 7.625411060963359e-05 0.00024255089339683732 0.007567938670105345 0.0006016933575325296 0.000582278296460867 0.0014373029388588124 0.00014509487756547807 0.0 0.001076647353277308 0.0029743707900533028 6.53591314816338e-05 0.0 0.00011300130716185643 3.3115186498238704e-05 2.2926142597801484e-05 0.00023519595053244065 0.0 7.472803889103444e-05 0.00042054533927798963 0.0 3.8773579844488e-05 0.00011070168647125516 0.0001638689636861539 0.00036209786992721097 0.0003900854712765512 0.0 1.8435309314038852e-05 0.0 0.0 0.0 0.0 2.1680937286518746e-05 1.3033388588848562e-05 0.0 2.5263999848134166e-05 3.91114248637686e-05 0.0 0.0 0.0 0.0 5.386063146436573e-05 1.4783293563659129e-05 4.669041775435188e-05 7.997011371377911e-06 0.0 0.0 0.0 0.0 8.121502044637526e-06 0.0004943566824400059 9.275651394573186e-05 0.00010680262874923094 0.00011853870958378586 9.412352179770241e-05 0.00012467815016986488 0.00010226223140348972 4.345381554749469e-05 0.0 0.0 0.0 3.817887395941657e-05 0.0 0.0 0.0 0.0 4.043641076987245e-05 6.982846617556774e-05 0.0001499826411703517 0.0 0.0 0.0 7.635562458990694e-06 0.0 0.0 6.111652246716334e-05 5.327793713178318e-05 0.0002764825086489237 0.0 0.0 0.0 0.0 0.0 0.0 1.5242186819577163e-05 7.64088834475833e-06 8.435870736937681e-05 0.0007622680831569944 2.8442450389301758e-05 0.0 4.943385393939309e-05 4.011807412397383e-05 0.0001580670723138455 0.00020310564461993916 0.00024393935546781006 0.0 0.0 4.600378984486373e-05 0.0 1.0736789736410006e-05 0.0 0.0 0.0 0.0 0.0 1.2934653331584428e-05 0.0 9.333133430539609e-06 0.0005229302578655204 0.0007210426296771437 0.0003515490484155178
0.000614387731745941 0.06178435054528313 0.032477955393049825 0.0005666414269798585 0.13604984916745985 0.00012269342646171672 0.06657274064443652 0.03159928666219842 0.0 0.009770093083197227 0.09408925231432122 0.0020239798262771213 0.02964154105901136 0.053313055610256066 0.0002595799839897757 9.2106545120654e-05 0.0 8.2590848848896e-06 0.0 0.0 1.2490564217047763e-05 1.2366576413155084e-05 0.0 0.0 7.573602297360336e-06 0.0 0.0 0.0 0.0 0.0 0.0013316059280360862 0.00041773230282963103 0.0015847134018307034 0.0 0.0 0.0 0.0006636698651904904 3.13824521088892e-05 3.3791869334042716e-05 0.0 2.3748089973194395e-05 0.0 0.0 0.0 0.0 0.0 0.00031214081692501464 1.8269298639887238e-05 0.0 1.4173117050416695e-05 1.4296500301798386e-05 1.9107335986237627e-05 0.0 0.0 0.0 1.514439444237603e-05 0.0003258595619218547 0.0005854306162827984 0.0003805369660139734 0.0003893534353724995 0.0 2.1074282707629295e-05 0.0 0.0006320870191766814 2.1995313836152763e-05 5.974697715855263e-06 7.656670030910899e-06 0.0 0.0 0.0 0.0008353470802813698 5.015118969618803e-05 0.0 0.0006621999757199586 0.0001418733753055122 0.0007120512135448884 0.00036823256607022793 0.0002702452188355221 1.8012104068505478e-05 0.0003972650952993507 0.0 5.7790455732602664e-05 1.678715866147846e-05 0.0 2.0685188459355607e-05 6.681493090377274e-06 7.5941395192816475e-06 0.0 0.0 0.0 7.027672429901043e-06 8.042984169587062e-06 2.2949123912748853e-05 0.0 1.0064384063401593e-05 0.00047876889310164946 2.3366163462183964e-05 0.0 8.042946269506095e-05 9.302485206530919e-05 2.922422598985353e-05 6.91080928659424e-05 0.00017812183822158624 0.0 1.2415826181779274e-05 0.00021376046202757764 5.250020158742293e-05 0.00012514029174003915 0.00038091499759837066 4.5553015063605815e-05 7.015583228465796e-05 0.00014114284847175742 0.00032657528507642423 0.0004042929951297375 0.0002472316763400374 0.0 0.0 9.927729312937021e-06 0.0 0.0 0.0 0.0 0.0 0.0 0.0 0.0 0.0 0.0 0.0 0.0 0.0 0.0 0.0 0.0 0.0 0.0 0.0 0.0 0.0 0.0003393744604088384 0.0 9.418994677374878e-05 0.00019369409869506198 0.00011451782343809165 0.0 0.0 0.0 0.0 0.0 0.0 0.0 7.86471513022419e-06 0.0 0.0 0.0 0.0 0.0 0.0 0.0 0.0 0.0 0.0 6.953016665540016e-06 5.463518432631724e-05 0.0 0.0 9.050811013039602e-05 0.0 0.0 0.0 0.0 0.0 0.0 0.0 0.0 0.0 0.0006137743471295037 3.457429894208917e-05 0.0 0.0 0.0 0.00019291471033741481 0.0 3.289592898350954e-05 0.0 8.013827914619236e-06 2.465416166244376e-05 0.0 0.0 0.0 0.0 0.0 0.0 0.0 0.0 0.0 0.0 0.0003934268889304906 0.0005538261723069973 0.000431555486121528
0.15311854267120098 0.11682925315516617 0.0010200380665094343 0.31358863333385356 0.01515371892164662 0.07293100196714822 0.19711167048335712 0.001619726443202737 0.009770093083197227 0.0 0.013837547645360779 0.10775254093191482 0.2542447407633249 0.13755725163248664 0.0007062361269358553 0.0003386962167367732 7.869355579161713e-06 0.0 0.0 0.0 3.461540481526723e-05 7.394233601014177e-05 0.0 0.0 0.0 1.8475884586083414e-05 0.0 0.0 0.0 0.0 0.0018076146349656926 0.0003214255769107534 0.01788248401954924 0.0 0.0 0.0 0.02642428127772067 8.223273468143747e-05 0.0001848789595369385 0.0 6.810679121472193e-05 2.2252818078927754e-05 2.075192495557963e-05 2.650485219645938e-05 0.0 9.077383684195575e-06 0.0008180290574968116 8.483805834948535e-05 0.0 0.0 3.7770318481764045e-05 0.00013670171328684499 3.0153789720751064e-05 7.371863863958658e-06 0.00014142910223692405 0.00021530283771393292 0.0053824266544669165 0.0052803815933005266 0.0038902644817177968 0.0013202493841586562 0.0 0.0005051588451941175 0.0 0.0014419347525864265 6.497651306304776e-05 9.531418334612486e-06 3.109226551702841e-05 0.0 0.0 0.0 0.03997091905901704 0.0005319391750534548 4.540674663406749e-05 0.002936689648613262 0.0003291873739089242 0.0018455645956714601 0.0009411872803831543 0.0007549559317949868 8.957450726769918e-05 0.0003931201224397964 0.0 0.00010553958266812858 0.00010794735262634849 2.4452891433700815e-05 2.7340637723365187e-05 0.00010455813372639156 1.408353188952868e-05 0.0 3.8846704353138864e-05 4.671411362448425e-05 2.256437708107938e-05 9.523040752813482e-05 4.60885746369604e-05 0.0 6.231265826630451e-05 0.032919439009208316 0.003338995037317718 9.793788578026354e-06 0.0008907372212789963 0.05229921855162765 0.00012018327914089127 0.0012648800059346529 0.0020405346759301357 0.002252692752115113 0.0002978734206500238 0.010812930673218115 0.0005824983623565914 0.003957541120189597 0.010153992414979395 0.0017618938598156614 0.0013767918808155566 0.006709777495117971 0.007272367658575047 0.008258157749537061 0.003980030022957006 5.831363676975757e-05 3.352313280141914e-05 0.0 0.0 0.0 0.0 0.0 0.0 0.0 0.0 0.0 0.0 0.0 0.0 0.0 0.0 7.188753874986037e-05 0.0 0.0 0.00015351513578003919 0.00019705123009232582 0.0 7.284095133780245e-06 0.0 0.0022654797818581662 2.5720583047897845e-05 0.0005875295574312844 0.0005959322558912604 0.0002204504336433842 0.0 0.0 0.0 8.232439279187576e-06 1.5328650307942864e-05 0.0 0.0 8.03770589001868e-06 2.24979252976587e-05 0.0 0.0 0.0 0.00023249867710820954 0.0 0.0 0.0 1.1705022180401176e-05 4.260674134281497e-05 2.585077722114641e-05 0.00045973435531360953 1.052469256380635e-05 0.0 0.0006960216835104268 0.0 0.0 6.267694460060682e-06 0.0 0.0 0.0 0.0 0.0 3.989868904311849e-05 0.00732094434533332 6.86321270101385e-05 0.0 2.3628921025937434e-05 0.0 0.000823116822139912 1.6895697098221165e-05 0.0003365011110657831 0.00010778352166904846 5.776333961126136e-05 5.998687450273937e-05 1.8743780846180253e-05 0.0 0.0 0.0 0.0 0.0 0.0 1.5042709449542253e-05 0.0 0.0 0.005072767249668415 0.0024337180346550207 0.0022380208117625026
0.005443756197574511 0.0530270203746453 0.10874488533438814 0.00022512814252026125 0.11885656058082014 0.00028582731622879234 0.06723449546799089 0.07995562684784141 0.09408925231432122 0.013837547645360779 0.0 0.014617795700712762 0.08629012457574921 0.2821690998153299 0.0016639532225819593 0.0012701418387166786 7.794852801712864e-05 0.0001502378815765833 0.0 0.000197924778427951 0.001965242370465398 0.0006157594087030079 1.0168860720735641e-05 1.0698218546695433e-05 0.00011931755439880846 0.0005354739598448639 6.540529146926726e-05 0.00014575589472635292 6.989039398347048e-05 4.198510883680705e-05 0.06241674334000207 0.014376744629993084 0.06669389473045373 5.2207844060436694e-05 6.435322913034125e-05 5.981542008281224e-05 0.017652973706512715 0.0006514158427738754 0.0006726257744932358 0.00014146238174338305 0.0022562614015532553 0.0007224517019970232 0.0002418656442183432 9.038663667333804e-06 0.0 9.179890461711716e-06 0.002000132388174622 3.6446006457587574e-05 2.5628790900587852e-05 8.434482392264523e-05 0.0001811145002548885 0.0016315342226709453 0.00011649189907227338 0.00048653443758587455 0.00012987351360501775 0.0001737895765655958 0.001472265233409023 0.005672132709814572 0.0017688325373091062 0.001850117257390962 0.0 0.0034137957167980765 2.0773836748730043e-05 0.005806107862158523 5.208304926213715e-05 0.00010749427009991681 8.27760157029943e-05 4.724384166952761e-05 8.709300408855244e-05 0.0010160636615776696 0.015060681381373722 0.00016220555594002504 9.966875474611586e-06 0.0025035502501654272 0.0014140755012478584 0.004402086442160593 0.0036451495715813975 0.0025305910289189523 0.0006675501882554193 0.015275213963262929 2.76349887021709e-05 0.0036208051866929076 0.00015159062836760093 0.0 3.25410931730544e-05 0.0001108398673932727 4.920450945677423e-05 0.0 4.1156938452998326e-05 0.0 6.540202420497047e-05 0.00035727850395137823 0.0024278630115289663 0.00016563906293337266 0.0007065518461651869 0.004287791497081551 0.0003774453237594691 3.65464231842974e-05 0.001495594240925979 0.0023283773922850473 5.2885225736757994e-05 2.9344431642983684e-05 0.0003263641224643536 5.2506969987247745e-05 0.00011479968634021973 0.000564430045997271 0.00010214244588662297 0.0003505194617489956 0.001021368661627521 0.00010527670863095559 8.068603422608736e-05 0.0005893933530737835 0.0005691070213689226 0.0007202659299142647 0.0007666549250893382 4.457799388316102e-05 1.527395725573927e-05 0.0 0.0 0.0 0.0 0.0 1.6775971666848596e-05 0.0 0.0 0.00014744763416959063 0.0 0.0 0.0 0.0 5.894467773976671e-05 2.6361674472304044e-05 9.643826277182383e-06 0.0 4.6434090262871196e-05 0.0 0.0 0.0 0.0 0.00048022076478125136 0.0 0.0003877779840081694 0.00011236455899428947 2.1601629980513572e-05 0.00010436835646610287 0.0 1.6826007168858624e-05 0.0 0.0 0.0 0.0 6.284212886811501e-06 1.558201928212782e-05 0.0 0.0 0.0 4.0349945894918425e-05 2.288065048354603e-05 6.400310540922058e-06 0.0 0.0 1.575465322652592e-05 0.0 2.5498033772478143e-05 0.0 0.0 0.000185799453593583 1.2490541107242293e-05 0.0 0.0 0.0 8.853139073446896e-06 0.0 0.0 0.0 3.254069429781206e-05 0.001760583204762123 0.0001720453931164224 3.781571261044433e-05 2.7008305779276492e-05 1.0426562783445422e-05 0.0005368965634180396 0.0 0.0001375397339941354 0.0 0.0 4.620843780277355e-05 0.0 8.020741444022375e-06 0.0 0.0 0.0 0.0 0.0 3.68899097692883e-05 0.0 0.0 0.0007232269805068663 0.0013772829604841354 0.0009973749111868528
0.020540559456518274 0.0020447549405358976 0.0006645242291522059 0.0200039261724834 0.002948650527307308 0.007641040486776028 0.01705889627041551 0.0015879669324322606 0.0020239798262771213 0.10775254093191482 0.014617795700712762 0.0 0.08819538872124985 0.044625665924105044 0.0013460980288069544 0.000996979144213349 2.6616238223431576e-05 0.0 0.0 9.44895792674956e-06 0.00011025528267860307 0.000408191309640418 0.0 7.362028792948536e-06 0.0 1.246207999522288e-05 6.522677885255477e-06 4.89898480201561e-05 5.704182190406934e-06 0.0 0.000997337526916747 0.0004133981170512375 0.011058793198502824 0.0 0.0 0.0 0.015505730576139406 0.000163011056529064 0.0003541344371031748 0.0 0.0002085930503643317 7.31451688169537e-05 3.656358637462071e-05 3.4307555399088965e-05 0.0 3.537179429451487e-05 0.0011481277194402746 1.868581775650325e-05 0.0 3.705183694081411e-05 7.907659711964324e-05 0.0008859929681794764 0.00023588840303729843 0.00021866368886548453 9.349603326698947e-06 2.099830321361119e-05 0.0008187583095936965 0.001739253804130231 0.0006710546270990755 0.0008488180821550676 1.3408899817861694e-05 0.000487260079931146 0.0 0.0027042802183383885 1.7348919670074017e-05 7.5634936062534996e-06 0.0 0.0 1.0872496984850478e-05 9.886500495593888e-06 0.020895691174628722 0.00033117229405041875 7.5532333148228115e-06 0.0012202535988578252 0.0006417510596007049 0.0026520566300296845 0.001886159716265742 0.0014438385549997558 2.2635435110925503e-05 0.0022589400489364773 0.0 0.00018165694793686018 5.187265112243134e-05 0.0 2.3270470379711343e-05 3.662755431614993e-05 2.4797787716825128e-05 9.935679086017244e-06 0.0 9.317207077004826e-06 8.956815484437276e-05 0.00024606173411880335 0.00021266990383690288 1.5480760434106825e-05 0.0004794630977919576 0.043388986365450036 0.0027231336394968365 0.00013238767186367982 0.0019929342328610157 0.00403680229948526 0.0001220208627176389 0.0007467093534746193 0.0014052657919696274 0.00025423256635418806 0.0001320206678162548 0.004128028443750773 0.00019341383499147207 0.0023013311314234704 0.006877718858092794 0.0011187980956362414 0.000948703590699588 0.002565780399031081 0.004458212270411535 0.004313435013087986 0.0028699146556130993 2.295425937371946e-05 0.0 0.0 0.0 0.0 0.0 0.0 0.0 0.0 0.0 0.0 0.0 0.0 0.0 0.0 0.0 1.7463693594527494e-05 2.5266712014903632e-05 0.0 0.00017162999621195981 3.736923209323807e-05 0.0 8.533147765476925e-06 0.0 0.0014471693393700042 0.0002752504676072264 0.0006144224731786937 0.0003893108597156938 0.00026442305692844743 0.0 0.0 0.0 0.0 7.252417136839996e-06 8.316796539883134e-06 0.0 0.0 2.5321409226872214e-05 0.0 0.0 0.0 6.197877704085741e-05 3.711530247517251e-05 0.0 0.0 0.0 9.280496503947913e-05 1.6754606189499394e-05 0.00032663052213344846 0.0 4.020889103749317e-05 0.00048035201091284476 4.409992364847139e-05 0.0 0.0 0.0 0.0 0.0 0.0 2.1125934971629712e-05 0.0 0.005922227404028033 6.263394557216502e-05 0.0 2.6744914082461036e-05 1.7321242904852112e-05 0.0006847658091809789 0.0 0.0005064723076268239 3.649854059176456e-05 1.5279715757065227e-05 3.121124450168444e-05 6.764538176318477e-06 0.0 0.0 0.0 0.0 0.0 0.0 0.0 0.0 0.0 0.003464416421941167 0.0020644863753065826 0.0018959435093907078
