0.0 0.15064586534414062 0.05482784980627499 0.07192986192711061 0.013425801111739844 0.026026032148158997 0.04774862379544075 0.008061235279954605 0.0027450262740371543 0.06645340903295831 0.00893900524583554 0.04450758716047217 0.04187567967927005 0.010604901019708894 0.00022617639378201074 4.9926304900766286e-05 8.603777479454939e-06 0.0 0.0 0.0 1.296111765861615e-05 0.0 0.0 0.0 8.322534563762487e-06 0.0 0.0 0.0 0.0 0.0 0.0380376046179271 0.0005090193507525374 0.001640790791873411 0.0 0.0 1.1637977204081858e-05 0.0002005758216062305 6.262698888178597e-05 8.150934485193627e-05 7.78850637495062e-05 0.0 0.0 0.0 0.0 0.0 0.0 0.002067080920382622 0.0 0.0 0.0 0.0 0.0 2.9152665996065295e-05 0.0 0.0006596073892781527 5.955962046388162e-05 0.015222141837535182 0.034430863155214965 0.002034860911019184 0.0013579389890829934 0.00032828038135024264 8.343527386469271e-05 0.0 0.0014045920418067723 4.437699660472052e-05 0.0 0.0 0.0 0.0 0.0 0.0018360458900923589 7.660906302763598e-05 0.0 0.008548288270380275 0.0023705913801372975 0.0022543438092952513 0.00029937960858979223 6.3390614975146415e-06 0.0 0.0009373878055697879 6.747185833355316e-05 0.0002684126303999911 0.0007045424121231766 0.0 1.755739159833274e-05 3.08691821069771e-05 0.0 0.0 6.386597863597093e-06 7.083458325599075e-06 0.0 0.0 0.0 0.0 0.0 0.006787375930616269 0.00046683594630232624 1.4573303076580965e-05 0.00028900344992799826 0.05933555964237318 1.9706282271929054e-05 0.00135254564002926 0.0012241414529323771 0.0005271061089935996 9.499849908933774e-05 0.00046261118009770686 0.0005438935856222361 0.0006657551350936431 0.0010843071138067009 0.0006248216883554073 0.0005751124212611782 0.0010589234088552654 0.0006859401783556463 0.00017705970118992887 0.0016417829975075631 5.541091244499408e-05 8.797498012521239e-06 0.0 0.0 0.0 0.0 0.0 0.0 0.0 0.0 0.0 0.0 6.532599400276115e-05 0.0 0.00012197422974514181 0.0 0.0 4.2186821462021377e-05 0.0 0.0 1.2903339203721052e-05 0.0 0.00011469935136030302 0.0 7.935008325822153e-05 0.00032990200724000615 0.000545710435076967 0.00011587768781286118 0.00010040708781295484 0.0 0.0 0.0 0.0 0.0 0.0002392796893118644 0.0 8.698332142766907e-05 0.00014987212653782414 0.0 0.0 0.0 0.0 0.0 0.0 0.0 0.0 0.0 4.384619850303734e-05 0.00013649709059396456 0.00017044032483927665 0.00016891804458665443 9.76861658625184e-05 1.178329295263388e-05 5.4200952678387095e-05 0.0 0.0 0.0 0.0 0.0 0.0 0.0 0.0008549796237832687 0.0 0.0 0.0 0.0 0.0004774585336051799 0.00015000894419172196 0.0 0.00021751729160688355 5.144371938582891e-05 0.00018033859391163428 3.7503842860605844e-05 0.0 0.0 0.0 0.0 0.0 0.0 0.0 0.0 0.0 0.0009241263690155999 0.0002157113164686697 0.00012813594958222487
0.15064586534414062 0.0 0.15277482796131858 0.06329991572286037 0.13381217012011587 0.020827885591300062 0.22122581288360127 0.034019463928176806 0.05160853960420162 0.04448694646473913 0.05691231613621641 0.0050294064110088235 0.026955420439806713 0.03662838961501418 0.0012278014334282262 0.0003437085869039159 8.104204686587379e-05 0.0 6.404658700502272e-06 0.0 0.0 0.0 2.175065675935565e-05 0.0 2.0790958961597704e-05 8.600477966567015e-06 3.473582113906774e-05 1.3482992999488872e-05 1.0207279309542796e-05 6.876452064120147e-06 0.15224756523162933 0.003993056447801265 0.0033452352519694507 0.0 8.83864011110231e-05 2.458106683006052e-05 0.0006469044614852233 0.0002053069383829302 0.0003690108692771906 5.6482710179169404e-05 0.0 0.0 0.0 5.2986274465204474e-05 6.543264485209534e-06 8.154805985221753e-05 0.009122791558141418 3.5175664338842396e-05 7.982783149108617e-06 0.0 0.0 0.0 2.9468643859706863e-05 0.0 0.002065692956905818 0.0003227344205806039 0.008305552763002252 0.062015775274470705 0.0035935201767922646 0.00375306302291566 0.0005184018747069908 0.0005782266049477171 3.719800509432649e-05 0.018721544368873147 8.959540836098478e-05 0.0 0.0 0.0 2.9956121838367024e-05 6.695410082293683e-06 0.005405258346088361 0.00014884313777653718 1.7748594552964475e-05 0.019463981733036633 0.008724894629712503 0.007653439687609226 0.00341909736673711 0.0004981766080448339 9.729119890093748e-05 0.004371512206120868 0.0005081290799069091 0.0009885187446134127 0.0028158005541025206 2.320164379523759e-05 1.8670486326876725e-05 0.00010598769823944676 0.0 2.4910833818513374e-05 1.7401112663520215e-05 0.0 0.0 0.0 0.0 1.696066765454384e-05 0.0 0.012198795566507586 0.0009922721272095395 4.577841519924719e-05 0.000924265678004518 0.0476716603276303 8.245165221273231e-05 0.0009594284407231001 0.0017191667965393625 0.0010013269836486726 0.000377713654211609 0.0011048452150872138 0.000647818914444107 0.001938457793428117 0.0020776040016056434 0.0014910715582735336 0.0008954361769889234 0.002557823157482454 0.001897416372337457 0.000668868855941787 0.0037816066263881977 3.5711856655015524e-05 0.00020281851280284674 4.147813595618062e-05 3.912668787624476e-05 0.0 3.743270889367413e-05 0.0 0.0 0.0 0.0 0.0 0.0 0.00026556298629248036 0.0 1.1967705423854725e-05 0.0 4.413027630389906e-05 5.9587575664361974e-05 8.219010378647576e-05 8.350299857355002e-05 0.00028278207105681986 0.0 0.0001675237308000672 4.5634706263370524e-05 0.00048669854389198286 0.00036699441658953543 0.0014683209856842375 0.000588552960170311 0.00017532712053091088 0.0 0.0 0.0 0.0 1.7640542663179496e-05 6.606824006376787e-05 0.0 9.932135542230792e-05 0.00040880886905532264 0.0 0.0 0.0 0.00013848819512575855 0.0 2.425161774478359e-05 6.850763936757473e-06 7.4421908859770054e-06 0.0 0.00017060118623206418 6.7719045051417e-05 0.0002653389844381342 6.363219395255972e-05 0.0003327972820838674 0.00012749446332051728 0.0 0.0 0.0 0.0 4.191482636761008e-05 0.0 0.0 0.0 0.002908362076035889 4.5794112339555324e-05 0.0 0.0 6.483712810535728e-06 0.0013683346412335282 0.00020775837864230132 0.00012473512637973857 0.0005071138015401909 0.00026595021442909355 0.00019733149086451724 0.00017743532019442884 7.067784446498939e-05 0.0 0.0 0.0 0.0 0.0 0.0 0.0 0.0 0.0026918662061403997 0.0010873090341319254 0.0006589417185174249
0.05482784980627499 0.15277482796131858 0.0 0.000806760918197016 0.06441275706825855 0.0011280517485076603 0.031142914570277618 0.09862702764361468 0.08361073978604458 0.0034853382401542348 0.12275011339885669 0.005277068211013214 0.026124539469853773 0.14609407377489741 0.0015735167480455314 0.0007188894814623264 0.00020181789257581298 8.565359506906602e-06 0.0 0.0001091594429780522 8.024590577882472e-05 0.0 0.00020276439411134292 0.0002735951076566292 0.0003363396598765053 7.415627361820113e-05 6.55066989952923e-05 9.097766210588833e-06 3.483020617449371e-05 5.6827619617585894e-05 0.23443796904295516 0.021688551132875277 0.011898039932212218 0.0001796329824638963 0.00022424568011770212 0.00017340132392810767 0.0017151256930793373 0.0006550584131280263 0.0013083824157153388 0.00012544322200520227 4.808169468539612e-05 0.0 1.2719250003647217e-05 0.0012576984771662568 3.143909363168356e-05 0.0008509281458244777 0.00803238058943651 6.250428958825879e-05 1.9826308315860472e-05 0.0 0.0 1.8720061329085528e-05 0.00011344891112737212 0.0 0.0014798199658381647 0.0002131878756132587 0.004223086366960249 0.05175117964373248 0.0024762897337015956 0.0026465019489957703 0.004387820325318198 0.0028596454803964133 0.00017972008853054343 0.022328142732212335 6.14381168913297e-05 1.2139215081933018e-05 0.0 1.8776519859537208e-05 6.250964026253892e-05 3.4459463673495496e-05 0.01166290665104186 0.0004688418980456747 7.351933462443596e-05 0.014246319892281057 0.008113571383973776 0.006597720794657763 0.005148805406731408 0.0016545305987486682 0.0036353784647062976 0.028043642701210795 0.008230952834924813 0.012682475351047297 0.0020048154333378483 2.1033605568813864e-05 1.9735988623862587e-05 0.00010925857956254214 4.8584254873455614e-05 3.490176749156718e-05 2.55260575799532e-05 1.3081796805695132e-05 1.949079401970912e-05 0.0 7.206179568163538e-05 1.0794289611449399e-05 1.090864290283615e-05 0.006989419287520326 0.0017834414996503404 0.00020506790024515942 0.0031833416245874153 0.021441780149460243 8.554467297152553e-06 3.257833872954397e-05 0.00013806977549854748 8.741655904081431e-05 3.476755002321439e-05 6.166045467464237e-05 6.763190856626707e-05 8.239707962945191e-05 0.00019625727754335785 0.00011476648678522451 7.927098083644839e-05 0.0002102841205679801 0.0001313596434573577 5.579421122677984e-05 0.0005914192217269487 6.789438744084342e-05 5.2508044904266706e-05 0.0 0.0 1.7928867125603416e-05 7.753093631187007e-06 0.0 0.0 0.0 0.0 4.919079862566586e-05 0.0 9.580802252827887e-05 1.1078627460687676e-05 5.518144897829889e-05 0.0 0.00012083077735084039 0.0001289856111302235 2.4299595477376724e-05 0.0 1.9382114077308264e-05 0.0 8.023273933865822e-05 1.1208836545749908e-05 0.00014150234607485858 0.00022133293670307763 0.0002756889193683403 0.00017542961955283856 0.00016266900754272854 0.0 0.0 1.5529968567122315e-05 0.0 2.7073078214822612e-05 2.7689204988285642e-05 0.0 2.9610259286863962e-05 0.000199466356222575 0.0 0.0 0.0 0.00010576799821747659 0.0 0.0 1.004200067300106e-05 1.4037248538332113e-05 0.0 7.942302682784703e-06 9.543843414106191e-06 0.00011554773712050925 8.248368826411274e-05 6.039028535868417e-05 0.0 0.0 0.0 0.0 0.0 0.0 0.0 0.0 0.0 0.00042516988781828247 2.8793076349638926e-05 0.0 0.0 0.0 0.00016307766461987636 2.680807579739941e-05 6.918423394944183e-05 4.825045117075374e-05 7.445767744037187e-06 6.148886091835056e-05 2.594858310859606e-05 0.0 0.0 6.923237510693216e-06 6.726241918829444e-06 0.0 0.0 1.0942452770436523e-05 0.0 0.0 0.0004762179620888513 0.0006410105622503782 0.00024721263621750524
0.07192986192711061 0.06329991572286037 0.000806760918197016 0.0 0.004348712530314376 0.03005521480272397 0.05094948141443 0.00023972513548055978 0.0005766659055296641 0.14567507344355746 0.0001228220745331518 0.052371942778248554 0.06849799740301733 0.004928059631826309 0.00018244428852198352 2.9842851684255124e-05 0.0 0.0 0.0 0.0 0.0 0.0 0.0 0.0 0.0 0.0 0.0 0.0 0.0 0.0 0.018591575045431897 0.00011949929268348937 0.0008248903541938964 0.0 0.0 0.0 0.00011211542122460365 0.0 0.0 0.0 0.0 1.0358750331595082e-05 0.0 0.0 0.0 1.396102036684945e-05 0.0015064240557524774 7.24630049971362e-06 0.0 0.0 0.0 0.0 0.0 0.0 0.00039326724543011226 4.4990025462431576e-05 0.002252033337920743 0.017701010177538046 0.0009015375751457035 0.0007381258455818666 5.6385481311955715e-05 3.7575001281628014e-05 0.0 0.0011435501784553886 6.5807215909353075e-06 0.0 0.0 0.0 0.0 0.0 0.001663349823325898 3.782570640631142e-05 0.0 0.004864377558686513 0.0015554883742436543 0.0016662691442944138 0.00020867824669111798 1.371025738736667e-05 0.0 0.0002030234529919027 5.024210562136235e-05 4.1981357001123674e-05 0.0005001821893981782 5.241878031680583e-06 0.0 1.2981789715229088e-05 0.0 0.0 0.0 8.153436317579697e-06 0.0 0.0 0.0 0.0 0.0 0.0034646042669771366 7.852400380360018e-05 0.0 0.0001583529900049089 0.02924126227947741 0.0 0.0003545320228089833 0.00037015703428620894 0.0001956861969938393 4.948844069299491e-05 0.0004257741209571652 0.00021139548919560258 0.00023821024513478526 0.0002622195508758831 0.0002681941539772056 0.000248875402834035 0.0005710059573853335 0.00047489557016806145 0.00023307544798656618 0.000602668307319825 0.0 0.0 0.0 0.0 0.0 0.0 0.0 0.0 0.0 0.0 1.0812584849758218e-05 0.0 0.0 0.0 0.0 0.0 0.0 2.1960057135934388e-05 9.760260683186985e-05 2.1815617559550183e-05 6.50766970758233e-05 0.0 3.764179733148924e-05 0.0 2.0550404073777427e-05 0.0 0.00016098525931658713 2.21804922717213e-05 0.0 0.0 0.0 0.0 0.0 0.0 0.0 0.0 0.0 1.941851727137948e-05 0.0 0.0 0.0 4.315556667680699e-05 0.0 0.0 0.0 0.0 0.0 2.079040248192951e-05 3.148966111210015e-05 0.0 7.341980170474829e-05 1.2777171604437672e-05 2.2343540218060423e-05 2.8034066711403684e-05 0.0 0.0 0.0 0.0 0.0 0.0 0.0 0.0005182424233012724 0.0 0.0 0.0 0.0 0.00031914941006346134 0.0 0.0 0.00011201442762034217 2.7735204325316725e-05 5.827439339261455e-05 0.0 1.120666072814052e-05 0.0 0.0 0.0 0.0 0.0 0.0 0.0 0.0 0.0003318067220310709 0.0002481487429752675 0.0001190529411170059
0.013425801111739844 0.13381217012011587 0.06441275706825855 0.004348712530314376 0.0 0.00043407331558269007 0.08952883146122669 0.011016115706040972 0.11922559716614442 0.013898896920494432 0.09458162082014845 0.0026807964340426634 0.026472815143845783 0.026760383300896005 0.0009721827722070512 0.00033548439774535086 9.957212078755562e-05 0.0 0.0 0.0 0.0 0.0 0.0 0.0 1.8411722088284837e-05 0.0 7.41458877870519e-06 0.0 0.0 0.0 0.011869853198017654 0.0023486222314476847 0.002496987933526562 0.0 9.243331868016496e-06 4.106151459927992e-05 0.00014401293958616143 6.2883545094942e-05 0.00010201315493677572 1.4575366166797772e-05 0.0 0.0 0.0 0.00012625461111231276 0.0 0.0001300428998350221 0.004699963853184725 1.1715042182611117e-05 0.0 0.0 0.0 0.0 1.9081310871456784e-05 0.0 0.0005921065504616437 0.00010477903066276591 0.0009763521069530183 0.00627665393459008 0.0011896046186042214 0.0011412669859170053 0.0006389524642466757 0.00017796728612804157 4.2196015603591783e-05 0.007694354669123402 3.0226057421208906e-05 0.0 8.949812998914887e-06 1.7658466318601632e-05 1.5545665707430442e-05 0.0 0.0029217965837312976 0.0002857946050537436 0.0 0.00445071426101582 0.0025449456066082223 0.0022157833773554106 0.0030677017802405388 0.001092071464669675 0.00013141841677622555 0.0036494551851288326 0.0008259814796061502 0.0010176539008842698 0.0011223122285423076 1.5322117148419563e-05 0.0 1.168348865218627e-05 0.0 5.950905298346503e-06 1.1580294179783663e-05 0.0 0.0 0.0 0.0 0.0 0.0 0.01163906904880224 0.0009858867401216411 0.0 0.0001554997946863109 0.001771575078894068 4.126647566377896e-05 0.0004519000105361602 0.0006653027898892328 0.0003517560415792222 0.0003442364302357425 0.00046415604221176253 0.00034598132979193826 0.0008440468494646819 0.0014413797120347686 0.0007082811556657387 0.0006348142476290353 0.0015473654888387915 0.0012832965156596894 0.0006317445739657745 0.0034065680999657774 5.55338169143046e-05 6.420589884349307e-05 0.0 0.0 0.0 0.0 0.0 0.0 0.0 0.0 0.0 0.0 5.75537444685695e-05 3.046155866248193e-05 1.4294681520097202e-05 0.0 4.434348972926531e-05 0.0 4.979004074433054e-05 0.00014245536134506833 0.00022855343873380094 7.311583616749193e-05 8.993989313324501e-05 0.0 0.00023076285447415945 9.999644876159754e-05 0.0008205282466599784 6.475319093096853e-05 0.00018504841594707626 0.0 0.0 0.0 7.416366770013744e-06 4.9519176502492544e-05 0.0 0.0 3.7304861715885246e-05 0.0005204499775485501 0.0 1.5745942322504e-05 0.0 8.362647562644196e-05 1.0116560598361604e-05 0.0 0.0 0.0 8.895227890368672e-06 0.00030442682192193834 5.191268621445475e-05 1.0144031488562678e-05 5.906024527199377e-05 0.00016764512925527037 1.0497042388215021e-05 8.140274052501812e-06 1.6326732935257434e-05 0.0 1.1844067928271747e-05 0.0 0.0 0.0 6.689297752562027e-06 0.002209324917270139 4.1017692272740696e-05 0.0 1.1927721196634714e-05 0.0 0.0014455264834089805 0.0001887502952464958 7.89337219496974e-05 0.0003284149229844043 0.000258918750867776 0.0002450127021033903 7.803654908614802e-05 7.937560736424578e-05 0.0 0.0 0.0 0.0 0.0 0.0 4.636107386593501e-05 0.0 0.002484029236822901 0.0007349733834900274 0.00035316365183016426
0.026026032148158997 0.020827885591300062 0.0011280517485076603 0.03005521480272397 0.00043407331558269007 0.0 0.0031849896280906034 0.00018659844861016047 0.00014501801940427676 0.02330576425219383 0.00023984020450142332 0.006607994858684784 0.0040353334720528026 0.0008003707560006247 3.0308452198575207e-05 0.0 0.0 0.0 0.0 0.0 0.0 1.4574056978296508e-05 0.0 0.0 2.0889979538268253e-05 0.0 0.0 0.0 0.0 0.0 0.004280393173128727 4.310932995616611e-05 0.0008045751066183604 0.0 0.0 0.0 0.00012978254071257945 0.00010015945495705051 0.00010659597435521137 0.0 1.0647352735632478e-05 0.0 0.0 0.0 0.0 0.0 9.512653712832046e-05 0.0 0.0 0.0 0.0 0.0 0.0 0.0 4.011855473177758e-05 0.0 0.00949608647212782 0.0027214867313737254 0.0002124110431181693 8.9097354882864e-05 2.6390937922392967e-05 0.0 0.0 6.955345731462559e-06 0.0 1.1407779518231744e-05 0.0 0.0 0.0 0.0 0.0022489883288916938 0.0024875149801349243 8.427977679248745e-05 0.000371970563352609 6.773758840927777e-05 9.169500316686818e-05 1.0486221751408659e-05 0.0 0.0 9.185060156223652e-05 3.562728784936352e-05 2.4756456934785383e-05 7.205393458621547e-05 9.73835184603817e-06 0.0 8.13109243619725e-06 0.0 1.0474910839910692e-05 0.0 1.9497574960060326e-05 0.0 0.0 0.0 0.0 0.0 0.005545962055566061 0.012224947552776184 0.00019082858278585574 0.0011192293574239366 0.011912227301429662 0.0 0.00019522363296182446 0.00014205507770635744 0.00017735266715800967 8.534175710400638e-05 0.00024554698401830165 0.00010765578362065073 0.0001186382957699023 0.00047970055141964677 0.0003227811896250431 7.221354464530116e-05 0.00042774670300654144 0.00014440468516865556 0.00022875996486008921 0.0005008584243259832 1.5035300489426724e-05 2.047448426241101e-05 0.0 0.0 0.0 0.0 0.0 0.0 0.0 0.0 3.045842973178596e-05 0.0 3.572920355176763e-05 0.0 0.0 0.0 0.0 1.447455388067037e-05 9.594737744317178e-06 3.30442923370726e-05 0.0001229804249083584 0.0 1.2496939656631158e-05 0.0 9.576926219846411e-06 0.0 7.684977060441131e-06 3.46051313223736e-05 0.00013977852176954767 0.0 0.0 8.439589733924057e-06 0.0 0.0 0.0 0.0 0.0 8.701847209515592e-05 0.0 1.9261135516731494e-05 0.0 3.380846357771786e-05 7.110673342512201e-06 0.0 0.0 0.0 0.0 0.0 0.0 0.0 0.00010574864847107201 0.0 0.0 0.0 0.0 0.0 0.0 0.0 0.0 0.0 0.0 0.0001244226365044138 0.0 0.0 0.0 0.0 0.00024685037272504187 0.0 9.406023738940919e-06 0.0 2.7464429549663322e-05 0.0 2.7896071682516597e-05 9.326572995489086e-06 0.0 0.0 0.0 0.0 0.0 0.0 0.0 0.0 0.00018087493533811504 9.451461228332733e-06 9.934794059728154e-05
0.04774862379544075 0.22122581288360127 0.031142914570277618 0.05094948141443 0.08952883146122669 0.0031849896280906034 0.0 0.01108299880948202 0.15161227627702129 0.09611148807421953 0.046334448882684384 0.014721217813620444 0.10140341017156099 0.07673359128016419 0.0007151748347419235 0.00039807879230676453 2.888169737701194e-05 0.0 0.0 1.0751924390836645e-05 0.0 0.0 6.388216127944081e-05 1.7660722059335924e-05 5.884229252460881e-05 1.0606242427368998e-05 7.627068581357752e-06 8.246668432106825e-06 1.6646219066217653e-05 0.0 0.01352241170081655 0.002157386887671353 0.002930640259416778 0.0 2.2032049381797e-05 2.8556012432341617e-05 0.00022066908508810334 3.9140456722054214e-05 0.00014762830389219335 2.5535464651042948e-05 9.525664481837347e-06 0.0 0.0 0.0001144820690128613 0.0 0.00015634345901773536 0.004012043146989628 0.0 8.382627807073714e-06 0.0 0.0 0.0 1.4710473823687302e-05 0.0 0.0007882879809594653 0.00011091269032571209 0.001922288708260297 0.010475355135544252 0.0012306206852763886 0.0015183725748548242 0.0007813508916976315 0.00033016092834264166 4.028057262411137e-05 0.006723888089159674 6.469963945507502e-05 0.0 0.0 0.0 0.0 0.0 0.005099835042645088 0.00018568071283874327 3.3854999711856515e-05 0.006274880203661236 0.0030742016822553992 0.0030712125371048934 0.002204238180163403 0.000948722420835139 8.992283551048981e-05 0.004582506620200247 0.0007046479130338181 0.0008878902321686695 0.001094291301431215 0.0 1.9070292812603065e-05 1.612225498815521e-05 0.0 6.889889288605361e-06 5.196201369355283e-06 6.584486327983142e-06 0.0 9.226438863040919e-06 0.0 0.0 0.0 0.01896011913443401 0.0008121247935108958 0.0 0.0002703180310984711 0.004590196041344297 0.00016585955121426209 0.0011178100163668704 0.002392128869397262 0.0015638044678385678 0.0007899220325093868 0.0018226708589200286 0.0007927528201273907 0.003192251316774068 0.003487793011537878 0.001738525757364539 0.0019457604850604234 0.003993156323078219 0.0025403319696678402 0.0016141913649366398 0.00649605256168467 0.00015283929342542127 0.0001542888287233478 6.334674672263243e-05 3.715609137972533e-05 0.0 0.0 0.0 0.0 0.0 5.8856725209507965e-05 0.0 0.0 0.00036848367308409927 0.0 0.0002596548058688087 0.0 2.0488425479736117e-05 1.316642585191143e-05 1.3170536524873038e-05 0.0006249565836792188 0.0004438808200178918 0.0 8.701869695349988e-05 0.0 0.0006669560444610162 0.00016139879110791305 0.0021713444075246195 0.0005556506393358102 0.00026766996384791674 0.0 0.0 1.0145394953215935e-05 0.0 1.6179216318564324e-05 0.00010678238729031982 1.958883464343771e-05 0.00010313815045719473 0.0004091330974905077 0.0 7.075591027190367e-05 0.0 0.00014334921143452175 0.0 2.890690835139009e-05 4.327769935116505e-05 0.0 1.4351698915981995e-05 0.0005672900420344331 0.00010161343732079277 0.0002678929589094656 0.0002502769478741025 0.00029883495873696855 3.228031136117992e-05 6.8889081427809495e-06 1.1812064084717769e-05 6.535345534990254e-06 0.0 0.0 0.0 0.0 0.0 0.004620702086172408 1.1533401970230313e-05 2.1682002795060963e-05 0.0 0.0 0.002644331286427932 0.00033555975809484295 0.0002137210833375137 0.0007794079217624744 0.00046200881799496465 0.00021216083423258983 0.00011396068215735645 0.00014437093971670807 0.0 0.0 0.0 0.0 0.0 0.0 0.0 0.0 0.004491332839271103 0.0014812304056063049 0.0009352990051572967
0.008061235279954605 0.034019463928176806 0.09862702764361468 0.00023972513548055978 0.011016115706040972 0.00018659844861016047 0.01108299880948202 0.0 0.04972058477891371 0.0010825812317791443 0.15246548419479372 0.0018125059078517428 0.027074208267568227 0.26071827971390227 0.003553610830382989 0.0020911553783815495 0.0005781358051205285 0.0 0.00011713979682202841 0.00012027252923439919 0.00028568298465607564 8.385926484943927e-05 0.000591955825587571 0.0005142256731331354 0.0004281921670684737 0.000134411211550621 9.643046919302179e-05 0.00010797341064429503 0.00012944271414633057 5.293446161549829e-05 0.05839371070690348 0.1325430628751283 0.020811788082062122 0.0009078959022914099 0.00028763943297016294 0.00014046707619097163 0.0012261578561154104 0.0020286812341259704 0.001951611580690351 0.0003990985058104737 8.767873611612794e-05 1.1284285168544114e-05 3.644216196258473e-05 0.007466596504251101 0.00021024149470254958 0.005249296814037581 0.009162115245784619 4.668141171497259e-05 7.992265192861051e-05 9.779527822481142e-05 2.7581568221597185e-05 2.7417214665404188e-05 0.0004053419828292475 0.00010896547372899276 0.0008477375604020579 0.00011536862581894641 0.002035662636585476 0.01810287424474999 0.0015660303364102737 0.0023938056684866247 0.020544381713626766 0.011987663449059084 0.0006306034393420953 0.022570142618798545 0.0001089165637587561 2.246772286092821e-05 6.82620367976195e-06 0.00018291748531181715 0.00019289900266894217 0.00011781852547061879 0.006498996899784164 0.0009027709166014344 9.837959082303186e-05 0.00931761059638732 0.009889678024126922 0.006761395161749544 0.013392651033393222 0.014973374814633606 0.09806646580758005 0.10439595930819652 0.041549628866812904 0.11867516916424269 0.0015300383104337807 2.5324646533658964e-05 2.235583525758895e-05 4.2480375521155594e-05 7.649247904604662e-05 1.380242127564972e-05 6.079678749366573e-06 8.90876173833325e-06 0.0 0.0 5.8951072072695175e-05 1.900641395680093e-05 0.0 0.0018573133256741172 0.0025951424304113536 0.0005146754596046662 0.004586602274771668 0.0036775691934548206 0.0 0.0 8.82292967015474e-06 2.1483935994746957e-05 0.0 6.806206198180865e-06 0.0 4.84159892592308e-05 0.0 0.0 2.3310281986752296e-05 1.5023337071222435e-05 0.0 0.0 0.00013541071106458247 4.190216213095978e-05 6.221608202831608e-05 3.4092968430500714e-05 5.0599634563336835e-05 0.0 2.7797506190505027e-05 0.0 0.0 0.0 0.0 0.0 0.0 0.00016431243634167824 1.4799104990561233e-05 9.045105996826269e-05 0.0 7.483207493323149e-05 6.96940337411589e-05 6.418544627725301e-05 0.0 1.735275201565701e-05 1.1082732169236977e-05 4.38693386334627e-05 3.3998102067001615e-05 6.90257708468427e-05 4.0060158960208765e-05 0.00023065256473687708 0.00010801530169412942 0.00010244143075532322 0.0 0.0 2.8486718486606448e-05 0.0 2.8178911271383494e-05 7.184089830389472e-05 0.0 0.0 2.0113278856690823e-05 0.0 7.435071644159774e-05 1.851876181730142e-05 0.00015074412898499902 0.0 0.0 7.227340825873859e-06 0.0 0.0 0.0 0.0 4.96345497083837e-05 1.943874796148175e-05 8.048477750949212e-05 3.369745751451748e-05 0.0 0.0 0.0 0.0 2.2197407345022413e-05 0.0 0.0 1.9895598682948267e-05 6.515810056786427e-05 5.6831105816579015e-05 0.0 0.0 5.938618608995204e-06 3.398106054815961e-05 6.928298195246997e-05 4.636726432946788e-05 2.8228245311335113e-05 7.562746569721242e-06 1.4950063669596394e-05 1.583592323588288e-05 1.8649250036859595e-05 0.0 8.63831202315055e-06 0.0 0.0 0.0 0.0 0.0 0.0 8.177662209621322e-05 0.0002115911905099959 0.00025052712574473804
0.0027450262740371543 0.05160853960420162 0.08361073978604458 0.0005766659055296641 0.11922559716614442 0.00014501801940427676 0.15161227627702129 0.04972058477891371 0.0 0.007268887149377292 0.12548099492894538 0.005086579134504667 0.043412255223571755 0.08349601648637596 0.0010338961025896734 0.000598018562423781 6.525624020083715e-05 0.0 0.0 3.5217538091881096e-05 1.0145833933961686e-05 6.441707243985052e-05 1.021523702844207e-05 1.0099092027598457e-05 9.631832213774718e-06 7.007173492199506e-06 1.701709517005153e-05 0.0 0.0 0.0 0.004119110108916355 0.002080383326484943 0.0035611745455732687 1.717334189703759e-05 3.809829794195337e-05 4.1632562344530754e-05 0.0005235813512677976 7.29009300419131e-05 0.00010417103040107044 3.837403212643957e-05 1.6226025622786618e-05 0.0 0.0 0.00029944027859177345 0.0 0.00022437157454690182 0.002159901853693318 1.4638826917297231e-05 0.0 0.0 0.0 0.0 3.354261719595328e-05 0.0 0.00017941729917539392 1.7550322576867124e-05 0.00037793549933446514 0.0018853182693531105 0.00038628092829486597 0.0006805644696477511 0.0008724156354160765 0.00029495324584565577 8.329088140716568e-05 0.00298037107116114 1.719746257684613e-05 0.0 0.0 0.0 3.952790315615788e-05 0.0 0.002875795110247731 8.694688662221265e-05 0.0 0.0013965108357151057 0.0009356747034884802 0.001201812561310941 0.00277388040091828 0.0014987040932387702 0.0001847433797978109 0.007806651168116306 0.0013313712081250374 0.0014670557435692854 0.0004421910560854981 0.0 0.0 5.217181189643242e-06 0.0 0.0 0.0 0.0 0.0 0.0 0.0 0.0 0.0 0.011896923326234151 0.0006719542428492691 3.5890389408584666e-05 0.00029351514969409176 0.0005448302751030806 0.00019084008575142992 0.00024245864651605155 0.0008068925289189706 0.00029939044115542314 0.0002321797053890879 0.0006091768452072627 0.0002079237419734978 0.0008014965704348533 0.0009305941717563078 0.0006007892263799709 0.0005675963993010245 0.0015743675106240423 0.0011287742410315486 0.00045104802406024453 0.0024568450243100137 0.00013398627580296516 0.00013456270881608747 0.0 1.985134035786944e-05 0.0 0.0 0.0 0.0 0.0 0.0 0.0 1.796234775764447e-05 0.00016689336041357517 0.0 4.004765039471967e-05 0.0 1.5429867835383072e-05 0.0 9.864524216851398e-06 3.1277196220478355e-05 0.00016240072469853677 0.0 0.0 3.815015612119307e-05 0.0002854888549643251 0.00021109347759981783 0.0011096222691710567 0.00038858387615969066 8.673511777750703e-05 0.0 0.0 0.0 0.0 9.044724095506288e-06 4.943027693706482e-05 0.0 0.00018129506138368702 0.0002879407288364709 0.0 1.683233497359322e-05 0.0 4.313427253199048e-05 0.0 0.0 8.918526674161377e-06 0.0 3.122688342046725e-05 0.00016344308746153846 0.0 0.00012164113043953332 0.0 8.459185333403937e-05 7.883828777414671e-06 0.0 0.0 0.0 0.0 0.0 0.0 0.0 0.0 0.001405590390189158 1.2387063253121631e-05 0.0 0.0 0.0 0.0008885101248720625 0.0001518337370507627 0.00018834759065282976 0.00026956082390563487 0.0001802231205036164 0.00016788718180702077 0.0001224477951356559 8.298091209248165e-06 0.0 0.0 1.2815832925008118e-05 1.063225680808484e-05 0.0 0.0 0.0 0.0 0.0017924394675248943 0.0005040540651842739 0.00047287852103917565
0.06645340903295831 0.04448694646473913 0.0034853382401542348 0.14567507344355746 0.013898896920494432 0.02330576425219383 0.09611148807421953 0.0010825812317791443 0.007268887149377292 0.0 0.0025860056605229286 0.09071292528613087 0.26383307809993073 0.03522423043685191 0.0002020613425893668 0.00010169204529278565 0.0 0.0 0.0 0.0 0.0 0.0 0.0 1.15621635592545e-05 5.269925203398706e-05 4.27997972364629e-05 7.768901709564037e-06 3.455931032127048e-05 0.0 0.0 0.01373504747583313 0.0005022786409587761 0.010824358141584299 0.0 0.0 3.9211332429933056e-05 0.0010288429111270723 9.547722429293822e-05 0.00022457257345230566 0.0 0.0 0.0 0.0 8.687595484885814e-05 0.0 5.91958259067792e-05 0.0009819938618504905 1.7218859309554313e-05 0.0 1.3716582050176439e-05 0.0 0.0 0.0 0.0 0.00036571400816697074 4.342377317652123e-05 0.003872580729529262 0.012109037453153972 0.0008674839348570695 0.0005615454195143529 0.0010912307586867542 0.000474476914350123 4.676204699070849e-05 0.000737746958675864 2.883512784216437e-05 0.0 0.0 0.0 0.0 0.0 0.030762962296773676 0.000379123529746345 0.0 0.0036714387694855503 0.0009267036804429624 0.0008726468005296025 0.00021290470261374386 0.00013029574737660597 2.4153865798610625e-05 0.0025766260806023896 0.000392836366145593 0.0007577722624510346 0.00032233005400344864 9.250257743586754e-06 0.0 1.2799892436677882e-05 0.0 6.529631031559438e-06 0.0 0.0 0.0 0.0 1.0909121248703127e-05 0.0 0.0 0.019887588832699664 0.0029030716685634777 1.2196897509789981e-05 0.0013253349610332042 0.023283655555938806 0.0001834029705803257 0.0033719763104372922 0.005289143413636509 0.0033889610898250257 0.000987394666419607 0.0038299061891263237 0.0020219754728061185 0.005058711452231846 0.007434339126055239 0.004798963646264149 0.002887241862428856 0.007870602142013409 0.00623726586827333 0.002298066052995971 0.0069405189993141944 0.00012011925397762423 0.00023906513568305293 6.652534188699249e-05 0.00011828771357894122 0.0 0.0 0.0 0.0 0.0 0.0 0.0 0.0 0.00020703947132664975 9.235414110679674e-06 3.876501903568836e-05 0.0 0.00013075945240069513 0.0 0.00012131078013155685 0.00024415887978136675 0.0008550459426801451 0.0 0.00025319247070486176 0.0 0.0008599065546017544 0.00015862581295974834 0.0023619967365588485 0.0005996215865044432 0.0002293924854172177 0.0 0.0 0.0 0.0 0.0002635431464150764 6.004937267295423e-05 0.0 0.0001389335231990902 0.0006962137449506807 0.0 8.543553019072963e-06 0.0 0.00014154769529094825 0.0 0.0 2.0783855942981942e-05 0.0 0.00013563938782529437 0.00041782107756069904 0.00020237225129898908 0.0003749908731538566 0.00032135578991795586 0.0002172740396118183 7.348409568364696e-05 6.403541446789027e-05 8.515943158065149e-06 0.0 0.0 5.3412466914533346e-05 0.0 0.0 1.0022104586429191e-05 0.00632152250433895 0.00013151873282324903 0.0 0.0 0.0 0.003793976456068401 0.0002366652804328379 0.00018623164918213798 0.0005857051059829334 0.0006021759450839271 0.0005112823418264386 0.00014156757467716563 0.0002723818561308703 0.0 0.0 0.0 0.0 0.0 0.0 0.0 0.0 0.00938182019555221 0.0013104213106971798 0.0007392170759677777
0.00893900524583554 0.05691231613621641 0.12275011339885669 0.0001228220745331518 0.09458162082014845 0.00023984020450142332 0.046334448882684384 0.15246548419479372 0.12548099492894538 0.0025860056605229286 0.0 0.0048509189702728595 0.22747673888553385 0.20941497319252794 0.0008228986484493419 0.0006194454535863466 0.00011592970703123314 1.0907354589777954e-05 0.0 0.0 0.0 9.50970252162281e-06 7.144820557272629e-05 0.0002520949096917287 0.0006066686446181772 0.00017773536532347616 0.00017051188049015838 5.41850109971744e-05 0.00010670786494075679 5.715252799577392e-05 0.010555029502110255 0.007682048158240686 0.03507421456917037 0.0 9.658080280164722e-05 0.00015630864951463242 0.006369252129905398 0.003273759357209033 0.004703212572541013 0.0006166920065027205 0.0002771168247250375 1.0947439019124723e-05 0.0 0.00019558885599567426 0.0 0.00011996760640896769 0.002973965409246488 7.0667311312856195e-06 0.0 0.0 0.0 0.0 0.0001578892754377601 9.468775917258373e-06 0.0002888536799563358 4.449831931188736e-05 0.0006052402054465785 0.0038858191416626243 0.0005236837548591283 0.0006926550550868259 0.0023440187387797533 0.004327613672882047 3.4511041525356804e-05 0.004338736266411611 2.136315903130615e-05 6.3427314004068035e-06 0.0 0.0 1.9708749152859005e-05 0.0 0.016280071456608387 0.00029344982387186406 3.710688020666722e-05 0.002539473245195342 0.0017554638616473276 0.0018685294501352642 0.0027510767420772506 0.0015479955496722848 0.00019662206100002066 0.05225978559182322 0.0011318505357889113 0.003926636415367279 0.0005067304335712224 6.485413860925529e-06 0.0 1.3009764001828834e-05 0.0 0.0 0.0 0.0 0.0 0.0 0.0 9.803617427701562e-06 6.155623611264673e-06 0.003851402735081569 0.0037528231312704877 0.0001799437414667697 0.009559718129879718 0.001109624467653433 1.0866662983258393e-05 4.1388347693319236e-05 9.129797311507054e-05 3.5942289935151756e-05 3.7669336215990603e-05 1.8588177437047645e-05 1.798407253302951e-05 7.493220906567964e-05 0.00018578508110748783 5.0480612329996595e-05 1.0120297899112826e-05 0.00015394276218894391 0.00013422434114508875 1.0751208661359871e-05 0.00033437037435781077 6.046764140053397e-05 0.0 0.0 0.0 0.0 0.0 0.0 0.0 1.6106784495514727e-05 0.0 2.6399729466132676e-05 0.0 1.134994141921358e-05 0.0 3.107915745290218e-05 1.0844869020690603e-05 0.0 6.363478489326564e-05 4.426698779125779e-05 0.0 5.733262700401473e-05 0.0 8.098017861346018e-05 1.0639386666555976e-05 8.97736047216998e-05 1.828416120228667e-05 0.00019380241013267543 4.008538663494138e-05 0.0 0.0 0.0 0.0 0.0 0.0 1.6127674253176854e-05 0.0 0.0 6.035626256156445e-05 0.0 0.0 0.0 3.9566411191332056e-05 0.0 0.0 0.0 0.0 0.0 1.6972345973839885e-05 2.1487969130348582e-05 8.583268847739194e-06 1.0875113362614177e-05 4.3270217592367834e-05 8.501369713035559e-06 0.0 0.0 0.0 0.0 0.0 0.0 0.0 0.0 0.000349508695755242 0.00011436968278465324 0.0 0.0 0.0 0.00020204183418959484 0.0 0.0 2.5966063011742595e-05 1.5146449102081213e-05 9.0513416109603e-06 0.0 2.7466975160835722e-05 0.0 0.0 0.0 0.0 0.0 0.0 0.0 7.67273629706459e-06 0.0001811376229671222 0.00027393084442535963 9.054846180343328e-05
0.04450758716047217 0.0050294064110088235 0.005277068211013214 0.052371942778248554 0.0026807964340426634 0.006607994858684784 0.014721217813620444 0.0018125059078517428 0.005086579134504667 0.09071292528613087 0.0048509189702728595 0.0 0.14325495998880977 0.016261612665763946 0.00010907005731302151 9.336239637802408e-05 3.163607431251657e-05 0.0 0.0 0.0 0.0 0.0 0.0 3.0007626327956956e-05 2.9808004605354658e-05 0.0 0.0 2.287601909113156e-05 6.5857295500843e-05 1.5685930791641364e-05 0.0016446400983233392 0.001208405801606867 0.01894911791192335 0.0 8.312546558914095e-06 4.335288076828793e-05 0.007779699886779429 0.0005033244296802067 0.0007856291753809944 2.5241320115090395e-05 0.0 0.0 0.0 5.275120683670614e-05 0.0 0.00013906077035700102 0.0006177235235783842 0.0 0.0 0.0 0.0 0.0 0.0 0.0 6.34862752019235e-05 1.5323913629406266e-05 0.0002875371796820223 0.002171315120470871 0.00014719147033486854 0.00019778314598642365 0.002819711714490273 0.002871414001289087 0.00025688416994535664 0.00074650956368351 0.0 0.0 0.0 0.0 0.0 0.0 0.024930621541256703 0.00038964332636750915 0.0 0.0007875741839522779 0.00027866090430819866 0.0002889874360773967 0.00021810132626349046 0.00018335107065019986 0.0 0.003272773778633395 0.0007147426862304654 0.0031970074071415366 0.00014139047338255 0.0 0.0 0.0 0.0 0.0 0.0 0.0 0.0 0.0 0.0 0.0 0.0 0.025236696022535234 0.0059136515671515556 6.738530516792681e-05 0.003419769192771337 0.0019931344002342083 0.00016816409455937874 0.0003871560745837677 0.0006188439575162713 0.0005256233680230394 0.0003342185216133709 0.0009258573935594468 0.00013332492327674717 0.0007864536718805896 0.00104090881463514 0.0005502423315360127 0.0005982923200020289 0.0012840855274847084 0.0008355327493100194 0.0006298129346246758 0.0035551804638942358 5.9835739352961604e-05 0.00010054401401915661 1.0037943679750213e-05 0.0 0.0 0.0 0.0 0.0 0.0 0.0 0.0 0.0 0.00015133161465056644 0.0 3.07252214729011e-05 0.0 0.0 0.0 1.0274258466861834e-05 9.985542202193508e-05 0.00023821078968562888 0.0 1.2808357130623202e-05 0.00010983449039136706 0.0002700581085710093 0.0 0.0005352401168345324 0.0002588791567131209 0.0 0.0 0.0 7.557023000383721e-05 0.0 1.7172675075741734e-05 0.0 0.0 0.00017472470892354656 0.0002237163516472112 0.0 2.886372600629136e-05 0.0 5.463332843395407e-05 0.0 0.0 2.852634305976438e-05 0.0 7.863884617679606e-05 0.00010788138691970121 3.0102453922776073e-05 6.255034260500063e-05 0.00010205354712979752 0.00014966905261337886 9.609558235304505e-05 2.6653851602626454e-05 0.0 0.0 0.0 0.0 0.0 0.0 3.802422471263703e-05 0.0020332280964883752 0.0 1.3508353680615922e-05 0.0 0.0 0.0014392242187567497 9.028474769906831e-05 0.00024039332680192833 0.00020588666792673433 0.00027227107790822 0.00015182432819034927 8.732678330321881e-05 9.551412074390715e-05 0.0 0.0 0.0 0.0 0.0 0.0 8.440101480499955e-06 0.0 0.002080323627489286 0.0004599688518046738 0.0003689269649070695
