0.0 0.10839972866598027 0.00624464308379074 0.11714344699957249 0.001715519703548318 0.012132945697914947 0.013611569807771248 0.0009304665850668688 0.0001501525430550962 0.05806233057923665 0.000752115384834937 0.03451591579280311 0.019388428943466998 0.0025186565588380242 0.0002406587523362675 1.8642620190628574e-05 3.381569432810387e-05 6.722933955510203e-06 0.0 5.399810366408943e-06 6.580362318155056e-06 3.939738679918228e-05 1.0698254137452705e-05 0.0 0.0 0.0 0.0 0.0 9.03280458664644e-06 0.0 0.054453092913797414 0.002111886358192812 0.0004902130900888657 6.725400034116926e-06 1.5938469584600448e-05 0.0 0.0005977447782389791 0.0 2.075364953366101e-05 6.072401991108932e-06 2.547535727470577e-05 5.659745816186458e-06 8.392224130165654e-05 5.396847010879995e-05 3.436726412378151e-05 4.66662386309284e-05 0.0021980816115471594 0.00035213053146324286 1.860238739034329e-05 3.854499357898659e-05 4.9225600086060586e-05 1.6878452632452803e-05 5.521938505695136e-06 0.0 0.00033963375983698954 0.0010077483274513617 0.014574038395465165 0.06905219300142308 0.004284016642657923 0.003781566095469218 5.736891947734044e-05 0.00020259823164280326 0.0 0.00885014555761236 0.0008895978814584699 0.00048303567497168226 0.00010980023092463055 9.775137990807458e-05 4.673034248496521e-05 7.079052293635542e-05 0.0032574819735204973 0.0005940309387203538 3.435236930257769e-05 0.03691833688712435 0.009705640147621944 0.008371446098747678 0.0007515569178479817 0.00019944398890786022 0.000177696107490012 0.0007857199045460955 5.7457204602159836e-05 0.0002636126577535024 0.0012501133718081543 7.39578006582197e-05 0.0008595442233174117 0.0008186684483264679 0.0002074487822050231 2.2603599440451145e-05 0.00025234713116270406 1.7310901045399475e-05 0.00012636921662490902 1.288484628192092e-05 1.313368927098129e-05 2.5036391857599787e-05 5.63337932574957e-06 0.0166419126546354 0.00218979428588708 7.648781088491872e-05 0.00012947574416392115 0.09730824116571449 0.00023908092735351095 0.00129857905613247 0.0009148408519258015 0.0005145360728064138 0.00014101192875342315 0.0005059775303655347 0.00024016395812889393 0.00024300844084017742 0.0008505421160271048 0.001350685226369394 0.0 0.00038434241793038103 0.00048634101933373264 0.0002511922812302147 0.0001688121855490282 0.0 0.0 0.0 0.0 0.0 0.0 0.0 0.0 0.0 0.0 0.0 0.0 0.0 0.0 0.0 0.0 2.322609395043895e-05 0.0 0.0 3.243801804655375e-05 0.0 0.0 0.0 0.0 0.00033347431701429475 0.0 0.00021878863953655656 1.2656298043331003e-05 7.611870154806001e-06 0.0 0.0 0.0 0.0 0.0 0.0 0.0 0.0 1.543839777328797e-05 0.0 0.0 0.0 0.0 0.0 5.410085693936959e-06 0.0 9.852443487791988e-06 2.7444055227326693e-05 7.005664876897703e-05 3.480580727385623e-05 0.0 0.0 8.420332435408935e-06 0.0 0.0 5.903900809387495e-06 0.0 1.106284037299388e-05 0.0 8.22143047394259e-06 0.0 0.0 0.00023437123734196217 6.7016860460862e-06 2.2044625048036286e-05 7.75280899368681e-06 0.0 1.5842686895794772e-05 0.0 3.1315103832021446e-05 8.083271845110074e-06 1.7821784458476666e-05 0.0 0.0 0.0 0.0 1.5047559543816649e-05 5.207334399058093e-06 0.0 3.205201900704681e-05 0.0 1.3093214755848434e-05 6.69923415721749e-06 0.0008054503403896264 0.00015704592756875027 4.196739153642823e-05
0.10839972866598027 0.0 0.06345912622571154 0.14260756219402768 0.1292336804714343 0.007481135928649153 0.17921141738791693 0.03662510966533314 0.14283206456741918 0.1676039672231112 0.0765654766955598 0.01964395796435661 0.1156394887731793 0.29653858840969544 0.0017962007537613933 0.0005465874121739398 0.00011177774706547578 0.0 0.0 1.276955368194741e-05 6.440889670652232e-05 0.0 4.7733520754320096e-05 2.3978369272214765e-05 4.942420406302862e-05 0.0 0.0 0.0 0.0 1.4798507133795237e-05 0.11894819980812868 0.009649861001376065 0.00627470328976194 0.0 2.3659878155964265e-05 7.970744874005792e-05 0.005695463184462923 0.00020723512976623961 0.00014797918797899057 2.519908405415871e-05 0.00011414400282247001 6.12410225263601e-05 0.00013645366869016135 9.219884832721936e-05 1.163865455932322e-05 0.00013109093953429446 0.010218831564645769 0.0007041206310037628 6.660615219445806e-05 5.7868911043237936e-05 5.552776427231167e-05 6.3818268433705436e-06 2.3908792093714707e-05 2.2805731279870466e-05 0.0004213860437708431 0.001123984103653077 0.004350392337360076 0.04594194426100789 0.003757946181487119 0.008145664880599921 0.0001446783799293932 0.000929033880981297 1.0868036799307277e-05 0.025254448368306738 0.0010267600995480634 0.0005203689265761635 0.00018948986371465886 0.0002110601546896351 2.4623748404511393e-05 0.00015050488501463445 0.007091384697697546 7.541089148290839e-05 0.0 0.03683872514327419 0.02363827432338443 0.023894449257234072 0.006999482485843528 0.0006652217047466764 0.0014399116876440692 0.014132916610845982 0.00021102123957778 0.0018587745210085296 0.0016378675360957408 5.968726921089253e-05 0.0013412375657091313 0.0011518902100226575 0.0002698881745903642 3.1197887788594964e-05 0.0004181483653763726 5.820014992654022e-06 0.00023872318301819957 7.792105466983642e-05 5.728751197174647e-05 6.547013595872492e-05 8.383574163732048e-05 0.01914992729014938 0.00015233597822750678 2.1636233623339252e-05 0.00015260837569237046 0.05144839989095128 0.00014271884903683117 0.00048777943209769826 0.0008164568386952773 0.0005985919980764151 0.0003822719903208223 0.0006779828492962957 0.00013294729586314763 4.180407009838354e-05 0.0014354494221370802 0.0018548429986762237 7.430029249306906e-05 0.0004860653626328372 0.0009983412880966256 0.00020234663486596539 0.000143919319955641 0.0 0.0 0.0 0.0 0.0 0.0 0.0 0.0 0.0 0.0 0.0 0.0 0.0 0.0 0.0 0.0 1.9686738789964258e-05 0.0 0.0 5.546258640189753e-05 8.230851481381843e-06 0.0 0.0 0.0 0.0008521355443393635 7.395628871716912e-05 0.0005960564670630256 9.97639618273624e-05 2.256640422270366e-05 0.0 0.0 0.0 0.0 0.0 0.0 0.0 0.0 0.0 0.0 0.0 0.0 0.00011159522691189692 0.0 7.18907663532517e-06 0.0 1.1787289618522518e-05 7.91502901448077e-06 1.6076510291817045e-05 5.454383022351282e-05 0.0 0.0 0.00033012739133754634 0.0 0.0 0.0 6.654452811946466e-06 1.4083499446360909e-05 0.0 5.789143015746755e-06 0.0 0.0 0.0009125701743296654 0.0 0.0 0.0 2.246917075551129e-05 8.254500783779274e-05 2.4883672600358756e-05 9.769736789357423e-05 2.985037742216055e-05 9.57805163078518e-06 0.0 7.389218975614546e-06 0.0 5.837072036350527e-06 0.0 1.2797130703827366e-05 0.0 2.18223961358761e-05 5.434937796816741e-06 0.0 0.0 0.0021323270765410177 0.0004494184026004588 0.000526937144435783
0.00624464308379074 0.06345912622571154 0.0 0.0005957604172620963 0.025032043166755866 6.67249261732583e-05 0.01262281156609319 0.36050094681942113 0.03422638966472068 0.002781915276084606 0.13547668190675785 0.0036068576661870168 0.015835660574965178 0.14883306863064485 0.001726592792826569 0.0009867745402793433 0.00015893798234264104 5.55624831361249e-06 2.9332778837893134e-05 3.353061857697447e-05 0.00027605936406962877 0.0 0.00033622601792171204 0.000319000845891084 5.836995313904985e-05 6.858833626980883e-05 6.96706908307802e-05 0.00010341636075898589 0.0 8.53966617490882e-06 0.27858097723065905 0.08316017560768937 0.009273400337035225 4.4171099930051567e-05 0.00020202122160407017 7.409706021500165e-05 0.003424925890584279 0.0005096193809394988 0.00021759074723565498 4.711401098232853e-05 0.000346685612408986 0.00024101386618773177 0.0002494942491051184 7.668042923895103e-05 7.93840308489084e-05 0.0001405462440596352 0.00439143383968361 0.00029210685292209616 6.631667958174928e-05 0.00012832184543318004 4.8130606872229764e-05 4.010644360407395e-05 3.5954518921400894e-05 8.648522211858512e-05 0.00022894624312638472 0.0004340810220614 0.002177291119581996 0.03622765645156151 0.0015904710088974398 0.0027740176578786697 0.00026632363264491313 0.0021878363662637353 0.00017545283125658485 0.02354108583668297 0.00034073241498183086 0.000282717565908219 4.594053628474266e-05 9.012784383141509e-05 0.00015776133892976606 0.0006611833738098253 0.003373989006136419 7.027726102960612e-06 0.0 0.015787103007683503 0.011359484064367853 0.010135859374255735 0.004402626395791318 0.0006392501093364289 0.01653469151721986 0.12498708138455016 0.0003475590186739764 0.01807524862832376 0.0005516801967324144 1.3554688033253886e-05 0.00044368436910205265 0.00035680318772647677 0.0001278787077437964 1.634708804510572e-05 0.00010307689623134679 0.0 9.053986782904392e-05 5.4474521671432415e-06 0.0003677564671750525 8.928784510272473e-05 2.5973987115055152e-05 0.0022811380469010874 0.00022811951180273828 2.154791767253727e-05 0.00014950017572147784 0.004476577155403674 0.0 9.04290043845363e-05 0.00014513677648015594 9.283979585754354e-06 6.403975947948885e-05 0.00011974519199358089 0.00015816637864048372 4.0747791872171725e-05 0.00020667840518125215 0.00035033355380566754 1.847156094165398e-05 0.0002610533711614708 0.0005448922272931714 0.0002389049388831308 0.00015491712141979308 0.0 0.0 0.0 0.0 0.0 0.0 0.0 0.0 0.0 0.0 0.0 0.0 0.0 0.0 0.0 0.0 0.0 0.0 0.0 9.431362033597853e-06 1.2823876892081475e-05 0.0 0.0 0.0 0.0005916986668966039 0.00026979090980788794 0.0004843269983792896 0.0001267992733330482 7.736844559817453e-06 0.0 0.0 0.0 0.0 0.0 0.0 0.0 0.0 0.0 0.0 0.0 1.7101603388282645e-05 5.021057145363845e-05 0.0 1.3642317494316737e-05 0.0 0.0 0.0 0.0 0.0 0.0 4.4139610944191307e-05 0.0004203237720928746 0.0 0.0 0.0 0.0 0.0 0.0 0.0 0.0 0.0 0.00034750929636406835 8.546736578850714e-06 0.0 5.766172765708532e-06 1.3832703655768907e-05 8.848943062454024e-05 0.0 2.6385764994124636e-05 0.0 0.0 0.0 0.0 1.9310385836499574e-05 0.0 0.0 0.0 0.0 1.100365448643251e-05 0.0 0.0 0.0 0.0006161661094652657 0.0003277252467973046 0.000652931365918365
0.11714344699957249 0.14260756219402768 0.0005957604172620963 0.0 0.0008406946311187971 0.013971055915319873 0.046602975835936235 0.00014103505900499002 7.707914424092455e-05 0.1613087189346163 0.00019652389446500991 0.15422832538388512 0.1264242960922989 0.005471205609006567 0.00013963949239961104 7.573938049284368e-06 8.1450427104967e-06 0.0 0.0 0.0 7.983256210664163e-06 2.2004206802554185e-05 0.0 0.0 0.0 0.0 0.0 1.1870673901412363e-05 1.0984304576793321e-05 0.0 0.005969820194408977 0.0006343308109614308 0.00040569027889035834 0.0 0.0 8.946249141960923e-06 0.0013571013874857471 5.257632127307728e-06 1.5157464447056298e-05 0.0 0.0 0.0 1.335067042658252e-05 1.1319787170364674e-05 0.0 0.0 0.0013019152416454453 9.398439248106388e-05 0.0 1.6016851740189392e-05 2.4059147047021672e-05 0.0 0.0 0.0 0.0001617782051967122 0.00021307757971329784 0.001314927906151596 0.008270195082713035 0.0007676229830247159 0.0013586588193684696 7.482944152408057e-06 8.195218406999406e-05 1.585058226174678e-05 0.003441296496896891 0.00013445283978836032 8.455413773633249e-05 3.227774397707307e-05 3.335727037646768e-05 0.0 6.546893619191069e-06 0.003160142898469004 9.455296402938994e-05 9.374876111669798e-06 0.007234040734635804 0.0038526392559682706 0.0034585538311919834 0.0005235357419082889 7.603812927980369e-05 2.5150837477004193e-05 6.79692996521849e-05 2.7314829772526507e-05 8.501513443426119e-05 0.00021200507674491926 2.3484361372047755e-05 0.0002507396359270597 0.00018951255212714205 5.197190595722436e-05 9.302898910239982e-06 6.492314210890642e-05 0.0 7.046811055939967e-05 1.2181301945597376e-05 0.0 0.0 1.6685712931695403e-05 0.0334799688404688 0.000741095818269875 4.3494095296828955e-05 2.9727606830253194e-05 0.0692182171838218 0.00026713136880237074 0.0005267816894949129 0.00292015275631267 0.000882473043724343 0.00012396979308925695 0.002088815301319924 0.0002248398552702066 0.0031615249769944478 0.0017278463465766898 0.001469871939632788 0.0 0.0007925401556393225 0.0023286414952432334 0.00037603973065564823 0.00016360656468316075 0.0 0.0 0.0 0.0 0.0 0.0 0.0 0.0 0.0 0.0 0.0 0.0 0.0 0.0 0.0 0.0 0.0 0.0 0.0 9.424862154984422e-06 0.0 0.0 0.0 0.0 0.0002640579845769509 0.0 6.385816948770196e-05 1.563009134784276e-05 0.0 0.0 0.0 0.0 0.0 0.0 0.0 0.0 0.0 4.681003645736856e-05 0.0 0.0 0.0 0.0 0.0 0.0 0.0 1.5390091501373532e-05 4.1723257093882255e-05 8.95891030268068e-06 5.858869333286361e-05 0.0 0.0 0.00010070671480993553 6.9589924799204725e-06 0.0 0.0 0.0 0.0 0.0 0.0 6.949291592131406e-06 0.0 0.00020204056564209364 0.0 0.0 0.0 0.0 0.0 0.0 6.460527044811546e-05 1.888018967748678e-05 1.4773016492704782e-05 8.776061338620962e-06 0.0 0.0 0.0 0.0 6.444790136051735e-06 0.0 0.0 6.226594045295641e-06 0.0 0.0 0.0011158043562685053 0.0 6.202864350692835e-05
0.001715519703548318 0.1292336804714343 0.025032043166755866 0.0008406946311187971 0.0 0.00012917891735251015 0.05955755974070355 0.022461991702702626 0.244393707177362 0.008248068973828402 0.10318857081314527 0.0016794442895269339 0.048120816030309106 0.12363049424784912 0.0008161127766925213 0.00019871134044026557 6.281665397134005e-06 1.3920457888666023e-05 0.0 1.5834891836611503e-05 2.3552819029148563e-05 0.0 5.3873615624580973e-05 1.4612464989380855e-05 0.0 0.0 9.051720975324201e-06 0.0 7.183067525926527e-06 1.0940108925191399e-05 0.007555623031978997 0.002607317442599094 0.00033878871054016856 1.5742988328598306e-05 3.4681578074741215e-05 9.53856599360157e-06 0.00021583894040719403 4.931877333097545e-06 7.592229600188167e-06 4.889086954860402e-05 6.985950095271008e-05 2.830796366457211e-05 4.7162086304024244e-05 8.32706372780832e-05 1.4847551761387761e-05 4.338711543682561e-05 0.00415126863628288 0.00010531348126934798 5.5770954852629e-06 4.995849124710545e-05 3.8847566255690947e-05 0.0 0.0 0.0 8.070898687141883e-05 0.00030992277995458065 0.00023943973640847484 0.0031522909604548466 0.0005153511900741457 0.0017730082655142854 5.935465441230412e-05 0.0003176929229365059 8.259277930337443e-06 0.005125609762116207 0.000240129726119885 6.699670173615595e-05 2.7837534215972712e-05 5.79930384676803e-06 4.37238212836741e-05 0.00015538235302056723 0.0006466183255425761 1.100255355848308e-05 0.0 0.004348805361953506 0.004509021408127531 0.006346008104095002 0.0028336298266778653 0.0004994191391441412 0.0005014472500191316 0.0012812827851962653 8.309626203412493e-05 0.0012863677707811462 0.00022885253262863056 0.0 0.00020030120761758356 0.00019898491418548055 3.754699016029533e-05 1.2680077597737384e-05 4.9995684996949e-05 0.0 7.608833355150289e-05 0.0 2.650027079759028e-05 6.274073887296045e-06 1.4549610321590671e-05 0.0033198402764460957 0.0 0.0 4.6260526620209626e-05 0.00031088050849307385 0.0 1.953773088316609e-05 9.117609702682753e-05 3.0614303008147885e-05 1.900726954603885e-05 0.0 1.1423130543025722e-05 0.0 9.634852271316376e-05 0.00015430178979169488 0.0 0.0001494293508246351 2.3656854273863165e-05 7.179425754130073e-05 1.2378483523654742e-05 0.0 0.0 0.0 0.0 0.0 0.0 0.0 0.0 0.0 0.0 0.0 0.0 0.0 0.0 0.0 0.0 0.0 0.0 0.0 0.0 0.0 0.0 0.0 0.0 0.00018380178735257372 0.0 6.200097351779934e-05 7.118662751583548e-06 0.0 0.0 0.0 0.0 0.0 0.0 0.0 0.0 0.0 0.0 0.0 0.0 0.0 0.0 9.885685150947737e-06 0.0 0.0 5.40975003323771e-06 0.0 2.1558361319716225e-05 0.0 0.0 0.0 0.00011298649158015093 0.0 0.0 0.0 0.0 0.0 0.0 0.0 0.0 0.0 5.85128902844842e-05 1.4864090145694764e-05 0.0 0.0 0.0 2.438710418643202e-05 0.0 0.0 0.0 0.0 0.0 0.0 0.0 0.0 0.0 0.0 0.0 0.0 0.0 0.0 0.0 0.00047851189010018083 8.258015728675956e-05 8.406329023333229e-05
0.012132945697914947 0.007481135928649153 6.67249261732583e-05 0.013971055915319873 0.00012917891735251015 0.0 0.0014356392367946011 0.00014824828021349953 2.874420514128055e-05 0.013884305110725081 0.00011711219900928686 0.006814254416485091 0.0036046516928176244 0.001369809516727636 2.8821645391846103e-05 8.21583506880227e-05 7.57444692264766e-06 0.0 0.0 0.0 6.149624502591143e-06 0.0003504330405053964 0.0 0.0 1.3436006532401376e-05 0.0 0.0 0.0 0.0 0.0 0.0012320421121833234 9.370516192339398e-05 0.0026485617632517867 8.694629857262748e-06 0.0 4.9239949825604115e-05 0.0016784282543763351 0.00011619469446365532 0.0004631099379350321 1.579931033458722e-05 0.0 0.0 6.538902350182138e-06 0.0 0.0 6.495052634606989e-06 0.0001788730787347653 1.1664290522903e-05 1.2528988692464138e-05 0.0 2.3197086211526052e-05 0.0021395085885780774 8.081591486548322e-05 6.520715803339648e-05 4.954092786933639e-05 3.0014575688154297e-05 0.0026034111011801492 0.002684394028283464 0.00033788805899958685 0.00013417172003832919 1.5503422981693122e-05 0.002094094491084385 0.0 0.00017589366580469834 1.851749459151207e-05 5.422211559022638e-06 1.878788641030262e-05 1.1147383810689147e-05 3.7125191879680786e-05 0.0 0.012974472146644515 0.024288277857538315 0.0020263477511120466 0.0013471311471538725 0.00043867979823040623 0.0002640647848865692 8.079896546807514e-05 1.2135503832202387e-05 0.0 0.00016935541667176623 7.809804767580781e-06 0.00018386778039897173 3.3606221501117744e-05 8.06242115049022e-05 3.1453755187274e-05 0.00023740368564111305 4.405146527024551e-05 0.0006297496217494409 0.00026436148056522884 0.0012772602410769077 0.00014205460391389187 0.0005660165984115105 2.707176053893427e-05 1.1961144735187363e-05 0.0001421834658178181 0.04113709054344791 0.03204274175731129 0.005102493151780579 0.003139440050643943 0.013219937217193799 4.1286960815426994e-05 0.0 2.3965138564769168e-05 0.0 1.2648832283929937e-05 3.2081682409716266e-05 1.7979208347821592e-05 0.0 4.707331774950972e-05 5.273791498819333e-05 0.0 9.564882575304752e-06 3.1124015033886884e-05 9.373016766688539e-06 3.6188576203449754e-05 0.0 0.0 0.0 0.0 0.0 0.0 0.0 0.0 0.0 0.0 0.0 0.0 1.0311544632442403e-05 0.0 0.0 0.0 0.0 2.1408556830383976e-05 1.1600472910133051e-05 0.0 0.0 0.0 0.0 0.0 4.553175292969563e-05 3.049905884900415e-05 0.00016094264296300743 7.384620375104709e-05 0.0 0.0 0.0 0.0 0.0 0.0 0.0 0.0 0.0 0.0 0.0 0.0 1.0163955699445723e-05 1.675853809229693e-05 7.743859672711224e-06 0.0 0.0 6.334722295475567e-06 0.0 0.0 0.0 0.0 0.0 3.279991997510356e-05 0.0 0.0 0.0 0.0 0.0 0.0 8.659577289955513e-06 4.132198598186082e-05 0.0 1.9297500086478133e-05 2.1295799300502025e-05 1.0332788138154603e-05 3.59829952790902e-05 5.5951585324545296e-05 0.0 0.0 0.0 0.0 0.0 0.0 0.0 0.0 0.0 0.0 0.0 0.0 1.569418394794941e-05 5.921771316513302e-05 9.140223839226931e-06 3.694890836061016e-05 5.839724832337474e-05 0.00014111113753000745 0.00018549993642068334
0.013611569807771248 0.17921141738791693 0.01262281156609319 0.046602975835936235 0.05955755974070355 0.0014356392367946011 0.0 0.006163970098731171 0.12883301719788068 0.0551853560556312 0.01969567856711778 0.014205637501338166 0.24673636220489994 0.0696097303824329 0.0018212626020089914 0.0005506320257396221 9.979905598528107e-05 7.029873646413967e-06 0.0 0.0 7.397981726000304e-05 0.0 0.00011982211162755166 2.3621330020092264e-05 2.3753609693674817e-05 1.0900673196741496e-05 9.46917426029833e-06 6.654339294042352e-06 1.6114475669827818e-05 0.0 0.010802631360235777 0.0031227766630631576 0.00088780522824588 6.930021927907204e-06 2.470682589547933e-05 4.738247006094119e-05 0.0010772276774938323 5.484415015698199e-05 3.343827616568544e-05 4.314899988970449e-05 5.0686464440674886e-05 5.641239315216798e-05 5.111591196868207e-05 0.00011210033314439681 1.3175880744413939e-05 3.88717636734168e-05 0.007531918206115319 0.0003184788382127045 4.844034536663164e-06 4.6147694227227114e-05 3.757771485750803e-05 0.0 0.0 2.751655842766568e-05 0.0001507658705050251 0.00036797443035838464 0.0006007219687624921 0.00823513537649967 0.0011448280992486784 0.0038986437923751722 8.186086331984211e-05 0.0009441472828667081 0.0 0.010812794037880198 0.0004081446211158398 0.00021972377214051435 3.239903051810459e-05 0.00012082207225148633 9.048846085472257e-05 0.00021921456164861896 0.0034459947568298184 3.6726717613952216e-05 0.0 0.01094995431197569 0.009157427892523684 0.012121166153446872 0.00511015180550162 0.0006153549966394619 0.0006541103511273137 0.000719403400623517 0.00016683713255098183 0.002063589929552839 0.0006725658302027839 0.0001103645181506787 0.0005179329962697083 0.00038687009565773124 9.962382837843927e-05 1.2358116356590288e-05 0.00014362290464663252 5.9215538220806254e-06 0.00011202840340519421 1.549605801836209e-05 4.55877304675617e-05 2.140265879238289e-05 1.2250267497458858e-05 0.011351220711536195 7.865257872301877e-05 1.088001489539708e-05 3.389735822758473e-05 0.002109792318369895 4.083309176969358e-05 0.0003121603470203127 0.0004507265481871334 0.00034222935209698546 0.000258184592682898 0.0006815597475677498 1.7810902397323184e-05 0.0044838942073289504 0.0009087782550436611 0.0007297963018742167 0.0 0.0006022431360785606 0.0004826711337518617 0.0002674773943712871 0.00015658280877103644 0.0 0.0 0.0 0.0 0.0 0.0 0.0 0.0 0.0 0.0 0.0 0.0 0.0 0.0 0.0 0.0 0.0 1.071045241913239e-05 0.0 5.1115286152305486e-05 9.605971163582724e-06 0.0 0.0 0.0 0.00047000626266026314 0.0 0.00032665172608219953 0.00010088919777661471 0.0 0.0 0.0 0.0 0.0 8.475864219780819e-06 0.0 0.0 0.0 0.0 0.0 0.0 0.0 0.0 0.0 0.0 1.5779787701585307e-05 5.280643967957374e-06 6.582049918376205e-05 1.997574314131853e-05 0.0 0.0 0.0 0.00034518041637700536 2.1431004995923507e-05 0.0 0.0 5.686553167104428e-06 0.0 0.0 0.0 0.0 0.0 0.0003989315755411205 2.8246483933465438e-05 0.0 0.0 0.0 0.00014434550824761662 0.0 0.0 2.7204332814700718e-05 0.0 1.7834947153040056e-05 0.0 0.0 0.0 0.0 0.0 0.0 5.4708632776625476e-06 0.0 0.0 0.0 0.0007115827803397608 0.00022549311117500546 0.00025992442532967954
0.0009304665850668688 0.03662510966533314 0.36050094681942113 0.00014103505900499002 0.022461991702702626 0.00014824828021349953 0.006163970098731171 0.0 0.02479908798404377 0.0013623991907613748 0.0794365881691437 0.007340610516592831 0.047772818013924134 0.23000431976879993 0.0031786047805414277 0.0020495087263975305 0.000264128366166806 1.3112893475968517e-05 1.453611685934115e-05 0.0002824810723949434 0.0022473568605479314 1.2367951802239836e-05 0.0012423936107143045 0.000855321668969119 0.0001816278808338908 0.00026222365855031775 0.00013639848675622667 9.535092688246442e-05 1.4112017394661639e-05 8.54289820578756e-05 0.060395201171276 0.08993564605730311 0.023233386325920518 0.00025659891147829434 0.0007721943089008812 0.0002748539854586711 0.010125373968635014 0.0007049208881906844 0.0004172335265442826 0.00010719937084672189 0.001527943206126144 0.0006846999395262501 0.0015106688275091896 0.0001643084067402238 0.00019246949487311042 0.0011996908208369143 0.007603217197273482 0.000218332944418331 0.00016292995051238419 0.0004897722482012327 5.74178124215266e-05 1.7944011925928963e-05 0.00011382065685861321 0.00013067278899495232 6.880635082977859e-05 0.00020994274609345258 0.000387018241904921 0.009197004995290631 0.0006441295404192208 0.002396678440801645 0.0038797253310170546 0.01412078172010832 0.0008173252956775081 0.012747678713810794 0.0001872149365366375 0.00020594390568679844 2.1096540638380062e-05 0.0001413570085029057 0.0008277873890265769 0.004322934140346264 0.010179756745332058 0.00016779682367703294 0.0 0.005258314013700129 0.006269640322736047 0.00913103922841929 0.007912710578140884 0.002068509015081767 0.05825558745386478 0.19286786706813908 0.0018387133840238378 0.09404649066700894 0.0002377805283851899 0.0 0.0004548840973883748 0.00023737949458430422 0.00034325829208035706 0.0 5.6312724432351474e-05 7.002072524533646e-06 8.101100761624456e-05 2.1803764520561253e-05 0.0013824166458608418 0.000360623768815367 0.00011328586031187176 0.0017030510882766964 0.00026601515214418146 1.5148529805120034e-05 0.0005121089249691872 0.00046196706267352336 2.9043835649202724e-05 7.132988026061538e-05 7.320789208688451e-05 8.527709608076694e-05 0.00019725192343892877 0.00021961178232438912 0.00010895743583894864 4.412344051447008e-05 0.0003851624017889507 0.000562059557547939 9.905216102071941e-06 0.0003995727902299604 0.0005354123319518509 0.00013441141211427388 0.0003291832521643596 0.0 0.0 0.0 0.0 0.0 0.0 0.0 0.0 0.0 0.0 2.6446333646190483e-05 0.0 2.983867039899696e-05 0.0 0.0 0.0 0.0 0.0 0.0 2.84149904975013e-05 0.0 0.0 0.00011458840927015273 0.0 0.0008015029069572934 0.0001254919223717025 0.0006703803610048238 0.000494618782578293 6.53435008650644e-05 2.7060452785640343e-05 0.0 0.0 0.0 0.0 0.0 0.0 0.0 0.0 0.0 0.0 0.0 8.336168744461026e-05 0.0 0.0 0.0 8.767546517209412e-06 0.0 0.0 3.2609364515397825e-05 1.696707880028586e-05 3.900228186228027e-05 0.00040102032161315514 0.0 0.0 0.0 6.8518986127117e-06 0.0 0.0 0.0 6.933320797345003e-06 0.0 0.0005064743698523877 3.986468325148825e-05 0.0 6.96568416464777e-06 0.0 5.832110716778953e-05 0.0 9.430640803465647e-06 1.2113032180199929e-05 0.0 0.0 0.0 0.0 0.0 0.0 0.0 0.0 1.1891198623498915e-05 0.0 0.0 0.0 0.0012606047894740838 0.0010062267642905332 0.0009268532480374935
0.0001501525430550962 0.14283206456741918 0.03422638966472068 7.707914424092455e-05 0.244393707177362 2.874420514128055e-05 0.12883301719788068 0.02479908798404377 0.0 0.001569476730275824 0.13290610767954503 0.0003262963044602107 0.058146688874612606 0.07526757839210857 0.0002060909358376981 1.7958444357394034e-05 0.0 0.0 0.0 0.0 1.975777017196018e-05 0.0 0.0 0.0 0.0 0.0 0.0 0.0 0.0 0.0 0.0009924352387651824 0.0004505024065961491 4.384290645810807e-05 1.0746614721812655e-05 0.0 0.0 7.452738114584869e-05 7.437115702331796e-06 0.0 0.0 7.694682444463455e-06 0.0 2.9701915086323976e-05 3.094420316306365e-05 0.0 0.0 0.0008221315874682575 3.721771141804435e-05 0.0 0.0 0.0 0.0 0.0 0.0 2.4179843490672294e-05 2.888682864457465e-05 2.7127274219157648e-05 0.0004180043845512422 0.00012111344628908914 0.0003023198141050296 1.0064087344694383e-05 0.00015005048311977353 0.0 0.0006758048850018418 2.2780936425244054e-05 2.338488984065952e-05 6.028775396931533e-06 0.0 7.430149519569114e-06 4.915736261454966e-05 0.0004270978189526184 0.0 0.0 0.0005365351218838502 0.0006796379393597485 0.001161004740650051 0.0005706474404526224 0.00012058047630414111 6.214798556455052e-05 0.0007752878895272082 7.474014990646477e-05 0.0004666094072098509 3.572499941970892e-05 0.0 2.8382715693735803e-05 2.30487325005805e-05 1.6146205391933022e-05 0.0 6.096074388528236e-06 0.0 1.571002948160023e-05 0.0 7.5142100168705685e-06 1.2077462421407116e-05 0.0 0.0009097042861539355 3.5482650437646265e-05 0.0 0.0 1.7548944175926586e-05 1.681040647775442e-05 6.39499394164573e-05 0.0 0.0 0.0 0.0 0.0 0.0 5.838579671549542e-05 5.17896050106328e-05 0.0 1.3309444833937501e-05 3.071579877905913e-05 1.1729701300741098e-05 0.0 0.0 0.0 0.0 0.0 0.0 0.0 0.0 0.0 0.0 0.0 0.0 0.0 0.0 0.0 0.0 0.0 0.0 0.0 0.0 0.0 0.0 0.0 0.0 0.0 6.476209983636769e-05 0.0 2.050284836075459e-05 3.129192660752873e-05 8.279022803994753e-05 0.0 0.0 0.0 0.0 0.0 0.0 0.0 0.0 0.0 0.0 0.0 0.0 0.0 0.0 0.0 0.0 0.0 0.0 0.0 0.0 0.0 0.0 0.0 0.0 0.0 0.0 0.0 0.0 0.0 0.0 0.0 0.0 1.5869170818546265e-05 0.0 0.0 0.0 0.0 0.0 0.0 0.0 0.0 0.0 0.0 0.0 0.0 0.0 0.0 0.0 0.0 0.0 0.0 0.0 0.0 0.0001006849360085892 4.827552422006916e-05 5.9017107945803576e-05
0.05806233057923665 0.1676039672231112 0.002781915276084606 0.1613087189346163 0.008248068973828402 0.013884305110725081 0.0551853560556312 0.0013623991907613748 0.001569476730275824 0.0 0.001533451111959545 0.22228560193580393 0.3945378992853952 0.022600514205347973 0.0014201644472363183 0.0004459977739565572 3.9823529586135925e-05 0.0 8.718646722804895e-06 0.0 4.602974569973827e-05 9.425734089920367e-06 2.147297041215055e-05 4.269863619856206e-05 1.7543160634432247e-05 1.636525482417525e-05 1.1311764586071844e-05 8.199794548579075e-06 5.813042351114035e-05 1.5713685540994964e-05 0.004346343615620588 0.001610401760293924 0.0061265547159444576 6.713113188899978e-06 2.648507456677897e-05 0.0 0.00854193722682046 8.848895208785828e-05 0.00012487741668421707 0.0 9.870982233718036e-05 4.935657185723922e-05 6.661203114970802e-05 6.917533784130967e-05 8.205796807759371e-06 3.379824877916654e-05 0.006160647062212323 0.0002592495261599976 3.8787349900568914e-05 3.667213996713651e-05 5.3642307726597824e-05 2.846298997749383e-05 5.208316916090295e-05 1.9053267783669983e-05 0.00019253633734658414 0.000350635108246344 0.001136684287130979 0.006075869380811208 0.0007277152001565618 0.003059044199975228 0.00018171283479538592 0.0009862762353350643 3.183034496257314e-05 0.007827903501474217 0.0003355724180380917 0.00018725130385656706 5.3948892674051214e-05 6.935488402152105e-05 2.146338646737478e-05 0.00016672384559708156 0.03701564034789063 8.726744659499595e-05 2.002280463069815e-05 0.008091770711873775 0.006690613504825416 0.009082488586708369 0.004470110921637674 0.00038467906212526437 0.0008464294974080345 0.0009907648399316163 0.00016520088254520234 0.0024945926102772392 0.0003921867854746569 4.187463860133939e-05 0.00037799953066393127 0.00032583324682516066 6.94622592369836e-05 1.5295064783093134e-05 9.408183145480682e-05 3.0029745496694823e-05 8.832559737732444e-05 8.899099089044042e-06 3.0047001196723536e-05 6.54280051586548e-05 1.532170136785361e-05 0.07250694511066659 0.005693823229467617 0.00015401898439864787 0.00024013972303496718 0.031036063517147734 0.0013209778996105715 0.0027852303139949256 0.010146639198836122 0.0067943350790202845 0.0008358041995639345 0.0028242149359942945 0.001970889980413651 0.0004035867157960283 0.004517108447592735 0.009555182856945815 0.0003446062477109844 0.0024003470977479245 0.0058425332721355975 0.0021238747335245514 0.0012873266212875452 5.557516093308923e-06 0.0 0.0 0.0 0.0 0.0 0.0 0.0 0.0 0.0 0.0 0.0 0.0 0.0 0.0 0.0 0.0 0.0 0.0 0.0005345133914979533 0.00012530465893121617 0.0 0.0 0.0 0.003046184207264091 4.165655749639135e-05 0.0014691486368202302 0.00019252611779940553 3.0550597934679434e-05 0.0 0.0 0.0 0.0 7.225561387569293e-06 3.567879469692462e-05 0.0 1.7845496000000843e-05 0.0 0.0 0.0 0.0 0.0 0.0 5.950581622347269e-06 0.0 0.0 8.632942173098963e-05 0.0002663805305585449 0.00013225341865282273 0.0 0.0 0.0010994770291461397 7.238944267722562e-06 0.0 0.0 6.385878747525758e-06 0.0 0.0 0.0 0.0 0.0 0.0029392706040405523 1.6781833238405567e-05 0.0 0.0 0.0 0.00037556593970704326 0.0 1.1467255735238886e-05 6.34054786795251e-05 8.534893138481663e-05 3.615566188287097e-05 1.0017468673001088e-05 2.0130253241357296e-05 6.108009915403992e-06 0.0 0.0 0.0 0.0 1.2189488935130646e-05 0.0 0.0 0.010976741689124847 0.0009163809160584957 0.000743011185804722
0.000752115384834937 0.0765654766955598 0.13547668190675785 0.00019652389446500991 0.10318857081314527 0.00011711219900928686 0.01969567856711778 0.0794365881691437 0.13290610767954503 0.001533451111959545 0.0 0.0042162256311922795 0.0687058434817664 0.3129667573155618 0.0008220062710416297 0.00044525753838283637 3.482073243174133e-05 0.0 0.0 0.0 5.413470827195867e-05 2.0906514113391358e-05 5.225932839744063e-05 5.3699871579313695e-05 0.0 5.5596644196443755e-05 0.0 6.698009925337724e-06 0.0 8.279091697619328e-06 0.005270759915115599 0.0060624833554291085 0.023250949473534895 2.2131342940757005e-05 1.5126667822550908e-05 7.081604342482585e-05 0.010440595567165442 0.00022237962968576347 0.0001366474168409204 2.0694065355832605e-05 0.0001818502536006364 9.769901634969051e-05 2.8536246212550225e-05 2.73520073754268e-05 7.5807359123961115e-06 5.685957687409114e-06 0.0017167213003494441 3.4135942525361656e-05 2.029004388114284e-05 2.374747728034584e-05 1.071110270057452e-05 0.0 0.0 2.7034680306994833e-05 2.0872814464208647e-05 5.1088849202479836e-05 6.474540732214778e-05 0.0010179799231854179 0.000104708486620743 0.0004526483182296326 2.2300142596278067e-05 0.0012932959637007534 0.0 0.001186421113141034 4.9355816376015255e-05 1.1791900794076042e-05 1.3153342058131893e-05 0.0 1.578085144263511e-05 0.0001967278117649125 0.007793439351287174 1.6063226739829876e-05 0.0 0.0012159622966611517 0.0013916552310067822 0.0024839641813940517 0.001270024798738667 0.0002644295570566085 0.0025741531746781886 0.11466942491977054 8.578278653903201e-05 0.003926302943969451 7.854196873659015e-05 0.0 6.0155316740710675e-05 7.141879315901657e-05 2.6532158074717584e-05 6.000589684220876e-06 1.3574341799007113e-05 0.0 2.3494682693898987e-05 1.9750660623913418e-05 9.954593748136643e-05 7.46317628158914e-05 4.060201922564095e-05 0.000969075751002076 1.387334012963566e-05 2.748844855665821e-05 8.16485070402311e-05 0.00012024321754681136 0.0 0.0 5.5412594486967185e-05 0.0 5.180289345563308e-05 0.000124351965792513 8.306263969454931e-05 1.4300412099778623e-05 0.00019972292392753831 0.00021751779192090475 3.9550056636990907e-05 0.0002621801175838697 0.000117699969273147 8.904434430537632e-06 2.4176342539793107e-05 0.0 0.0 0.0 0.0 0.0 0.0 0.0 0.0 0.0 0.0 0.0 0.0 0.0 0.0 0.0 0.0 0.0 0.0 0.0 0.0 0.0 0.0 5.784456781372145e-05 0.0 0.00015913915123708057 0.0 0.0002512679800574149 6.042390010185629e-05 7.343502575538473e-06 0.0 0.0 0.0 0.0 0.0 0.0 0.0 0.0 0.0 0.0 0.0 0.0 2.016154503878928e-05 0.0 0.0 0.0 0.0 0.0 2.865014283588386e-05 0.0 0.0 0.0 3.6225207256785816e-05 0.0 0.0 0.0 0.0 0.0 0.0 0.0 0.0 0.0 0.0003300404126472269 0.0 0.0 0.0 0.0 0.0 0.0 3.269154218125509e-05 0.0 0.0 7.138252418865058e-06 0.0 0.0 0.0 0.0 0.0 0.0 0.0 0.0 0.0 0.0 0.0007356211198485384 0.0004077031333504763 0.00035522721132407267
0.03451591579280311 0.01964395796435661 0.0036068576661870168 0.15422832538388512 0.0016794442895269339 0.006814254416485091 0.014205637501338166 0.007340610516592831 0.0003262963044602107 0.22228560193580393 0.0042162256311922795 0.0 0.0869171644540362 0.010843430880063929 0.00038396083189939673 0.00026215143425172596 1.2754514516856887e-05 0.0 0.0 0.0 0.0 0.0 9.188919105683508e-06 0.0 0.0 0.0 0.0 0.0 1.0986973226142746e-05 0.0 0.0009358951320992642 0.000753279517302595 0.005768104312969825 0.0 0.0 1.364791510131295e-05 0.013251290472338329 0.00016999544774073518 0.00020097366810953223 9.925204060620488e-06 1.2398606529365084e-05 7.318623071785282e-06 5.5420355784360015e-06 3.084212757009904e-05 0.0 0.0 0.0011063031543016028 1.2196513344749326e-05 0.0 5.2357006639524564e-06 7.469897422255348e-06 0.0 0.0 7.358621496742668e-06 2.0910495068856503e-05 0.0 0.0001541650364362272 0.0011148825121095472 0.00012348793160483066 0.0003192713008297437 4.2609659690990424e-05 0.000780367895003347 3.645051974580703e-05 0.0008330264756556005 7.12380907598076e-05 3.208615951671061e-05 0.0 1.2296668430068822e-05 0.0 3.999715864559515e-05 0.014561044537744197 7.887039805176551e-05 0.0 0.0010979332042435706 0.0006716864099353817 0.0009240104842417153 0.0003569343150954723 5.59379352858763e-05 0.0002533510159831518 0.002627415787034067 6.049736575787373e-06 0.0003369009146448875 4.615631522702312e-05 0.0 2.362660958123642e-05 4.581433666924882e-05 0.0 0.0 0.0 0.0 3.227343616833229e-05 7.070689693861799e-06 0.0 6.415800501287339e-06 9.090005867090963e-06 0.020123007329928205 0.0014142137853685559 9.96630634933517e-06 0.00036521553770030036 0.0068867658669334786 7.094571610102413e-05 0.0002851523013408731 0.001021661231506391 0.00046996713421303647 0.00017149549436572037 0.0008005349246205299 0.0002786727580899163 2.8712840927254567e-05 0.001400329989359209 0.0018739665673150323 6.42611487505996e-05 0.0009001984094023103 0.0015557143788518316 0.0004530235873806937 0.00043219251716851957 0.0 0.0 0.0 0.0 0.0 0.0 0.0 1.3046997311230045e-05 0.0 0.0 0.0 0.0 0.0 0.0 0.0 0.0 0.0 0.0 0.0 0.0001646177723870268 1.2572733208257454e-05 0.0 0.0 0.0 0.0014520404963664344 0.00020205375475892783 0.0006127598467078509 3.0982792889547085e-05 0.0 0.0 0.0 0.0 0.0 0.0 0.0 0.0 0.0 6.609120024098106e-06 0.0 0.0 0.0 9.584624317433668e-05 0.0 0.0 0.0 0.0 1.453162066959567e-05 2.4037002248294863e-05 9.040327104999569e-06 0.0 0.0 0.0006339633941178064 0.0 1.3398449720985169e-05 0.0 6.422724114835978e-06 0.0 0.0 0.0 0.0 0.0 0.0012769901310956725 1.7853735834075692e-05 0.0 0.0 0.0 0.0002015103660811677 0.0 1.5258149934996773e-05 5.846234203396341e-06 4.400480060422899e-05 3.3125718317130406e-05 0.0 0.0 0.0 0.0 0.0 0.0 0.0 0.0 0.0 0.0 0.0031244392218218197 0.0005992204522763692 0.000549310153783274
0.019388428943466998 0.1156394887731793 0.015835660574965178 0.1264242960922989 0.048120816030309106 0.0036046516928176244 0.24673636220489994 0.047772818013924134 0.058146688874612606 0.3945378992853952 0.0687058434817664 0.0869171644540362 0.0 0.4200707689481049 0.0021495459894292773 0.0011109029839363315 6.711638875120232e-05 0.0 0.0 1.3528191388668314e-05 6.0544614649655414e-05 7.797640736992857e-06 4.278798848954045e-05 5.793853079095204e-05 8.05085122955394e-06 0.0 3.4184701400988644e-05 6.006665827899109e-06 1.7028456756719883e-05 0.0 0.003003108646118832 0.0033090869773790763 0.039489944813265114 0.0 7.95707037027125e-05 0.00013471284471892395 0.02324741372012137 0.000626808893959613 0.00044395990934923606 0.0002621739318366979 9.400252843415085e-05 2.2868527231503337e-05 1.6612001157118597e-05 4.083490316314638e-05 1.3610214435311349e-05 8.407943864449453e-05 0.005291560727424011 8.791212553711673e-05 5.6251977674608474e-05 1.235869568934234e-05 2.218093411791376e-05 0.0 0.0 2.2025753675079116e-05 3.9743404049976395e-05 0.00014901421193486136 0.00014355904544325113 0.001673228728736897 0.000328481957146162 0.0012520865096808697 7.69249751838995e-05 0.0025702142022441224 1.3073691633545202e-05 0.003807247225963699 4.7546447652043745e-05 0.00012188531763906346 5.7570609966977365e-06 3.6084003705895835e-05 4.1686693074825775e-05 0.0001461487646196129 0.0411170468701163 9.809909699162263e-05 0.0 0.0024073111305206478 0.0022848306717827773 0.004480708087592208 0.0025551241997259994 0.00048203710885648355 0.0012023155661583125 0.016909070153595673 4.8890670402970504e-05 0.0020942071106312974 0.00022799178360994934 0.0 0.000110457479528126 7.373127665915282e-05 0.0 0.0 3.172561588859974e-05 0.0 2.640921084503701e-05 6.471153690680757e-06 2.6608979359124888e-05 2.1769827070941466e-05 1.3102352947130018e-05 0.07840835539350735 0.0014189874559302114 5.095995647257103e-05 0.0016564955296022841 0.002831472123372091 0.0004899708169485063 0.0013717113541026347 0.001906449272271704 0.0007730042165775565 0.0003841942956589555 0.0015248454033188056 0.0006296788692691922 0.00015353042682578254 0.0020550515370292427 0.003437662289209403 0.0002191713778721279 0.003135356325267279 0.0032254127771016313 0.0017864074589732627 0.0010059937276910183 3.879397063660613e-05 0.0 0.0 0.0 0.0 0.0 0.0 0.0 0.0 0.0 0.0 0.0 0.0 0.0 0.0 0.0 0.0 0.0 0.0 0.0004474004119444808 8.122324157052784e-05 0.0 5.8854265533742214e-05 0.0 0.0024991629692940145 0.00017872167520874917 0.0021161256613249756 0.00020706572190918918 0.0 0.0 0.0 0.0 0.0 0.0 0.0 0.0 0.0 9.88671855531627e-06 0.0 0.0 0.0 5.512641976509361e-05 0.0 0.0 1.5421180238761504e-05 5.058998302959731e-06 9.622040503653138e-05 6.505864138511441e-05 8.11476043952928e-05 0.0 0.0 0.0012428888966694949 6.720505944545468e-05 0.0 0.0 0.0 0.0 0.0 0.0 0.0 0.0 0.0024954878188300383 1.502454966037225e-05 0.0 0.0 0.0 0.00023293116486795018 0.00010279594235446008 0.00016399922800652155 0.0 9.195706693467726e-06 2.593325718463803e-05 0.0 0.0 0.0 0.0 0.0 0.0 0.0 0.0 0.0 0.0 0.006444355999549266 0.00168358686855457 0.0016337843127422215
