0.0 0.2276444536767708 0.053633722234203256 0.08020749595660603 0.007367770064585084 0.011096867802414331 0.013436913908346157 0.01753609271984299 0.0006720581677006175 0.056081454776854715 0.0070289898007467105 0.007050940749450891 0.005553869656332828 0.006521945556199588 0.0002889946658925542 7.974115045708658e-05 2.7460603106441746e-05 6.676682502386004e-06 0.0 0.0 5.69420263745853e-06 0.0 0.0 6.64733617795827e-06 0.0 0.0 6.411430009752626e-06 0.0 0.0 0.0 0.04402157909934833 0.00019554375616012508 0.0006897362758501567 0.0 0.0 0.0 0.001088125283908332 0.0 1.9043389948051514e-05 0.0 0.0 1.1057195054111752e-05 0.0 6.603557235774932e-05 5.048731228965002e-06 7.675132012427416e-06 0.0035926003437888963 0.00017114652154796785 4.559722649767976e-06 1.179533527008523e-05 0.0 2.5948412112648236e-05 0.0 0.0 0.0005593275335872942 0.0007727731072275683 0.01829037158977473 0.037013078690025146 0.005366055544404086 0.004382828892393674 8.662915196242478e-06 3.297402434738066e-05 1.9429819944660982e-05 0.0007091199282700388 0.0003778232278522345 0.00016267552810025448 2.3878878216321182e-05 1.879000202730198e-05 5.3010397835556525e-06 1.486041135147733e-05 0.0005045929542599162 5.4155477994773366e-05 0.0 0.012238132147588777 0.0007021001386437194 0.004651723845900676 0.00013788254413464314 7.747252573183962e-05 4.1473004715046076e-05 0.00033333560369319605 1.0773113839552781e-05 4.292319781199987e-05 0.0021084210038468014 1.3510691824399385e-05 0.00019873390143251032 0.00016404515322839805 9.843239396267663e-06 0.0 1.8417723167660405e-05 6.8631522083033336e-06 6.370687667782831e-06 6.034891881715412e-06 1.4007771774407589e-05 0.0 0.0 0.001125225032695105 0.0 0.0 0.0 0.13837919857762057 0.0 0.0 3.2372944732242985e-05 1.2877283949293642e-05 3.8740607190358375e-05 3.3840168436530485e-05 6.169841401513636e-05 4.360006186398918e-05 9.683634467420154e-06 2.4877165572736883e-05 0.0 0.00015649813302576294 0.0001877277504496388 0.0001508399832076263 2.2470223804756716e-05 0.0 0.0 0.0 0.0 0.0 0.0 0.0 0.0 0.0 0.0 0.0 3.051048797960409e-05 6.204760538186047e-05 0.0 0.0 0.0 0.0 0.0 0.0 1.9078840411420196e-05 0.0 6.942994067104873e-05 0.0 0.0 0.0001223713142842538 5.7063464518131546e-05 0.0003415507177247267 1.0885900142100102e-05 0.0 0.0 0.0 0.0 0.0 0.0 4.346986543503939e-05 0.0 3.0503870519982965e-05 0.0 0.0 0.0 0.0 0.0 0.0 1.3965331296001648e-05 0.0 5.788876976898217e-06 0.0 0.0 0.0 0.0 0.0 2.6049387065514017e-05 0.0 0.0 0.0 0.0 0.0 0.0 0.0 0.0 0.0 6.82037449014821e-05 1.3795753919172789e-05 0.0 0.0 0.0 4.6696991184758695e-05 0.0 0.0 0.0 0.0 0.0 0.0 0.0 0.0 0.0 6.674983371142339e-06 0.0 0.0 0.0 0.0 0.0 0.00010928388868670756 0.0 2.52333882390103e-05
0.2276444536767708 0.0 0.21818732290951742 0.12868137423940687 0.12366714003685376 0.014722338848349397 0.09337989225155571 0.06565681120497394 0.030356674081989162 0.15295443089519792 0.07960425953410312 0.016642821655687205 0.03884101578587328 0.04707954232836286 0.0029539152296695057 0.0008178394716040819 5.07604759890839e-05 9.791933690649812e-06 2.682511558621604e-05 4.971961683966966e-05 3.349368195145248e-05 0.0 3.666144703906683e-05 2.3648866282669833e-05 0.00032585840952777323 9.783666342757245e-06 6.307248742510437e-05 2.0181226416313573e-05 2.4841999624318825e-05 2.7147900782136913e-05 0.09846194819491233 0.0028682800908729883 0.0027872607510313167 7.606725167622713e-05 8.096283626676256e-05 9.6859597802571e-05 0.006387258957562573 0.0002457908672001031 0.00021130239613287793 7.817489664863429e-05 3.912770072358349e-05 3.0314510898220873e-05 0.00010857669568916289 0.00019606205435972123 6.64908609412582e-05 0.00013579341999123417 0.021908649349662426 0.0008248953891576911 4.113358235816554e-05 2.170937511753078e-05 1.083590459798571e-05 2.2162440803636863e-05 9.237547107362971e-05 1.7525952836802805e-05 0.002115391700716831 0.0022565512815866683 0.014845155158938557 0.03898328211249197 0.009138437938880981 0.014596429745843935 0.00015704071198989638 8.376367207217255e-05 0.00011210146660527056 0.01367016422847095 0.0010789236321920009 0.0005764034628593862 0.00010318603096043571 9.35278655551352e-05 4.766488866365848e-05 0.00011633451784354192 0.003214678585225872 0.00012391942429575777 0.0 0.02949884459359168 0.007366688129833183 0.02642365296364354 0.0038185226097994076 0.000612608043550218 0.0003739541985711911 0.0030694979301858893 0.000253545029706319 0.000383107065921563 0.0070063728373613585 2.8172825602104173e-05 0.0007974862151129994 0.0005944877529088386 7.63011115253647e-05 5.795852567226436e-06 5.5343855161670625e-05 4.2016594901023366e-05 4.1932535655222764e-05 1.4682349758716604e-05 5.6609132442052876e-05 1.9576638115053877e-05 2.5204017541798334e-05 0.008051316165068543 9.065074691430622e-05 0.0 0.00028464983360473417 0.09619692302747515 3.5105275107423106e-05 5.068805250943761e-05 2.9364068809465716e-05 5.116439619410118e-05 0.00012396674529985543 8.5550315041138e-05 0.00017675213259656596 0.00020679172346267692 2.0609817350415945e-05 0.00013194849887562343 5.41454189985378e-05 0.0006657007552417817 0.0006363580215717875 0.0005510154382576856 0.0003446060481742521 9.86714064173626e-06 0.0 0.0 0.0 0.0 0.0 0.0 0.0 0.0 0.0 0.0 2.430040203780352e-05 0.0002886155929949568 0.0 0.0 0.0 0.0 0.0 0.0 0.00013125245244763532 4.175793947445695e-05 1.9106860160020406e-05 5.583802878150999e-05 0.0 0.00027970799394635846 9.636653190090484e-05 0.0010407583271643296 0.0002599600002360342 0.00010471509587937859 0.0 0.0 0.0 0.0 0.0 4.117664459127131e-05 0.0 0.0 1.1662394167188546e-05 0.0 0.0 0.0 4.917926873139911e-05 0.0 0.0 0.0 5.752518751667792e-06 0.0 2.4020598495579322e-05 6.957916975746562e-05 0.0 5.507000056841429e-05 0.0007005180261111918 0.0 0.0 0.0 5.6078518525362705e-06 0.0 0.0 0.0 0.0 1.1791983763551318e-05 0.0006074128254217641 2.8882187031339908e-05 0.0 0.0 8.824205329028381e-06 0.00014284216945926 0.0 3.824070745843554e-05 0.0 0.0 0.0 0.0 0.0 0.0 2.8409314727516362e-05 0.0 0.0 1.7010263022523356e-05 1.3288873622884138e-05 0.0 0.0 0.0005585073680094942 0.0002418113645439957 0.00040930494492112185
0.053633722234203256 0.21818732290951742 0.0 0.012969174563617259 0.07630034069278921 0.0006384394190451909 0.019422047839308936 0.17715443226560507 0.06600850709761745 0.00549152755982182 0.11145080247810245 0.007830200567255053 0.02937485750795987 0.07940734356084385 0.000980816972532137 0.0007489026878595873 5.790758406619872e-05 3.9970928924113e-05 4.544492146641189e-06 5.458322980873286e-05 0.00030766159878938134 6.975080489364902e-06 0.0005448641668286617 0.0003875875999031469 0.0006794647723140566 0.00011843992549383726 0.0003992348162920072 8.543851210582394e-05 2.062171425354418e-05 5.769330700308665e-05 0.15991047793025484 0.018314615068926256 0.004680214540857343 0.00010596949842135909 0.0005778646127663622 0.0005680548207885222 0.008919608452519323 0.000346490716989191 0.00010374291426189515 8.15979651588774e-05 0.0002270857257360588 0.00014476302340292105 9.61084957420195e-05 0.00010422756061011824 3.360812261890508e-05 7.223841112676876e-05 0.003566734428079435 0.00020740840165972365 2.07538878624394e-05 5.270701735511515e-05 3.537664516889895e-05 0.0 1.846802163066455e-05 3.1258661326817626e-05 0.0004603381563450024 0.000489897428275601 0.004728029535032843 0.02099973814999006 0.0024305578309822768 0.0029106820408810958 0.00022813126644966083 0.0016470834763025902 0.0004083805598257305 0.008557268606373172 0.00015909964223287084 0.00011700608752991134 3.833387814630919e-05 5.588596706367362e-05 0.00017770403406795252 0.000333922790821321 0.0025385439047216508 0.0003083202086207877 0.0 0.008842505035195557 0.0018162805650764706 0.005278951113201044 0.0013103003462588757 0.0005272957307367296 0.0003133717342640756 0.011130159855782877 8.554980818670672e-05 0.0011759007386484151 0.0013398120156548482 0.0 0.00019796425118575377 0.00018321528613109468 7.909587353346311e-05 8.604121077019993e-06 0.0 6.020521389689416e-06 1.2403892853348574e-05 1.1225661728344858e-05 0.0002212768680501272 4.1770017929957535e-05 4.4807974563554775e-05 0.003198588278913066 0.00012370673245842837 0.0 0.0001009793812514555 0.01381835756457247 0.0 6.37263112375334e-05 6.473322158552996e-05 0.0 8.864898776208578e-05 6.56859089548571e-05 3.7218201512952465e-05 3.2046974162643996e-05 0.00010245338407158609 0.00017522982043106691 7.23615235313707e-05 0.0005422256159635573 0.00032577037602593133 0.00035589926927087547 0.0003736514846117879 0.0 0.0 0.0 0.0 0.0 0.0 0.0 0.0 0.0 0.0 0.0 0.0 3.1179404514318425e-05 0.0 0.0 1.6022204774429093e-05 0.0 0.0 0.0 3.576644408117393e-05 2.6968406169144047e-05 0.0 0.0 3.488344297860258e-05 0.00037693392165960316 2.924040080486403e-05 0.0008169772699371326 0.00016330706772683823 8.45038053850118e-05 0.0 0.0 0.0 0.0 0.0 3.0266193096988473e-05 0.0 0.0 6.970009656994674e-05 0.0 0.0 0.0 5.014648377234037e-05 1.2913619293951115e-05 0.0 0.0 6.115406130919522e-06 0.0 0.0 0.0 0.0 4.8565641609015314e-05 0.00030200262328100336 0.0 0.0 6.0484506108053225e-06 0.0 0.0 0.0 0.0 0.0 0.0 0.0005898987122866571 1.195761026231565e-05 0.0 0.0 0.0 9.280732696601177e-05 0.0 8.418246216259079e-05 0.0 0.0 6.077773557256346e-06 0.0 0.0 0.0 0.0 0.0 0.0 6.014020322548099e-06 0.0 0.0 0.0 0.00038860111079903675 0.00027314710554705564 0.000279536642827722
0.08020749595660603 0.12868137423940687 0.012969174563617259 0.0 0.005538508443207709 0.034337961601852256 0.025432654145597818 0.0021650789136911605 0.00040664933012263184 0.11429448238318377 0.001709368423857311 0.0617409659099949 0.030839649033704827 0.002386779045978526 0.0002650630688465334 3.443417049356916e-05 7.800434485783992e-06 0.0 9.892812644589939e-06 0.0 0.0 0.0 5.548393699294379e-06 0.0 0.0 0.0 0.0 1.2426603314216071e-05 0.0 0.0 0.001885732384549301 7.50099304519767e-05 0.0001281065223902711 2.0498179553150135e-05 5.599066209925937e-06 0.0 0.0005797766263529993 8.09045818306195e-06 3.355926016055564e-05 0.0 0.0 0.0 0.0 1.0256488906204803e-05 1.0221560716783964e-05 3.295108060414978e-05 0.0019783256020772678 0.0001332192401363077 0.0 0.0 0.0 0.0 0.0 0.0 0.00020287248873313246 0.00024082300685883802 0.004129924807721634 0.004310894824721026 0.0015195830294508213 0.0016637350734115717 0.0 1.5137421971589948e-05 1.0913095692670222e-05 0.0005445119636821716 0.00011806544860698094 6.460171051844287e-05 6.493954764954074e-06 0.0 1.9558285905930232e-05 5.493284844528667e-06 0.0006051521979541681 0.0 0.0 0.0033503994951892056 0.000541281373515265 0.002489102365433158 0.0002040790285983208 2.2818091082672075e-05 1.2957201811389689e-05 4.3446908261907e-05 2.0674970776708185e-05 7.006833253182819e-06 0.0005985485198990198 6.994682674137064e-06 9.463509428303454e-05 5.840101506222462e-05 5.619150378941396e-06 0.0 1.2329589187490022e-05 0.0 4.859562610246695e-06 0.0 0.0 6.3206015961841445e-06 0.0 0.006025451003163374 9.282105083314997e-05 0.0 5.2347458104420614e-05 0.04722734176147369 0.0 0.0 2.066929490240447e-05 0.0 7.882652840269367e-06 8.645489351881191e-05 3.881526351548266e-05 0.0 5.662246833425837e-05 0.00016673947648488383 1.8517398901905447e-05 0.0002385303550449712 0.000252330763171125 0.00026652073095834525 4.429580835751014e-05 0.0 0.0 0.0 2.2647710398771047e-05 0.0 0.0 0.0 0.0 0.0 0.0 0.0 0.0 6.327201845635176e-05 0.0 5.99982581197234e-05 0.0 0.0 0.0 0.0 0.0 7.549772536599965e-05 0.0 2.5036312890125327e-05 0.0 5.82388107013281e-05 0.0 0.00020621484651968633 2.9257519950066988e-05 5.054888988031265e-05 0.0 0.0 0.0 0.0 0.0 4.3214267549384804e-05 0.0 0.0 0.0 0.0 0.0 0.0 3.4961499555829245e-05 0.0 0.0 0.0 0.0 9.774166925751521e-06 0.0 2.6680936640172942e-05 0.0 0.0 0.00018048623115967326 0.0 0.0 0.0 0.0 0.0 0.0 0.0 0.0 0.0 0.00011712072616406034 3.0398289608300922e-05 0.0 0.0 0.0 2.802924801720673e-05 0.0 0.0 0.0 0.0 0.0 0.0 0.0 0.0 7.505757078928816e-06 0.0 0.0 0.0 0.0 0.0 0.0 0.00022206288934683197 5.025400505608962e-05 4.8362169647778595e-05
0.007367770064585084 0.12366714003685376 0.07630034069278921 0.005538508443207709 0.0 0.0004247987258476154 0.07939755605305189 0.007365663776032731 0.20132336207858106 0.01481570516114256 0.06490826487805887 0.0024195202570142793 0.053060522136613386 0.1504946554579329 0.0009624946369809081 0.00029785623171538916 4.362005252109779e-05 1.1284187249537015e-05 0.0 6.259753696837215e-06 5.645489897640805e-06 0.0 6.499605769069796e-06 1.0936797479231121e-05 6.780519814928254e-05 0.0 0.0 0.0 8.626905153643952e-06 0.0 0.0035772633808379833 0.0008022737680835285 0.0002541944495058582 1.2913167651337166e-05 0.0 5.889827556979765e-06 0.0008291058542860348 6.245691794103834e-05 2.8028182578353122e-05 2.3530814961324438e-05 1.260641527080773e-05 1.9124141956252836e-05 1.1339307544589202e-05 5.917945542822538e-05 3.4196626872186073e-05 4.4815025261850734e-05 0.0038917849698399667 0.00013060225669823063 3.2794767493385e-05 1.0403120052783998e-05 8.297829292372182e-06 5.703919419907314e-06 3.3984424480156366e-05 0.0 0.00015596313151050709 0.00036838873745668484 0.0012926850159352718 0.003940384169291045 0.000855345277939828 0.002228655578023119 4.5388345767958366e-05 3.825127480131368e-05 3.31649259207983e-05 0.003078805609482479 0.00020149503894644258 0.00010690160869454477 0.0 0.0 5.1120921115874735e-05 1.1752820181115307e-05 0.0007299196822305783 0.0 0.0 0.0035515839994969284 0.0021105321490494664 0.005495519002157779 0.001368121871516159 0.0002084948672624753 0.0001336364773321876 0.0003925703271453904 7.825880866292198e-05 5.5839187732270456e-05 0.001093493888034204 0.0 0.00019480868194092737 0.00013448962774291877 2.4942547307354896e-05 0.0 0.0 0.0 7.637456164637134e-06 0.0 1.1960998576727784e-05 0.0 0.0 0.002775211251890617 0.000126432628418571 0.0 7.437820081715667e-05 0.0012798036507881284 0.0 0.0 0.0 0.0 2.7103326939004953e-05 0.0 0.0 0.0 0.0 2.1095768886104895e-05 0.0 0.0002196896665797324 0.00020825900635801183 0.00011727369174752131 5.318040845106022e-05 0.0 0.0 0.0 0.0 0.0 0.0 0.0 0.0 0.0 0.0 0.0 0.0 1.7775095416461975e-05 0.0 0.0 0.0 0.0 4.697566263602547e-05 0.0 0.0 0.0 0.0 0.0 0.0 9.326039165731037e-05 2.771928887463751e-05 0.0002698594333246678 0.00011650748154516786 5.26016682335852e-05 0.0 0.0 0.0 0.0 0.0 0.0 0.0 0.0 0.0 0.0 0.0 0.0 5.324796582972385e-05 0.0 0.0 0.0 0.0 0.0 0.0 0.0 0.0 0.0 0.00013738755228561876 0.0 0.0 0.0 0.0 0.0 0.0 0.0 0.0 0.0 0.00011240556185491484 0.0 0.0 0.0 0.0 1.6993162778663268e-05 0.0 7.559997765172075e-05 0.0 0.0 0.0 0.0 0.0 0.0 0.0 0.0 0.0 0.0 0.0 0.0 0.0 0.00014106837592162298 1.8346638201531885e-05 4.739394239018603e-05
0.011096867802414331 0.014722338848349397 0.0006384394190451909 0.034337961601852256 0.0004247987258476154 0.0 0.002610393271995052 0.00020917844576781892 0.0002843459029957344 0.04430656314749258 0.0002963370462299245 0.010597095701809257 0.004191320037730814 0.0009370454083387689 0.0 0.0 0.0 0.0 0.0 0.0 0.0 0.00013773872879074847 0.0 0.0 8.921745211528602e-06 0.0 0.0 0.0 0.0 0.0 0.0004708579936822478 4.01506423947602e-05 0.00016967695606677895 1.0526560743867423e-05 1.2770027781748398e-05 4.057492382268718e-05 0.0006285105222448422 0.00011778360471453381 5.017948402478801e-05 1.7714040099747186e-05 0.0 0.0 0.0 0.0 0.0 0.0 2.4143373660432066e-05 1.4707647713942877e-05 0.0 0.0 0.0 0.0005586913233394054 7.37788989230567e-05 1.1192120798010254e-05 0.0 2.5724182995108968e-05 0.00638527212201536 0.0005186079363992266 0.00020731539213066818 2.2511167097845494e-05 0.0 0.0 0.0 3.902974003750244e-05 0.0 0.0 0.0 0.0 0.0 0.0 0.00353500801372829 0.009117408302809172 0.0004401546413739897 0.00017603419443429905 1.00075437958383e-05 5.455831982843928e-05 1.780992760695716e-05 0.0 0.0 2.0538402108190877e-05 0.0 9.48869099104992e-06 2.5623495044212625e-05 2.2275670790337968e-05 7.0828450035527196e-06 5.417049262466837e-06 0.0 2.44731846844609e-05 6.159980471455246e-05 0.0005710201883070211 7.369667609193754e-05 7.782516311181195e-05 0.0 0.0 0.0 0.026030214337158502 0.0010156397143455025 0.0018696114282168122 0.0003509079309747415 0.02925025707922323 0.0 2.240610348607369e-05 0.0 4.0181847517038524e-05 5.42897541293615e-05 6.655104928321955e-05 0.00027179554861048877 3.3770358813642234e-05 4.278926886523611e-05 0.00037566287549041413 6.458997328192154e-05 0.0004987480323143762 0.0005069400150814585 0.00032915107021246856 0.0001537886802391136 0.0 0.0 0.0 7.291060704447187e-06 0.0 0.0 0.0 0.0 0.0 0.0 0.0 0.0 0.00012712153561039396 0.0 3.847566855949746e-05 0.0 9.401069240040478e-05 9.651422798893388e-05 6.754907550266133e-05 0.0 1.957528617163459e-05 9.320764497300017e-06 2.591961442456762e-05 1.057435428153694e-05 0.00021904000106273575 5.847354448887176e-05 0.00017651528235602411 0.00014180386099632632 9.302034360799637e-05 0.0 0.0 7.844740725693147e-06 0.0 4.572043838303366e-05 1.6583745764695817e-05 0.0 0.0 0.0 0.0 0.0 0.0 0.00022306081459331044 0.0 0.0 0.0 1.0108020350136703e-05 0.0 1.5697134505635446e-05 2.0764221425550404e-05 0.0 0.0 0.0001250123208317206 0.0 0.0 0.0 0.0 0.0 0.0 0.0 0.0 0.0 0.00013175057495592416 9.313156408350765e-05 0.0 0.0 0.0 3.564676774174509e-05 0.0 0.0 4.803389908319403e-05 0.0 0.0 0.0 0.0 0.0 0.0 0.0 0.0 5.402829483780078e-06 7.071286334981184e-06 0.0 0.0 0.00045733664547969733 8.800004348054097e-05 0.00013422210410471782
0.013436913908346157 0.09337989225155571 0.019422047839308936 0.025432654145597818 0.07939755605305189 0.002610393271995052 0.0 0.004762549587756992 0.06808470813823238 0.14745692524352197 0.029773348738459545 0.05593196734489377 0.18994992381063083 0.09769794910547187 0.0022000834421540437 0.0008357658379493952 8.424530863024475e-05 1.50192597292061e-05 2.484164597024557e-05 0.0 1.791807263502127e-05 7.269577338655249e-06 5.841485880366893e-06 3.8443830739636605e-05 0.00031262891099170304 3.995355709780003e-05 4.070817779254881e-05 3.8537392884269254e-05 1.3549429131813198e-05 2.3748970281552102e-05 0.003306782291796844 0.002268366564239735 0.0012632452780866263 9.410810295792741e-05 6.338696249640933e-05 0.00012977471263305693 0.00401246543017652 0.00031547722398599136 0.00015092475025897713 6.096055881151729e-05 7.626229761777185e-06 1.9065301081076924e-05 5.0905553743721064e-05 4.949870789222743e-05 2.4833774058342093e-05 8.023707394335309e-05 0.009519776759306446 0.00017239389229299526 2.9774891983862277e-05 1.862511566533231e-05 7.024493076272743e-06 0.0 8.62687023590001e-05 5.744805511563707e-06 0.0004645795027857769 0.0004724834226212026 0.0017376335631206106 0.004969146202605251 0.0015813328844653976 0.004153343956036275 0.00011983553698401084 0.00019222682515637128 0.0001143456280188003 0.0051193990533991655 0.0003095020996426565 0.00014652631077834242 1.1257205085179876e-05 4.7564525020013556e-05 3.1669642178206056e-05 8.986711216084126e-05 0.007111625159145607 0.0002240281514981729 7.5488625861616845e-06 0.00592123837511153 0.003400743571610341 0.010333692002744636 0.002481085738382383 0.00041722093774060684 0.00016512580865783084 0.0017413340610649322 7.091607467147842e-05 0.00037210494540135757 0.0017444303790764809 5.029945781166525e-06 0.00024285409442895072 0.00016637993414591717 2.4538157055784547e-05 0.0 0.0 0.0 5.896374385266989e-06 0.0 3.44352170310799e-05 1.5424384646129757e-05 1.859407468629475e-05 0.02164712877746109 0.00034553930297348914 0.0 0.00040156785032752175 0.00328551230724385 6.350823351229227e-06 4.5781038077904424e-05 0.00027073699084049135 0.0003623419203198268 0.0002827958038665948 0.00013036372473557674 0.0003399325578443185 0.00026668076464923373 0.0005041030742293319 0.0005520748595206101 0.0002379127700808702 0.0012765526765177388 0.0013765948560711231 0.0010826377535279011 0.0006863428720027479 0.0 0.0 0.0 0.0 0.0 0.0 8.608443515693143e-06 0.0 0.0 0.0 0.0 0.0 0.00015993995465256013 0.0 0.0 0.0 4.235786163104544e-05 0.0 0.0 0.00016086070472127445 8.309096482340442e-05 0.0 2.4879501380793162e-05 4.910234225551484e-05 0.0008485263275166442 0.0001476157230009675 0.0018811403679604237 0.0003400915464899076 0.0002045837322557564 0.0 0.0 0.0 0.0 0.0 0.0 0.0 1.7892109153564304e-05 0.0 0.0 0.0 0.0 0.00017009686830007933 0.0 0.0 0.0 0.0 3.02010784681895e-05 3.897458392937954e-05 3.356740813154584e-05 5.6250191464231844e-05 0.00010540332063324299 0.0009158005630692009 7.4196599699240785e-06 0.0 0.0 0.0 0.0 0.0 0.0 0.0 0.0 0.0009116556612278475 6.7854875852394366e-06 0.0 0.0 0.0 0.0002381792874712649 0.0 9.67172841206274e-05 2.3854192067719536e-05 0.0 1.7802058679476236e-05 0.0 0.0 0.0 0.0 6.441513486552469e-06 0.0 0.0 0.0 0.0 0.0 0.0006511146565924235 0.00041617259863345186 0.0007145662159203178
0.01753609271984299 0.06565681120497394 0.17715443226560507 0.0021650789136911605 0.007365663776032731 0.00020917844576781892 0.004762549587756992 0.0 0.0066836901961476935 0.0021482927758287905 0.2994361569392557 0.0034349616186780414 0.02275767988890419 0.15259633836384026 0.003879566539449922 0.003771071271989372 0.0003194417692136361 0.0002284177143113092 3.4037192552828194e-05 0.00038550071656367606 0.000996686155019077 3.3347175653217006e-05 0.0025926419499912924 0.0024234909750225843 0.003367144404746132 0.0007151899323805665 0.0018391513436524056 0.00024115571675197928 7.841880305891346e-05 0.0004888335522646032 0.11088804260638843 0.10822346324318685 0.016076338303985555 0.0011702337544420996 0.0032108834965059417 0.004651262214921825 0.011795737656794454 0.001974204204553182 0.0004083147219718647 0.0005544286089305113 0.0011009468894755548 0.0005146059356736573 0.00120248625235649 0.00189764734393142 0.00016481948255232364 0.0013979555357334782 0.009215131626821213 0.0002795069647349864 0.00020843768572624227 0.000594202100893206 0.0001460499740573315 2.0103458830671384e-05 0.00010036507119370948 0.00010098195332629775 0.0004070106904723408 0.0003868315128621141 0.004255648831262088 0.0200976469229056 0.0027084365022300556 0.00393376361631594 0.005830380817661952 0.03743350367447842 0.004795804040883123 0.02572463423681549 0.0002675794777417714 0.00015054638665914127 8.401586572649472e-05 0.00015003424233886204 0.0007734862265422099 0.001533866782716962 0.002308138831096969 0.00033457454344449397 7.884019208397688e-06 0.008841802828919403 0.00490319741178408 0.012018822272157673 0.014792361386906672 0.020312442315553705 0.02367550464304037 0.24268924420933308 0.006091545844660936 0.13136023594225316 0.0015432194879967014 0.0 0.0002520297334208526 0.00013038821341488567 0.00023242827311726884 5.769623969565476e-06 3.9142799912117676e-05 0.0 6.0497539081368975e-05 5.048614339081435e-06 0.001302378347786394 0.0003637237984921907 0.000278659517058362 0.0022592887118425987 0.00012121667402477252 0.0 0.0003372958906472527 0.00434333017770821 1.9275094049293894e-05 0.0 2.1548314785281928e-05 2.214687853220225e-05 8.796442389989396e-05 4.791797615253706e-05 0.00018335691339584976 1.6098168276634283e-05 7.637099625622068e-05 9.778129343583285e-05 6.429726708616668e-05 0.0005364438916527258 0.000615946413650829 0.0005145510944221144 0.0005192625595394978 1.4471292887545842e-05 3.242725326435909e-05 0.0 0.0 0.0 0.0 0.0 0.0 0.0 1.1771914516648654e-05 6.509696599145993e-06 0.0 0.00021451327717320412 0.0 0.0 2.11832900620741e-05 0.0 0.0 3.4224748588557044e-05 5.054216597628692e-05 9.088824825636969e-05 0.0 2.2608921858769965e-05 0.0 0.0006191493402102275 0.0001417902838632973 0.0016218297651407598 0.00033327628182858437 0.00016026339791365524 0.0 6.978393695809301e-06 0.0 0.0 6.549798285073092e-06 6.23882742325632e-05 0.0 0.0 7.420683626861865e-06 9.108008992289345e-06 0.0 8.201892044786225e-06 0.00017769316281137713 3.163021497177732e-05 6.5615807853365584e-06 0.0 0.0 3.087457907595467e-05 5.620254117884517e-06 0.0 0.0 2.531642482268064e-05 0.0004752022569401666 3.3294284721816494e-05 0.0 0.0 0.0 0.0 0.0 0.0 5.890585102906026e-06 0.0 0.0005773164892425175 2.6929005822518336e-05 6.675558867292492e-06 0.0 2.5833601874202063e-05 0.0001147834035133284 5.559009986702487e-05 5.512140525738036e-05 2.1939439278576914e-05 2.0188357196614867e-05 2.0512292390028526e-05 0.0 8.141686791097028e-06 0.0 0.0 5.919954307906716e-06 0.0 8.844778943343543e-06 0.0 9.546112275895203e-06 0.0 0.0004587849036760253 0.00038313475788108545 0.0006322665538267404
0.0006720581677006175 0.030356674081989162 0.06600850709761745 0.00040664933012263184 0.20132336207858106 0.0002843459029957344 0.06808470813823238 0.0066836901961476935 0.0 0.005916912213868644 0.07664234940994792 0.0017602332447097342 0.09477627546416008 0.09785289318252159 0.0005349678942435182 0.00018642737834957614 4.749962477223509e-05 9.09676667250908e-06 7.14688573763416e-06 6.01046338826137e-06 0.0 0.0 3.3873870028279515e-05 8.781606676226802e-06 1.5329388983861203e-05 0.0 0.0 2.6131321899856276e-05 2.9619351341136545e-05 4.6902643764078625e-05 0.0009895341997423225 0.000714792163070444 0.0001836921436338422 3.079924081027562e-05 1.4840411741101045e-05 1.7655258913022457e-05 0.00044514193179832613 8.561343557826373e-05 3.487124663841092e-05 3.6176550994156294e-05 9.26598343161205e-06 6.719317963065815e-06 1.1801900004907807e-05 8.417801587038143e-06 0.0 1.703282127784034e-05 0.0015596261182305876 4.349056389769827e-05 1.6351258252531668e-05 0.0 0.0 0.0 0.0 0.0 6.1006607954200984e-05 3.840841857635743e-05 0.0002135064732696122 0.0010743703936976462 0.00025344837072587744 0.0006190760940247625 5.651341355471749e-06 5.860859259409519e-05 1.7676041436916755e-05 0.0014258190458334786 3.0315143098399653e-05 2.0743881093598622e-05 0.0 0.0 0.0 5.411355481627768e-06 0.0007188835268581047 2.5911140654114715e-05 0.0 0.0009190906720726082 0.0007367930744900862 0.0019121103754399184 0.0006081155062211012 9.461901471168974e-05 8.648962622855513e-05 0.0004341293250120553 2.142233634021571e-05 0.00017043526700002208 0.00023569282377458153 0.0 3.3417524959184706e-05 1.4156052809258226e-05 1.1053177026539634e-05 0.0 0.0 6.240546948054141e-06 0.0 0.0 1.2892162787962212e-05 0.0 9.246898049346383e-06 0.0033492209148867622 0.0 0.0 6.0926772661129074e-05 0.0003407722529859418 5.746687687391002e-06 0.0 0.0 0.0 0.0 3.1358951354706073e-05 0.0 1.8639513514565098e-05 0.0 4.511559043701132e-05 4.491835641632695e-05 4.2385865960129086e-05 0.00022744437274825778 0.0001379261042689125 4.643712458003703e-05 0.0 0.0 0.0 0.0 0.0 0.0 0.0 0.0 0.0 0.0 0.0 0.0 4.059359437021713e-05 0.0 0.0 0.0 0.0 0.0 0.0 0.0 0.0 0.0 2.8323534962110417e-05 0.0 0.0001767140354477911 4.18856225222082e-05 0.0002777849887314361 0.0 0.0 0.0 0.0 0.0 0.0 0.0 0.0 0.0 0.0 0.0 0.0 0.0 0.0 5.55151063021514e-05 0.0 0.0 0.0 0.0 0.0 0.0 1.60043599171405e-05 0.0 2.612377280299295e-05 3.6420736945348495e-05 0.0 0.0 0.0 0.0 0.0 0.0 0.0 0.0 0.0 0.0002789090585558366 0.0 0.0 0.0 0.0 2.937306286425143e-05 0.0 0.0 0.0 0.0 2.670984176746568e-05 0.0 0.0 0.0 0.0 0.0 0.0 0.0 0.0 0.0 0.0 0.00015796589591572608 4.8359563252076947e-05 0.00010880766636856135
0.056081454776854715 0.15295443089519792 0.00549152755982182 0.11429448238318377 0.01481570516114256 0.04430656314749258 0.14745692524352197 0.0021482927758287905 0.005916912213868644 0.0 0.0020328760116937136 0.1604283434074813 0.39189482754354044 0.024221918671736578 0.0024759323678270537 0.0010193614176069136 0.00019720686442869644 4.552677920317138e-06 1.8159966052284294e-05 2.6286878956906077e-05 1.8571868592839742e-05 0.00012314193596055342 0.0 1.987957292172642e-05 0.0008642878305454389 3.890266879637581e-05 0.0001248928290290867 2.4339435300454454e-05 5.931339183604553e-05 2.7481230440362962e-05 0.00179774925478621 0.0013144584427297666 0.0025515930232660354 2.4235792273820806e-05 1.7137442200265858e-05 0.00024762523755203795 0.00937401094704308 0.0008421159445418065 0.0005551808157248135 0.00015152559460213642 6.426965670086085e-05 2.2316437505092e-05 2.5853543785742206e-05 7.571413380422268e-05 4.9267670809427016e-05 0.00011120759922016139 0.009745805402074656 0.00014459628968338726 5.577480229738343e-05 3.13225876580343e-05 1.2650085331308035e-05 3.9708443985999455e-05 0.00014771164930567075 0.0 0.00042675894034560136 0.00036073536287952097 0.005078309479833461 0.0032111386914945514 0.0018104906495205223 0.002697273076157547 0.00013548867562968324 0.0003645396535690078 6.735076858206694e-05 0.0017781653879023142 0.00024403366406747223 0.00010903686405225781 0.0 6.237954977061532e-06 1.8425114090128106e-05 5.3809193455621866e-06 0.035384910943006026 0.0008227736880524341 4.569930867131498e-05 0.003331097410022287 0.0017065068794256068 0.0075050530650873975 0.00146495693686789 0.0004220698081596316 0.0001464351530834849 0.0015228856919303193 4.066487382121576e-05 0.00027197987997764245 0.0010887762456595266 8.09119384322278e-06 0.0001934135787973964 0.00012617550897481503 3.0347700164097262e-05 6.3732348724370534e-06 1.2744364234758635e-05 4.8535124893540634e-05 1.3462861976255404e-05 7.541119999235769e-06 1.3016971836789007e-05 2.3507842368675495e-05 1.4619232703417217e-05 0.05806116031722969 0.004646711093377873 0.0003780123352902903 0.0012087008059788618 0.03934859931458203 7.916931022456824e-05 0.0009327583952588017 0.0010244773058045154 0.0008976270750957051 0.0009373417341416839 0.0012162448795616234 0.002190496834248443 0.0007656352871708612 0.0010994500990969738 0.0033899186874900584 0.0006323986717264145 0.004905068492523107 0.005688918995366283 0.003843430506966043 0.00212928330732495 7.671059469403221e-05 0.0 0.0 3.3466928592824875e-05 0.0 0.0 0.0 0.0 0.0 0.0 0.0 0.0 0.0005633536290483948 0.0 7.510247242149784e-05 0.0 5.1647493627016075e-05 6.408213797041398e-05 5.3347229713655727e-05 0.0003054526699763735 0.0003499563766911793 7.737293754065629e-05 0.0003483159032781039 0.0 0.0019984927320710268 0.0005146881042877666 0.0040279262018972995 0.0010024916308568454 0.0004696245736204731 0.0 0.0 0.0 2.048508042513433e-05 0.000164949315379125 0.0003871884139871159 0.0 3.4158912724306285e-05 6.038380572206289e-05 0.0 0.0 0.0 0.0007246145408556188 0.0 1.949122792064151e-05 4.32165635651403e-05 0.0 8.092209044296645e-05 8.467850950239353e-05 0.000362826412970288 0.00016301069616277692 0.00011602483873928945 0.0022498061956218235 2.7957906390738123e-05 0.0 0.0 0.0 0.0 0.0 0.0 0.0 0.0 0.0026946696156354886 1.4918995566313154e-05 0.0 0.0 0.0 0.0003787040423678775 0.0 0.0001810551501399099 0.0 3.5136222574553816e-05 1.1835934359772185e-05 0.0 7.508593076206008e-05 0.0 0.0 6.969500116583078e-06 0.0 5.422996221819674e-06 0.0 0.0 0.0 0.004542414842800729 0.0008405132653586164 0.0014447708547960726
0.0070289898007467105 0.07960425953410312 0.11145080247810245 0.001709368423857311 0.06490826487805887 0.0002963370462299245 0.029773348738459545 0.2994361569392557 0.07664234940994792 0.0020328760116937136 0.0 0.003957679189002432 0.10533857720393754 0.19019724738324806 0.002098995445827971 0.0029876070250514897 0.00018407683520431096 5.9199772382200455e-05 4.126234178765312e-05 5.0199373708933365e-05 8.116087757374916e-05 9.839502899223626e-06 0.00040836296018849545 0.00036298161139922705 0.0022409356063973805 0.00027557588980634234 0.0007916564545314637 6.674657472198882e-05 5.7126222447916324e-05 0.00014480978532519263 0.020401839607480196 0.006479694405581566 0.018532330231592786 0.0001068247404149004 0.00061967154850078 0.001670574941652473 0.022250250852311033 0.003811264199175161 0.0004899295759780043 0.00042399589976488395 0.0002858950401460025 9.217545358150518e-05 7.716720239231218e-05 0.0002696631781945829 4.800792366404684e-05 0.00010635996087024973 0.005600921911935517 6.900038576845975e-05 0.00010166906538795138 6.594344472556009e-05 1.4108744240254575e-05 7.076676202122984e-06 0.00024884683382903717 5.2486195950734654e-05 0.0001965620883906592 0.00029336105914115265 0.001490003855400983 0.005715706082445442 0.0008524556754594342 0.0018991352636113475 0.0004926069049376307 0.004054353700876347 0.0005377104810842265 0.004803241426333434 0.00017828906743779722 9.217231894301056e-05 2.8953925586008878e-05 1.852172929903875e-05 5.036850342237836e-05 0.00015805967990243562 0.005741738404582764 0.00012871604145500226 2.8476685579770044e-05 0.00388982193207824 0.0017879845300760315 0.005960482880165234 0.002452860230261054 0.0011553512832338728 0.0008264234010728741 0.08326107035797015 8.131015689794581e-05 0.0021477145752943952 0.0007667971074536164 4.745660631066019e-06 0.00011004370824555433 6.531690798599299e-05 6.0764156947323156e-05 0.0 3.950206221276757e-05 7.182657523831717e-06 1.664084174748215e-05 5.109721883191009e-06 0.00019644812125158595 7.350679220661255e-05 6.926181521579488e-05 0.0025056534964333207 0.00011233841533175686 0.0 0.00043314296788481973 0.0015267018064045817 1.4332440638367033e-05 8.590228590007218e-06 0.0 0.0 0.00015002397642266237 9.170406055646345e-05 2.1699274339379386e-05 8.749375907395667e-05 0.00010160798370883732 0.00011990764411486586 4.648434361636391e-05 0.0004743714175750838 0.000478058488104908 0.0005800035772639124 0.0004101274214367902 1.9823596097399756e-05 0.0 0.0 0.0 0.0 0.0 0.0 0.0 0.0 0.0 0.0 0.0 0.00025924560508074876 0.0 0.0 0.0 0.0 2.2971884345989434e-05 0.0 6.492744681087096e-05 0.00012605577095731996 0.0 5.54346935233143e-05 0.0 0.00039055873730526014 8.181584093819202e-05 0.0009189969030080114 0.0002828326749151016 0.00012723938747283162 1.3669726728538107e-05 0.0 0.0 8.609159777107332e-06 0.0 8.46872583371256e-05 0.0 5.47218945366942e-06 8.623236303511255e-06 0.0 0.0 7.186437295002861e-06 8.344850063560385e-05 2.428366440128437e-05 0.0 0.0 0.0 0.0 1.9490825023596022e-05 0.0 1.4850595088276572e-05 1.609910638012537e-05 0.0005057997587439049 0.0 0.0 0.0 0.0 0.0 0.0 0.0 0.0 6.786228219437866e-06 0.0007660214296680975 0.0 0.0 0.0 5.381213311184261e-06 5.9678359855224734e-05 0.0 7.1599663622301e-05 1.88641077264641e-05 1.2118327385970196e-05 7.91172061859158e-06 0.0 0.0 0.0 0.0 0.0 0.0 0.0 0.0 0.0 0.0 0.00031863672023350187 0.0002884623816940384 0.0003773589283022121
0.007050940749450891 0.016642821655687205 0.007830200567255053 0.0617409659099949 0.0024195202570142793 0.010597095701809257 0.05593196734489377 0.0034349616186780414 0.0017602332447097342 0.1604283434074813 0.003957679189002432 0.0 0.1348258321088696 0.011482302672668277 0.0005316739437908736 0.0007471897501797574 3.2819647132049226e-05 0.0 7.506731990298129e-06 0.0 2.2021896884270778e-05 0.00010798325942890108 7.46006621617334e-05 2.913718206363754e-05 0.000638430050445374 5.919648404594405e-05 0.00014478276983478355 1.173263155731028e-05 0.0 0.0 0.0008594755914263091 0.0005503193958089276 0.0038792826313318713 0.0 0.00010210057558472032 0.0003646602232455894 0.009608859595560371 0.0006223374610493102 0.00019987554900838047 0.0001403165924179204 6.812347089829402e-05 1.6472362140751293e-05 1.4889267235797853e-05 4.053727931133377e-05 0.0 3.5690669094993724e-05 0.0011705105874890705 2.2636294982482354e-05 7.973926927606678e-06 2.5970878845673404e-05 0.0 0.0 0.00011687884567929505 0.0 4.287095997173604e-05 2.153766537078341e-05 0.0003657500741783306 0.000435466023006104 8.538590270495146e-05 0.0002294162523592199 8.838796966766008e-05 0.0006149073700251383 6.143792217388856e-05 0.00047804196335719806 3.321869476983496e-05 1.0988134521285843e-05 6.327134994569851e-06 5.1233671605351345e-06 0.0 6.872551647153331e-05 0.01275782184713561 0.00021074627584878613 0.0 0.0004901468379610792 0.000267659046426428 0.0008309450255790597 0.0004933437349921007 0.0004731499018774936 2.7322235825928796e-05 0.003151261068211302 2.0697946851183446e-05 0.00011410416236877074 0.0001510258893550837 0.0 4.5847248487186356e-05 1.3835658135807226e-05 0.0 0.0 0.0 1.1076655478812352e-05 0.0 0.0 3.049689045302091e-05 7.363699559921495e-06 1.278225894020326e-05 0.021781657862752067 0.00011316036161501714 0.0 0.00036520565084105554 0.0026066408132643607 1.3717838107210161e-05 0.00024309035275901837 0.0002295018202306241 7.483631664363656e-05 0.0006750826247961725 0.0002766703879824119 0.00034443616986814846 0.00028801611899915584 0.0003768800324388566 0.0004931735557567225 0.0004738038495434589 0.002409946177217179 0.0020096233578473987 0.002046851901379326 0.0009539478302469252 1.610197043097462e-05 0.0 0.0 0.0 0.0 0.0 0.0 0.0 0.0 0.0 0.0 0.0 9.997124380838343e-05 0.0 0.0001259003765512996 0.0 0.0 0.0 0.0 0.00033412465716322086 0.0002016152564611621 1.5254751560079792e-05 8.15908975488536e-05 0.0 0.001311059200854428 0.0002976921193136698 0.002356617050015959 0.0004637101126396902 9.547725754211423e-05 0.0 0.0 0.0 0.0 0.0 0.0 0.0 0.0 2.171550711108228e-05 0.0 0.0 0.0 0.00016924292154592868 0.0 0.0 1.0120328108770579e-05 0.0 7.073839508480524e-06 6.118386076844818e-06 0.0 6.90744302869594e-05 1.250390682215031e-05 0.0010850721097041057 2.1655710225879927e-05 4.24532636721858e-05 0.0 0.0 0.0 0.0 0.0 0.0 1.1160744568838549e-05 0.0018313582389084268 7.162135241584574e-05 1.3357597910768384e-05 0.0 0.0 0.0003788761997780087 7.241958994889251e-06 8.320393964197668e-05 5.5085556373600025e-06 6.112544567089071e-06 0.0 0.0 0.0 0.0 0.0 0.0 0.0 0.0 0.0 0.0 0.0 0.0014097121142974032 0.0005800020810734028 0.0007932599126489422
