0.0 0.19054954242312197 0.13119921519259556 0.11115995809744957 0.011853585446225917 0.004466645895994433 0.033311782565218474 0.0052388505797694536 0.001695305773610001 0.07378883744213155 0.012533919400547893 0.008463448954944842 0.03392939698143551 0.012649350864579733 0.00014567900562752507 0.0001346578027113409 1.268822678650577e-05 0.0 8.155121661620501e-06 0.0 2.6023805874899318e-05 7.154355594670338e-06 2.629304638378726e-05 0.0 6.860355517761782e-05 2.5257906036566335e-05 1.7450057356636778e-05 4.395105059096677e-05 7.759909131467409e-06 7.12952840309128e-06 0.06099443492678497 0.0025135510093664657 0.0022783097931294116 8.80467635788902e-06 2.7098688067238857e-05 0.00022996208351888937 0.000945348767111267 0.00038388355628798124 0.0005409307693469726 0.00033778551458356213 0.00013734205991084103 0.00013772707821159964 7.156762623052588e-05 4.1384770932728885e-05 0.0 0.00014124705943893522 0.0037595832413137454 0.00016463649746070413 1.4310527415291166e-05 2.9285261885623286e-05 6.623386963523747e-05 0.0 4.989287434450123e-05 5.8545289251323274e-05 6.805269693265459e-05 7.326147999011906e-05 0.014941191256263127 0.021196896335303472 0.009145136279732123 0.005016664051375098 0.00010413298645192658 0.0004794898128730175 1.6346107614121633e-05 0.00016722066033208127 7.986222963682873e-05 0.00019506286060782402 0.0002248970031681159 7.754212045042363e-05 0.0002257577417409355 0.00033981326914087 0.0009309679442575557 5.866453638742465e-05 0.0 0.006706995256607232 0.0017963691830328945 0.00042051365046483257 0.0001041508617300981 0.00020084305215421633 0.00021218522495651185 0.007179813444701645 0.00030178164717947244 0.0006390048502737949 0.0006672066231720645 0.0 9.080669568410997e-05 0.00014626602440216476 9.05930193460239e-05 7.244390147018993e-06 0.00019930639363230132 1.6968856226021827e-05 5.4228143090245344e-05 3.4261478973453526e-05 0.00025576054292230765 0.00010882801517360285 0.00013067593670987063 0.004880893637903949 0.0003952103718418696 0.0 0.00031269576241596113 0.05420674943547334 0.0 7.858850596943366e-05 0.00014403108034290228 0.0003038339097663234 0.0 0.00013487154032501122 0.0 2.5301880746145293e-05 0.00024707521421011143 0.00032772824008740417 0.00011977637376339449 0.0004795742779596723 0.00045104192637018364 0.0008421665026480499 0.0004894863116878913 0.0 0.0 0.0 0.0 0.0 0.0 0.0 0.0 6.598858920228666e-06 0.0 8.847804670908525e-06 0.0 8.616025409243019e-05 0.0 0.0 0.0 0.0 0.0 1.2157510575499772e-05 0.0 0.0 0.0 0.0 0.0 0.00017935230467605893 0.0001329489765492763 0.0003543623507814536 8.244776922510957e-05 4.103321791760266e-05 0.0 1.6025478490791778e-05 0.0 0.0 0.0 0.0 0.0 0.0 0.0 0.0 0.0 9.133726245322342e-06 9.086507897261897e-06 2.133748445782844e-05 0.0 0.0 0.0 0.0 2.3577465899114313e-05 0.0 0.0 0.0 0.00013424865461450172 0.0 0.0 7.358283384050297e-06 0.0 0.0 0.0 0.0 0.0 0.0 0.0004809110440641372 0.0 0.0 0.0 8.802492478433013e-06 4.0367595793313876e-05 0.0 8.430284389601678e-05 0.0 6.620978965312106e-06 0.0 0.0 0.0 0.0 0.0 0.0 0.0 7.737126957408818e-06 6.678049457490881e-06 0.0 0.0 0.0003807428122965706 5.141657550492046e-05 0.000167548766840016
0.19054954242312197 0.0 0.16186552724535605 0.09495568302083522 0.15246978684334775 0.0034372412141300654 0.18142463834723474 0.006296487389310368 0.04177799960324374 0.12474476585067122 0.05428392425728765 0.008777901419150762 0.1479975925212265 0.10180893514224688 0.001446326885255703 0.0006971965613298907 0.00014087992964129426 1.573726900067819e-05 2.9641045120220602e-05 0.0 7.030264248927025e-05 1.771933930368962e-05 4.3290831738880705e-05 0.0 0.00011844555888473827 3.4596375609620195e-05 7.272614298289634e-05 8.869825969726696e-06 3.077620661752864e-05 3.2421266937964016e-05 0.09042492331151182 0.007905427649727306 0.00443522870709079 3.141572137544219e-05 3.5131350253315933e-05 6.767988437561365e-05 0.002627373000526543 0.0002476732427524971 0.0007481158330096525 0.0003205409971372522 0.00015703781893884467 0.00011753916294834625 0.00017587684919772906 0.00022936376006020247 6.306617011756601e-05 0.0003417295241764163 0.021928699195360977 0.00026170843516284075 5.0767650316093046e-05 4.067999503259769e-05 7.30711112972889e-05 2.1433481697605827e-05 5.575191963285816e-05 8.358821408844104e-05 0.00012645825404698001 0.0001775921308968857 0.017037448905444487 0.024804483539641348 0.01477775858686561 0.01658171835960241 0.0001789554072877547 0.0006316149649990377 7.29828775417868e-05 0.0035271837896226023 0.00011842860670781443 0.0003305910442002892 0.0004034511995309339 0.00011726665411441046 0.0003336873885205149 0.00038933907981246154 0.0006770573610377807 1.3873850270355733e-05 1.7466004878477798e-05 0.019386784753557547 0.0101559677911094 0.006493223517726464 0.00259538846671912 0.001393841873397241 0.00023658881048666954 0.00394606573916686 0.00045733229225941666 0.0007058999407712117 0.0009831034979323758 1.6791578466644542e-05 0.0001539977401524031 0.00031870203574084553 0.00012159376174582901 6.931855572451979e-06 0.00034132542580488356 0.0 9.269087846169459e-05 0.0 0.00024023341963990054 0.0001844862133778829 0.00011855039038860489 0.0008177564404208866 0.00010783281107821028 9.723037784808761e-06 0.0004601902366453895 0.041034225721545164 0.0 0.00013814121034984577 8.45655636247446e-05 0.00037171109623325015 0.00014584409351312005 0.0007893548606264851 5.2545764616505866e-05 0.00017233592847217788 0.00019102979246365386 0.0002357900074229194 9.937946247052986e-05 0.0004397247667903777 0.0011104396926805836 0.001163119734584594 0.0008090149321370563 0.0 0.0 0.0 0.0 0.0 0.0 1.2738624411642663e-05 0.0 1.4557076561418045e-05 0.0 0.0 1.1411275350564735e-05 3.594643807503625e-05 0.0 7.457701476588795e-06 0.0 0.0 0.0 0.0 0.0 1.5709195966459943e-05 7.626650164823223e-06 0.0 0.0 0.00039829475684320914 0.00022476211047977936 0.0003349819458865556 8.825786810576386e-05 3.911047384176726e-05 0.0 0.0 0.0 0.0 0.0 0.0 0.0 0.0 0.0 0.0 0.0 0.0 4.6487900776333586e-05 3.8359353762522175e-05 0.0 0.0 1.2933664155485282e-05 0.0 8.26709816310988e-06 5.051519931729015e-05 0.0 4.5829689911918506e-05 0.00017100577660415987 0.0 0.0 5.957115758873434e-06 0.0 0.0 0.0 7.673201975593096e-06 0.0 0.0 0.0004419600454407801 1.2778030343126746e-05 0.0 0.0 0.0 0.00017950739626562155 0.0 8.416397226218768e-06 0.0 8.424621379454778e-06 0.0 0.0 0.0 9.83767514548191e-06 0.0 0.0 0.0 2.6473688569488366e-05 0.0 0.0 7.522492251551788e-06 0.0007709471276044055 5.5897706591076865e-05 0.00021269554389209813
0.13119921519259556 0.16186552724535605 0.0 0.05686314953635492 0.09901781534237887 0.0014087113840236343 0.010130791798185698 0.10106477918435727 0.03078476134548838 0.001622156105250375 0.16318422827074763 0.0004326484194227756 0.010596784763890034 0.1059254431730351 0.0008307883108230029 0.000826294416341229 9.568495824011908e-05 2.5844740984453268e-05 0.0 6.133217247448847e-05 0.0002555879353322797 3.175969825969823e-05 0.00016617889957677183 6.955759398284465e-05 0.00040391509008858186 0.00010528727474815211 7.923923415926532e-05 9.856490629164846e-05 5.3874071163691665e-05 5.845961320042425e-05 0.28245763915662236 0.007713126637519412 0.011499189877024496 0.00011567611407568697 6.831277652128107e-05 0.00034084280167005304 0.0032875050938794502 0.00047456748479613185 0.0012920255223791732 0.0012635300908721066 0.0006424505597622067 0.0006029814910622714 0.0004753861490841474 0.00033711975051151706 2.3054015473573364e-05 0.00020222426201302023 0.0051704733691059265 0.00010328182670766969 3.742405162029869e-05 8.122935448705392e-05 0.0004012306935863147 4.400647193234924e-05 0.0001660594205632797 0.0002614693021257345 1.9895768706643775e-05 6.947305924480622e-05 0.009512778632206223 0.02548053929835475 0.006230073631752199 0.004372839730484642 0.0006338337816771898 0.0007486806726677821 9.569858478389475e-05 0.003926553366500903 7.469388714247589e-05 0.00022101647199472606 0.00040874108236706636 0.0003497538758062752 0.0012625659552612562 0.0018130951371121314 0.0008182350181629985 7.190582160911672e-05 1.5892169269351875e-05 0.005117933905294642 0.0036419217674500855 0.0015994148319830245 0.0006881385827274925 0.00095230476967223 0.0015731296791288171 0.06436729517221038 0.0023136410067052964 0.005336780525533842 0.0004088842291851837 0.0 9.405023233350833e-05 0.00017973133031284403 0.00020307355439486786 0.0 0.00013760940263994335 0.0 0.00011689304585643737 3.124294450610241e-05 0.0010808494578038222 0.0005462796054667971 0.0002737002997600141 0.0003932764606214279 0.0002359807243726672 0.0 0.0006003856227909758 0.030715875876335893 0.0 7.912755125158254e-05 6.19633572795961e-05 5.368977801116484e-05 0.0 0.0002434393758412277 0.0 0.00011869819194696775 0.0001208704431485727 0.00012040009529050654 0.00015742062867358096 0.0003479537803227145 0.0005919552719239777 0.0005328301146264475 0.00043147382554409097 7.761966051439493e-06 0.0 0.0 0.0 0.0 0.0 9.53092428073782e-06 0.0 2.5449979865798547e-05 0.0 5.772442124643236e-05 0.0 9.893183066179109e-05 8.577592569303379e-06 1.2531638573860137e-05 2.1766215173398933e-05 2.125847333900357e-05 1.2007580682455171e-05 3.6003373231931825e-05 0.0 0.0 1.262683790854762e-05 2.35148779593636e-05 0.0 0.0004604705305643461 5.187951562976524e-05 0.00026753390760266916 7.750347142669611e-05 6.883495867447742e-05 6.466775651305345e-06 1.1438628066044373e-05 1.005239184600564e-05 0.0 0.0 8.169549504888915e-05 9.602654625825241e-06 0.0 0.0 0.0 0.0 2.646014181622172e-05 5.3842013894002414e-05 0.0001288495548823289 0.0 0.0 8.297068536282234e-06 2.4895768215300002e-05 0.0 0.0 0.0 0.0 0.00012984154046663784 0.0 0.0 0.0 0.0 1.877971637499154e-05 0.0 0.0 7.795330827480488e-06 0.0 0.00043315153913845957 3.0140523567372772e-05 0.0 0.0 5.237554368844301e-06 5.50299940632726e-05 0.0 7.493361221634223e-05 0.0 0.0 0.0 0.0 5.158408796399307e-06 0.0 0.0 0.0 0.0 0.0 3.366302238364116e-05 9.998693274286885e-06 0.0 0.0003188252318458946 0.00013933570733179224 0.0003991597657511701
0.11115995809744957 0.09495568302083522 0.05686314953635492 0.0 0.01224908555592086 0.004760423474644097 0.042649441235264436 0.0004375917936791098 0.002397686069949175 0.20151172983576865 0.0030192849275055464 0.02971983880770432 0.13387779230016733 0.005961339754684828 8.935420027924394e-05 3.660056154939964e-05 3.123430949786983e-05 0.0 0.0 0.0 0.0 0.0 0.0 0.0 0.0 0.0 0.0 8.210122449712494e-06 0.0 0.0 0.010938405173884155 0.00014084170866499344 0.0009608287853393201 0.0 0.0 0.0 0.0013122735939553952 5.3476466681595035e-05 4.74891861428395e-05 5.369769622731113e-05 8.614108409202167e-06 0.0 0.0 1.713430030350227e-05 1.7740492605202807e-05 1.4861579626132626e-05 0.0030839794834904947 9.82671206179614e-05 0.0 1.1631747547692741e-05 0.0 0.0 0.0 1.783877423402762e-05 1.0891550833211544e-05 5.464709219474412e-05 0.004276881207178214 0.0037549354754641156 0.0036075782007944793 0.002983569637685907 7.3025693305243495e-06 6.304887144705071e-05 0.0 0.00030282505620391506 5.308740595560192e-05 3.60600835647413e-05 5.540848232640877e-05 7.827376635549667e-06 2.4734927300774667e-05 1.2101021540124076e-05 0.0008883246808280179 0.0 0.0 0.0029501697987857757 0.001102409597456572 0.0005546348805181403 0.0003232812112884575 7.948717456973683e-05 2.363245610724931e-05 9.859527341320808e-05 6.981070711062271e-05 0.00020625023012438496 0.00013781724942172615 0.0 2.9038476453790228e-05 8.222946371500742e-05 6.5839394175421535e-06 6.313610495578539e-06 7.611431249353805e-05 0.0 3.2147075890866354e-05 0.0 7.086901315534319e-06 6.168916358750919e-06 0.0 0.002719926487666725 3.487246575899812e-05 0.0 6.939441048950839e-05 0.03631327155188671 0.0 0.00018632252405423113 0.0003022644137028908 0.00033190388549534023 0.0 0.0004023583644740716 0.0 0.000163776845537634 0.00047832387516247944 0.00033781790776688593 6.68399980163645e-05 0.0004954995311953733 0.001088020415555173 0.001249201321406802 0.00028003885206337247 0.0 0.0 0.0 0.0 0.0 0.0 0.0 0.0 0.0 0.0 0.0 0.0 0.0 0.0 0.0 0.0 0.0 1.5741701120995236e-05 0.0 0.0 0.0 6.56705733283341e-06 5.466296653854927e-05 0.0 0.00022285247320733231 0.00015576587490838216 0.0002295687260078624 9.692617763464191e-06 0.0 0.0 0.0 0.0 0.0 0.0 0.0 0.0 0.0 2.2461603125024872e-05 0.0 0.0 0.0 0.0 0.0 0.0 0.0 0.0 0.0 0.0 8.39293678875061e-05 0.0 0.0 7.985145659562042e-05 0.0 0.0 0.0 0.0 0.0 0.0 0.0 0.0 0.0 0.00034393885019231446 0.0 0.0 0.0 0.0 6.413901963566826e-05 0.0 5.5691225505409226e-05 0.0 4.889319580896365e-05 0.0 0.0 0.0 0.0 0.0 0.0 0.0 7.4407180006255345e-06 0.0 0.0 0.0 0.0006340207087981766 4.8362216862358985e-05 0.0002011129124722515
0.011853585446225917 0.15246978684334775 0.09901781534237887 0.01224908555592086 0.0 0.0007010328400698304 0.04196471671913731 0.03815999471861556 0.2712162060122166 0.027319837665950763 0.12066716623902864 0.0022805035450077847 0.02567383254124929 0.19436071077336553 0.0018239558813147362 0.0010166162267369507 0.000130758894152654 0.0 4.995284683071692e-05 0.0 0.0 0.0 0.0 0.0 0.0 0.0 0.0 9.77499948025447e-06 9.356347937046126e-06 1.9173192910534678e-05 0.010118523244789913 0.008394480863381546 0.0019359057411499079 1.8578110004508504e-05 1.9015503059867136e-05 2.005981182148571e-05 0.000538970578395023 8.056348241128116e-05 0.00029976512809565974 0.00014789439263628577 2.2941634288729002e-05 2.34679743650237e-05 3.4550003658119204e-05 0.00032309806606126444 2.1722024456364695e-05 0.0001648737715112003 0.013370259171300403 4.6671713422480306e-05 7.288020126332596e-06 2.6857993163981523e-05 3.922932555197602e-05 0.0 7.836914466778994e-06 9.634947299557596e-06 3.664287211990989e-05 4.310262312060332e-05 0.0038707912918726577 0.007263221398805332 0.00372932614998438 0.0067809292154154335 6.883647160832748e-05 0.000859004209286353 1.1844772336760648e-05 0.0029729449023472745 2.6794159434294873e-05 7.139452975831862e-05 0.00010505286478018027 1.940634474528744e-05 8.201835345732377e-05 4.407495775729209e-05 0.0007179969026936713 2.8470803571344055e-05 0.0 0.007920563697683574 0.004233710189925629 0.005377723905509964 0.0022412857251590387 0.001841789565266956 0.00017514954019336014 0.0012243483336884348 0.00021843419147403066 0.000676345215756772 0.00039056358287493513 3.1140422959512585e-05 6.621208021381005e-05 0.00010834161002664191 8.402194824200625e-05 0.0 7.704664299034105e-05 0.0 2.3077151635359687e-05 0.0 2.5224268385801225e-05 2.1997967368007804e-05 1.0760135424073418e-05 0.0006535831577230773 0.00023659680805249332 0.0 0.0004114532799104907 0.0023452842632808225 1.3283180969721869e-05 0.0001452950413549819 1.705308679029666e-05 6.495527213432091e-05 5.429832655745405e-05 0.0006066393278067328 7.311355103144076e-06 0.00015722284387173016 0.00024463064196880734 0.0002424320651892142 0.0001095111078927081 0.0005837337456031213 0.0009345018998447531 0.0009276481098074698 0.0007693909468576804 8.77729983750615e-06 0.0 0.0 0.0 0.0 0.0 0.0 0.0 0.0 0.0 6.73376968265841e-06 0.0 0.0 0.0 0.0 0.0 0.0 0.0 0.0 0.0 0.0 0.0 2.919214680246345e-05 0.0 0.0003545059587093632 0.00027194820377800515 0.0005271102072341706 0.00028709625734047296 5.040503110678353e-05 0.0 0.0 0.0 0.0 0.0 0.0 0.0 0.0 0.0 0.0 0.0 0.0 2.664777294517989e-05 1.0147391043173333e-05 0.0 0.0 0.0 3.9999833843242597e-05 2.5026128273728066e-05 0.0 0.0 0.0 0.00020733112261395967 0.0 0.0 0.0 0.0 0.0 0.0 0.0 0.0 0.0 0.0005319504754012911 0.0 0.0 0.0 6.829684927769095e-06 4.859457211451647e-05 0.0 9.896221806160159e-05 0.0 5.590472198422641e-05 0.0 0.0 0.0 0.0 0.0 0.0 0.0 0.0 0.0 0.0 0.0 0.0007431653776762691 0.00018065677413930763 0.00023970040096575395
0.004466645895994433 0.0034372412141300654 0.0014087113840236343 0.004760423474644097 0.0007010328400698304 0.0 0.0020350466128061274 9.427532885350542e-05 0.00038398722399657863 0.028509634005185833 0.0003716059490939998 0.007668752467116732 0.014823733693878084 0.003039734251023692 8.14187908211741e-06 2.2009854831352695e-05 1.2297139557916924e-05 0.0 0.0 0.0 0.0 0.000194128511543393 0.0 0.0 0.0 1.5851004420017677e-05 0.0 0.0 0.0 0.0 0.0010005552736503612 1.368200831851429e-05 0.001762454288903096 0.0 0.0 2.871215443193497e-05 0.0017276349543656226 6.24035346269701e-05 0.0008162941907365038 7.437592240498218e-05 2.1022736027260613e-05 0.0 0.0 0.0 0.0 3.13457182083339e-05 9.817409590526759e-05 9.5185166361741e-06 0.0 0.0 7.9410124269608e-06 6.20508720388542e-05 0.00010752942023147462 9.958142062458294e-06 0.0 4.066226170218253e-05 0.008636589266085593 0.0005459199706870227 0.0002117613830627353 4.820820090175732e-05 2.813201924181395e-05 0.0014807934447930167 0.0 7.547579092908718e-06 0.0 0.0 1.4613370308420911e-05 1.6322856395303015e-05 1.3009098367183392e-05 0.0 0.016212622342197364 0.013010079780745672 0.0004533505867206275 0.00013809909947602378 8.835542588919769e-05 1.4983383585174023e-05 1.7470778202407876e-05 2.0796312604323963e-05 0.0 0.00038924498564244826 0.0 0.0003018353312037503 0.0 2.4109039527468296e-05 0.0 4.299858864016348e-05 0.0 0.0005136599339178351 0.00046470668891796755 0.0006034467896358622 0.00031582456384008414 0.00043137034959721406 0.0 2.460749612710754e-05 3.351369687063978e-05 0.025016738175728213 0.026271630289367305 0.0008257599583520997 0.006088705314985331 0.01756371117453131 0.0 4.365099639816781e-05 3.321164879677915e-05 0.00013594406274610978 0.0 0.00015894953208702006 0.0 1.810582425098644e-05 3.3835990133038354e-05 3.0279435757703632e-05 2.5706823310079764e-05 0.00014037393658562357 0.0002747560326710276 0.0001903971396895134 7.698709546573128e-05 0.0 0.0 0.0 9.9859973258951e-06 0.0 0.0 0.0 0.0 0.0 0.0 2.106351823481689e-05 2.719160213121582e-05 3.522719849203233e-05 0.0 1.547921767797359e-05 0.0 7.012297189628637e-06 2.7068056446754432e-05 8.020727994588804e-06 0.0 0.0 1.4577542165726679e-05 0.0 1.2509896321407663e-05 7.286336061678209e-05 2.9462273382749578e-05 0.00019942104421792064 0.00014082284327918005 3.044313237895404e-05 0.0 6.70528182595972e-06 0.0 0.0 0.0 1.0579439456924258e-05 0.0 0.0 0.0 0.0 0.0 0.0 6.469490556436095e-05 0.0 0.0 0.0 9.762001121425297e-06 0.0 3.9548362391778405e-05 4.8416171998034825e-05 0.0 0.0 1.5414050432874255e-05 0.0 0.0 0.0 0.0 0.0 0.0 0.0 0.0 4.3709661378031766e-05 0.00017385724605645288 4.507041929830482e-05 0.0 0.0 0.0 0.0 0.0 0.0 0.0 0.0 0.0 0.0 0.0 0.0 1.3809811554002341e-05 1.3791644886182016e-05 0.0 0.0 0.0 0.0 0.0 0.0001706236717590582 5.506190321356395e-05 5.322707769867858e-05
0.033311782565218474 0.18142463834723474 0.010130791798185698 0.042649441235264436 0.04196471671913731 0.0020350466128061274 0.0 0.0007677573917996433 0.03978487593909602 0.10312015667012799 0.005354495170422448 0.010818744600395043 0.5879273140136515 0.25786841823490975 0.0013864813735122007 0.0006177475724699311 9.265759391699413e-05 1.3798551393940837e-05 3.115513350804848e-05 0.0 9.926776898289004e-06 0.0 1.764170534260002e-05 0.0 1.8515507517316928e-05 1.6181374157085902e-05 4.751892992859959e-05 1.1305814339256981e-05 2.198001318099042e-05 0.0 0.006998234966309839 0.003842867672656211 0.002184937441563695 1.5213111922176408e-05 0.0 8.112186432816125e-06 0.0023383652914509986 0.00018281003564060445 0.00041298707655403917 5.696807907674807e-05 2.2611958420506913e-05 3.060710716490706e-05 4.41339502749913e-05 0.00026216242508490085 7.2481958457157415e-06 0.00016565125596160928 0.013850040384843058 0.0001451039536659077 7.165308495147502e-06 3.272154154653367e-05 0.0 6.390805388452919e-06 4.959884631887295e-05 0.0 0.00011245800767541629 0.0001175286319236542 0.007691394740640676 0.009307875428540427 0.007304681012353831 0.008551788718089374 0.00010513868674631946 0.0008869382947252555 6.2492394363261e-05 0.002099595655148413 6.58433312419176e-05 0.00014928747364766746 0.0001591319900578401 4.6920613082385834e-05 5.3607610097672134e-05 7.503725656086792e-05 0.0008894528644028576 6.513103872317432e-05 8.765414137487428e-06 0.01056449400645239 0.004989383135010273 0.004482758703654405 0.0017273204774872842 0.0013524972472296595 7.006109413614882e-05 0.0007868230870571489 0.00025418465832817736 0.0005781487322216756 0.0005078860255434021 0.0 0.00012309592167297865 0.00018400226410343894 4.9449212664624145e-05 7.217078428872708e-06 0.00021885653057308267 0.0 6.987547363985088e-05 8.82397948942303e-06 2.9986398280548838e-05 2.969628660233419e-05 3.4829957255125794e-05 0.0018766151838580513 0.00020417756188631498 0.0 0.0005211160744099359 0.009929088161308865 5.455976214390184e-05 0.0004972625258555798 0.0035600628892111714 0.0023153331575326446 9.593619518885705e-05 0.006656173633081373 0.00023091458999367838 0.00206078957284098 0.0027248713849960344 0.000994171986203015 0.0002463953206055019 0.008881289464218328 0.0037882529762897797 0.003989090716864754 0.001252721110872417 0.0 4.1656951347166296e-05 0.0 0.0 0.0 0.0 0.0 0.0 1.0003091009743706e-05 0.0 0.0 0.0 6.319088444644361e-05 0.0 0.0 0.0 0.0 0.0 1.1914019918607e-05 1.1167198387721925e-05 0.0 0.0 1.5554848500539148e-05 0.0 0.0008012008593565939 0.00040749304683525067 0.0008580665032897345 0.00034719672092011237 7.847803094017427e-05 0.0 0.0 0.0 0.0 6.1846201007495485e-06 2.3138073231883967e-05 0.0 4.054918488516587e-05 0.0001505409375790837 0.0 0.0 7.987391431766457e-06 7.488966131166652e-06 1.5118679634370934e-05 1.3563531315115707e-05 1.842929673775821e-05 0.0 0.00018446080781532148 0.00022433111521258077 4.813497525608153e-05 1.1604941463324417e-05 5.237952263393552e-05 0.0003663107141221234 0.00013469468091476674 7.5515677366951384e-06 4.0222979242837536e-05 5.786904088272949e-06 0.0 0.0 0.0 0.0 0.0 0.0011269052012810145 1.441639487328008e-05 0.0 0.0 0.0 0.00042769517847488213 3.1541341613137316e-05 0.00018808669749797934 0.0001163278927670818 0.00012676257196244723 1.3393013266593967e-05 2.4305816588415503e-05 0.0 0.0 0.0 9.272348368498976e-06 0.0 0.0 0.0 0.0 0.0 0.0013486223102085297 0.00019309651652921984 0.00037606706951399824
0.0052388505797694536 0.006296487389310368 0.10106477918435727 0.0004375917936791098 0.03815999471861556 9.427532885350542e-05 0.0007677573917996433 0.0 0.08735372655762869 2.054829372583812e-05 0.23160328309223008 0.0 0.0016469627346830185 0.04977261225769639 0.0005538352786676372 0.0004833835015454229 5.402862934708924e-05 8.44102286961711e-05 7.490829966923606e-06 4.2854472874318146e-05 0.0002627513769058495 3.8020936645666035e-05 0.0001417386179066149 7.565925443665317e-05 0.000256645754258147 4.233750355409859e-05 7.548596620272538e-05 8.632198372334297e-05 2.380161551296052e-05 1.6362413091174247e-05 0.024192457203229965 0.09511909550235234 0.0035601180196037376 2.615739987351495e-05 6.212353606514631e-05 0.00021470614172664694 0.0008167029522240814 0.00036648261990833745 0.0007394027645318836 0.0005222852002141812 0.00030203258744858303 0.0003353005017791464 0.0004079213834474232 0.00029932793958613633 3.830728626750654e-05 0.00023938783773713674 0.0027313374473819057 8.19567353469641e-05 2.560181018361805e-05 3.383996643354162e-05 0.00017910940297010541 4.9968465933059604e-05 2.08734228575424e-05 0.00013751561043953592 0.0 0.0 0.0021967020420721826 0.007571593957153175 0.0015772929111613793 0.00145336134965939 0.00043953109053849256 0.0006102891837369693 0.00015487166620078313 0.004286398849204611 1.5059401017001372e-05 8.365947847458921e-05 0.0002973417087150373 0.0001973396096038188 0.0008380567796296436 0.001287640114776407 0.00026004512838407603 1.152302879129417e-05 1.0612228506972209e-05 0.0014957550918565483 0.0020779394450778504 0.0009669628178165384 0.0024101265097345856 0.025682896951143046 0.01653926793264067 0.1529113467587825 0.0026820441480168372 0.013179440940946757 9.608891466389549e-05 0.0 1.5988463188756603e-05 3.804787145284444e-05 0.000179344081404486 6.124417941300797e-06 0.00010408707384689176 0.0 3.120757747320046e-05 0.0 0.0009005671956271477 0.0003461602717440451 0.00022462993860371624 0.0001384547006471945 5.3278547426124105e-05 1.0791569357963156e-05 0.0002055986110140081 0.005060883382784688 0.0 0.0 0.0 0.0 0.0 0.0 0.0 1.199104376884333e-05 2.6957977284219156e-05 1.7839989606587214e-05 0.0 8.484589281022441e-05 5.9088298490692233e-05 0.00018322946789647257 0.00010321106663280488 1.516591826068228e-05 0.0 0.0 0.0 0.0 0.0 0.0 0.0 0.0 0.0 4.401454399870348e-05 0.0 3.426642510334783e-05 8.841418785200076e-06 0.0 7.1956540159615714e-06 0.0 7.552541974401591e-06 1.4349696179405988e-05 0.0 0.0 5.296034684375572e-05 0.0 9.55047868625042e-06 8.428413500540052e-05 3.798311594440476e-05 9.451022726282516e-05 7.674605054223006e-05 2.1876153710672498e-05 0.0 4.7079988672867615e-05 0.0 0.0 0.0 0.0 0.0 0.0 0.0 0.0 0.0 0.0 1.5459553064575645e-05 0.0001054469646515229 0.0 0.0 0.0 0.0 0.0 0.0 0.0 0.0 0.0 0.0 0.0 0.0 0.0 0.0 7.71440120978752e-06 7.3820287750268066e-06 0.0 8.704522958339495e-06 4.6098109592476395e-05 4.555606489251998e-05 0.0 0.0 2.255613151410637e-05 7.376456664343746e-06 0.0 6.7928754940637494e-06 3.140714852445695e-05 0.0 1.0643759423801057e-05 0.0 0.0 0.0 0.0 0.0 0.0 8.703992197163673e-06 2.608721640630624e-05 0.0 2.015812430851843e-05 7.180913667213477e-05 1.6388014823771516e-05 8.100929446741712e-05
0.001695305773610001 0.04177799960324374 0.03078476134548838 0.002397686069949175 0.2712162060122166 0.00038398722399657863 0.03978487593909602 0.08735372655762869 0.0 0.01345392589969052 0.144776867128866 0.0013732273024124819 0.03044852784314849 0.08494582986420089 0.0008794618795089034 0.000555900983971511 9.159718907330506e-05 7.2195378280420786e-06 7.867941953987583e-06 1.3253979406757676e-05 1.2076652372516514e-05 0.0 0.0 0.0 3.353086814083967e-05 0.0 0.0 1.3492051362343797e-05 3.356857069924786e-05 7.754826343795285e-06 0.0027709358128545913 0.004405169297849526 0.0018953257937172894 8.63148863355267e-06 0.0 1.717425639275e-05 0.000960531163654966 1.9265709344461312e-05 0.00018804366440457274 4.484789018120473e-05 8.367684459233043e-06 7.4726059910029e-06 7.475354134831872e-06 0.00014804645703565372 3.0098931111443436e-05 0.0001103548493237867 0.005044373645996541 6.682714336861783e-06 0.0 8.525493334416762e-06 0.0 0.0 1.081723633362855e-05 0.0 1.4845117213051283e-05 2.180532839273954e-05 0.0009598359119202866 0.002079352804780967 0.0009619445969769502 0.001977568921446754 5.0380155864566454e-05 0.0006570909539257776 3.508145076782081e-05 0.0009578465780359676 6.129607410205939e-06 3.397383110272366e-05 5.8085199984056615e-05 2.8412272604268686e-05 0.00013101243797284797 6.490264257909e-05 0.000567273629694936 0.0 0.0 0.002097196152642237 0.0012685629887570333 0.0018970642904870786 0.000697624413909031 0.0006823386339930785 0.00010899865268747231 0.005964568063690292 0.00010827898064872628 0.00042843935854317125 8.067642830133008e-05 0.0 1.2413512913200034e-05 5.2283521426674266e-05 1.732144299111259e-05 0.0 2.3675212358447893e-05 0.0 1.2156944988632184e-05 0.0 4.927200940577736e-05 1.929451768569059e-05 8.837346383420795e-06 0.0005680513054662339 0.00010049131191426658 0.0 0.00014454333188396594 0.0005906441481086119 0.0 0.0 0.00012043213889441801 9.834341136534446e-05 1.0639691430337186e-05 0.00036415408863533426 0.0 0.00019036875190157464 0.00011847151240090554 0.00013387716587457955 7.11449622386279e-05 0.0006765280303603092 0.0007304198542510035 0.000722924114743204 0.0007671331342213768 0.0 9.65384398441045e-06 0.0 0.0 0.0 0.0 0.0 0.0 2.0650690076270195e-05 0.0 1.3119863463597046e-05 0.0 9.752227004489788e-05 0.0 0.0 0.0 7.728368516344654e-06 0.0 0.0 0.0 0.0 7.590066436867063e-06 0.0 0.0 0.00034991816049680184 0.00021714997160763533 0.00033127248247861963 0.00013795051940915888 4.307913208942619e-05 0.0 0.0 0.0 0.0 0.0 0.0 0.0 0.0 0.0 0.0 0.0 1.5689559566280645e-05 0.0 0.0 0.0 0.0 0.0 1.3794033311473218e-05 0.0 2.0398336942069488e-05 0.0 0.0 0.00017552403716772062 0.0 0.0 0.0 0.0 0.0 0.0 0.0 0.0 0.0 0.00040396997978712546 0.0 0.0 0.0 0.0 8.270138754583404e-05 0.0 9.799948782170493e-05 0.0 0.0 0.0 0.0 0.0 0.0 0.0 0.0 0.0 0.0 1.6607347912196592e-05 0.0 0.0 0.0005391968276895008 0.00020382375842617 0.00023538559826514997
0.07378883744213155 0.12474476585067122 0.001622156105250375 0.20151172983576865 0.027319837665950763 0.028509634005185833 0.10312015667012799 2.054829372583812e-05 0.01345392589969052 0.0 0.0009492515223659844 0.2246275742914695 0.4783170409568242 0.026503117057100952 0.000533066437803309 0.0002570022935188378 3.21938393007761e-05 0.0 0.0 0.0 0.0 7.838189175264054e-05 0.0 0.0 1.9123704280036115e-05 0.0 0.0 5.81798518059697e-05 3.9578475594370174e-05 0.0 0.0015980444643759809 0.00036955475023365815 0.004748845094162804 8.073782070594051e-06 0.0 2.3675774859494696e-05 0.01794642781490356 4.7092009267338005e-05 0.0009760498864515209 0.00017576010774810887 0.0 3.2231744641693315e-05 0.0 0.00015138480067966774 7.491371308056427e-06 7.770011315236013e-05 0.008133590822717817 7.60540530259889e-05 0.0 9.185850166775283e-06 0.0 0.0 5.369534571353249e-05 7.607906007683686e-06 3.136209201427543e-05 2.414481477037756e-05 0.00973340577060023 0.00401582673326373 0.004132539713982954 0.004252533138209052 5.33517955542085e-05 0.0012807500998480424 2.6846133032192196e-05 0.0007764423722549217 3.069985283123521e-05 5.682829271747065e-05 6.687576488347444e-05 7.009391668939393e-06 6.2869520897765796e-06 1.0848247069238564e-05 0.017687830417857882 0.00011765211501003666 0.0 0.005050807104922444 0.0017900492545396647 0.0018089647117628786 0.0007959261631670622 0.00044249930364456344 2.4790864855892097e-05 0.0006531168659560234 6.14994089730162e-05 0.0004617370409052295 0.00026637569810988306 0.0 6.401812511209672e-05 6.160764149222461e-05 2.0326224836867235e-05 3.334580794143084e-05 6.375159219053598e-05 0.0 3.124314288029603e-05 2.373419914533706e-05 3.2062961706118453e-05 7.837105787667956e-06 1.691114520561342e-05 0.013753592907060866 0.00943246401462915 9.480092348366363e-05 0.0015681621503898361 0.0509465021046045 6.488571685205866e-06 0.001031924833791779 0.002362504011284485 0.003036441070130261 9.324918058806561e-05 0.007220510610122777 0.00025721285494125244 0.0012903205199898985 0.008127514134929997 0.002589953742949257 0.00034616715400606916 0.00660141104787193 0.00942822280875438 0.009631011738501232 0.001743258123379277 0.0 0.0 0.0 0.0 0.0 0.0 0.0 0.0 0.0 0.0 0.0 1.704464839293153e-05 0.00014339203418891719 2.7587287232781273e-05 1.920743405967994e-05 0.0 0.0 0.0 0.0 0.0 0.0 0.0 0.0 0.0 0.001305197243501972 0.0003180349152301476 0.0009940144546108707 0.0002810273453802106 0.00016209242380970022 0.0 0.0 0.0 0.0 0.0 0.0 0.0 1.7864183323241306e-05 2.29864712648029e-05 0.0 0.0 0.0 0.0 0.0 0.0 0.0 0.0 6.66187922755516e-05 3.939607801747128e-05 0.00013986630055079814 0.00010828123991037584 0.0 0.0006664869352633828 3.062324115849008e-05 0.0 0.0 0.0 0.0 0.0 0.0 0.0 0.0 0.0018602417830407083 8.215017443147997e-06 0.0 0.0 0.0 0.00028005030927513296 1.5988769566677863e-05 0.00018508525891863453 5.0498035100394925e-05 1.357818367388814e-05 0.0 0.0 0.0 0.0 0.0 0.0 0.0 1.66670510503405e-05 0.0 0.0 0.0 0.002571145173268219 0.0005143628605296502 0.0007504439344719028
0.012533919400547893 0.05428392425728765 0.16318422827074763 0.0030192849275055464 0.12066716623902864 0.0003716059490939998 0.005354495170422448 0.23160328309223008 0.144776867128866 0.0009492515223659844 0.0 0.0020383641443522415 0.04095634028281281 0.2543578438651076 0.0018468670863246589 0.0018128113125733599 0.00021238077694660552 0.00012084945383639289 8.199130094812384e-05 9.005937733607776e-05 0.000542738190569088 5.764588842982989e-05 0.000504668548209741 0.00022510459779425705 0.0011012857582765726 0.00036308631044328413 0.00039116883620545254 0.00035577559498670657 0.0001461791325378746 0.00010671275687782538 0.021498985905959587 0.03716225037510812 0.03470040621162414 0.00016291101580134297 0.0002755748970965629 0.0010821179554132945 0.010476508689500386 0.0018177112199580505 0.0031945283947937657 0.0023788048538751065 0.0013617687584590614 0.001303318744806282 0.000919059580648456 0.0005096069538537722 3.582220204838106e-05 0.0004929477945696856 0.0075597529261537035 8.067122692997332e-05 4.3695664094929826e-05 0.0001322098100581073 0.0005200683077657067 0.00015267244448464496 0.00024285676846782256 0.0005187646291542433 6.560011522307514e-05 3.582542452694856e-05 0.002847008143637949 0.006717439647762289 0.0024371980835762087 0.00310727768437147 0.00048533958438823837 0.0022042954460446493 8.67462589545247e-05 0.002380233277673655 5.775963090247404e-06 0.0002098391269874162 0.0006168041590273464 0.000563500786613801 0.0019573542785671465 0.0030656552188349545 0.0020062628726218506 9.352999468824095e-05 3.7991331281009944e-05 0.004023462209757675 0.0027134097239227845 0.002842367801391476 0.0016616902371591657 0.0022259417144822905 0.0032021945646246103 0.03417992879984475 0.002755712095848024 0.014920944043426749 0.0001681756777833299 0.0 0.00010194232700681667 0.000225141349038199 0.0002469308930167678 0.0 0.000214001102209254 0.0 0.0001317225845236478 2.8658392821305797e-05 0.002251563345333672 0.0010475408908701763 0.000484351546891214 0.0012578141073213798 0.00039390644768723756 0.0 0.0012874123600422154 0.002699326252964523 0.0 0.00018776667231386112 0.00019888741146543694 0.00012170199470586898 2.2322545460285356e-05 0.00039944006672343134 9.375062117640847e-06 0.0001975062483347764 9.183549731459737e-05 0.000216473594957063 0.00013465667594592118 0.0006940216683231269 0.00109149718294817 0.0017928253400350553 0.0009116024262438101 1.8252407791800427e-05 2.1805015402345163e-05 0.0 1.4623278878976538e-05 0.0 0.0 0.0 0.0 6.461699916937878e-05 0.0 9.766454225323711e-05 3.525872940886118e-05 3.253313587655729e-05 0.0 7.594331041198385e-06 3.5867551270706046e-05 4.1414745714216655e-05 2.1682514488636844e-05 2.054108039932649e-05 7.19735077656435e-06 7.705070569382647e-06 2.0498557348013305e-05 2.2401346743296532e-05 0.00012564461038938927 0.0008757964141746179 0.0003987739592436155 0.0008384806060943163 0.0004397359524499086 6.513760094149934e-05 6.327599843712737e-05 4.026090750699491e-05 3.8984755739469944e-05 6.524235838566708e-06 0.0 6.233655644589879e-05 4.4427680739329144e-05 0.0 6.749613168255656e-06 0.0 0.0 2.4550307932907214e-05 5.017044304286895e-05 0.00019250027026875593 0.0 0.0 0.0 2.0969823458180145e-05 5.731458941987243e-06 0.0 0.0 2.58024855178857e-05 0.00030317186851664524 0.0 0.0 0.0 0.0 0.0 9.2320775255307e-06 0.0 2.3023993963942206e-05 1.6053910361884713e-05 0.0009313548744447096 6.959038655954493e-05 0.0 0.0 2.5092809334340505e-05 0.00019896828994667108 2.2204713834263353e-05 0.0002806360253925679 7.90294397837327e-06 0.0 6.490884728303496e-06 8.319219439573572e-06 0.0 9.252879484305411e-06 0.0 0.0 0.0 6.304673076908574e-06 1.5841772085046524e-05 7.470571553439425e-05 2.0067220877201707e-05 0.0009151276414640367 0.000668268292320614 0.000512006044623289
0.008463448954944842 0.008777901419150762 0.0004326484194227756 0.02971983880770432 0.0022805035450077847 0.007668752467116732 0.010818744600395043 0.0 0.0013732273024124819 0.2246275742914695 0.0020383641443522415 0.0 0.1377995335217901 0.008357698319077726 0.0002845323162935621 0.00026959260368503504 8.293989768797227e-06 1.3308476765229416e-05 0.0 0.0 8.48132518795744e-05 3.105856583225655e-05 2.2974729275866672e-05 0.0 0.00011972902669252396 3.675646779565076e-05 7.646035291023928e-05 1.0247540034407441e-05 1.9645111892214307e-05 0.0 0.00010645777462431192 0.0001777102287851587 0.002301448595055834 0.0 8.888880472271364e-06 3.736182031326496e-05 0.009683892194326405 0.00024251800265321724 0.00247942947985996 0.00044653375467727894 0.00013537817170475387 0.0002179859142879153 4.1138754751935536e-05 7.3454664274004e-05 0.0 7.028313922021646e-05 0.0018867772065409147 3.5959007945607204e-05 1.0213992754108316e-05 0.0 0.00012820669333135317 8.246493608699403e-05 0.0001229410866473731 5.647898265322698e-05 2.9586719245218465e-05 7.1795275165147605e-06 0.0007079921563614896 0.00047289871302874865 0.00048581617133510965 0.0005186189250723543 2.049601375001953e-05 0.0014098912035194107 8.688749653123636e-05 0.00015167769664989773 8.459931985919428e-06 2.4064534497545052e-05 0.00011123352489119356 4.889420531319341e-05 0.0001909561832945371 0.00029512193763659756 0.00920344982957295 0.00018694189413319824 2.9173775588807926e-05 0.0005848679650434254 0.00017872423522745427 0.0004321042988470908 0.00020421537200761926 0.0001751909351567589 7.144641166325529e-05 0.000425921977241998 5.3044038271055435e-05 0.0007450317416021197 1.770341029677334e-05 0.0 8.799775192811943e-06 5.5196764162029517e-05 1.564953118066013e-05 1.685905258319992e-05 3.898683822767143e-05 0.0 1.154080223737959e-05 7.250894616412074e-06 0.00024136982869047072 0.00013640512933690366 8.93311985710777e-05 0.03263913092001091 0.0009902702038635097 0.0 0.0033106058172181598 0.002832163761731909 0.0 0.0004000491715991258 0.0003166762062948789 0.001671741736762132 6.275809102738777e-05 0.0011527324139217192 0.00011763614191996624 0.0006696291291497329 0.0017936068973280754 0.0012268169096479988 0.0006989738270295864 0.002116548179888321 0.004457943564409686 0.004071217940724526 0.0018784718569841274 0.0 0.0 0.0 0.0 0.0 0.0 0.0 0.0 1.6340436757173304e-05 0.0 2.9809679495566024e-05 1.479632641888273e-05 9.55537376785223e-05 0.0 2.484564126072952e-05 1.915926704214244e-05 8.114382655555282e-06 2.2247649063067736e-05 4.332206244942987e-05 1.047951440811317e-05 0.0 0.0 1.0691148814499557e-05 1.0390324488997802e-05 0.0011637587009480702 0.00028051559726876717 0.0009590633691914563 0.00024100433746366916 9.686575109193865e-05 0.0 0.0 0.0 0.0 0.0 4.011756495967317e-05 0.0 0.0 0.0 0.0 0.0 1.1643641182679211e-05 3.9391585944064606e-05 7.206397874121811e-05 8.276638639328456e-06 0.0 0.0 0.0 4.9420015950806917e-05 9.993937142786922e-05 0.0 0.0 0.0003509688308983941 1.3917521687834227e-05 0.0 0.0 0.0 0.0 0.0 0.0 0.0 0.0 0.001971006919570037 1.954382820059268e-05 0.0 7.445657077215175e-06 0.0 0.0005515535209436692 0.0 0.00020469577611480737 0.0 1.055828835956878e-05 0.0 0.0 7.439064000682275e-06 0.0 0.0 0.0 0.0 0.0 5.698763348226067e-06 0.0 7.42019729237423e-06 0.0026690116428173013 0.0003521266454061191 0.0007396484020383826
