0.0 0.15807375241819047 0.07375011616790866 0.08807515031796495 0.004918906568773003 0.008111107400584128 0.008973447956300971 0.0037635121628701138 0.0006703284200211818 0.05257809131076281 0.003062452173000529 0.002182932227108283 0.0007580423891509394 0.0012324886724634585 0.00018492613364931056 0.0001134308462862888 5.998659268472935e-05 7.26727825695356e-06 7.130206536240468e-06 6.782848376562077e-06 1.0022163142304141e-05 6.871552827201601e-06 2.274439364011067e-05 8.963860709182647e-05 1.7471888676441916e-05 0.0 0.0 0.0 0.0 0.0 0.031787634430789004 0.00027609922452165824 0.00041558632954960203 1.4328177235827374e-05 7.418608866132276e-06 2.2726475239744654e-05 0.00012897308936738928 1.1810923222560846e-05 1.1839645950376375e-05 7.869212741689713e-06 0.0 6.604399918853331e-06 0.0 8.471011731119029e-06 5.838449503817684e-06 2.48311340882511e-05 0.0008658693755620952 0.0007122257504807588 1.4983184321355308e-05 1.6900980339737368e-05 0.00029494054604635623 1.420587222632651e-05 0.0 1.1025686929314646e-05 0.0007743745596233041 0.001384049434084215 0.0194120493053666 0.09883624831662245 0.00680690816888842 0.0017433429483600922 3.7478481226022595e-05 0.0003411577014425168 7.650664504855966e-06 0.0024190582604186146 0.0007742502813922337 0.0002893361646850843 0.0002434093307561236 0.0001346501075992814 3.3859608808758034e-05 4.10015863574522e-05 0.0010730176879983765 9.439017757607377e-05 0.0 0.01821775727967622 0.00438036252662653 0.002033346747382408 0.0008665871813064895 0.00013436624720870839 4.714328118964751e-05 0.00126029124766516 0.0 0.0007836363487225491 0.00210390821247693 1.4776822122515917e-05 0.0002667331325015562 0.0016508281681575233 6.584535225187096e-05 7.036331630237022e-05 0.00029408634491916657 0.0 7.563359925686859e-05 1.3376387037164705e-05 3.007820123133289e-05 3.589403668230256e-05 0.0 0.0078355593533221 0.001526346201106489 2.792247203831245e-05 0.0001527196882771549 0.06539107432827168 6.458300680995809e-05 0.00011487850376330168 5.142061468414809e-05 0.00011427476514147584 4.742839007269057e-05 0.00028994296390678193 0.0012147628809533368 0.00013593070904121139 0.0004286463316294749 0.0007729580398786933 0.00036893455986270585 0.0004453699947265231 0.0016438144027582614 0.00035574780135398724 0.0004573686985037235 0.0 0.0 0.0 0.0 0.0 0.0 0.0 0.0 0.0 0.0 0.0 0.0 0.0 0.0 1.997164842381128e-05 0.0 0.0 0.0 0.0 0.00012978267894945983 5.163218775922024e-05 0.0 0.0 0.0 8.06956760238771e-05 0.0002381822076113141 0.0001352554471152366 0.00011740956634239639 5.916231210941218e-06 1.7433873703256428e-05 0.0 0.0 0.0 0.0 0.0 0.0 0.0 7.796411910362139e-06 0.0 0.0 0.0 2.9018408179043878e-05 1.3144314319200657e-05 0.0 0.0 6.215985542589976e-06 0.0 0.0 0.0001195040049734735 0.00010365314912805934 1.859651680235623e-05 0.00010061206342689888 0.0 0.0 0.0 0.0 0.0 0.0 0.0 0.0 0.0 0.00010204484146971322 1.9545858407259787e-05 0.0 0.0 0.0 0.0004113041859717091 7.093970878315323e-05 9.401998504134674e-05 2.5125316033079552e-05 0.0 0.0 0.0 0.0 0.0 0.0 0.0 0.0 2.8389505573784825e-05 0.0 0.0 0.0 0.00023564325157663456 0.00017051999537433588 0.0001448743494669435
0.15807375241819047 0.0 0.07420506445624642 0.19004703488454427 0.06612385565558719 0.0094677254277953 0.2927972868923398 0.025904346477881618 0.05214095050394182 0.22931361299481162 0.05301307127543554 0.011207005818093531 0.0886204300060221 0.14366918328646805 0.0015393024080882513 0.0014896140280304757 0.000426741095684451 5.3527416977319275e-05 4.0754774824368514e-05 0.0 1.7501542792164887e-05 9.699886985705289e-06 2.3011360954047065e-05 0.00010280598578651258 7.285141035926809e-05 1.9242143969080374e-05 1.6549692246852956e-05 2.6719720051159464e-05 0.0 1.828833329628353e-05 0.13973870668448105 0.0018351140312591933 0.0020399507561866567 4.265622771765345e-05 0.0 2.9210242776036037e-05 0.0002849229037789745 0.00012302486930856833 8.06514584399021e-05 9.790857225301308e-05 8.597317268019405e-05 0.0001526924355026261 2.1375805075636183e-05 0.00010394670654199876 0.00011393850507218112 0.00013564750961724014 0.011611139201313285 0.001633103869942317 0.00010982989967039433 0.00011404335168218953 0.0007584496345283119 1.872625128141217e-05 9.127792780411992e-06 5.4941582063993075e-05 0.0017678695072164494 0.0034632216916635522 0.008838767858694233 0.07937018478298266 0.0069987613717203655 0.013669486478105645 5.7927455135545066e-05 0.0007871529700050311 0.0 0.02135471290379722 0.0021944986968715453 0.000880954314581646 0.0009364082328661572 0.0002999709590403598 7.134050048490294e-05 8.846163507937561e-06 0.0010693958221595849 1.1102513906902254e-05 0.0 0.04656629451383753 0.011699260728939821 0.020948487552743155 0.011662003098232234 0.0008735567541713291 0.0001338084471889775 0.005594858931578745 0.0001333500381005771 0.0011292498918946158 0.0044098645773329856 0.00012405462168499435 0.0009190252689625554 0.0046899346358561704 0.00024871455954431537 0.00011802356446390437 0.0011910491647050298 0.0 0.00021284767885417966 2.85008206614243e-05 1.5689127964014437e-05 0.00016047155126627916 0.00013501225865834054 0.001143531721765196 0.00025752438526047047 0.0 0.00011357022939753012 0.05565427154773076 0.00012116861947142692 0.00016317517850477985 0.0004701618272054819 5.9778556151027015e-05 0.00018377392311952855 0.004536351317003225 0.002540036499305711 0.0010148593517065355 0.0013394896493108652 0.0013298467056511245 0.0003859520211909825 0.0028792606548236972 0.005719830110697471 0.0016889583243092803 0.0015962834677878542 3.720961811640662e-05 0.0 0.0 0.0 0.0 0.0 0.0 0.0 0.0 0.0 0.0 0.0 6.791146439350883e-05 0.0 0.0 0.0 1.0491574677342146e-05 0.0 0.0 0.00011480040609023155 0.00026284793324186863 0.0 0.0 9.042488806527443e-06 0.0004365905045877812 0.00031039932344914257 0.0009756277684382732 0.00025841367454835655 6.303871100585207e-05 0.0 0.0 0.0 0.0 0.0 9.347547950230932e-06 0.0 1.180107760980334e-05 0.0 0.0 0.0 0.0 0.00017281797414443753 9.307064457505918e-06 0.0 0.0 0.0 8.710738225994831e-06 0.0 0.00010077492138470223 2.630551659126582e-05 0.00030457443030770386 0.0009516637274571408 9.28107600220987e-05 0.0 0.0 6.941227588235919e-06 0.0 2.7945128219953356e-05 0.0 0.0 0.0 0.0014960611549031224 1.4331863505204319e-05 0.0 1.5915510448399707e-05 7.343381074750051e-06 0.0008656295186956848 0.0 0.0002954387150369985 2.3342573538508445e-05 1.205958102152707e-05 5.0533804163345735e-05 0.0 0.0 0.0 0.0 0.0 0.0 3.425114640877458e-05 0.0 0.0 0.0 0.0011115257889520581 0.0002553894671218244 0.0002729828022912853
0.07375011616790866 0.07420506445624642 0.0 0.016383809545334953 0.09854297481374198 0.0014553834313636984 0.005707488885032153 0.24320997734009975 0.04306952763791037 0.0023589152913477966 0.18032047872878482 0.0017516484907175573 0.004547670121840694 0.10529453574071189 0.0013014409434870602 0.0012722044447948237 0.00039896251510752596 5.752835598651469e-05 6.737588275755766e-05 5.3919846682990446e-05 0.00018665206603599182 7.669712412317546e-06 0.00021972614706580165 0.0004043026942838753 5.87684875991119e-05 0.00010705782794547306 3.126904671072535e-05 7.709655176292869e-05 0.0 4.291824205188646e-05 0.30204944154541635 0.029124480880960053 0.007686016564296108 0.00021015274722625246 2.713146808559787e-05 2.7219509292403546e-05 0.0006898696397067608 0.0007037542383278974 0.0002897428652346893 0.00024057025660197573 3.6414562967879475e-05 0.00020726461864726067 7.998189016335427e-05 0.00023040647467586757 0.00014129346298815583 0.00020733482741921018 0.004463595902791613 0.0006629678726019494 5.7123530168192776e-05 0.0001504206636882355 0.0005871989977911453 5.824793057090234e-05 0.0 9.426297367113066e-05 0.000874486355020921 0.001325837520784685 0.004966781864496406 0.06413022689172847 0.0034975769565373884 0.005882203223594866 0.0001555001470477073 0.002764797778928935 5.0396615734490206e-05 0.0534796531168075 0.0010517347433218664 0.0005417736803839368 0.00042552664214042175 0.000302740246279795 0.0003704254192782004 0.00035448151060755203 0.00133269065137393 6.7912821054501145e-06 0.0 0.02386134946923894 0.008824049192523753 0.010451702622560516 0.006543048088551085 0.0006266736641943222 0.00040341567368841653 0.05359731020688731 0.00018234844303611857 0.011243268947407481 0.002180987477202078 6.775637407421963e-05 0.0005994628192005514 0.002232821308735335 0.00021919782752285004 8.126436178210322e-05 0.00043810269597448106 6.610963470922332e-06 0.00014029756565127251 2.721273851221822e-05 0.0002670365025083884 0.0001667534325033206 0.00022573850138008525 0.000911035365199579 0.0001415441139344717 0.0 0.00018579842396926983 0.019576527198375108 0.0 9.994866189473578e-05 3.1335562381601734e-05 1.7338223125563923e-05 0.0 2.4332848389466403e-05 0.00037231023869930223 0.00010048081003406726 0.00016302956830250456 6.0002233853047826e-05 4.0354049162348184e-05 0.0002569208880252417 0.0009896250234367253 0.00011950382108698566 0.00032653957677485334 0.0 2.5242366329630733e-05 0.0 0.0 0.0 0.0 0.0 0.0 0.0 0.0 1.2668615346479417e-05 0.0 3.957254069796379e-05 0.0 2.9407820552252066e-05 0.0 2.1169922234142796e-05 1.787732934741666e-05 1.7366159069707025e-05 4.158194179130593e-05 4.182574054639073e-05 0.0 9.949730083952252e-06 1.2258656647122372e-05 0.00017999613463313488 8.175750150576851e-05 0.0006144331935223314 0.00048562599595514073 0.00010066834863280178 0.0 1.059617819282953e-05 0.0 0.0 0.0 0.0 0.0 2.533933257813871e-05 1.301760912807595e-05 0.0 0.0 0.0 0.00019553047571903046 2.017811309809281e-05 1.4168322947094748e-05 0.0 1.1251251318086841e-05 0.0 0.0 2.339451947874472e-05 0.0 7.641093867868196e-06 0.0003545193667438022 8.921638606720148e-05 0.0 0.0 0.0 0.0 0.0 0.0 0.0 1.0363320968425112e-05 0.0003115760045451994 0.0 0.0 8.912607446004435e-06 2.096707665089281e-05 0.00018359865367775812 0.0 8.48438881840505e-05 0.0 0.0 2.6338282544581743e-05 0.0 0.0 0.0 0.0 0.0 0.0 7.5093138651255574e-06 1.3949231590417662e-05 0.0 0.0 0.0001993991280413527 0.00030039772485084367 0.00027365324787147953
0.08807515031796495 0.19004703488454427 0.016383809545334953 0.0 0.0025402575302947844 0.034151568977263076 0.05625958090687129 0.0016566431769732598 0.00027294921425720023 0.2407295417694295 0.0003423300324560548 0.00919353874457907 0.0037083384699445198 0.000888843708153741 4.9726253842573776e-05 3.817503356371769e-05 2.1314131369400865e-05 1.3977006989701415e-05 5.712749710641958e-06 0.0 0.0 0.0 0.0 0.0 0.0 6.795980035164174e-06 0.0 0.0 0.0 0.0 0.0023130422171743982 9.217447178400141e-05 6.826625316135832e-06 0.0 0.0 1.79116051055801e-05 5.0731132582652565e-05 9.602135661448931e-06 0.0 0.0 0.0 0.0 0.0 2.667948022226355e-05 0.0 1.5559441306831496e-05 0.0012798359555009282 0.0003873767384016566 1.4673734104956164e-05 8.52638490558683e-06 0.00016195484970206797 0.0 0.0 0.0 0.0005108943409479697 0.0007492825128118229 0.0043733455856271785 0.020093267611861178 0.0018264843710337113 0.0018496234653491526 1.6475236437134842e-05 0.00016010908594919752 0.0 0.0014370004232836546 0.00030086276694689054 8.570935079302324e-05 0.00016841864705191851 6.146207566013104e-05 0.0 0.0 0.00013162100810900317 0.0 0.0 0.00976135357028487 0.002301984178178692 0.002143436094946518 0.0006740010658574008 3.146223113701368e-05 0.0 1.6564867151909702e-05 8.494893063601507e-06 1.3797698307586714e-05 0.0009152237682281591 2.026391635510378e-05 0.00016892905217966023 0.0009036732965893385 4.0920974620201595e-05 3.278243079771015e-05 0.00020114741829227667 0.0 8.742897695485698e-05 7.658712242911946e-06 0.0 1.410957776127256e-05 6.875817513518618e-06 0.0002853806353908407 8.029174515774983e-05 0.0 1.0878190609595964e-05 0.036197669238049235 8.401328999772551e-06 0.00020704933197602707 0.0006822320869347265 2.5478883635243548e-05 2.0810368927541856e-05 0.0003744371073919683 0.0021466094980771835 0.0008022687638109026 0.0006047714672526626 0.0009416980049418265 1.452838407644228e-05 0.0021291334967196637 0.0030244877304555634 0.0003149024325456878 0.0005939892295233135 0.0 0.0 0.0 0.0 0.0 0.0 0.0 0.0 0.0 0.0 0.0 0.0 0.0 0.0 0.0 0.0 0.0 0.0 0.0 3.108087902663774e-05 8.009649755922649e-05 0.0 0.0 0.0 8.145963841533521e-05 2.13425330074977e-05 0.00016726644904691278 3.912879015225341e-05 0.0 0.0 0.0 0.0 0.0 0.0 0.0 0.0 0.0 0.0 0.0 0.0 0.0 1.6541263641737022e-05 0.0 0.0 0.0 1.4639539188530418e-05 0.0 8.107010421021253e-05 0.0 0.0 0.0 0.00011422020493884899 0.0 0.0 0.0 0.0 0.0 0.0 0.0 0.0 0.0 0.0002837418469815383 0.0 0.0 0.0 0.0 0.00015800163863004883 0.00010675701185438215 0.00011720329466353092 0.0 0.0 0.0 0.0 0.0 0.0 0.0 0.0 0.0 0.0 0.0 0.0 0.0 0.00046318804430789444 2.080630634556906e-05 3.257883771304056e-05
0.004918906568773003 0.06612385565558719 0.09854297481374198 0.0025402575302947844 0.0 0.0005086827250646548 0.027370503308467783 0.023753919919312763 0.31107004623907114 0.03263580965698028 0.040722121094755814 0.007125025645460688 0.023757492935108288 0.27842987641997374 0.000936317532421628 0.0011189056865813065 0.00021988727774309693 7.0053140218255924e-06 0.0 0.0 2.0580726016172534e-05 0.0 0.0 7.16713242319922e-06 8.412128203449959e-06 0.0 9.648271244115915e-06 1.0815069153086436e-05 0.0 4.505911116718072e-05 0.004228563919504569 0.000538307534519096 0.0006786027882105324 4.0099705684267284e-05 0.0 1.1303172208770588e-05 0.00022889851324769595 0.00012504465970381934 6.882115312607672e-05 5.6358521388608786e-05 6.089083370893153e-06 5.44828746581945e-05 0.0 0.0001017558880496659 3.933629552158066e-05 3.479758474851236e-05 0.0044596115021801625 0.000347836691527779 5.733338848753314e-05 3.9915031274140585e-05 0.00011125358984941496 0.0 0.0 2.4225848087248997e-05 0.00018096758189883188 0.00048755540585696525 0.0007581173419665519 0.005375091137354643 0.0011885216819347135 0.0038370843365288982 1.3364416766906843e-05 0.0004806133914850569 0.0 0.006676331384396198 0.0003834616658426615 0.00026417994262796355 0.00013972736439511876 5.7027245950683046e-05 7.962544527849824e-06 0.0 0.0009302392476851041 0.0 0.0 0.008193162704264373 0.0024573400574524167 0.007845386689015193 0.005881264067479602 0.0005988203664953016 2.4558170253025536e-05 0.00045975968227718637 2.777175058870645e-05 0.00043861941017361047 0.0007474285356522649 0.0 0.00022644059137681187 0.0008533154723641618 7.518138879410162e-05 9.11570124754761e-05 0.00018652645050040194 0.0 3.336791569675095e-05 8.195045934746814e-06 0.0 1.0113324157014939e-05 4.2566622052431116e-05 0.0011886052489498537 2.644964260755416e-05 0.0 3.961112953362526e-05 0.0007656584494069089 2.7370593960521125e-05 0.00021023485852080643 0.00011578042087219935 1.6264010639949932e-05 0.00010946698061482717 0.0005046902636210643 0.0009112040039109343 0.000441568611269577 0.000837899027566523 0.0006478240489161131 0.0003527808583431384 0.0013254925434711118 0.0038939821981249525 0.0008395944427665356 0.0012688505977818674 2.039019798106765e-05 0.0 0.0 0.0 0.0 0.0 0.0 0.0 0.0 0.0 0.0 0.0 0.0 0.0 0.0 0.0 0.0 0.0 0.0 0.00026859375747076896 0.0001996763343598828 0.0 0.0 0.0 0.0006958300053827072 0.00020864278638834316 0.0011729573867077729 0.0003590345986851525 5.1033419196338175e-05 0.0 0.0 0.0 0.0 0.0 0.0 0.0 2.2798456267535114e-05 3.055477010669629e-05 0.0 0.0 0.0 1.7492717379364674e-05 0.0 0.0 0.0 0.0 0.0 1.2307998572512275e-05 8.639094228547409e-05 0.0 0.0 0.0012204416970599302 5.4741490792904584e-05 1.2523455466841506e-05 0.0 0.0 0.0 0.0 0.0 0.0 0.0 0.001433427089244953 2.378807527566338e-05 0.0 0.0 8.464856372894551e-06 0.0012391407023985097 0.0 0.0005576007642040067 0.0 0.0 2.287678394104205e-05 0.0 5.882991024051397e-05 0.0 0.0 0.0 0.0 1.3472105931818641e-05 0.0 0.0 0.0 0.0009653034746726787 0.0003854843301047564 0.00028489754907735725
0.008111107400584128 0.0094677254277953 0.0014553834313636984 0.034151568977263076 0.0005086827250646548 0.0 0.0020885780685115044 0.0001795778600516483 0.0004473775296282023 0.06407637120662772 0.00015391898285675175 0.009888259669637673 0.002473221119642325 0.001351249078054443 2.7057306608121893e-05 1.729619339227864e-05 0.0 0.0 0.0 0.0 0.0 9.940327734412801e-05 0.0 0.0 0.0 0.0 0.0 1.186994793861687e-05 9.332143044737383e-06 0.0 0.0003940749249837715 8.993074009712018e-06 0.002004997921712612 0.0 0.0 0.0 0.0005868472906875641 0.00017359141893014162 0.00011212152724031536 3.754747224813464e-05 0.0 0.0 0.0 0.0 0.0 0.0 6.342552847314209e-05 0.0 0.0 9.859164565421884e-06 7.739575044995786e-06 0.00024651883874069223 6.238096327155494e-05 0.0 0.0 1.8744011414150877e-05 0.005738995509669317 0.002373545412473887 0.0006392876043379563 6.920900445671632e-05 0.0 0.00037658264369434396 0.0 4.982326165056662e-05 0.0 7.720147978398287e-06 0.0 0.0 0.0 0.0 0.008192979590327502 0.020444242484002235 0.0006973096443065956 0.00047535422825464667 1.3844996986521977e-05 2.407395044729045e-05 0.0 0.0 0.0 0.00019069691804937588 0.0 0.00014165702194592842 0.00016022193987639307 0.00022899456632615293 0.0 0.000238337908228792 1.171395412751282e-05 0.0002223547013646993 0.0002266931090840987 0.00013428721814773086 1.6983132055160128e-05 3.4250400045971e-05 0.0 0.0 0.0 0.026839662993748722 0.018181447467105295 0.002438424263608068 0.0018554949540741318 0.016842188437638343 8.8427926351992e-06 1.1259583710148765e-05 6.228034263491868e-05 0.0 0.0 0.0001387641288281852 0.0011987229829667292 0.00036001004875548095 0.00034790163818577464 0.0005997041067379958 0.00013093145825985423 0.0003323724721097071 0.0008100393194592893 0.00014524783203267124 0.00016178234482000338 3.206213831591952e-05 0.0 0.0 0.0 0.0 0.0 0.0 0.0 3.854937578454332e-05 1.7258147676460507e-05 0.0 0.0 0.00012083896451368603 0.0 8.975103574593716e-05 0.0 7.927970964665367e-05 5.4991676045266686e-05 7.376312468974226e-05 1.3671846509171814e-05 6.413362922385824e-05 0.0 2.299985353120287e-05 1.0234016316918146e-05 4.9535584619081944e-05 1.0979888376990697e-05 9.877503969062683e-05 0.00020604521041560402 0.0001352335304647032 0.0 0.0 0.0 0.0 0.0 1.7978179984489718e-05 0.0 0.0 1.6566723096028442e-05 0.0 0.0 0.0 0.00040351751549073825 1.2600112790641562e-05 0.0 0.0 0.0 0.0 0.0 0.0 2.4838754845298174e-05 0.0 0.00012043133826925369 3.2147265804320376e-05 0.0 0.0 0.0 0.0 0.0 0.0 0.0 3.203167122835558e-05 0.00011784658766740628 0.00041580463070675866 4.009332089491402e-05 1.2947268845975735e-05 0.0 0.00012377570061073245 0.0 0.0 1.471388056733814e-05 0.0 0.0 0.0 0.0 0.0 0.0 0.0 0.0 7.51319028337847e-06 0.0 0.0 0.0 3.389601264026989e-05 0.00021585450018333688 5.415761760484542e-05
0.008973447956300971 0.2927972868923398 0.005707488885032153 0.05625958090687129 0.027370503308467783 0.0020885780685115044 0.0 0.0011135089147727277 0.08458803223789922 0.17285116565492303 0.0027877290701269594 0.036851218803408164 0.3558658754917898 0.10546800383272463 0.00048661047638915377 0.0006731932012786063 6.0142237510022115e-05 0.0 1.7555947573704473e-05 0.0 0.0 0.0 1.0750751011135923e-05 2.0265865096428456e-05 2.6367990175257834e-05 2.7467634788378657e-05 0.0 2.8523153476114448e-05 3.2613465303555344e-05 8.683981888052349e-06 0.0018091325437238949 0.00019831056956314726 0.0005272122479774047 8.016286634863579e-06 0.0 9.866520024935409e-06 0.00010164854388540933 1.7768029610139254e-05 7.627071242227502e-06 7.882443801470678e-05 0.0 0.0 8.333005206650425e-06 4.8041198909761705e-05 2.4101112132537388e-05 1.4926084435687463e-05 0.003814637807117837 0.0002980793568836045 6.241194501356161e-06 2.599829635434922e-05 0.0001612962018918041 0.0 0.0 2.0207943129991457e-05 0.00026546423204719453 0.0006616016813935131 0.0011323801403393655 0.005662431752210314 0.0009192361856254902 0.0033457623991128586 3.814702076299298e-05 0.00033436355230191884 0.0 0.003427544205516271 0.000426594736272832 9.49048690238369e-05 0.0002492695710934041 5.2746935544588324e-05 2.364944080445767e-05 0.0 0.0007529270581738834 2.0933547255532958e-05 0.0 0.007802954027415186 0.0020611997575808827 0.0056556439155569516 0.0032327840929186756 0.00038422670365695404 5.545591313978469e-05 6.544522664049516e-05 2.516996059806341e-05 7.830826978196086e-05 0.0008935357939210589 1.2305473122171566e-05 0.00025735664093200114 0.0008428899579112866 5.196902624545506e-05 2.4956008384809597e-05 0.000162406436772562 1.4228644546801831e-05 7.685629410367781e-05 8.067051260975187e-06 6.405326001182071e-06 4.261551080864357e-05 3.0967664158162606e-05 0.0019626020863706658 0.00011867761340404827 0.0 8.239376241708112e-05 0.002332170654962189 0.0002535076382757091 0.0001132586340285422 0.0006856795509571573 0.00239912184589835 0.00017618124775945496 0.005046960801271602 0.0010077485044892398 0.006020060704364574 0.0034135460493032355 0.002762348070464738 0.0005650111710496118 0.003288029040435037 0.006536797876210821 0.0014968018160869622 0.0022998924340824354 1.2213846413507049e-05 0.0 0.0 0.0 0.0 0.0 0.0 0.0 0.0 0.0 0.0 2.7042106653512634e-05 0.0 0.0 0.0 0.0 0.0 0.0 0.0 0.00013817350023125698 0.0002947944553481189 0.0 0.0 0.0 0.00047045284493638025 0.00031013607713237186 0.0012344955264727553 0.0005891490394153204 2.2022359645111686e-05 0.0 0.0 0.0 0.0 1.3196534665898654e-05 7.949964471780439e-05 0.0 4.310696538059368e-05 3.0028554156848604e-05 0.0 0.0 0.0 5.7734505264157634e-05 0.0 0.0 1.9846613013085432e-05 0.0 0.00016808593035568973 0.00024429101864343504 2.6314135914565727e-05 0.0 0.0001001032039704095 0.001428684196722731 7.941191378386515e-05 6.390432448144798e-05 4.1141534222241325e-05 5.456737590778229e-06 1.657825044465305e-05 0.0 0.0 0.0 0.0 0.0025184078867450097 3.060909347719018e-05 0.0 0.0 0.0 0.001213434777589511 0.0 0.00044099256435875723 0.00019827158391980148 0.0002856764444179671 0.0002390075897976343 5.7937201119400496e-05 7.945654183891669e-05 1.6052515560075407e-05 0.0 0.0 0.0 0.0 0.0 2.177285699305583e-05 0.0 0.001568576745268189 0.0003823503321974406 0.00024880974670528626
0.0037635121628701138 0.025904346477881618 0.24320997734009975 0.0016566431769732598 0.023753919919312763 0.0001795778600516483 0.0011135089147727277 0.0 0.025817307828177944 0.0006767384285807617 0.11687145421545138 0.003249059297862063 0.006100827618469286 0.12837453366194118 0.007599720805755758 0.011721624630124657 0.001822274762420304 0.0004750003566420043 0.0006227397196440411 0.0011357047437076764 0.0014481243568351958 1.9314183635596057e-05 0.0016957526732769906 0.0029819427574789 0.0004103933779795899 0.00018543372468754948 7.484869031572922e-05 0.0002342783561132332 1.3493682705469012e-05 8.786860457194531e-05 0.052007314135792515 0.22180348638784547 0.011398003384857443 0.0037991994718578333 0.0002577203143206841 0.0005862258215370163 0.00221715255801299 0.0024275665037550944 0.0008624345558706079 0.0007893072184279129 0.00043463647097582677 0.0014268284934212808 0.001108497635082387 0.0024841384274054174 0.0021252737586221924 0.003571754289810797 0.016096400066982163 0.0009986548235062834 0.00046213613958741805 0.0020981726597031802 0.0014780309965278403 9.631766606335812e-05 4.367211573606603e-05 0.0007101958839030055 0.00028686047015668523 0.0006368560926657434 0.0014526374140199408 0.010906979202932623 0.0017740090073662595 0.008022939157819365 0.00792562551927047 0.024429926228607096 0.0012926768332042593 0.06973103405418288 0.0006235219397434403 0.0013501808717683546 0.00047148766472342 0.0019065784296774142 0.006953670291346432 0.0028561123764314082 0.005236332110095551 1.8860435471888986e-05 0.0 0.012732389003385976 0.00922112362265942 0.024536712118610384 0.036638393603680826 0.028703211739330926 0.11029486935103135 0.04675255785892489 0.007833953750446116 0.08963342995278646 0.0010315586370345151 2.9123091966960945e-05 0.0010731887348826223 0.001045930302570754 0.0027910177700854995 2.317877736110154e-05 0.0002940679505773026 0.0 0.0001487049646130678 8.438431998453794e-05 0.0020526594240596963 0.0006812866951888094 0.0012287040186917497 0.002549022594168506 0.0005552331920839165 7.099174353543935e-05 0.0006329487934383426 0.0012159594827060376 9.31477858106694e-06 0.0 0.0 5.0682973679311345e-05 0.00010708614817252419 4.253981846192364e-05 5.5140814818599654e-05 7.883818224872968e-05 0.00010133038325642836 4.3419245627119886e-05 0.00018195182322347994 0.00022367329899265032 0.0010512496416580205 0.00032623733969096476 0.0006421453210522613 4.7129264826394947e-05 8.691694189827728e-05 0.0 3.0357120028362748e-05 2.4472684100577197e-05 2.548752345363189e-05 1.4387167224094672e-05 8.983875700164021e-06 0.0 0.0 2.899458150013055e-05 0.0 0.0002510574339442341 9.9238857774448e-06 0.0001352307812763138 3.933530435633197e-05 0.0001720929330645198 6.708954189197688e-05 0.00010643587431380707 0.00010254912084324703 0.0001147866544552045 1.2449670871269397e-05 0.00011707602471885838 8.739109349182225e-05 0.00032600160518386827 0.000514617593711981 0.0011777907861098005 0.0012447063782159782 0.0005220172713787942 1.4183833174570483e-05 7.482247823624609e-06 2.559358553624571e-05 0.0 1.0264098552266054e-05 4.853667962797185e-05 7.27859769429223e-05 0.0 2.127170425912329e-05 0.0 9.481708229771254e-06 3.014127145012135e-05 0.000755768087331744 0.0001541007851079585 8.53509816470871e-06 1.8686331972926938e-05 0.0 3.8617993340599574e-05 5.7409085958025175e-05 0.0 0.00018907890995181525 0.0002700393432359266 0.0008743403844466743 1.3706061920685988e-05 0.0 2.220833890920162e-05 0.0 8.084178892512687e-06 2.6845488161296625e-05 7.317967734407599e-06 0.0 1.8006021423502844e-05 0.0007115763408316037 0.00019382023061461663 0.0 3.383838842192311e-05 0.00013344159933882028 0.0004912178616490795 0.0 0.0001784149385609307 3.255410811162038e-05 0.0 6.755536052415189e-05 0.0 1.6713921098348894e-05 8.446768318741e-06 0.0 0.0 0.0 1.941945381076535e-05 4.252039822702229e-05 1.805880310790055e-05 1.5628755126586274e-05 0.0003547319759594559 0.0007333515120617279 0.0006133296554117172
0.0006703284200211818 0.05214095050394182 0.04306952763791037 0.00027294921425720023 0.31107004623907114 0.0004473775296282023 0.08458803223789922 0.025817307828177944 0.0 0.010056633852595247 0.03677924607897506 0.008112511482656605 0.07048528203503863 0.041635030583786876 0.0009716231562537848 0.0011627644675976168 5.468602709846289e-05 0.0 8.890081635898262e-06 1.2843970184451591e-05 1.2849171382448155e-05 0.0 0.0 0.0 0.0 7.0972248151880425e-06 0.0 0.0 0.0 0.0 0.001666842557160043 0.00033834875962282187 0.0015872148340801892 0.0 0.0 0.0 0.00017204760362199756 0.00010066121463410487 1.2672104065976241e-05 0.0 0.0 2.5244040095185673e-05 1.3435656555665831e-05 7.630196743212741e-05 1.7947164084002315e-05 3.8173426407200146e-05 0.0024560505110430035 0.00012409748659313304 1.1515273601677766e-05 0.0 3.75627632920258e-05 3.007538884975419e-05 0.0 0.0 6.120624970398719e-05 0.00023173234407505443 0.00026863843220907747 0.0011532765123510307 0.00047343135628603053 0.0013840667512953206 5.457028393310699e-05 0.0009748706098468647 0.0 0.0016945830276893442 7.444136523523514e-05 0.00014892259284815434 4.095587946371816e-05 1.9918700501474103e-05 2.6570095658092366e-05 0.0 0.001451703416973882 0.0 0.0 0.0024228620435088302 0.0010159180938162347 0.003663186087337828 0.0029736754430158166 0.0004481557799428347 6.25439185810283e-05 0.0029590519309864367 1.6526774183526586e-05 7.640599423859876e-05 0.00022779859536672944 0.0 5.690101783967229e-05 0.0001921886581843649 8.669479335757634e-06 1.2904169952244136e-05 7.887810838891106e-05 0.0 3.626334622030314e-05 0.0 8.26282660802559e-06 8.370772530850747e-06 5.306776224298893e-05 0.0023417389993465932 0.0001421705616835835 0.0 7.552831598761502e-05 0.00018629137012821106 0.0001067844826738795 0.00024825919796170266 0.0002462427465579413 2.950973010222722e-05 0.0002633507665730523 0.0006034932603202306 0.000735010557019401 0.00033761680543571585 0.0007955758683774503 0.0007268129235797402 0.00028545370265831783 0.0011649706135695534 0.0046466319412424755 0.0013239274747562687 0.0021612018530176892 8.514252951853606e-06 0.0 0.0 0.0 0.0 0.0 0.0 0.0 0.0 0.0 0.0 0.0 0.0 0.0 0.0 0.0 0.0 0.0 2.6246704796406244e-05 0.00020506688533981552 0.0003400109312200963 0.0 0.0 0.0 0.000821590064365955 0.00021942435176493025 0.0016290443935447234 0.0005194886653637706 3.025888934676039e-05 0.0 0.0 0.0 0.0 0.0 8.856101690177796e-05 0.0 1.8605869394375443e-05 8.820947148167217e-06 0.0 0.0 0.0 0.0 0.0 0.0 0.0 0.0 0.0 1.6266573095311424e-05 0.00016161336395453221 0.0 1.362117923473024e-05 0.0014753526602284592 4.973918738198774e-05 0.0 0.0 0.0 0.0 0.0 0.0 0.0 0.0 0.002583385924428946 1.79999970061211e-05 0.0 0.0 0.0 0.0011277330509693836 0.0 0.0004651394909842429 5.986223987430974e-05 7.437958279116956e-05 7.223361381470485e-05 0.0 4.499351663666757e-05 0.0 0.0 0.0 0.0 0.0 0.0 3.240572253278714e-05 0.0 0.0010866228867572126 0.0006515289061996445 0.0004059828901728059
0.05257809131076281 0.22931361299481162 0.0023589152913477966 0.2407295417694295 0.03263580965698028 0.06407637120662772 0.17285116565492303 0.0006767384285807617 0.010056633852595247 0.0 0.0012397928014587136 0.23936038164476062 0.2335845258950394 0.04710314254898831 0.0004978121956329747 0.00020843455685922482 3.065430791949394e-05 7.138248581216329e-06 0.0 0.0 0.0 0.0 0.0 0.0 1.0088227921235107e-05 0.0 0.0 0.0 0.0 0.0 0.0012200651538943315 0.00011110649546115271 0.005858200705362442 1.1403137002577144e-05 8.607500480427952e-06 8.869165828849687e-06 0.001770014483319742 0.00016415399261615065 0.00018955195822643322 0.0001616756246173278 2.1148940956672858e-05 1.0609625248070217e-05 0.0 4.01635883055887e-05 1.114949661989092e-05 1.623064235875744e-05 0.002819984490220837 0.0002970812090721502 2.4701962654818913e-05 1.727930145425805e-05 0.00015919473458401222 3.89940935845659e-05 9.68550854255717e-06 0.0 0.00045149430573857555 0.0008526554422740454 0.006007032938781566 0.01002204299781855 0.0021155720447270767 0.0029179884915907254 2.0771414026828753e-05 0.0011339238252759752 0.0 0.0016057657982712827 0.0003495810712019694 0.00015807503723478888 0.0001720503101122861 5.3454038867667657e-05 1.6816177356903286e-05 0.0 0.021493721647198878 0.0004521627889140528 1.0654888650862996e-05 0.009388225056640468 0.0021215187902781465 0.003896004027781502 0.0022905849614310854 0.00010483248832322362 1.1251504090844124e-05 9.145664269797821e-05 7.442198712912666e-06 0.0002583145375283993 0.0011655069791426367 6.119797538134248e-06 0.00018626029103453433 0.0010172295113315397 5.466601819907725e-05 2.624397211794921e-05 0.00020632135212815195 0.0 6.54640092504232e-05 0.0 0.0 6.788464030791293e-06 6.421152080742808e-05 0.037484499776685276 0.010554488474199883 9.057014586589039e-05 0.00042129444623164333 0.037144388462229984 0.0005783836207525663 0.0019766672592456272 0.0023487824120298818 0.00036323630473404644 0.0007835940730482023 0.0052336031224623535 0.019486937587638708 0.007191186267395455 0.007923038868318473 0.010178553372824412 0.002293417825004131 0.015895849820913095 0.03398791920936689 0.008808013441946011 0.009855728530257787 2.5373641356166837e-05 2.0585478599455735e-05 0.0 0.0 0.0 0.0 0.0 0.0 0.0 0.0 0.0 1.52574672432444e-05 1.4606657096380073e-05 0.0 6.013327261675899e-05 0.0 0.0 0.0 1.7673538712866947e-05 0.0007602558461763648 0.0014597274507521711 0.0 1.895742620064147e-05 0.0 0.0017853443739431014 0.0005765389460859225 0.0030397942931138285 0.0010047843920778256 0.0001972215909356291 1.1975403138890032e-05 0.0 0.0 0.0 0.0 7.809188320764823e-06 0.0 0.0 8.476846284278816e-05 9.064816497445491e-06 0.0 3.298282095550488e-05 0.00013698577342115368 8.207374869052156e-06 0.0 1.0502072717081273e-05 0.0 0.0001211370946095769 0.0001551799909941447 0.0009304127283611015 0.00014776870399835324 0.000389998523628293 0.003730907318597782 0.00012898360847152482 0.0 2.1882225616602672e-05 0.0 0.0 0.0 0.0 9.196908480978645e-06 0.0 0.00770992974671531 0.00022431310441564496 0.0 0.0 0.0 0.004666017854271721 1.085166199485823e-05 0.0009568043505119326 5.8404629185325096e-05 4.488814455536415e-05 0.0001753960837683263 5.2022327708067616e-05 8.199128556361625e-05 0.0 0.0 7.266109467605164e-06 0.0 0.0 0.0 0.0 0.0 0.007730816079549493 0.0008470025410681528 0.0008525923401740077
0.003062452173000529 0.05301307127543554 0.18032047872878482 0.0003423300324560548 0.040722121094755814 0.00015391898285675175 0.0027877290701269594 0.11687145421545138 0.03677924607897506 0.0012397928014587136 0.0 0.02183040575987318 0.05708425614472015 0.22551957288990557 0.0018089852552016009 0.0025617710407309507 0.00020324689928441508 8.951001407533435e-05 5.5504985782484975e-05 5.3350231814088896e-05 0.0001607478187958977 4.209457860645417e-05 9.080279130771442e-05 0.0002745663649768949 4.505437794036993e-05 0.00012750010793139183 8.859550216528976e-06 9.943189759650133e-05 0.0 2.494708163518327e-05 0.019155195743137534 0.01491843187424831 0.02828817065485147 0.00015816362383866994 0.0 2.629281532952071e-05 0.005308950815804962 0.001118560433153348 0.0007476121545653376 0.0004201164784994796 0.00011133885567966272 0.00023808945139555405 6.735879383896496e-05 0.0001937558971013498 0.00023956257458924648 8.56451652998395e-05 0.005303678672351882 0.0002882381443077214 7.071458162293416e-05 0.00012703155149698767 0.00019923932328241712 6.000916347016847e-05 0.00012214195114664325 0.0002800090748182604 0.00014098578275036566 0.0002649824733599948 0.0004872269982530784 0.003575090302111665 0.0006967015510477869 0.0028974825652463105 0.00010651564119796802 0.002866831918546641 2.5847562949274976e-05 0.006431869031937278 0.00015616484660213752 0.00019489281829516473 0.00010600711649458961 0.00025417419434356606 0.00044704179673812656 0.00024036006182160034 0.012860617229507088 7.437001044625776e-05 0.0 0.004891019463856313 0.002266993760266935 0.007456934313149966 0.007365566464853293 0.001002845185523733 0.0007747698751512873 0.032987121023745535 9.296335677229577e-05 0.0027567683190759845 0.000539385340476881 8.749009387785663e-06 0.0002062792045481082 0.0004890203224756663 0.0001480175593471996 1.2916729456294294e-05 0.00010639609106993668 0.0 4.983865687782396e-05 6.647376411362378e-06 0.00014234280126811466 0.00016434786932098143 0.0001949643023170608 0.003288102974189308 0.0005613036960878417 1.3660928320119919e-05 0.0005916502588684322 0.0009055286896179217 8.228915491643771e-05 6.349431226713782e-05 5.700193280855068e-05 0.0 2.4545243545307724e-05 4.050316800990073e-05 0.00018270480024754076 0.00018231278158225414 9.473223946331765e-05 0.00011558886694405703 0.00017049380322063323 0.0001810915714907399 0.0011862717339736501 0.0003613997540927322 0.0006316214654720294 1.5171008712711756e-05 1.9166268305180623e-05 0.0 0.0 0.0 0.0 0.0 0.0 0.0 2.750160995191182e-05 0.0 0.0 2.093304341794244e-05 0.0 1.7004908086614654e-05 0.0 9.073501860474782e-06 3.255600504591597e-05 7.455570050187766e-06 4.1140805507986114e-05 3.36392359397462e-05 0.0 4.9025673081386585e-05 0.0 0.00045232745100894583 0.0003320262189768798 0.0012214972880497839 0.0007576476452082 7.984802193882403e-06 7.71796582078874e-06 0.0 0.0 0.0 0.0 3.189376888725315e-05 0.0 0.0 8.458459058765025e-06 0.0 0.0 0.0 0.00016048807827786417 1.0212790237003094e-05 0.0 0.0 0.0 0.0 4.854184495956366e-05 2.8216578834483334e-05 1.8524108793556857e-05 3.872187782006795e-05 0.0011292264694243916 0.0 0.0 0.0 0.0 0.0 0.0 0.0 9.036624934005048e-06 0.0 0.0013301478724359501 1.9978420911920645e-05 0.0 0.0 0.0 0.0006344424276610871 1.1775347164898268e-05 0.00040585866090222486 0.0 7.2503202792035965e-06 1.5081337007760042e-05 9.890335317688506e-06 0.0 0.0 0.0 1.929656526055231e-05 0.0 0.0 0.0 0.0 0.0 0.00043262852104860694 0.0008398336267108765 0.0005723781579117666
0.002182932227108283 0.011207005818093531 0.0017516484907175573 0.00919353874457907 0.007125025645460688 0.009888259669637673 0.036851218803408164 0.003249059297862063 0.008112511482656605 0.23936038164476062 0.02183040575987318 0.0 0.10868470128803821 0.07135041091565483 0.0009141616319040931 0.0009132676982014458 4.77154374495141e-05 2.8122839423786716e-05 1.1185479163473985e-05 2.518832021213863e-05 5.0566227962546514e-05 6.077114011528117e-05 4.854004423832208e-05 0.00010913841246608101 3.805879054592735e-05 3.292070034248025e-05 0.0 0.0001618768824005326 0.0 0.0 0.00021581591305559945 0.00011168354378476537 0.03340965870773428 5.3617885144179617e-05 1.0363004433170506e-05 5.3925267064571585e-05 0.017077545945553507 0.0020150876759486265 0.0016653235169979599 0.0009139229278864068 5.191161779484477e-05 0.0005287388439954212 2.32036498588327e-05 3.8121245912062994e-05 9.253775519669625e-06 2.653750732887615e-05 0.0012449989729300698 4.7489357267683135e-05 4.4365465716194294e-05 5.6815926217676175e-05 6.914213638418058e-05 4.1329292573868395e-05 0.0001548370159368498 0.00047220663470269895 0.0 8.237153606298923e-05 0.0005783394105695956 0.0001458150205108261 0.00022986123643741887 0.00043183300476059015 2.0099451240782907e-05 0.003414938439497071 6.529509727122152e-06 0.0002591894267394328 4.5360041689182033e-05 0.00011217272340190002 2.548847704455179e-05 5.8921462369828934e-05 0.00019466252978850987 0.00010198103741289743 0.0451733447901401 0.0002819552838608995 0.0 0.0005867629277798232 0.00014837071477036298 0.0011153537636476231 0.0007915242968216015 0.00032692350044951897 2.2698480087568314e-05 0.00709203683766213 1.758980545978719e-05 0.001325007138366096 2.725365126318419e-05 0.0 6.573445788285227e-05 3.887218367482528e-05 4.802307157335533e-05 0.0 9.8828659965726e-06 0.0 3.4499794529504597e-05 0.0 8.832344466841914e-05 6.514447431190158e-05 0.0001864973241332059 0.09391765193531973 0.004544477467559606 7.41435328874345e-06 0.002067261059859412 0.0031082671367665383 0.0005044982087018716 0.0003552304415595725 0.0007518734085243505 0.00011270458404068552 0.0013078112809564476 0.0021337701831243452 0.00470741753267233 0.003517664049239849 0.004310102108192844 0.003838588857059446 0.0021222839072262533 0.007065186453451931 0.026866791624972495 0.006879469445082825 0.010929521313465794 0.00017664910451431248 4.894944672375152e-05 0.0 1.632758640425295e-05 0.0 0.0 0.0 0.0 0.0 8.097439214725473e-06 1.176127387084452e-05 1.2047350008199773e-05 4.100613455915913e-05 7.90492315604309e-06 6.699421980500722e-05 0.0 1.668881575364087e-05 7.3890817060959574e-06 2.385972610480695e-05 0.0008872114417370231 0.0011901871708897734 3.227002398299871e-05 0.00014532231004540182 6.267466642834539e-05 0.004598283043877068 0.001535274652394464 0.00815848191988619 0.002998072418259741 0.00022669463824541856 1.5455885887393984e-05 0.0 4.3614595701085424e-05 9.823798013107681e-06 6.958843572186018e-05 1.8265869540750644e-05 0.0 0.0 0.00028622815682712694 0.0 0.0 2.2008169073607487e-05 0.0003893912239848529 2.1111948460676715e-05 2.9921503755526155e-05 1.0536455505150943e-05 0.0 8.966635516432566e-05 0.0003004929444623712 6.270705720768148e-05 0.00012436106196993466 0.00025318246889579385 0.008690822587801152 0.00022884118563882338 9.07878390020903e-06 0.0 9.250215636671316e-06 9.532651049290579e-06 2.655229567379283e-05 0.0 8.253588446916769e-06 0.00010480248636030543 0.012983183331632524 0.0006073459031319506 0.0 0.0 7.832646657394464e-06 0.005852785610944809 0.0001523756326732535 0.0019426680276469553 0.00021297318565193936 0.00027041530855389406 0.00020976047066443649 0.00012523450570792598 0.00012070480992722583 1.511307706803855e-05 0.0 0.0 1.1738159965562067e-05 0.0 2.481038394983398e-05 1.5378868760930414e-05 0.0 0.0071241198690127775 0.0028781499075657287 0.0032217388143927477
