0.0 0.21697317913811592 0.03102301983633579 0.1724251512194302 0.019002044927065476 0.005470555848535248 0.03193742674757038 0.0005419657520577035 0.0011413818197238987 0.11205816572621485 0.004868540354581948 1.6043530713531514e-05 0.0006304747291214229 2.975335415963558e-05 6.530025783642696e-06 1.9500853154536438e-05 0.0 0.0 0.0 0.0 0.0 0.0 0.0 0.0 0.0 5.495520851916884e-06 0.0 0.0 0.0 0.0 0.07563827225672885 0.0 1.5203388941972565e-05 0.0 0.0 0.0 0.0 0.0 1.2271022382070787e-05 0.0 0.0 0.0 0.0 0.0 6.011917775361333e-06 0.0 0.0002832077735441241 2.139305062371687e-05 1.5554187834596873e-05 0.0 0.0 0.0 0.0 0.0 0.0010661780351773039 0.000985261202929109 0.029671841302741545 0.08411972587325328 0.003433425567536312 0.0014610859237703302 0.0 7.1403627663605185e-06 0.0 8.63996785284854e-06 0.00022299262000846678 2.48164662888633e-05 2.61114858745893e-05 1.8611833277322345e-05 0.0 0.0 0.00010757798579674755 0.0 0.0 0.02347114242328786 0.0006842711206728953 0.001542613366403802 9.361741775255263e-06 0.0 0.0 1.8751553468826455e-05 0.0 1.9766631359905115e-05 0.0003500715004780716 7.155902322962203e-05 9.035871321622516e-05 0.0004562443596607217 2.7573993899783345e-05 1.6956797731760672e-05 8.558355952233569e-05 6.486117951005069e-06 4.387113618396031e-05 8.39534985717711e-06 0.0 6.679657370020449e-06 7.95686603781955e-06 0.00022627299313307883 6.965892182054573e-06 0.0 0.0 0.07362339065357551 1.4050921627248443e-05 0.00019837684047337132 0.0002420840026995485 0.009055469840001404 9.10355700574521e-06 0.0027508180232575824 0.000351781031469752 0.00044765701495439884 0.012275831425314854 0.0010264941510566815 0.0 0.00023477859533275008 0.0004955577378202498 0.00013765027972139474 1.7191819695122632e-05 0.0 0.0 0.0 0.0 0.0 0.0 0.0 0.0 0.0 0.0 0.0 0.0 0.0 0.0 0.0 0.0 0.0 0.0 0.0 0.0 0.0 0.0 0.0 0.0 5.6809518312223576e-05 0.0 0.0 9.77145958189757e-06 7.873671273309356e-06 0.0 0.0 0.0 0.0 0.0 0.0 0.0 0.0 1.3748386899152965e-05 0.0 0.0 0.0 0.0 0.0 5.724908690813237e-06 0.0 0.0 7.506464693663395e-06 0.0 1.807236144289824e-05 0.0 0.0 0.0 0.0 0.0 0.0 0.0 7.78468867820985e-06 0.0 0.0 0.0 0.0 0.00012907506278157983 0.0 0.0 0.0 0.0 3.058199579802497e-05 0.0 4.5901754409541544e-05 0.0 0.0 0.0 0.0 0.0 0.0 7.798946246236635e-06 0.0 0.0 6.11415619857793e-06 0.0 0.0 0.0 0.0 0.0 0.0
0.21697317913811592 0.0 0.12912314221343216 0.08182131186038882 0.171632325719544 0.006358741452636594 0.1882871649224152 0.011901336757625431 0.048467862547222296 0.11480413737109926 0.05275423866812416 0.0035000914596717814 0.044219643438859924 0.01443755157626196 0.0003978249119249811 6.117926150440875e-05 6.452089535300403e-05 1.2888046464538476e-05 0.0 6.005855217160104e-06 0.0 5.26355622702709e-06 2.0440756383962104e-05 0.0 0.0 0.0 0.0 0.0 0.0 0.0 0.16001223330668893 0.0016930552667314262 0.00035717761372158513 0.0 1.62122479186207e-05 7.279395697150577e-06 0.00046786392425514 4.320075399235248e-05 8.558106356456243e-05 2.557438720971315e-05 6.732276541387698e-06 0.0 1.3789115930145962e-05 1.4664895438192184e-05 5.760302175902775e-06 0.0 0.007206502419963789 0.0003121903480289457 2.5071324292500444e-05 5.2843100872018905e-06 4.657244887192369e-05 5.879666906437793e-06 1.738588250999029e-05 7.36641279727737e-06 0.004174439607159754 0.004666217990100774 0.03402580720530365 0.0805173830790505 0.00905373076607439 0.01118203335551182 0.00014680285263828527 9.737758100884767e-05 5.434012343061806e-06 0.009671876789732295 0.0013540884422760884 0.00018384966218854814 0.00014301870636816477 6.185971939743625e-05 4.2767006353352766e-05 1.6427519086770336e-05 0.0004004311330827961 1.1457280962311624e-05 0.0 0.0935642712477179 0.01492026658044795 0.026982450871781954 0.0010132834272948935 0.00015974999380717863 0.00011427820621934095 0.0012467979611336328 7.144328031004799e-05 0.0005965801914505045 0.001917339433362255 0.0002529304135662362 0.0004662710460526165 0.0024889697663428353 0.0003762417979374028 4.959287579018271e-05 0.0005144294607683394 1.18419760303721e-05 9.792885818026745e-05 4.792266574006316e-05 7.834073219041564e-05 8.303442870568767e-05 7.533028556977536e-05 0.0005220102706406089 8.945892684340324e-05 0.0 1.5278309193489763e-05 0.011189356816722888 0.0 0.0002878501406060784 0.00035858900430190793 0.004031359091054066 0.0 0.002305657113157258 0.0009084604015984423 0.0010306803558866305 0.0016076602118691864 0.0009197401272535513 9.77000281885959e-05 0.00046930277743791634 0.0008565179726761935 0.00035031934939413074 0.00011399796197097311 0.0 6.860028856087174e-06 0.0 0.0 0.0 0.0 0.0 0.0 0.0 0.0 0.0 0.0 0.0 0.0 0.0 4.651718666192346e-05 0.0 0.0 0.0 0.0 0.0 0.0 0.0 0.0 0.00014153499573158417 1.4859034222753171e-05 0.00036430600640271967 4.604008152887848e-05 1.762590345584689e-05 0.0 0.0 0.0 0.0 0.0 0.0 0.0 0.0 0.0 0.0 0.0 0.0 7.49788188505446e-06 1.1009374250875893e-05 2.8552526834897434e-05 1.4698099494387395e-05 1.1312024258564146e-05 1.3177895578901076e-05 2.1845766835098196e-05 0.00011017354955496782 0.0 0.0 0.00039105646011735744 0.0 0.0 7.394342701681761e-06 1.3346630009676544e-05 1.3820986541549575e-05 6.061174846114583e-06 1.6127118577036248e-05 0.0 0.0 0.00038605641669711135 0.0 0.0 7.75029030776605e-06 1.4041871958372952e-05 0.00046813190204814104 0.0 0.0002208558186775114 0.0 1.28250918814046e-05 1.4407199171477589e-05 0.0 0.0 2.3754210776544093e-05 2.7566824480817704e-05 1.9795491893052768e-05 0.0 5.822695599179838e-05 0.0 0.0 1.4558415962677158e-05 0.00018437947482981306 0.00012090485441078951 5.440788486359195e-05
0.03102301983633579 0.12912314221343216 0.0 0.0015474532877947271 0.03811074814552007 4.419755984713313e-05 0.0036613366964916615 0.06458502458748643 0.03711892218540694 0.0029392188106979783 0.04700935636033797 0.0023761795842485926 0.009744390910130006 0.029708507560663823 0.0004067840858784521 0.00013508429511661888 6.222382977039481e-06 5.7982955912411626e-05 0.0 0.00024475780022463093 0.0009668122133395399 0.0 0.0003402738079427101 0.0002096517844546435 8.63365830480715e-05 9.384654499773348e-05 3.172240601572322e-05 9.408928671865345e-06 0.0 4.488986459547705e-05 0.35038419113246627 0.0669419422883178 0.0016661462373240743 0.00030329587375313373 0.00027096566690573384 7.870332051940213e-05 0.00039884385764515554 0.0002003660826005135 8.616491892557597e-05 4.724908398765032e-05 9.636522168441104e-05 4.048947558235105e-05 0.0008787595067204706 2.352615461570229e-05 1.5177732386472571e-05 0.0001872324548269248 0.0021946164185799115 9.273896782144911e-05 2.053749495472921e-05 0.0001804005965931657 0.0005881459199343405 0.0001054205569273167 3.1092282461367724e-05 1.633225441639063e-05 0.0009401343614757198 0.0011968851548806354 0.013599927601112949 0.054512738581486184 0.0023619009204980143 0.0026831205695743193 0.0034060954111761067 0.0013078519711396419 0.00010086223045523723 0.020610352590646044 0.0003094627551273022 3.462634930989824e-05 0.0006640648867073927 0.0002864697178345246 0.001052158415713812 0.0014954806838869627 0.0004631319080965325 1.4455263253035048e-05 0.0 0.02914659665244205 0.009548183061820084 0.009026393032178958 0.0008389713577292298 0.0002443184988477016 0.0004867660951496204 0.02205124217594511 0.0006208801910298094 0.013525005252037184 0.0005462778819545536 0.00011062825511227204 8.051969846790478e-05 0.0006614501247009737 0.0005628506237353832 0.0 0.00016987208444168035 2.496495921320967e-05 0.00020520106993653079 7.118035185154758e-05 0.0018040878100256893 0.0009880460124936192 8.461254626180816e-05 0.0006262477347497371 0.00016970587114468116 0.0 5.7642659829889824e-05 0.0005239990794754885 0.0 0.0 0.0 8.725019988023735e-05 0.0 3.937488357659325e-05 0.0 0.00010045990202632383 0.0001930078078357917 0.0 0.0 8.625596506955475e-05 1.9991850582722266e-05 0.0 0.0 0.0 0.0 0.0 0.0 0.0 0.0 0.0 0.0 0.0 1.070633291093014e-05 0.0 0.0 0.0 0.0 0.0 0.0 5.725371134237154e-06 2.9417970489492768e-05 0.0 0.0 7.302941001870893e-06 0.0 0.0 0.0 5.278469828690498e-05 3.271935011767834e-05 2.0573457770834444e-05 1.3624338548687465e-05 6.381675081629185e-06 4.6021348374209335e-05 1.619805130302229e-05 0.0 0.0 0.0 0.0 1.5214029999249557e-05 0.0 3.739218323507824e-05 0.0 4.154240846491991e-05 3.189637573007432e-05 0.0 0.00011881298208648896 1.1599695427823275e-05 0.0 0.0 0.0 0.0 0.0 0.0 3.6841686519752134e-05 8.282783928342199e-05 0.0 1.2034265482921686e-05 0.0 0.0 4.1394642111187054e-05 2.3605386147315815e-05 7.20821297787138e-06 8.895581136576319e-06 7.68179603226211e-05 9.573566790275551e-05 0.0 1.7045758242646998e-05 6.0595707372062914e-05 0.00035166402577486847 0.0 0.0 0.0 0.0 0.0 1.1258148495467146e-05 0.0 0.0 8.592334855132295e-06 0.0 0.0 0.0 2.6018441551002363e-05 6.928142929777062e-05 7.033530826803199e-05 6.351232612123275e-05 0.0 3.5508160458247234e-05 6.943469462058447e-05
0.1724251512194302 0.08182131186038882 0.0015474532877947271 0.0 0.006705879475718836 0.03226832141491132 0.10733565608200045 1.942864042755468e-05 0.0017910859123752775 0.14583025448432338 0.00044324143553608146 0.0004072733373287442 0.010154917896035313 0.0006227108976575054 6.388802540589789e-06 1.1024137105700157e-05 0.0 0.0 0.0 0.0 0.0 0.0 0.0 0.0 0.0 0.0 5.457090345831306e-06 0.0 0.0 0.0 0.004694997493620174 4.739246530001484e-06 0.0 0.0 0.0 0.0 6.269628617656616e-06 0.0 0.0 0.0 0.0 0.0 0.0 0.0 0.0 0.0 0.00038039223826748085 1.878315376946079e-05 1.3473374400886641e-05 0.0 0.0 1.0151308048534321e-05 0.0 0.0 0.0005351143426700192 0.0005920831840047308 0.006287900005562135 0.009829880423147164 0.001139968614704621 0.0010155815780957384 1.3462905600472427e-05 2.581950165849679e-05 0.0 0.0001751952366847014 0.00018817667242823668 1.2235307792521666e-05 9.126378831641865e-06 0.0 0.0 0.0 1.8210988465850116e-05 3.2849132854937274e-05 0.0 0.011026638206886616 0.0006876770156066758 0.001877080620319585 1.8247081137128818e-05 0.0 0.0 0.0 0.0 2.7480873606503077e-05 0.00024399131857938535 4.366508561649615e-05 5.186809831922321e-05 0.00021217264571168846 3.056015936972025e-05 2.757403939326248e-05 3.6767569250226033e-05 7.019222906770369e-06 1.6791896237024125e-05 9.38816421126822e-06 0.0 5.806667981466953e-06 0.0 0.00039416226548712554 0.0 0.0 0.0 0.01017319170172049 0.00022241159716863526 0.0016684111098657676 0.02287709689793606 0.01213008614942748 2.1383252300014694e-05 0.016408127726261365 0.004541858992492309 0.006229179401594888 0.01799975504184903 0.011033335631006138 4.486472746067097e-05 0.004495697001689853 0.001619239385762757 0.0003462025883725155 7.058433162254788e-05 1.576281562973874e-05 1.0383171086043506e-05 0.0 0.0 0.0 0.0 0.0 0.0 0.0 0.0 0.0 0.0 0.0 0.0 0.0 0.0 0.0 0.0 0.0 8.405038378171371e-05 6.797252713395761e-06 0.0 0.0 0.0 0.0001980468131082924 0.0 6.045685420676813e-06 0.0 5.587636313497614e-06 0.0 0.0 0.0 0.0 0.0 0.0 0.0 0.00013532327015413945 0.00012454843863919958 0.0 0.0 0.0 0.0 0.0 3.5597850189852654e-05 4.2874221674850835e-05 0.0 0.0004951598399261838 0.0004226880054964926 7.876942475301925e-05 6.303596787627738e-06 0.0 0.00014775374541387188 6.425142290045513e-05 0.0 0.0 0.0 1.4450966990203679e-05 0.0 0.0 0.0 0.0 0.0005344298513162971 0.0 0.0 0.0 0.0 0.00024250854696354903 3.449590139613843e-05 0.0001747074984446962 0.00047692487948861485 0.0006481523206782096 6.259521468317383e-05 5.634020758137713e-05 2.148645977850548e-05 0.0 5.835657928103817e-06 1.410685298890791e-05 0.0 0.0 0.0 0.0 0.0 0.00029152450051060283 7.109877718491606e-06 0.0
0.019002044927065476 0.171632325719544 0.03811074814552007 0.006705879475718836 0.0 0.0007459588398261112 0.11941505976516972 0.01843807166560379 0.3720415578828437 0.10337512992102314 0.14994811621006607 0.006015089702632086 0.11464263708944332 0.10598858722216212 0.0004981193665348187 0.00022738646635259713 2.0804881774185674e-05 9.751924770290119e-06 0.0 0.0 5.4101525591458555e-06 0.0 3.6814041501697726e-05 1.8617716511712577e-05 1.5531581992305088e-05 8.234850629495174e-06 0.0 1.1026022214136903e-05 0.0 0.0 0.019075627650861748 0.001997373268098169 0.001397011064154221 0.0 2.257928911723058e-05 0.0 0.0008968395296186039 0.00010017090315416852 4.8435838810068096e-05 6.678098666254444e-06 2.1785078975604762e-05 1.6991391326648956e-05 1.7979325511312317e-05 0.0 0.0 0.0 0.004911441893103445 8.947652928635773e-05 1.1835566750024e-05 9.55068193603449e-06 0.0001136305977100451 0.0 1.0592932243005584e-05 2.702716183879175e-05 0.000918333991390912 0.0010731407242650795 0.003985412659397901 0.011001240073782267 0.001946312450241298 0.0033881760509288325 0.00012409993123716544 0.00024845720274352905 8.723162617358735e-06 0.009420001873909147 0.00028329415506059567 5.2912788931750316e-05 2.5005583123347943e-05 6.293666842015034e-06 5.4259961711945536e-05 0.00013471837295481125 0.0007055396119174534 6.722644025958052e-05 8.097005387689754e-06 0.018918962627294256 0.0065321123738648875 0.01586840878760087 0.0015985959413536291 0.00032097368482699937 0.0004152912905086314 0.0017899082460899505 0.00012648972622248162 0.0003794309588447531 0.0006411435846809082 6.049493843239111e-05 0.0001253711789341439 0.0005221257971348938 5.841847338025531e-05 5.566565324021599e-06 0.00019116392664988324 0.0 8.911117115535465e-05 2.9922272331064677e-05 0.00010684360046356423 9.797794608594772e-05 6.294192048772798e-05 0.0010414527576964368 0.0001643408613673737 0.0 2.4690793423676534e-05 8.25943769071946e-05 2.0945098860486258e-05 1.8394872225180435e-05 0.00013177371299680267 0.0007291787608515575 2.816862238166868e-05 0.0003820012026108821 0.00014326281289345905 0.0004245156905621417 0.0005794791586306977 0.0008728212623219505 7.49687484493361e-05 0.0005876653515549852 0.0007635060408880924 0.00027431506468031353 0.00023370152352181068 0.0 8.589190151512805e-05 0.0 0.0 0.0 0.0 0.0 0.0 0.0 0.0 2.0071735365361555e-05 0.0 6.996428023613795e-06 0.0 0.0 0.0 0.0 0.0 0.0 3.3656923020929624e-05 0.0 0.0 4.0580596812654575e-05 0.0 0.0002849095883117206 7.277522337515235e-05 0.0003767018704001933 5.180416054691871e-05 3.0804410325768695e-05 0.0 0.0 0.0 0.0 0.0 0.0 0.0 0.0 0.0 0.0 0.0 7.077701019893365e-06 6.049006002970041e-06 1.9406220534337845e-05 0.0 0.0 0.0 4.347216058029134e-05 3.920437445844691e-05 0.0 4.825545539852625e-05 8.054643317469205e-05 0.000630015660165279 2.5308640805611437e-05 0.0 0.0 0.0 5.9512736426099814e-06 1.5963001071867465e-05 0.0 0.0 0.0 0.0009333233542726737 0.0 1.010263532606172e-05 0.0 2.0491042137365124e-05 0.0006460591241844868 7.365610875328501e-05 0.0005369607295307547 1.4968379345769986e-05 1.6114433404987634e-05 3.968759603517327e-05 3.292236719762057e-05 2.038197041690743e-05 0.0 6.892040806455116e-06 1.528505327050962e-05 0.0 0.0 1.4751144449384691e-05 0.0 0.0 0.00022455099162790193 0.00034681279505837563 8.531314054041007e-05
0.005470555848535248 0.006358741452636594 4.419755984713313e-05 0.03226832141491132 0.0007459588398261112 0.0 0.0042822877049678645 0.0 6.54028849417955e-05 0.04571110963680828 6.228551981148225e-05 0.006602305081276654 0.002034519542294473 0.0002665557030611431 0.0001241190384984058 0.00015378050731396198 1.7424504265361978e-05 7.614163217745765e-06 0.0 0.0 0.0 0.0003440741207402444 0.0 0.0 0.0 0.0 0.0 9.350424057686544e-06 0.0 0.0 0.0005685549883660468 3.056021502193746e-05 0.00021153403961105186 0.0 0.0 0.0 0.0006621184336266485 1.1707988017240096e-05 0.00019662030544236598 0.0 1.0279156208718982e-05 0.0 0.0 3.1874290191844973e-05 0.0 0.0 0.0001820843230651178 0.0 0.0 7.28218404990625e-06 0.0 0.0029100772400370233 0.00014202968166505476 0.00010375628178864622 4.232981887730867e-05 5.545790793023266e-05 0.028410613029098915 0.0024000787911351686 0.00018758242291144943 0.00023509825592647968 0.0 1.3669037879525341e-05 0.0 0.00011720572087760786 8.371322233241021e-06 1.5929464869106076e-05 0.0 0.0 0.0 0.0 0.007897145624102842 0.02401097056926588 0.0015180746236712142 0.0015182131605905767 3.668483604577123e-05 0.00043117478487958915 0.00015854487331139896 0.00016260385496439612 1.9654053108079256e-05 9.483320580666513e-05 9.507517016328125e-06 9.017830153689048e-05 5.163846711229765e-05 0.0 1.9940128472094242e-05 0.0001613647344973784 1.2571647709095023e-05 0.0001411221923186769 0.0002751130940657661 0.0008015967009674131 0.00047050955336631575 0.0009836426968805629 0.0 0.0 0.0001896712931078108 0.01062223041635565 0.012653548013633453 0.0029959765379968277 0.0014581799072102219 0.023061268860223496 4.8414569504357756e-05 9.69999683479529e-05 0.0002876886961740725 0.004946995425577664 1.2347465560928644e-05 0.0009527447850879943 0.0007453024016067031 0.000811771649282784 0.002683147572825139 0.0016677265805271988 4.1467194935051724e-05 0.0009847769221935187 0.0010320703265469093 0.00021691549771033316 7.219227346687907e-05 6.119038576427003e-06 1.590091969852259e-05 0.0 9.66212505930308e-06 0.0 0.0 0.0 0.0 1.2923561412800481e-05 0.0 0.0 0.0 1.4916173149189137e-05 0.0 4.093368407144824e-05 0.0 0.0001496547611093737 7.460417077442663e-05 6.55327308399041e-05 0.0 1.626693991423671e-05 0.0 2.3859507421601383e-05 1.1797306292379882e-05 8.263951483050611e-05 0.0 5.800571413577433e-05 0.000167267049206113 5.5911747344696145e-05 9.298912188767963e-06 0.0 0.0 0.0 8.131797740496629e-06 9.127445057454024e-06 0.0 0.0 0.0 0.0 0.0 0.0 0.00025697660890148844 1.434188290258661e-05 0.0 0.0 0.0 0.0 6.917094904619653e-06 8.64257776516175e-05 9.87993723702081e-06 0.0 0.0002269668791110862 0.0 0.0 0.0 0.0 0.0 0.0 0.0 0.0 0.0 0.00030530464494998795 0.00022805225988639113 9.89982804614467e-06 2.4120321095847972e-05 9.076979980240016e-06 0.0004502895892037974 0.0 5.326283607775809e-05 0.0 6.2329900246281856e-06 0.0 0.0 0.0 9.658006795229918e-06 0.0 0.0 0.0 7.53742764390545e-06 1.139457946426075e-05 9.71184457348025e-06 0.0 0.0004235570113346733 0.00020485125246634008 0.00032293020830895193
0.03193742674757038 0.1882871649224152 0.0036613366964916615 0.10733565608200045 0.11941505976516972 0.0042822877049678645 0.0 0.002072441855300118 0.25791374759333224 0.423466310647416 0.025420865126119883 0.029373863894078023 0.34167846448858813 0.19495427319314984 0.0007419396486250467 0.00026725997171113327 5.005061748511449e-05 1.8909147297422884e-05 0.0 5.8764885464774235e-06 4.0531912164706854e-05 0.0 0.0 6.6111786418025834e-06 0.0 0.0 4.458991681211307e-06 0.0 0.0 9.551355946220637e-06 0.005501680144713721 0.001264684225537356 0.0009501920165597523 0.0 6.610367709494743e-06 3.1176478524103346e-05 0.0014424344740646745 0.00010693740713419002 0.0002454287199459875 6.333699336924441e-06 3.659717938683085e-05 2.2944809346358385e-05 3.6600555179657016e-05 2.6913675042435806e-05 0.0 0.0 0.00668600622398614 0.00012040859519797217 2.8749354151570543e-05 1.8288387449454256e-05 5.586484842622588e-06 1.84380565789944e-05 1.191152407619197e-05 2.584062299997885e-05 0.0012927274025212334 0.0014465477652147157 0.005340949492586752 0.009609201329410436 0.0026208697016600487 0.0045674710655284395 5.728374984745003e-05 0.00016571702806936423 0.0 0.007187823007227409 0.000421232644806051 4.1567372901178954e-05 7.894963988285664e-05 2.6506978797840318e-05 1.6188918155820993e-05 3.951907184610724e-05 0.0016510988097456604 0.00019765060509821872 0.0 0.0259337664604821 0.007079588047889923 0.020957272923897118 0.0022247729995542526 0.0005954763177967693 0.0006835363435657696 0.0007417445217927887 0.0002765904727167447 0.0006401707189965795 0.0007188068606645509 0.00010578212938249706 0.00015855339649263234 0.0007557918304427613 0.00011951342928423108 4.317124462502171e-06 0.00018564148911726246 0.0 7.9178675699395e-05 1.1457124606082336e-05 8.355288652790573e-05 0.00013439134330082888 8.106357389443627e-05 0.004418141184395737 0.00034226250238136554 0.0 0.00018672714020333666 0.001395918642048387 0.00035370371354511706 0.001957077559402229 0.016904833936362176 0.008684109469850222 0.000148513250656175 0.006823029743578846 0.005512157555320968 0.004723314352749316 0.007752237220198433 0.014315506442372016 0.00033429007315683617 0.007266854784924331 0.00415124909680791 0.0012146429373072558 0.0005954670415438671 2.6434734269591592e-05 6.016295175591909e-05 0.0 0.0 0.0 0.0 0.0 0.0 0.0 0.0 2.44004796574687e-05 0.0 7.624093163358469e-06 0.0 0.0 0.0 2.890981583609007e-05 5.2429017458115854e-05 0.0 0.00010459591739003918 1.29412703016625e-05 0.0 0.0 0.0 0.0012956823528392143 0.00037845623543641195 0.0015107191703855678 0.00018680395042181753 8.921217153758055e-05 1.0911768212215206e-05 0.0 0.0 0.0 4.301608359334881e-05 6.818468133625948e-06 5.903149050308424e-05 0.00021732145590052428 0.0003238422253607153 7.21569422592707e-06 0.0 0.0 4.5886994646507126e-05 7.714338136251573e-05 3.340101778390365e-05 8.34299759561031e-05 2.5571983122266745e-05 0.0010370616652536893 0.0007584713332034757 0.00016616133549573643 0.0 0.0001746291966584574 0.00283562693748443 0.00010272692424532764 1.4182527637147225e-05 1.0206210285859764e-05 0.0 0.0 6.914141361949422e-06 6.754020657681337e-06 0.0 1.7659195848894815e-05 0.003598197165581061 0.0 0.0 0.0 3.395498657922537e-05 0.001781414744272363 0.0002488077724020206 0.0020967415770600214 0.001310103193429171 0.0012170947443214876 0.0002651558399984142 8.690455279286288e-05 2.659419863104407e-05 5.596956293142383e-06 7.029956276058442e-06 5.754490936047496e-06 8.11382207433944e-06 5.014514675119541e-05 0.0 8.483768863156347e-06 2.9038775715566043e-05 0.001377381901721129 0.0011902474358731214 0.0007641851406020094
0.0005419657520577035 0.011901336757625431 0.06458502458748643 1.942864042755468e-05 0.01843807166560379 0.0 0.002072441855300118 0.0 0.00707540276264661 0.0003155056327611157 0.1973018917406329 0.0006885137215163486 0.008269581524586882 0.0702149838141279 0.0009540863175601447 0.0008121335132495784 4.7319445615883615e-05 0.0003733259759866444 1.9861507789817178e-05 0.002492322043457129 0.006413903964339796 2.6215110303024858e-05 0.0038838380377190667 0.0019519324439022576 0.0011209202154010133 0.0006190405195366169 0.00033604026206834317 0.00017670465687889364 0.00014876500538617656 5.5901871284563587e-05 0.10679856538113325 0.09837315064900208 0.009544424746129068 0.002404263861719929 0.002686190789768028 0.0010478633940152256 0.0015028466072980755 0.0043666019284027136 0.00031511995847904303 0.0009715079473443196 0.0021045506842527406 0.0005963326680557475 0.006609835328459483 0.00024759608494461075 7.154626473798565e-05 0.0007897959159697736 0.0032447622858130477 0.00012248654563428625 0.00018313741230391596 0.0019031273446807177 0.00296154150025052 0.00018765646818644056 4.917709233354933e-05 0.00046191129331678825 0.000410391977159842 0.0003847188386241728 0.004081465439376185 0.02196605620513786 0.0008869484416206659 0.0016512126154380545 0.03052928711492487 0.015331128142624568 0.0011421956092872423 0.029951802056948213 0.00019796050535309282 0.00032002798714172043 0.0020447357125604757 0.0016418749034951567 0.0061430084223195285 0.011613220567178163 0.0004893455458242227 0.0001950517768516067 1.1349222023870213e-05 0.011178992863760836 0.00734765199626512 0.008968040606938421 0.00416940828940186 0.007186833359749484 0.04165718210175239 0.2699603461031563 0.017960925660422115 0.22200424087858503 0.00025574336106843856 3.294629190912326e-05 0.00010307844043319591 0.0005042477741178437 0.002459586073643983 0.0 0.0006039205691688678 1.3338866525376459e-05 0.0008825226579708082 0.0001768633209084606 0.015014199499895207 0.009215754903375954 0.0011305337896427006 0.00038843831480947987 0.0005258287322445316 0.0 1.9579619592620466e-05 9.945203418916305e-05 0.0 0.0 1.555309687446595e-05 0.0 0.0 1.0167951594952702e-05 0.0 0.0 8.445880303662123e-06 0.0 1.0027382044609818e-05 7.4464415689865685e-06 2.8376901246242356e-05 0.0 7.71302010624077e-06 6.0126271644569895e-05 3.1996585939152785e-05 0.0 7.34625786096392e-06 0.0 0.0 0.0 4.888177958484685e-05 1.604399757379806e-05 5.557540566138573e-05 0.00018060911617566298 0.0 8.409150458664842e-05 0.0 0.00011270649529346296 0.00017070100257441875 0.00013467146476097143 0.00012204836613538622 5.839061547038588e-05 9.372232659882656e-06 0.0 0.0 3.566899006575829e-05 0.0 2.75592138192728e-05 6.156340402545557e-05 0.0002725509596227155 9.820234377603474e-05 0.0001325654108383375 0.00014424886417810698 0.00010310883316905374 8.047811566123039e-05 0.0 0.0 0.0 0.00011737303308505477 7.086380115671748e-06 7.908732170148455e-06 2.390133492135778e-05 0.0001756687182400484 0.00041000998608284285 0.00013898505398262837 0.001004911494212316 0.0 0.0 6.284398539429094e-06 0.0 0.0 0.0 8.153058654205961e-06 8.788467490795715e-05 0.00021257284345571462 3.591612212825774e-05 0.0 0.0 5.5270164733807605e-06 0.0 0.00015753677049820997 3.791658171064081e-05 0.0001523724351075111 0.0005305105783710132 0.00017301106692490365 6.358517487355399e-05 0.00010137491634749952 0.00018613472588466443 0.0020314698228758566 5.895327440359257e-05 0.00021496654734676308 0.00013467079870110207 8.88465033442245e-06 0.0 5.268886914403648e-06 5.329705954123354e-06 1.3972034167676205e-05 9.168629023238457e-05 0.0 0.0 0.0 4.71998410507935e-05 0.0002269842479030653 0.0003686842484835037 0.0006603265179193974 5.572651203151941e-05 6.341144322702094e-05 0.00023071024997336608
0.0011413818197238987 0.048467862547222296 0.03711892218540694 0.0017910859123752775 0.3720415578828437 6.54028849417955e-05 0.25791374759333224 0.00707540276264661 0.0 0.027588692364550613 0.12609677694565377 0.0037648042744532406 0.11750621877121345 0.1628486554966899 0.0002466379856485804 0.00016981332895083987 1.0309461932776903e-05 0.0 0.0 1.638014005750562e-05 0.0 9.273880174816604e-06 2.793619177988086e-05 8.847084204440599e-06 1.8512665001421552e-05 0.0 0.0 2.7384347485866725e-05 0.0 0.0 0.002282994635459097 0.0011081168685192707 0.0016206060240101306 8.252063948613506e-06 8.248341433640471e-06 0.0 0.0007138116382280413 2.4312797380841033e-05 5.9333384788997624e-05 1.9045404242616646e-05 4.184648952962201e-05 0.0 3.026798522939443e-05 0.0 7.1479248426364384e-06 0.0 0.001959091672328567 3.936204911526357e-05 6.7077714567627305e-06 3.3056179862099955e-05 6.616977072814219e-06 3.074848779779449e-05 6.639007753858038e-05 0.0 0.00024303168089706513 0.00019317864468366156 0.0008026957041687737 0.002429104204135026 0.0004835469500643561 0.0008346096536323252 4.8331657417776225e-05 0.00010783454119300947 0.0 0.0027366239243760996 5.187720540705296e-05 1.9235601878494152e-05 5.995688528782145e-06 0.0 2.267853866303586e-05 9.14060751351781e-05 0.0006175432143000888 9.099368248863585e-05 1.0779148978615883e-05 0.004428993492189027 0.0022432574449063928 0.006413951214838939 0.001124466128221492 0.0002845187613410295 0.00037690512687300627 0.0008865503034503607 0.00013877506800837608 0.00028891662877869503 0.00012667833512006323 0.0 4.085161295170447e-05 0.0001235242898784008 4.0040728787446085e-05 0.0 1.4958834990519342e-05 0.0 3.7462819149239184e-05 0.0 0.00012267421992796614 0.00010702720110328163 2.5601657237827822e-05 0.000950320373098524 0.00010905960505834033 0.0 4.032383426647309e-05 2.7382952646962495e-05 0.0 2.7207184394290295e-05 0.00010706257471257932 0.00015616169387298192 3.0241298224507617e-05 0.0006253857751006121 0.00012428997384186644 0.00079763929653629 0.0006316144211605086 0.0005932896273448797 0.00010209518015140922 0.0006333661939517844 0.0010967910319104176 0.00036855271755992973 0.00033111191372112197 6.381700699316474e-06 6.781271251688415e-06 0.0 6.227097073184151e-06 0.0 0.0 0.0 0.0 0.0 0.0 0.0 0.0 0.0 0.0 0.0 0.0 0.0 1.2429023443558192e-05 0.0 7.049017248787981e-05 0.0 0.0 3.580373203392815e-05 0.0 0.0005085969878254599 0.00012139400604043798 0.0005659699539189849 6.305814484314931e-05 7.1058340990589754e-06 0.0 1.661808243721804e-05 0.0 0.0 1.527331639457481e-05 2.2241830856101966e-05 0.0 0.0 9.49048743786342e-06 0.0 0.0 2.1470143961810645e-05 1.178575536552002e-05 1.973655531166423e-05 0.0 0.0 0.0 3.2479822533144106e-05 0.0 8.631718957542837e-06 3.814806048284072e-05 3.3867971245835635e-05 0.000840785863819824 0.0 0.0 0.0 0.0 0.0 0.0 1.4241664743191403e-05 0.0 2.639159408420398e-05 0.0010096641100832905 0.0 0.0 0.0 1.1000270254835988e-05 0.0006459603635831613 8.737518415965729e-05 0.0005599882186377719 2.9768208443102392e-05 2.930755472382115e-05 5.753403509390683e-06 6.2884518759155215e-06 8.335113840685262e-06 0.0 0.0 0.0 0.0 0.0 0.0 0.0 0.0 0.00020455878637271602 0.0003004128473006267 0.00014538577095622688
0.11205816572621485 0.11480413737109926 0.0029392188106979783 0.14583025448432338 0.10337512992102314 0.04571110963680828 0.423466310647416 0.0003155056327611157 0.027588692364550613 0.0 0.004208086610393809 0.14120775911672306 0.28082512525665165 0.01624639634700672 0.0008365458702385781 0.00037126129507065965 5.49676812410867e-05 0.0 0.0 0.0 0.0 0.0 6.544416298632804e-06 0.0 1.4731649831045221e-05 0.0 1.4146819231177789e-05 3.268279676971277e-05 2.3065244277863935e-05 1.0857608887821022e-05 0.0021734287100621 0.0003414223451508573 0.001974534984604174 0.0 7.908585530972962e-06 2.0146222766300493e-05 0.0044112294590467095 0.0001020730208519079 0.0003125957161289607 1.3842083148712876e-05 0.0 9.37736688609879e-05 3.9343534152620605e-05 1.6469965827864206e-05 0.0 2.621073586207885e-05 0.004719219148128182 6.485783684354431e-05 5.917732581321694e-06 4.420022231987369e-05 2.4132859628721096e-05 0.0001095268699076781 9.34968242563965e-05 4.184347105936504e-05 0.0007465575728798575 0.0007233520602803182 0.011440753430890325 0.005004311646285432 0.0015814310577733177 0.0028436675738013548 2.6660173009487713e-05 0.0005790317307050036 0.0 0.0028847659875523616 0.00025195335099803545 3.735330751125502e-05 3.639127413348939e-05 2.137163909567367e-05 8.668770083673403e-06 2.4027059905287645e-05 0.01069553725532723 0.0016430580082388206 2.9887947280208624e-05 0.013746108940389915 0.003036735048322623 0.01371308994813438 0.0016252982020149042 0.0005133211764555491 0.0002237149685621004 0.0005330597939910398 0.00016594485720449452 0.0005544431598039102 0.0004474887668179975 8.800747108353557e-05 0.00010384625994007573 0.0004449435705247691 9.299497994606684e-05 6.8250708716814736e-06 0.00010228993022699092 3.083917794425681e-05 3.9346784065431666e-05 6.776392363145023e-05 7.975214662168862e-05 0.0001526838353221441 0.00010288768760019914 0.03477655344451985 0.002091508756757525 5.835375250175157e-05 0.00044492252471129605 0.016740293341395672 0.0003180383333648446 0.0025305912800176696 0.005966466132551066 0.015201433778878141 0.00047418058164644037 0.027577820529896033 0.012755857680080071 0.023490174756768067 0.03194208133161906 0.034127081005105954 0.0028766699675622635 0.03786145086814099 0.038286101130622856 0.010440326178123509 0.005371605377745223 0.00018935253752513706 0.0002858519609978637 1.0763696212971982e-05 5.1719539583921575e-05 0.0 0.0 0.0 9.160489577293254e-05 0.0 0.0 3.309278179533452e-05 0.0 0.0 0.0 0.00010720787470138464 0.00010601071423940232 8.834086938291377e-05 0.0 0.0 0.0002516487734802211 4.6428272086200545e-05 0.0 0.0002655532538065273 6.480698220080985e-05 0.0067283141609416645 0.0014773851419705452 0.006517499356451868 0.0006856044099916347 0.0003158969451428124 0.0 0.0 0.0 1.707676271120983e-05 7.232173819146825e-05 0.0001393763968405392 0.0 7.777778042054218e-05 0.00015351131886439455 0.0 0.0 1.4300674644167685e-05 0.0002567811962995114 4.096953602480332e-05 2.2074400718956697e-05 2.9508980415361878e-05 1.733022499257421e-05 0.0002253668222142276 0.00022260649079160267 0.0006509426159612722 6.661789386486707e-05 0.0007367617049421887 0.014991361483178506 9.97634162947413e-05 0.0 2.499687531809243e-05 0.0 0.0 1.887296893939705e-05 0.0 3.122249451573081e-05 0.0 0.020865974113110385 5.277147381837059e-05 0.0 6.2576713412743035e-06 3.0502337157728606e-05 0.010660624653096246 0.001552091765826741 0.01023432598916645 0.00029361860113201287 0.00045538878455762653 0.0001916703503426571 3.4947788124472845e-05 0.00018663902816792058 0.0 0.0 0.0 0.0 5.167473999075588e-06 1.3692631769514641e-05 1.8815292041528105e-05 0.0 0.009646389903266973 0.005243410484813269 0.0026620884063534907
0.004868540354581948 0.05275423866812416 0.04700935636033797 0.00044324143553608146 0.14994811621006607 6.228551981148225e-05 0.025420865126119883 0.1973018917406329 0.12609677694565377 0.004208086610393809 0.0 0.035824892491851945 0.12049440708484954 0.2771823415023494 0.0015695549854845385 0.0012580353098337617 8.724444561765205e-05 0.00037869714063416414 0.0 0.0002469341446643318 0.002589920410945525 0.0005504903029539645 0.0008341861910530865 0.0007217902338065741 0.000974833393464656 0.00047255611021023076 0.00020919610851701228 0.0004937672425695901 4.9345053375179354e-05 3.162101739302965e-05 0.021146896343730973 0.010610206075518129 0.0557045691007716 0.00014693258634859092 0.00035809875332012747 0.0009000295712443756 0.02979442532014247 0.007029451342166688 0.0012760408002791613 0.0007995106964185534 0.002274745017999619 0.0008976883261933065 0.000998129405403056 0.00010508016190751988 4.0291905794430954e-05 8.827081207513809e-05 0.006177144714988725 0.00014214939532615798 0.000267813223211211 0.0010126324063329773 0.0013578199689331574 0.001473802369714907 0.0008567781335410985 0.0007911635687658998 0.00043437077687575915 0.00035176955562921694 0.0023567130543781754 0.009591626254537957 0.001074079475140262 0.0022589239420070994 0.0008997423841610691 0.0033395261304063366 8.728680313852468e-05 0.010965944154538118 0.00014339350991714344 9.377218745196803e-05 0.0005590294519568194 0.0003380678432729283 0.0007906034760182649 0.00360198979307241 0.01058662721251084 0.0006546916213897022 9.22278013230534e-05 0.011565897385796779 0.0064003479583218375 0.015184081954641715 0.0038627404548752286 0.001778485270302703 0.005324490805166557 0.08588225114284531 0.0027536351261253362 0.017592804735606635 0.00037088496506086627 2.9980958919160057e-05 0.00016345014498090344 0.0004675946991457787 0.0003977337615435162 1.191931273649508e-05 0.00047896498332543965 5.2392880618410796e-05 0.0004439834558234442 0.0007631046320458153 0.0065263545398206516 0.00918457941643302 0.0023118160190386794 0.0036850472198360156 0.0018756354347095221 1.2119168682163219e-05 0.0006091872057019486 0.00010906020751567579 1.2924753076943489e-05 0.0 9.906658604943326e-05 9.060442438044886e-06 5.8548277318358885e-05 0.00023104398969467997 0.0 0.0001424095230647433 0.0002710696641156879 0.0001813004911786322 3.417662374266528e-05 0.00013351404881575872 0.00021175585256482868 0.0002491322115777974 0.00023444766428166793 3.613878223245199e-05 6.11967000825015e-05 0.0 1.801141033958374e-05 0.0 1.4630131353178176e-05 0.0 0.00024433505361558304 0.0 2.667290985859516e-05 0.0007772255619538863 0.0 6.341011684917754e-05 4.1709338615478854e-05 7.136111687829312e-05 0.00020136508892629507 3.6773480752409136e-05 0.0003156474703869792 6.842328800910425e-06 5.9248117200238656e-05 0.0 4.4058836537011805e-05 3.647971301526049e-05 0.0 0.0009684930339707222 0.0002628665948773751 0.0011621527439285352 0.00017085895549232144 0.00012556143398897572 0.0004769962490403375 0.00019677580657092176 8.205336756984915e-05 0.0 5.720285846637415e-05 4.246526709861591e-05 0.0001912463771764093 2.7809140859791873e-05 2.978880948052201e-05 8.18116302389444e-06 0.00010014107489079948 0.0004624004586386489 0.00010888295697061517 0.0013462528720124044 0.0 0.0 0.0 0.0 1.599188898943946e-05 0.0 0.0 0.00028775191179260614 0.0016735072028293298 9.991861796136647e-06 0.0 0.0 7.163896587289983e-06 0.0 0.00012365260092369365 0.0 2.7188180928851865e-05 0.0006805653442083896 0.0016310435531784865 0.00012669848343111273 0.0004381200437812729 0.0002529990667597382 0.0014421659194320253 0.00037397159868349147 0.0002406105590136737 0.0009085703412284777 3.513533079624226e-05 9.866876368337637e-05 7.707840077366502e-05 1.0739366476999638e-05 4.93159773001111e-05 5.586724058819717e-05 0.0 1.0735265880297012e-05 0.0 5.446719245976185e-05 0.00021603038718053557 0.00022333819642635913 0.0004388281307917213 0.0001564301027498242 0.0009624256530190203 0.000615517727120597
1.6043530713531514e-05 0.0035000914596717814 0.0023761795842485926 0.0004072733373287442 0.006015089702632086 0.006602305081276654 0.029373863894078023 0.0006885137215163486 0.0037648042744532406 0.14120775911672306 0.035824892491851945 0.0 0.14002734098870323 0.020825124965640242 0.0008056012847865136 0.0005981962836945504 7.7220743686326e-05 6.393422292975768e-05 0.0 3.1858579924275436e-05 2.7773322916125083e-05 0.000610896945610286 0.0 0.0 1.5513732206163003e-05 0.00020533732423161897 0.0 0.00038382155527607226 9.718305575055612e-05 4.4552051220200556e-05 0.000516034919463741 0.00021497751304197377 0.008828340189638786 1.1598321348079431e-05 0.0 0.00016316734426401826 0.025277845549633717 0.0009088883530148513 0.001343614177344166 0.00022883273585584245 0.0001882825282455716 0.0003404931805909309 5.1829560925545854e-05 5.2467996977741e-05 8.262810126745222e-06 6.230518757005299e-05 0.0023957876836425258 0.0 0.0 0.00013280188903471628 0.0002747984810398001 0.0005944909334553594 0.001468060769775775 0.0007748753856053243 4.527233048305949e-05 0.00010912609311558249 0.0009950553169385673 0.0005126739084848204 0.0002102468546207924 0.0003964215065544587 8.961752771212054e-05 0.0004649358738338614 0.0 0.0012101546553341083 2.624803653981831e-05 3.3517827812658406e-05 1.7535764531345462e-05 0.0 3.945733631154071e-05 0.00012738954616330764 0.01724663827126498 0.004166395019093723 4.039646040992551e-05 0.0018642323002627612 0.0012233420285739367 0.004463999577777759 0.0013650729444027161 0.0007211029567502016 4.356193290685404e-05 0.0021244121818838196 9.478374070262372e-05 0.0006760938471206252 1.9045774815713747e-05 0.0 6.477728158419299e-06 0.00011232466322279869 1.0113226914701194e-05 8.463256339263142e-05 4.6539928101284156e-05 4.0344268347241094e-05 0.00011934977422248624 0.0002353061783518527 0.000565501232394946 0.0010260608305263646 0.0005656929843177468 0.07768360411451501 0.0069897057313451855 1.0497338517849548e-05 0.0007948736728528196 0.0017407039791320874 7.826165966513694e-05 0.00019913528744017905 0.00129035206253681 0.000929082095707697 0.0002498005200617879 0.005042812729982848 0.0018699036185185118 0.0067165321678427 0.0076681731132866495 0.005752249973200041 0.0008983963959780689 0.009776956233461202 0.010328995081443106 0.0038381030986221754 0.002915798821520279 0.00020805873664536285 0.0004381229306296193 0.0 5.335491841301906e-05 0.0 0.0 0.0 1.1343349389902304e-05 0.0 0.0 9.305501057937616e-05 0.0 1.9155995798625147e-05 5.328221983334742e-05 9.325233258242442e-05 4.471751762911016e-05 2.2622488929993766e-05 5.525844066671643e-05 3.169907801966056e-05 0.00034446338149853696 0.0001952364468089261 8.997466212382092e-06 0.0002128640339651856 4.8199940103443026e-05 0.005125873739689199 0.0014035330075575256 0.005808111566413245 0.0005510204071068433 0.0003842613787238012 2.1448936050212935e-05 6.033152364688558e-05 2.1513014278113236e-05 2.462403726408644e-05 0.00016060017373699482 0.00013243231016889093 1.4475758286231421e-05 9.678159699795752e-05 0.00030802173415816044 0.0 4.776041125911796e-05 8.520729444012895e-05 0.00026173913130880946 0.00030779899499248296 0.0 0.0 0.0 0.00021480960765256097 0.00014329468615496824 0.0001150571164180781 5.526201654251398e-05 0.00044459381091521683 0.010310123889841184 0.0001629685576359521 0.0 0.0 0.0 0.0 2.9101290822857707e-05 0.0 8.370514834407285e-06 2.0752411450415233e-05 0.014835266530006167 2.0972550420833242e-05 5.283361437740678e-05 0.0 0.00027900792376222194 0.004862048083085784 0.0009184973911591525 0.006443329904580139 0.00022717121152676523 0.00033358090490331064 0.0001284262458241389 8.496099671920327e-05 0.00012894685332366757 1.95432393848862e-05 0.0 6.403191730527106e-06 0.0 9.897643475777245e-06 3.245653914719206e-05 1.366150892956919e-05 3.480755381248598e-05 0.004900189900803244 0.005256868106544897 0.002900934740613131
