0.0 0.14478487970294057 0.05264928392222451 0.11248139930283009 0.0033451762262987975 0.015405976875971405 0.04453931826130266 0.011836292610687789 0.0001073234186037025 0.06972903640436315 0.004860494764696091 0.0061852720184227385 0.009669816171300527 0.008138384596573841 0.00022780866835348207 0.0003230985046608412 3.0010422820938024e-05 7.384792474641257e-06 0.0 0.00010475564261979117 8.938589009477088e-05 0.0 0.0 0.0 1.4364680572252803e-05 9.933595248347645e-06 0.0 0.0 3.156524968021354e-05 0.0 0.05423297564117978 0.00034709783050172337 0.006563582068899154 1.4379742118698093e-05 0.0 0.0 0.0012729049805998642 3.089327630615268e-05 5.521291653886044e-05 2.7080457951325165e-05 1.2742485714624788e-05 6.40935214405816e-05 8.742405431362172e-06 2.4085909605412107e-05 9.726272966659562e-06 0.0 0.0011662522523363046 0.000258310718798484 1.9533967306780845e-05 5.3378041117606135e-05 2.090214247357748e-05 0.0 0.0 0.0 0.0008804124419059649 0.0007621952653650979 0.0201587531183839 0.08818077969258432 0.012809796741040727 0.0007000801622267717 1.799248153879676e-05 6.101960960094822e-05 0.0 0.0010046043217749449 0.0007311481131909549 0.0002334362022924659 3.0384745658905e-05 0.0 6.662196028146686e-05 0.0001167380312474415 0.0011004836090941653 0.00039915697172398867 1.1891229119055473e-05 0.028288963692526453 0.0062132434480487095 0.0014722580355563707 0.0005465543912196666 0.0002363174482822301 4.044429155740148e-05 0.008314078721459478 2.7258307887541514e-05 0.0013172059808358378 0.001224158768846804 0.0 0.00033328680060283524 0.00027358773955991634 5.8869808838005994e-05 7.949191710809775e-05 8.768690858012841e-05 0.0 5.589891662225765e-05 0.0 0.00019431999698916124 4.9355624659936195e-05 8.141413780681897e-06 0.00166600049087808 0.0003610262805674565 0.0 0.00010628552159732744 0.046150293643705854 0.0 1.535746575736407e-05 3.0989562309583076e-05 0.0 1.1353766108236802e-05 5.64372816541242e-05 0.00013573287406063215 7.618140550656792e-05 0.0008889609615283485 1.1173451126439347e-05 0.0 3.7619238555941237e-05 5.492267293398632e-05 6.064273454083497e-05 0.0 0.0 0.0 0.0 0.0 0.0 0.0 0.0 0.0 0.0 0.0 0.0 0.0 0.0 0.0 0.0 0.0 0.0 0.0 0.0 0.0 0.0 0.0 0.0 0.0 2.1216644752522644e-05 0.0 2.485414539395043e-05 0.0 0.0 0.0 0.0 0.0 0.0 0.0 0.0 0.0 0.0 0.0 0.0 0.0 0.0 0.0 0.0 0.0 0.0 0.0 0.0 0.0 0.0 0.0 0.0 0.0 0.0 0.0 0.0 0.0 0.0 0.0 0.0 0.0 0.0 4.012545711597052e-05 0.0 0.0 0.0 0.0 0.0 0.0 0.0 0.0 0.0 0.0 0.0 0.0 0.0 0.0 1.0226856187983397e-05 0.0 8.711931580997593e-06 0.0 0.0 0.0 3.631265363243942e-05 0.00016064898455710763 0.00011486857749801295
0.14478487970294057 0.0 0.1490635732865458 0.1853082867367344 0.10477607358421162 0.02837710162957864 0.25584383099861785 0.043590191640011995 0.03548037637969 0.05986658836718254 0.037821080236201315 0.005042497179164511 0.037553528625090135 0.06887251461655594 0.000913944315411969 0.0008545307432614992 0.00014600322058576712 8.100018450232432e-05 0.0 9.439728622408062e-05 0.00015793825490321544 2.6551282355034516e-05 0.0 6.558835543891826e-06 8.882289973445626e-06 8.155685097204064e-06 2.144805699598802e-05 2.777642744415491e-05 0.0 1.575024336137487e-05 0.16581683765148367 0.0008420175011450802 0.01132107067797673 0.0 0.0 4.758437377276519e-05 0.0037152512230562546 0.00010871527605363335 0.00020267052478634717 5.392259055756673e-05 6.801876115544641e-05 5.722282404206269e-05 9.103767678104527e-06 9.509157013238262e-05 1.2039813882343196e-05 1.9046468262282845e-05 0.006403639355540863 0.001218098820683642 0.0001313254217907421 0.00010983182529551763 0.000175623431357727 9.76402247059282e-06 0.0 2.3887663942568517e-05 0.0031679847392944312 0.003293481012878307 0.017654921795774475 0.06155712201575198 0.01226302499095271 0.0035096162089164698 2.9592078894378566e-05 0.00035654273084822016 6.671510741574771e-06 0.004046127211644789 0.0030031088810301395 0.0011271771666803822 0.00015227713644890028 5.2493507688700264e-05 0.00020343369253962898 0.00015517668746613754 0.003547357411076711 0.0 0.0 0.057840502590350354 0.018871967946613565 0.007512949641600731 0.006456059232364208 0.0009714383826701246 0.0003433830919363555 0.019661204472782273 0.0001298908606439595 0.0028531545072391085 0.005701701803262873 1.2264454557907914e-05 0.0011299540120669083 0.0017606034784125397 0.0003444291112345881 3.320027487702174e-05 0.00034729425058473157 8.528202354665309e-06 0.00011060396403015904 2.5763541579243685e-05 0.0003647906964420866 3.103690226129203e-05 2.254411871944992e-05 0.00309093537467521 1.2307027489911871e-05 0.0 0.00015653321738223704 0.05414621516411138 1.1491332779293292e-05 1.6506565703077306e-05 0.00010959158411721349 0.0 0.00010903456073638326 0.0003408484071509773 0.0005435476837941252 6.825160976102383e-05 0.0024018073981707955 0.00011244519821263779 3.9430981932028506e-05 0.00011417784270152019 0.00031899973024973615 0.0003109247773183256 9.256939364569669e-05 0.0 0.0 0.0 6.800920762951008e-06 0.0 0.0 0.0 0.0 0.0 0.0 0.0 0.0 0.0 0.0 0.0 0.0 0.0 0.0 0.0 0.0 7.158059151269725e-05 0.0 0.0 0.0 6.88161816067914e-05 0.0 8.099907684714326e-05 3.084894804836879e-05 6.869387391146014e-05 0.0 0.0 0.0 0.0 0.0 0.0 0.0 0.0 0.0 0.0 0.0 0.0 2.2616579367618498e-05 0.0 7.149537795865049e-06 0.0 2.36636560663063e-05 0.0 6.7865673978969145e-06 0.0 0.0 0.0 0.0 0.0 0.0 0.0 8.059422169923276e-06 8.437238224137066e-06 0.0 0.0 0.0 0.0 0.0002574451831943427 1.3348001829037554e-05 0.0 0.0 1.0978094597526263e-05 0.0 0.0 2.261008727752973e-05 0.0 0.0 0.0 8.268836689175511e-06 0.0 0.0 0.0 4.0690733553506016e-05 0.0 3.2983757518921186e-05 0.0 0.0 0.0 0.00025805831854055155 0.0003258301674592448 0.00035508117676003997
0.05264928392222451 0.1490635732865458 0.0 0.012097443579927057 0.014715509770506098 0.0034378208543458452 0.005937729828425548 0.1395889800060736 0.024024840651311254 0.0015882339769631188 0.09553527219616108 0.0053136307902133025 0.029888709412353984 0.11035725307845408 0.0012035237302408838 0.0012958957699887182 0.00020404611867884002 0.0001290317961049706 1.5744445606987535e-05 0.00017393445514874984 0.0002866851482499371 0.0 0.0 0.0 8.936284061093914e-06 8.694325504455892e-05 0.0 0.0 3.167404193112301e-05 7.0645437216412e-05 0.20259056269320364 0.009329026909346593 0.02038919314674392 6.730245183155179e-06 2.6933428520520793e-05 9.622628184241567e-05 0.004856852259607019 0.00026331001789736767 0.0001972470399054308 3.450378298057627e-05 0.0002734632457840125 0.00018301850861584547 7.014216588006082e-05 0.0001719755874732431 5.7976390578699004e-05 6.464594087316402e-05 0.003032743200559968 0.0005439678117634507 0.0001037586627034851 0.00017201627226340612 0.00012365261691849185 1.5270072789187985e-05 8.911421304706535e-06 1.3467644998294453e-05 0.0007975367115507167 0.0008929229974457663 0.005849533381539639 0.022694803160565238 0.003795327009824829 0.0011447616280491496 6.676137612131167e-05 0.0005749685075460131 1.789872057893644e-05 0.010974868051828292 0.0008562315775345532 0.00030895461668800574 4.319073488602849e-05 0.00011276738843902456 0.0003743601536392961 0.0003388404836838377 0.004288103638965865 0.0 0.0 0.018828608376873775 0.008111341739926283 0.004025264631434897 0.004294052947760543 0.001826105423927255 0.00214067890510124 0.054129570808155 0.00010467936568928128 0.01481141152220056 0.0015452653495042316 1.1484370961359233e-05 0.0002743557138187591 0.00035869161779563806 0.0002507523695770595 8.216370755434379e-06 7.306884829559326e-05 0.0 0.00012693751707078046 5.014968471109542e-05 0.0004895652249868275 0.0001161956145565077 4.446338351111838e-05 0.003134319793325707 0.00036444082150261745 0.0 0.0002269802089425088 0.008908814153119348 0.0 0.0 1.1684636043694894e-05 0.0 6.45644943723394e-05 3.0455489954346313e-05 1.6689723666506052e-05 6.819013182165709e-05 3.333548983203186e-05 0.0 0.00011186228544316439 0.00019402406690822118 0.00020361094864959547 0.0001464436576179581 5.852666649338482e-05 0.0 0.0 0.0 1.5260616695883324e-05 0.0 0.0 0.0 0.0 0.0 0.0 0.0 0.0 0.0 0.0 2.820461565613572e-05 0.0 2.0687583511373365e-05 0.0 0.0 0.0 1.0113683571075645e-05 0.0 0.0 0.0 2.6418142202275512e-05 0.0 4.476960914440535e-05 0.00018184119730803555 0.0 0.0 0.0 0.0 0.0 0.0 0.0 0.0 0.0 0.0 0.0 2.4650667085983162e-05 0.0 9.846735595629083e-06 0.0 5.567465183152983e-06 0.0 7.167170025376299e-06 0.0 0.0 0.0 0.0 0.0 0.0 0.0 0.0 0.0 0.0 0.0 0.0 0.0 0.0 0.0 0.00011050973488086345 7.77267537091925e-06 4.7438639683158625e-05 0.0 1.2106888557194054e-05 5.50126832503309e-05 0.0 0.0 0.0 0.0 0.0 0.0 0.0 0.0 0.0 1.1586699839166096e-05 0.0 8.437757693904833e-06 0.0 2.247752966934741e-05 0.0 0.000421355969190788 0.0003515815202162673 9.461736602687682e-05
0.11248139930283009 0.1853082867367344 0.012097443579927057 0.0 0.003913252035645258 0.019406433586616832 0.12939324807178257 0.0008071888500791564 0.0013329007511847766 0.08778834122643694 0.0006003896923953288 0.06978063798451177 0.07953041311675306 0.0019564260804216175 2.5221152579689414e-05 7.329707654321652e-06 0.0 0.0 0.0 0.0 0.0 0.0 0.0 0.0 0.0 0.0 0.0 0.0 0.0 0.0 0.005528489927484267 2.71327797873321e-05 0.0005064339195776173 0.0 0.0 0.0 0.0006758396352397617 0.0 0.0 0.0 0.0 0.0 0.0 1.7838985658069836e-05 0.0 0.0 0.00044607040747260526 9.371193381128231e-05 1.2705710537008167e-05 1.3686464330518895e-05 0.0 0.0 7.853011139742912e-06 0.0 0.00023200469796630092 0.0004251480969570767 0.0022805017189973026 0.004285279389527214 0.0016472063105698012 0.0003026026716454027 0.0 0.0 0.0 3.2664197460785994e-05 0.0002796586899184067 6.21454139172339e-05 1.9502515540476358e-05 0.0 0.0 0.0 0.0010313062036975292 0.0 0.0 0.0067998498932036675 0.00159303980921334 0.0007002032391270893 0.0003254518124487369 6.956167867031263e-06 0.0 0.00051004253503338 9.82428916850698e-06 2.2535324655237244e-05 0.0004670267455655376 0.0 9.24696139132162e-05 5.479865452676438e-05 7.473768979483545e-06 0.0 2.5142032154744925e-05 0.0 4.150361348667615e-05 7.516249606889087e-06 0.0 0.0 0.0 0.0010547192086780427 1.4674485572745116e-05 0.0 0.0 0.025745807550580462 2.0078984423373432e-05 2.7027832535750097e-05 1.815697499962194e-05 0.0 0.0 0.00012941614629914577 0.000282095160047051 0.0 0.0001352412925888674 1.738747463808528e-05 0.0 0.00012251346074204492 0.0003605750187698877 5.8933266711008815e-05 0.0 0.0 0.0 0.0 0.0 0.0 0.0 0.0 0.0 0.0 0.0 0.0 0.0 0.0 0.0 0.0 0.0 0.0 0.0 0.0 0.0 9.29905815794941e-05 0.0 0.0 0.0 0.0 0.0 0.0 0.0 0.0 0.0 0.0 0.0 0.0 0.0 0.0 0.0 0.0 0.0 0.0 0.0 0.0 0.0 0.0 0.0 0.0 0.0 0.0 0.0 0.0 0.0 0.0 0.0 0.0 0.0 1.705611753946886e-05 0.0 0.0 0.0 0.0 0.0 0.0 0.0 0.0 0.0 0.0 0.0 0.0 0.0 0.0 0.0 0.0 0.0 0.0 0.0 0.0 0.0 0.0 0.0 0.0 0.0 0.0 0.0 2.1648582069609224e-05 0.0 6.148330123830076e-05
0.0033451762262987975 0.10477607358421162 0.014715509770506098 0.003913252035645258 0.0 0.0004749887899737525 0.1311338979118268 0.010598184573498681 0.16181935599599137 0.002018381698136387 0.09807620117275775 0.00045451960888550074 0.051774042806984694 0.18126888020290116 0.0005939838706970388 0.0008870365162888057 0.00016984860030460337 1.6268865465246335e-05 8.875190724220587e-06 5.03751330518963e-05 1.804892118549982e-05 0.0 0.0 7.699931655315515e-06 7.902535633614441e-06 0.0 0.0 0.0 2.889781960063618e-05 0.0 0.01110000346981511 0.0009574413374676832 0.0008724352672356595 0.0 0.0 0.0 0.0004998842375730687 2.4637538295268086e-05 3.84255407608674e-05 7.723794958023351e-06 0.0 1.0012410042510695e-05 1.0463687224179262e-05 6.794182629827114e-05 2.3298243698906662e-05 3.4508640253666384e-05 0.006224040873317341 0.0007618786928991316 4.845456409268347e-05 0.0001431350090309063 4.3800582650123706e-05 0.0 0.0 0.0 0.0016616234781007318 0.001769156554805266 0.003067138786141492 0.004480473296198806 0.003301384788983163 0.0026097083671289597 3.6357216241342626e-05 0.0 0.0 0.0038856403124240945 0.0014119290715241366 0.0005158056987852635 0.00010807973991979822 6.351631360809385e-05 0.0001505952943597742 1.176396876921574e-05 0.002526926423886541 1.353009521276453e-05 0.0 0.02099906088811825 0.006787216454090401 0.005806281528189375 0.007997437805479736 0.0014321180435429696 6.571758085109767e-05 0.0022440199664173796 0.00035548413248443644 0.0001910982531815205 0.003280878445037982 1.744200922043764e-05 0.0006309227848767789 0.0008455657945201692 0.0002886915584344659 7.4014314041128595e-06 0.00016363804949707134 0.0 0.00014455025646607645 6.724899721300093e-06 3.0018033847880956e-05 1.3047467799849734e-05 1.3441604845473915e-05 0.005328657513723236 7.991993147975153e-06 0.0 0.00025513371400409017 0.004537508678318467 0.00010186934449167352 6.973475389477408e-05 7.762291821521809e-05 0.0 6.660548852587907e-05 0.0001587102187719232 0.00031150021751775363 0.0 0.00023786892551018964 0.00015649444688688456 5.6287926660243004e-05 0.00022246491977430293 0.0007063568892777297 0.000605794665076229 0.0002434901894029243 0.0 0.0 0.0 0.0 0.0 0.0 0.0 0.0 0.0 0.0 0.0 0.0 0.0 0.0 0.0 0.0 0.0 0.0 0.0 0.0 5.96714932489946e-05 0.0 0.0 0.0 0.00017630367830062614 0.0 0.0 0.00014307048503979172 9.204634245951115e-05 0.0 0.0 0.0 0.0 0.0 0.0 0.0 0.0 0.0 0.0 0.0 0.0 0.0 0.0 0.0 0.0 2.11840427683612e-05 1.2814710986067399e-05 0.0 0.0 0.0 0.0 0.0001711667181748743 0.0 0.0 0.0 0.0 0.0 0.0 0.0 0.0 0.0 0.0006187438577085525 0.0 0.0 0.0 0.0 6.22952371005504e-05 0.0 0.0 0.0 0.0 0.0 0.0 0.0 0.0 0.0 0.0 0.0 5.983623439382553e-05 0.0 0.0 0.0 0.00019932652097408442 0.00047195293583285043 0.0002742851592605478
0.015405976875971405 0.02837710162957864 0.0034378208543458452 0.019406433586616832 0.0004749887899737525 0.0 0.015721195793460204 0.0004531598303603403 0.00010922420668747421 0.04702448184500674 0.00014227158874047864 0.020421613056495362 0.014789158037842118 0.0005255451241315911 7.903498678257939e-06 7.586616479083539e-06 0.0 0.0 0.0 0.0 0.0 0.00010276421706120894 0.0 0.0 0.0 0.0 0.0 0.0 0.0 0.0 0.005755455717422896 0.0 0.00026819456340669394 0.0 0.0 0.0 0.0006785145845544869 0.0 0.00011997891390076097 0.0 1.5404458028418982e-05 0.0 0.0 0.0 0.0 0.0 2.9662269362229375e-05 1.4497801238485465e-05 0.0 0.0 4.674818795410101e-05 3.4822700496145796e-05 0.0 0.0 4.4421576707281296e-05 0.00018190789866206615 0.007783171199117399 0.0014522667687056781 0.00031729790370224907 7.033498608373073e-06 0.0 0.0 0.0 3.1830814112290465e-05 0.0 0.0 0.0 0.0 0.0 0.0 0.004711341363032231 0.010611924191945003 0.0035740826419602685 0.000545086171713874 0.0001241562338842837 3.4626983466495555e-05 4.555245264844675e-05 6.425217971237674e-06 1.2119913761637565e-05 0.0001979279463134053 0.0 2.5732038019803414e-05 6.013859143883212e-05 0.0010608385589527146 0.0 0.00016471262424843134 0.0 0.0003080127344121024 0.00013603119944590115 0.0014483206517418644 5.836502011661754e-05 0.00025952040902100924 1.3960950514836304e-05 0.0 0.0 0.022635258782542744 0.00909612545323293 0.0025690862887101508 0.0013883168188630836 0.013487122958760535 7.14290458230136e-05 0.0003415237434892405 0.000839450959478771 0.0003088322843781149 0.0005673380115120546 0.00034489529099367134 0.0054282800453190295 0.0002517876466712495 0.0009042972823534283 0.0016556315440681112 7.851380835413505e-05 0.0008072652146990346 0.003285121100780282 0.000921706100891488 0.0001538428465331327 0.0 0.0 0.0 0.0 0.0 0.0 0.0 0.0 0.0 0.0 0.0 0.0 0.0 0.0 0.0 0.0 0.0 0.0 0.0 0.0 0.0002023935679156121 0.0 0.0 0.0 0.0 0.0 7.246354037933026e-05 5.211110973678163e-05 0.0 0.0 0.0 0.0 0.0 0.0 0.0 0.0 0.0 0.0 0.0 0.0 0.0 0.0 0.0 0.0 0.0 0.0 7.941089213160592e-06 0.0 4.905278660541118e-06 0.0 0.0 0.0001712286678932996 1.4032498885890514e-05 0.0 0.0 0.0 0.0 0.0 0.0 0.0 0.0 0.0003189255153013943 0.00010509510303654205 0.0 0.0 0.0 2.343191614151654e-05 0.0 2.398268332178728e-05 1.1541284438334174e-05 5.2924934766478906e-05 1.3360026041391544e-05 0.0 0.0 0.0 0.0 0.0 0.0 0.0 0.0 0.0 0.0 0.000528963909027066 0.0005716354756736823 0.0004270944558210877
0.04453931826130266 0.25584383099861785 0.005937729828425548 0.12939324807178257 0.1311338979118268 0.015721195793460204 0.0 0.0016518385542794334 0.06969707119270435 0.2097686166553079 0.01822218577438337 0.005515187657455713 0.2969977826679121 0.1285355229063618 0.0009117225001397508 0.0010542725277525723 0.00010471107488285471 3.798102489103299e-05 0.0 5.537056253689292e-05 6.49917928705521e-05 0.0 0.0 0.0 0.0 3.2150259815284286e-05 0.0 0.0 0.0 0.0 0.010782843378929508 0.0005228050457178284 0.00032679313877187016 0.0 0.0 0.0 0.0011758992259096595 7.597661237087647e-06 8.52299268313056e-05 8.615295845699858e-06 0.0 1.5197237281789161e-05 7.735850553940809e-05 0.0001117222993660227 1.6389902433939352e-05 3.186849387497159e-05 0.006645649401222289 0.0007205098543822135 6.528767269676633e-05 0.00013322104850905223 3.130647937938355e-05 6.772792474992911e-06 0.0 0.0 0.002099302301716381 0.0022961274834540695 0.005111670482134551 0.007946364947609228 0.005211859655763133 0.0028547121124667964 1.1171091205539783e-05 0.0 1.9375405954814042e-05 0.003134948014320118 0.001893676881613995 0.0007923781259959649 0.00014086139600767857 9.778997353276267e-06 8.093706661792566e-06 0.00010363915337589589 0.0037874165190732415 5.665990598701679e-06 0.0 0.029265213035992846 0.009010313294634965 0.006431135913391399 0.007175391842615844 0.0014456372550179734 0.0001819482326947551 0.00021516885868451486 0.0002034191807183476 0.00015477446556329854 0.003927574698651508 1.7025680098140328e-05 0.000647951245394545 0.0010118146708658548 0.00038297285213615713 2.0701315358798117e-05 0.0002275709076048588 0.0 8.445509741762023e-05 0.0 4.3547359855658674e-05 6.153499796705507e-05 2.2747979065893982e-05 0.014252541143278495 0.00018652606797165278 0.0 0.0009241193025692813 0.012403744263518986 0.0005302759173585281 0.00040706376977883674 0.011718224023525436 0.00997677664816195 0.0007819696584593801 0.008446113107179293 0.004305963150602606 0.004892577091403759 0.017072489571219745 0.008116037670219204 0.00024197099416985163 0.027554852997097624 0.003921075334447573 0.0007568407181735104 0.000638696599183882 7.48741518875309e-06 0.0 0.0 0.0 0.0 0.0 0.0 0.0 0.0 0.0 0.0 0.0 0.0 0.0 0.0 0.0 0.0 0.0 0.0 5.449375346446471e-05 0.0002803651893147027 0.0 0.0 0.0 0.00026962861380136537 0.0 4.2906639793015705e-05 0.00020415644523729656 7.142985194983977e-05 0.0 0.0 0.0 0.0 0.0 0.0 0.0 0.0001772239013025106 0.00015683864765756765 0.0 2.8749128687060274e-05 0.0 0.0 0.0 6.508609381231318e-05 0.0001298997936778731 1.2452537997268936e-05 0.00023204900622475518 0.0001261826900635724 0.00012950911908029625 2.748820889960944e-05 0.0 0.00010719397012207687 0.0001724212658682143 5.4881543543340964e-05 8.830712061221608e-05 6.084283757732007e-06 0.0 7.180149590323934e-06 0.0 0.0 0.0 0.0013131122924081055 0.0 0.0 0.0 7.842716100199286e-06 0.00040401058237276167 0.0 0.00014976984766833264 0.0007886827262695727 0.0005250404220739645 0.0006340674107564575 0.00020854093519991995 9.089099554369827e-05 0.0 2.0830005917110008e-05 6.957179627990594e-06 0.0 3.356576416492005e-05 0.0 0.0 0.0 0.0011901926668184592 0.0011826420429791192 0.0005891076643953762
0.011836292610687789 0.043590191640011995 0.1395889800060736 0.0008071888500791564 0.010598184573498681 0.0004531598303603403 0.0016518385542794334 0.0 0.004762536912687758 0.00015659439328044562 0.09241806228062416 0.003772136134834803 0.016094236932849018 0.05787014088410594 0.004474031835695067 0.004783810901672048 0.0017744572243155595 0.002081853165042536 0.0002897181937670306 0.005891018977168704 0.006007261406053513 0.0 2.5333601118302903e-05 8.417429144513112e-06 0.0005081395034350634 0.000214280454103312 7.6554377620578e-05 0.00021552886969449702 0.00016659788669874906 0.00019414972013244176 0.14317128268328191 0.07336571659636786 0.036252653912243304 0.00036659122224544935 0.0001717663344870381 0.0008545910171386598 0.006015792507798176 0.0007679686590305032 0.0006150298001459996 0.00030099455682865676 0.0014810197890571684 0.0013982987365943095 0.0027206212079855935 0.0010122641275957208 0.0013160097860584047 0.0028008307266819635 0.009402439479454561 0.001944337850726191 0.0006674149365953198 0.005015369508949505 0.001225341771758713 6.946929868980532e-05 2.299693277268216e-05 0.0005344216471188488 0.0012459349199738542 0.0009897320859073673 0.002916235730302473 0.009802349832593189 0.0020382833515805083 0.0027284309657033207 0.004907032025361133 0.001985166541194083 0.00021949376397764573 0.014421251029443114 0.0011754220019053753 0.0016618420276984073 0.0002338112856177632 0.0009601923155161091 0.0070884541366160615 0.006320299016655918 0.004921190851294812 2.7416737449053913e-05 1.1738174761990983e-05 0.018366994767305255 0.008603760687722844 0.009293636931454335 0.016790756249813722 0.012944999135959015 0.1104478586133095 0.2602649114829959 0.010682392434075042 0.20412450865596016 0.0029141247431103633 2.0716430749592482e-05 0.001314366570366897 0.0007990335916343184 0.0037867965778013092 1.5397232629576106e-05 0.0005340270788056288 7.464322116638726e-05 0.0015139001449137276 0.0005365407848069997 0.00467601190772675 0.0009471637737485585 0.0007836084430173604 0.0020279759293750084 5.514938482217888e-05 0.0 0.0004085221383327648 0.002459263960532204 1.4240901644183422e-05 0.0 0.0 0.0 4.185676318817587e-05 0.0 2.6851914329657313e-05 0.0 0.0 1.4233961876792316e-05 0.00010592476343290134 5.320031117736773e-05 0.00018625670776936754 0.00010011844933247045 8.520605378533461e-05 0.0 0.0 0.0 0.0 0.0 0.0 0.0 0.0 0.0 0.0 0.0 0.0 0.0 0.0 0.0 0.0 4.940413585443842e-05 2.9536733057166763e-05 0.0 0.0 3.1871204553345156e-05 0.0 0.0 0.0 0.0002354601026599851 0.0 4.1306750854398867e-05 0.0001257132616954282 0.0 0.0 0.0 3.711792510268324e-05 0.0 0.0 0.0 0.0 0.0 0.0 0.0 0.0 1.6903790337518586e-05 0.0 1.9607919187017212e-05 0.0 0.0 2.994919256557704e-05 0.0 0.0 0.0 0.0 0.0 4.6454369084448143e-05 0.0 0.0 0.0 1.926127131886943e-05 9.55485614814966e-06 0.0 3.994770666359914e-05 8.725409077973363e-06 2.066152284641985e-05 0.0003130372070261881 0.0 1.0871467402253033e-05 2.3823639421892078e-05 0.0001427913882407833 7.4940688118891e-05 0.0 4.609851639662473e-05 0.0 0.0 2.4274433542828917e-05 9.963252715819543e-06 0.0 0.0 7.306808421863971e-06 2.7859376971523792e-05 8.573063927906726e-06 5.9701697364810466e-05 0.0 8.927175033079304e-05 0.0 8.404783619651094e-05 0.0004170468695217263 0.00022802702923953438
0.0001073234186037025 0.03548037637969 0.024024840651311254 0.0013329007511847766 0.16181935599599137 0.00010922420668747421 0.06969707119270435 0.004762536912687758 0.0 0.0033070224323268876 0.03354950194897551 0.0001760097425118153 0.02321436844872024 0.06537147603551695 0.0008218344914905024 0.0007369789269830192 0.00010021572658472715 6.86439981473113e-05 2.8642098941177274e-05 2.3350290672331648e-05 6.501674639312793e-05 0.0 0.0 0.0 8.33111972976179e-06 0.0 0.0 0.0 0.0 0.0 0.0015281448310464458 0.00033948221755865333 0.0005909890505653637 0.0 0.0 0.0 0.0007323819646549193 6.628764482047113e-05 6.104331290901879e-06 2.53314452931265e-05 1.9037234725621038e-05 1.4511394629012582e-05 5.468121179657311e-05 3.5596692502002176e-05 1.7489696852800637e-05 1.9329452110491335e-05 0.003199002125799601 0.0001973175462601295 5.114560004769973e-05 6.745304678387175e-05 2.2556242928452198e-05 0.0 0.0 1.887104952662818e-05 0.0005228760828239681 0.0004339776738255787 0.0006990406637356138 0.0006589875621431304 0.0007334915741294124 0.0011180612527427326 1.2671624500025475e-05 3.308803453655801e-05 1.826124381240557e-05 0.001344582054006862 0.0003620010663558761 0.00014268949422019563 3.655490243575913e-05 7.102779875929456e-06 0.00011104191601743925 2.5962448245572617e-05 0.002287779824791485 0.0 0.0 0.004833642273975497 0.0015218699341905532 0.0027246767838446386 0.0030841842460894663 0.0011618402863715516 3.568798739067475e-05 0.0003268102335834973 0.00019941871839660824 0.00031405309759069357 0.0008471290313539673 9.886235810112356e-06 0.00020776939182993835 0.00018360119626465934 0.00011421103799912817 0.0 3.7406732345445294e-05 0.0 1.323348053938623e-05 8.622069823776138e-05 4.8747823493909246e-05 4.539754091774075e-05 7.460246048133225e-05 0.005880659969512771 0.00022473636056264784 0.0 0.0004922481919815319 0.0004536482791165953 8.489054948869326e-05 0.0 0.00016834743626202854 0.0 0.00036391013877735593 0.00015682469838153326 0.00034500344429163845 0.0002711397262284365 0.00030805755957630774 0.00035242111874105633 5.3956419167280506e-05 0.0003102880284046279 0.0014507443448628736 0.00029916339410347226 0.00033373821162617154 1.9209975602314913e-05 0.0 0.0 0.0 0.0 0.0 0.0 0.0 0.0 0.0 0.0 0.0 0.0 0.0 0.0 0.0 0.0 0.0 0.0 1.8568723249821062e-05 0.0002035450667552775 0.0 0.0 0.0 0.00019655977883865848 0.0 4.3913168107224855e-05 0.00021029373491067042 6.101880808935195e-05 0.0 0.0 0.0 0.0 0.0 0.0 0.0 0.0 0.0 0.0 0.0 0.0 0.0 0.0 0.0 0.0 0.0 1.8785618543971804e-05 0.0 0.0 0.0 0.0 0.0 0.0 0.0 0.0 0.0 0.0 0.0 0.0 0.0 0.0 0.000902354390552695 0.0 0.0 0.0 0.0 0.00019485094175692154 0.0 6.265548348725855e-05 0.0 2.5890527066501464e-05 0.0 0.0 0.0 0.0 0.0 0.0 0.0 0.0 0.0 9.932344008235746e-06 0.0 0.00029504089228254033 0.0005844256705584098 0.00034656109156919895
0.06972903640436315 0.05986658836718254 0.0015882339769631188 0.08778834122643694 0.002018381698136387 0.04702448184500674 0.2097686166553079 0.00015659439328044562 0.0033070224323268876 0.0 0.00018749303658619295 0.2626165277316916 0.3570620349584627 0.006051760069407754 2.884085484332879e-05 2.5615854734577235e-05 0.0 0.0 0.0 0.0 0.0 0.0 0.0 0.0 0.0 9.241924072984251e-06 0.0 1.7858073223416155e-05 2.9352018222844697e-05 0.0 0.0009654538796704799 1.1292349705269006e-05 0.004784585542886913 0.0 0.0 0.0 0.006603471449312619 6.751140175099198e-05 4.6578396722129926e-05 1.492588945381798e-05 1.4755053128671472e-05 0.0 0.0 7.676776021195558e-06 0.0 8.36325198607796e-06 0.00021326979310711024 5.0417949052676096e-05 0.0 1.1355347593689706e-05 2.3904402868688408e-05 0.0 0.0 0.0 0.0001135620756486497 6.624624364406378e-05 0.0006242821095119125 0.0010585793295499366 0.0004459705118465734 0.00010184731138403098 2.3220462716245905e-05 1.1548305228650559e-05 0.0 5.075165889294553e-05 7.316072983126913e-05 2.8522535769239e-05 0.0 0.0 0.0 0.0 0.014198137733965338 0.0 0.0 0.0014624089841409284 0.0004243170586581843 0.00013136331693081957 7.352754369015475e-05 3.541771286006185e-05 0.0 8.059229868676567e-05 0.0 0.00014218627313857037 9.826903439855523e-05 0.0 0.0 3.085366891577458e-05 0.0 0.0 0.0 1.0025948050278759e-05 0.0 0.0 0.0 0.0 0.0 0.01048318847976197 0.0007156989833265248 1.170235955219791e-05 0.00010602965632733098 0.011573559877543407 0.0003815646813868657 0.0009506398326217459 0.0049690616067506145 0.001045169483639959 0.002999472033187345 0.006157249071036374 0.022422405331378015 0.0020548394961346092 0.012216371527515911 0.010629915029949148 0.0010542760814796117 0.0280026321396041 0.0357270285466987 0.010478960423530323 0.0018193899115836144 4.8974475384112835e-05 0.0 8.180890406212237e-06 0.0 0.0 0.0 0.0 0.0 0.0 0.0 0.0 0.0 0.0 0.0 0.0 0.0 0.0 0.0 0.0 0.00031986585250088083 0.0016072222835851347 0.0 0.0 0.0 0.000693794591369678 6.050550016633278e-05 4.426078107122943e-05 6.603637631947595e-05 0.0 0.0 0.0 0.0 0.0 8.643052864050982e-06 8.802585978317808e-06 0.0 1.59998185857924e-05 1.0481841487474904e-05 0.0 0.0 0.0 6.824104396132484e-05 0.0 2.0974109804947835e-05 0.0 1.1191977684948615e-05 7.444190483723631e-06 3.7600963271061e-05 6.66662372589183e-05 0.0 0.0 0.00018373173291493961 1.057848850444578e-05 0.0 0.0 0.0 9.883500517179216e-06 0.0 0.0 0.0 0.0 0.0029093201262040203 1.4682599146946115e-05 0.0 8.291553876452983e-06 0.0 0.0006832175935844967 0.0 0.00037385164145296813 0.00010915045274932109 0.00011469050705636704 0.00010752804712952674 1.5486550661432546e-05 4.777942826052012e-05 0.0 8.31541256393089e-06 0.0 0.0 0.0 0.0 0.0 0.0 0.003637749420781442 0.0009527667797917262 0.000896596731231697
0.004860494764696091 0.037821080236201315 0.09553527219616108 0.0006003896923953288 0.09807620117275775 0.00014227158874047864 0.01822218577438337 0.09241806228062416 0.03354950194897551 0.00018749303658619295 0.0 0.009064509654477802 0.1417321195712619 0.14386615544825665 0.0020822090828563813 0.0020575765361886744 0.0002567695114827051 0.00010901361784860875 7.454789615638708e-06 0.0004214065392906383 0.00042978170523635554 0.0 4.792052250564618e-05 0.0 0.00015559854255706016 0.0001885073661773785 4.8903884929668886e-05 0.00013101202562856796 0.00021379246738285228 0.00010498276218662673 0.006516317174674402 0.0005436859365960299 0.04226547348481729 3.0514999754553445e-05 4.7787984896793524e-05 0.00012221578405298148 0.022275715160484284 0.0015779582736944557 0.0011297645455969807 0.00019732099383688043 0.00043993959655643373 0.00029028817363665885 9.997610128321586e-05 0.00023222372857349512 9.968565050579859e-05 0.00011895879476004133 0.0035341684746853087 0.0002651214725651832 8.254463837595083e-05 0.00040382348351578377 0.0001452229928914842 0.0 2.0377095456852758e-05 3.227072808509038e-05 0.0001813753083084373 0.0003221814066824166 0.0005137156057646117 0.0007826066437754099 0.00030258000420004775 0.0008026220534066227 0.00026929879562552587 0.002188081190618311 6.393006691929196e-05 0.0019897950101584435 0.00031351531971863356 0.0001657666412273136 4.548286010927236e-05 0.00010317319719906213 0.0006019659852017699 0.0007610251558671782 0.012039606789797395 3.042915134999089e-05 0.0 0.003497129704878196 0.001502124160137011 0.003007272689671668 0.0036383009812684555 0.0018782405461925122 0.0008081743103815794 0.06068045227301265 0.0003526294307331608 0.01927582638690638 0.0005110135896648102 0.0 0.00015284358515483566 0.00021868830584699186 0.00024815277517246665 0.0 2.0238207804432223e-05 0.0 9.715871469145759e-05 2.9709961097018966e-05 0.0009735657949527209 0.00047868074981544394 0.00012134709163157421 0.003473671220909238 0.00022804600860337916 0.0 0.0006533603107587784 0.00031252135303466255 0.0 6.9520551843683915e-06 0.0 0.0 0.0 1.9681869528843605e-05 0.00015908784508890698 0.0 2.4256053646070472e-05 0.0001251171550092175 3.659831380119873e-05 0.00020544244931217093 0.00036523001351181674 0.00016379627393725386 0.00012491216598265617 4.8002219767296516e-05 0.0 0.0 1.8578299851906994e-05 0.0 0.0 0.0 0.0 0.0 0.0 2.5484317092207453e-05 0.0 0.0 0.0 0.0 0.0 0.0 0.0 0.0 0.0 0.0 0.0 0.0 0.0 0.0001112751635840032 0.0 6.816654799676114e-05 0.00011728897534485919 8.945270939356616e-05 0.0 0.0 0.0 0.0 0.0 0.0 0.0 0.0 4.57616292269564e-05 0.0 0.0 1.1475016403112832e-05 3.237347489760676e-05 0.0 0.0 0.0 0.0 0.0 0.0 0.0 0.0 0.0 1.1368025117479174e-05 0.0 0.0 0.0 0.0 0.0 0.0 0.0 0.0 0.0 0.0005179398159713278 1.4902416394440128e-05 0.0 0.0 0.0 5.599386574742095e-05 0.0 0.0001119353578656992 0.0 0.0 0.0 0.0 0.0 0.0 0.0 0.0 0.0 1.7184255295796903e-05 5.303449314555525e-05 0.0 0.0 8.726952718540913e-05 0.0006466854544883142 0.00019132586401394107
0.0061852720184227385 0.005042497179164511 0.0053136307902133025 0.06978063798451177 0.00045451960888550074 0.020421613056495362 0.005515187657455713 0.003772136134834803 0.0001760097425118153 0.2626165277316916 0.009064509654477802 0.0 0.08166720630901976 0.010833327231414249 0.0009385481081716619 0.000835431393694782 6.060792596396799e-05 1.1590462789961634e-05 0.0 6.625982011208117e-05 7.571072794952503e-05 0.0 0.0 0.0 0.0 0.0001759404863716218 3.424722440048504e-05 4.338876927390236e-05 8.133984850199504e-05 0.0 0.00031956486925598066 0.00017947676784163706 0.006799074402273694 0.0 8.572536253285762e-06 6.199442461915736e-05 0.01105393255505743 0.0009054067795239935 0.0006796741564568907 0.00022801303124718412 9.261753151937869e-05 4.531025768947611e-05 1.213819007212445e-05 5.32481444458749e-05 2.7114940385277733e-05 3.4093726981348154e-05 0.0015876961934502222 3.770485312218779e-05 8.261618469579176e-06 2.501617073237456e-05 2.0273281500617996e-05 1.1152907199651317e-05 3.7864224703407386e-05 0.0 6.457717497294881e-05 2.397683787669076e-05 0.0001758592111471076 0.00023069247374463906 0.00018765004516969308 0.00031664184671777553 0.0001195213594935966 0.00021497146581359993 6.015846923410156e-05 0.00016686048251238016 4.334915880670432e-05 2.0994698345625105e-05 1.444910184516313e-05 0.0 7.501185752828836e-05 0.00010760676859348473 0.016210368508526356 6.530257835100095e-05 0.0 0.0009743081403270094 0.0002322141119727498 0.0009634852610397571 0.000769264710460915 0.0005018934168955501 2.1628363260128954e-05 0.00416947370087543 4.940215438239237e-05 0.0008163570299572505 6.029735791212874e-05 0.0 4.306000696010817e-05 3.9715990327762316e-05 2.568028949791332e-05 0.0 6.635565792540592e-06 0.0 3.239930787788418e-05 9.695544765846006e-06 0.00014149440402112367 3.0596238057228305e-05 1.6720787240693857e-05 0.03366596900930543 0.0010518617136870583 0.0 0.0010609187834432164 0.001529285416918562 0.0004600119345359177 0.00038561865627393164 0.0021547109019526755 0.00029992071846287086 0.0016616397980665355 0.0017569405863144968 0.008679250569228601 0.0013081729912981944 0.003650511132005507 0.004038741403819566 0.0009941951563130348 0.005584947132060353 0.015476592208043038 0.005648326441029835 0.0033792261593634256 5.494108770137083e-05 0.0 2.401915594544242e-05 1.0206634301683179e-05 8.160454168122359e-06 0.0 1.1882975036743548e-05 0.0 0.0 0.0 6.127377800474373e-05 0.0 1.627513346028228e-05 0.0 0.0 0.0 0.0 0.0 0.0 0.0005890845426062758 0.0013776993383322487 0.0 0.0 0.0 0.0016567985085432415 0.0 0.00040938866672414253 0.0009962279835608275 0.00013521628829876245 0.0 1.5740848804469157e-05 0.0 0.0 0.0 0.0 0.0 5.9747574801437813e-05 4.289107518650902e-05 0.0 0.0 0.0 4.2215955764052064e-05 0.0 0.0 0.0 0.0 1.664071095035242e-05 0.00012334651897323267 7.165928425966911e-05 0.0 0.0 0.0006193016092701035 7.988910174387971e-05 1.987821987059966e-05 0.0 0.0 0.0 0.0 0.0 0.0 0.0 0.00507351401184209 1.431219720319863e-05 1.2290336767304489e-05 0.0 1.7432197241625737e-05 0.0012655149565057064 8.522855867203568e-06 0.0004967819374541916 5.763666863225257e-05 0.00017051541795403926 0.00020278160978092066 4.689193954605488e-05 9.057666761788347e-05 0.0 0.0 0.0 0.0 0.0 0.0 0.0 0.0 0.00444963006949713 0.0033889521072127775 0.002846589430878757
0.009669816171300527 0.037553528625090135 0.029888709412353984 0.07953041311675306 0.051774042806984694 0.014789158037842118 0.2969977826679121 0.016094236932849018 0.02321436844872024 0.3570620349584627 0.1417321195712619 0.08166720630901976 0.0 0.24921003319091997 0.005552459723032902 0.0053560666637343 0.0003971874438929713 0.0001739367119961812 1.052797122333793e-05 0.0003053233107107385 0.00044379177820725685 3.0712758254238715e-05 7.475965828925912e-06 8.904759989520661e-06 0.00013957944666869137 0.00037936630840582563 0.00013490147782501923 0.0003022105868386834 0.0005068871920770217 6.240766922945751e-05 0.0026331155246131638 0.00042804882024271386 0.03692334632923961 0.00012760821817979316 1.2296654504262918e-05 0.00020767236533850728 0.1051127498912041 0.006512360301660856 0.004115600946596155 0.0014806486455998134 0.0003627770044503491 0.00020316759581770117 0.00020042809174366196 0.0004050226761414521 0.00022289839139893658 0.0002437969206602893 0.010237034359649356 0.00037431963345900033 0.00010063442588399052 0.0004296455026221423 0.00013905373454605472 5.421933548298947e-05 0.0001654697439993034 0.0001746956045081462 0.0003987019300531146 0.0005667148708601805 0.0012786352357111981 0.0011283571471294965 0.0011487300647776643 0.0020169459570291543 0.0006311533192009526 0.0015178426573829733 0.00026052855061447735 0.004017646406271692 0.0005365288744369837 0.0002978156341498292 5.702735213240158e-05 0.00014084140334446447 0.0005840051861907737 0.0007713405870350009 0.06210373151794493 0.0003214508532205761 2.3580760383286488e-05 0.007722954609780103 0.0024259741917317854 0.008321584262194537 0.007367907525723486 0.003494434648545116 0.00010372968059799159 0.015632801168088687 0.00047256757830803017 0.00362109309086743 0.00118885074872029 5.923151209895918e-06 0.00027486331680479266 0.0003704532030550013 0.0003234503108176306 9.52910213958422e-06 0.00015016068533736668 8.057223782070934e-06 0.0001546730925508886 7.09797885736404e-05 0.0007550661427823869 0.00015316393031486076 0.00011399299453833373 0.09338852047102039 0.002132373906034421 0.0 0.0031288341033503097 0.0026983401789093765 0.00059326197232971 0.0007510659471183761 0.002547228228533677 0.00023879634057870087 0.004067426915151789 0.003656941164687159 0.01187673648482328 0.00219095403535121 0.011706713583694272 0.007534034004633258 0.0031767150082095113 0.013329684168654592 0.03053251225320607 0.00918753847333056 0.007479067315225911 0.0002134458415652475 9.264941045085249e-05 0.0 6.092221953196007e-06 0.0 8.277576396235781e-06 1.6183747805421265e-05 1.833839866220706e-05 0.0 0.0 0.0 0.0 0.00015449005868586443 0.0 7.150062393666066e-06 0.0 0.0 0.0 0.0 0.000883927134356017 0.0026313672934672318 3.393462821149722e-05 0.0 4.059117278804506e-05 0.00375415453139293 0.0 0.0016328911180823842 0.0019664959075139684 0.0002596156612129373 5.672780422400687e-05 0.0 0.0 0.0 3.093362110771148e-05 2.7864088095666415e-05 0.0 3.5165585413498046e-05 0.00013015324005458763 5.656874596561858e-05 0.0 2.54315834751309e-05 5.236106751247927e-05 2.0822336943391396e-05 0.0 7.99079318819571e-06 0.0 1.947524927490682e-05 9.104069873103687e-05 3.9867981643535016e-05 0.0 1.8150891100979505e-05 0.0011800059051840124 0.00011853983649509902 2.0580056346265567e-05 0.0 0.0 0.0 0.0 0.0 0.0 0.0 0.01007286208857128 4.395401699445168e-05 0.0 2.62806586053576e-05 2.2404079823565774e-05 0.002897017655997254 0.0 0.0009253460199133949 0.000258392200682738 9.34131894656972e-05 0.00029643686087672415 8.707758387542428e-05 2.069058443642862e-05 0.0 0.0 6.480421249125247e-06 9.812194189294192e-06 6.586421798735876e-06 7.569621664104696e-06 1.5595959301938124e-05 0.0 0.00746648072479877 0.008019868651585632 0.006461747182226874
