0.0 0.2118868425249389 0.01723520990857283 0.11590701357285794 0.006692303083380938 0.018753422961493203 0.06292565601825012 0.00039510550754716123 0.005999225515828449 0.1366846907379739 0.004758984081214036 0.004467732570907977 0.007588090564957041 0.007161574128864685 1.731759074522647e-05 1.7212922902769083e-05 0.0 0.0 0.0 0.0 0.0 0.0 0.0 9.304598338355095e-06 2.3452532744676148e-05 0.0 9.771961579058795e-06 1.9518434370652326e-05 0.0 4.848066332004704e-06 0.03660660203234022 7.428982726841339e-05 0.0007024594255210491 0.0 0.0 4.4713077322935446e-05 0.0005980463348483653 2.483039946762412e-05 8.253574900658575e-05 3.40508188366026e-05 8.272968224351556e-06 5.426192625982779e-06 1.2726429859316799e-05 1.4881046410274575e-05 6.358469994212471e-06 5.523897115046655e-06 0.004555616325070314 0.00029896909949439856 6.150235676657308e-05 7.421217151021492e-06 2.3292675621606678e-05 3.0249363643062983e-05 0.0 6.83131831755875e-06 0.0007033635747662526 0.0009063447464135564 0.012898404467649005 0.03304712349671458 0.0035219465348728515 0.0022112589889189886 1.0761671941377772e-05 0.00011236582052752236 0.0 0.00030509760732293434 0.0002857991985280138 0.00013433648296740094 5.247879328001655e-05 1.5456650234039046e-05 0.0 5.9734583738257065e-06 0.0008817457823232542 0.0002602421571470021 0.0 0.01804281624125101 0.004039932287781937 0.0017820181888729282 0.0002231985088535637 1.223547398404807e-05 1.348134610389128e-05 0.000655599332953806 5.4114331903607e-06 0.00011094341217124485 0.0018650306875323932 7.811601946627803e-05 0.0004251183028440322 0.0004171592131871365 1.4427747484039025e-05 6.789693208203189e-05 6.485759477034928e-05 3.1844214913171917e-05 5.68183066486178e-05 1.9375955276431095e-05 1.0548121515317888e-05 7.40440422430495e-05 2.6368346420212803e-05 0.006334514659190095 0.00030355207373510234 1.0728197355211805e-05 0.00018645325118070612 0.11231571964505738 0.0 2.9578018263333066e-05 2.6446768632958724e-05 5.956005571391919e-05 8.736812856885257e-06 7.208384510910074e-05 0.00023071041553737514 1.7814670162305355e-05 0.0004204722693775413 0.0005723477498018177 2.7249579939224372e-05 0.00024340009908672508 0.001143131287796733 0.00032207497319478566 0.00020776474652063455 2.0970541449389614e-05 0.0 0.0 0.0 0.0 0.0 0.0 0.0 0.0 0.0 0.0 0.0 0.0 0.0 0.0 0.0 0.0 0.0 8.235847540546303e-06 9.809950405440568e-06 0.0 0.0 0.0 0.0 0.0001364015300716203 3.3621589618620694e-05 0.00016436284779818076 0.0001521569969029589 6.016982469180823e-05 0.0 0.0 0.0 0.0 0.0 9.53275511149181e-05 0.0 0.0 6.159139703083186e-06 0.0 0.0 0.0 0.0 0.0 0.0 0.0 0.0 0.0 6.945302503574802e-06 0.0 0.0 0.0 8.93478619462366e-05 0.0 0.0 0.0 0.0 0.0 0.0 0.0 0.0 4.0495050794435245e-05 0.0003906225538542132 0.0 0.0 0.0 0.0 0.00010980128789544674 0.0 8.794794258056685e-05 1.0022373156790042e-05 0.0 0.0 0.0 0.0 0.0 0.0 0.0 0.0 0.0 0.0 0.0 0.0 0.0005591291063734995 6.519161920350426e-05 6.352753255109642e-05
0.2118868425249389 0.0 0.03373202953263422 0.11719264196124567 0.1416322309186064 0.011005842176523332 0.26843421756674674 0.00577345103924569 0.10513901735901837 0.22199199052661103 0.05309130926641741 0.018802198355170694 0.06578053242903369 0.11914709554055358 0.00015905397735630256 8.113181776991841e-05 2.1861199070916028e-05 1.455055475078618e-05 0.0 3.1966166685107345e-05 5.400508101709326e-05 8.943228425860816e-06 0.0 1.1586439261442096e-05 0.00010490941350047141 5.146897701893523e-05 0.0 7.130229570730101e-05 0.0 0.0 0.19001077994475032 0.0025342169187642636 0.0025295534374532628 0.0 2.0000853510585245e-05 0.00013715353378891446 0.0017874729859367591 0.0002510180193351696 0.0001911763722678002 0.00022208552781039493 1.27369452109794e-05 2.7658753849503175e-05 9.150057829700942e-06 3.0513527894337466e-05 0.0 1.3747873463542774e-05 0.0117094365461841 0.000562785739094954 0.00018211671762549393 5.333714699248776e-06 0.00012827370911395417 1.3720788528158554e-05 1.1195059744429044e-05 5.3813380869518236e-06 0.0011327765000142924 0.0020810361924676946 0.014392599973974416 0.05609521419028676 0.005947060886449462 0.005274426720733706 0.0001048793960543385 0.00044778304830930463 0.0 0.002932592216016148 0.0008599438056521928 0.00032010301111001115 0.00011292518968037734 1.1102562087181944e-05 0.0 1.1672030227282031e-05 0.001746664258939105 0.0001670893922265388 1.4755622573943631e-05 0.034302762186900614 0.014155646898966085 0.005847310040642292 0.001265525286805093 9.402969668170785e-05 7.700613459593465e-05 0.002605315339585584 3.8221702086551926e-05 0.0003677459580754266 0.003626005574641581 0.0001509488778551614 0.0009346508199487573 0.0010372864741949003 5.8893018668793975e-05 2.9035214646914926e-05 0.00021601389040336972 1.231829407757355e-05 0.00024142476662558412 7.228520561943728e-05 2.440243452021256e-05 0.00024046483213709018 5.652702660141295e-05 0.0021578389818660386 0.001049821752313724 5.042369389577514e-06 0.0005282516749664211 0.07756257286353166 5.768010257675955e-05 0.00011123348435691038 0.00013826423722259636 0.00019198491655289876 0.0001548456931480798 0.00016301273583624128 8.974276968372093e-05 1.0918989393273501e-05 0.0004625733809030808 0.0003102446106589596 4.30771860796621e-05 0.0007782426401488953 0.0008277861098172906 0.0007365469562656981 0.0007263626861543301 7.195522290600478e-05 2.883697054582748e-05 0.0 0.0 0.0 0.0 0.0 0.0 0.0 0.0 0.0 0.0 9.740172181076039e-06 0.0 1.4692530969878587e-05 9.883541172029273e-06 3.939228307430545e-05 0.0 0.0 0.00013408815827086327 0.0 0.0 1.6432002347835703e-05 3.593412514916853e-05 0.0006221309381216637 6.998926193267708e-05 0.0008407525583330393 0.00020088061619633724 0.00028852686607788687 0.0 0.0 0.0 0.0 1.723975235330415e-05 0.0 0.0 0.0 4.498239376768273e-05 0.0 0.0 0.0 5.897165538763107e-06 0.0 1.3323356296818285e-05 0.0 1.0410467290416175e-05 0.0 0.0 0.0 0.0 4.313481030795531e-05 0.0005644227286701233 2.6444033680296327e-05 0.0 0.0 0.0 9.51140851759271e-06 0.0 0.0 0.0 0.0 0.0011094289052683301 1.247312244935477e-05 0.0 0.0 0.0 0.0003587767023202749 0.0 0.00014000492430370692 6.244037571411568e-06 1.5475991701896306e-05 5.79173159589568e-05 0.0 3.189932021262566e-05 0.0 7.2195419642965296e-06 0.0 0.0 0.0 0.0 0.0 0.0 0.0008906131818340654 0.0002451961348102844 0.0005279764348145476
0.01723520990857283 0.03373202953263422 0.0 0.0005679510832076847 0.02710185189612955 0.00022972235899678265 0.005494997205428806 0.09714979400835964 0.04152043897798499 0.005299724276524601 0.19943397353430073 0.0005606618530711091 0.009691719326649431 0.08082208229503188 0.00010723964502467481 5.9843844742982666e-05 4.078651802855927e-05 4.4709281981671415e-06 5.135529283790045e-06 1.752468929350174e-05 7.388990494513744e-05 1.1795646445066403e-05 3.731336390164304e-05 2.68523202233961e-05 0.000619074010298684 0.0002496005939452717 0.00015332832309701493 0.00021606479006806904 2.5232307489975175e-05 1.0257553790227113e-05 0.3001981441329834 0.035803680129465894 0.007515694335234467 7.231501690700381e-06 0.00016044927725235333 0.0018092565687105031 0.005298573691653012 0.002100055600171398 0.0006938479363301971 0.0008444717509465266 0.0003467393039690871 0.00032671132555618074 1.6259310778948157e-05 2.2698976893684573e-05 7.81059882710523e-06 0.0 0.003389810663823825 0.0001604087305420165 4.736126834238811e-05 1.8340605201841787e-05 3.851230623720535e-05 1.0798655523412486e-05 0.0 8.266244470214592e-05 0.00028488855389671426 0.0005611190085537904 0.005683718579008021 0.03826892844877575 0.00172359289415909 0.0014406887920149 0.00044725149159126565 0.005054377338873119 6.433973811115196e-05 0.003821181071995485 0.00019049785408769158 8.644355318348128e-05 2.9502289012670383e-05 7.333693100808069e-06 0.0 4.765990129414259e-05 0.0016409678815287188 0.0003693183476740998 3.953500247605806e-05 0.011652468836548895 0.00524773910881005 0.0016952778136446575 0.0005584773903247539 0.0002539430071933885 0.0009926237091744663 0.041954358440960064 9.537827269908885e-05 0.005963202729342055 0.000946007360789258 5.111545479154994e-05 0.0002216290740257053 0.0001931504728366487 2.5024824449649693e-05 0.0 5.431072437192635e-05 2.024285230107581e-05 6.051151367043776e-05 1.8739570848187562e-05 8.483293116247608e-05 0.00012727901856776383 4.188010954236448e-05 0.001640630404761682 0.00037238956038856594 0.0 0.0003984283359065684 0.007377659178375384 2.0423159342110443e-05 1.726625296195417e-05 1.813108688320317e-05 0.0 2.9407980701413146e-05 0.00010477371031976921 6.30688542775321e-05 9.105384710208415e-05 0.00031178372070000016 0.00026943045068745386 0.0 0.0003878159612164653 0.00046653624434156617 0.00037857744390786566 0.000507904086524958 6.535623998071157e-05 2.7963455198813254e-05 0.0 0.0 0.0 0.0 0.0 0.0 0.0 0.0 9.260922065093794e-06 0.0 4.183188563878828e-05 1.4844747325271347e-05 1.2453977780717943e-05 1.5488359698148208e-05 0.0 2.0128021220728118e-05 1.8384833423559382e-05 9.026787401806465e-05 0.0 0.0 0.00013207366984760392 0.0 0.00039226838877017976 0.00011788924360434395 0.0005560701675559151 0.0003362374439301575 0.00011996777879086673 1.1569339483419665e-05 0.0 0.0 6.838689434889719e-06 1.4681673116744938e-05 0.0 0.0 0.0 5.73458965217019e-05 0.0 0.0 0.0 3.512973084865934e-05 0.0 0.0 0.0 0.0 2.7184297742294316e-05 5.5703928280392895e-06 0.0 0.0 2.6497752278816356e-05 0.0003772045386500972 3.348213586974188e-05 0.0 0.0 0.0 0.0 0.0 0.0 0.0 1.4948702845614664e-05 0.0010287626066950064 5.882796969664701e-05 0.0 8.8784081253016e-06 0.0 0.0001874797543967665 0.0 6.781265091871562e-05 1.4818524967447139e-05 3.529053149498359e-05 2.4330656431276356e-05 0.0 7.368150671255035e-06 0.0 0.0 0.0 0.0 0.0 0.0 0.0 0.0 0.0005529837370508303 0.00030191661504538544 0.000631182216402292
0.11590701357285794 0.11719264196124567 0.0005679510832076847 0.0 0.0032349193542353626 0.02421979756561853 0.08920159278082199 0.0001197145346197288 0.0006848224508893 0.20265035424210337 0.0004477836351655917 0.0019982136397108255 0.015438491691387994 0.002322105267521273 0.0 0.0 0.0 0.0 0.0 0.0 0.0 0.0 0.0 9.334833578998064e-06 0.0 0.0 0.0 0.0 0.0 0.0 0.00487132630607153 5.67173238589153e-05 5.0664029758148556e-05 0.0 0.0 1.7096379820976778e-05 9.833383880533232e-05 0.0 1.9995703846665413e-05 1.0504052655436899e-05 0.0 0.0 6.4469800641704425e-06 0.0 5.22682742702262e-06 0.0 0.0023133810376726417 9.338600437495743e-05 7.543406700935354e-06 0.0 1.0009686942775531e-05 0.0 0.0 0.0 0.00012952778255041045 0.0002367795026491042 0.002493172746036022 0.0038002736772944157 0.0006947471833017608 0.0011214088665781438 0.0 3.739817475334953e-05 0.0 0.0002657474585064046 9.602840221221676e-05 2.466404493481672e-05 9.416872040658313e-06 0.0 0.0 1.1431085754465985e-05 0.000263065195926287 7.241754778311898e-05 0.0 0.004455239646106214 0.0015645161905401123 0.000824010221827358 4.64239662701549e-05 0.0 0.0 7.313624032336849e-05 0.0 1.3780868446467171e-05 0.0004630368825282329 5.932319748095778e-06 4.3230251353028876e-05 0.0001380693498382893 0.0 0.0 1.613327833217459e-05 0.0 1.2735755309266128e-05 5.254340362767992e-06 0.0 2.601134959887905e-05 1.292052701127851e-05 0.0007574146263611438 0.0 0.0 1.2607496349975498e-05 0.04891887707101922 2.84338427730382e-05 0.0 3.243596183802863e-05 1.7538202165424203e-05 0.0 3.1971914335347374e-05 5.962252656568739e-05 0.0 6.89494294902393e-05 0.00016121874803875995 8.578999106698407e-06 0.0001816029886908199 0.0002117338306357637 0.00012499671170102122 0.00017787422627256748 0.0 0.0 0.0 0.0 0.0 0.0 0.0 0.0 0.0 0.0 0.0 0.0 0.0 0.0 0.0 0.0 0.0 0.0 0.0 1.2125686326395806e-05 0.0 0.0 0.0 0.0 0.00015123698736068381 6.7776073076976e-05 8.661156558529992e-05 5.601434186620153e-05 0.0 0.0 0.0 0.0 0.0 8.864627120765187e-06 0.0 0.0 0.0 2.125073193640951e-05 0.0 0.0 0.0 0.0 0.0 0.0 0.0 0.0 0.0 0.0 0.0 0.0 0.0 0.0001499661278107724 1.7916692092364598e-05 0.0 0.0 0.0 0.0 0.0 0.0 0.0 0.0 0.00027256525535156086 0.0 0.0 0.0 0.0 7.978947659467792e-06 0.0 0.0 0.0 1.872180630364675e-05 0.0 0.0 0.0 0.0 0.0 0.0 0.0 0.0 0.0 0.0 0.0 0.0003764329936302618 0.00012628627223598 0.00012871503263055755
0.006692303083380938 0.1416322309186064 0.02710185189612955 0.0032349193542353626 0.0 0.001395539199349631 0.2127883107880225 0.005212100159725558 0.3803422448692956 0.0843394787039329 0.07321419512632993 0.007570936736458749 0.0803831205522134 0.21783451837910348 0.00010521784062833912 5.3236749541340646e-05 7.513366235870449e-06 0.0 0.0 6.3848982576477816e-06 0.0 0.0 0.0 0.0 6.981372916990275e-06 0.0 0.0 0.0 1.2740043913357727e-05 0.0 0.01425342073572441 0.001445130345526342 0.0007478839087539719 6.105568830456125e-06 0.0 2.948163470682589e-05 0.0006058525909389455 3.906895662653692e-05 8.920166086778727e-05 1.2781165338127517e-05 0.0 0.0 0.0 2.115937308390585e-05 6.25994795363131e-06 0.0 0.004645625150099104 9.75379291313679e-05 4.465227243474795e-05 0.0 5.603090335535366e-06 0.0 0.0 5.651242399807451e-06 0.0002619149292724599 0.0004140196893890238 0.0012416783340207433 0.006362981432189502 0.000685302692084133 0.0016904020431427035 1.6554199486408445e-05 5.727058110590378e-05 0.0 0.0020719076019421597 0.00014229972058524357 6.373723502119068e-05 1.629101214848784e-05 0.0 0.0 1.296684818511677e-05 0.0011925403086897393 5.434628786292825e-05 0.0 0.00594569618073762 0.004046643415908243 0.002647105296366297 0.0006954359623605041 7.313179134561913e-05 4.690075057790989e-05 0.00037595843482320264 1.8082793163965216e-05 2.174355006856878e-05 0.0007007933961719662 2.612365163217544e-05 0.00021831180764735075 0.00014233837367223318 1.9888947099372086e-05 0.0 2.6369565158829848e-05 1.2136671668998732e-05 3.48541906918046e-05 1.3879720846665155e-05 6.611214325685179e-06 4.197602260202074e-05 1.8821957882245963e-05 0.0009261281216082425 0.0002895235903846586 0.0 0.0003906448093670826 0.002040738587447432 0.0 1.107467022440288e-05 5.0209403322518605e-05 0.0 1.068685838888729e-05 0.00018503140463814138 0.00015660385488696182 6.133376914441091e-05 0.0006987028526916229 0.0003339737616559628 4.7325170609800645e-05 0.0005010791376217573 0.0007044441588128171 0.0007543125313463873 0.00025564660192168697 2.6002770872964077e-05 2.0496596311879065e-05 0.0 0.0 0.0 1.0786745376246695e-05 0.0 0.0 0.0 0.0 0.0 0.0 0.0 0.0 0.0 0.0 0.0 0.0 0.0 2.676410611113467e-05 0.0 0.0 4.89360860589494e-05 0.0 0.00032445235786279645 0.0001059965832381723 0.0006956870660239259 0.0002715150522478899 1.0612568453859918e-05 1.431250105109498e-05 0.0 0.0 1.2471727147940987e-05 0.0 1.0902460282399279e-05 0.0 1.7832059321186623e-05 1.7359388066547674e-05 0.0 0.0 0.0 0.0 0.0 0.0 0.0 0.0 0.0 0.0 0.0 0.0 0.00010938677409886541 0.00046996970472340424 1.2534301205470031e-05 0.0 0.0 0.0 0.0 0.0 0.0 0.0 0.0 0.0007539395614099201 1.086311258016637e-05 0.0 0.0 0.0 0.0001400236981398795 1.6261564104726613e-05 8.458773805250524e-05 0.0 9.01412066534977e-06 4.716556087701085e-05 3.878182555210018e-05 1.6477078981616713e-05 0.0 0.0 0.0 0.0 8.698063140972543e-06 0.0 0.0 0.0 0.0010134378858016053 0.00027602798822618467 0.0003293165222698507
0.018753422961493203 0.011005842176523332 0.00022972235899678265 0.02421979756561853 0.001395539199349631 0.0 0.009422208616787872 9.386470861341048e-06 0.0004618129294907151 0.0610986245307962 0.0007257755991719393 0.01713190134973051 0.013818649000588094 0.003151440891936847 8.816954153824086e-05 4.758976640281044e-05 0.0 0.0 0.0 0.0 0.0 4.7332594847743816e-05 0.0 0.0 2.372646258811534e-05 0.0 0.0 0.0 6.18752887597456e-06 0.0 0.001536715114934582 0.0 0.0017405309662081865 0.0 0.0 7.138525340850765e-05 0.002497240340049878 6.418003073761784e-05 0.00034736220183275893 9.093413651407292e-05 9.398563136320104e-06 0.0 0.0 7.545245180028059e-06 0.0 0.0 0.0004888943068057381 1.5832238257821557e-05 0.0 0.0 0.0 0.0004651711245419037 3.810018691545771e-05 0.0 6.149340316090915e-05 5.743751692998182e-06 0.00890049490585838 0.0018701623304110129 0.0002808402305232324 0.00018523475793030128 1.4362611495270166e-05 0.00015457636911467366 1.5301102963306058e-05 4.253954528083919e-05 3.400628099760248e-05 1.504158246535902e-05 0.0 8.302781029649883e-06 0.0 0.0 0.006372718457100783 0.0030381168327331368 0.00023709261729156557 0.0008286534343363861 0.00020130249959251785 0.0001493459375805909 4.578965303987657e-05 7.628876248233124e-06 0.0 9.116636313556108e-05 0.0 0.00012413061603875486 3.694996174629917e-05 9.908102119468107e-06 1.1662549968691437e-05 5.656590987772205e-05 0.0 6.744505628229271e-05 5.242887659959825e-05 0.00018190708294741904 5.3217111103965657e-05 7.926285048127231e-05 0.0 0.0 7.765551030227985e-06 0.010563684308123761 0.0026489341505099846 0.0006710501303082018 0.0017687094010304832 0.05508086268408775 0.0 0.00012075413788466819 7.230900567734514e-05 0.00013144054196584357 6.513533513237027e-05 0.00023154826621126903 0.0010298430951244692 3.6312825534915364e-05 0.001035098812069959 0.001985608256549394 5.056431680403294e-05 0.001095135351580741 0.0019455021103573537 0.000976152012575642 0.0005465859805695666 1.3602683194456982e-05 0.0 0.0 0.0 0.0 0.0 0.0 0.0 0.0 0.0 0.0 0.0 0.0 0.0 7.953601032878989e-06 0.0 9.721541517601074e-06 3.29538078731035e-05 5.415023435470581e-05 5.6959715741936146e-05 0.0 6.312599080801426e-06 0.0 0.0 6.713867126253119e-05 2.7307995411684057e-05 0.0007871309069539103 6.672022957611058e-05 9.59245337084953e-05 0.0 0.0 0.0 0.0 0.0 0.0 0.0 7.812404422009432e-06 9.908236792867799e-05 0.0 0.0 0.0 7.777908402357449e-06 0.0 0.0 0.0 0.0 0.0 0.0 0.00010953398801032068 0.0 0.0 0.00025458726359044946 0.0 0.0 0.0 0.0 0.0 0.0 0.0 0.0 0.0 0.0015312990713809928 0.00010531307981508629 0.0 0.0 0.0 0.00010498486981236952 0.0 0.00015080988752038516 0.0 1.4737316199158389e-05 0.0 1.0162777511671932e-05 3.396085123822799e-05 0.0 0.0 0.0 0.0 0.0 0.0 0.0 0.0 0.0028955638932722846 9.118898391587818e-05 0.00014181372870470727
0.06292565601825012 0.26843421756674674 0.005494997205428806 0.08920159278082199 0.2127883107880225 0.009422208616787872 0.0 0.002248667523456494 0.09901872359250116 0.28553827533831105 0.025093870880666225 0.036876095375302974 0.3350747713990111 0.1675342794036622 0.0001849212754908393 5.001302603151704e-05 1.4883878497770715e-05 0.0 0.0 3.699258572552833e-05 1.8675502330768632e-05 0.0 0.0 0.0 0.0001263463476010933 1.5076476130736615e-05 7.219343141433724e-06 0.0 0.0 0.0 0.0177648066384189 0.002106911366112423 0.00131475725062671 0.0 1.4866162014736177e-05 5.486744735942792e-05 0.0024633746086034974 0.00011823691598754959 0.00033254274851937486 5.086126153214066e-05 2.1568991689595355e-05 8.589287608051392e-05 0.0 3.863634286669199e-05 0.0 1.719177685182881e-05 0.01153706699444771 0.00028063105420015423 0.00011507829861776983 1.022444295377706e-05 5.078727362573694e-05 0.0 0.0 1.0594890925940997e-05 0.0005616534707163614 0.0008819835911622187 0.002970986413631233 0.012971583550252021 0.0019361157611675103 0.004575452138909721 4.659179199096494e-05 0.00012103789858273849 0.0 0.003393172009686183 0.00033632394857052733 0.0001749426200919791 3.203819823525034e-05 5.183786577465345e-06 2.2986495495635075e-05 2.072362470203053e-05 0.0038796873407350974 0.0004063376090533431 1.252297842050199e-05 0.01414475378512892 0.010021510971057787 0.005590353940755111 0.001636890955488076 0.00024413733628564886 0.00013518884922801135 0.00033874813603926036 1.1197712739575485e-05 0.00013186474142071606 0.0015973763143956295 4.884019475344861e-05 0.00044299616022750463 0.00035418980727248023 3.0148099061160533e-05 2.889601132377935e-05 8.089931492124681e-05 2.38374725257588e-05 6.614130849659188e-05 2.349205751561639e-05 1.2999076713493714e-05 9.99670790771016e-05 6.678760017196598e-05 0.005550044131147718 0.0011107183964935378 4.562108970142284e-06 0.0012498460399576917 0.0059507822534666755 5.7487740698129696e-05 8.106652849024005e-05 0.0005234259491402653 0.00013829653809618793 0.00015853252721416755 0.00043439765219654286 0.000452037658244561 9.19957241238042e-05 0.0017614996980153876 0.0013977873779937226 0.0002796694876440893 0.001971365230176308 0.0025104184175432564 0.002032157616301244 0.0015770401888763684 0.00011843186964614415 0.00010981014284854516 0.0 2.9628251137871605e-05 0.0 0.0 0.0 0.0 0.0 0.0 0.0 0.0 1.0845968282011819e-05 0.0 0.0 0.0 0.0 0.0 0.0 0.00014738835954577892 0.0 0.0 0.0001551034778667844 0.0 0.0011351740725385818 0.00032198341096622386 0.0015008739604690643 0.0008169293965002074 0.00023682156607939697 0.0 0.0 0.0 7.832578618701752e-06 8.369422102431068e-06 0.00015016212162154494 0.0 1.3735661793663922e-05 0.0002584207171230464 0.0 0.0 0.0 8.523139798097777e-05 0.0 0.0 2.616603783342618e-05 0.0 4.103805626917974e-05 5.904890439371327e-05 0.0 0.0 5.676507473608763e-05 0.001060419846665536 0.00011182403429730547 0.0 0.0 0.0 0.0 0.0 0.0 0.0 1.3940946146554921e-05 0.003358766426611691 2.0617004044686558e-05 0.0 0.0 0.0 0.0007608440394582427 0.0 0.00042049843608520034 1.56778773474277e-05 3.452394186940055e-05 0.00017061283285451636 7.480296378178382e-05 2.853438339688296e-05 0.0 0.0 0.0 0.0 0.0 0.0 0.0 0.0 0.0030628956450035666 0.0011666116430944366 0.0012934796614146832
0.00039510550754716123 0.00577345103924569 0.09714979400835964 0.0001197145346197288 0.005212100159725558 9.386470861341048e-06 0.002248667523456494 0.0 0.0025640113271298117 0.0008397140356931254 0.15360702109011354 0.0003687165665185538 0.0011100516913257613 0.029935142060130936 0.000275148010883174 0.00020520860390982288 4.024775309640009e-05 2.1954225404732172e-05 7.2175815607510575e-06 4.804090154944238e-05 0.000725914574329398 2.1111645984531364e-05 8.76014074843729e-05 0.00012655893477338525 0.0015142087169551716 0.000858052380992351 0.0004708854919358754 0.000984057772679263 5.858674292572041e-05 3.791737106379547e-05 0.13501676229462686 0.1251183227219363 0.008920757456800191 3.0024644228855134e-05 0.0006432219373890095 0.0056796150081742085 0.006852140622651378 0.004273650796604631 0.0009279476796447948 0.001162643190355727 0.0015192319983380986 0.0011690080393765986 2.4335395801705772e-05 0.0021290187180057034 1.542042450607171e-05 0.00022256385463954612 0.008305136642961463 0.00011651122004911232 1.8661593836762932e-05 2.4178751716808495e-05 2.3332258066354446e-05 2.5678362282438444e-05 1.4354958079828653e-05 0.00014122432465180386 0.0002676127154467663 0.00039668935070869053 0.0024728192637361577 0.02472757182334363 0.0012203903493578638 0.0020688111028044653 0.004215000797653903 0.014850536417177549 0.0003962155720157649 0.025275205455709753 9.373776906894477e-05 6.409892871646408e-05 5.38198094754156e-05 4.497488251311767e-05 3.466501554399615e-05 0.00031908847925629825 0.000855134195607957 0.00019258944986206726 1.2924310716598916e-05 0.00841602290671333 0.00840674642840343 0.0033187184808801088 0.007666648891430113 0.014740700284184139 0.048866383827414955 0.12962052032142518 0.002711256884810411 0.05430075563945784 0.0006088489987014013 5.347578673122342e-06 0.00023077358429280558 0.0001287915516076549 6.365623418215539e-05 1.2265455257573661e-05 3.176195081538746e-05 9.548057692725865e-06 4.5112775021908396e-05 6.44610190456419e-05 0.00064713386220768 0.0003232690355167739 0.00010673586735135282 0.0007078419626161045 0.00010903764216360077 1.7557906371176197e-05 0.0004382063267342357 0.0008595453201149993 6.054489567496533e-06 0.0 0.0 0.0 0.0 6.7970110025577206e-06 0.0 8.580564394071232e-06 5.173898858483644e-05 7.582663845172222e-06 4.561167065801392e-05 3.1817320200170425e-05 1.7046369547098877e-05 7.014323126827249e-05 3.0952328434816606e-05 6.212611569007318e-05 1.225601496591986e-05 0.0 8.3803275111604e-06 0.0 0.0 0.0 0.0 0.0 0.0 0.0 9.576261196429836e-06 3.7514541778255695e-05 8.770049159162215e-06 0.0 1.9519374352532972e-05 8.322697717850678e-06 7.906617116164709e-06 1.4458114261436006e-05 3.655273845603355e-05 0.0 0.0 1.47836206779471e-05 0.0 9.334249201672807e-05 0.00010692152540872305 0.00020563191498569519 7.894160838514435e-05 0.00010306956161937202 0.0 0.0 0.0 0.0 6.11045592677851e-06 8.326845678797599e-06 0.0 0.0 6.425574987006868e-06 0.0 0.0 0.0 4.467339824926453e-05 0.0 0.0 0.0 0.0 0.0 0.0 7.2774489966108745e-06 0.0 0.0 9.607937472804133e-05 0.0 0.0 0.0 0.0 0.0 0.0 0.0 0.0 0.0 0.00015180671300927544 7.223564510007598e-05 1.0019178837309756e-05 0.0 0.0 4.557573228726306e-05 0.0 1.9240524528582893e-05 3.255553228880573e-05 5.668990755209307e-06 5.472798425120315e-05 5.966603791209557e-06 9.919887812628182e-06 0.0 0.0 0.0 0.0 0.0 0.0 0.0 1.2114981258261057e-05 5.3221866663534026e-05 3.783954228417441e-05 0.0002476406912512878
0.005999225515828449 0.10513901735901837 0.04152043897798499 0.0006848224508893 0.3803422448692956 0.0004618129294907151 0.09901872359250116 0.0025640113271298117 0.0 0.028552804636138653 0.04582727300735135 0.003326254150184444 0.07127009422389259 0.2823670031654937 6.214203872005773e-05 5.6484393515793136e-05 0.0 0.0 0.0 0.0 1.956337592630518e-05 0.0 7.589108640208544e-06 0.0 3.13751128577622e-05 1.1662919789334462e-05 8.032811960238435e-06 0.0 0.0 5.644858819952807e-06 0.008701487247067525 0.0005357417207476253 0.0026287437363477187 0.0 2.0641369710636743e-05 1.716280385811383e-05 0.001126280205303309 7.231863113227575e-05 0.00011478938066712082 5.441400298389706e-06 0.0 0.0 0.0 3.3359495553490214e-05 0.0 0.0 0.0026023997899953764 7.537013002868863e-05 4.5987004208768464e-05 7.190965098575386e-06 5.139766790911816e-06 0.0 0.0 0.0 9.226336296902714e-05 0.00020865095415259036 0.000667260294869148 0.003538785735044192 0.00042944826006745403 0.0009825937812548004 8.311396687038104e-06 9.843249035902514e-05 0.0 0.0009222931518616001 2.6765212537600206e-05 5.715094033355433e-05 1.743090763517118e-05 0.0 0.0 0.0 0.0016450551716537581 0.00021633835211450758 0.0 0.002565731870874776 0.0018818418617746482 0.001243057086087228 0.0005020708271063136 6.549716238804007e-05 8.944460621699616e-05 0.00027500516702741565 0.0 1.1726897242846771e-05 0.000261588427223903 1.2804901145390181e-05 9.632739739595536e-05 8.005206746401013e-05 0.0 4.987567130568602e-06 3.4563908806198524e-05 0.0 2.8696515093975757e-05 5.136418168700856e-06 0.0 5.785851447671513e-05 2.1210355717942297e-05 0.0009806384879122237 0.00044408084569124155 0.0 0.0002746623989414926 0.001840321076748253 5.236924592989566e-05 0.0 0.00018295494672051092 8.025195779816512e-05 4.1570952638467314e-05 0.00018304271512554048 9.03137454373863e-05 0.0 0.00041281813959026834 0.0005100138328536564 4.767944664396858e-05 0.0006356233530434057 0.000691220209900117 0.0007335720906821761 0.0005667476321969231 3.6303145441640774e-05 1.4291496655120568e-05 0.0 0.0 0.0 0.0 1.2183466375151466e-05 0.0 0.0 0.0 0.0 0.0 3.686147950142378e-05 0.0 0.0 1.1110397630436714e-05 1.5737962830752832e-05 0.0 0.0 2.297096758182317e-05 0.0 0.0 0.0 0.0 0.00045056540530012456 5.3935398409830684e-05 0.0006121126587933872 0.000209676361060397 0.0001360542077785446 0.0 0.0 0.0 0.0 7.3438836578703725e-06 0.0 0.0 0.0 8.463131010818448e-05 0.0 0.0 0.0 1.601982939956527e-05 0.0 0.0 0.0 0.0 5.501510065423271e-06 8.216944697172642e-06 0.0 0.0 7.00706811597723e-05 0.0004974990582793204 1.8391507396094047e-05 0.0 0.0 0.0 0.0 0.0 0.0 0.0 1.3528708947639258e-05 0.0009998233481101479 3.074091244554597e-05 0.0 0.0 0.0 0.00020706449745694076 0.0 0.00013273723229878065 6.598365714370519e-06 6.0172505512037245e-05 6.437441271724306e-05 2.070879241528315e-05 5.208374388756638e-05 0.0 0.0 0.0 0.0 0.0 0.0 0.0 0.0 0.0008700762917671459 0.000349375727508161 0.0003227717279340178
0.1366846907379739 0.22199199052661103 0.005299724276524601 0.20265035424210337 0.0843394787039329 0.0610986245307962 0.28553827533831105 0.0008397140356931254 0.028552804636138653 0.0 0.01810140702817305 0.14800995392322092 0.6886514325527051 0.07596194882725137 0.00019311387475848537 8.6742822570761e-05 1.819791969609886e-05 0.0 6.990698872850198e-06 5.127286988418999e-06 0.0 1.4061196035257595e-05 0.0 0.0 4.7191756927484256e-05 0.0 0.0 0.0 0.0 0.0 0.01028540883890419 0.0011001595344963435 0.0060933016272774546 0.0 0.0 8.53645688262098e-05 0.012674342862930028 7.57713598778906e-05 0.0006901709300832768 0.00015020926135872166 2.3828515884631305e-05 2.7231219432005732e-05 0.0 1.575535704874002e-05 1.3320469065067571e-05 0.0 0.011654568072079126 0.0001641711688988506 5.127862613491009e-05 1.5609481776712145e-05 5.583571798970774e-06 0.0 0.0001175572463549326 0.0 0.00040719337553904493 0.0004821628476504562 0.0039219705762795634 0.007328737410598017 0.0016484467952532483 0.0031680477288908403 1.202772028155567e-05 0.0001698664533452777 0.0 0.002254846495107753 0.0001943056893197117 0.00011147728570684158 2.611767480443707e-05 5.199988870096889e-06 1.1229787471132344e-05 4.958877952695947e-06 0.02041455534343182 0.0019116611103502815 0.0 0.009291362120604617 0.0050394297682554105 0.0034284095470466145 0.0008936625766483246 0.00013476219610676583 0.00011635187895484714 0.0002820446033030933 1.528405681180642e-05 0.00011735917982846313 0.001072310836514932 1.3229897915356251e-05 0.00013930786348856637 0.0002032537046715976 6.304599622514721e-06 3.277709583273831e-05 5.118395255620515e-05 1.965256138690397e-05 3.533332394244001e-05 1.8586382132636245e-05 8.686461599268101e-06 8.614343538413816e-05 3.52541307219513e-05 0.039940814638781505 0.006664898460563841 2.8838605648862053e-05 0.006163238418187133 0.046333633183755565 0.00031476062864458314 0.0005728020423364567 0.0035788350917604164 0.001117103319034894 0.00027862260483163607 0.004018300322365445 0.0020399373171448307 0.0006146974425205652 0.006680162888044664 0.006456669708531104 0.0008969799507856354 0.009208878795571349 0.013186670896265995 0.008228106396160785 0.0059653291368242925 0.00031347216795925227 7.298628285877076e-05 0.0 0.0 0.0 0.0 9.58180091741639e-06 0.0 0.0 0.0 0.0 0.0 0.0005370084753389901 0.0 0.0 0.0 6.965490359853116e-05 0.0 6.449925374457157e-05 0.0008009353938363826 7.682564492117614e-06 2.2286717434702842e-05 0.0007953632662409223 0.00010068356078806239 0.004290327219536962 0.002450006994236237 0.006930122142245294 0.002557387526760409 0.001375810461487101 2.6779660838207966e-05 0.0 0.0 0.0 0.00014556253479471916 0.00011420225776507848 0.00010520644802770926 0.00010432406052663654 0.0006895287175650096 0.0 1.676724804916069e-05 0.0 0.00022319901931735145 0.0 9.978210197538869e-06 7.1152586138893515e-06 0.0 0.00010728780923080111 0.00034224255055291075 0.0 3.2006598553739726e-05 0.0006021587626589181 0.0045895365511820635 0.0003616444747259593 4.9239801388514936e-05 0.0 0.0 0.0 0.0 0.0 0.0 1.933281273884475e-05 0.012943870189930913 0.0001247595838177141 0.0 0.0 0.0 0.002417068525572294 3.626425002347746e-05 0.0018909198278508456 0.00016627031640063873 0.0002141929724791454 0.0004363144416957548 7.035621861584301e-05 0.00025264051811324143 0.0 0.0 0.0 0.0 0.0 6.769104468371478e-06 0.0 0.0 0.011836781148471509 0.0027672323489653203 0.004016555212613936
0.004758984081214036 0.05309130926641741 0.19943397353430073 0.0004477836351655917 0.07321419512632993 0.0007257755991719393 0.025093870880666225 0.15360702109011354 0.04582727300735135 0.01810140702817305 0.0 0.008790868129798133 0.0538273170828712 0.29240551653057917 0.0007978798608089064 0.0005084542440577469 4.0958730500115825e-05 2.0059066112897382e-05 8.322189783615929e-06 4.458418496358315e-05 0.00021346299459131174 0.0 5.816123012695012e-05 7.048647996925832e-05 0.001461990651781686 0.0006884395522629768 0.00020812660817822457 0.0007940315648713504 0.00010882777375483221 1.4532924272552348e-05 0.0848448406441165 0.009036138597545844 0.08248036078624556 8.44128670207857e-06 0.00034733319393121306 0.003423915745618745 0.04003249812045271 0.004422878067290762 0.0037129901425416254 0.0022317046703888505 0.0005976459774419798 0.0006519512475918098 5.194061318050216e-05 7.589545848142475e-05 6.510451101179778e-06 3.6269527176866566e-06 0.008862978547355186 0.00025551062782586256 5.479775134553465e-05 5.701792530878473e-05 1.732968909113263e-05 0.00013234257954023495 6.913658807842651e-06 7.741345737935592e-05 0.00020787770977907514 0.00036477935730029745 0.002907155602857323 0.01555269837410007 0.001440374669851494 0.0021721983772876726 0.0008413209392712762 0.014076790398908072 8.568117374584796e-05 0.004287268373806928 0.00013613571553999345 6.219534449553439e-05 0.0 4.341266854714432e-06 1.5063778533733776e-05 5.7696874524718116e-05 0.01064456322270628 0.0005834378199446526 0.0 0.008117837744518724 0.006740829267524266 0.0040832952789443735 0.002591377785569551 0.0007637029123906968 0.0011041201860937189 0.03422901885766072 0.00010786777349796131 0.010017174864491121 0.0005417678459318494 3.040159871714766e-05 0.00018674544034924547 0.0001765307129024844 0.0 7.805282718600506e-06 3.118643502006607e-05 8.748070379386887e-06 4.665258372547703e-05 4.341395608960193e-05 0.0001384984136235075 0.00011144742129866283 0.00012397935231300754 0.004795676594672175 0.0008664816158922977 2.1527396226600506e-05 0.0024841554700063074 0.004575676016994614 8.982552502069058e-05 3.364799966927468e-05 0.00011826214220741738 0.0 0.00011986714356174124 0.000274538343593314 5.23946831144805e-05 8.345189845104102e-05 0.0005147753095523118 0.0004104676511529908 9.79055510869628e-05 0.0008151713526384933 0.0012512798032242593 0.0011902268999575093 0.000809319967455145 0.00010314722041303408 2.3776260885455028e-05 0.0 0.0 0.0 0.0 0.0 0.0 0.0 8.164051744739368e-06 0.0 1.1282970816245644e-05 5.5249607414760734e-05 9.04081250820371e-06 7.031244065455268e-06 8.820683726711108e-06 3.415047968192721e-05 1.7330046264010857e-05 1.7286951787930785e-05 0.00011389148852412337 0.0 0.0 5.519857014238031e-05 7.821079270936966e-06 0.0010716307980734928 0.000410185240224381 0.001213223905745701 0.0005724787300541847 0.0003016572240605501 7.247427250237897e-06 8.03119962318052e-06 0.0 0.0 3.5009389390139446e-05 5.2701457685398155e-05 0.0 0.0 0.00022338943293429006 0.0 0.0 0.0 9.328319373028468e-05 1.2957462025896355e-05 7.88976523433255e-06 0.0 0.0 2.472938581737549e-05 7.113181850907632e-06 1.5384156281614623e-05 3.2802979736376224e-05 3.7703513044095415e-05 0.0006836760478746669 0.00010588933272214079 0.0 0.0 0.0 0.0 0.0 0.0 0.0 0.0 0.0018526537660058223 0.00012558384775673902 0.0 0.0 0.0 0.0002648626856368888 0.0 0.0002660857027398107 8.050581057974576e-06 6.709292075584113e-05 9.715689953325374e-05 2.7407335003782497e-05 6.473994880346558e-05 0.0 0.0 0.0 0.0 0.0 0.0 0.0 0.0 0.001441169252269019 0.0009911305282265545 0.0010063819740415763
0.004467732570907977 0.018802198355170694 0.0005606618530711091 0.0019982136397108255 0.007570936736458749 0.01713190134973051 0.036876095375302974 0.0003687165665185538 0.003326254150184444 0.14800995392322092 0.008790868129798133 0.0 0.12412406538344482 0.0059388851471582176 0.00041757858321949407 0.00044768592207604786 1.792802600736568e-05 0.0 0.0 0.0 0.0 0.0 0.0 0.0 5.4074142872058976e-05 2.1633280278121974e-05 0.0 0.0 0.0 2.379474179939465e-05 0.0005809314882789455 0.00016962230595250126 0.0010368016742397193 0.0 0.0 6.961036322997808e-05 0.006614188046898941 0.0001080635669681393 0.0005081042075543431 8.943579325447688e-05 0.0 8.332439127489062e-05 0.0 7.555701795470894e-05 0.0 0.0 0.0026064684378209967 1.1799329474178925e-05 0.0 6.9019606372150655e-06 0.0 0.0 2.8217819961913354e-05 0.0 3.8397745313113986e-05 3.242366922245498e-05 0.0008986588181219105 0.0007574095040163957 0.00017977718114072026 0.00048451861273521226 0.0 0.00032682828399056943 9.278827252779286e-06 0.00018046501313483462 1.291606892713846e-05 1.0344773788174519e-05 0.0 0.0 0.0 0.0 0.005207928918290909 3.615499154830482e-05 0.0 0.000980046429346442 0.0008899584702887028 0.0010152594578682254 0.000453944406936246 0.00023022093894467857 6.993911152156514e-05 0.00018330908717064008 7.671729910871216e-06 0.00012628341890023897 4.1782075199594375e-05 0.0 2.1860878829511053e-05 1.0480683633353707e-05 0.0 0.0 8.518520530842996e-06 0.0 0.0 0.0 2.4720544017952476e-05 1.162280715028588e-05 0.0 0.1018883534479136 0.006979137721023807 0.0 0.0012643677507219635 0.008880631543163573 0.00015172706699880648 0.00018119620470217942 0.0004202694892820826 9.702321316512808e-05 0.00011136387067024192 0.0009619363498946766 0.0009386408265023451 0.00011005112324101328 0.0026807918337749463 0.0024336419876045076 0.0003148315127895026 0.0030316822307834305 0.0050918788989855746 0.0035142100134983247 0.0022226890694291078 8.425297498988537e-05 0.0 0.0 5.3362973728228724e-06 0.0 0.0 0.0 0.0 0.0 0.0 0.0 0.0 4.907258731361108e-05 0.0 0.0 6.4650577673679375e-06 0.0 0.0 0.0 0.0002072794011938353 6.993324042914052e-06 0.0 1.113325365917923e-05 0.0 0.0009209599140415594 0.00020472000861337824 0.0010612879776061158 0.00042278141125983543 0.0003104032682680145 0.0 0.0 0.0 0.0 1.2319623104699736e-05 1.0228731051958074e-05 4.0978277367673595e-05 3.7190516162048495e-05 0.00014042798596565712 0.0 0.0 0.0 4.937349585121009e-05 0.0 9.929970610734307e-06 0.0 0.0 1.7309448114242124e-05 4.077117224256062e-05 3.9933392902060305e-05 3.071494911394506e-05 0.00014472578042907898 0.000756293130336795 4.393627639795581e-05 7.1203303675779585e-06 0.0 0.0 0.0 0.0 0.0 0.0 0.0 0.005041237459147197 2.395380616056586e-05 0.0 0.0 0.0 0.0007059219848683394 3.579741798889576e-05 0.00033071228203862996 5.284624221418886e-05 0.00011946140883166938 0.00014004540423384555 4.5246097640318153e-05 0.0002241726700538259 0.0 0.0 0.0 0.0 0.0 0.0 0.0 0.0 0.006252299532033251 0.0007304153547938897 0.000650248004471373
