0.0 0.11590516018114602 0.023942839195660676 0.09997470500883068 0.005056489282297786 0.007305212631194768 0.03588967313400662 0.017876155234165646 0.0012016064739808398 0.06554294854870438 0.019462938917689566 0.024437664257599176 0.011266633597592661 0.01445359332161797 0.001490537294326502 9.939778249125705e-05 0.0 3.337533575050656e-05 0.0 1.9264877269079128e-05 0.0 2.187749143738535e-05 0.0 0.0 0.0 0.0 0.0 1.8437826734080944e-05 6.54901471545831e-06 0.0 0.13348346751570417 0.0035131339475365465 0.001874433456544704 8.510129528769563e-06 0.0 0.0 0.0009426206487477248 5.894178930140447e-05 0.00011211645270874519 0.0 2.2397774488426817e-05 7.363159263390998e-05 2.30367427747097e-05 4.11162191368641e-05 1.405482639332507e-05 5.284267609805479e-06 0.005829035094807795 0.0017293428532504358 0.00024960397597446 7.08803533899828e-05 0.0001051275307201196 0.00010729833307302912 1.3129673502454332e-05 1.6154200221049197e-05 0.00041938604055373756 0.0005527499815853542 0.010856804337989382 0.0722612207174651 0.0020714971214430685 0.010385084397779326 1.6442375379451098e-05 0.00011597870307842916 0.0 0.014321865026027782 0.0009110562741107361 0.000603410556070552 6.524913245517836e-05 0.0001804392997574373 9.879356288513542e-05 1.8732013999848677e-05 0.0014186865526078295 0.0013309453882309715 0.00016276177959268526 0.03111288413202032 0.01060070185145881 0.006763966832669131 0.0007647512829815996 0.0003460774091324721 9.85728156892895e-05 0.004879900866069554 0.0 0.0001818501467549881 0.00312158296932168 5.245338817832083e-05 0.0010484681885858612 0.000958235810784536 0.0005149718868924082 4.039696210823901e-05 0.0001582864570793286 3.8745183351025696e-05 9.28621738075942e-05 1.7947542271048814e-05 0.00020471444193437074 9.644965197882946e-05 0.00019943951170122692 0.009270778117020796 0.0010705459713092052 0.0001666824077655191 0.0002061687386054135 0.07216180250389467 2.431194438367602e-05 0.00030201467168841715 0.00015378885961346637 0.0001333820833322737 1.1060385298271533e-05 0.0003017431945528149 0.0005075752817683751 0.0002090093275025371 0.0018426631435516502 0.0005678644189910833 1.060320403187228e-05 0.0012384987107896892 0.0018519750833111402 0.0006263567557813296 0.000234736807027096 0.0 0.0 0.0 0.0 0.0 0.0 3.6410526369665416e-05 0.0 0.0 3.67773493946446e-05 0.0 0.0 0.0 0.0 5.72312175303563e-06 0.0 7.528472658555379e-06 7.080022079962445e-05 1.460582991531769e-05 2.950949746900964e-05 0.00013911256675539475 4.481241646295385e-05 0.0 0.0 3.4288462890724484e-05 0.0 9.99696530380318e-05 7.775394510713842e-06 4.635799139218723e-05 0.0 0.0 0.0 0.0 0.0 6.946750406322241e-05 0.0 1.0972992408623838e-05 5.483426102716929e-05 0.0 0.0 0.0 2.2316485861414135e-05 0.0 4.986319385108223e-06 0.0 5.905988013515975e-06 1.2352290561748422e-05 2.1647807228324926e-05 7.893447356019266e-05 0.0 0.0 7.357929451865664e-05 2.8728739597557273e-05 0.0 0.0 7.23938823483101e-06 0.0 0.0 6.194130405599947e-06 0.0 3.150756296144157e-05 0.00033575637480729424 0.0 0.0 0.0 9.533001819172078e-06 0.00012924573861734312 5.092255246044356e-05 1.60960313031761e-05 1.9603811549739227e-05 0.0 7.517224084005886e-06 4.446562184980736e-05 6.496346033628182e-05 0.0 1.877614050259531e-05 0.0 0.0 1.2191525694683352e-05 0.0 0.0 0.0 0.0002556639738738109 2.575948607348873e-05 1.219720553110646e-05
0.11590516018114602 0.0 0.1353558375305286 0.05262547522332492 0.17736192015450042 0.0056716157793893695 0.3083150029018641 0.1162505271786198 0.11317366383564449 0.15055059412465296 0.2652720631412479 0.011906352920648736 0.04626459943514429 0.051789384354720226 0.006183513884107733 0.0006922618371550826 3.4205539019657754e-05 5.074836722631892e-05 1.842844686360071e-05 6.884171654029929e-06 5.9326085989365514e-06 5.942178923639736e-06 0.0 0.0 0.0 5.762987405714872e-05 0.0 1.7260134615422187e-05 2.136309506014891e-05 0.0 0.20352239849484335 0.017278315887518617 0.005130104863465651 1.1727458381782326e-05 0.0 2.214773932409161e-05 0.0017213384959016299 0.00012224498901189344 0.0002147385412308385 6.512363540962422e-06 7.247872509687044e-05 0.00015737151038451832 2.8967845146969067e-05 0.00019136760454012 2.4229967152013154e-05 6.707302653677603e-05 0.03617579157315911 0.002719522210503009 0.0005805890685496194 0.000180730930738433 0.00019885311748403113 1.899052591302627e-05 1.4129633945046602e-05 6.517132217760307e-05 0.0006643375152703894 0.0006875113646066738 0.0030571514911478612 0.035489242989975626 0.0015303599217584638 0.023763121824154732 1.4832112059024635e-05 0.0004836539518283354 6.202169928887495e-06 0.051787779108742237 0.0011550328981357755 0.0012129755333531924 0.00021124444655372065 0.0002244583602116697 0.0002902851618279484 0.00013518911504750833 0.0033205758054571932 0.00012006092653969798 6.477121215742637e-05 0.030299194377508613 0.01831036404325806 0.02342176176287114 0.011886315872843374 0.0036469578278369792 0.0007693983112403668 0.01679984563579076 3.0485337805818112e-05 0.0005312742011099605 0.0048579051117752445 1.1107286186593868e-05 0.0015851949563779205 0.0015365105262064877 0.0009630226324429472 3.932184904363954e-05 0.0002301545731380817 1.8644227402412147e-05 0.0001702718329728024 6.10774625776805e-05 0.0004946860731055528 0.00012011689499453282 0.00023450373815978853 0.007535440467259867 0.00023553085215244143 1.0976596703595773e-05 0.00028072828565037694 0.02886771304748629 0.00016605318950671432 0.0005009553735402664 0.0006488196307997921 0.00036700626958824486 0.00011772207034990591 0.005425155014856772 0.0015435600576916985 0.00027877358125998384 0.0035747062439757137 0.0017575850995503399 0.00027761388860131494 0.0031865307627502296 0.003923591699419898 0.001704233222584335 0.0015121353709877678 0.00011836199909888301 0.0 0.0 2.204305298621066e-05 0.0 2.6468932661737088e-05 0.0 0.0 0.0 0.0 0.0 0.0 3.947589732750335e-05 0.0 0.0 0.0 0.0 0.0 0.0 0.0001749786500342849 0.0005477484048714876 0.0 0.0 0.0 0.00038199338681001144 0.0 0.0005315592706357914 4.788404117975233e-05 3.84738930858304e-05 0.0 0.0 1.1866237049518569e-05 2.023948426120189e-05 0.0 0.00016271294805147386 0.0 3.8448764391822925e-05 5.029484913186914e-05 0.0 0.0 0.0 3.3280861752370675e-05 0.0 0.0 0.0 6.345523593764258e-06 5.430584066586021e-06 1.0403614149906376e-05 0.00016344561059992074 0.0 0.0 0.000266730616514859 8.151999305541587e-05 0.0 0.0 1.3042666640989713e-05 0.0 3.29084438786055e-05 0.0 6.183066653562509e-06 0.0 0.0019172709855893694 1.0012972059689347e-05 0.0 1.2994209864539581e-05 0.0 0.001007210329360153 5.855403986269191e-06 0.00014670946623722916 6.595022260840796e-05 4.8479250048444096e-05 5.8401110753374786e-05 3.3316751109974765e-05 3.815089296318331e-05 0.0 1.3450289875472255e-05 0.0 5.886638478832821e-06 7.736827530566675e-06 8.18812058723975e-06 0.0 0.0 0.0026485051294120026 0.00018156506801363028 0.00032249182490077925
0.023942839195660676 0.1353558375305286 0.0 0.000598690477865836 0.08223542761863688 0.000175849400597923 0.00759762851218531 0.33770293304563365 0.04832515159320386 0.0006892787680202445 0.2786860392129372 0.006439294803530093 0.03089774171213077 0.07102306049144316 0.002041526483102927 0.0004590582265566757 9.10585395499496e-05 0.00010945364566111241 3.9095842853766386e-05 0.00019403670579263695 0.00019367625120873108 0.0 7.461655992618222e-06 2.6140480530971226e-05 2.3153360148105708e-05 0.0 0.0 9.110360347657315e-06 1.882045848351233e-05 0.0 0.27201919073852654 0.11103762167820916 0.009832579859978005 2.2743543106243232e-05 7.07373504271026e-06 3.336780717698918e-05 0.0026622126865925447 0.00020556790570543383 0.0003181371244192377 1.2207934452332592e-05 0.00025305787098724516 0.0004972631486182516 0.0003735646124648379 0.00016478549445639548 0.00013124406470439734 0.00028827794378136684 0.007973330266523037 0.0003930259878066023 0.0001612421904014626 0.000485979334917775 0.00016919045693371542 1.983490624639166e-05 1.8470088757895806e-05 4.286562565031375e-05 7.938660266994664e-05 9.166662046184934e-05 0.00043117877558451447 0.008843425472572157 0.00026352233884519976 0.005337642582929833 0.00032648901208742255 0.0011459708527478485 4.9423199542382974e-05 0.022967842680878234 0.00013322602862341057 0.0002554447190813518 2.526603249314462e-05 5.654205790066804e-05 0.001157618607573248 0.0008470938160835616 0.0032778955265800216 1.2912965267266597e-05 0.0 0.006156599984336577 0.004855267615172289 0.0061250256338917005 0.005601373477852715 0.002721346997978744 0.003862252743706081 0.08408790000864255 0.00019152978040675074 0.01202592437625164 0.0007551797372210977 8.538042847827087e-06 0.0002937327457407168 0.00033834900664140227 0.00033644922064774926 0.0 1.734322487794713e-05 0.0 3.8825274471512916e-05 0.0 0.002629122802812236 0.00017720771550823152 0.00032991928207300896 0.0036999610189589246 0.0002762193279996948 0.0 0.0004289424994727291 0.0028989369935104627 1.3159584030984238e-05 8.930792733839495e-06 0.0 0.0 0.0 5.8095388207775705e-05 0.00013108110961376835 8.770140500992306e-06 0.00010996834256692111 0.00016021995347044365 4.2545669211417814e-05 7.018161012427467e-05 0.0004338132766292483 0.00020437010786691104 0.0002198779202785618 0.0 5.594332716477287e-06 0.0 0.0 0.0 0.0 0.0 0.0 0.0 0.0 0.0 0.0 1.869298777927682e-05 0.0 0.0 0.0 0.0 0.0 0.0 2.3104492256760345e-05 0.0 0.0 0.0 0.0 5.9845142863353316e-05 0.0 0.00020529562681898987 5.9748626602057904e-05 7.481707187281351e-05 1.0751842289462159e-05 0.0 0.0 8.308742619054865e-06 0.0 3.862527552254664e-05 0.0 1.1370179570846726e-05 0.0 0.0 0.0 1.6864098882090192e-05 0.0 0.0 1.067881435838302e-05 0.0 0.0 0.0 1.3844166615637113e-05 0.0 0.0 0.0 1.2161584447730391e-05 2.903643375394285e-05 0.0 0.0 0.0 0.0 0.0 5.667389318084613e-06 0.0 9.063205520371046e-06 0.00020490978704224393 4.7399866099092365e-05 0.0 0.0 0.0 0.00032925677323519055 0.0 4.8654403424868726e-05 0.0 2.1021122727448535e-05 7.103731582824717e-06 0.0 7.006962918486532e-06 0.0 0.0 0.0 0.0 0.0 8.871739637356094e-06 0.0 0.0 0.0002374487824946464 0.00012758632428410544 0.000159854971502953
0.09997470500883068 0.05262547522332492 0.000598690477865836 0.0 0.0005789183237260375 0.027992468179653313 0.05413491048997973 0.0002035511772350741 7.61303735418965e-05 0.1448940111515319 0.0003859131210767344 0.08960423831312521 0.020522128143106298 0.0005292306201300861 0.000513342043137152 3.1041080668514596e-05 2.603288003868967e-05 0.0 0.0 0.0 6.775603019448382e-06 6.503373794455e-06 0.0 0.0 0.0 0.0 0.0 5.867314030861831e-06 0.0 0.0 0.009042939551709431 0.0007240714154604341 0.0001425468198965041 0.0 0.0 0.0 4.738969625316587e-05 1.4418935445627236e-05 1.5493550359799474e-05 0.0 0.0 1.348267323705819e-05 0.0 1.365057194590436e-05 0.0 0.0 0.0033993238647790423 0.0006691347514981643 7.068329880186643e-05 4.6659688288444795e-05 1.7645899644005317e-05 4.551500004351771e-05 0.0 5.689679629801688e-06 0.0002088388167037837 0.00022691741298311755 0.002782273147748134 0.011067190652083706 0.0005001626974326419 0.004323946729738889 0.0 2.385057824410907e-05 0.0 0.004807188201238083 0.0002410589436614401 0.00029260667593200405 3.616665229704785e-05 3.362386776000689e-05 4.236708509911152e-05 0.0 0.0004440427337035845 0.00021082971046837944 6.288378316142139e-05 0.009710937129200922 0.00378719967089248 0.0028783974793394275 0.00031029735791708823 6.690611388930997e-05 2.6726234781019985e-05 9.976728262680558e-05 0.0 1.2723545231227193e-05 0.001270863522543888 8.718730148165308e-06 0.0003097382524110145 0.0003914029077361293 0.00020994234379773655 3.157220732289494e-05 5.2829876755114675e-05 6.405121430283191e-06 2.4347144624656217e-05 8.595250279058525e-06 2.4622573685384627e-05 1.8704448822919117e-05 3.19243172471776e-05 0.005150041448204333 0.00030344976524926 7.352599549478539e-05 4.351144414493818e-05 0.049587364469912444 0.0 0.00013931964578890176 0.00016321977336137435 0.0007118145199375397 4.814152914549471e-05 0.0006919560598282959 0.0004404681618777964 6.581860594100729e-05 0.0017381929312797998 0.0006867213666335659 2.5411565630137232e-05 0.001173450984187253 0.0014406930020331003 0.00037941407755598286 8.169495290577522e-05 0.0 0.0 0.0 0.0 0.0 0.0 0.0 0.0 4.127884349247151e-05 0.0 0.0 0.0 0.0 0.0 0.0 0.0 0.0 0.0 0.0 6.836743535173202e-05 3.2286709139630917e-05 0.0 0.0 0.0 3.434419634962293e-05 0.0 4.153437059887547e-05 1.5804645045617384e-05 0.0 0.0 0.0 0.0 0.0 0.0 6.207312909670322e-05 0.0 0.0 3.830523460798731e-05 0.0 0.0 0.0 2.325305986197719e-05 0.0 0.0 8.774847587351963e-06 9.057697707117053e-06 6.104366053692308e-06 2.0355135028219065e-05 1.868640789305816e-05 0.0 0.0 8.453232353610992e-06 3.3406278930024875e-05 0.0 0.0 0.0 0.0 0.0 0.0 0.0 0.0 0.00026026085123509614 0.0 0.0 0.0 0.0 0.00012709304221495676 0.0 1.5214105889203886e-05 0.0 0.0 9.176456154600088e-06 0.0 1.1961531741523781e-05 0.0 0.0 0.0 0.0 0.0 0.0 0.0 0.0 0.0003720796844062708 1.0663714205555983e-05 0.0
0.005056489282297786 0.17736192015450042 0.08223542761863688 0.0005789183237260375 0.0 0.0006224281479861332 0.048242294048844225 0.07405792157155101 0.26987659555045396 0.023644947540219414 0.35653211096172205 0.003592937305004203 0.044596673772823434 0.053599274834942916 0.002487793719570687 0.0003571420279414145 1.2567446492624376e-05 1.5865133716404944e-05 0.0 0.0 3.4435238075955995e-05 0.0 0.0 0.0 0.0 0.0 0.0 0.0 0.0 0.0 0.011339556445042313 0.0032232573463669575 0.0011131147858284487 0.0 0.0 1.071032019701698e-05 0.0007421573851852487 3.756713797050179e-05 9.596738963197844e-05 0.0 9.489279263688634e-06 2.3213660412565196e-05 9.862335056705938e-06 4.222649660428353e-05 1.644692887369547e-05 1.4382129143094909e-05 0.011054627702256247 0.0004038875030579548 8.99819806715716e-05 4.0051724407167756e-05 2.1783489479017097e-05 0.0 0.0 1.2250792284206994e-05 2.7698665372869213e-05 6.264250428357837e-05 0.00023872379569728466 0.0011220006748834384 0.0001769431433621587 0.0050447674356599225 1.3363360834012711e-05 0.000128674236691645 0.0 0.010956781334266443 0.00010517028154948708 0.00014673040852214775 2.2613904193313662e-05 2.5006782825839956e-05 6.64081452127503e-05 5.088037043387639e-05 0.0023282369410158685 0.0 1.3953127934060059e-05 0.0030915295914210107 0.0025345573549069647 0.00654345098289896 0.006076384379487821 0.002367699243905248 0.0002874005769813762 0.0014965578815130196 2.0081765125782857e-05 0.0003090215014937371 0.0005715807036059833 6.842324458274067e-06 0.00029986582481641343 0.0002017928275647253 0.00015133986866149062 6.906139422304913e-06 5.6072160231070926e-06 0.0 3.2506520447521055e-05 5.217280968594075e-06 0.00010162762718920181 4.5199379510036175e-05 7.016258210908618e-05 0.0073502520322293674 0.00019244485355906927 0.0 0.0001453300892401521 0.000440599091476468 4.723084053609375e-05 0.0003047165402828083 0.0006819350149670271 0.00052691499884352 0.0002651125025894468 0.0005500516650646158 0.001082993868354953 0.00023781303745945806 0.001961862795137276 0.0018959782618286785 0.0004072311573299969 0.0030702785607519874 0.004699583035148462 0.002022889886156802 0.0018928217278067366 4.598524739116395e-05 5.1696703823043955e-05 0.0 0.00015353825155054113 0.0 0.0 0.0 0.0 0.0 0.0 0.0 0.0 0.0 0.0 0.0 0.0 0.0 0.0 0.0 0.000192459749434383 0.0003868124187828923 3.7277408459893244e-05 0.0 0.0 0.00040942833503291616 5.8901568646149446e-05 0.0003482107749432028 0.00012788870005751252 2.8407615346611483e-05 0.0 0.0 0.0 3.6434642379659466e-05 0.0 0.0001250861856218198 0.0 3.7521402846334445e-05 7.174083427281939e-06 0.0 0.0 0.0 0.0 0.0 0.0 0.0 0.0 2.2989463537810057e-05 0.00011547723762137825 8.948810164106814e-05 6.189604148357347e-05 0.0 0.0002697349212955559 4.2228489717966174e-05 1.2673889924304149e-05 0.0 0.0 0.0 0.0 0.0 0.0 0.0 0.0023212483968638466 0.0 0.0 0.0 0.0 0.001156407797922692 9.98535517341431e-06 0.0001946519640640839 2.825999233290362e-05 6.585729681879412e-05 1.6496935906562518e-05 4.2988853628351465e-05 9.449048368959251e-06 0.0 0.0 0.0 0.0 1.171184523129025e-05 0.0 0.0 0.0 0.003511757158566612 0.00030244587592035885 0.00037907710208676625
0.007305212631194768 0.0056716157793893695 0.000175849400597923 0.027992468179653313 0.0006224281479861332 0.0 0.004070317502738455 7.012963455246348e-05 0.0003898636474907289 0.05571748916287371 0.00019634374537574854 0.01705487181226218 0.005522741754318717 0.0005845888473472213 0.0 0.0 0.0 0.0 0.0 0.0 1.3675289013042882e-05 0.00040913161964093093 0.0 0.0 0.0 0.0 0.0 0.0 0.0 0.0 0.0012928275109169154 3.589044708416355e-05 0.0005215348390683809 0.0 0.0 0.0 0.000540490926045345 9.13671573069217e-06 0.0001952722540132274 0.0 0.0 1.936547344893013e-05 0.0 0.0 0.0 0.0 5.2002326533768104e-05 4.980464863252669e-05 1.2615412286279329e-05 0.0 2.6598817834024825e-05 0.001720578656764305 6.670659977945427e-05 5.253132132958834e-05 9.476070341774425e-06 0.0003358087901645289 0.005780671829845206 0.003872358611348936 0.00012616368090012726 0.00022504479999452628 0.0 9.815822142066802e-05 0.0 0.00011550954162703795 9.580387034631267e-06 2.5898528407689547e-05 7.125117236982785e-06 8.65165647142191e-06 0.0 0.0 0.007753455208689526 0.020823237430233028 0.0034343716440819252 0.0008960991605967159 0.00016920886494873192 7.645453430896142e-05 2.0325086266785405e-05 5.8815750587657103e-05 0.0 0.00042158612268355683 6.1225175698762665e-06 0.0001235167322383973 6.619373625152833e-05 0.0007980425562314917 1.536456626125472e-05 0.0004913537554675398 1.5102421382577003e-05 0.0005104098498545797 0.00037250293819835183 0.0022104876428797127 0.0001648720687000687 1.3437431143580898e-05 0.0 0.0 6.519826069870228e-06 0.02202028764070365 0.026442051510364776 0.0024994354510252986 0.002649188287685773 0.01446717239694619 1.726553337827433e-05 0.0004107951021173287 0.0002749604429931086 0.00023263256330537002 4.105901119365895e-05 0.00011743918132013826 0.0005024915148417792 0.00019537225579159225 0.0009221696875987819 0.0006889793995804546 7.727887855088836e-05 0.0009597885108519969 0.0006188652414815006 0.00046461174268049065 0.00015171404618892321 0.0 1.206913632959507e-05 0.0 0.0 0.0 0.0 0.0 0.0 0.0 0.0 0.0 0.0 0.0 0.0 0.0 0.0 0.0 0.0 0.0 2.4301023984279518e-05 0.00010732292470660683 0.0 0.0 0.0 0.0 0.0 0.0 0.0 2.0093678242217803e-05 0.0 0.0 0.0 0.0 0.0 0.0 0.0 0.0 0.0 0.0 0.0 0.0 0.0 0.0 2.316659415673208e-05 0.0 6.19211512345534e-05 0.0 0.0 3.3045414255171175e-05 0.0 0.0 1.5527449163589517e-05 0.0 0.0 0.0 0.0 0.0 0.0 0.0 0.0 0.0 6.663322421822088e-05 2.4810213588807924e-05 0.0 0.0 1.1457190528101087e-05 0.00012244296361678031 0.0 0.0 2.7430419303398792e-05 1.744760966330841e-05 0.0 8.801549064619923e-06 0.0 0.0 0.00017036147240312294 3.518198706926903e-05 0.0 2.47014826585579e-05 0.0 0.0 0.0 0.00010772006169540534 1.0750467128056677e-05 0.00010125123691136178
0.03588967313400662 0.3083150029018641 0.00759762851218531 0.05413491048997973 0.048242294048844225 0.004070317502738455 0.0 0.005931495893177789 0.11070529766940782 0.2122953504362771 0.045799893370521864 0.06363444264787554 0.2272574685932217 0.14311842669541044 0.0019259243694601143 0.0002587879929569216 4.6369916284017684e-05 0.0 0.0 2.2461959097481777e-05 0.0 0.0 0.0 0.0 0.0 0.0 0.0 0.0 0.0 0.0 0.00701796089111678 0.002158548506190066 0.0009585643919326786 8.036937820273376e-06 0.0 0.0 0.0003390191500312977 4.500042549942754e-05 2.214112052787041e-05 0.0 1.7865954651385035e-05 2.8916903762067387e-05 0.0 2.9458905250183365e-05 5.731164860139201e-06 8.073614081481425e-06 0.011363533197673206 0.00076899260995522 0.0001411768478566194 2.996091595924352e-05 4.73826187284937e-05 0.0 4.425033894944944e-05 1.6505881623330223e-05 0.00011961734892694921 0.00012362243535608142 0.0004395903138225112 0.0030529476452581324 0.00042881457311188495 0.006161409878602546 0.0 6.319852054024006e-05 0.0 0.011409602178621872 0.00018269336132419847 0.00031099798524607714 3.118874975985705e-05 6.666132389571162e-05 5.042181912580883e-05 0.0 0.002057616648211247 0.0 8.077983777161186e-06 0.005736583784004368 0.0042406062723138105 0.006517343297100457 0.0039465421024348964 0.0013792183896672782 0.0002667036692902066 0.0009992425806920244 0.0 0.0003695119759647095 0.0010676821900026739 0.0 0.00036995597953959125 0.0003768783649119032 0.000305777990304806 1.9030461398920595e-05 5.6291370993790315e-05 6.292350003453829e-06 6.924501462081551e-05 5.243974254282551e-06 0.0001301781344003968 4.831127249564542e-05 6.890246734163026e-05 0.01614312668263415 9.77383599664399e-05 0.0 0.00021621359280441925 0.0022412348849365615 0.00023893812120679068 0.0006702865751207937 0.0013216252574039737 0.0015771109425743131 0.00034949998056926687 0.0023927451430590337 0.002349857294677535 0.000508765427135741 0.005334415432884995 0.0046950961220621115 0.0005662098847913219 0.008417874553743153 0.008498613505293677 0.0034016853809255756 0.003003762709068396 1.2313051360110042e-05 2.8340947153052427e-05 1.0459439764073998e-05 0.0 0.0 0.0 0.0 0.0 0.0 0.0 0.0 0.0 3.4897439244656355e-05 0.0 0.0 0.0 4.819122182649915e-05 0.0 8.810686771531732e-06 0.0003801236352425279 0.0007465259739778281 0.0 0.0 7.620877258924707e-06 0.0006668710801847236 1.1621162398533222e-05 0.000769145259014914 0.00013732118710065472 2.0247055328537827e-05 0.0 0.0 0.0 0.0 1.9593266939051443e-05 0.00017666871572202187 0.0 0.00011603899822315148 3.0677551170460764e-05 0.0 7.004260721205012e-06 7.778530861707885e-06 8.623713150704527e-05 0.0 0.0 1.8289431664006925e-05 0.0 0.00010206089672312037 7.464544855517178e-05 0.00023547572947818808 0.0 0.0 0.0004756754773108228 0.0001448871700256041 3.271923835955378e-05 1.3526682497823494e-05 0.0 0.0 0.0 0.0 0.0 1.4928040574492234e-05 0.002774005536585577 2.5372937213143952e-05 0.0 9.781166743516886e-06 9.305573878285135e-06 0.001437985571868215 3.641204590765926e-05 0.00022139866294657024 0.00017008453199598013 0.00016000347459948138 0.0001315154302297291 7.567177359632577e-06 8.25440582445804e-06 1.0039941811185326e-05 0.0 0.0 0.0 1.4004282300028258e-05 0.0 0.0 1.1290317814584993e-05 0.005034587065089709 0.0004582456249439357 0.0004678833724899399
0.017876155234165646 0.1162505271786198 0.33770293304563365 0.0002035511772350741 0.07405792157155101 7.012963455246348e-05 0.005931495893177789 0.0 0.0493074180643799 0.0004264874334406202 0.10607473323618316 0.008636669720773323 0.06133565986816139 0.13825443637717397 0.004050084643417159 0.0015340915010762031 0.00010612459953515483 0.00014630522561309882 4.4538683571151864e-05 0.00040353315222471024 0.0010172690022417703 9.278718808901892e-05 0.00022902521901797059 0.00021469839378782509 4.6206717493899124e-05 5.431828572298775e-05 0.0 3.519808557084539e-05 6.754608922789538e-05 0.0 0.10322580765598686 0.11591819652593555 0.03322669095142849 0.00010513928358878094 0.0001405441195060067 0.00035064043888733917 0.009238796353250653 0.0019547212215290885 0.0014013166185730087 0.00013556080335872588 0.001439949653057246 0.0013583721919759764 0.000680170895352881 0.0004650456322145812 0.00011870294646020076 0.0003393399548106436 0.010469764833776015 0.0003129332592099397 0.00015327102072495278 0.000759813336409252 0.0004479602639234531 0.0002061586552830453 1.602853627206311e-05 9.732584635900677e-05 3.92457559259131e-05 6.936318634641813e-05 0.0002008082309414246 0.0032101984921409647 0.00022605961330663998 0.004184602056114802 0.0007916113482043754 0.004335032894961737 0.00022247131700140404 0.02291238773875399 8.181255275673533e-05 0.00025051019249343765 8.57669865541426e-05 0.0003012286978287298 0.0025730106809846113 0.002977092531313664 0.006716144179186015 5.908227796135752e-05 6.093016620320446e-06 0.0035318599750277153 0.0034242744287948995 0.006992173539337791 0.01131393518112113 0.009666648614419248 0.06586115118681644 0.1395142059458388 0.0003702838946099273 0.03721914929794887 0.0004630198187706025 1.3766096767387003e-05 0.0001657120347960409 9.887233208948377e-05 0.0005107730542493229 7.136385778507265e-06 5.99388519727551e-06 0.0 0.00010066766776513975 1.0769261683229949e-05 0.009935580746078363 0.000611468802236952 0.0008166504898170626 0.0020763286706613707 0.0006950698163982372 0.0 0.0016087619114219507 0.0014840770763326254 4.3949891269062834e-05 2.301342544371511e-05 1.7812870144501464e-05 3.270887959532548e-05 0.0 7.246616791749874e-06 3.7694870805280716e-05 8.658195399743158e-06 0.0001145176201957595 2.369351904281203e-05 5.112145322578557e-05 0.00015019788414976623 0.000299218307592994 7.822396565042773e-05 0.0003196234890760564 2.482293511174297e-05 5.143198832433014e-05 0.0 4.9101553078245227e-05 0.0 0.0 0.0 0.0 0.0 0.0 3.163822274996405e-05 0.0 0.0 0.0 0.0 1.8479345242710106e-05 2.2322943897888e-05 0.0 0.0 2.453201833408329e-05 7.240081805626253e-05 2.901941779546454e-05 3.201596719828717e-05 0.0 0.0001529666472300996 1.8117821145708128e-05 0.00024338574645399867 0.00017565405958583946 0.00012848776152842928 2.0013628079627996e-05 0.0 0.0 9.387545990210827e-06 3.70062999453677e-05 0.000138756938035751 0.0 0.0 2.6673912603001934e-05 0.0 0.0 6.824113041165148e-06 1.6027154966973015e-05 3.646209441039743e-05 0.0 0.0 0.0 0.0 1.205464542549199e-05 8.513188059758532e-06 3.295725750073681e-05 1.5441708925102253e-05 0.00018934538361571778 6.419773350120462e-05 0.0 0.0 6.64389163690995e-06 1.7294058505924397e-05 0.0 7.5620432871924406e-06 0.0 0.0 0.0005285790450029809 0.0001991250139261081 0.0 2.378846917650529e-05 1.600213071560393e-05 0.0003806247315665284 1.0237073195359296e-05 0.00023581878463530115 1.4863535981863779e-05 4.352330759992251e-05 2.0833052766102457e-05 3.138445580920121e-05 0.0 1.8930896334136847e-05 0.0 0.0 0.0 6.253404674729355e-06 9.639464705853112e-06 0.0 0.0 0.0003237953965093592 0.00018989514969723495 0.0003828901077524487
0.0012016064739808398 0.11317366383564449 0.04832515159320386 7.61303735418965e-05 0.26987659555045396 0.0003898636474907289 0.11070529766940782 0.0493074180643799 0.0 0.010155122829005282 0.10962276047956104 0.004545729236276681 0.11562620749356052 0.12985109803567196 0.0006285978551975085 0.0001513930652906183 0.0 0.0 0.0 0.0 2.40004421667789e-05 0.0 0.0 0.0 0.0 0.0 0.0 0.0 0.0 0.0 0.002530763403879104 0.0008546141729347453 0.0011679051440853857 0.0 0.0 0.0 0.0005542766836274355 4.99672499493168e-05 3.369438292408003e-05 0.0 0.0 5.797184638984909e-05 0.0 2.4469201718801784e-05 0.0 0.0 0.002195193980370583 6.47205646454386e-05 3.222790332645312e-05 6.216273268886352e-06 8.684516992512657e-06 4.6820582172886697e-05 0.0 0.0 0.0 1.8083215818187783e-05 8.015237814252699e-05 0.00028031590822795275 8.258329488635021e-05 0.0007229041594140348 0.0 0.0001291849724568006 0.0 0.0021687580177923117 2.113039123010205e-05 3.456719059811542e-05 5.034476144959842e-06 2.6517591667805675e-05 1.9967331320292437e-05 1.610693480743993e-05 0.0010695523572928165 1.4302827486080242e-05 0.0 0.0006068253598421032 0.0004087215215254975 0.001411761920694845 0.0014440605321994625 0.0007472798516931846 0.00014936701070701865 0.0014105780045117013 0.0 7.129116263690997e-05 9.824942441872212e-05 0.0 7.806692283228969e-05 2.213595778490209e-05 1.689044095380839e-05 0.0 2.709615729488555e-05 0.0 5.69364435427082e-06 0.0 9.57982626981837e-05 6.510009485808875e-06 0.0 0.005426679072042628 3.884475148765175e-05 0.0 9.706102590568086e-05 0.0001756132276339656 4.138428499158592e-05 0.00024048411032276162 0.0002415269741628891 0.0003493541617509398 9.741108844706682e-05 0.00039804458559868436 0.0007456956806013026 0.00023467968919126518 0.0010005983772036161 0.0013254321977170234 0.00030470974587960196 0.0018416125606837825 0.0031686309046872908 0.0012656426925734834 0.0008682221517391875 1.7040664282027974e-05 5.7539599779418343e-05 0.0 0.0 0.0 0.0 0.0 0.0 0.0 0.0 0.0 0.0 0.0 0.0 0.0 0.0 0.0 0.0 0.0 0.00013200849215017923 0.00017740028571855537 0.0 0.0 0.0 0.00023402706707790753 0.0 0.0002588142172746848 8.867865020261262e-05 2.163313610947324e-05 0.0 0.0 0.0 0.0 0.0 0.0 0.0 1.7983776186964854e-05 2.78977228021688e-05 0.0 0.0 0.0 3.71427593721632e-05 0.0 0.0 0.0 0.0 1.8735395586253454e-05 7.367398047391162e-06 6.717473523551539e-05 0.0 0.0 0.00010288560037059706 6.961013533318366e-05 0.0 0.0 0.0 0.0 0.0 0.0 0.0 0.0 0.0013487870364181393 3.5640428814961015e-05 0.0 0.0 0.0 0.000663421988509357 0.0 4.574329117209253e-05 0.00010456766749294386 1.4609118322505861e-05 3.715137998562023e-05 2.4151090433184094e-05 7.553010842076968e-05 0.0 0.0 0.0 0.0 0.0 0.0 0.0 0.0 0.002437573057478394 0.0001418725377110757 0.00017591634167347353
0.06554294854870438 0.15055059412465296 0.0006892787680202445 0.1448940111515319 0.023644947540219414 0.05571748916287371 0.2122953504362771 0.0004264874334406202 0.010155122829005282 0.0 0.001463260398021933 0.167297468960875 0.26892952518658225 0.015337210187702751 0.0005706144448572999 8.679413740890309e-05 0.0 0.0 0.0 0.0 0.0 5.812506630023781e-05 0.0 0.0 0.0 7.212213693847987e-06 0.0 0.0 0.0 0.0 0.004020386068934501 0.000908971544267256 0.003455909835177443 1.6200680266975658e-05 0.0 0.0 0.0022422859879697265 5.219747606768122e-05 0.000117034726690994 0.0 0.0 7.744999143073364e-06 0.0 4.380795321151525e-05 0.0 6.133561866912436e-06 0.003473976052956233 0.000493137612692447 5.7429345727358446e-05 6.362677273172605e-06 3.322965106929355e-05 0.00015378868247056007 0.0 6.238812399830184e-06 9.799586124349891e-05 0.00010494890360202103 0.0031140107495329027 0.004361655258467034 0.0002841349818061362 0.0030263595722165196 0.0 0.00015769999067383864 0.0 0.004363050586517257 0.00011638123678218501 0.00017566507521234745 1.20036426037442e-05 2.2875151070090703e-05 2.2421147624556633e-05 8.044138730611484e-06 0.02702576099933425 0.0004991342697154296 0.00017712905228244274 0.0048153000141906085 0.0025074901046721223 0.002299564240525519 0.0007021012690675317 0.00019242777411585001 7.857923394057432e-05 0.0005346728649100642 1.5768591344449938e-05 0.00014751033238841413 0.0007981804614720653 4.1371122659280025e-05 0.00029649165230303875 0.00022537818499206128 8.150394831107986e-05 1.04707205929677e-05 7.23049064359276e-06 5.955042212097184e-05 4.19750939581486e-05 5.397721395205664e-05 0.0001549392809400832 1.829790585298072e-05 1.772010921042469e-05 0.03655862009047333 0.002772682289315056 0.00010922319912318645 0.00044590234665553823 0.028120499239634715 0.0004028573848035271 0.002399928669329564 0.002172011410585967 0.003748467299171764 0.0006081086552435711 0.004074698412178548 0.0068234391168493485 0.0009865784029091428 0.011596285502927567 0.01209741061469825 0.001056136178690227 0.01342951247168939 0.023117155885195417 0.007803911991012486 0.003721545287689026 0.00022746787074112717 0.00014150897237486158 0.0 0.00024654282316808137 0.0 0.0 0.0 0.0 0.0 0.0 0.0 0.0 0.0 0.0 0.00010619083203908025 0.0 7.329761425883631e-05 2.7413176028589864e-05 7.071299686130354e-05 0.0008842660651418591 0.001072828282049783 0.0 5.444234719423773e-05 0.0 0.000905637613912033 4.5742895928382546e-05 0.0005628803251557256 3.697476646015299e-05 6.228070167287401e-05 0.0 6.459216061311591e-06 0.0 0.0 9.379934886530169e-05 0.00012881631451801753 0.0 0.00012443412104784057 0.0001399326529119124 0.0 0.0 8.806825465753558e-06 3.925338228641054e-05 0.0 8.587704298434752e-06 0.0 0.0 0.00019796820214354813 0.00013750055811656493 0.0008094936624639329 0.00011699170400358255 6.975988406176702e-05 0.0005725930128546443 9.944151887003083e-05 1.3650100930084169e-05 1.4902645654151605e-05 0.0 0.0 0.0 5.848445751473225e-06 0.0 4.936235863367769e-05 0.004635500132744352 7.372658167760576e-05 9.496689571277246e-06 0.0 0.0 0.0020822987767273584 8.737124749470382e-05 0.00016430358485943592 0.00013173759200895674 0.0001632592321997376 0.00013249642307003158 1.5045086981863594e-05 1.157165863583059e-05 5.9161686108905455e-06 4.59845480350657e-05 0.0 0.0 6.0839408622284665e-06 0.0 7.3863170121778085e-06 0.0 0.006972949275919785 0.00019925996354241038 0.0006577379313749221
0.019462938917689566 0.2652720631412479 0.2786860392129372 0.0003859131210767344 0.35653211096172205 0.00019634374537574854 0.045799893370521864 0.10607473323618316 0.10962276047956104 0.001463260398021933 0.0 0.011583584913061917 0.19931733244656852 0.20383940727501063 0.0011754648548203208 0.0002900778232237665 4.108339957367077e-05 1.4811838923754922e-05 0.0 9.187928461664172e-06 7.486203698850957e-05 0.0 1.1597128304333994e-05 0.0 2.434401441734678e-05 0.0 0.0 4.809315633273427e-05 2.7440863567237933e-05 0.0 0.03879790895870151 0.007783093548440364 0.05330101535377615 9.034222688217445e-06 0.0 4.846034695484269e-05 0.012698058880060205 0.0006850555572366216 0.0006930245812312806 5.082736528291905e-05 0.0001677886775026771 0.00017870668393403025 1.8282905535028623e-05 9.002897371516306e-05 7.598105179939364e-06 1.535546336855571e-05 0.003035980992920669 0.00023634886123158666 6.187040593558557e-06 1.8769764381916262e-05 3.675325386359925e-05 7.387283618556646e-06 0.0 9.764847069294512e-06 3.247735074496052e-05 1.75590673655784e-05 0.00016013021778906424 0.0018822481885560098 9.03478073956963e-05 0.0018109100154684017 0.0 0.003627993277934463 1.9570604934415393e-05 0.00475249231390744 5.7506313808168275e-05 6.918490941834238e-05 1.8931382709168574e-05 3.842832281720012e-05 0.00017624663383778049 0.00017411313900967285 0.009026225118104211 1.1925781640770877e-05 0.0 0.0017252057697574306 0.0011268997662344361 0.002333921815772331 0.0025305809871315472 0.0014396805084739013 0.0013311678187964003 0.04031239322107591 0.0 0.000721375558973409 0.0002761462749819035 0.0 9.04014939836718e-05 8.568749700277357e-05 7.147839859307011e-05 0.0 2.0476700115622e-05 0.0 1.6510336306647105e-05 6.70308603813941e-06 0.0008888119130587629 0.00011678757496263632 4.1538502738750255e-05 0.0018569183656735732 0.00016293463471909154 0.0 0.0006416785788928226 0.0011277571005268042 2.7921246458571588e-05 3.3041467449782154e-05 1.9488134160088746e-05 4.236029581564236e-05 1.620641590853399e-05 1.9171007399930014e-05 7.956727512304704e-05 1.2336118335956724e-05 0.0001944166829583426 0.0001502533949000975 7.594792914775953e-05 0.00023637170037912905 0.0003338126599327495 0.0001224538451061743 0.0001684933724628524 1.547969993481711e-05 0.0 0.0 2.771224240388637e-05 0.0 0.0 0.0 0.0 0.0 0.0 1.6947639681486626e-05 0.0 0.0 0.0 0.0 0.0 0.0 2.2878272573846943e-05 0.0 9.194985507387636e-06 0.0001023441390147531 0.0 0.0 0.0 7.710802370579675e-05 8.56165558765674e-06 8.126410142372496e-05 8.528218379370483e-05 1.746375168265077e-05 0.0 0.0 0.0 0.0 1.4706679522158912e-05 3.978457908119019e-05 0.0 0.0 0.0 0.0 0.0 0.0 0.0 9.208181117985178e-06 0.0 1.303763291539822e-05 0.0 0.0 7.656190134122775e-06 0.0 9.880920726602425e-06 1.0345288056101977e-05 6.43217366074508e-05 5.139784018933962e-05 0.0 0.0 5.63155781351061e-06 0.0 0.0 0.0 0.0 0.0 0.00020546387981364863 1.4787915415878692e-05 0.0 0.0 0.0 0.00011842064568823467 8.155246242858636e-06 0.0 1.1701826929584161e-05 2.3933718680058345e-05 3.8652258585359283e-05 0.0 0.0 0.0 0.0 0.0 0.0 1.0469019816277814e-05 0.0 0.0 0.0 0.0003420610152518129 5.708842652459519e-05 0.0001835146915768499
0.024437664257599176 0.011906352920648736 0.006439294803530093 0.08960423831312521 0.003592937305004203 0.01705487181226218 0.06363444264787554 0.008636669720773323 0.004545729236276681 0.167297468960875 0.011583584913061917 0.0 0.1855676746294568 0.015407565376372293 0.0005183356842583957 0.0003583424609086618 0.0 0.0 9.358933827028773e-06 0.0 1.4680921100478776e-05 7.574907446005209e-05 1.0239222461025802e-05 0.0 0.0001157041822590758 0.00015979473011547106 0.0 8.53041981515881e-05 3.536372033191231e-05 0.0 0.0030416174016851543 0.0031531924851933247 0.02038974565159554 0.0 2.5537130256222105e-05 6.0910983571953245e-05 0.03180555544985053 0.002622526296390786 0.0014904370206900934 0.0002186834205747278 7.855229234763279e-05 9.554042556636593e-05 1.4524227448416106e-05 0.00013965680096089317 0.0 9.834142097603859e-05 0.002891224238472124 0.00012508786233574498 2.493041887401691e-05 3.0570651570198614e-05 2.8342996583843997e-05 1.3085432829568669e-05 0.0 0.00023327246184789784 1.2896917963061992e-05 1.9848193500284657e-05 0.0004335643831663033 0.0017543006422393956 0.00017237980795898228 0.0012855587241272716 0.0 0.0005730048818871668 0.0 0.0028653756955944057 6.709914999571682e-05 5.727546741876888e-05 5.525541879885043e-06 1.7200036580581156e-05 0.00010119190171735995 0.00010280299187534033 0.013702273168919414 1.6868653400282002e-05 1.0051001467433028e-05 0.0018241619518784365 0.0009946108271691218 0.00127428518881115 0.0015644278099884853 0.0008107133226041446 0.0002556163014410961 0.004074627716287754 7.638468675861606e-06 0.00021201776749495106 0.0004189164920502158 0.0 6.27067958951403e-05 5.802947261558153e-05 4.218177774794563e-05 0.0 1.2693226147670642e-05 2.2826248876506255e-05 1.2327483899209315e-05 0.0 0.0005196738304760729 5.7508436963175176e-05 6.126832689157727e-05 0.04101157753831844 0.0012688939120387064 8.497619962953606e-06 0.0013239673246929226 0.004789524673315033 0.00010536533432036755 0.00045042392241046456 0.00044463617319110825 0.0004984847757614865 0.000230104944453792 0.0005456069350287809 0.0013213796436446635 0.0002789567746716697 0.0018889591543816372 0.002476799874472545 0.00027114069258567046 0.003555930386594584 0.005687119098719674 0.0020072214179284887 0.0018170733619183096 2.3401941307082934e-05 4.705745705281088e-05 0.0 1.2951504600833008e-05 0.0 0.0 2.5595132782636982e-05 0.0 0.0 1.0060145318029452e-05 0.0 0.0 7.853370974957861e-05 0.0 0.0 0.0 8.053740797685162e-06 0.0 0.0 0.00022102246107505826 0.0005643594622795729 0.0 0.0 0.0 0.000617970094858245 2.7541785874347046e-05 0.0005943552892146461 0.00011989390176998774 7.700589365268782e-05 0.0 0.0 1.5365823156731437e-05 0.0 0.0 0.0001231125484433497 0.0 3.0649139700976005e-05 8.143498493934472e-06 0.0 0.0 9.167694236397e-06 0.0 2.5617435381723277e-05 0.0 1.4384299911657557e-05 0.0 3.905904423083983e-05 3.4179602943097616e-05 0.00013274603227223373 1.0186846525767402e-05 1.614103020913753e-05 0.0004062000740051114 7.165747573606641e-05 8.317868038597455e-06 7.6040097728244975e-06 0.0 0.0 0.0 0.0 0.0 0.0 0.0022311267057323727 0.00010473533069387993 8.458503123033736e-06 1.9968918438817006e-05 2.560774269530158e-05 0.0012177953425021773 0.0 0.00017391703054898665 0.00010642362956031738 3.164687715368644e-05 2.8469979889100357e-05 3.288601226214237e-05 2.644087957385465e-05 0.0 0.0 0.0 0.0 0.0 0.0 7.301886402460175e-06 0.0 0.0039444863825581775 0.00035193420056751603 0.0005724485620300907
