0.0 0.16836069251064298 0.015735452014648325 0.1827057851090011 0.003833398176910881 0.025632089548127845 0.0372173096246395 0.0006374038559465505 0.0015405920114397406 0.1384135354686096 0.003237920688472794 0.006529247355144028 0.014202836095124696 0.0023533072568229126 5.7761308993252695e-05 0.0 0.0 0.0 0.0 0.0 9.21772884810983e-06 0.0 0.0 0.0 0.0 0.0 6.176792157215765e-06 0.0 9.729318816179695e-06 0.0 0.0515731481861896 0.000152575663057094 3.484284816603531e-05 0.0 0.0 8.505701534741547e-06 3.4885521645327725e-05 0.0 2.323491432685868e-05 0.0 0.0 7.1522031367836286e-06 9.512885120585756e-06 0.0 0.0 0.0 0.005693302899925961 0.0002434077697010748 1.0240795145048505e-05 0.0 3.751987556161798e-05 0.0 0.0 0.0 0.000577506956796632 0.0007322628480110451 0.011331734992105826 0.06171466571265 0.012937796697274313 0.005204461814258994 0.0 3.055160139033365e-05 0.0 0.0005412391070105181 0.0004971234371892228 0.00021577832068778846 9.75235478843109e-05 3.922145409789909e-05 4.3040262222689466e-05 0.0 0.00012940054940049352 3.3758226648760115e-05 0.0 0.0199454624999725 0.0018859549280513164 0.002661028965167284 0.0001907162019737293 1.6736567314832454e-05 6.237843446474516e-05 6.220566173391486e-05 3.0531574766993856e-05 4.039354514504316e-05 0.0023008603745415007 9.01972952084322e-06 0.00028768277082563204 0.00043757016339032636 8.084572485233598e-05 7.173379214111101e-06 0.00011141510881833806 0.0 7.015971352291839e-05 1.6038795190207902e-05 7.143804285487326e-06 4.0836678597158446e-05 1.8217672739091348e-05 0.0006312210023788464 1.2678242368459288e-05 1.8763097799626805e-05 2.3301057240113632e-05 0.15425672194440226 3.2806566262212566e-05 0.0013014641546368103 0.0001305737996981081 0.0005084979518642916 0.0 0.0005551410045401492 0.0031371392131086698 0.0001060472756005943 0.0009340200068276959 0.0013122270317830595 0.0 0.0014334704058536543 0.0028475789789998746 0.0009875819352366184 0.00033592197555483866 0.0 0.0 0.0 0.0 0.0 0.0 0.0 0.0 0.0 0.0 0.0 0.0 0.0 0.0 0.0 0.0 7.020190436215575e-05 0.0 0.0 1.6970909634174125e-05 0.0 0.0 0.0 0.0 0.00011918101654182155 0.0 0.00010563341077373904 0.0001452928910906946 0.0 0.0 0.0 0.0 0.0 0.0 0.0 0.0 0.0 0.0 0.0 0.0 0.0 0.0 0.0 0.0 0.0 0.0 0.0 0.0 1.2669199561690346e-05 0.0 0.0 0.00034062439834940287 0.0 0.0 0.0 0.0 0.0 0.0 0.0 0.0 0.0 0.00021684766752900472 0.0 0.0 0.0 0.0 0.00010201590926882525 0.0 0.00020864354549399413 1.1477435217687908e-05 0.0 0.0 0.0 0.0 0.0 0.0 0.0 0.0 0.0 0.0 0.0 0.0 0.0005431438254151664 0.0 0.0002627376626089249
0.16836069251064298 0.0 0.11231789741513487 0.054682108782314894 0.17789031268531352 0.0082529698847697 0.25028330149597017 0.012799797729812995 0.2504629185454212 0.053061975873534686 0.07752715363131923 0.0061532272219136175 0.04893272938884361 0.06765815996335715 0.0006425488968982322 5.7461129737470405e-05 0.00015744667352501516 2.6771810697436233e-05 8.265299111109175e-06 0.0 0.0 0.0 0.0 0.0 3.150476129185602e-05 0.0 0.0 7.0306647050584856e-06 0.0 1.802313418266604e-05 0.1711404766412019 0.007172795737551882 0.0007084611082068662 0.0 0.0 4.862780246749656e-05 0.0002126683762655048 0.0001131848780593391 8.197997012693588e-05 4.110334930990346e-05 1.0795621563625192e-05 1.6057678890548598e-05 2.9634790358776054e-05 2.7317971800383125e-05 0.0 3.1066388277306734e-05 0.019813700539076783 0.0002872702650974974 0.0001007857688360071 0.0 0.00012739326900449845 0.0 1.781586477022838e-05 1.637699786142337e-05 0.001388399929668619 0.0019694331588767273 0.012441479734636508 0.10464280560536228 0.026260895044792468 0.01513697935280932 0.00011119634878461677 8.825084639924047e-05 0.0 0.00688253911458184 0.0009220748378832597 0.0006618332051386365 0.00023027185198135834 9.702866483809254e-05 0.00013493198649421924 2.8732915698069656e-05 0.001000279683708629 0.0007269338362955373 8.290162584581198e-06 0.05197647184695953 0.012955227620353645 0.011528517194546735 0.0018125474355517185 0.00012597137678807617 7.539131554395927e-05 0.0006645340592132563 6.25891862002864e-05 0.0003371287330892929 0.005617140320349238 8.347960527195518e-06 0.0008185716984290983 0.0012787890338718817 0.0002876091280516569 7.754840310259002e-06 0.00022713744574139955 1.82421247602837e-05 0.00031747849649846186 5.125030851742863e-05 2.7939079262622935e-05 7.265175785144713e-05 9.797308399106719e-05 0.001039744944181401 0.00014255942550431714 0.0 3.39325687761429e-05 0.09067252631216546 1.1111241382576005e-05 0.001064736424376226 6.786184593404838e-05 0.000141873868940707 0.0 0.00024313302668646175 0.001396099581166196 0.0003291934951190524 0.0012011336342367086 0.0008722864036411579 0.0 0.001598191093289401 0.003312709144789666 0.0019100527103831195 0.0008573121217075283 0.0 0.0 0.0 0.0 0.0 0.0 0.0 0.0 0.0 0.0 0.0 0.0 0.0 0.0 0.0 0.0 0.0 0.0 0.0 0.0 1.8793668050908088e-05 0.0 0.0 0.0 0.0006306720727898462 0.0 0.0006756132889553744 0.00015281295346467448 0.0 0.0 0.0 0.0 0.0 0.0 0.0 0.0 1.8670673861831507e-05 9.999409807636893e-06 0.0 0.0 0.0 0.0 0.0 0.0 0.0 0.0 0.0 0.0 2.7118882451124787e-05 0.0 0.0 0.0005515728655530175 3.059346502704383e-05 0.0 0.0 0.0 0.0 1.640596083641848e-05 0.0 0.0 0.0 0.0008376223739420687 6.266245017692465e-05 0.0 0.0 0.0 0.0 0.0 8.896261835095587e-05 0.0001571271677678674 0.0 0.0 0.0 0.00011071963756098539 0.0 0.0 0.0 8.638198312182139e-06 1.9458327410402486e-05 0.0 0.0 0.0 0.0012864722246658765 8.765128989307186e-05 0.00033845435722804974
0.015735452014648325 0.11231789741513487 0.0 0.0008672431233285261 0.11218254941707784 0.0009936647516931559 0.012732171216296153 0.23893613653330617 0.09597476135465483 0.0019335515364066033 0.1592410106848254 0.0014868902552187119 0.009636464141401683 0.0564825461865247 0.0005110760034343493 0.0002866980688617297 8.547615786613121e-05 1.5973676009410723e-05 0.0 0.0 0.0001862202439738114 0.0 0.0 0.0 0.00020913617534915703 2.7859217028236117e-05 0.0 0.0 0.0 7.2044477798199954e-06 0.3236110191183781 0.02246299618097576 0.006051289034021127 0.0 0.00018492242486577685 0.00022564857497173527 0.0025085060150251072 0.0009489043348434058 0.00021650208026901733 3.1495030118892185e-05 4.714068788065778e-05 0.00012033192236825416 0.000750692837963637 1.6104331048075607e-05 0.0 6.051611131927637e-05 0.003096144252738111 9.214125832337556e-05 1.7228848415205957e-05 8.853004289495684e-05 0.00020645903170197786 0.0 0.0 9.47661984727463e-06 0.00025870790355344203 0.0003436533670037492 0.0039528039626490034 0.06716187469234138 0.0067431883987009505 0.0024500896224077962 6.00712817694304e-05 0.0022595286300304447 0.00011569190447563896 0.006036988194973515 0.0001967149169312012 0.00034292775915275604 0.00015933289617004362 0.0001729207661357364 0.001725274249404508 0.0003589333018146785 0.004546083198707528 0.0011180991217134386 0.0 0.012100989119016197 0.005224014789408799 0.0028757127307041884 0.0010960574813685896 0.0001906004310580071 0.001150819593218875 0.02650128721542589 9.51944876409492e-06 0.007927934355277182 0.0008779965965043399 0.0 0.0002579538382259688 0.00017158148961848047 0.0005177343038262984 0.0 6.602787968783574e-05 9.789183163576399e-06 5.26092230642046e-05 7.2887295341696446e-06 0.0015669443818053831 0.0002434098178190892 0.00013085426451180403 0.0022001055567134084 0.0006177645711704466 0.0 0.0003630162805897907 0.02918831596705078 0.0 3.4971040368911835e-05 0.0 1.874882105862081e-05 0.0 0.0001386775143149 9.534678245712973e-05 5.7599363988366515e-05 0.00010637622190171475 0.0001249900983683803 2.6593009864159217e-05 0.000512759011104642 0.0009834589632999216 0.0004149965374532136 0.0007357496846808111 0.0 0.0 0.0 0.0 0.0 0.0 0.0 0.0 0.0 0.0 0.0 0.0 0.0 0.0 0.0 0.0 2.7648365368569835e-05 0.0 0.0 8.33101783665674e-05 3.4245983080254865e-05 0.0 0.0 0.0 0.0004795022063278528 0.0 0.00021638527745710155 0.00010336928423109926 4.019218431796146e-05 0.0 1.1839347336695734e-05 0.0 0.0 0.0 0.0 3.516213970675812e-05 3.3214387312248575e-05 0.0 0.0 0.0 0.0 0.0 0.0 0.0 0.0 0.0 0.0 0.0 1.704822608921779e-05 0.0 0.0 0.00031633771827599904 0.0 3.1133094488325525e-05 0.0 0.0 0.0 0.0 0.0 0.0 0.0 0.0005960286509720793 0.0 0.0 0.0 0.0 0.00013734261943787324 0.0 0.0 0.0 0.0 0.0 0.0 0.0 0.0 0.0 0.0 0.0 1.8744907037173003e-05 0.0 0.0 0.0 0.0004352084553882205 0.0002863740286392202 0.00027366295433813915
0.1827057851090011 0.054682108782314894 0.0008672431233285261 0.0 0.006749014162958153 0.12863342661076005 0.13173016031068707 0.00018657085421710517 0.0006989773800316361 0.24940548562171594 0.00010679420125136684 0.029493600990991204 0.11267971332810935 0.01417990170978806 6.025182049876492e-05 0.0 2.3810346340911575e-05 0.0 0.0 0.0 0.0 0.0 0.0 8.288591881830996e-06 0.0 0.0 0.0 0.0 0.0 0.0 0.0032139615453131774 0.00021609148289574175 6.597581007529294e-05 0.0 0.0 0.0 1.0738479332262929e-05 0.0 0.0 0.0 0.0 0.0 0.0 2.0750328060723257e-05 0.0 0.0 0.002102745694342437 1.4822838758358063e-05 0.0 0.0 2.7284875362724382e-05 9.249397611667975e-06 0.0 0.0 8.573112178187107e-05 0.00013696538888518305 0.0016671158438975443 0.007836013661499669 0.002577066635590525 0.001727920458371244 3.9647731068524675e-05 8.772637405622358e-06 2.5968746628244154e-05 0.00045462583219411435 3.8811768450627395e-05 2.2953593627111103e-05 1.873908857945926e-05 0.0 0.0 0.0 0.00020423867584470966 0.0001397445720446237 0.0 0.0049798006209157706 0.0009407960465753209 0.0013569992037591307 0.00010972335354195959 1.4813973594478131e-05 0.0 0.0 0.0 4.149183798068426e-05 0.0005212308768938191 0.0 5.813002574924778e-05 4.1957794625443453e-05 3.2904922950021526e-05 0.0 3.083218441492266e-05 1.0184145350224144e-05 1.7436830358496206e-05 8.603597134757714e-06 0.0 0.0 7.381418630100732e-06 0.0017517456705483298 3.517525001320618e-05 0.0 1.10139923504279e-05 0.04798274398272831 0.00011284263597169532 0.0009606696560370976 0.00047091283956408224 0.00039857050362343647 0.0 0.0005367109858512076 0.0032982432572114012 0.0002478805322420005 0.0011039244097701183 0.001167259840439069 0.0 0.00183536861730424 0.0026668969388770423 0.0007279989660774364 0.00047027473846959284 0.0 0.0 8.93811698152063e-06 0.0 0.0 0.0 0.0 0.0 0.0 0.0 0.0 0.0 0.0 0.0 0.0 0.0 0.0 0.0 0.0 0.0 0.0 0.0 0.0 0.0 0.000261773257651289 0.0 0.00010777577879033903 5.820457763683131e-05 0.0001283585027445834 0.0 0.0 0.0 0.0 0.0 0.0 0.0 0.0 3.217167057691152e-05 0.0 0.0 0.0 0.0 0.0 0.0 0.0 0.0 0.0 9.123577463838744e-06 0.00014570440084307282 0.0 0.0 0.00016279265927980678 0.0 0.0 0.0 0.0 0.0 0.0 0.0 0.0 0.0 0.0005551534891778926 1.8838396179203472e-05 0.0 0.0 0.0 0.00016141874827708475 0.0 0.00012542590601062077 9.38033087044578e-06 0.0 0.0 0.0 0.0 0.0 0.0 0.0 0.0 0.0 0.0 0.0 0.0 0.00027735138303198217 0.00013611712906891427 0.0003207777612173064
0.003833398176910881 0.17789031268531352 0.11218254941707784 0.006749014162958153 0.0 0.00018751795205504027 0.1451166380352432 0.01086338151503492 0.35122505735372234 0.02015114150109577 0.09398218010245389 0.0024303549133577493 0.04773741484974513 0.19976119175433632 0.00024373151211050552 1.688902932432032e-05 1.016504155556877e-05 0.0 0.0 0.0 0.0 0.0 0.0 0.0 0.0 0.0 0.0 0.0 0.0 0.0 0.02176356014267909 0.002710427816798021 0.0006309833854218376 0.0 0.0 1.142566668371803e-05 0.00013269336084953553 0.00010121164545703358 0.0 8.842507880601542e-06 0.0 0.0 0.0 0.0 0.0 1.630455287075135e-05 0.0032970772105941743 2.435987678085982e-05 0.0 0.0 7.871960528219022e-06 0.0 0.0 0.0 0.0001377794589763072 0.000214155671107628 0.000753239077088388 0.008137417438452215 0.003194598591235006 0.002169183852691306 7.948030217545365e-06 1.2596130861610235e-05 0.0 0.0024930150456868314 0.00011392854997160778 7.82307353171449e-05 3.797387984420192e-05 0.0 7.685443331950879e-06 1.4832795903526292e-05 0.0003986312143869514 0.00013643362338723415 0.0 0.007097672169680682 0.003283803265002801 0.0029870808536314837 0.0005956747197210995 7.889360387957442e-05 8.280274014792916e-05 0.00019785294103578555 1.5609130595812958e-05 3.227690962047167e-05 0.000529977573212856 0.0 8.714482348553229e-05 0.0001343858665365003 3.183636113363093e-05 8.75702507745454e-06 7.0301063055360644e-06 0.0 3.465901520606793e-05 0.0 2.1402549152493077e-05 0.0 1.0812163251465988e-05 0.000349313972683142 7.832765257507384e-05 0.0 9.039967748212569e-06 0.0009313270026747834 0.0 4.4098009375113076e-05 1.1528653842420507e-05 7.621624209737716e-05 0.0 0.0001582442567886024 0.00012124398863661835 0.00013124027401932508 0.00027665095279501116 8.040683131799795e-05 2.7028916777425855e-05 0.0002832691215684179 0.001100583569431159 0.00024172036536927917 0.0001933557813339715 0.0 0.0 0.0 0.0 0.0 0.0 0.0 0.0 0.0 0.0 0.0 0.0 0.0 0.0 0.0 0.0 0.0 0.0 0.0 0.0 0.0 0.0 0.0 0.0 0.0002470829065269876 0.0 0.000235367475554954 0.00015493523999763074 0.0 0.0 0.0 0.0 0.0 0.0 0.0 0.0 0.0 0.0 0.0 0.0 0.0 0.0 0.0 0.0 0.0 0.0 5.3494460031538274e-05 0.0 0.0 0.0 0.0 0.0002603550939762393 0.0 0.0 0.0 0.0 0.0 0.0 0.0 0.0 0.0 0.0003344438378117843 0.0 0.0 0.0 0.0 4.220033268233701e-05 2.6764605057751006e-05 0.0 0.0 0.0 0.0 0.0 0.0 0.0 0.0 0.0 0.0 0.0 0.0 0.0 0.0 0.00022590143199056363 0.00022333746776284364 7.611423589315734e-05
0.025632089548127845 0.0082529698847697 0.0009936647516931559 0.12863342661076005 0.00018751795205504027 0.0 0.004179891120431542 0.00012907415018491395 0.00022574557582631788 0.11357678082333282 0.00049507991241908 0.016048651075010807 0.008833082228589036 0.0009447988228515425 0.0 1.7544400311875675e-05 0.0 0.0 0.0 0.0 0.0 3.927999200151797e-05 0.0 0.0 0.0 0.0 0.0 0.0 0.0 0.0 0.003175595298044085 2.351992372894853e-05 0.0005495321719664182 0.0 0.0 0.0 0.0009591994985089729 4.7438693623445195e-05 0.00021125040786701326 0.0 0.0 0.0 0.0 0.0 0.0 0.0 0.0001097711087834554 0.0 0.0 0.0 0.0 0.0004625400880573878 0.0 0.0 0.0 1.5849374316423167e-05 0.011037403631815145 0.004323312059087226 0.0003595746122369494 0.00012672379042854092 0.0 0.0 0.0 0.0 0.0 1.3077830454308563e-05 0.0 0.0 0.0 0.0 0.0073191292077853555 0.018328304650454617 0.0010616767679128038 0.0005758523752540743 3.311530699090646e-05 3.0301306478319858e-05 2.961189532525792e-05 0.0 0.0 2.865699034359062e-05 0.0 0.0 1.7541324216260935e-05 1.7086773943032842e-05 0.0 0.00014911944431482576 1.6345892722178506e-05 0.0002891859960550662 6.726355643966161e-05 0.0005344181947997502 5.7775592265247264e-05 0.00013071729204789894 0.0 0.0 3.428055421513189e-05 0.03455070650252918 0.007575507104755193 0.0012684545334090813 0.00188821058128939 0.030991566151131404 0.0 0.0005403695215572837 4.410691503112212e-05 0.00010259952755049667 0.0 0.0003117661712675133 0.0019585258962680004 1.460016600938671e-05 0.0004091992649601805 0.0008025980766268927 0.0 0.000754995672019253 0.0015838690755520665 0.0004496282439836903 9.312638480153472e-06 0.0 0.0 0.0 0.0 0.0 0.0 0.0 0.0 0.0 0.0 0.0 0.0 0.0 0.0 0.0 0.0 5.8036758660828575e-05 0.0 0.0 0.0 0.0 0.0 0.0 0.0 8.874616571549509e-05 0.0 5.033273009471449e-05 0.000154028674780936 9.010681162733994e-05 0.0 0.0 0.0 0.0 0.0 0.0 0.0 0.0 0.0 0.0 0.0 0.0 1.2541875327194288e-05 0.0 0.0 0.0 0.0 0.0 0.0 0.0 0.0 0.0 0.0001765110216625491 0.0 0.0 0.0 0.0 0.0 0.0 0.0 0.0 0.0 5.749437508166846e-05 0.0001907316458023921 0.0 0.0 0.0 0.0 0.0 0.0 0.0 0.0 1.4873572783739037e-05 0.0 0.0 0.0 0.0 0.0 0.0 0.0 0.0 0.0 0.0 0.0001885494361431421 0.00012105872800255035 0.0003770299004753318
0.0372173096246395 0.25028330149597017 0.012732171216296153 0.13173016031068707 0.1451166380352432 0.004179891120431542 0.0 0.0040669555093066165 0.07482360003657926 0.14709055321596992 0.011380584289785054 0.025987986206723518 0.4028736382162065 0.1396155635354456 0.0006265605117963724 0.00011508746801481357 0.00011376081002056672 0.0 0.0 0.0 0.0 0.0 0.0 0.0 0.0 0.0 0.0 0.0 0.0 0.0 0.016030908213630766 0.00337085560577164 0.0003259886195124628 0.0 2.1134084377188892e-05 0.0 0.0003387702121625889 3.8793533277451345e-05 3.9808224887751415e-05 0.0 0.0 0.0 0.0 0.0 0.0 0.0 0.007994270575344112 3.222884350392004e-05 2.5279476544535247e-05 1.0627040421256762e-05 0.0 0.0 0.0 7.719847926619455e-06 0.0002448486644818297 0.0003164952992743252 0.0016995032970304892 0.012608085981821941 0.005688932875059975 0.0044347770058793135 3.5220949952600216e-05 7.86187211018061e-06 1.2256233398861796e-05 0.004033378573757074 0.0001939392925074303 0.00012476846992448074 1.6518035212612154e-05 1.6049259793187734e-05 2.8057923661564466e-05 8.254324437922312e-06 0.0009672453237493105 0.0009953132946836855 0.0 0.012655127358837366 0.005235981106347312 0.005725820846129055 0.0011122706206454771 0.00010090218240100418 8.369895374774626e-05 0.00014249473018467787 0.0 5.1039494084397165e-05 0.0009953435155270784 1.538007576481458e-05 0.00013307948856794964 0.00015375984688266754 4.398029418409466e-05 0.0 5.4128235652300205e-05 1.5743706840013066e-05 5.7653172150065665e-05 1.8405933709306704e-05 8.785564844390554e-06 0.0 9.166552021704062e-06 0.0029433617852749664 0.00015666270345399564 0.0 2.7243266434568276e-05 0.0032003535599027 3.604559175491661e-05 0.00039406280094677975 0.0002292767304782973 0.0003310775991113899 0.0 0.00040352170940616137 0.001476520742779306 0.0006837017432642821 0.001740747127251356 0.001170559114954397 9.954423835912918e-05 0.003759422550450404 0.009357836010843173 0.003348907497673347 0.0018179855820454663 0.00010815381004222737 0.0 0.0 0.0 0.0 0.0 0.0 0.0 0.0 0.0 0.0 0.0 0.0 0.0 0.0 0.0 0.0 0.0 0.0 0.0 0.0 0.0 0.0 0.0 0.0020953883476299935 8.504976203151371e-05 0.0015284511890991312 0.00041913540516298216 4.458053317856848e-05 0.0 0.0 0.0 0.0 0.0 0.0 0.0 0.0 9.818566342375863e-05 0.0 0.0 0.0 0.0 0.0 9.923814921179326e-06 0.0 0.0 0.0 0.0 3.0853241628258225e-05 0.0 0.0 0.001270607512975904 0.0 0.0 0.0 0.0 0.0 0.0 0.0 0.0 0.0 0.0013547556864040105 1.6172787564030186e-05 0.0 0.0 0.0 0.00046780215322149747 0.0 0.00028536222568516315 2.647729642113638e-05 4.1382227093377805e-05 1.2780746234007858e-05 0.0 0.0 0.0 0.0 0.0 0.0 0.0 0.0 0.0 0.0 0.0020610375937780588 0.0006711503346530776 0.0015691818037888736
0.0006374038559465505 0.012799797729812995 0.23893613653330617 0.00018657085421710517 0.01086338151503492 0.00012907415018491395 0.0040669555093066165 0.0 0.011804579690250642 0.0006546530705965018 0.1138133697387376 0.001816350321779483 0.01142152658687621 0.1828407740835953 0.0008206931450769249 0.0006336274953288482 0.00015032854320868097 0.00014958735241896856 1.118822214480735e-05 3.2981683617938185e-05 0.0007631893229202953 0.0 3.084640107083385e-05 1.226737787775138e-05 0.0010927408096059188 2.568874486163754e-05 8.601582324785002e-06 2.2155224032500495e-05 6.371245157690857e-06 1.9348816447221094e-05 0.09168117269968541 0.16007493546317814 0.015271890607333439 3.71838882017242e-05 0.0011387242056595244 0.0026155339681944493 0.009581062225828182 0.00605812601115757 0.0005491615115882257 0.000359000168688016 0.0002720651512508805 0.0003413863550703607 0.0021633849507166256 0.0001437919105620306 0.0 0.00030245570107556384 0.0035016714510901045 0.0004089645510275894 0.0001502955963306604 0.0008531366928706665 0.0006262292541783983 8.96228947640234e-06 0.0 0.00010298911146805999 0.00011174654146680565 9.551630732734604e-05 0.0010579990683269784 0.012906252163568287 0.0021437450663957707 0.0018732886543725033 0.002679557198168484 0.006836729669449403 0.0008929643369998216 0.051990472628554295 0.0001040477670809932 0.0005322112405310201 0.00046768191053790393 0.0008528728742406284 0.004359108140954954 0.0011702566576898027 0.0067223573662348645 0.0010228472998300635 3.2449046886114464e-05 0.0064756080384391875 0.005838022883556233 0.004083241088349384 0.00303510024683781 0.008486193569858745 0.06313553289825395 0.08076152422135462 0.001366476874442465 0.06105250089428106 0.0004964656138154608 0.0 0.0004435933937195797 0.00013233766427234628 0.0025862668940442196 0.0 0.00011518953234483168 0.0 0.0001985589415529048 6.309380825665484e-05 0.00443145328717998 0.000895538392911074 0.00022721588030168578 0.0022405112063926605 0.0004234729494635317 0.0 0.00041173876802332417 0.001630187706595682 0.0 1.3654694387604623e-05 1.1199553409969932e-05 2.799007975233742e-05 0.0 8.500454669147128e-05 3.655858653862709e-05 0.00023993217939361988 9.887418766857334e-05 2.3114036504627025e-05 4.290096929854676e-05 0.0009311923630799942 0.0010162925939787531 0.00040688281083094954 0.00045196550192390036 0.0 0.0 0.0 0.0 0.0 0.0 0.0 0.0 0.0 0.0 0.0 0.0 0.0 0.0 0.0 3.087917749005285e-05 0.0 0.0 0.0 4.0008982251489584e-05 3.600974968966458e-05 0.0 0.0 0.0 0.0003424435790906002 0.0 0.0005745853700031946 0.000145979967415344 4.5297478979426065e-05 0.0 0.0 0.0 0.0 0.0 0.0 2.569297171743767e-05 0.0 0.0 0.0 0.0 0.0 1.704703875549643e-05 2.6874590170702304e-05 0.0 0.0 0.0 0.0 0.0 0.0 0.0 0.0 0.000277619740045975 0.0 0.0 0.0 0.0 0.0 0.0 0.0 0.0 0.0 0.0006108117937288324 1.6836061700849663e-05 3.293919104702907e-05 7.524649087250088e-06 8.250702351663425e-06 7.356452228248903e-05 0.0 3.222202449875793e-05 0.0 0.0 0.0 0.0 2.4844933301681257e-05 0.0 0.0 0.0 0.0 1.6570343206237612e-05 0.0 0.0 9.430009488074442e-06 0.0005181799719550762 0.0001767350848589863 0.00034601540678007417
0.0015405920114397406 0.2504629185454212 0.09597476135465483 0.0006989773800316361 0.35122505735372234 0.00022574557582631788 0.07482360003657926 0.011804579690250642 0.0 0.010020560141766737 0.046243121477993004 0.003443927513220241 0.08312598666592906 0.08740796656970605 0.00017070085830428382 7.884706340195187e-05 7.622699341075505e-05 0.0 0.0 0.0 0.0 0.0 0.0 0.0 9.13772358507342e-06 0.0 0.0 0.0 0.0 0.0 0.008705991698987836 0.0014794241832210124 0.0003810899482964887 0.0 0.0 0.0 9.456371431563119e-05 2.913833399741209e-05 8.28617606916031e-06 9.17024790813375e-06 0.0 1.0565791504283994e-05 2.347427864985844e-05 0.0 0.0 0.0 0.002297296815083552 0.0 2.315374556820918e-05 0.0 2.678864040187282e-05 0.0 0.0 0.0 9.292723144858842e-05 9.745043542660736e-05 0.0003402924908980665 0.003953784243133647 0.001542480600261927 0.001345490961215276 0.0 1.8308861666948752e-05 0.0 0.001590316774421211 7.311745064426825e-05 6.145124503925681e-05 6.312965228120343e-06 8.81705465886197e-06 1.5807346751899976e-05 0.0 0.00041674360040626606 0.00030368684662752243 0.0 0.003669679282383016 0.0019949476912511054 0.0021867166493957963 0.0006064499809278692 4.7395106458852356e-05 5.785513448119432e-05 0.00011803552163941617 2.445213613774325e-05 3.4667368340444265e-05 0.00020759941871822553 0.0 7.076099682246396e-05 0.00010710408947475177 0.0 0.0 3.287852273493984e-05 0.0 2.1972438643099147e-05 2.223540628532705e-05 9.99112328934393e-06 1.592863178126874e-05 1.7934739864816177e-05 0.0006990879170131211 6.309718151224935e-05 0.0 2.2284783171283954e-05 0.00046162072210310305 0.0 3.9688895889458265e-05 1.913718106892684e-05 2.2298458408242994e-05 0.0 6.715885228406504e-05 0.0002415783072245775 0.0001319427562929037 0.0002671181174636518 0.00016226888118087447 9.400262925071142e-05 0.0009741535480931224 0.0017560119865813776 0.0006673299349263735 0.0003340905446383875 1.0710367345078012e-05 0.0 0.0 0.0 0.0 0.0 0.0 0.0 0.0 0.0 0.0 0.0 0.0 0.0 0.0 0.0 0.0 0.0 0.0 0.0 0.0 0.0 0.0 0.0 0.0006262043776429491 0.0 0.000537770665523148 9.696287035307762e-05 0.0 0.0 0.0 0.0 0.0 0.0 0.0 0.0 0.0 0.0 0.0 0.0 0.0 0.0 0.0 0.0 6.113766550113412e-05 0.0 0.0 0.0 0.0 0.0 0.0 0.00021224593429136537 0.0 0.0 5.863760307794249e-05 0.0 0.0 0.0 0.0 0.0 0.0 0.00037064411341849914 0.0 0.0 0.0 0.0 0.00017092126480022261 0.0 0.0 0.0 0.0 0.0 0.0 0.0 0.0 0.0 0.0 0.0 0.0 0.0 0.0 0.0 0.00036238749399119456 0.00017881334534491797 0.00022259949870979105
0.1384135354686096 0.053061975873534686 0.0019335515364066033 0.24940548562171594 0.02015114150109577 0.11357678082333282 0.14709055321596992 0.0006546530705965018 0.010020560141766737 0.0 0.0014459158406850848 0.11006802577844699 0.37992904113164755 0.03055051159039554 0.0003259300398105171 0.00013335193267458722 4.3260775826840796e-05 0.0 0.0 0.0 0.0 0.0 0.0 0.0 0.0 7.079248075904568e-06 7.950413375273219e-06 0.0 0.0 0.0 0.003223493267764085 0.0005409602181243631 0.0008736749969592758 0.0 0.0 0.0 0.0011294137824906922 3.149506799862588e-05 3.277706448066074e-05 0.0 0.0 0.0 7.655594754906175e-06 0.0 9.261536760116213e-06 0.0 0.003555475732075846 0.0 1.1394381942287586e-05 9.825431456317254e-06 1.1845788197619856e-05 0.0 0.0 0.0 0.00020812389955152764 0.00017894783015527812 0.0029339655834492054 0.005548924025256817 0.0022040902441105978 0.0016348252381409496 7.343452034268079e-06 6.30894279226234e-05 0.0 0.0010406521624969527 0.00011013052802412749 4.984413508428782e-05 2.130900057846666e-05 1.747120229822195e-05 2.8239688910551752e-05 0.0 0.00693152215449803 0.005521566714699903 0.0 0.005286924805197616 0.0014628757482159198 0.0026860965352974997 0.0005454887722882156 0.00010293661211646959 3.142362486159992e-05 0.00023730813790827596 1.5364144071305877e-05 1.798349630685926e-05 0.0004600482259434401 7.253894547354547e-06 9.748378004183158e-05 8.575113011844289e-05 0.0 1.0036731794898049e-05 1.5032401200881361e-05 1.1479598281101084e-05 3.756869535425016e-05 0.0 2.3001033421859215e-05 2.6435287796480027e-05 9.937066296980413e-06 0.038941493163032984 0.0015777844291125327 1.1411472233167963e-05 7.643399831815578e-05 0.04683501824157589 0.0005220939672789243 0.009372055241923152 0.0028819297302394137 0.007976565305028068 0.0002925536343463104 0.006843870479276632 0.026843105790013366 0.005509113333614684 0.012224718722223102 0.013767962433231662 0.0006844416964316611 0.027627233893322573 0.054602804993820524 0.017268715781460667 0.008614409019789068 0.0002681117884341523 0.0 0.0 0.0 0.0 0.0 0.0 0.0 0.0 0.0 0.0 0.0 0.0 0.0 0.0 0.0 6.315729273101386e-05 3.087535816793926e-05 0.0 6.062531271359971e-05 0.00013808347388167443 0.0 0.0 0.0 0.008562667607055405 0.000397616027727718 0.0071737941369581035 0.003831995768592649 0.0006176939104458509 8.748323449528303e-05 0.0 0.0 0.0 9.293984801230091e-05 0.0002654592091411688 0.0 1.8423114127829298e-05 0.0005241323103627386 0.0 0.0 0.0 6.644302785394429e-05 0.0 9.01475486685225e-06 0.0 5.5240736653567356e-05 0.00026012794358150685 0.00013964383415838346 0.0008462159747457268 7.398070822268078e-05 7.202399792425366e-05 0.008250101252537757 9.398970311814096e-05 0.0 1.4251966353972758e-05 0.0 0.0 0.0 0.0 0.0 0.0 0.009870259483266839 0.0 0.0 9.513336281275922e-05 0.0 0.003250314030833221 0.00016903175445554994 0.0006398011251814001 0.00012234764406697122 1.1108732176768819e-05 9.78316459637298e-05 0.00015026854301672203 3.7675833609285395e-05 0.0 0.0 0.0 0.0 0.0 0.0 0.0 0.0 0.011360596676039966 0.002501289652109747 0.006705408023231134
0.003237920688472794 0.07752715363131923 0.1592410106848254 0.00010679420125136684 0.09398218010245389 0.00049507991241908 0.011380584289785054 0.1138133697387376 0.046243121477993004 0.0014459158406850848 0.0 0.005276998788027092 0.08083467889275582 0.2769682451877249 0.0012146202745327217 0.0008478463459136692 0.00017973175059078457 3.188922099579024e-05 8.215089524110076e-06 2.6492074742064273e-05 0.00025084646967259416 0.0 0.0 5.799311598283292e-05 0.001061677970267799 5.4521480188955e-05 0.0 0.0 0.0 0.0 0.03395101278943415 0.0257729523553817 0.058223047335194386 1.7813963599456724e-05 0.0007684998702249282 0.0014714126731007993 0.019742376975961196 0.005500184055019991 0.0006210695139307505 0.0002075739367601363 5.857129460412738e-05 0.00020715144123189066 0.0003257913601462008 9.303388053258004e-05 0.0 0.0001627577700857866 0.0041372874763467744 3.15554260887582e-05 6.30953116902228e-05 6.225680329298238e-05 0.0004357661835250172 0.0 2.071882583737356e-05 3.466852432542051e-05 8.917905792443953e-05 0.00012491755802527518 0.0007427056433669559 0.007636033900118664 0.002235417391249799 0.0021159263571710186 0.00020500200864495845 0.0028765735972876866 0.0004326880593852264 0.007292283606060503 5.539474389495002e-05 0.00026388380081370416 0.0002839104208880082 0.0004260063094788299 0.0019662591954186705 0.0006863656995393482 0.010914636842617067 0.0009976811672858987 1.749491435840973e-05 0.005703496732691526 0.004981347678874967 0.0057811239191091915 0.0022643205365117515 0.0003133682932975109 0.002281410964542887 0.0044573567781297655 4.914734064865165e-05 0.0008514572707130967 0.0005215733841395985 0.0 0.00011282757159346819 7.981086718209023e-05 0.0003661301566671912 0.0 5.1124028588004326e-05 6.0297665426105145e-06 7.190071637168016e-05 9.627983997584499e-06 0.0030605527162074894 0.0006422214122323529 8.701127195343824e-05 0.0033232068481257506 0.0006645292347720024 0.0 0.0006652568071443562 0.0015863355497541599 1.3452847654973584e-05 9.344137176769347e-05 3.382838905892821e-05 0.0 0.0 9.274718515579179e-05 6.653783364326973e-05 0.00017826845582544494 0.00032317876029972615 9.334758807807866e-05 3.9595829302388035e-05 0.0008958470180412703 0.002103739715373924 0.0009864451611632462 0.0007765574166304458 5.189461601035262e-05 0.0 0.0 0.0 0.0 0.0 0.0 0.0 0.0 1.0670031959692352e-05 0.0 0.0 0.0 1.0541729383109057e-05 0.0 0.0 0.0 6.7049631296776e-05 0.0 0.0 0.0 0.0 0.0 0.0 0.0010954518948006775 0.0 0.0007043416773721699 0.000191541106321786 5.847589580104012e-05 1.6178267063437337e-05 0.0 0.0 0.0 5.196869048267195e-05 0.0 0.0 0.0 2.659328677807443e-05 0.0 9.500041931570065e-06 0.0 5.218645454063685e-05 2.3621386554919624e-05 0.0 0.0 0.0 0.0 6.473723813623561e-05 1.0635464090309614e-05 6.901495205052899e-05 0.0 0.0011258378180730607 0.0 0.0 0.0 0.0 0.0 0.0 0.0 0.0 0.0 0.0015320798827591511 7.411857477892061e-05 0.0 1.2407009107101832e-05 0.0 0.00023323361088546736 4.461464061325729e-05 0.000284741866674213 0.0 0.0 0.0 0.0 0.0 0.0 0.0 0.0 0.0 1.2187162969981987e-05 0.0 0.0 0.0 0.000794269281938744 0.00037236387292075116 0.000526269132263848
0.006529247355144028 0.0061532272219136175 0.0014868902552187119 0.029493600990991204 0.0024303549133577493 0.016048651075010807 0.025987986206723518 0.001816350321779483 0.003443927513220241 0.11006802577844699 0.005276998788027092 0.0 0.09426498150727611 0.0201570885441779 0.0018848162201522294 0.0010327445636703252 0.00012024921066355589 0.0 1.1800088258225803e-05 0.0 1.1461725577790454e-05 0.0 0.0 1.3146627887866292e-05 0.0 0.0 7.528229375182151e-06 0.0 0.0 0.0 0.0004978545454387864 0.00012380841656452654 0.010185891250008131 6.882163087037244e-06 2.391000400164294e-05 4.297653936724778e-05 0.054469861909520474 0.0022888082893956405 7.035281722115568e-05 2.7410206992608848e-05 0.0 6.636634490479158e-06 0.0 3.917848737722004e-05 0.0 0.0 0.003319670692695826 1.9352364733309185e-05 2.0499075052686788e-05 0.0 2.3297973307312612e-05 0.0 0.0 0.0 0.0 4.029246960669405e-05 0.0007799579573889884 0.0005464519611757805 0.0006912839323200982 0.0010352142308727287 3.478354613675416e-05 0.0012295173111990833 0.0 0.0006414318607785046 2.4001909378946067e-05 7.496203366549432e-06 3.887094116633493e-05 3.5761453913250945e-05 0.00010179795907768628 1.1122242179717127e-05 0.048844500542732455 0.0043809905401241845 0.0 0.0020246108326312483 0.0018512891088613604 0.004504029441001585 0.0018250243523604342 0.0002876086062256704 4.1736185774509554e-05 0.002932291724387696 7.684293877963203e-06 0.0005250065857188625 0.00014802201422277423 0.0 2.4724811441376154e-05 1.355357247923669e-05 3.2889538553354666e-05 0.0 2.1370959413896592e-05 8.96442053797153e-06 0.0 1.0503534855775437e-05 7.600970676805436e-05 8.634226818034953e-06 1.8149609388648472e-05 0.08407999194971415 0.004032050636995265 0.0 0.00045323710237833535 0.0056081614179972206 4.528912192645659e-05 0.00262807510878543 0.0007667132947910495 0.0015543956691862586 7.068250936117036e-05 0.0030089580365001453 0.00978563763748408 0.0036347314766590273 0.006424960047729893 0.006237223997230273 0.0003286694577398739 0.018445155947123232 0.03573430804018338 0.01145816885497134 0.005702127138672246 0.00025693626318421675 0.0 0.0 0.0 0.0 0.0 0.0 0.0 0.0 0.0 0.0 0.0 0.0 0.0 0.0 0.0 4.8496351954424295e-05 0.0 0.0 4.13479825079291e-05 0.00012557412157134282 0.0 0.0 0.0 0.0040494117013554045 0.0 0.004265157992115966 0.0016151595942949922 0.00013034866476644726 0.0 0.0 0.0 2.5923554799760558e-05 5.4466083037737666e-05 0.0 0.0 0.0 0.00014384300705727696 0.0 0.0 0.0 0.00011151571151311491 0.0 0.0 9.683535280131995e-06 0.0 7.516285046122844e-05 0.00013838549487623248 0.0002374339103798886 0.0 2.14323598498041e-05 0.004189032272132513 2.742517536530402e-05 0.0 5.3666486270375445e-05 0.0 0.0 0.0 0.0 0.0 0.0 0.004767190595767611 6.675348100784028e-05 0.0 1.1865398143889117e-05 0.0 0.0023602649952034413 7.96355685914319e-05 0.0008479640395524253 0.00019296622484656005 0.0 1.7878901218771753e-05 0.0 6.432807039635724e-05 7.4208063690454195e-06 0.0 0.0 0.0 0.0 0.0 1.0715340692871275e-05 0.0 0.00936715484853768 0.0009526787766566674 0.002994524498867546
0.014202836095124696 0.04893272938884361 0.009636464141401683 0.11267971332810935 0.04773741484974513 0.008833082228589036 0.4028736382162065 0.01142152658687621 0.08312598666592906 0.37992904113164755 0.08083467889275582 0.09426498150727611 0.0 0.3773908274619835 0.00426688407426825 0.002356954371136183 0.00036511065237141663 0.0 1.2572824375812418e-05 0.0 2.2436117279046412e-05 0.0 0.0 0.0 4.683281316104778e-05 0.0 0.0 0.0 0.0 1.0863650299828663e-05 0.006207255080190246 0.0023099106233719145 0.042134584964425 0.0 4.7912660525681e-05 0.0002819475727665264 0.03815578761634029 0.0024156264983258855 0.0006576960011982052 0.00028893629350371536 1.0279137272723722e-05 4.15064980907191e-05 8.79902397093793e-05 9.111326113006933e-05 7.710455058863357e-06 0.0 0.012287151438999316 2.7078940884349677e-05 0.00027736568459074473 2.736043824733797e-05 3.908841002361664e-05 0.0 1.3316833287091173e-05 1.9790812201128136e-05 9.951872962398686e-05 0.00019894619456064882 0.0011838636987193327 0.005525490775583329 0.004014556028287122 0.004456366008224386 6.126008822871114e-05 0.0036611886648194674 1.7836827937328596e-05 0.004266970998460573 9.692153899193555e-05 7.440471110308758e-05 1.4232886723975073e-05 7.784768826603758e-05 0.0005566640774438365 9.056577684883894e-05 0.03386677388359428 0.005437950227744784 0.0 0.01030186505546185 0.009175441746019596 0.015099767570755429 0.0052554196435561605 0.0007078631962036185 0.00012542634489305242 0.00741567708083816 5.271235325155669e-05 0.0006251283652748021 0.0004937768691732913 1.4979499540395223e-05 0.00010765687887799467 0.00011135629857249595 0.00013782674659902167 0.0 8.583675007234978e-06 0.0 1.390798441097494e-05 0.0 0.00032540347885735664 0.00010640094757132801 3.972953039412026e-05 0.05944527582999715 0.0015238181887537307 0.0 0.0006249169467253282 0.0033603219134230615 0.0003826317690559545 0.005016359550984397 0.0013579261789681937 0.002568779368193175 0.0004328444798268844 0.00532028236222882 0.013928173672257509 0.004542639138053575 0.010118433190279386 0.008551347172884258 0.000960791057318063 0.02781526840477488 0.05088998500326376 0.017442450361672777 0.009790278921735382 0.00031530856640391426 0.0 0.0 0.0 0.0 0.0 0.0 0.0 0.0 0.0 0.0 0.0 0.0 0.0 0.0 0.0 0.0 5.0506888048219705e-05 0.0 0.0002482051471915037 0.0002730904237157569 0.0 1.2736138275902101e-05 0.0 0.010125748899980417 0.0003106529864717433 0.0063419161978522706 0.0027105757678537058 0.0003509522091206149 0.0 0.0 0.0 0.0 0.00021092651002005454 0.0 1.3446043671085185e-05 6.94049689726343e-05 0.00018874350773388492 0.0 0.0 2.2072999539549238e-05 0.00038791160046826117 0.0 4.065996114923408e-05 0.0 0.0 5.724665991013836e-05 0.000264853581428029 0.000527788243469871 7.524976812256346e-05 0.0 0.005795837894778434 8.420619146503552e-05 0.0 6.89696714006009e-05 0.0 0.0 0.0 0.0 0.0 0.0 0.009996202862360025 0.00010907375007040716 0.0 0.0 1.222314871698247e-05 0.0033819784455368113 4.520149957145526e-05 0.0011585976355191151 0.00012028899091491335 7.682137345538602e-05 4.4537674219200784e-05 0.0 1.074425991024299e-05 0.0 0.0 0.0 0.0 8.124145508323913e-06 0.0 0.0 0.0 0.011886044838876368 0.002262884420455331 0.006553040613153356
0.0023533072568229126 0.06765815996335715 0.0564825461865247 0.01417990170978806 0.19976119175433632 0.0009447988228515425 0.1396155635354456 0.1828407740835953 0.08740796656970605 0.03055051159039554 0.2769682451877249 0.0201570885441779 0.3773908274619835 0.0 0.0030516388683794814 0.001358743906412915 0.00038160738807101744 2.1024171758210675e-05 2.0792900962791748e-05 1.9368360430505847e-05 0.00010138481919056182 0.0 0.0 1.1234434113704995e-05 0.0003294261432999599 2.231599280634588e-05 1.3235569502558022e-05 0.0 6.5889621925380785e-06 0.0 0.021751563041272872 0.010299551009961208 0.11906976311415618 4.369989990507522e-05 0.000522090315150118 0.0008361567371642292 0.04851494225271604 0.004781893986010585 0.0006855530421010509 0.00013116161348683444 4.8065837678416874e-05 4.181525449378556e-05 0.0001731263342256525 0.00010963944862565022 2.94629972762307e-05 1.6417534401256878e-05 0.012291233734633018 7.267190333877884e-05 0.00013516559734284145 4.134467652151682e-05 0.00025951244950393987 9.977218814686212e-06 0.0 0.0 0.00024067889278726404 0.0003422133290886942 0.0010621277006714652 0.009756490766178417 0.004983506093857025 0.005664872539457314 0.0001340933912348309 0.004829452435105877 4.338030075479094e-05 0.010628902770526185 0.00015132747423737277 0.00031875062661606955 0.00013930169950550169 0.0001699228882524601 0.0008187801747682231 0.00032537657314376 0.02139351265792459 0.002087450547552939 0.0 0.013111050821393948 0.011834743844009775 0.014568067517883589 0.0057669781041778815 0.000596324104404535 0.0017760928791706676 0.012328040786753766 9.382456380674691e-05 0.002165576910488706 0.0007843616815028782 0.0 0.00014724331400642893 0.00019094926617860847 0.0003406049621274294 0.0 4.8672614192445585e-05 0.0 0.00011015242185709835 1.369505589694455e-05 0.0012175374307035166 0.00038806659650131276 4.99759167184804e-05 0.010412763326009713 0.0010617239033634855 0.0 0.0007160434095956856 0.0005943949489999681 1.4170466147653502e-05 0.0005250401014459872 0.0001916962166471375 0.00016131350531493153 0.0003705943342236465 0.0007698509998333332 0.001289025380107519 0.000555785618336437 0.001485918291948008 0.0011490577872122338 7.119314515181068e-05 0.0048135480672533305 0.009290490496374891 0.00312191569101768 0.0030609382476466476 1.2271214180435242e-05 0.0 0.0 0.0 0.0 0.0 0.0 1.4077129177656642e-05 0.0 0.0 0.0 0.0 0.0 0.0 0.0 0.0 0.0 0.0 0.0 0.00024197462067275958 1.2615386828299206e-05 0.0 0.0 0.0 0.0037178158010320933 3.886757705412442e-05 0.0027239287664899835 0.0009516417418813835 3.677383747219166e-05 0.0 0.0 2.621990232455099e-05 1.1055713611587338e-05 0.0 0.00012369548662883074 0.0 0.0 0.0003593156134764733 0.0 0.0 1.0076886924999284e-05 1.2402394310580866e-05 0.0 0.0 0.0 1.119549766607024e-05 1.137634988285595e-05 2.085008172698655e-05 3.5877894908400065e-05 0.0 0.0 0.0026027023129045665 0.0 0.0 0.0 0.0 0.0 0.0 0.0 0.0 0.0 0.0030251823137249336 1.3351831548620426e-05 0.0 1.126482019110871e-05 2.2104762349342735e-05 0.000911667366032109 0.0 0.00038988619653197606 0.0 3.228166026155482e-05 0.0 0.0 1.1037889237592111e-05 0.0 0.0 0.0 0.0 0.0 0.0 0.0 0.0 0.003261739082297817 0.0010916313814347725 0.0024028585547887643
