0.0 0.20488676944425827 0.05722117182557877 0.16884336259205576 0.003482073796215531 0.0012231772299859964 0.06939630515089794 0.014298839320914176 0.0009489094254864598 0.08989624723453131 0.020279664123054656 0.0005488696878628761 0.0041522514186691836 0.0030092489277302697 0.00010910528498431416 4.4402599174262614e-05 1.0015002106365231e-05 9.845864548342955e-06 0.0 1.4792589428966102e-05 0.0 0.0 0.0 9.218976889660074e-06 2.1052086345765767e-05 1.2864281339192236e-05 0.0 0.0 2.259075795878028e-05 0.0 0.019393125481920213 0.00033648302961183853 0.00024143055810756586 0.0 0.0 0.0 3.2309631966055e-05 0.0 1.578538565084431e-05 0.0 0.0 9.723051889931618e-06 0.0 2.48581398422238e-05 0.0 1.409246702544985e-05 0.0024423472698984635 0.0002419017531473673 4.4646168295539464e-05 0.0 0.00010106509956318747 0.0 0.0 0.0 0.00028408191202815064 0.00012543441435571337 0.0049408452978803785 0.04279934121082092 0.001536685887191589 0.0023930703859041742 3.713328861142678e-05 5.758294440474542e-05 0.0 0.0010130498678061262 0.0005156466290626145 0.00037661543976136985 0.00015542244860377796 8.739877337402972e-06 0.0 0.0 9.297651587533512e-05 0.0 0.0 0.009720248257521099 0.009697216782859367 0.0022662268278753296 0.0003143911209056288 8.179531984261714e-05 1.686744847352447e-05 7.938021774034598e-05 1.3470004839487643e-05 1.7450737918008508e-05 0.0009624485534783668 0.0 0.0002834768186845015 0.00023532881918998606 2.030824672508451e-05 5.169390771492652e-05 0.00024589901246330675 0.0 4.9171778018826455e-05 2.0434125506898603e-05 9.20508069766099e-06 2.8221975920474136e-05 9.616545033914284e-06 0.002566823850944015 2.518619507937759e-05 6.652799962800323e-05 0.0 0.08126119955888536 0.0 0.00044362716088904654 2.4720379133381117e-05 3.636676974090325e-05 0.0 0.00032734163307197 0.0018941906613862153 7.241502045549638e-05 0.0007170551934036413 0.0006863465642484962 7.755276506371424e-05 0.0016430686039469755 0.0019206437476669183 0.0007616079279978698 0.00029054516678198776 0.0 0.0 0.0 0.0 0.0 0.0 0.0 0.0 0.0 0.0 0.0 0.0 0.0 0.0 0.0 0.0 0.0 0.0 0.0 1.8177897955167195e-05 0.00016396166697332887 0.0 3.834201132263839e-05 0.0 6.734132819545613e-05 0.0005365741991705947 0.00014007126404381822 0.0 4.582373579061244e-05 0.0 0.0 0.0 7.370000809445097e-05 0.0 0.0 0.0 0.0 7.025679544043027e-05 0.0 0.0 0.0 6.207251579689391e-05 0.0 0.0 0.0 0.0 0.0 1.1742737485470591e-05 0.0 3.863727605121616e-05 0.00019254113499218503 0.00044441754344833046 2.8929435775332157e-05 0.0 0.0 0.0 0.0 0.0 0.0 0.0 0.0 0.00010763948312045836 0.0 0.0 0.0 1.0823151249419383e-05 0.000400477840254667 0.0006353952078872417 0.0007232435385268538 0.0 0.0 0.0 0.0 0.0 0.0 0.0 1.0008220534650523e-05 0.0 8.723487673858333e-06 0.0 0.0 0.0 0.0005807583344567089 4.7925601320385865e-05 0.00015149676438056697
0.20488676944425827 0.0 0.11946883009812007 0.030095202710256955 0.07154228973171782 0.00623645485486733 0.10131819924626115 0.15705995317532367 0.05330285100913503 0.058001725730219736 0.07438236750105813 0.0008018814301406181 0.08563186711037164 0.1082892364611068 0.0016698273050195995 0.0006152968784010394 0.0001073921901647544 3.333883830350619e-05 0.0 2.0035834160054873e-05 1.8368443268252603e-05 9.385573854156913e-06 0.0 0.0 0.0 1.317799232619927e-05 0.0 7.508730234379251e-05 0.0 0.0 0.14281757717737756 0.004591491186189372 0.0006920297321963146 2.0656641086639067e-05 0.0 0.0 0.00017533244591259395 3.109341286665423e-05 1.0136244564565625e-05 0.0 0.0 8.476511234097282e-05 2.3329299950774244e-05 0.00014924486007082013 0.0 2.84366540766795e-05 0.01934386143946412 0.0008835294454761114 0.0001937120383211542 0.00021416361094077309 0.00033309597038428323 1.3231059662321288e-05 4.802730333181061e-05 7.994806954501448e-06 0.0006545132572286288 0.00034414373214485374 0.005871110829363871 0.04460189465964002 0.003293405425067118 0.007254932065392503 0.0001259192052847269 3.3961703022991434e-05 0.0 0.006533840918738681 0.0012225683129732168 0.0009329261602658988 0.00046172462881265597 0.00012131527603550633 5.81707351963245e-05 6.085704425975023e-05 0.0002645907780051068 3.338099730062461e-05 8.735907909606234e-06 0.02458306414615474 0.031616790190363536 0.018526472225246227 0.00588041858286561 0.0009179567276371835 0.0005182080640806785 0.0018853710217117494 0.00025331067613132944 0.0001835811444973379 0.0026451975368046864 0.0 0.0008804901772091649 0.0008763581506281217 7.93836871959494e-05 0.00015061001178168345 0.0005752206128925196 7.980032217114757e-06 0.00015578269933467698 4.602850475352322e-05 7.631177577644868e-05 6.340972417368792e-05 9.341793142120723e-05 0.0012155728517964583 0.0003234898201396597 1.4728957185219285e-05 3.215061525089797e-05 0.07438812352198287 0.0 0.0 0.0 0.0 0.0 0.00015275035999546708 0.00022221108549324515 1.948645776554894e-05 0.00014923158525001343 0.00017924795258682837 7.584386489904157e-05 0.00037792850411355714 0.00034646613253385734 0.0002523159471095986 4.4283759138358514e-05 0.0 0.0 0.0 0.0 0.0 0.0 0.0 0.0 0.0 1.1374466433860224e-05 0.0 0.0 0.0 0.0 0.0 0.0 0.0 0.0 0.0 0.0 3.77087014971721e-05 0.0 0.0 0.0 0.0 0.0 5.3469577329057397e-05 1.625755268131556e-05 0.0 0.0 0.0 0.0 0.0 0.0 0.0 0.0 0.0 0.0 8.480589042447746e-06 0.0 0.0 2.279755795889168e-05 0.0 0.0 0.0 9.850428192292765e-06 0.0 0.0 0.0 0.0 2.3843139583690237e-05 4.4224660188811756e-05 0.0 0.0 2.471718122817023e-05 1.4584902896690845e-05 0.0 0.0 0.0 0.0 0.0 7.775180511202019e-05 5.813251927064118e-05 0.0 0.0 1.148446590713211e-05 5.883473101482469e-05 0.00013889845147598625 6.0071365911678224e-05 0.0 0.0 4.095870285219482e-05 0.0 4.3465940405297306e-05 8.691031012529596e-06 0.0 0.0 0.0 2.3893567290261312e-05 1.170434984409787e-05 0.0 0.0 0.00010538536727236766 3.987255080007415e-05 7.469164383773991e-05
0.05722117182557877 0.11946883009812007 0.0 0.002662493768938764 0.016836192395583278 3.8230086237612386e-05 0.020115658394634108 0.20683134266856013 0.02214571564816235 0.002189308361399981 0.05504549190190009 9.380828910386205e-05 0.004682450101017768 0.04119781741610661 0.0009377026869446135 0.0007082335115104876 3.7725271661859995e-05 6.73760770615689e-05 0.0 3.1691462672327695e-05 5.854322166844013e-05 0.0 2.6583594996709494e-05 1.6900817224701072e-05 0.0 1.58924004658312e-05 0.0 9.50114570121911e-06 0.0 1.5027969309214024e-05 0.1680203553328656 0.01866425574831525 0.001103627738331655 6.395279141429438e-05 7.598425405594845e-05 3.0485684685519825e-05 0.0001149640949207336 1.2277563970341291e-05 3.600315897323533e-05 0.0 1.7709400049705652e-05 3.345827894498435e-05 3.4688379860186956e-05 0.000261792345784604 0.0 5.0941681979181744e-05 0.005936545927714482 0.00027438753466165416 0.0001666936935420317 0.00018022341311151494 2.977272833124587e-05 1.0104930012240777e-05 1.885590417656687e-05 0.0 0.00012210639257952767 4.40683158489883e-05 0.0024216060680195897 0.04243015769877628 0.0010373135207435622 0.002291933255203334 0.00012940123047661684 0.0005574665044667162 1.8583405753692514e-05 0.004065391713556891 0.00025516237506330395 0.0003059873343009657 8.443376415597074e-05 6.60627994624557e-05 0.00023767952231799026 0.00012155860116076874 0.0002623733450209981 0.0001315385996228588 4.2680990451219384e-05 0.008240379822963157 0.010621911388954424 0.006491645007938436 0.003506684142331179 0.0008207371817697586 0.0017907964541393293 0.006691812581394841 0.0003541295960954225 0.001696932251212289 0.0007043602788429497 0.0 0.00027748300387638475 0.0003096335364641485 2.503062066478473e-05 2.205407454843122e-05 0.0001875945778338632 1.0635253552661172e-05 3.6133797873695005e-05 2.7397839647398392e-05 0.00015107346364190972 4.1242371580333786e-05 9.168976475618432e-06 0.0003586864680576498 0.00014407052484588607 2.768870286358425e-05 6.153106428112303e-05 0.042792915678409996 0.0 0.0 0.0 0.0 0.0 0.0 0.0 0.0 5.6515703441431823e-05 0.0 0.0 3.112309971397912e-05 0.00010106138171884264 3.523833968869802e-05 1.2660032315415398e-05 0.0 0.0 0.0 0.0 0.0 0.0 0.0 0.0 0.0 0.0 0.0 0.0 4.3041652501095436e-05 0.0 0.0 0.0 0.0 2.5443128074016402e-05 0.0 0.0 2.4882906036700465e-05 0.0 4.2302870905813926e-05 0.0 0.0 0.0 3.9215148065369146e-05 0.0 0.0 0.0 0.0 0.0 0.0 9.961282250623506e-06 0.0 0.0 0.0 3.60643328872521e-05 0.0 0.0 0.0 0.0 1.516963874635392e-05 0.0 0.0 0.0 0.0 0.0 0.0 0.0 1.0714694821319181e-05 1.5830023743311044e-05 0.0 0.0 0.0 0.0 0.0 0.0 0.0 0.0 0.0 3.304162959358892e-05 1.3217292057419843e-05 0.0 0.0 0.0 7.750844963700805e-05 9.810685993667882e-06 0.0001729370176362619 0.0 0.0 0.0 0.0 0.0 0.0 0.0 0.0 0.0 0.0 0.0 0.0 0.0 6.383307123564742e-05 6.316103592817301e-05 9.510734624786037e-06
0.16884336259205576 0.030095202710256955 0.002662493768938764 0.0 0.004408546931989292 0.04524150422339525 0.03371963258433759 0.00029693910829813063 0.0010226435155512065 0.1162514176151241 0.001716063772647856 0.013192301760391002 0.05735373936637811 0.011365602461986826 0.0001411613839263804 3.4027538019628284e-05 3.707811755844026e-05 9.614848642638577e-06 0.0 0.0 0.0 0.0 0.0 0.0 0.0 0.0 0.0 0.0 0.0 0.0 0.005584306418991085 5.5652085338636983e-05 0.00036460008964212453 0.0 0.0 0.0 0.00023931373494322957 0.0 0.0 0.0 0.0 9.99304885448416e-06 0.0 0.0 0.0 0.0 0.0013651805998316962 8.84566961654913e-05 1.4746976151119123e-05 9.526566811348357e-06 5.0138522973929204e-05 0.0 0.0 0.0 9.136973702784038e-05 0.0 0.0005105642919159603 0.0031927200807411117 0.00033892510705089746 0.0005843185709537142 0.0 0.0 0.0 0.0003428624990894147 8.237745360057765e-05 8.355104248306119e-05 2.749275689239793e-05 2.4442072726817062e-05 0.0 0.0 9.800623294533747e-05 0.0 0.0 0.002156320989172176 0.0023561000866304115 0.001066527865593385 0.0001969073378462951 3.190555220312337e-05 1.7824079773860614e-05 8.920735489573563e-06 1.3966438890919869e-05 0.0 0.0003233977493817159 0.0 7.125649862641031e-05 0.0001091383127001448 9.561786098582308e-06 2.4112760371081354e-05 1.6601892156567483e-05 0.0 0.0 0.0 1.3496046522131592e-05 1.615507595259447e-05 1.98076795169424e-05 0.0035622966947247295 9.236307874653652e-05 0.0 0.0 0.006941894831648513 0.0 5.0202180775360025e-05 1.4648891350658452e-05 0.0 1.7626013313579663e-05 0.00014475755452709408 0.0004555509913379095 0.0 8.527673564347917e-05 0.00034451870969248207 5.6591255150055605e-05 0.001023864569046272 0.0007499274761856701 0.00030942676441775405 5.2538093991102727e-05 0.0 0.0 0.0 0.0 0.0 0.0 0.0 0.0 0.0 0.0 0.0 0.0 0.0 0.0 0.0 0.0 0.0 0.0 0.0 1.2056549904536011e-05 0.0 0.0 0.0 0.0 0.00010151317048970951 5.4609734364831944e-05 0.0 0.0 4.100729120419529e-05 0.0 0.0 0.0 0.0 2.9987907258322173e-05 0.0 0.0 4.971860862840237e-05 0.0 0.0 0.0 0.0 0.0 0.0 0.0 0.0 6.7240892886744794e-06 0.0 0.0 0.0 0.0 0.0 0.0 0.0 0.0 0.0 1.0861089235289161e-05 0.0 0.0 0.0 0.0 0.0 3.0707163581702914e-05 0.0 0.0 0.0 0.0 1.8767997723760437e-05 4.776253211495909e-05 3.339133618248151e-05 0.0 0.0 0.0 0.0 0.0 0.0 0.0 0.0 0.0 0.0 0.0 0.0 0.0 0.00012242849127895345 2.6690994774311692e-05 6.169204813927068e-05
0.003482073796215531 0.07154228973171782 0.016836192395583278 0.004408546931989292 0.0 0.0001639462884356576 0.07503844193024582 0.0452526235011464 0.16946252837189557 0.009424225250029863 0.046177254816831735 0.00012045712008898959 0.05676041492489338 0.06960739882035757 0.0006394708981446433 0.00021969147163166408 1.0073196952840379e-05 0.0 0.0 0.0 0.0 0.0 0.0 0.0 9.594352178745685e-06 6.887059458075748e-06 0.0 2.3934041876268405e-05 0.0 0.0 0.0080473866388312 0.0012643277081148198 6.0219131655130497e-05 0.0 0.0 0.0 2.1104739966877984e-05 0.0 0.0 0.0 7.82260806514217e-06 3.196631000609746e-05 0.0 2.0258017090564473e-05 0.0 0.0 0.0038381979930396434 7.239072707817377e-05 1.8391867284980294e-05 4.473796750309062e-05 3.602455554681171e-05 8.181474687717002e-06 0.0 2.1413584611115292e-05 7.481247497696337e-05 2.6186926163461143e-05 0.0002869471807870321 0.0010909044954742796 0.00028716491388515355 0.0010067073771025921 1.0217018826179921e-05 1.0011336974743656e-05 0.0 0.0011005049327778504 0.00013461554351007528 6.411648678297925e-05 1.5160124898483746e-05 1.8367829085158907e-05 1.051264056365611e-05 0.0 0.0 0.0 0.0 0.0023333801002358573 0.0031097516703908496 0.004351735413530399 0.0013835350159248192 0.00016329634215526045 0.0002275860996529719 2.6472303263040206e-05 8.988663820265782e-06 2.3060109650623053e-05 0.00020266798391316905 0.0 7.465170915780737e-05 7.611282038797098e-05 8.042336259971036e-06 1.871412851530282e-05 3.8666877440035166e-05 0.0 7.748629751439833e-06 2.9168975967329206e-05 1.1971644083567079e-05 0.0 1.0171034961914899e-05 0.0006246796361178902 5.5459682301395605e-05 1.549100266236464e-05 0.0 0.0006678190172092255 0.0 2.3619195968356097e-05 1.550223686183928e-05 0.0 1.5045495491019165e-05 0.0 7.401724684052807e-05 0.0 5.717140179808487e-05 8.677023245266288e-05 3.042646114226355e-05 0.00023490267675633868 0.00030737986707685035 0.00020915137093390187 2.2338685716167806e-05 0.0 0.0 0.0 0.0 0.0 0.0 0.0 0.0 0.0 0.0 0.0 0.0 0.0 0.0 0.0 0.0 0.0 0.0 0.0 1.0645580454353691e-05 1.4159049584343783e-05 0.0 2.143876931266751e-05 0.0 2.4133464491156778e-05 2.8797820092136997e-05 2.64749828264724e-05 0.0 0.0 0.0 0.0 0.0 0.0 0.0 0.0 0.0 0.0 0.0 0.0 0.0 0.0 0.0 0.0 0.0 0.0 0.0 0.0 0.0 0.0 0.0 0.0 1.4718432211475748e-05 0.0 0.0 0.0 0.0 0.0 0.0 0.0 0.0 0.0 7.43674038836012e-05 0.0 0.0 0.0 0.0 4.2612197152659186e-05 7.438961191364468e-05 4.7895432071775413e-05 1.2873369491888227e-05 0.0 0.0 0.0 0.0 0.0 0.0 0.0 0.0 0.0 0.0 0.0 0.0 0.00011850364087518315 2.5745997810940357e-05 0.00011188452498148573
0.0012231772299859964 0.00623645485486733 3.8230086237612386e-05 0.04524150422339525 0.0001639462884356576 0.0 0.01701076619439202 3.3706420895003704e-05 0.0001293026520933839 0.05213486489731353 0.0002799713994262948 0.002409734031814714 0.002449254102218504 0.0011351829146540359 2.6443562050023423e-05 9.694351409473719e-06 2.921829271332377e-05 2.3642809671019756e-05 0.0 0.0 0.0 6.70472327309215e-05 0.0 0.0 0.0 0.0 0.0 1.6914878742968556e-05 0.0 3.955560516868547e-05 0.000235121492062642 0.0 0.0005811366696450731 0.0 0.0 0.0 0.00016170965005003694 0.0 0.0 1.5927150929299225e-05 0.0 3.709423087952662e-05 0.0 0.0 0.0 0.0 1.0437397144595618e-05 0.0 1.3794381367500233e-05 0.0 1.5044503533408802e-05 0.0001675552562479583 0.0004863560576215747 3.3305131711694164e-05 0.0 0.0 0.0014177116470901127 0.0008796809570394155 2.652140037268786e-05 0.0 0.00014613191019890903 0.001043533266676283 0.0 0.0 1.3968143268971833e-05 0.0 1.9485841186422368e-05 0.0 0.0 0.0 0.002318033769239826 0.03071358641138875 0.0002500738130232397 4.1590578252646436e-05 4.2226894300693604e-05 2.3112572387782864e-05 1.3764197742692532e-05 1.756302001193292e-05 4.3987975269324423e-05 0.0003484412008025479 2.5420885700835045e-05 0.00037272341101460293 0.0 0.0 0.0 6.594459916732931e-05 0.0 0.00011390690930871989 1.5654119788448935e-05 0.00012820422117145494 0.0 0.0 0.0 0.0 3.454748753637627e-05 0.001960351413068646 0.0015300478322553674 0.0034610935445327216 5.627741637462855e-05 0.036404133803421064 0.0 0.0005531958705785477 9.797524585083891e-05 0.0 7.849944883422977e-05 0.0009603758412792646 0.0044657059031688205 0.00033104900994784716 0.0015128216960630567 0.0021709471717219204 0.0001655301835718381 0.0036323591798857508 0.004666131896757603 0.0019931824050161352 0.0006324143656839427 1.5760907778990305e-05 0.0 0.0 0.0 0.0 0.0 0.0 0.0 0.0 0.0 2.6076939469031255e-05 0.0 5.708542255438781e-05 0.0 1.4084970637260682e-05 0.0 7.828724338395171e-05 0.00023858734882468955 1.1906563837285964e-05 1.2504453108756784e-05 0.0002368476995714506 0.0 5.615824568618766e-05 0.0 0.00010274692216033644 0.0 2.891690452339437e-05 6.0326049031447134e-05 8.130625119624356e-05 0.0 0.0 0.0 0.00016859835478402044 0.0 0.0 0.0 0.0 0.00010227203403519648 0.0 0.0 0.0 0.0004345374563624297 0.0 0.0 0.0 0.0 0.00016915954401994037 2.692584433261654e-05 0.0 0.0 0.0002905476850125397 0.00028888033285660224 0.0 0.0 2.5262363367127955e-05 0.0 0.0 0.0 0.0 0.0 0.0 1.6120536340019473e-05 0.0005209241143015077 0.0 0.0 0.0 0.0007281721006796045 0.0007286104421152977 0.0007258498368644748 3.4246957924893864e-05 1.5459771172512806e-05 1.3130494169157056e-05 0.00015940862946237956 0.0 0.0 0.0 0.0 0.0 0.0 0.0 0.0 0.0 0.0008381242586916257 2.2236919810533057e-05 0.00017182654425310174
0.06939630515089794 0.10131819924626115 0.020115658394634108 0.03371963258433759 0.07503844193024582 0.01701076619439202 0.0 0.01267845394741877 0.06795540817508311 0.23810684293052037 0.023725037424479678 0.0073996871472136695 0.25339405530397835 0.14607309600029858 0.0026432542319451456 0.0014540399644967558 7.795431541460719e-05 1.4955880666772663e-05 1.0020189517540244e-05 3.0084552841702425e-05 3.0227367582556712e-05 0.0 7.280214109773668e-06 0.0 0.0 0.0 1.2454804911547809e-05 3.6829083485513664e-05 0.0 1.0129192241136009e-05 0.029173324753420347 0.002201388655990311 0.0014237256480758645 0.0 0.0 3.739265517678926e-05 0.000696072681463153 1.3425013731510616e-05 0.0 0.0 2.645587286693669e-05 3.888540043032776e-05 1.0100734558676138e-05 0.00013209165193113425 1.890806980565014e-05 8.144493517642085e-06 0.01638745423420563 0.0005662241408004521 0.00017168477058853178 4.920014984344163e-05 0.00020835076769704964 0.0 2.1904150778035933e-05 5.6153008756999895e-05 0.0002070324097095633 0.00019604022313285757 0.0022780493093282777 0.009175679732199933 0.00177645503131136 0.004172722397557737 5.227512139626291e-05 5.655854450924209e-05 8.649502970734995e-06 0.003938882866944527 0.0006374327822642276 0.0005360911797085535 0.00016208188653605592 9.073264865852975e-05 1.266671964317034e-05 3.288280216502904e-05 0.0007083512637474663 6.164536543208369e-05 2.1351421934198663e-05 0.012877275845716876 0.01553367795345233 0.017585103686272818 0.005669780486710769 0.0010224560563284646 0.00023498107175730785 8.118224531346034e-05 7.833542840375151e-05 0.00010638694894812195 0.001249651806285558 0.0 0.000431441774300112 0.0004906502660772032 9.144800983113287e-05 7.470362000872826e-05 0.0003791837074665166 4.24292392770122e-05 0.00014450470117776426 1.829067762525206e-05 7.405541404687626e-05 4.4913798378950036e-05 8.193099041211493e-05 0.007427223227575163 0.0007942897972486214 2.3120402623219333e-05 0.0001049205951980272 0.010619297972801808 0.0 8.467760522697894e-05 5.562259097261974e-05 0.0 0.00013810072188122916 0.0005057017548451212 0.0013159884595268171 0.0001649266125077423 0.0009502610084631503 0.0011572191970610126 0.0002419767242173577 0.0028829433293986184 0.003932189390969224 0.0017317643387349151 0.00034423922363906564 4.073042161867878e-05 0.0 0.0 0.0 0.0 0.0 0.0 0.0 0.0 0.0 0.0 0.0 3.0933421764794574e-05 0.0 0.0 1.7250254659233997e-05 0.0 0.0 0.0 5.06779889771241e-05 0.0002610375538976498 0.0 5.008365382108496e-05 0.0 8.400490861443095e-05 0.00011203227235535264 0.00019095448361952034 0.0 7.59124265810905e-05 0.0 0.0 0.0 0.0 4.900602206186884e-05 0.0 0.0 7.676311089842449e-05 6.0736752227923704e-05 0.0 0.0 9.000027405515677e-06 5.23881246960828e-05 0.0 0.0 0.0 3.8297150399114254e-05 7.89233501784611e-06 4.0185800950091504e-05 0.0 1.9498286979854274e-05 9.160776692044836e-05 0.00025170967651512997 3.842396203639446e-05 3.147931312948339e-05 1.52797588199472e-05 9.401160846688328e-06 0.0 0.0 1.1110190397136263e-05 0.0 0.0 0.0002445614406881933 6.81316923851546e-05 0.0 0.0 0.0 0.00039415642026423823 0.0004579412489752968 0.0005951528038551819 3.18449317727008e-05 7.160974655189258e-05 1.1033871159314758e-05 0.0 2.202153402595185e-05 0.0 1.8792855766163992e-05 8.602741194463125e-06 6.0534987890238544e-06 0.0 0.0 0.0 0.0 0.0009703629807180007 0.0002899345905164422 0.00017232191686197024
0.014298839320914176 0.15705995317532367 0.20683134266856013 0.00029693910829813063 0.0452526235011464 3.3706420895003704e-05 0.01267845394741877 0.0 0.03034073008444377 0.0008264439139022278 0.07389554963046281 0.0006634763809357993 0.018761998783438663 0.16667221006514157 0.008833902226281404 0.008982900379625897 0.0017532743660652944 0.0011724205049725572 7.132077220829008e-05 0.0007843088906900716 0.0030715698857799695 2.6439185296637882e-05 0.0005943819960858115 0.00022144447477479473 0.00022151741959965018 4.182581756563234e-05 0.00020122127923000694 6.65554262176491e-05 5.1648223354770915e-05 4.337329060607542e-05 0.1824878275968957 0.09195303401663325 0.025693380152684242 0.0007500548588774522 0.000997730424292343 0.00027756709145212674 0.001297523580727401 0.0005234531485656767 0.0004828006467347802 0.00010210172481709818 0.0005835425901493662 0.00034520988570858077 0.001759520582171205 0.003581117589666278 0.0001924113658516591 0.0027697103834051604 0.02029153674628759 0.0016842770121606409 0.0036813029993368208 0.004853216767715921 0.000739241425937375 2.4157475935277723e-05 0.00021461661250361358 0.00027756275063923433 7.123066060656077e-05 0.00010405433187493804 0.001108580911735424 0.0062513303142879995 0.0008363497255957554 0.002937173669528556 0.008762887348402205 0.0074067775571831935 0.0017389306446431198 0.022855837728758703 0.00027160240321898096 0.00029917126690095206 0.00012795612674275432 0.0005097317775145972 0.0033305724298544883 0.0048974340205690985 0.00535139035139512 0.0016190734704204853 3.67587159933544e-05 0.008429450399777456 0.01531469286585677 0.02249491829383647 0.02029785628299618 0.014766814157224178 0.10816529613857509 0.09104165512363935 0.008471895616999696 0.11510512069079659 0.0007949630329685663 8.531366569818608e-06 0.00043346173583877034 0.00020724383485180162 0.0007345964893841714 5.224206572671535e-05 0.000262797634921894 7.086033216138815e-06 4.61645027808473e-05 1.948928987640754e-05 0.003999199280729106 0.0004844848158467917 9.208922177302188e-05 0.0046896412050675546 0.004788905915145436 0.00029464002769842465 0.0013768172170211196 0.003179210146812435 1.1223974803673485e-05 0.00013399687823754274 0.0 0.0 0.00024147688620188728 0.0001910646468217054 0.00028280377464718655 0.0 0.00018080518546785012 0.0003927920856005854 0.0002558232129104746 0.000880330099051444 0.0015874989860665176 0.000800158836648063 0.0005615103338762973 7.45023556432364e-05 8.30547306293056e-05 9.972709730083411e-06 2.2394550021332922e-05 0.0 0.0 0.0 1.648923628151452e-05 0.0 0.0 0.0 0.0 0.00010140472763912894 0.0 0.00015601396442780046 4.122711603901679e-05 0.00011850100124563217 3.263394539853522e-05 2.1753647167684822e-05 5.698027744372126e-05 0.00020028324274213826 0.0 0.00038495117344163125 0.00014007555533869785 0.0002036483503151678 0.0005113314002105711 0.0006262544367119536 0.00011152994965379056 0.00016375881004465252 0.0 2.5277364130282545e-05 4.557589813676824e-05 5.9307693528210534e-05 5.8196495744444413e-05 1.544577834052109e-05 0.0 8.499083221534518e-06 0.00011781175363665925 2.3608274850510513e-05 1.3744628543522367e-05 1.3040714018642154e-05 0.0004398568418268908 3.878661359223463e-05 0.0 0.0 0.0 0.0 1.720418373910784e-05 0.0 0.00018632794061202275 0.0005113002661593896 0.0004685601543956499 0.0 0.0 8.213903395328861e-06 8.095343695271172e-06 1.6144684358014316e-05 1.998320409993259e-05 0.0 4.230263369855929e-05 4.658794169073369e-05 0.0006739443386810417 0.00013367457747267782 0.0 2.5152430184098947e-05 6.167958477493102e-05 0.00042617790212199985 0.0005254500502846045 0.0008093791105901863 0.0 5.128800536965441e-05 3.203312178546979e-05 1.6193731949649215e-05 4.5851699091622365e-05 3.751519309009757e-05 0.0 0.0 1.1025719855473008e-05 0.0 2.1039291530211697e-05 2.142181258800905e-05 2.3112163464838818e-05 0.0007745008483193427 0.0007921270828666246 0.000925316336692313
0.0009489094254864598 0.05330285100913503 0.02214571564816235 0.0010226435155512065 0.16946252837189557 0.0001293026520933839 0.06795540817508311 0.03034073008444377 0.0 0.016271416005334337 0.06514879996441189 0.0006491650922146249 0.03739430731972719 0.04141497167022316 0.0014039676702675317 0.0005852089735093444 1.8285624391918057e-05 8.964764989689971e-06 0.0 0.0 0.0 0.0 9.78713299050374e-06 0.0 0.0 9.034159692501871e-06 0.0 0.0 0.0 0.0 0.006817168783646762 0.00190490981043265 0.0002641543246433194 0.0 0.0 0.0 3.053406777737065e-05 0.0 9.268950947340087e-06 0.0 0.0 0.0 1.6548657896821817e-05 5.573050909200062e-05 0.0 1.0194834756465197e-05 0.0056996916238777505 0.00011532244959095065 3.531559936942307e-05 1.701225910976389e-05 7.647609810706924e-06 0.0 0.0 2.0803105784240048e-05 2.974442000150189e-05 8.651438166620607e-06 0.0002293766917598501 0.0005696363891222864 0.00039442083686822417 0.000771638945986651 1.739234579815996e-05 0.0 1.1119814462518692e-05 0.0015859807382377325 9.67137073869572e-05 7.704027040391891e-05 4.6323802227883614e-05 1.7667470273065625e-05 0.0 0.0 0.0001612747333440003 1.0804785657430249e-05 0.0 0.002559898454161257 0.003122264488849051 0.005783037223313984 0.002516525897539919 0.0004596044999216294 6.18204291780842e-05 3.0938817630829735e-05 4.1207685809753395e-05 7.082377908252028e-05 0.00016858284925660676 0.0 8.079330688094531e-05 4.80847034940488e-05 1.027346696468898e-05 9.570128286376459e-06 3.485509023690656e-05 0.0 9.69953722329348e-06 0.0 0.0 0.0 0.0 0.0015999471068450207 0.000270549445007637 0.0 1.1504885697972997e-05 0.00037648591501619717 0.0 5.421643355512863e-05 0.0 0.0 0.0 8.917490701986077e-05 0.0002741115687798705 1.857357243477231e-05 0.0001591478684058837 0.0003781009370154606 6.707223453529758e-05 0.0006662134531503984 0.0008851900899380145 0.0004572386706380833 8.406809439738533e-05 0.0 0.0 0.0 0.0 0.0 0.0 0.0 0.0 0.0 0.0 0.0 0.0 0.0 0.0 0.0 0.0 0.0 0.0 8.255033695666164e-06 0.0 0.00013259150751751238 0.0 4.5336333185764814e-05 0.0 3.923490096039307e-05 5.3667679729831475e-05 3.5244426410878886e-05 0.0 1.461065865274501e-05 0.0 0.0 0.0 2.209330159998792e-05 0.0 0.0 0.0 0.0 0.0 0.0 0.0 0.0 0.0 0.0 0.0 2.3096431112979636e-05 0.0 0.0 0.0 0.0 1.5686483803173158e-05 0.00011900933000293498 0.00010499674751222505 0.0 0.0 0.0 0.0 0.0 0.0 0.0 0.0 0.0 8.278271301036156e-05 9.858788749672292e-06 0.0 0.0 0.0 5.783984864698973e-05 8.430634073162972e-05 0.0002750867038434248 0.0 0.0 2.7205550821057397e-05 0.0 0.0 0.0 0.0 0.0 0.0 0.0 0.0 0.0 0.0 0.00024851425838636176 3.4573557172737095e-05 3.6712490129768975e-05
0.08989624723453131 0.058001725730219736 0.002189308361399981 0.1162514176151241 0.009424225250029863 0.05213486489731353 0.23810684293052037 0.0008264439139022278 0.016271416005334337 0.0 0.002385883859874535 0.07137118429592151 0.531862220139188 0.08660923093575294 0.0009637722833715596 0.0007192870133671496 3.298995674860032e-05 6.874016253780271e-06 0.0 0.0 0.0 0.0 0.0 0.0 0.0 1.3142038255550231e-05 1.559283086485415e-05 5.8228525113243726e-05 1.59237166155113e-05 0.0 0.006877795145049377 0.0003138650079936479 0.007849539340482638 3.4179022406103014e-05 0.0 0.0 0.005189691850086051 1.002671710977017e-05 0.0 0.0 2.0788303891814116e-05 4.553654090075866e-05 1.0295468935905183e-05 7.646018046200102e-05 0.0 4.340575525418041e-05 0.004573323552040363 0.00013730398025069425 4.599556089884317e-05 3.301440666673745e-05 2.303947980756677e-05 0.0 2.9256417589757823e-05 0.0 0.0001132982458760865 1.640333610690234e-05 0.0005766519030975172 0.0019572147576461443 0.00041686151371711706 0.0007225335276956612 3.277291530530228e-05 9.686926822403043e-05 0.0 0.0008008890172839999 0.0001706820464044347 0.00011709490293028535 5.397700997006485e-05 2.3655117293222518e-05 0.0 1.4466835980727839e-05 0.0016045681445676487 0.00019780820946823505 0.0 0.0026605160330868054 0.0025594432095123066 0.003532525926348376 0.0014133491860406763 0.00040858679261799224 0.00019473051003198518 0.00022761960577670002 0.00018176295568247963 5.2702662314431805e-05 0.00031047301533440233 0.0 0.00011155726362989129 0.00013110935193060501 1.436091375673208e-05 8.631829832246824e-06 5.354527759171944e-05 0.0 0.0 1.3703469490790572e-05 5.2128392336368024e-05 4.220665580967361e-05 5.1333105097788455e-05 0.03913675163237103 0.003154553451038169 2.1657659694667653e-05 4.776318543325643e-05 0.00719842058615703 0.0 0.0009186418860167159 0.0003118130733929628 5.8363691717160076e-05 0.0004522436672923783 0.004774160997186558 0.008850426338418774 0.0011184453694988792 0.006924990945105698 0.00563624279884357 0.0014958285125696903 0.018763834078330894 0.01946118026484479 0.009458920921018089 0.003005282429483061 3.4283529373347096e-05 1.7516062559642904e-05 1.264452519064649e-05 0.0 0.0 0.0 0.0 0.0 0.0 0.0 0.0 0.0 0.0001274963515949752 0.0 3.3680530961108525e-05 0.0 0.0 0.0 0.00014915157692024165 0.00019790875020239289 0.0009049533230451202 0.0 6.609334329087232e-05 0.0 0.00030134881352512455 0.00041993018250545985 0.0007969449578846682 4.369518644138446e-05 9.649219734234674e-05 0.0 0.0 2.9826845928444896e-05 1.855324129714781e-05 0.0 0.0 0.0 0.00010671102197863701 0.0001386784213810151 0.0 0.0 0.0 8.148338830935882e-05 0.0 0.0 0.0 0.0 7.229259196102271e-05 4.8695365218100175e-05 0.0 0.00037992695926046576 0.00042782250154975345 0.0015726738018049936 5.0044382842258896e-05 2.0470669800312587e-05 2.7902154250957468e-05 2.7418092514615632e-05 0.0 0.0 0.0 0.0 0.0 0.0015728736381348922 3.5339117630110515e-05 0.0 0.0 0.0 0.0020489081611775894 0.0018653316210567596 0.002566814675735458 0.00018080310730866962 0.00037953018979383673 0.00013057092101361226 7.262647514880685e-05 0.0 0.0 0.0 0.0 0.0 1.0417731305432827e-05 0.0 0.0 0.0 0.004519022798893643 0.000655841053189611 0.000439038527913702
0.020279664123054656 0.07438236750105813 0.05504549190190009 0.001716063772647856 0.046177254816831735 0.0002799713994262948 0.023725037424479678 0.07389554963046281 0.06514879996441189 0.002385883859874535 0.0 0.003453773558673251 0.07107780487862357 0.16249462808402287 0.00660208596544247 0.007529697815041538 0.0004522144093349381 0.0001777267520468628 2.9349438774075368e-05 0.00018415755413275935 0.000606958287850913 1.6467668790926366e-05 0.00021196034809508877 4.9113877085717343e-05 6.834052821453238e-05 4.374236273134376e-05 0.00035776094045874554 0.0001710045676043243 9.095779747840015e-05 0.00010720580276738525 0.04011994265522966 0.007406093877155945 0.016719954861103364 0.00014435056438289663 0.0002741942582704297 0.0001140852795800884 0.007608464095680893 0.0007158746248773919 0.00042347671369441856 0.00013023198618984942 0.0003263973645025928 0.00014682504097849515 0.00022469764368527855 0.0013104609786071374 6.004734807813627e-05 0.00037853488013347227 0.013755304870669258 0.0003821011670128266 0.000489993577360295 0.0006498988537216939 0.00025414836596370313 0.0 0.0001430213084392157 8.787436673151264e-05 0.00010357809797799978 2.596379879665986e-05 0.0005088347083968305 0.002618811710361503 0.00048296356179542533 0.0018655195778556626 0.0010415442990208829 0.002030493115069912 0.0002661997723843336 0.005851155227163323 7.791649483434829e-05 0.00017866827156785454 8.183417111635122e-05 9.659237228215229e-05 0.0006640493530627222 0.0007697344991896048 0.007370792576112705 0.0004877732272061606 0.0 0.004939937349176003 0.00656280366536106 0.015096504329007778 0.010805759375639698 0.004719785276963234 0.007249026658207402 0.010366879124865669 0.001595668734569343 0.00810902637278735 0.0003551198772814592 0.0 0.000164567363318585 7.139231774994637e-05 0.0002703246140614614 1.0941770850298953e-05 3.472677389098067e-05 0.0 4.018213501979229e-05 0.0 0.001042908341368525 0.00018269024676158025 2.2309471685996976e-05 0.012519399219998843 0.004259302091086735 7.146939413415647e-05 0.0005550120706861194 0.0016396578104164357 2.1575823990489606e-05 0.0 9.153769653636563e-05 0.0 0.00011698482119321807 0.00014972910071095003 0.0004006084903366134 2.0339584439060488e-05 0.00023396928857224815 0.0005160217312039524 0.00014417021019630746 0.0008939768033287085 0.002010369431562501 0.0010294223909302523 0.0003604482542586237 2.4521324708877917e-05 0.0 9.069597817405099e-06 0.0 0.0 0.0 0.0 1.3033961199321948e-05 1.155619115125405e-05 0.0 0.0 0.0 6.932978469717613e-05 1.1263316864808196e-05 4.102521113406962e-05 1.3940505828432936e-05 1.5032101667246273e-05 5.3998993571695675e-05 6.705286660288894e-05 5.765480941745175e-05 0.00022044886720767613 5.152659433659996e-05 0.00018317164251200943 1.0797870706552145e-05 0.00015530830319495409 0.00023377769619279626 0.0005277207666471329 5.158150821539121e-05 0.0002561056508763932 0.0 1.231383431732987e-05 1.1259301912386832e-05 4.2982545564772425e-05 7.428760480736715e-05 2.3503332603960746e-05 0.0 0.0 1.12297732032317e-05 0.0 4.26461137966866e-05 0.0 0.00025816288310576564 6.43924858098844e-05 0.0 0.0 0.0 1.2984332170375981e-05 0.0001002026099918769 0.0 0.00010477558489238152 0.00016575455208366868 0.00037319209980401683 1.072304819060008e-05 1.1972683163157331e-05 0.0 9.861269442375847e-06 0.0 0.0 9.13631695017292e-06 2.466023072143498e-05 1.1392038140290006e-05 0.00042783462787213534 0.00013590479129548216 5.498932507442282e-05 0.0 2.688138274790496e-05 0.0005744474562122538 0.0005484214252537238 0.0008571658218715677 1.4140277465443477e-05 8.593107225478142e-05 3.560129474203572e-05 1.6990954384114406e-05 1.3317488561521278e-05 1.3228390481698213e-05 0.0 0.0 0.0 0.0 1.4198477103984374e-05 0.0 0.0 0.0008671867533606215 0.0005108848092336884 0.00032102712403903126
0.0005488696878628761 0.0008018814301406181 9.380828910386205e-05 0.013192301760391002 0.00012045712008898959 0.002409734031814714 0.0073996871472136695 0.0006634763809357993 0.0006491650922146249 0.07137118429592151 0.003453773558673251 0.0 0.1164831292481091 0.019197152037820953 0.004845221156093712 0.0067075006497744226 0.0003876547555060549 7.201866869726519e-05 0.0 5.216906259839326e-05 0.00022535695366215233 0.0 9.416230855193016e-05 4.1272492109609106e-05 0.0005277677129179361 2.4298281203227272e-05 0.00037818498905004835 0.00019953370455660197 6.567101534156245e-05 0.00025983494027159254 0.0004477720613547287 0.00026572024234483647 0.02242870100536232 3.204873034229708e-05 0.00020823425740377802 0.00027787339071077286 0.018860860679657657 0.0014190538695650367 0.0018997967361775937 0.00020550639953293947 0.0002010429744502037 0.00014804564082466967 7.1170434722885e-05 0.0006212464612442616 3.27526736195718e-05 0.00017271620563589577 0.00616383147139961 0.00018782733325943502 0.000223256696269777 0.0003696078961894988 0.0001402856155408749 0.0 0.0004897660261181283 6.756077605443859e-05 0.0 0.0 0.00011221357616963809 0.00011965511437422772 7.074872495005694e-05 0.00018381631432537045 0.0005367420508576406 0.0060361019698323155 4.004450769011302e-05 0.001405607503985897 3.072646282783578e-05 2.9288982871243576e-05 0.000100014168395656 0.0001301682597021428 0.0005504724150187787 0.0006361203856065349 0.01962836101716095 0.000807180228091937 1.3720767250794937e-05 0.0004321541568045123 0.0007598802660971059 0.004006473234803654 0.003602958511532767 0.0021871763314136633 0.0004358543543672175 0.0064756892443832165 0.0005542078606211124 0.0025889464895705277 2.65186489282694e-05 0.0 2.8754255422398384e-05 0.0 6.67242115588387e-05 0.0 1.6504935088913446e-05 0.0 8.1354628697351e-06 0.0 0.0009937084890324988 9.392537284766856e-05 1.4592400882235267e-05 0.06772797701809073 0.00906570038800023 0.00015252445482788563 0.0008777093869787229 0.00044612630624045165 1.1606764217152887e-05 9.290241775998902e-05 3.1823231701626876e-05 0.0 0.0001334072560781693 0.0007145414154794668 0.0015278276370446924 0.0001560830819894765 0.0007279762968730355 0.0006432133609285911 0.00021344688762348036 0.002144162731665472 0.0027903170320645342 0.0015962981468479992 0.0004968349891973859 0.0 1.4347577437748186e-05 0.0 1.253917002776455e-05 0.0 0.0 0.0 0.0 0.0 0.0 0.0 0.0 2.664028433586134e-05 0.0 0.00011173820803924537 2.0099291094062966e-05 0.0 2.337395002340535e-05 2.879838555589556e-05 0.0 0.00011779808426910564 1.4040955513341521e-05 0.0 0.0 0.00024421196092374626 0.00020292320054959148 0.0002872153974991584 2.5400037020109486e-05 3.927215288218289e-05 0.0 1.5193739642368884e-05 0.0 0.0 1.1289468764964411e-05 0.0 0.0 0.0 0.0 0.0 0.0 0.0 0.00010415851617642158 5.15097997434994e-05 0.0 0.0 0.0 0.0 0.0 0.0 4.604522427092702e-05 8.371017899986198e-05 0.00023113436237502178 0.0 0.0 0.0 0.0 0.0 0.0 0.0 1.2293166936425206e-05 2.7041765201800897e-05 0.00045837168509985673 7.732813618297777e-05 0.0 0.0 0.0 0.0003366407037499078 0.0005133608568281755 0.0004990361455308338 3.829383189358197e-05 0.0 0.0 0.0 0.0 1.3819143568588771e-05 0.0 0.0 1.2812855285589787e-05 1.124091315874657e-05 1.1593572458819139e-05 4.2013371831011747e-05 0.0 0.0008490190792777334 0.00011131820104711405 0.0002253044797435058
