0.0 0.13086290458789573 0.0460128929713543 0.07664871461533701 0.0032230291471986336 0.002419251417737754 0.022921242315334812 0.0048476584539819245 4.1004280467458356e-05 0.12346792689196669 0.01426027324742256 0.02200444462742003 0.0189121193610999 0.0026513045930791784 1.5792728627870476e-05 0.0 1.907677798513322e-05 0.0 0.0 0.0 0.0 0.0 0.0 0.0 8.604248849474882e-06 0.0 0.0 0.0 0.0 1.138390361865445e-05 0.057344283285267764 6.62095083899795e-05 7.199441455316925e-05 0.0 0.0 0.0 3.6110865107693976e-05 0.0 0.0 0.0 0.0 0.0 0.0 7.745039648349107e-06 9.276488460687773e-06 7.26595562391461e-06 0.001103057499647755 9.432448293228716e-05 5.2448557826679464e-05 0.0 6.937791993372404e-05 3.2517489978157894e-05 0.0 0.0 3.168755627062573e-05 0.00013326780748908394 0.012523962348232802 0.07594536634914106 0.0018680285476120027 0.0029184904714636946 9.818659391887502e-06 1.2093333136288262e-05 0.0 0.0016557518282634383 0.00014720905175287662 5.641721437543969e-05 3.0492757429147026e-05 3.8995847879509504e-05 0.0 0.0 0.00013528115665636622 0.00025351566662496703 7.882056748100175e-05 0.011873583579910576 0.0017993507707529234 0.0027529448732377003 0.00015937415083835306 6.983664969486121e-06 6.626876552859701e-05 0.0018094775962840322 9.617107223258297e-06 0.00026024568365573493 0.0006555258354824721 0.0 6.421608703673238e-05 0.00012211441762627432 6.37083034734646e-06 0.0 2.5084075507677014e-05 9.873620040396337e-06 1.962664982868875e-05 1.5286651413332295e-05 1.1420119256773887e-05 4.1830834578379615e-05 7.626074096215655e-06 0.0016820857162224599 0.0007147894574528052 1.4442150574146355e-05 6.690093766631055e-05 0.0702937997036698 3.493915907302822e-05 7.214269642327586e-05 0.00026551318052897284 0.0003192188346486644 0.0 0.0005609102377612818 4.160772217221353e-05 0.000462540231490324 0.001299173795663654 0.0001489590616047408 0.0001019060733501601 0.0006801791884084351 0.0005238684521196735 0.0008395581383181096 0.00018650129069650744 0.0 0.0 0.0 0.0 0.0 0.0 0.0 0.0 0.0 0.0 0.0 0.0 0.0 0.0 0.0 0.0 0.0 0.0 0.0 1.1363964771003214e-05 1.5021736497535406e-05 0.0 0.0 0.0 7.718106591453158e-05 3.9346545850385825e-05 8.543082233255401e-05 0.0 0.0 0.0 0.0 0.0 0.0 0.0 0.0 0.0 0.0 0.0 0.0 0.0 8.71957992846555e-06 1.1013529400190037e-05 0.0 0.0 0.0 2.0684254480878008e-05 0.0 5.013236679162403e-05 0.00011539045308561703 0.0 3.1126031825108785e-05 0.00016200089734219595 1.3400206484966221e-05 0.0 0.0 0.0 0.0 0.0 0.0 0.0 0.0 0.000299628146133244 0.0 0.0 0.0 0.0 0.00021681407053826304 1.127043942750761e-05 4.0648502619730376e-05 0.0 0.0 0.0 0.0 0.0 0.0 0.0 0.0 0.0 0.0 0.0 0.0 0.0 0.00011988245335474767 0.00010221405026286545 6.899001605768346e-05
0.13086290458789573 0.0 0.15795807786342037 0.05087010648832944 0.13252100748500642 0.00157975787462173 0.1253469901060772 0.0661888347211499 0.01997855299041787 0.07437320173684797 0.12321102745195543 0.013086355437795998 0.16974954571177953 0.0813163694392835 0.0016408022670622482 9.293076454298035e-05 5.3913625646166755e-05 9.358075431565022e-06 0.0 2.4798129416235156e-05 0.0 0.0 0.0 2.5327151587130547e-05 1.2685069277724758e-05 2.7210560064346373e-05 0.0 1.0242397694611327e-05 1.213310049542974e-05 1.927233559013622e-05 0.10709046941335963 0.0006447284182107146 0.001526506838034456 9.342990271635429e-06 0.0 0.0 4.3446769995906164e-05 0.0 1.1238958314055953e-05 0.0 7.787681264484193e-06 1.7116624087784076e-05 1.6150186343649413e-05 1.856553538321863e-05 6.946403344560562e-06 4.1331484559576574e-05 0.010089812291087191 0.0006747417473666048 0.00011904460247598413 6.767551241179273e-05 0.00037337539845408343 3.5173005532615514e-05 0.0 8.434223032123348e-06 0.0004001073798336126 0.000617570621450231 0.014105327057193818 0.082061138869064 0.005726968283154977 0.014534063771168199 9.938471222375688e-05 6.812398090995848e-05 0.0 0.008855280534658064 0.0009413551311327991 0.00033420330400446617 0.00021177043249532036 0.00025010675700617025 5.833688648700498e-05 4.299063037614808e-05 0.00023055961927685148 0.0 0.0 0.03403124869090199 0.016417620456328906 0.019662138248894682 0.0031829035199222697 0.00015581551063565595 0.0005263389091065265 0.014034085336622046 0.00016535954001277203 0.0012588567235626879 0.0035872006065279603 2.5486010281629e-05 0.0007768821107277193 0.001079436481083031 0.00013400948440480748 0.0 0.00016732064611119045 0.0 0.00025383430476922725 2.7712671797258825e-05 3.065558546703684e-05 5.300689466050561e-05 1.683283451660863e-05 0.000513909003234691 5.6622925665657136e-05 0.0 3.1680566474827456e-05 0.046862533142032245 6.875654805112833e-05 5.6203925197685924e-05 0.0004026458607187539 0.00027126610354917844 8.762250894019459e-05 0.0008979586672544509 8.90934157493211e-05 0.001451542683780689 0.0014635753772662629 0.0003554222872424856 0.00032977958416519824 0.0014164876805655214 0.001635537254407675 0.0015652769894349092 0.0005906673989005371 0.0 0.0 0.0 0.0 0.0 0.0 0.0 0.0 0.0 0.0 0.0 0.0 0.0 0.0 0.0 0.0 0.0 0.0 0.0 0.0 5.794887613656905e-05 0.0 0.0 2.96887576845731e-05 9.226622805084646e-05 1.1196798866944361e-05 1.0181807695169136e-05 1.1962681881345105e-05 5.529732827046037e-05 0.0 0.0 0.0 0.0 0.0 2.091645031149701e-05 0.0 0.0 0.0 0.0 0.0 0.0 0.0 0.0 3.434226802615059e-05 0.0 0.0 7.641430131420462e-05 3.676906995922984e-05 3.880603547840889e-05 2.1069581455878835e-05 1.4898241645993607e-05 0.0002528121908465798 0.0 0.0 0.0 7.721202624130346e-06 7.959030564086716e-06 0.0 0.0 0.0 0.0 0.0007885670494595112 0.0 0.0 7.03080443922368e-06 8.518986029394484e-06 0.00047719052461199507 9.829394990014985e-05 0.0003918669887489344 2.6940043381656377e-05 0.0 1.1543987044539807e-05 0.0 0.0 0.0 0.0 0.0 0.0 1.365907939258768e-05 6.403981398594599e-06 0.0 0.0 0.0006530385147167745 0.00014291398498067644 0.0001858886331639061
0.0460128929713543 0.15795807786342037 0.0 0.0003331586892285094 0.07652449410989681 0.0001578881820398907 0.005636927329694216 0.3634681330349222 0.029725386115096415 0.0008954801231786786 0.228841087629426 0.0009389938567423662 0.00861826546878369 0.045289316589193815 0.0019092116785829677 0.0004743675551760984 7.753321535760563e-05 1.990562322643729e-05 8.795532583282202e-06 6.662503988904941e-05 6.722606854196389e-05 4.6706596704067515e-05 4.5501317582337846e-05 0.0 0.0 0.0 3.674135682567575e-05 5.847269816419731e-06 1.034214820430959e-05 6.127257755168505e-06 0.3224977359060204 0.01726415898870101 0.0023542357157154852 1.1275086786608212e-05 2.7219697001837375e-05 1.4569806202318822e-05 0.0001693648529926148 5.211979137452173e-05 2.268265861515512e-05 0.0 0.00016056787114385808 0.00035072331067905187 0.0003192727631023872 0.0003299532455590542 0.00023778139133678124 0.0005174472362127334 0.0036787330731792725 0.00033878535788978706 0.0001332486956109593 0.0003788395044359384 0.0001995467774575295 6.0101178251546816e-05 1.63765884224552e-05 0.00014817749375337552 7.559616530068555e-05 0.00020450717459054182 0.006921870221639138 0.06661171470177535 0.002068212741484977 0.0055661714379963995 0.0009343703523197677 0.0008447328750291287 6.46739710711956e-05 0.012680837038017664 0.0002331648700898117 0.00018070515507053364 0.00015912889230963528 0.000250061630068009 0.0005608173115431403 0.0005899568384372532 0.00023759991207423887 1.2226527639742072e-05 0.0 0.015516173795460594 0.0077133645749600495 0.007761305533742838 0.002441424363561867 0.000763050015407818 0.014492767482188935 0.0975020698071967 0.004175348045019658 0.029762559903059253 0.001171768301223178 0.0 0.00026922877888579537 0.00035039628643487603 0.00041598574035602194 0.0 7.266153732491655e-05 2.223711237021301e-05 0.00011862010009534554 7.206105373263732e-05 0.0012455148804934352 0.00018050614008192624 0.00018684119117066993 0.00015561514016731095 0.0 0.0 6.14410884535463e-06 0.02320500376568458 8.352018178744597e-06 0.0 4.887860154731201e-05 2.0600887236043304e-05 0.0 9.611151056616118e-05 0.0 0.0001482736191685047 8.58557748847294e-05 0.0 8.40914809134644e-05 9.525531078382623e-05 0.00015317902420720225 0.00014420078266486354 0.00013445293867613733 0.0 0.0 0.0 0.0 0.0 0.0 0.0 0.0 0.0 0.0 0.0 0.0 0.0 0.0 0.0 0.0 0.0 0.0 0.0 0.0 0.0 0.0 0.0 0.0 3.4849475634658034e-05 9.016558532644095e-06 5.0793224676150724e-05 7.520183379158694e-05 7.278001574289925e-06 0.0 0.0 0.0 0.0 0.0 6.955858601875998e-05 0.0 0.0 0.0 1.7919129880738288e-05 0.0 0.0 1.934704365305698e-05 4.9802768404812485e-05 6.243721434851664e-06 0.0 0.0 0.0 9.51015838241751e-06 0.0 0.0 0.0 0.00012128049305979941 0.0 0.0 0.0 0.0 0.0 0.0 0.0 0.0 1.0243189908247187e-05 0.00016521031201008498 0.0 0.0 0.0 1.107716798776018e-05 4.5577193553522616e-05 3.118764795084811e-05 8.070920037544007e-05 0.0 0.0 0.0 0.0 0.0 0.0 0.0 0.0 0.0 0.0 0.0 0.0 0.0 8.838745464890784e-05 9.148280600029587e-05 0.00021152462007907448
0.07664871461533701 0.05087010648832944 0.0003331586892285094 0.0 0.0015375375809791214 0.009700345853643594 0.05235266834446669 3.184053128933976e-05 0.00013354152392044247 0.1655722128108028 4.7173185158270684e-05 0.06395301431002968 0.08627843371693239 0.004148009670994748 0.0 6.5466410896183345e-06 0.0 0.0 0.0 0.0 0.0 0.0 0.0 0.0 0.0 0.0 0.0 0.0 0.0 0.0 0.004060711044476545 0.0 0.0 0.0 0.0 0.0 0.0 0.0 7.871720456539287e-06 0.0 0.0 0.0 0.0 0.0 0.0 0.0 0.00020242467113100186 1.869957175158074e-05 0.0 0.0 1.6144237569530014e-05 0.0 0.0 0.0 0.0 9.885469040724296e-06 0.0020945283897732267 0.011460199809521766 0.0002386279041558627 0.0003850462809106465 0.0 0.0 0.0 6.392923287868563e-05 2.2941031148286525e-05 8.065186087930043e-06 0.0 7.493932199737619e-06 0.0 0.0 0.0 0.0 0.0 0.0016837869117016628 0.0003154332710288009 0.0004627544883162096 0.0 8.871956373506255e-06 0.0 0.0 0.0 0.0 0.0002014932325688118 0.0 2.325221332646841e-05 1.9709472012888204e-05 0.0 0.0 0.0 0.0 1.1574962818374168e-05 0.0 6.7523590000054475e-06 0.0 0.0 2.366776247932408e-05 0.00010485382195051242 0.0 0.0 0.030672925152776156 0.0 6.93688221655702e-05 0.0003734428574312276 0.00028997775821374837 0.0 0.0007837877575494554 4.8154478563120095e-05 0.0006679493771645421 0.0012562510242332332 1.4002744536562945e-05 1.4877774288131265e-05 0.0008543128651678324 0.0019155107330508716 0.0004357330229162366 2.779068332483942e-05 0.0 0.0 0.0 0.0 0.0 0.0 0.0 0.0 0.0 0.0 0.0 0.0 0.0 0.0 0.0 0.0 0.0 0.0 0.0 3.416820721539191e-05 0.0 0.0 0.0 0.0 0.0 0.0 0.0 0.0 0.0 0.0 0.0 0.0 0.0 0.0 0.0 0.0 0.0 0.0 0.0 1.368630263358701e-05 0.0 0.0 0.0 0.0 0.0 0.0 0.0 6.749309253347798e-05 0.0 0.0 0.0 5.5963301891091044e-05 0.0 0.0 0.0 0.0 0.0 0.0 0.0 0.0 0.0 0.0001331939308091362 0.0 0.0 0.0 0.0 8.730104674189395e-05 0.0 7.553836239266981e-05 0.0 0.0 8.961405899215146e-06 0.0 0.0 0.0 0.0 0.0 0.0 0.0 0.0 0.0 0.0 8.858023067929242e-05 4.5373958758438425e-05 0.0
0.0032230291471986336 0.13252100748500642 0.07652449410989681 0.0015375375809791214 0.0 0.00013901805706410892 0.17067328796318335 0.09475271535042439 0.33468612947515824 0.030593156721540362 0.2241184552496091 0.0012620710128821695 0.12133896292122093 0.2593463544610973 0.0013157723131369484 9.168080368949899e-05 6.193557926781965e-05 1.4616463503032884e-05 8.914578129132362e-06 0.0 0.0 0.0 8.305264885570471e-06 0.0 0.0 3.3845222378069686e-05 0.0 0.0 0.0 0.0 0.010823250687578981 0.0004378406901923312 0.0005535330478400338 0.0 0.0 0.0 5.245914899477222e-05 0.0 0.0 0.0 1.857495588464336e-05 4.1782288874270324e-05 0.0 3.713307281607829e-05 1.0010446810269712e-05 0.0 0.005591540800888637 0.0004138834580362642 2.836568367737802e-05 7.160198413612433e-06 0.000252908859115621 5.117684199233712e-05 0.0 1.0928173346053609e-05 0.00021747657463831163 0.00033103945430929747 0.0029685289322520683 0.00898573383604648 0.0015584094328626682 0.005249074661217626 7.699403894981499e-05 6.17104052304856e-05 1.565554933396276e-05 0.003519483181822057 0.0004152756339260405 0.00021976701983356328 0.00011145617397453427 0.00014237808059173971 4.684667563228586e-05 2.1506860212278494e-05 0.00020289797740236646 3.4817270715990324e-05 0.0 0.007564453730257659 0.006502894745911743 0.00846094144381012 0.0027275146527808297 6.138195378806747e-05 0.00010480343970100359 0.0020227493138920013 0.0001613926797367126 0.0016003171414028083 0.0013165002763712234 9.802326329977189e-06 0.0003560019719167387 0.0004106874144560439 7.43485044044799e-05 0.0 0.00010204784373172634 0.0 5.9933469493575924e-05 1.4508549220783489e-05 7.412832142338791e-05 5.759523605196012e-05 4.289976027236652e-05 0.001904269675591353 0.0 0.0 8.457783112578038e-06 0.0005615260012568148 7.428885171072524e-05 0.00011985364237639178 0.0007301549429497982 0.00041036673067935904 0.00011931540934277755 0.0014132471505485546 0.00022340111010986372 0.0019729256097523237 0.00091992571256183 0.0007159862246913959 0.000379163000129686 0.0033454550338771084 0.002311277331082385 0.0030470793692269436 0.001550179936370525 0.0 0.0 0.0 0.0 0.0 0.0 0.0 0.0 0.0 0.0 0.0 0.0 0.0 0.0 0.0 0.0 0.0 0.0 0.0 6.84650597743203e-05 4.134250272861233e-05 0.0 0.0 0.0 0.000602621620205058 5.8050484707218266e-05 0.00033521958114419764 7.894628339946407e-05 3.802232655383973e-05 0.0 2.610411897226364e-05 0.0 0.0 0.0 5.072996288657034e-05 0.0 0.0 1.62768003984622e-05 0.0 0.0 0.0 5.8256257234005065e-05 0.0 9.764393861192851e-06 0.0 9.66973315860074e-06 3.856851261793763e-05 0.00010604225274045996 0.0 0.0 0.0 0.0008801576047894955 0.0 0.0 0.0 0.0 0.0 0.0 0.0 0.0 1.315205273538425e-05 0.002467236115981481 9.620806794736058e-06 0.0 0.0 0.0 0.0011212389769218241 0.00018388028112135477 0.0006108209805815514 4.24853271697792e-05 1.7553126077610414e-05 0.0 0.0 0.0 0.0 0.0 0.0 0.0 1.4323628573380063e-05 0.0 0.0 0.0 0.0011032960293256952 0.00036955704734062227 0.000450422659706191
0.002419251417737754 0.00157975787462173 0.0001578881820398907 0.009700345853643594 0.00013901805706410892 0.0 0.0005804644243162449 8.461593958074151e-05 0.00014167743217747774 0.020008393792987324 9.024394717133264e-05 0.007683954999208574 0.004878061244408768 0.0005194846430765564 0.0 8.909767472513503e-06 0.0 0.0 0.0 0.0 0.0 0.00019897593843330236 0.0 0.0 0.0 0.0 0.0 0.0 0.0 0.0 0.0012615548801816001 0.0 0.0009383480509169205 0.0 0.0 0.0 0.00045537956304466575 5.0396692512321274e-05 7.315613516526605e-05 1.3428680938031094e-05 0.0 0.0 0.0 0.0 0.0 0.0 1.8857987998073652e-05 0.0 1.033123264790355e-05 0.0 1.6382473753282027e-05 0.000334204695895137 0.0001740494339971251 9.918544511702163e-06 0.0 0.0 0.008970188433646982 0.011806896535512498 9.827383341127944e-05 0.0 1.826793448309214e-05 0.00031607477374396794 0.0 0.0 0.0 0.0 0.0 0.0 0.0 0.0 0.005148284699924059 0.009798455694970487 0.0018216337073858346 0.0003214232363954967 0.0 2.5267040446627026e-05 0.0 0.0 7.62567170023655e-05 0.00033897511512280716 0.0 0.00014760401990162412 1.448396908252051e-05 7.211304523505411e-05 0.0 6.713911702693966e-05 0.0 0.0007493908201622611 0.00020081816007666567 0.0008567414937160568 1.806129967920726e-05 8.683888221606542e-05 0.0 7.3579655002391135e-06 1.988362219593728e-05 0.0180550912774809 0.010871615736636848 0.0009455583822203183 0.0019966572596272604 0.03605705275298981 0.0 0.0 1.1787060917270125e-05 0.0002195117709171493 0.0 0.00012535596108088 1.2942932609473223e-05 3.8907194980882906e-05 6.48640957236318e-05 1.3049802008278111e-05 2.821785749561625e-05 0.0001527221183028062 9.069457825825365e-05 0.00010978276776083654 1.2168707077940555e-05 0.0 0.0 0.0 1.2455354907366257e-05 0.0 0.0 0.0 0.0 0.0 0.0 0.0 0.0 0.0 0.0 2.5494597745038298e-05 0.0 0.0 1.0181708392624255e-05 8.676006854459448e-05 0.0 0.0 0.0 0.0 0.0 0.00011581444626487274 3.194212275788402e-05 0.0001778980017716331 3.437340820086482e-05 2.7271342048708676e-05 0.0 0.0 0.0 0.0 0.0 0.0 0.0 0.0 0.0 0.0 0.0 0.0 2.947005817316554e-05 0.0 0.0 0.0 0.0 1.7653392960542075e-05 0.0 1.2385710722553813e-05 0.0 0.0 0.00014279562296734357 0.0 0.0 0.0 0.0 0.0 0.0 0.0 0.0 0.0 0.0002077551098189532 0.0001193668833685993 0.0 0.0 0.0 0.0 0.0 7.152978015237708e-05 0.0 0.0 0.0 0.0 0.0 0.0 0.0 0.0 0.0 0.0 0.0 0.0 0.0 0.0002309146854563411 0.0003806234503808361 0.00041260736626977726
0.022921242315334812 0.1253469901060772 0.005636927329694216 0.05235266834446669 0.17067328796318335 0.0005804644243162449 0.0 0.002767467002633177 0.03487596829469767 0.09396031981381994 0.007587272449909729 0.011192162183970693 0.4651115995401307 0.09650849682839138 0.00035466404886899856 2.751331586991399e-05 3.9762885010154133e-05 0.0 1.00129933688652e-05 1.285836435552622e-05 0.0 1.094915928387257e-05 0.0 0.0 0.0 0.0 1.4363963060388987e-05 0.0 0.0 0.0 0.005318375481000459 0.00018803102102313879 0.0002057886877242986 0.0 0.0 0.0 2.466313974344215e-05 0.0 0.0 0.0 0.0 8.416638206466682e-06 0.0 1.551729260744305e-05 1.7090988584141297e-05 1.5507603989147134e-05 0.0025368611845023605 0.0001285050351090507 0.0 9.593781055464892e-06 0.00010097078957275985 0.0 0.0 0.0 6.1030679310750016e-05 0.00011880420204843448 0.0019698383714188525 0.00869944548017821 0.0008629587002680621 0.002774271342653664 3.0108297144690727e-05 0.0 0.0 0.0013881441330804408 0.00020436278758691784 4.865284659009039e-05 5.4414013928244643e-05 8.417821561793225e-05 2.1104823929058403e-05 3.8103419218715776e-05 0.00015034040744863584 0.0 0.0 0.004782939454723432 0.0031609110333028923 0.00421006800475847 0.0007849099529902837 2.5001099956213798e-05 1.5563033566340147e-05 0.000298815496033649 3.1994355896493366e-05 0.00027934103287180403 0.0006412831930995727 0.0 0.00015587846017390075 0.0001623522319527211 2.980520757223614e-05 0.0 3.746287532478766e-05 0.0 1.9568370820138352e-05 5.713926910829397e-06 5.281081571714197e-05 0.0 1.797387868381804e-05 0.0012732335766450836 0.0 0.0 0.0 0.0030557495328989897 0.00013956133246028008 9.405168835955371e-05 0.0005032393337218004 0.0004359674883616871 6.243258905664824e-05 0.0029726927828481815 0.00024822731511394173 0.0016751887087221287 0.0025781517310361278 0.0003726675213662346 0.00015267496173096366 0.008942234080971025 0.005519467729341346 0.0030298600442405163 0.0010881523614400192 0.0 2.6652602235233208e-05 0.0 0.00015324792417460893 0.0 0.0 5.011198770269048e-05 0.0 0.0 0.0 0.0 0.0 0.0 0.0 0.0 0.0 0.0 0.0 0.0 0.0 0.0002201638543184738 0.0 0.0 0.0 0.0002720934581489476 1.0979624201281576e-05 7.903856084097895e-05 0.0 0.0 2.747757247056356e-05 0.0 0.0 0.0 0.0 0.0 2.499094847772256e-05 0.0 0.0 0.0 0.0 0.0 1.8909896748369698e-05 0.0 0.0 0.0 0.0 3.144356881448248e-05 5.637315107787033e-05 3.826657716172693e-05 0.0 0.0 0.000518515699046525 0.0 0.0 0.0 0.0 0.0 0.0 0.0 0.0 7.559852759789219e-05 0.0009170735001815072 0.0 0.0 0.0 0.0 0.0004920681212589071 0.00012898889062076688 0.0003583206239998649 8.134867787037231e-06 3.0387865254346957e-05 0.0 0.0 0.0 8.357942678908573e-06 0.0 0.0 0.0 0.0 0.0 0.0 0.0 0.0006602490529004737 0.00011154338643457925 0.00015387760381844584
0.0048476584539819245 0.0661888347211499 0.3634681330349222 3.184053128933976e-05 0.09475271535042439 8.461593958074151e-05 0.002767467002633177 0.0 0.025243485346746638 0.000246046708463587 0.21512172847730354 0.0018868217859373652 0.015581741306829405 0.03554229045071045 0.005578885255360868 0.0018476028449605172 0.00026559712979705674 9.374385322881521e-06 8.895963922261814e-05 0.00015015173371671654 6.688033349160859e-05 0.00012143450468674588 1.928455642332669e-05 3.174694195087079e-05 4.5295605740439584e-05 4.500281770365518e-05 0.0001731354848198125 3.43709030183297e-05 5.097231074736138e-05 0.0 0.09791797267626891 0.05037860235752925 0.0100739651137706 1.7930932539878637e-05 0.0001194857176207012 0.00011851235738582645 0.002418233173855954 0.0006994879095543786 0.0006858018866229597 5.196480106582734e-05 0.00019443684338057936 0.0009358537304251701 0.0006557166276686822 0.001329820110686445 0.0004167289553578296 0.0008916394091321093 0.008959049779730154 0.0004546208976702357 0.00013464976183690682 0.0006102833897043941 0.0002591005438102299 0.000613054121588235 2.345612724062344e-05 0.000365028520837079 7.8648842486771e-05 0.0001661252326972951 0.0019749156013060066 0.01327593351909489 0.0008860365024664608 0.004804194709319332 0.003577824344386981 0.004851094243144579 0.0003594128008330557 0.019014421274806157 0.00033356312973667734 0.00022495163769947873 0.00014220308357865513 0.00034787410385575426 0.0012186646866060714 0.0009624266881576401 0.0013930240030214018 3.53474139022813e-05 0.0 0.005325500351430368 0.011124167114314422 0.012460314250237256 0.006844248594467417 0.01562848236758504 0.08006626854880164 0.08176553703012361 0.0216018646715936 0.1492709730762594 0.0011631922074035821 0.0 0.00022096136409005876 0.0003763082257437052 0.0007606925266510678 2.1469415429325706e-05 0.00011707228953369467 2.6467828886604684e-05 0.00013896350190099172 0.00016146022367270077 0.002755290291770119 0.00029341504629314986 0.0006167790604527655 0.0013043457061139086 0.0001353405704723323 0.0 0.00016022189004386377 0.001044978974108584 0.0 0.0 5.006010101962663e-05 2.4298213924607087e-05 0.0 8.15137606277118e-05 9.762246719500125e-06 0.00010899417094433586 5.6804057369292416e-05 7.968595274873854e-05 8.214282845753607e-05 0.0004554524378722717 0.0002312011975722888 0.0005247732467057094 0.000459099056267971 1.4701235327196903e-05 1.1360687787022022e-05 0.0 0.0 0.0 0.0 0.0 0.0 0.0 0.0 0.0 1.286041881484372e-05 4.183165492773652e-05 2.225827925933598e-05 0.0 4.943880913074762e-05 0.0 9.517002534483281e-06 0.0 0.0 1.656058169442557e-05 0.0 5.670326473455367e-05 0.0 0.00027745087789002494 8.397055910119668e-05 0.00046147482441651083 0.0002100864952467376 5.4910140476104566e-05 1.328900970192758e-05 1.3443148215459178e-05 0.0 0.0 0.0 1.2667529138213295e-05 0.0 0.0 0.0 0.0 0.0 1.003724525704925e-05 7.34611732743236e-05 1.2452497200796805e-05 0.0 0.0 8.175585140524772e-06 9.549495430531154e-06 0.0 0.0 4.710049679877672e-05 0.0 0.0004112458715562855 1.0375923206548093e-05 0.0 0.0 0.0 9.49418722311522e-06 0.0 0.0 0.0 2.4150651446270067e-05 0.0006376271359969822 5.9782111451301094e-05 0.0 1.3410045160441068e-05 5.963219660601192e-05 0.00012427495412894624 1.1496993770215556e-05 0.000294471192301291 0.0 0.0 0.0 0.0 0.0 0.0 0.0 0.0 0.0 1.0433505442241881e-05 1.137827206099788e-05 1.596425446533057e-05 0.0 0.0001635428849129509 0.0003683234085154351 0.0005601463623133301
4.1004280467458356e-05 0.01997855299041787 0.029725386115096415 0.00013354152392044247 0.33468612947515824 0.00014167743217747774 0.03487596829469767 0.025243485346746638 0.0 0.002372048150528554 0.05049373581783543 0.0007834520741233651 0.05453763992534739 0.09511165889983994 0.0008899463939758816 0.00010628434131127277 3.178775750354161e-05 0.0 0.0 0.0 0.0 0.0 1.085438272831142e-05 0.0 0.0 9.147843117151287e-06 0.0 0.0 0.0 1.6813528446840638e-05 0.0018524232481241557 0.00012773565609338917 0.00036059721980019 0.0 1.2689431969530021e-05 0.0 0.00013377688639888165 0.0 0.0 0.0 1.3392126567897434e-05 5.05420223384408e-05 5.9167097689982024e-05 3.553477353052326e-05 1.5418716626178443e-05 2.142124376480215e-05 0.0027024941568308766 0.00013912076182451754 2.243744808266737e-05 1.6368770553768744e-05 3.705458849804789e-05 1.293660041719441e-05 0.0 9.916049811102338e-06 0.00010714940991422751 6.580567142061217e-05 0.0011319239594388165 0.001256700997716635 0.00045275021095238113 0.0015027536163366851 8.231735102512846e-05 6.336458481645126e-05 1.3008723855544152e-05 0.0011619014690634056 0.0001262872793766546 0.00011075159704126048 4.3757353048733905e-05 4.8378207196745265e-05 2.6459752831301532e-05 4.248445716914985e-05 0.00041672885715864625 0.0 0.0 0.0014862878542289235 0.002683982836223718 0.003721904514180827 0.001568227753522541 1.9293770596130373e-05 9.389132743822348e-05 0.0009198852291210033 0.0001764976968651964 0.0017276077681761697 0.0005380536987349912 0.0 0.00014559266506045161 0.00019929187665170342 0.00010757376554777206 0.0 7.024600236891607e-06 0.0 3.6975279417214136e-05 3.669754619791505e-05 7.331607515414213e-05 2.3984244654998777e-05 5.478839665943757e-05 0.0010300190904078536 2.648965393092792e-05 0.0 0.0 8.333416715700636e-05 3.53710302541781e-05 0.00011568551404731771 0.00028657651695814 0.00016298519244230494 0.00015467601172638115 0.0006703140493570526 0.00010467011003575255 0.0011370051537042346 0.0006134741873518405 0.0005719077325588769 0.00015723488990592263 0.0017867371882738993 0.001746628727097462 0.0020417577077312806 0.0011838965209985267 0.0 0.0 0.0 0.0 0.0 0.0 0.0 0.0 0.0 0.0 0.0 0.0 0.0 0.0 0.0 0.0 0.0 0.0 0.0 1.0036956176307474e-05 4.96484522500617e-05 0.0 0.0 0.0 0.00033190815407531024 0.0 0.0002517953454756193 0.0 0.00010362086831288503 0.0 0.0 0.0 0.0 0.0 4.224424265803141e-05 0.0 0.0 0.0 0.0 9.619505931398068e-06 0.0 7.120948862074444e-05 0.0 0.0 0.0 0.0 0.0 2.006043368718927e-05 0.0 0.0 0.0 0.000674570382068259 0.0 0.0 0.0 0.0 0.0 0.0 0.0 0.0 0.0 0.0014158657393483353 0.0 0.0 7.14337545914736e-06 0.0 0.0006954969336552939 0.00012629184012186883 0.0006825727653650383 0.0 0.0 8.192298862190472e-06 0.0 0.0 0.0 0.0 0.0 0.0 0.0 1.0094508621237802e-05 0.0 0.0 0.0010493974987697123 0.00020469974374062456 0.0004502848437726344
0.12346792689196669 0.07437320173684797 0.0008954801231786786 0.1655722128108028 0.030593156721540362 0.020008393792987324 0.09396031981381994 0.000246046708463587 0.002372048150528554 0.0 0.000799271199022709 0.27209782524426906 0.2331794059036495 0.02229937576318024 0.00016444426514648517 3.069467756887311e-05 1.3498796258250936e-05 0.0 0.0 0.0 0.0 0.0 0.0 0.0 0.0 0.0 0.0 0.0 0.0 0.0 0.004786437584368723 7.492293652578943e-05 0.0009385358563032531 0.0 0.0 1.7674907408572144e-05 0.0001377658939008544 3.925779364921434e-05 7.749956227682502e-06 0.0 2.5244379605884345e-05 0.0 0.0 1.3623887674042161e-05 0.0 0.0 0.00068611316369024 3.5190045297636925e-05 0.0 0.0 2.873729586756866e-05 0.0 0.0 0.0 8.664167453377489e-06 5.692588835152659e-05 0.0046334866956214155 0.014279675205934612 0.0005185927385125273 0.00120192948414487 0.0 0.00019154578660310177 0.0 0.0006400377587870956 7.708288824680814e-05 2.0365754808499743e-05 4.712726986823923e-05 1.4902177336855872e-05 0.0 0.0 0.0028652273100356904 0.00011028547144725266 2.952388401425866e-05 0.0026615480461391694 0.0010488418607583836 0.0015236381370182363 0.0002782853111062019 0.0 4.9666726676724506e-05 0.0002450857240842089 0.0 0.00026915119822092337 0.0003147582845988603 0.0 4.175388062290204e-05 6.131494277573688e-05 0.0 2.415056317734128e-05 7.660954115106396e-06 1.098965486167654e-05 2.0729327354320355e-05 0.0 0.0 0.0 9.580201984132715e-06 0.011942800212650895 0.0033662006849147653 1.9547939873209135e-05 0.0005834756305528634 0.0587370458759948 6.911866305626236e-05 8.341130592555358e-05 0.0029416453958802167 0.0014934552404917431 0.00015570553306719625 0.006405978907350929 0.0003309229580804468 0.008333269654700153 0.0032904528200813866 0.0021654661441517452 0.0004826308404624997 0.008722505811748884 0.008763468152338187 0.007306855936824297 0.002047774242597222 0.0 0.0 0.0 0.0 0.0 0.0 0.0 0.0 0.0 0.0 0.0 0.0 6.178579296415802e-05 2.3912383816712178e-05 0.0 0.0 0.0 0.0 0.0 4.16433348232132e-05 0.00020386382264131668 0.0 0.0 0.0 0.0002872127262959839 0.0 0.0001541913601392634 2.1031992132555157e-05 0.0 0.0 0.0 0.0 0.0 0.0 0.0 0.0 0.0 0.0 0.0 0.0 0.0 0.0 0.0 0.0 9.431073835671352e-06 1.3346996871332183e-05 3.4121045126741354e-05 2.6471450671088953e-05 7.696207732238229e-05 0.0 1.0811497269260557e-05 0.0006031671569408485 0.0 0.0 0.0 0.0 0.0 0.0 0.0 0.0 0.0 0.0029361200229865727 0.0 0.0 0.0 8.408087705671308e-06 0.0012563550077897476 0.00024201586038600796 0.0006614976323452196 0.0 5.521454415223646e-05 0.0 0.0 0.0 0.0 0.0 0.0 0.0 9.082503697659593e-06 0.0 0.0 0.0 0.002593711656984494 0.00031631978456800433 0.0002677474519296256
0.01426027324742256 0.12321102745195543 0.228841087629426 4.7173185158270684e-05 0.2241184552496091 9.024394717133264e-05 0.007587272449909729 0.21512172847730354 0.05049373581783543 0.000799271199022709 0.0 0.009903531720708878 0.12751040496473115 0.2198783104210959 0.0025539780259523815 0.0007986385127184846 6.008429626723562e-05 8.672551898250588e-06 0.0 1.1193240525752657e-05 0.0 7.645540815434044e-05 3.9160089875302314e-05 1.27221940858107e-05 5.8233929608468555e-05 0.0 0.0 1.4086664013883375e-05 0.0 4.057865100293528e-05 0.022858799418674004 0.0016040362385192958 0.022706828661491766 3.061920708307995e-05 7.120476071624632e-05 0.00011570784387957742 0.003062817393737879 0.0004575987525954738 0.00027469053084565575 0.00013740441167360361 0.0 0.0001690531412008602 7.883461879110288e-06 6.816680844252482e-05 7.530686057650341e-05 5.4541470951327346e-05 0.0042447045740818526 0.0001729020543275521 7.338714046870805e-06 4.512519374652461e-05 0.00010062061349192497 0.00017240061233513682 0.0 0.00010894745902722209 6.265145296893567e-05 0.00015555378167650746 0.0017429691618566325 0.008028096112970126 0.0008555277904284359 0.0029896275227397112 0.00015759688409296035 0.006720362509104239 4.2420374478531745e-05 0.0021998514515558904 0.00018652310801729939 0.0001273566739993257 0.00012624024307122752 0.00010542264568475922 8.184488606699137e-05 8.16012218957998e-05 0.002907553798923161 3.835618557150764e-05 1.039124558922379e-05 0.004131418059461769 0.0043122075190828255 0.006715559078400564 0.0023187348997935476 0.0003774155914528169 0.002716782221301168 0.055668660391615186 0.0005222104102163927 0.019539667156387695 0.0006935015488700622 1.101070369110726e-05 0.00020062620770572282 0.0002021395371137048 5.094379988336338e-05 0.0 5.9302634078452696e-05 2.1111621739936565e-05 5.29081939993791e-05 9.419928780050465e-06 0.00020083765702799217 5.953828232754886e-05 6.528505465846047e-05 0.0015816566391341506 0.0 9.312032151586828e-06 3.714952007591522e-05 0.002593725493139081 4.4722008863868694e-05 0.0 8.774220657275618e-05 0.00012274396597007972 1.1090384053122721e-05 0.00021393159901747153 1.7957848494669624e-05 0.0003996752951519912 0.000194739819858469 0.00020630883059263887 7.6346054536871e-05 0.0008250830220574657 0.0007467672965776802 0.000994863103124708 0.0007890474371056874 0.0 1.4088725093370537e-05 0.0 0.0 0.0 0.0 0.0 0.0 0.0 0.0 0.0 0.0 0.0 0.0 0.0 0.0 1.1941606571235747e-05 0.0 0.0 1.7490529063399942e-05 6.16061381100375e-05 0.0 9.954685121232136e-06 0.0 0.00046473469746585977 0.00013029000993864954 0.0004283500646204924 0.00011680480433702773 3.575671913178695e-05 0.0 0.0 0.0 0.0 1.0574456577812793e-05 7.993962551309284e-05 0.0 0.0 0.0 0.0 0.0 0.0 8.913245157971527e-05 5.4358716202764e-05 7.057426899826456e-06 0.0 7.056155275571127e-06 2.432709551810598e-05 2.709032564636163e-05 0.0 1.1654302241652191e-05 3.609761373475993e-05 0.0006738246811927444 3.237609418785822e-05 0.0 0.0 0.0 0.0 1.7518107586837633e-05 0.0 0.0 3.2362197348382413e-05 0.001539400945789333 2.8794712599020975e-05 0.0 0.0 0.0 0.0003810413199031573 0.0002373489199269156 0.0004906735190769508 1.115235546130042e-05 0.0 0.0 0.0 0.0 0.0 0.0 0.0 0.0 0.0 0.0 0.0 0.0 0.0005652746618442758 0.00025008663941393825 0.0006921292351443052
0.02200444462742003 0.013086355437795998 0.0009389938567423662 0.06395301431002968 0.0012620710128821695 0.007683954999208574 0.011192162183970693 0.0018868217859373652 0.0007834520741233651 0.27209782524426906 0.009903531720708878 0.0 0.08737488586506754 0.039214517807585586 0.0015035970496735133 0.0004853875828244895 3.605528436996043e-05 0.0 7.374785144619357e-06 0.0 0.0 0.00013248354578034832 0.0 0.0 6.86367991122519e-06 0.0001772526681849567 0.0 5.735758023641488e-05 0.0 9.4991236629576e-06 0.0010102918642033011 0.00011375910370640118 0.005825343967876459 0.0 4.9780626144026426e-05 6.968849029789328e-05 0.006473558691006092 0.0010695219969420534 0.0012704341209484546 0.00026263313750708446 0.0 2.7062490039668846e-05 0.0 1.9544201684075027e-05 0.0 0.0 0.0018386509108690421 7.000464477516985e-05 0.0 0.0 2.6956838752081208e-05 1.518460039467754e-05 0.0 0.00014742581982978616 4.43290868992266e-05 2.1334698838531124e-05 0.000710928215915166 0.0017565653948752864 0.00027962657844298155 0.0006213424647684763 1.4203382018417594e-05 0.0015525170366597679 3.7483413849473835e-05 0.0004112801623800766 6.054440192030024e-05 1.3510356177837127e-05 2.1315048519940868e-05 6.67025455253319e-06 6.362176130559762e-05 1.8783151393525344e-05 0.00909254266416075 6.570377211417876e-05 7.893966984997475e-06 0.0005219994667854214 0.0005146145434026502 0.0016529427986981201 0.000492141536733702 7.601261700333807e-05 0.00012279007490007367 0.0040731871061712435 3.361151163196038e-05 0.0014371836080605506 0.00018326024982311505 0.0 3.479152156610173e-05 4.0858724452208815e-05 3.780997688849674e-05 8.639248583100293e-06 1.7449293681636578e-05 1.2946898091098953e-05 7.556626309769758e-06 0.0 1.9799883669920872e-05 2.91146549167041e-05 1.2602958210082839e-05 0.06124863387377468 0.00042807202466666584 0.0 0.0006426040879675884 0.011042381800947468 0.00016400505550726832 0.00019749388325847014 0.0038491466316610125 0.001589911251446618 0.00024554669146269084 0.007956829581105837 0.0004796087528736851 0.014303167526746124 0.0030134698337156264 0.0029952689223818425 0.0012858459228074237 0.0161117894815488 0.012378979105097028 0.012904392873077751 0.006192669909912568 7.536288045215768e-06 0.0 0.0 0.0 0.0 0.0 0.0 0.0 0.0 0.0 0.0 0.0 3.197654377834508e-05 2.2954937366336014e-05 0.0 0.0 0.0 0.0 0.0 0.00020550738457851092 0.000707017420200906 0.0 0.00011790539375081272 0.0 0.0015496422925320107 0.00023075908664371892 0.0008639983565369444 0.00018970183764713822 9.641385923129476e-05 0.0 9.242396793667255e-06 0.0 0.0 0.0 0.0 0.0 2.239390115833142e-05 3.7461119324785613e-05 0.0 1.4574843048067696e-05 0.0 1.9694178869295164e-05 2.0413448717446235e-05 0.0 0.0 5.9395967988708994e-05 0.00012487818398827238 0.00020110342098054781 4.0617247695408734e-05 2.0743489552263326e-05 9.105552921688928e-05 0.003201171186288491 7.350577390899694e-06 9.722918498279358e-06 1.173315397909867e-05 0.0 0.0 1.9877126706140222e-05 0.0 0.0 0.0 0.008113062227528344 4.867007502994708e-05 0.0 0.0 2.516103939340908e-05 0.005017916025267756 0.000463449934932162 0.0030650960285504595 5.0954741920448065e-05 7.980058319310695e-05 2.2972384271791446e-05 0.0 0.0 0.0 0.0 0.0 1.3403205421821731e-05 0.0 0.0 0.0 0.0 0.005939202200348291 0.0009716278931523276 0.0013784118144929264
0.0189121193610999 0.16974954571177953 0.00861826546878369 0.08627843371693239 0.12133896292122093 0.004878061244408768 0.4651115995401307 0.015581741306829405 0.05453763992534739 0.2331794059036495 0.12751040496473115 0.08737488586506754 0.0 0.35873669964598665 0.0048575333930911254 0.0017458005642853136 0.00013610863428095493 0.0 0.0 3.248147735857466e-05 0.0 7.817603327981161e-05 0.0 0.0 0.0002449538282373699 6.341944892081924e-05 4.413163261561631e-05 0.0001587353342570251 9.209317350587593e-05 4.942233318350884e-05 0.0028459126605278173 0.00019644186327106905 0.07948893725328328 1.9766045776070607e-05 0.00012288428156936334 0.0009525245980776258 0.03605245088990183 0.012020911953601388 0.009873163642589963 0.0020468799128443745 6.750082102987403e-05 0.00012581263583101883 1.6814081231007162e-05 8.439996482082941e-05 7.812214509878755e-05 1.5569591396068174e-05 0.007451803364290533 0.00024134247658880566 1.8624478615458145e-05 1.9590636657424717e-05 0.00014417434612069204 0.00037423108848335464 0.0003496039955637056 0.00015861238225939534 6.577199130747212e-05 0.00020878649087576165 0.001714650710883048 0.0036173472565222088 0.0011180890544085751 0.0029756904414592732 0.00014408329947905287 0.013440505403458614 0.0002938278028377711 0.0018210993454964288 0.000274923000309954 0.00011088366390914907 0.00011268237283238633 4.581534422674987e-05 8.909984283069836e-05 9.033626874731194e-05 0.029563612633822345 0.00018138244035438827 9.225074568073735e-06 0.002878917958810659 0.003296292105421517 0.007586570426155224 0.0026347548673596316 0.00029396662614047746 0.0005826155397658113 0.04172500608815904 0.00016529944376765022 0.006663703708187519 0.0012354150365671336 0.0 0.00014017687252508711 0.00026552854373602805 2.8323461338654663e-05 1.8579843224894094e-05 3.555778799866189e-05 7.843541704385844e-06 4.486322370286435e-05 5.467393668443786e-05 0.00020902015914244892 7.992618215523868e-05 8.742028482434503e-05 0.12020593898142395 0.000781969201909261 0.0 0.002907725446130399 0.007169186387907533 0.0006255117152163075 0.0003418850101447302 0.004834907459951374 0.002250314441205581 0.0006294186541300603 0.011464004520879008 0.0010376257585800758 0.018193990110806257 0.004941069604516039 0.005227940164033114 0.0029379816875165425 0.02494466301704286 0.02057551439590695 0.022822588528319566 0.013918225721491267 0.0 0.0 0.0 8.230693639489333e-05 1.0856414017035113e-05 0.0 0.0 0.0 0.0 0.0 0.0 0.0 0.0 0.0 0.0 2.7193940128417513e-05 0.0 1.2076716510444222e-05 0.0 0.0003663016633179829 0.0008214772754858795 1.2056614365274735e-05 1.5054521784409886e-05 1.5226219194600314e-05 0.004488380841426751 0.0006361834402918773 0.002938043035525411 0.0009453791670557988 0.00015558879740887625 4.186785346375101e-05 7.716287148158553e-06 0.0 1.059411958506157e-05 0.00010826671029127416 0.00016943680761663827 0.0 2.1620015462174577e-05 4.1765461506358815e-05 1.2816708041308703e-05 2.8590427403684228e-05 0.0 0.00020529053485284228 0.0 9.125525973550072e-06 3.375146588031681e-05 1.0511976519932967e-05 0.00036187631546865957 0.0005544587687823617 4.471370606775472e-05 0.00013034901771754323 0.0002468091749187629 0.0071297864647325475 5.789938650660256e-05 7.724476298026706e-06 3.1383678897981724e-05 1.1614752244747844e-05 0.0 7.999810257505224e-06 0.0 0.0 4.411260348961238e-05 0.017826282738316674 0.00016491534207571716 0.0 0.0 0.0 0.009025618095247163 0.0009672582843731295 0.006688774668587421 0.00012327400985382578 0.0002627130308178906 7.740621236782542e-05 2.9252692625944256e-05 0.0 0.0 0.0 6.952487832157968e-06 1.1611915502048977e-05 1.867497947634005e-05 0.0 1.1150266797773007e-05 0.0 0.011431059114167712 0.0030511880351921407 0.0049660810738646624
