0.0 0.13981867606768122 0.037857781289307314 0.1069240912199597 0.02316296636455191 0.004729099255038767 0.022985033248656937 0.004887431086887316 0.0019451324180661143 0.07463558025582857 0.022903768069851938 0.00271081504199744 0.007408912916558706 0.00770529203438274 0.0001867335470098672 2.1077500165662666e-05 5.760066083003482e-06 0.0 9.225671479469181e-06 0.0 0.0 0.0 0.0 0.0 0.0 0.0 0.0 0.0 0.0 0.0 0.05095698547143472 3.0639007473850744e-05 0.0006679422757767055 0.0 0.0 0.0 0.0001896618321410106 0.00010849133824155015 2.227432796599473e-05 1.993833044254562e-05 0.0 0.0 6.851704054104106e-06 0.0 0.0 2.7796819538930777e-05 0.000769956630860571 0.00011809956428911329 2.3159785615300295e-05 2.840012020322794e-05 6.272769020606965e-06 1.991260470057157e-05 0.0 0.0 0.0003050331376837677 0.0003709709393246817 0.009532714875158816 0.06550418552005541 0.00352582350779001 0.0010737281740718046 6.43229958272649e-06 0.0004598204566252533 0.0 0.00058244438676684 0.0004097689736003102 0.00027875793659696706 3.2099107091844336e-05 7.850964516951534e-05 1.1355626640522228e-05 9.103343617569715e-06 0.0012320843210011454 0.0009285435649081732 2.241314092294868e-05 0.017633516434415075 0.004812445906807315 0.004478599235678109 9.477148979610777e-05 6.2058724027227374e-06 1.631596262350432e-05 0.000701638662572901 1.0336991307117748e-05 0.00016516358655230897 0.0007717555903562466 0.0 0.00026413521549762786 0.0005502782303539599 6.48110619543337e-05 3.999112190187257e-05 0.00015905617924796066 0.00012391095337479252 1.3761397393293334e-05 2.1095291662506847e-05 9.66371258065046e-06 0.0 6.085988317810772e-06 0.0026746386154277444 0.0009836813861317617 0.0 0.0002709262232083635 0.0766940632954923 0.0 9.724698322819208e-05 3.947363303687425e-05 0.0 1.2109596871647858e-05 0.0004020794847676915 5.346238436033251e-05 0.00012044140086514035 0.0008974618567807683 0.0002129739428359273 0.0 0.00030102353152238045 0.0004090161907678285 0.00010503521834360914 5.6511789945352933e-05 0.0 0.0 0.0 0.0 0.0 2.1308340993309005e-05 0.0 0.0 5.0247635488744156e-05 0.0 0.0 0.0 5.4680363653405604e-05 0.0 0.0 0.0 7.996300004727338e-06 8.118822589473175e-05 0.0 0.0 0.0 0.0 0.0 1.5092780365463862e-05 0.00013179064346080237 0.0 0.00021112726887101573 0.00012316569248893157 0.00013327125216517526 0.0 0.0 0.0 0.0 3.414292503791696e-05 0.00012452155535598448 0.0 0.0 2.1018696814810962e-05 0.0 0.0 0.0 8.233233161558226e-06 0.0 0.0 0.0 5.84327034434883e-06 0.0 0.0 0.0 0.0 0.0 0.00012980497382171746 0.0 0.0 1.5933348027274956e-05 0.0 0.0 0.0 0.0 0.0 0.0 0.00019252208538532236 0.0 0.0 0.0 0.0 0.00011935905040502996 2.9624059658275078e-05 7.307041051418371e-05 0.0 9.276075525110134e-05 2.6002949797265044e-05 0.0 0.0 5.794144160805121e-06 9.81433159747015e-06 0.0 0.0 1.512853870449522e-05 0.0 0.0 0.0 0.00010201778563914926 5.228503253057509e-05 0.00034115547679718165
0.13981867606768122 0.0 0.1414585665849522 0.09039674620379624 0.19462207713345034 0.00500523959475706 0.2401462997987259 0.023282703196761706 0.06985685949034746 0.10337921408849818 0.08244232301427686 0.00027352194193791914 0.08769675159654002 0.07338142444193109 0.00047522123661459495 9.961874540942366e-05 1.4137483139949738e-05 1.1434558372999528e-05 7.791789939472774e-06 0.0 0.0 0.0 0.0 7.703660211645816e-06 0.0 0.0 7.862587333035397e-06 0.0 0.0 0.0 0.12338485460534843 0.00040289167439175474 0.0005768885674677953 6.697148981912386e-06 0.0 0.0 1.8062777678861606e-05 3.95521924895993e-05 1.1312839217455912e-05 0.0 1.2314272804118775e-05 0.0 0.0 5.3502556347006466e-05 0.0 4.096854476092214e-05 0.0022338152112219606 0.00015542992013136764 1.60086828106892e-05 1.9841581411657156e-05 7.561745274464889e-06 0.0 5.570387179703253e-06 0.0 0.0005979817391893085 0.000747012283063988 0.004632377114648727 0.04946400800819354 0.004251421321696919 0.0023970089724035656 4.446670962867538e-05 0.0001271948862521629 0.0 0.002444156053070268 0.0007180463571389212 0.0005709487897847876 9.118244233129884e-05 5.38479040023796e-05 8.037665234890061e-05 0.0 0.00019662843478540962 2.1465166076833016e-05 0.0 0.028377032969249472 0.012778162559093918 0.012362477751138202 0.0009546974149066822 5.62513557734974e-05 2.1522352880528575e-05 0.001481793439136755 4.309275143816294e-05 0.00011374879506526812 0.001435595228472573 7.5757513128382305e-06 0.0006641599161267145 0.0010311998203271114 0.00017318274621882444 2.5882180560636637e-05 0.00018223451829617516 2.3076905716511363e-05 2.241564946713495e-05 2.8381102342107975e-05 1.2871133807214441e-05 0.0 1.3524056150453976e-05 0.00020873417300638637 2.3194778858886096e-05 0.0 0.0 0.05263647763016177 0.0 2.774640696297585e-05 4.591406853820319e-05 6.0116934955148964e-05 7.127770078990724e-05 0.0004887719489431224 1.0059507565109569e-05 4.7599794434498745e-05 0.000780408492323603 0.0002980335553711331 0.00011015918154567323 0.00015595098909542608 0.0004150003029147967 0.00014380168045280932 0.0001681881699767625 0.0 0.0 0.0 0.0 0.0 0.0 0.0 0.0 0.0 0.0 0.0 0.0 0.0 0.0 0.0 0.0 2.3882699184774757e-05 1.5629012752471932e-05 0.0 1.0050990941753411e-05 0.0 0.0 0.0 0.0 0.0001382651070164867 0.0 0.00011334650598436706 5.28602500321757e-05 2.07826440706332e-05 0.0 0.0 0.0 0.0 0.0 0.0 0.0 0.0 0.0 0.0 0.0 0.0 5.039624830208994e-05 0.0 0.0 0.0 1.710890796453325e-05 0.0 0.0 0.0 3.944573048514662e-05 0.0 6.074965941050081e-05 0.0 0.0 6.5021228354946985e-06 6.986228158749669e-06 0.0 0.0 6.768644597471442e-06 0.0 0.0 0.00031126893411200716 2.0629096839241756e-05 0.0 2.0182099961502943e-05 0.0 3.6698120036987464e-05 0.0 5.304635146922876e-05 0.0 0.0 0.0 0.0 4.5182995354809664e-05 0.0 1.958438454661464e-05 0.0 0.0 2.042803259958646e-05 0.0 0.0 0.0 9.699437956863587e-05 9.869857622751875e-06 5.453438575926807e-05
0.037857781289307314 0.1414585665849522 0.0 0.0015779901522041658 0.06264546356346463 3.088202980049062e-05 0.013334401436386081 0.29507264570610175 0.04826479051148494 0.0023663427247937272 0.21920927983146027 4.747696791782505e-05 0.00897824225098008 0.06420825679754616 0.00029156321111460263 0.00031545602609332415 8.043932540823782e-05 9.362543105460516e-05 1.550620571861412e-05 0.00020112952130570952 0.00040780335388502484 0.0 1.5804243304821897e-05 3.511089030625922e-05 0.0 4.224533740953617e-05 0.0 0.0 0.0 0.0 0.4592013672554603 0.054760012466191985 0.0013824258488131977 5.58299998611554e-05 0.0 1.036422617747926e-05 3.9903785177308534e-05 2.4204675886083365e-05 6.787512388252806e-06 1.710970833967244e-05 3.355478463719387e-05 3.14532733342126e-05 0.00026420195098735905 0.00010022946060157278 3.800852001644626e-05 0.0004323700836778243 0.0005512745304819174 0.00011829333721656298 6.411640110071027e-05 0.00035922084358430597 2.3205320641969457e-05 0.0 1.586463476844979e-05 0.0 0.00022570288947310093 0.0002448367475929254 0.0032749216853657235 0.07170582179412889 0.0029414647476957026 0.0005292479491621342 0.0007081306396003813 0.00027924627653658343 1.804123495011503e-05 0.05672865646212833 0.00020666393636196924 0.0003889877823158672 8.695251290346935e-05 0.0005694112022689428 0.0018855620661388363 0.0002066611629567994 0.0001167578201448283 0.0 0.0 0.014507665844825613 0.008411973634285797 0.003165016328578256 0.0004586756216152135 0.00015954403369686766 0.0015938891651910946 0.03266550623919257 0.001079872669812291 0.0043142796868350895 0.0006450465839432722 0.0 0.00021439127240742005 0.00026701606102520834 0.0004916519530236815 1.6110498953396405e-05 7.285114300573769e-05 0.0 5.686820436671323e-05 3.9902179687966816e-05 0.0003113778951825195 5.437763913357021e-05 7.565497875430015e-05 6.61657816540003e-05 7.2184138272549e-06 0.0 0.0 0.014239659647350867 0.0 0.0 0.0 9.309365444024698e-06 0.0 0.0 0.0 0.0 1.04619709382284e-05 1.1355496052999513e-05 0.0 7.22411860637204e-06 2.010207455852294e-05 3.611633208736916e-05 0.0 0.0 0.0 0.0 0.0 0.0 0.0 0.0 0.0 0.0 0.0 0.0 0.0 0.0 0.0 0.0 0.0 0.0 0.0 0.0 0.0 0.0 0.0 0.0 0.0 2.4514219391479667e-05 0.0 0.0 0.0 0.0 0.0 0.0 0.0 0.0 0.0 0.0 0.0 0.0 0.0 0.0 0.0 1.08013194659957e-05 0.0 0.0 0.0 0.0 0.0 0.0 0.0 0.0 0.0 0.0 0.0 0.0 0.0 6.766418817396849e-06 0.0 0.0 7.805511634046659e-06 8.313702456802926e-06 0.0 8.78379068387013e-06 1.514876502676285e-05 0.0 0.0 0.0 0.0 1.4868282510795645e-05 0.0 0.0 0.0 0.0 0.0 0.0 0.0 0.0 0.0 1.4586197138299675e-05 0.0 5.367930181993239e-06 0.0 1.1098247058260434e-05 0.0 0.0 0.0 0.0
0.1069240912199597 0.09039674620379624 0.0015779901522041658 0.0 0.008175196265736696 0.032423545078873184 0.15714451691588577 6.603411415141404e-05 0.0026232365146257233 0.24736948573058104 0.0016621032410997583 0.0001472004845392198 0.05642966457179209 0.010960576327725438 9.732763892659419e-06 5.0784141688299846e-05 0.0 0.0 0.0 0.0 0.0 0.0 0.0 0.0 0.0 0.0 0.0 0.0 0.0 0.0 0.00270334867353175 3.6408197833441064e-05 9.54489373186126e-06 0.0 0.0 0.0 7.101170453739694e-06 5.1333546565098795e-05 7.98699090467086e-06 0.0 0.0 0.0 0.0 0.0 0.0 0.0 0.000297284625397134 3.5265177884654417e-05 0.0 1.278630931277481e-05 0.0 0.0 0.0 0.0 0.00011940060251225648 0.00010922481623629941 0.001125506701833042 0.005685269375998447 0.0007247681955876277 0.00047778883479551005 7.233802618993719e-06 3.80424417051582e-05 0.0 0.00019963571273029095 0.00011296566274469575 8.874033665345858e-05 2.504527092914922e-05 2.972086661104862e-05 6.413501298207214e-06 0.0 8.617293066788945e-05 0.0001589842091995066 0.0 0.005255749615647583 0.0019129471237358435 0.0017079523002204054 0.00010176011644746208 1.587870136152116e-05 0.0 3.464233542945868e-05 0.0 2.7365773295216004e-05 0.00023010006571126698 0.0 5.004580562708071e-05 0.00020019673410442266 2.6363970588176448e-05 0.0 8.188759158511094e-06 1.9467365488763442e-05 0.0 7.269357178302138e-06 0.0 0.0 0.0 0.00021647160641609332 0.0 0.0 1.0494735768926647e-05 0.02388801894079837 1.0242739762601126e-05 0.00012901515836873288 0.0037343042356898183 0.0028631305381746673 0.0 0.006691297554586932 0.0016555177702513304 0.0003428564382555018 0.01464467851034382 0.0013449032765625148 0.0 0.0013690993220877223 0.0030522385844381165 0.00036099915076857767 6.716989544425429e-05 0.0 1.5857419807820015e-05 0.0 0.0 0.0 0.0 0.0 0.0 0.0 0.0 0.0 0.0 7.503122008019511e-06 0.0 0.0 0.0 0.0 0.0 0.0 2.5297494937076896e-05 0.0 0.0 0.0 0.0 8.163920674503845e-06 0.0 7.628382191678951e-05 1.2238457269058425e-05 3.1810341219749046e-05 0.0 0.0 0.0 0.0 0.0 0.0 0.0 7.4283701293941476e-06 2.566165509415927e-05 0.0 0.0 0.0 0.0 0.0 0.0 0.0 0.0 0.0 9.433382518717946e-06 0.0 0.0 0.0 1.5236539324840487e-05 0.0 0.0 0.0 0.0 0.0 0.0 0.0 0.0 0.0 5.291436750252496e-05 0.0 0.0 0.0 0.0 3.9123623722877896e-05 8.589060465628908e-06 1.2558484109090427e-05 6.266622455475494e-06 1.8253262749489537e-05 2.2190062681027346e-05 0.0 0.0 0.0 5.7284228306252925e-06 0.0 0.0 1.2163622720106187e-05 0.0 0.0 0.0 7.384745998369816e-06 8.389686491892578e-06 1.2718912986991182e-05
0.02316296636455191 0.19462207713345034 0.06264546356346463 0.008175196265736696 0.0 0.00038656216067995623 0.12351056622902072 0.0059997536366212054 0.3534439010675628 0.06364694855422082 0.10514248444336571 0.00025694451729238053 0.024870740630274165 0.11275523018248937 0.0005772342721326055 0.00018945207172015545 3.446925219935717e-05 6.28315915366395e-06 9.385371594743199e-06 0.0 0.0 0.0 0.0 0.0 0.0 0.0 0.0 0.0 0.0 9.180243871568707e-06 0.01606959480987324 0.0005193503095704883 0.00023988907544027078 0.0 0.0 1.309048082661186e-05 6.629539819529237e-05 3.974182084289074e-05 7.559345202172483e-06 7.374025710567911e-06 0.0 1.1293147882781326e-05 0.0 2.465683834284554e-05 0.0 4.739898715738814e-05 0.0028238883278171025 0.00016524747955752416 1.740699715387499e-05 1.9307232012476563e-05 7.795582243257303e-06 0.0 0.0 0.0 0.0002332013787834398 0.0003387000038013916 0.001697261245593899 0.015915852067897796 0.001492390824596971 0.0014774455765384153 4.0871214931495164e-05 0.00011031316635057826 0.0 0.002336855892612443 0.00035918278943237536 0.00031965786340689307 4.8346307486202476e-05 5.8267033161550996e-05 6.085293255189891e-06 6.011402306401755e-06 0.00020255439862538997 2.9224462891904796e-05 0.0 0.012982937894471188 0.007794281958545226 0.009391890929330127 0.0011521729567347274 5.568287142775528e-05 7.872023913895295e-05 0.00038212188476710715 4.5079280953959824e-05 0.00012710966578265438 0.0007991407274642052 1.7554176137283908e-05 0.0003565340353185962 0.000506601542590805 0.00022879622406888622 0.0 8.893849690042132e-05 0.0 1.4659955919877326e-05 2.69071183216997e-05 0.0 0.0 1.5191937367083604e-05 0.0005409115296155888 0.00021774467416093456 0.0 0.0 0.005525830642708955 0.0 0.0 2.6796379575878228e-05 0.0 0.0 0.00019204467003979342 4.209249471889226e-05 0.0001795698672577563 0.0003002183088479663 0.00039185357499864235 7.432812895948053e-05 0.0006217991625158559 0.0009141658112576872 0.0005954118283454913 0.00026848253520993557 2.6560882881797167e-05 8.28506850963559e-06 0.0 0.0 0.0 0.0 0.0 0.0 0.0 0.0 0.0 0.0 0.0 0.0 0.0 0.0 1.599587101627355e-05 0.0 0.0 0.0 0.0 0.0 0.0 3.602159926464384e-05 0.00030923397400185005 5.443584694213084e-05 0.0004939998787695175 6.91599418716003e-05 3.1805405748578194e-05 0.0 0.0 0.0 0.0 0.0 4.263505691481367e-05 0.0 0.0 4.9089174618522126e-05 0.0 0.0 0.0 1.6301717525714404e-05 0.0 6.6603627927022694e-06 0.0 6.254653161206371e-06 0.0 0.0 0.0 0.0 8.966952321974422e-06 8.1557721183992e-05 2.2545386064697892e-05 0.0 0.0 1.128448171564916e-05 0.0 0.0 5.481716672094751e-06 0.0 1.2977582647602335e-05 0.0006807039793461386 0.0 9.395344690227652e-06 0.0 0.0 0.0002759097948188241 9.074321593772388e-06 0.00028657664757549673 1.6490853542982712e-05 0.0 0.00012190814254366407 0.0 3.637181815055164e-05 0.0 1.3975022783570682e-05 0.0 0.0 7.8839715664419e-06 0.0 0.0 0.0 0.00027193542991200325 0.00013664460800809748 0.00035216365901009103
0.004729099255038767 0.00500523959475706 3.088202980049062e-05 0.032423545078873184 0.00038656216067995623 0.0 0.0025683332986257477 0.0 0.000507841034598557 0.052965789820171125 9.843953218090501e-05 0.012282361309172058 0.007388371182245599 0.0024368134247073486 0.00013647022469495738 9.316832259542032e-05 8.57828120281675e-06 0.0 0.0 0.0 0.0 9.923834342920409e-05 0.0 0.0 0.0 0.0 0.0 0.0 0.0 0.0 2.759315513319828e-05 0.0 0.001532366022192949 0.0 0.0 1.6790336016941773e-05 0.0016213858166715717 0.0003478347110666034 0.00041540119028607897 6.832779815812924e-05 0.0 0.0 0.0 1.0603533078472972e-05 0.0 2.4346906234256647e-05 9.310877047256336e-05 0.0 0.0 0.0 7.350239825181226e-06 0.000541979060498122 0.0 0.0 7.286173481226724e-06 5.2936055035984216e-05 0.012535417877324213 0.0017238769615446068 0.000269533806892766 1.0479351716251154e-05 2.750091084528075e-05 0.0007254786459471218 0.0 0.0 7.632627444604757e-06 1.609962017025443e-05 8.747204061882219e-06 0.0 0.0 0.0 0.009545981322672278 0.024706131494121413 0.0010264160455201482 0.00017641643659995697 3.300742756231356e-05 0.00010237699189537004 2.9435275384817938e-05 4.535156225756323e-05 0.0 0.00021340057964450024 6.0523725619645367e-05 0.00011055784524313119 0.0 0.00012866609054865022 1.465914448692371e-05 0.000157107043048042 0.0 0.0008306268482994427 0.0003331816636479275 0.001689105961072459 0.00010579467588350159 0.0002729861697666161 0.0 0.0 4.812979442667292e-05 0.009761777811605333 0.01045519029800853 0.0004385279867550171 0.002055758906535246 0.021039835931224844 0.0 0.0 0.0 0.0 1.0068551804182489e-05 0.0 0.0 3.9747520356381963e-05 2.0578250375711366e-05 3.2518721661695994e-05 0.0 0.0 3.490904517428062e-05 0.0 1.756573102679346e-05 0.0 0.0 0.0 0.0 0.0 0.0 0.0 2.3313596654550123e-05 8.417239932621992e-06 0.0 0.0 1.8752233461267302e-05 0.0 4.6203002383765194e-05 2.7271075752184318e-05 1.1134213389515466e-05 0.00013984829432619938 0.00028187804163490803 4.889683183507111e-05 0.0 0.0 0.0 0.0 2.4123989120488348e-05 3.5351414093402066e-05 1.0136919637947573e-05 3.515254298694069e-05 3.568973687724098e-05 0.00010498929945281071 0.0 0.0 0.0 0.0 1.1625398346814181e-05 0.0 0.0 0.0 1.5349766078907157e-05 0.0 0.0 0.0 0.0001384733719995818 1.2044932879151918e-05 6.552801325558374e-06 0.0 0.0 0.0 0.0 0.0 0.0 0.0 2.9328021956790116e-05 0.0 0.0 0.0 6.512407129470777e-06 0.0 0.0 1.2466642114992858e-05 0.0 0.0 6.288844081371386e-05 0.00016481541968082052 0.0 0.0 0.0 0.0 0.0 0.0 0.0 0.0 1.9727430540242278e-05 0.0 0.0 0.0 0.0 0.0 0.0 1.6152378055992243e-05 1.4681194295445972e-05 0.0 0.0 2.7865233183641346e-05 3.6963473883136086e-05 2.7806880043805446e-05
0.022985033248656937 0.2401462997987259 0.013334401436386081 0.15714451691588577 0.12351056622902072 0.0025683332986257477 0.0 0.0011789820522706293 0.10835613780832762 0.2418798844213447 0.018741408673959722 0.003166623504499953 0.31859198293580954 0.16271721723503035 0.0009679520395102779 0.0003027225283756715 1.9905426072760613e-05 1.633160627153746e-05 0.0 0.0 9.991843218966825e-06 0.0 0.0 0.0 9.000747109101794e-06 8.174907402977085e-06 0.0 2.7962254447389656e-05 1.0437898602791893e-05 0.0 0.009909971043028142 0.0004233243607515256 0.0005018760387799135 6.936092554717909e-06 0.0 2.169544242938119e-05 0.00012004459066800472 3.978869281197991e-05 2.1677701482545797e-05 6.630701521918773e-06 0.0 6.0005193107590545e-06 1.898237448722944e-05 5.840500256523324e-05 0.0 4.511327741455977e-05 0.004260011875494058 0.00020126953745818526 2.2215175504144807e-05 3.477566265733359e-05 9.135676666942867e-06 0.0 0.0 0.0 0.00032164546605725156 0.0004970081882505158 0.0016514568953232146 0.01323037313841134 0.0016103158555026054 0.002129633822545594 7.578694376475068e-05 0.000133447982367786 0.0 0.002572640026680996 0.0004328363901323588 0.0003884380662405766 8.427891661974469e-05 0.00011511463997936953 1.970859802915455e-05 7.560185069506047e-06 0.0004968764996854259 6.901615869034446e-06 0.0 0.01430607201194775 0.00806794202627592 0.011616517489582175 0.001357169751700508 0.0001732474807707076 6.534336513128343e-05 0.0004882377122283363 8.648936582448426e-05 0.00029102788178243913 0.0009159677410929422 1.2791000458903166e-05 0.0004690027325018629 0.0007636372536787328 0.00012311236538903227 0.0 0.00011943023798147295 0.0 3.223550628587851e-05 0.0 0.0 3.21093424154994e-05 3.2067506491036066e-05 0.0009412282702829649 0.0003599624022085856 0.0 7.311365288732918e-05 0.00596520194157001 0.0002902737978137937 0.0006212798475317901 0.019133035820198676 0.0034079870094325844 0.00019676588183900102 0.0169364667727262 0.0017244212866720848 0.004082182792570297 0.01603322861435804 0.0030341333558096847 0.0003312787069872901 0.0028339720799036164 0.002736562372511186 0.0009058247659851912 0.0008883069505745435 0.00013623441996176024 8.606864442006511e-05 0.0 2.219636984774925e-05 0.0 0.0 0.0 0.0 1.2860239227194724e-05 0.0 0.0 0.0 0.0001544173276302641 0.0 0.0 1.3421926703004787e-05 0.0001049649332954481 0.0 0.0 0.00016072184942826826 8.449782553906595e-06 0.0 0.0 7.270296671278027e-05 0.0008791541848452537 2.0131970676222283e-05 0.0007543101725628771 0.00020374510144965686 8.087065652231464e-05 0.0 0.0 0.0 1.87871640439047e-05 2.4700106517557958e-05 5.7932756484665756e-05 0.0 7.899544813056548e-05 0.00022273694721822095 0.0 0.0 0.0 0.00012133861086492735 0.0 2.1602162919408617e-05 0.0 1.192728826494192e-05 0.00011251128556567346 0.0002876856178808617 5.1138331909273324e-05 7.933990220922076e-05 1.3587650694326427e-05 0.00032297033334391395 0.00015071915059491352 1.2813539444073005e-05 2.185959726417994e-05 0.0 7.690234971810983e-06 0.0 0.0 7.170592992375711e-06 0.0 0.0016829219336454105 0.0 0.0 0.0 0.0 0.0006830103540378734 7.405145033167482e-05 0.0004067973565803807 0.0002506862213711656 0.00039290096170267204 0.0001917128229227057 5.2867032684917795e-05 6.861474896897137e-05 3.8676028143472464e-05 0.0 6.313470202685452e-06 0.0 3.4701342560033323e-05 0.0 0.0 0.0 0.0006893555533226394 0.00036550576461640135 0.0005626566021489139
0.004887431086887316 0.023282703196761706 0.29507264570610175 6.603411415141404e-05 0.0059997536366212054 0.0 0.0011789820522706293 0.0 0.007579004638211839 0.0003949434516578887 0.22544502860473206 7.387768836239281e-05 0.002980995545683925 0.03901027803043273 0.0015729316628478637 0.0013351810560326266 0.00045106465800875137 0.0003086304000515679 7.511095324093676e-05 0.001116971648259618 0.0017341286428665759 0.0 7.23810663630475e-05 2.8750830898596276e-05 0.0 1.8238093534351407e-05 0.0 0.0 9.876028936325153e-06 0.0 0.15708932855887056 0.16081581599605724 0.0008276849041346744 0.00020828285620914632 7.804691670779057e-05 8.595016941664819e-06 4.0296222798683747e-05 8.875868262071167e-05 1.8198771419700258e-05 3.507134282281888e-05 0.00015863794690491192 0.00016581824339272517 0.0012562027480409789 0.001647266831949193 4.3248630288709886e-05 0.002689158808998315 0.004038676831143084 0.0002633955467064894 0.00036797642104451946 0.0017514385002801195 0.0001563784315447641 0.0 0.0 3.922443781697333e-05 0.0002544625897919897 0.00032905269680484427 0.001893423887849863 0.03570947971763547 0.0019419730088166502 0.0015000692377120383 0.005487526068141021 0.0012907575940427226 9.510640624654176e-05 0.05080542701218915 0.0004018148407279162 0.0009671507929099929 0.0004054625004013562 0.0023051681662312057 0.007734651778576293 0.0012359021509604307 0.00013192617329999776 1.4565989245722753e-05 0.0 0.01317164067525869 0.013090068508619839 0.010837714261758063 0.038234687650589246 0.009303181667241443 0.049848387603790796 0.12538771725550144 0.011212917938668873 0.033380726387464976 0.0007083302958116664 6.651993606871755e-06 0.0004125385427616633 0.0005620275620520153 0.0019588323250596513 5.3032340691792094e-06 0.00016048527064806153 0.0 0.0001880715788878815 9.42927148659673e-05 0.0013665501678147018 0.00019955573945700758 0.0002883791287217851 8.77432035034811e-05 5.0241902801809665e-05 0.0 4.878828095681765e-05 0.0032267821295217268 0.0 0.0 0.0 0.0 0.0 8.557139188202367e-06 0.0 0.0 0.0 8.213803001929057e-06 3.283786492969933e-05 1.671301240661915e-05 3.33157194284297e-05 2.6416539437943884e-05 2.4604087828984005e-05 0.0 9.79451599402395e-06 0.0 0.0 0.0 0.0 0.0 0.0 0.0 0.0 0.0 0.0 7.702658689596641e-06 0.0 0.0 0.0 0.0 6.118297145304715e-06 0.0 0.0 0.0 0.0 0.0 9.042443494478359e-06 2.983313976026194e-05 0.0 2.9103861628743098e-05 0.0 1.580370779066626e-05 0.0 0.0 0.0 0.0 1.2234516474623069e-05 0.0 0.0 0.0 0.0 0.0 0.0 0.0 0.0 1.2663532292984728e-05 0.0 0.0 5.8547962729158445e-06 0.0 0.0 0.0 0.0 0.0 7.736817331474789e-06 0.0 0.0 0.0 0.0 1.670343949870429e-05 1.3566758796943048e-05 1.451117355337706e-05 8.040006806078544e-06 0.0 3.2225899151395196e-05 0.0 7.815399426391277e-06 0.0 9.455536270695782e-05 0.0 0.0 0.0 0.0 0.0 0.0 0.0 0.0 0.0 0.0 6.37540976033258e-06 0.0 1.05860469879319e-05 2.474646982718366e-05 2.4375787139279432e-05 0.0 0.0 1.8909177547937e-05 1.6467734812399553e-05
0.0019451324180661143 0.06985685949034746 0.04826479051148494 0.0026232365146257233 0.3534439010675628 0.000507841034598557 0.10835613780832762 0.007579004638211839 0.0 0.044856287168992245 0.06425657983991738 0.0014935546801009441 0.04784885982091459 0.050631280121966715 0.0006389683102939907 0.00029408306955127755 2.1381552149791418e-05 5.818557708800968e-06 0.0 0.0 0.0 0.0 0.0 5.254884565458076e-06 7.189377586267601e-06 0.0 0.0 0.0 0.0 0.0 0.004040301516850638 0.00043784924810103763 0.000854890794597397 6.294537644705324e-06 0.0 0.0 3.4218338805719926e-05 4.749402117391584e-05 2.857792880602626e-05 2.1805338675056135e-05 0.0 0.0 6.57774564864653e-06 3.148070882492151e-05 0.0 4.34893310008835e-05 0.0014796074945753396 0.00013707815226474671 2.1907621352219482e-05 2.6692372406227473e-05 3.397858801246152e-05 0.0 0.0 0.0 3.523409489487367e-05 0.00013560063079684818 0.000389406247926144 0.003608044995083971 0.00042496724103958846 0.0005314860723904367 3.3111589014803656e-05 0.00013518071292694384 0.0 0.0010918516243987185 0.00014249713795561915 0.00014001368605652575 2.584156520826058e-05 3.4810228858657625e-05 4.9258588760485537e-05 0.0 0.00028228555000421677 1.1513342667951178e-05 0.0 0.0034598300982433307 0.0025069280698418596 0.0043221303680613665 0.000800916212272986 0.00017944409725619568 7.242742072110912e-06 0.0005378311984830026 3.124760219844361e-05 0.00011017640224866814 0.00034628009872904775 0.0 9.888368983315e-05 0.00021162767551898064 4.714340368012621e-05 0.0 6.716715731877808e-05 0.0 8.026069747404701e-06 0.0 9.024333953828867e-06 5.235127410459539e-06 7.2962913814238645e-06 0.0005567603869891072 0.00017445147614103624 0.0 1.1529924123959916e-05 0.0006643603021537519 0.0 0.00010387942345978822 0.00013619850576020178 5.169383543400791e-05 0.0002018837442868791 0.0005380698171666891 6.197115403543527e-05 0.0005440200697593311 0.0005349607725759841 0.0007027468435609411 0.0002745325956355605 0.0012920271427697642 0.0019024122165068056 0.0007694656602142467 0.0004980171358853605 8.765777872768713e-05 7.88612757697311e-05 0.0 0.0 0.0 0.0 0.0 0.0 3.008314430686612e-05 0.0 0.0 0.0 2.558299506797923e-05 0.0 0.0 0.0 0.00010471459912066158 0.0 0.0 2.909965860613714e-05 1.3476751346914533e-05 0.0 5.742171169266315e-05 5.0739479702407527e-05 0.0004523261297922009 2.570454045786762e-05 0.000697127084292964 0.00024110533761273278 9.10296996875473e-05 0.0 0.0 0.0 1.9859432410074192e-05 3.8558225560484996e-05 0.0 0.0 0.0 6.250532229708436e-05 0.0 0.0 0.0 9.964219745412731e-06 0.0 0.0 0.0 0.0 2.0525417718085552e-05 2.5521432529147672e-05 0.0 1.8451830555898166e-05 0.0 0.00011677353856474947 2.114209307220875e-05 0.0 0.0 0.0 0.0 0.0 0.0 0.0 0.0 0.0012538488147425357 0.0 0.0 0.0 0.0 0.0005146532238161014 8.845742457769383e-05 0.00042724065844199777 4.2743477732107014e-05 4.1913934711275756e-05 0.00011432065204440925 4.5703685193802175e-05 9.110554997573871e-05 6.0167121635752104e-06 0.0 0.0 0.0 0.0 6.264545692614317e-06 0.0 0.0 0.0007045703450858853 0.00028928323511183385 0.000433614188900441
0.07463558025582857 0.10337921408849818 0.0023663427247937272 0.24736948573058104 0.06364694855422082 0.052965789820171125 0.2418798844213447 0.0003949434516578887 0.044856287168992245 0.0 0.0036763867542593718 0.18286833038446304 0.5255861635019955 0.07356296810484148 0.0008301439424857716 0.00028061499648243486 2.36878773446426e-05 0.0 0.0 5.491287473759243e-06 0.0 1.002570540610592e-05 0.0 1.2563355866187689e-05 0.0 3.9458255302949856e-05 0.0 2.578881574752424e-05 4.9677052264512006e-05 1.1213670631459156e-05 0.0036873263327384747 0.00019767952322445817 0.0011645431847126398 0.0 0.0 8.530133793818261e-05 0.0004064218632166399 8.867878833181697e-05 7.524098787292653e-05 4.041996079520346e-05 0.0 0.0 0.0 4.156470681616529e-05 6.851739333797742e-06 2.4034519817428414e-05 0.002776611932329472 0.00012703464272429438 4.248756357353758e-05 2.1172847486932353e-05 1.437091254929627e-05 4.532067356937877e-05 0.0 2.5208194134046278e-05 0.0002549914108105214 0.0002719057860177853 0.004899853848961865 0.009158460330478695 0.0011400324274702003 0.0016521180678491388 8.996524814304979e-05 0.0003245355769801935 0.0 0.0010885552204129294 0.0004122591096849411 0.0003077845172669574 4.77474399523638e-05 9.072441554695428e-05 5.431540996649771e-05 2.175394142705496e-05 0.0026321053478009456 0.000799611193763213 3.315607302254002e-05 0.010731882503757176 0.005395077382842631 0.008514192372533338 0.0007305279015018186 0.00018554238660270825 1.504190336130316e-05 0.0009063953428906723 4.7832534573412905e-05 0.00033517135833146237 0.0007148031512451966 7.570587840065228e-06 0.00039962859655238634 0.0005460523185987042 8.249985381815413e-05 2.842344692603477e-05 0.00017647984052817126 2.9661474563219535e-05 5.630630310649099e-05 6.786351001800825e-05 3.475259395019663e-05 1.3380377755153859e-05 3.233711759573759e-05 0.035697919303957756 0.00224109464364889 4.2675780212521e-05 0.00037950575752462715 0.036560862138896144 4.804542804168796e-05 0.0007638646776417222 0.002356276921646273 0.001529619894545048 0.0009013344065980075 0.009661969082412868 0.0017920972124527822 0.0053155408858570315 0.011605361252712266 0.011149018639324677 0.002020829793534038 0.010012710346845904 0.021139130053429378 0.008431328438069052 0.003806026709157078 0.0003087396201908753 0.00042460599724941954 6.121806158414979e-05 0.00015612765084489997 0.0 0.0 0.0 2.5622923256173285e-05 0.0001000033182919311 0.0 0.0 0.0 0.0003351818906364191 8.655678637214714e-05 2.2061329711763945e-05 0.0 0.0004673870262661822 3.7924219451785253e-05 4.483064494353115e-05 0.0002569986968971156 0.00011366128931411215 3.8446849673927724e-05 0.00014357846951711486 0.0002095175996754474 0.0030047794627796453 0.00017339621890595026 0.003101544889247526 0.0008006169040912449 0.0008489938985921595 0.0 0.0 0.0 4.517817151490823e-05 0.00023729270166685123 0.00019280669667857012 0.0 9.424716878148372e-05 0.0004060827326857855 9.56751591392056e-06 0.0 0.0 0.00027032872631695067 0.0 4.987414674878941e-05 8.664374186539482e-05 6.450099504572137e-06 2.908814110257159e-05 7.759604327625256e-05 3.9763958587365794e-05 0.00040527918132103705 0.00032209482298852584 0.001159153039381471 0.00018811502451418727 8.405979391601134e-06 3.964794684375228e-05 2.0524375650716827e-05 8.550282553416159e-05 0.0 1.3873126603349558e-05 0.0 8.295196414521974e-06 0.007408155999683318 0.00011018899973210897 0.0 0.0 0.0 0.002754953902172223 0.0005271175243072495 0.0020868119528076666 0.0003009483668186833 0.00042872990751193586 0.0004326808061568631 0.0001616843726722266 0.00015762745644167393 8.006715412788722e-06 0.0 2.6601976879568965e-05 0.0 1.5554825348944737e-05 8.867335104649633e-06 0.0 0.0 0.004790811099640042 0.0014420180757302179 0.0027958490346297526
0.022903768069851938 0.08244232301427686 0.21920927983146027 0.0016621032410997583 0.10514248444336571 9.843953218090501e-05 0.018741408673959722 0.22544502860473206 0.06425657983991738 0.0036763867542593718 0.0 0.0016605637547992083 0.047160513998225365 0.19000485253321728 0.010528754138742904 0.010072049857945532 0.00023587640205178752 0.00021122416112692906 7.167523659029411e-06 0.0008062196775031433 0.0016262417963739052 5.865781790295125e-05 0.00023984250624467176 0.0001725624407421949 0.0003443452892441206 7.319008976624763e-05 2.564064735300575e-05 9.927593104667857e-06 2.954963108908094e-05 8.005579090716096e-06 0.07479531777758254 0.01370073488209799 0.029775055163135247 0.00027964285557274143 0.00022857142870635373 0.0004809272826413286 0.004489166879303465 0.0037231248474424465 0.0006461775187540196 0.0008045953003612665 0.0006402766903793482 0.00034436708156353565 0.00043186084604863594 0.0009917669611379527 2.651877788384953e-05 0.0005722124594404943 0.01764765175496246 0.0005038537399473 0.00016202029643689825 0.0007103165420367893 0.0005457047709648234 8.264020328475027e-05 7.54645705618106e-06 0.00010149799569562569 0.0005004278784421212 0.0007330658689525805 0.002742635717534611 0.03369552505123929 0.002188716846323276 0.004050530991974995 0.0008715025348004658 0.012995442204767732 0.00014945155120258582 0.01251928808827683 0.0007705712605190259 0.0012266111672899153 0.0006159827689793063 0.002552080355276485 0.009336829805633938 0.0017055162268436142 0.005844486645486924 0.00011191728820924425 3.2178097799331895e-05 0.020835956082934565 0.01753935431339057 0.032109888715236595 0.010893365553647512 0.0044008850059547395 0.001988180144716759 0.08249922063400962 0.0006892170705204304 0.012563220667029801 0.001775171251815379 0.0 0.000897264178338577 0.0010276257219742767 0.0012206283768150517 1.7726739650107542e-05 0.00041619282553938004 0.0 0.0002134837333558368 0.00013858646395362506 0.0033327483737147544 0.0005953796974961532 0.0004806823246706021 0.0022876776320284275 0.0007338676847670265 5.133041141142855e-06 0.0005631797836820897 0.0073299986275203845 0.0 5.4972270997922245e-05 2.3322644052998587e-05 9.948228039506556e-06 2.5009922255814114e-05 0.00031082363539862624 0.0 0.00029364818256001987 0.00021029927868326695 0.000196825120657116 0.00016898600655770456 0.00047430688331651403 0.0008308470157033581 0.00045303109600230404 0.00030540502251406854 4.291366486795486e-05 4.665624166102714e-05 1.066405407649839e-05 0.0 0.0 0.0 0.0 0.0 9.36798976359526e-06 3.513957322374757e-05 0.0 0.0 0.00011807123522168644 0.0 4.4001069802381805e-05 4.30114406958969e-05 2.8016805805314372e-05 1.3378217795403211e-05 0.0 3.0426838029139108e-05 0.00010575916134295014 0.0 0.0 7.751052951138053e-06 0.0004196458118633386 5.4485651338292496e-05 0.0005885704875697519 0.0001441157218558628 7.752350717301254e-05 2.14454262984e-05 1.785754885566953e-05 0.0 0.0 0.00010682860575394097 1.6696831138180006e-05 0.0 1.0342843523760527e-05 9.557452986857979e-05 0.0 0.0 0.0 6.195858340668656e-05 6.521079404729003e-05 1.7285419643668516e-05 0.0 0.0 0.0 3.507027126794502e-05 0.0 5.197426634684114e-05 2.7053069361145056e-05 0.00012428673055577024 3.397052002043339e-05 0.0 7.436359137033542e-06 0.0 0.0 0.0 2.7151964661156786e-05 0.0 1.4360318109953756e-05 0.001092187119014878 1.3318060125565983e-05 0.0 1.8399204837370845e-05 3.251777068965561e-05 0.0004609472768759101 2.911984122370967e-05 0.00017676955368636885 1.8941228886323666e-05 4.5107772202664835e-05 5.589750623852068e-05 5.969999216388696e-05 9.829663836386633e-05 6.948970169457501e-06 6.202727770925843e-06 1.4948294223148266e-05 0.0 3.135166149779093e-05 6.326126555824063e-05 1.9107248279259184e-05 0.0 0.0004977229974951434 0.00024006701726340477 0.0005365665378364985
0.00271081504199744 0.00027352194193791914 4.747696791782505e-05 0.0001472004845392198 0.00025694451729238053 0.012282361309172058 0.003166623504499953 7.387768836239281e-05 0.0014935546801009441 0.18286833038446304 0.0016605637547992083 0.0 0.10204798317022755 0.008884417450690801 0.0022513677697589634 0.002111969193585976 7.462909318057227e-05 1.3889206771771113e-05 0.0 0.0 3.175091968441483e-05 0.0 0.0 3.6167579265031735e-05 2.5980520337114256e-05 0.0 0.0 0.0 1.1037449088311844e-05 0.0 6.57109458389607e-05 5.879445826265236e-05 0.006339903654260712 0.0 0.0 0.0 0.004798102306533081 0.0008714479186753427 0.0012730767353709067 0.000305171756865688 0.00010958946504346681 2.8510568286498852e-05 0.0 0.00011996948072681704 0.0 5.122964944702968e-05 0.0024672413774694934 2.27261592148868e-05 1.598305658904495e-05 0.0 5.745330544815773e-05 3.859575946857515e-05 0.0 0.0 2.6967538746270124e-05 5.5509044164711866e-05 0.0005756419968791248 0.0002967473404115054 0.0001318465917892825 0.00028129732787297656 1.2171138347975756e-05 0.0009018917820527548 0.0 0.00016177656746326047 4.030266371230391e-05 6.466857464361573e-05 4.695802889944953e-05 2.9004159108278482e-05 0.0001457922623943109 4.7916314367670845e-05 0.010980447199707817 0.00041163061194751183 1.067341214687589e-05 0.0007879214010239502 0.00032547403157465345 0.0023332168095904944 0.0009427670462505794 0.0005510668015395406 0.0 0.0011878273122917526 1.7145166011464015e-05 0.00038584402461287515 2.8533447431102852e-05 0.0 4.978238163283021e-05 3.3581744115319996e-05 7.075668237585757e-05 7.029670625679903e-06 2.535295882797281e-05 1.4618124207914727e-05 2.4720032699148392e-05 3.511765979493652e-05 4.301094362081045e-05 0.0001194166026431641 5.8145320324758485e-05 0.09214525757211733 0.012836480435559624 0.0 0.0015508347406642845 0.005477009076677599 0.0 0.0001576442032383364 0.0004203748388245013 0.00013398371188751913 0.00026878149428067856 0.0031151212378023865 0.0006590525980947327 0.0023304610469002925 0.0034717394562621857 0.0049933005078041295 0.0009059516196525657 0.005251613551267327 0.010639927549872774 0.004973939106718169 0.002825635662589738 0.00016246245683723345 4.114667930596465e-05 0.0 9.34776344132763e-06 0.0 0.0 2.5636752896078446e-05 0.0 8.542453884085893e-06 0.0 2.4497239854151697e-05 2.445877761621259e-05 3.6825603473221055e-05 1.6707051718082502e-05 8.518524247111707e-06 1.1309224891827338e-05 0.00012885567888318473 3.409458448575988e-05 0.0 3.703695674591575e-05 8.192285864124432e-05 0.0 2.4143484573878865e-05 1.6092200376776533e-05 0.0017106222395269317 7.317260999445761e-05 0.00111530369016485 0.00036551818833418696 0.00013875580174401266 2.4036105297391657e-05 8.69862076437043e-06 0.0 6.7722947293562495e-06 4.406268289122215e-05 3.860498484517957e-05 0.0 8.210811599846307e-06 0.0001498537697240995 0.0 7.542945936820428e-06 1.4082850164823325e-05 0.00011376456192894765 2.8371662654528783e-05 1.344553461023552e-05 0.0 2.2376043008684342e-05 8.473150348595573e-06 8.263920018301333e-05 1.3657204347047752e-05 8.12555353376878e-05 1.4411217756305896e-05 0.0005547627338385633 3.3896894985753994e-05 0.0 1.4362339057180226e-05 0.0 0.0 0.0 0.0 0.0 0.0 0.005686357871970564 5.812071405485412e-05 8.77205781620463e-06 0.0 5.575032093636066e-05 0.0015893580119468152 0.00014270633442793875 0.0010645964060789798 5.273774998430878e-05 0.00017570414537764243 0.00020434709729185202 3.4596723524651154e-05 0.00011313256465653476 9.364943072440397e-06 0.0 0.0 0.0 0.0 0.0 8.493436698998645e-06 8.135060305422136e-06 0.00454121150231098 0.0008076857873065567 0.0011784343545097526
