0.0 0.10658670093714338 0.05135563935373654 0.12511948944416618 0.001830787883940773 0.001684715082357774 0.03916470844193907 0.0036284614944689427 0.001042482326646623 0.09069119380315784 0.006309413302043939 0.003933112957473695 0.004321629564877501 0.01152438159861634 2.5488271452580903e-05 0.0 0.0 0.0 0.0 0.0 0.0 0.0 0.0 0.0 0.0 7.256980492790616e-06 0.0 0.0 0.0 0.0 0.12331053889970194 0.0035267245723666204 0.002557334817328559 0.0 0.0 0.0 0.0009960777029627494 5.2365675217574965e-05 4.655862215288183e-05 2.9453923295786252e-05 0.0 0.0 0.0 0.0 0.0 0.0 0.0010020241377285326 3.431216014127068e-05 0.0 0.0 2.6093963972276245e-05 4.4321700346885985e-05 0.0 0.0 0.0001616287567095899 0.0003599046725652129 0.01670468561971506 0.06741592240283628 0.0023916235805971015 0.0009777225329345091 3.075595264148596e-05 0.00019367738519449849 0.0 0.007439680447917948 0.00015558192729749488 0.00010574405487904336 5.17109528405824e-05 4.963518900717859e-05 0.0 0.0 0.0009083289705368591 0.002459866257429588 7.724898689622066e-05 0.010195665054162218 0.00437494307031294 0.0018907115969622815 3.266092154450242e-05 0.0 3.935431617254671e-05 0.00221844834759565 1.0042290709170205e-05 0.0003606302662392825 0.0006328263436799822 7.479809379144688e-06 4.627228174627933e-05 0.00011987980990877956 8.945094268271096e-06 0.0 2.1059375938424392e-05 1.5102327750322225e-05 2.6372632006245052e-05 0.0 0.0 0.0 0.0 0.013973298945312653 0.002596343532347381 0.0001488676067645034 0.0010273096203349845 0.05914160973692358 4.893045818907178e-05 8.883332754707919e-05 0.0010015652661602662 0.0006000706197751394 0.00040747234073142157 0.000745989492825819 0.00013173034337186584 0.000880037631306875 0.0015259254961217847 0.0013791505625044488 0.0005993116625918429 0.0003544176259455099 0.0014127103559356767 0.0006273310556573154 0.001544290369865569 0.0 0.0 0.0 0.0 0.0 0.0 0.0 0.0 0.0 0.0 0.0 0.0 8.745975508823317e-06 0.0 0.0 8.41504993341362e-06 0.0 0.0 0.0 0.0001872061444577986 0.00015432701779574077 0.0 0.0 0.0 0.0005696344685369881 0.00013839704549709365 0.00023978236407640993 6.232712017436802e-05 4.8912076496084215e-05 8.385901699145131e-06 0.0 0.0 0.0 0.0 0.0 0.0 0.0 0.0 0.0 0.0 0.0 5.420933136744677e-05 0.0 0.0 0.0 0.0 0.0 1.7957279013847495e-05 0.0 0.0 6.174067348962319e-05 0.00044656093298544826 0.0 0.0 0.0 0.0 0.0 0.0 0.0 0.0 0.0 0.0001212490346368175 9.309163370232696e-05 0.0 0.0 0.0 0.0012730940972584795 3.879079865501879e-05 0.00019875830787401935 9.162223314504097e-06 1.795691661464292e-05 0.0 0.0 2.3948437232345105e-05 0.0 0.0 0.0 0.0 6.366241395231917e-06 0.0 0.0 0.0 0.0009580348443432789 9.411921982583746e-05 0.00042768320555679456
0.10658670093714338 0.0 0.08793844539267014 0.09921816729764858 0.21096302384756013 0.0024728090144111544 0.33756326655935054 0.01521829850942146 0.1318689985436139 0.04938156245094829 0.10384178280255686 0.0013847635629810305 0.015216457527820103 0.20235403166122812 0.0002636335389783754 2.036809415746511e-05 0.0 0.0 0.0 0.0 0.0 0.0 0.0 0.0 0.0 0.0 0.0 8.63554123893351e-06 0.0 0.0 0.15947842250684918 0.00761155779744179 0.004994055216129144 0.0 0.0 1.8438466743659058e-05 0.00013434066881442275 4.208738845095116e-05 0.0 1.9389790087189466e-05 1.5255838781803702e-05 5.367994772236722e-06 0.0 0.0 0.0 8.539453527028294e-06 0.0035964344027753594 0.0002714210274014972 0.0 2.592002506984219e-05 9.953785405885606e-05 1.50888061273691e-05 0.0 0.0 0.00040506573026629446 0.0006274216724128077 0.00702447511109994 0.04398480260636699 0.004483566212560428 0.0030839415906889914 4.694758882195043e-05 0.00027093250638602696 0.0 0.017371623119665214 0.000574247566162631 0.0005348890924658763 0.0001741344427662683 5.695078916077928e-05 2.589710014121248e-05 0.0 0.00043890001831258137 6.299596075546041e-05 9.272580230177726e-06 0.021370721740202485 0.022402213742469892 0.009521895884154192 0.0009291475454494289 0.00010605395759182399 0.00011580544254278912 0.010884972798440258 4.9734563213624706e-05 0.0002239175987328865 0.0015752671226996163 3.171080990708438e-05 0.00022764514688115902 0.0006180673049340737 6.159441574046718e-05 2.4904900922487766e-05 9.334589807056085e-05 1.4115538558319598e-05 5.9347078666103626e-05 6.253357751770842e-06 9.797019563302466e-06 7.71947817239669e-06 8.142624278725947e-06 0.0028328510156117887 0.00011001250503307886 0.0 4.359428725926598e-05 0.015006729677359847 0.0 8.892229549215531e-06 0.0003052998375676069 0.00029724313845817953 0.0003302350078306744 0.0008436568090850336 1.8414667076598417e-05 0.000425443348529171 0.0014069900545647838 0.001383601398005537 0.0005664841131779823 0.0007558423838559636 0.0022470539298516954 0.0006633663694445264 0.0031640690646637447 2.4817832924118626e-05 4.167644629678296e-05 0.0 0.0 0.0 0.0 0.0 0.0 0.0 0.0 0.0 0.0 0.0 0.0 0.0 0.0 0.0 0.0 0.0 0.00011279661308016722 0.00027134934759391404 0.0 2.3827883335543936e-05 0.0 0.0009093389935445328 0.0 0.0006191691187858908 0.00013844789900652852 1.8891283490127727e-05 0.0 0.0 0.0 0.0 8.560483807184966e-06 8.83062539320171e-06 0.0 1.909403153985523e-05 1.8477011395899957e-05 0.0 0.0 0.0 9.02622824457704e-06 0.0 0.0 0.0 0.0 6.389406333861147e-06 6.929819312627271e-06 0.0 0.0 1.716653136699416e-05 0.0006490471869051124 0.0 0.0 0.0 0.0 7.961368515158597e-06 0.0 8.368473158451464e-06 0.0 0.0 0.0008127583143458853 3.800107568661815e-05 0.0 0.0 7.719550758202279e-06 0.0006998602120042652 5.4620511412320894e-05 0.0004558789386843432 5.9468199473941185e-06 3.264247044464965e-05 1.4867869240371078e-05 0.0 3.1351532421974136e-05 0.0 0.0 0.0 0.0 8.395877743915496e-06 0.0 5.9738525968324005e-06 0.0 0.0020447331630916122 0.00030618856969413203 0.00047794734156245204
0.05135563935373654 0.08793844539267014 0.0 0.02775269315979998 0.11176616165529311 0.0006887204196759185 0.014929866277919063 0.057911261548796986 0.0461037785579952 0.007781680555188703 0.31556444158880315 0.0003692495943523985 0.002271940493056538 0.15013627892123954 0.00015238396571666353 9.223069293234671e-06 0.0 0.0 0.0 0.0 0.0 0.0 0.0 0.0 0.0 0.0 0.0 0.0 0.0 0.0 0.07936127857624989 0.006432508509491771 0.006177811371439345 0.0 0.0 0.0 0.000323654056562847 2.5523252512643488e-05 3.085857943377547e-05 1.0343240995986346e-05 1.4064214035883475e-05 0.0 0.0 0.0 0.0 0.0 0.0008714465380124882 1.7648497937201513e-05 9.284748154347688e-06 0.0 6.852575352695455e-05 0.0 0.0 0.0 4.2658858617690575e-05 0.00010057432426111267 0.0012192784993812177 0.011201015156155542 0.0004944241949239142 0.0005486895863753329 0.00011988686185821358 0.0008462664939711016 0.0 0.010184563951127903 0.00010211693316648638 8.697305666525382e-05 2.4673924411911563e-05 0.00014825868179225383 0.00019875489846045002 4.0081945428113304e-05 0.0003547883656300232 0.0 1.0025216620330138e-05 0.0035142965372272263 0.005341281626441025 0.0024184398522787295 0.0004486321519937397 8.509287078152557e-05 0.0024635331037110944 0.03208214503574348 4.364150776965732e-05 0.0011534001578750682 0.00015681701504626432 8.278562127725962e-06 6.168956301584006e-05 2.1776168186198065e-05 1.610544768893682e-05 0.0 1.4196764723896882e-05 7.969203013752222e-06 8.400623372095858e-06 8.404634135222505e-06 0.0001252953690467933 2.267245188562207e-05 1.7436955348882303e-05 0.0015926036494934893 0.0002292692998461491 0.0 5.80277770776128e-05 0.0050040359901031605 0.0 0.00011699381841162975 3.849944135065589e-05 0.00012800937986878985 0.0001430735656326541 0.00028361557360775946 0.0 0.00038971813772798526 0.0006223777409433233 0.00035089098471065505 0.0001997634951835349 0.00016311657498785457 0.0010881712150804031 0.0003207337219130064 0.0010851519576336518 7.71563801240436e-06 0.0 0.0 0.0 0.0 0.0 0.0 0.0 0.0 0.0 0.0 0.0 0.0 0.0 0.0 0.0 0.0 0.0 0.0 0.0 0.00012522549487735225 0.0 0.0 0.0 0.0003366890711629715 1.1697515167365378e-05 0.00011787108198087098 0.0 2.5019209261067417e-05 0.0 0.0 0.0 0.0 0.0 0.0 0.0 0.0 0.0 0.0 0.0 0.0 8.237048345159867e-06 0.0 2.4856834284129025e-05 0.0 0.0 2.3256712519024683e-05 0.0 0.0 0.0 0.0 0.0005936542433110009 0.0 0.0 0.0 0.0 0.0 0.0 0.0 8.286921151484103e-06 0.0 0.0002835771984990061 0.0 0.0 0.0 0.0 0.00032963657654065545 2.3905313846294374e-05 0.0001373043981198941 0.0 0.0 1.8173090919111815e-05 0.0 0.0 0.0 0.0 0.0 0.0 0.0 0.0 7.007087167594359e-06 0.0 0.0005201358187283669 4.741032916067301e-05 2.7321059335079264e-05
0.12511948944416618 0.09921816729764858 0.02775269315979998 0.0 0.0005192476519234079 0.028842184370007705 0.0473427320466306 0.00024296560557376078 0.0009359759300724134 0.10044340871778046 0.00045113783042738864 0.014265347958494167 0.050098949871598075 0.013026831277461412 0.0 0.0 0.0 0.0 0.0 0.0 0.0 0.0 0.0 0.0 0.0 0.0 0.0 0.0 0.0 0.0 0.04264597703252913 0.0013071157621180566 0.00028070476995103446 0.0 0.0 0.0 0.00010902559875010515 0.0 0.0 0.0 0.0 7.443120698268736e-06 0.0 0.0 0.0 0.0 0.00015517278654288158 2.5276199570686586e-05 0.0 0.0 2.1587721659466274e-05 0.0 0.0 0.0 8.446582584904728e-05 0.0001356562743548856 0.0037776778002645826 0.01987805529385624 0.001096164092722894 0.00043901258035323955 9.737881735208654e-06 8.083550877157395e-05 0.0 0.0017051280514974456 5.466443271240977e-05 8.984061931513358e-05 2.6073688690462435e-05 6.692902422107081e-06 9.855572466364324e-06 0.0 0.0001120021190520631 0.0002453710578449388 2.6165819151404254e-05 0.0045246663312695536 0.0020259081615682842 0.0005456461944131333 1.752303045820266e-05 1.0355703501965866e-05 1.7196689444660192e-05 0.00018276043022968005 8.617937856518338e-06 3.606920923913003e-05 0.0002730350347782294 8.142509836871865e-06 4.8406247739655197e-05 8.907192927600661e-05 0.0 0.0 6.577146076179337e-06 1.56835970008169e-05 7.834179110114618e-06 0.0 0.0 0.0 0.0 0.003038734830421554 0.0002468786978761881 1.66403309008928e-05 9.016896888917976e-05 0.029350912055691437 5.7137552968397436e-05 0.0012738962106768775 0.00161138205304892 0.0017885013078533327 0.00024413613275195274 0.0013603934456636996 0.004975305240777983 0.0008436853633872724 0.00659915567925668 0.0011362086919592938 0.00021390507721100776 0.00046040741185713084 0.001732279324685888 0.0002554504187078319 0.0002461477752383764 0.0 0.0 0.0 0.0 0.0 0.0 0.0 0.0 0.0 0.0 0.0 0.0 0.0 0.0 0.0 0.0 0.0 0.0 7.74928815608991e-06 9.121108912815794e-05 0.0 0.0 0.0 0.0 0.00017196754612938206 0.0 5.9439352709186434e-05 1.651531801036986e-05 1.259865575788344e-05 0.0 0.0 0.0 0.0 0.0 0.0 0.0 0.0 0.0 0.0 0.0 0.0 0.0 0.0 0.0 1.5049594427469493e-05 0.0 1.4176036443077359e-05 1.4872227567647141e-05 0.0003397589092601074 0.0 0.0 5.8812990189245395e-05 0.0 0.0 0.0 0.0 0.0 0.0 0.0 0.0 0.0 0.00014135667820804783 1.69799450502145e-05 0.0 0.0 0.0 0.00010173903715732948 2.0492636564810188e-05 2.4228005966091366e-05 0.0 0.0 0.0 0.0 0.0 0.0 0.0 0.0 0.0 0.0 0.0 0.0 0.0 0.0003054075670890473 4.938005148998398e-05 2.7471460303211547e-05
0.001830787883940773 0.21096302384756013 0.11176616165529311 0.0005192476519234079 0.0 0.00026379744143617166 0.05111137082394536 0.004423854927462138 0.2166648398056475 0.0060718933808368075 0.08163915657124972 0.0005629251802666356 0.004976793750475783 0.12836661548180983 0.00010496462002139487 8.043399482478209e-06 0.0 0.0 0.0 0.0 0.0 0.0 0.0 0.0 7.074618987790606e-06 0.0 0.0 0.0 0.0 0.0 0.018768640272372038 0.0038001667732476562 0.00031776235096465846 0.0 0.0 0.0 0.0003066772978705511 0.0 6.51790599216962e-06 0.0 0.0 0.0 0.0 0.0 0.0 0.0 0.0014393738668157558 2.4927057607189652e-05 0.0 6.089142168346065e-06 2.0251537248382236e-05 0.0 0.0 0.0 9.754105510476475e-05 0.00017405609460139165 0.0011956092525887121 0.006341297814552222 0.0007573448846002477 0.0006949182328618841 5.669537931435784e-06 0.0 0.0 0.004615451171645561 8.38246288037716e-05 0.00011424399788577534 3.038330718220816e-05 6.332439722054395e-06 0.0 0.0 0.0003403346614595534 3.3383539730366e-05 0.0 0.004302308693688165 0.00585847276195545 0.003936750938976451 0.0005598931482479233 6.226165572507272e-05 7.269712837827e-05 0.0005021477479680687 7.561659146862008e-06 3.653840812508033e-05 0.00031623244351561703 6.380389269442071e-06 0.00010849922450192907 0.00014580895112001636 1.4463565773386086e-05 1.4625999030898308e-05 2.5237831349637385e-05 0.0 2.0003337768590984e-05 2.0437596920703775e-05 1.5050887196561833e-05 8.024339615540554e-06 2.368921954515864e-05 0.002094634764257906 0.0001332462020236727 0.0 0.00010863552951854428 0.0005588550838070605 7.587444062196822e-06 0.00011455189945557977 0.0001671998296115314 0.00015285308724839766 0.00020703729174117053 0.0006499609240469298 3.6294610947907216e-05 0.0006760726005452414 0.0015475117650054924 0.0006821743498613547 0.0003350386945888726 0.0006099607642779026 0.0020764352891931956 0.0009329009039445594 0.0024588093572370856 7.275720876218971e-06 0.0 0.0 0.0 0.0 0.0 0.0 0.0 0.0 0.0 0.0 0.0 0.0 0.0 0.0 0.0 0.0 0.0 1.7522946746105696e-05 8.366409549296642e-05 0.00016367702641737533 0.0 0.0 7.666141910516457e-06 0.001195397797951077 0.00011177606989909298 0.0003554349854177825 0.00010672467109863007 6.543376033458705e-05 0.0 0.0 0.0 0.0 0.0 7.84629935017871e-06 0.0 0.0 6.3764733447037545e-06 0.0 0.0 0.0 0.0 0.0 0.0 0.0 0.0 1.135637141789221e-05 0.0 0.0 0.0 0.0 0.0008563733203491499 1.7274432021392335e-05 0.0 5.9264991007680374e-06 0.0 0.0 0.0 5.408205719065903e-06 0.0 0.0 0.0008681316814952459 8.479875945513732e-06 8.83385466681557e-06 7.533780899279714e-06 0.0 0.0007579737065604046 3.0624900294043516e-05 0.0005151746568000196 0.0 2.222607991097276e-05 3.0377782183808602e-05 0.0 7.460846999712362e-06 0.0 0.0 0.0 0.0 0.0 0.0 0.0 0.0 0.0019971600711232735 0.00014286830039196026 0.00025934819646492556
0.001684715082357774 0.0024728090144111544 0.0006887204196759185 0.028842184370007705 0.00026379744143617166 0.0 0.0039654055606266145 8.17946915153977e-05 0.0 0.035971649020842766 4.9383449777261955e-05 0.004601328721011185 0.0031897841572219874 0.0007807936633994625 8.05855031238172e-06 0.0 0.0 0.0 0.0 0.0 0.0 4.3569123296954205e-05 0.0 0.0 0.0 0.0 0.0 0.0 0.0 0.0 0.00038517648519815996 0.0 0.0004961263972333842 0.0 0.0 0.0 0.0009659629086894306 0.0 0.00017687324031631692 0.0 0.0 0.0 0.0 0.0 0.0 0.0 0.0 0.0 0.0 0.0 1.653182253905654e-05 9.688837466715002e-05 0.0002524200402679462 9.858526761634366e-06 0.0 0.0 0.0018508300116698386 0.00011931494558017268 5.915991961023019e-05 0.0 0.0 0.0 0.0 0.0 0.0 0.0 0.0 0.0 0.0 0.0 0.002783528392739615 0.013051843854923004 0.0006747019235712682 8.954976534299922e-06 5.455918329429769e-05 1.4432286059585426e-05 0.0 0.0 0.0 0.0002497972682141117 0.0 3.398071215999006e-05 0.0 0.0 0.0 3.294673106805962e-05 8.787572473662976e-06 4.689292482263356e-05 1.3191619800253213e-05 0.00010425501376837503 0.0 1.6178082238284027e-05 0.0 0.0 0.0 0.012655384784162548 0.009883830457449965 0.001107694602256818 0.0030379800927518037 0.00757509234228992 0.0 0.0 0.0 0.0 0.0 0.0 0.0 1.6533026827641334e-05 2.5271574742241073e-05 0.00010187264590266969 0.0 0.0 2.406413158893523e-05 0.0 2.403806427772901e-05 1.0129043992440644e-05 1.428014091282528e-05 0.0 0.0 0.0 0.0 0.0 1.3822775632480483e-05 0.0 0.0 1.0994038971066222e-05 9.85924944074992e-06 4.388975175461405e-05 0.0 2.1603178727294117e-05 0.0 3.5039556274541934e-05 3.082039930003275e-05 3.23405002477914e-05 0.0 3.413268776326269e-05 0.0 1.0606822838506256e-05 0.0 9.2741432092033e-06 4.0561642764704885e-05 0.00012259915446292887 9.706340871454875e-05 0.00016981120675353434 0.0 0.0 0.0 0.0 0.0 0.0 0.0 0.0 0.0 0.0 0.0 0.0 0.00018590714464229152 0.0 0.0 0.0 0.0 0.0 0.0 0.0 0.0 1.193019664963796e-05 1.95226168131935e-05 0.0 0.0 0.0 0.0 0.0 0.0 0.0 0.0 0.0 8.070277953307525e-06 0.0005002562779055993 4.7747570230992825e-05 0.0 0.0 1.6327070697235905e-05 1.0059184658054784e-05 0.0 0.0 0.0 0.0 0.0 6.771794185790572e-06 0.0 0.0 0.0 0.0 0.0 0.0 0.0 0.0 3.050579440459046e-05 6.86652523190159e-05 0.00014581549973722183
0.03916470844193907 0.33756326655935054 0.014929866277919063 0.0473427320466306 0.05111137082394536 0.0039654055606266145 0.0 0.003134822362716639 0.09200718584555138 0.08569838677519084 0.023939494049149832 0.008125058338400522 0.17797507484131322 0.2577085045823399 0.00033530963514857425 8.380851952334024e-06 8.036458795957855e-06 0.0 0.0 8.941374908013625e-06 0.0 0.0 0.0 0.0 2.1268378553371196e-05 9.015080760272592e-06 0.0 1.5805850041257054e-05 0.0 0.0 0.035544404630919305 0.0071457788500026535 0.0013636026808268044 0.0 0.0 7.625554259250947e-06 0.0009568043432756704 4.762782166575738e-05 1.6167101648350113e-05 1.2506722921069265e-05 4.9899771156274875e-05 0.0 0.0 7.543542365573683e-06 0.0 0.0 0.003828641998814383 0.00017702348392689988 1.6682989101999653e-05 8.46322412592226e-06 0.00010439962535623189 9.903822423618953e-06 0.0 1.0141815915284895e-05 0.00020189934946750304 0.0005362379359474208 0.004614595878263185 0.022169052905656454 0.0029849275756733485 0.002382128786605535 7.393314808639738e-05 0.00012944305125537454 2.7917987516116626e-05 0.011155102190571486 0.0002908068051360898 0.0004904879058934537 0.000174741279174681 0.00012806060690372066 3.0024090096965356e-05 0.0 0.0008340587933095018 8.360728094047504e-05 0.0 0.01428373950990571 0.017478604712726248 0.010825761213631142 0.0016278155854002033 9.527172876989326e-05 0.00015364206422545322 0.0005594824349774632 4.500951655299568e-05 0.0002514177876502349 0.001260452849527414 2.565352072145615e-05 0.0001805114819623617 0.0004523550021979378 5.4114991542933206e-05 7.384138108430693e-06 0.0001105830909245662 7.120408975005996e-06 7.128993173708492e-05 7.4230970825692175e-06 0.0 0.0 0.0 0.009395050491853386 0.0007010843255209815 1.3214109214049362e-05 0.0003912402371696031 0.0070153635744004995 0.00023878333066566803 0.0007667185916926739 0.0022120277060531535 0.002766014491668392 0.001288513928568057 0.003504303916931842 0.000868767872239229 0.0020515190558780374 0.007493405041738812 0.005971837056435234 0.0014378521578539826 0.002441992685744293 0.007685692391801827 0.0026809428514402676 0.009118365042736528 1.2820381551921827e-05 5.695808482897663e-05 0.0 0.0 0.0 0.0 0.0 0.0 0.0 0.0 0.0 0.0 3.307860411194634e-05 0.0 0.0 0.0 0.0 0.0 0.0 0.00024713090335069544 0.0010908159202334654 0.0 0.0 0.0 0.0034247272468323456 0.0002657317307660611 0.0010185135267116033 0.00026598871577744625 4.821537833052207e-05 0.0 0.0 0.0 1.8038317092118302e-05 3.6222322373239234e-05 0.0 0.0 4.2947882049983075e-05 1.746117145713416e-05 0.0 0.0 3.0353336662025195e-05 0.0 0.0 1.424426763015962e-05 7.38715439303835e-06 0.0 8.815490246070787e-05 0.00018029325247292998 6.278857251240884e-05 0.0 6.010609518962078e-05 0.0026449349295227594 1.51228992034158e-05 2.1685644149800492e-05 1.4989540004896274e-05 0.0 6.413885234518658e-06 0.0 0.0 0.0 0.0 0.0030985092593426547 3.8167089490657434e-05 0.0 0.0 6.3406117181528635e-06 0.0018127801355394548 0.00023840546008803418 0.001406338178399088 4.880256676802479e-05 0.00016670332256797556 6.105815975608569e-05 9.431184983812382e-06 7.863930018498909e-05 0.0 0.0 0.0 0.0 0.0 7.722139475327353e-06 0.0 0.0 0.006060436722326754 0.0005577129599314388 0.0009208391362503719
0.0036284614944689427 0.01521829850942146 0.057911261548796986 0.00024296560557376078 0.004423854927462138 8.17946915153977e-05 0.003134822362716639 0.0 0.010835687473545864 0.0007529208030614897 0.06049496989830175 0.0009725425205637066 0.006483803706202787 0.09647055848089407 0.0007595219406007999 0.00015553031137218958 2.950042271653223e-05 1.8142166186988155e-05 0.0 0.0 2.759838426673288e-05 3.4434057670210434e-05 0.0 0.0 1.1961085353770524e-05 0.0 0.0 0.0 0.0 0.0 0.07150482031010573 0.08380682036592586 0.017347528139108902 0.0 0.0 3.082286509812936e-05 0.0028834598578994517 0.0007332138951264793 0.00017071772876031097 7.704582399477213e-05 4.896706368767417e-05 7.731638043250985e-05 4.106726859877228e-05 6.046163794959499e-05 7.825109593179093e-06 7.71204369046893e-06 0.005513925296103935 0.0001518245760532333 6.916725045227376e-05 0.00016662584596258956 0.0011601779470126125 3.727728712086728e-05 0.0 4.896833420418377e-05 0.00018339432895764137 0.0003488496556893899 0.0018434719445813783 0.01759432764057296 0.0016789419782571632 0.0029777134774969624 0.0012927867698984195 0.008789688229096317 0.0 0.032213430435544574 0.00021501148675098344 0.0003575470257294582 0.00019101956320355964 0.0011293249598648082 0.0017679783028709671 0.0002577304866822846 0.001662489011453799 0.0 0.0 0.010814862581019095 0.019139978561427705 0.014230509069652864 0.005644583467123837 0.0014161244075790566 0.04836887691539226 0.07818280239509107 0.002485894534956564 0.022455667612428825 0.0007601193546298941 2.603025058931299e-05 0.00011674828659265 0.00023845213011191451 0.0002117126091776163 6.47570237953868e-06 9.925348936370663e-05 7.704873060593631e-06 6.13383091762767e-05 1.63458338630704e-05 0.0014442988338586348 0.00022054980438095944 7.012363519873005e-05 0.012129685728620297 0.000744717261807698 0.0 0.0006016489896406182 0.0021270306109175516 1.725501717277769e-05 5.3567472042922997e-05 0.00027256350413950225 0.00015493428336110627 0.0003191613830272726 0.0009216969388763629 7.664549791203967e-06 0.0004607356575857909 0.0015993922570950077 0.001060885515629116 0.0008304440313171849 0.0005129328145241219 0.002299596683705164 0.00085920072503454 0.004381226446798824 0.0 2.464718369516586e-05 0.0 0.0 0.0 0.0 0.0 0.0 3.3927838963760126e-05 0.0 3.359583466791109e-05 0.0 0.0 0.0 0.0 0.0 7.44904359404057e-06 0.0 0.0 0.00015527425408157517 0.0005977898338899816 0.0 0.0 0.0 0.0020377246141412616 0.00020844239452028467 0.0008079883280645955 0.0002857240768184268 0.00010778429776234151 0.0 1.5159860213518577e-05 0.0 0.0 3.116621715152748e-05 0.0 0.0 0.0 0.0 0.0 0.0 3.096067110443249e-05 0.0 0.0 0.0 0.0 0.0 5.8954742320220556e-05 0.0 0.0 0.0 0.0 0.0015612113185505371 0.0 0.0 0.0 0.0 1.2061419070391326e-05 7.509775660740465e-06 1.4812261625581476e-05 0.0 0.0 0.0014753217279528102 0.0 0.0 0.0 3.99195058127203e-05 0.0015821376208652535 3.1266749551922715e-05 0.0010742380788234854 0.0 7.549861463282916e-05 2.3148765240167432e-05 0.0 5.254337427666817e-05 0.0 0.0 0.0 7.571029603487884e-06 0.0 0.0 5.450214356686194e-06 0.0 0.00281711989080301 0.00036556735034328495 0.0005390843363911177
0.001042482326646623 0.1318689985436139 0.0461037785579952 0.0009359759300724134 0.2166648398056475 0.0 0.09200718584555138 0.010835687473545864 0.0 0.003376782981783953 0.06876517760378578 0.00033877080822537 0.0193504425861353 0.15656334286853058 6.815910672819457e-05 0.0 0.0 0.0 0.0 0.0 0.0 0.0 0.0 0.0 0.0 0.0 0.0 0.0 0.0 0.0 0.012734196753793104 0.0016243922157527144 0.00012000548613819743 0.0 0.0 0.0 0.00016727320061540255 0.0 0.0 0.0 0.0 0.0 0.0 0.0 0.0 0.0 0.0003797630321081553 0.0 0.0 8.335409529268049e-06 5.991745262823154e-06 0.0 0.0 0.0 1.4349650563768132e-05 3.8770512246913604e-05 0.0002677752135194411 0.0020879509181071496 0.00023481312234123556 0.0002381343589918428 0.0 0.00018800865842268576 0.0 0.0015261461161743906 2.9810649151409314e-05 3.8888173837782356e-05 2.7371973774204947e-05 2.1250907626805644e-05 1.2160008608384261e-05 0.0 0.0001170709638773918 0.0 0.0 0.0014542352557861396 0.002001966487531621 0.0013826734340458232 0.00018996455871917668 4.1857305752448224e-05 3.358008778668426e-05 0.00299470564239404 0.0 5.908322343471008e-05 9.234740031127479e-05 0.0 3.913083401394229e-05 6.957649346280296e-06 8.960183638660387e-06 0.0 6.558768091955557e-06 0.0 7.2166307322310305e-06 0.0 0.0 1.0369974825027874e-05 0.0 0.0010334165105275336 8.870134112098518e-05 0.0 0.0 0.00015097021198109866 0.0 1.9900081016280655e-05 0.00012728851645802213 5.6035237373822016e-05 4.8793202139456295e-05 0.00035318562706715363 0.0 0.00017438529242269887 0.0003769320097885999 0.00023807843507248422 0.000165444655028856 0.0002328183462528797 0.0006515185571544149 0.0002973885209390812 0.0008292810710767701 0.0 6.956862558533523e-06 0.0 0.0 0.0 0.0 0.0 0.0 0.0 0.0 0.0 0.0 0.0 0.0 0.0 0.0 0.0 0.0 0.0 3.4678610375549815e-05 9.62862791185071e-05 0.0 1.2146566988764307e-05 0.0 0.0004964744059046317 5.655510698013469e-05 0.00012690214380431256 8.233340641017168e-06 2.046177753078794e-05 0.0 0.0 0.0 0.0 0.0 0.0 0.0 0.0 7.927565252510884e-06 0.0 0.0 0.0 0.0 0.0 0.0 0.0 0.0 0.0 0.0 0.0 0.0 0.0 0.00028163364043858323 0.0 0.0 0.0 0.0 0.0 0.0 0.0 0.0 0.0 0.0001767687549035455 9.685843540654758e-06 0.0 0.0 0.0 0.0001426804854147195 0.0 0.00023145803739299178 0.0 1.3637059285721169e-05 0.0 0.0 1.4120945935924692e-05 0.0 0.0 0.0 0.0 0.0 0.0 0.0 0.0 0.0006937933695729387 1.7009970672030915e-05 4.420125718317511e-05
0.09069119380315784 0.04938156245094829 0.007781680555188703 0.10044340871778046 0.0060718933808368075 0.035971649020842766 0.08569838677519084 0.0007529208030614897 0.003376782981783953 0.0 0.0016136644252253327 0.11305024343841028 0.43371868659674534 0.06186279584806246 0.00016917245643271295 2.1144741614214154e-05 0.0 0.0 0.0 7.712747825765536e-06 0.0 0.0 0.0 0.0 0.0 0.0 0.0 0.0 0.0 0.0 0.018853011059559506 0.0029817113441922673 0.009991352565745673 0.0 0.0 0.0 0.01542748543774267 8.881998129567093e-06 7.821663356883547e-05 7.3355538326116085e-06 0.0 7.857696911127253e-06 0.0 0.0 0.0 0.0 0.0014008691219328808 0.00011220154193014161 0.0 0.0 2.183685362843889e-05 0.0 7.257595140915217e-05 0.0 0.00018353185998560068 0.00019400631598481282 0.0061959979267604826 0.013870720967772145 0.0012365268052810065 0.0011036942204898407 1.046357554590053e-05 0.0003823658234619855 0.0 0.003922903900081436 0.00014725364866134729 0.00013869108900608693 4.189720463329569e-05 6.14785709140319e-05 4.837033525005805e-05 1.4385478811444912e-05 0.0026684206619145496 0.001599889693978628 0.0001273669997278654 0.006236455865072105 0.006388672772172988 0.004085846989695685 0.0006041317087071166 4.893857402389001e-05 0.00010601749832447963 0.0005248338163150323 4.001530424104994e-05 0.00026967415833041656 0.0006028727974492336 5.399816389409369e-05 6.520307363740983e-05 0.00021232467971138286 1.6524550712912125e-05 7.260223541812839e-06 2.8491382001439387e-05 6.0468128816050015e-05 7.650858624763321e-06 0.0 2.7767901263083055e-05 2.9253448718261708e-05 8.655399019909302e-06 0.033555391358553316 0.00314401076407544 7.773274426951491e-05 0.0011022067667300745 0.04159379588749664 0.00018391065033665429 0.0007079009528329298 0.0034705524763107318 0.003339202378184972 0.0026660457015097792 0.010733353999437116 0.0009530293568595894 0.005132062324850526 0.015145882368643997 0.009174486144349962 0.0035594253906726767 0.004796400253296563 0.015422167587576157 0.005245528041304191 0.013400100300731967 2.367897699921883e-05 3.742257847214442e-05 0.0 0.0 0.0 0.0 0.0 0.0 0.0 0.0 0.0 0.0 7.667846882212832e-06 0.0 0.0 0.0 8.872301301727741e-06 0.0 2.040540697030449e-05 0.0003601784609256816 0.0013957003317514826 0.0 7.486061189282314e-05 0.0 0.004042733470546099 0.0001569684740717234 0.0016272186651665173 0.0004483767336701439 0.00015037857673581232 0.0 6.521028241456982e-06 0.0 0.0 2.8744345653229957e-05 8.925875454313899e-06 0.0 8.365807616933604e-06 6.390091925338807e-06 0.0 0.0 2.1238907656653016e-05 7.843652935285546e-05 8.979647231027694e-06 0.0 0.0 6.262213220053376e-06 4.380603435941701e-05 5.535179538969035e-05 0.00023934043414113366 2.1710052054122603e-05 5.095211168861015e-05 0.0033588424446596744 5.6944084245671266e-05 0.0 0.0 0.0 5.530388822817455e-06 0.0 0.0 0.0 0.0 0.004138539244877156 0.00014973363542857948 0.0 0.0 0.0 0.0025759466724881407 0.00014187206603823258 0.001731480337225541 2.2673145424450708e-05 0.00013219061526337483 4.643436002211456e-05 0.0 5.001825980146868e-05 0.0 0.0 0.0 0.0 0.0 9.709012717871178e-06 0.0 0.0 0.009869410986758741 0.0005444656170148952 0.0011314001361240637
0.006309413302043939 0.10384178280255686 0.31556444158880315 0.00045113783042738864 0.08163915657124972 4.9383449777261955e-05 0.023939494049149832 0.06049496989830175 0.06876517760378578 0.0016136644252253327 0.0 0.00048540365751246047 0.018721069219693954 0.1432468927337046 0.00035304214241366536 9.207927894187651e-05 1.6162224623966914e-05 0.0 0.0 0.0 0.0 4.784396630011597e-05 0.0 0.0 0.0 1.0548881351646271e-05 0.0 0.0 0.0 0.0 0.11172449846835666 0.02767914757435065 0.02709884605635997 0.0 0.0 0.0 0.0029666442364523603 0.0008839793981814526 0.00027309476441905934 5.452977226762354e-05 2.8064830720127972e-05 0.0 9.334706262239073e-06 0.0 0.0 0.0 0.0017937313901247628 1.5998900733321817e-05 0.0 7.287217514143033e-06 0.00013315043220580656 1.440949676574573e-05 1.571308273259024e-05 1.452281433457018e-05 5.474038448605499e-05 0.00010440500995143087 0.0008369105608642251 0.008341732808343546 0.0005908796561903836 0.0007862370674061842 7.843963252850046e-05 0.014777066684290092 0.0 0.01309926107019839 8.055479349999333e-05 0.00013750294625954166 5.789425734260353e-05 0.0001515006838834387 0.00022969419542934026 9.840246900703984e-05 0.0010473323093733824 1.1543560143875959e-05 0.0 0.003527167534397877 0.005351350758003563 0.005418573325580339 0.001452484118987584 8.722941754467557e-05 0.00425863313628798 0.04108525774931266 0.0001986747584328397 0.006237274848597335 0.00028258801291577203 1.5602186456696942e-05 5.99581663774659e-05 0.00011629349784349205 7.188955407010369e-06 6.469497087895445e-06 6.647635370586012e-06 0.0 4.720328636247726e-05 7.537773648410812e-06 0.0003085844220951526 5.619568485323666e-05 7.89724134012112e-06 0.004722060259120691 0.0006207812426404413 0.0 0.00030621390002099095 0.0006591348813602405 5.827436377497902e-05 9.791916092398751e-05 0.00045780524145632367 0.000250845031072284 0.00015312577357619737 0.00043121878756149907 2.3076521700488325e-05 0.00040824861678196827 0.0009789946722931822 0.0007346170582221315 0.00029168631515654066 0.0004376989568821105 0.0014723487956149071 0.0006727231243074941 0.0021034590132265065 0.0 2.2518761773831898e-05 0.0 0.0 0.0 0.0 0.0 0.0 0.0 0.0 0.0 0.0 0.0 0.0 0.0 0.0 0.0 1.3035042680764616e-05 0.0 5.3116859891615484e-05 0.00014171712925198574 0.0 3.068695585959286e-05 0.0 0.0012088060630688002 4.467688653571301e-05 0.00035670742306702916 0.00011106820199664367 1.738387711099714e-05 0.0 0.0 0.0 0.0 6.93727763660796e-06 0.0 0.0 0.0 0.0 0.0 0.0 0.0 1.0841544140863061e-05 9.51543114276112e-06 0.0 0.0 0.0 1.4344404782299576e-05 0.0 2.37369614017741e-05 0.0 5.597142544370664e-05 0.0006823826848988194 0.0 0.0 0.0 0.0 0.0 0.0 6.454372219338456e-06 0.0 7.872395271848444e-06 0.0006731808445695159 0.0 9.711283540957148e-06 0.0 0.0 0.0006566323543161659 2.1704678585215015e-05 0.00048401199158455563 7.679684196582127e-06 3.280882757425116e-05 1.4951091250690512e-05 7.4692478795189815e-06 3.3611792418850515e-05 0.0 0.0 0.0 0.0 0.0 0.0 8.697331892783604e-06 0.0 0.0016665562473968459 0.00016555477935205768 0.00040190926763297404
0.003933112957473695 0.0013847635629810305 0.0003692495943523985 0.014265347958494167 0.0005629251802666356 0.004601328721011185 0.008125058338400522 0.0009725425205637066 0.00033877080822537 0.11305024343841028 0.00048540365751246047 0.0 0.10571092159609712 0.026660465970172867 0.00030269499738669466 8.148706333446689e-05 0.0 1.2570992618600943e-05 0.0 0.0 0.0 9.85665436574406e-06 0.0 0.0 0.0 0.0 0.0 0.0 0.0 0.0 0.0003880044228858893 0.00046163257548382294 0.015445377087002317 0.0 0.0 0.0 0.05013166624339982 0.0005290032234022456 0.000685161436431349 2.2175125735092186e-05 4.781267175126015e-05 1.7335286477297284e-05 0.0 0.0 0.0 0.0 0.0006664967128439475 2.440296636803773e-05 1.3004517435483417e-05 1.8664516956276004e-05 0.00019914867433650684 5.0495539553892914e-05 0.0 0.0 1.6125997419271056e-05 4.5335800875434505e-05 0.0005018391242489722 0.0006229374267780333 0.00011267456879014614 0.0004253119576245769 7.821112923354842e-05 0.0018681729329023085 0.0 0.0008639547837648244 0.0 3.039772950493874e-05 2.589950924820546e-05 0.0005719945599779036 0.0003793804916670871 0.0 0.008682524997739229 0.0003873321617649361 0.0 0.00114520119747438 0.0015057410753120547 0.001927455230591301 0.0005983191974017721 7.411182837842457e-05 9.787657795780325e-05 0.0016775219572406175 2.0326595209954178e-05 0.0009129555267364711 6.517000312052223e-05 0.0 0.0 1.5183396558350155e-05 9.84841455225059e-06 0.0 8.416682849127803e-06 1.6448145940261194e-05 4.376062372575495e-05 0.0 0.0006369565237024174 9.775795526728961e-05 0.0 0.04850199421085326 0.002274763476365668 4.603876791144771e-05 0.0017707413287152056 0.005704393185992041 3.8732421653325226e-05 0.00016419368529389314 0.0009975457508808988 0.0012259574266515422 0.0008226177232634782 0.0024304336828378206 0.0001523061897610573 0.0019660424350686247 0.0063063316170956125 0.005313736244647431 0.0017533352647195733 0.002536916459884925 0.01215239514522479 0.004829972298893881 0.009725186597020437 7.481136268863889e-05 5.871730355365284e-05 0.0 0.0 0.0 0.0 0.0 0.0 0.0 0.0 0.0 0.0 1.042197699159068e-05 0.0 0.0 0.0 0.0 0.0 7.559677077528218e-06 0.0002194739476370817 0.0006358768411037791 0.0 8.601334462785492e-05 0.0 0.004497367305170325 0.0004384002242446613 0.0016582862986081093 0.0002537361094038828 0.00014413295493548298 0.0 0.0 0.0 0.0 5.064085898581017e-05 0.0 0.0 0.0 6.493940437402916e-05 0.0 0.0 8.144352350722494e-05 6.889127815975651e-06 8.921149429599272e-06 0.0 0.0 0.0 3.772497570666187e-05 3.9902689747875296e-05 2.3441118612519507e-05 3.7633593356358734e-05 3.379692384057789e-05 0.0022533729125892516 9.398142017741516e-06 0.0 0.0 0.0 0.0 0.0 0.0 0.0 2.33782709609894e-05 0.0042244200679572835 6.70747606240027e-05 9.56255999370452e-06 0.0 0.0 0.0020322789255360456 6.11450974178988e-05 0.0013266772393582366 1.2406654116147716e-05 8.734999369405942e-05 6.457778295020395e-05 2.0699277227046477e-05 8.479902065807276e-05 0.0 0.0 0.0 0.0 0.0 0.0 0.0 0.0 0.009140048303740683 0.0009248603718663138 0.0010828963775668544
0.004321629564877501 0.015216457527820103 0.002271940493056538 0.050098949871598075 0.004976793750475783 0.0031897841572219874 0.17797507484131322 0.006483803706202787 0.0193504425861353 0.43371868659674534 0.018721069219693954 0.10571092159609712 0.0 0.25330147354945287 0.0008317087319553434 9.953129007677206e-05 8.503924629571655e-06 0.0 0.0 0.0 4.245121394011413e-05 1.386840826214652e-05 0.0 0.0 1.007304377851276e-05 0.0 0.0 0.0 0.0 0.0 0.0019944784521143907 0.0014959317606669667 0.06629034689189975 0.0 0.0 2.266649561097613e-05 0.06248476003853102 0.000744536412948501 0.000657119025718152 0.00036778704229236146 2.6574584261228018e-05 0.0 0.0 9.24003529810145e-06 0.0 1.6475070505726183e-05 0.0024031174168150276 4.144744814677675e-05 2.624235637990481e-05 8.068792858321526e-06 0.0005201333174321025 1.771017891760812e-05 6.410750004558033e-05 0.0 6.129633179823693e-05 7.253063190511466e-05 0.0005880073256597407 0.0019949690685814024 0.0005058754259230739 0.0008246513359367679 0.00012296134173814366 0.0029433174341257713 0.0 0.00273437115530093 2.0834891353950008e-05 9.465833208816026e-05 0.00010585052501026566 0.000535539414129721 0.0005991522302540597 9.018939146189835e-05 0.014831523021975037 0.0003275192613072243 2.8175708982025724e-05 0.0029693061020554766 0.005423670670136097 0.006881930160868437 0.0017863653407169807 0.00019136415663318046 0.0007302669357912166 0.002782168706422221 0.00018751147691394368 0.0016118358192389183 0.00022248905656662267 0.0 3.857940229795756e-05 6.508174460897666e-05 1.9445587378755732e-05 8.154048860667804e-06 2.2005471514481804e-05 0.0 1.770374050366955e-05 0.0 0.0004966330186056174 0.00022569783873072158 3.7534516380839174e-05 0.06667019026801753 0.0030058113448252813 6.227144103341961e-05 0.0015665246530322204 0.0033406059280517053 8.300567918723957e-05 0.0003721861034509485 0.0018192395363126682 0.001192669628128579 0.0015279936633473014 0.005604444366466787 8.73109764393471e-05 0.003230068683275634 0.011381498340780019 0.005508921750952825 0.0027330399591771427 0.005182524639708922 0.014098450581748611 0.006297974732764357 0.01615263952422619 8.940171202234569e-05 6.965722954173664e-05 0.0 0.0 0.0 0.0 0.0 0.0 0.0 8.917418413227037e-06 0.0 0.0 8.722088950725331e-06 0.0 0.0 2.082336080732845e-05 0.0 0.0 0.0 0.0006036814425304883 0.0012625915351876234 0.0 2.0378419355855082e-05 1.217524103109115e-05 0.006886084921517622 0.0004118187782405993 0.0024090155444026298 0.0005499626147776689 0.00016567914161944722 2.9006072054208323e-05 0.0 0.0 0.0 6.155026237772976e-05 2.9266381707419095e-05 0.0 0.0 3.634385220474043e-05 0.0 0.0 0.0 3.128355713959335e-05 0.0 2.3947169894775897e-05 2.0151642225535394e-05 0.0 0.00010368106031936684 0.0 5.7502692419588686e-05 1.026056735288436e-05 0.00010388821491029967 0.004265544515097222 3.994522079136651e-05 0.0 0.0 0.0 0.0 0.0 0.0 0.0 0.0 0.006345511830650295 0.00011325661264244936 7.73829273110083e-06 0.0 0.0 0.003841631874050425 0.00019173398184250801 0.0024338315822850743 0.00010446040563686105 0.00014507356419024895 0.00013790348109269317 2.9036841018252833e-05 0.00018933177367999902 0.0 0.0 0.0 0.0 6.915159629014166e-06 8.430465145192986e-06 8.525162070677143e-06 9.124388625617192e-06 0.01219427980416983 0.0011368578352959 0.0019508247573469214
