0.0 0.13704674833869135 0.013859665443544684 0.11835393727494536 0.00023619184069465543 0.010555034061069484 0.03802100204769314 0.0005990304826393199 0.00041207141767736635 0.18988229484887892 0.002647436303382769 0.021167092793523405 0.01032459914749678 0.005894323035647579 0.00019190756222479185 2.0362807557266313e-05 5.3185408432610886e-05 0.0 7.625529666526057e-06 0.0 2.4476442517668404e-05 0.0 0.0 1.666476557900587e-05 3.191435250738894e-05 0.0 0.0 1.7115351908597648e-05 0.0 8.29230563655669e-06 0.08073585679172614 0.000883015987567827 0.00020676583338386737 0.0 0.0 2.036106851600167e-05 0.00010934961302220338 5.63395570152028e-05 3.191119714369123e-05 1.4105222507987405e-05 2.226684767963439e-05 1.3059454594029842e-05 1.5321511412121064e-05 3.2328087396501866e-05 1.9385592305596156e-05 0.0 0.004863402527653796 0.000937353552407988 6.192567535655622e-05 1.5744333099310125e-05 0.0001360531126151701 1.0235453771477424e-05 0.0 6.3479079500625e-06 0.0008141924608713468 0.0013910762313597306 0.0091996853216699 0.061472622873607 0.0018852130963420961 0.004475907833927362 7.947474956799832e-05 9.817474736169789e-05 2.094471880553207e-05 0.004545402516419723 0.0012666048969393671 0.0013135485856920872 0.000495743024308357 0.00020602940278480742 4.859762227256965e-05 6.932505783406136e-05 0.000619734219520517 0.0002149399963789007 1.778263015900486e-05 0.015696013803827655 0.00980399199302855 0.004776073015231423 0.001903233281013699 0.00037052460956749203 0.000175075687324965 0.0005692131487363367 3.599700006461755e-05 0.0001546024031742734 0.003720420117201772 0.00011193198746665658 0.0006869736852597778 0.0010739710884527884 9.515730759243345e-05 7.573941388671396e-05 0.0003113221006490549 5.458558114951509e-05 8.859017221415018e-05 1.4613261152739215e-05 3.215113269157077e-05 0.0 1.8545753934590803e-05 0.019207687587265633 0.003438408707963454 7.106042964783828e-05 0.0001638706897613594 0.11225879268656798 9.181682824056454e-05 0.00033383776946732473 0.0003327068023059842 0.00037022144966169206 0.0001263178002241104 0.0002455843814111376 0.0004912845175412249 9.291519489652317e-05 0.0006102464467398057 0.0012739872746925856 0.00019757693021790404 0.00013977615841558516 0.0011074567441926122 0.00048343294940650383 0.0002314028580372085 0.0 1.691486480228212e-05 0.0 3.9620950521863974e-05 0.0 0.0 0.0 0.0 0.0 0.0 0.0 0.0 6.496244677095082e-05 0.0 2.6946981112398107e-05 0.0 1.7910692469003565e-05 0.0 0.0 0.0003427675904132673 5.200700160302946e-05 0.0 4.491218699061688e-05 5.4134264766956766e-05 6.20258037935454e-05 5.531132070338042e-05 0.0006250465045379399 0.0002496917671378241 8.33149550949589e-05 2.294136939357216e-05 0.0 0.0 3.498773135534096e-05 0.0 0.0 0.0 0.0 2.73016815769572e-05 6.286308009187572e-06 0.0 0.0 0.0 1.786107248085182e-05 6.173583206828926e-06 0.0 2.1821711657870305e-05 6.886366288335917e-06 2.8534129544293002e-05 4.588607125263983e-05 0.0 8.459441325867592e-05 0.0004163076971086024 1.8219528487423433e-05 0.0 0.0 0.0 6.827974841698037e-06 0.0 3.869058213936147e-05 0.0 0.0 0.00018199371843085106 0.0 0.0 0.0 0.0 0.0001930015446273558 2.9090477623892735e-05 0.0002871649441397763 6.457192402413794e-05 0.0 2.3842880513969313e-05 0.0 0.0 0.0 1.7681779540240148e-05 6.162796723443227e-06 0.0 1.8541958052724343e-05 0.0 0.0 0.0 0.000186377898033188 7.46369571631247e-05 0.0003756901563983875
0.13704674833869135 0.0 0.21514960586845494 0.07463988829430059 0.10607582736736675 0.006683073199829915 0.19416906286846167 0.052071643182174575 0.11761710219948468 0.18292873440580681 0.21520881796989547 0.0004960075750383347 0.07168284811174122 0.19616442019817237 0.0007723934770196169 0.00022043008569793483 0.00010025440507042355 1.159011624583802e-05 2.0961084979447756e-05 5.7053806106036133e-05 0.00034528337408979326 9.719707754874665e-06 0.0 2.8992833531567322e-05 6.617781425378643e-05 8.039108410887242e-05 8.811849502823658e-06 5.0559809342704734e-05 2.208523175377473e-05 0.0 0.23782441063273005 0.008556287644450673 0.001394681147801257 0.0 8.259173825781355e-06 0.00010790173646020988 0.00013187986666547244 8.710062999447392e-05 8.244847421821973e-05 6.175771102761133e-05 0.00026136092981941946 3.945868690301091e-05 5.4473720210370215e-05 0.00020812268798492541 5.8179848853498586e-05 4.045824403842464e-05 0.011217049495418942 0.001481757104563599 6.458742535094098e-05 6.672730111456923e-05 0.0002461080724111701 1.6635212700394674e-05 6.8447424463554395e-06 4.921440092922932e-05 0.0009759759975823376 0.001629517142391203 0.003799522802457834 0.06013190351260765 0.0014753774102844752 0.0079860393573519 0.0001165937751209646 0.000593762837605884 7.103559849993654e-05 0.013615249857254999 0.0015158131176271788 0.001981324339154877 0.0006595257726961639 0.0003861662949567391 0.0003548745812077196 0.00028299481567366957 0.0005079936584354201 4.923397018593823e-05 0.0 0.018881086001461073 0.015456769690883753 0.013536777242145522 0.0070667111521329155 0.0016139226339691966 0.0015730066968995936 0.005426949763849875 0.00020134991134606074 0.0011824070082106528 0.004504249054846438 0.0001413953116020921 0.0012220342291200577 0.0016470783613584303 0.0002896120516747059 0.00010818909839369543 0.0005486725117880379 1.7394954323591824e-05 0.00016893666307423214 3.108976309312474e-05 0.00028872522278529687 3.002469993829543e-05 3.8700666118949176e-05 0.0010878859609645874 0.0001829050390230493 0.0 0.00014794582105715629 0.05857767926816323 0.0 0.00010396007816837198 6.967345003097225e-05 1.7340898919303733e-05 2.6792660509176962e-05 0.0007502475746174566 0.00020159231352842434 1.0019399417134121e-05 0.00032602580473824075 0.00041983523285516985 6.787647188097777e-05 0.00014040978191296404 0.0005010844952101101 0.0001429920692823667 0.00020128783765787666 0.0 0.0 0.0 0.0 0.0 0.0 0.0 0.0 6.8772189804788665e-06 0.0 0.0 0.0 9.362643965213644e-06 0.0 0.0 2.6582072696992825e-05 7.858539550212219e-06 0.0 0.0 3.3918750807133915e-05 1.706440660865893e-05 0.0 0.0 0.0 3.753421366072014e-05 2.97841105896123e-05 0.00015798855166835446 0.0001229632511183041 2.5384571833859957e-05 0.0 0.0 0.0 0.0 0.0 0.0 0.0 3.0371925231138498e-05 7.813843975938552e-06 0.0 0.0 0.0 0.0 0.0 0.0 6.30820074309391e-06 5.483027876795804e-06 1.905731592122022e-05 0.0 2.5825644845212537e-05 0.0 0.0 0.00022657803735512584 0.0 0.0 5.7687186580392465e-06 0.0 0.0 0.0 1.5131097462505607e-05 0.0 0.0 4.60030312477134e-05 0.0 0.0 0.0 9.521274045514896e-06 1.6253469283258942e-05 3.19300156855572e-05 7.920127635105681e-05 1.6656090542609656e-05 0.0 0.0 0.0 5.8756784033195224e-05 0.0 2.5064020039565306e-05 1.746580193000923e-05 5.785107461629102e-06 1.7202846100110617e-05 1.217672413539189e-05 1.0767790290939757e-05 0.0 7.714854401899195e-05 3.9626905077866e-05 6.882407325230631e-05
0.013859665443544684 0.21514960586845494 0.0 0.0032206770638168155 0.06688124481122008 0.00021966017351204885 0.04296725521675517 0.24751838168525014 0.07746159449445796 0.018681871024246538 0.2427104766088456 0.0003122618913391506 0.011140133910612847 0.13222731754025463 0.00018151994455643114 0.00013518554453017224 2.2586745673125443e-05 3.4966834327097885e-05 6.249338992792949e-06 8.265146239547993e-05 0.0008232316313545513 0.0 0.0 3.111211629170539e-05 9.124591944148792e-05 0.0002789666736544651 1.4686374186320314e-05 3.110035378063396e-05 0.0 0.0 0.24773585756685165 0.04219321101913749 0.0058534674809439914 2.1729196630389334e-05 7.778364139688825e-05 0.00013924056027134646 5.3357172579017745e-05 0.000139962407029306 4.87882270985672e-05 8.406102199961768e-05 0.0006415396629024098 5.788691854432009e-05 0.000105453453658072 0.00034386370295689926 9.501652740555404e-05 8.209615774063897e-05 0.0018560150672561385 0.00020380616225325186 7.103281554196367e-06 0.00010232921953692851 0.00013084830772714336 0.0 0.0 6.157960663684276e-05 0.00024358868815670465 0.00014350454137545713 0.0007955313792299188 0.01829852743038193 0.00017845695518866803 0.0012430587942711343 0.0005293338504749633 0.001994662813695766 0.0002189231201049999 0.008394526338934803 0.00021624060886041703 0.00039577953845780777 8.056670021938173e-05 0.00010163951527942372 0.0007032247444827378 0.000885479374201622 0.0003286983579422921 2.6382931564340684e-05 0.0 0.003681051479675657 0.00321009055246637 0.002453144099394934 0.001791163329278748 0.002374954262234076 0.009295446860256618 0.038614832890421585 0.0007752328547057645 0.00704123240789392 0.0005495917768717164 1.7739528500911516e-05 0.000153536295118837 0.000175530674142283 0.00013256408814648658 4.027372462697972e-05 9.102944151867818e-05 0.0 3.462663751588081e-05 1.9510360522155533e-05 0.0007522583820344845 4.065514138968838e-05 2.9836440235270588e-05 0.00015718785476246362 2.6438739292528244e-05 0.0 3.910553312748605e-05 0.003850467947432474 0.0 0.0 1.339074761236186e-05 8.894249065952865e-06 0.0 1.5924810654169394e-05 7.654076508535787e-06 7.603656610597248e-06 0.0 9.102681155698067e-06 9.672943041263226e-06 1.3162477169564956e-05 3.195955724933131e-05 2.6786695622236727e-05 3.1468209957073955e-05 0.0 0.0 0.0 0.0 9.771809135993547e-06 0.0 0.0 0.0 0.0 0.0 0.0 0.0 1.4962430137813288e-05 0.0 0.0 0.0 0.0 0.0 0.0 0.0 8.725289031344721e-06 0.0 0.0 0.0 4.13600026093893e-05 0.0 7.982557937437629e-05 3.8925153962514454e-05 1.8654416710436832e-05 0.0 0.0 9.81291347936711e-06 0.0 0.0 0.0 0.0 0.0 0.0 0.0 0.0 0.0 0.0 0.0 0.0 0.0 0.0 6.174021533778514e-06 6.316430565248401e-06 0.0 0.0 0.0 2.04463710727667e-05 0.0 0.0 0.0 0.0 0.0 0.0 0.0 0.0 0.0 0.0 0.0 0.0 0.0 7.34695936145358e-06 1.2674100268016474e-05 0.0 3.30814784443991e-05 5.483997509138831e-06 0.0 0.0 0.0 0.0 0.0 0.0 0.0 0.0 5.9073898576763985e-06 0.0 0.0 0.0 4.9481266281314655e-05 2.2551183632124556e-05 1.6865804652591243e-05
0.11835393727494536 0.07463988829430059 0.0032206770638168155 0.0 0.0014950445103252402 0.016862560434953777 0.05051186572096723 3.475816118212789e-05 0.0005653981664409802 0.14096923825899008 0.0007009369916696325 0.007204131348453819 0.017833643586561546 0.014599759451342472 9.403952074044574e-05 6.393040867386872e-06 1.5653309662526294e-05 0.0 0.0 0.0 0.0 1.0058608771271079e-05 0.0 0.0 0.0 0.0 0.0 0.0 0.0 0.0 0.011023854425261772 0.0002700827186305102 6.898868346998044e-05 0.0 0.0 0.0 1.1103979682031873e-05 1.3049575757357938e-05 0.0 1.0874738622993068e-05 6.6462162505012515e-06 0.0 0.0 1.5209448773706464e-05 0.0 0.0 0.0023132653390205834 0.00025533571757930406 1.7584471941330582e-05 0.0 1.9580711259640187e-05 1.9148679295065968e-05 0.0 0.0 0.00026561136952328953 0.00051521857743995 0.002570277665053251 0.01179005442119563 0.00043557577892770343 0.0021701038344804514 1.9208991312311247e-05 4.5317297022176304e-05 8.546519524935471e-06 0.0023396914234057593 0.0004303595903296728 0.0004893086311550795 0.00015015068530939093 8.702844084193809e-05 1.4336359048212253e-05 1.668596810785017e-05 0.00030546140417232146 0.0 0.0 0.004694390639607044 0.0033409230268008397 0.0020960816611190138 0.0008931415009707669 0.00013586849579773645 4.646890244635533e-05 6.67791245442554e-05 1.3086420802494088e-05 5.398831714317668e-05 0.0013092316290127053 3.819548225678823e-05 0.0002401789984061492 0.000357958462192282 6.540745095026542e-05 2.583683226739051e-05 0.00011547811004690455 0.0 5.304634170562528e-05 0.0 7.512877672684289e-06 0.0 7.668432085096859e-06 0.010040073266611084 0.0006328823263550377 1.3041377911916935e-05 4.9354254775316304e-05 0.03917101011352163 2.3222975518628817e-05 0.00017363983941868905 0.00041068565760315806 0.0005487641511455185 0.00015693223586648884 0.0006012852994375267 0.00048801096200705294 5.394817898850008e-05 0.00030698930418165683 0.0010874622326145838 0.00022860771841235692 0.00016232041933521296 0.0012544702349729057 0.00044603890837510674 0.00028006535515806433 0.0 0.0 0.0 0.0 0.0 0.0 0.0 0.0 0.0 0.0 0.0 0.0 5.374455914816101e-05 7.973524860240174e-06 5.017434432806774e-05 2.0075433325044768e-05 0.0 0.0 0.0 8.977870828266763e-05 0.00016447836636951032 0.0 9.048600957158284e-05 0.0 6.203691594745929e-05 8.446407027108093e-05 0.00034228437602912504 0.00017076184370162952 9.052736382527112e-05 3.372662093787742e-05 1.4585268737746534e-05 2.3406641397798154e-05 0.0 0.0 2.2811138570449117e-05 0.0 9.13198559984289e-06 1.8019576622096853e-05 0.0 0.0 0.0 6.329848682959716e-05 1.4306007735662584e-05 0.0 0.0 0.0 1.7987072538804877e-05 4.093882403332439e-05 4.28046239419491e-05 0.0 0.00014736878896342027 0.00036928342900567564 4.992132095732981e-05 0.0 0.0 0.0 0.0 0.0 0.0 0.0 0.0 0.00010772331377815465 1.4646451505497723e-05 8.731025161796114e-06 0.0 0.0 5.178770825358393e-05 0.00021405963613265684 0.00021277140946215027 3.802233524051011e-05 2.479458228386673e-05 2.9854037758630524e-05 7.381354006437211e-06 0.0 0.0 0.0 0.0 0.0 6.887867718021821e-06 0.0 0.0 0.0 0.00017380976908564025 5.239762913507271e-05 0.00017874140133783244
0.00023619184069465543 0.10607582736736675 0.06688124481122008 0.0014950445103252402 0.0 1.0162523251137957e-05 0.15085433998029463 0.013352819142058091 0.11873940673532941 0.03520026504745525 0.08487249004745101 0.00013222682827341656 0.02229951829912609 0.13071989054351385 6.269173213469372e-05 2.2624002479941517e-05 6.584383125592538e-06 0.0 0.0 0.0 0.0 0.0 0.0 0.0 0.0 9.060854630548984e-06 0.0 0.0 0.0 6.028906288448153e-06 0.004005575698780021 0.0005127019638447214 8.300197292667244e-05 0.0 0.0 1.0671173389041662e-05 0.0 1.189491434326775e-05 0.0 0.0 0.0 1.0528730413060528e-05 6.765310322238472e-06 0.0 0.0 5.76294415553166e-06 0.000963366724935461 6.91023985665585e-05 6.845029744827448e-06 0.0 0.0 0.0 7.792052091667081e-06 0.0 4.670212337635055e-05 4.290970483393435e-05 8.923005134058736e-05 0.0010033825721265945 4.5374735070802624e-05 0.00042148565139628303 6.334835869586134e-06 2.5323380211018873e-05 0.0 0.0008660417528314743 5.1338094999981245e-05 9.709878654290983e-05 2.4529738352023644e-05 0.0 0.0 9.594048125932962e-06 3.0833754081245344e-05 1.419111196043241e-05 0.0 0.0006409814090106859 0.000680823405697844 0.0010418138723144628 0.0007042788051883779 0.00021240039743006318 0.000116508365319222 0.00015003756399578494 1.50396371746205e-05 4.5818118276717793e-05 0.00017123468877550978 0.0 3.582440845925535e-05 6.583316185650601e-05 3.753906772582854e-05 0.0 4.3198352231302396e-05 0.0 0.0 0.0 0.0 0.0 0.0 0.0002530379294896051 7.039528645799355e-05 0.0 5.05445067634748e-05 4.57430103881641e-05 0.0 0.0 8.360060848804502e-06 0.0 0.0 0.00023098839949047177 0.0 0.0 5.4212311561455274e-05 4.241921107395256e-05 0.0 1.6207833101659113e-05 0.00011511559594941582 3.089407839722658e-05 4.0921116805239705e-05 0.0 0.0 0.0 0.0 0.0 0.0 0.0 0.0 0.0 0.0 0.0 0.0 0.0 0.0 0.0 0.0 0.0 0.0 0.0 1.4827798826964026e-05 0.0 0.0 0.0 0.0 3.260061754637003e-05 0.0 2.482758520388921e-05 9.11092721218402e-06 0.0 0.0 0.0 0.0 0.0 0.0 0.0 0.0 0.0 0.0 0.0 0.0 0.0 0.0 0.0 0.0 0.0 0.0 0.0 0.0 0.0 0.0 0.0 4.650850240834636e-05 0.0 0.0 0.0 0.0 0.0 0.0 0.0 0.0 0.0 6.3328921773551345e-06 0.0 0.0 0.0 0.0 2.736794126291237e-05 0.0 4.5114632547646554e-05 0.0 0.0 0.0 0.0 0.0 0.0 0.0 0.0 0.0 5.435020990852475e-06 0.0 0.0 0.0 2.7250443075153222e-05 0.0 0.0
0.010555034061069484 0.006683073199829915 0.00021966017351204885 0.016862560434953777 1.0162523251137957e-05 0.0 0.00068911091236763 2.3483132648172542e-05 3.904158166829571e-05 0.03988932088010763 6.585193071147871e-05 0.009282410865747407 0.004385306868070768 0.00045460752971245987 0.0 0.0 0.0 0.0 0.0 0.0 9.565497938667048e-05 0.00018065722168145165 0.0 0.0 1.0013413376368035e-05 0.0 0.0 0.0 0.0 0.0 0.0016123886578923482 8.299196864289374e-06 0.0013891798872943766 0.0 0.0 0.0 0.0006345249563526425 1.3391696090879039e-05 0.0002888829117663225 5.308743375026288e-05 0.0 0.0 0.0 0.0 0.0 0.0 5.0222686231578595e-05 1.1385278338689553e-05 3.2581829013419814e-05 7.6007403343265955e-06 7.073447280506425e-06 0.0011638977643036307 0.00020531750570423893 8.853899373017771e-06 2.6829259087644497e-05 0.00010522156935470081 0.002270021650696839 0.001249666548438695 7.847176994034186e-05 0.0 0.0 0.00022674270463893478 0.0 3.5726860297070415e-05 2.0298814774323152e-05 5.602603665423077e-05 1.4684230762617335e-05 0.0 0.0 0.0 0.003858249708925789 0.009317711629449875 0.0005140673916486419 0.0003261223030803242 0.00011381618185673136 1.817935294458952e-05 6.331575425488395e-05 8.866852401730051e-06 0.0 6.890514455195196e-05 0.0 0.0 5.307832924200697e-05 0.0003352643372393952 0.0 0.00031264211561642065 0.0 0.0004000564558643498 0.00026656907750387997 0.0005918216543170201 1.872954034137255e-05 3.4243777865469415e-05 0.0 0.0 8.271125245437115e-06 0.016109535402358183 0.01677433878501561 0.0034465901095025236 0.0009504261351647302 0.01891362918292662 0.0 1.2479910114512083e-05 3.739831607201652e-05 4.82982754668665e-05 3.912737174695417e-05 1.4484581446195362e-05 7.762832656385213e-05 0.0 9.638967045251643e-06 0.0001689882528279351 3.438885572264246e-05 3.204425323243883e-05 0.00011139913636808166 6.30549275821546e-05 0.0 0.0 4.2937063618050415e-05 0.0 0.0 0.0 0.0 0.0 0.0 0.0 1.5105477719654178e-05 0.0 0.0 0.0 0.0 0.0 0.0 7.187899809292624e-06 2.098304560237659e-05 0.0 4.007892396422232e-05 0.0 0.0 0.0 0.0 2.854723950487612e-05 0.0 5.8735574125109344e-05 0.0 1.244543429787112e-05 0.0 0.0 0.0 0.0 0.0 0.0 0.0 0.0 0.0 0.0 0.0 0.0 0.0 4.824364153003889e-05 0.0 0.0 1.7986671108063168e-05 0.0 0.0 0.0 0.0 0.0 6.120292193578177e-05 0.0 0.0 0.0 0.0 0.0 0.0 0.0 0.0 0.0 0.0 0.0 1.7910257585700047e-05 0.0 0.0 0.0 0.0 3.5020510930318426e-05 0.0 0.0 0.0 0.0 0.0 0.0 1.711568299056967e-05 0.0 1.1054537779576822e-05 0.0 0.0 0.0 0.0 7.298119211551539e-05 0.0 2.1635471899239417e-05
0.03802100204769314 0.19416906286846167 0.04296725521675517 0.05051186572096723 0.15085433998029463 0.00068911091236763 0.0 0.0028678986565363164 0.16210802829121762 0.21899269912877983 0.07556618369408451 0.00567070475600617 0.346383073879043 0.3934143398825427 0.00045162031580863837 0.0001468811775351979 3.172437245717812e-05 1.966028408129653e-05 1.1941250568918377e-05 3.158446794029897e-05 0.00010138296758290932 1.7887745979400237e-05 6.526230274432269e-06 0.0 3.759866346469155e-05 3.67960489398899e-05 6.129648678336423e-06 1.9292437743845306e-05 6.132230920938427e-06 7.0838013403357935e-06 0.017389371747778378 0.002080133313635915 0.0012734954821860868 0.0 6.3053336617670904e-06 3.2009286942207806e-05 0.0003742238209095674 6.512756320459699e-05 2.062167331953432e-05 5.305464433629665e-05 6.050933521330942e-05 1.663045653322451e-05 2.405667190089611e-05 8.825179315610788e-05 0.0 2.0304917407106134e-05 0.005842940887067342 0.0004801272203790625 2.8667376017473247e-05 2.4813851943367677e-05 8.66214796046421e-05 0.0 0.0 1.4578027733963162e-05 0.00026595675148158705 0.00043584900026653254 0.0004219954354776421 0.006377904054455792 0.0002908901820668887 0.002792025957804366 8.08787506354319e-05 0.00016026498226513603 3.4950311713260797e-05 0.004938648426719027 0.00040094222214297193 0.0006282919855015631 0.00018868447676740116 0.00014658028895995486 0.0001205733494318659 0.0001142383915588191 0.0007096274447773472 2.6253195642352644e-05 0.0 0.004827854457033062 0.004415709638531693 0.006169979880367984 0.00406326110056785 0.0011382786831241958 0.0005070381140484595 0.00048381386979222916 0.00013212504885411224 0.00032663305187453207 0.001062097329903169 2.8435372170388554e-05 0.00033505379517850885 0.0003965033864660826 0.00010894684958946497 1.1710521854777934e-05 0.00013903084911306152 6.135389236332762e-06 3.957787050954592e-05 0.0 0.0001550455241711379 7.285571450786585e-06 6.42201373761023e-06 0.0018722851329456504 0.00044905182909683037 0.0 7.135905968320973e-05 0.0010644725985535623 1.6636110016170258e-05 5.935427679602247e-05 0.00024579509614627685 0.0001350721472329313 0.00011847063257711551 0.0003344796355775435 0.0001779447349736901 0.0001406228427549749 0.00043946202747844937 0.0011977225881883954 0.00014219319062160003 0.00029763698279150843 0.0010062640951211273 0.0005706075769596491 0.00039743429008957406 0.0 0.0 0.0 0.0 0.0 0.0 0.0 0.0 0.0 0.0 0.0 0.0 0.0 0.0 1.7688083380343422e-05 0.0 8.745837759385432e-06 0.0 2.374505144865507e-05 0.0001594335340918021 0.00011988778542083453 0.0 0.0 0.0 0.00019099405098174456 0.0 0.0003009773052115066 3.10929243602157e-05 7.799755527922515e-06 0.0 1.0217862643460193e-05 0.0 0.0 0.0 0.0 0.0 0.0 0.0 0.0 0.0 0.0 6.152152413445217e-06 0.0 1.1337100254341668e-05 0.0 0.0 1.0321394386664018e-05 2.3257515288696763e-05 0.0 0.0 0.0 0.0001956443422696273 8.26472498324392e-06 0.0 0.0 0.0 0.0 0.0 0.0 0.0 0.0 0.0002075846005765285 0.0 0.0 0.0 0.0 0.00011632777363209305 9.626212764112466e-06 0.00020256363620972163 1.5644618883748046e-05 7.5800525813746e-05 0.0 7.207016964467676e-06 0.0 0.0 0.0 0.0 0.0 5.222459969471037e-06 0.0 0.0 0.0 0.0002780500345968887 6.501058697519194e-05 0.0001460410931894733
0.0005990304826393199 0.052071643182174575 0.24751838168525014 3.475816118212789e-05 0.013352819142058091 2.3483132648172542e-05 0.0028678986565363164 0.0 0.019584683736596543 0.0029317555015509183 0.29956120172791634 0.001659462264588348 0.012359263065642907 0.1469554205830343 0.0009136308654727507 0.0011042801735385184 4.852236433943726e-05 5.173484238303782e-05 5.8116380488656726e-05 0.000762051968296266 0.006376832155171566 2.262593141368936e-05 1.8278756248106543e-05 0.00023859893994956013 0.00036166984141176606 0.0012247582235090822 4.4527684721030766e-05 0.0002019742187969252 4.0565065447522844e-05 4.165945026472731e-05 0.09174895924533115 0.17216181163966052 0.009355001266511715 0.0004811073469875089 0.0004415654920963461 0.0007911043129513933 0.0007269802823256211 0.0004902471732775005 0.00020439464102651986 0.0002429254650455179 0.0036866240531731233 0.000539599339727451 0.0006895881682601742 0.0031429760266340236 0.0003754264050862471 0.0015378279661748054 0.0040185809129967736 0.00012251877676853462 0.0001916053163610484 0.000762259216755663 0.000537301499983061 4.1595723134480875e-05 0.0 0.00016055056038995807 5.184344317325461e-05 9.404961898656717e-05 0.00022185830051672502 0.007169618202197521 0.00013716914566741013 0.0010195925496358556 0.007644555280241565 0.008889694939957298 0.002440467702706939 0.022873214636716776 8.561543316418678e-05 0.00014590845722554612 0.00016197906595086635 0.00031958781740236663 0.005548192272746801 0.0077031904086223 0.0015245778919962952 0.0002937042095984771 0.0 0.002162160001720513 0.0034861103358366286 0.003770979262904684 0.010135164908300538 0.044162438738775976 0.16677850582403644 0.09750492696305987 0.012077397210960766 0.08673841492992718 0.0002925310941770547 1.4297049336389866e-05 7.370813497770697e-05 9.371827824913959e-05 0.0006337651734056926 0.0 2.7316749004355595e-05 0.0 0.00010105437782674118 8.729364881636555e-05 0.005717754705837578 0.0004480404499244631 0.00024927467420184486 0.0005611759100284849 0.00019286048894879082 0.0 0.0002898619019715663 0.0003058660119235043 0.0 0.0 9.593177375427044e-06 0.0 1.0886850910115178e-05 0.0 1.415092165911534e-05 0.0 0.0 0.00014442421379327056 1.4962565423908835e-05 2.547652357923399e-05 0.00013815049083461538 9.208078961511521e-05 0.0001448380770811869 0.0 1.7957984552412943e-05 2.5197250770363523e-05 0.0 0.0 0.0 0.0 0.0 0.0 0.0 1.173408524897698e-05 0.0 3.3132703171618806e-05 0.0 0.0 0.0 2.73548101485034e-05 0.0 0.0 2.17337220732729e-05 0.0 0.0 0.0 1.4788783300905786e-05 0.00019114120338969919 5.689420983703792e-05 0.0002852972221846959 0.0001895265052973062 6.121848819991068e-05 2.679555513967233e-05 0.0 0.0 0.0 0.0 0.0 1.260708888331948e-05 0.0 6.206323524241209e-05 0.0 0.0 2.9895783112122272e-05 2.207692567945729e-05 1.6317873827882015e-05 0.0 0.0 0.0 0.0 0.0 0.0 0.0 2.2837168599132145e-05 0.0003514186752671766 0.0 0.0 0.0 0.0 0.0 0.0 0.0 0.0 0.0 0.0001240924974405092 1.2027045075121775e-05 1.4025225625915194e-05 0.0 1.0650248811630034e-05 3.834039137530391e-05 4.3969853413874344e-05 5.0781541777465705e-05 0.0 3.437346754421025e-05 5.056957650685413e-05 0.0 0.0 0.0 0.0 0.0 0.0 0.0 1.2840836691163192e-05 0.0 9.328696502269482e-06 0.00012010675162390353 0.00015195801112387208 0.00022131750591056876
0.00041207141767736635 0.11761710219948468 0.07746159449445796 0.0005653981664409802 0.11873940673532941 3.904158166829571e-05 0.16210802829121762 0.019584683736596543 0.0 0.008472460215786778 0.057811870610628355 0.0002104283959686326 0.04137436316005114 0.10764988597515293 2.947959044361525e-05 1.2866916406739501e-05 0.0 6.906386662679818e-06 0.0 2.07426682839014e-05 2.6588887180613127e-05 0.0 0.0 0.0 0.0 8.719827408679936e-06 1.9771047973193832e-05 0.0 0.0 0.0 0.0021053315665072844 0.00029039900794083364 0.00013166434214067428 0.0 0.0 7.590989404508667e-06 4.1258785980242435e-05 1.5947494934722067e-05 5.577471838024623e-06 0.0 2.193724352372429e-05 0.0 7.414399726060837e-06 0.0 0.0 5.441479795028834e-06 0.000578123969119121 2.9987296530546726e-05 0.0 5.334796623722809e-06 0.0 0.0 1.1083778270294656e-05 0.0 1.951490416716832e-05 2.2309187308047693e-05 1.1649611627015602e-05 0.000379285329781287 2.1931782393008942e-05 0.0002605902615072467 3.3583492676328635e-05 0.00010359113035612827 0.0 0.00035194779197756477 2.772542960493871e-05 1.5151121772445015e-05 1.8189406915261484e-05 1.166717422196541e-05 6.319376358485359e-06 4.896039169181689e-05 5.089896125331472e-05 0.0 0.0 0.0003106939466455319 0.00027383657965179527 0.0004490605474247771 0.0004118195917115614 9.448600371977205e-05 0.0008969120208758834 0.000648499684352608 6.759521553197174e-06 3.268435275222442e-05 3.7686594999255227e-05 0.0 2.8798850980725923e-05 2.245588810641792e-05 0.0 1.8603974182824132e-05 1.6353730546596484e-05 0.0 0.0 5.1934821797532945e-06 2.2764560797624248e-05 0.0 0.0 0.00010916191168179108 3.397526005522059e-05 0.0 6.901044091779121e-06 1.4879609957914268e-05 0.0 0.0 0.0 0.0 0.0 0.0001233066780695335 0.0 0.0 7.82623962593716e-06 5.113312426648442e-05 1.2013221295903579e-05 2.7736659334768383e-05 4.869915227350875e-05 3.12979600310384e-05 0.0 0.0 0.0 0.0 0.0 0.0 0.0 0.0 0.0 0.0 0.0 0.0 0.0 0.0 0.0 0.0 0.0 0.0 0.0 0.0 0.0 6.598198541670281e-06 0.0 0.0 0.0 8.629629463053685e-06 0.0 3.4184937760943744e-05 0.0 0.0 0.0 0.0 0.0 0.0 0.0 0.0 0.0 0.0 2.2228481526834795e-05 0.0 0.0 0.0 0.0 0.0 0.0 0.0 0.0 0.0 0.0 0.0 0.0 0.0 1.2172194756912823e-05 0.0 0.0 0.0 5.232257634485612e-06 0.0 0.0 0.0 0.0 0.0 2.970425342118059e-05 0.0 0.0 0.0 0.0 1.5591920276010985e-05 0.0 1.5251282186147694e-05 0.0 0.0 0.0 0.0 0.0 0.0 0.0 0.0 0.0 0.0 0.0 0.0 0.0 3.415597571360803e-05 1.1339474894280683e-05 0.0
0.18988229484887892 0.18292873440580681 0.018681871024246538 0.14096923825899008 0.03520026504745525 0.03988932088010763 0.21899269912877983 0.0029317555015509183 0.008472460215786778 0.0 0.012394798088780634 0.10470921308864595 0.6284116493943991 0.0789440159393499 0.0011992695187698047 0.0009649593123603465 6.5865981279388e-05 0.0 1.715355571808258e-05 7.592412565038925e-05 0.00042138761571220465 7.687323829039255e-05 0.0 6.745237850449048e-05 0.0001029417777593564 0.00017707858911451845 2.9167443113525717e-05 1.8714152162940333e-05 3.243133872852582e-05 3.194461871268577e-05 0.014646146151989375 0.0028092031462815183 0.010658588940655392 4.316418634280761e-05 3.3709803646326744e-05 9.668950478011297e-05 0.0030816845301857615 0.0003439962257724557 0.00034712789915300625 0.00024766474752705456 0.00042326845057956473 0.0001415376060093429 1.323224248721795e-05 0.00042361426200972197 5.176053542635557e-05 7.372208322013309e-05 0.013246020378868382 0.0007183843445118041 5.612533369666911e-05 0.0001634427690182416 0.0001357776278169751 0.00015464151758216876 5.944960134674597e-05 3.060563073133051e-05 0.0003220953678130921 0.0007311926692484842 0.0024329057811188957 0.00953491675487111 0.0007562674556015084 0.004605464907205133 0.00031968298551316875 0.0025670443534428844 0.00018708353062960834 0.007108210735556458 0.0005511922404071102 0.000951279706796257 0.00026323584309138995 0.00028463546163918943 0.0006117670806559363 0.0006596546811591965 0.012923789486364263 0.0015497933178386595 4.1639655203226186e-05 0.007275226413309914 0.006658571749554496 0.011227924853406283 0.008611457139082674 0.0038265477718227477 0.0014585130096555806 0.001186431655912996 0.0007655795832466935 0.0016419677106734132 0.00148849321768667 7.547766825243368e-05 0.00047869971347551415 0.00052198547183938 0.00017151890961183137 9.300507848645835e-05 0.000224898130380778 6.0769432816971106e-05 0.00013234190852968612 1.9807163949262317e-05 0.0007649557874232444 7.651910209183922e-05 8.532123952885056e-05 0.054273349424023544 0.015842126667520693 0.0003081417488715777 0.0014051808994407012 0.027420302974818945 0.0005678373009513621 0.003494462076344582 0.005398252707046938 0.004661432327591833 0.0026062599499262684 0.0017693609197490415 0.0072602150386305315 0.000862406942098426 0.010277563971890901 0.02687653213261061 0.003272535624596311 0.005221904898984129 0.026207613223447192 0.010737664206125612 0.006861006436469387 4.664962695983266e-05 7.333230134917442e-05 1.2099022197449678e-05 0.0 7.49659168652705e-06 0.0 0.0 5.454568109836665e-05 0.0 4.909587210739678e-05 0.0 1.633767922032135e-05 0.00022780179306783506 0.000151872361742753 0.00018064894758384778 0.00023411217314694093 0.00015817869406188 1.853271924227176e-05 5.779539282715968e-05 0.0016765704350190443 0.0019554282299318595 0.0 4.4619971483972336e-05 8.59637535364797e-05 0.002894078690934042 0.0005758514819890375 0.004712825439757254 0.0010131993798777154 0.0003754605552323598 2.9952590481568603e-05 0.00010959807110215322 4.0677431618740915e-05 0.00014691677106096277 9.235310724282601e-06 0.0 2.220920301224395e-05 0.00011288802577085322 0.0003705953602598701 0.0 0.0 1.4336811641695555e-05 6.42310802994094e-05 0.0001396506478473233 2.5881180525360673e-05 0.0 1.7381055768058996e-05 0.000198628645308622 0.0003438235933352901 0.0004219034212546894 1.8024132073896164e-05 0.00027191666284520264 0.005151319829255699 0.00034489814619478556 2.834279122168284e-05 2.6398451585222376e-05 6.323828008953169e-06 2.7069724465069157e-05 0.0 8.211984067855159e-06 0.0 3.4623743869284316e-05 0.00405473713200517 0.0002774293277239636 4.507855789533089e-05 2.3683351150094716e-05 0.000138651593976185 0.0028256390889585077 0.0009538008886339701 0.002467224181810772 0.00022962341247324808 0.0006509982807916056 0.0003443587197000174 6.706006211002535e-05 5.471879859767847e-05 7.78897199623345e-06 2.2625557040166758e-05 8.798846295268666e-06 1.661548601986548e-05 0.0 4.3940769363077915e-05 1.1142504242550622e-05 6.69249890285804e-05 0.00631123927913094 0.0017153700238069093 0.003069925784987287
0.002647436303382769 0.21520881796989547 0.2427104766088456 0.0007009369916696325 0.08487249004745101 6.585193071147871e-05 0.07556618369408451 0.29956120172791634 0.057811870610628355 0.012394798088780634 0.0 0.009061317549559043 0.11580473230737617 0.26955135641887834 0.000873576379588829 0.001166272923741249 6.979718613760989e-05 6.547396153043415e-05 5.7192799532555414e-05 0.00018124388466934265 0.002394113298540668 7.180609315395755e-05 0.00010694757838676667 0.0003338341211702897 0.0007377902538372556 0.0016632272200533672 0.00011893464027128491 0.0002745819115839931 8.572186740907703e-05 8.246187590481983e-05 0.04366041902210215 0.009638821099595662 0.037658358684586085 0.00015122053710005327 0.0003102440903689067 0.000948833602838182 0.010416585062694906 0.001799757781897211 0.0010381672218342823 0.0006137618195284589 0.0028943810115741003 0.0004984043399113876 0.00010260970746091177 0.0008120055040706182 4.067841945321316e-05 0.0001621684532020039 0.003592461090511804 0.00023497870567837118 5.3121858404162254e-05 0.00016101902662188743 0.00038489330051669283 0.0001329324854673088 8.815522003770976e-05 0.00017839949401841814 6.299118126588005e-05 0.00016089946864182982 0.00019095249601268547 0.0037777636244608727 0.00013327008921303619 0.0010601348333968371 0.000885147055468711 0.0073487202639673605 0.00048683641845641105 0.0039564897453572 0.00011385421545171059 0.0001640142966897117 9.257393941011474e-05 0.00022704824902366246 0.0010804315470551084 0.0021910672247349673 0.008489501659671501 4.926337990726286e-05 0.0 0.001617574107521672 0.0020421648817873163 0.0035673125579862718 0.004573275660730825 0.0037421482625362118 0.03759754050745096 0.12316492474959888 0.0007963951917729044 0.045775711556732025 0.00040163546745253405 0.0 0.00010353591345921622 0.00013867820991664918 0.00017070606155481275 1.1965798353943599e-05 0.00010869334853582234 0.0 0.00011577185895994847 0.0 0.0020068739108303666 0.0002143399607294265 0.00012545821697044663 0.0014901810012634756 0.00033209604314265247 8.556596617231041e-06 0.0007103114778417262 0.0004298775049694915 0.0 0.0 8.777080484317427e-05 3.161090087557203e-05 5.589494491959058e-05 0.0 1.2501482097384604e-05 0.0 0.000160468523393565 0.0001557465147326577 0.00012001825975892954 3.692455498828201e-05 0.00022646382243791838 8.979509856210583e-05 0.00016377137205704463 0.0 1.2463493761753683e-05 0.0 0.0 0.0 0.0 0.0 1.9949433267091707e-05 0.0 0.0 0.0 9.99105427439412e-06 1.3495109766217653e-05 0.0 0.0 0.0 6.846798303058385e-06 1.304987584651534e-05 9.680583999939986e-06 3.7752429148946204e-05 4.5398812060215324e-05 0.0 7.681405283736113e-06 0.0 6.66816177058233e-05 2.4847229236912765e-05 0.0001121574365794244 5.32153538868739e-05 8.170976146571518e-06 0.0 0.0 0.0 0.0 0.0 0.0 0.0 0.0 0.0 0.0 0.0 7.4203346040853315e-06 1.4065602868018843e-05 1.3631188884264035e-05 0.0 0.0 0.0 0.0 3.283656830379877e-05 0.0 0.0 0.0 0.0002442632561138896 1.5553577736784433e-05 0.0 0.0 0.0 0.0 0.0 0.0 0.0 0.0 7.459627884796474e-05 2.807406876046766e-05 0.0 7.247288437442077e-06 0.0 6.55980626635551e-05 3.028338613901843e-05 8.729750028851859e-06 1.0824509109487185e-05 0.0 0.0 9.449393345276915e-06 0.0 6.708269768758358e-06 0.0 0.0 0.0 0.0 2.522541782740683e-05 0.0 0.0 0.00010664301347337075 7.791378711275839e-05 0.00015677832554909934
0.021167092793523405 0.0004960075750383347 0.0003122618913391506 0.007204131348453819 0.00013222682827341656 0.009282410865747407 0.00567070475600617 0.001659462264588348 0.0002104283959686326 0.10470921308864595 0.009061317549559043 0.0 0.10126746417337867 0.015591060721782339 0.000907397759335576 0.000968092106401718 5.8491512105340765e-05 0.00013537304417131476 8.254988319959705e-06 0.0002655840727248027 0.001715168496719481 0.000734677871761981 2.5342486051356846e-05 0.0001327978103729595 0.0008246676588223719 0.001025490895495057 5.371443757599906e-05 0.0001607633403288396 0.00025453906597364487 4.9510072872627846e-05 0.0004978236703435042 0.0006448581919622881 0.011177131171792523 3.608491880849583e-05 7.616826589011852e-05 0.00035860905400968916 0.010144937296461015 0.0020732070104002224 0.0022842784979251254 0.0010120869351046792 0.002278449402804464 0.0003438376842430533 4.655950871001543e-05 0.00035073261094356633 2.341437631881764e-05 9.357563111414154e-06 0.0029481075240490647 4.170222723619133e-05 7.042838481620707e-05 4.712380816838754e-05 0.00044527047990872685 0.00021750288962559444 0.0003677868287874072 0.0005393976675149385 0.0 3.322537906656613e-05 7.024328146077886e-05 0.00029563486074181487 4.757404177023201e-05 0.0003507121881545819 0.00018527810373995926 0.0012565993837790304 0.00016359888376106445 0.0012062112057563837 4.165703380908604e-05 0.00012891792322040113 6.606262478474157e-05 0.00022482314646348273 0.000681149096395972 0.0014604226043790577 0.017433070780566683 0.0008878480649960751 0.0 0.0005118882647151744 0.0005972994060360894 0.0023522063312952667 0.0028482207208172213 0.002296544107976991 0.000717544476623832 0.0005734984829058198 0.00030269709009927813 0.0006313726033855007 0.00012692981287461115 0.0 2.0439405068719383e-05 1.3356167502439965e-05 6.552143120759078e-05 6.338001072272606e-06 4.992218285274584e-05 8.628445832704967e-06 0.00019834461485673306 0.00010336069631970143 0.0020997536214139 0.0004513378709097892 0.0002826687481422719 0.04833521504057919 0.01047159123798455 1.7082958021979862e-05 0.0021023599965956027 0.001487417225383118 0.00019631605692006971 0.00091731717986835 0.0018311460348201171 0.0014915417270146645 0.0008501398429156105 0.0021560729302821696 0.0020680237100979956 0.00028007603784011855 0.0038261956048977965 0.00808555387145091 0.0008935159310675519 0.002198269866793079 0.012459338967351564 0.005070350515156209 0.002243937936555499 3.573694870420307e-05 3.7438514244524604e-05 0.0 8.839849297057921e-06 0.0 0.0 0.0 1.270667224033095e-05 0.0 6.089246838760855e-05 0.0 2.346522568861588e-05 7.646960656689539e-05 2.3935756632338046e-05 8.483151517779038e-06 5.8950664258553446e-05 7.506741095390064e-06 4.1469223255898434e-05 3.1528293709779825e-05 0.000661903962050373 0.0007438301832367689 0.0 1.523959691113809e-05 2.911010935818033e-05 0.0008586735373186875 0.00012780333748340885 0.0014387541305436948 0.00026273769754984376 4.366981148361477e-05 4.5570457154858096e-05 2.9239375468454727e-05 0.0 2.4244092830128537e-05 0.0 0.0 4.7969017643361016e-05 2.8937127144964063e-05 7.172734237981273e-05 0.0 7.790029195576508e-06 5.138179290079389e-05 4.8751246767335496e-05 5.464494222849599e-05 0.0 0.0 2.007440859436464e-05 5.61547006183926e-05 0.00010564626340145237 0.00017390745499366796 0.0 2.7722816861471524e-05 0.0016829305664368018 0.00015280350592951982 0.0 0.0 0.0 0.0 0.0 6.8860199559313e-06 1.2827588492787893e-05 5.396024650822329e-06 0.0015385670882292427 0.0001181604240197626 1.5918326760571677e-05 0.0 2.6819415671332148e-05 0.0006483440177757234 9.346172710897912e-05 0.0004945094045174589 0.00010227898903952374 0.00021379915726818042 6.912744469636483e-05 0.00010129164208917033 4.1899972216337384e-05 0.0 0.0 0.0 0.0 0.0 0.0 9.065857756337204e-06 2.83079336522777e-05 0.002572374710714876 0.0005357155558433913 0.0008703133694828177
