0.0 0.2805746511393027 0.020670130580906134 0.13125594279102912 0.03961590818248401 0.0017583528404729852 0.22286236733872986 0.03451960939821011 0.08323008675297164 0.15929366896296593 0.08855406802996431 0.0028853431490626935 0.005467972194616583 0.006818241002288937 0.0001287490953539286 4.329544906784126e-05 0.00013027067202799576 5.79718660551128e-05 3.992050187054913e-05 4.166930665445287e-05 1.8225899266764185e-05 0.0 0.0 6.308105461887865e-06 5.563601194913019e-05 1.5166627035481819e-05 0.0 0.0 0.0 0.0 0.02929532000329232 0.0008900511293766252 0.0007812530098282668 1.9323965208901463e-05 0.0 0.00012610622898397882 0.00012765540482448409 0.00014574659602861154 0.0001196121418682148 4.1442215756801294e-05 0.0 6.605616373474669e-06 3.844615368970672e-05 2.5573942976049432e-05 8.964250955044561e-05 0.0 0.00428691873380596 0.00036411329632997396 8.574812581381944e-05 1.5653753949552127e-05 4.666055424801785e-05 1.776380411354949e-05 1.7770410998544244e-05 7.823950570071554e-06 0.0009710969850342796 0.0005464311961995102 0.028776607884560556 0.14046612611529707 0.016416503629495593 0.012453562229462667 0.00012021585359929532 0.0007482060494568175 1.999814367703192e-05 0.000301083412393196 0.0006158750311959818 0.00031075176264846544 4.153716422310313e-05 6.138986120972552e-06 5.604209377640422e-05 3.5543035135003666e-05 0.00014653850077718782 0.0 8.383605952558002e-06 0.016810849310310443 0.00028435675703880847 0.00020852975974095135 2.8240706444885186e-05 6.941237259730703e-05 0.0007047527975047335 0.0008380870704535896 0.0 0.001061036050333903 0.002130245465024173 8.802114235766842e-05 0.00022409688519149765 0.00046030391733687347 6.059280627275654e-06 3.4979880250367556e-05 2.9215168161314725e-05 4.271075187015807e-05 4.558720128497876e-05 6.406305442972235e-05 1.7855962204468176e-05 1.569274882452832e-05 1.621404512125792e-05 6.06227031518618e-06 0.0 0.0 8.165381564358331e-05 0.08545280163744795 0.0 0.0 0.0 0.0 0.0 0.0 0.0 0.0 0.0 0.0 0.0 0.0 0.0 0.0 0.0 0.0 0.0 0.0 0.0 0.0 0.0 0.0 0.0 0.0 0.0 0.0 0.0 0.0 0.0 0.0 0.0 0.0 0.0 0.0 0.0 0.0 0.0 0.0 0.0 0.0 0.0 2.837887467945479e-05 0.0 0.0 0.0 0.0 0.0 0.0 0.0 0.0 0.0 0.0 0.0 0.0 0.0 0.0 0.0 0.0 0.0 0.0 7.086452227148481e-06 0.0 0.0 0.0 0.0 0.0 0.0 0.0 0.0 0.0 0.0 0.0 0.0 0.0 0.0 0.0 0.0 0.0 0.0 0.0 0.0 0.0 0.0 0.0 0.0 0.0 0.0 0.0 0.0 0.0 0.0 7.997940352123009e-06 0.0 8.84928518267433e-06 7.683094573541641e-06 0.0 0.0 8.175339738685673e-06 0.0 0.0
0.2805746511393027 0.0 0.03971855839830224 0.03408325303303452 0.2375677601541204 0.0006481949408678195 0.3840313830573086 0.04008089964243729 0.3250530279207529 0.010487833841588972 0.17929246005972418 5.8178053977527645e-05 0.0836291739359818 0.1288451015670817 0.0003644932167615934 5.449542915545743e-05 5.289053747922296e-05 1.9808861833533474e-05 0.0 2.7565982380889758e-05 0.0 9.573475717946621e-06 0.0 0.0 1.619239635048109e-05 0.0 0.0 0.0 0.0 0.0 0.1682434213901153 0.0002947578111948552 0.0003953361472680842 0.0 0.0 4.089728466120317e-05 2.7327983705961463e-05 5.294656795668676e-05 5.1361830502989776e-05 3.058536844942518e-05 1.9934616209666283e-05 9.255130437215586e-06 7.107183687153953e-06 1.2503500576696658e-05 2.0668397994957353e-05 0.0 0.005818140303716222 0.00035434245685254527 7.562147059623036e-05 6.325173001694384e-06 6.524038879743272e-05 0.0 0.0 7.0056809732904036e-06 0.0010989354936053449 0.0007383931863820011 0.010121332885864557 0.07205578714827031 0.009679154986195237 0.015191077530035799 3.737805234561946e-05 0.0001565157736212417 1.039501888991763e-05 0.0002127373184612336 0.00047478120159205345 0.0002765500611967182 3.913955457952341e-05 1.1016530944844443e-05 5.513505558453331e-06 2.0912275502295276e-05 0.0001409506090629342 0.0 0.0 0.016763792387320134 0.000896044532777867 0.0009145951653805788 0.00013762335906859365 3.0090413343627133e-05 0.00014870109137940868 0.00020768097728881196 0.0 0.00029342084286995045 0.0020654386738285643 0.00020755745142782197 0.00013161548273899222 0.00041722489505932175 4.776689018146134e-05 8.958682920062629e-06 4.957993688238372e-05 4.641995682161995e-05 5.745794018187302e-05 8.517144458747065e-05 1.9034187859949284e-05 4.832056145667208e-05 3.2411156366303334e-05 1.061172069600911e-05 0.0 0.0 0.0 0.06149194461206179 0.0 0.0 0.0 0.0 0.0 0.0 0.0 0.0 0.0 0.0 0.0 0.0 0.0 0.0 0.0 0.0 0.0 0.0 0.0 0.0 0.0 0.0 0.0 0.0 0.0 0.0 0.0 0.0 0.0 0.0 0.0 0.0 0.0 0.0 0.0 0.0 0.0 0.0 0.0 0.0 0.0 0.0 0.0 0.0 0.0 0.0 0.0 0.0 0.0 0.0 0.0 0.0 0.0 0.0 0.0 0.0 0.0 0.0 0.0 0.0 7.5112363118125505e-06 0.0 0.0 0.0 0.0 0.0 0.0 0.0 0.0 0.0 7.428615650615953e-06 0.0 0.0 0.0 0.0 0.0 0.0 0.0 0.0 0.0 0.0 0.0 0.0 7.576136492460152e-06 0.0 0.0 0.0 0.0 0.0 0.0 0.0 2.4886177544443508e-05 1.1662670221253805e-05 0.0 0.0 0.0 0.0 0.0 0.0 0.0
0.020670130580906134 0.03971855839830224 0.0 0.0 0.028599532252514156 0.0 0.014069553761994202 0.11429927579487958 0.11726233922927201 5.231279847704271e-05 0.46368746398700944 0.00043391714416260137 0.005631530287230241 0.028981840772316067 0.0018184952335540717 0.0007523540027899277 0.0011385122405093674 0.00040834617786296207 0.0004359785786300121 0.00043574095847145623 3.279374238118935e-05 8.358575729425154e-05 3.92008635860874e-05 5.796079090262764e-05 0.0005994072872503845 4.223972373055355e-05 0.0 3.1166627062437395e-05 2.8252727592585563e-05 0.0 0.11841740153689793 0.032927888422124844 0.0019898849073912966 0.00016405892596043376 6.484181874585633e-05 0.0013238992564015971 0.0006040219376677938 0.0014874143442324577 0.0005916083790869415 0.0003494073438284465 7.406912527253766e-05 6.423218796500164e-06 0.00045684678033647427 0.0007347630771580174 0.0008534042813563736 2.767899790679412e-05 0.004315356153731028 7.27868224004285e-05 0.00024273958776178549 0.00019524908254687357 4.0758141451258596e-05 1.366843084459546e-05 0.00016014000756140676 9.181228072653812e-06 0.00023432719268194353 0.00022310338144009058 0.0019301051776481207 0.01254203466713259 0.0025955182862514316 0.006864787529071187 0.004613441573327914 0.005884210897796237 0.000873312873974002 0.025996583678042882 0.00022296910275696385 0.00012929147737833098 2.4218617789944447e-05 3.882477622417089e-05 0.0002531333167388777 0.00013203776447557531 0.0009106228885931051 0.0 0.0 0.00855741443236423 0.0031005571725992694 0.0018319174664085363 0.0012717725081845225 0.001401227576199004 0.021205673841184016 0.006516865144006363 9.321801956199887e-05 0.006281666979237094 0.0007178511696809184 7.032869893038286e-05 6.412171855313384e-05 0.00016460468506059663 7.785842547127369e-05 0.0 4.594810954892817e-05 2.1382289336307998e-05 2.4648101983377057e-05 1.772084723673103e-05 0.00010322455408737037 5.6089112607044536e-05 0.0001122959710117854 9.203434977650464e-05 7.453011740538575e-05 0.0 0.00035654858925766625 0.0038793171816309284 0.0 0.0 0.0 0.0 0.0 0.0 0.0 0.0 0.0 0.0 0.0 0.0 0.0 0.0 6.654400628133366e-06 0.0 0.0 0.0 0.0 0.0 0.0 0.0 0.0 0.0 0.0 0.0 0.0 0.0 0.0 0.0 0.0 0.0 0.0 0.0 0.0 0.0 0.0 0.0 0.0 1.1082013094414686e-05 0.0 0.0 0.0 0.0 0.0 0.0 0.0 0.0 0.0 0.0 0.0 0.0 0.0 0.0 0.0 0.0 0.0 9.67288239739772e-06 0.0 0.0 6.601686900383169e-06 0.0 0.0 0.0 0.0 0.0 0.0 0.0 0.0 0.0 0.0 0.0 0.0 0.0 0.0 0.0 0.0 0.0 0.0 0.0 0.0 0.0 0.0 0.0 0.0 0.0 0.0 0.0 0.0 0.0 0.0 6.02075061771937e-06 0.0 0.0 0.0 0.0 0.0 2.7050604542502525e-05 0.0 0.0
0.13125594279102912 0.03408325303303452 0.0 0.0 0.005135521607132485 0.06136748771730763 0.16313446378698554 4.058680246667796e-05 0.02226052726068491 0.13763737242603125 0.0012842456345966255 0.007068202562967846 0.06120164435752687 0.049858087235099886 0.0 0.0 0.0 0.0 0.0 0.0 0.0 0.0 0.0 0.0 0.0 0.0 0.0 0.0 0.0 0.0 0.0022756715310228662 0.0 3.29663180497306e-05 0.0 0.0 0.0 0.0 0.0 0.0 0.0 0.0 0.0 0.0 0.0 0.0 0.0 0.0003287241984807594 3.063990142149046e-05 0.0 0.0 0.0 0.0 0.0 0.0 2.5368563540948873e-05 9.09435442515364e-06 0.0017110143492075442 0.0022230466292366474 0.0006907128676263739 0.0006732645350262839 0.0 0.0 0.0 0.0 2.6713755725476996e-05 9.572637067608906e-06 0.0 0.0 0.0 0.0 2.6643057738580748e-05 0.0 0.0 0.0006432361965934432 8.380250759775325e-06 1.1193919094202303e-05 0.0 0.0 0.0 0.0 0.0 0.0 8.770950213961625e-05 0.0 7.932554605941372e-06 2.6525615345414215e-05 0.0 0.0 0.0 0.0 0.0 0.0 0.0 7.364264910140236e-06 0.0 5.059292890408546e-05 0.0 0.0 0.0 0.0795956858855169 0.0 0.0 0.00025082505706787856 0.0004731064310620101 0.0 0.006201783416061368 0.0 0.0 0.00034935848978483164 0.0 0.0 0.0 0.0 0.0 0.0 0.0 0.0 0.0 0.0 0.0 0.0 0.0 0.0 0.0 0.0 0.0 0.0 0.0 0.0 0.0 0.0 0.0 0.0 0.0 0.0 0.0 0.0 0.0 0.0 0.0 0.0 0.0 0.0 0.0 0.0 0.0 0.0 0.0 0.0 0.0 0.0 0.0 0.0 0.0 0.0 0.0 0.0 0.0 0.0 0.0 0.0 0.0 0.0 0.0 0.0 0.0 0.0 0.0 0.0 0.0 0.0 0.0 0.0 0.0 0.0 0.0 0.0 0.0 0.0 0.0 0.0 0.0 0.0 0.0 0.0 0.0 0.0 0.0 0.0 0.0 0.0 0.0 0.0 0.0 0.0 0.0 0.0 0.0 0.0 0.0
0.03961590818248401 0.2375677601541204 0.028599532252514156 0.005135521607132485 0.0 0.0 0.13276032680019706 0.00022091089218446907 0.16897945835288763 0.0003599555500685903 0.002605900186591885 0.0 0.019522845737899693 0.05561109162349463 0.0004164457894870207 0.0 0.00016730280535801482 0.0 0.0 0.0 6.237596733177847e-06 0.0 7.220849788073461e-06 1.2686980473923639e-05 0.0 2.8530673939171345e-05 0.0 9.910626756638285e-06 0.0 7.844745313283045e-06 0.011870947218702726 6.489134702175962e-05 0.0 0.0 0.0 0.0 0.0 0.0 0.0 0.0 0.0 0.0 0.0 0.0 0.0 0.0 0.0053399114939777295 8.793903683359745e-05 1.1262500346571985e-05 0.0 0.0 0.0 0.0 8.630710311971056e-06 0.0003728902139136905 0.0001706725432237311 0.0013826499855419596 0.00438255097041738 0.002352512468407652 0.00746919275774061 5.228758337231919e-06 2.890094811761157e-05 0.0 0.00021703413518644657 0.00018790258365753337 0.00011814404837471123 2.9130659649710537e-05 6.673611516898884e-06 0.0 0.0 0.0 0.0 0.0 0.004680039625241484 0.0006016041187985162 0.0009329083984288086 0.0007571209285696783 1.0676146548327487e-05 0.0 0.0 0.0 0.0 0.000709613773957265 3.6967449613421974e-05 8.781874314756905e-05 0.00017794750695441694 7.180210141172597e-06 0.0 1.2122645682782784e-05 0.0 2.9477805294930385e-05 3.285948712649298e-05 0.0 2.622723739476177e-05 0.0 0.0 0.0 0.0 0.0 0.0030952252794920333 0.0 0.0 0.0 0.0 0.0 0.0 0.0 0.0 0.0 0.0 0.0 0.0 0.0 0.0 0.0 0.0 0.0 0.0 0.0 0.0 0.0 0.0 0.0 0.0 0.0 0.0 0.0 0.0 0.0 0.0 0.0 0.0 0.0 0.0 0.0 0.0 0.0 0.0 0.0 0.0 0.0 0.0 0.0 0.0 0.0 0.0 0.0 0.0 0.0 0.0 0.0 0.0 0.0 0.0 0.0 0.0 0.0 0.0 0.0 0.0 1.3900732848118379e-05 0.0 0.0 0.0 0.0 0.0 0.0 0.0 0.0 7.800172053267858e-06 0.0 0.0 0.0 0.0 0.0 0.0 0.0 0.0 0.0 0.0 0.0 0.0 0.0 0.0 0.0 0.0 0.0 0.0 0.0 0.0 0.0 1.865247065842442e-05 0.0 0.0 0.0 0.0 0.0 0.0 0.0 0.0
0.0017583528404729852 0.0006481949408678195 0.0 0.06136748771730763 0.0 0.0 0.004352590255117342 0.0 0.00016916731076833998 0.054919347243158737 0.0 0.001875666015247144 0.0015135156190670819 0.0010922771729670302 0.0 0.0 0.0 0.0 0.0 0.0 0.0 0.0 0.0 0.0 0.0 0.0 0.0 0.0 0.0 0.0 0.0 0.0 0.0 0.0 0.0 0.0 0.0 0.0 0.0 0.0 0.0 0.0 0.0 0.0 0.0 0.0 0.0 0.0 0.0 0.0 0.0 0.0 0.0 0.0 0.0 0.0 0.010701074278689585 0.0002143973984160031 3.22798857054739e-05 0.0 0.0 0.0 0.0 0.0 0.0 0.0 0.0 0.0 0.0 0.0 2.7240269042396245e-05 0.0 0.0 3.771200492096392e-05 0.0 0.0 0.0 0.0 0.0 0.0 0.0 0.0 0.0 0.0 0.0 0.0 0.0 0.0 0.0 0.0 0.0 1.8106162709521504e-05 0.0 0.0 0.0 0.0004049899684089699 0.0 0.0 0.0 0.0391881159152446 0.0 0.0 0.0 0.0 0.0 0.0 0.0 0.0 0.0 8.236823809071909e-05 0.0 0.0 0.0 0.0 0.0 0.0 0.0 0.0 0.0 0.0 0.0 0.0 0.0 0.0 0.0 0.0 0.0 0.0 0.0 0.0 0.0 0.0 0.0 0.0 0.0 0.0 0.0 0.0 0.0 2.9229464842988545e-05 0.0 0.0 0.0 0.0 0.0 0.0 0.0 0.0 0.0 0.0 0.0 0.0 0.0 0.0 0.0 0.0 0.0 0.0 0.0 0.0 0.0 0.0 0.0 0.0 0.0 0.0 0.0 0.0 0.0 0.0 0.0 0.0 0.0 0.0 0.0 0.0 0.0 0.0 0.0 0.0 0.0 0.0 0.0 0.0 0.0 0.0 0.0 0.0 0.0 0.0 0.0 0.0 0.0 0.0 0.0 0.0 0.0 0.0 0.0 0.0
0.22286236733872986 0.3840313830573086 0.014069553761994202 0.16313446378698554 0.13276032680019706 0.004352590255117342 0.0 0.0 0.006819434741201371 0.09490255247641029 0.00013890617175494195 0.0249853239891571 0.053685859516192855 0.007502784194988011 0.0008981406754223361 2.2966585581858336e-05 0.00016114238633888414 9.13876563284687e-06 0.0 6.502336998387931e-06 1.8735221434624044e-05 1.609555825947615e-05 1.5874010260953648e-05 1.713873814474447e-05 3.4041174432486516e-05 4.33894683947351e-05 0.0 5.1760834665530816e-05 6.7531868955927515e-06 5.685722819304418e-06 0.015020203814823021 3.856306113278125e-05 0.00029606674860808464 0.0 0.0 8.929854639991351e-05 0.00014926051965207166 3.298029713251065e-05 0.00016839433893556813 0.00012949928937255637 1.924006705494785e-05 2.821167926628882e-05 0.0 2.3379806582775885e-05 0.0 0.0 0.008332796815101967 0.00021602382471667085 0.0001887864554645467 3.0566895667585934e-05 4.7952786077721854e-05 0.0 8.390202428352511e-05 2.1426942439620503e-05 0.0006047072007513188 0.0004843546619327725 0.004766182755068649 0.012593557808302012 0.006528714086865955 0.013729742886387597 2.8090965663659754e-05 2.5349336092092058e-05 0.0 0.00029439545924580407 0.000329162245424255 0.00025458494358731595 2.3283167212866485e-05 1.6716878690489413e-05 0.0 0.0 0.0002879535766349829 4.428803018559045e-05 0.0 0.011690680102796166 0.0008548849640678521 0.0018330009071286172 0.00062178567613241 1.2762461370044892e-05 1.6378156217420247e-05 6.704575339028985e-06 0.0 1.2801285321221658e-05 0.0016172290140379715 0.00013874737881381259 0.00011171346211188045 0.00029606727912243785 2.2010877873104137e-05 0.0 5.096083144087956e-05 4.053951394312227e-05 6.941544804283319e-05 7.296995039571547e-05 0.0 3.605258677841432e-05 1.582967771369406e-05 0.004282668382922625 0.00025636835127341187 0.0 0.0006284443421669154 0.03065003656996487 0.0 0.0 0.0 0.0 0.0 0.0013433490558299281 0.0 0.004826597187275183 0.00013850322392494548 0.0 0.0 0.0017651296367358774 8.539025603090669e-05 0.0 1.7103864366773322e-05 0.0 0.0 0.0 0.0 0.0 0.0 0.0 0.0 0.0 0.0 0.0 0.0 0.0 0.0 0.0 0.0 0.0 0.0 0.0 0.0 0.0 0.0 0.0 0.0 0.0 0.0 2.8478133500947904e-05 0.0 0.0 0.0 0.0 0.0 0.0 0.0 0.0 0.0 0.0 0.0 0.0 0.0 7.11203875106246e-06 0.0 0.0 0.0 0.0 1.8996660327348166e-05 0.0 0.0 0.0 0.0 0.0 0.0 0.0 0.0 0.0 7.68178632632936e-06 0.0 0.0 1.2670567057723262e-05 0.0 1.1583178234448238e-05 7.249930372964255e-05 3.0040474022600628e-05 0.0 0.0 8.385700212674948e-06 0.0 0.0 0.0 0.0 0.0 0.0 0.0 0.0 0.0 8.821927320423651e-06 2.6566690286143397e-05 0.0 0.0 0.0 0.0 0.0 0.00010967733323826348 0.0 1.0050131331432183e-05
0.03451960939821011 0.04008089964243729 0.11429927579487958 4.058680246667796e-05 0.00022091089218446907 0.0 0.0 0.0 0.0007727981248070376 0.0 0.11498894130297198 0.0019442995212106107 0.0019010981092126178 0.023636098281526713 0.010456721683032529 0.007318692298295688 0.005082416219620236 0.0009578636451568833 0.0012448604356071669 0.0014271600682174252 0.00048188959180014464 3.8355220158396106e-05 7.973276402723693e-05 0.00024715047335299554 0.0013235043047299686 0.00025413169743717095 5.5854239057916276e-05 0.0002501983486928762 6.553065171191893e-05 0.0 0.20107479021466967 0.15569695463189892 0.023755008971047875 0.00044437452599060744 0.00011419885088509506 0.00475892024216089 0.002222259506805864 0.004632176264248185 0.0015968456317742873 0.0009252421756311372 0.00021285165228869133 0.0001533715558102313 0.001306690528805291 0.009515838772049324 0.002996762107398137 6.728545716318967e-05 0.02631982573784812 0.0005539989352471045 0.0007763646642762798 0.0006560899431010227 0.00029238818219124525 6.652479125254531e-05 0.00046882329947795664 7.362395334976248e-05 0.0010805782328929656 0.0008355359038148886 0.005416166973583496 0.022076919093426503 0.008850710923734349 0.029125258610533528 0.01211317376034612 0.036254343276880444 0.0033117983480252205 0.07791599477333806 0.0006807973763429178 0.00045773316099731866 9.289751230220608e-05 0.00012629994301762595 0.0007993813618772592 0.0005431964461436872 0.007384671495457552 6.189808745440076e-05 9.917364348067897e-06 0.03631190311692265 0.026911542800814224 0.01691722413580934 0.027169853803090203 0.04762410372274749 0.11451623340410987 0.05600391991053705 0.0004882214574444494 0.07728180666464043 0.002774869578541969 0.00015658101210089717 0.0002667492319853866 0.0006816164319526036 0.00028111015202762985 3.596536477756512e-05 7.27776844829089e-05 0.00011742990035194556 0.0001333375962043199 0.00019067583768058753 0.000934055935277962 0.0003244376537436038 0.00015691646218164013 0.0002626476374449923 9.36300724850483e-05 0.0 0.001273095651198924 0.002352701875634699 0.0 0.0 0.0 0.0 0.0 0.0 0.0 0.0 0.0 3.4754689623192034e-05 0.0 0.0 1.3350830767972687e-05 9.499844820595713e-06 2.1946271634077014e-05 0.0 0.0 0.0 0.0 0.0 0.0 0.0 1.0530770238305956e-05 0.0 0.0 0.0 0.0 0.0 0.0 0.0 9.304852111327924e-06 0.0 0.0 0.0 0.0 0.0 0.0 0.0 0.0 6.9131076972256905e-06 0.0 8.376699803056277e-06 0.0 3.004495944161417e-05 2.7608209430827587e-05 2.6403050561151133e-05 0.0 0.0 0.0 0.0 0.0 0.0 0.0 0.0 0.0 1.0848039113102836e-05 0.0 2.702286284099291e-05 0.0 0.0 5.838841208578959e-05 0.0 0.0 0.0 0.0 0.0 0.0 0.0 0.0 0.0 8.921347602806891e-06 0.0 0.0 0.0 0.0 0.0 2.8425500799358688e-05 0.0 0.0 2.947080806492654e-05 1.7402467652953746e-05 9.592749298486321e-06 0.0 0.0 0.0 0.0 0.0 0.0 0.0 0.0 2.531879100369898e-05 1.980517603035674e-05 1.3230789031904713e-05 0.0 1.8607664965699278e-05 0.0 0.0 0.00010339304710197569 0.0 5.200470389282309e-05
0.08323008675297164 0.3250530279207529 0.11726233922927201 0.02226052726068491 0.16897945835288763 0.00016916731076833998 0.006819434741201371 0.0007727981248070376 0.0 0.036400465595653235 0.000702101152512102 0.009227048993604414 0.04281151819165622 0.008278106717933323 0.00398669619775872 0.00025159493275501 0.0007498472130558738 3.989805525823099e-05 5.5807750150197394e-05 5.952990036159707e-05 0.00014253065823649928 0.0 1.7454346870389057e-05 6.3623672624582e-05 0.0001706703833146808 0.00019160363217260085 3.7140932538393436e-05 0.00012750305494173202 7.168222705086645e-05 6.489568576567884e-06 0.037688201778713036 0.00046094962841663643 0.0018734125535096713 9.199542350762094e-06 0.0 0.00011951915399843593 0.0007177524271794147 0.0006237732165153046 0.00081419522525655 0.00025231567938272485 0.000142697168180172 3.559790640607683e-05 2.0591408947664625e-05 4.744284704646126e-05 4.9854572393574224e-05 0.0 0.020829984856216604 0.00047620972060738556 0.0003192899257073723 9.10513800174565e-06 0.0001983581598441566 2.9797756904517012e-05 4.786554810821319e-05 5.575038007963422e-05 0.0011382171532854275 0.0004508613024174967 0.003037283180792455 0.0091186269729509 0.00678994391553466 0.02046554261171173 0.00017241618125915086 0.0009096842229925887 3.1721556904586516e-05 0.002416442806717147 0.0005439189185694877 0.0002861275225737803 3.613456632750508e-05 5.776092420363272e-06 6.483579146405689e-06 7.894021047794095e-06 0.0015925293244130523 5.5740166051896386e-05 0.0 0.014849053250073989 0.0030194318524563897 0.004653215024840642 0.0035279098193907966 0.0005855201029226725 0.0005306794692012677 0.00016384305215890705 0.0 0.00012325842024705236 0.002173185073511717 0.00024438498482989493 0.00014421475978655543 0.00047455199987419367 2.2908673168305276e-05 4.241155715214569e-05 4.56541679284472e-05 3.999992643412585e-05 0.00012017417125807476 8.706902700586147e-05 0.0 2.3966694443964637e-05 7.220973397326339e-06 0.006446288850123863 0.0007490811154352848 0.0 0.00223385030327374 0.005855306244358198 0.0 0.0 0.0 0.0 0.0 0.0 0.0 0.0 0.0 2.5867605440705713e-05 0.0 8.821861671490308e-06 0.0 0.0 3.832126783121913e-05 0.0 0.0 0.0 0.0 0.0 0.0 0.0 0.0 0.0 0.0 0.0 0.0 0.0 0.0 0.0 0.0 0.0 0.0 0.0 0.0 0.0 0.0 0.0 0.0 0.00015119081593938335 0.0 1.1188307588980728e-05 0.0 8.256669304193115e-06 0.0 0.0 0.0 0.0 0.0 0.0 0.0 0.0 0.0 7.024866430487148e-06 0.0 0.0 0.0 0.0 0.0 0.0 2.4981731045509437e-05 0.0 0.0 0.0 0.0 0.0 1.3940058924920477e-05 0.0 0.0 0.0 1.1159122793801145e-05 0.0 0.0 2.5620108370556244e-05 0.0 9.235927237063876e-06 7.045548269361918e-05 0.0 0.0 1.1937519239335638e-05 2.652802602156126e-05 1.4731990879361071e-05 0.0 0.0 0.0 0.0 0.0 0.0 0.0 0.0 3.291475169973439e-05 0.0 1.476714795317972e-05 0.0 0.0 0.0 0.0 0.0003278352030997859 0.0 1.3807606583290792e-05
0.15929366896296593 0.010487833841588972 5.231279847704271e-05 0.13763737242603125 0.0003599555500685903 0.054919347243158737 0.09490255247641029 0.0 0.036400465595653235 0.0 0.0016040405064677334 0.037787703506582414 0.2361730123263639 0.04150557359205462 0.00013191341297574791 0.0 0.0 0.0 0.0 0.0 0.0 0.0 0.0 0.0 3.48657581555056e-05 0.0 0.0 0.0 0.0 0.0 0.0009664256245842315 0.0 0.003436421045370587 0.0 0.0 1.1795009007971755e-05 0.0014676330212393155 0.0001558213084498434 0.0004521637624693025 0.00014701982574498668 8.938368419498688e-06 0.0 0.0 0.0 0.0 0.0 0.0003577595447507278 2.2452379961362037e-05 0.0 0.0 0.0 1.1555186948705538e-05 8.488636912158248e-05 0.0 2.7267138973385566e-05 2.1235022218719712e-05 0.002423643646000619 0.0012478500954246803 0.0004491349371487291 0.0007414325480606608 2.9437985963980442e-05 6.541041125475543e-05 0.0 0.0 8.603171471579794e-06 0.0 0.0 0.0 0.0 0.0 0.0029562385630016257 8.873003728290266e-05 0.0 0.00037291342406450367 2.59308099862911e-05 1.794205457051834e-05 7.89785530036065e-06 0.0 0.0 0.0 0.0 0.0 7.565440743495187e-05 7.250489394331817e-06 0.0 1.3034709270929797e-05 8.072550660587622e-06 0.0 0.0 0.0 0.0 7.727797357128026e-06 0.0 0.0 9.474138236019848e-06 0.007470460189650737 0.00075551712039656 1.2860718306014682e-05 0.0016245668969483843 0.07219680793012867 0.0 0.0 3.455551903946333e-05 0.00022283951531112815 0.0 0.0002807965985276013 0.0005299513267184943 0.0002845581428304638 0.0006284918968347955 0.0009780873733546912 0.0 0.00864978470181835 0.00019177679276722388 0.0011733581661812517 0.0004380108992740631 0.0 0.0 0.0 0.0 0.0 0.0 0.0 0.0 0.0 0.0 0.0 0.0 3.2521897245382e-05 0.0 0.0 0.0 0.0 0.0 0.0 0.0 0.0 0.0 0.0 0.0 4.062747523376141e-05 0.0 1.859127165818119e-05 4.9534839613765426e-05 1.0118668817846299e-05 0.0 0.0 0.0 0.0 0.0 0.0 0.0 0.0 0.0 0.0 0.0 0.0 0.0 0.0 0.0 0.0 0.0 0.0 0.0 0.0 0.0 0.0 1.117196869319117e-05 0.0 0.0 0.0 9.294167895283682e-06 0.0 0.0 0.0 0.0 0.0 0.00012691353580032285 0.0 0.0 0.0 0.0 4.301837567463945e-05 0.0 1.908047094939065e-05 0.0 0.0 0.0 0.0 0.0 0.0 1.0205945230424039e-05 0.0 0.0 0.0 0.0 0.0 0.0 0.001420384999526914 0.0 3.0420256059171347e-05
0.08855406802996431 0.17929246005972418 0.46368746398700944 0.0012842456345966255 0.002605900186591885 0.0 0.00013890617175494195 0.11498894130297198 0.000702101152512102 0.0016040405064677334 0.0 0.014215202224104669 0.02847947614228695 0.031136953378172592 0.01236773960038955 0.0014939905188336218 0.004511064462099584 0.0005085263419182376 0.0004903721099951422 0.0006645781343101524 0.0003963054537689506 0.00011142060162878829 7.555478754432534e-05 0.00026172741475900753 0.0007890872927124426 0.0005011872749612977 7.851434821304722e-05 0.0004137758704336456 0.00017696860417636126 5.0011444955545275e-05 0.20892031249993467 0.05090620845229801 0.04956780349629887 0.00018413960158388752 0.0001298828329155783 0.0027524941252318413 0.007520639670444081 0.0035922125645819186 0.0023111154989602905 0.0009210148876320889 0.00020023272314421603 0.00019734334976100344 0.0005399342217135428 0.0009695720552374412 0.0007635518457386191 9.573981392162936e-06 0.04738827643005559 0.0007096759514814742 0.0010898830240868142 0.0002786714124401605 0.0003015440626784452 5.615678128009751e-05 0.00040582430543432973 9.413561717779745e-05 0.0016214745045345126 0.0013308228212050432 0.006158966159146912 0.024300379875760638 0.013752841970442775 0.044954673084129225 0.002167184501660956 0.014302740487211679 0.0006859026998996617 0.02515411345689813 0.00122618305531856 0.0007803079582425448 0.00012602618519127408 7.7389396962693e-05 0.00043268229955498356 0.00034610221220175735 0.02414197865087503 0.00013006324742162028 6.898150386195583e-06 0.04358587939893614 0.014886907611749753 0.017050744840195985 0.014799000687890335 0.006526126019908111 0.07556182920209696 0.034139630258405634 2.3729470544736194e-05 0.01972920406483682 0.004960743165518918 0.00034598386905791077 0.0003000650282874823 0.0010547674785413906 0.00018365936987782997 3.1837631315925745e-05 8.83294880047007e-05 9.550231855519011e-05 0.00017870945745500024 0.0001713495783076099 0.00043531650795434535 0.00018745387733813044 0.00018571107144729824 0.000702885702805848 0.0007147473584926671 0.0 0.0026233736514962424 0.006030842238585245 0.0 0.0 0.0 0.0 0.0 0.0 0.0 0.0 0.0 0.00028824666836792137 2.7389394438800535e-05 6.5460384878828184e-06 9.378248210241544e-06 0.0 0.00014733359156904286 0.0 0.0 0.0 0.0 0.0 0.0 0.0 0.0 0.0 0.0 0.0 0.0 0.0 0.0 0.0 0.0 2.5061464336502434e-05 0.0 0.0 0.0 0.0 0.0 1.2784519411649437e-05 0.0 7.562986360535761e-05 0.0 9.802112026975092e-06 4.4429002694191256e-05 2.663381484191098e-05 0.0 0.0 0.0 0.0 0.0 0.0 0.0 0.0 0.0 0.0 1.0974827903509725e-05 3.299659285377647e-05 1.8957398716615752e-05 2.593980743875061e-05 7.128775680474916e-06 0.0 4.9117063996310005e-05 0.0 0.0 0.0 0.0 0.0 0.0 0.0 0.0 6.1015407973960705e-06 0.0 5.8895456058232765e-06 6.67935609428265e-06 0.0 7.926814168580429e-06 0.0 9.79856976430397e-05 0.0 2.2678240680803157e-05 3.239904502524859e-05 1.511521150060276e-05 8.336221617045534e-06 0.0 7.653439590055654e-06 0.0 0.0 0.0 0.0 0.0 0.0 5.188752054679896e-05 3.441618183987787e-05 7.047452029285794e-06 1.9279012841082e-05 8.296702142034396e-06 0.0 0.0 0.0005532698373062065 1.7157093823080983e-05 5.226814182513921e-05
0.0028853431490626935 5.8178053977527645e-05 0.00043391714416260137 0.007068202562967846 0.0 0.001875666015247144 0.0249853239891571 0.0019442995212106107 0.009227048993604414 0.037787703506582414 0.014215202224104669 0.0 0.2756689776382993 0.0459184216386578 0.0024656757860296342 0.0005521451953747003 0.0016120568758357405 0.00016221408861568024 0.00020982532340188062 0.00013799707952031866 7.821716732042265e-06 8.215059768231033e-05 0.0 4.742561982006012e-05 0.0008731361559169096 3.718293306993963e-05 1.0719520976019303e-05 6.686484799582737e-05 8.217501731121984e-06 0.0 0.00039732082038945754 0.00031909731824268276 0.026108519562880975 1.3236410591467437e-05 5.899374374865782e-05 0.0017172243349456474 0.02200231489947988 0.004045889274143428 0.007823227551754174 0.0018727661291631187 2.035074054944689e-05 7.193327271200764e-05 0.00013218931829108157 6.179710401768566e-05 9.098651059126415e-05 1.0753847679545898e-05 0.00218619766766787 4.140780980140922e-05 8.262948713382515e-05 8.644634776021433e-05 0.0 4.985297257046879e-05 0.0007852102098354806 2.2362244567308646e-05 6.443564642951201e-06 0.0 5.6030349123085283e-05 6.155146404348852e-05 3.825664325780523e-05 0.00029074313081504157 0.0005317666013431277 0.00570776281040945 0.00017711198085535894 0.0002506389778277501 0.0 5.438720186166457e-06 0.0 1.9488755860238712e-05 7.172407440156816e-05 7.978928539312122e-05 0.019745503518037506 0.00045061214638105856 3.675605590802228e-05 0.0001203475400367026 0.00010450206163018611 0.00012308620180333758 0.00012962709483428238 0.00033227192184198386 0.00028643654570597617 0.000645024038835415 1.332594213362041e-05 0.0008980124654212371 6.565716134650114e-05 0.0 1.302955494251432e-05 0.0 3.730029266264969e-05 0.0 0.0 7.0463667518741585e-06 7.408078771683195e-06 0.0 0.00014695019410968348 6.774585727277399e-05 5.757692680355278e-05 0.011976083818082501 0.003807129802006617 2.2982855280123554e-05 0.015240098262206748 0.0018668677747715901 0.0 0.0 0.0 0.0 0.0 0.0 0.00016219418752596681 0.0 0.0 0.000531637207295501 0.00014992247381566745 9.232302706224932e-05 1.7452472622913596e-05 3.09881388498721e-05 0.0009894042700525749 5.045880635896234e-05 0.0 0.0 0.0 0.0 0.0 0.0 0.0 0.0 0.0 0.0 0.0 1.5973117675897785e-05 0.0 0.0 0.0 0.0 0.0 0.0 0.0 1.6195224577501483e-05 0.0 0.0002788580990807804 0.0 0.0003253820893530729 5.401553308696459e-05 0.0001929624574522873 3.26241634977406e-05 1.0222110245254994e-05 0.0 7.774877105247033e-06 0.0 0.0 0.0 0.0 0.0 0.0 8.089225489657726e-06 0.0 0.0 7.485615484852318e-06 4.350696165103918e-05 8.897860070464519e-06 0.0 0.0 0.0 0.0 0.0 0.0 0.0 0.0 6.767908935040109e-05 6.155811173727969e-06 0.0 6.4503974549057615e-06 0.0 0.0 0.0 0.0 0.0 0.0 0.0006831047571462146 0.0 0.0 0.0 6.033755020840366e-06 5.316504819829692e-05 0.0 6.685043775924182e-05 0.0 0.0 7.313909812535871e-06 0.0 0.0 0.0 0.0 0.0 9.918359136409248e-06 0.0 0.0 0.0 0.0 0.002475148152335885 4.11819396190588e-05 0.0004487874597102515
0.005467972194616583 0.0836291739359818 0.005631530287230241 0.06120164435752687 0.019522845737899693 0.0015135156190670819 0.053685859516192855 0.0019010981092126178 0.04281151819165622 0.2361730123263639 0.02847947614228695 0.2756689776382993 0.0 0.1326006185780904 0.005739099416754686 0.0031649760859436757 0.0037877553716937906 0.00048707958887797396 0.0004981940071138932 0.00021443336752572704 4.3738869760962024e-05 0.0003333507502809231 1.753738153386802e-05 9.66850810842541e-05 0.0009679138492344308 0.00024638187693291647 0.00012962580965291155 0.00013434238033505785 5.497844443543199e-05 4.949499366838305e-05 0.0012282341527404116 0.0008694390575750479 0.05400246965125815 7.098635900316276e-05 0.00018050955741740529 0.0028904656129053593 0.005670338095866585 0.005975419542494969 0.007515938497098248 0.002317111430141182 0.0001306014917889263 0.0001340288528580299 0.00024569441668013584 8.974082385530309e-05 0.0002203765234699578 0.0 0.00808478430323947 4.5525082016805005e-05 0.00029261346744751385 0.00017592421244726924 1.3579367125021559e-05 9.939602776381192e-05 0.0008419027745350318 2.7492733548502303e-05 9.358189563088103e-05 4.9681559065477324e-05 0.000143818097694069 0.00033339738054084984 0.0002586871402053153 0.0014219625723753985 0.0013737211622407966 0.010125944603962945 0.0005037089031285835 0.0011758655432071148 7.645854535954032e-05 2.3253088172756994e-05 5.496251126187915e-06 1.2060258495989145e-05 0.00010291766247549699 0.00012941485538136302 0.030575361838605094 0.0021026483526288085 0.00014885703125338076 0.0008853689120124383 0.0005868190687952151 0.000809568152996374 0.0009679947381832234 0.0024143525736595433 0.00252243299186269 0.008403992167188727 0.0 0.002791382548392608 0.00010367809240484039 1.6370160059052235e-05 2.6142889752615872e-05 4.3081491505450045e-05 6.22896342529727e-05 0.0 0.0 5.665186945805774e-05 8.008296619216429e-05 8.043670097942398e-05 0.00042909758863842064 0.00031375876886589443 0.00010861639797796809 0.07943360760680139 0.0065137411880584846 7.88225102204957e-05 0.018295265559133175 0.0010338655093301984 0.0 0.0 0.0 0.0 5.954743276682351e-06 0.0 0.00017987636103520638 0.0 0.00013878636363444757 0.0010552901617457663 0.0002906634634686978 0.0005998297227592439 0.0002509559622238358 3.828148457761094e-05 0.0024108844700344 0.0 0.0 0.0 0.0 0.0 0.0 2.4016615430604344e-05 0.0 0.0 0.0 0.0 0.0 0.00020897799675919558 0.0 0.0 2.165214903545547e-05 0.0 0.0 0.0 0.0 6.5795371868446725e-06 0.0 0.00022044643721824485 3.1426392794508915e-05 0.0008832353181300743 0.0002680986540903769 0.000937238838053668 0.00028040626179855747 0.000207896364341941 0.0 8.20851137584446e-06 0.0 0.0 0.0 0.0 0.0 0.0 0.0 0.0 0.0 0.0 0.0004957430538676622 2.688566011888897e-05 0.0 0.0 0.0 0.0 0.0 0.0 0.0 4.161460985577014e-05 0.00043743022262997353 0.0 0.0 0.0 0.0 0.0 0.0 0.0 6.435177548142267e-06 0.0 0.0014796162995594898 2.1327755772810882e-05 0.0 0.0 1.0267066161665448e-05 0.00021786843140300996 9.625003033441919e-05 0.00028622074465056474 0.0 0.0 0.0 0.0 0.0 0.0 0.0 0.0 8.40181968725484e-06 0.0 0.0 1.0070862200005817e-05 0.0 0.003620859661285778 0.00034633197400556204 0.001022323254038499
0.006818241002288937 0.1288451015670817 0.028981840772316067 0.049858087235099886 0.05561109162349463 0.0010922771729670302 0.007502784194988011 0.023636098281526713 0.008278106717933323 0.04150557359205462 0.031136953378172592 0.0459184216386578 0.1326006185780904 0.0 0.022847619711451547 0.006210256154339592 0.008485757349446265 0.0010623710610194444 0.0009348147405440631 0.0009683177315267215 0.0004210325006646886 0.00040928636521758217 7.935742896661067e-05 0.00043400321109708266 0.0025578575324472987 0.0004894162142110654 0.00010011892956912233 0.00036440508306857523 0.00020134792582368412 4.804502578623334e-05 0.010630311680231427 0.00902314255615011 0.08949832650914821 0.0002890824165496322 0.00013424184106364853 0.007566823124913307 0.08135323687986366 0.01294581178983236 0.012533012465616633 0.00406155899911817 0.0003031037062709442 0.0002151166292039327 0.00089206509434234 0.0009931498740847029 0.0009327901132452818 9.39864551126196e-06 0.04331660172016588 0.0002461801170606275 0.0008515827375543215 0.0006143806958720944 0.00018903780334735405 0.00015070058519105894 0.001446286515303136 0.00012834409643833886 0.00044896373123631063 0.00026410702861052055 0.0007897868947650173 0.0024181347512447276 0.0023403955939166853 0.011226515613584785 0.0039422416049920235 0.032521299419580506 0.0012101498969616618 0.011919414899123312 0.0004502304590468412 0.0002638840886771815 6.232109872214855e-05 4.701838647500927e-05 0.0005937420288596135 0.0005388584929688346 0.04806394961882777 0.0009601679948720416 0.00012252796881440697 0.007935945949107624 0.005613618942757598 0.00770251637162989 0.008912165857822818 0.013989777082379144 0.04496192944821594 0.0225775696960463 3.5190682523935285e-05 0.028564096143522916 0.0013562970925401813 7.095914426741542e-05 0.00010496110026369325 0.00027381558854174903 0.0002386295523062855 1.8776399875923824e-05 1.4195557476324454e-05 6.401070502398065e-05 9.644843915394834e-05 0.0001306004940434258 0.0007212347825374123 0.0002969071466268583 0.0002980941012247472 0.052408780031628466 0.006434508951607766 9.972808420870306e-05 0.024971809014764215 0.0009860820572831473 0.0 0.0 0.0 0.0 5.952562076086106e-06 0.0 4.289377518201078e-05 6.411166007196781e-06 0.0 0.0010417640637029842 0.0003212119928121743 0.0003083742616871721 0.00023313256484746683 0.00016525881517248748 0.0020093556168920474 0.0 0.0 0.0 0.0 0.0 0.0 0.0 9.225531048321798e-06 0.0 0.0 9.111795158446123e-05 0.0 7.157517256639634e-05 0.0 0.0 7.531302411007074e-06 0.0 0.0 0.0 0.0 8.056425271689407e-06 0.0 0.0001324743375709457 0.0 0.0006359358719700873 0.0002141319099895256 0.0004357061124907812 8.55448580860749e-05 0.00017690561136337167 0.0 2.537953282713612e-05 0.0 0.0 0.0 0.0 0.0 0.0 1.0483208473243903e-05 0.0 0.0 9.988647261045947e-06 8.982223503840331e-05 3.489043564869387e-05 0.0 0.0 5.694418050097801e-06 0.0 0.0 0.0 6.053691596463692e-06 5.1589698542068546e-05 0.00024167309481656525 0.0 0.0 5.86107762602402e-06 0.0 6.184502123327872e-06 0.0 6.614915456168477e-06 0.0 2.331143883729754e-05 0.0013238496453252368 4.7552095151596076e-05 3.501999470580164e-05 0.0 7.798904614851982e-06 0.00030258368924126713 0.0 0.00013779692597688526 0.0 0.0 0.0 0.0 0.0 0.0 0.0 1.9455072634545286e-05 6.821550501048274e-06 0.0 6.313206561438465e-06 5.1981713163219555e-05 9.618822570797999e-06 0.004210862353812103 0.00019857336710200874 0.0007188127568135141
0.0001287490953539286 0.0003644932167615934 0.0018184952335540717 0.0 0.0004164457894870207 0.0 0.0008981406754223361 0.010456721683032529 0.00398669619775872 0.00013191341297574791 0.01236773960038955 0.0024656757860296342 0.005739099416754686 0.022847619711451547 0.0 0.0842701292514666 0.02615740545569142 0.0022295324771155604 0.011196981677860408 0.0014554068043098368 7.866366286763775e-05 0.00023454193980583036 0.00013567630988321004 0.00016421431521137023 0.0039550566032517005 8.32298572750551e-05 0.00041946115263623524 0.00010260689225366962 0.00030601181266600206 5.577156398499114e-05 0.0020006476785943235 0.0043130439770070065 0.006737650027499012 0.0010750840290080642 0.00033806729730579603 0.005037172466348664 0.001450447866932968 0.0031176614110466766 0.0021545396388220816 0.0020808386603476847 8.867071312156672e-05 0.00019240980166553205 0.0019650636652176947 0.031385221240432824 0.002083028543754655 6.609087072894123e-05 0.004977901906479651 0.00014430974610449458 0.0017763844804059533 0.0019959268578830327 2.5689519401786145e-05 0.00010730485649038258 0.002978742117193679 2.2585217916546155e-05 0.0 6.422862843252102e-05 0.0002108891395266295 0.0005578525746533955 0.00028537181936763795 0.004094219310338048 0.007450387912950729 0.00867945406833506 0.0025576081067179447 0.019529259215222496 3.7218908685413707e-05 4.3203639921703436e-05 1.1343112505267267e-05 4.867924416263785e-05 0.0006789429234994403 0.00020628357024928394 0.005330258971029715 1.8003459389039094e-05 2.7964979446248825e-05 0.0065676180910026185 0.005415798729199103 0.04820546217536725 0.24848577305530423 0.19569295850233565 0.015251046405297434 0.005538099423771991 0.003496644017490186 0.007581007497230827 0.0004426774709005678 0.0 1.9737671183921214e-05 4.4092789074953236e-05 0.0006576900465451457 7.18834232886196e-06 1.2341366045716717e-05 2.1592411463268994e-05 0.0 2.8863108900435007e-05 0.00016440328418742962 6.302008568561805e-05 0.00017745330503705684 0.0003923728064628084 0.0014315189551219695 0.0 0.002021955115135115 7.547563829226639e-06 0.0 0.0 0.0 0.0 0.0 0.0 0.0 0.0 0.0 0.0 0.0 0.0 0.0 0.0 8.939672526688145e-06 0.0 0.0 0.0 0.0 0.0 0.0 0.0 0.0 0.0 1.123366804476424e-05 0.0 0.0 0.0 0.0 0.0 0.0 0.0 7.2756146014168725e-06 0.0 0.0 0.0 0.0 0.0 0.0 0.0 7.008389731080751e-06 0.0 0.0 0.0 0.0 0.0 0.0 0.0 0.0 0.0 0.0 0.0 0.0 0.0 0.0 0.0 0.0 9.99851116113927e-06 0.0 0.0 0.0 0.0 0.0 0.0 0.0 0.0 0.0 0.0 0.0 0.0 0.0 0.0 0.0 0.0 0.0 0.0 0.0 0.0 9.767861618154821e-06 0.0 2.411881899118876e-05 0.0 0.0 0.0 0.0 0.0 0.0 0.0 0.0 0.0 0.0 0.0 0.0 0.0 0.0 0.0 0.0 0.0 0.0 0.0
