0.0 0.10841973312788987 0.07245734426440174 0.12363814475353908 0.002987162779170774 0.003954986762105587 0.08140148534267842 0.00646255247081496 0.0011774099976269569 0.10608847329398746 0.0031543523096004304 0.02608854618570715 0.012248308968538109 0.004155507925319175 3.367752445406744e-05 0.0 0.0 0.0 0.0 1.0131174960123866e-05 0.0 1.068456282243241e-05 0.0 0.0 0.00010666466667152267 0.0 2.0315934302405425e-05 0.0 1.2118894170886089e-05 0.0 0.045346139853595736 0.012677259410441446 0.0009038934385494603 0.0 0.0 0.00010065898602595195 0.000621289912341738 0.00021955697886335873 9.218816815721098e-05 6.469821526799327e-05 0.0 2.70627904372203e-05 0.0 0.0 0.0 0.0 0.003362317127052502 0.0002673633266500983 8.084123467200367e-06 0.0 2.955183445472514e-05 3.0386070325563715e-05 0.00017538955107489882 0.00012933049511862913 0.00039820102798593214 0.0003441563886632348 0.004675920681082828 0.06469142881103503 0.0013474155341025907 0.0041696513999372135 4.018931682509402e-05 0.00041990497303039906 0.0 0.011089065922113565 0.0005252980684954663 0.00040135046183466965 0.00010951639309521888 2.2554064633286066e-05 7.594978539602392e-06 0.0 0.0024919828067621174 0.00022549413549250921 0.00010249801368637954 0.01579930368495536 0.014940509302766301 0.003122841771792031 0.0001795267679439781 0.0001093349175291691 0.0002881755361105376 0.0011104646614294431 4.0256957262006806e-05 0.0004888134163069671 0.0017274708249705258 0.0 0.0005437064385841156 0.0005399917656789606 1.8431659303969526e-05 2.0114525596931156e-05 4.8409449942061626e-05 2.600030652015102e-05 2.3367708904462664e-05 5.077776189550814e-05 1.6809519070344054e-05 3.799623705726663e-05 5.079353223622923e-05 0.006825257991250014 0.0009677302853512166 4.649220069395127e-05 0.0008104929262669406 0.056879598098962314 0.0 0.00011489354946045402 4.690299811969853e-05 4.993251153293201e-05 0.00014396190348988914 0.00048482323393596934 0.0 0.00016163825657349132 0.004039265281315877 0.0024463920212357193 0.00014923343694613468 0.0005689317788310468 0.0012223925762959449 0.0004278649789231644 0.0 0.0 0.0 0.0 0.0 0.0 0.0 0.0 0.0 0.0 0.0 0.0 0.0 0.0 0.0 2.4781127054297305e-05 9.555557523804285e-06 9.871676870694888e-05 1.4556129141492761e-05 4.54763731543886e-05 3.505572751810485e-05 3.5300982153250876e-05 0.0 0.0 0.0 0.00024367850809199046 3.117491005074095e-05 0.00018001975625165427 9.517153157502445e-06 0.0001485309111105324 0.0 0.0 0.0 0.0 0.0 0.0 0.0 0.0 0.0 0.0 0.0 0.0 1.1881888821529945e-05 0.00010160006579165103 0.0 0.0 0.0 0.0 0.0 0.0 0.0 2.732528659204518e-05 0.0004281968494238553 5.281993598594401e-05 0.0 0.0 0.0 0.0 0.0 0.0 0.0 0.0 0.001783788360016444 5.159005000023534e-05 3.920313525854179e-05 0.0 1.2321988818011473e-05 0.0003637024537633482 0.00047355044263743706 0.0011947897034719104 0.0 5.303669586332923e-05 0.0 0.0 0.0 0.0 0.0 0.0 0.0 0.0 0.0 0.0 0.0 0.0035021368997502646 0.0007110915387903843 0.00045975101131315457
0.10841973312788987 0.0 0.10303552392473524 0.1489752058028831 0.14772487791964656 0.008464235623304908 0.13304029472086543 0.03470347687996792 0.06360948618876942 0.08426306077695085 0.056960685307778994 0.025724540962878226 0.07745067096074486 0.05992245428662814 0.0007193900902699898 5.617233584222405e-05 3.9125934611276895e-05 0.0 0.0 0.0 1.705786160056076e-05 6.491688075546978e-05 0.0 0.0 0.00026491053228588305 2.6827500463996104e-05 4.2585002845698455e-05 3.1937726424379894e-05 2.0518733514556704e-05 2.127663051431869e-05 0.053624674147432334 0.009997286041260777 0.006257189225945632 1.5659366187416327e-05 7.236408566447256e-05 0.0001937634850013264 0.004197641314380646 0.001021484188315079 0.0004183912301781215 0.0003127434850276985 1.729345300467182e-05 4.450106163258474e-05 1.6613237415361373e-05 7.734773518110735e-05 2.1080497666989024e-05 7.76036947008594e-05 0.016830017262951667 0.0009993123707513155 6.226474300518412e-05 1.3497403026474183e-05 3.585957610308282e-05 6.652178273991426e-05 0.00013170927757100113 3.8998466956858754e-05 0.0005162616812500233 0.0010497475891488811 0.0020391954046476263 0.02003404535490811 0.0020199801078904216 0.011597311323921796 0.00014422272187930755 0.0007567924964883085 6.100733196433262e-05 0.016177160673070366 0.0012028354247531408 0.0010001851674272702 0.0002404410046414057 0.00015229318175149706 4.4967410644957476e-05 7.8701713122351e-06 0.007938116767225833 1.0188082713198752e-05 0.0 0.01935003838670804 0.012709086257176594 0.01603141556005225 0.004156521299440253 0.00031188411865123967 0.0006094174932467858 0.0037134183726972463 0.0002837208601896243 0.0011932319369929102 0.0032430949057777564 5.416207199948947e-06 0.001624857374156137 0.0011507896616721417 0.00018845936921006764 2.974292637467376e-05 0.00015373708966279212 0.0 8.444301162599279e-05 0.00015336005522178863 9.324877426342083e-05 0.0001827767537947603 2.6958573297231097e-05 0.009464051133444196 0.0003707493426471888 2.6872219616598707e-05 0.0008901698473453295 0.02154269693866618 6.897791246687223e-05 2.8493996824960788e-05 0.00013322367070727145 0.0 0.0001206838634607314 0.00065763192176571 0.0 5.181073992589235e-05 0.002618455619880432 0.0013042535249491445 0.0001460605427260217 0.0005437644463146402 0.0013446707453280274 0.0005279429980684503 1.537422019960433e-05 0.0 5.493778830688706e-05 0.0 0.0 0.0 0.0 0.0 0.0 0.0 0.0 2.1120395560650727e-05 0.0 1.1000635728253287e-05 0.0 0.0 1.5510785288926207e-05 0.0 1.060677621096611e-05 1.600334407121574e-05 4.025144974359654e-05 0.00012120121043653097 0.0 0.0 4.7509933843605236e-05 0.0002612562480337009 0.0 0.0002014788859978556 4.1692886248669165e-05 9.913421341961347e-05 1.54514786256649e-05 0.0 0.0 0.0 0.0 0.0 0.0 0.0 0.0 0.0 8.250321447541222e-06 0.0 3.591348262928054e-05 0.0 0.0 0.0 0.0 0.0 0.0 0.0 0.0002133353259853061 6.474491961280195e-05 0.0003666126561438472 0.0 0.0 1.8741788624997688e-05 0.0 0.0 0.0 0.0 0.0 0.0 0.0016163215502365163 1.8301583972584366e-05 0.0 0.0 4.066181437345922e-05 0.00045208312792523734 0.00024574592279480814 0.0003797587046785799 0.0 0.0 3.857851377232911e-05 0.0 0.0 0.0 0.0 6.013887414888281e-06 0.0 0.0 0.0 0.0 0.0 0.0035570848505841945 0.0005299959887855026 0.0006061810728760783
0.07245734426440174 0.10303552392473524 0.0 0.005839759003766887 0.06274318124068091 0.0002719903381856853 0.020263382748925376 0.23552140889333978 0.10098753865397767 0.0010942881940986505 0.10425614057054111 0.007208722089886213 0.03662292949301682 0.06265615604071305 0.00042791580900103404 7.230250055436297e-05 8.040024073943815e-06 7.1648186763086715e-06 0.0 7.350547524836206e-06 2.0482052700631475e-05 0.0002500326090476318 0.0 0.0 0.000953960462934302 1.7722033217495138e-05 0.00015622949629718862 7.172829924362038e-05 0.00015406224310594442 8.498788147660323e-05 0.1128922883553574 0.04499037609570613 0.00750816603700847 1.6072407174701255e-05 0.00021862305331174666 0.0012894642316580416 0.004606498306320402 0.0014269045934227587 0.0006246492276657606 0.0004666215549519348 1.3448557595727705e-05 0.0002575053423728287 1.9816838885043053e-05 2.6418112622830106e-05 0.0 6.375659914064384e-05 0.005497513967099023 0.00044221962468281496 2.6879532994915264e-05 1.3537523313990938e-05 5.315989497294623e-05 0.0001855292402311399 0.00023777194151956846 0.0002314030573684794 0.0001617214907442404 0.0002545614080773158 0.001531479585837889 0.02036532527727015 0.0008701391375226848 0.005335992131528316 0.0001513198690489737 0.0017720477158216028 0.00014210891952489148 0.015934962804396317 0.0004905102656135649 0.0003673140596535977 0.00010293356005966242 2.6388449207164354e-05 1.6346499424801267e-05 3.965151234004508e-05 0.006794520853146355 6.654751065647846e-05 0.0 0.015530558411066247 0.006406197572511227 0.0075032824178494694 0.0009876355208878937 0.0005555564591293335 0.0076311144351646236 0.007956834091436615 0.0007817557428516519 0.008177766609543492 0.0016006369805023602 0.0 0.000503816115579891 0.00045337644031135543 5.2426876105385636e-05 1.6304037460810795e-05 4.3409383071210824e-05 2.505817419922136e-05 5.85156868108565e-05 0.0001661694114518066 0.0003158256752599312 0.0005679008165175154 0.00015232245434266748 0.005174927404723338 0.00018493807484795427 7.389847462470986e-06 0.000400576857178729 0.020706209975968583 0.0 0.0 1.219506624657139e-05 0.0 3.2036164049552774e-05 0.000138361548727132 0.0 0.0 0.00015148341956129014 0.000297483973725245 4.334952205856084e-05 0.0001540761438120508 0.00029259966721660965 0.00022106993788631384 0.0 4.412544604257306e-05 2.0931877522524483e-05 0.0 0.0 0.0 0.0 0.0 0.0 0.0 0.0 2.624444046469416e-05 0.0 0.0 0.0 0.0 5.483702971839361e-05 0.0 0.0 1.0691513720568568e-05 0.0 0.0 0.0 0.0 0.0 0.00012700242609636943 6.0226937754817364e-05 9.373165945809886e-05 7.572585985780921e-06 9.902842971114537e-06 0.0 0.0 0.0 0.0 2.7337341647187848e-05 0.0 9.865062179739594e-06 0.0 0.0 0.0 0.0 0.0 0.0 2.3985852079481156e-05 0.0 0.0 0.0 0.0 0.0 0.0 2.4091915415517033e-05 5.645389191354257e-05 0.00018365551095308043 7.255556459333559e-06 0.0 0.0 0.0 0.0 0.0 0.0 0.0 0.0 0.00039481393741367976 3.0249327539190995e-05 0.0 0.0 1.2046217167256074e-05 1.431019860345395e-05 0.00012071570884355831 0.000250433568815791 5.224140017535992e-05 0.0 0.0 0.0 0.0 0.0 0.0 0.0 0.0 0.0 1.8555241606920086e-05 0.0 0.0 0.0007752060121602699 0.0002556003367785715 0.00046840360454358327
0.12363814475353908 0.1489752058028831 0.005839759003766887 0.0 0.012519422698282571 0.012186511162689822 0.0916324283915819 0.00019959400105156724 0.0006971285504127897 0.06416783868101426 0.0020095223821669315 0.14703887341120322 0.09327626095780403 0.0036680368505220356 0.0001423364693198273 0.0 0.0 0.0 0.0 0.0 0.0 0.0 0.0 0.0 4.675256829974685e-05 0.0 1.071388937681772e-05 0.0 7.0882732187834e-06 0.0 0.003425705360206742 0.001104966759373075 0.002754229085193279 0.0 0.0 1.1569670742529876e-05 0.0015953405378441841 0.00016227359657138447 3.894647694241188e-05 5.440820367314719e-05 0.0 0.0 0.0 7.714138039269017e-06 0.0 0.0 0.0034543119466462348 0.00013280646201553633 0.0 0.0 0.0 0.0 9.90241562605974e-06 0.0 7.278361204903038e-05 0.0001451864373058363 0.0002489311751361996 0.001621202306619715 0.00027115245243922566 0.0014631664707432104 5.910423416049852e-05 0.00023910131005451895 0.0 0.002618774514135748 9.796449859876933e-05 0.00014232094971727607 5.050918752039498e-05 1.4078378628468047e-05 0.0 0.0 0.00451922793511508 0.0 4.0347704856525304e-05 0.0018279474845558994 0.001624644635355881 0.002056611484152247 0.0006694972155359731 2.239732983852722e-05 0.00016575697659679326 0.00016932488154944303 3.714922008075862e-05 0.0001031520554812498 0.0005503550838482764 0.0 0.00020999077259849518 0.0001321553342342668 1.3740814190988424e-05 0.0 1.3216783952794937e-05 0.0 6.554670778412288e-06 1.2190030770020118e-05 8.661875448462017e-06 0.0 0.0 0.0026157967650726087 0.00012064945346249274 0.0 0.00025037004920619243 0.008832651743170276 0.0 0.0 0.0 0.0 0.0 0.00014342534451944504 0.0 5.611475763708615e-05 0.0006467259266146045 0.00023308779765671955 7.2484764855482e-05 0.00010341120973233618 0.00022813256713131167 0.00012499065782461545 0.0 0.0 0.0 0.0 0.0 0.0 0.0 0.0 0.0 0.0 0.0 0.0 0.0 0.0 0.0 0.0 0.0 0.0 0.0 0.0 0.0 1.974682134126297e-05 0.0 0.0 0.0 0.00014372843463889462 0.0001133347516844594 6.389882600685877e-05 1.212118678989179e-05 1.4025244484850229e-05 0.0 0.0 0.0 0.0 0.0 0.0 0.0 0.0 0.0 0.0 0.0 0.0 0.0 0.0 0.0 0.0 0.0 0.0 4.749414387989694e-05 0.0 0.0 0.0 7.077115915305595e-05 0.0 0.0 0.0 0.0 0.0 0.0 0.0 0.0 0.0 0.00041110427693925205 0.0 0.0 0.0 0.0 0.0 0.0 0.00012126055907118158 0.0 0.0 0.0 0.0 0.0 0.0 0.0 0.0 0.0 0.0 0.0 0.0 0.0 0.000984360855315114 0.0002499129349896338 0.00016349078757453428
0.002987162779170774 0.14772487791964656 0.06274318124068091 0.012519422698282571 0.0 0.0003315959489358094 0.11609751141909953 0.06140430652999902 0.11083072652898393 0.015179499884664655 0.10225477871939284 0.00808395166031618 0.04227144537517764 0.053427233227414585 0.00041883380430624044 8.053336635516852e-06 0.0 1.2020478349032317e-05 0.0 0.0 0.0 0.0 0.0 0.0 4.091871634168032e-05 0.0 1.4583619856407978e-05 0.0 0.0 1.205860908367917e-05 0.005924344453206207 0.0031205066897321753 0.0007447962476227337 0.0 9.242265631337444e-06 6.0344906793259916e-05 0.0004986996680423957 0.00010984425723602102 4.085730511304074e-05 2.1357435795317468e-05 7.207583161351969e-06 9.88026345383159e-06 0.0 1.648335940401428e-05 6.0948502248677104e-06 8.63024046766464e-06 0.006692936686880091 0.00021814805437759519 6.466061544416705e-06 0.0 1.2908820246438587e-05 0.0 1.200873399118715e-05 0.0 6.426640380327605e-05 0.00018278692340788192 0.0001390125009916826 0.0006731523413962733 0.0003029683304696082 0.0022625590465273067 0.0003224900897746472 0.0002024331273371427 0.0 0.00162189732121188 0.0002107854937690056 0.00016840684843713913 3.634641532968363e-05 4.52978165076863e-05 5.116603921801706e-05 7.162245339569275e-06 0.002281395903074507 7.138115061213762e-06 0.0 0.002494677826190287 0.0017823667634416067 0.004101570160415984 0.001934723060896216 0.0004011811307173709 0.0007159104685917147 0.003434138903666194 0.0004183067728411698 0.0010504388287688813 0.0006551575993492764 0.0 0.0003006760287022025 0.0002900386856005345 4.8898019262034776e-05 6.443803081007833e-06 2.3348545967286162e-05 0.0 4.971901070667258e-05 3.396646530957265e-05 7.933070235846689e-05 3.0379219177612547e-05 1.5796229437127198e-05 0.004310610201464488 0.00021046174282435585 0.0 0.0002387882841625454 0.00034060142180015215 0.0 0.0 0.0 6.410511593040152e-05 0.0 7.32831805984177e-05 0.0 0.00014095241424493747 0.0003615098073364884 0.00039946864788587965 8.279527211538594e-05 0.00022651733037360326 0.00025419534234107967 0.0002795296294130007 0.0 2.0225142556165708e-05 0.0 0.0 0.0 9.321100982453525e-06 0.0 0.0 0.0 0.0 0.0 0.0 0.0 0.0 0.0 9.570770789721793e-06 0.0 0.0 0.0 0.0 0.0 0.0 0.0 0.0 0.0 0.00025324880029885754 2.2524834558587876e-05 9.349836339840839e-05 5.417454349802737e-05 0.00018117400216266424 0.0 0.0 0.0 0.0 0.0 0.0 0.0 0.0 1.7746394065950375e-05 0.0 0.0 0.0 0.0 2.600412537149527e-05 0.0 0.0 0.0 0.0 0.0 0.0 2.196266213900499e-05 0.0001427897483325522 0.00020461482032155853 0.0 0.0 0.0 0.0 0.0 0.0 0.0 0.0 0.0 0.0008295779896186958 1.3410217549217277e-05 0.0 0.0 1.0010201424306273e-05 0.00011591852894321827 0.0 0.0002014056835342347 9.837697924075279e-06 0.0 0.0 0.0 1.4005882047303764e-05 0.0 0.0 0.0 0.0 0.0 0.0 9.688831402104659e-06 0.0 0.001204322739257227 0.0004045068122413156 0.00020997274288883002
0.003954986762105587 0.008464235623304908 0.0002719903381856853 0.012186511162689822 0.0003315959489358094 0.0 0.006818595372238627 9.090629106688946e-05 0.0001984794622551767 0.033689322830725905 0.0003108341983517316 0.011324100007223885 0.005341144960084099 0.0008575209816841283 2.3561011135887297e-05 0.0 0.0 2.1354683126278288e-05 0.0 0.0 0.0 6.694842572783357e-05 0.0 0.0 4.815298676563786e-05 0.0 0.0 1.512205173196466e-05 0.0 0.0 0.0011813160704239427 0.00019384255800862087 0.0006073061230526177 8.597488611845231e-06 0.0 7.658889409762734e-05 0.0006250083653973457 0.0002912234111889699 0.00036750175843200785 0.000162853885913909 0.0 1.052177161070441e-05 0.0 0.0 0.0 0.0 0.0001576733426141072 2.4488909705011007e-05 1.1185471185779794e-05 0.0 0.0 0.0004070806542726335 0.00018345773740598682 0.0 0.0 2.5751164353205505e-05 0.0002821011859113916 0.0030803026632978355 0.0 0.00015741756024632302 0.0 0.0005406498552600259 5.921494541908828e-05 0.0005348639346285516 2.288559118661777e-05 0.0 0.0 0.0 1.8625108162715247e-05 0.0 0.006270169221492095 0.0021401658486343653 0.000640340259903704 0.00012897594698571926 0.00015321792592542672 0.00011757358401247356 0.0 1.8276511245759796e-05 0.0 0.00030770641955954627 9.258339038194327e-06 0.0003392269427430208 4.599595333514924e-05 0.00017727004919337983 2.463531844783358e-05 9.570521468767633e-05 0.0 0.0002829703861298575 4.550497583857905e-05 0.00044677848285840685 0.0 3.082874256861869e-05 0.0 0.0 0.0 0.023019584207063258 0.004928441196014707 0.0006904911055136619 0.003364798876769594 0.00814360751463489 0.0 0.0 0.0 0.0 0.0 0.0 0.0 0.0 0.00039792383039810613 0.0 0.0 0.0 0.0 0.0 0.0 1.3925589144304364e-05 0.0 0.0 0.0 0.0 0.0 0.0 0.0 0.0 0.0 0.0 0.0 0.0 0.0 2.2159393487444565e-05 0.0 2.011208362518947e-05 3.762055224171674e-05 0.0 0.0 0.0 0.0 0.0 1.653227842096279e-05 0.0 0.0 9.349428944823042e-06 9.822097649243352e-06 0.0 0.0 3.2944985259527544e-05 1.9172476128614165e-05 0.0 0.0 0.0 0.0 0.0 0.0 0.0 1.5500027531271317e-05 1.8225904651911226e-05 0.0002165716482410774 0.0 0.0 0.0 0.0 0.0 0.0 0.0 0.0 1.2518428001974813e-05 0.0 0.0 0.0 0.0 0.0 0.0 0.0 0.0 0.0 0.0 1.0316947960372628e-05 5.28647919543741e-05 0.0 0.0 0.00010072044031614682 0.0 0.0 0.0 0.0 0.0 0.0 0.0 0.0 0.0 0.0 0.0 3.18695518061486e-05 0.0 1.2685395639480685e-05 0.0 4.1515237710208307e-05 0.0 2.3222816582485043e-05 0.0
0.08140148534267842 0.13304029472086543 0.020263382748925376 0.0916324283915819 0.11609751141909953 0.006818595372238627 0.0 0.005393561397850455 0.08262571457879438 0.1426554055203679 0.028169125980623558 0.07721048908746105 0.21455425452330104 0.16476850939483845 0.0005371373639880082 5.804269759764509e-05 3.12952561960508e-05 7.660634874475064e-06 0.0 8.994375519992527e-06 2.944072855605928e-05 6.843673664360403e-05 2.3590175255545146e-05 9.821941755511622e-06 0.00011987091798593266 1.0773266355783197e-05 2.8052343341991806e-05 1.9845572389148243e-05 2.2179391491743448e-05 1.224391985356254e-05 0.004884174207730139 0.0022035474786534096 0.0024648752791845566 0.0 2.2152244179104403e-05 0.0001062265894779727 0.0016265959326671328 0.00019661912566588802 0.0001448170394773553 0.00011519355768074567 2.0943332986391288e-05 4.0858057327550456e-05 0.0 4.074859212864854e-05 0.0 3.351430753253357e-05 0.010465953740142482 0.0002660449851437938 4.399169848716475e-05 4.098578880212998e-05 3.78786822818874e-05 4.388639881238112e-05 7.844231739950537e-05 3.3760148131881e-05 0.00016289709954732617 0.00031008772274815024 0.0003388862876850556 0.001579011955841954 0.0006598263337163358 0.0032880218211181083 0.00038164092307893966 0.0002396469637344519 1.803400709932104e-05 0.003064818062705009 0.00038094578039227515 0.00034160472197017165 9.619658246365883e-05 3.954694907236481e-05 8.205492787768324e-05 1.5149420348292801e-05 0.006774335122269834 2.0086083167136247e-05 4.280142422655431e-05 0.003684761107167869 0.002732337500239363 0.005944075555444549 0.002862123563174143 0.0007887357424229241 0.0015469045036601997 0.0010164595354765031 0.00046220677038368745 0.001810385177003464 0.0009295650349600273 0.0 0.00033189090805247533 0.00042284252603948794 3.3259220690629394e-05 9.741884328358743e-06 7.696226612610134e-05 8.650113865994738e-05 0.00012336589574186548 2.8287501950218297e-05 0.00021414623830059664 0.0002761736554476336 8.150271902985626e-05 0.017810580933425822 0.0006257113910740388 1.5123001266512435e-05 0.0006281648411730767 0.004258565547899891 0.0 7.840977649079845e-05 0.00031976805276358767 2.636843594054209e-05 7.721001070029116e-05 0.0005659016990765991 0.0 0.000107699305569741 0.0016767556642197988 0.0017340370618646496 0.00013228614978833615 0.0013020472525379992 0.002183157935255482 0.0011492463973983142 6.547715410595712e-05 3.3232545964932324e-05 0.0 0.0 0.0 0.0 0.0 0.0 0.0 0.0 0.0 0.0 0.0 1.4280160170699299e-05 0.0 1.6784296445700514e-05 0.0 1.152666805622517e-05 0.0 5.870500067013071e-05 0.0002109546869803108 1.2994634294922704e-05 0.0 0.0001391606828894328 0.0 0.0006328286376334377 8.015582989274214e-05 0.00024166823607301124 0.00018105466496594675 0.0002044696423761004 1.5683444682888923e-05 0.0 0.0 0.0 0.0 0.0 0.0 0.0 1.9373768186331124e-05 0.0 0.0 0.0 5.9911104685506835e-05 0.0 0.0 0.0 0.0 1.2439724560939425e-05 4.381159380480478e-05 0.0 0.00010930338774938653 0.000526806792768765 0.0006584629705363758 4.359260998886909e-05 0.0 0.0 0.0 0.0 0.0 0.0 0.0 0.0 0.0034291745113860916 0.0 0.0 0.0 8.822599160454259e-06 0.00048025264121402585 0.00013934151961823222 0.0013846939775500396 0.0 1.0631926339573566e-05 0.0 0.0 0.0 0.0 0.0 0.0 0.0 1.1965447861733855e-05 0.0 0.0 0.0 0.006132354660262944 0.0017279097770222557 0.0011506692956313035
0.00646255247081496 0.03470347687996792 0.23552140889333978 0.00019959400105156724 0.06140430652999902 9.090629106688946e-05 0.005393561397850455 0.0 0.09117062262675331 0.00023658513180636653 0.1416898487326785 0.008925510484398914 0.030999502061689235 0.09733130240732314 0.0030819877949556543 0.0005173644805943154 0.00010949286785896898 9.383381618443106e-05 0.0 5.171104533937206e-05 0.00016953217442566541 0.0005240795191455353 0.00013500557312651592 0.00018835334839050404 0.00416263453149839 0.00012891424413768643 0.0008192617322784562 0.00017843578817898202 0.0002553094990343026 0.00013239604396754183 0.029603253091936184 0.12672658281516969 0.017498723189159557 1.3433325796988935e-05 0.0012689568445907562 0.008175604010270714 0.009302230415249548 0.009246748738241413 0.0019724613848563373 0.0013714197745563366 0.00037869769085030247 0.001218119257658075 4.298331351058443e-05 0.000270667199949174 2.7671772947709605e-05 0.0002536836097199541 0.015694130127655616 0.00026022302526105954 0.0001173361142524201 0.00024155649079201212 0.0001998373369946305 0.0003592285037083309 0.0006995808258580098 0.0006264209234062409 9.04404642440097e-05 0.0002784807262383296 0.0003058238528511636 0.0012700471010306405 0.0003733070278739541 0.0025396595087428587 0.0031355249980012587 0.02238513377423372 0.0004949928165328929 0.004013936148003514 0.00023831768186769495 0.0002711055371473045 0.00013069737844446122 5.305874446979155e-05 0.00043121270305765874 0.000255083211651544 0.011758364382953086 0.00015168004080296814 5.737344253685737e-05 0.002897141658708525 0.0023091528550490312 0.006497350171313577 0.006413039390277064 0.017914533348415904 0.0729547332706119 0.07942114142021235 0.010222521431859519 0.04929765691998408 0.000654453239309453 0.0 0.0003171091696114486 0.0002648072826681799 5.973668739893989e-05 2.6855881299414488e-05 0.00010182884365853642 8.725692346316942e-05 0.0007973333972850771 0.0005420875219712222 0.0012116661445598015 0.0018943879131162558 0.0005415865765422324 0.006806734240176902 0.0006029950661398454 0.00010801726664299785 0.001512587383745429 0.0004345386325943585 0.0 0.0 2.961730164580443e-05 0.0 0.0 1.1064982773812665e-05 0.0 0.0 0.00010549557978626925 0.0001545071420129648 6.728572416481991e-05 0.00010940514274956384 7.95365676623697e-05 0.0001653776707950202 1.6614440958576918e-05 7.488330111497866e-05 0.0 0.0 0.0 0.0 0.0 0.0 0.0 0.0 0.0 9.188692913955488e-05 0.0 2.3348338290671528e-05 1.8037054113168367e-05 0.0 0.0 4.349607579345557e-05 3.989054158249874e-05 0.0 1.977486040965411e-05 4.899733883146616e-05 0.0 0.00015847044852264667 1.1136348307797485e-05 0.0001885801219872791 3.8809637676352044e-05 0.00023549939955520025 0.00017640516330668523 8.93916150325535e-05 1.9895772896178158e-05 1.245459551474672e-05 0.0 0.0 0.0 0.00011952717012714995 0.0 0.0 2.77542243793021e-05 0.0 0.0 9.779085151445037e-06 0.00010151969548686875 4.44825353523266e-05 0.0 0.0 0.0 0.0 0.0 0.0 0.00010587605097544941 0.00035322231013967787 0.00021846581704064805 2.8143257731901584e-05 0.0 0.0 0.0 0.0 0.0 9.692141145947414e-06 0.0 0.0 0.0006765280266522929 0.00013178874630853765 6.892581997682549e-05 1.2101881040975037e-05 4.5976873795668385e-05 5.1068390327913416e-05 0.00032069565208215647 0.0005646794437075002 3.310039277723483e-05 0.00013630692494147732 3.361940770694723e-05 0.0 6.483963704664962e-05 0.0 0.0 0.0 0.0 0.0 0.0 0.0 0.0 0.0009062311560855145 0.00046554425785985383 0.000788518851725624
0.0011774099976269569 0.06360948618876942 0.10098753865397767 0.0006971285504127897 0.11083072652898393 0.0001984794622551767 0.08262571457879438 0.09117062262675331 0.0 0.008067647596146308 0.1011073408740657 0.010070075450267276 0.09149807317930486 0.026401658404652265 0.0003939659283861517 4.281717494428818e-05 9.91354731063758e-06 8.298976644328358e-06 0.0 9.132975404071481e-06 1.6782186974575443e-05 3.7241459022305075e-05 9.952151177309382e-06 2.261094785762694e-05 0.00016177946358945434 0.0 9.186989856698854e-06 3.311651742189165e-05 1.73635801101305e-05 0.0 0.00535930358350878 0.003602685880945166 0.006782866411644161 0.0 6.127947826820097e-05 0.0001388035401615474 0.002168758659191754 0.0003197461600508571 0.00015892275456225576 0.00014528244277076108 7.636049451832872e-06 4.63115896295047e-05 0.0 1.6980739445244703e-05 0.0 3.118610878052509e-05 0.004317401055607126 0.00011022953551198471 1.4236008449476853e-05 1.5601711670661508e-05 6.306688875093864e-05 5.297776912290363e-05 2.0121795913692452e-05 0.0 2.0767291352549735e-05 9.651374771576774e-05 9.561947640572613e-05 0.00023228735638543743 0.00022904017117099642 0.0010986814080982067 0.0002313922358361161 0.001728904807465874 2.85149105686628e-05 0.0006878673109880692 0.00012768246017304813 0.00012887997913151993 3.642104591070699e-05 6.973827051628014e-06 0.00011621359871172867 2.6727932881809704e-05 0.004826271734908931 2.763556308547742e-05 0.0 0.001089126287730951 0.0006612336196826673 0.002433805935899258 0.0012750548971781203 0.0009675930209204339 0.001587433125917805 0.011016043697810566 0.0005752859408359815 0.0015056848382850074 0.00029406939298316033 0.0 0.000151347903756701 9.762132634761148e-05 2.8001656620945464e-05 0.0 5.965390837247758e-06 8.55796955085328e-06 6.221841040696647e-05 4.813851808306837e-05 0.000186496101876618 0.0002066992497895362 6.729490663266822e-05 0.004763892232313879 0.00033913482808039337 0.0 0.0005128564339637718 0.00042349557850875297 0.0 0.0 0.00012705129714601587 7.2265465981585e-05 6.84758234537944e-05 0.00020352710178802024 0.0 4.518810929194213e-05 0.00023412270637101202 0.0004628318284813655 0.0 0.0001289728836193826 0.0004190564532601206 0.00022024549661150793 3.269980802616441e-05 0.0 0.0 0.0 0.0 0.0 0.0 0.0 0.0 0.0 0.0 1.0448252998956273e-05 0.0 0.0 0.0 0.0 0.0 0.0 0.0 0.0 8.048508835580217e-05 2.925677286245935e-05 0.0 0.0 0.0 0.00013590469676522812 0.0 0.00011881100522527087 7.43974495787341e-05 2.8799480948849966e-05 0.0 0.0 0.0 0.0 0.0 0.0 0.0 0.0 0.0 0.0 0.0 0.0 2.175105602117728e-05 0.0 0.0 0.0 6.137262041224207e-06 0.0 0.0 0.0 0.0 9.242639449243797e-05 0.00040883401342173205 0.0 0.0 0.0 0.0 0.0 0.0 0.0 0.0 0.0 0.0005484832111228401 0.0 4.1030824647942826e-05 1.0094587900470868e-05 0.0 6.006991733657802e-05 0.00012083285317145503 0.00031377427564009176 0.0 0.0 0.0 0.0 0.0 0.0 0.0 0.0 0.0 0.0 1.0918711936983546e-05 0.0 0.0 0.0013209240309625123 0.0006514022997745182 0.00025056422029988407
0.10608847329398746 0.08426306077695085 0.0010942881940986505 0.06416783868101426 0.015179499884664655 0.033689322830725905 0.1426554055203679 0.00023658513180636653 0.008067647596146308 0.0 0.00112862154712959 0.13850667750610546 0.19412390143543853 0.011420972969527939 0.00012449424694091997 0.0 0.0 0.0 0.0 0.0 0.0 1.2920485567251936e-05 0.0 0.0 8.739290313337285e-05 0.0 1.6874181718947732e-05 0.0 0.0 0.0 0.002567500152757834 0.0007398659802624714 0.005779035537935534 0.0 1.1249369082965259e-05 4.426297047793631e-05 0.0032959848080696807 0.00040552550201159614 0.000218912537614981 6.024546185474358e-05 1.174149179887235e-05 0.0 0.0 7.508213866404543e-06 8.490034769132333e-06 1.3922768884975914e-05 0.0013881951392723589 6.202143486135273e-05 0.0 0.0 0.0 3.1422214197884464e-05 8.009252613600279e-05 0.0 2.4794489218421345e-05 0.00010557067314274096 0.00024893775592299365 0.0032091037580207716 0.0001123088777205282 0.0006857449998883656 2.9352227248493348e-05 0.0003025929492652771 0.0 0.0017106263829788611 3.2239320291054686e-05 7.123399183513724e-05 1.0939183073307378e-05 0.0 0.0 0.0 0.017873342057880222 0.0009119164200590123 3.3428571975998295e-05 0.0009910004069599515 0.0013776097379452942 0.0008150595551454675 0.00032784515392678175 6.634575800364504e-05 0.0001434059820818986 0.0005096496094184409 1.967936023664996e-05 0.00014948385569741479 0.00018606798825482391 1.9351926166317482e-05 0.00013391928271038004 7.860037783606684e-05 0.0 4.0591709071319664e-05 0.0 2.252139072433252e-05 0.0 1.2095820808425023e-05 0.0 2.7868727780170183e-05 2.7225968112779753e-05 0.029697609152666973 0.004708071205721509 0.00010455979332137008 0.0026970724853864194 0.047436969934459554 0.0 0.0 0.0011019698097620334 2.606564125606663e-05 0.00039719818050732586 0.0022652144940214355 0.0002582067322555047 0.0006391618515544429 0.004623659667731751 0.005604701006956486 0.0008492215395389368 0.002933985457349937 0.00580383310469245 0.002343759593902531 0.0003365595748292453 0.0 1.0594701532836241e-05 0.0 0.0 0.0 0.0 0.0 0.0 0.0 0.0 0.0 1.2051904563049099e-05 1.6699754075804207e-05 4.112792027882375e-05 0.0 0.00011123325512335587 3.835264337804868e-05 0.00010802358742521138 1.4956109940623493e-05 0.0004089850619108639 0.0002656050977296738 1.5534642480709717e-05 4.288836714188598e-05 2.3245752584035643e-05 0.0012865198269559192 9.686039814140856e-05 0.0015849743694359758 0.000288329300748149 0.0004545890231830087 3.513727629228568e-05 0.0 0.0 1.7765977807185925e-05 2.6736193614342128e-05 0.0 0.0 6.0495746515611096e-05 7.960308522834771e-05 0.0 0.0 2.2921240703548516e-05 3.0960214947676596e-05 1.0425963465817655e-05 0.0 0.0 0.0 0.0 3.5003717880670765e-05 0.0 3.3301724626009185e-05 0.0005564399726817202 0.0019682283467603793 6.429021084742557e-05 0.0 0.0 0.0 0.0 0.0 0.0 0.0 0.0 0.008423989146898403 0.0 2.8232317749520018e-05 0.0 0.0 0.001123041184920302 0.0005874421949941835 0.002176662535709937 1.2656389593886473e-05 5.513080436974821e-05 2.4836784387020536e-05 0.0 1.1120163704013077e-05 0.0 0.0 0.0 0.0 0.0 0.0 0.0 0.0 0.017652039925546915 0.0038773779964977827 0.0023968716638400663
0.0031543523096004304 0.056960685307778994 0.10425614057054111 0.0020095223821669315 0.10225477871939284 0.0003108341983517316 0.028169125980623558 0.1416898487326785 0.1011073408740657 0.00112862154712959 0.0 0.016173753136980693 0.15214426270696585 0.08715077060924621 0.0017071520960276918 0.0004466389192676227 0.00015070360259464868 5.971447853808202e-05 3.224799038090363e-05 3.271915956205131e-05 6.435165151054597e-05 0.0004222620818933977 0.00014171533254909332 0.00011290172086912024 0.006158803082769852 0.00014544365487710164 0.0007561971683064193 0.0002632446578645963 0.0005081681632776961 0.00021379725928047358 0.012056807265835698 0.027971307756348728 0.11180285542520121 0.00011786657101892489 0.0011866058974100153 0.0077218924801986 0.04949584318919144 0.016972368555258 0.005206323634270576 0.00344239519813301 0.00017244480569591458 0.0011285326413704544 1.0341246669368353e-05 8.863822859443494e-05 4.206092736561779e-05 0.0001832795944772649 0.005852992372414372 0.00018690747436490707 3.902295480964787e-05 4.434715854389689e-05 0.0001236604476815468 0.00040329699566577594 0.001408981910800378 0.0005694646911963676 5.0388343169243184e-05 0.00010256766002865155 0.00017590323563816888 0.000790702629652431 0.00021629995054049997 0.0016229079879058067 0.0011914557742974245 0.053343550041291925 0.0010259018885321759 0.003281853948307002 0.00015294869090974416 0.00011880541430916495 4.469793742801349e-05 3.67061864476892e-05 0.00022601778090212016 0.00011834800847321315 0.06369091013513271 0.0003005560984552049 4.4552117919890205e-05 0.0018972588313665268 0.001944017997895723 0.0031756098954605788 0.002877911987023024 0.0015596454312633184 0.022066340458474477 0.0730210693626591 0.0017633788780282622 0.03850037506124264 0.0004097832138336382 2.536892818534237e-05 0.00015589067544344456 0.00019456461689274177 8.866257581581566e-06 3.153982893239128e-05 5.3602409687020534e-05 0.00010608608180347053 0.0004915716740819184 0.0005368047674367905 0.0009257933763549314 0.0016414752256989078 0.0006398836084625938 0.005443202760396737 0.0010715442846952695 0.0002611276700452564 0.004524271704558779 0.0005660137305261617 1.275199060724156e-05 0.0 0.00020331922240251346 0.0 2.250753362486441e-05 8.570036870362947e-05 0.0 9.786169049827838e-05 7.136209124072695e-05 0.0003921403626400331 4.519716039479273e-05 0.00021841005069132914 0.00044610561825813845 0.00019561293083271352 3.368937564817632e-05 8.186508310758843e-05 3.9580581237193775e-05 2.714340166867889e-05 9.358432625454555e-06 0.0 0.0 0.0 5.17145687557422e-05 0.0 2.8350709772353543e-05 4.217293919219318e-05 0.0 3.286301350095574e-05 0.0 6.027452295371858e-05 1.980786736430724e-05 3.045343440540664e-05 0.0 0.0 0.0002047682050363343 0.00010173473181187732 1.2525882556782697e-05 8.83741386169822e-05 0.00020151852443201973 0.0002656714637625839 7.928256117492805e-05 0.00044887314135355063 0.00023162725980884697 0.00032083270447566076 0.0 0.0 8.601384864972368e-06 1.1131471995475804e-05 8.910896606986396e-06 0.00011037491895372553 0.0 0.0 6.757755177977689e-05 0.0 8.506218827833764e-06 1.4748022333419118e-05 5.5567700368484736e-05 0.0001107583946402808 0.0 0.0 7.763881221680354e-06 0.0 2.4504434213308986e-05 0.0 0.0001068322311748895 0.0006893733305596306 0.0004915909275028693 9.805824087916927e-05 0.0 0.0 0.0 0.0 3.0168953963910846e-05 0.0 0.0 9.506986269795766e-06 0.0011107800431700472 4.194860157124704e-05 1.6767074549008873e-05 8.404208401772918e-05 2.480241636017119e-05 0.0003947894942576948 0.00042357597824801605 0.0009266204258517876 3.108089740918391e-05 8.472461239411553e-05 5.9400480218075626e-05 6.407017829184011e-05 0.0 0.0 0.0 0.0 0.0 1.3046020357429896e-05 0.0 0.0 0.0 0.0018612503756594819 0.0012081177023399662 0.0008365603406779347
0.02608854618570715 0.025724540962878226 0.007208722089886213 0.14703887341120322 0.00808395166031618 0.011324100007223885 0.07721048908746105 0.008925510484398914 0.010070075450267276 0.13850667750610546 0.016173753136980693 0.0 0.148724196827033 0.014008837989777282 0.0004796692389026137 0.0001174938579957713 1.8661132696734897e-05 0.0 0.0 0.0 0.0 0.00027925027765724543 3.80570525102112e-05 8.641397226059467e-06 0.0016196007912358133 1.2963698655586176e-05 0.0001195092456184996 6.278628493958278e-05 0.00010139740503057618 4.5479472496201815e-05 0.002592488730217334 0.0027889986452380704 0.01650138114892692 0.0 0.00016882427516206553 0.0011111995270381328 0.023046834986263035 0.004514868306948299 0.002084016210592431 0.001153206335840275 0.0 0.00010017931409542967 0.0 8.401068505786127e-06 2.258616947561052e-05 1.8567013763997138e-05 0.002933656455075877 1.9613738242004905e-05 0.0 0.0 1.5448082758711622e-05 0.00013725819721378306 0.0005594823816680484 0.0003772202259956294 0.0 4.720979262306695e-05 0.0001105360874534279 0.0005427846264115248 7.365001490165292e-05 0.00042359754827162363 0.00023834373301846504 0.0018587917598090608 9.50421648515108e-05 0.001396015179303102 3.5007149178017614e-05 6.306969538319265e-05 1.1759711742496813e-05 2.5208299862871282e-05 7.768904706406103e-06 8.960074538349489e-06 0.023642870064462983 9.94076025126718e-05 3.669764009167628e-05 0.000532029329261196 0.0005982276314176177 0.0007679524479792216 0.0007340003292536313 0.000576176937287491 0.0013947073927835848 0.0018483648440832804 0.00034765098377091707 0.002648402034452142 0.00015665240328637632 0.0 4.7267528902268485e-05 4.7680255921758047e-05 6.456772240304694e-06 8.681654874486689e-06 0.0 4.4455070256311355e-05 5.478988004079186e-05 0.00014871358040830418 0.00017532657654827823 0.0001616645415648591 0.00023567241543343063 0.021092027555395486 0.0021638574692829566 0.00010311675263709304 0.0024942470983505298 0.0030325372774067313 3.8312173147260014e-05 1.5453159116486242e-05 0.0005075860397309505 0.00014648283595177614 0.0002693556872424186 0.0007689522876899547 1.9445063404611772e-05 0.00014324658237646 0.0014483733858549125 0.002176887943873852 0.0002323955559016643 0.0009966022034671863 0.002343497373559693 0.0016786217209098589 0.0002448660302286448 3.069258792677929e-05 1.2101992237902563e-05 0.0 0.0 0.0 0.0 0.0 0.0 0.0 0.0 5.4896128705040275e-05 0.0 4.162093038981911e-05 1.7178665070489197e-05 2.664811365591824e-05 3.735758131961798e-05 1.2258348199991655e-05 0.0 0.0 0.00015693088617986455 0.00015063229647470846 1.288862001635485e-05 0.00012747460858677332 1.967646748128542e-05 0.0007729425060364289 9.18549393097388e-05 0.0008046488103963973 0.0002751071155681246 0.0002335868538281075 1.1273495545739924e-05 5.5598930352629414e-05 0.0 0.0 0.0 0.0 0.0 1.189996813374607e-05 1.0322388978659572e-05 0.0 0.0 0.0 4.038876922776005e-05 2.4565265473659914e-05 0.0 0.0 0.0 0.0 0.00012961091687227035 0.0 0.0 0.00014379356987444028 0.0010756082691211638 8.078379164744435e-05 1.0743779547002347e-05 0.0 0.0 0.0 0.0 0.0 0.0 0.0 0.004735265093520698 6.0761705582595555e-05 0.0 0.0 0.0 0.0006977564990855005 0.0005265066515482267 0.001353139906689598 1.52753290653937e-05 0.00021929034171314958 2.098680008339329e-05 9.66223026260963e-06 2.561970669138801e-05 0.0 0.0 0.0 0.0 0.0 1.32122990100515e-05 1.0303454976333853e-05 1.0451660857735069e-05 0.008149898724461604 0.002752738819609949 0.002327060596946984
