0.0 0.19106468568827834 0.020040509815374728 0.09454409200232616 0.0021062207806251576 0.0034125218014200167 0.03401077386022641 0.0023390393481937284 0.0001818434471942198 0.08582742779370928 0.004976622711081402 0.004051220897010549 0.013004249870627297 0.01570457914204082 0.00014984675848022595 7.912406903511436e-05 1.9264996878585607e-05 0.0 2.2317080784310715e-05 0.0 1.8288958219676076e-05 0.0 1.600703085469089e-05 1.7832412227297448e-05 1.098976071774797e-05 0.0 3.844891977869403e-05 7.5440403883029825e-06 0.0 1.314463734800717e-05 0.06526880982705051 0.0001618565741215085 0.0008326175797177697 6.6614592851150475e-06 1.0599158811786534e-05 0.0 0.00038592522613300464 3.4535379994665265e-05 5.849293785291193e-05 0.0 4.8247387786627456e-05 0.0 9.060737602182237e-06 1.7939325861514776e-05 0.0 2.6812045861631018e-05 0.004221273059080299 0.0002886272645385304 7.053352970545717e-05 2.866080420345516e-05 4.558694931533248e-05 2.3823807802908212e-05 2.0404447114407208e-05 2.5459858140636734e-05 0.0007398629911291322 0.0012665134634081356 0.0072987586181506425 0.03698137740709262 0.003187286637577144 0.001697102922824942 3.563061064808915e-05 0.00014389960027731807 0.0 0.002808793190432507 0.002094458639070236 0.0012361152951124912 0.0006171617877693186 5.705442089730904e-05 1.7832414260475165e-05 1.9462073304016954e-05 0.0008875814394958768 4.297504686275093e-05 7.142842779931894e-05 0.010405221859797704 0.009017747893566594 0.0011918749117817364 0.0005404844153305291 5.6645226597617505e-05 3.732294951120646e-05 0.0014469887771767383 6.964004263693836e-06 0.0002048474919696011 0.0016342959472977453 2.978565927295914e-05 0.0006903006278568698 0.002940182292345759 0.00016248921871981942 9.094613291231865e-05 0.00048032384121559594 1.9734750901777204e-05 1.4379470558858425e-05 2.249668662182317e-05 1.0189270181901026e-05 1.793644484867476e-05 3.1766955387901645e-05 0.0043026384041249125 0.005323720817405595 5.501630915565186e-05 0.0002420489718189438 0.050364771263968336 0.0 0.00017860469266667325 0.0 0.0005304436189687754 0.0 0.0004861230303347274 0.0007845924797603957 0.00020928136463085667 0.0011636592016971091 0.0008853252018397742 0.0 0.00035626693731196914 0.001165084256982977 0.0005387898094742455 0.00020306918018627197 4.8873404225546425e-05 0.0 0.0 0.0 0.0 0.0 0.0 0.0 0.0 0.0 0.0 0.0 2.3149450530337668e-05 0.0 0.0 0.0 7.792908254966317e-05 0.0 0.0 8.080915707816056e-06 0.0 0.0 0.00021269158415229437 0.0 6.443224900638017e-05 0.0 0.0001916861825642275 8.115098305043672e-05 2.9899940126672453e-05 0.0 0.0 0.0 0.0 0.0 0.0 0.0 0.0 0.0 0.0 0.0 0.0 9.408898956257607e-06 0.0 0.0 0.0 0.0 0.0 0.0 0.0 0.0 0.0 0.0003010575545495372 0.0 0.0 0.0 0.0 7.888297024552482e-06 0.0 1.9949905835268002e-05 0.0 1.2911519289292967e-05 0.00044833860894980275 0.0 0.0 0.0 0.0 4.0659496329389885e-05 0.00024169633849045662 7.718301306546219e-05 0.0 0.0 1.1712144698011181e-05 0.0 0.0 0.0 0.0 0.0 0.0 0.0 0.0 0.0 0.0 0.0002967865892371172 2.213009349505818e-05 5.259797030568279e-05
0.19106468568827834 0.0 0.07316110429809033 0.08134134677948762 0.11661422586629061 0.004047183610405601 0.2153070449541022 0.06485223027255996 0.06453091137763525 0.07046450336938458 0.14974637872745772 0.006353939591825743 0.054655980377047525 0.2802263356542171 0.0012422923579367146 0.0007540241390636 0.00010596048659816619 7.358295624789231e-05 1.1348255697623904e-05 5.977389268392507e-05 0.00010765573392202282 7.5316803959202e-05 9.510944451382847e-05 0.00014084634526122185 0.0001443610131888821 0.00011737490799857958 0.00018379806750908168 7.157463005165011e-05 0.0 0.00010281533550684313 0.11435043849723397 0.004513832820243696 0.003837060120333686 2.180330846331643e-05 9.754474108263464e-05 9.450617221755935e-05 0.0015423317474014156 0.00016898063318568604 0.00019402502721481375 0.0 0.00014169708476801776 0.00012773849978907904 4.487289170615825e-05 0.00011892189498595025 7.531214086608375e-06 2.1052362910630235e-05 0.01797212233779342 0.0012701351542533162 0.00046427849766810046 7.747345860338396e-05 0.00039692208365761086 0.00019198443855438993 9.904698036969287e-05 0.00014290398872471928 0.0013575825751084864 0.002643913074916655 0.007601870101039674 0.04544399334892745 0.0059303322322085536 0.00383589274948472 0.00013282854498130947 0.0005623956474090991 7.836388573942276e-05 0.015269950962120476 0.004906227162982429 0.004038611284282028 0.002652118524031023 0.0005008794103641406 2.5073678396232844e-05 0.00010771166409983715 0.0017300583021088848 2.7946590039595907e-05 0.0 0.018685578131951517 0.021397183644415847 0.00743077023943712 0.0041429123328990645 0.0005106133544602997 0.0015353575254030516 0.007208410113941518 4.19739406473433e-05 0.0011046762339561168 0.0033034981389150325 0.00012589353637348347 0.0031006343544091584 0.008553736011831006 0.0006375586358819689 0.00014688190958978714 0.0018391107711842082 3.132236346397248e-05 0.0001431682642155202 0.00017534961273856287 6.938409656699305e-05 0.00012712873860609228 0.00017773669605561986 0.0019145801204019568 0.00014510834171839096 0.0 0.00038212758866192694 0.06777431817417015 9.512698778785111e-06 7.427747603569308e-05 0.0002577514524735221 0.0004570971716117526 0.0 0.001458905681170519 0.0008153951782460248 0.000701761137330013 0.0034761710584346626 0.0014032200900621992 0.0003216708364644689 0.0015937291847128057 0.00394817344224355 0.001752374980324005 0.0012009518558435848 1.1224199325396254e-05 0.0 0.0 0.0 0.0 0.0 0.0 0.0 0.0 0.0 0.0 0.0 6.437367823899214e-05 0.00010506722419578629 3.382546346022774e-05 0.0 5.982762499661583e-05 0.0 1.2062494767910323e-05 0.0 2.4602477258793628e-05 0.0 0.0001359703026990051 0.0 0.00030103750843373184 0.0 0.0006049831543315464 0.00010905100976200942 0.0 0.0 0.0 0.0 0.0 0.0 8.186391377085543e-06 0.0 0.0 0.0 0.0 0.0 0.0 7.044887631759054e-05 9.415769063799188e-06 1.5830158116338767e-05 0.0 7.062888370770423e-06 0.0 0.0 0.0 0.0 0.00014687277401396256 0.0006254872749342829 0.0001365529128266174 0.0 0.0 0.0 0.0 0.0 2.12138226369238e-05 0.0 6.137390952108165e-06 0.0011325232023534154 0.0 0.0 0.0 0.0 0.00024662450715495933 0.00020157572575188023 0.00014188008143768542 0.0 0.0 0.0 0.0 8.924422184845983e-06 0.0 0.0 0.0 0.0 2.7632369029621903e-05 0.0 0.0 0.0 0.0008440681118795088 0.0003438883891326578 0.00023465407060819956
0.020040509815374728 0.07316110429809033 0.0 0.003773485954672054 0.0917035283934958 0.0002103408159309246 0.008018386703773129 0.25858498114559436 0.03912494657939848 0.0009284794011414048 0.18040112487252902 0.0011781025511421075 0.007930764689371839 0.18535966931038297 0.0015170177163918188 0.0017835209061496597 8.950980873889503e-05 7.350385902646081e-05 4.760268949415837e-05 0.0004806011514088085 0.0018297575391092492 0.00018599833737358186 0.0004385672111784291 0.0010655313716735073 0.0004011040013768004 0.0006738279489814084 0.0008990028509613177 6.54615218494372e-05 2.0180386862469495e-05 0.00032823766810008014 0.26608634744054327 0.03696566428529411 0.010026065961669271 5.672734461285781e-05 0.0004339105678082095 0.0002587553283852892 0.0027966080925061498 0.0005430058164678051 0.0002120520582639643 0.00017159352630411544 0.0006593200776578129 0.0002884198722776036 0.0004005683068252526 0.00010295712373032772 0.00010559484957322758 7.890935326801273e-05 0.009872711324041819 0.0005035849076119404 0.00021727324392791986 0.00016198463331238734 0.0001957854922723444 0.0024062948932073846 0.00022603288315747644 0.00027209944588309616 0.0006275591943551948 0.0011111786102997016 0.0045999812748546585 0.04299065208177426 0.002450530898598198 0.002237936128778053 0.00020869935174920188 0.002677180080621644 7.2778642829623e-05 0.021299752435977523 0.002019394893560312 0.0016580325627820996 0.0010948997186764028 0.00030855883314387313 0.0005312442203128086 0.001227291648398303 0.0009931162066340758 7.945547090518106e-05 1.3032556392595123e-05 0.011296395261522327 0.014681830032334524 0.003710402392254621 0.0049542665317810946 0.0012219720091526545 0.019137158266650106 0.052036450792170307 0.00015135381436532093 0.012361716777231793 0.0014036756484384963 3.4257528976177125e-05 0.001104643503352763 0.003512884438389883 0.00022145421011993284 9.209973406512444e-05 0.0007545153121058576 0.00037511809255487237 0.000272677890537839 0.0007655064335277997 0.000679219775693981 0.00038587483229814254 0.0012525879124843267 0.0006479078739460059 0.00013629642440651316 0.0 0.000236095923500159 0.023478810360563353 0.0 0.0 0.0001194802665852829 0.0 0.0 9.407380172495085e-05 1.8964422557519303e-05 4.98024454729879e-05 3.517328747352414e-05 1.7090587001602854e-05 0.0 0.00012743870671655456 0.0002737953738131971 9.694731112256587e-05 6.668545621107962e-05 1.2203855515777634e-05 0.0 0.0 0.0 0.0 0.0 0.0 0.0 0.0 0.0 0.0 0.0 1.9590034394070478e-05 0.0 4.409645722088992e-05 4.1245929847718946e-05 9.170659322847563e-06 0.0 7.277294688221913e-05 7.450652977212979e-05 0.0 0.0 3.18022849006854e-05 0.0 6.192784167684605e-05 9.782517728660345e-06 0.00027782437267743235 0.00012724622425619873 0.00012789548042483866 1.1148113748473757e-05 1.147880197315808e-05 0.0 0.0 0.0 5.94940638918024e-05 1.0178212744829437e-05 0.0 0.0 0.0 0.0 2.1459700919056464e-05 2.9087832521584394e-05 3.109077028855398e-05 0.0 0.0 0.0 0.0 0.0 0.0 0.0 1.7650396057588908e-05 8.289274541434556e-05 7.005344256475945e-05 0.0 0.0 0.0 0.0 0.0 6.542043132756226e-06 0.0 1.5361811052134674e-05 0.0003566756746549664 4.2188791620763823e-05 0.0 0.0 1.931759416980993e-05 1.9783837911654815e-05 5.108111399564635e-05 0.0001534619472230336 0.0 0.0 0.0 3.3696835996174e-05 0.0 0.0 0.0 6.773487886200609e-06 0.0 0.0 1.237464498636876e-05 2.201351006756835e-05 0.0 0.0001199774934142244 0.0001143621696399447 0.00023997488248910222
0.09454409200232616 0.08134134677948762 0.003773485954672054 0.0 0.0006824050708629469 0.01769909988869244 0.054193212171066873 3.467963395443896e-05 0.00021020698099041602 0.1569529548459609 0.00012623433304953502 0.03112750143136641 0.14260787217631837 0.005110690640033611 1.137264061469996e-05 0.0 7.583735133667908e-06 0.0 0.0 0.0 0.0 0.0 0.0 0.0 0.0 0.0 0.0 0.0 0.0 0.0 0.0065988612572297385 4.287518022253748e-05 0.0001445462971834934 0.0 0.0 0.0 1.632821448179308e-05 0.0 0.0 0.0 8.583450147215424e-06 0.0 0.0 7.082543099863194e-06 0.0 0.0 0.0012055401015901644 0.0001331126332807715 9.89341740781265e-06 0.0 7.441629226163427e-06 0.0 0.0 0.0 0.00011079126655781097 0.000255148496002942 0.0011624550623538226 0.0045738734536464164 0.0005918750933425644 0.0003518414799733281 0.0 3.2523179578263135e-05 0.0 0.000743289899481653 0.000508041994079901 0.00030314312472571215 0.00020693348301356563 1.1442250520560031e-05 0.0 0.0 1.6823322739542364e-05 0.0 0.0 0.0017903929975644102 0.002112003185862148 0.00038974613688123584 8.459299435541213e-05 1.3189136492342435e-05 2.449585131922475e-05 1.0483849170143053e-05 0.0 8.639870829156506e-06 0.00025082142769260093 6.548259065363952e-06 0.00012420670081418034 0.0005834591495922044 7.091288864687935e-05 2.1343797589516512e-05 6.326136940095079e-05 0.0 7.391974959699816e-06 0.0 0.0 0.0 2.102053859624887e-05 0.0005706829021917791 0.0 0.0 9.921701959770256e-06 0.05087563590496352 0.0 8.633747711112053e-05 0.0 0.00015502838460513543 0.0 0.0008901368185910419 0.0004781913610545952 0.00020058603989576854 0.0011893085916489243 0.00036125992063266136 0.0 0.00034243448915436786 0.0004949871306778674 0.0002943289856588725 0.00044261921189059117 0.0 0.0 0.0 0.0 0.0 0.0 0.0 0.0 0.0 0.0 0.0 0.0 0.0 0.0 0.0 0.0 0.0 0.0 0.0 0.0 0.0 0.0 0.0 0.0 3.893349515922545e-05 0.0 0.0 0.0 0.0 0.0 0.0 0.0 0.0 0.0 0.0 0.0 0.0 4.974810574845102e-05 0.0 0.0 0.0 0.0 0.0 0.0 0.0 0.0 0.0 0.0 0.0 0.0 9.590978357793471e-05 9.035662014632119e-05 1.0565488372028507e-05 0.0 0.0 0.0 0.0 0.0 0.0 0.0 0.0 3.856471331663669e-05 0.0 0.0 0.0 0.0 9.880428045264293e-05 0.0 0.0 0.0 0.0 0.0 0.0 0.0 0.0 0.0 0.0 0.0 0.0 0.0 0.0 0.0 7.559175668283942e-05 0.0 7.746475863588752e-05
0.0021062207806251576 0.11661422586629061 0.0917035283934958 0.0006824050708629469 0.0 0.00014775019186231124 0.11475793893622889 0.01808239136994453 0.34098981544738627 0.008737708662974469 0.07238627035421906 0.005289432766365371 0.027599516999303325 0.1477813039408107 0.0006086713555031412 0.0005012643025987486 3.572822351079155e-05 3.1190963253792706e-05 0.0 0.0 5.7229464792295176e-06 0.0 0.0 0.0 0.0 0.0 0.0 1.326636166538126e-05 0.0 0.0 0.007549217856579434 0.0014569970365953169 0.0004001014343231955 5.2064151360588735e-06 0.0 0.0 0.0005640066022341357 1.6246945318254048e-05 4.2540884123975524e-05 0.0 0.0 0.0 0.0 0.0 6.420461646117505e-06 5.6573668399199954e-06 0.006620814913594773 0.0002512493023209592 0.0001385561845430287 1.21798675766529e-05 8.002794208376023e-05 0.0 2.5670031280400467e-05 0.0 0.00016064918372703558 0.00041409129974147345 0.0008512372505602626 0.0029243280934276744 0.0009316730516542417 0.0008290815090364654 0.0 2.1278099517604357e-05 6.2199344097879746e-06 0.0037132766600275285 0.0008920648291840992 0.0007279856080440206 0.0005058202762235523 4.0749839056832794e-05 5.351878836580496e-06 0.0 0.0015141102356441426 0.0 0.0 0.0031414582862745936 0.00341276176061349 0.002564773586515802 0.0017084366529925854 0.00011259592527472331 2.0028189785608475e-05 7.080500315370822e-05 0.0 7.618336870484068e-05 0.00043918724804165114 1.0280739798099459e-05 0.00048086969962260397 0.0014347567395303312 0.00015787696927698768 2.2944834065303486e-05 0.00039994088342734614 6.625519310718576e-06 8.68633910612096e-06 0.0 2.5289132206849605e-05 6.937433680560608e-06 0.0 0.0030803237247229304 0.00010314421623652765 0.0 0.0003400131442511285 0.0007827031976449882 2.4344644908211502e-05 0.00011707245654617625 0.00033809830255021286 0.0006561316630859185 7.771471140618637e-05 0.0017097093582049692 0.0016114533398837022 0.0008058614736915471 0.0008787431986319598 0.0024523027667330134 0.0002363327851473642 0.0030454940493683164 0.006947666767247419 0.0023012682156584308 0.0013767557277578777 4.5885139227218735e-05 5.716844302915652e-05 0.0 0.0 0.0 0.0 0.0 0.0 0.0 0.0 0.0 0.0 2.6997118405758576e-05 0.0 3.769298124980327e-05 0.0 0.0 0.0 2.1230608552242918e-05 1.2824066215695422e-05 7.805723780818966e-05 0.0 0.00025514308266724224 0.0 0.0004643363171763181 6.119541888155279e-05 0.0010584213074799232 0.0002951820419716891 0.0001380024912856473 0.0 0.0 0.0 0.0 0.0 1.4669526743245389e-05 0.0 0.0 8.90884641691033e-05 0.0 0.0 0.0 8.191062094620285e-06 0.0 0.0 0.0 0.0 0.0 0.0 0.0 0.0 7.405501996098242e-05 0.001124933624375253 8.906782334881264e-05 0.0 0.0 0.0 0.0 0.0 6.33995339934303e-06 0.0 0.0 0.0017591841209982485 0.0 0.0 2.7853251933065795e-05 4.982127574851213e-05 0.0002310043986628373 0.0002271116308390626 0.00040400446308666696 0.0 0.0 0.0 9.813862213097994e-05 0.0 0.0 0.0 0.0 0.0 0.0 0.0 0.0 0.0 0.001696043234659669 0.00037564863808382495 0.0002932340238932032
0.0034125218014200167 0.004047183610405601 0.0002103408159309246 0.01769909988869244 0.00014775019186231124 0.0 0.0028632290268386326 6.605747673906464e-05 2.0789488279283644e-05 0.02253608587530306 8.161466854640587e-05 0.005541241781166374 0.003802616344144949 0.00115339478120004 2.697561755128913e-05 9.240333273806057e-06 0.0 0.0 0.0 0.0 0.0 0.0 0.0 0.0 0.0 0.0 1.0194650986757135e-05 0.0 0.0 0.0 0.0029490481015747787 0.0 0.0007302035940026504 0.0 0.0 3.600379991169693e-05 0.001247755329096037 0.00013476840391757447 0.0004565556560723707 1.0883771162807837e-05 0.0 0.0 0.0 0.0 0.0 0.0 6.66600170913518e-05 0.0 0.0 0.0 0.0 0.00018327298970333302 8.678935187766996e-05 0.0 7.541091772303518e-06 0.00011979995430187206 0.0025695828788366327 0.0012752086885175153 7.291271260215912e-05 6.254391486008816e-05 1.5097328685499976e-05 0.00046825486772685655 1.705854208743805e-05 5.018784041078893e-05 5.8332209562305866e-05 1.7342337609307285e-05 0.0 1.4850466345347154e-05 0.0 0.0 0.004215875295488762 0.004386027524975026 0.001484998309458191 0.00025873315353240297 4.4388080477010434e-05 0.0 5.23521011728499e-05 3.192646529675444e-05 0.0 3.713986643148537e-05 0.0 0.000365016013166642 1.8112153084483395e-05 0.00015974014945672817 7.471951530498523e-06 7.729516213232811e-05 0.0 0.0008762126832672257 0.0001691640176840053 0.0007663993823125153 7.370684030830753e-06 4.042280089446396e-05 0.0 0.0 0.0 0.010734476482733579 0.016231912247134037 0.0007430792551529503 0.002201796686430848 0.024707932735558505 0.0 1.8744152148865852e-05 0.0 0.00022332117658489662 0.0 0.00022307753174849768 0.00021944048278705732 1.5947477554165996e-05 0.0003259225597828748 0.0006715475093942255 3.988715310600392e-05 0.00022841487031455924 0.00046221866294730705 4.443584337989294e-05 0.00013206903517574013 9.074145392706936e-06 0.0 0.0 0.0 0.0 0.0 0.0 0.0 0.0 0.0 0.0 0.0 0.0 0.0 0.0 0.0 0.0 1.324385947088097e-05 9.726118395085397e-06 0.0 0.0 0.0 0.0 0.0 1.2142564356590064e-05 0.0 2.831806787585147e-05 7.591649786267049e-06 7.839470261424007e-06 0.0 0.0 0.0 0.0 0.0 0.0 0.0 0.0 0.0 0.0 0.0 0.0 0.0 0.0 0.0 0.0 0.0 0.0 0.0 0.0 0.0 0.0 0.0 0.00022060331304186306 0.0 0.0 0.0 0.0 0.0 0.0 0.0 0.0 6.721075105855067e-05 1.0172419204894618e-05 0.0 0.0 0.0 8.790883986626749e-05 0.0 0.0001002105420601862 0.0 0.0 0.0 0.0 0.0 0.0 0.0 0.0 0.0 0.0 0.0 0.0 0.0 6.660621310914614e-05 0.0 2.354631360711127e-05
0.03401077386022641 0.2153070449541022 0.008018386703773129 0.054193212171066873 0.11475793893622889 0.0028632290268386326 0.0 0.00021059265599844906 0.05741724672771418 0.2333568564421914 0.00976308372489974 0.0396409725879357 0.29952052850089833 0.21551975531566742 0.001409509948503806 0.0011847891105145644 4.412530496307806e-05 7.443410035705601e-05 6.5725667216863545e-06 6.427987961770673e-06 9.270232168879373e-06 0.0 1.1166410314844494e-05 0.0 1.668700935538384e-05 0.0 0.0 0.0 1.4276224777261688e-05 0.0 0.010278347997810076 0.0018213882181573608 0.0008432098160676877 0.0 0.0 0.0 0.0011786971133049915 4.824492865816592e-05 6.244871080469854e-05 0.0 2.838923824561748e-05 4.098693807753765e-05 0.0 1.7903014323888587e-05 1.9246432949343696e-05 5.4999612700152756e-06 0.010947143948315079 0.000544150437074588 0.000178149151064092 7.888492565420438e-05 0.0001056917426910144 2.5200203046221813e-05 6.683803705023673e-05 6.744481047855276e-06 0.0004116454352231336 0.0007289104507794549 0.0019384730150757545 0.006369231403110189 0.0019901580275864103 0.0017613044897736732 5.794115832406663e-06 6.884827443354283e-05 8.297193463706923e-06 0.0067706183364166185 0.0018471071153395608 0.001396961417008873 0.0009669402790549032 0.00010663411700969913 2.2786823625024805e-05 6.738306287096535e-06 0.003674936514748967 7.353403036734961e-06 0.0 0.005944525345254961 0.006626519968109999 0.004760682149075652 0.0027785845519148634 0.00047905222044938297 1.0817796070430296e-05 0.00012278421953131508 3.930533896747199e-05 0.00010200470043072432 0.0012382943675742976 3.600591136676705e-05 0.0011912818785685035 0.002877521322360948 0.00031399719217850845 2.4231956540953327e-05 0.0007895589672172365 5.744426493627251e-06 0.00010314758470372787 1.4071375513377703e-05 1.5911570618907594e-05 0.0 2.4564544261929664e-05 0.00796311620775456 0.00031352435382470416 0.0 0.0008142721184724546 0.0037345088076953113 0.00024209427559336485 0.00039575694828755637 0.011076117791134328 0.0054881392061380705 0.00036696318086854333 0.00800540250803767 0.0055489431539301835 0.0031696791115802367 0.022832037993504965 0.010174476018821606 0.000938423552433054 0.012541255046657122 0.019921776340051735 0.00806585600918394 0.00412467007880497 2.1719585762554608e-05 4.351935395515285e-05 0.0 1.8459289716984053e-05 0.0 0.0 0.0 0.0 0.0 0.0 0.0 0.0 0.00018997389111148036 0.0 0.00011259899689797527 0.0 0.000350745933669062 0.0 7.036377969697927e-05 0.0005345920192448311 0.0003033262677841762 0.0 0.0001008361000175276 8.900477450747957e-06 0.0013137224910638528 0.00026006401931856786 0.0023832629501838137 0.0010921671852477703 0.0005851057760121776 0.0 0.0 0.0 5.169750842096942e-05 0.0 3.588113423303496e-05 0.0 0.00010362580843703826 0.00018253943849440098 0.0 0.0 0.0 4.2658394680509145e-05 0.0 4.7286580678664286e-05 5.324917680005794e-05 4.553627337706075e-05 1.558782772934078e-05 7.949808478546839e-05 0.0 5.0615853803527196e-05 9.555416859430994e-05 0.003467206879492531 0.00044536327445352815 1.4167014160506596e-05 6.146900175169624e-05 0.0 5.883604625203977e-06 0.0 6.8531920111838136e-06 0.0 0.0 0.005368782374280926 4.3576091812819436e-05 0.0 0.0 0.0 0.0006998267166358747 0.0006404215437826177 0.0018478823583826806 0.00014571634369434889 0.00025352723398341524 0.00015544880306247227 2.0106068116992292e-05 5.131151369573874e-05 2.076308441672408e-05 5.540020157511219e-05 0.0 0.0 1.2772468231324221e-05 1.320167001644427e-05 0.0 0.0 0.0054061560175207085 0.0006238803945974124 0.0010695668324848546
0.0023390393481937284 0.06485223027255996 0.25858498114559436 3.467963395443896e-05 0.01808239136994453 6.605747673906464e-05 0.00021059265599844906 0.0 0.007606068158123668 0.00010480036148632697 0.14365829016940143 0.0007752658248763974 0.004472234374991798 0.14404051639005638 0.0029645853143611795 0.004317989829705215 7.962795706258587e-05 0.0003635481406827135 0.00011876157282259529 0.0025550122087525644 0.009718736811697062 0.0002051520599600188 0.0024294414007129616 0.0043204005756529605 0.001308273667771748 0.0027770745103082753 0.002765842289080155 0.0006234043783868197 9.387017999211993e-05 0.0010965504932872348 0.061054179389863676 0.12464672148159604 0.006677895546727641 0.0009208880466742026 0.002188408452534413 0.0014191739553524906 0.0015845238495438144 0.0016896460112183894 0.0005432498582821553 0.0004126489136486549 0.0024417931861738444 0.00103294791295027 0.003484577353231821 0.0008288521259252369 0.0003121339428707253 0.001477368965065149 0.012764295440889539 0.00029954878622050115 0.00016466556011564338 0.0010035244780134337 0.0014171887057234567 0.005101935778771715 0.0003026318913354052 0.00047994039762011895 0.000137972987843642 0.0002669126997083741 0.0005793501873728258 0.0048268269853621384 0.0006195460195546127 0.0014184053979060334 0.003777482367796849 0.0050596839337349675 0.0007842129678223499 0.011900539691410856 0.0007937660368697998 0.0008399626868810812 0.0011576682920509751 0.001664349693253156 0.004001903479808431 0.005841591477773923 0.00047273378137431185 0.00016858409084269897 1.562533579205967e-05 0.00364169931771679 0.00501755013550538 0.005885135709691751 0.01119533702819705 0.009259685145827472 0.08875970343655173 0.0979647591955861 0.019754855238135062 0.1759453897988418 0.0004940853096138431 0.0 0.0006988618995931382 0.0014623655580081865 0.00050393361995718 0.00015334729633097386 0.0006784934641226424 0.0013878761699574786 0.0014279031751934755 0.0019587470617951296 0.002934550727039497 0.0018296830841408641 0.0023509833219157745 0.0003515649632277237 3.679858433425135e-05 4.118893987601413e-05 0.0008080982950086454 0.0015134787916372796 0.0 0.0 1.0365604636449762e-05 4.8125987761100924e-05 1.5225082391425285e-05 1.9907542544135592e-05 0.0 1.4211625637911309e-05 0.0 9.267553457223251e-05 9.974036971067712e-06 4.4440138467842506e-05 0.00012203701807541429 1.1132813069484654e-05 1.1321848785297754e-05 0.0 3.80016643919417e-05 0.0 0.0 0.0 0.0 2.773362077216228e-05 2.0064148058604496e-05 0.0 0.0 6.363209801121373e-05 1.1923109252205384e-05 4.5659463615576435e-05 0.0 1.6237629297906154e-05 0.0 9.726930344610922e-05 9.158275135649828e-05 0.00015819544013670678 0.0 1.2354129714802771e-05 0.0 2.726288218265609e-05 8.217359215349155e-05 4.368783017778438e-05 1.9240981491561553e-05 6.770999988274223e-05 0.00024321315515352736 0.0002480974798652175 4.675106860481757e-05 9.853238461171891e-05 2.6642031031754108e-05 0.0 0.0 7.074369928715987e-05 4.338400328064834e-05 7.430454373078073e-06 0.0 0.0 9.633878204528203e-06 0.0 0.00010670198041589115 6.531101586815111e-05 0.0 0.0 0.0 0.0 0.0 0.0 0.0 3.2892325359665136e-05 0.00018410062214525467 1.2764387366445849e-05 0.0 1.1836221402016109e-05 0.0 3.428369800670915e-05 8.627359873327455e-05 8.300978579852966e-05 0.0 7.066400380318199e-05 0.0002015099128054265 9.712863092890263e-06 8.418757160040528e-06 3.352249761385934e-05 0.00010820905307470231 0.0 4.473176833179064e-05 0.0001370429371234588 4.9755189339653995e-05 8.073358792838087e-05 0.0 5.1296769090858136e-05 2.0429233075790036e-05 0.0 0.0 0.0 0.0 4.6305360974610376e-05 0.00010991310659959168 0.0 7.733666233951512e-06 4.3362319440183414e-05 0.00020660643875166368 0.000269149941893262
0.0001818434471942198 0.06453091137763525 0.03912494657939848 0.00021020698099041602 0.34098981544738627 2.0789488279283644e-05 0.05741724672771418 0.007606068158123668 0.0 0.0016766219763819448 0.06598076961361128 0.0011779739704411416 0.03918950928572887 0.09767352101011158 0.0004492935981196984 0.0005325595358474182 4.3269729034762635e-05 6.9358757581268266e-06 0.0 0.0 8.163028640112047e-06 0.0 0.0 0.0 0.0 0.0 9.100568570454912e-06 0.0 0.0 0.0 0.0013724100828109336 0.0002799888677632264 0.00018000846464808902 0.0 0.0 0.0 0.00013671764495246355 2.8087512637662918e-05 4.690811836861996e-05 0.0 0.0 0.0 0.0 9.260842954133292e-06 5.7566448751813035e-06 2.1490258563713533e-05 0.0022471618902670854 6.618905078594011e-05 1.3993522596715478e-05 2.170571135774142e-05 1.4743381415906269e-05 0.0 4.861178711462436e-05 0.0 2.0831706706502967e-05 0.00012406770261883248 0.00023711061439255366 0.00046932967815977323 0.00022439820419812523 0.0003686647427341275 0.0 3.0757491795444684e-05 0.0 0.0008077318182813052 0.00021326685095024897 0.00022955094293388085 0.00015520222689208458 2.364551997285768e-05 0.0 0.0 0.0006603654283620454 0.0 0.0 0.0005978780460086734 0.0007212892553627444 0.0011762235858787846 0.0009373878847377493 0.0001405470909807952 0.0 0.00014693344403735433 0.0 4.295591364374529e-05 0.0001210159023414004 6.5389547357879924e-06 9.119099816364856e-05 0.000341625715960753 7.251907312867263e-05 3.000311220557656e-05 0.000123911078805764 0.0 1.1581152139965802e-05 1.1235302508966714e-05 0.0 0.0 0.0 0.0015040516240708447 0.00016868333939688325 0.0 0.00010543003459538905 0.00015563701381642237 3.23375911152872e-05 6.852720415609897e-05 1.0674147489324991e-05 0.00019077877534439666 9.455760958089013e-05 0.0005300023238425316 0.0007408045465854871 0.0003013246104108806 0.0004342783706757225 0.0010945484023387887 0.0001245540910856025 0.0012620178421227043 0.0026678562976011864 0.0011155593880494842 0.0004756178897274208 7.3431517546323655e-06 0.0 0.0 0.0 0.0 0.0 0.0 0.0 0.0 0.0 0.0 0.0 0.0 0.0 1.1700225193583085e-05 0.0 0.0 1.3594450472340837e-05 5.30149506594822e-05 0.0 0.0 0.0 0.0 0.0 0.00010512887726060936 2.5516669192701525e-05 0.0003328966948628909 0.0002923347859814818 6.400935413857116e-05 0.0 0.0 0.0 0.0 0.0 0.0 0.0 0.00011166631931216797 5.2519444915487166e-05 0.0 0.0 0.0 0.0 0.0 0.0 0.0 0.0 0.0 0.0 0.0 3.0320303688210597e-05 4.1789373856175485e-05 0.0004328353207503758 0.0 0.0 0.0 0.0 0.0 0.0 0.0 0.0 0.0 0.001040225927281749 0.0 0.0 0.0 0.0 0.0001440835825298892 0.00015276461809190766 0.00046666508539808634 7.211942459841226e-05 0.0 1.5446917330340128e-05 0.0 8.163631477308279e-05 0.0 0.0 0.0 0.0 0.0 0.0 0.0 0.0 0.0008131101080965672 0.00011013999754322064 0.0001801255340050558
0.08582742779370928 0.07046450336938458 0.0009284794011414048 0.1569529548459609 0.008737708662974469 0.02253608587530306 0.2333568564421914 0.00010480036148632697 0.0016766219763819448 0.0 0.00037778286169472714 0.24295857720175879 0.5308949971428475 0.03077607822078156 6.198696851834258e-05 6.038654148757946e-05 4.076190545835171e-05 7.289651732496988e-06 0.0 0.0 0.0 5.787526608368149e-05 0.0 0.0 0.0 0.0 0.0 0.0 0.0 1.0656762803165088e-05 0.0029553495552289664 7.320772008260725e-05 0.003322391301134671 0.0 0.0 0.0 0.002368316015146531 1.992476559266614e-05 0.0002617949356958888 0.0 0.0 0.0 0.0 0.0 0.0 0.0 0.0018728246889230609 0.00013881327580032916 2.660639501742792e-05 1.469129140252499e-05 7.65765080166062e-06 0.0 0.0 0.0 0.00012358200339931212 0.00033836216784740723 0.001358942400461615 0.003253400712901201 0.0005474582113781591 0.0004640013221729123 0.0 2.7808850381261463e-05 0.0 0.0009851630802127957 0.0003884291597321282 0.00021159568153363153 0.0002571351561490244 1.9696738610981864e-05 0.0 0.0 0.019582010189789018 4.39539716174448e-05 2.9834568379785582e-05 0.001524413740933258 0.0018671375975330576 0.0005616877676104502 0.0003280001065314423 2.3104044588735893e-05 0.0 0.00014337833010515875 7.795181042689123e-06 9.920833589562794e-05 0.0002539683893286903 6.736256843947107e-06 0.00021749577929656186 0.0005577436173191435 5.23617343689233e-05 1.8849237956306063e-05 0.0001412639523420558 6.368810697466498e-05 6.871802703513463e-06 0.0 0.0 0.0 7.068774928586271e-06 0.017429338977908618 0.0034026963094303166 9.73754282073682e-06 0.0033437627590905826 0.03383542381187952 0.00011165610767703109 0.0005963523616409436 0.002818725025241777 0.004302396777725703 0.00028451715560691334 0.008465375684264401 0.008610229311510252 0.002954871175449265 0.013758488506383094 0.00959631479312033 0.0004852770194910315 0.00910531959749331 0.017605670968754247 0.007743602407562056 0.0025704545798975057 1.556603714704515e-05 0.0 0.0 0.0 0.0 0.0 0.0 0.0 1.4647173987308084e-05 0.0 0.0 0.0 3.417479694126308e-05 0.0 0.00013785356203368894 0.0 0.0 0.0 0.0 0.000256284095908442 4.27461171501556e-05 0.0 2.1057068700480782e-05 0.0 0.0005809974369617724 0.00019633193877601024 0.0008899437338017843 0.00039118820884809544 8.731961581150728e-05 0.0 0.0 0.0 0.0 0.0 3.635189213772957e-05 0.0 2.360033513933378e-05 1.9700221444429262e-05 0.0 0.0 0.0 0.0 0.0 0.0 0.0 0.0 6.64501901000962e-06 2.3247521874617644e-05 7.260437510023439e-06 0.0 0.0001282727924645836 0.0013685876365052238 9.299444459834086e-05 0.0 4.3521284965699636e-05 1.3990722910984567e-05 0.0 0.0 8.165898470474563e-06 0.0 0.0 0.0021805416085846534 0.0 0.0 9.596501281772745e-06 0.0 0.0006119222907984539 0.0004552319374142128 0.0011675723622934912 1.5148719285742965e-05 0.00020464268591074384 8.713078443005581e-06 1.1008607258694024e-05 8.175694829060603e-06 0.0 2.80907499648997e-05 0.0 0.0 0.0 0.0 0.0 0.0 0.0031562880846058984 0.00030112523801950034 0.0003234977508530821
0.004976622711081402 0.14974637872745772 0.18040112487252902 0.00012623433304953502 0.07238627035421906 8.161466854640587e-05 0.00976308372489974 0.14365829016940143 0.06598076961361128 0.00037778286169472714 0.0 0.00330619692769292 0.02617888460947792 0.17212899290136763 0.0026724041776537504 0.0036758879788969774 3.276128959659305e-05 8.775919442745458e-05 8.812536414495784e-06 0.00023152335711192033 0.0008192624317224956 0.0003108344027621041 0.0005119273042077709 0.0009305720726990876 0.0004613356203127749 0.0007407522176737231 0.0012046314180430156 0.0001915361625124184 0.00010733924439399922 0.000412670976676766 0.019220741224565234 0.014052800692910998 0.03901292816504163 8.628790874641587e-05 0.000633162216895928 0.0003769568766350593 0.008054304468752695 0.0008941331015924622 0.0005672381821857761 0.0001827156575661136 0.0007609364579162807 0.0003745594012383421 0.00026515753514517933 0.0001991409933898935 2.3679899991642648e-05 2.8170600478679295e-05 0.010057780813319839 0.00022973519509079533 0.00010189857414458202 5.6119592717760366e-05 0.0001949730944311358 0.0021858690150775156 0.0002639636785982503 0.0001803553298513631 0.00010467856600773239 0.00024760299426814734 0.0005681368248847176 0.0031027416612884194 0.0007019234687812568 0.0012747307041908822 0.00024413580815654871 0.004613536940428668 0.00017216877124540944 0.005686615668095057 0.0005926175371625827 0.0005432573459674316 0.0004568106409575453 0.00016521362096242486 0.0002094746552793592 0.0006896231755795038 0.0022220839493137462 0.00019366926431750933 3.0426631767242382e-05 0.0025813723122444865 0.0032759291450517687 0.004090424185704928 0.00645204018235074 0.0020631043872467838 0.01068458896910447 0.08657435863060477 0.00014848790600264063 0.042081704312505 0.0003952257496002588 1.7101857922335842e-05 0.00034436590989476886 0.0013316655600055644 0.00018761823004790907 7.849678186011562e-05 0.0003585609549683116 0.0002387759023342996 0.00035131251117370325 0.0006095899741732565 0.0004730962451171121 0.00037831519184543017 0.0009464153570108359 0.0011441951968742508 0.00020164093484454886 9.673161333062174e-05 0.00040500818600181003 0.0019313844593610563 0.0 0.0 0.0 0.0 1.8262429316686262e-05 6.628689339772573e-05 0.0 2.147759389964827e-05 0.0001235089838544029 0.00012570413265250161 2.713748899607254e-05 0.00012920281472027868 0.0005043199684553353 0.00015953722459556338 5.83108134164894e-05 1.0661505190214731e-05 0.0 0.0 0.0 0.0 0.0 8.73524109682536e-06 0.0 0.0 1.2709122546042903e-05 4.254648247884849e-05 4.924306948385783e-05 0.0 7.53712717739357e-05 5.944997443277925e-05 4.541236745998494e-05 4.7561248757419856e-05 0.0 3.5398339916192926e-05 0.0 0.0 0.0 2.324162667579645e-05 0.0 5.68345713564452e-05 0.0 9.935046111832082e-05 0.00019406838371326612 7.745575826638189e-05 3.5957931422162124e-05 8.272648637202597e-05 9.423375181678166e-06 0.0 0.0 0.0 0.0 0.0 0.0 0.0 0.0 2.0182413940663926e-05 8.572800057301561e-05 4.6974278988465144e-05 5.9099703656811485e-06 0.0 0.0 0.0 0.0 0.0 0.0 3.6576916115910166e-05 8.688124337824683e-05 0.0 0.0 0.0 0.0 0.0 0.0 6.639974696067427e-06 9.72243834339843e-06 1.8996068968849504e-05 0.00033019803620837796 0.0 0.0 0.0 8.663749484978386e-06 0.00012779210248668965 7.487430315856568e-05 0.00023641717727189283 0.0 0.0 0.0 1.133548632490567e-05 0.0 0.0 0.0 8.205524596091185e-06 0.0 0.0 1.2482252442485634e-05 1.0353793907030097e-05 0.0 0.00031109593854591704 0.0003008933271600619 0.0002088232408925614
0.004051220897010549 0.006353939591825743 0.0011781025511421075 0.03112750143136641 0.005289432766365371 0.005541241781166374 0.0396409725879357 0.0007752658248763974 0.0011779739704411416 0.24295857720175879 0.00330619692769292 0.0 0.13366903515582018 0.035962819777140366 0.001153747136999767 0.0018442410219577075 5.529526368135166e-05 0.0 0.0 1.7843556074422455e-05 1.944344736285436e-05 0.00017610479695851668 0.0 9.670183642621206e-06 2.1912263916266716e-05 2.2554168622538067e-05 0.00010778252898464957 0.0 7.183886233742434e-05 8.351596521730019e-05 0.00023058765822400976 8.611312713135664e-05 0.0063469136986486095 0.0 5.0222051675822504e-05 6.629419148917898e-05 0.028685551791658135 0.0008199354857281434 0.001831621141173368 2.7066721195496597e-05 1.261030909189236e-05 4.5747013265116044e-05 0.0 0.00012293694015144097 2.6862239936781304e-05 4.030598568471318e-05 0.0017506025850878635 0.0 4.332315281273323e-05 0.0 0.0 0.0008024591235845044 0.00045324227883927667 0.00010086546926980283 0.0 2.2853523545262237e-05 8.272206217729069e-05 0.00015950887142385746 7.577924006745748e-05 0.0001048467723260206 0.0003922248006226774 0.002897966204805707 0.0001719714655791893 0.0010872174145782057 9.013697595640783e-05 3.829902730878725e-05 3.2622912028746565e-05 0.0 0.0 9.552869287738302e-06 0.049672629968292116 0.00048583449293410297 8.373286766704786e-05 0.00024371704724735434 0.00045288454477616534 0.000441490118662114 0.0015674482577362468 0.000622975592386545 9.226255551220108e-05 0.0010470113387387328 8.922206224440662e-05 0.0017696251646611035 3.712498052075269e-05 9.161195897114418e-06 3.2262047380229105e-05 0.00010931919861164154 6.969226480687194e-06 0.00016424626397241226 4.449108634363531e-05 9.604246824814393e-05 7.271589184882706e-05 7.022273104189319e-05 0.0 8.034854676350445e-05 0.00013750797264943903 0.05332589615405874 0.004390031083702945 9.75291039127316e-05 0.007621419474928962 0.004226407423480637 8.431650048305717e-06 0.00022968635562030604 0.00036213801247942675 0.0013751866762175126 0.00011997932734053465 0.004990411255307447 0.004387465432485606 0.0024897030512088564 0.010034031417788586 0.006871930954331343 0.0006490839086735636 0.009559407857695205 0.020985453173059138 0.011827514235037348 0.0032252688846134926 4.4376241791397014e-05 2.0946225950304845e-05 3.0612215147274e-05 0.0 0.0 0.0 0.0 0.0 0.0 0.0 0.0 1.8828212865424882e-05 1.978767045167135e-05 1.0690943570532754e-05 8.915988563631867e-06 0.0 0.00012168052120095014 2.2969466521767882e-05 3.7522538944309134e-05 6.416867394530642e-05 3.525737055503818e-05 0.0 0.0002653678734806335 0.0 0.0012531379785526416 0.00022499021726443328 0.0016917585199828662 0.0006042750325847479 0.000203925691376342 1.0351732264814299e-05 0.0 0.0 1.0154749873852855e-05 0.0 0.0 0.0 8.298411337165758e-06 4.388666377706682e-05 0.0 0.0 0.0 4.169992115228284e-05 3.296442794141926e-05 3.7488205688611906e-05 0.0 1.4751026672456498e-05 4.446613772803428e-05 9.337092201862858e-06 4.23822484815456e-05 1.2474832360368741e-05 3.2870692348643405e-05 0.001632379877557482 4.156466095418721e-05 0.0 9.287704281681564e-06 0.0 0.0 0.0 0.0 0.0 0.0 0.004890188060782262 9.972413478652222e-06 1.1499764035529701e-05 1.4877477111458412e-05 0.0 0.0005911780951111137 0.00024990377173213956 0.0009972601456099024 8.061771814627346e-06 0.00033277107294381303 7.090388624419595e-06 0.0 9.540292050315326e-06 0.0 0.0 0.0 1.1142136205954595e-05 4.881042247907835e-05 0.0 0.00010034116356329626 0.0 0.005832431406224092 0.000606337676140572 0.0008024307963358144
