0.0 0.2224166829233372 0.02557576806734932 0.0462049299248335 0.0020791542740717993 0.010153344000372298 0.007787807679459687 0.0038096971161618184 0.0008713159500632747 0.031609683235744465 0.009453918334431453 0.0008496121237246752 0.0010140682612485156 0.003653958237547388 0.000507163862310505 0.0002520604696762889 7.085498711278684e-06 1.4015977178989539e-05 7.151479035115463e-06 7.654993374048106e-06 2.0237627008499943e-05 0.0 0.0 0.0 4.452650087736901e-05 2.0396406724428618e-05 0.0 2.064185152622952e-05 8.492018078194101e-06 0.0 0.0730515777969231 0.005677757815765841 0.0014285640708157482 0.0 0.0 8.481062573116448e-06 0.0001657962770144064 0.0001905228851855643 8.642507845895707e-06 7.930878763551483e-06 2.958709397515001e-05 2.0031332221672937e-05 1.9671327233019516e-05 7.686695055754535e-05 0.0 0.0 0.0019887454368505606 0.00017422300862082494 2.286942678114986e-05 2.4310355692182423e-05 6.506759721589222e-05 7.382653374421311e-06 8.867294454370432e-06 0.0 0.0004618897056919666 0.001019868136905954 0.013207705669003506 0.04155275625187996 0.00414612495966138 0.0032657640568270634 2.609541325527304e-05 6.24300432739398e-05 0.0 0.004259063966793304 0.0001908213478467014 0.00012389090090886713 0.00011478885249255425 3.4687130925916926e-05 2.574492752858687e-05 9.757572661866397e-05 0.0006856548924015206 0.000247270487007949 7.292913675763186e-05 0.006572412465503261 0.0032938104814237944 0.002245814459236633 0.00042402333491400304 0.0003848262442747808 0.00028553137808258347 0.004655924518147936 8.432032319385007e-05 0.0006005930068977834 0.0012263653931365837 3.7068199745495844e-05 0.00018483937638720825 0.00013021333147291968 2.3738731956114872e-05 0.0 0.00010506106294502334 1.8494352317283945e-05 2.0776576341539972e-05 6.422357523341218e-06 1.736563281974906e-05 0.0 1.6913954543527156e-05 0.004996535673386631 0.00041107514496347173 2.920577015199582e-05 4.027695232416761e-05 0.07632397505288623 6.652061386776646e-06 0.0005902167497538796 0.0005976918806302613 0.0002241403639640073 0.00023170850422747147 0.00043966268219930026 0.0011035381286062886 0.0004516430103478518 0.0003638588340914585 0.001826155366417167 0.0001046856654768452 0.0002853152590045694 0.00020847002325748024 0.0001974333528167689 0.0001803054200200703 9.701257625710474e-06 1.010515718768829e-05 0.0 0.0 0.0 0.0 0.0 0.0 0.0 0.0 0.0 0.0 1.2555435962089711e-05 0.0 0.0 0.0 0.0 0.0 0.0 1.310299968817187e-05 0.0 0.0 0.0 0.0 0.0002047949796124914 0.0 9.704574218125369e-05 3.9742557481019484e-05 4.668224405023717e-05 0.0 0.0 0.0 0.0 0.0 2.1046495012066725e-05 0.0 4.397721836017216e-05 0.0 0.0 0.0 0.0 0.0 0.0 0.0 0.0 0.0 0.0 6.644787691678916e-06 0.00017209218638630967 0.0 3.188055758529814e-05 4.6974499852140894e-05 0.0 0.0 0.0 0.0 0.0 0.0 0.0 0.0 1.5121526718299369e-05 0.0001217089293105882 1.8863741680611433e-05 0.0 0.0 0.0 0.0002493009301041814 5.99668929817734e-05 6.056624320970478e-05 0.0 0.0 7.771809346504482e-06 0.0 0.0 0.0 0.0 0.0 0.0 0.0 0.0 0.0 0.0 0.0002370909558280434 9.632439457162268e-05 0.00011752960849814885
0.2224166829233372 0.0 0.060360779735309435 0.1651522330682728 0.054590879968118684 0.01397965213465461 0.045317013774712825 0.024742191385913572 0.06964693856744282 0.2394041740225625 0.05836788724330009 0.024245027031851177 0.08373671958590041 0.156804925162734 0.004937480440189883 0.0011552833345063252 9.879864189833723e-05 2.3066786306676697e-05 0.0 7.358319502355808e-06 7.626089173052483e-05 1.0259494819802723e-05 1.7383385826904564e-05 0.0 9.732940198383702e-05 9.223253079696627e-05 8.27003855604046e-06 2.0598143955743422e-05 2.2331226481336388e-05 0.0 0.09761846972150072 0.00917731885824012 0.015910001881480004 1.686204132937221e-05 1.0948106714000156e-05 8.260174105227462e-05 0.0019094632639086143 0.00046843902894563974 0.00011087425667891716 4.30173818412003e-05 2.594004761848478e-05 4.411521214859551e-05 0.0001676381962137524 0.0002361333950212073 5.82715507967532e-06 7.306725419274065e-05 0.020839492270303316 0.00099509417052147 0.00014386431027872432 3.159789206556527e-05 0.0002396410731696815 2.07157687410222e-05 0.0 9.41768672611577e-06 0.001651356268984308 0.0024460574883127012 0.01169498229516734 0.053580595316392456 0.0072681164770862 0.015210346425327427 3.118702485958298e-05 0.00046982278454901983 1.4008075031730375e-05 0.03692007542012528 0.0008553921581765979 0.0006423012263196724 0.0006060632701262197 0.00024745570718802574 0.0001286852091674499 0.00019516081053235604 0.0034272606634182428 0.0001758414379690829 0.0 0.019821717736957685 0.02447804656086229 0.018754463947890924 0.00738309525752974 0.003258961943545352 0.002451401449006663 0.010897459030312674 0.0007988299824417866 0.00249094631485329 0.0042217782413610135 0.00013069234077598674 0.0008199391336234115 0.0005254186823856728 0.00023416747301354903 4.717706837749362e-05 0.0004372397502907822 2.365708273598966e-05 0.00013081585615067135 4.751304196861779e-05 8.223561299800926e-05 5.928480166195341e-05 4.0760913114955395e-05 0.004242321604725748 0.0005706018094969057 0.0 0.00026661820838400676 0.03995037945871432 0.00010358540719817263 0.0019788131469259517 0.0019987735555110544 0.0008410536261374724 0.0023227465082412426 0.003226346728448955 0.004109572961324427 0.004366675248756372 0.0028502877704303185 0.007459923372298392 0.0009663057467639595 0.0037335682407710694 0.00266759522801245 0.0023330686730258956 0.00241130013935382 0.0 2.9720467362845012e-05 0.0 0.0 0.0 0.0 0.0 0.0 0.0 0.0 2.0418406637572627e-05 0.0 7.581223717779185e-05 0.0 7.66028770030567e-06 0.0 0.0 3.1585596884416645e-05 0.0 0.00047785966530942053 0.0003621221162511268 0.0 8.670232294012667e-06 0.0 0.0011138420437532975 0.00010614940822321137 0.0011113566329702615 0.0003399264080698218 0.0001141453747041557 0.0 0.0 0.0 0.0 0.0 1.4722557695636888e-05 0.0 1.660145185235413e-05 0.0 0.0 0.0 0.0 0.0 0.0 0.0 0.0 6.799131455033946e-06 8.537518525618811e-06 5.278911143542332e-05 0.00017931734351783442 7.079062339272141e-05 4.85081372085298e-05 0.0004366662830950411 0.00018055705686393983 0.0 0.0 0.0 0.0 0.0 1.480082093814109e-05 0.0 0.0 0.001857695541027477 5.9422483778979626e-05 0.0 0.0 0.0 0.002968734640623653 5.2856448296242715e-05 0.0002910818788129969 0.0 5.901427702048075e-05 2.4616949400227793e-05 0.0 0.0 0.0 0.0 0.0 1.0195499996046698e-05 7.19176026397995e-06 6.6770369953582156e-06 0.0 0.0 0.003761228585745687 0.0007976698980720287 0.0018867367389739879
0.02557576806734932 0.060360779735309435 0.0 0.004275803201928153 0.02399911047707046 0.0007212705154116553 0.0015215394708987231 0.10235125806122972 0.05710384998175295 0.002296113298837099 0.20003283245969183 0.0014136246179292248 0.010783625313210357 0.1441840723235123 0.0012590649710380079 0.0011167588777482981 6.060081523169781e-05 7.04707831393611e-06 1.3642127849062714e-05 3.059859999146298e-05 0.00012725851597521565 2.2186956857222854e-05 8.339267926458196e-06 4.525074856380347e-05 3.307704364143108e-05 8.951148570802524e-05 0.0 3.524030780276781e-05 0.0 6.704288316075588e-06 0.06356951519606838 0.04947646055190813 0.010155347426156829 8.895099630488615e-06 1.727628071768416e-05 0.00020661367827087737 0.0008142390781394882 0.0007421717710417202 1.661829539215406e-05 2.1201698170979108e-05 0.00020841934242268577 0.00014749570613282288 0.00018373029627518657 0.00021121728961871793 0.0 4.2367784563746865e-05 0.00392501254718763 0.0002124450378487937 5.449024764280994e-05 3.48853462704441e-05 6.945681747369433e-05 2.5864686496530946e-05 2.0017593133363163e-05 0.0 0.0002994191326269182 0.00047326837622237454 0.0026001016102755884 0.015069088897826896 0.0013357226940319722 0.00267657755629201 7.471603062728202e-05 0.0008325206028330865 5.012094318728475e-05 0.011469079137196726 0.00016652251377747868 9.969537619999703e-05 0.00010797920033958846 5.0872509638083176e-05 0.00027413064070632164 0.0005607187002968911 0.0017657520323139345 0.00031498958060691666 4.218923415156877e-05 0.0039426240253835655 0.0064115828540956725 0.004117641332647483 0.0023755746470668277 0.0018316999586753897 0.01535112700515454 0.05212495595175507 0.00034561870651251376 0.006970037713360438 0.0009835254688308611 2.192189668393439e-05 0.00014854193489746028 5.906277871017885e-05 0.00011248404762010739 8.215189499511848e-06 9.232117933917242e-05 0.0 2.5241320199171805e-05 3.9433949660437216e-05 0.00016372954514881318 5.988469450467783e-05 5.9880068994582314e-05 0.0005943817418570382 0.00039902150965856714 0.0 0.00019726329315094748 0.007527608348098105 7.881372061331801e-06 0.00013718205099918552 0.0004622780165747205 1.6796856534003202e-05 0.000333566156948132 0.0006739120650107 0.00022246303945136183 0.0008340323312230668 0.0003815603500665329 0.0008685089914763716 0.00026243618982570356 0.0005538858986231689 0.0006597205606320846 0.0005883631055787607 0.0008620245009826703 0.0 0.0 0.0 0.0 0.0 0.0 0.0 0.0 0.0 2.2162190732695092e-05 1.1288747201093875e-05 0.0 8.452083979734886e-05 0.0 1.745566446764705e-05 0.0 0.0 0.0 0.0 0.0002665141203560979 1.0583041408105372e-05 0.0 0.0 0.0 0.0004212317570550802 5.97744823892837e-05 0.00041488695155033364 0.00016792478266184857 2.89840680684793e-05 0.0 0.0 0.0 0.0 0.0 0.0 0.0 0.0 1.5886840432395034e-05 0.0 0.0 0.0 2.20900505558028e-05 5.261716743499106e-05 0.0 0.0 0.0 0.0 0.0 9.611264298066224e-06 8.458650844978848e-05 4.584065157184464e-05 0.0003123805078103585 0.00015591969247626299 0.0 0.0 0.0 1.0188540016092977e-05 0.0 0.0 0.0 0.0 0.0004197410281641526 0.0 0.0 0.0 6.998120357750072e-06 0.000886756212389753 9.277458611430664e-05 1.0054439565450224e-05 0.0 0.0 4.129553225932211e-05 0.0 7.279121756596914e-06 0.0 0.0 0.0 0.0 0.0 1.0116930191512528e-05 7.84246116474128e-06 0.0 0.0004906017796649763 0.00045650826523515686 0.0007783277387530681
0.0462049299248335 0.1651522330682728 0.004275803201928153 0.0 0.001042589683273214 0.013771463466875123 0.04047493272262063 7.270514107919451e-05 0.0002305816527145725 0.09305922676108301 0.0 0.015488357065300428 0.02134025538873546 0.0015229274933346237 4.78065245295781e-05 0.0 0.0 2.351425395341698e-05 0.0 0.0 1.972326701588372e-05 0.0 0.0 0.0 0.0 0.0 0.0 0.0 0.0 0.0 0.0026864171720040225 0.00017795362225404954 0.00025116002546312987 0.0 0.0 0.0 0.00021724661724779063 0.0 0.0 0.0 0.0 0.0 0.0 0.0 0.0 0.0 0.00019553113439893814 2.797180842050932e-05 0.0 0.0 0.0 0.0 0.0 0.0 9.589095826899412e-05 0.00015162926438730198 0.0009678082455930911 0.0020718927908725334 0.00034322407896528607 0.00038177572726443443 0.0 0.0 0.0 0.00036524639923899766 2.0729286082796962e-05 1.6734553932652615e-05 2.2516820667089734e-05 1.5144886234046282e-05 0.0 0.0 6.760540507015366e-05 0.0 0.0 0.0007029786810369894 0.0003071652117113107 0.0002887830212439315 3.857824919742551e-05 8.621571702995692e-06 3.8594874056310724e-05 4.985742348819688e-05 3.519290105045342e-05 1.6339175262297785e-05 8.696697129842147e-05 9.50318789814754e-06 5.674157123631854e-06 1.3457138612381842e-05 0.0 0.0 1.7831242807422906e-05 0.0 0.0 0.0 0.0 0.0 0.0 0.001178817967681621 1.1301006616672336e-05 0.0 0.0 0.025659193753636726 4.996828244947426e-05 0.001147906349463838 0.0007938115201143839 0.000512563171757105 0.0004373125853416091 0.00087802006568274 0.002602205514320125 0.0010699828701683852 0.0013041585713068184 0.002996136753072327 0.00012938900558992839 0.0006204888233741086 0.0005488843983728847 0.00026472568958880424 0.0001854107395455503 0.0 0.0 0.0 0.0 0.0 0.0 0.0 0.0 0.0 0.0 0.0 0.0 0.0 0.0 0.0 0.0 0.0 0.0 0.0 6.953928010507237e-05 1.546357330323721e-05 0.0 0.0 0.0 9.437424875696333e-05 0.0 5.9679997927900405e-05 5.5328956905310614e-05 0.0 0.0 0.0 0.0 0.0 0.0 0.0 0.0 0.0 0.0 0.0 0.0 6.516971762650533e-06 0.0 0.0 0.0 0.0 0.0 1.3072698075256303e-05 0.0 6.213832293371508e-05 0.0 0.0 4.247519930061753e-05 0.0 0.0 0.0 0.0 0.0 0.0 0.0 0.0 0.0 0.00017851235965518736 0.0 0.0 0.0 0.0 0.00023036873414415134 0.0 0.0 0.0 0.0 0.0 0.0 0.0 0.0 0.0 0.0 0.0 0.0 0.0 0.0 0.0 0.0006544969010099226 5.097211266349352e-05 3.0968312266795374e-05
0.0020791542740717993 0.054590879968118684 0.02399911047707046 0.001042589683273214 0.0 0.0004266513655064945 0.017258695387696574 0.0024334532113989334 0.083872602730513 0.032602566028215874 0.021495349000261108 0.015824925147133413 0.1414432295726148 0.18384860272770773 0.0010545980511178367 0.0004627334216233534 2.141218979199638e-05 9.453880461247339e-06 8.39638962950231e-06 0.0 0.0 0.0 0.0 0.0 0.0 3.100325471790795e-05 0.0 0.0 0.0 0.0 0.003602283043261883 0.0010026443482937246 0.005820383776899493 0.0 0.0 1.935817922877341e-05 0.0011465447756670729 0.0001051882713702957 8.979008723711411e-06 0.0 0.0 0.0 9.49479729538729e-06 0.00011373510171757483 0.0 0.0 0.0030877102863781274 0.00010945503491428997 0.0 0.0 2.9747727369486567e-05 3.564123013649791e-05 3.443545780554049e-05 0.0 0.00011764638257379444 0.00015546388276575055 0.0008610290153871065 0.002291593745265065 0.0006315295389008054 0.0012938406820406105 1.7641639812190993e-05 0.00011624511870194612 0.0 0.003243960638192725 5.338974002701967e-05 8.154311440820855e-05 1.6452357452825603e-05 2.1802991491243768e-05 6.621243421215272e-05 2.904168282545495e-05 0.0017207189657835612 2.782504951271244e-05 0.0 0.0015193562822491849 0.002566461800497009 0.0025826771119257814 0.0017055410643516979 0.0009037939219372852 0.000467597918280571 0.0006718001704268517 0.00013021526741213889 0.00044267605155566504 0.00037171806266642895 1.6207091478875523e-05 9.563052769329487e-05 2.1628087123475437e-05 1.6394703353722777e-05 0.0 4.9723963241260055e-05 0.0 1.7913369753378146e-05 5.333338319624033e-06 3.416262475198216e-05 9.770335247923373e-06 8.04896390281194e-06 0.004698987032051188 0.00012134385480783252 0.0 2.216965653999827e-05 0.00041511830011905983 3.246856961655111e-05 0.0004013849807957524 0.000977429712786452 0.00013017937870622717 0.0013448444743133447 0.002460775516554345 0.001636866718868916 0.003135174064339466 0.002069767852585247 0.004128237372285659 0.0006070566900046379 0.0030564197508491254 0.001872903877426739 0.001595666021573565 0.0022411553172426843 0.0 0.0 0.0 0.0 0.0 0.0 0.0 0.0 0.0 0.0 0.0 0.0 0.0 0.0 0.0 0.0 0.0 0.0 0.0 0.00031668300115894566 0.00016245280524072807 0.0 0.0 0.0 0.0011346625494118585 9.801875371440012e-06 0.000562308680688768 0.00036892179389751086 5.427570582644006e-05 0.0 0.0 0.0 0.0 4.915852132852683e-05 0.0 0.0 3.859221514163746e-05 0.0 0.0 0.0 0.0 0.0 0.0 0.0 0.0 0.0 1.0473076586082084e-05 0.00014466703375733706 1.552019122267874e-05 0.0 4.502803738027163e-05 0.0004293272330600157 6.165469271898294e-05 0.0 0.0 0.0 0.0 8.841917249529603e-06 0.0 0.0 0.0 0.001666418806525864 0.0 0.0 0.0 0.0 0.001886690411830955 7.072355988304541e-05 0.00012619035423014411 0.0 0.0 6.219494851720736e-05 0.0 8.405254892472294e-06 0.0 0.0 0.0 0.0 0.0 0.0 0.0 4.858323111058085e-05 0.0026723931766951385 0.0007566376836917915 0.0012031608766848291
0.010153344000372298 0.01397965213465461 0.0007212705154116553 0.013771463466875123 0.0004266513655064945 0.0 0.002461266815418257 9.902069448444137e-05 0.000481641110503771 0.024769915126894113 0.00038886647431766617 0.005255592338211121 0.005068043197195802 0.0008394489486509417 0.0 0.0 0.0 0.0 0.0 0.0 5.9305713279891025e-05 0.00013289781086479942 0.0 0.0 3.841719274748759e-05 0.0 0.0 0.0 1.5159462747634592e-05 0.0 0.006985882435746466 0.0002596798216377961 0.0004615668422260541 0.0 0.0 0.0 0.0004553001952217848 0.00029406177261756257 2.5189752378237297e-05 8.18099965818285e-06 0.0 3.774830914179209e-05 1.1560331525316796e-05 2.067222262653855e-05 0.0 0.0 2.713216414381724e-05 0.0 0.0 0.0 0.0 0.0008497947498790417 0.0001088525362943108 0.0 0.0 3.905350056094187e-05 0.004224946242649041 0.002638849755639086 0.0010636114918668807 2.234878073410912e-05 0.0 0.000272187348596779 8.49450020876342e-06 0.00015879431236880058 0.0 6.5634358367227754e-06 1.216283321091625e-05 0.0 0.0 0.0 0.00502158735175938 0.007812408854710661 0.0005189397493506375 0.00013264006883810303 3.592923341210925e-05 3.4982275053079676e-05 1.673978285901045e-05 7.700934759859251e-06 8.198951930657828e-06 0.0003100002876566659 0.0 0.0003424635409766806 5.7927846733106654e-05 2.4992311102835798e-05 0.0 4.151394748694065e-05 9.221233602324208e-06 5.725589444149116e-05 4.0615281333555366e-05 0.0006297708615113302 1.9672899896233256e-05 0.00017012095778991263 0.0 0.0 8.984479834072929e-06 0.03722766067495507 0.005642266325341944 0.0027798107574395713 0.00042688597078585237 0.031447738474807606 0.0 0.0014275198163105844 0.000695218613527169 0.0006664121480832586 0.0002361970270798945 0.0007928928395479353 0.004104861753857181 0.0014148496868071586 0.0007893168568245008 0.003825009409278253 0.00018095717447234126 0.0007922264304087584 0.0007301275287974142 0.00037949136139346233 0.00022030508494438409 0.0 0.0 0.0 0.0 0.0 0.0 0.0 0.0 0.0 0.0 0.0 0.0 8.651119173317532e-06 0.0 1.3179404142901028e-05 0.0 9.246311398249101e-06 3.291656250623608e-05 8.806516488182221e-06 2.5927123985174725e-05 0.0 0.0 0.0 0.0 7.126653590834906e-05 0.0 4.13030752180695e-05 5.5238545631432175e-05 1.6365124716261224e-05 0.0 0.0 0.0 0.0 0.0 1.4013770954247199e-05 0.0 0.0 0.0 0.0 0.0 0.0 2.8608104482419123e-05 1.4521850512742788e-05 0.0 0.0 0.0 0.0 7.13413988670042e-06 1.3612246226128209e-05 0.0 0.0 4.242240114406941e-05 0.0 0.0 0.0 0.0 0.0 0.0 0.0 0.0 0.0 0.0001888351677091661 9.967681182533553e-05 0.0 0.0 0.0 3.5225004737168485e-05 1.2677235100343237e-05 0.0 0.0 0.0 0.0 0.0 0.0 0.0 0.0 0.0 0.0 0.0 0.0 0.0 0.0 0.0017063380566531604 0.00010802825946124442 0.00015366225705775024
0.007787807679459687 0.045317013774712825 0.0015215394708987231 0.04047493272262063 0.017258695387696574 0.002461266815418257 0.0 0.0002444499615184096 0.01623576561426451 0.17674920174106323 0.006422118708454252 0.05277758227819083 0.19976018574935248 0.07133514839881105 0.0004412577397693302 0.00031930841575544805 0.0 9.088453412157192e-06 0.0 0.0 1.0538371232845162e-05 0.0 0.0 0.0 1.002273287656397e-05 1.0216574091860202e-05 0.0 0.0 0.0 0.0 0.0025686257242776467 0.00031356882347745606 0.0031403081644192556 0.0 0.0 0.0 0.0009438850475994937 0.00010612504216213269 1.7941900970570648e-05 0.0 0.0 8.209761307834533e-06 4.437697831287196e-05 4.6430015541649776e-05 0.0 8.401256301728067e-06 0.0025551300850508584 8.622232395263948e-05 1.5353164477207177e-05 0.0 0.0 0.0 0.0 0.0 0.00018586925364410379 0.00023250381554713634 0.000896009351946283 0.003608721667477471 0.0007222052751565754 0.0014905880650169438 6.7469438678621835e-06 4.194855434558702e-05 0.0 0.0033834550508183964 7.486447511530702e-05 4.8708477538861375e-05 4.8542129317349476e-05 1.977629713770118e-05 0.0 0.0 0.0014903054761377182 3.475759829599902e-05 0.0 0.002223886255549869 0.0023429754523911803 0.0018471982363332294 0.0009790107073342933 0.00032855477364893837 0.00017260508203429604 0.00024471457053457725 9.505373889795907e-05 0.0003132838837783975 0.0003342776966165508 1.4579021265711696e-05 5.6950118232192376e-05 5.725345625147948e-05 1.4699875681976204e-05 0.0 4.019583447822768e-05 0.0 0.0 0.0 3.7831669488981245e-05 1.7669911984468168e-05 0.0 0.006085228687950815 0.00011976282602723072 0.0 1.4694846531874566e-05 0.0011018164292398052 8.855042191906008e-06 0.000996724829650977 0.0009701919978523056 0.0006853533998856539 0.0012931431711616197 0.0019580584570696048 0.001835900913059347 0.0033096020822303393 0.001717362190750593 0.004026083918884154 0.00042231811938787093 0.003027815972978823 0.0018043594662166132 0.0011216985561886825 0.001853139999116872 0.0 1.6488528706741638e-05 0.0 0.0 0.0 0.0 2.7356246681496468e-05 0.0 0.0 0.0 0.0 0.0 4.200327209137946e-05 0.0 1.4889877207847067e-05 0.0 2.8265983811657372e-05 0.0 0.0 0.0003022164896910427 1.9369264511777086e-05 0.0 0.0 0.0 0.0006146489710060887 6.492809463134471e-05 0.0003676465714714741 0.0002776845182636489 2.4185157802889973e-05 0.0 0.0 0.0 0.0 0.0 4.074327506856113e-05 0.0 0.0 1.6567710613462316e-05 0.0 0.0 0.0 5.058431271745624e-05 0.0 0.0 8.538419817986922e-06 0.0 3.129427967326135e-05 5.494807504241631e-05 2.2714419310999947e-05 0.0 4.401795432271443e-05 0.0002564323487419291 5.6966769659786855e-05 0.0 0.0 0.0 0.0 0.0 0.0 0.0 0.0 0.0010369147806929128 0.0 0.0 0.0 0.0 0.0010721955276039904 1.135999936997269e-05 0.00010467412954765748 0.0 7.496092566117582e-06 0.0 7.523330091543612e-06 0.0 0.0 0.0 0.0 0.0 0.0 3.1418365253321725e-05 0.0 0.0 0.0027165135850701428 0.0005099717676631441 0.0010453366420505484
0.0038096971161618184 0.024742191385913572 0.10235125806122972 7.270514107919451e-05 0.0024334532113989334 9.902069448444137e-05 0.0002444499615184096 0.0 0.01301443167572353 0.00012142186615853543 0.14373323985652955 0.00025344448381364764 0.0027908688999957985 0.053615802939062526 0.0008397637577104535 0.0011653933435490742 2.545456423628148e-05 3.691735232209261e-05 0.0 7.244059848479999e-05 0.00019276334319885734 1.0291398730261587e-05 0.0 5.0671155609305846e-05 4.5887621473266325e-05 0.00024841136782121276 1.8431475934000594e-05 3.14209904461717e-05 0.0 0.0 0.017130967507370688 0.1096701139693768 0.005753450263319485 3.609584987539737e-05 3.124691992712488e-05 0.0002511582806142426 0.0005753693538683987 0.0009350799561138139 2.6138289020784498e-05 2.7536065749541915e-05 0.0002037861253577376 0.00014391905510416272 0.0006993964132810034 0.0002003157026708921 0.0 3.942321845657815e-05 0.002463691576991157 7.326701358802548e-05 2.8516378568368835e-05 4.66553524289683e-05 7.158388381240578e-05 8.813118812434323e-06 0.0 0.0 5.285581831127113e-05 7.448376697089635e-05 0.0007129685652811053 0.0039624572715277005 0.0003947501016998188 0.0008152126752061115 0.00017570128496209518 0.0013860093401276959 5.41114345626812e-05 0.00635676792558505 3.252509658925708e-05 4.502013983144291e-05 2.7712906567466216e-05 0.00012738547710711715 0.0006520404884402381 0.0005743652130048558 0.000538781465292724 0.00013561760211503785 0.0 0.0012037625874403916 0.0021371318727567497 0.0014037858657002635 0.00226821988650264 0.0036739524946680932 0.0492126033132081 0.14575895332347136 0.0014565126949718048 0.026044157085298197 0.00019068885735765276 2.101236801595387e-05 7.61619631415804e-05 2.1517696180230493e-05 0.00017877244483766608 0.0 6.380993619574226e-06 0.0 7.845567659978297e-06 0.0 0.00042120473003558147 0.0001236937508673941 0.00023019272819682196 0.0002271007793281254 0.0003536886632722013 0.0 0.00012749878141152018 0.001169240523817638 0.0 0.0 6.30870506665943e-05 3.371627656758799e-05 0.00010902798787530265 2.73059347430114e-05 3.658585044911226e-05 0.00014288493553970907 2.187472036407918e-05 7.629541061509932e-05 6.594845262627304e-05 0.00010679637060001717 6.915425658915319e-05 6.607346504553735e-05 0.0001915720130051317 0.0 8.576829996595159e-06 0.0 0.0 0.0 0.0 0.0 0.0 0.0 0.0 1.2366449667474756e-05 0.0 0.0 0.0 0.0 0.0 0.0 0.0 0.0 0.0 5.49726025594974e-05 0.0 0.0 0.0 0.00014713760387250214 1.0354556639675786e-05 0.000210663160866764 0.00010751143317709706 3.15508766907758e-05 0.0 0.0 0.0 0.0 0.0 0.0 0.0 0.0 2.8237729011228565e-05 0.0 0.0 0.0 9.690327667468647e-06 2.332289793431037e-05 0.0 8.764264065465035e-06 0.0 0.0 0.0 0.0 0.0 4.323577152198301e-05 7.298999034245415e-05 6.443979547689614e-05 0.0 0.0 0.0 0.0 0.0 0.0 0.0 0.0 7.261536541059155e-05 0.0 0.0 0.0 0.0 0.00029673910707039716 0.0 1.0752249342420166e-05 0.0 0.0 0.0 0.0 0.0 0.0 0.0 0.0 0.0 0.0 1.5242373470513125e-05 0.0 0.0 0.00011503435605207756 0.0001700583016203541 0.000358497507169435
0.0008713159500632747 0.06964693856744282 0.05710384998175295 0.0002305816527145725 0.083872602730513 0.000481641110503771 0.01623576561426451 0.01301443167572353 0.0 0.008690402478907377 0.05092724250453681 0.007968475665794172 0.09924324593025095 0.11776449499247715 0.0013917377055932137 0.0012066434872561127 4.912977347416649e-05 1.2273014670107395e-05 0.0 7.540692743047616e-06 3.559772898444532e-05 1.0277557454608489e-05 6.811550282867988e-06 0.0 0.0 1.0691447873142988e-05 0.0 0.0 0.0 0.0 0.0024735851471095077 0.0010444262616510613 0.00584294534131673 0.0 9.669304665326811e-06 8.23778005550026e-06 0.001025832769217032 0.00019259343834686105 2.1436556364011745e-05 0.0 0.0 9.83835931862662e-06 1.4980616503097574e-05 0.00016365555538100675 0.0 9.952787683806256e-06 0.002393053982210682 6.877142090425457e-05 2.0627674054216896e-05 0.0 1.3376992057140193e-05 0.0 0.0 0.0 3.831878735774099e-05 0.00013169778401722032 0.0004954710735070261 0.0012872911763825298 0.000388968690784382 0.00093401081439212 1.819869674246786e-05 0.0001576299836477379 0.0 0.0018324292590150145 5.7323459691022884e-05 3.816589874215488e-05 4.6110921255895704e-05 2.027715767132772e-05 2.0225930645183194e-05 6.237348564503082e-05 0.0018091933490785813 0.00019400521116509672 0.0 0.0010806371315563563 0.0015398227005881445 0.002243082077994761 0.002283854220476874 0.0011732881726616486 0.00089510665194752 0.0009600828027317461 9.290284144891125e-05 0.0008499691637475623 0.0001628561208020388 7.378522962004198e-06 4.961242882164332e-05 4.07580196803292e-05 1.6201549348310395e-05 0.0 6.979149788398877e-06 0.0 2.0543477303622637e-05 5.399612943009585e-06 8.160301100856062e-06 0.0 6.718805050068051e-06 0.0037890385672236897 0.00033473127608829524 0.0 4.709468647411679e-05 0.00022516731508632682 6.045807484117711e-05 0.000310344931843871 0.0007915449460817579 0.0001372720376846525 0.0016222681103332365 0.0021141320508380264 0.0012951392874854832 0.0033228413799079723 0.001763041712808549 0.00423316586452457 0.0009171251264005656 0.0027519151562522184 0.0022161961102406544 0.0015174420930950208 0.0024184094758176113 3.1352957178607555e-05 6.174820026936407e-05 8.55821044076828e-06 0.0 0.0 0.0 0.0 9.37457184222094e-06 2.7053857982628842e-05 0.0 0.0 0.0 1.0605448026875801e-05 4.86103189315489e-05 2.190701718487313e-05 0.0 0.0 0.0 0.0 0.00039362706841700315 0.00016570953937552043 0.0 0.0 0.0 0.0007198915166291065 5.300106484638683e-05 0.0005613286882272623 0.0001645722826363876 8.891237766409751e-05 0.0 0.0 0.0 0.0 0.0 0.0 0.0 0.0 1.7424068141091593e-05 0.0 0.0 0.0 0.0 2.45544250523422e-05 0.0 0.0 0.0 0.00011239017628278405 7.599137261251043e-06 6.217249029382855e-05 7.902341721680423e-05 2.3666862575682386e-05 0.0002492443663440318 0.00010102927766419013 0.0 0.0 0.0 0.0 9.55533614319213e-06 0.0 0.0 0.0 0.0017565733832431935 3.93732422035159e-05 0.0 0.0 0.0 0.0022564328349843127 2.4875350535288616e-05 0.000159786462569478 0.0 5.3837136142619625e-05 2.309596794630944e-05 0.0 0.0 0.0 0.0 0.0 0.0 0.0 0.0 0.0 0.0 0.00350369606047496 0.0011302426790823002 0.001519675414344256
0.031609683235744465 0.2394041740225625 0.002296113298837099 0.09305922676108301 0.032602566028215874 0.024769915126894113 0.17674920174106323 0.00012142186615853543 0.008690402478907377 0.0 0.0014599933506992103 0.13570849720817765 0.30759053712246276 0.014865859869763435 0.0007082268349653458 0.00028372111141283183 9.395620391198602e-06 0.0 0.0 1.2900495029908717e-05 3.1769273524672543e-05 6.88216551803587e-05 0.0 0.0 1.0544343061188961e-05 3.774021999169464e-05 0.0 0.0 3.1151407972004467e-05 0.0 0.0038036767825517684 0.0004134817314954886 0.0062849704962828715 0.0 0.0 3.805654704419153e-05 0.0016282321586436478 0.00012193069015182716 7.4366849322033365e-06 0.0 1.5511744416879665e-05 0.0 4.2102261481793145e-05 8.053062126215907e-06 1.7996511419652594e-05 0.0 0.0037155324091945165 0.00011539224014242027 0.0 0.0 3.898164599767417e-05 0.000124992584700979 0.00011527891540054856 1.41243049597728e-05 0.00010541125641590764 0.0003165397201973788 0.0022344231328037542 0.006254295736575367 0.001133472446999063 0.002441354592763962 8.315956438762637e-06 0.00046956003278781705 0.0 0.005868920012050879 0.00010927714667609666 5.120327422938145e-05 3.909310837521386e-05 3.504331410793007e-05 1.7101692108806702e-05 5.966346605949761e-05 0.006339295484510312 0.0005155251194204362 9.28793843442515e-06 0.0033556938341625007 0.003252183358388503 0.0024148133320422756 0.001122993697993553 0.00035230029186652335 0.0002008687763385263 0.0008216412508292939 9.95067352986025e-05 0.0005938551449300591 0.0003477695748381687 1.5430600513167184e-05 9.00709067424899e-05 0.00010691184740733932 6.0147591882844865e-05 0.0 3.89922193220878e-05 1.558747750076319e-05 7.495558126312009e-06 2.0116383769394097e-05 1.7087057348432702e-05 0.0 0.0 0.02204645892298894 0.0010978909494522308 3.837241629739033e-05 7.047438728696011e-05 0.015897472410299977 5.5275199720545415e-05 0.007133791624059392 0.005516779798701419 0.006496107490663763 0.005753170814146383 0.011315431090821877 0.02044576808252428 0.017738390197184477 0.011460575069187013 0.031833464269667225 0.0027409186612764713 0.024223588302473304 0.011739291685749461 0.009944771579265566 0.005833758908125111 8.022996463876075e-05 2.4799365048667084e-05 8.082669376133594e-06 0.0 0.0 0.0 0.0 0.0 0.0 2.1777810997038834e-05 0.0 0.0 5.4293390368075535e-05 0.0 0.0 0.0 0.0 4.410089774554283e-05 0.0 0.0016150459799908212 0.0008223135653750412 0.0 3.828232997926366e-05 0.0 0.0021916189040529287 0.00025731403442447447 0.0015490220139834524 0.0006418702139008274 0.0001907827511761916 0.0 1.4397059329076763e-05 0.0 0.0 0.0 0.0 0.0 8.909281394369668e-05 4.8641902995623165e-05 0.0 0.0 0.0 0.0 1.8103019243851266e-05 1.901548068858516e-05 0.0 1.7503606681640467e-05 0.00012458555514067518 0.00010314497208439986 0.0008546043974797308 0.0 8.515439723845763e-05 0.0009693371940832316 0.00010742806720960403 0.0 9.786431798243612e-06 0.0 0.0 0.0 7.52613135318612e-05 0.0 0.0 0.004334833018577934 9.937130845624344e-05 1.771161310646813e-05 7.234725443416813e-06 9.620656336791042e-06 0.006829104205064671 0.0001934989183522991 0.00031190313146103773 8.165627922688802e-05 0.0 4.980727607133457e-05 0.0 0.0 0.0 0.0 0.0 0.0 0.0 6.928670262670756e-06 0.0 0.0 0.013398955848080207 0.0013270913542408286 0.002741003196778109
0.009453918334431453 0.05836788724330009 0.20003283245969183 0.0 0.021495349000261108 0.00038886647431766617 0.006422118708454252 0.14373323985652955 0.05092724250453681 0.0014599933506992103 0.0 0.005477446012053033 0.06948698051648489 0.15046720811706604 0.0028811464545823863 0.004002992200909454 0.00016496538712741686 9.895356353111876e-06 7.133885951152268e-06 2.4753382787918606e-05 0.00010750112094134562 3.670515928180901e-05 2.5904040886191498e-05 1.81172089783451e-05 0.0002801655733111756 0.0006537212275429608 1.341008287359176e-05 8.500733943268149e-05 0.0 0.0 0.03397939946555768 0.055752637283150455 0.08508828264045165 1.074806988007825e-05 0.00022189022267806097 0.000720636493018134 0.007523512352889161 0.005464136702760869 0.0001936664616547912 0.00014423989730442428 0.00030478909795600954 0.0003290450041441757 0.00041969145606203317 0.0006327068367285458 2.267033466921698e-05 6.63912610410945e-05 0.0036061065206652253 0.0001319359827145062 7.982749569958944e-06 4.8430612269581107e-05 6.553467359194275e-05 0.0002930095439230619 2.1412561753926068e-05 0.0 6.542375229638595e-05 0.0001720667207894168 0.0011888970047624827 0.0033000619668919354 0.0006018294272567503 0.0013236876844141356 0.0001416592254361959 0.006200840686573482 0.0001062605987824178 0.0032762987590233467 2.9846415307237448e-05 4.283824487367153e-05 2.6937410395545133e-05 5.5910993020726064e-05 0.00039943337523489365 0.0008502900452899509 0.004488145379529969 0.0003032847500469006 0.0 0.0013025546408097681 0.0018743731081443781 0.004104455938282517 0.0037898740534973814 0.002597215010960793 0.005127930154128261 0.061806002624930204 0.000323769574881076 0.008552737329578584 0.00023807752608883868 7.741889914252951e-06 9.446513213636797e-05 4.6975212608860574e-05 0.00014283410040202615 8.368981962149653e-06 1.012703805257732e-05 4.651421024849716e-05 3.652088126903766e-05 2.1799403182682982e-05 0.00031277112352864103 0.00016136387851655663 0.0001721505404687142 0.0012954778515257602 0.0007369194069948188 1.5420959137324666e-05 0.00028602933956127995 0.0025158121241563324 0.0 8.980614086875021e-06 0.00030469646768397084 0.0 0.00035126076556973445 0.0004021003054833679 0.00012012352333513521 0.0006757119484244967 0.00020843831350297363 0.0005560389430282999 0.00040631989679500077 0.0005619290281396139 0.0005720366766547323 0.0003250856569163405 0.0005457626031358871 2.849875022977219e-05 0.0 1.7900992822354874e-05 0.0 0.0 0.0 5.3370867557518066e-05 0.0 7.281976870969364e-06 0.0 5.643831496690609e-05 0.0 5.8410565436736344e-05 0.0 1.4812134098920378e-05 0.0 8.387716989674486e-06 0.0 0.0 0.0001628858772454778 8.389251230447136e-05 2.6042777576600807e-05 0.0 1.099327147600204e-05 0.0005364848073062235 0.00012840374230525418 0.0003757490968702888 0.0001909301283174156 6.31900693039552e-05 0.0 0.0 0.0 1.014490499862063e-05 1.640295089420238e-05 0.0 0.0 0.0 1.607947890266035e-05 0.0 0.0 3.7099986651446605e-05 3.641326420122721e-05 8.586252589335626e-05 0.0 0.0 0.0 0.0 2.350630173435959e-05 0.0 0.0 0.00010456598059472502 0.0002712739414081826 5.48779147453009e-05 0.0 0.0 0.0 0.0 0.0 0.0 5.794633446726065e-06 8.318267916468605e-06 0.00042882443249967617 9.002166419455268e-06 0.0 0.0 0.0 0.000987193413010173 0.000143408574143099 0.0001715915992038265 0.0 4.591476907383023e-05 1.0032493811598186e-05 0.0 4.0221667949556444e-05 0.0 1.5158288615059807e-05 0.0 0.0 0.0 1.900325908232373e-05 0.0 0.0 0.0006900384775382755 0.0010195566049945423 0.001165711969816796
0.0008496121237246752 0.024245027031851177 0.0014136246179292248 0.015488357065300428 0.015824925147133413 0.005255592338211121 0.05277758227819083 0.00025344448381364764 0.007968475665794172 0.13570849720817765 0.005477446012053033 0.0 0.10747171334301558 0.02700383152185919 0.001444921168716192 0.0023811419116309134 0.00015820999389907196 4.707341720047754e-05 0.0 4.3891656897607826e-05 0.00022487559168048182 0.0005840734183480388 5.434956479444704e-05 7.317658443136193e-05 0.00041111238203137864 0.001352577314005536 1.2888628013728622e-05 0.00021285997824228086 0.0 0.0 0.0034305985751785706 0.0019496182832291088 0.016680432608909782 6.968416745167631e-05 3.537309718979573e-05 0.0006817141207889546 0.027869973387468047 0.004934606340430923 0.0005971582726296568 0.00022732720451065032 0.0004669758053109777 0.0003429783832935573 5.821287584609058e-05 0.000340530866643046 8.07711866183163e-05 0.0002622781887773311 0.002282663666906958 6.593244906643522e-06 2.9407308117991135e-05 7.292524393078804e-05 2.9221959692798487e-05 0.0009841646797867395 0.00010551827364401275 6.462011832854418e-05 4.287405796094922e-05 2.9731417247618784e-05 0.00022396253754915663 0.0007128969089612834 0.00020691354396423835 0.00051940254918637 0.0004233516191860873 0.0054154590367497665 0.00010985318797101607 0.0011305396181301485 9.378179055440243e-06 1.204072240126559e-05 3.2649094288202204e-05 6.692176561208232e-06 0.00011219474196680538 0.00032462570708561336 0.037384244957124856 0.003248500983312568 9.118543292897391e-05 0.0003544211722944066 0.0007708799021160877 0.0016739287281051535 0.001154785686231836 0.0008410157059471755 0.00014506972035554963 0.002172228204213079 0.0001621984205791966 0.00231775440360624 0.00010696160038105642 0.0 1.5683645498627733e-05 0.0 3.177940693257317e-05 0.0 2.7226743639429826e-05 0.0 7.924240980291256e-05 0.00011876019804730567 0.0001618633692288459 0.00040486507551464344 0.0009484499733738356 0.10869026038558018 0.020880428594124322 5.8775525489667506e-05 0.002705267363642909 0.0009632774345523811 5.2093952909075896e-05 0.0007397050094488408 0.001699977560792783 0.0002899898312873604 0.002420605313727443 0.0041605907961818804 0.002694365437433103 0.007061485930239625 0.0030280485626128337 0.008203305548845219 0.001359554248883268 0.005413233993186277 0.004758357847354701 0.004032219057930681 0.005419306946125024 1.055961904714231e-05 2.5260433830803647e-05 0.0 0.0 0.0 0.0 0.0 1.9917322824600923e-05 0.0 0.0 0.0001453449466366886 0.0 0.00017597557009780212 4.565365077731045e-05 6.864432437412319e-05 3.481880851464949e-05 1.0419035831439152e-05 5.263011661513694e-05 3.480754951316216e-05 0.0007016264359227962 0.0003509387752946706 1.4555198330362808e-05 0.0 1.8220837163208935e-05 0.0029064959635875546 3.074324362125307e-05 0.0017131061006746087 0.0005689128494224127 8.463830108287831e-05 1.4367880755064321e-05 0.0 0.0 0.0 4.961092104739259e-05 8.392339434149698e-06 0.0 9.566621202451999e-05 6.123531637292214e-05 0.0 7.346573067240831e-06 1.756429165734625e-05 3.659377712133382e-05 8.664164409566146e-05 0.0 0.0 0.0 1.975704299847226e-05 0.00019357069729693276 9.531116516576457e-05 3.2262120015898977e-05 0.00015662434778336212 0.0006759786599452532 0.0003317252703518903 0.0 0.0 0.0 0.0 0.0 0.0 0.0 0.0 0.004984857978164697 3.941346518559469e-05 1.2931142036044713e-05 0.0 1.105750644001487e-05 0.004090443861083485 9.369631595107988e-05 0.00023183498303511242 1.6708229451139183e-05 8.64784366021466e-05 2.5329610063802858e-05 0.0 7.756989627039072e-06 7.869492782670503e-06 0.0 0.0 0.0 0.0 0.0 0.0 1.0343328294391456e-05 0.008462628530236379 0.0026068302830464644 0.004550434016980092
