0.0 0.1631578806098921 0.037212412651398824 0.14465564142771867 0.0023635344184570408 0.007091280654157286 0.024250168503278956 0.014800777942810275 6.870756153644803e-05 0.0293156142702648 0.005021421460540997 0.002651912198429535 0.004461001090356664 0.006059650065324076 0.0007827448782615797 0.00035841165399375796 9.406676134640622e-05 1.8529258718935183e-05 2.0065057760437165e-05 6.875952390407228e-05 0.00015635174464326255 0.0 1.041676881756944e-05 9.77552332399798e-06 8.51683586713181e-06 5.964045039227609e-06 0.0 0.0 0.0 0.0 0.11316716278934472 0.0007734611189717496 0.0027877517300201643 0.00010957872008894248 5.9755730224704813e-05 3.8390949102595307e-05 0.0007029890352786473 0.0001771957318324428 6.62024897020805e-05 8.383260562077466e-06 4.70047942624696e-05 2.529159334909194e-05 0.00010715485006374926 8.223120695478266e-05 4.284756241948072e-05 4.020789886491297e-05 0.0020506663669962026 0.0008322055978214793 2.5071345841865245e-05 6.946982037752991e-05 9.246609528444157e-05 2.4905034648378557e-05 0.0 0.0 0.001185022406315544 0.001660840088399936 0.019020054454285996 0.020511962438928513 0.006602287679073842 0.001635867770888415 0.00020715529661702501 0.001072107356028609 9.914932565526053e-05 0.001242509082562511 0.0007286318557618842 0.001125383520332592 0.0003929328602456638 0.00042517632577765364 0.00037634170415491963 0.00028748482213268497 0.0007023256477434405 0.0012189384174517844 0.00014073197321839837 0.02415191112806666 0.0019199623832715908 0.002844695073487489 0.0008890317904249447 0.00018251518877275755 0.000124074206392899 0.010437620996555428 9.420474235489814e-05 0.003816300665368967 0.002624532909059866 6.465872379071388e-05 0.0009721833183247775 0.0011846846779808783 0.000284946837226869 5.246037656400059e-05 0.0012465527586593055 0.00014762523707910656 0.0002448903704260005 6.27732307255949e-05 0.0004962646360858778 0.0001031473760644498 6.516751118711053e-05 0.00821112623762859 0.006554578521316512 0.0002120527142229098 4.25620425989044e-05 0.07153097862727174 0.0 0.0 8.328971473769615e-06 0.0 0.0 0.00035292615163448057 1.6012580866529394e-05 0.0 0.0 0.0 1.068039380395191e-05 0.0 5.915823779584408e-05 7.365605665585296e-06 2.6251986832609085e-05 0.0 0.0 0.0 0.0 0.0 0.0 0.0 0.0 0.0 0.0 0.0 0.0 0.0 0.0 0.0 0.0 0.0 0.0 0.0 0.0 0.0 0.0 1.3119240568392576e-05 0.0 0.0 2.7166455433248914e-05 1.9049880243241036e-05 0.00013487142109712866 0.0 0.0 0.0 0.0 0.0 0.0 0.0 0.0 0.0 0.0 0.0 0.0 0.0 1.311777960424241e-05 0.0 0.0 0.0 0.0 0.0 0.0 0.0 0.0 0.0 0.0 0.0 0.0 1.2730390689696418e-05 0.0 0.0 0.0 8.018463012563806e-06 0.0 0.0 0.00020093156811778958 1.7272542025256333e-05 0.0 0.0 0.0 0.0 0.0 0.0 0.0 0.0 0.0 0.0 0.0 0.0 0.0 0.0 0.0 0.0 0.0 0.0 0.0 2.8114762276534614e-05 9.492915299399822e-05 0.00013676358664121673
0.1631578806098921 0.0 0.08024505308200966 0.20969107337048534 0.0981281933675481 0.009310961102824138 0.20634193900735737 0.07326955757669401 0.10288805189128135 0.046137803553842616 0.2796778555884238 0.008579742318265944 0.08132583512275315 0.2728672035741851 0.006463554128690833 0.0018939349865215655 0.00026842055240049206 5.3763702470169585e-05 9.860526398500723e-05 0.00010754010641624599 0.0005308272251817889 2.0433838214395075e-05 7.87552204669669e-05 1.1507859708350569e-05 3.414733629538559e-05 7.05249197745811e-06 7.247911051453032e-06 0.0 0.0 0.0 0.13303146782351627 0.008739482952804387 0.01360611726051422 0.00029756058579076793 7.212014355941554e-05 0.00020539108267394056 0.003174036846894582 0.0006337547473611614 6.995420903603309e-05 4.877013337075472e-05 3.4390988936346985e-05 0.00013905631789307005 0.0005421269691146303 0.0003981416663924657 0.00048088107243237326 0.00015337894518926772 0.018488446982473584 0.0031349943602993324 0.0003961512433172019 0.0002380299421854822 0.0006889831035260388 0.00011515128933351777 0.0 1.707726140864819e-05 0.0024660541661262383 0.004374868097480181 0.011267007430634406 0.019034033431939674 0.006594003737549573 0.010039832293584565 0.00029724793734067984 0.0036672663034340845 0.00021163048815667841 0.013674475849490829 0.002235520804458867 0.0028953778842541215 0.0012180436342025189 0.001566118775327649 0.0011049289225284773 0.0009962733365628297 0.003288498485819915 0.0001714654527279795 1.182326881836511e-05 0.044495324600820875 0.01838052470396249 0.02571344665302586 0.015037853203277312 0.0010991246530696898 0.0005150355607679449 0.0318995384606482 0.00048785865578065464 0.006807249734293981 0.006791417401603565 9.731281096236102e-05 0.0029945312357833606 0.0027872643329638056 0.0013972555485500231 0.00030912626604652136 0.003829454509409049 3.100053887574148e-05 0.0009477920168130905 0.0002655113345943616 0.001666717296785689 0.00032008169298284315 0.00014338937788555654 0.000828047427545091 0.00020041980892721386 0.0 0.00023989789413201386 0.032468927351299026 0.0 9.425366184294167e-06 2.6312942034029134e-05 0.0 5.734567198695306e-05 0.0008753691778207925 0.0001100741423688543 1.8498330203364e-05 0.00010042275113174176 0.0003637958564727669 0.000160847748821443 0.0003866306104934816 0.00030867919085802347 0.00010712071262583087 0.00027871809985925813 7.45260889231454e-06 1.595186756767016e-05 0.0 0.0 0.0 0.0 0.0 0.0 0.0 0.0 0.0 0.0 1.4696799630918944e-05 0.0 0.0 0.0 0.0 0.0 0.0 0.0 2.8049308005776305e-05 0.0 1.337741107641919e-05 0.0 0.0002625742030363729 0.00012718814166794962 0.00021029607405802865 0.00021588378237120132 4.8292942374411854e-05 0.0 0.0 0.0 0.0 0.0 0.0 0.0 0.0 0.0 0.0 0.0 7.74458634419078e-06 3.32460800306659e-05 0.0 0.0 0.0 0.0 0.0 0.0 0.0 0.0 0.0 0.00016301348706423876 0.0 0.0 0.0 0.0 0.0 0.0 2.2096152295201742e-05 0.0 0.0 0.0003628928114022686 8.137236108946354e-06 0.0 0.0 7.176684009495692e-06 1.0334221690644632e-05 0.0 7.002973197039713e-05 0.0 0.0 0.0 0.0 0.0 0.0 0.0 3.154007707420521e-05 0.0 3.0234007483728066e-05 7.421513803488756e-06 0.0 0.0 0.0006777379696267887 0.00024901038534781326 0.000975808357637635
0.037212412651398824 0.08024505308200966 0.0 0.0035435662211014923 0.04439358099751804 0.00041827142725255127 0.011325949259004228 0.1841535717356013 0.030154051994742182 0.0010556499333283648 0.2595699447606924 0.007508615025157583 0.03250407049911405 0.14140824962760637 0.004038841199859852 0.002068255563186978 0.00033872850520608346 0.00010373971692364377 3.512755252668752e-05 0.0003084073273918835 0.0009768964602891066 0.0 0.00011007449196049371 5.04155529979338e-05 0.00011488049798377124 6.147151803365273e-05 8.054427451402071e-06 8.044559312287541e-06 1.656580830968996e-05 0.0 0.3142243334915711 0.0914781969137293 0.028220535281030714 0.0005105991505587919 0.00037467963091569766 0.0006626388589823476 0.005810423161269693 0.001391120444979553 0.00024016090693516128 0.00011141748776468356 0.00011985551962872629 0.00035208730623045035 0.0007266287518997486 0.00011960952010853458 0.00020731988372427792 0.00025081832477022876 0.006735146851755451 0.0004830238585782478 0.00015079407840009267 0.00017304951292182775 0.0001738810598709639 7.988832548255882e-05 1.472873607382685e-05 2.3571787623487025e-05 0.0003909340485625181 0.000681006825985933 0.0016238280783208456 0.0048478349902451754 0.0010228646124260125 0.002380443254677236 0.0014349641669188506 0.008748932248244634 0.0005798603734776433 0.009546649308330652 0.0003460384361485169 0.0004724145586637472 0.000335039171799881 0.000587385712284623 0.0013240039269819322 0.0017814501721402601 0.0049551102552658904 0.0002712672543092948 0.0 0.0076144707619209395 0.004887422671633201 0.00790541228252563 0.006383305088294962 0.0009599169789723694 0.00361563489034231 0.0964327332180355 0.0003862475949226009 0.023862024489889392 0.0008800803251499714 2.315583510919463e-05 0.000483330661049783 0.000461640931581149 0.00048704918350116867 1.3991698757638052e-05 0.0007398153941606114 0.0 0.0003526127122266772 4.8654977142046766e-05 0.0031687101763774655 0.0007581560320101938 0.0003143275546468556 0.0004204742572213383 0.00022695873198355139 0.0 0.0005313217069063491 0.0028155562390002557 0.0 9.825669300463852e-06 2.6403109091619528e-05 8.577481794005915e-06 2.8062336792823546e-05 6.444237696228028e-05 5.685565219756608e-05 4.239555528337782e-05 0.00012133667362442416 0.0001909710206335667 9.792028187185528e-05 0.00038884884424441403 0.00036667818649097024 6.013083091355201e-05 0.00011920292911724796 0.0 0.0 0.0 0.0 0.0 0.0 0.0 0.0 0.0 0.0 0.0 0.0 1.4221913074760655e-05 0.0 1.0144702704986e-05 0.0 5.6757975550829076e-05 0.0 0.0 0.0 0.00013594375817359004 0.0 0.00010212166570658493 0.0 0.00024318141689488358 0.00019052536821407773 0.0003342029480679024 0.00036737214074888323 8.396120335624987e-05 0.0 0.0 0.0 0.0 0.0 0.0 0.0 0.0 3.529852193593406e-05 0.0 0.0 0.0 1.1872178757623327e-05 0.0 0.0 0.0 0.0 1.679581679744064e-05 0.0 1.1416100125568168e-05 0.0 0.0 8.605716491147705e-05 0.0 0.0 0.0 0.0 0.0 0.0 0.0 0.0 0.0 0.0006302864338528183 9.349483048529268e-06 0.0 0.0 0.0 1.859088339630205e-05 6.408823850959645e-05 0.0 0.0 0.0 0.0 0.0 0.0 0.0 0.0 7.798974103280011e-06 0.0 7.476513745813029e-06 0.0 0.0 0.0 0.00037318611920036357 0.0003625868253518762 0.0010101396597695421
0.14465564142771867 0.20969107337048534 0.0035435662211014923 0.0 0.00567045686058312 0.03702656482303359 0.06933970510877852 6.618232160656087e-05 7.966960365902713e-05 0.1640106601961022 0.00020125445976205907 0.07111779640550822 0.06668051736511289 0.003128738933015845 0.0004954327607646251 2.801530000694741e-05 9.957330074066513e-06 1.7840248079364795e-05 0.0 0.0 0.0 0.0 0.0 0.0 0.0 0.0 8.147932339941208e-06 0.0 1.535368815675625e-05 0.0 0.015011377060301359 3.376209214411452e-05 3.776467345192638e-05 2.417639708032112e-05 0.0 9.784763365235312e-06 4.181451912499725e-05 0.0 0.0 0.0 0.0 0.0 3.258156467781809e-05 2.322275087459118e-05 2.4731559743968177e-05 8.932287070196206e-06 0.0019760736567285405 0.0010429094776884791 6.426098240144367e-05 1.3247433010980779e-05 0.00010751825136865756 0.0 0.0 0.0 0.001127082238626849 0.0018757956779135877 0.00908130848716116 0.00804307390536897 0.004172247185322855 0.0026590223862897 5.680276359776819e-06 7.170354756309182e-06 0.0 0.0014810757136950225 0.0009385011664892023 0.0010946794319841497 0.00032420225855127457 0.0003704904636907771 7.492825299147149e-05 2.03395869291387e-05 2.681264004780089e-05 5.316638457188453e-05 1.3500255138265939e-05 0.019915363184877213 0.0035092982051355935 0.003971283940170824 0.0012667876739259902 0.00013675502244178307 5.185970226768427e-05 0.00011288135156265214 3.697849914758458e-05 9.721509824243511e-05 0.002393611391392197 9.482091273828434e-06 0.000881067160811435 0.000969896016087852 0.0003428770550812867 0.00012005338160029262 0.0013807756745335977 0.0 0.0002274996298229435 6.922998565922238e-05 3.410408348092672e-05 3.565971853241528e-05 0.0 0.022568895772915227 0.0010040210899208105 2.1326639029735854e-05 1.91130502323615e-05 0.02520313642961253 0.0 0.0 0.0 0.0 8.82989098937586e-05 0.0009491630319362647 0.0 0.0 6.396951952299722e-05 7.249952157358689e-05 0.0 0.0 0.0003526569713770086 0.0 0.0 0.0 0.0 0.0 0.0 0.0 0.0 0.0 0.0 0.0 0.0 0.0 0.0 0.0 0.0 0.0 0.0 0.0 0.0 0.0 0.0 0.0 0.0 0.0 0.0 0.0 0.0 0.0 1.604638781037902e-05 0.0 0.0 0.0 0.0 0.0 0.0 0.0 0.0 0.0 0.0 0.0 0.0 0.0 0.0 0.0 0.0 0.0 8.211119835168052e-06 0.0 0.0 0.0 0.0 0.0 0.0 0.0 0.0 0.0 0.0 0.0 0.0 0.0 0.0 0.0 1.3423298294643398e-05 0.0 0.0 0.0 0.0 0.0 0.0 0.0 0.0 0.0 0.0 0.0 0.0 0.0 0.0 0.0 0.0 8.493327288223078e-06 0.0 0.0 0.0 4.897473943717978e-05 0.0 0.0
0.0023635344184570408 0.0981281933675481 0.04439358099751804 0.00567045686058312 0.0 0.0 0.16358331739841678 0.019141803171788596 0.28878004884934955 0.008747271611567112 0.15715779112255424 0.0016363893642668684 0.03191010421704078 0.2277588779914944 0.0022950770281989826 0.00041938432120308986 0.00014211309944422434 2.4490527714082252e-05 2.006839346943362e-05 0.0 2.635472804896905e-05 0.0 0.0 0.0 0.0 6.856251707927799e-06 0.0 2.4735657233835968e-05 1.5344935103568967e-05 7.2131290705271546e-06 0.010042718591918793 0.004710124473907708 0.0010557700209741891 0.0 1.6575636662199092e-05 0.0 0.0003112658618371312 2.6083617345403206e-05 1.830033189636322e-05 1.5527084548931982e-05 0.0 2.7498243892973173e-05 5.6107584442897097e-05 8.718848536519501e-05 9.685838851406653e-05 1.527173358500781e-05 0.007338048442558971 0.0005968627289095552 6.75605253735984e-05 2.8574658300755566e-05 0.00018661350885437958 0.0 0.0 6.761242355216594e-06 0.00039398029355958717 0.0009030157138189127 0.0010207797773276064 0.002165657064328137 0.0006802986976172255 0.003264724588076382 8.071616856397665e-06 6.0491821150173236e-05 6.846741117773769e-06 0.0033967314754386572 0.0004017947032742969 0.0006457306635917438 0.00026558738377289304 0.0002617871698718426 0.0001493014531303269 6.763314017235198e-05 0.00033851613385526115 6.80225279659531e-05 0.0 0.0058069042487480715 0.003925984866645161 0.007412286290788224 0.005729218336270675 0.00044168461538765367 0.00012322046170087984 0.0007564629517431662 6.052158789686684e-05 0.00025280058310357705 0.0009169560809592439 2.0188103407751255e-05 0.00042998041355606293 0.0005597661261415349 0.00031284375616811905 3.588122807076515e-05 0.0008389132062411564 0.0 0.0003103888960907383 3.306853893518398e-05 0.00012989085426035748 4.446106310985826e-05 3.516112446432127e-05 9.835761146398324e-05 0.0 0.0 4.8274989066592644e-05 0.0022454077456621297 0.0 9.377890684782522e-05 0.0 0.0 0.0 0.0 0.0 0.0 0.0 9.797544308255339e-05 0.0 0.00016250279574615194 0.00011504777307408469 1.806982740226526e-05 9.341189822402765e-05 0.0 0.0 0.0 0.0 0.0 0.0 0.0 0.0 0.0 0.0 0.0 0.0 1.2151852069158619e-05 0.0 0.0 0.0 1.0833825808027647e-05 0.0 0.0 0.0 0.0 0.0 8.714587284983899e-05 0.0 5.09817185146813e-05 0.0 0.0 1.659887310072692e-05 0.0 0.0 0.0 0.0 0.0 0.0 0.0 0.0 0.0 0.0 0.0 0.0 0.0 0.0 0.0 0.0 0.0 0.0 0.0 0.0 0.0 0.0 0.0 0.0 0.0 0.0 0.0 0.0 0.0 0.0 0.0 0.0 0.0 0.00029324332267208816 1.5288735197225934e-05 0.0 0.0 0.0 0.0 0.0 0.0 0.0 0.0 0.0 0.0 0.0 0.0 0.0 7.5940948354978985e-06 0.0 0.0 0.0 0.0 0.0 0.00021088815179513885 0.000167762597711311 0.00016627204718039457
0.007091280654157286 0.009310961102824138 0.00041827142725255127 0.03702656482303359 0.0 0.0 0.009331488600299101 0.00013287863947189697 0.0 0.07448351275471012 8.792049471543783e-05 0.010891581947812711 0.009510673868230752 0.0008950288843405678 2.610070595766513e-05 0.0 1.0606412998413048e-05 0.0 0.0 0.0 0.0 1.5324274715118564e-05 0.0 0.0 0.0 0.0 2.5650386304119125e-05 0.0 0.0 0.0 0.0029522820166956077 0.0 0.0005989744894605414 0.0 0.0 0.0 0.0009224492875967903 0.0 5.978970745522553e-05 0.0 0.0 0.0 0.0 0.0 0.0 0.0 0.00014312079920155818 0.00010573126940801275 0.0 0.0 2.1820259241667207e-05 0.00026902487061937464 1.371511023424119e-05 0.0 0.00010593989975695173 0.00030571924725196443 0.0014843746211424674 0.0008705226923746967 0.0005278019853904171 0.0001546379551828817 0.0 0.0002540422413628454 0.0 0.0 9.625202473317846e-05 9.859747270669442e-05 8.836660070222826e-05 1.4109380640056592e-05 0.0 1.2699910967034108e-05 0.004621898437160394 0.03457186380242196 0.0034454112597944123 0.0020446926697265055 0.00034855914305782933 0.00017226508392324263 5.296109948072737e-05 0.0 0.0 6.828618159869145e-05 0.0 9.134582542775056e-05 0.00027533379921638275 0.0003727062884953746 8.89709030064687e-05 0.00034682233625049424 1.4585114916153875e-05 0.0012553321919574238 0.0006567252569929063 0.0031669933758667877 7.647334140960152e-05 0.0003417311133153295 0.0 0.0 4.419859511796073e-05 0.021059750193210176 0.017532711330642915 0.004545401756928067 0.001736224209419698 0.02183079828904634 0.0 0.00017260426738669002 1.689209189469153e-05 0.0 3.958889461424635e-05 5.1411358151718236e-05 1.351190890023067e-05 2.6510076175960693e-05 0.0 0.0 0.0 2.3272221009253382e-05 0.0 4.2647128641741594e-05 0.0 0.0 0.0 0.0 0.0 0.0 0.0 0.0 1.3611032718427965e-05 0.0 0.0 1.583594319223401e-05 0.0 1.8637945115117567e-05 1.2522469072821634e-05 0.0 0.0 1.2112848464156108e-05 0.00014241666010315175 1.1290353232991682e-05 0.0 0.0 0.0 1.880065853850024e-05 0.0 8.591090935003873e-05 0.00011665304536397814 0.00013683215593793355 0.00018533348357579508 5.5175142375891316e-05 0.0 0.0 0.0 0.0 0.0 0.0 0.0 0.0 7.615575888995617e-06 0.0 0.0 0.0 0.0001469595244146803 0.0 7.7543770320468e-06 0.0 0.0 0.0 0.0 0.0 0.0 0.0 0.0 0.0 0.0 0.0 0.0 0.0 0.0 0.0 0.0 0.0 9.17743223934805e-05 0.0001807180813862833 0.0 0.0 0.0 0.0 0.0 0.0 0.0 0.0 0.0 0.0 1.2738094437477372e-05 0.0 0.0 0.0 0.0 0.0 1.3936442589575024e-05 0.0 0.0 2.3920152774483773e-05 0.0003939260532761819 0.0004748249367858063
0.024250168503278956 0.20634193900735737 0.011325949259004228 0.06933970510877852 0.16358331739841678 0.009331488600299101 0.0 0.0015490932227133266 0.12934673548412418 0.11478316333526743 0.04556789348359404 0.015013231666228975 0.34310655657999556 0.26431480015657954 0.00432907680900549 0.0010678132545496387 9.019461591523888e-05 5.764694199838576e-05 1.0022107972533073e-05 3.0421516450082053e-05 6.346270978613283e-05 0.0 6.509703478577501e-06 0.0 2.577897130788058e-05 7.465429728037579e-06 1.2401090219029637e-05 0.0 0.0 0.0 0.006921081977237805 0.0022445613498213715 0.0017723750119005722 2.6948843390763705e-05 1.2949240360853504e-05 5.701793804756276e-05 0.0006480998615162412 0.0001454069152671542 1.12784108855158e-05 1.037679335841911e-05 0.0 4.2500146842132776e-05 2.6470879473299995e-05 0.00010041209256540005 6.367517078943934e-05 3.0991607578562035e-05 0.015187370122095383 0.0011407207373652025 0.0003178973377916501 7.912003658356308e-05 0.00017258019542944883 1.655988328841428e-05 0.0 0.0 0.0006487701873049412 0.0012895971231351843 0.0024419570382870452 0.0034000527689522506 0.0017784429493152762 0.005129522046702835 1.0660221464527707e-05 0.00019255072021546343 2.833440396638313e-05 0.0033854717907820814 0.000638818234257972 0.001105026368412903 0.00037398138925318715 0.00036090956317817794 0.00027723792938844576 9.50277680741345e-05 0.0009508716830891809 0.00012159611836479959 0.0 0.009592515276263676 0.005553761649374742 0.01208973708076442 0.007341626072152839 0.0007204207475974536 0.00013702199427741152 0.0009510260301851802 0.00011512233582503845 0.00033685685628817835 0.0017603754624263847 3.121731009463264e-05 0.0010531147488690806 0.000994174245658466 0.00042862589873387863 5.056580525650623e-05 0.0012547012676397808 0.0 0.00040683522852540094 4.602824264276874e-05 0.000184634935291179 2.9625099482046914e-05 5.027843297158264e-05 0.002676064312418363 0.00012555265755187023 0.0 0.00017986384599279765 0.006659815327036559 4.2668576804978853e-05 0.0006358895533749696 0.003956524864953674 0.0014403775292661982 0.00017232417392860173 0.00574739722777663 0.0010376131892842189 0.0011559504589473512 0.0076450171579156056 0.0021476475629684387 0.0006991912308544197 0.00951757955400015 0.0029600124745509785 0.0007285204039313828 0.0004924547471433711 1.5852115651595664e-05 3.550823395005169e-05 0.0 0.0 0.0 0.0 0.0 0.0 0.0 0.0 0.0 0.0 0.0 0.0 0.0 0.0 0.0 0.0 0.0 7.337393779430597e-06 6.318716844619001e-05 0.0 0.00013606911250499325 0.0 0.0010259561489032014 0.00012806186772368715 0.0006930995312875089 0.00012281812098002576 1.081525023770003e-05 0.0 0.0 0.0 0.0 0.0 0.0 0.0 0.0 0.00014161771376798945 0.0 0.0 0.0 0.0 0.0 5.999674740092473e-06 0.0 5.22773661364968e-06 6.360066745314961e-05 9.157258149313207e-05 3.817640434214215e-05 0.0 0.0 0.0002852802426142366 0.0 5.937331251388113e-06 1.5866178890383227e-05 0.0 0.0 0.0 0.0 0.0 0.0 0.0013393482069327329 6.872622357633138e-05 0.0 0.0 0.0 8.013445656379244e-06 0.0 0.0 6.835475301736057e-05 6.30070428128215e-05 7.1107993007158e-05 0.0 1.9181026973901968e-05 0.0 0.0 8.096259618804252e-06 0.0 1.785582108720514e-05 0.0 0.0 0.0 0.002206847566620676 0.0006249440858217106 0.0009898321721431493
0.014800777942810275 0.07326955757669401 0.1841535717356013 6.618232160656087e-05 0.019141803171788596 0.00013287863947189697 0.0015490932227133266 0.0 0.028850231418525364 0.0002118505855357808 0.1331867443553073 0.004573291468658371 0.013576283403896584 0.11326037871997009 0.0012023380573929917 0.0008218290834997859 0.00020244104168872076 0.0003259470359418907 0.00020578894978888382 0.0007923463113150038 0.0018081970390939719 0.0 0.00024352465647012913 3.091600931489177e-05 0.00017562552109068918 4.503987387077698e-05 7.256185073911331e-06 1.592630334748259e-05 0.0 0.0 0.0923359067393728 0.14980732905646502 0.02017335455822218 0.002128956697954727 0.0007967397859415657 0.0010333587014715341 0.004228226545493878 0.0013387512582541457 0.000214098668789546 0.00013806566377846436 0.00022105347987636252 0.00016492669547867714 0.0017307240088274107 0.00037176443397850815 0.0008502476340146307 0.001303983439768325 0.002211735182928943 0.0001247824997433969 9.303522729048741e-05 0.000845442020552526 7.205660859450155e-05 0.000192370248703872 1.3473259661260231e-05 4.5102653951164565e-05 0.00013512161200357692 0.00012873712121608749 0.0005793902167531346 0.003175089954308924 0.00030366602181581404 0.0005597988339140994 0.010367994480080711 0.02004129418121712 0.0020525117551630813 0.023852231993599534 0.00010079115228672822 0.00031091896189418917 5.909949048577951e-05 0.00033203589050127163 0.0019099327678318632 0.003426790608590441 0.0033993976076955755 0.0001288200258919728 9.218933116949286e-06 0.002360944703537376 0.004744970877835532 0.0019431532295325587 0.004955754300145017 0.0017952821526101696 0.04805782408762519 0.1080614406788619 0.006271798854119745 0.13435024829067946 0.00023064745002359036 1.4043342832419135e-05 0.00015377128143557282 0.00013049506001576878 0.0006684927943258959 0.0 0.00015656189908443217 9.583818727482899e-06 0.00013864899058433958 5.187184089574678e-05 0.003368366031023719 0.000599963343629119 0.00019803589791604073 0.00016202989639831119 9.545422000834708e-05 0.0 0.00030519605392148575 0.000524133754799717 1.1272063065246772e-05 0.0 0.0 1.2262556441966714e-05 2.5369412235831402e-05 8.566120543164058e-05 0.0 2.791535393223858e-05 4.503042693919159e-05 0.00017327360275415957 1.240488957460098e-05 0.0001846925791860539 0.00020824518701329932 0.0001372964650924251 8.788878638240082e-05 0.0 0.0 0.0 0.0 0.0 0.0 0.0 0.0 8.814090083859797e-06 0.0 0.0 0.0 0.0 0.0 0.0 0.0 0.0 0.0 0.0 1.1200650882952322e-05 2.1017941654807696e-05 0.0 2.9768087767450053e-05 0.0 0.00011306435668527524 0.00011705950267227058 0.00021632592985599885 0.00025357623835994006 0.0 0.0 0.0 0.0 0.0 2.610351223956578e-05 0.0 0.0 0.0 0.0 0.0 0.0 1.6936317624274374e-05 0.0 0.0 0.0 0.0 0.0 0.0 0.0 0.0 0.0 0.0 2.3462136269501762e-05 0.0 0.0 0.0 0.0 0.0 0.0 0.0 0.0 0.0 0.00029832815216500975 7.799918053755253e-05 0.0 0.0 2.501809120529771e-05 3.0181630804919616e-05 0.0 0.0 0.0 0.0 0.0 0.0 0.0 0.0 0.0 0.0 1.262759695501733e-05 0.0 0.0 0.0 0.0 0.0002651658399143222 0.00035508838759502534 0.0005467409082180397
6.870756153644803e-05 0.10288805189128135 0.030154051994742182 7.966960365902713e-05 0.28878004884934955 0.0 0.12934673548412418 0.028850231418525364 0.0 0.0025669038057838755 0.03306810096741469 0.0010022908372936045 0.06596672366336406 0.10865229265060507 0.0014467491928521078 0.0005147000477514675 2.8988967893489116e-05 0.0 2.369481947811124e-05 0.0 1.3266918368351809e-05 0.0 0.0 6.022175922152565e-06 0.0 1.4723931973847218e-05 0.0 0.0 0.0 0.0 0.0007285248250189741 0.00048040096109919423 0.000883482645411675 1.5428789883591154e-05 0.0 0.0 0.00030459346509371775 7.128112680773812e-05 0.0 6.06127978940067e-06 0.0 1.844630523814725e-05 2.2090121176311664e-05 2.6285065416335916e-05 2.6320426690236365e-05 8.095435240340426e-06 0.003246733262829493 0.00020391126975208857 0.0001234765378419984 8.733918482521208e-06 3.0259620508818254e-05 0.0 0.0 0.0 3.380382033585459e-05 0.00011945942275247914 2.867619690065641e-05 0.0001202829725939306 0.0001084851311298305 0.0006743194127166667 0.0 0.0001234643403297599 0.0 0.00016313836289540113 9.543315432700969e-05 0.00011427670547856793 5.6174353793585785e-05 7.280945339425854e-05 9.392256354819898e-05 4.43017448101361e-05 0.0003533062208746097 0.0 0.0 0.0006625566386360751 0.0005206214717875299 0.002238252148553494 0.0014645602550692183 0.00015771643422666693 6.157201687693254e-05 0.0016147519435745696 2.332837317166994e-05 9.246679022381583e-05 0.00013811352229036394 0.0 0.0001181831119513745 8.132349518071535e-05 0.00010399320481345921 1.2008363533503624e-05 0.00016262281601999167 0.0 2.534650151697976e-05 5.779921117260777e-06 9.851129014501247e-05 4.811540711429872e-05 6.645674467764801e-06 0.00017117881569952365 2.9919494368067058e-05 0.0 4.502754744993701e-05 8.739941537992587e-05 0.0 5.1295357385999723e-05 0.0 0.0 0.0 8.803897604338078e-05 3.5108209340119787e-05 4.832163912666432e-05 0.00021936491936770777 0.00035098437590687934 0.0 0.0002780938549169287 9.206602399155935e-05 8.167076752628387e-05 4.096341997699294e-05 0.0 0.0 0.0 0.0 0.0 0.0 0.0 0.0 0.0 0.0 0.0 0.0 0.0 0.0 0.0 0.0 0.0 0.0 0.0 1.3901079193722287e-05 0.0 0.0 1.026911064566887e-05 0.0 0.00012333002287189286 4.547538972418698e-05 9.123594861633473e-06 5.774858033004413e-05 0.0 0.0 0.0 0.0 0.0 0.0 0.0 0.0 0.0 0.0 0.0 0.0 0.0 0.0 0.0 0.0 0.0 0.0 0.0 0.0 4.1413667484161155e-05 0.0 0.0 8.002678233885136e-05 0.0 0.0 0.0 0.0 0.0 0.0 0.0 0.0 0.0 0.0002913770131166273 3.450408156645503e-05 0.0 0.0 0.0 8.685304555607144e-06 0.0 0.0 0.0 0.0 0.0 0.0 0.0 0.0 0.0 0.0 0.0 0.0 0.0 0.0 0.0 0.00024844066343903136 0.00016034894255812014 0.000323788966434663
0.0293156142702648 0.046137803553842616 0.0010556499333283648 0.1640106601961022 0.008747271611567112 0.07448351275471012 0.11478316333526743 0.0002118505855357808 0.0025669038057838755 0.0 0.00340629956413383 0.25587468815331876 0.47645542660177376 0.026068828011676915 0.0007184165859421025 0.00039551687719294756 9.511654896639291e-05 0.0 0.0 0.0 1.8353658679308543e-05 0.0 0.0 0.0 2.8181162407525227e-05 0.0 0.0 0.0 0.0 0.0 0.0011406585286204683 1.7377604126931108e-05 0.0017088635539740436 9.248314092716963e-05 0.0 0.0 0.0014396342905444483 0.00012977991965572614 0.00012367399664263 0.0 2.0117056201250313e-05 0.0001200900966797527 0.0 2.79529517438504e-05 0.0 0.0 0.0012604218690503474 0.0001495423223003747 6.283851152675368e-05 2.1808946053044672e-05 3.158999228835979e-05 0.0 1.2515155764261643e-05 5.706711747476153e-05 0.00019303133551231075 0.00022685255691790165 0.0014604661990507185 0.0007842131339702965 0.000546428027414176 0.00048433832897783245 0.0 6.136411435762834e-05 0.0001050755516693503 9.171575279692e-05 0.00010354820118088226 0.00013409151026545242 5.325888577699153e-05 8.664518388434881e-05 2.5947233636495923e-05 9.250356100452348e-05 0.01030838185325732 0.0002512402733911984 8.710014689998863e-06 0.0022140331697261257 0.0005632678471362094 0.0009282221967227161 0.0003460854485319417 6.150157814025012e-05 3.719609633640377e-05 0.0003408754477260018 6.680087759480669e-06 2.0397040378795764e-05 0.00036793256585420406 1.4739800994031715e-05 0.0001287768388580348 0.00019129884846934568 7.269965827800573e-05 1.9933398578298723e-05 0.00025007784352547676 1.7631922230579183e-05 1.5401037400106765e-05 7.356299843827044e-06 0.0001387340946637713 0.00010490564270575957 3.271996954627952e-05 0.08364332467466273 0.032005262176967045 2.4011348978933758e-05 0.0034095668582056022 0.026544941917770206 4.162793373837654e-05 0.005253861994729524 0.0007658979876640356 0.0005629879738306709 0.00024671673476013117 0.002989450132969145 0.004428079492373507 0.0008765523736420914 0.0064599226975271965 0.010257774778681259 0.0005559582413829639 0.010903228148200468 0.014232905421544827 0.006594742129732298 0.0017574000444832661 3.089262858360838e-05 9.408628224647801e-06 0.0 0.0 0.0 0.0 2.405453176896713e-05 0.0 0.0 0.0 0.0 0.0 0.0 5.9709244085447365e-06 0.0 0.0 0.0 0.0 0.0 0.00016389842763781743 8.771872676019768e-05 0.0 8.415460339264289e-05 4.464692013635618e-05 0.0027394049897893993 0.0002478850944215212 0.001083087444824908 0.00040830812600474686 0.00011815257811892891 0.0 0.0 0.0 0.0 6.32567127799831e-05 0.0 0.0 1.2265292699441863e-05 8.640278425621335e-05 0.0 0.0 4.59613380176217e-05 3.312752125146442e-05 0.0 0.0 0.0 0.0 0.0 0.0 0.00021090323463200073 9.167071542058712e-06 7.79666541919086e-06 0.0006510588194754626 0.0 0.0 0.0 0.0 0.0 0.0 0.0 0.0 0.0 0.008217422919908457 0.00012757949332839314 2.7125936754312908e-05 3.947525558142419e-05 0.0 0.00023728527963374712 0.0 2.119334859677615e-05 0.0 0.0 7.854975076596066e-06 0.0 8.523170425199041e-06 0.0 0.0 0.00010727404330668486 1.6291873818117094e-05 6.767844279272089e-06 1.9493938546073742e-05 0.0 0.0 0.009708429549615472 0.0018507672480262555 0.0034276220945334487
0.005021421460540997 0.2796778555884238 0.2595699447606924 0.00020125445976205907 0.15715779112255424 8.792049471543783e-05 0.04556789348359404 0.1331867443553073 0.03306810096741469 0.00340629956413383 0.0 0.008619955187804092 0.04853575197752198 0.1545898629305107 0.0014222725262608583 0.0009245197469989341 7.952381757953247e-05 1.722976081469343e-05 0.0 9.261837506842503e-05 0.00030471073001251173 0.0 8.032641155067746e-05 8.805059054922818e-06 7.562816728287294e-05 3.313382291927119e-05 0.0 0.0 0.0 0.0 0.017423098840213803 0.007155702894853331 0.0391600507029515 0.0002515406622619436 0.0001751085509157826 0.00042944143396153904 0.006880795637223645 0.0013037332011179503 0.00022368391983482316 0.00015062092868487045 4.687239451898271e-05 7.774992222913479e-05 0.00021249273816395525 8.962307549334628e-05 4.423297074502349e-05 7.967551329614875e-05 0.0024144930925698764 0.00013226677399921463 8.761423811612873e-05 5.622123143304034e-05 1.5134732918472841e-05 7.927246437371859e-05 2.3208925294459863e-05 4.3189513439199444e-05 1.4933412695165486e-05 9.618156318550894e-05 0.0001681706618679734 0.000403647184066698 0.00015063257926390677 0.0006340960617951938 0.0002971832798630056 0.003267287768513175 0.000396355282291878 0.0007377417767629747 2.6791504872526088e-05 9.131171928862838e-05 4.111066702063774e-05 0.0001441174642765072 0.0004342869857486286 0.0004946887252497911 0.005417182890613164 1.2290217151014653e-05 0.0 0.0008658314664640835 0.0007142646807298442 0.0018480405796534945 0.0014377692626481695 0.00020269514812762816 0.0019562067283056574 0.0500547075893306 0.00016500507190838026 0.0068559622831845255 0.00010453300507303047 0.0 6.362044776188863e-05 7.998397884778944e-05 9.166766140075684e-05 0.0 0.00013351264486426235 0.0 6.937676640385193e-05 6.845263708493371e-06 0.0010052297587183475 0.00028401411294020896 8.56354592540443e-05 0.0003265492428182469 0.0001650338821850801 1.1269619637187345e-05 0.0004212043467352487 0.0003230610078913377 0.0 1.138125872997823e-05 0.0 2.82744773813346e-05 7.93790309395654e-06 1.0427846469488023e-05 0.0 2.1698534509652296e-05 0.00013148199116508558 0.00026188663001947747 0.0 0.00014699710737262612 9.564514797032482e-05 6.448657139306689e-05 9.213630358182015e-06 0.0 0.0 0.0 0.0 0.0 0.0 0.0 0.0 0.0 0.0 0.0 0.0 0.0 0.0 0.0 0.0 0.0 0.0 0.0 2.178399825999672e-05 0.0 0.0 0.00010925984105644928 0.0 9.438234286504411e-05 9.773812075575468e-05 0.0001570547129544941 0.00024975890242587913 6.146193848004934e-05 0.0 0.0 0.0 0.0 1.1827278247212958e-05 0.0 0.0 0.0 0.0 0.0 0.0 0.0 0.0 0.0 0.0 0.0 0.0 0.0 0.0 0.0 0.0 0.0 9.39374018300597e-05 0.0 0.0 0.0 0.0 0.0 0.0 0.0 0.0 0.0 0.0003830480765373896 0.0 0.0 0.0 0.0 2.5513507649840707e-05 0.0 3.265480863542501e-05 0.0 0.0 0.0 0.0 0.0 0.0 0.0 0.0 0.0 0.0 0.0 0.0 0.0 0.0003376991938951862 0.0002393809557863916 0.0003981160517759113
0.002651912198429535 0.008579742318265944 0.007508615025157583 0.07111779640550822 0.0016363893642668684 0.010891581947812711 0.015013231666228975 0.004573291468658371 0.0010022908372936045 0.25587468815331876 0.008619955187804092 0.0 0.04875233609645309 0.035883354891872506 0.0014271181883894668 0.0006919342070788666 0.00040091292387913906 1.960799984740118e-05 3.063057118947853e-05 1.1663342579312488e-05 0.00021070692009414035 4.409918695815686e-05 5.669951470432336e-05 0.0 0.0007900200839853113 3.599930410582116e-05 1.4314263621255217e-05 9.001568494100838e-05 0.0 8.078023560842682e-06 0.0013370228368717642 8.482154678939603e-05 0.014469576664948703 0.0003266561711769588 0.000684204159821264 0.0012759436641027139 0.029421712548296612 0.008209078303810957 0.001998394286642855 0.0007554090570845263 0.00013176700808296968 0.0001416800052688628 4.741456234681913e-05 8.149609743224737e-06 1.2411698919492616e-05 0.000273549419830219 0.0017181395023575022 6.289068290667828e-05 0.00014933574069636967 3.144939756513732e-05 3.4710145414101826e-05 8.074677772572855e-05 4.957681793542257e-05 0.00020213465618081018 0.0 5.870560309235207e-06 6.665056592157019e-05 4.288566366427283e-05 4.8215874658782276e-05 0.0001256860593873251 0.00012804026996281355 0.001333400173614981 0.0007204297653641891 2.813499190867059e-05 5.605252614688491e-06 2.4502950153263245e-05 6.355691651039116e-06 3.208391700044444e-05 0.0001098750921040068 0.00019233308960589566 0.03782381837447162 0.0004701118070227027 3.857473828658874e-05 0.00023351233706349976 3.3059212424390906e-05 0.000473226330078537 0.00026992349884618586 6.190474854444874e-05 0.0 0.00420870506931199 0.0 0.00018020786591599696 6.0632655123516164e-05 0.0 6.215185519324663e-06 2.652300310929812e-05 9.163983252699009e-05 0.0 3.9657679289120406e-05 0.0 1.862267236352594e-05 2.9009554544097518e-05 0.0007699899121814623 0.0002494931363896383 0.0001195179981844084 0.05910266828969647 0.021992916997105216 3.726086044218046e-05 0.005825490209745553 0.0009852736435798316 2.5421541707198314e-05 0.0016279413777941555 0.0003112901274225186 0.0009528572394668721 0.0001675978429698274 0.0016843679595683857 0.0016687879964989293 0.0008929408530515279 0.0066485461869605885 0.006480069924176563 0.00047516794347678826 0.004971297417634948 0.007397493198553948 0.003136095496512243 0.0013083447954640815 7.16799461487705e-06 1.5046193928775292e-05 0.0 0.0 0.0 0.0 0.0 1.3978310830166099e-05 0.0 0.0 0.0 0.0 9.768451917998805e-05 0.0 0.0 0.0 0.0 0.0 0.0 0.00011219759381597028 0.0004471861411391445 0.0 0.00022643785847741135 0.00014918550541341555 0.002853677999888058 0.0005803423828971438 0.0011322279315467538 0.0006136083275841522 0.00015907709740560524 0.0 0.0 0.0 7.635433648993154e-06 8.746129681351953e-05 0.0 0.0 0.0 1.8003115874776415e-05 0.0 0.0 3.083908164811319e-05 6.030099185897688e-05 0.0 1.4377261201752293e-05 0.0 0.0 0.0 7.180206450293482e-06 9.202844050312548e-05 0.0 0.0 0.0007740750278844849 1.3623609529637904e-05 0.0 0.0 8.000778131709e-06 0.0 0.0 0.0 0.0 0.0 0.00652036785164168 0.0003499873453256487 0.0 1.1327789776229626e-05 0.0 0.0003517418863492291 0.0 7.499139804765258e-05 2.0250496231846305e-05 3.658663609663971e-05 1.1715678410539394e-05 0.0 1.1820833878114829e-05 0.0 7.971224641220324e-06 7.588065626364886e-05 5.630649518938163e-05 2.5974883205294347e-05 0.0 0.0 0.0 0.006104363171274241 0.0018219522568788929 0.0033066314996564312
0.004461001090356664 0.08132583512275315 0.03250407049911405 0.06668051736511289 0.03191010421704078 0.009510673868230752 0.34310655657999556 0.013576283403896584 0.06596672366336406 0.47645542660177376 0.04853575197752198 0.04875233609645309 0.0 0.36190352793887115 0.006823931933278122 0.0032773800977222807 0.0006822523446069009 9.190669773451607e-06 5.994639718655115e-05 2.9763711240856408e-05 0.0002193441406804173 0.0001040737482869362 8.54896126989095e-05 6.309990952421008e-05 0.0002933274495924913 2.771061418281939e-05 2.1485636914662556e-05 3.577153533871027e-05 6.052257778760911e-05 1.603291553530362e-05 0.0022254801569891952 0.0005322253885625338 0.06883883840432081 0.00012164367237654593 0.00026339122681356313 0.0016519833794348628 0.11967734129717966 0.00957905970944059 0.0020783273709955082 0.0004391891374300675 1.4182154054743682e-05 0.00044738801360053477 8.094067854286154e-05 6.868412192098864e-05 6.368353976926252e-05 9.779165761197647e-05 0.010668106761772008 0.00015458890042037977 0.0005165024175796155 0.00010239765371748439 7.322683504341674e-05 3.3500069231709356e-05 2.4441158902641786e-05 9.573790327921825e-05 7.374738707378521e-05 9.654164363508675e-05 0.00019385133532758467 0.0002317367934866625 0.0002564707977196662 0.0013674784891683004 0.00014339850121941803 0.0043133936935914165 0.00041064323582671653 0.00024871912935971484 0.00012900943824952892 0.0001976664872422534 7.820432504937065e-05 0.00022028302499456893 0.00043304576938592423 0.0005575428665466087 0.049711654291258144 0.0007414820486948229 0.0 0.0009318118678653278 0.0004904309632647262 0.004431480815848122 0.0027704621094619196 0.0006852766167880296 1.0622214116124337e-05 0.011142856738471289 9.762530610139627e-06 0.0006306181114405356 0.00017187843291760474 6.066325261453045e-06 0.00017233692739233956 7.260965036683693e-05 0.00015549577773670998 4.029682935480764e-05 0.00034222200257466644 0.0 6.852854356217378e-05 4.498104910945391e-05 0.0012374103510991758 0.00029413462963301834 0.00028375209745463677 0.026015221118297894 0.004800495926960757 1.532450176401336e-05 0.00391314696777329 0.0016177046502623509 3.051188137972328e-05 0.0021174480265996262 0.0006454218426130949 0.0005706016457979763 0.000488529147081633 0.002659046176557775 0.0021923056387384604 0.001537410279660732 0.005487262606230677 0.007790331009660291 0.001197528003215237 0.007664502905725846 0.008649108836701216 0.004274395856585719 0.0027317770036624483 7.028965043662083e-05 7.781036179614892e-06 0.0 0.0 0.0 0.0 0.0 0.0 0.0 0.0 0.0 0.0 9.796925971358665e-05 0.0 0.0 0.0 0.0 0.0 0.0 0.0003661537003610602 0.00029477316114961364 0.0 0.0003793360631746468 0.0 0.006008118776020514 0.0013025009611439115 0.0025062130017408403 0.0011988703062020053 0.00035204134421340803 0.0 0.0 0.0 0.0 0.0 0.0 3.645691850084463e-05 0.0 8.053252420322687e-06 0.0 0.0 0.00011311130222720302 0.00010554973904222975 9.846028371689389e-06 0.0 0.0 0.0 1.2793589855660849e-05 6.440937370785968e-06 0.0002186434683215611 0.0 7.612855546162627e-06 0.0010131390149259309 4.7832933886719644e-05 0.0 0.0 0.0 0.0 0.0 0.0 1.295498766862508e-05 0.0 0.011281264184043781 0.0006123059119955146 3.0413950629199818e-05 5.1472426877585686e-05 0.0 0.00047996681443549796 0.0 6.861888992473248e-05 0.00014380256549601788 0.0 6.467785425156477e-05 0.0 3.039628749835596e-05 0.0 6.822275538383223e-06 0.00012610990238119977 0.0001150349824761817 0.0 0.0 0.0 0.0 0.011506011983383732 0.004297644210936614 0.006409616499870904
