0.0 0.266263598118764 0.03133356623850921 0.0706005460914613 0.009184868654748202 0.0023079675018411456 0.05888544178375109 0.006760197808359621 0.0026645776942406363 0.06215008370459114 0.006950534318155743 0.011927350189692735 0.01752421261607853 0.008926782890173996 8.128490355372152e-05 7.021032071253004e-05 0.0 0.0 0.0 0.0 0.0 0.0 0.0 0.0 1.7493665769022157e-05 0.0 0.0 1.1530863314166487e-05 0.0 0.0 0.07130582560625155 0.0003471156191785898 0.0007714633797710167 0.0 9.772463454377583e-06 2.6734682864959787e-05 0.0008361138104969512 4.2283089179964366e-05 3.29961099107454e-05 9.256326615214666e-06 0.0 0.0 0.0 7.875441591876501e-06 6.08320140607785e-06 0.0 0.0010365446076356594 2.487278335219137e-05 5.839179897870905e-06 6.263268940628027e-06 1.8488468652712422e-05 0.0 0.0 8.71492834477373e-06 0.000332091183841384 0.0001450622280194823 0.011533576511046716 0.025368168678429562 0.0012910028524704277 0.0013220299014496562 0.0 0.00010829265167589498 0.0 0.00192997986292364 0.0001652369890729137 5.201163694648811e-05 1.3559047447310299e-05 0.0 8.880084529259187e-06 2.2581102194040827e-05 0.001219027194364671 4.55028610424986e-05 0.0 0.008111970955765036 0.004648737850255537 0.0008214778955786888 3.570044622195791e-05 5.2682784479508265e-05 6.125694754682869e-05 0.0012549107114877855 6.674377782978999e-06 9.588886177034068e-05 0.0006801112817684482 0.0 5.587747052251314e-05 7.429823823802058e-05 0.0 9.564734461317655e-06 2.776832028732723e-05 0.0 1.3938950719458201e-05 0.0 1.1641411779315123e-05 1.489752426186482e-05 0.0 0.0013452840023447873 0.00029775988215697993 0.0 2.6510440571758233e-05 0.04220441186281946 0.0 0.0012998515169860942 0.00029600737543336396 0.00022122918275174912 2.6796625707369485e-05 0.0016833403156415907 0.002163084813941391 0.0016428533602438856 0.0016671935844503188 0.001904339926312545 0.0 0.0014505840739173195 0.0007363998420072802 0.00020688051475366452 2.5100081173904323e-05 0.0 0.0 0.0 0.0 0.0 0.0 0.0 0.0 0.0 0.0 0.0 0.0 1.8200450315909675e-05 0.0 0.0 0.0 0.0 0.0 0.0 0.0 0.0 0.0 0.0 0.0 2.1628094326955704e-05 1.6074080668807774e-05 1.0875552135669349e-05 0.0 2.353723455926802e-05 0.0 0.0 0.0 0.0 0.0 0.0 0.0 0.0 0.0 0.0 0.0 0.0 0.0 2.5254267709653967e-05 0.0 0.0 0.0 0.0 0.0 0.0 8.638915697708744e-06 0.0 0.0 0.0 0.0 0.0 0.0 0.0 0.0 0.0 0.0 0.0 0.00026561706973298946 0.0 0.0 0.0 0.0 3.359313073937434e-05 0.0 0.0 3.3465372322856694e-05 0.0 0.0 0.0 1.4965423414310862e-05 0.0 0.0 0.0 0.0 0.0 0.0 0.0 0.0 0.0002903237226322152 0.00011487606257306633 0.00010223663241837258
0.266263598118764 0.0 0.07451821041216058 0.07022766386975722 0.10670362709603619 0.004412475570392378 0.11783101296765022 0.018210126587594036 0.04350346514210798 0.08531960946052648 0.030307615177780967 0.011813491550883064 0.14455379972409868 0.0663398834443758 0.0020261263772672596 0.0009230359682572635 9.734999730578095e-05 1.64538326714296e-05 4.9095843225122766e-05 3.427121174879469e-05 0.0 9.591811126908587e-06 4.157498725517351e-05 1.5901807861675992e-05 0.00011583618532406762 1.5899163832641658e-05 1.4616091075848586e-05 1.2234439324286345e-05 1.5424820850930417e-05 0.0 0.13255011863074756 0.0030427886973926 0.002782923030661987 3.227981566890057e-05 3.010800720630295e-05 7.92762401443623e-05 0.002900028305295125 0.00017812886140609928 0.00041542969350228114 0.00012163552511763783 3.773617702368041e-05 1.5377300775403517e-05 1.9593257232548183e-05 6.047620669110807e-05 0.00011785349833651939 0.0001686415908519742 0.015322363276908309 0.00026874411105773204 3.9354836877248317e-05 1.9897779016688183e-05 0.00014568414282774357 1.491295491267806e-05 8.185569621708971e-06 0.0 0.002240909827573635 0.0016927683876491143 0.009285274230988554 0.04765292376075046 0.0062249798456668545 0.012553370079064697 6.95524953301857e-05 0.00011995733230169635 2.9763447102621174e-05 0.009976982676750994 0.0010746640790349248 0.0005125082541614549 6.425159963699478e-05 2.0662087133432396e-05 6.85810476499142e-06 2.450870890006901e-05 0.0030770288357146853 0.0004941882765777223 8.663984129936253e-06 0.048046288208962305 0.02496004219013016 0.01427011693999123 0.0014456005909538588 0.00045855875316000184 0.0007902341150410804 0.0031498183366214204 9.408640944259006e-05 0.0005059717229075256 0.005453404908387605 0.0 0.0005577258353671918 0.0008663959648615253 9.924917983032497e-05 1.3539835637921872e-05 0.00019706324827946215 0.0 8.031756333372325e-05 1.123296841033743e-05 2.5607820525851458e-05 3.807660184740604e-05 2.002141664266789e-05 0.002383366410766347 0.0008334942923420363 2.7490726797135722e-05 0.00021732425730497954 0.12878250949305364 0.0 0.0013106446834489944 0.00014202006570659373 0.0006541868912174296 9.38220105961942e-05 0.0019362792209479832 0.0007975992880081677 0.0017132377875443152 0.0012061720301031471 0.001592212181155817 9.95318730161484e-05 0.0019813644378409425 0.0012390704871309472 0.0005272884413759529 0.00027476414845323374 2.3681750857306617e-05 4.193563119264128e-05 0.0 0.0 1.3234815417795574e-05 0.0 0.0 0.0 0.0 0.0 0.0 0.0 0.0001866102956743582 0.0 0.0 0.0 1.038873898107283e-05 1.0767624516485913e-05 0.0 6.203327956237743e-05 4.980447488304325e-05 0.0 2.1115085463395215e-05 0.0 0.0007688621084302376 0.00016493831000177124 0.0007745749684210304 0.00016239109346413016 3.1371260757296386e-05 0.0 0.0 0.0 2.893024933680231e-05 0.00017826124890194556 0.0 0.0 0.0 0.0 0.0 6.974607801446221e-06 0.0 5.52783046804129e-05 4.82663941615823e-05 0.0 0.0 0.0 0.0 0.0 0.0 1.8742970067319795e-05 0.0 0.0008021931429815571 5.2950938983103293e-05 0.0 0.0 0.0 6.0577852278133885e-06 0.0 1.532649160194372e-05 0.0 0.0 0.0012986884426930039 3.691507792206402e-05 0.0 0.0 0.0 0.0009259973555411108 0.0 0.0006542523207934365 0.0 0.0 0.0 0.0 0.00012748488643989406 0.0 0.0 0.0 0.0 7.861547398969878e-06 0.0 0.0 0.0 0.001888942338612922 0.0005961509390196085 0.0006376970442276825
0.03133356623850921 0.07451821041216058 0.0 0.00042084212294105875 0.04467641904384309 0.00035165902025905397 0.006659865338189042 0.17221791195282343 0.05112834507043033 0.0004769117932777748 0.09155445940920036 0.004078482641717734 0.02838844033772136 0.0985282879894411 0.00287542919053952 0.0028986986664460987 0.00036161856992216097 4.023760757936559e-05 1.487388912288631e-05 0.00017813623651996642 0.0005364732435862863 0.0 0.0001489878240702653 9.273894687044055e-05 0.0007686129373828001 0.00016940159445235763 0.00025010394341258763 4.396318300757456e-05 4.492408760758225e-05 5.986189361121472e-05 0.2709546531575963 0.01338354493900747 0.008174285732266869 3.1087825133684004e-05 0.000275529000212949 0.0007935911463214386 0.004585660074321212 0.0006776403902697285 0.0007621701462893232 0.0005035506495060605 0.0001771802397756937 6.013238438860137e-05 4.881116498900499e-05 0.00012877894391441795 0.00014075582977304585 0.0002892301320543462 0.005493146379741123 0.0005268087546968071 7.7187388237611e-05 9.936602655577963e-05 0.0001733205062447336 1.6110186560248295e-05 0.00017841492425102088 1.7567196088959994e-05 0.0009818483011550783 0.0004386225528428437 0.004827043953180059 0.05060362848745577 0.0018747941085326563 0.002941851641178358 0.0005227353520908992 0.0009325355751020499 0.0002276105572584856 0.0063092997195658435 0.0002848795358661892 0.00024100120115290194 0.00015974336557112042 0.0003046396115092795 0.0004693006589591711 0.0010881423421799658 0.0033521177621587124 0.00022502425696417413 8.801894412426127e-06 0.017881938876780145 0.012422094489000488 0.005230362070669525 0.0008682053234255696 0.0005938056475936705 0.0057425018137190025 0.05017084099372025 0.0003423127815876771 0.011381901386164017 0.001487490199697239 0.0 0.00021790553856839911 0.00018155048999028277 0.0002129543194822471 0.0 0.0001100845458543868 4.3546198416352467e-05 5.029186529606112e-05 6.967725907374842e-06 0.0010892125850889137 0.0001501414796619445 3.707024799952152e-05 0.0006321418899625334 2.0852693691209292e-05 3.67752411265294e-05 0.0004550631740627526 0.07058967042630816 0.0 3.276679921905519e-05 0.0 5.642556174501204e-05 4.804459014767654e-05 0.0003593420725151374 0.00020598872931511586 5.6993108778701956e-05 0.00013803472862539167 0.00023786875121813131 0.0 0.00021599846104966266 0.00024706654406125194 4.280364239379664e-05 0.00011186114268471297 7.427180142513765e-06 1.0782525434169521e-05 0.0 0.0 0.0 0.0 1.2355639250546976e-05 0.0 0.0 0.0 9.336623493454957e-06 0.0 2.0125629175023165e-05 0.0 3.50691457481592e-05 0.0 0.00016905948479908298 6.524964757078658e-05 1.017192396364395e-05 0.0 1.9552883338080747e-05 1.4057078309482318e-05 5.614954644225159e-05 3.990716364647735e-05 0.00011937722236284464 0.00013256038010685023 0.00035290231666498643 0.00013271462402069596 6.740580514341422e-05 0.0 1.7535526277797587e-05 0.0 0.0 0.0 4.58709519613478e-05 0.0 0.0 0.0 0.0 1.2010435237120101e-05 0.0 4.1265000642062736e-05 2.0673280498785318e-05 0.0 0.0 7.928791629712989e-06 0.0 0.0 0.0 9.858083165290231e-06 3.733852363465276e-05 4.022911735987328e-05 0.0 0.0 0.0 0.0 8.278407960772124e-06 2.318825981964707e-05 0.0 2.8616007471352637e-05 0.0 0.00022514505698249232 2.9622472597968974e-05 0.0 0.0 7.717133686012178e-06 0.00022127465518269505 0.0 3.172028302220906e-05 0.0 0.0 0.0 0.0 2.2838016966144683e-05 1.7665194979211583e-05 0.0 0.0 0.0 0.0 0.0 3.739570003804924e-05 0.0 0.00033133069687400925 5.520074514306019e-05 0.0004003135644900506
0.0706005460914613 0.07022766386975722 0.00042084212294105875 0.0 0.0032577266193864764 0.03849160398078054 0.04865292457253237 2.0416701301607124e-05 1.1084196280383198e-05 0.15384020516077437 6.415891836322499e-05 0.08743106131788658 0.09425055197056088 0.002503348192512326 6.0410758568645845e-05 2.7931159324053097e-05 0.0 0.0 0.0 0.0 1.0251823252248653e-05 0.0 0.0 0.0 0.0 0.0 0.0 0.0 0.0 0.0 0.002105152451810518 8.637531958270024e-05 0.0011381111977738325 0.0 0.0 0.0 0.0014482738399285208 0.0 8.639236203639473e-05 0.0 0.0 0.0 0.0 0.0 0.0 6.5143531708455684e-06 0.0004632671719061134 7.2758381693464235e-06 0.0 0.0 7.77692224172293e-06 0.0 0.0 0.0 6.265055138146856e-05 6.403880398417639e-05 0.0012777025808160957 0.0020920013603081575 0.00015276542810137032 0.0003707984150127375 0.0 0.00010013147296121817 0.0 0.00028670996378303624 1.6633496820576915e-05 2.733947581751472e-05 6.358651041951514e-06 0.0 0.0 0.0 0.0031525024978667224 1.0170134230707078e-05 0.0 0.0013709266270327469 0.000698952450100414 0.0003479860605449668 7.637178178464834e-06 0.0 2.7675643070594542e-05 8.135710896125858e-05 0.0 2.4793638092910126e-05 0.00014904761610343644 0.0 7.663842185425242e-06 1.9065283697863976e-05 0.0 5.634893011000127e-06 6.217101597184883e-06 0.0 0.0 0.0 0.0 0.0 0.0 0.005543304281092638 5.717342669039874e-05 0.0 0.00010230947362158048 0.012662521520296422 1.2760421433332249e-05 0.00016852170076911942 0.00017287895049811683 0.0009752450194697786 0.0 0.0003325733302441646 0.0005925208140827769 0.0006341971635119561 0.002265702429962932 0.0009088054521914261 0.0 0.0006378800461592079 0.0026163256503988455 0.0001352865595057974 3.4166861856754805e-05 0.0 0.0 0.0 0.0 0.0 0.0 0.0 0.0 0.0 0.0 0.0 0.0 0.0 0.0 0.0 0.0 0.0 0.0 0.0 0.0 0.0 0.0 0.0 0.0 4.5462277920832255e-05 0.0 0.0 0.0 0.0 0.0 0.0 0.0 0.0 0.0 0.0 0.0 0.0 0.0 0.0 0.0 0.0 0.0 0.0 0.0 0.0 0.0 0.0 0.0 0.0 0.0 0.0 0.0 0.0 0.0 0.0 0.0 0.0 0.0 0.0 0.0 0.0 0.00010301174964109888 0.0 0.0 0.0 0.0 1.3326523002661879e-05 0.0 2.1983927198002173e-05 0.0 1.6225354831497905e-05 0.0 0.0 0.0 0.0 0.0 0.0 0.0 0.0 0.0 0.0 0.0 0.00015467960949206512 0.0 0.0
0.009184868654748202 0.10670362709603619 0.04467641904384309 0.0032577266193864764 0.0 0.0012455786005787365 0.04870599916884706 0.005070923888179591 0.09612876027808369 0.05034289203682893 0.032302935398408714 0.002259064879644421 0.07427709048239658 0.08146716258321707 0.0028320378515474987 0.0013685689175958297 4.4306788548384886e-05 0.0 1.6277458779368638e-05 8.550220173099216e-06 2.4104723635285105e-05 0.0 0.0 3.3332598828909405e-05 2.4306917091013408e-05 2.154978365816317e-05 3.788991264873547e-05 0.0 0.0 0.0 0.017141870112969842 0.0024595322022881202 0.001719622549097452 7.585944754839954e-06 6.321455546261862e-06 5.211582861408117e-05 0.002024454814809089 9.444985447438558e-05 0.00012832871306333254 6.431623635203744e-05 1.227529716532188e-05 5.667415379529806e-06 6.30281809741115e-06 9.689191319002762e-05 6.585290000839778e-05 7.030139250172543e-05 0.01192825797318772 0.00015742685070931731 6.363058722969944e-06 6.073484222651814e-06 6.105166552671549e-05 0.0 0.0 1.9504212223171506e-05 0.0009757829964987927 0.0006317250879379808 0.002363612398654988 0.006721716269002867 0.002028615018303282 0.005840480261719809 1.5154901536197831e-05 0.00036219322024823254 0.0 0.005154177362922494 0.00036936617949127535 0.0001548030390499993 2.5770006379604573e-05 6.1169698645732905e-06 2.3226994671126986e-05 1.5613809810058733e-05 0.0044375172626883695 0.0011828681939902335 0.0 0.01681776691061112 0.007987700379256585 0.00993170801882906 0.0020003343498698643 0.0005393279139867357 0.000626810634301586 0.0012585409059738244 6.408751103284278e-05 0.0006532007402551388 0.0020195019363947637 7.387417701494641e-06 0.00014460096144791409 0.00028190439696531026 6.3420044391623814e-06 0.0 6.0186854168676866e-05 2.2816134467192436e-05 4.836642157038281e-05 1.3272124510523959e-05 2.8077036468249657e-05 0.0 1.1102566544362181e-05 0.006594587253106506 0.0017508898836332968 0.0 0.0006690619267430844 0.00481132908315547 0.0 0.001695571894754723 0.0010005442542194718 0.0007124500241624646 0.0004924761964900562 0.005011334887111725 0.002018531437481597 0.0052184875374815315 0.003271673949626272 0.005548841310254763 0.0004136114245256163 0.006253553931194298 0.0031373473888420557 0.0015941991962152224 0.001470324751127315 0.0 0.0 0.0 0.0 0.0 0.0 0.0 0.0 0.0 0.0 0.0 0.0 4.684240427823313e-05 0.0 0.0 0.0 0.0 1.671595841789726e-05 0.0 0.00019475499412476693 0.00015775633312441336 0.0 0.0 4.003950187830172e-05 0.002798294913554134 0.000246893962339724 0.0016415151303290172 0.00023680078314784202 8.375189334190653e-05 0.0 0.0 0.0 0.0 0.00015625477616921404 5.430413125078839e-05 0.0 0.0 0.00014857346901865932 0.0 0.0 1.7906874997436348e-05 6.64270379886415e-05 0.0 0.0 0.0 0.0 5.202295550041433e-05 1.224918375625332e-05 0.0 0.00010926477456305488 0.0 0.0026034520283572562 9.726990791600933e-05 0.0 0.0 0.0 0.0 0.0 0.0 0.0 4.306664967646798e-05 0.0050857250850504885 7.629087982830374e-05 0.0 0.0 0.0 0.0035291712131497546 4.9531868650598436e-05 0.0017864493205759985 0.0 3.437001509154511e-05 0.000113918520677236 0.0 0.0 0.0 0.0 0.0 0.0 0.0 0.0 1.1626560705230152e-05 0.0 0.006680905447868139 0.0018157830132733436 0.0018015644660465218
0.0023079675018411456 0.004412475570392378 0.00035165902025905397 0.03849160398078054 0.0012455786005787365 0.0 0.009703773575548363 8.657481047214467e-05 0.00013688912045658444 0.043466281251862735 4.3258239196376e-05 0.009748184059646661 0.008986374568886346 0.0005984183492431097 4.044561071221798e-05 8.495865149215918e-06 0.0 0.0 0.0 0.0 0.0 3.733958889667931e-05 0.0 0.0 0.0 0.0 0.0 0.0 0.0 0.0 0.0021720110211866845 9.000580849371715e-06 0.0005102681506955058 8.919797706256408e-06 0.0 0.0 0.0010856625223017475 0.0 0.00022762517012653527 2.036100687590482e-05 0.0 1.213943510698968e-05 0.0 0.0 1.0047365969819766e-05 0.0 6.570497637877374e-05 0.0 0.0 1.9242013450036088e-05 2.793009753948692e-05 0.00042773431551132283 0.0 0.0 1.9141551938266123e-05 4.898263798025177e-05 0.015958727849895504 0.002877915735246517 0.00024325256869256484 5.909380549504878e-05 0.0 9.073216882417839e-05 0.0 1.2863901380703002e-05 0.0 0.0 2.2856663108646327e-05 0.0 7.295633032923475e-06 0.0 0.006660870594318603 0.014544675705577994 0.0019724209134225853 0.00034737856502612796 3.723685196667418e-05 2.4120764000816478e-05 0.0 0.0 0.0 0.00026941466800206604 1.2949941864320375e-05 3.4014725863469743e-05 0.0 3.589900689075346e-05 0.0 7.659322877928949e-05 0.0 0.0008338533876504859 0.00045102466371461616 0.0016748114928617224 0.0002749805508120321 0.0002675321007831679 5.5121654363991415e-05 1.9136605250890403e-05 0.0002403716179649491 0.016364945157971798 0.014254730370045206 0.0012293110340149654 0.0025787952115221635 0.01592026213298343 0.0 0.0005224169540807311 0.00025227048931849265 9.996581834074639e-05 4.9808620015803776e-05 0.0006884681012443635 0.0009397328626578378 0.000613541685871533 0.0008856614476915954 0.0013304336904032066 6.162327307496362e-05 0.001216703591859058 0.0004758917446113782 0.00012462725787982365 7.601648096503841e-05 0.0 0.0 0.0 1.6897068031404848e-05 0.0 0.0 0.0 0.0 0.0 0.0 0.0 0.0 0.0 0.0 0.0 0.0 1.0959440071317955e-05 7.712293061177737e-06 0.0 0.0 0.0 0.0 0.0 0.0 8.162826625188274e-05 0.0 3.985184246818805e-05 2.0801267268533896e-05 1.934402359082398e-05 0.0 0.0 0.0 0.0 0.0 0.0 0.0 0.0 0.0 0.0 0.0 1.1805136409281775e-05 0.0 0.0 1.5192314952737308e-05 0.0 2.9103733459296163e-05 0.0 0.0 0.0 0.0 0.0 6.609074091037456e-05 0.0 0.0 0.0 0.0 8.169422034482872e-06 0.0 1.9685925176053215e-05 0.0 0.0 0.00011223073065025128 0.0 0.0 1.4431484875939388e-05 0.0 3.8883124594306654e-05 0.0 3.708291406934096e-05 0.0 0.0 0.0 0.0 0.0 0.0 0.0 0.0 1.2611699726553372e-05 2.7216635109536375e-05 1.0705848592173947e-05 8.988768496073015e-06 0.0 0.0005330564643205882 4.691620757880997e-05 7.026926830240808e-05
0.05888544178375109 0.11783101296765022 0.006659865338189042 0.04865292457253237 0.04870599916884706 0.009703773575548363 0.0 0.0007037078325283934 0.03271874711353609 0.1753177145878232 0.010947240403699479 0.018736882822786457 0.17257421127997144 0.0639970722219958 0.0015888099643349939 0.0009920844016498432 4.689299668999655e-05 0.0 0.0 7.015230913906813e-06 8.531496946892723e-06 0.0 0.0 0.0 4.07860436500178e-05 0.0 1.4899038695855769e-05 0.0 5.314032842975083e-05 1.4879241513971808e-05 0.009041466024404907 0.0008454453029976308 0.001954049767327821 0.0 0.0 9.062689450725695e-06 0.0033181082490083363 9.733388391358177e-05 0.00019583995016853828 5.4248426972281695e-05 0.0 1.640274356241006e-05 0.0 5.0498218953544873e-05 2.7753288385303027e-05 4.2710751313251226e-05 0.005874020419725797 6.109893812297944e-05 2.517484541269662e-05 6.708043076816809e-06 6.0857695685184505e-05 0.0 1.62822362303397e-05 0.0 0.0006700923846075206 0.00040357834396299473 0.0026298681648404057 0.007241236247059446 0.001628011930895242 0.0034230810620016787 0.0 0.00030601520731539557 0.0 0.002704741599365775 0.000215276130516193 0.00010450802027695977 1.8766826025031778e-05 6.440839079056124e-06 5.7141257863673305e-06 2.4559289720297876e-05 0.005083025636309826 0.0007834061784039485 0.0 0.011598953567549255 0.004903361656398923 0.005242993598875105 0.0008816575531431308 0.000256463091731372 0.00031181632698909826 0.0008960685841767536 8.042208999666523e-06 0.0002757831040379209 0.0012600231068050298 0.0 0.00015367151575484232 0.00018400936860215567 8.409316956384599e-06 7.37534511824495e-06 3.45252297964107e-05 0.0 4.6571020952684945e-05 7.768467955987776e-06 3.083492045296299e-05 6.75253080690145e-06 9.124760379592344e-06 0.010004693702401276 0.000958312759539434 0.0 0.0005005761724818052 0.01181628744814623 7.600970281520139e-05 0.002347289699854941 0.0011792008613866008 0.0012381227881866931 0.001089043027598754 0.007822613981604979 0.003549873527544742 0.007987364267063297 0.004494949846533235 0.008003431028257605 0.0005941988961995633 0.009581289800477698 0.0041682809240702464 0.0011140191825174674 0.0016584532399272804 8.095165678777543e-05 4.531473970973249e-05 0.0 0.0 0.0 0.0 0.0 2.3148707185403576e-05 0.0 0.0 0.0 0.0 5.5454828682846486e-05 0.0 0.0 5.807763593569442e-05 4.3533899798178754e-05 0.0 0.0 0.0003778072143636908 9.88777105587267e-05 0.0 0.0 0.0 0.0017501954533439491 0.0004584586857604071 0.0015536996541497092 0.00015060511554317775 9.061835618289617e-05 0.0 0.0 0.0 0.0 1.2946717099404323e-05 6.899547862607157e-05 0.0 0.0 0.0 0.0 0.0 0.0 0.00011416811655441542 0.0 0.0 0.0 0.0 7.914989357675472e-05 2.3764013659809173e-05 2.8504631370636034e-05 6.271676280648191e-05 0.0 0.0029827711572918566 8.343683485284668e-05 0.0 0.0 0.0 0.0 0.0 0.0 1.3482352638436148e-05 8.976067072073158e-06 0.005437812894719566 1.743713733240788e-05 0.0 0.0 0.0 0.002567713235600226 0.0 0.0017625495433859011 0.00017027843724369825 0.0 0.0 0.0 0.0003207157004114507 0.0 0.0 0.0 0.0 0.0 0.0 1.3450289294675255e-05 0.0 0.00648095763693889 0.00134625223105591 0.0011264756744940765
0.006760197808359621 0.018210126587594036 0.17221791195282343 2.0416701301607124e-05 0.005070923888179591 8.657481047214467e-05 0.0007037078325283934 0.0 0.02138816169257585 0.00018453606764761438 0.040659643221765275 0.0019059968718456285 0.009832939973460545 0.05461883002613137 0.0056043379664105115 0.005415718991098646 0.0007194176156080385 0.00012164584448128451 7.275779863927561e-05 0.0005536702002654654 0.0013903227116827638 6.577955051639917e-05 0.0003998850648683914 0.0003332194041287667 0.00149752980281636 0.00021399512742789658 0.000618639156508448 0.00011072303018173235 0.00010103811005342849 0.00015058899171859757 0.07097103580130507 0.07670803110811118 0.010164742278293691 0.00021542009563676302 0.0008186040516209151 0.00200987491482246 0.005055240932547544 0.0015608304955519094 0.002058542162795764 0.0012944476838293506 0.0007118661858065199 0.0001340454585365116 0.0003093351080126577 0.00026345517203244515 0.00033187565200683153 0.000896892148218195 0.011945726492281655 0.0010787805528853934 0.00023504432834755312 0.00029009413200496525 0.0004477669400087619 0.0001755838942057406 0.00024104035272004955 5.767548734956237e-05 0.0005869420878525127 0.0004913005395861955 0.0021522038815949525 0.016509864462370086 0.0017979306150109039 0.0050574360678143 0.001926916486943343 0.0035543860087863303 0.0005995228596261159 0.016715000035035593 0.00038809534635923483 0.00040626564593458685 0.0001884513286861791 0.0007536313739157606 0.001280322592770383 0.00304928417664729 0.0028638247621308125 0.0004416771604068184 9.120656976356244e-06 0.017613435480165807 0.012470763116945978 0.013008354177996954 0.003371070295579437 0.006663046633111741 0.10549722619514008 0.0890875501271209 0.0018891549969060563 0.06942735582964275 0.002033697870855957 0.0 0.0004794701243583338 0.00028901503780022356 0.0006544505006803216 1.9764669368238496e-05 8.819296145734515e-05 3.276392277975283e-05 0.00017979513812450774 8.797702913527342e-05 0.002456492328144155 0.000432819874107742 0.00017706583248868824 0.0006349288003089516 0.00014187608493745196 2.903098904540185e-05 0.0009046528411523735 0.008851702660933247 0.0 0.0 8.364128865781527e-05 0.0 0.0 0.00024440491791829843 1.3677158809186025e-05 0.00016623757845065891 0.0001338904437856173 0.00014610678466741024 4.111172346219973e-05 7.267959577175452e-05 8.045688662427659e-05 0.000139896216638683 0.00022530542238574191 4.1507489749400154e-05 3.6718626332982606e-05 3.1545769571445805e-05 3.133481117685601e-05 0.0 0.0 0.0 1.2864523846109156e-05 0.0 0.0 2.2510088396257104e-05 1.3965010227891033e-05 0.00017735505460635562 1.027858926471324e-05 0.00013680853958574727 8.351655447266566e-06 0.0001314343401871193 0.0001165249676381986 0.00012193834584408037 0.0 0.0 8.649391315241387e-05 1.3469861600788651e-05 6.316317888354185e-05 0.00018895307927179307 0.00026947957306113396 0.00019064323513098258 0.0001293772664723785 0.00016517527458373494 0.0 9.154738985861674e-06 0.0 0.0 2.2982466033282807e-05 0.0001294756096312067 1.1471311805337596e-05 0.0 0.0 7.895805599800703e-06 0.0 1.0750794767450647e-05 0.00019107033797272673 2.2044672055314558e-05 0.0 0.0 0.0 0.0 0.0 0.0 4.2749956201457756e-05 8.051431688228012e-05 0.0004455339966337138 1.816266828857102e-05 0.0 0.0 0.0 8.190564993529861e-06 2.6684976626013876e-05 0.0 9.461661376810136e-06 1.566143594812691e-05 0.00045954921443442076 8.582573305224243e-05 4.463480231605152e-05 3.0397803104931275e-05 9.614043864077728e-05 0.00016121958053387655 0.0 0.00021007013645521784 2.891754965153264e-05 7.68532825389536e-06 2.001857092093212e-05 0.0 5.708367517699032e-05 1.0934648097189831e-05 0.0 0.0 0.0 0.0 8.172308906166347e-06 0.0 1.0358897734488091e-05 0.00035221173418553746 0.0002827074648553337 0.0003884517124408713
0.0026645776942406363 0.04350346514210798 0.05112834507043033 1.1084196280383198e-05 0.09612876027808369 0.00013688912045658444 0.03271874711353609 0.02138816169257585 0.0 0.0032977330164216364 0.10394891360699235 0.0007443519714531101 0.02380014028097054 0.04026691367899448 0.00095750219134697 0.0007766418311867115 4.2625589467953906e-05 0.0 6.330992481325408e-06 9.173438449422314e-06 1.677636132493997e-05 0.0 7.396605731367774e-06 0.0 2.9358828940050007e-05 7.798229800560746e-06 3.1887322831061364e-05 0.0 0.0 0.0 0.006709747649647114 0.0010631929202378433 0.0025572346941029923 0.0 0.0 8.89557081943834e-06 0.0013391884153840265 2.6415242196257604e-05 0.000230091132325181 1.5888104929089697e-05 0.0 0.0 1.5633549034269868e-05 0.0 2.908049764868342e-05 2.6258699101530845e-05 0.003005464666074037 2.400818469881201e-05 2.2162162110937588e-05 0.0 9.835494741882961e-06 0.0 1.2333869189480007e-05 0.0 0.0001368347973094212 0.00017439721433208508 0.00039878930899186555 0.0014941354137588286 0.0003182958933851368 0.0014437501954595695 1.6702246212083318e-05 0.00012506172714178392 0.0 0.001198520339323406 8.982866376460759e-05 3.147339492750412e-05 0.0 5.5795532862555135e-06 0.0 3.045086277482691e-05 0.0016551216932152407 0.00038414988763439754 0.0 0.0035245984866459938 0.0015606605862586757 0.002569579987329364 0.0006538674847437544 0.0001535464407785765 0.00028099736460177114 0.0037802450869107397 5.754915237348934e-06 0.00030740094571425614 0.0004858902586383495 0.0 2.1970977715162617e-05 6.405188908797036e-05 0.0 0.0 4.715720079861175e-05 0.0 2.213834034825257e-05 5.7030460180531515e-06 3.2466888547365247e-05 5.772255013905068e-06 2.1867130316146145e-05 0.001885639716257083 0.0002704884753078926 0.0 0.00016405780660381497 0.0018367910723593684 0.0 0.000234659046603367 0.00013740677984381248 0.00013856659285865267 0.0002636555925629617 0.0019123224296359732 0.000664190875869139 0.002032223413169841 0.0008258031532518633 0.0019168109656650333 9.490634997032666e-05 0.0016902927337684186 0.000626339775735165 0.00031065163046074573 0.0004042726166074725 5.66820951556287e-05 0.0 0.0 0.0 0.0 0.0 0.0 1.1551424378178303e-05 0.0 0.0 0.0 0.0 6.0062399919087045e-05 0.0 0.0 0.0 0.0 0.0 0.0 5.508927920795071e-05 0.00011189304490614341 0.0 1.4153584789658636e-05 0.0 0.000682932900646815 3.5685042231674166e-05 0.0008913176401473587 5.611397897759163e-05 1.9378193116415383e-05 0.0 0.0 0.0 0.0 0.0 1.0305962673589038e-05 0.0 0.0 2.839754181940166e-05 0.0 0.0 0.0 0.0 0.0 0.0 0.0 0.0 7.701139686619069e-05 0.0 0.0 0.0 0.0 0.000809696272597273 9.593663454132113e-06 0.0 0.0 0.0 0.0 6.4847489711426884e-06 0.0 0.0 0.0 0.0015699469071287317 0.0 0.0 0.0 0.0 0.0011011967631819365 3.1248261824871235e-05 0.0008509288517171563 0.0 8.550788737869642e-06 0.0 1.161306699984276e-05 0.00010706706365731778 0.0 0.0 0.0 0.0 0.0 0.0 0.0 0.0 0.001387960026000057 0.0002932144090897123 0.0007171826634200501
0.06215008370459114 0.08531960946052648 0.0004769117932777748 0.15384020516077437 0.05034289203682893 0.043466281251862735 0.1753177145878232 0.00018453606764761438 0.0032977330164216364 0.0 0.0005465265206591576 0.16441658024718064 0.31337173120274797 0.020875567923027298 0.0004405945562854102 0.0002566972760837702 4.255118224842621e-05 0.0 1.4101174825275387e-05 1.4620467459723683e-05 0.0 2.4013144716452474e-05 0.0 2.0557901841183346e-05 2.698588243094625e-05 0.0 3.49546770260206e-05 0.0 0.0 0.0 0.0009818071848228225 9.580984227920953e-05 0.010946052921691629 0.0 0.0 3.143991915525646e-05 0.018192320048340226 0.00021908364534309015 0.0005890438196928962 0.0002080914765739273 0.0 0.0 0.0 0.0 6.613810855722192e-06 0.0 0.0007930828331885312 8.13410088993242e-06 0.0 0.0 0.0 1.9716103736293812e-05 2.941163417576193e-05 3.835897104983842e-05 1.535100422008882e-05 4.126813905004627e-05 0.0023164995215662464 0.001026408141017097 0.0002540034793753611 0.0004640371442262229 0.0 0.0007196726954402206 0.0 0.0002468070501727073 4.161177820630684e-05 2.1955912197688187e-05 1.348159860911268e-05 0.0 0.0 1.8810909210560093e-05 0.05137566834727659 0.0008662867981072964 6.390529616651439e-05 0.0011858261664079983 0.0006379133944245754 0.0005775319804052581 2.6210940819968614e-05 1.6093045578509957e-05 3.998572759030014e-05 0.0007484513472105184 0.0 5.559363325222807e-05 0.00018943459103805621 0.0 0.0 2.0338213861912463e-05 1.3636392541273547e-05 1.9022007283141404e-05 1.2802977434181589e-05 2.5709910068651112e-05 0.0 0.0 2.5384807514890533e-05 0.0 0.0 0.03933589214840781 0.0031965476144772183 0.0 0.001364562551732196 0.01073193259467847 0.0002412899735190282 0.004557519519721005 0.0017864427725181229 0.005979450243458792 0.0011397150987060153 0.010319713727851499 0.00831395921409142 0.00813977071751029 0.010257216624625032 0.014235534573202636 0.0004558928062725392 0.010276073657131202 0.012655638198147988 0.004334400232355006 0.0012087700152438768 2.4156229459972274e-05 0.0 0.0 0.0 0.0 0.0 0.0 0.0 0.0 0.0 0.0 0.0 9.958790939212043e-05 0.0 1.1043541291202554e-05 8.604501011161295e-06 0.0 0.0 0.0 0.0002991531846117211 0.0002167024033522748 0.0 1.9625107871649804e-05 0.0 0.0011409000189847235 0.00018755505848290716 0.0006187945618940571 0.00010425454007654758 2.5651796489685044e-05 0.0 0.0 0.0 0.0 0.0 2.9392138373776666e-05 0.0 0.0 4.779371456508117e-05 0.0 0.0 0.0 0.0 0.0 0.0 8.214571061614462e-06 0.0 4.3912827063116265e-05 2.3859551087695835e-05 1.138538375960551e-05 0.0 0.0 0.0011400113986146877 3.0733486411442996e-05 0.0 0.0 0.0 0.0 0.0 9.545698843254633e-06 0.0 1.2597697152798569e-05 0.003552522176385173 0.0 0.0 0.0 0.0 0.0012756193641338728 9.028790935212433e-05 0.0008240388521418272 2.512496645988569e-05 1.4201236429102858e-05 0.0 0.0 3.187892940088267e-05 0.0 0.0 0.0 0.0 0.0 0.0 0.0 0.0 0.0067678418220660196 0.0007086908216924818 0.00045832485511850744
0.006950534318155743 0.030307615177780967 0.09155445940920036 6.415891836322499e-05 0.032302935398408714 4.3258239196376e-05 0.010947240403699479 0.040659643221765275 0.10394891360699235 0.0005465265206591576 0.0 0.00553328171694975 0.05654541542986869 0.20259991175417413 0.0044749925942505755 0.003798811971135632 0.0004372146699763497 5.451540435554163e-05 3.486339890750993e-05 5.019099344396753e-05 0.0002551635033561304 7.250154690294889e-05 8.35110826887741e-05 9.870821044666294e-05 0.0008046981425707352 0.00017082311360011422 0.0002532476690126067 6.98708718960148e-05 0.00013398612668726276 4.6809278570329326e-05 0.023064526496276307 0.009685200474783485 0.04968222387178242 7.519120137648107e-06 0.00024088022436368175 0.0012442788203635982 0.014894845831474213 0.0034526864220171694 0.003546766927311629 0.0013765472398527395 0.0002800189104184317 0.00012394763867376647 5.13452523750208e-05 0.00013557624180738704 0.00015525026885278577 0.00013164106709201602 0.009412665383643335 8.361981997664693e-05 5.6579018593660806e-05 9.163379895303332e-06 0.00012259062989332576 0.00019200553486737565 0.0002829140613554666 7.971223427269468e-05 0.0003994609885763223 0.00031705580261808837 0.0012222830361848886 0.005183280382922839 0.0010619722441320382 0.003578992443596012 0.00013746502208881225 0.005658129316571394 0.00015639443967130695 0.0038675949317261388 0.0002223950668328179 0.00015384766535070946 4.386286870829356e-05 9.753882688130895e-05 0.00015627707190637354 0.0005991240604138964 0.00662839958671943 0.0004979047810505573 1.583050891214196e-05 0.010354746905067902 0.005323947350832753 0.007847887366653011 0.0016042703584463512 0.0008263983182758086 0.007224406819689266 0.08118217315496656 2.3756968325100426e-05 0.004368899436258434 0.0009109836035417373 0.0 8.65166140137064e-05 0.0001237742333737077 6.047453693055395e-05 6.317378803555269e-06 6.411768553604627e-05 5.206943175825363e-05 4.8056621580978524e-05 0.0 0.00044457701576815646 8.783916000273122e-05 6.279164411977332e-05 0.0019123525131456301 0.0003983598003271225 2.58145143948747e-05 0.001456087757132385 0.005336239268519912 0.0 9.675545706554889e-05 0.00019125751749330942 0.0 3.3329206566318886e-05 0.00022262313085496562 0.00024765339447745333 0.0004385494322836528 0.0004448832438261844 0.0004118071071199541 3.4680495504028365e-05 0.0009690218543408626 0.0002737318863664425 0.00015356314939607557 0.0002693642969886129 1.5190113720323372e-05 2.065824859676112e-05 2.4297259024413648e-05 9.666500600302947e-06 0.0 0.0 9.10978063947369e-06 0.0 8.306718545217521e-06 0.0 0.0 0.0 0.00027706370200208426 0.0 0.0001392164421060627 1.1649063351281635e-05 7.339464334405687e-05 5.806752753797681e-05 4.856982460274298e-05 0.0 1.2867849457375926e-05 2.0531590216873724e-05 7.316227712385526e-06 2.8428469192775157e-05 0.0005052239362049973 0.00019798074721913682 0.0005593185162734921 0.00013533101709789218 0.00015923282628399905 0.0 2.382185020109914e-05 1.1931223326515114e-05 0.0 2.434059745384615e-05 0.00010669676223282697 0.0 0.0 0.0 0.0 0.0 1.0520713238711855e-05 7.125287260455487e-05 8.269643079868295e-05 0.0 0.0 0.0 0.0 0.0 0.0 5.69362465058922e-05 1.794565853336144e-05 0.0004129378503048349 0.0 0.0 0.0 0.0 0.0 0.0 8.66829965825489e-06 1.9306228812797303e-05 1.5672752763322943e-05 0.0011349445638240525 2.751871919395731e-05 0.0 0.0 0.0 0.0007642167829863413 0.0 0.0004541435260525694 5.648605100898726e-05 2.205209237616649e-05 1.1432338747822363e-05 0.0 1.8809992899752704e-05 1.985636941860734e-05 0.0 0.0 0.0 0.0 7.099845059195927e-06 0.0 0.0 0.0008113738481639985 0.00036582927889160797 0.0003558909475325226
0.011927350189692735 0.011813491550883064 0.004078482641717734 0.08743106131788658 0.002259064879644421 0.009748184059646661 0.018736882822786457 0.0019059968718456285 0.0007443519714531101 0.16441658024718064 0.00553328171694975 0.0 0.06434939296355197 0.010491901891279586 0.0020876700721391256 0.0016077837114231261 0.0001478350303091811 1.4440811424650575e-05 8.869355984442332e-06 0.0 7.5365636584386e-06 1.9249362482950446e-05 8.456608099103842e-06 8.07958590287212e-06 0.00012499921805291073 1.4215822057046285e-05 8.69358125880305e-05 0.0 7.813255327240927e-06 9.423372219834252e-06 0.0016327098865426782 0.00035739935972126384 0.013819634542752991 4.0145047437132004e-05 0.0 0.00015681975046180716 0.023108313383055103 0.0007101282902122235 0.0023713959008313072 0.0004073698717454195 5.733674561665562e-05 8.195267099526253e-06 7.089344867610009e-06 2.145503213632003e-05 1.987295516584e-05 1.575203074567495e-05 0.0027605996697164636 0.0 8.274622745159846e-06 2.233532572750071e-05 2.3493267289085352e-05 7.689951537456705e-06 5.457976519206164e-05 3.9750710386143475e-05 6.78787420719827e-05 3.945021723984162e-05 0.00036995691596943973 0.0005657629719113326 0.0002627187073613033 0.0006152280912897139 2.8983561122574732e-05 0.0011748338753481454 2.2103150767619436e-05 0.00035664911445425413 2.0517919161007483e-05 1.2722501466732262e-05 1.3449429782387245e-05 1.562895414996821e-05 3.8349851410019217e-05 7.309804495336893e-05 0.017722653809188586 0.0003825673991644405 1.0117558507379547e-05 0.0011020104865901092 0.0003584475642251194 0.0014763761036330212 0.00041333601430096014 0.00020388649556128568 0.00015281802642819027 0.0012835221808733558 0.0 0.0003315005690743326 0.00024107328832678645 0.0 1.9900074720108826e-05 2.8794555935298037e-05 7.807994509278494e-06 0.0 9.119902947032775e-06 7.572906596760978e-06 1.55587117688098e-05 0.0 5.633403498808495e-05 0.0 2.930112512183081e-05 0.026718736081364422 0.001814079704499883 2.099173183001236e-05 0.0018702500015277367 0.0014935711975525953 0.0 0.00039398944578872237 0.0003766451444770707 0.00033984532929726304 0.00036982005993701854 0.0027205188156181775 0.0006057247838475177 0.0017381585053693942 0.001808256756227864 0.0027636898574957863 0.00035869616323032616 0.003943534975793946 0.0016661401347770725 0.0005893427914502864 0.000589445313936902 8.676136115197716e-06 0.0 0.0 0.0 0.0 0.0 7.926724279523282e-06 0.0 0.0 0.0 0.0 0.0 6.008010772686562e-05 0.0 2.8922278997635255e-05 0.0 5.455599906874254e-05 4.179962713801066e-05 0.0 6.647739045563943e-05 0.00010244730218375168 9.731190636404614e-06 0.0 0.0 0.0008640695699552351 4.906308438928796e-05 0.0005069316752629689 9.59631501766391e-05 4.7785354170776e-05 0.0 0.0 0.0 0.0 1.3942673340783822e-05 6.954893267203707e-05 0.0 0.0 0.0 0.0 0.0 0.0 6.326860562914286e-05 2.000116855008933e-05 0.0 0.0 0.0 0.0 7.437158135467519e-06 0.0 1.4033000373883414e-05 0.0 0.001027808443019985 0.0 0.0 0.0 0.0 0.0 0.0 0.0 0.0 0.0 0.0028199764077625243 3.6501907525290616e-05 0.0 0.0 0.0 0.0009777085080349488 1.9361176743673614e-05 0.0009152068626656585 3.8224362615969456e-05 0.0 0.0 0.0 0.0 0.0 0.0 0.0 0.0 0.0 0.0 0.0 0.0 0.003068387720523294 0.0005856963062215694 0.0004634492673796358
