0.0 0.1987242124378936 0.09489619063373884 0.026619527309920923 0.007553691953921336 0.019133438379435062 0.03302712373799004 0.027813385471158008 0.002996504514859829 0.03599939208953885 0.018500857558342937 0.0019244801581701156 0.005473071383163141 0.0060474353161949265 0.0006690362646727799 0.00013078318656210578 1.7198643117624798e-05 2.8282915920823938e-05 0.0 2.9880797628822016e-05 2.0881309681828628e-05 0.00028831048467203255 2.414279225563522e-05 0.0 8.355227992019377e-05 7.769977690511064e-06 0.0 0.0 0.0 0.0 0.11171541678879332 0.016424358661814836 0.000627144339550783 8.791224549869629e-06 2.3200738676749276e-05 7.014231201683984e-05 0.00040963279358820253 0.00019545715893587117 0.00013100387744005847 6.146511709829071e-05 7.571131517101314e-05 5.4176152822894555e-05 6.437382900948271e-05 8.175455507807538e-06 3.35561534096392e-05 8.65512903809906e-06 0.0038304053379911163 0.0005976854570561529 3.883117261144386e-05 9.8204305345384e-05 0.0001340254492834115 0.00030483964946117684 0.0 1.9592597069344197e-05 0.0008219941739263247 0.0004826043669935851 0.01060872345803081 0.08156715670648365 0.0018131126770436965 0.00258235174844101 3.531995370333227e-05 0.00017569840174810121 3.021249603343984e-05 0.0018577878839697616 0.0008233204236052316 0.000625703571938612 0.00035068916430538516 0.00026705420360772857 0.00041884281952917423 0.0003731295749643222 0.0012339453001210354 0.0013981540644875644 0.00021547931640307955 0.008295085669176454 0.005386560728536777 0.010231993952262814 0.0031818171223732313 0.0005589212793404387 0.00011161448794449859 0.0018541776431876484 4.809085218355025e-05 0.00022494002909983338 0.002438523273707279 8.106733882149086e-05 0.0003005719166578059 0.0006928084907363948 0.00018088743595232165 1.2007658978431807e-05 0.00010680514188388553 0.0001435653932251322 1.4673513328943141e-05 6.993151481700413e-06 0.0009133278994325382 0.0001357876334678574 0.0 0.015779748760605675 0.0036716712926118194 0.0010055235171425605 0.0004437996471253594 0.08483386985092399 2.4830776965948466e-05 0.0076617492682465385 0.0007463341520598622 0.001957490318005347 7.632507602224076e-05 0.0011098824096384395 0.014520058400967354 0.0003771045262424962 0.001615124893285879 0.006199062055440196 0.0003659730877916571 0.0006468527401097141 0.0023223816742981213 0.0022502413924050525 0.0003196206487826621 0.0 0.0 0.0 0.0 0.0 0.0 0.0 0.0 0.0 0.0 1.1240057487166844e-05 0.0 3.107300646057034e-05 0.0 0.0 0.0 0.0 3.836102947833287e-05 0.0 7.125102448905889e-05 1.4380149245127373e-05 0.0 0.0 0.0 0.0001409981326662222 2.9496758623260023e-05 0.00032789868828132996 7.184876105090625e-05 4.329481202361621e-05 0.0 0.0 0.0 0.0 0.0 0.0 0.0 0.0 0.0 0.0 0.0 0.0 0.0 0.0 0.0 0.0 7.109928695109168e-05 1.8091554276928127e-05 3.469285553253387e-05 0.0 0.0 0.00014510632295525365 0.0 0.0 0.0 0.0 0.0 0.0 0.0 0.0 0.0 0.0 0.00018130860161503205 0.0001786999957581887 3.5215472142318935e-05 0.0 0.0 0.00013929848844047225 3.3039467770242374e-05 0.0 8.064899627712114e-06 1.4839447624084027e-05 9.222791829447814e-06 1.9600047274063213e-05 1.4474748910108115e-05 0.0 2.9079319372029684e-05 0.0 0.0 0.0 1.674474616981745e-05 0.0 0.0 0.0007223432636004966 0.00025553635926147826 9.161097038941311e-05
0.1987242124378936 0.0 0.18991511870815395 0.028319002206171662 0.2112713500989316 0.01374892897398016 0.25578106034363596 0.0666507335305874 0.15625307775322078 0.08402576186300778 0.11028850656394538 0.015112558191531754 0.1483755119626966 0.12819482372052046 0.0023612824646282006 0.0005732361597652048 0.00013244375092293342 0.00013695045778104608 1.5931324806778133e-05 7.556996746782934e-05 4.3890353844959005e-05 2.8730960445472564e-05 0.0 8.909353037450048e-06 3.508341723094641e-05 1.806410005653368e-05 1.4234212420059469e-05 4.145676168842769e-05 0.0 1.9333397103003762e-05 0.2783247480303668 0.01141536327975209 0.001796452028774274 8.682862101158266e-06 4.4841554248721374e-05 0.00012846078651822894 0.0009230933217058503 0.00016545459280994118 9.073514587076918e-05 1.8707446376316453e-05 9.110382365648007e-05 0.0002682627299718473 8.401583294074887e-05 7.219812996392282e-05 3.488979111004182e-05 5.2955326617194794e-05 0.01036176485747725 0.0013710527613772273 0.00027281218288681945 0.00011079525343191528 0.0003455640937283956 4.251283573479068e-05 8.415711387878759e-05 2.768396384059992e-05 0.0007636297132948588 0.0007168235488328408 0.00895737040411847 0.06166385910105556 0.0020560515079244912 0.005055035110150745 0.00010401992585429051 0.00039123311423935295 8.541396118938034e-05 0.019705377126173002 0.0010428624324692094 0.0013295983410507998 0.0004115370926204404 0.0005825949836140795 0.0004380273794506604 0.000399130814961529 0.0007733175616697466 0.00035842899556921034 2.9458968896582565e-05 0.013471216095259366 0.018568000265558274 0.03173121502500143 0.02367525892688089 0.0013604437830962743 0.00034790970709683365 0.0029179387868228236 1.5373735043053784e-05 0.00039198386604076747 0.003694515005002515 9.975642936483111e-05 0.0009775067932006238 0.0011180408753805047 0.0003806483501055773 1.4992143438251267e-05 0.00014156954674234028 9.712940287354725e-06 0.00010186330562933648 2.7833019645239617e-05 0.0010449501510644374 0.0004315730023984155 2.619982833933586e-05 0.006129823145874281 0.0008358938707144679 0.00018704851830413688 0.0002483080157741371 0.07498827412786281 4.346406493920388e-05 0.0005463389164660928 0.00031189663234893844 0.0002686589909263211 0.00021880697698142896 0.0003927231322735471 0.0022664811296357 0.00019392922353575167 0.0007915522289988418 0.0016715875971971023 0.0003702814426038896 0.000452415266907015 0.0010806368790922853 0.001235506210957224 0.00028339062789598104 0.0 0.0 0.0 0.0 0.0 0.0 2.1370384006371986e-05 0.0 0.0 0.0 0.0 0.0 3.094665538718072e-05 0.0 0.0 0.0 0.0 0.0 9.025275657001735e-06 5.881044460046035e-05 0.00019771966999004801 0.0 1.996090633763659e-05 0.0 0.00016129649099303812 4.6829966890800445e-05 0.00029558984131213906 7.81645251526748e-05 3.108093122146764e-05 0.0 0.0 0.0 0.0 0.0 0.0 0.0 0.0 0.0 0.0 0.0 0.0 3.0295333905361718e-05 1.6341940922005046e-05 2.510245088689532e-05 0.0 3.116404728149403e-05 0.0 4.7452060948518814e-05 0.0 0.0 4.340083180120743e-05 8.819530156775931e-05 1.0430383481535406e-05 0.0 0.0 8.18614513118359e-06 7.295179324931125e-06 0.0 0.0 0.0 0.0 0.0003751671313351043 0.0 1.4781524278802448e-05 0.0 0.0 0.00018916723687261136 1.5478234277193748e-05 0.0 0.0 0.0 0.0 0.0 0.0 0.0 2.7923269102825994e-05 0.0 0.0 1.5048488638779945e-05 7.20534289485992e-06 0.0 0.0 0.000539326090867081 0.00016550190835187744 0.00010232802049432809
0.09489619063373884 0.18991511870815395 0.0 0.0016113983495847112 0.10079717302440332 0.00042748404047116803 0.038559353420668824 0.20379680097459738 0.08146963379246322 0.004500196112295684 0.1625816804003073 0.005218158507590784 0.020654781608406725 0.07286186575354583 0.0010442022230359236 0.0005928180482289259 0.00015379242578418946 0.0003462719103050396 0.00010430494036760939 0.0004350166615253051 0.00030090702793954586 0.0 5.485334907123461e-05 0.0001570861343225832 0.0 0.0 7.458506506612526e-06 0.0 0.0 0.0 0.21592785124440805 0.09299202972745861 0.003294436845324352 0.00011689401772095785 9.751432684456174e-05 0.00010116767172798945 0.0017065842289032838 0.00014476400496520603 2.0095307847490728e-05 8.172051794528777e-06 0.0003267075601285477 0.000507393837935215 0.0004864222310129021 0.00019553826876874384 0.00035123823824031016 0.00019968076586938425 0.0029518866559205895 0.0003318742234272434 0.00016645758398404115 0.0004671035811522388 0.0004547357287980037 6.569826424738799e-06 0.0 0.0 0.00015868546719064648 0.0001318651157381824 0.0019376857756374956 0.0164979386424232 0.00037283024063650334 0.0011142432556004729 0.0004080417625077382 0.000999441278536047 0.00019806048314609018 0.04153920733737724 0.00014628888160529642 0.00031325618998051915 0.00018977412156845566 0.00042026105325031925 0.0021871566844536474 0.0019451364797859773 0.0008983035051564099 1.1692211995599578e-05 0.0 0.002412702608554233 0.008130453744702148 0.006423170741972017 0.015946554337617092 0.007372217260916704 0.001844045278367837 0.021214640389514105 0.00020879778076309202 0.0025348889998327954 0.0006104306928473696 2.559381617229939e-05 0.00022746839896173234 0.00017803233514351112 0.0004021234964793081 0.0 6.159738801454439e-05 0.0 2.5418451627695595e-05 0.0 0.004500591945822315 0.0008600198951002835 7.702644910782396e-05 0.00019214509652818197 6.075469209906674e-05 0.0 2.1969247720962808e-05 0.011453347704720127 0.0 0.0 4.482381370237632e-05 1.1082232538912612e-05 1.8815352596536412e-05 0.00013989600965199877 3.44234267532305e-05 8.154968295758571e-05 1.083575656919253e-05 0.0002265917686794257 0.0 0.00013339737450872622 0.0003371491189171616 0.00023005495137477024 8.244836799281826e-05 8.758031145238989e-06 0.0 0.0 0.0 0.0 0.0 0.0 0.0 0.0 0.0 2.142815418455602e-05 0.0 1.6992428494070757e-05 0.0 0.0 0.0 0.0 0.0 0.0 0.0 0.0 0.0 0.0 1.608205824932811e-05 5.668920990240054e-05 4.40505404465805e-05 0.0002255022819507496 3.6698553801587074e-05 2.024098350302052e-05 0.0 0.0 0.0 0.0 0.0 0.0 0.0 9.620700966620756e-06 0.0 0.0 0.0 0.0 0.0 2.1555849724690753e-05 0.0 0.0 0.0 0.0 2.045613091025058e-05 0.0 0.0 0.0 1.1887534082101337e-05 3.587876160367426e-05 0.0 0.0 0.0 0.0 1.0554488104161035e-05 0.0 0.0 0.0 8.540870507060564e-05 3.854049811567855e-05 1.1604042730474715e-05 0.0 0.0 0.00018360156477552955 2.9434149935738172e-05 1.203414379510205e-05 0.0 1.5811131836182093e-05 0.0 0.0 2.845754343059083e-05 0.0 0.0 0.0 0.0 0.0 0.0 1.488628533704078e-05 0.0 6.53924504276949e-05 0.0001272419272660681 1.3105551569785875e-05
0.026619527309920923 0.028319002206171662 0.0016113983495847112 0.0 0.0022383652915267662 0.013256701136575552 0.03702208218616538 0.00014638963151834773 0.0004576336280284934 0.08279839032060032 0.00021718536288259472 0.01481817237255468 0.07487855046286421 0.009177127713556773 0.00021996841689969754 2.7452410535366218e-05 0.0 0.0 0.0 0.0 0.0 3.3982702175811955e-05 0.0 0.0 0.0 0.0 0.0 0.0 0.0 0.0 0.010597755499274188 0.00013538550503533925 0.00021915967695153706 0.0 0.0 0.0 0.00014723228292372868 2.5874240254613652e-05 8.738778761093942e-05 0.0 0.0 0.0 0.0 0.0 0.0 0.0 0.0014610389005041975 0.00016782649986345763 2.7813714045346572e-05 2.5323093981950096e-05 0.0 3.646524627489433e-05 1.9566774667642824e-05 7.908419146202993e-06 0.00017256054073145886 0.00015405917937576775 0.0016953290059097794 0.009162545647530667 0.00032771269695113376 0.0007840715021355611 0.0 0.0 0.0 0.0008924276945600904 0.0002368970447520387 0.00012748353068931762 6.743231805070542e-05 0.00010871095753221326 3.531134819977922e-05 9.394077154599057e-06 0.0003815434815332348 0.0002350482759928233 8.592619843734592e-06 0.0023318689536315764 0.0022765224451253042 0.004757010093955399 0.0019008478443590655 2.193346683968007e-05 0.0 1.4817059045432723e-05 0.0 1.7445116469103903e-05 0.0006398070582045982 4.516063535003893e-05 6.616586375938336e-05 0.00020204552512501526 5.0933361216910084e-05 0.0 3.108804498222026e-05 5.637216841080926e-05 0.0 0.0 0.0 7.571683900492842e-06 0.0 0.007321138219462343 0.0006832212541623466 6.40477918964318e-05 0.00018200019426142073 0.014840231284556365 0.0 0.0006726366157041382 0.00015601399409498419 0.0005477732229140764 2.9007400219569933e-05 0.00046365488256601596 0.002402148346927917 9.305963527095104e-05 0.0002557630302018376 0.0007763812662470087 0.0001760396187678152 0.0007630130200137295 0.0014055984220199007 0.001665154633428742 0.00010125025301229497 1.305999155842916e-05 0.0 0.0 0.0 0.0 0.0 0.0 0.0 0.0 0.0 0.0 0.0 4.4930266798850345e-05 0.0 0.0 0.0 0.0 0.0 0.0 6.044700492794984e-05 5.472104542696863e-05 0.0 0.0 0.0 5.2973455972325926e-05 0.0 0.00023875065332971233 0.0 5.5744043889545264e-05 0.0 0.0 0.0 0.0 0.0 0.0 0.0 0.0 0.0 0.0 0.0 1.0294823400045992e-05 0.0 0.0 1.4086056635757906e-05 0.0 0.0 0.0 0.0 0.0 0.0 0.0 0.0 0.0 0.0 0.0 0.0 0.0 0.0 0.0 0.0 0.0 6.593500036064885e-05 4.92055519183387e-05 0.0 0.0 0.0 0.0001554378429663664 0.0 0.0 0.0 0.0 0.0 0.0 0.0 0.0 0.0 0.0 1.3140206607445646e-05 0.0 0.0 0.0 0.0 0.00037506607770609884 0.0 0.0
0.007553691953921336 0.2112713500989316 0.10079717302440332 0.0022383652915267662 0.0 0.001212185160834474 0.1251767135831748 0.035155008134534045 0.15146444677475143 0.026476876770678212 0.08949683773875038 0.004723596134595342 0.11370332731181673 0.21057160455579943 0.001037860610350044 0.00026597623713938063 7.750706127750812e-06 8.865514519540084e-06 0.0 2.7426804138546002e-05 0.0 0.0 0.0 8.13151029657749e-06 0.0 0.0 0.0 0.0 1.143993138561871e-05 0.0 0.013190486504805051 0.002239589360423925 0.00021679414007833383 0.0 0.0 3.693487099629054e-05 0.0001485709037912835 1.70625227325649e-05 7.6208315565574295e-06 0.0 1.8804581807689864e-05 1.168805030155604e-05 1.642340290829001e-05 0.0 0.0 8.815466188577114e-06 0.00335035409436425 0.0003234426869326672 7.427162758324799e-05 4.933193899254184e-05 5.429736952571521e-05 0.0 0.0 0.0 9.598436754416182e-05 7.89262853483052e-05 0.0012149927608607995 0.00396415101840702 0.0003272198477776522 0.0011204933254177205 7.736458969438208e-06 2.8175852774200715e-05 1.2281672297697564e-05 0.004139493007519299 0.00014130071819478234 0.00015967508831716333 3.731689722909635e-05 0.00015055143552800167 5.5599023448821634e-05 3.0729717103117836e-05 0.00034535707006837766 1.681197016163325e-05 0.0 0.002264513242693812 0.0038238832892278467 0.006874247141896825 0.008103575079786495 0.0005118996100812965 0.0001249651553078135 0.0002245702091064934 0.0 7.603695234775379e-05 0.000487200982283396 0.0 0.00021396238088789273 0.0001973858475374322 5.311621359827942e-05 7.34353889045963e-06 2.4964554679888243e-05 0.0 2.138039223253204e-05 0.0 7.954381973935053e-05 3.923905790132481e-05 0.0 0.0010848643656043758 5.335781636696866e-05 0.0 3.886911026873689e-05 0.0005711510345376713 2.4042780031981004e-05 0.0002390277627189413 0.0003176434035929386 0.0002282274846241979 8.019688496966465e-05 0.0004121980453017179 0.0016363908755875878 0.0003113523740137427 0.0005818889880240396 0.0008563638351009557 0.0003075299758556022 0.0007351018700938566 0.0015379692588588006 0.00188464939744329 0.00036914703406009666 0.0 0.0 0.0 0.0 0.0 0.0 0.0 0.0 0.0 0.0 0.0 0.0 0.0 0.0 0.0 0.0 0.0 0.0 0.0 5.001725767897347e-05 8.972950569135397e-05 0.0 0.0 0.0 0.0002378211686166685 3.616199440400376e-05 0.0003641179167786764 3.747105336717223e-05 4.554871233775798e-05 0.0 0.0 0.0 0.0 0.0 0.0 0.0 0.0 0.0 0.0 0.0 0.0 1.5178824020386453e-05 0.0 0.0 0.0 2.1708225458897736e-05 2.885783058513719e-05 7.531289678596887e-06 0.0 0.0 1.6721016397222262e-05 5.342877920690913e-05 0.0 0.0 0.0 0.0 0.0 0.0 0.0 0.0 0.0 0.0004157090207134179 0.0 0.0 0.0 0.0 0.0003962153846439729 1.1250410012016252e-05 1.0004698080327015e-05 0.0 0.0 0.0 0.0 0.0 0.0 6.44549336058734e-06 0.0 0.0 0.0 0.0 0.0 0.0 0.0005773454902981847 5.4261762757457884e-05 5.8637122283823815e-05
0.019133438379435062 0.01374892897398016 0.00042748404047116803 0.013256701136575552 0.001212185160834474 0.0 0.012275900698983443 0.00031970991247251806 0.0004887118618071876 0.05428742918268914 0.00034723475009909485 0.016736474249802517 0.030852184002262428 0.004741201804874365 3.8391864502397476e-05 2.683156014211509e-05 9.772596908167489e-06 0.0 0.0 2.9816074057145623e-05 0.0 0.00042086752230040736 0.0 0.0 1.201310230143684e-05 0.0 0.0 1.7441188453068168e-05 1.1717493730537831e-05 0.0 0.015051719091270736 0.0 0.0005820179678113768 0.0 0.0 3.8707875716161675e-05 0.0011123954431537773 0.0002966228303277491 0.0005152055019495475 0.0 1.093733842831645e-05 2.2801932137479177e-05 0.0 0.0 0.0 0.0 0.0014550728450322132 7.453466392718974e-05 1.4933538041193439e-05 6.0334694171835115e-05 1.8927966414044988e-05 0.000870061496632715 0.00040733765074208605 4.7502937298192864e-05 9.579782834703974e-05 0.00015285998573163521 0.004300910865764013 0.011236804966177363 0.00033246690678399236 0.0010970381532823415 0.0 0.000168263364499106 0.0 0.00019803090029577603 0.00017432059824966576 0.0001085060913027658 7.389359482250252e-05 6.106779117429687e-05 1.4949418327319605e-05 0.0 0.003225538088463191 0.005062919739959369 0.0005147409690523042 0.0022014310030890947 0.0016792018824966404 0.0036316895706554777 0.0007694728377707384 6.0692436219517445e-05 0.0 0.00011544439259953924 0.0 2.3337399728572308e-05 0.00043398609241892427 9.831828064820406e-05 9.333036400690277e-05 0.00017660658576162258 0.0 9.974547333543491e-05 2.5561973125456072e-05 0.0003699832609566639 0.0 9.495088237188538e-06 1.0906761955548985e-05 2.3744839917486038e-05 3.877964693800585e-05 0.02259910450842608 0.011362671237557168 0.004303629442324093 0.0018844777370551184 0.022440598538673435 0.0 0.001497686210093253 0.0001527749531192088 0.0005177950502848309 0.00010471100008896442 0.0003432478458962702 0.005187446512051764 0.0003205202646025643 0.00029175442460526764 0.0016362790341511698 0.0002405968823951736 0.00028759321231807604 0.0009899347636406458 0.001120154745621237 9.773817663026124e-05 0.0 0.0 0.0 0.0 0.0 0.0 0.0 0.0 0.0 0.0 0.0 0.0 4.122862649679816e-05 0.0 0.0 0.0 0.0 0.0 0.0 3.876226312699482e-05 0.0 0.0 0.0 0.0 0.0 1.0339171820387527e-05 5.239448434360849e-05 0.0 0.0 0.0 0.0 0.0 0.0 0.0 0.0 0.0 0.0 0.0 0.0 0.0 0.0 0.0 1.673883745447756e-05 0.0 0.0 1.2777543575834517e-05 0.0 0.0 6.89172920436445e-05 0.0 0.0 0.0 0.0 0.0 1.6676405498222122e-05 0.0 0.0 0.0 0.0 0.0 0.0 5.402455274257898e-05 3.0146503924006865e-05 1.2337507595794675e-05 2.1261999302612266e-05 0.0 0.00010310006186774109 0.0 2.8922482809746784e-05 1.426686188512574e-05 0.0 0.0 0.0 0.0 0.0 0.0 0.0 1.1371980177369696e-05 0.0 0.0 0.0 0.0 0.0005056273100889772 2.5604043021581578e-05 4.846213839184107e-05
0.03302712373799004 0.25578106034363596 0.038559353420668824 0.03702208218616538 0.1251767135831748 0.012275900698983443 0.0 0.002156545662687283 0.13518357418786026 0.14762327524685406 0.016790811586122292 0.022736013199372396 0.37001715452737105 0.23473886971609545 0.0014328624239340827 0.0004876697652403159 3.6815718121925266e-05 5.901306765194506e-05 6.9154355437028304e-06 0.0 2.0294037574632725e-05 2.125956237481672e-05 9.478506917038998e-06 7.002744716664555e-06 0.0 0.0 0.0 9.626307275127029e-06 0.0 6.6153851269750305e-06 0.01739185912511644 0.0016349684919544838 0.00033401890512787223 7.164651502612318e-06 1.4144073583154647e-05 0.0 0.00044471980828226045 5.831899291310382e-05 3.318548706990127e-05 1.1739835180851427e-05 9.479753854307463e-06 2.1018559837872987e-05 5.7456721064351565e-05 1.2826926219027396e-05 7.95618240734747e-06 0.0 0.006241668183028596 0.0006522716336172517 0.0001542847807646853 7.005719496614168e-05 8.890129846691971e-05 1.2718156633843072e-05 0.0 7.117862881674012e-06 0.0002487217299230079 0.00028136150880676863 0.002831516680451968 0.011675539318476516 0.0008813661245244605 0.002491988334534059 4.572228338728796e-05 2.8507293936641903e-05 3.214526843637509e-05 0.005624620092936056 0.0003405853893679954 0.00036356446121746524 0.00022363402464205246 0.00022147152286600873 0.00014750444645573953 3.135596107279531e-05 0.0009241910120380879 0.00011911940669990799 1.4025889457953319e-05 0.0056294749446795245 0.007380670791944664 0.013901378453562692 0.012710439910519605 0.0005510555584681973 0.0001004015744161696 0.00030277624712452445 7.093754773256687e-06 0.0001387903061932301 0.0012029051061110327 3.78323614590743e-05 0.00040944370749716356 0.0003347041135209024 0.00011891066678292525 0.0 9.341526047079805e-05 5.0894568703935884e-05 1.3122990363857569e-05 1.2562503516484784e-05 0.0001247051345229247 6.536632103723819e-05 7.87410186163012e-06 0.00726981788811909 0.0006274493155333614 5.616447644478018e-05 0.0001341185342959832 0.004344049377310188 8.780406239949227e-05 0.0016073697786948725 0.0024403573934081908 0.0019364637823508777 0.0002465188283613062 0.002596619628167318 0.006575425487263146 0.0011531971497487426 0.00418895678083641 0.005075271829848322 0.001031826313045061 0.002869822801489511 0.007135795131041969 0.006989541132915859 0.0011540806967691682 0.0 0.0 0.0 0.0 0.0 0.0 0.0 0.0 0.0 0.0 0.0 0.0 1.0852248869148627e-05 0.0 0.0 9.718479830715906e-06 0.0 0.0 0.0 0.00019285631681810467 0.00031742444271771575 0.0 1.7421484880545608e-05 0.0 0.0007424802721721342 0.00016333598551670852 0.0012233572167122532 2.8023628897970785e-05 3.815764779152314e-05 0.0 0.0 0.0 1.025368756139142e-05 0.0 1.4941977941004282e-05 0.0 0.0 1.8592231336390593e-05 0.0 0.0 0.0 4.849820924331275e-05 1.3250067999120153e-05 1.460728426870114e-05 2.2186572850131037e-05 7.918603449069197e-06 3.9647500221975036e-05 5.967724796979508e-05 4.9482199188034026e-05 0.0 3.19183683999296e-05 0.00017868358266002235 0.00013232614477442928 0.0 0.0 1.5075505612930115e-05 0.0 8.563895121902824e-06 0.0 0.0 0.0 0.0014254631394202797 8.613530883542791e-05 1.3247394775075828e-05 6.289427215713883e-06 0.0 0.0006478429922323081 6.830898171558461e-05 0.00013244357091886583 7.061690485050256e-06 1.740992403748224e-05 2.295406306615419e-05 1.3057696670206972e-05 2.4654071881961034e-05 0.0 1.0917148517531178e-05 0.0 1.4597477647096833e-05 1.6149446535765633e-05 2.129282123547195e-05 8.576374967551455e-06 0.0 0.0022674013156658906 0.0002458196847079206 0.00010926365118529816
0.027813385471158008 0.0666507335305874 0.20379680097459738 0.00014638963151834773 0.035155008134534045 0.00031970991247251806 0.002156545662687283 0.0 0.021513118652678933 0.0003374458081670267 0.19286574838061546 0.008831535485519893 0.024719548699967946 0.15145442190116068 0.002845292310581979 0.003042439917826705 0.001038329282031722 0.0033757455205085125 0.002053842050941926 0.006284038825368365 0.003221234338482289 0.0 0.0014174254472437496 0.001086743884949384 0.00015953090702267502 0.0005189367768121733 5.45473781570825e-05 1.8399238175243797e-05 7.098335844049778e-05 4.761511321489693e-05 0.10336250173940416 0.2565952045902468 0.015911869194767937 0.002989717223884589 0.0024609644763841135 0.0016681159516923386 0.006525503472681875 0.001777152015552933 0.00024798948843078757 0.00010765235622874074 0.0017458188875051955 0.0029000670351855946 0.004215683393370616 0.005939123777870373 0.008976921964187758 0.005020151697075738 0.007181357440559716 0.0009406020967771101 0.001560346122190823 0.0034603298481866826 0.0023855025309936677 3.766370877523213e-05 4.023372372365698e-05 8.621459375433495e-05 0.00012332912975604498 0.00019459968501372153 0.0013856098775304406 0.010215784582045652 0.000261886063621118 0.0014491479646724984 0.013579557895867768 0.01217569473793308 0.006664126358073646 0.042230932176789554 0.00028835551710783107 0.0011809610563412974 0.000578389262539286 0.0014009631700024542 0.011835161644655931 0.012576841327464092 0.0019888515901799776 0.00019643753898083624 0.0 0.00277811737216557 0.00944005733734148 0.009163720696411014 0.04356970461889679 0.024777144713416313 0.1251402438636353 0.1383351785739764 0.0052117489391147334 0.07425940434288889 0.0009547944179959916 7.682459712830893e-06 0.0007553953192188283 0.00020676040832373898 0.002085081710404788 6.317052276332513e-06 7.826861201385984e-05 9.651018888091093e-06 3.5487684766348186e-05 4.8648813082934036e-05 0.024811712277608495 0.003961434866338092 0.0003392852860981115 0.00023337010723418165 0.00013926566551694086 0.0 0.00017989511476479043 0.003582100580617884 0.00010215431918730919 4.704381565050261e-05 2.266428335424505e-05 5.196418101986516e-05 0.0 4.966600952349087e-05 0.0003961349346078282 1.3703538173647168e-05 3.613002764527396e-05 4.683706494210715e-05 0.00014670074138499058 8.612699722942527e-05 0.0003465655813776108 0.0003841607308581254 0.00027405701639865866 1.826071489952113e-05 0.0 0.0 0.0 0.0 0.0 0.0 0.0 0.0 0.0 2.8942920798865258e-05 0.0 3.9157658098263206e-05 0.0 1.006507864477176e-05 4.9673711079344316e-05 0.0 0.0 1.067119946880905e-05 5.086159326786714e-05 0.00012503834234346963 0.0 0.00012445972810464648 2.4981600737812373e-05 5.47354503343005e-05 0.00016696913067094736 0.0004993538397429383 0.00017300548525878278 0.00013652237079829545 3.928134118409047e-05 2.7661954252331004e-05 0.0 0.0 0.0 1.0711940607635347e-05 1.0333727842822246e-05 0.0 0.0 0.0 0.0 4.011154481727483e-05 1.7917275647772316e-05 0.00010454970858964785 0.0 0.0 6.45329833695964e-06 0.0 0.0 0.0 0.0 0.0002928542730226365 0.0001030328391850458 8.182745607090401e-05 0.0 0.0 0.0 3.583396350044379e-05 1.6147647149649617e-05 0.0 7.721273826293208e-06 0.0 0.0002661204773442911 6.86331225676031e-05 8.818864665373915e-06 8.414072827215158e-06 6.830312732874515e-05 0.0003061741439809414 8.34248789321697e-05 0.0001295371453866128 0.0 6.959418588515094e-05 3.532768275071604e-05 0.0 0.0 0.0 7.5468511938832885e-06 0.0 0.0 0.0 4.476172342656924e-05 1.1031995040038573e-05 4.7828434399040885e-05 9.272084208782775e-05 0.0005113103481109529 0.000420421554695419
0.002996504514859829 0.15625307775322078 0.08146963379246322 0.0004576336280284934 0.15146444677475143 0.0004887118618071876 0.13518357418786026 0.021513118652678933 0.0 0.002904992286192633 0.04731340405806771 0.004552467946449532 0.03779365808215072 0.09818625367935385 0.00049707530112658 0.00032503626490704846 1.52618981885571e-05 1.9019598957430988e-05 0.0 2.021853535938684e-05 1.5058667705164183e-05 0.0 0.0 2.143059307603231e-05 0.0 9.025073397885752e-06 0.0 0.0 0.0 0.0 0.004003143843835036 0.001450882090477443 0.001455793799287553 1.1349789275912659e-05 8.880321719599094e-05 1.3471796355062648e-05 0.0015219907978595941 6.031714933900359e-05 0.0 3.574000530450405e-05 5.135462179085608e-05 0.00011657435537014192 0.0 0.0 0.0 0.0 0.0014731545383590372 0.00012781274438324194 9.255568802849995e-05 0.0 5.457344405519536e-05 0.0 0.0 0.0 0.0 2.229737942680064e-05 0.0001236831866295428 0.0006408960566313308 0.00014076555955612528 0.00030620121528359193 1.1632144310952377e-05 8.898466587808047e-05 4.253891079674699e-05 0.0006766159630089238 5.1641241285897935e-05 3.452741281213766e-05 3.268919883688767e-05 7.712508086391953e-05 8.586192913048019e-05 9.388916797988328e-05 0.0004879241103333124 0.0 0.0 0.000642314548903773 0.0009053176398759141 0.00176094968905858 0.002738660284173692 0.00041133051275226915 8.283190887803311e-06 0.0004941541492979144 9.703390253366808e-06 6.3803877220954e-05 0.0001360490811940823 0.0 2.884177749510611e-05 7.08533385569298e-06 3.813176451571889e-05 7.788718404911881e-06 0.0 0.0 6.16958378028916e-06 0.0 0.00023666529507873117 0.00012078900726493057 0.0 0.0008994751247956233 3.766893412967527e-05 0.0 1.5561076731037345e-05 0.00022335353019451178 3.5229500677509405e-05 0.00021372903539670568 0.00015449718425536454 5.5439831124213684e-05 4.810739881200675e-05 0.00018269570510544156 0.0006161866292439329 8.38468366127776e-05 0.00023648697584917734 0.00036097055874742594 0.0002369424764695872 0.000284354238762006 0.0009943033497775864 0.0008634569143680385 0.0002611888404474939 0.0 0.0 0.0 0.0 0.0 0.0 0.0 0.0 0.0 0.0 0.0 0.0 1.6744392052724403e-05 0.0 0.0 0.0 0.0 0.0 0.0 0.0 3.60217934903708e-05 0.0 0.0 0.0 0.0001758629922310573 0.00010946641693091652 0.00022011607980013397 0.0 0.0 0.0 0.0 0.0 0.0 0.0 0.0 0.0 0.0 0.0 0.0 0.0 0.0 0.0 0.0 0.0 0.0 0.0 0.0 0.0 0.0 0.0 0.0 6.843643637754885e-05 0.0 0.0 0.0 0.0 1.0032951518781723e-05 0.0 0.0 0.0 0.0 0.0002648237948062524 5.0266427818665744e-05 1.1107740751695957e-05 0.0 1.0538715820475446e-05 0.00026759341070150666 0.0 0.0001274209102197113 0.0 0.0 0.0 0.0 0.0 0.0 0.0 0.0 0.0 1.016801871640596e-05 0.0 0.0 0.0 0.00038199699229049706 8.46127964669458e-05 2.060499296505749e-05
0.03599939208953885 0.08402576186300778 0.004500196112295684 0.08279839032060032 0.026476876770678212 0.05428742918268914 0.14762327524685406 0.0003374458081670267 0.002904992286192633 0.0 0.0009014543644304162 0.08921549873634307 0.4969186889233307 0.044070729147738436 0.0013181866971407686 0.0003836961999245629 6.449292820990783e-05 3.1693282804485806e-05 0.0 0.0 2.7922013656274328e-05 0.00011938273497771949 0.0 0.0 0.0 3.07396755826992e-05 0.0 2.366800305389872e-05 9.527947816093752e-06 0.0 0.011401506528661677 0.0005717810127735517 0.0012895248471297403 1.2651572147387537e-05 0.0 5.9600354814026615e-05 0.0035298681876462126 6.473335866119664e-05 0.00019577404464212397 1.1845609498350435e-05 2.273168800468872e-05 5.178144285409113e-05 2.086078136339622e-05 3.0975264251848966e-05 0.0 0.0 0.00599861124787895 0.0006880322457874178 0.00020502097010783872 5.933597793070122e-05 7.851253585318109e-05 0.00010372990068228911 3.05166014508911e-05 0.0 0.0002928547973253935 0.00032061421298010034 0.003434595962012799 0.011975920058377852 0.0011826422190585038 0.002637164364228141 0.0 0.0001363232293527588 0.0 0.003991193765212317 0.0003007203584849349 0.00043242839874634475 0.00021780313356988887 0.00023608864059328425 6.533822403868225e-05 3.289719713711184e-05 0.01576869879461408 0.0008342459681670372 4.35507012242328e-05 0.00553579674081234 0.007394767891666331 0.014821243774760429 0.01069018846772955 0.00018418753692607702 3.99779903083789e-05 0.00021920220700351542 4.241561651970579e-05 4.885193032740441e-05 0.0013342720439007718 7.34732663423467e-05 0.0002765424372900219 0.00031249965252109086 0.00010732991330600022 1.6181820430968388e-05 8.859309746600975e-05 9.628310491303628e-05 1.5346117837158103e-05 0.0 0.00016896892546114262 3.835579496004628e-05 6.872829824560024e-05 0.028629820327458127 0.008669235634835334 0.0006189895517827403 0.0008119190556365011 0.011604999281908496 6.011931897763947e-05 0.004625368719345915 0.002231728097106958 0.001478184482350048 0.0007287277630736888 0.005317649735980941 0.019193908970786912 0.003134660276604903 0.0068146742779585665 0.010525486418906972 0.003128784460117541 0.00971315574698719 0.014430132598549297 0.014233980298595936 0.0018965524446032196 0.0 0.0 0.0 0.0 0.0 0.0 0.0 0.0 0.0 0.0 0.0 0.0 0.00014252102926156865 0.0 1.0157126179353676e-05 0.0 0.0 0.0 0.0 0.0005636933691409747 0.0007838438094266579 0.0 1.2582955905928673e-05 0.0 0.0008890762976635437 0.0004882793526154156 0.0021857619507544518 0.000122739869094822 5.766452037826098e-05 0.0 0.0 0.0 2.1454978063433657e-05 0.0 0.0 0.0 1.0101405429299596e-05 9.184987047884696e-06 0.0 0.0 4.239784455446894e-05 1.181606657621127e-05 0.0 0.0 1.1447147257769688e-05 1.7012713970651927e-05 7.901830211855556e-05 5.2410030149448986e-05 0.0 0.0 0.0002818312245120391 0.0005485729993142293 0.00020496493844166777 3.60092782984689e-05 1.930703207085852e-05 0.0 0.0 0.0 0.0 0.0 0.0 0.0019175280103058997 0.00045294424976975186 0.00011555497335292393 4.3872365220280745e-05 0.0 0.0021097084445780784 0.00016106139782599455 0.00011221491802175789 0.0 4.706165634456529e-05 9.792742963416282e-06 0.0 1.8683734276847903e-05 0.0 1.1554013381758876e-05 0.0 0.0 0.0 0.0 0.0 0.0 0.004543242591362162 0.0004451611965837684 0.00020705865019050737
0.018500857558342937 0.11028850656394538 0.1625816804003073 0.00021718536288259472 0.08949683773875038 0.00034723475009909485 0.016790811586122292 0.19286574838061546 0.04731340405806771 0.0009014543644304162 0.0 0.028003628291245117 0.0693107101146764 0.18942752013812253 0.0017277500805059334 0.0022623913298713376 0.0002250216416349749 0.00011067863043290046 3.8941068040251146e-05 0.0005165446013006421 0.0007854024927943293 3.515330331928235e-05 0.0002642261583921227 0.00028421979470573584 1.880801628530018e-05 0.0003962530284037157 0.00010387831239964687 8.281035159089412e-05 0.0 0.0 0.037810169910911746 0.03035855365236466 0.04415212675867777 0.00015577283708182235 0.0006733224266198747 0.0008119920809957764 0.01617929042536044 0.0012140021664031968 5.738918353817797e-05 5.721058808420034e-06 0.001122697958945833 0.002140611500361839 0.00018528370278750244 8.305977111804009e-05 0.0002610119658324028 0.00024081912719915008 0.005033851848554673 0.00019735377015802085 0.00013285016279770083 0.00019862469509582248 0.0006140189521873049 1.0458858815913473e-05 6.823052874275013e-06 5.2421712086157846e-05 7.882395009033825e-05 3.908798408744695e-05 0.0006804631768551073 0.003444353030788253 0.00026797448585827514 0.0010035464984306827 0.0005650354585232726 0.008351712293300943 0.0015983369971955303 0.005217153635210537 7.941096953727921e-05 0.00026240989444015927 0.00029312188736093823 0.0003867501567906429 0.0015058482726438688 0.0019299797399737273 0.00595035190926986 8.99154924396285e-05 0.0 0.0016387774519907757 0.0020075963792183234 0.005438535755619918 0.009886342794166982 0.0032646926374002867 0.0028109322871524085 0.010332853692014152 4.3559111014272334e-05 0.0024066571385604136 0.00034927505104098813 0.0 0.00016738448972971617 0.00016515012411155345 0.0002318362879920116 0.0 1.4668816859178698e-05 0.0 2.0915769660535106e-05 2.900428582191986e-05 0.005175884916898677 0.00214840452904597 0.0002865518573679629 0.0006347903638220853 0.00028320868633002625 0.0 3.1783540116795124e-05 0.002057816805852027 1.5173197420512557e-05 0.00017071152193022952 1.2012983171472088e-05 0.0 1.1270829673447839e-05 8.760307051214039e-05 0.00024323815800845084 7.457037149772494e-05 9.576457341374597e-05 0.00039855947157791755 8.236278947714674e-05 8.558709433810581e-05 0.0005435534517036044 0.0005095760684843507 5.227535699709279e-05 8.487545905698715e-06 0.0 0.0 0.0 0.0 0.0 0.0 0.0 0.0 0.0 9.297034016220323e-05 0.0 2.9542046337554446e-05 0.0 0.0 2.9305434590740315e-05 0.0 0.0 0.0 4.819149605784177e-05 7.194197435728613e-05 7.89539012450804e-06 4.4618546882058355e-05 2.7946441844651907e-05 0.0002452048916151851 8.717813981889554e-05 0.0004438547709164692 0.00010980696629917956 0.00012664592594343268 4.427156449569839e-05 0.0 9.763603904948855e-06 1.0678384576628474e-05 1.773697637347456e-05 0.0 0.0 8.695343255927389e-06 1.726502665408485e-05 0.0 0.0 3.982377329620016e-05 9.311620236740305e-06 9.30169180147423e-05 0.0 0.0 9.489868119227356e-06 0.0 1.938360645578722e-05 0.0 0.0 0.00016032334187510977 0.00013864636577691223 5.888400997193858e-05 0.0 0.0 0.0 0.0 1.563370411768317e-05 0.0 0.0 1.0953657269807375e-05 0.0005037105456114161 0.0 0.0 1.0432508838653893e-05 1.114758645210583e-05 0.0002466247650097462 0.00023405223166661325 0.00016050379104370387 4.491877272093206e-05 0.0 1.5337604626599722e-05 0.0 1.9826086563785314e-05 0.0 0.0 0.0 0.0 0.0 0.0 0.0 0.0 8.865860454630052e-05 0.0002317300083540028 0.00017844097972327734
0.0019244801581701156 0.015112558191531754 0.005218158507590784 0.01481817237255468 0.004723596134595342 0.016736474249802517 0.022736013199372396 0.008831535485519893 0.004552467946449532 0.08921549873634307 0.028003628291245117 0.0 0.07477067335028383 0.04326173869020796 0.002206950811458866 0.0035074084982243525 0.00039474202778627844 0.00019470074911569088 0.0 0.00048392782104568174 0.000884663236776133 0.00014379527609261825 0.0002913667272624912 0.00020304569710813614 0.002857690929886013 0.005293434713656728 0.00021520977373029344 0.0015650046739347832 0.0005400567365414218 8.967768350212458e-05 0.0023008197653092348 0.0006747555620595782 0.008066974308776365 0.00010819278407737748 0.00247714519977211 0.005463836318983643 0.018964971300077987 0.0070422273187602585 0.0006267216193074887 0.0005606409105632977 0.003411397783975732 0.0030685389262150435 6.571820215247859e-05 0.0001011290042360222 3.72388481199336e-05 0.0002722932776336287 0.004490392623416709 0.00010922511002345843 0.00011469501472008077 3.0450393991137202e-05 0.00012220875105656298 0.00022124476945105834 0.0004916148247157397 0.0003235407400575054 6.250225602585986e-05 7.97501672386345e-06 0.00024399394337815646 0.0010401530014248859 0.0002116768535317887 0.0005654620112168069 0.0006114144694054506 0.0017146571128568758 0.0014589282002987357 0.000599642232837866 2.9166882514366823e-05 3.7530776098569825e-05 5.0186865366214434e-05 5.3902835955730447e-05 0.00014312003763397376 0.0003798173243447241 0.010798718428226243 0.001329942771961321 3.496000644218145e-05 0.0013472589531531847 0.0011968006078742364 0.00379225742351045 0.004593003654815444 0.0014519330308077972 0.0001506073238454787 0.002364015730174758 4.566866050282205e-05 0.0003555072893280163 7.597402292571145e-05 0.0 9.083331681645166e-05 8.341368267916332e-05 3.93533611388281e-05 0.0 1.8030119870487456e-05 1.1187074762621436e-05 2.552768202329304e-05 0.0 0.001452120302457834 0.0017672499623375695 0.0004097226666736475 0.060232447375067145 0.006657877312643183 8.582667124283394e-05 0.0008370587261280996 0.0011706113114092567 0.0005955645869481501 0.0017062631572842583 0.001254207682507616 0.0005387800004177569 0.0008238072671884569 0.0029587255543892968 0.007140961081524557 0.0014718456057259959 0.003930032802623496 0.007404300491442092 0.0026988974897100017 0.004171666890711384 0.015171617935874836 0.015079263434138082 0.002987184681201123 5.1929899081545566e-05 1.7952402623369384e-05 9.636011785332978e-06 1.1561323510585269e-05 0.0 0.0 0.0 2.0068041485886854e-05 1.020934175929087e-05 7.940596607875943e-05 0.00016515834538824222 0.0 0.0003200124161810475 6.931691285586051e-05 2.398851306023312e-05 8.133585383469092e-05 2.3383861723947908e-05 5.026656593087763e-05 2.2435719425654454e-05 0.0008418599340411752 0.0010808461426574652 2.259490520465995e-05 0.0003299089272348092 1.7026364824580508e-05 0.002322898749400865 0.0010075628316621637 0.005691529797649777 0.0010156755901168163 0.0006503362527917366 0.0001273329504138652 0.0 0.0 2.9457246094015316e-05 5.836385778147938e-05 3.550533760162029e-05 3.090051150808464e-05 5.387323019580768e-05 3.7714765128973815e-05 0.0 0.0 3.6313451135625475e-05 0.00025797956821714253 0.00014406141701580648 1.137233625814348e-05 9.610361532976272e-06 0.0 9.498075191958721e-05 0.00022186698329330174 3.4829132357492555e-05 0.00024992369170242037 0.001100941593199089 0.0011017382794203208 0.0003141384232985308 0.0 1.958236236533906e-05 7.637605317419268e-06 0.0 0.0 0.0 0.0 0.0 0.006188501184719077 0.00046193694534507336 5.325448683198815e-05 0.0 2.3872170213003544e-05 0.004015071836940498 0.0008091666893674075 0.0006522976824967983 3.4420057731644774e-05 0.00010672925936913682 0.00012786216499092908 4.9181372462854574e-05 7.605067258506843e-05 0.0 0.0 0.0 1.7229575671166048e-05 2.4174859162082637e-05 0.0 0.0 0.0 0.006628277923555285 0.00272693370187414 0.001994708832211241
