0.0 0.16068489947619735 0.07038217719083331 0.0760787572144804 0.008312208592284544 0.011633118639410224 0.06978811868561002 0.005691674527078976 0.0015554674696071967 0.06879534472402403 0.011581173059357549 0.0021059805457403383 0.003918397823219286 0.006969521772553458 7.428148139704458e-05 9.970036305709518e-05 0.0 0.0 0.0 6.9318939936267885e-06 2.0656924933233167e-05 1.2697753361032295e-05 6.2889597252188095e-06 0.0 0.0 0.0 0.0 0.0 0.0 0.0 0.04030564850132089 0.00421120440931458 0.0016073467623906688 0.0 1.3514432377233399e-05 8.01306892066557e-06 0.00025765449927001743 1.3603930644431983e-05 1.0658250593149167e-05 4.1264001732112524e-05 0.0 0.0 0.0 0.0 0.0 0.0 0.001863429587607702 0.000173852808114346 1.3563831751791431e-05 2.0637131254056603e-05 0.0 7.467794952245553e-05 5.515005028042572e-05 8.634652598744293e-06 0.0006208100172284218 0.0002846414415588008 0.00360415208599453 0.04187176465800901 0.0006216994435796994 0.0016915163779547535 1.493006253268069e-05 4.240115594178987e-05 0.0 0.0005604730450705406 0.00028228211676343314 0.00013260618350287979 6.135226707171219e-05 3.5254394201559665e-05 3.6332396682181003e-05 1.4499831069109982e-05 0.00032253353222321023 4.5252954406204275e-05 8.569634308103911e-06 0.005828383611409452 0.00237524097772064 0.0015885550019732412 0.00046133263047906664 2.8546305797035013e-05 5.717946347546725e-06 0.0002904093071159522 2.1741782284584456e-05 9.439228018516351e-05 0.0009628304782213023 0.0 4.506000066396271e-05 0.00017597070169598578 2.67238792965074e-05 5.390682170616898e-06 4.542294513563655e-05 2.745383820586403e-05 0.0 2.9753183790240108e-05 0.0 0.0 4.603516607610356e-05 0.0020346988705327172 8.457248565005004e-05 4.985993492064047e-05 0.00010209231761819052 0.05338839367244675 1.7219125032765654e-05 0.00022215444358030832 0.00012819578571886015 3.963821295453133e-05 5.655154735569249e-06 9.062025799634332e-05 0.001005761893406942 0.00013405357443832316 0.0003961284049071689 0.000691592152745703 0.0004805645272410141 0.0005271004921288727 0.00021829716740624235 7.450375290208195e-05 0.0002274888445281698 0.0 0.0 0.0 0.0 0.0 0.0 0.0 0.0 0.0 0.0 0.0 0.0 0.0 0.0 0.0 0.0 0.0 0.0 0.0 0.0 1.0042883146137299e-05 0.0 0.0 0.0 0.0 2.9545137192532277e-05 7.528277915562751e-05 0.0 0.0 0.0 0.0 0.0 0.0 0.0 0.0 0.0 0.0 0.0 0.0 7.863777690760613e-06 0.0 0.0 0.0 0.0 0.0 0.0 0.0 0.0 3.436924689166405e-05 0.0 0.0 2.06669356488621e-05 0.0 0.0 0.0 0.0 0.0 0.0 0.0 0.0 0.0 5.9750634022281855e-05 0.0 0.0 0.0 0.0 0.0002130433061311827 0.0 0.00014047744225289464 7.762748112602011e-06 0.0 0.0 0.0 0.0 0.0 0.0 0.0 0.0 0.0 0.0 8.419851777012147e-06 0.0 0.0010327917973127045 0.0 3.2035813201923396e-05
0.16068489947619735 0.0 0.12035553668577048 0.04269121361577499 0.09814122733931585 0.017357775552100514 0.12888783210315835 0.01289337431516133 0.06951725826776223 0.08915297098978321 0.05767264855096711 0.007311965329469757 0.01689925683127036 0.048003826273754255 0.0007375023348089084 0.0005737582063275177 5.63675029220898e-05 2.6903851688911314e-05 0.0 3.306835449944291e-05 5.807960662570565e-05 0.0 1.3577984027477682e-05 2.1907558303518717e-05 9.290506220694434e-05 0.0 6.407998319319955e-06 1.3725016932075177e-05 0.0 0.0 0.060586952843372927 0.007849477916808456 0.0044945968024293105 1.924042838604145e-05 2.8709438542952626e-05 0.0 0.0005541848261880829 6.918650132278553e-05 0.0001872726590469486 4.6469380347711346e-05 7.685150021351638e-06 5.503833970033053e-06 7.439240392381063e-05 9.611281642256008e-05 1.8461245455665472e-05 6.249692828051633e-05 0.011771143092657019 0.000802346844904472 1.92599823807953e-05 0.00010772696273409983 2.1759408428007614e-05 2.84937085549844e-05 0.0 6.987662125702497e-06 0.0017331750927204973 0.0009078646134873858 0.0031178741083046865 0.03961468223204654 0.0018578462536349603 0.008143169914281547 0.0001328027714212709 0.0004492870589510197 2.1135688342022592e-05 0.0054705223903182935 0.0007677311152682923 0.0004883695394474215 0.0003144925784583106 0.00016089968967762682 0.00010332996496946135 9.875801106497997e-05 0.0002770660747850111 9.633300858741079e-06 0.0 0.016206635060131987 0.01166693207628354 0.009601656739171623 0.003340064430879162 0.00013922951129853527 8.93275102053172e-05 0.0028708405783241376 9.136994781038488e-05 0.0007209623426179491 0.0034038507674515077 1.9237239338105553e-05 0.00022387930503206015 0.0005560596496748448 9.522198309259331e-05 1.2265174338992423e-05 8.937175947757176e-05 0.0 1.8650048299495594e-05 0.0 3.130868744545076e-05 6.688552048884154e-06 3.217145227688559e-05 0.00031281206069994956 9.844227301103567e-06 0.0 0.00020758669829318237 0.03246581973618971 0.0 7.17173903602566e-05 6.724026329160068e-05 6.821266558851351e-05 2.0595526292413633e-05 3.7886133313271e-05 0.0002932700071070437 8.532994549352644e-05 0.0014174242701332845 0.00033777837147815716 0.00014247294321490772 0.00037983908941932495 0.0001753135918060062 4.3883355592258275e-05 0.0003290248156914466 0.0 0.0 0.0 0.0 0.0 0.0 0.0 0.0 0.0 0.0 0.0 0.0 0.0 0.0 0.0 0.0 1.854851963818841e-05 0.0 0.0 2.590999556097632e-05 3.150833938159185e-05 0.0 0.0 0.0 3.2917683787113754e-05 4.585457320194736e-05 0.00015951678941581544 3.914114792803658e-05 1.4856299392193632e-05 0.0 0.0 0.0 0.0 0.0 0.0 0.0 0.0 0.0 0.0 0.0 1.3975642793040359e-05 0.0 0.0 0.0 2.008750737652266e-05 0.0 0.0 0.0 0.0 0.0 0.0 4.9959474512517645e-05 0.0 0.0 0.0 0.0 0.0 0.0 0.0 0.0 0.0 5.325744137942302e-05 0.0 0.0 0.0 0.0 0.00021723934459010164 0.0 4.902695476970798e-05 6.927626884586157e-06 0.0 0.0 0.0 0.0 0.0 0.0 0.0 0.0 0.0 0.0 0.0 0.0 0.0005148028161671231 0.0 4.445800107089005e-05
0.07038217719083331 0.12035553668577048 0.0 0.004027762369072234 0.04007266237679089 0.006011748218538137 0.018506474135538912 0.12751609130163943 0.025017794080159292 0.004484447937783338 0.08351259791421672 0.001616370515153414 0.003618252385439276 0.03159237154332748 0.0011216272919471252 0.0012649325398386832 0.0003607800922841217 0.0002905200164169655 6.28315796143616e-05 0.0003298298051634649 0.0005137310849100985 5.348763959072561e-05 0.00026007510234519576 0.0002414786131382263 3.4551318857355194e-05 6.942843732643392e-06 2.5390154807552352e-05 1.589891833021337e-05 9.093826215755689e-06 0.0 0.25084775148560534 0.04648790746021028 0.013156859805706037 0.00025847063821807123 0.00020832173778598397 0.00018441567623959885 0.0014986751711812357 0.0004097906727686576 0.00034531781515999537 0.00013915149453774128 1.8588837982151042e-05 0.0001515951569896282 0.000668091449437862 0.0006466205048441655 0.00022564119513313302 0.0006033629149562444 0.008724717282775123 0.0006358404893763062 0.00011674695525291504 0.0008251065280224874 4.137619375624294e-05 1.455892417405394e-05 0.0001335973449968504 2.7110055518070528e-05 0.0014343882796319376 0.0007585757036446349 0.004052893392853398 0.04226018719835017 0.0018385283947292452 0.006983476662929629 0.001436996784399772 0.003922352895306994 0.0002874161192256204 0.017823197087808322 0.0005772038846860875 0.0004900402179527114 0.00029295688690504087 0.00017386413605670494 0.0008837458714444543 0.00040637985967403514 0.0016171487917446422 4.8049808070098906e-05 0.0 0.017517397969196297 0.02013700206662373 0.010305997243593825 0.00889570507242839 0.00044189553324223166 0.0018203639501829408 0.03636964094268545 0.0011543341089535833 0.008707281612204795 0.002588753870771285 1.2907446621851971e-05 0.0001946145628170718 0.0003781104480093397 0.0006642800214697969 1.6718553454294528e-05 8.470681735543385e-05 0.0 6.732394065139064e-06 4.8272720289989133e-05 0.0003130058590444425 7.303748811534403e-05 0.00012528853714520796 0.0007815241647042031 0.00036366837414173543 0.0 0.00048166485046319946 0.02633668072075351 9.570567870875652e-06 2.66388732964435e-05 6.474641276060232e-05 0.0 4.15708828759606e-05 8.761699350310623e-06 0.00012479788964319137 6.2133623763411e-05 0.0001382173561468822 0.00010886755708967973 0.00046452890733865735 0.0002947224832951091 0.00013297266409798477 2.538986998775134e-05 0.0005063840813610245 8.293595153964824e-06 3.174445655302143e-05 0.0 0.0 0.0 0.0 0.0 0.0 0.0 0.0 0.0 6.442905605860853e-06 3.428274986772383e-05 0.0 0.0 0.0 0.0 2.5639881073736203e-05 2.485207780490197e-05 0.00018488543488101832 8.805321707724463e-05 0.0 0.0 2.042755835424573e-05 0.0 1.5645237789852293e-05 0.00048749446069907074 1.8681553831145376e-05 8.462257035604185e-05 0.0 0.0 0.0 0.0 0.0 0.0 0.0 0.0 0.0 0.0 0.0 0.0 0.00011183173953328167 0.0 0.0 0.0 0.0 0.0 0.0 0.0 0.0 0.0 0.00020506454165441913 0.0 0.0 0.0 0.0 0.0 0.0 0.0 1.2791549865118615e-05 0.0 5.094768923696232e-05 3.6913433745418316e-05 0.0 6.643810956645363e-06 0.0 0.0001450664204957552 0.0 8.208207837773893e-05 0.0 0.0 0.0 7.4136005403599825e-06 0.0 0.0 0.0 1.2206682520295042e-05 0.0 0.0 0.0 0.0 0.0 0.0003887455332586734 2.2529422132221384e-05 6.541823885909817e-05
0.0760787572144804 0.04269121361577499 0.004027762369072234 0.0 0.0030696905962741203 0.03232737387622401 0.06143557678880075 0.00039863974306267075 0.0007548056357658153 0.1799375250440213 0.0011752720343009863 0.003519601979191358 0.008534727100939022 0.0016020381399693875 5.7350678048088194e-05 3.827703837360682e-05 0.0 0.0 0.0 0.0 0.0 0.0 0.0 0.0 0.0 0.0 0.0 0.0 0.0 1.0795973677475036e-05 0.006572373657247344 0.0006694515895366678 0.0004576641908706651 0.0 7.077596182760548e-06 0.0 0.00039020966993826424 8.718831116872644e-06 0.0 0.0 0.0 0.0 6.286968061801547e-06 1.767669349046135e-05 0.0 0.0 0.0016956093438111487 9.000284285578943e-05 0.0 0.0 0.0 1.6539051092381907e-05 0.0 0.0 0.0002608512150322523 0.00019727490167590573 0.0007044092113627266 0.010683819736190356 0.00022767524897138045 0.00106915973369552 0.0 7.121140928075606e-06 0.0 0.00020745804223192067 7.046383667911516e-05 3.605155709522089e-05 2.1379374249475736e-05 6.068758222013965e-06 0.0 0.0 0.0003995172837643288 0.0 0.0 0.0022530982503753084 0.0010890812414514073 0.0008936706477567136 0.0004025791656252466 0.0 1.6335870814771477e-05 6.335297105336884e-05 0.0 1.2711780606532668e-05 0.0005042997643504619 0.0 1.7862120519272946e-05 7.8744028700914e-05 1.8217427773659586e-05 5.548768054923894e-06 2.8588555105113055e-05 0.0 0.0 0.0 6.043041432330792e-06 0.0 0.0 0.0005408413775186044 0.00013356004397886717 1.0109739536149219e-05 0.0 0.015463530758221057 1.652529984712586e-05 1.4681699147402579e-05 0.00036718558221776246 0.0010180747633896608 1.1384909431915222e-05 0.00015664891134318157 0.0002459962302728014 7.232783234426156e-05 0.0007740400341690749 0.002258011967807901 0.000513418868972054 0.000416754660091447 0.0001395575749423382 0.00013116346330089456 0.0003493068887138934 2.4559780057422546e-05 0.0 0.0 0.0 0.0 0.0 0.0 0.0 0.0 0.0 0.0 0.0 0.0 0.0 0.0 0.0 0.0 0.0 0.0 0.0 2.0405571718240626e-05 0.0 0.0 0.0 1.555908109704042e-05 0.0 7.163723926674611e-05 2.739709577217394e-05 1.5515248937937094e-05 0.0 0.0 0.0 0.0 0.0 0.0 0.0 0.0 1.2546647377641125e-05 0.0 0.0 0.0 0.0 0.0 0.0 0.0 7.234519441978173e-06 0.0 0.0 0.0 0.0 0.0 4.752684363721796e-05 0.0 0.0 0.0 0.0 0.0 0.0 0.0 0.0 0.0 3.565716156562971e-05 0.0 0.0 0.0 0.0 0.00016066138992531777 0.0 0.00010149740064792915 6.053662772560439e-06 0.0 0.0 0.0 0.0 0.0 0.0 0.0 0.0 0.0 0.0 0.0 0.0 0.0003579432294795457 0.0 0.00010740017844481289
0.008312208592284544 0.09814122733931585 0.04007266237679089 0.0030696905962741203 0.0 0.0008294509970263391 0.12144661816169182 0.01169995839988863 0.33378320240127657 0.02120642047272869 0.08999853649245841 0.007905727828581333 0.05099446794665906 0.16689952688824478 0.0008450107484096876 0.0007074706927120121 3.12163783336586e-05 1.4797550768757635e-05 1.4679172085015113e-05 3.4707602958112264e-05 4.0967903274501585e-05 0.0 1.9355086773257484e-05 2.6875339099760664e-05 1.8445918103751018e-05 2.4017468629970998e-05 0.0 0.0 2.1930576827655345e-05 0.0 0.006929930224910912 0.00609302538630107 0.002789042561265534 3.4258029169148016e-05 2.0828574258118672e-05 2.2072079351417203e-05 0.0004922592111501658 1.8485312469452084e-05 0.000109611690583013 3.277266122264179e-05 6.474307378020286e-06 6.2444541670231125e-06 7.267399631235857e-05 9.351847274996824e-05 2.8507849417126707e-05 8.62418471880087e-05 0.006384729812112403 0.0003425104682988417 1.3188394637479503e-05 5.611840751360728e-05 0.0 0.0 0.0 1.1808827130498148e-05 0.0006166469924453449 0.00026866619463470146 0.0006123893327814996 0.004027521632009498 0.0005014521572506602 0.0031257494235319753 9.62051789704898e-05 0.00039565806676899583 3.525236725991568e-05 0.0025428263551664195 0.00029726918942928895 0.00014144186855778433 0.00013039495203410106 5.60813850898556e-05 8.620362011657404e-05 2.7757678677847413e-05 0.00029015783198355847 0.0 6.223456877758495e-06 0.00438328131720267 0.004096341004240363 0.004766463862687064 0.0025615212996785916 0.00018532675719651245 5.6370917128119756e-05 0.0030738522861913533 7.153203751948057e-05 0.0005675915598459155 0.0011547450017233426 5.552868111185062e-06 6.813141049402576e-05 0.0001749121315521159 0.00010547107577466181 0.0 5.258741083890767e-05 0.0 5.6819822705966155e-06 6.889632753207356e-06 5.493147157564995e-05 0.0 6.548091789202862e-06 0.0004781764071118846 1.982892108745785e-05 0.0 0.00019644072362165715 0.0009605406157355465 0.0 2.5331819146887943e-05 6.486410870689834e-05 2.9918808320318456e-05 0.0001027888846483628 6.7010540298763895e-06 8.495669874205574e-05 6.198770731092966e-05 0.000257681362602069 0.0002137453277977627 0.00031253691128344023 0.00038462722051517797 0.00016960282561519175 3.853090308706327e-05 0.0005954814343400378 0.0 0.0 0.0 0.0 0.0 0.0 0.0 0.0 0.0 0.0 0.0 0.0 0.0 0.0 0.0 0.0 0.0 0.0 0.0 0.00010491876608272014 0.00014881043696053504 0.0 5.038435509917102e-05 0.0 4.023586139337619e-05 1.5121706830154035e-05 0.0002417073312203991 2.143888758035561e-05 3.981411382453392e-05 0.0 0.0 0.0 0.0 0.0 0.0 0.0 0.0 1.8865511106776168e-05 0.0 0.0 0.0 0.0 0.0 0.0 0.0 0.0 0.0 0.0 0.0 0.0 0.0 0.0001558996988227956 1.1782525137289405e-05 0.0 0.0 0.0 0.0 0.0 0.0 0.0 7.275819350719522e-06 4.994723296784619e-05 0.0 0.0 0.0 0.0 0.0002561701777379714 0.0 1.0891728123144255e-05 6.302779451738486e-06 0.0 0.0 6.551234664165554e-06 0.0 0.0 0.0 0.0 0.0 0.0 0.0 0.0 0.0 0.0003278292448887024 2.7835891025280658e-05 4.2391227196158304e-05
0.011633118639410224 0.017357775552100514 0.006011748218538137 0.03232737387622401 0.0008294509970263391 0.0 0.011928380126799032 0.0004602360638692294 0.00023168464485905836 0.04879361924702657 0.001220917201137105 0.009304743726501247 0.0014871123956745707 0.0014896536176008878 6.168401054584041e-06 1.4002077079599303e-05 0.0 0.0 0.0 0.0 0.0 0.0006010102618961063 0.0 0.0 0.0 0.0 0.0 1.9125983743375542e-05 1.1493640039447575e-05 0.0 0.008885985650155066 0.00015059870168645994 0.001212347325588186 0.0 0.0 0.0 0.0022516794550366077 1.0033681754533083e-05 0.00015012397763462985 8.906261222645444e-06 0.0 7.629268272633996e-05 0.0 0.0 0.0 0.0 0.00013175524465935763 0.0 0.0 0.0 8.26539747486739e-06 0.0051525075662606995 0.0017738411534120027 0.00034516452296414255 6.462177893598406e-06 5.1759914895837614e-05 0.0021706950182170267 0.0027404793937785754 0.00011555274266189946 9.687541962397311e-05 7.467192317125601e-06 0.00016054404105451692 1.0789704529068102e-05 2.308926631955478e-05 6.546920863354265e-06 6.13483693464572e-06 1.654986386887125e-05 0.0 7.150968668766431e-06 1.815623924580801e-05 0.003830229719483947 0.0073686542849997205 0.0028978413782116547 0.0001804517036628088 5.900851398185879e-05 8.348230958722344e-05 2.0191373220349967e-05 0.0 0.0 0.00011321958860398527 0.0 0.0 3.992809621867033e-05 0.00010643977230137681 8.874307449997346e-06 7.141789896731117e-05 7.960451964311786e-06 0.0007777889745404696 0.00023289400737325986 0.0029251282378260916 4.729792218644412e-05 0.0003480667360897281 0.0 8.723832324307504e-06 0.0007871602100544342 0.02514784956071242 0.004984458322674958 0.0044644663595081084 0.0004874054023721112 0.02410948872229677 4.0362546543118655e-05 0.000488696084830482 0.00031286900702103817 3.219790731534259e-05 9.334901845710104e-05 0.000172256026339887 0.0021592128736915147 0.00019663543868124743 0.0005335733463552306 0.0015984323902886626 0.0006898741518714532 0.0012542552281083596 0.00036482478196244204 0.0002406263197145576 0.00031202355342297333 0.0 0.0 0.0 0.0 0.0 0.0 0.0 0.0 0.0 0.0 0.0 0.0 0.0 0.0 0.0 0.0 0.0 8.866043006590993e-06 0.0 0.00019561939514269348 0.0001323885308515554 0.0 0.0 0.0 0.0 0.0 0.00011713872462980544 0.0 0.0 0.0 7.598395155077897e-06 9.29040790857733e-06 0.0 0.0 0.0 0.0 0.0 1.0796570294544542e-05 0.0 0.0 8.47398206553268e-06 1.563696867726887e-05 9.293691896446895e-06 0.0 0.0 0.0 0.0 3.8919437761842046e-05 6.613351943215247e-05 0.0 0.0 3.213124910595724e-05 8.464877689051946e-06 0.0 0.0 0.0 0.0 0.0 1.0122058900438442e-05 5.784431797380651e-06 0.0 0.0002056728570876694 0.0 0.0 0.0 4.813919894622498e-05 0.0003817847775252109 0.0 0.0 1.3063111278451657e-05 0.0 0.0 0.0 0.0 0.0 0.0 0.0 0.0 6.290493290486178e-06 5.9921503075799935e-05 3.187103119890667e-05 0.0 0.001932537944026723 0.0 7.558990413427789e-06
0.06978811868561002 0.12888783210315835 0.018506474135538912 0.06143557678880075 0.12144661816169182 0.011928380126799032 0.0 0.008545243405955383 0.17180185045955548 0.2915079051513998 0.023124748514085816 0.12485705912809014 0.4124437052846927 0.13945537328660068 0.002609885600169953 0.002025127292044406 3.182468390975727e-05 2.6565807938529055e-05 6.542145851608372e-06 3.4705697415071996e-05 8.041624570004711e-05 0.0 1.3442849223638589e-05 4.323166506045968e-05 2.0478635519762727e-05 1.214067695810398e-05 7.45765474477266e-06 1.6175648522558186e-05 3.2543181545809876e-05 1.1937688116753246e-05 0.008810416125422285 0.011549291519916256 0.004553497004991978 3.62468843358042e-05 2.1556265503813706e-05 5.5893995969081494e-05 0.002492296164547169 0.00024666294569760007 0.00045258315762830136 0.00010495489513725993 7.964270832354102e-06 3.4484312534879714e-05 6.343722427833026e-05 0.00018798784156728456 5.2685338527102266e-05 7.452217124921392e-05 0.018598346127793725 0.000879773789544696 7.071850500982436e-06 0.00010312847545274616 2.8454964761287815e-05 0.0 4.60070783820659e-05 8.951103999184777e-06 0.0020093525665609772 0.0011049736431668292 0.0021604418047267986 0.014425212624617644 0.0018454572096599964 0.00896963452433335 0.00012439844258281248 0.0006391793644598769 8.530864055737295e-05 0.005668335951606388 0.0008091120005098917 0.0005486507650033212 0.0004444218527117477 0.0002572934333639164 8.540822372823603e-05 5.615339780774045e-05 0.0017101495726002316 0.0 0.0 0.013921179067690817 0.01040503202220457 0.013709430557563 0.0058814968499243765 0.0005895699739490017 5.8448009884166775e-05 0.002769930082338625 4.06936446332169e-05 0.0009434799278129633 0.003657755331815416 1.1198999402676046e-05 0.00023024626128497226 0.0005555851199126604 0.00017883755203086776 1.4790725988279885e-05 0.00012125754371961375 0.0 4.982372233971097e-05 9.140663249699545e-06 4.631177279465486e-05 1.4204838168868714e-05 1.3518013636042812e-05 0.001981382122822598 0.0002964318627933058 0.0 0.0004770070801970345 0.005112733687253739 3.402256827649489e-05 0.00012080262268531435 0.0002849633922122298 0.00042192671479032766 0.00021408890348537294 0.0003255400858922914 0.0006093009595663032 0.0005603067471413699 0.003952857218950153 0.0017414424320542268 0.0013608458630771222 0.0040662154302332455 0.0005297757650911526 0.00026034631823942597 0.0015851638253621674 0.0 1.7556339744820025e-05 0.0 0.0 0.0 0.0 0.0 0.0 0.0 0.0 0.0 0.0 1.6499242726314338e-05 0.0 0.0 3.279816945574935e-05 0.0 0.0 0.0 0.00016868643424756204 0.00046697634106164775 0.0 2.7908588555801817e-05 0.0 5.801714445011003e-05 1.8174921142045476e-05 0.0006032485528023733 7.620377900102107e-05 4.293071740306725e-05 0.0 0.0 0.0 0.0 0.0 0.0 0.0 0.0 2.8564216241461735e-05 0.0 0.0 0.0 7.0641235317360926e-06 0.0 0.0 0.0 0.0 0.0 2.3019884423547742e-05 0.0 2.0218136424493317e-05 0.0 0.0006679207064521248 6.411395405034004e-06 0.0 0.0 0.0 0.0 0.0 0.0 0.0 6.192507496976987e-06 0.00022656252285851614 0.0 1.6882156749500876e-05 0.0 0.0 0.0010538595735119008 0.0 0.00018909808108396263 7.229806167129042e-06 0.0 4.871172409967146e-06 0.0 0.0 0.0 0.0 0.0 0.0 0.0 6.03090831632675e-06 0.0 0.0 0.0015728290014276828 1.7629368786912846e-05 7.564172681173306e-05
0.005691674527078976 0.01289337431516133 0.12751609130163943 0.00039863974306267075 0.01169995839988863 0.0004602360638692294 0.008545243405955383 0.0 0.012833188227979124 0.003952563628878221 0.12933771751766912 0.0031633587799611315 0.006414357209310087 0.08724213582588623 0.003470015249234378 0.00657093911692478 0.0018713748803104735 0.0014832979566060955 0.0006493277787896616 0.002567681231883574 0.0031631480433986364 9.873635853453381e-06 0.0018317121987929284 0.0012568413934579221 7.968311849465264e-05 0.00010947526189832928 0.00010048834842383497 3.071693825242974e-05 1.646480391387237e-05 2.3979039227530175e-05 0.055942221802014185 0.18734224280393133 0.055521133768958786 0.0019664949964858214 0.0011063438718008814 0.0011435702612895104 0.009127231196132079 0.005112891152137496 0.0019632137457916087 0.0008842957142545124 0.0003186873977432179 0.0007195418907589852 0.004787607318983331 0.00620412466372729 0.001601347905380911 0.004996692310023935 0.011831725053422752 0.0006479451560844868 0.0010317336300150564 0.005354925807196532 0.00011836479501594051 0.00010781785034087417 0.0002001922673186645 0.00019745000826700966 0.0004630245104204184 0.0002525888748307681 0.0008835962025300043 0.009815766662773347 0.0006041972465745388 0.0036167818218968526 0.01048651226337283 0.031197094844565273 0.0028120992237592336 0.03450521710777654 0.0001950105105886387 0.0002858329382451565 9.15220016367204e-05 0.0005571989268036947 0.005003663213435554 0.0030762027929864336 0.004144305784520906 0.0001261263535259857 1.3995192637414598e-05 0.0058078167989996 0.01127606956356434 0.008993783716673915 0.03294549706479571 0.02864698372598006 0.08608061007558121 0.15533871835231344 0.014268034588640644 0.09346868451078023 0.0009983276193069274 0.0 0.00021052085429666947 0.00018813708973700096 0.0029498925662300043 6.7950186243370776e-06 3.369619850637188e-05 7.080539839501772e-06 0.00010809865413081014 7.839137924587269e-05 0.0015330987480984388 0.00028539486567689997 0.0005704902467052215 0.002142655584274717 0.0016342153939581756 0.0 0.0027596017734360543 0.0028415670092893047 9.320947439371956e-06 0.0 7.91142840662779e-05 1.9652337998806208e-05 0.00013668995523083533 0.00010170843966933869 9.778532498586104e-05 0.0001485675199109054 0.00014263891274529146 0.0005247204035030937 0.0011906835994930022 0.0006924123621785633 0.0002305771539312796 0.00021092315889341255 0.00187667874380273 2.4371999244572365e-05 2.4220352674236472e-05 0.0 0.0 0.0 0.0 0.0 0.0 0.0 0.0 0.0 0.0 0.0002601618878205192 0.0 5.281197750387153e-05 1.8722845957924938e-05 0.00025902511803975356 0.00013726589251512192 4.3251931882912236e-05 0.00018002197076358924 0.0004692792020175569 0.0 7.092115559523655e-05 3.317230127567269e-05 0.00017729973521838217 0.000147918999231537 0.001735135502222874 0.00022326118225178204 0.00037132145158582253 0.0 9.424390463276094e-06 0.0 3.0933810632386714e-05 0.0 0.0 2.2784478004627048e-05 5.862124828564699e-06 1.9180120257465498e-05 0.0 1.2365416901416725e-05 8.511334963261127e-06 0.0002830166286392263 9.249498654317156e-06 0.0 5.843741759659443e-06 0.0 0.0 0.0 9.12635792876503e-06 3.342000630698453e-05 0.0001616400660398146 0.0010976147176523139 0.0 0.0 0.0 0.0 0.0 5.7688066557288895e-06 0.0 0.0 4.260231342813593e-05 0.00012449372647919298 0.00021335078908007484 5.959206876912944e-06 7.867302400647792e-06 1.3965703152662314e-05 0.0014355859323688556 7.805086135044303e-06 0.0005187973168611638 6.0878411486816304e-06 1.1450134722738854e-05 2.3646156992995363e-05 1.2653508239157373e-05 1.7741347585290606e-05 0.0 0.0 0.0 0.0 2.7518940022894136e-05 7.758347153818829e-06 3.331808595360128e-05 9.681207653030443e-06 0.0005027594910320423 4.45805586681064e-05 0.0004872975817353092
0.0015554674696071967 0.06951725826776223 0.025017794080159292 0.0007548056357658153 0.33378320240127657 0.00023168464485905836 0.17180185045955548 0.012833188227979124 0.0 0.019283125519042252 0.09252912256051836 0.016876508240560664 0.12499485950182278 0.14922961025175258 0.0005664409236468596 0.0007032876490916641 1.6999028326646067e-05 1.4601948565524898e-05 0.0 2.539852404804396e-05 1.3124989288116604e-05 0.0 0.0 1.8319251111919356e-05 6.569330838079993e-06 0.0 0.0 8.523359650597753e-06 0.0 0.0 0.0028245793364012834 0.0016672936803160349 0.005209341041640406 1.3821040114824401e-05 8.20552773013816e-06 7.893521905061708e-06 0.001544106144707438 0.00020571367814636274 0.00011739398490840707 2.7185615772930443e-05 0.0 5.87181855895062e-06 4.108015132875679e-05 5.5515882378715985e-05 6.565435706812265e-06 2.3210967382178296e-05 0.002720086386815819 9.261873478053964e-05 9.878372474187845e-06 3.4005980246772686e-05 5.947024475150986e-06 0.0 1.449549340361591e-05 0.0 0.00013210777790376973 6.042978139041679e-05 0.00012972542420831645 0.001104192761693596 0.00013192102171588675 0.0007998203251791398 1.9707551536405993e-05 0.0005735887219443983 7.65305772978392e-06 0.0010872215959028938 4.3712890163157654e-05 7.229710085840973e-05 1.0501989319479967e-05 5.2928276328629985e-06 6.690002450920008e-05 1.2329487065098428e-05 0.000527708478125741 0.0 0.0 0.0012608888161612182 0.0011782235637935383 0.001743532905115352 0.0013212915661292087 0.00020656949161074157 0.0 0.0018036620501268473 3.063881980733526e-05 0.00028313208234293587 0.0002205491462644763 0.0 1.987388111222128e-05 5.3275757004659553e-05 2.2963621358703067e-05 0.0 1.0809420907424352e-05 0.0 5.94180070360933e-06 0.0 1.3761685535964764e-05 5.5435147119274884e-06 1.383752905423333e-05 0.000622693562219145 0.00020675550591826858 0.0 0.0002197124359598658 0.0002921281204270115 8.479289363464072e-06 2.9068770109172474e-05 4.891499361044358e-05 2.4348088907616185e-05 4.124462257209991e-05 7.578957059674766e-05 0.00014998030549992475 8.695061789063843e-05 0.000504728205962824 0.0002931125500052482 0.000737976595574614 0.0004170482345994552 0.000226968544639001 5.309950646517449e-05 0.0006502032069480962 1.7429776512478716e-05 0.0 0.0 0.0 0.0 0.0 0.0 0.0 0.0 0.0 0.0 0.0 0.0 0.0 1.1468732573789133e-05 0.0 0.0 0.0 0.0 3.518739669864086e-05 0.00017850125507150557 0.0 0.0 0.0 1.0478130343471509e-05 2.542457598088096e-05 0.00038844079422950355 1.2774485579335703e-05 8.347692239448451e-06 0.0 0.0 0.0 0.0 0.0 0.0 0.0 0.0 0.0 0.0 0.0 0.0 0.0 0.0 0.0 0.0 0.0 0.0 2.0942162884989202e-05 1.1602820963168045e-05 0.0 0.0 0.0001882946365907556 2.0322359200967425e-05 0.0 0.0 0.0 0.0 0.0 0.0 0.0 0.0 3.549507004619776e-05 2.3464208501097742e-05 0.0 0.0 0.0 0.0002738788545725356 0.0 3.479056126463411e-05 0.0 0.0 8.39882180350807e-06 0.0 8.954435716419902e-06 0.0 0.0 0.0 0.0 0.0 0.0 0.0 0.0 0.0005181519551394791 1.6359125910546102e-05 4.8378603218308843e-05
0.06879534472402403 0.08915297098978321 0.004484447937783338 0.1799375250440213 0.02120642047272869 0.04879361924702657 0.2915079051513998 0.003952563628878221 0.019283125519042252 0.0 0.01367308860826334 0.20190971209444458 0.3229326031066696 0.06523548210722939 0.0013801650127508972 0.0014670709128951822 2.13935628409836e-05 0.0 6.79613196366853e-06 1.511116642232686e-05 4.881754736628421e-05 0.0 1.3893090186125782e-05 1.1898582202435349e-05 2.6670183241453976e-05 0.0 0.0 1.3890741590061723e-05 2.7243443530889584e-05 0.0 0.004153370732914104 0.0023749836998387475 0.01821549115309556 6.5907078870792905e-06 6.438069376015653e-06 5.461081480306559e-05 0.058250850807653555 0.0005850067041950651 0.0039911938230531826 0.0006745211059944002 0.0 0.0 2.9550197024079174e-05 9.483244661993524e-05 7.064889276774876e-06 6.003482711597007e-05 0.009134650758692759 0.00024153016292822189 0.0 2.598766576507249e-05 6.628404228720788e-06 9.909497934824476e-05 0.00043449417113375843 5.3819828711864886e-05 0.000713611455351151 0.00036418306946203293 0.0012266606531237722 0.01065597544427794 0.0006761227042844012 0.002856234316476599 4.026471379485773e-05 0.0005863619333571925 5.5218289265646564e-05 0.0022403579649615873 0.0002740274402379061 0.00011116134168417047 0.00010112151062344181 7.21323904494414e-05 4.94418204903528e-05 5.981180024184301e-06 0.051641962107968356 0.00010465242688453644 5.143552796957518e-05 0.005038850968104437 0.00283205137169262 0.004502159589921288 0.003135049021937411 0.0004115591318830645 4.6591394245198263e-05 0.0009149837938798915 3.7544133213521714e-05 0.0003427752739317581 0.0012620993812479124 5.585918102848701e-06 7.94139809030142e-05 0.0002362909343352888 5.643949281288678e-05 3.306520384251845e-05 5.6753683294032545e-05 6.352400975365365e-05 0.0 0.0 3.65569166553742e-05 9.398016876019002e-06 1.8183874029670293e-05 0.09927468678663968 0.004746527643910635 0.00022394876474768498 0.012181852402148672 0.016599218218554847 0.000356171230091328 0.0015954940325446137 0.0018378926068957355 0.0009861993447207048 0.0011683552513207366 0.0027363153251750254 0.008008825337532981 0.0036796096008010833 0.011886233687954911 0.012731170070900268 0.010997831703283356 0.023885188695877226 0.010455092147573102 0.003312627962011983 0.010891548442834811 1.7944175599431293e-05 3.451575010406332e-05 0.0 9.839101582280292e-06 0.0 0.0 0.0 0.0 0.0 0.0 0.0 0.0 0.0 0.0 0.0 0.0 0.0 0.0 0.0 0.0016849419955858858 0.00247335088366301 0.0 0.0 0.0 8.92759235807026e-05 0.00031796776653473326 0.003513535303422316 0.00026854292005940673 0.0002375297837402554 0.0 0.0 0.0 0.00013545101814909936 0.0 0.0 0.0 1.6803296942847845e-05 0.00010101100261583982 0.0 0.0 9.233582986092411e-06 9.719954455752238e-05 0.0 5.275526256644638e-06 1.4973609353185556e-05 6.01949684757809e-06 7.757535495205573e-05 0.00015650545087783675 0.0003420556795578925 0.0 0.0 0.0035899261057919076 0.000244442411671714 3.187068101062675e-05 0.0 0.0 0.0 0.0 0.0 0.0 0.0 0.001585343794122989 5.8603413066850785e-05 1.1221888746247191e-05 0.0 1.0722480830460339e-05 0.005751582202646295 7.234706624098765e-05 0.001919282704931573 0.00019245642300431525 9.249608224338959e-05 0.00012667198058795133 5.2458654649737826e-05 2.5250817225556643e-05 0.0 5.988416211041288e-06 0.0 0.0 0.0 0.0 0.0 0.0 0.015686215567917487 0.00012586907927567633 0.0005760752823336047
0.011581173059357549 0.05767264855096711 0.08351259791421672 0.0011752720343009863 0.08999853649245841 0.001220917201137105 0.023124748514085816 0.12933771751766912 0.09252912256051836 0.01367308860826334 0.0 0.011281647985044012 0.028778699288341134 0.15733660351857254 0.004794756766537969 0.008809666737029563 0.0003064039741850628 0.00017291167685263477 0.00010053447522406738 0.00030033940162088954 0.0006016821580322582 0.0 0.0003274430800806832 0.0003283881972632162 7.113574734159559e-05 6.693246076347829e-05 6.643296465212465e-05 3.458343760759294e-05 4.517913471679498e-05 0.0 0.032560810769852296 0.010037034679689244 0.09488386715621482 0.000237555441387029 0.0003214210639526794 0.0010444638123672022 0.024370659513965314 0.012727539410641106 0.0037170343742848814 0.0014979008846612094 7.338938790806752e-05 0.00019854606697414167 0.0006483849240828156 0.0008252545668753437 0.0001653387779983231 0.00026495061916502385 0.011321218274960968 0.0001812853898970731 0.00017166277159666097 0.0007410999663471077 4.529467090929937e-05 2.8779257785211485e-05 0.0001885271636838191 8.954582328579766e-05 0.0003636431502096315 0.00017033408203697518 0.000620952584843352 0.0059049934391684255 0.0005027582853467644 0.0032354233988618566 0.0015727061040181354 0.06481524520912295 0.0005695673568807112 0.005381584170675643 0.00013778039639915975 0.0001856215337582164 6.639692534954403e-05 0.0001479131752113437 0.0010316669987831383 0.0006525055143471243 0.008210424792616161 0.0001293089222005088 0.0 0.004149031907388933 0.005823066115476555 0.009660115557681894 0.009766186264739265 0.0026629022915167027 0.00033251810928013785 0.047491868943324154 0.00032724739538865565 0.02843547671295325 0.0009064566278123904 0.0 8.160910059813141e-05 0.00012435917739767692 0.0005381500934293687 6.771170543075103e-06 1.691435798853345e-05 6.6108128447269e-06 2.7234197522704522e-05 0.0 0.0004016162433141696 6.670877916696712e-05 0.0001621227152415176 0.005164856766072572 0.0020030803095197167 0.0 0.004244948323178982 0.0025847841888285384 0.0001552191973933116 0.00024750150343993635 0.00036236750353900725 4.679261554363089e-05 0.00031810824650871773 0.000234530913980232 0.00041497449690652865 0.00041801827844315236 0.0006702310987906409 0.0018373639180517723 0.0030189258926051612 0.002754597182923016 0.0010090967913892479 0.0005852013367658605 0.0049190789910307535 7.502835881010022e-05 9.75446289081223e-06 0.0 0.0 0.0 0.0 0.0 0.0 0.0 0.0 0.0 0.0 3.764411637722014e-05 0.0 2.3198456062831923e-05 0.0 0.000131116198259053 0.0 1.9408796317044644e-05 0.0005226218418708984 0.0010971323947742083 0.0 4.265385387977734e-05 0.0 0.00011344814793413783 0.0001724483440364527 0.0028207816742048023 0.00028592526810884656 0.00021333836388110546 0.0 0.0 6.763037355424042e-06 2.2712172166181955e-05 1.134528990812009e-05 0.0 0.0 3.120455960891032e-05 0.00011061789772188174 0.0 0.0 7.113989824000704e-06 0.00011869922482327389 0.0 6.4654281596336104e-06 0.0 0.0 9.125335897785091e-06 1.490918560442488e-05 0.0 0.0 0.0 0.0023335960406588208 0.00013297321039170142 1.0862519826610815e-05 0.0 0.0 0.0 1.2638581917673116e-05 0.0 0.0 6.222577516077782e-06 0.0003277055122152578 0.00015196595034794956 0.0 0.0 0.0 0.0030638246520587153 3.248497973488802e-05 0.0011790941339326346 3.620870291854532e-05 1.532535298787613e-05 7.107495050582013e-05 0.0 0.0 0.0 0.0 0.0 0.0 0.0 0.0 0.0 0.0 0.0022968013207402996 0.00012045558143072647 0.000472946823482377
0.0021059805457403383 0.007311965329469757 0.001616370515153414 0.003519601979191358 0.007905727828581333 0.009304743726501247 0.12485705912809014 0.0031633587799611315 0.016876508240560664 0.20190971209444458 0.011281647985044012 0.0 0.09849146351410805 0.0526643279934575 0.0013966719954163942 0.0022266730126815205 4.4570484659188354e-05 1.2139406941942104e-05 0.0 6.451603763936868e-06 4.372600899432002e-05 1.611841634407364e-05 2.629130234965733e-05 2.211299016206973e-05 8.929292716718364e-06 3.280511200324866e-05 1.2000382713607249e-05 0.0 2.5338818762106935e-05 0.0 0.0007815533657375716 0.0007540417786309612 0.02229208600259993 1.6297076697722084e-05 0.0 9.84390398653164e-05 0.026897659558580082 0.0012648491239528087 0.0021947649720287987 0.0003721146280398645 1.1667546133248188e-05 1.3333129269365751e-05 6.369343239987625e-05 0.0001528406931749503 8.069000992736023e-06 1.3152625628371251e-05 0.0029710321030115235 4.364475649381952e-05 8.351233032056634e-06 9.707751146452975e-05 0.0 6.897549342922312e-05 0.00012870698953230744 1.3128454855094287e-05 0.00012912969480124563 6.570040086076278e-05 0.00013912186394008218 0.0007675844034993179 7.98933658311508e-05 0.0005962932179834843 8.63778961129578e-05 0.0018306321927165478 2.3532524787138886e-05 0.0008445846818520594 2.2013229043680663e-05 2.1930310425163875e-05 2.4193924613246952e-05 1.3447224242549185e-05 0.0001310849661336603 2.989431900540612e-05 0.02002059298754962 9.689542860409213e-05 4.4099244851044183e-05 0.0007409013478554911 0.0007756716838014685 0.001854205886156673 0.0016364039353016049 0.0005105571843033992 2.2446663043921008e-05 0.0014938174008658396 3.7674809990857934e-05 0.0002077079537087948 0.0001659645504470272 7.915501796699939e-06 1.0640542998526088e-05 4.9417827145804335e-05 3.0222839190966635e-05 0.0 5.320973432215259e-06 3.0175724600386086e-05 0.0 1.3718974498154661e-05 2.8390851253403288e-05 0.0 9.309505880371098e-06 0.05328862733547411 0.003366586772929589 0.00013471274395418617 0.0050891531254541504 0.0012591008611573717 0.00016651172975096855 0.0005590773683838851 0.0008934329415086896 0.0005007286267605282 0.0009413330303409854 0.0009286920147444663 0.0030826895074055126 0.0014715684364856533 0.005331402083289365 0.006446909302239725 0.006278293243385291 0.008395883872215525 0.0031773547513135217 0.001449932086813201 0.006601991211300976 6.392915580403996e-05 1.2238847962303446e-05 0.0 1.7092449740174777e-05 0.0 0.0 0.0 0.0 0.0 0.0 0.0 0.0 0.0 0.0 0.0 0.0 4.096728279274929e-05 0.0 0.0 0.0010463911116974113 0.0013177442880340812 0.0 2.6130972666371527e-05 0.0 0.00021735861819944843 6.304490445734352e-05 0.0023278843354446197 0.00027443142418200056 0.00012864807489368685 0.0 0.0 0.0 3.0662074903109884e-05 0.0 7.0332016472195226e-06 0.0 2.2246944701706104e-05 6.144312770101906e-05 0.0 0.0 2.058122512185873e-05 1.761770466380519e-05 0.0 0.0 9.534260350012484e-06 0.0 3.449700076415712e-05 0.00015618957949294733 5.058865027250525e-05 0.0 9.332185629771735e-05 0.001580948231352102 0.00011092803380094211 0.0 6.454207089549742e-06 6.530943458232767e-06 0.0 0.0 0.0 0.0 0.0 0.0009732681636342329 0.00013757824230290887 2.048793496408532e-05 0.0 0.0 0.0034521807634989676 5.23224869201723e-05 0.0013579686591014958 8.382178677496492e-05 2.6809782816162814e-05 0.00010985171014887467 3.0763075947408644e-05 1.2141472274597511e-05 0.0 0.0 1.1160047052403869e-05 0.0 8.907427479316976e-06 0.0 0.0 0.0 0.008355510335985989 0.0001491420450285284 0.000302102979370073
