0.0 0.17491138403355477 0.01410666086732146 0.117880646811498 0.004866849151305947 0.001759314817933735 0.06188087536118126 0.005117553138176748 0.0008798088861253309 0.09184834651305634 0.009947781135126156 0.004584295480484059 0.016454444478000037 0.01130822631660402 0.00014112665251535034 6.586337616189473e-05 2.3508938465663923e-05 4.774127177181237e-06 0.0 0.0 7.113656694747846e-06 2.1003555253428944e-05 2.837061597027696e-05 1.9669683377954855e-05 1.5233369751343126e-05 2.475286398615573e-05 7.295863091997233e-06 1.542148536081145e-05 0.0 1.6978093218445792e-05 0.07648135973355397 0.0009062294216350298 0.00041704814949146705 0.0 1.156322599142564e-05 3.925222627529576e-05 0.0002050539876028655 0.000103210473085429 7.282726704045752e-05 4.431882236710462e-05 6.434493301739696e-05 2.2991841968178297e-05 5.589159686213084e-06 8.849507441871759e-06 0.0 6.104936884937549e-06 0.0008260159304790478 8.444098207991874e-05 1.539413318562406e-05 1.4862318922003634e-05 6.093373752413453e-05 4.313576892796856e-05 1.7236267412423177e-05 3.543742698829394e-05 0.0005278208590246401 0.0014553971595852304 0.021311809454594318 0.04080934720996155 0.004406145106860692 0.001347786336282377 5.833757750712074e-06 1.0656033212790942e-05 0.0 0.0008654024730145551 0.0008281827216172107 0.0006872062659062824 0.0001761867025681281 8.692890507590928e-05 1.122139112031397e-05 0.0 0.0013883740003818033 0.0007829532029302571 4.2265002073436904e-05 0.01054667685077818 0.0011545255417603924 0.0031691492700596977 0.00013934616073356366 2.4231435352170155e-05 9.270401689965538e-05 0.0014987788258477462 1.0169865128517753e-05 0.00027691451872554826 0.0007677994387834153 5.9315421942718555e-05 0.0003957930195050833 0.00051449612179537 8.118577243101808e-05 3.003601200945158e-05 0.00016394493158876166 3.2295295374594394e-05 5.753508593981288e-05 1.9862208271559433e-05 0.0002392386901602063 4.407054347018906e-05 6.360041901147518e-05 0.0026240199111809315 0.0016328064111023576 3.496691208524569e-05 0.0006204458474434584 0.07040783531799655 0.0 0.00017573552056601507 0.0 0.0 0.0 0.0001529670803492622 0.0005081016097739706 0.00043658204635329536 0.00031170188637789903 0.00021635026830750973 2.6040804829471624e-05 0.00010643147183755343 8.237933055936232e-05 6.627727545605928e-05 2.2162282336689817e-05 0.0 5.802441373905555e-06 0.0 0.0 0.0 0.0 0.0 0.0 0.0 0.0 7.452345203365589e-06 0.0 0.0 0.0 0.0 0.0 0.0 0.0 0.0 0.0 0.0 0.0 0.0 0.0 2.6099147729423846e-05 0.0 4.8683058959992155e-06 8.367507555371377e-06 0.0 9.528113628658685e-06 0.0 0.0 0.0 0.0 0.0 0.0 0.0 0.0 0.0 0.0 0.0 6.892211822789334e-06 1.4372767097894058e-05 0.0 0.0 5.31833365078452e-06 0.0 0.0 0.0 0.0 0.0 2.6326415022510456e-05 0.0 0.0 0.0 0.0 0.0 0.0 6.9766780992795996e-06 0.0 0.0 9.82218558215213e-06 0.0 0.0 0.0 0.0 0.0 0.0 0.0 0.0 0.0 0.0 0.0 0.0 0.0 0.0 0.0 0.0 1.1103519917305604e-05 0.0 0.0 0.0 6.145082882899082e-05 2.2996616961782777e-05 4.8476430885028505e-05
0.17491138403355477 0.0 0.1245834515787654 0.05117339272132805 0.17444849156251024 0.002046908983354118 0.15085962034927694 0.02858295497208547 0.11832629120597823 0.03264088299158853 0.13899761451324819 0.0034045982739721262 0.04955138242611359 0.16219049880603598 0.0013078457617057987 0.0004049155453846825 0.00013830589607125474 5.5414427233647496e-05 0.0 9.147014690593159e-06 2.9920838748301144e-05 6.106763206866126e-06 7.122684859795693e-05 9.360482496958202e-05 0.00020218236824141994 4.687139174419606e-05 8.166524536152753e-05 6.763122018215326e-05 3.509818731915916e-05 8.114530070683446e-06 0.12445334545404127 0.0020897065604113772 0.0010292430702141648 0.0 2.645742469052205e-05 3.6027202122706056e-05 0.0005416785462197533 0.0002457739394989313 0.00023744609992289807 0.00017005964100216676 0.0003061358694989677 0.00014223800167737028 2.115506876029787e-05 9.883666684752131e-05 3.9983499076333266e-05 1.9081492366401576e-05 0.010207156183617947 0.0009870786449207292 0.00015185784050747135 3.303291171420712e-05 0.0005704040921305999 5.473293579944332e-06 0.0 4.963524846840119e-05 0.0024466449625443008 0.004649301160010439 0.009959418413946779 0.0359457076117399 0.00787418772349982 0.008265400253056719 3.066468105052416e-05 8.912513768077505e-05 1.2900140376806328e-05 0.00953255560484762 0.0037142434544380383 0.003405395365204893 0.0013965760859725477 0.0005181399485678548 4.665665352396632e-05 4.2395951655308684e-05 0.001166179997428058 4.604255648450419e-05 1.5376766807610308e-05 0.029267579085463354 0.012157778435354939 0.021417181550297176 0.0015929882631483506 0.00015787004704628205 0.0001407758818709033 0.005429643351632791 7.726315820958006e-05 0.0007016872956174447 0.004435227285894541 0.00016664363379599218 0.002326494300209388 0.0028927149312040572 0.0004239435288181699 5.325963997097154e-05 0.0007680079235942795 5.7763858724513686e-05 0.00028620743369066527 4.9448408391246505e-05 0.0006478831862032827 0.00027513899183924005 0.00014811945521242092 0.0011154640251838353 0.00017281243149138792 4.24903403047139e-06 4.161900300275614e-05 0.0363584536633505 5.98185116933905e-06 5.158273001798115e-05 0.00038548966003540213 4.3702684995203594e-05 5.563654380930472e-05 0.0007507449026426548 0.0004890612489665843 0.0010861857249896444 0.0008831171896676985 0.0008048117520556156 0.0006430502254226742 0.0019396579688380257 0.000920182198484513 0.0011601735176176343 0.0005329800730792404 0.0 0.0 0.0 6.022368143578593e-06 0.0 0.0 0.0 0.0 0.0 0.0 2.2232635046562276e-05 0.0 4.111596629108418e-05 0.0 0.0 6.98668726328539e-06 0.0 9.045262892746415e-06 0.0 1.9397939359834737e-05 3.0593570958568405e-05 0.0 0.0 0.0 0.00023159130089618924 0.0 6.507617429175617e-05 7.719039278156277e-05 1.1811647314746678e-05 6.3157431720306514e-06 0.0 0.0 0.0 2.6484075118940784e-05 1.4913433310975763e-05 9.04366801372674e-06 5.031190148474215e-06 0.0 0.0 0.0 2.7671343118611855e-05 5.739144705537807e-06 6.935463458194475e-06 1.3166677300378262e-05 0.0 0.0 0.0 0.0 9.220844978532698e-06 5.427910666905974e-05 0.0 7.337847540385928e-05 0.0 0.0 0.0 7.490836681250148e-06 0.0 0.0 1.029462249987013e-05 0.0 0.0 0.0003697565015620557 0.0001439058078383751 0.0 0.0 8.419174959371025e-06 0.00011059112996046863 1.7133335775003976e-05 5.144335020233309e-05 0.0 4.793821336759514e-06 7.740777961367144e-06 1.3389892858950708e-05 7.349243321883588e-06 0.0 0.0 0.0 0.0 2.891203251830211e-05 4.832054666784148e-06 4.3364066957984394e-06 0.0 0.0003600885285413367 0.000138399106735598 0.00015679456819702288
0.01410666086732146 0.1245834515787654 0.0 0.0013919303699232823 0.04366336230606051 3.416231824484865e-05 0.00302625938346626 0.16073589535208915 0.08186665617366201 9.89734043566261e-05 0.31651608281859045 0.00015573038517114612 0.0026174925576060598 0.13307449845873529 0.0008964852007864993 0.0002750786761110307 8.92590389015395e-05 2.7410127527434163e-05 0.0 5.4257342875776874e-06 1.9935152474387806e-05 0.0 0.00034429665812045094 0.0002540038115912196 0.00014209868899500182 7.589001559091439e-05 0.00012003794110752958 3.338102261971225e-05 3.013930713092643e-05 1.5710793818665437e-05 0.2646569556988406 0.04930957770134654 0.0014425094269962953 4.1597660554256135e-06 8.056552694748407e-05 3.478272432899093e-05 0.0002772437733393136 0.00018970319877817095 0.00017031774769196234 8.001817411138684e-05 0.0002644122123894511 8.501850965616604e-05 1.7629929917240653e-05 3.7567950948451285e-05 5.18003130572995e-06 1.815176876894617e-05 0.005670181770646779 0.00047256525577820524 5.382739427694712e-05 4.1632085832444726e-05 0.0004962713910202951 0.0 0.0 1.8898875009628052e-05 0.0008533337864662497 0.00198616978509288 0.0031747711681613592 0.01868216046946884 0.003023003196861234 0.003574822770200515 5.2720063839154676e-05 0.0001923010159857568 6.539957940854028e-06 0.025428550294767482 0.0013833289533309626 0.0015653700743802471 0.0006925942520037793 0.0006187821846297859 0.0001808922703470788 0.00010464492507902346 0.0004891883252178509 5.1349988951738175e-05 6.1143121772585454e-06 0.013654279910454564 0.011559105480164613 0.013663517137807843 0.0015432720274651342 0.00013339475024117867 0.0005274119390911358 0.009451968598588762 7.702543889538316e-05 0.00317454601167211 0.0018303450861945519 3.632447644491016e-05 0.001059856311594577 0.001080855663043632 0.0002884174779478414 4.076475241863054e-05 0.0003928608036425405 2.6501350625940624e-05 0.0001512430947602405 2.59263559401178e-05 0.0013218868967074821 0.00024682636196109745 0.00014074924405315593 0.00032307733613527566 3.880256756809757e-05 0.0 9.230634420135867e-05 0.00296670529010366 7.031231121598564e-06 0.0 5.2875396524922575e-05 0.0 3.4267036517671984e-06 4.4124187782368905e-05 0.0 7.40096524849158e-05 6.68827545852837e-05 1.3083292574404592e-05 8.770063179782971e-06 9.038183929492071e-05 3.2345100850064095e-05 5.0154624530178645e-05 4.492729319264828e-05 0.0 0.0 0.0 0.0 7.145411848735825e-06 0.0 5.193334451264507e-06 0.0 0.0 0.0 5.896710963737444e-06 0.0 0.0 0.0 0.0 7.799775874423727e-06 0.0 0.0 0.0 9.511076611707603e-06 6.842146715851311e-06 0.0 0.0 0.0 2.0808079462735875e-05 0.0 2.5900386487950255e-05 1.1286905783225351e-05 4.369928085575184e-06 6.5084208772994325e-06 0.0 0.0 0.0 9.109724935504818e-06 5.544789039179491e-06 1.0343958042382176e-05 0.0 0.0 0.0 0.0 0.0 5.074367974361932e-06 1.5253638809172683e-05 0.0 0.0 0.0 0.0 0.0 0.0 0.0 2.8616233273740153e-05 9.010596157292287e-06 5.605166708039135e-06 0.0 0.0 0.0 0.0 0.0 0.0 0.0 8.400741866924582e-06 4.047109958450738e-05 1.0181363464445396e-05 0.0 6.383838571737123e-06 6.673485663206214e-06 2.6810596555148913e-05 0.0 7.72583565110246e-05 0.0 0.0 0.0 0.0 0.0 0.0 0.0 0.0 0.0 9.999450821657312e-06 6.62938911282275e-06 1.6790361121746384e-05 0.0 5.4952635947934726e-05 6.668781289361118e-05 0.00010969537876974067
0.117880646811498 0.05117339272132805 0.0013919303699232823 0.0 0.004795117518305634 0.016956562330167887 0.06234380168186398 5.376507493560658e-05 0.0006891170029268576 0.1261967807688864 0.00024043410205723434 0.03944962773701146 0.08375006436177324 0.00434401227957433 3.9038064807827786e-05 0.0 1.0434360236042412e-05 0.0 0.0 0.0 0.0 4.974743670947015e-06 0.0 3.542886805148976e-05 5.442374068382242e-06 8.614880709364604e-06 0.0 0.0 0.0 0.0 0.005298957439240466 5.347910311302256e-05 4.007144849442208e-05 0.0 0.0 0.0 2.731141007964787e-05 0.0 1.1217431740422104e-05 0.0 0.0 0.0 0.0 1.200750513460027e-05 7.699253246128424e-06 0.0 0.0004915141780914707 6.598418528041816e-05 0.0 0.0 2.1106318501295837e-05 0.0 0.0 0.0 0.00030097851069665974 0.0006384377203181298 0.0032873856647569685 0.004923006182028812 0.0011899614328431004 0.0007582686969424932 7.541540481600235e-06 0.0 0.0 0.00029099884861461553 0.00046430134451681197 0.00034331986778861454 8.738380129162763e-05 5.757929376082566e-05 4.286519250965168e-06 0.0 0.00018568927587834619 4.1462338407555766e-05 5.453140985373425e-06 0.003978939821971599 0.00042348469658939176 0.0015020174276134223 6.932569791299637e-05 1.1378727419213094e-05 0.0 5.486450886774117e-05 0.0 2.1001040908109326e-05 0.0004691214298020045 1.1428908247605567e-05 0.00018997882614125297 0.00016993047434667811 3.44175478470732e-05 1.1678865476512757e-05 7.467769834717989e-05 7.461039148533296e-06 1.3916053832799536e-05 7.345214583299475e-06 0.0 0.0 0.0 0.0005840987233455664 0.00021079674229851922 9.000847366559014e-06 0.00014302864440626827 0.02376294361880803 1.965674149106336e-05 0.000160505517863914 0.00027881798309779365 0.0001268395526749386 0.0 0.0015566246105402832 0.0008502835057898038 0.0005289334251164425 0.0014762645229265403 0.0010177178056815258 0.00016666129096125045 0.0009449307511046861 0.0006977554481591892 0.0005424308406389764 2.093276487908132e-05 0.0 0.0 0.0 0.0 0.0 0.0 0.0 0.0 0.0 0.0 1.9667850750690622e-05 0.0 0.0 0.0 0.0 0.0 0.0 0.0 0.0 0.0 0.0 0.0 0.0 0.0 7.112908956119088e-06 0.0 0.0 0.0 0.0 0.0 0.0 0.0 0.0 0.0 0.0 0.0 0.0 0.0 0.0 0.0 0.0 0.0 0.0 0.0 0.0 6.101403671555827e-06 0.0 0.0 3.316178387343025e-05 0.0 0.0 7.445507252294266e-06 0.0 0.0 0.0 0.0 0.0 0.0 0.0 0.0 0.0 6.383574711984889e-05 5.635001034244074e-05 0.0 0.0 0.0 8.444355502776979e-06 0.0 0.0 0.0 0.0 0.0 0.0 0.0 0.0 0.0 0.0 0.0 0.0 0.0 0.0 0.0 9.129891475994595e-05 3.36183999621752e-05 7.580470365764157e-06
0.004866849151305947 0.17444849156251024 0.04366336230606051 0.004795117518305634 0.0 8.465594914674268e-05 0.03182595875815152 0.003390930139261208 0.2511872782046552 0.01309415865652239 0.06733460477346001 0.004670595139766134 0.028622850025105805 0.16671145572438945 0.0013226442031267502 0.0003851592307746937 3.886636272888448e-05 3.595640025039341e-05 0.0 5.655060458208066e-06 0.0 0.0 6.206904176902996e-06 4.881317141582966e-06 0.0 0.0 5.0043383202164844e-06 4.54135495516207e-06 0.0 6.442915116038392e-06 0.009403474700069449 0.0005613212676115275 0.0003438033987589738 0.0 0.0 0.0 0.00015033759255336662 2.522999281540835e-05 5.103423406161918e-05 3.407836974768663e-05 1.128106222067769e-05 1.8937135044603713e-05 4.272220975102752e-06 5.344164979010922e-05 6.8570822015174e-06 9.851148214247293e-06 0.008645937889400067 0.00047089423723413313 7.203003931571881e-05 2.7428131486153683e-05 0.0002466464729601538 0.0 8.973885751280394e-06 0.0 0.00082882857900329 0.0014406060097286162 0.0013557235172896814 0.005438204544263529 0.002526410953272391 0.0041093310125899585 3.609035673557042e-05 4.7622527094364153e-05 0.0 0.00659652092318091 0.001654614421478799 0.0015781735387544126 0.0006387187698989763 0.0002248203840736712 1.405346082019051e-05 0.0 0.0019600652633629642 4.2028786025441536e-06 1.683589640136644e-05 0.008513976827835964 0.006547627713317829 0.012927305715254678 0.0018124218858432514 0.00010091984552582233 1.553269404944066e-05 0.000461027329760661 1.66069656123721e-05 0.00012384854845902434 0.0016854073170791276 3.6573800914838855e-05 0.001016437396005302 0.0011048958775939726 0.0001981519453908814 1.0420829727522022e-05 0.00043383512835698545 4.4277318051481266e-05 0.00011963095357395379 2.643733292389515e-05 2.1174465085491774e-05 7.46106859815984e-05 9.456032515011424e-06 0.0027721813988735625 0.00013363444868896843 0.0 0.00015444006424906995 0.0004708629234536413 5.5635822404724885e-05 9.777742980111603e-05 0.0006164096874792742 6.675377634806063e-05 0.00025365635718242724 0.0018625337234783532 0.0005681664913311804 0.0030460130602205306 0.0013807497383471795 0.0013922264707112496 0.0014413122462671635 0.0044336472696637225 0.002630362120072136 0.0028584470901997353 0.0010658414938356548 2.142746593701186e-05 5.713074738901813e-06 0.0 0.0 0.0 0.0 7.969620104760158e-06 0.0 0.0 0.0 0.0 0.0 0.0 0.0 0.0 0.0 0.0 0.0 0.0 0.0001865036837882457 7.116229123335948e-05 0.0 0.0 0.0 0.0006915499979185089 0.0 0.00018741123671281717 4.6225748739528994e-05 0.0 7.569372975004017e-06 8.077530361035423e-06 0.0 0.0 5.6142701291225895e-05 0.0 0.0 2.4901622061341597e-05 1.526726686494474e-05 0.0 0.0 2.2081338888322536e-05 0.0 3.817634610996704e-05 0.0 0.0 0.0 1.696098498829197e-05 0.0 9.279605217525134e-05 4.549042717119411e-05 8.566184527888396e-05 0.0003063770771473925 0.0 0.0 0.0 0.0 0.0 0.0 0.0 0.0 2.863820848121866e-05 0.0011287304818247052 0.0002424318545644165 4.732076893670218e-05 3.833938206139996e-05 1.5937452461409888e-05 0.0006018692563135731 0.0 0.00017954225569961094 5.31985991291614e-06 0.0 7.83775995823877e-06 0.0 0.0 0.0 0.0 1.7442547952121377e-05 6.983975968951946e-06 1.3477460618781095e-05 4.9153140278488316e-06 0.0 0.0 0.0008647407528875657 0.00041346370229029757 0.0005043163558062591
0.001759314817933735 0.002046908983354118 3.416231824484865e-05 0.016956562330167887 8.465594914674268e-05 0.0 0.0036364120708768186 2.261770634609308e-05 7.101446449334069e-05 0.03042276316167262 1.5259976784216446e-05 0.006556242329944898 0.007808355933360558 0.0009059330845824264 1.4284980134923986e-05 2.824468840280666e-05 0.0 0.0 0.0 0.0 0.0 0.000600392937633006 0.0 0.0 0.0 0.0 0.0 0.0 0.0 0.0 0.0002440674983209301 0.0 0.0005178914838489887 0.0 0.0 0.0 0.0008938091636646489 1.6353979967838018e-05 0.0011871591280365559 5.631120211416484e-06 0.0 1.4894119696949623e-05 0.0 0.0 0.0 0.0 4.103960162911175e-05 0.0 0.0 1.903630870197005e-05 2.832068995162554e-05 0.0016052204763515633 5.443608653104307e-05 3.229000445617215e-05 0.0 0.00011266330656984862 0.006702381857092243 0.0003217724161357359 0.00024405950649343327 0.0 0.0 9.235213354891559e-05 0.0 0.0 0.0 0.0 0.0 0.0 0.0 0.0 0.015677937249386317 0.023997543582569 0.0010126231942415795 2.7656299329533264e-05 0.0 7.22913409561831e-06 0.0 0.0 0.0 8.975703282829255e-05 0.0 0.00015604194775485603 8.234084427410714e-06 0.00016330142572198094 0.0 0.00013967111436660525 5.160372010948844e-06 0.001076183609236416 0.0012454449773117327 0.002002967616182872 0.0005123715018548027 0.0015690038003759077 7.0038763500964906e-06 0.0 0.0005249166173401024 0.014919966720269184 0.03682437010624393 0.0014504767356391828 0.008436796854065225 0.025553028609395987 7.095710225853451e-06 2.1850809882189648e-05 1.326335515752986e-05 9.883572104717245e-06 2.0734480617705243e-05 6.254963000214689e-05 0.0001244908440722606 7.870608309069212e-05 0.00017790556340286737 5.852945109664197e-05 1.9649438428761643e-05 0.00010405677783391774 0.00010012465108638264 4.3104720342476504e-05 7.20312718233891e-06 0.0 0.0 0.0 0.0 0.0 0.0 0.0 0.0 0.0 0.0 0.0 0.0 0.0 0.0 0.0 0.0 0.0 0.0 0.0 0.0 0.0 0.0 0.0 0.0 3.964693657853895e-05 0.0 7.304066444960443e-05 6.562164109068708e-05 5.83755493511666e-05 0.0 0.0 0.0 0.0 0.0 1.0272375421154084e-05 0.0 0.0 0.0 0.0 0.0 9.627432308745183e-06 1.3832913902210283e-05 5.961741599411463e-06 0.0 0.0 1.8768037440189746e-05 0.0 0.0 0.0 2.0176788514735376e-05 0.0 3.876519065101629e-05 0.0 0.0 0.0 5.836253921828911e-06 0.0 0.0 7.3386303292629094e-06 5.663819682144951e-06 0.0 8.061999948404784e-06 0.00012560785060397521 6.03590718284723e-06 5.964203647535317e-06 1.1461875880550596e-05 0.0 0.0 9.923166645440063e-06 0.0 0.0 5.5501066625527596e-06 0.0 6.406341201998416e-06 0.0 6.5857339359354194e-06 0.0 0.0 2.3375663698542297e-05 1.7022777648653954e-05 0.0 0.0 5.021767158143471e-05 0.00015604411048498714 0.00010601762224426997
0.06188087536118126 0.15085962034927694 0.00302625938346626 0.06234380168186398 0.03182595875815152 0.0036364120708768186 0.0 0.00022111133453822616 0.03497898632679471 0.11287497219964071 0.007066562822202131 0.028287326085082352 0.4293548736877418 0.10054108258072282 0.0009952563181063123 0.00016868706363829778 3.444974177824264e-05 2.9461295129299855e-05 0.0 5.479870415938948e-06 0.0 0.0 1.3176214676915905e-05 0.0 0.0 0.0 6.234197378656872e-06 9.863323446503054e-06 5.578823312376794e-05 0.0 0.008107520424209416 0.00021625307415463829 0.000158554346209365 5.5269130416836375e-06 0.0 0.0 0.0001905328151576804 1.0403850942200262e-05 4.557755689564723e-05 1.3573532421905216e-05 0.0 4.285315117305315e-05 0.0 5.1032702606858174e-05 0.0 1.0194869493427346e-05 0.007336839849458535 0.0006454612266617414 7.408815613928505e-05 1.0917075963591153e-05 0.0003825640336195253 0.0 0.0 1.061819563530445e-05 0.0013070856490412603 0.0029489321678681105 0.003529341133779936 0.010984586103525353 0.00463972390556287 0.005005865799277884 1.2548797430422722e-05 5.1698399175236084e-05 0.0 0.00397548859612765 0.002109268327227721 0.002083060691747456 0.001000724917549309 0.0002975151515323911 3.7861243265735574e-05 0.0 0.001082948492594512 5.6273292581671416e-05 9.647241818875814e-06 0.015746486429634998 0.005972547618756283 0.012366726973242929 0.000808432766123685 0.0001131376476989357 6.387204619543459e-05 0.00023115310751463202 5.38714934236453e-06 0.00017739484901777513 0.0026414543411988427 6.220101504069114e-05 0.0017629524769752385 0.0017309763740114038 0.00028724435986319374 1.7917504407788373e-05 0.0005007492078498237 1.6038998408592463e-05 0.00016891719689189256 9.350282763454666e-06 1.7126301987625117e-05 8.046731800647357e-05 6.42903373413368e-06 0.0037009496267059743 0.00020787911883720227 4.849231142923927e-06 0.00011785016692499956 0.0061785355018634 0.0002890792733679568 0.001384247575457735 0.03762642869913364 0.0047639524543479465 0.000446211676998773 0.0071351851324755935 0.006652794989093452 0.005182449368203151 0.008186895608007937 0.00470324585875199 0.0016201288208857604 0.014727674386730625 0.0056645357071607545 0.006386828360135961 0.0015762073908149666 4.247981076506518e-05 5.25088473343416e-06 0.0 0.0 0.0 0.0 0.0 0.0 8.13408254566044e-06 0.0 0.0 0.0 0.0 1.2120241568969485e-05 0.0 0.0 0.0 0.0 0.0 0.00016533015300513774 2.3229085044081915e-05 0.0 0.0 0.0 0.0007498278423846152 0.0 0.00029983637072610557 5.225709976100933e-05 1.0253150081827173e-05 0.0 7.857083215719452e-06 0.0 0.0 7.428830752182048e-06 0.0 0.0 0.00010825243423081743 5.6274456843355744e-05 0.0 6.105010694454972e-06 2.4051100897807345e-05 0.0 1.0360186492760493e-05 6.245992102450707e-05 6.681080699639159e-05 8.279852744818687e-05 0.0005231621083629587 0.00020815951377584676 0.0002478613386722009 1.0790018257429472e-05 7.152795767694811e-06 0.00047699785482030954 2.397783252654567e-05 5.57139199212973e-06 7.83265905296113e-05 4.79723029793854e-06 5.195870308905788e-06 4.7614360201077134e-06 5.149334706328514e-06 0.0 5.702003682190603e-06 0.00113125080645704 0.00044385034919402843 7.37837545623735e-06 9.683723378293494e-06 5.8058744437209245e-06 0.0004941357200517294 0.0 0.0002262192112916935 0.00033817302962430495 0.00012272577959232143 0.00014146153593934881 4.743125325353478e-05 1.166082257307299e-05 2.0635240939765533e-05 2.9148521550241308e-05 3.2486103362389184e-05 2.2230468236508105e-05 7.571444277768056e-05 0.0 0.0 0.0 0.0017147204019556394 0.00044151370752019373 0.0004126393330627629
0.005117553138176748 0.02858295497208547 0.16073589535208915 5.376507493560658e-05 0.003390930139261208 2.261770634609308e-05 0.00022111133453822616 0.0 0.009400781296569585 0.00010079722417965 0.12882421022541718 0.00010265773141275575 0.000947105664627884 0.030642061809756087 0.0016228821666154217 0.0013268542304963233 0.00044922304819067053 0.00018383991462417537 5.827420517472511e-06 0.0006140006401524563 0.0002851544203814577 0.0 0.003267864537683458 0.0019870774496589826 0.0018236934429558737 0.00027950708358853005 0.0012198311757475341 5.462056841266123e-05 8.93507908079329e-05 1.6291968475238452e-05 0.1829079215739611 0.26693899594911624 0.01125850524398655 0.0007954494194248138 0.0013000306991014228 0.0011184901653263574 0.0009495767145456503 0.0019179366312346532 0.00035434948101214847 0.0005919210229916713 0.0017125268339114427 0.0003297138295068758 0.000616042537798197 0.000479030939832211 0.00036849843465728877 0.0005171494801084634 0.00511406532580809 0.00025531560255211735 0.00024301599272874932 0.0006284729992852834 0.0019405955622361878 6.201512002208115e-06 6.09781927368464e-06 4.015361480700514e-05 0.00024198666188937547 0.0005800507972541403 0.0011583025891482924 0.007463478300499764 0.0009720568158426323 0.002028994400913054 0.006857694760054962 0.004919922275739099 0.0001286082490282174 0.04065757322893474 0.00045687269810297244 0.0012671710765562348 0.001972994760269893 0.005636856636296939 0.004908783162943802 0.0011340179096873057 0.00047495896148155967 1.308891841742096e-05 0.0 0.005064422799498731 0.009638270896261392 0.010458365451158115 0.006980351483982047 0.01039759455857083 0.14095595337199865 0.17377525751280326 0.015006506477089704 0.23756717552641876 0.0006470840865356574 0.0 0.0005278701229830475 0.0007746047193143738 0.002418953854052908 4.852445751403812e-06 0.00018677344125473107 1.7306484001225813e-05 0.0002630970558629197 6.692343104742521e-05 0.011664579494571269 0.0015952052098935632 0.0003582844455316323 0.00019231777334252628 0.000129183090902376 0.0 0.00022838788661251193 0.0011540078154711451 0.0 0.0 0.0 0.0 0.0 6.270853632962519e-05 0.0 2.666293820468242e-05 1.0955292973923495e-05 0.0 5.560900803757905e-05 6.085131083827897e-05 0.0 1.9208596806227562e-05 0.00011401592940086677 2.0743079982838055e-05 1.7993525614418423e-05 0.0 0.0 0.0 0.0 0.0 6.258598285853671e-06 0.0 0.0 2.989302368729595e-05 0.0 0.0 6.241272707070657e-06 0.0 5.989748453891321e-05 5.165658107643818e-06 5.2970299244635076e-05 0.0 2.3736978347819836e-05 0.0 0.0 0.0 0.0 7.198883839801124e-05 5.085614096863216e-06 0.0001539472974455784 0.00023852923122423485 4.5977763226172634e-05 3.371161359373523e-05 2.0275736292724278e-05 0.0 0.0 5.3408678077241065e-05 1.4862215811220503e-05 0.0 0.0 0.0 0.0 2.0645937014456074e-05 2.4833505891117657e-05 1.1742463688285851e-05 3.886641280066766e-05 0.0 0.0 0.0 0.0 0.0 0.0 5.64673589443936e-05 0.0 7.301174521305469e-05 8.449450955793784e-06 7.014805351304321e-06 0.0 0.0 0.0 0.0 1.1516601001442843e-05 6.851039872535637e-05 4.0781564298008374e-05 2.4447952047957876e-05 5.659774623868541e-06 0.0 0.00010233022337696801 0.0001300204940005224 5.765143088068965e-06 2.1356958560964707e-05 1.2905085985375706e-05 0.0 0.0 0.0 1.3076159385263578e-05 0.0 6.197345288043692e-06 0.0 4.676667087505804e-06 0.0 9.435372897273097e-06 6.41045432080973e-05 7.286344149293841e-05 7.510599086814384e-06 3.333544394454678e-05 0.00010589882489872388 0.0003307784835784165
0.0008798088861253309 0.11832629120597823 0.08186665617366201 0.0006891170029268576 0.2511872782046552 7.101446449334069e-05 0.03497898632679471 0.009400781296569585 0.0 0.00370584682476267 0.1323279673559074 0.0016280512889486568 0.014759676271470169 0.10570491924417158 0.0006361739367978366 0.00027217200464685164 5.124500214579619e-06 1.9570572403043012e-05 1.748626506965901e-05 1.0449694812365516e-05 0.0 0.0 0.0 1.5464573057489455e-05 2.3350619276206163e-05 1.0941933080368004e-05 0.0 4.37343904483105e-06 1.8467708739211916e-05 0.0 0.009877453350987367 0.00039420302229881897 4.61189237427913e-05 0.0 0.0 0.0 0.00014587436664145528 4.040459461299541e-06 4.2368053883135724e-05 0.0 1.1980126254461849e-05 0.0 0.0 1.2937245422650062e-05 0.0 0.0 0.003075928720433745 0.00013685634910409213 1.4148959579573845e-05 6.321595265326556e-06 4.908760447415737e-05 0.0 0.0 2.2793208317026284e-05 0.0002703125133145912 0.0003851978535519208 0.0003471799864902156 0.0013072418896953632 0.0006770514315852701 0.0013155787529485292 6.338454991074988e-06 4.939346851803975e-05 0.0 0.002364218329356823 0.0003177348812374759 0.0006109771449127928 0.0001463749223889964 6.203818901984548e-05 4.1305022508272005e-06 0.0 0.0011852867400674598 3.4859931680529105e-05 0.0 0.0024735601189970775 0.0021437004682178244 0.004361652830644038 0.0007287341267656938 2.3502413555962976e-05 0.0 0.0009683911344058514 1.9228677445791534e-05 8.591899355765942e-05 0.00047722989562339226 3.317697861966257e-05 0.0003840301013079191 0.00030486889760573954 9.095987649065017e-05 6.148080958734386e-06 0.0001620264212020251 5.66384712890017e-06 3.783475047070832e-05 1.8134308923603827e-05 1.0709614100712102e-05 0.0 0.0 0.0017465006407942848 7.85150336456318e-06 0.0 0.0001516571880362021 0.0001730906562818594 1.4058008450809163e-05 0.00013249310949604295 0.0003012183430401067 0.00010327502154837611 0.00032162146046562176 0.001083447134858132 0.0003905036369884289 0.0016812611635015852 0.0006895471974337781 0.0007046998028824671 0.0009198167731272877 0.002391913567472171 0.001529884594428895 0.0016545308835702586 0.0010763736335080785 5.302009507665021e-06 1.0158186534170675e-05 0.0 0.0 0.0 0.0 0.0 2.623842740150559e-05 0.0 0.0 8.495452459350518e-06 0.0 0.0 0.0 0.0 0.0 0.0 0.0 0.0 0.00011899900130751326 2.3565511791708506e-05 0.0 0.0 0.0 0.0004845992577877559 0.0 0.0001467949296989042 7.733597074216384e-05 4.6039937915695146e-05 0.0 0.0 0.0 0.0 8.84503213716214e-06 1.0456132930975629e-05 0.0 7.807835577004537e-06 1.9671913983169813e-05 0.0 0.0 1.6919811146437577e-05 0.0 7.0336078622399736e-06 7.4875668083577215e-06 0.0 0.0 0.0 2.0517885661574922e-05 0.0 0.0 0.0 0.0003084407934799263 0.0 0.0 7.19606209082302e-05 0.0 0.0 0.0 0.0 0.0 0.0 0.0004868565779680961 0.00022206907348381946 8.77694267188923e-06 0.0 0.0 0.00028893911502880586 7.460072280945274e-05 0.00010431534036239129 0.0 7.638202760863733e-06 1.5348994029444246e-05 6.3340219692044935e-06 0.0 0.0 0.0 0.0 6.338873368641077e-06 1.0701319246201413e-05 7.59384286999097e-06 0.0 0.0 0.0005835321121598557 0.0003096593266719144 0.0003827698319864966
0.09184834651305634 0.03264088299158853 9.89734043566261e-05 0.1261967807688864 0.01309415865652239 0.03042276316167262 0.11287497219964071 0.00010079722417965 0.00370584682476267 0.0 8.681261502854294e-05 0.1855932242589724 0.4356617833597233 0.043453865656470726 9.778379077208981e-05 4.6825968106107385e-05 1.0198165700368702e-05 0.0 0.0 0.0 0.0 0.0 0.0 0.0 4.29600284669866e-06 0.0 0.0 1.5616770507826353e-05 7.95863101741251e-06 0.0 0.002545761829977767 1.7146446422349877e-05 0.0004750545670607471 0.0 0.0 0.0 0.0003264443071169309 1.1159160424574721e-05 0.0001542700586763211 2.1520130633467447e-05 0.0 5.2450927262780674e-06 0.0 0.0 0.0 0.0 0.0005853415550757726 6.740696350139286e-05 0.0 8.589936801496921e-06 3.3587330977067776e-05 1.1883321548792875e-05 1.0645844161267824e-05 0.0 0.00017049275562130154 0.0004028015695925116 0.0030296854302504124 0.0028495290422756395 0.0009504026697505543 0.0006994396633998934 0.0 6.1449201310586525e-06 0.0 0.00022289591291932415 0.00031948503211497273 0.00025889197187650324 0.0001065046652865914 4.1892091170077955e-05 0.0 0.0 0.007331157651206552 0.00015819841854215294 0.0 0.0030452863387591326 0.0005686925640303298 0.0014140909138418405 4.553948342442666e-05 1.2174768257239515e-05 0.0 0.0001375359129600951 0.0 4.692785973404492e-05 0.000380082792424823 4.749021185096901e-06 0.00019337382211450066 0.00023386356212572702 2.1178937793886715e-05 1.7245213941919348e-05 9.441916203718088e-05 1.7116358473290606e-05 1.1951749276778795e-05 1.0760540071418648e-05 3.4471242601938324e-05 0.0 6.783194052850637e-06 0.010523604324251298 0.0007556226164703593 2.6652273656670175e-05 0.00045621267782029615 0.023384020459580292 2.1129998374814905e-05 0.0014552725405603604 0.0027676500486315814 0.001504099627481088 0.0007137140301712949 0.0075932376560567455 0.007558081925131652 0.009874897035128184 0.00610440492750572 0.011420680957733683 0.0023704485662428823 0.014696256996592336 0.012073750111901668 0.018005129454189535 0.0016901176324049271 6.829682921763617e-06 2.0739123570162975e-05 0.0 0.0 0.0 0.0 0.0 0.0 0.0 0.0 0.0 0.0 0.0 0.0 0.0 0.0 0.0 0.0 0.0 0.000156864052995987 0.0 0.0 0.0 0.0 0.0008465413847688262 0.0 9.883303274876902e-05 2.2666307131549786e-05 6.734113320079643e-06 0.0 0.0 0.0 0.0 0.0 0.0 0.0 0.0 1.4067543601934221e-05 0.0 0.0 6.0032559293914523e-05 0.0 7.206063985147697e-06 1.7883540531809194e-05 0.0 0.0 4.076703903006223e-05 0.0 0.0004954739570739901 6.197458042281364e-05 0.0 0.00016282713503557917 0.0 0.0 8.137977759489418e-06 0.0 0.0 0.0 0.0 0.0 0.0 0.0017494621134142862 0.0008461885782427656 0.00010098093458490512 7.538998318623298e-06 1.4263629526577836e-05 0.00047437849969881826 0.0 0.00010913372802868313 6.38846742991515e-06 1.2901463755490557e-05 2.2186397278369372e-05 2.389217046169274e-05 1.1031815269287401e-05 0.0 0.0 4.004518306238065e-05 8.325906434300556e-06 0.0 0.0 0.0 0.0 0.0026904494946161524 0.0008092647796434513 0.0003674131884721915
0.009947781135126156 0.13899761451324819 0.31651608281859045 0.00024043410205723434 0.06733460477346001 1.5259976784216446e-05 0.007066562822202131 0.12882421022541718 0.1323279673559074 8.681261502854294e-05 0.0 0.0005729262004311219 0.011493497591011002 0.11513539263748966 0.0028550502515848667 0.0014858444645598067 0.0001857815218263336 9.182431315908209e-05 0.0 6.300930195327397e-05 0.00014126836827240913 1.2744445319689077e-05 0.0005391135672002802 0.00042794016768024656 0.000738763744538557 0.0003077862625482945 0.0004840747855311574 0.00024072280705737556 0.00012107251056812987 4.338754506076238e-05 0.1397024504334914 0.04192006888537632 0.007975831020243246 4.6891910419137305e-05 0.0002795989334130772 0.00039943806914178356 0.004697676603526844 0.002054632371199737 0.0012182605878480373 0.0009701394248384267 0.0010384287329033273 0.00042974741819386443 5.3839970825272506e-05 0.00017062331241785196 2.1664734234258118e-05 8.51575916374298e-05 0.0084533400400947 0.00043115371723464286 0.0001249001449222191 8.777389089653896e-05 0.0006289757689474445 7.876538514346875e-06 4.002255432540618e-06 8.227565377962907e-05 0.0006254537063663849 0.0010895021038124812 0.0016643484833188764 0.009089126333386956 0.0018474127036813932 0.0032677343521599076 6.772907565346474e-05 0.0007644546314275041 4.603077515027608e-05 0.01712882775302032 0.0010631723224825327 0.0010024602557097344 0.0005504721079019293 0.00043201774071813806 0.00013104629162651453 0.00018414927479122972 0.0034982827538761886 6.557284854884591e-05 5.555431333065879e-06 0.008300702935021975 0.010611811452906468 0.01664309586927172 0.004115453877398686 0.0004582286360569389 0.0063183690071826875 0.08774708581974881 5.934058950455113e-05 0.007905035996637833 0.0012025995186481842 2.9974457468236254e-05 0.0008092827227742269 0.0007557312726107529 0.0002717493717209949 3.074911765484662e-05 0.0003494245046137551 1.0818348872350324e-05 0.0001984505071142663 1.764392256977465e-05 0.0020667774828670563 0.00073743428565624 0.0003423275210810007 0.0008472852856735806 0.00011660865004272956 8.442841109512482e-06 0.00041657713053246814 0.0021094363662775488 0.0 7.167784589082537e-05 8.285907536110932e-05 0.0 6.727990839154588e-05 0.00018558715206569554 1.6209660478054105e-05 0.0003088419166804369 0.0001332360872254765 7.627482132454331e-05 0.00014170930558768437 0.0003669670800398715 0.0002181411520242669 0.00034370036549437983 0.00016079686665420686 1.5084206280164587e-05 5.833665396089774e-06 0.0 0.0 0.0 0.0 0.0 7.367773590679603e-06 7.803204493413921e-06 0.0 2.08979119507742e-05 0.0 0.0 6.6930974825188275e-06 6.065368307361563e-06 7.729556837667243e-05 0.0 1.5052269384148778e-05 0.0 2.3921291098081482e-05 0.0 0.0 0.0 0.0 0.00020085462366859817 0.0 0.00013552642362693653 5.744720550951424e-05 1.6003532379118013e-05 3.697792656782958e-05 1.9621469814288046e-05 0.0 0.0 2.6604747374590216e-05 1.2002463091485516e-05 1.1155061585494162e-05 0.0 1.3790607696251925e-05 0.0 0.0 0.0 1.805006630107841e-05 6.7703660329031e-06 0.0 0.0 0.0 0.0 4.1165659754120405e-06 0.0 6.759980403268252e-05 4.3145975040988177e-05 0.00012550512926804534 2.267080394858107e-05 0.0 0.0 0.0 0.0 0.0 2.271441387541249e-05 2.1277083681540606e-05 1.3420626919464001e-05 0.00019040080405400528 8.612748652836978e-05 2.3297285779984106e-05 0.0 5.849551170020121e-05 9.534920646495068e-05 3.356833633884557e-05 8.734660685837838e-05 0.0 0.0 1.903925848635225e-05 8.066080613282561e-06 0.0 6.347783178829585e-06 0.0 6.226774144075535e-06 1.0979761756204154e-05 1.040971601706958e-05 6.6384547018922475e-06 0.0 0.0 0.00018537701414418232 0.0001342662106826329 0.0002638640450523476
0.004584295480484059 0.0034045982739721262 0.00015573038517114612 0.03944962773701146 0.004670595139766134 0.006556242329944898 0.028287326085082352 0.00010265773141275575 0.0016280512889486568 0.1855932242589724 0.0005729262004311219 0.0 0.17803737799296768 0.039706736339647705 0.0007993166965368985 0.0008587945454098058 0.00014030796921697181 5.1505344262534064e-05 0.0 2.5088577489048634e-05 3.455886228806237e-05 2.4313892081095635e-05 8.53318388465668e-05 3.630902985615358e-05 0.00021308837871183135 0.0006369323763230128 0.00011847965677241411 0.00026329068530297095 0.0002186942605191147 4.578148851236134e-05 0.0006883774011483165 0.0005556688691176738 0.015002369841601793 3.056586383007362e-05 1.0502664824531924e-05 6.278486056326897e-05 0.014431462243568366 0.0015639955100938416 0.0020639120297529837 0.0006418374786743105 0.0006784163338720335 0.0005155622505736514 3.8833085392687956e-05 1.3081032667923922e-05 3.5081582032249686e-05 4.391981627576704e-05 0.002032394310968193 5.341023252793212e-05 3.644631222043976e-05 6.853086992482911e-05 0.00011134064075944926 1.5156659037713645e-05 3.2305710305494954e-05 0.0002141032050537765 4.8241617588766255e-05 5.1942988338084745e-05 0.0004026625973982688 0.0004682806507529658 0.00025996702122113336 0.0004344188852339619 5.90460001426315e-05 0.0034787030153696076 6.518523508633815e-06 0.0014872657061333913 7.76908205678802e-05 8.92004779111539e-05 5.474443079725209e-05 6.446620539264032e-05 3.0803197406089044e-05 6.692833177684078e-05 0.021948580152096674 0.00026487767523502794 0.0 0.000840962408570605 0.0008940576268999067 0.0017551822916701612 0.0007500529054065361 0.00012554470934358637 7.77782811370044e-06 0.0016215746747807376 1.720620468470654e-05 0.0004001100358101214 9.743253832581803e-05 0.0 8.999692970870447e-05 5.543418889740753e-05 2.4870046053066756e-05 1.1412439452668005e-05 4.8310469999653925e-05 6.94977063570723e-06 3.349972464341924e-05 5.604507800462753e-05 0.001022992299817081 0.0006175928681378296 0.0005292529739641175 0.053233451011524574 0.001886010276998267 0.0 0.002857888472696032 0.0021795504763142282 0.00014062641722722153 0.00021016685224774134 0.0010339707185367897 0.00011963853963455596 0.0006329651993272547 0.0030927903978690136 0.0023354933420245364 0.005840725592810684 0.0024578953096204724 0.003208111099279483 0.002320447156547494 0.009266154468162717 0.005428224544660579 0.00646672357760568 0.003380869666142845 5.817729476195832e-05 3.253459769894388e-05 0.0 0.0 0.0 0.0 8.054039647586132e-06 1.6042697415211817e-05 0.0 9.481107722221657e-06 2.7790623749591094e-05 0.0 0.0 0.0 0.0 5.69140522893215e-05 7.6084267404685395e-06 2.8600468450983832e-05 3.4247461788569134e-05 0.000171215606719311 0.00011902924763176821 0.0 0.0 0.0 0.0019140917566092634 0.0 0.0005802195206183378 0.00023365112832022966 6.354994591222983e-05 4.3907353965287736e-05 3.0091988183119026e-05 1.1938705020908361e-05 0.0 2.6172700211692284e-05 7.083359927807618e-05 3.237649659991951e-05 2.3330145480418733e-05 4.925302272976316e-05 0.0 0.0 8.88441626512499e-05 5.145693263714712e-05 8.428485269644521e-05 4.619700976139868e-06 0.0 0.0 1.0093668856097637e-05 5.75347487898062e-06 1.9177135406700876e-05 3.1378347870792864e-05 0.0 0.0007311771910074904 3.1133710490671526e-05 0.0 0.0 0.0 0.0 0.0 0.0 1.0297909063356948e-05 2.1254475715083594e-05 0.002389770917609737 0.0009806297393649126 0.0001213371399422139 5.966283035965086e-05 3.9748940218909964e-05 0.001127245843439187 4.728667005235948e-05 0.0003036682767596528 2.5642157029560327e-05 3.666955040404016e-05 2.5159997655157977e-05 2.4077829215666573e-05 2.9657626220229982e-05 0.0 0.0 4.8534054976715576e-05 3.054652239839015e-05 7.194511126611702e-06 2.5927523169018938e-05 8.264545874882272e-06 6.890863964566657e-06 0.0035785234915002603 0.0016762221569623064 0.0015350531363003473
