0.0 0.20320722707719466 0.02965147426359847 0.06894811036966951 0.003948487326268008 0.011441647843619304 0.064353507446624 0.003450585380392571 0.0006971480919157803 0.0751220964230802 0.0039173159388635834 0.0026623910071491255 0.010507770431524024 0.001908984915317716 0.00013030114011777468 0.00020140177434226357 5.985736700514819e-06 1.4307520865947426e-05 0.0 0.0 6.37618836122266e-05 1.10086863750393e-05 1.7720474300205803e-05 2.5143813639468994e-05 3.757007132563423e-05 3.517325318382761e-05 8.841017756590934e-06 1.9135102905455413e-05 0.0 0.0 0.07218363380671186 0.0009611870241900741 0.0012786366154965867 0.0 0.0 5.7664181938244854e-05 0.0003676296533570657 1.922497932250211e-05 9.761696102735756e-05 7.860234914389432e-06 3.688621402157024e-05 4.871447458493897e-05 6.610717676088733e-06 2.9675457788350125e-05 2.5571892942813454e-05 1.0268561296755007e-05 0.002067990357600378 0.00015759749720312005 6.29117150556073e-06 5.575992794334704e-06 6.170455412471638e-06 6.88787752972737e-05 2.2589055310464745e-05 8.333943434010832e-06 0.0008015688638515801 0.0005170590657686516 0.018145678722059258 0.053366465316929464 0.002404584944081915 0.0007361800118615054 0.00011547775086842888 0.0002869919393942627 2.053801596782e-05 0.0008371574161503499 0.0002820415642897891 0.00023711973413093138 7.758532343859439e-05 4.1830562057701655e-05 1.2600088090233461e-05 5.837290564989848e-05 0.00018611151705647991 0.0004848153034314422 1.964529910235081e-05 0.008838590507454811 0.0014386707012991936 0.0012899784006785093 0.00015403374218533555 8.044878306501112e-05 0.00029748145042022574 0.0015566086776744746 9.264940056005237e-05 0.0005261982346149888 0.000770365059792704 1.9115684600425807e-05 0.00022924975452648556 0.00025225129852464304 1.2240576992700041e-05 6.67597644833708e-06 4.2086613500060815e-05 3.25565919123726e-05 0.0 9.757532929093508e-06 0.00016737720703891088 1.915214068877393e-05 7.988638962314102e-06 0.0011269783106860082 0.0003637700596576247 2.0195947386717906e-05 0.00015955204521020844 0.10877770448136549 8.385757367113113e-05 0.0010950914731030254 0.0005180040563835254 0.0005315368351506189 6.0166495246637e-05 0.0008080238930385936 0.002050606444055901 0.00021837375792817406 0.002707526198784903 0.0021425921563474858 0.00028058378817325186 0.0005537491105862112 0.0013300141451199792 0.00027947892699166317 0.0003224526547650425 0.0 0.0 0.0 0.0 0.0 0.0 0.0 0.0 0.0 0.0 0.0 0.0 0.00019700882581464283 0.0 0.0 5.6339483056354354e-05 0.0 0.0 0.0 1.7459250664811082e-05 0.0 0.0 0.0 0.0 5.368605967883178e-05 5.984562678341482e-05 5.125313193970777e-05 6.0003036375373086e-05 6.4451302541553e-05 0.0 0.0 0.0 0.0 0.0 0.00012709677971335938 0.0 0.0 0.0 0.0 0.0 0.0 4.3741514385616526e-05 0.0 8.566640295029793e-06 0.0 7.078669113968855e-06 0.0 4.5210366862866734e-05 9.680913150295418e-05 8.749325963460185e-06 0.0 6.55536351283406e-05 0.0 0.0 0.0 0.0 0.0 0.0 0.0 0.0 0.0 6.19447652014786e-05 3.317800284574533e-05 0.0 6.6412503472577486e-06 0.0 0.0001265784834248611 0.00011021693510131165 0.00014036182950063512 0.0 0.0 0.0 0.0 0.0 0.0 0.0 0.0 0.0 0.0 0.0 0.0 0.0 0.0006017620864391372 0.0002084706518763642 8.996226488854039e-05
0.20320722707719466 0.0 0.13307811383615353 0.13100201183873 0.1454455141930869 0.02181788418519172 0.17873839055968793 0.027282161794997296 0.08872027036044253 0.1327990489466941 0.09571326623838154 0.01320122196622293 0.07662378981528024 0.12660376293761608 0.003922221297774373 0.003883521067966868 0.00012775847639876598 6.784196357210385e-05 7.035864638673171e-06 5.670432824016847e-05 0.0002931164166315418 0.0 1.798705521999866e-05 1.6048863366437566e-05 0.00023429236633306128 0.00010853969887085226 3.057430191828572e-05 4.2455203945899346e-05 0.0 0.0 0.21074524849164109 0.012207602126390767 0.008476794161397898 2.5941890083007497e-05 0.0002116807190176701 0.0005850488220790917 0.002121837088921342 0.00034007736970433376 0.0004797373668149264 6.502971058168937e-05 0.0002012656764165797 0.00019071809161827472 9.144675783271597e-05 0.00047901678985241397 3.115667683650463e-05 7.280302659221742e-05 0.01614383618481511 0.00048007294387176054 7.64374835490407e-05 2.3958113435096484e-05 9.65744272644111e-05 7.098106668500165e-06 1.3641036977539403e-05 2.2267336414128694e-05 0.0018504554978923619 0.001241778122238205 0.01900369244222027 0.05242565121955123 0.0045470162214849424 0.004998624598460382 0.0005342671800305394 0.0007094701367483202 0.00019211724066269008 0.007450020617514067 0.0010944489286846635 0.0009449067250517681 0.0003789989677943144 7.527561669566621e-05 0.00011335526181764068 0.0003974108698821016 0.001635344226460104 0.002244452807240536 0.0 0.025581292305200058 0.008107493186343167 0.015373003573381862 0.002750628043344413 0.0018190876584643252 0.0008425648958452798 0.005963687925904533 0.0006883437217554007 0.0015634054945972964 0.002792507184727922 0.0 0.0006173492287897471 0.0008468234463262905 0.00014266348896469587 1.6112097979544882e-05 0.0002182656221248159 5.695551449436544e-06 4.669707498046952e-05 6.6041901207022115e-06 0.0010254802957262682 8.627487377633092e-05 6.272967992161921e-05 0.0014456054181972056 0.0014985986275996373 0.0 0.000826861848296277 0.06152023032615862 3.64421457859618e-05 0.00034208043780799394 0.0004916715262908395 0.00032674646934602645 7.55850864924161e-05 0.0007954671696335134 0.0008242709917222255 0.0003130187543301855 0.0016209059387932913 0.0011313452926229796 0.0005347886978959003 0.0008307554583331186 0.0015520230110329955 0.0007161699865273897 0.000626806145705722 0.0 0.0 0.0 0.0 0.0 0.0 0.0 0.0 6.541291041216955e-05 0.0 1.8113231261494988e-05 0.0 5.131063661780698e-05 2.49796904136077e-05 0.0 2.6556777409609433e-05 3.848197895715131e-05 2.058621277147846e-05 1.838508062183195e-05 4.352110857822593e-05 0.00010109533265922457 0.0 6.031215968109223e-05 9.670167831654118e-06 0.00035335350523028484 0.000467552918901319 0.0002954873703531319 0.0004669452802460521 0.00039395315642060493 0.0 0.0 0.0 0.0 0.0 7.148170377678014e-05 0.0 7.527037293397044e-05 0.0 0.0 0.0 0.0 0.00020281262757729384 6.644141918560316e-05 2.630046535861178e-05 1.4738447121236652e-05 5.406605076545049e-06 1.2175590181360425e-05 9.740857332553265e-05 6.14255311167433e-05 0.00022535809510581653 0.00018311990757427637 0.0009811160866135876 4.584067254675897e-05 0.0 0.0 1.3907171703754238e-05 6.653728466556556e-06 0.0 0.0 0.0 6.100349714408875e-06 0.0004855312284310421 0.0002217199471804352 1.2395038449435341e-05 0.0 1.0927846365101595e-05 0.00031234027158571353 0.0002667488810732134 0.00098617057486914 6.0562967855332595e-05 0.00023257664146430427 0.0 0.0 0.0 0.0 7.03964642539314e-06 0.0 0.0 1.6675802855415913e-05 7.015897476056437e-06 0.0 0.0 0.001091652385755527 0.0011310045019126452 0.0008542577401127563
0.02965147426359847 0.13307811383615353 0.0 0.0009743053103469895 0.07145888645298121 0.0008938787964875689 0.0038756274405963636 0.19352760465287852 0.04133174371461861 0.0016165609279414218 0.13726011198862018 0.001591291604589361 0.007676729049370165 0.06350596970805072 0.0024936823772293048 0.005132255012947764 0.00029356204555751943 7.465887796186161e-05 1.560615740325762e-05 6.934431413093988e-05 0.0010083179641830942 1.701420218534649e-05 0.00014116510528394238 0.00018492927386518315 0.0010532097068772068 0.0005573613703996814 3.240042810867865e-05 0.00032246086048211633 7.223667713095808e-06 0.0 0.24932136237979544 0.04134370311463346 0.028072250164225536 5.33670431163892e-05 0.0005037936053253394 0.0023663588028482964 0.004416984658299149 0.001181982166079272 0.001355548639736015 0.00018338674367336116 0.0010615267946577998 0.0006702128332714942 7.383450225679874e-05 0.000596362077525177 2.3007128821537332e-05 0.00016146915293647687 0.00991566809449392 0.00023496629188139842 2.2381926229905312e-05 0.00010791197212661182 7.141211337307079e-05 1.5989307382464143e-05 2.0779203339822626e-05 0.00014032790151351118 0.0013550832943845198 0.0006993620072152917 0.01132829384042293 0.04375361815541344 0.0026475160568755155 0.0027946024352402178 0.0016348711457703842 0.0012007510245102121 0.00021145773624493561 0.012350332191484636 0.0005551638764058576 0.000454124949722404 0.00038570602972002335 0.00010237304548175629 9.59336271470498e-05 0.0011666911126538403 0.002244248448113915 0.0016577727118052919 0.0 0.018623190689519387 0.006277684737051332 0.009735189785180197 0.002440883174176615 0.002180638223428406 0.011309683064329352 0.03455479227657121 0.0023121947972915826 0.00785234622476291 0.001432511431821522 0.0 0.00033265047611733234 0.00043961931150415784 8.724161435382569e-05 1.3245619142821957e-05 9.300751434119267e-05 2.016705635254061e-05 7.162363775651999e-05 3.431510151334656e-05 0.0029964193398941004 0.0002626386006194658 0.00018177993692745478 0.001019414397684145 0.0008676358925684073 1.0603233627008928e-05 0.0012318695177389847 0.012981612213584622 1.1424998803494188e-05 1.3996940027445195e-05 0.00017752670424468482 0.00013096216257704453 6.229451877595447e-05 0.0005128479623478867 8.205191118178362e-05 0.00025585759691550776 0.0006096146284629214 0.00044682461914124095 0.00019174667837686907 0.0002723666230752887 0.0008507684436483051 0.0005251067755287807 0.0006547361307415235 6.633754393862282e-06 0.0 0.0 0.0 0.0 0.0 0.0 0.0 0.0 8.017525554298688e-06 3.26746579907267e-05 0.0 1.955105107410877e-05 0.0 0.0 6.427220715197945e-05 0.0 7.347628087587968e-05 0.0 0.0 3.8870820865939484e-05 0.0 3.0563836605857716e-05 0.0 0.00024667124852764086 0.00017754998429590297 0.0002644011925955326 0.00015394007805864525 0.00018993981353403026 2.114093207866808e-05 0.0 0.0 0.0 0.0 0.0 0.0 5.3859723747462176e-05 7.663994635295559e-05 0.0 0.0 1.4235045998443808e-05 7.753002208807521e-05 0.00011386430847378024 6.095454319336316e-05 0.0 0.0 5.625577437708535e-05 0.00018496835035364828 9.239478493308975e-05 3.417162066339266e-05 7.6994112505515e-06 0.0005727562630409745 0.0 0.0 0.0 0.0 0.0 0.0 1.05228615280358e-05 6.808352803690914e-06 0.0 0.0003464227937093592 0.00014613667310264138 7.935361770935909e-06 1.5831392367691822e-05 3.0364403870942284e-05 0.0002676430762016983 9.291897403699523e-05 0.0005190832328069134 5.640025027820441e-05 5.610848706156314e-05 1.2228365404963336e-05 0.0 0.0 0.0 1.622156644071351e-05 0.0 0.0 3.4058791436656776e-05 2.303493003777184e-05 2.9715333377924546e-05 5.776142301721384e-05 0.0006886735372883013 0.0006463380336540931 0.0004843358916299688
0.06894811036966951 0.13100201183873 0.0009743053103469895 0.0 0.0006502020710269666 0.024548150917564633 0.02899956997443644 8.951418091072967e-06 0.0018392553535054605 0.19434204056974297 0.0010523510596554505 0.025738603499134944 0.04284225165058746 0.005095971416422977 9.689107663172065e-05 2.40311376537642e-05 0.0 0.0 0.0 0.0 0.0 0.0 0.0 0.0 0.0 0.0 0.0 0.0 0.0 0.0 0.0013005103272411185 3.0181614057771893e-05 0.0010606288981956401 0.0 1.3966984347750418e-05 0.0 0.0009070445065066126 5.265634164182942e-05 0.0 0.0 0.0 0.0 0.0 1.4026168668267806e-05 0.0 0.0 0.0005388253845431604 2.7727167843624345e-05 0.0 0.0 0.0 9.166145789036984e-06 0.0 0.0 0.00010473143668238614 5.033831615270204e-05 0.0010555922754519806 0.002429847073549683 0.0001949594651272623 0.0001749664667177716 0.0 0.0 0.0 2.6261276828175212e-05 1.911967813166455e-05 2.9549050259256342e-05 2.683482313518816e-05 6.861926634826178e-06 0.0 0.0 0.00012649987487639049 0.00018995038397835224 0.0 0.001188765892847356 0.00022271218150184442 0.0004943872464852324 4.895750744122063e-05 6.473612359815561e-06 0.0 0.0 8.659537403113586e-06 1.8697643171856063e-05 0.000109638219069148 0.0 2.585206401081142e-05 2.9675275164872387e-05 6.609203381954453e-06 0.0 6.457750276832071e-06 0.0 0.0 0.0 0.0 0.0 0.0 0.0011654095918850096 0.00016731100257319403 0.0 2.352696803163398e-05 0.013542007967340028 0.0 0.0005565887121827815 0.00012852072754532 0.00020334149825872977 4.5935988181980295e-05 0.00015430339266028515 0.0005949708296608469 1.3577720924232557e-05 0.0026669901489353768 0.0015583658733735633 9.907465323581045e-05 0.0004457947974530756 0.0022753965702744295 0.0012567619452255852 0.00030265064053352575 0.0 0.0 0.0 0.0 0.0 0.0 0.0 0.0 0.0 0.0 0.0 0.0 3.8789582045812566e-05 0.0 0.0 0.0 0.0 0.0 0.0 0.0 0.0 0.0 0.0 0.0 3.557405446252243e-05 0.0 4.3803903501379636e-05 3.266961560843341e-05 1.768420132891238e-05 0.0 0.0 0.0 0.0 0.0 1.8428527240761487e-05 0.0 2.284124944882802e-05 3.630747824632788e-05 0.0 0.0 0.0 1.1494872520382532e-05 0.0 0.0 0.0 0.0 1.0079384597633644e-05 0.0 7.628975843074886e-06 0.0 0.0 0.00019300562145450553 0.0 0.0 0.0 0.0 0.0 0.0 7.201580637406468e-06 0.0 0.0 9.26923052314723e-05 0.0 0.0 0.0 1.1729134020386396e-05 0.0 1.146628750392468e-05 0.00011774920589000356 0.0 0.0 0.0 0.0 0.0 0.0 0.0 0.0 0.0 0.0 0.0 0.0 0.0 0.0005804774696632279 2.16351230552596e-05 4.7447335661767974e-05
0.003948487326268008 0.1454455141930869 0.07145888645298121 0.0006502020710269666 0.0 0.0004659719489353191 0.07341770743336318 0.0186190051963267 0.18574674592352453 0.03600642122070866 0.12603217198807645 0.0031624846460082947 0.03491672987892669 0.2188319789936784 0.0018542581125731733 0.00223861895058922 3.5367622312640176e-05 1.68512803258225e-05 2.0898254104225585e-05 6.566030204664542e-06 5.912244718955624e-05 0.0 1.4739515715369876e-05 1.870960352891665e-05 5.5920991979167814e-05 8.129709182361939e-06 1.0045844068428673e-05 1.557933445657141e-05 8.687336645040213e-06 0.0 0.011524229859918517 0.005530795771818712 0.0017812695607642352 5.7363021509731816e-06 2.3518103389309444e-05 7.357770452606572e-05 0.0006639342326777019 9.443655144525841e-05 0.0002218399712786168 1.3814010531993189e-05 0.00010884941298820078 5.553603501468568e-05 3.0380522613948537e-05 0.0002857322436117517 6.513018557694513e-06 9.412614483942546e-05 0.006256620945129659 7.11105649930618e-05 9.945225442275566e-06 1.0334451353943947e-05 1.1429446425542428e-05 0.0 0.0 5.2550182120646516e-06 0.000403765345595122 0.00025920433798681786 0.0026874831768434 0.0071646963567258805 0.0011516310399223148 0.001593227107929184 0.00013184631983075476 0.0004518658430093859 5.2559579826095245e-06 0.003440207442933541 0.00031003958051966166 0.00012760970539088144 0.00012835696265633666 2.673578592963682e-05 3.268190863636965e-05 8.007934416036662e-05 0.0007679987624762192 0.0011138947802447896 0.0 0.005847438702884656 0.002720421441952694 0.006067218913315624 0.0015750497990251223 0.001324982864853408 0.00010916269122482679 0.0010546767948168003 0.0001297370704885251 0.00043488642319289294 0.0005295263461172622 5.0490564410318005e-06 0.00012870324737188955 0.0001821619102191723 3.587287434905869e-05 5.434414683587984e-06 4.121615893010419e-05 0.0 2.369807191653735e-05 0.0 0.00016051971716743966 1.3000024622082375e-05 2.0539741512896086e-05 0.0005722525973609274 0.0011819124206923946 0.0 0.0004964361224800315 0.0013094582468586506 2.4635716625413586e-05 6.783501548914158e-05 0.0003034837584738254 5.5731712122460385e-05 0.0001254885944069847 0.0004780459989823293 0.0001524126720522413 0.0001658642376652101 0.0011957338008220801 0.0006843960156829924 0.00025480994920160777 0.0004612120506116975 0.0006818223163378856 0.0004020802629716207 0.00043005278397684784 0.0 0.0 0.0 0.0 0.0 0.0 0.0 2.6719936679654473e-05 0.0 0.0 0.0 0.0 9.679197920977934e-05 1.3134109740895423e-05 7.458978557731179e-06 2.877659391533585e-05 5.973240417583637e-05 0.0 1.8978759933322504e-05 7.562308303447772e-05 0.00010552970315305687 0.0 7.002343852546881e-06 7.238429119443234e-06 0.00022983491223164354 0.000516152986293959 0.00040667892450748305 0.00046507766644371103 0.0004589469489128401 0.0 0.0 0.0 0.0 0.0 8.409317375186909e-05 0.0 4.767147192387398e-05 0.0 0.0 0.0 0.0 0.00015099899062119101 3.771315731401466e-05 1.963145525558475e-05 3.758119506973601e-05 0.0 2.6409968863745065e-05 0.00010156003339920102 2.6923854548467622e-05 0.00011302797043734893 0.00016209071490440137 0.0006269963450963187 2.8106713723818973e-05 0.0 0.0 0.0 0.0 0.0 0.0 0.0 0.0 0.000221978922079169 8.185662548054358e-05 0.0 0.0 0.0 8.703309338621973e-05 0.0001784781478848231 0.0006929834656765214 2.6455419405159995e-05 6.932754633422222e-05 0.0 0.0 0.0 0.0 0.0 0.0 0.0 1.2290837441656874e-05 0.0 0.0 0.0 0.00046093675559055503 0.0007586006957291556 0.0006402569112304277
0.011441647843619304 0.02181788418519172 0.0008938787964875689 0.024548150917564633 0.0004659719489353191 0.0 0.007077923880368958 0.00024204491163767062 0.0001814374216591977 0.04157836321900493 0.00036205146809384424 0.006586425063568898 0.006537411135344597 0.001461381428761332 1.5152061657990767e-05 2.663006223691564e-05 0.0 0.0 0.0 0.0 0.0 0.001543131853260228 0.0 0.0 1.4725835242579836e-05 0.0 0.0 0.0 4.205818396034752e-05 0.0 0.0015088012238155043 0.0 0.0018492252153484592 0.0 0.0 0.0 0.001384503448993192 5.2486112868888266e-05 0.000599931439083728 2.9657869173136605e-05 0.0 0.0 0.0 0.0 0.0 0.0 6.743327789494064e-05 2.0056582968667476e-05 0.0 0.0 8.94015960045924e-06 0.004085601614289705 0.0005833836473889711 0.0003958565723218131 6.535414118988127e-06 3.824768882968337e-05 0.004943376388905296 0.00016210668458716367 0.000280428605600568 7.150903609489618e-06 9.504648770130594e-06 0.00025388091691722607 0.0 2.5580427382147168e-05 0.0 0.0 0.0 0.0 0.0 0.0 0.002557560530299727 0.011665649922878262 0.0007504466566573669 6.058448386247129e-05 0.0 0.0 7.713245719355193e-06 0.0 2.6970767064858345e-05 0.00013112488404432 0.0 0.0004974700048259031 6.73792973563847e-06 4.6091192965627665e-05 0.0 4.0579155406771875e-05 0.0 0.00014138051313096668 7.49669316862936e-05 0.0007843353387667084 6.972665118888201e-05 0.00014717144388705328 0.0001645528224202283 6.618795951589688e-05 0.00021224667509808692 0.023307758189861513 0.020025246916089687 0.0020114938553714456 0.00394675418652313 0.013625890437033366 0.0 0.0007498749785391734 0.00047025342754717064 0.0003275518043324394 0.0 0.00025425730390483286 0.001700114233623456 5.852503594261938e-05 0.0010947610618227265 0.0023458032979678098 0.00021298079482541562 0.0005793986254171385 0.000967799115490862 0.00045853747795472264 0.00017404121868799466 0.0 0.0 0.0 0.0 0.0 0.0 0.0 0.0 0.0 0.0 0.0 0.0 4.801619792336557e-05 0.0 0.0 0.0 0.0 0.0 0.0 1.935376293111428e-05 0.0 0.0 0.0 0.0 7.364106253341472e-05 1.8892169751721053e-05 0.0 7.87633045927824e-06 0.0 0.0 0.0 0.0 0.0 0.0 0.0 0.0 0.0 4.5761818690535854e-05 0.0 0.0 0.0 6.514188532536722e-05 0.0 0.0 0.0 0.0 3.7522305414667824e-05 0.0 0.0 0.0 0.0 4.886199931098223e-05 0.0 0.0 0.0 0.0 0.0 1.0685146673272554e-05 0.0 0.0 0.0 0.00026391552618673544 1.1279549568596504e-05 0.0 9.167571239317232e-06 0.0 0.0 3.3470429429830044e-05 8.320580726072046e-05 5.220685393112503e-05 0.0 0.0 0.0 0.0 0.0 0.0 0.0 1.2707926760257571e-05 0.0 0.0 0.0 0.0 0.0006224541013820745 0.00013966683759377612 7.530049198764127e-06
0.064353507446624 0.17873839055968793 0.0038756274405963636 0.02899956997443644 0.07341770743336318 0.007077923880368958 0.0 0.0015332578761466933 0.080622858216622 0.1274586367141026 0.011839518216382343 0.013354395838596368 0.15965735004364398 0.19896603335312368 0.0016075669181067256 0.001493806584088896 5.1619098530390554e-05 1.6454889650903407e-05 3.21783974459132e-05 3.716127706153832e-05 3.8246984001774715e-05 7.94003100904226e-06 0.0 0.0 3.656445119688413e-05 0.0 5.819703331791842e-06 6.7245631777993455e-06 0.0 6.755304138448372e-06 0.009471896102300259 0.002313770734746829 0.0011857452699238877 1.2925827170964467e-05 0.0 6.587402037971224e-05 0.0007032911908248652 0.00011583269884690382 0.00012886991103839917 0.0 9.001105497171299e-06 0.0 4.256056091093416e-05 0.00015139503135004062 1.2660224520719893e-05 5.01890372541186e-05 0.007036871893528838 0.00018153322198700045 1.9485693586467056e-05 0.0 2.403878316098063e-05 0.0 1.6711514136121074e-05 2.7453736075531686e-05 0.0007391013641175176 0.0003818141822465299 0.0056219888143088535 0.012291807849017657 0.0016806579967103706 0.0021576327377245907 5.4675150902116175e-05 0.0003056508807025715 7.718783208703925e-05 0.001982363164897903 0.0004601582361471738 0.0003847488832916101 0.00016294026254119642 1.985203924426037e-05 3.242740801284032e-05 5.6353662041880905e-05 0.0007227253599117631 0.0011396619736961523 0.0 0.009689297155760444 0.003357950605998778 0.0064818327662334654 0.0011576648381863993 0.000840698573733861 3.2516546038744614e-05 0.00019192936503245337 6.043425433464972e-05 0.0003078201509782773 0.000964040306259435 0.0 0.00028108811524643455 0.0002486805584056237 2.0666612017184766e-05 5.667664844386781e-06 8.211194396110697e-05 0.0 2.552681406485455e-05 6.255686283106393e-06 5.0864386772005095e-05 6.517182866563783e-06 1.3797195845463689e-05 0.0007052944914032761 0.001222994377032368 0.0 0.00045802687603756047 0.009820805914354956 7.008167468463284e-05 0.0002813674536500894 0.0004442071291540586 0.0005585467547147953 4.664865310571418e-05 0.0004710034725353346 0.0005382806838612437 0.00028864608362632823 0.0014413205092254342 0.001247198996131285 0.00045824573546831394 0.0016799235684974378 0.0009389929948142153 0.0006025504206605041 0.0004983361164121285 7.76786593366017e-06 0.0 0.0 0.0 0.0 0.0 0.0 0.0 0.0 0.0 8.19358840698795e-06 0.0 7.789732380445327e-05 1.2272341138401335e-05 7.674550272308499e-05 4.8417606301729614e-05 2.3591367979960015e-05 1.9675233558236015e-05 0.0 1.3589299252720805e-05 5.093919773929279e-05 0.0 0.0 6.877241637099616e-05 0.00036693214568840664 0.0004246604857222638 0.0003009122767700305 0.00043744560792013585 0.00039013032433365453 0.0 2.0838770182489317e-05 0.0 0.0 0.0 7.410462409775175e-06 0.0 4.775005727422714e-05 7.840726679636467e-05 0.0 0.0 0.0 0.00017127677504331972 1.2749752472428003e-05 7.352014999669287e-06 0.0 6.389342483535254e-06 8.023189942285591e-05 5.321143705466779e-05 3.9545379673525084e-05 0.00011936974789574329 0.0002692098780408649 0.0007144517064106754 0.0 0.0 6.438045203584727e-06 0.0 0.0 0.0 6.194119466570044e-06 0.0 0.0 0.00030402436345407116 0.0001117217713137527 0.0 0.0 0.0 0.00013524586277882395 0.0002180612042625353 0.0007126639800147258 5.8737378676679596e-05 9.060496034145435e-05 0.0 0.0 2.613775524360657e-05 0.0 0.0 6.1427548859383766e-06 0.0 0.0 6.855266307235574e-06 0.0 0.0 0.0007015917836106318 0.0007701087783434784 0.0007214004211514666
0.003450585380392571 0.027282161794997296 0.19352760465287852 8.951418091072967e-06 0.0186190051963267 0.00024204491163767062 0.0015332578761466933 0.0 0.03880295076008946 0.0004593036041740433 0.11980134010432568 0.001568437012274389 0.00886347946312103 0.04666583440443304 0.0021407480708655765 0.004867766823956786 0.0002658656853074346 0.0002698530512762828 4.35859769310935e-05 0.0006901301273393867 0.004924958245536763 3.243239856955208e-05 0.0006528578176712721 0.0009225942579340989 0.0027137897196152045 0.0021113415054179554 0.0001253432917644461 0.0009025864097679839 6.519541769603727e-05 8.056741083395346e-05 0.03849505925515697 0.25096480984984093 0.02885743572633591 0.000372887847736912 0.002004249943105478 0.007319162925931401 0.011554056034395155 0.004781005604609752 0.0037274346956403235 0.0004233932525258921 0.002533561619766858 0.001648949124719285 0.0004989957657402765 0.00488941075637375 0.00017579482460180302 0.0004078276232209591 0.003934892808919594 7.314584886534792e-05 6.825579034695368e-05 0.0001804105569906407 0.00013534652928194282 1.735825149081653e-05 4.062298899004342e-05 0.00029747973721457385 0.000303954337715477 0.00016876463264320978 0.0023350962606624804 0.009434768960034593 0.0006035080280898043 0.0008831943724109757 0.017364475172581956 0.0049479023529704425 0.0006967439155577866 0.02191305218808722 0.00019637668007581815 0.00031635030063457124 0.0001761260749629458 0.00018336589547585856 0.0005357654092217022 0.005244654090812077 0.004514255903211619 0.00048516346275231513 0.0 0.004582685304814468 0.0046466327600396505 0.004732215083634377 0.0051690070140140865 0.030299720973203506 0.13810870809095696 0.06013055169009198 0.044324055642728295 0.05489886243383856 0.0003107024583347499 1.343406979022509e-05 8.216114420673903e-05 6.402730906834008e-05 6.978545693586584e-05 0.0 2.031795665146013e-05 5.927150101704279e-06 6.32002937136585e-05 6.157190630203079e-05 0.00731201753162802 0.0006970084234543185 0.00031933110966558625 0.002332981460553682 0.001228574740944321 1.1413183558061856e-05 0.0025894272373461155 0.0014493333556700868 0.0 0.0 0.000106033160050047 5.646498585886791e-05 1.0865489825418297e-05 0.0003559857368807359 9.158212329018103e-05 7.703879207970773e-05 0.0007172312431454192 0.0002745527593695285 0.00023353532291708445 0.0005392113271808453 0.0006836207943209037 0.0003273675347755224 0.00047674110142119467 7.925338703470194e-06 0.0 0.0 1.6552309898311355e-05 0.0 0.0 0.0 2.1021154768969925e-05 0.0 1.4130688033189885e-05 0.00012299905635122533 0.0 2.5929269319965274e-05 9.702886061632325e-06 8.098727356153087e-06 5.2947324019709155e-05 7.265369537447555e-06 1.2933199236541265e-05 3.178226639247866e-05 2.3802112018224625e-05 0.0 0.0 0.0 2.1736241181303156e-05 0.0001437213275622303 0.00016162569630085827 0.0001289531917864379 7.077646570566639e-05 0.0001018776995350623 8.324642370932213e-05 6.548187496028496e-05 0.0 0.0 0.0 0.0 0.0 0.0 0.0 0.0 0.0 0.0 6.348104226670767e-05 0.00028668297995609654 0.0 0.0 6.746149766444304e-06 2.449622289019785e-05 2.4074492960954877e-05 0.0 0.0 0.0 0.00022760747637827993 0.0 1.5100735576362514e-05 0.0 0.0 0.0 0.0 0.0 1.529447045877269e-05 0.0 0.00023769334361579608 3.3507314436562355e-05 3.455573213053059e-05 9.268375450409869e-06 2.2647015066527394e-05 0.00015386232241117333 0.0001003683772015696 0.0002489168179051894 0.0 3.073696859851785e-05 0.0 0.0 0.0 0.0 0.0 0.0 0.0 0.0 7.29169875909383e-05 1.91310985155234e-05 1.2118195077347847e-05 0.0005454630465858691 0.00027632308767097354 0.00030344678018104636
0.0006971480919157803 0.08872027036044253 0.04133174371461861 0.0018392553535054605 0.18574674592352453 0.0001814374216591977 0.080622858216622 0.03880295076008946 0.0 0.01714146902947166 0.0923381285583198 0.0031036683646112717 0.038739931349994726 0.0626129443322984 0.0005037903467302044 0.0009450355570309232 2.0160773117752675e-05 0.0 5.842461672156087e-06 0.0 1.6208366711889185e-05 0.0 8.08418213651714e-06 2.3289148828853098e-05 1.3546510078311102e-05 4.4405391200485674e-05 9.788256120971726e-06 0.0 0.0 0.0 0.0017376363781320327 0.0011431984023187447 0.002991323076764806 8.785958258785462e-06 3.264181389862195e-05 7.889028960692741e-05 0.000552950106711552 5.056504171957611e-05 2.186719652856945e-05 0.0 7.372815320206055e-06 1.451604479501517e-05 5.547326337677326e-06 8.464554560700437e-05 6.542117387774846e-06 2.698950818228944e-05 0.0012483369531292312 2.0384946398131195e-05 0.0 0.0 2.1303167866208156e-05 0.0 1.1165528353485694e-05 0.0 7.456765802831122e-05 3.0821878150547194e-05 0.00027699393231188363 0.001096385482356272 0.00015496553800715463 0.000322059514788027 3.5030518128670605e-05 7.186290955631426e-05 0.0 0.0007377306169725052 3.576636043961359e-05 3.9452080793790286e-05 2.287034087525385e-05 1.347554407559512e-05 4.904684684652739e-06 3.386914534583995e-05 0.0003801141240042776 0.0005027121194553236 0.0 0.0009291949579720688 0.0005233803380655354 0.001424461172736359 0.0004689528838284606 0.0006138951376896101 3.716212848180613e-05 0.0020390822066674533 5.720045107700822e-05 0.00012298660784654453 0.00010404656754554016 0.0 3.353563983153564e-05 2.418044517981171e-05 5.559719561737831e-06 0.0 1.695555092795329e-05 0.0 7.000942587538007e-06 5.350523380841246e-06 5.36646803925129e-05 0.0 1.3476364894090984e-05 0.000235870331896064 0.0005322514487162179 0.0 9.76072656949978e-05 0.00019816263995980316 2.4922954728422825e-05 8.455951218022156e-05 0.0001978582451214264 3.6683645098607475e-05 7.524685794011606e-05 0.0004630206957866557 2.7897274209477733e-05 0.00012378343504677996 0.00039661774895131025 0.0005313560981240536 0.00027386842477653754 0.00034175215285726793 0.0005472858608748146 0.0004531562575415824 0.00021395533885475623 8.478099497255376e-06 0.0 0.0 0.0 0.0 0.0 0.0 0.0 0.0 0.0 0.0 0.0 5.049066263213441e-05 0.0 4.8331017107282105e-05 0.0 0.0 1.4984629492143752e-05 0.0 1.436920811526369e-05 1.105156636761091e-05 0.0 1.2781643467409774e-05 0.0 0.0001069203829102982 0.00013398772521879728 0.00018739842719221175 0.00011390542195438752 0.00011673297435004324 0.0 0.0 0.0 0.0 0.0 0.0 0.0 3.695630688663186e-05 0.0 0.0 0.0 0.0 1.943960583718792e-05 2.5325144932702354e-05 0.0 0.0 0.0 6.372976754614795e-05 7.557710140424649e-05 5.136735255991318e-05 0.0 8.348364370966526e-05 0.00029408707078080673 0.0 0.0 1.9664382762196897e-05 0.0 0.0 0.0 0.0 0.0 0.0 0.00020819901672843085 3.986798552767056e-05 0.0 0.0 0.0 0.00011073957289281035 0.0001445322064051348 0.0002981812675355127 4.208905325100793e-05 8.298189705686528e-06 0.0 0.0 0.0 0.0 0.0 0.0 0.0 0.0 0.0 0.0 0.0 0.0003153217518814034 0.00037359558083959317 0.00037860158404253797
0.0751220964230802 0.1327990489466941 0.0016165609279414218 0.19434204056974297 0.03600642122070866 0.04157836321900493 0.1274586367141026 0.0004593036041740433 0.01714146902947166 0.0 0.0009411261712870666 0.11484789371125302 0.383029180926943 0.04689159175493449 0.0014377644209386754 0.0011093636119041048 3.7608472107231716e-05 1.0608178281062782e-05 7.833366558622273e-06 1.4984314343250423e-05 7.142751198728244e-06 2.0625438320187542e-05 0.0 0.0 0.00015737886876638702 1.7056096998292272e-05 0.0 6.318667691229719e-06 6.9039478034754734e-06 0.0 0.004924237252488868 0.0006993964554325386 0.008413368376553362 0.0 8.239457008093805e-06 5.1931848146085104e-05 0.009356959965283391 0.0005419188051334689 0.0007858898381999759 6.5182267818486594e-06 5.6457900067931885e-06 2.7457675806881042e-05 1.4142968721701955e-05 0.0001518452845986206 1.9929388184311587e-05 2.3214123649161797e-05 0.005279146267504472 0.00010457858428656278 0.0 1.603820111679978e-05 3.566017525242841e-05 2.6733138382786668e-05 0.0 0.0 0.00036612276238371164 0.00020504869214319177 0.004749583310809271 0.006405175108858209 0.0011908291171245815 0.0012976706284098859 4.457407951971331e-05 0.0013479656573690182 2.417750938401292e-05 0.0012668566035624576 0.00029496597341412785 0.0001883097736267176 9.054108259755922e-05 5.448669186390461e-06 0.0 3.3546709775748037e-05 0.008493142978397168 0.006376919960745997 9.233551621091107e-06 0.0050932207657866406 0.001712371359264701 0.003915061002875935 0.000611622871227502 0.0006216187470445382 4.374603604420979e-05 0.00017751072419680626 7.758846554956532e-05 0.0005782419534613401 0.0004777941755202681 0.0 0.0001587046831322226 0.00017779597812040877 2.2692373802626495e-05 7.87662512472745e-06 2.2301005273345043e-05 0.0 6.71401741232574e-06 0.0 9.727735885035874e-05 2.4452949023206702e-05 5.563084275920812e-06 0.025806222256343943 0.010573154623160379 0.0 0.002214605514086218 0.026165377937987927 0.0001744981574365905 0.0036656674444078166 0.002470640971461728 0.0012176319668374342 0.0009233296086423829 0.005065363263021997 0.008961364449767962 0.0010837359186044585 0.01435517824230028 0.011139378626039175 0.0025072310328866907 0.004980331542302556 0.010233108145451244 0.004164668267831273 0.0030373364010538367 1.4509938754358336e-05 0.0 0.0 3.3895434735824996e-05 0.0 0.0 0.0 2.870785690620215e-05 0.0 0.0 3.0230501375606973e-05 0.0 0.000647900781745631 4.283360522110785e-05 0.00011109352187150437 7.590182569073364e-05 0.00024081672630229997 4.6134987556318835e-05 0.0001796829584021979 0.00017832535422465879 0.00035146935265093876 0.0 0.0002548841051922605 0.0 0.0010531366441595357 0.0025174545409714887 0.0015066591180417455 0.0013015590168959953 0.0021086666632679565 0.0 1.453852870658585e-05 0.0 0.0 0.0 0.0002117475197243629 0.0 0.00011722114961056285 8.615562261967938e-05 0.0 5.087152883071534e-05 0.0 0.0009366100639539483 0.0001864885718537228 4.3794075396815826e-05 0.0 1.6824550171606058e-05 0.00035174851386046257 0.0007725403280157112 0.0003538928422113028 0.00034009153684401314 0.0006635485160982677 0.0035735190165718804 6.515843002529586e-05 0.0 4.027574624159789e-05 0.0 8.101402049736423e-06 0.0 0.0 0.0 2.7214072869202677e-05 0.0022582018975940803 0.0007645394967151616 9.315836824387728e-06 0.0 1.975862733540017e-05 0.0012132984736040859 0.001337909378589934 0.003695593323899642 0.00019455397141234364 0.00016075920169890664 7.163145305421303e-06 0.0 0.0 0.0 0.0 0.0 0.0 5.725236155376522e-06 0.0 7.778225620617272e-06 0.0 0.00785913420221583 0.0035236812397827174 0.0022871372880526506
0.0039173159388635834 0.09571326623838154 0.13726011198862018 0.0010523510596554505 0.12603217198807645 0.00036205146809384424 0.011839518216382343 0.11980134010432568 0.0923381285583198 0.0009411261712870666 0.0 0.006081903709114141 0.04982843275181857 0.1752588800695514 0.002167063598218909 0.006195895638822777 0.00019058241471374353 8.841474611431444e-05 5.560193346268306e-05 1.190347577019227e-05 0.0007949653173552427 7.4664888248586895e-06 7.33615681594383e-05 0.0002264595767659132 0.0012758559203367014 0.0008968236390585867 4.427789582775697e-05 0.0003774287617548074 1.661347889181243e-05 1.6830359572505824e-05 0.02033992767437156 0.017753501739372117 0.0737953741273499 2.7280786706349285e-05 0.0008299377064309512 0.0030581789643753157 0.01364710639675961 0.0028487623411466443 0.002236149316518225 0.0001392602007546023 0.0009176555830716246 0.0005878133269273106 5.005598864693593e-05 0.0006479538748328005 2.226915623240545e-05 8.700745847929274e-05 0.004183571787385346 7.431357398374185e-05 1.5769819628231873e-05 4.8631694323944594e-05 0.0001130961763576663 2.0494606367162967e-05 1.612421381335002e-05 0.00011837066321961115 0.00021397189540053207 0.00013614962639038803 0.0012811056518458742 0.0037806269518004827 0.0004231973671286374 0.0009763767798274458 0.0012662347671657396 0.0025180394923614755 0.00018234219512923598 0.0034410604322825254 0.0001264906711466898 0.00014999645485490676 8.288264711964125e-05 9.110097607209227e-05 0.00017831465594390244 0.0007820232983918813 0.004156301102225201 0.001254122886912106 0.0 0.003174197103543702 0.0018806871453536864 0.004976301449843574 0.0021035986435998587 0.002891284612824376 0.004675304936266919 0.0488350796814526 0.00152389189091532 0.00550034801908611 0.0003219691265316657 1.3208303243397594e-05 0.00014138940837506316 8.522945456243626e-05 4.954051167007226e-05 7.193850234951746e-06 2.8239112783713275e-05 0.0 2.1063241583355813e-05 6.65124429368242e-06 0.0018923407571623753 0.00021778369653585047 0.00013295154724645285 0.0019782095705974303 0.0013943337726790483 2.9740108967352285e-05 0.0014991510167299664 0.000626244451168837 1.4273302161990015e-05 4.79273096474065e-05 0.0002772992728437289 4.5647788591039635e-05 3.876247134375469e-05 0.0006429313876398939 0.0002677507297803598 0.0003424712954851147 0.0014192726502004211 0.0009169402113718045 0.0007283112449756675 0.0008965241020047179 0.0015174209887866296 0.0007807233736186873 0.0008641246768444358 0.0 1.3431167064083076e-05 0.0 0.0 0.0 0.0 0.0 3.868710362164839e-05 0.0 1.9413647637347622e-05 0.0001402676619254387 7.296577421907216e-06 7.2683221148632205e-06 0.0 0.0 4.569170015947195e-05 0.0 7.08967691684112e-05 0.0 6.269166857224858e-05 0.00011779620626309435 0.0 0.0 0.0 0.0003061082878557089 0.00020464024979947325 0.00037208442437409165 0.00024672078786064914 0.00017655561179907338 1.2838226143734926e-05 0.0 0.0 0.0 0.0 8.104110800130466e-06 1.3365512443107321e-05 0.0 0.0 0.0 0.0 8.912565686550818e-06 6.721437256152927e-05 6.631086610356484e-05 0.0 0.0 0.0 4.013640748954975e-05 0.00015769442683502295 0.0 0.00012607800822632772 5.895273519169937e-05 0.0007248925576577848 1.876412798929005e-05 0.0 0.0 0.0 0.0 0.0 7.3520525115187625e-06 0.0 0.0 0.0004764870716700917 0.0003426680786988721 3.336108288217222e-05 8.943503090832649e-06 9.488571981166527e-06 0.00038197114811279497 0.0002421187695078353 0.0006453512410187432 1.1357182315403647e-05 7.368884769388287e-05 3.1171172204866927e-05 0.0 0.0 0.0 0.0 0.0 0.0 1.5351179984378315e-05 0.0 0.0 0.0 0.0009573957652345392 0.000965487198016699 0.0005929656159781119
0.0026623910071491255 0.01320122196622293 0.001591291604589361 0.025738603499134944 0.0031624846460082947 0.006586425063568898 0.013354395838596368 0.001568437012274389 0.0031036683646112717 0.11484789371125302 0.006081903709114141 0.0 0.05777020601795944 0.021975587710130973 0.0005152926263601284 0.0012903117976058814 6.267413128903961e-05 7.055671882352655e-06 0.0 0.0 3.21577881396626e-05 0.0 0.0 2.9098807375792678e-05 9.13073006221958e-05 6.273369467666753e-05 0.0 2.5815145440845358e-05 8.731088294535264e-06 0.0 0.00028449009794545083 7.621253979501688e-05 0.013914671234101984 1.9284831946232608e-05 8.942894016855563e-06 0.00020233941115390837 0.01715935397793095 0.008193174995804908 0.0028080899322692186 2.9580041463427562e-05 6.243758995702588e-05 2.7145883730502167e-05 9.438166914158402e-06 0.00012066338252407145 0.0 7.381928725321876e-06 0.0010624648421254806 0.0 0.0 1.2073384705258914e-05 0.0 0.0 2.2354391051655944e-05 2.142451573781481e-05 5.9230046968328404e-05 1.4448391187323695e-05 0.000343628564175466 0.00038511224083444614 0.00015265413533376837 0.00013280108080168722 8.877940620676599e-05 0.004229187554183508 1.5700391117767624e-05 0.0001252721154979423 1.8283188567104386e-05 1.53459638629927e-05 0.0 1.2588010261854772e-05 5.538231194909278e-06 9.1119872172691e-05 0.00601789017824683 0.001978235039662496 0.0 0.0003484050190448634 0.0002733066260949125 0.0006953282445179828 0.000246364919854708 0.0002552681534815467 2.3437974130203994e-05 0.002023563702610584 8.40887582123237e-05 0.0006377522662644441 4.195379736762952e-05 0.0 2.232534355358016e-05 1.2281679121037072e-05 0.0 0.0 1.7803341924323306e-05 1.572312428570656e-05 0.0 6.763884480439999e-06 0.00018596262660296935 1.3948686956012514e-05 0.0 0.06693621129896055 0.010203061760130114 0.0 0.0009598972863518997 0.0015036475502813109 0.00019988287118626746 0.0014749728128831611 0.001896153733010875 0.0009735721841900951 0.000501120648145777 0.003979580575996388 0.003238276743122798 0.001481833794318096 0.008100700026332092 0.0054193186725303485 0.0030059129804171397 0.004593394950674067 0.009605224341564881 0.006128440316793343 0.004345986245345225 2.2954986363605923e-05 8.703473650394233e-06 0.0 7.063739891452697e-06 0.0 0.0 0.0 1.9357287070657547e-05 0.0 0.0 3.8116443752737544e-05 0.0 0.0002331834963193478 1.0073121105924381e-05 2.09506779010281e-05 9.857107936107922e-05 0.0 8.723560949644705e-05 3.797528468883568e-05 0.00011714374588346838 0.0002615155545816877 0.0 2.015724552317064e-05 0.0 0.0012971245664426946 0.0008699269702358756 0.0012035593431986237 0.0008381510102763024 0.0007676944974485849 7.66534654260775e-06 0.0 7.402539018726417e-06 0.0 0.0 0.0001073663741217695 0.0 6.0705589881364196e-05 0.00012580001975567715 0.0 0.0 0.0 0.0002774512792486311 3.242637989201838e-05 5.3190995071008946e-05 2.391804485692802e-05 0.0 0.00016249225951000832 0.0005703049520277203 0.00013147888336786467 3.3365743729470137e-05 0.00012079965566957856 0.0024741786769679336 6.210388849266575e-05 1.7222203416406338e-05 2.4258241794171847e-05 0.0 0.0 0.0 0.0 0.0 0.0 0.002455746554018969 0.00044446265000117844 9.58486687309007e-06 1.4553825643942307e-05 0.0 0.0010163130616000187 0.0005870158975631756 0.0022940946265702076 0.00016799972210395842 0.00014218456679157375 7.85155546214286e-05 0.0 9.112182032097913e-06 0.0 0.0 0.0 0.0 0.0 0.0 0.0 0.0 0.0062655787575103365 0.003299863754360745 0.0021926599479004296
