0.0 0.08981805984838152 0.08329031232151775 0.11933299653518412 0.0010152080727215138 0.0017042343294572588 0.0054901848453861035 0.007827077152639531 8.821378124734877e-05 0.031308978014175814 0.007053722969583567 0.0011152808398116583 0.0010888999693419992 0.000839219850862463 0.00014044216280034488 5.033062340495537e-05 3.71328886272865e-05 1.0494195748913384e-05 0.0 0.0 0.0 2.523694425670451e-05 0.0 0.0 1.0489205864486874e-05 0.0 0.0 0.0 0.0 0.0 0.028613211524659184 0.00048522660335571576 0.0004734458999187273 0.0 0.0 0.0 9.14361500581747e-05 2.7356640452534865e-05 0.00012341967442202188 1.8967084194731438e-05 0.0 0.0 1.3856204654522693e-05 2.6025247763733347e-05 2.0623788118024627e-05 7.945119518999541e-06 0.0006442944393915638 0.0001157894471182713 0.0 6.544423101673444e-06 4.204940066870881e-05 0.00012876635075913245 6.609184022804471e-05 0.0 0.0002390730090254572 0.00017423678600217568 0.010924401519422117 0.11795334412164978 0.0014214369573990568 0.0009087552368479936 0.00013441449022912467 5.435913008726729e-05 1.6109094346690394e-05 0.00019531493073007684 0.00011480881024107865 4.2280487902796474e-05 8.536657220114406e-06 3.3229031621914536e-05 0.0 0.0 0.0004658994759988639 0.0017253192506207164 0.00010529109286612346 0.010888530020947666 0.0020688534999115924 0.0011186313116061245 3.815174508020175e-05 9.980512384135584e-06 0.00013229678663278916 0.001734067641702751 4.204271767368943e-05 0.0001560408897233808 0.0004792703976215299 1.1380592652960554e-05 7.040114770490868e-05 6.353344550077355e-05 9.423193885649194e-06 4.2150576006188406e-05 1.9170788559527847e-05 9.194525882980348e-05 0.0 0.0 1.2621586014296396e-05 0.0 0.0 0.002361141974764321 0.0005566076260380503 7.825980757311923e-05 0.0002522666491908575 0.059411189274765325 0.0 0.0003496843920584661 0.0006786980073881332 4.0133190011117114e-05 9.324805951278658e-05 7.01444945008688e-05 0.0019416574613091153 0.00029387821784934866 0.00022443981755121742 0.0008313742279458175 1.8685796231565413e-05 0.00020606112682344796 0.0007418665643956698 0.0003617254439932271 3.013267576151067e-05 0.0 0.0 0.0 0.0 0.0 0.0 0.0 0.0 0.0 0.0 0.0 0.0 0.0 0.0 0.0 0.0 0.0 0.0 0.0 1.1788210625466258e-05 0.0 0.0 0.0 0.0 1.4610346460792236e-05 0.0 3.5332660038491215e-05 0.0 0.0 0.0 0.0 0.0 0.0 0.0 0.0 0.0 2.1828690271434983e-05 0.0 0.0 0.0 0.0 0.0 0.0 0.0 0.0 0.0 3.246764458012686e-05 0.0 0.0002513123282038278 1.1367664316037323e-05 0.0 8.123105054708131e-05 0.0 0.0 0.0 0.0 0.0 0.0 0.0 0.0 0.0 4.3390963201986516e-05 0.0 0.0 0.0 0.0 0.0002104334395775674 0.0 1.295909643006446e-05 0.0 2.0336908098079724e-05 0.0 0.0 0.0 0.0 0.0 0.0 0.0 0.0 0.0 0.0 0.0 0.0014072455567790013 0.0 0.0
0.08981805984838152 0.0 0.1304454724458042 0.045969701005629186 0.09564262782885058 0.00039439246432521947 0.09182175837443957 0.0934264754895186 0.08013814387784225 0.06552995479893269 0.11830898302313723 0.014263102357017636 0.058969832970592495 0.08992586583101905 0.003380743186298884 0.0016938550424089173 0.00021401969059891938 1.960937727837125e-05 4.2207284030130284e-05 7.583713882034106e-06 0.0 0.0 1.0769065065930911e-05 0.0 0.00011021329040486214 1.4957270411729193e-05 0.0 3.171474864768981e-05 2.6333094402732214e-05 7.021332024510571e-06 0.1453607030253355 0.002637512272656995 0.0008356624338339623 8.524790271860001e-06 2.5781938986531252e-05 0.00010881377157789884 0.0001650206571461223 9.079410974316822e-05 4.619439096389844e-05 1.874430198755659e-05 1.6602312636495507e-05 1.5021740389374856e-05 1.2864576933943779e-05 0.00028775384470416384 4.90865041781193e-05 8.121760589129096e-05 0.006774592575181285 0.0004909551951284405 0.00015099042468176563 5.898575444153116e-05 1.515254196768125e-05 9.585044077407806e-06 3.1104503272479415e-05 2.1291246255806453e-05 0.001368291896221514 0.0008706835754995157 0.0042807199529967975 0.07366322208870298 0.0032016839301664372 0.007411047214918414 0.00011821863754138023 6.53027185173355e-05 5.726631637826853e-05 0.0069115818785186085 0.00040682853293744404 0.00028739481101930256 3.7448631790335805e-05 0.00011609608342278742 2.639065177720027e-05 3.823123502526248e-05 0.00033935352358057617 0.00034266613159213475 0.0 0.03735839926740696 0.01756794894277161 0.014196041709324704 0.0025773120292226404 0.0006796609967819435 0.0061439860464492695 0.007546494890746802 0.00017684816351076587 0.0003457016979938398 0.0016143039145607265 4.5403347333075216e-05 0.0002389507185224283 0.00036392219508968527 0.00015367402294078617 0.0 3.0008355921681472e-05 0.0 3.267750643674919e-05 7.508895963845185e-06 4.782128016801581e-05 3.946191598540477e-05 1.7591682610071584e-05 0.0009075833962727757 0.0009062486976258141 1.83872640967385e-05 0.00010764644889259782 0.03172372511354689 4.7667829242344526e-05 0.00010413523501531106 0.0008761349775152099 2.1886993972246917e-05 0.0004085131616052819 0.0006536765146489187 0.0006134181981745295 0.0004813988125382764 0.0006500867967440367 0.00048042559340220957 0.0001334941640277062 0.0006942208222601914 0.001176355046968122 0.0004262758595661515 0.0003223471720636136 4.876323585725809e-05 1.8336909230705214e-05 0.0 0.0 0.0 0.0 0.0 0.0 0.0 1.1637574096837076e-05 0.0 0.0 6.928376339640785e-05 0.0 1.9643598477592396e-05 0.0 9.973639712811586e-05 0.0 0.0 0.000716563126414979 0.0002651919393136597 9.311029302057437e-06 0.0 2.13981961386359e-05 0.0002674883004189362 0.00012129755835586298 0.0002641089523038544 0.000244312182423566 1.861463766844088e-05 0.0 0.0 0.0 1.6194850398218855e-05 0.00011238134407540839 0.0 0.0 0.0 0.0 0.0 0.0 0.0 9.125492972286925e-05 0.0 0.0 0.0 0.0 0.00032120390312896885 0.00013606898751818754 0.0 2.7232166475750763e-05 7.58401121461605e-05 0.0007895856234109601 0.00012864282077136756 0.0 0.0 0.0 0.0 0.0 0.0 0.0 0.0 0.00036928334432781657 3.142944354005108e-05 0.0 0.0 0.0 0.000498583671021092 0.0004699824417431227 0.00034535003453119845 7.421618508694357e-06 7.266539721079e-05 8.380857103495524e-05 8.685900925689844e-06 6.89863206025473e-05 0.0 0.0 0.0 0.0 0.0 0.0 0.0 0.0 0.0011638070785204957 1.9916639714351865e-05 9.024529353495145e-05
0.08329031232151775 0.1304454724458042 0.0 0.0809843187578795 0.03305816560027619 0.000551597642312346 0.019691422188013025 0.09386189835949608 0.02926599484280802 0.049968249922882714 0.1154091857119449 0.014818308836207049 0.04022305132154508 0.0619045652553022 0.0006682877499927721 0.00043305215855602135 7.294064508177969e-05 0.00013078190388212326 2.4303758401151007e-05 5.2916788340497746e-05 0.0004565656144615521 0.0 2.5553577500770682e-05 2.8833166261901704e-05 0.0005690861777500069 0.00024737073559679887 2.4966802871153845e-05 4.501996320388546e-05 3.7826443429354955e-05 1.7722008999320075e-05 0.41306978757649593 0.0234223961914592 0.0057192704617690495 6.000843157419936e-05 4.2258249853523715e-05 0.0002952385331797165 0.002212078993570567 0.0006802111451167965 0.0008654772516414567 0.0006111128667776592 0.000586826662419353 0.00040305310436031873 0.00031442659066865453 0.00014035940882557043 0.00013176883960990362 0.00020234413012838477 0.001350262679492852 8.733009811207262e-05 5.903100521803661e-05 0.0006440420077830872 0.00011020875334765542 0.0 0.00041458007361176583 4.934240267012606e-05 0.00029670456090477056 0.00017236353323405552 0.0018181382735133606 0.029738620639088796 0.0006258172248013942 0.0014949178269514315 0.003866279380516964 0.001321873887676063 6.720530083261028e-05 0.020863968698504883 0.00018759464112370498 0.00011952154723832374 3.213854021886124e-05 0.00014702235326261102 0.0014836034373185635 0.0007800352916945728 0.0027502756288031033 0.002802256392133257 6.0950062218153295e-05 0.01011796735717623 0.00616836075736518 0.0032090673674339885 0.000588722274629581 0.00031747458665843124 0.01906380921098362 0.07702995666324032 0.0034170868178464773 0.02592289188412831 0.0004670414687114675 8.285457110002854e-06 0.0001122667125019009 6.989187760859132e-05 0.0002754228507749235 0.0 5.054180381138374e-05 0.0 5.161375844867496e-05 2.51909906795756e-05 0.0010272771544215945 0.0002473391566883308 0.00017779354175918074 0.0061856172555899555 0.0067044428492082754 0.0 0.0012445304274944688 0.03065412391275794 0.000789715736164792 0.00033612407045960216 0.0034004340616952335 0.0005005772336723024 0.0018095417448678625 0.0022069077897777533 0.0006805699024732308 0.002347967283860731 0.00255371442971383 0.0015729745602844041 0.0010157412044962714 0.001997647962551749 0.005487343906439553 0.0017886400438269384 0.0010983646891608498 0.00025892998256415214 0.00022490054409038103 1.548742886066745e-05 0.0001131684959477792 0.0 0.0 0.0 0.0 0.0 0.0 0.0 1.310149262138367e-05 0.0004215044175529658 0.0 9.460422432629066e-05 1.3628080363972539e-05 0.0005157780165136871 4.9221333283180325e-05 0.00012815819501782122 0.0025057950122237566 0.0017024636696074214 8.750885624928475e-05 0.00013954450910676637 0.00016535928485515426 0.0007827331508164715 0.0012275991051352016 0.0018193105888783178 0.0008472930438155307 0.0003749123045285222 1.5804478194648186e-05 1.9446925313578804e-05 0.0 0.00037532645295636647 0.0005515986541855162 0.0003146743310829697 0.0 3.22678295778716e-05 0.00023135416415354893 0.0 0.0 0.0 0.0006262870494140832 0.00010827119272521516 3.781071826540521e-05 0.0 0.0 0.0008630105927607914 0.001186838136071274 0.0 0.0002935256978484475 0.00029596399752600093 0.00314345899653301 0.0014314808136825664 0.0 9.894955991875142e-06 0.0 7.692358872049098e-06 0.0 0.0 0.0 1.39074835436484e-05 0.001134874180058304 0.00038036243072149366 0.0 0.0 9.586530340998992e-06 0.004769336922464642 0.003085762685170112 0.0029530339952094104 0.00038691611362069966 0.0008895388365280037 0.00021484089715468184 0.00011570539935144001 0.00031432233259207656 4.0468584038644086e-05 0.0 0.0 0.0 0.0 3.810197162195696e-05 0.0 0.0 0.003584828413128608 0.00025468158154631814 0.0006732917623090884
0.11933299653518412 0.045969701005629186 0.0809843187578795 0.0 0.00962233959968982 0.019778734096367146 0.015953439203863978 0.0030459345094316177 0.006721765866314106 0.17843326449569086 0.013189819112284406 0.00410002456423476 0.01748963840736895 0.027431854711142203 0.0006184744030207819 0.000307592932765629 9.695045153171232e-06 1.5478438603146762e-05 0.0 0.0 0.0 0.0 0.0 0.0 0.0 0.0 0.0 0.0 1.362814744948659e-05 0.0 0.01397016396648973 0.0006758549544492517 0.00033899591266765876 9.29005549526982e-06 0.0 0.0 0.0 7.877113176398603e-06 1.1407567418707965e-05 0.0 0.0 6.852406706930182e-06 0.0 4.849305613712798e-05 8.19125627007395e-06 2.4804277831069317e-05 0.0018913398644734426 8.386656965640562e-05 4.398160004048405e-05 2.3332328212125636e-05 0.0 0.0 1.989044841157219e-05 0.0 0.00047363212930574887 0.00019466353438177063 0.001962677733600223 0.11075225699531424 0.0013576525697479467 0.002035342862069639 3.2512698093275504e-05 3.0037007825280297e-05 9.05230682936373e-06 0.0008681789182655966 0.00014269862479613607 5.2464781320887394e-05 7.356111101492034e-06 6.424559496979182e-05 6.004848322336541e-06 0.0 0.00010134908736372828 4.486265885434126e-05 0.0 0.014347285816679918 0.003842021027428592 0.003402631883364687 0.0003941991182832483 7.650827627911407e-05 4.940267501132073e-05 0.0023075193326108447 7.274306746128194e-05 5.405207889079224e-05 0.0006093975293164432 1.5508003348919006e-05 7.980184078968839e-05 8.179510235472261e-05 8.700578996574352e-05 8.7225112477122e-06 7.382441367122257e-06 8.369539218228191e-06 0.0 0.0 7.404145128193777e-06 0.0 0.0 0.00017937276830283486 0.0002972487474138803 0.0 7.456634990711914e-05 0.03566596412783832 1.7282298594708903e-05 0.00014771616682309087 0.0007611104929368982 0.0007006518121432841 0.00013733256394001133 0.00017732827976008465 5.53935280176057e-05 0.0007957283528299287 0.00012764725417274908 4.572833272364147e-05 7.304428581190088e-05 0.0005456859973322352 0.0011651424244628046 0.0008353981815981814 3.0340041078645593e-05 0.0 0.0 0.0 0.0 0.0 0.0 0.0 0.0 0.0 0.0 0.0 0.0 0.0 0.0 0.0 0.0 0.0 3.1974070896824655e-05 0.0 5.4298104631313624e-05 1.9197026183257703e-05 0.0 0.0 0.0 4.0051415165393085e-05 0.0 3.4423470831043253e-05 1.0605392384373751e-05 0.0 0.0 0.0 0.0 0.0 0.0 1.0552170411251616e-05 0.0 0.0 0.0 0.0 0.0 0.0 0.0 0.0 0.0 0.0 0.0 0.0 1.2362264563798606e-05 0.0 0.0 0.0 0.00016590929023397146 3.199899795711919e-05 0.0 0.0 0.0 0.0 0.0 0.0 0.0 0.0 8.988301578630327e-05 0.0 0.0 0.0 0.0 0.00027006786701498886 1.1214221376736754e-05 0.0 0.0 2.1908557173193743e-05 0.0 8.85986724046936e-06 2.4322036807820272e-05 0.0 0.0 0.0 0.0 0.0 0.0 0.0 0.0 0.00036765390667280217 0.0 0.0
0.0010152080727215138 0.09564262782885058 0.03305816560027619 0.00962233959968982 0.0 4.299651475479982e-05 0.23258154065457298 0.053931355087684436 0.2173390940831467 0.08334369255176345 0.14892144251263667 0.010681786708320188 0.07994032850548405 0.09860639306647283 0.00043439089790724925 0.00042718969524408503 9.130660313870858e-06 0.0 0.0 0.0 0.0 0.0 0.0 0.0 1.1579848609265337e-05 0.0 0.0 0.0 0.0 0.0 0.002775302919647461 0.0007537969148499552 0.00018011070256836311 0.0 0.0 0.0 3.223954983914837e-05 1.2374934940947548e-05 9.762636204494676e-06 0.0 0.0 0.0 0.0 7.099862327265464e-05 0.0 1.13225413214634e-05 0.0004256677597294354 0.0 0.0 0.0 0.0 0.0 0.0 0.0 8.344466646259118e-05 3.0801341837864044e-05 0.00020632145775120492 0.0016262491148727296 0.00018584707067025898 0.0005146909740248297 4.7786694390971236e-05 0.0 1.0873259251543055e-05 0.0005874876607811771 2.4518194052285296e-05 3.888813238572133e-05 0.0 0.0 0.0 0.0 9.693113569548639e-05 0.00014849766833817656 0.0 0.0015368067798350812 0.0012216027551099494 0.0010683624004850048 0.00042476321858974704 7.471144069991963e-05 0.001994623448089166 0.002281929291337955 2.1874661418579477e-05 0.00022366897784104436 7.87282361682062e-05 0.0 9.656933393453319e-06 1.8925018382869543e-05 8.323892317734969e-06 0.0 0.0 0.0 0.0 0.0 0.0 0.0 0.0 0.000248935640980476 2.127807712980598e-05 2.0600560557419526e-05 8.606760783666693e-06 0.00019672664953695353 1.4300960848155418e-05 0.00039547516222840465 0.00017023730099242703 1.8986171620754745e-05 2.1838456804189744e-05 0.00010099175158128229 5.7068036755784393e-05 5.8587165859762665e-05 8.353889525481761e-05 5.6273942331345735e-05 5.255798626038738e-05 0.00013505533977625664 0.00018902680503962764 1.230762820442178e-05 5.140702165891577e-05 0.0 0.0 0.0 0.0 0.0 0.0 0.0 0.0 0.0 0.0 0.0 0.0 1.2655604759019767e-05 0.0 0.0 0.0 5.073654746823113e-05 1.126704962178234e-05 0.0 0.0001523221903340798 8.521202235086156e-05 0.0 0.0 0.0 5.389032213957106e-05 1.420203207675965e-05 4.4005490469859e-05 1.0992237007996946e-05 0.0 0.0 0.0 0.0 0.0 2.2225221564105728e-05 0.0 0.0 0.0 0.0 0.0 0.0 0.0 0.00013117882251377397 0.0 0.0 0.0 0.0 0.0 0.0 0.0 0.0 0.0 7.145637888191002e-05 0.0 0.0 0.0 0.0 0.0 0.0 0.0 0.0 0.0 3.946192277381988e-05 0.0 0.0 0.0 0.0 3.8582914061326755e-05 0.00010796989730611874 6.930361671538331e-05 0.0 1.0377942942149524e-05 0.0 0.0 0.0 0.0 0.0 0.0 0.0 0.0 0.0 0.0 0.0 0.0003414672216126764 1.3776807351362323e-05 1.005016391910506e-05
0.0017042343294572588 0.00039439246432521947 0.000551597642312346 0.019778734096367146 4.299651475479982e-05 0.0 0.00035014168046503425 0.0002421386708672689 0.00016323299830620495 0.019460792991453504 0.0004131937091360172 0.010741141061722788 0.0029720222616552057 0.0013990240728943852 0.00017303567178439839 0.00013679140506404197 9.518293990921288e-06 0.0 0.0 0.0 0.0 0.0002683210536694871 0.0 0.0 0.00020789779961775462 0.0 0.0 0.0 1.4646973554193103e-05 0.0 0.00030334501971504595 0.00019114595416906365 0.0030446850193704723 0.0 7.788725615717549e-05 0.0002669240297847371 0.0026652039070198838 0.00036957346921018546 0.0008940311508913034 0.00025171817400067054 0.0 0.0 0.0 0.00018205362524010548 1.0983958336107498e-05 0.00020839992510682495 0.00011688024799319 0.0 0.0 0.0 0.0 0.00025640061909308913 0.0005464577922123466 0.0 2.3164276603502127e-05 4.312397882878189e-05 0.004710142537664854 0.004426550354006123 5.259029112995401e-05 9.584027811733552e-05 0.0005694161546222737 0.0008525282895165188 0.00033314556388146926 0.00012083498217324043 0.0 0.0 0.0 0.0 2.1491807584405597e-05 0.0 0.0055461224449090815 0.006804620908610006 0.0007029088052327283 0.0001230663477976778 0.00019791869283486595 0.00019312111542349567 0.00013764241994988362 8.072108004605173e-05 0.00014218659940191998 0.002844694632420994 0.00025023450038950826 0.0014536510794324663 0.0 5.4209988607237085e-05 9.211535894251694e-06 7.533818551772116e-05 0.0 0.000525348219518384 0.00023100094454657247 0.0003449876505638197 4.043405177028336e-05 0.0 0.0 0.0 3.8622797996707664e-05 0.0120406986760208 0.014330777574306196 0.0020634240264733057 0.0021995146227147527 0.017529120157905354 0.0 0.0012948427117963378 0.0007841836490436585 0.0001612980436365309 0.00012453914077736961 0.00047602846140380045 0.002069864095262634 0.00048668378537655916 0.0007308214695930556 0.0017374265263401338 1.3357302464675413e-05 0.00039672342558300783 0.0011172666908233005 0.00015197345826881161 0.00015970117120676865 0.0 1.0076840793224575e-05 0.0 0.0 0.0 0.0 0.0 1.686362748512527e-05 0.0 0.0 0.0 0.0 0.0 0.0 9.16828250906357e-06 0.0 0.0 0.0 0.0 1.2270025176518793e-05 0.00010011408058588494 0.0 0.0 1.1296231021759977e-05 2.471349755372023e-05 3.208173436187803e-05 0.0 0.0 1.0501535223606027e-05 0.0 0.0 0.0 0.0 0.0 0.0 0.0 0.0 0.0 0.0 0.0 0.0 0.0 1.0480184460120379e-05 0.0 0.0 0.0 0.0 0.0 0.0 0.0 0.0 1.149035892942478e-05 9.863589520868227e-06 0.0 0.0 0.0 0.0 0.0 0.0 0.0 0.0 0.0001817186672684199 0.0 0.0 0.0 1.2361521032684482e-05 0.0002634812834629605 0.0 4.3141195048145244e-05 0.0 0.0 1.3150235039168363e-05 0.0 0.0 0.0 0.0 0.0 2.6211614516331427e-05 0.0 0.0 0.0 0.0 0.0016570490327406948 0.0 0.0
0.0054901848453861035 0.09182175837443957 0.019691422188013025 0.015953439203863978 0.23258154065457298 0.00035014168046503425 0.0 0.01765384587867142 0.1624484534759413 0.1300692053317493 0.08070193851556133 0.025013520380580894 0.2420510113521292 0.3120780316186824 0.0021308163776918476 0.0019995865637982935 0.00010108490221346138 2.5206642368914712e-05 8.883389498154061e-06 7.3195415099603555e-06 0.0 0.0 0.0 1.1740039233188119e-05 2.1180335133099366e-05 0.0 0.0 0.0 1.2336809604399416e-05 0.0 0.006969799356076331 0.0022222693426542568 0.000376544066616735 0.0 0.0 1.9581387844223725e-05 0.0004420739598451419 4.620020663905751e-05 7.959921538357639e-05 0.0 3.247278460832293e-05 1.1942165491130042e-05 1.0502210870569028e-05 0.0002053912843546874 2.3900460256568326e-05 2.3530321523219412e-05 0.003646063234186643 0.00010217837293211216 2.154496247201367e-05 2.9660564650884206e-05 0.0 0.0 1.486534888200408e-05 1.583084839213201e-05 0.0002974969079112954 0.00024385420239729337 0.0007864114998663416 0.011153696020928538 0.0007382564992147833 0.0029666014294700382 0.00017631291574708567 8.444764201732763e-05 2.204854627237763e-05 0.002727783706381954 0.00014747252341695556 0.00011956832860277782 6.932983597046051e-06 3.264889686091518e-05 4.732075754354922e-05 7.003102334702707e-06 0.0012060710777623011 0.00014146819820190122 0.0 0.010300995310459976 0.0063325724326932014 0.00669113122678753 0.001974474226890765 0.0005589765928368259 0.004313821327274558 0.00041348312922117 0.00023082892730556752 0.0003743970789955582 0.0003804377909142546 1.531689668529798e-05 6.208520581922652e-05 5.896606324588134e-05 5.3781216335965464e-05 0.0 1.3772966705682571e-05 0.0 4.1564185521003254e-05 0.0 2.610671193963632e-05 9.758359502973555e-06 1.3803836424430637e-05 0.0014552172610381847 0.00028913443263797 0.0 0.00019921880370819028 0.0009043307299666639 3.391984869609982e-05 9.452439655774842e-05 0.004028515068001185 0.0006745729662483677 0.00027080433817740104 0.001310180274014514 0.0003240028090077785 0.003480742696806316 0.0033451582008706465 0.0011297817091026066 0.00016055268923396572 0.0008191147527650212 0.0015650266686961284 0.0005454817243378434 0.00026433343720526706 9.70856368289075e-06 9.55236065386899e-06 0.0 3.462527204369683e-05 0.0 0.0 0.0 0.0 0.0 0.0 0.0 1.2940132792787327e-05 0.0 0.0 3.0013311464713882e-05 0.0 0.00011685208046297542 0.0 0.0 0.0004963918363344496 0.00022316987758920316 0.0 0.0 0.0 0.000152173429803933 0.0002980885382543106 0.0002109812654758148 0.00013265292286235292 9.556229251846266e-06 0.0 0.0 0.0 1.3783787439372517e-05 9.329809652126517e-05 0.0 0.0 8.660125792688442e-05 1.580952078912146e-05 0.0 0.0 0.0 3.510273482134346e-05 0.0 0.0 0.0 0.0 1.806133711306425e-05 9.419364820206987e-05 0.0 1.4205357601527895e-05 0.0 0.0005291053477263205 0.0001816033808125133 0.0 0.0 0.0 0.0 0.0 0.0 0.0 0.0 0.00048479970708292645 0.0 0.0 0.0 0.0 0.0008565745642764109 0.00043214711347634054 0.00018373888523054888 1.113843551041644e-05 0.00010042099521542066 1.3499614799102048e-05 1.6773244130401025e-05 2.7657021032865167e-05 0.0 0.0 0.0 0.0 0.0 0.0 0.0 0.0 0.00101643592131528 8.836001009797701e-05 5.95370392369378e-05
0.007827077152639531 0.0934264754895186 0.09386189835949608 0.0030459345094316177 0.053931355087684436 0.0002421386708672689 0.01765384587867142 0.0 0.024971616891703904 0.019451290231752273 0.17503076184258598 0.014410732371665205 0.05618320776957994 0.1650252688766939 0.0008322643640686362 0.0006893164407172573 8.421586675740235e-05 5.781262127221206e-05 7.504415609870677e-06 1.5436399146308235e-05 0.0009035402717368145 0.0 6.769720855898006e-05 9.335613747048038e-05 0.0006688556767874873 0.00010613529457910305 4.0206113562171e-05 2.756538661316747e-05 5.498107829081376e-05 4.616900628456159e-05 0.11175807481673133 0.008410328672280568 0.010577869311149938 2.4078593060953004e-05 0.0001586360976264907 0.0003588587218474396 0.0022994059965646668 0.0007571443510249097 0.0007534234641686683 0.0002608496696889188 0.0008495591501526046 0.0003621483327051885 0.00012187207630233422 0.00010746512114060623 0.0 5.276847983893375e-05 0.0012323129765964074 9.015602028575743e-05 0.00010097074822492301 0.0003773252331035689 0.00014295651748491185 2.3046848202968128e-05 0.0003546380207578144 2.012696637775017e-05 0.00012505603865636263 0.00010366181174397515 0.0005572376420732992 0.01004097479855751 0.00033860937072748595 0.0010623234415746816 0.0033875059955099686 0.003373448421705449 7.551331544671473e-06 0.007420275833659638 0.00011138725335809916 6.951037107515809e-05 9.514005309844086e-06 9.552899334574124e-05 0.0011490683679217407 0.0005579357331339372 0.0026467167933232052 0.0019555621272611735 1.4539432280611757e-05 0.005101613467784752 0.004309902050184598 0.002515650627752778 0.0009395386764372493 0.0005426415960079201 0.054707358688530695 0.19738633626476934 0.004844444924006803 0.08122634347920932 0.00015385672914036428 0.0 4.062957569555019e-05 9.214994032705761e-05 0.000141835533719127 1.0133294051940447e-05 8.38810114105805e-06 0.0 7.334344887001476e-05 5.8246385025184333e-05 0.0015707609595429996 0.0002831409832625636 0.0001520364331978583 0.005097074132066558 0.003796985155773548 0.0 0.0009560177114552947 0.005039947022522462 0.0006015854020372389 0.0003945511870542037 0.0015940521739186521 0.0001325833032728663 0.0011960721943295965 0.0014146062312927238 0.00035656930728741626 0.0015578679455388285 0.001469492669493219 0.0005101739865678243 0.0003881271501054609 0.0014808016283939967 0.003612172529354579 0.0008309708491388905 0.0006652678588401999 0.00016664778514272432 0.00016416286023426433 0.0 6.92635610730319e-05 0.0 0.0 0.0 0.0 0.0 0.0 5.7602885600247116e-05 0.0 4.98572640245852e-05 4.038304202185095e-05 4.1854150675957696e-05 0.0 0.0003740969735456991 3.0344525425805474e-05 1.690717716466714e-05 0.0014558647169111776 0.0008724674148576358 0.0 0.00034310381904904233 1.167952330768645e-05 0.000530835224375434 0.0009946261914865737 0.0010452459422761948 0.00048755285584932705 0.00014469443401343032 0.0 0.0 2.97188523789547e-05 0.00023727793643759954 0.00011383537866755059 0.00015773550854235365 0.0 6.151935228635054e-05 0.0003167634778135179 0.0 0.0 9.982453870857871e-06 8.17503571154838e-05 6.102619389432583e-05 8.001981839623745e-05 0.0 0.0 0.0002575240235278395 0.000722996513806562 0.0 0.00026326892586548783 0.00015418589859055135 0.0014877038253305506 0.0007586862684391035 0.0 0.0 0.0 0.0 0.0 0.0 0.0 8.3350484789952e-06 0.0010262808187354755 0.00035469433185913155 1.9811066282516196e-05 0.0 1.8646044869938468e-05 0.0029210261699167328 0.0016652848297989175 0.0018989891217013474 0.000491895036825353 0.0006748121804133011 0.00015467562923226252 2.1415515382181564e-05 0.00023175592971359015 0.0 0.0 0.0 0.0 0.0 1.351137073680343e-05 2.3228955025423597e-05 0.0 0.001997044371819942 0.00021307100798961877 0.000399521816340906
8.821378124734877e-05 0.08013814387784225 0.02926599484280802 0.006721765866314106 0.2173390940831467 0.00016323299830620495 0.1624484534759413 0.024971616891703904 0.0 0.033390053790749975 0.05703930159027761 0.030247077713283086 0.1723880712582662 0.07606209019288926 0.0006955553751558873 0.0005254338813307379 3.0549751992861314e-05 0.0 0.0 0.0 1.1345643496048174e-05 0.0 0.0 0.0 1.0098169993509279e-05 0.0 0.0 0.0 1.057122748906618e-05 0.0 0.0006967671248235539 0.0008765768546221977 0.0010373849120531543 0.0 9.319780767093561e-06 1.9701883011114602e-05 0.0003149810772000831 2.0490394962419255e-05 1.7552243515539833e-05 0.0 4.4670908489240126e-05 1.0442896095223805e-05 0.0 7.474587234000929e-05 1.0501550397710398e-05 0.0 0.0005217400475066769 1.0228116231511448e-05 1.885650889891317e-05 7.784772362210632e-06 0.0 0.0 8.610329892741929e-06 0.0 6.017933032398492e-05 1.5330305801738624e-05 9.337721510008737e-05 0.0010266947115994567 5.7581130726402986e-05 0.0005283438752303662 5.191362510604936e-05 5.593756837613128e-05 2.430170909842399e-05 0.0005033737771826528 2.0489506079358e-05 3.983799538061452e-05 0.0 0.0 0.0 0.0 0.0005107505386429183 3.494750612954967e-05 0.0 0.0012142227220329172 0.0009500138486511052 0.0013829235439302928 0.0006785421134316585 0.0003356580194070788 0.0013458727256444474 0.002889108885310283 0.00014049000036232687 0.00025236472821240854 6.610163231718578e-05 0.0 7.680824156816688e-06 7.78738630134763e-06 0.0 0.0 0.0 0.0 1.1044570098057825e-05 0.0 3.5378758967567246e-05 9.670678736101315e-06 0.0 0.000707254804492596 0.0001829049779494287 0.0 4.167948954692546e-05 0.00011121436600200404 2.1938084383023605e-05 3.7308314850633815e-05 0.0002883206030928426 7.105221501474116e-05 0.00016800553684809057 0.00038642189144409494 0.0 0.00037672920626347176 0.0003271701597107071 0.00013306334804416705 4.886370599820302e-05 0.00023442629415700754 0.000675822704685643 0.00011917649249745399 0.00016095606724225562 1.35541760865941e-05 0.0 0.0 0.0 0.0 0.0 0.0 0.0 0.0 0.0 0.0 0.0 0.0 9.46567419015152e-06 1.558321739109569e-05 0.0 0.0 0.0 0.0 0.0002684863563693085 0.00012443256026418604 0.0 0.0 0.0 8.267622346227147e-05 3.0132870628956257e-05 4.6173236665132526e-05 1.017166457006972e-05 0.0 0.0 0.0 0.0 0.0 0.0 2.7517363767384742e-05 0.0 0.0 3.4653512649203526e-05 0.0 0.0 0.0 3.8647606858715526e-05 0.0 0.0 0.0 0.0 5.0442650622970724e-05 2.405112473749503e-05 0.0 0.0 0.0 0.00016505488752966983 2.2510951546666798e-05 0.0 0.0 0.0 0.0 0.0 0.0 0.0 0.0 0.00014718444304549132 1.979084638912465e-05 0.0 0.0 0.0 0.00035752572389812317 0.00014060980949997284 0.00011607446391792704 3.0273610446987924e-05 1.0431450827343471e-05 1.8019583568297538e-05 0.0 1.210021656633666e-05 0.0 0.0 0.0 0.0 0.0 0.0 0.0 0.0 0.0004974624029405096 2.8329851602231034e-05 9.835510240050094e-06
0.031308978014175814 0.06552995479893269 0.049968249922882714 0.17843326449569086 0.08334369255176345 0.019460792991453504 0.1300692053317493 0.019451290231752273 0.033390053790749975 0.0 0.03128948936366908 0.14946985048273925 0.33215210993826216 0.06148707662613617 0.003958735593768671 0.0034056979740746066 0.00014051760205817585 8.262607304732864e-06 1.581352355812684e-05 0.0 0.0 0.0 0.0 2.3163984302333733e-05 2.7173194315709467e-05 2.5174773555189444e-05 0.0 0.0 2.2884262466466102e-05 0.0 0.00569517959605221 0.0031261475788320154 0.007687787792104561 4.3206875759592225e-05 0.0 2.3127504158154132e-05 0.0026522510527371744 5.553492391599211e-05 0.0001347689892526905 5.639063838168462e-05 0.0 6.925678863066044e-05 8.460206887750103e-06 0.00047536885426775587 1.2943778970340027e-05 0.00014995629269757215 0.004896792258558504 0.0002690522769876985 1.7163153923106955e-05 3.356953852397714e-05 2.1873806078275253e-05 0.0 3.0803872718745554e-05 1.5623989410900793e-05 0.0005031454867755916 0.00030612003117129537 0.0010895461769452476 0.015990005816080056 0.0010394130924268922 0.004267127681123226 0.0024743106152654106 0.0008266268185194055 0.0002168573858810026 0.002966730017226381 0.00015103527853564626 0.00011982437484264299 1.3751566826016985e-05 3.131422896148096e-05 7.728813459842393e-06 1.0153025978080939e-05 0.004617156235445635 0.0012124126578292609 0.0 0.011744216882149095 0.006771678019866018 0.00854506140181291 0.0034903730212098 0.0013079379191439644 0.0032955817927465716 0.0018627261520987183 0.001619859472826772 0.0018998612733159394 0.0005413801160084105 7.2409180861228555e-06 5.587231813006618e-05 0.00010068324806329161 1.4468407888515338e-05 1.5900420063394273e-05 8.48976764033699e-06 0.0 1.0966655065303282e-05 0.0 2.0465018269453118e-05 1.731850800092107e-05 9.334326344087805e-06 0.049224793019707176 0.0021292797811971464 0.0 0.000652764925537069 0.009285689024545884 0.0007124152322753952 0.005082599089101248 0.01177283451623116 0.0019655213655509827 0.0043739171944340485 0.008627879922435504 0.013052243156908254 0.007424543465059531 0.0108540448294471 0.013943243179823388 0.001676023914827798 0.007248629805554806 0.02155723012044626 0.0054139058270628645 0.003359933815689866 0.000269900598070696 0.00010097988303575374 0.0 6.965732109506243e-05 0.0 0.0 0.0 0.0 0.0 0.0 0.0 0.00011242522039751274 0.0002048484715013417 5.204888387785517e-05 9.061252682663203e-05 0.0 0.00013498343608474381 0.00019435555756492907 0.0 0.003964498565270075 0.002179342241839898 0.0 4.2519225281397836e-05 2.763589029389288e-05 0.0014712785138297087 0.0005336570080118113 0.001904697897691039 0.0005509414070220198 0.0001694825234710481 0.0 1.832139730285373e-05 9.18267474773997e-06 0.0002476908069734604 0.00010781676343936515 3.483850734331173e-05 1.557968741523699e-05 6.19673852878901e-05 0.00036126880727450976 0.0 2.101387600679763e-05 1.7210494732830108e-05 0.00015418115069315767 1.7734475724015634e-05 4.584767146405194e-05 0.0 7.78186532326817e-06 0.00048318499789279585 0.0007678922506111558 0.00011480663475369424 0.00017642155195209287 4.49025164346988e-05 0.0033686877189649713 0.0009993177729870973 8.543060692158543e-06 7.1829985297425994e-06 0.0 0.0 0.0 0.0 0.0 2.0472754666770596e-05 0.003918819496474226 0.0008177057006073282 3.9791130558586334e-05 1.3468501496046988e-05 3.282908216257518e-05 0.008497268089915161 0.001527271378239438 0.0034066327767709125 0.0002160933070329634 0.0007101850031115114 0.0002974616696477629 0.00011997686660519062 0.0002864830030808952 0.0 0.0 0.0 1.7932558482461493e-05 0.0 0.0 0.0 0.0 0.019478794312587866 0.00047975375833395403 0.0008246117421827468
0.007053722969583567 0.11830898302313723 0.1154091857119449 0.013189819112284406 0.14892144251263667 0.0004131937091360172 0.08070193851556133 0.17503076184258598 0.05703930159027761 0.03128948936366908 0.0 0.044104510659643124 0.23527076919394135 0.13238127602835126 0.0019108402441635323 0.0024121689585833795 4.480438070991564e-05 7.069715055612824e-06 8.37865326449505e-06 1.883891971603714e-05 0.0001968012055021829 0.0 4.166915119002706e-05 6.388198669178151e-05 0.0004104374800264296 3.6394036727762397e-05 7.300290762655806e-05 1.1765225051894016e-05 5.065239827449175e-05 2.0995225435252773e-05 0.021794574467549597 0.003954824094605155 0.015319512549948967 3.607645310558042e-05 4.9379924237047676e-05 0.0005441174685321618 0.007417891144891461 0.0013555300216191312 0.0006908763977456357 0.0004088384840206926 0.00039190146178864086 0.0001439263128638507 4.512604057571364e-05 0.0006248445555269514 3.9585382481522414e-05 5.203789942356544e-05 0.0017183582125006023 6.0572453033631926e-05 8.642290549730491e-06 4.9350728860921284e-05 0.0 2.5044336954025e-05 0.00013529750450585288 7.621550910599214e-06 7.528029710818671e-05 3.0881969840752525e-05 0.00026858690717259775 0.0036909262372535616 0.00022856950835601673 0.001189181794061235 0.001353401655419246 0.0022355565275792317 3.825197802593626e-05 0.002271008517573125 4.5460490614221383e-05 8.157614482048608e-06 0.0 5.432270664631981e-05 0.00017542901937571124 0.00014479128313389035 0.0022288050526254734 0.0005114351311397635 8.486347077757164e-06 0.003211157762034962 0.0036045112801917174 0.003595448983211219 0.0025461614206319884 0.0014810712762218367 0.008946202916429738 0.03334391638333981 0.0013266262358741288 0.009258647995081963 0.00011376317309122457 0.0 2.3536235430738357e-05 2.521515104828092e-05 3.3654270722779176e-05 0.0 1.8550679617158432e-05 0.0 3.4277678834893446e-05 0.0 0.00037902282085585726 5.981413675138649e-05 3.578116423590332e-05 0.004858790400885358 0.0014166329677306353 0.0 0.0004385148712692493 0.001308300019595182 6.042582726037884e-05 9.428092086539827e-05 0.0008586501789004093 2.0214295744310684e-05 0.0003994585578956987 0.0005119882895377413 0.0003373756361784985 0.0006297814364075793 0.000851768530097084 0.00017058625348152716 8.686523143832722e-05 0.0008070099025063922 0.0015760195446137824 0.0006787055856553104 0.0003303230662635496 6.327678191445172e-05 1.707976662913434e-05 0.0 0.0 0.0 0.0 0.0 0.0 0.0 0.0 4.680733054127157e-05 1.2602941033211037e-05 2.9337424111954527e-05 0.0 0.0 3.428211606246605e-05 3.308762813647595e-05 7.283903927891823e-06 1.63852438789345e-05 0.0006111867127545313 0.00032861531665315583 0.0 8.915937952027692e-06 0.0 0.00028468553538045824 0.00014469672690046437 0.0003595937506712995 0.00011776111273823869 3.403457131423353e-05 1.2465269578810399e-05 1.733642542363374e-05 0.0 6.007837301442601e-05 1.3852147578196397e-05 7.278736746035306e-05 1.475643475129579e-05 9.314072109302156e-06 2.7577953966134112e-05 0.0 0.0 1.9221988383583414e-05 5.887794802044188e-05 0.0 6.6342014888155685e-06 0.0 0.0 0.0 0.00011412974351413531 1.3658070783304221e-05 5.441359793422191e-05 2.6255201731815685e-05 0.0007890543951876638 0.00012795536116743346 0.0 1.113937550625031e-05 0.0 0.0 0.0 0.0 0.0 0.0 0.00038735813048917505 3.2672641139705937e-05 0.0 0.0 0.0 0.0012182539069446505 0.0006158333126192427 0.0005584886136062139 7.067588923999466e-05 0.00011926128619131058 0.00010864111502791751 2.421447956149749e-05 0.0001116543527350421 0.0 0.0 0.0 0.0 0.0 0.0 0.0 0.0 0.001490009537677304 0.0001306740695087365 0.00015617871771064762
0.0011152808398116583 0.014263102357017636 0.014818308836207049 0.00410002456423476 0.010681786708320188 0.010741141061722788 0.025013520380580894 0.014410732371665205 0.030247077713283086 0.14946985048273925 0.044104510659643124 0.0 0.0642179254720513 0.032193489477055186 0.0022716433422021857 0.0030975050568228697 4.7113958460098405e-05 2.1511646128595205e-05 0.0 4.174573170023412e-05 0.000104900889174975 0.0 0.0 1.1276148493944836e-05 0.00047845875634198006 7.219559815448728e-05 4.3049217613825086e-05 0.0 8.973421612293993e-05 1.383221199960252e-05 0.0021163195063780824 0.0011256307330225611 0.01275870367538258 0.0 9.552003663097758e-05 0.0004965269082251806 0.018279245508925998 0.002758601190272319 0.009206277086361167 0.0017895136976778627 0.00010542188885397036 7.276738476217191e-05 1.5265734397184806e-05 0.0008515000866139487 2.6281890585491283e-05 0.00013359915924630162 0.002116671890610681 3.9442211612243265e-05 1.785051210013295e-05 3.0462270086620014e-05 0.0 2.2725923881913535e-05 0.0023842011315618455 0.0 5.651416198035292e-05 1.5501319555262568e-05 0.0001761454120034936 0.001731197918678165 0.00014862219023318497 0.0011640898339792816 0.003496278931177097 0.00802478538224406 0.00013927074510345662 0.0018607321693644078 2.2304776198769303e-05 2.936111568069851e-05 0.0 9.685796935876258e-06 0.00013416525955803294 3.0917279182984425e-05 0.008511105552554193 0.001627068923813616 1.6728231347743056e-05 0.0023518235424959248 0.0028911398661049153 0.00317965213730324 0.0029376836052825827 0.00180791605441799 0.0015662192047531138 0.010767653546783303 0.0026487657194928472 0.008128486018930658 0.00013583089943152587 0.0 4.9392430094959766e-05 2.556652580362071e-05 2.120055422785384e-05 9.583376523201252e-06 0.0 0.0 5.481636817969994e-05 2.6411413545845238e-05 0.00020134477319822198 6.0044042002607436e-05 8.212294766464406e-06 0.08255361262910742 0.0033324609895160817 1.2060378951905923e-05 0.006267393575198698 0.00187371978712091 0.0005350785796042466 0.0018655828341785532 0.006105317751695837 0.000993372550109927 0.002460251393073973 0.0050509969051543225 0.004453359526349818 0.005348296444288715 0.007283045897777941 0.007280154135165394 0.0010002716595155596 0.004621736527668798 0.013743355471246353 0.004212644985109526 0.002287230121514622 0.0001509375589007776 8.885155763902729e-05 8.237904661455591e-06 6.197999337134743e-05 0.0 0.0 0.0 1.2205144699418072e-05 0.0 1.0796994202979484e-05 0.00013394862685631322 1.975252698376799e-05 4.73193695123179e-05 0.0 0.0 0.0 0.00010176451440952502 9.16304584578178e-06 0.00014020913487817197 0.003044039909893197 0.0014250268957277706 0.0 3.4441367489192035e-05 0.00023629121714046573 0.0011601214506923507 0.0005651929458122422 0.000928275691878164 0.00043562595260331684 1.619890427999686e-05 4.852973354466438e-05 0.0 0.0 0.0001260869665086228 8.814075547074964e-05 3.516766720985387e-05 0.0 0.0 0.00010674020226344202 0.0 8.793450984278981e-06 3.318236246596902e-05 8.166114296543311e-05 7.955914296984647e-05 8.080411993289796e-05 0.0 9.830436498731012e-06 0.00018986723478971572 0.000407385564325903 0.0 0.00012777260824758664 7.224160763621123e-05 0.0021857600406344703 0.0009654238328762535 0.0 1.4950655300860952e-05 0.0 0.0 0.0 0.0 0.0 1.395923043409836e-05 0.0031720761330641814 0.0002914282828282918 1.1991531644468059e-05 2.1086136689081675e-05 0.0 0.0058872946260282106 0.0012682426234367564 0.0021018212542208196 0.00026557171759646894 0.0005195945146029269 0.00023124178633385887 0.0001076093350299015 0.00018557158879860714 1.7008393232637418e-05 0.0 0.0 0.0 0.0 0.0 1.1156856873121616e-05 0.0 0.015074895432717167 0.0005601268458526663 0.0005145153864767937
