0.0 0.22066151287097113 0.0706343986465006 0.08053636658238579 0.0018985961550891002 0.01301414523032526 0.034078278723648145 0.004341698562550224 0.0001719929906071565 0.09079797265765997 0.005047452314525214 0.003919771766682123 0.005346117619117336 0.0005996848228242422 7.418938302075802e-05 0.0 0.0 1.887043942872142e-05 0.0 1.7220845186069028e-05 0.0 1.7264568207614524e-05 0.0 0.0 0.0 5.9222365590471636e-05 0.0 1.636072587495639e-05 0.0 0.0 0.07252923653359296 0.00022315180263853543 0.0002723215987790797 7.382965504660512e-06 1.465201897491193e-05 9.724156731673774e-06 0.0002298256537096635 0.0 0.0 3.19168432041527e-05 2.7573672792816804e-05 0.0 0.0 1.7192520595006157e-05 0.0 9.63388663323982e-06 0.0005697781617568608 2.9673761516400064e-05 6.979508157280566e-06 0.0 0.0 1.6759273372484846e-05 0.0 6.580285378283331e-05 0.00013333452486673485 0.0001479800617063119 0.01695247204124493 0.07930189721020044 0.004061323909053091 0.0012492751687911462 4.544865079099943e-05 0.0002272008457315361 0.0 0.0006038631143310914 1.4442048017206654e-05 1.2376059029003575e-05 1.9564309826492493e-05 3.785959325170768e-05 0.0 2.373680664538888e-05 0.0006583059313972841 0.0003857150936312041 2.2902656917250335e-05 0.0076251423227161625 0.0011017017153548627 0.000604151339960069 0.0001470759061868935 2.0549739997473013e-05 0.00015507437553073905 0.0011424449568917903 3.670208772102484e-05 0.0007341316453724003 0.00030072827946312565 6.0712996298540105e-05 2.959064634295619e-05 1.944201259523282e-05 0.0 9.088744279502469e-06 7.880740925996323e-06 4.509759188500407e-05 0.0 0.0 9.552217688829717e-06 0.0 0.0 0.004554291871598636 0.0010277022485901475 4.896638549271618e-05 6.686683715411973e-05 0.10205295813893166 0.0 0.0003630406799937554 0.0001075438638764817 9.912604869811115e-05 0.00011575289635019101 0.0013914413819642198 0.00012109235342207852 0.0016512889621724386 0.0015478621517750438 0.0017257968771378863 0.0 0.000577961813888209 0.0012096723868259378 0.00030778295195430053 0.0007388793714834366 5.833384742248087e-05 0.0 0.0 0.0 0.0 0.0 0.0 0.0 0.0 0.0 0.0 0.0 0.0 0.0 0.0 0.0 0.0 0.0 0.0 5.190179069948281e-05 0.0 0.0 0.0 6.120705500897728e-05 0.000120258146040215 5.2620648612539486e-05 0.00023968509734999287 3.913365507069515e-05 0.0 0.0 0.0 0.0 0.0 0.0 0.00012101921038869522 0.0 0.0 0.0 0.0 0.0 4.8490730535324696e-05 0.00010984611880689674 9.860386620746675e-06 0.0 0.0 0.0 0.0 6.814288802661956e-05 0.0003484596806362197 0.0 0.0 0.00035919015284504896 9.197708842561557e-06 0.0 9.212519009612854e-06 0.0 0.0 0.0 0.0 0.0 0.0 0.0005230370654260546 0.0 0.0 0.0 0.0 0.00011303654989167968 0.0 7.91689381801359e-05 1.8821521708835693e-05 5.6812477018581296e-05 1.4539361641907815e-05 0.0 0.0 0.0 1.0495313413573531e-05 0.0 0.0 7.91230634043118e-06 0.0 0.0 0.0 0.00025707344615080843 0.0003112598038133141 0.0001151686129802726
0.22066151287097113 0.0 0.19957004435951853 0.05738718331619229 0.0842901942631852 0.007511483866978869 0.1626763929253046 0.06143253091095633 0.020769325494100887 0.05171372478502137 0.07076559121822201 0.00304289119509785 0.03527210186206338 0.03506678365377466 0.0020379636737179155 0.000549693229510435 5.6372898635310094e-05 1.80841740507367e-05 6.579427461539953e-06 2.1161554486849264e-05 0.00027295192353431566 0.0 2.1270131108741856e-05 7.322975435748548e-05 0.0003985055964623354 0.00019706416047055977 0.00019541468886422072 6.961186389786168e-05 9.998081109870814e-05 2.548243733615652e-05 0.22011552748883195 0.00978983088475315 0.0052720126572734696 5.988044963711096e-05 0.00013342679721063515 0.0001358445071454893 0.00035950534478241576 0.000155770476345922 9.356285901751653e-05 0.00045485091707346217 0.00023131603083906014 0.00010440905788731954 4.275639284053657e-05 0.0001679865687632449 2.877041705785863e-05 0.00013811535203337238 0.013127137134247202 0.0006370401277380532 0.0001737909117607221 8.847743158682097e-05 1.7702439454316796e-05 5.030654437586527e-06 9.03699458910134e-05 4.932009989019754e-05 0.0012038172254900136 0.0009745309648850877 0.015823632804015428 0.0751956070679003 0.006479553574160155 0.008119687368218996 0.0009537912749188003 0.0016432576883476616 1.5107344642561041e-05 0.014136190668885966 0.0002737148269389051 0.00021346290604560517 8.488522732745521e-05 0.00010534196160610234 7.949155327889126e-05 0.000183039814179534 0.0006966643388145597 5.736181148215304e-05 2.6114210274789782e-05 0.027796414641314895 0.013747468731219632 0.012394223609968452 0.007451079357196322 0.0010480180937769965 0.0039941995336866 0.026280516470038682 0.0010028145963964946 0.011337687997690343 0.0025914406932588297 0.00034171769214537433 0.0004931076155023917 0.00037284873120134226 0.00023345301892382207 0.00011656261018215845 3.9933492037825555e-05 3.649938210985073e-05 2.304644823893362e-05 2.882094468472622e-05 0.0001966600831013407 1.729381818982266e-05 4.198073183922384e-05 0.0012139018577399015 0.00011331052479017472 0.0 0.00020500402529153867 0.06825277504194971 4.5395886395038384e-05 0.00011834806054185306 3.5376567998115625e-05 4.355280038821154e-05 8.776332033425864e-05 0.0004224192539547834 9.653102131189814e-05 0.00039297698093887495 0.0014815231725833439 0.0005256057411512177 8.169184955101595e-05 0.00025549998511778483 0.0002603709265223625 0.00012215505619664284 0.0003282890822833145 1.4495307355739048e-05 0.0 0.0 0.0 0.0 0.0 0.0 8.878434239719675e-06 7.86518956656521e-06 0.0 0.0 0.0 0.0 0.0 8.704951249663883e-06 0.0 6.167563419310284e-06 7.704056688430627e-06 0.0 0.0 9.33710577778207e-06 0.0 7.978314969641747e-06 0.0 0.00032371545771840064 4.341250444575381e-05 0.0003179099460115151 7.070495360563464e-05 5.4784070441620835e-05 0.0 0.0 0.0 0.0 0.0 0.0 0.0 0.0 8.320194718590627e-06 0.0 0.0 0.0 6.390258163249285e-05 7.321623895629213e-06 6.382746420332393e-05 1.0202131518609978e-05 5.727841439176575e-05 6.089954274321621e-05 7.96052293239006e-06 5.560176833731839e-05 0.0001072416039627859 0.0 0.0002667744246192615 0.0 0.0 0.0 0.0 0.0 0.0 0.0 0.0 0.0 0.0002798453067982712 0.0 0.0 0.0 0.0 3.6431791423339025e-05 3.7480725706629054e-05 0.00015716062442877813 7.194266817114887e-06 0.0 3.390248537489344e-05 0.0 0.0 0.0 4.508709890705495e-05 5.336841156263612e-06 0.0 3.528485313642056e-05 0.0 0.0 0.0 0.0002382168528993128 0.00022392663303533552 0.00013517578354363386
0.0706343986465006 0.19957004435951853 0.0 0.005500212885377435 0.04835305633738021 0.0005982557149924251 0.02049627386431228 0.24086947151388302 0.024712173510623266 0.0005686064186876495 0.16985423021903853 0.0031855342172799977 0.046224973032167355 0.0762318335047458 0.0009216750861430227 0.0006787224360792478 4.8009855472866706e-05 4.227212598012166e-05 0.0 0.00013696841667799924 0.001159512187147746 1.7728604473646803e-05 0.00013401052602989366 0.00016358551792074096 0.0008963818439027552 0.0003768912310851468 0.0003614400904401671 0.00020156708300217568 0.00011354148365814185 5.250046404828728e-05 0.27299860757788824 0.14612151433360998 0.008693027567656506 8.559928678938325e-05 0.0004905886157901754 0.00023651022495350433 0.000814842713694752 0.00019946875662593192 0.00015674757506504983 0.0009046409882124852 0.0009710793492341222 0.00013759043538810875 9.366690591326984e-05 7.93349931228942e-05 1.0253967103289525e-05 0.00015250948149906298 0.0031992142325615804 0.0001208452695889757 8.534002091962535e-06 0.00018652706862718211 2.020260594209533e-05 6.407960886086317e-06 6.4707646522144e-05 4.713533641105019e-05 0.00027803862374427903 0.0002748646532865731 0.004486633236263296 0.034062335825555824 0.001486815129826108 0.0020313173762414264 0.003143148843260485 0.003225119813060657 9.656376227601388e-05 0.007657830472111024 5.0457714397166154e-05 6.868884437277931e-05 1.1318143956568326e-05 4.426110229509432e-05 0.00032995217433788815 0.0012288075868175639 0.0006027687210628245 1.5343035024704845e-05 5.599877970508934e-06 0.006469544141911297 0.003832614088468529 0.003423953625793081 0.0024750377345472284 0.001421637859023925 0.02145479479041074 0.06276562595564916 0.004055366145584675 0.02759121249925782 0.0005611437864840453 5.209507285816554e-05 0.00014711862271120596 0.00010350567385291603 5.370907081154231e-05 2.5287045930602566e-05 7.432805684146163e-06 0.0 1.656554073300172e-05 1.7538173731396877e-05 0.0012376764383241622 0.0001438051317047844 4.054216537637135e-05 0.000255633238999748 0.00014943252222829738 0.0 4.4367247688719324e-05 0.008760106915952368 0.0 0.0 5.499654787059073e-06 0.0 0.0 3.094749158217337e-05 3.038063624929377e-05 0.00011244423701907854 6.155435811680284e-05 8.366933323107894e-06 8.709625110115605e-06 6.314278517737158e-05 7.485756721827105e-06 4.165806641560682e-05 4.7072213399634714e-05 0.0 0.0 0.0 0.0 0.0 0.0 9.89058153773567e-06 0.0 0.0 0.0 6.337379534738209e-06 0.0 6.216294008885224e-06 0.0 6.834754311544391e-06 7.019179294577026e-06 0.0 2.8802908840620532e-05 0.0 1.1647147869798583e-05 7.819509249915228e-06 0.0 0.0 0.0 0.00010694240507101457 2.2313973297778505e-05 4.7217947847286694e-05 1.5665840185316346e-05 0.0 0.0 0.0 0.0 1.1966340389370973e-05 0.0 0.0 0.0 0.0 0.0 0.0 7.268928390983633e-06 0.0 1.3230589348927913e-05 7.09884061902098e-06 0.0 5.87996904976236e-06 5.840242701695352e-06 7.06796607210429e-06 0.0 0.0 0.0 0.0 3.6493458433902924e-05 0.0 0.0 0.0 0.0 0.0 0.0 0.0 0.0 0.0 8.660345393239635e-05 0.0 0.0 0.0 1.2564991262994516e-05 7.895144585427318e-06 0.0 9.772371760141813e-05 3.299239640770935e-05 0.0 1.693794128906309e-05 0.0 0.0 0.0 1.6173690839390504e-05 0.0 0.0 1.871571344292464e-05 0.0 0.0 0.0 4.752509415847133e-05 6.489721636724611e-05 6.775387196016911e-05
0.08053636658238579 0.05738718331619229 0.005500212885377435 0.0 0.0004893678822010357 0.010971199018111995 0.05695647994409304 0.0002638741275994716 0.0002585371462176226 0.07172392215819591 0.00038617299319566064 0.003921432497376926 0.007932349801082877 4.7378260869908214e-05 0.00010021598552887228 5.763666340129526e-06 9.269754500806365e-06 0.0 0.0 0.0 1.3541152864795733e-05 0.0 0.0 0.0 0.0 7.163588683735895e-06 7.39915496379369e-06 0.0 0.0 0.0 0.0048058102049648495 0.00021826610578908615 9.457171125857177e-06 6.875234555354349e-06 0.0 0.0 1.1140831879709247e-05 0.0 0.0 0.0 0.0 0.0 0.0 0.0 0.0 0.0 0.0011728891754279357 6.873903584911471e-05 2.399118123174912e-05 7.4774580055640325e-06 0.0 0.0 0.0 0.0 0.0002685066772028758 9.386564221205527e-05 0.004079266901346087 0.010869003990298122 0.0014995323762707696 0.0014441269051865152 3.9238271663425993e-05 5.5646972766441714e-05 0.0 0.0010243627293698447 2.3183573715107504e-05 3.926347757883935e-05 1.9930052354498687e-05 1.9595156035137574e-05 6.600717320971639e-06 0.0 6.932294153827528e-06 0.0 0.0 0.005963708147420819 0.0015896425222621826 0.0011113941620491978 0.00033245188057304855 4.134309825286755e-05 0.0 0.0 0.0 4.9283786349495714e-05 0.00043717249577010574 0.00010769130839224795 0.00010737624788583054 5.687561908504147e-05 2.192098156725784e-05 3.119221112396048e-05 5.4616243379705244e-06 6.689180610295159e-06 7.155627583777662e-06 0.0 6.746716584885882e-06 0.0 0.0 0.000899473965614604 0.00019092383403899167 0.0 0.0 0.017734209592731788 0.0 4.597145428066471e-05 0.0 0.0 0.0 0.0003434519982764984 3.282820495060468e-05 8.934747173595078e-05 0.0015511404197756295 0.00016655165207433913 0.0 2.0888179089376e-05 7.839577045813373e-05 0.0 7.717539744907081e-05 0.0 0.0 0.0 0.0 0.0 0.0 0.0 0.0 0.0 0.0 0.0 0.0 0.0 0.0 0.0 0.0 0.0 0.0 0.0 0.0 3.757736116717519e-05 0.0 0.0 0.0 3.876642331765686e-05 0.0 1.9498405755732336e-05 0.0 0.0 0.0 0.0 0.0 0.0 0.0 0.0 0.0 0.0 2.3369249490817995e-05 0.0 0.0 0.0 5.926262352542674e-05 0.0 1.5957415104843382e-05 0.0 0.0 6.214497948774358e-06 7.949594619958137e-06 0.0 0.0 0.0 1.0835437166864512e-05 0.0 0.0 6.245023641795739e-06 0.0 0.0 0.0 0.0 0.0 0.0 3.7230708862414846e-05 0.0 0.0 0.0 0.0 2.9128287898039436e-05 0.0 0.0 1.964626703952757e-05 0.0 0.0 0.0 0.0 0.0 0.0 0.0 0.0 0.0 0.0 0.0 0.0 0.0 4.616696099366866e-05 0.0
0.0018985961550891002 0.0842901942631852 0.04835305633738021 0.0004893678822010357 0.0 4.555493445584624e-05 0.1956547329781565 0.039134340367299986 0.16936258866007675 0.001973896726689962 0.10500398840075906 0.00014941715751058614 0.07219140605590901 0.1444905124083283 0.0011946228757098193 0.0003516972524358222 1.8895686874360406e-05 1.0314089189459911e-05 0.0 1.2272450399278366e-05 3.486684115502467e-05 5.6705169755820374e-06 6.115566599637101e-06 8.188046029220137e-06 0.0 1.605887784338064e-05 0.0 1.6224183776304917e-05 1.3714453121858748e-05 0.0 0.007058008907354458 0.0014629808478324336 0.000486931927793766 3.0301647225914163e-05 1.300661195618504e-05 0.0 0.00013570769632184843 4.033573181670814e-05 3.421889390357581e-05 2.0281396597573685e-05 3.9854802520661383e-05 0.0 6.200898509947955e-06 5.2100946209251704e-05 2.0338567106178848e-05 5.2116750170172834e-05 0.005000431208709833 0.00014614635273584197 3.728695837719276e-05 3.29218746644498e-05 1.0242081152713621e-05 5.483887470454675e-06 1.2652598541079118e-05 0.0 0.00019417183871986394 0.00020607061382944947 0.0015713094096873256 0.0035968026916445555 0.0006331620767987522 0.0017665320398244512 0.00019246948838729557 0.00019411663576677192 3.060494441806903e-05 0.004417931751067016 2.3483388719990846e-05 2.6643832538912968e-05 9.464598195972863e-06 4.1318085819446554e-05 1.8754652671068206e-05 7.271500822018374e-05 0.0006213229596139918 0.0 0.0 0.003965568219920837 0.0030446942914061203 0.004304336741299716 0.003847681314424539 0.0005436956776429085 0.0012083159906017486 0.0046789092631790525 0.0003318904642339541 0.0003070060821791265 0.00047345246539189686 3.3280547282280746e-05 0.00011530147354656951 8.49103438307357e-05 4.7354155261178664e-05 3.949248012888371e-05 1.573957294790359e-05 2.324919684610603e-05 1.0986994152150111e-05 0.0 4.544373458946636e-05 6.82631341533239e-06 1.0277649592308516e-05 0.0008642377336233988 6.0749761297224104e-05 0.0 0.00019490397946485039 0.0005671031901520787 0.0 0.00014436114080850155 5.493475187203193e-05 7.542276427367073e-05 4.279211909498887e-05 0.00047392642445030997 2.8382704063311264e-05 0.0003472102872826668 0.00034670021793736214 0.0002350569582565508 1.9520980609204175e-05 0.0003665398301637973 0.000577991667768757 0.0003276298910897189 0.0004520148047730913 0.0 0.0 0.0 0.0 0.0 0.0 0.0 0.0 0.0 0.0 0.0 0.0 0.0 0.0 0.0 0.0 0.0 0.0 0.0 0.0 0.0 3.9563588669801903e-05 0.0 0.0 0.00040301000870757435 0.000103939489795233 0.0006015962964093219 8.49145325204339e-05 0.0001286726441750348 0.0 0.0 0.0 0.0 0.0 0.0 0.0 4.736274224606672e-05 0.0 0.0 0.0 0.0 6.282571363085177e-05 0.0 5.0907765237569104e-06 0.0 0.0 1.211347220696775e-05 1.9673553863540537e-05 0.0 0.0 6.715533248526849e-05 0.00015384748765075165 0.0 0.0 0.0 0.0 0.0 0.0 0.0 0.0 0.0 0.0002780554938105217 0.0 0.0 0.0 3.3625451408837424e-05 0.00010620533884126805 0.0 0.00016148872474270934 0.0001751075054166657 2.9004685151922257e-05 2.188913961037937e-05 0.0 2.9346832648678745e-05 0.0 2.091529246362309e-05 0.0 0.0 0.0 6.100740309086437e-06 0.0 0.0 0.000259963588297545 0.00022193707627438585 0.0001478255160105535
0.01301414523032526 0.007511483866978869 0.0005982557149924251 0.010971199018111995 4.555493445584624e-05 0.0 0.003930768823363648 1.033304065289307e-05 1.2009939308830454e-05 0.036788251207655616 0.00021032448643822202 0.010964235486388214 0.00550211424708546 0.000664720660732967 1.0183099926270892e-05 4.449379224058392e-05 0.0 0.0 0.0 0.0 0.0 0.00047264156623843075 0.0 1.8820401858516295e-05 9.810176089366566e-06 2.377666589017791e-05 0.0 0.0 1.080601617784494e-05 0.0 6.861191964590908e-05 0.0 0.0020982421246079404 0.0 0.0 0.0 0.0007403849071451889 5.018193806406046e-05 0.0003874087597492973 2.5469379256036006e-05 0.0 0.0 0.0 0.0 0.0 0.0 6.792828913600618e-05 0.0 0.0 0.0 3.580349774043195e-05 0.0024813524429760894 3.914522099423825e-05 6.577086231714254e-05 5.125023960163086e-05 4.172055621322913e-05 0.0063706395641346635 0.00141416519409499 0.00010144610690336835 0.00015900953834773834 4.413149330116896e-05 0.0007525961263569769 0.0 0.0003394403426469754 7.482043431064705e-06 7.593628795656625e-06 1.4280809114848979e-05 6.371322432442778e-06 2.3696046438999078e-05 0.0 0.010572957096075013 0.02498450694356229 0.0011042157236225484 0.0004600088474834754 0.0 5.706988526577624e-05 5.607540834588037e-05 1.0735350300272906e-05 9.124821830804531e-06 0.0007400231114543902 2.0337185371142524e-05 0.0006087681408133227 2.6263200692131322e-05 8.722190446323767e-05 1.4618337473333395e-05 3.1233085660618495e-05 2.4067350108512865e-05 0.0001460184538100308 8.770865678550898e-05 0.00043948561940486413 0.00012221636213853918 0.0003341238249173635 8.728394817737763e-06 0.0 7.120105071726407e-05 0.027627830879633244 0.021477469580751765 0.0009665029807427717 0.0012952719169335844 0.023210424686731332 0.0 6.215472980754022e-05 5.622828159502307e-05 1.591577592344285e-05 0.0 8.150668337560346e-05 0.0 0.00011912460931281252 0.0003332993004297538 0.00018730881160789094 0.0 0.00012115866400045895 0.00010014920688041942 6.684246721771883e-05 6.021855453284533e-05 3.1826829127344984e-05 0.0 0.0 1.0672519466209525e-05 0.0 0.0 0.0 0.0 0.0 0.0 0.0 8.199157074644838e-06 1.2306286295578069e-05 0.0 0.0 0.0 5.997577029957267e-05 1.5610745699401894e-05 7.851853478228409e-06 0.0 0.0 0.0 7.992973184926323e-06 0.0 9.068418409896334e-05 0.0 0.0 8.256881596459942e-05 6.734290936813112e-05 0.0 8.233510877287728e-06 0.0 0.0 0.0 0.0 0.0 0.0 2.6532606777215942e-05 0.0 0.0 9.981789730678027e-06 0.00014251710058366698 8.06173942111886e-06 0.0 0.0 0.0 0.0 0.0 0.0 0.0 0.0 3.455629522842888e-05 0.0 0.0 0.0 0.0 0.0 1.4206860395088442e-05 8.640787539653156e-06 0.0 3.042671623329161e-05 0.00010985999381098502 0.00016643639006330157 0.0 0.0 5.377185425228938e-05 0.0 0.0 0.0 0.0 1.947251239293705e-05 0.0 0.0 0.0 0.0 0.0 0.0 9.983602402879145e-06 1.0006419597432316e-05 0.0 0.0 0.0 3.97750039021774e-05 0.00011817200170062634 0.00010212276326691035
0.034078278723648145 0.1626763929253046 0.02049627386431228 0.05695647994409304 0.1956547329781565 0.003930768823363648 0.0 0.0026635227774202443 0.11294844448443397 0.09285010724614115 0.056712151557911886 0.01618178537938383 0.08993724501668814 0.14626579935879813 0.0025981576624759823 0.0009167496370501888 2.1320522907342076e-05 2.5326641824901997e-05 0.0 1.66281419293469e-05 0.0001324669696908705 0.0 9.680902757382488e-06 2.10124360586946e-05 5.481741090675829e-05 8.138150101513961e-05 4.28814765056407e-05 4.7727701562876585e-05 4.93697627111902e-05 7.244657149942446e-06 0.022514573627973638 0.002970114184205161 0.0008931380674874436 7.286760639265548e-05 3.543443035142073e-05 1.7731766633885528e-05 0.00025293554058972736 0.00018563647541368244 0.00010132427041331775 7.341228507363844e-05 0.00013610331031967455 5.8661722202164824e-06 6.13869111785995e-06 0.00013403112502180717 3.5028597963725516e-05 0.00016942080240208677 0.013670323070877887 0.00041995686775755784 3.124792465453229e-05 6.222433739724497e-05 1.300755982251123e-05 0.0 6.757684815193504e-05 2.9862925342472764e-05 0.0008296358826689971 0.0005538233523072326 0.007541740392347522 0.021567985331447524 0.003670292343619819 0.005826124631945482 0.0006415982156012626 0.0006151482451784185 0.00010655750538281057 0.012312854504015602 0.00020530465819757146 0.00022017205438838424 2.5605696114287286e-05 8.733634564158043e-05 8.836342183423396e-05 0.0001467756348381191 0.0011030172145672127 8.668604777936082e-05 8.286651976824796e-06 0.01687232052186729 0.011191180130692053 0.012078636261369052 0.008729576747927027 0.0013595686619375519 0.0008480102836169959 0.0007386885024751585 0.0007479017411791516 0.0009944288039536314 0.0019261572911282755 0.00029215637297852416 0.0003638630825311307 0.0003437902179910919 0.00012754617344908049 9.554975051516243e-05 7.552092560356566e-05 1.6426191191097515e-05 1.4590236168307152e-05 4.651343447416334e-05 0.0001698697822512593 2.598541527328681e-05 2.497942812920928e-05 0.0039025754433842214 0.00029552787389269954 0.0 0.0001253787148820677 0.007094934124274442 6.495714643719681e-05 0.00020818967453728327 0.00029155663841030704 5.409822075189655e-05 0.0002141269919427346 0.0026130904761010286 0.00017359422754367371 0.0021676822546711316 0.003503430924921353 0.0020915906905754266 6.922524876704368e-05 0.0016724332117471537 0.0020521381082900126 0.0010236838548036635 0.0022793030445455126 0.0 0.0 0.0 0.0 0.0 0.0 0.0 0.0 0.0 0.0 0.0 0.0 0.0 0.0 0.0 7.508682872148703e-06 0.0 0.0 0.0 0.00012263311550980295 0.00023252939256885463 0.0 1.4720441243118057e-05 0.0 0.001761484618901891 0.0002801790392941328 0.0011488689054489722 0.00037260552384835903 5.515693369325483e-05 0.0 0.0 0.0 0.0 0.0 7.320078971235697e-06 0.0 0.00011689437365673425 0.00014366146008786915 0.0 0.0 0.0 0.0002196497223889276 7.603918031204702e-06 1.796017603458968e-05 0.0 4.913379432083011e-06 9.538253565763171e-05 0.0004394398403928544 0.00020245208331576002 0.0 6.64119629444528e-05 0.000875378791232099 0.0 1.887556572433709e-05 0.0 0.0 0.0 0.0 0.0 0.0 0.0 0.0017356868767638724 8.290995354398668e-05 0.0 0.0 0.0 0.0003667659852061359 7.393172070630035e-05 0.0006879297853086558 6.7308539930579765e-06 0.000122625645443689 0.000294980338420784 0.0 0.0 0.0 2.1944319111108643e-05 5.946518060497035e-06 0.0 1.1664930623823363e-05 0.0 0.0 0.0 0.0011824606245427786 0.00088354829963437 0.0006850346468314805
0.004341698562550224 0.06143253091095633 0.24086947151388302 0.0002638741275994716 0.039134340367299986 1.033304065289307e-05 0.0026635227774202443 0.0 0.028226895814003648 0.0002510769657631033 0.20400481544885848 0.0028016280322342877 0.016724739128340455 0.048802706786343616 0.001996587321969089 0.0021110987161971884 0.00011256460627068707 0.00014892209181432514 2.2673961690875654e-05 0.00031697648578770884 0.004540909581618701 3.518503255186388e-05 0.0005920516631168745 0.0009110538486880141 0.0037463371397955534 0.00162157767540993 0.0010748236425715668 0.0005457149202091402 0.00030479793816013003 0.00019410640955944863 0.04707286275451652 0.11265390897870292 0.017514981740237922 0.00026928246572641075 0.0018383792441760082 0.000960151961704754 0.001012204069345844 0.00038733144708126056 0.0004143189236708254 0.002302544272962797 0.003841328659584223 0.0005415296061854319 0.00022538509589640208 0.00021276518164289537 4.4720401672450094e-05 0.0006211007367511341 0.005628224894572795 0.00011413628736709914 0.00012062129757073262 0.0002650186004567602 2.7969970817888664e-05 0.0 0.0003273159802376652 9.687038872649174e-05 0.00016977268360654965 0.00011596224191155731 0.0018965234426016626 0.007533254934692 0.0008106468891038229 0.0013438143740978205 0.020475038291725766 0.012687014579940956 0.0003199820585093399 0.009470802722758761 5.328098799472608e-05 3.029082298334177e-05 6.4161198653549126e-06 5.226130760237131e-05 0.0006150132054967532 0.0033553435603495985 0.0009165660607495318 0.00010956319927498232 0.0 0.0036228065385205685 0.00341745197906965 0.004394324715627728 0.007001459282462765 0.007202174035758388 0.1971264050952279 0.13791305421578987 0.03683754875858766 0.1332410141965532 0.00036046613482623334 3.789164969998677e-05 7.072026897566597e-05 5.0332038559903594e-05 0.00011097923827767931 1.7334392243083453e-05 0.0 0.0 1.30993318493404e-05 8.581945561614023e-06 0.0045377102225125894 0.00041064242526819866 7.938425725372082e-05 0.0003447515449962973 0.00016656237957591536 0.0 0.000304393359496658 0.0014337311890714613 0.0 2.316586669267064e-05 0.0 0.0 0.0 0.00015787299385481836 0.0 0.00017013699651761228 0.0001000400537212769 1.2174226041158634e-05 2.8347529427973532e-05 0.00011828820718067209 5.620415106815814e-05 5.477753407269723e-05 0.00016926617169151344 1.5331790593967228e-05 0.0 0.0 0.0 0.0 0.0 0.0 0.0 0.0 0.0 2.5036775996307446e-05 0.0 2.7841417668876135e-05 1.6271471068391418e-05 0.0 8.095048127848484e-06 1.420377298925586e-05 7.605968354014613e-05 1.6952806178294047e-05 3.209401310106285e-05 4.3971042007325633e-05 0.0 0.0 1.3831521453415882e-05 0.0003084420639961719 3.668789366708557e-05 0.00020164730620614294 9.464286670421535e-05 5.28026389471683e-05 0.0 2.7477792693786277e-05 8.154686020447084e-06 0.0 0.0 1.286485024105794e-05 0.0 0.0 7.772700288309828e-06 0.0 0.0 2.5722867049931278e-05 0.0 7.104383194074759e-05 5.865801868322022e-06 0.0 4.938921009437649e-06 0.0 0.0 0.0 0.0 2.8024525899460784e-05 7.252690952225078e-05 0.0 0.0 0.0 0.0 0.0 0.0 0.0 0.0 0.0 0.00014659196130787492 1.102837389178817e-05 0.0 0.0 0.0 7.552645889539253e-05 0.0 0.00011586189853474857 3.609120448588453e-05 0.0 0.0 0.0 1.7433458443306294e-05 0.0 1.1948073930365302e-05 0.0 0.0 1.2476142475458955e-05 0.0 0.0 0.0 3.669895389905773e-05 0.00011137871898380728 8.847291944995381e-05
0.0001719929906071565 0.020769325494100887 0.024712173510623266 0.0002585371462176226 0.16936258866007675 1.2009939308830454e-05 0.11294844448443397 0.028226895814003648 0.0 0.0016674147051448597 0.08640627739553249 0.0007284966807129137 0.08944953075716165 0.07100790895712786 0.00026613751610178566 0.00016280647391610733 9.510755865922174e-06 0.0 0.0 0.0 7.685396913758676e-06 0.0 0.0 8.778438251033567e-06 0.0 0.0 0.0 0.0 0.0 0.0 0.00129459740059814 0.00028507178211280385 0.0006867802076537505 5.810355108376035e-06 7.909353297093292e-06 0.0 5.243533048536032e-05 7.180347351255676e-05 0.0 0.0 0.0 0.0 1.2700648523544585e-05 1.79224245708992e-05 0.0 5.051587137077781e-06 0.001079494668218951 3.0764688720894835e-05 0.0 9.04110080465731e-06 0.0 0.0 9.337891431932855e-06 5.910888058450022e-06 5.6753609145225e-05 4.7835820375105446e-05 0.000245999725649948 0.0005689876803280881 0.00014353606079305016 0.00033629984506253804 8.727305406630798e-05 0.00010678190149794604 1.3930913055171323e-05 0.0008917925956669587 0.0 0.0 0.0 4.878495508324707e-06 0.0 7.295322070850062e-06 0.00016368562091083198 8.076142103368074e-06 0.0 0.0008421156910419025 0.0006112449472820695 0.0009615925597285259 0.0008103555794891484 0.00024116416213451822 0.00032939758459070586 0.0025225992380102156 7.420103444770684e-05 0.0002704627146744224 9.709314513060103e-05 4.868485258174699e-06 2.728446998205969e-05 2.3125070330554995e-05 1.5845454991038997e-05 5.4274400763663985e-06 1.1977792471236752e-05 0.0 1.078067736570957e-05 6.364011158367968e-06 1.4144917819262703e-05 0.0 0.0 0.0003532107003384439 0.0 0.0 6.903421852377196e-06 5.832618240860185e-05 1.674213946716171e-05 3.700705149670478e-05 7.338505199462331e-06 2.1786572656431187e-05 0.0 0.00013409641004790993 3.175892965139093e-05 0.00011089568874693439 0.00018010849847851493 0.0001967722230165925 0.0 0.0001275130455209801 0.00024431689110329056 0.00011303707659265891 0.0001608685612122084 0.0 3.814015924130598e-05 0.0 0.0 0.0 0.0 0.0 0.0 0.0 0.0 0.0 0.0 0.0 0.0 0.0 0.0 0.0 0.0 0.0 2.18465501196982e-05 8.064844611659828e-05 0.0 0.0 0.0 0.00011938022247707838 3.262831264577399e-05 7.877655963118191e-05 6.161331393651929e-05 0.0 0.0 0.0 0.0 0.0 0.0 0.0 0.0 2.6325200921682052e-05 0.0 0.0 0.0 0.0 0.0 6.6756417567390874e-06 0.0 0.0 0.0 0.0 0.0 1.3106501432057175e-05 0.00010201680060627808 0.0 0.00010544555753246437 0.0 0.0 0.0 0.0 0.0 0.0 0.0 0.0 0.0 0.00022617042024833308 0.0 0.0 0.0 0.0 8.25595947887364e-05 0.0 0.0 0.0 0.0 0.0 0.0 0.0 0.0 0.0 0.0 0.0 5.001880342905041e-06 0.0 0.0 0.0 0.00013403461698089647 0.00016942307434972422 6.941745749154155e-05
0.09079797265765997 0.05171372478502137 0.0005686064186876495 0.07172392215819591 0.001973896726689962 0.036788251207655616 0.09285010724614115 0.0002510769657631033 0.0016674147051448597 0.0 0.0006724368320325097 0.09948987652929812 0.22845436632739816 0.004708663004092566 0.00028797645739555715 0.00015967534750493611 0.0 0.0 0.0 0.0 2.7882322986760206e-05 1.8336933844206186e-05 0.0 1.654050387003624e-05 4.688888970046767e-05 2.6067305060779104e-05 0.0 0.0 1.1041324481912929e-05 7.751252614020741e-06 0.005110881048986608 0.00011664201206483998 0.005245339240067589 1.705914798545674e-05 2.7083804237850457e-05 2.3099566863289765e-05 0.0037032335000351433 0.0 7.698229948915352e-05 7.720544872033819e-05 1.5200490098381414e-05 1.5836638857023634e-05 0.0 2.4019868845843116e-05 6.511881236799215e-06 2.1223260584684344e-05 0.0020361266599186675 8.000594958511593e-05 1.4117877733649078e-05 1.3604013991494275e-05 0.0 0.0001912009789151797 0.0 6.66177066137796e-06 0.00037275804335769753 0.00022138122596270784 0.007597550269622659 0.015821099674743266 0.00215937002154109 0.0026320321442640277 8.816530946601475e-05 0.0004262389344062539 0.0 0.0013878830101810178 6.342457410996703e-05 3.983570741150663e-05 3.351994460350538e-05 2.095736746809732e-05 1.840956874306408e-05 9.9781350708224e-06 0.01850491603470647 0.0013197608213074438 7.95283363554382e-05 0.00855012594848553 0.0026403045924150944 0.0021973463738463217 0.0005227685177951634 0.00012306384697783276 0.00020365004563789005 0.00040087482498896837 0.00015999199397738185 0.0004120584261608062 0.0007022825399206169 9.629161666181021e-05 9.058663253049881e-05 8.626268133040368e-05 4.455360993462997e-05 6.489130588325232e-05 7.50287596942355e-06 5.6941265179811814e-05 1.9760182005481996e-05 3.9978801513990184e-05 4.454661135872462e-05 1.3008140268488303e-05 1.7126652679971848e-05 0.019238682173051674 0.0031404480647734953 0.0001364013356161286 0.0002977055322831276 0.03616380336386766 7.550076780922564e-05 0.0010448947779797897 0.0013507398875872792 0.0009437825056877789 0.0005529264538283002 0.004396327913846321 0.0005651295516823183 0.003588308958725138 0.003665022228832783 0.0051956134797736895 0.00021922882674410018 0.002237682914769543 0.0035352790072638134 0.0011473893212923315 0.0022616406157991605 9.046116092422825e-05 7.63945910970977e-06 0.0 0.0 0.0 0.0 0.0 0.0 0.0 0.0 0.0 0.0 0.0 0.0 0.0 0.0 0.0 0.0 0.0 8.976159941977289e-05 0.00039285584948547833 9.464819332209586e-05 7.212861706916679e-05 0.0 0.001688602216022729 0.00019951875364309323 0.0009218149472395884 0.0004899924738307709 0.0003020985946645834 0.0 0.0 1.560243769991191e-05 0.0 0.0 0.0 0.0 0.00013266538107671426 0.000122560507483444 0.0 0.0 0.0 0.00010937902445048527 7.803062791974024e-06 4.240911855957352e-05 3.8288690871802e-05 1.2248464495316818e-05 2.8376440328104163e-05 0.0002401449884109162 0.0005443352396975069 3.753379449471444e-05 5.555451182645794e-05 0.0006526734092036557 2.873246282894889e-05 5.061575400637748e-05 6.576741188827889e-06 0.0 0.0 0.0 0.0 0.0 0.0 0.0018181219829912082 2.54107082848083e-05 0.0 0.0 1.078429440406668e-05 0.0004499135615092354 0.0 0.00042116373073992723 0.00013581823219320906 0.00012371535654545903 0.0002872764708170277 5.865693889735379e-05 0.0 0.0 2.8914229388950178e-05 0.0 0.0 5.137944111075414e-06 0.0 0.0 0.0 0.0012359781017657534 0.0003048006786664308 0.00014706943284619465
0.005047452314525214 0.07076559121822201 0.16985423021903853 0.00038617299319566064 0.10500398840075906 0.00021032448643822202 0.056712151557911886 0.20400481544885848 0.08640627739553249 0.0006724368320325097 0.0 0.01150736463605414 0.1475722366285224 0.13960420348836802 0.0012920186559919199 0.0010827023201782355 3.8106360966504785e-05 3.621663456192952e-05 0.0 4.244305315123296e-05 0.0004732073090498543 2.9882829558141014e-05 5.348239248836068e-05 0.00011209119101393441 0.0009085819520691186 0.0004074806441760112 0.0002871596267486889 0.00013190365908489633 0.00016175561360752975 8.697095880774203e-05 0.006088340421968329 0.0030334591390095006 0.026058420042777142 5.5724235598207695e-05 0.00027386584647421194 0.00026730110703200084 0.013641212172906798 0.0001896586675057437 0.00026928240465254956 0.0009200499102072692 0.0007212711059687627 0.00012465229700217331 4.795105258209875e-05 8.85502101314005e-05 5.761131530593297e-06 3.2904755416853354e-05 0.002308635021099596 4.019320008233874e-05 1.5013440893679725e-05 3.7623434310900566e-05 0.0 1.494461211785329e-05 0.00015367462419394408 5.0952732211519995e-05 5.841312422589456e-05 3.927667295299989e-05 0.0004652421078596945 0.0011390769450051591 0.00017033440384917755 0.0005356016247747026 0.0017012982483395468 0.008162088535450428 9.633624895100157e-05 0.002069344174090256 0.0 5.358853153030411e-06 5.690324450254106e-06 0.0 5.316546409897157e-05 0.00021996395180224154 0.00630394034541415 5.821836017104309e-05 0.0 0.001083519472317909 0.0011627103755900863 0.0019286272504842928 0.002483767968909666 0.0009870115462087801 0.02877964228658306 0.06590902226286642 0.002515778461795438 0.035354373165751955 0.0001002485960392204 2.494598896871209e-05 2.89252964611948e-05 1.6400221608123422e-05 1.7188489231574494e-05 5.865258555252576e-06 6.554765836377824e-06 0.0 4.9912786046238535e-05 4.0276178938924366e-05 0.00041020597386662213 4.175432272962248e-05 7.10204440720351e-05 0.0029073453713807434 0.00030906312653391013 0.0 0.0002095332985070227 0.00036291464601937053 0.0 2.2883287220015523e-05 7.553293174750045e-06 1.4984428855234906e-05 7.952251821512259e-05 0.0002860581831138824 0.0 0.00026391896802838204 0.0003328055563718496 0.00026064643999356953 4.1213872802790674e-05 0.00023206314445186428 0.00038871384073810484 0.00022112788181453418 0.00046858810286365025 0.0 1.0316934742802047e-05 0.0 0.0 0.0 0.0 0.0 0.0 0.0 0.0 0.0 0.0 0.0 0.0 0.0 0.0 5.964677518097843e-06 0.0 0.0 6.094353058102396e-05 2.2220401790702235e-05 0.0 1.6538123455221188e-05 0.0 0.000659856849335244 0.0 0.00025679150086912827 8.537541346649993e-05 4.72325474316645e-05 0.0 8.246299255237075e-06 0.0 0.0 0.0 4.533323731678601e-05 0.0 0.0 3.2378192220291144e-05 0.0 0.0 0.0 2.758194072785382e-05 1.5004229489634523e-05 0.0 0.0 0.0 7.838692794021033e-06 1.4876698961354322e-05 1.0499013023791019e-05 3.9676717004423774e-05 0.0 0.00036418516311145267 0.0 0.0 0.0 0.0 0.0 0.0 0.0 0.0 0.0 0.0004901814295171246 1.677265636554707e-05 0.0 0.0 0.0 0.00014485881118279608 2.3155732340434624e-05 0.00016057746560034424 6.565458452564514e-05 6.986282469967495e-06 5.187013489573334e-05 0.0 0.0 0.0 0.0 0.0 0.0 5.850433730474582e-06 0.0 0.0 0.0 0.0002888305699702707 0.00020317654048041366 8.078624340524567e-05
0.003919771766682123 0.00304289119509785 0.0031855342172799977 0.003921432497376926 0.00014941715751058614 0.010964235486388214 0.01618178537938383 0.0028016280322342877 0.0007284966807129137 0.09948987652929812 0.01150736463605414 0.0 0.09335065755543012 0.01690500612179489 0.0016684834649806845 0.00174341169905371 4.982947152771162e-05 1.3699157295462997e-05 0.0 5.539425645756142e-05 0.0005234787081058352 2.3906878782443056e-05 0.00010607020632733367 0.0001532522183146763 0.0008368577538942032 0.0004952812352005247 0.0002422202987361147 0.0001324513597005326 9.160609403413496e-05 2.486729065691191e-05 0.0009706067372207925 0.0009665102446235299 0.00925858014328557 3.3289936044818946e-05 0.0004204729668030334 0.0002061609977695607 0.036563450620858126 0.0001693896610845442 0.00023372746091520778 0.0004894204448089593 0.0008193954114232656 0.00010026417182819604 0.0 0.00010724702585588987 1.593642768317247e-05 8.728139235843313e-05 0.0023817828289930463 2.6817691743953904e-05 8.456343501575823e-06 1.9545468784600422e-05 1.6260243738334945e-05 5.2412385768584915e-05 6.538010002685202e-05 2.6059192009054143e-05 5.436214387001595e-05 3.461876743677915e-05 0.0009063221937971159 0.0007500324166696175 0.00032427032058789037 0.00040546189801812365 0.0020856789489486923 0.0018424145759428682 4.6622842677750355e-05 0.0018604591834147594 6.170814014500054e-06 2.6834157256939808e-05 0.0 7.062058519655845e-06 7.602013113043589e-05 0.0002755343472299356 0.02411784100653749 0.0003210103796315806 2.1872036974873175e-05 0.0009286388162346989 0.000937938227225334 0.0019501376940449964 0.003187649931140236 0.0012001848072688732 0.0018922000747790895 0.003970593040094608 0.0024466667200209557 0.00444350086931293 0.0002002387099084701 4.373051750691825e-05 2.15006512220899e-05 1.3196814526489434e-05 1.1035829300175464e-05 9.165180415482929e-06 0.0 1.657791283151297e-05 5.673402593377135e-06 1.5475649341193303e-05 0.000543478256162725 0.00010894762116998204 0.0 0.028253593992507237 0.0017297238951447524 0.0 0.0001988501209191433 0.006370900837135797 0.00012544849152422031 0.0008754160912378073 0.0006270743652543329 0.00021233482101535098 0.0009177220037665494 0.005126079268114533 0.0007546176345191645 0.006204818137040432 0.004616936320940922 0.006710480431117905 0.0004888771483516035 0.0038920602433442516 0.005511696560507328 0.0028036858426995865 0.004865377832330409 1.5099779301223546e-05 1.4904662972340534e-05 0.0 9.507455923052535e-06 0.0 0.0 0.0 2.5787112843211486e-05 0.0 1.9013852581056002e-05 0.0 0.0 0.0 0.0 0.0 1.760322325669079e-05 0.0 2.1030305293306874e-05 0.0 0.0006701935578399462 0.0005325431381482982 0.00010811297845363571 0.0 0.0 0.0036617494047118918 0.00034930470248883787 0.0018412751389918806 0.0010175288579420383 0.0002527012549063917 1.2788012483366076e-05 0.0 3.749029427061469e-05 0.0 3.930374430843046e-05 6.769124144837056e-05 0.0 0.0 0.00011187351497789712 0.0 3.5262233821177754e-05 7.76064430810427e-06 9.749061186508126e-05 3.450559122025008e-05 4.5491173833319594e-05 0.0 1.1680322214033512e-05 0.00026615703384206006 0.0004650907077120845 0.00043923788818883236 7.293191521416049e-05 6.953564176469091e-05 0.0019119629616237376 8.333183321086614e-05 6.618354963502154e-06 1.2889608118625353e-05 0.0 0.0 0.0 0.0 0.0 0.0 0.0043605084127998845 2.596040039691137e-05 0.0 0.0 0.0 0.0009586872883648874 8.617059416245061e-05 0.0013675913267908505 0.00032888334365638414 0.00040854430019140146 0.0004520312116551704 1.7970003551746905e-05 8.286118435573143e-06 0.0 0.0 0.0 0.0 0.0 0.0 0.0 0.0 0.0024782720684550044 0.0014649940201454503 0.0010963145810953584
