0.0 0.12513323813882626 0.032561837576838754 0.08688465619309364 0.00024175465472339508 0.013705684959121767 0.007349886444244422 0.0027008848093385226 0.0 0.04448139711607969 0.0015265887296634709 0.0008719902785486207 0.0003492693208147238 0.00021641248331049726 0.00018151963871092594 8.42368271910948e-05 0.0 2.0427639057097773e-05 0.0 9.403894242339992e-06 1.0796669123583294e-05 3.63721521640044e-05 1.3452756529888322e-05 3.8700103902886924e-05 0.00010491718871962276 1.1580319409920799e-05 2.9371746216027403e-05 3.180716691345535e-05 5.653320108721023e-05 1.1957709208538743e-05 0.07450510678115038 0.0006309360075992662 0.00023461019801754296 0.0 2.0995758044362e-05 0.00011396430961780516 0.0001823040388630411 6.176440010468552e-05 0.00023770468962486688 3.3192485970078025e-05 1.1375509535252189e-05 3.966642731796275e-05 0.0 1.1616916629186535e-05 0.0 2.815509441736585e-05 0.0005685817680996587 1.652588295919174e-05 1.5183413620337013e-05 0.0 1.4365216966224596e-05 5.975190484805488e-05 0.0001046363528492822 3.343446588608013e-05 0.0002675061906000227 0.0003641508297921366 0.015089768568757106 0.03243777912638473 0.0012621704640624618 0.0002862798975994434 2.0463314506854683e-05 8.390238819649208e-05 1.3898536600304014e-05 3.5293688120877474e-05 0.00010760477105969676 3.318822664108372e-05 7.669791652853667e-06 0.0 0.0 1.0376626639713218e-05 5.121835405679858e-05 0.0010625231297184184 8.87496313781481e-05 0.0037894734705196595 0.00026183224238622305 0.00037223411274048626 6.551621617137381e-05 3.422512596111112e-05 0.0004813622621128735 0.0017944554132388844 3.62733863315711e-05 0.0005760268261782869 0.00023630486726175311 0.0 2.4064853017058985e-05 6.392424084552116e-05 6.4735541361579655e-06 4.4288654797674964e-05 6.8943402036095084e-06 2.954329871535073e-05 3.099423017085238e-05 0.0 0.0 1.101427868736699e-05 0.0 0.0043314889664364436 0.00407736084790507 2.744917888405495e-05 0.0003896442336553343 0.07381201922511274 0.0 0.0003839666023612605 3.097677366105889e-05 0.00018942306523885051 3.1128777679268514e-05 0.00012900329554849766 0.00013510532403059562 1.976107291607802e-05 0.00015400548706978254 0.0004144592117333857 6.298407421080724e-05 7.178397584139277e-05 0.00016905257018021236 1.5435949910317482e-05 0.0 0.0 0.0 0.0 0.0 0.0 0.0 0.0 0.0 0.0 0.0 3.231406361473672e-05 0.0 1.129814257625513e-05 0.0 0.0 0.0 0.0 0.0 0.0 0.0 0.0 0.0 0.0 0.0 7.12463906118855e-05 0.0 9.609342045472889e-06 0.00012056582523637203 8.559511681319855e-06 0.0 0.0 0.0 0.0 0.0 0.0 0.0 0.0 0.0 0.0 0.0 0.0 1.3774472363947325e-05 0.0 0.0 0.0 0.0 0.0 8.781190737552166e-05 4.530463326228278e-05 0.0 0.0 6.43420314476234e-05 0.0 0.0 0.0 0.0 0.0 0.0 0.0 1.2824353017194825e-05 0.0 0.00022272601905947573 0.0 0.0 0.0 0.0 4.634027157420889e-05 0.0 4.5741040296032544e-05 0.0 0.0 0.0 0.0 0.0 0.0 1.079445093723121e-05 0.0 0.0 0.0 0.0 0.0 0.0 0.00028705225592374345 0.0 1.791834944171462e-05
0.12513323813882626 0.0 0.21313984241358513 0.1800285711374262 0.08455086193525668 0.01789115429028547 0.12754363209448144 0.05962494481110649 0.1550832865290869 0.23338347195891163 0.07725756025351004 0.025910934679926712 0.07131321979620257 0.05365084158827429 0.0033334277844392153 0.0009759837714096354 9.928733695397376e-05 1.2940165303345198e-05 0.0 7.474384569616414e-05 8.469027725190919e-05 0.0002983461979952047 2.684096520759188e-05 8.188776898645165e-05 0.00040799033155116847 7.371463064425397e-05 6.953552929263558e-05 0.00021953966461107734 0.00010413943170438906 0.0 0.0422258958940508 0.0011228638813744027 0.005643546524939228 1.7513965617319712e-05 0.0002425652641978764 0.0004029903796031157 0.003165108581276193 0.0006154878999260591 0.0007165552880233186 0.00021110388706526155 9.716171819114786e-05 0.00014724243619921876 2.6086905778479064e-05 0.0002680287905072612 6.278128149221369e-06 0.00010169776536176377 0.010455578407763648 0.0007751710091521757 0.00014636223826679999 3.558103634419766e-05 1.7475936628438966e-05 0.00025701047750774397 0.0006384703448230222 0.00025988740010000487 0.0031644429186292017 0.0050571986027374925 0.02072214823759758 0.04313252883045037 0.008124988814121391 0.004067055088435767 0.00014818542525333334 0.0006531041725058662 0.00010034057569509621 0.0032672532266638083 0.0012314108299426919 0.00037358330916920747 9.161047269046506e-05 0.00013223181095752175 2.695511328286945e-05 4.106496183086435e-05 0.0052720043475611685 0.0006094576666660758 6.16447157012676e-05 0.028622783754246782 0.005560547203582491 0.00797827378884945 0.0012567173116281142 0.0004918765259592945 0.001040249696335254 0.00562580590282455 0.0002557810754208735 0.002214473213218043 0.003582889702402213 9.12937860399839e-05 0.000481053280861533 0.0006469706308145195 0.00012273978721195057 9.061612782498626e-06 9.743787553867785e-05 4.480671324820072e-05 2.7968111702063977e-05 3.5910329077930494e-05 4.450687544781209e-05 0.00011754121677909621 7.864869891677547e-05 0.0038749012656070915 0.0009691129117708246 5.9492562084092905e-05 0.003107422822211056 0.024572724519864694 0.0 0.00011578360735380862 0.00021289029350662306 0.0003721899346237855 3.517500772662715e-05 0.0008776567892132798 0.0 0.00026738527374394063 0.0005693374483353799 0.0007487075085584468 0.00022036428795185818 0.001229691078173663 0.0010663946895838336 0.0002443490932254873 0.0006214455692515616 1.334347030332737e-05 0.0 0.0 0.0 0.0 0.0 2.1068155786199047e-05 6.743342479002453e-05 0.0 2.1664356761392843e-05 1.2497625132820179e-05 0.0 4.308821049398918e-05 1.7209103202223135e-05 0.0 6.362981944043717e-05 4.9350749087893115e-05 1.1757235191435794e-05 8.871088050781805e-06 1.1452066662053771e-05 7.564118260191607e-05 0.0 0.0001613549004252498 1.592743581331751e-05 0.0002756536941552483 0.0001749239803836122 0.00017197163374429295 0.00028056042059676923 0.00024122396220528934 0.0 0.0 0.0 0.0 0.0 0.0 0.0 0.0 0.0 0.0 0.0 0.0 6.830733081743785e-05 2.1086289059851238e-05 7.805939407963557e-06 0.0 0.0 8.357485961766177e-06 7.898740009591622e-06 0.00020529356493729028 0.0 0.00019366608508082056 0.00019710254974926534 0.0 0.0 0.0 0.0 0.0 0.0 0.0 0.0 0.0 0.001177380580306052 2.5124231748261595e-05 2.158885847019806e-05 0.0 9.201081534940495e-06 0.00029764506892425647 1.77303016086098e-05 0.00038430287233048855 0.0 0.0 0.0 0.0 0.0 0.0 8.518167977303298e-06 6.3302241175146395e-06 0.0 0.0 0.0 0.0 0.0 0.001176635890486952 0.00026776403877240817 0.000660447353922746
0.032561837576838754 0.21313984241358513 0.0 0.015339700832461927 0.04610994516748637 0.000933596801923908 0.016030791647277567 0.3982050724494501 0.15054209273837363 0.010360283776545775 0.18467282872050453 0.051914948122849594 0.09023951078960869 0.09423888042125349 0.001898510019304112 0.0012453638051993475 9.31081117032837e-05 4.625292334773618e-05 7.82285507777882e-06 4.581709998712025e-05 0.00013777172908742514 0.0009217460956491815 0.00023613590245613768 0.00018553672679253068 0.0010899132491052946 7.16569823883008e-05 0.0005181723067644643 0.0002808777691622818 0.00012392199715573692 0.00017247201523705103 0.15585594705557754 0.026505515347089996 0.020105530473270548 1.978956781562772e-05 0.0011854693613182557 0.0010485126152560548 0.007568777815338665 0.0017021102399923183 0.0012131119090555604 0.0004915519785680951 0.00020191920548894273 0.0004196850914440424 2.374001493151005e-05 4.501741353842943e-05 1.2983302859918887e-05 6.652445554142521e-05 0.004638692501326151 0.0003208379177060114 6.373230433299529e-05 4.4892031183097306e-05 0.0 0.000828497240478745 0.00138371202915484 0.000749382292954257 0.001235101774955274 0.00214295535634583 0.010943030976922808 0.04028007107578033 0.0032176976499968756 0.0015665082541001976 0.0005783359935795519 0.001715457479042231 0.000258551884581187 0.002322772772899439 0.0005218396992525453 0.00013530798539417862 1.5257785685093518e-05 2.8736977125300855e-05 8.504042173690384e-06 0.00019897231522254 0.008824780671073347 0.0011603278872259787 0.00031737432537234407 0.01361787589187001 0.003501397565569801 0.004091974078551152 0.000900553398750826 0.0018738308480292518 0.007968451540891784 0.029645340288746 0.0005834277529711312 0.008675256458990322 0.0010700857962201887 4.6287759838751786e-05 0.00022868600651536003 0.0002510703412206064 9.361958298558464e-05 5.146401990861849e-05 3.6429862131226875e-05 0.00013193859230744735 3.731801161065386e-05 2.633307477710026e-05 0.00010224704118721008 0.00012372387382221408 0.0002511897029475853 0.0032828401360344467 0.00042394515945305575 0.00023846586449779037 0.0016460936198973192 0.0082852884426584 0.0 7.301532398130002e-05 4.273869993969758e-05 3.293109863682139e-05 0.00012455426593239313 0.00041139209393915193 2.1070211777668535e-05 0.00018150774080251367 0.0001275163082848172 0.00034284168953247195 0.00019013248395318197 0.0006282968450005163 0.0005651843175826737 0.00012834872840213735 0.0002907753749183875 0.0 0.0 0.0 7.175580418939077e-06 0.0 0.0 0.0 4.2394034671969086e-05 0.0 6.494814915500507e-05 6.985760435409301e-05 0.0 5.1025555741181745e-05 0.0 0.0 7.507925386230125e-05 2.078438613025325e-05 0.00028400331480742623 3.266796656635939e-05 2.7816173361359626e-05 1.141282349598854e-05 0.0 0.00013821306079185304 7.479757503545818e-05 0.0002408957899869073 0.00018338702494518337 0.00021514950716848425 0.0003287879889692914 2.3375138696527688e-05 0.00010877977646670869 0.0 0.0 0.0 0.0 0.0 0.0 0.0 0.0 0.0 0.0 1.4311256327890246e-05 0.00010354918568004315 0.00017883025166722872 0.0 0.0 0.0 0.0 0.0 1.8255691953159268e-05 0.0 0.0 0.00032985614278630763 0.0 0.0 0.0 0.0 0.0 0.0 0.0 0.0 0.0 0.0013314538585545623 9.337216954101567e-05 3.130209776014686e-05 0.0 0.0 0.0001912317769032211 3.191043936496803e-05 0.00025888504828996983 0.0 7.271252555319532e-06 0.0 0.0 0.0 0.0 0.0 0.0 0.0 9.367218210067922e-06 7.609205010900127e-06 0.0 0.0 0.001026708878835184 0.00024687794331526775 0.000365014399322437
0.08688465619309364 0.1800285711374262 0.015339700832461927 0.0 0.0005844771258771822 0.02672648384181939 0.07752933939404782 7.797273860806636e-05 1.934999341279745e-05 0.1874628408908295 6.925733994020324e-05 0.04561020406067354 0.04564646510477409 0.0 0.00016533212511669608 4.8819683635779105e-05 1.311850257451785e-05 0.0 0.0 0.0 0.0 0.0 0.0 7.5633432656293554e-06 9.634322341827238e-06 0.0 0.0 0.0 0.0 0.0 0.006779297644114354 3.417111335188129e-05 0.0 0.0 0.0 1.2500582333883804e-05 8.641199020835682e-05 0.0 5.5627647639993976e-05 0.0 0.0 1.7197260120250106e-05 0.0 3.066924588146562e-05 0.0 0.0 0.0005537128937609347 9.7016049482208e-05 0.0 0.0 1.7918490505573784e-05 0.0 0.0 0.0 0.0004128377774764277 0.0004973162778981303 0.00454582562995305 0.0067650632967162505 0.0010735979350813213 0.0003358110473743923 0.0 0.0 0.0 4.6155137537903336e-05 0.00010407920657426894 2.9294051440612706e-05 9.237224151647974e-06 8.086896924466071e-06 0.0 0.0 9.756617054859174e-05 0.0002359392577231467 2.404612122144567e-05 0.003936043422749079 0.00035397392559042244 0.0003974267084895435 8.088576098387908e-05 0.0 1.3711842294916609e-05 0.0 9.615980613484384e-06 4.325471382092867e-05 0.00027215234867822237 2.806249141936236e-05 3.8459358723984e-05 5.016359388198869e-05 0.0 0.0 1.3993175600971045e-05 9.261661323589137e-06 9.199493281530307e-06 9.069512929720152e-06 0.0 9.077828272996779e-06 0.0 0.0012974990629184913 0.00025727431432639303 1.4443166456138007e-05 0.0003642787427303024 0.023656922521712885 8.539413450931566e-05 0.0002751833546956207 0.0012882119866847953 0.0009663634429453013 0.0 0.0014677899716096072 3.467189633408462e-05 1.0473697992510418e-05 0.001862057662912883 0.0007537798599616627 0.00011208240351490316 8.484456627619365e-05 0.00026684047712435415 7.703632187334933e-05 0.0 0.0 0.0 0.0 0.0 0.0 0.0 0.0 0.0 0.0 0.0 0.0 0.0 0.0 0.0 0.0 0.0 1.8718229496268817e-05 0.0 0.0 3.240622000570433e-05 0.0 0.0 0.0 0.0 0.0 0.0 0.0 3.1329737138801765e-05 0.0 0.0 0.0 0.0 0.0 0.0 0.0 0.0 0.0 1.3301834191635146e-05 0.0 0.0 0.0 0.0 0.0 0.0 7.472343940972068e-06 0.0 0.0 0.0 9.262138998940543e-05 0.0 0.0 0.0 0.0 0.0 0.0 0.0 0.0 0.0 0.0 0.0 0.0 0.0001511336759007583 1.2140535965528527e-05 0.0 0.0 0.0 9.071949051168011e-05 0.0 0.0 0.0 0.0 0.0 0.0 0.0 0.0 0.0 0.0 0.0 0.0 0.0 0.0 0.0 0.00018266163117713403 0.0 5.040994106653724e-05
0.00024175465472339508 0.08455086193525668 0.04610994516748637 0.0005844771258771822 0.0 0.0002782949835629517 0.25621917814843653 0.031233213148044617 0.5023057064788633 0.054177355891960335 0.09439694015787961 0.015878453968494553 0.09566903420172375 0.06221491676824863 0.001149926886807395 0.0004385854412357878 4.308688038173017e-05 1.528143130031892e-05 0.0 1.7409071216981086e-05 0.0 1.4913394549560957e-05 7.812854392605958e-06 8.86463395089382e-06 0.0 5.691756526577969e-06 1.8424708729670212e-05 2.100792380277399e-05 1.02904280551372e-05 0.0 0.0035249835016450434 0.0003596926972738008 0.000453836961286878 8.651311129324018e-06 1.5662268882409454e-05 5.300100660040204e-05 0.000635797617592424 9.169165522696425e-05 0.00010124074301577118 2.3570089520991344e-05 1.1111940566602926e-05 2.2845993883111437e-05 0.0 1.888363686553332e-05 0.0 5.621398328278666e-05 0.0033977242676802664 0.00036602792544610874 7.758008535722238e-06 1.4339306333730298e-05 7.146399046682059e-06 7.242167700439831e-06 3.831848333071176e-05 1.2113350047214407e-05 0.0005496321224857799 0.0008332002621410116 0.002531162566756845 0.005085548897553842 0.0012381344560346108 0.000935712115600601 8.931664983886737e-06 0.0001084913745477604 0.0 0.0013744642412047996 0.0003172316869663868 5.850383407308701e-05 6.196707460376957e-06 3.328927519515691e-05 0.0 1.8248918603484768e-05 0.0027964810796337527 9.82001035361207e-06 0.0 0.004652314053613467 0.0017265525404899775 0.0028805750616775253 0.0005817320494489901 5.42564543869842e-05 0.0005847264736670587 0.0007398928934533533 1.4953256226393248e-05 0.00026790407863359157 0.0008160335557673245 6.177479942375997e-06 0.00011420719816781506 0.00017271061076265081 2.175384607453754e-05 0.0 2.786832644052705e-05 0.0 0.0 0.0 1.4827988663918175e-05 3.395790646538602e-05 4.873960790802098e-06 0.003158801393971985 0.0003881725098438799 0.0 0.0019514963010078311 8.635376681437573e-05 0.0 0.00031270639720002623 0.0 7.712173861005812e-05 0.0 0.0010417164863382902 0.0 0.00014673548295817193 0.00038309138164152416 0.0005341196799839486 0.0001255066423008921 0.0007042512481939612 0.0010512000913699025 0.00038205215790891876 0.0006718985513572952 0.0 0.0 0.0 0.0 0.0 0.0 0.0 0.0 0.0 0.0 0.0 0.0 0.0 0.0 0.0 0.0 0.0 0.0 0.0 0.0 0.0 0.0 5.515246917599949e-05 2.1329403768922748e-05 0.0001577968250036019 0.00012863045177546225 0.0003735482014015397 0.0001548218755936193 0.0 0.0 0.0 0.0 0.0 0.0 0.0 0.0 0.0 0.0 0.0 0.0 0.0 0.0 0.0 0.0 0.0 0.0 0.0 8.84283118935557e-05 4.3666567747662744e-05 0.0 0.0 0.0004132718915085802 0.0 0.0 0.0 0.0 0.0 0.0 0.0 0.0 0.0 0.0013317756931792394 0.0 0.0 0.0 0.0 0.000344893003050264 0.0001224964880347556 0.00027737938317075447 0.0 0.0 0.0 0.0 0.0 0.0 0.0 0.0 0.0 0.0 0.0 0.0 0.0 0.0007806488757462031 0.00021269580642245756 0.000371950613790084
0.013705684959121767 0.01789115429028547 0.000933596801923908 0.02672648384181939 0.0002782949835629517 0.0 0.0013825434681388668 5.581057148546982e-05 0.0004394119081155862 0.024199807448448976 0.00024315799111859546 0.011949814796391194 0.004929699110749569 0.0003131381411309014 3.733687419016899e-05 7.263715176370619e-05 1.0507320306341544e-05 0.0 0.0 0.0 0.0 2.338337065792805e-05 0.0 0.0 2.0903559962456245e-05 0.0 1.2161915992376305e-05 0.0 0.0 0.0 0.0014193904629549263 6.395522178142273e-05 0.00010777158792533532 1.2487839755642879e-05 6.187847165139172e-05 4.380271321833767e-05 0.00026384033211002155 0.0002262022808694651 0.001352727124047519 4.945668404835879e-05 0.0 0.0 0.0 9.447609418294857e-05 0.0 2.3160992907261352e-05 2.3999172656239774e-05 0.0 0.0 0.0 0.0 0.0002701126480855804 0.0003212670351077844 9.561703009798489e-06 0.0 2.051482337536167e-05 0.005664382887676047 0.00040621995613218155 7.100957637445051e-05 0.0 3.064248429694644e-05 0.00012941616719100912 0.00012875416991992155 1.0628969894939048e-05 0.0 0.0 0.0 0.0 0.0 0.0 0.00017946495736488502 0.013780589131603826 0.000921060176346237 3.422550175066304e-05 4.904616537386241e-05 2.595783406067668e-05 1.3444572541622254e-05 7.991631988618322e-06 0.0 5.60850851820417e-05 0.00010716892656805735 8.294545095358319e-05 0.0 3.9799405419557175e-05 0.0 0.0 0.0 0.000139564902596265 0.0 0.0002818428481314098 0.0 3.3479806209069884e-05 0.0 0.0 0.0 0.012009943715248312 0.008627059403244534 0.001463123022317672 0.002238908522773598 0.014967793823395364 0.0 0.00011431746613030267 1.5343808368177144e-05 1.9574825217726488e-05 0.0 0.00013633207017626372 3.595759917735787e-05 0.00010055256326442834 7.420018044299459e-05 0.0002750684419057383 1.2024717397182004e-05 6.677653779995615e-05 7.347472042633118e-05 1.2289916310179584e-05 0.0 0.0 0.0 0.0 0.0 0.0 0.0 0.0 0.0 0.0 0.0 0.0 0.0 0.0 0.0 0.0 0.0 0.0 0.0 0.0 0.0 0.0 0.0 0.0 0.0 0.0 0.0 0.0 0.0 0.0 0.0 0.0 0.0 0.0 0.0 0.0 0.0 0.0 0.0 0.0 0.0 0.0 0.0 0.0 0.0 0.0 0.0 0.0 0.0 0.0 0.0 0.0 2.7329958792043886e-05 0.0 0.0 0.0 0.0 0.0 0.0 0.0 0.0 0.0 4.358771362150275e-05 0.0 0.0 0.0 0.0 0.0 0.0 0.0 0.0 0.0 0.0 0.0 0.0 0.0 0.0 0.0 0.0 0.0 0.0 0.0 0.0 0.000126203227059584 0.0 0.0
0.007349886444244422 0.12754363209448144 0.016030791647277567 0.07752933939404782 0.25621917814843653 0.0013825434681388668 0.0 0.0023107955334852664 0.23804506008632603 0.24464532795108326 0.022750592241535337 0.07431283355833043 0.32983748544157204 0.2627256123586631 0.000885892315474402 0.00035425551475319313 4.932245750305539e-05 0.0 8.943869006584412e-06 0.0 5.383676941718632e-05 1.3263002223863824e-05 1.5337909957094662e-05 0.0 3.902933952574561e-05 0.0 8.859378037145554e-06 1.2224428413006271e-05 0.0 0.0 0.003181232754913226 0.000291716707186043 0.0011936774372377167 7.283659321620445e-06 2.8076589238646926e-05 0.0 0.0009859847415657611 5.8609526312337544e-05 0.0001036423192380675 2.036131677005309e-05 0.0 9.158322623462435e-06 1.4220480877859631e-05 3.96584814820419e-05 0.0 6.936515441953728e-05 0.0032288435384092923 0.0002745168096856244 5.462818164242991e-05 6.726812878696463e-06 0.0 1.323014062687641e-05 2.5100580421948775e-05 1.4179510678960034e-05 0.0006462421022305879 0.0011208512678982623 0.0033609501160708636 0.006547541596870221 0.001968310741227549 0.0010599605756462572 3.184846264433761e-05 0.00012174072041939686 0.0 0.001063443439473298 0.000331948062706731 9.82302774953705e-05 1.3756710882085865e-05 2.4021067823172398e-05 0.0 7.576806011993351e-06 0.0024032663295239453 6.670124053903839e-05 0.0 0.005599282833304645 0.0016055931076800552 0.0024377174112319884 0.00040959610372199884 7.859197354102336e-05 0.0003062082065749763 0.0006914046704800898 7.651050947943984e-05 0.00021255065913579864 0.0008757004744946621 4.971725526722379e-05 0.00011511031355181375 0.00015344243781481682 5.7642571250993586e-05 1.6483168023086778e-05 6.593269893445795e-05 0.0 0.0 0.0 2.3759393222218774e-05 8.08722359866623e-06 1.3781094369805328e-05 0.0034861196203172405 0.000572258358294022 0.0 0.0022381992542608656 0.0021516166544537176 2.9535806910879386e-05 0.00032981536904881507 0.0005254197852050917 0.0006647337900223556 9.916983475705723e-05 0.003516802147903599 0.0001740896476231167 0.0020906063074959485 0.0034794129407350084 0.0007342261280741957 0.00016439229315170467 0.005380386653474798 0.0027019241861282713 0.00031189292475742377 0.00024559012508521585 0.0 0.0 0.0 0.0 0.0 0.0 0.0 0.0 0.0 0.0 1.2505308829828679e-05 0.0 1.1037346911654716e-05 0.0 0.0 0.0 0.0 0.0 0.0 0.00014555592410116377 0.0 0.0 7.803700661696778e-05 0.0 0.000335004417385622 0.0002571311133783253 8.806668355398637e-05 0.00017626563075253158 0.00013035272841623776 0.0 0.0 0.0 9.705307731746489e-06 0.0 0.0 0.0 7.776618685173611e-06 1.9786798509340067e-05 0.0 0.0 0.0 1.573316517936502e-05 0.0 0.0 7.5701942860927024e-06 0.0 6.8546664215531725e-06 7.40087939081868e-06 0.0 0.0 0.0 0.00033778889689032703 0.0 0.0 1.3413692120859192e-05 0.0 0.0 0.0 0.0 0.0 0.0 0.0010911120617513057 9.26486695695532e-06 0.0 0.0 7.0498896648865265e-06 0.00030246363730710926 0.0 0.0005077790494381979 2.8907648974944743e-05 3.205174994310132e-05 2.6806791773825185e-05 0.0 0.0 0.0 0.0 0.0 0.0 0.0 0.0 0.0 0.0 0.0011834240238823349 0.0002777701197806619 0.00020511663716249175
0.0027008848093385226 0.05962494481110649 0.3982050724494501 7.797273860806636e-05 0.031233213148044617 5.581057148546982e-05 0.0023107955334852664 0.0 0.03446261228102647 0.000655023352020784 0.21482997842961749 0.010615769664419185 0.03497921655391464 0.047985965837180955 0.004133743610383132 0.00258499587411284 0.00019964102416355798 0.0002750602613441247 0.0 0.0005056386737965997 0.0025051824103398974 0.0009346078402979008 0.0017577450853157811 0.0020357061958528933 0.0017120157276201656 0.0005946262856162329 0.0015651997583070504 0.0013478779151095746 0.0001411432666874808 0.00048311802171694724 0.04214890547961142 0.08690129023662405 0.002804317963426659 0.0002808592115548347 0.003476803034323762 0.001798666179143568 0.0014196729870227065 0.000686881409863088 0.0009183286391929808 0.0006926158550547688 0.0027565927651475326 0.0027598453984787118 0.0005043152692097546 0.00022517360779975061 1.801072171178654e-05 0.0018595078719788767 0.012268892694593027 0.00044320324662051435 0.00032774660530342556 0.00046418208671062614 0.00019840429617930556 0.001517960971058647 0.0006986441185607025 0.002297104074061335 0.0008046145403103606 0.001308508857831128 0.004185546648436242 0.014753375385102498 0.0017732966196398613 0.0018307039649068301 0.009447766699928951 0.0028014680896866137 0.0019008736053729223 0.004001883307375299 0.00043283683882951326 0.00019000835403931997 0.00013288372130601647 0.00016374911791141168 0.000418532993208653 0.00456422772962986 0.0016920184641173986 0.0007665289180023748 0.0005556553402459822 0.008226702008556911 0.004773845078894021 0.0067848627784085225 0.002736107041475877 0.004342883738898439 0.10548977459336013 0.10248208849358295 0.022395130211021425 0.0831789985895094 0.0013844093140928486 2.2352258382778534e-05 0.00023847342883307184 0.0003494070254122631 0.00018393618540666392 0.0 9.680903055892713e-05 3.823927111937083e-05 0.0002807147467431219 0.0001920137407054448 0.0019229457446268304 0.0008666054318619776 0.0015709274804066257 0.0006439710985998667 0.0007533698027430295 0.00010557602661715223 0.0006474245411889795 0.001174027290772505 0.0 2.0952855784589818e-05 0.0 0.0 0.0 6.067820210698085e-05 0.0 0.00010352358287516054 6.932493579974153e-05 5.7137270798644785e-05 6.09872244781507e-05 0.00010883441672444546 0.00012165800559814412 3.578629168368466e-05 0.00010830592069055964 4.278415562665313e-05 0.0 0.0 0.0 0.0 3.709818900049675e-05 2.484223081608831e-05 0.00015079097981597064 0.0 0.00017863196214106217 0.0005416052273879159 2.6528243193994427e-05 9.848194570006384e-06 0.00011971822105094089 7.659040131018319e-05 0.0007160919577812759 3.136878784122109e-05 0.0004222958259629654 9.445984385481718e-05 0.0 0.0 0.0 7.534482970706823e-05 3.381194477766174e-05 0.00018584130993545264 4.87895342342052e-05 7.160632390070996e-05 0.0002681736419595919 5.8885247903897744e-05 0.000556609968496249 0.00010492492724307041 0.0 0.0 1.2235461091675065e-05 6.855865978353873e-05 1.1138210426495643e-05 0.0 0.0 0.0 0.0 7.45865657754003e-05 0.00022123510256765364 0.0007775134424954167 0.0 0.0 0.0 0.0 0.0 0.0 0.0 7.434928893988467e-06 2.5435905206209604e-05 0.0 0.0 0.0 0.0 8.754095853971442e-06 0.0 0.0 1.1145670248877455e-05 4.5609220402965935e-05 0.0002783074051780798 0.00010459639636839878 0.00011333475075212755 7.191115147817329e-06 7.054924502440947e-05 9.453505659164123e-05 0.0 0.00022146421083483916 0.0 0.0 0.0 0.0 0.0 7.46932848681681e-06 0.0 0.0 0.0 0.0 0.0 9.841143661483505e-06 0.0 0.0001455019503273284 0.00011044932891957528 0.0001819288341264682
0.0 0.1550832865290869 0.15054209273837363 1.934999341279745e-05 0.5023057064788633 0.0004394119081155862 0.23804506008632603 0.03446261228102647 0.0 0.01610593537303459 0.06223287566069991 0.0212998788422045 0.16497810222424217 0.15697458005602621 0.0003039183654935246 0.0001891192719393181 9.756517910381646e-06 1.0061266103729911e-05 0.0 0.0 0.0 0.0 0.0 1.1082314871745002e-05 3.1523488063799454e-05 9.392658248959206e-06 0.0 0.0 0.0 0.0 0.0003308137619330538 1.258826580118779e-05 0.003375984493725121 0.0 1.3016922889315046e-05 2.7744684253530353e-05 0.0035771060607613196 0.00028282458691363693 5.832807307344738e-05 0.0 0.0 2.7083300353231206e-05 0.0 0.0 0.0 5.890784496347371e-06 0.0007138157542054631 1.417964945838422e-05 6.729595606039548e-05 0.0 0.0 0.00011730712901479325 5.886962408205581e-05 1.9754211615657324e-05 5.4359827924744135e-05 0.00010218082798193504 0.00026446126894702835 0.0005218695945107292 0.00020303687214941424 0.00014938974681426526 4.2149780600958234e-05 0.00036689313976958477 2.125358337239774e-05 0.00024892648124457615 5.265799811913271e-05 5.574698652262328e-06 0.0 0.0 0.0 2.428449629907125e-05 0.002793398696102858 0.0002049376528251149 1.0835760374723277e-05 0.0005920417884040045 0.00027835872329626715 0.0006088740483586753 0.00015875928315471508 0.00012039958804610604 0.00018640995834052034 0.0033830410567956518 4.0297805164982116e-05 0.0003352534236524711 9.785786262499998e-05 0.0 1.5807581790603357e-05 1.9204660515797593e-05 2.652500329410375e-05 0.0 6.487157375272376e-06 1.5884717450560098e-05 6.3079971364031845e-06 9.4736854438807e-06 0.0 0.0 0.0 0.0026215391241736097 0.00021625641756691788 1.4934801989628314e-05 0.0008735601919437885 0.00020394559525014597 0.0 0.0001722817572131165 4.1395693187517084e-05 0.0 0.0 0.0006702747430012986 0.0 0.0003496436477571609 0.00033287110121917783 0.0003885043914135381 0.0001972884776267216 0.0005141680612051302 0.0005709958630255693 0.00010381296938557923 0.0002830022925385415 0.0 0.0 0.0 0.0 0.0 0.0 9.182165728090656e-05 0.0 0.0 0.0 1.3977276504715705e-05 0.0 1.9157350438758317e-05 0.0 1.551453675758644e-05 0.0 0.0 1.3129413035915963e-05 3.309856371088161e-05 0.0 9.203398180439616e-05 0.0 0.0 0.0 6.86199591692017e-05 0.0 7.272715621693573e-05 9.795660561308367e-06 0.0 0.0 0.0 0.0 0.0 0.0 0.0 0.0 0.0 0.0 0.0 0.0 0.0 9.2726962866929e-06 3.263419119538553e-05 0.0 0.0 0.0 0.0 1.9778562550178514e-05 6.0375411674398534e-05 0.0 8.118466102371415e-05 0.00012858931367059262 0.0 0.0 0.0 0.0 0.0 0.0 0.0 0.0 0.0 0.0006677282787757121 0.0 0.0 0.0 1.782733526823005e-05 0.00015024921578380158 6.131921455846976e-05 0.00027004321154256816 0.0 6.850102577377889e-05 0.0 0.0 0.0 0.0 0.0 0.0 0.0 0.0 0.0 0.0 0.0 0.0006639807431690415 0.0001284100517743675 0.00010122391986557202
0.04448139711607969 0.23338347195891163 0.010360283776545775 0.1874628408908295 0.054177355891960335 0.024199807448448976 0.24464532795108326 0.000655023352020784 0.01610593537303459 0.0 0.005600285823614252 0.1765426191849266 0.21984047073890164 0.03538760086882891 0.00016524713956708704 0.00011772104064632304 2.9870257327656945e-05 0.0 0.0 0.0 0.0 1.2387116733552366e-05 0.0 0.0 1.820284269243592e-05 0.0 1.0310084475803044e-05 3.906735480801655e-05 1.8202147081988746e-05 2.2545044134003057e-05 0.0015972820248746464 8.549503571733351e-06 0.0010378140694675706 2.4425246619529107e-05 5.988620563749468e-05 1.301969962001635e-05 0.00040466515884318477 6.304470197259016e-05 0.0004955166817003833 1.955387409354361e-05 0.0 3.809948368825119e-05 0.0 1.9759484091559094e-05 0.0 0.0 0.00047234600735773563 3.62697637888236e-05 1.1488931731319277e-05 0.0 0.0 3.425363228283565e-05 0.00015330110325011638 3.7219449092932544e-05 7.759809013140776e-05 7.9723599812464e-05 0.005149427802645243 0.002745518211072475 0.0005224025137818182 0.00012315026362440013 1.0521717957715413e-05 8.331855172555229e-05 0.00010469215417109053 7.682004699069455e-05 5.068160150383645e-05 6.159463746015815e-06 0.0 4.530013064096459e-05 0.0 0.0 0.0017432382882080974 0.005553807264340479 0.00017910110741231115 0.0012738122022197724 0.00017678093246116194 0.00026029624885254103 4.9255846234987495e-05 5.235555377844776e-05 6.885670316026148e-05 0.00010860394807623758 3.0260185247586346e-05 8.323551651229557e-05 7.798635955155179e-05 1.3962876568906861e-05 3.50745097213808e-05 1.250776631074346e-05 0.0 4.5987570806487125e-05 7.3963322230186495e-06 5.316113064269868e-05 0.0 9.80209924126033e-06 7.2807849313243445e-06 0.0 1.1093821570669268e-05 0.014671426765050745 0.0029159924108319883 0.0005365635148264654 0.0014716783460585903 0.026847802226753318 5.175858694643157e-05 0.0023106580464801576 0.001769451207417068 0.0012919426637325248 0.0003533617072994639 0.009653057865067313 0.0007120221466539796 0.002105315540950371 0.010871653544267956 0.008315759766807722 0.0009386457310154156 0.008316781164523184 0.005213928703980367 0.0011369294798459955 0.0011635751327172903 1.0420369000444189e-05 0.0 0.0 0.0 0.0 0.0 0.0 5.351852706649327e-05 0.0 0.0 9.58281290221151e-06 0.0 6.2843378145679825e-06 0.0 0.0 0.0 0.0 0.0 7.102175241281984e-06 0.00010766913958373667 0.0002708525126069226 0.0 0.0 0.0 0.0003136631516881378 0.0001450615175480596 0.00015707342611838665 0.0001474921837652143 4.5552181488514755e-05 0.0 0.0 0.0 0.0 0.0 0.0 0.0 0.0 0.0 0.0 0.0 0.0 2.1391178317058665e-05 0.0 0.0 0.0 0.0 1.5919401455541724e-05 0.00023026275608216355 0.0011450271530213053 0.0 0.0 0.000520742523402611 2.756997295175765e-05 0.0 0.0 6.992557771650945e-06 0.0 0.0 0.0 0.0 0.0 0.0038867792463219875 6.879543004560063e-05 0.0 0.0 0.0 0.0006369793866402619 0.00016743090805086645 0.0001968188480552598 1.2555877082238366e-05 2.5795709424458475e-05 8.866201644389306e-06 0.0 0.0 0.0 0.0 0.0 0.0 0.0 0.0 0.0 0.0 0.006573117918869383 0.0001926483293258091 0.0003931372278092329
0.0015265887296634709 0.07725756025351004 0.18467282872050453 6.925733994020324e-05 0.09439694015787961 0.00024315799111859546 0.022750592241535337 0.21482997842961749 0.06223287566069991 0.005600285823614252 0.0 0.024910410563497326 0.08842460034693747 0.1577500711436437 0.0011931962804074157 0.0010381194013340523 4.2204547644835626e-05 4.064052123857578e-05 8.12256323648312e-06 7.632569297959456e-05 0.0004019917514220755 0.003439723130511842 0.0005153305067886986 0.0007371671010829276 0.004454607907030806 0.0004759572815586567 0.0015356663220685567 0.0007692396273909371 0.0008494100718205106 0.0008219256846536491 0.016038516160285596 0.03355949118022929 0.14049105970510578 4.262124857145903e-05 0.0043781691088204955 0.007544935565660225 0.03224279782013422 0.031878562908286515 0.009087489581368857 0.0034086388810389326 0.0006376067313173487 0.0006637320590075226 3.183131396215581e-05 6.225294936653662e-05 0.0 0.00021972122350666097 0.002837890818669659 0.00017337668118128292 0.0001202270515264211 5.904406353606755e-05 5.645200884186243e-06 0.003314795326909292 0.0063732143514484765 0.002480960488712309 0.00018856841928263646 0.0003674564134702859 0.001597796367120591 0.003860243404526187 0.0005526132387279534 0.0005009566306717351 0.001149735180451692 0.045329775318905974 0.001807381071809086 0.0009991292541456946 0.00013055552684591878 5.733344550914152e-05 1.920392092997732e-05 8.373887633714068e-06 1.2494721615978265e-05 0.00034153073568730084 0.0133452807700089 0.004003145026506972 0.0012649564986962694 0.0026978118399641226 0.001155584227178991 0.0018413052148967815 0.0005711621093535752 0.0005526934669417455 0.001502095866624488 0.10871063543306374 0.0028760360738679996 0.03237901145035302 0.0003134492269179544 2.3661770749486006e-05 5.375236182962373e-05 5.05839173513596e-05 3.830862542272428e-05 9.711798668148302e-05 2.079075799048246e-05 0.0003368209052666172 0.00011284725975477453 0.00012804323833853388 0.00012717320956836674 0.00021724442712312694 0.0009949146749479434 0.004744765510767941 0.0007908725788826328 0.000579614913364302 0.005051436770026112 0.0006308095789727196 2.414120625803983e-05 0.00016537490972806754 5.37554572390028e-05 1.1503806829601068e-05 0.00010470003261617983 0.00020447010494501603 6.331585069645696e-05 0.00012094003567262585 0.0005668491646706188 0.0007823330257385034 0.00037124045377660603 0.0009784528395496788 0.0010914693805043115 0.00040418498203548443 0.0009014995586006737 6.920797387169447e-06 0.0 0.0 0.0 0.0 9.070264508824004e-06 0.0 0.00011636704119308561 0.0 0.00011179769324286005 0.00011080168873537842 2.8094175390124742e-05 0.00021807341773245418 6.834990126303121e-05 5.4783723108184544e-05 0.00019033676783669965 0.0001262459699800173 0.00033076316055633714 6.9760909933065224e-06 4.2595072944508664e-05 0.0 0.0 0.00023279765078686437 2.096225909001905e-05 0.0010258183392656732 0.000514130442272326 0.0004895364056064562 0.0005400503975457209 0.00010393070687929733 0.00025774408096395285 3.606507613142567e-05 0.0 0.0 0.0 9.809631023343574e-06 0.0 0.0 5.1542721548744496e-05 0.0 0.0 3.204126781325935e-05 0.00043437750517491845 0.00048230410038287386 0.0 1.184673135788539e-05 0.0 0.0 8.035125917046733e-06 0.0 7.695375040039072e-06 0.0003500127079347837 0.0009705031149494053 0.0 1.5551436093376448e-05 0.0 0.0 0.0 0.0 0.0 0.0 8.509176441276709e-06 0.0034677867710019923 0.00021216875472257894 0.0002912372225621373 6.183595374780259e-06 3.665912973775134e-05 0.0005137627516134653 3.691559525587351e-05 0.0007932771008838187 2.6175907935867236e-05 0.0 2.0149294363087738e-05 0.0 0.0 0.0 0.0 0.0 0.0 0.0 0.0 0.0 2.1977916020405378e-05 0.0015661918193086715 0.000731460974889304 0.0009157509758679533
0.0008719902785486207 0.025910934679926712 0.051914948122849594 0.04561020406067354 0.015878453968494553 0.011949814796391194 0.07431283355833043 0.010615769664419185 0.0212998788422045 0.1765426191849266 0.024910410563497326 0.0 0.09206784850536669 0.013739507428291314 0.0013391875367156777 0.0021444555385058753 3.31655461996315e-05 1.7077766467151862e-05 0.0 5.185489986682002e-05 3.703619343327787e-05 0.0010748193202292323 5.841464744757533e-05 5.249846460327481e-05 0.0009356412872655865 3.719635117099026e-05 0.00020877765550590856 0.00024338493888141182 0.00028868660409156493 0.00014071369696758455 0.0013558744957554382 0.0002952530987509926 0.017195403912327253 0.0 0.0007162814162529723 0.0015820816921578418 0.011632047612739973 0.007784480845668306 0.0023215376354530325 0.0006789180300528041 0.00011185715594281031 0.00014011552909388495 0.0 0.0003159859960015449 0.0 0.00013633839749001105 0.0020414945354342946 4.701741122246926e-05 6.623952139475544e-05 0.0 0.0 0.0013604102265318112 0.003422631439842463 0.0005297158644758019 9.186572517362021e-05 0.00017521655368080862 0.0008776938307551458 0.0008720413316723517 0.00036945623468172457 0.00021836523031280687 0.0003532783745385528 0.01258779014870354 0.00043981766659872203 0.0005632406746248127 3.007187756000413e-05 6.970076076040769e-06 3.2013832320425174e-05 1.9338895627732118e-05 1.0159340323477228e-05 5.0947492029520024e-05 0.010567470092369856 0.0037617226211472646 0.00055439122017316 0.0009153069799412458 0.000467149085715818 0.001253269822847632 0.0009303843723636975 0.0011004635356355876 6.413302963479198e-05 0.005943416431919084 0.00019085223345353884 0.003705776489006471 0.00018856966886856292 2.831241831350279e-05 2.002991150508535e-05 6.068893324023412e-06 2.7536220425133453e-05 0.0002125704372026265 1.2136847745275756e-05 0.0002510619916108053 4.43799779409887e-05 2.5581663008113158e-05 0.0 7.697852681092432e-05 0.00015047547536058446 0.05686045937911972 0.0036161962907588687 0.0007669900791734177 0.0053743714986278085 0.0016137175595731463 9.787039617744157e-05 0.0017353369856335826 0.0008779626916173947 0.00030018800198449417 0.0007816393147989988 0.0054699918851318675 0.0007003404485891331 0.003058486806009063 0.004400846125333599 0.006894720594584563 0.0017049092907654544 0.008012026877444645 0.007473988663330179 0.0019353775934525628 0.003933794725483585 1.9413351645473626e-05 0.0 0.0 0.0 0.0 0.0 1.2552830788211064e-05 5.831143153582805e-05 0.0 0.00011524906556278493 1.4249253336257715e-05 2.4343657453605945e-05 7.876950726219672e-05 1.0369534611360947e-05 0.00012721229453731058 0.0001108918194036398 0.00023344842976894206 0.00018763817623341524 5.569449077821094e-05 0.00023246727465984883 0.00014501995054052512 0.0 0.0003615005511328416 9.320723504978922e-05 0.00165547630715876 0.0006307805952040871 0.0013084898456211227 0.0012670956207541807 0.0001553069273855373 2.007851571453293e-05 1.1603365932076348e-05 0.0 0.0 8.899682894361277e-06 4.8598606870825604e-05 1.7323024547330314e-05 1.3570624236399446e-05 0.0001488501364331606 0.0 3.457668451134984e-05 9.120309625626452e-06 0.0005939568485115696 0.00011742432909518556 7.040562316919923e-06 0.0 0.0 2.8477367653556588e-05 9.54989933432862e-05 0.0005648032675481313 3.814408556763815e-05 0.0004607933033399025 0.002599529736063785 0.0 0.0 5.248379681746619e-06 0.0 0.0 0.0 0.0 0.0 0.0 0.0121925326865447 0.0003300225701557844 5.921010483603515e-05 0.0 1.8151151640240396e-05 0.001592164919677118 7.899157432970805e-05 0.002204941797247025 5.1925625973370606e-05 2.9798345028250198e-05 1.5665573317587923e-05 7.996868484669376e-06 0.0 0.0 0.0 9.32798132619885e-06 0.0 0.0 0.0 9.436591360009839e-06 0.0 0.011187790892081531 0.0013490640342926964 0.0024142284842586905
