0.0 0.206292005396917 0.012688983343276719 0.08624482771627921 0.00458462962956193 0.0037624181596167196 0.041919497207340006 0.0018621792281597012 0.0016762479786352456 0.08364313649838043 0.007414576882918554 0.035069286008553274 0.019617156150420843 0.014767668201356656 0.00032468221349167596 9.750165937655733e-05 2.400110135923552e-05 8.966554274460482e-06 0.0 0.0 2.1137615806523038e-05 0.0 0.0 7.667629884555194e-06 6.352231515575297e-06 0.0 0.0 0.0 1.0792733938305117e-05 0.0 0.09825825195332806 0.00032370251203263427 0.0003591161898561885 1.0538878794644003e-05 0.0 0.0 0.0003211350804949325 5.508470672968097e-06 4.1634026756271726e-05 4.94432307902142e-06 4.194539651506763e-05 0.0 0.0 5.164927935184536e-05 5.512501575023522e-06 1.4307782975517987e-05 0.0032608539617855767 4.172393500450808e-05 2.0943219391834763e-05 1.0115269206641106e-05 2.8100706975630783e-05 0.0 2.4676877387589786e-05 5.4482382278527916e-06 0.0012326842864018805 0.0011799871381114617 0.030413374102577273 0.0495497688497568 0.007899275216787849 0.0030431214351155553 6.864404002584961e-06 2.246493520462913e-05 0.0 0.0015979086555293071 0.00028459939965750687 3.078955066788507e-05 6.19844397153034e-06 1.3388378048116013e-05 0.0 1.5202433196424549e-05 0.0002834068036996548 0.0005025304991253611 1.2052208160641386e-05 0.027570692546661685 0.001638445838612098 0.0014689048042680242 0.00017580106406229172 8.270031613765524e-05 1.892063885521812e-05 7.429459754040095e-05 0.0 7.3563008230412635e-06 0.0014581200708540143 5.329264495389626e-05 0.0 0.0002450133237492102 1.1830246588076813e-05 0.0 1.1503674757214385e-05 8.437399794028728e-06 6.365315457839451e-06 0.0 2.2975677673351292e-05 1.3179589764722014e-05 7.464336669798197e-06 0.0046341977411313625 0.00023059411021227638 0.0 0.0002721768579254684 0.13080215737681397 0.0 0.0003657723332366906 0.00015151289530280544 0.0018058508269940406 0.0001007069062020078 0.00035537511045378274 0.0011588109337970641 0.0007817957804115355 0.0003210433913897709 0.0003949931182915336 0.0006438301701382933 0.0021643567774794078 0.00034838866933608513 0.0010551842188752224 0.001162699270467004 1.3456328943262011e-05 0.0 0.0 0.0 0.0 0.0 0.0 0.0 0.0 0.0 0.0 0.0 0.0 0.0 0.0 0.0 0.0 1.0094976699833124e-05 0.0 3.851609384427759e-05 3.402918295432987e-05 0.0 1.985912472666568e-05 0.0 0.00023679262622267367 0.00011291454055702493 0.00012729482597428275 0.00013147499443317423 0.0 0.0 0.0 0.0 0.0 3.75695714291011e-05 0.0 0.0 0.0 1.5398772321596312e-05 0.0 2.50308043409307e-05 0.0 2.2931803196667706e-05 0.0 0.0 1.2693379336906508e-05 0.0 0.0 9.804145502676471e-06 5.216093259767114e-05 0.0 0.0 0.0002887178780536893 0.0 0.0 0.0 6.418154563395053e-06 0.0 0.0 0.0 0.0 0.0 0.00011774799769094482 0.00016898592014337233 0.0 0.0 0.0 0.0003145894583020972 0.0 0.0003177679417529048 1.0011621181780406e-05 0.0 6.5563835833175246e-06 0.0 0.0 0.0 0.0 0.0 0.0 0.0 0.0 0.0 0.0 0.000685670559245725 0.00011527319129589023 5.514591544177894e-05
0.206292005396917 0.0 0.102579065490841 0.044668454948363974 0.1336461084587127 0.0034993032513302427 0.24005965533695528 0.02157402767090151 0.19639551656810872 0.129376727774745 0.09818461622232923 0.06014554874707418 0.089049806078491 0.0992794549194203 0.003980141401225247 0.0011570659671966577 0.00010864725044425064 2.9166107087040666e-05 1.822842720614697e-05 4.9351554315243545e-06 2.2917292978394852e-05 2.70906518932198e-05 0.0 0.0 1.637750733713728e-05 2.7549037074782213e-05 2.1100587828909106e-05 6.288470101548987e-06 4.2932996989092346e-05 0.0 0.11980230465585648 0.004783880162505397 0.002158898631568426 0.0 8.590089447029923e-06 1.904636679279996e-05 0.0018343567778566652 6.155338626697697e-05 0.00015622958117567304 0.00012847506118524935 7.299154307805199e-05 7.035670093670644e-05 5.505863707997123e-06 7.635274796925303e-05 2.7335712213909574e-05 5.326416153435874e-05 0.01619876658116009 0.00011836075514761509 4.482151693658794e-05 1.8506919642306072e-05 4.17064150585081e-05 2.7397195047929853e-05 8.562588890241461e-05 2.9777705372851813e-05 0.0017300706182111648 0.0019035720061062438 0.01462575370293909 0.04521502612719468 0.008821689384485135 0.0076805559040572235 3.7736379764455417e-05 8.307967468217003e-05 2.189693259573076e-05 0.008102142850711482 0.0005293884827863617 1.3969274678629302e-05 7.742961395512974e-05 2.0008072100864113e-05 4.927066495892184e-05 3.444789343159511e-05 0.001203752886621222 0.0019672574434527303 0.0 0.04350696087925319 0.005020529862212681 0.009007683784964388 0.0016399998764869124 0.0002883163647508773 9.239947060516564e-05 0.0013008359880183748 4.896524214892837e-05 4.5408502722498175e-05 0.002386738719286324 4.859169583117912e-05 2.632172867432539e-05 0.0004078800707417918 6.507928089594509e-06 0.0 3.418967853312878e-05 7.733274132604143e-06 5.01013058398314e-06 0.0 8.838600289111296e-05 2.7062797176521144e-05 2.3020809555712597e-05 0.01781651454230752 0.0003916874427365625 1.8810864719957298e-05 0.00016120030275715397 0.05456305917305179 0.00019313612698808577 0.0005524237684120531 0.0007598706707953443 0.0016851453082364126 0.0009155475632347648 0.0017303246183681296 0.0012925572678623562 0.0028505584465462397 0.0006143227845324804 0.0010274804844148616 0.0030647991585847807 0.0075833007817981335 0.0010220087830344854 0.003929871311594639 0.007039557109316166 6.987262828565695e-05 2.1447397903536878e-05 0.0 0.0 0.0 0.0 0.0 5.5518783003710344e-05 0.0 0.0 9.213139573762373e-06 0.0 8.04411342337976e-06 0.0 0.0 0.0 2.044463137687912e-05 0.0 0.0 0.0005523266151120545 0.0004360309654184464 0.0 6.793803948274486e-05 0.0 0.0016640081602147402 0.0004206783658005034 0.0011565625217038159 0.0004632824894572696 2.5007421647401347e-05 0.0 0.0 0.0 7.985011614247737e-06 6.0624489984961473e-05 8.08420726290285e-06 0.0 2.8513367123641657e-05 6.587175146863619e-05 0.0 0.0 3.7039731176078744e-05 0.00017764044414682827 0.0 6.7781800278299214e-06 1.4428828854532727e-05 7.5238529363076225e-06 0.00013873697158677673 5.557906596958949e-05 3.3713741596196555e-05 3.406961313116036e-05 3.413496314253844e-05 0.0017561654562639577 0.00017755212496372853 0.0 0.0 0.0 0.0 0.0 0.0 0.0 0.0 0.0006352854937123199 0.0006658706471932012 0.00010046248393985389 4.899510319485016e-05 3.9292752353457314e-05 0.0015856758805452926 8.531281406783924e-06 0.0010594996931665068 0.00018730151999195085 0.00014865039630834233 0.00013328993229149534 0.0 4.8229878750767426e-05 0.0 0.0 0.0 0.0 9.076435064667178e-06 0.0 0.0 0.0 0.0012813210780959871 0.0005894801204516494 0.0005786097576174295
0.012688983343276719 0.102579065490841 0.0 0.0010585727587741536 0.05982993673634961 0.00083488646065965 0.013494838566706243 0.15841326310989257 0.11379326345971756 0.00834434485533892 0.16806781437893056 0.003321938597226493 0.01960042773568157 0.1370312136997719 0.0027539127090150436 0.0011470880461710653 5.823228737770513e-05 1.659597362130007e-05 1.5454825109073783e-05 2.1938330151631767e-05 0.0009471237783297785 5.430075872917831e-05 0.0003638367691023655 4.3262999554047205e-05 0.00035441911539538674 0.00019538203783573907 0.000163214104843269 7.879826448368803e-06 1.996468786270369e-05 8.281998860034931e-06 0.2550635907387673 0.01688549799084177 0.005147017695701379 3.4830225216618694e-05 0.00011098878166094791 6.40579540697802e-05 0.00474866702545054 0.0004031879894164826 0.001697437677607006 0.00030399918445373056 0.00045333567051080754 0.00039880931318185325 0.00014967386231462784 0.00011304710563797943 0.00010060433361451808 1.197211310299557e-05 0.008208411531670151 0.00018894886270079945 0.00010635256788031549 0.00021262346613917885 0.0001377473311030196 3.0135239882958602e-05 7.62758754814412e-05 6.1000185306313214e-05 0.0005990620354054723 0.0006487818711199743 0.006541427561404435 0.05692237442181514 0.0033207156106902684 0.00268439284289845 0.00027539228702375633 0.001137920620871803 6.039803954897299e-05 0.011208015353808757 0.00020545205634266687 5.100295225095973e-05 1.7948149702998965e-05 0.00012458541144323457 0.0004186624016128101 0.0007023903662759632 0.0031920020334943854 0.005306587527813666 0.0 0.020584842367532 0.005106278949739991 0.0048315070357102695 0.0014471919202183072 0.0001501978692905664 0.001958336156718238 0.012418239564355034 0.00017896866449855609 0.0021520573581233354 0.0008744586948142251 0.0 1.219721023741201e-05 0.00014388887793541764 9.03153183554072e-05 5.6665852268787455e-06 2.401506052695467e-05 1.4528065668254675e-05 1.3084194867975957e-05 0.0 0.001399438717036751 0.0002185475645872484 0.00011618787674193707 0.007698651471945747 0.002938930893500175 1.6665862549081053e-05 0.002760736172487527 0.005404735554988391 0.00011906014448742994 0.00021365969097725756 0.0006586230614405196 5.416782877604056e-05 0.001188517845078449 0.001027486277462448 0.00046065711060344654 0.0035881062923677812 0.0005225487156084898 0.000990137654851711 0.004539138830854065 0.007372746740638269 0.0010779866318467149 0.003236487908719648 0.005866935906992305 0.00016797454216540457 0.00010643381930211133 0.0 0.0 0.0 0.0 1.0283128186769293e-05 1.1702795331106301e-05 0.0 2.328397034340163e-05 8.084519743182884e-05 0.0 3.009135838950226e-05 0.0 7.0058551245566095e-06 0.0 8.87886051970566e-06 1.6021679773949405e-05 0.0 0.0012561306477882946 0.0008003077016094619 0.0 3.5513980718950145e-05 0.0 0.0017594402954415936 0.0018883405187927642 0.002934938344656844 0.002023268938158106 0.00022744720691671548 0.0 1.7724921836844504e-05 0.0 2.1574947395325965e-05 5.582104312033063e-05 2.879702296897886e-05 0.0 0.00010130933964703099 0.00028825899748797037 0.0 0.0 5.104875774350553e-05 0.00038356610177666956 5.0615259183766337e-05 1.7900378578512002e-05 9.120360997684297e-06 0.0 0.0001066406414857793 0.00016745941047143165 0.0 2.888970471359291e-05 8.709841433148607e-05 0.003800101783073538 0.000318342574744272 7.082581663495092e-06 0.0 0.0 0.0 0.0 0.0 0.0 0.0 0.00048617034988066563 0.0010537797884190311 0.0001141902908854441 2.0933024956591184e-05 6.075683006140295e-05 0.003164908129093101 4.0975516666743704e-05 0.0019820900089914687 0.00014808057448416093 0.00022056439651583918 0.00018310925789132346 5.856820227538351e-06 4.6838292263211795e-05 0.0 0.0 7.804953740792244e-06 9.318975896152986e-06 9.097841834988676e-06 2.6388630328052065e-05 0.0 1.681106109548882e-05 0.0009690105440895716 0.0007900720166299994 0.0011206917352835559
0.08624482771627921 0.044668454948363974 0.0010585727587741536 0.0 0.0013803965135291188 0.014317584863490978 0.09054271543309597 0.00023202587474062817 0.0005724401619376199 0.21887550761619567 0.0004652743561761823 0.12165320696048057 0.026912398170503983 0.005000626381190936 0.00010599205311292717 4.40658404490856e-05 0.0 0.0 0.0 0.0 0.0 0.0 0.0 0.0 0.0 0.0 0.0 0.0 0.0 0.0 0.002496663311463055 6.156999543587332e-05 0.00022240458072253342 0.0 0.0 0.0 0.00024263464480197742 5.2928737810773225e-06 3.216776786441783e-05 2.4870870571737065e-05 0.0 0.0 0.0 0.0 0.0 0.0 0.000778027657899147 1.2802358237921744e-05 1.2503153691943914e-05 0.0 0.0 3.6677808376290875e-05 2.1679260610243855e-05 0.0 0.00011327330861578204 0.00015007312463674 0.003217537900460386 0.0032834451769139118 0.001030686206041935 0.0005109642450519238 1.359250204876722e-05 1.6046350746956617e-05 0.0 0.0003171903359888137 6.731864135233902e-05 0.0 0.0 1.2735754095359887e-05 0.0 1.7972265883173663e-05 0.0006747975094553252 0.0006222617876355572 1.1059122441461528e-05 0.004058000889343096 0.0002855734390487201 0.0003802143138622908 5.554069591723992e-05 7.851700416456947e-06 0.0 2.1810744640409202e-05 0.0 0.0 0.00026159557864420427 0.0 0.0 2.737628506511942e-05 0.0 0.0 5.462173070759727e-06 0.0 8.542538181422627e-06 7.867100829300012e-06 0.0 0.0 0.0 0.012284065043426976 0.0 0.0 7.514045733363166e-05 0.04947304301764123 2.132357104358683e-05 0.0004776205760031778 0.000714687270352896 0.009007305919121331 0.00025937597414539494 0.0014325301476062785 0.0016342433755272394 0.0007879198943059159 0.0009822934885780532 0.0009027178480032252 0.0008424857195782639 0.002861847171825796 0.0007959972110979731 0.0014766019036625815 0.001452133719598061 0.0 0.0 0.0 0.0 0.0 0.0 0.0 0.0 0.0 0.0 0.0 0.0 0.0 0.0 0.0 0.0 0.0 0.0 0.0 0.00023388227845143843 3.0468107162336974e-05 0.0 0.0 0.0 0.00030295917991406113 4.6571682965606024e-05 0.00028408703444313886 0.00016151993406419182 0.0 0.0 0.0 0.0 0.0 0.0 0.0 0.0 0.0 2.1125540876181075e-05 0.0 0.0 0.0 2.0287976779486404e-05 0.0 0.0 0.0 0.0 0.0 2.4623575642817194e-05 8.48823678042485e-05 2.781996683326578e-05 0.0 0.0005906913286331271 4.4989152783342515e-05 0.0 0.0 0.0 0.0 0.0 0.0 0.0 0.0 0.00012334651414089526 0.00013689774914573476 1.0023153013911112e-05 0.0 0.0 0.000313979376106986 0.0 0.0002046988970054442 3.455862559022943e-05 0.0 2.21015168966747e-05 0.0 8.936287659073438e-06 0.0 0.0 0.0 0.0 0.0 0.0 0.0 0.0 0.0009688830614910166 3.0212458999344492e-05 0.00013963270192290272
0.00458462962956193 0.1336461084587127 0.05982993673634961 0.0013803965135291188 0.0 0.0004416413271163773 0.12292843882844881 0.010361904964023666 0.32085857583845606 0.02234942469485182 0.06562118217253357 0.005288394859952619 0.041673473647007866 0.05682817968183347 0.0019103679886221237 0.0005434726094048023 1.0606716485856222e-05 7.684623104813684e-06 9.161169612458719e-06 0.0 7.160248917767612e-06 0.0 9.008254487159658e-06 0.0 8.230535041939353e-06 0.0 0.0 0.0 1.5127280753507483e-05 6.14333938394452e-06 0.0053723400993970554 0.0030241433186002056 0.0005873796102334592 0.0 0.0 7.409545030277256e-06 0.0007621938246164113 0.0 1.5760585191944352e-05 2.9199999502802727e-05 4.6280327849416984e-05 1.725003601247101e-05 2.6425955349045965e-05 5.461762074990213e-05 0.0 6.096765320889595e-06 0.005655558321715497 1.2988823360472417e-05 2.2053989488094776e-05 5.853611691249833e-06 0.0 0.0 5.431805647737438e-05 1.0466975117512587e-05 0.0002423996353065821 0.0003446297902523389 0.0014916039677673489 0.003728878132731408 0.0017959498879179154 0.0018645424528988335 6.666128715917623e-06 5.0350439630997985e-05 0.0 0.0018112440102195022 0.00014015627198779102 6.888451886171512e-06 1.5138583838846377e-05 0.0 0.0 1.2480587282978408e-05 0.0005907896345549969 0.0014939868843775405 8.062089459608829e-06 0.008133591467197294 0.001169023388113073 0.0030922577803325483 0.0005648450564806925 0.0001230672461174543 1.7461853670555846e-05 0.0005717350609447824 2.9599322169160557e-05 4.794139349463525e-05 0.0005411416641592684 0.0 1.1774357525296968e-05 6.340713623433124e-05 0.0 0.0 6.618615340883202e-06 0.0 0.0 0.0 4.596418481400815e-05 1.977671226287125e-05 1.4830014707949479e-05 0.008046745041547919 9.770335323491103e-05 1.540163469709557e-05 0.00013207008833389546 0.000581523764869549 1.4971756324313194e-05 0.00014846281739006297 0.0004803187084992054 5.143127617468441e-05 0.0007435650615219205 0.0008143688005830742 0.0004801035517928588 0.0014376650373454183 0.00041914305849888225 0.00047506745681075727 0.0020397726861250214 0.0048366752747669595 0.0007020810486893056 0.0027568025635997706 0.003926595453581598 2.1928446325528823e-05 1.3508921993986331e-05 0.0 0.0 0.0 0.0 0.0 0.0 0.0 0.0 0.0 0.0 0.0 0.0 0.0 6.149712952530474e-06 1.3241858009506022e-05 0.0 0.0 0.0006283985827094452 0.0003803605410675845 0.0 9.250914135997453e-06 0.0 0.0008060726039850468 0.00014903453748516703 0.0008099851181149767 0.0002818852413202913 6.358255181093194e-06 0.0 0.0 0.0 0.0 0.0 6.366415687807464e-06 0.0 1.7150163946922292e-05 0.00010911175004159188 0.0 0.0 0.0 0.00010295191937053335 0.0 0.0 0.0 0.0 0.0 2.710200222482858e-05 1.7701229469744217e-05 7.87477998540328e-06 2.2421803570287897e-05 0.0011880972943355825 8.43376187802608e-05 0.0 0.0 0.0 0.0 0.0 0.0 0.0 0.0 0.0003679287624558911 0.00045244728346126225 5.6431839155123436e-05 3.227725571535024e-05 0.0 0.0013482040550447298 1.0904972364157555e-05 0.0008901693645559283 0.00010035715048617741 8.17243812822284e-05 7.900112733638277e-05 0.0 2.0115589174222017e-05 0.0 0.0 0.0 0.0 8.928159429513843e-06 0.0 0.0 0.0 0.0007558361471496082 0.000561926451371279 0.0002852718862227935
0.0037624181596167196 0.0034993032513302427 0.00083488646065965 0.014317584863490978 0.0004416413271163773 0.0 0.0016981743044920475 0.0005048222781487302 0.0010989141416199205 0.028496136198979248 0.0007196733853304476 0.007350950705960262 0.009897524370212745 0.004611310387786744 0.0001410672951462445 0.00011398649760868211 0.00011126779287050602 0.0 0.0 0.0 0.0 0.0007926817565007059 0.0 0.0 7.121299747773313e-06 0.0 0.0 0.0 4.00689505623443e-05 0.0 0.0008237174008260147 0.0003496609239083177 0.004466464442630053 0.0 0.0 0.0 0.005911366146226392 4.3196691051510765e-05 0.0002712561899789705 3.9721696092108706e-05 3.4576514618476334e-05 4.216448261415713e-05 0.0 0.0 0.0 0.0 0.0001484787286239626 1.3155527379805103e-05 1.2147968397355565e-05 0.0 8.071703373853127e-06 0.0019243328754788567 0.000524309502692535 0.00011125537318272937 0.0 1.3445557261513116e-05 0.006391764138176526 0.00011825913543786552 0.00015013734635105903 2.45795524105512e-05 3.496859784649022e-05 0.0003467930163854149 0.0 2.468744043729543e-05 0.0 0.0 3.14210447789511e-05 0.0 0.0 8.858317280217897e-06 0.01574507352021691 0.01009830194376396 0.000833030765642888 0.00013495446141574552 3.209540716148762e-05 8.201065719051241e-05 0.0 0.0 0.0 0.0009425009371146626 0.0 0.0003522526699669707 0.0 8.875787641023741e-05 6.188757550634242e-06 2.863540283539972e-05 2.0261051083500526e-05 0.00020521709362575664 0.00021098071146414247 0.0007234463438026195 0.0001833091199042032 0.0001878729056208869 0.0 7.09303141570998e-05 6.846253061600348e-05 0.017659604307510856 0.010592641914678921 0.0034873857193635856 0.0020718340694232036 0.019542914301235736 0.0 0.00010235625757900376 2.7943467647175128e-05 0.00010671879383294166 0.00013797654146962518 5.127352976745098e-05 0.0006152658565666007 0.0002197286474243638 7.869528539116333e-05 0.00028274555098754914 0.00029862526180169757 0.0005064703955092909 7.599393921321386e-05 0.0002873811772304095 0.00038878811737975597 7.996069112540199e-06 7.299986543832448e-06 8.876318576828882e-06 0.0 0.0 0.0 0.0 0.0 0.0 0.0 1.852519786754846e-05 0.0 2.1135027085161225e-05 1.257719842033536e-05 7.670007167164644e-06 7.1577153950181444e-06 3.119370601953181e-05 0.0 1.3340164399160625e-05 3.7939477912929815e-05 0.0 0.0 0.0 0.0 5.319348532467463e-05 0.0 7.1104967244394436e-06 4.148329384729952e-05 4.4086731720502025e-05 0.0 0.0 0.0 0.0 0.0 1.579658731738147e-05 0.0 0.0 0.0 0.0 0.0 0.0 4.5094252344593835e-05 7.3460989032400845e-06 0.0 0.0 1.2888008708450257e-05 0.0 0.0 0.0 1.0672152101861917e-05 0.0 0.00015027190887332447 0.0 0.0 0.0 0.0 0.0 0.0 0.0 0.0 0.0 9.738815606046958e-06 0.0001095933495141376 8.20178404946743e-06 2.8756424389602244e-05 0.00011369675494687218 4.5555338983666996e-05 0.0 1.8657589400323467e-05 1.572790995236288e-05 0.0 1.3578291680583432e-05 0.0 0.0 0.0 0.0 0.0 0.0 0.0 1.1762084254178458e-05 0.0 1.0743548232430712e-05 9.230155996149446e-05 3.084638980169597e-05 1.4876924172742107e-05
0.041919497207340006 0.24005965533695528 0.013494838566706243 0.09054271543309597 0.12292843882844881 0.0016981743044920475 0.0 0.0024934164556429514 0.15088931989017326 0.09082863637641206 0.02623037368683205 0.034979339370617604 0.3144152301500929 0.15942145778996786 0.0019259931454220444 0.0004848206544620281 0.0001104008654509703 1.8222360972207694e-05 1.3063105255782992e-05 7.004419492850903e-06 0.0 0.0 0.0 0.0 2.5054509806006795e-05 4.084555995411473e-05 0.0 0.0 0.0 6.053717887821423e-06 0.007095192245849052 0.0012640767995794543 0.0007285660590689991 0.0 6.412907420728731e-06 0.0 0.0012516727367523593 2.2591789100345756e-05 3.124339225519608e-05 0.0 1.0732385950331774e-05 2.7124475076824017e-05 1.3904764341057588e-05 5.088809235880595e-05 0.0 1.4910151866231824e-05 0.007724229366573842 6.013901023708221e-05 1.8864841946053784e-05 2.186167331263599e-05 7.552672693152544e-06 3.0211665636238304e-05 5.964634344276224e-06 0.0 0.000613309961099325 0.0008256652251334824 0.0033331314434519835 0.008728457923907548 0.0035432917856549604 0.0031805190067604656 4.132241000707483e-05 1.7790870145046177e-05 0.0 0.0029798398991135416 0.00023076885685654105 6.157697572141017e-06 4.648581076505844e-05 7.012072920787398e-06 0.0 6.272769370831997e-06 0.001328127622736976 0.0016828305895117677 0.0 0.01662703220766558 0.0018298606848178899 0.0036994014272627895 0.0005986860355561831 8.469411667913925e-05 7.380815088123607e-06 0.00024387610416194198 3.700361397556844e-05 3.4070036008665075e-05 0.0009570185875532247 0.0 1.8764505837933537e-05 0.0001593922366582844 5.904680231146874e-06 0.0 2.1477158375715836e-05 7.627609019468752e-06 0.0 0.0 2.7089839818719596e-05 2.0553135008486407e-05 3.090031510367407e-05 0.017783649224433318 0.00013700814169256774 0.0 9.942016667188432e-05 0.0030769868699830217 8.22716858148536e-05 0.0004172402753235148 0.002957699390478452 0.0008257308183929827 0.0007469384741943608 0.002185312156938428 0.0012672080662308226 0.0025919564177578932 0.0014768931502526852 0.0012942833420360115 0.0028946673054257325 0.0056924358737551 0.0011878985648298257 0.0036314397253511747 0.005192795574439685 2.987329206138651e-05 1.2387761928415297e-05 0.0 0.0 0.0 0.0 0.0 2.138276173184042e-05 0.0 0.0 0.0 0.0 0.0 0.0 0.0 0.0 0.0 0.0 0.0 0.0008057747204634863 0.0002904593662059486 0.0 8.094519112143861e-05 0.0 0.0014477569781215726 0.0004821529972134308 0.0009890771950161051 0.0004929102665110919 5.403882307001234e-05 0.0 0.0 0.0 0.0 0.0 2.534380479771492e-05 0.0 2.527560270210428e-05 9.518258463938576e-05 0.0 0.0 4.141737407397372e-05 4.725093276425895e-05 0.0 2.774883687227683e-05 9.812591825934309e-06 0.0 1.8604596393552104e-05 0.00010019763304550061 3.586562347886683e-05 0.0 1.604763715529506e-05 0.0014528737332454192 7.657968957933436e-05 0.0 0.0 0.0 0.0 0.0 0.0 0.0 0.0 0.0004962704104662524 0.0006055909356932624 6.699086497548693e-05 1.8343875103857627e-05 0.0 0.0015429554477989066 5.7487165519781136e-05 0.0007400177952064942 0.00016074211264187417 8.107089426642343e-05 6.745399910885012e-05 0.0 5.281589032904564e-05 0.0 1.8450284462689916e-05 0.0 3.3024514414470616e-05 1.2799562755656081e-05 1.0781494939490722e-05 0.0 0.0 0.0014399580251248404 0.00032587092309299144 0.00040578376029598795
0.0018621792281597012 0.02157402767090151 0.15841326310989257 0.00023202587474062817 0.010361904964023666 0.0005048222781487302 0.0024934164556429514 0.0 0.05410160369451205 0.0007107871384879548 0.19479607321667253 0.0006168020928889347 0.010109555451861053 0.23605255738278427 0.006947648243041913 0.0039015901818733687 0.0005376024563734594 0.0005768742655313819 0.00011129657941462653 0.0014402407107843985 0.011686150306501157 8.372486366251477e-05 0.006358416186089693 0.0014867956755872376 0.003630030973498536 0.0010449839695337434 0.0014973567049301152 0.0003299954452694403 0.0001244644361997322 0.0001743053238744522 0.06157900318608841 0.22527542924340643 0.013730394315989346 0.000827207668025211 0.004987500539437734 0.0007529752428336998 0.0045943492393253765 0.001545952834426106 0.0012752700742958676 0.0012730491702907442 0.0060973345678061956 0.003955740084666159 0.001908201887951142 0.004582779398740005 0.0002753263592980881 0.0024983927630433302 0.01460133549373349 0.0004141789027455608 0.0007279599034599213 0.0020883936980327714 0.0007875554295632513 0.00039444933430769216 0.00029597088636835615 0.0003508337470683306 0.0005031398150888874 0.000622667155485536 0.004172735942818288 0.023408271837975583 0.002618169795298472 0.003891229881348699 0.03349436217963342 0.014751500532479901 0.0010079012872882761 0.02831879448083449 0.00037619972673909124 0.00045331392085419075 0.0001194385814957896 0.001103759709703616 0.0037306167079874048 0.011174714963278798 0.0009933147513204372 0.002091303730984803 4.0077685976639644e-05 0.01930992059273772 0.007033132829110152 0.010204282065556493 0.018383059215986302 0.03983128561561055 0.046923303860791014 0.116310154545921 0.01764964263405647 0.14453519912911617 0.0010004822162873062 6.575464059578256e-06 0.00012621534086102896 0.00027782300282552645 0.00044972562793625025 1.5590231047424416e-05 2.2169765770770373e-05 1.431597763052634e-05 7.311765506699595e-05 7.171701132916797e-05 0.016679173322090284 0.002213551755785114 0.0006946282377704352 0.0034464025834171994 0.0008649866924599787 4.039825799901155e-05 0.0008285112548267196 0.0011916005107550063 3.165701416885926e-05 2.918120016523706e-05 0.00011017124483705101 9.629754374898066e-06 0.000322017584214415 0.0002564051174681978 8.013619370998484e-05 0.0007072960489229916 7.961060187897333e-05 0.00028560187101192406 0.0008250758859219905 0.0012330266880720788 0.00016084369118655697 0.0005787933425886566 0.0016933192342946874 6.604931324213022e-05 4.226495110539004e-05 0.0 0.0 0.0 0.0 0.0 0.0 0.0 0.0 3.548366872843262e-05 0.0 8.118876716079825e-05 1.2180264263423398e-05 0.0 6.907320923679887e-06 5.185208373143374e-05 6.05947833080403e-05 0.0 0.0004920397334059297 0.000245563555211644 0.0 0.00010924522543186521 1.2953359655398041e-05 0.0005569181825710003 0.0007329182582133136 0.0012392645756621903 0.0009709058791945519 0.0002758212461993078 7.697627523653282e-06 8.007955525587475e-06 0.0 0.0 0.00012518647334307654 0.0001233422526209086 1.8151586527705005e-05 2.7471033015417445e-05 9.072769455801385e-05 0.0 0.0 0.00011266362918342704 0.0006087608030149116 7.545693670634788e-05 0.0 2.101669950391184e-05 0.0 2.406156068000324e-05 8.703932842703899e-05 0.0 6.494700818052204e-05 4.561475982206695e-05 0.001584839092503665 2.6357471179170566e-05 0.0 0.0 0.0 0.0 0.0 0.0 0.0 0.0 0.0001427259591840411 0.00038695447561197863 3.163026903782562e-05 4.0192105683249245e-05 7.887598787214266e-05 0.0009154391321098091 4.258645448739898e-05 0.0003860204416489518 4.912555809834474e-05 5.322806678752125e-05 8.892714295498028e-05 0.0 4.828690125623966e-05 0.0 0.0 0.0 0.0 2.49777542644076e-05 5.5030206987906646e-05 6.440303240489197e-06 3.1411685807450246e-05 0.00023850975447885125 0.00034164784005741587 0.0004205787613078891
0.0016762479786352456 0.19639551656810872 0.11379326345971756 0.0005724401619376199 0.32085857583845606 0.0010989141416199205 0.15088931989017326 0.05410160369451205 0.0 0.008645689436548087 0.191743322642787 0.0048516586410434735 0.12711451528089146 0.21006958890327945 0.0010564696794815656 0.0004527621756399813 1.7770226799600443e-05 0.0 0.0 0.0 0.0 3.2391612271005043e-05 0.0 0.0 2.0818669336506084e-05 0.0 1.0118043170803646e-05 0.0 1.298878827660864e-05 0.0 0.0028747041121356255 0.00143243163445572 0.0016469313949853308 5.398611868649364e-06 0.0 1.0845789160461576e-05 0.0019829068675273325 5.419303489491656e-05 0.00011123526498315239 5.5587263431306935e-05 4.203365862841563e-05 1.5480074264156017e-05 0.0 3.381327966336212e-05 6.532460130501166e-06 0.0 0.002221624798894779 6.083858669083719e-06 0.0 0.0 1.6598234893266634e-05 0.0 9.898751246379997e-06 0.0 6.1028144339033495e-05 5.523651414045441e-05 0.0002447168038204886 0.0008687667257102266 0.0005341479489871479 0.0005297400062611415 1.2235499830767318e-05 2.9649531388287512e-05 0.0 0.00048603829842747685 3.230054531969438e-05 0.0 0.0 2.017855722514214e-05 0.0 0.0 0.00034093939720960745 0.0001884512986668812 0.0 0.001955894365642351 0.0003279135945211456 0.0010274713041371736 0.000351341416190586 7.485428433801477e-05 9.455913362103655e-06 0.0012934904158408767 0.0 8.008637555899278e-06 0.00019731405335418948 0.0 0.0 1.3367352990232399e-05 2.4563700585327553e-05 0.0 5.649891388924474e-06 0.0 1.326678532861122e-05 0.0 2.814196934171004e-05 1.477433755170684e-05 7.444377693588519e-06 0.006500252918082595 0.0002741612966887425 0.0 0.00021239262554236985 0.0005262211129680285 7.650510596279529e-05 0.00014714165825065106 0.00022426284574926327 0.00033391237294943334 0.0003313961914521506 0.00048246554438669497 0.0004103503667553193 0.001203742080791179 0.00034714191979724794 0.0009178734072865059 0.0019224583273292708 0.0030398695398492588 0.00047064357571932993 0.0014832868256348616 0.0035901660463631005 3.091789258721064e-05 1.4242417527239847e-05 0.0 0.0 0.0 0.0 0.0 7.520935829980871e-06 0.0 0.0 0.0 0.0 0.0 0.0 0.0 0.0 0.0 0.0 0.0 0.0003441165961232161 0.00021548409633316486 0.0 0.0 0.0 0.0009034098996698773 9.854793971777907e-05 0.0004198526137390648 9.614177841058843e-05 1.706469684805512e-05 0.0 0.0 0.0 0.0 1.6250437324819792e-05 3.0811600642375796e-05 0.0 6.206263463088712e-06 5.2708668895713155e-05 0.0 0.0 1.5313728100233842e-05 2.5585747800161986e-05 0.0 0.0 1.5095617800342162e-05 0.0 3.0243105456030005e-05 3.179591446004198e-05 1.0481187356835773e-05 6.369669131441615e-06 8.548268545839354e-06 0.0009449097465518912 0.0001886750251916861 6.09291077372275e-06 0.0 0.0 0.0 0.0 0.0 0.0 0.0 0.0005315512523614238 0.0005271958287761353 6.328944530826319e-05 2.2832704847261467e-05 0.0 0.00122452741297254 0.0 0.00037107399201725743 5.6098433923167165e-06 1.0820888972877695e-05 1.2210062158390389e-05 0.0 3.8042098214474306e-05 0.0 6.012292732614249e-06 0.0 3.045907517244651e-05 1.9661562811895118e-05 0.0 0.0 0.0 0.0009411328156507701 0.0002553619722210431 0.00016929550343182482
0.08364313649838043 0.129376727774745 0.00834434485533892 0.21887550761619567 0.02234942469485182 0.028496136198979248 0.09082863637641206 0.0007107871384879548 0.008645689436548087 0.0 0.0015809582782819037 0.220856451101827 0.3305496473972743 0.03232093577924666 0.0006700258167619055 0.00016122102235153034 3.286449129837055e-05 0.0 0.0 6.726022484801276e-06 9.799352579099838e-06 0.0001146487743018251 0.0 0.0 9.049930562160554e-05 0.0 5.639964526615298e-06 0.0 5.892870067030208e-06 0.0 0.0060630374549976275 0.000849569216696711 0.003149409081475415 0.0 0.0 0.0 0.006141694523302087 5.554912820695224e-05 0.00036279771744043615 5.0797709308946493e-05 1.5052887057617675e-05 1.1918953097032635e-05 0.0 8.744244202182401e-06 0.0 0.0 0.003150144583337892 4.0557490558714525e-05 7.160018767621241e-06 0.0 0.0 0.00014736268846357858 0.0001260858650312262 7.485013695753162e-05 0.00044013980370443285 0.0004417862884958659 0.004798778618814801 0.005429182063774086 0.002225025031543828 0.0015531912604836331 7.484313889617046e-06 0.00012534893782831054 0.0 0.0012415043225088703 0.00010161635713557933 1.1546066355922372e-05 2.03009208540803e-05 0.0 0.0 1.5041113380719334e-05 0.015503511933632124 0.005377285597083836 6.798124689823182e-05 0.009976400925040128 0.0008227343088623775 0.001275868779495634 0.00019382038535913134 4.8292323818224863e-05 0.0 0.00011585920221817235 0.0 1.1547496374209876e-05 0.000491266756831307 2.059613753420894e-05 0.0 9.236363173664128e-05 8.47943213397165e-06 7.245058311135207e-06 3.184495047476427e-05 2.959453906906577e-05 6.422345915654144e-06 2.6340110747804555e-05 5.822286946531313e-06 0.0 0.0 0.047283312854989094 0.006725786253451855 0.000454078846851539 0.001480535279593482 0.0425285690348885 0.00015363829541731279 0.002300257434796505 0.004380520054459939 0.0038326087646543988 0.003043568687953249 0.006211831307821595 0.006525169338736354 0.007767626497352521 0.004379859428111748 0.004285516388170113 0.007304849448490485 0.0210993680345367 0.00827737372948076 0.010913182075289097 0.014136215594033686 0.00010384722402244554 8.739320111733723e-05 7.694534998007648e-06 1.61190847421974e-05 0.0 0.0 0.0 6.533068157249647e-05 0.0 0.0 2.3603764907352258e-05 0.0 1.2698428606581136e-05 0.0 0.0 0.0 1.582086909339319e-05 0.0 0.0 0.0017375274703233577 0.0013147916969363442 0.0 0.00014516884768318693 0.0 0.0035370234546267883 0.0012202610593650364 0.00254328500998486 0.0009827833257418138 0.0001231262482884132 0.0 0.0 0.0 3.318763894412846e-05 4.117004312562037e-05 3.817783487671414e-05 0.0 8.337202945458421e-05 0.0002010916718990405 0.0 0.0 7.429582875012707e-05 0.00022733263798673865 1.1181905673410445e-05 5.139858830491198e-05 0.0 0.0 0.00014913868463646308 0.0001327513061034138 0.00012789855752226565 1.7705469939412597e-05 1.0430315754360726e-05 0.0031673279356843765 0.00043751058574034306 1.5641553594495194e-05 0.0 6.665533225803133e-06 0.0 0.0 8.874518540724751e-06 0.0 0.0 0.0017042249597924537 0.0011053673421565192 0.00010283472289305204 7.723651049776779e-05 3.521119200544897e-05 0.00492793136038053 0.0 0.0022241687958148323 0.00023921920025737886 0.00013474754427175297 0.00021923849918367808 0.0 5.966615600231376e-05 0.0 0.0 1.569506490688074e-05 3.233578495582544e-05 1.1977124014312471e-05 2.177014185096893e-05 0.0 0.0 0.005036915692377876 0.0011756128370685377 0.0008864283384809956
0.007414576882918554 0.09818461622232923 0.16806781437893056 0.0004652743561761823 0.06562118217253357 0.0007196733853304476 0.02623037368683205 0.19479607321667253 0.191743322642787 0.0015809582782819037 0.0 0.001212290436345 0.06126404561572517 0.22900500172556365 0.0032718539449951194 0.0016890909555672925 0.00015051575061447912 7.465446161906248e-05 0.0 2.474294123864949e-05 0.00030806565920810016 8.658799463431068e-05 0.00011225640188866805 7.714552494102112e-05 0.0004923036215990611 0.00015127458324636672 0.0001239106472335116 8.811903948037546e-05 0.00012962908453991172 1.5792179380736668e-05 0.038775459115973396 0.008520492932962248 0.03167729425597946 9.770429441802992e-06 0.0001166843152855054 0.00012497902526327874 0.007898729109784442 0.0009318413866688846 0.0008289127573704798 0.0009468289784459519 0.0005637447671040046 0.0005714573595328053 2.5592192004260342e-05 7.027913519174644e-05 6.433748639166159e-06 3.827298137970466e-05 0.005213513124128447 2.9182098779934573e-05 8.402546407848599e-05 5.8959003772907445e-05 8.61826782406654e-05 7.48823991430902e-05 9.075802946998909e-05 6.003471900805229e-05 0.0002866087573197588 0.00023948909761469764 0.001504705778477219 0.005804480353669662 0.0010169303128261455 0.0012240899284180911 1.9875236640266117e-05 0.0015716331468049046 1.5732076044240056e-05 0.001509793940252088 4.7135584036936565e-05 2.7908182168128738e-05 2.623749699524797e-05 7.332198629633587e-05 0.00011972214050966273 0.00017946890660074254 0.0009210326652477493 0.0004026429297833543 1.1635797313700446e-05 0.004929104883814464 0.0010709343757394985 0.0032738999470514076 0.00089137863751148 0.00034535119869284433 0.0027752841428689487 0.04961473311311709 0.0 0.003736740348015731 0.0002870594282613542 0.0 1.0739095388440278e-05 1.9429928851979957e-05 5.961656425918926e-06 0.0 0.0 0.0 1.1308851254957737e-05 6.072178549155448e-06 0.00040346678310608535 0.00020520130916155144 0.00011879507233084241 0.005175332239762293 0.0008779792969253959 0.00010558873135388372 0.00037685999757079594 0.002214482613021222 5.3306521323696906e-05 7.575725130577558e-06 0.00014602424327059187 2.267912453190522e-05 0.00016203171922534544 0.00018620351761539618 0.00011821791283349854 0.00043386101815264064 6.482590616732526e-05 8.18369031857002e-05 0.0009562359077174514 0.0013720859615496035 0.00014113517213138412 0.0005373827743164705 0.0014110407538500173 3.6673680642771426e-05 1.2289945777283849e-05 0.0 0.0 0.0 0.0 0.0 0.0 0.0 0.0 5.377495545941444e-05 0.0 7.303576324773998e-06 0.0 0.0 0.0 6.883044293301516e-06 0.0 8.874787049228846e-06 0.00017665877658806046 0.00014533398088099217 0.0 0.0 0.0 0.0005328866232723739 0.00017675047177442512 0.00045491613822966587 0.0003302587707173967 3.5810061865482224e-05 0.0 8.026404024515386e-06 7.528476521768435e-06 0.0 7.229532999737099e-06 2.6067101217876355e-05 0.0 0.0 2.7280761995324362e-05 0.0 0.0 1.441528086969703e-05 0.0001275554724184012 9.08021850853677e-06 9.867675363201865e-06 0.0 0.0 3.333236970568588e-05 2.2333157405577773e-05 0.0 1.777728099514365e-05 1.667102408711976e-05 0.0004246575280447712 2.0808561441459826e-05 4.949804114112916e-06 7.569650008726128e-06 0.0 0.0 0.0 0.0 0.0 1.3950755076404134e-05 0.00016289009647338652 0.00039520445974464076 3.6858795738244006e-05 5.783168438421191e-06 2.254425701391733e-05 0.0005379233123412355 4.3807041755126045e-05 0.0003124961327914234 6.576858900445014e-05 1.347008602792582e-05 6.605486959058266e-06 6.196324906158276e-06 1.9462832370568387e-05 0.0 0.0 8.021239679767578e-06 1.789398442739263e-05 6.882522713193386e-06 2.1054993307330806e-05 0.0 1.2856077714565689e-05 0.0003121004335865163 0.0003629674269774323 0.00022690315582772454
0.035069286008553274 0.06014554874707418 0.003321938597226493 0.12165320696048057 0.005288394859952619 0.007350950705960262 0.034979339370617604 0.0006168020928889347 0.0048516586410434735 0.220856451101827 0.001212290436345 0.0 0.24303529581685995 0.01638009999490861 0.00030807255248565483 8.691184769962288e-05 5.776106758320379e-05 0.0 0.0 0.0 0.0 1.4791576826796612e-05 0.0 0.0 1.534704514062998e-05 0.0 0.0 0.0 6.416510767430939e-06 0.0 0.0021073350143817294 0.00016950535873246246 0.0018532404415939575 0.0 0.0 0.0 0.005483774100902738 7.947813362948286e-06 6.60679198523376e-05 3.181424694832701e-05 8.597255910937214e-06 1.620019957081696e-05 0.0 8.07020833347142e-06 1.4518591621680634e-05 0.0 0.0016966217368650188 0.0 1.3541819431371715e-05 7.467783308575545e-06 5.484442904130113e-06 1.3171672506129924e-05 9.028585352325364e-06 8.297765080630973e-06 0.00016490531547981327 0.00018011111532380573 0.0014253670007613628 0.0026110820043828836 0.0010740692214127564 0.0006511934984931416 0.0 2.8412025278093158e-05 0.0 0.00035827678923617135 6.373652740448667e-05 0.0 6.845498010073405e-06 0.0 1.3953566463354707e-05 0.0 0.002693906615633124 0.00016513058803354854 0.0 0.005270712645001472 0.000273102934400406 0.0004753778807085858 4.056287148784804e-05 2.040179818927241e-05 0.0 6.60067700811307e-05 7.372243866310726e-06 8.36565843824038e-06 0.00019850792075126479 0.0 0.0 3.842648263942121e-05 0.0 0.0 0.0 0.0 0.0 0.0 5.68030348539997e-06 0.0 0.0 0.11735550201001159 0.00012736659913944095 0.0 7.438664917882161e-05 0.00619321637244728 3.190193228295453e-05 0.0005949809727805448 0.0007861658554861216 0.0016771165250581482 0.0005389173284844826 0.0010491100821786836 0.0028890120307687507 0.0023126832309077476 0.000757881657096234 0.0014346276050605353 0.0017508463023299878 0.0069264870073749395 0.0011604319486389655 0.004097905932771728 0.00539182623119545 3.1205112953107476e-05 0.0 0.0 0.0 0.0 0.0 0.0 0.0 0.0 0.0 0.0 0.0 0.0 0.0 0.0 0.0 0.0 0.0 0.0 0.00027385031659472685 0.0001279319367780469 0.0 0.0 7.809727952974868e-06 0.0011348697800019696 0.00011813326342254975 0.00034194827861982894 0.0001225226617537339 2.0317203976935974e-05 0.0 0.0 0.0 0.0 6.950351984278295e-06 0.0 0.0 7.259418370471108e-06 1.0196844335553407e-05 0.0 0.0 1.410791768814433e-05 4.164303067907117e-05 0.0 0.0 0.0 0.0 3.558659402569954e-05 1.599561620544272e-05 8.851522237481775e-05 0.0 7.074804272573249e-06 0.0004242390790592373 1.842123642683803e-05 0.0 6.136843723512626e-06 0.0 0.0 0.0 0.0 0.0 0.0 0.0008870560809575618 0.00046456378958515337 3.7800929395954555e-05 3.006593147617689e-05 0.0 0.0008468196910180998 0.0 0.00031088389125439025 2.2649652682978915e-05 0.0 1.8795415189704945e-05 0.0 1.2738800778090182e-05 0.0 0.0 1.0122957718441376e-05 0.0 3.530091501088459e-05 0.0 0.0 0.0 0.002393952531908381 0.0004231813262945609 0.00017547088420687853
