0.0 0.13863129118430073 0.0287625849472219 0.0498678234485467 0.01864764614858142 0.004198232927883355 0.05458940378712573 0.012537930367228146 0.0004136536361586269 0.048273886817931703 0.027511358742552658 0.0024105522728258867 0.011428681958912253 0.025986063833862927 0.00013066876377364575 0.0 2.203527499007702e-05 7.93023662693204e-06 0.0 7.756673226465052e-06 2.332012288241062e-05 6.918567384668147e-05 0.0 0.0 7.250229213124509e-05 8.001411670602995e-06 0.0 0.0 1.1458285306345256e-05 0.0 0.01912060393082353 0.000635537816984697 0.002334418326221877 0.0 0.0 0.0 0.0001951565069402463 2.3651574840820646e-05 4.691846430887111e-05 2.3912573258174634e-05 4.496392165367711e-05 5.441728360080718e-05 4.486961848689817e-05 1.1812162517458739e-05 6.025989443307479e-06 0.0 0.0007662253988944017 0.00024256077283478736 3.817487936986982e-05 3.2778465179733604e-05 2.3394128832770078e-05 1.587376396631875e-05 8.168434768794812e-06 0.00010751494764040208 0.0005547201564735604 0.000992482331550592 0.018718275761250593 0.01889499872474008 0.0034788910396675726 0.0011564090493381904 0.0 4.8358106226503796e-05 0.0 0.00029222812008488887 0.0004966201050933123 0.00040878142929692433 5.5463121859051225e-05 5.3374267924221465e-05 0.00011898585607106827 0.00011476842987888784 0.00018865034521738525 0.0001514908991134211 7.58253230676213e-05 0.006450405442596682 0.0007352591116146095 0.0004255475841689259 7.005717011592244e-05 2.3787074221190975e-05 2.38698797284423e-05 0.006937275955401392 2.2141807229748696e-05 0.0003006565772603575 0.0018119140396962031 1.308576369045991e-05 0.00029462121660808635 0.0006548426751397549 0.00013050144929939786 7.281111229691742e-05 0.00011970513074933327 0.00010010810367823686 4.448206375372868e-05 1.6610186224588188e-05 0.0001057684435249076 3.8059057585816164e-05 8.835855371270215e-05 0.003365258603762962 0.00011279057000347195 6.165809752195107e-05 7.305581228734454e-05 0.06321396105739367 1.053468980899756e-05 6.812223052820358e-05 0.00014139579468330836 0.00019557720242924074 1.0577041219632827e-05 0.00045380898946338665 1.2502281354341238e-05 0.00014209909481796326 0.0008093034134059228 0.0002029213157033395 7.832685509095974e-06 0.00030711145085090863 0.0003827305985998689 0.0005515019816707814 7.542851486520053e-05 0.0 0.0 0.0 0.0 0.0 0.0 0.0 0.0 0.0 0.0 0.0 0.0 6.187381649662931e-06 0.0 0.0 0.0 0.0 1.4512616776028297e-05 0.0 0.0 0.0 0.0 7.532232791606598e-06 0.0 0.00016399724228962628 3.742599295571279e-05 4.3678085064903076e-05 5.850548946751701e-06 0.0 0.0 0.0 0.0 0.0 0.0 0.0 0.0 0.0 5.193120917634814e-06 0.0 0.0 0.0 0.0 1.0830322730447326e-05 0.0 1.9991266010634044e-05 0.0 5.494010104563208e-06 0.0 0.0 0.0 0.0 0.00014453400122840478 0.0 0.0 0.0 0.0 0.0 0.0 0.0 0.0 0.0 0.00018569742569738806 0.0 0.0 0.0 0.0 3.467730267946636e-05 0.0 9.785197649788014e-06 0.0 0.0 1.4151675975028831e-05 0.0 0.0 0.0 0.0 0.0 0.0 6.3327858337879595e-06 0.0 0.0 1.3184682888254244e-05 4.685079132789253e-05 8.197095984456147e-05 0.00019890872291424233
0.13863129118430073 0.0 0.07682147590021754 0.02858710432441712 0.137800870280531 0.002517422557879866 0.17303428882522218 0.0359022213975155 0.03972681765596487 0.012553458733224797 0.09789740896412479 0.0005441840593380338 0.10834035369505386 0.1941818047288533 0.00030966837009284177 4.687404075858302e-05 3.63478254338706e-05 4.219651750246392e-06 0.0 1.4367931319508119e-05 6.608998481639369e-05 7.86023668109137e-05 0.0 1.0533533026233654e-05 6.69308620210919e-05 6.125497339663985e-06 6.2334583130851814e-06 0.0 1.6580880136232528e-05 0.0 0.055696837622707995 0.0013682917506091827 0.0020563857613639033 0.0 0.0 3.167627043152484e-05 0.00027580672017308227 7.643226375304477e-05 8.599984987129542e-05 2.036772308215418e-05 7.857865950356371e-06 8.509121960675704e-06 5.695188621185909e-05 7.12363000358212e-06 1.2130289670433391e-05 0.0 0.0019002371307625227 0.0006906902867750081 0.00013890529054993777 6.291817091735271e-05 3.732963509220139e-05 2.608389811332881e-05 1.2421970184701469e-05 3.215437413929568e-05 0.0008697870909929027 0.001673158920797669 0.012765433772559018 0.027587531633647813 0.004023337842904286 0.002826620649000438 2.1363805806499948e-05 9.326575622623796e-05 5.191723501855934e-06 0.0010715579565052863 0.0010400330763510098 0.0008058148043587351 0.0002099550516346938 4.912275073348649e-05 0.00017567487073378467 0.0001626585449306998 0.00015505473670111397 1.631533387382456e-05 0.0 0.012119908764546028 0.002046255912222153 0.0020582667071845063 0.00010810284144965193 4.719001053945308e-05 5.503222860452606e-05 0.008822534807635923 6.308811887614492e-05 0.0005283391990836122 0.003162370174307382 2.7836079106540656e-05 0.000610388765845208 0.001259760563364238 0.00029226365289938323 2.3706260774730826e-05 0.00016152613904442666 1.6058015119806622e-05 5.3703489963835384e-05 1.1806188317235275e-05 0.0001267707055603656 2.13273390029063e-05 3.7688129920050306e-05 0.0006584657762386625 6.12303233787304e-06 0.0 1.3942223765920133e-05 0.0519540121039561 0.0 7.749005477246584e-06 4.273848251668456e-05 0.00011209566387781052 5.158785956053223e-05 0.000403788605037359 0.0 0.00020788439819797018 0.0004329188778736764 0.00027276087151271457 3.335861472877339e-05 0.0003271118969912424 0.0004915569664396238 0.0005373364560169861 5.270281023711461e-05 0.0 0.0 6.9275065642088875e-06 0.0 0.0 1.2221988688488506e-05 0.0 1.5145773377893569e-05 0.0 0.0 0.0 0.0 6.842383527129676e-06 0.0 0.0 0.0 8.653615941501923e-06 1.067421652182112e-05 0.0 0.0 2.2364939049150096e-05 0.0 0.0 0.0 0.0002199916715385579 0.0 8.453159006780134e-05 2.03379321598985e-05 1.7371259690057087e-05 0.0 0.0 0.0 0.0 0.0 0.0 0.0 0.0 0.0 0.0 0.0 0.0 1.7663555860127892e-05 0.0 6.1880547878168384e-06 0.0 5.646368067461952e-06 0.0 0.0 1.6971201157999184e-05 0.0 0.0 0.00017470576745007646 0.0 0.0 4.238822312582585e-06 0.0 0.0 0.0 0.0 0.0 0.0 0.0004820001037530947 9.066801460421115e-06 0.0 0.0 0.0 3.085615109491566e-05 0.0 1.2965395647072295e-05 0.0 7.1298032116697005e-06 5.6754220263323986e-06 0.0 0.0 0.0 0.0 5.703168955465837e-06 0.0 7.872528310639397e-06 0.0 6.948839255809766e-06 0.0 0.00016501091738844567 0.0001637293293400694 0.00016564536357712757
0.0287625849472219 0.07682147590021754 0.0 0.001836624560753489 0.05592834875266748 0.0005324536113524434 0.0022205401421658976 0.24067237427393443 0.005458167452663789 0.0027787453600345026 0.16594776788109353 8.387224331744476e-05 0.0028470913166306895 0.04670726354293234 0.00033077920756823366 3.565837973514201e-05 5.3091713625171966e-05 3.423777835080283e-05 0.0 2.809710210255515e-05 0.0003979706362944006 6.209416735952325e-05 1.3434327946603595e-05 1.2281642683261359e-05 0.00023429930030379975 0.0001022664426756127 2.109459573795626e-05 0.0 0.0 0.0 0.33966077983674725 0.08178122497387777 0.00369641350527495 8.377515919415836e-06 2.30477080736807e-05 1.7110773856703697e-05 0.00041040632811097566 5.3761895996942455e-05 5.734076462482592e-05 7.862422516870543e-05 0.00016107834716794225 7.660098436453165e-05 0.0004201893973280497 0.00015989068052424708 0.0 2.6674891212382703e-05 0.0016377099488714747 0.0003292717808763601 0.00013854481198632786 0.00011886094375049671 9.782078300625545e-05 2.0124276999842947e-05 6.264500209874717e-05 9.45467698475323e-05 0.0004872316470635536 0.0009824234001694367 0.007734762306018522 0.051696195713331033 0.0029587957215333346 0.002054761888510714 0.0001287601982779419 0.0006749833801991377 7.121531858120757e-05 0.004001434516470996 0.0005913931417287507 0.0004593829262004817 0.00016874949022370968 0.00016126732535284784 0.0005975383396576722 0.0012073572056517019 1.7883674415037022e-05 2.4085086119119906e-05 0.0 0.009582050944596375 0.0017800361176088415 0.0014101201761097292 0.0003299827352816132 0.00016017370697143633 0.00136842422047143 0.03682917115378061 0.00031022262602303644 0.005068822669524556 0.0018624345713206074 1.0273126082451897e-05 0.00025446023915080037 0.0007538427783523128 0.0002563566120451722 0.0 9.163358252510626e-05 1.1664448732105985e-05 5.8601598372983267e-05 5.0366342551297466e-05 0.0009550117069188367 0.00021932444772393856 0.00015039775724087943 0.00016940887265276696 0.0 0.0 5.950211847241404e-06 0.018291686018486755 0.0 0.0 8.08022750625186e-06 1.7640753206056635e-05 0.0 1.5238373084927298e-05 0.0 1.5412198129199696e-05 0.0 3.9537267386085927e-05 8.139741957661828e-06 0.00013190625374077058 0.00015852293317075022 0.00010391020125087377 6.518372480687428e-05 0.0 0.0 0.0 0.0 0.0 0.0 0.0 1.1997550632210108e-05 0.0 0.0 7.75808134585415e-06 0.0 3.7853576019669535e-05 0.0 0.0 1.1044700978837824e-05 6.487891453073483e-06 0.0 0.0 0.0 0.0 0.0 0.0 0.0 0.00015700277948989364 1.596582452854134e-05 5.653083512514733e-05 6.0829305089622636e-05 3.344595024172833e-05 0.0 0.0 0.0 0.0 0.0 0.0 0.0 0.0 6.022931382224283e-06 0.0 0.0 0.0 7.342800297911653e-06 0.0 0.0 0.0 0.0 0.0 0.0 2.375427162016305e-05 0.0 0.0 7.206390793528513e-05 0.0 0.0 0.0 0.0 0.0 0.0 0.0 0.0 0.0 0.00010097669371908778 0.0 0.0 0.0 2.463579320788122e-05 2.3636192563642747e-05 1.6863981905123315e-05 6.021987006658766e-05 0.0 0.0 0.0 0.0 0.0 0.0 0.0 0.0 0.0 6.926260188263131e-06 1.2640898656726005e-05 1.3693867501527426e-05 1.512115903868487e-05 4.10476118028198e-05 0.00017670103020642203 0.00018512106601922658
0.0498678234485467 0.02858710432441712 0.001836624560753489 0.0 0.008046968099321927 0.0099538072394654 0.09963113956164621 0.00028849284871873304 0.0006452514800287966 0.13406638736648632 0.0027733717421555577 0.022787833502892683 0.12500305356061503 0.005552450980696549 1.65534289438852e-05 0.0 3.7330843410866365e-05 0.0 0.0 0.0 1.6090367772775243e-05 0.0 0.0 0.0 0.0 0.0 0.0 0.0 0.0 0.0 0.001814544913352595 5.369633043788744e-05 9.337845533111705e-05 0.0 0.0 0.0 9.592830226170405e-05 0.0 0.0 0.0 0.0 0.0 0.0 6.177889133116748e-06 0.0 0.0 0.00031749022830555396 9.392015671938224e-05 2.4901879011530347e-05 1.3254863685464651e-05 0.0 2.7260125769137587e-05 0.0 0.0 0.00030539026592717736 0.0004973375197219789 0.005236922223849873 0.0035972671530859193 0.0012093344062640145 0.0005727784115284651 0.0 0.0 0.0 6.679280883860875e-05 0.00030635375457267944 0.00013454978263231364 3.309065856834562e-05 2.0335234850122755e-05 0.0 4.216021402803365e-05 0.0003297346886290569 2.383466128294444e-05 0.0 0.002678092430703106 0.0002300589981179966 0.00017387579999920375 0.0 0.0 0.0 0.00013956224008803477 1.5937048467106634e-05 4.89517998067735e-06 0.0008683718521172844 0.0 6.941946566900315e-05 0.00037990904092024657 7.90334079338319e-05 0.0 2.49808006939914e-05 0.0 6.445373145404767e-06 0.0 0.0 0.0 0.0 0.001147481425732186 1.0096217605575775e-05 0.0 0.0 0.05698879474313938 2.3058018028903767e-05 0.00018516953038058822 0.001052796791006424 0.001466019351552722 0.0 0.0034835805196491688 0.00044190800204543215 0.00021825606647327866 0.0026765437253401993 0.0004379717525580228 9.429301975644812e-05 0.001226491529527986 0.0013289562331935763 0.0007990529270448088 3.1037347358760395e-05 0.0 5.626824860918054e-06 0.0 0.0 0.0 0.0 0.0 0.0 0.0 0.0 0.0 0.0 0.0 0.0 0.0 5.5338001016295356e-05 0.0 0.0 0.0 0.0 1.3566805341021469e-05 0.0 0.0 0.0 0.0002252916747435616 1.697330620134269e-05 9.98489577783112e-05 0.0 0.0 0.0 0.0 0.0 0.0 0.0 0.0 0.0 2.1882432193278258e-05 9.0299057195586e-06 0.0 0.0 0.0 0.0 0.0 0.0 0.0 0.0 7.580568947503549e-05 1.3081563514523105e-05 1.2156762869950506e-05 0.0 0.0 0.00010217029809144568 2.4676117275454588e-05 0.0 0.0 0.0 0.0 0.0 0.0 0.0 5.392713516009738e-06 0.00032719569714138424 0.0 0.0 0.0 0.0 9.00505479092101e-05 0.0 0.0 4.090921570837961e-05 2.4213140940366386e-05 8.310432033429434e-06 0.0 0.0 0.0 0.0 0.0 0.0 0.0 0.0 6.416712841532453e-06 0.0 0.00011478830529377863 5.520590498754538e-05 0.00022417170684879554
0.01864764614858142 0.137800870280531 0.05592834875266748 0.008046968099321927 0.0 0.002033592280286607 0.05473470907742444 0.05988852705586531 0.09265658911932391 0.022537096832097765 0.07969256332980207 0.0006274613777636032 0.028084605407296053 0.12744719284339026 0.0003779672978007271 0.0 1.2192272295074366e-05 5.622146986821378e-06 5.7075344427160564e-06 0.0 2.011892955546243e-05 0.0 6.726923287243489e-06 0.0 0.0 0.0 6.032818346628611e-06 6.261927934123557e-06 0.0 0.0 0.011026541333240452 0.0006137595880047918 0.0007209244938944098 6.302507699052206e-06 0.0 0.0 0.0007298204486892101 0.0 1.0150618902740073e-05 0.0 0.0 1.203646459824433e-05 2.9476095382524426e-05 3.4460732173130554e-05 0.0 1.1854620171336205e-05 0.001945213451557566 0.00047291095672240177 8.99232609728895e-05 5.107045378174914e-05 5.854416517911631e-06 0.0 0.0 0.0 0.0005216730045128937 0.0007409034404461095 0.0029032424871691213 0.009004830431357875 0.0019798140097481765 0.002512308117218817 1.559838941114766e-05 0.00011412615419754414 0.0 0.001503454152390357 0.0005464831741991886 0.00030364369996860156 0.00011581343682340474 8.168445353476035e-05 4.0893454444113874e-05 5.01692593548744e-05 0.000725025343103371 1.3332248805213954e-05 9.613790828565591e-06 0.00749242243667006 0.002518935147279736 0.0025753301896663068 0.00022338462440334912 3.608982244165852e-05 5.766446915158586e-05 0.000740085636260748 5.58958493952243e-05 0.00014159171554694737 0.0018614859801183831 8.803571934981024e-06 0.0003729243758881664 0.000600024378007 0.00020340749587966726 0.0 7.770988789776906e-05 0.0 1.2431730687933189e-05 5.3808186336139095e-06 1.5105665761104674e-05 5.419239837147951e-06 1.2397885079553708e-05 0.0005830531427560202 6.342927068399543e-05 0.0 3.0948456650883315e-05 0.004452783513433023 1.7349218578031566e-05 5.132211587598017e-05 0.0002986090214216312 0.00024283798087874634 4.909707951187595e-05 0.0008493459542268211 2.340258825271491e-05 0.0003006445800990195 0.000294054104056296 0.0006456480812947529 2.2874030501371348e-05 0.0010986682678064573 0.0012960456700029425 0.0017758241637364938 0.00032518734426616815 1.5254698072664688e-05 0.0 0.0 0.0 0.0 0.0 0.0 0.0 0.0 0.0 0.0 0.0 4.769787186935891e-06 0.0 0.0 0.0 0.0 0.0 0.0 0.0 8.262111179730798e-06 0.0 0.0 0.0 0.0007437167936102822 0.0 0.00023586827275444528 7.56790403945981e-05 3.933336519709193e-05 0.0 0.0 0.0 0.0 0.0 0.0 0.0 6.084904492545064e-06 6.541132003173793e-06 0.0 0.0 0.0 0.0 0.0 0.0 0.0 0.0 2.337897450284689e-05 0.0 6.785914451042641e-05 0.0 0.0 0.00027013601566384737 0.0 0.0 6.574564531484735e-06 0.0 0.0 0.0 0.0 0.0 0.0 0.0013222380702166536 0.0 0.0 0.0 0.0 0.0002501279965210671 0.0 8.876557870929401e-05 4.686694941859646e-05 0.0 1.4769761100842625e-05 1.060861052690526e-05 0.0 7.5240417547773195e-06 0.0 0.0 0.0 1.345126660799366e-05 0.0 0.0 0.0 0.00031581360726833373 0.0004369236681273523 0.0004659070390669737
0.004198232927883355 0.002517422557879866 0.0005324536113524434 0.0099538072394654 0.002033592280286607 0.0 0.010697139140370017 0.0002230665329290752 0.0006694194271553686 0.0550316284721296 0.0011006247616901518 0.01106751672461367 0.02337519264302617 0.006247241935908433 0.0 0.0 0.0 0.0 0.0 0.0 0.0 0.00010380535146015689 0.0 0.0 0.0 0.0 0.0 0.0 0.0 0.0 0.0005527869702957673 0.0 0.0015062067950737854 0.0 0.0 0.0 0.001999617772293535 0.0 0.00022555974309368176 0.0 0.0 2.8342484349026395e-05 0.0 0.0 0.0 0.0 1.9687465838155488e-05 1.588009891784967e-05 0.0 3.569729806190633e-05 5.867849865883252e-05 0.00125014422468001 3.086140537824425e-05 0.0 0.0 9.695819333000854e-05 0.009030818006097107 0.00043756726352419333 0.0009597920062402995 5.882056252370855e-05 0.0 1.5949254547058896e-05 0.0 1.0319013648760242e-05 1.51881616565196e-05 6.999186659710281e-06 4.244465097319203e-05 2.346197346794221e-05 1.5989247199145413e-05 2.2204365867191574e-05 0.007099668364974692 0.018328899372332525 0.0016400220464189684 0.00023844326524045194 1.1272124549507926e-05 5.366082537349364e-05 0.0 0.0 0.0 0.00031701216899794404 0.0 5.921641215836947e-05 3.2430366728849544e-05 0.0002888068236638019 1.547395796017607e-05 0.00017355004394715144 7.973301215152042e-05 0.0010885975041788477 0.000813491848671604 0.0024290267310249337 0.00024277869080672104 0.0015131357616897144 0.0 1.1351108075050257e-05 0.00047277375784658633 0.01806248425110416 0.006386160480699265 0.0009066260174887925 0.003861805168711174 0.017942040814657587 0.0 1.027846282322219e-05 0.0 3.322064836446208e-05 1.9978193334683875e-05 0.00024184011818366379 0.0 8.632404240339546e-05 0.0002621258222757029 0.0002458664992048759 1.575558421657636e-05 0.00016865172225865913 0.00021974797134461142 0.00021553962022817855 2.1302631106215668e-05 0.0 0.0 0.0 0.0 0.0 0.0 0.0 0.0 0.0 0.0 0.0 1.3306407911559906e-05 0.0 0.0 1.2358904513278109e-05 0.0 4.472929851762822e-05 1.8033031006343738e-05 0.0 8.595389094758562e-06 0.0 8.307848895496047e-06 0.0 0.0 0.00023029379449395905 0.0 1.4764586896375694e-05 2.2046094357860625e-05 9.039528661577474e-06 0.0 0.0 0.0 0.0 0.0 0.0 0.0 0.0 0.0 0.0 0.0 7.194671846770319e-06 6.116059847602943e-05 8.0877731550278e-06 0.0 0.0 0.0 1.2842478558732001e-05 0.0 0.0 0.0 0.0 8.373654532564033e-05 0.0 0.0 0.0 6.161288230093661e-06 0.0 0.0 7.878594482624763e-06 6.953152414298904e-06 0.0 9.099336867623513e-05 0.0 4.3699999715755975e-05 0.0 1.1160866864138592e-05 8.673864793460396e-05 0.0 0.0 0.0 0.0 2.0333878266634718e-05 0.0 0.0 7.349697387194193e-06 7.058016872926109e-06 0.0 0.0 6.232626602927995e-06 3.2549843597578745e-05 9.124845949360705e-06 0.0 1.6236372944792695e-05 4.3229866233299855e-05 1.0465480265307228e-05
0.05458940378712573 0.17303428882522218 0.0022205401421658976 0.09963113956164621 0.05473470907742444 0.010697139140370017 0.0 0.002584010632422893 0.05520029287895926 0.1538440140048899 0.013902797143338627 0.016266793820892203 0.34618763889204224 0.04008068308200707 0.0006790726706983498 1.2474011930457003e-05 5.8118382303826774e-05 1.0086911014703442e-05 0.0 1.7301391676123148e-05 5.106441496343434e-06 0.0 0.0 0.0 0.0 6.2808134632838605e-06 0.0 0.0 8.337680253612562e-06 0.0 0.00884761759708526 0.0007283131226905588 0.001054225516430921 0.0 0.0 0.0 0.0007319854730822439 9.287444888661094e-06 0.0 2.033787745255737e-05 0.0 9.584359071897336e-06 5.4752741880879964e-05 2.189268149471008e-05 1.331991705694909e-05 1.141324213595436e-05 0.0037984839608831123 0.0009320469351743099 0.00022324698905809464 0.0001331529880592565 1.1569232983448183e-05 1.5118292849725637e-05 0.0 1.3389029475287425e-05 0.0011438074622667968 0.0018174287240221238 0.006619839195989624 0.013960307672375149 0.004290284441987439 0.004577399940232156 0.0 0.00020351699698367028 2.7106231639957098e-05 0.0021643329695459294 0.0011948482373159825 0.0007856503765312319 0.00027833575413180913 6.511386115367044e-05 5.477683055389783e-05 7.777300748367353e-05 0.0011367121445015399 0.0 0.0 0.01499565822886622 0.0042172429582663104 0.00418083080136 0.00028902300051513954 8.720701571780358e-05 7.254476286731286e-05 0.0009856139549006848 8.138072273753319e-05 0.000203032435034636 0.004104002435446379 2.0548269993645493e-05 0.000832237630703998 0.0016027553580691882 0.000555073609504565 0.0 0.00019675761440378597 1.3342859650813242e-05 8.858994792633427e-05 4.185626321215198e-05 5.1180353297910405e-05 3.603979337105458e-05 6.461865783392618e-05 0.0044513566746189346 1.189038608667537e-05 0.0 4.3108333478548176e-05 0.013181812383361512 0.00019335797376475653 0.000678478571570182 0.0027158696400317174 0.0024716114442878898 0.0004315177249491092 0.004971831834544103 0.0009683779166935622 0.002035137698848316 0.004498045907239868 0.0028202009863232146 0.00020181076936414818 0.00511443144048319 0.0069788547861901985 0.0063543533990686515 0.0010227860443469002 6.885178939374117e-06 1.0063167235792733e-05 0.0 0.0 0.0 0.0 0.0 0.0 0.0 0.0 0.0 0.0 0.0 0.0 0.0 0.0 0.0 8.931933593053837e-06 0.0 3.747286287558144e-05 4.5413772191194044e-05 0.0 7.431983571134781e-06 0.0 0.0026296575994128163 4.995565969502e-05 0.0008508902726952573 0.0002521600253856625 4.8027534342711957e-05 0.0 0.0 0.0 6.95977834545584e-06 8.201676217841808e-06 0.0 0.0 1.8832186727689672e-05 2.8158382253221606e-05 0.0 0.0 0.0 2.738935243748828e-05 0.0 4.8207279672726703e-05 1.4730133164363645e-05 0.0 0.0001196699440182361 0.00018174214043384525 4.52666641508938e-05 0.0 0.0 0.0006166583670785701 4.514614704982311e-05 1.3657485930385538e-05 1.6880556247335852e-05 0.0 0.0 0.0 0.0 0.0 0.0 0.004030592734847881 4.304149220772678e-05 0.0 0.0 0.0 0.0007260497781054728 2.6974891603232728e-05 0.00042381944705214094 0.00025720662973656926 6.795067108142796e-05 1.3632986159449207e-05 1.4022769622124753e-05 1.3626954873304561e-05 4.876699206555412e-06 0.0 0.0 0.0 1.083762695334828e-05 7.920078504402103e-06 7.090480526297027e-06 0.0 0.001429719977001593 0.000994101322764661 0.0019484841842579714
0.012537930367228146 0.0359022213975155 0.24067237427393443 0.00028849284871873304 0.05988852705586531 0.0002230665329290752 0.002584010632422893 0.0 0.057733816041623996 0.00123400330217044 0.11340214504330223 0.00020237565358286245 0.004509982226085873 0.04576500374379398 0.0039422745519814935 0.00031620892172248355 0.00018215656003938 0.0004923810203440643 0.0 0.0015776805190236634 0.005931018424372362 0.000259361190755967 0.0011302955957820308 0.00010435733505354456 0.0009323973904015928 0.00045784937318534816 9.910928360468457e-05 0.00023034056609918567 5.656278421236766e-05 7.210017652387467e-06 0.14928062935642056 0.18257070517065202 0.00982949127925881 0.00036471532290073213 0.0002719926107711971 0.000216844976237696 0.0010609995340174181 0.0006423063523406104 0.00037238997317278204 0.00028326665285265465 0.0015305685342348523 0.0005485653752456213 0.007087888399313205 0.00046961185588704016 5.848339602673041e-05 0.001033414565174537 0.009266029015340887 0.0008674556988004804 0.00038138249593899803 0.0025372589406684487 0.00043873327597155097 0.00014605149407104638 0.00011820524574193559 0.0004175250586360865 0.0006675682571926812 0.0012978727738891228 0.0066339673803152265 0.03650646359259467 0.00370863894924739 0.007641478706477618 0.016029038196008226 0.00372501067568631 0.0003886977439549103 0.02245006337898757 0.0008604185297852553 0.0011003301380795028 0.000880467122350084 0.0008443317140253533 0.006327378086060318 0.014960130520390379 0.0003599031335601199 1.87030532203909e-05 1.6216166114415085e-05 0.017749027199026584 0.011003812994731391 0.01225816310394032 0.01602064904248949 0.06314763286452466 0.060654226050019765 0.1229434141863806 0.04047570936246251 0.13206863357518758 0.003585908684494907 2.3755987765668523e-05 0.0007624433575087389 0.0014347391499816527 0.00143224999807104 5.753155608058897e-06 0.0002589817446021851 6.952438840284159e-06 0.00029097281574248584 0.00011685316768094258 0.007685563625856279 0.0008544428259027669 0.0006833460327682564 0.0002590154704887021 7.0019283696469415e-06 1.1975211801248435e-05 7.135969839019145e-05 0.012344734966238313 6.836772456793712e-06 1.1854443363552552e-05 4.781451743496959e-05 2.3325318494097995e-05 5.6793228976130154e-05 0.00032554009204818833 1.2651670452908623e-05 8.364000748290524e-05 0.0001502496783434891 0.00013732950544960142 5.352785125227548e-05 0.0003434387431925049 0.0005954790419585329 0.0009163010694393845 0.00021827019722092065 7.642541819966329e-06 0.0 0.0 6.78252180303253e-06 0.0 0.0 0.0 3.1401415992524505e-05 0.0 0.0 7.877896765810344e-05 0.0 6.129456486155808e-05 2.259864643188006e-05 1.4657154364155412e-05 5.7556193412738166e-05 2.261238867811407e-05 0.00015573842782184364 0.0 0.0 6.867127895381062e-06 0.0 0.0 3.9156035315117105e-05 0.00045649256095719727 1.433119890780898e-05 0.00042449443534490073 0.00029132315243719613 0.00010272574014022486 4.9813066596083065e-05 3.544340525601919e-05 7.93418110551356e-06 0.0 0.0 0.0 3.49733700882051e-05 6.1262124993987615e-06 1.603190544660702e-05 0.0 0.0 1.0151797885584436e-05 5.371785183017217e-05 0.00014306706114040793 7.168936403498454e-06 1.377840699363458e-05 0.0 0.0 4.292834949766849e-05 0.0 1.9514871312628527e-05 5.9919218341234165e-06 0.00011354713368116763 0.0 8.12678979643415e-06 7.029362911933928e-06 7.2445514632611715e-06 0.0 0.0 6.244621782115895e-06 1.7582431216111313e-05 1.628321907886085e-05 0.0004864469915626173 2.768723708138458e-05 9.09775154402075e-06 0.0 9.679847921187778e-05 0.00010745940303909418 8.98787145292989e-06 8.474067557915245e-05 1.229455520148822e-05 0.0 5.2717972099207956e-06 0.0 0.0 6.882525236899274e-06 0.0 0.0 0.0 5.7934554934017646e-06 1.848003041924175e-05 6.104759332718399e-05 2.0439611303409875e-05 0.00016381401551127957 0.000497560342325974 0.0007105006704943637
0.0004136536361586269 0.03972681765596487 0.005458167452663789 0.0006452514800287966 0.09265658911932391 0.0006694194271553686 0.05520029287895926 0.057733816041623996 0.0 0.009146457713415868 0.06839717281450798 0.0005862867977541891 0.09246691439182962 0.03286028281036175 0.00013615461614150035 1.1928278056148468e-05 0.0 0.0 0.0 0.0 0.0 0.0 0.0 0.0 0.0 0.0 0.0 0.0 1.06061011249534e-05 0.0 0.0006990948951176135 0.00035676764414629964 0.0005415068981174552 0.0 0.0 0.0 0.00025260465414711156 0.0 0.0 0.0 0.0 0.0 0.0 0.0 4.843374507206701e-06 5.721412664442873e-06 0.0004480063811939557 4.9204362193553136e-05 9.504265145902056e-06 6.325753165442613e-06 0.0 0.0 0.0 0.0 6.629667589049532e-05 5.2210636831922994e-05 0.0001682849943724001 0.0007013771161139696 0.00016168891954867082 0.00019934173191572124 6.854977315629946e-06 0.0 0.0 0.00015836392231945403 2.4526731744757278e-05 7.2509886937342065e-06 5.470621130509835e-06 0.0 5.6139325606216156e-06 0.0 0.00031625717201164073 0.0 0.0 0.0007227796210214396 0.00033539886512534695 0.0005360975690305125 6.478374278580792e-05 2.843831059989681e-05 1.6804036930724453e-05 0.00033282609780097624 0.0 4.302641518165519e-05 7.34346931319348e-05 0.0 3.859016041781232e-05 2.885452167263853e-05 1.9089627978580137e-05 0.0 1.3516830977758664e-05 0.0 1.561011501792999e-05 0.0 8.205552510461916e-06 0.0 0.0 0.0005611413818778761 0.0 0.0 0.0 0.000332043477175272 0.0 0.00013250432628691077 0.00011965449078008671 0.00020626458994165407 6.958609194075681e-05 0.0007162221378661477 3.183048804759202e-05 0.000350510114603117 0.0003219884058331066 0.0004690432753549295 0.00012700642403252715 0.00077085548692146 0.0010419809649285163 0.0016196728191752764 0.00029751574674503683 0.0 0.0 0.0 0.0 0.0 0.0 0.0 0.0 0.0 0.0 0.0 0.0 0.0 0.0 0.0 0.0 0.0 0.0 0.0 0.0 2.3690045201675704e-05 0.0 0.0 0.0 0.0008805458014173798 0.0 0.00030852466753705516 0.0 1.3205627474877102e-05 0.0 0.0 0.0 0.0 0.0 0.0 0.0 0.0 2.9584138020527312e-05 0.0 0.0 0.0 0.0 0.0 0.0 0.0 0.0 0.0 0.0 0.0 0.0 0.0 0.0003556627223560645 0.0 0.0 0.0 0.0 0.0 0.0 0.0 0.0 0.0 0.0012395928523034072 0.0 0.0 2.1475807590994658e-05 0.0 0.00022785530594196342 0.0 0.00011076239721356626 9.438357864179967e-06 0.0 9.573027516543148e-06 6.312406556356784e-06 0.0 0.0 0.0 0.0 0.0 0.0 0.0 0.0 0.0 0.00035010617858914893 0.0003045474549368992 0.0005523295871916649
0.048273886817931703 0.012553458733224797 0.0027787453600345026 0.13406638736648632 0.022537096832097765 0.0550316284721296 0.1538440140048899 0.00123400330217044 0.009146457713415868 0.0 0.010722714406889936 0.14366490622293804 0.4724183476747241 0.04147249989990215 6.330279246489156e-05 0.0 2.0954099357332657e-05 5.8482591670243795e-06 0.0 0.0 0.0 3.849724435963205e-05 2.2525935221927358e-05 0.0 0.0 9.257240886336871e-06 0.0 0.0 1.9496787761374796e-05 0.0 0.0009454880555526737 4.377824469219305e-05 0.004724763942702928 0.0 0.0 0.0 0.008987897802839675 0.0 6.171227919689083e-05 0.0 0.0 0.0 1.647478991601999e-05 0.0 0.0 0.0 0.0005922051263215919 0.00017325067903360453 0.0 5.694623906639239e-06 0.0 0.0001159712357881659 0.0 1.0520024277274472e-05 0.00015938274307977966 0.0003795033891572031 0.00542234477092603 0.00258347579958095 0.0011442372685102396 0.0006142628816681436 4.89078210509546e-05 0.0 0.0 0.00013763881480990383 0.00023412619160855216 0.00013673537539989273 6.180025454787902e-05 0.0 2.2665211390985744e-05 9.82238199169649e-06 0.009403144131442054 0.0001396260558050336 3.0011066974970537e-05 0.002259284949137046 0.00030566108074439423 0.0003600205680214469 1.7900400589942695e-05 0.0 9.069837321423854e-06 0.00037935182246860065 7.1094806237296985e-06 0.00015394746328807024 0.0006433179334961261 7.31977643589582e-06 8.091266337687996e-05 0.00023972888656773153 9.153425381511347e-05 3.955880661772107e-05 1.996743580998155e-05 0.00013129410951505957 0.0 3.489359885623649e-05 0.0 0.0 5.579231218426453e-05 0.007753841826617616 0.0011768999900026312 0.00015211549996284955 0.0001433467797756088 0.05131480972286151 7.819217116711627e-05 0.0008523872161919941 0.0038998959541762662 0.008772274068885217 0.0001969307334062138 0.006904988841431008 0.0006141346762034938 0.0015858253158603593 0.006014896317213849 0.003822913122084963 0.00018358105833069966 0.00455409454987814 0.019103852029592475 0.00544156264044439 0.0006105581901199595 0.0 0.0 0.0 0.0 0.0 0.0 0.0 0.0 0.0 0.0 0.0 0.0 0.0 0.0 0.0 0.0 0.0 0.0 0.0 8.627603790084334e-06 4.460481077359546e-05 0.0 0.0 0.0 0.001006443102294445 3.747535324889291e-05 0.00037204437342023964 3.3060226618766686e-05 2.3554437595913137e-05 0.0 1.4478250258618047e-05 0.0 0.0 0.0 0.0 0.0 1.251124265467644e-05 0.0 0.0 0.0 0.0 3.8685675471126305e-05 0.0 6.042500356718707e-06 7.892115124484193e-06 0.0 9.163625049906138e-05 8.845384200805143e-05 0.00014331543643344104 0.0 0.0 0.0004810178671396451 0.0 1.772171055660976e-05 0.0 0.0 0.0 0.0 0.0 0.0 0.0 0.002197166975362671 6.429959312398217e-05 0.0 0.0 0.0 0.00017390394811550548 0.0 0.0001647660279044746 9.05827163450683e-05 2.942531864492504e-05 9.925568758529022e-06 0.0 0.0 0.0 7.219974388473243e-06 2.329781973014969e-05 0.0 0.0 0.0 0.0 0.0 0.0011871702348317833 0.0004471062626781232 0.0008871328998764336
0.027511358742552658 0.09789740896412479 0.16594776788109353 0.0027733717421555577 0.07969256332980207 0.0011006247616901518 0.013902797143338627 0.11340214504330223 0.06839717281450798 0.010722714406889936 0.0 0.0015484833402984327 0.08885837626939123 0.13458216705320097 0.0021570433907694775 9.381370773001232e-05 6.486821250623368e-05 3.574046413620842e-05 0.0 2.0743994624430476e-05 0.0002487049602636176 0.0006355651258586714 4.040743125406936e-05 1.9597243125450882e-05 0.0002859189614795892 0.00011065053457600443 3.3161056212770505e-05 5.490761281360066e-05 0.00011137607364125892 9.92119692839867e-06 0.06549329764803873 0.0062759485646093575 0.019404422340908035 0.0 6.250952927918738e-05 2.252108252219707e-05 0.0051764046158184925 0.0004143495373236089 0.00039593232678918544 0.00019241363149936005 0.00017509959846313564 0.00011645871863350061 8.242173882115762e-05 0.00014330058180460407 1.2799804850500073e-05 6.400504007787471e-06 0.0051370065128082025 0.00043658654840911514 0.0001935906678723855 0.0001832586037477556 0.00015268030687771227 0.00015361497664733887 7.155152452827587e-05 0.000780628781363822 0.0004762481247493001 0.0006747777777218382 0.004434013923003626 0.011689950793067724 0.0024002381376448073 0.003980073512235364 3.0369427809476684e-05 0.00047195518062270904 7.708021750139585e-06 0.002435580069108059 0.0004933262276197386 0.0003712115508804479 0.0001548216001775958 0.00017818625206067668 0.0004827711426761096 0.0005552521647516953 0.002984414166020454 0.00012602405382216474 1.853432943746393e-05 0.00762647648873072 0.004000666794477859 0.005978309778675539 0.0008676828345629646 0.001431884294559922 0.0015834666758441837 0.048816722794033936 0.00019724911229224363 0.0018368545654799423 0.0018614667385950755 1.7290626619250664e-05 0.000331919704590974 0.0005620523324472524 0.00034937115969310847 0.0 0.0001548485046929618 3.1595900590243864e-05 5.2130111193648795e-05 0.00010536736418557858 0.000760929531643673 0.0001845044373772629 0.00037607084284534354 0.0016468127743231708 3.872463106231139e-05 1.2553828355446544e-05 0.0002736956225504928 0.011177157328372286 5.210529745014597e-06 6.628610389503683e-05 0.0005145956537484681 0.0003546681674729703 0.00023672254612198032 0.0021162071043075554 2.5815725898546566e-05 0.0007310759302358269 0.0010718542114254185 0.0008874381930043232 0.00027735102754147806 0.0011887363648792702 0.003442270125493958 0.004278607624242647 0.0007782391496388963 2.510595761187798e-05 1.7102042882203254e-05 0.0 0.0 0.0 0.0 0.0 4.797435246425286e-05 0.0 1.9279390302041903e-05 0.00015153871015812921 0.0 3.593570710453346e-05 1.7031071603556516e-05 1.6661548092879667e-05 1.599613318838772e-05 7.797107660152695e-05 0.00018288626875546065 0.0 2.0423396919644776e-05 9.323487432859975e-05 0.0 0.0 0.0 0.0029426222596522617 7.749414117299029e-05 0.001264317061296016 0.0002673704794908328 0.0002011301319437716 8.152984305655504e-06 1.863393881990253e-05 9.20653510970895e-06 0.0 6.22983454638029e-06 6.284159728983016e-06 0.0 5.63412511951893e-05 5.859775220904375e-05 0.0 0.0 0.0 0.00010682428450511834 7.373240968950761e-05 0.0 0.0 0.0 1.535325612272156e-05 6.281647552021097e-06 2.6521329291549078e-05 1.9815109165053457e-05 7.881241842219473e-06 0.0012101342295734942 0.0 0.0 0.0 0.0 0.0 0.0 0.0 0.0 0.0 0.004159641327235323 7.94406093417774e-05 2.162891203159883e-05 0.0 1.4614441409352672e-05 0.0005409201507837892 2.410689769817068e-05 0.0001731238349096031 3.0038177237510817e-05 6.971593703992027e-05 3.3963329856130874e-05 0.0 0.0 0.0 0.0 0.0 0.0 0.0 0.0 1.8331558263283316e-05 1.3397873828770206e-05 0.0012017540884945643 0.001966073706814069 0.002607876438833001
0.0024105522728258867 0.0005441840593380338 8.387224331744476e-05 0.022787833502892683 0.0006274613777636032 0.01106751672461367 0.016266793820892203 0.00020237565358286245 0.0005862867977541891 0.14366490622293804 0.0015484833402984327 0.0 0.09620231161301658 0.00795103823869386 3.627954353639943e-05 0.0 2.29798503563183e-05 9.079591878205448e-06 0.0 0.0 2.406532487607151e-05 0.00037019117809664016 0.0 0.0 1.168927555779907e-05 0.0 0.0 0.0 0.00010662049926297679 0.0 8.792902576312521e-05 7.47033579584739e-06 0.00364187558921194 0.0 0.0 0.0 0.012922704507020048 2.0471550479879952e-05 0.00020006968365400562 1.898826637550532e-05 8.326431948560099e-06 1.3738467463169161e-05 0.0 0.0 0.0 0.0 0.0001231991336232129 0.0 0.0 0.0 1.5899603274252766e-05 0.0003233044115383641 0.00016646389719370396 0.00023406974275039556 0.0 5.056848300533505e-05 0.000781975870353162 0.00018496061652343063 7.631558805875344e-05 6.131601687859141e-05 0.0 0.00013738444430585683 3.152762503565283e-05 5.8684592580918474e-05 1.0833114786995026e-05 4.050941644154707e-05 4.078273590355568e-05 0.0 0.0 0.0 0.0040601889140334775 0.00011269103673559492 1.0982150666425114e-05 0.00021313026888535516 7.899511438076052e-05 5.143475908422814e-05 0.0 0.0 0.0 0.000726583061698944 6.391732200996188e-06 0.0001309312182784198 5.4827372208502364e-05 7.602240745333437e-06 2.651343121649585e-05 6.7540827071047825e-06 0.0 0.0 4.855801398673524e-06 1.3956791379431201e-05 3.364364076892395e-05 5.2835154431049727e-05 8.301127345421132e-05 1.666698473401203e-05 0.00011125038233572132 0.02305122366256495 0.00024325152278824284 2.868845991721658e-05 0.00029508006095319917 0.0041278945881984015 5.586850841041923e-06 0.00024046931752624387 0.0005460716168183131 0.0003789166156591564 0.0003670532042559585 0.003225868482484444 8.248990615035643e-05 0.0016628160963733268 0.0015840816006299726 0.0023691572238174366 0.00015924262410052387 0.0031495013046101447 0.005847734177935968 0.006080811763411958 0.0008874528192894752 1.1449179705487077e-05 6.599399682207992e-06 0.0 0.0 0.0 0.0 0.0 2.2755853923069026e-05 0.0 1.1849968461620069e-05 3.04578412156239e-05 0.0 6.699699645720863e-06 0.0 4.851542828596513e-05 0.0 2.5344581123139545e-05 9.187943018040714e-05 0.0 0.0 4.678121191500455e-05 0.0 0.0 0.0 0.0024612474536725502 1.6227102032621093e-05 0.0005378689649862211 0.00025104503744465933 5.2591608051946425e-05 0.0 0.0 0.0 0.0 0.0 4.8290317884392834e-05 0.0 0.0 1.753932183130038e-05 0.0 0.0 6.746602865710202e-06 7.675800394789672e-05 0.0 6.169907411331796e-06 0.0 0.0 1.7716138336414604e-05 6.616379572318913e-06 2.2132984679916358e-05 0.0 0.0 0.0003871760140683411 0.0 0.0 5.673911231571174e-06 0.0 0.0 6.881731584022869e-06 0.0 0.0 0.0 0.004238380103629906 0.0001823554608673906 0.0 0.0 0.0 0.0004321794962653958 0.0 0.0002447294396267366 3.7582285090012836e-05 1.3916575537250074e-05 1.4038159035042805e-05 0.0 0.0 7.30110854681002e-06 0.0 0.0 0.0 0.0 0.0 2.4037627104259085e-05 0.0 0.0019787953772921044 0.0013196625488930162 0.001427756088905386
0.011428681958912253 0.10834035369505386 0.0028470913166306895 0.12500305356061503 0.028084605407296053 0.02337519264302617 0.34618763889204224 0.004509982226085873 0.09246691439182962 0.4724183476747241 0.08885837626939123 0.09620231161301658 0.0 0.17445674762131455 0.00048628477517827484 1.8999112304099474e-05 0.0 8.153675679589788e-06 0.0 6.969685924220597e-06 3.062624785454431e-05 0.0011961526331720205 0.0 0.0 7.793155570115021e-05 3.547156843666123e-05 3.659078073583169e-05 0.0 0.00014779136908394392 6.293204279619936e-06 0.0017173723401884763 0.00023429686701640945 0.032181761652297934 0.0 0.0 0.0 0.05402101356797976 0.0002677372382986325 0.0011359144250461136 0.00012673172499409 4.5030722488637663e-05 8.790634996665657e-05 5.764616478881756e-05 6.556335648989999e-05 0.0 3.574425281779673e-05 0.001789015522902516 0.00022747096625616044 0.00011133197357785754 7.277934517107086e-05 9.066774027464548e-05 0.0007419204943178888 0.0005297219861987598 0.0008309811382608605 0.00024269482088489774 0.00031644442929388075 0.0021179019195000015 0.0025024831124461863 0.0009276035894669107 0.0014298912985903633 0.0 0.0003942195683817083 0.0 0.0006758787260941013 0.00026364880369180794 0.00018059452154600776 5.265806438922986e-05 1.70018935620935e-05 0.0002090768128838735 0.00012072449897950027 0.017083337256548543 0.00031852430924261506 9.079988308213646e-06 0.002801317990747095 0.0012010334255184102 0.001750808361047789 0.000371141246793505 4.806832104410488e-05 1.630363205284272e-05 0.005930225290026411 4.949432061586563e-05 0.0004411466201574169 0.0007531966386676794 0.0 0.00019643670193357377 0.0003656997811079477 0.000141151860992087 5.967828800375489e-06 8.119616990080909e-05 7.557033135775141e-05 3.057566179977886e-05 0.00012501390258968826 8.016646039744837e-05 9.456252397605792e-05 0.0005461921878338649 0.09212503935055082 0.0005492874859841646 0.0001683337877706685 0.0007576465789882652 0.011243674552151386 0.00014826342287335971 0.0009468518457418291 0.0030546647523552236 0.0022103823629443494 0.0010737059486794478 0.012415472453459165 0.00042641629749950934 0.005854510677967178 0.007307407489017578 0.00920136584277777 0.0008402939673558063 0.012641243587304698 0.02405269141721674 0.02367267166053095 0.003494088720401449 5.1871224558948454e-05 4.4763047000655685e-05 0.0 1.2699942149286245e-05 0.0 0.0 2.9622521166780568e-05 8.933115509480263e-05 0.0 1.0999687144267534e-05 7.647117177262884e-05 1.782763348335884e-05 7.186173497398686e-05 6.527000185170732e-05 3.5863418885399496e-05 4.9917023626421515e-05 8.061219440576023e-05 0.0003155305229423633 1.954320495817409e-05 0.00012032745926195476 0.00039292540081631213 1.2401106469800284e-05 0.0 0.0 0.009793247030678897 6.357689963332644e-05 0.0023342069489486485 0.00046645509919257034 0.00029969561585615757 0.0 0.0 0.0 0.0 0.0 4.382651163141057e-05 9.113908445434658e-06 5.603506292834135e-05 9.534650316740017e-05 0.0 0.0 6.35400157853642e-05 0.0002717075002914548 3.50468309473033e-05 1.2655878161015585e-05 2.681259751860864e-05 0.0 0.00010868662546900682 7.33254370216768e-05 7.155946977850005e-05 9.014129945954564e-05 1.3699538829224634e-05 0.002363429695030827 3.979567830477643e-05 3.8084472713641414e-05 0.0 0.0 0.0 0.0 0.0 0.0 2.963310109083922e-05 0.018020450957314686 0.00031965808955172656 1.6215606355243515e-05 4.307803909018209e-05 1.5959275504806e-05 0.001654479130090159 9.032247788403999e-05 0.0006793007467928131 0.00014036243524886215 2.2564159399747328e-05 8.240115141797211e-05 2.5924691029178525e-05 2.8898346217184242e-05 8.031160571277804e-06 0.0 8.229251096351689e-06 0.0 9.551081151289589e-06 6.767706420766342e-06 0.0 0.0 0.00841545231521424 0.005566846559044832 0.006663264243348165
