0.0 0.13178214038977168 0.02336069118503482 0.07137979287456633 0.007621261040032682 0.003224980885941144 0.02118165345550663 0.005929426928555459 0.0005143541736677852 0.04300531988330765 0.009460169335314999 0.00230826340754803 0.002371263932734287 0.00876516349858798 2.708474685772836e-05 0.0 0.0 0.0 0.0 0.0 0.0 0.0 0.0 0.0 8.712806445813542e-06 0.0 0.0 0.0 0.0 0.0 0.03635495367049667 0.0007515731537726854 5.1998336113749354e-05 0.0 1.7399199402986697e-05 1.6062890076203293e-05 5.464021745786773e-05 1.1193763228573293e-05 0.0 2.1909642095979678e-05 0.0 0.0 0.0 1.5532611119836434e-05 0.0 0.0 0.0002770333918334011 2.6302165217674956e-05 0.0 0.0 0.0 0.0 0.0 0.0 3.06690869860463e-05 6.978216620800491e-05 0.0028663401304945594 0.024552350284144802 0.0013818131380242008 0.0005502514715321279 1.6139296324021956e-05 0.0 0.0 0.000203421695447024 5.891998895447217e-06 0.0 0.0 0.0 8.669262784043365e-06 7.697431944555027e-06 0.00027270730282530527 2.4840059535768553e-05 0.0 0.004102019307287906 0.00035543715818259203 5.2841802104083366e-05 3.292995303417051e-05 8.586898125402316e-05 0.00030805846239197117 0.0009816280699962206 2.2813358826576118e-05 3.3227110973003626e-05 0.00030559409040303403 2.8282732100364934e-05 2.2572492081360926e-05 0.0 0.0 0.0 0.0 0.0 0.0 0.0 7.47313812587384e-06 0.0 0.0 0.001272714812843876 5.375632013119484e-05 0.0 0.0 0.04552958298774096 0.0 0.00020345877298440676 0.00039306200975652855 0.0004943189976707191 0.0 0.00034158055597820804 0.00038194357956010795 0.0006891478598001267 0.0006029907418104933 0.0005077071938657554 0.0003622172724518608 0.00042022515605059365 0.0001668638710060231 7.358013146254011e-05 6.26900913632488e-05 0.0 0.0 0.0 0.0 0.0 0.0 0.0 0.0 0.0 0.0 0.0 0.0 3.899591451341059e-05 0.0 0.0 0.0 0.0 0.0 0.0 0.0001307551315965682 0.0 0.0 0.0 0.0 1.3632184553125987e-05 0.0 2.9737010531476787e-05 5.58185814287037e-06 0.0 0.0 0.0 0.0 2.8985584135818676e-05 0.0 0.0 0.0 0.0 0.0 0.0 0.0 0.0 0.0 0.0 0.0 0.0 0.0 0.0 0.0 0.0 0.0 0.0 0.00020853897142732568 0.0 0.0 0.0 0.0 0.0 0.0 0.0 0.0 0.0 0.0 0.0 0.0 0.0 0.0 0.00010124754568020641 0.0 3.242922723823605e-05 0.0 0.0 0.0 0.0 0.0 0.0 0.0 0.0 0.0 0.0 0.0 0.0 0.0 1.1888595040800232e-05 0.0 0.0
0.13178214038977168 0.0 0.20980904012220342 0.011955604161682759 0.2156753738957093 0.022564347514747906 0.2565824197562031 0.01866271466480272 0.02599881188290957 0.03119852095637794 0.07079289685502783 0.0031771258340897424 0.03656164468786381 0.05610132240176749 0.00081324526034715 0.00014796246119321254 1.6754924820100817e-05 6.880856714251312e-06 6.0614230152988276e-06 2.300266220276342e-05 8.339382086779777e-06 0.0 6.6303392835475655e-06 0.0 8.687264944901754e-06 0.0 0.0 0.0 0.0 6.781674559736994e-06 0.18979669111173908 0.010973694865324683 0.00020382156064105894 1.4518052881646946e-05 2.278221648140759e-05 8.587678270636423e-06 6.824140362119577e-06 0.0 2.674333321980823e-05 7.799283207069359e-06 3.0998229847539544e-05 0.0 3.3017767874099815e-05 8.856496143918024e-05 0.0 7.418877786516136e-06 0.01095680588245271 0.0005411635488646995 0.0 2.9150942935366375e-05 6.62210921569993e-05 0.0 0.0 2.1755207393585718e-05 0.0006185161432945123 0.0006254044975553222 0.011754188867173799 0.06084812006401861 0.005125325778359572 0.007848320566959173 2.9452388577172638e-05 8.280415696726825e-05 8.686224751256281e-06 0.006879479303344368 0.000682043399117841 0.00030377090853388124 9.002674257654155e-05 6.228842130940647e-05 2.1848022489774076e-05 2.7586876605502766e-05 9.32455588642282e-06 9.941573371238589e-06 0.0 0.03622456912439731 0.015713872801776028 0.008739990117873181 0.001733392596697034 0.0005601494646077923 0.0004341885406338957 0.0025078180391626403 0.00011889044656247986 0.0001577042023234178 0.0039807509455458264 0.0002867677556378411 0.0004957053090441241 0.0002347744202963199 0.00015644306762628262 0.0 0.0001358725866181372 0.0 1.2840246329954035e-05 0.0 8.023072562790643e-05 0.0 8.397873888481984e-06 0.00016744363758784851 7.871255216698947e-06 0.0 4.5890130698826866e-05 0.10153295861715902 0.0 0.0007252857514620467 0.0013904187890454583 0.0023996817878466875 0.0002668469601802205 0.0021260270399120883 0.0012354106721648881 0.004044971277338636 0.004361548679053809 0.002445378284124952 0.001690270629740313 0.0023130121928655466 0.0017288520838426005 0.0007858126445624647 0.00047427426695841165 9.899450688287677e-06 0.0 0.0 1.0150631655215664e-05 0.0 0.0 0.0 0.0 0.0 0.0 0.0 0.0 0.0 0.0 0.0 0.0 0.0 0.0 0.0 0.00020453327754110733 5.137547785905921e-05 0.0 0.0 0.0 4.560080362257179e-05 0.0 2.629541634223707e-05 1.9442834217062265e-05 0.0 0.0 0.0 0.0 0.0 0.0 0.0 0.0 0.0 0.0 0.0 0.0 0.0 0.0 0.0 8.867474985390107e-05 3.497323028168044e-05 6.435143540578872e-06 0.0 1.608528210191073e-05 0.0 0.0 0.0 0.00034210491676934 0.0 0.0 7.032563488171264e-06 0.0 0.0 0.0 0.0 0.0 0.0 7.871167398763203e-05 0.0 0.0 0.0 0.0 0.0004712416009599244 0.0 0.000188484518825798 8.353461334797627e-06 3.108322543246941e-05 0.0 0.0 0.0 0.0 1.963571480681308e-05 0.0 0.0 0.0 0.0 0.0 0.0 6.553221617574939e-05 0.0 3.076260999179894e-05
0.02336069118503482 0.20980904012220342 0.0 0.00011497927820991746 0.043892401507421464 0.00042310306744586343 0.0189028149709862 0.28832156570840933 0.04516614456097133 0.0044088393076956245 0.11146901143357187 0.0006295847566772074 0.004658673897708335 0.04894805767770972 0.0003359636996533077 0.0002357964322236971 0.0 1.554830483507487e-05 1.8226681703464838e-05 0.0002455534238517095 0.0007704976490736338 0.0 3.040757012670458e-05 7.797637265735502e-05 0.0002041061129395386 6.598015059626894e-05 5.896772950865914e-05 8.146004567217468e-05 0.0 1.0570559274606133e-05 0.30667157964370534 0.09296911128922997 0.0005696798498437511 0.00010035487894321681 0.0008826420915661054 0.0002942732305772809 2.3990772382384832e-05 4.9915136275403734e-05 6.585354262179855e-05 6.440046278683672e-05 0.00046819048906717847 0.0001885097791235665 9.258224915040544e-05 9.233433117187729e-05 6.079812410944386e-05 0.00019863259333830182 0.003458009652848858 0.0001336920946199813 1.4986364984623962e-05 7.935420407909167e-05 4.384297181600201e-05 0.0 4.876289530262164e-06 2.68631340143358e-05 9.362777997993938e-05 8.563789573447129e-05 0.0030167258688041454 0.027022391662797705 0.0014426247098355204 0.0021294755873005177 0.0005467610857597052 0.00015664707096127916 0.0004934586718750481 0.0115941156908988 0.0001825206320236796 4.587230654729768e-05 5.923245982336992e-06 1.7096845655616927e-05 0.0002647470238531456 0.001249452247733022 1.0229584210395646e-05 5.840588459651715e-05 0.0 0.009756256869481646 0.005288947181055732 0.0026659957653926134 0.00267927967133934 0.002695501441191477 0.009590881752412099 0.0101417999658843 0.0016968765724583155 0.0041791225581166505 0.0008094599977351531 2.3735783047749884e-05 7.940548418110004e-05 6.858860178836163e-05 7.184811152467482e-05 0.0 7.0602096269202926e-06 0.0 1.5036916022336178e-05 0.0 0.0022582701432360196 0.0004300671123053917 9.219813133239235e-06 0.00015315289591200516 9.196235255817812e-05 0.0 4.030291937685343e-05 0.01714260460479144 0.0 0.0 4.4543131008878506e-05 0.00018139526684782478 0.0 0.0001840755466101455 0.00019314737878212054 0.00023831771044138382 0.00017077804539438835 0.00029349512548488036 0.00021574971864225296 0.0001627203721005425 0.00021424283406862234 0.0 5.997926055631392e-05 1.4135518056741105e-05 2.2398551168269002e-05 0.0 0.0 0.0 0.0 0.0 0.0 0.0 0.0 1.6778114533990742e-05 0.0 1.1692939569390016e-05 6.737724314339519e-06 0.0 2.8440555687611806e-05 0.0 7.743139064636446e-06 0.0 0.0 3.7858581434973047e-05 0.0 7.85080323469537e-06 0.0 8.848418441736819e-05 2.942316976469772e-05 0.00026252082318700107 0.00011550392330000706 7.198092609109036e-05 1.79676543948867e-05 8.330638474916595e-06 7.424041604970443e-06 2.2111061973841893e-05 0.0 3.887727516525999e-05 0.0 0.0 0.0 0.0 0.0 8.010268635523536e-06 0.0 1.117873614537352e-05 8.294370493004949e-06 0.0 0.0 1.0844738014929942e-05 0.0 0.0 5.263493875253081e-05 0.0 0.00015898838845473218 0.0 0.0 0.0 0.0 0.0 0.0 0.0 6.281382693790552e-06 0.0 5.54854124605559e-05 2.4075207108935422e-05 0.0 0.0 1.598013740882147e-05 0.00024099696703703844 0.00012331463264213545 0.0003013219665999877 0.0 2.0147265117870734e-05 6.965182055359024e-06 0.0 4.807068925699281e-05 0.0 0.0 0.0 0.0 0.0 0.0 0.0 0.0 7.274252739681234e-05 5.9569743128883304e-05 0.000122728608903396
0.07137979287456633 0.011955604161682759 0.00011497927820991746 0.0 0.0003431611849152243 0.05064269750567394 0.026765947456883182 0.00011801136529110796 0.0010138717712678323 0.14418767371510688 0.0004864377796072442 0.013301450394519238 0.0063233808094246705 0.0013887492607015275 7.555136962444129e-05 0.0 0.0 0.0 0.0 0.0 8.970546411561589e-06 0.0 0.0 0.0 0.0 0.0 0.0 0.0 0.0 0.0 0.012921396036225543 0.0001522752583220916 0.0 0.0 0.0 0.0 0.0 0.0 9.748261431345104e-06 7.264591683214375e-06 0.0 0.0 0.0 0.0 0.0 0.0 0.0012646669563775596 4.579772115432766e-05 0.0 0.0 0.0 0.0 0.0 0.0 6.369847654748273e-05 0.0001254469078466526 0.003036823974452887 0.012236406852045127 0.0015214660612976212 0.0013506177950926275 1.3585821636356377e-05 3.766810319721296e-05 0.0 0.00022338228914693447 0.0001167020906797254 2.394783188845769e-05 0.0 0.0 0.0 0.0 2.2509418990284634e-05 0.0 0.0 0.007828161310204139 0.0015260596348633249 0.0006536244615023314 0.0001022627927371046 4.379782916608336e-05 0.0 2.387930036058803e-05 0.0 5.988900982640433e-06 0.0007493321767843094 1.6337816971678858e-05 7.449916318707744e-05 1.7225027335751344e-05 1.8706496304923262e-05 0.0 0.0 0.0 0.0 0.0 0.0 0.0 0.0 0.00047413410705631317 0.0 0.0 2.099492851659061e-05 0.0628636234611472 7.341680248531448e-05 0.0002692537206106891 0.0007854060949891254 0.003007775774374588 8.579150901410554e-05 0.001038815091693615 0.0014974176866442111 0.0021436736774423683 0.0029895878151179017 0.00260674426837443 0.0016488137089042101 0.0015061532029526797 0.000775751303418719 0.0003095932433493498 0.0002062387400349616 0.0 0.0 0.0 0.0 0.0 0.0 0.0 0.0 0.0 0.0 0.0 0.0 0.0 0.0 0.0 0.0 0.0 0.0 0.0 2.8393589087030093e-05 0.00014453397210238616 0.0 0.0 0.0 7.60532093975983e-05 2.059453703410417e-05 0.00013894389096044443 0.0 0.0 0.0 0.0 0.0 0.0 0.0 0.0 0.0 7.569632597501618e-06 0.0 7.850369820676418e-06 0.0 0.0 0.0 0.0 7.814300486856793e-06 0.0 0.0 2.2618779666646287e-05 3.655321735317336e-05 0.0 0.0 0.0 7.328919095100258e-05 0.0 7.696975827896998e-06 6.724483516060698e-06 0.0 0.0 0.0 0.0 0.0 0.0 0.00010789126971740336 0.0 0.0 0.0 0.0 0.0002354304434949336 0.0 6.326417093398278e-05 3.0125970719213508e-05 4.358839474065413e-05 0.0 0.0 7.138593584184942e-06 0.0 0.0 0.0 0.0 5.502604777722478e-06 0.0 0.0 0.0 9.154517453796259e-05 7.268753489734405e-05 0.0
0.007621261040032682 0.2156753738957093 0.043892401507421464 0.0003431611849152243 0.0 0.0003193773739185153 0.20634334567968418 0.010117482235769438 0.23831856180995642 0.061257903139672915 0.05713973272346509 0.0071277251487425605 0.06672508758856309 0.12988734589583004 0.001508165946698524 0.0006236808502475587 0.0 5.350194221990805e-06 0.0 5.922154707753573e-06 6.126270524007445e-06 0.0 0.0 0.0 1.3042902469708383e-05 0.0 0.0 0.0 0.0 0.0 0.029887431969686337 0.009316608430313992 5.766632548947305e-05 0.0 3.115274710498474e-05 0.0 3.296846496556834e-05 0.0 1.6476762798555257e-05 0.0 0.0 0.0 0.0 0.00012030032379122691 0.0 0.0 0.009736700428162774 0.00021288532099290007 0.0 0.0 3.5429652909373426e-05 0.0 0.0 0.0 8.227176460158997e-05 0.00014587799774661402 0.0008313123399179825 0.0050710011296489 0.0003877164066273242 0.002810014262207225 2.980148241470232e-05 3.6833154308320324e-05 0.0 0.004520228111420948 0.00018839847840350103 9.316476894318937e-05 1.9136920799077355e-05 4.143093766566712e-05 7.416884597998046e-06 6.686998259918698e-05 0.00010615767143015249 3.707252216338667e-05 0.0 0.006661012150523019 0.006419011204677607 0.006661543022843817 0.002475895631831027 0.0005221129414355571 0.00010419915087389291 0.00039704266005198785 2.9635329022786545e-05 1.661874665131684e-05 0.0011077100506333617 3.176110766074112e-05 0.00014046285849776037 5.146475701920967e-05 4.187062586850713e-05 0.0 5.6493989069314856e-05 0.0 7.449188389543545e-06 0.0 0.0 0.0 0.0 0.0016590994769866572 0.0 0.0 0.0 0.0021137658078810555 0.0 0.00012324935017150068 1.6802458470690655e-05 0.0002986145133265862 2.1846210922368693e-05 0.0008611082390313765 0.00041082211714084474 0.002677842493671122 0.0019216939573382706 0.0008596626288806439 0.001987019397877209 0.0016503253259461525 0.0011026692453970125 0.0005769970301265357 0.001149705237627038 0.0 1.7800190441532684e-05 0.0 0.0 0.0 0.0 0.0 0.0 0.0 0.0 0.0 0.0 0.0 0.0 0.0 0.0 0.0 0.0 0.0 0.0 0.00010468596253191198 0.0 0.0 0.0 0.00026358257350425596 0.0 0.0003042053859650816 3.065903694049744e-05 5.210375375447673e-06 8.702045394885978e-06 0.0 0.0 0.0 9.262733504372638e-06 0.0 0.0 0.0 6.011004788025272e-05 0.0 0.0 0.0 0.0 0.0 5.550733856619296e-06 0.0 0.0 2.128279952812965e-05 9.666178182234936e-05 0.0 0.0 0.0 0.0004470236525556324 0.0 0.0 5.851986525993315e-06 0.0 0.0 3.466258749119831e-05 0.0 0.0 0.0 0.000613044892409277 0.0 9.448525711037397e-06 0.0 0.0 0.0010481934187807167 0.0001142490849734352 6.287312210345e-05 0.0 8.045516649777262e-05 5.3455773307508823e-05 0.0 4.040617768702213e-05 0.0 0.0 0.0 0.0 6.336394800083501e-06 0.0 0.0 0.0 0.0004488275299579936 8.077917649895577e-05 5.1935421941146685e-05
0.003224980885941144 0.022564347514747906 0.00042310306744586343 0.05064269750567394 0.0003193773739185153 0.0 0.016437826306651745 0.002598889596919616 0.0002796643222499741 0.07900129403680087 0.0005329581525941244 0.008533989613657152 0.004106456366279894 0.0011635527216260137 5.583133102442772e-05 3.095712052784245e-05 0.0 0.0 0.0 0.0 0.0 0.0006001021957767182 0.0 0.0 7.628285381553718e-06 0.0 0.0 1.4823418856448395e-05 1.1327572583356099e-05 0.0 0.002485465793122605 3.5446452862298306e-05 0.0027806106198079573 0.0 0.0 0.0 0.0014686289426447882 0.0001531053369789309 0.0006847988235836039 3.583479801490338e-05 8.776927986040423e-06 0.0 0.0 2.2994851978948186e-05 0.0 0.0 0.0002685286942884756 9.945281124976864e-06 0.0 0.0 0.0 0.0015514103149338863 0.0006871321905096546 1.2469098426457884e-05 5.185014876485706e-05 8.6833250050819e-06 0.006864479741418836 0.002123930808758906 0.00028340054096991237 0.00020540623838736878 0.0 0.0019490577474927167 0.0 8.401197245262973e-05 2.379787321774749e-05 1.0816116178669218e-05 0.0 3.541500661134745e-05 0.0 0.0 0.016762365341757887 0.010787298829344543 0.000927417496887273 0.0013357727942819116 0.0002602307558693503 0.00012272221553064744 1.5044555976358258e-05 5.3208491002875066e-05 0.0002859002614838781 0.0012006549388413272 0.0 0.0005541096720478534 0.00017977499394327076 6.973140362297394e-05 0.0 7.282819838525503e-05 0.0 0.0001959086429858196 0.00013976540917444042 0.0009219144127742843 0.00011949279349872333 0.00018768749830728483 9.776965822657061e-06 0.0 5.097672354643243e-05 0.021741262270695713 0.009264640474459098 0.0007309964475977084 0.0027612315583360305 0.024440344564064593 0.00017746679186071059 0.0 0.0001212324229484355 8.797958472565482e-05 0.0 0.0002899541881587764 0.00020268822683888431 0.0005522891628984841 0.00023765253240355788 0.0005404105694021401 0.00019306038846076537 0.00038044165086939644 7.276600244159806e-05 0.00011119032951488361 0.00013205051425670535 0.0 0.0 0.0 0.0 0.0 0.0 0.0 0.0 0.0 0.0 0.0 0.0 0.0 0.0 3.0135239587590126e-05 0.0 1.9096326932481367e-05 1.8505367433616627e-05 0.0 0.0 0.0 0.0 0.0 0.0 6.414381254776487e-05 0.0 3.659538492543338e-05 2.6271055894526918e-05 3.828018698577972e-05 1.0388894820502764e-05 0.0 0.0 0.0 0.0 0.0 0.0 0.0 0.0 0.0 0.0 0.0 4.9825913355881925e-05 0.0 0.0 0.0 7.811762435000604e-06 0.0 0.0 0.0 1.6914265872383074e-05 0.0 3.5662868865216074e-05 0.0 0.0 0.0 0.0 0.0 0.0 0.0 0.0 0.0 6.997859924480388e-05 0.00013778835346127296 0.0 1.839911598687184e-05 1.0352071139902544e-05 0.00023066185115675085 0.0 7.101418528647927e-05 0.0 1.3220328753869333e-05 0.0 0.0 0.0 0.0 0.0 0.0 0.0 2.747733172818306e-05 8.939584139598549e-06 1.596879589268996e-05 0.0 0.00011672492024720438 4.076610326324199e-05 0.00010609168001801526
0.02118165345550663 0.2565824197562031 0.0189028149709862 0.026765947456883182 0.20634334567968418 0.016437826306651745 0.0 0.0015182705755833808 0.11186727890409848 0.11319816045503454 0.04030021726953557 0.02527758935536909 0.348722745400376 0.1745194422080972 0.003753043296971061 0.001981756186237038 1.9099121420965436e-05 2.8652083399558743e-05 7.923669418723567e-06 4.596345712726566e-05 5.271660169323642e-05 0.0 0.0 2.7606439056829362e-05 0.00010439266352575473 0.0 8.676590576777983e-06 7.170430784900276e-05 0.0 0.0 0.046853641287329606 0.00963626757184592 0.0020451325107879587 1.7791598524576136e-05 0.00016090703182543425 0.00010092900495116708 0.00033055242707666593 0.0001136319390123209 0.00010373522811979589 2.0156252267135033e-05 7.00024488831346e-05 3.424691764857493e-05 2.8519908634790245e-05 0.00015244272124350752 2.773517127596165e-05 2.980135858212548e-05 0.022282272076772542 0.0006947685327482388 1.6329581589349802e-05 3.661354290895097e-05 8.183544670871629e-05 6.556793568253944e-06 0.0 0.0 0.0006786423791883726 0.0006659048365018368 0.00488314424230766 0.025038950781305913 0.0024141585446278337 0.008878553507442833 7.718250316195343e-05 0.00011249107670544342 6.637664135258485e-05 0.009980053625747299 0.0008556665794882855 0.0004780649348623873 9.20600838076671e-05 7.87628591513315e-05 8.252675548413208e-06 0.000123275983978934 0.00022754226500870198 3.55720624366179e-05 0.0 0.02842277926889727 0.021014634471298886 0.01636363371371128 0.004247767438715373 0.0013039294318639419 0.00015929572439944359 0.0002885554001372856 0.00020938474276746528 0.00011524735252017205 0.00465933482003327 0.00015134959226724998 0.0006541081892132179 0.00019059555055175788 0.00019785528593408382 0.0 0.00015979824731564946 0.0 2.9806060608261976e-05 7.03188705272027e-06 0.0001501983527904331 3.0428468421953858e-05 6.69114840553774e-05 0.0057643079937410345 5.8799967325182565e-05 0.0 3.493926764957434e-05 0.01831828380693419 0.00019856598947087838 0.0007597491377423847 0.0037720954641747026 0.007318687025982817 0.0005855608401839549 0.011163723832304361 0.004788921717679757 0.012714784212371134 0.011558428796965774 0.008976183234857566 0.008883275170846174 0.008223174134002895 0.006067357211176772 0.0027074684475359035 0.0027742222622787853 8.594783164732724e-06 4.119400982833363e-05 0.0 0.0 0.0 0.0 0.0 0.0 0.0 0.0 0.0 0.0 0.0 0.0 0.0 7.363424526668188e-06 0.0 3.762668068429027e-05 0.0 0.00024098510181230068 0.0005909840827270557 0.0 0.0 0.0 0.0009455756429351162 3.179431336622128e-05 0.0007318718634248059 1.5914738329176837e-05 0.0 0.0 0.0 0.0 0.0 0.0 0.0 0.0 6.351909732039117e-05 9.795299390449228e-05 0.0 0.0 0.0 6.586958668003564e-06 0.0 4.376478908667473e-05 2.811258510784601e-05 6.568495230796434e-06 8.161975822218745e-05 0.00016713103050311628 0.0 0.0 0.0 0.0011146270876147828 8.412505326598734e-05 4.382147964035296e-05 5.301762011265258e-05 0.0 1.3208050237906388e-05 0.0 6.659532297568976e-06 0.0 0.0 0.0015732783348369132 8.42737901219394e-05 0.0 0.0 0.0 0.0034055531821220405 3.0183358863074614e-05 0.0005363151118608143 0.00034263763367956343 0.00038172434069040726 0.00025929219987519755 3.053003332163425e-05 4.901874888544913e-05 7.4560832842282826e-06 2.8861879519306164e-05 0.0 0.0 7.4240596638878994e-06 0.0 0.0 0.0 0.0016342718234112115 0.00015287797675606562 0.00012799878767392228
0.005929426928555459 0.01866271466480272 0.28832156570840933 0.00011801136529110796 0.010117482235769438 0.002598889596919616 0.0015182705755833808 0.0 0.007388270326875829 0.0008614779876267549 0.251898278675188 0.002293305998747624 0.005364981954362484 0.11550681883742175 0.003269748727155744 0.005782993920423006 9.86481203350583e-05 0.00029377204763275026 1.656873686515923e-05 0.0014277790981174253 0.010287955213419148 0.0 0.0010623631259799864 0.000621592032537977 0.005572129646666197 0.002849612014911376 0.0010961454134808687 0.001279149013708964 3.1051215743293915e-05 0.000130524830865972 0.14118521005024529 0.07427426338078225 0.013003708404497136 0.0011276451265669375 0.014547024959776379 0.006803977998198805 0.005366911093060042 0.002985151994967652 0.0018459309191423267 0.0008101589856782404 0.0075219486378980726 0.003044325697781217 0.0008038474760664118 0.0020366903884239573 0.00014859606811557256 0.002409396554113904 0.007654438851192968 0.00011146500306954576 9.904821668323654e-05 0.0003235489714676195 0.000544524012593314 0.00012258036531387505 1.9382748586902283e-05 0.0002774338756743511 6.201695811429898e-05 0.000107493238793413 0.0016085083840795514 0.010936999656379214 0.0006892120716349408 0.002372001714327885 0.0109715512042307 0.005091096432553651 0.00899829989354791 0.021730248414014625 0.0001773695719365701 7.053429999725829e-05 0.000110404988988212 0.0002354102773597949 0.0010019075465126643 0.013722472494208954 0.008038225509421511 0.0016439736233756948 0.0 0.007714292112102342 0.006186442396333624 0.006806413725132874 0.011118839208714293 0.022701791881949474 0.11209642097558258 0.09380713115121278 0.030875741688478352 0.11049272697919202 0.0007955716138999226 8.397828483203803e-06 7.038883748102553e-05 3.836582030848032e-05 0.0001535426672031202 0.0 3.369734867255053e-05 1.875111060251405e-05 0.00010628326088167833 4.738138914916721e-05 0.02023949941399122 0.005010644872679679 0.0003475800972750136 0.025361271529163544 0.0005424205134998095 0.0 0.0019136809112412425 0.004256755369156847 4.759298393709326e-05 3.9993745034345024e-05 7.75687756668036e-05 6.247570002296241e-05 0.00022346634618412565 0.0015671267023692306 0.00014577618672968715 0.0029239739102029927 0.0014876392327667555 0.001087891852013562 0.006490437894336464 0.0038183986162469157 0.00349645066790978 0.0017861274306733342 0.004612523643782625 0.00028208497256781187 0.00035614605376376476 0.0 2.2115707243380675e-05 0.0 0.0 0.0 7.4690888006111065e-06 6.523199338063944e-06 3.427315983548401e-05 0.00016389941457070574 0.0 6.608210092484474e-05 0.00010633573699999134 6.644041100190588e-05 0.00011220042462061614 7.180719517740999e-05 0.00015681375115761558 9.53954678276877e-06 0.00021051581662511246 0.0009204893959810802 0.0 0.0 1.755740016362387e-05 0.0029900996672708653 0.00031406379389368224 0.00397544368769001 0.00051753760995633 0.00024355949543397836 6.225248045188532e-05 0.0 0.0 6.885142146960555e-05 7.110998371583138e-05 5.845883489040568e-05 2.9590168829919513e-05 0.00014930872665917406 0.00020793375673499017 2.1499448749067133e-05 0.0 6.58421360935642e-05 0.00010643218813021728 0.00019798171228744145 1.3506905714980377e-05 6.937188256650513e-05 1.574538231724249e-05 0.00011440547829441953 0.00022409204742839247 0.0 8.804433162039479e-05 3.837119154650084e-05 0.004532896619509771 0.00054001845922323 4.202584897164032e-05 5.552765536430016e-05 5.9193313250015774e-06 0.0 0.0 8.200236063904155e-06 1.0716160586518708e-05 4.7381541876011976e-05 0.0031448858844292404 0.00011057620300476803 7.492095861450191e-06 0.0 7.923323100283668e-05 0.005789088178677993 0.00034044442252785864 0.002685629018510992 0.00031681758428539985 0.0005931841887734452 0.00033414338812009234 0.0001666428102495356 0.0005107554612210175 6.9729860875454105e-06 1.2498522078653663e-05 2.575989668802446e-05 1.958116965252864e-05 2.150095899053554e-05 6.36722436480169e-05 4.003095723965509e-05 3.1687299317190774e-05 0.0021628581324080044 0.0014176359108639548 0.0012062224355010984
0.0005143541736677852 0.02599881188290957 0.04516614456097133 0.0010138717712678323 0.23831856180995642 0.0002796643222499741 0.11186727890409848 0.007388270326875829 0.0 0.030408828072712862 0.158700820189077 0.012913234858504279 0.0683672645431403 0.09501369010896504 0.001945359518027508 0.0024371216526416777 1.6285874365384374e-05 0.0 0.0 9.18821621931988e-06 5.179721446600971e-05 0.0 0.0 0.0 7.951225624063667e-05 9.975227969809803e-06 0.0 0.0 0.0 0.0 0.003599628332112809 0.0017825322520987287 0.00041142763677090073 0.0 9.153788028321758e-05 5.159351864857896e-05 8.746236081870149e-06 3.5252782839870125e-05 1.5241418815392684e-05 1.9353058694666297e-05 6.104551889533491e-05 5.0497567321507556e-05 0.0 0.00015358306654937674 0.0 9.793824596055947e-06 0.003459300952645743 4.657657388591091e-05 0.0 9.648950800532312e-06 1.9447660591744675e-05 1.0379823052310955e-05 0.0 0.0 0.0 5.365598994549938e-06 0.00016478906237266572 0.0007074665733587316 2.8618546441935527e-05 0.0008137855300126229 3.2895522418117754e-05 9.786539112785078e-06 5.714704338189883e-05 0.0015363638018868447 2.1936186124794818e-05 3.735902121316811e-05 0.0 6.4673441383103306e-06 0.0 5.8167039934087965e-05 6.206987796601237e-05 6.0935642765872156e-05 0.0 0.0015413993844842658 0.002020343594106426 0.003888430650280565 0.0025018039232875097 0.001429134790338299 0.0008035543432022949 0.00319539805006365 0.00025824097790681956 3.7814270011226445e-05 0.00017893746417708912 9.541787120471463e-06 2.4204022915057077e-05 0.0 1.716562897639284e-05 0.0 3.078584511096705e-05 0.0 8.104605840468915e-06 0.0 4.767105212128696e-05 5.6864385721844835e-05 0.0 0.005554641114958245 0.0004142514013400082 0.0 1.758354689625497e-05 0.00012723772865169306 1.1963279499831734e-05 0.00013908136988725434 0.00041771594273767485 0.0005275237217777061 0.0002203334588694168 0.002276191228326509 0.0007472196141781184 0.004833479657000949 0.003880224477992508 0.0015786154967121291 0.004327693784901339 0.003195972022828787 0.00289699299489707 0.0016800454931833022 0.001782218367474578 8.102549703724273e-06 6.482699790613983e-05 0.0 0.0 0.0 0.0 0.0 0.0 0.0 2.7357361179831403e-05 0.0 0.0 0.0 0.0 1.707025673749269e-05 1.5060368364482827e-05 0.0 0.0 0.0 4.675674976924682e-05 0.0003801026715735494 0.0 0.0 0.0 0.00043447351344716754 0.0 0.0005972977279348661 1.651115781274216e-05 0.0 0.0 0.0 0.0 0.0 0.0 0.0 0.0 5.452220604407553e-05 1.1361855632254781e-05 0.0 0.0 0.0 0.0 0.0 0.0 1.2690634906428061e-05 0.0 6.06069776917379e-05 0.0 0.0 0.0 0.0 0.0007044161301619001 3.166892875441628e-05 1.9329805000611662e-05 0.0 0.0 0.0 0.0 0.0 0.0 0.0 0.001188903942432161 7.637731743290476e-06 9.066731301747265e-06 1.0137972870048002e-05 0.0 0.0019658573918680984 0.0 0.00014726727903798694 0.0 2.8123785764421355e-05 7.354036985405425e-05 1.6227601850536997e-05 0.0 0.0 0.0 0.0 0.0 0.0 0.0 0.0 7.75548981626922e-06 0.0014008643352059903 7.780213815786221e-05 6.0248795575006166e-05
0.04300531988330765 0.03119852095637794 0.0044088393076956245 0.14418767371510688 0.061257903139672915 0.07900129403680087 0.11319816045503454 0.0008614779876267549 0.030408828072712862 0.0 0.009761969170797082 0.16072019096787496 0.381479263846031 0.05343438600824894 0.0034606718298363513 0.002719450520177178 0.0 2.8100077501615902e-05 8.684844018024498e-06 0.0 2.492088041495163e-05 1.0287262328874193e-05 2.3197671164928713e-05 5.565527928186971e-05 0.0004417060515838355 9.417208865129336e-05 6.63365882215744e-05 0.00012923725481786658 3.0239497845816824e-05 1.554110293879337e-05 0.01316895140407449 0.0035896597281539224 0.02435098347266951 1.0194815118632858e-05 0.00026744986075127625 0.00030298298867782785 0.007545595906451831 0.0011616213513622267 0.0016798097185368403 0.0001963963890638248 0.0002952322137869219 0.00021901384681771325 9.49050598652495e-06 0.00021690866308519477 0.0 5.4640648292041325e-05 0.014141423636458449 0.00018182399277179984 1.1302627542689433e-05 0.0 7.218971194339836e-05 0.0001309508964534213 0.0 6.13758892472461e-05 0.00022226887020296136 0.0002083536864182569 0.0027339389497265986 0.008823279671711282 0.0008695232322576383 0.003699210515383357 4.887789242510587e-05 0.0008461074150454992 0.0001284564099297034 0.004254223195736273 0.00021661603277495242 0.00017622102375442327 7.788790460058291e-05 3.6245808140854017e-05 8.55651399678241e-05 0.00035052459860654195 0.0072219158478822425 6.721722875147636e-05 0.0 0.010553043204080995 0.007151083079900684 0.008920033233079895 0.003563854900363298 0.0011006114750942906 0.00020541146360614245 0.001815485887081282 9.512179370511452e-05 0.00021545340895657116 0.0018049989462701572 0.0001119014411832127 0.00017256741374649625 7.769847378003522e-05 7.973911958528727e-05 7.124941558557193e-06 6.537883508219672e-05 0.0 0.00010015935091616695 0.0 0.0007574251026329365 0.0004504355315701518 0.0001743548080009417 0.03006002052062176 0.00040009088097003366 0.0 0.0012047231939773043 0.026683713008712653 5.364937006232904e-05 0.0014753569693204535 0.005321147190066481 0.009478703378245662 0.0008301650058110586 0.021383676668901824 0.008203612429283543 0.03942784434113529 0.036645462367519345 0.018290098565125756 0.019291821810582373 0.05186297464248035 0.023646595749700742 0.01194576354849545 0.006335098123888905 0.0 5.255470762599494e-05 0.0 0.0 0.0 0.0 0.0 0.0 0.0 0.0 9.787496751379322e-06 0.0 3.527974531960117e-05 0.0 0.0 0.0 0.0 0.0 0.0 0.0002829704590792209 0.0008910703493252223 0.0 0.0 0.0 0.0011924138566019522 0.0 0.0008436912541745412 8.747804215068227e-05 7.833879449193643e-06 0.0 0.0 0.0 0.0 0.0 2.6289719011764205e-05 0.0 0.0 9.708266811227216e-05 0.0 0.0 0.0 8.515924515923513e-06 9.567817760061773e-06 0.0 0.0 0.0 0.0 0.00015020733787582106 1.9105630886754758e-05 0.0 0.0 0.0012232906490010733 0.00016002816829300997 0.0 2.6159546206987986e-05 0.0 0.0 0.0 0.0 0.0 0.0 0.0032377309749315906 9.434629632039458e-06 0.0 2.077176312226589e-05 8.082168409483304e-06 0.005564248528184752 4.758094947450051e-05 0.000299295006358353 0.0001301582410332418 0.00010273057236000118 0.000180858267910288 4.082742618723224e-05 4.3045489505171036e-05 0.0 0.0 0.0 0.0 6.617908556708918e-06 2.202467224048441e-05 0.0 0.0 0.004443768359157609 0.0003456186506581571 0.00016038403577249295
0.009460169335314999 0.07079289685502783 0.11146901143357187 0.0004864377796072442 0.05713973272346509 0.0005329581525941244 0.04030021726953557 0.251898278675188 0.158700820189077 0.009761969170797082 0.0 0.011328778074916763 0.18369135186578772 0.1804503264670408 0.004451514671432027 0.00533735115124616 0.0 3.3314999596509956e-05 1.0081370031111706e-05 0.00024903303928576134 0.000347921167277533 0.0 1.1332229720183493e-05 1.632105881224866e-05 0.00041620213798687514 9.296934926964421e-05 1.1655857904254707e-05 7.827666665619667e-05 0.0 1.4760516035165263e-05 0.04652682100539707 0.019043685618415004 0.006227958299658015 0.00016642670021627646 0.0007769831924729877 0.00047471500051458784 0.0008607857351439096 0.00040802398488320535 0.0003301555715302174 9.642925365327722e-05 0.00030023059243453786 0.00010879935154633345 0.00017571132680426567 0.0009829396055840692 6.803913445824405e-05 0.00019391830932460029 0.007767214297543835 6.362455675461324e-05 7.78358949183093e-06 5.5995114054435115e-05 4.494615238571563e-05 2.4947234567148945e-05 0.0 1.9359470126332285e-05 7.306104129545997e-05 8.701954016763649e-05 0.0009110212944035205 0.004801827312008417 0.0003598510377800709 0.002174252748980401 0.0005138530366445018 0.004445337207488815 0.00038150697427246223 0.006809309106208921 0.0001276147627303418 7.588772986128817e-05 6.437158915766974e-06 2.7365970123767268e-05 6.165491964473676e-05 0.0005781119840784926 0.000440607364588754 6.115559728467318e-05 0.0 0.005561887980524054 0.00651385946718358 0.00988528601952638 0.011306588311148716 0.007695428357196306 0.047132728453285276 0.08953149396410472 0.0029081146793104163 0.0156629616697657 0.0005664835927557505 6.9405156379902516e-06 6.854183280393379e-05 4.550870572339097e-05 3.0924335337154486e-05 0.0 6.242275850054806e-06 0.0 2.7522087917268146e-05 8.31080668773536e-06 0.0006895897419034531 0.00017479324033506486 4.709885480572099e-05 0.004887276501858885 0.0001780864929006603 0.0 0.0001205310460685534 0.0031542272578115363 1.977261326841902e-05 3.180490775913917e-05 0.0002713398599248275 0.0002518080251709127 0.00013450338787491365 0.0009590777351746402 0.0003535991370429811 0.0017467194421057505 0.0015391743318493023 0.0007744176807428837 0.002525055358429551 0.0016555044377236997 0.0013464334443360156 0.000708484124733497 0.00161078961852269 1.6556727169081845e-05 2.237224809700964e-05 0.0 1.911336732699295e-05 0.0 0.0 0.0 0.0 0.0 0.0 0.0 0.0 0.0 0.0 0.0 0.0 0.0 3.547891608828649e-05 0.0 8.928592347302805e-05 0.0003287537692174186 0.0 0.0 0.0 0.0006732517221559296 3.182623327677856e-05 0.00038273275631681635 8.617122148819746e-05 0.0 7.320101183690976e-06 0.0 0.0 0.0 0.0 0.0 8.552202817216566e-06 0.0 0.0 0.0 0.0 0.0 2.7431725738039396e-05 1.915351178452882e-05 8.139324367262826e-06 0.0 0.0 5.428650105343836e-05 7.800941118885642e-05 0.0 8.00152347575315e-06 0.0 0.0007423011544957507 0.00010580436315725761 0.0 2.3574852810731493e-05 0.0 0.0 0.0 0.0 0.0 0.0 0.001098464791453489 0.0 1.6840370846028946e-05 0.0 0.0 0.0021297231059189854 1.0523087024335645e-05 0.000253045918557251 6.132986016246489e-05 0.00011201219910381641 9.231707871407782e-05 1.4168818184561108e-05 4.45238817507775e-05 7.977970003668745e-06 0.0 0.0 0.0 0.0 0.0 0.0 0.0 0.0011929091476956702 0.00012166983056798534 7.3961313932513e-05
0.00230826340754803 0.0031771258340897424 0.0006295847566772074 0.013301450394519238 0.0071277251487425605 0.008533989613657152 0.02527758935536909 0.002293305998747624 0.012913234858504279 0.16072019096787496 0.011328778074916763 0.0 0.06956008650341444 0.03538155273300004 0.008955706965157914 0.011557011021798468 0.00012158238928966282 0.00016017200344279535 1.602502155823596e-05 9.645713868570572e-05 0.0010034290350748572 0.0001255891135661143 0.00031091346011680345 0.00018885167312869097 0.003276694823515197 0.0009715816806041909 0.00032749076206852764 0.0008529186608245861 0.00012699208454885707 1.1004409803386187e-05 0.001999752350502897 0.0005144801433885157 0.038315500563191246 0.0001265251949726066 0.0035680570726915935 0.0024946035197045326 0.039468968986661676 0.007222726830523795 0.010730427469784747 0.0016171141212676437 0.0019420996290539282 0.0015144697456685677 4.915625722249602e-05 0.0007418983518897995 4.135875565662597e-05 0.00012410416335362597 0.007663139056642145 4.5462971256948836e-05 5.314011168588111e-05 0.00011374140443040383 0.00030845248320434814 0.0005082900769007647 4.434006209386802e-05 0.000382223120251009 1.7294482448256618e-05 3.082599576013176e-05 0.00014970104167780503 0.0009788104206925332 4.98953096479132e-05 0.0010658542686790345 0.00017132793220735998 0.004893957525816134 0.001055550319394462 0.0034626213338331104 5.645638111572796e-06 3.0430865098284822e-05 0.0001197122490754335 0.00011723313223837796 0.00032170954998795204 0.0022540403639826245 0.06341477538590555 0.0004975859172388492 2.1190090205600668e-05 0.0016964495662592511 0.00238672481228608 0.008242410047079872 0.005229657354759202 0.002006299307636797 0.0008947479838849947 0.012357897695006547 0.00030738205222345666 0.0012749560777429935 0.00018988019813364102 9.465607383074601e-06 2.4150505571160427e-05 0.0 7.135225338094844e-05 1.1583692406223798e-05 3.2704410570339497e-05 2.824842789673437e-05 8.510891650419216e-05 0.00012293310344094736 0.004800254226539207 0.0028591319027566025 0.0007067066840383841 0.04214495501484684 0.0015504894582267475 0.0 0.009170090524630735 0.001217442486837828 0.0 0.00013967555574071486 0.00090252707619041 0.0011010407938667273 0.00023577181585532814 0.004992715562526243 0.0013948453026615898 0.00823092092664452 0.007998052825797663 0.004026831130355838 0.00830566245082324 0.008785134308991444 0.006163874721855472 0.0037859867843899114 0.0037525385295894007 7.639287802812308e-05 9.985585120149233e-05 7.0063223332003264e-06 3.195597989110282e-05 0.0 0.0 0.0 8.745272251647067e-06 0.0 0.0 0.00010432689656016304 7.111715723381402e-06 3.890100922651895e-05 1.694906643825914e-05 5.86771615267903e-05 0.00013878212330562515 4.729321829057948e-05 0.00013803178405679791 0.0 0.00014398483963619518 0.00036328016873642057 0.0 8.130102968040666e-06 0.0 0.0008931603449921917 4.2319995199010826e-05 0.0009177885398882103 0.00014155985569413705 8.448390717444847e-05 2.5515181329514828e-05 0.0 0.0 8.64168526918067e-06 1.3923696242424176e-05 3.705464899479582e-05 2.7119496858635546e-05 5.1822487663005e-05 3.6145761222178086e-05 7.970290320028268e-06 0.0 5.2545796324183954e-05 5.017698541882666e-05 0.0001149381936567357 1.3322771316938088e-05 0.0 0.0 3.579241631547924e-05 9.213912510952717e-05 0.0 6.842624334895699e-05 8.366386875974576e-05 0.0008334736946233259 0.00010395495819205137 0.0 1.583233652076274e-05 6.82908282984278e-06 0.0 0.0 1.0054759442286517e-05 0.0 1.0740911622814982e-05 0.0019754038789508302 5.511650850654593e-05 8.455424046631116e-06 2.9015666164547993e-05 4.9556580597065194e-05 0.0032288774064477737 2.565775854670711e-05 0.0004994656214557633 8.255394499025404e-05 9.435437330021908e-05 0.00013516544378389586 0.0001436866275725517 8.02384956061342e-05 8.301184380545676e-06 0.0 0.0 0.0 2.2712556013212385e-05 7.3619849729624015e-06 2.4194641565423162e-05 0.0 0.0025387796083758065 0.0003716865912004572 0.0003651547622796946
