0.0 0.09319985350064193 0.02448145723331771 0.07986562576763866 0.007817900826236387 0.008256093028832526 0.02882427037189897 0.0014811969592971384 3.887000268012688e-05 0.06736284899506811 0.0017953620969515544 0.000502317501366904 0.0023987593708807557 0.0015805361607697363 0.00025448649072265625 3.6575031740796184e-05 8.464436809489184e-06 0.0 0.0 0.0 1.1448642831415861e-05 1.9253967813164706e-05 0.0 0.0 0.0 0.0 0.0 0.0 0.0 0.0 0.024401437224484974 0.00038542624449700627 0.0002493160482250559 7.951076067208751e-06 0.0 4.702997432047464e-05 0.00013154240854744035 0.0001296131173118609 6.149951463680183e-05 0.0 7.471317779139427e-06 0.0 6.159448268899044e-06 7.913224193691413e-06 2.0892902385244493e-05 2.0180190835969595e-05 0.0022406231926443733 3.0192006978113357e-05 0.0 6.329511750166486e-06 1.973514799364974e-05 7.840741754424458e-05 0.0 1.2992384449791074e-05 0.00013484417347767156 7.026659911312115e-05 0.009248401696343157 0.03802087371301249 0.003992992915288836 0.0008665873185144011 0.0 0.00015061963018820796 1.010050456465458e-05 0.00521661901334484 1.9843774071033982e-05 1.8770461392300642e-05 0.0 3.249300419420926e-05 2.4017518759041038e-05 1.5140155314677947e-05 0.0004641676611148898 0.0014707969509449776 7.868569455764558e-05 0.010119328656590763 0.0028434692634415754 0.0023081452697843114 0.0004031423567438207 1.986257976677131e-05 0.00012217449763896927 0.00014934175467758905 4.41982928486409e-05 0.00022790023152500174 0.0003326868505184992 0.0 0.0 9.53591640538454e-06 8.472979002610748e-06 0.0 8.324707936309264e-06 1.885564555113043e-05 1.066074101507347e-05 3.0414552447477556e-05 0.0 0.0 3.6658117947833934e-05 0.0024529849811407867 0.0018624867439839654 0.00017116161033815114 0.00015647325574989936 0.06297530998939108 2.7175478814822497e-05 0.00043179581245119536 0.0008245929799099584 0.00027679469834788876 0.0002669037003839859 0.0012951034422868828 0.0005675806487128596 0.0007209792494188034 0.002018266327588228 0.003989347694582669 0.0002581798654175671 0.0010671559414760898 0.0013830870749301373 0.0003278226906923516 0.0006017261560856693 0.0 0.0 0.0 0.0 0.0 0.0 0.0 0.0 0.0 0.0 0.0 0.0 0.0 0.0 0.0 0.0 0.0 0.0 0.0 0.00030510885421547256 0.00024130039290688241 0.0 0.0 1.4554752249139366e-05 0.00011849398636239186 9.452938584619541e-06 0.00013043458161497633 7.095051242972485e-05 0.0 0.0 0.0 0.0 0.0 0.0 0.0 0.0 0.0 0.0 0.0 1.0209906958717436e-05 0.0 2.0751279461948163e-05 0.0 0.0 0.0 0.0 0.0 0.0 0.0 1.0519323348281175e-05 0.00011830009415905905 0.000500144919529355 0.0 0.0 0.0 0.0 0.0 0.0 0.0 0.0 0.0 0.00033025922765218536 0.0 0.0 0.0 0.0 0.000439335748224788 0.0 0.0005620166380461137 0.0 0.0 0.0 0.0 0.0 0.0 2.10516896296601e-05 0.0 0.0 0.0 0.0 0.0 0.0 0.0001977080721286923 0.0 0.00010303609059240254
0.09319985350064193 0.0 0.04795282631613394 0.015454401320007877 0.07825032839366095 0.0029088743629341303 0.04446378375462065 0.005567097380101402 0.007062674133510076 0.028752042546889834 0.05444564924670942 0.005295548442888172 0.04513843196774394 0.04041632666648226 0.0008824333665269691 8.346050209536182e-05 2.597298934397622e-05 0.0 0.0 2.654306523571872e-05 3.3211666827272664e-05 4.838274881005305e-05 0.0 0.0 0.0 1.6142696499201205e-05 0.0 0.0 8.106258790641032e-06 0.0 0.1517320438475428 0.002386080401596579 0.0019324293277539974 0.0 2.94264530563848e-05 2.8316440785696356e-05 0.00068202957944113 6.043367248191818e-05 0.00020070385854644874 4.5392776638415764e-05 0.0 4.382628880587435e-05 1.7802206850335268e-05 3.53757681163928e-05 1.4373991720165139e-05 7.614922680915935e-05 0.007929419330856445 0.00012139308612812233 1.4762646604083805e-05 4.7595831276550125e-05 1.5917745531996032e-05 0.0 1.5971046513866303e-05 6.898759164336612e-06 0.00022460945560799956 0.0003273054029799263 0.014538436495665531 0.10476838775550569 0.011055441684270336 0.0023125387635758456 6.647625867153195e-05 0.0002966286289131139 7.907337938442308e-05 0.01646475092868287 2.046367445494811e-05 3.0176255743025126e-05 1.511675336356157e-05 8.478853606335531e-05 4.445458709368443e-05 5.757232433240278e-05 0.00044800026270671336 0.00012895493286416683 0.0 0.0296090294611988 0.009434180391198489 0.008623051303798793 0.0028393499997909836 0.00010139089603565696 0.0003060726025981482 0.002360050457298512 4.809286498166831e-05 0.0007611963430833311 0.0006649801579321784 1.092858110782231e-05 3.610493541152883e-05 4.4338441718627754e-05 8.302892286036084e-05 0.0 2.684550629121642e-05 8.918947192734255e-06 0.0 0.0 0.0001286065177388371 3.289670512502905e-05 5.170354772460858e-05 0.000716069897258816 0.00020886815208942265 0.0 5.450170396745054e-05 0.05601576243275322 2.150528482631459e-05 9.384795593006628e-05 0.00011272842329248622 5.9003581999497855e-05 0.0001959391106096726 0.0005745723653640252 0.0002492221735193937 0.00026704571823976355 0.0005385541999379795 0.0008393219420927123 0.0 0.0004106982808474733 0.0004684728742872644 0.00014111406871333712 0.0002470341642507462 1.1864716055270713e-05 0.0 0.0 0.0 0.0 0.0 0.0 0.0 0.0 0.0 0.0 0.0 1.0071896007960693e-05 0.0 0.0 0.0 1.1224350988231895e-05 0.0 0.0 0.00021746586540179178 0.00013588160149373798 0.0 0.0 1.888457113767212e-05 9.016728342890817e-05 0.0 0.00010515612608750543 8.428105595378608e-05 0.00010103287653173267 1.8254865860558825e-05 0.0 0.0 0.0 0.0 0.0 0.0 0.0 0.0 0.0 0.0 0.0 0.0 0.0 0.0 0.0 7.011393501570204e-06 6.89481932332194e-06 0.0 0.0 0.0 9.556790111206053e-05 0.00025739937383521014 9.276634763698185e-06 0.0 0.0 0.0 0.0 0.0 0.0 0.0 0.0 0.00018068868919782086 2.7582282302699915e-05 0.0 0.0 0.0 0.00044045254073425157 0.0 0.0003140817601592699 0.0 0.0 0.0 0.0 0.0 0.0 0.0 0.0 0.0 0.0 0.0 0.0 0.0 0.00022011393714050615 3.2861106331156624e-05 0.00015847635397274023
0.02448145723331771 0.04795282631613394 0.0 0.00047523830749748413 0.09025587792522985 0.00026541113605394915 0.020876691312249 0.08822704354111545 0.027009163807089138 0.0014690277787501402 0.11154442488828532 0.0012601999219672719 0.029442861984795433 0.15831689190793888 0.0013919350812751096 0.0007828528342116961 4.855686932499259e-05 6.020638104863569e-05 1.0860607334277726e-05 0.00013257692842432597 0.0022191135987863018 0.0002369958097297182 0.0009311026988034017 0.0006612481130473909 0.0001183016745663987 0.0002647021319926167 1.7297049594074033e-05 3.910982221171152e-05 7.520114092031121e-05 0.0 0.2532516886599538 0.01684193654860432 0.04046599350472343 0.0004323947197689051 0.0017320409213576766 0.0008190481210976085 0.006099341094483276 0.0013498632749370434 0.0008843809973973131 7.119525066584999e-05 0.0025680802361488547 0.0013703778591017191 0.00030288269568847187 0.000182123928028197 0.0001243925407437973 0.0005235888892940259 0.005685663873831903 0.0001318711007581995 0.00014976658551228253 0.00043520123327079073 0.0006918875832687776 0.00041087023837885705 7.897895800549769e-05 0.0010318776153285618 0.00025003406325013955 0.00019752325321121758 0.009694150998356589 0.11893669456439661 0.006749085816760639 0.0012837357348724054 0.0009569724705450038 0.01131831826525481 0.0013381931799827903 0.0306606370592377 8.08284532348317e-06 1.6561661604296023e-05 0.00020912637561012117 0.00048808460825144076 0.0012253046471333601 0.0026070284788147985 0.005335400702939291 0.001826893855808574 0.0 0.01635674043181216 0.006466290007585235 0.005875640140065071 0.004511063949871662 0.0005749513264506743 0.03899018161103413 0.08317973209065598 0.001453217853172625 0.04770493369534519 0.00027050977264584877 0.0 5.211963720640434e-05 3.0854847293636504e-05 0.0005321189885397931 0.0 3.1193185205256714e-05 0.0 4.6174348696429216e-05 0.0001265656651901244 0.008697677271962885 0.001320273727636729 0.0010413574269346826 0.0059151455633659564 0.0022682459802520296 2.3667773192213294e-05 0.0008846616643280284 0.02912697590074083 0.00013752381000866926 0.0002484665098450541 0.00040764726552701983 6.911540615551336e-05 0.0006867987874730299 0.001083852182250781 9.542104855110379e-05 0.0008278788947026275 0.0017211592227321345 0.0010727887320392837 0.0002326387743706823 0.0019117005045729352 0.0009616309308382303 0.0004968795920317817 0.0011722379950299656 1.7700220786985723e-05 0.0 2.33729787882585e-05 0.0 0.0 0.0 0.0 0.0 0.0 0.0 0.0001673816201081959 0.0 0.00016620251091121137 5.0073357892497566e-05 1.1634252968681714e-05 0.00015837619828257187 4.7439062049050384e-05 8.10195043629899e-05 0.0 0.0014803809353075015 0.001256151523971464 0.0 0.00021013608180468784 0.00017664275224781896 0.0014669862393034243 0.0009561560556873703 0.002080823692924541 0.0011436756190172446 0.00033638936014396075 0.00011015694135858618 2.4096338611417447e-05 0.0 2.0482497763454767e-05 0.0 4.288486122124443e-05 0.0 1.919213479938595e-05 0.00014748091276032586 0.0 1.4240006642027065e-05 2.5063862223455923e-05 0.00020323714651265804 0.00022821599257600686 0.0 0.0 0.0 0.00011899557229096583 0.0001370466557008029 0.0 0.0001909876693503174 0.0007398269387400993 0.00385649554360559 0.00011140397894236354 0.0 0.0 0.0 6.873804579863005e-06 0.0 0.0 2.1831643345138472e-05 5.6774603397162926e-05 0.001680079922364562 0.0001924081744217408 2.5899661288557496e-05 0.0 1.5042828506228497e-05 0.0030939203801339243 0.00034299813386778194 0.006245648581551795 4.551326898042415e-05 7.357358148755714e-05 8.124412136499214e-05 0.0 1.022389014273134e-05 0.0 0.0 0.0 0.0 0.0 1.6968862056897397e-05 0.00010014598146799723 9.274258394668016e-06 0.001100856297620307 0.0009071307381818708 0.002059798143354212
0.07986562576763866 0.015454401320007877 0.00047523830749748413 0.0 0.0066102789571516555 0.040869288488306885 0.017578876311423516 2.0638441223038948e-05 0.0 0.13420579681980593 4.832633917439731e-05 0.0011626324268960517 0.015176493766281883 0.0016150110953477173 4.585626479211604e-05 2.3363904824986227e-05 0.0 0.0 0.0 0.0 9.114297868849823e-06 0.0 0.0 0.0 0.0 0.0 0.0 0.0 0.0 0.0 0.0016558837728668065 7.047137871755227e-05 0.0001217187760391261 0.0 2.9459546095113954e-05 0.0 8.588556975529546e-05 0.0 0.0 0.0 0.0 0.0 0.0 0.0 0.0 0.0 0.0004929765678017219 0.0 0.0 0.0 7.892256191812603e-06 0.0 0.0 0.0 2.4650568430083052e-05 0.0 0.0006190963000272615 0.003612495907090969 0.00033173293277076265 4.3713154536957666e-05 0.0 4.299986108888092e-05 0.0 0.0005467037468511307 0.0 0.0 0.0 6.599201183694213e-06 0.0 0.0 1.1093164985587741e-05 0.0 0.0 0.0008152996143702319 0.0004119505792299644 0.00022683143313452863 0.0001433577201073463 8.396379036583222e-06 0.0 0.0 0.0 9.323056604319483e-06 1.6607767092483713e-05 0.0 0.0 0.0 0.0 0.0 0.0 0.0 0.0 0.0 0.0 0.0 0.0 0.0006312827241528405 0.0 0.0 0.0 0.02570553097142209 0.0 0.0001383777840968836 0.00015700843329405706 0.0 7.702094102056696e-05 0.0004479938746907628 0.00046778620321743326 0.0002495950385556144 0.0007456787583155209 0.0014047565778305465 0.00012291149245524085 0.002431478824482391 0.001866185365251892 0.002530230820290251 0.00019204911102252718 0.0 0.0 0.0 0.0 0.0 0.0 0.0 0.0 0.0 0.0 0.0 0.0 0.0 0.0 0.0 0.0 0.0 0.0 0.0 0.00012926544801957065 0.0002587157542466398 0.0 0.0 0.0 1.656802455592099e-05 1.114953736346222e-05 8.708754371393195e-06 0.0 0.0 0.0 0.0 0.0 0.0 0.0 0.0 0.0 0.0 0.0 0.0 0.0 0.0 0.0 0.0 0.0 0.0 0.0 0.0 0.0 0.0 0.0 0.0 0.00012865942582046866 2.0165011338470155e-05 0.0 0.0 0.0 0.0 0.0 0.0 0.0 0.0 0.00021504266875989152 0.0 0.0 0.0 0.0 6.035392660432392e-05 6.899816472427345e-05 0.00020548963748462463 7.381398495018626e-06 0.0 0.0 0.0 0.0 0.0 0.0 0.0 0.0 0.0 0.0 0.0 0.0 9.255323312817583e-05 1.4422003451924922e-05 8.72915402275424e-06
0.007817900826236387 0.07825032839366095 0.09025587792522985 0.0066102789571516555 0.0 0.0006303082042068957 0.05609406679222613 0.028521783203461524 0.0836117856131479 0.046527682802684385 0.10681162105916683 0.005001074938848552 0.0737200951612194 0.22097920099556623 0.0008864271378413079 0.0001421751364529058 8.782325618511402e-06 0.0 0.0 6.67064264055277e-06 5.4415257785957355e-05 0.0 1.3517059364118808e-05 1.829110955275416e-05 0.0 9.232883289871911e-06 0.0 0.0 0.0 0.0 0.015011559392374684 0.003160913582391465 0.002526228232430038 0.0 2.571457682471452e-05 9.632763604577048e-06 0.0008390307298550722 8.378983988185807e-05 2.3070619022465375e-05 2.0099067097882923e-05 8.830833014244781e-05 7.496492387746728e-05 1.5369760117469562e-05 2.447768758313817e-05 1.9159811303193352e-05 3.612547935211549e-05 0.006190719774024994 0.00011146206721041856 0.0 2.107427868373081e-05 3.1565532019610855e-05 1.1382924169758814e-05 0.0 1.0645157101293807e-05 0.00010077829072531344 9.283140378754675e-05 0.00445423674797116 0.02014775574594799 0.0035817819633067434 0.001171542630026231 4.671590409532445e-05 0.00045834329104045785 4.194826089023737e-05 0.011454875545079365 4.7392502015931324e-05 2.1654166920228734e-05 7.134951820269169e-06 7.184570649488237e-05 4.809147560513442e-05 5.76338640258309e-05 0.0008105843474766256 0.00011486692984070927 0.0 0.012786754919837738 0.0067530017694407965 0.006634509328260206 0.0030451473093235943 6.927492500727008e-05 0.00041235357023069764 0.010920927826426566 4.035937232477416e-05 0.0014222765353105837 0.0004416169520752361 0.0 8.36141091533539e-06 2.240826441292701e-05 1.3889838030028459e-05 0.0 0.0 0.0 0.0 0.0 0.0002502364163568894 2.2607025869563367e-05 2.4100638836789034e-05 0.001986040910133855 0.0003387493276214063 0.0 0.00011853960749942321 0.003488989415320566 0.0 0.0 0.00037700087890660294 4.7162908729181185e-05 0.00027657862760349335 0.0005625675017935961 0.00012101891368248648 0.00031438481088755184 0.0008602757975306836 0.0009731957122705613 6.306944237867485e-05 0.0008412272901232257 0.0008962099154989351 0.0002628817892835829 0.0006007646546859108 0.0 0.0 0.0 0.0 0.0 0.0 0.0 0.0 0.0 0.0 0.0 0.0 1.4920793014661746e-05 0.0 9.140135801446391e-06 2.6757573862958074e-05 0.0 0.0 0.0 0.0004695783661729647 0.00024552683838777433 0.0 9.053174785157616e-06 0.0 0.000370265993012531 7.756108468825955e-05 0.00027164138833294 8.366546053714297e-05 3.398100546216301e-05 0.0 0.0 0.0 0.0 0.0 0.0 0.0 1.1335135307272384e-05 3.2607714128566125e-05 0.0 0.0 0.0 0.0 0.0 0.0 0.0 0.0 3.761447641895017e-05 3.6063145729239436e-05 0.0 0.0 0.0 0.000645873626611015 5.4162609384163655e-05 0.0 0.0 0.0 0.0 0.0 0.0 0.0 0.0 0.000371858798386926 0.0 0.0 0.0 0.0 0.0008863768161271099 0.0001154434601349944 0.0008532092706418193 2.8452988521770897e-05 0.0 0.0 0.0 0.0 0.0 0.0 0.0 0.0 0.0 0.0 0.0 8.592625931691639e-06 0.0005412315027770419 0.00018385237950036004 0.0002250403289773992
0.008256093028832526 0.0029088743629341303 0.00026541113605394915 0.040869288488306885 0.0006303082042068957 0.0 0.0024216529707328993 4.668657951181617e-05 0.0 0.04996592371592273 5.832703217529951e-05 0.002379140061393528 0.001491794767177765 0.000595617561978533 0.0 0.0 0.0 0.0 0.0 0.0 0.0 9.997637524131794e-05 0.0 0.0 0.0 0.0 0.0 0.0 0.0 0.0 0.0002905437680126402 0.0 0.003394090021093851 0.0 0.0 1.5575314683750885e-05 0.00272336967670529 4.066596051003317e-05 0.00023956010904080556 0.0 0.0 0.0 0.0 0.0 0.0 0.0 0.00011057614694572372 0.0 0.0 0.0 4.692715436023908e-05 0.0008227467179786236 0.00016882242592850653 0.0 0.0 9.954218321972935e-06 0.0019310001165552143 0.0006392877711645681 4.340233251291912e-05 0.0 8.998215357831347e-05 0.000153360313932507 0.0 0.0 0.0 7.821558535750834e-06 0.0 7.5469632685524985e-06 2.88032292783823e-05 0.0 0.0024880712847481874 0.005672400565699905 0.00017065053654622585 2.1783809095900323e-05 0.0 1.0115147550103883e-05 1.4620288008961143e-05 0.0 9.066023977792813e-05 8.1669777290187e-05 0.0 9.519850308173955e-05 0.0 7.557293835174533e-06 0.0 0.0 0.0 8.982898480731184e-06 8.053507191690797e-06 0.00023839725846214863 2.0389634437200228e-05 0.0002367180096159173 0.0 9.2657656527834e-06 5.864428963428293e-05 0.005904079135919029 0.009609684946680222 0.0005846024432382999 0.0011448017171656378 0.011178220941069624 0.0 0.00031699160913360085 0.00011955339917905854 1.530146863666298e-05 0.00017136032573062158 0.00021406748156095503 0.0006719749534309045 0.00016347497103472665 0.000366356482541461 0.0016674221304032537 0.0 0.00034592342856339483 0.00043075791837415595 9.27715054687366e-05 0.00020357022836746378 1.597342423772488e-05 0.0 0.0 0.0 0.0 0.0 0.0 0.0 0.0 0.0 0.0 0.0 0.0 0.0 0.0 0.0 0.0 0.0 0.0 5.093851473440345e-05 0.00019889913700897588 0.0 3.434808944556066e-05 2.253551057455649e-05 0.0 0.0 1.6325452013008346e-05 0.0 0.0 0.0 0.0 0.0 0.0 0.0 0.0 0.0 0.0 0.0 0.0 0.0 0.0 0.0 0.0 0.0 0.0 0.0 0.0 1.050704995772e-05 0.0 0.0 0.0 6.410219555931457e-05 2.2790766343624176e-05 0.0 0.0 0.0 0.0 0.0 0.0 0.0 0.0 9.595672534953037e-05 0.0 0.0 8.297032856389486e-06 0.0 0.0002368621721650672 0.0 5.583229178699585e-05 0.0 1.154009510388195e-05 0.0 6.613296276534737e-05 0.0 0.0 0.0 0.0 0.0 0.0 0.0 0.0 0.0 0.00010460344145064077 6.799186456832818e-05 0.00010159295040274243
0.02882427037189897 0.04446378375462065 0.020876691312249 0.017578876311423516 0.05609406679222613 0.0024216529707328993 0.0 0.005822167597628147 0.09921664300371652 0.09532928701940814 0.04252637284711063 0.02994731304352237 0.24284995137400214 0.19085201788404177 0.001087876693944316 0.00019071549922597197 1.5187381245960247e-05 0.0 0.0 8.971672372530505e-06 9.844637293784296e-05 2.921883915092112e-05 2.937950147785541e-05 3.654487326040189e-05 0.0 0.0 0.0 0.0 3.248931093196511e-05 0.0 0.00999124615498094 0.0027591539994252794 0.009891678355343055 0.0 5.816558540271615e-05 9.626643167237373e-06 0.005920230954477912 0.0002121007144167419 9.057523174679158e-05 6.074849328200721e-05 7.873218143003054e-05 0.00013623892868034506 1.6559959939813757e-05 7.954566308415749e-05 6.14092031298565e-06 1.4303500675435806e-05 0.006289871149538462 4.75986378036003e-05 8.164663411129683e-06 1.9278974558532074e-05 3.2899270492622344e-05 1.0784277656517892e-05 2.3830029474771288e-05 0.0 0.0001146041398708566 0.00016993995207755379 0.004569983680863486 0.019132878352550814 0.0037003857066895346 0.0012190610646976487 0.0001255924316537543 0.0009642044165633482 5.6583084175789274e-05 0.010259703843550561 9.722316407613102e-06 1.452527253777821e-05 8.431727864614107e-06 4.227217191153958e-05 4.3212778470153376e-05 5.273427543677617e-05 0.0034007328152364474 6.470413362817624e-05 0.0 0.01405187975823377 0.006797498467311103 0.006915635091261349 0.0031533479468777736 9.809235491962598e-05 0.0002158757378457481 0.0015638624182756121 5.7451101737881706e-05 0.001548335738544689 0.0002777677923369327 0.0 4.032862855850698e-05 1.9134770687115742e-05 3.902698935758633e-05 0.0 0.0 0.0 0.0 9.226665982300956e-06 0.00030862740794915624 0.00011002616180446491 7.875818668393566e-05 0.010406492018319434 0.000989939391684595 0.0 0.0001848597486159204 0.007546649710452487 4.218274239788881e-05 0.00016548767295874794 0.0010534784832991625 7.422002160518393e-05 0.0008900934268066571 0.0018075690365663237 0.0008584579206093551 0.0009542057761274866 0.0027050445237016773 0.0033710202637422535 0.00048751735108020405 0.002819207291637789 0.002476143573913777 0.0007987532982299155 0.0013316940477802457 3.311190877924245e-05 0.0 0.0 0.0 0.0 0.0 0.0 0.0 0.0 0.0 0.0 0.0 0.0 0.0 0.0 0.0 0.0 9.050535579416013e-06 0.0 0.0008378759316990668 0.0007173032774948118 0.0 1.3722922831277473e-05 0.0 0.0006705315714043734 0.0001184768931697641 0.0006651888035394759 0.00017493390040084123 2.8989352218201124e-05 1.793607880030115e-05 0.0 0.0 0.0 0.0 0.0 0.0 1.2481646655311332e-05 6.188516925320778e-05 0.0 0.0 0.0 1.873718003242257e-05 0.0 0.0 1.166431932074416e-05 0.0 3.422511844497719e-05 4.3806288828894084e-05 0.0 0.0 0.00014043101368053077 0.002053994276575514 7.656567532048363e-05 0.0 0.0 0.0 0.0 0.0 0.0 0.0 0.0 0.001541048342109203 4.401402670115723e-05 0.0 0.0 8.562827158240053e-06 0.001916471822750083 9.673519756014298e-05 0.0022335222653073646 1.9640200941301482e-05 4.057932871704789e-05 8.842664933968744e-05 0.0 0.0 0.0 0.0 0.0 0.0 0.0 0.0 1.119438015157231e-05 0.0 0.0019356891553256423 0.0004887107713296775 0.0003737145427622985
0.0014811969592971384 0.005567097380101402 0.08822704354111545 2.0638441223038948e-05 0.028521783203461524 4.668657951181617e-05 0.005822167597628147 0.0 0.01333584187116708 0.00014855660993705986 0.08652185451271012 0.0011732373340775431 0.011976325983034431 0.09118390500977082 0.0015681210883502221 0.0006484759044720759 0.0001516701262016978 7.8568702414833e-05 7.531519105323268e-05 0.00031564742493355255 0.0047535207270999105 0.00023728620229617066 0.0018970197227980783 0.0012173910198782169 5.2617703290770525e-05 0.00037375351169183945 1.457073109540039e-05 0.00014613941044311406 5.982294699599283e-05 0.0 0.030720205178590396 0.024165957057232415 0.03033175274532613 0.0013064321347076543 0.003466243230960582 0.0012734098688275371 0.006596401487011469 0.0014870502251518871 0.0009657508387097311 2.0082262483706345e-05 0.0036690456706168564 0.002157715232251478 0.0006397418730670477 0.0007582250478987321 0.0003401457892304615 0.002595755227327371 0.005749251077435532 0.00011685327628768148 0.0002703253445963702 0.0006622597634207251 0.0011049179167091484 0.0007299176614312962 0.0 0.0012642751299850596 3.151688284108444e-05 5.705931584550881e-05 0.002199365042055884 0.013619486548759835 0.0015888485993799694 0.0007763648718919739 0.005302817900040688 0.01438868192883607 0.003442679951619104 0.014106368866022786 5.6687052353101835e-05 2.526225313452229e-05 0.0002387912310475744 0.0006705109895285911 0.002480872256995708 0.005299261326434765 0.003770017671321082 0.0012302665984741017 9.456699656025588e-05 0.006281399582944468 0.0047312816008204485 0.00518323270439369 0.005229054637833911 0.0018180793828215633 0.06934695621551595 0.11358831189631542 0.007894167612184049 0.12574201769381663 0.0001781328385966948 0.0 7.352413296026914e-06 4.717335716587484e-05 0.0008425184978228079 9.053369880448577e-06 0.00013227011872462196 2.8873613291667284e-05 0.00019340113832423773 0.00012867596014637758 0.013413879915067916 0.002061566692327981 0.0012338110605914592 0.001917588786645341 0.0009470466751682328 3.831985834652995e-05 0.00043438947292615796 0.00103599535276495 5.625849641769654e-05 0.0 0.0001985322677658812 0.0 0.0005194089875883121 0.00034598694901595757 0.00010053365477873325 0.00023210056472054415 0.0005576274593830637 0.00023858909539078434 5.515054009911943e-05 0.0008024834842901252 0.0004729646561380045 0.00022168285959969935 0.0003732220565387366 0.0 0.0 0.0 0.0 0.0 0.0 0.0 0.0 0.0 3.0166744847590807e-05 0.00017580934106778905 0.0 0.0001240028263840625 2.6895790747633055e-05 0.0 0.0001509377770920422 5.721733016031683e-05 0.00012122785057789198 0.0 0.000643025277362674 0.00030608330845223957 0.0 0.000145452832179029 0.00011230120660496364 0.0008834589445363524 0.000247443999844604 0.0009302943594005031 0.00044242255269250536 0.00021565558161628395 0.0001867854617496704 2.2956627824579717e-05 8.268570621163821e-06 0.0 0.0 0.0 0.0 1.2327159636267302e-05 6.459632315749449e-05 0.0 0.0 4.7118039521917116e-05 0.00010802471579486935 0.00020884490458874497 0.0 0.0 0.0 2.0787940441293595e-05 3.8349093511363205e-05 1.711395537316453e-05 6.542153152891941e-05 0.000399510773740422 0.002190619272417516 6.428400472547771e-05 0.0 0.0 0.0 7.304876431624642e-06 1.903785168201754e-05 0.0 0.0 0.00015128323259471142 0.0008081988767092008 0.00016046447050302941 0.0 8.039739425393995e-06 4.743856618185253e-05 0.0009577108892859338 0.0002738800675066866 0.0019146359171271102 0.0 2.15845206110127e-05 4.480323863657155e-05 0.0 2.266830069403743e-05 1.0555241204244029e-05 0.0 0.0 0.0 0.0 0.0 5.090649201011776e-05 2.5106830606461543e-05 0.0003706186812666641 0.0005287371071863977 0.0009369293781828574
3.887000268012688e-05 0.007062674133510076 0.027009163807089138 0.0 0.0836117856131479 0.0 0.09921664300371652 0.01333584187116708 0.0 0.0025559357608979038 0.0474567576790013 0.002421483602278606 0.1240249301602742 0.15577330280265805 7.738680023908247e-05 2.1360272122337825e-05 0.0 0.0 0.0 0.0 2.04934454544173e-05 0.0 0.0 0.0 0.0 0.0 0.0 0.0 0.0 0.0 0.00029412358573217053 0.00010958401694011285 0.0055880249095298425 0.0 2.0474318664346932e-05 0.0 0.0024934154548604884 9.681515208131236e-05 0.0 1.2129211076676618e-05 9.812167950313432e-06 1.6107369348424868e-05 0.0 0.0 0.0 0.0 0.0003021518043741849 0.0 0.0 0.0 0.0 0.0 0.0 0.0 0.0 0.0 6.801051581362683e-05 0.00035068867507702557 5.651382060559891e-05 3.0904582367133095e-05 0.0 2.006802188229465e-05 8.89568343411564e-06 0.00027732796422916077 0.0 0.0 7.154542639069774e-06 0.0 0.0 6.5640589669957685e-06 0.000556044753577047 0.0 0.0 0.00024321647388805552 0.00015244113466260278 0.0002886717629866973 0.00012562275948769974 1.8474341288747215e-05 9.771463485579997e-06 0.005464748736556801 0.0 0.00032485106560703497 1.148691131466911e-05 0.0 0.0 0.0 0.0 0.0 0.0 0.0 0.0 0.0 8.793941239879798e-06 0.0 0.0 0.0003299269905328928 9.709935443676204e-05 0.0 4.5865248659299086e-05 8.848267894597434e-05 0.0 6.336561735277884e-05 0.0 1.3745528143289102e-05 1.9064952992105913e-05 9.230994184879202e-05 0.0 3.2322376426909296e-05 0.0001354758601913336 9.281773085923856e-05 0.0 6.495156865025039e-05 6.532932935892869e-05 1.8282898615178696e-05 4.8407240720624836e-05 0.0 0.0 0.0 0.0 0.0 0.0 0.0 0.0 0.0 0.0 0.0 0.0 0.0 0.0 0.0 0.0 0.0 0.0 0.0 3.157674864401267e-05 4.049866900769146e-05 0.0 0.0 0.0 1.0054856331055078e-05 3.595082164771161e-05 6.886948312194416e-05 0.0 0.0 0.0 0.0 0.0 0.0 0.0 0.0 0.0 0.0 0.0 0.0 0.0 0.0 0.0 0.0 0.0 0.0 0.0 0.0 0.0 0.0 0.0 0.0 0.0001345337877083808 8.523457876904133e-06 0.0 0.0 0.0 0.0 0.0 0.0 0.0 0.0 3.971108083412586e-05 0.0 0.0 0.0 0.0 9.014501682399891e-05 0.0 7.688692410396126e-05 9.679994955172997e-06 0.0 0.0 0.0 0.0 0.0 0.0 0.0 0.0 0.0 0.0 0.0 0.0 4.714981566743229e-05 8.309902506933666e-05 8.32291637896203e-05
0.06736284899506811 0.028752042546889834 0.0014690277787501402 0.13420579681980593 0.046527682802684385 0.04996592371592273 0.09532928701940814 0.00014855660993705986 0.0025559357608979038 0.0 0.0013171037861559086 0.06622332803459366 0.31388437325328017 0.05670225328263189 9.01224277699282e-05 4.1550053111203695e-05 0.0 0.0 8.317883665610878e-06 0.0 0.0 7.404968173892095e-05 0.0 0.0 0.0 0.0 0.0 2.0549760929498586e-05 0.0 0.0 0.0017926245083127565 0.0003091776986042214 0.015071797880146969 0.0 1.7589971625166968e-05 9.45571733768732e-06 0.027957003552744095 0.00013200188573163447 0.00014553111348711265 0.0 2.9290276543294448e-05 0.0 0.0 0.0 0.0 0.0 0.001105221106307342 0.0 1.2623067709174651e-05 7.6119821613360714e-06 0.0 4.604966654756462e-05 0.0 1.3754868330343834e-05 2.047732231893068e-05 0.0 0.0019939193938174715 0.005060229007058801 0.0005236151485782578 0.00014161339072363881 2.183310046309283e-05 0.000556203396532237 0.0 0.001523636155809823 6.8831854117700175e-06 0.0 0.0 0.0 0.0 1.5325451809167014e-05 0.013453236199534896 0.0008388707456197567 2.3374922967026063e-05 0.001821660039857294 0.0009660515367784801 0.0008649858815282096 0.00044299475769709327 3.613036825043098e-05 1.845535336858881e-05 0.00038970664398706184 0.0 0.0003881503200772481 3.794567709450941e-05 0.0 0.0 0.0 0.0 0.0 0.0 1.6796594947221994e-05 0.0 4.549914015235623e-05 4.254480945168627e-05 3.269479233751232e-05 1.2169370900389457e-05 0.030961033663762433 0.0021342173484450826 0.00022734786188574228 0.0004198358343459712 0.036482989982489146 0.00019706074934035676 0.00039968342020205204 0.002624908945295963 0.0002727824146581634 0.0018772895957985141 0.0048034338866942035 0.002670494881852957 0.0031751780992342474 0.007822796518338936 0.012807432266652093 0.0009556814687793404 0.008504129036531163 0.006288573133148709 0.003909858457392108 0.0037481433427520756 0.0 0.0 0.0 0.0 0.0 0.0 0.0 0.0 0.0 0.0 0.0 0.0 0.0 0.0 0.0 0.0 0.0 0.0 0.0 0.001801570133431701 0.0012256050769460839 0.0 0.0 0.0 0.0013036962287657407 0.0001486796202276672 0.000851938272917621 0.00023234046283217657 6.486435699070587e-05 0.0 0.0 0.0 9.869844350531999e-06 0.0 9.739612147088098e-06 0.0 0.0 3.5963102489829037e-05 0.0 0.0 0.0 0.0 0.0 0.0 0.0 0.0 3.0437518821260297e-05 4.756589295577237e-05 0.0 7.862730416285523e-06 2.0635098861352845e-05 0.0025596170396847743 0.00011562724396356426 0.0 0.0 0.0 0.0 0.0 0.0 0.0 1.9625735438373818e-05 0.003355939990488445 0.0 0.0 0.0 0.0 0.0042512768877536284 3.8538487006962436e-05 0.0022264088857424443 5.112190566273462e-05 2.3321176246609096e-05 5.45831562514265e-05 0.0 0.0 0.0 0.0 0.0 0.0 0.0 0.0 1.0610470784355142e-05 0.0 0.00411376926591221 0.00036583705894204833 0.0007048730851902487
0.0017953620969515544 0.05444564924670942 0.11154442488828532 4.832633917439731e-05 0.10681162105916683 5.832703217529951e-05 0.04252637284711063 0.08652185451271012 0.0474567576790013 0.0013171037861559086 0.0 0.004715464425556113 0.05474770992464738 0.22331194206958407 0.0004924059066241065 0.0002863061458747845 1.9236486462197612e-05 2.1586361822821134e-05 0.0 2.242306862295704e-05 0.0003509737546838704 0.00011027927491240303 0.00014384675355070674 7.28018509031099e-05 1.2349991204623311e-05 6.409135015789693e-05 0.0 7.839469638289407e-05 7.217065802440304e-05 0.0 0.01237541104868876 0.0037943758054583 0.055191025853902724 2.7661037800726865e-05 0.00035759809606353033 0.000245465324436086 0.014792861643822292 0.002638523080825276 0.0009784704948458723 2.0807151230725353e-05 0.0004012489528805648 0.0004765800204905136 4.302607430894689e-05 5.1416612680256996e-05 8.499129223155691e-06 3.275304183014809e-05 0.0016357997606222094 0.0 0.0 1.3546278271011145e-05 6.619586067425596e-05 9.527747873938306e-05 8.009068277929568e-05 0.00021396284545323666 0.0 1.873015389229118e-05 0.0007673281731751036 0.0040813330798344215 0.0005974883293687238 0.00031169810553932783 2.3944870827483867e-05 0.005641107407706314 0.0002235279089596078 0.0035384325131337163 1.6760969056781378e-05 7.282085508120923e-06 1.64191505909773e-05 0.0 6.744994810766184e-05 0.00029107462026710076 0.008421931451963367 0.0001581634455129511 1.278182379253685e-05 0.0024599970574758754 0.0014809682574874815 0.0017237683282509645 0.0011156739834511107 0.00018732430952398934 0.004678534886704044 0.07459455271454464 2.8216705092334903e-05 0.015565121552277534 0.00010439746688755257 0.0 0.0 0.0 5.171553524637536e-05 0.0 0.0 0.0 4.3992978764402264e-05 0.0 0.0010012213350736848 0.00033505940028738323 0.00032251304431757985 0.0019806583035395777 0.00018835370950431572 0.0 0.0005239119901279392 0.0006187601969051026 0.0 0.0 0.00016072468900856095 0.0 0.00013070380431011696 0.0003167219610223396 6.578927531375246e-05 9.530727141610682e-05 0.0002685426620526339 0.00034888194500643584 5.2680936519710445e-05 0.0005563157599037887 0.0003528347232775899 0.00011499096505900834 0.00036782968027679894 0.0 0.0 0.0 0.0 0.0 0.0 0.0 0.0 0.0 0.0 2.6109342662174003e-05 0.0 1.3763577167359755e-05 0.0 0.0 0.0 1.1705572490983417e-05 1.0967837260986036e-05 0.0 0.0003626533835656413 8.726345869909979e-05 0.0 0.0 1.3253388078385838e-05 0.00017912178611037192 7.113849690377825e-05 0.00030733702804973227 0.0001929551172958062 1.6142924110373993e-05 3.1919025719233354e-05 1.184077352761897e-05 0.0 0.0 0.0 0.0 0.0 1.3217237191936564e-05 2.0812232514674984e-05 0.0 0.0 0.0 4.5288210981774644e-05 3.895921677606055e-05 0.0 0.0 0.0 0.0 0.0 0.0 0.0 0.0 0.0005415129372180512 6.904785170136151e-05 0.0 0.0 0.0 0.0 0.0 0.0 0.0 0.0 0.0005098693000180498 4.565748436788196e-05 1.4645321173482503e-05 0.0 0.0 0.0004747663218599998 3.769455084243373e-05 0.0005453344353259866 3.8308980429230504e-05 2.5296236972930665e-05 0.0 0.0 0.0 0.0 0.0 0.0 0.0 0.0 0.0 0.0 9.427864775245905e-06 0.0002637575720447041 0.00015133875820483 0.0003178839695751401
0.000502317501366904 0.005295548442888172 0.0012601999219672719 0.0011626324268960517 0.005001074938848552 0.002379140061393528 0.02994731304352237 0.0011732373340775431 0.002421483602278606 0.06622332803459366 0.004715464425556113 0.0 0.07539490216592995 0.022221949634147316 0.00015229922993499734 7.014836730231394e-05 0.0 0.0 0.0 0.0 3.79873793903664e-05 0.0 0.0 0.0 0.0 0.0 0.0 0.0 2.7466119314873917e-05 0.0 0.0005581064488060106 0.0002764733405007242 0.013625753831886328 0.0 1.1634859931809142e-05 0.0 0.0280738104999969 0.0009995995011457888 0.00115401632923958 0.0 7.55456710751768e-05 0.0 0.0 0.0 0.0 9.162793274351778e-06 0.0002872150325132621 0.0 0.0 1.0869827619018225e-05 0.0 5.532500338564656e-05 0.0 3.5723230797350635e-05 0.0 3.985144850890084e-05 0.00021236505566512329 0.00036167462571643177 8.3479287468673e-05 2.62121829448357e-05 0.0 0.001688192248754235 8.15328894921817e-06 0.000691762444542739 0.0 0.0 0.0 0.0 0.0 5.746304996962462e-05 0.01786369750507168 0.00031985610658175404 0.0 0.0002925594437850202 0.00014602544295472556 0.00026994622228514035 0.00028442010821359083 1.9082969500294744e-05 5.128784504632371e-05 0.002104156656855726 0.0 0.0009099591999039894 9.9656002354407e-06 0.0 0.0 0.0 0.0 0.0 0.0 0.0 0.0 0.0 0.0001474137315614008 4.422963748130767e-05 0.0 0.04315196345411904 0.0015683990591724025 0.0 0.0007166693356692622 0.002233123786562649 9.98942164143265e-05 0.00039072410928392935 0.001724380651756999 0.0002889566298854819 0.001570625977080727 0.004136532617980383 0.0008944288106528816 0.0023933224742798687 0.005785355989137564 0.008145473189348012 0.0006941263884415663 0.006643086072215867 0.004094338396121381 0.001824874226646896 0.003053581698748619 1.1148302437367009e-05 0.0 0.0 0.0 0.0 0.0 0.0 0.0 0.0 0.0 0.0 9.256341466367286e-06 0.0 0.0 0.0 0.0 0.0 0.0 0.0 0.0016297297615119734 0.0012253321968916525 0.0 0.0 0.0 0.0015400449467053675 0.00021585539645200869 0.0007531709418069942 0.00024442847222209355 2.8013561443208196e-05 0.0 0.0 0.0 1.0648677622915755e-05 0.0 0.0 0.0 1.0208658484338133e-05 0.00012648556841197205 0.0 0.0 0.0 0.0 1.7323387458353684e-05 0.0 0.0 6.530812155242141e-06 7.348490864557303e-05 5.777382999398247e-05 0.00011737771613928019 0.0 0.00013487019702176017 0.0023113804672528866 0.00013869123042355117 0.0 0.0 0.0 0.0 0.0 0.0 0.0 0.0 0.003220484037468346 2.069130527274716e-05 0.0 0.0 0.0 0.004425905516862424 0.0 0.002681879252302043 2.8459065604601473e-05 8.806803303384884e-06 2.2783713106924593e-05 0.0 1.8763946022479615e-05 8.806230752899051e-05 0.0 0.0 0.0 0.0 0.0 0.0 0.0 0.004055834867751866 0.0006560445538015642 0.000629266758447181
0.0023987593708807557 0.04513843196774394 0.029442861984795433 0.015176493766281883 0.0737200951612194 0.001491794767177765 0.24284995137400214 0.011976325983034431 0.1240249301602742 0.31388437325328017 0.05474770992464738 0.07539490216592995 0.0 0.21833302939556712 0.001017307211424222 0.00047826960532268057 1.2885480359315241e-05 9.387432631022775e-06 0.0 0.0 0.0002178159049663843 6.896526407117843e-06 8.581666047273415e-06 2.863463036662547e-05 0.0 1.3289163677365697e-05 0.0 1.4223167479726052e-05 0.0 0.0 0.0043707691242202635 0.0021508596738232196 0.07936278646833556 9.335145060802774e-06 0.0001005096316387911 9.476656955910953e-05 0.062174929083632 0.0013591937200980939 0.0008851059376278116 7.705108324302034e-06 0.0002744182981566651 0.00019549523698427014 5.469289193327808e-05 4.234537870981565e-05 2.64758603272965e-05 3.6483981174953496e-05 0.004115062648788803 1.3808554083482379e-05 0.0 8.101731766993704e-05 4.938510573791262e-05 0.00012730621846321344 8.898223737383352e-06 6.918956065626185e-05 4.599885980479614e-05 2.9754089178398786e-05 0.0019714297658618295 0.005923288122751586 0.0014793475365511247 0.0006203753210453005 0.00012626443399639634 0.003325091117988094 0.00012601130869500249 0.00642303082488723 1.70498604733562e-05 1.8101935539357254e-05 7.733221013798062e-06 2.7641852075620695e-05 9.351120655475612e-05 0.00024872318615170913 0.02602637615693588 0.0005646731815268724 0.0 0.005350275486319875 0.0036309756409354924 0.003839071469364332 0.0026287616674568375 0.00024184036722102377 0.0007011505606846945 0.0051311367780392785 5.967350874501661e-05 0.004385882715075611 0.00012527725114672253 9.169110161810826e-06 8.711198481843837e-06 0.0 2.470176942791868e-05 8.446486010478214e-06 0.0 0.0 0.0 3.356920265745474e-05 0.0008449407650524192 0.00027454334509307887 0.00022267545363404044 0.0582675972470955 0.002491314042159288 1.6648685620105835e-05 0.0007027162200396634 0.001960488167562649 5.793499089777143e-05 0.0002709445567274523 0.0025017496594665345 9.896372568203183e-05 0.0018916508785507841 0.00482684952631942 0.0011053964908771879 0.002922887966232898 0.006785370428161 0.006066742280222531 0.0010121826197070681 0.007713573429041929 0.005218006385410095 0.0022898412710714838 0.004291048552449739 9.316033851259114e-06 0.0 9.261241880724251e-06 0.0 0.0 0.0 0.0 0.0 0.0 3.3104726156429766e-05 1.6047328772631814e-05 0.0 2.1961421003651004e-05 0.0 3.1907968964583854e-05 0.0 0.0 1.5730977693854312e-05 0.0 0.0021997042944766803 0.0016950359090794022 0.0 2.3237918653777534e-05 1.0976292745089396e-05 0.0020976580855521436 0.0005855031297778293 0.0016698344437085404 0.0006062565505460787 0.00012560911094630303 2.118850155727449e-05 0.0 0.0 6.554068394563086e-05 0.0 9.059820895920159e-06 0.0 1.773801372546725e-05 9.833918772047211e-05 0.0 0.0 0.0 1.15203254477313e-05 2.3617325478973313e-05 0.0 1.4118916143275911e-05 1.3685376471566464e-05 4.0093493346147995e-05 0.0002237665436937484 4.620952139676688e-05 0.0 0.00013079622799455263 0.004517451260972726 0.0004046730032682043 0.0 0.0 0.0 0.0 1.5982176429249906e-05 0.0 0.0 0.0 0.0036771603950528134 8.121016665539457e-05 0.0 0.0 7.75900610808666e-06 0.005922440564453305 9.880179997760572e-05 0.0053813249909561885 0.00011015566036832502 0.00010310292766491165 5.1881840433635e-05 2.342882007339649e-05 0.0 0.0 0.0 0.0 0.0 0.0 0.0 0.0 0.0 0.00458718220902916 0.0008431521937470012 0.0014179674209098046
