0.0 0.19776872422081232 0.03344574717727278 0.0917872996681158 0.007092082916382316 0.014927469308452188 0.025859745240462133 0.0009394262697844333 0.002007254061142697 0.06964668915428311 0.013111392228276644 0.04451817192794827 0.03946923121646569 0.0071986923031445065 9.343529414235104e-05 3.560955232486233e-05 2.9479175006878564e-05 0.0 0.0 0.0 0.0 0.0 0.0 0.0 0.0 0.0 0.0 5.765051475208645e-06 0.0 0.0 0.07662770778747786 0.0018923495398304156 0.00039788777197208725 2.358062678848615e-05 0.0 3.463159998545463e-05 0.0005817433191100386 8.29785502887587e-05 6.639823031415532e-05 0.0 7.390838467612211e-06 0.0 0.0 1.6685024784983067e-05 1.162033295940007e-05 2.9778919086771728e-05 0.0021411917913716993 2.6257748319929686e-05 1.1951696586898397e-05 6.711710052005849e-06 1.225369032409065e-05 8.34672496655625e-06 7.3430122356307925e-06 0.0 0.0004939019065197864 0.000682087474953867 0.008918790793158726 0.03992755710338682 0.005831608261846727 0.005915026919312534 3.84559885457819e-05 0.00015041124097137486 5.127155502767839e-06 0.009706386709000946 7.527466526845553e-05 3.458834668055876e-05 2.2537252843094644e-05 0.0 4.755567624751595e-06 1.1383790173710225e-05 0.0007469322266282225 0.0006882886868825626 1.6333057121752906e-05 0.018638195299552664 0.00651807127946204 0.0030577521474575405 0.0006141002206187755 3.378392831934437e-05 3.558033115167596e-05 0.00043473690188234693 6.2233407376791e-05 0.00020538922651698854 0.0006368056088594037 2.232212084620741e-05 4.338378899827478e-05 4.181997377258319e-05 0.0 0.0 1.7089440350683958e-05 7.0248879134579974e-06 5.498865239293541e-06 1.2015288823095324e-05 1.663065748664295e-05 2.6719602515790708e-05 0.0 0.0021464559720432265 0.0014750163404522478 0.0001207187802483728 9.704818557104464e-05 0.10681651885338109 0.0 8.830967903061911e-05 0.0001051316096127607 0.00011230037760917168 7.527423950974492e-06 0.00020078066402423036 0.00034168437775274535 0.00019010517419852739 0.00013883859348494325 0.000235024741017685 7.58897244588422e-06 7.375075646639392e-05 0.0002453747243824504 9.543197914439279e-05 0.000254552372184719 0.0 0.0 0.0 0.0 0.0 0.0 0.0 0.0 0.0 0.0 0.0 0.0 3.6228893971438555e-05 0.0 0.0 0.0 0.0 0.0 0.0 0.00019999424640308047 1.9649099729261715e-05 0.0 0.0 0.0 0.00025009693560280074 8.746128417155877e-06 6.20635575046367e-05 2.379407166674448e-05 2.127954221410825e-05 0.0 0.0 0.0 0.0 0.0 0.0 0.0 0.0 0.0 0.0 0.0 0.0 0.0 9.929900773801528e-06 0.0 0.0 0.0 0.0 0.0 0.0 0.0 0.0 0.00010385528944854421 1.9039527653472322e-05 0.0 0.0 0.0 0.0 0.0 0.0 0.0 0.0 0.00038526579389736916 0.0 2.0247121110499496e-05 0.0 0.0 1.4778515577321909e-05 0.0 1.736639141811008e-05 0.0 4.511422857598257e-05 0.0 0.0 7.240046271573805e-06 0.0 0.0 0.0 0.0 0.0 0.0 0.0 0.0 0.00017309714478241318 1.2034312677257569e-05 4.396172362071884e-05
0.19776872422081232 0.0 0.17096555373258338 0.06845732069428144 0.17756106010135686 0.008522380489462052 0.15456787012018103 0.003346451581843354 0.0517792597550515 0.08256225760984721 0.04496306426533896 0.004442236375268468 0.06634924724552166 0.14629086554235152 0.00033787577061546544 0.00048140756752430966 5.5464400945783007e-05 0.0 1.299319490600759e-05 8.359029194339812e-06 5.288988079763143e-06 0.0 1.544418285537736e-05 6.5486245705806464e-06 6.8052227800189224e-06 0.0 0.0 1.173060098377279e-05 9.836674537631096e-06 2.0264633421762793e-05 0.13039064033128214 0.0059742167353372625 0.0030263976679742927 2.4621798327837326e-05 1.022237313366091e-05 2.6966070055348823e-05 0.0021605537088925566 9.305353132748587e-05 0.0001647473290861517 3.250586632451514e-05 0.0 8.078427345446656e-06 0.0 4.4065990237846175e-05 2.378203503030005e-05 0.00011684283907258308 0.007512030075290872 9.042839115450547e-05 3.623301975240163e-05 1.8612930357378367e-05 0.0 8.66219128107785e-06 6.1053381298893265e-06 0.0 0.0006630976242895746 0.0010102322109196231 0.005539646647309349 0.031029390635899143 0.004351531240952075 0.007811011808348866 5.835123898247713e-05 0.0007585975626812383 7.050199268802936e-05 0.025605149019606654 0.00011207981868086936 5.5021917776490765e-05 2.6572012462951856e-05 0.0 6.856669950567087e-06 2.272280057817549e-05 0.002955698726071132 8.245161121430527e-06 1.8784044573741e-05 0.018208420551031387 0.010254122959452463 0.008855112424880402 0.004624666976143343 0.0004990905841562354 0.00025073153741643283 0.0014268293406336948 4.5412286034628496e-05 0.0004143781444504971 0.0010649184174554268 7.179006001255766e-05 8.74681336145537e-05 8.027424088040083e-05 1.449116276700478e-05 0.0 0.0 0.0 1.2435207775489305e-05 2.842512774820355e-05 0.0 0.0 6.166149505162253e-06 0.0022574454346034195 0.00017588074926371116 0.0 0.0001693621207869607 0.07384334519952343 3.152393194744736e-05 0.00024285327286909525 0.0001818221454209374 0.0003061015283576678 9.913455296484912e-05 0.0007045464384297602 0.000782071664242428 0.0006863590757884164 0.00045589205391429046 0.000878077207516519 0.00017636333283548518 0.0015423298032770651 0.0011582872156473839 0.0015124601423755714 0.0017292428167261808 7.70447173172256e-05 0.0 0.0 0.0 0.0 0.0 0.0 0.0 0.0 0.0 0.0 0.0 1.7006684993456833e-05 0.0 0.0 1.302019576741346e-05 0.0 1.8137181804530773e-05 0.0 0.0012027052655640693 0.00048068714697973723 0.0 2.7779554689666892e-05 0.0 0.001037291006347799 2.1270803715525927e-05 0.00038188762981126534 7.417926370810548e-05 0.00016491784992618056 0.0 0.0 0.0 0.0 0.0 0.0 0.0 2.3691586173381915e-05 4.7873442454885454e-05 0.0 0.0 0.0 0.0 3.6733293698077254e-05 0.0 0.0 0.0 5.693032101355607e-06 8.455670005421589e-05 0.0 0.0 9.755835094601655e-06 0.0004431732142407667 0.0002710341215570942 0.0 0.0 0.0 0.0 5.380812197002302e-06 0.0 0.0 0.0 0.0021978737985649337 1.4327006422841358e-05 0.0 0.0 0.0 0.00046760745789847964 2.8901102112329903e-05 0.00010097563559270979 4.3033257275929544e-05 0.00019312881059793913 0.00011457398383573927 0.00010418378716285278 2.049960945518817e-05 0.0 0.0 0.0 0.0 0.0 0.0 1.579822460017666e-05 0.0 0.0013124128820496779 0.0002899900343778115 0.0005343928585610301
0.03344574717727278 0.17096555373258338 0.0 0.0006553500930328553 0.11914092676173736 0.0002682433085232347 0.0046057497859778775 0.09819009604205119 0.06414828482714459 0.0010005630067802308 0.13707169155474205 0.001287755563209788 0.009303876733346384 0.11696971864503859 0.00034517700676976395 0.0006415504768096432 5.3905618725222864e-05 6.693865987167818e-06 1.321545139795391e-05 2.9590139862972718e-05 0.00013061892317416468 0.0 2.931283714670502e-05 4.3592915111481586e-05 0.0 0.0 0.0 8.076559677271088e-06 1.6972890395803257e-05 0.0 0.34495931067934055 0.037734220274942956 0.01448929988811732 0.00024174093894451058 5.595587869660244e-05 7.89793440081446e-05 0.004888016798575584 0.00025812254151214156 0.0005805455006949967 7.638841125960489e-05 8.177487023072093e-05 8.037984943327728e-05 5.4547875740157256e-05 5.6109047382266114e-05 2.260025717415614e-05 0.00023750312325736264 0.004094209808223507 8.838690449842514e-05 2.082593162206664e-05 9.397467870098264e-05 6.667264075600465e-05 2.250891452237476e-05 7.954630042234068e-06 7.376641205187843e-06 0.00038534314271582973 0.0004096222801375786 0.004479074983815544 0.030833298140801532 0.0028098740792388594 0.0041467206272374395 0.00024616823665575907 0.004001384632779403 5.942168193056347e-05 0.0267769172327577 7.196262956769037e-05 4.522155707467816e-05 1.8153990320729248e-05 3.1039311100347874e-05 3.8048759291966695e-05 0.000387179966761821 0.006447839766905893 0.00015541168501171824 7.672034687602512e-06 0.01135979618893097 0.006049922641457095 0.0053184225182729816 0.0033169968650827776 0.0005295728919470107 0.0020523968498716246 0.03491925739578891 0.00023078437177303683 0.009448492738241067 0.0005241461833589115 2.788072958232569e-05 3.155228518961738e-05 4.494633440855966e-05 2.324607693400175e-05 0.0 0.0 5.093889621830811e-06 0.0001249418784118683 1.9278119154266075e-05 0.00019117301782999976 0.00012624056632722287 0.00010054793808835898 0.0027413274331674104 0.00043206545050195576 0.0 0.0004673372264574322 0.03824330668681876 0.00015843147714819278 0.00010437695577990064 0.00012947857671385482 0.00013801284938719208 0.0002722139740487887 0.000220227437345113 0.00023137011976415462 0.0005849855035236557 0.00026449614990714857 0.0006879114935131114 0.00014966946186307524 0.0012157670498999249 0.0011150606425294322 0.001183611168177917 0.0017427729391253635 2.8629972897365843e-05 3.1712464469937416e-05 0.0 0.0 0.0 0.0 8.322281144322306e-06 0.0 0.0 0.0 0.0 0.0 8.172983978111368e-05 0.0 8.931940460856836e-05 0.0 0.0 0.0 1.6461109027781432e-05 0.0014079576131425095 0.00047452769024234335 0.0 7.655760210104474e-05 5.210624503216884e-05 0.0014736121046645806 0.00010813114140423832 0.0015394425071518522 0.00016216826983286826 0.0003157424603281023 0.0 0.0 0.0 7.210378151217646e-05 2.9287151859819617e-05 1.8624084638737984e-05 0.0 1.9120551127720128e-05 3.37592825601519e-05 0.0 0.0 0.0 9.776913135066192e-06 9.813748226876164e-06 0.0 0.0 0.0 5.254990848816698e-05 0.00014321368004739657 0.0 1.4338001542066172e-05 0.00011809145010389379 0.0010565707613903821 0.0003557290738206528 0.0 0.0 0.0 0.0 0.0 0.0 0.0 0.0 0.003325033336792109 1.316768534915472e-05 9.48037716695264e-06 0.0 0.0 0.0005153657699257742 0.0 0.0005032893349895412 2.276527349122916e-05 0.00036683398358343405 0.00022174370089350572 0.00015469123313210044 0.00010493439380105381 0.0 4.820879408862392e-05 0.0 0.0 0.0 1.5723418894201243e-05 0.0 7.238646142169212e-06 0.001217947700963333 0.0011524898711697872 0.0011403316462941513
0.0917872996681158 0.06845732069428144 0.0006553500930328553 0.0 0.00391929757000032 0.05467804143572327 0.05516480006605205 2.3435017309462242e-05 0.0008416860756020234 0.13778516244883432 0.00020325366708113336 0.07432717833680415 0.09131755147154609 0.0018159237563067953 1.014732420804824e-05 0.0 0.0 0.0 0.0 0.0 0.0 0.0 0.0 0.0 0.0 0.0 0.0 0.0 0.0 0.0 0.0060667744845729465 0.0001218832089344416 0.0001989598536785268 5.532378318921184e-06 6.607047021686524e-06 0.0 0.0002799596257001723 0.0 7.073909850977112e-06 0.0 0.0 0.0 0.0 0.0 0.0 0.0 0.0006964877491785559 1.3465476211224855e-05 0.0 0.0 0.0 0.0 0.0 0.0 3.681101455802791e-05 0.00011777104429199495 0.0011770852008346068 0.005707435880628934 0.000822076220778769 0.0010308356050290992 0.0 1.1498221282671371e-05 0.0 0.001997284604101962 7.94327034224422e-06 5.1793333269910824e-06 0.0 0.0 6.844503000124796e-06 5.576902931368791e-06 0.0007768695165155577 0.0 0.0 0.003225859442429209 0.001213322428933329 0.0005878346365479969 0.00022258510007935984 6.495292323498416e-06 2.4487042711643593e-05 3.4254882610262716e-05 0.0 8.250683052744824e-06 9.221552279248481e-05 2.668231082760653e-05 0.0 0.0 0.0 0.0 0.0 0.0 0.0 0.0 0.0 0.0 0.0 0.0003736838961066155 0.00018747295628436495 0.0 2.2358468006597877e-05 0.03494834593270238 7.270266734275888e-05 0.00027028187057508797 0.004477949418295051 0.0025345514160274923 1.9054136747920493e-05 0.004401557858609466 0.00048539906438901926 0.00032843941122903734 0.0023020115734467598 0.0011969977929806523 1.4602937857841411e-05 0.0018876645063978467 0.0008880688353452505 0.000185946804290966 0.0001524322524135762 0.0 0.0 0.0 0.0 0.0 0.0 0.0 0.0 0.0 0.0 0.0 0.0 0.0 0.0 0.0 0.0 0.0 0.0 0.0 0.0002058950587028404 4.5869536963122035e-05 0.0 0.0 0.0 0.00013239540587056241 0.0 0.0 0.0 1.9305905381330866e-05 0.0 0.0 0.0 0.0 0.0 0.0 0.0 8.53796622962798e-06 1.8819550164343703e-05 0.0 0.0 0.0 0.0 0.0 0.0 0.0 0.0 0.0 2.184204606758322e-05 0.0 0.0 0.0 0.0 8.532191329995676e-05 0.0 0.0 0.0 0.0 0.0 0.0 0.0 0.0 0.00022985456299511677 0.0 0.0 0.0 0.0 2.2868461287511537e-05 0.0 1.261718928398724e-05 7.891014429098591e-06 0.00011823364555512616 3.523973413083242e-05 2.0437521301165132e-05 5.695480711323207e-05 0.0 0.0 0.0 0.0 0.0 0.0 0.0 0.0 0.000245404980109513 0.0 1.0500242367652172e-05
0.007092082916382316 0.17756106010135686 0.11914092676173736 0.00391929757000032 0.0 0.0008572348896552928 0.07687440491344158 0.011979228431589089 0.07822220043583174 0.025633743714714226 0.052328120730697175 0.0013791112931448339 0.056802493517682136 0.18850138823676102 0.0002588580680354518 0.0006497684669651363 3.8989929759403245e-05 0.0 2.2607860647764653e-05 0.0 5.148941317350578e-06 0.0 0.0 0.0 1.3405905305840043e-05 0.0 0.0 9.026645711164918e-06 0.0 0.0 0.007242228508289981 0.0021988191430593555 0.0027964050840523103 5.527906111624074e-05 0.0 0.0 0.001592917478402032 0.0001273625111578412 0.00018453639201770525 5.817539168213081e-06 1.5648087953180973e-05 0.0 7.628424262666674e-06 9.147473645800102e-06 1.8350894274128242e-05 3.5991390741741516e-05 0.0045524444974796106 2.515992053178727e-05 2.5664150651276065e-05 0.0 9.08615643336751e-06 0.0 3.196290708381222e-05 1.4387406463472158e-05 0.00017052424510374654 0.00026009091803636376 0.0007096774217818701 0.003877934493269171 0.0007573254043581559 0.00277936479197409 5.8228500107460976e-05 0.0008032514421382966 0.0001175016867505439 0.010323077592290014 4.626602327021975e-05 3.942973303625076e-05 0.0 8.687871096764864e-06 0.0 1.619501132580381e-05 0.004528290347844104 0.0 9.750066461978414e-06 0.004383926036975581 0.003469119296961183 0.004100974143245858 0.004081864963257907 0.0006635855353164295 0.00020618613839402025 0.0014688313257576761 4.167960271732096e-05 0.00046266517219957477 0.00023320819024861417 7.679126852852973e-06 2.4756578315732947e-05 2.3402498993177108e-05 6.347638108423972e-06 6.717190700641431e-06 6.015589586364324e-06 9.473965320352134e-05 5.70197402904147e-06 0.0 7.106615779628635e-05 0.0 7.652901906854263e-06 0.0033581251411075406 0.00016462076335655695 0.0 0.00032376265422747814 0.002282711576462302 7.540331602201624e-05 0.0002784418476245906 0.00034918396822539627 0.0003505402474670841 0.00030705549894241417 0.0009249509909011002 0.0006492907467913438 0.0011248181542976474 0.0006243073549727924 0.001566581415845818 0.00034427875984317525 0.0027361350182050835 0.0018476480604500357 0.0025028871562969885 0.002949286434811407 2.9310877960301935e-05 0.0 0.0 0.0 0.0 0.0 0.0 0.0 0.0 0.0 1.8323054827224623e-05 1.048944222204249e-05 1.451147832136728e-05 0.0 0.0 0.0 1.9728773309653727e-05 2.285523789839949e-05 1.2698293334065792e-05 0.001851951192795635 0.0005122770963964106 0.0 3.110089988317297e-05 0.0 0.001722140997297484 0.0002620713436315721 0.0014644990687309352 0.00016524514944804306 0.00027141224055383576 0.0 0.0 0.0 0.0 1.7033967372888636e-05 0.0 0.0 1.1768580550808324e-05 4.1797688586802506e-05 0.0 7.267042159162961e-06 0.0 0.0 0.0 0.0 0.0 0.0 1.640198029470237e-05 0.00012751039367110277 6.666044446004375e-05 0.0 6.443973178992431e-05 0.001365424409969557 0.00045933452646619783 1.7082627216551073e-05 0.0 0.0 0.0 0.0 0.0 0.0 5.13254015674087e-06 0.00489905544416783 0.00011023823518966574 0.0 0.0 0.0 0.0009661665688489462 2.238270044162153e-05 0.0005176795392249141 2.290379776834601e-05 0.00028554318011663084 0.00011319503692176557 0.00023397609333443317 9.323057731765995e-05 0.0 0.0 0.0 0.0 0.0 0.0 1.9112917313829672e-05 0.0 0.0027148994360752256 0.001058262881689373 0.0007409891204728108
0.014927469308452188 0.008522380489462052 0.0002682433085232347 0.05467804143572327 0.0008572348896552928 0.0 0.004007305375660111 0.00011751569053149811 0.0002887609401058992 0.056406541464153734 0.0002805051539172073 0.01113614630560956 0.005285674621053416 0.0009753271136850672 2.4873067092668085e-05 6.035991187755954e-05 0.0 0.0 0.0 8.23031875497854e-06 2.8532146378117947e-05 9.66539817484363e-06 0.0 1.143731639964425e-05 0.0 0.0 0.0 1.12775663597065e-05 0.0 0.0 0.0021016575877918363 4.6918810849897995e-05 0.0006074303453391392 2.7710683741792914e-05 0.0 0.0 0.0012111282868894698 2.0806414365286505e-05 0.00039012788525727226 1.0581118616925287e-05 4.359473950745176e-05 4.972011217105932e-06 0.0 0.0 0.0 0.0 0.00016057281566168635 0.0 0.0 0.0 2.783493764137972e-05 0.0001603008757145981 0.00019994469425669973 0.0 5.053791855471895e-05 6.458507069331906e-05 0.0033304590332085076 0.0027916785704805037 0.0003109915337717252 0.00044236709732114495 0.00012436058099194486 0.00010547577335756889 0.00013106774895452878 0.0004748883964041559 0.0 0.0 5.816435478284561e-06 0.0 0.0 3.4666331650176854e-05 0.005145190549235704 0.005982569221973099 0.0006638588883248457 0.0011972633734056916 0.00027606337195431013 0.0002836894669786103 4.3824580075121406e-05 0.0 0.0 8.516798660462611e-05 4.6260538145149124e-05 6.043457384023197e-05 0.0001045980707809114 0.0 6.476521636606838e-06 1.9150771540684048e-05 0.0 4.167270552568564e-05 7.993437202632405e-05 0.0002733327560293595 3.362384652583189e-05 0.0001134981761289468 0.0 3.2186901427317915e-05 2.699996711362668e-05 0.01625625950563949 0.009256345909768838 0.001113093990427464 0.0014389367340972923 0.028559804272753446 0.0 0.0 0.0 0.0 1.681558299725305e-05 0.0 0.0 0.0 0.0 0.0 1.4592590329552575e-05 0.0 3.580527599155543e-05 8.584254557481864e-06 2.1381134907370893e-05 0.0 0.0 0.0 0.0 0.0 0.0 0.0 0.0 0.0 0.0 0.0 0.0 0.0 0.0 0.0 0.0 0.0 0.0 0.0 1.7793631331323304e-05 7.61975887919003e-06 0.0 0.0 0.0 7.189090016735166e-06 0.0 0.0 0.0 9.405144210121613e-06 0.0 1.1682674778075454e-05 0.0 0.0 0.0 0.0 0.0 0.0 2.1466465706891793e-05 0.0 0.0 0.0 0.0 0.0 0.0 0.0 0.0 0.0 0.0 0.0 0.0 0.0 0.0 0.0 0.0 0.0 0.0 0.0 0.0 0.0 0.0 0.0 7.136583920608892e-05 0.0 0.0 5.357002536399216e-06 7.0994523893228554e-06 0.0 0.0 0.0 0.0 0.0 0.0 0.0 0.0 0.0 0.0 0.0 0.0 0.0 0.0 9.233173502521072e-06 0.0 9.53248088130687e-06 7.78442951600153e-06 1.4668219202193922e-05
0.025859745240462133 0.15456787012018103 0.0046057497859778775 0.05516480006605205 0.07687440491344158 0.004007305375660111 0.0 0.0004345227686278556 0.06548574803465908 0.16245322825179898 0.0043722622855805705 0.01539036314789607 0.1309506208824866 0.08849336701882489 0.0001410134550256979 0.0002363942983604687 3.915561306529743e-05 0.0 0.0 0.0 0.0 0.0 0.0 0.0 0.0 0.0 0.0 0.0 0.0 0.0 0.005344204256417305 0.0006847287496908815 0.0018195123411905965 1.6904227353467866e-05 0.0 8.64166831855843e-06 0.0019384346370360432 2.2047968545445446e-05 5.617049092964321e-05 9.09283925350252e-06 1.0389731123642207e-05 1.9597609286508154e-05 0.0 0.0 5.471353566911288e-06 3.403009345084635e-05 0.0019396136434815154 2.266646265365385e-05 6.329065379437554e-06 6.030809962886468e-06 0.0 0.0 2.9413695704620894e-05 0.0 0.00011718838354891061 0.0002065731734546008 0.0007175748877486269 0.003413756285279559 0.0004605981852825908 0.0015359137493249964 1.4196674519231794e-05 0.0005140571582513147 2.0894288774674204e-05 0.005231632755561749 9.119301450558423e-06 1.1042032761427636e-05 7.277746310110088e-06 0.0 0.0 4.974108675613624e-06 0.004103478242107467 9.901577672960789e-05 7.017360041863515e-06 0.0029994806163747916 0.0018825133348210818 0.0020778348818622774 0.001599332896202943 0.00035818297393970777 8.602666433235797e-05 0.0008020642890784316 7.45834111850856e-06 0.0002739680273187211 0.00024794272335951006 2.2576153063603674e-05 0.0 2.5210938959334808e-05 0.0 0.0 0.0 0.0 0.0 0.0 7.432771224170893e-06 5.815899798224617e-06 1.896710191879387e-05 0.004583908937605359 0.0002220514314308943 0.0 0.00011568869424994918 0.003425374873921438 0.000105239917455967 0.0005657026587461311 0.001498380082470837 0.0012938676801544744 0.0003358910600771592 0.002272652953809361 0.0008368915694583742 0.002572472206476169 0.005299779492345439 0.0027672764795635472 0.00028685759026661397 0.01351798384426049 0.009079706950393314 0.0033615983538362584 0.0024613330937082556 2.640549753490334e-05 0.0 0.0 1.5987020734952493e-05 0.0 0.0 0.0 0.0 0.0 0.0 0.0 8.767645148254471e-06 2.034105611555147e-05 0.0 0.0 0.0 0.0 0.0 0.0 0.0014379309234104772 0.0006570269685836221 0.0 3.7851453454177325e-05 0.0 0.0013000818200275697 0.0002713389001342639 0.000953781530470492 9.273030287460262e-05 0.00017643741883018228 0.0 0.0 0.0 1.58127909198011e-05 0.0 0.0 0.0 7.168775954517675e-06 7.15728793005665e-05 0.0 0.0 0.0 0.0 1.2621055929099595e-05 0.0 2.348625110327344e-05 0.0 0.0 0.00019715024884449505 6.58982468393757e-05 0.0 0.0 0.0006571767819325314 0.00047343977825519914 0.0 0.0 0.0 0.0 0.0 0.0 0.0 0.0 0.004011428455840715 7.53264496637768e-06 0.0 0.0 0.0 0.0009360096481475078 0.0 0.00030432204694717406 3.5069344102183134e-05 0.0004551597762880569 0.000263689577385916 0.00013892633459604306 7.496888496459998e-05 0.0 0.0 0.0 0.0 0.0 0.0 0.0 9.884043178474956e-06 0.002453023195875402 0.0003665007075234098 0.0006249769744456077
0.0009394262697844333 0.003346451581843354 0.09819009604205119 2.3435017309462242e-05 0.011979228431589089 0.00011751569053149811 0.0004345227686278556 0.0 0.021852437592265166 9.975742801081792e-05 0.2950600506846303 0.0014461294569897544 0.005275066928328559 0.10243815819749053 0.0011392049514685721 0.005258046856804801 0.00048020484293646246 0.0006557580146419569 0.0001692341464724729 0.00100993326762422 0.0023853472203985426 0.0 0.0010334666247508153 0.001044928650077124 0.00026398517827648754 0.00020005020880444027 0.00010518212866911032 0.0001064183867292337 7.459242672525883e-05 1.2743088024760888e-05 0.06171351108206455 0.06574957454718768 0.028224417906355492 0.0037049069508343795 0.000982709182319052 0.0007178103850380439 0.006364998298487405 0.002822013363820454 0.001257581014307156 0.0003140461167613409 0.0011578613654185605 0.0006065069343816565 0.0008289770990070403 0.006026991050995722 0.0009319161586946719 0.008463928438675534 0.010112158005331547 0.0005810557143159907 0.0003838618659889566 0.0014393757962754493 0.000675718575768523 0.0001342081009369177 0.00011483429649149853 3.801350438172631e-05 0.00028433384930542596 0.0003897223998235965 0.0014247211909069793 0.009376427107892603 0.0012315600363250313 0.004257726292751646 0.00887081872588701 0.021780916943013904 0.0021184575664339165 0.038560736440854115 3.9595857022305665e-05 6.366282012727546e-05 0.00010711558153928513 0.0002152371513306418 0.0009614599500466085 0.0050910920294847724 0.009450708888926497 0.0007252102484960807 4.615620836054954e-05 0.007646687061445266 0.007703314620515638 0.011656708193504207 0.016226735547381695 0.02430109462361053 0.09077086286406688 0.21214759534920394 0.008023412835175396 0.12793759446823186 0.0004556070576983317 1.9324857612532453e-05 0.00022144932555137216 5.235214903829342e-05 0.0005011581097375693 0.0 3.522142899318514e-05 3.004373105712915e-05 0.001408639350324982 0.00030653666221538555 0.002757231697550372 0.0017159460290009077 0.0007810031844597979 0.0037592495576561904 0.0009427047889238988 3.913486926531597e-05 0.0010175556307938413 0.002936192928467321 0.00017067017539394843 0.00010212922434263516 0.00010965242701536572 0.00013013177513079355 0.00031132752255138456 0.00024742569759914654 0.0001686569027131702 0.0006443522173188202 0.00025185068447515036 0.00042730875133390204 0.0003241532092581461 0.001271173464100946 0.001105556237848704 0.0014283317749821 0.0018334889377496022 4.465058430348669e-05 1.819032952301297e-05 0.0 2.865226604125326e-05 0.0 0.0 0.0 0.0 6.309343201408861e-06 0.0 4.429154984147131e-05 1.8808662976941555e-05 9.606535789649529e-05 2.9415919995454752e-05 4.1057773167625114e-05 1.1415883228666428e-05 2.3305598101219428e-05 1.819428022562777e-05 0.0 0.0013108677415162157 0.0008688920383086176 2.173696971309508e-05 7.966418883129869e-05 0.0 0.0022042340806128226 0.00039707354424955234 0.0016486180918720752 0.00033798501353621366 0.0006080057288909913 0.0 8.506665006292417e-06 0.0 2.4860649959245146e-05 0.0 0.0 0.0 0.00012350946247085276 0.00012671842178882994 1.7329284755907604e-05 0.0 3.5485547613492824e-05 7.392005126060309e-05 2.7283527886082136e-05 1.2426688124842341e-05 0.0 0.0 0.00016373387662733973 0.00015684548964235985 0.0 0.0 0.00011918478753030813 0.001284629477128494 0.0009187086415291377 0.0 0.0 0.0 0.0 0.0 0.0 0.0 9.304936724813414e-06 0.004408776518463939 6.20798984820642e-05 6.80059464356788e-06 0.0 7.783085590725793e-05 0.0006607321680819209 1.1084540491198297e-05 0.0004325378795295294 4.696038598903505e-05 0.00029606089749192096 0.0001387192810722604 0.00020001835697959462 0.00014979461055228868 0.0 0.0 1.845322607655438e-05 0.0 1.5102405547827922e-05 2.4883807552477206e-05 2.6746128377700534e-05 4.756174231437861e-05 0.0017969688193489172 0.0013080539812815705 0.0015523014343730853
0.002007254061142697 0.0517792597550515 0.06414828482714459 0.0008416860756020234 0.07822220043583174 0.0002887609401058992 0.06548574803465908 0.021852437592265166 0.0 0.017471104962511943 0.08596056815845111 0.0023407874306322356 0.0533794196054818 0.20172248749859192 0.00012812782885373309 0.0003301484425048509 2.4283613110717704e-05 2.6457002401725375e-05 7.067738339200147e-06 0.0 0.0 0.0 0.0 7.758415957213105e-06 0.0 0.0 0.0 0.0 0.0 0.0 0.0027149309780312905 0.001127545081142742 0.0027044967730281313 3.282629949240592e-05 1.0404088542964719e-05 5.318948362112995e-06 0.0015348395794960472 2.8916574661359377e-05 7.011920128786808e-05 0.0 0.0 8.266142172469171e-06 0.0 2.1447458763706365e-05 1.2334339767321673e-05 3.742054037732187e-05 0.0014724859942624657 2.6761238335491652e-05 7.404445337992793e-06 0.0 0.0 0.0 3.0820363688660425e-05 0.0 3.2123490238049324e-05 7.360544939542613e-05 0.00016410868380822315 0.001072295829602205 0.00020076126539297882 0.0007321593240030607 4.996989525683803e-05 0.0002614194513389021 2.8929075852284747e-05 0.0031215971928103335 2.244641851538128e-05 0.0 6.765789863739976e-06 0.0 2.2509012506563995e-05 1.3664412963514277e-05 0.0024518248706284374 2.114949779710466e-05 0.0 0.0013761261923851658 0.0012133025525669825 0.0016884268978831127 0.0016304280209875307 0.00032680143639616133 8.499494553166904e-05 0.002603352053033659 6.826522155327174e-06 0.00011768359962037124 9.446786495784286e-05 0.0 5.231269921103766e-06 5.578510468930295e-06 0.0 0.0 0.0 0.0 1.072855298930104e-05 0.0 1.8730381070465715e-05 3.021343072001873e-05 0.0 0.0012747432962035956 0.00012179847449554451 0.0 0.0001284469907140721 0.0008195317713316979 9.67627999052373e-05 4.0670299416410585e-05 0.0001675393701553576 0.00028171611862720224 0.00029105726871673647 0.0004538714259533577 0.00026130515054393884 0.0003432847321281525 0.00024167115530126992 0.0005684154619412889 9.023561696112289e-05 0.0011953058149328194 0.0010227076797518738 0.001070715639577132 0.0008340877797367115 0.0 0.0 0.0 0.0 0.0 0.0 0.0 0.0 0.0 0.0 0.0 0.0 6.801720417242598e-05 0.0 1.448109029078015e-05 0.0 0.0 0.0 8.649877105660859e-06 0.0006802074975766952 0.0003766100566408575 0.0 0.0 0.0 0.0005723679516484301 0.00011422433745276886 0.0002904815066574326 3.9881326745615414e-05 0.0001550703414209861 0.0 0.0 0.0 0.0 0.0 0.0 0.0 7.101755266460779e-06 2.7508082778731337e-05 0.0 0.0 0.0 8.823477235616441e-06 0.0 0.0 0.0 0.0 0.0 4.1132171518011774e-05 0.0 0.0 6.346642250841781e-05 0.00032204828903062204 0.00030011711564922124 0.0 0.0 0.0 0.0 0.0 0.0 0.0 0.0 0.0017683326217199354 3.6124822825308026e-05 0.0 0.0 0.0 0.00036727181474195507 1.438869368723737e-05 0.00011957779763690542 4.205128360570973e-05 7.319308616800025e-05 5.3784904193608725e-05 0.0002729553895710866 2.2666819773693816e-05 0.0 0.0 0.0 0.0 1.2827811521261178e-05 0.0 0.0 0.0 0.0009076458291562481 0.00026140426826600535 0.00035750032704615894
0.06964668915428311 0.08256225760984721 0.0010005630067802308 0.13778516244883432 0.025633743714714226 0.056406541464153734 0.16245322825179898 9.975742801081792e-05 0.017471104962511943 0.0 0.0011283227229616848 0.19103808114449553 0.19456542702366042 0.025541887565100677 2.5797731949343963e-05 0.00010228730815397417 0.0 0.0 0.0 0.0 0.0 2.8859393674904954e-05 0.0 3.3246069230298516e-05 0.0 0.0 0.0 0.0 0.0 0.0 0.0035945032884903807 0.000467828674862733 0.003526088231206023 6.1360589088145315e-06 0.0 0.0 0.020799450050999882 4.0189151288139816e-05 0.00016147856459602258 1.1754169414265314e-05 1.5582114253542067e-05 3.0011413683039208e-05 5.929037217458821e-06 0.0 0.0 0.0 0.0005405284539101269 0.0 0.0 0.0 1.5783389197068072e-05 6.625207620220138e-05 0.00014467999304668987 0.0 4.6027358654320325e-05 8.360491546191474e-05 0.0016683544457757802 0.003458734157167748 0.0006167065177358313 0.0006565949319215712 0.0 0.0001961688143360069 9.916102411477511e-05 0.0016055292835294274 0.0 0.0 0.0 8.395701144961602e-06 0.0 2.338901000225262e-05 0.036710838396822605 0.0009116347351598326 0.00022095741408373538 0.0023107410952846754 0.0008768525906744115 0.0006735622312500082 0.00039575313269232397 5.36937112537104e-05 2.3891040202609442e-05 0.00035370154170474133 1.3399046909975075e-05 2.053063811336789e-05 9.88039543103612e-05 1.551703086709471e-05 1.119314079482729e-05 0.0 1.4645931529504888e-05 2.9642786220730283e-05 3.5509458242575174e-05 8.555564886349404e-05 0.0 3.207572518401348e-05 1.2030833989848794e-05 3.0407371770802042e-05 3.338385489563355e-05 0.010017278701778801 0.008199239126617304 0.00018441852648830404 0.0007386538717461975 0.05436872336795095 0.00010970548769205538 0.0012032196457513239 0.0018621549971793625 0.006394521729520628 0.00038598270392210587 0.004745362689321947 0.0026890156610758077 0.0037316677564478173 0.00803784994896833 0.005712863238797496 0.0003992153174746265 0.024086789968908364 0.00841848138068827 0.006173682475913625 0.0021828570167744315 7.603921252013861e-06 0.0 9.025406236040147e-06 3.7447106029765394e-05 0.0 0.0 1.666747765700278e-05 0.0 0.0 0.0 0.0 6.111785986922837e-05 8.835188584447862e-06 0.0 1.1573343323389713e-05 0.0 7.304985417336491e-06 0.0 0.0 0.0014562490193424395 0.0006376845504138042 0.0 1.53966585340704e-05 2.830415059906699e-05 0.0012711782832319593 2.1546441197958264e-05 0.0002972142315824307 0.00013220300968725 0.00013755670960935212 0.0 0.0 0.0 0.0 0.0 0.0 0.0 1.4770527627681515e-05 3.1851608484616654e-05 0.0 0.0 0.0 0.0 6.913303319801458e-06 1.1545860996526066e-05 2.761998470189414e-05 0.0 5.0324925796399796e-05 0.00013911539683001298 0.0002773524773143863 0.0 0.0 0.0005100719055161061 0.00032307575123896836 0.0 0.0 0.0 0.0 0.0 0.0 0.0 0.0 0.004808369230250213 0.00011606550314336864 0.0 0.0 0.0 0.0005268523833150018 0.0 0.00013484103304027935 6.457971986129967e-05 9.936084919072937e-05 0.0001053582878277645 0.00016616679171630266 1.160588203232336e-05 0.0 0.0 1.57410391372872e-05 0.0 0.0 0.0 0.0 0.0 0.0030376404280620262 0.0002845976277166705 0.0002536035952593839
0.013111392228276644 0.04496306426533896 0.13707169155474205 0.00020325366708113336 0.052328120730697175 0.0002805051539172073 0.0043722622855805705 0.2950600506846303 0.08596056815845111 0.0011283227229616848 0.0 0.010815197758291753 0.07933433920326743 0.26213548037486145 0.0013182533261412344 0.005315654122231046 0.00014649220266853407 5.990192979800926e-05 3.539542454156936e-05 0.00026230802916580155 0.0008375685372480006 0.0 0.00026585710006011117 0.00032181836490283167 9.406856496263083e-05 0.00015249975506447257 1.2588604759340086e-05 8.523314360356081e-06 3.495895421930095e-05 3.954010551077444e-05 0.07221563259000054 0.019409674143776964 0.07029821998626333 0.0004768877846755809 0.00030616403033324134 0.0001813167539152462 0.015451992874185583 0.0013359249353245297 0.0016136828165019975 0.00022295640494720512 0.0005018631905340185 0.0002541867961589632 0.0001013479262710275 0.00021993158577417911 0.00018285767416522815 0.000673008692203776 0.008350726639352565 0.00019704196487560898 0.00010400449201276129 0.00026890250387098374 0.0005092979751591947 9.605371966276949e-05 9.90533534174897e-05 1.6756164290659646e-05 0.0003145782151758702 0.0004589300929947568 0.0017012772412914633 0.01028424953837981 0.0012919019862582964 0.00385127381730081 0.00044796894593285405 0.010952218880851535 0.00025055389854730664 0.01985967818948786 6.404085854818624e-05 7.246687013219425e-05 8.673956247653433e-05 0.0001276154973815828 0.00043503188303535616 0.00201187422904199 0.0121759956264159 0.00017949813553056788 2.4635862291973794e-05 0.006683306991838946 0.005217442494281787 0.008991687421447533 0.009803842855971629 0.003062103390040056 0.001041781095013372 0.1083382855668777 0.00016181217240962166 0.015831457719577766 0.0004831215532189506 4.959002199494199e-06 8.427689252385175e-05 1.9918122532848002e-05 0.00013211762716003534 8.289575812528787e-06 3.834082777790902e-05 0.0 0.0007505587219430065 0.00018330824028405998 0.001579846654154301 0.0009586369554238551 0.0004154359494276985 0.005348864381473159 0.0006913175651874079 2.044802998111545e-05 0.0010389437091493424 0.011454501241778534 1.1840431312274802e-05 6.205649965872156e-05 0.000182277094964438 0.0001480801090728547 0.00032631612468592044 0.0004185389460570493 0.00019001770963163683 0.0007248931398272808 0.0002211170870295141 0.0009847799811691642 0.00019445285950732945 0.0016551147723878176 0.0013244093111545623 0.0017495777152566417 0.0018971455848729557 0.0 5.372618132397341e-05 0.0 0.0 0.0 0.0 0.0 0.0 0.0 0.0 0.0 8.816403473487817e-06 7.333972174541194e-05 0.0 6.06547000464803e-06 0.0 9.258602637845769e-06 4.647647440819878e-05 0.0 0.0011815667877552731 0.0006952106690151462 6.49772700677922e-06 4.912256877360762e-05 0.0 0.0015661401811045204 0.0002755880218041812 0.0010727751901407495 0.00019955860969249307 0.0004038592462911194 0.0 6.514841412705511e-06 9.19552767858695e-06 0.0 0.0 0.0 0.0 0.0 0.00011506571475382938 0.0 9.929548627578278e-06 1.859345388589528e-05 5.783710450176858e-05 5.020002579802203e-05 1.5494521362180297e-05 1.1068314906318539e-05 0.0 8.514946411118845e-06 0.00010909069659038954 4.8236921519515186e-05 0.0 4.311080554444028e-05 0.0008915324680055985 0.00045836583189183723 0.0 0.0 0.0 0.0 0.0 1.0274336586383838e-05 0.0 0.0 0.0036476715990711468 5.595647157555458e-05 1.3702801378283584e-05 9.458610750255081e-06 5.175088821023074e-05 0.0006337235823386947 1.248943282267144e-05 0.0004302105053495355 6.188243049784999e-05 0.0001909127832631629 0.0001946058277481796 0.00020132710742354045 8.99785412652802e-05 0.0 0.0 8.314061414823112e-06 0.0 9.337715171712604e-06 9.471423302106669e-06 8.437301153182223e-06 6.222869916189088e-06 0.0021108525300521956 0.000856888763739792 0.0008621478745999437
0.04451817192794827 0.004442236375268468 0.001287755563209788 0.07432717833680415 0.0013791112931448339 0.01113614630560956 0.01539036314789607 0.0014461294569897544 0.0023407874306322356 0.19103808114449553 0.010815197758291753 0.0 0.06033356314470264 0.02041826295044539 0.00017109950331541758 0.0006018567082158239 6.348556772370784e-06 9.650175311413133e-06 0.0 1.5748539652889757e-05 2.2939438149381616e-05 9.561091269800927e-06 0.0 0.0 0.0 1.3102990417792614e-05 6.721016063075068e-06 0.0 2.0630807797669075e-05 0.0 0.001686210220967874 0.0007908223312673335 0.005216596081986068 4.659085975804617e-05 7.407985203347131e-06 4.716054779238078e-05 0.01132203667150491 7.304484553993535e-05 0.0009702926855446536 2.479869112445663e-05 3.4431842056025964e-05 1.4852856231434701e-05 6.838368791973178e-06 3.026400448835217e-05 3.114385376430275e-05 6.3480672990681e-05 0.0009076588098231047 6.955865264174279e-06 6.391561883812701e-06 2.111234736531512e-05 2.106687524078376e-05 1.4392500646549176e-05 0.00013398115115152142 1.0601446605829572e-05 3.0066019724581533e-05 3.08036531566512e-05 0.0002434566132499255 0.0011545862931340767 0.0001785680531927287 0.0003774631741388864 1.4911427399660282e-05 0.00021342315511383448 2.890605205472225e-05 0.0012504346051090136 0.0 1.0196252140431488e-05 1.8039937719219922e-05 0.0 1.9245123848958212e-05 0.00015419481488914048 0.03144449625277154 0.0001329635873358148 2.2311476878442504e-05 0.0011172198753433124 0.000567007154587261 0.000894591761697022 0.001035935788021216 0.00028495980960990163 0.0001086882267817866 0.0008694937144503756 1.2889579858869604e-05 0.0001478066814571877 5.2314868292506005e-05 0.0 0.0 5.040715044738369e-06 1.2353004511917275e-05 0.0 0.0 0.0 2.0735911508149132e-05 3.170234673198071e-05 6.368242293370305e-05 4.830266294191362e-05 5.546956277276731e-05 0.029290174540251464 0.0013920799606684869 8.930929781300838e-05 0.0007579239154116489 0.005385915769650508 7.188114999445005e-05 0.00023258992394121114 0.0006874008297617052 0.000493138901648666 0.000634854688442316 0.0016539520417627746 0.0014580251916726742 0.0020132169993974866 0.0011878131261282387 0.0030298377660261016 0.0004800992323940594 0.005080984747982932 0.004364170361783474 0.00432414268893658 0.0037860365419591312 7.567309484574282e-06 7.217983415400172e-06 0.0 0.0 0.0 0.0 1.273148112608043e-05 0.0 0.0 1.5262831529456907e-05 7.2977798490649885e-06 0.0 0.0 0.0 0.0 7.795943901691137e-06 0.0 0.0 0.0 0.0024302468108776377 0.0011425951477146857 0.0 0.00010390440588858092 7.738881292074476e-06 0.0027413082780044866 0.00017465385242402246 0.0013388142045628326 0.00021676135309050778 0.00026854598914451496 0.0 0.0 0.0 7.77836792557392e-06 0.0 6.389765341216119e-06 1.3458587972459614e-05 0.0 8.411862368653102e-05 0.0 0.0 0.0 7.82496661959067e-06 8.68815559908082e-06 0.0 0.0 0.0 7.996455811995262e-05 0.00020650261588547953 2.741176531547404e-05 0.0 3.224706570903654e-05 0.0012394102398419304 0.0005774469133541615 0.0 8.20213611472176e-06 0.0 0.0 0.0 0.0 0.0 1.3585728675266388e-05 0.007371570759153705 2.7016484164165787e-05 0.0 0.0 0.0 0.0010474552544645934 0.0 0.0005533472737655351 3.4137278206238945e-05 0.00014468769500186935 0.00020292057455494574 0.00013339825464952487 9.258839093092286e-05 0.0 0.0 0.0 0.0 0.0 0.0 0.0 0.0 0.004133135733417308 0.0009522663442507989 0.0010502459138075164
