0.0 0.15792186146759404 0.0261601400241599 0.04976156652696404 0.0026018911437357 0.0043121815745872484 0.03253132050122521 0.01630070693424578 0.0004235534416732808 0.051824864122017804 0.007755236200167087 0.020366792583373868 0.01242644807844597 0.00587602179113058 0.0002197100592747237 6.57081371144657e-05 4.104629885498161e-05 8.713419016498503e-06 3.644351776269904e-05 2.0828782216965315e-05 1.0604249753852755e-05 0.0 0.0 0.0 9.120895224084532e-06 0.0 0.0 2.8568376084019533e-05 0.0 0.0 0.06971304371915786 0.0033589144734723275 0.0039246609198892324 0.0 9.097970032338491e-06 2.6921587827941896e-05 0.0011220613968105514 0.0 4.552982845661172e-05 2.7425291442675012e-05 4.7825606374927704e-05 1.4201158000387652e-05 8.520495247071908e-06 6.879350067071797e-06 2.2494671156117382e-05 6.156911933725188e-06 0.0013763967057197574 0.00030239168492985876 5.492425724605594e-05 2.5912079929314183e-05 8.709815192595093e-05 6.166562728470572e-05 0.0 2.0946917271703156e-05 0.0004420938472393921 0.0008615289124480478 0.03704509804981364 0.051101441405139295 0.0037823756028111644 0.003036536881089165 3.668671497967479e-05 0.00014069744801171956 0.0 0.004560377907925458 0.0007357670639477142 0.0008787426085516631 0.00022387600788041967 0.0004514960718223697 5.961502545951811e-05 4.038275701011539e-05 0.006632155402118114 0.0009302834039630879 0.00012312638207304222 0.01878205709291749 0.004927244812054257 0.0020231060707639834 0.00042625430001619216 0.00010385511748003537 0.0001236987920387819 0.00931298431323094 8.256012359623326e-06 0.0011712827000597715 0.0013561583531085323 0.0 0.000747242952434639 0.0007935642074773596 0.00020129306229653762 4.162156366966849e-05 5.091496099439363e-05 3.8582031759522323e-05 4.88425717531753e-05 1.7861703614538724e-05 0.00011396297172016999 8.347739515092756e-05 5.424579315518873e-05 0.020208594498052537 0.0016273861613304086 9.556263175763681e-05 0.0007490150136485471 0.1111920815107774 3.0389535494989243e-05 8.401325784531404e-05 0.0007092008493822612 0.00019227634433608502 7.27177505298336e-05 0.0010631962618367716 9.523535624639004e-06 0.0001434824533526506 0.0018940818008195493 0.00012287404257315727 0.0001722727165204747 0.0004490325151861288 0.0011541146669657876 0.00048416185671562063 8.505481708362574e-05 0.0 0.0 0.0 0.0 0.0 0.0 0.0 0.0 1.1811799330694216e-05 0.0 0.0 0.0 4.1049873531840164e-05 0.0 1.8611270880369078e-05 0.0 8.221791126546306e-06 8.7183120766539e-06 0.0 0.00010959765420475341 6.637403050127236e-05 1.1784001377627587e-05 0.0 0.0 3.412255992052414e-05 1.7104490454262805e-05 0.00012064778816406976 8.10314834069671e-05 9.06216179471729e-05 2.1741342880534564e-05 0.0 0.0 0.0 3.9857638645139365e-05 0.0 0.0 0.0 0.0 0.0 0.0 0.0 4.885804727254562e-05 0.0 0.0 9.712766567578783e-06 0.0 0.0 1.4262238235300548e-05 0.0 0.0 0.0 0.00016830567463564522 5.112992721649345e-05 0.0 0.0 0.0 0.0 0.0 0.0 0.0 7.93200704271287e-06 0.00012271925667096037 0.00010262017436537464 0.0 0.0 0.0 0.0001562118037373799 5.8503209351509997e-05 0.0001605258505599269 1.6060425090576324e-05 4.81001626892721e-05 0.0 3.2829440865777384e-05 0.0 0.0 0.0 0.0 0.0 0.0 0.0 0.0 0.0 4.330331172412051e-05 7.742565668518882e-05 0.00010879740335081413
0.15792186146759404 0.0 0.10180661716198675 0.26334927530638813 0.14297056275825162 0.0041786584213148225 0.27781939399643174 0.06790291505832168 0.026766578302330108 0.10553113219261434 0.14349603630807534 0.010203937665043983 0.13945387909145676 0.3376184404145877 0.0017854355342650128 0.000463828648690288 0.00010872181257190883 2.180796573831682e-05 6.943431927122037e-06 3.876140319405623e-05 5.688454122744125e-05 3.220281063032509e-05 1.5081358157404249e-05 5.0958822092074214e-05 3.655667856194224e-05 3.328032170750222e-05 3.415581149387671e-05 9.686883211021206e-05 0.0 1.4472832921154744e-05 0.0965969596109966 0.0018115958064861151 0.010943301935995442 6.771724603936736e-06 2.1468484902036044e-05 1.2264989555241036e-05 0.0019424400356078508 5.9114291720462765e-05 8.323485009908045e-05 1.2352033561326337e-05 9.440578138339264e-05 3.530599448160985e-05 6.415632762695278e-05 6.409474044165254e-05 3.312294432072776e-05 1.9231669894017268e-05 0.013337465399223756 0.0010556283487482725 0.0001429895049974698 0.00018492410584697235 0.00025217965697048994 1.394840159366464e-05 4.298267757523755e-05 4.9402021173129506e-05 0.0011743497228380471 0.0018949426436954005 0.01048646163899226 0.032988989429976294 0.0018207558914734587 0.013129584324585568 0.00017141744645550393 0.0005013569356648166 2.4528614404203224e-05 0.010962380310129926 0.0025419394974936773 0.0027016878938321237 0.0005463884058665288 0.0012496237290573918 0.00012430746873556814 2.5970742520952768e-05 0.004787662758470784 2.790953211820476e-05 5.541299801711845e-06 0.028929753836053253 0.01616016495084601 0.012608506015362226 0.0039399516948795885 0.0003000552838382561 0.0004991658128134749 0.021088580510689594 7.036883078246471e-05 0.003351948258965786 0.003539582892167318 2.514161162990653e-05 0.001701719775101726 0.0021718771471455137 0.0006849646240790254 2.6583373326663585e-05 0.0003062494925387736 8.648446089648343e-06 0.00022496417740732152 2.643969765338671e-05 0.00017773511943562173 0.00029324918758167153 0.00013462768418066848 0.0030922023534112517 0.0 1.8436061747937368e-05 0.00010639186338687842 0.032563186267920395 0.00026600989280092303 0.0008543501941242135 0.003227680241275915 0.0013432937390958648 0.00033077498664772835 0.006024053182655935 0.00015915376747631559 0.0010345387671016522 0.007433700137099181 0.0009177290550380954 0.0006091420074970324 0.0027919159642157717 0.006710607478233743 0.0027264581856431065 0.0004218353993021863 0.0 1.2059176546192251e-05 1.2142050963414144e-05 0.0 1.5458825400378054e-05 0.0 0.0 0.0 1.2447125795172821e-05 0.0 0.0 0.0 1.3947615664419382e-05 0.0 8.560539643325042e-06 1.4454863768000304e-05 8.204243044093463e-06 9.200991303352013e-06 0.0 0.0003053854497337839 0.00033650763575796157 0.0 0.0 2.894261164839481e-05 0.00031950323209187464 0.0 0.0006205796165453675 0.00035026114719763764 8.793139567321974e-05 0.0 0.0 0.0 1.1912236924374322e-05 0.0 0.0 0.0 7.133914631541847e-06 0.0 0.0 0.0 0.0 2.2511334938048574e-05 0.0 0.0 6.232841130640565e-05 7.3322878573908375e-06 6.701919513435615e-06 0.0001459067692183037 0.0 0.0 0.0001017703391833039 0.0005910056897945425 0.00024208578186126197 2.9796846993273113e-05 2.070484481836912e-05 0.0 7.5847710105683204e-06 0.0 7.905810095181615e-06 2.0448186351015854e-05 0.0 0.002167535511083561 0.0 0.0 0.0 0.0 0.00154330861759573 0.00040871198815774934 0.0009936525141494988 5.0308892437639224e-05 9.327947659167578e-05 5.2574674403416584e-05 0.0 0.0 0.0 0.0 0.0 0.0 3.681453466054937e-05 2.6135645570612755e-05 1.0756503506527675e-05 0.0 0.0012051903260281382 0.0002365638263286423 0.0007423946199810258
0.0261601400241599 0.10180661716198675 0.0 0.01100042028492755 0.024851160058447033 0.00023224146166816924 0.0025283321282959493 0.31911611872705137 0.015914346214824418 0.0008336853884972679 0.18047233928640072 0.0010835615987537471 0.013208136086197022 0.08978313921888846 0.0007373808233971388 0.0004133483981735188 3.8926788731405186e-05 2.8459068420009868e-05 2.030300231816763e-05 6.467272634117001e-05 0.00020020958232096014 7.687509867536487e-05 4.2923279020716324e-05 3.671216555466453e-05 0.00013092729195378293 2.2027524181430477e-05 0.00013391270717032233 1.8955877432681163e-05 3.910886147241782e-05 1.3444739617567035e-05 0.1890570543293103 0.015025944046594594 0.013426774404468487 8.001323503826281e-05 2.9382151166772548e-05 7.01776636429737e-05 0.0016169819529502397 0.00014001378325527718 2.008662766922167e-05 2.303676246989326e-05 0.0004884709199139799 0.00022554049203610618 7.311869779937158e-05 0.00011258957545809124 4.703702839197076e-05 5.555400985868855e-05 0.0035919245864339472 0.00014070724506217217 3.8494912283410166e-05 4.899164275264841e-05 0.00021092214925978037 5.03363978792914e-05 5.0896467714914706e-05 8.001474339783419e-05 0.00019921825280963027 0.00037789099103967136 0.003038687212130746 0.015531579015305623 0.0004039745690580274 0.003108445915630461 0.00013663510778179783 0.0014090680332358777 2.8043398249438363e-05 0.011806137585413976 0.0005428415529851896 0.0005165967371580642 0.00038872449531339925 0.00038595435340389657 0.0007100122744845223 0.0005788690830827213 0.0031368317208712907 2.663299773198173e-05 1.1572730063946351e-05 0.006124393619866841 0.005006944875628086 0.003908801747856633 0.0019643004993378185 0.00017016971975925867 0.006993733754003716 0.0663963500288769 0.00047058399994177625 0.01966987169680018 0.0005511215341048614 1.5561769119432936e-05 0.0002868426504666137 0.00039780941944074944 0.00013934369009159633 5.085890862471859e-05 0.0001403689587342476 5.3131429803653277e-05 9.442987141596707e-05 8.351237576861971e-05 0.0009262584973869725 0.0005316165633013604 0.00025874295834341435 0.00018182480063458543 0.0 0.0 0.00013755017405025894 0.00999801382539809 0.0 0.0 0.00011202962689499392 7.009786632091606e-05 0.0 0.00027972254789095357 0.0 0.00010185319902700338 0.00010103472762664772 2.0088027768340702e-05 3.216379939271555e-05 0.00011646595025506312 0.00027256661683088565 0.00029914900800623415 3.616713975805107e-05 0.0 0.0 0.0 0.0 0.0 0.0 0.0 0.0 0.0 0.0 0.0 0.0 0.0 0.0 1.4726909793106375e-05 0.0 7.998815712906091e-06 0.0 0.0 2.9172533947886957e-05 1.258131046196808e-05 0.0 0.0 0.0 0.0001365355081656574 1.9835975575040754e-05 0.00029941611881206635 0.00015218113229217847 7.719266249536189e-05 1.3839448899022689e-05 2.515260839354478e-05 0.0 0.0 0.0 0.0 0.0 0.0 0.0 0.0 0.0 0.0 2.9478982854617468e-05 4.1445334390666775e-05 0.0 0.0 0.0 1.4029863420176848e-05 4.694030496457816e-05 0.0 0.0 2.989543791346834e-05 6.929849352170306e-05 6.264680529669816e-05 0.0 0.0 0.0 1.9066314544679054e-05 0.0 0.0 0.0 4.051175038002841e-05 0.00026384909328589173 1.9778201968270314e-05 2.6991098325096786e-05 0.0 2.8182575909114243e-05 0.00020523981211283417 3.966569078123254e-05 0.00014434991104623517 0.0 0.00010918624991238989 0.0 0.0 0.0 0.0 0.0 0.0 0.0 9.321339451567223e-06 0.0 0.0 0.0 0.00012101473020095248 5.5552075223586155e-05 0.0001551181155298241
0.04976156652696404 0.26334927530638813 0.01100042028492755 0.0 0.0034151506100603595 0.014295004190259253 0.09275360232671793 0.0003818221263676515 2.9290050668887477e-05 0.255285396930688 0.0008911479583038281 0.20835305452133754 0.09128548563986563 0.0034577742189442063 7.38400215787354e-05 1.7903671195269487e-05 7.685181539135343e-06 0.0 0.0 0.0 0.0 0.0 0.0 0.0 0.0 0.0 0.0 0.0 0.0 0.0 0.007569997736675058 0.0 0.00032481181355971985 0.0 0.0 0.0 0.0005411656884699352 0.0 0.0 0.0 0.0 0.0 0.0 0.0 0.0 0.0 0.00031113937618676283 1.641108277759393e-05 0.0 0.0 1.569715401989678e-05 0.0 0.0 0.0 0.00012980626433863401 0.00017424657313558752 0.005815101267970461 0.0075935759044622065 0.00047055623738154976 0.0006813655011775643 0.0 1.0048071048717876e-05 0.0 0.00035538883377737217 0.00026486799017634403 0.00016526151042729853 4.5344800933926696e-05 5.930326762676005e-05 9.171962928606053e-06 1.0053241526282362e-05 0.0003447772020139264 0.0 0.0 0.004000939991685279 0.0008709366291670489 0.0003862115271493643 5.535374051347501e-05 0.0 0.0 0.00033797789910072534 0.0 3.566448803934754e-05 0.0003358632299890099 0.0 0.00010977603307831331 0.0001408245306887456 3.540379426773038e-05 0.0 1.8997966806420787e-05 6.839175550082698e-06 6.7140675853457235e-06 0.0 7.22967048114177e-06 1.387044574026239e-05 6.8398271947284326e-06 0.002485457382227818 0.0 0.0 0.0 0.02124378762828234 4.010088791040951e-05 0.0019317213316546393 0.0026109639864129565 0.013355672606182721 1.2779431253589296e-05 0.0022460152612773154 0.00027747309451609155 0.0001262712800298641 0.00680032259341833 0.0003583005584982344 5.229762445528807e-05 0.00035294037010553784 0.005549678029712486 0.0004103813039566039 2.684929586993493e-05 0.0 0.0 0.0 0.0 0.0 0.0 0.0 0.0 0.0 0.0 0.0 0.0 0.0 0.0 0.0 0.0 0.0 0.0 0.0 3.0364592911352728e-05 3.7063290635365743e-05 0.0 0.0 0.0 0.0 0.0 4.465876798008963e-05 0.0 0.0 0.0 0.0 0.0 0.0 0.0 0.0 0.0 0.0 0.0 0.0 0.0 0.0 0.0 0.0 0.0 0.0 0.0 0.0 4.97666012584129e-05 1.0365166954548353e-05 0.0 0.0 9.798913781551779e-06 2.304001444732661e-05 0.0 7.61611449344864e-06 0.0 0.0 0.0 0.0 0.0 0.0 5.964023036655834e-05 8.256199733483123e-06 0.0 0.0 0.0 4.175525283670118e-05 5.690312611191829e-05 2.1714377700178143e-05 0.0 0.0 0.0 0.0 2.1402749988156048e-05 0.0 0.0 0.0 0.0 0.0 0.0 0.0 0.0 0.00018165629844536845 2.205685755918154e-05 0.0
0.0026018911437357 0.14297056275825162 0.024851160058447033 0.0034151506100603595 0.0 0.00032561933399893634 0.04778472302262699 0.023704018430039667 0.3346840638112167 0.0167312156503946 0.07936516322271282 0.002390458413720049 0.05124635125173656 0.3692703471127557 0.0008491434290093666 0.00022218048784727263 2.8622446975127237e-05 1.0596322798617493e-05 7.189289852906898e-06 2.658333168802807e-05 8.366326117163516e-06 0.0 0.0 1.912197134731674e-05 1.3097390640623665e-05 6.7018773543171604e-06 1.4047215280559851e-05 0.0 1.989864640583014e-05 1.9630364513374193e-05 0.004452353582575532 0.00018617809551448137 0.0011857344508192844 0.0 6.3900841287189125e-06 0.0 0.0007458932803056254 0.0 0.0 0.0 1.0353170863657855e-05 4.871773600101797e-05 5.595826635878376e-06 5.596989915257943e-06 1.2501135269293138e-05 0.0 0.004744466705789806 0.00016115631779564145 3.101020724170003e-05 6.503655589004834e-06 4.181870439190638e-05 0.0 0.0 1.5034638046912939e-05 0.00020018690539957835 0.00036536292233948136 0.000559113130198853 0.0016788644909813237 0.00019985825633384255 0.0031084524143804976 3.758589194482517e-05 0.00014492901442263317 0.0 0.0019114108208495232 0.00038141182654009495 0.0004358673618300758 0.0001385875054056175 0.00017392342765650034 1.3792869839409173e-05 1.770075779670104e-05 0.002404166617639943 2.8635199848218126e-05 0.0 0.0034129271745868958 0.003019452693113095 0.003826335765051425 0.0013429452788878361 0.00014688040387099055 0.0 0.0017086022288085926 1.2894374706915275e-05 0.000562709805269029 0.0005824670083529285 0.0 0.00031726628748360286 0.0003144132898942643 0.00010414550896746424 0.0 4.233912643927979e-05 0.0 4.1762197640621335e-05 6.044089448395507e-06 1.9086403104380957e-05 2.882637427447035e-05 3.8191356220881725e-05 0.002438488853555125 8.323091680947357e-05 0.0 3.19875826053045e-05 0.0003920216584735208 7.628780029501556e-05 0.0002661687212941451 0.002184970394741904 0.0006246915827420561 0.0004416608194831252 0.0030492901096699112 3.9135400897726146e-05 0.0007082576780757968 0.0011371655698173173 0.0005176553802080429 0.0005478459085289575 0.0016056562581444978 0.0043873917904169914 0.0022276184522710737 0.0005052235935657091 0.0 0.0 0.0 0.0 0.0 0.0 0.0 8.30375886247996e-06 0.0 0.0 0.0 0.0 0.0 0.0 0.0 0.0 0.0 0.0 0.0 0.0001713337954777298 0.0002861865015614823 0.0 0.0 2.499102810699851e-05 0.0002729655878266858 1.212078194839552e-05 0.0005049323661826723 0.0002988363414102561 0.00016910853310913337 0.0 0.0 0.0 0.0 0.0 0.0 0.0 1.3987189023608308e-05 2.2279941753757024e-05 0.0 0.0 0.0 8.73394217945855e-06 0.0 0.0 0.0 0.0 1.1380168030165754e-05 8.165696389559631e-05 9.074523316682682e-06 0.0 3.548210509050035e-05 0.00014158374718787253 0.00015360407176423608 0.0 1.888194907629864e-05 0.0 0.0 0.0 0.0 0.0 0.0 0.0016429163886629596 0.0 0.0 0.0 0.0 0.001158217828672998 0.0003518204802661043 0.0004423620609485824 5.2385080163381976e-05 5.3419951195864856e-05 7.3166483858932005e-06 1.0880135902118756e-05 0.0 0.0 0.0 0.0 0.0 0.0 0.0 6.690885275025404e-06 0.0 0.00094096044117471 8.534390059741672e-05 0.0002666792094040516
0.0043121815745872484 0.0041786584213148225 0.00023224146166816924 0.014295004190259253 0.00032561933399893634 0.0 0.002878953907195258 5.2442242723176306e-05 1.6658820687772073e-05 0.03255058583023072 9.053808824192468e-05 0.014360853846165674 0.01006328873697277 0.0008595790906943168 0.0 8.765658328126694e-06 0.0 0.0 0.0 0.0 0.0 0.0001435242897716795 0.0 0.0 0.0 0.0 0.0 0.0 0.0 0.0 0.0006456000857700864 0.0 0.0016100202744525546 0.0 0.0 0.0 0.003272468435667727 1.5598348140245726e-05 0.0003145100388253211 0.0 0.0 0.0 0.0 0.0 0.0 0.0 2.2553992679162916e-05 0.0 0.0 0.0 0.0 0.0006083400489385542 5.848641857174049e-06 0.0 5.843860180368644e-06 0.00014108369840437127 0.0018464150520848884 0.00020052450781291465 0.00025532701316825573 0.0 0.0 0.00010162239398843836 0.0 0.0 0.0 2.00691160205749e-05 8.777189107265361e-05 2.65005868710592e-05 0.0 0.0 0.02827906692629888 0.01590641267131605 0.0013630871053347047 9.100373622573319e-06 0.0 0.0 0.0 0.0 1.9375629230498557e-05 0.0002243379307677989 0.0 0.00016487466772505664 0.0 0.00014773505924560454 0.0 0.0002968555613310238 0.0 0.00023025130873208366 0.0003208334225442991 0.0008705180318004006 0.00018174226661320876 3.231535778017745e-05 0.0 7.642712212846686e-06 0.0 0.026678518578984664 0.010148362603732143 0.0024769142808450445 0.0036515828317561587 0.009260278710822509 0.0 3.1622093236318144e-05 2.2188541825914412e-05 0.0 9.269626348195295e-06 1.621628735150115e-05 0.0 1.2964985505013521e-05 0.0002451265473159851 8.438432262759525e-06 0.0 1.7350992217449243e-05 6.366664165886418e-05 9.553075113635845e-06 1.2002092058839504e-05 7.553419720443838e-06 3.507541845554018e-05 7.090850913731281e-06 0.0 0.0 0.0 0.0 1.2517527359127627e-05 8.474055676887353e-06 0.0 0.0 1.5966644994231354e-05 2.6756853935238672e-05 0.0 0.00011083838665119886 0.0 0.00015613220211690916 7.310734970974627e-05 0.00010207517355194253 0.0 1.3165485944654145e-05 1.9219723769489383e-05 0.0 0.0 2.5647233224287834e-05 0.0 9.580293248702991e-06 7.684315715758208e-05 0.00015051293188827263 0.0 0.0 0.0 0.0 0.0 9.31675399683166e-06 0.0 0.0 0.0 0.0 0.0 0.0 0.0003717437913176789 0.0 0.0 0.0 0.0 1.5269947344874228e-05 0.0 0.0 0.0 0.0 5.657085708730789e-05 0.0 0.0 0.0 0.0 8.963871765711917e-06 0.0 0.0 0.0 0.0 6.659554804218677e-05 0.0007476474363857809 0.0 0.0 0.0 0.0 0.0 1.9542299319753004e-05 0.0 0.0 0.0 0.0 0.0 0.0 0.0 0.0 0.0 0.0 0.0 0.0 0.0 0.0 2.463124999735533e-05 0.0001428928044713267
0.03253132050122521 0.27781939399643174 0.0025283321282959493 0.09275360232671793 0.04778472302262699 0.002878953907195258 0.0 0.00105660935968524 0.04531555039103615 0.15195018004125863 0.02788555093422837 0.019475881481763796 0.30123355124662227 0.2138660611710593 0.0006695120876740582 0.000192256256296866 5.8109395300717814e-05 7.981482589909068e-06 1.3826197403271556e-05 3.2725272970838495e-05 2.1871128945971116e-05 0.0 7.677993149197446e-06 4.0249453520944114e-05 8.381173934103523e-06 2.045427652194217e-05 1.640557762949653e-05 7.512419197022803e-06 0.0 2.8850952520046145e-05 0.004488983821512416 0.00015023576587244763 0.0021465330983589325 1.3678114800908871e-05 0.0 0.0 0.0013325921814122733 0.0 1.0275346171957469e-05 3.5626291357545174e-05 8.238422638534978e-06 2.1145250940848418e-05 4.1739880372953745e-05 7.398363687599075e-06 4.0932747173047554e-05 0.0 0.004798148745651578 0.00028970020904798947 4.5760961919914275e-05 3.61015297600776e-05 8.23043358968451e-05 2.1413496919981237e-05 0.0 1.5016002155107391e-05 0.0003096853097527295 0.0006150044770245765 0.0020219838954839437 0.005069872499169426 0.0004696451954872108 0.00410784103416746 3.6725541966322195e-05 0.00018200768220609276 0.0 0.00217160334240854 0.0005786109938077553 0.0006575429630048838 0.0001790290072436766 0.0002761844849255705 3.268200418274805e-05 0.0 0.004411676694408036 8.941529514863014e-06 8.154412007046596e-06 0.0071050172306034 0.0038707413945903105 0.004014017963107267 0.0011766798677246644 0.00014800035616837734 9.841420478515808e-05 0.0020346589006830537 2.7764799344068872e-05 0.0007549951060756122 0.000849676404584864 6.891897869882804e-06 0.0005657966313823535 0.0005359637503139099 0.00017263646799691143 2.685906377334269e-05 4.297206909187544e-05 0.0 6.941099538953932e-05 1.6681727142132136e-05 5.404712325406173e-05 4.345241863691675e-05 1.9951626364687466e-05 0.006806367165874898 6.277214799924282e-06 0.0 8.378726883542877e-05 0.0028682989889473017 0.00029407311676617664 0.0008516239908643498 0.0051096088080355186 0.0025877219579615884 0.0003582058004144379 0.008727946925883814 0.00047262563696873845 0.00276338469492227 0.008065823412133662 0.0023495129875824882 0.0009156055137741183 0.003993071803138248 0.01012948285369628 0.005102324362449845 0.00093433237454763 0.0 1.0693277320437172e-05 0.0 0.0 0.0 0.0 0.0 0.0 0.0 0.0 0.0 0.0 3.0104777194461903e-05 0.0 0.0 0.0 0.0 0.0 0.0 0.00033488571721790826 0.0004449382100166918 0.0 8.074529221689525e-05 0.0 0.00029856273341583543 0.0 0.0005605655529477495 0.00017701654953151402 0.00010989329528315428 1.4712058332785766e-05 1.029848892557405e-05 0.0 0.0 0.0 0.0 0.0 0.0 1.6212400384876265e-05 0.0 0.0 0.0 0.0 0.0 0.0 0.0 1.1195250329381888e-05 0.00010888378322066304 0.00015011210016594814 1.770623431823653e-05 0.0 7.298706506045015e-05 0.000562144401003714 0.0002658294975764386 0.0 6.931182465134461e-05 0.0 0.0 0.0 9.147885387622265e-06 0.0 0.0 0.003310648741515228 8.66914986018992e-06 0.0 0.0 1.076678616756693e-05 0.0018481483909292208 0.00026932767385190047 0.0007818973413067349 4.456708595049143e-05 0.00011295114611099316 6.252910952956495e-05 3.659098463373911e-05 0.0 0.0 7.167417598156315e-06 2.167628875834516e-05 0.0 0.0 0.0 0.0 0.0 0.001745808414392819 0.0002987556259562854 0.0005957197928198276
0.01630070693424578 0.06790291505832168 0.31911611872705137 0.0003818221263676515 0.023704018430039667 5.2442242723176306e-05 0.00105660935968524 0.0 0.017548138463052136 0.0005378148005398635 0.14668548962124406 0.001896955768666697 0.01562891417515037 0.05995887052550495 0.004507837075323052 0.0033897388277053936 0.00024027277113126163 6.927217530164588e-05 0.00011480020861258418 0.00033372324146400663 0.0016912053367617718 9.451467057911541e-05 0.0005397677649696092 0.0002406745673084811 0.001255719975060628 0.000629433398361205 0.0008339892120880299 0.0004228877694917253 1.9023876447367028e-05 8.155047672865954e-05 0.2175930956451792 0.07916754577140922 0.021743897240625195 0.00034722475223819424 0.0008672037317393524 0.0006192886174176511 0.005523940436485277 0.00036078832852150743 8.451543956791927e-05 0.00013251842288673993 0.004884835459974257 0.0015091139837995523 0.0006063703452568506 0.000882389649715352 0.0007755434026365366 0.0005061110757995936 0.015122853368113975 0.0002177672400985202 0.00013571488144543113 0.0005249264530254384 0.0014589970001895993 0.0004282978810469498 7.679598526789547e-05 0.0003740790332937656 0.0001598071317976972 0.0002689951128363585 0.0011050140017737835 0.0042619719731193636 0.0003732198096403532 0.005118732969290075 0.0025764640420062467 0.005224144522830512 0.00031184293744470086 0.034079271043353496 0.0003681157295645382 0.0012012679899848068 0.0012951210934313451 0.0012892686884824868 0.0043138546081957704 0.004788261283668233 0.0063677110658002176 0.0002002167847639375 5.224876307796565e-05 0.00397059661209727 0.005313827001132103 0.010795869577138408 0.007475365470261535 0.009460036467104712 0.08468246445634349 0.0741808542383012 0.01137088016297231 0.1566373071543494 0.0005889120133214025 0.0 0.0003543800842223937 0.0006405636153877153 0.00037774664342291395 7.372927477938588e-05 0.000278410266215662 0.00014873857430361642 0.0005590784150274622 0.00013719237793966604 0.008561511685820401 0.005291065938477582 0.0006590487722098169 0.000852860570377386 0.0 0.0 0.0003170816055615926 0.0039354576889972645 8.795917124551973e-06 7.656102677543835e-06 0.0001213436254551207 1.918515121042524e-05 2.8309941728861755e-05 0.00033589910583736553 1.539883870013025e-05 0.00012788483701142394 0.00018293623731052743 7.103027820396475e-05 0.00027585904880104734 0.00026018379201908247 0.0005469924762892617 0.0002967760851469425 0.00013062942685176284 0.0 0.0 0.0 0.0 0.0 0.0 0.0 4.5248980023958786e-05 0.0 4.0854790278679416e-05 6.350109164890496e-05 0.0 2.4393093137208092e-05 0.0 8.510867457672648e-05 0.0001890580530793469 3.848896316336164e-05 0.0002735870907846579 2.5405799403525934e-05 6.8234957932052e-05 1.4733959214098261e-05 1.2181045545569477e-05 3.0894239477940495e-05 6.638387907953642e-05 0.000136943284691902 0.0 0.0003914296476405976 0.0006717126271028204 0.00021912394603403756 2.1211049874130512e-05 8.51470336492073e-05 0.0 0.0 0.0 0.0 1.4542135225132079e-05 1.6441690818074552e-05 1.072646851776826e-05 0.0 0.0 0.0 0.0002719339864680563 0.0002225003246162856 0.0 0.0 7.358269845466281e-06 8.855483274581131e-06 0.0001032170590005843 0.0 0.0 7.511287250716456e-05 0.00023996085559217157 7.575962721564192e-05 0.0 2.3469854245562246e-05 0.0 0.0 0.0 6.817651498421573e-06 8.254713754678354e-06 3.1351704428905376e-05 0.0005938730714505181 7.449917314997002e-05 3.5076439643076075e-05 1.0254613254371034e-05 9.835882592041242e-05 0.0003928531539185811 0.0001303311672236713 0.0003884723457897888 0.0 6.0659302659762754e-05 2.1974650401093694e-05 1.9860651671410004e-05 1.128097230878974e-05 0.0 0.0 0.0 0.0 0.0 2.321530269316579e-05 4.921358448716208e-05 3.4914407056851576e-05 0.00014878647643087328 0.00025033985386047053 0.0005866460252443794
0.0004235534416732808 0.026766578302330108 0.015914346214824418 2.9290050668887477e-05 0.3346840638112167 1.6658820687772073e-05 0.04531555039103615 0.017548138463052136 0.0 0.00514040517902359 0.03422567331285486 0.00013793603408070274 0.06170883002038769 0.09956403679770957 0.00019170682721454736 2.545896205189656e-05 7.160919889084943e-06 0.0 0.0 0.0 0.0 0.0 0.0 7.66276121584486e-06 8.925181145595816e-06 0.0 0.0 1.0598571284935044e-05 0.0 6.887369668271067e-06 0.0010379080056988766 1.7740183859216846e-05 0.0011995906915390421 0.0 0.0 0.0 0.00012063568381272696 0.0 0.0 0.0 0.0 9.585869702963694e-06 0.0 7.250986339625343e-06 0.0 0.0 0.0008274761779168595 8.540184075872923e-06 0.0 5.809224122385349e-06 1.3841844682013362e-05 0.0 0.0 0.0 5.541215483474936e-06 3.400465960359398e-05 8.516635137366933e-05 0.000218403241629377 3.926513387390242e-05 0.0005173383014781496 0.0 2.6811617068661726e-05 0.0 0.00033654715863030494 5.129318710149961e-05 6.338692267419946e-05 1.6052077064639465e-05 4.456582950466491e-05 0.0 0.0 0.0003693201276171545 0.0 0.0 0.0004376246923357061 0.0004583112702846768 0.000568832024932613 0.0001733452523011913 0.0 0.0 0.010870137986367961 6.99548022150982e-06 0.0006037109147538572 0.00010131472298775564 0.0 4.5397508159721434e-05 2.2616753553501592e-05 3.042193139438209e-05 0.0 6.717793722740945e-06 0.0 1.2149966468024646e-05 0.0 0.0 1.203555442778436e-05 0.0 0.0003055058780363724 0.0 0.0 0.0 3.4633454527609864e-05 0.0 0.0 0.00032697467210527714 5.385828891912518e-05 0.00015972243100582527 0.0010982018215920674 0.0 8.287904119236735e-05 0.0001933237465159247 4.0551974342897175e-05 0.0002089772122384782 0.0001999794643198811 0.0006505722208172137 0.00023187211760250054 2.3996042723470878e-05 1.1852480277587709e-05 0.0 0.0 0.0 0.0 0.0 0.0 0.0 0.0 0.0 0.0 0.0 0.0 0.0 0.0 0.0 0.0 0.0 0.0 1.253190413900342e-05 6.0011262878896994e-05 0.0 0.0 0.0 3.2196593982043416e-05 0.0 0.0001217264567953141 5.89659103608903e-05 0.0 0.0 0.0 0.0 0.0 0.0 0.0 0.0 0.0 0.0 0.0 0.0 0.0 0.0 0.0 0.0 0.0 0.0 9.227242381109434e-06 0.0 0.0 0.0 0.0 0.0 8.63456147844428e-05 0.0 0.0 0.0 0.0 0.0 0.0 0.0 0.0 0.00027651221429794443 0.0 0.0 0.0 0.0 9.268408522203208e-05 8.421134636699274e-05 5.94794427755356e-05 0.0 9.201795137210539e-05 0.0 0.0 0.0 0.0 0.0 0.0 0.0 0.0 0.0 0.0 0.0 9.849417074368957e-05 6.203558239735053e-05 4.141250232656696e-05
0.051824864122017804 0.10553113219261434 0.0008336853884972679 0.255285396930688 0.0167312156503946 0.03255058583023072 0.15195018004125863 0.0005378148005398635 0.00514040517902359 0.0 0.005040842104949649 0.23382610895654501 0.24890305636660057 0.02294835261298712 0.00013997499842774823 6.869789055634233e-05 1.9311417249712346e-05 0.0 0.0 0.0 0.0 0.0 1.2729559618872804e-05 0.0 5.0748132157841293e-05 0.0 0.0 0.0 0.0 0.0 0.0012653895509125576 0.0 0.0038885179336626747 0.0 0.0 0.0 0.002262025080852225 9.573939192924134e-06 5.6986353416576135e-05 0.0 0.0 6.65125101933205e-06 0.0 1.2516813256528625e-05 1.620044697358717e-05 0.0 0.0010465290884387165 6.171642798147703e-05 0.0 6.475172680384063e-06 7.501190818474529e-06 8.903718458873775e-05 0.0 4.540285976535038e-05 0.00011154279421440363 0.0002333811397486461 0.004083426190048028 0.005065749774590287 0.00052747118834547 0.0008777822831683339 0.0 4.7274790205563596e-05 0.0 0.00040919644171080315 0.0001661481984042106 0.00015834610754767017 5.7721655806363626e-05 9.082193986116375e-05 2.506938837564815e-05 1.9143337692645866e-05 0.01074710488524812 0.0006188266440434264 7.108669543218345e-05 0.0033269942798756992 0.0010349179628684829 0.000709350002618039 0.00024291533746639046 5.6253602954662475e-05 0.0 0.0005892800936544836 0.0 0.00021925485634263292 0.00031093501428416156 0.0 0.00015178388461540557 0.00017917830777612799 7.121435688624313e-05 0.0 5.342795258016109e-05 1.807347094846547e-05 6.49646095327161e-06 1.8062615235705017e-05 5.397014122424747e-05 6.723199979079004e-06 0.0 0.02241938397283134 0.00047303756642839235 0.00016158570789661362 0.00024149551464620075 0.024813511296846936 0.00014880738058734822 0.0009069740156500889 0.0067409206646061775 0.006937297750924267 0.0005340602609108776 0.020663837946617625 0.0002617157018822021 0.002991391244515163 0.011064949740010687 0.0030350643468793183 0.0008029425392907989 0.01010656858636675 0.013570918382794596 0.004085453028183446 0.0003414545747462586 1.6818440315068756e-05 0.0 0.0 0.0 0.0 0.0 0.0 0.0 0.0 0.0 0.0 0.0 0.0 0.0 5.5527210712391226e-05 0.0 0.0 0.0 0.0 0.0003392032023507825 0.0002231251388867467 0.0 0.0 0.0 0.00025711793408163497 0.0 0.00029171681709114656 9.722945912753672e-05 0.00011753703180643449 8.947036224409244e-06 0.0 0.0 0.0 0.0 0.0 0.0 1.0537736197488718e-05 0.0 0.0 0.0 0.0 2.1061809197217693e-05 1.2841757004186891e-05 0.0 2.333237179883457e-05 0.0 0.0 6.167202506105185e-05 5.0537586397383824e-05 0.0 1.6594047626372363e-05 0.00028189314185402274 0.0002753871435712875 0.0 0.0 0.0 0.0 0.0 9.42654570997914e-06 2.1886970885333927e-05 3.518953538195129e-05 0.0020656829949301796 0.0 0.0 0.0 0.0 0.0006859796438920288 0.00011643636288163541 0.00024200389115680397 2.0601242688390236e-05 7.215467542569235e-06 4.7783511796358636e-05 7.203958103231263e-06 0.0 0.0 0.0 7.420543547769485e-06 0.0 0.0 0.0 0.0 0.0 0.001566565564649719 0.0001473890453074122 0.00028082129415175796
0.007755236200167087 0.14349603630807534 0.18047233928640072 0.0008911479583038281 0.07936516322271282 9.053808824192468e-05 0.02788555093422837 0.14668548962124406 0.03422567331285486 0.005040842104949649 0.0 0.005101761247268518 0.07527970842176449 0.18792656412448708 0.0004847755107907991 0.00036802934292841106 8.576494735679848e-05 1.2138101538836004e-05 0.0 3.717074485961227e-05 8.498782780585105e-06 7.54464177559534e-05 8.767073000768151e-06 0.0 0.0002142946002777338 0.00011224863362618704 1.8514592214509656e-05 9.997216221720406e-05 4.485550740997779e-05 6.23302267509139e-05 0.06010170668737894 0.002446067421449968 0.0590102892152251 0.0 9.701195086673898e-05 9.276958391425703e-05 0.01314352675415793 0.00047258900173576776 9.794331553810466e-05 3.086472861550556e-05 0.00011603128922331831 0.0003729799284202129 0.0 4.781190466143012e-05 0.0 0.0 0.001655690459983193 7.330077418376482e-05 1.8353300795997236e-05 0.0 4.601329153062331e-05 0.00013049830054274582 0.0 0.0001155410239577132 1.4346635585616232e-05 7.038206249986397e-05 0.0004011814785350462 0.0012344516918410225 8.184098896813143e-05 0.0009265242159009296 4.987573456063638e-05 0.0018767419052984637 1.8885050634161207e-05 0.000997831511783081 8.740193908290645e-05 0.0001183618832867162 0.00012750612165035076 9.096849484608617e-05 6.098804176904778e-06 9.350315778018787e-06 0.007266821236333438 4.151686748454157e-05 0.0 0.0010167607743204266 0.000887949044106608 0.0015323527555891406 0.0008960143166432372 0.00017616982007116945 0.0011035560999009366 0.144659234022307 0.00020796587432181984 0.02796294238009014 0.0002056306703409881 0.0 8.805314652296864e-05 8.803799110060882e-05 1.4313815492624126e-05 1.1338478387327026e-05 6.139843840643191e-05 3.175616964266108e-05 0.0001323355007175629 8.168992399850034e-05 6.321748465664948e-05 0.00023593944093612694 7.465095118123424e-05 0.0007069291354723726 1.2317372520161732e-05 1.5796415842606666e-05 0.00020059846011151255 0.0012889169122776228 6.616386469336393e-06 0.0 0.00015286888544214502 3.553993178653107e-05 5.938815943587241e-05 0.0001831608501635091 0.0 5.0370315670812136e-05 7.647276692119615e-05 3.735536744656695e-05 3.5541168454005726e-05 0.00012075507895667191 0.0003194506997483491 0.00016725201573033715 6.586048039020697e-05 0.0 0.0 0.0 0.0 0.0 0.0 0.0 2.641073694142346e-05 0.0 0.0 0.0 0.0 1.0164621753374556e-05 2.6834462106034415e-05 1.0330149903050142e-05 0.0 4.4107639000476254e-05 2.5044183989090866e-05 3.533650831467763e-05 6.785614003583882e-05 6.0362380672836985e-05 1.5905478879632716e-05 1.2016742612743778e-05 0.0 4.574559882485983e-05 2.8487792832716593e-05 6.543325289586666e-05 0.0001696256568560914 8.513714395279068e-05 0.0 0.0 0.0 1.636342267490598e-05 0.0 0.0 0.0 0.0 0.0 0.0 0.0 1.1725147248265654e-05 8.257287542835831e-05 0.0 0.0 2.2224251119727988e-05 0.0 0.0 2.4375193208285186e-05 0.0 2.0985310175575362e-05 9.224933518770396e-06 7.616900943176842e-05 1.9741902446798384e-05 0.0 0.0 0.0 0.0 0.0 8.929695814651011e-06 0.0 0.0 0.00031568287010787417 0.00013510805870889104 2.0410122392364184e-05 0.0 1.1838432442932445e-05 0.0003472090367761867 2.4989629048845363e-05 9.624955265537614e-05 0.0 0.0 1.0445888654314368e-05 0.0 0.0 0.0 0.0 0.0 0.0 9.995857240753939e-06 0.0 0.0 0.0 0.00019980226902453551 5.3819272476686214e-05 0.00026311787304383313
0.020366792583373868 0.010203937665043983 0.0010835615987537471 0.20835305452133754 0.002390458413720049 0.014360853846165674 0.019475881481763796 0.001896955768666697 0.00013793603408070274 0.23382610895654501 0.005101761247268518 0.0 0.16679812989803228 0.014078191663176478 0.000369441112836493 0.000270134181951791 9.583814003528557e-05 0.0 1.523839358688457e-05 0.0 0.0 3.2850501687618456e-05 0.0 0.0 0.0 0.0 1.470086899045828e-05 0.0 0.0 2.5229438442339423e-05 0.0010382486898917237 0.00018366510236726504 0.004855590107339624 0.0 0.0 2.2274144614728118e-05 0.004805507342360333 6.139973336799628e-05 3.879938283447099e-05 1.521226534310191e-05 9.838996173059811e-06 8.783082327445717e-05 0.0 2.638247992240033e-05 0.0 0.0 0.0010704290484492983 1.3111831960384497e-05 0.0 0.0 3.0362277282735416e-05 0.00022575756152978227 4.8367543105269246e-05 0.0 5.124287461772966e-05 8.59701774249501e-05 0.0015333668177135277 0.00228356226377754 0.0001514192748625943 0.0005332316255195939 2.8923797230939516e-05 0.0009149824030443328 0.0 0.00044253714620607346 0.00010625683605819703 8.364641678212245e-05 3.809338623683854e-05 2.3525616706237536e-05 5.962987379694106e-05 0.0 0.011809375931399028 0.00018579300944217506 0.0 0.0015703492128078236 0.0004465628761862058 0.0006269404599422993 0.00036887177788398574 8.277730343229341e-05 0.00010244731781584927 0.0028894495633877 0.0001834628114662975 0.0012999589313873615 0.000177325952699434 0.0 3.2874513127268375e-05 0.00010943424806404002 2.678103973667479e-05 6.768310756307841e-06 2.4634364567291494e-05 0.0 0.0 3.583638325687558e-05 5.352455837840837e-05 9.033201030705744e-05 9.251388625841815e-05 0.031785467731148064 0.0002023420404987314 4.859596120905359e-05 0.0001601595534014116 0.006187333378988501 0.00014662319473268258 0.0006963912014913649 0.0047041721175494185 0.0014725030584232673 0.0004360493752360328 0.008403270769957618 0.00023048070638476836 0.0024039777380229907 0.004640041663129605 0.0014352002378937485 0.0013113990715442525 0.004429015391777385 0.009632883786385571 0.004744971786081926 0.0008369609989791668 7.883552683052563e-06 0.0 0.0 0.0 0.0 0.0 8.30877423612717e-06 0.0 0.0 0.0 0.0 0.0 4.557290466601294e-05 0.0 1.0863726115864175e-05 2.079548796401134e-05 5.390389311418482e-05 9.02030564938482e-06 2.9873921148568433e-05 0.0004734110519768455 0.00026045046457827593 0.0 2.8375168130905582e-05 0.0 0.0006481917847866271 6.71613629685446e-05 0.000814368622244342 0.00035584239250384327 6.256653121226388e-05 4.146532197667757e-05 1.0345523928246403e-05 0.0 0.0 0.0 0.0 0.0 1.0635547434234017e-05 2.9299409993184292e-05 0.0 0.0 0.0 0.00012188393723771139 2.1332291171077414e-05 0.0 0.0 1.1528153822700881e-05 6.292991991208873e-05 0.00013092580961835876 2.793730925195363e-05 0.0 3.7616210076306056e-05 0.00045875690517881027 0.00019159494003706786 1.025988782852429e-05 4.3671256731636075e-05 0.0 0.0 0.0 0.0 0.0 1.04941415870754e-05 0.0032766394303555637 2.1656876826470298e-05 0.0 0.0 9.252035065658113e-06 0.0014949111071644846 0.0002912121308046154 0.0007365099570607545 9.304601032381879e-05 2.2380915444869323e-05 7.212875485460425e-05 1.844099644672827e-05 0.0 0.0 0.0 0.0 0.0 0.0 0.0 0.0 0.0 0.002069764545665077 0.0003018146421454356 0.0006573165331459452
