0.0 0.09042618276605788 0.03379355613666077 0.0999421473554692 0.0023223522457614942 0.008158455349151413 0.04793373481375508 0.005684666254037809 0.0005033680553485104 0.055996499173838796 0.008325300632882414 0.002263012859507963 0.002138736218329862 0.003562459476105787 0.0004420281003601163 7.73825075186533e-05 2.4621988585279986e-05 0.0 9.599825828397581e-06 2.1355984650393825e-05 5.61300571578849e-05 0.0 1.9785028315425052e-05 4.7370865196432675e-05 9.722542016552281e-05 1.701573367619925e-05 0.0 2.8954506605453064e-05 6.055772647336646e-06 0.0 0.06465981309548124 6.590120374144759e-05 0.0014726466607669273 0.0 4.52246846902863e-05 1.1956988332060009e-05 0.00013783124134038636 3.0504275140521397e-05 0.0 1.0956719062693138e-05 1.7026047026663853e-05 8.675527273459175e-06 8.32868081496775e-06 1.8382009671178336e-05 0.0 3.788499516516752e-05 0.004085752400786322 0.00013093047615219766 4.022285300931245e-05 2.5430546477376065e-05 0.00020072552887142998 0.0 0.0 1.4111195518205974e-05 0.0009149458937558648 0.0009910324410826131 0.010141973674201506 0.04664839745298597 0.0013703798629723892 0.0028068063767513547 2.0814749790577036e-05 0.0003946174525877978 0.00018393654341501415 0.0007658180665921617 0.0009284460980630887 0.00046906061679260455 0.00017765817643714698 7.157849152479782e-05 0.00011481517730502281 0.00013763265238306397 0.00043892767168065547 6.2576525434589e-05 0.0 0.010512538955621119 0.003319086708001875 0.002637749280954201 0.00016605863175765171 2.5234671877503577e-05 0.0005837229369025435 0.002276339577174071 1.7028603815224593e-05 0.0007889367024841795 0.001163361785374045 3.926050568528978e-05 0.0002064502454394454 0.0006646588726766539 6.78269256068855e-05 1.0777841589093394e-05 0.0002270756435429458 6.496141676862486e-05 2.727551620867851e-05 2.450641976586036e-05 0.00012491373062851154 9.63424447380488e-05 0.0 0.0002924475217776922 0.00013547752888167042 0.0 5.017193714334498e-05 0.07589533172763473 5.003119463505111e-05 0.0002747730430856986 0.0004146746342180354 0.0007955270673920638 8.035484422063769e-05 0.000280449546318726 0.0017026498008589435 7.089932294566649e-05 0.006000132793032241 0.003509010054459467 3.585036135411266e-05 0.000504049170754405 0.001346343919203712 0.00047322688810525664 0.000279319128990036 0.0 0.0 0.0 0.0 0.0 0.0 0.0 0.0 0.0 0.0 0.0 0.0 1.2015760978705476e-05 0.0 0.0 0.0 0.0 0.0 0.0 0.00018092542994273622 4.9579019138855e-05 0.0 0.0 0.0 2.965143984154382e-05 0.0 5.7470089972017145e-05 4.938129049668712e-05 0.0 0.0 0.0 0.0 0.0 0.0 0.0 0.0 0.0 0.0 0.0 0.0 0.0 0.0 0.0 0.0 0.0 0.0 0.0 0.0 9.158960813734145e-05 0.0 0.0 0.0001552073279288849 0.0 0.0 0.0 0.0 0.0 0.0 0.0 0.0 0.0 0.00010041094153534868 3.067250820428311e-05 0.0 0.0 1.5861180856437962e-05 5.1384084411716225e-05 0.0 4.615355933125731e-05 0.0 7.556440081236453e-06 0.0 0.0 0.0 0.0 0.0 0.0 0.0 1.2117929305277619e-05 0.0 0.0 0.0 0.00018001709910059593 5.1191460013321e-05 3.664186337474038e-05
0.09042618276605788 0.0 0.054233454237286365 0.07761682849650582 0.08393007379599483 0.008055553133673945 0.20975427895734478 0.035752324753933036 0.13272707046447813 0.06175137107382688 0.10687179931815097 0.006521209427835271 0.041323880539379826 0.07988749516213905 0.0033009642702912776 0.0006794028308145544 0.00010132414658166382 8.014609838369885e-05 3.0634656533565454e-05 4.862606390886468e-05 0.00028779173388720987 1.457010969226221e-05 4.187614924575998e-05 0.00011330316765620429 9.38327456672859e-06 2.6288563432019593e-05 9.722470424276493e-06 1.6639891247974677e-05 0.0 9.795159643058056e-06 0.17295219717090068 0.0019454650611348313 0.01234523475233954 1.4597398757199277e-05 6.36033480813964e-05 0.00010704746095127167 0.0013217449285389863 0.0003825363477358453 2.6665076763319374e-05 1.9436093931896798e-05 0.00016677884565986442 0.0001601074079898611 0.00013708829963571514 0.00011804178242936651 6.601175616037772e-05 0.00013462493350466004 0.02130856727547308 0.0002363260798498042 8.4921422315877e-05 0.00020346998692038072 0.000553448697516678 0.0 0.0 6.31678304167918e-05 0.0015519581041171415 0.002428028664121634 0.008042894651392336 0.049470257252075545 0.0027281403833360265 0.007966319194155429 0.000273408209367625 0.0032703140336534015 0.00014727279553333368 0.01142904250898398 0.0020372536244261824 0.0011377195332901077 0.0004905153263128703 0.00038517907557659856 0.0005215125713702917 0.0004321685384140026 0.0009396196890154349 5.97020230911934e-06 0.0 0.028142406740963688 0.020795756432831533 0.012223332843419777 0.0031645383776382242 0.00024969316644571387 0.00428634855242324 0.01856102450531997 0.00016356542745938604 0.007519271670947862 0.0024351339586691696 0.0001498449325117322 0.00048723612886587267 0.0017726816197753844 0.00019207602462158917 6.273642711196262e-05 0.0004470610483280708 0.0 0.0002725850914513436 4.352096805636115e-05 0.0003734163241162005 0.0002766366668872025 1.996231033539424e-05 0.001989686018824517 2.3676848113368616e-05 0.0 0.0 0.05012825060717046 8.974216451957678e-05 0.0003773371936878882 0.00045993458084924745 0.00076247990763546 0.00025756856933128173 0.0005178553617659751 0.0019502900148749382 0.0004633524213500712 0.006025254168486256 0.004905677981804223 0.00024354279262162962 0.0009026685041857114 0.003142976164958995 0.0008118321867898393 0.0005994462625496012 0.0 0.0 0.0 0.0 0.0 0.0 0.0 0.0 0.0 0.0 0.0 0.0 2.7534001657650448e-05 0.0 0.0 9.928835159220964e-06 0.0 0.0 0.0 0.00041613828559044873 0.00012841167706631896 0.0 0.0 4.0685266640161943e-05 0.00045700900916611977 8.748725434262596e-05 0.0005660282817064468 3.435853205254072e-05 0.0 1.2028897941703446e-05 0.0 0.0 0.0 0.0 2.0396722821692477e-05 0.0 1.0077176111508975e-05 7.4844967617331e-05 0.0 0.0 0.0 0.0 3.0199976125253547e-05 0.0 1.062398407862234e-05 2.1374791348299863e-05 6.10273037239584e-06 1.9921465404802595e-05 0.00014229374216470614 2.6969756798827974e-05 0.0 0.00013910013317360294 5.533049002582119e-05 0.0 0.0 0.0 6.906604021416921e-06 0.0 5.7859889050875765e-06 0.0 0.0 0.00043224605462119435 5.4591449111943225e-05 0.0 0.0 7.421634131823274e-06 0.0003343274565199363 6.203056076299406e-05 0.0 6.217175895831938e-06 0.0 0.0 0.0 0.0 0.0 0.0 2.0648302690566262e-05 0.0 6.9884080788683415e-06 0.0 0.0 2.0318064651819554e-05 0.0006487723973468274 0.00012442171600731607 0.000181718873299922
0.03379355613666077 0.054233454237286365 0.0 0.00769253935334697 0.007683300149999942 0.0020805436975107738 0.00465324606382884 0.18372186915183553 0.013011636793166637 0.0035042563756612815 0.1192408227853779 0.0032158907023109103 0.006620851073033936 0.07378520237172502 0.0017675528748639902 0.0008591788528088204 8.605724749668706e-05 0.0001243732984366947 7.244371217768175e-05 0.00030635074887201544 0.0014027164079015485 3.660111067959606e-05 0.0005129140623424128 0.0005522110175000125 2.2900863608712748e-05 6.629343992239364e-05 0.0 3.2616522335399984e-05 0.0 1.0875961438352473e-05 0.24684012909554187 0.02191915209872076 0.02448729576154491 0.00013225286728996686 0.0001275613590264247 0.00013544029870218123 0.0020353999516216 0.0003063929345107164 1.9700045429163945e-05 0.0 0.0004418586890983191 0.0004207641699802787 0.0005981204905434709 8.24168521948102e-05 0.00011866335985401097 0.00039707470921850855 0.0055507806024670345 0.0001467071759271296 0.00014060758430504551 0.0005146265446379571 0.0003487674752510095 0.0 0.0 0.00013822558301502586 0.00033226887388478695 0.0004845373531673136 0.002202298378891863 0.01987224503441634 0.0008628220228604047 0.002156278763547803 0.0010848675815774062 0.011324621689572234 0.00011567555340083997 0.009139034267693451 0.0005302145246484307 0.0007378860074889941 0.0004554026701057109 0.00041963694630395244 0.0018423997646021609 0.001762430655610494 0.0007030583588140773 8.812024755093887e-06 0.0 0.007401027211554382 0.008750388324632631 0.004074072487189015 0.001974523264539984 0.00022683966354312184 0.03227629821018327 0.05541819723315663 0.0003643829535032382 0.03215229481816494 0.0004238405614433413 1.3352412375456223e-05 0.00026183528120293006 0.0003818240556507129 0.0002310821487862926 0.0 0.00015784914659165746 8.622790558408472e-06 3.975777278579825e-05 1.4275862693691531e-05 0.0016110216899125477 0.0002753852146907977 4.6505074111228665e-05 0.0022150744992512307 0.00010825804460920251 0.0 0.0 0.011227189753691127 9.282432783536411e-05 0.0 0.00012708719800351296 0.00018268077536830307 0.0001406913538559578 0.00029379219820738103 0.0003050070584831802 0.00016761091590474178 0.0008690878480135171 0.0014572254649550637 5.468403263828056e-05 0.0003703238650186053 0.0010491451661613117 0.0002500419772996251 0.00038972853740811236 0.0 0.0 0.0 0.0 0.0 0.0 0.0 0.0 0.0 0.0 0.0 0.0 0.0 0.0 0.0 0.0 0.0 0.0 8.319983231892945e-06 0.0002131184856139414 2.257827891601217e-05 0.0 0.0 0.0 0.00022023154166456537 1.6905983376248556e-05 0.0004184552252037684 8.889882013832513e-05 0.0 3.442422016165369e-05 3.5402866806868434e-05 0.0 0.0 0.0 0.0 9.637621499022215e-06 0.0 0.0 0.0 1.4693907231232723e-05 1.3469927472618572e-05 1.5019013026160262e-05 0.0001306190437133159 7.811228975048519e-06 0.0 0.0 0.0 0.0 2.2031177771941224e-05 0.0 0.0 3.482838491143361e-05 0.0 0.0 0.0 0.0 0.0 0.0 0.0 7.2940318806504895e-06 8.057396050617524e-06 0.0003616546948537449 0.0 8.990196737325682e-06 0.0 3.6606455943376914e-05 0.00014673527205223073 0.0 6.251741459130334e-05 2.232236837327814e-05 0.0 9.786971551025637e-06 0.0 0.0 0.0 0.0 0.0 0.0 1.3704053430147133e-05 6.999413744208417e-06 1.626704866787033e-05 0.0 0.00023734567683755036 5.77511846350153e-05 7.767985977728402e-05
0.0999421473554692 0.07761682849650582 0.00769253935334697 0.0 0.005355917730471181 0.05426380671703749 0.13727630885232658 0.0007303919020995354 0.003952515556959935 0.07606049831249884 0.002373191930759118 0.035372267071334056 0.020693996171250947 0.011523783155610349 0.00027043835753251327 2.6192623743244672e-05 8.03006690718251e-06 0.0 7.935821495731711e-06 0.0 0.0 0.0 0.0 0.0 0.0 0.0 0.0 0.0 0.0 7.167871357362725e-06 0.020146660287417528 5.7998405829982334e-05 0.0003669371023733257 0.0 0.0 0.0 7.155425501395089e-05 1.0704822957999943e-05 0.0 0.0 0.0 6.399495179070363e-06 8.091671950689666e-06 2.3222385397686992e-05 0.0 0.0 0.0038370453569982425 6.292812201861782e-05 0.0 2.4752305193902695e-05 0.0001631253287675641 0.0 0.0 0.0 0.0008699762724696501 0.0007651718348520545 0.002494337330579124 0.01553459922682365 0.0009935340201398881 0.002242915065182813 1.6618287839540742e-05 2.363758600893557e-05 9.530874341314868e-06 0.000955905248459151 0.0009390415193491683 0.00031340848561506356 0.00010080466226778031 6.636361407817396e-05 2.222390977835833e-05 8.725202101070895e-06 0.00036172249339773606 0.0 8.319221191411454e-06 0.008693256087064952 0.0037604145200615044 0.002248989501782721 0.00017459443001469654 1.0766315452300537e-05 1.5198359363283925e-05 0.00018228257627549138 0.0 5.171681774872546e-05 0.0009247737783160266 3.185721762315641e-05 9.958335953322075e-05 0.0006464598559368918 3.13800995757249e-05 0.0 0.00019115808317524962 1.1047015369544956e-05 2.7991083750232085e-05 1.3383207485432781e-05 7.97440940296643e-06 2.7702834800840305e-05 0.0 0.00040678237969663254 0.0 1.3176174043495196e-05 6.885114809251108e-06 0.053634410299718785 8.574557239073563e-05 0.00027107175427090816 0.0002134509642054294 0.0007104969066210543 0.00015644436723860373 0.0015101226449781866 0.0020539044104373513 0.00035650835767783446 0.01294613607024728 0.0030187550621476582 0.00010047114163534567 0.001008597163435431 0.0015571322058097598 0.00043101256582717714 0.0002373419984000677 0.0 0.0 0.0 0.0 0.0 0.0 0.0 0.0 0.0 0.0 0.0 0.0 0.0 0.0 0.0 0.0 0.0 0.0 0.0 0.00025724759656282724 0.0002021177636546266 0.0 0.0 0.0 8.684518802120277e-05 3.5080186584597405e-05 9.842282074273195e-06 0.0 0.0 0.0 0.0 0.0 0.0 0.0 0.0 0.0 0.0 0.0 0.0 0.0 0.0 0.0 0.0 8.675283508348375e-06 0.0 0.0 0.0 8.687660077926415e-06 2.6627483132246023e-05 0.0 7.54913580243682e-05 7.663089293683067e-05 0.0 0.0 0.0 0.0 9.053191351768472e-06 0.0 0.0 0.0 0.0 0.00015926695090752314 0.0 0.0 0.0 0.0 0.00012634150241191432 0.0 0.0 1.0762620544202225e-05 0.0 0.0 0.0 0.0 6.799818981293707e-06 0.0 0.0 0.0 8.299980218274257e-06 0.0 0.0 0.0 0.00021144279373244983 0.0 9.515320589988704e-06
0.0023223522457614942 0.08393007379599483 0.007683300149999942 0.005355917730471181 0.0 0.00032659381732082915 0.12266317863738835 0.012052704802268072 0.4042952804263901 0.10262663196589755 0.17691883145484233 0.0033187526910548907 0.018610580640185517 0.07317049511315907 0.002472666130738467 0.0006636878876127931 0.0001138158023900827 2.9134064315476853e-05 7.4497522177452475e-06 7.457578505255116e-06 1.659221979623973e-05 0.0 0.0 3.8806845088587583e-05 0.0 8.08136079630715e-06 0.0 0.0 0.0 6.143223380834294e-06 0.01408975029630931 0.0018725099950881441 0.0023234033263309487 2.3717500886778333e-05 1.688269392579829e-05 3.5875099120694174e-05 0.0007168947355228471 3.960059699530548e-05 0.0 0.0 2.088082111601283e-05 1.264394696334689e-05 4.079113097287344e-05 6.551260921360942e-06 2.209319567887928e-05 5.1238354051999896e-05 0.009906053501143586 7.210983907407339e-05 6.350195057963406e-05 4.384284670867326e-05 0.00012396248614646093 0.0 0.0 1.1153210212609375e-05 0.0004188002104826977 0.0004964495815034552 0.0013892399717906681 0.006766165178568638 0.0004464197918119143 0.0026461644528147977 9.559103384283899e-05 0.0008358434932626905 5.229923408871255e-05 0.005148063920661092 0.0005235435476066435 0.0003101515756560675 0.00011100585058528299 7.889086727905617e-05 6.610697882835377e-05 2.567973426384505e-05 0.000562519113838235 0.0 0.0 0.006648222797402424 0.007286558306432389 0.006992738570453776 0.0025315536324766784 0.00027196823615219 0.002266225859903826 0.0014362564036140457 3.892458089199889e-05 0.0013234884952783206 0.00047282643418517005 4.191474813340509e-05 0.00010118453615368185 0.00039536557924225806 2.259572569009063e-05 9.078368883786354e-06 9.332753149475323e-05 0.0 5.2024476220554014e-05 1.6231580295229164e-05 3.936657205755256e-05 8.949269563460163e-05 1.353387353962219e-05 0.0017347756097517801 0.00012025191394370114 0.0 7.804416728438741e-06 0.0011242794741808278 9.682949950786829e-05 5.008693229626307e-05 0.00022899752391180664 0.00015077608229373732 0.00012314003913325476 0.00042216380720714393 0.0002966271573478375 9.622762368457711e-05 0.002269827867141937 0.002581246573922414 0.00011585652044653805 0.0006644026085647051 0.0017575250046383034 0.0006146606549591251 0.0006428555131654892 0.0 0.0 0.0 0.0 0.0 0.0 0.0 0.0 0.0 0.0 0.0 0.0 0.0 0.0 0.0 0.0 0.0 0.0 0.0 0.00041101387958822247 0.00036682910784099736 0.0 0.0 0.0 0.0003936748804338781 0.00018146040432156566 0.0006238448168029554 2.7137628607087645e-05 0.0 0.0 0.0 0.0 0.0 0.0 0.0 0.0 0.0 0.0001162227885059177 0.0 0.0 0.0 1.3397384293295271e-05 0.0 0.0 1.7340434293983175e-05 0.0 0.0 1.2114424358279168e-05 1.736124985797118e-05 0.0 6.857031311621879e-05 0.00012049995592434527 1.726922084235885e-05 1.2330373893458441e-05 0.0 0.0 0.0 0.0 0.0 0.0 0.0 0.0006019546302456035 1.0178938162896461e-05 0.0 0.0 0.0 0.0003311473451983126 9.422534365275451e-05 0.0 2.4994121830872737e-05 2.7200975692704148e-05 0.0 0.0 0.0 0.0 0.0 2.667354705189897e-05 0.0 0.0 6.57362527223533e-06 0.0 0.0 0.0005884849635577318 0.0002132400903649558 0.00017802174111948706
0.008158455349151413 0.008055553133673945 0.0020805436975107738 0.05426380671703749 0.00032659381732082915 0.0 0.0035326935715250885 0.00015593998098901483 0.00022774585814641955 0.068835017973404 0.00021994983758879025 0.012578958551239305 0.0046972598431351716 0.0010008764481793597 1.3047449594379925e-05 0.0 0.0 0.0 0.0 0.0 0.0 3.651952513231152e-05 0.0 0.0 1.8332261823837472e-05 0.0 0.0 0.0 0.0 9.490910039636993e-06 0.002758259812660819 0.0 0.0005409765099758916 0.0 0.0 1.6710342110096987e-05 0.0010315393238186225 0.0002503587308453848 1.2398101064781978e-05 0.0 0.0 1.078763831124885e-05 1.1728750619606383e-05 0.0 0.0 0.0 7.183801352451115e-05 0.0 0.0 0.0 4.8958083519198164e-05 0.0001594702916374445 1.8573083086605097e-05 2.9317566737935462e-05 1.880014973828997e-05 4.82597228297559e-05 0.0018570329265560207 0.0009197593191630966 5.376419981625027e-05 3.745990394925459e-05 0.0 0.00013183132768779655 2.0580473401426037e-05 0.0 6.692624371862716e-06 3.531983843365784e-05 1.6312380194149853e-05 0.0 0.0 0.0 0.007374147607768055 0.0019169068776190737 0.0002086087909857389 0.00019045114294214435 8.968116724178501e-05 6.87975971800295e-05 0.0 0.0 0.0 5.2688318891874896e-05 0.0 4.4944131910541194e-05 4.121055355191935e-05 6.68455805258159e-05 0.0 4.902740504611123e-05 0.0 6.912877404386509e-05 0.00012022906316064625 0.0002023087733836731 0.00011441161483075308 0.00016633710704374986 1.6055269492559515e-05 4.9262931005965304e-05 3.136244911503358e-05 0.006023945021919506 0.0024974552389738945 0.00044526284581170717 0.00012119014169824759 0.011105576917800558 0.0 2.574035052139604e-05 7.323589827787714e-05 5.451376161034932e-05 0.0 3.9863923158200566e-05 0.00021413490212581632 0.0 0.0003165842849295247 0.00039655332968579067 0.0 0.00021759847658496065 0.0002931104980946329 2.7095636223609597e-05 4.84662215257072e-05 0.0 0.0 0.0 0.0 0.0 0.0 0.0 0.0 0.0 0.0 0.0 0.0 0.0 0.0 0.0 0.0 0.0 0.0 0.0 0.0 3.19953940095407e-05 0.0 1.1530063387610912e-05 0.0 1.098284914531289e-05 0.0 0.0 0.0 0.0 0.0 0.0 0.0 0.0 0.0 0.0 0.0 0.0 0.0 0.0 0.0 0.0 0.0 0.0 0.0 0.0 0.0 0.0 0.0 0.0 0.0 0.0 1.979212166054098e-05 0.0 0.0 0.0 0.0 0.0 0.0 0.0 0.0 0.0 2.0538567763190116e-05 1.6624239221975462e-05 0.0 0.0 0.0 0.0 0.0 0.0 0.0 0.0 0.0 0.0 1.8298532199182537e-05 0.0 0.0 0.0 0.0 0.0 0.0 0.0 0.0 5.064139141334049e-05 0.0 3.404621074943744e-05
0.04793373481375508 0.20975427895734478 0.00465324606382884 0.13727630885232658 0.12266317863738835 0.0035326935715250885 0.0 0.0011876669012761123 0.24335513094598765 0.2111064923873962 0.025952365634432092 0.02582405198552861 0.2717927154971074 0.24896082942430492 0.0017541770731163485 0.000521947334680702 5.3223647937960116e-05 8.250024841176908e-06 1.5990516365391778e-05 1.836495874089465e-05 1.7434234998812926e-05 1.1669348795445214e-05 0.0 0.0 9.883459711299852e-06 0.0 0.0 0.0 0.0 1.1277913635437562e-05 0.014109912625251466 0.0010340529242291992 0.003057075177486574 0.0 0.0 0.00013540948437648647 0.0022282037232559536 9.430123256312555e-05 7.045551232611018e-06 0.0 0.0 1.7686453927571773e-05 8.036359780380549e-06 2.9322254824154106e-05 7.08766368687675e-05 7.090326052083455e-06 0.009188262225543283 3.3077271885053935e-05 7.102034134276573e-05 3.9938238026741285e-05 0.00015035373563140284 1.0608319425151176e-05 9.180824348090364e-06 3.754261498860473e-05 0.0005715370542294881 0.0006627587735988754 0.002121648797946351 0.010184235062910706 0.0006999715310199537 0.0026618224735690654 5.696693023426957e-05 0.0004466594233472155 8.430267179788899e-06 0.0038404473999826294 0.0005661240753557634 0.0003857569597521947 0.00010688713597907726 2.1247560784018985e-05 2.3852010365110827e-05 3.8840828360722675e-05 0.0008639459216684629 5.3250566414046315e-05 0.0 0.007559013644570167 0.006191234419878418 0.005368527214867479 0.0016665675996687468 0.00024392345105785394 0.0008863123676051533 0.0006947275505445953 1.5773246435862364e-05 0.0009747353659334941 0.0005818368021616863 3.7355483540510194e-05 8.915376879710843e-05 0.00040648212751161623 5.34296305546228e-05 2.9447871817127257e-05 0.0001803827418256035 6.923670873295678e-06 3.307724937521263e-05 4.691587761713411e-05 5.152781743478149e-05 5.862830585668659e-05 1.9930720792725518e-05 0.005297908843290455 0.00026475008933876686 0.0 0.0 0.0071916990115305154 0.00019778394939700634 0.00014401041348681672 0.0005188127393562524 0.001026802666852634 0.00018118855186999788 0.002021900298530977 0.0014741332513146992 0.0035275724382341812 0.005219961720873149 0.00612081650008534 0.00015760082461054823 0.003980433429921892 0.0035999859976558945 0.001371923102555436 0.0014522299052845084 8.282776111265546e-06 1.4067113562629536e-05 0.0 0.0 0.0 0.0 0.0 0.0 0.0 0.0 0.0 0.0 0.0 0.0 0.0 0.0 0.0 0.0 0.0 0.0008239214704004753 0.0001551740572853845 0.0 0.0 0.0 0.0007715281836065146 1.9896110539156805e-05 0.0005562819848896517 0.00014670909310678475 4.572049743543781e-05 0.0 0.0 0.0 0.0 0.0 0.0 0.0 4.105349250671522e-05 5.8203041150289405e-05 0.0 0.0 0.0 3.6871976541289666e-05 1.7862777906733888e-05 0.0 0.0 2.5777252386614423e-05 0.0 2.1642357047648904e-05 5.0111063944190724e-05 0.0 0.0 0.0002999922029374354 1.140551259248723e-05 0.0 7.356838730075507e-06 7.392901142919105e-06 0.0 0.0 0.0 0.0 8.16682242846153e-06 0.0009020512107681827 0.00011813758651007302 9.679101097334763e-06 0.0 0.0 0.0005407525612117387 0.0 2.6875224249645315e-05 3.4481480256767085e-05 6.476687683763604e-05 0.0 0.0 0.0 0.0 0.0 0.0 0.0 8.486996372059638e-06 1.500444092352351e-05 0.0 0.0 0.0009916345985534311 0.00031545512540684563 0.0001305536559184273
0.005684666254037809 0.035752324753933036 0.18372186915183553 0.0007303919020995354 0.012052704802268072 0.00015593998098901483 0.0011876669012761123 0.0 0.004919897165815531 0.0011074091892168188 0.10943783707441816 0.0007854576033717965 0.0029961671204704974 0.05293296986045494 0.004754304430125886 0.00225400357991541 0.0002291262346354089 9.464924294511899e-05 6.62517473041194e-05 0.0004593879062941204 0.001002791194575586 0.0 0.00031777915562017866 0.0004979579785972534 4.9715755993436344e-05 5.731500045949965e-05 4.218311540271306e-05 4.196646696441207e-05 0.0 2.7858009411538375e-05 0.12938190632437535 0.0640088153428301 0.019435040655794284 0.0001463842804888148 0.0002516183585063501 0.00030099439377862165 0.002029145933154765 0.0006280354821953435 6.1009900871521524e-05 2.0791023868813523e-05 0.00044051174191976037 0.00037252398898690483 0.0005485895485825151 0.0016788966207756445 0.0001674535248982053 0.0008704751893768207 0.012697596336070448 6.469786550731666e-05 9.712095858023941e-05 0.00040494032197016717 0.00014296482037745754 0.0 0.0 2.60162679208924e-05 0.0002798437900184008 0.00040866337121326014 0.0017053490871465856 0.012503151192925336 0.0008054546612158896 0.002963607867014539 0.0011613642351540007 0.014809237762021239 0.00028704767876892455 0.019823984480369514 0.00042633126550215976 0.0004705368083427108 0.000352423091048757 0.00033445148080438154 0.001225790120836989 0.0014698658279124579 0.0011521158241838397 0.0 0.0 0.007524418854713418 0.012555297348563692 0.009172149797524407 0.005986123671958098 0.01560074282422264 0.04450691945912141 0.03500392254113269 0.0020625289677437928 0.052788345055673064 0.0004652470153990976 7.5529400754226745e-06 0.00016934376686157115 0.0002943209642621725 0.00019352831072022195 1.5682753579664456e-05 0.00012992541338467233 0.0 6.226166326452005e-05 3.041505436486789e-05 0.0010084680244758228 0.00027914622211458917 0.00012405328645414992 0.002594607221056647 0.00012949030089721134 0.0 7.104448506914482e-06 0.001964383511069627 0.0 6.778415416328984e-05 9.442888093202202e-05 9.310678681435397e-05 0.0 8.87075095460338e-05 0.0001789349264010635 2.6177845208892475e-05 0.0003875348095288685 0.0012944757804193164 1.6886201068878826e-05 0.00023610110222119723 0.0007479170384258131 0.00012634429198517548 0.0003077753599442857 0.0 1.8124418027612645e-05 0.0 0.0 0.0 0.0 0.0 0.0 0.0 0.0 0.0 0.0 0.0 0.0 0.0 0.0 0.0 0.0 0.0 0.00012939800890077 0.00018436011274604612 0.0 0.0 0.0 0.0003499840542130166 1.8979266035815833e-05 0.0002738006020194192 4.879251375397805e-05 0.0 1.8745515059302294e-05 2.696970134775547e-05 0.0 0.0 0.0 0.0 0.0 0.0 0.0 0.0 0.0 0.0 1.7213596279373966e-05 1.8457367129686162e-05 0.0 0.0 0.0 0.0 7.194045361624061e-06 0.0 0.0 5.220353267484322e-05 9.857544844723865e-05 6.710322926751566e-05 0.0 9.891916823386977e-06 6.940057488750393e-06 0.0 0.0 0.0 0.0 8.48667574407607e-06 0.00023425899837700815 0.0 2.345935692856972e-05 0.0 1.8685699273669197e-05 0.00010302963106166277 0.0 0.0 0.0 0.0 0.0 0.0 0.0 0.0 0.0 0.0 0.0 6.71244895381247e-06 0.0 7.457613642568383e-06 1.7295476101657118e-05 0.00018800427872085304 5.1965051337531016e-05 6.846487921559482e-05
0.0005033680553485104 0.13272707046447813 0.013011636793166637 0.003952515556959935 0.4042952804263901 0.00022774585814641955 0.24335513094598765 0.004919897165815531 0.0 0.051713991797364675 0.08102868481860513 0.0048831863344830926 0.027162202754573848 0.09334416691917032 0.0011118150602215816 0.00033451840311162303 1.1616800943453339e-05 8.506722130315827e-06 0.0 0.0 0.0 0.0 0.0 0.0 0.0 9.09007125616607e-06 0.0 0.0 0.0 0.0 0.0017789554123142802 0.000286168624446003 0.0016570339313620066 0.0 0.0 9.571779664163695e-06 0.000996750126893852 1.0467466014712303e-05 0.0 0.0 1.099688320784023e-05 0.0 7.976230504030635e-06 7.030323050453098e-06 0.0 1.5707843817419696e-05 0.0026513401713728455 8.808993612804021e-06 3.23207924324053e-05 8.412790209581843e-06 3.467875101582145e-05 0.0 0.0 0.0 3.909559639175499e-05 0.00010347201532590866 0.00027946912139604764 0.0006937025341752981 0.00011203609362992885 0.0005431165458443803 1.0587228252862226e-05 0.00035019689025282805 3.6796134846683365e-05 0.0007285932636608791 5.2775253546083924e-05 5.552126202898258e-05 1.7730713765796628e-05 0.0 1.7823191331173637e-05 0.0 0.0006247675830416229 0.0 0.0 0.0010314751422218162 0.0013724652718481777 0.002022710193288039 0.0008112633647469435 0.0001193248126390091 0.0009543548990603726 0.0006126984693468436 0.0 0.0003127756999365072 4.9032528505602076e-05 0.0 1.769948273352734e-05 4.2489406813447295e-05 1.6828652737992535e-05 9.98086583388318e-06 1.3561147231984696e-05 0.0 3.516899065367638e-05 0.0 1.9534639821079256e-05 1.2019633769452203e-05 0.0 0.003205185026175023 0.00013681811510848668 0.0 0.0 0.0003029794356641633 0.0001726821377401937 1.185038721381093e-05 0.00036727374089329235 0.0004050942953239679 0.00022902974702415516 0.0005222649710514576 0.0005920484663397274 0.00026107430691928575 0.002836858598278235 0.003204060984072608 7.967150912478152e-05 0.0009248743248359832 0.003059652429140135 0.0008085372555127852 0.0009684110420949752 6.507017553751679e-06 0.0 0.0 0.0 0.0 0.0 0.0 0.0 0.0 0.0 0.0 0.0 0.0 0.0 0.0 0.0 0.0 0.0 0.0 0.00046343600862617097 0.00021608970560818843 0.0 0.0 0.0 0.000639219724694794 3.0842442133615175e-05 0.0006548327219232937 1.0536685423808684e-05 8.07630574477307e-05 0.0 0.0 0.0 0.0 0.0 0.0 0.0 0.0 3.761343094937272e-05 0.0 0.0 0.0 0.0 0.0 0.0 0.0 0.0 0.0 8.18633231184933e-05 2.9816599488435646e-05 0.0 8.591740702910722e-05 0.00014888987947433565 3.7883180103329036e-05 0.0 2.0509610224893358e-05 0.0 0.0 0.0 0.0 0.0 0.0 0.0008187421628952891 6.348151878098941e-05 1.779376492935296e-05 0.0 0.0 0.00013237821251778272 0.0 0.0 4.1225423772698355e-05 4.9947242809326195e-05 7.517523859730893e-06 8.330020425036076e-06 0.0 0.0 0.0 0.0 0.0 0.0 0.0 0.0 1.3545310186070316e-05 0.0006311771708649089 0.0001913104660166045 0.00014398101673210407
0.055996499173838796 0.06175137107382688 0.0035042563756612815 0.07606049831249884 0.10262663196589755 0.068835017973404 0.2111064923873962 0.0011074091892168188 0.051713991797364675 0.0 0.005986725487938153 0.27303231693845464 0.5318263740136789 0.09228325988602061 0.003167599310330511 0.0010232388374034293 6.34664657363773e-05 2.405671156788027e-05 1.9921420385119965e-05 0.0 4.1693199137944296e-05 2.7917923471844527e-05 0.0 2.3147805352235198e-05 3.9733971099203005e-05 0.0 0.0 0.0 0.0 0.0 0.009355003208002997 0.0002636545694013774 0.01589270865406295 0.0 8.764261013009559e-05 0.0001695733721841396 0.010254649193913177 0.0008027718784850727 1.5862863055310657e-05 2.0686260871264764e-05 0.0 9.945664504822847e-05 7.101674306227891e-06 6.969050548674788e-05 4.002482954312543e-05 9.244994415466063e-05 0.009995011650086347 7.908328689279746e-05 3.5166409708212766e-05 4.863282344950456e-05 0.0001939717315352092 0.0 0.0 7.12356617004293e-05 0.00047717072375430834 0.0008401287565377031 0.0032701118376312634 0.010204673802821798 0.0008954715621918243 0.0029894624577256968 0.00010546169368974003 0.0022879768670143034 0.0001183534141626969 0.0029933331819591877 0.0006086372981303394 0.0003309671659970604 0.00014806679614634704 8.022363380660871e-05 4.4236421950667116e-05 3.5539284680527774e-05 0.018085617928888204 0.0002887282421094883 0.000100054013413052 0.008407969069338262 0.005893362004932701 0.006472878729279776 0.0017099468402740016 0.00051694455429227 0.0005995825541485409 0.0026292391845437707 1.0934000593583477e-05 0.0010706937109747003 0.0006145903726463023 1.6599678240001323e-05 0.00014411945280519423 0.0005514114640934618 3.7367234226695646e-05 5.157721171290759e-05 0.0002905890137493918 0.00015028687701054168 9.230560062077732e-05 1.8613966997653656e-05 4.363106204315724e-05 0.00010084650037649224 4.336611297560561e-05 0.029226663791958332 0.003993569677546126 0.00016421570602974454 0.00021895983116000016 0.032852742989584474 0.0006696408281677491 0.0014421440239036373 0.0031623791941300865 0.004325777450937262 0.0012684763031929817 0.004402607344047784 0.011095200143387466 0.0022787039323955635 0.03194978485346668 0.034048582812358 0.0007028361076213716 0.010317437669817476 0.037787066630892895 0.013157871471603029 0.006388407927084962 2.463369534982386e-05 7.018972051206064e-06 0.0 0.0 0.0 0.0 0.0 7.589995666386611e-06 0.0 0.0 0.0 0.0 3.0157266720976627e-05 0.0 5.7716168655282456e-05 0.0 8.776786971071036e-06 0.0 0.0 0.003198589195218843 0.001225097947059784 0.0 0.0 0.0 0.003069162676780521 0.0003644860178312987 0.0032435376852542708 0.0003966865390835322 0.0002195680476212746 0.0 0.0 0.0 8.685998741833475e-06 0.0 0.0 0.0 2.605357002206973e-05 0.0002997997459902988 0.0 0.0 4.205897198081507e-05 0.0001379290487969697 1.990950334571701e-05 0.0 6.803180633936492e-06 2.6714899277450925e-05 5.687002097525666e-05 0.0001910820114410455 0.00022748237221855325 0.0 0.0 0.0007906789065545847 0.00018814760656677475 0.0 4.8653924504162864e-05 0.0 0.0 0.0 0.0 1.1125811892588867e-05 1.122617394165084e-05 0.004465891793011231 0.000566332811310333 0.0 0.0 0.0 0.0019742969802425394 0.0 3.773891507938008e-05 0.000330000625803328 0.00025734706810060616 0.0001377351583572558 1.6785232901162978e-05 4.326509374898142e-05 0.0 5.740355966542679e-06 0.0 0.0 3.043462969150165e-05 4.099134887407813e-05 0.0 0.0 0.007073162990397827 0.0008126304148608557 0.0011120817134488267
0.008325300632882414 0.10687179931815097 0.1192408227853779 0.002373191930759118 0.17691883145484233 0.00021994983758879025 0.025952365634432092 0.10943783707441816 0.08102868481860513 0.005986725487938153 0.0 0.006540134616447927 0.043058354736866235 0.22486714431438126 0.0027871592047433503 0.0021186936724886416 5.319392561407926e-05 1.5095958252011383e-05 2.2569874509894946e-05 3.843399097905233e-05 0.00011516243552890409 1.5789092266105066e-05 4.616897472941248e-05 8.238991724810841e-05 4.748514820979491e-05 4.074344799170758e-05 1.7901001813363977e-05 3.062113086403946e-05 0.0 1.9487131977459206e-05 0.03026574527254034 0.0023665523966715203 0.0628687116473052 1.9022885716114592e-05 2.5629169473970717e-05 0.000340562655112372 0.014465721029531326 0.002742833669076031 5.2438493692582415e-05 6.0607644517068457e-05 0.00016705865561484622 0.00026087768839660894 8.303055831226217e-06 2.893624453590268e-05 3.3411058792440686e-05 6.684161549962184e-05 0.0048096821919165035 4.862769285274695e-05 0.0001009011701927932 4.574518139800838e-05 0.00011972661165936919 1.6508370637352022e-05 0.0 5.520015969168549e-05 6.529264524038931e-05 0.00022958759579392194 0.0006577177270292332 0.003137459526618967 0.00023786348334472546 0.0010580199209029582 0.00010843431807847683 0.022450877339525672 0.00024649900623800877 0.0022256164184876544 0.00023586901697294073 0.00011187795705352637 0.00011584705258767395 4.150868322360612e-05 0.00018309432617288963 0.00038653822857935376 0.0028350723265267866 4.828241494588062e-05 0.0 0.0031022184380416085 0.0026206883925363293 0.00401593246371203 0.001988789093883676 0.0006695959792305065 0.006938235196311661 0.027101677969880687 2.4075822423154266e-05 0.026765007171350635 0.00020145361847299933 0.0 0.0 0.00013018184549690016 0.00010402334777112574 0.0 8.035177739201407e-05 6.828626636988563e-06 2.6950333550878196e-05 3.67905315432582e-05 0.0003543638901157099 0.00016704436241463355 9.392566025299673e-05 0.004302939779041359 0.00021034964446566494 0.0 0.0 0.0013803600134325348 1.0311182931584746e-05 5.962095801536164e-05 0.00015815238709536311 0.00018587470498738983 0.00016760853150862428 0.0004162872634065398 0.0005525994220667509 0.00018606458044004238 0.002234144352025753 0.0027824219427567487 0.00012194113149471871 0.000975760174224014 0.0022868544187184584 0.0009341245755739055 0.0007211063032244654 0.0 0.0 0.0 0.0 0.0 0.0 0.0 0.0 0.0 8.34613033414881e-06 1.8491850559514794e-05 0.0 0.0 0.0 0.0 1.2633462867500637e-05 0.0 2.0621654881596334e-05 0.0 0.0004584748116009297 0.00010935611968809115 0.0 2.1577068625474352e-05 0.0 0.0006246872964768883 0.0 0.0007578496063755478 5.870874724520785e-05 2.737235793816748e-05 1.110780950974435e-05 2.0506249670291613e-05 0.0 0.0 0.0 0.0 7.562620405227935e-06 0.0 5.892963357290124e-05 0.0 0.0 0.0 4.690293171327703e-05 2.8497625454381678e-05 0.0 0.0 0.0 0.0 0.0 0.0 4.618141224026822e-05 2.0345196147867438e-05 0.00023986372047119376 0.0 0.0 0.0 0.0 0.0 0.0 0.0 0.0 1.4586907524086262e-05 0.0006859438206600308 4.3864886039399916e-05 3.757465582614074e-05 1.0825262687471309e-05 0.0 0.00026931798508325367 0.0 0.0 1.0104108862128686e-05 0.0 2.2035997074064102e-05 0.0 0.0 7.64195716446334e-06 0.0 0.0 0.0 0.0 7.5213971994981394e-06 1.5965219146900578e-05 0.0 0.0006470119740304728 0.0002495019722457728 0.0002410518283270847
0.002263012859507963 0.006521209427835271 0.0032158907023109103 0.035372267071334056 0.0033187526910548907 0.012578958551239305 0.02582405198552861 0.0007854576033717965 0.0048831863344830926 0.27303231693845464 0.006540134616447927 0.0 0.09910928916073398 0.021969275526058037 0.0033986869943416834 0.003157838882274556 0.00034623418970969517 1.8341583643243296e-05 0.0 0.0 7.574102785085357e-05 0.00015657717365528379 2.5805368825474845e-05 5.527612271982667e-05 0.0006107927312793062 4.081434465849197e-05 9.014760629108573e-05 0.00021936262226043956 6.853613109865553e-05 2.8101695463378358e-05 0.0004358631039235074 8.766379957705763e-05 0.020379633290874086 1.2096922682148717e-05 0.0005165387463240742 0.0017712494662592126 0.0340310540552414 0.010319917342406995 0.0004978437021721374 0.000509906210601043 0.0004660390576559168 0.0009652397738468639 4.757535886944563e-05 3.344995909235118e-05 3.0316345416591057e-05 3.487339031952438e-05 0.004033319548828601 1.4861349156425385e-05 5.243979816533748e-05 4.1261603126912674e-05 9.755288619966498e-05 0.00014945388276412945 0.0003071180017543243 0.00020835253126595427 6.759316639506416e-06 3.981440095829335e-05 0.0003685465878703336 0.00024503284364573786 0.00012831986216870937 0.00030634357921304725 0.0001513014872449064 0.00416511517865318 0.0011842988865835432 0.0005051126042855552 4.183020940474451e-05 0.00010485989912148577 8.186937991286782e-05 5.16178946824459e-05 0.00034548891686389684 0.0007243733700630779 0.0211137550939928 0.0011051167403108467 3.365579896367871e-05 0.0006178312155197862 0.0005222177294827897 0.002002342589965697 0.0012622397649904775 0.0004924269493313595 0.0 0.001817602077372091 1.8799052795291397e-05 0.0008452742229670691 5.9840702380373836e-05 5.202463763258684e-05 0.0 6.451233500305788e-05 4.8782533109948454e-05 0.0 5.90893617597906e-05 8.2011598188319e-06 9.846510630316758e-06 0.00010995218961938533 0.0006084893914532826 0.0003495024759228822 0.00033688073519249994 0.07993771026217765 0.004714367886376469 0.0001064326469104107 0.0001398023353596223 0.0027599906580456895 0.0005287836618795014 0.0006583334881304909 0.0015941366873554635 0.0013949693380134653 0.0008192281196240692 0.0025243871869256055 0.003663516891499292 0.0012857323909154861 0.014986705410769354 0.018578935373581098 0.0006679082572113849 0.005610892644513811 0.016667250830205343 0.005263380463504804 0.006337826566124278 2.5957263587587574e-05 4.305549363611372e-05 0.0 0.0 0.0 0.0 0.0 0.0 0.0 1.133132454768659e-05 1.3201002947482996e-05 0.0 6.203617779193223e-05 0.0 8.12284533580438e-06 2.5123335457271153e-05 5.104056995875951e-05 1.858460702731587e-05 1.7981036926700575e-05 0.0025429266468975364 0.0010733903295716367 3.608259264182737e-05 0.0001681745041350226 8.221530840905015e-05 0.005171706953502605 0.0003400460575483816 0.004280887720921008 0.0005936002838193758 0.00022824811200030946 3.0883082828573456e-05 1.023393245032461e-05 9.406156643953159e-06 5.546612554523981e-05 0.0 2.5664060826045566e-05 0.0 7.975472306692783e-06 0.0002076425730670516 0.0 8.595324159843509e-06 0.0 0.0001869170791894413 3.878829752836691e-05 0.0 1.9922388857316908e-05 4.4350563865755764e-05 0.00010273007503466552 0.00020557453520051003 6.723063057717818e-05 4.6049725276428066e-05 0.00018797014611513654 0.0009738470161441518 0.00011139846613940829 8.232010379880959e-06 3.0094669597390176e-05 0.0 0.0 0.0 0.0 0.0 2.3938665018854743e-05 0.00618065199116294 0.0008597589264782497 6.259024106521486e-05 0.0 4.6861048584882425e-05 0.001563292923180437 0.00010157986332015439 3.18395062211874e-05 0.00021019456703159884 0.00017707456158536512 8.807860763863456e-05 4.368326181613957e-05 8.497435009006851e-05 0.0 6.442653682132486e-06 0.0 0.0 0.0 8.672333621095452e-06 0.0 0.0 0.005605632497580226 0.0026606493084046627 0.001936103369113757
