0.0 0.21461992656247755 0.08501147505325517 0.18614970847168427 0.00936222205885262 0.001807481253747877 0.07168114235457798 0.015160216437942175 0.0012408040528339894 0.1415781202839947 0.02325253499630211 0.01031874950012315 0.00904888584330135 0.0034815540627674444 7.657430371309535e-05 1.9167872145250033e-05 1.048114533994109e-05 0.0 0.0 0.0 1.1951161663407939e-05 0.0 0.0 0.0 1.2036512706685312e-05 0.0 0.0 0.0 0.0 0.0 0.08236151359409105 0.00035987092119741347 0.0006600994306417412 0.0 4.762579761591957e-05 2.6852288972362037e-05 0.00015550398678385323 5.7443090909226645e-05 0.0 0.0 1.1202020615961326e-05 3.686476088011336e-05 0.0 0.0 0.0 0.0 0.0032991500717026233 0.0002493553673427655 2.6127276239471292e-05 0.0 4.321152510472864e-05 0.0 0.0 0.0 0.0007576222694447445 0.0001641609595741117 0.015502241732901765 0.02736241877508352 0.0037413900632120513 0.000992915356950308 2.3149170458489942e-05 4.3844048033237383e-05 3.145941815875254e-05 0.0055745290174371125 0.00041661432239351785 0.000371465009087699 0.00014859873723055265 8.9086828700024e-05 8.088852266791589e-06 1.0759695843036001e-05 0.0008750144255201082 0.00012240337093703867 1.3954173944433007e-05 0.008823521084161732 0.009874549819422561 0.000827704807937708 0.00051736381258133 2.7619712383119912e-05 0.00012930007026316074 0.004120280150460755 3.185839618812326e-05 0.0003608833378931244 0.0013157864395765692 0.0 0.0005109501018228512 0.0002594355562742401 8.961226866090192e-05 2.464430544935681e-05 6.995687846031372e-05 0.0 3.67824289782787e-05 0.0 0.0 0.0 0.0 0.0015913520754251248 0.0009952616579443105 0.0 0.00026418509773430384 0.07441716937759604 0.0 0.0 0.0 4.515097255398647e-05 0.0001647928582003186 0.00045930939865381247 5.560056464739825e-05 0.00043296765867524854 0.0006296782241089656 0.00030055987514663446 0.0 0.0009152053496331302 0.0005315925647600499 0.000447331807675936 9.036195257991543e-05 0.0 0.0 0.0 0.0 0.0 0.0 0.0 0.0 0.0 0.0 0.0 0.0 0.0 0.0 0.0 0.0 0.0 0.0 0.0 0.0 0.0 0.0 0.0 0.0 7.050082568843775e-05 0.0 0.0 0.0 0.0 0.0 0.0 0.0 0.0 0.0 1.2587760781853232e-05 0.0 0.0 0.0 0.0 0.0 0.0 0.0 0.0 0.0 0.0 0.0 0.0 0.0 0.0 0.0 0.0 0.0 0.0 0.0 7.5783055995859075e-06 0.0 0.0 0.0 0.0 0.0 0.0 0.00011300668677845044 0.0 0.0 0.0 0.0 0.0 0.0 0.0 0.0 0.0 2.8080205516327452e-05 0.0 0.0 0.0 0.0 1.1618888590053516e-05 0.0 9.486770592990475e-06 0.0 0.0 0.0 0.00034897539501068737 0.0 0.0
0.21461992656247755 0.0 0.1313000145652414 0.07109052200717098 0.12590851502307998 0.0039124346400708195 0.1857328711884484 0.038174066592987575 0.0316273602149124 0.058652867054673194 0.046080142485187506 0.030349160240146632 0.052108624691535994 0.04216228905856874 0.0012134714815087452 0.0002226839088893349 1.3653933395648397e-05 2.0549970418458917e-05 0.0 9.389421312554e-06 3.249115177587496e-05 0.0 2.9781077973614597e-05 0.0 1.3372729026122207e-05 0.0 0.0 7.748448528426769e-06 0.0 1.0595824631854346e-05 0.16620452343519976 0.009826420618553725 0.0018789414482735702 1.2694649866781596e-05 1.1791883921212993e-05 9.902221672293088e-06 0.0008378387085820107 8.827843477211288e-05 0.0001882004975671133 1.815783167594057e-05 0.0 7.402320597154491e-06 0.0 0.00012786519013856468 0.0 3.3525305824654916e-05 0.018157308862702545 0.0006531077512818066 2.640929724294024e-05 8.40738370972638e-06 0.0001432551717424424 0.0 3.91218037066185e-05 0.0 0.0013378996292234568 0.0005210802996953021 0.011904658874344507 0.035365631650426145 0.006518392485349808 0.005969858590807558 0.0001644533354649537 0.00017268272011873554 0.0 0.03297509195859847 0.0007294135165945621 0.0009877667769694703 0.00019806527583637635 0.00015090173646178744 7.594817270952134e-05 8.191914882704185e-06 0.00250798476779891 1.1613685553850278e-05 7.391659375111566e-06 0.02678245380880914 0.04321655509984441 0.010717775741142186 0.006100136739588762 0.000435179503566156 0.0008263966999569431 0.011602928411830199 8.926380172870716e-05 0.000855023171538516 0.004365263071219965 1.7049004092073176e-05 0.001135935422650092 0.0005679308138957062 0.0001502686970297594 3.323724653830052e-05 0.00017287691846223617 9.964029926776033e-06 0.00010388620404013414 2.926303037241611e-05 2.7618280753244944e-05 4.366296314020044e-05 2.9034161148530623e-05 0.004468502912984289 0.0017293622423390188 0.0 0.0008410395832615273 0.09021750188089776 2.0597845486412208e-05 4.19723416491578e-05 0.0008503859587364809 0.0007994500203541841 0.00042071031046833694 0.0023312566579497484 0.00012794463629025598 0.0025295299427822862 0.0009721849267166449 0.0018036498166817386 0.00048334460142958704 0.004346141703779728 0.00186580562917477 0.0019608097005646237 0.002254467367789794 0.0 0.0 0.0 0.0 0.0 0.0 0.0 0.0 0.0 0.0 0.0 0.0 2.985859072699689e-05 0.0 0.0 0.0 0.0 0.0 0.0 0.0003654828056106445 0.00047290468640962056 0.0 0.00014087791388510328 0.0 0.0006329242835400562 0.00028921379890721385 0.0008011085022974052 4.552033926597572e-05 0.0 0.0 0.0 0.0 0.0 0.0 0.0 0.0 0.0 7.650935300777092e-05 0.0 0.0 0.0 0.0 0.0 0.0 0.0 0.0 0.00021813873143062716 4.619479514537274e-05 2.2817302987749065e-05 0.0 9.357096723081217e-05 5.754612715709171e-05 9.889561442034709e-05 0.0 2.7834266083786486e-05 0.0 0.0 0.0 0.0 0.0 0.0 0.0020664663468288732 0.0 0.0 0.0 0.0 0.0006338436520492019 0.0005773296524788841 0.0007785886937038433 7.285520073370156e-05 1.4714017317055472e-05 6.349304863548329e-05 1.4480974961882219e-05 0.0 0.0 7.437414917361551e-06 8.703765992732025e-06 0.0 0.0 0.0 1.0787141102865566e-05 0.0 0.001539342699256407 0.0005202481124821451 0.00015128918855226227
0.08501147505325517 0.1313000145652414 0.0 0.00022176232623972701 0.06669081837270603 6.74224616109522e-05 0.028843151949030508 0.1629679570464199 0.10766191854287314 0.0001234327779617315 0.22817819050999588 0.000698581455553594 0.006479612699261169 0.042312827548807684 0.0010442877346022144 0.0004034435318961439 4.08338352767285e-05 1.2381602977734021e-05 1.0108180164994164e-05 3.0345625626640526e-05 7.110349533395238e-05 0.0 6.49561844496052e-05 2.1329248593176062e-05 2.4365233014026888e-05 9.803874283704343e-06 1.0790611603239612e-05 7.834679023642511e-06 0.0 0.0 0.24595411778376094 0.03895262241349144 0.003945116763206496 4.598999529570158e-05 9.32672243848903e-05 0.0001546860119483173 0.0017684904015206236 0.00038876570084667573 0.0002360386828261476 0.00011788324932773533 0.0 8.009799309220953e-06 0.0 0.00013950154678457914 1.3642329903671509e-05 2.640713351198078e-05 0.010308574708841367 0.0005635967975781373 6.764753771364675e-05 3.430719908926286e-05 6.688887935210173e-05 2.0090484699773355e-05 5.8918294758280535e-05 0.0 0.0007493881835231934 0.000284107341106782 0.008031803973412903 0.031008406429464792 0.0034592366514291056 0.0032374394270784654 0.0006099468892782926 0.0006676646158110861 6.774910975934281e-05 0.05175118557282884 0.00042043847373546283 0.0005860189288417303 0.00013603451846196305 7.299929513370138e-05 0.00010381643030870329 4.375298210342227e-05 0.0019912284998497656 0.00025786391051579714 0.0 0.014697962744711865 0.031239893899651462 0.008165170451454734 0.007301392776371313 0.0021792944451479637 0.009205275127199281 0.04848632407274096 0.00015225789167834543 0.003558787353622403 0.0022815814379625494 0.0 0.0005680749528887275 0.0003034232806963707 0.00012763321491378576 2.49841314172683e-05 6.812274576844027e-05 1.466699378193139e-05 3.4145759167170065e-05 1.5541868537454772e-05 3.4603477451139985e-05 5.271807405996256e-05 0.0 0.0015654807894974903 0.0020327938390522636 9.34810723525199e-06 0.0008092267006500414 0.05414376699453769 0.0 6.193289159045747e-05 0.00012627981670925684 5.823397567804392e-05 7.590177735435323e-05 0.00039871833202160867 5.7515219927727e-05 0.0007571927696248214 9.910541721927257e-05 0.00021890602687880142 0.0002379574453176453 0.0008916052475607873 0.000284251219133686 0.0005054662858532 0.00043858423504987903 5.575547847772621e-05 0.0 0.0 0.0 0.0 0.0 0.0 0.0 0.0 0.0 0.0 0.0 0.0 0.0 0.0 0.0 0.0 0.0 0.0 0.0 0.0 0.0 5.043202715670007e-05 0.0 0.0004271210280656552 0.0 0.0001720933329894011 1.4867083832994386e-05 0.0 0.0 0.0 0.0 0.0 0.0 0.0 0.0 1.1870062080030125e-05 2.1198234295815072e-05 0.0 0.0 0.0 1.6480431434144163e-05 0.0 7.767474625784672e-06 0.0 7.116692599888952e-06 0.0 0.0 0.0 0.0 3.7489066284161e-05 0.00032723046655661986 0.0 0.0 0.0 0.0 0.0 0.0 0.0 0.0 0.0 0.0004377181168127296 0.0 0.0 0.0 0.0 0.00033127578726480474 0.0002177271246575489 0.00020661230550137727 0.0 0.0 1.3461035617315899e-05 0.0 0.0 0.0 8.508312840381095e-06 0.0 0.0 8.63425283965328e-06 0.0 0.0 0.0 0.00039749941396162995 0.00023129549141235478 0.00011634669711396871
0.18614970847168427 0.07109052200717098 0.00022176232623972701 0.0 0.002331171422460561 0.016159083764300922 0.08916585590609409 9.322681302545094e-05 4.048626330708829e-05 0.10649735676419551 2.9944127897668632e-05 0.05847029979033145 0.07539853270058976 0.0003170102749256983 3.2571263333001045e-05 0.0 0.0 0.0 0.0 0.0 0.0 0.0 0.0 0.0 0.0 0.0 0.0 1.574535386240326e-05 0.0 0.0 0.005604621146859002 7.194099338209532e-05 0.0005049266560050944 0.0 0.0 0.0 0.0004090360544071763 0.0 0.0 0.0 0.0 0.0 0.0 1.1927414134479706e-05 0.0 0.0 0.0005612665969915126 5.9066573922530275e-05 0.0 0.0 8.314827209694738e-06 0.0 0.0 0.0 4.301195543483905e-05 6.41874434120014e-05 0.0013750931504101205 0.002821360869675263 0.00054450242132444 0.00018273572126660932 7.929450439667067e-06 5.101146965445986e-05 0.0 0.0012900128267134836 2.9369055516022304e-05 8.014509922136485e-05 1.7647053900553555e-05 2.648463463240092e-05 0.0 0.0 0.0006920056173649594 0.0 0.0 0.0018254414980106782 0.0030576228208417868 0.000304271629971605 0.00022891072874336887 9.52939686842274e-06 1.7144199723450716e-05 0.0 8.509918964688282e-06 1.1769251605589308e-05 0.00035820933325329905 0.0 6.301579589370963e-05 3.93177508720953e-05 0.0 0.0 0.0 0.0 2.8927440353787986e-05 0.0 0.0 0.0 0.0 0.0010340873034963274 0.00035080788590383636 0.0 1.5057019083633274e-05 0.015578639304776263 0.0 0.00021698320138139088 0.0009327774678691825 0.0008610855773098015 0.00015534746372709488 0.0008752965993031467 0.00030215278751094483 0.000707902086507784 0.0002040129100275822 0.00014652802653854387 6.94599974215083e-05 0.0007205814304985025 0.00017726763887826295 0.0003198735470841352 0.0002526628177927633 0.0 0.0 0.0 0.0 0.0 0.0 0.0 0.0 0.0 0.0 0.0 0.0 0.0 0.0 0.0 0.0 0.0 0.0 0.0 0.0 0.0 0.0 0.0 0.0 0.0 0.0 0.0 0.0 0.0 0.0 0.0 0.0 0.0 9.650908276558392e-05 0.0 0.0 0.0 0.0 0.0 0.0 0.0 0.0 0.0 0.0 0.0 0.0 0.0 0.0 0.0 4.639350630265583e-05 0.0 0.0 0.0 0.0 0.0 0.0 0.0 0.0 0.0 0.0 0.0 4.485625533562956e-05 0.0 0.0 0.0 0.0 5.4267389959797574e-05 0.0 0.0 2.8497552768460133e-05 0.0 0.0 0.0 0.0 0.0 0.0 0.0 0.0 0.0 0.0 0.0 0.0 8.880845889560779e-05 1.7579426838404342e-05 0.0
0.00936222205885262 0.12590851502307998 0.06669081837270603 0.002331171422460561 0.0 0.0018654381656153889 0.07429106759096396 0.029607436044417953 0.12622387884066774 0.022292400797771905 0.09909079170785812 0.004995555089188382 0.12979034103176063 0.1343722189404114 0.0012713423637435205 0.00025458164155119496 4.1552434369821834e-05 9.67156562542172e-06 0.0 8.971955404207412e-06 3.102730867765449e-05 0.0 0.0 0.0 4.378439265228257e-05 0.0 0.0 0.0 0.0 1.081416757605782e-05 0.007089462946930889 0.0012550121169528263 0.0014029512566987679 0.0 5.170792113868567e-05 3.678336116631213e-05 0.00133822869315032 0.00012425976213868546 0.00030856654208691455 9.953332797656612e-05 0.0 0.0 2.4475762440576662e-05 0.0001473701335662897 0.0 2.4638392802462564e-05 0.007739484802179985 0.00027732209796652745 9.768517058552746e-06 8.496979233126035e-06 4.1726058656468076e-05 1.1898572143661609e-05 6.365411552725655e-05 0.0 0.0003947965091661758 0.00013395605323738658 0.0015054014037463018 0.004075991280445385 0.001853948677830846 0.002498274662169893 0.0003422708357692965 0.0003705310799875985 1.1590666248352489e-05 0.008155857762711567 0.00019428842411852373 0.00028448377600657224 5.408323706687688e-05 2.8393169423578368e-05 7.55954775833513e-05 2.724057863611148e-05 0.003756287117045427 3.454494038561296e-05 0.0 0.006486059034661991 0.012494120469759524 0.0073587161431607085 0.004150900531142706 0.0004895911725022862 0.00040185520989869696 0.001969893720946385 8.352990537975594e-05 0.0010013996826227407 0.0010355367725187528 0.0 0.00023989721422442375 7.792488208759975e-05 2.952698616120056e-05 9.09629083023403e-06 1.4886834276128674e-05 0.0 9.325882073303482e-06 8.539275132433306e-06 9.910502790280601e-06 1.5969974728512418e-05 0.0 0.006641407371249013 0.0027637732182720196 0.0 0.0010671376540892334 0.0031626995817801836 4.288305213234246e-05 0.0002447650183165077 0.0006104739206283924 0.00011784131715237787 0.0013127091150981342 0.002325934588624625 0.00011578763091270682 0.004302158845037898 0.00133078300642134 0.0025500223075477215 0.0019126112928773797 0.00677339675978337 0.004316554336340735 0.002746385651551724 0.003444017094271752 0.0 0.0 0.0 0.0 0.0 0.0 0.0 0.0 0.0 0.0 0.0 0.0 2.832859562622753e-05 1.7193775530469985e-05 0.0 0.0 0.0 0.0 0.0 0.00040712032579220665 0.00016811461021398071 0.0 0.0 0.0 0.0010406478009100126 0.0 0.0008041981472460507 1.9395422191227975e-05 6.34518772558503e-05 0.0 0.0 0.0 0.0 0.0001070583181595677 0.0 0.0 5.748746833322754e-05 0.0 0.0 0.0 0.0 8.711591098603351e-06 0.0 0.0 0.0 0.0 6.0206839198836317e-05 3.302889553305107e-05 0.00010894368551886272 0.0 4.046618946760629e-05 0.00030425792091347937 4.3053167917604974e-05 0.0 0.0 0.0 0.0 0.0 0.0 0.0 0.0 0.0016421712173163977 5.817913013917176e-05 0.0 0.0 0.0 0.0008414443103007914 0.0006717268531728262 0.0010255140608899538 0.0 0.0 1.1116849495831828e-05 0.0 9.95803507361594e-06 0.0 7.2032340829594415e-06 0.0 0.0 0.0 0.0 0.0 0.0 0.0021969521889652005 0.0005481604846003834 0.0003002785606517333
0.001807481253747877 0.0039124346400708195 6.74224616109522e-05 0.016159083764300922 0.0018654381656153889 0.0 0.012800301581445425 3.8336197200493016e-05 0.000333822534278512 0.03144829147630157 1.8850036353451673e-05 0.010186419262695742 0.009641981924692395 0.00036485599989526584 1.2530108596980242e-05 0.0 0.0 0.0 0.0 4.1045768458788604e-05 0.0 0.0006955594112990502 0.0 0.0 1.5067778798089046e-05 0.0 0.0 0.0 0.0 0.0 0.0007435912117024161 1.7678600167305582e-05 0.0003145534987923027 0.0 0.0 0.0 0.0005856162790617405 3.3977994791322997e-05 0.00024182803505671825 0.0 0.0 0.0 0.0 0.0 0.0 0.0 1.2503493155117199e-05 0.0 0.0 0.0 0.0 0.0018997337984381537 0.00046513418876473905 4.3378873796061634e-05 0.0 0.00022703017510381057 0.006060793076681249 0.0007333145544487604 0.0001669743868163384 2.5718920491547934e-05 0.0 0.0001619921046825864 0.0 1.2345176295595651e-05 0.0 1.218320591042893e-05 0.0 1.9806853694343173e-05 0.0 0.0 0.007395429295522805 0.01240435391855037 0.0010864037503136724 3.9505942729473663e-05 4.8386980330250626e-05 8.260556339152666e-06 0.0 0.0 0.0 4.512421053680037e-05 0.0 9.99769727029298e-06 1.89771923850337e-05 0.00032441959468841163 0.0 0.00012364859732867978 0.0 0.0003451619657699539 0.00017533470201015376 0.000849224277176861 0.0 7.333305489961827e-05 0.0 1.2751743669471497e-05 0.0002233104462710533 0.010097896797072412 0.03217348863662314 0.0031070144439469104 0.0026069889883293994 0.025719055781346655 0.0 0.0 0.0002679141848973436 0.0 0.00011513839374418429 0.0003210377537720719 0.0 0.00029478987473636185 0.0 4.684190580841466e-05 0.0 0.0004436897583356849 0.00021752237211525717 8.57670721271356e-05 0.0001541016944638869 0.0 2.6218458498907886e-05 0.0 0.0 0.0 0.0 0.0 0.0 0.0 0.0 0.0 0.0 0.0 0.0 1.2857489621986158e-05 0.0 1.1570756821402178e-05 0.0 0.0 0.0 0.0 0.0 0.0 0.0 0.0 0.0 0.0 1.053184721769626e-05 5.282875704161269e-05 0.0 0.0 0.0 0.0 0.0 0.0 0.0 0.0 0.0 0.0 0.0 0.0 2.743605117673266e-05 0.0 5.02647436099551e-05 0.0 0.0 0.0 0.0 0.0 0.0 0.0 0.0 0.0 0.0 0.0 0.0 0.0 0.0 0.0 0.0 0.0 9.78239099452853e-05 6.182750625976939e-05 0.0 0.0 0.0 5.78620745313681e-05 0.0 0.0 0.0 0.0 8.863911553903188e-06 0.0 0.0 0.0 0.0 0.0 0.0 0.0 0.0 0.0 0.0 1.6355321252838508e-05 1.4880683541275805e-05 0.0
0.07168114235457798 0.1857328711884484 0.028843151949030508 0.08916585590609409 0.07429106759096396 0.012800301581445425 0.0 0.014474713523883895 0.03340257731707904 0.15797338379242074 0.039170686637350585 0.045329630780873716 0.2123450888690016 0.04397838904949912 0.0009067851316640317 0.00035081539071548333 8.404877969679773e-06 0.0 0.0 2.7627254420245652e-05 3.9350234755596426e-05 0.0 1.9482586425538775e-05 0.0 0.0 7.165789128867745e-06 0.0 7.826123367748313e-06 0.0 0.0 0.010317706968790561 0.0008113112615467831 0.001166399070881967 2.1720368168850626e-05 3.4974053215661784e-05 2.3644226673299792e-05 0.0012514224554943114 5.5670448504204107e-05 0.0002567876172249336 2.5133000760464328e-05 9.99521867382472e-06 8.45146798308115e-06 0.0 8.765721598068842e-05 0.0 1.1589364907653573e-05 0.007345871874012437 0.0002701818121683415 0.0 9.291356217180037e-06 6.957916781234135e-05 1.1458380080463348e-05 0.0 0.0 0.0003228208231888329 0.00015779159134074735 0.002987422169006484 0.006937358768173413 0.0017120426361591206 0.0021696948449040415 0.0001058157037556941 0.0002857718752924431 2.1815595596991374e-05 0.00882836190094493 0.00015240886154673994 0.00043168513855802363 7.136450410565941e-05 2.1402170204164076e-05 1.293249508426022e-05 0.0 0.004527036149715705 0.00012830612981346362 0.0 0.00857456056553454 0.014033091775066401 0.005857133702455234 0.003447404263084755 0.0005616112746801704 0.00013962037826844835 0.000752294023016721 6.66296442193568e-05 0.000689075298241419 0.0011655240324894432 8.223178856241426e-06 0.00035365347906193216 0.000176856448952995 6.844535185024997e-05 6.989786289227702e-06 2.759466235019654e-05 0.0 4.841954952214085e-05 3.352101093503001e-05 0.0 1.667169672012193e-05 0.0 0.012413126018889357 0.002717012040567724 0.0 0.0011050782351864157 0.012322307502790841 4.586531088081052e-05 0.00013142426233534723 0.0016153400925798362 0.0004045017429106452 0.0017236363579988636 0.005015935243176471 0.0004441493464244374 0.009383398560448552 0.004414265932363076 0.005139903978847924 0.002242148617706544 0.014565209385042145 0.00848413445290296 0.005814291188869384 0.005516950013202399 0.0 0.0 0.0 0.0 0.0 0.0 0.0 0.0 0.0 0.0 0.0 0.0 7.98600059525927e-05 0.0 0.0 0.0 0.0 0.0 0.0 0.0005945231612267555 0.000560705412040078 0.0 8.509041063811539e-06 0.0 0.0017778917791916736 0.0001593664194898684 0.0013869137502983948 1.863962088518642e-05 1.1091131343115779e-05 0.0 0.0 0.0 3.241060514596457e-05 0.0 0.0 0.0 0.00017843706333748826 0.0001711311070966418 0.0 0.0 0.0 0.0 0.0 1.0358622329417083e-05 0.0 0.0 4.8069966601110706e-05 0.00031701835130355197 8.222271097428503e-05 4.083416332626107e-05 0.0002565793926312062 0.00032418438860227887 0.0003138469452437478 0.0 0.0 0.0 0.0 0.0 0.0 0.0 0.0 0.0025506315513679108 1.8866607895796423e-05 0.0 0.0 0.0 0.001784794061564095 0.0009837028450729109 0.0008993535875149006 4.769522313401681e-05 5.572337848197596e-05 2.5117544431424138e-05 0.0 2.5720564616864806e-05 0.0 0.0 0.0 0.0 0.0 0.0 0.0 0.0 0.004639341552677454 0.0011659820307400356 0.0006055050691372053
0.015160216437942175 0.038174066592987575 0.1629679570464199 9.322681302545094e-05 0.029607436044417953 3.8336197200493016e-05 0.014474713523883895 0.0 0.024795131324170314 0.0005454957754728447 0.07222738829169682 0.005388180564221456 0.0714725386061642 0.13113524085334577 0.0018966418354279166 0.0014903794382675082 0.000547215416551261 0.0001874185345047325 9.840442034897025e-05 0.0006449957525224644 0.001683679669782932 4.832125409411635e-05 0.000575984598985869 0.00010730504242928824 0.0009633059233331822 0.00010278312779275256 0.0004380218961085995 2.0788419774438413e-05 0.00010086103439642659 6.61604410996239e-05 0.08478278079532463 0.15007328421431693 0.015670571674673825 0.0010132701448766687 0.002574444474605091 0.001457465300354982 0.007186959220701532 0.002254066349338863 0.0027938376255695787 0.0009612510660419882 8.009740523985566e-05 2.057475328101829e-05 0.0002009618361037642 0.0016024566040629812 6.606083502453078e-05 0.00035250791458360243 0.008610852743874672 0.0009069069900446516 0.00024384690384068148 0.0006725437306322662 0.0001387383352816496 0.00019730738214820978 0.00041468889615353666 1.2922473675135412e-05 0.0002915116835127578 0.00013906869356943442 0.0020299936919996246 0.009109310176238153 0.0012770233246859844 0.0026076123126869723 0.013736694843834819 0.010643193174267679 0.0016160532296094357 0.04834546652351939 0.0001623383803524779 0.0005561566702417683 0.00019480188174062415 0.0009924249314299638 0.0025130094815498613 0.0009721766727422358 0.006155940026051026 0.0008769829266800953 0.0 0.007286370525884947 0.02082300397607127 0.009448922299284132 0.020043269517802144 0.030563755497631656 0.055580909135439324 0.059608103925041164 0.005419188913497403 0.09221575155121757 0.0008105636482950318 0.0 0.00032091242101342385 0.0001901508249381025 0.0009891050918752788 7.649415570602121e-06 3.536163714637427e-05 1.9202216527163976e-05 7.897009520572806e-05 0.0001270333542408644 0.0007829911626361083 0.00023241420934064016 0.00011047164562678701 0.0032289112125664424 0.00551965723382681 1.2637495572688524e-05 0.002490877018023522 0.009124390088215762 1.151241053645437e-05 0.00013617507023722344 5.4218147631026526e-05 0.0 2.8776415034940596e-05 9.274325870808187e-05 0.0 0.00041321252668167547 7.505262385366914e-05 0.00037363975336019437 0.00040568672451791603 0.0009099159200732011 0.0011604712716667537 0.0005945305822810748 0.000712784456231773 2.59681605832156e-05 6.146681153329582e-05 0.0 0.0 0.0 0.0 0.0 0.0 0.0 0.0 0.0 0.0 9.711518646152453e-06 0.0 0.0 0.0 0.0 4.942924410470913e-05 0.0 4.2269419583299885e-05 0.00010094781396745571 0.0 0.00015214151009630467 5.431356351315406e-05 0.0005459232193605908 2.5615221164840464e-05 0.00012040114581978557 2.018932610148798e-05 0.00010545189682408063 0.0 0.0 0.0 0.0 6.244638449920975e-05 0.0 0.0 0.0 3.612788795454767e-05 0.0 0.0 0.0 3.329986367141812e-05 0.0 0.0 0.0 0.0 0.0 3.2946239459337897e-05 0.0 0.0 0.00011493126730208357 7.220703767535068e-05 3.154781160939694e-05 0.0 0.0 0.0 0.0 2.1548056855865445e-05 0.0 0.0 0.0 0.00040569246034378564 0.0 0.0 0.0 1.1684027749364749e-05 0.00044569787283390796 0.000546194489180443 0.00027695619865278907 0.00014029904528014284 0.0 0.0 1.5894511703060547e-05 0.0 0.0 0.0 0.0 0.0 0.0 9.15509312729802e-06 0.0 0.0 0.0005376919354318558 0.0007292568151657175 0.0006312413126604527
0.0012408040528339894 0.0316273602149124 0.10766191854287314 4.048626330708829e-05 0.12622387884066774 0.000333822534278512 0.03340257731707904 0.024795131324170314 0.0 0.0043699890838507895 0.052830018718563874 0.007242397243397557 0.11312218211490309 0.06412669403393839 0.0007620287052171019 0.0003126880106142564 0.0 0.0 0.0 1.0209136439227224e-05 1.0285098130989824e-05 0.0 2.4375038825586554e-05 1.4222167922144318e-05 1.0836758788548576e-05 0.0 9.40383145053171e-06 0.0 0.0 0.0 0.002113342104557137 0.0008129297617746335 0.0018164449218298505 2.626656855269656e-05 2.0800095390780602e-05 1.9335829628268757e-05 0.0016627034784888134 0.00012165153026684296 0.00021988359199544866 3.344700125431578e-05 0.0 0.0 0.0 7.703192815783729e-05 0.0 0.0 0.00297646232029439 3.7380922390382307e-05 0.0 0.0 0.0 0.0 3.4392849487432836e-05 1.3392016477363028e-05 6.83044208404235e-05 1.5851178143529707e-05 0.000392053634288313 0.0009000098308287592 0.0003652782903807805 0.0008849204317827534 0.00026349631082107173 0.0002440252418035899 4.824304956725168e-05 0.0034858560384173703 4.927728814888991e-05 7.737719602544145e-05 0.0 0.0 3.198713430255736e-05 0.0 0.0021329022494923763 7.105990895137753e-05 0.0 0.002038296094430215 0.003831027526154607 0.0031740975565413996 0.0022254107131456547 0.0005574268229691686 0.0004298556699084406 0.001955022277079177 4.064188829916886e-05 0.0009786578496402208 0.00017545765233815396 0.0 9.618872649865356e-05 3.792267719290692e-05 1.9133937243603692e-05 0.0 1.7961825570122217e-05 0.0 1.6178079890495135e-05 0.0 1.0636486487745275e-05 0.0 8.202982482891469e-06 0.002925591102284767 0.0022171961163133555 0.0 0.0006459469177948138 0.0004286402114914045 7.963676475579425e-05 9.484341010069396e-05 0.00019589575166176204 1.5738239142753747e-05 0.00033683298046979467 0.0020148462018183067 0.00011639421078456459 0.0022044129334003832 0.0008816905677615648 0.000998541050465139 0.0009421369389573911 0.004120386235320232 0.0021095758741214916 0.0015995105858692574 0.0014833558551211176 5.391240158902283e-05 4.0720991666242154e-05 0.0 0.0 0.0 0.0 0.0 0.0 0.0 0.0 0.0 0.0 0.0 0.0 0.0 0.0 0.0 0.0 0.0 0.00028463539538201997 2.4066875454048566e-05 0.0 0.0 0.0 0.000606621285203098 0.0 0.0004572394293692579 6.772338307578786e-05 0.0 0.0 0.0 0.0 0.0 0.0 0.0 0.0 0.00010674684016934842 8.756724820250003e-05 0.0 0.0 0.0 9.794025042419323e-06 0.0 0.0 0.0 0.0 6.087147530711909e-05 4.8558658034564174e-05 0.0 0.0 6.237269356165839e-05 0.0002552488570749513 7.517583863767554e-05 0.0 0.0 0.0 0.0 0.0 0.0 0.0 0.0 0.0012693532171778447 0.0 0.0 0.0 0.0 0.0003852437703714383 0.0003376097847012284 0.00020051367158384077 1.0623488591372284e-05 2.7556876550313923e-05 6.0707813489256094e-05 0.0 0.0 0.0 0.0 0.0 0.0 1.0496133248372139e-05 0.0 0.0 0.0 0.0011568867364668922 0.0003526241899179224 0.00012257601960592612
0.1415781202839947 0.058652867054673194 0.0001234327779617315 0.10649735676419551 0.022292400797771905 0.03144829147630157 0.15797338379242074 0.0005454957754728447 0.0043699890838507895 0.0 0.0019881271001806356 0.07890921593090759 0.31595412459505107 0.00871798378355828 0.00018977348499385716 7.29769613974395e-05 0.0 0.0 0.0 8.866475458760533e-06 1.081667874482009e-05 0.0 0.0 0.0 0.0 0.0 0.0 1.2023839757721656e-05 0.0 0.0 0.0037807650695850107 9.644266630702888e-05 0.0026045116520987035 0.0 0.0 2.024279041998781e-05 0.004184259116455985 1.1738874839298531e-05 0.0006218359603940029 2.7257058665820676e-05 0.0 0.0 0.0 2.2963127596985654e-05 0.0 0.0 0.0009636758499784161 3.309431543451546e-05 0.0 0.0 6.99690100887721e-06 0.0 9.20437686941431e-05 0.0 5.021923701309507e-05 2.4485504658609918e-05 0.0028745098410616677 0.0024821056389281956 0.0004439337046540446 0.00026930877697189904 2.3728019675180194e-05 3.359469411727327e-05 0.0 0.0015752814716963818 4.2925854453268556e-05 8.840899228182688e-05 1.6439201114169612e-05 0.0 1.8819047693351923e-05 0.0 0.012557162180403012 1.773945606995404e-05 0.0 0.0016054725728091605 0.002357229637681416 0.0004728301819402496 0.0005243609648621896 0.00011730160664906797 3.519395187466981e-05 0.00014639413424634749 7.830719938858259e-06 0.00010708405570055398 0.0002324945954356729 0.0 8.7737305047421e-06 1.4950049343500683e-05 6.612862029496519e-06 7.405392474692283e-06 1.6420865239232467e-05 0.0 0.0 7.931195383989216e-06 0.0 0.0 0.0 0.018412450226554068 0.005536947938300018 0.0 0.0018722239198304463 0.033240913185926986 0.0 0.0001449960693448255 0.0005635206346361295 2.6201502293281463e-05 0.0009775340457808845 0.0035342537683801752 0.00027266200933219426 0.005865888896222559 0.0022321669483314974 0.002846155182171514 0.0013012888391729512 0.008720328862315725 0.004301415796560494 0.002755267683382999 0.0021073640618028775 0.0 0.0 0.0 0.0 0.0 0.0 0.0 0.0 0.0 0.0 0.0 0.0 0.0 0.0 0.0 0.0 0.0 0.0 0.0 0.00035147510608077764 0.0005395264318476791 0.0 0.0 0.0 0.0004971095885106127 0.0 0.00022634541474654316 0.0 2.9737893315999244e-05 0.0 0.0 0.0 0.0 3.589908232418859e-05 0.0 0.0 0.0 6.211256501742051e-05 0.0 0.0 0.0 0.0 6.374203125092208e-05 5.355797160043117e-05 1.9403540447745425e-05 0.0 3.740437521760281e-05 5.4855166311639945e-05 0.0 0.0 5.2645947368054646e-05 0.0 6.493513421683361e-05 0.0 0.0 0.0 0.0 0.0 0.0 0.0 0.0 0.0010315806087712947 0.0 0.0 0.0 2.1526594816233828e-05 0.0006202332453202562 2.4795539385992064e-05 0.00023296153633203345 6.585325101925227e-05 0.0 1.8069647618614832e-05 2.898248287748586e-05 0.0 0.0 0.0 0.0 0.0 0.0 0.0 0.0 0.0 0.0020959043338498666 0.00022935656977298599 0.00013078236944359396
0.02325253499630211 0.046080142485187506 0.22817819050999588 2.9944127897668632e-05 0.09909079170785812 1.8850036353451673e-05 0.039170686637350585 0.07222738829169682 0.052830018718563874 0.0019881271001806356 0.0 0.004582047438910206 0.11949375945553459 0.18785976405365984 0.001789738624205849 0.0011984946205140863 7.493748389645484e-05 8.613332896057737e-06 0.0 6.619407431978521e-05 0.00022173503531052857 0.0 0.00010326007070996769 8.091830227548309e-05 0.0004286858033966536 2.0152679944130415e-05 0.00011059405851193602 1.525216279919107e-05 3.0184558734867273e-05 2.068099557325125e-05 0.04030798884619357 0.0324892187971282 0.018048112076499645 0.00014624323378796043 0.0005235384423139846 0.0005215508429322745 0.007246794316186447 0.0018301415148487563 0.0015874230502150605 0.00048443902430419237 3.83431676714119e-05 7.987028949113123e-06 2.8631053417597495e-05 0.00033388132726920627 8.759920627611209e-06 2.0635247786309356e-05 0.006637952879381938 0.0002829384804584555 4.727609293655229e-05 3.6143777029779756e-05 5.707842468947586e-05 2.103827098438422e-05 0.0003600134389432769 0.0 0.00020089423153200848 7.604174748150631e-05 0.0014381793117652693 0.004174929037985469 0.0011875273499721423 0.0023001744711609274 0.0011061409543615143 0.002279379172428206 0.00017772814519549424 0.01270291124363235 0.0001400720636982485 0.00016199827558124037 5.837812514073124e-05 0.00017925257974035704 0.00030586090664747886 0.00011951455744691027 0.005298650000057964 7.62594707765927e-05 0.0 0.0057596231418560115 0.012062737221304317 0.007619240221295622 0.006182492316827982 0.0024162215101497493 0.004727552852073951 0.024989123291167113 0.00024458961418665284 0.01150209939832538 0.0008340467809329801 0.0 0.00020293314119539425 6.992044169627482e-05 8.502074082781304e-05 7.393160027228614e-06 3.802457418601232e-05 0.0 3.209742796774095e-05 0.0 0.00017716761091440922 6.264204937147177e-05 2.799104273911969e-05 0.0019263650812935107 0.0010854590863161027 8.354225725896433e-06 0.0013210476634687098 0.009992676852982716 0.0 0.0 5.712740876648722e-05 1.3808454807386563e-05 0.00017376059316585884 0.00014957079607844993 0.0 0.00032229900263024445 0.00017740804175160786 0.00037629235567626044 0.00021248301556708543 0.0006695597215107603 0.0007595782124343277 0.00041344039779740873 0.0005993509684806179 0.0 0.0 0.0 0.0 0.0 0.0 0.0 0.0 0.0 0.0 0.0 0.0 0.0 0.0 0.0 0.0 0.0 0.0 0.0 4.470730999041417e-05 0.00011524892084414161 0.0 0.0 0.0 0.00019701235394199818 0.0 0.00012345088350401815 1.880096076380475e-05 3.876753192631204e-05 0.0 0.0 0.0 0.0 0.0 0.0 0.0 0.0 0.0 0.0 0.0 0.0 0.0 0.0 0.0 0.0 6.771468937540951e-06 0.0 0.0 0.0 1.4174916380962149e-05 0.00022620711821487777 1.7353831130067216e-05 3.261237034357682e-05 0.0 1.9612471550040634e-05 0.0 0.0 0.0 0.0 0.0 0.0 0.0003702589834519031 9.964177277629904e-06 2.0126845461792895e-05 0.0 0.0 0.0002699160718831635 8.66769202200597e-05 0.00022254199528197233 9.173522841463153e-05 4.8145346644765925e-05 0.0 5.3263207850225666e-05 0.0 0.0 0.0 0.0 0.0 7.482215005653808e-06 0.0 0.0 0.0 0.00027018855540873304 7.290407003215307e-05 0.00010606306085855545
0.01031874950012315 0.030349160240146632 0.000698581455553594 0.05847029979033145 0.004995555089188382 0.010186419262695742 0.045329630780873716 0.005388180564221456 0.007242397243397557 0.07890921593090759 0.004582047438910206 0.0 0.06121853939869361 0.007254486936578466 0.0009145247360391029 0.0010018871239005286 1.900252587446806e-05 0.0 0.0 0.0 2.1268793639956295e-05 0.0 0.0 1.1394835412497168e-05 8.038527994987732e-05 0.0 9.361616206428664e-06 0.0 0.0 0.0 0.0009098675129911122 0.0007312740747232502 0.013334087304681516 4.456034922854116e-05 4.34013486789309e-05 3.174966599305233e-05 0.020056742784315865 0.0008958824767981014 0.003066914032034706 0.0001805858187970149 6.558242635408504e-05 0.0 9.546850189298279e-06 0.0002381275758379931 0.0 1.030708210285647e-05 0.002089955909392766 1.8786694099026864e-05 0.0 1.6795049548612474e-05 0.0 3.011376440489066e-05 0.0006407331048154369 1.4296434303556602e-05 4.015465874129195e-05 0.0 0.0002581811158010471 0.0005058512035089883 0.00015849397137024902 0.0005330943987860522 0.0001866870166194087 0.0008116826632516173 2.445601199744236e-05 0.0021518571717346747 3.086506646893892e-05 2.4356927854584264e-05 8.679819927916472e-06 7.915642113597795e-06 7.444381820838704e-05 9.128303191002769e-06 0.01909036792968644 0.00014562832626626655 0.0 0.0012077250169074893 0.002493934092229216 0.0025610985673120267 0.002546179211151388 0.0008717126162812212 0.00025210660787147406 0.004878346007242584 0.00011405123836879795 0.001503148514275049 0.0001202153418217707 0.0 6.322258808203129e-05 1.732215690073156e-05 0.0 7.80675215918003e-06 1.6843895581139692e-05 8.610627844593002e-06 0.0 7.983785679266356e-06 2.0353727000212756e-05 8.298186645107917e-06 9.907686837910059e-06 0.03035035316008728 0.002428943005791045 0.0 0.004296920080905777 0.0020325708289636465 6.827816679591786e-05 0.00017502432139603045 0.0006070196156642426 0.00016158378383354942 0.0012865383967248182 0.002256328104290569 0.00018563577452476466 0.003483581568638037 0.0012211939644901273 0.001875045534351433 0.001013091379596284 0.006122353362167524 0.003024441625792768 0.0032670100709710757 0.0030365495323147456 1.8907455103550908e-05 2.8009433676744326e-05 0.0 0.0 0.0 0.0 0.0 0.0 0.0 0.0 0.0 0.0 0.0 0.0 0.0 0.0 0.0 0.0 0.0 0.00017941878297268385 0.0004154523418667708 0.0 0.0 0.0 0.0007599037856970158 0.0 0.0003972242416707426 8.583018792656394e-05 1.5099043547157099e-05 0.0 0.0 0.0 0.0 7.345570354613348e-05 0.00011480353815323305 0.0 2.2101784303032425e-05 3.4809395616238945e-05 0.0 0.0 0.0 0.0 0.0 0.0 0.0 0.0 5.9254364830479946e-05 1.7235614642130266e-05 7.931902512981631e-05 1.9059004681225752e-05 9.17716248510683e-05 9.362842941063675e-05 8.390768737656281e-06 0.0 0.0 0.0 0.0 0.0 0.0 0.0 0.0 0.001302655474137342 0.0 0.0 0.0 0.0 0.0007014897891542061 0.0005683821580919499 0.000330768601748129 9.238250271467432e-05 7.470895202847163e-05 0.0 0.0 0.0 0.0 0.0 0.0 0.0 0.0 0.0 0.0 0.0 0.0016188504172365047 0.000564403457806923 0.00023653777257669946
0.00904888584330135 0.052108624691535994 0.006479612699261169 0.07539853270058976 0.12979034103176063 0.009641981924692395 0.2123450888690016 0.0714725386061642 0.11312218211490309 0.31595412459505107 0.11949375945553459 0.06121853939869361 0.0 0.19124202343711819 0.003561024859276748 0.0032582580661864404 0.0001869624785710535 1.8301228098211532e-05 0.0 3.749449034664505e-05 0.00023594355078829647 7.12229782637018e-05 4.2393314507826506e-05 1.9659199607926172e-05 0.0002758060003778705 0.0 3.09928340065645e-05 0.00016204061025708801 2.1239473146628523e-05 2.11788871287019e-05 0.0035858056728837223 0.002970381540259392 0.06470126095484856 6.794077289262604e-05 0.00024068415115365352 0.0002500473959747829 0.04801458472451872 0.002428055266530448 0.009329218200556235 0.000643163891360333 0.00016262603830163825 6.409821549020562e-05 2.9365474890273255e-05 0.0009214093394111839 7.91580885272191e-06 2.1794613610931053e-05 0.010120621091425667 0.0001563610444945513 2.7411266763111667e-05 0.00012334265895503523 3.116113427420116e-05 0.00011321912017788286 0.005101538082695068 0.0001628579002989189 0.00021469279366838462 4.9633179237527304e-05 0.0009069388728917751 0.0017069787867969126 0.0009991867178653438 0.002707271610520746 0.0012336562629996876 0.002939440901415157 0.00014959467312102348 0.011993874535385956 8.05407622442889e-05 0.00012940436674859182 7.902352617640307e-06 0.0001229636407621175 0.00025639730691565907 9.069451725285435e-05 0.03881298169227433 0.0002940301996539251 1.4102477150137858e-05 0.006014967951092646 0.011333530086254512 0.012370707084721228 0.010860904528506205 0.0035109265616402627 0.0017648168586497164 0.026443392374680616 0.0006074849318235565 0.007961532267832567 0.0006452492754830295 8.520786477926626e-06 0.0001819169724513251 7.984418124641783e-05 9.510277629814576e-05 0.0 4.54387193014245e-05 6.963333708834734e-06 2.5217902771402805e-05 2.6261165429544376e-05 9.137710767491582e-05 2.160067429472093e-05 2.2601149367021782e-05 0.07922308016118203 0.00851188300421952 0.0 0.007036158828279382 0.0036511759062529256 0.00017015660222457015 0.0003464899637893989 0.0015565291126728989 0.0003339703000413656 0.0017590515331391647 0.006657197491851882 0.0005107803276589104 0.011774091751538361 0.003374791493282211 0.006796630511958573 0.003050926518676928 0.01885222196291082 0.010434060292815295 0.009431038748038648 0.007686411831261884 9.036324461424463e-06 9.343011377406668e-05 0.0 0.0 0.0 0.0 0.0 0.0 0.0 0.0 0.0 0.0 0.0 0.0 1.6679231001939566e-05 0.0 0.0 0.0 9.127948773422671e-06 0.0015898168059393179 0.0010646598416826202 0.0 8.76507713196586e-06 0.0 0.002375388173539332 1.2600614429495585e-05 0.0012896180652451265 8.100060005396212e-05 0.00013691507785832259 0.0 0.0 0.0 0.0 9.757278453821892e-05 7.921276344931311e-05 0.0 0.00014286131842066311 0.00022803369878772489 0.0 0.0 0.0 5.627910679863234e-05 0.0 1.7995525485933185e-05 4.834302944819516e-05 0.0 0.00018346633565853959 0.0005736713480128588 6.84136039454874e-05 1.6630733958276783e-05 0.00037126612188492206 0.0005656633541393631 0.00018395554204445072 5.9352052242349515e-05 0.0 0.0 1.0343367638387451e-05 0.0 0.0 0.0 0.0 0.0048795268397600206 2.4005988530167724e-05 0.0 0.0 0.0 0.002444006996121128 0.0012809162869378598 0.002372581898242234 0.00018971950572289965 0.0003544850094004934 6.358426656933714e-05 6.032845949149767e-05 0.0 7.795837338562286e-06 0.0 0.0 0.0 0.0 0.0 0.0 0.0 0.005851689991122587 0.0016863125604324044 0.0011752009306647132
