0.0 0.13352610506519177 0.0657745840457081 0.07700543702913923 0.0016998281582618075 0.003422442612266259 0.007102543265316176 0.015706210065244662 0.0004278505430980813 0.0926841387782478 0.005760180739519441 0.0022986158763819036 0.004144482492801069 0.010950192235940343 5.9312836893755014e-06 8.301041255937777e-05 1.3176871037720396e-05 0.0 5.336096849566131e-06 0.0 1.2599049145838094e-05 7.747064128717062e-06 0.0 0.0 4.368302181213168e-05 1.340310063572408e-05 1.6398223896579223e-05 0.0 4.066933967291256e-05 0.0 0.027584291326987597 0.0013310852467079094 0.0015929857276925292 4.656938330584405e-05 0.0003205073227398552 0.000261425141170921 0.0009076858919563631 0.00010252866650457267 5.491123276711872e-05 3.1816521684292345e-05 0.0 0.0 4.930973625417074e-06 5.251706043039595e-05 0.0 6.688110993954567e-05 0.00044797422713224115 0.0001739320585339354 1.1156663710708429e-05 5.83078411342553e-06 1.3141286615041459e-05 1.828466190945447e-05 3.8307133860790776e-05 1.5000313814494929e-05 0.00027937079519844065 0.0004650746020001873 0.01185943361128101 0.04378382013739953 0.00289411209919282 0.000392775869500601 0.00029449324039385386 0.0001776307414115036 0.00015500624442569785 0.0005031892035052853 0.0002270756002614474 9.018549735257634e-05 1.652470734650945e-05 4.918506343826197e-05 3.860429255521783e-05 0.0 0.0004437537489928131 0.0 1.714096850280087e-05 0.0022624386836094415 0.003593508153585759 0.00022932384974617878 0.00034758991698175245 6.716690222364398e-05 0.000407781540596508 0.0031515499835367265 6.872163892000415e-05 0.001195439896195822 0.0006747758107299477 4.1991374512884475e-05 9.690996102493212e-05 0.00030813798436580674 6.501977335125922e-05 3.275506510508351e-05 6.39816802032084e-05 0.0 1.2784275898958258e-05 0.0 0.0 7.183716236264405e-06 5.691549197575031e-06 0.004774821362308912 0.00010676884401478604 0.0 8.996835606860005e-05 0.06440788244542203 2.1387829134919556e-05 0.0003078386371198611 0.0003656878216925791 0.000158866164238805 7.263146887676238e-05 0.0004438889582448276 0.00035456607611433804 0.00014352006987568728 0.001082270924526101 0.0007463949387679055 5.368882757071795e-05 0.0006775068592050675 0.0003475271643831276 0.00042936409785999236 0.00018438930768481057 0.0 0.0 0.0 0.0 0.0 0.0 0.0 0.0 0.0 0.0 0.0 0.0 1.3571818412012662e-05 0.0 0.0 0.0 0.0 1.5636730731109676e-05 0.0 8.066367055353167e-05 1.2719680410933235e-05 0.0 0.0 0.0 0.00027943759368069125 9.636496596155836e-06 8.27494275500711e-05 2.1617017080719522e-05 4.441635073630293e-05 0.0 0.0 0.0 0.0 0.0 0.0 0.0 8.29580514883661e-06 5.218324277589674e-06 0.0 0.0 0.0 5.0080556038331476e-05 0.0 0.0 0.0 0.0 1.6336754291750504e-05 1.7389390764224068e-05 3.407181391433074e-05 0.0 0.0 0.00012603445024394298 0.0 0.0 0.0 0.0 0.0 0.0 0.0 0.0 0.0 0.00034998154499494335 0.0 0.0 0.0 0.0 1.3312100028100942e-05 0.0 0.00019406745656623675 2.392263203440274e-05 0.0 0.0 0.0 0.0 0.0 0.0 0.0 0.0 0.0 0.0 0.0 0.0 0.00022493033449825242 4.378742284463837e-05 0.00015899428308457968
0.13352610506519177 0.0 0.10470309816952295 0.05992962436106132 0.07081426423872361 0.00826910980785761 0.12747574218033095 0.07620093342331222 0.06300576216166569 0.09443626000451733 0.13869702504488388 0.01261431758272907 0.12087584121894505 0.30708302426591694 0.0006230473692756937 0.0006338407666525379 0.00022932684612643651 3.638157055492875e-05 6.75166530723931e-05 6.120412621187731e-05 3.262206221725951e-05 3.500181639968597e-05 6.05666564219297e-06 1.9470827947130257e-05 0.0004895539305790926 1.5365512101118624e-05 3.9374183673325016e-05 4.4338873316571994e-05 1.2779271982441654e-05 0.0 0.09750698085896176 0.004135426292132487 0.0214857028986968 0.00015250575836065158 0.0007005875666392852 0.001541572846866984 0.006022576526397198 0.0011552219113332629 0.0004472855540949515 8.813275493973516e-05 1.0768382127073168e-05 5.948717480872119e-06 7.274246974489788e-05 0.0003790856517031325 5.09818676050102e-05 0.00018460310548213998 0.008924687919077695 0.0015533068731914958 0.00015137224898805534 0.0001434216298297409 0.0002381717316990048 2.2316283362095318e-05 6.122128848048425e-05 0.0 0.0016957238721807977 0.002841462392128037 0.015958731933311834 0.05465195529353315 0.010024922471580053 0.005204741133206912 0.00031580393440119593 0.0037025983628075246 0.00029657574007856417 0.009997484235309264 0.0019786829497238545 0.0009797321654579478 0.0001832413426068801 0.00033985622535535225 0.00013813608486143572 3.434449173914206e-05 0.002453440551910715 2.2354513207254423e-05 0.0 0.014332274518913394 0.03202694340163678 0.008858616113440536 0.007418344734347303 0.0008054255714273793 0.0011412899563219706 0.02574195140102663 0.0002608003174151333 0.004556593404251357 0.005414100865314705 0.00018692872165918274 0.0009353433969218557 0.0023542081906181424 0.00040399807517805993 0.00013479944020622193 0.0005501365890388417 5.955364496010157e-06 0.00010741078574821288 2.333053641529311e-05 2.735795167026169e-05 1.7184136790871965e-05 6.0820477367191385e-06 0.002888070865101524 0.0003512421025273095 0.0 0.00044837480379225875 0.08796072070536279 7.522052676755514e-05 0.0009557118049216255 0.001053002079007374 0.00048015872587996443 0.00012501992711212617 0.0020095895163628136 0.0007088982092623416 0.0008113029039037138 0.0011280385898020703 0.0017451931863849085 0.0001880833751546777 0.0032887890968649057 0.001485411931925794 0.001850516602367645 0.001272779872869416 7.969879952233608e-06 0.0 1.600551754897397e-05 8.892217693038055e-06 0.0 0.0 9.178775440601954e-06 1.861622746452471e-05 2.134489289300596e-05 0.0 1.0001972182751972e-05 2.2429550772366718e-05 2.808553769274672e-05 9.099816199143273e-06 9.024397346568865e-06 0.0 0.0 1.0842342266250874e-05 0.0 0.00026719558654346795 3.196411074323623e-05 0.0 0.0 1.0474879363185569e-05 0.00223179673769054 8.647671950430998e-05 0.0009692645416292846 0.0002442721544102867 0.00013767634124549252 5.2518015574745474e-05 8.451100836181286e-06 3.767170578817497e-05 1.99176477475175e-05 3.008090115677625e-05 5.463978738662936e-05 0.0 2.5144309799799406e-05 6.151895989100619e-05 0.0 0.0 0.0 0.0 0.0 0.0 0.0 5.447949355985084e-06 7.392890393549845e-05 7.466628644607241e-05 0.00011034736982946887 0.00011754748527799249 0.0002769812026440753 0.0009487473487144392 5.828294287041022e-05 0.0 0.0 0.0 0.0 0.0 6.066941146727358e-06 0.0 0.0 0.0024626471993685127 3.5518739173662025e-05 0.0 0.0 0.0 0.00020266221419369717 0.000167554186127483 0.0004051516242879007 7.40150209824958e-05 0.00012127844856832485 7.771747196229362e-06 5.755807689105765e-06 9.259051856929738e-06 0.0 1.703759916099026e-05 0.0 0.0 1.2810850961074207e-05 0.0 0.0 0.0 0.0012314717375660623 0.0005095047137476227 0.0011274181181152947
0.0657745840457081 0.10470309816952295 0.0 0.0043260916410302235 0.033470591220819815 0.0015439324481776292 0.0023768385705998916 0.2315561726528642 0.02557016160176574 0.009805469304996685 0.11639586145897177 0.00036699666360122326 0.002474399861599158 0.028279707698790436 0.0012857813381947063 0.001564719000946087 0.0002213721512362355 0.00012287710024070275 2.0921594003649282e-05 0.000654105801459109 0.0004147604611746525 0.0001772457272495922 0.00019619128887097146 9.989008120186161e-05 0.002847704303780293 0.0004637693823224332 0.00042057901953668886 0.00019751081308706087 0.0003685308011461583 0.00011776815539668756 0.28047336309348686 0.0466985751604921 0.007881146507301312 0.0036819135314680195 0.013903737542360437 0.013702563801242428 0.0040954838856717074 0.0016729658605539202 0.0005726285298978902 0.00025642997500900135 0.0003245166051763133 0.00020312650774373676 0.00012082809993321887 0.0007564984239232085 0.0005895224607134358 0.0012222284479980173 0.00435664409512295 0.0005919695747179875 8.896482239246195e-05 0.00011751049076569674 6.663846813084662e-05 0.00015144050666512611 0.00012536502500213632 7.416059672809808e-05 0.00039368892009944645 0.0008856073451782808 0.005534936963137581 0.0376671122125511 0.00285539141141844 0.001882903243648231 0.008277653683347251 0.006407900904172869 0.0062113449109558495 0.021536568568947735 0.0005167590249723575 0.00032560524635423657 0.00014469299724679675 0.00022173426793063074 0.00025717739905225796 5.9254092627717954e-05 0.0022577322728936527 0.0002644918420057392 3.197055796759551e-05 0.00469657616394646 0.01750737607486601 0.004356764744200717 0.0050470022612368074 0.003900936356898145 0.023395652288008953 0.07440451029176016 0.0030403847973548503 0.04206158722360456 0.001641940625413734 7.39691475754227e-05 0.0003480778484287485 0.000662704936189606 0.0003909029599712772 8.397438284708648e-05 0.00035994038884777993 6.87355977962211e-05 5.506349452316768e-05 3.2445301778922976e-05 1.3803627709114618e-05 7.852607483054679e-05 0.0001375127848112258 0.002491809561697822 0.0005284716327625392 0.0 0.0003808238820277851 0.03560844575470525 1.5397048233054037e-05 0.00020623086601109737 0.00028259389466198706 7.455745872390147e-05 7.413288743206708e-05 0.0006887954127523211 0.00015897473825075815 0.0002514220371613718 0.0002788022455243869 0.0005242365646006027 0.00015181605266981869 0.0010915249267312759 0.0007060306574686696 0.0009952932510674086 0.000963685180490352 0.0 1.546059325486401e-05 0.0 0.0 0.0 0.0 0.0 9.781584178264981e-06 7.902954374162374e-06 0.0 1.575276825256412e-05 9.079501087620498e-06 8.017957316379348e-06 2.1221845844470338e-05 0.0 4.7745234362253255e-05 4.112776178117456e-05 6.608321296849254e-05 0.0 0.00023798490036114827 2.144518545682372e-05 0.0 5.059520553024178e-05 1.8017583040683953e-05 0.0019633065584130534 0.00018219653841435726 0.0007574436297646916 0.00027238183742042557 0.00020678142007235617 2.4457823869757673e-05 0.0 3.277060208774085e-05 0.0 1.2049821887919651e-05 4.1702387020596765e-05 0.0 1.770757322565903e-05 4.616659065316478e-05 0.0 0.0 0.0 4.9497969016019956e-05 1.9915142900717814e-05 1.2052005625202633e-05 0.0 0.0 6.43989275983748e-05 3.7185039040879617e-05 7.388615833731588e-05 8.64357927243495e-05 0.00022320244611458598 0.001122552170370568 0.0 0.0 0.0 0.0 0.0 7.595689154871636e-06 2.2993995347696498e-05 4.403409464998553e-06 2.316934232645128e-05 0.001308416798157895 4.161985754199289e-05 0.0 0.0 8.072547378488976e-06 0.0001578503451147559 0.00027082391562577085 0.00024191583448264945 6.672111074398787e-05 4.139972276630018e-05 1.2570575830612186e-05 5.307031383357401e-06 3.0731063678969434e-05 1.2322987876224127e-05 0.0 1.0114206458056594e-05 0.0 4.591401033642563e-06 0.0 2.0272570048183236e-05 7.373203587919486e-06 0.0006408962600555379 0.000891009440384135 0.0014868536645505713
0.07700543702913923 0.05992962436106132 0.0043260916410302235 0.0 0.008016069372473572 0.04331731429058689 0.06275536263012023 0.000453998285956494 0.0019055991670410006 0.2399921710460363 0.001515324867771311 0.032142436880765075 0.0821206463654975 0.028490222180197016 1.534861076408298e-05 1.8338708925784734e-05 3.69095511467295e-05 0.0 6.486795931912411e-06 6.538157567606763e-06 1.1598810813990596e-05 0.0 0.0 6.221734227871982e-06 2.7067348520495656e-05 0.0 0.0 7.603254244744829e-06 0.0 0.0 0.014871012512532584 0.00014341957752109073 0.0006149203579680686 4.300504408072358e-05 5.405835385517542e-06 5.855382931814262e-05 0.0013406983827070813 7.173890959046385e-05 7.106048654225975e-06 7.928698017784557e-06 5.962344174830414e-06 0.0 5.81675446794478e-06 5.14416776574051e-05 6.252349877954436e-06 4.246732573450861e-05 0.0012738949880105063 0.00029031372514115355 4.0675693501100567e-05 5.366035136695066e-06 5.636793862756135e-05 0.0 1.6617961497832237e-05 0.0 0.0003507380260596957 0.0008120406821444567 0.006188928419760483 0.019030050317203135 0.0028062710334944094 0.0008162024906385003 1.546785360362165e-05 1.3597035859680194e-05 4.890412727364635e-05 0.0012888331529315247 0.00044301623938641847 0.00020582700363526053 6.805944947435341e-05 6.526719425167084e-05 4.615885754646801e-05 1.0816229370755668e-05 0.0006784907700567663 0.0 0.0 0.0035005644217694456 0.006318789453161472 0.0007623735885492369 0.0005950419544251581 7.70245614348001e-05 7.193108569271979e-05 0.0002811851270342804 2.879075485078807e-05 4.893289955290505e-05 0.001530449459152969 5.05040128346169e-05 0.00021376856047641992 0.0005106601822932103 8.555646392041672e-05 1.8324968615865507e-05 0.00015959381188350617 6.409326696382043e-06 6.77517490481615e-06 5.538263935030561e-06 0.0 0.0 0.0 0.0015471888741873422 0.0 0.0 5.857071765674206e-05 0.03154201917800141 0.00017833931938744007 0.0011637571919680227 0.008306703438297995 0.0018375646288289291 0.00019346784592530453 0.004174260208321829 0.0018947309728108263 0.0011585442110105622 0.003520485085635587 0.002353048709888579 0.0004373123339716686 0.0040570508561791575 0.0022130246594573018 0.0018645352752425417 0.0008620708283214784 1.3068852107135744e-05 1.4501988432767915e-05 0.0 0.0 0.0 0.0 0.0 0.0 3.3406920793948696e-05 0.0 0.0 0.0 0.0 0.0 0.0 0.0 0.0 0.0 0.0 0.00020703840878466418 9.274889103463488e-05 0.0 1.2844032117325314e-05 5.7523702285793204e-05 0.0007726992020552081 0.00012464014072868836 0.00026471288137630734 5.9845406414960835e-05 4.670782242854447e-05 0.0 0.0 0.0 0.0 5.654175804934988e-06 6.153438036916122e-06 0.0 1.216491052353089e-05 0.0 0.0 6.436252234852048e-06 0.0 0.0 0.0 1.742350684503504e-05 5.960882572892333e-06 0.0 9.425592972861713e-05 0.00012438815930286188 0.00017147790274692375 3.950780037619218e-05 2.183856098318192e-05 0.0006283578134706912 0.0 0.0 0.0 0.0 0.0 0.0 5.333368140809529e-06 0.0 0.0 0.001066994744899959 0.0 0.0 5.2888239441946114e-06 0.0 0.00011238728326719612 3.950153512993982e-05 9.592014310611155e-05 0.0 2.4588430231083726e-05 1.202485911331709e-05 0.0 0.0 0.0 5.511098647626048e-06 6.52850646943393e-06 0.0 0.0 0.0 0.0 0.0 0.0007941901684857808 0.00020276927557281448 0.00029081924828657505
0.0016998281582618075 0.07081426423872361 0.033470591220819815 0.008016069372473572 0.0 0.00041643988705532264 0.07214050463174168 0.014035713040526466 0.134091369500517 0.05603849602667926 0.06099804379041483 0.005060064746517319 0.025942739087626412 0.10776210363932603 0.00034071246893657925 0.00012015135079474423 3.309523369922935e-05 1.3189056349530265e-05 0.0 0.0 1.6260964743032372e-05 8.779690712206968e-06 0.0 0.0 2.524946040879411e-05 1.0770670814692944e-05 0.0 0.0 0.0 0.0 0.007036303411081478 0.0003961785856884848 0.0016318006579808066 0.0 1.0153040008364029e-05 0.0001303807941668695 0.001968088577662301 0.00026875918335908647 0.00020420317591764153 0.0 0.0 0.0 0.0 6.242756839463335e-05 1.0780219369646799e-05 4.9922494572615826e-05 0.0028280906649030837 0.00033912316025129367 1.9425693043803208e-05 1.3422646913816316e-05 2.2694695281260025e-05 1.300433653542223e-05 0.0 0.0 0.00021879535809214053 0.0004367090096293693 0.0015341571802765137 0.0021677718766822474 0.0013897326816165755 0.0016241528157299031 5.85210284865065e-05 0.0005487742956348152 1.4179869370856111e-05 0.0029802643358455227 0.00029920359878286216 0.0001720082447213023 4.0931626451534315e-05 4.77943077917514e-05 1.314036035610573e-05 0.0 0.001632982920636232 0.0 0.0 0.0029630378318553884 0.005460399705427817 0.0033907549031590954 0.0021251462169962865 0.00020116996001734281 0.00012836008712219888 0.0011280342329188229 2.8594395177767345e-05 0.0010459945498339817 0.001147379488750828 3.897215840980559e-05 0.00020430779551644594 0.00030474721711076336 4.612159295555326e-05 0.0 0.00010405707607195196 0.0 2.8355437703597988e-05 5.643875747798874e-06 0.0 0.0 7.190136019480582e-06 0.002795664601772596 0.0006315652772597496 0.0 0.0001679575150860118 0.0004859921708214241 3.649712520854924e-05 0.0003463948113899303 0.0005528921443804493 0.0003782592948967132 0.00024336308711000375 0.0010390415341763534 0.00032584697538385964 0.00031237803959443514 0.0005733487279943732 0.0010002826030769548 0.0003104159092804016 0.0029533855421592405 0.0013102111798012732 0.0015199731379262115 0.00141544266747318 2.982790296438419e-05 2.9218158357445162e-05 0.0 0.0 0.0 6.956978736401476e-06 0.0 0.0 3.569934811196332e-05 0.0 0.0 0.0 0.0 0.0 0.0 0.0 0.0 0.0 0.0 8.344893069184005e-05 5.0079936927629115e-05 5.7241639108615974e-05 4.190847963379608e-05 0.0 0.002324920366901128 9.616726263537255e-05 0.0008553445347581583 0.00016360408268253966 4.8250811427113774e-05 0.0 0.0 0.0 0.0 3.3612942637884215e-05 4.632582005244491e-05 0.0 2.725402050715275e-05 2.095300015122263e-05 0.0 8.19191201818916e-06 0.0 2.9265952163112138e-05 0.0 1.837609339116673e-05 0.0 7.318429140585129e-06 0.0001299865034543176 4.296181176331857e-05 0.00010706659967443159 3.332582595756336e-05 9.206740372545053e-05 0.0011761322910564293 2.9796892546979858e-05 6.574936402146172e-06 0.0 0.0 0.0 1.2239838805494328e-05 0.0 0.0 0.0 0.0021764917957705333 6.127323889719648e-05 0.0 0.0 0.0 0.00011026395934574428 7.942714327832604e-05 0.0003069005293873947 1.8791512821063396e-05 1.1472392837664977e-05 0.0 0.0 1.3661487402059795e-05 0.0 1.1132676300245048e-05 0.0 0.0 6.380025332627312e-06 0.0 0.0 0.0 0.0009849229109052922 0.0005766312981921137 0.00123420583248949
0.003422442612266259 0.00826910980785761 0.0015439324481776292 0.04331731429058689 0.00041643988705532264 0.0 0.0030752836560298726 0.0002589918339127402 0.00020337354831953338 0.056059671432962546 0.0001630218865761615 0.006312619322725346 0.004146144687088139 0.0015550490083426703 9.47128165771359e-06 1.5441610723764363e-05 0.0 0.0 0.0 0.0 0.0 0.0 0.0 0.0 0.0 0.0 0.0 0.0 0.0 0.0 0.00138988893244827 8.482907528159258e-06 0.001309812397888299 0.0 0.0 1.2099582790266137e-05 0.005680666003630896 0.0003098543383223209 0.0005193841231939437 0.0 0.0 0.0 0.0 0.0 0.0 1.2414995140518053e-05 5.224939181776043e-05 7.1422695188555515e-06 0.0 8.300316087624423e-06 0.0 0.00011550919231197924 0.0 0.0 7.55015322571639e-06 4.3076717457975766e-05 0.005323151020436353 0.007239843690823677 0.00030286802500393883 7.401307169848813e-06 0.0 0.00011407537573485213 0.0 1.8839327809367155e-05 7.907482162774903e-06 0.0 0.0 0.0 0.0 0.0 0.008402627956100027 0.009128615156007311 0.0019206834887858628 9.233245339390189e-05 0.00014256299405482808 0.0 2.3198634543158303e-05 0.0 0.0 0.00024729938043861126 2.1863627745274145e-05 0.00018897690980511535 3.778358381004278e-05 3.924807621519771e-05 6.913678056850482e-06 2.4867001643156573e-05 6.2363723927367034e-06 4.08263174541873e-05 1.016000139308888e-05 0.0004188877559320216 0.0 0.0 0.0 0.0 0.0 0.01704990898433914 0.0056831629261987265 0.0015061770478658272 0.0033382247374164602 0.02083348979134977 4.81404075241967e-05 0.00039385507140671927 0.00038125588457374205 0.00026637527786127393 0.0001764942708025697 0.00037979699401316936 0.0005437105415392602 0.0002569023588820217 0.0008837107606823861 0.0008969058930787085 4.180480506944636e-05 0.000924734862341918 0.00028520465464558834 0.00033135320395071965 0.00011339425045618744 0.0 0.0 0.0 0.0 0.0 0.0 0.0 0.0 3.0073259520556505e-05 0.0 0.0 0.0 7.960848446186704e-06 0.0 5.064430110522383e-05 0.0 8.01328413785071e-06 0.0 2.5173153811169037e-05 1.1842989808127157e-05 0.0 0.0 2.1904238711377165e-05 9.09116212916997e-06 0.00010884467935311003 1.6315124893900003e-05 0.00010987556655326588 3.715405558319483e-05 7.711095530034632e-06 0.0 0.0 0.0 0.0 0.0 9.883441850086933e-06 0.0 0.0 0.0 0.0 0.0 0.0 3.1197588145801226e-05 0.0 0.0 0.0 0.0 0.0 1.8491366893426267e-05 9.881248484332685e-06 5.152474103474064e-05 1.6298835446213277e-05 0.00015201616263239728 0.0 0.0 0.0 0.0 0.0 0.0 0.0 7.433890398034341e-06 0.0 0.000266278256089145 0.00013583546949145708 0.0 0.0 0.0 0.0 5.4525700593453284e-05 2.5101256090536366e-05 0.0 0.0 0.0 0.0 0.0 0.0 0.0 0.0 0.0 0.0 0.0 0.0 0.0 0.00015521057888004416 0.00021295958931914096 0.00020207327478746832
0.007102543265316176 0.12747574218033095 0.0023768385705998916 0.06275536263012023 0.07214050463174168 0.0030752836560298726 0.0 0.0011847884123755347 0.041767245103030065 0.13014273840144133 0.02417550728806657 0.021576652773904834 0.2566536227478408 0.09496605952719317 0.0002646608081965865 0.0001350376856549412 3.164332378032399e-05 1.263646731086952e-05 0.0 2.3305931338398053e-05 0.0 0.0 0.0 0.0 1.0615328910686196e-05 0.0 0.0 0.0 0.0 0.0 0.007275495779991557 0.00034700532675599417 0.0019321114168618003 6.099986541533623e-06 0.0 4.560801655676548e-05 0.0028981061277236755 9.262567019219294e-05 0.00013266786901770772 1.8427468988144413e-05 0.0 0.0 0.0 4.177049978917502e-05 2.6124036117886753e-05 1.467762089569571e-05 0.0024472645163331626 0.00031779983080111005 4.225637700182662e-05 1.5471811386735277e-05 2.639024072146638e-05 0.0 0.0 0.0 0.00032814811839406365 0.000528671429318378 0.0023151871706052064 0.003450186200097675 0.0018213288776821755 0.0010324858590495501 1.3922542217783147e-05 0.0005867482208419142 1.058270957573342e-05 0.0018457042726908537 0.0003421894051779975 0.0001252968236516224 5.8670459472003446e-05 7.946798917912791e-05 4.898774573235034e-05 5.547715723848198e-06 0.0027494443078395253 2.789961624542476e-05 0.0 0.0028852637555547966 0.004900836629749553 0.002186940869867881 0.001493977555724899 0.00017126427681780638 3.976111486386531e-05 0.0007295488898585391 2.6812491551725813e-05 0.0007712818289813081 0.0010368260903374938 2.9924802936351613e-05 0.00013756404679224254 0.00036254662248703945 7.575586447424978e-05 1.8457387055483695e-05 9.115993186285625e-05 0.0 6.157650011671151e-06 5.233926252428057e-06 6.2691919998917965e-06 0.0 5.4599262113920606e-06 0.006752060343676958 0.00038428299506041146 0.0 0.0002104788921696627 0.0015564837675471337 9.969338693946438e-05 0.0010078437207243242 0.002544596137481642 0.0011788351372577892 0.00037786271982935354 0.0027188114776757932 0.0013259824534941854 0.001165054909140967 0.0022937856406371002 0.0035047304432010914 0.0009769536919476108 0.006831325343017757 0.0032794948375399467 0.0034485400930603953 0.00203641772639388 0.0 0.0 0.0 0.0 0.0 0.0 0.0 0.0 4.101284019953978e-05 0.0 0.0 0.0 0.0 0.0 0.0 0.0 0.0 0.0 0.0 0.0003163301298744241 7.634647393881959e-05 0.0 0.0 3.754644804263683e-05 0.003284394560517602 0.0002014743843561867 0.0011861131638886743 0.00014651094938783216 0.00012749107618807405 9.200419281159347e-06 0.0 4.948040090734918e-06 0.0 0.0 1.0063347909985856e-05 0.0 0.0 3.5405841015263654e-05 8.047074776332915e-06 0.0 0.0 7.500281114526783e-06 0.0 0.0 0.0 0.0 8.4933983734535e-05 9.174990199693403e-05 0.00014256801096978086 0.0001523952143634776 0.00016491475351930059 0.0017307801915049284 4.25010013127592e-05 5.905400432919971e-06 0.0 0.0 0.0 6.496327637041545e-06 0.0 0.0 0.0 0.0037380667763690003 8.506018747737491e-06 0.0 0.0 0.0 0.00016093124650041988 0.00027508392056543743 0.00024457310142673316 0.0001327319479382494 0.00010925332130208301 2.7412288503577037e-05 0.0 2.1912835010522877e-05 0.0 0.0 0.0 7.096331601024978e-06 0.0 0.0 0.0 0.0 0.0028390267485213032 0.0006110275964023226 0.0015093079576055486
0.015706210065244662 0.07620093342331222 0.2315561726528642 0.000453998285956494 0.014035713040526466 0.0002589918339127402 0.0011847884123755347 0.0 0.0060838872311203595 0.0035754868621393674 0.07564441052828891 0.0003464092223228732 0.003170170718570074 0.06331549396806269 0.001540391088743454 0.0017942347119435113 0.00015333038252366668 3.0745936778533025e-05 2.5840561406822025e-05 0.0002728642763059883 0.0002629692817346536 0.00011720478872871588 7.404298254447396e-05 5.677983740693984e-05 0.001575658237407223 0.00018729094426676187 0.00021226863240846711 0.00012649893973337283 0.00022977063392122234 1.6046820802160972e-05 0.08778454139822374 0.05150356070397572 0.01077955059673392 0.0011522274586954317 0.00539998332922255 0.006314916613384197 0.004337013714741328 0.0019941920300343167 0.0005238170328506286 0.00013031697184508713 0.00022173442968894793 9.514199653674145e-05 0.00010787317382378905 0.0007803471598477673 0.00016886149422065458 0.0006549883716878931 0.005472030955524348 0.00039192165319399904 0.0001028247723256668 7.621712024160512e-05 3.6132248994289365e-05 1.7791749172849275e-05 0.00016283461184720316 8.430441121671922e-05 0.0002481866816167517 0.00039411841250294456 0.001587197920260596 0.005887709534762273 0.0015496474191129803 0.002597811205270796 0.007795692439284265 0.008587529771904731 0.0025110912532510746 0.014068206320977703 0.000312679895538569 0.00018781826578970448 6.603834092243101e-05 8.501433862290358e-05 9.964716979596707e-05 5.047023471314734e-05 0.001669581381172037 1.9119873539472966e-05 4.8470643868808756e-05 0.004464402204382306 0.00917326729019223 0.00887925086613814 0.009926838527903558 0.012250812910019879 0.046341715339403455 0.09356065131258777 0.003704871708421185 0.05793591954419004 0.0013945932046805912 1.418270206710238e-05 0.00024051603120240256 0.0003268795186810731 0.00014273499128842967 4.600683409508286e-05 0.00020110526294894594 1.0260581366773915e-05 2.70643622501327e-05 2.4950692796818608e-05 1.6027301002364714e-05 4.7876581153019615e-05 4.796945160976248e-05 0.0015992126670719674 0.0005550838039695892 0.0 0.0003438407534736107 0.007174654425085616 4.3828350587446025e-05 6.632842606044298e-05 9.509719188997879e-05 3.065613876697093e-05 5.864133142073149e-05 0.00012764279971257933 4.060748926204529e-05 8.418304337357225e-05 0.00013359364460417754 5.294178722204127e-05 8.444380163238064e-06 0.00036340799419206233 0.00021387882621077433 0.00038943281565348946 0.0002178117953096775 0.0 0.0 0.0 0.0 0.0 0.0 0.0 2.4734642418636663e-05 0.0 0.0 1.0736260584084818e-05 0.0 0.0 3.655780335303994e-05 0.0 0.0 0.0 7.793568970935743e-05 0.0 0.00012657159569611764 0.0 0.0 0.0 0.0 0.0007869929112489524 4.257498359742081e-05 0.0003773964124845488 6.306753484718008e-05 8.851655158145503e-05 0.0 0.0 0.0 0.0 1.049773061403964e-05 6.92477968421944e-06 0.0 0.0 2.710280584735389e-05 1.3547848332797562e-05 0.0 0.0 3.6042325331177266e-05 0.0 1.1332654834190864e-05 3.305045167937418e-05 0.0 7.574738082821787e-05 1.8090759422300657e-05 1.9409540320408448e-05 1.6260600786818545e-05 6.229983131774439e-05 0.0003026243486160023 0.0 0.0 0.0 0.0 0.0 0.0 6.095130903474504e-06 0.0 9.382214447120539e-06 0.0004745099352790081 4.206649921566172e-05 9.36164706965061e-06 0.0 0.0 2.4722958268756157e-05 2.9743154604577214e-05 7.213375201441935e-05 1.474548861968026e-05 2.6068886641596614e-05 8.069791228589267e-06 3.658550253917612e-05 1.3800156645223458e-05 5.87578084818992e-06 0.0 9.0498453961232e-06 0.0 5.74419045710055e-06 0.0 1.2886472974392314e-05 0.0 0.00026648756605601764 0.000290476311988364 0.0005586550044433334
0.0004278505430980813 0.06300576216166569 0.02557016160176574 0.0019055991670410006 0.134091369500517 0.00020337354831953338 0.041767245103030065 0.0060838872311203595 0.0 0.01063026834897254 0.041389244364842204 0.0007370590314904887 0.027307190002905976 0.041279010478100765 0.00018936588993434091 8.266822294911332e-05 2.5276170750931332e-05 5.7933462100280095e-06 6.322555394762217e-06 0.0 0.0 0.0 0.0 0.0 0.0 0.0 0.0 0.0 0.0 0.0 0.00111208165463056 6.540154127408345e-05 0.002847018540467019 6.650152093976882e-06 0.0 2.4134697188327953e-05 0.0007176438768084855 2.7651640745068274e-05 2.504304620465453e-05 0.0 0.0 0.0 0.0 2.3227475665986552e-05 5.825251593836457e-06 1.7473123801736116e-05 0.0005021488226324618 7.496936424320982e-05 0.0 0.0 7.3051596629107785e-06 0.0 0.0 0.0 3.806106720486264e-05 7.866827531554698e-05 0.00029350781402077747 0.0001863029268720679 0.00029351457898468846 0.00031917973853046953 0.0 0.00020627137058259288 1.1374008155428438e-05 0.0004176274622197681 3.592644860519295e-05 2.1326722523457543e-05 2.32436023925089e-05 1.2987367799087728e-05 0.0 0.0 0.0009333933021969038 2.388321499873662e-05 0.0 0.000411012729420188 0.0007827915985815778 0.0006602701355555322 0.0004929744969898552 3.369842324293092e-05 2.020764622928807e-05 0.0010211889292137187 0.0 0.0002156044196483147 8.711500338150308e-05 0.0 1.7576168182641512e-05 8.528093799380507e-05 0.0 6.571000764516454e-06 1.0929180004322437e-05 0.0 6.230754661176931e-06 0.0 0.0 0.0 0.0 0.0010865732528554854 0.00010766471742089409 0.0 8.053071869660543e-05 5.0316258126366016e-05 0.0 0.00017520930798408716 0.00021251718706137023 8.112443141746404e-05 7.268274433763891e-05 0.001147729722467411 0.00017546224310999249 0.00021867109304198984 0.00032668098249212285 0.00040395848338564027 8.229385595072717e-05 0.0010490081809423036 0.0005116372694473237 0.0006501449613058577 0.000365656394362369 6.523805849762187e-06 0.0 0.0 0.0 0.0 0.0 0.0 0.0 0.0 0.0 0.0 0.0 0.0 0.0 0.0 0.0 0.0 0.0 0.0 5.769269447351285e-05 0.0 0.0 0.0 0.0 0.0008459085722587404 8.670939825236723e-05 0.0003814705917801825 2.746912440660931e-05 2.296485526083546e-05 0.0 0.0 0.0 0.0 0.0 2.3307062683771736e-05 0.0 5.982901442405513e-06 1.2851477814154814e-05 0.0 0.0 0.0 0.0 0.0 0.0 0.0 0.0 5.797007436226661e-06 2.016859122414153e-05 0.0 3.1932536097415746e-05 7.564334615904282e-05 0.0005644056098694144 0.0 0.0 0.0 0.0 0.0 0.0 0.0 0.0 0.0 0.000983553563683217 0.0 0.0 0.0 0.0 0.00010389804694487416 8.431229645326198e-05 6.339616275566726e-05 8.218994982164358e-06 5.573654825437068e-06 0.0 0.0 0.0 0.0 0.0 0.0 0.0 0.0 0.0 0.0 0.0 0.0006061074750268687 0.00020256930281595142 0.00036089083883613786
0.0926841387782478 0.09443626000451733 0.009805469304996685 0.2399921710460363 0.05603849602667926 0.056059671432962546 0.13014273840144133 0.0035754868621393674 0.01063026834897254 0.0 0.012219993098314137 0.09692611729930706 0.30369394086873946 0.03441079479755069 0.00014209642914841695 5.70849318873838e-05 0.0 0.0 0.0 9.152247076571645e-06 0.0 3.6811559787544156e-05 0.0 0.0 0.0 0.0 2.9590194784361515e-05 0.0 0.0 0.0 0.007191508840655089 0.0002349176256694426 0.01097817705308372 1.2033924319013419e-05 7.379958923359265e-06 3.7240445597352544e-05 0.03699342750307348 0.0001635098305401702 0.00010945672805322287 1.0005366218873008e-05 0.0 0.0 4.765977734696115e-06 1.497980709639397e-05 1.5319059541498912e-05 1.3199863827102068e-05 0.0006262639103060376 0.00015338845375956228 0.0 8.058247654389234e-06 6.136688348302908e-06 1.6472762225456415e-05 9.951836058880273e-05 8.594149108076426e-06 8.303848821874039e-05 0.00021175847170986075 0.003333860713213173 0.006611937919636187 0.001123433626585227 0.000544520842388421 1.1485290656348485e-05 0.00048537061256166605 1.4552100774315581e-05 0.0005107682373305622 0.0001886678325075325 6.036326555776744e-05 1.8965250882269737e-05 0.0 1.4898476362462634e-05 5.284414104355079e-06 0.01978775657459433 0.00216358193957225 0.00040328679160169775 0.0013010656144023356 0.0020810325902108026 0.0004481767981320752 0.0002606124437952623 0.00010913748068286597 6.776917658115181e-06 0.0013829894809391375 1.4427026451155042e-05 0.0005454735483275964 0.00040592308725394196 6.47530194433939e-06 3.63413885372206e-05 0.00020012431140789004 2.4292070218348135e-05 2.7439843262644234e-05 4.547276830944241e-05 3.205251262646484e-05 1.274557137016578e-05 0.0 5.697441340565866e-06 0.0 0.0 0.03523570627222266 0.0051675553985089835 0.0008422246233493261 0.0015514263913509452 0.028384644716518515 0.00044451449498891245 0.0040562545844940534 0.005722560019856581 0.00637282000095448 0.000854451683729181 0.008548197763824095 0.006417633202613844 0.0034498162193493734 0.00890134446029112 0.016026176561567775 0.0010779268437753455 0.019226126985382196 0.014197731775195377 0.009929946303315377 0.003065270109461812 8.36446866597124e-06 7.700032994259015e-05 7.607107077521663e-06 0.0 0.0 9.53880612669753e-06 0.0 0.0 0.0 0.0 0.0 0.0 1.0902495177634065e-05 0.0 9.27133971195858e-06 0.0 0.0 0.0 0.0 0.0008887640958091847 0.00013300617739120515 0.0 8.76272784923994e-05 1.653287951149592e-05 0.004380624703552807 0.00014644615266475773 0.001546229123577166 0.00020642217314382162 0.00010108902710944783 0.0 0.0 0.0 0.0 4.878027624776008e-05 8.747105462042468e-05 0.0 6.564772491593748e-05 0.00011082328831429071 0.0 9.905399578807576e-06 0.0 1.744261599053183e-05 0.0 4.511977699868893e-06 1.7550284444762418e-05 5.6977480073756674e-06 8.91778701318798e-05 0.00022752341227579853 0.0006023717673073202 0.0001383632859721901 0.00022869102521219312 0.002104316865673054 4.3022776354829425e-05 0.0 1.647491900301985e-05 0.0 0.0 0.0 0.0 0.0 0.0 0.005755109250872918 7.817550652458721e-05 0.0 0.0 0.0 0.0004921603909688503 0.00017124665671539076 0.0005189586651199058 0.00010102076269244714 5.2143671684690376e-05 1.6120510381296116e-05 5.626188053514989e-05 2.1386063754713055e-05 0.0 0.0 0.0 0.0 6.330967790106759e-06 0.0 6.373858296781851e-06 0.0 0.006217520303832945 0.0008115173925438567 0.0014309405474644424
0.005760180739519441 0.13869702504488388 0.11639586145897177 0.001515324867771311 0.06099804379041483 0.0001630218865761615 0.02417550728806657 0.07564441052828891 0.041389244364842204 0.012219993098314137 0.0 0.0045676193768701915 0.06644900210192256 0.1681292277260739 0.0007703050605295935 0.0009616344513908523 3.179608910542013e-05 1.504416620544943e-05 0.0 2.2740808437267633e-05 1.8186672475963378e-05 2.103809224745377e-05 8.839808961093596e-06 0.0 0.0004985106354398539 6.249864288097283e-05 5.316576183207461e-05 1.1408106423567575e-05 4.04176023288327e-05 0.0 0.013708260055873915 0.004799943345128118 0.033965845207350846 3.327759887068945e-05 0.0003340610665856085 0.0015493999885840977 0.012072017196761648 0.0028775335730247486 0.0012852416667130954 5.6512563561626196e-05 2.069996729633401e-05 2.516097283217123e-05 0.0 0.00015710140458727502 8.165553115253119e-06 0.00014584223087581643 0.002683565285379733 0.00021446409235521547 2.9194013521476594e-05 1.1110355096734135e-05 6.734488355213699e-06 5.299305305444653e-05 5.318348399628562e-05 3.58246578512463e-05 0.0001425755024018489 0.0002660449967442705 0.000998151565305749 0.0016746247127986142 0.000895619971745911 0.0014364827297058543 0.00012380487421638362 0.01097493812874623 0.00023819693085257686 0.00313278146831928 0.000165740441146967 0.00012255687654335955 2.2401016797771837e-05 2.8427044162974883e-05 6.1689702053378306e-06 0.0 0.0027662178437689454 2.6462224135493306e-05 0.0 0.0021353309375636547 0.003975127281866458 0.004125177921592972 0.003594079092564957 0.0006449650652199349 0.003139394563797321 0.03582615531827699 0.00013026966427721906 0.010231822771017156 0.0006870363969653245 1.1626270251192261e-05 0.00013109515837261297 0.00022750792776830955 7.811172127241919e-05 2.8898211960074394e-05 7.769885964591416e-05 0.0 0.0 0.0 0.0 6.200132271164593e-06 1.0282519838552034e-05 0.0019701407929163402 0.0006711748534657578 0.0 0.0006643060291608735 0.0011496277839707976 1.5914447616357727e-05 0.00010854467496400054 4.487700087281573e-05 6.0728836466229105e-05 4.4492181206023934e-05 0.0002032283745626064 7.058707386708472e-05 0.00013646255064233287 0.00027954694952451103 0.00018545635894161552 6.410349384457493e-05 0.0010004140837034715 0.0006442012024876869 0.0005093080560734163 0.0003530427181244081 1.0935819316683457e-05 1.53606092835503e-05 0.0 2.5689496951174914e-05 0.0 0.0 0.0 3.0717136095284094e-05 0.0 0.0 0.0 0.0 8.430461245176863e-06 0.0 0.0 1.6164308371387974e-05 0.0 1.5752867425818156e-05 0.0 4.7410692646714895e-05 8.319019874480941e-05 0.0 0.0 0.0 0.0011310350061666165 9.987007468284284e-05 0.0005395663054866999 8.427249187162743e-06 0.00012097881968959466 1.32585272139805e-05 0.0 0.0 0.0 0.0 7.004296895587946e-06 0.0 3.327889678861601e-05 2.522451159547488e-05 0.0 0.0 0.0 0.0 0.0 0.0 0.0 0.0 2.689052357140164e-05 6.887362000611569e-05 7.794939776389794e-06 1.02223688528631e-05 6.739561115299852e-05 0.0006282036520172615 0.0 3.201699223311982e-05 0.0 0.0 0.0 0.0 0.0 0.0 0.0 0.0010994818486868801 1.6544114974615463e-05 0.0 0.0 0.0 6.311759663925361e-05 6.647220224476579e-05 7.883823468320524e-05 4.046621070316872e-05 5.0781382132052266e-05 2.065107391924853e-05 0.0 0.0 0.0 0.0 0.0 0.0 0.0 0.0 0.0 0.0 0.00039485742270658597 0.00029312487190588237 0.0005404126134484281
0.0022986158763819036 0.01261431758272907 0.00036699666360122326 0.032142436880765075 0.005060064746517319 0.006312619322725346 0.021576652773904834 0.0003464092223228732 0.0007370590314904887 0.09692611729930706 0.0045676193768701915 0.0 0.05455820952017033 0.013528778024702466 0.0002275717337216908 0.00021457234573907545 1.4436420469145089e-05 0.0 9.831252647287317e-06 0.0 0.0 5.739375836329021e-05 0.0 0.0 1.724634249232892e-05 0.0 1.0610637919485715e-05 0.0 0.0 0.0 0.0003158540477055908 2.982119625272431e-05 0.0065436406218875535 0.0 5.3537703899972556e-05 0.00023133582136029385 0.0346685993672986 0.0009564234524542014 0.0005548970063313821 5.085932171840395e-05 0.0 0.0 0.0 6.8732618265788e-05 0.0 3.7292458599128e-05 0.0005830967988341285 2.9258443881219416e-05 0.0 0.0 0.0 0.0 4.20984763315811e-05 0.0 2.207289775399103e-05 1.9096293413344102e-05 0.00017198050605843397 0.0002182096485565977 0.0001073074159249787 0.0002674720339147796 5.1226781251504306e-05 0.0005089211080330513 0.0 0.00022397743310111044 0.0 6.07150119071863e-06 5.9442845327015485e-06 0.0 0.0 0.0 0.008278227661071976 6.700505628729748e-05 2.1914630720413862e-05 0.00027902242459104746 0.0003092133666573741 0.0006977215289227197 0.000575503937079844 0.0002030428300699345 1.4910445515092596e-05 0.0012936111484426313 4.145256044663951e-05 0.0003450185697010052 6.145928166325638e-05 0.0 6.99149102880502e-06 1.653458567660414e-05 0.0 0.0 0.0 9.67932307349701e-06 0.0 5.075882599384248e-06 0.0 0.0 0.0 0.04386685733299601 0.0016993158152701887 0.0 0.000704620008437678 0.0015088700951719795 0.00010501643335907746 0.0008512304849258625 0.001769355871132087 0.0011758692306301415 0.0003550207046049215 0.0033843732116195157 0.0017541809064773098 0.0013619256046084824 0.002524190863991091 0.004315187549933477 0.0003550330901889337 0.008939399362867254 0.0044591590935311376 0.005040242657495721 0.002084644808934984 1.526372856852541e-05 0.0 0.0 8.031781393998585e-06 0.0 0.0 0.0 0.0 0.0 0.0 0.0 0.0 2.3951140974972332e-05 0.0 0.0 0.0 0.0 0.0 0.0 0.00041111939555055985 0.00015428727732926602 0.0 0.0 0.0 0.003560190537825644 0.00012343141518283783 0.0008652978552384542 0.00013512767334738723 3.100587950582523e-05 1.5621705501700085e-05 0.0 0.0 0.0 0.0 0.0 1.783902111537367e-05 3.573366061358811e-05 3.3810297894833784e-05 8.513927574034857e-06 0.0 0.0 0.0 0.0 0.0 0.0 0.0 7.106124093298337e-05 2.7178894360104804e-05 5.652121089166961e-05 8.419013955689484e-05 4.5655469514549665e-05 0.0014051035702560488 6.329511435685517e-05 6.889084052697378e-06 0.0 0.0 0.0 0.0 0.0 6.3174609706157165e-06 0.0 0.004236065800099628 4.0743045620448865e-05 0.0 0.0 0.0 0.00023326677468437027 0.0001053533513813241 0.0002087617039061135 6.603829422434536e-05 2.2440486308606346e-05 1.3346706679522887e-05 0.0 3.779842176568626e-05 0.0 0.0 0.0 0.0 0.0 0.0 0.0 0.0 0.0046688575817363425 0.0007688909081793315 0.0008272311481565475
