0.0 0.09255315869025162 0.019261073379518597 0.063288920919279 0.012012045569775039 0.003667972273181238 0.015167553139944851 0.00199042961882734 0.0010612319299617378 0.042235251245466045 0.005534073645195779 0.019823556962390174 0.020051309945293107 0.004884843661362199 0.00023454921483611547 7.403657190684223e-05 5.309283947392015e-06 0.0 6.571335902652518e-06 1.4760344329091138e-05 0.0 0.0 0.0 0.0 3.4819057006023064e-05 2.9895862931445658e-05 1.4074587705867217e-05 6.35623889680806e-06 0.0 0.0 0.04541583352147066 0.00017103946918947476 0.0002807834147105072 6.436549851985492e-06 0.0 1.7694300576720682e-05 1.510872762770595e-05 6.6765008820789875e-06 0.0 0.0 9.788516141825687e-06 2.96428086337242e-05 0.0 1.338536879091064e-05 3.0145104160094714e-05 2.0927179381019283e-05 0.0021657744091269603 0.000432236830896639 2.8921743457076877e-05 1.2478134084271267e-05 2.5109396974622116e-05 0.0 1.3713524687627866e-05 6.431414403509121e-06 0.0003234239104040595 0.0006172873857230709 0.02244802555426952 0.07724833004252436 0.005338749428699904 0.003998959132347641 0.00010870233921539647 9.189336141625768e-05 0.0 0.0007718652535616673 0.0004875612737354804 0.00030140625125745527 0.0001823337189502094 0.00011501974927792587 5.11779408595619e-05 4.571708528458878e-05 0.00020677347402396593 4.806709277303805e-05 1.3882165015486412e-05 0.02714570509088832 0.004743693074805665 0.004611169929690837 0.00036084300864519005 5.468386770142665e-05 9.005600108108668e-05 0.0021558444842355523 3.2424596875442985e-05 0.0002060588189194509 0.0022653555914903447 1.3569858341909256e-05 0.0005593166956888133 0.00029927625677429417 0.00014289883182326435 7.709825545076232e-06 9.3989828521693e-05 0.0 3.200445715427822e-05 0.0 2.9953987362014386e-05 2.7485588826015726e-05 6.262468779975626e-06 0.0009501210045791962 1.8720518161072613e-05 0.0 0.0 0.09449695521965423 9.5155971584834e-06 7.676266216480923e-05 0.00015238632586106975 4.9044285670905476e-05 0.0 8.209577679899231e-05 0.00016280509223388052 0.00016775177417720065 0.00034982379617633555 0.0005153059829762598 0.00014738044100320448 0.00019731256913592152 0.0004226861804505759 0.00016034798281560527 0.00016226327996305128 0.0 0.0 0.0 0.0 0.0 0.0 0.0 0.0 0.0 0.0 0.0 0.0 7.851218489779972e-05 0.0 0.0 0.0 0.0 0.0 0.0 8.649479013861977e-06 0.0 0.0 1.38995333262307e-05 0.0 6.278666222111802e-05 8.879631928908288e-05 0.0002002412171047485 3.113542363494332e-05 1.4201777181471551e-05 0.0 0.0 0.0 0.0 0.0 0.0 0.0 0.0 0.0 0.0 0.0 0.0 8.036766512822575e-06 0.0 0.0 0.0 0.0 0.0 0.0 5.868050077295088e-05 0.0 0.0 9.432803188668467e-05 0.0 0.0 0.0 0.0 0.0 0.0 0.0 0.0 0.0 0.0001725281943713122 0.0 0.0 0.0 0.0 7.55403935902673e-05 0.0 0.0 5.803660547400596e-06 0.0 0.0 0.0 0.0 0.0 5.649070074318601e-06 0.0 0.0 6.937903339373907e-06 1.5357430467147973e-05 0.0 0.0 0.0006447227173094861 7.746412588097069e-05 3.3501375858028745e-05
0.09255315869025162 0.0 0.08550946823230664 0.05006774062844107 0.101907265538193 0.0018600953498959594 0.08240208450465712 0.030177386068480236 0.05765487911495455 0.0760344559114036 0.0607434664331686 0.05773635231086829 0.033357442297864595 0.08321285591701283 0.0017012555453387462 0.00047373368956035424 3.9013119730701415e-05 0.0 1.4741477966012606e-05 0.0 0.0 0.0 0.0 2.9539762531356447e-05 0.0 6.489612571226901e-05 0.0 2.398141700789133e-05 0.0 1.6931393405501895e-05 0.116261805726379 0.0009772414671687442 0.0007723856479480227 7.243067686015527e-06 0.0 2.3124714704924472e-05 0.00020392535532230748 2.601684771916927e-05 0.0 0.0 3.329057402690353e-05 3.541171038732463e-05 1.6479030493349385e-05 7.715292839149375e-05 4.21084562954463e-05 6.584681473849689e-05 0.01225065965894106 0.0009198257364490455 0.0001336038082315877 8.205112744866126e-05 0.00010739540026810635 0.0 7.06109611368422e-06 0.0 0.0006126665008836274 0.0008541852015271517 0.009579753565851242 0.07379574585158859 0.0063665194591830945 0.010547707949389942 8.291524667411484e-05 0.00028741941132748056 2.8707200190501323e-05 0.00776843825429076 0.0008768250350666356 0.0006213722321890309 0.0002915020638716351 0.0002212206412741199 0.0001532624027847193 2.1454731444372293e-05 0.00022630624525699948 0.0 8.725014962756554e-06 0.04553060143422244 0.01479589453114777 0.023099497545398837 0.0028931093327576657 0.00023937922550733634 0.0001087642698927879 0.00661327650829551 0.0001243739172265043 0.0005088257883502145 0.003737532944425593 4.886180470392844e-05 0.0009521669765190724 0.00043264347905046257 0.00023214750094852115 6.850322708599512e-06 0.00014036025166735928 0.0 8.958589349741367e-05 6.787689339486988e-06 4.935116069666427e-05 7.667463581371983e-05 4.839674444800628e-05 0.0015775118845969562 6.474634492523928e-06 0.0 1.7601192786631853e-05 0.04635882082243797 3.382775512721484e-05 6.909528977417514e-05 7.174183089485002e-05 3.6434695362351125e-05 0.0 0.00014938983914659435 0.00018347556798209923 6.750652198540904e-05 0.00023238454228910926 0.00034227992299272833 0.00011625832587190148 0.00032517070480568306 0.00037758959242247724 0.00010728026684479808 7.576603324601166e-05 0.0 0.0 0.0 0.0 0.0 0.0 0.0 0.0 0.0 0.0 0.0 0.0 0.0 0.0 0.0 0.0 1.4264038169453559e-05 0.0 0.0 1.9053941971614932e-05 0.0 0.0 1.793407650240471e-05 5.338077934558239e-05 4.847836129548419e-05 0.0 0.00024015010788847721 2.7017502333822148e-05 9.874619755535805e-06 0.0 0.0 0.0 0.0 0.0 0.0 0.0 0.0 0.0 0.0 0.0 0.0 0.0 0.0 1.3487020880252366e-05 0.0 0.0 6.5417455315357006e-06 0.0 2.14144574301947e-05 4.3317961009283794e-05 6.688006492526804e-05 6.346776209038756e-05 0.0 0.0 0.0 0.0 0.0 0.0 0.0 0.0 0.0 0.0001419675066158237 1.1346176745953991e-05 0.0 6.933330726499396e-06 0.0 6.900722248958742e-05 2.675893850093136e-05 5.7218667762466246e-05 0.0 0.0 0.0 0.0 0.0 0.0 1.3191591315439697e-05 0.0 0.0 9.090330516654408e-06 0.0 0.0 0.0 0.0006256551387977234 7.940298764746882e-06 4.3022095957530695e-05
0.019261073379518597 0.08550946823230664 0.0 0.0009608750720182635 0.0711008502008414 0.0003172616081685492 0.007323340142669271 0.05301553577835802 0.0314052169033799 0.0008891188723284628 0.16194540375205 0.0007635782423809658 0.010261602918378637 0.0883899613469401 0.0007442937333837468 0.00031571713838425363 0.0001862029419600551 0.00014482229577214545 2.141874691970585e-05 0.0008180377763189489 0.002282925041486073 0.0 0.000104864345053642 0.0006008100192901322 0.00044611882023919516 0.0028480746867773745 2.827589074098326e-05 0.0005448887512642857 8.12364843152153e-06 2.1258766869345426e-05 0.19495251265556204 0.05373235166332658 0.005295477674787971 0.00024080420699891934 0.0001828744527370622 0.0007157266718673383 0.0007028473860884342 0.00028155490882003967 2.3530504960845832e-05 3.20526927338785e-05 0.0027089258978095217 0.001301143613867017 0.0009546311517982339 0.0002977061336254908 0.00033835828350124605 0.0015573530952018464 0.005102707792159645 0.0004413388399677716 0.00040980324590511336 0.0018352358399896264 0.0012255222708727031 0.0 0.0 0.00010049878745811826 0.00013436492854190083 0.0004505190962635415 0.0037579650069925093 0.05832681793995205 0.0021621417516057844 0.0029647320693447247 0.006046073169130432 0.0072345852520601306 0.0011941957139525758 0.02110454453338611 0.0005978266639850648 0.0006242292010541381 0.0003814908083723826 0.003004090762175677 0.010265911719973176 0.006255272838685111 0.0005870417960783366 8.50879228570837e-05 0.0 0.018634538488594452 0.00965505331254195 0.01030390319075276 0.0041342721557553145 0.0007759174294107621 0.004930871676931484 0.07707681928379646 0.002726152319404145 0.020134785763150698 0.0009932235547591485 1.8809742385508603e-05 0.0004753048036409294 0.0002838539489863968 0.0014861611842530969 0.0 7.727973752667626e-05 0.0 0.00013053666290824636 7.635211736935411e-06 0.007436104025251148 0.0032194820053968085 0.00018806247403829372 9.386572554556594e-05 2.843972820503926e-05 0.0 3.5527059848540736e-05 0.007172561943867588 0.0 0.0 7.884367687462977e-06 0.0 0.0 0.0 2.298788311638321e-05 8.048356378054428e-06 2.2857837960750442e-05 1.4775922367804862e-05 2.4351268789331858e-05 0.0 5.09867859705873e-05 2.7443093032512817e-05 1.642129038284819e-05 0.0 8.922201289004015e-06 0.0 0.0 0.0 0.0 0.0 0.0 0.0 0.0 2.923676140639673e-05 0.0 8.28843816793421e-06 0.0 1.610456743961927e-05 0.0 0.0 0.0 0.0 0.0 0.0 0.0 2.3517357348594694e-05 6.908352764713787e-06 6.491742307033094e-05 2.6835441503723676e-05 0.00017536894504327358 3.77590066000312e-05 6.0987700918493375e-05 0.0 0.0 0.0 0.0 0.0 0.0 0.0 0.0 0.0 0.0 0.0 5.90554317193076e-05 0.0 0.0 0.0 0.0 0.0 0.0 7.014780997379989e-06 0.0 0.0 0.0 0.00011494215698926165 0.0 0.0 0.0 0.0 0.0 0.0 0.0 1.0453184054124941e-05 0.0 0.00010709932656921602 0.0 0.0 2.411853797352486e-05 8.845127491318501e-06 0.0 1.6582640568360618e-05 0.0 0.0 0.0 0.0 0.0 0.0 0.0 0.0 0.0 0.0 2.6084006513929088e-05 7.2808805736068015e-06 2.884568390051633e-05 1.4600705959737507e-05 2.938814940175622e-05 4.8968413157691405e-05 9.29283035209593e-05
0.063288920919279 0.05006774062844107 0.0009608750720182635 0.0 0.008881991933835183 0.021795682611431652 0.03999443151862942 1.2852205427163317e-05 0.0014914038932766006 0.11869872031274542 0.00033587261159747836 0.13859336121886578 0.10095022366600047 0.015046728532246178 0.00013158054557120536 6.755073300619561e-06 1.2446549910673918e-05 0.0 0.0 0.0 5.974379387340356e-06 0.0 0.0 0.0 7.464234788547931e-06 0.0 0.0 7.059201233824623e-06 0.0 0.0 0.0021671607323405073 3.207020544890851e-05 6.437973428093633e-06 0.0 0.0 0.0 7.218361477177079e-06 0.0 0.0 0.0 1.5341247522292455e-05 0.0 0.0 0.0 0.0 5.23761791965084e-06 0.0016526269330895227 0.00012084846908558792 1.996654806286681e-05 1.774512633713114e-05 0.0 0.0 0.0 0.0 0.00020572894779545005 0.00016672600401872615 0.001888213951964097 0.01293515985913426 0.0011457119977595824 0.0015052996521931746 6.238984890878593e-06 1.4620542219317838e-05 0.0 0.0005689475610100369 0.00019474808660339396 8.512962442701513e-05 3.858574728779233e-05 3.880894116701224e-05 2.4368081655244813e-05 0.0 0.0003847003283621624 0.0 0.0 0.00754464919632011 0.0015726765610987658 0.0022109538602001523 0.00012237651487220457 2.1020234298672788e-05 7.1053179363661785e-06 4.2721218257796174e-05 6.765817775407002e-06 3.953510938644977e-05 0.0006475375860715741 0.0 0.00019668271914358667 8.948657348043441e-05 5.643607669524421e-05 0.0 3.5947361029615525e-05 0.0 3.252863845774897e-05 0.0 0.0 0.0 0.0 0.0021839743776954964 0.0 0.0 0.0 0.02223173213560844 9.013920069049958e-05 0.0005253871349716381 0.0004339916044878303 0.0032945488996082503 2.6362773870843434e-05 0.0015828331205573359 0.0013788397400145542 0.00034141782258467095 0.0015782088609783641 0.0016593812883483594 0.0001586583952519632 0.0010524806919766222 0.003219662957042806 0.00032310084731675793 0.00012255239986074442 0.0 6.794781068070433e-06 0.0 0.0 0.0 0.0 0.0 0.0 0.0 1.2124937688479334e-05 0.0 0.0 0.0 0.0 0.0 0.0 0.0 0.0 0.0 0.0 0.0 0.0 0.0 6.611360336194538e-06 5.466087899395509e-05 2.2599034212077858e-05 0.00023948030054805596 5.29813570912534e-05 0.0 0.0 0.0 0.0 0.0 0.0 4.9220012042139367e-05 0.0 7.2180971150004474e-06 0.0 0.0 0.0 0.0 0.0 0.0 0.0 0.0 0.0 0.0 2.7034707479093978e-05 9.706902364360148e-05 0.0 0.0 0.00010425779702374498 0.0 0.0 8.620191095816062e-06 0.0 0.0 0.0 0.0 0.0 0.0 0.00021457630616242686 0.0 0.0 0.0 0.0 8.896990233686329e-05 4.334015151353816e-05 4.6807803260393145e-05 0.0 1.9399038651427357e-05 1.9315960705467843e-05 0.0 0.0 0.0 0.0 0.0 0.0 0.0 0.0 0.0 0.0 0.0005171679147808374 2.36869147005197e-05 4.193062696573637e-05
0.012012045569775039 0.101907265538193 0.0711008502008414 0.008881991933835183 0.0 0.0002568665060533597 0.06134479799014044 0.021868834134587935 0.19990401395035678 0.01804490950127261 0.10354217134505139 0.012184329975032267 0.04476282317727243 0.1923402108160768 0.0009476653346556122 0.00021194099503331112 6.07805199964068e-06 0.0 0.0 0.0 7.929054560167483e-06 0.0 0.0 0.0 1.099819539155183e-05 6.1543418071292625e-06 0.0 1.6453359504696435e-05 0.0 0.0 0.006517097220288017 0.00036859533055228996 0.00023035266142176867 0.0 0.0 1.0091120439260052e-05 0.00012505227057174088 2.6974087810690335e-05 0.0 7.452333942433031e-06 2.027014784023942e-05 3.838968322162373e-05 0.0 7.798874096581947e-06 2.1186058174438794e-05 5.570038290963579e-06 0.006335668127670972 0.00019535578702497267 2.8605754474213615e-05 2.1538347779538837e-05 5.736678790021009e-05 0.0 0.0 0.0 9.930257589785925e-05 0.00019551714545403684 0.0010356947387017662 0.008138244862204772 0.001168217854253512 0.0032763213367451617 4.747359400129207e-05 0.00014211599913469808 1.33315076978958e-05 0.0027272613846835284 0.00027909189701871536 0.00013772644598134836 8.766339773947198e-05 4.5007211440085524e-05 2.8378684988632197e-05 2.1625815274672046e-05 0.0001252078280987206 0.0 0.0 0.0100278111799187 0.004683547017210924 0.009774772047774109 0.0015479072100650808 0.0001350556716611489 4.645147374641752e-05 0.002264651603541787 2.5458440325897288e-05 0.00015421128505181306 0.0007080361623853013 0.0 0.00024754475402432354 0.00011667523639486565 4.04081572312238e-05 0.0 4.161366353820483e-05 0.0 4.156018847081996e-05 0.0 3.565976738712654e-05 6.829867557265461e-05 0.0 0.0008764344948129208 0.0 0.0 0.0 0.0011602474602711692 0.0 1.29739405141169e-05 6.23996024518016e-05 0.0 0.0 4.157194434412832e-05 0.0 5.786855129110248e-05 0.00014366558958592898 0.00010851506675503313 3.8758633897580474e-05 0.00013271901247279672 9.169002540040889e-05 4.6886438784743624e-05 0.0001317397308294735 0.0 0.0 0.0 0.0 0.0 0.0 0.0 0.0 0.0 0.0 0.0 0.0 0.0 0.0 0.0 0.0 0.0 0.0 0.0 0.0 0.0 0.0 0.0 0.0 7.50740814515216e-05 0.0 0.00017847174912885726 1.5594522406088176e-05 2.2779316709082767e-05 0.0 0.0 0.0 0.0 0.0 0.0 0.0 0.0 0.0 0.0 0.0 0.0 0.0 0.0 5.561826007863702e-06 0.0 0.0 0.0 0.0 0.0 0.0 0.0 9.466022257559013e-05 0.0 0.0 0.0 0.0 0.0 0.0 0.0 0.0 0.0 0.00016527502009085795 0.0 0.0 0.0 0.0 0.00010890585886346695 0.0 3.0362790778228552e-05 0.0 0.0 0.0 0.0 0.0 0.0 6.73371567935178e-06 0.0 6.977994289850693e-06 0.0 0.0 0.0 0.0 0.0002977238777284904 0.0 0.0
0.003667972273181238 0.0018600953498959594 0.0003172616081685492 0.021795682611431652 0.0002568665060533597 0.0 0.001767865002886285 1.5051183656884187e-05 9.05039124752972e-05 0.017578618523439983 0.0002888073957588346 0.005065181655094498 0.003798069121000128 0.0014591334775392564 2.927674774904449e-05 1.0205515922557036e-05 0.0 0.0 0.0 0.0 0.0 6.241784742163485e-05 0.0 0.0 2.9280395378561187e-05 1.7609683076407795e-05 0.0 0.0 0.0 0.0 0.0017484581641293454 0.0 0.0014219541569293723 0.0 0.0 9.523628424557386e-05 0.003917888515115774 0.0006416546424546204 0.0004298568015297781 0.0 0.0 1.7996550117169637e-05 0.0 0.0 0.0 0.0 9.993676029284923e-05 0.0 0.0 0.0 1.4355484741735684e-05 0.00041754846243913045 8.582047215409222e-05 0.0 0.0 0.00014377877809954647 0.0008560866165334602 0.00039498533088472244 0.00010356641716118974 2.027493933362577e-05 0.00024036164424848892 0.0011007003018273479 2.7386420604092725e-05 0.0 5.977294762053833e-06 0.0 1.593033286699071e-05 0.0 0.0 0.0 0.014341531093187629 0.00861445201127338 0.002033882837191042 5.592069154574516e-05 4.037369975345291e-05 1.4092152724811755e-05 8.394021578676811e-06 0.0 0.0 0.000716956007155548 0.0 0.0002445087784229091 7.335722365018819e-06 0.0002724613058976031 0.0 0.00010595058535954708 0.0 0.0004982968506037249 9.470078482981837e-05 0.0007285917252962859 1.5698767518844132e-05 3.245551246856782e-05 1.2415087969050707e-05 1.1983047401771041e-05 0.0 0.010404980133174485 0.008867791306202792 0.0029885268421077473 0.003939693516779329 0.009915899202176936 0.0 0.00017576309654117342 0.00012452626317942857 9.816304756791578e-05 0.0 0.00010500897845325832 4.6877088891503017e-05 0.0001848144697378461 0.0002974500263710198 0.00025410256367986556 9.922474653601734e-05 0.00020814011845819732 0.0003411373121429533 0.0001051258174389965 4.7038446467785965e-05 0.0 0.0 0.0 0.0 0.0 0.0 0.0 0.0 0.0 0.0 0.0 0.0 0.0 0.0 0.0 0.0 0.0 0.0 0.0 0.0 0.0 0.0 0.0 9.870186430259738e-06 1.3459017250716146e-05 0.0 0.00011546165652386243 2.199132071452043e-05 3.412755093184801e-05 0.0 0.0 0.0 0.0 0.0 0.0 0.0 7.153618327338792e-06 0.0 0.0 0.0 0.0 0.0 0.0 0.0 0.0 8.241357822619777e-06 0.0 9.831992065204972e-06 2.369277160190391e-05 0.0 0.0 1.0527810369723578e-05 0.0 0.0 0.0 1.0211729855009904e-05 0.0 0.0 0.0 0.0 0.0 3.576835145070411e-05 0.0 0.0 0.0 1.2768296303779652e-05 6.828955024513394e-05 2.296775634266899e-05 0.0 0.0 0.0 0.0 0.0 0.0 0.0 0.0 0.0 0.0 1.5602350937641334e-05 0.0 0.0 0.0 0.0003939916650963864 5.4350246045642465e-05 8.388651331105929e-06
0.015167553139944851 0.08240208450465712 0.007323340142669271 0.03999443151862942 0.06134479799014044 0.001767865002886285 0.0 0.009165801903757282 0.09345263521410287 0.0816945063261492 0.07340766628897298 0.06320761635971348 0.18377541211100126 0.21219568604729794 0.0019666881028197105 0.0007573163614515079 1.794967330230516e-05 0.0 1.4224023969286115e-05 6.334078524156615e-06 2.056811983011423e-05 0.0 0.0 5.046258931705468e-05 0.0 3.938560944870016e-05 0.0 3.10382639970419e-05 9.599660351006567e-06 0.0 0.003546140333590999 0.00043195064889132116 0.00018754042753046433 0.0 2.4997112409092517e-05 2.8986256355987138e-05 0.00036874318348525313 9.01430222873841e-06 3.536450667299443e-05 1.6418634253624055e-05 6.048871816288249e-05 5.116685697785091e-05 8.433557652843077e-06 6.811265442659396e-05 2.0278665419014247e-05 3.3583926216676605e-05 0.011524337843373351 0.00035742999174817223 6.366328492474508e-05 4.1844820688409864e-05 5.476101824942151e-05 0.0 0.0 1.2024282216117468e-05 0.0002732625234121219 0.0003175626737644114 0.0016549848759914371 0.009063338158290447 0.0018865737290623837 0.006221737085510745 6.81128795608347e-05 0.0008638389589073096 2.6685638544382354e-05 0.0032961829415517176 0.00039666911896758204 0.0002965628820527628 0.0001455281342559396 6.136389341252739e-05 9.256903532291693e-05 4.2587629511954924e-05 0.0012036041932626503 4.239428297525793e-05 0.0 0.014970627507209228 0.006051176203392824 0.01564363095848848 0.002680791770006586 0.00022832737539582368 8.669785155891736e-05 0.0014056247963614953 6.538855171737862e-05 0.0003687514293110808 0.001273582481701336 7.509482222771057e-06 0.0004690980300021016 9.381112537549815e-05 0.0001527750360462975 0.0 6.565965427673308e-05 0.0 4.6260318857442925e-05 7.440104491289973e-06 0.00012233365693094573 7.499203025414488e-05 2.7739073493990336e-05 0.008890972652402636 6.415782241614288e-05 1.7441726110562825e-05 0.00014291060645775947 0.002160590431145729 6.097750734037078e-05 0.0006941877112223663 0.0005817824612322659 0.0004797354426561734 5.678398129933703e-05 0.0007086021521406157 0.00021683841066880244 0.0009479145423415328 0.001360842081850326 0.0018655559649866306 0.0006682642612388989 0.0019782230387079456 0.0023625109160243774 0.0012386330696958388 0.001029821103476034 4.2152956693325145e-05 7.490718193438315e-06 0.0 0.0 0.0 0.0 0.0 0.0 0.0 0.0 1.3209719738506902e-05 0.0 1.2420005674056866e-05 0.0 0.0 0.0 0.0 0.0 0.0 2.160450256654825e-05 0.0 0.0 5.546071272882242e-05 0.0 0.0005340420240295276 0.00020413885933284246 0.0015080772538476487 0.00028383153562198493 0.00013867294671476922 0.0 0.0 0.0 0.0 0.0 0.0 0.0 6.710383016790196e-06 0.0 0.0 0.0 0.0 0.0 1.0924943759271673e-05 5.797385214700253e-06 0.0 0.0 8.034125733660311e-06 3.0289895039975428e-05 0.00010942174544832036 0.0 8.345449321052874e-05 0.000802252147348155 4.490516763990574e-05 7.023616947808393e-06 0.0 0.0 0.0 0.0 3.34130618354095e-05 0.0 6.807634186542017e-06 0.0016253682301168664 0.0 0.0 0.0 0.0 0.0005678506495685289 0.00011314212573047266 0.00033302199026721444 2.1780102726162332e-05 1.6484364355588432e-05 6.581892765572672e-06 0.0 0.0 0.0 7.243477020998699e-06 0.0 0.0 0.0 0.0 0.0 0.0 0.0032150372176041673 0.00036222219237440584 0.00040010403187507466
0.00199042961882734 0.030177386068480236 0.05301553577835802 1.2852205427163317e-05 0.021868834134587935 1.5051183656884187e-05 0.009165801903757282 0.0 0.020058123094131505 0.00018878888046795056 0.17752132040215632 0.00035525971586006304 0.015919549418396187 0.1689094604432636 0.00026674959392635985 0.0002536315680666874 0.0001971816899602606 0.00010386916643143068 3.4231299157416055e-05 0.0006027849838336252 0.0017350863829857927 0.0 0.00010271375817822333 0.0007105223101409869 0.00029950099646159636 0.0023281670520206724 0.0 0.0005127998903735193 0.0 0.0 0.08601722083302026 0.10655546110026312 0.004046980976549415 0.00022283383840209002 0.00023044705520592967 0.0011471000777024327 0.0001604714376780089 0.00029977844541875245 3.248686866532037e-05 0.0 0.002000402851928488 0.0006455846443186965 0.0005836560471449268 0.0007832270754317904 0.0003446487900220065 0.0016787302329256582 0.0016783155970544546 0.00014899579055096103 0.00016997342444830194 0.0008430476594109952 0.0007329279051474757 0.0 0.0 1.6580027078197226e-05 6.782327562876171e-05 0.00014564783574395597 0.0013664009350628744 0.022257841470292965 0.0006010667985362005 0.0011497376225498104 0.008443723304654965 0.016326644287446207 0.0013455044455722182 0.026169862255977186 0.0001426761831555012 0.00025201244410927347 0.0002024071091288921 0.0013084898294206252 0.004171490778208791 0.0030152674469495996 0.00010274823043753525 0.0 0.0 0.005615728116812373 0.00418375869546985 0.0034736195524361947 0.00995877382781601 0.052367486197795056 0.08843092299499669 0.1424212025341712 0.004654597540171696 0.07864314202221188 0.00026430539618419954 5.712266847553796e-06 0.00020881606127519966 0.00012029681856214229 0.0007791041926495607 5.753602858604395e-06 2.391256629520108e-05 0.0 2.5132946812133103e-05 0.0 0.00405796604934363 0.001312728202088711 2.277714837071358e-05 6.658016962949313e-05 0.0 0.0 2.9528894119032437e-05 0.001725316804272147 0.0 0.0 0.0 0.0 0.0 0.0 0.0 3.1505085530433326e-05 0.0 4.7266776932523875e-05 0.0 8.942679977099599e-06 8.87235906959479e-06 2.324648219756421e-05 8.560568612913086e-06 0.0 0.0 0.0 0.0 0.0 0.0 0.0 0.0 0.0 0.0 0.0 0.0 0.0 0.0 9.96796859844806e-06 0.0 0.0 0.0 0.0 0.0 0.0 0.0 0.0 0.0 2.7732685594169613e-05 0.0 3.904948459578972e-05 1.8775249090926683e-05 2.7633440621937263e-05 0.0 0.0 0.0 0.0 0.0 0.0 0.0 0.0 0.0 0.0 0.0 8.377806228135125e-06 0.0 1.2575135673387512e-05 0.0 0.0 7.744666205873034e-06 0.0 0.0 0.0 0.0 7.588255897678357e-06 0.0 0.0 0.0 0.0 0.0 0.0 0.0 0.0 0.0 0.0 1.4855231020794336e-05 0.0 0.0 0.0 8.424929781031119e-06 1.5173731728596011e-05 0.0 3.875078660484059e-05 0.0 0.0 0.0 0.0 0.0 0.0 7.056328498171893e-06 0.0 0.0 0.0 0.0 1.6291003605871194e-05 0.0 2.0218950835740057e-05 0.0 1.4620678095791414e-05
0.0010612319299617378 0.05765487911495455 0.0314052169033799 0.0014914038932766006 0.19990401395035678 9.05039124752972e-05 0.09345263521410287 0.020058123094131505 0.0 0.0038596383061400906 0.1431534737409311 0.0023262780165550006 0.04523831253925538 0.0963897087238707 0.0006577210820461197 0.00025437941739573353 6.319850153845736e-06 0.0 0.0 0.0 2.2819469059807024e-05 0.0 6.290461039095645e-06 9.497613708222732e-06 0.0 0.0 0.0 1.485992813972623e-05 0.0 0.0 0.0015188552190589623 0.0001718742459188847 0.00022702870615223526 0.0 0.0 1.6066514067725384e-05 7.699209214879357e-05 0.0 0.0 0.0 3.799033771760407e-05 2.5770644097207836e-05 0.0 2.9362863301691613e-05 0.0 1.9404890436124282e-05 0.003521303134715333 0.00012475470734832846 5.854769999695223e-06 2.714979314665426e-05 4.7462329329963515e-05 0.0 0.0 0.0 8.483218286705604e-05 8.630021616549406e-05 0.00047859962904120223 0.002413454724095815 0.0004185875479234951 0.0019277133332287657 1.2204814862278768e-05 0.00025510705126181914 1.6925415409185164e-05 0.0012497469943205085 7.22563274463231e-05 6.654276039167693e-05 3.47553201380184e-05 4.670063026546589e-05 3.558363164877746e-05 3.260284008830257e-05 0.00033123779970375337 0.0 0.0 0.004379335747382935 0.002159361316443594 0.00603914428651075 0.0011088487724459533 0.00011715522032204929 2.8641295552648286e-05 0.001115958386125559 4.853478982847681e-05 0.00014107308636824084 0.00034506429800413245 0.0 0.00014366109940857193 5.036213908070521e-05 4.304580498086847e-05 7.126700572549598e-06 2.2030012535283908e-05 0.0 1.0032825452448332e-05 0.0 3.998303101403487e-05 3.154147484191646e-05 4.224180910515142e-05 0.000982826924881115 0.0 0.0 3.120012869388734e-05 0.00031111974084503213 0.0 4.296060531524619e-05 2.517129297224412e-05 2.5402306855205035e-05 0.0 8.12640632597065e-06 8.32280877572534e-05 5.259496305980545e-05 0.00020126407188850948 0.00028168597901869277 6.816080757067679e-05 0.0001290561011167192 0.0003419509109036714 0.00018921702268803633 0.00025105332107682983 0.0 8.81919896273864e-06 0.0 0.0 0.0 0.0 0.0 0.0 0.0 0.0 0.0 0.0 0.0 0.0 0.0 0.0 0.0 0.0 0.0 2.743299610292792e-05 0.0 0.0 0.0 0.0 0.00011556412898873294 0.0 0.00025557465280576187 7.3655117184191225e-06 7.973093432852793e-05 0.0 0.0 0.0 0.0 0.0 0.0 0.0 0.0 0.0 0.0 0.0 0.0 0.0 0.0 0.0 0.0 0.0 0.0 0.0 1.9082943923693445e-05 0.0 8.098395191959737e-05 7.329367609961324e-05 0.0 0.0 0.0 0.0 0.0 0.0 0.0 0.0 0.0 0.0002481343277283976 0.0 0.0 0.0 0.0 9.589585536881182e-05 2.21829247349349e-05 9.36234600672551e-05 0.0 0.0 0.0 0.0 0.0 0.0 0.0 0.0 0.0 7.433270871154249e-06 0.0 0.0 0.0 0.00036422670067030925 8.244141414209499e-05 7.16906765294114e-05
0.042235251245466045 0.0760344559114036 0.0008891188723284628 0.11869872031274542 0.01804490950127261 0.017578618523439983 0.0816945063261492 0.00018878888046795056 0.0038596383061400906 0.0 0.0007396908547353965 0.20175441983408043 0.20863651613604076 0.028173099347877317 0.0003584858019777242 0.0002464351094222348 1.2716025363470274e-05 8.107618418763885e-06 8.168674142628774e-06 0.0 0.0 2.1042844939805727e-05 0.0 1.1986407359757907e-05 2.9289316607111093e-05 1.0870640925587501e-05 0.0 0.0 0.0 1.052293246117412e-05 0.0009609409567578884 2.7982391304320415e-05 0.0009653225591477112 0.0 0.0 3.3402338395892026e-05 0.0014284404108502108 0.00024262004484178765 8.657267407845948e-05 0.0 9.845226092619232e-06 1.617041124574564e-05 8.97113501215893e-06 2.6063125881620856e-05 1.1163019807733924e-05 8.201999126946215e-06 0.002256087233798738 0.00011247918271031085 1.7026567200214123e-05 2.257496588358818e-05 3.8351958454757996e-05 3.094164843355562e-05 0.0 0.0 7.84900683012506e-05 0.000188321682573783 0.0014533802169301795 0.0073475757123570885 0.0010188594105316059 0.0014033847697922537 0.00010817696401822486 0.0005222776149497263 0.0 0.0004986132494900921 0.00010568474104916393 7.580125197314709e-05 3.141064853869081e-05 4.508780892975118e-05 3.125627069239174e-05 1.8073810958201628e-05 0.011214097487674565 0.00018865114038315502 8.288088755044414e-05 0.005262713096782963 0.00134088866718669 0.0026806218209438227 0.00031960936033494536 4.559673966249475e-05 1.209707107245832e-05 0.00036471407081985587 0.0 6.0586100092420604e-05 0.0005563726442171614 1.0613784360689024e-05 0.00016028974695495772 8.087351277261687e-05 3.0693174708000006e-05 2.95510385731012e-05 2.6979509225134113e-05 3.226483286299035e-05 6.658193374956643e-06 7.651490761807823e-06 1.0214407588024818e-05 2.5224078992407323e-05 6.99827058453793e-06 0.03964547409245243 0.0013440759602868836 9.656194969982324e-05 0.0008640873757807837 0.022644862255568922 0.00018052117852803884 0.0021287741350498406 0.0015133276623484815 0.002091372683694651 1.388029344498002e-05 0.0015080079972111 0.0019147112492289935 0.0015407317542849104 0.0044885623924078594 0.00796303087546755 0.001985682541129272 0.00484454726565736 0.00921562359103746 0.003148086284854375 0.0018944203060345672 3.332766603010778e-05 2.10345559063965e-05 0.0 3.425789967759329e-05 0.0 0.0 0.0 0.0 0.0 0.0 0.0 0.0 3.213430617023155e-05 0.0 0.0 0.0 0.0 0.0 0.0 0.00031089765217026677 1.1634661260552189e-05 0.0 1.9480019892639727e-05 1.2160512309641796e-05 0.0010272645665903462 0.00014188538094222087 0.001981382493049638 0.00040543322314714824 4.560363297731552e-05 0.0 0.0 0.0 0.0 3.44597632245443e-05 0.0 0.0 0.0 9.799074710308266e-06 0.0 0.0 0.0 0.0 0.0 0.0 0.0 0.0 0.0 7.776535720064902e-05 0.0006018237447667269 5.4442180408779534e-05 2.7275984299716307e-05 0.0018761470835596675 0.0 0.0 0.0 0.0 0.0 0.0 0.0 0.0 0.0 0.003639742127330187 3.5385606185814484e-05 0.0 0.0 0.0 0.0015343112952774095 9.918429628038867e-05 0.0004684529328501644 1.7376578742428656e-05 3.0980777446821945e-05 2.0622819491323752e-05 0.0 6.422049160206643e-06 0.0 0.0 0.0 1.2946528714743848e-05 5.525090467207303e-06 0.0 0.0 0.0 0.01094309992615441 0.00032872388482318846 0.0005240131429744588
0.005534073645195779 0.0607434664331686 0.16194540375205 0.00033587261159747836 0.10354217134505139 0.0002888073957588346 0.07340766628897298 0.17752132040215632 0.1431534737409311 0.0007396908547353965 0.0 0.0025290351224445656 0.11663393875783268 0.2896935046380997 0.0017693541811792082 0.0016144361349343262 1.6520891249107577e-05 0.00013020682134732761 0.0 0.00020803632418244365 0.00027905348434166955 0.0 9.277219793991873e-06 0.00016521249417217858 0.000660877855812193 0.0010605433062880689 9.67542711934999e-06 0.00035676647679607555 1.2791167895964355e-05 0.0 0.03418784413797843 0.004392097142412602 0.01028441128252146 1.6246501502429926e-05 7.430298758063939e-05 0.0007891368236678923 0.005512565681442407 0.0008149251231788535 0.00011394116865289335 8.880561403580499e-05 0.0010909871510781741 0.000817235360931083 0.00011624179954047674 0.00011978612200376296 2.8767446909253634e-05 3.052068663129965e-05 0.005069610029691357 8.805003168670172e-05 0.00010180447963927214 0.00023989415015497932 0.0004553019032204322 3.192237525677776e-05 0.0 0.0 7.851477621565153e-05 0.00011728281970115761 0.0009957662805687997 0.009825208962122862 0.0005975043368479518 0.0019033722318655994 0.00019289908296203499 0.0013816767401547325 0.000132581688545234 0.003285542818190424 0.00016389118017620853 5.843792800914225e-05 0.000130244834354244 0.00033957436543233395 0.001211014940476356 0.0006090932560611762 0.003254621510862928 2.472079480834828e-05 0.0 0.005866068689603484 0.0032678829546247254 0.006197963220100509 0.0031671525318904 0.0005809357290787433 0.0027762329281167996 0.057463605574549874 0.00014504837205187187 0.0033555954719936567 0.0003323062276841616 6.825700640840938e-06 0.00016043641338499054 7.031566886980514e-05 0.00018214816569677537 0.0 3.343254788617089e-05 0.0 7.5726215754044465e-06 0.0 0.0015157203697294048 0.0012204980171074676 0.00041356940916809185 0.0010632759953670776 8.89597383218228e-05 0.0 9.573198436202801e-05 0.0019292934094713888 0.0 9.509736277453516e-06 0.0 1.0888118392327302e-05 0.0 4.89507583124589e-05 1.4165896696113336e-05 3.4201705943695184e-05 9.115225303845518e-05 0.00010798330991176967 4.2684355936999154e-05 0.00018132181615133146 0.0002938702651630447 0.000142923115621141 0.00016161109221957224 6.079601787368632e-06 1.8919942185228077e-05 0.0 0.0 0.0 0.0 0.0 0.0 0.0 0.0 0.0 0.0 7.63854099479854e-06 0.0 0.0 0.0 0.0 0.0 0.0 0.0 0.0 0.0 1.784782166215914e-05 0.0 0.00017704152587540644 2.3205489004562018e-05 0.00035726576768996553 7.913944868897e-05 1.3201485283095441e-05 0.0 0.0 0.0 0.0 7.712381614637815e-06 0.0 0.0 0.0 0.0 0.0 8.243800188019368e-06 1.4908309829174668e-05 0.0 0.0 0.0 0.0 7.902166936981218e-06 0.0 0.0 0.0 0.0 0.0 0.00021944804626109878 0.0 0.0 0.0 0.0 0.0 0.0 0.0 0.0 0.0 0.0005275932322189413 9.02862440498293e-06 0.0 3.8201677369415504e-05 0.0 6.786254904631377e-05 1.6174392028456977e-05 5.963440137323423e-05 0.0 0.0 0.0 0.0 0.0 0.0 0.0 0.0 8.184712683198565e-06 0.0 0.0 0.0 0.0 0.0004867717029382745 0.00020323346037989839 0.00021072148264765592
0.019823556962390174 0.05773635231086829 0.0007635782423809658 0.13859336121886578 0.012184329975032267 0.005065181655094498 0.06320761635971348 0.00035525971586006304 0.0023262780165550006 0.20175441983408043 0.0025290351224445656 0.0 0.1024799162641065 0.01784890278862036 0.0012678828638732831 0.0016047415299024937 4.429847350016058e-05 3.7329041702228694e-05 0.0 1.3010207593625886e-05 8.521845864617553e-05 0.0 0.0 9.608989777498014e-06 0.00013509618502258752 0.00025196106972628137 2.2854834465311424e-05 0.0001999828983043268 2.842763121924493e-05 0.0 0.00025817108507076767 3.538878080601731e-05 0.0014430625085424648 5.8683223987630585e-06 9.175460822737877e-06 0.00018399155974330248 0.004052124683359073 0.00032000100124494847 4.067597771994236e-05 3.286114183309997e-05 0.0003289823650835202 0.00030196668201628994 0.0 0.00019563435198847868 8.490704227618675e-06 1.5431711690614968e-05 0.005124569340608521 3.4681844508539124e-05 5.479473665013945e-05 0.0001308894846488245 0.0002016307820239542 0.0 0.0 2.9862135434394758e-05 4.297259371356582e-05 3.445314621083717e-05 0.0003426214448136879 0.0022213687623370178 0.0003472039158390438 0.0010188647989718429 0.00010048893101283596 0.0006480126073806075 1.2004975249411217e-05 0.0005947750543456368 4.138971580039091e-05 7.23414424023447e-05 2.8196680442093915e-05 9.002963024331668e-05 0.00022601600401309855 0.00015418653449835145 0.010749030041101192 0.0005227308675969464 0.0 0.0017062559610264195 0.000688003710821623 0.0028905501801077317 0.0009752640096614995 0.00018698237773678186 5.252182513168729e-05 0.0010660249913284777 1.994210792176743e-05 0.0001367675679813738 0.0002607911899737794 0.0 2.561426846878256e-05 3.837624623228031e-05 6.811284658662773e-06 0.0 0.0 9.570448614749185e-06 9.885708185413272e-06 0.0 0.00042187938404134896 0.0003278906942668383 0.00012319037628953682 0.09060551062963822 0.0031369155513562915 0.0 0.00074449031309829 0.002344574851973221 0.00013991574684984207 0.0007258045702181211 0.0008367624975543696 0.000387709418045953 6.654133795261041e-05 0.0009462700771375359 0.0008985280747970077 0.0012271988313505057 0.004130537956437834 0.004441781219799246 0.0026344776082487947 0.004023253040798373 0.008634753320876251 0.0038269017004959748 0.00336030140754627 2.6979011769425397e-05 4.622050079695492e-05 9.353950773628983e-06 0.0 0.0 0.0 0.0 0.0 0.0 0.0 0.0 0.0 6.37171340788229e-05 0.0 0.0 0.0 0.0 0.0 0.0 0.00016351230596951396 0.0 0.0 0.00011561285633883376 0.0 0.0026591639705942876 0.0006538189632851681 0.00504794427980943 0.0008064902141520453 0.00017955952614651173 1.651900432853932e-05 0.0 0.0 0.0 0.0 6.3473034552379135e-06 0.0 6.64776897738521e-06 5.807463951619231e-05 0.0 0.0 0.0 3.332058624046134e-05 1.015618309779354e-05 0.0 0.0 0.0 3.1702404322029507e-05 7.893949082377404e-05 0.0003450484249031184 4.718654500173902e-05 0.0003541188719729652 0.003166571222773341 2.1401877770232707e-05 8.071660046054704e-06 0.0 0.0 0.0 0.0 0.0 0.0 0.0 0.00616865666594244 2.446522196343869e-05 0.0 0.0 9.627837379389827e-06 0.0020114236943465044 0.0001333415939265762 0.0009570902771913011 3.285281811992133e-05 1.737317330277699e-05 3.444672931645515e-05 0.0 6.580553330544405e-06 0.0 0.0 0.0 0.0 0.0 0.0 0.0 1.0218703331264881e-05 0.011111587395822778 0.000936476467617774 0.0014513199492502775
0.020051309945293107 0.033357442297864595 0.010261602918378637 0.10095022366600047 0.04476282317727243 0.003798069121000128 0.18377541211100126 0.015919549418396187 0.04523831253925538 0.20863651613604076 0.11663393875783268 0.1024799162641065 0.0 0.42912059420330173 0.005760865765392595 0.005500293007936252 4.265660586774418e-05 0.00016930545570417998 8.185385811837555e-06 7.826558956500022e-05 0.00020594465709820685 0.0 1.0175181926220796e-05 0.00011702371747905977 0.0011047868464649675 0.0014469705183160488 0.00011291985797165217 0.0008004110887851151 9.845918550965766e-06 0.0 0.0022810342924986806 0.0005250089225231662 0.028623147957353805 1.8686812267812494e-05 4.3883889932871556e-05 0.0014037432864057852 0.02998500202500705 0.011479185643208146 0.0004109396246297697 0.00022108473637449884 0.0009902380097961815 0.001037016695694772 0.00011486487681852212 0.00048803995290740517 5.0778398647342e-05 5.8884379726173195e-05 0.02055360751606446 0.00022361787976589822 8.502433948969774e-05 0.000337183324385905 0.00027887677329239285 9.476068247679338e-05 0.0 6.567240051329239e-05 0.0001111888326317346 0.00028048255861456344 0.0008524633384686071 0.005603450015638044 0.0010190789641720795 0.00536830409955246 0.0007045915050311259 0.005443515001222107 0.000150858821874785 0.004098991895907064 0.00018392666366136634 0.0001245868760255825 0.00012606095838543847 0.00046437934878144964 0.0009256872974298164 0.0004050797459020762 0.03697176654484904 0.0006533073320785773 0.0 0.008641815252999788 0.00490032041866215 0.015657646139180834 0.0058412783146702466 0.0010502224909341277 0.0005750955831398428 0.019665216307165168 7.95143347221828e-05 0.0012947097906408362 0.0006642484769753704 0.0 0.00025177488996291474 9.116515334415401e-05 0.00024208188076899596 0.0 3.3004973049853465e-05 1.119724817161839e-05 3.8086947027361446e-05 0.0 0.0012089636895364993 0.0012376740387637667 0.0005086371321101997 0.07512309406091854 0.0016643545469339827 0.0 0.0009413593655058618 0.002698281392289825 0.00013552628522834275 0.0014747727175181728 0.0008832754983284028 0.0002747931013904261 8.309361894119833e-05 0.0009988068782443996 0.0012365469075986053 0.001446514607834042 0.004564268742339241 0.004759085525017665 0.0030057376310856578 0.005589723145492923 0.0107289248751574 0.005138668162082434 0.003721107003542519 5.544020106651986e-05 5.405236274501401e-05 0.0 1.7805058663875542e-05 0.0 0.0 0.0 0.0 0.0 0.0 1.0106797969115521e-05 0.0 0.00010951736041518113 0.0 0.0 1.3201089592611704e-05 0.0 0.0 0.0 0.0004484420799605774 0.0 0.0 0.0004765842051457475 1.2124357797253173e-05 0.003194174653455804 0.0004778009528147039 0.0076168463612168655 0.0015087276075429945 0.0008101315234229061 3.428854749741664e-05 1.3064114736826328e-05 0.0 0.0 0.0 6.2070328843172e-05 0.0 0.0 6.478666783220653e-05 0.0 0.0 8.44699293662406e-05 1.0336812392492527e-05 3.5961110705404415e-05 6.386894107401934e-06 0.0 0.0 6.76871438893375e-06 2.5860174185839587e-05 0.0003448536371661682 6.598594542519363e-05 0.0005615051409334881 0.004731040140470559 7.209756232493356e-05 0.0 0.0 7.948474093994107e-06 0.0 0.0 0.0 0.0 3.996450917456717e-05 0.008898410217879986 0.0001045684106423501 0.0 1.1234281617179215e-05 0.0 0.0022880571044210218 0.00035275650395226644 0.0016176633973215434 1.2254666178020948e-05 2.3899644385711487e-05 2.4715550772397213e-05 0.0 8.38458276878153e-05 0.0 0.0 0.0 0.0 8.458465686569059e-06 0.0 2.5381670686845098e-05 0.0 0.013577531054415858 0.0017172510636647657 0.002496184945103807
