0.0 0.14051591661765975 0.031469485196076466 0.06629592170942566 0.0020121123412264624 0.003631759762206949 0.0340460171425086 0.011084793200915382 0.00019829901001147207 0.04346824766917966 0.008500541997868098 0.003413721274481436 0.0032694018871516515 0.007888482566594203 0.000268122202745645 0.00020424723509925618 3.168287498793579e-05 3.0033157760109706e-05 0.0 2.5572748764527474e-05 4.4581106080828474e-05 0.0 1.0538019203567994e-05 4.244343404534267e-05 2.5278050194996543e-05 9.175148702498924e-05 0.0 1.8430266148590927e-05 0.0 0.0 0.07029770474299582 0.0004583883407440242 0.0061024361068078015 8.295746713386512e-06 5.958673304046177e-06 0.00024390795702875387 0.0023989292622201433 0.0012559630587650884 0.00021633154079200368 9.11229473135453e-05 0.0001696297609717093 6.726485042305091e-05 5.610041471322887e-05 8.807940612500351e-05 0.0 0.00010878272216079991 0.0022251514702606736 0.0001569761001185087 1.8568187555012024e-05 0.00013888674017475974 9.305121981899362e-06 5.561128303697595e-05 9.092968062169827e-05 0.0 0.0004996726054415146 0.0005143150432706284 0.02970971943616139 0.07693925947320791 0.00356239231417382 0.002342653350485453 0.00027629113760409887 0.0005417957491147346 2.7086785533001207e-05 0.0025188670409047403 0.00023085813711816222 0.00015707869896126322 5.145401591407148e-05 2.21251625636876e-05 0.0002582268473272263 0.00014416135737107475 0.003929103422854148 0.0007576163963401316 5.249196944741247e-05 0.012919237826449206 0.005905229822861377 0.0024234569313166788 0.0006106929135255597 0.00036661714846019213 0.000984385005329058 0.007148403219549822 0.0002275442589251055 0.0006946126008556385 0.002203292790580653 3.569558919569841e-05 0.00018510309718798617 0.00017588407147914334 0.00010325340067027306 8.427218175666448e-06 6.201991573432542e-05 4.5666965703593284e-05 1.1698171751128617e-05 1.2715781798619616e-05 0.00042535608385269616 0.00014758877064673025 6.198356045333799e-05 0.04018903835833548 0.016492303440293673 4.167751762121644e-05 0.0004367372999678141 0.06649340206785596 0.00014576668646075553 0.00010215763642459357 0.0003650108548774566 6.976878993397385e-05 0.0004040449391220306 0.0004426916300270381 9.692067132052087e-05 0.00021354135041626226 0.001149478925475299 0.001030042269431948 0.0004067648909650582 0.0004883219576490563 0.0017295415522015744 0.000280524643693975 0.00030295383999756316 0.0 0.0 0.0 7.1456836544943685e-06 0.0 0.0 0.0 7.326409735848376e-06 2.3021743863203817e-05 0.0 0.0 0.0 0.0 3.196160742857202e-05 0.0 0.0 1.5674462453637527e-05 0.0 0.0 0.00028756633871138734 0.0002033988443403385 9.244784220730296e-06 7.554852639306853e-06 3.608224967459816e-05 0.0002738189889506715 0.0 0.00022432336545521593 1.9189875129261177e-05 0.0 0.0 0.0 0.0 0.0 0.0 0.0 0.0 0.0 7.0225355526995885e-06 0.0 0.0 8.034073640492399e-06 7.11181388256244e-05 0.0 0.0 0.0 0.0 1.7915506356830425e-05 0.00011340891887440114 0.0 0.0 9.75674087546014e-05 0.0003279779732283884 6.560983426047914e-05 0.0 0.0 0.0 0.0 0.0 0.0 0.0 1.1856980236747112e-05 0.0003617737564937404 0.00010061563926105801 0.0 0.0 0.0 0.0003438965316530283 7.371527213407894e-05 0.0003432602886516483 6.700320045837601e-06 1.1822778971908498e-05 1.762972370854897e-05 0.0 0.0 0.0 0.0 0.0 0.0 0.0 0.0 0.0 0.0 0.0003291509194764621 0.00022607786855368713 0.0003121276396202161
0.14051591661765975 0.0 0.08614801703493631 0.05287767035860946 0.11661226385092442 0.005690321090889536 0.2750873240625264 0.06485147245625944 0.07503659659008949 0.1284057045787424 0.14562154479935613 0.04565317683936654 0.09962918770914167 0.17529492656299311 0.0017910100992229367 0.0006645954240797073 0.00019951905191070972 5.405922554514378e-05 9.321311050089964e-05 0.00015538773246173612 0.0001728040655206707 1.0400303020141403e-05 5.426249809591353e-05 7.855453763281252e-05 9.418567437619331e-05 0.000158952068538625 6.639007282876119e-05 8.31412930177689e-06 4.465545952715083e-05 1.8731827309034817e-05 0.24075185597563256 0.003100382364731959 0.03323621544314736 1.6966942567980667e-05 3.8825908899959475e-05 0.00045161687984453177 0.008953472008872214 0.003060547390323663 0.0008475762580128627 0.0001965394110004669 0.00034746134034801987 0.00017805671230246338 0.00032246871407371104 0.00031018665264243494 5.376938355301915e-05 0.00028721775617619836 0.012286969457481915 0.0005599811600222632 0.00012069975900871557 0.000446628899200218 6.774756296612161e-05 0.0 5.0541106456892776e-05 3.173842659674761e-05 0.0007962776146122897 0.0006750697366738612 0.009825647718363452 0.05730769618723896 0.0043541530097408136 0.01058613459403681 0.0010075481142735425 0.002188621697459314 8.749568535493463e-05 0.013725012072410185 0.0004268918148374529 0.000441603165227654 8.516707615617756e-05 0.00023002770639734052 0.0006896289227416655 0.0004913277713685455 0.009256354947901444 0.00040289324748387907 1.0281415633814435e-05 0.029842734352523066 0.02100341522779171 0.018473230435845357 0.004958338343375102 0.0024833129532388556 0.003981941869237822 0.02395607351720125 0.0012784358916395015 0.0023026086403775494 0.003498423650951425 4.7830833106348984e-05 0.0006048834147804996 0.0003010156656201786 0.0006241334752667222 0.0 6.03094436969929e-05 0.0 6.297385108375269e-05 7.918814794778837e-06 0.0011221126801429515 0.0002780076034733407 5.981809253130337e-05 0.0056062213228576544 0.0006520803652250033 0.0 0.00046965359266254664 0.03223957552359285 0.00022561596496202505 0.00022308692827444087 0.0007591401121512852 0.00010849408784822745 0.0015209014028135152 0.0011254907947838774 0.0002235266793368054 0.0007797902149099761 0.002503973756203437 0.001573907269345838 0.0010607824259101057 0.0013449911634768868 0.0031794307074032645 0.001343247839804758 0.0012170047953387574 2.3543101051551927e-05 1.7718657340808442e-05 0.0 2.9102643141058713e-05 1.4029241975232727e-05 5.857002091234622e-06 0.0 9.96363360386872e-06 0.0 0.0 0.0 7.242766785399144e-06 3.473627403275818e-05 4.553654456489651e-05 6.966714072899012e-05 0.0 9.168833886420629e-05 0.0 0.0 0.001212301633950062 0.0006527668878600386 6.897081030548265e-06 2.7550100926818588e-05 0.0 0.0008052807864453881 1.5200143145905335e-05 0.001034254146228633 0.00014709349658573008 2.636143998928318e-05 0.0 0.0 7.46548985440471e-06 0.0 1.1708460410638964e-05 2.343797571016252e-05 0.0 8.97307865944178e-05 0.00012445178169270528 0.0 0.0 0.0 0.00012127430361497094 7.774018693139461e-06 0.0 1.2962474143110115e-05 0.0 0.00011279556731513811 0.00043932558282830695 0.0 0.0 0.0001993026621443579 0.0016912706807194783 0.00026948256215355876 5.146204381946802e-05 0.0 0.0 0.0 0.0 0.0 0.0 1.2959497584396156e-05 0.001670992590579679 0.00017578403104637403 0.0 0.0 1.610482002488867e-05 0.0012463417591238918 0.00039171549153626313 0.0010702060528923237 8.317119670402806e-05 0.00010351709076058781 3.160313072418658e-05 2.2831340939953124e-05 5.5442416974039324e-05 0.0 0.0 6.4357149800808906e-06 0.0 5.747181379777761e-06 8.360244504211065e-06 8.844906940827476e-06 0.0 0.0008614208818223899 0.0013702622586480935 0.0007855732662981381
0.031469485196076466 0.08614801703493631 0.0 0.005902839466300078 0.0440112544017717 0.0005417857465569861 0.011978749395173965 0.18467603761517998 0.10010999553743603 0.004270048132591702 0.2381583928267947 0.003422476574350471 0.013904270282265964 0.15731848131163018 0.00103342262281916 0.0007255109584033665 0.00010092728055684358 0.00030968393608425844 6.229729964531139e-05 0.0006707358132671641 0.00035391900318459946 2.0691582562389068e-05 0.00022431262563523506 4.392946970427309e-05 0.00011520252328057723 0.00017382990594557427 3.119200854465421e-05 2.6669839532029427e-05 0.0 6.747296854731304e-06 0.14900352561646854 0.010504502360167057 0.05362694411780804 0.0001618643066247698 8.081490000727425e-05 0.0007882148114031526 0.013287764391658154 0.006995181891443194 0.0012624732729933513 0.0003183765284992643 0.0008005159613238969 0.00041574047213460236 0.001066701986902533 0.0004466071917792383 8.506774382526857e-05 0.000599608664987022 0.0030612886860406007 0.00018619327694735396 0.00011687189294845944 0.000958447288101131 0.00028189394543253154 3.9907081955787964e-05 1.116103990198793e-05 9.030086251123237e-05 5.419899120753701e-05 5.590160920131283e-05 0.0009489234242662802 0.01009115483821626 0.000514248554321581 0.0017850423851032177 0.0037071657752603205 0.00512378231507904 0.0002067902203481187 0.008699390885012 3.518813930395151e-05 0.0002693895565229551 2.229427511429592e-05 0.0004387539823192195 0.0024058712018061573 0.001938455420096895 0.01061564882592335 0.000665744520444762 0.0 0.0029023037867746153 0.004345930678940285 0.004446331482187635 0.0021555024546284886 0.004213223973404229 0.014717293287743861 0.08112808244797026 0.004149945686387522 0.010001875141117108 0.00032701863660781615 0.0 0.00024051668170678596 3.02954657588367e-05 0.0008560289238398485 0.0 3.0183686350703003e-05 0.0 1.719651337261541e-05 7.357471584047093e-06 0.0030160296524818966 0.0007093573360202656 0.00010796256469400917 0.0035250625821398544 0.0013100517219807367 7.560855824543082e-06 0.0007052856270790273 0.003035598752195229 0.00021574390097799407 8.954014543643087e-05 0.0004545157129627455 5.3054033964701335e-05 0.0007213167786512348 0.0002945424680081297 8.20196530685187e-05 0.0003435863621307288 0.0009173636093488279 0.0007200016255224659 0.0005964464955543259 0.0005753788157201996 0.001151189371103238 0.0005797920586395688 0.0005079867578515107 5.961367997505205e-05 4.043323189884168e-05 0.0 0.0 8.292130827274105e-06 0.0 0.0 2.456725017488681e-05 7.177088824807228e-06 0.0 0.0 1.1411488982688936e-05 4.507742221247637e-05 0.0 8.318992481531538e-06 3.873311234372021e-05 2.713240060754795e-05 1.2819440868479885e-05 0.0 0.000630428248816208 0.0003147141866132889 4.924181932140194e-05 4.320288126847838e-05 0.0 0.0004623481030176374 0.00014583430441137066 0.0010387083016999378 0.00026300842315667443 3.043457943933047e-05 0.0 1.0451481123367773e-05 1.2710657275909494e-05 3.120442150974581e-05 0.0 2.7066789220635216e-05 0.0 6.21547664985686e-05 0.00017041651110605047 0.0 0.0 3.305893973198441e-05 8.832882028760082e-05 7.1520378645844735e-06 0.0 0.0 0.0 3.986078848994837e-05 0.0005684793539928758 0.0 8.003993341414882e-06 0.00010374049662245175 0.0013327984070599648 0.00019240652579981919 5.7376940252786926e-05 8.317642851489884e-06 0.0 0.0 0.0 7.508216951744514e-06 0.0 1.810930178674105e-05 0.0014674842760025418 0.00028041087807937964 0.0 9.181071559163569e-06 1.7811084165540164e-05 0.0007908525403508216 0.0005493088474026918 0.0008746291173788733 4.932350412537003e-05 7.479225820066282e-05 4.840508830966836e-05 0.00013559779685063395 8.773714533835861e-05 6.454356710643965e-06 0.0 0.0 0.0 0.0 1.49165156141641e-05 8.314582112834486e-06 0.0 0.0007612732758832399 0.0020177094270196587 0.0008871891002623298
0.06629592170942566 0.05287767035860946 0.005902839466300078 0.0 0.0003589053701049376 0.018285167546056847 0.06968784764825753 0.0004840863751206244 0.00019620306371715985 0.15992408196788388 0.001083385016937402 0.037097426566354876 0.021551684703256555 0.0060288164405291845 0.00011420655187960401 3.493518628263919e-05 2.486845865988973e-05 2.1125313383450797e-05 6.846782140043683e-06 1.0626677737979593e-05 0.0 0.0 0.0 0.0 0.0 7.706224129706028e-06 0.0 6.320469889259725e-06 0.0 0.0 0.027122385153762477 0.00033345017120100064 0.0017837622409265692 0.0 0.0 4.116272371732281e-05 0.0006641108782845784 7.720140834653658e-05 2.2096379626060642e-05 7.473149128685107e-06 0.0 0.0 0.0 3.703806834389195e-05 6.31123650509381e-06 1.3465433887784067e-05 0.001721168112353993 0.00013684806265002573 7.21070743240405e-06 1.182767076183933e-05 1.602139165076078e-05 0.0 0.0 0.0 0.00023858188773175608 0.0003389437783885257 0.004497482624724528 0.02447260709806994 0.0017459701508392967 0.002114111509186377 5.613180612864933e-05 0.00013452218517289797 0.0 0.0026869556949295497 0.0001396919466237145 0.00012131952089802962 2.1379186331966397e-05 5.7464242004612826e-05 2.9986189204151438e-05 1.6043437992289093e-05 0.0010773247466969633 0.00020664787591849959 0.0 0.008259656780779213 0.00431319568948219 0.002116717924846414 0.0004634051786023838 0.0001289594701048139 7.592832538144676e-05 0.00035077245050653123 3.6298646593494096e-05 0.0001282091957443176 0.0011537105267876767 2.244188216574484e-05 0.0001331369178556424 0.0001303462928253013 4.008162053634767e-05 9.858571534984319e-06 2.873790245867725e-05 0.0 0.0 0.0 4.270408925619966e-05 8.39524190222141e-06 8.06123240042553e-06 0.005519252656204777 0.0011379860961111474 0.0 8.934018506374948e-05 0.013592122260096004 1.4531820434289535e-05 6.236541277205265e-05 0.00041572465015698003 0.0 0.0002406592770256424 0.00017586769655484675 4.7472299731806875e-05 0.00011087032968914752 0.000610805594154243 0.0003971191598839925 0.000403727102622711 0.00036610879019535156 0.0018670085641018716 0.0003925014152766693 0.0002516614886349667 0.0 0.0 0.0 1.2073963114059021e-05 0.0 0.0 0.0 0.0 0.0 0.0 0.0 0.0 0.0 0.0 0.0 0.0 0.0 0.0 0.0 0.00014551207790059476 0.00016219055616647295 0.0 0.0 0.0 7.297164193680436e-05 0.0 0.00024821510571211347 2.3985389616465208e-05 0.0 0.0 0.0 0.0 0.0 0.0 0.0 0.0 1.998971882076954e-05 2.30991024784163e-05 0.0 0.0 0.0 0.0 0.0 0.0 0.0 0.0 0.0 4.750377642756018e-05 0.0 0.0 0.0 0.00018868522989484954 0.0 0.0 0.0 0.0 0.0 0.0 0.0 0.0 0.0 0.00040709331708093364 1.020308537300327e-05 0.0 0.0 0.0 0.0002582521728351012 5.467960585441986e-05 0.0002237153480432231 9.596677283420522e-06 0.0 1.9606291841973654e-05 0.0 0.0 0.0 0.0 0.0 0.0 5.4529686330461745e-06 0.0 6.504322732752625e-06 0.0 0.00026809515072367696 0.0003323176428789319 7.743269686213336e-05
0.0020121123412264624 0.11661226385092442 0.0440112544017717 0.0003589053701049376 0.0 0.0001251003556800182 0.13761639856687652 0.014727379022427118 0.17569476953874458 0.024125407013196275 0.14288758178993255 0.006570950548992885 0.07925989411739445 0.21782705281032239 0.00047472031016229074 9.203096663138031e-05 5.9726586183970616e-05 7.6050189326487685e-06 7.438860382730879e-06 6.431466148840105e-05 3.8340582927333996e-05 0.0 1.0716514791571467e-05 9.06447463751797e-06 2.0322284609059796e-05 0.0 1.3025749949294427e-05 0.0 0.0 0.0 0.010072748585358808 0.0005235700919422585 0.002609320288366843 1.7410754624775443e-05 0.0 1.147907502195368e-05 0.0007584428860091852 0.0002102025037923371 7.363418044107085e-05 4.22953945400769e-05 4.186278556803879e-05 3.0339283344045457e-05 0.00010731726822245575 7.93830322149809e-05 8.919799028735958e-06 5.57899117723378e-05 0.0034539992840702033 0.00015264318742130468 2.7220166174345365e-05 0.00022185443599680431 7.698730464330045e-06 0.0 0.0 0.0 9.554887994644103e-05 0.00011657165060709823 0.0005690607754951323 0.002718183658762921 0.00048715668663093823 0.0026396318979677843 0.0002664614089780723 0.00021102520591422067 0.0 0.0026411097296586963 5.498422720332346e-05 0.00011900220006436206 3.479617548874052e-05 1.4424046450820825e-05 0.00015085542334243888 8.740129873313465e-05 0.0012208249812172963 5.821034148016988e-05 0.0 0.0044768778041719874 0.0035529523183194587 0.004907612439938903 0.0016920177986072683 0.0007050292677961627 0.0003475311865912026 0.002138272108622151 0.00034149640691734747 0.0003429811463152188 0.000611623924971324 7.774700385606484e-06 0.00011972000792704849 1.2118629651226306e-05 0.00010855770477574313 0.0 6.156876351675376e-06 0.0 1.4442361915336325e-05 0.0 0.00012490229458287847 1.8286777311924622e-05 6.58765262185098e-06 0.0014113084663225385 2.4595354721220913e-05 0.0 5.361106584196126e-05 0.0001887300884503146 6.620209516813731e-05 5.9330182289495005e-05 0.0003810063790775822 7.306485224020682e-05 0.0007984112405086286 0.00021275753557595793 9.137292047496954e-05 0.00033766222461050426 0.0009051092964872709 0.000652775230477373 0.0005063082004657054 0.0005007093237855187 0.0013057803233630994 0.0005337212157333646 0.0005551353614998383 0.0 3.61155167071454e-05 0.0 0.0 0.0 0.0 0.0 0.0 0.0 0.0 0.0 0.0 8.450529967294969e-06 0.0 0.0 0.0 0.0 0.0 0.0 0.0004348410350969655 0.00021091524710364424 0.0 8.805835893885864e-06 0.0 0.0002693493647273813 4.911273900961569e-05 0.0003456303011769012 6.413563441135549e-05 4.917842192196887e-05 0.0 7.7786117268075e-06 0.0 0.0 3.3903380085806704e-05 0.0 0.0 2.662358237910575e-05 9.489382520402806e-06 0.0 0.0 0.0 5.042687152536899e-05 0.0 0.0 2.1394163759195845e-05 0.0 6.84247740892021e-06 0.00025168543370184107 0.0 0.0 0.0 0.0006698866890973839 0.00012007950744523235 0.0 0.0 0.0 0.0 0.0 0.0 0.0 0.0 0.0005774430404816739 5.902117257972218e-05 0.0 0.0 0.0 0.0003905848212250588 9.955062655320477e-05 0.00032535643268867515 4.729724176651038e-05 1.5692746556998372e-05 0.0 3.075438013728386e-05 7.071923319132026e-06 0.0 0.0 0.0 0.0 0.0 0.0 0.0 0.0 0.00028398875392214503 0.0003614369398935049 0.00031398301614774015
0.003631759762206949 0.005690321090889536 0.0005417857465569861 0.018285167546056847 0.0001251003556800182 0.0 0.00574121246568123 9.177749147435271e-05 0.00013106250126910016 0.024898360076591665 7.976568726921565e-05 0.0024407230174852165 0.0024759206223559167 0.0008790535600818249 0.0 9.640258284480113e-06 1.1292357309473062e-05 0.0 0.0 0.0 0.0 0.00012567960170849362 0.0 0.0 0.0 0.0 0.0 0.0 0.0 0.0 0.0031439830578456982 4.7501866698300264e-05 0.0008146962947399198 0.0 0.0 3.926486107817378e-05 0.000723977838097186 0.0002800632572862669 0.000507656567258039 4.247841328689506e-05 0.0 2.1243181257153556e-05 0.0 4.113847769340292e-05 0.0 2.2270594691551258e-05 4.178681234558817e-05 0.0 0.0 0.0 8.985421419562606e-06 0.0009524846088222242 0.0004955239488812484 2.103408708572718e-05 8.67743672437094e-06 4.604474052200683e-05 0.001666745289433123 0.0006242977202360103 4.3674929368378556e-05 4.697685455994534e-05 0.0 0.00013709048107435172 0.0 4.087796443303543e-05 7.738069456575483e-06 6.865469536849504e-06 4.019187645259987e-05 0.0 7.764421079422963e-06 0.0 0.006757889173848476 0.033063382851630456 0.0004695378969614507 8.439278850454065e-05 5.73151763843745e-05 3.955909418214611e-05 6.9048123804648084e-06 1.0981198535312673e-05 4.6959664795823326e-05 0.0001074565502628324 0.0 0.00013113580109066524 1.8274982766795032e-05 7.557224698009905e-05 7.663517389606968e-06 0.00015775490102543774 0.0 0.0004988608208528215 0.0004572034150850672 0.0009384305849324632 0.00029290102187219766 0.0004427067609588666 0.0 1.038744934829751e-05 0.00020161316165178965 0.015038446689682254 0.030511260900090036 0.005859110847185122 0.002298980269224416 0.004703118675903277 0.0 0.0 0.00010916060316698278 0.0 2.2989356043378367e-05 5.888535016988032e-05 0.00014984198597910433 9.96613809467573e-06 0.00015803626615247814 0.00024015154213252507 2.84260025709147e-05 3.0167063838343297e-05 0.0002806625623494176 1.1600988484607219e-05 7.187281640227374e-05 0.0 0.0 1.0279281974906352e-05 9.244871151650228e-06 9.609220644892011e-06 0.0 0.0 5.7087665512424606e-05 0.0 0.0 9.347643306048963e-06 8.361855477208187e-06 0.0 4.961682665546591e-05 0.0 3.202442877311166e-05 1.73775778243223e-05 9.445966027856236e-05 0.0 0.0 1.5671783000599274e-05 0.0 0.0 0.0 4.588195467170382e-05 0.0 0.00014423376752619975 5.438881697550286e-05 0.0 3.116653063257157e-05 0.0 0.0 0.0 0.0 1.4891320502669064e-05 0.0 0.0 2.718430882046258e-05 0.0 0.0 0.0 0.00021195286171643663 0.0 8.297610776403673e-06 0.0 0.0 6.137824725318975e-06 0.0 1.30650064121855e-05 0.0 0.0 3.0479541981782066e-05 0.0 0.0 0.0 1.0706452812687772e-05 0.0 0.0 0.0 9.656337203492429e-06 0.0 1.7372164999067603e-05 0.0004439328995766088 0.0 0.0 0.0 1.2965044657400611e-05 0.0 0.0 0.0 0.0 6.36487728425432e-06 0.0 0.0 0.0 0.0 8.339328814837494e-06 0.0 0.0 0.0 1.2947394379481261e-05 1.8917407216816645e-05 5.641072728640921e-05 3.854578061284315e-05 3.358791162876158e-05
0.0340460171425086 0.2750873240625264 0.011978749395173965 0.06968784764825753 0.13761639856687652 0.00574121246568123 0.0 0.0024048548847185507 0.09852412041296701 0.16485976188967363 0.07102410264767167 0.04122286830698388 0.3733257351501418 0.3129211129764989 0.0013712713929308917 0.0004008287613794492 0.00012405620694314314 8.255487023663819e-05 2.140432367291338e-05 9.810312329962987e-05 2.6081522427118316e-05 1.0754875535869874e-05 2.9175998532388987e-05 3.213571355531489e-05 3.682189645503556e-05 3.7245851949171075e-05 1.5172630610139844e-05 9.716786104192034e-06 0.0 2.2529061223930592e-05 0.033003234999308906 0.0017306560940761539 0.004938534278738533 0.0 8.208646333185242e-06 0.00010721696149496962 0.0032854119805338002 0.0008191600032590893 0.0002823005373007052 7.958810335548002e-05 7.67694645610946e-05 5.593441572006274e-05 0.00016161817823086744 0.00020109147324563265 4.098744292276954e-05 0.0002133036686266809 0.009477070921165405 0.000393891908352643 6.840112612800348e-05 0.00031207166105954437 5.718648230996666e-05 1.5304905908331258e-05 1.2869014050861786e-05 2.3827391569106543e-05 0.0003262038281435793 0.0003944932760994571 0.0036098281150235634 0.016612126481167878 0.0022405725874034685 0.007939350667557769 0.000722146280641722 0.0006604360458559183 4.068704817720062e-05 0.008767516226097708 0.00024340819392107218 0.00024144277275244322 5.732639872598052e-05 4.844364987539572e-05 0.0003052100016278879 0.00021278772866515304 0.005897198476540948 0.0001745952507163726 6.615178912508869e-06 0.016317335072715645 0.012005627669192782 0.013317977926675545 0.004170382906877422 0.0016161974463801318 0.0006380800976554998 0.0004499904067342636 0.0007350895876173796 0.0010058284182053708 0.0022797451421497678 3.296179828033589e-05 0.00034204893434244636 0.0001723751307554887 0.00015294739227206662 2.2320712567671944e-05 6.354983885331796e-05 0.0 3.138433990381847e-05 0.0 0.0003142186622132472 6.203163545284039e-05 3.278428974341057e-05 0.005119404412879795 0.00038400026235360494 0.0 0.0002536054021036535 0.0017814800737464896 0.0010172865742367771 0.0013424729502390298 0.019358731047689575 0.014425010948277027 0.003530098566808426 0.01041075941561272 0.006405320490100734 0.003200336363408126 0.010749358789101979 0.018066668950578426 0.0020622994864350447 0.005126865244777439 0.006429821097271779 0.002320304509162836 0.0016227559276261944 7.253464240311424e-06 2.5715832106966014e-05 0.0 0.0 0.0 0.0 0.0 7.644898217067419e-06 1.3216510499747344e-05 7.873890766025944e-06 0.0 0.0 1.3749912022070914e-05 8.428275101597965e-06 2.135442642526669e-05 6.323941954217265e-05 0.0 0.0 6.426682472363491e-05 0.0034756547990378115 0.0009303677052461247 6.862344865454255e-05 0.0002334308730988805 7.634081369689166e-05 0.0009222796414522053 6.873265919897284e-05 0.0011638497036294449 0.0003706770623061052 6.627150400574205e-05 1.0203400084941238e-05 1.3155735883195864e-05 0.0 6.594608746032225e-06 1.7557889058121724e-05 2.3811922817120794e-05 0.0 0.00022596368368997164 0.00024045571177076252 0.0 0.0 0.0 8.338531416215658e-05 0.0 6.0747117770606e-06 3.449843598759924e-05 0.0 0.0004867583311923298 0.002318214754220688 2.591482743639708e-05 7.782679323586105e-06 0.00010643457771366993 0.002242143812612949 0.000736003942438651 2.9919547300700585e-05 2.6137836607164422e-05 0.0 0.0 0.0 0.0 0.0 0.0 0.002201270240942348 0.00032261597450187167 8.260583706471745e-06 6.865658253973143e-06 0.0 0.0013780201307481504 0.0001812212888413283 0.0013620733120717947 0.00022534947492581475 0.0003235065141024529 0.000179918743997123 0.00013465208582646656 4.930693278121003e-05 7.760655540081318e-06 0.0 0.0 8.437848506703849e-06 0.0 0.0 1.1323511590548665e-05 0.0 0.0015651034185580222 0.001205670845985665 0.0008929418903370296
0.011084793200915382 0.06485147245625944 0.18467603761517998 0.0004840863751206244 0.014727379022427118 9.177749147435271e-05 0.0024048548847185507 0.0 0.012601206972700878 0.0005118534770812129 0.2281888800209886 0.0008300251358116029 0.0066958544782071755 0.18418748765698476 0.0008338890600471709 0.0005216762776430387 0.0001209299663897703 0.0002696158024950005 9.083473830224568e-05 0.0009969727499869305 0.001409122271428254 1.0270006775867565e-05 0.00024005750818616612 0.00029003741998516496 0.00011624636390786264 0.0003388958959575168 2.8060951027965156e-05 6.756228401538535e-05 0.0 9.294933458005643e-06 0.046091020460184845 0.04441259157148379 0.07877872595053348 0.00012636518460928047 6.363530680288996e-05 0.0010622887577380559 0.014015566617478412 0.010647323865574385 0.0015188660391174567 0.00017666870776162147 0.0015221930119680726 0.0008208809004044645 0.0013104409612268628 0.001916523323953821 0.00013535429564117874 0.0005930696370101734 0.002046430093497776 0.00011041856290298377 4.454086586803342e-05 0.0009960878493420345 0.00026773984974884726 1.83810450914543e-05 4.0083023535371815e-05 6.992548181675082e-05 5.10600741453343e-05 4.6044242044706484e-05 0.0003390353898232363 0.0027620120564174947 0.00024136472914358952 0.0009276214991648879 0.006631960839119657 0.010482198699814583 0.0002889056712903969 0.010143346661056367 1.3819011649694644e-05 0.00016238418103571787 6.053679281140825e-05 0.0007057155252368724 0.002385132369537809 0.0031956294711424174 0.007266732205662833 0.0005105915806950089 0.0 0.0017792751859534424 0.00222828854746847 0.003315263451020676 0.0019876964350321897 0.026993702078866984 0.13753319675508316 0.21688591114655292 0.012338103502137373 0.03792555593302196 0.00010655539738728035 0.0 6.73112462252899e-05 6.400522262598555e-06 0.0007779412146003707 0.0 0.0 0.0 5.751859033543806e-05 0.0 0.005719709610762341 0.0009614456433677682 0.00019213715383855455 0.001102774136084549 0.00017574716903515078 0.0 0.0005481107330027121 0.0007173746055838188 3.272443560425806e-05 1.733990812581774e-05 0.00013589752090764973 1.599546202801193e-05 0.00014752727747460013 0.00010676061377944312 3.816615108473926e-05 8.248873891479299e-05 0.00018072824802465716 0.00019122858872658944 0.0001374887484816488 0.00015773353912735494 0.0004930508830515963 0.00013912567971170156 0.00016497501405326052 0.0 0.0 0.0 0.0 0.0 0.0 0.0 0.0 0.0 0.0 0.0 0.0 0.0 0.0 0.0 0.0 8.270646785746833e-06 0.0 0.0 0.00024442759100418295 6.751611764475148e-05 0.0 7.602076486067946e-06 9.091976719565246e-06 0.0001627691667189198 0.0 0.00025633540767262933 7.677237894769494e-05 5.345419954714873e-05 0.0 1.0745418772251491e-05 0.0 0.0 0.0 0.0 0.0 2.7112251340778543e-05 1.606608789849564e-05 0.0 7.411292827395807e-06 6.123496418971366e-05 2.062708092019465e-05 1.533844583794359e-05 0.0 1.9520710001892636e-05 0.0 1.4555426580615275e-05 0.00010453332972040501 1.010122874424225e-05 0.0 0.0 0.00024239316869295978 2.8947294836170726e-05 0.0 7.193721240689458e-06 0.0 0.0 0.0 0.0 0.0 1.0429644956595232e-05 0.00048209852357387157 0.00015063898130749582 0.0 0.0 2.6132252671048363e-05 0.00021454991689710237 2.085003342080533e-05 0.00015768454199986651 2.1794088906124198e-05 1.8967710508886795e-05 0.0 2.6318405332549457e-05 7.060829723318813e-06 0.0 0.0 0.0 0.0 0.0 1.6673291571054428e-05 3.8377249068889525e-05 1.802391086456645e-05 0.00019913958193935766 0.00047678601054862104 0.0003174875679603298
0.00019829901001147207 0.07503659659008949 0.10010999553743603 0.00019620306371715985 0.17569476953874458 0.00013106250126910016 0.09852412041296701 0.012601206972700878 0.0 0.007344162709995119 0.09172471106536202 0.00240241327027565 0.06193120297977859 0.1708271619818977 0.0003736741587249911 0.00013896250047147613 1.564950447648735e-05 7.620911885515922e-06 0.0 3.1248938393683854e-05 3.679540453228566e-05 0.0 1.0702732389393176e-05 0.0 0.0 7.680609218895138e-06 0.0 0.0 0.0 0.0 0.0021319308187775685 0.0002801166389232547 0.002948567746719437 0.0 1.0593364488993908e-05 5.4257150193750936e-05 0.0006842834353879779 0.00010242295179299346 6.151984836842396e-05 4.342289682446521e-05 8.795285341224347e-06 3.852773694500134e-05 0.00011411465654391438 5.052781097790521e-05 0.0 1.6180788845773717e-05 0.0015139507910429458 3.622413414061567e-05 2.0080607298335976e-05 8.424276114222616e-05 0.0 0.0 0.0 0.0 9.388386397709927e-06 2.18938553414371e-05 0.00014578499422253133 0.0006365250823116073 0.00011464363009127861 0.0011444909695897912 0.0002729927138579398 0.000321256361709517 0.0 0.0009672518904562664 1.3544962474820547e-05 1.8792439067660355e-05 1.831305520854888e-05 1.5186982464863226e-05 0.0001310998914681913 0.00010916633785671944 0.0010920756561576884 7.599130408195533e-05 0.0 0.0016851478125139519 0.001291121161785618 0.0024312082769953926 0.0008997223953533692 0.0004059393459820146 0.00033055543208895897 0.0013917528568574693 0.00028171129861800367 0.00020286347366761984 0.00024858216822033096 1.965580395263333e-05 2.1438663587067325e-05 1.4194474545794689e-05 9.24970704169837e-05 0.0 1.0648638248979372e-05 0.0 7.397601207507304e-06 0.0 9.289595514385142e-05 3.555158042409963e-05 0.0 0.0009396373929746319 7.404558982275636e-05 0.0 4.314953814518927e-05 7.104207702166677e-06 8.446586714743594e-06 6.439120141241828e-05 0.00023803560117643393 1.4418920277523613e-05 0.00037932229882738295 0.00033127533784783317 6.562334431578804e-05 0.0002488926667596564 0.0009131291734282257 0.0004044927043348992 0.0004599368995414272 0.0003159953844146952 0.0009053228890587054 0.0002932997173317461 0.00027084184427830023 7.157905701679545e-06 0.0 0.0 0.0 0.0 0.0 0.0 1.1072050149767492e-05 0.0 0.0 0.0 0.0 0.0 0.0 0.0 1.0841332187107127e-05 0.0 0.0 0.0 0.0002640567726376865 0.00020051247150404614 0.0 0.0 0.0 7.258909527112166e-05 0.0 0.0003608394086612772 7.464005096300182e-05 2.4453346461171856e-05 0.0 0.0 0.0 0.0 7.864759718259434e-06 0.0 0.0 2.153830182678312e-05 3.225999891161276e-05 0.0 0.0 0.0 0.0 0.0 0.0 0.0 0.0 1.6753256463277637e-05 5.686271745202547e-05 0.0 0.0 0.0 0.0003740074298641633 0.00016126450583529717 0.0 0.0 0.0 0.0 0.0 0.0 0.0 0.0 0.0004603407993020616 2.9127169764783422e-05 0.0 0.0 0.0 0.00016948235089031953 6.117996992914163e-05 0.00030099535679665746 7.166276929190234e-06 2.5433718163583756e-05 0.0 0.0 0.0 0.0 0.0 0.0 0.0 0.0 0.0 0.0 0.0 0.0003396782346227694 0.00031695608552059296 0.00017281719318997104
0.04346824766917966 0.1284057045787424 0.004270048132591702 0.15992408196788388 0.024125407013196275 0.024898360076591665 0.16485976188967363 0.0005118534770812129 0.007344162709995119 0.0 0.010880742059413457 0.1871125736709304 0.47661314825313894 0.11839072252775873 0.0007919228888565326 0.00028723461252172874 3.777126793116667e-05 4.211078572769805e-05 0.0 1.6795341482240513e-05 4.361245629771432e-05 0.0 1.3456253872600637e-05 0.0 1.9193597203142862e-05 3.0292087557264855e-05 4.869525051568791e-05 0.0 8.679140130244954e-06 2.9581639112204694e-05 0.019196070583684458 0.0006195463683067162 0.04247094711974975 2.724907675737373e-05 0.0 0.00019135074097417496 0.05412260935639376 0.0011380756393602378 0.0005659053553130358 7.436002006052364e-05 8.8608869346537e-05 2.9922547517829454e-05 5.798487953699092e-05 0.00012965654219211918 0.0 0.0001103018317335884 0.005092628956681619 9.111779858222456e-05 2.968948627170093e-05 5.381551746210698e-05 5.6556523643823444e-05 2.249797296633848e-05 1.9480436227160138e-05 0.0 0.0001051593132226465 0.0002110893697362579 0.002468344197093576 0.01156004024862973 0.0010534813675413296 0.0033391276561837843 0.00018605864956256328 0.0019655985522714883 3.6410706601432624e-05 0.004086757587999457 0.00012720968603482498 0.00013687029660828628 1.1975677255363356e-05 2.9150418283906925e-05 7.849140927907465e-05 4.4042462844111585e-05 0.08160217787392124 0.00041425456357087776 0.0 0.00830045878189332 0.005163063046552057 0.005990234081255901 0.001479657452605239 0.0005946120512220464 0.00019793354582175074 0.0007321090922532213 0.00014403140775008915 0.0008667250445275657 0.0010308845931829285 2.3435972997830024e-05 0.00011898911696091306 8.627214641185484e-05 6.077226721585829e-05 6.3886539912457395e-06 6.9501215462047225e-06 0.0 0.0 3.8741738862033724e-05 0.00019178321074670205 2.9443597212926226e-05 1.6877133024173577e-05 0.03875136129507805 0.02620145833348696 3.451780562706778e-05 0.0007980260925176971 0.006194120733501648 0.00037877109847430214 0.0003659522353113028 0.0020819863632397903 0.0002497955940163273 0.003483054098149236 0.002725910973544231 0.0007131174047661098 0.002286315725500354 0.007347122309476949 0.005392159676030346 0.003192438519872486 0.004384689137699315 0.0092587340744184 0.003645409895139206 0.0022836257224596325 2.4818949300208535e-05 1.605851995670073e-05 7.37312410139521e-06 0.0 0.0 0.0 0.0 0.0 0.0 0.0 0.0 0.0 4.644240601521278e-05 1.5735498963340176e-05 0.0 0.0 5.11852084535907e-05 0.0 0.0 0.002606520955389226 0.0008606490997619514 0.0 0.00011957748853519805 0.0 0.0010183095767522814 5.079002159199406e-05 0.0015838483751869441 0.00023324134883815595 3.99377416109331e-05 2.1805736549003018e-05 1.890469384487517e-05 0.0 0.0 0.0 0.0 0.0 9.754398362265953e-05 5.24965641316676e-05 0.0 0.0 9.205653202457853e-06 7.080178345311774e-05 0.0 0.0 4.9474453615670573e-05 1.74923024300153e-05 0.00012193256379750733 0.0008279018827547154 3.139543019845751e-05 7.002857803641435e-06 0.00022600679317332 0.0031941768246594787 0.0006645823651848689 7.393593031863834e-06 2.812826196938203e-05 0.0 0.0 0.0 0.0 0.0 0.0 0.002939802828329248 0.00022127492917556912 0.0 0.0 8.571252256267227e-06 0.0017358068429645089 0.0005897706119001189 0.0016017230108067123 6.288362284102114e-05 8.714531083236463e-05 0.00019802339112827807 7.13175957692442e-05 0.0 0.0 0.0 0.0 0.0 0.0 0.0 0.0 5.101492398615045e-05 0.0019089630469351498 0.0015344330692591526 0.0012167233080682728
0.008500541997868098 0.14562154479935613 0.2381583928267947 0.001083385016937402 0.14288758178993255 7.976568726921565e-05 0.07102410264767167 0.2281888800209886 0.09172471106536202 0.010880742059413457 0.0 0.004160227862391789 0.06799741138882825 0.2555211674257484 0.0007412909329859677 0.00045229328548111367 5.525790444590723e-05 4.498011680251051e-05 7.318443452369751e-06 0.00018989616550512696 0.00013142722599580645 0.0 8.042600573384981e-06 8.051625433382213e-06 6.215148788241767e-05 4.413399395025065e-05 1.5053157815592605e-05 1.658062100962949e-05 0.0 8.765235302910096e-06 0.012111118519337768 0.006001227209684485 0.0704051724215168 2.9531507481191617e-05 2.059367963989764e-05 0.000345111403363313 0.009897338281341119 0.0034582935191103882 0.000716600310229442 0.00010876521823493568 0.00013583018245644812 8.989038846222957e-05 0.0002679124422872311 0.00013671033051092395 4.003533147207365e-05 0.0001237041757813333 0.002909608972161305 0.00012366748433077573 4.366203773303166e-05 0.00024511853996359034 4.995110960452257e-05 0.0 0.0 1.6599744711622035e-05 5.198977062338573e-05 4.228853249935962e-05 0.000530133884777568 0.0017923900709066207 0.00029661739682686466 0.0018339789239412724 0.0009030770001322159 0.003967964746750651 5.380117110934055e-05 0.002221432546799544 5.172929972808681e-05 5.59201353907798e-05 2.2572085977141788e-05 0.0001161816592434565 0.0005599999855181886 0.00042364340498042807 0.0053259210764781875 7.544303076997591e-05 0.0 0.0030400083632728106 0.0023715898383777673 0.005230171907142039 0.0018506529593769082 0.0022063188619554632 0.002964065533632432 0.06475322916895573 0.0009212402282496836 0.0015312349406863706 0.00028242601438088007 1.424937527309844e-05 5.3312271615671246e-05 0.0 0.00027661717036869793 9.144885738450422e-06 6.777803555473019e-06 0.0 4.499466562729297e-05 0.0 0.0005695507709786275 0.0001745888755988461 1.292024002111369e-05 0.0008733870483949564 0.0001271482841951804 0.0 0.00033435523816873234 0.00027973246312811684 3.365590756381965e-05 3.27696259277277e-05 0.00018369449772186132 0.0 0.00022844993550966792 0.00014683966215091324 4.869235758671971e-05 0.00015863471621151766 0.0004966508822632873 0.000251143380352202 0.00021913808463440968 0.00010824296477779915 0.0006711304763424583 0.00021857086643403882 0.00016865060080021945 7.347718264948703e-06 7.415224525837566e-06 0.0 0.0 0.0 0.0 0.0 0.0 0.0 0.0 9.282067681856449e-06 0.0 1.0253010130434752e-05 6.262980491207512e-06 0.0 0.0 6.040393320538795e-06 0.0 0.0 0.00018227016265883839 5.4674109949615105e-05 0.0 8.390409533425723e-05 0.0 0.0002250645417796875 0.0 0.00021555500834192817 4.492475556140942e-05 0.0 0.0 9.606246286960838e-06 0.0 0.0 0.0 1.1308558371929833e-05 0.0 6.867977328830688e-06 0.0 0.0 0.0 8.762971797817824e-06 9.750536208560138e-06 0.0 0.0 0.0 0.0 8.820196001544685e-06 3.783398473852411e-05 0.0 8.086618429826992e-06 4.499694948962599e-05 0.0003312071719023052 5.6546889717191025e-05 0.0 0.0 0.0 0.0 0.0 0.0 0.0 8.87996155919018e-06 0.00039165215025679104 9.49483628021726e-05 0.0 0.0 6.489908155719923e-06 0.00010635267228122783 6.455220407847138e-05 0.00023288585969639836 0.0 6.9245693577031494e-06 0.0 8.377961906005294e-06 0.0 0.0 0.0 0.0 0.0 0.0 0.0 0.0 0.0 0.00015301224438891924 0.0004054474198618231 0.00015997006977525564
0.003413721274481436 0.04565317683936654 0.003422476574350471 0.037097426566354876 0.006570950548992885 0.0024407230174852165 0.04122286830698388 0.0008300251358116029 0.00240241327027565 0.1871125736709304 0.004160227862391789 0.0 0.1093114405780185 0.044748284607185544 0.000464333385700687 0.00016118997962752635 3.0471182308380994e-05 2.4035017818416684e-05 0.0 2.7771935429775532e-05 3.9385889826148566e-05 0.0 0.0 0.0 4.3274233947476164e-05 0.0 1.7357085235438756e-05 0.0 0.0 0.0 0.0027687085014350466 0.00020586086169022447 0.01811658755682203 2.6433775867989246e-05 0.0 7.717836780138601e-05 0.02152027601884379 0.001806922910853534 0.0008302244695113865 0.0001106290936353717 3.8367804959772145e-05 7.387854270678988e-05 2.103869387428761e-05 7.939986270131359e-05 0.0 3.968469065478693e-05 0.0014716239368631823 1.9593124008387506e-05 6.645062241527311e-06 7.234333385774837e-05 3.174814360293007e-05 2.2706701807822888e-05 1.1991112445411656e-05 1.3494853401830997e-05 0.0 2.017798478393798e-05 0.00028538779043688224 0.00132708280086097 0.0001966109909102871 0.0007767937336098784 0.00014804672383329694 0.0006184627039647774 4.252097862670031e-05 0.0008451072031098327 2.9880968678906665e-05 8.59868776463532e-06 2.1354282824190096e-05 2.340714824533019e-05 9.300004116557156e-05 6.046787474836412e-05 0.013310209039107467 0.00014308212760644358 0.0 0.0013083103460013702 0.001015596605242046 0.0018260415548970463 0.0007045404777914368 0.0004985748846999409 0.0002902175039881421 0.0004814653093997966 0.00016720236853734761 0.0003644503490645738 0.00010879138444183367 0.0 8.065498617850305e-06 0.0 4.866249461494201e-05 0.0 2.0138000412141437e-05 0.0 8.318931409809308e-06 0.0 0.00021519141866894225 7.282478590248013e-05 5.342065026420957e-05 0.013589456291253856 0.000568056464227803 0.0 0.00024983835357521316 0.0003315327171935178 0.00015256491218006304 0.00029163589968862953 0.0010766620904508182 0.00011438175014480292 0.0017933324631503515 0.0013600465473842646 0.0004398777548269864 0.0011785611888175918 0.003929554731877493 0.002608718447451731 0.0014030884727533244 0.0016313440213727081 0.005339870237469905 0.001814983325663156 0.001348156729267613 2.4080573471828286e-05 0.0 0.0 0.0 0.0 0.0 7.236612296346593e-06 0.0 0.0 0.0 0.0 0.0 0.0 3.5266302855466865e-05 0.0 0.0 1.136520982193743e-05 0.0 0.0 0.0015967109519481662 0.000560243629228329 0.0 5.552593943163119e-05 6.08379330721449e-05 0.0005616573383618802 0.00010840175235598126 0.0012438661910042154 0.00013593544644715285 5.373068773954204e-05 0.0 0.0 0.0 3.385443687749642e-05 0.0 5.946147163699965e-05 0.0 9.608802606202386e-05 3.8421507360850574e-05 0.0 0.0 0.0 7.256829127147433e-05 0.0 1.0211176550904829e-05 2.1022464201654657e-05 0.0 0.00010932860267169858 0.00025731749653580766 2.8431437403997224e-05 0.0 7.117831758023739e-05 0.0019748479894972173 0.0004134867000041843 0.0 7.218185692300553e-06 0.0 0.0 0.0 0.0 0.0 1.9142483472812892e-05 0.0015773740870870263 0.00020809683609027683 9.31986392537103e-06 0.0 0.0 0.0008566379332546805 8.47189461635626e-05 0.000728744101430226 7.197693158436578e-05 7.207964926939062e-05 2.5068257275036576e-05 6.090353125436093e-05 9.798061012366791e-06 0.0 1.3941445047280659e-05 0.0 0.0 7.927472124051312e-06 0.0 0.0 0.0 0.0013721395769799639 0.0008386185604042124 0.0006614717193782961
