0.0 0.148924177540762 0.04904516019177583 0.08682184910428914 0.01187792806951348 0.011979903045281633 0.033334965150464434 0.002399080630819875 0.0006345294574236197 0.12691697528580959 0.0034750015100455302 0.016141864786591065 0.027304828942733405 0.002286582523992567 0.0002618780345954885 1.8831065837119566e-05 1.985161154825344e-05 0.0 9.051813185428935e-06 1.4394016012284416e-05 6.2933380219987816e-06 0.0 0.0 0.0 7.084823703018006e-06 0.0 0.0 0.0 0.0 6.444857814499299e-06 0.02427761442763685 0.0003711514395146845 0.00011406084579400076 5.778617552624328e-06 7.667767314199385e-06 0.0 6.0313336856338745e-05 0.0 9.221815988109806e-06 0.0 0.0 7.4166275955971105e-06 7.68510518500942e-06 0.0 7.439459351726515e-06 0.0 0.0051174946627867215 0.0005260015041586854 5.418781934501881e-05 2.2393113997177265e-05 0.00016250028147350053 5.234146976733571e-06 8.787109372575222e-06 0.0 0.0001274972003726014 0.0008236397014411125 0.00756333685101917 0.035845928937711054 0.0029723454059778285 0.005609089978942612 0.0 0.0 0.0 0.003308779745431502 0.00020032513860412037 0.0005109756879750854 0.000375083415685461 0.00012615576606842704 2.556344578225229e-05 1.2405864008752445e-05 0.00021963745670070247 0.0 0.0 0.02251101697897493 0.004366503392021685 0.0034753240227591194 0.00010914566572630148 4.023864918311279e-05 3.215558358992379e-05 0.00012872248078114027 0.0 7.816233721673095e-05 0.0011681516620365847 2.1692113044114527e-05 0.0009716870776542659 0.0006450875589082071 0.00015923953599174595 0.0 0.00020448709533196552 5.576367030148389e-06 0.0001131488646705129 2.3033420643848913e-05 3.2441966340479624e-05 8.337050210421409e-05 5.394785265430463e-05 0.0006313491035093196 0.00034650972053909426 2.4214955864547743e-05 0.0 0.04061072624703549 0.0 0.0005898413960938358 0.0002365760602230475 5.528354014422074e-05 8.386650583211178e-05 0.0002244604943240224 7.673213685353774e-05 8.091366653771158e-06 0.0010369371540106817 0.0007812903381857923 0.0005016860025617302 0.0015470070137066753 0.0010957257853096071 0.0008809274812132123 0.0005978870133258983 0.0 2.364615275683144e-05 0.0 0.0 0.0 0.0 0.0 0.0 0.0 0.0 0.0 0.0 0.0 0.0 0.0 0.0 0.0 0.0 0.0 1.4315718427676837e-05 0.0 0.0 0.0 0.0 8.816080102803405e-05 0.0 2.4293483820864346e-05 8.517228915443115e-06 0.0 0.0 0.0 0.0 1.502390793794353e-05 0.0 0.0 0.0 0.0 0.0 0.0 0.0 1.3988749941282121e-05 0.0 0.0 0.0 1.950347862097344e-05 1.6783338269808498e-05 0.0 0.0 0.0 0.0 0.0 2.709935940325121e-05 4.0345331441919585e-05 0.0 1.6176746042812758e-05 0.0 7.072555449629878e-06 0.0 5.4791088940052805e-06 0.0 0.0 0.00033861921833801636 0.0 0.0 6.280034055802128e-06 1.2360098269047742e-05 2.8809539143371296e-05 7.002418302873738e-06 0.00012887645355240095 0.0 0.0 0.0 0.0 0.0 8.395779830087302e-06 1.4019583274771942e-05 1.393436637989535e-05 0.0 1.8201414841872816e-05 1.9473616208248986e-05 6.996750198949404e-06 0.0 0.00017566011177086872 5.164138550169849e-05 4.2946120530104105e-05
0.148924177540762 0.0 0.11149280693853986 0.10814532984368479 0.09160075793439788 0.014832535423585811 0.14797542701436772 0.03735529915583207 0.017676279478707053 0.04130215439265388 0.08384893247630065 0.00268167887717453 0.015887563558000344 0.023522389042925286 0.004422386963118664 0.00016792506487898736 7.62431848996418e-05 3.504264696198447e-05 0.0 3.27691527201158e-05 6.250387856525419e-05 0.0 7.69409966443576e-05 3.578814901005753e-05 1.795169142934003e-05 3.7237425110640825e-05 7.976535091745528e-05 5.276440822806719e-06 1.0268480091755286e-05 3.260035984884841e-05 0.07316847501548898 0.0031258557857028204 0.0005641637051415456 8.20731849422017e-06 2.5289683081881922e-05 0.0 0.00019728359420321593 3.3487156065187296e-05 8.185598233592737e-05 1.416397402276001e-05 3.179021357945646e-05 7.604682133421377e-05 3.4715209573173664e-05 0.0001883866402401864 2.397748870687657e-05 5.340163701271795e-05 0.02066585767671918 0.0012589972672752644 9.853730625368335e-05 8.338059142518765e-05 0.00019643799420774488 0.0 0.0 0.0 0.0001963335926288575 0.001630060227255743 0.007253330875930785 0.04654987171343138 0.0040311333487463375 0.015851918034515057 4.277581056514453e-05 5.257585666328069e-05 1.620613715341582e-05 0.016671287469009442 0.0003808275422737735 0.0009060701876246729 0.0007689703313132916 0.00022217570706900048 0.0001585687502080871 0.00012590404034178986 0.0004248233049418034 0.0 5.168422408087529e-06 0.03947763637201038 0.019969520243749428 0.01898805048954395 0.0018117441008741113 0.0007218641527021775 0.00019383737837828322 0.004663880519125027 0.00010386063635821735 0.0005638797816089837 0.0023396272437167746 3.9920830293095166e-05 0.002024619178433754 0.0010658447686298226 0.00045222429962251266 1.1447355479096902e-05 0.00040619783385646924 7.509768797323375e-06 0.00037742160070293137 5.3995198359980446e-05 0.0002949374753465693 0.00015627640340142154 0.00010381970650463812 0.000859063865550603 8.148850730396873e-05 0.0 1.8900097199672348e-05 0.07883761495787163 0.0001275087559135147 0.000559181837743433 0.0006837171692105224 0.00020593448862376852 0.0004334333002250046 0.0008334831706866373 0.00055357486151227 0.00027966544651929394 0.00243327156909657 0.001268457338964208 0.0023539748950229113 0.0057672598007014 0.0029119949207235254 0.002795631900849705 0.003009001762607011 0.0 3.7286051779007075e-05 0.0 9.400780250272056e-06 0.0 0.0 0.0 0.0 0.0 0.0 0.0 0.0 5.897449519377313e-06 0.0 0.0 0.0 0.0 0.0 0.0 0.00027182048688532756 0.00019731852239383385 0.0 0.0 0.0 0.0004414552626020189 0.0 0.0002517998194581056 5.316236575660041e-05 1.81504556599526e-05 0.0 0.0 0.0 0.0 0.0 0.0 0.0 0.0 6.080335235962472e-05 0.0 0.0 8.318341339977998e-06 0.0 0.0 1.141274500946107e-05 0.0 1.0155378621264495e-05 7.096580819176712e-06 1.201616530598805e-05 0.0 0.0 0.0 0.0006547341112162607 0.00011726836005285478 0.0 1.9021105219193574e-05 0.0 1.1594296153939333e-05 1.4038431520099323e-05 5.973851816737032e-06 1.0462204941232763e-05 0.0 0.001891734703009425 3.611672049959427e-05 0.0 2.474691725663801e-05 1.654827273720399e-05 0.0006923864578521588 5.958179677365626e-05 0.0 5.918437821893397e-06 5.8438664036912166e-05 1.3158809462732572e-05 8.935470672956688e-06 9.003275786099932e-06 1.2021048226337434e-05 5.243327769279595e-06 2.466277878932433e-05 0.0 4.7142396883302404e-05 1.2743632608831262e-05 3.703138497355129e-05 0.0 0.0017612551661648462 0.0001673717734663459 0.00011523035465160595
0.04904516019177583 0.11149280693853986 0.0 0.0008555504013441572 0.05378618194135536 0.0003399149670526432 0.00212878898130455 0.2596458494484661 0.007760735500532934 0.00021880427278046623 0.14808688009800988 0.00012071345185582384 0.0015868448405930648 0.017069490723046164 0.0032456676764355207 0.0005947920394864354 7.615078376703083e-05 0.0001400242893342344 3.48504948793622e-05 0.00035712003289188745 0.0019601531774683834 6.021790057646124e-05 0.0019856442951729386 0.0017689384787699944 0.0003403252499475506 0.00031593131494266774 0.0012619034567785267 0.00013740701619038644 0.00019340795111441394 0.0005466668696932825 0.41891313797540153 0.050866763918151384 0.00401574997839244 0.0003911678700222245 0.0006926279085206323 7.128067832390913e-06 0.0009834546219723368 0.00032836213252697806 0.0002857365670308774 0.00036780106599976643 0.0006602487515867969 0.0003387124804848899 0.0002788563983550484 0.0009113123904121061 7.076346840025393e-05 0.0005810908711884782 0.00850479404907602 0.0006756999539305369 0.00034036034467771654 0.0007096385099212247 0.00037072301772733695 0.00012305595682277968 0.00012070242425007704 6.363645163878549e-05 0.00011256371716998177 0.0008086212331551484 0.006782228331784966 0.08109981157339365 0.0029906501487704357 0.007001569044287559 0.0012055969712178693 0.0003926548070978241 0.0006492763049861665 0.022619475778972286 0.00020232614246937003 0.0006187196565578348 0.0004687798175499658 0.0004597471352951488 0.0011147061862475198 0.0027116252335102303 0.0011095431583769526 0.00020782705844534055 0.0 0.02512046974049068 0.018940427605907174 0.009581150183009897 0.003425486558605534 0.002885739864035059 0.0026426623566270123 0.04488830463987706 0.0010048450464655361 0.007044766183111179 0.0013058801859439795 3.892153205265004e-05 0.001110764873783294 0.0006573336169420495 0.00040552532508440325 6.480550551226537e-06 0.0003082720987383431 0.0 0.0002490161070739509 4.59750453607641e-05 0.0058740426993090546 0.0011449487161314103 0.000187816947801685 0.003126106157995667 0.0011001256977751235 0.0 0.00016355123769004986 0.03558656550630787 1.4227572932449165e-05 3.6477371249613845e-05 2.834168203890687e-05 0.0 0.00015029393472288454 4.416080144032217e-05 0.0 0.0 0.00025491839487915897 2.604033009812339e-05 0.00040734556922798336 0.00044901820118978714 0.00024774247596315557 0.0002332800779485732 0.000648200418711171 2.6935521923433344e-05 0.00011473148231598977 0.0 0.0 0.0 0.0 0.0 0.0 0.0 0.0 0.0 0.0 2.3514654665551183e-05 0.0 1.4076152967689226e-05 0.0 2.4828673296527445e-05 9.937549211965204e-06 1.0044096127392949e-05 3.141514971944945e-05 1.951100457674291e-05 0.0 0.0 2.344712311881242e-05 0.0010101570394023393 0.0001851707174139527 0.0006486719814405632 0.0002481817660158178 0.00019354972426385817 0.0 1.7813375295354527e-05 8.187479650543945e-06 0.0 7.604322753555285e-05 1.0037958641111458e-05 0.0 0.0 3.6945950185433244e-05 0.0 0.0 1.4486573125740066e-05 3.0862801870932946e-05 6.079736125536668e-05 6.616780861363173e-06 0.0 2.6173866979028586e-05 5.835835165973268e-06 6.897471222977011e-05 0.0 0.0 0.0 0.0010075373799915384 8.051259995098848e-05 0.0 2.9534450280126355e-05 0.0 1.199392915671471e-05 3.798104051040512e-05 6.518654511841643e-06 4.741834619514435e-05 4.2771701309784654e-05 0.0009467552419866694 3.79821861297165e-05 1.0888375805006615e-05 2.8853546379030374e-05 0.0001327511957918324 0.0007682771102048193 5.929782908651679e-05 0.0002743648128275103 0.0 0.0 4.364096815883037e-05 2.1237084284255814e-05 6.69376772693456e-06 1.7121405873167992e-05 5.513816791676397e-06 2.3445303662252112e-05 0.0 2.5830878539975925e-05 4.074576210673749e-05 0.00011465438986338508 4.241699990915085e-05 0.00021656601005196562 0.0005275722950965499 0.0004818749061979798
0.08682184910428914 0.10814532984368479 0.0008555504013441572 0.0 0.007726437541638981 0.0465444218041515 0.06351808732180243 0.0 0.0018693595983206015 0.1271889055899288 0.00045187626700291433 0.04555165965927635 0.09822102196464795 0.0075433277208951 6.631989089705512e-05 0.0 0.0 1.4170337561280985e-05 0.0 0.0 0.0 0.0 0.0 0.0 0.0 0.0 0.0 0.0 0.0 0.0 0.0010174549756539139 2.869413635549548e-05 0.0003192368048495504 0.0 0.0 0.0 0.000123310572274542 8.789434207072212e-06 0.0 0.0 0.0 0.0 0.0 0.0 0.0 0.0 0.001370101717411607 0.00010451889903978499 0.0 0.0 0.0 0.0 0.0 0.0 0.0 0.00014183007621324949 0.0006644792770140125 0.002580401562929542 0.0002945838634121428 0.001081211296892025 0.0 0.0 0.0 0.0008130095675225208 2.1265155077001473e-05 4.192941242768988e-05 6.218873534664877e-05 5.3892327313134965e-06 0.0 0.0 0.00012420188521620112 0.0 0.0 0.0027063935279936714 0.001105298145928826 0.0009252717012486792 5.2120352281831035e-05 0.0 0.0 0.0 0.0 0.0 0.00012192413005759747 0.0 0.00013675889226372163 0.00011798395889321319 2.0556128549525294e-05 0.0 1.8673983527728023e-05 0.0 0.0 0.0 0.0 7.535835356200453e-06 0.0 0.0006051462855256404 0.0 0.0 0.0 0.01271720505076695 1.1776173658338732e-05 0.0001414056259381775 0.002217732343509584 0.0019705750539221857 0.00016918346026081755 0.0006303543224741358 0.00023791514857531823 4.205687805417993e-05 0.0017598257284279978 0.0006795780087231679 0.0004917556039916252 0.0023447968693371007 0.0010366889140959673 0.0007922301823901848 0.0006629922468298475 0.0 2.5025315227770548e-05 0.0 0.0 0.0 0.0 0.0 0.0 0.0 0.0 0.0 0.0 0.0 0.0 0.0 0.0 0.0 0.0 0.0 9.063535793825394e-05 7.400023458680347e-05 0.0 0.0 0.0 5.381372640577716e-05 0.0 0.0 0.0 0.0 0.0 0.0 7.077574673240431e-06 0.0 0.0 0.0 0.0 0.0 7.017130416141855e-06 0.0 0.0 0.0 0.0 0.0 0.0 0.0 0.0 6.096935101403796e-06 1.5913385105046283e-05 0.0 0.0 0.0 0.00011372510974431307 1.2739111084100424e-05 0.0 5.700807588134205e-06 1.2931598165582913e-05 0.0 0.0 0.0 0.0 0.0 0.00025723952663086824 1.1056407969693132e-05 0.0 0.0 0.0 0.00010857885101439879 0.0 6.715756130632487e-05 0.0 3.4795511871590885e-05 6.8838349455900805e-06 0.0 0.0 0.0 0.0 0.0 0.0 0.0 0.0 0.0 0.0 0.0002025961841866984 7.639451751512872e-06 0.0
0.01187792806951348 0.09160075793439788 0.05378618194135536 0.007726437541638981 0.0 0.002029088558048306 0.13528583251014728 0.010820674931702122 0.16470842013500928 0.012171409154113183 0.15359888978344927 0.002342102431749489 0.04048417999228131 0.10758513504569867 0.0026891892185415384 0.00015877253894166186 4.852082504441898e-05 1.891321974814814e-05 0.0 2.183436325497283e-05 5.7295070076808945e-05 0.0 5.795139091684581e-05 2.793825798169472e-05 1.3160741705442088e-05 6.777172364366765e-06 0.0 0.0 0.0 0.0 0.005578616283047234 0.0012091717776511383 0.00019428786161635811 0.0 2.523390625159656e-05 0.0 0.0001241107880834515 0.0 1.162198011419025e-05 0.0 7.665803875320941e-06 1.6645539032345127e-05 6.220252117367016e-06 8.672408882453215e-05 2.7326263538122164e-05 6.717458577562239e-06 0.007543999124362905 0.00029208627749001767 2.1864115281253374e-05 2.4350729270794797e-05 9.088658356630607e-05 0.0 0.0 9.738841134456708e-06 5.1219151594443804e-05 0.00022629746153391407 0.0007355050648799317 0.005436791255813941 0.0005088318536502353 0.004412532232056155 1.3217970837376478e-05 3.043286778930383e-05 8.30763481480069e-06 0.006184418600488393 6.939903244081475e-05 0.00016358643752730802 9.328823598961503e-05 6.560872959174193e-05 1.4390065137474498e-05 4.007189750117565e-05 0.00018321948103697006 3.340410130478819e-05 0.0 0.0059276893788691425 0.006487155657041661 0.007828649064037855 0.0013863780689822895 0.0005089547843136449 8.081374136909532e-05 0.0003763086394609547 6.168193246494915e-05 2.8686506732456945e-05 0.000318371817634941 4.4022227098046124e-05 0.00038028424179418823 0.0001681214327638849 9.498998892459516e-05 0.0 8.384013643042551e-05 7.974603232988865e-06 5.8828477445590015e-05 1.973812468509108e-05 0.00010075881903917302 6.484535453857635e-05 3.85331469485682e-05 0.0013441083553055449 7.527489949064313e-05 0.0 1.7598383777545875e-05 0.001845014228071688 0.00018791664739800282 4.325637122953894e-05 0.0005723667627190308 3.482628281274284e-05 0.00035835942500742784 0.0005050564006575149 0.00025257848783316356 0.00024022320481277567 0.0008454890791722212 0.0004388109059041867 0.0017439082100705384 0.0031664555334209622 0.0020164180535789194 0.002268865037081569 0.0026732335314314207 5.6855296243557765e-05 9.80145808473611e-05 0.0 0.0 0.0 0.0 0.0 0.0 0.0 0.0 0.0 0.0 0.0 0.0 0.0 0.0 0.0 0.0 0.0 0.0002587612963888147 0.00012140721721745869 0.0 0.0 0.0 0.0007179709932044912 6.514004170930179e-05 0.00044753735984559676 1.0692891011660334e-05 0.0 0.0 0.0 0.0 0.0 3.369835220908962e-05 0.0 0.0 0.0 4.954811872686327e-05 0.0 0.0 1.8206041953636957e-05 0.0 0.0 0.0 0.0 0.0 0.0 0.0 0.0 0.0 3.8595255161323486e-05 0.0006647510729159173 8.81657948147684e-05 0.0 4.979044864735928e-06 0.0 0.0 0.0 5.663235882155173e-06 0.0 0.0 0.0018843199577426673 5.2723577722287466e-05 0.0 0.0 1.3550926108559687e-05 0.0010996658384084907 7.498656817938168e-05 0.00020483746910405687 5.0395838142057434e-05 8.263316097393357e-05 0.00012001719847973142 4.456191746097444e-05 4.7709235592258145e-05 0.0 0.0 1.4913430305230414e-05 1.927411190852114e-05 2.5484215672164198e-05 4.979994188153567e-06 5.9247533663083226e-06 8.335701768017872e-06 0.0010112073649763348 0.00020052146761379203 0.00015314632091350196
0.011979903045281633 0.014832535423585811 0.0003399149670526432 0.0465444218041515 0.002029088558048306 0.0 0.011315784098896952 7.053516763689701e-05 0.0007640719981366977 0.07127202034219894 0.0006628693804785397 0.01683425380972819 0.01541211408640215 0.005888694124030073 5.1136546058877314e-05 1.3606250834366071e-05 0.0 0.0 0.0 0.0 0.0 3.7126720945747156e-05 0.0 0.0 0.0 0.0 0.0 0.0 0.0 0.0 4.034424869488713e-05 6.281385569828455e-05 0.0020577778892339033 0.0 0.0 0.0 0.0016840546073162155 0.0 2.0956501621415945e-05 6.766630938914261e-06 0.0 0.0 0.0 8.84198103402051e-06 0.0 0.0 0.00011509005444127638 0.0 0.0 0.0 8.100218686690745e-06 0.00025471811211503104 0.0 0.0 0.0 0.00014668398364557983 0.013348432234368737 0.00031922851626743577 0.0002619958337290793 9.031090818254468e-05 0.0 8.222094919590393e-05 0.0 4.2765523508454083e-05 9.51663130309837e-06 5.191190332055893e-06 0.0 0.0 0.0 0.0 0.004930241645251166 0.004789171012413915 0.0004038781851226369 0.0002836215819631731 2.7251579429758982e-05 0.00014051507946239198 2.6338219915545414e-05 5.8904140153775525e-05 0.0 0.0003539656663461895 0.0 0.00023484950153435628 1.4593199711383851e-05 0.00010199573753848761 5.1730456803231845e-06 3.1627127687339306e-05 0.0 0.0004883042988716871 0.00028135398043764505 0.0006274106610926353 0.00011471228995292205 0.0002366877372284708 1.0183045783578294e-05 0.0 1.1081163329592963e-05 0.018451579987358253 0.00799576822484648 0.00125108213785855 0.0002382133124390858 0.025256171079268034 8.250672530095928e-06 4.5441057657516464e-05 9.830784403296002e-06 0.0 0.0 4.1069455955276515e-05 5.24647349496644e-05 3.0636429030815956e-05 0.000233283575279081 5.3007575165772685e-05 4.05585135819302e-05 0.0001037258156349754 0.00015090700951378425 0.00015363786022965496 0.000146655157905546 0.0 7.302477933830218e-06 0.0 0.0 0.0 0.0 0.0 0.0 0.0 0.0 0.0 0.0 0.0 0.0 0.0 0.0 0.0 0.0 0.0 2.2937552417016974e-05 0.0 0.0 0.0 0.0 1.708942164101513e-05 7.6127756674889795e-06 9.483087262498929e-06 2.7238705010811462e-05 1.2962036027638892e-05 0.0 0.0 0.0 0.0 0.0 0.0 0.0 0.0 1.215401685702701e-05 0.0 0.0 0.0 7.479141838489565e-06 0.0 8.746518837325737e-06 0.0 7.531095938228162e-06 0.0 0.0 0.0 0.0 0.0 1.0825040862900729e-05 0.0 0.0 0.0 0.0 0.0 0.0 1.902193215764079e-05 0.0 0.0 9.982862751202712e-05 0.0 0.0 0.0 0.0 0.0 0.0 0.0 0.0 7.6151120205714196e-06 0.0 0.0 0.0 0.0 0.0 0.0 0.0 3.4517506492245824e-05 2.5153714819564307e-05 0.0 0.0 5.700992701401235e-05 3.283915596331607e-05 3.2467748774248896e-05
0.033334965150464434 0.14797542701436772 0.00212878898130455 0.06351808732180243 0.13528583251014728 0.011315784098896952 0.0 0.00031229393139422786 0.08949302311024207 0.05446675566459907 0.06773186867808598 0.01311598555343423 0.16965860478698486 0.12340979514780415 0.002075822851928997 0.00013368974933207503 5.29526027167047e-06 5.337356382026698e-06 6.734744614737739e-06 0.0 1.6837471301961693e-05 0.0 2.445528251105728e-05 3.183135508704338e-05 0.0 0.0 1.2931083668766074e-05 7.62810738466618e-06 0.0 2.098500340123392e-05 0.0035059226933868842 0.0009176384440964346 0.00039947091948013333 6.723555268853583e-06 8.213092185177808e-06 0.0 0.00014946861703662957 5.423174643052079e-06 2.242614642060623e-05 4.776818819254074e-06 0.0 1.925212436871713e-05 1.2820212484383357e-05 7.181956382567905e-05 5.607556479905088e-06 6.440943655180512e-05 0.006976231312386345 0.00025230756878357656 4.430029870925753e-05 3.310326608907796e-05 4.6553212598511535e-05 0.0 1.1712353015879633e-05 0.0 4.3105626541851104e-05 0.0002534162292737102 0.001079973106068959 0.005353359017451293 0.0007349676455981017 0.00394312302027941 0.0 2.1371857973273874e-05 0.0 0.0051437037982345795 9.24871006136337e-05 0.00024494928474305623 0.00011645346572655144 7.967382183775118e-05 2.307740388245497e-05 3.331227610144977e-05 0.00033736047019950665 0.0 0.0 0.007119789563729782 0.005214813128960957 0.006997493852264509 0.0010382716522066503 0.0004343919704947975 8.741856401899546e-05 0.00029902914134651893 7.120914886813653e-05 6.183087593383699e-05 0.0003001237549216943 4.993927357080517e-06 0.0003691213689789887 0.00020837649785103053 9.323164517929111e-05 0.0 0.0001544698716538805 0.0 8.284807570117248e-05 1.83860932823012e-05 9.601099921867556e-05 6.958222690348412e-05 3.839357576870952e-05 0.0021665076615543003 0.0 0.0 6.040880001291564e-05 0.0027637570947786918 0.00017074319575635367 0.00024816501703268896 0.0007275615378306095 0.0001309727564343848 0.0006189320088797518 0.0009516329506560711 0.0006422794439208319 0.0002048303319005464 0.0030685036333560414 0.0013340390824300007 0.003101232557896409 0.005996997666453946 0.004077835308517843 0.0045320787211416995 0.005442137647086431 4.5802868425079237e-05 0.00014102148639271673 0.0 0.0 0.0 0.0 0.0 0.0 0.0 0.0 0.0 0.0 0.0 0.0 0.0 0.0 0.0 0.0 0.0 0.00036524559630610035 0.00020070594975832672 0.0 0.0 0.0 0.0007945180124715298 4.747803550495479e-05 0.00038708473209497866 0.0 2.0392706698665804e-05 0.0 0.0 0.0 2.2209506785195877e-05 3.97636620742538e-05 2.253628617481277e-05 0.0 2.1197595213740143e-05 2.3238755267579533e-05 0.0 0.0 1.797198141761311e-05 0.0 0.0 0.0 0.0 1.212619755339704e-05 0.00015680128422304644 3.471135804616327e-05 8.004208205328478e-05 0.0 0.0 0.001224597405855529 0.0001684220068916582 0.0 0.0 0.0 0.0 2.072017864323297e-05 0.0 1.1588459110761708e-05 0.0 0.003118678756203203 3.436801205102055e-05 2.353736931606183e-05 0.0 1.6318819635360805e-05 0.0012254199504423368 1.0653718222303525e-05 0.00011379081847490412 2.6988079309084968e-05 0.00010055772517465281 2.3784162208479295e-05 2.4913368975412347e-05 2.270556138684594e-05 0.0 0.0 5.8542773811634765e-06 0.0 1.2047666717434067e-05 1.423023900504016e-05 0.0 0.0 0.00214056859949988 0.0004931803906196562 0.00015085882151154724
0.002399080630819875 0.03735529915583207 0.2596458494484661 0.0 0.010820674931702122 7.053516763689701e-05 0.00031229393139422786 0.0 0.00908392829510929 2.3168031632847474e-05 0.18029150637785007 0.00012818843500502432 0.0006071771201275046 0.03742968413325025 0.0046351361190222085 0.001253110371659807 0.0001742800786868459 0.0004015566900555448 9.661927651873465e-05 0.001330428876983934 0.005027968545587343 0.0002619434289646849 0.004862864297335897 0.00468753043317995 0.0017800475617108992 0.0016952812830160547 0.003991806722921526 0.0001959066552992101 0.0005493498371694896 0.002310417273908586 0.13288733023374216 0.0890932593091295 0.0071087316458655105 0.0013311613462325099 0.002028419101221443 0.0001376915756448535 0.002246380502471368 0.0010878294043104799 0.0010361423053826522 0.001256956695149224 0.0019646794540956556 0.0013220097667389554 0.001045921991901061 0.0022392380498455116 0.0005379722718397622 0.002507419123031713 0.008279713916767096 0.0002704458804948757 0.0006262630889010817 0.0020664813597578093 0.0005530425396844433 0.0004957457749357498 0.0003571012907135345 0.00026227830783963856 3.142470294625841e-05 0.00024032321589084174 0.0012058361282480145 0.017544259523994618 0.0005007396854948932 0.004215448273656518 0.006536100019513256 0.0017389021114081644 0.0023271492378474567 0.026081993423548087 7.156454858301333e-05 0.00044470853876104916 0.00027019255032527335 0.0009549797783664346 0.003187000932408139 0.007016984852417911 0.0012929974923326373 9.536279898138213e-05 0.0 0.007453446370520395 0.013373660198950001 0.011673974948446415 0.006122098725086495 0.010229190718475648 0.04724712163578221 0.13538324207057462 0.0056600809982330115 0.051315574326459334 0.0004367633117604905 1.8731619169740646e-05 0.0004268010263862678 0.00018820835317486046 0.0005415947162628125 6.5349326727901266e-06 6.0980672343713746e-05 3.217377047646982e-05 0.0001541970098028807 5.5621930747913943e-05 0.014635659470201963 0.002757505813991823 0.0006339235222359358 0.00250397097448413 0.0005599307252957467 0.0 0.0004182207120980703 0.0031089866594082734 2.066337857860665e-05 0.0 5.285366382696777e-05 0.0 0.00013975009516685062 1.1253183804492116e-05 0.0 3.541124361620144e-05 9.30288110484856e-05 5.362566534075447e-05 0.00041475896298071496 0.00035177509872045675 0.000156235582494463 0.0002113443569009186 0.0006780499786140285 5.029594656931545e-05 0.00013198201393177606 0.0 9.538567489208912e-06 0.0 0.0 9.091088682172693e-06 0.0 0.0 0.0 2.0627237096987867e-05 0.0 4.726614248663264e-05 0.0 3.648816320429992e-05 3.0600867317998235e-05 3.786509874871838e-05 2.065239944690699e-05 1.2671274294847189e-05 0.0001225401656048993 1.6204481836698205e-05 0.0 5.9994326752609e-05 0.0 0.000529634798129349 0.0001646668213299811 0.0004284225096588228 0.00034826780607610775 0.00031646477135116146 3.142391344321391e-05 3.623597433453942e-05 2.5050733866215978e-05 1.1651993708348758e-05 1.6568048228660233e-05 4.8294949423240644e-05 0.0 8.136431199586484e-06 4.214479749716812e-05 0.0 0.0 3.3048884447455425e-05 5.5017765102920024e-05 0.0001193889258752104 0.0 0.0 1.3773794898994077e-05 0.0 1.4515705068170468e-05 0.0 3.785426119963156e-05 3.343316653541118e-05 0.0005917102169919119 0.00016827918075152732 1.7123962039256135e-05 1.929930497466814e-05 1.3840436155065643e-05 9.468291639486284e-06 6.81911998095888e-05 6.042090940581275e-05 0.000117763218161441 0.0001349009367513139 0.0008545812717188331 0.0 2.3144802485519985e-05 6.480741759745034e-05 0.0004399650316909212 0.00041359658172779903 7.090687526906803e-05 0.0001101378267632361 1.1747962722803403e-05 2.8631633631188477e-05 2.5223812611153492e-05 0.0 9.783177993636128e-05 1.6349261816886333e-05 0.0 0.0 0.0 8.306017317438639e-05 9.586503378406801e-05 0.00028995385520370377 0.00016300405688699055 0.00023596329355430863 0.0003972515462718913 0.0004850988022850514
0.0006345294574236197 0.017676279478707053 0.007760735500532934 0.0018693595983206015 0.16470842013500928 0.0007640719981366977 0.08949302311024207 0.00908392829510929 0.0 0.005695191848659219 0.11440096797896583 0.0015498671048710777 0.06843629814626742 0.07053364732280029 0.0009965042702806857 0.00011621073793491624 6.260962157940563e-06 5.725155478073686e-06 0.0 0.0 0.0 7.090451011952193e-06 3.6549265460592424e-05 4.286365225768091e-05 8.12785177318925e-06 0.0 8.180858383673494e-06 0.0 0.0 8.612936841960858e-06 0.0006202145716936829 0.00019366092084827988 0.00017777528689523302 0.0 0.0 0.0 2.485197923442461e-05 0.0 0.0 0.0 0.0 0.0 8.015383344957242e-06 4.882220115370437e-05 1.7612709538260306e-05 1.2878881439499205e-05 0.001818145253335878 2.2745029339954948e-05 0.0 7.22139813089501e-06 2.3502600465876037e-05 0.0 1.8204498463186438e-05 0.0 1.244932555142575e-05 4.542257992668778e-05 0.00010152566070661839 0.0005965102260832675 0.00010706400584607303 0.0009302743433755363 0.0 1.5105376973078792e-05 0.0 0.0013669675194290937 5.051521724161938e-06 2.6876279438750217e-05 1.5576776522510658e-05 1.650060595095871e-05 6.437775804210779e-06 1.554898073599265e-05 6.46292097223994e-05 0.0 0.0 0.0010208133056317326 0.001302674944206047 0.002058319321782882 0.0004642506862332659 0.0002486915478916799 8.284347066669715e-05 0.0002897179449748328 0.0 2.4192918410873436e-05 4.6151009511357263e-05 0.0 5.2863725791300844e-05 2.8483669242064027e-05 1.5290364975491193e-05 0.0 1.823272427689463e-05 0.0 5.180349903322711e-06 0.0 8.389136917875017e-05 1.2805628995319451e-05 5.902700074579023e-06 0.0007677884956494889 8.231533440485897e-06 0.0 0.0 0.00018082250899888292 1.2040686454650372e-05 1.8050068788036192e-05 3.811623078826369e-05 2.3062029930464445e-05 8.985435464993679e-05 0.0001796979125457769 4.0885597254179435e-05 0.00011433292582101308 0.00026388128170525487 0.00031450898945239504 0.0007108850138033993 0.0011623331911381801 0.0006863967291051996 0.0008060482782487665 0.0010436611177093778 2.2634100562644977e-05 1.5882059352028407e-05 0.0 0.0 0.0 0.0 0.0 0.0 0.0 0.0 0.0 0.0 0.0 0.0 0.0 0.0 0.0 0.0 0.0 6.341900474251141e-05 5.967718745913302e-05 0.0 0.0 0.0 0.00029647407096381514 0.0 2.426894827397022e-05 2.285384301701136e-05 5.402390891415974e-05 0.0 0.0 0.0 0.0 1.632579893826238e-05 5.041231403872284e-05 0.0 0.0 1.196925778650046e-05 0.0 0.0 8.86984929163865e-06 1.4081479353578493e-05 0.0 0.0 0.0 0.0 2.262951712551734e-05 0.0 0.0 0.0 0.0 0.00015175477548326128 0.0 0.0 0.0 0.0 0.0 0.0 0.0 0.0 0.0 0.000602043817406518 0.0 1.6473990339508435e-05 0.0 1.2013389326894205e-05 0.0006534142910577452 2.2538984403454815e-05 4.609902037592125e-05 1.824004673765446e-05 7.187679871690612e-06 2.6836810045818015e-05 2.061776881974661e-05 0.0 0.0 0.0 7.607073487749349e-06 0.0 0.0 6.582475154300744e-06 0.0 0.0 0.0004010353372806555 8.443887778155383e-05 7.008074120306914e-05
0.12691697528580959 0.04130215439265388 0.00021880427278046623 0.1271889055899288 0.012171409154113183 0.07127202034219894 0.05446675566459907 2.3168031632847474e-05 0.005695191848659219 0.0 0.005574800823127593 0.12086587136647382 0.2474419881796587 0.0504619316639539 0.00020907674097715877 7.335412449282842e-06 0.0 0.0 0.0 0.0 3.237173272557032e-05 0.0 0.0 2.4638957394728194e-05 0.0 0.0 0.0 1.0686680574337662e-05 1.2627337610524004e-05 7.458601320982916e-06 0.0005722604269776697 8.166197576104742e-05 0.016948192957827367 0.0 0.0 0.0 0.024296848385756485 0.0 5.5216290322884475e-05 0.0 0.0 3.165183265342779e-05 0.0 2.5545364482739566e-05 0.0 0.0 0.001135084421283389 5.0127512693961304e-05 0.0 0.0 0.0 9.008954448727595e-06 2.121696275529496e-05 0.0 8.135784239036954e-06 8.569295849325028e-05 0.0016424604869927323 0.0017374647316066474 0.00025731777766119294 0.0009271028861286744 1.1404879735361834e-05 9.371037150895235e-05 0.0 0.0006098977337005552 3.7758621424744406e-05 4.567782698088569e-05 2.4397523524192117e-05 4.441009818525218e-06 0.0 0.0 0.028280685542906397 8.31316104814754e-05 4.680998874492815e-05 0.0022435053464370173 0.000881767426543109 0.0009632699913207395 0.0001608587625814345 8.933577545443601e-05 0.0 0.00042312863737669926 7.980542023671309e-06 2.134393692213908e-05 0.0001826710999013185 0.0 6.916920882447285e-05 9.555932332706541e-05 5.096360217737779e-06 0.0 5.08074629521701e-06 0.0 1.241537020133748e-05 2.713640029441735e-05 6.140244934707885e-05 2.582622311168922e-05 6.009370334859309e-06 0.02288938819106014 0.02097232407064844 6.557553926770401e-05 0.0006481492435557735 0.011953735102215113 0.00018152506832056904 0.0010378118029187797 0.005555712899074136 0.013065294747355925 0.0006149030630174096 0.002652982740424694 0.0018097414196148547 0.00048299580422527373 0.008010343118166 0.0024353755750325754 0.0030116404228843962 0.011008239311960547 0.019746885316595294 0.01052295392730888 0.00525837516169351 3.726937958644794e-05 8.191790865102075e-05 0.0 0.0 0.0 0.0 0.0 0.0 0.0 0.0 1.0624942876081072e-05 0.0 0.0 0.0 0.0 0.0 0.0 0.0 0.0 0.0003704270399950999 0.0001934251829182496 0.0 0.0 0.0 0.0008341533320669765 4.160873644853918e-05 0.00020784401188336118 3.828002603326824e-05 1.1494357067032355e-05 0.0 0.0 0.0 7.221161519952189e-06 1.4734925346663047e-05 0.0 0.0 1.4526509981265169e-05 5.931462366404635e-05 0.0 0.0 1.770832771579974e-05 0.0 0.0 0.0 4.68279980532818e-06 4.840387012715355e-06 6.420587483035194e-05 0.0001326176382734616 2.8064971060601935e-05 1.3302677074964716e-05 0.0 0.0005406199142140945 9.983307560577575e-05 5.9182578439957146e-06 0.0 0.0 0.0 0.0 0.0 0.0 0.0 0.0034969054393173974 5.340173636051747e-05 7.856208492541981e-06 1.8859317567645036e-05 1.7716525109112827e-05 0.0009607740112814026 0.00013405624096480073 0.00012659905834959263 1.4511842982456745e-05 0.000170807533775276 4.254620628186729e-05 2.1873608035488714e-05 1.60769499783418e-05 1.158340581133586e-05 9.488411728623949e-06 0.0 0.0 0.0 5.975304598327121e-06 0.0 0.0 0.0023910211442510466 0.00036350277097504604 0.00013250016981926143
0.0034750015100455302 0.08384893247630065 0.14808688009800988 0.00045187626700291433 0.15359888978344927 0.0006628693804785397 0.06773186867808598 0.18029150637785007 0.11440096797896583 0.005574800823127593 0.0 0.007314503519899287 0.15035230785960857 0.1658892684232673 0.004583621544027453 0.0008783800322945494 5.9733952968002984e-05 3.6232803843893855e-05 4.198302376391033e-05 0.00012110550514943099 0.0006867281898399211 0.0002489449826884334 0.0009138556710426591 0.0011408118795186708 0.0012701145620077137 0.000723950703181812 0.001731545265271061 0.0003449518779311007 0.00028916820464609794 0.0011249077875123787 0.012042478511375524 0.0034625420855743097 0.03651706971217497 0.00019441999850918984 0.00036257373898550233 0.0001349958426963195 0.009965570445996963 0.0024163059948063906 0.0024718029839378517 0.0014973057097918316 0.0009024588514374674 0.0006040439228221024 0.00010286333131299644 0.0008619160367276253 6.938178191927774e-05 0.0002319348741873098 0.006383913680068522 0.0001100702280247489 0.00012619329601953376 0.00029378542194533394 0.0001369374615343911 0.00014779693192914787 0.00046905490632748626 0.0004685530007643678 7.201087025215272e-06 0.00013996419447422784 0.0005026512225871756 0.0032100322230735616 0.0003210218933104499 0.0029274728836209164 0.0001470743816224693 0.0037164945995491836 0.0002106207411250858 0.007479993510219393 4.061097017995913e-05 0.0001289649743615379 5.791935725076372e-05 0.0001684909537845844 0.0006500696278815652 0.000991013400910934 0.00444356220411763 6.257515317232369e-05 0.0 0.0035650864346201574 0.006171135313512213 0.008418133409899503 0.004628946338362772 0.0031222652338431804 0.00163902075661135 0.06188715864983668 0.00046617297496518535 0.0065515357259999735 0.000183120065085819 0.0 0.0002404540113484094 7.56075754361291e-05 0.00013442135180709544 0.0 2.0466002337541002e-05 0.0 5.835871353529228e-05 0.0 0.0036970889804305014 0.0011956445697498465 0.00048779395450490213 0.005472668111370325 0.0016205864666878728 0.0 0.0006565398232244702 0.0014211574058802603 3.7573011898658675e-05 2.0162941155192243e-05 0.00012906564343879783 0.0 0.00025030765726418054 0.0001397828895395136 0.0001420092036553723 6.204390641247248e-05 0.0003991785609834334 0.00032777209106745316 0.001321496380505729 0.0018556634914810683 0.000932820009793101 0.001444647593630489 0.003068916480096094 0.0001479180685728733 0.00015280981215870688 0.0 1.4806461041669445e-05 0.0 0.0 0.0 0.0 0.0 0.0 1.8785359610106366e-05 0.0 6.0986891419975516e-05 0.0 1.413317860461397e-05 0.0 1.7461085118608604e-05 0.0 0.0 0.00018510023854916146 0.00017367594807754936 0.0 0.0 0.0 0.0009474120806831105 5.989634678511092e-05 0.0005466814090277688 0.00019764033103388733 0.00016339499527751424 8.034224391168711e-06 1.3459025554474778e-05 2.4185974623610336e-05 2.0721040137436537e-05 0.00010607723118766022 2.0265923548363758e-05 0.0 4.7565071376450624e-05 0.00012899786808200038 0.0 0.0 6.449071888986788e-05 5.303158949667513e-05 4.256077009334771e-05 0.0 0.0 5.880365537388278e-06 3.251324334725442e-05 0.0 0.0 2.1827678635882393e-05 2.1290597712499925e-05 0.0012675420395282277 0.00015795554583310106 2.1028744269604435e-05 0.0 6.356520822788493e-06 0.0 9.03905731192336e-06 0.0 4.50864930400849e-05 3.889241690815676e-05 0.002236232783709428 6.281203384201894e-05 9.264715039860224e-06 1.022252381544958e-05 0.00011607487046022136 0.0014987353898989148 8.261701431683561e-05 0.00024835595390454614 2.7638066366946605e-05 0.00013726542589848629 5.652662924574999e-05 6.296989365592847e-05 5.675017139349224e-05 1.0844067646302612e-05 5.892489328517197e-06 0.0 0.0 1.4448627545674916e-05 2.7825367205329486e-05 9.932735355134432e-05 5.071920707049851e-05 0.0009698979063347648 0.0007870201879673789 0.0004899654291153666
0.016141864786591065 0.00268167887717453 0.00012071345185582384 0.04555165965927635 0.002342102431749489 0.01683425380972819 0.01311598555343423 0.00012818843500502432 0.0015498671048710777 0.12086587136647382 0.007314503519899287 0.0 0.03964858120012512 0.027198339920196084 0.0010943750766243803 0.0002711768974418022 8.77771308649304e-06 1.3012106358715087e-05 0.0 0.0 4.178834767125097e-05 1.2708719296386253e-05 6.343962301046986e-05 6.179514816141234e-05 1.5235929100528827e-05 1.9283360852697754e-05 2.658270861093149e-05 1.0823061585967288e-05 1.0370525160035673e-05 2.4046386165873482e-05 0.00017464080910708154 0.00025728711230707437 0.006229412807581721 0.0 2.5150495374930568e-05 0.0 0.008229788821135156 6.419816457721524e-05 0.00015298746138236348 2.6847086063864073e-05 4.9487919719646595e-05 1.9953149318832896e-05 0.0 0.00015858023423778237 0.0 8.489472004151006e-06 0.0011245003847437753 6.964398331944205e-06 0.0 8.135234226581636e-06 5.1570939752840455e-05 3.51635796307592e-05 7.401408376604485e-05 1.3390049385143948e-05 0.0 0.0 0.00040007370049516776 0.00029530797688685534 5.676470352886267e-05 0.0003332352529598417 0.0 0.00010050592609587673 0.0 0.0008551359751180744 0.0 6.2703358867929015e-06 2.5942034329407508e-05 0.0 2.0120936713578564e-05 8.503958785091229e-05 0.005901345269596844 3.890672923052149e-05 0.0 0.0004518223854598768 0.0007689109981197478 0.0011216000222049286 0.0009379237121491821 0.0003699041586079329 4.708685570407774e-05 0.001030824829599174 6.952598021090057e-06 0.00023074119453801647 1.4311264094694475e-05 0.0 0.0 5.309403654781912e-06 7.56761657328473e-06 0.0 0.0 0.0 5.411996335812315e-06 0.0 0.00017974046268037634 6.104925688113922e-05 1.4457436383899067e-05 0.041306622060318675 0.00450626481667721 0.0 0.00020275226965850738 0.00355536780908311 0.000282189280418017 0.0002817588697549149 0.0011427501848436609 8.05572119123838e-05 0.0009613882220927925 0.0009483549560926025 0.0003262979909753984 0.00045109862186219735 0.0027812633519499136 0.0019576854832353873 0.004789841930181365 0.009592876289696748 0.006755046322211633 0.005845444306875657 0.009118302791164034 7.992888795416928e-05 0.0002922406150164842 0.0 0.0 0.0 0.0 0.0 0.0 0.0 0.0 0.0 0.0 9.515944987381875e-06 0.0 1.9746167057441635e-05 0.0 0.0 0.0 1.3397654531188395e-05 0.000530403945433649 0.000290090534738673 0.0 0.0 0.0 0.002111221111219748 5.4050091138832395e-05 0.0007798815196767848 4.8069134274635935e-05 4.4447747641683016e-05 0.0 0.0 0.0 4.882411899818207e-05 0.0001645014077237206 8.474470006482358e-06 0.0 1.4511290090355063e-05 0.0001299488324181261 0.0 0.0 3.6943364262999343e-05 0.0 2.92087637163042e-05 0.0 0.0 7.783525738401025e-06 0.00017070580690791868 0.00011219795984707866 1.16571588340417e-05 8.465405839614032e-06 2.220314852602657e-05 0.0015700560578718662 0.00023760552515884946 6.323240269831259e-06 1.2774261007488248e-05 0.0 7.0346521043780465e-06 0.0 0.0 0.0 0.0 0.0067768255138419935 0.00022926517804130716 0.0 4.833189720584105e-05 2.010190513076608e-05 0.002678793081806751 5.021305930834645e-05 0.00029820434967566624 0.00010701258208120627 0.0003316863242971645 0.00018341456171994342 8.994670730850066e-05 0.00011208271927928127 0.0 0.0 0.0 9.562962893313376e-06 2.0862231598315413e-05 0.0 1.0209351353103497e-05 1.0316806317017678e-05 0.0037264964200682633 0.0010400797591207517 0.00024356529214528448
