0.0 0.20679088561666187 0.04308290421795077 0.11749512719712112 0.004054455515294736 0.006232538541778471 0.0446225939840336 0.006676563826073817 0.0026451710126937276 0.0999765954499216 0.01955910954281699 0.0073567496246287195 0.007316598331281452 0.011065480657632472 0.000625333758009325 2.0749729860791427e-05 0.00011476699749240641 1.8504568514118046e-05 7.5343654073275635e-06 0.0 0.0 0.0 0.0 3.0587218324817925e-05 0.0 2.3906929415457564e-05 8.446265762363623e-05 1.0745230508741666e-05 0.0 0.0 0.03531318890665656 8.62224166228357e-06 0.00030440960209321557 0.0 7.817301619448306e-06 0.0 8.315755887401192e-05 0.0 0.0 0.0 0.0 0.0 8.865011381689603e-06 8.846815679960346e-06 0.0 8.468979893049278e-06 0.005181220951868445 0.0003248393182470548 4.408030380741362e-05 0.0 6.528453524724993e-05 0.0 0.0 1.7696646099995826e-05 0.0012580362065438189 0.0023478763539443084 0.00957122674371912 0.03578883980063605 0.002988429600081873 0.0038032781370781394 7.631087154487513e-06 0.0 0.0 0.001005389310096676 0.001061620137890182 0.0007070656501098994 0.0003219968823088352 0.0001315720897498674 0.0 2.062216510127545e-05 0.00019490855771663962 0.0 1.9165779078495534e-05 0.011208438558113118 0.0013384673049435963 0.004254069707171524 7.92273145918233e-05 0.0 2.6551903686848677e-05 0.00358932941085627 0.0 3.1290753935803904e-05 0.0017243350772402995 0.0 0.0004108032586720341 0.0008751466350378561 3.8602969811157224e-05 4.886732135190191e-05 0.0003439019119756693 8.100715747206223e-06 3.081775581570439e-05 9.161544388890259e-06 0.0 0.0 0.0 0.0065371289667120296 2.0367102858548322e-05 0.0 0.0 0.07781236015205084 0.0 0.0 1.6517588238114788e-05 2.800651386905381e-05 2.223000024115185e-05 0.0006779560530022684 3.2379978890267215e-05 0.0002165206422343035 0.0 6.904980597102395e-05 8.346844839079142e-06 0.00025343095798692315 8.19605604526143e-05 0.00020728946877395586 8.226769582464759e-05 0.0 0.0 0.0 0.0 0.0 0.0 0.0 0.0 0.0 0.0 0.0 0.0 0.0 0.0 0.0 0.0 0.0 8.487308243341842e-05 0.0 0.0 0.0 0.0 0.0 0.0 0.00010686143761188277 0.0 1.810293151298434e-05 0.0 0.0 0.0 0.0 0.0 0.0 0.0 3.4009218049994936e-05 0.0 0.0 0.0 0.0 0.0 0.0 0.0 0.0 8.107724541869315e-06 0.0 0.0 0.0 0.0 0.0 0.0 0.0 8.71849031739047e-05 1.665738459146823e-05 0.0 1.1751073464865889e-05 0.0 0.0 0.0 0.0 0.0 0.0 0.00018316295838506804 0.0 0.0 0.0 0.0 7.530257617703506e-05 0.0 5.7880173682829655e-05 0.0 0.0 0.0 0.0 0.0 0.0 0.0 0.0 0.0 6.6504518681662484e-06 0.0 0.0 0.0 1.787683425821696e-05 1.2424675562975346e-05 4.2019110785674524e-05
0.20679088561666187 0.0 0.057364331836755864 0.030548965926119127 0.0797255143287624 0.008559416221320223 0.13611924384150342 0.029404021419026465 0.06686463546896926 0.11084273869039536 0.13691839090451785 0.010097930544690537 0.06373138672310169 0.11054452781469082 0.0027856162917044135 6.47222684521383e-05 0.0006740640127756762 3.676111721832448e-05 1.4582682360781945e-05 8.971415839288762e-06 5.440539823523844e-05 0.0 4.091902451607318e-05 0.000122355825607226 5.2310659724671755e-05 2.6470430177647676e-05 7.60294407987456e-05 2.116041044746842e-05 1.0360671534121991e-05 9.743365740152375e-06 0.09122087499601492 0.000345881251313617 0.0012745325297574667 2.342406579646796e-05 1.6711267199501613e-05 0.0 0.0001254362914587714 1.0148946655986488e-05 0.0 7.744441381312502e-06 1.8229323379940563e-05 7.140536646456656e-05 3.033128402885644e-05 1.6713338167262693e-05 3.727741462208836e-05 8.092802530520591e-06 0.023284502898873793 0.00146301440865478 0.00020170766990866231 2.5456596573619055e-05 0.0003929692908442749 3.7072246644945746e-05 0.0 3.093900294938713e-05 0.0020089488367157344 0.0047259943830528445 0.010305136184015263 0.04167601387594055 0.005080810126938674 0.01112416148471509 3.326453409305293e-05 0.00010963288498954163 1.0342152779193097e-05 0.007000890006364707 0.0030069805981318767 0.0023881191824164437 0.0006308984953498396 0.0004231781212087364 4.2174938574724356e-05 7.466676305241474e-05 8.596120557971955e-05 0.0 0.0 0.022148221250560433 0.008828724396768333 0.019967699245407936 0.0012610164472028967 0.0001524243360055842 7.338206362084408e-05 0.012380175604810747 9.278937732733801e-06 0.00022759213299143298 0.004069838285553537 2.570352980773939e-05 0.0012233748646733739 0.0027603489021219563 0.0001247709129369048 5.383260523714869e-05 0.0009595124960218415 7.427154586093575e-05 8.026938583810093e-05 3.544492612927004e-05 8.433612231852064e-06 3.26890589283195e-05 5.570909052928243e-05 0.0009943064109284201 4.244515004499955e-05 0.0 0.0 0.06367326271787627 0.00014586271615113077 0.0001880477963114679 0.00018647908297753492 0.0001058129148218444 0.00018667622666862068 0.001524523717554505 0.00042673002703577407 0.0016623162626701888 0.00016253492437821897 0.0006833643196207447 0.00028480649529918944 0.0028688202236276036 0.0009757914444171124 0.0019768302237310204 0.0010137462482855267 2.3263483603649125e-05 0.00014707172973976254 0.0 0.0 0.0 0.0 0.0 0.0 0.0 0.0 0.0 0.0 0.0 0.0 0.0 0.0 0.0 4.576543497877006e-05 0.0 3.399601285378373e-05 1.9520796139107394e-05 0.0 0.00010892530835749072 0.0 0.0014066309956631809 4.6130280726708976e-05 0.00042565816190668655 8.618970510631516e-06 0.0 0.0 0.0 0.0 0.0 0.0 9.339444645001322e-05 0.0 0.0 7.235169908628979e-06 0.0 0.0 1.0781761542266826e-05 0.0 0.0 0.0 8.083167421240466e-06 7.898410821111795e-06 3.777200716667554e-05 7.24604747162933e-05 0.0 0.0 4.944791141984913e-05 0.00045497833829122444 0.0 0.0 0.0 1.6569139658717432e-05 0.0 0.0 1.8794170157874383e-05 0.0 0.0 0.001934750175210855 0.0 0.0 0.0 1.3486791974683052e-05 0.0004313350881976519 0.0 0.0003429647289314036 7.491968133893685e-05 0.00011770427969211818 0.0 1.3527599496340045e-05 0.0 0.0 7.410226661901176e-06 0.0 1.0056185325262081e-05 0.0 7.82569148240687e-06 0.0 0.0 0.0005418850412509959 0.0003482958042409497 0.00021495767150420204
0.04308290421795077 0.057364331836755864 0.0 0.0010996552334896883 0.023214107167591022 0.001017248003435403 0.015214773689769104 0.3782584344875315 0.036820293631229205 0.0032396118405981977 0.2516954464920081 0.0004236999708116955 0.022458481930006505 0.0959050352851019 0.001937350016601934 0.0005760024269055223 0.000497040872758259 3.999800872947774e-05 2.7345800260777133e-05 0.00010656427373065376 0.0005321336651877933 0.0 0.0005420753563971409 0.0005748420102922194 0.0009964308601784386 0.00044051903559605204 0.0008260651605140233 0.0003652436758577332 9.285162948850209e-05 0.00016582039890169456 0.2818775143322515 0.026336656799587438 0.010432638596167757 0.0 0.000712594329255069 0.0006660213742506416 0.0007498345362724913 0.0009101196172540296 0.00013024669577005733 0.0001615586512621159 0.0016334716282116917 0.0012206912604746834 0.00010412151235644957 0.00012080085821867144 4.393144419337114e-05 7.453748845926457e-05 0.007774147396825496 0.0005643432814337558 0.00014574865488842286 8.52797435782226e-05 0.00035532324523007756 6.740606242078318e-05 2.443347820484114e-05 0.00026544089290169294 0.001362380280975622 0.003858901283080019 0.017275382442822673 0.09673427877246901 0.005298068731211575 0.004714162256873024 0.0016993046805005819 0.004508850691786058 0.00033392907374122966 0.012629657781354772 0.0018812381828205804 0.0011382243861680701 0.00044879918232570894 0.00020210766689119513 0.0007907089940447043 0.0024728154386028356 0.00036577438943119527 3.721464265626714e-05 0.0 0.019097818399737926 0.00582800769799346 0.010942016253708869 0.0015368161437692288 0.0004162504192455722 0.007879042493389271 0.0995984069860229 0.0006339353953512298 0.015082257660149112 0.0019891798576534103 7.524963861067997e-06 0.0007869381241552581 0.0014772509004792082 0.00016547977262349608 1.945447630022932e-05 0.0005214466445497865 6.041151129385189e-05 5.9588839501917885e-05 6.329959103149109e-05 0.0013125297303915697 0.0006730394390807947 0.00017594131164839293 0.0003392654683216325 0.00012920040642640297 0.0 6.806151197554761e-05 0.03575970503457423 0.0 3.110828663408598e-05 0.0 0.0 0.0 0.000272894767287743 0.00011974186063490673 0.00040039713183908244 0.0 2.932667235604711e-05 7.302408132536253e-05 0.0003670346104427201 0.00015264243055348689 0.0003034259387384946 0.0001996019888436461 9.611063713284655e-06 0.0 0.0 0.0 0.0 0.0 0.0 0.0 0.0 0.0 4.0833622959224814e-05 8.840913770916418e-06 1.2844916366442174e-05 0.0 0.0 1.2641317958184985e-05 0.0 5.4171048843532775e-05 0.0 0.0 0.0 0.0 0.0 1.1162974472744162e-05 0.0004906636610634498 3.8991451121285184e-05 0.0002717297251111417 3.950616562783909e-05 7.93456548813915e-06 1.1511779264754887e-05 0.0 0.0 0.0 0.0 2.810090760219364e-05 0.0 0.0 0.0 0.0 0.0 1.3454522196918833e-05 1.7766210433876866e-05 3.301349129219862e-05 7.3567965822201304e-06 0.0 0.0 0.0 0.0 0.0 0.0 2.196171376174989e-05 0.00022332394586705386 0.0 0.0 0.0 0.0 0.0 0.0 1.753086903401595e-05 0.0 0.0 0.0006332904650179402 0.0 0.0 8.03086961446343e-06 4.009233391694848e-05 0.0001030867545522531 1.2426829674094288e-05 7.421300087804093e-05 1.0752234860629915e-05 3.657414621227536e-05 0.0 0.0 0.0 0.0 1.562004616976751e-05 0.0 0.0 0.0 0.0 0.0 2.7177107465133005e-05 0.0001210822756364764 0.00011762786586878644 7.616662289644231e-05
0.11749512719712112 0.030548965926119127 0.0010996552334896883 0.0 0.011290381812053656 0.032321520282531595 0.24368707404151252 0.00015959272275738678 0.022646537635726556 0.21281228344998 0.0009037504101701315 0.03832204100655655 0.12141062836707982 0.025150933474971392 0.0002443818475357823 0.0 0.0 0.0 0.0 0.0 0.0 0.0 0.0 1.2207836416308176e-05 0.0 0.0 0.0 0.0 0.0 0.0 0.0013420455361156523 0.0 1.301426351935313e-05 0.0 1.2051228602931547e-05 0.0 0.0 8.575101282422433e-06 1.7252542518140614e-05 0.0 1.3271206959887135e-05 4.5153268840616957e-05 0.0 0.0 0.0 0.0 0.0025235833777651614 0.00010508910936795748 9.486257282266889e-06 8.978663274429383e-06 6.82852374232285e-05 0.0 0.0 0.0 0.0003773375316159628 0.0007247616044063832 0.0021889382328063724 0.0064875527473199 0.0011285719989365642 0.001440603327892345 0.0 1.9646876377142166e-05 8.837602634290745e-06 0.000552326343436462 0.00043110787199830507 0.00030098186801507456 0.00010532659155061279 0.0 7.995321068861707e-06 0.0 5.223166655319995e-05 6.182984368069819e-05 0.0 0.0036159941261167295 0.0007169136101942416 0.00186689160792098 3.967863605146788e-05 9.11969662323681e-06 0.0 0.00012613283287278307 0.0 6.798575885630392e-06 0.0006057500242523628 9.801242402773711e-06 0.00015116471794207443 0.000386694909712041 6.512364713764873e-06 2.0648214359570956e-05 0.00013242280179791069 8.32863580902534e-06 1.1904914064194606e-05 0.0 0.0 0.0 0.0 0.003469268701790785 0.0 0.0 0.0 0.04933486851602881 3.304339941779029e-05 0.0006462441075091804 0.004939778033532479 0.0010768482304039373 1.0626725836504114e-05 0.005243865792764869 0.00028930035126790423 0.001133635410389869 0.00043134338158892804 0.00041188778507475504 9.176362375839335e-05 0.0017989801950936573 0.00024332709978350033 0.000604014879495183 0.00031125641826282286 0.0 0.0 0.0 0.0 7.361626513161554e-06 0.0 0.0 0.0 0.0 0.0 0.0 0.0 0.0 0.0 0.0 0.0 0.0 1.85671062822366e-05 0.0 0.00014155608823472417 1.0232517154915523e-05 0.0 0.0 0.0 0.00029131183662060243 0.0 0.00010579307275469303 4.521327486175452e-05 0.0 0.0 0.0 0.0 0.0 0.0 0.0 0.0 2.467704698903762e-05 4.0948930737618495e-05 0.0 0.0 0.0 0.0 0.0 0.0 0.0 1.9348776339784564e-05 2.4474577680273835e-05 4.515405394240073e-05 8.494145039150122e-06 0.0 3.223041858716306e-05 5.105376190873291e-05 0.0 1.4318490850425195e-05 1.5251325052797277e-05 0.0 0.0 0.0 0.0 0.0 0.0 0.0004064865913538362 0.0 0.0 0.0 0.0 0.00014953449883315173 8.33143793058991e-06 7.544147762859778e-05 6.248364369662993e-05 4.443753019648896e-05 0.0 2.4826529860923e-05 0.0 0.0 0.0 0.0 0.0 0.0 0.0 0.0 0.0 0.00015826702666888704 3.7701162044274155e-05 1.6060035107431758e-05
0.004054455515294736 0.0797255143287624 0.023214107167591022 0.011290381812053656 0.0 0.003066475959746955 0.07912096079201232 0.013742329869770913 0.2361898487042307 0.1419814567765813 0.13859448634706104 0.03536769246927141 0.05903598323381783 0.038414866869220306 0.0015690704562342042 7.131500804035257e-05 0.00022281401940242137 7.065924304857396e-06 1.0468205091214547e-05 0.0 7.599968055408813e-06 0.0 2.015579115847364e-05 4.1436770264437365e-05 4.689580383641453e-05 9.423185111802386e-06 0.0 3.0708267437678893e-05 8.937263594353414e-06 8.279387649840094e-06 0.0055495218362860785 0.0002088444393359211 0.0018966902000722026 0.0 0.0 1.2322842086012218e-05 0.000589561250223491 8.91173223666871e-05 0.0 1.1305478380026136e-05 0.0 5.4685411736191605e-05 0.0 4.049402550074461e-05 1.2636805368304097e-05 0.0 0.012135113049275828 0.00034251232180335827 0.0002068884207578305 1.298914914782197e-05 0.0001254050238440764 9.344306183112373e-06 0.0 4.2787238630805e-05 0.0004895541415134828 0.0007996879594278233 0.0014825672828976512 0.004024261380360105 0.0011590534430431288 0.003144925885846819 2.3772149589589138e-05 9.139432190728236e-05 0.0 0.003045485677746089 0.0005804481200214789 0.0004300895156494816 0.00013206226363752756 8.919957463085067e-05 0.0 3.248871390061497e-05 6.526064327348397e-05 2.6852902952135367e-05 0.0 0.004679746185369543 0.003507933659735344 0.008005056482669564 0.0012338864350551935 6.771577142881746e-06 1.6872899791230833e-05 0.001323681269796538 0.0 0.00025411787254252217 0.0008986671794982318 0.0 0.0004157288615963889 0.0005306896440420962 2.772235208575725e-05 0.0 0.0001912501014551149 0.0 1.717520459764059e-05 5.2853398620281976e-05 0.0 0.0 2.1512426096329695e-05 0.0009781284848863622 0.00013892359943001894 0.0 8.778940235203508e-06 0.0008502918979994258 3.9123961323888614e-05 0.000524364541018792 0.0006708481755745256 0.0001890210248574361 0.0003582619008818992 0.0033395208363378374 0.0006811371864197207 0.004607465255878481 0.0002336070954228607 0.0018546266805785161 0.0006073537758474721 0.006450596293985171 0.0020910230147882535 0.005001104265835649 0.003612685335910854 1.313794656301658e-05 8.536828681157034e-06 0.0 0.0 0.0 0.0 0.0 0.0 0.0 0.0 0.0 0.0 0.0 0.0 0.0 0.0 0.0 0.0 0.0 0.00027817831886942676 0.00015930430606515044 0.0 6.197203278564811e-05 0.0 0.004499907735093078 0.0003885961425294399 0.0013750128638037745 7.517733689281072e-05 5.197859213487605e-05 0.0 0.0 0.0 0.0 0.0 0.0 0.0 5.254025534729053e-05 0.00011495923953347116 0.0 0.0 1.113306317374188e-05 0.0 0.0 0.0 0.0 0.0 1.1105879738495994e-05 0.00010864655787395853 0.0 9.393140783427519e-05 3.925348978988722e-05 0.0017490402704773607 0.0 1.8862642203825034e-05 0.0 0.0 7.924363607724901e-06 0.0 0.0 0.0 0.0 0.005665232618786174 0.0 0.0 0.0 1.368129158005243e-05 0.0013032037836581741 0.00016275216273994026 0.0010918802175665567 0.00020749038882366208 0.0001489284008907583 1.1937557669728136e-05 0.0 7.552740851033512e-05 0.0 0.0 0.0 0.0 0.0 2.123097757910076e-05 2.709835991564206e-05 0.0 0.0014350552185887207 0.0009403219706874458 0.0005151935303460658
0.006232538541778471 0.008559416221320223 0.001017248003435403 0.032321520282531595 0.003066475959746955 0.0 0.00836604488972281 0.00025752777966924634 0.0018310863492683334 0.08885727154343279 0.0005570545970327237 0.018256150466562742 0.016848562292829754 0.00364148984386161 0.0004000714015502657 0.0002672332758312802 8.093426359577401e-05 0.0 0.0 0.0 0.0 3.941965718537156e-05 0.0 1.2477674058814054e-05 0.0 0.0 2.8827765877082955e-05 0.0 1.0165310030432188e-05 0.0 0.0014326822690744244 8.374411622326154e-06 0.005605821618483947 0.0 0.0 3.417537021310837e-05 0.004999672457243326 0.00023979526006640274 5.886674959380423e-05 0.00012652480747330552 0.0 0.0 0.0 0.0 0.0 0.0 0.0001829851318790195 0.0 0.0 0.0 0.00019318897790379728 0.0004581112644281698 7.519745504668473e-06 9.87035738171302e-06 1.0980248220720826e-05 0.00011199917668838748 0.002069069429400428 0.0025109895080076662 0.00036803756686455767 6.372427968726245e-05 0.0 0.00019039316381014589 1.2242272998833767e-05 0.00027406773981744707 3.423455051280641e-05 6.081990448616451e-05 0.00020289748880590624 4.215809093782027e-05 2.2833640059690355e-05 0.0 0.015580651200447286 0.007822369760552778 0.0008266197292496883 0.0002222438038484253 6.683761382181222e-05 0.0002327926668823153 0.00011573461735247073 4.9522921326329035e-05 0.0 0.0006432933078496538 0.0 3.739202615419521e-05 4.53150436011413e-05 0.00022930999408509142 1.6221311007808932e-05 0.00037543649745406784 5.2487885186751685e-05 0.0004235424274768724 0.00046108398791220483 0.0006588649785481527 0.00016041874567092004 0.00014458658048541987 0.0 2.3213117769248664e-05 2.1322374343264845e-05 0.04992146375960915 0.006176110598854575 0.00013355094799876713 0.0006066321854341877 0.018627846128554698 6.760615547968563e-06 4.366835893395144e-05 2.4900293251717104e-05 1.8644868805075632e-05 0.0 0.00010841704095192272 0.0 4.135381286843729e-05 0.0 0.00010699661855685174 1.4222434250128132e-05 4.431223569492009e-05 1.8311255129632974e-05 3.641021099381086e-05 4.19279082342395e-05 0.0 1.4035071010528184e-05 0.0 0.0 0.0 0.0 0.0 0.0 0.0 0.0 0.0 0.0 0.0 0.0 0.0 0.0 0.0 0.0 0.0 0.0 0.0 0.0 1.6290346651483104e-05 0.0 0.00016375156303785344 3.829368540546194e-05 6.087876046329867e-05 3.344016015618775e-05 1.6386913536205506e-05 0.0 0.0 0.0 0.0 0.0 0.0 0.0 0.0 0.0 0.0 0.0 0.0 0.0 0.0 0.0 0.0 0.0 0.0 0.0 0.0 2.457942081985513e-05 0.0 0.00010129426626543378 0.0 0.0 0.0 0.0 8.504096220126544e-06 1.307550145848771e-05 0.0 0.0 0.0 0.00015431783014388078 0.0 2.7009887766691914e-05 0.0 0.0 1.205226821224588e-05 0.0 4.105071090128346e-05 1.4889471196377133e-05 4.880702210762441e-05 0.0 0.0 0.0 0.0 0.0 0.0 0.0 4.430935360340826e-05 1.02776925589298e-05 0.0 0.0 6.19508159970225e-05 0.00016810270057672936 0.00010910578466139479
0.0446225939840336 0.13611924384150342 0.015214773689769104 0.24368707404151252 0.07912096079201232 0.00836604488972281 0.0 0.0006151356076219017 0.052992700330316264 0.19640958784912624 0.02074310489077574 0.0316990541040274 0.3732284828542961 0.2608563251304527 0.0014058478277558276 6.766785737145072e-05 0.000380107601733419 0.0 1.0087529736493759e-05 1.6980408595720667e-05 2.6492958854217562e-05 0.0 3.1315338982446084e-05 1.0868709184762129e-05 7.88394641557237e-06 8.190669878909092e-06 1.3676865306940017e-05 0.0 9.653305616535285e-06 0.0 0.005508703926152125 0.00013312525844929088 0.0012441960032542906 0.0 2.916148681380409e-05 3.062440181156356e-05 0.00038955920346782846 2.0242830829876502e-05 7.4119758458268734e-06 2.799339689365743e-05 0.0 3.360736271821157e-05 0.0 8.267189059472927e-06 9.567287148665245e-06 0.0 0.011677092735430284 0.0005546384199538431 0.00013509865081576394 0.0 0.00012680968581271673 8.274811591747104e-06 0.0 0.0 0.0009718356211760805 0.0022079172319181373 0.0033274796134985444 0.009421272071993492 0.0021634240102695696 0.004279288250348578 2.37068573010651e-05 6.663457329913946e-05 8.931464503813109e-06 0.002733832458759895 0.0013533531482969692 0.000998595713292286 0.0002610946068729505 0.00011032817798382115 1.884475368824238e-05 1.5803684459998835e-05 0.0001055502579728564 0.0 0.0 0.00866707153011875 0.003614562771956805 0.009513368919097818 0.0008427267746271464 5.568738376605936e-05 7.383659502994865e-06 0.0005037466511362841 7.192477381072374e-06 0.00016391640965984376 0.0017310225310761252 9.511711843414943e-06 0.000628108157293529 0.0010791129723287283 8.180587191797182e-05 1.7844839932493295e-05 0.0004126053433525242 0.0 5.6286371364650345e-05 0.0 1.4506868312054626e-05 0.0 3.953432012673022e-05 0.0012611422069264595 6.810395570771275e-05 0.0 8.947129093243491e-06 0.012461789543143165 2.0575811727244447e-05 0.000624846678197005 0.0003657154858529021 0.0002074548897832658 0.00026333253792090055 0.0026230237946763095 0.0009209707273382563 0.004220151721503023 0.0001508436119471919 0.0015656756437523657 0.00039543691017843337 0.006122231385735865 0.001579405258125071 0.00419716749803265 0.002164199667983385 6.71056959335712e-06 1.5076339383922638e-05 0.0 8.725109671104062e-06 0.0 0.0 0.0 0.0 0.0 0.0 1.7313271442214092e-05 0.0 5.395041493246366e-05 0.0 0.0 0.0 1.7028030064629582e-05 0.0 0.0 0.00016310758409306326 0.00012079791265894746 0.0 0.0 0.0 0.0026274619382484366 9.444600936741155e-05 0.0009916269416837486 0.00021776040553701958 6.276493862078556e-05 0.0 0.0 0.0 0.0 0.0 0.0 0.0 3.1662077249470576e-05 5.402652601242364e-05 0.0 1.7445644553479376e-05 0.0 0.0 1.36347985759548e-05 1.0410157699102637e-05 0.0 2.3372577209395304e-05 1.3590097914167092e-05 2.7996756266124317e-05 1.1880255394426385e-05 5.9814849805234666e-05 0.00014765777616990473 0.0009316112727432647 0.0 0.0 2.2047945482812618e-05 6.611821306184559e-06 0.0 0.0 0.0 0.0 0.0 0.003907184463634847 0.0 0.0 7.926562146592324e-06 0.0 0.001021541720013421 0.0 0.0005984690537778302 5.946019007065698e-05 0.00011328088168971086 1.5189413081250114e-05 0.0 0.0 0.0 8.668944746163278e-06 0.0 0.0 0.0 0.0 0.0 0.0 0.001141361031542245 0.0005679335150794033 0.00042962562077504475
0.006676563826073817 0.029404021419026465 0.3782584344875315 0.00015959272275738678 0.013742329869770913 0.00025752777966924634 0.0006151356076219017 0.0 0.007600327430196868 0.0002973744116353893 0.1650323074579415 0.000973744701203224 0.018506127914761222 0.06747430671676682 0.006180823057751571 0.0012323079647530136 0.0006061932043717318 5.1549339479972e-05 2.8364984235086463e-05 6.934730623377713e-05 0.0006115909847722034 0.00011145444425623489 0.00027201695558249365 0.0005803067877373924 0.001295295538437596 0.0005345629725703948 0.0010618657884317359 0.0005775214808062556 0.00015409952234278544 0.0002788444482202426 0.11868944189753859 0.04219653797321577 0.02444806844563131 2.2503129979819776e-05 0.0007029203076141017 0.001252228080034148 0.003728173887639663 0.002295729275285478 0.0005551799167765423 0.00030362378819609904 0.0018988135735360258 0.0014835954964944977 0.00011241210024168037 0.00031145827256461137 9.625185898224389e-05 9.391362086783198e-05 0.018694591519256218 0.0005147547764998092 0.00016181287255103257 0.00022206190649125208 0.00037282944226600065 0.00019238735026695192 0.00010414064802240012 0.00038107915344922326 0.0005068434137206524 0.0011541602812607111 0.0037741581299143585 0.015715590935110796 0.0015753068782981407 0.004583425262817611 0.002953793443667357 0.01429073978722433 0.0006805990438920312 0.01636270460345765 0.0009136318916253803 0.0007039322460573168 0.00030207834738618184 0.0001392820818550119 0.0006811032715458985 0.002030611171555652 0.002078158287454084 0.00022359284291065628 0.0 0.007632213557216583 0.009482869740068749 0.019178272269262837 0.009759530398799374 0.0024595108130905452 0.050886948175190336 0.31913493288855327 0.000691422535149077 0.06667746326107156 0.0011827886179563902 0.0 0.000561629724681725 0.0006763051000978144 0.00013321690210480003 4.132795655350659e-05 0.0002632453148263647 1.0513047921797368e-05 0.0 0.00011014850709152871 0.001241195676175446 0.0007958898039193096 0.0003491365536837385 0.001287349048541766 0.00013880087983381527 0.0 0.00025517817566741 0.0032719333817668493 0.0 0.0 2.8143238360941223e-05 0.0 0.0 0.0001397881418361627 3.4756025653314065e-05 0.00034207863272042786 0.0 0.00012189706784987721 3.36352430344264e-05 0.00038111949130611067 0.00010987452878286488 0.00024437768465575017 0.0003740339629398973 0.0 0.0 0.0 0.0 0.0 0.0 3.731739705698796e-05 1.1830106621311322e-05 0.0 3.5385333286193315e-05 0.0 0.0 0.0 0.0 0.0 3.654723822907004e-05 0.0 1.6133528123642284e-05 0.0 6.020329938125657e-06 0.0 1.0411708227524438e-05 2.394059295515967e-05 0.0 0.0005991016668351961 5.722038099831067e-05 0.00026716189186375795 3.320140226246906e-05 8.66265948911822e-06 6.196446102794361e-05 8.470309552092941e-06 0.0 0.0 0.0 2.3730855901427398e-05 0.0 0.0 0.0 0.0 0.0 8.899660582725758e-06 5.5266222038834844e-05 9.925306192241605e-05 0.0 0.0 0.0 0.0 0.0 0.0 8.609121005730895e-05 1.034850912063572e-05 0.00023294620093017952 0.0 0.0 0.0 0.0 0.0 0.0 7.771006001490328e-06 0.0 2.4597607001352568e-05 0.0007654208528956161 0.0 0.0 2.666364201299339e-05 3.221004656044062e-05 0.0002229329201163025 3.0006390885757424e-05 0.0003084221424326341 0.0 2.9794771364854023e-05 0.0 0.0 6.860122280275815e-06 0.0 0.0 0.0 0.0 0.0 0.0 1.2976381882274317e-05 0.0 0.00013366271298156097 0.00019576406351874345 0.0001335073053520753
0.0026451710126937276 0.06686463546896926 0.036820293631229205 0.022646537635726556 0.2361898487042307 0.0018310863492683334 0.052992700330316264 0.007600327430196868 0.0 0.08692776324149813 0.1584495193985095 0.017391676548966607 0.03098645910010524 0.050480893608148225 0.0007537869684069507 4.829338656067633e-05 0.00014096067135774634 0.0 0.0 0.0 8.390776900818217e-06 0.0 0.0 0.0 0.0 0.0 0.0 0.0 1.4765623135362202e-05 8.570735304111516e-06 0.0013480911429039318 1.0550501783126577e-05 0.0017400034741287332 7.997798233180284e-06 1.3371716489945698e-05 0.0 0.0006236625441475196 0.00011867586885416762 0.0 6.193478202259764e-06 0.0 0.0 0.0 0.0 0.0 0.0 0.004142815204919846 0.00017162353236711893 2.003713606657339e-05 8.503782052476609e-06 1.9606318920240878e-05 1.0643021934644977e-05 0.0 0.0 0.00011435797786884031 0.0001970163592546224 0.0003799822247231743 0.0010110991738509975 0.0003962722089711662 0.0011069251268571612 3.2508316692606676e-05 0.0001183506253665378 0.0 0.0005325268425109351 0.00015849847302457087 0.00018962588961246837 4.1355049229209156e-05 3.264824950261614e-05 0.0 9.050219240806368e-06 0.00016731346066552324 0.0 0.0 0.0011937419144008397 0.0009975843143288736 0.002566323194851926 0.00062174994353865 8.88480660930041e-05 1.1456908456658993e-05 0.0006067867901907903 0.0 0.00018597821533081663 0.0003669292773285414 0.0 0.00010036214227235522 0.00014020246613289687 8.891315147515665e-06 8.1396801519836e-06 8.526763320867025e-05 0.0 2.025491771619036e-05 0.0 9.377916409516316e-06 0.0 1.2218034488629694e-05 0.0016685664992251725 0.0 0.0 0.00013657100797943871 0.0007532783652545407 6.404844358060434e-05 0.000644947930486132 0.000525831086398284 0.0002354034946209101 0.0003973153426753146 0.003249814517538509 0.0009265667837027179 0.005039243255090283 0.00023127615678752322 0.0017992495161049166 0.000783647694033781 0.007651234709376102 0.002089172329324342 0.00570708251189409 0.00384715097472445 6.899761352147901e-06 0.0 0.0 0.0 0.0 0.0 0.0 0.0 0.0 0.0 0.0 0.0 2.6729403966287035e-05 0.0 0.0 0.0 0.0 1.121416285517355e-05 0.0 9.381609243969606e-05 7.25069905689473e-05 0.0 0.0001119215125412772 0.0 0.004875480957039034 8.203134845362477e-05 0.001192394507741024 6.633097501056694e-05 3.548358969472203e-05 0.0 1.3514465384526409e-05 0.0 0.0 0.0 7.506949043743247e-05 0.0 6.520462369074892e-05 4.9804951212380875e-05 0.0 0.0 8.912570017068533e-06 0.0 0.0 0.0 0.0 0.0 6.70052936647911e-05 5.423460273772718e-05 0.0 0.00023421383883697128 0.0001207681974767206 0.0016702464596412888 0.0 0.0 2.7513495336126915e-05 0.0 0.0 0.0 7.907872662172864e-06 0.0 0.0 0.005780585535137616 1.2471987307009177e-05 0.0 1.089723052991925e-05 0.0 0.0012811811524717606 1.0703512852923041e-05 0.0007438890734373682 0.0001524735486225707 0.00011813855585601057 3.4071632689781994e-05 2.2690485603234268e-05 9.48158982994846e-06 0.0 0.0 0.0 0.0 0.0 0.0 1.4365142525053104e-05 0.0 0.0017782548897049308 0.0011185030907735032 0.0006595528178356022
0.0999765954499216 0.11084273869039536 0.0032396118405981977 0.21281228344998 0.1419814567765813 0.08885727154343279 0.19640958784912624 0.0002973744116353893 0.08692776324149813 0.0 0.0028216023440020247 0.11231428342731697 0.5925293751759738 0.0285961030675045 0.0007842159712685793 3.968840317462919e-05 0.00020569524439216602 0.0 0.0 0.0 9.182407024892299e-06 0.0 0.0 8.069717237730528e-06 1.876968094823249e-05 0.0 0.0 1.2293292555818947e-05 0.0 0.0 0.0015750035668858867 1.9557584218891586e-05 0.0019034733861857606 8.034132515247905e-06 9.827433195182226e-06 0.0 0.0016508144072950794 4.207547055802649e-05 1.047893185374293e-05 0.0 0.0 1.0853903320241564e-05 0.0 0.0 7.980736073719276e-06 0.0 0.005878263320478285 0.00018848363315869602 9.040401596948219e-05 1.8672294054209645e-05 9.36235133824251e-05 5.273883976679118e-05 0.0 0.0 0.00044224020782633616 0.0009685245911769997 0.0031884084682464744 0.005676621126915962 0.001361090480603844 0.0022533952955261245 8.880799099451485e-06 0.0001038525023394296 8.726021709312056e-06 0.0008233987581048603 0.0006187914597826835 0.0004406421118836077 0.00015182910255173943 4.220497617546873e-05 7.803205456475532e-05 1.872718009467645e-05 0.0015765322121028334 0.0002736600993581301 7.1086637988909605e-06 0.004527543743753719 0.001310124775761954 0.0038954152471468682 0.0004137502832423044 4.433581603976459e-05 1.8638991013952307e-05 0.0006517598683344576 9.082980262532303e-06 6.165674682581588e-05 0.0009163295768816096 2.5234816426639272e-05 0.00023572919571434927 0.0004550683577951858 1.0578234218407192e-05 6.598725909980304e-06 0.00020687446663671642 0.0 0.0 1.0079313776436377e-05 2.0401483589047255e-05 1.2031076176222999e-05 0.0 0.009017040226955715 0.0007113998797170697 0.0 7.988874602557891e-06 0.05558420553033022 1.6490479695359196e-05 0.0013735950480481744 0.003107449426660693 0.0006840781777017479 0.0005616095621001025 0.007737530634882202 0.002374525883165658 0.00777076973662798 0.0017140404945207635 0.004103436594531291 0.0008701227896679792 0.012670567190436712 0.003987595659037989 0.00756902402958512 0.004080390751043146 0.0 9.394320403617764e-06 0.0 0.0 0.0 0.0 0.0 0.0 0.0 0.0 0.0 8.153245212957456e-06 0.0 0.0 0.0 0.0 0.0 0.0 0.0 0.00046419172732385726 0.0001664376609025978 0.0 0.0 0.0 0.004334598938851498 0.0003815194133961532 0.0014872626129935642 0.00015534371953479937 4.403607344507764e-05 0.0 0.0 0.0 0.0 0.0 9.364781409147703e-05 0.0 0.00017477155314894993 2.1262836082850523e-05 0.0 0.0 0.0 0.0 0.0 2.2357671627264166e-05 6.515368664243947e-06 1.9174080720639262e-05 5.563012211041335e-05 7.69051675732271e-05 6.462317235916338e-05 0.0 0.0 0.002141465141787769 0.00010514833663413249 1.9691498973028977e-05 0.0 0.0 0.0 0.0 0.0 0.0 0.0 0.006380562783405088 0.0 0.0 0.0 0.0 0.0016086279968410165 4.453688714381564e-05 0.0008647541151548983 0.0002267749435836609 0.00014177226667730323 4.630261215495325e-05 1.8136583628408274e-05 1.634146331483281e-05 0.0 0.0 0.0 0.0 0.0 0.0 0.0 0.0 0.0018912905194334608 0.000769059905655335 0.0003791587170548868
0.01955910954281699 0.13691839090451785 0.2516954464920081 0.0009037504101701315 0.13859448634706104 0.0005570545970327237 0.02074310489077574 0.1650323074579415 0.1584495193985095 0.0028216023440020247 0.0 0.022647750685258802 0.03229577901135153 0.08176948671916572 0.003234164619095177 0.000656899618718604 0.00039998045096763273 6.7881810618513345e-06 0.0 2.9163371819703693e-05 1.0096873526680314e-05 0.0 1.8066676566181852e-05 1.4449402923447757e-05 0.0001735036632733561 4.1038781416135624e-05 0.00018979562646020165 0.00010473614106123242 2.7283525885738825e-05 0.0 0.04022687688516146 0.002664385973924467 0.009585203388432311 0.0 6.0147063371918226e-05 0.0002524962349705587 0.0021867885232079343 0.0002470317437670223 0.00023816834955537727 4.173583565330113e-05 6.585715243839214e-05 0.00015585031836107098 0.0 0.00016860902331627836 8.63428919830592e-06 0.0 0.010394583805112673 0.0004869099104548555 8.80488267649804e-05 9.884464334281853e-05 0.0001109558087865365 0.00011477737200635766 5.689852353979678e-05 8.503100911624265e-05 0.00029614345264305695 0.0008080082834397909 0.0020328665709596207 0.007317390773798641 0.0010303775740984676 0.002644249821100184 0.00016521672988777846 0.00622461459198349 0.0 0.0034198653088789543 0.0005647503475057533 0.0004019495268610003 0.00019927279699854104 0.00012145322956514858 2.7402952751098315e-05 0.00010983581634688954 0.0014879771939775035 6.540212026509403e-05 0.0 0.004271080849614275 0.004339152026529162 0.01048240068602714 0.0035423486522792196 0.0008830439802276866 0.006883089934734736 0.029309808446528134 2.344647705684544e-05 0.004353286359919381 0.0007522280653545632 6.516431756796757e-06 0.00035401927684931085 0.00030466191806640476 0.00011258396898665838 1.8227755715101493e-05 0.0001770143166665699 0.0 3.906548171325226e-05 1.806373100645792e-05 0.0001680705412336542 9.326320878506255e-05 7.738675675051756e-05 0.0010977596188784253 9.394094774123721e-05 0.0 7.383988204865372e-05 0.005018894854409797 7.254282726023199e-06 0.00010389153909796874 9.57568418353177e-05 4.569314595454323e-05 8.586907702706984e-05 0.0006405261617127296 5.498268224401695e-05 0.0007242775666254696 7.98171050117977e-05 0.00017087865800554058 0.000136618060138485 0.0015773492840944138 0.0005229204234014125 0.001374893061206599 0.0010349595036357603 0.0 0.0 0.0 0.0 0.0 0.0 0.0 0.0 0.0 0.0 2.1647879954610698e-05 0.0 8.679445561856556e-06 0.0 0.0 0.0 1.152078413468878e-05 0.0 0.0 0.0 5.7361628234992906e-05 0.0 0.0 0.0 0.0013518019991560551 0.00010959058279148948 0.0003538792850138641 6.056470769082771e-05 3.42152092098486e-05 0.0 0.0 0.0 0.0 0.0 0.0 0.0 6.427640870485405e-05 3.156840070712756e-05 0.0 3.43818602331092e-05 0.0 0.0 0.0 0.0 0.0 0.0 0.0 6.955661805048828e-05 9.233427851241721e-06 0.0 6.793818181514348e-05 0.0005549447131027017 0.0 0.0 0.0 7.611961008768751e-06 0.0 0.0 8.064635337987035e-06 9.351626606696915e-06 0.0 0.0016032071559003572 0.0 0.0 1.168194008014507e-05 0.0 0.0004333245024795896 0.0 0.00034051118875073704 3.308964806927131e-05 2.400036223986607e-05 0.0 0.0 7.390988812129103e-06 0.0 0.0 0.0 0.0 0.0 0.0 0.0 0.0 0.0005863769002370493 0.00034780025523040603 0.00033289051419112796
0.0073567496246287195 0.010097930544690537 0.0004236999708116955 0.03832204100655655 0.03536769246927141 0.018256150466562742 0.0316990541040274 0.000973744701203224 0.017391676548966607 0.11231428342731697 0.022647750685258802 0.0 0.19631707620425223 0.11637664192949092 0.0005849737608708174 0.00015536426229101233 8.188320476101487e-05 0.0 9.885243216180847e-06 0.0 0.0 0.00041175203926269833 0.0 0.0 0.00018080322485657932 0.0 0.0 7.235701137564324e-05 7.975347622511302e-05 0.0 7.410680205744899e-05 3.0658657509684635e-05 0.008351784269822868 1.0192363355843238e-05 9.997852326195685e-06 0.00010957534724717293 0.06948077056226405 0.003656212540271713 0.0008935132598357317 0.0010178584876659356 1.8084080184624e-05 0.0003008308879280656 2.956857065690091e-05 0.0 0.0 0.0 0.0007329561401340918 8.77036314101923e-06 1.556273564359818e-05 2.876021158147939e-05 7.70668147626451e-05 0.0005440462252675006 0.00013495977665553245 0.00020049721686097994 1.3511228505708897e-05 4.466793503881211e-05 0.0001266016382827908 0.00023370518110189882 2.5457355653435867e-05 0.00018814947111790077 0.0 0.0006613794393268932 0.0 0.0002192333326452391 1.4551879968081663e-05 2.4859644400590377e-05 6.381979553839234e-05 2.5572029384390583e-05 1.1171726739193865e-05 0.0 0.006083506421770168 0.001820303656012713 0.00012148771247946904 0.00019156588310168378 0.00014270500504267501 0.0006553419336212069 0.00026462543871483984 8.135192758982925e-05 0.0 0.0064182065517798354 0.0 8.608096438382834e-05 4.374481845439589e-05 4.196793128879484e-05 0.0 7.158696107836801e-05 4.450865267497725e-05 5.758027305229455e-05 0.00015948793737387846 0.00014062372877457862 0.00011233731882076401 0.000173425711615245 0.00019234769025056986 0.0002624179673312447 0.0001994318572236335 0.05922541373082719 0.004761991476280633 1.562601725916264e-05 0.000939358981468137 0.005464576173509339 7.688844623806511e-05 0.0005673527276253165 0.0006140191262437486 0.001658095549133784 0.00022662485712907836 0.002769956176148297 0.0010833562469104911 0.004099287486466469 0.001872567957285897 0.00246852356260297 0.0006205724419173299 0.007484286969050481 0.006933318415673335 0.006530660956123614 0.003760789472592236 2.042939310063965e-05 8.550238245011224e-06 1.8605460122813496e-05 0.0 8.481443780543057e-06 0.0 0.0 0.0 6.765065939001581e-06 0.0 5.427922089083914e-05 2.551402324661655e-05 5.1593705664281897e-05 0.0 1.0158408497047552e-05 0.0 0.0 7.533752177462176e-05 0.0 0.0002818793692827793 0.00012686059810842348 0.0 0.00011217529970762307 1.2446615254536863e-05 0.006603936718740044 0.00045431511007238404 0.0017048405391699058 0.00026606142478488397 0.00010308136863977365 0.0 2.8859554565799406e-05 1.1806003933081171e-05 9.899778071435709e-06 0.0 0.0002168481528064698 0.0 2.6206114904277322e-05 0.0 0.0 0.0 0.0 6.720883685570375e-05 1.691376824237145e-05 0.0 1.7413051087833407e-05 2.847344696680428e-05 6.129251735421654e-05 7.347628598981121e-06 9.188648488871e-06 8.165450784827956e-05 8.808538318579045e-05 0.002317287186510697 2.476444144774617e-05 1.7121008456639395e-05 0.0 0.0 1.2761451859427352e-05 0.0 0.0 0.0 0.0 0.009640188455177057 2.8186998423825482e-05 0.0 0.0 1.540039918939668e-05 0.0015718498999719064 0.00015030846448443189 0.0009573558334807681 0.0001150246029063927 7.00740877121298e-05 1.8952772777157567e-05 4.7349528564543205e-05 1.089907745489159e-05 0.0 1.5031618412307066e-05 0.0 0.0 2.7994058867109717e-05 6.761214687890864e-06 1.737694148323665e-05 0.0 0.0027301860474956644 0.002546380628960122 0.0017297529605622747
