0.0 0.25530088145780716 0.05281619252050022 0.05661180271367065 0.006486773479328759 0.013790702416312856 0.011091947685131243 0.004813930565650479 0.0002268695496747565 0.03633832853865552 0.004277640318807603 0.009600339792436354 0.007813105067466717 0.000839651384748789 0.00020326787784078154 0.00018967929068821671 0.0 1.4207192911503637e-05 0.0 0.0 0.0 0.0 3.017245770243554e-05 0.0 0.0 0.0 0.0 0.0 0.0 0.0 0.038937411091183115 2.8038058221705524e-05 0.00018423880808463367 9.304797614763516e-06 0.0 0.0 0.00014195859709989584 1.534612664025305e-05 8.025146330200419e-06 0.0 3.6661010892913674e-05 2.9374513061856814e-05 6.065489739396638e-05 4.6373021842156134e-05 0.0 0.0 0.0005448432199371836 0.0002183636735612012 1.543243505479896e-05 0.00021510988997060335 8.014836701701565e-06 0.0 0.0 1.7391342683159874e-05 7.890969802955183e-05 0.00014000232715705578 0.005239690749728987 0.01396598347068071 0.002541128971446364 0.00042573666444624636 0.00011372015514980303 3.7092159740133064e-05 0.0 0.00016081719901245599 4.039540182216022e-05 8.217207162872201e-05 6.781214377986724e-06 4.6036069653461477e-05 0.00021587140488377524 9.00342321881076e-05 0.0001094941206762317 0.0 0.0 0.004391519557679743 0.0003345950310079529 0.00025399677517022823 5.8109800568373166e-05 5.9444523921710183e-05 0.00011769038645004218 0.000456121366831449 0.00020660935072014478 0.0002500530118844719 0.00021899895499455225 0.0 8.460695527305644e-05 0.0 6.140593006936198e-05 0.0 0.0 3.025457009332778e-05 3.068656310779463e-05 3.153413561265615e-05 1.4219746460609157e-05 8.927129055137688e-06 0.0 0.0011373902867972106 0.0 0.0 2.1679652965818073e-05 0.047359318126510716 0.0 0.0001476386894295675 4.585935928747447e-05 0.0 9.066857883434048e-06 0.00017728282465562714 6.945149176185113e-05 7.787908363464534e-06 4.285835712904562e-05 0.00023132350121408217 0.0 0.00017573292873465448 0.00022105363002586253 2.511300846058042e-05 2.8359984772799382e-05 0.0 0.0 0.0 0.0 0.0 0.0 0.0 0.0 0.0 0.0 0.0 0.0 1.4647904852096964e-05 0.0 0.0 8.869022838908844e-06 0.0 0.0 0.0 0.0 0.0 0.0 0.0 0.0 1.9040332511500532e-05 1.7988825381772415e-05 4.823402980358732e-05 1.6191825255646407e-05 0.0 0.0 0.0 0.0 0.0 0.0 0.0 0.0 0.0 0.0 0.0 0.0 0.0 0.0 0.0 0.0 0.0 0.0 0.0 0.0 2.761789433678296e-05 0.0 1.355121562578802e-05 9.777649942219413e-06 0.0 0.0 0.0 0.0 0.0 0.0 0.0 0.0 0.0 4.563617387353783e-05 0.0 0.0 0.0 8.222650720078543e-06 2.6855271487811527e-05 0.0 0.0 5.356587158854812e-05 0.0 0.0 0.0 0.0 0.0 0.0 0.0 0.0 0.0 0.0 0.0 0.0 3.437690684645948e-05 7.5495306360935735e-06 0.0
0.25530088145780716 0.0 0.11267270784152356 0.05424318823882717 0.1846622709514256 0.01573609004813282 0.1272523027824428 0.027229378585112703 0.184501567341724 0.1056378589256568 0.0739711289871209 0.02066961466749889 0.06649039904647878 0.17186400594038892 0.005356267945505797 0.0014353009636650922 0.00021794408575974208 3.760424184111821e-05 0.0 6.838040049138592e-05 1.4682798896338622e-05 1.68748730701039e-05 6.81761174115405e-05 5.23822989430378e-05 1.867008615080445e-05 1.2783053637222874e-05 1.414302595202082e-05 2.5335164691700348e-05 8.67425700309804e-06 0.0 0.10875809221492859 0.0022142808244312658 0.002335291871936448 6.114297062326817e-05 7.014181775437251e-05 2.5825286037959707e-05 0.0012322508448340882 0.00011404714994080558 0.00022599951908468862 8.950952210026604e-05 0.0001400255102012274 6.967990669749009e-05 7.421449751540584e-05 0.00017181040448108255 3.8882036497140886e-05 7.073324887959894e-05 0.023503125246891944 0.0013204050146147478 0.00023293739040645218 0.00035453110264318345 3.798011418545072e-05 3.626956217950455e-05 9.14057283297903e-06 1.4187601219110665e-05 0.0017837748685567462 0.002923860648800595 0.013940940135415558 0.037913285484107856 0.008681429823156001 0.008719876819545523 0.00016055162992984889 0.0002687093410758646 0.0 0.007129157888011864 0.000845452394192536 0.0007084447276908774 5.8120651758479976e-05 0.000201051247300281 0.0002888203646200683 0.00013462875923689083 0.0011750683444564202 0.00010632882792873131 0.0 0.046587801534354836 0.014458648731931523 0.01379316795158904 0.007774497997548535 0.0011655583964001923 0.0003596953214012102 0.0023195076829080103 0.0004277202578983005 0.001099750146002213 0.0030887395517816556 6.731868514110945e-05 0.0009844622867783443 0.0004892613696203064 0.00038720221718452206 3.05544862645286e-05 0.0001549066840854872 4.373367333883101e-05 5.699886190680789e-05 2.3682495588730337e-05 0.00010817013415935519 2.9530909473505583e-05 4.9299788526187735e-05 0.0033677078799519895 0.0003411225307848645 0.0 0.00020043593244509743 0.1071361960627733 6.375836958934906e-05 0.0005243201284225731 0.00043711354743496947 1.8692117567453182e-05 0.0001614450355919096 0.0009725402920942924 0.00036672157137004104 0.000654709563350338 0.000594747212675128 0.0011803592837760725 0.00019596266323060668 0.002011927985049643 0.0020193856659739815 0.0005054028490649566 0.000893926391347059 4.9911990480933624e-05 0.0 0.0 1.9578733751466716e-05 0.0 0.0 0.0 0.0 6.150866441427189e-05 0.0 0.0 0.0 5.090823675049063e-05 0.0 0.0 0.0 8.768313955988848e-06 2.8231668654165492e-05 0.0 1.664524016025104e-05 4.905544337245342e-05 0.0 6.601235978973859e-05 0.0 0.0002506384259581677 0.00014302830318090967 0.00024600666960215525 0.00031943092031135213 0.0002470356026748187 0.0 0.0 0.0 0.0 0.0 6.6281110277090364e-06 0.0 3.7289992627042304e-05 9.95912162724369e-06 0.0 0.0 0.0 4.01083633818641e-05 0.0 0.0 0.0 0.0 0.0 0.0 7.40047340910018e-05 9.665436650958309e-06 9.468891860781935e-05 0.0013511273822807222 3.026669157983572e-05 0.0 1.1500672429056332e-05 0.0 7.523721233884966e-06 0.0 0.0 0.0 0.0 0.0006811523666299807 3.06914128890866e-05 0.0 0.0 9.713118885042004e-06 0.0005770913673110533 4.397566129712034e-05 0.00012689233374803748 3.607337015953894e-05 0.0 7.341453064926116e-05 0.0 3.34087112026978e-05 0.0 0.0 0.0 0.0 7.989026760088966e-06 7.075844390066067e-06 7.10492581689007e-06 0.0 0.00023390018769506207 0.0001877872491969145 0.0005396457226498712
0.05281619252050022 0.11267270784152356 0.0 0.00026509172194101545 0.03277916846630193 0.00021388639927207 0.0035417145400665835 0.20052549062251654 0.041791680668808465 0.0021427431343294086 0.07944889100130337 0.006750979500454336 0.020902679273639826 0.05315765272627512 0.0027454204460361166 0.0026460005067132555 0.00038225893452578533 0.00017339029180341378 2.2289137403252333e-05 0.0002916843457582406 5.539328061472241e-05 3.047962508150065e-05 0.0001652430060696917 0.00011799152545009282 1.667109271477901e-05 1.7184232047588447e-05 1.9593430892036387e-05 0.0 2.546041321983181e-05 0.0 0.18716613618357658 0.020393067819323086 0.00320300691609921 0.0001167514604850977 0.0002054508792394016 0.00014512960159626738 0.0011896001183260621 0.00012425934589658586 9.314383632807114e-05 0.00011831932665006345 0.0003188400366811774 0.00016771293640959747 0.00037565188398753943 0.0004699406910538383 3.68680136476867e-05 5.798244404944102e-05 0.00818533612739304 0.0017162898964923903 0.00033421765804171475 0.0014658190504088376 0.00015031758973060508 0.00010377048549871091 5.907554839681922e-05 6.609651058831655e-05 0.0005260265210843371 0.0010645750765959623 0.006776105942231932 0.030278662308321942 0.0038194327094050206 0.002867671314156286 0.001327059674028134 0.0008690705162300546 3.86407325031134e-05 0.008690226566399388 0.00047359763112149136 0.0006200775154489467 8.818281213263399e-05 0.0006456055157192725 0.0017155448803291217 0.0005483751693118134 0.000635395747081456 0.00018893850560986082 2.5796662565124905e-05 0.021269833320790913 0.009309679839587378 0.005237477825433315 0.005441653105390942 0.0014620972367624726 0.006687762951386858 0.010154647632694108 0.0024525052844731315 0.007497184012791163 0.0014394145885043492 3.571409851246382e-05 0.0008180129133898451 0.00014336583199247172 0.0005560159962311668 1.9804434406217987e-05 6.229616187833379e-05 1.0515823226446023e-05 0.00021218839596059342 3.1397244588761636e-05 0.0001639378258729958 0.00018146664914861347 9.088521480500639e-05 0.0013691030251683342 8.688011373370524e-05 0.0 0.00013202705088353057 0.017426304018049527 0.0 0.00011754529109142953 2.8188362604668786e-05 0.0 1.7541418898234527e-05 0.00028705420491718426 0.0 1.957149494989424e-05 3.117598862290434e-05 0.00017920488020325547 2.8983784992180986e-05 0.0004006634203085512 0.0004525908857144854 9.511980368648669e-05 0.00030526857884178216 6.880275921115189e-06 8.182020653786092e-05 8.95434252593744e-06 0.0 0.0 0.0 0.0 0.0 0.0 0.0 2.2845643198805576e-05 9.76719737166268e-06 4.143262014014059e-05 0.0 0.0 0.0 3.276741002079616e-05 0.0 1.617721226209948e-05 3.098420137593729e-05 2.3235746099254695e-05 0.0 4.8938745476402943e-05 3.28860632563176e-05 7.906418171464499e-05 9.566518535351318e-05 0.00018986089183019902 0.00023571975540540482 0.00012178893980235915 0.0 0.0 0.0 7.485284923627929e-06 0.0 3.418827457344157e-05 0.0 5.437707046401796e-05 4.888398734075236e-05 0.0 0.0 1.3092830113397223e-05 2.5609751530245423e-05 0.0 0.0 0.0 0.0 1.2481683232859658e-05 0.0 0.0 7.960643322030599e-06 1.9287779238188776e-05 0.0005057232900974566 3.336014650368321e-05 0.0 8.13053130632695e-06 8.064467802408311e-06 1.4611974073382705e-05 0.0 0.0 0.0 2.167596452132086e-05 0.0002550395908834334 3.393420828096366e-05 0.0 1.4019403726925195e-05 1.4973824071539513e-05 0.00017647396355705854 0.0 7.727780029550524e-05 4.772603962128539e-05 0.0 4.285202560498767e-05 0.0 2.5707763393205485e-05 2.5302346813423845e-05 1.2505695340966968e-05 0.0 0.0 6.495814107614275e-06 3.1924584810468126e-05 7.072499545911754e-06 0.0 9.501172816324806e-05 0.0001073292626702861 0.00023234505308251927
0.05661180271367065 0.05424318823882717 0.00026509172194101545 0.0 0.005429528837176617 0.027409318709636515 0.04582613902892326 7.574117533094745e-05 0.0004897015545631996 0.0961556269547106 0.0001546036706565644 0.0664461252841049 0.06071903979276723 0.0007467288950064454 5.686153396567986e-05 7.706427075242913e-06 7.51867079430799e-06 0.0 0.0 0.0 0.0 0.0 0.0 0.0 0.0 1.777659040827711e-05 0.0 0.0 0.0 0.0 0.003562566508892128 3.318750540141175e-05 1.6844403756808515e-05 0.0 0.0 0.0 1.7299731927372726e-05 0.0 1.678468957727955e-05 1.9658744624406176e-05 8.707996722796845e-06 1.0919446287954304e-05 7.863577034268489e-06 1.369370188729142e-05 0.0 0.0 0.0012116716984566299 8.119470989292452e-05 3.310245379816717e-05 1.3818379725999356e-05 6.013944563624329e-06 0.0 0.0 0.0 0.00012405376608954372 0.0002881129605577567 0.0021253343737519434 0.00448382548114964 0.001423651870991217 0.0007396329286898623 3.215965545196421e-05 7.286689858878012e-06 0.0 0.0003065790441187915 4.86673270969068e-05 4.133025636577318e-05 0.0 1.6771658116237134e-05 0.0 0.0 0.00022375857868507724 0.0 0.0 0.004935972073281026 0.0007157627760705315 0.0006015734235947223 0.00024176798502616387 1.333419182365185e-05 2.6900658018505325e-05 1.242249065699095e-05 1.92614223409283e-05 2.3367121717331135e-05 0.0003160350631033047 6.333907684187355e-06 7.580604405502384e-05 1.9525260476125044e-05 3.139530597081443e-05 0.0 7.730939210850798e-06 6.360223047340447e-06 0.0 0.0 0.0 0.0 8.127704290004944e-06 0.0018157222280825636 6.747615550610626e-05 0.0 7.222141540772859e-06 0.03045977056127616 0.0 0.00014893398181168628 6.648635889008144e-05 3.2283761522440636e-05 0.0 0.00018304676086300527 4.137793266641296e-05 8.379926899638238e-05 8.50850921414218e-05 0.0002869260991661072 0.0 0.0003950292015913781 0.0002602712583348303 5.4434096793454844e-05 9.842828284187196e-06 0.0 0.0 0.0 0.0 0.0 0.0 0.0 0.0 0.0 0.0 0.0 0.0 0.0 0.0 0.0 0.0 0.0 0.0 0.0 0.0 0.0 0.0 0.0 0.0 0.0 2.1110917263554506e-05 4.6525290195054225e-05 1.2097732234939154e-05 0.0 0.0 0.0 0.0 0.0 0.0 0.0 0.0 0.0 0.0 0.0 0.0 0.0 0.0 0.0 0.0 0.0 0.0 0.0 0.0 3.0984200297129306e-05 0.0 0.0 2.5455727956757407e-05 0.0 2.87783551394486e-05 0.0 0.0 0.0 0.0 0.0 0.0 0.0 2.9363892197254586e-05 0.0 0.0 0.0 0.0 1.4008525566618794e-05 0.0 2.285081230726079e-05 0.0 0.0 0.0 0.0 0.0 0.0 0.0 0.0 0.0 0.0 0.0 0.0 0.0 4.844413574952625e-05 1.3159029007717856e-05 0.0
0.006486773479328759 0.1846622709514256 0.03277916846630193 0.005429528837176617 0.0 0.0031842834521475707 0.2121024081327191 0.0052997568731017915 0.6665189111685816 0.07669984853837168 0.05083911967248229 0.013694289696858245 0.11138168539165405 0.294676368243732 0.0028499284704799595 0.0006850220568019414 0.0001308408901776667 3.0292599153570874e-05 0.0 2.958930319206216e-05 0.0 3.847316665300255e-05 2.522393527332063e-05 9.854551690549051e-06 0.0 1.6661269089276935e-05 1.3881588703992408e-05 4.0136763002042234e-05 3.825929081256362e-05 2.1859357563364607e-05 0.0035826330019397743 0.0009517214453708756 0.0017913942752041737 0.0 1.8940595634574098e-05 1.2072565802289e-05 0.0010440923017539252 3.5688589018874766e-05 0.0001934823660853789 3.270166045000086e-05 3.460396841748254e-05 4.4761461256819476e-05 6.88802014422815e-06 7.746050667626714e-05 7.072304821070647e-06 6.538194539860724e-06 0.009633866091551688 0.00020606209246663013 2.7306948432753984e-05 4.575108094833492e-05 2.0021406964974907e-05 0.0 7.333162209807671e-06 4.569561673285882e-05 0.00019566361064519706 0.0005142949934559821 0.00042582409104526756 0.002268514582806268 0.0004490365127765048 0.002167880042702066 5.2392831884789335e-05 0.00015355793622835856 0.0 0.002235904782316699 0.00016893780690354233 0.00014462612191014641 0.0 3.553324714203033e-05 3.7447865926821135e-05 2.610463473494605e-05 0.0013919508243648959 0.00025874189374800464 0.0 0.006115050563854284 0.0036785364679279395 0.005384976506083915 0.00292834760916721 0.0007131328218271309 3.987268968670498e-05 0.0030402133953399157 9.356527158820287e-05 0.0002891925954480509 0.0003896002951368672 1.3888972065834732e-05 0.00010712571317986979 4.4164058389997745e-05 7.972492247701381e-05 0.0 2.1030618348883324e-05 0.0 1.4696662657740684e-05 0.0 0.0 3.065378298779758e-05 1.881501213656361e-05 0.0041789967792510724 0.0005032488195941502 0.0 0.00016087447562534513 0.001582550932686642 5.415746291676017e-05 0.0006733847166622432 0.00077009483758665 4.918301781059833e-05 0.0002744507738881011 0.0018485785340388553 0.000552940599474163 0.0006743906964768356 0.001318119983872235 0.002653301770728593 0.00014595251093240327 0.0035628596841316413 0.003589082039472607 0.0008846502689879135 0.0016246548626709704 8.876879473813733e-05 6.818526030920469e-06 0.0 0.0 0.0 0.0 0.0 0.0 0.0 0.0 0.0 0.0 7.05153280486241e-05 5.983874732925409e-05 0.0 0.0 4.526820703411189e-05 7.370875718715452e-06 0.0 3.1467392459707604e-05 8.976627246700806e-05 0.0 0.0002633950040292518 2.6656503813784176e-05 0.0005388355723757618 0.0006409046719605624 0.0004694417946834373 0.00035894877818524 0.00035318571689113684 0.0 0.0 0.0 0.0 0.0 4.570656771270415e-05 0.0 7.984061977865918e-05 0.00013796764405590045 0.0 1.0446751466464069e-05 0.0 7.762344066429883e-05 1.0776129883707234e-05 0.0 0.0 0.0 6.834793268630022e-05 0.0 0.00032987859254043043 9.266634135045623e-05 4.958030611162472e-05 0.0022163843268513347 3.8905320949263003e-05 0.0 2.3940660812143355e-05 2.4363199692842645e-05 0.0 0.0 0.0 0.0 2.2948560941072754e-05 0.0009515360506006171 0.0 0.0 0.0 5.127312413252632e-05 0.0010412751932044443 2.3582912981345614e-05 0.0004270546333721882 7.939794063170703e-05 5.9602470580431924e-05 6.509426668577264e-05 3.4288534672240226e-05 4.420781430242376e-05 1.6162604123188478e-05 0.0 0.0 0.0 0.0 0.0 0.0 0.0 0.00040751520437140555 0.00023467877258696437 0.0007111692855731147
0.013790702416312856 0.01573609004813282 0.00021388639927207 0.027409318709636515 0.0031842834521475707 0.0 0.010501312575097307 3.9801439273999385e-05 0.0010066620603131383 0.0625899732499202 0.000337721627991876 0.013223818319659736 0.015643245557825935 0.002799427796597735 0.00013220391012501938 0.0002562346878952325 0.0 0.0 0.0 0.0 0.0 0.00035772394491017057 0.0 0.0 1.594104932751962e-05 0.0 0.0 0.0 6.727123808716626e-05 0.0 0.0005138991491394422 0.0 0.0012535967059792003 0.0 0.0 1.2674306556014288e-05 0.0019757349141320307 0.000669942327768827 0.0005691541939961181 7.818447745338474e-05 9.89751737612681e-06 2.9678684051746433e-05 0.0 0.0 0.0 2.1463546150468282e-05 0.0001069392557837476 6.914499486194806e-06 0.0 0.0 0.0 0.0019204636467002958 4.448985786175407e-05 0.0002491031532794178 0.0 1.4830274105363916e-05 0.0018276615006855847 0.00032925073870004905 0.0001753503246285019 1.4255973372115014e-05 0.00010277292146520149 0.001203083293532301 0.0 1.2431075271523427e-05 0.0 0.0 0.0 0.0 0.0 0.0 0.006356280452943141 0.024673824096989087 0.00013938877183769402 4.45328861181949e-05 1.854625787338389e-05 0.00010820082301007528 4.6608588195920855e-05 4.486850004558544e-05 3.7108162777767344e-05 0.00014642536164164715 8.331064018096886e-05 0.00038126391162448213 0.0 0.0 0.0 3.483000404211284e-05 1.1801191653920194e-05 4.689391996198632e-05 4.749426581698833e-05 0.00029426091950378623 5.399072882760497e-05 0.0004235865618365015 0.0 0.0 0.0001668932527093337 0.04667783717061153 0.017827293471931172 0.00034160107975787974 0.0032374032787082564 0.01567890801703663 0.0 0.00011941054146525766 7.615914438102657e-05 0.0 2.085665678563948e-05 0.00015235812374686145 0.0001768857003334143 6.939946408920799e-05 0.00017222770736723166 0.00023577928564817258 3.99827944477614e-05 0.00015452197630376596 0.00034743866402870793 4.1631375947280124e-05 0.00012119060916067122 0.0 0.0 0.0 0.0 0.0 0.0 0.0 0.0 2.4653301947813252e-05 0.0 0.0 0.0 0.0 0.0 9.281325989456176e-06 0.0 1.072858681585347e-05 0.0 9.464736292427667e-06 0.0 0.0 0.0 0.0 0.0 2.1965972380592872e-05 0.0 1.1601569024565539e-05 4.0897336115844106e-05 3.201411130923023e-05 0.0 0.0 0.0 0.0 0.0 0.0 0.0 0.0 0.0 0.0 0.0 2.7738571955486314e-05 3.128980232580966e-05 0.0 0.0 0.0 0.0 1.4750357088719069e-05 0.0 0.0 0.0 0.0 0.00012360335242875056 4.109736275878876e-05 0.0 0.0 0.0 0.0 0.0 0.0 0.0 0.0 3.91919025143779e-05 5.596670589529231e-05 0.0 0.0 0.0 8.982468668291631e-06 0.0 4.06023603458059e-05 0.0 0.0 0.0 0.0 0.0 0.0 0.0 0.0 0.0 0.0 8.902154650308675e-06 0.0 0.0 2.4645380260786918e-05 1.8987901364671385e-05 1.9016325258029154e-05
0.011091947685131243 0.1272523027824428 0.0035417145400665835 0.04582613902892326 0.2121024081327191 0.010501312575097307 0.0 0.0005331544362993657 0.16589091043514437 0.19059646769972802 0.003766179085841737 0.03753857456880817 0.2881967933782208 0.17382143217066298 0.0029773985754865313 0.0005468684640078832 4.5822298457396997e-05 7.063570791632389e-06 0.0 7.42002297404138e-06 0.0 0.0 6.767984955679244e-06 0.0 0.0 8.037665896854443e-06 0.0 1.0099952457895684e-05 8.102203426879759e-06 7.012278326630326e-06 0.0059246264274544595 0.0006887025990306679 0.0003512640583448466 0.0 1.4115068643116113e-05 7.391684845918335e-06 0.0004985169304386814 2.322446500416627e-05 0.00013648586083461203 6.56600879882675e-05 0.0 0.0 5.735192447453123e-06 6.306358919866185e-05 4.5859660274901996e-05 1.672616801997688e-05 0.011203707836583773 0.0004336223818567699 7.957944899620281e-05 3.563228495138315e-05 1.6890785487867525e-05 0.0 6.27456946924081e-06 2.0388388313307492e-05 0.0006030546835941387 0.0010806390728147794 0.0022445638087086797 0.0078561843801136 0.001637433879948121 0.003862833196673828 0.00010392408564006519 7.128680467472e-05 8.337402446525935e-06 0.00253498713689326 0.0002558733244394766 0.00022852529122286487 1.3299213632387445e-05 8.343089059171061e-05 2.1550081114690826e-05 6.294043571563527e-06 0.0012981096443983678 1.5357846810190954e-05 0.0 0.01475282250640517 0.005344702284604979 0.006820598838556373 0.0029678618050273968 0.00036693316013755394 7.860165573721168e-05 0.00021109317499195068 0.00012694262777625045 0.0001737157541476751 0.0011965046922394003 1.997080979171852e-05 0.00017968024669271805 0.00013552688684149734 0.00013635432824997388 2.2032370314986543e-05 3.7367215320747184e-05 2.4239765180336234e-05 1.1156843378867826e-05 2.738447211388638e-05 0.0 0.0 1.3529652951208322e-05 0.006288280087916098 0.00042084620831746484 0.0 0.00028322203514750217 0.009293991437919839 1.993404347622068e-05 0.0007816525449756075 0.0010261289810111057 5.9080042171476465e-05 0.0002477117854946702 0.002950896007862788 0.0006619998165119872 0.0005867784615716939 0.002019811329622006 0.003396543640621882 0.00016209943835737264 0.0036086754131878195 0.004962794391500159 0.0009429975243634267 0.0013765088634355984 1.5726232766518667e-05 0.0 0.0 0.0 0.0 0.0 0.0 0.0 0.0 0.0 0.0 0.0 6.69702204530138e-05 0.0 5.0433837412385715e-05 1.079238752002573e-05 3.5628004780706726e-05 0.0 2.100937122563895e-05 9.682067878481657e-05 3.3941180616964086e-05 0.0 6.176133418981453e-05 0.0 0.00040084891109271975 0.00039403966173165347 0.00040596207040826906 0.0002588179259770992 0.00020854321597877368 0.0 0.0 0.0 0.0 0.0 6.714025785221594e-05 0.0 1.729003721942474e-05 0.00010320963588281015 0.0 0.0 0.0 5.2840852210070106e-05 0.0 0.0 1.758956070451939e-05 0.0 0.00010433066733246953 5.938475795939799e-05 0.0005021885735803479 4.118033172322027e-05 8.426681790378911e-05 0.0022249157345740427 5.373864052956568e-05 0.0 1.8267769525764765e-05 0.0 0.0 0.0 0.0 0.0 0.0 0.001059838034514158 4.97006795064766e-05 0.0 9.895891828256556e-05 0.0 0.0009151859117133862 0.00013154640201077443 0.0003840741460094887 0.00018380208503656113 5.655999203084719e-05 0.000113894444670674 3.7515657141726115e-05 6.943389100959259e-05 0.0 0.0 0.0 0.0 0.0 0.0 0.0 0.0 0.0008107510903246993 0.00026836962605992305 0.0004954221852604849
0.004813930565650479 0.027229378585112703 0.20052549062251654 7.574117533094745e-05 0.0052997568731017915 3.9801439273999385e-05 0.0005331544362993657 0.0 0.005061801679217494 0.000587464234455119 0.09400602731060002 0.004699810928983018 0.015071231323577204 0.052826483578937836 0.017141162710678996 0.013199833422865613 0.0008066652102691742 0.000687827451114928 5.601904857986677e-05 0.0009937220379566307 0.0006098948553678535 0.0004040382321304472 0.0022140372096305363 0.0007010741478352515 0.00026595229300327596 4.8675425708442494e-05 0.0002629637748108377 4.003597644494739e-05 1.4616908541101409e-05 0.0001087919612389341 0.12097052166522648 0.28756985228491033 0.01403742770310751 0.0006524894865577327 0.002572352510688778 0.0006549051080855133 0.0023319179792589545 0.0012457272478232076 0.000455338453761915 0.00042508097034762646 0.002133421207940879 0.0010114982065509864 0.002262237145326002 0.0017078287590853345 0.0004110610924845923 0.00036917038080723654 0.030907111221884304 0.00300843447738659 0.0006934557628189848 0.003652039326708356 0.0005676886926843278 0.00018895197129111682 4.9623607306485485e-05 0.00021259713041432978 0.0005072761619102531 0.0011055605971734366 0.0023305053557204987 0.016118256214881263 0.001471642138197381 0.005786500620438837 0.010266187583794394 0.009838426915367226 0.0002528716383167859 0.025792478751959405 0.000489205444214417 0.0011748179954665526 0.0002066622144689755 0.002283893949947825 0.005361841714835801 0.0031742972875011886 0.0011844278052717313 0.0002663169354958993 0.0 0.01994327448660576 0.018792622690515196 0.021561836449453777 0.023292003153373174 0.016147017860363846 0.10375017994505044 0.08716252647353392 0.030176826656851424 0.1685511698031987 0.001578979149945416 4.572272286226417e-05 0.0016103693992735079 0.00034869149129215343 0.0014182300086134374 1.4835105546920143e-05 0.00020914880969521377 4.004560642441634e-05 0.0007490675657001332 0.0002166507902512017 0.0011432722435192272 0.0007426947694154411 0.0004113133248034975 0.0013941337448529175 0.0003320507583916595 0.0 0.0002987288367518684 0.005966493489503191 4.564121352503497e-05 5.360227380635137e-05 6.900912600861836e-05 1.2535470441324666e-05 6.882725138881207e-05 0.00021236119618704252 1.615505786134058e-05 6.040420453405436e-05 0.00015682518711842433 0.00013518365329331597 7.860841123280735e-05 0.0006636469907064907 0.0005813472847657807 0.00026825702817361567 0.0005994456587830938 0.00013869494942849657 6.38010736639907e-05 0.0 8.96780820719341e-06 0.0 0.0 1.5463962678726626e-05 0.0 0.0 0.0 3.6277610087065e-05 0.0 7.59083474161441e-05 0.0 5.297285785200919e-05 2.5689570914767726e-05 7.18753100726939e-05 3.140215100747275e-05 3.286338401547449e-05 1.0601207641953664e-05 6.232737556913813e-05 0.0 0.00011636252485488726 0.0001276699919438816 0.0003424050635655527 0.00028632771835984796 0.0005370450504915796 0.00045610019090953154 0.0004765554690936734 2.0363057362439774e-05 1.1568596337343335e-05 1.5893136228527362e-05 2.1625767585826528e-05 7.266672037331367e-06 1.8101410861787983e-05 0.0 3.993495039248011e-05 0.00015959406971459729 0.0 0.0 2.14122283334786e-05 0.00028245028342537037 3.1584124338209584e-05 3.943273884514434e-05 0.0 7.187340274017823e-06 5.3435566147991775e-05 0.0 0.0 1.7369099820146282e-05 2.8139756910950813e-05 0.0018094944044420764 1.9292179156551415e-05 1.4271084235546545e-05 2.484831375184439e-05 0.0 0.00010348467258428457 5.4928392587208205e-05 1.508334897330455e-05 7.536475980679501e-06 0.0 0.0004588656331870436 5.4548554005322615e-05 1.6976207122250606e-05 0.0001078481364069344 0.000159081593848698 0.0003554236673744206 2.9093591462829835e-05 0.0003277225036251826 6.253711903559444e-05 3.1696450904309e-05 4.480139441315428e-05 2.3251000444148097e-05 5.599636664200371e-05 1.240925044660363e-05 0.0 0.0 0.0 5.7666634339616296e-05 0.00012709418303707108 4.8398565282071186e-05 0.0 0.00017654143328718432 0.00017694364364963754 0.000786733431750316
0.0002268695496747565 0.184501567341724 0.041791680668808465 0.0004897015545631996 0.6665189111685816 0.0010066620603131383 0.16589091043514437 0.005061801679217494 0.0 0.01565229398697198 0.09839973122951581 0.004069207042532263 0.1361573769347425 0.21801997340806942 0.0012940679652635619 0.0005437930764207472 2.3945612001385813e-05 0.0 0.0 0.0 0.0 0.0 0.0 0.0 0.0 0.0 0.0 0.0 0.0 0.0 0.00088815883789651 0.0003199254717825976 0.0011522282323061482 0.0 0.0 0.0 0.0008660014785067129 2.706739804110444e-05 3.9116567734644984e-05 0.0 0.0 0.0 0.0 2.9352970345224825e-05 0.0 7.776467604794481e-06 0.003387440059575269 3.694613822486618e-05 2.1939822075061325e-05 6.166566765541163e-06 9.498860067768765e-06 0.0 0.0 7.515301676974037e-06 5.05151795343774e-05 9.576344210588556e-05 0.00013905446974081198 0.00042780159732327223 4.2587974405214086e-05 0.0007923861935585217 9.92409381081202e-06 9.665178869790537e-05 0.0 0.0008189143893447315 3.2327919290840687e-05 2.9573979803457786e-05 0.0 0.0 1.114129883462674e-05 1.7333991632519806e-05 0.0009103427747998016 6.893537923423785e-05 0.0 0.0012526932005167937 0.0010088866767297402 0.0017393126119972621 0.0010438541473398071 0.0003555395491522312 4.107934666545638e-05 0.001699058233572979 6.923223266957217e-06 1.6524385077634313e-05 4.1220462840820136e-05 0.0 3.2635336953358073e-05 7.720180258826616e-06 1.5173377117779204e-05 0.0 0.0 0.0 9.147322934534757e-06 0.0 0.0 2.0496426078266614e-05 3.583573680967692e-05 0.0038307274584266915 0.00019191467684492254 0.0 0.00017631743175500783 0.00034325745888150666 0.0 0.0006202932961945832 0.0003418798707111384 1.910333543716864e-05 0.00026483473639413293 0.001241100423237894 0.00033574784953486006 0.0003319005235918111 0.0006267006318653918 0.0012107506828618359 6.0214386111658064e-05 0.0016744189599047852 0.0023035471627145918 0.0004996698261003593 0.000986746353336221 0.0 0.0 0.0 0.0 0.0 0.0 0.0 0.0 0.0 0.0 0.0 0.0 9.576999208856023e-06 0.0 0.0 0.0 3.653057006195534e-05 0.0 0.0 2.1383616188127627e-05 0.0 0.0 0.0 0.0 0.00023179543062130776 5.876130619499521e-05 0.0002144672494485896 0.0002175997367241053 0.0002417033223544124 0.0 0.0 0.0 0.0 0.0 0.0 0.0 0.0 0.00015803543059431848 0.0 0.0 0.0 0.00018667977728480567 0.0 0.0 0.0 0.0 7.809595424604773e-05 0.0 0.0003494466601173596 5.37634660588929e-05 1.300636904752158e-05 0.0014122856115641154 0.0 0.0 0.0 0.0 0.0 1.1758611102792716e-05 0.0 0.0 0.0 0.0005395450553010585 5.1474554844062116e-05 0.0 0.0 0.0 0.0005250193508051343 0.0 0.00023059727572827802 7.924367324761471e-06 3.376970948195125e-05 3.8929748398444135e-05 8.146651394627494e-06 8.25597186227956e-06 0.0 0.0 0.0 0.0 0.0 0.0 0.0 0.0 0.00028541195655993544 5.667210715058175e-05 0.00036927516165089207
0.03633832853865552 0.1056378589256568 0.0021427431343294086 0.0961556269547106 0.07669984853837168 0.0625899732499202 0.19059646769972802 0.000587464234455119 0.01565229398697198 0.0 0.0022398656608911215 0.205687537908905 0.3808592486217446 0.017203195771787392 0.00042736148627872596 0.00020816546866616502 8.239361455750308e-06 0.0 0.0 0.0 0.0 1.3272603754654723e-05 0.0 0.0 0.0 0.0 4.667678072739587e-05 0.0 0.0 0.0 0.0018707605733189027 2.7626702803972103e-05 0.0011114864144522538 2.9239666379091924e-05 6.9816180643217765e-06 0.0 0.0016262939112837386 4.9706177651366926e-05 6.845391154622193e-05 9.260908577432275e-05 5.473749158099999e-05 0.0 0.0 1.790354776825519e-05 0.0 6.584919871262631e-06 0.0020811067708746698 8.584244717100752e-05 0.0 0.0 0.0 3.784856380048087e-05 0.0 0.0 0.00012310133830327583 0.00027768285024384935 0.0014179196689994948 0.0030767491409831745 0.0009429808961565659 0.0006160785616952401 9.924114308163719e-06 5.478543380780782e-05 0.0 0.0003949490413035329 7.556402750832287e-05 2.788249842564832e-05 7.0290435421052825e-06 3.1803142316904125e-05 5.666763117625624e-06 0.0 0.0033850577845416776 0.0002246958562314222 2.450978812170511e-05 0.004093359367628478 0.0009440888724114074 0.0011295519231237392 0.00039200596250337953 0.00013125042726454307 8.537321748076178e-06 0.0002524555598776986 2.047413089306581e-05 2.925357329281334e-05 0.00026774935354264906 5.241549871934063e-06 4.705921060605897e-05 6.476067606275604e-06 3.254768758048809e-05 2.9860250671873303e-05 6.03105284003819e-06 3.7830316842239926e-05 1.1325002573369863e-05 2.0257419405841006e-05 0.0 1.0436290265443468e-05 2.3747268838300147e-05 0.028149194821603912 0.0013700323535180494 0.0 0.00031131898711526484 0.045203447462209105 0.00029692621387852994 0.0031246954791282313 0.016651908078214553 0.001985545069637615 0.0005907212080809253 0.02537012325782931 0.003701605844575138 0.002237170376193827 0.01502798523584647 0.008786405679694341 0.00024016791428526057 0.00884723744603907 0.016809158019006468 0.002033252774377809 0.0023569949129199548 0.00015689804010039015 0.00011261091884723644 0.0 0.0 0.0 0.0 0.0 0.0 0.0 0.0 0.0 0.0 0.0 0.0 0.0 0.0 0.0 0.0 4.0012314949434875e-05 0.00015691768573318228 0.00022882728463883886 0.0 0.00014356633492914133 0.0 0.0006693086429712923 0.00034833030530031074 0.00030846214175250255 0.0001886203818569105 0.00024233497845353337 0.0 0.0 0.0 3.104483577867658e-05 7.800492658597596e-06 1.7487552936786693e-05 0.0 8.560101965346582e-05 0.00017468241195065561 0.0 0.0 0.0 9.729332290233156e-05 0.0 1.3324907602141769e-05 7.478325964846503e-05 5.6518583065190315e-06 0.00017987543326364257 0.00013007093574963612 0.0008623436430284325 7.437989226444896e-05 6.234618188931877e-05 0.002068108188663176 0.00010368282048312517 0.0 5.5770386575984585e-06 0.0 7.953602481723184e-06 0.0 0.0 0.0 0.0 0.0017889516710705015 0.0 0.0 1.0633511468225799e-05 0.0 0.0012620164301053673 7.511188236071538e-05 0.0003308850373212639 0.00043394506411285655 0.00020673319032504914 0.00018532392385889055 4.411775055728564e-05 2.6819314278301664e-05 3.740749531384883e-05 0.0 1.1029192345356052e-05 0.0 0.0 0.0 0.0 0.0 0.0017509408103181037 0.00023485426821516145 0.0004881907934806536
0.004277640318807603 0.0739711289871209 0.07944889100130337 0.0001546036706565644 0.05083911967248229 0.000337721627991876 0.003766179085841737 0.09400602731060002 0.09839973122951581 0.0022398656608911215 0.0 0.020748931451563576 0.07580046847653281 0.33692098457989256 0.011294245412528197 0.008798681814405592 0.00037498197605432675 6.586527942443543e-05 7.787742227035e-06 0.0001265295370958748 0.0002485689804273448 0.0008116336944218204 0.0006748095528464817 0.00027654316458593513 0.00030966228327043477 1.1430313651149497e-05 0.0001739767701211858 9.964659094685033e-05 7.957341522314846e-05 0.00016235009022258124 0.030385036193205525 0.015322090190461803 0.03079410578781197 9.647221247850897e-05 0.0008246166857003297 0.00031104853966295427 0.007644736561560821 0.001368779170247969 0.000403271419191266 0.0004767322894980749 0.0012926707616670251 0.001002527354487066 0.00017719186711807425 0.0008484529847857189 0.0001395267384331485 6.107306224769465e-05 0.017861430177864762 0.0007121051207531851 0.00016620828461666467 0.0008875556957712141 0.00022999730260143454 0.00020115296972330197 0.0002588094778317767 0.0001613572594591015 0.0002466291299420208 0.00047280250486677076 0.0007704318356246844 0.005866053962821231 0.000684269328779799 0.003253969304695265 0.0003750992511126487 0.003790497596453248 8.269318119491708e-05 0.006639881986848014 0.00013399877475074105 0.0003258583544446041 3.4567951873533556e-05 0.0003203429826089856 0.0011390192534099645 0.0006645030539695902 0.0038353207768542347 0.0008082561942104285 0.0 0.00924382894121277 0.007088619452972553 0.011183725529935374 0.008187015551473416 0.005276204507107916 0.0014148208410724836 0.07888650286928771 0.0005125462300712435 0.017878452971152186 0.0005844554770157952 0.0 0.000395565536914055 0.00010077023688765885 0.0003405412070116399 1.1005185631288665e-05 0.00018995565648112733 2.85908588512378e-05 0.00023168353773601787 0.00036254918547810877 0.0005939959011278687 0.0003540345510619356 0.0006378592628290892 0.0040977425828071035 0.0007337382803313179 1.2156042885280966e-05 0.0004841282350961259 0.0023700673416955672 6.878755826725369e-05 0.00014176894805035305 0.00018254285612653864 0.0 0.0002167694062678476 0.0006380158145890876 0.0001084728730316461 0.00032301561746295426 0.00024561127029390885 0.0007597820039492767 0.00017984670298881736 0.001588360553175718 0.0017483268467060453 0.0003812112981591037 0.0017382006630320193 0.00011240552081933957 3.2138578240977307e-05 0.0 0.0 0.0 0.0 9.987418760663347e-06 1.0124671185232491e-05 0.0 0.0 5.788339814902832e-05 5.254560835624788e-05 0.000189429178227 0.0 6.765674904143159e-05 2.0949389501729954e-05 6.664158317685563e-05 7.763374921398971e-05 1.7988985045354043e-05 5.011341418021753e-05 9.337823379338526e-05 0.0 0.00016856080342903858 2.0290343546703923e-05 0.0005410291196618291 0.0007201700470489866 0.000881579672387034 0.0006773786774228979 0.0006246532226058536 5.9777526054971516e-05 2.1215856691983652e-05 0.0 1.593967168972409e-05 3.8525914969378984e-05 5.748704787154401e-05 0.0 6.282435597655961e-05 0.0002301749693306993 0.0 0.0 8.289469389585965e-06 0.00045765483088861376 0.00011333978579438927 2.742116507044132e-05 2.161962269554981e-05 0.0 1.8878262109260048e-05 7.558822948663539e-06 6.575296472522384e-05 9.643214285296415e-06 3.7227889966636825e-05 0.0030013131000176463 9.401603640099484e-05 0.0 2.1266774271211286e-05 0.0 1.2392078520518713e-05 7.416496188920567e-05 9.184254847058145e-06 8.539150327609016e-06 3.453092610471557e-05 0.0011211356053337815 0.00017771769539039127 7.749466335525175e-05 5.741484379258058e-05 5.623383385543619e-05 0.001208191297763899 0.0 0.0006449020374392144 0.0001045608067426709 0.00019087353813872842 0.00014466562462209562 7.731595827330241e-05 6.558048544414997e-05 6.466342152300074e-06 0.0 0.0 0.0 2.34838546746411e-05 4.778782888797153e-05 4.0229960684373805e-05 0.0 0.00033804446613571636 0.00040265395103534634 0.0010630709847043735
0.009600339792436354 0.02066961466749889 0.006750979500454336 0.0664461252841049 0.013694289696858245 0.013223818319659736 0.03753857456880817 0.004699810928983018 0.004069207042532263 0.205687537908905 0.020748931451563576 0.0 0.14935647277820774 0.030766845508612597 0.002339478140468922 0.002164572215686107 5.343440589000501e-05 7.950427549826347e-06 0.0 0.0 0.0 0.00022730950483154907 1.4647413994464257e-05 0.00013440904920287457 3.551773334381678e-05 0.0 0.0 1.9861273023065665e-05 0.00017690974372695312 3.2396603758756396e-05 0.0012888139810508042 0.00011056838633918974 0.005776965711462879 2.788741239601533e-05 0.0 0.00010033349711806251 0.03173105561980101 0.0008726451011750193 0.000152374849046441 0.00015941339850509704 5.137565296451528e-05 7.276723884662456e-05 0.0 0.0001969436702585821 7.615316346956341e-06 1.4212593424271413e-05 0.0028677858458059048 7.189557062603693e-05 2.0883342179931074e-05 3.933062103899727e-05 7.893824652523169e-06 0.000249974910501664 0.00029572235047305303 3.856393432035022e-05 3.390586583760868e-05 8.208870026891252e-05 0.0003279083995017492 0.0006452763266328304 0.00016477912510943048 0.00032396132265727 7.769190559478982e-05 0.0017524793248148453 3.355566642627481e-05 0.0003449390664692428 1.1317937459882813e-05 2.6397871466514093e-05 6.3175788465419164e-06 1.783804092925628e-05 3.521951305876677e-05 0.0 0.008112115417543793 0.0005273033534436381 0.0 0.0013693706580106151 0.0005664335443655046 0.0015732554489606085 0.0007532383727565805 0.0009092146615151316 4.577883867776258e-05 0.005448610785245504 6.486300100003603e-06 0.0008113817452900115 8.715330729173904e-05 0.0 1.6795559646526086e-05 3.546728234904222e-05 3.69916310181464e-05 0.0 3.7400383272214484e-05 3.8288498459921745e-05 1.4055148411262221e-05 6.855969082666662e-05 2.9693394138011916e-05 3.1546226892540535e-05 0.00012471023854812398 0.05676867815813782 0.00488262173997602 4.398418603780971e-05 0.0007479996164579214 0.004591467422828981 0.0002489253107044516 0.0014253496558440768 0.0020568556668830174 7.146706431897429e-05 0.000984051848077695 0.006857929934307009 0.0007517176127422357 0.002156692650178112 0.003646528808429857 0.006844771614615541 0.0004872948666443343 0.011611088451028711 0.012045513530214633 0.0026277616880785487 0.005068172771794677 0.00019039317137426018 1.3928451583412269e-05 0.0 0.0 0.0 9.912984246193055e-06 8.315486462331486e-06 0.0 8.477328696683363e-06 0.0 0.0 0.0 0.00019740174615308148 1.0106539659445831e-05 7.604813935470754e-05 0.0 0.00018547129712056138 5.7045910880604986e-05 0.00011010025325725975 0.00019635363295327098 0.00016877210469422378 7.526965748896771e-06 0.000274583530919801 1.608351563107532e-05 0.0013279893740271995 0.0004339843267900293 0.0011921058106112326 0.0009207271673889639 0.0004849553388377034 0.0 1.542658198208191e-05 0.0 4.733188741506842e-05 3.3017239834321e-05 0.0 1.1258044198228515e-05 0.00018036430373204456 0.0004162091900755106 1.0193263954469561e-05 0.0 0.0 0.0003267833818565891 0.0 2.748867903169442e-05 6.406986137021792e-05 0.0 0.00025747785443318164 5.569355656838588e-05 0.0002942377057135871 9.339992700373098e-05 0.00019007690532865817 0.005693097510951553 9.195242668196122e-05 2.0476118596776285e-05 7.1617585002938345e-06 0.0 8.176635783734082e-06 0.0 0.0 0.0 1.8770581429743617e-05 0.003525390958913047 8.990680554665648e-05 1.8897932554635847e-05 0.0 9.338545964926189e-05 0.00316834808058647 5.349480727021976e-05 0.001048873334388892 0.00028924754237509874 6.119014204177145e-05 0.00021499003494298777 0.00011088249315061178 6.958884990960271e-05 0.0 9.330285532192895e-06 0.0 0.0 0.00013659725153478534 9.107122881104723e-05 0.0 1.222701550493068e-05 0.0022008431010236036 0.0005734258890176111 0.0011427075474134598
