0.0 0.11918321308693736 0.024053165281279317 0.14029209184116392 0.0015129050186386932 0.001677372368022932 0.020443948246306416 0.006029538943120844 0.0006757506712459485 0.12048388024887742 0.018382438157872414 0.001615236594259406 0.0021786216068284134 0.006654327657665939 3.1824995419669224e-05 0.0 1.485340141753752e-05 0.0 0.0 6.7037163562404145e-06 5.9987040158784e-06 1.2367554977934653e-05 6.514794140992814e-06 0.0 0.0 0.0 0.0 1.7231823459427922e-05 0.0 0.0 0.020771410468983037 0.00019621596710049579 0.0029388007856914504 0.0 0.0 0.0 3.0316843167054808e-05 0.0 1.4344364597523268e-05 0.0 2.381482742495547e-05 1.7774878952706838e-05 0.0 7.739518644582923e-06 0.0 0.0 0.0009358457283230795 0.00038472670339989394 5.515611089174619e-05 6.659863823364081e-06 5.510975089453358e-05 0.0 0.0 0.0 0.0004949689441926671 0.0005199819939610249 0.01959002832204909 0.04425792374816711 0.008570738298206223 0.0012480856491815752 6.987573340300924e-06 0.0 0.0 8.7860026787319e-05 0.00042394535333048787 0.0001973435975935764 9.235642124301631e-05 0.00010849364178742291 7.254270918797877e-05 1.4516886375763709e-05 0.00032942006624887794 0.00022926791355800682 0.0 0.017036036931854598 0.0005077399350251502 0.00040622326375397574 7.71386502391565e-05 2.3185481969559212e-05 6.318184241314538e-06 0.0022875111398642997 2.1128631448920585e-05 1.7928941664413385e-05 0.0010406397044811966 1.6464450520222328e-05 0.00018268439791689918 0.00025003135941670837 4.5651407260284775e-05 7.604519325754993e-06 0.00010399875259431826 0.0 9.303178565956904e-05 0.0 6.821356155818962e-06 6.217085343785437e-05 1.544112283428649e-05 0.017421293334155562 0.0010611293101466673 0.0 0.0 0.07908955673622983 0.0 6.901780036440077e-05 2.051375389287993e-05 2.597233388824566e-05 0.0 4.301748583973147e-05 0.0 1.309082973377136e-05 7.52649537204708e-05 3.5723445870167986e-05 0.0 0.0 0.0002481563876061038 4.1212783136514206e-05 7.794807906534872e-05 0.0 0.0 0.0 0.0 0.0 0.0 0.0 0.0 0.0 0.0 0.0 0.0 0.0 0.0 0.0 0.0 0.0 0.0 0.0 0.0 0.0 0.0 0.0 0.0 0.0 7.318574965833515e-06 7.189700706840247e-05 0.00012094335444192858 0.0 0.0 0.0 0.0 0.0 0.0 0.0 0.0 0.0 0.0 0.0 0.0 0.0 0.0 0.0 0.0 0.0 0.0 0.0 0.0 0.0 0.0 0.0 1.888709422405367e-05 0.0 0.0 0.0 0.0 0.0 0.0 0.0 0.0 0.0 0.0 0.0 0.0 0.0 0.0 0.0 0.0 0.0 0.0 0.0 0.0 0.0 0.0 7.040688072733108e-06 0.0 0.0 0.0 1.5075960763795387e-05 0.0 7.844072982152292e-06 0.0 0.0 0.0 5.2992764349325746e-05
0.11918321308693736 0.0 0.21876978387564489 0.133087281119607 0.0994704456713728 0.0008028026929254416 0.19150259301101508 0.03345574525935553 0.09838441487532759 0.1943809098173612 0.1164683598315037 0.01802452593966188 0.09133515722440233 0.16083775122573268 0.0009436254604759546 2.7845612931759162e-05 8.467260842090145e-05 4.5346661491121694e-05 0.0 4.296714382190145e-05 0.0 0.0 2.3267966962345013e-05 8.62178349514446e-06 6.721121150966218e-05 7.716829946961737e-06 3.7429778617631196e-05 1.8795495336663643e-05 3.6356172286465824e-05 0.0 0.093927311953278 0.0026172259285582537 0.0036938313504012526 1.1667900562278675e-05 1.5922200577627777e-05 1.2643304842414955e-05 0.0004816419587498703 9.384334890107819e-06 0.0 0.0 1.8328827346683698e-05 0.00011541862651818367 2.3786717430027772e-05 2.500592982402822e-05 0.0 0.0 0.01704356496306488 0.0022000812830223686 0.00038019065206946703 1.354632323964301e-05 0.0006864765276489712 0.0 8.076071579251866e-06 1.5384858418278175e-05 0.0025180277072891703 0.002545485036297827 0.013539261726157773 0.043701017121200135 0.018382273564202488 0.005830860715947985 1.0382877356000608e-05 2.0611612294549745e-05 0.0 0.0008580853791534331 0.00219889620428697 0.0011674725562685687 0.00046559131693757493 0.0006989768364650346 0.00016993893382921725 3.0665229138216355e-05 0.00026789461244076457 0.0 0.0 0.042268866567986244 0.007286626649946627 0.004947967898448443 0.0015017272816213512 3.795586332049868e-05 3.644635084361431e-05 0.003125846785849491 2.485971159493908e-05 5.262745985381502e-05 0.006536824265323271 7.466426966695894e-05 0.0008682744676704652 0.001250166064183041 0.0002471378115585519 5.349050581996276e-05 0.00036129018426673604 5.029729898715145e-05 0.00044264356715214377 0.00018383460277558985 0.00012910839069903322 0.0004261174668515244 6.779415842162493e-05 0.000739880274418908 4.531877232030698e-05 0.0 1.8778825729435913e-05 0.0775216554735573 0.0 0.0 0.0 7.131428490050739e-05 0.0 6.25123010892527e-05 0.0 0.0 0.001441879839541547 0.00010133983884945027 0.0 2.892182341947596e-05 0.00027853491975310233 2.9185590635860484e-05 1.82981569680317e-05 8.543510493649944e-06 0.0 0.0 1.3165777960381221e-05 0.0 0.0 0.0 0.0 0.0 0.0 0.0 0.0 0.0 0.0 0.0 0.0 3.25629954852181e-05 0.0 0.0 7.987555082882823e-06 5.23225631663972e-05 5.7083467016562984e-05 0.0 0.0 3.423078527840342e-05 0.0 8.286631552274033e-05 0.0 0.0 0.0 0.0 0.0 0.0 0.0 0.0 0.0 0.0 0.0 0.0 0.0 0.0 0.0 0.0 0.0 0.0 0.0 9.13685769867396e-06 8.370138085246443e-06 0.0 0.0 0.0 0.00013523124163923985 0.0 0.0 0.0 7.131422610118736e-06 0.0 8.627100260326482e-06 1.5700058053216333e-05 0.0 0.0 4.57926033741178e-05 0.0 0.0 1.6009003400480915e-05 1.0881705960732353e-05 9.489594819517516e-06 0.0 3.4722584751088795e-05 0.0 0.0 0.0 0.0 4.2921303218682426e-05 0.0 2.4042939387001246e-05 8.414863461362292e-06 8.528892982691166e-06 3.862721370347087e-05 2.3623838740271803e-05 0.0 0.0 8.75640819697124e-05 1.3845328235194094e-05 2.916540090934046e-05
0.024053165281279317 0.21876978387564489 0.0 0.002744245633478134 0.041643263244394865 4.4859614963471854e-05 0.02667435989803581 0.0805230295384995 0.09827113086469737 0.03251149750084936 0.24370416855884225 0.023494056213408682 0.0805300419160063 0.18504507801333606 0.0012125465117400103 9.570853650483016e-05 0.00011548104656967313 9.330566668566117e-05 3.732598344461595e-05 0.0002327798695447086 0.0006190080638875836 7.019754861477624e-06 0.00039092945150947936 0.00010122587074074449 0.0008924119243511067 0.00014204492579044677 0.0005728962768979329 7.55072108389378e-05 2.100758194210624e-05 0.0 0.39363726631186774 0.03209608643827914 0.005258906771325976 5.0689602170441354e-05 0.001011753803526303 0.0010620558828981722 0.0010186672740435513 0.0003338861529217301 0.00010464755801134047 0.00016729892471906388 0.00026694738871474005 0.0002888111723821429 0.00024105680417445401 0.0001160106958179858 3.6962033946768976e-05 0.00010351089267607468 0.009045919055128672 0.000824664967410297 0.00017938902530556321 4.412482076751603e-05 0.0003231457815798957 0.0 0.0 3.288291147894821e-05 0.0010104195790090035 0.0010421264106618199 0.008497184991385093 0.04983524480798937 0.009276391464264204 0.0034488770215389273 0.0005842420297056235 0.0006826829274926194 7.985635285083933e-05 0.005100982199985783 0.0008820264594983623 0.000483974153419681 0.0001531087855113658 0.0003450888731168255 0.00041813522722717206 0.00118646655876297 0.000626473684846267 0.0 0.0 0.02826727527278441 0.008190984095849521 0.0043849493559081345 0.0018421634422901875 0.0001656322076868061 0.0033355339482984314 0.018117776282393985 0.0012634521733185435 0.006622789613381215 0.002711377319257045 3.798512708875048e-05 0.000324613372101578 0.0005795439535822327 0.0001906399563698005 2.9363831627962248e-05 0.00015340161723163988 0.0 0.00021714789065087144 0.00012805106197962872 0.0007586473056580723 0.00018705627501255218 9.018803951882422e-05 0.00020820359680533203 9.446826807432799e-06 0.0 0.0 0.057908746737397425 0.0 0.0 0.0 0.0 0.0 0.0 0.0 0.0 2.423058631033003e-05 2.3093200356731088e-05 0.0 0.0 9.667846722159767e-05 1.2439973527131785e-05 7.718998727214653e-05 0.0 0.0 0.0 0.0 0.0 0.0 0.0 0.0 0.0 0.0 2.1518636232123205e-05 0.0 0.0 0.0 0.0 0.0 0.0 0.0 0.0 0.0 0.0 0.0 0.0 0.0 1.300723800711749e-05 0.0 2.7173909752866813e-05 0.0 0.0 1.4955600515676909e-05 5.5462495855286476e-05 0.0 0.0 0.0 0.0 0.0 0.0 1.6116772100878444e-05 0.0 8.422180710076797e-06 9.257858206054959e-06 0.0 0.0 0.0 0.0 0.0 0.0 7.387063760475495e-06 0.0 0.0 0.0 6.819434724705627e-05 0.0 0.0 0.0 0.0 0.0 0.0 8.105482999129505e-06 0.0 0.0 4.573491732121639e-05 1.0526863170906042e-05 0.0 8.644587831428369e-06 1.8262604285840102e-05 2.1065499272333094e-05 0.0 0.0 0.0 0.0 0.0 0.0 0.0 1.2276682588809852e-05 0.0 0.0 0.0 5.909074905709284e-06 1.5293383009460205e-05 0.0 0.0 3.568022967659951e-05 0.0 9.585191407343623e-06
0.14029209184116392 0.133087281119607 0.002744245633478134 0.0 0.0011016969484504945 0.0073216126706779315 0.08256291896342792 9.161831795199456e-05 0.0014322487866245594 0.1371873482122846 0.00014600888325673635 0.0023037216282814155 0.014678346098115703 0.0065829572808274285 7.118612851587907e-05 0.0 0.0 6.347333677555165e-06 0.0 0.0 7.661054871961208e-06 0.0 6.597563330492082e-06 0.0 0.0 0.0 0.0 0.0 0.0 0.0 0.0032254071259975913 6.31475709028046e-05 1.5611585329674422e-05 0.0 0.0 0.0 4.546087590364576e-05 0.0 0.0 0.0 0.0 7.413381029468142e-06 1.0357649181080021e-05 1.3516070336163198e-05 0.0 0.0 0.0032132675581964787 0.0004037258717412226 6.366079227442746e-05 5.7812582504855735e-06 0.00014774461893084213 0.0 0.0 1.6836579656810875e-05 0.0006119149104882417 0.0006153632737036825 0.004998658176157739 0.01623290446620941 0.006144899362232155 0.001557540005826494 0.0 0.0 0.0 0.00012523022209398921 0.0006767782239896912 0.0002734849545257278 0.00015913192129804137 0.00013788269505704795 1.7069210019937858e-05 0.0 0.00021213870993851938 8.181138254896407e-05 0.0 0.012793314929893917 0.0008654783136993505 0.0005247852385482165 0.0001044793599430993 0.0 7.779211452230216e-06 0.0 0.0 1.3499037479802858e-05 0.001829246055524003 8.300193027445123e-06 0.00022789106868024845 0.00026392950250780245 5.033554075824563e-05 1.6724757069960356e-05 3.494554915932907e-05 2.028803440983349e-05 0.0001337141858629218 2.6200029681770794e-05 8.51761396645838e-06 9.341980563905785e-05 1.9791791668531383e-05 0.004600757583104603 9.617745062883517e-05 0.0 0.0 0.04489703539626423 5.480397287064113e-05 0.0005014637596313662 0.002319717045119015 0.005210498455374066 4.05837636906812e-05 0.0013015476628110297 0.00013823099086925208 0.0001751974622047058 0.0049055233989158615 0.001366111373523842 0.0 0.0006010204248219644 0.0005671331536643953 2.8736729039962135e-05 0.00013252277313410442 0.0 0.0 0.0 0.0 0.0 0.0 0.0 0.0 0.0 0.0 0.0 0.0 0.0 0.0 0.0 0.0 0.0 0.0 0.0 4.4496770892841385e-05 0.00014153617251382025 0.0 0.0 0.0 0.00010851979507164522 0.0 2.4818165955385148e-05 0.0 0.0 0.0 0.0 0.0 0.0 0.0 0.0 0.0 2.745506784813806e-05 1.8760690059162172e-05 0.0 0.0 0.0 4.0716145786442144e-05 0.0 0.0 8.711054582787188e-06 0.0 9.304021486875779e-05 4.39180307455637e-05 1.9447932591686166e-05 0.0 0.0 6.462933271393922e-05 7.43490876718168e-06 0.0 0.0 1.7669741195217645e-05 0.0 0.0 0.0 0.0 0.0 4.32664839735767e-05 3.611461030662671e-05 0.0 7.76613579010771e-06 0.0 0.0 0.0 0.0 9.908910802423412e-05 1.8622886012768936e-05 4.385853694023434e-05 0.0 0.0 0.0 0.0 0.0 0.0 0.0 7.732812255470925e-06 0.0 0.0 2.154172541844636e-05 0.00010094219342127296 9.767231488844923e-06
0.0015129050186386932 0.0994704456713728 0.041643263244394865 0.0011016969484504945 0.0 0.0 0.15695194622298486 0.0015369529749143446 0.3547706065331955 0.06569905311629597 0.05275361421959528 0.0038315880842482867 0.029266828561054413 0.0968628800634197 0.00015976037039047011 1.0947864342323921e-05 0.0 0.0 0.0 0.0 0.0 0.0 0.0 0.0 0.0 0.0 1.2482951910117052e-05 0.0 0.0 0.0 0.006297205122816605 1.0709867561255786e-05 9.12454564372087e-05 0.0 1.1310516988501405e-05 8.203502118940731e-06 0.0 0.0 9.016039469185054e-06 0.0 1.135347185175866e-05 0.0 0.0 0.0 0.0 0.0 0.0013992972778988908 6.751690198790037e-05 2.5047242879605143e-05 0.0 3.2278170272354476e-05 0.0 0.0 0.0 5.715477948521783e-05 9.521449089811977e-05 0.0004430868820121862 0.0009295220012658634 0.0006104892928811722 0.0004133881562437056 0.0 0.0 0.0 4.97359464521316e-05 0.00010601907175074973 2.2000360767984798e-05 0.0 8.132031545447592e-06 0.0 4.2626438348587024e-05 6.287077702373092e-05 0.0 0.0 0.0015759514285780193 0.0006023277192506914 0.0004164483047885756 0.00015402904844250638 0.0 0.0 5.7899720483833024e-05 0.0 0.0 0.00020325663949341018 0.0 1.810103551426918e-05 3.668286718846931e-05 0.0 0.0 8.058589234756206e-06 0.0 0.0 1.821287508758993e-05 0.0 2.2472348136449875e-05 0.0 5.132823399844726e-05 1.0163190029863187e-05 0.0 9.073118582438627e-06 0.0011835374974221691 0.0 0.0 0.0 0.0 0.0 0.0 0.0 0.0 4.786949727630216e-05 0.0 0.0 0.0 3.072781513445337e-05 1.7722495291820328e-05 0.0 0.0 0.0 0.0 0.0 0.0 0.0 0.0 0.0 0.0 0.0 9.75017903271124e-06 0.0 0.0 0.0 0.0 0.0 0.0 0.0 0.0 0.0 0.0 0.0 0.0 0.0 0.0 0.0 1.972301671719861e-05 0.0 0.0 0.0 0.0 0.0 0.0 0.0 0.0 0.0 0.0 0.0 0.0 0.0 0.0 0.0 0.0 0.0 0.0 0.0 0.0 0.0 0.0 0.0 0.0 0.0 0.0 0.0 0.0 0.0 0.0 0.0 0.0 0.0 0.0 0.0 0.0 0.0 0.0 7.82836441714412e-06 3.4727680692157826e-05 0.0 0.0 0.0 0.0 0.0 0.0 0.0 0.0 0.0 0.0 0.0 0.0 0.0 0.0 0.0 1.6685911625847233e-05 0.0 0.0
0.001677372368022932 0.0008028026929254416 4.4859614963471854e-05 0.0073216126706779315 0.0 0.0 0.0003068059575251228 2.5704169789374644e-05 2.460487860856981e-05 0.026294698119063636 0.0001786160122049154 0.007745051527972356 0.002746406133480139 0.0005653308996261942 7.950492238155193e-05 2.2676659440400165e-05 1.8872511339361124e-05 0.0 0.0 0.0 0.0 0.0 0.0 0.0 0.0 0.0 0.0 0.0 0.0 0.0 4.652793721716632e-05 1.05077795249283e-05 0.0011243462217809292 0.0 0.0 0.0 0.0005125564519255235 0.0 8.103935139696076e-05 1.307208581719822e-05 0.0 0.0 0.0 0.0 0.0 3.529766300738034e-05 4.0456189419321164e-05 8.282307580944384e-06 1.657564722097744e-05 0.0 0.0 0.0 0.0 0.0 7.38956403822821e-06 0.0 0.01165133252368971 0.0021625656593574753 0.00038066783664449674 3.762676548628342e-05 0.0 1.5985019811167572e-05 0.0 0.0 0.0 0.0 0.0 0.0 0.0 0.0 0.0019240348524116415 0.0008778101879432406 7.562498065034618e-05 0.00029928985277691544 1.5502028476622283e-05 3.970733957257571e-05 6.76594125931989e-05 0.0 0.0 0.00019746754068026187 3.167015002368054e-05 0.0 0.0 0.0 0.0 0.0 0.0 1.2931100727591519e-05 0.0 1.8446731743202363e-05 0.0 0.0 0.0 0.0 0.0 0.009998810427357549 0.008040040487499407 0.0005392936173156981 0.0002560703383535023 0.03676975452293179 0.0 5.42875880956008e-05 0.0 6.618150932410962e-05 0.0 0.0 0.00041488827912250736 0.0 0.00032406322214367496 0.00025712911941611137 5.405382813220352e-05 2.5469753886896177e-05 0.0006719856756521383 6.910420139190038e-05 0.00010163616651596275 1.0754803961597954e-05 0.0 0.0 0.0 0.0 0.0 0.0 0.0 0.0 0.0 0.0 0.0 0.0 2.182386023575585e-05 0.0 0.0 0.00011050840114148288 3.9604768078742815e-05 0.0 6.889634448895245e-05 0.0 2.7428709419621394e-05 0.0 0.0 0.0 0.0 0.00012545913176680997 0.0 0.0 0.0 0.0 0.0 0.0 0.0 0.0002132175846887592 0.0 1.0937060293931801e-05 0.0 0.0 0.0 0.0 1.1348844998598295e-05 0.0 0.0 0.0 0.0 0.0 0.0 0.0 0.0 0.00016033277327770043 0.00022375364146001443 0.0 0.0 0.0 0.0 0.0 0.0 0.0 0.0 0.0 0.0001315598983357402 4.4773633371121765e-05 5.0936899697286244e-05 0.0 0.0 0.0002689318298327424 0.0 0.0 0.0 0.0 0.0 0.0 0.0 0.0 0.0 0.0 0.0 0.0 0.0 0.0 0.0 0.00020272333031408872 4.040659219287816e-05 1.157094179020527e-05
0.020443948246306416 0.19150259301101508 0.02667435989803581 0.08256291896342792 0.15695194622298486 0.0003068059575251228 0.0 0.0011719730954230026 0.1702072442495429 0.20413951182783996 0.016048238517487743 0.015132693434068673 0.16406486888797572 0.10686500476540998 0.0008832201650739975 6.923274585204087e-05 6.32210961858698e-05 1.552666147175904e-05 0.0 8.390652514678177e-06 9.190445438969477e-06 0.0 1.762096323930036e-05 1.0241615256264002e-05 2.9037478415340696e-05 2.25731484640984e-05 3.254101499274035e-05 1.950135504055982e-05 0.0 0.0 0.005043795061274776 0.00010520086026612275 3.863433430112617e-05 0.0 6.477057064062205e-05 0.0 0.00011377825354127548 7.774203710141228e-06 1.726048094135766e-05 1.8148872681066035e-05 2.9089911075660565e-05 4.0056636933197676e-05 0.0 0.0 0.0 0.0 0.00836537760344473 0.0006030711739331614 0.00010626444131322352 4.096155650843994e-05 0.0002483986492978512 0.0 0.0 7.867464004984916e-06 0.0006198230427162606 0.0008846493041070118 0.002923480777043231 0.007140557632625299 0.004466636459560963 0.0023393241899361907 2.0489416854320644e-05 7.789056418380116e-06 0.0 0.0002410518513117304 0.000650886556888591 0.00021696105189153008 0.00011972797445694232 0.00022913297303849892 4.729428639487767e-05 4.278792349445835e-05 7.965097074593876e-05 0.0 0.0 0.010241401153566613 0.0030847730970777823 0.0026969373012323532 0.0010183771065857999 1.3689587129563655e-05 2.2346241888113173e-05 8.570802002042866e-05 8.402015156610557e-06 6.734293962631926e-06 0.001964166749207845 6.5716530834591785e-06 0.00019758965576142026 0.00030085564534962676 4.841975111300397e-05 1.098058616391909e-05 9.793084308541931e-05 2.675656785913196e-05 0.00017445052725581595 2.7815893142114266e-05 5.5279660022987474e-05 0.00016564973184415152 2.5227213225041492e-05 0.0004763047601508142 4.049517794177968e-05 0.0 0.0 0.005152010905674731 1.9777766724053327e-05 0.00022836816178966918 0.0008743007119811928 0.0015977199867466384 0.0 0.0006738290709212366 0.00010843814502920382 8.216218059889828e-05 0.0027082015444626446 0.00028144336670562776 0.0 0.004041530440319426 0.006498382483115415 0.0021427675363088275 0.00015679581516679726 1.0946746501917627e-05 0.0 0.0 0.0 0.0 0.0 0.0 0.0 0.0 0.0 0.0 0.0 0.0 0.0 0.0 0.0 0.0 0.0 0.0 2.25296108342471e-05 0.0 0.0 4.010336279284601e-05 0.0 1.9108482157191435e-05 0.0 0.00013263166424818873 3.796000605925749e-05 0.0 0.0 1.00434622010979e-05 0.0 0.0 0.0 0.0 0.0 4.512341092619062e-05 0.0 0.0 0.0 0.0 0.0 0.0 6.935659420648852e-06 7.921573752577117e-06 0.0 2.1150209492719036e-05 5.237929667031418e-05 1.0996139237392081e-05 0.0 0.0 0.00023242715267696417 0.0 1.4179988485083941e-05 7.90366413302259e-06 0.0 0.0 0.0 6.874926909644247e-06 0.0 0.0 2.360586248148791e-05 0.0 0.0 8.802614923956313e-06 9.692249289294595e-06 1.9888021982362226e-05 0.0 2.4162046556277368e-05 0.0 1.6822814082666715e-05 5.7902065270050556e-05 0.0 0.0 0.0 0.0 1.5008253346783992e-05 0.0 2.3683082321828167e-05 8.544736786135402e-06 0.0 0.0 0.00015321279301525897 9.322710589416137e-06 6.245704475491997e-05
0.006029538943120844 0.03345574525935553 0.0805230295384995 9.161831795199456e-05 0.0015369529749143446 2.5704169789374644e-05 0.0011719730954230026 0.0 0.007698552016959794 0.0030724360922665564 0.13501856016453803 0.0035428597091486515 0.024146891716879077 0.08292036296787969 0.004178706485801711 0.0007580414910372251 0.0012599117604209255 0.002555226126262313 0.0007030980585926691 0.0029422223377236108 0.003707520879384822 4.4004265828315687e-05 0.0024994712076686896 0.0007401865548503239 0.004976562269761339 0.0006338926851307525 0.0033793274812837235 0.00027464545971863573 9.154383293336132e-05 7.644005094463213e-05 0.13632306973399003 0.16586090120417993 0.005067125137958866 0.0006247146600681502 0.005667150209851386 0.006642900712143852 0.0010983234321961678 0.002327662471142424 0.000639649046442487 0.0008902203489084676 0.0019638253773422367 0.0011023419286450853 0.0032699119406374125 0.009838112350890996 0.0012466578860526507 0.002833300620553245 0.01688341643222988 0.001218701992382877 0.0007503260363410263 0.0014339895189342167 0.00042993178200832185 7.587395330448607e-05 0.0 0.00013898056329430814 0.0011077855762264676 0.0009536681141864024 0.004290548190924472 0.03660358226831691 0.007141768026101284 0.004873116026284308 0.006429404376865314 0.004249188861589328 0.0014914329397081678 0.02770717780990387 0.0009190924908224747 0.00046374108526753483 0.00014460954045248403 0.0007220660423879585 0.0025612477130135688 0.007027004736624589 0.0007391873525253951 2.1649291587852678e-05 1.0280049758462709e-05 0.02867132406581794 0.034429294831233546 0.012413023406284297 0.013070020491735591 0.01071605663656349 0.06415445886921421 0.09306933044835002 0.0247541361934576 0.06128095176819394 0.0028591064818066295 1.3895923743426001e-05 0.0004650908556717238 0.0004866729334301904 0.0006785669091048073 4.273867841060974e-05 0.00015597222354438777 4.853943516894213e-05 0.0002409528776829574 0.00012402898595877265 0.0032145357915835866 0.0007088051062213483 0.0004032096633641424 0.00020433616430279918 8.733915366418321e-05 0.0 1.9297763701616983e-05 0.01536587033752863 1.2003150765346129e-05 0.0 0.0 0.0 0.0 0.0 0.0 0.0 0.0 0.0 0.0 0.0 1.3874578936930327e-05 0.0 0.0 0.0 0.0 0.0 0.0 0.0 0.0 0.0 9.498702834189739e-06 0.0 0.0 4.412536629454073e-05 0.0 0.0 0.0 0.0 2.0447975093565424e-05 3.344865958980298e-05 1.9976526718867266e-05 0.0 0.0 1.0078888791414318e-05 0.0 2.947676290865816e-05 0.0 0.0 0.0 2.2561871407842944e-05 1.5043806028975589e-05 5.3489037143613633e-05 0.0 3.430180309713235e-05 8.686954701485347e-06 0.0 0.0 1.0497137501329143e-05 0.0 0.0 0.0 0.0 3.226488031937674e-05 4.654434810738593e-05 8.622734868142501e-05 0.00013058780707062457 0.0 0.0 0.0 8.840689443651299e-06 0.0 0.0 0.0 0.0 4.1596226568927566e-05 0.0 0.0 0.0 1.3554962166406567e-05 0.0 1.8645010890243638e-05 0.0 1.8951105123812686e-05 1.034473097047003e-05 0.0 2.4172107773259807e-05 1.9122629273589997e-05 5.447251195708655e-05 4.7333525141109196e-05 0.0 0.0 0.0 0.0 1.1747693852858788e-05 1.2448150552570244e-05 0.0 0.0 0.0 0.0 0.0 0.0 2.1676716897364952e-05 2.0578163974689348e-05 0.0 2.6261791180875878e-05 0.0 0.0 7.570553049217732e-05
0.0006757506712459485 0.09838441487532759 0.09827113086469737 0.0014322487866245594 0.3547706065331955 2.460487860856981e-05 0.1702072442495429 0.007698552016959794 0.0 0.03347909157771848 0.07531142663001766 0.026812523897533108 0.26695629251610714 0.2305288727910745 0.00048709103742844537 6.0542642773630956e-05 4.558440151515904e-05 0.0 0.0 0.0 2.226813352471474e-05 9.273014057454872e-06 2.3226316790666586e-05 4.07382183978546e-05 3.442888737415883e-05 8.132613658715862e-06 3.778054922788273e-05 2.554107354213457e-05 0.0 0.0 0.0016730558295806597 9.101903332229926e-05 0.0009193126309033767 0.0 3.6779928532689866e-05 8.254619634469324e-06 0.000645676679070493 0.0 4.225263604468081e-05 9.904969549334562e-06 9.24433893572913e-06 4.980235048421573e-05 0.0 7.103132950602063e-06 0.0 0.0 0.002079637979557702 0.00015098392900383527 5.2966126297376055e-05 6.870839703576574e-06 4.4106203596143844e-05 1.032084211339451e-05 0.0 0.0 8.925645771857848e-05 0.00010768515636365428 0.0003505427419800055 0.0007827520470503768 0.0006020577101598231 0.0003600538122711743 0.0 0.0 0.0 0.0001705963572665781 8.673851730345315e-05 3.835072819416444e-05 0.0 2.9902394199865305e-05 9.335947623005833e-06 0.0001305498416563345 0.0003485414385236709 0.0 0.0 0.0016969044097752883 0.000819771105231034 0.0008752786772983792 0.0003621313575391593 1.0863168495105093e-05 7.40105603866465e-06 0.00015694729136174837 0.0 0.0 0.0003228742887861854 0.0 7.828329333549837e-05 2.114093683995074e-05 1.4675148665571757e-05 1.0273528913871686e-05 8.238125771875899e-06 0.0 7.706205563158587e-06 1.9822306555648207e-05 7.7000031495518e-05 2.6391474387847556e-05 1.9394096587594982e-05 0.0003245473306653007 2.0584330063382877e-05 0.0 0.0 0.0005592870253193451 0.0 0.0 0.0 1.196377612735276e-05 0.0 8.949530904976433e-06 7.455217006997853e-05 0.0 0.00011093722458244174 9.715166193610069e-05 0.0 0.0 0.00021367686552416638 5.0576392572963976e-05 0.0001061349462640759 0.0 1.7845028501476698e-05 0.0 0.0 0.0 0.0 0.0 0.0 0.0 0.0 0.0 0.0 0.0 0.0 0.0 0.0 0.0 0.0 0.0 0.0 1.0751894048582383e-05 0.0 0.0 0.0 3.158630284664744e-05 0.0 0.00013405387149469658 1.909905139958484e-05 0.0 0.0 0.0 0.0 0.0 0.0 0.0 0.0 0.0 0.0 0.0 0.0 9.622917051073118e-06 0.0 1.1293398546464133e-05 0.0 0.0 0.0 7.004767568128452e-06 0.0 0.0 0.0 0.0 9.559142459248036e-05 2.9170209387067127e-05 0.0 0.0 0.0 0.0 0.0 0.0 0.0 0.0 3.266358805526918e-05 1.0710260210048408e-05 0.0 7.0258948171400265e-06 1.2010147884429368e-05 7.438190226567246e-05 0.0 0.0 0.0 7.812897582673837e-06 0.0 0.0 0.0 0.0 0.0 0.0 0.0 7.509945846097363e-06 0.0 0.0 0.0 4.1061600284837434e-05 1.223047938978398e-05 9.110856704690486e-05
0.12048388024887742 0.1943809098173612 0.03251149750084936 0.1371873482122846 0.06569905311629597 0.026294698119063636 0.20413951182783996 0.0030724360922665564 0.03347909157771848 0.0 0.01621694051354128 0.16838738898180766 0.4431795517083664 0.07201172915164236 0.003030266062733256 0.00013943298224906812 0.000251776133199628 8.526884659249347e-06 1.705389867700275e-05 4.802907928418193e-05 0.00018164095302360464 2.804973477123381e-05 0.00018226875271021005 7.884815357662073e-05 0.00034915587508481134 5.433841945443859e-05 0.0002451135691808231 0.0001154267532375372 3.021775716624798e-05 2.184222391672614e-05 0.0031636745718377807 0.00027262798971592245 0.0024685301215205653 0.0 0.000128896333564658 9.566706403776339e-05 0.0031753849144025804 0.00020545828399294176 0.00016524918956947426 7.203454782450713e-05 0.00024894898153364644 0.00023378772974284837 2.3317754306589433e-05 7.593572852343251e-06 1.6153044094751707e-05 2.0716480881818367e-05 0.01575203812863669 0.0011581722599799467 0.00020573582854333447 2.7799100056314484e-05 0.0003396182993668258 4.3145578851759305e-05 1.1232461544490996e-05 3.33288272289132e-05 0.0009766091703225742 0.0012971042583025413 0.013820272060044452 0.01645895127527055 0.009783447068629825 0.0031833216838594307 6.9494236881414565e-06 6.4334727214177735e-06 0.0 0.0008929186882507395 0.0011708691871889238 0.0005970761161284505 0.00012400134047847315 0.0004961584707699632 0.00020902464895044214 0.0005421584848255224 0.007297317961095808 0.00027478976435652084 2.0298541848322356e-05 0.017826498764040067 0.003450373718377349 0.004636961268501139 0.0020781224623635914 5.650836785384654e-05 3.230688590027845e-05 0.0003494267204326756 2.8666503705402014e-05 7.110223168608683e-05 0.0032334668742322777 3.960581274666197e-05 0.0003385187729887408 0.0005345107793591848 0.00012392606754895155 8.924576473556861e-06 0.00014290401782898564 2.491310464415273e-05 0.000155601134502438 6.232168022698208e-05 0.00045680792416466124 0.0003073682279828608 0.0001426964993487907 0.03973359814220717 0.006250947533766386 0.0 0.0004777890379195202 0.07984209005853848 0.00011357174967601398 0.0008887527688399979 0.000800236854584222 0.0014595067101525335 0.00023532384433876466 0.0008654436724066192 0.0024098626798748873 7.241195452673102e-05 0.008270080536741541 0.010814410120668028 0.00029378678848264596 0.0027860966995666885 0.02217821268955922 0.0030975012578322316 0.003601537630793136 8.929313281445682e-05 4.5346995993920066e-05 3.6794824360430105e-05 9.86136854688279e-06 1.3875413887274717e-05 0.0 0.0 1.3194992075873877e-05 0.0 0.0 0.00021269167507720026 0.0 3.9570988522712934e-05 0.0 0.0 2.1267866932093602e-05 0.00012047432337260926 2.557321586376459e-05 0.00011608952022643698 0.00032310782008556033 0.0009716878704206091 0.0 0.0007905972071666239 0.0 0.0018957042888213282 0.0003665332549543152 0.003789554082368589 0.0013258810917453913 0.0003613536966789263 4.639572955938813e-05 2.105657549553029e-05 9.45749169743419e-06 0.0 1.926499484056578e-05 3.406757404582641e-05 1.215383120949955e-05 1.006041077843286e-05 5.4912530788578575e-05 7.900312571781037e-06 8.627317817810583e-06 2.078594051856658e-05 0.0005145982053940823 8.174423241884137e-05 0.0 2.5043522842624763e-05 8.312939413375476e-06 0.00013768444400301513 0.00013514388283614957 0.00017509510826835707 0.0 0.0002221957521692405 0.007582942253451974 4.553067592312435e-05 3.5041919284876424e-05 1.8865781430521117e-05 0.0 0.0 1.0590331810269245e-05 3.622418283949751e-05 1.0377706282467103e-05 0.0 0.004541644488999248 0.0002346366227126656 1.596379064333462e-05 2.834927222729403e-05 1.0505226981113338e-05 0.0018106180160774967 0.00033454592833189205 0.0014083959160395463 0.00014687717085560165 0.00012423831349804703 0.00022798077030957884 0.0 6.66946464167071e-05 0.0 2.949921183571879e-05 2.852673706837143e-05 0.0 3.3936837024374686e-05 0.0 1.4064751617717173e-05 0.0 0.004322626054779896 0.0016670260618840114 0.0019232758008828708
0.018382438157872414 0.1164683598315037 0.24370416855884225 0.00014600888325673635 0.05275361421959528 0.0001786160122049154 0.016048238517487743 0.13501856016453803 0.07531142663001766 0.01621694051354128 0.0 0.025888484689822598 0.20041750519893262 0.2369861399933925 0.0049295494485248476 0.000624643801660911 0.0007099711594567637 7.563508368017843e-05 8.964796515107064e-06 0.00022711665092917777 0.0009523912141061856 0.00023668752208879168 0.001793519408357523 0.0008262681942434409 0.005900760746536681 0.001172147896001557 0.003918753587840611 0.0013429483718409806 0.0005260710202657229 5.652005062541018e-05 0.13700826129265878 0.02785865402706807 0.06415368068242673 7.308226220176139e-05 0.0022319972396834683 0.0032999331107703843 0.010855420440759218 0.004275474976742249 0.0023302120691114517 0.0022226925367124736 0.0031646197473874913 0.0020606514308571027 0.0001494182474965061 6.140817333771273e-05 9.360544031899017e-06 3.341392487148554e-05 0.017125613242847625 0.000967441248289804 0.00035346510411827836 0.00016033358013503633 0.0006228306390421934 0.0004729189463453669 2.605073167496378e-05 0.0007774993600606702 0.0009906490661610637 0.0009403251441484556 0.004714900845838137 0.01945580704235702 0.006144300278826799 0.004465039172112467 0.0001364347324017166 0.007201717699618854 0.00014166660769876252 0.003803983507369115 0.0010022030325875775 0.0005795167020573775 0.00019804100195525273 0.000539560645281041 0.0009525735775839471 0.0043099261020192415 0.006376487641996761 8.141320858023232e-05 0.0 0.021373339404058726 0.009255912182452683 0.009039978657171863 0.004823778032323469 0.00041045192726579295 0.000914164337206435 0.05211266260030946 0.0007210288968618162 0.010964713869591003 0.0028719159117145923 3.6781041799815724e-05 0.000363762544102302 0.0005413873154102205 0.0001824142548942464 2.6543136780645444e-05 0.00017330759750632712 0.00022208878640622416 0.00023266491883403264 0.00023834372645595425 0.0037294471164233288 0.0008551455875900526 0.0007285603214461938 0.003422280255858462 0.0007914491596610598 3.5577082602756126e-05 0.0006392676152534701 0.02014405091423457 8.042800964003107e-06 0.0 1.6014845439588515e-05 7.729580906172537e-06 1.942064056063262e-05 3.621700213587062e-05 1.6147669183575438e-05 0.0 0.00014461733985562274 0.0002631373267087578 0.0 4.608762569572571e-05 0.00043364580969820673 0.0001453414293087047 0.0002384416083773521 0.0 1.6624403617144046e-05 0.0 0.0 0.0 0.0 8.827890138332913e-06 3.795835902497095e-05 0.0 0.0 0.00025403732573052847 1.2009610850639793e-05 8.439262565870496e-06 1.157427897827971e-05 0.0 6.548195225399458e-05 9.450710829183488e-06 0.00015166321925498847 1.944883614123725e-05 1.7828352360991184e-05 2.756833428495814e-05 0.0 8.388578205332771e-06 0.0 0.0002884227564872325 8.91450486869455e-05 0.0002543095698488836 7.096200184107959e-05 4.200712797714208e-05 3.67753526389402e-05 9.970516091334958e-05 6.0257290980190195e-05 8.215648751806809e-06 2.2744433496640932e-05 0.0 7.146850179709755e-05 1.5432418574945125e-05 1.6050689505077132e-05 0.0 3.7456964809908685e-05 9.153654312432945e-05 0.00017828776892081781 0.0003228716983494753 0.0 0.0 0.0 1.4642590828746882e-05 7.004615343222159e-06 5.4759497064972504e-05 0.0 5.4444984728752895e-05 0.0006065351535946757 1.0339200567758582e-05 0.0 0.0 0.0 7.313634516299669e-06 0.0 1.902259464375339e-05 0.0 1.3775069581019292e-05 0.0003431615137253798 0.00010110379616578438 1.2832070912801596e-05 2.651994698215246e-05 8.384136178035022e-05 0.00022919526242483272 2.845210701141549e-05 0.00021708867385567194 1.781428495033756e-05 1.549397623640744e-05 4.9703847250002945e-05 7.440339864374865e-06 0.0 2.0236516405602935e-05 1.936853064324712e-05 1.3250378422036445e-05 0.0 1.9914622141416786e-05 2.356800747925436e-05 3.56072708269839e-05 2.6540825314042585e-05 0.00016584050427800265 0.00021236545318306012 0.0002630372796657314
0.001615236594259406 0.01802452593966188 0.023494056213408682 0.0023037216282814155 0.0038315880842482867 0.007745051527972356 0.015132693434068673 0.0035428597091486515 0.026812523897533108 0.16838738898180766 0.025888484689822598 0.0 0.11176251432202701 0.033820625436759864 0.001228777814463089 0.0002061643279347074 0.00034631312199924914 9.025086071234137e-06 0.0 1.5466656112345434e-05 0.0001261418408717599 0.00017672393959206962 0.00013057406501620837 6.031685273140048e-05 0.000782472671881154 0.00017103717250219368 0.0005712733026398208 0.0003273247309199557 0.00028089442344043686 2.7768600195690558e-05 0.0004740287109917201 4.3926968242207845e-05 0.008492679170091744 0.0 0.00010715508245358577 0.00015483394972105644 0.01002702736191524 0.0009936420423627345 0.001613648578810353 0.0006047824686899091 0.0005543792041815077 0.0005581978731012903 2.5153380878860587e-05 1.5505851085749834e-05 2.3734593792800937e-05 0.0 0.0025236743360032184 6.522177179613172e-05 7.135834780428426e-05 7.388450836434938e-05 1.4667924842443528e-05 0.00028887724583138324 5.693586700345321e-05 0.0004570731607107208 5.63501859231092e-05 5.932672248822626e-05 0.000801682054324838 0.00030981631349914215 0.0003544713702015196 0.0002216533656815583 0.0 0.0004073147032655796 2.259768411369421e-05 0.00024244830314941487 3.716578535052745e-05 6.968157151502143e-06 2.0425002852556555e-05 6.334467667674844e-05 0.0001616459972911893 0.0007435908355622144 0.004431577340168327 0.00010326618101265949 1.0402954057161032e-05 0.0007828178572093287 0.0004820372280321927 0.0009950330114904898 0.0005556161641702697 4.158713227409667e-05 1.0159304048135163e-05 0.00189295320060906 1.2715082479023798e-05 0.0002142949391499134 0.00016588028136467532 0.0 2.337940800694113e-05 3.147256209531247e-05 4.095591177371732e-05 2.376171595915218e-05 1.2146391135538775e-05 9.641563360775003e-05 2.024090871480897e-05 8.372019075494116e-05 0.0009235572401374595 0.00016836327407727955 0.0002407201558542215 0.03907455194683906 0.0020922508916849216 0.0 0.0008424169374945954 0.00893105539553936 0.0 0.0008780297968702847 0.00023257574313195352 0.00040009538155195214 0.0001341476439969503 0.00043220068443672956 0.0016116047222861148 0.00017122977555487494 0.005041793302450375 0.010335211469009696 0.00029634759948200313 0.0010247084442350045 0.016885725774870623 0.002912872960275163 0.004114054970064303 3.753290543837545e-05 1.8083804700198087e-05 0.0 0.0 0.0 0.0 0.0 1.995099409413409e-05 0.0 0.0 5.940044768897956e-05 9.082031252703202e-06 1.299854354766279e-05 0.00010324623954993514 0.0 0.00010510415367779967 3.47691681857175e-05 0.00015468883495920645 0.0 0.0003687855139085262 0.0004511407588081051 0.0 5.275941336786554e-05 2.198301692855409e-05 0.001839072839617498 0.0006163074104654056 0.002998157634991282 0.0010890752223052034 0.00029342926379050067 9.795880412206959e-05 1.7138657243496278e-05 1.9420583067964154e-05 0.0 3.873533323981123e-05 4.359505196058593e-05 0.0 2.8045340502050438e-05 0.0001558101079391406 0.0 1.013531980549604e-05 1.9455601982995057e-05 0.00023316541276617272 0.00011115621154334507 0.0 0.0 0.0 0.0001413468707162956 4.7852404967296014e-05 0.00013308015998165126 0.0 0.00031770411618892456 0.005520346308828471 4.72489116129384e-05 1.817547088014325e-05 0.0 0.0 0.0 0.0 1.5332319919182263e-05 8.733723680635033e-06 1.0513381793475342e-05 0.003967280884216596 0.00021920220888079422 3.916505108376026e-05 0.0 2.8290612718983273e-05 0.0013512849792873182 0.0005076640767157314 0.0014678336085244832 0.00010956949686591643 6.451363133194424e-05 0.00012593848081014249 0.0 4.7172235992971294e-05 2.460077637600924e-05 1.9495482948466434e-05 0.0 0.0 0.0 0.0 1.8962278301269422e-05 2.6259351009094746e-05 0.004907819735147017 0.0020703001379432655 0.001557227343708878
0.0021786216068284134 0.09133515722440233 0.0805300419160063 0.014678346098115703 0.029266828561054413 0.002746406133480139 0.16406486888797572 0.024146891716879077 0.26695629251610714 0.4431795517083664 0.20041750519893262 0.11176251432202701 0.0 0.3708379154400276 0.004057990762474056 0.0005340366412422583 0.0006057368051736797 5.6612600101807317e-05 1.7984241118247468e-05 0.0001134640894276956 0.00041950232383099575 0.0003992712568157078 0.0006746811096546752 0.00029997432716811763 0.002146822010755019 0.000529311493258601 0.0014531570846081487 0.0007949835051221764 0.00037635709320187614 9.005336620955956e-05 0.0012910673438752066 0.00019036359041911145 0.05625645633586588 2.3795202171907703e-05 0.0005942612574403093 0.000692284240366863 0.026025233568698097 0.002784688618530154 0.004392854499824043 0.0015762846227648636 0.00152238979322062 0.0012619702128963725 2.780910508728001e-05 1.3279762402231409e-05 8.363589147646962e-06 6.276446654647007e-05 0.009873247789187724 0.0002904543148070243 0.0002508065977449562 5.322802696201261e-05 8.35369185010224e-05 0.0007609855396713756 1.0448730634453814e-05 0.0009972136110600579 0.000102875539890149 0.0002959587968182322 0.0013172793072056396 0.0012609858972526232 0.0012631941403425128 0.0010918621121167853 5.615527924373438e-05 0.001767189042143002 2.3148878739516458e-05 0.0011853863499214916 0.0001753549921163167 0.00012362542793230372 5.4425262130164195e-05 0.000213928076472422 0.00038865057736972087 0.0016891923249334525 0.01521810321479136 0.0003175082203743217 0.0 0.004142667041932504 0.0022571449281348246 0.0038942851733072626 0.002311145840145632 0.0001689582506767941 8.049193756741625e-06 0.006156681266836057 6.05514848847115e-05 0.0007605535266939681 0.0007483941324154682 2.0071763977515427e-05 5.813278400195087e-05 0.0001184409987865765 8.535696913341833e-05 9.73111642382355e-05 5.428729475232644e-05 0.0002523543428463739 0.0001119328414555003 0.00022167519590910703 0.002258914281340167 0.0004371427633650664 0.0006060075845356405 0.0480377964081612 0.002972382318678 0.0 0.0015087116765317417 0.003635467707855685 7.924561476692858e-05 0.000220375455886352 0.0003258772589122836 0.00011604561346752109 0.00019216923783140383 0.0005246172658773688 0.0010276868349386795 0.00011070282762641087 0.004526093008334505 0.007879768416679724 0.00017654201580255682 0.0008619490988055691 0.01080403340025416 0.0024477568738152156 0.0035166644925178877 0.00010502574347789178 9.278612667377558e-05 0.0 1.0796221549299383e-05 0.0 0.0 0.0 1.1225071123289348e-05 0.0 0.0 0.00015083590694227287 1.018851228369582e-05 2.1211601209433732e-05 8.524424234369094e-05 0.0 6.100537447579796e-05 7.83679055570176e-05 0.00011711369527590703 0.0 0.000317730628148999 0.0007550684994177799 0.0 0.0003156479287939506 0.0 0.0017433492112871938 0.00018128962904641907 0.0033405726985354994 0.0009131298320964244 0.00017220764287319463 0.00011781006411622504 6.051915767188629e-05 4.092872362146249e-05 0.0 4.835486018342188e-05 8.14500496208583e-05 7.894950727120327e-06 0.00010691345252786574 0.00015821667068227028 0.0 1.0697176054690794e-05 0.00010264312512452874 0.00022224432367421186 0.0002121939055135548 9.170658814454519e-06 0.0 0.0 0.00023594410203258784 8.47709365638057e-05 0.00012618595277497015 1.9190786178736713e-05 0.0003626297791219314 0.0063195370235505635 4.22259391934111e-05 1.4188946234827203e-05 0.0 1.2334670478220736e-05 9.227771900648558e-06 8.37291014652284e-06 8.475301975766762e-06 0.0 4.712182210930569e-05 0.004431774218584899 0.0003895599199604808 3.100513036749795e-05 2.6433333623774975e-05 7.601711004897913e-05 0.0014129223961473246 0.00032643038476910585 0.001358598357046587 0.0001252413959247717 6.886655414012352e-05 0.00020524424336150425 3.0057493739581667e-05 0.00018669652509280664 8.568331646610787e-06 0.0 1.0096037286437384e-05 2.1308463942617756e-05 0.0 1.081506019811034e-05 3.993961975308564e-05 0.0 0.002999941951970246 0.002135968180898586 0.0021483928326295706
