0.0 0.1597708295923764 0.0035113986868197376 0.1399902021223814 0.0007918261297945796 0.02103475374948727 0.03212698216159673 0.0027455058228110004 0.0006168772045207497 0.09487344475423842 0.01038607181267939 0.0057052191340989196 0.02249252451797514 0.015507513788155161 7.541538308081048e-05 1.799062880499446e-05 2.3975789454605034e-05 1.4794509935972315e-05 0.0 0.0 0.0 0.0 0.0 0.0 0.0 0.0 0.0 7.38646595268112e-06 0.0 0.0 0.04592401152170022 8.238756168900956e-05 0.0033379334990660515 1.3528828814787904e-05 0.0 0.0001034467131154154 0.0004911658905441466 6.297916903420719e-05 0.0001411480832983152 4.4878441507063114e-05 0.0 1.2602068664932287e-05 0.0 4.899404816774874e-05 0.0 2.8209552344165106e-05 0.0008460921985007524 0.0005624379492002828 2.1880401512517086e-05 3.2703910615459836e-05 8.413203160990391e-06 0.0 1.7877154880615117e-05 6.137669714380217e-06 9.914911415073988e-05 0.0003889397916155872 0.020279503756695672 0.06627986225130039 0.00407463819529067 0.0013792166001243915 7.44048392529419e-05 0.0001745851200720434 0.0 0.0011690536014959897 0.00040958183744307914 0.00033744888732522774 4.6137382081271206e-05 5.1542477163565146e-05 4.922717715131512e-05 0.0 0.0006770960264149365 0.0022208523068896115 0.0 0.021290686881776297 0.005944143208296349 0.0032374774034041095 0.00024177783479074913 5.342636590448333e-05 2.007558161542237e-05 0.0028706904327338097 8.804330250242316e-05 0.0005303852500438831 0.0009578180204766562 0.0 0.0005301691124040183 0.0003685623674588215 0.00042633037901280296 4.5266296996233186e-05 0.00010509466940456003 1.2443118720674013e-05 0.0 0.0 2.402718390736579e-05 0.0 2.1301399074757918e-05 0.011485563036903483 0.0009623413217970951 2.7464592277378034e-05 0.00023556251620299287 0.04843772691104583 0.0 0.0006576914333270138 0.0010964573038329056 0.0008622429068826602 9.896101513594003e-05 0.0006298308639801003 0.004281217928313917 0.0011874091395408836 0.0013588768305675012 0.0030024908806421447 1.7784825750461523e-05 0.0006105118471535006 0.0020896813208895206 0.0015096555669615725 0.0001466856797118341 0.0 0.0 0.0 0.0 0.0 0.0 0.0 0.0 0.0 0.0 0.0 0.0 0.0 0.0 0.0 0.0 0.0 0.0 2.0656951327759428e-05 0.0 0.0 0.0 0.0 0.0 0.00019733928741214052 0.0 2.4619117391517964e-05 0.0 1.4505785240327682e-05 0.0 0.0 0.0 0.0 0.0 0.0 0.0 0.0 0.0 0.0 0.0 0.0 0.0 0.0 0.0 0.0 0.0 0.0 0.0 3.689961129821627e-05 0.0 0.0 2.0050006375395938e-05 0.0 0.0 0.0 0.0 0.0 0.0 0.0 0.0 0.0 0.0003505666600785094 0.0 0.0 0.0 0.0 1.1116531168365577e-05 0.0 7.999357037454063e-05 0.0 0.0 0.0 0.0 0.0 0.0 0.0 1.0967672329605482e-05 0.0 0.0 0.0 0.0 0.0 0.0006010464138541587 0.00010064372398192148 0.00011457190211122956
0.1597708295923764 0.0 0.042818106537975534 0.13971184541119308 0.1308229931796294 0.045963043365255286 0.36667636445978125 0.04352740401346044 0.26871033237672876 0.1443588419034518 0.19421967870222054 0.02646579010430775 0.16571002879725066 0.5167286059398302 0.0015818681985658252 0.0005024581717652987 8.699632492396694e-05 2.3462019897323372e-05 0.0 2.3737855440878368e-05 0.00042041747519328665 2.204143779308355e-05 4.096440953351427e-05 2.4072169024583974e-05 0.0 5.827080135365914e-06 1.5133851821831513e-05 4.1194491569039724e-05 0.0 0.0 0.1357008794842917 0.0027937560045997174 0.024520089749653428 8.76069408030546e-05 5.127507518971707e-05 0.0007255069970613934 0.002214544760210904 0.0008399102415789606 0.00038489283542478633 0.00013997220729872444 5.5589368787851385e-05 2.9546296554234658e-05 1.551150235157304e-05 0.00016885420806364291 1.216040610400109e-05 7.642788066183891e-05 0.014037975254860526 0.0014011763223394263 0.00010395685906189202 8.385074290667166e-05 4.767766212474975e-05 2.7353721714297978e-05 9.419197415374437e-05 1.1972849743648504e-05 0.0001939389067060756 0.0007356541803025863 0.014291698545449259 0.06165490638605683 0.004692587470106102 0.012169697418168236 0.0005588570104540258 0.0028985240615792807 0.00022652286456635728 0.011303079528120943 0.0008213486427063499 0.0006650199742443487 0.00018326340426247476 0.00010256223318940232 0.0003911655487152953 0.00010326143826953739 0.0025417016874399504 0.0005524622546219115 3.4117768437570525e-05 0.042849508923196715 0.02393184520825449 0.026285424675886376 0.006464088751822263 0.0006642207398610993 6.693321548909706e-05 0.026757946977448956 0.000195457063600126 0.004451849870375337 0.0014140450590885863 1.4472324506657346e-05 0.0014168685202430814 0.0008054682777712612 0.0006574906211161985 5.867249034180438e-05 0.00018641707976630833 2.33848003173384e-05 4.3589623394308836e-05 0.0 0.00021264539382323462 5.0377951070070527e-05 1.2081053857537143e-05 0.0026633418391901354 0.0006004822784724828 0.00010972295883501034 0.00033672353921403695 0.04435021390926075 7.291484863836322e-05 0.000333203741507003 0.0013157428816535437 0.0010565440884162634 0.00029154668211964685 0.0013123642076182437 0.002431160172076099 0.001446671167546807 0.0023300770281106625 0.003066151428483963 0.0005039304356679331 0.001915587502706294 0.004711318059755306 0.004414487788355013 0.0015844827180431526 4.7393752809622716e-05 0.0 0.0 0.0 0.0 0.0 0.0 3.397177714065807e-05 0.0 0.0 1.585138294888625e-05 0.0 1.4745125916899519e-05 0.0 5.122499868245315e-05 4.1202994141128674e-05 0.0 0.0 0.0 0.00028849446919697726 0.0 0.0 0.0 0.0 0.0014688275933736816 0.0 0.00034142013607395846 0.00018035154415635722 2.3432290221024393e-05 0.0 0.0 0.0 0.0 0.0 0.0 0.0 0.0 8.865097789428786e-05 0.0 0.0 0.0 0.0 0.0 0.0 0.0 8.676574409979422e-06 1.4579797195296428e-05 0.0 0.0 0.0 0.0 0.001070141591358896 0.0 1.6985756480054858e-05 0.0 0.0 0.0 0.0 0.0 0.0 0.0 0.002430271880754227 8.054363764914252e-05 0.0 0.0 0.0 0.0003001758164062301 0.0 0.00020441660741421432 9.66655848524706e-06 1.2577733496285832e-05 3.481251497807792e-05 0.0 0.0 0.0 0.0 0.0 0.0 1.8416117700451244e-05 0.0 0.0 0.0 0.0023782622057125107 0.0006893598261810506 0.0012058336775034398
0.0035113986868197376 0.042818106537975534 0.0 0.003734067512054982 0.023534859347058887 0.0015107345079220093 0.0013823787377846332 0.22231887013243487 0.10071961049700198 0.0013307093381324305 0.18061163531402846 0.006518375935750212 0.005610389184128737 0.10247468937690711 0.0006895249079727007 0.0003293606843978651 0.00021330805918483815 4.557218504866024e-05 7.469450287385633e-05 9.291823355433853e-05 0.002157105350814893 1.0488481344583097e-05 0.00027235277006179223 0.0002829217180413091 0.0 0.00016890077974277373 3.201177433648992e-05 0.0 7.959235503846064e-06 0.0 0.17618888304630365 0.03390659085847491 0.030376122862620168 0.001251141383814879 0.0001814589909865599 0.0056615944939672255 0.0028964678300246256 0.003526608761137133 0.0008980213492412582 0.0007868086136990538 0.0003991309392316187 4.3909425777072876e-05 0.00020553287324171494 0.00023660525999243717 3.624138377552576e-05 0.0004655728079803499 0.0035197073375714716 0.00014086112309215397 2.921038359388835e-05 0.00013119911137100877 0.0003536418961388185 5.3779322453191814e-05 0.0001547288782998864 4.0970809504447845e-05 8.589859116478377e-06 3.839512259623172e-05 0.0022385975149224295 0.013354623106777841 0.0007402173152195502 0.0014795738794465203 0.006533890539758858 0.013471876236912102 0.0010393009077068027 0.0073372176795301215 9.107522083878844e-05 0.00016441846090852128 7.381523312056084e-05 0.00016252299159640133 0.0025403423996587966 0.0005398223465292948 0.001782937599002443 0.0 0.0 0.005981451080073851 0.005570940465639864 0.004338641406045666 0.0023659222292881296 0.0007534750154389863 0.002771239552437221 0.10413695152576183 0.0008402445255902173 0.034310557114490915 0.00016789082834964232 0.0 0.00017578571272487846 0.00010014354740102618 0.000441977060480898 1.004995937778273e-05 6.713061158912757e-05 0.0 0.00013469735963413378 4.300770905602787e-05 0.0013067213101196232 0.0004654289399853074 4.4819820533406864e-05 0.0005250598029325475 0.0005417047132748149 5.06598524158804e-05 0.00046708277675602377 0.0019201019884795536 2.862290766361552e-05 0.00010847315614768008 6.792016641680017e-05 9.662232035893581e-05 0.0 0.0002047645253104119 0.0001418645010226484 0.00020100300240163266 0.00030836648688516366 0.00029597242195787704 8.404707982013802e-05 0.0003411361114262786 0.0006792251762368056 0.0008130627080316557 0.0007240254301590384 1.9450519594781926e-05 0.0 0.0 0.0 0.0 0.0 0.0 0.0 0.0 5.8434899861365405e-05 0.0 0.0 4.212859603671445e-05 0.0 6.688874641112163e-05 0.0 0.0 0.0 0.0 4.268251955872367e-05 1.409273698147732e-05 0.0 0.0 0.0 0.001286315740876975 0.00012623750001965748 0.00035311532318955057 0.00022094531971663444 0.0001336481133559311 0.0 7.600255540060236e-06 0.0 0.0 0.0 0.0 0.0 0.0 4.974897069987892e-05 0.0 0.0 0.0 1.2515936934433581e-05 0.0 0.0 0.0 2.4848431036232067e-05 0.0 0.0 0.0 0.0 0.0 0.0011702489805259886 0.0 0.0 0.0 0.0 0.0 0.0 0.0 0.0 0.0 0.0007039673968351156 0.0 6.375690473958583e-06 0.0 0.0 0.00038884116256795396 0.0 0.0 0.0 0.0 0.0 0.0 0.0 0.0 0.0 0.0 0.0 0.0 7.305782453118088e-06 0.0 0.0 0.00029638662994961964 0.00010161943836458463 0.0005442857148450701
0.1399902021223814 0.13971184541119308 0.003734067512054982 0.0 0.0017594445004322525 0.07018061437289369 0.05398958225131898 0.00013431507559443875 0.000270123852652987 0.21080677271943749 0.0009593386220265277 0.0230344667320273 0.09196515914450899 0.01767437382877625 5.527098046104487e-05 7.493359514185287e-06 0.0 6.1794536139462265e-06 0.0 0.0 0.0 0.0 0.0 0.0 0.0 0.0 0.0 7.2208907939993444e-06 0.0 0.0 0.008623158362888295 1.9661579645077474e-05 0.0003633034470226266 0.0 0.0 0.0 8.911843798149047e-05 2.954154475448336e-05 1.5199432178589966e-05 1.738953476175323e-05 6.506972434518202e-06 0.0 0.0 1.86800991276471e-05 0.0 5.839922464410596e-06 0.0008886544503577112 0.00020434512390367287 7.2312608662706125e-06 1.469248252102396e-05 8.842024378625218e-06 0.0 0.0 0.0 4.5164132562269074e-05 0.00011498808504972084 0.0036081785938330124 0.008850538219296038 0.0008439592446761371 0.0008394944238602199 0.0 0.0001450658625940826 6.401602347034499e-06 0.0006874748925469186 7.847525526788567e-05 9.015745761380164e-05 2.0893312087175738e-05 1.763268929855486e-05 3.42439649225743e-05 0.0 0.0002557919401077805 0.0006173192801102247 0.0 0.006858658367942317 0.0022281006458454364 0.0012849814945531347 0.0001365155640218463 4.3009545012264114e-05 8.702867274778993e-06 0.00020282585853564255 2.3271018346610704e-05 9.80871472834094e-05 0.0002252843615119591 8.700090421776313e-06 0.00021990945102881137 0.0001553976622012797 0.00013988528746244807 0.0 1.922143661517348e-05 2.516554429759344e-05 1.061238005026517e-05 0.0 0.0 1.1877279473035978e-05 0.0 0.01357207760436628 0.00018200905185379772 1.0473177601996462e-05 0.0002026195202197747 0.005927267921672684 3.120856098016801e-05 0.0005000034420897935 0.0010171741489612095 0.0004571116678788127 2.4227365239259654e-05 0.0005980607931588927 0.0012945166705314944 0.000511886460589518 0.001135378830815443 0.0008400511789442633 7.077724158882836e-05 0.00036035759338587457 0.0013925290123325417 0.0011711019712149606 0.00021801899671124278 0.0 0.0 0.0 0.0 0.0 0.0 0.0 0.0 0.0 0.0 0.0 0.0 0.0 0.0 0.0 0.0 0.0 0.0 0.0 0.0 0.0 0.0 0.0 0.0 0.00044632920681431906 0.0 0.0 2.8700192302989264e-05 0.0 0.0 0.0 0.0 0.0 0.0 0.0 0.0 0.0 4.7954967911916214e-05 0.0 0.0 0.0 0.0 0.0 0.0 0.0 0.0 0.0 0.0 0.0 0.0 0.0 8.170422222800056e-05 0.0 0.0 0.0 0.0 0.0 0.0 0.0 0.0 0.0 0.0003087548658066889 0.0 0.0 0.0 0.0 0.0 0.0 0.0 0.0 0.0 0.0 0.0 0.0 0.0 0.0 0.0 0.0 0.0 0.0 0.0 0.0 0.00031107533212585656 1.1020349733797901e-05 4.108219758539315e-05
0.0007918261297945796 0.1308229931796294 0.023534859347058887 0.0017594445004322525 0.0 0.0012792132162762406 0.12112958035227142 0.0017132607640293533 0.4144622282384847 0.0158877944595133 0.05683600960515209 0.011010224035434103 0.07755352211751727 0.2292662396818641 0.000623817017068782 0.000297851619029691 6.650421289377227e-05 9.783200111835877e-06 0.0 0.0 0.0 0.0 2.1624526386587647e-05 0.0 0.0 0.0 0.0 6.8057754209329334e-06 0.0 0.0 0.0027781885654671492 0.0005030272807400969 0.001366266482458736 5.641510255017229e-05 0.0 6.676558307368238e-05 0.00029301779614687197 5.543478077988592e-05 2.3982048956403755e-05 5.40761958372804e-05 0.0 0.0 0.0 3.5715460434397274e-05 0.0 1.3383796650985711e-05 0.0069127438835370454 0.00013984115945338957 6.649310055302002e-06 6.820656770366692e-06 0.0 2.875819767682295e-05 0.0 8.281967530601566e-06 3.428810081761933e-05 7.564595404750003e-05 0.0006041707475736551 0.0024504204156309273 0.0006151600772866101 0.0033926256284017037 2.438976924561285e-05 0.000256604283957868 9.135066651888498e-06 0.002597338931066205 0.00011265232188820473 7.410548474034503e-05 6.398213344328357e-06 3.261819881374322e-05 6.777387348090337e-06 0.0 0.0006634791623896544 8.612276018904315e-06 0.0 0.005209136740046305 0.003922956675103003 0.007523046162077448 0.0021425490469591823 0.0002479284360443965 2.7793340818972677e-05 0.0028184489476397725 1.73318270839106e-05 0.0006625339115729105 0.0001785743192975859 0.0 0.00013441216194595937 0.00010137078483080915 0.00011592797142413578 6.865060788953328e-06 1.2946175658145028e-05 0.0 1.575850524979549e-05 0.0 5.935068370373618e-06 4.5056431180020965e-05 0.0 0.0011247627512517525 0.0 7.216620433724974e-05 2.244574443587863e-05 0.00015835219288757232 9.380831055928283e-05 6.593008547430378e-05 0.0006743626542775505 0.0005385686121848111 0.0004793531662496216 0.0012464319130819667 0.0006144943605410982 0.002198517647417072 0.0015129247490028109 0.002053871939341441 0.0002532130781042426 0.0011858062122347569 0.004435801917383507 0.00407745977563738 0.001224460863633047 0.0 0.0 0.0 0.0 0.0 0.0 0.0 0.0 0.0 0.0 1.2063098944857964e-05 0.0 0.0 0.0 0.0 0.0 0.0 0.0 0.0 0.0002566318671672115 0.0 0.0 0.0 0.0 0.0014816176309346365 0.0 2.4558101542331002e-05 0.00016689589581783456 4.976518428816008e-05 0.0 0.0 0.0 0.0 0.0 0.0 0.0 0.0 4.5832007110841976e-05 0.0 0.0 0.0 7.341365305760444e-05 0.0 0.0 0.0 0.0 1.090187461534363e-05 0.0 0.0 0.0 0.0 0.0004099681226351838 0.0 0.0 0.0 0.0 0.0 0.0 0.0 0.0 0.0 0.0016410324531124065 3.7978264420144805e-05 0.0 0.0 0.0 0.00038982502810343186 0.0 3.395442402732505e-05 0.0 0.0 8.89927003623272e-05 0.0 0.0 0.0 0.0 0.0 0.0 0.0 0.0 0.0 0.0 0.0023905340279912844 0.00017463174202433823 0.0006198073413863711
0.02103475374948727 0.045963043365255286 0.0015107345079220093 0.07018061437289369 0.0012792132162762406 0.0 0.012610776649719442 0.0007481057868091245 0.0001140982737039473 0.07389634623585464 0.0015833493667329864 0.020734051792382413 0.01880346544397198 0.005563570275377608 7.194021266435641e-06 4.138435803056795e-05 7.673812079307561e-06 0.0 0.0 0.0 0.0 7.601336610237032e-05 0.0 0.0 0.0 0.0 0.0 0.0 0.0 0.0 0.009654160923870501 1.6006269145716933e-05 0.0017353853856726005 0.0 0.0 6.331602289131993e-05 0.004086767776551994 1.472434141368282e-05 0.00045549973724045347 3.2380165732310916e-05 0.0 0.0 0.0 0.0 0.0 0.0 0.00021650885395099138 3.587354045576777e-05 0.0 0.0 0.0 0.0003113240906418276 0.0003261952582812455 0.0 1.1281150151182031e-05 2.971108607150957e-05 0.016926797931466602 0.003555952300106254 0.00046519748923824696 0.00013795601733348914 7.71222471963709e-06 0.0005139254385914197 0.0 0.0001254834449460443 1.3489105622073896e-05 4.790232550178897e-05 0.0 8.102656954901938e-06 1.5589416884119913e-05 0.0 0.015012669674870699 0.02959740347012649 0.00040689235427078475 0.0013978535555126722 0.0002849762501658694 0.00023969672442725212 9.251549770148299e-05 1.1269209781845358e-05 0.0 0.0008953310991567747 0.0 8.908976108439164e-05 6.806789410936906e-05 9.784706335260829e-06 6.634786236782005e-05 7.758421469396369e-05 8.278930440043797e-06 0.0002071519160541652 0.0003522618174470838 0.001100807993230317 3.914558757448256e-05 0.00031315713892053794 8.470305589367757e-06 0.0 3.3352332899663444e-05 0.04829801726323235 0.060438419399247344 0.0015074597613315345 0.0069937234166266024 0.01980816842868721 0.0 0.0002477199828055193 0.0007394546427341692 0.000682253632625089 9.008982542192601e-05 0.00041820614254866847 0.002414790485620557 0.001176288349939798 0.0011877092969454826 0.002863692902650451 1.1771693999545502e-05 0.0005474885609534663 0.0016414692810707283 0.001492906681858561 0.00015754291865773714 0.0 0.0 0.0 0.0 0.0 0.0 0.0 0.0 0.0 0.0 0.0 0.0 0.0 0.0 9.266030511466945e-05 0.0 9.907510416726777e-05 5.9147334669632835e-05 8.666775430994307e-05 0.0001579693533787019 0.0 0.0 0.0 0.0 4.07131107441361e-05 0.0 4.550477415728128e-05 2.075719897412548e-05 1.9492852556159258e-05 0.0 1.1614694851202133e-05 0.0 0.0 0.0 0.0 0.0 0.0 0.0 0.0 0.0 0.0 0.0002723008896351123 1.0432599272619405e-05 0.0 0.0 0.0 0.0 0.0 2.633034886498698e-05 0.0 0.0 7.176556270668896e-05 0.0 0.0 0.0 1.1037451481310653e-05 0.0 0.0 9.860834691861355e-06 0.0 0.0 0.00015257651262658292 0.00021474383314923085 0.0 0.0 0.0 4.836576472161567e-05 0.0 0.0 0.0 0.0 0.0 0.0 0.0 0.0 8.509104643036679e-06 0.0 0.0 1.2705822618053939e-05 0.0 2.0563664050243886e-05 1.603596333507658e-05 0.0007137935982456862 1.3038601391633476e-05 9.688424600802123e-05
0.03212698216159673 0.36667636445978125 0.0013823787377846332 0.05398958225131898 0.12112958035227142 0.012610776649719442 0.0 0.00026293360729547104 0.06881985358852594 0.1257801891143008 0.005360338460549365 0.03345800086451589 0.49050252382951726 0.1920563048585965 0.0006057416617175114 0.0001734707927186037 2.529971154347036e-05 7.616779146186387e-06 0.0 0.0 7.1991594795263206e-06 0.0 0.0 0.0 9.614096959935577e-06 0.0 0.0 4.682944048612425e-05 0.0 0.0 0.00856011724499412 0.0005384065600906062 0.0006536316993736828 3.045861105541164e-05 0.0 1.4253367626612265e-05 0.0002606946603904373 7.98946741891141e-06 5.880852508786361e-05 0.0 0.0 0.0 0.0 5.0204109918895345e-05 1.0255572675765075e-05 9.180224767935924e-06 0.006039576591983398 0.0002865266888386057 8.682220825613777e-05 1.2930042408351522e-05 9.434143676334723e-06 0.0 0.0 0.0 8.097181813037277e-05 0.00015957330734169816 0.002435433148526495 0.008349403170670592 0.0009713087456832116 0.0043317187184102315 0.00012230794990326357 0.0005723726322128926 8.500544404671308e-06 0.003236113053312485 0.00010952857715332632 0.00022717718359697975 4.67257570140071e-05 2.1346479809562648e-05 5.410760079284031e-05 6.3787502367275955e-06 0.0007072546510930822 0.00019510425294216806 9.244817897757148e-06 0.01073154900590713 0.006001518265578002 0.007609767876743014 0.001843172764603689 0.00020779427401473643 1.3970571714206753e-05 0.00048388288380584094 4.9461441224065937e-05 0.00014061957680372786 0.0004691331549371856 0.0 0.00032350125150993464 0.00024627358198141936 0.00020844061932724084 2.380268613604345e-05 2.907701283264976e-05 0.0 1.3119334178612246e-05 0.0 7.14710457539468e-06 8.018084185363025e-06 0.0 0.00346060327528136 0.00016275665485555426 6.773027580443824e-05 6.970489824186257e-05 0.0012671193215682815 0.0002723612105317373 0.00040424081255112544 0.01073254526722766 0.0022319889561953337 0.0003010823835018579 0.003911340821011782 0.003228833920565057 0.004468562767778872 0.007084377789472996 0.0062591106321026385 0.0002985413737407326 0.016150228589616306 0.015235020422782726 0.008918183957325002 0.0012128653489796792 0.0 0.0 0.0 0.0 0.0 0.0 0.0 2.456493672114554e-05 0.0 0.0 0.0 0.0 4.6613392056481866e-05 0.0 0.0 0.0 1.821379384459525e-05 0.0 0.0 0.0006015549830962059 2.314491304332604e-05 0.0 0.0 0.0 0.0014339187821213574 0.0 0.00018067070826708752 0.00015886723800317333 8.243299778608176e-05 0.0 0.0 0.0 0.0 0.0 0.0 0.0 8.995713384127627e-06 3.658340591105279e-05 0.0 0.0 0.0 4.656670307330161e-05 0.0 6.926188520574014e-06 0.0 7.6228474128120434e-06 2.6867745330750943e-05 3.26865693311066e-05 6.277431180518225e-05 0.0 0.0 0.0008404857066588923 6.282815929262429e-05 9.48119738639144e-06 1.0381751417299188e-05 0.0 0.0 0.0 0.0 0.0 0.0 0.0024788308836894814 6.858574367892552e-05 0.0 0.0 0.0 0.00020936213825330688 0.0 0.0 9.656908502119724e-05 6.508966011909971e-05 4.5255157054528094e-05 1.8154420252100673e-05 0.0 0.0 0.0 1.6535364132048163e-05 0.0 0.0 0.0 0.0 0.0 0.003427116846109698 0.0002260426419957235 0.0008194289476436464
0.0027455058228110004 0.04352740401346044 0.22231887013243487 0.00013431507559443875 0.0017132607640293533 0.0007481057868091245 0.00026293360729547104 0.0 0.007690427594635084 7.928011482389325e-05 0.10960191846379377 0.0003703159200646881 0.0008132722707302609 0.024781653389077625 0.0006729545167529101 0.00029209002659074204 0.0002588251556889281 2.9764623048232454e-05 0.0 0.00018481872337511743 0.0024636096048638654 5.183454798186423e-05 0.0004652153140321486 0.0006095001342281307 0.00013953619110414016 0.00014593417723348195 0.0001492119308491909 1.1417788668084052e-05 3.332161698217555e-05 0.0 0.10010944289829656 0.1569370202078214 0.00976695463065374 0.0011037912160928077 0.00020749882158684353 0.01181605146074636 0.0036113725184262857 0.0067516383856954095 0.0015072388886496393 0.001240171134739179 0.0007101694580937863 0.00015827820656205978 0.00044926323393566466 0.0005356584495372916 3.057585053835336e-05 0.0015998720994861296 0.003738291903928188 8.24325251197648e-05 8.021522278335241e-05 0.0006281778064434268 0.00048430887543293824 7.392264419993029e-05 9.772742751551337e-05 5.530019754822017e-05 0.0 3.3544971778326926e-05 0.001048504118153942 0.007206772816439396 0.0002504871429450167 0.0014615181207717476 0.034384133275058446 0.04480811959691423 0.002996175062549329 0.033601382556399245 6.763214554545231e-05 0.00027889491596767765 0.00010559187346141218 0.00020441811166614263 0.0036798061029810936 0.0005594253323087946 0.0005702276897172734 8.793924395307226e-05 0.0 0.003537374792241591 0.006774442111532036 0.0040532891771791965 0.04012179717886273 0.0478258663053818 0.06568953036714427 0.13482613411466832 0.02197804635453167 0.14971630145499681 8.161614118020938e-05 8.973308310681473e-06 9.665372630024404e-05 0.00013375322172723726 0.001061654047495874 0.0 0.00014611312160368265 0.0 0.00010755542200226856 6.013157971821194e-05 0.0017059174723742362 0.0005609225573302552 0.00010189877479327952 3.2621298006444816e-05 1.4391657271941509e-05 2.1534371817216407e-05 0.0002146046627377824 0.0010348895420504984 0.0 0.0 0.0 0.0 0.0 0.0 1.8323896016863953e-05 7.355754076761316e-05 0.0 0.0 0.0 0.0 9.853002921500595e-06 0.0 0.0 1.6391939723747337e-05 0.0 0.0 0.0 0.0 0.0 0.0 0.0 0.0 0.0 1.4918083344710521e-05 0.0 2.3860727982564775e-05 0.0 0.0 0.0 0.0 0.0 3.44330915799923e-05 0.0 0.0 0.0 0.0 0.0 8.729559071921543e-05 5.552438924469078e-05 8.986669143339716e-06 0.0 8.16324006057872e-06 0.0 0.0 0.0 0.0 0.0 0.0 0.0 0.0 0.0 0.0 0.0 0.0 2.3876379694306523e-05 0.0 0.0 0.0 0.0 0.0 0.0 0.0 0.0 0.0 0.00015227137127850427 0.0 0.0 0.0 0.0 0.0 0.0 0.0 0.0 0.0 8.118384174964596e-05 0.0 0.0 1.7402613670393453e-05 0.0 2.0125573841205376e-05 0.0 0.0 0.0 0.0 0.0 0.0 0.0 0.0 0.0 0.0 0.0 0.0 0.0 0.0 0.0 0.0 8.124651858474326e-05 0.00020105524213357332
0.0006168772045207497 0.26871033237672876 0.10071961049700198 0.000270123852652987 0.4144622282384847 0.0001140982737039473 0.06881985358852594 0.007690427594635084 0.0 0.0021291718533432836 0.08363824742594507 0.0017209655054406595 0.08898746485489209 0.20482830352357992 0.00039597607590106585 5.0599192421835066e-05 0.0 0.0 0.0 0.0 9.299582131131905e-06 0.0 0.0 0.0 0.0 0.0 0.0 0.0 0.0 0.0 0.0007990426241510949 0.00010495653747896119 0.0009313078021166756 0.0 0.0 5.092461356999324e-05 0.0002998168122916106 8.18898041344787e-05 3.343023806760133e-05 0.0 0.0 0.0 0.0 1.5752922464214848e-05 0.0 0.0 0.0016370504399920787 3.486790121863929e-05 1.463160024073365e-05 0.0 3.426865298911745e-05 0.0 4.832041832764012e-05 0.0 0.0 0.0 0.00016374689276101303 0.0007251609397651401 5.3440968780018165e-05 0.0007480766362599608 1.9161151205487755e-05 0.00016882955154104586 0.0 0.00042556184871806173 7.641587966898083e-06 2.3653342801986655e-05 0.0 0.0 0.0 0.0 0.00011806546067674708 0.0 0.0 0.001068393273569455 0.0008594113384411509 0.0015775446320332935 0.0007580060386188487 8.831895518966576e-05 0.0 0.0017597499813706255 0.0 0.00012101454362497822 3.057873730229313e-05 0.0 6.219843763969998e-05 3.7909310339779095e-05 3.472928381199539e-05 0.0 0.0 0.0 0.0 0.0 5.023012233829936e-05 0.0 4.236278223534841e-05 0.00035214651397383226 0.0 0.0 3.5740987372756276e-05 9.807409351135125e-05 1.7399303527552495e-05 0.0 0.00010964600737856696 0.0001474045859577879 0.0 0.00023817182353610633 0.00024224312376728847 0.0010433092008772023 0.0006046489079588144 0.00019681523797855833 5.002962704556725e-05 0.0004772038031656849 0.0012725666234361685 0.0011200766752835947 0.00020256461009564937 0.0 0.0 0.0 0.0 0.0 0.0 0.0 0.0 0.0 0.0 0.0 0.0 0.0 0.0 0.0 0.0 0.0 0.0 0.0 6.493088268079651e-05 0.0 0.0 0.0 0.0 0.00013261288047577115 0.0 5.948240333654755e-05 0.0 0.0 0.0 0.0 0.0 0.0 0.0 0.0 0.0 0.0 0.0 0.0 0.0 0.0 3.365129064856359e-05 0.0 0.0 0.0 0.0 0.0 0.0 0.0 0.0 0.0 0.00011076517081323885 0.0 0.0 0.0 0.0 0.0 0.0 0.0 0.0 0.0 0.0004866352567348686 0.0 0.0 0.0 0.0 0.00019890520184054434 0.0 0.0 0.0 0.0 0.0 0.0 0.0 0.0 0.0 0.0 0.0 0.0 0.0 0.0 0.0 0.0003792058513185364 0.00011719381716528878 9.60928631100989e-05
0.09487344475423842 0.1443588419034518 0.0013307093381324305 0.21080677271943749 0.0158877944595133 0.07389634623585464 0.1257801891143008 7.928011482389325e-05 0.0021291718533432836 0.0 0.0006744411159004118 0.30435374237701385 0.5745094942964463 0.039230826787756364 0.0002426747809828248 6.104993932092919e-05 0.0 0.0 0.0 0.0 0.0 0.0 0.0 0.0 0.0 0.0 0.0 0.0 0.0 0.0 0.005326111794031092 0.00012796724680372268 0.0013701999745826404 0.0 0.0 1.4119629181252266e-05 0.001173304260111665 0.0 0.00012079051999859526 2.521070241364087e-05 0.0 0.0 0.0 2.9450456188583888e-05 0.0 1.3121563941300234e-05 0.0058242008093900505 0.00021751181293845205 3.114693889576747e-05 1.5404333273414894e-05 1.742026990133326e-05 9.581472633710308e-06 8.416291707610197e-05 6.927839156127078e-06 1.2244969508931021e-05 0.0001609681796512666 0.002916734290465096 0.005518876443829184 0.0008079263353330776 0.0027062798213391185 6.143709887178904e-06 0.00043729888824272766 1.7612988625610244e-05 0.0020321884026106127 8.965712380605017e-05 3.520792031359073e-05 2.2216541194975792e-05 1.6701239943965933e-05 0.0 0.0 0.004890781355469842 0.0011955046715069668 1.144797721022355e-05 0.0070315627920664436 0.004171509270715458 0.005004547401433518 0.0019112882950003693 0.00019720103128225395 3.4543068562225034e-05 0.0003413970261904673 2.457461134798075e-05 0.00046946856615163974 0.00018973265457335794 7.402677569465647e-06 0.00019215882761305884 0.00014598817751191283 0.00011084598295295694 0.0 4.0855602141657e-05 3.279682035137083e-05 4.910962617190593e-05 0.0 0.0 0.0 0.0 0.013567689676847653 0.003772059244261477 6.527568166932622e-05 0.0006093204668115411 0.008556296248439395 1.3113714427469806e-05 0.0003426559598644371 0.0034519704897830188 0.002945366226597526 0.0004203541541716657 0.002416205027551998 0.0037289097441821064 0.0024349237256264065 0.004544501483161366 0.009174478894239604 0.0005512704642086532 0.002452119853611559 0.030918394232327975 0.01376955637910795 0.001765128430690223 0.0 0.0 0.0 0.0 0.0 0.0 0.0 0.0 0.0 0.0 0.0 0.0 0.0 0.0 1.3996436271363554e-05 0.0 0.0 0.0 0.0 0.00022207904068241872 0.00010357299338902594 0.0 0.0 0.0 0.0016289587140002394 0.0 0.0002631176672065512 0.0001706940530769835 0.0 0.0 0.0 0.0 0.0 0.0 0.0 0.0 0.0 0.00013723093192422433 0.0 0.0 0.0 0.00011516275866534785 0.0 0.0 0.0 0.0 7.844587553223844e-06 0.0 1.328387331581521e-05 0.0 0.0 0.0006066440073459813 0.0 0.0 0.0 0.0 0.0 0.0 0.0 0.0 0.0 0.0024952765289529134 0.00018152632991831188 0.0 0.0 0.0 0.00029300733440000744 0.0 0.0 5.308119430309064e-05 6.0683048726917414e-05 9.68897312045187e-05 0.0 0.0 0.0 0.0 0.0 0.0 0.0 0.0 0.0 0.0 0.004332397191231811 0.00020022482015226748 0.0005551811071794958
0.01038607181267939 0.19421967870222054 0.18061163531402846 0.0009593386220265277 0.05683600960515209 0.0015833493667329864 0.005360338460549365 0.10960191846379377 0.08363824742594507 0.0006744411159004118 0.0 0.007663762631533151 0.023680073125130596 0.19608942498698373 0.002266379062248564 0.0014259599433812083 0.00013948223617013184 0.0 0.0 0.0 0.0002167401918298698 0.000216695329931191 0.00010172002116537773 0.00022567515403823298 0.00021891209749914266 4.8948052658507925e-05 0.00015664072532738191 4.8900802291662416e-05 0.00010587677197497308 0.0 0.030697032440355716 0.002237353893862781 0.06992378576761345 0.00012162945145222835 5.684460491989261e-05 0.0080079508528714 0.03319124810549366 0.011452510321218343 0.008895955130748779 0.0025209647441150704 0.0002720804733546872 8.941256704227077e-06 8.528577115246434e-06 0.00043195112921116165 0.0 2.8548444728792772e-05 0.005188762218918327 6.775531479738144e-05 0.0 2.3969725130972632e-05 7.831826745564794e-05 0.0002756622381580319 0.0003395835208649712 0.0003358965436938732 3.390607011524117e-05 7.893764959449876e-05 0.0014469482604123375 0.004925181556571565 0.00042167312041087855 0.002142943397051124 0.0003963458823385927 0.016474739226699838 5.141505637915444e-05 0.004382388458374583 0.00010686169620414108 6.433378683271995e-05 1.2633284849689923e-05 9.027882393206313e-05 0.00038902857993779416 4.929516076246495e-05 0.011565384605040334 1.3501678348954496e-05 0.0 0.00445051128774466 0.005848630588188263 0.0071170602221113 0.005129995690651665 0.0019269411516887821 0.00023946962526612717 0.08899858881909567 0.00010009829071014726 0.009944733338686007 0.0001533343238941495 6.2986542431601575e-06 0.00011097663994908502 0.00012311021398395835 9.90545123778466e-05 0.0 1.687780274623817e-05 0.0 5.5557037228875605e-05 0.0001636432861772644 0.0006338472792237392 0.000392911945774145 0.00037044528918064293 0.0005540648950752784 0.00036220276242586317 0.0 0.002267473278857761 0.0019241078330511391 0.0 0.0 5.526956837658397e-05 4.97646948641218e-05 0.0 1.2467801858475577e-05 1.6851818913535282e-05 0.00012534389551436883 0.0003354348783281389 0.0001417688992080898 5.402266871804067e-05 0.00025493085494652156 0.0006754658658401183 0.0004896249480778004 0.0004582425972053696 0.0 0.0 8.887177565931075e-06 0.0 0.0 0.0 0.0 0.0 9.314931218141019e-06 0.0 2.0553604488691763e-05 0.0 1.5070963050846511e-05 0.0 6.697863384269954e-05 0.0 0.0 0.0 0.0 0.00010846757878371515 0.0 3.00209491540159e-05 0.0 0.0 0.00047042652227841255 8.065982287426162e-05 9.451764913209363e-06 6.462843636861044e-05 9.543449363965104e-06 5.3455944268415984e-05 0.0 0.0 0.0 0.0 0.0 0.0 0.0 1.2126292312072228e-05 0.0 2.066626270634064e-05 0.0 3.37454976292568e-05 0.0 0.0 0.0 0.0 0.0 0.0 0.0 0.0 0.0 0.00017713505479841058 0.0 0.0 0.0 0.0 0.0 0.0 0.0 0.0 0.0 0.00043597706234765367 0.0 2.6685462723882322e-05 0.0 0.0 6.0619412758709824e-05 0.0 0.0 0.0 0.0 0.0 6.859952641186247e-06 1.74769331788364e-05 0.0 0.0 0.0 0.0 0.0 1.3820114484554278e-05 0.0 0.0 0.00017315304167808275 0.0001522236521883351 0.00031932482368535425
0.0057052191340989196 0.02646579010430775 0.006518375935750212 0.0230344667320273 0.011010224035434103 0.020734051792382413 0.03345800086451589 0.0003703159200646881 0.0017209655054406595 0.30435374237701385 0.007663762631533151 0.0 0.06216803834654228 0.0363240228696265 0.0013590986751972345 0.0011276964979277024 3.0381358945732278e-05 2.2491637920168873e-05 0.0 6.435324796882408e-06 1.1094112294443009e-05 0.0012088678689754187 0.0 5.552484860340546e-05 0.0001607053845721676 5.5851450678044706e-05 0.0001136945447096647 0.0 1.1552368942504859e-05 4.6613401913965016e-05 0.002585248022189891 0.00016016495742320985 0.008157201509336014 0.0 0.0 0.0006680680085799121 0.027533488007358015 0.0012248384215024467 0.002621056561416035 0.00035756108209743107 7.129720410989745e-06 0.00012147332814126266 0.0 0.0002993455447515423 0.0 6.120063756604462e-06 0.002299654543252364 8.664352165912138e-05 1.7587857465199613e-05 2.282790969290175e-05 0.0 0.0010433187655931003 0.0005872097787207232 0.0006955595522019641 0.0 2.565279278934067e-05 0.0008944047752005487 0.0015020736177534656 0.000206494663436558 0.0009340823509326658 2.1816783780653324e-05 0.0006866744412573748 3.5344093557288184e-05 0.0015495271867565763 2.5985292596147123e-05 4.107654481168216e-05 9.285768839997184e-06 6.841283060978872e-06 1.9448550069649038e-05 0.0 0.04039296686266888 0.0005933206124229825 0.0 0.002650064970601845 0.0024088378645228167 0.0032123148262089437 0.002347949639677295 0.0014890852422099659 3.1761369620833245e-05 0.0022439383776587853 3.225018840964588e-05 0.0003517853816286012 0.00012307040305964436 0.0 4.064159519677448e-05 4.4495498494619654e-05 4.344008241771494e-05 7.102586702877689e-06 1.5376362664983605e-05 0.0 0.0001410648659327091 7.254544734339382e-05 8.876347642070973e-05 0.00014432563954082213 0.000669576391779422 0.056861280356395816 0.010762159930356268 4.482559751140551e-05 0.0059827030356355 0.0024139726491808596 0.00032887836563344 0.0005406123479009539 0.0032335879515576634 0.003083483773578613 0.0012766328441062844 0.005547221480378975 0.004040896156652251 0.007829549372218953 0.00629163496796185 0.006979179157136676 0.0011237693505728257 0.00474442964038681 0.018507664744299275 0.015975488320152626 0.0048685013986214075 9.38255108816271e-05 4.6542614341733846e-05 0.0 1.5536277656842032e-05 0.0 0.0 0.0 1.8846130687798615e-05 0.0 0.0 4.2688117623403187e-05 1.0533463011682189e-05 7.694754893703607e-05 1.9127332152305e-05 4.026504081915897e-05 4.076108317162216e-05 0.0 0.0 0.0 0.0010342530325346787 0.00010200984299889671 0.0 0.0 0.0 0.004132850258859498 0.000124178044082265 0.0005404529420481001 0.0005783417636091569 1.6931723671929657e-05 0.0 0.0 0.0 0.0 0.0 0.0 0.0 2.237303071144043e-05 0.00012560677586069706 0.0 0.0 1.0437474783784204e-05 8.7814035680754e-05 4.3130733402954756e-05 0.0 0.0 0.0 8.02150818213434e-06 6.339393939536343e-05 1.010408386050121e-05 0.0 0.0 0.0008461560838632835 0.0 0.0 7.284812629218218e-06 1.0712983551772856e-05 0.0 0.0 0.0 0.0 0.0 0.006948202948863275 0.00021694070240170081 0.0 0.0 3.6618598111638004e-05 0.0008885341846274435 0.0 4.69994485549775e-05 0.00018248569418655234 8.504943651537835e-05 0.0001337272807745861 5.183364996514948e-05 1.9022484018553964e-05 0.0 0.0 0.0 0.0 0.0 1.1064853312964328e-05 0.0 0.0 0.010143718227434574 0.0012954876592367363 0.0020875351792310763
0.02249252451797514 0.16571002879725066 0.005610389184128737 0.09196515914450899 0.07755352211751727 0.01880346544397198 0.49050252382951726 0.0008132722707302609 0.08898746485489209 0.5745094942964463 0.023680073125130596 0.06216803834654228 0.0 0.3056746557998669 0.0024578877030879366 0.001471324543142382 7.419251547330682e-05 2.5902437985920834e-05 0.0 0.0 6.656055235295408e-05 0.0004843447975801505 0.0 9.089906564344435e-06 8.533665745196877e-05 2.9634727049803386e-05 6.828912412502802e-06 0.0 2.96913651907245e-05 0.0 0.003640466443249898 0.00043673889448259617 0.0364608947668779 0.0 0.0 0.0011354323120973862 0.029871231992161327 0.0018990058300899157 0.0037056685949951812 0.0005948342560683737 1.012505368440108e-05 1.0553031101478466e-05 1.7829780309481955e-05 0.0002667953443351736 0.0 5.7603841579522336e-05 0.008223688689484655 0.00020458849234785884 0.0 4.1085964622578e-05 3.604480141072908e-05 0.00020887535207751926 0.00027550875960979465 7.911291120899553e-05 7.701907877774821e-06 0.00011910168472683765 0.0017220332694938285 0.0038307057379558507 0.000610543081574602 0.0027508823528786296 4.5523232787349304e-05 0.002163339977747764 2.8912177478078207e-05 0.0032819293254158534 0.000117923926933714 7.896741130761792e-05 2.1304630357733708e-05 2.3155636999242302e-05 6.0371620276087256e-05 0.0 0.02927645562465561 0.00031137653146642445 0.0 0.005767685286194683 0.005617629963873609 0.00789838580155181 0.0046731052399737825 0.0015467479896444072 3.3667901000541436e-05 0.004149601468357036 8.751235480213435e-05 0.0004014683653505418 0.0001952683563786159 0.0 0.00019554227957044022 0.0001185649038608962 9.364929013402004e-05 0.0 6.320072533255828e-05 3.0213626476863658e-05 1.601867035239076e-05 0.00010217111536618455 2.668325661915389e-05 6.743653167837485e-05 0.00024372586765313115 0.04962013400581099 0.0043818150126000745 8.4048069511446e-05 0.0023884656934188213 0.0028109384139255733 0.00028615811852946555 0.0005828264531681064 0.003895088252299266 0.004532825384076141 0.0014466968669911214 0.010993833078501424 0.005576163814855247 0.008116959566571368 0.01671623194069078 0.008160499865584371 0.001192135581902531 0.009518292300060262 0.025882078855281293 0.018888265498485577 0.00510729618059125 0.00010878421001415064 3.7576407361911904e-05 0.0 1.0478020583466875e-05 0.0 0.0 7.596095189297791e-06 1.9721560951408096e-05 0.0 0.0 2.435947128541041e-05 0.0 7.12382228452322e-05 0.0 1.0226508872452717e-05 0.0 4.022082852861955e-05 0.0 9.051241572446329e-06 0.0009672864425648891 7.198277629083938e-05 0.0 0.0 0.0 0.006032101075992332 3.270799062773463e-05 0.000425084438980244 0.0006317712518714272 0.00019719811248149397 0.0 0.0 0.0 0.0 2.472552300760632e-05 0.0 0.0 5.063593914751266e-05 0.00039459137897847655 0.0 0.0 0.0 0.00017063485297619233 1.9400461323861826e-05 0.0 0.0 0.0 4.389976889370734e-05 9.911432167109632e-05 5.5985834788550874e-05 0.0 0.0 0.002198141738211728 1.5949339716168806e-05 1.3943885042955432e-05 0.0 0.0 0.0 0.0 0.0 0.0 0.0 0.00798674908584319 0.0005696823796640386 0.0 0.0 0.0 0.0010314647714667552 0.0 0.0003352611185011997 8.307869004032763e-05 4.318553805201042e-05 0.0001407100261118452 4.804331363312987e-05 6.761263364330996e-05 0.0 0.0 0.0 0.0 0.0 4.3970703342437406e-05 0.0 0.0 0.012865886254350877 0.0013438936232675021 0.0023523246095343217
