0.0 0.18379433527045486 0.043164814546806915 0.04643442778417385 0.05871233990495623 0.029357565124567626 0.06544919833370393 0.00225852272672899 0.026350742043060472 0.07027976471545384 0.016874310997889552 0.002991839152102032 0.013326782600458827 0.005651584959981419 0.00011779708862397332 7.233760898850761e-06 2.8063670038463487e-05 0.0 0.0 6.510408079835293e-06 0.0 0.0 0.0 0.0 0.0 0.0 0.0 0.0 0.0 0.0 0.06943181246321242 7.656373188562322e-05 0.00028002255443227743 0.0 0.0 0.0 0.00032242771234678493 2.442457214183162e-05 2.5835732219122536e-05 1.2449163092250482e-05 0.0 9.556267792315317e-06 0.0 0.0 0.0 0.0 0.005595134514268773 9.746408457936235e-05 2.418470765335254e-05 1.2573818768952008e-05 1.582719576857131e-05 0.0 0.0 0.0 0.0012838252530748984 0.0009821208751719006 0.01661717596150241 0.031477344635624314 0.005647256380155002 0.0016189138927347772 3.564111813351292e-05 1.2349461267690539e-05 0.0 0.0007810288001429175 0.0003745691132969471 0.00018158985799770108 7.013583011991292e-05 2.387927887492521e-05 0.0 0.0 8.412430167435318e-05 0.0002586541102741401 1.380875810838409e-05 0.014309903946414576 0.0005530870565192327 0.0010621162718161424 0.000167990354180652 2.436431582642716e-05 0.0 0.0003163664230467637 0.0 1.8657007619478868e-05 0.0031939955864944197 8.43315474680137e-05 0.0001664880290865029 0.00043255712007880587 1.8751729754976964e-05 1.4138375432080502e-05 5.7886410043630765e-05 0.0 0.0 8.35460371866571e-06 0.0 0.0 0.0 0.0009203686386642422 2.0124580163176573e-05 0.0 0.0 0.11666249621362117 4.9706541467130195e-05 0.0 7.277412617687797e-05 0.0 0.0 0.00013049199694737662 0.00015358920838299335 0.0 0.00010011691038553856 0.00028492248120336514 1.6973380980940038e-05 0.0004605393365329599 9.722397837857695e-05 0.0002870205377891239 0.00016418867878605406 0.0 0.0 0.0 0.0 0.0 0.0 0.0 0.0 0.0 0.0 0.0 0.0 0.0 0.0 0.0 3.863530335634165e-05 7.635065660060895e-06 0.0 0.0 3.258206051355551e-05 0.0 0.0 0.0 0.0 0.0003522363651648149 8.229755226187432e-05 4.2524268752456794e-05 0.00021021664429588283 0.0 0.0 0.0 0.0 0.0 0.0 0.0 0.0 1.5444022893263667e-05 0.0 0.0 0.0 0.0 0.0 0.0 0.0 0.0 0.0 0.0 0.0 0.0 0.0 0.0 2.2464771532372008e-05 0.0 0.0 0.0 0.0 0.0 0.0 0.0 0.0 0.0 0.0008558751799437063 0.0 0.0 0.0 0.0 3.764539657768063e-05 0.0 0.0 0.0 0.0 0.0 0.0 0.0 0.0 0.0 0.0 0.0 8.25867856231915e-06 0.0 0.0 0.0 0.0004814515040411227 6.127879101178665e-05 9.852938966813696e-05
0.18379433527045486 0.0 0.07848797289909959 0.020541142613410033 0.2674815211455223 0.004825114041933968 0.126374582889143 0.003636039886893636 0.09346005702781429 0.059051436483718266 0.05729114550002686 0.0069880878683412665 0.023281475517539334 0.01500306940725886 0.0003094252219969302 4.2463616278200675e-05 2.6663794947761388e-05 0.0 7.509022042207777e-06 1.702924838263311e-05 9.573650993395022e-06 2.8684939924296684e-05 0.0 0.0 7.347597698941029e-06 1.627753142094191e-05 1.5616373463879448e-05 2.7875633101010215e-05 0.0 7.970776350150358e-06 0.07050968567077813 0.00021743840615259227 0.0005436733553547772 0.0 0.0 8.40842730082867e-06 0.0012343993818431382 0.0002564448383240489 8.904932912568831e-05 1.4314042794200758e-05 0.0 2.451270294203048e-05 0.0 2.5880156724754454e-05 6.941249530811798e-06 1.3131034893605214e-05 0.010744871521185854 0.00010917481103506216 5.347734763764256e-05 3.42231229308602e-05 1.6849239202609008e-05 1.1716241513279745e-05 0.0 3.987226504515629e-05 0.001691381037703042 0.001440423008131679 0.010069567199026077 0.022353731734284257 0.005991926897337716 0.002389612994186071 3.697277702475108e-05 0.00014569543437075453 6.910586697176922e-06 0.001811266621424966 0.0005280830210243689 0.00022419714696265337 0.0001039502781419758 2.4062630472113777e-05 0.0 1.3744459864556148e-05 0.0003192026191499345 0.00015552440489594092 0.0 0.016381303408900837 0.001966194080727082 0.0025008773866392908 0.00038404450027308294 3.326108509631036e-05 0.0 0.0005216129054856395 6.771333397894535e-06 3.537453854820738e-05 0.0038673510287313985 6.784540586016346e-05 0.000224304056523523 0.0006293449838988463 3.1591346180312284e-05 1.4175124013668979e-05 7.002432906410097e-05 2.7991391133013917e-05 1.3206600809386856e-05 7.350863931710935e-06 0.0 0.0 8.265407029528573e-06 0.0005226193387372342 0.0 8.148641285760626e-06 5.2549996557930545e-05 0.05912310210409914 4.457583762066225e-05 0.0 1.4340036217035223e-05 0.0 0.0002817884110433646 0.00018463704262606083 7.050867377649062e-05 6.80735254853448e-05 0.00018663538284296625 0.00016458961509182874 0.00019878384751510544 0.00046649029905572334 0.00022263953277562446 0.0002918546703319089 0.00011957126526353061 7.622761603307184e-05 1.0668687388434845e-05 0.0 0.0 0.0 0.0 0.0 0.0 0.0 0.0 0.0 0.0 0.0 0.0 0.0 0.0 0.0 0.0 0.0 0.00046398704814912 0.00010296382701819297 9.891405021689456e-06 0.0 0.0 0.0007823562488074789 0.00016710449104445472 0.00045945078135213986 0.00014843875823404392 3.7211685052785874e-05 0.0 0.0 0.0 0.0 0.0 2.9508228661738977e-05 0.0 0.0 5.66864331080277e-05 0.0 0.0 0.0 5.741519432647069e-05 0.0 0.0 0.0 0.0 7.231721234833082e-06 1.8726336111103207e-05 0.0 0.0 0.0 0.00028991856514690997 2.572912116256247e-05 0.0 0.0 0.0 0.0 0.0 0.0 0.0 0.0 0.001615583503008465 3.587800866026298e-05 0.0 0.0 0.0 9.701251543238541e-05 0.0 0.00010287820337716016 1.1096962810485885e-05 2.2016148990000635e-05 2.3404638322937495e-05 0.0 0.0 0.0 0.0 0.0 0.0 0.0 0.0 0.0 0.0 0.0007270846991158792 0.00020318678469577196 0.0006447722645788227
0.043164814546806915 0.07848797289909959 0.0 0.0004131204524468863 0.11901405442191891 0.00013409545301389718 0.007221710082487456 0.17735871783668772 0.03334826281380396 0.013120249051932605 0.21008506696012133 0.002925661559077855 0.022867931824766288 0.04917234520320424 0.0021238194095123584 0.0014764545712872513 0.0003414672321150951 0.0002476408533357007 4.943113695859435e-05 0.0005123167208275309 0.0038117185762481885 2.2927075060540736e-05 0.0016219275091337282 0.0009350259115482741 0.002372054379230504 0.0006482167473618247 0.0011208263376674802 0.00016365099426240683 9.483191028479197e-06 0.00010055252513512616 0.3067795478283385 0.004704622687348696 0.006421851244035577 0.00032446189316581286 0.0030586929993673437 0.0024345588317076384 0.010970194931141698 0.004541209012669699 0.0036254778327244955 0.0009048783690731461 0.0028484661875714233 0.002712901137932982 0.00038095134736622355 0.000264005461441855 0.00018115562357082557 0.0004211274267732281 0.01507435991576596 0.000469439075262767 0.00018010999829633353 0.0007333945967951175 0.00020554132989748572 5.8505721990524064e-05 2.7019898815100618e-05 7.536566787090873e-05 0.0027054004878631502 0.00210259784367252 0.019323236592338713 0.09030209726595348 0.008846464649059936 0.00398599605936289 0.0032913256364055254 0.003999614805972831 0.0008001243902404445 0.014354006614188355 0.0008032788106373996 0.000445800789790531 0.00017733020150044698 0.00020741770166906082 0.00045711475657674093 0.00223723138048555 0.004108490399335378 0.005746296209422125 6.846514928776406e-06 0.032727265661523695 0.006930307886511649 0.005583186522597619 0.001470475074245803 0.0005073443579341067 0.004519738282997148 0.03486839425585981 0.0013406602035045856 0.016685262976473693 0.005909269545919075 0.00018670138034508534 0.0003701707045859511 0.0008213700466247175 0.0006279952994335654 7.065777148471946e-05 0.00017239264275508678 1.5881765265215433e-05 8.771924967546622e-05 3.943127791058217e-05 0.0021111511387162164 0.0015532844395035209 0.00023235746870126902 0.0011039617154504412 0.006713683812582041 0.0 0.005989828513851646 0.035326695837867905 0.0004712209212468064 1.416698128706258e-05 0.0 0.0 0.00118906977513023 0.00023507091927828515 9.62495301061551e-05 0.0008810216061497369 0.00022139062121823218 0.0010262094758435214 0.0001322297858423414 0.0024349790752167476 0.0005354198060799674 0.0020419507553068143 0.0005746614541066649 0.00021850584925251211 8.954794802327471e-05 0.0 0.0 0.0 0.0 0.0 0.0 0.0 0.0 4.4402968996163534e-05 0.0 0.00013341335681487117 8.877089871151809e-05 0.0 3.7895241221845527e-05 4.492511328849373e-05 0.0 0.0 0.00104313514946401 0.0007096603016711155 0.0 0.0001872440130451585 0.00011791315831940927 0.0037501067867107586 0.0016594166716031665 0.006338206829940239 0.0026884661901691986 0.0009131973288839443 0.0 0.0 2.235454725775413e-05 0.0 0.0 0.00014518419068011343 0.0 0.0001033941483375304 0.00014149848524865313 0.0 1.01285989008469e-05 1.635896007217674e-05 0.0004279259462260245 0.00013634417185831466 0.0 2.8987081692391955e-05 0.0 2.95146378470767e-05 9.612116563460993e-05 0.0 0.0 5.178666493899775e-05 0.0015895435786047322 1.6876329680724976e-05 0.0 6.432905695261319e-06 0.0 0.0 0.0 0.0 0.0 0.0 0.004966184096621439 0.0007039123629413838 0.0 8.604263442527476e-06 1.5428888516993943e-05 0.000373544929774008 0.0 0.0002518106815059283 1.6507412290808122e-05 0.0002851300712119719 0.00018060580356571223 0.0 3.701825079727156e-05 0.0 6.502829810333953e-06 0.0 5.792450501124653e-06 1.3616585743477657e-05 0.0 0.0 0.0 0.0011508447365124832 0.002436044682965344 0.00626604224713941
0.04643442778417385 0.020541142613410033 0.0004131204524468863 0.0 0.009193033434101803 0.027223280117948064 0.09001747443736625 1.1172858396920294e-05 0.04396970120796741 0.14805006023512007 0.0002885781242727366 0.023654938897459662 0.0828532504152365 0.0022088973472677137 0.0 0.0 0.0 0.0 0.0 0.0 0.0 0.0 0.0 0.0 0.0 0.0 0.0 0.0 0.0 0.0 0.0010562402130975138 0.0 6.582640859096902e-05 0.0 0.0 0.0 0.00010481730330145021 0.0 0.0 0.0 0.0 0.0 0.0 7.033517143634635e-06 0.0 0.0 0.00044930704668985253 0.0 0.0 0.0 9.070211355097237e-06 0.0 0.0 0.0 0.0001589222981513351 0.00011133150744189018 0.0017849174140050273 0.003992074839907315 0.0005470835510047201 0.00016003113500315458 0.0 0.0 0.0 1.1281807621807588e-05 2.4105213393153835e-05 0.0 0.0 0.0 0.0 0.0 1.3472348599620998e-05 0.0 0.0 0.001223765662399216 2.2140218393156842e-05 3.011544806746125e-05 0.0 0.0 0.0 0.0 0.0 0.0 9.84473328419398e-05 7.506064009943088e-06 9.788842819406927e-06 6.21238338567995e-05 0.0 0.0 0.0 0.0 0.0 0.0 0.0 0.0 0.0 1.3970181759065442e-05 0.0 0.0 0.0 0.07404284986560929 0.0 0.0 0.0 0.0 0.0 0.00039313728852721183 0.0 0.0 0.00045327818595909826 0.00012758196639193673 0.0 0.0 1.4630113147375667e-05 1.817325679907398e-05 6.115859350733701e-05 0.0 0.0 0.0 0.0 0.0 0.0 0.0 0.0 0.0 0.0 0.0 0.0 0.0 0.0 0.0 0.0 0.0 0.0 0.0 0.0 0.0 0.0 0.0 0.0 0.00010148192834539317 0.0 8.147259577877683e-05 0.0 0.0 0.0 0.0 0.0 0.0 0.0 0.0 0.0 0.0 0.0 0.0 0.0 0.0 0.0 0.0 0.0 0.0 0.0 0.0 0.0 0.0 0.0 0.0 3.482962966620075e-05 0.0 0.0 0.0 0.0 0.0 0.0 0.0 0.0 0.0 0.0 0.0 0.0 0.0 0.0 0.0 0.0 0.0 0.0 0.0 0.0 0.0 0.0 0.0 0.0 0.0 0.0 0.0 0.0 0.0 0.0 0.0002622307528967067 0.0 6.984298908122118e-05
0.05871233990495623 0.2674815211455223 0.11901405442191891 0.009193033434101803 0.0 0.004015821116066237 0.17498339109876937 0.01237203193899426 0.15731019037329094 0.15666665489206022 0.049762710074908484 0.04297838767961295 0.0853775626549296 0.033516681694122585 0.0006014731326604401 0.00013978025496552506 3.7648790938750465e-05 0.0 0.0 7.3237810720344234e-06 1.4720008655186432e-05 0.0 3.834145806881268e-05 1.6400302572756477e-05 3.214090023263015e-05 5.038649480691313e-05 6.653865372525935e-06 1.4258505063160453e-05 1.3037084990833672e-05 0.0 0.025402205940738633 0.0013936415374046433 0.0006556273952656939 9.003829121785694e-06 3.13858138429437e-05 2.7272887797004148e-05 0.001666697164702219 0.00024194792043141824 0.00015706848596415648 1.076843907914394e-05 6.9550292100293685e-06 8.335523683343793e-06 0.0 1.4689124194221963e-05 2.259706296316349e-05 2.2749496162702722e-05 0.012647555331200043 8.967800067174458e-05 1.7482539296926774e-05 1.4597482678605228e-05 1.5520072926243387e-05 0.0 5.4998406474411005e-05 1.1034676527259415e-05 0.0014647708868286897 0.0009028096545606549 0.0061388390643627765 0.009394775232849106 0.0037776210543731077 0.0025178923996215102 8.51331174197411e-06 4.213069532212249e-05 1.635586906351429e-05 0.0026905633256163685 0.0003773050012170358 0.0001756681579008837 7.962527380942831e-05 1.437229823037021e-05 0.0 2.9946061762378795e-05 0.00043149289126775053 0.0019955244292163316 7.0111542534930925e-06 0.010588495396575297 0.002089278098302155 0.003936884871235739 0.0007598266519737857 0.00010195913561889173 3.274700249809417e-05 0.0002003280726410852 0.0 0.0001567059756818211 0.003117361073072992 9.061765483859073e-05 0.00020748887901742388 0.000461483233477997 3.0493189341730297e-05 7.293117545814143e-06 6.944667993853721e-05 0.0 0.0 2.1992142248400358e-05 0.0 3.8054742255442635e-05 4.2961048430695636e-05 0.0009339974928655836 0.00022652383083869544 0.0 0.0001264403099955312 0.01126148957622255 8.687210240970033e-05 0.00011982523910187999 4.578061832863428e-05 5.0296345812844134e-05 0.001027889606310936 0.0013070070769768574 6.766665233747859e-05 0.00037238173189375125 0.0006401082628704305 0.0010938810732407914 0.0002503893618933317 0.0017976011225298463 0.000406511024739115 0.0008443468784059231 0.0005596132984865967 5.127922007930295e-05 9.638862134045278e-05 0.0 0.0 0.0 0.0 0.0 0.0 1.7787105806524903e-05 0.0 0.0 0.0 0.00013350064196829056 0.0 0.0 0.0 0.0 0.0 3.989130698828094e-05 0.001249459691644479 0.0002891815621621477 0.0 5.431449777938021e-05 0.0 0.003539898977726887 0.0005419468743017195 0.0022727832562192893 0.0007124875461079268 0.00026650868603021304 9.48636237704862e-06 0.0 0.0 0.0 1.0392969138710538e-05 0.0 0.0 0.0 0.00013604827790315778 0.0 0.0 2.1449674729946297e-05 0.0001212213022025131 1.1757792482066387e-05 0.0 0.0 0.0 0.0 7.726865777735367e-06 0.0 1.4754658702997805e-05 3.218031319027159e-05 0.0009415611252669748 6.264484300165094e-05 7.1987929543385015e-06 0.0 0.0 0.0 0.0 0.0 0.0 3.159948890691869e-05 0.004903880052042263 0.00040333712329988845 1.6103653699508137e-05 0.0 0.0 0.00014894022192618126 2.2623561280758193e-05 0.0004187350193125947 1.939442892582578e-05 8.785347515100113e-06 3.190729117552889e-05 0.0 0.0 0.0 0.0 0.0 0.0 0.0 8.419618095802409e-06 0.0 0.0 0.0014263406510849096 0.0012846129256078897 0.002613990247290705
0.029357565124567626 0.004825114041933968 0.00013409545301389718 0.027223280117948064 0.004015821116066237 0.0 0.01156741498063296 4.854694018288151e-05 0.005482996153141101 0.10009311721857735 0.00016187349044256396 0.004352963799894558 0.008990039701354402 0.0016657501532006155 1.580726870129909e-05 0.0 0.0 0.0 0.0 0.0 0.0 0.0 0.0 0.0 0.0 0.0 0.0 0.0 0.0 0.0 0.0008927437145539824 9.071785601722767e-06 0.0005975010071495777 0.0 0.0 0.0 0.001917137884573672 0.0 1.9354796418610956e-05 0.0 0.0 0.0 0.0 0.0 0.0 0.0 8.252285999031143e-05 0.0 0.0 0.0 1.689189900062902e-05 6.778639342814635e-05 0.0 0.0 2.325695141117861e-05 1.6559116561631836e-05 0.00704899797051632 0.0008180063677809149 0.0002570628336660873 1.1988915157563738e-05 0.0 2.804595785931642e-05 0.0 1.4894398197234495e-05 0.0 0.0 9.159052747921616e-06 0.0 0.0 0.0 0.005631069905707596 0.0014177089764972235 0.0004535965030593269 0.00018722005166790223 1.7559864379637076e-05 0.0 0.0 0.0 0.0 0.0001049140083089628 0.0 0.0 4.6766994999486096e-05 8.88004541010904e-06 0.0 9.850478764938109e-06 0.0 5.6716546721436424e-05 7.842539175802573e-05 9.686970224412144e-05 3.306037038301884e-05 3.207519742560089e-05 0.0 0.0 0.0 0.007081768158696017 0.003483231351775531 0.0003020848147196638 0.0005272403177328541 0.020505900968149336 0.0 1.2367781536823183e-05 1.0359024142841443e-05 0.0 0.000298912256896123 0.0002457935971619656 3.247337654887833e-05 2.1258052970436823e-05 0.0002526390157280459 0.002555421499335742 0.00031543769787760825 0.0005008756289513579 0.00013725612122379065 0.000350908443464422 8.2696458599827e-05 0.0 0.0 0.0 0.0 0.0 0.0 0.0 0.0 0.0 0.0 0.0 0.0 0.0 0.0 0.0 0.0 0.0 0.0 0.0 0.0 0.00010310323891953309 0.0 0.0 0.0 0.0002476799518595682 0.0 2.3116838613408642e-05 0.0 0.0 0.0 1.9656627908444792e-05 0.0 0.0 0.0 0.0 0.0 4.1493198160250515e-05 0.0 0.0 0.0 0.0 0.0 0.0 0.0 0.0 0.0 0.0 0.0 0.0 0.0 0.0 0.0001435432730131584 0.0 0.0 0.0 0.0 0.0 0.0 0.0 0.0 0.0 0.0007624670881196522 0.0 0.0 0.0 0.0 8.492307011811741e-06 0.0 5.6969505229582125e-05 0.0 0.0 0.0 0.0 0.0 0.0 0.0 0.0 0.0 0.0 0.0 0.0 0.0 0.0011306228023892696 2.636692860269588e-05 0.0
0.06544919833370393 0.126374582889143 0.007221710082487456 0.09001747443736625 0.17498339109876937 0.01156741498063296 0.0 0.001365167000770868 0.03246325988322401 0.16861399087841333 0.012891582396480156 0.04321307225605253 0.1569917879842862 0.009951203967544163 0.00044404224445727144 8.150393042025454e-05 1.988568183133746e-05 1.1065806856042662e-05 0.0 1.6765654533008457e-05 8.53039990167129e-06 0.0 0.0 0.0 7.596141667715365e-06 0.0 0.0 2.8157021547445128e-05 1.3369149218765892e-05 0.0 0.006082224416346805 0.0003427443318984702 0.00044313395402049 8.799681955227076e-06 1.8965042596785147e-05 0.0 0.001339876874867255 6.569820826216478e-05 4.416735421172945e-05 0.0 1.107170768369313e-05 2.131859463102813e-05 0.0 7.146389172255759e-06 0.0 1.2731319615899525e-05 0.007624287723558092 8.215614432939703e-05 2.2530035932839904e-05 0.0 4.3905124062767215e-05 8.75222323293592e-06 0.0 0.0 0.0009615027295605448 0.0007374046943396862 0.004485397671263357 0.0061318164311987815 0.0028100387883111693 0.001903016258627025 7.356554213398287e-06 8.891425003864177e-05 0.0 0.001664771536256641 0.0002978239247278034 0.00014909378057700363 3.2287006664494854e-05 2.1055845043012156e-05 0.0 0.0 0.00027898222051027946 0.0009994741285124008 0.0 0.008148641097031104 0.0014078299362027696 0.0025871846752624455 0.00036532424852476255 2.9099704390267286e-05 7.922892380420543e-06 9.784325292585831e-05 1.391355320601229e-05 7.366456799518755e-05 0.0020858966026988087 9.223013564140253e-05 0.00010633838153060997 0.00034199685840755533 0.0 0.0 4.7402348955822345e-05 1.2777848888577184e-05 7.150120822417815e-06 0.0 0.0 1.6693984410129863e-05 2.9357861444462804e-05 0.00053266122248245 0.00021261603994325262 3.517929387444443e-05 8.78875690527323e-05 0.010287410057740545 5.846932939783375e-05 1.2987817235464696e-05 0.00017094669792212314 1.3463339448672961e-05 0.00028890471915372565 0.0025912092017850493 0.0 0.0013941843034274064 0.0030141629506455613 0.00046638058244620733 4.648508642141204e-05 0.0018469328187685791 0.00022517957520411139 0.0005416514360677591 0.0003283716901457391 1.7535594801875614e-05 3.46074981344309e-05 0.0 0.0 0.0 0.0 0.0 0.0 0.0 0.0 0.0 0.0 0.0 6.423787808404699e-05 0.0 0.0 2.984677964457428e-05 0.0 0.0 0.0003951293130578091 3.94979226337622e-05 0.0 0.0 0.0 0.0014659772403981164 0.00022377241272977802 0.0009946248075716848 0.00016975416212411124 2.8026262808154876e-05 0.0 1.0928327267982438e-05 0.0 2.3447736527518873e-05 0.0 0.0 0.0 1.8072068686234942e-05 0.0 0.0 9.522329722300268e-06 0.0 1.6473111998626275e-05 9.686839533546218e-06 0.0 0.0 0.0 4.148579650002745e-05 1.716334538357539e-05 0.0 8.252792971547592e-06 0.0 0.0005292632218763181 4.472255144992712e-05 0.0 0.0 0.0 0.0 0.0 0.0 0.0 0.0 0.002070112827879618 6.439107797562955e-05 0.0 0.0 0.0 0.00010736777606613619 0.0 0.00016462462666922155 8.727211203620314e-06 0.00010784237298524343 3.9362542272064485e-05 1.3897032273761794e-05 0.0 0.0 0.0 0.0 0.0 0.0 0.0 0.0 0.0 0.000535265674661015 0.0003251142476697926 0.0014199010501665381
0.00225852272672899 0.003636039886893636 0.17735871783668772 1.1172858396920294e-05 0.01237203193899426 4.854694018288151e-05 0.001365167000770868 0.0 0.0072606105490919505 0.0006881345519751149 0.11353827090374397 0.0020301211943547417 0.018174754623748166 0.042955955059280244 0.007308323297857944 0.004124945121113745 0.000526061418248881 0.00016594706032286533 2.730740625358856e-05 0.0003817878686404135 0.002961836108568044 2.091556325440337e-05 0.0020736868359073042 0.0013082586252068863 0.003847574968625377 0.0008128832089598489 0.002391653240668076 0.00032877324146735347 9.060809577483114e-05 0.0001391370502073306 0.05166584326688494 0.16904364049898998 0.012870375958437024 0.00031579015874571724 0.00395251509155962 0.005506648388668565 0.01367976839012764 0.00513102541664183 0.0015143493595582422 0.0016297577979974046 0.0027792776082413706 0.0025426187436908307 0.00011605582641320248 0.0019886500488063715 0.0003104380907521081 0.002593448081068618 0.03626352669416235 0.00034192887283903127 0.00015442276608423536 0.0003723516847685413 0.00015197190995610448 9.109873712743022e-05 8.833279480998492e-05 0.00021306109532449557 0.0015504678622671176 0.0011687702066849228 0.006050835980029225 0.015058409385081052 0.004861437777090731 0.005739186421310768 0.024635162516293396 0.017367451401557335 0.003877449516096593 0.026183667928119294 0.0006444835489250956 0.0003631492865630488 0.00012859690112937763 0.00018459880429326622 0.00030151234301629504 0.001587884796389841 0.0034644209087854334 0.0015288776017035699 6.271733937891769e-05 0.016073756536353106 0.010712971688462547 0.01643232152116583 0.017029959804283352 0.041983425103679944 0.07886113350561393 0.11652131144532045 0.019838324245215238 0.12316407836874763 0.0038752677179706395 0.0001555216213951983 0.0003083561575545774 0.0006516315798710539 0.0001677720124762182 0.00010442609158734687 0.00013008585863262504 5.977600396317251e-05 4.890754377759692e-05 5.279576810732873e-05 0.0013451992607281624 0.0015413091260307258 0.00033930180982474965 0.00037779302425051134 9.340447722082548e-05 8.682807752584707e-05 0.0009096651433185236 0.002478655984077547 0.00020225060245956093 2.0392721528570348e-05 0.0 0.0 0.0004611394964156492 0.0002030865828245496 1.334963493239505e-05 0.0004720679767450061 0.00011045049032577171 0.00024319530830091947 8.960870611680507e-05 0.0018879724690653503 0.000298333007551981 0.0011564873981051444 0.00030244587819108814 5.014534972802024e-05 1.2085685614397082e-05 0.0 8.170040789603836e-06 0.0 0.0 0.0 2.0342842912874186e-05 9.262939173498473e-06 0.0 2.098426564882162e-05 0.0 4.12795881993036e-05 1.2549964742433538e-05 1.8211578934702582e-05 2.0358474565464688e-05 4.793883357525545e-05 8.775086862325268e-06 2.6682262737585302e-05 0.0005023022953232811 0.00010584599347761955 0.0 2.8453833870849046e-05 0.0 0.0025773019002011954 0.00041015567232259706 0.0012033163227063734 0.0005681490593455954 0.000412410324546179 8.607954230150638e-06 4.293062246126926e-05 0.0 0.0 6.38017591322845e-05 1.178144565881741e-05 0.0 0.0 8.582077715732528e-05 0.0 1.907877204613765e-05 6.084248644713563e-05 0.00013020486281242188 5.3230492192085574e-05 0.0 5.793165249262597e-06 5.556965922746703e-06 1.0789918230308722e-05 6.793900392954927e-05 0.00015975959512117856 0.0 2.0598085567685528e-05 0.0007763481043559237 3.313172537953818e-05 0.0 0.0 0.0 0.0 0.0 6.640430600840047e-06 0.0 0.0 0.003414811451516324 0.000221133595156003 1.30941138582509e-05 9.053542209570072e-06 8.723699103031637e-06 7.159771723002111e-05 0.0 0.0002253210080696633 6.067685326236279e-06 1.3066869626175027e-05 4.9860629945787354e-05 2.4138652801677293e-05 2.0542596317623584e-05 0.0 0.0 0.0 0.0 1.2719195215799861e-05 0.0 0.0 0.0 0.0010112694646641001 0.0010927628463160515 0.0017487883839979964
0.026350742043060472 0.09346005702781429 0.03334826281380396 0.04396970120796741 0.15731019037329094 0.005482996153141101 0.03246325988322401 0.0072606105490919505 0.0 0.13705363208245108 0.05163448842961682 0.06705878463372505 0.2748255837434596 0.15127100637323823 0.0009888784146925766 0.0003223423581214746 4.41961117429152e-05 2.5381861610844893e-05 0.0 0.0 1.050071049465154e-05 0.0 4.649973044721503e-05 7.71967535606082e-06 6.733459642057123e-05 0.0 2.7708015659052098e-05 1.1926105972356513e-05 2.5939802872417123e-05 0.0 0.008149047189981511 0.0020092803901541234 0.011460303313645982 2.210506968385388e-05 1.5870762853471855e-05 0.00011381891614993993 0.013594001519662733 0.00013806041996201367 0.0005129657218329798 3.217812392780644e-05 1.5988079202636762e-05 1.168047086228311e-05 0.0 7.085966359319944e-05 1.9820993661926504e-05 4.908039300970429e-05 0.012223411199096961 0.00015188692349364427 7.187966667063407e-05 1.2666108544507804e-05 1.3779285829060383e-05 2.5344672544938855e-05 0.0 8.968782222537267e-06 0.0010219170524381723 0.0008177439447469174 0.0037312885465941702 0.004632406571691931 0.0028601525166673542 0.0024014279415860984 2.9724586108987467e-05 0.0004676356379287272 6.9979196389892445e-06 0.0029936315007974452 0.0002939966319842459 9.777825309301512e-05 4.8570672314368705e-05 1.8048158560298664e-05 7.884248192578627e-06 2.5570552348920475e-05 0.002233669008585253 0.002292200311910295 1.499486325091073e-05 0.007205452535618375 0.0018136121602460736 0.004113344668798813 0.0009656637033726625 0.00013913820890271316 1.4324040264521708e-05 0.0015252610523099675 2.107933061409518e-05 0.00029291298723394725 0.002018589989845233 5.136407564312164e-05 0.00011310941157609713 0.0004193765843748429 3.148934843513482e-05 0.0 7.79033257278463e-05 2.2410376567249934e-05 1.0668856379273658e-05 0.0 1.8024086369377615e-05 2.6266293173010024e-05 2.4067969613000792e-05 0.0021225349544719825 0.0001565238582718242 2.3649276110027718e-05 0.0002619074415631227 0.0048357052615671 0.00015376437916137824 4.971708330957947e-05 0.0 8.616783308893379e-06 0.0011395242943990289 0.001083901710565255 8.57144001946321e-05 0.0010097337479498206 0.0016819181757876632 0.002087904031021399 0.000317836684899589 0.004173060651233033 0.000755236406455512 0.0018467923548300081 0.0009139739512167988 9.888975639864387e-05 6.572689307188302e-05 0.0 8.433265491207627e-06 0.0 0.0 0.0 0.0 0.0 0.0 0.0 0.0 3.0551105757344017e-05 1.3935456912030329e-05 0.0 1.770873076434065e-05 1.876923623625876e-05 8.257368883318325e-06 1.1462531549969632e-05 0.0014719042304622571 0.0002916537672353872 0.0 0.00010094354846599938 0.0 0.005333924938381763 0.0010360872757175159 0.003112723162441977 0.0008309795763124323 0.00024336037633600189 0.0 0.0 0.0 0.0 1.7223781771185135e-05 4.307650449546276e-05 0.0 4.132780114710079e-05 4.769621398203535e-05 0.0 0.0 3.468997051187105e-05 7.034975312946289e-05 1.5902490883459597e-05 0.0 0.0 0.0 6.988852103091567e-05 1.6012643821780748e-05 0.0 0.0 7.894260899778487e-06 0.001576346846444781 0.00011005061713859365 1.009404858533385e-05 0.0 0.0 0.0 0.0 0.0 0.0 0.0 0.008169309724846335 0.0001616617047515738 1.5978166920320622e-05 0.0 0.0 0.00025275349593997744 0.0 0.00045147759341960945 9.85712647668931e-05 0.0001419558077025892 9.029357542779258e-05 0.0 5.850261158947028e-05 0.0 0.0 0.0 0.0 6.508005501065402e-06 0.0 0.0 0.0 0.0032379878592712808 0.001928507000896802 0.003624791585168552
0.07027976471545384 0.059051436483718266 0.013120249051932605 0.14805006023512007 0.15666665489206022 0.10009311721857735 0.16861399087841333 0.0006881345519751149 0.13705363208245108 0.0 0.021110999080352924 0.07140840084145701 0.5949886376884653 0.04413659456850666 0.00022603599791991348 9.417163260377919e-05 5.5277102841376744e-05 0.0 0.0 0.0 0.0 0.0 9.51295973435624e-06 0.0 0.0 4.854576555803466e-05 0.0 0.0 0.0 0.0 0.004243988197199532 0.00013448529202372773 0.002903352230028607 0.0 0.0 0.0 0.00816726833906134 0.0001294947210600065 3.150507843485282e-05 3.476289559950348e-05 0.0 1.07468962101219e-05 1.278220525077453e-05 6.26283996389658e-06 0.0 7.054013516109744e-06 0.005096350564576765 6.291706230990926e-05 0.0 0.0 8.167815512697621e-06 0.0 0.0 0.0 0.0006577989888382905 0.0005079746722927436 0.0043415908030154035 0.004880390151607874 0.0023874748909270254 0.0010588413810360886 6.937888206065787e-05 0.00012515177839746136 2.6165956940219124e-05 0.00069592449635378 0.0001833497279005477 7.606726588976823e-05 3.0715525532487326e-05 2.47978299644815e-05 0.0 0.0 0.007310655581286986 0.005413560945879798 0.0 0.0048781826679132985 0.0007548685369473128 0.0013454089084080083 0.0002179450718537065 7.808577003815432e-06 1.1018402155413092e-05 7.715413947322491e-05 0.0 3.2359148438034243e-05 0.001391887552399983 3.9258371193886185e-05 5.836686277233711e-05 0.00025022357149167196 0.0 1.4905233695895469e-05 2.468514008582188e-05 1.4194451301980467e-05 6.6408690074014014e-06 0.0 0.0 0.0 0.0 0.004538960292786403 0.001116290821633079 0.0 0.00018095941966627668 0.04283912155503403 0.00044143325272766944 0.000900012372753634 0.00016278301298878087 0.0004129573416581583 0.0031174988767910215 0.0033920621683236336 0.0007880982299175569 0.0020356898483487834 0.002177897158744997 0.01999016048046085 0.0011259498150778325 0.009569365977190575 0.004774869243867646 0.008136999562281411 0.0021915184180547873 4.3122442992789964e-05 7.56440221006844e-05 0.0 0.0 0.0 0.0 0.0 0.0 0.0 0.0 0.0 0.0 4.0686408884911176e-05 0.0 0.0 9.829733200234289e-05 7.973504444060592e-06 3.462421991644884e-05 1.927562421062556e-05 0.0016051991337027278 0.0008251622883135141 1.3913283097704347e-05 0.0 0.0 0.009046425179785718 0.0013066981222461334 0.0037172489961735263 0.0010086715899691261 0.00037096942281727345 0.0 0.0 0.0 0.0 0.0 0.0 0.0 0.00012091483870149073 0.0003310778879683943 0.0 0.0 1.3763242780739325e-05 0.0004888972133885338 5.03262142510195e-05 2.6085825501447823e-05 5.659787983073179e-05 1.6896740172609865e-05 4.943160099081569e-05 0.00014240471732161094 0.0 0.0 0.0 0.001801472131956752 0.00012090460921505908 2.6497439742703857e-05 0.0 0.0 0.0 0.0 0.0 0.0 2.1930373326471413e-05 0.01895150956662268 0.000131038962808036 1.5639096498431577e-05 0.0 3.528896061781129e-05 0.00043149847973938336 0.0 0.0007557529158729872 0.00014817313753323153 7.665539140846048e-05 0.0001798836018236398 7.022686354554407e-05 4.469233948939089e-05 0.0 0.0 8.822872484927573e-06 0.0 9.426696836994614e-06 0.0 0.0 0.0 0.014272863484749652 0.0023583315903632704 0.004238364890598597
0.016874310997889552 0.05729114550002686 0.21008506696012133 0.0002885781242727366 0.049762710074908484 0.00016187349044256396 0.012891582396480156 0.11353827090374397 0.05163448842961682 0.021110999080352924 0.0 0.012628832969836584 0.10833947502867905 0.17568886775242104 0.0026175652969668405 0.001190416282359966 0.0001240835332836426 0.0 0.0 2.759017571532102e-05 3.031267284289705e-05 2.7186477378951253e-05 0.00013769446268211766 0.00015148322654244534 0.0004825126300695636 5.3975540941497586e-05 0.00026989206373439676 4.299098197189906e-05 3.010543120474896e-05 6.629572731670484e-05 0.03421571185493856 0.008329785848742536 0.04726461547010818 1.058206088373561e-05 0.0001652177914393204 0.0007505446106022323 0.05064613194382252 0.0039049027004965644 0.002668454627477578 0.0005920031430023653 0.00014332953353874076 0.00013937582248862605 0.0 0.00010243978711960935 5.1438111637743664e-05 7.996451391474158e-05 0.013680870256799952 7.56434521028961e-05 3.465372405470119e-05 1.8291943082169942e-05 7.00927803963099e-06 0.00013006460387913145 4.162659495734835e-05 6.544891353081144e-05 0.0008516287407463208 0.0005981775276898008 0.003498120870016003 0.009341381805784988 0.0025569850212762758 0.0017505417581423293 0.00036895855303780643 0.005375037663364614 0.00011070181363977617 0.003759869106279496 0.0002608648363072891 8.86080085112417e-05 6.664621223865344e-05 1.542275151772038e-05 2.1013246885093183e-05 4.2737541424311486e-05 0.017937553604035185 0.002283106003431203 3.936666315522414e-05 0.007558282066245875 0.0023244954779234467 0.005153441103261381 0.0013031075212573146 0.0005560879639760021 5.114665854020352e-05 0.06097310856772148 0.00019564139914946083 0.005403821715723291 0.0016016003484321788 8.11715289032301e-06 6.8318730153589e-05 0.0002394419286180746 1.4496998925123071e-05 4.0721148968825196e-05 8.790085734260503e-05 4.854846179301626e-05 5.0889286185271844e-05 5.541259678708088e-05 9.162766875672927e-05 0.0001542418426914767 6.8040205201511e-05 0.002048227838289564 0.0008047179622464183 7.735904502080198e-05 0.004190391671543154 0.008016342524645217 0.0003391119728578288 2.2276699273063077e-05 5.491141566978875e-05 0.0 0.0009302268549933245 0.0005890750823710774 2.9919621621958114e-05 0.0005656924426383585 7.586094261986715e-05 0.0015216617122785086 0.000377097868661089 0.00231000079915943 0.000713352340103519 0.0019317530572686913 0.000738786730854405 7.843716709508127e-05 0.00010133136858937443 0.0 0.0 0.0 0.0 0.0 0.0 0.0 7.91065176448993e-05 0.0 1.4544407088679655e-05 5.848805967752615e-05 1.1730485224718652e-05 1.401196128103572e-05 0.0 4.248044056285857e-05 0.0 2.3066813862192025e-05 0.0011559652157206166 0.0002526946615024094 0.0 2.6696786253527827e-05 1.1849325954359935e-05 0.004405788032569446 0.0005148576539208486 0.002421361352248035 0.000914772333197907 0.00031709001342257307 0.0 6.215183854765005e-06 0.0 0.0 8.621366146518162e-05 6.204731632867142e-05 0.0 2.7278426402487807e-05 0.00017454710245734938 0.0 0.0 0.0 0.0001721609130284819 6.965887425491633e-05 0.0 0.0 0.0 8.236162160622592e-05 0.00014541853110740236 0.0 4.9618705708313853e-05 1.6812174109490454e-05 0.0013637486932121974 2.0062384608638166e-05 0.0 0.0 0.0 0.0 0.0 0.0 0.0 7.073566587263265e-06 0.008187022187953424 0.0001316755208240988 6.8232856142932285e-06 0.0 0.0 0.00022663191017631407 0.0 0.0004348113179663623 5.083945674313943e-05 1.01906808713789e-05 5.412276797654756e-05 1.0336668871139355e-05 1.0672907311307419e-05 0.0 0.0 0.0 0.0 0.0 8.727953655174457e-06 0.0 0.0 0.0027749246494086985 0.0019193051484486087 0.00355301490733281
0.002991839152102032 0.0069880878683412665 0.002925661559077855 0.023654938897459662 0.04297838767961295 0.004352963799894558 0.04321307225605253 0.0020301211943547417 0.06705878463372505 0.07140840084145701 0.012628832969836584 0.0 0.07797584286051246 0.007458909997526712 0.0002465333677180063 8.428708071467208e-05 4.56109494487066e-05 0.0 0.0 0.0 1.2556150915270857e-05 1.5046413767774529e-05 8.648738506893956e-06 1.6043058017255234e-05 2.6848272688818447e-05 0.0 7.704092877034074e-06 0.0 0.0 0.0 0.0006596052546911242 0.00012728460000020877 0.0029366797042840835 0.0 0.0 2.634709226411172e-05 0.05841109162189954 0.0005840536373351728 0.005291144593794253 7.703183858690032e-05 0.0 0.0 0.0 2.5098208410135686e-05 0.0 1.1323481870796312e-05 0.0009926625926095032 0.0 0.0 0.0 0.0 2.2161295844786735e-05 0.0 1.1539204909813834e-05 4.9140121575030154e-05 5.8105732102705295e-05 0.0005999649088163967 0.0003931815648195671 0.0001998666673961867 9.742518621267679e-05 5.292908040900716e-05 0.00028722043248129587 0.0 0.00014292233418314882 1.2932452650775646e-05 7.167851701370822e-06 1.0540042419800607e-05 0.0 0.0 0.0 0.006476842753051939 0.0007694428824252937 0.0 0.0003438148099076347 0.00012503851020998863 0.00029477883378512286 7.303002332489702e-05 3.584662346005071e-05 0.0 0.0002531757410209072 1.558168947938323e-05 3.967090899777976e-05 0.00011923725210026872 6.476368892351117e-06 1.037007988366121e-05 2.1026110966405367e-05 0.0 1.709439365841135e-05 9.017322763231005e-06 7.701481137471877e-06 0.0 0.0 0.0 0.0 2.5295992101993302e-05 0.01956200391437633 0.00040417548200315776 1.3816387629205399e-05 0.005417285048938696 0.004105372766304794 0.00027716045944418 0.00010919150234332231 8.423238516748424e-05 0.000546777690053 0.0016479977015974145 0.000839552399147915 0.0004486043751636153 0.0008313186875968603 0.0010512945119718396 0.0064138755995026145 0.000855968187930327 0.006334397072073965 0.0019497962105142683 0.0045284431721731655 0.0011305031527198747 1.4868470570013491e-05 2.7130252603189216e-05 0.0 0.0 0.0 0.0 0.0 7.91812185215101e-06 0.0 0.0 0.0 0.0 4.675156211890683e-05 1.0736632094420032e-05 1.673052106058441e-05 4.550626654991401e-05 0.0 1.6310123104929663e-05 0.0 0.0011199837936706086 0.0006148101597681228 0.0 0.0 0.0 0.005622358217420658 0.00042614826856724505 0.0017038134433451269 0.0003457630533444413 0.00011674603347990621 0.0 0.0 0.0 0.0 1.4114472231998277e-05 1.17991045088883e-05 0.0 6.862907178658659e-05 7.805308277738067e-05 7.08825978663001e-06 0.0 0.0 4.282910329260664e-05 2.15328791701595e-05 0.0 8.404476101093235e-06 0.0 8.692138886487523e-05 3.3614378798368866e-05 0.0 8.946440109957872e-06 6.238602660614987e-05 0.0012778517475897882 7.844469826877507e-05 0.0 1.4899293390876919e-05 0.0 0.0 0.0 0.0 0.0 0.0 0.014071111118534244 5.7014647946279015e-05 7.03752513537328e-06 0.0 0.0 0.00044665561921360895 0.0 0.0003774450928909509 6.685050069263466e-05 6.626674261750624e-05 2.3294602431549783e-05 0.0 0.0 0.0 0.0 0.0 0.0 0.0 0.0 0.0 0.0 0.008409774351045363 0.001404572534589362 0.002617996915498641
0.013326782600458827 0.023281475517539334 0.022867931824766288 0.0828532504152365 0.0853775626549296 0.008990039701354402 0.1569917879842862 0.018174754623748166 0.2748255837434596 0.5949886376884653 0.10833947502867905 0.07797584286051246 0.0 0.09065400173934413 0.0012056059934332027 0.0007820869078841637 5.39545895404114e-05 0.0 0.0 0.0 1.864665554543056e-05 1.176847491935286e-05 9.183965044938906e-06 8.488125181136445e-06 6.861955220019508e-05 0.0 1.9192001448827737e-05 1.7092070726963028e-05 5.024392679388248e-05 0.0 0.00546985913985028 0.0008984180799361426 0.01018966892514748 0.0 1.814199557164919e-05 0.00012165737405846802 0.05899591683677548 0.000723129738641694 0.0035681458269087737 0.00023269786057611078 2.0335423938015986e-05 2.0219487911563217e-05 0.0 3.94608797033766e-05 2.3171070128375138e-05 1.4705710229500526e-05 0.005843149595046691 3.167124698814372e-05 9.268631532942039e-06 0.0 0.0 3.1838996021328785e-05 0.0001364642266901709 3.723198403842056e-05 0.0003276348298335703 0.0002111837033746189 0.0018871295919348984 0.002582512579308425 0.0011832761396154778 0.0008140091582118548 0.00011203629827946673 0.0011586117403847792 3.253612755691155e-05 0.001138459339758469 0.00011886383636814655 6.94422892933623e-05 2.8234613275536353e-05 8.152293981186514e-06 0.0 2.009882360455061e-05 0.009472169903077967 0.0025576303882861038 1.969094066716394e-05 0.0027499399228486337 0.0007279503262917137 0.0019839026826705373 0.000550516455837507 0.00013428373858951083 2.6923931411044357e-05 0.004467175700777238 4.740205772365955e-05 0.00036531780609532535 0.0006164353782554103 3.6346035021633116e-05 6.458270250548064e-06 9.760126531682032e-05 7.479733990601795e-06 2.6790948780018695e-05 1.4172764375194197e-05 1.5049923790606988e-05 8.660646127761854e-06 2.874867994428821e-05 1.670716915848455e-05 2.869110254923023e-05 5.2211907529560363e-05 0.07363395274009224 0.0006344717576694338 4.0866788598126936e-05 0.0031112427742979445 0.008754403378206805 0.0006363893043359206 0.00018575611104206823 0.0005006928674369345 0.0004964393029209025 0.004229406795661445 0.0069637802981148255 0.0010021013071884444 0.0019596677840454705 0.009250258783842913 0.011737402325874152 0.0015820299480992395 0.014198048365483707 0.004111851963715939 0.011238972876021686 0.00268503158988734 0.00011130787781304301 6.131007786487142e-05 4.9748591789993825e-05 0.0 0.0 0.0 0.0 1.0563859739292615e-05 0.0 0.0 0.0 2.8819713581179632e-05 2.604063984445583e-05 0.0 2.0636334289261196e-05 5.9845602563104793e-05 3.5094004752162226e-05 6.977247765372512e-05 9.504809389310383e-06 0.0034021047224915214 0.0014246912492467438 0.0 3.314573014901237e-05 0.0 0.014450960025767448 0.0013174427668611029 0.005532383608045617 0.0013259299044154525 0.0006293219419287152 0.0 0.0 0.0 7.345438910233692e-06 0.0 6.385925549485009e-06 0.0 6.396716168611748e-05 0.0002588389356930705 0.0 0.0 7.715254583420803e-06 7.731215491112833e-05 8.596212206453073e-05 5.128991775346833e-06 0.0 0.0 0.0001303589966554231 0.00012139691069487394 7.244012825049503e-05 1.4938949445995521e-05 5.039514242827976e-05 0.0036070592469380964 0.0002017360762603929 2.9594250193086956e-05 6.610335687237258e-06 0.0 0.0 0.0 0.0 0.0 0.0 0.030773305917401645 0.00023739696528316917 2.802884338137385e-05 0.0 7.543982368280582e-06 0.001015209556022226 2.4253378881427557e-05 0.000948145856764375 0.00014665228023881592 0.0001079057023020898 9.618177447598548e-05 3.6524744911437456e-05 0.0001305343423116227 0.0 0.0 9.009495855569276e-06 0.0 0.0 0.0 0.0 0.0 0.016339676860692997 0.004078029700906459 0.008009995365871192
