0.0 0.08217743033550383 0.041089120371329516 0.0663918266108813 0.12046689125081687 0.0005932984503073428 0.06311388231702782 0.009133678236673513 0.033621721158035384 0.05009645892927245 0.017333144440120993 0.013241323375390933 0.07569728826304074 0.00678096360258221 0.000320883531340383 4.563951931428633e-05 1.3570706176172567e-05 0.0 0.0 0.0 1.847106627858979e-05 0.0 0.0 0.0 0.0 0.0 0.0 0.0 0.0 0.0 0.06363034020952527 0.00013420185097861141 0.0003497713617622463 0.0 0.0 8.570409490736355e-05 9.934885980384379e-05 7.042865156116527e-06 0.0 3.8455590418113926e-05 0.0 1.8456304092744777e-05 0.0 0.0 0.0 7.832203649836207e-06 0.003172043396166172 0.0001848109186727627 2.773999857448339e-05 0.0 8.783893127641748e-05 0.0 0.00026046613188992893 0.0 0.0002466940261289716 0.0005080837941438394 0.005380402637953548 0.0604310815477091 0.004065802292345679 0.0010961939414815616 2.891006100526103e-05 0.00011525191110030117 3.14046720518119e-05 0.00048593465697886805 0.00011066094063265158 6.959008930468645e-05 6.08665695756035e-05 6.79900855935498e-06 1.3629373603741493e-05 1.096087933760239e-05 0.0004712972628315273 4.6660044320317094e-05 0.0 0.009861304451136468 0.0065726140787908905 0.000804380248890746 5.871125449326717e-05 0.0 0.0001145934319760428 0.00020787933828619014 0.0 4.198162671054806e-05 0.0003248397541364755 0.00012521932408970688 2.448170568239807e-05 0.0003123860266081664 1.817339793236557e-05 1.2594433704548896e-05 0.0 1.2699191557378732e-05 0.0 0.0 0.0 3.397363390401395e-05 0.0 0.004309508461945586 0.00019458272499637243 8.569395858302484e-05 0.0 0.0632110160401032 0.0 0.0 0.0 0.0 0.0 0.0001495944089925347 0.00011468926806600635 1.1849440185432942e-05 0.0001132158843142023 0.0 2.8252051785335558e-05 0.0002716388597642642 1.574528220058985e-05 1.248207906500442e-05 0.0 0.0 0.0 0.0 0.0 0.0 0.0 0.0 0.0 0.0 0.0 0.0 0.0 0.0 0.0 0.0 0.0 0.0 0.0 0.0 0.0 0.0 0.0 0.0 0.0 0.0 0.0 1.1072616425277725e-05 0.0 6.926344737627713e-05 0.0 0.0 0.0 0.0 0.0 0.0 0.0 0.0 0.0 0.0 0.0 0.0 0.0 0.0 0.0 0.0 5.319382590689817e-05 0.0 0.0 0.0 0.0 0.0 0.0 0.0 0.0 8.022162476396556e-06 4.9048526959733934e-05 1.3793771432042296e-05 0.0 0.0 0.0 0.0 5.115276883343273e-05 0.0 0.0 0.0 0.0 0.0 0.0 0.0 0.0 0.0 0.0 0.0 0.0 0.0 4.053398691155938e-05 3.96465494688962e-05 0.0 1.5170665593048324e-05 0.0 0.0 0.0 0.00012910639519926283 0.0 0.0
0.08217743033550383 0.0 0.07738748948433155 0.07927964540405907 0.18766352832726402 0.0011579210413412049 0.04383093002304514 0.07051354659443586 0.18815434103223475 0.056136811406025465 0.1574394034331759 0.00046995807143182966 0.0008312382941656203 0.010204176071486755 0.001900329504381559 2.504756358130899e-05 1.4411734788453115e-05 1.7725218971546628e-05 1.8068306909660382e-05 6.100663573187077e-05 0.00014051908241734766 0.0 6.185026422468151e-05 0.00015268365123308886 5.281819709373357e-05 3.119454264595793e-05 1.0484931726883578e-05 2.3594762538008534e-05 1.3201182909606152e-05 1.9158359782472368e-05 0.1051854463846969 0.005071094934729656 0.003368509665918466 1.8461021110556098e-05 0.0002495779901481574 0.00016268508863431224 0.0035733392994065356 7.704259484686896e-05 0.00011939040670577185 1.252441924284375e-05 4.4636637546895516e-05 1.2440267850512469e-05 3.0224613882827934e-05 2.0142358713864274e-05 9.634932435465996e-05 4.231566064495864e-05 0.007580505571382033 0.00020762433558433092 2.273335150431709e-05 3.386611568420143e-05 5.762267616998058e-05 2.0326421910106287e-05 0.0 0.0 0.0002547994143118415 0.0003846574818344267 0.002316646813110814 0.02668603255056766 0.0034915978884798413 0.002086729348706617 2.161572641702307e-05 0.00017105176095879148 1.2252000551161265e-05 0.0038168443737039725 0.00020605479605355 9.403242124083281e-05 7.718230087153685e-05 1.4321733343955996e-05 6.962111582957168e-06 8.985851526254101e-05 0.0004430660935433885 0.0 0.0 0.017277403547207637 0.009362171019828674 0.004970027817735083 0.0015279410847340298 6.824287294041901e-05 0.003683699024942363 0.006670856277941874 0.00014118461652605708 0.0009342303241879975 0.0003208706359329532 7.196605977832206e-05 7.423329811261861e-05 0.00022211277711955767 1.8802800121163414e-05 6.179545617532184e-06 8.131682283244409e-06 0.0 0.0 9.181126306066425e-06 4.1898766271240515e-05 0.0 0.0 0.0010584264919357986 0.0003910479072924646 0.0 6.23835106345025e-05 0.04806512550913348 0.0 0.0 1.401088585025404e-05 0.0 0.00010578561320709226 0.00025110723281461186 0.0 0.00019344491199724793 5.268772224981238e-05 1.4919610215974297e-05 0.0 0.0006760383520920879 0.00010681544835320442 0.00020456444374815223 0.00021375437369905594 8.626311158977814e-06 2.4420824825676517e-05 0.0 0.0 0.0 0.0 0.0 0.0 0.0 0.0 0.0 0.0 0.0 0.0 0.0 0.0 0.0 0.0 0.0 9.676432049461813e-05 0.0 0.0 0.0 0.0 0.0001403221796629614 0.0 8.032665608571042e-05 0.0 0.0 0.0 0.0 1.4744022630260709e-05 0.0 0.0 2.0965983533291987e-05 0.0 0.0 0.0 0.0 0.0 0.0 0.0 0.0 0.0 0.0 3.6377185579372935e-05 0.0 0.0 0.0 0.0 0.0 0.00011842988501654045 0.0 0.0 3.79068230425006e-05 3.054963682390462e-05 0.0 1.1359661210293513e-05 0.0 0.0 0.0 0.00033908036799816044 0.0 0.0 0.0 0.0 3.8381337830171665e-05 0.0 0.0 0.0 0.0 0.0 0.0 0.0 0.0 2.0506738068655766e-05 5.612780007246029e-06 0.0 2.487681947673128e-05 0.0 0.0 0.0 0.00016167760539935585 5.477015850823968e-05 2.1571248559636704e-05
0.041089120371329516 0.07738748948433155 0.0 0.015775558831341657 0.00592501794851087 0.0 0.006789480513978206 0.015052631041371584 0.026324798250069323 0.0007597887003336479 0.06359210988238548 0.0005743826824883865 0.017181920404185976 0.03220756160559819 0.007188023491671726 0.0006745976241236346 0.0004125008574363028 0.00047411341169535274 0.0004200104313190417 0.0029182287106781076 0.0052462333528858745 1.2655250366689456e-05 0.000982299582715013 0.002282245445578082 0.0009020480368568465 0.0011680140593736178 0.0019431919513573617 0.0002721361995771529 0.0001550382879216233 0.0008014744336781362 0.3162461810345493 0.02400078170647684 0.022402265221369497 0.005448393075333402 0.014342036147395862 0.012153437495939457 0.013229747063247302 0.0031813568095291813 0.00039539638529819884 0.0004128653683899853 0.0012223022430419297 0.0003083067742556561 0.0013265411199173006 0.0025307900544714722 0.003103080728005514 0.0019235040235145591 0.01601137727347279 0.00031434930424340977 0.0008052145152458648 0.0005452963367442623 0.00043949174954486603 9.494847341797342e-05 8.834107156007286e-05 0.00015576924657949694 0.0003193158110840274 0.00023264995938369415 0.001955844124235838 0.022420395626907084 0.003811055053463431 0.0032607906878250356 0.006815686366704139 0.005709425416908546 0.0037450663552600757 0.057165683534563014 0.0001541094905523726 0.0001674165367454932 7.590568699133644e-05 7.267280359829953e-05 0.0009115511901428953 0.003715943444282619 0.0024727514012683363 0.00027302713113085955 0.0 0.023626634092112343 0.025109527747904568 0.016481613320921178 0.010448712291783652 0.0025263771706845748 0.07281245254242989 0.022022541170117833 0.0052425164815108494 0.04425138106799363 0.0002510973121840653 7.291433891901239e-05 6.037427481483498e-05 0.00032226898777460176 0.00013171058896335088 2.3374917282321376e-05 1.4743664424498772e-05 5.950906025221975e-05 0.00010218482104120092 3.117553270468866e-05 0.0014677867270728126 0.00020696848394427257 0.00015170744873355856 0.0014156940500720514 0.001439756473342318 0.0 0.0007335290435616024 0.03768390633674295 0.0 0.0 0.0 0.0 3.788940705267737e-05 0.00011811006825598223 0.0 0.00046214588301040103 0.00020555455336170885 1.4877569184882384e-05 3.7673835230246866e-05 0.0006650021917693558 0.000158535223526602 0.0001955238137020457 0.001128736420754985 2.3674386286542423e-05 9.707697185604599e-05 0.0 0.0003868911008247117 0.0 0.0 0.0 9.240332968115695e-06 0.0 3.1888288347176055e-05 1.2458790554912007e-05 0.0 6.78758988406638e-05 0.0 0.0 0.0 0.0 1.3756066744896426e-05 3.114621439760364e-05 0.0002508437442310913 0.0 0.0 0.0 0.0 0.0004936042807909371 0.00024898459405789234 0.0010911691639358847 2.9766562437398175e-05 0.0005613906859662395 0.0 2.9085724982526002e-05 6.394843329101843e-05 1.1118016116847148e-05 1.1313922571336447e-05 7.529014954814133e-05 1.5744468213302866e-05 0.0 3.709035527690773e-05 0.0 0.0 3.290763345680818e-05 0.0002892106382805397 0.0 0.0 0.0 1.6406467768382827e-05 0.0 0.0 0.0 0.00011617619944218299 0.0001347233452864901 0.001153385437415769 0.0 0.0 1.6331433290444082e-05 2.270569005936748e-05 7.85305276585091e-06 2.854060578495048e-05 9.204063029855002e-06 2.3407496032175012e-05 0.0 0.0011097927790070165 4.187760645345382e-05 0.0 5.4255296784469106e-05 3.08503235993271e-05 0.0001926180857940661 0.00013320335241721068 0.000388158701143795 0.0 0.0 0.0 0.0 0.0 0.0 6.8282247970562305e-06 8.214651853339623e-06 0.0 0.0 4.929417907892584e-05 0.0 4.332728828206386e-05 0.0008357636269580969 0.000653767802432194 0.0005393888304284388
0.0663918266108813 0.07927964540405907 0.015775558831341657 0.0 0.017557145578515888 0.0016494158644487372 0.17195622471861624 0.011772678030390648 0.0037431599058776566 0.01803160297237987 0.011683444652870887 0.007828155047828338 0.07392149054145392 0.0051832327352506705 0.00024031169753343417 2.1079423703201044e-05 0.0 0.0 0.0 0.0 0.0 0.0 0.0 0.0 0.0 0.0 0.0 0.0 0.0 0.0 0.012079139184764939 3.341295073027681e-05 0.0021987056260326693 0.0 7.5082932008481185e-06 0.0 0.0014272124362355234 0.0 0.0 0.0 7.920986039240283e-06 1.5021709129259425e-05 0.0 0.0 0.0 0.0 0.0019865356201706572 5.998288623203676e-05 2.2787379589517703e-05 0.0 3.052039811810002e-05 1.2190346791684572e-05 0.0 0.0 6.732488914833641e-05 8.249962275198224e-05 0.0008502914794724322 0.011329346033905553 0.0013061932332651483 0.0005808271174151965 0.0 0.0 0.0 0.0006966402695401436 5.423902602597078e-05 4.080165584619424e-05 2.2522852979622426e-05 8.860968030337342e-06 0.0 0.0 0.0008174720975158434 0.0 0.0 0.005205555715192645 0.003083534955210644 0.0010914290948557269 0.0002599789624245068 0.0 2.552142294230812e-05 2.9807706028247813e-05 0.0 1.5531083500246777e-05 0.00011004514833696989 8.919031386899138e-06 1.730129079758918e-05 9.142186515182261e-05 1.781766751347118e-05 0.0 1.0886313480104888e-05 0.0 8.213721031915234e-06 0.0 0.0 9.176709718894153e-06 0.0 0.002288461399152223 9.512202025795723e-05 0.0 0.0 0.031506655211996366 0.0 3.072721379968316e-05 0.0 0.0 0.00018178570988480256 0.0008031215729023122 0.0003463005777456724 0.000734097168171168 4.277624585050017e-05 2.9084146437779395e-05 0.0001720863124807691 0.0016533796037883186 0.00016321310446967393 0.0001609359930088208 0.0005408406724046993 0.0 0.0 0.0 0.0 0.0 0.0 0.0 0.0 0.0 0.0 0.0 0.0 0.0 0.0 0.0 0.0 0.0 0.0 0.0 0.00026624914308705054 6.840038782574581e-05 0.0 0.0 0.0 9.21562858234491e-05 0.0 4.8737845729996754e-05 0.0 0.0 0.0 0.0 0.0 7.14381383089944e-05 0.0 0.0 0.0 0.0 0.0 0.0 0.0 0.0 0.0 0.0 0.0 0.0 1.770158958822915e-05 0.0 0.0 0.0 0.0 0.0 0.000131498213389108 0.0 0.0 0.0 6.993196524911107e-06 1.056226180303862e-05 0.0 0.0 0.0 0.0 6.60238030099701e-05 0.0 0.0 0.0 0.0 9.765923532207531e-05 0.0 6.318054798432059e-05 0.0 0.0 0.0 0.0 0.0 0.0 0.0 0.0 0.0 0.0 0.0 0.0 0.0 0.00036005945749710783 0.0 0.0
0.12046689125081687 0.18766352832726402 0.00592501794851087 0.017557145578515888 0.0 0.0008118202846355707 0.10829931652959808 0.002917931946191584 0.1867262561011292 0.09862621786207175 0.021131323743177326 0.0025091142534816647 0.006883511219297889 0.1027787822511272 0.0027578126135321 2.3817883643163733e-05 4.186308820701658e-05 0.0 0.0 1.3874417158305593e-05 3.915037607154412e-05 0.0 0.0 0.0 0.0 1.8043146485586237e-05 2.3740333379595895e-05 1.0056774413930352e-05 1.2846226677358528e-05 3.141891811322572e-05 0.0377734893166669 0.00030790450661721716 0.006791352033163271 0.0 3.3088662817152495e-05 2.1379626451482837e-05 0.00937018204711305 0.0 0.0 8.774797718433843e-06 0.0 0.0 0.0 1.9454917562445414e-05 0.0 8.441580339093482e-06 0.00791541838866542 0.00021280503085415858 6.995524027834147e-05 6.254319465472103e-06 0.00013055767868266855 0.0 0.0 0.0 0.0003427512330428257 0.00043810016958956637 0.002034266182310845 0.018438201609282143 0.003497280379950371 0.002339621267264368 0.0 3.7841807412817336e-05 0.0 0.005828315148892946 0.00021468844272729787 0.00012492420362640222 8.259758432452241e-05 2.3134769848449572e-05 2.317426107078446e-05 1.4173803351517168e-05 0.0018881395305603904 7.0324719250647e-05 0.0 0.016177878054620107 0.009608144317990137 0.007417054923210692 0.0022195759012232134 3.466080736403007e-05 9.984677030655749e-05 0.0005233292091908868 0.0 9.648180335339969e-05 0.00033479567757977526 0.00011514778428020251 3.6258190652370604e-05 0.00039527944780751726 1.5009688052022794e-05 0.0 7.305313787425086e-06 0.0 0.0 0.0 7.994750748367002e-06 7.586143253109192e-06 8.919130888499675e-06 0.007149653732618128 0.0003359210349043498 0.0 0.00015814901480454402 0.010386110342396726 3.69186270694034e-05 8.721700711435945e-05 0.0007322010984105488 4.143010667130178e-05 0.00020741697617464674 0.002244055817160694 0.0001580740766184768 0.0026960421675655327 0.0006220484626671653 0.00015585127634092644 0.0002849226103858886 0.0060024791221972625 0.001043824136474655 0.00131482981619903 0.002769868262760325 3.135774966478133e-05 9.742409699135836e-06 0.0 0.0 0.0 0.0 0.0 0.0 0.0 0.0 1.660354449008362e-05 0.0 0.0 0.0 0.0 0.0 0.0 0.0 0.0 0.0006194972525424451 1.4937263725747198e-05 0.0 0.0 0.0 0.0007930636282211704 0.00011665463138318622 0.00037357645720293055 0.0 7.999824944826963e-05 0.0 0.0 0.0 0.0 0.0 0.0 0.0 0.0 0.0 0.0 0.0 1.7651212890795383e-05 0.0 0.0 0.0 8.089385757720152e-06 8.600969192628613e-05 0.0 0.0 0.0 1.3298414589760447e-05 0.0 0.0007585803856359485 0.0 0.0 2.517351976867414e-05 1.6230948870870906e-05 0.0 0.0 6.983078175055088e-06 0.0 0.0 0.0009008554280053333 4.935533212067079e-05 0.0 0.0 0.0 0.0005996865743896522 0.0 0.00024897401158121576 0.0 0.0 0.0 0.0 1.19828044274446e-05 0.0 1.9936439830577605e-05 1.8801034770186125e-05 0.0 0.0 0.0 0.0 0.0 0.0026003365017322174 0.00015476553926979452 2.3358310144218652e-05
0.0005932984503073428 0.0011579210413412049 0.0 0.0016494158644487372 0.0008118202846355707 0.0 0.0016412381199858476 8.151224012422621e-05 0.0004415291738469931 0.002043748709236074 0.0 0.0019657013298944336 0.005289295687022134 0.000572732042091763 0.0 0.0 0.0 0.0 0.0 0.0 0.0 4.675455286634569e-05 0.0 0.0 0.0 0.0 0.0 0.0 0.0 0.0 0.00015012520573714504 0.0 5.544322135740787e-05 0.0 0.0 0.0 0.00045270270158580766 6.752663923553345e-05 0.0 4.943189186185392e-05 0.0 0.0 0.0 0.0 0.0 0.0 2.4106110250415587e-05 0.0 0.0 0.0 0.0 8.421035890560167e-05 0.006738653438277275 0.0 1.756795637092313e-05 0.0 0.0007087544687198551 0.0001448263821671584 0.0 0.0 0.0 0.0 0.0 0.0 0.0 0.0 0.0 0.0 1.0967682679295964e-05 0.0 0.002942678480840354 0.002039007761610798 0.00014750508593945857 1.8193364372891628e-05 0.0 0.0 0.0 0.0 0.0 7.614257141465641e-05 0.0 0.0 0.0 0.0 0.0 0.0 0.0 6.600831799314311e-05 0.0 0.000180732174741334 0.0 1.2972496134278919e-05 0.0 5.001260631264391e-05 0.0 0.0010234737378885482 0.0062536777854277446 0.00180090418177035 0.0006720873354765138 0.01167893210121949 0.0 0.0 0.0 0.0 0.0 0.0001611299286896736 0.0 0.0 0.0 0.0 0.0 7.206607044188751e-05 0.0 0.0 0.0 0.0 0.0 0.0 6.581010823708781e-05 0.0 0.0 0.0 0.0 0.0 0.0 2.7224335060396223e-05 0.0 0.0 0.0 1.707743273864419e-05 0.0 0.0 2.5512263017546323e-05 0.0 0.0 0.0 0.0 0.0 9.303801508397049e-06 0.0 1.3936868214478213e-05 3.229433640448971e-05 1.0909367038030874e-05 8.67986985340221e-05 0.0 0.0 0.0 0.0 0.0 1.862810034650496e-05 0.0 0.0 0.0 0.0 0.0 0.0 8.230464968670057e-05 2.9865042060206957e-05 0.0 0.0 0.0 0.0 0.0 0.0 0.0 1.9044504273624288e-05 0.0 0.0 0.0 0.0 0.0 0.0 0.0 0.0 0.0 0.0 0.0 6.793802507225661e-05 0.0 0.0 0.0 0.0 0.0 1.4365313119154283e-05 0.0 0.0 0.0 0.0 0.0 0.0 0.0 0.0 0.0 0.0 0.0 0.0 0.0 2.7420034808334717e-05 5.169670107320571e-05 1.2602542764019858e-05
0.06311388231702782 0.04383093002304514 0.006789480513978206 0.17195622471861624 0.10829931652959808 0.0016412381199858476 0.0 0.00745929366077314 0.26842297296629786 0.18865471685978522 0.07476440222601828 0.0125662551388682 0.016188644745992152 0.07707556125367439 0.0005034571597347737 3.6532447234906907e-05 0.0 0.0 0.0 0.0 0.0 0.0 0.0 0.0 0.0 0.0 0.0 0.0 1.167250708130175e-05 0.0 0.0028650086677043337 1.9190552722894232e-05 0.0019508118924154178 0.0 0.0 0.0 0.003919058927749251 0.0 0.0 0.0 0.0 0.0 0.0 0.0 9.191105995627501e-06 0.0 0.0014450787106018298 2.5032199250294283e-05 2.3328607311593475e-05 0.0 0.0 0.0 0.0 7.933509760046085e-06 3.902659158685395e-05 5.7202827561645194e-05 0.0002473727599274246 0.0027524026928944104 0.00047840274915945605 0.0004025087051392742 7.763742055045268e-06 0.0 0.0 0.0007818321340596115 1.0331583069863187e-05 1.6969737341788144e-05 6.907062803918777e-06 0.0 0.0 0.0 0.0009607696985755842 4.405071819947867e-05 0.0 0.002784904286639201 0.0010932010739235051 0.0012345164824147136 0.0003043645234101165 0.0 3.043195467608359e-05 0.00018352454850014308 0.0 0.0 7.624023512434078e-05 1.449487319029634e-05 1.6056046883282318e-05 7.375892070135086e-05 0.0 0.0 0.0 0.0 0.0 0.0 0.0 8.86116061408032e-06 0.0 0.005595062248968685 2.0191071487758723e-05 0.0 3.6814829567505215e-05 0.0028866632498173385 0.0 0.00031490710251267707 0.0005490651652873051 0.00019428341391082053 0.00014321730904561915 0.0023515813487359786 9.263184313111549e-05 0.003071768719547473 0.00027678796937440623 0.0001817536793566706 0.0015585539750463699 0.005400831180603098 0.0009513188747861239 0.0009045503255752845 0.001706144844204408 0.0 0.0 0.0 0.0 0.0 0.0 0.0 0.0 0.0 0.0 0.0 0.0 0.0 0.0 0.0 0.0 0.0 0.0 0.0 0.0004801065317560624 6.670318966731185e-05 0.0 0.0 0.0 0.00027488923553867575 0.0 0.00019797984252152857 0.0 0.0 0.0 0.0 0.0 1.4700508975480836e-05 0.0 0.0 0.0 0.0 0.0 0.0 0.0 2.227097912164074e-05 4.410612454233319e-05 0.0 0.0 0.0 6.6424906158709895e-06 0.0 0.0 0.0 0.0 0.0 0.00035593164130213106 1.2610054813887585e-05 0.0 7.007401501793099e-06 7.818419147459715e-06 0.0 0.0 0.0 0.0 0.0 0.0007108055022731524 1.3297402883164001e-05 1.003146634231992e-05 0.0 0.0 0.0004470633315411687 8.754028203699568e-06 1.5206834745816858e-05 0.0 0.0 0.0 0.0 1.2853535872350322e-05 0.0 0.0 0.0 0.0 0.0 0.0 0.0 0.0 0.0021382938750633966 4.258119510977551e-05 0.0
0.009133678236673513 0.07051354659443586 0.015052631041371584 0.011772678030390648 0.002917931946191584 8.151224012422621e-05 0.00745929366077314 0.0 0.018878562626635467 0.00723954626715692 0.006542524210617458 0.011248168332927086 0.06680458175204015 0.15273371119253423 0.007477354195002933 0.0005631231924281109 0.00019896668912453328 0.00013812095582602834 0.00023888710166318432 0.0019238341550603915 0.004738070384355568 0.0 0.0013152177331388888 0.0019666869933913107 0.001589080517227816 0.0013323927872187936 0.0027159268421698894 0.000473592498348432 7.751644843035579e-05 0.0008070853892753904 0.17925584839980965 0.07932783693593035 0.018495008241370767 0.0030570731586902953 0.013975742398500603 0.02324316967170122 0.005759583551694354 0.003194802980786012 4.668862182193747e-05 0.0006796112549222671 0.0006419340411312226 0.00021235972395889323 0.0008114396017830446 0.001127826670559861 0.0018778953073280166 0.0005873958959614972 0.013300585696709707 0.00023300463701146027 0.0007375394632746434 0.00043101591305151756 0.00017688477203115646 0.00012399075407586697 0.0002393303376412668 4.8488383020477145e-05 0.0001225280015886211 0.00018718123424575872 0.0008176121341426034 0.0067242031341006704 0.0017319859908251323 0.0014842688764005107 0.0035728468345301275 0.0071484102630420395 0.0049232430279371985 0.04203022308554435 0.00010706713283717218 5.428294795828576e-05 2.1786536642019208e-05 1.9476371391413067e-05 0.0005017440881822978 0.0025655904362612797 0.001031446884592628 0.0006631454322023529 2.113648177262449e-05 0.008876673119026877 0.01267578825517854 0.00887892188280271 0.009704416673684138 0.0031992343609575312 0.04419424762065123 0.01102750061177463 0.002536963802676395 0.04781224306120226 8.88322640998857e-05 1.5002626006167827e-05 1.6841485556206716e-05 0.00015807651216087967 6.397460028612253e-05 2.9387836877646516e-05 0.0 9.07178027394932e-05 5.927242811360308e-05 2.743031236075159e-05 0.0007478364043808199 0.00011170533061611204 0.00011773367488535797 0.004985697639847662 0.001086011835493539 0.0 0.00014027575927755414 0.01858484400029629 0.0 0.0 0.00021818807771440728 1.3492856123911488e-05 5.210748925837983e-05 6.576438500483018e-05 6.767096919587023e-05 0.00036554651626915515 3.407571676865383e-05 1.972073705120188e-05 0.0001910776764802479 0.0013459078456804871 0.00023909419209757415 0.00029082704242322825 0.0013771642423730144 0.00030219100788017724 0.00020574967921009325 0.0 0.00010324847646036301 0.0 0.0 0.0 0.0 0.0 9.810128562624692e-06 0.0 9.184788606912044e-06 5.21506857919296e-05 0.0 0.0 0.0 4.966435841410999e-05 0.0 0.0 0.00014613472421901426 0.0 0.0 2.3979364469704246e-05 0.0 0.0008528047390447615 0.00024377658142606915 0.0009981901507332502 6.87119883218828e-05 0.0003122831406693182 0.0 0.0 6.147560731747314e-05 2.7337451047671265e-05 0.0 8.481018921871957e-05 0.0 0.0 4.525569542091225e-05 0.0 0.0 1.2636282151897828e-05 0.00016920289925108822 0.0 0.0 0.0 1.3465174136695961e-05 0.0 2.0421892090958145e-05 0.0 2.5419680950893307e-05 0.00017262687771476897 0.0009721157774964316 0.0 0.0 0.0 0.0 0.0 3.7335405892875734e-05 2.3935932983988044e-05 0.0 0.0 0.0017196725817377931 2.1273971158410727e-05 1.1365220461007448e-05 3.190832090812054e-05 4.271648005365045e-05 0.00021981293307368345 4.50563051265125e-05 0.00021757158890752177 0.0 0.0 2.639949503755033e-05 1.246823357777599e-05 2.6925243520311403e-05 0.0 0.0 2.8823193540207964e-05 7.324323086748548e-06 3.2248589420237106e-05 1.9596025596762184e-05 0.0 2.433345535900009e-05 0.0009400722082353471 0.0006247264468182125 0.0005254385179428634
0.033621721158035384 0.18815434103223475 0.026324798250069323 0.0037431599058776566 0.1867262561011292 0.0004415291738469931 0.26842297296629786 0.018878562626635467 0.0 0.4034296147662914 0.03667718628612413 0.08050483315499986 0.10341011663967975 0.041740193653728545 0.007953181012062584 5.347017394888319e-05 6.289152857399347e-05 0.0 0.0 0.00013135516732039107 0.00012482665482501786 0.0 6.468312614766835e-05 0.00022371780277276532 0.00013486813937364745 0.00018143834081008251 9.39876076457879e-05 4.780516458859596e-05 1.222183294976971e-05 4.1482133169467045e-05 0.04411150737799327 0.0018694965068996416 0.02366258241809004 0.00011285525456488653 0.0006279846588251257 0.0014471565511702045 0.025212958116500445 0.0005252931814114966 7.509229029449826e-05 4.35112307924936e-05 1.962598071409066e-05 2.0069605711334e-05 2.7502593533111584e-05 2.775067413330243e-05 0.00010061113261465048 3.37778661098196e-05 0.015284131080658181 0.00021068396550661916 7.251626575449543e-05 1.8681166154936492e-05 0.0001656108381901576 6.760562424798646e-06 6.355375345205272e-05 1.0317833232560433e-05 0.0002424062704193439 0.0004728743465094664 0.0014754575089551234 0.013022640434490576 0.003411865299317767 0.0036144479029256364 8.271188470181676e-05 0.00048749928947587785 0.00011207745504710028 0.012123682370408609 0.00024021275891937129 5.247197260839253e-05 7.12652154403378e-05 0.0 3.0393880228151207e-05 4.8760805563834484e-05 0.006098735981961353 0.0013941103978354747 0.0 0.022285274799688157 0.011122485182447444 0.013805604402466028 0.004769803861051223 0.00022245031607809044 0.000916580992840371 0.0024668089557679162 4.231234563679619e-05 0.0014389142154038119 0.00041901616574831164 0.00010449524178623938 2.1575945677127914e-05 0.0003752988732395887 0.0 8.953043601746327e-06 0.0 0.0 7.760565707177766e-06 0.0 3.5845796960725874e-05 1.2054451999290191e-05 9.224392169763669e-06 0.06348269288829464 0.0013290364050069516 0.0 0.00022850900255798828 0.006574266903087159 0.00016203434367317184 0.0009748022282707659 0.0032849608141955083 1.9527838112832083e-05 0.0012145018696331322 0.009134248708236963 0.0015254111936296572 0.011669611022381563 0.0012312282440344864 0.0005293561328340555 0.0025255512785125464 0.026505434486009356 0.005771434575560099 0.00501830480992619 0.011427656174675215 7.862046041480456e-05 0.00014081757373810016 0.0 3.743097685921976e-05 0.0 0.0 0.0 1.285732977208697e-05 1.1019115377587061e-05 0.0 0.0 0.0 0.0 0.0 0.0 0.0 0.0 0.0 0.0 0.002973213177017479 0.00047498291060430343 0.0 3.1955677250518614e-05 0.0 0.0029545900896258037 0.00010096718850007046 0.0016098595841157416 2.1253860280077435e-05 0.00022567439903601908 0.0 0.0 0.0 0.00021974005232393705 8.912003364172087e-06 1.9108302774051945e-05 0.0 0.0 2.9106477164723402e-05 0.0 0.0 3.8912755978325976e-05 8.25047955513186e-05 9.744749591613007e-06 0.0 0.0 2.7375798964518685e-05 9.046781042468043e-05 3.049881910969944e-05 0.0 2.8890193424389708e-05 2.8453828192310792e-05 0.003985039073950526 0.00015231096060589632 0.0 3.347122464506426e-05 5.284724449968681e-05 1.7500865330436377e-05 0.0 1.0863302290602363e-05 0.0 0.0 0.005206468650722878 0.000451770046764185 8.494379996792224e-05 0.0 0.0 0.0031769323238556605 1.3133277881832417e-05 0.0005061971667641383 3.1054541968163285e-05 7.874050107153127e-05 1.8662164558962755e-05 0.0 4.0959281788146154e-05 0.0 3.993459954105033e-05 3.899839026547819e-05 7.510396215321428e-06 1.590357319840085e-05 0.0 0.0 9.114284982499733e-06 0.013363605384629084 0.0011153745986097951 0.0009833463832049894
0.05009645892927245 0.056136811406025465 0.0007597887003336479 0.01803160297237987 0.09862621786207175 0.002043748709236074 0.18865471685978522 0.00723954626715692 0.4034296147662914 0.0 0.04317275859111685 0.02444523555333656 0.5866948000256916 0.120316516407119 0.00012798333539874195 9.211060881128984e-06 0.0 0.0 0.0 0.0 0.0 0.0 0.0 0.0 5.335270171734201e-05 0.0 0.0 0.0 0.0 0.0 0.002298570010048359 5.424995900505959e-05 0.0027531168608176796 0.0 0.0 0.0 0.0028142311110612344 8.491933669699767e-05 0.0 7.823981864681027e-05 0.0 0.0 0.0 0.0 0.0 0.0 0.0005319030483413073 8.202841976274457e-06 0.0 0.0 0.0 0.0 7.94610088516193e-05 1.5944535760532085e-05 3.371126230620257e-05 1.6730425721360847e-05 0.00011732851271326208 0.0016413219375663577 0.00020358294070206939 6.899617965777348e-05 0.0 0.0 0.0 0.0002165749250272459 0.0 1.5657777925293328e-05 0.0 0.0 0.0 0.0 0.0008338571762917853 0.001115736297840831 0.0 0.0008320327958294892 0.00039544103776484546 0.0003541764818565191 8.140372496257088e-05 2.174631745313586e-05 3.2081239925102274e-05 5.7065919136816947e-05 0.0 0.0 8.235239697409689e-06 1.7623172055872107e-05 0.0 2.254786832394354e-05 0.0 0.0 0.0 0.0 0.0 0.0 0.0 0.0 0.0 0.006835054581781605 0.0007118371104735915 0.00011203251627262239 0.0 0.014117835451800658 0.0 0.000184725093727705 0.000981221487366803 0.0005182925903128011 0.0013413577119535897 0.0038437767781297934 0.0014183614389075055 0.004417280598929592 0.0005511850655031995 0.0009791454943184695 0.002573024217528078 0.013993782359651085 0.002248405724137801 0.002732562265046948 0.004648209352023507 5.573585877431972e-05 4.113697110444143e-05 0.0 2.4778008609884573e-05 0.0 0.0 0.0 3.664423567824702e-05 0.0 0.0 0.0 0.0 0.0 0.0 0.0 0.0 0.0 0.0 0.0 0.0013906461854181575 0.0002678260527976752 0.0 0.0 0.0 0.00042581192798770584 1.7425454672253013e-05 0.0002083109698098667 0.0 2.269230484728476e-05 0.0 0.0 0.0 2.246595924832632e-05 0.0 0.0 0.0 0.0 2.786313276806811e-05 0.0 0.0 5.45498651743772e-05 3.891909840292802e-05 0.0 0.0 0.0 0.0 0.0 7.96437656881381e-05 0.0 9.050455668673207e-06 0.0 0.0008356779727706246 3.4736861251914974e-05 0.0 6.4472235394083815e-06 0.0 0.0 0.0 0.0 0.0 0.0 0.0022179659505617527 0.00047562761357148085 4.881978369317542e-05 0.0 0.0 0.0008845559668259526 1.663978746662029e-05 0.00010428461294654535 6.324090629715286e-06 2.525909884848669e-05 1.0943396585414931e-05 0.0 3.219785387509559e-05 0.0 0.0 0.0 1.0611119014740299e-05 1.1811583357130115e-05 0.0 0.0 0.0 0.008668254256742796 0.0005208434287508973 0.00011757444215304383
0.017333144440120993 0.1574394034331759 0.06359210988238548 0.011683444652870887 0.021131323743177326 0.0 0.07476440222601828 0.006542524210617458 0.03667718628612413 0.04317275859111685 0.0 0.014470483676377544 0.03462641395084787 0.05226587941756009 0.010224607633207452 0.00028100248356074226 0.00018704681207705234 0.0001038266834708195 5.436094180640826e-05 0.0002787395847801208 0.0007181232916354477 1.7144491681840445e-05 0.0012814407612595827 0.0010511486142703442 0.001515239441585603 0.0007747457270030994 0.0008915322923730329 0.0001341752667187308 0.00013498913075211865 0.00043794888157859584 0.15814041563806364 0.005957611452846996 0.035908123858159384 0.0004782848570953552 0.004316537995171123 0.02368990493491039 0.01584760392235253 0.008081034652581563 0.00013343164953143132 0.0009500910417260738 0.0001297480598369218 5.647772088177487e-05 0.00011860069074791588 0.0001194521554732284 0.00036385893445895385 0.0001977827593803697 0.020469021301373652 0.00033789802129236414 0.0002651399685743983 6.260027005668135e-05 8.057556287015864e-05 9.084180355992129e-05 0.0001217544132353479 6.266216839751162e-05 0.00021840738116783078 0.00040020966031593334 0.0015683964101738247 0.015385262120690668 0.0037345485475624293 0.0038168960856486914 0.00035944957431260655 0.026816381689302293 0.0007511019204471585 0.02466223964096389 0.00019361714284832135 0.0001189281601444742 7.692138199709334e-05 0.0 7.721465943397768e-05 0.0005364116115833912 0.0025859742417073347 0.0038230403377275393 0.0 0.02277027671518272 0.015052344809289965 0.017242253163723343 0.008067180149866173 0.001027703017470459 0.02042989184759994 0.004422805894561861 0.000211549569730341 0.007176232376114799 0.00035061655660283326 9.593436159588391e-05 4.014660086088603e-05 0.0004180027522179632 6.681336682666906e-06 2.7690875597216407e-05 1.1757306838901065e-05 2.5858238427913106e-05 0.0 1.904089782206414e-05 0.00019313035020508972 6.644633944541163e-05 4.9247564183938226e-05 0.024210099158728144 0.0023153370048547284 1.609556635123285e-05 0.00041588459809467176 0.013047946948740476 3.7486708668599904e-05 1.2804895638332399e-05 0.00035149862545268807 0.0 0.0005702097041217899 0.0015939532608214904 0.0001228364873636883 0.003266557294096984 0.0005224603470921796 0.0002466029853742081 0.0008807448976066706 0.007011286220171262 0.0017591461158978367 0.001940205785071615 0.008055743684975289 0.0003565562622785366 0.0003896859370876477 1.7001957885879836e-05 0.00016552893425010682 0.0 0.0 1.672607782239024e-05 1.2216376410385354e-05 0.0 0.0 1.3070229816056563e-05 0.0 4.995486200314965e-05 0.0 0.0 0.0 0.0 0.0 3.704918665017151e-05 0.0010742965741793503 9.903170519255928e-05 0.0 0.00013170746718087724 0.0 0.004185882012116851 0.0002662877253141186 0.0031730189868913457 5.018099319220758e-05 0.0009199206022920908 0.0 0.0 8.78510223257474e-06 0.00040803425883375943 4.167247844740497e-05 0.0002458080773586416 0.0 3.184456541806216e-05 0.00018993576786685605 0.0 0.0 2.6407547605790015e-05 0.00011516894859160989 0.0 0.0 0.0 5.9764422443732555e-05 2.3418511822273296e-05 2.264611748820655e-05 0.0 8.70309481085944e-05 0.0003945263696228711 0.005869781041475368 6.99220959742293e-05 0.0 6.061552125993338e-06 0.0 0.0 8.219026714034255e-06 0.0 0.0 6.806963551831555e-06 0.008560857487941954 0.00011822632592605104 4.996963125039857e-05 1.0071082102141936e-05 1.8231805371881485e-05 0.0016322845397174044 0.00015127688540770968 0.0010134864759346995 8.789729763140156e-05 8.072136160250852e-05 0.00012278492820207268 4.5086754542114616e-05 8.438143682200055e-05 0.0 7.844568360664892e-05 2.1205915915317464e-05 0.0 1.2011394126035364e-05 1.216323228456501e-05 0.0 0.0 0.006167096897823138 0.0025664056214191443 0.002009491584359048
0.013241323375390933 0.00046995807143182966 0.0005743826824883865 0.007828155047828338 0.0025091142534816647 0.0019657013298944336 0.0125662551388682 0.011248168332927086 0.08050483315499986 0.02444523555333656 0.014470483676377544 0.0 0.09627196120417293 0.030005059419605424 0.00011940336566583676 0.0 1.2149635872310827e-05 0.0 0.0 0.0 0.0 0.0 0.0 0.0 7.367885657799137e-05 0.0 0.0 0.0 3.800703078342969e-05 1.2137492825370302e-05 0.00010391403688885068 0.0 0.003635848429848799 0.0 1.299885828090924e-05 0.0002876454973624484 0.005296179532571944 0.002831160167013156 0.0005847803442501941 0.0008845492950831494 0.0 0.0 0.0 0.0 0.0 0.0 0.000318705546583715 0.0 0.0 0.0 0.0 0.0 0.0007619648343605459 0.0 1.0070877321428572e-05 0.0 7.799882962198166e-06 0.0001020915142177285 1.999788046404541e-05 3.420704861023128e-05 4.0033807772353375e-05 7.333378117565008e-05 2.3513637920171036e-05 7.062402841036138e-05 0.0 0.0 0.0 0.0 0.0 0.0 0.00017349989063508326 0.005433535367951879 0.0 0.00022922339580423677 0.00010154919261999259 0.0001957556704057824 7.410302740746496e-05 4.3500327984857854e-05 0.00010576347249610806 0.012104636123252115 0.0 3.1997679764861925e-05 0.0 0.0 0.0 7.215718052679837e-06 0.0 1.2406994515292499e-05 0.0 0.0 0.0 0.0 0.0 0.0 0.0 0.01361154096669368 0.0010571070609120224 0.0 0.00014767058470482332 0.0006156721112290641 9.541940935775412e-06 0.0 0.0005906542896390747 1.0114540549582151e-05 0.00023037822871261978 0.00186069796039597 2.2378582720245976e-05 0.002484342184154414 0.0003361762507322179 7.356645507640277e-05 0.0004319036387278494 0.00681071199281762 0.0014961631744752496 0.0015010526728545628 0.004372282478487399 6.810371256968954e-05 6.448459541870809e-05 2.1030752655784242e-05 0.00010515989065167691 0.0 0.0 0.0 0.0 0.0 0.0 0.0 0.0 0.0 1.2671871627599996e-05 1.3520814147825285e-05 1.2589400849399092e-05 0.0 1.6470461420336703e-05 0.0 0.0012358442003169504 0.00010562338322979158 0.0 0.0 0.0 0.0013328482246608858 1.9939159113028447e-05 0.00045343909238912476 5.1109802116482916e-05 8.549198317284854e-05 0.0 0.0 0.0 0.00017335418305903835 2.0526416275513178e-05 0.0 0.0 0.0 1.5581354918567716e-05 0.0 0.0 0.0 1.1269142999419399e-05 0.0 0.0 0.0 0.0 1.6428216250477234e-05 5.6524884640429964e-05 0.0 7.532957978562428e-05 2.0723550130391038e-05 0.0019639748519456636 2.9798108938389456e-05 0.0 0.0 0.0 0.0 0.0 0.0 0.0 0.0 0.003606282045373309 0.00022937477946513294 2.4540951503141745e-05 0.0 0.0 0.0007288940452405791 1.3671899945865701e-05 0.00037415229414945674 9.333102996501851e-05 8.077954628682839e-05 4.986383216146503e-05 1.1888535969148914e-05 9.67203510583132e-06 0.0 0.0 0.0 0.0 1.126163094955167e-05 0.0 0.0 0.0 0.005070439257056912 0.0009551996342844768 0.0004341280040692844
0.07569728826304074 0.0008312382941656203 0.017181920404185976 0.07392149054145392 0.006883511219297889 0.005289295687022134 0.016188644745992152 0.06680458175204015 0.10341011663967975 0.5866948000256916 0.03462641395084787 0.09627196120417293 0.0 0.04276686535315807 0.0014673092317307465 2.283131692853213e-05 2.9208481711974477e-05 0.0 0.0 0.0 2.9370336792922173e-05 0.0 0.0 5.0890193738799616e-05 0.0001747665460099343 0.0 0.0 2.3863752597120215e-05 0.0 0.0 0.0017173244396150179 0.00011209804931062845 0.01068543768201645 9.606324890781717e-06 0.00013382626004024956 0.0009578575435061561 0.006735182880225627 0.0023303393978345672 0.0005051446336980789 0.00044305715123825636 0.0 0.0 0.0 1.0691544553590786e-05 0.0 0.0 0.0031482654563171394 2.608894091308351e-05 1.8907384648624577e-05 0.0 0.0 0.0 0.0001859172744013635 0.0 2.5945511602718055e-05 4.0122901505475264e-05 0.00012416804153408527 0.001418877098569918 0.0004880777693133035 0.0006728461340402722 4.05926665360987e-05 8.630818260509289e-06 0.0 0.0008077622761957483 2.9159763160567747e-05 0.0 0.0 0.0 0.0 0.0 0.0026157547022715175 0.004740774089349382 0.0 0.003207349385388954 0.0012177693673861864 0.0021718333866939912 0.0006790751537794294 0.00016570694004568642 0.00013023078832123084 0.0038657418861216502 0.0 4.152418832336677e-05 5.81911795275742e-05 2.561327704241269e-05 0.0 3.727708832577321e-05 0.0 0.0 0.0 0.0 0.0 0.0 0.0 0.0 0.0 0.0779931252960083 0.0013325687143938406 0.0 0.0007399329806950475 0.0033392890097042067 7.656188464018631e-05 0.0003232678483934392 0.001988291225768607 0.0 0.001360067431216206 0.006841385784528948 0.0010933629726567677 0.00812104399130548 0.0013131339160550237 0.00041326326758718774 0.0018790816052102724 0.023723752926538534 0.004043618632618941 0.005073609070558015 0.010801270907786872 0.00012364332915186136 7.798146498782323e-05 4.124886803662343e-05 1.3922830143506802e-05 0.0 0.0 0.0 0.0 0.0 0.0 0.0 0.0 2.206713372332012e-05 0.0 0.0 0.0 0.0 0.0 0.0 0.0026407395913995123 0.00032558952565825465 1.0055520051817768e-05 2.2965726900268155e-05 0.0 0.0019296360285512456 9.778612104697324e-05 0.0013785273764255843 3.6804455081271036e-05 0.0001335127459036532 0.0 0.0 0.0 0.00033297909675906974 3.032302160770601e-05 1.2267606253800518e-05 0.0 0.0 9.349549006206288e-05 0.0 1.0191027750888758e-05 7.173344172685485e-05 0.00011193536162596528 0.0 0.0 0.0 0.0 1.0214483808837562e-05 0.0 0.0 2.30207082749965e-05 5.12550449237614e-05 0.00416638960748689 2.0839600451963245e-05 0.0 0.0 7.208643167908668e-06 0.0 0.0 0.0 0.0 0.0 0.005740835795216662 0.0003199111689606875 2.46172345656808e-05 0.0 0.0 0.002058894260625147 1.1979227505391699e-05 0.00047913989938466636 0.0001281137524675403 3.1815403745754744e-05 3.939916088628845e-05 0.0 1.0902677962691464e-05 0.0 7.172122870782105e-06 1.4874387701448408e-05 9.075481284127276e-06 0.0 0.0 0.0 0.0 0.012827359146631623 0.0013632380664079463 0.0004832347741304069
