0.0 0.24334951062822507 0.03404054972935216 0.11527250613264657 0.017240050957551014 0.0032733683471289684 0.09109123867235452 0.004389755769285111 0.0019424931881236228 0.04947882490575002 0.01342010068070254 0.0018460874253279885 0.007476710893820914 0.00725969250410257 0.00016855966251433575 2.3546530453247626e-05 8.142138196517267e-06 0.0 0.0 3.2336146070430264e-05 0.0 0.0 2.210411580922363e-05 0.0 3.132960163031e-05 2.5212938611969803e-05 0.0 0.0 0.0 0.0 0.0159346103679238 0.00015917727945846644 0.0007239119626833508 0.0 1.1089212081179533e-05 1.9097586986879672e-05 0.00030865499146353275 5.528117864953245e-05 6.426580504713845e-06 1.7053667982502608e-05 4.2719747210651855e-05 2.555629131932297e-05 0.0 1.5029783694158579e-05 0.0 8.862364921867905e-06 0.000502268490044464 1.1208037046188583e-05 6.701044969882382e-06 3.216143181296577e-05 4.022726744233153e-05 0.0 0.0 3.059256206514861e-05 0.0001660142210918183 0.0002876309559992027 0.019163503671514835 0.011844450542727326 0.0012361869481155308 0.0012606083459183143 0.0 1.2055554416805104e-05 0.0 0.0005693956908908237 8.209853614432835e-06 5.164699366735988e-05 2.47825227190207e-05 0.0 9.481613777308298e-06 5.888084580370792e-05 0.001372463315358448 0.00023380734849194043 3.1378527094400675e-05 0.00352258976176148 0.0004856160181792299 0.0005580735826801576 8.613672164408297e-05 0.0001189359316386987 0.0 0.0013909075495998674 3.485036701704338e-05 0.0001708126066351857 0.0001862039008801069 0.0 9.735666147091263e-06 7.416986139926304e-05 0.0 9.90819985948439e-06 3.1345138456184986e-05 2.0522638053100322e-05 2.2010267460800128e-05 0.0 3.7752736779466234e-05 0.0 3.5523492081955524e-05 0.007950497919636253 0.0016383837698786413 7.317150727040329e-05 2.917810592425044e-05 0.055331792415091195 2.3078924414761266e-05 0.0006043548634510663 0.0005483628978668937 0.0004338473975051684 0.0003410671281734935 0.0030950282217694297 0.0011543095273786816 0.0005463485082071975 0.001975755510983809 0.0014340736463673187 0.00015142596239529912 0.0014869357278429426 0.0010614127981891587 0.0009320444083461559 4.049040227175063e-05 0.0 0.0 0.0 0.0 0.0 0.0 0.0 0.0 0.0 0.0 1.1328033066500974e-05 0.0 0.0 0.0 0.0 0.0 0.0 0.0 0.0 0.0001101769822214963 0.0 0.0 0.0 0.0 2.7172344100001507e-05 0.0 6.602892845805294e-05 6.402524222024295e-05 1.3229625217034525e-05 0.0 0.0 0.0 0.0 0.0 0.0 0.0 0.0 1.792417483155148e-05 0.0 0.0 0.0 2.095839445354306e-05 0.0 0.0 0.0 0.0 0.0 0.0 0.00011136930992721513 0.0 0.00011650017611465128 0.00018131451620242756 0.0 0.0 0.0 0.0 0.0 0.0 0.0 0.0 1.2759707730013875e-05 0.000283049049404176 0.0 0.0 0.0 0.0 0.0 0.0 0.00017710300508329483 0.0 0.0 0.0 0.0 2.6095416641667422e-05 0.0 0.0 0.0 0.0 0.0 0.0 0.0 0.0 0.00017719395940380854 0.0003275508220140625 0.00012299983318270766
0.24334951062822507 0.0 0.04976746534562071 0.3087043073542775 0.0837151182172385 0.013398366929707146 0.14256751170632398 0.04027802570762367 0.1006136428655716 0.23379717751929982 0.12558545111278588 0.01862068474462984 0.07551743149120732 0.09187733274116931 0.0016502834766469875 0.00029023634884911244 7.00304167640495e-05 7.854391747105151e-06 0.0 2.3861244195329923e-05 0.00010187333686554286 0.0 0.00021229317803143276 2.0766728197631552e-05 0.00017403076449153514 2.239171838275759e-05 9.77284803745518e-06 1.6518344757134967e-05 0.0 1.1139075686754403e-05 0.19069363417626625 0.00293515465794691 0.005366921655489747 2.5474175930831932e-05 3.150826657787138e-05 6.165518313457507e-05 0.003604007535626248 0.0003379844819357429 0.00028382928416382185 6.176865815760667e-05 0.00011412748068041282 0.00018760476075051945 0.00013002734372357245 0.000138979126324403 0.0 2.5705034211814844e-05 0.0076145988719716 0.00014794553827169666 6.924655326606688e-05 9.339143755172909e-05 6.97796688222222e-05 3.7505885869109094e-05 0.0 0.00012143272414543222 0.0009655937942453322 0.0014341313140599733 0.008900399405354736 0.044974287052380275 0.00390434520527023 0.010021574009604715 9.361747658044912e-05 0.0010387502028037028 0.0 0.008850329732374073 0.00029975688105146153 0.0001860165921764067 0.00016269391725853144 2.1944859363832172e-05 7.916660165791043e-05 0.0003124125706491563 0.008938473077918358 0.0010449402094992086 1.8377190440820395e-05 0.021054828276262514 0.005964814457111443 0.0066063140632360694 0.0018686704190252344 0.0007604748418228917 0.0005510170811498447 0.007017127117800426 0.00023143892275128276 0.00135379783303712 0.0010024830628903299 2.8678424409764174e-05 0.00011012412493627636 0.000546996317603762 7.048183499727776e-05 2.5357687179877178e-05 0.00010046061195242447 0.0 2.4556702452394155e-05 1.6447655707852446e-05 0.00014304536526177678 4.825254363612818e-05 0.00010803673065117663 0.0056984044088985815 0.0023897482212760727 0.0 0.0003167586581936799 0.13002885318791363 0.00011967532746619245 0.0004111570193338475 0.0011476093220778591 0.0005244015243155416 0.0007300977574714892 0.01473689327347136 0.0013184143410294373 0.00207335535158191 0.014330736820079347 0.0021284572013320828 0.0007399390249752145 0.0053219292614181115 0.0042979825556246475 0.0050848290486994 0.0018386384133020684 0.0001346539756684271 0.00034182548141689986 0.0 9.316862924406004e-06 0.0 0.0 0.0 1.6244604388599104e-05 0.0 0.0 8.606399710491772e-06 0.0 0.0 0.0 0.0 1.249106434135822e-05 0.0 0.0 0.0 0.00012588190819113736 0.00011328134369270917 0.0 9.539311542379735e-06 0.0 0.001646683082447903 8.352164606550444e-05 0.0012119178559021882 0.0002725761467470737 0.0 0.0 0.0 0.0 0.0 0.00016779472223226184 0.0 1.14511118043994e-05 0.00010635086151096829 0.00014583103399735907 0.0 0.0 0.0 8.215552632311381e-06 9.383909083626058e-06 5.560206431299444e-05 2.555980684385395e-05 0.0 0.00012625814597113272 0.0 3.583438780636958e-05 0.0 9.460888103266977e-05 0.0015127458881492688 4.276105609802891e-05 7.360013473901451e-05 3.296388124406083e-05 0.0 0.0 8.74158996698567e-06 0.0 1.4822120091630953e-05 0.0 0.006399001184695929 5.776204928552037e-05 0.0 0.0 0.0 0.0007485701106022593 0.00016706720913713105 0.0007910402201918976 0.0004037721087288867 6.265906528129423e-05 9.980571784817127e-05 3.371835455599893e-05 8.290616687600268e-05 0.0 0.0 0.0 1.1129505582236165e-05 0.0 1.7489864265753146e-05 2.683663450384769e-05 0.0 0.0019627292148136455 0.0014802127936913024 0.002462864685998943
0.03404054972935216 0.04976746534562071 0.0 0.002803804996430672 0.020439197295350753 0.001389435977093963 0.006209311420122646 0.15751876875637205 0.038478934787156895 0.018672073624971794 0.19123637386822864 0.0007548471285936999 0.015271200573573701 0.05774550483908445 0.002463592427880306 0.0012367684867495132 0.0001832149184286902 8.409200719478934e-05 0.0 0.00016472934168954503 0.0006726655866814707 0.00013666762059355732 0.0012677840096964328 0.0004997322749574609 0.0008983659068187506 0.00022308939396261326 0.0003605081268332501 9.812422100155519e-05 3.86098089235648e-05 1.1555723719543541e-05 0.27818274829444645 0.019415117614635522 0.009270236238927513 0.00017203959368615885 0.000498000268832784 0.0006697731649925738 0.004181021845206783 0.0015267281375194145 0.0004725232366119776 0.0005686583004807955 0.0013552333398700268 0.0014305889490122043 0.000479927804553619 0.0004661082646499409 1.9145139733575494e-05 1.7479132540415383e-05 0.0038756033469292362 0.0001827703690893333 0.000144263916115255 0.0007149197633435189 0.000152228510298819 0.0001726860085480848 2.5794876442549074e-05 0.00048356911846762307 0.0002951543601093026 0.00037006345930845554 0.004366685949147229 0.03806598085127042 0.0015368809652890074 0.0031971207057732666 0.00033480675968736254 0.002063440344742354 4.250762699383286e-05 0.029982677452610344 0.0001461385798903641 0.00037871388208938643 0.00045615806600645065 0.000185155368269775 0.0007283507375451337 0.003289842382243219 0.006131046540482792 0.0019760855587103643 1.4098252245183567e-05 0.00653534155134945 0.0026418921182215314 0.003673617475726047 0.0019794849229283523 0.0024159140604428546 0.004142377937110441 0.044505777151427346 0.0010777911770720244 0.007186504980026928 0.00030653324032631603 9.339551089011557e-06 0.00016788813364615376 0.00029170733700667587 0.0003207238431956177 7.5537412824572324e-06 8.437832549921421e-05 0.0 8.125821079865386e-05 8.2942179480029e-06 0.0018463387187009112 0.00026829174244737754 0.0005877357159516268 0.002132049744271668 0.001842094214012573 0.0 0.0004495008141414644 0.043609136285725596 7.853714999788108e-05 0.00020357387880142196 0.0004564749184280824 0.00020070334039773037 0.0005142672488687123 0.002903508180898414 0.00032501480917880614 0.0007995679769935971 0.0005141021925743968 0.0008120507507823044 0.00024004094073369847 0.001255648209687897 0.001205654595746769 0.0024555067432763074 0.0010656362492372125 0.0 9.451053184581206e-05 0.0 1.192700603691585e-05 0.0 0.0 0.0 2.172246381482989e-05 0.0 0.0 3.2120231422152564e-05 0.0 0.0 3.0807513216766866e-05 0.0 2.5255723996063653e-05 3.101634728494259e-05 1.8897901419726774e-05 0.0 0.00010814497602189942 1.1526381295573326e-05 1.0585322197257236e-05 8.429536159683525e-06 0.0 0.0008780053018975589 5.726033051218564e-05 0.0004776161172089599 0.00026516863819475874 4.826996146221346e-05 1.0003923311565808e-05 3.0482362576965976e-05 0.0 1.0405878315126026e-05 0.00010669841669120513 2.104189376287848e-05 8.50914551341162e-06 8.190397939843852e-06 0.00010645412193630621 0.0 0.0 3.59391948973976e-05 5.079027944399099e-05 8.164181455188653e-05 0.0 0.0 0.0 7.833854644809053e-06 0.00010522520966097984 4.7294850363538555e-05 6.675295551141467e-05 0.0 0.0008103061696700144 9.869826275883787e-06 6.975946015789385e-05 0.0 0.0 0.0 0.0 0.0 0.0 0.0 0.0025589863074972925 4.172133824385495e-05 9.12469310292096e-06 0.0 2.1589945875876135e-05 0.00026473311706675615 0.00013451396439070448 0.00038709781077500544 7.70815901696288e-05 2.7290176085589196e-05 0.00019687773681484642 1.0549012406990825e-05 2.2195487605646107e-05 0.0 0.0 1.537799516067566e-05 0.0 0.0 1.5321006161200708e-05 9.778983989865334e-06 0.0 0.0006308326048837544 0.0009973504147647635 0.00131478460853397
0.11527250613264657 0.3087043073542775 0.002803804996430672 0.0 0.030115688325064033 0.03380194351356852 0.22200485701581113 0.00038329253614611847 0.0067026438047301014 0.10030568482655147 0.0004523378872517594 0.0027786747209969094 0.017736996874465918 0.007203092451246965 9.650176397533303e-05 0.0 0.0 2.0765233421602365e-05 0.0 1.4177184674698062e-05 2.0872180961145556e-05 0.0 0.0 0.0 0.0 0.0 0.0 0.0 0.0 0.0 0.010168351654304462 5.192108075317588e-05 0.00011795615106019131 0.0 0.0 6.640490914836433e-06 2.477986278424056e-05 7.2227495178653605e-06 6.956846257102263e-06 1.1156259419710063e-05 0.0 0.0 4.3389685778656024e-05 6.98360127388664e-06 0.0 0.0 0.0011147254941979202 2.7612502866453684e-05 1.8645036615593812e-05 8.134164288729212e-06 0.0 0.0 0.0 0.0 0.00015188850329528818 0.0006608716227870155 0.0018352755941467868 0.006241608003864515 0.0005929823013899317 0.001861084821028871 0.0 1.3256380233818901e-05 0.0 0.0011909120101226505 7.203058688767328e-05 2.323907536714928e-05 4.214080600799382e-05 1.4638871164246736e-05 1.81324811582889e-05 5.331574452634398e-05 0.00010539257150727752 7.718250730504951e-05 0.0 0.0039252586444084026 0.0008475910439109658 0.0008936550178575792 0.00013467820755044658 5.0284397115018354e-05 8.646674342580778e-06 0.00016958650052913862 6.89546591817083e-05 8.301569179859273e-06 0.00019043830536386817 1.1088371232809661e-05 1.7546153934115435e-05 0.00012170091585817525 0.0 0.0 3.212398811567602e-05 0.0 8.135013392272423e-06 0.0 2.326628618743289e-05 8.812590354234027e-06 7.3248306327265475e-06 0.0008832991033894186 0.00017511521595071038 0.0 2.2932720577725675e-05 0.025794410002848652 3.88053480350817e-05 0.0005404920287938084 0.00027265605151807624 0.000430807077310081 2.5111277331638317e-05 0.002421808973584679 0.0008352748990270944 0.00022654669239742327 0.003255031696665094 0.0011483304285688249 6.871650155852999e-05 0.0009060984710763728 0.0012647471507775947 0.0009146392291864224 8.083989816912689e-05 0.0 0.0 0.0 1.4283299031389482e-05 0.0 0.0 0.0 0.0 0.0 0.0 0.0 0.0 0.0 0.0 0.0 0.0 0.0 0.0 0.0 1.4369999579013844e-05 0.0 0.0 0.0 0.0 4.40172458246808e-05 0.0 4.197878525884503e-05 1.4437276883087329e-05 0.0 0.0 0.0 0.0 0.0 0.0 0.0 0.0 2.0320731844319828e-05 1.2943757998866992e-05 0.0 0.0 0.0 0.0 0.0 0.0 0.0 0.0 2.2923552618079983e-05 0.0 0.0001004778587784906 0.0 0.0 4.1142953675741906e-05 0.0 0.0 0.0 0.0 0.0 0.0 0.0 0.0 0.0 7.274077944983311e-05 1.3445883634316177e-05 0.0 0.0 0.0 2.974487782209964e-05 0.0 0.00012058545384036051 1.478260965273083e-05 0.0 1.0188269587348572e-05 0.0 0.0 0.0 0.0 0.0 0.0 0.0 0.0 0.0 0.0 0.0005815062648586077 1.3399464794643676e-05 7.142039513669377e-05
0.017240050957551014 0.0837151182172385 0.020439197295350753 0.030115688325064033 0.0 0.0019666120739201716 0.16224257540334625 0.0057037965831635085 0.07832231445701714 0.15294061709474802 0.024221317838828388 0.019617585975954727 0.1171516552647916 0.04789426532654767 0.001148265715675383 0.00017635705287920588 5.6457634605200954e-05 0.0 0.0 2.497038510898968e-05 0.0 0.0 1.686729329269996e-05 0.0 8.841535940228834e-06 0.0 0.0 0.0 8.709128856459893e-06 0.0 0.029726527112485916 0.003443969473323269 0.0021340198832540034 0.0 0.0 0.0 0.0022329275614810826 7.07328140839585e-05 0.00022867610846308322 3.434826791607992e-05 1.3603654148507018e-05 8.94988744889451e-06 2.6412420604695435e-05 3.503118715450087e-05 0.0 0.0 0.005035030029831751 2.9707158755813595e-05 9.63917850182096e-06 4.7029047344165975e-05 1.0653246942782425e-05 7.155295317220372e-06 1.0892596259197414e-05 0.0 0.00036044096097401663 0.00040822217430917324 0.0024633858769572137 0.008463623293470406 0.0013518168668052988 0.004440901770634389 6.828735283468807e-05 0.00021666840751714548 0.0 0.005008070069524461 0.0001724055543650052 6.95849835314904e-05 3.3115437971350055e-05 3.315759714158079e-05 3.920693450411796e-05 3.837730786308787e-05 0.005526221756596428 0.0008876056822640073 0.0 0.008146708854848963 0.0030528988550730597 0.004300600151389715 0.0018321315247021687 0.0002242318232730982 7.244255246821477e-05 0.0008022794140312248 7.311733918158855e-05 0.0005945666991187952 0.00015683761002447207 7.651035576093587e-06 9.167354777345812e-05 0.0001630492511706724 8.791828003636884e-06 0.0 4.919229723774658e-05 0.0 2.5266238728273713e-05 0.0 3.503950247267193e-05 1.848230120429616e-05 1.782989603480399e-05 0.005293667204954899 0.0021827666163557282 0.0 0.00014834958242376632 0.006952187252495167 0.00013545409831995162 0.00035352566595259443 0.0009548432889778834 0.00010476412638873998 0.0008105753260587271 0.007162799249145537 0.0005303791360148872 0.0016052936127859796 0.0031043111435486615 0.001317781304265559 0.0006245847311921237 0.004727924349841436 0.003884261170473063 0.005700727655844533 0.0024162585783089594 0.00014022826849164626 0.00014979354491279098 0.0 0.0 0.0 0.0 0.0 1.227961751082141e-05 0.0 0.0 0.0 0.0 0.0 0.0 0.0 0.0 0.0 0.0 0.0 0.0002409301750331169 5.909120236170904e-05 0.0 0.0 0.0 0.0017767038544638444 7.147405494269307e-05 0.0016614494866057188 0.0002697727730233051 0.0 1.0985498800618626e-05 0.0 0.0 4.0002112306813827e-05 3.0825276580821814e-05 4.243597326858043e-05 0.0 9.987161241071077e-05 0.00016036223116680897 0.0 1.0730671034197242e-05 0.0 1.3099561423182737e-05 0.0 0.0 0.0 0.0 9.43412671820603e-05 5.1926647688281037e-05 0.0 2.0456839604364578e-05 8.455417307404679e-06 0.0010170718127696624 6.595263060814335e-05 4.935980237026716e-05 0.0 0.0 1.1046662559181018e-05 0.0 0.0 0.0 0.0 0.0050699150862664666 0.00012352842667284018 0.0 0.0 0.0 0.0003680969077885904 8.189723492182245e-05 0.00030058665805457745 0.00016460481416872598 3.693682257100371e-05 0.00018759666065651037 8.075456090441358e-05 3.131442390447517e-05 0.0 0.0 0.0 0.0 0.0 0.0 0.0 0.0 0.0018412231351979426 0.002018288056808014 0.0015689848278817435
0.0032733683471289684 0.013398366929707146 0.001389435977093963 0.03380194351356852 0.0019666120739201716 0.0 0.03231795579834138 1.4136273214951644e-05 0.0024052941018968977 0.10733205154710906 0.0005488877016428095 0.01218537957246469 0.02577845534373385 0.003353345628036136 0.0 0.0 0.0 0.0 0.0 0.0 0.0 0.0 0.0 0.0 0.0 0.0 0.0 1.41270321380564e-05 0.0 0.0 0.00016826548823317046 0.0 0.00044207529810782586 0.0 0.0 0.0 0.0003486022900090459 0.0 0.0 0.0 0.0 0.0 0.0 0.0 0.0 0.0 0.0 0.0 9.874815348855373e-06 0.0 1.3273949601300435e-05 0.00037895464539906295 1.4063194882643381e-05 1.540666537767416e-05 0.0 1.0851362847690868e-05 0.007259673895172904 0.00010182484243943141 0.00011168114556207912 0.0 0.0 0.0 0.0 9.683110175698141e-06 0.0 0.0 0.0 0.0 0.0 8.568717202830502e-06 0.003048454849969313 0.007092282281899504 0.00048086703454138576 1.0642423231227483e-05 0.0 8.088048531849225e-06 0.0 0.0 0.0 8.810663596777233e-05 0.0 0.0 0.0 2.4671419879012935e-05 0.0 1.7940240578175258e-05 0.0 0.0007209783777519208 0.00019414166162273977 0.0004760070141049205 4.537598898003978e-05 0.00016188488668532133 0.0 4.877094965270789e-05 0.0001501750931278627 0.023746126786694004 0.01667693732148668 0.0009365941427617237 0.00024166539138428141 0.012347011590218294 0.0 0.0005954262708114491 0.0003256707599452465 8.286515281624485e-05 0.0001455574121495261 0.002185770150319116 0.0004921905626418658 0.0003508894482854453 0.0022014732047230313 0.0018476947264456202 7.008546343916938e-05 0.0014460723857329444 0.0016447996186580171 0.0010848499894612167 2.4571598912680296e-05 0.0 0.0 0.0 0.0 0.0 0.0 0.0 0.0 0.0 0.0 0.0 0.0 0.0 0.0 0.0 0.0 0.0 0.0 0.0 1.0777290356650773e-05 0.0 0.0 0.0 0.0 1.925801507722971e-05 0.0 1.5949527934919203e-05 9.031933258067428e-06 0.0 0.0 0.0 0.0 0.0 0.0 0.0 0.0 0.0 0.0 0.0 1.2392148495816432e-05 0.0 3.190082129762199e-05 0.0 0.0 0.0 0.0 0.0 0.0 0.0 0.0 0.0 0.0 0.0 0.0 0.0 0.0 0.0 0.0 0.0 0.0 0.0 8.629526106870463e-05 1.5637430493129418e-05 0.0 0.0 0.0 0.0 0.0 0.0 0.0 0.0 0.0 0.0 0.0 0.0 0.0 0.0 0.0 0.0 0.0 0.0 0.0 0.0006289107462826791 0.0 0.0
0.09109123867235452 0.14256751170632398 0.006209311420122646 0.22200485701581113 0.16224257540334625 0.03231795579834138 0.0 0.0012195127987547694 0.08664857139905033 0.21785976720354927 0.004221695008761036 0.06462963087211848 0.20697677114546303 0.08244026248052388 0.0014891350345646918 0.00027187620769985335 5.0627025725738835e-05 1.0514076513429733e-05 0.0 1.9898522183322683e-05 2.580869088547288e-05 0.0 1.2050727499024067e-05 3.3201189174040686e-05 2.3549747612228e-05 0.0 0.0 0.0 0.0 0.0 0.019964300307232008 0.0014482174825003577 0.003329236089454425 0.0 2.5171481131472692e-05 7.675756282305695e-06 0.002958151612028368 0.0001308476225601091 3.7583803501958405e-05 0.0 2.7820299731065174e-05 5.2777049062668275e-05 9.339506216247922e-05 3.5358380949702606e-05 9.271283164137666e-06 1.2653237221558493e-05 0.005497557085305443 8.144885695100308e-05 4.2136171317820476e-05 3.292144611517854e-05 3.7679731564407525e-05 0.0 0.0 2.8522958268244753e-05 0.00041880910095833395 0.0006022375966419371 0.003314712655096188 0.011192317756217337 0.0017904627324055674 0.005116909026717052 8.71638061347755e-05 0.00021321314811014963 1.0579867886302607e-05 0.004386736897209662 0.00011790007484702534 7.334349967928763e-05 5.057307404039657e-05 0.0 2.788008841361176e-05 0.00017025977949406803 0.007374944854160471 0.0019100243961590521 0.0 0.009710435767067 0.003134933378244714 0.004262333250573454 0.001902402973658683 0.00023315107046684286 0.00015918554406628703 0.000777265597276 8.535191587702948e-05 0.0005211411211992966 0.00034647343352620704 5.8301355042367755e-05 0.00010349633991251564 0.00031007152908742224 9.549209495210482e-06 7.6265153526625114e-06 5.722207368032223e-05 1.88396063338989e-05 1.6233931039129936e-05 1.2331622744221925e-05 7.6413908801877e-05 1.7384942191953646e-05 2.6666406933091697e-05 0.009809205006037222 0.0024240078864167297 0.0 0.0001265078460956015 0.023135780069010965 0.00034571839945213734 0.000848372452674191 0.0036453846679316212 0.001377880510464103 0.001321778877260773 0.017160408306581262 0.002114103133058298 0.003922212385205755 0.006765317254650935 0.005958883521341454 0.0015043177123242207 0.010584336968264331 0.010152492900255555 0.01276390481639691 0.004216976567495572 0.00023658204020560587 0.0002701398799919347 0.0 1.7517499048153132e-05 0.0 0.0 0.0 1.8386877297075816e-05 0.0 0.0 3.817786641320364e-05 0.0 0.0 1.1104841482926939e-05 1.8977178797555688e-05 0.0 0.0 0.0 0.0 0.0002585067156706296 7.730193018047024e-05 0.0 1.6132520362274745e-05 0.0 0.002808501812090269 7.416525088495446e-05 0.0014051271186930978 0.0005405499323485581 8.388961982733438e-06 0.0 0.0 0.0 0.0 0.00019610815240811538 3.195229407234229e-05 0.0 0.0003336881559864379 0.00037428022897300386 0.0 0.0 0.0 0.0 0.0 1.4567532904546816e-05 2.798212471467483e-05 2.2058924631757354e-05 7.371398773105389e-05 0.00016600949500508304 0.00016915272478064153 1.3788801176103444e-05 1.0066952739302304e-05 0.0016640101263920041 0.0 8.268309204416589e-05 9.442885221254213e-06 0.0 0.0 2.4762229733993274e-05 5.027496793810208e-05 0.0 2.1081280963833783e-05 0.008915743260066765 0.00023339927050838535 1.1074733686457362e-05 0.0 0.0 0.0005856276837331851 0.0 0.00047426585122404744 0.0003167766709819006 0.00014348104618634898 0.0003445479025523075 9.567967017997277e-06 0.0001242482264877982 0.0 0.0 1.5811270291875465e-05 0.0 0.0 0.0 1.0781016977757068e-05 0.0 0.004939243678636403 0.0033729721617166354 0.002598092713448791
0.004389755769285111 0.04027802570762367 0.15751876875637205 0.00038329253614611847 0.0057037965831635085 1.4136273214951644e-05 0.0012195127987547694 0.0 0.008953136906830222 0.0032519297427562196 0.20229261832621193 0.0008249889194391668 0.013757528046934623 0.05898903281035521 0.005238859558968653 0.002097219804681046 0.0001752307158498305 0.00016417944159703037 0.0 0.00032518094808013946 0.0014845260810735384 4.5818310012250945e-05 0.001559432404175829 0.0005365195951600258 0.0011333119509242063 0.00018814731727669575 0.0004127338954204908 0.00011050969813800506 3.403484021207244e-05 7.881607402561718e-05 0.09591818198959416 0.12471572345598622 0.012172302825392334 0.00025306156265150385 0.00064544903376963 0.0008338510909541169 0.004621953780579882 0.0018133714634495771 0.000829743634525928 0.0004826022843595287 0.0019792607071136294 0.0014653947563725413 0.0014357115906883764 0.0004005131797507376 4.3495978800884666e-05 0.00016015008205688333 0.008938230754380926 0.00028386858350614667 0.0003200669996911465 0.0007910059105121996 0.0002873804114884325 0.00017291926554657727 1.3026737821937436e-05 0.0005727245759767941 0.00040448540228794493 0.0004703303506461181 0.002175684230139763 0.01463736091389513 0.001405992151772569 0.004705565508276147 0.0040965899654498575 0.0023613006439438425 0.00020487056840846394 0.041380399460040636 9.071000630021465e-05 0.0007584760237787294 0.0008657298508906514 0.0004049619056343226 0.0014689173838905174 0.006341736003090097 0.003335063149788663 0.0006433198865867587 0.0 0.007440190325393 0.006175984712806986 0.009121144044106924 0.012373496986555287 0.01664892340433052 0.07662599977061686 0.07794251121105078 0.003405760884103182 0.030949857519098543 0.00037175961498429666 0.0 0.00025815293432073123 0.0004042542651000342 0.00044376784037636645 8.2657399586121e-06 8.923572138021362e-05 7.99055139681088e-06 0.00020049604297110572 3.467122739701514e-05 0.00278029120068798 0.00037369299544872905 0.0008921682947499808 0.001698740839978429 0.0007674249424240673 1.2856826306389201e-05 0.0002301059375057001 0.010097634547456739 0.0 0.0 8.431866713047528e-05 0.0 7.548923681228958e-05 0.0019184539217049416 0.0 0.0005381783643351352 0.0001173923604592272 0.0006268146687345396 0.000113883099835849 0.0006475282283089854 0.0009255549511344124 0.0014508378189829723 0.0005986379984774244 3.3245064830670235e-05 7.548491404973732e-05 0.0 0.0 0.0 0.0 0.0 2.432054258116333e-05 0.0 0.0 6.291013812315788e-05 0.0 1.1201945907576547e-05 0.0 1.879451068058123e-05 1.0417305833645029e-05 6.8547433249972574e-06 4.914070889059957e-05 8.909960713396125e-06 6.389648333343362e-05 6.563722284184552e-05 1.0110627323495574e-05 0.0 0.0 0.0005476191238492552 0.0 0.000331736852361381 0.00015779121816557047 7.482684877961234e-06 1.0762229382553123e-05 1.5813699671457418e-05 8.577531369333187e-06 0.0 0.0 0.0 0.0 2.9053365537890373e-05 4.30162653713895e-05 0.0 0.0 0.0 5.004899023352689e-05 0.00011214105129280804 6.4022407157857025e-06 0.0 0.0 0.0 6.308259577002526e-05 0.0 0.0 9.28309513787206e-06 0.0004159960462748622 3.5080675149688926e-05 0.0 0.0 0.0 0.0 0.0 0.0 3.315269474792924e-05 2.8463238575361057e-05 0.0016012935042732403 0.00015490113033210702 2.677584930394831e-05 0.0 4.044970249823478e-05 1.166102081407462e-05 4.6307090570346045e-05 0.00020704497870674052 0.0 1.6965554620927192e-05 7.22669159899575e-05 0.0 1.74584356415497e-05 0.0 0.0 0.0 0.0 0.0 0.0 8.305034583694987e-06 1.4156010155089314e-05 0.0005416609896417425 0.0007922288177385786 0.0007371135999144977
0.0019424931881236228 0.1006136428655716 0.038478934787156895 0.0067026438047301014 0.07832231445701714 0.0024052941018968977 0.08664857139905033 0.008953136906830222 0.0 0.025532217127034868 0.07354736938340488 0.011094018019027194 0.12796532438898897 0.041655547826813216 0.001764655551037505 0.0003726574759398521 5.995412093749573e-05 0.0 0.0 7.888182530193384e-06 0.0 0.0 8.282407153578976e-05 2.261020038994302e-05 4.058834754477011e-05 0.0 6.595088640794834e-06 0.0 0.0 0.0 0.009968622689115669 0.004025855489717437 0.001162314564835733 0.0 2.1290208787192404e-05 1.1198673321003769e-05 0.0022276250773158378 9.560717206841903e-06 0.0 0.0 7.248932981827217e-05 4.2931722961937454e-05 3.888531589919471e-05 3.582784794012116e-05 0.0 9.37475822398228e-06 0.003216169603158151 1.765774677762626e-05 8.325470854945329e-06 6.003982025052539e-05 5.231354230739884e-05 3.322607262509858e-05 0.0 9.007239086341042e-06 0.00017176374942773264 0.0002722008942809817 0.0008388887279311295 0.002890404142812662 0.0006212607567549783 0.0016760565735836537 5.6791549880464505e-05 6.525953922720581e-05 0.0 0.003094096774641154 2.508359950440594e-05 4.555622358984561e-05 5.776832380691153e-05 1.6195505565868365e-05 5.749570791091518e-05 0.0001580981844274763 0.0036088775524879694 0.0004938578906627598 0.0 0.0028508006362676546 0.0020481321040274076 0.003190358703424156 0.0018062912153235056 0.00047723446403525574 0.0003783905475877196 0.0004975251429210431 2.6695117246646417e-05 0.00029009094871216667 0.00011601852448838768 1.0001177876776108e-05 4.090075632452574e-05 8.529493336376213e-05 2.8036056941394237e-05 0.0 2.3191724282544973e-05 0.0 2.6063832938136294e-05 0.0 6.977549052520333e-05 3.6071373194934076e-05 5.759561142898118e-05 0.005742188394776493 0.0015377859893763981 0.0 0.00011139843653736814 0.002178577407766675 0.00011171404301748127 0.00015498739099692357 0.0005413001566048488 3.733611705012854e-05 0.0009152153400439362 0.007649751647215557 0.0006613764166124182 0.0020662678447998543 0.0022837160796248764 0.0023758069317174036 0.0011143636711298816 0.005618674832722556 0.004515516483866146 0.006552574305883009 0.002461502859536343 0.00012174360512846528 0.00015516327454072565 0.0 0.0 0.0 0.0 0.0 0.0 0.0 0.0 9.023954043382228e-06 0.0 0.0 2.2095445518599095e-05 0.0 0.0 0.0 0.0 0.0 0.00016419554154365802 0.0001175601020434983 0.0 0.0 0.0 0.001660234283225029 2.785734659037951e-05 0.000538735602687091 0.00035631247744002866 0.0 0.0 0.0 9.739003006085023e-06 0.0 6.805727643655118e-05 0.0 0.0 6.226124788854145e-05 0.00016037426544056817 0.0 1.2009594328908041e-05 1.1651655909579328e-05 0.0 9.796849953931756e-06 3.678862569926254e-05 8.070147778123741e-05 3.829278078467202e-05 4.373403205508579e-05 9.220215010841917e-05 8.49657406373024e-06 1.2401342400292603e-05 2.4300714244463718e-05 0.0011462107046663179 0.0 2.2136799219774267e-05 0.0 0.0 0.0 0.0 0.0 0.0 1.1546907194419901e-05 0.004715047648025928 0.00012768223648897012 1.6941608721698257e-05 0.0 1.0902495391338648e-05 0.0002842652145125599 1.3609948128521046e-05 0.00029437306927712484 0.00015548671223205917 1.9735898216865076e-05 0.00013345796851402093 3.288944493573867e-05 7.134401414539558e-05 0.0 0.0 2.701365608225981e-05 0.0 0.0 0.0 0.0 0.0 0.0029180201010588123 0.0016014419399553535 0.001233485683220419
0.04947882490575002 0.23379717751929982 0.018672073624971794 0.10030568482655147 0.15294061709474802 0.10733205154710906 0.21785976720354927 0.0032519297427562196 0.025532217127034868 0.0 0.011876323708604619 0.06493482287556382 0.7206165103223494 0.03890330725462688 0.0004114663271167047 8.17106202423378e-05 0.0 0.0 0.0 0.0 0.0 0.0 0.0 0.0 0.0 1.971963493573646e-05 0.0 0.0 0.0 0.0 0.0031532264626209588 0.00013850484597827386 0.005988310534893532 0.0 9.274768616251484e-06 1.2122743272592842e-05 0.005453676410120169 0.0 0.00027180168707083215 0.0 1.9878199715533335e-05 7.660631802338881e-05 9.198402955989486e-06 0.0 0.0 0.0 0.0008719079890055203 0.0 1.350166619917349e-05 0.0 9.39392732612543e-06 1.9005330117944447e-05 0.0 0.0 6.619694659063086e-05 0.0002193558544314015 0.0018251045619510206 0.0020582353040535218 0.00044813995648242073 0.0008667447401317046 1.721590454546863e-05 0.00040736067857147657 1.942994203438259e-05 0.0006612044684276766 0.0 1.6852952287648325e-05 1.0156006011327635e-05 2.2314702922422936e-05 3.9126536781336195e-05 4.2107247549069495e-05 0.019339616887211607 0.0018673639942102076 0.0 0.0015674424996955144 0.0005192149775736044 0.0005073164383226298 0.000309820719231795 8.191193030967227e-05 1.850938878663496e-05 0.000874023503359281 7.858529004119429e-05 0.0004092922818150206 8.086761727222597e-05 0.0 0.0 3.373225096100087e-05 3.925723268560348e-05 0.0 2.4262217422918305e-05 0.0 0.0 0.0 3.143541290420892e-05 0.0 5.819621656509578e-05 0.03234486069605286 0.005389478528639246 0.0 0.0008084003107741764 0.022183383941848062 0.00047871610313538924 0.001505555449969499 0.0035830264618529287 0.00042441823002337895 0.002792633017981618 0.03511058417337765 0.004148340020239084 0.0078319470788613 0.016830501064796853 0.01075078356762173 0.002527154455224623 0.02074199860236672 0.02088076675889168 0.024586209477444835 0.005967898861111459 0.00015199349141047436 0.000413166075561913 0.0 5.1429949239645524e-05 0.0 0.0 0.0 0.0 0.0 0.0 0.0 0.0 0.0 0.0 0.0 0.0 0.0 0.0 0.0 0.0004572024887197713 0.0004420963199067279 0.0 0.0001588390461378926 0.0 0.0034980795194246243 3.5915846318925115e-05 0.002914500343392881 0.0007046653981211945 4.011961939236519e-05 0.0 1.335033943742721e-05 0.0 0.0 0.000308655385353232 1.806152676414913e-05 0.0 0.00021411424096606633 0.0003448911809631006 0.0 8.907778399359034e-06 4.94740085657943e-05 0.00016895627877936803 0.0 2.459732733969473e-05 7.862477394560869e-05 0.0 0.0001422928042017766 4.826365686840514e-05 0.00014437791416248305 0.0 0.0 0.004036851966129628 5.696048020969614e-05 0.0 6.107608213534744e-05 0.0 0.0 2.68785318671526e-05 0.0 0.0 4.017338356734167e-05 0.014420989760428462 0.00042957520024821625 5.269879296771216e-05 9.55169253341913e-06 0.0 0.000988643636274083 0.00022610070311997437 0.0009503632329425191 0.0004889006590740468 0.00025216178826470003 0.00040982012998093186 3.074298606472499e-05 7.977670260198327e-05 1.1546802235787472e-05 0.0 0.0 9.040380659011866e-06 7.869603083288572e-06 0.0 0.0 0.0 0.010499090733347394 0.0054124510061317604 0.005361170480246752
0.01342010068070254 0.12558545111278588 0.19123637386822864 0.0004523378872517594 0.024221317838828388 0.0005488877016428095 0.004221695008761036 0.20229261832621193 0.07354736938340488 0.011876323708604619 0.0 0.0028610199388205415 0.10958502303091038 0.17229656346014388 0.004515884059021035 0.0020311037322546304 0.00026627808042224536 8.682426083129628e-05 0.0 0.0001823809772802812 0.0004592720960546066 0.00015981198199839324 0.000733719664652289 0.00039702165654658387 0.0011028087228069769 0.0001399951577276529 0.0003364387543870648 8.420774118703903e-05 3.9751751768478096e-05 5.779923294485e-05 0.04304010029809223 0.009995019127704783 0.03589298796507638 6.63905651950365e-05 0.0003983935212999616 0.000694680872108349 0.01654184942442491 0.0027241009729644006 0.002215090436273056 0.0008835814544933998 0.0015043900795323115 0.001374524115012988 0.0002745183278159383 0.0004915557233019237 1.7436344797700578e-05 4.963838793589644e-05 0.005363021227310567 4.2785931293913465e-05 0.00014490127976927243 0.0003320276485076857 0.00018452248245763754 0.0007368431651532279 1.1777503668476996e-05 0.0010163126440330612 0.0002109194240226713 0.0002464266469269458 0.001293613169284194 0.00634170215157252 0.0008468609575603744 0.0025719941421515993 0.00014881827224858075 0.008104043146002974 1.0578236899913363e-05 0.004825575443862508 6.940269986973134e-05 0.00010574663883996647 0.000414276686486082 0.00011670291314766258 0.0004623612739034322 0.0020478948768801954 0.013575213468961766 0.0012041560913275081 1.0460730404017235e-05 0.0045038448038543285 0.002732149411405614 0.005480256972095387 0.0036421373822858078 0.003437449040342545 0.021124234473377464 0.006360732815638124 0.0007583699436220418 0.0033104840669716975 0.00022892860414303696 7.328860336625354e-06 8.918891631636e-05 0.0003030634016935522 0.0001235457731506416 1.7179240962059208e-05 4.7732411698665844e-05 0.0 3.948839051144748e-05 1.773326274468982e-05 0.0014914155963679405 0.000303128124021478 0.0007473300644567227 0.0034476632058189956 0.001713501198401086 7.41678430093822e-05 0.000996817085753412 0.007774719719511422 5.2989069627751986e-05 1.7411892974277154e-05 0.0004667831521943605 3.158804811092907e-05 0.0004908499484368096 0.004154666532122265 0.00025662339162903507 0.0008786932945296502 0.0008718530408028248 0.0002714449963619877 0.00028139018234629693 0.0019207410033261598 0.001860475167043469 0.0036316628362595563 0.0014323066312318317 6.898889456484624e-05 0.00024052755489844787 0.0 8.58452173218369e-06 0.0 0.0 0.0 0.0 0.0 1.3691075254832624e-05 0.00013658701177420027 0.0 9.338444306129199e-06 2.9058424779835315e-05 0.0 9.076121903697482e-05 3.366508038452552e-05 6.136038499816766e-05 9.008244448522413e-06 0.00015113049971743808 0.00010907851347799527 0.0 3.306903800064519e-05 9.892580481876039e-06 0.0013049325833600766 8.606238144956463e-06 0.0010218624024811236 0.0004135706692726649 0.00013925755268311788 4.828249576361482e-05 0.0 8.784485026953853e-06 0.0 8.975386264159137e-05 3.684498612625342e-05 3.045590061883505e-05 3.4302450524750527e-05 0.00016988403407619673 0.0 0.0 2.1912808063697037e-05 0.0003116584452338088 9.560701050288369e-05 0.0 0.0 1.3252713167891671e-05 6.396330601331834e-06 2.5386728879675834e-05 8.25031162930097e-06 1.1445678721033343e-05 0.0 0.0007533730417978591 0.0 7.508589022236689e-06 0.0 0.0 0.0 2.232680028929269e-05 0.0 0.0 0.0 0.0035057204984306283 0.00020639192137855477 4.9265264714870036e-05 0.0 2.6566553535720965e-05 0.00015847409435915902 3.0084400129024554e-05 0.0006162741367491865 4.9991416296055506e-05 1.4029682416827645e-05 6.590091784374105e-05 4.491612511483281e-05 0.00010685387693617212 0.0 0.0 1.2795505699533412e-05 0.0 7.294060653424322e-06 2.8997610097174024e-05 4.241450038342109e-05 0.0 0.0014924198841974635 0.0016471439298580478 0.0012999509247134597
0.0018460874253279885 0.01862068474462984 0.0007548471285936999 0.0027786747209969094 0.019617585975954727 0.01218537957246469 0.06462963087211848 0.0008249889194391668 0.011094018019027194 0.06493482287556382 0.0028610199388205415 0.0 0.0926205602386191 0.006446127284575083 0.0005520027606393563 0.00033176425305065136 4.52120365203302e-05 0.0 0.0 0.0 1.5238697365791492e-05 3.5750330093523446e-05 0.0 0.0 4.427647123986971e-05 0.0 2.8408030334705884e-05 0.0 0.0 0.0 0.0008895684452489663 3.9506714637634094e-05 0.0014992567839652929 0.0 2.083426259138896e-05 3.1641884813499864e-05 0.005811901268042972 0.0006062286392053864 0.0007390848150176428 7.501760460783585e-05 8.717922149167136e-05 0.0001318546363657991 0.0 9.607480169311492e-05 0.0 0.0 0.00045863707569050635 0.0 2.9390910141145902e-05 0.0 4.9187025719915837e-05 0.00016987318441981128 0.0 8.292425042285209e-05 0.0 4.1756626161593324e-05 0.0003623110649451677 0.00030887065491867896 7.471601836032468e-05 6.564386000120826e-05 4.889254128009522e-05 0.0006136576406911388 1.637739592758345e-05 2.009652959166727e-05 1.6337480395534587e-05 1.4559163338093831e-05 6.064507658716e-05 1.8447453169365587e-05 7.484047276389415e-05 8.60905834803039e-05 0.00395980489083972 0.0014580803520237396 1.4560878055526924e-05 0.0004318594314760126 0.00022328997049883128 0.0004098710414038653 0.00019367245525993656 0.0007293207375122027 9.30075295363935e-06 0.0004421411307565654 5.2234874043431126e-05 8.471132209161649e-06 0.0 0.0 0.0 2.325966494876159e-05 0.0 0.0 0.0 0.0 0.0 0.0 0.00015484974305739625 0.0 0.00012795049070516847 0.02425501804261684 0.0004448199981871036 5.7835871762739414e-05 0.0001851267458148508 0.0027137732398890457 7.622755710862864e-05 4.06544667659555e-05 0.0005433225738309598 2.5556323160705837e-05 0.0004351682865631918 0.005586861441376089 0.0003203221877369185 0.0018231107736660411 0.0025386950873079964 0.0025579095050458685 0.0007304311196501391 0.004396154953228141 0.00583844280014831 0.006396077178713846 0.0012989940711099293 7.25817912975751e-05 0.00013061866886554603 0.0 0.0 0.0 0.0 0.0 2.2385994599359035e-05 0.0 0.0 0.0 9.482218763582829e-06 1.0454002437747792e-05 3.184149608409274e-05 0.0 0.0 2.1275181423443348e-05 1.3222326464494372e-05 0.0 6.570102294897853e-05 0.0001322902553765713 0.0 0.0 0.0 0.0006808604329804326 0.0 0.00034529075788708463 8.697767968982817e-05 1.71069739953589e-05 0.0 1.76803270353232e-05 1.3345506623093785e-05 0.0 3.098869068529879e-05 8.642668224891505e-06 0.0 6.890021159631058e-05 0.0002105793946122415 0.0 0.0 0.0 2.7008191157510888e-05 0.0 1.2418368105644396e-05 0.0 0.0 0.0 8.69995382095134e-06 1.7055284817166137e-05 2.450853410562951e-05 0.0 0.0009008483807273312 0.0 0.0 3.0250296092399707e-05 0.0 0.0 0.0 0.0 0.0 0.0 0.004151152321343161 0.00020614550209583211 0.0 0.0 0.0 0.00031275240606301277 0.0 0.0001782608143713613 2.6786500246518418e-05 2.7011719064801866e-05 7.658929172838178e-05 3.0111859194163513e-05 5.740143324175436e-05 0.0 0.0 2.595349841890408e-05 0.0 0.0 1.132487723166539e-05 0.0 0.0 0.0035089671790901663 0.0014660626323265218 0.0009699965535548125
