0.0 0.21697468012025228 0.13869567193516263 0.04554633700543042 0.012395522104265883 0.0033237772479688303 0.02527727117843106 0.02565364975472345 0.002349776508087769 0.06623418699365155 0.02741312478388062 0.015504189760307456 0.01607592031796272 0.008629626861440259 0.00018440188738373187 5.4845226341826494e-05 1.0930854050454087e-05 0.0 6.3045146864641695e-06 0.0 1.9127673008700664e-05 1.2221346899147217e-05 0.0 0.0 3.233478793567887e-05 0.0 0.0 0.0 2.3348039212381413e-05 0.0 0.05011304977974632 0.0018463837472804847 0.0014742837478146315 0.0 1.5246668985915744e-05 3.656838053787295e-05 0.0011829997406846043 3.848915708507999e-05 4.8755851591231055e-05 2.9106845681219885e-05 0.0 8.108836309202646e-06 6.98349912314526e-06 3.101293828790739e-05 0.0 1.6432526908472208e-05 0.0028844737829417265 0.00037933846553275444 0.0 2.280985445612537e-05 8.844845751554918e-06 0.0 1.1400977145779278e-05 0.0 0.0007995854101740825 0.0005387395084688059 0.017925422456719544 0.03765917663962916 0.0023360517025552935 0.0009910328435643522 0.0 0.0 0.0 0.00036865760956120245 0.0002443617801797717 0.00010783772532376098 5.443935795989005e-05 5.415939389007131e-05 2.3599239747846588e-05 1.328519477243867e-05 0.001429995743953996 5.084213119127387e-05 0.0 0.008903377553799016 0.0009394442525354084 0.0006908562111211292 2.744473201013025e-05 5.527105749848895e-05 5.264985624008332e-05 0.006124990757469703 8.201439185538822e-06 0.00014259355227614834 0.00316857751466992 0.0 0.0001821699920402037 0.00026018316041109005 8.910769434737678e-06 0.0 5.9230420775728246e-05 3.2853769560411115e-05 8.424979353231774e-05 5.860267608171039e-05 0.0001057116093606191 0.0 0.0 0.0008786199774563318 1.2029377951988213e-05 3.659479965613694e-05 1.4809160653822299e-05 0.1015764537032857 0.0 0.0 0.0 0.0 0.0 0.0 0.0 3.814971819144699e-05 0.0 0.0003372095903068362 0.0 8.519564411854698e-05 0.00018482220832061481 0.0005617072090487083 0.00018363961349595153 0.0 0.0 0.0 0.0 0.0 0.0 0.0 0.0 0.0 0.0 0.0 0.0 0.0 0.0 0.0 0.0 0.0 0.0 0.0 8.98536115827589e-05 0.0 0.0 0.0 0.0 4.6823277498200554e-05 0.0 9.440856319616491e-06 1.5708566978982548e-05 0.0 0.0 0.0 0.0 0.0 9.225403171255034e-05 0.0 0.0 0.0 0.0 0.0 0.0 0.0 5.975483154173736e-05 1.0253277261316003e-05 0.0 0.0 0.0 0.0 0.0 0.0 0.0 0.0 4.843082720801631e-05 0.0 0.0 7.517881297624733e-06 0.0 0.0 0.0 8.109314672368569e-06 0.0 0.0 0.00030805692092693336 0.0 0.0 0.0 0.0 0.00010230044278735764 0.0001358293137478513 8.150652858809914e-06 0.0 0.0 0.0 0.0 2.865704959020205e-05 0.0 0.0 0.0 0.0 0.0 0.0 0.0 0.0 0.00016032403624500837 5.1459570183917926e-05 5.3153983659440364e-05
0.21697468012025228 0.0 0.1719370983354507 0.05911884020040822 0.09008263597459233 0.026088948799902003 0.04086884720175855 0.03199719476297576 0.03015632200509694 0.04453818200927928 0.04928467414978872 0.010757098580636048 0.024726516354141036 0.022436938001750468 0.0010506975694476357 0.0001671163566245555 5.256315525506282e-05 1.2875866209479356e-05 2.2130373569535447e-05 1.814653955282009e-05 4.264681031428485e-05 0.0 0.0 0.0 0.0 0.0 0.0 0.0 0.0 0.0 0.06201725212513344 0.0013708740772041819 0.0021801927286824725 0.0 0.0 3.205951269803928e-05 0.0017878554133252604 3.537593654617419e-05 8.607450889320811e-05 0.0 9.70981678925743e-06 0.0 5.26410286621818e-05 5.637697388842683e-05 1.0470964309531052e-05 3.686601597919527e-05 0.011811528355096234 0.0010897601754482 7.870556693399857e-05 1.6361530205743664e-05 5.818607727178216e-05 4.0186579196733344e-05 2.221537502440322e-05 1.646689421472383e-05 0.0015358335969090826 0.0010011147476892367 0.01756239657055837 0.028827440404129906 0.0036972054489594606 0.0030775323285064846 4.030097285619099e-05 1.4621846860079779e-05 0.0 0.0024611342915323194 0.0005871697999350236 0.00039475281983059003 0.00014515026369350746 7.924960680551104e-05 4.4499102968666215e-05 7.769599176305206e-05 0.0030572212006173107 8.52167931341355e-06 0.0 0.020888825063112938 0.0065711589035689685 0.0038032588643941508 0.0003153910396692338 0.00012787536170235405 0.00010623962188319042 0.004143047225707887 4.674323680033636e-05 0.00025295732886963253 0.007824638457806435 1.7275492616861487e-05 0.0005079006843944017 0.0008788363597643342 6.066198647703245e-05 0.0 6.324858841993257e-05 0.0 0.00017313482261141383 0.0 9.56022819913984e-05 8.991814757618393e-05 2.1176289773197542e-05 0.0007688350196699334 0.00010005482397172652 0.0 0.0 0.06382244573220011 1.333468571416677e-05 6.236097901691499e-05 0.0 1.8237476577766205e-05 3.1671520878586325e-05 0.00038241895592748234 1.1288458894457135e-05 9.034499470885321e-05 4.192841798320743e-05 0.0003364469272422429 0.0 0.0005724701333043728 0.0002882771933943827 0.0007280056139303187 0.00022907713651791508 0.0 0.00011567119221952475 0.0 0.0 0.0 0.0 0.0 0.0 0.0 0.0 0.0 0.0 5.963998945579171e-05 0.0 0.0 0.0 0.0 0.0 0.0 8.226728007107112e-05 1.892684467591984e-05 0.0 0.0 0.0 0.0002900183579819227 0.0 9.12313929237767e-05 0.0 0.0 1.205051698868414e-05 0.0 0.0 0.0 3.9638017639493445e-05 0.0 0.0 0.0 0.0 9.710098692974505e-06 0.0 0.0 2.68236850241161e-05 0.0 8.838413107886956e-06 0.0 3.3362124911843506e-05 0.0 0.0 3.976054347277176e-05 4.764566860100885e-05 0.0 0.0002787278359514123 1.0120524310443413e-05 0.0 0.0 0.0 0.0 0.0 1.7190493656716877e-05 0.0 0.0 0.0006732486976699509 0.0 0.0 0.0 0.0 0.00010597868943267823 0.0 0.00013910723965186253 0.0 0.0 0.0 0.0 0.0 0.0 0.0 0.0 0.0 0.0 0.0 0.0 0.0 0.0003945839289437031 0.00013942291880212007 0.0002568043884417414
0.13869567193516263 0.1719370983354507 0.0 0.0025574806596323006 0.07785721266069277 0.0007414211729562043 0.015403844606691187 0.046888601245368366 0.060040774385250115 0.0011076624042672416 0.17103960152690467 0.009803423658197806 0.041606548125039264 0.06673070269082826 0.0007405730038789841 0.0004495912549122944 4.8415788393127275e-05 7.894462253344026e-06 7.263680233878915e-06 5.9444953870188316e-05 0.00018641773658320345 1.0326699458636822e-05 0.0 9.177928090576335e-06 0.00012798177786082696 7.178949019897442e-05 0.0 5.358961346499436e-05 1.2861817176004035e-05 0.0 0.37398768652708736 0.026609506031908713 0.007670840122145337 0.0 6.782902986722552e-05 0.0003417346644919978 0.0048288454224193625 0.00023313681510813954 0.00025051469490557055 7.069337931841676e-05 7.866433913905705e-05 0.0001011036455037447 6.008475805596143e-05 0.0001421331791826131 6.806746739900434e-06 2.9023261852787757e-05 0.007111664675411346 0.0004886801434450291 2.063000028507557e-05 5.402286579937691e-05 6.763406600491298e-05 3.477953056449176e-05 1.558944769017914e-05 6.146914355286444e-05 0.0009398716360335572 0.000728382524189495 0.01038339559212615 0.023002674516134927 0.0019827709391292167 0.0018476175225981357 0.00013111065902436943 5.496125841071945e-05 4.828263753391067e-05 0.006377607380750018 0.00039434698886950105 0.00027345849354287743 0.0001801822515102562 0.00014328473840380488 0.00019842853446077702 0.0002719289363632116 0.00607390290228398 9.704961808515829e-05 1.3957055527136495e-05 0.012577674444892365 0.005777343963318178 0.003013200815688937 0.00043574832673291824 0.0003217922311149544 0.0012343235891970892 0.040315134418520214 0.00015428999320673924 0.0044823279395478895 0.0046134863556813906 1.7454012511465147e-05 0.00021330195045166894 0.0004987334686450741 8.040516818633214e-05 0.0 5.7327104795917775e-05 2.2212632076288848e-05 5.422669653148074e-05 2.9195258046328115e-05 0.0007041164249832056 0.00016024779937628223 2.86816955839801e-05 0.0010046744968555015 0.0001805265962769833 0.0 0.00011297690617510573 0.0880830379568607 8.635416860680135e-06 0.0 0.0 0.0 6.937355226744723e-05 3.685166383685602e-05 9.045004500639606e-05 6.504849438267792e-05 7.923852337419212e-05 0.00010905006722738362 1.2296068847234377e-05 0.00014416796644927277 0.00010496895896521505 0.0009313775595845477 0.0001374809739052199 0.0 3.2450569284894245e-05 0.0 0.0 0.0 0.0 0.0 0.0 0.0 0.0 0.0 0.0 0.0 0.0 0.0 0.0 0.0 0.0 0.0 7.20471957250792e-05 1.4311751523935033e-05 0.0 0.0 0.0 0.0002739127208859081 1.1566020545872831e-05 0.00011588718347967183 2.8833884922991943e-05 9.157602333630556e-06 2.054142576296194e-05 0.0 0.0 0.0 1.1487537802622035e-05 4.283501534787627e-05 0.0 2.3912779672994448e-05 0.0 0.0 0.0 0.0 9.312310095672383e-06 2.1778747953266035e-05 0.0 0.0 0.0 0.0 0.0 0.0 0.0 0.0 0.00027884119554812017 0.0 0.0 0.0 0.0 9.729263779970119e-06 0.0 0.0 0.0 0.0 0.0005262257450891869 0.0 0.0 0.0 0.0 0.00011185695759107385 0.0 4.899937025040592e-05 0.0 0.0 1.853437981784107e-05 0.0 0.0 0.0 0.0 0.0 0.0 0.0 0.0 0.0 0.0 0.0003928313191899858 0.00020376582626770057 0.00016390606578381482
0.04554633700543042 0.05911884020040822 0.0025574806596323006 0.0 0.004775214630430209 0.021348675445412354 0.06947432828407678 0.0003235451283855158 0.0016444996383031564 0.04959285581560518 0.00037656059503622246 0.06468892812620579 0.06656326126179707 0.0029494769619255665 0.00016598810934393196 2.428657152822091e-05 0.0 0.0 0.0 0.0 0.0 0.0 0.0 0.0 0.0 0.0 0.0 0.0 0.0 0.0 0.0024019841060428622 6.213386565724003e-05 9.470311515966152e-06 1.280519319708082e-05 0.0 0.0 0.0001997641412594141 0.0 4.2422398116111334e-05 0.0 0.0 0.0 6.327243485493785e-06 0.0 0.0 0.0 0.00153985248552828 0.00016788655500045348 6.9276347874242505e-06 1.2319243578028836e-05 0.0 0.0 0.0 0.0 0.0002699830229854447 0.0001691355693345275 0.0047649429071858485 0.007434526386860807 0.0006392010739755747 0.0004319411415684366 3.7880705332619686e-05 0.0 0.0 0.00013408015856202987 0.00012219517705758256 4.8680118656583326e-05 4.553219028171456e-05 9.364441701865302e-06 0.0 0.0 0.0002683275546331724 0.0 0.0 0.0036428574150184456 0.0006291036358332537 0.00042420670645059225 8.019871986595273e-06 0.0 2.916877344158118e-05 5.775490616019581e-05 0.0 1.6868507846310962e-05 0.000959610321004361 0.0 6.412052347733612e-05 0.0001515421654138611 1.6421490253212535e-05 0.0 0.0 0.0 3.629540356394447e-05 1.719515068117573e-05 6.9693715058904e-06 1.5856469759924792e-05 0.0 4.578460138159311e-05 0.0 0.0 0.0 0.04225859726278207 0.0 1.8637890871194182e-05 0.00011390116119030078 0.0001307127263568048 0.0 0.00027043032061121786 0.0004905468537282327 4.4104495143393046e-05 0.0002637084973660864 0.0004045022603077971 0.0 0.0002928957829008761 0.0004886361203127868 0.00027370559587187155 0.0 0.0 0.0 0.0 0.0 0.0 0.0 0.0 0.0 0.0 0.0 0.0 0.0 0.0 0.0 0.0 0.0 0.0 0.0 0.0 1.0142395548386792e-05 0.0 0.0 0.0 0.0 0.0 0.0 0.0 0.0 0.0 0.0 0.0 0.0 0.0 0.0 0.0 0.0 0.0 0.0 0.0 0.0 0.0 1.3260159601847673e-05 0.0 0.0 0.0 0.0 1.1791086985195042e-05 0.0 1.1923899809423472e-05 0.0 0.0 5.893309468007776e-05 0.0 0.0 0.0 0.0 0.0 0.0 0.0 0.0 0.0 3.572055011932173e-05 0.0 0.0 0.0 0.0 0.0 0.0 2.0815476091529993e-05 0.0 0.0 0.0 0.0 0.0 0.0 0.0 0.0 0.0 0.0 0.0 2.568439485142505e-05 0.0 5.593788078344602e-05 8.524816053578728e-05 0.00019096549965182404
0.012395522104265883 0.09008263597459233 0.07785721266069277 0.004775214630430209 0.0 0.0012313897997504209 0.11041817898214155 0.0017744417446758493 0.27510057016135364 0.027036535082909294 0.08842158217104523 0.0028251779106091735 0.008847920547744036 0.02310448665490825 0.0008990537640227923 0.0002563640866433896 0.0 1.5402316634908088e-05 0.0 4.553949732585009e-05 4.1347004664035585e-05 0.0 9.792909157227049e-06 0.0 0.0 8.28309833505304e-06 0.0 9.17965319164145e-06 1.1039179919505918e-05 0.0 0.006235322145696082 0.0007250658714505103 0.00030370489446112406 0.0 0.0 0.0 0.0004868849693484374 1.999549676233659e-05 0.0 0.0 1.0505498762234396e-05 7.934545594035912e-06 6.4352799666590615e-06 4.048406308362369e-05 9.752565117964948e-06 2.278603172099011e-05 0.007182149374879517 0.0005172935210352736 5.214227175810736e-05 2.587956265735592e-05 5.250536811146627e-05 7.475658108142392e-06 0.0 8.007929123147748e-06 0.000496899611994845 0.0004412181058026978 0.004300872814794938 0.005473209454452719 0.001253578357748216 0.0016213197072582708 5.730349972537822e-05 0.0 1.057802784866394e-05 0.0018486071936203512 0.00026713818039832203 0.0001889763545927375 3.2377608611358025e-05 6.311969605315002e-05 3.7771541236586116e-05 6.981034897975929e-05 0.0028061880535919983 6.164925944660968e-05 0.0 0.007453717940998103 0.0035573205744738002 0.0030706479927579047 0.00024021048225781686 5.48359359927788e-05 7.966300301458267e-05 0.0003512342391106303 0.000134173186164984 0.00016806924669586132 0.003320824779282501 0.0 0.00018343922173972375 0.0003806980940206988 2.0859240396244403e-05 0.0 4.3140375699463405e-05 7.182081581401326e-06 4.208483151220988e-05 9.101025754447374e-06 7.8464310365049e-05 2.9119606813863877e-05 1.4457709044493289e-05 0.002215452779101058 0.000357410876782638 0.0 8.3767614687322e-05 0.004089641644851999 0.0 5.440390856746779e-05 4.887851712900634e-05 6.032923157042577e-05 0.00013246887924108996 0.0005402628469273147 0.00034865498350375543 0.00021925276515955612 0.0001995437624049095 0.0007015428242900536 2.9822758881157086e-05 0.001520141775759311 0.0010251877422256485 0.0034239154013072258 0.001014784479089552 0.0 0.0 1.894822071131597e-05 0.0 0.0 0.0 0.0 0.0 0.0 0.0 0.0 0.0 0.0 0.0 0.0 7.592469778022832e-06 0.0 2.8914904176015633e-05 0.0 0.00029526116090180116 0.0 0.0 3.1560914832566285e-05 0.0 0.000919060352324298 0.0 0.0004891315055985105 3.97725044229622e-05 6.102645804653329e-05 0.0 0.0 0.0 0.0 4.3484556438142707e-05 0.0 0.0 0.0 0.0 0.0 0.0 0.0 0.0 0.0 0.0 0.0 0.0 0.0 0.0 3.233144750136769e-05 0.0 0.0 0.0007285482972961129 0.0 0.0 0.0 0.0 0.0 0.0 0.0 0.0 0.0 0.0022588186309981232 3.1489910021987477e-05 0.0 1.0338448357358656e-05 0.0 0.00038602799521026093 2.7346344494466914e-05 0.00025440233551564183 8.58099260390321e-06 0.0 0.0 0.0 0.0 0.0 1.3790350641418407e-05 0.0 0.0 0.0 0.0 0.0 0.0 0.001675900675059932 0.0005854243138632896 0.0004950119061215272
0.0033237772479688303 0.026088948799902003 0.0007414211729562043 0.021348675445412354 0.0012313897997504209 0.0 0.017172494552184402 9.781661573124202e-05 0.0009316274634876501 0.0634705343946635 0.0003644613199307385 0.019186315609084466 0.009486345729138097 0.0026250341710263784 0.0 0.0 0.0 0.0 0.0 0.0 0.0 3.8000473873125475e-05 0.0 0.0 1.6812916059095178e-05 0.0 0.0 0.0 0.0 0.0 0.0009820705000940472 0.0 0.0007522632210989716 0.0 0.0 0.0 0.0008804280130981749 1.3321059536267062e-05 0.00017584588442172197 0.0 0.0 2.176389499525242e-05 0.0 0.0 0.0 2.106587394981845e-05 1.1212070471299127e-05 1.6549217584279384e-05 0.0 0.0 0.0 0.0010310600610929886 5.343858666697505e-05 1.8963049345778773e-05 0.0 2.680782107954191e-05 0.0030411566734405687 0.0007983438700305957 0.00010610954389922614 0.0 3.3027278179867204e-05 4.9457141971366145e-05 0.0 0.0 1.8137689522410122e-05 0.0 5.275838106330716e-05 1.0032579705927677e-05 1.9270204650679507e-05 0.0 0.006196218208993246 0.017645110626858074 0.0024922458986159266 0.00010182190124872909 8.886566254320527e-06 9.917700822815415e-06 0.0 1.485616373287913e-05 0.0 0.00024355492870752684 0.0 0.00032396219370867493 2.1522026595447864e-05 0.0005290458824328566 0.0 0.001415116822732771 0.0 0.0007062831706314114 0.0014181385836022286 0.0015291115123416998 0.000311427386715521 0.0008515371923558652 1.7310931406710315e-05 5.9608010846965744e-05 0.0001002485236330777 0.013199406635311717 0.008975203803120068 0.002658949665450672 0.0004954055877808271 0.012676955962063136 0.0 0.0 0.0 1.4830382016382505e-05 0.0 8.3419017041288e-05 0.0 0.0 7.340018388365251e-05 0.00014535847453579938 0.0 0.00015313151736558652 0.00015107766916662316 0.00031799292116780785 0.0 0.0 1.4107837842286126e-05 0.0 0.0 0.0 0.0 0.0 0.0 0.0 0.0 0.0 0.0 0.0 0.0 2.3013105165094513e-05 0.0 0.0 3.5454164827662664e-05 2.0536351496054578e-05 0.0 0.0 0.0 0.0 0.0 3.022352493055062e-05 0.0 2.3489143249031972e-05 2.660452920764063e-05 0.0 0.0 0.0 0.0 0.0 3.9297183571933235e-05 0.0 0.0 0.0 0.0 0.0 0.0 0.0 3.569040575569914e-05 0.0 0.0 0.0 3.5465290045594516e-05 0.0 0.0 0.0 0.0 0.0 0.0 0.0 0.0 0.0 0.0 0.0 0.0 4.505401733843296e-05 0.0 0.0 9.952701851117745e-05 4.301044428048473e-05 0.0 0.0 0.0 0.0 0.0 0.0 0.0 0.0 0.0 0.0 0.0 0.0 0.0 0.0 1.2633047320150864e-05 3.321534974576956e-05 0.0 0.0 0.0 0.00015790159831228782 4.1532033915044365e-05 4.464342145610839e-05
0.02527727117843106 0.04086884720175855 0.015403844606691187 0.06947432828407678 0.11041817898214155 0.017172494552184402 0.0 0.00024826801707995806 0.10040720438769309 0.2578367819872473 0.004893846894388879 0.045972521205959266 0.09440165278432247 0.06097533199277022 0.0008720601995777367 0.0003585045135215018 8.062577281328277e-06 7.084342070078789e-06 0.0 1.491678862407013e-05 1.7263706920973047e-05 0.0 0.0 0.0 0.0 0.0 0.0 2.629663234628059e-05 0.0 0.0 0.0062226136691738276 0.0004908934200459336 0.0003493814556194672 0.0 0.0 0.0 0.0008103552223603916 3.801422229246002e-05 5.4229583549857604e-05 1.1160674184757607e-05 0.0 1.7253763578138228e-05 6.233016294908158e-05 6.806948438267916e-05 6.918002037622851e-06 0.0 0.007154235766511961 0.0006461715051151273 6.979370356315524e-06 4.923739927126729e-05 1.5662940987110016e-05 0.0 0.0 0.0 0.000977486357724947 0.0006136435651098309 0.007562597249102793 0.009922830843666994 0.0018521489302617204 0.0019785113072303597 6.94078921317441e-05 0.0 0.0 0.0016753567549351307 0.0003792622342771555 0.00022226360288365795 5.241241971597244e-05 7.714956943092182e-05 4.4276728959314394e-05 7.031688567800807e-05 0.003965415521777743 6.644078690463643e-05 0.0 0.010462702103878783 0.0036432009558606355 0.0030252217521214327 0.00016308916244827762 5.1786963930453844e-05 7.03486173092412e-05 0.0002552705665328336 6.547350228069759e-05 0.00027786716332171444 0.0037161362618044055 0.0 0.00020932940131516766 0.00041015619235707564 2.4607798942786196e-05 0.0 4.27306604544143e-05 0.0 2.364787499953082e-05 3.3285891785202206e-05 0.00010963303164068016 5.19396266431853e-05 4.819153772827837e-05 0.0035876213036019826 0.0004088846494255056 0.0 0.00011103805972437027 0.011963859400620369 8.132799372515653e-05 0.0002008124750730546 0.00020157355024635662 9.570023480155115e-05 4.286099913694884e-05 0.0014762545616479386 0.0004340069201572315 0.0002831581961007636 0.0007262667264013428 0.0012887315666580308 7.453768658719944e-05 0.0027266616429072322 0.002459176262531527 0.006924915599053248 0.0006687782803745008 0.0 0.0 0.0 0.0 0.0 0.0 0.0 0.0 0.0 0.0 0.0 0.0 0.0 0.0 0.0 0.0 0.0 0.0 0.0 0.0005411561511596257 1.0940585965501095e-05 0.0 0.0 0.0 0.0015289337945005924 2.9038033732298678e-05 0.0004130602072828295 7.290139267713462e-05 0.00013306657499464612 0.0 0.0 0.0 0.0 6.57225947750926e-05 2.7700333237249595e-05 0.0 4.682335421093772e-05 9.349844390607498e-05 0.0 0.0 0.0 0.0 0.0 2.4109738066473385e-05 0.0 0.0 0.0 4.181341124553323e-05 7.72385711743766e-05 0.0 0.0 0.0015253995420287027 7.939685160321985e-05 0.0 0.0 0.0 0.0 0.0 0.0 0.0 0.0 0.00401583193656962 0.0 0.0 0.0 0.0 0.000913118905925557 6.890924312444632e-05 0.0006477141564729791 2.924335693253296e-05 0.00011603076165801632 0.00010699395756187582 0.0 0.0 0.0 0.0 8.163424594027336e-06 0.0 0.0 0.0 1.6986316781774592e-05 0.0 0.002622037776502012 0.0008507260524545075 0.0009207641821323874
0.02565364975472345 0.03199719476297576 0.046888601245368366 0.0003235451283855158 0.0017744417446758493 9.781661573124202e-05 0.00024826801707995806 0.0 0.007086368721741383 8.287153445181478e-05 0.36587306535527986 0.0025248410857550423 0.011192172741490062 0.045203286123751865 0.001689923648033443 0.0012343744690759362 6.450303813209137e-05 5.902713576431566e-05 7.250252386470423e-06 0.0009109287728714076 0.0035448891138822707 7.806240297980977e-05 0.00014240056423457854 0.000144564439080108 0.0005430820206841638 0.0005387531776806801 9.733052266560831e-05 0.0002126674388210797 3.2608779014571875e-05 0.0 0.07985066601967312 0.10502100389412278 0.01351334984617937 0.00012732762964056486 0.0002665810563275164 0.0012767013847815038 0.003807052607990247 0.000560638641782879 0.00021367826384832933 9.963358996616702e-05 0.0010783026042601755 0.00037603426520442263 0.00044858075357537475 0.00033356254952984267 8.360645993695405e-05 0.0003788907593960639 0.008599349705574903 0.0007164858835963597 7.341410319152351e-05 0.00023585087120992054 0.0002586861450240035 0.0001403520435169233 1.4961673059483367e-05 0.00022337483864705364 0.0007928644600820571 0.0005479297187051795 0.008658571611860481 0.016395938989574387 0.0020098983978609902 0.002008906690520996 0.004374517295691391 0.000141797313356226 0.0008173734891928557 0.01575438852471941 0.00033826875995052197 0.0007087966216781344 0.0006268579777257328 0.0007562866794273175 0.0013318643116230287 0.004183065469093637 0.0035916742314713365 0.000554183568058988 0.0 0.011736319496297925 0.00852731790353908 0.005828294834502548 0.0010692870071819364 0.0021467219024457417 0.05295481953465073 0.17770846523208922 0.002641127363819591 0.0654298867463041 0.003703963535812285 0.0 0.0003010613342463973 0.00048759062175201775 0.00014231589083580628 0.0 7.220991279582608e-05 0.0 9.064250167193285e-05 2.36666122415045e-05 0.005033060530241429 0.00044225551272889766 6.125273130818412e-05 0.0006647007744925753 0.00022065973289050317 0.0 3.1872871232188365e-05 0.017413592052595853 0.0 0.0 9.37243417118903e-06 2.2085777274647186e-05 9.049186654544962e-06 4.913683261492373e-05 0.0 0.0 9.839101077048414e-05 3.961445123716287e-05 0.0 0.00017611648517184064 3.1950033643206755e-05 0.0006440619335323016 0.0002185356301689514 3.236179331388545e-05 1.855690903901789e-05 0.0 0.0 0.0 0.0 0.0 0.0 0.0 0.0 9.33673780117393e-06 0.0 2.2195641140527144e-05 0.0 0.0 0.0 1.2640132333925159e-05 8.82206955278526e-06 0.0 9.421747987572765e-05 1.0677423856164694e-05 0.0 2.6142480283822642e-05 0.0 0.0002605978856839252 5.6877792681192974e-05 0.0002121419815187049 7.827480121492571e-05 3.555896066344315e-05 0.0 2.0467453479184358e-05 1.683680677543655e-05 0.0 0.0001730417557165698 2.5955159629591427e-05 0.0 0.0 8.585027818614447e-06 0.0 2.3488599399383104e-05 1.303067999725549e-05 4.86153512775852e-05 3.0219527136686792e-05 0.0 0.0 8.246643569197319e-06 0.0 0.0 0.0 1.3096777687378663e-05 9.1642476524479e-06 0.00024679567762332747 2.535510137320282e-05 1.2162925472187251e-05 0.0 0.0 0.0 9.884697506451493e-06 7.858825756684771e-06 3.892133294641902e-05 3.2862698798281404e-05 0.00046866604976889654 2.0482332008110367e-05 0.0 0.0 0.0 0.00010944036167631323 0.0 3.895943360587952e-05 0.0 0.0 0.0 2.7905519227710084e-05 0.0 0.0 0.0 0.0 0.0 0.0 7.714806636021796e-06 0.0 0.0 0.00027774821554512827 0.0002659395682036102 0.00035782628560961896
0.002349776508087769 0.03015632200509694 0.060040774385250115 0.0016444996383031564 0.27510057016135364 0.0009316274634876501 0.10040720438769309 0.007086368721741383 0.0 0.0274961434739438 0.09327477319887435 0.005737585517907584 0.023024717707237873 0.011165178378733596 0.0014127660669279668 0.0005655861087725078 1.7614480589283323e-05 1.4057847955926037e-05 0.0 3.1623560449516865e-05 0.00012147182521686312 0.0 0.0 0.0 2.14660412656536e-05 8.044628995553936e-06 0.0 3.3487459179719163e-05 1.2939305772075587e-05 0.0 0.0030425376561350817 0.001310807272735281 0.0008308342837864394 2.0177400748906736e-05 0.0 1.0572620536214725e-05 0.0010262243976164962 1.7464587642940226e-05 5.8437847227808596e-05 0.0 8.747798588277348e-05 5.6048011584704085e-05 7.03842756347281e-05 3.5165483571442234e-05 1.7798030469458257e-05 3.123373500854134e-05 0.005964983487450569 0.00029642685335337486 1.3673924406266185e-05 5.238489418798701e-05 5.984058328459549e-05 2.7313016864092206e-05 0.0 0.0 0.0005768998940964849 0.0002902817895213604 0.0028609009994211513 0.0033938690774982486 0.0011440725339125055 0.001493987544705724 5.58626143620292e-05 0.0 0.0 0.0026233680308721087 0.00023248951490295155 0.00014838780190060122 8.116196865149954e-05 9.586366910520646e-05 0.0001483892401085029 0.00032214524629202386 0.007075364131470331 0.0 0.0 0.005747093983719558 0.003660240280520113 0.004262841640234926 0.0005559817807283885 0.0002313247972644526 0.00025179456896513337 0.0004348962446824216 0.0001719063042991412 0.0010510570946047919 0.0023766673242410765 0.0 0.00023512681398622765 0.0002730151431928241 1.5932048645417395e-05 0.0 3.693549526656177e-05 0.0 2.0402644313573302e-05 2.539282283474301e-05 0.00030126465979706126 4.343985474120094e-05 2.9875510426055255e-05 0.006413666616980259 0.0005289948709573625 0.0 7.888654537827636e-06 0.002439706417659971 6.969801658531256e-05 0.00016211035719278607 0.0004016125563614505 0.0005380821482924754 0.00020723525522932067 0.00261839334271072 0.0008809344568679863 0.0007624643050096965 0.0006569609688594483 0.0019804938088416714 9.715112837053709e-05 0.0061533754138511955 0.0036861147851262616 0.011145013733504206 0.0017441441033912584 8.789114259842178e-06 9.04051562052173e-06 0.0 0.0 0.0 0.0 0.0 0.0 0.0 0.0 0.0 0.0 1.0895245619430378e-05 0.0 0.0 0.0 0.0 0.0 0.0 0.0008467304770232404 0.00017215902599205312 0.0 0.0 0.0 0.0026497799743122894 7.785315745108724e-05 0.0011140315478755688 0.0005035321671848243 0.00015794639044294418 0.0 0.0 0.0 0.0 5.197931332289475e-05 1.1080013548188163e-05 0.0 4.20833103547631e-05 0.00012184590770733773 0.0 0.0 0.0 3.5522584481366975e-05 8.552000802380512e-06 2.1660014722871633e-05 0.0 0.0 0.0 8.620553923773876e-06 3.273637973843835e-05 3.3716208454106265e-05 0.0 0.002389994805194758 9.29261375737986e-05 4.7423513503614314e-05 0.0 0.0 0.0 0.0 0.0 0.0 0.0 0.007391214498944095 0.0 0.0 0.0 6.782128811757937e-06 0.0010258760207534619 0.0 0.0013869990069299133 9.088918239271298e-06 1.0286889290130948e-05 0.00014540636448893954 7.189273743535335e-05 0.0 0.0 0.0 0.0 1.3973848756087775e-05 0.0 0.0 0.0 0.0 0.005563829986345144 0.0027794567207245417 0.002665872097492946
0.06623418699365155 0.04453818200927928 0.0011076624042672416 0.04959285581560518 0.027036535082909294 0.0634705343946635 0.2578367819872473 8.287153445181478e-05 0.0274961434739438 0.0 0.0010815875684019015 0.07828758376476802 0.2955884579890409 0.03566415595117761 3.9248439799791536e-05 7.146973342371193e-06 0.0 7.321600221483732e-06 0.0 0.0 0.0 0.0 0.0 0.0 0.0 0.0 0.0 1.301306849910774e-05 0.0 0.0 0.0013694862424406692 8.92701369985761e-05 0.0005936653062608488 0.0 0.0 0.0 0.001734771779611569 0.0 2.4814547253625608e-05 0.0 0.0 0.0 0.0 4.426343956904128e-05 0.0 0.0 0.001097503852891671 0.000106912905877451 0.0 0.0 0.0 1.783465362912728e-05 0.0 0.0 0.00018027830147031865 0.00017995558907179244 0.008024046398127304 0.0045483199226376446 0.0007069554324128571 0.00040258273673529724 0.0 2.083678352203922e-05 0.0 0.00015335487117745946 6.230537725080657e-05 7.04255109138391e-06 2.1532856188685257e-05 0.0 1.0003494975967266e-05 1.1080634734254988e-05 0.007622882099860043 0.0 0.0 0.0025682782680240576 0.0005407832330811861 0.0004615241637907293 9.108479987249343e-06 1.1241133996112669e-05 1.777689704588944e-05 7.57628613467569e-05 2.0318005840925306e-05 1.7305182940868977e-05 0.000818490558866361 0.0 4.886600796340151e-05 3.194881933670865e-05 1.075656770105288e-05 0.0 0.0 7.849306017842517e-05 1.6798865154577486e-05 1.6114467168639275e-05 5.799803501887693e-06 0.0 0.0 0.0024861705941039538 0.0005756997969178122 1.420086981100582e-05 0.0 0.10922899789998436 2.680993722846234e-05 0.00022662789091379846 0.000441731635209964 0.000532183866217529 0.00016419648336735455 0.0033807097174975197 0.002143995615339988 0.0005352501179798214 0.001380526125248426 0.007242316046546755 0.00011969433558907162 0.0072727584809398685 0.009656271218882463 0.014657305454912088 0.0011592136798508391 0.0 0.0 0.0 7.368703713147748e-06 0.0 0.0 0.0 0.0 0.0 0.0 0.0 0.0 0.0 0.0 0.0 0.0 0.0 0.0 0.0 0.0006250468436377252 4.415752360256197e-05 0.0 0.0 0.0 0.001054361261254361 0.0 0.000213910492014163 6.938067594943049e-05 8.899133983551546e-05 0.0 0.0 0.0 0.00010713147543398392 0.0 0.0 0.0 8.365721071387794e-06 9.579332165418034e-06 1.4093133943981312e-05 0.0 0.0 0.0 0.0 0.0 0.0 0.0 0.0 0.0 2.6678354926432558e-05 0.00012316819455534294 0.0 0.0007706373249326778 0.0 3.827338910265574e-05 0.0 0.0 0.0 0.0 0.0 0.0 0.0 0.005767432067092475 4.092406988096184e-05 0.0 0.0 0.0 0.0006730964278761171 0.0 0.00031512258250999037 2.133611483612124e-05 3.316294995683695e-05 1.8083808491601287e-05 2.496497906017126e-05 0.0 0.0 0.0 0.0 0.0 0.0 0.0 0.0 0.0 0.007968076060995546 0.0008993988303881931 0.0006467881021387049
0.02741312478388062 0.04928467414978872 0.17103960152690467 0.00037656059503622246 0.08842158217104523 0.0003644613199307385 0.004893846894388879 0.36587306535527986 0.09327477319887435 0.0010815875684019015 0.0 0.014895241779968685 0.06410339619622218 0.08616815833771758 0.003960173086205851 0.0036337245659516897 6.715702878434995e-05 3.542246126206509e-05 2.4963064360145985e-05 0.00011113521547047341 0.0005607155060744797 0.00032970999532997396 2.1270023382805977e-05 6.125944959765391e-05 0.0007148233321013555 0.00023817930672661206 7.170559577750888e-05 0.00030967803507025066 0.0001156262709869449 0.0 0.014177971531710966 0.01818499978359013 0.03513662561930123 1.7823137987020897e-05 0.00039646625931229207 0.002213823680596268 0.02373723260713651 0.002425061175909778 0.0019061463561216732 0.00031761019945103036 0.0004073303445920929 0.0003225519148564139 0.00021763374284160852 0.0007230114307547964 3.351203157916399e-05 0.00013423593094718018 0.01039528370918577 0.0005707653342963354 5.9137166152966534e-05 8.795471188662233e-05 0.00020927958543574793 0.0005340341337803853 0.00016346322997041332 0.00034373081223899437 0.000659302779834362 0.0004465296221299327 0.0037342726833837704 0.005538084385955712 0.0010750277668234364 0.002068667068455999 0.0006354211268222344 0.0024314050560803446 0.00042436248507255045 0.006276292258187684 0.00025154418170941827 0.0003662676890975105 0.0005010081603407307 0.00039267047440897057 0.0008618851543399938 0.0010190625744345152 0.02016464353796755 0.0005790957874664108 3.804924134513719e-05 0.008268790459705215 0.005704327482824866 0.009528627913833727 0.0014996734584822328 0.002129489228009836 0.001933435633823856 0.019135034170242017 0.0002763469775695989 0.006499933501460501 0.0025975055682946526 0.0 0.00026706946262520007 0.00036255716447658465 0.00018820713165359509 2.78011655816097e-05 0.00012447239154203456 6.532051587763613e-05 6.57361398744896e-05 4.568756725324405e-05 0.0021521437154733247 0.0003236787906629802 7.268615045761634e-05 0.007022452826995722 0.00047637146501958264 6.71970148308386e-05 0.00044000845944744963 0.004088796889803424 3.295155397675053e-05 1.5564085087173397e-05 0.0001747066846827455 0.00013922514712889098 0.0002872657222338345 0.001584721427463326 0.00033780607175389423 0.00041392608827080463 0.00047266993824141403 0.0009622561096305504 7.156639459094856e-05 0.0033330872230036244 0.001796141849599901 0.007287357999403986 0.0015004209236933355 6.362613109143003e-05 5.4774828996337134e-05 0.0 1.3497976571240446e-05 0.0 0.0 0.0 1.5311486883057854e-05 0.0 0.0 1.544312219795478e-05 1.3218668613612775e-05 2.8563335314698118e-05 0.0 0.0 9.576648466978704e-06 2.5304683018140005e-05 6.205749157874019e-05 3.637587896731929e-05 0.0009643293187522778 0.00020082495367830072 0.0 0.0 2.0261942551032288e-05 0.0028549727635170637 2.1282427146357297e-05 0.0011070188037364996 0.0005104487678117119 0.00026853833005087283 0.0 1.2367975500235515e-05 0.0 0.0 5.959723239555313e-05 0.0001062472544886983 0.0 2.8508511278534808e-05 0.00016292084410035585 0.0 0.0 0.0 1.9500622271179842e-05 3.6392109636197995e-05 7.6413644809157e-06 0.0 0.0 9.003680409384115e-06 0.0 3.86922350344703e-05 0.0001285894150861755 1.8358888517153606e-05 0.002520145976852425 0.0002569837415738805 2.3285494008038027e-05 3.720640099658669e-05 0.0 0.0 0.0 1.1720342873186443e-05 3.023909636883431e-05 0.0 0.006158843860738807 4.921139801913259e-05 1.8591822065960757e-05 0.0 9.77534630618092e-06 0.0012893048777400603 3.482052697386019e-05 0.0008640088117534616 8.725465764181298e-06 0.00012108934735927446 5.2510761702938107e-05 6.858406593943803e-05 7.925186515365159e-05 1.6646121363343338e-05 0.0 0.0 0.0 9.130903806372653e-06 3.508494517630763e-05 1.6691138019084043e-05 0.0 0.0033343208480142053 0.0028275729814288297 0.002295937476567007
0.015504189760307456 0.010757098580636048 0.009803423658197806 0.06468892812620579 0.0028251779106091735 0.019186315609084466 0.045972521205959266 0.0025248410857550423 0.005737585517907584 0.07828758376476802 0.014895241779968685 0.0 0.09219140133586352 0.01649910166824734 0.00033013557639063965 0.0003316203015240787 0.0 0.0 0.0 0.0 0.0 9.949484344290263e-05 0.0 0.0 4.139876705120083e-05 0.0 0.0 1.505861800147945e-05 1.545281669215439e-05 3.448056917780992e-05 0.0006049427621788089 0.00015438754124805923 0.0018736234567045217 0.0 0.0 0.00011219599171587415 0.006934077103133901 0.0003085059049855626 0.0005799855916021284 0.0 1.3717192884752554e-05 1.6999175832302614e-05 8.278535486393472e-06 3.31573761216168e-05 0.0 0.0 0.000619625461573568 5.030171303410887e-05 0.0 1.9121762385853923e-05 1.303333188797453e-05 7.565093559218524e-05 9.422750866283073e-05 0.00011368375479844117 6.35695139729955e-05 0.0 0.0008323112790201672 0.0007320006505013838 0.00017181355548150017 0.00012641873276482331 0.00011313159023727748 5.258753930290907e-05 0.0 0.0003336995017234743 0.0 3.621251015014687e-05 0.0 1.0568279717916392e-05 8.728589157577569e-06 9.182067459979503e-06 0.015056137306147821 0.0002845587798351442 0.0 0.0005398298053970392 0.00027812663511181645 0.0006387833806058602 8.970334817002655e-05 0.00011469288466130365 0.0 0.00016367729468060008 8.019121698604914e-06 0.00034715712926600633 0.00022406710498983838 9.346147273252516e-06 0.0 3.1862590478046166e-05 0.0 1.0695216221741536e-05 4.652158376597777e-05 0.0 0.0 0.0 0.00010545815421909816 1.0668190885749676e-05 0.0 0.020306223778601144 0.0005432344925505735 5.0517532782038686e-05 0.0001969429349268705 0.009602207750216297 4.315895140811248e-05 0.0001033622262772342 0.000226732211504817 0.00025443130299361366 0.00014771686107506866 0.002647910136269924 0.0010585772267663874 0.0007533745123699577 0.0011431468338289196 0.005410279435943506 5.757470794058629e-05 0.00609198095420189 0.0036437293095365987 0.011476997511203242 0.0016694608160289126 0.0 1.8942231504689692e-05 0.0 0.0 0.0 0.0 0.0 0.0 0.0 0.0 0.0 0.0 1.4193681266220388e-05 0.0 2.1808978384837653e-05 0.0 8.162023183292228e-06 1.82223049188689e-05 0.0 0.0009403374769365788 0.00014968072336229058 0.0 0.0 0.0 0.0026784546241743847 8.889933382169529e-05 0.0006036292536379228 0.00022716756876186566 8.66800867245881e-05 0.0 0.0 0.0 0.0 3.9528297220195184e-05 0.0 0.0 0.0 3.2522458474833264e-05 0.0 0.0 0.0 7.686403214956373e-05 0.0 0.0 0.0 0.0 8.047401880346233e-06 1.6301282017749806e-05 0.00014891086988186943 2.5674782683089715e-05 0.0 0.0016863694502498904 0.0001636459771734115 0.0 1.369897267415378e-05 0.0 0.0 1.1239925302741673e-05 0.0 0.0 0.0 0.007944981024132432 3.594605874832406e-05 1.9557772636689812e-05 0.0 0.0 0.0012250117905196645 0.00010671550529429195 0.001166286983394616 4.13923443864255e-05 3.783994467458988e-05 2.477954628769135e-05 8.842366620414704e-06 0.0 0.0 0.0 0.0 0.0 0.0 4.0267912784875177e-05 0.0 8.394921805975135e-06 0.006039923329024281 0.0021737269600803945 0.0014642926304076227
0.01607592031796272 0.024726516354141036 0.041606548125039264 0.06656326126179707 0.008847920547744036 0.009486345729138097 0.09440165278432247 0.011192172741490062 0.023024717707237873 0.2955884579890409 0.06410339619622218 0.09219140133586352 0.0 0.13204259531150803 0.0011217104311217676 0.001244464516600896 8.168857165548546e-05 8.126666095626887e-06 0.0 3.4577439278111205e-05 0.0001227046450555443 0.000138429699659891 0.0 0.0 0.00013238293415718692 2.2572147878232422e-05 0.0 6.311817364834165e-05 4.783283395872335e-05 0.0 0.002138522641777202 0.0011845790507519296 0.010248330520914494 0.0 4.3920541741746995e-05 0.0005646602477792786 0.012365692556619323 0.002401155070244917 0.002514237992175429 0.00018896046944301642 0.0001122179939267834 0.00011356705040165666 2.822725244739605e-05 0.00017889817259480732 1.683023567463321e-05 4.508752645991756e-05 0.00342124330208323 0.00010472089616780427 2.011648896455233e-05 2.5541414159277404e-05 7.038583234197991e-05 0.00027388090630512996 0.00023612419495036823 0.00027597290069225145 8.506980092714663e-05 8.812258305541768e-05 0.001969650735367685 0.0014817891947883461 0.0004259066133065128 0.0005386398124708452 0.00018944754480589433 0.0006832926551845303 9.327938164171801e-05 0.0017854528159258313 7.591264452528097e-05 0.0001188936398462239 0.00015431942719794202 5.697312228994299e-05 0.0001759875528894875 0.0002608899217191149 0.029365127504590312 0.0013075356004785513 4.432379378276943e-05 0.0021940903043963485 0.0016541682123291338 0.003484504763898349 0.0006500921390626698 0.000450460534960575 0.00021787076773639803 0.0033513529566869425 3.3316855041702064e-05 0.0018623980269907008 0.0011653642320738052 8.969628061931432e-06 5.6535264696607155e-05 0.00012053921287908227 3.41628948727052e-05 3.0235585045986674e-05 9.721142894771734e-05 4.760388760120661e-05 5.713712663784042e-05 7.039648605723454e-05 0.00046101184370051494 8.19092436399614e-05 0.0 0.08655048613583717 0.0016020249121214034 0.0002411610235472676 0.0010285552367989528 0.012006711746810034 0.00017750277414251472 0.00043575733580192966 0.0007870939221775589 0.0007907971503569226 0.00038314678641995466 0.0071066921489275755 0.002494498243828878 0.0017739863847285042 0.00416046956271939 0.007317388559992837 0.0003673458878657796 0.019451992965668265 0.010254557646170134 0.030970446772862453 0.004533147578315153 9.207825227133783e-05 0.00017627409367323673 9.425490072312713e-06 2.1941990163238086e-05 0.0 0.0 0.0 0.0 0.0 0.0 4.1786679039512664e-05 1.4908450635588753e-05 0.00014577476587109817 1.5496368321719412e-05 4.14062767915931e-05 9.703222612264861e-06 5.1448367629568124e-05 6.378481980795436e-05 1.7209266448495585e-05 0.0034388881122693307 0.0005641484752807979 1.4259861282207836e-05 0.00010899630344856324 4.844315176410731e-05 0.006589638578473677 0.00010206406589690895 0.0016735745259570168 0.0008279725082658684 0.00041321303714201267 8.67794565374957e-06 0.0 0.0 0.0 0.00010170186639652598 1.6145002580117203e-05 0.0 3.893381467006909e-05 0.00011071029364040277 0.0 0.0 2.0252458237258907e-05 0.0002504627934375892 0.0 0.0 9.415466898336774e-06 9.864172171652917e-06 4.89114992402234e-05 4.1595833341456426e-05 0.00034596385764989925 2.259375218079769e-05 7.863014022661873e-05 0.005824381689713932 0.00032331801440216003 3.6882017133543265e-05 1.4762431994313069e-05 0.0 0.0 0.0 0.0 0.0 1.4879904765830901e-05 0.01951740228433518 7.98170122541397e-05 2.1510012008709493e-05 0.0 2.113095192184999e-05 0.0026403332285749722 7.961459353534441e-05 0.0028875230057237296 0.00015454517532036775 0.00045232721904918546 0.00016567296780651547 9.747381706919333e-06 4.804896429968659e-05 0.0 0.0 0.0 0.0 1.2669434104800475e-05 0.0 0.0 0.0 0.016552706387884746 0.0053604722980337745 0.004281839457290023
