0.0 0.3264915642762593 0.09211519380573652 0.06883117955966189 0.004737495481750155 0.008908631512644259 0.052515869055634684 0.013010349857732416 0.0036621951449956757 0.0436873059388943 0.012680987153838573 0.007946892562121638 0.011970771488803813 0.009670075150339453 0.00018471572676319125 0.00020062708478474838 3.630958854225431e-05 1.4612096203695565e-05 5.338274460752369e-05 2.314054797211658e-05 4.713886732670815e-05 0.0 8.153585754093634e-06 2.0928453438593348e-05 5.876173899280467e-05 3.449566413949981e-05 2.750718575918539e-05 7.293161771132628e-06 0.0 0.0 0.08020156759677745 0.0004191392384589079 0.001417495153872769 4.076641902620814e-05 5.070192248244777e-05 7.594395802950922e-06 0.00043884488710001083 0.00016385522343442002 6.522246055429168e-05 4.623865005609647e-05 6.477021418470757e-05 4.6701794223251306e-05 3.706248926056294e-05 6.620103104493032e-05 8.185659411768342e-05 5.592795085118175e-05 0.0013568824277537521 8.002747260107944e-05 0.0 2.2263125455059027e-05 6.876439946923285e-06 0.0 5.5409342996962874e-05 0.0 6.649155255763507e-06 2.6382222662609405e-05 0.018546035186939716 0.05583622490107444 0.0020566352308927062 0.001457723804928661 1.9891907300817687e-05 0.000517112250435167 0.0 0.003381881826501417 1.4972030486518085e-05 2.5681452453575677e-05 6.48453259489539e-06 3.4430922465535274e-05 4.823475760398774e-05 0.0001007258939686182 0.0006216259973612939 0.00018033959880564234 0.0 0.010599382550024974 0.005503149066996593 0.0012052661503975475 0.00046529235437893144 0.00014578205104996298 0.00011198088700299541 0.007987618890069407 6.171856731699909e-05 0.0002183132251476697 0.00013198322882501548 1.3678246307004596e-05 2.8801287296848323e-05 0.0 1.513766025503961e-05 0.0 6.981583942674986e-06 0.0 0.0 0.0 0.00016880161035509836 4.009352680443999e-05 0.0 0.013995253890029986 0.00012838301158030917 0.0 5.0016650846931474e-05 0.07402916373840496 0.0 0.0010322251041712178 0.0003758735653038236 0.0010675335904057036 0.00014802171721924338 0.0005218830722593622 0.003003750602227645 0.0006387931587016019 0.0007939575481696606 0.0010609643990084367 0.00012795638316770108 0.0009695206995345863 0.001701028744032576 0.0006237611854366044 0.0008321824763050356 0.0 0.0 0.0 0.0 0.0 0.0 0.0 0.0 0.0 0.0 0.0 0.0 0.0 0.0 0.0 0.0 0.0 0.0 0.0 7.00205751793383e-06 2.389770703754016e-05 0.0 0.0 0.0 0.00035101402398479703 2.1018673040600863e-05 0.0002690279092189011 0.00012269776107750417 0.0 0.0 0.0 0.0 0.0 0.0 0.0 0.0 0.0 0.0001068331140174793 0.0 0.0 0.0 0.0 0.0 0.0 0.0 0.0 0.0 2.150220456432655e-05 9.221080609683665e-05 0.0 0.0 0.00012905831914830136 1.284756287956191e-05 0.0 2.8927688173811515e-05 0.0 0.0 0.0 0.0 0.0 0.0 0.00027780798808805954 1.1475022514664081e-05 0.0 0.0 0.0 0.0001352009432809661 0.0 0.0 5.8188818256988485e-05 9.728088075746652e-05 9.207573137526901e-06 0.0 0.0 0.0 0.0 0.0 0.0 0.0 0.0 0.0 0.0 0.0006446579770493412 9.49972889183122e-05 1.902571094612132e-05
0.3264915642762593 0.0 0.11023452382403394 0.11137573982081717 0.31754995311201767 0.015290575341412689 0.18515336385794065 0.048059389677414605 0.15418466668605682 0.03847400273552286 0.15223550338117386 0.02594402000628668 0.1077101185206553 0.22428584846403163 0.003937411688246889 0.0016730528383253381 0.00017229995869123664 7.75648467390804e-05 0.00017827026224059928 8.692898751068838e-05 0.00030968115735065303 1.3726888322555955e-05 0.00010675922032150599 5.447155822610695e-05 0.00039459516703889994 0.00012638146063695304 5.28027594426123e-05 2.8904057527019863e-05 2.057285210345269e-05 8.732071569905964e-06 0.14967373678880494 0.0025420356461864023 0.003910596502544024 0.000195198046260146 0.00010730668147368084 0.00011014488022095286 0.0012917257707085433 0.0003690465243847619 0.00022198329420517447 0.0002555587689124502 0.0002931506763831546 0.0001151335173561497 0.0003709111563826993 0.00032965145884066146 0.0003717440876108305 0.00011910534020352095 0.03348748281088764 0.0004571167397500547 0.00013433948528522919 0.00014599820068929002 3.239778613132972e-05 0.0 3.3295618629720224e-05 1.712917253030469e-05 6.126760077517369e-05 4.209033816587654e-05 0.016206610007880234 0.06844342831069736 0.0021674917662791826 0.014579092112463247 0.00015968380799321735 0.0025439654271040228 6.429110855363238e-05 0.021368010284764465 0.00023622819908073446 0.00023288100983757555 1.9826670939487267e-05 6.946397362327567e-05 0.0001745396071275954 0.0003661959560074226 0.0005701458295351468 0.00036360617592503055 0.0 0.04172314599359274 0.014011474854162556 0.015377796051994398 0.005451551449750032 0.0008187356299499722 0.000523393967324852 0.02165689643747262 0.00021281476651518886 0.0012440295313609015 0.001284021724913303 9.84637840353362e-06 0.0001976470312250399 5.1801756194613106e-05 0.00010941774299187366 7.546420300661379e-06 7.990307187538177e-05 6.242843879519694e-06 6.072114978805247e-05 0.0 0.000752924115370048 8.143459705502481e-05 2.1139334565751756e-05 0.002887714923094303 3.065578401284574e-05 0.0 8.936040404207288e-05 0.03328089453482934 0.00019062729337274633 0.000245861824005176 0.00013852085623323524 0.00029002418496798467 0.0003671690072790694 0.00045070339566336177 0.0010271382816833146 0.00029180203143591303 0.00046851442960490645 0.001782506955514126 0.00016181240309055632 0.001526663842871984 0.001364631063591948 0.000686547587714401 0.002402242915104086 0.00015461997409804628 1.8775530607198057e-05 9.260314515378454e-06 0.0 0.0 0.0 0.0 0.0 0.0 0.0 0.0 0.0 6.698249888852845e-05 0.0 0.0 0.0 4.675501744738755e-05 0.0 0.0 4.8598169373892784e-05 0.00014546115487692112 0.0 2.903113898128618e-05 0.0 0.0009292264409489689 0.00010530382440892358 0.0013385420193228904 0.0009958508895247296 0.00019987550853224262 0.0 0.0 0.0 7.3310301195647705e-06 0.0 0.00010747764090237668 0.0 6.666253766849328e-05 2.4113000604787817e-05 0.0 6.34806675619871e-06 0.0 6.062331297897848e-05 0.0 0.0 2.0402893056129646e-05 0.0 6.297411381412618e-05 8.347612656448883e-05 0.0 0.0 7.24183254532404e-05 0.0011100636921872861 7.65054679359871e-06 0.0 0.0 8.64014838446044e-06 0.0 0.0 1.63234258710548e-05 0.0 3.789701217128173e-05 0.0004319960151199644 0.00025376826052698754 0.0 0.0 0.0 0.0004904718193119696 3.812480072200823e-05 5.972154866382332e-05 0.00015793569046268616 0.00021611497819151073 4.59610949779943e-05 7.876734367240735e-05 1.5579598905307713e-05 6.121835645176647e-06 0.0 0.0 0.0 1.913845991933835e-05 0.0 0.0 0.0 0.000334257154755902 0.0004806275327817101 0.0010738281985179438
0.09211519380573652 0.11023452382403394 0.0 0.0059470426474398305 0.038270749269293955 0.003990352685291663 0.013178761024618742 0.17766757247202702 0.0495442653156397 0.0006671273681800906 0.2165688480143518 0.0013985658727201113 0.027787186730303545 0.19913823650062376 0.0031379805457525537 0.00421184316509437 0.0003043971955269059 0.0004456676831245188 0.0005822180901245224 0.0011681198333360094 0.002785151516879742 7.65892957369618e-06 0.0016836113901237434 0.0009840396104579983 0.002201033364074096 0.0009963229723073531 0.00023389360430152981 0.000203908510570768 0.00011574131691440076 6.120666617604224e-05 0.2647790905139528 0.017435339679314953 0.01458089827596112 0.0018632944605254153 0.0011482182958357785 0.0008357741621799902 0.005001269891553034 0.0019672853406387286 0.001354672673048666 0.002187789989848084 0.0029675555368679912 0.0007438856140222818 0.0036038277831228482 0.0006919980696216322 0.0037014506643702942 0.0012001357899181259 0.012316460045533053 0.00031280442076260366 0.0003614867407989411 0.0009929339107443511 0.0001117100716580783 8.176304684120726e-06 0.000419652888432827 5.1449667200918214e-05 7.344129856819721e-06 0.0 0.008239702886870785 0.04399335658230362 0.0008942453588697685 0.0037849171732707116 0.0019145160432192596 0.016628017726671655 0.0006597094553051877 0.02476992958353438 7.905063321048136e-05 0.00012909238225634063 7.427958880754539e-06 0.0002238619321538109 0.0025868727289193086 0.004359763727002272 0.0013436036139780935 0.0007924725083154089 0.0 0.012073783134664883 0.0066737573563351565 0.007918011473008508 0.00400913187682996 0.0010607314743309739 0.008246550770087584 0.12889231123317502 0.001692768165167039 0.012544306414756321 0.00037367174852709356 0.0 0.0001354259392022736 1.4603906039815968e-05 0.0006354732751003755 1.5400695127715075e-05 1.5564057528186308e-05 7.267238685608361e-06 0.0001533074437744342 2.19058456071627e-05 0.0073441673949689226 0.0006795087148166927 0.0001686315583628067 0.0011486953389446227 0.0002422102393783056 0.0 0.00026943472384323154 0.029682668244117045 0.00026706852899765603 0.0001298654764920421 0.00010024152043685442 8.570359554107797e-06 2.0707003490134715e-05 9.115334672964134e-05 3.7137404739711066e-05 3.353580126971624e-05 5.797756901883593e-05 0.0003246116463280383 0.00025039228157979843 0.0005647083886630851 0.0006951863932886569 0.00029754024467235025 0.0012366054156323029 0.00020369043599222238 0.00010079084599172228 0.0 5.4658520699367e-06 0.0 0.0 0.0 0.0 0.0 0.0 0.0 0.0 5.914509051587905e-05 0.0 0.0 7.69107385731744e-06 3.5035263492585565e-05 0.0 0.0 3.194211119306763e-05 0.0002326366501773121 0.0 2.6352567714299024e-05 0.00012738128495140295 0.000741680618772217 0.00045129733174576706 0.0005796399740242122 0.000819176142628748 0.00013265605500693747 0.0 1.1510287792494803e-05 0.0 0.0 0.0 4.450382182163784e-05 0.0 8.007784510519131e-05 1.193500471844566e-05 0.0 0.0 2.9141632204573995e-05 0.00010391269810770203 1.8953915238222544e-05 0.0 0.0 0.0 4.6149738409930255e-05 0.0 0.0 0.0 0.0 0.0005818343857774554 5.984193318850852e-06 0.0 0.0 0.0 0.0 0.0 0.0 1.0397044322685764e-05 0.0 0.00013666771700296369 0.0005385332510594421 0.0 7.1256003371119505e-06 0.0 0.00028311274634853535 0.0001616654259096848 0.000122004868566041 0.00017885907962344986 9.969255748966024e-05 2.6246005696295814e-05 0.0 0.0 0.0 0.0 0.0 0.0 0.0 2.604210644842494e-05 0.0 7.508038308981598e-06 0.0002771913923891926 0.0008071259797056619 0.0009841958063122051
0.06883117955966189 0.11137573982081717 0.0059470426474398305 0.0 0.007576299616291571 0.020732170756346358 0.07679084528099275 0.0004961796322059073 0.00578855756415947 0.15392820946949706 0.000853767910031361 0.10357783363462267 0.11533529828545709 0.00164477059945409 0.00016687602174474743 2.5379720065511156e-05 2.9495531790716827e-05 8.571781245239656e-06 2.8137690183422253e-05 2.1759935458990095e-05 0.0 0.0 0.0 0.0 0.0 0.0 0.0 1.5304192568124835e-05 0.0 0.0 0.00865147779339476 0.00010326859375552381 9.573367845212949e-05 0.0 0.0 0.0 0.00029680399639042606 0.0 1.8879841767112513e-05 0.0 8.792892433746861e-06 1.0065059570295458e-05 6.576194066876638e-06 2.5712069260015258e-05 3.796797565482332e-05 0.0 0.001489393293853244 2.6816843119558773e-05 0.0 0.0 0.0 0.0 0.0 0.0 1.6526895859925855e-05 0.0 0.003882649517703289 0.010165709506211434 0.0003386413414091184 0.001181775748391343 1.283560232965262e-05 1.8373510597992247e-05 0.0 0.0014958962680751697 1.97065811481894e-05 6.022509026092486e-05 0.0 0.0 6.860546357289216e-06 0.0 0.0003504116097314054 7.082678717491136e-06 0.0 0.005675845450960256 0.0015877345391196553 0.000825220692698077 0.00015070947964296303 2.158547102660919e-05 3.50183358901756e-05 2.8504981182807068e-05 1.416741323093294e-05 3.2680592600158925e-05 0.00012298844524390396 0.0 1.3151901395628129e-05 0.0 1.4142913670980702e-05 1.6991330861480405e-05 0.0 0.0 2.0264852044806872e-05 0.0 0.0 0.0 0.0 0.004205811440819231 2.496704868519748e-05 0.0 9.957456201755657e-06 0.024550911577174248 0.0 0.0006334846679668599 0.00012112481913065988 0.00037122679015837314 1.5853162853079714e-05 0.00034477297541072384 0.0012159965088302666 0.00017469441492207327 0.002927836479533062 0.0007541935118904596 9.198020412636923e-05 0.0006645435983351759 0.000941340836794612 0.00037895511904962584 0.0006167561542911547 4.84874015960595e-05 8.194778108114065e-06 0.0 0.0 0.0 0.0 0.0 0.0 0.0 0.0 0.0 0.0 0.0 0.0 0.0 0.0 0.0 0.0 0.0 1.2064804813044118e-05 2.783115278507209e-05 0.0 6.649659115330238e-06 0.0 0.00013519358228404336 0.0001283276824188576 0.0002960808619097981 7.939424831355034e-05 7.886633128694807e-06 0.0 0.0 0.0 0.0 0.0 0.0 0.0 0.0 1.8966118545714353e-05 0.0 0.0 0.0 1.0330542197637952e-05 0.0 0.0 0.0 0.0 1.996297229004869e-05 9.742359531086271e-06 9.439917459267943e-05 0.0 0.0 0.0001855355631459079 0.0 0.0 0.0 0.0 0.0 0.0 0.0 0.0 0.0 0.00026136692140333397 4.7462279740183404e-05 0.0 0.0 0.0 8.661736687862672e-06 0.0 1.53705075802753e-05 2.8720481430313888e-05 8.800768908357377e-06 0.0 0.0 0.0 0.0 7.266347759165732e-06 0.0 0.0 0.0 0.0 0.0 0.0 0.00025245624996142355 2.3092964428543396e-05 0.0001873505484665608
0.004737495481750155 0.31754995311201767 0.038270749269293955 0.007576299616291571 0.0 0.0004392466765812353 0.053213774563764006 0.02182514632343659 0.07502193208419768 0.004817887298628226 0.06456648864853713 0.0005471059752069292 0.008492540363462085 0.10644542077076131 0.0013954067453913542 0.0010657590483760017 5.8648887902418166e-05 1.642717752671736e-05 3.227342331739554e-05 6.699368775060617e-06 2.3472644625357266e-05 0.0 2.5016313187446574e-05 3.97379853943449e-05 4.930069391920923e-05 1.5628718486783364e-05 4.372208003497431e-05 0.0 0.0 0.0 0.006003614475172609 0.001040325220274712 0.00011001288491295081 2.903639404089357e-05 4.898672703817001e-05 7.256980496176954e-06 4.7179201162728954e-05 8.913968481228202e-05 4.370438380213305e-05 4.0438896855271724e-05 4.1677600745716737e-05 7.772669756085144e-06 9.991385089922438e-05 5.3054500890120346e-05 5.1431550881277995e-05 2.7173863088431e-05 0.008979433531819474 4.5938352200245e-05 2.448217618570743e-05 2.7390007224437533e-05 3.907120797314385e-05 0.0 7.059713238705176e-05 0.0 2.239853954805816e-05 8.382133151570523e-06 0.0010694094782227848 0.003820574724424271 0.00020110704037310241 0.0020553093388126346 3.486075931400098e-05 0.00019935684931369894 9.278403929896179e-06 0.0022716608549172633 2.2445414997725677e-05 4.262440240148894e-05 1.356776164443757e-05 3.377682041442983e-05 3.5485754914406916e-05 9.615399272167196e-05 0.00011797864722986454 0.00020053516954854364 0.0 0.004510961623588874 0.0014190115693802103 0.004426555245687827 0.001944327412408509 0.0003548355058995047 2.906947205456142e-05 0.0004381414752971321 6.320959386674606e-05 8.731536524856341e-05 0.00016466744505599048 0.0 2.4061336043316128e-05 6.972798197220142e-06 7.886205092655109e-06 0.0 1.5203457955062095e-05 0.0 0.0 0.0 0.00014336733831928774 0.0 7.979614786118497e-06 0.00026562719284601774 0.0 0.0 0.0 0.0005216548807432784 0.00010006942915857361 0.00041843519377417047 8.0293430348426e-05 0.0003154609493965064 0.0002835146617946514 0.0004888551467573895 0.0005432579617840409 0.0005651796930315969 0.0002837917729382325 0.0012976512527697493 0.0003077023711983283 0.0015234719927994722 0.0012705048274029428 0.0008502849190168469 0.0017232293480977565 9.398044405648374e-05 3.2275249196844886e-05 7.268585776173299e-06 0.0 0.0 0.0 0.0 0.0 0.0 0.0 0.0 0.0 0.0 0.0 0.0 0.0 0.0 0.0 0.0 0.00023552569716018008 0.00011830970436700877 0.0 0.0 0.0 0.0008595571818525336 0.00020500355884000944 0.001356031283286392 0.0010066855334352005 0.00015053924176073406 3.272609466561907e-05 0.0 0.0 0.0 2.4358523300119095e-05 5.525879721848033e-05 0.0 0.0 7.930774161844717e-05 0.0 4.0032513324381224e-05 0.0 0.0001367163363937529 0.0 0.0 0.0 0.0 2.841255780667516e-05 0.0 0.0 4.7656224092731e-05 3.90229034945838e-05 0.0014508165959167645 2.4257457264865605e-05 0.0 1.4080713919611915e-05 0.0 0.0 1.788010978615123e-05 0.0 0.0 7.931121360220919e-06 0.0006400965039832821 3.0586547960464365e-05 0.0 0.0 0.0 0.00047882134604759324 0.0 0.00010419938869785141 0.00010793152298111254 7.779546827690966e-05 0.00012154106950374546 0.0 0.0 0.0 0.0 0.0 0.0 6.7093456836659365e-06 0.0 0.0 0.0 0.0003909993830246049 0.000704543074003573 0.0008726353320270421
0.008908631512644259 0.015290575341412689 0.003990352685291663 0.020732170756346358 0.0004392466765812353 0.0 0.008541637877845449 0.0004371249771444958 0.001605657934356061 0.036526320439617635 0.0002889769312029359 0.011798064769909963 0.015112089276241959 0.0023454193520385993 5.391789788911709e-05 7.282959287534386e-05 1.4332443137518827e-05 0.0 0.0 0.0 0.0 9.128590215337534e-05 0.0 8.19243919689714e-06 1.5727865086138836e-05 8.417126932256063e-06 0.0 0.0 0.0 0.0 0.004686423951370387 0.0 0.0032434496073598025 0.0 0.0 0.0 0.002866620350091662 0.00012725105437484452 0.0006497271938034516 3.748486788677693e-05 0.0 3.219678529892767e-05 0.0 0.0 0.0 0.0 8.7991184013883e-05 0.0 0.0 0.0 0.0 0.00042256679697184077 0.00018711824291265544 0.0 0.0 0.0 0.0033684718884710967 0.0006096934293908742 5.1114083888394155e-05 6.511230425651511e-06 4.621593907531011e-05 0.0002583099675002133 0.0 1.3402423551903092e-05 0.0 8.594019551942172e-06 6.327555636064383e-05 0.0 0.0 0.0 0.02103009843355969 0.008217615659157356 0.0011424633671805115 0.0002864955093612136 2.1760627042934233e-05 4.9465108065378005e-05 2.383390520842279e-05 0.0 1.8471892847276825e-05 0.0005572189656414702 2.3941408294233285e-05 8.275844159412628e-05 0.0 0.0002557471169995188 0.0 2.1344107007143605e-05 0.0 0.00011596882296134105 4.530779885760361e-05 0.0002961208135707834 0.0 1.7008784948219207e-05 0.0 9.782036026046113e-06 5.0788572263884204e-05 0.03299244377487744 0.013903757789161189 0.0009512357557080075 0.0025746621515411053 0.03160492855078635 0.0 0.00034165447175953464 8.962751565228646e-05 0.0003153075914212431 2.811276931371093e-05 8.561156901550284e-05 0.0010209463300659544 0.000323207951665731 0.00018776238884547745 0.0002060553057605149 8.218220419048248e-06 0.0003225111285604634 0.0005671453855614672 0.0004020708941302048 0.00011940626604939064 0.0 0.0 0.0 0.0 0.0 0.0 0.0 0.0 0.0 0.0 9.850402553786848e-06 0.0 1.3956998051577738e-05 0.0 0.0 2.7983473690159264e-05 9.524934344360925e-06 3.209515975942229e-05 0.0 3.681233215788184e-05 0.0 0.0 0.0 0.0 0.00011832461225079142 0.0 4.6696788647507056e-05 7.247006278083884e-05 3.774291736255003e-05 0.0 0.0 0.0 0.0 0.0 0.0 0.0 0.0 2.3338806927944334e-05 0.0 0.0 0.0 4.928810354484152e-05 1.2169019359109613e-05 0.0 0.0 0.0 0.0 0.0 2.8466672568734092e-05 0.0 0.0 0.00022745683808274452 0.0 0.0 0.0 0.0 0.0 0.0 2.3084279577297898e-05 0.0 0.0 0.00011721826627602215 0.0002579359667301662 0.0 0.0 0.0 3.662102939917924e-05 0.0 0.0 1.1007629172595152e-05 0.0 0.0 0.0 0.0 0.0 0.0 0.0 0.0 0.0 0.0 0.0 0.0 0.00014710313475660848 1.4187493013035261e-05 0.0001048748552506584
0.052515869055634684 0.18515336385794065 0.013178761024618742 0.07679084528099275 0.053213774563764006 0.008541637877845449 0.0 0.0029942487271019617 0.050259175053190816 0.07757490640478512 0.012291771039275557 0.03785961681857193 0.42442334368818085 0.06777117395037574 0.0024953881948072713 0.0012695123072177705 0.0001335897318547724 3.443711981591005e-05 2.4161662799181046e-05 1.5571167818285758e-05 4.063439436716337e-05 0.0 4.153898555462071e-05 4.4767512200934105e-05 6.244201242949584e-05 0.0 0.0 1.636657434977665e-05 0.0 8.461715446511478e-06 0.013530215176049878 0.0006263171629014615 0.0010838710167241365 5.144334816601215e-05 2.7405766899939182e-05 2.7745656866502674e-05 0.0013182981606113902 0.0001713116778972975 5.870835433793345e-05 4.265099261175508e-05 6.6998289749513e-05 3.7541028661105626e-05 5.448803639067524e-05 9.964214034750424e-05 8.325283483809932e-05 2.1416389453167526e-05 0.014974466923912215 0.00022467416845090268 3.61503138859622e-05 3.4857906759536416e-05 8.404140318811603e-06 0.0 1.971607315310975e-05 0.0 2.41844104687708e-05 1.0223923311989455e-05 0.005297021451273451 0.019657008305593013 0.0008293557042855836 0.005871842698291385 2.3982563347970264e-05 0.000249823390497556 8.768798896552278e-06 0.004845855921913728 4.753271918531639e-05 9.298074876432585e-05 9.884498681749134e-06 1.602720352978132e-05 7.73746727725625e-05 7.574509431990538e-05 0.0006919545518089561 0.0009299541046623767 0.0 0.014476734080997936 0.004465302396136036 0.006930172186320364 0.0025364823702012772 0.0003890877777401908 0.00015161319243931892 0.0003191870220779653 3.407212981597864e-05 0.0001397687274326904 0.0004586458245127914 0.0 8.882167176770752e-05 3.06181669827169e-05 1.35201028888174e-05 1.114817052586982e-05 1.608273386817154e-05 0.0 0.0 7.943767379273788e-06 0.000160929689436568 4.1424270061541294e-05 0.0 0.004969118693621035 2.8357686032306012e-05 0.0 1.6240979403528202e-05 0.007894186077768034 0.00015573250641654938 0.0012544164037128435 0.0037060062320677053 0.002170789733212216 0.0009307694711258791 0.0021915889203783004 0.0027510701133572233 0.0025616891508656696 0.0029229750858943463 0.0034206089729910505 0.00022686662713684473 0.002692879290057129 0.003764199772785172 0.002615895175711589 0.004157626233890159 9.909586179775905e-05 1.443883088370588e-05 0.0 1.8511115624034587e-05 0.0 0.0 0.0 7.182554812554259e-06 0.0 1.4111996016353206e-05 0.0 0.0 6.4321464869567805e-06 0.0 0.0 0.0 0.0 0.0 0.0 0.00022393203956527305 0.000401898748430199 0.0 0.0 7.99738256212639e-06 0.0013639467788852438 0.00013317091509988877 0.002042647617257649 0.0010641842035032205 0.0001078298167262396 0.0 0.0 4.068344852027295e-05 0.0 1.315252877416632e-05 0.0 0.0 2.8672403810854874e-05 6.609587787697777e-05 0.0 0.0 0.0 5.5023252654714483e-05 0.0 0.0 0.0 0.0 2.3261621634825697e-05 1.9420800440364344e-05 4.2767870298315035e-05 0.0 6.272969789769756e-05 0.0017646883416657978 2.8599638907066208e-05 2.501544672020621e-05 1.594585772635681e-05 0.0 1.6017014437596317e-05 0.0 0.0 0.0 0.0 0.0008931182078975496 0.00022505489733601374 3.7227837748258386e-05 0.0 6.98182303137716e-06 0.0005702351887847146 6.675030706991355e-05 0.00022576294110032209 0.00023650563308578532 0.00027002182969340335 7.491826382830004e-05 0.0 0.0 6.31065151448859e-06 0.0 0.0 0.0 0.0 0.0 0.0 0.0 0.0010961540838401035 0.0007505090669368215 0.0010664290140542185
0.013010349857732416 0.048059389677414605 0.17766757247202702 0.0004961796322059073 0.02182514632343659 0.0004371249771444958 0.0029942487271019617 0.0 0.020827123313664087 0.00013614908530102255 0.15874315845908601 0.0013144945247421378 0.019787598652251825 0.08564188595334564 0.0036581786920534057 0.004125609963618773 0.0004147180890592234 0.0006362573765885779 0.0005955769827169282 0.0012259185676744989 0.004029244744283711 0.0 0.0018136864355067423 0.0011322521803866232 0.001901152929274282 0.0013242642388335613 0.0003021598768295633 0.0003022091627336143 4.6124144300676504e-05 7.373277032091009e-05 0.12207017525552721 0.11237047675938969 0.020457384117512162 0.002316652489845984 0.0013056514377449754 0.0007956598664554241 0.011529661850176674 0.004055631113392584 0.0009306076563814308 0.0015170056462329431 0.003702987443692325 0.0006846628881639625 0.004578153558371447 0.0035789549919482133 0.00506249309000963 0.0027764936594213583 0.013459437881459278 0.0002896041464759477 0.0003518732164469238 0.0011660536679065404 0.00014757262975563225 0.0 0.00023333847213204338 1.5466401105729056e-05 4.363430941059392e-05 1.4220522719778638e-05 0.0050244829506647165 0.03037906394530964 0.0006156045117082244 0.004920997752634443 0.008901269385706411 0.0647892004426547 0.0016884997488099995 0.058072596171828736 4.025791343400622e-05 9.20807592700353e-05 1.4625549376423302e-05 0.0001930574820521769 0.0023669664783738126 0.005134776423902592 0.0024257624834860348 0.0003856928924411283 0.0 0.012806141839032285 0.008285352546800913 0.009943623653348185 0.01903059642381929 0.011495727256289489 0.05537527585498971 0.1128292402503983 0.01633010280218066 0.1375061601557411 0.000287972124548984 0.0 0.00010482288311471817 2.6081741362740925e-05 0.0007111753909330148 1.3669145037840491e-05 2.1807767874946367e-05 2.0316517217758616e-05 7.471926131272332e-05 1.6009949397021064e-05 0.007203208931580209 0.0007556814128598967 0.0001293207810641637 0.0008354052602363959 4.037379868843412e-05 0.0 0.00014218947791744572 0.0059793231688177245 7.589248363833517e-06 7.445264377839557e-06 6.481093019576383e-06 1.1262212779406802e-05 9.8827332776774e-05 6.451758547963723e-05 6.100065120717515e-06 2.2813140147950774e-05 0.00016378273491961698 0.00030933825523333017 3.729793965640006e-05 0.00018053522533982585 0.00011548249147043571 0.00014492617097530342 0.00020153506479467998 8.041218955912046e-06 0.0 0.0 0.0 0.0 0.0 0.0 7.5288891674354345e-06 0.0 0.0 0.0 0.0 9.910072000680957e-06 0.0 0.0 0.0 0.0 0.0 0.0 7.173357541021247e-06 5.0737668995083125e-05 7.31725163944687e-06 6.308181135059473e-06 0.0 0.00022774374513683402 2.2757965690953546e-05 0.0003891950166666168 0.000116585774541601 1.7823377889449565e-05 1.0208200936771267e-05 0.0 0.0 0.0 0.0 7.725454323506094e-06 0.0 7.444266442387003e-06 4.762533212026588e-06 0.0 0.0 1.093682589682842e-05 8.361411437704665e-05 7.449555133397509e-06 0.0 0.0 0.0 0.0 0.0 1.0356115516569775e-05 0.0 0.0 0.00017458656329263046 6.633610209761764e-06 0.0 0.0 0.0 0.0 8.831218780741483e-06 0.0 0.0 0.0 9.655394776272633e-05 0.0001000917133262804 1.8573556298545715e-05 0.0 1.5276975590800566e-05 0.000161036842144306 0.0 0.0 0.0 2.4568602165443105e-05 2.3377178524463157e-05 0.0 0.0 0.0 0.0 0.0 0.0 1.7244009096435342e-05 8.259555247921898e-06 0.0 0.0 2.389376971745499e-05 0.00010934546604917028 0.0003116809294985242
0.0036621951449956757 0.15418466668605682 0.0495442653156397 0.00578855756415947 0.07502193208419768 0.001605657934356061 0.050259175053190816 0.020827123313664087 0.0 0.025764046073777906 0.04710104964245611 0.0038796996088874165 0.04683364867559934 0.08429298099744609 0.0016121777236680667 0.0016827513843931416 6.877031370434137e-05 2.7310286123523713e-05 2.5915077581443506e-05 3.3309529801010425e-05 5.958236357331444e-05 0.0 0.00010253508490425366 5.8515886098242766e-05 8.125905702922416e-05 6.453892124177604e-05 0.0 0.0 9.955070818054422e-06 0.0 0.006635044521230511 0.000828589442116555 0.00016852668831012036 2.3204105209211264e-05 7.232457577686548e-05 3.40618918053891e-05 0.00016945914586672224 7.920009055446296e-05 9.152786481181647e-05 0.00011620605459858342 0.0001207221992595184 5.3686100475138775e-05 5.200842789306111e-05 4.274494163062849e-05 8.968401212916623e-05 7.510747165632833e-06 0.00914511946875882 0.0001183234064121196 6.2818147264940896e-06 1.6946197518494467e-05 9.130325473442477e-06 0.0 7.867113034288394e-05 0.0 1.228375747695113e-05 0.0 0.0009024675805085677 0.0027553883604470434 0.00019863833945673988 0.0016578847765048395 0.0 0.00034674366006377723 1.7860752773475937e-05 0.0018231275414386482 7.363839387747704e-05 4.6924534394629595e-05 6.715855500349697e-06 1.4535285747851701e-05 6.773517458217622e-05 0.00018292454452670603 0.00012422433449164793 0.0004118201548252112 0.0 0.004013685680713148 0.0010447664436474384 0.0036705170183163583 0.0022223142642222174 0.00037909044692393694 4.912989653272843e-05 0.0009638919956500251 3.058979491956551e-05 0.00023751856202933064 0.00016689165973571784 0.0 1.3326743722684087e-05 1.6133718463820165e-05 2.8022226238753413e-05 0.0 3.388742003524752e-05 0.0 4.1204225905733045e-05 0.0 0.00021483378010600458 0.0 0.0 0.0015034987054523463 0.0 0.0 5.647351458074068e-05 0.0011463127117954833 3.998500010101455e-05 0.000692134084188047 0.00032023132117138005 0.0002696572897427937 0.00042581084114755335 0.0008141994978404234 0.0018638663136170525 0.0006544993939036946 0.0007540148594311703 0.002925701952467693 0.0004983489243584208 0.0016728518200657548 0.0026417570465788573 0.001597823969227611 0.003118262265156439 2.7031676853803778e-05 2.8899428011510496e-05 0.0 6.64723520838543e-06 0.0 0.0 0.0 0.0 0.0 0.0 0.0 0.0 6.589343334016182e-05 0.0 0.0 0.0 4.6191682884420444e-05 0.0 0.0 0.000270554635503059 0.000292185442884033 1.6684645484956526e-05 0.00011979125205865664 0.0 0.0013817524048971668 0.0004109202659193899 0.002143867853717395 0.0011174935900713004 4.812938613765495e-05 0.0 0.0 0.0 0.0 3.516016440896965e-05 0.0 0.0 0.00013288714677293036 0.00015373875857019694 0.0 2.277188909184489e-05 0.0 0.00012796989626547432 1.0713065776715535e-05 0.0 0.0 0.0 9.69634015349815e-06 1.783432827430517e-05 2.731472363429528e-05 2.983721217088636e-05 0.00017062147712104399 0.0020245147430178545 0.0 0.0 0.0 0.0 0.0 1.895046282182234e-05 0.0 0.0 0.0 0.0007525138073601535 0.0003521422609455966 0.0 4.9115858785066484e-05 0.0 0.00093136109336775 0.00011922902305163209 8.424002719753766e-05 9.597496114474753e-05 0.00019812591060849413 0.0001913117768104695 6.160024898342553e-05 0.0 0.0 0.0 0.0 6.892940124773613e-06 7.588670515179924e-06 0.0 0.0 0.0 0.0008322313103253246 0.0007567874268009952 0.0011056218399073216
0.0436873059388943 0.03847400273552286 0.0006671273681800906 0.15392820946949706 0.004817887298628226 0.036526320439617635 0.07757490640478512 0.00013614908530102255 0.025764046073777906 0.0 8.60596450911002e-05 0.1094204154868633 0.39072682978671525 0.0194022772137663 0.0002920085325314252 0.0001608978209304524 6.337378084807377e-06 0.0 2.1226562195841787e-05 0.0 0.0 0.0 0.0 9.346817541601282e-06 3.8459587276018396e-05 0.0 3.331050816910117e-05 0.0 0.0 0.0 0.011388120591872185 8.49801644926225e-05 0.003915090660828039 0.0 1.3520819543443867e-05 0.0 0.0074578832606304706 0.0002588745507054562 0.0005272741378724428 9.497291776917186e-06 1.2086798527723953e-05 7.1195503534308384e-06 0.0 0.0 2.728154717233829e-05 1.2415601137899128e-05 0.0014116162182849603 4.824273008096716e-05 0.0 0.0 0.0 0.0 1.5501940326625182e-05 0.0 0.0 0.0 0.0039713245602222775 0.011144957429922739 0.00040801699529892274 0.0012712706859951334 0.0 2.1107256933456684e-05 0.0 0.0009379114340578288 8.361096403179442e-06 2.6538087094625232e-05 9.86318187549208e-06 0.0 0.0 8.950418868556828e-06 0.014004198482716558 2.1696830717137373e-05 0.0 0.005211991234080786 0.0013941008618559582 0.0009678127446256597 0.0003520137755331201 3.250119780408076e-05 1.7509496004138228e-05 9.326777077666606e-05 3.721310291333178e-05 1.249053496144895e-05 0.00011936392594730378 0.0 9.668033518712819e-06 0.0 0.0 0.0 8.043685054980768e-06 0.0 0.0 0.0 7.915148889659534e-06 0.0 0.0 0.018441713403782235 0.00023238035014598124 0.0 4.284266042405153e-05 0.02476777546189633 7.776111777324379e-06 0.0022780286070509283 0.0009870157101876608 0.0018934766183799742 0.000560583933667278 0.0009646623969275567 0.005938178544484599 0.0008094628950516818 0.004988928477927276 0.003205768432361539 0.0002672864617128285 0.0031909626217217968 0.004698901898403389 0.002537165953540357 0.0038956393909479296 5.6411212712202425e-05 9.720589618107195e-06 0.0 1.106285193651685e-05 0.0 0.0 0.0 0.0 0.0 0.0 0.0 0.0 7.497723251904916e-06 0.0 3.871086277572323e-05 0.0 8.015541685370579e-06 0.0 0.0 0.00018560649666692671 0.00010458506690254166 7.034251331439683e-05 0.0 0.0 0.0011571193835507602 0.00014401390265573403 0.0012525049696428456 0.0008757995199647479 3.890445063539775e-05 0.0 0.0 0.0 2.954295206911487e-05 0.0 3.808736530145624e-05 0.0 7.152704007181712e-05 0.00014278332778116298 0.0 0.0 0.0 9.22976130286477e-06 0.0 0.0 0.0 0.0 4.470270448712344e-05 4.8305760222252966e-05 0.00027123275954819246 6.199855608572697e-06 9.38099560789116e-06 0.0007086722722501802 1.023133200435659e-05 3.159456610767416e-05 0.0 0.0 0.0 0.0 0.0 0.0 0.0 0.0013000506632120051 0.00025051808687518644 0.0 0.0 0.0 0.0002329492400052636 0.0 7.914212163360656e-05 2.2951030735179587e-05 3.2759649022251106e-05 6.411889131045989e-05 7.865529606681536e-05 8.993792371939553e-06 0.0 0.0 0.0 0.0 0.0 0.0 0.0 0.0 0.001917843037110585 0.00023976362695603173 0.0005996257404563349
0.012680987153838573 0.15223550338117386 0.2165688480143518 0.000853767910031361 0.06456648864853713 0.0002889769312029359 0.012291771039275557 0.15874315845908601 0.04710104964245611 8.60596450911002e-05 0.0 0.0008669685732926313 0.02706617455294891 0.16852374723657984 0.0014654894111728713 0.0019524557079589368 0.0001238599724817348 8.21390092392763e-06 2.4996474328486596e-05 8.916701858229713e-06 0.0002448086138128948 0.0 9.553996034720286e-05 0.00014429997993138665 0.0005150022192608696 0.000281058996410138 2.117059464921101e-05 1.5569009905165626e-05 7.353110664412656e-06 1.9040901945170224e-05 0.040467878669825715 0.004700494954375219 0.023486092648811435 9.926451350072084e-05 0.0002415016306064249 0.00027017695484603054 0.016470249563705852 0.007219473217546098 0.0003884353890562043 0.0005468836814159924 0.0007211256799770257 0.00018662817894748388 3.702271737471426e-05 0.00011278410488647075 0.0001083955648009906 4.52180947332839e-05 0.0049554343667563465 8.215743985966568e-05 7.159906202733687e-06 6.00829327658603e-05 0.0 0.0 2.4469757025755595e-05 9.777845553217467e-06 8.668373692398227e-06 7.928404554328946e-06 0.0007826484657496468 0.0039458461995571575 0.0001283521477359267 0.0012613501778643247 0.0001410371547572122 0.00978627494185356 8.02830675959049e-05 0.002205173072134178 1.2988742006535733e-05 2.3816724453269337e-05 8.511205584901494e-06 0.0 6.026622635878007e-05 0.00027876839762101384 0.0028196786392222393 0.00011393802798427266 0.0 0.0029282923739926644 0.0011516505890387908 0.002978202257364294 0.001732825528735185 0.0003018157572554475 0.0003496935132349647 0.018734609868338456 6.368019472745248e-05 0.006031908292724471 0.00011939561100940246 0.0 4.2497603451008825e-05 0.0 2.6229742161227428e-05 0.0 6.142932930093339e-06 0.0 1.3169139018426853e-05 8.441916333755186e-06 0.00047721770780190204 0.00011461928647617681 1.6686874329763242e-05 0.0011123531169347017 6.575957057206657e-05 0.0 3.2528355467839514e-05 0.0012784833176772376 2.753702354003273e-05 2.266684904770283e-05 7.8811848413895e-05 9.675056978644221e-06 9.219167227438208e-05 8.923779434146131e-05 7.904315542086783e-05 0.00012332957345758232 4.715698853818882e-05 0.0003190728263429341 7.622699258039958e-05 0.0002753804397795138 0.00019509395523305194 0.0001748147395217129 0.0005601215134925101 2.5191519956616327e-05 7.3652999078631615e-06 0.0 1.3995670496284463e-05 0.0 0.0 0.0 0.0 0.0 0.0 1.3631166011518077e-05 0.0 0.0 0.0 0.0 0.0 0.0 0.0 0.0 7.839235475058857e-06 5.3702661189514715e-05 0.0 5.6027312691517176e-06 0.0 0.00039981952117523864 9.96246666934036e-06 0.00039427702864091387 0.00014209720618836788 0.0 0.0 0.0 0.0 1.6596001667055147e-05 0.0 1.5573196097633874e-05 0.0 3.238783123600644e-05 3.161666193952346e-05 0.0 3.0122597251114725e-05 0.0 7.137329747559808e-05 0.0 0.0 0.0 0.0 6.811262287678309e-06 0.0 0.0 0.0 0.0 0.00027702913799058416 9.831564076199656e-06 0.0 0.0 0.0 0.0 0.0 0.0 0.0 0.0 0.00021440648518013461 0.00018475665984966767 0.0 0.0 0.0 5.548214886991534e-05 0.0 2.7690106349270574e-05 1.0658520532696674e-05 4.7660467764324576e-05 0.0 6.858570665225979e-06 0.0 1.573164403288931e-05 0.0 0.0 0.0 7.312910131044212e-06 0.0 0.0 0.0 9.78026615816997e-05 0.00019528981412965707 0.00018162874613188574
0.007946892562121638 0.02594402000628668 0.0013985658727201113 0.10357783363462267 0.0005471059752069292 0.011798064769909963 0.03785961681857193 0.0013144945247421378 0.0038796996088874165 0.1094204154868633 0.0008669685732926313 0.0 0.055563006532479454 0.003347519731008105 0.0013549190175731936 0.00176380843715119 7.468633372314941e-05 9.662527140802124e-06 0.0 1.736745346732433e-05 2.5395801991002695e-05 0.0 3.354062462440358e-05 3.049632346661639e-05 0.00017620613059379903 6.478723045172576e-05 2.812845928048612e-05 1.6584092481470618e-05 2.2709757214762405e-05 1.9102900519600354e-05 0.00106346837192891 0.00018641143433806165 0.015069053102558802 2.398291922936327e-05 3.842872526607607e-05 2.6394040737665484e-05 0.06713408923148675 0.007217490923944169 0.0030738151892955442 0.00026101642898406716 0.00011436372450127438 7.2627192365092e-06 1.3675986276714982e-05 2.498683373391247e-05 6.725858274561416e-05 1.0443617089725208e-05 0.0020809419795649433 0.0 6.784927064595818e-06 0.0 0.0 0.0 0.00013133717690885666 0.0 0.0 0.0 0.0005815791815183862 0.0008079015467667127 0.00011548174424180645 0.0002687960298665951 2.8473172601736946e-05 0.0018264213625368974 4.38255699771726e-05 0.0003005501243947849 2.544158472580887e-05 1.8863650998170886e-05 6.5552496519741245e-06 0.0 4.089922209936511e-05 8.163112063045162e-05 0.027147381280737837 0.00020840243588088217 0.0 0.0009105732864570006 0.00025460209460542233 0.0011605022853694111 0.0007911245210149683 0.00019364983440123528 1.0310356018005757e-05 0.0013954860195003465 1.1621271422788109e-05 0.0003897057040196611 2.7537124434242093e-05 0.0 0.0 6.223242886301777e-06 1.3320369654572912e-05 0.0 0.0 0.0 0.0 0.0 0.00013827871746853777 6.157470195813614e-05 0.0 0.055188681196155984 0.0018237246541599483 0.0 6.383410425772699e-05 0.00391411768048808 0.00022317893583558558 0.0024675807136381542 0.001224406837938732 0.002747389472421018 0.0013862998830191681 0.002495910539416117 0.009928352014143844 0.0023088781794889067 0.002673980369500766 0.008284761287472459 0.0010432421372956048 0.008365109869041638 0.011112352735450182 0.007885370705492962 0.00882890237749397 8.145137667926107e-05 6.145961285074207e-05 1.2437608305140202e-05 2.4717334294077426e-05 0.0 0.0 0.0 0.0 0.0 7.337013451919702e-06 0.0 0.0 1.6437924288714087e-05 0.0 7.984099013966392e-05 0.0 8.883450795705799e-06 0.0 1.1764031837188584e-05 0.00030693143732166714 0.00022555336181420444 0.0 1.4323956405811715e-05 0.0 0.002822906499966771 0.00016868331525776695 0.002931288872085538 0.0012441357619567138 0.0001133477687314484 0.0 0.0 0.0 0.0 6.4699659169843865e-06 3.8762045490910226e-05 0.0 0.00020537397878284445 0.00016733089747857538 0.0 0.0 6.242820031797482e-06 9.554271323041814e-05 0.0 0.0 0.0 0.0 2.620182381627811e-05 7.079439218446685e-05 0.00020075301359910778 1.4643390530037996e-05 3.24584321118744e-05 0.0026036259867469893 0.00011013762195267971 4.4395498741071294e-05 1.904592219643583e-05 0.0 6.823061406852632e-06 0.0 0.0 0.0 0.0 0.0029251842373743575 0.0006021182108254619 2.2487257355046396e-05 6.782959321773318e-06 0.0 0.0007367317828739115 0.0 0.0001739821066958494 0.00014433500000571458 0.00010460650172444959 0.00011982080183239725 8.867889484334553e-05 2.178171087528968e-05 0.0 0.0 0.0 0.0 0.0 0.0 0.0 0.0 0.005259787553452091 0.0008489245318180765 0.0013560311811692224
