0.0 0.08163074684520366 0.01678957658616466 0.07776449323051712 0.0025089628567704484 0.00908854984699473 0.11026782773648142 0.0014437520827297323 0.0038865142447717313 0.27592874600788747 0.008431016998652887 0.0005650654447032223 0.003747051333144069 0.0059760324369895115 0.0 0.0 0.0 0.0 0.0 0.0 0.0 0.0 0.0 0.0 0.0 0.0 0.0 0.0 0.0 0.0 0.02114191512641183 1.3651797104514098e-05 0.0 0.0 0.0 0.0 2.05007342713059e-05 0.0 0.0 0.0 0.0 0.0 0.0 0.0 0.0 0.0 0.00012672870764768486 5.800625968596833e-06 0.0 0.0 0.0 1.1779664703730404e-05 0.0 0.0 6.282009412586483e-05 0.00014550173806843566 0.008968454494019179 0.0420051482031796 0.0019837540832359714 0.0001521309092704697 0.0 0.0 0.0 6.238155593622296e-05 5.4010143596204554e-05 3.165235055386535e-05 3.5609677643808475e-05 0.0 0.0 0.0 0.00033182766124497987 0.00015638866097868328 0.0 0.0008611414325788281 0.00025724467185108063 1.4829477686351037e-05 2.339465965961266e-05 5.67716780049165e-06 0.0 1.5208525870472983e-05 0.0 0.0 0.000202415271988335 5.935654667674215e-06 6.018071800841916e-06 7.141548181391393e-05 0.0 0.0 5.726710162534591e-06 0.0 0.0 0.0 0.0 0.0 0.0 0.003998863281535138 0.00019673110461923703 0.0 4.415025717295864e-05 0.043831885331141934 0.0 0.0008707125872490356 0.0 0.0 5.825684002365323e-05 0.00026799329015566936 0.0007181299837336297 0.0 0.004946082819928661 0.0024271716893283436 1.191909924405454e-05 0.0005161863151377169 0.001243970733040858 0.0009865437536137787 0.0014672138032584374 0.0 0.0 0.0 0.0 0.0 0.0 0.0 0.0 0.0 0.0 0.0 0.0 0.0 0.0 0.0 0.0 0.0 0.0 0.0 0.00019344178947970547 0.0 0.0 0.0 0.0 0.00016134950443826793 0.0 9.460775782102726e-05 0.0 0.0 0.0 0.0 0.0 0.0 0.0 0.0 0.0 4.5324320155971295e-05 0.0 0.0 0.0 0.0 0.0 0.0 9.387991959653934e-06 0.0 0.0 0.0 0.0 2.168580974822408e-05 0.0 0.0 0.000241349764607014 6.782756140158107e-06 0.0 0.0 0.0 0.0 0.0 0.0 0.0 0.0 0.0007893760090951376 0.0 0.0 0.0 0.0 0.00031048388241861226 0.0 0.0 0.0 0.0 0.0 0.0 0.0 0.0 0.0 0.0 0.0 0.0 0.0 0.0 0.0 0.0016579611637932794 2.7729211369785967e-05 0.00014039404106817275
0.08163074684520366 0.0 0.08512479033181483 0.039334306607692104 0.2781326043655516 0.0004396412951384345 0.5632413036652376 0.01452707775215544 0.23358513728114097 0.11573958744831718 0.09289165154545138 0.0006744750615942227 0.06355565829881463 0.0865339134300968 0.00014088387648372171 7.312836333218814e-05 9.769897763610106e-05 5.680293049117787e-06 0.0 1.758374013687332e-05 1.4777518168072184e-05 0.0 0.0 1.0276030814402021e-05 3.248554328390975e-05 0.0 9.62285144101218e-06 2.806811824827988e-05 0.0 0.0 0.0730543766132342 0.0017143060254001129 0.00030524433801265745 2.4270366256766208e-05 5.688443644503151e-06 7.284880423810428e-06 0.0003783523076813753 2.6725436471092998e-05 7.231508939173874e-06 2.208259700264278e-05 6.731964522349262e-06 6.397837719463233e-06 0.0 4.7979262855997327e-05 0.0 3.7591848807296896e-05 0.0031327317278349426 0.00036938096692623926 3.095097208476262e-05 0.0 7.379118059629872e-05 0.0 0.0 1.5091782226122612e-05 0.0011147776065514 0.0018714173380525126 0.01061860178958629 0.08711037066487262 0.00576204462003343 0.0024164515248878376 5.4799144732148834e-05 0.00012604765775781575 6.852829565726666e-06 0.008549003168576989 0.0010628432243471376 0.0005635074187722677 0.0005633481856673969 0.00016061604185099024 6.925660634510264e-06 0.0 5.356195787373279e-05 0.0 0.0 0.008703189773106324 0.011826244807360166 0.001154678687466965 0.0012995855146328283 0.00021599794059397665 0.00018319437222681862 0.0015224250872906571 1.2913555044260309e-05 0.0003711787351628855 0.0030211001640286952 0.00019184338088907836 0.0002239318801974135 0.0014419200741582535 6.299381660893508e-05 8.32804032519548e-06 0.0001322984340286223 0.0 2.5922055937256658e-05 0.0 1.7566073382395146e-05 2.343218072208095e-05 6.740834057497639e-06 0.0002264908097877477 3.474509804060653e-05 0.0 9.95974733711785e-06 0.012264994947434701 1.441411430603557e-05 0.0 0.0 0.0 1.2889106271263324e-05 0.0006002046729945467 0.0 0.0 0.001286016214208883 0.00039982701791306616 1.921372964810451e-05 8.614730361622781e-05 0.0002819757374800915 0.00030747365692297565 0.000571175141851464 0.0 0.0 0.0 0.0 0.0 0.0 0.0 0.0 0.0 0.0 0.0 0.0 0.0 0.0 0.0 0.0 0.0 0.0 0.0 1.1419810343122233e-05 7.917620936343336e-05 0.0 0.0 3.501649207614131e-05 0.00020125991108126975 1.2510905387482367e-05 0.00020842892107423915 0.0 1.6958008232424097e-05 0.0 6.65639087614616e-06 0.0 0.0 0.0 0.0 0.0 0.0 8.59980919772321e-06 0.0 0.0 0.0 0.0 0.0 0.0 0.0 0.0 7.0716542195792685e-06 8.645974411038645e-06 0.0 0.0 0.0 0.0001465777142856588 1.1411209581766231e-05 0.0 4.915525546610232e-06 0.0 0.0 0.0 0.0 8.128885573995614e-06 7.3877731783761704e-06 0.00032331193606004253 0.0 0.0 0.0 7.839317970620802e-06 5.3237759430105456e-05 0.0 9.212549565365223e-06 9.149035184541529e-06 0.0 0.0 0.0 0.0 0.0 5.724274324712215e-06 0.0 0.0 1.7772225894305908e-05 0.0 0.0 0.0 0.0008205344986528866 3.607224879049051e-05 8.913013587978763e-05
0.01678957658616466 0.08512479033181483 0.0 7.045101658893536e-05 0.12595637083458638 0.0 0.014660354435708008 0.242808787278255 0.06590444922928124 0.012533259047073047 0.25596288087297747 0.0006200295954517757 0.012660779618960455 0.127393641391513 0.000259949655289666 0.0004550005542932524 0.00024696935937380983 1.634603139929989e-05 7.441224813044978e-06 1.5199615958992572e-05 8.872599169609245e-05 0.0 5.45105787028613e-05 0.0 0.00025381928967784336 3.0284338955958492e-05 2.0432416312233287e-05 2.204082738583314e-05 0.0 3.888876310817052e-05 0.20680300458305367 0.012630709341456435 0.0038229264260290123 0.000590660735587924 0.0007075908257870198 0.00035109973891130265 0.0018842034259204754 0.00038237420857888425 2.9372792036486736e-05 8.126124797095103e-05 2.2571598978382625e-05 3.693865436811151e-05 5.821837523975252e-05 0.00017597846783602985 1.6932336116829525e-05 0.00018710974469198294 0.0009536965450606378 7.378114075015306e-05 1.4984734927779662e-05 3.7641923895870007e-05 7.105330852605675e-05 0.0 0.0 0.0 0.00012789088191012354 0.00011049536990557918 0.0015478474318820746 0.07639742634055098 0.0009837527520155768 0.0003132033681919812 0.0005257902011526756 0.0038357339715069257 0.00045245712077757546 0.011704480664423566 5.461571987675294e-05 5.078209984185727e-05 8.783618833537113e-05 6.0074162457642534e-05 0.00010910477016042407 0.00011663941736896043 0.0003454253058540168 9.496359624317716e-06 0.0 0.0009699071662949166 0.0014322821168466881 0.0006294911826173628 0.0009564222126312313 0.0006843708630661327 0.016325669907329355 0.04684451514575132 0.0004443084098219172 0.013853423832161418 0.00028276180922275155 1.599170498039005e-05 3.333477867567346e-05 0.00011738628580242261 0.0 0.0 1.8267797159531574e-05 0.0 8.014343946320882e-06 5.610553481578323e-06 0.0002747654441941924 2.7116520417953322e-05 8.904017138568788e-06 0.00010442402997145806 0.0 0.0 0.0 0.0070325189836719084 0.0 8.93569496236975e-05 2.3374244301396767e-05 2.5999542336861106e-05 5.3951976367532755e-05 0.0 2.6568887187039156e-05 0.0 0.00012045677719204927 0.00042189486007819207 9.784856953577605e-06 0.00011217106753388915 0.00024038779126461722 0.00024257914135702383 0.000488731170475594 0.0 0.0 0.0 0.0 0.0 0.0 0.0 0.0 0.0 0.0 0.0 0.0 9.506839391693056e-06 0.0 0.0 0.0 7.795108297566037e-06 0.0 0.0 9.281388861226589e-05 0.0 0.0 0.0 8.49058037218655e-06 0.00024444672147702813 4.139463217188801e-05 0.00011256833629113322 6.246992164810038e-05 0.0 0.0 0.0 0.0 0.0 0.0 7.498779767786167e-06 0.0 0.0 8.04107970708034e-06 0.0 0.0 0.0 2.8063919109747897e-05 7.56585570267474e-06 0.0 0.0 0.0 0.0 2.5334787611444497e-05 0.0 0.0 1.045056986359035e-05 0.00011885373195218774 1.61024379749531e-05 0.0 0.0 0.0 0.0 0.0 0.0 0.0 8.677492657933278e-06 0.00030549414878950634 2.578216821780278e-05 0.0 0.0 7.5868495874392445e-06 5.99784054664748e-05 0.0 5.1638740373443186e-05 0.0 4.3133654050682065e-05 0.0 0.0 0.0 0.0 0.0 0.0 0.0 0.0 0.0 0.0 0.0 0.0006511703483497553 4.026468183820686e-05 0.00021411521151524417
0.07776449323051712 0.039334306607692104 7.045101658893536e-05 0.0 8.371191415192653e-05 0.010407624163775829 0.10956923461839962 2.135134727941349e-05 0.0028263716164022034 0.07889569671176049 0.00022658718387390058 3.6964944181323085e-05 0.004686432547909478 0.0031319829144072766 0.0 0.0 0.0 0.0 0.0 0.0 0.0 0.0 0.0 0.0 0.0 0.0 0.0 0.0 0.0 0.0 0.008215120702160341 2.717446648074664e-05 1.2416718854841383e-05 0.0 0.0 0.0 1.17183143737776e-05 0.0 0.0 0.0 0.0 0.0 0.0 0.0 0.0 5.3354195129595065e-06 0.0002062114619581674 2.5160437186016284e-05 0.0 0.0 0.0 0.0 0.0 0.0 0.00011045313234516015 8.136600346047692e-05 0.0019064277697617411 0.015440648036592784 0.0009263056994059697 0.00021357980929977851 1.4278170811853195e-05 0.0 0.0 0.00025054616183166844 4.929855769745665e-05 0.0 2.7000979024086775e-05 0.0 0.0 0.0 1.304537593415202e-05 0.0 0.0 0.0006688689290196867 0.0005982519000192049 7.039089201210743e-05 2.500129176407554e-05 5.375064249966646e-06 0.0 0.0 0.0 0.0 0.0002800195632507493 6.564445531249218e-06 5.413048133673818e-06 8.132945263524118e-05 8.104323506216196e-06 0.0 6.614721296218886e-06 0.0 0.0 0.0 0.0 0.0 0.0 0.0003896958893175045 0.0 0.0 0.0 0.01951223829371437 0.0005668189695194317 0.0006373076295050952 0.001450394760116149 0.001104440516478215 1.5907028580523668e-05 0.0005846743573998368 0.00021556908971086489 0.0002759189146452336 0.001514450400736612 0.0025395371978273254 0.0 6.440551660337113e-05 0.00013576155601967903 1.293772781188307e-05 4.6081235365845115e-05 0.0 0.0 0.0 0.0 0.0 0.0 0.0 0.0 0.0 0.0 0.0 0.0 0.0 0.0 0.0 0.0 0.0 0.0 0.0 0.0001003771957849677 1.295587124813202e-05 0.0 6.801737234638907e-06 0.0 0.0 0.0 7.017759047889859e-06 0.0 0.0 0.0 0.0 0.0 0.0 0.0 0.0 0.0 1.855246295567056e-05 1.4157499815922308e-05 0.0 0.0 0.0 0.0 0.0 7.219916713456103e-06 1.902225845262837e-05 5.978367403284451e-06 3.2589201983520576e-05 9.160232927468969e-05 0.0 0.0 0.0 4.4233358895875524e-05 6.79816230214759e-05 6.100612473533018e-06 1.684677324555376e-05 0.0 0.0 0.0 0.0 0.0 0.0 0.0 0.0 0.0 0.0 0.0 6.303254655083722e-06 0.0 0.0 5.0607555368982544e-05 8.947357274168352e-05 0.0 0.0 0.0 5.8094581405722786e-06 0.0 0.0 0.0 8.829953687710282e-06 0.0 0.0 0.0 0.00012976868387108364 0.0 0.0
0.0025089628567704484 0.2781326043655516 0.12595637083458638 8.371191415192653e-05 0.0 0.0 0.11619666167196602 0.005433285071288962 0.20754866198056404 0.017863245221285445 0.17674164620927157 0.0001091957247786065 0.02439465445318174 0.0268072762633902 5.060442288877455e-05 3.062998747663918e-05 4.089704811637864e-05 0.0 0.0 0.0 1.2948599289942363e-05 0.0 0.0 0.0 0.0 0.0 0.0 0.0 0.0 0.0 0.00936785197706202 0.0004825894820144778 0.0001121770830047311 1.3652601015363937e-05 0.0 9.276131440952917e-06 4.66816018942969e-05 1.5208791631106256e-05 0.0 6.768942010914581e-06 0.0 0.0 0.0 0.0 0.0 1.3759241537227398e-05 0.0005268791387751149 8.056187927897289e-05 9.433979396582034e-06 7.1929736473500595e-06 0.0 0.0 0.0 0.0 6.3351659987155e-05 0.00021843192532350204 0.000754396888026141 0.004848704707579582 0.0003773978401183148 0.0002487310486459366 6.8749166246153146e-06 1.9533445716243757e-05 6.21893320536018e-06 0.001267182983882326 5.779807961929424e-05 2.3396102360193253e-05 7.894693025274192e-05 1.2257694561896758e-05 0.0 0.0 6.207623613966677e-05 0.0 0.0 0.0006350727928978196 0.001438633819785743 0.0001886926596184801 0.0003059796910559591 1.417252945354973e-05 2.0086020528093975e-05 0.0004843828245230272 1.1846745459673541e-05 7.47196795489084e-05 0.00029522455709611665 2.0694456899267043e-05 1.8805515289087123e-05 0.00017707270229086393 5.621575617592985e-06 7.24931068318006e-06 5.001969164293077e-06 0.0 5.6458315484071e-06 0.0 0.0 0.0 7.599243916111391e-06 9.99151929200933e-06 8.565895489338237e-06 0.0 0.0 0.00027061022848250626 0.0 7.16700865269026e-06 0.0 0.0 0.0 2.3837255971940298e-05 0.0 0.0 1.2208022634012205e-05 8.396805437079629e-06 0.0 1.840406245910661e-05 5.325371350494702e-05 3.580987133226855e-05 3.1300823962398055e-05 0.0 0.0 0.0 0.0 0.0 0.0 0.0 0.0 0.0 0.0 0.0 0.0 0.0 0.0 0.0 0.0 0.0 0.0 0.0 0.0 0.0 0.0 0.0 0.0 0.0 0.0 2.0545803297338086e-05 0.0 0.0 0.0 0.0 0.0 0.0 0.0 0.0 0.0 0.0 0.0 0.0 0.0 0.0 0.0 0.0 0.0 0.0 0.0 0.0 0.0 0.0 0.0 0.0 0.0 0.0 0.0 0.0 0.0 0.0 0.0 0.0 0.0 0.0 0.00013756366862912624 7.661173375244622e-06 0.0 0.0 0.0 0.0 0.0 0.0 0.0 0.0 0.0 0.0 0.0 0.0 0.0 0.0 0.0 0.0 0.0 0.0 0.0 6.68460320539458e-05 0.0 1.5944723200956533e-05
0.00908854984699473 0.0004396412951384345 0.0 0.010407624163775829 0.0 0.0 0.00010439207722702015 0.0 7.196348626603013e-05 0.03984586639057847 8.083534516270987e-06 0.0037123171710631278 0.0018684917127238171 0.0005998145725428191 0.0 0.0 0.0 0.0 0.0 0.0 0.0 0.00039726914533894683 0.0 0.0 0.0 0.0 0.0 0.0 6.144741152870977e-05 0.0 0.0014842773666728145 0.0 0.00043354763643348957 0.0 0.0 0.0 0.0006875585208463324 3.9645850670745275e-05 0.0003463683764440696 2.4401225346270848e-05 0.0 0.0 0.0 0.0 0.0 0.0 1.6734448700350214e-05 0.0 1.2709775093830681e-05 0.0 0.0 0.0006097659589660457 0.001323908810042474 1.6402212353488133e-05 0.0 1.8130212698899344e-05 0.008340444557518983 0.0028065138824501907 0.0004473726889814122 9.0334383485474e-06 0.0 1.5510848778981004e-05 0.0 0.0 5.816766859303051e-06 0.0 0.0 0.0 0.0 1.3439586334902119e-05 0.006393366978987726 0.0046594290944791325 0.0006482712879356977 3.2291834516480496e-05 0.0 0.0 7.543937380696102e-06 0.0 0.0 3.581676905609708e-05 0.0 0.0 2.069528069696699e-05 9.45990558175253e-05 8.252983134463372e-06 4.1909478013291535e-05 0.0 0.00021455197133838088 0.0 0.000536429667165969 1.146607077226545e-05 2.111146124603238e-05 0.0 0.0 2.1305802174242352e-05 0.011913030001580472 0.005359061703037156 0.000824482559675943 0.0009235549099226349 0.01511269424757259 0.0 0.00030988400944562225 0.0 0.0 1.2492901159184167e-05 0.0 0.0005840274827605632 0.0 0.0003014206240396431 0.0009308488937027399 1.196498122041388e-05 0.0001410123437275269 0.0005354421482606602 0.0005199685330887687 0.0004679669276061372 0.0 0.0 0.0 0.0 0.0 0.0 0.0 0.0 0.0 0.0 3.546197318699831e-05 0.0 0.0 0.0 0.0 1.4917121445306334e-05 0.0 1.9828587663967155e-05 0.0 3.197936630125805e-05 1.700136457881966e-05 0.0 0.0 0.0 4.4415691179779095e-05 0.0 7.081652966234712e-05 0.0 0.0 0.0 0.0 0.0 0.0 0.0 0.0 0.0 0.0 3.069937631245855e-05 0.0 0.0 0.0 1.0517556006337526e-05 0.0 0.0 0.0 0.0 0.0 0.0 9.50238654516423e-05 0.0 0.0 4.7229940807074015e-05 0.0 0.0 0.0 0.0 0.0 0.0 0.0 0.0 0.0 0.0002557622138413269 3.892057724728949e-05 0.0 0.0 0.0 4.88688004560854e-05 0.0 6.541329297735865e-05 0.0 0.0 0.0 0.0 0.0 0.0 0.0 0.0 0.0 0.0 0.0 0.0 0.0 0.0009037871959068496 3.555096563597007e-05 2.00100744554252e-05
0.11026782773648142 0.5632413036652376 0.014660354435708008 0.10956923461839962 0.11619666167196602 0.00010439207722702015 0.0 0.00502221663591246 0.16515347130516564 0.1289792173692876 0.05222836965947128 0.0004034833484871403 0.1303906105744094 0.1958389668159077 0.00024257202246731686 7.029167470902083e-05 0.0001369420472763313 5.328604952322339e-06 0.0 0.0 0.0 0.0 5.825144646885109e-06 0.0 1.919783583644509e-05 7.589878414973946e-06 0.0 1.83516943564528e-05 7.943220133487504e-06 0.0 0.018811182039191313 0.000918579153133364 8.458902277201275e-05 1.428613097558297e-05 7.155664711282933e-06 7.106593004692559e-06 1.751818102627938e-05 5.200718404540275e-05 0.0 6.450529435405169e-06 0.0 0.0 0.0 0.0 2.4170694569286215e-05 1.9313871388405246e-05 0.003078069220226202 0.0003642074125126308 4.853632576833793e-05 3.062411121374804e-05 3.11043949149267e-05 9.22208561130814e-06 9.794694315431261e-06 6.731746972261712e-06 0.0008273423857452633 0.0012626683660852134 0.004911757815325537 0.03599963470411529 0.0034415186219443074 0.0017520051179637267 7.54214141734176e-05 5.1897465882827055e-05 7.717582726893197e-06 0.006492962902992492 0.0008422768768475601 0.0003752895082843179 0.0005397806119553025 0.00012027488934911404 2.580130900971627e-05 7.876109848585108e-06 0.0001527783877468285 0.0 7.154261784402554e-06 0.005529100914275114 0.009164215818803407 0.0011755583903749927 0.0012094528175548363 0.00019728429049975418 0.00011606992125819521 0.0001767064525000505 3.337942766732607e-05 0.00010684454346924638 0.002458790859275435 9.320353166644112e-05 0.0002446159007187963 0.0011795495932075154 4.406010345246692e-05 1.3018528686505588e-05 9.082970405586193e-05 5.9313229501414984e-06 2.810081825617642e-05 7.616274894017917e-06 1.9213356619007017e-05 2.2213693529085078e-05 0.0 0.0001179942626668318 0.0 0.0 1.4841596009648946e-05 0.003262421529611123 0.00019345440919267884 2.8803099467747707e-05 0.0004176061487627824 0.000577426085051285 3.258039934050438e-05 0.0002613767489113496 1.9991107221476295e-05 3.088344658653523e-05 0.00323106374850475 0.0005958599801960817 2.0964160552542606e-05 0.00043028967924078817 0.0001881135027169849 0.00013131738738907608 0.00028885054683624247 9.497132800944665e-06 0.0 0.0 0.0 0.0 0.0 0.0 0.0 0.0 0.0 0.0 0.0 0.0 0.0 0.0 0.0 0.0 0.0 0.0 8.34098618251063e-05 0.0 0.0 0.0 0.0 0.0001142435888758431 0.0 0.00021045498070802147 3.821831110151374e-05 0.0 0.0 0.0 0.0 0.0 0.0 0.0 0.0 1.3771150144651441e-05 1.712981555156571e-05 0.0 0.0 0.0 0.0 0.0 0.0 6.386525114910623e-06 0.0 3.896557817592585e-05 5.1650194596473845e-05 6.219372523958031e-06 0.0 0.0 0.00010612180350996808 2.2471276448535446e-05 9.228315619078484e-06 6.839079918088036e-06 0.0 0.0 0.0 6.798211838483315e-06 0.0 0.0 0.0001999546605744098 0.0 0.0 8.47967695464072e-06 6.1637719042138656e-06 7.433054089756777e-05 0.0 2.261137569175866e-05 2.4673657113802203e-05 2.277421584939682e-05 0.0 1.1037014994334392e-05 0.0 1.2767233627480434e-05 5.333283183152401e-06 5.909305193912318e-06 0.0 0.0 0.0 8.289769588741292e-06 0.0 0.0002693205542003357 3.445219185694077e-05 6.15505730570679e-05
0.0014437520827297323 0.01452707775215544 0.242808787278255 2.135134727941349e-05 0.005433285071288962 0.0 0.00502221663591246 0.0 0.040479415995389616 0.006350236209735574 0.19890617062898766 0.0006168361656639899 0.0061845035211991395 0.07284764934122372 0.0010208748086403905 0.0010923215091931844 0.0007487188961266335 0.00020982505990978123 6.8032215168151846e-06 6.857344724385837e-05 0.0005023515704622095 1.055655592729569e-05 0.00021621217379598148 0.00012014938735518629 0.001358048701818471 0.00015564466016874354 0.00012796242756523196 0.00013353438247864523 2.9623844837519662e-05 2.3492667480633578e-05 0.14381326329260205 0.08796406408941464 0.01144029429259073 0.003006971207868997 0.003618233247939752 0.0019114050180647703 0.0027652585679080535 0.001265288806004249 4.8174538466162395e-05 0.00011471802102203533 0.00020485245428230513 0.0001265185331709976 0.00023753431753732656 0.0004588946454182734 0.00018424366631751446 0.0014361299629096773 0.004494384514459093 0.00020951012753304084 0.0002376261200584818 0.0005505897396171372 0.00026439194431161783 9.265400376108024e-06 8.413768920222152e-06 4.42125861769895e-05 0.00030763931076858823 0.0004197043286611149 0.0018781945984917751 0.038743298681147356 0.0016729102497343438 0.0013208229843848349 0.005414814138995049 0.023783790150113157 0.0019565471222447797 0.02841461254464305 0.00025939561367196236 0.0002639392243873213 0.00025863362249425626 0.0003857448401445615 0.0003667346222757261 0.0006669609864281759 0.0008429920043616693 0.0 9.847080497039714e-06 0.002784892003501379 0.0079858200741984 0.002342529644296835 0.005649397801192292 0.009981412867100024 0.10273634816870669 0.1262184149512347 0.0034658158679908386 0.10283877617783016 0.0009843522534660487 7.484777255835249e-05 0.0001575235504827732 0.0004059636129300272 0.00011528656678241807 0.0 6.316328149818664e-05 1.0414544533302952e-05 6.072455104306715e-06 0.0 0.001696040089770278 0.0006061581336246498 9.292249070070827e-05 2.4545419472720952e-05 0.0 0.0 9.990781670659846e-06 0.0016621667101094305 0.0 0.0 0.0 0.0 0.0 2.475520886767427e-05 0.0 2.6904389195741778e-05 8.882300577723976e-05 2.747751857375864e-05 6.116551603105407e-05 0.0 5.476723537720206e-05 5.812859334309466e-05 9.789829148210179e-05 8.227063337190182e-06 0.0 0.0 3.730022080572448e-05 0.0 0.0 0.0 0.0 0.0 0.0 0.0 0.0 4.188671721202649e-05 0.0 0.0 1.0491619938005156e-05 0.0 7.863725764653927e-06 1.0317878773348443e-05 0.0 3.963108137006472e-05 0.0 2.1795068102719997e-05 0.0 7.965049808325204e-05 4.924919974075108e-05 0.00012407692936735338 9.331564709840258e-05 9.562045287594161e-06 8.216705904074601e-06 0.0 0.0 0.0 0.0 0.0 0.0 0.0 0.0 0.0 0.0 1.4025176933723315e-05 1.6418369515253527e-05 2.6173552275310196e-05 0.0 0.0 0.0 0.0 6.995116362461816e-06 0.0 0.0 0.0 3.992835603180429e-05 0.0 0.0 0.0 0.0 0.0 0.0 0.0 1.387718261100704e-05 1.8141433703415088e-05 0.00013686901312062388 8.201347832104473e-06 3.225157027396088e-05 0.0 1.2756059628246757e-05 4.557333063776126e-05 0.0 4.7492471936410455e-05 0.0 2.0803658606371745e-05 0.0 0.0 0.0 9.409404070902537e-06 4.929870895804385e-06 0.0 0.0 0.0 2.2928998819581946e-05 0.0 8.696593073514728e-06 0.00020650326773612718 3.145836939685279e-05 0.00021561731954080065
0.0038865142447717313 0.23358513728114097 0.06590444922928124 0.0028263716164022034 0.20754866198056404 7.196348626603013e-05 0.16515347130516564 0.040479415995389616 0.0 0.11734323091235101 0.14434399552124097 0.0006895138176437425 0.1029158240832371 0.07475822744778991 0.0003047082988153565 0.0001232140871516927 0.0001472033961716669 1.383041597113378e-05 9.446706980651451e-06 0.0 0.0 0.0 0.0 0.0 5.3648201116335e-06 9.054409935934512e-06 1.4340281060532863e-05 2.1746950362303002e-05 9.761966586470935e-06 7.665018166265591e-06 0.025659052338545877 0.0015382379763438218 0.0001757819212753533 1.3967577384227337e-05 0.0 1.5097828431187402e-05 0.0001036554357568842 1.709870829957332e-05 2.2141210178862467e-05 7.708768633872397e-06 0.0 7.1956246247327e-06 0.0 5.101715638382113e-05 0.0 3.4620157398220526e-05 0.0035231012643130205 0.00017121789942020117 1.9958264088522163e-05 1.3326416899884873e-05 4.185661334201684e-05 8.103138129423362e-06 1.2079675313939442e-05 9.457038500598713e-06 0.0005808073871173092 0.0010100604410948689 0.0027952635785779157 0.017522874392207646 0.002227965890392146 0.0012422846873202263 5.7176128325577e-05 5.5146153392850576e-05 1.1187765755002064e-05 0.004856146671821873 0.0004624069554238621 0.00026386893341166524 0.00023500596849877284 9.160596977352318e-05 0.0 0.0 2.8454388974782135e-05 7.480725521046787e-06 0.0 0.003179858997053329 0.006169882980786347 0.0011015347981877942 0.0012419412564846485 0.00022924717482069505 0.0001351356695401676 0.000386139828844309 5.052737068539747e-05 0.00017995442227557458 0.0014944251399592854 6.787149627452525e-05 8.233912368367542e-05 0.0007596992507731657 2.5744535668447522e-05 0.0 7.256208648061319e-05 0.0 2.192515642612498e-05 0.0 1.7392227962433322e-05 3.738015027473316e-05 1.0107250514899638e-05 0.00021640005993475166 0.0 0.0 0.0 0.001592838744925084 0.0 8.30390190758655e-06 0.0 0.0 8.87715844091775e-06 0.0 0.0 0.0 7.16127027195987e-05 0.0004477000409973613 1.564648673882989e-05 6.178779907358903e-05 0.00012430524908818504 0.00021195375617960523 0.0002231582148360619 6.492444889115603e-06 0.0 0.0 0.0 0.0 0.0 0.0 0.0 0.0 1.1437455402854833e-05 0.0 0.0 0.0 0.0 0.0 0.0 8.76832614711961e-06 0.0 0.0 2.2225857652401424e-05 0.0 0.0 0.0 0.0 0.000173274215389844 0.0 4.101509284283157e-05 1.0448052067840256e-05 2.5790838884450066e-05 0.0 0.0 0.0 0.0 0.0 0.0 0.0 0.0 2.356914145877795e-05 0.0 0.0 0.0 0.0 0.0 0.0 0.0 0.0 0.0 0.0 4.771081448480588e-05 0.0 0.0 0.00018820297425825472 3.0119868679243254e-05 0.0 0.0 0.0 0.0 0.0 0.0 0.0 0.0 0.0001764406087035914 0.0 9.75629582103092e-06 0.0 0.0 8.945167370392322e-05 0.0 1.8608543872976436e-05 0.0 0.0 0.0 0.0 0.0 0.0 0.0 0.0 0.0 0.0 0.0 0.0 0.0 0.000432526874549013 3.577310476484074e-05 6.251235174938635e-05
0.27592874600788747 0.11573958744831718 0.012533259047073047 0.07889569671176049 0.017863245221285445 0.03984586639057847 0.1289792173692876 0.006350236209735574 0.11734323091235101 0.0 0.027655712909160097 0.09254470431432571 1.0542001012117272 0.20393280984846415 0.0005222659035948944 0.00020314314757599583 0.00018284327290131274 2.443372045934808e-05 0.0 0.0 7.612698274157501e-06 6.768795571381964e-06 1.631723704823829e-05 7.089662063668396e-06 0.00011210806539011374 0.0 4.346361485978628e-05 1.836834507367998e-05 9.856405019213299e-06 0.0 0.035603276952024705 0.0004952920038317053 0.007498216526391077 2.673990325059918e-05 8.8162811769448e-06 0.00027102431488599204 0.013645162644012571 0.00040523064269294766 0.0013451723635076087 3.1770469404032316e-05 2.4061507927977055e-05 8.157580490806667e-06 0.0 8.840369335059818e-05 6.7560661794170805e-06 3.4197076112167504e-05 0.005483834230730496 0.0005528155837523728 8.73660505435387e-05 1.798930954482628e-05 9.756160952029274e-05 0.0 0.0 0.0 0.0016636390939230251 0.002714645959471248 0.034238560816704594 0.11593910221960144 0.01205761751493494 0.0036170112443900788 5.035494476469112e-05 0.00040052428161209197 2.9219694627506257e-05 0.0052185992801309375 0.0014705363454073938 0.0006194492613090172 0.0009798896449043405 0.00022146875580879272 7.826862173502865e-06 9.564743270258882e-06 0.03548484674007454 7.059663654227507e-05 8.746070351320947e-06 0.011249747974551269 0.011314499541028112 0.0014688922931812927 0.0015036797013994521 0.00018084399723883557 0.00019557254192930436 0.0013307902908342047 8.459558633649624e-05 0.000563205921770671 0.00456920088748902 0.0003483221485829713 0.0003471302006927611 0.001967519204262982 7.11098685356607e-05 6.60663156664749e-06 0.0001690660934252875 0.0 2.6709395014637327e-05 0.0 8.752635422384028e-06 2.5131093837365335e-05 8.04993839485593e-06 0.02626890571769447 0.0029596333875290337 0.0 0.0014282483305430803 0.1243696798424064 0.00010169618931051628 0.0011631145982855715 0.0003552978879218456 0.00019649805243071133 0.000620294716090049 0.0005365679018663367 0.0017426387592812001 0.0004933536632858559 0.007006719502444507 0.011911661496427105 0.0011503255674651083 0.004792360311204515 0.006751123303425253 0.006697091859204687 0.008466912658240738 3.965475094011654e-05 0.0 0.0 0.0 0.0 0.0 0.0 1.011089161636495e-05 0.0 0.0 0.0 0.0 1.462806909213888e-05 0.0 0.0 0.0 8.094374054843749e-06 2.21833642747742e-05 0.0 0.00025736129075064394 0.00040219813970676687 0.0 0.0 4.325800170335574e-05 0.0029828404955105376 0.0003151438583255377 0.00268591788646001 0.0006032767086282158 2.4951076262288028e-05 0.0 0.0 0.0 0.0 0.0 0.0 0.0 2.188395027006841e-05 1.0327278624499716e-05 6.821580695256228e-06 0.0 0.0 0.0 0.0 1.207525139373804e-05 0.0 5.275416667759512e-06 7.1147038263777055e-06 8.579981043954158e-05 0.00024998303553925606 4.201435342654991e-05 6.328614607394768e-06 0.0020894594898520505 0.0005531093667653388 1.2969314758805345e-05 1.988522209860105e-05 0.0 0.0 0.0 6.97573029939699e-06 0.0 0.0 0.005936082048738314 0.00011592775498782432 0.0 0.0 0.0 0.0021268199382846443 0.0 0.0007463479138421995 6.377428447828735e-05 0.00016730225938650815 4.4186694703411916e-05 2.1703201099959847e-05 7.779975007265315e-06 0.0 0.0 0.0 0.0 8.59859127881203e-06 0.0 8.752589622365603e-06 0.0 0.013608395351618683 0.0005999870710806599 0.002241974846887762
0.008431016998652887 0.09289165154545138 0.25596288087297747 0.00022658718387390058 0.17674164620927157 8.083534516270987e-06 0.05222836965947128 0.19890617062898766 0.14434399552124097 0.027655712909160097 0.0 0.0014096184866483747 0.08718514843632125 0.1379003219864133 0.0008649572562934047 0.0006374838956970839 0.0005107213575042054 4.693918782690637e-05 4.6571827084329984e-05 6.8767323542933995e-06 4.0486852303932256e-05 0.0 4.591117025529936e-05 1.10758112257369e-05 0.00025137509817315783 7.538623493820755e-05 3.4049662726527125e-05 4.368225450566969e-05 2.326210054573966e-05 8.089510816044494e-06 0.100928463034314 0.025102591632568668 0.014765415821749126 0.0002752818309651633 0.0004887007044238596 0.00046886836055574926 0.005532662519563699 0.0022258470772841933 0.00011830352668865952 9.525429137068998e-05 4.770413491369672e-05 2.4413055008926272e-05 1.2377910570802443e-05 0.0002311740521040364 5.759434757809441e-05 0.00012649792918902156 0.005040378932729534 0.00022105146159612135 4.524597139023033e-05 9.959194301895289e-05 8.272930850385811e-05 0.0 2.9097819573196082e-05 2.7065003231431428e-05 0.0003858913733864266 0.0007900005604438486 0.002663011630664054 0.02653148158460944 0.002200417614405701 0.0015601718621931963 0.00024185111932983032 0.012815469750097697 0.00025457413062898775 0.009435090726797693 0.00041351617126024535 0.00018794769821341696 0.0003233683975393437 0.00014999316147068734 7.561966618214891e-05 1.6895631620479335e-05 0.001626251145592522 0.0 9.4360837869026e-06 0.003156325765520845 0.007284341531754084 0.0021972472768666818 0.0030105776140124533 0.001132161952089609 0.014775485041977668 0.15871728964906742 0.00042003723362798296 0.030327611664590137 0.0014419541746825031 4.617855016027134e-05 0.00016039932339535366 0.0006167890124358031 5.052180568184212e-05 5.791453309642258e-06 7.857169431752257e-05 7.123298561415492e-06 4.036711960574739e-05 5.063660885172737e-06 0.00015133830921728767 6.523845200962775e-05 6.5292379723435525e-06 0.00017338512013447617 3.117748632065717e-05 0.0 1.3907024938806163e-05 0.0019054616581466264 3.182333588320248e-05 5.4132425426994234e-05 3.931239519970836e-05 0.0 5.652962731803267e-05 0.0 0.0 0.0 4.783357781842091e-05 0.0002712259892408375 4.5658455395702826e-05 8.248732049068371e-05 0.00019948746001007526 0.0001776424704898966 0.0003096066553813731 0.0 0.0 9.69052337877218e-06 0.0 0.0 0.0 0.0 0.0 0.0 0.0 0.0 0.0 0.0 0.0 0.0 0.0 0.0 0.0 0.0 1.6472476210712273e-05 8.727576785983717e-06 0.0 1.3574661436629754e-05 0.0 0.00017335572797264764 0.0 6.660892596115713e-05 4.888591459718329e-05 9.674388514384182e-06 0.0 0.0 0.0 0.0 0.0 0.0 0.0 0.0 0.0 0.0 1.5971372785365518e-05 1.4735408064283419e-05 9.171001114434065e-06 0.0 0.0 0.0 0.0 0.0 0.0 0.0 0.0 0.0 0.0002001630795846011 8.683699163062584e-06 0.0 0.0 0.0 0.0 0.0 9.067068819976285e-06 0.0 0.0 0.00022891172644622454 1.7803107761997065e-05 0.0 0.0 0.0 8.423868788497237e-05 0.0 2.9568202636179824e-05 0.0 7.925111649884192e-06 0.0 0.0 0.0 0.0 0.0 9.82928116356081e-06 0.0 0.0 0.0 0.0 0.0 0.0002538936297367079 4.0934012347043884e-05 7.259042825517687e-05
0.0005650654447032223 0.0006744750615942227 0.0006200295954517757 3.6964944181323085e-05 0.0001091957247786065 0.0037123171710631278 0.0004034833484871403 0.0006168361656639899 0.0006895138176437425 0.09254470431432571 0.0014096184866483747 0.0 0.1826289224868161 0.022431222482337296 0.0006981149689025321 0.0007358280214322901 0.00021355399194991498 0.0 1.7237945176660013e-05 0.0 0.0 0.0 9.22677408687917e-06 1.5975982918799753e-05 0.0008230314662419694 5.5145755053216586e-05 4.766098406475228e-05 1.2831233126920406e-05 0.0 0.0 0.0009000488465392418 0.0008069266972871306 0.00954779651316256 0.00015262847645228813 0.00022051292690044766 0.00082256278199809 0.04809822204490248 0.0022988896523608053 0.004319635266688799 0.00040598636408918317 7.638940479455177e-06 5.81283420456251e-05 0.0 0.0001849181143757794 8.200355297494518e-06 3.9461967212533244e-05 0.0016462038995169847 3.705019850510626e-05 1.5731018507059125e-05 0.0 0.0 2.6875744900003723e-05 1.601724511961572e-05 1.1247479336927756e-05 0.00014636783750909138 3.3266383579727697e-05 0.0010160064480732875 0.0006849757770543093 0.0003346456351369315 0.00040549184381385414 0.00010502364562066029 0.0006512955065422287 0.00015112162450903307 0.0007496987932459803 2.8431452205025222e-05 2.213748531157397e-05 2.619216968148673e-05 0.0 2.0383956276941698e-05 2.2469264260883552e-05 0.024974576685037567 0.00047557933300122946 1.3057512939036397e-05 0.0004770671526262989 0.0011162105896938748 0.0008127647147523541 0.001084611760077338 0.0006296510415553802 0.00042499241204712994 0.0023816250179171006 0.00010961580977924319 0.0006606555466301075 0.00023512330633809915 6.006578406742865e-06 1.857826403447492e-05 4.924385590307421e-05 1.99278453433858e-05 0.0 6.270830049929599e-06 0.0 0.0 0.0 5.577321651099343e-05 6.970971014586942e-05 0.0 0.039563627736887305 0.001230810720263204 0.0 0.001580420031358914 0.0052907632565802835 0.00014614633114363323 0.0006323425055516827 7.465196241376178e-05 7.937671099675421e-05 0.0005700319330150786 0.0 0.0006169599468427514 1.2435210009651327e-05 0.0033035126070950593 0.009496041372042276 0.0006081212953699619 0.0029811501536276502 0.005707427486985056 0.005862916369841109 0.011693106524533035 0.00010280357891669705 2.548489174816774e-05 2.162298658609961e-05 1.6032592344213056e-05 0.0 0.0 0.0 1.389898703557142e-05 0.0 0.0 0.0 0.0 0.00014399360191676914 1.2172687919792212e-05 1.7191649192239332e-05 0.0 0.0 1.4063055959493557e-05 9.099072185487199e-06 0.0004637288542374219 0.00046063419761307035 0.0 4.415426708509869e-05 0.0 0.005666553302719984 0.0005941139515170994 0.00423039250253737 0.000893389992104209 5.8110678906937854e-05 0.0 0.0 0.0 1.9953096821968984e-05 0.0 0.0 0.0 0.00014867083840432516 0.00015844088507825836 0.0 0.0 8.051817400875269e-06 4.028951870609687e-05 1.0345153889588117e-05 1.0337863249811988e-05 1.5011607485962591e-05 9.484382316866033e-06 4.2320707941943553e-05 0.00018805242116082447 0.00017571826768657893 3.1075389642727585e-05 3.8175615239594506e-05 0.003315306962154702 0.0005468891541726217 2.680814527806229e-05 6.3720143432814786e-06 6.366121809331157e-06 0.0 7.667433514606037e-06 7.643089599545988e-06 0.0 0.0 0.008725569033099408 0.00043889408772457283 2.477227419559462e-05 0.0 0.0 0.001997474634002365 6.522066051036253e-06 0.0010268074905252897 0.00015982582580929383 8.031491232168951e-05 5.7110140141126175e-05 3.235858081176272e-05 0.00010727495637403939 5.98690970935377e-06 0.0 0.0 9.780134127992754e-06 0.0 0.0 9.234593837394541e-06 0.0 0.016184431811695193 0.0015871471073319275 0.004541084900989896
0.003747051333144069 0.06355565829881463 0.012660779618960455 0.004686432547909478 0.02439465445318174 0.0018684917127238171 0.1303906105744094 0.0061845035211991395 0.1029158240832371 1.0542001012117272 0.08718514843632125 0.1826289224868161 0.0 0.14727580023362072 0.0011362933885522514 0.0013957238837593042 0.0006266248740375385 4.773984145175056e-05 2.1277471849683288e-05 9.381852346656808e-06 4.774995180581934e-05 1.979933350482578e-05 2.2599724408122384e-05 3.4360009075106175e-05 0.0013813835659382302 3.9246964449692394e-05 5.966821941796026e-05 6.0665534706158897e-05 9.636874743760933e-05 1.6172404132057443e-05 0.010469547568267156 0.0022276077749256583 0.02876809255450437 0.00026563473022228715 0.0007418972343773973 0.0017639971320423883 0.05173619713286076 0.0032896435503715336 0.005282682265170299 0.0008286330893225849 5.8859385066139626e-05 5.824360743411742e-05 0.0 0.0003439345978146272 1.575770123621829e-05 9.23724282609217e-05 0.005514927350102727 0.00011337521208953413 8.398819432626977e-06 2.8376965851518946e-05 1.4679823112966608e-05 6.370555251115338e-05 0.0002225617636065543 0.0 0.00026673186182960294 0.0004437316278924305 0.002137598202459058 0.0077574608035442414 0.0017379642653710637 0.00145617306008234 0.00042874027606725103 0.004463274440944512 0.00027230165811583165 0.0032348455717319587 0.00029220700811726977 0.00015839135356358815 0.0002766055548491946 0.00011375596632434259 3.1167381992906594e-05 5.018650193900876e-05 0.045096765972202975 0.0008193743426044177 0.0 0.0023791046453133357 0.004442980609461735 0.0021867028591495345 0.0024643856891888435 0.0011558401277238452 0.0022189806143787703 0.014036977464553867 0.0002992079648860294 0.0050116501703074915 0.0009191232356575863 4.3110426812387197e-05 9.973703928523972e-05 0.0002786450281633751 1.2838782898379763e-05 0.0 2.2493444260088166e-05 0.0 1.3458908518993871e-05 0.0 0.00013343396774612935 9.32707407829622e-05 1.0885274712215857e-05 0.0516460504583403 0.0016760290480907797 5.20295826649431e-05 0.002539053030766689 0.004279188506274686 0.00016818409595454969 0.000520583469446768 8.336610894697227e-05 8.816497823084617e-05 0.0009432455370837131 0.0005081423162820935 0.0006940212957603499 0.00046863290567415137 0.013899636511169627 0.009725737011603973 0.0009501962430967235 0.005411608008138995 0.007032006090357606 0.012131942076820893 0.0118348026275831 8.482966420438207e-05 0.0 0.0 1.8269398352281216e-05 0.0 0.0 0.0 9.923367056687614e-06 0.0 0.0 0.0 1.4216665605522275e-05 9.04570467822067e-05 0.0 0.0 1.4373965768825678e-05 7.650155457652708e-06 2.1443674692885245e-05 5.4270408829892277e-05 0.0007769187180529158 0.0003703170487950585 0.0 9.670770915559898e-05 8.878608373080204e-06 0.00560472187611568 0.0006247824122144847 0.004672230017033329 0.000990146216737227 0.00020939067987970746 0.0 1.2716839144041932e-05 0.0 2.8176011641700176e-05 8.302688809729935e-06 1.7942092136350573e-05 0.0 0.00010861600321109464 0.0002275016499419155 0.0 0.0 1.8699414725335703e-05 8.123158161164374e-05 0.0 1.1799825148685819e-05 0.0 6.977086823627116e-06 5.1104399392615155e-05 0.00024714383454402516 8.051174211932216e-05 0.00014759068474331558 2.7639205896722327e-05 0.00303796242129627 0.000747149119477792 2.710926111503191e-05 1.855816204480619e-05 0.0 0.0 0.0 1.6447284392679416e-05 0.0 1.4560233238523438e-05 0.00831423147741724 0.0004307224201123075 2.1601468411650432e-05 0.0 0.0 0.00263115413248684 0.00012393897790394186 0.001298466570164103 0.00015664855981222355 0.0001716772723998067 8.181027870505917e-05 3.261797042141385e-05 1.4107253579911884e-05 0.0 0.0 2.1989138449242135e-05 0.0 0.0 0.0 0.0 0.0 0.01603776640242687 0.001638452325342201 0.005389562483840745
