0.0 0.15995954170055096 0.016119739700494025 0.1457691100376186 0.04738719516769009 0.007614579751506891 0.10668135132955793 0.003006971071658075 0.0036809011737754947 0.09703857974263344 0.02426449251508667 0.011601650527920945 0.019697907781025707 0.015382455998991827 0.00016641646337724317 9.810680764548228e-05 1.7390625977678947e-05 1.0983028198875933e-05 0.0 8.496207590591802e-06 1.1062137723872818e-05 0.0 0.0 0.0 1.961066996909334e-05 0.0 0.0 0.0 2.0943374622945427e-05 0.0 0.04849495151577388 2.2512778948466117e-05 0.0006822390746055563 0.0 0.0 1.2138803928903826e-05 0.001004321892798224 5.112010530901479e-05 8.73352354681029e-05 0.0 0.0 0.0 0.0 3.977356081357558e-05 0.0 1.7791142244200274e-05 0.0012040918266258038 0.00014090539903506466 2.3222682067210646e-05 2.7215586205858912e-05 1.5542389528485203e-05 0.00023298214577358107 2.6487355338198873e-05 7.134475690206348e-06 0.0005095533324922833 0.00047328194041812476 0.0044874012304946705 0.02576199190638878 0.0027613478973678384 0.002542054416016482 5.2347220351555144e-05 0.00010031806937853235 0.0 0.001333110156060073 0.0004229111657849885 0.00036228977582419917 0.00011696087944181317 8.670223308040633e-05 2.9682665559217332e-05 3.421135207841238e-05 0.0024191041167640134 0.0016855385542867037 0.00019757692199376238 0.009540049958954524 0.0030616786557297903 0.0035253567081579658 0.0001253775368680255 0.0001906306161110293 3.799031969095652e-05 0.004376158269839405 0.00010786022554138806 0.0004437970405302563 0.00034784129391584776 5.152393451204886e-05 0.00015006002108342766 0.0004133350039851043 0.00010396896459482359 0.00016239170090946945 0.0002175629846610691 0.00021284467208738809 1.792266495875956e-05 0.00010893576165396094 1.6295701223450713e-05 0.0 0.0 0.014043362752351216 0.0007030369242562411 0.00030452898417059987 2.8963064812305662e-05 0.04242811118089629 0.0 0.0 0.0 0.0005381950043012438 0.0 8.817364195487524e-05 0.0 0.0 0.00046219562604267727 0.00010863053187304925 0.0 0.0003480234189244006 0.00030628710528666115 0.00014511676922843573 7.102087576178901e-05 0.0 0.0 0.0 0.0 0.0 0.0 0.0 0.0 0.0 0.0 0.0 0.0 0.0 0.0 0.0 0.0 1.9491192076086746e-05 9.34706748254754e-06 0.0 2.4030837591843203e-05 0.0 0.0 0.0 0.0 0.0 0.0 3.095404399802803e-05 2.2556000278390574e-05 7.366718085903287e-06 0.0 0.0 0.0 0.0 0.0 0.0 0.0 0.0 0.0 0.0 0.0 0.0 6.979765676515223e-05 0.0 7.270389025126322e-06 0.0 0.0 0.0 0.0 0.0 0.0 0.0 1.7606525028146397e-05 0.0 0.0 0.0 5.971172964350945e-06 0.0 0.0 1.175263388338951e-05 0.0 0.0 3.691301033560266e-05 5.1083755104058544e-05 0.0 0.0 0.0 1.120853278082664e-05 0.0 0.0 0.0 0.0 0.0 0.0 0.0 0.0 0.0 0.0 0.0 0.0 0.0 0.0 0.0 7.23118260179799e-05 0.0001068065779102934 2.2263526651429776e-05
0.15995954170055096 0.0 0.09961475675751026 0.07234646312488681 0.11409155196821627 0.01003746539576421 0.19092329399571445 0.013325702913540871 0.025004401331816504 0.03571959829485143 0.1663781880356155 0.010078193162687241 0.12787393675107922 0.11039078923936659 0.0021463090640311566 0.00048262134708480136 9.331114657787037e-05 2.5858524777636018e-05 0.0 3.0255328336679552e-05 3.7674333933245116e-05 0.0 0.0 0.0 1.8067715200600015e-05 0.0 0.0 2.3266300786693767e-05 8.849659907538209e-06 2.248075321708103e-05 0.1316102037040821 0.00021229271834326453 0.0029419200169220235 0.0 2.4763786760882852e-05 2.956382420185465e-05 0.0021998602378724866 2.3667147787162766e-05 0.00010150887543065455 1.5205295821412023e-05 9.073151591801243e-06 4.1715888526774213e-05 2.14380915500851e-05 0.00012380326261233075 9.807724918934677e-06 9.125051024337546e-05 0.010025178245448059 0.00064375606564097 4.288247060692613e-05 0.00013090734436156762 0.00010513076935030683 0.00011207987680398733 0.0 3.793942940401778e-05 0.0021955287262829266 0.0012861357030913847 0.004815677034733962 0.03191531780799355 0.0067537770776438175 0.013081292671403852 9.703444759644994e-05 0.00013746996935335866 1.9976207813309062e-05 0.006851326835189455 0.0011697817642021917 0.0010850827332165706 0.0004560043303009364 0.00018490683824539322 0.0001857663572609204 8.821809972094248e-05 0.001936100208195478 0.0007857354478655179 6.0267465457529904e-05 0.026248138637192015 0.013920909238893933 0.02322839098189267 0.0021748937407133255 0.0006898766902533173 8.423613677010464e-05 0.016532228774049456 0.0003730284043562833 0.0013509289145889037 0.0016210344129094125 7.783663281423332e-05 0.0005615002696175448 0.0008619785546553733 0.0004968817930057228 2.5366713729842725e-05 0.0002368734779551496 5.9236790097618996e-05 0.0001685584165042195 2.7921906203896522e-05 0.0001390752023418412 5.455085688623634e-05 0.000146725441849974 0.004431581618653061 0.000310177047876828 5.8791163755921285e-05 8.757257727245149e-05 0.05170094698690056 0.0 0.0 0.00010918228157976809 5.212530652263322e-05 0.0 0.0007087104839880841 2.6628320252553412e-05 0.0002154482499203431 0.00019885678401274155 0.00023296173389197378 3.768716997216493e-05 0.0014315663887006624 0.0009759066338175165 0.0012037186722331844 9.989117733409508e-05 1.7368994959858403e-05 3.40172870655272e-05 0.0 0.0 0.0 0.0 0.0 0.0 0.0 0.0 0.0 0.0 9.546490894206435e-06 0.0 0.0 0.0 0.0 0.0 0.0 0.0 0.0 0.0 0.0 0.0 0.0007374934662011698 0.0 0.00031249824150351204 0.00030605804607800513 7.179184457898846e-05 0.0 0.0 0.0 0.0 0.0 0.0 0.0 0.0 0.00011772686028226028 0.0 0.0 0.0 0.0 0.0 2.0920025315061363e-05 2.272050225574716e-05 0.0 0.0 0.0 0.0 0.0 0.0 7.995117674691258e-05 0.0 0.0 0.0 0.0 6.662250197972625e-06 0.0 0.0 8.957662350203555e-06 0.0 0.0006855374155747743 0.0 0.0 0.0 0.0 8.481884978900438e-05 0.0 8.523496601260508e-05 3.6163224264519315e-05 0.0 0.0 0.0 0.0 0.0 7.370677225667624e-06 0.0 0.0 0.0 0.0 0.0 0.0 0.0006765044323841498 0.0007204015168928453 0.0006199851299792781
0.016119739700494025 0.09961475675751026 0.0 0.0014155665142375799 0.010143539437668483 0.0004827052685343261 0.0025788271656466276 0.11985169753412567 0.008106992671991093 0.000393861983958567 0.06313361836301248 0.0013343255488738653 0.015475476618693633 0.023155665737931288 0.001138901149246404 0.0003873869734424425 0.0 4.006667097618028e-05 0.0 5.511435375395497e-05 0.0001785416420851459 2.6947074507817543e-05 0.0002070020447232459 0.0005194778115829601 0.000543140074175305 8.310253191746422e-06 0.00023266596004903672 0.00011500418210182042 0.00024503808812805715 0.0003639441172068747 0.27035085993207575 0.006769296022205985 0.0019311679051606185 0.0 0.00020060073190709152 0.0006771122481096778 0.001303666536348267 0.0003262170602117993 0.00012120714562841363 0.00021477821601575804 0.0005847812030917264 0.0003305416477589583 7.69643143949313e-05 0.0001240412638492888 0.0 7.162643282886503e-05 0.003287664945060599 0.00021115178697045104 5.579213039466572e-06 7.395203030526768e-05 9.836002417049754e-05 0.00017306045553484 4.149397113610208e-05 0.00026567728368640143 0.0002174608855649589 0.0002571966266972077 0.001872079862910375 0.014905154699280993 0.0014071083619126498 0.002584852452790675 0.00028996096738123856 0.0005507065988154251 9.336191627412354e-05 0.006110456913240019 0.00026730544569624376 0.00021704784160532132 0.00010299430640686177 0.00016230256658410796 0.00027997006317569015 0.000666497631578612 0.000861963225900131 0.0002121847718709596 2.023110548442141e-05 0.005840776258957579 0.005515826006441434 0.007358458099692194 0.0014761377038733279 0.00032427134883590526 0.009036504976975241 0.04414102831674587 0.0006707647355303802 0.033610460365263856 0.00029501624900073555 7.185986739323797e-06 0.00012187603570236128 0.00017387225422111152 0.00016819633661063201 4.059617653522174e-05 5.8545320053831774e-05 3.748177197894674e-05 0.00011882687783046114 0.00011213340940075725 0.0017283734490696682 0.00035289514981761956 0.0004013814873901145 0.0003878780685784445 0.0001629586613248524 0.0 0.0001450699947982704 0.0152589925197168 0.0 0.0 0.0 0.0 0.0 0.0 0.0 0.0 8.565966198362985e-05 0.0 1.3437881081421178e-05 0.00012005374456813005 6.134605195474323e-05 4.6701246375054776e-05 2.14725362186813e-05 0.0 0.0 0.0 0.0 0.0 0.0 0.0 0.0 0.0 0.0 3.6231085782366656e-05 0.0 0.0 0.0 0.0 0.0 1.2979865954865197e-05 2.1539238641247427e-05 0.0 0.0 0.0 0.0 0.0 0.0 6.390452632720083e-05 0.0 2.5371387254934027e-05 6.925645594489966e-05 1.3808382478959246e-05 1.1692276464404071e-05 9.706503031018027e-06 3.104328466707424e-05 0.0 1.0816212101528575e-05 6.280964329633216e-06 0.0 0.0 0.0 0.0 0.0 1.1909235898789898e-05 0.000110291713342584 0.00012223760117745472 0.0 0.0 0.0 0.0 0.0 0.0 0.0 0.0 0.0 0.0 0.0 0.0 8.495789848174826e-06 0.0 0.0 8.49517163010341e-06 1.8550238221499815e-05 0.0 0.00011161484248541885 1.9740667745743127e-05 0.0 2.814603900319658e-05 1.8638026714105015e-05 0.0 0.0 1.1086215155263206e-05 0.0 0.0 2.0102755271652476e-05 0.0 0.0 0.0 0.0 0.0 0.0 7.546699938475208e-06 8.400069337861574e-06 1.1299986314393489e-05 0.0 5.0861138592703184e-05 0.0002481498722538236 0.00014670661800013704
0.1457691100376186 0.07234646312488681 0.0014155665142375799 0.0 0.01687205163609141 0.02489575404139991 0.044402049403764535 0.00011919395689487303 0.000893323751587453 0.15149734361103867 0.0002158869562902126 0.0673112194266313 0.039192312532392186 0.0017713144081943646 0.0002682195983981759 2.2560970955213333e-05 2.7797271914235026e-05 2.287755763106658e-05 0.0 1.253789905709309e-05 2.0957767655526568e-05 0.0 0.0 0.0 0.0 0.0 0.0 0.0 0.0 0.0 0.01132508088089597 0.00010968964170249497 6.211388439647583e-05 0.0 0.0 0.0 9.185835191879776e-06 0.0 1.1866437908318456e-05 0.0 0.0 6.379679254226528e-06 6.8355268013716265e-06 2.0945473002638027e-05 0.0 0.0 0.0023062673085092094 0.00023128372417036006 3.0295769974979206e-05 3.1214680157543185e-05 4.3192204475383656e-05 2.4081025705169972e-05 0.0 0.0 0.0006984578084423482 0.00032910745764767435 0.0013560351485715574 0.006943672085484866 0.0021099290263640103 0.003513541717696083 3.30607907506856e-05 0.0 0.0 0.001527963782164146 0.0003995703374105267 0.0003449459034150058 0.00010395235615361452 4.276395947468965e-05 4.418516853293829e-05 1.4247800690048466e-05 0.00031079870965186975 0.00016384671606538455 3.7615616445818665e-05 0.008389075717017587 0.0028876054495973603 0.004999226505240615 0.00028027940677808943 0.00014090411171677607 6.2226554258375e-06 0.00010876055661723628 0.00011984895156362535 0.00010588827118997858 0.0004986284783595167 7.962195908718706e-05 0.00014176501625313327 0.00025614954184527774 0.00019318207332676032 7.803049684264256e-05 7.797470253449207e-05 7.803965257595698e-05 3.5084728846346955e-05 3.347501822903442e-05 1.474129441040321e-05 3.204485645723308e-05 4.604274490881424e-05 0.003921533681174358 6.959727880443823e-05 0.0 1.2480092868897828e-05 0.016964661799699517 0.0 0.0 5.051293883966724e-05 0.0006863813163156495 0.0 0.0003565160530618932 0.0002698552695950947 3.634163538525053e-05 0.00045709520890693095 8.481095796819146e-05 0.0 0.0004409098903929259 0.0009080118578732133 0.000286014530344595 0.0 0.0 0.0 0.0 0.0 0.0 0.0 0.0 0.0 0.0 0.0 0.0 1.3020147823227048e-05 0.0 0.0 0.0 0.0 0.0 0.0 6.714013622533218e-06 0.0 0.0 0.0 0.0 0.0 5.756154683827217e-05 0.0 0.0 0.0 0.0 0.0 0.0 0.0 0.0 0.0 0.0 0.0 0.0 0.0 0.0 0.0 0.0 6.5525157270643986e-06 0.0 0.0 0.0 5.779382892204283e-06 0.0 0.0 0.0 0.0 0.0 0.0 0.0 0.0 0.0 0.0 0.0 0.0 0.0 0.0 0.0 6.240569604671984e-05 0.0 0.0 0.0 0.0 0.0 0.0 0.0 0.0 0.0 9.41770553732665e-05 0.0 0.0 0.0 9.735901717215706e-06 6.712383867403391e-06 0.0 0.0 7.1478653268724156e-06 0.0 0.0 5.273156830742852e-05 6.713352866987919e-05 0.0
0.04738719516769009 0.11409155196821627 0.010143539437668483 0.01687205163609141 0.0 0.0003093251698331349 0.10754130003208581 0.000452327363581961 0.17412828451403342 0.006316467229833032 0.09028043189426284 0.004468720492798563 0.07672197245554166 0.15932359932313506 0.0026796974630240488 0.00037196413762136116 8.573671179936494e-05 2.6294870215940648e-05 0.0 0.0 4.258659652616182e-05 0.0 0.0 0.0 2.9528105953149177e-05 1.8592472946617302e-05 6.462883774317025e-06 0.0 0.0 0.0 0.029325185512865233 0.00016235168769883742 0.0009234638664637657 0.0 0.0 0.0 0.0010716085090536932 1.9551724020832264e-05 0.0 2.2487448798646247e-05 3.153092897594835e-05 0.0 0.0 3.929117568329088e-05 7.262708365218502e-06 2.2606875809507047e-05 0.008495910491268967 0.00025599985776641966 5.8633646370718037e-05 3.525120861271061e-05 4.791803335964158e-05 0.0 8.325284795257302e-06 1.0983903371783613e-05 0.0007016463157204741 0.0003409953576450893 0.0008556315300358538 0.002455498406520198 0.0017289606356468265 0.005839621562437863 4.6571601720496805e-05 0.0001331079193175363 0.0 0.002025533135938394 0.0003703713208940956 0.0004186696738701279 0.00010929466548400787 0.00010003128183136417 6.865332188560646e-05 2.9730325847540988e-05 0.0031071313514319247 0.0004724627658559988 0.0 0.006622946598395796 0.005055463054034837 0.015211413269860287 0.0019043566651203952 0.00037240098831937355 4.33124344065051e-05 0.0009062173412670865 0.00018697268287633164 0.0003355836903529408 0.0007838343168816626 2.822047958249528e-05 0.0002356125471473351 0.000334882364437513 0.00021896149315879258 1.4362805533618181e-05 4.716816028008892e-05 8.073834389522599e-06 0.0001079778014597848 8.578073401426425e-06 1.324193037621282e-05 4.0556793754376086e-05 4.315604914904581e-05 0.0016908539047297902 0.0005629059876065061 0.0 0.00017438832333191277 0.002857674585510346 1.5035424760031112e-05 0.00015147679118327712 9.875787930079372e-06 4.57918104480379e-05 0.0 0.0032321868613050682 1.7672266795799906e-05 0.0004253233173531393 0.0014503669853970476 0.0005774833529725143 5.3498224862771796e-05 0.003713859469058154 0.003773923287377103 0.0035939721223361325 0.0004071425598333329 5.759886583928436e-05 0.0 0.0 1.3154077772103918e-05 0.0 0.0 0.0 0.0 0.0 0.0 0.0 0.0 4.516697362709853e-05 0.0 0.0 0.0 0.0 0.0 0.0 4.967578710661025e-05 2.1879465162037224e-05 0.0 0.0 0.0 0.0024087238120055147 0.00010149589539526218 0.0010429663696378128 0.0004967993420502116 0.00016531033590097509 0.0 0.0 0.0 0.0 0.0 0.0 0.0 9.749321170819203e-05 0.0001350571044175238 0.0 0.0 1.3315586861644808e-05 3.3354140059375535e-05 0.0 6.81414663252985e-06 4.71979619528813e-05 0.0 0.00021517988628934597 5.139064974878068e-05 0.0 0.0 0.0 0.0009865697308570958 0.0 7.547611135942107e-05 1.4369080319837667e-05 1.9118869606550657e-05 0.0 0.0 0.0 0.0 0.0 0.006131116001173262 0.0 0.0 0.0 0.0 0.0004934279256696665 0.0 0.00010387492981000059 0.00010878442594065034 5.264346994255542e-05 0.0001333146046290431 0.0 4.161949077510042e-05 0.0 1.2674032202882895e-05 0.0 0.0 0.0 0.0 0.0 0.0 0.0023170239157386885 0.0032999381546864426 0.0015714589180739157
0.007614579751506891 0.01003746539576421 0.0004827052685343261 0.02489575404139991 0.0003093251698331349 0.0 0.007676473241924146 8.019904199665454e-05 0.00024741445224778414 0.07877394293119536 0.000252480336688822 0.020174918625604304 0.009437383494862986 0.0006179751834560676 7.911288678025412e-05 2.0057483391252463e-05 4.467538696956819e-05 0.0 0.0 0.0 0.0 0.0 0.0 0.0 0.0 0.0 0.0 0.0 0.0 0.0 0.009172403229409556 2.7477877052755323e-05 0.0003979546496675476 0.0 0.0 0.0 0.0006546989895501729 0.0 2.186091353168022e-05 0.0 0.0 0.0 7.898516394434285e-06 0.0 0.0 0.0 9.493088861022646e-05 1.0369807771821656e-05 0.0 0.0 1.074996965356044e-05 0.0009648146613474569 0.0 0.0 2.8057739653847592e-05 0.0001490250665350554 0.0020392126115539094 0.0026499031671251717 0.0001648082873654478 0.0001908460684162567 0.0 0.00017044024839899612 0.0 6.290357377275632e-05 6.594097125429871e-06 6.565597323219817e-05 7.245499412924742e-05 0.0 0.0 0.0 0.0062430948977795254 0.01132739348663409 0.0014525514078158341 0.00044285481055145285 8.959341817189827e-05 0.00014994510935418477 0.0 0.0 0.0 0.0007850378465231624 0.0 0.0002959702205435028 2.5885843910535037e-05 0.0007281572315274614 0.0 0.0009805376865640871 9.553932916850472e-06 0.0014552582321372867 0.0012211291646358673 0.0014824566690247267 0.00011952520729632311 0.000779875775491356 0.0 5.899259802998201e-05 6.368964797257805e-05 0.011674321282701221 0.004483701575426885 0.0015904606875101325 0.00010492916920045075 0.007043890520498432 0.0 0.0 0.0 0.0007557193241285446 0.0 8.183608548504543e-06 0.0 0.0 6.840675158647499e-05 2.8724343084163135e-05 0.0 2.5934755899645255e-05 1.3149838271716243e-05 8.682862636584796e-05 0.0 3.97268326861629e-05 0.0 0.0 0.0 0.0 0.0 2.884202941681627e-05 0.0 0.0 0.0 0.0 0.0 9.722254108070456e-06 0.0 0.0 0.0 1.7709910933723725e-05 1.0365817593948378e-05 4.0310592350801634e-05 0.0 0.0 0.0 0.0 0.0 9.703079680248912e-06 0.0 1.2914331277545074e-05 8.264131477747332e-05 5.7210971906670496e-05 0.0 0.0 0.0 0.0 0.0 1.137595437570896e-05 1.569273761934587e-05 0.0 0.0 0.0 1.069128931010042e-05 0.0 0.00030384157299558274 0.0 7.4821416895329004e-06 0.0 0.0 0.0 0.0 0.0 1.1025292944459438e-05 0.0 0.0 7.495608158239108e-06 0.0 0.0 0.0 0.0 0.0 0.0 0.0 0.0 7.094659189949937e-05 0.0002283122852144123 0.0 1.2018888958264848e-05 0.0 0.0 0.0 0.0 0.0 0.0 7.005589688442184e-06 0.0 1.3896685390058448e-05 0.0 0.0 0.0 1.3246717877310716e-05 0.0 1.5538201419064783e-05 1.1119016839371682e-05 0.0 2.5654188694800577e-05 6.892448556108664e-05 0.00013225529177983569
0.10668135132955793 0.19092329399571445 0.0025788271656466276 0.044402049403764535 0.10754130003208581 0.007676473241924146 0.0 0.00033429164002475776 0.05504522128406119 0.09385493335852166 0.005854812122789853 0.019167867679092777 0.44426249396862144 0.18133955519404757 0.0030266499593200363 0.0005339913493676397 6.304121353888313e-05 2.1311493718417352e-05 1.743284442050978e-05 9.621525776968014e-06 1.564261768809447e-05 0.0 0.0 1.4202380233782723e-05 6.756407608767043e-06 0.0 0.0 8.329895226487822e-06 0.0 1.928061326278367e-05 0.026875224792430034 0.0003217487646938059 0.0007909236188940101 0.0 0.0 8.665300663963508e-06 0.0008735148218813753 6.722515825567048e-05 4.7515010638618365e-05 6.444443575859308e-05 2.1858807010844286e-05 0.0 1.5040040788297673e-05 4.1862987283804386e-05 0.0 3.998917441520511e-05 0.013854394985626461 0.0007403124764953151 0.00011205251900065749 0.00010188977917407902 0.00012079649974430736 3.481835216314317e-05 7.753186809613416e-06 7.38938369039429e-05 0.002026064952564498 0.0011451641058758183 0.0033932276926346362 0.009592723873211372 0.006413117977203325 0.014939312027749927 6.793855748665262e-05 0.00038660636703800796 0.0 0.0045326745941092345 0.0014476319972990756 0.0012186672864554523 0.00037312724292449086 0.00030413159817368785 0.00018370069326159951 7.42347640718803e-05 0.0028570719999605845 0.0003221625937649532 6.871949004564171e-05 0.023787078418308568 0.010523134406312288 0.026674700030110722 0.002458967193010223 0.0007203762081135267 0.00012240375682454969 0.000795423183525881 0.00024878089176429857 0.00038951307576336067 0.0019182313714587557 5.818609566626634e-05 0.0004691436166332576 0.0008835559849264332 0.000565649485234541 9.924642422364846e-05 0.00031471232516036796 5.6091600825494854e-05 0.00022694920137541303 0.00013613681541015923 0.00013219659668055333 4.0851030956510154e-05 0.00010082511912016996 0.004130748901816979 0.0003365252517403485 3.7951353126063475e-05 8.836228038691132e-06 0.008324627101290717 6.260013046398349e-05 0.0001222502850787586 0.0012808857769113615 0.00045575637244568907 3.784243785770256e-05 0.006825416157738841 0.0002327894581403826 0.0013931263268112345 0.0034109680733237268 0.0011533741558402068 6.161725480947571e-05 0.009777653754454132 0.007475109951000906 0.007602092553963977 0.00111290370349021 7.332291734879563e-06 2.2050237855041636e-05 0.0 0.0 0.0 0.0 0.0 0.0 0.0 0.0 0.0 0.0 0.0 0.0 0.0 0.0 0.0 2.1448544269295853e-05 0.0 0.0 9.988082790564025e-06 0.0 0.0 0.0 0.0027967493406042244 6.155585227121564e-05 0.0008229661337548935 0.000744453401375475 0.00031997018386692027 0.0 0.0 0.0 0.0 0.0 0.0 0.0 0.0003047885365404096 0.00016104762460485353 0.0 0.0 0.0 0.00020988408069610236 0.0 1.3535464895913458e-05 3.682707293546149e-05 7.368483696362386e-06 4.8916108528741363e-05 2.3998405312113207e-05 1.4371770967707332e-05 0.0 0.0 0.0009225947062992528 3.307954234787559e-05 0.0 6.825618521120884e-06 0.0 0.0 0.0 0.0 0.0 0.0 0.007655571672072182 1.3774192729913474e-05 0.0 0.0 0.0 0.0003074889207086691 0.0 0.00016807496539298036 0.00031376508430784654 9.648342092502286e-05 0.00027390598399250994 7.241139932437283e-06 8.912954243978955e-06 0.0 7.1782928500580705e-06 0.0 0.0 3.1023328180671824e-05 9.148991430109311e-06 1.1538696848463934e-05 0.0 0.00293719438495167 0.004450649962288836 0.0016026610110062317
0.003006971071658075 0.013325702913540871 0.11985169753412567 0.00011919395689487303 0.000452327363581961 8.019904199665454e-05 0.00033429164002475776 0.0 8.802048567838808e-05 0.00014089439882396514 0.11139912483743353 0.0010635783432481572 0.008553286244495978 0.015984938301756086 0.004645449227434806 0.0013882321548564335 3.0391642114086922e-05 2.2895924559234358e-05 2.408270583362414e-05 3.2773018125174836e-05 6.19857748562565e-05 0.0 5.802057146660073e-05 0.00012443523870714663 0.0005444171585379453 1.7378559276803565e-05 8.45983026545185e-05 0.0 0.0002567874106013982 0.0002202944186411574 0.20763362835491253 0.13689616595999296 0.0036820366220882772 0.0 4.140654238026765e-05 0.0003155525165928148 0.0022403665224471955 0.0003690531914309066 0.00011469729508942017 0.00020348912356877932 0.0002544870984985272 0.0001883775460452435 1.3963925636905632e-05 7.698086788342287e-05 0.0 3.7768389579747946e-05 0.010581089558604036 0.00024281643371672828 5.8529658529355946e-05 7.287242972688867e-05 6.648704302236824e-05 0.00012055271117208659 5.100045390789104e-05 0.00012755072756194858 0.0006595123051959114 0.000323706644534867 0.0017341268795234097 0.00696979853427176 0.0018252896740356486 0.004885047066242956 0.00035155988019479795 0.00046440654432124324 5.150524346461237e-05 0.010130459695658463 0.0003169082703498907 0.00039066284689136325 0.0001566657620791014 0.00010860517068512041 0.0001623318497678347 0.00021326890859263631 0.0009256380386742811 0.00023377135329594092 8.54518420002718e-06 0.0077038197677351695 0.00872263897403707 0.020472310839299925 0.004928524576577423 0.0014359074635895235 0.03077729786017147 0.1052343198916815 0.0010966974581672817 0.08629787635214627 0.0006045231383117214 2.3190309828412688e-05 0.00014723134725215268 0.00025353408252245797 0.00022399320209778541 3.8619213854201624e-05 3.508774971934283e-05 0.0 8.63888504532738e-05 5.139116518491759e-05 0.0007611522555782422 8.74659644211878e-05 0.00023958179363229575 0.0003278268725934035 0.0003252660769774546 1.7062924605898152e-05 0.0001015614010697592 0.004513082088557368 0.0 0.0 0.0 0.0 0.0 0.0 0.0 0.0 0.0 0.0 1.2410079036283337e-05 9.227956246283555e-05 0.00010014579973279866 2.868579884108019e-05 0.0 0.0 0.0 0.0 7.408437883705324e-06 0.0 0.0 0.0 1.7270387396592723e-05 0.0 0.0 4.187185298888778e-05 0.0 0.0 0.0 2.0347358467027485e-05 0.0 2.1526259114676476e-05 0.0 5.838257096639785e-06 1.7281477669090286e-05 0.0 0.0 0.0 0.0 7.393983131081325e-05 0.0 2.68060261467439e-05 1.5965483220738875e-05 2.5817544806233845e-05 0.0 0.0 0.0 0.0 0.0 0.0 0.0 0.0 0.0 0.0 0.0 2.308899991438381e-05 5.437133042886929e-05 4.7617375339529587e-05 0.0 0.0 0.0 0.0 0.0 0.0 0.0 0.0 0.0 0.0 0.0 6.262274299839643e-06 0.0 0.0 2.502211745037201e-05 0.0 1.554111696601886e-05 0.0 0.0002465162663632026 5.522546713101425e-05 0.0 0.0 1.109325215602671e-05 0.0 0.0 0.0 0.0 0.0 7.611376233995762e-06 0.0 1.1440360995856797e-05 0.0 0.0 0.0 0.0 7.118821798052393e-06 0.0 0.0 0.0 5.5373479222561454e-05 0.00026334544653246 0.00012697479306251168
0.0036809011737754947 0.025004401331816504 0.008106992671991093 0.000893323751587453 0.17412828451403342 0.00024741445224778414 0.05504522128406119 8.802048567838808e-05 0.0 0.00578595646041917 0.02239526201519688 0.004339410210261685 0.06152404471992761 0.10123598402901693 0.0019738374746931073 0.00048176433096202583 1.576110388807951e-05 0.0 5.711920290379971e-06 0.0 8.581509981553445e-06 2.05697322705474e-05 0.0 0.0 8.298534015926818e-06 0.0 0.0 0.0 0.0 0.0 0.0018596225942456167 2.4612070449121743e-05 0.0002879600275066553 0.0 0.0 0.0 0.001004132895138239 0.0 4.33073868976422e-05 1.196893795573749e-05 1.0724620168525167e-05 2.8201354001533694e-05 7.53846466317822e-06 2.8150268327155098e-05 6.71223987093079e-06 1.3913303498875226e-05 0.004544245768522538 9.664802415784954e-05 2.8232973693395345e-05 1.875508974047216e-05 2.1246303004402804e-05 0.0 1.2316708263462916e-05 2.6663525100407805e-05 0.00023966699222368001 0.00011047203814081858 0.00031331463535637036 0.0003864152526807575 0.0005498072874177785 0.001711210562417783 0.0 0.00013197339298923552 2.0086125968763612e-05 0.000619956699580315 9.823718856468988e-05 0.0001258948912618296 3.218307984157216e-05 3.6125031617063816e-05 3.926599868872985e-05 7.487200392467879e-06 0.002760011489511415 0.00019154499015029567 0.0 0.0014972712886777927 0.0015890584071189416 0.0058953174024421835 0.0009327121243809286 0.0002508154184345 1.4820950918467399e-05 0.0005688515093546972 2.2138503113352944e-05 0.00021219729498468272 0.00020894757343223653 6.151804073103215e-06 8.419568241126854e-05 4.8051154282400296e-05 6.961755635718059e-05 1.8407939177282522e-05 2.3466180102378986e-05 2.808832847343542e-05 7.302349118543334e-06 1.7608833551101133e-05 1.7022516040993263e-05 2.8138368010896466e-05 1.4568675713149346e-05 0.0009880921307651527 0.00041069258577497783 0.0 0.00014297066717129124 0.0003278626625859345 9.183194408512989e-05 1.6246728175765545e-05 0.00016769783812241678 0.00023953677056558876 8.974048436435515e-05 0.004785188635131431 2.7371080516945327e-05 0.000987959476940492 0.001665921861906834 0.0011947655938554951 6.675982525890622e-05 0.006344323908178948 0.005227427233894478 0.005606923590395621 0.0007759870667932245 0.00010036535822719169 1.0571738655625337e-05 0.0 0.0 0.0 0.0 0.0 0.0 0.0 0.0 0.0 0.0 0.0 0.0 0.0 0.0 9.709160300200049e-05 0.0 6.931587611475957e-05 6.119808158655558e-05 0.0 0.0 0.0 0.0 0.00236573505826363 0.0 0.000572517167007948 0.0007008216163749572 0.00014933265622988905 0.0 0.0 0.0 0.0 0.0 0.0 0.0 0.00036438585004677613 0.00021182976713974498 0.0 0.0 0.0 0.0 0.0 0.0 2.5103630647936267e-05 2.485551098746533e-05 0.00010143762821482602 0.00011172967789144307 0.0 0.0 0.0 0.0008513223709729429 0.0 0.0 4.5522818931361684e-05 0.0 0.0 0.0 0.0 0.0 0.0 0.006893485283390995 3.620658399388033e-05 0.0 0.0 0.0 0.00041230482116436475 0.0 0.00020013443265837858 0.0003336679607726353 0.00019638178688867588 0.00024037918758309262 0.0 0.0 0.0 0.0 0.0 0.0 0.0 0.0 0.0 0.0 0.003244405662143592 0.003651167421524256 0.0015767460492789442
0.09703857974263344 0.03571959829485143 0.000393861983958567 0.15149734361103867 0.006316467229833032 0.07877394293119536 0.09385493335852166 0.00014089439882396514 0.00578595646041917 0.0 0.000529784549408604 0.18496575605481 0.400821410581599 0.005334632601131264 0.00032511226381246527 6.509943856848873e-05 0.0 0.0 8.415236287880272e-06 1.5073693730705307e-05 9.149859479516585e-06 0.0 0.0 0.0 7.124201058505885e-06 5.453185087831738e-06 0.0 7.868589042741792e-06 0.0 0.0 0.010262457433719174 2.5801989116621273e-05 0.00020668619482086377 0.0 0.0 0.0 0.0007177987216272925 0.0 4.033389281182573e-05 0.0 0.0 0.0 2.4516111810366166e-05 1.903389133485773e-05 9.55060522451545e-06 1.259888283529327e-05 0.0020447468508823508 0.00025516272587739955 2.14034713380859e-05 2.657825018580489e-05 3.7658709043914264e-05 0.00021064407677856106 3.371135511100351e-05 0.0 0.0005232389658650828 0.000401749140405131 0.0017183372343132892 0.003644718404661132 0.001829722747405858 0.003415089170958135 2.6241808787840813e-05 3.500192782167262e-05 0.0 0.0009641954271595907 0.0003385436019587586 0.0003401892155269659 0.0001272897856007372 0.00010294114524975618 3.462298049675397e-05 0.0 0.003958854681346057 0.0022159178330417584 0.0003848473855048613 0.006399970738500437 0.001992470833479157 0.004344630282869127 0.0002211716507492789 6.534706263685962e-05 0.0 0.00031831744883358747 4.702472605519893e-05 0.0001274024513920647 0.0005009753033583237 0.00017782653982874392 0.00012051027749777904 0.0005009909206153327 0.00015631555553423526 0.00029140266973252775 0.000325395486556499 0.0004260012827666109 0.00010841134939771362 0.0002112141201431577 2.9004853301004514e-05 2.5897893820302304e-05 1.685410173544647e-05 0.01513085255248311 0.0007835821073143126 0.0003093625488750792 8.994866357566249e-06 0.02622591517412454 6.509767855506567e-05 0.00033156576186616887 0.0002557437852265609 0.007923621771357464 2.440771350460653e-05 0.0059036956850628585 0.001941772715175725 0.0009038379450802914 0.004952437506499279 0.007333706162874243 5.065932270254899e-05 0.006967696966812727 0.008814834043643879 0.006859936274889652 0.00023199141849515563 1.7655305232499008e-05 0.0 0.0 0.0 0.0 0.0 0.0 0.0 0.0 0.0 0.0 0.0 0.0 0.0 0.0 0.0 0.0 9.920237555003334e-06 0.0 0.0 0.0 0.0 0.0 0.0 0.0006571634688258812 0.0 0.0001803374180243816 0.00017223495021613413 1.7126203168873708e-05 0.0 0.0 8.037809830299445e-06 0.0 0.0 0.0 0.0 8.245672961717128e-05 4.6206324901689006e-05 0.0 0.0 0.0 7.713164643723697e-05 0.0 0.0 3.089021489023497e-05 2.164322495614515e-05 2.5082138029552284e-05 6.015811565564389e-05 1.2425441373741894e-05 0.0 0.0 0.0004933891524569275 1.317522133896774e-05 5.301590282634789e-05 0.0 0.0 0.0 7.101785437997172e-06 0.0 0.0 0.0 0.002799812735300518 4.161533268614602e-05 0.0 0.0 0.0 9.872129198503811e-05 0.0 2.1664070862456075e-05 0.0001365386825976514 0.0 8.679965203674623e-05 0.0 0.0 0.0 0.0 0.0 0.0 0.0 0.0 0.0 0.0 0.001537782172998482 0.00042931720860541595 0.00025996365426474426
0.02426449251508667 0.1663781880356155 0.06313361836301248 0.0002158869562902126 0.09028043189426284 0.000252480336688822 0.005854812122789853 0.11139912483743353 0.02239526201519688 0.000529784549408604 0.0 0.0038977587039438263 0.10519121025417294 0.13890089182799545 0.004253892666690655 0.0018046112239194659 4.550647965670386e-05 0.0 4.067299432837199e-05 2.128477906541038e-05 1.4955221268899631e-05 2.58774300389063e-05 0.0 9.992552278250694e-06 3.9763724277150406e-05 8.962027020669885e-06 1.0278864077355674e-05 0.0 7.870411183264876e-05 1.5308439019153916e-05 0.07309414443311235 0.0009148340189525276 0.007758084819608475 0.0 0.0 6.182758582672876e-05 0.004121483314967422 0.0001451130024231825 9.452670170570742e-05 6.081998602875754e-05 3.275704876371695e-05 3.9135231065214174e-05 1.2132324596458231e-05 0.00014923967521430546 0.0 1.2797015366913326e-05 0.00841203414266061 0.00014652936444822266 5.646158118985998e-05 4.985782307140793e-05 5.7878690164800415e-05 5.83968780081526e-05 8.498341078965004e-06 7.059223947739388e-05 0.0004680457641203603 0.00013425148994725226 0.0013841708981872313 0.005508447568162068 0.0012599321602212888 0.0029312233936365792 2.2227825702653887e-05 0.00022899191752698026 1.364859320594624e-05 0.003946732511808257 0.0001599267926972721 0.00025951864563229646 5.4323221360019725e-05 9.852620474984387e-05 4.033131766642703e-05 2.1869438835208247e-05 0.0018253466294743655 0.0003147806827791368 1.730924049430064e-05 0.0050585749735071114 0.003951169936110752 0.012678238515390971 0.0026514589411414766 0.0009531013466422305 0.0005508176348516228 0.018041946429892274 0.0001073802354337059 0.004790455251672918 0.0004545215604609543 0.0 0.0001075250098943162 0.00019787980152835978 0.00010039016479973135 3.823148477974014e-05 5.003587852594004e-05 0.00010094848339147234 3.093635482004226e-05 0.00010407606438822259 6.307393991741583e-05 0.0 1.787433302611141e-05 0.0011707859437023224 0.00024049774298279592 0.0 0.0002445759947975156 0.007637651147725299 0.0 3.92294912579431e-05 2.54234595341196e-05 0.0 9.769826879103333e-06 0.0017144110809352454 0.0 0.0005430457488534295 0.000799711923583684 0.00032073656667631916 6.258591144834097e-05 0.002487806751081218 0.0018963748246328272 0.002532851104842807 0.0004536637821236347 2.6068833406744924e-05 0.0 0.0 8.759346134037174e-06 0.0 0.0 0.0 2.7288216907231665e-05 0.0 0.0 1.2040737751669398e-05 0.0 0.0 3.4399334639589165e-05 2.549024591222629e-05 0.0 0.0 8.999157757742636e-06 0.0 0.0 0.0 0.0 0.0 0.0 0.0015658063523154274 0.0 0.0007792106863136992 0.00046269432449772544 1.0928774602100111e-05 0.0 0.0 0.0 0.0 0.0 0.0 0.0 0.00013406049312775854 4.93631275147695e-05 0.0 0.0 0.0 6.258021468329771e-05 2.2117153982620107e-05 0.0 0.0 0.0 2.6073903303751977e-05 9.419867417937211e-05 4.364834510368853e-05 9.367749039527549e-06 0.0 0.0003909312619133276 0.0 0.0 2.4702331305191145e-05 0.0 0.0 0.0 0.0 0.0 0.0 0.0031319279358063444 0.00011972921824224688 0.0 0.0 2.4856510312808755e-05 6.583024763447622e-05 0.0 8.052173453000325e-05 0.00016230826182268685 6.507998225357948e-05 0.00023446322988807304 0.0 4.168503919059991e-05 0.0 0.0 0.0 0.0 0.0 0.0 0.0 0.0 0.0015293959792217792 0.0017334891593431545 0.0008487844361962784
0.011601650527920945 0.010078193162687241 0.0013343255488738653 0.0673112194266313 0.004468720492798563 0.020174918625604304 0.019167867679092777 0.0010635783432481572 0.004339410210261685 0.18496575605481 0.0038977587039438263 0.0 0.18216824670082338 0.009260496611902933 0.0015946995645915207 0.0011637964973922766 2.448387542689748e-05 6.9767674969563736e-06 8.740049589065724e-06 0.0 0.0 2.4226071367617302e-05 0.0 0.0 0.0 1.0920967245649262e-05 0.0 0.0 4.631073811778995e-05 0.0 0.00416209441320072 0.000262523712089579 0.0024231366458825226 0.0 0.0 0.0 0.008531516297555728 3.950495701885032e-05 0.0001974637529780129 1.3882365118945784e-05 1.3942754084861618e-05 2.9548433879215903e-05 0.0 0.0002059028250070911 0.0 0.0 0.0014896739482837147 2.5476813534557755e-05 0.0 0.0 0.0 0.0006949868813404494 0.00027121401115177176 3.978710157021465e-05 7.247801473846965e-05 0.0 0.0004811172652580528 0.0005990184172425207 0.0001959182785256598 0.0002873373119623741 6.573836363795594e-06 0.0004384462384609083 0.0 0.001391209551602833 3.304482138922771e-05 2.3545287083268578e-05 3.703463240223307e-05 1.5846410858434274e-05 0.0 8.569631035796053e-06 0.010178493167886379 0.002401098851765056 0.0001977113434641676 0.00045929941125107343 0.0003378227932697058 0.0017838667124957536 0.000642269173838357 0.0005068321767056456 7.114028191097008e-06 0.0023898389356492977 0.0 0.0001460798166195485 5.784107299441387e-06 0.0001213138195382523 1.428300655554577e-05 0.00026886043154811045 0.0 0.0003663941520590345 0.00040648440792743394 0.0005672054174943194 0.0001416199609230782 0.0003551357552841499 7.005692470376692e-06 7.267152411832272e-06 3.672631153096429e-05 0.07109202401896753 0.004963736214145348 0.0009375462681242266 0.0006998611395498503 0.012326593618254047 4.561128364768451e-05 0.00016779462410486303 0.00036877839171728784 0.001140247006934944 0.00014571183897644187 0.014000439461542821 0.00027524539949257094 0.002619854134342762 0.011125114555214978 0.003742990192576141 0.00013565331799616747 0.019172521234977143 0.021610443329269723 0.019724024169903553 0.0016518562676367716 6.736577208321904e-05 2.7751006305527626e-05 0.0 0.0 0.0 0.0 0.0 0.0 0.0 0.0 2.5826975303135572e-05 0.0 1.442183391095544e-05 0.0 8.560012274954883e-06 2.3555088511013152e-05 4.352408378015571e-05 5.957460073412643e-05 0.000103809043537053 8.178915179376374e-05 0.0 0.0 9.3728189365346e-06 0.0 0.003039182059338973 2.4148436407205573e-05 0.0010851717871481414 0.0005892306813745617 0.00017815861604742028 0.0 0.0 0.0 0.0 0.0 1.987486329942104e-05 0.0 0.00020959510267255774 0.00017136678886814352 0.0 0.0 2.4324147721280882e-05 0.00022606237391223745 0.0 9.235454442816549e-06 9.958244177333807e-05 0.0 0.00016791793037051922 0.00011592108651019719 7.990911247698348e-06 1.0540045184652295e-05 0.0 0.0006506197669041115 4.616353759646818e-05 3.899410841620767e-05 3.197971916947162e-05 0.0 0.0 0.0 3.786220760662991e-05 0.0 0.0 0.008882582295290577 0.0003040180363477729 0.0 1.0555053382376107e-05 0.0 0.00015705390482540814 0.0 0.00015254283014333732 0.00034807754226288316 0.00013874430658894734 0.0001990703516432886 0.0 8.065959868639299e-06 0.0 0.0 0.0 0.0 4.252062171828057e-05 0.0 0.0 0.0 0.006282930687457409 0.00337784887750199 0.0013308225283673275
0.019697907781025707 0.12787393675107922 0.015475476618693633 0.039192312532392186 0.07672197245554166 0.009437383494862986 0.44426249396862144 0.008553286244495978 0.06152404471992761 0.400821410581599 0.10519121025417294 0.18216824670082338 0.0 0.15515952547997805 0.010852345476799906 0.0071797261227642675 0.00011331544184447993 7.69327359176077e-06 1.5931658296678454e-05 8.158134402212067e-06 0.0 0.00034954107763411174 0.0 0.0 4.3197987740074756e-05 0.0 3.1164376032924e-05 3.0922283871444e-05 0.00014165286131854953 1.742911577686589e-05 0.0212181803030046 0.0003050478746963855 0.037124539317008105 0.0 0.0 1.92791473481633e-05 0.03073623838897824 0.0002439133337158563 0.001722650739220272 0.00015668682321688904 1.3056921876457772e-05 2.8988844760294364e-05 8.075237719103635e-06 0.0006484725876719405 7.752322830777808e-06 4.819266617982213e-05 0.012231779025367435 0.00012967413058503227 7.117381222740632e-05 8.745370996519445e-05 4.4893996511942156e-05 0.00242228344897361 0.0017411783837337532 0.00023989006056849004 0.00023167243527023545 0.0002586594471742878 0.0014890515655086667 0.003571423036941356 0.0015795866870291597 0.002835420235453911 8.328331618147532e-06 0.010225204696016628 6.826812318025536e-05 0.007669253676021522 0.00016776511500440897 0.0001908020126191412 9.028257613098057e-05 4.6878038934728245e-05 2.9244507698879475e-05 3.8838426350003265e-05 0.03724139836652036 0.008604306208653852 0.0005718638707852224 0.0033440732490820605 0.0033378995259981917 0.014744426544843191 0.004149965554696034 0.0028383813229461174 3.979639519414419e-05 0.049240134528449636 5.3848410037136674e-05 0.006440455115767274 0.0003940487967392119 0.0005021779837768102 0.0001203792992221797 0.0005673155193343203 8.917222085721836e-05 0.0008841216412324195 0.0007676867839579465 0.0012403657180309637 0.00023755614589653572 0.00069697233879571 5.89643518243866e-05 7.503083966627959e-05 0.00021554924080331782 0.11609136323559131 0.01013017536215718 0.002286393119907042 0.00274329084808264 0.009448313861567428 0.00018608920549363525 0.00024062600313416686 0.0007308510295107694 0.002049100124765666 0.00019170652620737383 0.03904947929433494 0.00030653255923151395 0.008222132385811735 0.022087524125095896 0.007625753533308607 0.00043331028065514535 0.05025730428466953 0.05869576426055703 0.051837897045032284 0.005484396262718257 0.00021092535429816098 7.991611945728097e-05 7.785441714183169e-05 5.256200152127946e-05 1.1713532989631564e-05 8.569444807142439e-06 3.195070464347471e-05 5.655753728450827e-05 3.0197350675652964e-05 1.2579242835837694e-05 7.225988857648072e-05 2.4751846247729044e-05 0.0001579519716457685 7.633939412727276e-06 3.6095214170806245e-05 8.266948415102858e-06 0.00023218026859691822 0.0002222232157741461 9.224448787327435e-05 0.00013377031632085893 6.286838673365296e-05 0.0 5.2999413958181425e-05 0.0 0.014048017976661146 0.0003961981140391492 0.004655909742299115 0.003447877688802562 0.0010173887773988284 0.0 0.0 0.0 0.0 2.813315055566661e-05 0.00012100854091048061 1.2231385010821503e-05 0.0007248289988240534 0.0009324226604328911 0.0 0.0 0.0 0.0013472366221676149 6.225054824304629e-05 7.138936527928237e-06 0.0001598908144408016 7.245881639603956e-06 0.0008485441009952925 0.0009735036710560752 3.43257275098386e-05 2.5112022131420844e-05 2.9571227554067876e-05 0.0034964790876978085 5.238810161159447e-05 6.970161264439172e-05 5.896480111373397e-05 0.0 9.113987566730811e-06 0.0 0.0 0.0 0.0 0.034552049828930814 0.0008827960600789783 1.3813425917250485e-05 1.5756528565529588e-05 0.0 0.0013097650113531839 0.0 0.0007036722987695747 0.0013398516974323033 0.0007573776668831651 0.0011840217254800375 9.422001720424743e-05 5.136183213668799e-05 1.0992229726121576e-05 6.222288565566315e-06 0.0 7.940817266341306e-06 8.772284446070034e-06 0.0 0.0 1.6449672631913473e-05 0.020507081764723795 0.016045400299833427 0.007568947415880207
