0.0 0.09922959355220873 0.07197623438146265 0.11581396867289837 0.003797372377293654 0.015030228104727653 0.0028821326243191636 0.0026563989368793756 0.0025642970201403955 0.07844695517116432 0.007450449932997713 0.001072112873899145 0.0026298364707383537 0.004353437203370852 0.00047692998219846336 0.0002867009318101817 0.00029293822812629977 5.492093463042776e-05 2.02720689544087e-05 9.607746502175355e-05 0.00048448594567924823 0.0 3.1590289220766715e-05 2.4751358822283244e-05 0.00023067147483705558 1.883040326130935e-05 2.8784117586835255e-05 7.994330535801924e-06 1.527012608783574e-05 0.0 0.10481969380222157 0.001329552233878529 0.003410996555910165 0.0 5.900351923749047e-05 0.0003674154687984048 0.0017337429495308605 0.0008792710486971223 0.0005509021722035226 0.00012612537635702198 7.035499332143582e-05 2.724530918564267e-05 2.5790391215796234e-05 0.0003329850025946042 3.2800698096454014e-05 0.0005339699929346224 0.002200391216294537 6.480726027494564e-05 1.533683931973092e-05 9.01248615045827e-06 2.9868576401509167e-05 8.519151592572785e-06 0.0001245447017264671 1.7260791360506287e-05 0.00016999606920359997 0.000201141944851109 0.011574156654489989 0.09638343380798735 0.0017991173135124153 0.00045217884116931624 0.0014537007129737734 0.0010423437615901692 0.0006726101340130347 0.013726348451659381 8.686822687524447e-06 2.299895807897279e-05 0.00010585589071959858 0.0 6.990716707493045e-05 0.00031682529376326617 0.00105974504404302 0.001340960218021528 0.0 0.012926537944570046 0.006129983567036976 0.0011898442484074294 0.0004407234402662828 0.0004173279366414646 0.003876989061479722 0.005730074011642284 0.0004106917635217721 0.0025848262911729366 0.00021182360108153864 0.0 0.0 7.567902087412977e-05 1.948189687152384e-05 0.0 1.2981667323493632e-05 2.2935946749610078e-05 3.611474125413034e-05 2.1235739115004615e-05 5.4463688104807756e-05 6.621704802229628e-05 7.512759130394108e-06 0.02789799654907537 0.005398351669110242 7.03312103109707e-05 0.00045009387959964625 0.04572032773218647 1.7548363094322253e-05 0.0010921191974766673 0.00024500678341818794 2.0513330317321918e-05 0.0 0.0003572511223750673 0.003258471883448925 0.00016237177443311393 0.0025318005668586957 0.007138007587292188 0.0 0.0007433121926029145 0.0021409192704837715 0.0008959495431018434 0.00044931142900941424 0.0 0.00016144373639115193 0.0 1.2355401127823062e-05 0.0 0.0 0.0 0.0 0.0 1.0015407280437923e-05 0.0 0.0 0.0 4.828495142634995e-05 5.529448296344312e-05 2.3738011499290895e-05 0.00012181128984267139 7.63567867251599e-05 3.7968017970278104e-05 0.00013635569435402852 0.0 0.0 0.0 0.0 0.00011486731229720751 0.00017795466133771763 0.0005892318679097245 0.000323759301029349 7.925834536411652e-05 0.0 0.0 0.0 0.0 0.0 1.2624613190654331e-05 0.0 0.0 0.00021638927641892677 0.0 1.799699140035027e-05 0.0 0.00047533092176174743 0.0 0.0 0.0 0.0 6.507330417362337e-05 8.365045467233518e-05 0.0 1.1365557459299895e-05 1.1552554065197277e-05 0.000694633111682576 0.0 0.00010060537502933722 0.0 8.048020318938379e-06 0.0 0.0 0.0 0.0 0.0 2.2388702292325226e-05 2.3068237785184097e-05 0.0 6.804733391421272e-06 0.0 0.0001347865418515472 0.00012644912904817484 0.0002687707692172842 0.0 0.00010880967092556334 8.896795772345247e-05 5.765152565752432e-05 0.00018470432907416386 0.0 0.0 0.0 0.0 0.0 0.0 0.0 0.0 0.005251661770594837 0.00012896835386939562 0.00020910333228753116
0.09922959355220873 0.0 0.05604020718134331 0.15706154917137233 0.05620041659691477 0.019241641356299573 0.2345680226188865 0.030689814947437073 0.0998879928815552 0.5563748100576158 0.06655889339734569 0.013495956271255405 0.23945595604987144 0.08798334421247873 0.012438480133960915 0.00260913299597834 0.0009369158372869693 7.792743474050922e-05 4.0090443444052214e-05 0.00012008278594303851 0.0003692712300986495 0.0 4.295731605775835e-05 0.00011132120968181472 0.0002737100590968011 5.1116914994634175e-05 4.6852725758942904e-05 5.1525807378562e-05 3.617395078650882e-05 8.226966709742787e-06 0.13207504667050166 0.005553584775776863 0.017634100953332076 1.831892914870207e-05 0.0001273930810893983 0.00030863743515060983 0.0020697026782233083 0.0011094070869495619 0.0003679050898381239 0.00013867122799949059 4.956352781130007e-05 6.815958507735453e-05 6.086707288575496e-05 0.00033294419803418275 8.507694512049086e-05 0.00031412343807215947 0.024445160859592096 0.0003073017621170926 3.424167033620794e-05 4.6225974029774194e-05 3.425922910923339e-05 1.5751415233339136e-05 6.529048748896972e-05 7.134137669261219e-06 0.0006239786202751899 0.0005123235447505439 0.004969838170872807 0.0655466823400569 0.001675836396822656 0.0013257133336556164 0.0007387445019530401 0.0013471569002736208 0.0004406475419718599 0.010747143708615932 3.29627640672543e-05 4.006212859401055e-05 0.0004426581780039408 5.293294501903225e-05 2.758148886275212e-05 0.00024064753009209462 0.0011674103322600441 0.00023269950353859683 1.6471543882081996e-05 0.0141447591436828 0.017137888703450663 0.00885110277935507 0.003908335624500056 0.0009877835992570005 0.00793935660368014 0.020607782465347245 0.00015431196598808495 0.002814592922065855 0.001052151750818703 1.4752346428351299e-05 6.982899850485666e-05 0.0002556770673622215 3.165264775150274e-05 7.677154616578414e-06 3.439708171033156e-05 4.822046897695041e-06 5.7153159207021745e-05 1.9369668939649882e-05 7.090424437948153e-05 0.00010084099816354236 2.386138347035423e-05 0.0020730045272884883 0.00024096182649566768 7.650154656297264e-06 0.00019848754947866375 0.018411429463680514 0.0 0.0002959553820694058 4.488759745746043e-05 0.00086044664258761 0.0 0.00040676230433207616 0.0005685118513254359 0.00012756664828013128 0.002944611997721966 0.002062027200904269 2.7397357833744486e-05 0.000397242851515756 0.0011863196608499784 0.0005281263829760586 0.0006873010941392096 2.4808748765607077e-05 1.5654586728143626e-05 5.412070457012568e-05 4.540106307050445e-05 0.0 0.0 0.0 0.0 0.0 0.0 0.0 0.0 0.0 0.0 0.0 0.0 8.295805893037427e-05 5.378727082887653e-05 1.9741782741875286e-05 0.00023529324787849326 8.608339333771238e-06 0.0 0.0 0.0 0.0002498834023064161 0.0002727219298958455 0.0013279183253784694 0.0006216249135911724 0.00029494840592162233 0.0 0.0 0.0 8.891994508139767e-05 1.1480058570733333e-05 4.474144374357647e-05 0.0 0.00010636317507304848 5.595313819275518e-05 0.0 0.0 0.0 0.0002287395353056105 0.0 0.0 0.0 0.0 5.161371159221154e-05 0.0002149504623639565 0.0 4.1740760769378684e-05 0.0 0.000541935843678381 0.00022227374959686339 3.008703801736916e-05 7.081157601357691e-06 0.0 0.0 1.5075032223527988e-05 0.0 0.0 0.0 0.00011634539126032228 4.7591907532015905e-05 0.0 0.0 7.311802274861806e-06 4.634100713724148e-05 0.00022741440810613529 0.0004273422712181094 0.0 0.0005721939062242165 0.0003582851588844283 0.000237625437181443 7.299011893797819e-05 5.233838776163675e-05 0.0 0.0 0.0 3.3673187853851324e-05 0.0 0.0 0.0 0.00558884689639621 0.0001275772394151457 0.00023823253641957088
0.07197623438146265 0.05604020718134331 0.0 0.00485930164256372 0.014077460997248725 0.0007307398869349593 0.005984895299498075 0.06584161814417727 0.019235449107154173 0.04346145546728769 0.08820272409240548 0.0027898454986203464 0.022087300576466472 0.0729046491614108 0.010639228846888355 0.004167268952468203 0.0006460566996081714 0.00012735940272039098 1.773930378871948e-05 0.0009370050836871194 0.004662254099484849 5.671715999898064e-06 0.0002429600303147567 0.0003662114787220254 0.0010292351580383418 0.00013774505833224563 0.00016185567032882346 7.33909192905309e-05 5.1394534453301666e-05 3.0462825844605602e-05 0.20079974064473474 0.044555485449322516 0.04580854449582902 0.00014985090221140501 0.00035845015489888664 0.001065839098103898 0.009779626894361465 0.005266018700516961 0.0019735221227081094 0.00046891861907785286 0.0006581694716321863 0.00032573986070050324 0.00038690991926629503 0.0032239571208473724 0.0001955724975385561 0.005946651695385849 0.00997945701423707 0.00020199211110244413 0.0001674691234705081 0.000186793398512772 5.0547104845319725e-05 4.449550534566263e-05 8.982969082305187e-06 5.522874544479779e-05 0.00020472876374810542 0.00025051982579317396 0.003092792329007948 0.06882159422281085 0.0010378040257056848 0.000766329477829097 0.034406750117391104 0.009713765242921049 0.007464077910454782 0.02612012036781679 5.330694752333415e-05 4.3368706383762134e-05 0.00014992234242552663 0.00018988132360948557 0.0005873109231565728 0.002218771221607989 0.00311902556162095 0.0005572080565148516 2.4271523954147486e-05 0.006114862172172193 0.016752840133185315 0.008022296298874059 0.012736824844959688 0.014540863555629115 0.11377505606545112 0.08082801579435657 0.01256929622446986 0.03815357652875234 0.00046112444043415213 0.0 5.934576169472802e-05 5.5502334278492675e-05 0.00012732278385365502 1.3917043542188944e-05 2.3912983020165547e-05 3.3633371783877035e-05 2.0032094603734583e-05 5.45068750317476e-05 0.0005190931832464004 0.00016096198929928094 8.061348561931346e-05 0.0026534811029949434 0.0007370663500841348 7.623661660358848e-05 0.0005748013848896679 0.011939206151656515 5.8931610913321526e-05 6.480953287372341e-05 0.00012402407449432545 0.0 7.544159092806731e-06 0.00022065980779074212 0.00017145573099834217 0.0001447446503713877 0.0011288362151577198 0.001704748324714278 1.2045252086343567e-05 0.00040751303088370903 0.0007751210712115144 0.0005348394283610787 0.0007389073031934679 7.864309775878888e-06 8.459840713788306e-05 1.663476909314818e-05 5.6829188722732755e-05 0.0 0.0 7.073432043232977e-06 0.0 0.0 9.319048864962864e-06 0.0 0.0 3.389518643024202e-05 8.68428409072975e-06 0.0 0.0 1.7747551469589203e-05 2.5493902740596348e-05 7.275907062119512e-06 0.0002885793668278516 4.151250427020992e-05 0.0 6.68776314468402e-05 0.0 0.00030034175731993645 0.00033397194583933585 0.0010361956675347924 0.000996873700202185 9.900397113847651e-05 0.0 8.688715455072821e-06 0.0 9.831612756345151e-05 1.3085303170951938e-05 0.00020629608911136994 0.0 9.42968545498885e-05 0.0002146793238482385 0.0 0.0 0.0 0.0005565012509982228 8.730275612481218e-06 0.0 0.0 0.0 5.876562001981738e-05 0.00023295639547930364 0.0 7.904956131366265e-05 3.726109571652831e-05 0.0005105471025489135 0.00020410853826285846 4.9384350850162217e-05 1.0100432559218709e-05 0.0 0.0 6.759985323281667e-06 0.0 0.0 0.0 0.00014679730247450857 0.00013667554361140028 0.0 0.0 6.8873199678591246e-06 6.383590172625358e-05 0.00018219647015074044 0.00021823049029924156 0.0 0.0001458763929470874 0.00035416805900193385 0.00010882852193786314 0.0002571059697967621 0.0 0.0 0.0 0.0 7.59032659141219e-06 8.131615132401075e-06 0.0 0.0 0.005271843701649193 0.0003584728808866644 0.000751195812789415
0.11581396867289837 0.15706154917137233 0.00485930164256372 0.0 0.00414821654598425 0.01790465326575663 0.0570922829351347 0.00018492588335255683 0.0004341702161308066 0.24715368413148478 0.0008050989373702958 0.00019056209558657592 0.0065043784828806035 0.00021732470781188326 0.00036167450851997887 1.391573097555522e-05 3.66500535514639e-05 0.0 7.717298828211132e-06 0.0 1.648125339048141e-05 0.0 0.0 0.0 1.4924378613060777e-05 0.0 0.0 1.655705120967074e-05 0.0 0.0 0.017300366204545344 7.89346803709998e-05 0.000129555413815873 0.0 0.0 7.418646941192388e-06 9.125803686872735e-05 2.6889051885290748e-05 0.0 1.9089007346456962e-05 0.0 0.0 0.0 1.45614028300456e-05 1.5527622622288435e-05 7.874555926565725e-06 0.0019244539616098501 6.127499362190482e-05 4.147126238117112e-05 0.0 8.180122019679394e-06 0.0 1.368683503573878e-05 0.0 0.00015878538066831934 9.009653213499861e-05 0.0011503452573618247 0.018750004339679927 0.00028276963793110707 0.00016361945845885402 3.0158784303444823e-05 0.0 1.8582830543702012e-05 0.002890147282214338 0.0 0.0 6.644659501839432e-05 0.0 0.0 0.0 8.76430941988674e-06 2.1696305969582594e-05 0.0 0.0030227160278489726 0.001980886267352572 0.0005073856324852106 9.939658537301927e-05 7.9064077371381e-06 2.9546476034282395e-05 5.426020252576959e-05 2.2260092831924304e-05 1.7042451708802524e-05 0.0001462293798657072 0.0 0.0 5.0492623456731164e-05 5.205002151846019e-06 0.0 0.0 0.0 8.364128180622317e-06 8.455586197471765e-06 0.0 6.901549119419455e-06 0.0 0.0024240821417627094 0.00026283264981483845 0.0 2.1597458667210617e-05 0.010348913612429742 0.0 5.874087058860954e-05 1.1185204996008652e-05 0.000836722753376047 0.0 0.00015513037800017268 0.0002978754573923581 0.0 0.0006294916370957813 0.0006308055755358765 0.0 6.0568736943979026e-05 0.0001713418524848872 4.862020940290731e-05 5.970840062435933e-05 0.0 0.0 0.0 0.0 0.0 0.0 0.0 0.0 0.0 0.0 0.0 0.0 0.0 0.0 0.00011542216615627779 0.0 7.415783687429432e-06 1.0606837028398632e-05 0.0 1.5848409261318087e-05 0.0 0.0 0.0 0.0 0.0 0.0 2.3173006737731964e-05 2.873962215873355e-05 3.907224078607846e-05 0.0 0.0 0.0 0.0 0.0 0.0 0.0 0.0 0.0 0.0 0.0 0.0 3.36445646087289e-05 0.0 0.0 0.0 0.0 2.0643643791219904e-05 0.0 0.0 0.0 5.411151892681637e-05 8.239061837038086e-05 0.0 0.0 0.0 0.0 0.0 0.0 0.0 0.0 0.0 1.1042684652416985e-05 7.895440836366114e-06 0.0 0.0 0.0 0.0 4.901143673075926e-05 3.163782039479518e-05 0.0 0.0 0.0 1.0630213491676311e-05 5.384129281914329e-05 0.0 0.0 0.0 0.0 1.4352470099477455e-05 0.0 0.0 0.0 0.000469710668827962 5.709493409961857e-05 4.7387496186953774e-05
0.003797372377293654 0.05620041659691477 0.014077460997248725 0.00414821654598425 0.0 0.0006205841272369365 0.15919392563909052 0.0125553882643534 0.1866033884792269 0.0994968735820027 0.02559460374713981 0.001764608868654156 0.07764714912912463 0.15383051276420218 0.0037790545365298505 0.00087418752168332 0.0002701524169298838 6.805563328465342e-06 0.0 0.0 1.0907910775091112e-05 1.0143250108999679e-05 1.6856630605058544e-05 0.0 5.49992077412069e-05 0.0 0.0 0.0 8.698731035426203e-06 8.357026962821168e-06 0.007077655700294862 0.0023275536741993535 0.0015777473194747906 0.0 7.028934292004494e-06 4.255135894452382e-05 0.0003420794922166772 9.111708231258904e-05 1.7363278421769234e-05 2.8562197415973555e-05 0.0 0.0 0.0 7.305755408152192e-05 3.7502688125008426e-05 0.0 0.0040372514147220245 3.335848432230913e-05 2.6742000282904247e-05 0.0 2.23703153246008e-05 0.0 1.4596384473179548e-05 0.0 6.803533380280294e-05 7.147341218423982e-05 0.00029248168492731406 0.0037869948322981884 0.00015178453181758644 0.0001376239595407418 9.523225341906998e-05 0.00011395081380677 3.016210289005771e-05 0.0013595637139395492 0.0 1.6250081367197016e-05 3.119788929466986e-05 0.0 0.0 0.0 0.0002917416987715916 5.8093635850574315e-06 0.0 0.0014910766181968165 0.003153431521160291 0.002372161780338739 0.0011452155076751547 0.00021705430746970128 0.0003542188925006876 0.0009317263907920782 0.0 2.0978427849913038e-05 0.00010622774781631424 0.0 7.525222124815869e-06 2.9654047258515095e-05 7.150699240114051e-06 0.0 0.0 0.0 6.707588360201264e-06 0.0 8.120109846996584e-06 0.0 6.685540144663108e-06 0.0004096194047129597 8.538749315899572e-05 1.1493917183571391e-05 4.119308130660327e-05 0.00045914765119777054 0.0 5.9683950876506803e-05 0.00014025050004224887 0.0 0.0 0.00011441877052765221 0.00018833630549039572 2.2448245193397394e-05 0.0005717972799497153 0.001466520130799451 2.8549378983153637e-05 0.00029903170779407997 0.0005826953151128419 0.0001785263659969256 0.00034365083310459034 9.1271307149707e-06 7.788399633509486e-05 5.4927698414063336e-05 4.00665634430438e-05 0.0 0.0 0.0 0.0 0.0 0.0 0.0 0.0 2.5107557463683842e-05 0.0 2.7362068376311476e-05 0.0 0.0 8.773095485388975e-06 0.0 6.607372736152706e-05 0.0 0.0 0.0 0.0 1.7284801456614676e-05 7.920029971825751e-05 0.00046414660420017077 0.0003274373496959881 1.0544709648777744e-05 1.0145786963449295e-05 0.0 0.0 0.0 0.0 0.0 0.0 0.0 0.00021928981288209793 0.0 0.0 0.0 0.00021421864548357478 0.0 0.0 0.0 0.0 0.0 2.4883663796617976e-05 0.0 0.0 1.5286876993521575e-05 0.00041206382194778333 2.7090854939754618e-05 5.4725419118608467e-05 0.0 0.0 0.0 0.0 0.0 0.0 0.0 0.0001558888301099302 0.0 0.0 0.0 0.0 1.045129323604824e-05 0.0001391715412302393 0.00014638604224360475 0.0 8.711263723651528e-05 7.786417657892557e-05 0.00012175958865606322 0.0001094282167901445 0.0 5.694415387874156e-05 0.0 0.0 0.0 0.0 0.0 0.0 0.0026425904193665296 6.9950322058877e-05 0.00010716951321445102
0.015030228104727653 0.019241641356299573 0.0007307398869349593 0.01790465326575663 0.0006205841272369365 0.0 0.00159110238470884 0.00036571534944261717 0.0008467476970919393 0.018109722441338072 0.0006507238677085583 0.002825409232532581 0.0030223663188622472 0.002438571407440598 5.8168434144464244e-05 9.046429413997338e-05 5.66379355677829e-05 0.0 0.0 0.0 0.0 0.0 0.0 0.0 0.0005584585660435445 0.0 0.0 0.0 0.0 0.0 0.00228178192024178 4.579610381097457e-05 0.0027849531289325137 0.0 4.0292837153501265e-05 0.00043484253599187015 0.001967558868235409 0.0010982482169187918 0.0010820102169724426 0.00011753372810842184 0.0 0.0 0.0 0.0 0.0 2.304122330536054e-05 0.00019777035435826918 0.0 0.0 0.0 0.0 4.783713098766154e-05 4.978830310498097e-05 0.0 0.0 0.0 0.0049292497901759266 0.001902059187244889 1.635264625320727e-05 0.0 0.00018010616829337262 0.0003771183830024368 0.00010855114001890948 0.00018211060099615486 0.0 0.0 0.0 0.0 0.0 0.0 0.0012075533614212283 0.002852418221645983 4.249509049065562e-05 0.00024753161336356003 0.00023380867867992187 4.8232941263879314e-05 5.7737353576609444e-05 2.8441052742715686e-05 0.0012315790131865758 0.0010328985158319715 8.931488011959907e-06 0.0005073884202373532 0.0 1.0948311111451916e-05 0.0 2.7093483557712253e-05 0.0 1.368878181598491e-05 0.0 9.62942104277009e-05 0.0 3.5359206991615205e-05 0.0 0.0 0.0 0.020006613768582156 0.009722558492112076 0.00018941635384886764 0.0006646435503227754 0.008864661686768126 0.0 0.0009162542856729249 0.00011640984699376377 0.00013046703722475144 0.0 0.000335669015510436 0.0025703903761016738 3.754616834670492e-05 0.0012295528023317439 0.004099908330766271 0.0 0.00034583963205296717 0.0012042739043943511 0.0003936328164512301 0.00026891437039561276 0.0 0.0 0.0 0.0 0.0 0.0 0.0 0.0 0.0 9.50060528871062e-06 0.0 0.0 0.0 9.291430372175114e-06 0.0 0.0 0.0 0.0 0.0 1.1260361632205224e-05 0.0 0.0 1.646373120670283e-05 0.0 2.7034375081348948e-05 0.0 0.0002014484872382543 0.00010325422974439932 2.8742560914117034e-05 0.0 0.0 0.0 7.405833154626038e-05 0.0 8.501319852150062e-05 0.0 0.0 8.596219581332016e-05 0.0 0.0 0.0 6.935099135671928e-06 0.0 0.0 0.0 0.0 0.0 7.903615338742099e-05 0.0 0.0 0.0 0.0002621013434415677 0.0 0.0 0.0 0.0 0.0 0.0 0.0 0.0 0.0 4.748547115521785e-05 1.996551785553804e-05 0.0 0.0 0.0 4.896506770090517e-05 4.5924047695551484e-05 8.671643841734265e-05 3.3057065010507325e-05 6.911333316345016e-05 1.0398653506218767e-05 1.8992522664025697e-05 3.177120271917663e-05 0.0 0.0 0.0 0.0 0.0 0.0 0.0 0.0 0.0027507187235945446 6.611592115176617e-06 1.733081969432418e-05
0.0028821326243191636 0.2345680226188865 0.005984895299498075 0.0570922829351347 0.15919392563909052 0.00159110238470884 0.0 0.0022599738724546027 0.1111965636214859 0.3032297127796529 0.026606261947877786 0.06381113747581998 0.5392333429461487 0.19626307547678534 0.002920049090944511 0.0008751660871520817 0.00012758356645094563 2.7651421948371815e-05 0.0 3.836921383516602e-05 5.7938102512294457e-05 0.0 1.2728125912393009e-05 1.7434646618960575e-05 7.050805369125267e-05 0.0 0.0 0.0 1.0473786911147493e-05 0.0 0.0025944794666517123 0.00028589817244559213 0.0005468918803981118 7.989356721354466e-06 1.9249020834742384e-05 7.270658305617008e-05 0.0012351586739491644 0.0001666599418219203 7.004683694195647e-05 1.4680779023038108e-05 9.315230225309428e-06 0.0 0.0 8.573267901787032e-05 2.3917394057149255e-05 3.628508568723026e-05 0.004205442451583428 2.574485444611299e-05 8.119570881582377e-06 0.0 0.0 9.345799089114588e-06 1.9097775988508307e-05 0.0 5.043440241479986e-05 3.156716946299881e-05 0.0003006547324451504 0.00298747070517863 0.0001559853002728191 0.00017606967394094976 7.503762357292445e-05 4.090647018571305e-05 7.939879289783394e-05 0.0012973140698982974 7.864279575230682e-06 0.0 1.4306432115190282e-05 1.6098397450000504e-05 0.0 2.8015991396361752e-05 0.0013262735370948913 4.067102999774225e-05 0.0 0.001062629797763593 0.0024974149166744927 0.001893785063965312 0.0011726515693819255 0.00017795250779918765 4.502472872769175e-05 0.0001909030684550253 1.87808381897803e-05 0.00013133928886165325 8.869919344330903e-05 8.429067124435186e-06 0.0 6.3087074911549465e-06 0.0 0.0 0.0 0.0 0.0 7.709352573041809e-06 0.0 1.4350735885332186e-05 8.076388020114413e-06 0.004031078713526955 0.0001761287295661787 0.0 0.00011051803621987565 0.0009677974659743694 0.0 0.0002321096918484421 5.709114217592317e-05 0.0010319283368509051 0.0 0.0004684317706899521 0.0006376176819509328 0.00015800181962348392 0.006343907579062089 0.0031566260615145656 2.1846101765484305e-05 0.0007370905466111677 0.0011417719275487084 0.00039034172404384804 0.0007273135136278305 0.0 6.316206079792732e-05 2.310149334511653e-05 0.0002669938345127752 0.0 0.0 0.0 0.0 0.0 0.0 0.0 0.0 0.0 0.0 5.198305622730879e-05 0.0 0.0 2.312021774700653e-05 0.0 0.00023943712818578765 5.405494149708571e-05 0.0 0.00010337438418486493 0.0 0.00023170758125238243 0.0001251438994296163 0.0009470768320191375 0.000554566734538391 0.00019877743562753965 9.10710768520768e-06 0.0 0.0 1.2949399092444982e-05 1.1349901907893353e-05 0.0001104365223472309 0.0 4.805530047032828e-05 0.00015196863032281905 0.0 0.0 0.0 0.00043633480170948144 0.0 0.0 0.0 0.0 3.048115183025191e-05 0.00020377034559638943 0.0 7.527006286187025e-06 7.666508307302807e-06 0.000590008168602574 7.19786196623436e-05 0.0 0.0 0.0 0.0 9.516501283739446e-06 0.0 0.0 0.0 3.141623359262718e-05 1.3135011114778284e-05 0.0 0.0 0.0 7.085882202379248e-05 0.00012637166090082686 0.00026097416697156464 0.0 0.0002400774301327137 0.00022964888785805622 0.00019171347671455567 0.00012297300830406432 0.0 0.0 0.0 0.0 0.0 0.0 0.0 0.0 0.005081577574157416 0.00035794596785422334 0.00044776024589261775
0.0026563989368793756 0.030689814947437073 0.06584161814417727 0.00018492588335255683 0.0125553882643534 0.00036571534944261717 0.0022599738724546027 0.0 0.012229653103338387 0.015264150467939943 0.0936006542197065 0.0023738705057177027 0.013706864031291387 0.06089350832100023 0.005487482069151034 0.004036722913251644 0.00019677464479461292 3.3273269708695344e-05 1.1767265573643994e-05 0.00019898601756596326 0.0020208622085236268 1.0210272316757316e-05 0.00019681667654675874 0.00016466294138250614 0.0007361531736650004 2.43478961664345e-05 9.622955722848264e-05 4.258481952039506e-05 4.075345221296004e-05 2.408674361120334e-05 0.03880087008487309 0.04646775566854662 0.03968634809217365 1.8939651202299383e-05 5.155267492061639e-05 0.0005828709405939066 0.008598397689831712 0.004113115934366056 0.0011822572090404188 0.0002057773476773964 0.000314465686337214 0.00021719652754915596 9.262702934816368e-05 0.0015398190705311694 4.293833030410499e-05 0.0023870361257702236 0.003648127885513285 3.6995472884580426e-05 0.0 3.121528777194711e-05 7.433541087795027e-06 6.898016805142315e-06 7.135597405976801e-05 0.0 4.755327044888519e-05 6.650544504690275e-05 0.0005095612703395669 0.007022420727708716 0.00020331943249516808 0.00021776149397912292 0.014482391230365953 0.00870297388325768 0.0025282724417599314 0.027865108539743378 6.346792250892443e-06 7.471201296112499e-06 5.6573671492301184e-05 2.5601123172684462e-05 0.00013716170435377256 0.0011756776232237454 0.002765962997927513 0.00046207366655396005 0.0 0.001535166987654563 0.00535208865456622 0.003490355813255584 0.0091839817573471 0.026153386997448347 0.05831778751713157 0.06759744110181713 0.00516242241532703 0.03104156618098101 9.232993918312636e-05 0.0 0.0 2.3787374458789613e-05 4.424805226908474e-05 0.0 0.0 6.809935453075389e-06 8.180267795885173e-06 0.0 0.0002330856269569013 0.00013454894289801117 1.7934998181301248e-05 0.0028990887654792917 0.0005983095613251394 4.763067529102829e-05 0.000319856144281117 0.0006133203259884955 1.1047968604290293e-05 0.0001618173730029851 0.00016148254306253796 0.0 0.0 0.00035817767826214024 0.0002590447834603651 7.459074574292919e-05 0.000874061107577731 0.0015412398547991583 1.5732967283536588e-05 0.00040217488975501233 0.0009718074191840508 0.00037567013240646436 0.0004999524340586165 0.0 9.94868371062855e-05 1.0072416811750661e-05 8.945091313164261e-05 0.0 0.0 0.0 7.194067370943152e-06 0.0 0.0 0.0 0.0 0.0 1.1939053830041013e-05 0.0 0.0 0.0 0.0 0.0 0.0003390157392541654 4.0437796199435856e-05 0.0 6.926420572861689e-05 0.0 0.0003485310069575818 0.00014090363668388232 0.0013017791184181961 0.0008550406278251887 8.543358805988912e-05 0.0 0.0 0.0 8.921791048445134e-05 2.2224283574873062e-05 0.0 0.0 0.0001797147556961595 0.00028205302185006374 0.0 0.0 0.0 0.00020940637372261084 0.0 0.0 0.0 0.0 1.5375718008047316e-05 6.254783246447678e-05 0.0 8.051608736727388e-05 0.00010957541416873682 0.0009134401991460358 6.242016387042393e-05 0.0 0.0 0.0 1.4345084879426794e-05 0.0 0.0 0.0 1.9929549464302005e-05 7.519181762861254e-05 7.917972552666468e-05 0.0 0.0 3.788489417077112e-05 6.648663991635696e-05 0.0003884262072764303 0.00024383098158144045 6.887067327821216e-05 0.0003459616269906285 0.0001785679360276228 0.0003429502390482038 0.0002079004474387199 0.0 0.0 0.0 0.0 0.0 0.0 0.0 0.0 0.006531996259564524 0.0002833097922054431 0.0005919511627328273
0.0025642970201403955 0.0998879928815552 0.019235449107154173 0.0004341702161308066 0.1866033884792269 0.0008467476970919393 0.1111965636214859 0.012229653103338387 0.0 0.04145401307186475 0.06453613541224372 0.008715963824397223 0.16180417111137335 0.1479528046946642 0.00843713200310442 0.0026610412829508436 0.0004966144313328394 1.729474502003771e-05 7.177346085123827e-06 8.189228328208986e-05 0.00013229083636590147 0.0 1.545576889159895e-05 4.59618438067859e-05 0.00010918327269049479 7.251133238080432e-06 3.179657126367276e-05 2.1013358384257716e-05 1.3728851106778806e-05 3.168726756763987e-05 0.005641192269219308 0.0011305159020326484 0.00403228294172383 6.3503634775432376e-06 3.9460249421769295e-05 9.158881121058897e-05 0.002253422585806866 0.000307137439809402 0.00014137772471713275 2.2064460002202342e-05 0.0 3.5431973130349645e-05 0.0 0.00031050114735227743 1.6149331423987833e-05 0.00011991499694940253 0.008640446591880244 4.489060997211934e-05 0.0 0.0 6.9643432364277365e-06 5.683131264139627e-06 0.0 0.0 3.351097146059168e-05 6.737000016476466e-05 0.0005705455978227777 0.005436660341099818 0.00032709995676591505 0.0002703397254155521 0.00033533910188704837 0.0013172982250384707 0.00013151203308472249 0.003059930475179651 7.013835129463046e-06 0.0 0.00013355414864630837 1.531663043982507e-05 3.0779245005278785e-05 0.00012833056728799646 0.0015689243644615523 9.184437025730268e-05 0.0 0.0027307259136455323 0.007117418140887307 0.0050388624789139335 0.003591566394755501 0.0007798945153929512 0.00011284393798018077 0.0020819667920841008 5.9510201901102944e-05 0.0039003730360070853 0.00014460556128605798 9.145489224392005e-06 2.8916876151674827e-05 2.0942683059630105e-05 3.421507576155083e-05 8.393651637374065e-06 0.0 0.0 6.187690009088579e-06 0.0 2.4402645876166776e-05 7.631085386235976e-05 1.627519088305658e-05 0.0034885981936079503 0.0003735686069428147 1.7421746876703175e-05 0.00015376848093072055 0.0006000942680503087 7.185900767198237e-05 0.0004788804056881762 0.00028395108264281626 0.0 9.407845159297978e-06 0.00045902597162457036 0.0008554080686578851 0.00014809596635598996 0.0016827289995808255 0.002634923201924775 3.0473100453595553e-05 0.0005086186715196958 0.0016893459023638333 0.0007312978514607952 0.000652856612511513 0.0 0.00010841377411287282 4.3655807103622374e-05 0.0001130224679505089 0.0 0.0 1.0175283704243007e-05 0.0 0.0 0.0 0.0 0.0 1.8395225278586868e-05 5.82424356058668e-05 0.0 0.0 4.088395560247273e-05 0.0 0.0 0.00026336367594325294 2.856478189452227e-05 0.0 3.0352996541137527e-05 0.0 0.00033377451142479185 0.0002026195336344721 0.001584032774209169 0.0010801785218137396 0.00016188370408052412 2.8469772397599698e-05 0.0 0.0 0.0 1.6580673924387677e-05 0.00011706342328714135 0.0 7.850758164245515e-05 0.00022152431702685002 0.0 0.0 0.0 0.0004941657012131386 0.0 0.0 0.0 0.0 7.792917185856297e-06 7.090590948060494e-05 0.0 5.837761254568994e-05 8.542138235175884e-05 0.0009638199017983288 0.00010031108945911156 0.0 0.0 0.0 0.0 0.0 0.0 0.0 0.0 0.00017895188325691113 9.172641175243093e-05 0.0 0.0 0.0 0.00013189413981681505 0.00013581619810535452 0.00036851407255129306 5.041121702870027e-05 0.00038440381778828475 0.00027029411779050193 7.208589643025625e-05 0.00023713971202534288 0.0 0.0 0.0 0.0 0.0 0.0 0.0 0.0 0.00616309257600084 0.0003495266526352514 0.0006805522005847647
0.07844695517116432 0.5563748100576158 0.04346145546728769 0.24715368413148478 0.0994968735820027 0.018109722441338072 0.3032297127796529 0.015264150467939943 0.04145401307186475 0.0 0.02558610406567283 0.1872623693841983 0.4231834921249282 0.01113909699616485 0.0013644363178839107 0.00035757594951235834 0.00020759845896085576 2.5160290699366427e-05 0.0 7.69651787833439e-06 5.133330321983823e-05 1.6512686457450725e-05 9.116990266552604e-06 6.836930767102969e-06 5.030788086459728e-05 1.579383320531302e-05 7.687737620649122e-06 0.0 0.0 7.319151486447292e-06 0.03571577133382652 0.0011124932807360384 0.0015585332448554985 1.990323076095066e-05 7.755096681790636e-06 9.486540207979507e-05 0.003087180351051772 0.0010777674725201067 0.0004660424539570053 3.563701055808043e-05 8.28880079460702e-06 0.0 0.0 4.741525406734865e-05 8.93846726560483e-06 7.593629496919276e-06 0.0022571806824531484 2.525569977409607e-05 3.147992966360988e-05 1.2013156928240427e-05 8.387485478104025e-06 0.0 1.3435149802939661e-05 0.0 8.061244021226002e-05 3.0460832021042073e-05 0.001097077783247264 0.011117495728731275 0.00023621535904324415 0.00010404365261889592 9.60140256562807e-05 0.0002435954722804478 8.42595320529209e-05 0.001603456600461221 7.669129375098388e-06 0.0 4.471462614874796e-05 1.8472636509328635e-05 0.0 8.635633866528775e-05 0.00998343801431763 0.0003658445449117497 0.0 0.0019624246813765797 0.0021895111789753978 0.0010361392643395697 0.0003549425703063769 5.3893488250975065e-05 0.00024963986544081673 0.00046967495830379916 2.4604419310764133e-05 0.00021610996456239616 0.00011637070230743051 0.0 6.579963905557333e-06 3.684638448078485e-05 0.0 0.0 0.0 3.079278534974725e-05 7.733135002725235e-06 0.0 9.081754241035654e-06 0.0 0.0 0.027910800352004356 0.017191533252985485 6.316590092650352e-05 0.0026921885031079796 0.025247593439229346 0.0001549846494184904 0.003190803257532318 0.0006019309582219908 0.0004776552908391559 1.1243076407358756e-05 0.0014146231034416943 0.006672179133966834 0.00016271779719841302 0.010068425720007351 0.0198062255988058 3.841761385861221e-05 0.009700021082989535 0.009509760605922879 0.0034916911697630763 0.0018097295581991886 3.536919411366546e-05 0.00018940917771022764 1.1423864456922256e-05 0.00028084080732408245 0.0 0.0 7.737654065104456e-06 0.0 1.5152126347463557e-05 1.0589329944944157e-05 0.0 0.0 8.726041946227575e-05 3.4713565918554725e-05 0.0 3.365363003022707e-05 0.0 0.0 0.0 0.0005252940029872982 1.078470606915633e-05 0.0 5.950775448703457e-05 9.477025551839217e-06 0.0007220397643465887 0.0002460895562235974 0.002593307272050081 0.0012471287740455645 0.00047355752343698743 0.0 0.0 0.0 0.0 2.0957337924173845e-05 0.00019280116583702463 8.718315575008486e-06 0.0003786314227005445 0.00028198225069645623 0.0 0.0 0.0 0.00047504313978495734 0.0 0.0 0.0 0.0 9.235035772522457e-05 0.0004563694198096866 0.0 4.1625822910109604e-05 8.161261366403436e-05 0.0016343170172587252 4.21516545270321e-05 0.0 0.0 0.0 0.0 2.5482773801731086e-05 0.0 0.0 0.0 0.00021374833427369557 7.673515496547318e-05 0.0 0.0 0.0 0.00027115170352800773 0.0006491073437470151 0.000759350503540175 5.1879876874263815e-05 0.000532691103508338 0.00036107761477781905 0.00041194693672748654 0.0001464774683174609 6.545357447399217e-06 0.0 0.0 0.0 0.0 0.0 0.0 0.0 0.018455455549316196 0.00025966082441348994 0.0011195753844307794
0.007450449932997713 0.06655889339734569 0.08820272409240548 0.0008050989373702958 0.02559460374713981 0.0006507238677085583 0.026606261947877786 0.0936006542197065 0.06453613541224372 0.02558610406567283 0.0 0.00899644171111255 0.12226462722426468 0.21169300170855815 0.017592737906842827 0.00724448999162046 0.0008588423998358176 5.1066423576299465e-05 2.197756228323256e-05 0.0002999219561134063 0.0014030051911082992 0.0 0.00012558814457618207 0.0001443863963435637 0.0008334812335903563 7.254665436201232e-05 0.00013443911940236005 4.849196583497508e-05 1.8141379828268214e-05 2.0234811227806795e-05 0.03623040412932615 0.027575289335831275 0.08091507069666551 9.418225528634836e-05 0.00019972827399733666 0.0005299691847135312 0.0163114726565458 0.003153803895733499 0.001218632297886349 0.00029077410775376375 0.00030618195750916103 0.00018046465986091032 4.233222362189608e-05 0.0009285944383773104 6.393054823461594e-05 0.0008084592095894378 0.01598424787004676 8.289016729241717e-05 3.9338821907825316e-05 2.2867125280157176e-05 7.368054466842514e-06 1.7419839008830697e-05 7.857330580312147e-05 2.643703007181102e-05 0.00015796760693531588 0.00011870959905819121 0.0015969052412157716 0.011917370981944899 0.0006795345699967619 0.0006499128455627748 0.0028907122300592895 0.010012661199962986 0.0012428449462575934 0.011056583897323311 3.732231417279442e-05 2.3045936929608032e-05 8.586381778255883e-05 3.611279795857439e-05 7.278996472275022e-05 0.001010412057526082 0.006200418239541677 0.000302317619047949 8.550315757616691e-06 0.005271881332237644 0.015490813618659977 0.009785668679231235 0.01026862633736972 0.012397980759801346 0.013242681512712675 0.021195576366562496 0.0008600728334836129 0.02571083740877895 0.0003598437882033536 0.0 3.155270799875994e-05 5.073024854544359e-05 5.077042353850621e-05 7.3986825703807e-06 1.4198302759747396e-05 1.4240073740911558e-05 1.4548701134346643e-05 4.227182348704011e-05 0.00018295906555711972 6.183439442087575e-05 4.620941536282984e-05 0.0046553626466744385 0.0006376763925918341 7.567559135821287e-05 0.00046571915950261084 0.0008562968063640194 4.555569968184516e-05 9.282759301448755e-06 0.0 0.0 0.0 0.00012273048896799683 0.00016412034027488351 3.784011938667349e-05 0.0006411837657798065 0.0007214044640916316 2.3793470343474408e-05 0.00010577541354228184 0.0006107681638757119 0.0002579364417407743 0.000354812956674423 1.3663752447999446e-05 0.00014776455489660752 8.575895125868601e-06 3.423068426963996e-05 0.0 0.0 0.0 0.0 0.0 0.0 0.0 0.0 0.0 6.9672279791134574e-06 0.0 9.24481799479025e-06 0.0 0.0 0.0 0.00010513116692607433 0.0 0.0 1.7920302081257054e-05 0.0 0.00024488502718180376 0.00011386063641356097 0.0008152955624787528 0.00044964190715261076 5.673221560289486e-05 0.0 0.0 8.61018215409373e-06 9.027810075516198e-06 1.6879166677221625e-05 2.298700094540854e-05 0.0 5.4659895908409085e-05 0.0001481451597272334 0.0 0.0 0.0 0.0002082854824721255 0.0 0.0 0.0 6.579468498770355e-06 7.563396905716297e-06 0.00011498640564951388 0.0 1.1667831100977017e-05 1.6913554180680223e-05 0.00038936259579762237 1.0009438006162937e-05 0.0 1.900280308083261e-05 6.677843044841514e-06 0.0 0.0 0.0 0.0 0.0 6.784401443873971e-05 0.00010288834889133905 0.0 0.0 0.0 7.06786008171646e-05 9.489923493673372e-05 0.000150723465147296 0.0 5.226231174801487e-05 0.00010360735895453476 0.00011776749332198045 7.839831453566913e-05 0.0 0.0 0.0 0.0 0.0 0.0 0.0 0.0 0.0031531411378622836 0.00024571228798381695 0.0004778843180356357
0.001072112873899145 0.013495956271255405 0.0027898454986203464 0.00019056209558657592 0.001764608868654156 0.002825409232532581 0.06381113747581998 0.0023738705057177027 0.008715963824397223 0.1872623693841983 0.00899644171111255 0.0 0.0828720076496181 0.025289901498847987 0.0017068686663433263 0.001823530526711547 0.0002868277431704508 7.370816432277629e-05 0.0 0.00011993048988193405 0.0007160806334239327 3.3996231991334655e-05 0.00011149472402141327 6.543427974447636e-05 0.0031025284639250106 0.0001210540631822931 7.878140046570175e-05 2.2456752483685378e-05 8.4879996239445e-06 1.1835996441152266e-05 0.0007392544689371454 8.124599347587463e-05 0.019916567111656108 5.6632088257664146e-05 0.000482424983751616 0.006998410248284404 0.020258308733540162 0.027082099465766674 0.0036610076088064015 0.000814504858399834 0.00033088649719577556 0.00016249985770529804 1.1320599148186212e-05 0.00017240530732951293 6.88380106963917e-05 0.00041478669729004406 0.001007384168994883 1.7731802993111247e-05 6.260772325378506e-05 8.892177222061435e-06 8.688636875309305e-05 2.334393369487331e-05 5.379233292214183e-05 0.0 1.5308634237429865e-05 1.1862151944846944e-05 0.0001005302596286411 0.0006732926274270731 5.91050886636732e-05 4.2094060729332845e-05 0.0013016249952178746 0.01649680241490921 0.00171643223185261 0.0006579307599009201 0.0 0.0 5.137073343860396e-06 8.621577090975917e-06 0.00017182860736693486 0.0007591407983699508 0.008813230520670887 0.00028050912638199295 2.886526614779297e-05 0.00041106313798889806 0.0011415413955468533 0.0010795697931925623 0.0010275553724305242 0.0004086981200005627 0.0009044476268383815 0.004094403421658161 0.00018917338614933056 0.00138741018212813 8.604046195471897e-06 0.0 1.591406721287103e-05 7.211487917924871e-06 4.64278822057251e-05 0.0 0.0 8.441131121831562e-06 0.0 8.311829950430293e-06 0.00028619875833565966 0.00015022978270117448 6.021352330833543e-05 0.04213793659113652 0.0011626326396604989 9.170567842665327e-05 0.0014086013398593418 0.0016426407816922338 0.0001076772203769758 0.0005464331459097858 0.00013252201013153097 0.0 8.812146085087479e-06 0.0005101229518682592 0.0024169290404094995 0.00012034368760057684 0.0031852849033279372 0.00579496119560959 5.171644780882222e-05 0.0008982535801736259 0.0025435575403998994 0.0009099680143594813 0.0005440042065071696 2.207030208528583e-05 4.3376401160456944e-05 0.0 9.601312951012317e-05 0.0 0.0 0.0 0.0 0.0 7.893491732993194e-06 0.0 0.0 9.220656314659116e-06 0.0 0.0 0.0 0.0 0.0 0.0 0.0002101140527349109 0.0 0.0 1.9736836804949246e-05 0.0 0.00017628708085724916 0.00010928046360346879 0.0008109611056271845 0.00041792075271533446 6.7737506625793e-05 4.651595368450319e-05 5.758851258581652e-06 0.0 2.87335686711126e-05 1.8401204426150692e-05 4.2025253198640655e-05 7.167332827897229e-06 8.379748072032701e-05 0.0004690698470814178 0.0 1.0756438262432069e-05 0.0 0.00012339828860511774 0.0 0.0 0.0 0.0 3.218272836731566e-05 0.00013520547885491325 0.0 4.714915789831824e-05 0.0 0.0008536033464531149 4.81932088264693e-05 2.7414794061832003e-05 0.0 0.0 0.0 0.0 0.0 0.0 0.0 0.00016489436953051858 4.8220072883833506e-05 0.0 8.416867224121867e-06 0.0 7.178342532280237e-05 0.0001233707891725778 0.00026932145945237344 1.0794709453094091e-05 0.0003680112474397077 0.00019556833856082856 0.00017073920610002506 7.721152314766348e-05 0.0 0.0 0.0 0.0 0.0 0.0 0.0 0.0 0.007680130001282702 0.00011101520335617526 0.0005667440163085452
