0.0 0.15663800204836956 0.07067226173771468 0.05098961867761021 0.030248833219379753 0.0003012612073471188 0.10597890170806548 0.03720132959727534 0.023939204325489658 0.09387137424280549 0.03451386246613695 0.002321648733699042 0.10832261985179371 0.04526879414933317 5.455385805079045e-05 1.9805912073537712e-05 1.7412857143389145e-05 0.0 0.0 8.03376770698441e-06 3.341726549535639e-05 1.2575157036200684e-05 0.0 0.0 5.4363233084477705e-05 0.0 0.0 2.766753857855084e-05 0.0 0.0 0.05780527124930653 6.098626131340218e-05 0.0134206995930087 0.0 5.084457936516857e-05 7.495014654486864e-05 0.00561293294983285 0.0002866565629419522 0.0003796769767101192 7.238511100015044e-05 0.0 0.0 0.0 8.35052326852981e-06 0.0 0.0 0.0005416670267088006 3.4788886500016996e-05 0.0 0.0 0.0 0.0 1.1563691110437582e-05 0.0 3.9161276890361686e-05 2.9313541688254753e-05 0.00498989331506643 0.06867450583634102 0.0030674831611251807 0.0004399366680452811 6.950192787905423e-05 0.0022812466998673266 0.0 4.825977535689568e-05 6.310664964430782e-05 1.6829935684148595e-05 1.7690813090174083e-05 1.7832343862814502e-05 0.0 1.1048952128131474e-05 0.006122883692951475 5.9021668239910885e-05 0.0 0.006405200407613562 5.424442542917149e-05 4.024612199402338e-05 7.451725849795325e-05 6.920966652859011e-05 1.0280310566821993e-05 0.008818148238795856 0.0 0.0014785343935136458 0.00022896935825253428 9.394110534898012e-06 2.7239072089564676e-05 5.485759445197956e-05 0.0 1.8017723488709725e-05 1.8945580510266887e-05 0.0 9.038625615580371e-06 0.0 0.0 0.0 0.0 0.000393108075405909 0.0010425276798098886 0.0 0.0007668867162280322 0.03493035345229019 0.0 0.0 1.1437063311903645e-05 0.0 0.0 8.689045834725707e-05 0.0 0.0 0.0 0.0 0.0 0.0003521408295083149 8.909964842305872e-05 0.00011056745558262566 0.000132563741211998 0.0 0.0 0.0 0.0 0.0 0.0 0.0 0.0 0.0 0.0 0.0 0.0 0.0 0.0 0.0 0.0 0.0 0.0 0.0 0.0 0.0 0.0 0.0 0.0 0.00018511901493192863 0.00015254380105797288 0.00017081571819035148 5.233806536220537e-05 0.0 0.0 0.0 0.0 0.0 0.0 0.0 0.0 0.0 0.0 0.0 0.0 0.0 0.0 0.0 0.0 0.0 0.0 0.0 0.0 0.0 0.0 0.0 0.0 0.0 0.0 0.0 0.0 0.0 0.0 0.0 0.0 0.0 0.0007334697966132334 0.0 0.0 0.0 0.0 0.0 0.0 0.0 0.0 0.0 0.0 0.0 0.0 0.0 0.0 0.0 0.0 0.0 0.0 0.0 0.0 0.00015752803022067827 0.00035978288825608615 4.1467607675123154e-05
0.15663800204836956 0.0 0.08359685999795254 0.08340373480469246 0.2856953317888302 0.006058209355121798 0.29221192234746146 0.027826901993839276 0.22938847447597854 0.167698677805715 0.2123578633510367 0.009316039684112123 0.18233651274317897 0.13549660493945767 6.41964227738578e-05 2.2077995278731794e-05 6.0003318952803243e-05 0.0 0.0 0.0 4.211882047102718e-05 0.0 2.186835074203552e-05 0.0 7.266554215467434e-05 1.1170956862429299e-05 0.0 2.387369441280643e-05 0.0 0.0 0.048844799187795954 8.743679521700326e-05 0.0029361603544271436 0.0 3.589477859000811e-05 0.0001929875860700085 0.0015471480684670213 0.0007702474762449382 7.173381791054559e-05 0.00011658804326246038 3.4873944551111916e-05 0.0 0.0 0.0 0.0 0.0 0.0009616069955827198 7.08267438325709e-05 8.861605799229e-06 7.402784291360044e-06 3.68813391855006e-05 0.0 0.0 0.0 2.625655281500471e-05 4.0499964352751137e-05 0.0010556726773805886 0.025425542230626177 0.0024038658508285403 0.0003297509843043363 0.0 0.0008590000219478128 1.034573063162605e-05 0.00012377063366012306 3.017593154966409e-05 7.895351403470326e-06 2.0126851014101714e-05 1.9399515543511705e-05 0.0 0.0 0.0018318254225657676 0.0010244106994099697 0.0 0.005282236091449751 0.00031408608165316723 0.0001952667428414235 0.00013806965090185704 3.7801808800554206e-05 1.5976324085993177e-05 0.0005722458975270262 2.3165466140821512e-05 0.0002785914590741102 0.0003175730402061294 0.0 1.7193981919316973e-05 7.662525920934178e-06 1.0842095481374513e-05 0.0 3.865445533019007e-05 0.0 0.0 0.0 5.0533143261303e-05 1.9783018332089258e-05 0.0 0.0016935971576343644 7.966512467883554e-05 0.0 0.0 0.04287347414469303 3.60764415440208e-05 0.0004287372516982374 0.00021192209531421894 0.0 3.482119622199711e-05 0.00026149716487258994 0.0008407715213179922 0.0008748405863709124 0.0013177628745422846 0.0022790452071780377 0.00023610680506101647 0.00578783931553789 0.0024509298491576423 0.004328747955981549 0.01081504669686331 0.00022703670315662943 3.6379914674517766e-05 4.2905004661857844e-05 7.859961105570289e-05 0.0 0.0 0.0 0.0 0.0 0.0 0.0 0.0 0.0 0.0 0.0 0.0 0.0 0.0 0.0 6.179156930201648e-05 0.0 0.0 0.0 0.0 0.0022273078861604918 9.262440523568556e-05 0.002525748907743307 0.0001621656422856786 5.293136169405863e-05 0.0 0.0 0.0 0.0 0.0 0.0 0.0 9.490551762194867e-05 7.364555147902863e-05 0.0 0.0 0.0 0.0 0.0 0.0 0.0 0.0 0.0 7.198425241931707e-06 1.578594077283773e-05 0.0 0.0 0.0006668826165443584 5.970393153639069e-05 9.796822819343748e-06 0.0 0.0 0.0 0.0 0.0 0.0 0.0 0.00204130135021085 0.0002204209828125625 0.0 0.0 0.0 0.0008347616767809173 0.0 6.670283079204002e-05 0.00014389232618997402 1.369986873437807e-05 0.00014420520989661894 9.575943340970145e-06 4.856203404516762e-05 0.0 0.0 0.0 0.0 0.0 0.0 0.0 0.0 0.010496200492714935 0.0012888015349962715 0.0009565187289453864
0.07067226173771468 0.08359685999795254 0.0 0.01010329772598588 0.034887551782533076 0.0006204632500159115 0.023092873052923072 0.23629163359264013 0.07396293313842678 0.006983972359424393 0.3377944813889754 1.4961559170002798e-05 0.019351841225814112 0.15354417831633604 0.00036716253869695014 0.0002625791950643937 0.00021593687609039333 0.0 0.0 1.9432850554286995e-05 0.0001626129963236748 0.0 1.020885226130474e-05 0.0 0.0003111318633125927 0.0001381615277410838 4.174731927455889e-05 8.689666257975563e-05 1.6882760446690144e-05 0.0 0.30386612930113954 0.0064789822923922115 0.023112119720914447 0.0 0.0003437228247886232 0.0016056998718666762 0.004323124539548749 0.003466353405111249 0.0007998631044532409 0.0001881856143435238 5.8190707185937e-05 1.2728926421778772e-05 3.8141502882727376e-05 0.0 0.0 9.27425134093288e-06 0.001004382640916106 7.340302667184348e-06 3.6128122893380385e-05 9.238189432548708e-06 6.786506203809353e-06 8.27684499659564e-05 2.3943487396086324e-05 0.0 1.6288871948793286e-05 1.6981158832944663e-05 0.0007571243440386724 0.0743925912052346 0.0014556077679344288 0.0003274547357834124 0.00011285398238931094 0.004661403488479894 9.406275030573387e-05 0.00011470493362626753 3.383699386793904e-05 8.634410912463383e-06 5.620436146801478e-05 3.576785046215089e-05 3.555935860329438e-05 0.00020730132485296727 0.0012939350625751176 0.000318905269429986 0.0 0.0026249444618264973 0.00016066346449552718 0.0003448772328032297 7.993014253101981e-05 0.0004524635986774222 0.010168486490115662 0.15870073056400236 2.549683852352858e-05 0.0034952224509084352 0.0001349373341843537 8.398967392047368e-06 0.0 2.6737006387057453e-05 2.4935855773929525e-05 3.5073899799871786e-05 0.0 0.0 0.0 0.0 4.377832218712789e-05 9.315282888959905e-05 0.0 0.0005211540243720762 7.999507002485148e-06 0.0 0.00012499430194018666 0.052029976851733876 1.941258179921175e-05 0.0 1.0460915033682429e-05 0.0 7.5384621936485e-05 7.321165590057882e-05 0.0002001281056566569 0.00020101278860086804 0.0001227308086168715 0.00035197575724023566 7.70776447285716e-06 0.00069477492035317 0.0005720270987363807 0.0007267139672354689 0.0020548614739353765 1.1429141257440271e-05 0.0 7.960226397574536e-06 1.0313751349107033e-05 0.0 0.0 0.0 0.0 0.0 0.0 0.0 0.0 0.0 0.0 0.0 0.0 0.0 0.0 0.0 0.0 0.0 0.0 0.0 0.0 0.0006695585276532067 1.7388715761358607e-05 0.0003037938111851959 0.0002047744967569659 7.031113783270682e-05 0.0 0.0 0.0 0.0 0.0 0.0 0.0 0.0 3.390105820448682e-05 0.0 0.0 0.0 1.1318120547004688e-05 0.0 0.0 0.0 0.0 0.0 0.0 0.0 0.0 0.0 3.1236035384703485e-05 0.0 0.0 0.0 0.0 0.0 0.0 0.0 0.0 0.0 0.0010021540938819663 7.959491092568112e-05 0.0 0.0 0.0 8.096075387210139e-05 0.0 0.0 8.33030160879832e-06 2.5682292266686112e-05 3.881366770221848e-05 0.0 9.33476422532867e-06 0.0 0.0 0.0 0.0 0.0 0.0 0.0 0.0 0.0026827814910874125 0.0006819183254029657 0.00021793646177634916
0.05098961867761021 0.08340373480469246 0.01010329772598588 0.0 0.005516532666146979 0.00386550896504266 0.32930509491222953 0.0006957575315022529 0.004373826817630571 0.19985183493336622 0.004765196842463434 0.011861790688462007 0.44910646200409665 0.007735554740357425 0.0 0.0 0.0 0.0 0.0 0.0 0.0 0.0 0.0 0.0 0.0 0.0 0.0 0.0 0.0 0.0 0.0038036722938424223 0.0 0.0 0.0 0.0 0.0 0.0 0.0 0.0 0.0 0.0 0.0 0.0 0.0 0.0 0.0 9.839010210635282e-06 0.0 0.0 0.0 0.0 0.0 0.0 0.0 0.0 0.0 2.6197154005707902e-05 0.002375497561328894 8.132294254338333e-05 1.1748308718229759e-05 0.0 0.0 0.0 0.0 0.0 0.0 0.0 0.0 0.0 0.0 2.8687006080423337e-05 0.0 0.0 5.8515536896744455e-05 2.4584927522133843e-05 0.0 0.0 0.0 0.0 0.0 0.0 0.0 1.0052782924430832e-05 0.0 0.0 0.0 0.0 0.0 0.0 0.0 0.0 0.0 0.0 0.0 0.0 0.00010581275445633876 0.0 0.0 0.0 0.0022026673598828637 0.0 1.644196501435287e-05 2.8017257792505217e-05 0.0 0.0 3.933902166618496e-05 0.0 0.0 2.239989040918498e-05 0.0 1.0890105710085673e-05 6.143653449065636e-05 7.538140941639708e-06 1.0456609283975546e-05 8.301264549976262e-05 0.0 0.0 0.0 0.0 0.0 0.0 0.0 0.0 0.0 0.0 0.0 0.0 0.0 0.0 0.0 0.0 0.0 0.0 0.0 0.0 0.0 0.0 0.0 0.0 0.0 0.0 0.0 0.0 0.0 0.0 0.0 0.0 0.0 0.0 0.0 0.0 0.0 0.0 0.0 0.0 0.0 0.0 0.0 0.0 0.0 0.0 0.0 0.0 0.0 0.0 0.0 0.0 0.0 0.0 0.0 0.0 0.0 0.0 0.0 0.0 0.0 0.0 0.0 0.0 0.0 0.0 0.0 0.0 0.0 0.0 0.0 0.0 0.0 0.0 0.0 0.0 0.0 0.0 0.0 0.0 0.0 0.0 7.781808467157503e-05 0.0 0.0
0.030248833219379753 0.2856953317888302 0.034887551782533076 0.005516532666146979 0.0 0.0011907725777430902 0.020382331991234858 0.001231798465836262 0.10018398456147581 0.04265311544740272 0.02705078486354275 0.00023061807899518938 0.02804492554417089 0.09473528913945986 5.444875282435238e-05 1.1773723218651305e-05 1.9398474813620204e-05 0.0 0.0 0.0 2.0707825737124605e-05 0.0 0.0 0.0 3.122098494812721e-05 4.122235056594542e-05 0.0 2.10875755672433e-05 0.0 0.0 0.005861479776859519 2.4097906079764373e-05 0.000809637507572793 0.0 0.0 8.836369489058902e-05 0.0005079152375823714 6.917453108598473e-05 0.0 0.0 0.0 0.0 0.0 0.0 0.0 0.0 0.0005097142441992762 1.917184043865075e-05 8.766499454708403e-06 0.0 0.0 0.0 0.0 0.0 2.5517639996426623e-05 1.6488003415064864e-05 0.0004751617091561385 0.00663383528006571 0.0011217490899171297 0.0002183688881344848 0.0 8.874092241762498e-05 0.0 3.0679375370017244e-05 4.2898232969069784e-05 0.0 1.658550544567842e-05 0.0 0.0 1.1451205812016719e-05 0.0015812762636541625 0.0005438654620610202 0.0 0.0024403529197629765 0.00010354518622770662 0.00010098693395659872 1.950332294580466e-05 1.5072977488668437e-05 8.85406359573492e-06 0.00012350849634445594 1.936857081444566e-05 0.0 8.532511720852777e-05 0.0 0.0 7.653868870286301e-06 0.0 0.0 0.0 0.0 0.0 7.92721410571218e-06 0.0 8.39067938360137e-06 0.0 0.0015762525423435273 7.52890809251032e-05 0.0 9.497152058813855e-06 0.013428207345100734 7.882021568256212e-05 0.0002640990081306441 7.255241296253723e-05 0.0 2.4699187002521075e-05 0.0001386089898667542 0.0008343126056930111 0.0003983943949489365 0.0007140520374144279 0.0012822505402537024 0.0001246983293222238 0.0035386422918315067 0.0016136146041621831 0.002324688234758663 0.005621382834239989 0.00010919463094450741 1.7407121548163683e-05 1.7030356481962298e-05 0.0 0.0 0.0 0.0 0.0 0.0 0.0 0.0 0.0 0.0 0.0 0.0 0.0 0.0 0.0 0.0 2.6421464495682247e-05 0.0 0.0 0.0 0.0 0.001532045419367678 3.159751685377428e-05 0.001464267585626766 4.204741929756627e-05 0.0 0.0 0.0 0.0 0.0 0.0 0.0 0.0 6.442758988264994e-05 8.657424862846634e-05 0.0 0.0 0.0 0.0 0.0 0.0 0.0 0.0 0.0 1.757761364104874e-05 0.0 0.0 0.0 0.000418963775044464 5.6206309362314666e-05 0.0 0.0 0.0 0.0 0.0 0.0 0.0 0.0 0.00129892652975172 0.00016164392933222275 0.0 0.0 0.0 0.00035482456693682957 0.0 3.7932615731805246e-05 2.8896683043421868e-05 0.0 7.571961729305013e-05 0.0 3.625414617299365e-05 0.0 0.0 0.0 0.0 0.0 0.0 0.0 0.0 0.006061576316282983 0.0012588360208101743 0.0002823181043607553
0.0003012612073471188 0.006058209355121798 0.0006204632500159115 0.00386550896504266 0.0011907725777430902 0.0 0.006658542330446528 0.0 0.0007758596670007194 0.025517772133608323 6.376574898015369e-05 0.0005274200876526014 0.010504340858030316 0.0018474035539762053 0.0 0.0 0.0 0.0 0.0 0.0 0.0 0.0 0.0 0.0 0.0 0.0 0.0 0.0 0.0 0.0 0.0 0.0 0.00011138394832935424 0.0 0.0 0.0 7.08714851811926e-05 0.0 0.0 0.0 0.0 0.0 0.0 0.0 0.0 0.0 1.1346786942309754e-05 0.0 0.0 0.0 0.0 0.0 6.345793998981203e-05 0.0 0.0 0.0 0.0021666859644630886 0.0004052000210902554 0.0 0.0 0.0 0.0 0.0 0.0 0.0 0.0 0.0 0.0 0.0 0.0 0.0021156282585940043 0.00026580848263879744 1.6774878139080175e-05 0.0 0.0 0.0 0.0 0.0 0.0 1.2168966644810447e-05 0.0 0.0 0.0 0.0 0.0 0.0 0.0 0.0 0.0 0.0 0.0 0.0 0.0 0.0 0.0 0.0038023248690356856 0.003969490491174363 0.00016413272678005998 2.4205646329288253e-05 0.0036890601612049965 0.0 0.0 0.0 0.0 0.0 0.0 0.00013644640874017327 0.0 7.700626054031664e-06 0.00018102208829542395 0.0 8.415124337585427e-05 5.1838244795102064e-05 5.724393018906752e-05 5.4106201367306496e-05 0.0 0.0 0.0 0.0 0.0 0.0 0.0 0.0 0.0 0.0 0.0 0.0 0.0 0.0 0.0 0.0 0.0 0.0 0.0 0.0 0.0 0.0 0.0 0.0 0.0 0.0 0.0 0.0 0.0 0.0 0.0 0.0 0.0 0.0 0.0 0.0 0.0 0.0 0.0 0.0 0.0 0.0 0.0 0.0 0.0 0.0 0.0 0.0 0.0 0.0 0.0 0.0 0.0 0.0 0.0 0.0 0.0 0.0 0.0 0.0 0.0 0.0 0.0 0.0 0.0 0.0 0.0 0.0 0.0 0.0 0.0 0.0 0.0 0.0 0.0 0.0 0.0 0.0 0.0 0.0 0.0 0.0 4.48030342573631e-05 0.0 0.0
0.10597890170806548 0.29221192234746146 0.023092873052923072 0.32930509491222953 0.020382331991234858 0.006658542330446528 0.0 0.0010290900062952892 0.016134651485556824 0.17847472223269345 0.018533981599269455 0.044887633080216954 0.5967762095016133 0.06681046679100215 2.9564976780067302e-05 1.0136252086715142e-05 1.7986287732780924e-05 0.0 0.0 0.0 0.0 0.0 0.0 0.0 2.611772655038351e-05 2.067824677302745e-05 0.0 0.0 0.0 0.0 0.00760770249608423 9.480784496722086e-06 0.00018827063147571347 0.0 0.0 3.9868688328351645e-05 0.0005549523375216964 2.6368658262456268e-05 0.0 0.0 0.0 0.0 0.0 0.0 0.0 0.0 0.00036112844932249935 0.0 0.0 0.0 0.0 0.0 7.174430550316138e-06 0.0 7.468074650955073e-06 6.378928893148285e-05 0.0004796744815015579 0.009037171193240842 0.001029839344942098 0.00014125872214091354 0.0 2.8378581762393608e-05 0.0 5.409527601961024e-05 3.426879331756437e-05 7.799213593716024e-06 4.8777765462030476e-05 6.672712272475962e-06 2.2564326504096078e-05 7.982351944481417e-06 0.002220305000013775 0.0003046323082662255 0.0 0.0019080288441487697 2.551046760718924e-05 8.254645409631938e-05 1.1171658660256724e-05 1.1913375581925245e-05 0.0 0.00016135181196998176 0.0 6.76711427138824e-05 0.00016029780775401336 0.0 0.0 3.8896845799837294e-05 0.0 0.0 6.182898693865694e-06 0.0 0.0 0.0 0.0 0.0 0.0 0.002947034050112122 0.00011068448365158186 0.0 8.369992252021525e-05 0.010721791177734728 0.00014858073714567966 0.0005491538352698573 0.0022281487596262444 0.0009654702065574859 8.362614341792215e-05 0.00012476121781928735 0.0015570470997631348 0.0004532796498087963 0.009289489716882787 0.001562523994088912 0.00017527981479580865 0.0043121298566977185 0.002081347771734203 0.003863327655410361 0.007048508905542901 0.00010696407502373751 2.1269438483453234e-05 7.340950421174678e-06 1.620539506596082e-05 0.0 0.0 0.0 0.0 0.0 0.0 0.0 0.0 0.0 0.0 0.0 0.0 0.0 0.0 0.0 8.814937556198399e-05 5.264759912300519e-05 0.0 0.0 0.0 0.001592685921336275 7.311535055492952e-05 0.0009642749282771034 9.684147672643715e-05 0.0 0.0 0.0 0.0 0.0 0.0 0.0 0.0 5.775871781082702e-05 7.67644217038352e-05 0.0 2.9590421390626673e-05 0.0 0.0 0.0 0.0 0.0 0.0 0.0 7.496168104381443e-05 0.0 0.0 0.0 0.0002601495300669419 1.4402955893345569e-05 0.0 0.0 0.0 0.0 0.0 0.0 0.0 0.0 0.001525935967406507 0.00011664928651071168 1.0350182299693085e-05 0.0 0.0 0.0005552448343488793 0.0 2.1395008566889725e-05 6.531694298644103e-05 2.8513072939224925e-05 6.562737927932034e-05 0.0 3.668388346420638e-05 0.0 0.0 0.0 0.0 0.0 0.0 0.0 0.0 0.0067759899525188134 0.0014088570933832173 0.0003422400703535239
0.03720132959727534 0.027826901993839276 0.23629163359264013 0.0006957575315022529 0.001231798465836262 0.0 0.0010290900062952892 0.0 0.012795359886505911 0.0010153403902088648 0.10998625338909246 2.0554898663350397e-05 0.016817012197597105 0.06543367876084835 0.0010094564245771527 0.0002879495563400775 0.0007597377094427955 0.0 0.0 0.0002609127178330336 0.0006867059608435787 5.861186308787378e-05 5.897525076028441e-05 0.00011920030694436146 0.0007490711506604715 0.00037111244447902026 1.276403947479451e-05 0.00027053325197193636 0.0 0.0 0.37257062857380113 0.04878638401339291 0.035684834537734335 1.368613851153656e-05 0.0005989753709752473 0.003270992009893537 0.009227210164544128 0.006084464989963627 0.001444641786993226 0.0003825922773115464 0.0001376363166072582 1.0904280636500996e-05 0.0007588614727782675 0.00023080651595815452 1.0346268753832559e-05 3.135909783409874e-05 0.004505404480781336 0.00029245512927434097 0.00010020399085188415 0.00013935190270133216 0.00015293988216360702 0.0 1.6839878978119344e-05 0.0 0.00019454959193193416 0.00014159092960753942 0.0016484339412761847 0.06503243412712936 0.005792424805410231 0.0015597500567242307 0.0024834951969431086 0.013034142611940434 0.0002401048299315268 0.035932987753458726 0.0001605760532213542 4.508006721261593e-05 0.00023700090437178676 0.00027858151578013943 0.00018532363802410383 0.0010946455350652456 0.002081839166867103 0.0002805013219537749 2.4125891522722034e-05 0.01567591287432548 0.006439298508876044 0.0016461943160274958 0.02236912031891823 0.02649329900652596 0.03376631861515828 0.1137562152149542 0.0035491273235414645 0.061827509452723896 0.0007371647444173672 3.487990944661762e-05 8.485945466263325e-05 0.00010588963413077155 0.00023640854647256188 0.0 7.218896506985099e-05 9.651486588516998e-06 7.906595609805446e-06 7.4494472844178975e-06 0.0001354373655224217 0.00018778699317754618 1.5902576637947516e-05 0.00013523154960555617 0.0 0.00010087729985661205 5.7028811011673485e-05 0.041350650631349774 0.0 0.0 1.2157005199551594e-05 0.0 0.0 1.926294059073294e-05 8.274856955445343e-05 8.377417566416515e-05 1.7055153338531327e-05 0.0003540635285713445 0.0 0.0004896859309273232 0.00026997331149633845 0.00041622088200391947 0.0017011861584590399 3.9013322621655066e-05 0.0 5.826965596727568e-05 0.0 0.0 0.0 0.0 0.0 0.0 0.0 0.0 0.0 0.0 0.0 0.0 0.0 0.0 0.0 0.0 1.3593868696408656e-05 0.0 0.0 0.0 0.0 0.0005783070505109846 1.6198827967698908e-05 0.0003217923954350258 0.00013613473175520523 1.4187078558122564e-05 0.0 0.0 0.0 0.0 0.0 0.0 0.0 9.439175374487473e-06 1.4888313557587322e-05 0.0 0.0 1.7854785180140983e-05 9.245159543424393e-06 1.0106317977402782e-05 0.0 0.0 0.0 0.0 0.0 0.0 0.0 0.0 0.00028881566132925974 0.0 0.0 0.0 0.0 0.0 0.0 8.359320833154137e-06 0.0 0.0 0.00031831194453210454 9.047193107869634e-05 0.0 0.0 0.0 0.00010793568053142345 0.0 9.930629955608404e-06 2.2734807788213713e-05 8.504294198217532e-06 1.7257375340229947e-05 0.0 7.35620761403058e-05 0.0 0.0 0.0 0.0 0.0 0.0 0.0 0.0 0.002269650902857381 0.0002456122736943045 0.00024260273917029826
0.023939204325489658 0.22938847447597854 0.07396293313842678 0.004373826817630571 0.10018398456147581 0.0007758596670007194 0.016134651485556824 0.012795359886505911 0.0 0.012889406414395859 0.07687274312843033 5.53964894853577e-05 0.009338720503651188 0.018042507436522238 9.36092221453769e-06 0.0 0.0 0.0 0.0 0.0 0.0 0.0 0.0 0.0 2.491591050982204e-05 0.0 0.0 0.0 0.0 0.0 0.00511626908402634 7.443120372409131e-05 0.00015172123687217398 0.0 8.104712596049255e-06 2.1309000888371562e-05 0.00011523819960798475 5.357030113455826e-05 1.3790310323702506e-05 9.63544560561225e-06 9.680001661078195e-06 8.636896156914959e-06 0.0 0.0 0.0 0.0 0.00047497107492516793 1.935153619699316e-05 0.0 0.0 7.770278523335113e-06 0.0 0.0 0.0 2.1058496894666673e-05 7.18805036931901e-06 0.00042166878489931426 0.004529250791567914 0.0008708631406215133 0.0001483795504694888 0.0 4.89683394727254e-05 0.0 3.550231687734976e-05 1.5257219105765395e-05 1.6053809823456205e-05 7.268953221396102e-06 0.0 0.0 0.0 0.0007088342500891663 0.00021180819869959512 0.0 0.001915147655098112 0.00011066873527745224 9.301642070066047e-05 3.6275634774677626e-05 2.8809369820210444e-05 9.165166171920136e-06 2.8032664918406317e-05 0.0 0.0 9.713548369283944e-05 0.0 0.0 2.339301154047344e-05 0.0 0.0 0.0 0.0 0.0 0.0 0.0 0.0 0.0 0.000550764518415855 7.093732292765193e-05 0.0 0.0 0.010014056599289908 0.0 2.573893638440068e-05 6.510462019158927e-05 7.597305972738337e-05 4.7917503383693055e-05 3.802127001423147e-05 0.0004966669215994688 0.00032430840472689543 0.00046013627480301773 0.0007694664486082212 0.00017250523122124613 0.0018505287994436527 0.0008247056767040696 0.0014600698973442165 0.004223830202982033 5.179230984973536e-05 0.0 3.746719329495839e-05 1.831031759479937e-05 0.0 0.0 0.0 0.0 0.0 0.0 0.0 0.0 0.0 0.0 0.0 0.0 0.0 0.0 0.0 1.8336008490844924e-05 0.0 0.0 0.0 0.0 0.0007971736129001852 7.415709338234313e-05 0.0007345113564636558 8.757006731928067e-05 0.0 0.0 0.0 0.0 0.0 0.0 0.0 0.0 2.8980849371204704e-05 5.227313091988036e-05 0.0 0.0 0.0 0.0 0.0 0.0 0.0 0.0 0.0 8.955906890576873e-06 0.0 0.0 0.0 0.00014677818756922575 0.0 0.0 0.0 0.0 0.0 0.0 0.0 0.0 0.0 0.0007404033321640801 0.00012811793535717845 0.0 0.0 0.0 0.0001656384181916774 0.0 3.660877025119185e-05 2.435380249032916e-05 0.0 6.706214741940774e-05 0.0 5.486278883677925e-05 0.0 0.0 0.0 0.0 0.0 0.0 0.0 0.0 0.0036474581094483867 0.0006561969578979499 0.00010487293290130355
0.09387137424280549 0.167698677805715 0.006983972359424393 0.19985183493336622 0.04265311544740272 0.025517772133608323 0.17847472223269345 0.0010153403902088648 0.012889406414395859 0.0 0.002872129691822205 0.03547406065623893 0.8032862155398531 0.02919715220977033 0.0 0.0 0.0 0.0 0.0 0.0 0.0 0.0 0.0 0.0 1.2446399138430373e-05 3.6687433372248735e-05 0.0 0.0 0.0 0.0 0.00503353601964875 0.0 0.0004958110486527583 0.0 0.0 3.4185497095558766e-05 0.0008416303002790288 6.263734763201232e-05 2.8814711667479917e-05 1.1434582699780965e-05 0.0 0.0 2.6642552428856074e-05 0.0 0.0 0.0 0.0001149757140955958 0.0 0.0 0.0 0.0 0.0 0.0 0.0 0.0 8.679444869860216e-06 6.918676120631942e-05 0.0026465906387402607 0.00010323315332546855 2.0304870255411944e-05 0.0 0.00013066086156814089 0.0 0.0 0.0 7.3759299087073086e-06 6.542041222872474e-06 0.0 0.0 0.0 0.008785790452543192 0.0007084469796730883 0.0 0.00037464792899331053 0.0 1.0101400760281911e-05 0.0 0.0 0.0 0.0 0.0 0.0 2.5570613765547606e-05 0.0 0.0 0.0 0.0 0.0 0.0 0.0 0.0 0.0 0.0 0.0 0.0 0.01847856346291118 0.00039397735662860273 0.0 0.0 0.004251872893804275 2.580121804637912e-05 0.00042437090032066067 0.00020463188356347395 0.0 0.0 0.00016181783467944776 0.0015060600538948895 0.0006822870340771658 0.0010552526116200513 0.002570815977799129 0.00025877278493446974 0.00536654112853091 0.0031890450474829387 0.0036221784090255944 0.0074486930463112284 2.3881305329179095e-05 0.0 0.0 1.1788549759331044e-05 0.0 0.0 0.0 0.0 0.0 0.0 0.0 0.0 0.0 0.0 0.0 0.0 0.0 0.0 0.0 9.955407510807043e-05 0.0 0.0 0.0 0.0 0.0008101918977463213 3.0353318864107724e-05 0.0008963789191937793 0.00019291641805710188 0.0 0.0 0.0 0.0 0.0 0.0 0.0 0.0 0.0 4.024237984433192e-05 0.0 0.0 0.0 0.0 0.0 0.0 1.1108298437700814e-05 0.0 0.0 1.7892143368560626e-05 0.0 0.0 0.0 0.00026215055177485476 8.04073472964083e-06 0.0 0.0 0.0 0.0 0.0 0.0 0.0 0.0 0.0009656478486500188 8.445902920455147e-05 0.0 0.0 0.0 0.0003571238697066041 0.0 0.0 4.212164580562504e-05 9.387804391163789e-06 3.438459999580215e-05 0.0 2.4443622189499598e-05 0.0 0.0 0.0 0.0 0.0 0.0 0.0 0.0 0.008414876407236451 0.0009352147726631804 0.0002600533714117076
0.03451386246613695 0.2123578633510367 0.3377944813889754 0.004765196842463434 0.02705078486354275 6.376574898015369e-05 0.018533981599269455 0.10998625338909246 0.07687274312843033 0.002872129691822205 0.0 0.00022085546592472697 0.1319169299855241 0.3417127695684138 0.0003500288758762701 9.549261975801596e-05 9.370963096237137e-05 0.0 0.0 1.087527608118668e-05 7.55297489404567e-05 0.0 0.0 0.0 0.0002504126449511563 9.248848266922603e-05 0.0 4.565249683293921e-05 0.0 0.0 0.05685066953941689 0.0019573176705239654 0.049980212235861826 0.0 0.00015843110659881756 0.0007086561501681277 0.00881154125232189 0.0042270368956002025 0.001932216869871001 0.0003568891912925104 9.067672942731478e-05 0.0 0.0 5.230941286388699e-05 0.0 0.0 0.0015729069215495012 1.745801617366612e-05 7.779509210711018e-06 0.0 1.3421950618279097e-05 0.0 0.0 0.0 6.421106479343659e-05 3.2987823129083246e-05 0.0004880398235902193 0.011550472537587054 0.0014624468483689932 0.00039627175299002397 5.236704521176559e-05 0.00983180173323965 3.084596163758993e-05 0.0001534095601665977 2.1866747956238232e-05 1.5481108053810396e-05 3.656378840749507e-05 3.279658746741131e-05 1.4780371801756557e-05 3.350273659577767e-05 0.003352333577487293 0.0003445225732105101 0.0 0.0034765688584412285 0.00023832400288936598 0.00044022063521086065 0.00021413731282196637 8.410929763772004e-05 4.879962310591633e-05 0.024008717740000254 4.26292289978723e-05 0.003801117501148943 0.00016189755783176655 0.0 7.882858784498303e-06 0.0 1.6929578622765946e-05 0.0 1.4744587833106012e-05 0.0 0.0 0.0 1.2986309423891099e-05 2.056121715996167e-05 0.0 0.00107871382339472 0.0001851505603196412 0.0 0.0002069864801270906 0.017474815934359848 0.0 0.0 4.052531786084225e-05 0.0 8.701325675390539e-06 0.00010127528098914749 0.00021267584239402493 0.00015052306801856166 0.000291798488161028 0.00020286741481874716 1.4463259550886326e-05 0.0010356909012567586 0.0005037783285431287 0.0008409308888730386 0.0026074363759678995 6.603470227512514e-05 0.0 0.0 8.754041578203084e-06 0.0 0.0 0.0 0.0 0.0 0.0 0.0 0.0 0.0 0.0 1.8104140356280182e-05 0.0 0.0 0.0 1.3313673018603527e-05 1.8117808814736445e-05 1.208111838761177e-05 0.0 0.0 0.0 0.0007725281995155742 5.667815838344699e-05 0.0006083013144743072 0.00016275070388086806 0.0 0.0 0.0 0.0 0.0 0.0 0.0 0.0 2.4639376688007527e-05 0.0 0.0 0.0 0.0 0.0 0.0 0.0 0.0 0.0 0.0 0.0 0.0 0.0 0.0 0.00023820389354964057 0.0 0.0 0.0 0.0 0.0 0.0 8.004069846445637e-06 0.0 0.0 0.0002504618302472969 5.136536739695529e-05 0.0 0.0 0.0 0.0001505320647733284 0.0 0.0 2.5569587704697596e-05 0.0 9.970894930408972e-06 0.0 1.0851608740812945e-05 0.0 0.0 0.0 0.0 0.0 0.0 0.0 0.0 0.002523726805078653 0.0008455791066550414 0.00026410511508423597
0.002321648733699042 0.009316039684112123 1.4961559170002798e-05 0.011861790688462007 0.00023061807899518938 0.0005274200876526014 0.044887633080216954 2.0554898663350397e-05 5.53964894853577e-05 0.03547406065623893 0.00022085546592472697 0.0 0.047681758776567974 0.0007163964914939313 9.915634180513081e-05 0.0 2.1578637172463065e-05 0.0 0.0 0.0 3.343906832335033e-05 0.0 0.0 0.0 2.6787911821327305e-05 0.0 0.0 1.9909378999656984e-05 0.0 0.0 5.435207226006268e-05 0.0 0.0033737630258753987 0.0 0.0 5.073025117190275e-05 0.0030771061781923697 0.0006616787841098896 0.0012786703228833934 8.592682893787161e-05 1.2278965154670103e-05 0.0 0.0 0.0 0.0 0.0 0.00018211824631829936 0.0 0.0 0.0 0.0 0.0 9.226716697988159e-06 0.0 0.0 0.0 9.664288029415281e-06 0.00010796295568395071 2.0736126178447057e-05 4.253143204231916e-05 0.0 0.0017979045225525187 0.0 0.0 0.0 0.0 0.0 0.0 0.0 0.0 0.010389805085474437 0.0008805881662032757 0.0 6.019274260182284e-05 0.0 6.491995162817926e-05 0.0 8.82707487554426e-06 0.0 8.094873529478619e-06 0.0 0.0004444109804800589 0.0 0.0 0.0 0.0 0.0 0.0 0.0 1.3310720680988478e-05 0.0 0.0 0.0 0.0 0.0 0.03670821288790783 0.00040161991489583984 0.0 0.0001907419480584149 0.0001456705050841171 1.5151348386977605e-05 0.0002958049415539608 0.0003184807990967256 0.0 0.00014523447168588282 0.00011391478802217776 0.0008409749539016417 0.0006208863993633823 0.0012605421222108377 0.003151314101347612 0.0003572352270329394 0.005906229485290765 0.0032421798498672217 0.004348782676536417 0.010738808660974701 9.532533825508178e-05 0.0 3.215954650970335e-05 7.89291943080103e-06 0.0 0.0 0.0 0.0 0.0 0.0 0.0 0.0 0.0 0.0 0.0 0.0 0.0 0.0 0.0 1.6078350357826438e-05 8.412545365679232e-05 0.0 0.0 0.0 0.0012939048343129204 3.4486578400236846e-05 0.0010281425892649776 3.937095694157947e-05 0.0 0.0 0.0 0.0 0.0 0.0 0.0 0.0 8.188537598398099e-05 8.744509210407964e-05 0.0 0.0 0.0 2.3648232017047127e-05 0.0 0.0 0.0 0.0 0.0 9.434508997976205e-05 0.0 0.0 0.0 0.00024016407046958634 0.0 7.715765276911734e-06 0.0 0.0 0.0 0.0 0.0 0.0 0.0 0.0015698842995382875 0.00017018795733152767 1.0724533150485936e-05 0.0 0.0 0.00029256990834761914 0.0 0.0 0.00010927980480382477 6.06987025488202e-06 7.025995600281297e-05 0.0 6.446355682829178e-05 0.0 0.0 0.0 0.0 0.0 0.0 0.0 0.0 0.013020960756472827 0.001316774080006183 0.00017065855562385865
0.10832261985179371 0.18233651274317897 0.019351841225814112 0.44910646200409665 0.02804492554417089 0.010504340858030316 0.5967762095016133 0.016817012197597105 0.009338720503651188 0.8032862155398531 0.1319169299855241 0.047681758776567974 0.0 0.21591276872278178 0.0008463167463552284 0.00015844886926396116 0.0003819894715805288 0.0 0.0 0.0 0.00022258089031331683 0.0 0.0 1.2784658742756066e-05 0.0011970817139617808 0.00019734736262877502 0.0 0.00022644517830455068 0.0 0.0 0.009801851388386571 9.601390422104914e-05 0.10463994187400168 0.0 0.0004162953049999288 0.0021585312674941635 0.022551951370249464 0.0061800769307934 0.011832708380279255 0.0013647972004886572 7.534277347725754e-05 1.1518542888928032e-05 0.0 9.36976147012206e-06 0.0 0.0 0.004140438542648336 5.969067458315117e-05 7.4984673608279294e-06 2.498369537852643e-05 2.6345574209495764e-05 4.628352966007178e-05 0.0002461762867590549 0.0 7.024247359356741e-06 1.5078618121151569e-05 0.00046597516633048263 0.007797357824084962 0.001397771928796012 0.0007819963365963337 0.00040937912755750224 0.007374281152450131 0.0 1.2225927304999439e-05 5.153501679200906e-05 1.5458729272923984e-05 0.00010459344056543547 7.026062460228332e-06 4.4325435744018626e-05 0.0002005915701624912 0.03834905185960356 0.005369937892552089 7.239831004927878e-05 0.004127106758381839 0.00025149980699131966 0.0010404056176641428 0.0003890439510623568 0.00011335064293605378 5.37914539203366e-05 0.027111228632047332 1.83273784621156e-05 0.0011336970728561663 0.00038100314491764547 7.732762835733073e-06 2.2650675816870163e-05 4.788073774734442e-05 0.0 0.0 6.8514692121625466e-06 0.0 3.380573336845339e-05 0.0 5.818952594206905e-05 7.707068928673741e-05 0.0 0.1266286117554824 0.0011377956053666874 0.0 0.0008432943578905966 0.01207157252970286 8.538175707994085e-05 0.0025417347489490125 0.001303137158445035 4.6035040729435736e-05 0.00045969460077230026 0.0009336079698646862 0.004055199203045991 0.002675705848038978 0.004919780856661901 0.012678923164443207 0.001614422421328949 0.024889542741738782 0.014627535909972228 0.018487102101195817 0.04478047798300471 0.0005362136607535302 7.617455676961009e-05 9.04516723603337e-05 0.00021161297846301964 7.769531174273563e-06 0.0 0.0 1.3489821957122844e-05 0.0 0.0 0.0 0.0 0.0 0.0 0.0 0.0 0.0 0.0 0.0 0.00010585934333213433 3.751983508050863e-05 0.0 0.0 0.0 0.007696358557324738 0.00010085600658479644 0.005538930905902969 0.0007732080184865076 0.00013252511453751623 0.0 0.0 0.0 0.0 0.0 0.0 0.0 0.0002984513968414552 0.0004034891765708318 0.0 1.1467732417400506e-05 0.0 0.0 0.0 0.0 0.0 0.0 7.613756453517306e-05 0.00026168213762559734 7.121550971882674e-06 0.0 0.0 0.0018352477948731267 8.125148732608534e-05 8.418811362563043e-05 9.27978465779664e-06 6.826311033939792e-06 0.0 0.0 8.198025457233096e-06 0.0 0.0 0.007181755448945641 0.0009436899781521086 8.04108987485603e-06 0.0 0.0 0.0026053654446964295 0.0 0.00011814405180257805 0.0005658894667744387 7.437573544586098e-05 0.000354334741777397 8.155962366766883e-06 0.00025209080954831565 0.0 0.0 0.0 0.0 0.0 0.0 0.0 0.0 0.053134824187883796 0.005746470355622727 0.0010912749938858809
0.04526879414933317 0.13549660493945767 0.15354417831633604 0.007735554740357425 0.09473528913945986 0.0018474035539762053 0.06681046679100215 0.06543367876084835 0.018042507436522238 0.02919715220977033 0.3417127695684138 0.0007163964914939313 0.21591276872278178 0.0 0.0007545026002956899 0.0001320528323936323 0.00036735764621352254 0.0 1.0089439315023053e-05 9.326686987847345e-06 0.00014239789828606207 0.0 3.983332126930155e-05 2.433193596781293e-05 0.0005316939985909359 0.0002910512641723595 0.0 0.00010829676748048346 1.7302078858165686e-05 0.0 0.05263790726026597 0.0004937667154417424 0.03899306954855723 0.0 0.00042467917717622065 0.00179489137558403 0.03835367403520457 0.006260409732337085 0.012108397139458587 0.0009929547611962346 0.00013786927179500332 8.67268475789439e-06 1.6603284323973186e-05 8.061958516523034e-06 0.0 0.0 0.004478531834785909 6.090665319725093e-05 7.052358647249354e-06 7.026532641611063e-06 3.844808662207659e-05 0.0 9.827944580579023e-05 0.0 0.0001603286606085563 8.178574462618587e-05 0.0007633331810721521 0.014315435025219418 0.002434144821585956 0.0009107508276747685 0.0002052576301312838 0.008589529696075113 1.3750041488627867e-05 0.00013453041960554638 6.932101150204827e-05 2.8079593884348156e-05 4.911819569847036e-05 6.46065533469997e-05 2.326756961813634e-05 9.80828374146562e-05 0.019968529416529997 0.0023525179874583652 0.0 0.0069613820640845175 0.0007559634036682707 0.0010990307624110108 0.00038624176498402513 0.0002225767582759434 6.830968222998754e-05 0.044313854537300586 8.481314681479059e-05 0.001598992942896825 0.0003374207289377968 7.866918168719588e-06 1.50809975940934e-05 5.9889461712974964e-05 4.058892436888435e-05 2.0238522952774287e-05 2.525028436226056e-05 0.0 1.0415893429162647e-05 0.0 2.8305494421215338e-05 0.00019474819299654739 0.0 0.019693061839474536 0.00046454119224877317 3.0028954702354096e-05 0.000787877053807409 0.021478585765120555 2.4806677878339503e-05 0.0005900679275095583 0.0005911936737611887 0.0 0.00017115345125329296 0.00019318843149797083 0.0009494816029396499 0.001311144348164991 0.0017857216334432168 0.0032955682456225557 0.0004238687458318496 0.00784318023165351 0.004868534328960525 0.006455949366445702 0.016536687666159396 0.0002635000422142522 8.885039284199074e-05 2.8187475805930706e-05 0.00013316423232267828 0.0 0.0 0.0 0.0 0.0 0.0 0.0 0.0 4.1678173273214505e-05 0.0 0.0 0.0 0.0 0.0 0.0 5.328656249720411e-05 0.0 0.0 0.0 0.0 0.003914301919911134 9.412433480221377e-05 0.002757048219341797 0.00023766549031518005 0.0 0.0 0.0 0.0 0.0 0.0 0.0 0.0 0.0001226893616261482 0.0002283557344894399 0.0 0.0 0.0 0.0 0.0 0.0 0.0 0.0 8.607649948443341e-06 3.062767163106801e-05 0.0 0.0 0.0 0.0009759819220259833 8.078658834240349e-06 9.539468383259601e-06 0.0 0.0 0.0 0.0 0.0 0.0 0.0 0.003224306569341917 0.00040927350737050204 0.0 0.0 0.0 0.0013439955477018415 0.0 0.00016374798484350333 0.0003147752880386041 4.052434314163749e-05 0.00016559740123548637 0.0 0.00019094583847057006 0.0 0.0 0.0 0.0 0.0 0.0 1.3455372871248567e-05 0.0 0.01866612495663433 0.002781698621744627 0.001044277135948726
5.455385805079045e-05 6.41964227738578e-05 0.00036716253869695014 0.0 5.444875282435238e-05 0.0 2.9564976780067302e-05 0.0010094564245771527 9.36092221453769e-06 0.0 0.0003500288758762701 9.915634180513081e-05 0.0008463167463552284 0.0007545026002956899 0.0 0.1086343078701971 0.021823842153271693 5.704512761814742e-05 0.0027764235070331395 0.0 4.764043375583649e-05 0.0 0.0 1.912658181330256e-05 2.0340470475016352e-05 9.383614449679259e-06 0.0 0.0 1.1001074692848606e-05 0.0 0.0021185161331061884 0.0012560730987375747 0.00944391505991965 9.525816137954472e-06 5.8299297467812906e-05 0.0004061827677349585 0.0077510965265153615 0.0035956520257547113 0.0030544731951696828 0.0006545198564202717 0.0 1.1356268547500743e-05 0.0002858269166973293 0.018054898578925456 0.0024472633793674384 0.003134756361309268 0.0078038282128305315 0.0005226555984153618 0.00047502016448651137 0.00033667686261552144 7.88552376331096e-05 8.534028345332639e-06 2.0148867315252177e-05 2.2270906299353682e-05 7.720532290768222e-05 3.4207546209038895e-05 0.00625893650660252 0.00197687709907925 0.0023623358306281476 0.006018801086315088 0.008095552736210083 0.01709404538369432 0.0012337263168210764 0.0007499389989494275 5.80431142388841e-05 1.7422969131337115e-05 0.00014655729998427658 0.0005355075587205076 3.855233795588855e-05 0.00015506077233014284 0.0045976714304277865 8.452421379263676e-06 0.0 0.04421660850385076 0.013979899190908548 0.03178722629548306 0.009521437634434096 0.02228963015961788 0.0037564318616865747 0.005840228764236296 0.004733551817988634 0.02558803689410825 0.0002677838902701189 1.5753719837161405e-05 9.200916170158784e-06 5.7379724594427666e-05 0.0003362756373086507 1.306439504794589e-05 1.7541512357868978e-05 8.226997586245158e-06 5.616732136617918e-05 0.0 1.0242290727425335e-05 2.178814351134733e-05 0.0 0.00010332202687146241 0.00041217793512396053 0.0 0.0008075617949658498 0.00011283203750323093 0.0 0.0 0.0 0.0 0.0 0.0 0.0 0.0 0.0 6.605422290908402e-06 0.0 0.0 6.760983615713613e-06 0.0 6.337486843575778e-06 0.0 0.0 0.0 0.0 0.0 0.0 0.0 0.0 0.0 0.0 0.0 0.0 7.26955156387823e-06 0.0 0.0 0.0 0.0 0.0 0.0 0.0 0.0 0.0 0.0 0.0 0.0 0.0 0.0 8.999899346027395e-06 1.8831724814548248e-05 0.0 0.0 0.0 0.0 0.0 1.4637737762784577e-05 0.0 0.0 0.0 0.0 0.0 0.0 0.0 0.0 0.0 0.0 0.0 0.0 0.0 0.0 0.0 0.0 0.0 0.0 0.0 7.848276133140916e-06 0.0 0.0 0.0 0.0 0.0 0.0 0.0 0.0 0.0 0.0 0.0 0.0 0.0 0.0 0.0 0.0 0.0 0.0 0.0 0.0 0.0 0.0 0.0 0.0 0.0 0.0 0.0 1.77828813989951e-05 1.0479434312545411e-05 1.895917639557047e-05
1.9805912073537712e-05 2.2077995278731794e-05 0.0002625791950643937 0.0 1.1773723218651305e-05 0.0 1.0136252086715142e-05 0.0002879495563400775 0.0 0.0 9.549261975801596e-05 0.0 0.00015844886926396116 0.0001320528323936323 0.1086343078701971 0.0 0.0312116217699685 0.0003683830307435021 0.0040044601697505604 1.0344598799266308e-05 2.4932636305348263e-05 0.0 0.0 0.0 4.3509595383609235e-05 2.3075569622196923e-05 0.0 0.0 0.00010372902328808023 9.821896843591595e-06 0.0014382778777316666 0.000660408352469642 0.00513507268828834 5.146879494827896e-05 0.0001644237636515864 0.0002090770061497817 0.004620917223467793 0.002702175236293232 0.0014867956340471292 0.0002808318370762448 1.5586009457777145e-05 3.169689034526096e-05 0.0018872226648045706 0.07442178844458543 0.01338195872389916 0.008154076622879659 0.02400960112241813 0.0029389927374994518 0.002117132853687784 0.0016833666994190432 0.00037411420209486834 3.762106073149807e-05 1.9080246171486536e-05 1.0178366904854006e-05 8.257608247192473e-05 5.8191938613367957e-05 6.21594117307134e-05 0.0030286936317167733 0.0005213132792071195 0.001988373597100999 0.01597234607355555 0.015532669992539855 0.001258997618831583 0.0021220281753340834 8.064603885143376e-05 1.0669675567614781e-05 0.0005338456929725613 0.0011486688764215183 0.000273208542348713 0.0002254387855509812 0.0019323087521146115 9.311320780851474e-06 0.0 0.0077103626615937434 0.005551247488656477 0.10796523240180103 0.05807473940147671 0.12148859043902303 0.004035012219384491 0.0018956462514805794 0.06669141948833705 0.03652288251602162 0.0005060572729994695 0.0 6.164916301921512e-05 5.142854155430061e-05 0.0019190442682524226 0.0 4.541455571519457e-05 0.0 9.81792963992138e-05 0.0 8.538799258065946e-05 1.529755896988308e-05 2.2024268756165564e-05 7.618178088652013e-05 0.0002496643848649251 0.0 0.00041410749003375325 3.767599397574115e-05 0.0 0.0 0.0 0.0 0.0 0.0 0.0 0.0 0.0 0.0 0.0 0.0 0.0 0.0 0.0 0.0 0.0 0.0 0.0 0.0 0.0 0.0 0.0 0.0 0.0 0.0 0.0 0.0 0.0 0.0 0.0 0.0 0.00011812018758822634 0.0 0.0 0.0 0.00016615095218543 0.0 0.0 0.0 0.0 8.489682288776549e-06 0.00017636152535691882 6.959441078131124e-05 0.0 0.0 2.0346423789699827e-05 0.0 0.0 0.0 0.0 0.0 0.0 0.0 0.0 0.0 0.00018408362379948332 0.0 0.0 0.0 0.0 0.0 0.0 0.0 0.0 0.0 0.0 0.0 0.0 0.0 0.0 0.0 0.0 0.0 0.0 0.0 0.0 0.0 0.0 0.0 0.0 0.0 0.0 0.0 0.0 0.0 0.0 0.0 0.0 0.0 0.0 1.2138556177676833e-05 0.0 1.0819234938283133e-05 0.0 0.0 0.0 0.0 0.0003531734489639719 0.0
