0.0 0.12419506120649022 0.021083601613631524 0.21024252877049923 0.009404158349130989 0.005144242469513328 0.1054212878136678 0.0009111758731517871 0.005051423416751275 0.2693593653579553 0.004489853572043988 0.00789197959002166 0.005966087404390308 0.0023484687080546204 2.661191882097814e-05 2.572922952743752e-05 0.0 0.0 0.0 0.0 0.0 0.0 0.0 0.0 0.0 0.0 0.0 0.0 0.0 0.0 0.06775720032229852 0.0005808161763290483 0.0007551074673935072 8.898676042369318e-06 0.0 0.0 2.3409829593438517e-05 0.0 3.763348166060634e-05 0.0 8.720848329359105e-06 0.0 0.0 9.426065322461647e-06 0.0 7.178257486749739e-06 0.00024100626932285364 3.136569977236479e-05 0.0 0.0 0.0 0.0 0.0 0.0 0.0004390125495345749 0.00019186063541048 0.01247089502778292 0.04669026888444597 0.0013005892495876036 0.001041587379934101 0.0 0.00013859726511215593 0.0 0.002953965776436346 0.0001322681339658779 9.11211445788997e-05 2.9914245308640577e-05 2.6629511402211772e-05 0.0 0.0 0.00020415978979519697 1.9751168916782005e-05 0.0 0.006015763431876377 0.005454578884412931 0.00010199289726741801 8.322496870426713e-05 7.400187738701137e-06 2.329842787620338e-05 0.00011160393743824153 0.0 0.0 0.000504576094067511 0.0 9.053094073135642e-05 0.00016784840674770934 0.0 0.0 3.713095352404337e-05 8.009660268609971e-06 0.0 0.0 0.0 0.0 0.0 0.005805646331834477 0.00040690260628573115 3.545616830546836e-05 0.0 0.04924602219691693 0.0 0.0 0.0 6.536797143175149e-05 0.0 3.7683674647616626e-05 0.0010267633558771754 0.0 7.82539842834863e-05 0.0008867985054822324 5.275969610970513e-05 0.0002129639704346788 0.00037961168641243174 6.95674226936434e-05 0.00030137383144728615 0.0 0.0 0.0 0.0 0.0 0.0 2.1065722005024807e-05 0.0 0.0 0.0 0.0 0.0 0.0 0.0 0.0 0.0 0.0 0.0 0.0 0.00039421322049376824 0.0 0.0 0.0 0.0 0.00010882742031605135 0.0 0.0 0.00019740220299473574 0.0 0.0 0.0 0.0 0.0 0.0 0.0 0.0 0.0 0.0 0.0 0.0 0.0 0.0 0.0 0.0 0.0 0.0 0.0 0.0 0.0 0.0 0.0 0.0 0.0 0.0 0.0 0.0 1.1510255126310206e-05 0.0 0.0 0.0 0.0 0.00020703711447484264 0.0 0.0 0.0 1.0826053180610953e-05 6.0149712636409156e-05 0.0 0.0 0.0 0.0 0.0 0.0 0.0 0.0 7.64191467557246e-06 0.0 0.0 9.931852885645828e-06 0.0 0.0 0.0 0.00048681389781176444 6.967183758637991e-05 1.5499134330734414e-05
0.12419506120649022 0.0 0.15199251750408502 0.022075908365976917 0.23389175551989466 0.003910551801863058 0.21064207932255044 0.027679884408339003 0.2572144922001801 0.048850100873493014 0.09041204678816989 0.0002325580770102274 0.023145245455321685 0.06562017174065536 7.616759617442911e-05 0.00017969111724981803 7.130774844634545e-05 7.938117969013407e-06 0.0 0.0 0.0 0.0 8.588367440379462e-06 6.920704116723961e-06 0.0 0.0 0.0 5.683324673150567e-06 7.479751720515943e-06 0.0 0.1408407977988444 0.011546074651784385 0.0005475627616878399 7.857855441183507e-06 0.0 0.0 5.697576376206153e-05 6.663155180828162e-05 1.2737861747410728e-05 6.393669567029921e-06 0.0 6.499992500004927e-06 1.3385216755161515e-05 4.744635114892745e-05 0.0 1.4759827746356252e-05 0.0022452053888892026 0.00011360972159146047 6.049778911103536e-06 0.0 3.174545810568822e-05 0.0 0.0 0.0 0.0005298974017145225 0.0005415959753642854 0.0058040593993509935 0.020228556753364352 0.0012070164400937462 0.001674099319721873 2.0669859934879796e-05 6.665741642953382e-05 7.406777538023207e-06 0.009700807838497994 0.0004453890549255445 7.897903138802707e-05 8.143299898079104e-05 5.170106360839521e-05 1.3535009851925369e-05 7.085953908419439e-06 6.730082506160363e-05 8.27545859635276e-05 6.83791686350162e-06 0.0076771746564791975 0.014313190620276492 0.0008972347355366423 0.0020835800144489033 0.00018727810942712757 0.00021093228414064633 0.003063251350503742 0.0 3.775899482595498e-05 0.0012072458104747143 2.7307453038555067e-05 0.00023018130352734818 0.0005110487095668541 1.4449669222611824e-05 0.0 0.00011607378910905493 6.275094109663227e-06 1.1778893480195618e-05 1.163781344883974e-05 1.4229904872611521e-05 7.575427966325364e-06 0.0 0.0002141165236074136 4.125573540144303e-05 1.2542412801865486e-05 1.3494033033532188e-05 0.037159230552470224 0.0 0.0 1.9085458657441275e-05 7.12511423430384e-05 3.145849042281889e-05 4.30011508531867e-05 5.44218317787119e-05 0.0 6.310708223042881e-05 0.00027288209255534783 0.0 0.00014728697084124057 7.203471587025389e-05 0.00015558982874533983 0.0001015205751064432 0.0 0.0 0.0 0.0 0.0 0.0 0.0 0.0 0.0 0.0 0.0 0.0 0.0 0.0 0.0 0.0 0.0 0.0 5.939001382934625e-06 0.00010768933536834997 3.0050724418513252e-05 0.0 0.0 0.0 0.00012778392765197593 0.0 0.0 2.5449192389724777e-05 0.0 1.2647493496272633e-05 0.0 0.0 0.0 0.0 0.0 0.0 0.0 0.0 0.0 0.0 0.0 0.0 0.0 1.3715169235130492e-05 0.0 1.2090469902272429e-05 0.0 0.0 0.0 0.0 0.0 8.72544345236464e-06 1.9098100020923394e-05 0.0 0.0 0.0 0.0 0.0 0.0 0.0 0.0 5.3689022900187016e-05 0.0 0.0 0.0 0.0 7.173756503734519e-06 0.0 0.0 0.0 0.0 2.7704925038969233e-05 0.0 0.0 0.0 0.0 0.0 0.0 0.0 0.0 0.0 0.0 2.2555385025687853e-05 0.00010233357215584909 2.727504841667132e-05
0.021083601613631524 0.15199251750408502 0.0 0.0006957865113866218 0.16672123751197887 0.000352580882154112 0.031230671330409392 0.11342823428933499 0.12524128219529043 0.013718236738280572 0.1994542253760496 0.0002215039028500411 0.007299597851321992 0.11221222473816841 0.0001984942862315174 0.00043764737982936544 3.677159866927309e-05 0.0 0.0 0.0 9.074036332589889e-06 0.0 8.719020103460228e-06 1.76979102393166e-05 9.037530481562843e-06 0.0 1.0292147093797731e-05 2.850670305735539e-05 0.0 0.0 0.3276023007649286 0.02143647918205815 0.007483560884432334 2.576004059122433e-05 1.907625135708413e-05 1.0352177709795959e-05 0.0012635019476855912 0.000768807275438044 0.00015204004710704755 1.2514532356907615e-05 2.5874529827272275e-05 0.0 0.0 6.464478393310636e-05 8.122860878268736e-06 9.843749588100814e-05 0.001163340785760384 3.623299786207328e-05 2.8667618998627158e-05 0.0 0.0 0.0 1.5211435698592463e-05 0.0 8.371613864634642e-05 9.81478039368974e-05 0.0006804492623661898 0.003624702262635656 0.00022851098109005324 0.000377178491013183 0.0011130905033101299 0.0016844444891186941 1.0723129519894939e-05 0.005747078795224431 8.090904785686674e-05 0.0 6.938948173977528e-06 0.0 8.461340531273521e-06 0.0 0.0006908360972358986 5.8420508363867325e-05 0.0 0.0010441357167275918 0.0031338888686068644 0.0006795837713574017 0.0017499580043863422 0.00040393599391831453 0.002748049912905284 0.019788825501624148 0.00015707661572108135 0.0017836710766311326 0.00023263286372862067 8.068609639067257e-06 4.440782674369143e-05 6.836201537373738e-05 4.775898664589532e-05 0.0 4.198346617788163e-05 0.0 7.955950675439727e-06 8.766403898585591e-06 0.0 0.0 0.0 0.00035998435728856184 1.038918564077136e-05 0.0 0.0001403925699835498 0.010043131791124033 7.985324398939626e-05 0.0 1.928181898724058e-05 0.0 0.00016182871238525 0.0003441660119871881 4.8130693622438344e-05 3.454769352284131e-05 0.0003156455181034254 0.0007092644171483348 0.00011313377913390159 0.0004169340585989568 0.00014175772468093479 0.00027115890983131697 0.0004819857517254194 0.0 8.85099823031768e-06 0.0 0.0 0.0 0.0 0.0 0.0 0.0 0.0 0.0 0.0 0.0 0.0 0.0 0.0 0.0 0.0 0.0 0.000709976846765478 0.00010449992570602768 0.0 0.0 0.0 0.0009064010682847372 5.2263084466881315e-05 0.00029993464246925663 9.698665673809023e-05 0.0 0.0 0.0 0.0 5.5127612247408644e-05 0.0 0.0 0.0 3.776198274738672e-05 4.572132109813011e-05 0.0 0.0 0.0 0.0 0.0 8.520330149987537e-06 0.0 0.0 0.0 6.330780096891018e-05 0.0 0.0 0.0 1.584290355971677e-05 1.5201842970014099e-05 0.0 5.2792567338497395e-05 7.0402557648597946e-06 0.0 0.0 0.0 9.459887501590865e-06 0.0 0.00038199964072459556 0.0 0.0 0.0 0.0 6.802216659782997e-05 0.0 0.00010892591189331023 3.4780621099313516e-05 6.462539041292757e-05 7.657351314593102e-05 0.0 0.0 0.0 0.0 8.549738664353422e-06 0.0 0.0 0.0 0.0 0.0 0.0001386563618321632 0.00040535261181040517 0.0004981119920977269
0.21024252877049923 0.022075908365976917 0.0006957865113866218 0.0 0.0007739823679780445 0.022746698548808095 0.09690181231460565 0.00010679462139648111 0.00045714811386017194 0.13290113490151967 0.0008879124967319777 0.0036090304230352987 0.003850910760338666 0.00028386110275500584 1.1122093434503452e-05 0.0 0.0 0.0 0.0 0.0 0.0 0.0 0.0 0.0 0.0 0.0 0.0 0.0 0.0 0.0 0.009983711898080366 0.0001234850591029204 9.456206662078226e-05 0.0 0.0 0.0 9.324967841122983e-06 0.0 3.092081191465464e-05 0.0 0.0 0.0 0.0 0.0 0.0 0.0 0.000211928055686684 1.635155557086714e-05 0.0 0.0 7.871891850174286e-06 0.0 0.0 0.0 0.00013705216250545712 0.00013187211977096593 0.0031063379262353153 0.008792592326613615 0.0008166312364137769 0.0006579717270194497 0.0 0.0 0.0 0.001479861833401782 0.00013508955313475306 1.3318560184627538e-05 0.0 8.491191094289583e-06 0.0 6.862683867040656e-06 0.0 0.0 0.0 0.003668581551659591 0.004100580809714793 7.983699119759002e-05 0.00012257556105952903 7.792289666624279e-06 8.500624194188712e-06 2.16012844099285e-05 0.0 0.0 0.0003711737144283194 0.0 5.329143970543646e-05 4.783941630631672e-05 0.0 0.0 0.0 0.0 0.0 0.0 0.0 9.679969744601947e-06 0.0 0.00037051138092950085 5.019031834620536e-05 0.0 0.0 0.02337989809390687 0.00021155824890538026 0.00069054580566098 0.0013094972113803218 0.0008896633088609923 0.0 0.0002482384437836218 0.00039344414179636595 0.0002638845354144553 8.578472372353945e-05 0.0003556960010384248 0.0 0.0001981933991324713 0.0002333624998166024 4.9575380921641336e-05 0.0 0.0 0.0 0.0 7.85465741020816e-06 0.0 0.0 0.0 0.0 0.0 0.0 0.0 0.0 0.0 0.0 0.0 0.0 0.0 0.0 0.0 3.288309111321874e-05 0.0 0.0 0.0 0.0 2.8046066534308877e-05 0.0 0.0 0.0 0.0 0.0 0.0 0.0 0.0 0.0 0.0 0.0 3.1033203466135764e-05 1.4421618916367085e-05 0.0 0.0 0.0 0.0 0.0 0.0 0.0 1.110323678513899e-05 0.0 0.00024409386726782377 0.0 0.0 0.0 0.0 8.757528816889925e-06 2.5275790620607063e-05 0.0 6.308811234020643e-06 0.0 0.0 0.0 0.0 0.0 1.2564584816106266e-05 0.0 0.0 0.0 0.0 0.0 0.0 0.0 3.0798232779004174e-05 6.928486424140743e-05 0.0 7.847188970976479e-06 0.0 0.0 0.0 0.0 0.0 0.0 0.0 0.0 0.0 6.246783622314816e-05 1.2939848647065986e-05 8.198473027011829e-06
0.009404158349130989 0.23389175551989466 0.16672123751197887 0.0007739823679780445 0.0 9.275710455538191e-05 0.06035180420574908 0.014327525915891528 0.12216846132615009 0.02183034953720328 0.04754193948845114 0.0014048141807849646 0.04137049442087364 0.06343363098422578 0.0001232436214077584 0.00020669569874561813 8.495773631187716e-05 0.0 0.0 0.0 0.0 0.0 8.195404609066626e-06 1.3843103435447442e-05 0.0 2.016443119513696e-05 0.0 0.0 1.4185496037614896e-05 0.0 0.033970705742955805 0.00742573210662107 0.00010850200906735434 6.543616835082264e-06 6.2363057049579556e-06 0.0 4.7685211932397984e-05 1.9087151130745416e-05 1.982951010198348e-05 0.0 5.821316844606711e-06 7.146303099602284e-06 0.0 5.318679730772335e-05 1.2872236350978165e-05 6.328855548045529e-06 0.002764429135400696 0.00014957330103385907 5.9817013724548806e-06 1.6366596139754618e-05 1.692261489168428e-05 0.0 2.7474510932021062e-05 0.0 0.00040542606897197865 0.0005566568198227178 0.0018699286358514636 0.00525662358919205 0.0006828393832624786 0.0013970399161977903 3.36746344774404e-05 4.682237730855393e-05 1.7639470452719938e-05 0.0060893697872569045 0.0004935717223498099 0.00018239753043595926 0.0001140535766379725 3.7540965585124e-05 1.2757283918890919e-05 0.0 0.00012229260421776884 6.8189135467609455e-06 0.0 0.00503973810217341 0.010729477863785326 0.0013316917472494362 0.0026762020546831984 0.0005033144885842561 0.0005924895648027065 7.450243165356001e-05 4.191480606277116e-05 5.5342140230991125e-05 0.0012247676956454005 1.839613119857365e-05 0.00033392197929670156 0.0002591768840815839 5.0350657850579896e-05 5.484499649256988e-06 9.320785467401073e-05 6.7829309230713764e-06 1.1836559340567547e-05 0.0 0.0 0.0 0.0 0.00020551882198234227 2.5736432601044324e-05 1.3967423478744898e-05 5.743081055263962e-06 0.002765827359157288 2.7757746441796067e-05 0.0 0.0 0.0 2.8103805046195077e-05 6.0174852106866394e-05 4.1048367514515264e-05 1.950407531828887e-05 0.00016665230223249843 0.00028371340188541806 1.3546235704683544e-05 0.00039319465581420587 0.00015109668390757486 8.312876991329407e-05 9.440886777110798e-05 6.804972642108168e-06 0.0 0.0 0.0 0.0 0.0 0.0 0.0 0.0 0.0 0.0 0.0 0.0 0.0 0.0 0.0 0.0 0.0 0.0 8.487412669808724e-05 9.32584920972796e-06 0.0 0.0 0.0 0.00012204769050579052 0.0 6.6469191022810674e-06 2.9036005152903116e-05 0.0 0.0 6.77547271644734e-06 0.0 0.0 0.0 0.0 0.0 1.6712377781573428e-05 3.175164576352992e-05 0.0 0.0 0.0 9.993842704920765e-06 0.0 1.1809480790961964e-05 0.0 0.0 0.0 0.0 0.0 0.0 0.0 0.0 1.1035431433853641e-05 0.0 0.0 0.0 0.0 0.0 7.280805951852176e-06 0.0 0.0 6.718195558731066e-05 0.0 0.0 6.59599073186818e-06 0.0 6.607998151198127e-05 0.0 0.0 0.0 5.555297015017143e-06 0.0 0.0 0.0 0.0 0.0 0.0 0.0 0.0 0.0 0.0 0.0 9.707951697027633e-05 0.00010229764956345772 1.060820710345678e-05
0.005144242469513328 0.003910551801863058 0.000352580882154112 0.022746698548808095 9.275710455538191e-05 0.0 0.0031287501154674733 6.308364273718798e-05 0.00044131587131327144 0.06227014041457798 6.075217446573487e-05 0.017336792778313737 0.00943528899089797 0.0025661209878061167 0.0 0.0 0.0 0.0 0.0 0.0 0.0 0.0 0.0 0.0 0.0 0.0 0.0 0.0 0.0 0.0 0.0012677870506486715 3.2994861886502865e-05 0.0016456864834442086 0.0 0.0 0.0 0.0011226003504952768 0.00010211671454859325 0.0002648660512326116 0.0 0.0 0.0 0.0 0.0 0.0 0.0 1.2447504683803125e-05 0.0 0.0 0.0 0.0 8.175390856429899e-05 2.699139507541755e-05 0.0 9.168492169394425e-06 9.49280102516139e-06 0.013892769527071486 0.0018837750017833142 0.00016511856668854333 0.0001080128651815883 2.331179575482816e-05 0.0006296506605190838 0.0 0.0 9.215258597191995e-06 0.0 4.012636317806267e-05 4.134172136781456e-05 0.0 0.0 0.0026277516411884346 0.004664173318625954 0.0003484093863763006 0.0005113630143432154 0.0001736417810695385 0.0 0.0 0.0 4.825203051952096e-05 3.13957740884013e-05 0.0 0.0001754072155948748 2.853506034182943e-05 4.848147423417766e-05 0.0 9.300425272778251e-06 9.233968579180244e-06 2.073991987071582e-05 0.0 0.00039444660035149823 0.0 0.0 0.0 0.0 0.0 0.009733473572311621 0.004560397066126347 0.0009745338207198867 0.00047347872669406316 0.05564607056894584 5.1171830753492536e-05 0.0 0.0 0.0 0.0 1.1848886221908107e-05 0.00041567625145965873 0.0 8.225349039203465e-05 0.0003349293010691596 0.0 9.327135721378226e-05 0.00020931419643667335 0.00010692831109751033 0.00011908232753976707 0.0 0.0 0.0 0.0 0.0 0.0 0.0 0.0 0.0 0.0 0.0 0.0 2.180841967557585e-05 0.0 0.0 0.0 0.0 0.0 0.0 2.4198736355757505e-05 0.0 0.0 0.0 0.0 0.00010885238719652635 0.0 0.0 0.0 0.0 0.0 0.0 0.0 0.0 0.0 0.0 0.0 0.0 0.0 0.0 0.0 0.0 0.0 0.0 0.0 0.0 0.0 0.0 0.0 0.0 0.0 0.0 0.0 0.0 0.0 0.0 0.0 0.0 0.0 0.0 0.0 0.0 2.6693293292171914e-05 5.9973679040605676e-05 0.0 0.0 0.0 1.5987488941364207e-05 0.0 1.4486851107917157e-05 0.0 0.0 0.0 0.0 0.0 0.0 0.0 0.0 0.0 0.0 0.0 0.0 0.0 6.042192592231809e-05 6.594911532848769e-05 0.0
0.1054212878136678 0.21064207932255044 0.031230671330409392 0.09690181231460565 0.06035180420574908 0.0031287501154674733 0.0 0.00780854126121543 0.08286571543677901 0.172162920035304 0.022529741085627296 0.007018341483400761 0.24951591476130555 0.06834602152284275 0.0002377365589309662 0.0003351448042202504 0.0001460474759765805 2.749541444400103e-05 0.0 6.37989920583786e-06 0.0 0.0 0.0 1.3129037965429109e-05 6.485064489801525e-06 0.0 1.3223602950048497e-05 0.0 0.0 0.0 0.06349089014858368 0.0066010601130440565 0.0007724126590197467 5.367879302123942e-06 0.0 0.0 0.00038815811653364725 8.853094686971571e-05 1.8541422289061518e-05 6.677857732576497e-06 0.0 0.0 0.0 8.792537228114501e-05 0.0 1.7005772565303296e-05 0.004802477185884597 0.0003246371051999321 9.514666811564102e-05 1.3729632684946905e-05 7.829601540155362e-05 1.3575410915595168e-05 1.7265237386436783e-05 0.0 0.0010924730571792059 0.0012300344310783643 0.007662053237712215 0.022252057888697815 0.0019304516285572977 0.003046791415586851 1.4569536035063063e-05 0.00036098433887047076 6.777347330167531e-06 0.012310078000695113 0.0008542990853104129 0.0002033604413389522 0.00020238817613919198 9.067389674078016e-05 3.990098999472634e-05 0.0 0.00048635000322644437 3.778251140484004e-05 0.0 0.01322856577328251 0.02401982443009123 0.001731944978265965 0.004053903886536276 0.0006667873999005754 0.0008169850069934694 0.00018803830417457427 3.6689098952325514e-05 7.680506307232756e-05 0.0027542291977452386 1.834667291279213e-05 0.0004874869639516528 0.0006660597427989118 0.00014505682994371118 0.0 0.00013046746413829678 9.086801169537568e-06 5.910696148324804e-05 0.0 1.1791864674730762e-05 1.4848075119016882e-05 6.325538818821522e-06 0.0031967494374276536 4.989579251824401e-05 5.3161051043632884e-05 3.9673851004397753e-05 0.011705183448716624 0.00015439725652628727 0.0002046928493042712 0.0016821440481601358 0.0022959075954792686 0.00022260522476717673 0.0013546181117132636 0.0012195184821886774 2.060110022238828e-05 0.0016510149583386475 0.002305903510628324 0.00011327390241644283 0.0019338283580405662 0.0013724642126229875 0.0010359052691893045 0.0009745716922829463 0.0 0.0 0.0 0.0 0.0 0.0 0.0 0.0 0.0 0.0 0.0 0.0 0.0 0.0 0.0 0.0 0.0 0.0 0.0 0.0010031023062156683 0.0001903276857307919 0.0 0.0 0.0 0.0008027990122867754 0.0 0.0006334014849284328 2.9623352738566323e-05 6.435509335334325e-06 0.0 0.0 0.0 9.592081195382663e-06 0.0 0.0 0.0 2.1431187090905623e-05 6.618781273132286e-05 0.0 0.0 0.0 0.0 8.19019962264557e-06 3.068062464414666e-05 6.3853832013606465e-06 2.3621406834063684e-05 7.056840093153672e-06 5.3378120806953873e-05 0.0 0.0 0.0 5.462115478951077e-05 0.00017018656850890864 7.25404563634429e-06 0.0 5.424364319573881e-06 0.0 5.98896243083833e-06 5.932921167473174e-06 0.0 0.0 0.0004905993145745112 0.0 0.0 0.0 0.0 7.025969339155607e-05 0.0 0.0 9.382106312897004e-05 7.628066137258006e-05 6.107980960115965e-05 4.600696024744046e-05 7.190005202497707e-06 0.0 0.0 0.0 0.0 0.0 0.0 0.0 0.0 0.0005530640898836265 0.00041961759337984293 0.0002803799055105275
0.0009111758731517871 0.027679884408339003 0.11342823428933499 0.00010679462139648111 0.014327525915891528 6.308364273718798e-05 0.00780854126121543 0.0 0.05115056370731974 0.007102697194133485 0.12508442253302202 0.0005993525061903729 0.006222027488533792 0.16874497310227607 0.0005672378511667964 0.0019276710808109566 0.00022897012979194837 2.296506384484624e-05 6.519342292840392e-05 2.4735164439267795e-05 0.00012508505146353757 0.0 0.00010701053555731232 9.421453281544806e-05 7.402963913372058e-05 3.8857411364693825e-05 7.000042844735853e-05 5.180112248005811e-05 2.5510710144700448e-05 0.0 0.11264287010592176 0.13551227347170158 0.04759803417796623 0.0004017692426607856 0.00023199879269211198 6.497213187334329e-05 0.007485856834640484 0.003907202085440705 0.0014186548829684847 9.85252459489374e-05 0.00011694334416851202 2.9116462100278233e-05 0.00015910134998148122 0.00045545578585905384 0.00014703402964856636 0.00039938003655962015 0.005793466461003575 0.00025826404577397095 5.111633113615862e-05 0.00015865958852649296 2.9894975944101187e-05 8.242731101589188e-06 0.00021326048411721827 8.899465999679354e-06 0.0003408621458331623 0.0004398710687266891 0.0012362735388123823 0.0054660293279010464 0.0006127980564467188 0.001989888502613344 0.004295798891600526 0.009462800076239493 0.000242674462695585 0.03053227977448208 0.0003826798076120142 0.00010499920191988166 9.626433901109476e-05 2.664009328286229e-05 3.977763659176423e-05 0.00017587478163981723 0.004545922079385906 0.0017666039766373561 0.0 0.004178954346328589 0.016013156538872548 0.002684884576439544 0.012693781150591199 0.019370803377110172 0.03943397938595948 0.15152266107410872 0.0016004954303997876 0.017668885292883865 0.0012468687184419619 0.0 0.0002275698492812205 0.0003408418873165508 0.00013174297266555635 2.184600540779616e-05 4.448962825571084e-05 1.0980390919515969e-05 2.5257985883308302e-05 2.776374957161328e-05 0.00011785193082764929 6.928423118408125e-05 4.183006301714133e-05 0.0013966119285148634 0.00018364916560741396 9.425392699052577e-06 0.00039883384997928766 0.002105470523854947 0.00026758282288746996 2.7465268499711002e-05 0.00011459772897590559 0.0 0.0007615541036663924 0.0005668140022325741 7.845741193429768e-05 2.2788903364707992e-05 0.000488070495456839 0.0018194630368246652 0.00028969609377429273 0.0016843073503467157 0.0008184895659621653 0.0008101815494594663 0.0014621722456833485 0.00011271457307485373 2.0583023979900055e-05 0.0 0.0 0.0 0.0 0.0 0.0 0.0 0.0 0.0 2.6667348856580095e-05 0.0 0.0 5.687941284632152e-06 0.0 0.0 0.0 0.0 0.004510890554065013 0.0008906864645705171 7.964128575467985e-06 0.0 7.662677591523418e-05 0.0027640363301515416 0.0002864442331431777 0.001684769946755212 0.0005705060566831864 1.1415362698246235e-05 0.0 0.0 0.0 8.801699573215398e-05 0.0 0.0 0.0 0.00010460036830047715 0.00015931681458974993 0.0 7.489650745149749e-06 0.0 1.2780501023458966e-05 9.650237197660694e-06 0.0 0.0 0.0 1.7514814779891795e-05 0.00019181088856516296 0.0 4.382274397518653e-05 5.1500951663547064e-05 0.0003349675416882691 0.00035667244284753787 5.8099679276872815e-05 0.0 0.0 0.0 1.842426984633104e-05 0.0 0.0 1.70583054085946e-05 0.0012988530175601324 6.363965398520538e-05 0.0 0.0 0.0 0.0001955925943022046 0.0 8.939056640823834e-05 0.00011428164918320508 0.00033832984353584844 0.00017115917991189413 9.645050152411708e-05 3.174793132695552e-05 0.0 0.0 0.0 0.0 1.1036956774566284e-05 0.0 0.0 0.0 0.0007004351168214371 0.00271300269485731 0.002184168226750177
0.005051423416751275 0.2572144922001801 0.12524128219529043 0.00045714811386017194 0.12216846132615009 0.00044131587131327144 0.08286571543677901 0.05115056370731974 0.0 0.06824391369156194 0.18187357780238433 0.000672881160264763 0.07666101910920639 0.09256856092786347 0.00023600676696565874 0.0004225340223106831 0.0001258525383082775 7.061008857507416e-06 8.325655471753944e-06 6.351922574368147e-06 5.645198318159796e-06 0.0 8.256760688841537e-06 1.4925428175406967e-05 0.0 6.996852454107546e-06 4.4089748181631356e-06 0.0 0.0 0.0 0.024233555542872855 0.00862173543839671 0.0016520615569522816 7.030657578890692e-06 0.0 6.403430110373625e-06 0.00038133309480229734 0.00021129568769717404 2.4428353342570305e-05 3.064008441701291e-05 2.3634989938535883e-05 0.0 1.520812306241151e-05 3.654401694812048e-05 9.603582646373354e-06 0.0 0.004127425699430283 0.00015478688420968238 3.589064550816256e-05 1.0822912111151477e-05 2.036305429557305e-05 0.0 2.4434188657622165e-05 0.0 0.00043533414606473204 0.0004968467451704987 0.0016963075406804496 0.0042566206859397035 0.0006736792808080907 0.001967657146411061 1.3729403815622619e-05 0.000521954799475753 0.0 0.00622465756612583 0.00048474335830651157 7.735022332211343e-05 8.812803623833931e-05 3.247268918978691e-05 5.3234462499558895e-06 7.050203906010287e-06 0.00036530613289477654 5.89189192402017e-05 0.0 0.005551515595793115 0.010725135214342294 0.001758399160416866 0.004318341607293604 0.0010473173233444127 0.0014799342887910673 0.002724984089937325 8.625610721330646e-06 0.00022994706924687992 0.0012768364151409732 7.238153032327078e-06 0.0003152299937366075 0.00035467535743407625 3.427328704802757e-05 1.1924928140172204e-05 0.00010574514503249014 0.0 1.4652645274339244e-05 1.2872167110333114e-05 0.0 3.333315189517933e-05 1.589972932300122e-05 0.0011220672828001165 0.00011366442579409363 3.954610064993145e-05 4.62471707118591e-05 0.002260441369884835 0.00021700848091598865 0.00011057360389554205 1.6832728255279256e-05 1.4329646874524421e-05 0.0004070742944341556 0.0007173079889608474 0.0008977470245576359 4.498111745514859e-05 0.0009488575879139528 0.0023750550064725825 0.00014033154134721946 0.0018676867196101453 0.001555036076336447 0.0010985425805889308 0.0012361803791058788 1.0891694676466739e-05 0.0 0.0 0.0 0.0 0.0 0.0 0.0 0.0 0.0 0.0 0.0 0.0 0.0 0.0 0.0 0.0 0.0 0.0 0.001408377870583565 0.0003602500626360099 0.0 0.0 8.104446959728296e-06 0.0007911630106916623 0.0 0.00025395174249325404 0.00011906053208548764 0.0 0.0 0.0 0.0 0.0 0.0 0.0 0.0 0.00011163843155860594 6.629204957668638e-05 2.855512580324344e-05 8.57932181522308e-06 0.0 0.0 0.0 5.539440566213602e-06 0.0 7.047809475821832e-06 1.0282044781358757e-05 7.735599383065023e-05 0.0 0.0 0.0 0.0001599784625038564 0.00019391198809422843 0.0 7.0680857289532916e-06 0.0 0.0 0.0 0.0 0.0 0.0 0.000583516887565124 1.5575877523708984e-05 0.0 0.0 0.0 0.00013157259838395327 0.0 0.0 7.064716472343384e-06 0.00015506983832274724 0.0 1.7544921158098923e-05 2.4130870973173993e-05 0.0 7.413561756890494e-06 6.105982531843293e-06 0.0 0.0 0.0 0.0 0.0 0.0005450647870604727 0.0004482964921229619 0.00047527477377059797
0.2693593653579553 0.048850100873493014 0.013718236738280572 0.13290113490151967 0.02183034953720328 0.06227014041457798 0.172162920035304 0.007102697194133485 0.06824391369156194 0.0 0.0032767183630929755 0.0770402594532642 0.5213253138938 0.07807429583080751 0.00046606622981054137 0.0007267117854003826 0.0003112826063918279 2.6772692870090587e-05 6.034365875297857e-06 0.0 0.0 0.0 8.736539692092673e-06 2.323461597059416e-05 7.416252932700593e-06 0.0 8.00664601526789e-05 0.0 4.6140411187624655e-05 2.8474091054623418e-05 0.043730663987178224 0.006066452101749793 0.006823824347076614 0.0 6.741303310832103e-06 8.96100483382677e-05 0.003956892188219674 0.001241026507294722 0.000148158182559875 2.7472887017188118e-05 7.41023138418963e-06 8.260448520636063e-06 0.0 0.00012322736247638761 6.6354087830304155e-06 1.4040832888149377e-05 0.00887432985140873 0.0005796327056734073 0.00013585196290066752 0.0 9.112835959054876e-05 0.0 2.3288519301135775e-05 0.0 0.0021493796276277712 0.002017869956028866 0.02049522182970341 0.04149032369125178 0.004484502602467081 0.0059299803757267965 6.703140664192891e-05 0.0024831709320907417 0.0 0.01456804905128017 0.0018015384313491048 0.00037011025793467963 0.000343201730267911 0.00012195427396083563 6.864641569534908e-05 0.0 0.005181047565646981 0.00047204467994246124 0.0 0.025110013691694723 0.03465259831940525 0.0035166255746336777 0.007466040545749749 0.0009994319182884787 0.0015336837884489462 0.0003407348678840823 7.156394497259776e-05 0.00023879755823442395 0.004863030184006911 0.00012457393612264064 0.0008594511466382174 0.0011369771273962571 0.0002136202472530336 3.687944694296075e-05 0.0002444993766404546 0.0 7.070171782456079e-05 2.011896499068389e-05 1.3788773746254035e-05 5.4156563022523326e-05 1.7689836711886296e-05 0.02780887223059039 0.003276684645286444 0.00011341378216292223 0.0003623652504192781 0.11049522217727634 0.0004010168362921029 0.0006590546936849954 0.003475704052570026 0.0030279752975812656 0.0007806061146581443 0.0026516694269757032 0.008655049138786933 0.0003157405790284286 0.004504011109868827 0.010814740515091703 0.0005484146747084597 0.006496367188078753 0.005130388439017266 0.004638072785968889 0.003020793141471005 1.4251592543423866e-05 9.522881480762492e-06 0.0 0.0 0.0 0.0 0.0 0.0 0.0 0.0 0.0 0.0 1.2110085128950155e-05 8.583337772636023e-06 0.0 0.0 1.7130131492509803e-05 0.0 0.0 0.0022538539759077345 0.0014557761905543904 0.0 0.0 0.0 0.0021558618433596046 2.7464778698891826e-05 0.0006630401251828177 3.602822496444376e-05 0.0001344024253454418 0.0 0.0 0.0 1.1618844922965057e-05 0.0 2.63081242970138e-05 0.0 9.32361440821874e-05 0.00023427397684631186 0.0 0.0 1.0505362574906542e-05 2.4799172128769914e-05 0.0 0.0001238741792489763 0.0 2.748106150634716e-05 6.4914625982737505e-06 0.00032846884736508717 0.00011109276479474182 0.0 0.0 0.00017891008277364572 0.0003875696631441848 2.2314838249564684e-05 6.431870620056486e-06 0.0 0.0 0.0 0.0 2.13043211748266e-05 7.916693617304408e-06 0.001986703145745823 0.0 0.0 3.18969385594524e-05 6.921746478355858e-06 0.00046539425310228007 0.0 6.821355319814095e-05 7.824234230468397e-05 0.0002943320503417137 5.537992038275664e-05 5.759848206147726e-05 1.753908788956859e-05 5.843565944491734e-06 0.0 1.3877600284507248e-05 0.0 8.412762249749302e-06 0.0 1.1304399618792068e-05 0.0 0.004009028800384784 0.0011888974038171004 0.0006596145407965311
0.004489853572043988 0.09041204678816989 0.1994542253760496 0.0008879124967319777 0.04754193948845114 6.075217446573487e-05 0.022529741085627296 0.12508442253302202 0.18187357780238433 0.0032767183630929755 0.0 0.0005539475241110036 0.019705730369703047 0.15526530601511182 0.00018041997088440198 0.0007016899394501725 8.598764656570712e-05 0.0 1.6584176851283918e-05 0.0 0.0 0.0 0.0 2.5814484203449495e-05 0.0 0.0 1.1460304993187993e-05 7.98991952194516e-06 7.702529232380178e-06 8.180203729326078e-06 0.05642700932760085 0.054643024643716114 0.010680539637325966 0.0 0.0 1.0640133521476675e-05 0.0018358168879105137 0.0009461222679523072 7.892426715409575e-05 1.1673607110374836e-05 0.0 0.0 0.0 4.7772661502749376e-05 0.0 3.223909717599175e-05 0.0018510464438518065 5.985376959228926e-05 1.026242341511645e-05 0.0 1.8832391262606165e-05 0.0 0.0 0.0 0.00022940506950850804 0.0001284559937250107 0.0005163269560012426 0.0018902937162033502 0.00021972747168235774 0.0005624652544964759 7.655316935758911e-05 0.001941159249878136 0.0 0.004897214958316652 0.0001350121028685904 6.400782593689468e-06 2.6169084306535013e-05 1.424399721985742e-05 2.2513653040850623e-05 0.0 0.0006868331379633577 3.49795034258099e-05 0.0 0.0016696027234255498 0.0047725643008306 0.0007358625693600771 0.0025265574821727583 0.0023294422144576345 0.009051792984112536 0.030764620975466353 4.495445605484791e-05 0.008752852225273207 0.00040863152233982435 0.0 0.0001247906869696901 0.0001249537108281363 1.3490099619154229e-05 7.049198381765904e-06 3.23449528198844e-05 0.0 6.523668707569223e-06 0.0 0.0 2.779497198622734e-05 0.0 0.00028801325822219807 0.0 0.0 7.677958831342656e-05 0.0022816334836951177 0.00011119519660811711 7.755327168426819e-05 0.0 0.0 8.743368388694514e-05 7.79503766751549e-05 0.0 0.0 3.740301195648997e-05 0.00019618906323432084 9.72191115680893e-06 0.0002560847834481639 8.077778805906583e-05 0.00026783156598231516 0.00013574991105812267 0.0 0.0 0.0 0.0 0.0 0.0 0.0 0.0 0.0 0.0 0.0 0.0 0.0 0.0 0.0 0.0 0.0 0.0 0.0 0.00038687100457040753 0.00011587781250204229 0.0 0.0 0.0 0.00021474763196292272 0.0 6.038264362375059e-05 1.2641895577718091e-05 0.0 0.0 0.0 0.0 8.741698972866257e-06 0.0 0.0 0.0 9.988524477641796e-06 0.0 0.0 0.0 0.0 0.0 0.0 0.0 0.0 0.0 1.4650695621496327e-05 0.0 0.0 0.0 0.0 0.0 2.8469584614217457e-05 0.0 0.0 0.0 0.0 0.0 0.0 0.0 0.0 0.00013771273736010877 0.0 0.0 0.0 0.0 9.834854723363712e-05 0.0 1.8462265565030907e-05 0.0 2.5239147652637597e-05 0.0 7.678862575249683e-06 0.0 0.0 0.0 0.0 0.0 0.0 0.0 0.0 0.0 7.823407708640383e-05 0.00015536638065658808 0.00010731933723728324
0.00789197959002166 0.0002325580770102274 0.0002215039028500411 0.0036090304230352987 0.0014048141807849646 0.017336792778313737 0.007018341483400761 0.0005993525061903729 0.000672881160264763 0.0770402594532642 0.0005539475241110036 0.0 0.21077523926306332 0.018988319171932822 4.953516950229985e-05 0.0004187334237690633 1.1535641543698569e-05 0.0 0.0 0.0 0.0 0.0 0.0 0.0 0.0 0.0 0.0 0.0 0.0 0.0 0.00027887106180792454 0.00031716650654695284 0.012214618747222279 0.0 0.0 0.0 0.01001816179447892 0.001676270105014421 0.0004534004274505001 0.0 0.0 0.0 0.0 5.781970831002283e-05 0.0 1.2561695127707891e-05 0.00022483731941059213 2.0327109191444837e-05 0.0 0.0 0.0 0.0 0.0 1.2766755220525248e-05 1.1635565003853665e-05 2.4926841645635833e-05 0.00060978931711581 0.0002521819202257603 0.0 9.564567350647949e-05 5.943730484882898e-05 0.0035954596897857433 0.0 0.00031781297950392475 1.548911865437348e-05 0.0 0.0 1.1442629868919375e-05 0.0 0.0 0.012568623391675136 3.240798500079123e-05 2.6198315455701754e-05 0.0001087440552615841 0.00031047016667845156 0.00018029992943544696 0.00025006148379694504 9.746996462663052e-05 0.0010953546184995027 0.0012656252662988925 0.0 0.001537698976028707 2.642646917962161e-05 0.0 0.0 4.30318138852496e-05 0.0 0.0 0.0 0.0 0.0 0.0 0.0 0.0 1.1486230327912213e-05 0.030417373756820933 0.0006047687884553433 0.0 0.00010746789423504383 0.012262441780441589 7.563907550901839e-05 0.0002606866067651833 0.0001063635516521321 0.00034825335343539605 0.00038797827436127906 0.0015611270960672202 0.004072946451807912 0.00011493867059430929 0.002302064962755825 0.005701312460203106 0.00016108703797546324 0.0037811768346999786 0.0033570169281204724 0.0028012852137964963 0.002413700004592606 0.0 9.442191912106963e-06 0.0 0.0 0.0 0.0 0.0 0.0 0.0 0.0 0.0 0.0 0.0 0.0 0.0 0.0 0.0 0.0 0.0 0.0016484478378883931 0.00048613879401860743 0.0 0.0 0.0 0.0008835270582757411 0.0 3.2295800147984486e-05 1.0615266238382744e-05 0.0 0.0 0.0 0.0 0.0 0.0 8.88693787705515e-06 0.0 6.525730919096202e-06 1.8145628436300797e-05 0.0 0.0 0.0 0.0 0.0 0.0 0.0 0.0 0.0 0.00020576508742179016 0.0 0.0 0.0 2.5901434081460994e-05 0.00021073309278939913 7.97638996811963e-06 0.0 0.0 0.0 0.0 0.0 9.686425837850816e-06 0.0 0.0012650757725397694 1.0702414628982515e-05 0.0 8.409347287491923e-06 0.0 0.00022538925194120295 0.0 3.0176101831267143e-05 1.3352735388720439e-05 0.00014636488259740535 1.6494181067064023e-05 4.1388284507806966e-05 0.0 0.0 0.0 0.0 0.0 0.0 0.0 0.0 0.0 0.002557372157387898 0.0004837842819147424 0.00023472219848759217
0.005966087404390308 0.023145245455321685 0.007299597851321992 0.003850910760338666 0.04137049442087364 0.00943528899089797 0.24951591476130555 0.006222027488533792 0.07666101910920639 0.5213253138938 0.019705730369703047 0.21077523926306332 0.0 0.17517806934928512 0.00047825828085540703 0.002264022655675538 9.449903341661467e-05 0.0 0.0 1.275897707436891e-05 0.0 0.0 0.0 0.0 0.0 9.234104331774966e-06 6.428337641724291e-06 0.0 0.0 0.0 0.0033298984826009505 0.0026950217145353754 0.09710167650414665 0.0 0.0 0.0 0.021195513805646313 0.0034915014769639867 0.0009078622348574622 0.0 0.0 0.0 0.0 0.00018120255184867607 0.0 1.022858213511963e-05 0.0029292013753905205 1.6982539088563023e-05 1.8258248516019287e-05 0.0 3.588758766391192e-05 0.0 4.3585327012654426e-05 0.0 0.0001589278486149825 0.00023045772923673677 0.0013872884942005385 0.0014522409583198187 0.00027441337670759864 0.0007477426687872524 0.0002449791085737105 0.012805566398239921 0.0 0.0024883070984269206 0.0001863479033145622 2.9785401770591087e-05 3.5630087503445885e-05 6.918121406554877e-06 0.0 1.0087205699229035e-05 0.02534670530867123 0.00031574050671800117 1.3722026446598966e-05 0.002011231638115483 0.003625141340759834 0.0012727849782075496 0.002442902857870519 0.0006369474231992944 0.004683591081898775 0.00305302099710424 1.6625007684474717e-05 0.005211205141001023 0.0004997946318659286 6.947055810099971e-06 0.00012857225217892003 0.00012776624809357733 2.2912415032001652e-05 0.0 8.12214527790757e-06 0.0 1.3919079182848782e-05 0.0 8.296252414778801e-06 0.0 0.0 0.09140246889133569 0.0002967829706639216 1.8886467183130034e-05 0.00021363502620825233 0.007899920878734696 0.0006465493686284449 0.0005961184236917767 0.00042446251343881015 0.0003203251965567832 0.001630935412081299 0.004811420595135626 0.007825294162169791 0.0002916945254578333 0.005464237809776654 0.015422939196907385 0.001567896015821733 0.01070176476835024 0.007616862520638411 0.006944553691948682 0.005538951341831324 3.439899053987834e-05 3.1538049629416796e-05 0.0 1.4052906682994236e-05 0.0 0.0 0.0 0.0 0.0 0.0 0.0 0.0 0.0 0.0 0.0 0.0 0.0 0.0 0.0 0.0064368743092556415 0.0014741977160153514 0.0 0.0 0.0 0.003799868854368764 0.0 0.0011539142200634091 0.0001635598840471546 0.0 0.0 0.0 0.0 0.0 0.0 9.146467504703705e-06 0.0 0.00010499551408808713 0.0001585858530379916 0.0 0.0 0.0 1.9861030285479946e-05 0.0 0.0 2.0205599022206137e-05 0.0 1.4649735802899424e-05 0.00040177558960621964 8.844393696040604e-05 0.0 0.00010441891210479674 0.0002045488076151765 0.00045540814010917277 0.0 0.0 0.0 0.0 0.0 0.0 0.0 0.0 0.0031638274016919194 6.452429975332734e-05 0.0 2.9830078017734116e-05 0.0 0.0007291845550686036 0.0 0.0 0.00010555064737836873 0.0005016208494450119 0.0001454709101485037 0.00013075526066238518 1.6705180847531202e-05 6.4191480778870645e-06 0.0 0.0 0.0 0.0 0.0 0.0 0.0 0.004368110309460575 0.001897837748141818 0.0013455530602923581
0.0023484687080546204 0.06562017174065536 0.11221222473816841 0.00028386110275500584 0.06343363098422578 0.0025661209878061167 0.06834602152284275 0.16874497310227607 0.09256856092786347 0.07807429583080751 0.15526530601511182 0.018988319171932822 0.17517806934928512 0.0 0.000869374200845638 0.0031739711664244604 0.0002753229856042395 2.8253718205555275e-05 8.46827755708161e-06 1.867608204129527e-05 8.034015921321759e-06 0.0 1.1687743116746677e-05 1.2687265595659319e-05 7.727072482898754e-06 2.354640352547534e-05 1.9887044984977584e-05 1.975607442888604e-05 1.9406196333140833e-05 0.0 0.01518238456896329 0.010607340009339465 0.0908060866103054 3.3009537492384404e-05 1.0280927380604142e-05 2.1377352659922138e-05 0.014432987436916239 0.0045877892819935736 0.0005827921515318556 1.2052628354861059e-05 0.0 1.679519641479254e-05 1.6644045109907538e-05 0.0003537895536758561 0.0 8.404794459264646e-05 0.00655710706533771 0.00023063875770941772 3.5294727090337595e-05 1.9586220304838156e-05 1.5834939180101336e-05 1.1377635756040469e-05 2.6475790007373785e-05 0.0 0.0005318702140183074 0.000644146571918895 0.002005516693320368 0.0028496164092261336 0.0007402667542946025 0.002033618067098986 0.0007108979840589763 0.031159443582536132 7.743325956878842e-06 0.007985214466624847 0.0004951893765323058 9.381404049034466e-05 8.65274548206088e-05 3.303564019230777e-05 2.097908524480718e-05 8.681199703437982e-06 0.01606547681577115 0.00036949199423045784 4.2604940192207976e-05 0.005346765356567792 0.009751570105037532 0.0036183373958126193 0.0077953966512676895 0.0033495355289501253 0.007170215930760932 0.04285771842924109 2.9042245679217646e-05 0.012888288658031556 0.0014614686123568224 0.0 0.00028717420827155935 0.00036903638873950244 5.630442283982179e-05 1.418505398896472e-05 9.371711825401125e-05 8.833037275208903e-06 7.435663507225458e-06 5.849590903871913e-06 1.5640743387905435e-05 7.88056159754325e-06 1.7466936408730354e-05 0.021843640547797267 0.00043671961658133137 9.586354345971815e-06 0.00017713776647858246 0.0032714401071081527 0.0007448157166427122 0.0007579476920487086 0.00035004740856430986 0.00016877081561325074 0.0011761141011056692 0.0042140571223197604 0.006534415124457592 0.00029971792402546467 0.004685286573140002 0.013292182366722041 0.0007020989961267864 0.01026887119812356 0.0065250929344283564 0.006760307903920037 0.006085578004106769 0.0001063521477520009 3.104950810315407e-05 6.0357289950706685e-05 1.749898425369428e-05 0.0 0.0 5.377881471442789e-05 0.0 1.4326455665287503e-05 0.0 1.4668478529232127e-05 0.0 1.2978710726546282e-05 0.0 0.0 0.0 0.0 0.0 0.0 0.008617171554860135 0.0023210545350579133 0.0 0.0 0.0 0.0054379108895437475 0.0 0.0015585515705530493 0.00012473927527910952 2.1883330549608475e-05 0.0 0.0 0.0 0.0 0.0 0.0 0.0 0.00021273306823234615 0.00025944027106122695 7.998429640634893e-06 0.0 2.5529875818815714e-05 0.0 0.0 1.91108860052602e-05 0.0 0.0 0.0 0.00028858196199673585 0.00010721819063942795 0.0 3.8143896408966685e-05 0.0006532773306654321 0.0007427025317218465 2.4734308993268835e-05 6.493967540624749e-06 7.179753835074062e-05 0.0 0.0 0.0 0.0 0.0 0.002969118736193128 4.036145256344293e-05 0.0 0.0 1.2322166154958273e-05 0.0008389142976413933 0.0 5.2172410601861615e-05 0.00023929215132484672 0.0006050253226576479 0.00021029797843633577 0.00019172338339764345 9.908184591298112e-05 0.0 0.0 0.0 0.0 0.0 0.0 0.0 0.0 0.0038600390267630675 0.002810558850102465 0.0019432161704647899
