0.0 0.2581348851159412 0.025920838168208234 0.05568571310202153 0.008664202775509203 0.007667117238523888 0.06526373717353846 0.009822093930615188 0.01994760530911376 0.048245780026653806 0.03727805320233417 0.010589922022454751 0.024791415929912967 0.02141798050186719 0.0003441418445103067 0.0001059967536018534 2.4414494253236002e-05 4.528820471169542e-06 0.0 5.419350757265064e-06 0.0 0.0 0.0 0.0 2.5456081064398295e-05 0.0 0.0 1.0381506185795254e-05 7.116785387789478e-06 6.754864424202251e-06 0.04854830193604613 0.0002548293937663618 0.0010093509057315078 0.0 6.49665384477282e-05 7.96846330085077e-05 0.0008765917066107189 0.00018727794541605313 3.399902669206749e-05 2.088160025068921e-05 2.1574928074201322e-05 0.0 0.0 4.153868039334921e-05 0.0 0.0 0.0015452227741042906 1.1173279606958453e-05 0.0 2.2365192457170416e-05 5.3642789714450765e-06 0.0 0.0 5.03877492838454e-06 7.3008975071129605e-06 1.6948619681559993e-05 0.010887146572187877 0.027121639453204643 0.0011539803141542295 0.0017132619125280887 3.539998193997316e-06 1.84920170987399e-05 1.0475304846726818e-05 0.0009156640969631873 2.2086589771641895e-05 2.032599761333205e-05 5.486361963184995e-06 5.108595648100484e-06 1.1440199183650451e-05 2.3818109746068307e-05 0.00023719241257355532 0.0 0.0 0.011094431864910357 0.000882561227017383 0.004923372502334574 0.0002936908003086313 7.041917295681574e-05 3.184103833452278e-05 0.0003499364403627242 2.0901755144993373e-05 1.3265456106103177e-05 0.0001009342574939758 0.0 1.179452045070849e-05 0.0 4.187684143795542e-06 0.0 0.0 0.0 0.0 0.0 7.099134145510046e-06 0.0 0.0 0.001163487081350327 4.8939910471544635e-06 0.0 5.90532682280528e-06 0.046650024089642535 6.903249275976715e-06 0.00013760338019559932 2.0151283423514137e-05 6.545037933683857e-05 0.0 0.0 3.428444459949385e-05 1.1702905615796334e-05 3.265202969493231e-05 0.00025440818021460276 4.200417092756004e-05 1.4373474382243373e-05 2.475877253326788e-05 5.4071478185551055e-06 0.00015472005853285254 0.0 0.0 0.0 0.0 0.0 0.0 0.0 0.0 0.0 0.0 0.0 0.0 0.0 0.0 0.0 0.0 0.0 0.0 0.0 0.0 0.0 0.0 0.0 0.0 5.475686891862132e-05 0.0 0.0001602819106947717 1.1042151395237144e-05 0.0 0.0 0.0 0.0 0.0 0.0 0.0 0.0 0.0 0.0 0.0 0.0 0.0 5.622641625887744e-06 3.374497335520212e-05 0.0 0.0 0.0 0.0 0.0 0.0 0.0 0.0 1.3175922392521406e-05 0.0 0.0 0.0 0.0 0.0 0.0 0.0 0.0 0.0 0.00010101129006488207 4.800621673804686e-06 0.0 0.0 0.0 1.4345690061105302e-05 0.0 0.0 0.0 0.0 0.0 0.0 0.0 0.0 0.0 0.0 0.0 0.0 0.0 0.0 0.0 0.0006029491877335229 3.398293291234213e-05 1.1477360713172622e-05
0.2581348851159412 0.0 0.16988325980501207 0.11080307823460307 0.2642632700694016 0.014231409394137766 0.18290841700467772 0.06459605003826469 0.20477206461952902 0.06792410802203505 0.21899369772864558 0.007351041505286214 0.04070238237098129 0.06276410957348785 0.0010165772351297918 0.0004958397932436046 8.702023231288645e-05 1.915879711151479e-05 0.0 1.8084991659219552e-05 4.265892097794334e-05 0.0 0.0 3.1568220445558055e-05 0.00022280772851505514 5.404020325636339e-05 1.5132741318868859e-05 2.069821201923973e-05 2.825605818948452e-05 0.0 0.09168685100630816 0.0032127342378456564 0.0027083729056946986 4.56332609347008e-06 0.00017012449970104496 0.000370681401484299 0.0023317091457176063 0.0005707412067166702 8.695402179812776e-05 5.88447011312607e-06 4.714083828974422e-05 0.0 8.079158054321887e-06 0.00014712176698579153 5.441921464057283e-06 3.241164621703932e-05 0.009487587965257487 8.308691637691082e-05 2.2280748481664824e-05 2.7645435118651898e-05 1.0005258368547262e-05 0.0 0.0 9.157289716412994e-06 8.15092538826231e-05 6.408069518921766e-05 0.005768605822963381 0.039356627300117464 0.001007095692520642 0.004076050548293165 6.063161632118575e-05 0.0001695154852198813 7.107012541123022e-05 0.005303068814205065 6.124744354672179e-05 8.91739169835934e-05 8.999786580180994e-05 1.8547161633714616e-05 4.584741822969853e-06 3.5569610896306514e-05 0.0008940391273806325 4.745787550238791e-05 0.0 0.022218590866911612 0.00509958752613387 0.016012693659619045 0.0017313586854962421 0.0003342524730677202 7.262789382706885e-05 0.0009575208722472932 0.0001174092783764014 9.675707535509293e-05 0.00032511975274540313 6.28698915918556e-06 3.373271996506597e-05 0.0 4.607099462578248e-06 0.0 1.835947174249361e-05 5.065945724143392e-06 5.4890629163228655e-06 0.0 4.1260127258328544e-05 2.8088154491743244e-05 0.0 0.000887302202943033 4.866680113550182e-05 5.917259035558625e-06 6.728413822552276e-05 0.020244748734304947 0.0 7.6071011769004464e-06 0.0 0.0006279834137923148 0.0 0.0 0.0 1.0103224227190373e-05 5.974220047105802e-06 0.00022685657303672793 0.0 0.0 2.9946692688493042e-05 0.0 0.00025350927589267775 0.0 0.0 0.0 0.0 0.0 0.0 0.0 0.0 0.0 0.0 0.0 0.0 0.0 0.0 0.0 0.0 0.0 7.314144159702245e-06 0.0 0.0 2.9973116622960603e-05 0.0 0.0 1.1853822048063599e-05 0.00019057020368357601 0.0 0.00020500931086670228 3.319614922732106e-05 0.0 0.0 0.0 0.0 0.0 0.0 0.0 0.0 0.0 0.0 0.0 0.0 0.0 0.0 0.0 0.0 0.0 0.0 0.0 0.0 7.74194252349759e-06 0.0 0.0 0.0 0.0 0.0 0.0 0.0 0.0 0.0 0.0 0.0 0.0 8.532674528123193e-05 8.52363872273829e-06 0.0 0.0 0.0 6.631334107173479e-05 0.0 0.0 0.0 0.0 0.0 0.0 0.0 0.0 0.0 0.0 0.0 0.0 0.0 0.0 0.0 0.00026258628928175587 3.877534857158501e-05 6.398983487340256e-05
0.025920838168208234 0.16988325980501207 0.0 0.00038252014621373726 0.05968618418904337 0.0006280209122652904 0.008670408468501511 0.19100627556774322 0.07910355720552152 0.0013779812725033432 0.20877989560880272 0.00018596089922339772 0.0038454485947119255 0.05636938112609859 0.0005801026526337569 0.00038139853217915694 5.3766618685904225e-05 9.953669082511942e-06 0.0 7.230480829925136e-06 9.69031263779469e-06 4.877692083280619e-06 0.0 1.5079092984002113e-05 0.00020834089354341564 5.380265361706118e-05 5.5786083418428595e-06 2.8527490916524804e-05 1.5615266867224935e-05 0.0 0.19506580746503085 0.01709084746650781 0.004030594757907897 1.0457211929238634e-05 5.8724065915268803e-05 0.00035521622806045165 0.002036601028358143 0.0006458115166994713 0.0001037050579286529 2.901312463310159e-05 6.235188540234195e-05 8.87288241411753e-06 0.0 6.448013039185124e-05 0.0 1.0612868768501621e-05 0.004394633995571069 3.4656976128651875e-05 2.1734574405036287e-05 8.805044165175392e-06 4.345296651512179e-06 0.0 2.7614627315615666e-05 3.167411528637808e-05 2.274611108547354e-05 3.080578362780662e-05 0.001137270880630109 0.010664013661257602 0.00021115056792812088 0.0011138329719308979 2.4847873355594558e-05 0.00017140600466578545 8.98526490293248e-05 0.0030074461844258552 2.660758126256857e-05 3.709571248348614e-05 3.168265599209757e-05 0.0 2.0271725392525357e-05 1.1266507536131234e-05 0.00043609193005041575 2.4469924154090106e-05 0.0 0.005931718202138713 0.0023240917826305276 0.0055642520126120264 0.0012365132026990152 0.00025380926209987595 5.811894475264597e-05 0.00642864134809133 3.604138938996557e-05 4.136697977532788e-05 6.251204683322912e-05 5.050197671825187e-06 1.8793565723542936e-05 8.9283834875193e-06 0.0 5.498442827461938e-06 0.0 0.0 1.3874648068176802e-05 0.0 5.129985160877005e-05 0.0 0.0 8.65504004784978e-05 1.915025460395865e-05 0.0 4.512086634020297e-05 0.004093718604411291 0.0 0.0 0.0 0.0 0.0 0.0 1.6221633098972697e-05 0.0 1.8278618376971675e-05 6.636521414704247e-05 0.0 0.0 7.237385017507545e-06 0.0 8.507236018119345e-05 0.0 0.0 0.0 0.0 0.0 0.0 0.0 0.0 0.0 0.0 0.0 0.0 0.0 0.0 0.0 0.0 0.0 0.0 0.0 0.0 1.0735167079721182e-05 0.0 8.918527441045548e-06 0.0 6.635284588981989e-05 7.264752663920374e-06 0.00014256142923840494 5.71849573197743e-06 5.331796361242967e-06 0.0 0.0 0.0 0.0 0.0 0.0 0.0 0.0 0.0 0.0 0.0 0.0 0.0 0.0 0.0 0.0 0.0 0.0 0.0 0.0 0.0 6.211956176501252e-06 1.409398429216488e-05 0.0 0.0 0.0 0.0 0.0 0.0 0.0 0.0 0.0 6.180524352387324e-05 1.3865560955493299e-05 0.0 0.0 0.0 7.214302724244566e-05 0.0 0.0 0.0 0.0 0.0 0.0 0.0 0.0 0.0 0.0 0.0 0.0 0.0 0.0 0.0 0.00012560984373371955 5.684227501655487e-06 8.407837969615232e-05
0.05568571310202153 0.11080307823460307 0.00038252014621373726 0.0 0.000775605011616105 0.007743693216815809 0.08497286562451649 3.8251372672021366e-05 0.0037278380164963995 0.12870114787195688 0.00022976109137285108 0.07663539935329129 0.15056578018783445 0.008883816528738623 5.772668085987813e-05 2.251578726159571e-05 0.0 0.0 0.0 0.0 0.0 0.0 0.0 0.0 0.0 0.0 0.0 0.0 0.0 0.0 0.002438853148984974 4.5902816598411275e-05 0.0003680305150804948 0.0 0.0 7.485039807200327e-06 0.0005474316802301265 4.165963858856056e-05 0.0 0.0 0.0 0.0 0.0 4.6137018425218385e-06 5.265532016614329e-06 0.0 0.0005454677859417149 5.5729424664979395e-06 0.0 0.0 0.0 2.3738238831979606e-05 0.0 9.510174919661236e-06 0.0 4.798670284713082e-06 0.0009402961945240131 0.0043150148640545985 0.00011785251848028446 0.00045617749103167365 0.0 2.8405834960070864e-05 0.0 0.00024077205072338647 0.0 4.789402988364614e-06 5.383303663710725e-06 5.9208469427873006e-06 0.0 0.0 0.0009019732574048586 1.7255892290939903e-05 6.969913628341585e-06 0.002211981170244891 0.00025705104123796926 0.0011804890759380422 5.432387721114244e-05 0.0 1.1038077893031377e-05 2.229536498056703e-05 0.0 0.0 3.491334820405581e-05 0.0 4.815407995811124e-06 0.0 4.240727962466315e-06 0.0 0.0 0.0 0.0 0.0 0.0 6.352045822799754e-06 0.0 0.0016842311175081935 0.0008397150997161298 0.0 3.12150226236511e-05 0.009066909379250148 0.0 6.086617716394529e-06 0.00010346573888576068 3.911717995744662e-05 0.0 1.2889463699200273e-05 0.00015980093292409763 0.00011231815603921117 0.00010331565219927065 0.0001204405770924102 0.0 7.843195562832545e-05 5.138407846295935e-05 0.0 3.537366296249044e-05 0.0 0.0 0.0 0.0 0.0 0.0 0.0 0.0 0.0 0.0 0.0 0.0 0.0 0.0 0.0 0.0 0.0 0.0 0.0 0.0 0.0 0.0 0.0 0.0 3.392749580414142e-05 0.0 0.00010915618002110265 0.0 4.7399868074206435e-05 0.0 0.0 0.0 0.0 0.0 0.0 0.0 0.0 0.0 0.0 0.0 0.0 3.00348241227022e-05 0.0 0.0 0.0 0.0 0.0 0.0 0.0 0.0 0.0 2.6883732549335207e-05 0.0 0.0 0.0 0.0 0.0 0.0 0.0 0.0 0.0 0.0 0.0 0.0 0.0 0.0 9.757788717570237e-06 0.0 0.0 5.307421115046094e-06 0.0 0.0 0.0 0.0 0.0 0.0 0.0 0.0 0.0 0.0 0.0 0.0 0.00019541993216297193 6.139784960875803e-06 6.431028431420158e-06
0.008664202775509203 0.2642632700694016 0.05968618418904337 0.000775605011616105 0.0 0.0009614328979066462 0.01741682393266907 0.0031809077342516982 0.15216853358360138 0.008430982642012566 0.05977933938257519 0.0008861996798182148 0.008820407033017027 0.057302164253246315 0.0003982927057626735 7.267249378874002e-05 4.262972401687192e-05 1.1050003123667706e-05 0.0 0.0 1.1203229285290276e-05 0.0 0.0 0.0 6.755555879016567e-05 3.968544320002276e-05 0.0 3.08565499249522e-05 0.0 0.0 0.009487984795004322 0.00042321123318743453 0.0005817534985254081 0.0 3.868267921177363e-05 0.000155226797162107 0.0006597766057059829 0.00021952443573624198 2.0458222693113857e-05 0.0 3.663918788844411e-05 4.757460478698247e-06 0.0 3.516338321996282e-05 5.284385534398257e-06 1.4923581868278165e-05 0.005510201271539247 3.4913863078878456e-05 1.8803825831885375e-05 3.923770030635211e-06 0.0 0.0 0.0 0.0 5.4716274439822355e-06 1.5644872845215824e-05 0.0010948639170025483 0.00930040967672377 0.00019281802238206095 0.0014461096405699522 1.868563165409463e-05 6.157473320990213e-05 4.4769262693271816e-05 0.0033300205073115096 2.8797223160226953e-05 4.424994544236592e-05 2.3040563627090976e-05 4.8549299313443716e-06 4.842820688140196e-06 2.3539966979344608e-05 0.00022828675970583095 2.14675899622249e-05 0.0 0.005981460713493079 0.002466575377931176 0.006519049855618815 0.0014974557304603675 0.00021655276610139934 7.576181614946018e-05 0.0005085601635824156 0.0001306643419391684 2.949438439121126e-05 0.00012025482845494965 0.0 1.1166639388445223e-05 1.080598241326775e-05 4.491634616852604e-06 0.0 9.170340419266628e-06 0.0 8.860900200397157e-06 4.614911325372936e-06 1.9129731234059627e-05 0.0 0.0 0.0006879561516048937 5.034182046764505e-06 0.0 1.4750687983935593e-05 0.0013772776323182259 0.0 0.0 0.0 0.0 0.0 0.0 0.0 0.0 1.287860312879433e-05 4.080084675413083e-05 0.0 0.0 0.0 0.0 1.4414698602951407e-05 0.0 0.0 0.0 0.0 0.0 0.0 0.0 0.0 0.0 0.0 0.0 0.0 0.0 0.0 0.0 0.0 0.0 0.0 0.0 0.0 0.0 0.0 0.0 0.0 1.2001859145364675e-05 0.0 7.983594989897035e-05 1.6502441683019585e-05 0.0 0.0 0.0 0.0 0.0 0.0 0.0 0.0 0.0 0.0 0.0 0.0 0.0 0.0 0.0 0.0 0.0 0.0 0.0 0.0 0.0 0.0 0.0 0.0 0.0 0.0 0.0 0.0 0.0 0.0 0.0 0.0 0.0 0.0 8.992827977131767e-06 0.0 0.0 0.0 2.811123737060313e-05 0.0 0.0 0.0 0.0 0.0 0.0 0.0 0.0 0.0 0.0 0.0 0.0 0.0 0.0 0.0 0.0001301575573630793 1.9509796242249973e-05 5.950984012130689e-06
0.007667117238523888 0.014231409394137766 0.0006280209122652904 0.007743693216815809 0.0009614328979066462 0.0 0.009053173705040928 0.00011710158188494962 0.002876839777841403 0.027951004771222414 0.0006285378727138587 0.01018964780224307 0.015699328417766778 0.00928032321572511 6.480257806949476e-05 5.605239082111886e-05 3.863017864685274e-05 2.5841789875434596e-05 0.0 0.0 0.0 9.22152897683106e-05 0.0 0.0 4.359455483905366e-05 0.0 5.6055548089388265e-06 9.723772744379252e-06 7.333341828286263e-06 0.0 0.0036386276258344257 2.265744090210613e-05 0.002992243728245174 0.0 1.0393655069405719e-05 1.5872696620742224e-05 0.003106040493962071 0.00010938846018912287 0.00032333165645155425 0.0 2.9905537838496026e-05 0.0 0.0 3.2856329141619645e-05 1.1018057235557617e-05 7.655626439712986e-06 0.00035005338541725753 4.235240468949713e-06 5.814007038644514e-06 0.0 1.2818202411082913e-05 0.0003721870351080566 0.00011075661187467317 3.096276954682833e-05 0.0 0.0 0.014446474354437683 0.0009748031659497424 3.431975248956266e-05 0.00010620512655074648 7.69494931734236e-05 0.00025089629833014614 8.385667585880655e-06 2.2713636133077195e-05 0.0 0.0 0.0 0.0 0.0 0.0 0.023100551201676985 0.0037153855860242837 0.0002445054756312678 0.00031046868290431843 1.3113487851691664e-05 0.00015873345417073863 2.0365589370035474e-05 3.756779233432486e-05 5.309008983593624e-06 0.0006072792444506522 1.4131461593559905e-05 0.0002709817156149313 0.0 0.0 0.0 6.281175983694529e-06 6.952477255082626e-06 3.348864947892856e-05 5.990170355587934e-06 0.0002396515646385488 1.4689282291832816e-05 5.761830173677736e-05 1.1122095283710156e-05 0.0 0.00012256958988956184 0.024094683774344178 0.014471522010035485 0.00021776985900958705 0.001666463257207582 0.03643626079802814 1.817374968212364e-05 3.3797552750476435e-05 7.720164624831229e-06 0.00011743399416972506 1.0288538622018357e-05 0.0 0.00029273993101772963 7.087255086937871e-05 8.848008779903354e-05 0.0011507177420464283 7.699427557105559e-05 2.3182542499116663e-05 6.563772079789741e-05 1.9708810902043794e-05 0.0008594923479778019 0.0 0.0 0.0 0.0 0.0 0.0 0.0 0.0 0.0 0.0 0.0 3.174957260159339e-05 0.0 0.0 1.9362169062786698e-05 0.0 0.0 1.8002413035105556e-05 0.0 8.575840633234497e-06 3.082634123260199e-05 0.0 0.0 0.0 0.00013561521877118992 6.715440238307254e-06 0.00034659878707310845 4.404873028956367e-06 1.8558602170292184e-05 0.0 0.0 0.0 0.0 0.0 0.0 0.0 0.0 8.619133362416367e-06 0.0 0.0 0.0 1.850280109108823e-05 0.0 0.0 0.0 0.0 0.0 0.0 0.0 0.0 8.285966558543902e-06 0.00011260479401527895 0.0 0.0 0.0 0.0 0.0 0.0 0.0 0.0 0.0 0.00013160098437834335 8.056097788511949e-05 0.0 5.300340347472013e-06 6.962346364872086e-06 0.00018123775472369259 0.0 0.0 6.844883282301951e-06 8.917155342436818e-06 2.1773790929257408e-05 0.0 0.0 0.0 0.0 0.0 4.870932042630181e-06 0.0 0.0 0.0 0.0 0.0019010190426621198 2.5611959754798777e-05 9.155384949844706e-05
0.06526373717353846 0.18290841700467772 0.008670408468501511 0.08497286562451649 0.01741682393266907 0.009053173705040928 0.0 0.00073283994376544 0.03857920864306473 0.10906533436818369 0.0036461052152723084 0.0495290325215883 0.29114407300487033 0.10902584436299773 0.00038185771538417555 0.0002589785420297306 4.947422125567168e-05 4.016128123165355e-06 6.692403756741092e-06 0.0 7.792506654571071e-05 0.0 0.0 0.0 0.00016325772815758185 6.812400221640677e-05 6.5483933138928875e-06 1.778439800784085e-05 0.0 0.0 0.00763404825932363 0.0001760186051356552 0.0014881129524718895 0.0 9.886001287316866e-05 0.00028320585833858366 0.0023235924112608745 0.00047283528076420036 8.197983235307349e-05 1.797966034281171e-05 2.1498206320117102e-05 0.0 0.0 7.667114139364852e-05 0.0 1.1027958778406773e-05 0.004734658303465419 1.8162286847817536e-05 5.679412093209217e-06 7.793640820650214e-06 1.1237214176799057e-05 0.0 5.8142115471042535e-06 1.438944045679619e-05 3.362461066700348e-05 1.64438554148144e-05 0.0019015233215591177 0.010531108064936097 0.00024729697759244264 0.0014683720729316142 9.074128738693816e-05 0.00019314769046961886 7.582643992181928e-05 0.002163956171612067 1.8824596503864567e-05 3.617179191197623e-05 2.087353342800859e-05 0.0 8.391361389693642e-06 3.871684924199817e-05 0.0020155192990116916 2.3403441816398343e-05 0.0 0.007878778591105464 0.0020620301998930963 0.006283788427913413 0.0008691040888257321 0.00016827948834248347 2.7728203386073275e-05 0.0007596746296454825 7.345432602664784e-05 2.576389152201814e-05 0.00017523110161689256 0.0 3.3680941486182434e-05 4.199755548430074e-06 5.613950917267173e-06 0.0 0.0 0.0 0.0 0.0 1.2096684402727392e-05 0.0 0.0 0.0035762273640460233 4.819318161524595e-05 0.0 4.414696867600004e-05 0.004698979897672205 3.7308682368131735e-05 7.537075813587018e-05 0.00025027808231967174 0.00022101532718299098 0.0 0.0 0.00016787566791990374 0.0 0.00017685691143875558 0.0003278145242321878 6.0967152540252525e-05 7.74170179812119e-05 5.557482257584521e-06 8.634090408445364e-06 0.0002144282042912316 0.0 0.0 0.0 0.0 0.0 0.0 0.0 0.0 0.0 0.0 0.0 0.0 1.7653134207911645e-05 0.0 0.0 0.0 0.0 0.0 0.0 0.0 3.304239940692217e-05 0.0 0.0 0.0 0.00016401277113864133 0.0 0.00028119646136833947 6.302229544027722e-06 1.5679424864810095e-05 0.0 0.0 0.0 0.0 0.0 0.0 0.0 5.0188335517233665e-06 0.0 0.0 0.0 0.0 0.0 0.0 0.0 0.0 0.0 0.0 2.9273616157545852e-05 0.0 0.0 0.0 7.674659240243557e-06 0.0 0.0 0.0 0.0 0.0 0.0 0.0 0.0 0.0 7.475473451013928e-05 1.329805268247338e-05 0.0 0.0 0.0 0.00012175229840730666 5.027678317377485e-06 4.223498980605738e-05 1.0857617195678472e-05 0.0 1.3684870974426719e-05 0.0 0.0 0.0 0.0 0.0 0.0 0.0 0.0 0.0 0.0 0.0007594890837146453 2.1612223390094724e-05 3.845243106503509e-05
0.009822093930615188 0.06459605003826469 0.19100627556774322 3.8251372672021366e-05 0.0031809077342516982 0.00011710158188494962 0.00073283994376544 0.0 0.014425317764183949 0.00014216811667670695 0.19832496326689503 6.172187389347e-05 0.003043339588971783 0.05649673336839551 0.0008541981964887622 0.0005174540315375328 0.0002409570112825424 9.136780017949555e-05 6.848119380924776e-06 0.0002794168485718964 0.0013724983461921901 0.0 0.00033657477969330294 0.00012076697124277571 0.0016714361439247388 0.000877779359760347 0.0002978837106796293 0.0004159109226286102 4.6920503848252215e-05 5.2612908985542276e-05 0.27556356383644276 0.19325783563318152 0.013992337729903796 0.0002924694829944184 0.004117697034375101 0.005059432432859731 0.004130728636859329 0.0033127127410443437 0.0002753599948863158 0.00020150583139700237 0.0008121788631057953 0.0001288524996905725 0.00012168373987416383 0.00020647661289326333 3.691792436034387e-05 8.812091148312292e-05 0.006365970757426067 6.466331141208597e-05 0.00017671281180499322 0.00026274639057634493 0.0001632404773734978 5.260608047509916e-06 2.2648256940702707e-05 0.00016100564946679795 2.86504432944482e-05 2.884743629352108e-05 0.0017766314703151192 0.04212497897775045 0.0003208237649304165 0.0012282865296295612 0.0003995231827134951 0.01096200307443199 0.003922980091483757 0.03397711746653692 4.421604861562339e-05 8.572285204111437e-05 3.1967823669459204e-05 0.0001407513135997786 0.00032567895184871306 0.0008513530966441469 0.00037435970280355667 7.470207988818484e-05 0.0 0.00795554553277533 0.0031322083910453845 0.005556576943453945 0.002930640023078552 0.012068870716156524 0.03841370272120141 0.1171773789355643 0.00027845571331668316 0.0034465175090352906 8.831192418635555e-05 0.0 2.9918087180301885e-05 5.2431126641006834e-06 8.825534020912732e-05 0.0 8.207868651718489e-06 0.0 2.9192048363792315e-05 0.0 0.0006580206541779644 9.26735824155651e-05 1.61057002261773e-05 9.840772619792671e-05 8.519439091967049e-05 0.0 0.00022848262745791607 0.004781275183423506 0.0 5.675939953985283e-06 0.0 1.3338863832129473e-05 0.0 0.0 7.617133803365866e-06 0.0 5.2036884782056805e-06 4.910983718138434e-05 6.973283513335651e-06 7.484601960894455e-06 0.0 6.713537048346029e-06 7.395488976170383e-05 0.0 0.0 8.043402407845634e-06 0.0 0.0 0.0 0.0 0.0 0.0 0.0 1.4012279108366809e-05 0.0 0.0 0.0 0.0 7.929247046905145e-06 0.0 0.0 0.0 0.0 8.165373235254105e-06 0.0 0.0 0.0 9.631747180802801e-05 1.4817534321802079e-05 0.00017165388738781445 1.3479220600711285e-05 1.827436424064178e-05 0.0 0.0 1.3406341263282509e-05 0.0 0.0 0.0 0.0 0.0 0.0 0.0 0.0 0.0 7.0162915523268665e-06 0.0 0.0 0.0 0.0 0.0 0.0 0.0 0.0 0.0 2.338270132518303e-05 0.0 0.0 0.0 0.0 0.0 0.0 0.0 0.0 1.4966021878265572e-05 7.501655398819438e-05 5.257660693210201e-05 0.0 0.0 1.743527233676217e-05 4.80193836593644e-05 7.460608704067311e-06 0.0 0.0 0.0 0.0 0.0 0.0 0.0 0.0 0.0 0.0 0.0 0.0 0.0 0.0 0.00022982462007898637 1.6412104800751222e-05 0.00010449953050111731
0.01994760530911376 0.20477206461952902 0.07910355720552152 0.0037278380164963995 0.15216853358360138 0.002876839777841403 0.03857920864306473 0.014425317764183949 0.0 0.026509699178068193 0.07062695296406106 0.0028957315945642385 0.04074494082154765 0.0735567337621887 0.0006464388635171676 0.00015825776884476392 8.779865164695015e-05 0.0 0.0 0.0 0.00011483215375952508 0.0 1.9243246942989486e-05 2.9822034421721567e-05 0.00013428960439480604 4.6445402317351986e-05 9.54063496822408e-06 1.2569963826315636e-05 3.9142209720806496e-05 4.947523433832797e-05 0.018606333729466042 0.0010012727332818334 0.0015902410024234179 2.3922579784557596e-05 0.0001702891907240399 0.0004015119049595617 0.00199646988554721 0.0006379763259761385 7.541798967996821e-05 3.774894403603292e-05 0.00012642661448518294 0.0 0.0 0.00010538034032894696 0.0 2.4430513932429144e-05 0.009807488780581117 4.847434290881702e-05 2.1357835587301254e-05 0.0 3.074112336825536e-05 0.0 4.7367871058981415e-06 0.0 3.945969153664349e-05 3.0059660639081392e-05 0.0018827251174575793 0.01617828295606782 0.0004331314511725452 0.0025780324465960658 0.00011720809250344468 0.0002640025283838129 7.220483969917212e-05 0.005326466690598512 6.040516194151308e-05 5.472979091744993e-05 2.1343757837557298e-05 1.2881320298462052e-05 2.3892609835563467e-05 2.016446070539241e-05 0.0007434376097624398 5.602321548208724e-05 0.0 0.010152668814990044 0.004286722920486399 0.009532561490009339 0.002028432144244177 0.000304544191296448 0.0001104643476636668 0.0013176733689743588 8.007292610375883e-05 0.00013435723272977847 0.00018750742372808317 0.0 3.5442758442954894e-05 1.6333086605856985e-05 4.710051003231024e-06 0.0 1.6488090054104885e-05 0.0 0.0 0.0 0.00010134917182480762 0.0 6.0023336538916e-06 0.0015039574183664639 4.6427456925239494e-05 0.0 5.051334360475638e-05 0.0031968665406459282 7.288508979228084e-06 2.8849096685993763e-05 0.0 0.0 0.0 0.0 5.01726757549113e-05 0.0 0.0 0.0001862210492997969 7.526093934528631e-05 7.422352558780466e-06 0.0 1.1341569798661098e-05 0.00020593656483601416 0.0 0.0 0.0 5.827286574752657e-06 0.0 0.0 0.0 2.7205363994976417e-05 0.0 0.0 0.0 0.0 1.1982322731490517e-05 0.0 0.0 5.565610342711229e-06 0.0 0.0 0.0 0.0 0.0 0.0 0.0 0.0 9.489260776438816e-05 6.049149874641913e-06 0.00013379260018805145 0.0 0.0 0.0 0.0 0.0 0.0 0.0 0.0 0.0 0.0 0.0 0.0 0.0 0.0 5.980182775038757e-06 0.0 0.0 0.0 0.0 0.0 0.0 0.0 0.0 7.008112475222971e-05 4.263473987964547e-05 0.0 0.0 0.0 0.0 0.0 0.0 0.0 0.0 0.0 5.998664573921856e-05 3.9090756022979063e-05 0.0 0.0 0.0 4.588111978239415e-05 0.0 6.651184491083847e-06 0.0 0.0 0.0 0.0 0.0 0.0 0.0 0.0 0.0 0.0 0.0 0.0 0.0 0.0002697213970959768 3.646003081990724e-05 5.476020772193318e-05
0.048245780026653806 0.06792410802203505 0.0013779812725033432 0.12870114787195688 0.008430982642012566 0.027951004771222414 0.10906533436818369 0.00014216811667670695 0.026509699178068193 0.0 0.0047244767714174326 0.21245538533201688 0.4647415561853662 0.11192003385566535 0.0005377441077354169 0.0004259245726008941 0.00011526332966612026 0.0 0.0 7.107038352433035e-06 0.0 0.0 0.0 0.0 0.0003206623250964264 2.6521698520498214e-05 1.2403013750621194e-05 7.074794215311509e-05 0.0 0.0 0.0018303724943618737 6.8427478806425e-05 0.01488291644441341 2.8533058141313158e-05 0.00014793867467684027 0.000341378439263699 0.032493295615974714 0.0010537031824322599 0.0006123503317156757 4.5231296403870247e-05 6.804636783205948e-05 1.3659302912367758e-05 0.0 0.00011305756853779381 0.0 0.0 0.0030252782765993543 6.390200389545473e-05 1.4054063700272888e-05 0.0 1.5108213817475085e-05 1.2508655883851108e-05 1.651127969178627e-05 1.4031705610205334e-05 0.0 5.3498777920225075e-06 0.0023663631902580296 0.002783024834612954 8.069526606786517e-05 0.00048142693116265834 0.0002618242885084737 0.004609933950280685 7.131877571567196e-05 0.00044506073774317064 5.482101520426826e-06 4.561947237973912e-06 7.273953292312806e-06 8.593449982811826e-06 6.859535367477985e-06 4.94740460270575e-05 0.053704281980750425 3.863820312637209e-05 0.0 0.0018188468390209797 0.00041711440266090956 0.0015627936580728174 0.000371456156558306 0.00012604429943347632 2.45911647871963e-05 0.0016563358248545441 3.898773060702365e-05 0.00012196369618947545 5.575280800010062e-06 0.0 1.2917606135372471e-05 1.3056503866727201e-05 0.0 0.0 1.2018470727897236e-05 0.0 6.960503536438627e-06 0.0 3.528008412563014e-05 0.0 8.166869660591666e-06 0.04222121891630221 0.009185388312097663 3.675371622957108e-05 0.0009973190978087294 0.01997961022043744 0.00023606766874871446 0.000819347831935255 0.0002661636161256246 0.0014976932580271708 0.00019524645943860562 0.0 0.00385789328719655 7.86528148547417e-05 0.001411878524028861 0.01175392802014733 0.0008393690862674041 0.000886151993760822 0.003084417811360684 0.0014229057368468948 0.00878390433605663 2.4986287293808858e-05 0.0 0.0 0.0 0.0 0.0 0.0 6.673831685841843e-05 0.0 0.0 5.2200414971790154e-05 0.0 2.930704968703983e-05 1.5763130087289317e-05 2.6242094013792465e-05 9.6505154717132e-06 2.1353518837147785e-05 9.957419605498254e-06 0.0 0.00013054782346946184 0.0004507528244058329 0.0 2.0955648980103627e-05 0.0 0.0038989454171889266 0.00012026381421432157 0.008488318699551946 0.00027205375391593225 0.00010439100272649294 0.0 0.0 0.0 0.0 0.0 0.0 0.0 9.549410813626348e-06 3.7579315980617885e-05 0.0 0.0 4.5785287298344263e-05 0.00014954913510274379 8.93412774275848e-06 0.0 0.0 0.0 2.1394388546494992e-05 3.9755577439315745e-05 1.4940059664439494e-05 2.4630753841144746e-05 1.4806087253566661e-05 0.0020405300908334775 5.185953900981204e-05 7.90663669970663e-06 0.0 0.0 0.0 0.0 0.0 0.0 0.0 0.002670705257375086 5.2754076580616445e-05 2.7770307353525518e-05 6.260972439800829e-06 0.0 0.002321713128969236 0.0 8.047278879213751e-05 7.12231328749295e-05 5.256273954678691e-05 4.751998300986574e-05 0.0 6.057610398630491e-06 0.0 0.0 0.0 0.0 0.0 0.0 0.0 0.0 0.024412280988809404 0.0006608274926970126 0.0014894967256307335
0.03727805320233417 0.21899369772864558 0.20877989560880272 0.00022976109137285108 0.05977933938257519 0.0006285378727138587 0.0036461052152723084 0.19832496326689503 0.07062695296406106 0.0047244767714174326 0.0 0.000489515950668964 0.017492350424897954 0.1519485260180258 0.0011731364040061785 0.0006321675987693365 0.00016097279950714888 6.077436502791997e-05 9.110514036987302e-06 6.869690068376423e-06 0.00020352724932045502 0.0 1.5161781520151755e-05 2.3496843622807818e-05 0.0010966852141637334 0.00023111064585188093 9.393439598913901e-05 0.0001940196776042934 6.530443867647937e-06 3.0197214650754625e-05 0.17718486421881477 0.04939463702798341 0.01413414787659423 5.3710334714478165e-05 0.0008848373473893547 0.002299678607997408 0.006320849430716598 0.0026872545747394653 0.00029160053510771274 0.00011709838137260062 0.00040261085324046664 1.201247196323129e-05 1.194188388633216e-05 0.00018813311600927624 0.0 3.106467061671435e-05 0.011551166152746626 5.3673229942810465e-05 5.2972366162740645e-05 4.732371750234016e-05 4.205194842816296e-06 0.0 1.9563094570347513e-05 4.748621839288738e-05 2.6647532936142768e-05 4.1336759821498605e-05 0.002467872313149296 0.03610815625512387 0.00056143074714603 0.0023489933022939227 7.44085203818569e-05 0.0019134846206858092 0.00034065786631866623 0.00895614176400952 5.104545141834962e-05 6.705521758193587e-05 6.973084905890939e-05 3.841843896617971e-05 3.673794069924396e-05 0.0001652363159734124 0.0006800237292713527 8.657491716887167e-05 0.0 0.012347703793303032 0.005267768660997601 0.010433901055428737 0.0030049694971118167 0.0010414422673758012 0.011803471598149779 0.03566450941364466 0.00012490073001931963 0.00021025295327077795 0.00017880924649460027 0.0 6.249687176496553e-05 5.202144304196905e-06 1.4167701483635758e-05 0.0 2.0837530028993003e-05 0.0 2.1957259342437794e-05 0.0 0.00021446013193574556 7.554423131069563e-06 1.535098698122472e-05 0.0007872408614305242 9.983281997573938e-05 0.0 0.00028909101044688164 0.007032992465866389 9.74824799251018e-06 0.0 0.0 0.0 0.0 0.0 2.4300506012644767e-05 0.0 2.625788260743529e-05 0.00021620502604270423 0.0 7.173369815476873e-06 1.760962706016847e-05 0.0 0.00016004286057599946 0.0 0.0 0.0 0.0 0.0 0.0 0.0 0.0 0.0 0.0 0.0 0.0 0.0 0.0 0.0 0.0 0.0 0.0 0.0 0.0 0.0 0.0 0.0 0.0 0.00014789430084566859 2.2222014913313526e-05 0.0003996117150563588 5.800161275369209e-06 0.0 0.0 1.4288914188273879e-05 0.0 0.0 0.0 0.0 0.0 0.0 0.0 0.0 0.0 0.0 0.0 1.1732559342458447e-05 0.0 0.0 0.0 0.0 0.0 0.0 0.0 0.0 2.7662574639322814e-05 0.0 0.0 0.0 0.0 0.0 0.0 0.0 6.551334361764327e-06 0.0 3.404381787365315e-05 1.22536212217004e-05 0.0 0.0 0.0 0.0 0.0 0.0 0.0 0.0 0.0 0.0 0.0 0.0 0.0 0.0 0.0 0.0 0.0 0.0 0.0 0.0002347824848839945 6.368586548106065e-05 9.858194443220678e-05
0.010589922022454751 0.007351041505286214 0.00018596089922339772 0.07663539935329129 0.0008861996798182148 0.01018964780224307 0.0495290325215883 6.172187389347e-05 0.0028957315945642385 0.21245538533201688 0.000489515950668964 0.0 0.12495268713544179 0.021537111491469755 0.0005681857685552503 0.0003648762802030924 7.460748796866827e-05 0.0 0.0 0.0 6.32116144170591e-06 0.0 2.314002591107165e-05 8.111922651959668e-06 7.085978755947066e-05 8.005366537089207e-06 0.0 3.221414735232703e-05 2.8226829696271733e-05 2.2520264375211e-05 0.0003465938599507899 0.0 0.00806428326754146 0.0 7.650179307337336e-05 0.00031092865351195297 0.04837735751688407 0.0009459624351913136 0.00047832583154713674 9.962698085963488e-06 3.780335364688415e-05 0.0 0.0 4.1514903356920025e-05 0.0 6.54699689048939e-06 0.0021856703244509754 0.0 1.1712013900060467e-05 4.1517514668684575e-06 1.0546195857412676e-05 0.0 0.0 0.0 0.0 5.549133447468229e-06 0.00020406061999631006 0.0005528518120835792 1.8005615349291197e-05 0.0001919733033423244 4.578076378743524e-05 0.001169097154715124 2.2318154160053025e-05 0.00010870120275328354 0.0 0.0 5.4433759966927374e-06 0.0 0.0 2.9729463262007602e-05 0.011892167434716033 8.53282295441721e-05 0.0 0.0004246257889236015 0.00020289112575643775 0.0005996060955999801 0.00022280677669484495 0.00010331547336698317 0.0 0.0009647796968686362 5.4525449578060486e-05 0.00020690661017346004 6.59485096914992e-06 0.0 0.0 0.0 0.0 0.0 0.0 0.0 0.0 0.0 2.5245208968072084e-05 0.0 5.01042077640601e-06 0.013152879691015133 0.00014818050818277706 0.0 0.00027990410168916206 0.0011968102352861968 9.918683721203427e-06 7.122866946849475e-05 4.884840735050476e-05 1.3695567577697547e-05 1.2195834968967667e-05 0.0 0.00027588415142000355 0.0 5.003321494960354e-05 0.0009526874557950874 0.00015837019309114322 5.75290495601721e-06 4.874106788715085e-05 6.382509745311393e-05 0.0012909208414400323 6.437865050128206e-05 6.392560570326974e-06 0.0 1.790335526345273e-05 0.0 0.0 0.0 0.0 0.0 0.0 0.0 0.0 0.0 0.0 1.1844828180426719e-05 0.0 0.0 2.0600335351510778e-05 0.0 0.0 8.82536293652284e-05 0.0 0.0 0.0 0.0006309360231486181 2.6977309133899698e-05 0.0017236306556292055 6.957695193836438e-05 0.0 0.0 0.0 0.0 0.0 0.0 0.0 0.0 0.0 1.4274331023349693e-05 0.0 0.0 0.0 5.887490892269259e-05 0.0 0.0 0.0 0.0 0.0 1.3410626931753772e-05 0.0 0.0 2.8157285558481522e-05 0.0005103387304126835 0.0 0.0 0.0 0.0 0.0 0.0 0.0 0.0 0.0 0.0005104203756854129 4.5019500866261074e-05 6.405987406581227e-06 6.691645183511578e-06 7.007561203300003e-06 0.0002763441643707994 0.0 2.9294447641511963e-05 0.0 1.7426955058787246e-05 0.0 0.0 0.0 0.0 0.0 0.0 0.0 0.0 0.0 0.0 0.0 0.0029448406596586187 0.00026042936288168657 0.00036138478564986783
0.024791415929912967 0.04070238237098129 0.0038454485947119255 0.15056578018783445 0.008820407033017027 0.015699328417766778 0.29114407300487033 0.003043339588971783 0.04074494082154765 0.4647415561853662 0.017492350424897954 0.12495268713544179 0.0 0.2158231803707962 0.0016251815295314977 0.0008102225809015397 0.0003647964259559927 2.1060332085776743e-05 0.0 6.607881401341244e-06 0.00012044690289042809 0.0 3.5105789763751606e-05 1.933110900261951e-05 0.0006032651933946847 0.0002890832211070451 4.1980900207229426e-05 3.292119120687567e-05 5.1156677668586464e-05 0.0 0.006154697975873046 0.00047528843811866036 0.02499123515481679 1.20810584248422e-05 0.0003929549363129369 0.00131981712867834 0.05391529031980169 0.003982815493757356 0.0009608497136547737 9.004567438409504e-05 0.00021790767653987036 0.0 1.2311828203290829e-05 0.00019897154274371728 0.0 5.464495098834057e-05 0.009824062395262258 3.1673215268971566e-05 6.014870202657247e-05 3.0600244517504306e-05 4.823202966387222e-05 1.2083539103449652e-05 3.2901175954911864e-05 2.0881967825365744e-05 0.0 2.7124188100694187e-05 0.0009822708518177105 0.00597518987622285 0.0002108303193921083 0.0013199703577679474 6.75729550725592e-05 0.00311277645576844 0.0002889295613784787 0.0019666957813317476 1.9249394359179032e-05 7.796989308834062e-06 1.6900258836341738e-05 3.9102762111035046e-05 3.805725585470053e-05 0.00013959486871138247 0.04426059128429465 0.00022399937363378028 0.0 0.004331495035712317 0.0020604937075644173 0.00520140375789261 0.0017969227641041192 0.0005895180086024837 0.00022759764592778325 0.007810736965257007 9.206870855502249e-05 0.0003726078765805476 8.631166613159843e-05 0.0 1.7428193371024735e-05 1.637614464581523e-05 0.0 0.0 5.877501509883432e-06 0.0 0.0 0.0 0.000228814209095996 1.944950318427837e-05 2.2198234723670208e-05 0.04330911262440044 0.0001835967134094848 0.0 0.0006338031578788521 0.002520841113927766 6.527159840170231e-05 2.6783437816822382e-05 3.003150649097098e-05 8.336511364919318e-05 8.956165466269725e-05 0.0 0.00045151632385674844 0.00010635329383074548 0.00035628891997769734 0.0017824326063841161 0.0003025555744578253 0.00011491115168375701 7.264881990745906e-05 0.00012365365950433197 0.0017883763321477626 1.7354642849443952e-05 0.0 0.0 0.0 0.0 0.0 0.0 7.594572105756897e-06 0.0 0.0 0.0 0.0 8.885310582408698e-06 0.0 0.0 0.0 0.0 0.0 0.0 2.7024702843296232e-05 7.064976187591067e-05 0.0 0.0 0.0 0.0014091321902835905 9.202797803755647e-06 0.00294481540871981 0.00018790810760351494 4.377813136243302e-05 0.0 0.0 0.0 0.0 0.0 0.0 0.0 5.087208297527943e-06 5.630075102985999e-06 0.0 0.0 1.0627192919407419e-05 5.3961951742963595e-05 0.0 0.0 0.0 0.0 0.0 0.0 0.0 0.0 1.0540494846253086e-05 0.0007205138988457537 4.1270429709832254e-05 0.0 0.0 0.0 0.0 0.0 0.0 0.0 0.0 0.0005420128285816134 8.634924838997829e-05 4.130127084684651e-05 0.0 0.0 0.0005382866033625251 0.0 7.152799958192288e-05 4.415922296705452e-05 0.0 0.0 0.0 0.0 0.0 0.0 0.0 0.0 0.0 0.0 0.0 0.0 0.004299629876866253 0.00036635707731047084 0.0006316144277105382
0.02141798050186719 0.06276410957348785 0.05636938112609859 0.008883816528738623 0.057302164253246315 0.00928032321572511 0.10902584436299773 0.05649673336839551 0.0735567337621887 0.11192003385566535 0.1519485260180258 0.021537111491469755 0.2158231803707962 0.0 0.00428839404695046 0.0026469495691065314 0.0007864105115876099 5.872578554312134e-05 2.524243909468237e-05 9.164103992346593e-05 0.0006543305044313573 4.7534771133708825e-05 0.0001886656411732834 8.286949190160804e-05 0.0025744929646282686 0.0007997966272345 0.00011887082511147378 0.0004963533698429446 0.0001137821194876899 8.249949375477949e-05 0.05161909785918202 0.00809081154681986 0.0738060830229412 4.447668946728e-05 0.0020240674945156702 0.005330689615063501 0.09653836114313467 0.008854988266689814 0.0011148710537193173 0.0003676405967285857 0.0006437571112010953 6.451308598417389e-05 2.0767700300093813e-05 0.0006430082636101263 1.8640319966946802e-05 8.664746136468364e-05 0.029697046744074723 0.00010068580809432049 0.00020575561403909253 6.400812036218268e-05 6.44304132140949e-05 5.626939501802309e-05 8.56186491249084e-05 0.0001133299206519846 5.155931428448735e-05 4.064097789646963e-05 0.002559593928279751 0.02515617571011517 0.0006608155345828573 0.0034565010818492998 0.00019250486272188736 0.0035645557545309963 0.0006353916345462519 0.00850269630779792 5.778934918901317e-05 7.390152206289526e-05 5.140266215570499e-05 5.279591027257123e-05 0.0001831281349777156 0.00048137956853494404 0.014628895068526533 0.0004999539998402036 2.0373662499144366e-05 0.013337405480951697 0.007398305392802601 0.016858549654452663 0.006055829776805524 0.0017057690074786828 0.003396178983901648 0.041770625510294875 0.00026433329063667635 0.000633670862527441 0.0004085562078644446 1.0099196221360013e-05 6.511338858513632e-05 2.3145073756445727e-05 3.213562826618475e-05 8.313892323858973e-06 4.681217112244517e-06 1.147853776296402e-05 2.389421031696755e-05 0.0 0.00037090016472423253 8.827141529479738e-05 2.0782197427317975e-05 0.018412235435926887 0.0007922734749784855 7.030517503135251e-06 0.0009336873333739937 0.005013024957852477 1.4744616244885334e-05 4.740790156290903e-05 1.2764595067999955e-05 4.8666666448212254e-05 7.92783620880844e-06 0.0 0.00024987549300198287 2.3676443492701335e-05 0.00022221500714179624 0.0017461303727601817 0.00020247459833134534 8.409298718587126e-05 0.00010507302537640584 5.3389730766186434e-05 0.0015919603379279598 1.9254991314272103e-05 0.0 0.0 0.0 0.0 0.0 0.0 1.832619677462481e-05 0.0 0.0 2.5670723954373124e-05 0.0 1.442728983745937e-05 0.0 0.0 0.0 1.2178875181502551e-05 0.0 0.0 2.2931995761601146e-05 0.00010745763861241612 0.0 0.0 9.92168287830682e-06 0.0015379291681796394 9.640996999335771e-05 0.00327607220312979 0.0002081991356216092 8.31958432583531e-06 0.0 0.0 0.0 0.0 0.0 0.0 0.0 0.0 0.0 0.0 4.1946151787440345e-05 0.0 5.5051171907796834e-05 3.9781025228778347e-05 0.0 0.0 0.0 0.0 0.0 0.0 3.671391906348959e-05 1.4682318643640966e-05 0.0008109405337508542 5.70420221229468e-06 0.0 0.0 0.0 0.0 0.0 0.0 0.0 3.254594746310071e-05 0.0008472924795974937 5.947449168991347e-05 0.0 0.0 0.0 0.0006225193040612942 0.0 1.79927344695418e-05 7.969298271954235e-06 0.0 1.2239246619368416e-05 0.0 0.0 0.0 0.0 0.0 0.0 0.0 0.0 0.0 0.0 0.003939166137858439 0.00024292149679860462 0.0005530456410574952
