0.0 0.13137876773066035 0.02816470636353286 0.10863834409860701 0.01658956766345167 0.00697860360003937 0.036595951766045354 0.0012602850662065135 0.00368650773907579 0.11391315578641814 0.0038761306000084364 0.0010476778118128376 0.0031746375445017676 0.002570382458711156 0.00016999093783766236 1.773098621874952e-05 3.582599071299474e-05 1.9952255640894536e-05 2.3744079232140504e-05 0.0 0.0 0.0 0.0 0.0 0.0 0.0 0.0 0.0 0.0 0.0 0.04049250969275133 0.0003059537616040476 2.467084437894768e-05 0.0 0.0 0.0 0.00015818576105042416 5.6179740542462854e-05 7.571316498442283e-06 0.0 0.0 0.0 1.3466996343936408e-05 0.0 0.0 1.670470915090497e-05 0.0018978648490902146 4.18548073311464e-05 2.2851888976186082e-05 6.072113329979387e-06 9.758240368026456e-06 0.0 0.0 0.0 0.0006325367586948278 0.0004970429654931214 0.01520067804006241 0.10233471134150454 0.003127609903757671 0.001690997579562014 4.6552520390428026e-05 1.1066945398999783e-05 9.93492516012598e-06 0.002199983789388307 0.00011417417765417317 4.646265728860159e-05 0.0 3.285665729126457e-05 1.9554407288157644e-05 0.0 5.963124432698871e-05 0.0 0.0 0.014153581747638916 0.002110806882198842 0.0015795552469549123 0.00019505141618613464 4.5071599984861614e-05 3.644922877381815e-05 0.0004138632010531804 5.4349638655710264e-05 7.744493539933683e-05 0.0004098744589239459 2.399725048793786e-05 4.562192507981124e-05 0.00013992694364363094 2.877797436381966e-05 8.802120991530093e-06 6.780527525247769e-06 0.0 0.0 1.0280863754997695e-05 0.0 7.762205797037207e-06 1.3841430757414074e-05 0.00031033371520731924 0.0 0.0 1.0770895384336582e-05 0.11512536220485747 0.0 0.0 9.004493279834028e-06 0.0002139507202509856 0.0 0.0007875844244192357 1.0149890156836433e-05 0.00012604077745169352 9.01233230913632e-05 9.252173544635441e-05 3.4370509175204134e-05 0.0003559645432210556 0.0002593562501847848 0.00012180305109800017 7.099383304026955e-05 0.0 1.2928637563787616e-05 3.0455972986839555e-05 0.0 0.0 0.0 0.0 0.0 0.0 0.0 0.0 0.0 0.0 0.0 0.0 0.0 0.0 0.0 0.0 0.0 0.0 0.0 1.0327167584802414e-05 0.0 3.066540492933931e-05 0.0 2.658996435237173e-05 0.0 0.0 0.0 0.0 0.0 0.0 8.0564387879905e-06 0.0 0.0 0.0 0.0 0.0 0.0 0.0 0.0 0.0 0.0 0.0 0.0 0.0 0.0 0.0 8.217153490249261e-06 8.315456562719967e-06 7.819630712152925e-05 0.0 0.0 0.0 0.0 0.0 0.0 0.0 0.0 0.0 6.433860245462135e-05 0.0 0.0 0.0 0.0 8.984694097857907e-06 0.0 0.0 3.324128011194369e-05 0.0 6.045283429012507e-06 0.0 0.0 0.0 9.500439479420609e-06 0.0 0.0 0.0 0.0 0.0 0.0 0.00016635314384463363 2.585979999213467e-05 5.695683459027319e-05
0.13137876773066035 0.0 0.08580215095795815 0.12663581344036182 0.2326184030555461 0.016699603131559677 0.31752359465812463 0.026455649379423886 0.09265415448071478 0.16498159677484042 0.03710360150751142 0.014354327096704169 0.06342301115700742 0.02793913725824669 0.0006943723429377384 0.00016946498422292433 2.4751139037132773e-05 7.368010781856822e-06 1.990810158965784e-05 0.0 0.00011007192593053831 0.0 2.580028884873463e-05 8.062768096177294e-06 3.145923531408718e-05 0.0 1.2376760684507737e-05 9.07443824384135e-06 1.154999185550401e-05 6.677404597787203e-06 0.09390912972138749 0.0015883374176583955 0.00044655908630761326 9.900844846944783e-06 2.0390530761787595e-05 6.370401536337157e-06 0.0011964892903420356 8.774364735331805e-05 0.0 0.0 0.0 0.0 1.4640313550466485e-05 5.020724094257566e-05 1.7597862306183107e-05 1.3228538104071399e-05 0.00817032124733738 0.00014773886173046077 2.4564631814592002e-05 1.3983944679857335e-05 1.8256030517876864e-05 0.0 1.8166856502600393e-05 0.0 0.0011083657092787688 0.0009000422610886704 0.010766472968319894 0.10127909150391949 0.006011345437924065 0.004593907618921007 7.908681699224208e-05 0.00011808029530537878 2.869417050826618e-05 0.008078015192766136 0.0002773672857856403 5.387794658800371e-05 7.528066404444924e-06 5.0861562379508745e-05 6.296586863739978e-05 9.212547049233848e-06 0.0007491824283152134 0.0 0.0 0.02671304413134826 0.006314696650373146 0.005911527717851276 0.0016249289294088536 0.00016437662821280124 0.0004921742528736961 0.004762389782467379 0.00011904762278713614 0.0005550849913720756 0.0010786942334655358 4.0545123325735446e-05 9.339934343063632e-05 0.00023305881968382523 8.824141218412591e-05 2.1774678445728327e-05 4.4538050342960065e-05 0.0 7.0345979157502956e-06 0.0 8.582498498480357e-05 6.848780315596621e-06 0.0 0.0012116145032738043 1.1351152341402197e-05 0.0 0.00011023611500075196 0.11709567277734532 2.4384734678894458e-05 1.649563354009708e-05 0.00016437396188723923 0.0001992056580432043 8.831816013634353e-06 0.013427806465775629 3.3093763614049044e-05 0.0013401827205181914 0.0008561090020774757 0.000642406791299251 0.00016100615264749224 0.0021856914511496463 0.0011267841498875852 0.0011324821669173168 0.00041947271707907114 8.729215366624992e-05 1.6547691724847438e-05 0.0 0.0 0.0 0.0 0.0 2.3346248026191785e-05 0.0 0.0 0.0 0.0 1.7670894763737026e-05 0.0 0.0 0.0 0.0 0.0 0.0 0.0 0.0 0.0 9.25713759339714e-05 8.051822551110278e-06 0.0006056112311619444 2.0685115797735705e-05 0.00012290598341823875 0.00011818953481368526 3.530664397007719e-05 0.0 0.0 0.0 0.0 1.794244684062577e-05 0.0 0.0 0.0 1.9206314628020864e-05 0.0 0.0 0.0 1.5321463816692198e-05 1.1655695374585607e-05 1.2590053869370678e-05 0.0 0.0 0.0 0.0 1.1627769686686623e-05 0.0 2.2384281059089045e-05 0.00023632450479652313 0.0 0.0 2.044568233429298e-05 0.0 0.0 0.0 0.0 0.0 0.0 0.0012330052420911949 0.0 0.0 0.0 0.0 0.0002870692771867179 0.0 1.326743237803401e-05 9.062968114223469e-06 0.0 0.00015525777657255196 3.265223221091325e-05 0.0 0.0 7.911457335560775e-06 0.0 0.0 0.0 7.09773238982754e-06 0.0 0.0 0.0012295993048245823 0.0002760637237194467 0.0004030639084442699
0.02816470636353286 0.08580215095795815 0.0 0.0036997034008927126 0.07497701141128997 0.0017646409209158655 0.00274316106082146 0.19014990375477175 0.05046303894003859 0.005610597887487464 0.14787706757006336 0.009341636406668028 0.03866839331465249 0.06129088275543173 0.0011999728693372 0.0005082905072952741 5.782720341492056e-05 2.4103379997538294e-05 2.3702028877478585e-05 0.00014617970428129078 0.0006847100873428371 0.0 0.0005611662455476662 0.00017394095126660762 0.00037930631486385823 8.132447445718969e-05 0.0001440096705339006 5.810780685261961e-05 3.088139873334054e-05 1.6565547425550828e-05 0.3035510460171493 0.037597764292164604 0.0014263284490359856 0.0003068991749546743 0.0002495289377314368 9.28945301982124e-05 0.0022151295666774746 0.0001773991406910121 4.4880651208345194e-05 6.0984150027029094e-05 0.00021180811064794023 0.00021950488162209846 0.0002171932738105922 0.0004892950788717256 5.4593682461824775e-05 0.00044217888836261003 0.008373575135076385 0.00018568568241048998 3.914925795542249e-05 0.00011490141634367712 9.683158708533949e-05 3.0095384604816906e-05 6.977427844773896e-06 6.127652848567334e-05 0.0008813817699878651 0.0007745336379589906 0.007346802949436455 0.09740164161770429 0.0042169902160198135 0.003860261067506951 0.0023540050199729167 0.0006615494795547088 0.00010236528805145695 0.022267938705970658 0.00024142274164333478 9.852459450638782e-05 1.016687672971397e-05 0.00034525081201348696 0.0005924115012695261 0.0006850973652364983 0.0006372826027885296 0.0 0.0 0.018984242414335453 0.0068129362966433665 0.006650901399398043 0.003565906228797663 0.0018293702032940902 0.007238302695967106 0.05864423359054674 0.002518660045581951 0.006811440715733906 0.000800491792999798 2.0982146394347928e-05 0.00011086690193507141 0.00016969397689987716 0.00021415530447496477 0.0 9.668872379708709e-06 0.0 3.578209225606934e-05 1.3071718937752185e-05 0.0009256689295978557 9.265305090860494e-05 0.00011881859688828125 0.0004400411972085865 1.174880672109781e-05 0.0 3.855879812355289e-05 0.038358780857656455 3.578720628564391e-05 2.3686770379347273e-05 0.0 0.0 5.646830008987723e-05 0.00025939698666680247 0.0 0.00041510812967719403 0.00015818180442905169 0.0001723075230402749 6.153146371730469e-05 0.00047413883561172346 0.00033381203529779004 0.0003922064967968247 0.0002770152295382484 0.0 0.0 0.0 0.0 0.0 0.0 0.0 0.0 0.0 6.947207166444502e-06 4.4172424556072525e-05 0.0 0.0 0.0 0.0 1.5293434712227008e-05 0.0 9.715283376939543e-06 0.0 0.0 7.562868490241052e-06 0.0 8.80689530036384e-06 0.0 0.0002807981802024485 4.633728318845522e-05 0.0002414940744255104 6.754712660557408e-05 1.1237332497303219e-05 0.0 2.7545545212551834e-05 0.0 0.0 1.4283530683745444e-05 0.0 0.0 0.0 6.995363385209745e-06 0.0 0.0 2.8229664016481127e-05 0.0 4.5441001280171445e-05 0.0 0.0 0.0 0.0 0.0 0.0 0.0 4.8991521336388846e-05 0.00010908933030558125 0.0 0.0 0.0 0.0 6.228475963063313e-06 0.0 7.045363955378555e-06 6.823361809631773e-06 1.9636378580724424e-05 0.00038412785881235007 1.8903840461998752e-05 1.2481188911218475e-05 0.0 2.7823934035390062e-05 0.0001138858592334676 3.340997021405449e-05 6.01343289488293e-05 0.0 0.0 1.2423829689734969e-05 9.650342060057873e-06 0.0 0.0 0.0 0.0 0.0 5.9727123272280525e-06 7.821204680140387e-06 1.40358576527453e-05 0.0 0.00032620079893311716 0.00013857900086709432 0.000364680992964632
0.10863834409860701 0.12663581344036182 0.0036997034008927126 0.0 0.002734888732717708 0.019960237849628984 0.15288075173921195 0.00011702869564641571 0.0008346439287183038 0.07170349466759303 0.00023466744347354476 0.001089558189827694 0.010321831263194215 0.001354543030232708 7.799663170150369e-05 0.0 0.0 0.0 0.0 0.0 0.0 0.0 0.0 0.0 6.999987123809797e-06 0.0 0.0 0.0 0.0 0.0 0.007432126072043909 0.00011193411749553189 1.0169936895566892e-05 0.0 0.0 2.3187683102501044e-05 5.9657624124765875e-05 0.0 0.0 8.171000230678243e-06 0.0 0.0 0.0 6.812279090259322e-06 0.0 9.480862134016564e-06 0.001102549641970792 8.362737223613794e-06 7.220624492384908e-06 0.0 0.0 0.0 0.0 0.0 0.00018748458785949833 0.00017867299165998763 0.0035478394002272577 0.026874102314316972 0.0012742264054044412 0.0006368500316538919 2.0090330688547803e-05 8.267998003898787e-06 0.0 0.0009166989994204578 4.045199483243506e-05 2.0052773864063197e-05 0.0 0.0 6.352558695724904e-06 0.0 2.2230903038822636e-05 0.0 7.202671269323752e-06 0.005325126625051116 0.0009211782500740769 0.0007610499668993867 8.255279159431724e-05 3.472299302062628e-05 6.531096948459213e-06 3.9334215001144404e-05 7.85500742968792e-06 1.7654401696856785e-05 0.00021451464649982155 7.3698470957034325e-06 1.4342504918340614e-05 3.6014379795538224e-05 1.6327862398665285e-05 0.0 0.0 0.0 0.0 0.0 0.0 8.272733732459135e-06 0.0 0.00018847603712136452 1.8407074967439468e-05 0.0 0.0 0.05923160858983695 0.0 9.535821876829191e-06 7.341584044747018e-05 0.00021010843902049845 0.0 0.007010159892604599 2.956142022497626e-05 0.00037669236255891543 4.614568979987068e-05 0.0001036688410084195 0.0 0.0004391976481040006 0.0002788427074305724 0.0002427153340517906 4.0241153102444666e-05 0.0 0.0 0.0 0.0 0.0 0.0 0.0 0.0 0.0 0.0 0.0 0.0 0.0 0.0 0.0 0.0 0.0 0.0 0.0 0.0 0.0 0.0 3.225768032820388e-05 0.0 6.969994069093487e-05 0.0 1.2156547698940068e-05 2.142082660811173e-05 0.0 0.0 0.0 0.0 0.0 0.0 0.0 0.0 0.0 1.2235476508279236e-05 0.0 0.0 0.0 0.0 0.0 0.0 0.0 0.0 0.0 1.6001230551446662e-05 0.0 0.0 0.0 0.0 0.0 0.0 0.0 0.0 0.0 0.0 0.0 0.0 0.0 0.00012945260946258018 0.0 0.0 0.0 0.0 0.0 0.0 0.0 0.0 0.0 0.0 0.0 0.0 0.0 0.0 0.0 0.0 0.0 0.0 0.0 0.0 0.00017631238958044383 3.773881084927419e-05 1.7667655092445342e-05
0.01658956766345167 0.2326184030555461 0.07497701141128997 0.002734888732717708 0.0 0.0006761495683476173 0.12134863987742159 0.01573916011419161 0.16525443440859616 0.051875013041619816 0.06734521862443052 0.003411597487298904 0.02301949433711137 0.056420378433815914 0.00039661319778214513 3.8449293375866736e-05 2.3185792669104246e-05 0.0 8.341702401214486e-06 0.0 0.0 0.0 0.0 0.0 1.5708855307825195e-05 0.0 6.1618923053763196e-06 0.0 0.0 0.0 0.010888621152113719 0.0004342439586815428 0.0008521074437957509 0.0 0.0 8.332403483649838e-06 0.0003929864559657724 0.0 0.0 1.431936854271505e-05 0.0 8.232121564655782e-06 0.0 8.7508044053685e-06 0.0 3.159563158401024e-05 0.004350886020191331 4.909765566852345e-05 1.4307622992812029e-05 8.145297731034174e-06 0.0 0.0 0.0 0.0 0.0004363278207090993 0.00036453664433585355 0.002247346931155808 0.016743971729304287 0.002144043299588826 0.0017631695287661558 4.117840565357218e-05 9.14531535012109e-05 6.945710573338703e-06 0.0028106719525127504 9.005101776479548e-05 4.508753524528889e-05 0.0 1.917079934300389e-05 2.7960945446339063e-05 1.444369293792254e-05 0.0006391926756878403 7.1158619033046704e-06 0.0 0.007687460730068337 0.002378005658023195 0.0028357345543837714 0.0007369406460755814 5.8207275906686536e-05 5.714157730114286e-05 0.0002455930002080756 2.4529159932382613e-05 0.00021470720171605555 0.00037629726090731007 1.6536790118425133e-05 4.393951115883509e-05 5.498584665428014e-05 0.0 0.0 0.0 0.0 0.0 3.0537518824724626e-05 0.0 0.0 0.0 0.0011975408589224449 5.771885607543653e-05 0.0 2.620912079097481e-05 0.005230165535006295 1.012884461769451e-05 3.0260285266740004e-05 0.0001451929012631842 3.692637191265442e-05 6.107197051771364e-05 0.0015869640595909172 6.286664446090155e-05 0.0023311362719530904 0.0009705004043535389 0.0013335117529318546 0.00036926884226535 0.0029139994438354844 0.00216607895911653 0.0018973701894355786 0.0007613781162373594 2.4969215104223564e-05 0.0 0.0 3.3546722279832264e-05 0.0 0.0 0.0 0.0 0.0 0.0 0.0 0.0 0.0 0.0 0.0 0.0 1.2449160854247528e-05 0.0 0.0 2.5081490129874982e-05 3.408329029229055e-05 0.0 7.811708145841972e-05 0.0 0.0011893390223365748 0.0 0.000504791376163231 0.00015401527421906572 2.7477560876605425e-05 0.0 0.0 0.0 0.0 2.9345662725149628e-05 0.0 0.0 0.0 8.53085124722546e-05 0.0 0.0 1.3538035487364444e-05 0.0 0.0 0.0 0.0 6.791156390570592e-06 6.710371441410984e-06 0.0 0.0 3.197488156578071e-05 0.0 0.00044867160704826337 0.0 0.0 0.0 0.0 0.0 0.0 0.0 0.0 0.0 0.0016488040953007899 0.0 0.0 0.0 0.0 0.00026103483554946273 6.3932965709191e-05 0.000186804534451879 9.765528824677047e-06 6.953411195910155e-05 2.560473348040634e-05 0.0 0.0 0.0 0.0 0.0 0.0 0.0 0.0 0.0 0.0 0.0018500347333009423 0.0003084974040398971 0.0004922501617049671
0.00697860360003937 0.016699603131559677 0.0017646409209158655 0.019960237849628984 0.0006761495683476173 0.0 0.0027413834114955855 3.77590965713649e-05 0.00033134093074182287 0.029683519228566567 0.00033279431394140995 0.0028212368404896887 0.0025772342257829183 0.0010188634985823315 4.515051914913243e-05 2.8398625252180016e-05 0.0 0.0 0.0 0.0 0.0 0.00012968475339769804 0.0 0.0 0.0 0.0 0.0 0.0 0.0 0.0 0.002224352490748579 0.0 0.0011839857559507968 0.0 0.0 0.0 0.0020452956226890357 6.963670012110577e-05 0.0003103101485544778 2.6026125444988074e-05 0.0 1.2326390922555938e-05 0.0 0.0 0.0 4.469727541799572e-05 7.672476011488864e-05 0.0 0.0 0.0 0.0 0.00031921552375356545 7.724886777071167e-05 6.327861105035582e-05 0.0 1.9273164596761768e-05 0.008184941869409127 0.0021368865350939923 5.818122457707043e-05 4.907103581571177e-05 0.0 0.0002899353767627015 0.0 9.353826938765302e-06 0.0 0.0 0.0 0.0 2.5995976568834182e-05 3.214088605219288e-05 0.009466433359320197 0.01099941722441768 0.0002862927441603834 0.0001272860179329171 2.2138197856855432e-05 2.247935624868495e-05 3.631865169513354e-05 2.6190550819376318e-05 2.4438119060543084e-05 4.717132439899562e-05 2.5390470966174116e-05 3.910950473453951e-05 0.0 0.00027718145425372127 0.0 4.130834347855997e-05 3.410700430034292e-05 0.0003629553294854956 0.00023559375690965082 0.0003468466480500845 9.929162714039663e-05 0.00015333268737349287 4.587900741082494e-05 2.2752511550268493e-05 8.775313274220416e-05 0.025067466843497158 0.02007312845301361 0.00024163285731401316 0.0012551607651699942 0.01829609811440438 0.0 0.0 1.6975195983578066e-05 0.0 0.0 0.00011557864803296668 0.0 0.0002579643162514992 3.8961098211170914e-05 9.372003284407649e-05 1.68120271472611e-05 0.0001369416781764963 0.00020323586807213982 0.00010740941124228529 2.8969454690769638e-05 7.723532287972405e-06 0.0 0.0 0.0 0.0 0.0 0.0 0.0 0.0 0.0 0.0 0.0 8.217222613239111e-06 1.756629399747023e-05 0.0 8.809495182121571e-06 4.525660472008815e-05 1.3175192302696172e-05 3.3740015879632243e-05 0.0 0.0 1.0001853361087953e-05 0.0 1.9201732148879864e-05 5.3304958261614844e-05 0.0 2.596969161422913e-05 0.00015122458728917024 6.824315438973123e-05 0.0 0.0 0.0 0.0 0.0 2.947732808904652e-05 0.0 0.0 9.18609812846683e-06 0.0 0.0 0.0 0.00014172670214535128 0.0 0.0 0.0 0.0 0.0 0.0 0.0 0.0 1.688521553342003e-05 2.2859447494750496e-05 0.0 0.0 0.0 0.0 0.0 0.0 0.0 0.0 0.0 7.911402626589742e-05 0.00040250780809672655 0.0 0.0 0.0 1.5247594917377397e-05 7.199276205264193e-06 3.304094132555043e-05 0.0 0.0 9.525221946711418e-06 0.0 8.343051639109365e-06 0.0 0.0 0.0 0.0 0.0 0.0 1.2708783589097455e-05 0.0 0.00015442698039167454 0.0001763158430507506 0.00012454782268001062
0.036595951766045354 0.31752359465812463 0.00274316106082146 0.15288075173921195 0.12134863987742159 0.0027413834114955855 0.0 0.0003039399597454814 0.06203623799758426 0.22970036517872502 0.002221272089006416 0.009003526114175084 0.04184971810868764 0.03402197351547049 0.00018694717590355938 3.9076712573820306e-05 0.0 0.0 0.0 0.0 0.0 0.0 0.0 1.5262825551977918e-05 0.0 0.0 7.998231336329238e-06 0.0 0.0 0.0 0.0030192932993556116 9.415183237324605e-05 0.00029002173066715954 0.0 0.0 0.0 3.322302414090374e-05 1.5394954414992783e-05 4.123766548935797e-05 6.204674077721523e-06 0.0 0.0 7.424900074176782e-06 0.0 0.0 0.0 0.0014656014692934658 8.329104870273794e-06 0.0 6.474089771970519e-06 0.0 0.0 0.0 0.0 0.000222926403175818 0.00019287579740833217 0.0012935064463991 0.010160748050201458 0.0011655956536244692 0.0007505526801348465 1.1597834609547842e-05 5.968098126528926e-05 0.0 0.0009001065872645263 4.523850682100173e-05 1.203296490232134e-05 7.778950171531708e-06 1.1609971856393335e-05 6.221932855861409e-06 0.0 0.0002323422039654357 5.7139931209477614e-05 7.589940053753839e-06 0.004235326541731713 0.0011738805519314677 0.0010736852911973553 0.0003273213377897933 6.660216710899697e-05 1.655762614524899e-05 0.00010724350427823088 2.001391174032842e-05 2.16573569059808e-05 0.00013248384814801002 0.0 3.144178256290601e-05 1.665303194635448e-05 1.4078624421650841e-05 0.0 5.879725294930146e-06 0.0 0.0 0.0 0.0 6.972180927590942e-06 0.0 0.0022532707997852323 2.5990783235364288e-05 0.0 1.361053103611348e-05 0.004347085122198279 0.0 5.3905183189352725e-05 0.00023593152452411784 0.0003751293969152583 5.558959899784884e-05 0.004644903186129324 0.0001769102380705075 0.0038618798989940085 0.001478665997296925 0.0018619899294813123 0.00033123491750887976 0.0050030231593926125 0.003124681285920311 0.0026762147871447406 0.001036223356502699 1.4652809808189495e-05 0.0 0.0 0.0 0.0 0.0 0.0 0.0 0.0 0.0 0.0 0.0 0.0 1.5903124667040017e-05 0.0 0.0 1.126883918474608e-05 0.0 0.0 0.0 7.671425877880287e-06 0.0 6.193044804475848e-05 0.0 0.0009866183670238897 9.08497097998294e-05 0.00043379043845844667 0.0001781794792326483 7.363357679382011e-05 0.0 0.0 0.0 0.0 2.031917118775546e-05 3.518049183441718e-05 0.0 0.0 2.743896238473891e-05 0.0 2.975657050043381e-05 0.0 0.0 0.0 8.487512257848136e-06 0.0 0.0 0.0 3.107912692123346e-05 0.0 6.453895356526861e-05 5.686731228086182e-05 0.00046992988210443264 2.809440586462349e-05 0.0 0.0 6.399536608639931e-06 0.0 0.0 0.0 0.0 0.0 0.002128982315846392 0.0 0.0 0.0 0.0 0.0003325649242091434 6.324506550263097e-05 0.00013124063956118564 1.246885929884309e-05 2.0603669625556924e-05 7.816158916216263e-05 2.1327199250442742e-05 7.546978240132754e-06 0.0 0.0 0.0 0.0 0.0 0.0 0.0 8.124745162052416e-06 0.002589352901049304 0.00020263395150658055 0.0006149533012982269
0.0012602850662065135 0.026455649379423886 0.19014990375477175 0.00011702869564641571 0.01573916011419161 3.77590965713649e-05 0.0003039399597454814 0.0 0.02221760215306086 0.0005334235342403714 0.23244063465126993 0.006476773913045364 0.033959561176234075 0.08019097621286432 0.0015431493025686684 0.0009158609973018477 4.174397102819068e-05 1.0242808601981625e-05 5.37710910190913e-05 0.0005440870007100659 0.0027632868098085035 1.1779918496575413e-05 0.0010631006067176256 0.00047270427851388324 0.00041945387061551325 7.854805097587399e-05 0.00011598823818474667 3.742969498201814e-05 0.0 9.914690878399802e-06 0.06782494128214188 0.035793171818289414 0.0005285512309763339 0.0008513596541447765 0.00044962192009361245 5.69590840345475e-05 0.0016539844390069626 0.0001135323572974973 1.664210086888999e-05 3.122543403472432e-05 0.0003453809196988452 0.00015240093840553385 0.00028040250949181047 0.0006672930288087764 0.0001866346269278075 0.0009075623456632177 0.008441467753924497 6.155994721165663e-05 7.914775399824668e-05 0.0003023885151359696 0.00016691113355389958 0.0 1.6392699227306486e-05 9.911692655319176e-05 0.0005953379441439735 0.00048172763004569204 0.0026036202215881737 0.024381450475786364 0.002171965884990821 0.0023754420256473503 0.01070351000981395 0.00210491559782533 0.00015823810054966806 0.01095956629363393 0.00016889926774223504 0.00017439459955477792 5.2090542347166815e-05 0.0005135360982813299 0.0013477488683316721 0.002569622041522361 0.00010716109681423978 1.655093300365051e-05 0.0 0.01059819769899137 0.006921181850113581 0.006758497401989298 0.007330339248574319 0.020486768632758823 0.0856803492025143 0.06174022168868408 0.011711814189910475 0.04727802988099942 0.00037838253379403146 1.8853423010542322e-05 7.183833057657672e-05 0.00010545367858940076 0.0003452329723878975 1.8797435532113182e-05 9.310465926481903e-06 0.0 0.0 5.7706894047332745e-06 0.001988355303134965 0.00011330750074735574 0.00010601750678004181 0.0001200681138856443 8.44092443436419e-06 0.0 1.3794797923611159e-05 0.002071435678896409 2.9196914337691704e-05 0.0 0.0 0.0 0.0 3.869829153209088e-05 0.0 0.00010120187740179764 3.477735691254966e-05 3.503422276536259e-05 1.0228833969615259e-05 6.91307680607531e-05 3.1686292547324156e-05 0.00018523340050700273 3.4480997184024964e-05 0.0 0.0 0.0 1.3433044631666559e-05 0.0 0.0 0.0 0.0 0.0 0.0 1.2568891517734282e-05 0.0 1.0414377221158058e-05 0.0 0.0 0.0 0.0 0.0 0.0 0.0 0.0 0.0 0.0 0.0 0.0001101906990530727 0.0 3.50890806991204e-05 0.0 0.0 0.0 5.0182854458924366e-05 0.0 0.0 0.0 0.0 0.0 0.0 8.462475267920283e-06 0.0 0.0 3.643355875277053e-05 0.0 0.00010880189172944413 0.0 0.0 0.0 0.0 0.0 0.0 2.2716122850728624e-05 0.0 1.3323488443615868e-05 0.0 0.0 0.0 0.0 0.0 9.25501321350912e-06 0.0 0.0 3.527323023828648e-05 0.00012791729301486255 8.470504787322504e-06 1.5361903980776625e-05 0.0 2.8900946306109486e-05 0.0 0.0 3.6956151061188186e-05 0.0 7.413032353407981e-06 2.0875259746881944e-05 2.864403329962906e-05 0.0 0.0 0.0 0.0 0.0 6.960874764135026e-06 2.215246130543519e-05 0.0 8.70367270719698e-06 2.247507437417423e-05 1.8323604402581224e-05 6.939286261228655e-05
0.00368650773907579 0.09265415448071478 0.05046303894003859 0.0008346439287183038 0.16525443440859616 0.00033134093074182287 0.06203623799758426 0.02221760215306086 0.0 0.04430197888510512 0.12080613096796569 0.008494122602429027 0.07980359300041505 0.05186065494384097 0.0007068885045988791 0.00011221451410009854 1.7821502506038178e-05 0.0 9.294699454750773e-06 0.0 4.565945243325366e-05 0.0 4.167861175834713e-05 0.0 0.0 0.0 0.0 0.0 0.0 0.0 0.004783509126743997 0.000491024635743453 0.0018934169384786904 1.6449926097018735e-05 1.6162162803580447e-05 1.921125075966806e-05 0.0011582261178501385 3.086327564990897e-05 8.393251272772196e-05 0.0 1.8635323902454923e-05 0.0 3.4964967423742365e-05 7.908513607116332e-05 1.5761098356385618e-05 0.0 0.0041997170597622025 5.156757495275772e-05 3.18058287019325e-05 1.3677052536693323e-05 7.2083297094230135e-06 0.0 0.0 0.0 0.000356352178518083 0.0003061158132199472 0.0019224563767137404 0.009162496327924631 0.0015877807037773378 0.0017577678007344479 0.00014113686174120464 9.599492831041603e-05 2.1111321723098857e-05 0.0021349852724287834 6.420402910261664e-05 1.4010626689776163e-05 0.0 1.4130530428656105e-05 5.204793043519201e-05 8.32604416858374e-06 0.0017933950692816723 3.701747654911248e-05 0.0 0.0061516853389200045 0.0024081189272639196 0.0033585316538585447 0.0014939357828373926 0.00035405224284679285 0.00021065474105027147 0.0002494077517343033 0.0001074683640433952 0.00024395026341910987 0.00025279291191617663 1.9118725083139616e-05 4.335297097557592e-05 4.238980587664913e-05 1.733796629439657e-05 1.2516970507289362e-05 7.028984485970003e-06 0.0 1.1791198939849057e-05 0.0 2.560618827821595e-05 1.1961052880207537e-05 1.2980097218463078e-05 0.0035565149634544193 0.00014274389248713487 0.0 4.097814670691138e-05 0.0016474021192438397 0.00017675477135710587 0.00013755800983254328 0.000643243407207204 0.00022111171250077902 0.00024124492087651837 0.004406856458999718 0.0001600309237114069 0.007434190161681351 0.0025595593288516524 0.003804765752267256 0.0010544169126978438 0.010396319741873909 0.0065348898480114175 0.005147761303184766 0.0024695108927501523 3.3914040776215406e-05 5.741024068006047e-05 0.0 2.7840573385806965e-05 0.0 0.0 0.0 8.734810202856856e-06 0.0 0.0 0.0 2.556985637741193e-05 4.174555335523737e-05 0.0 0.0 0.0 7.611325313636574e-06 7.269139936362512e-05 0.0 8.479747977825568e-06 7.775108755142346e-06 0.0 4.678835945839861e-05 0.0 0.0028174541706041454 7.660031515632675e-05 0.0010571529549571598 0.0003240127481980473 7.598374505275665e-05 0.0 0.0 0.0 0.0 8.757733315304444e-05 1.7408577839794375e-05 0.0 6.087641354187396e-05 0.00024083552255443116 0.0 0.0 0.0 0.0 2.0020656322291438e-05 0.0 5.157363205568216e-05 0.0 4.730304173909417e-05 0.0 3.981189719213407e-05 0.00010579515419681155 0.00019338000568063564 0.0011079637065807577 4.303454225898983e-05 0.0 7.66215375217218e-06 0.0 0.0 0.0 0.0 0.0 2.5639088678035536e-05 0.005350730933076841 2.2533432396069202e-05 0.0 7.2992907415300765e-06 3.2259094938228696e-05 0.0008632518739230227 0.0001961730084986096 0.0006147147857237889 0.00015052600784859713 0.00011597783276350727 0.00025422403751303245 9.087371958997788e-05 9.148861520251477e-05 0.0 0.0 0.0 0.0 0.0 7.391031952499308e-06 2.610966084613911e-05 2.2861662645448438e-05 0.0055667971404628315 0.0010085046560572276 0.0016133908074174674
0.11391315578641814 0.16498159677484042 0.005610597887487464 0.07170349466759303 0.051875013041619816 0.029683519228566567 0.22970036517872502 0.0005334235342403714 0.04430197888510512 0.0 0.002736831695835933 0.06629224476399238 0.34863886927436005 0.08235562257336779 0.00020301172900791608 6.604821225332458e-05 1.5565175939622857e-05 0.0 7.459103629898012e-06 0.0 0.0 0.0 2.533370866725411e-05 0.0 9.1415304109653e-06 0.0 7.841543985944159e-06 0.0 0.0 0.0 0.009279854797031358 0.00026296246729570657 0.00036865444819636733 0.0 8.613777455142708e-06 0.0 0.00048156134317311203 6.295025863011079e-05 8.856264440057942e-05 6.104361616011017e-06 0.0 1.0575163725592314e-05 0.0 1.4621089321731517e-05 0.0 0.0 0.002234723053103405 7.570822295856722e-05 0.0 6.406317091690696e-06 7.0289753767387826e-06 1.9852281292413447e-05 5.679666751356192e-06 0.0 0.00031763120017771915 0.00030487280610788403 0.006973309633141325 0.02975417028873773 0.0019318082478469792 0.0012914468802987197 4.634126338666141e-05 0.00010553220552089195 2.8795124902859158e-05 0.0018073082700643607 0.00013010877793010253 2.2341332105559096e-05 6.874731443669297e-06 1.757511280496584e-05 2.0653228665930107e-05 0.0 0.0020021387139837134 0.001298319562165365 1.7209139259780544e-05 0.008373849560847801 0.0017537857908629224 0.0016270647879998903 0.00037724596269040733 0.00011574536196773973 4.486040728155067e-05 0.00017110293866549932 1.88702054294731e-05 0.00010262366335746684 0.00021273328757349222 9.198135656022316e-05 3.922874885791167e-05 2.9824687723988615e-05 5.368148726243608e-06 4.355297861462246e-05 2.5760423637891342e-05 4.410872798884527e-05 1.4603561553352062e-05 1.3607260286268225e-05 8.899692110480383e-06 0.0 7.699755051138622e-06 0.012048144802254822 0.002075363829634588 9.829099470178605e-06 0.0002867504916026028 0.08245016258973524 0.00030598188019331356 0.0006332302632219369 0.0066862849376038746 0.004650032767840765 0.0002753396137829484 0.011446344374571127 0.0010456611062528611 0.01135580172891818 0.00739620360064053 0.013271093933188755 0.0008925912523503047 0.014793726538392372 0.012277950168380132 0.007793650132864038 0.0021440957478630067 6.653468217325628e-06 0.00011748576954136209 0.0 0.0 0.0 0.0 0.0 0.0 7.532820351467715e-06 0.0 0.0 0.0 0.0 0.0 1.0091715391240135e-05 0.0 0.0 5.578860140643836e-05 7.805307999986512e-06 2.921118368047991e-05 5.1703710269998174e-05 0.0 7.762507473341736e-05 0.0 0.0018993657347872676 6.710259772952965e-05 0.00057140908362069 0.00023192717721012848 9.354804573610104e-05 0.0 7.549453807676183e-06 0.0 0.0 0.0 2.1013290320053368e-05 0.0 8.504073108125397e-05 0.0003931316083502469 1.1384351738340663e-05 4.5290197957317613e-05 7.2846666745614125e-06 5.0126913062488465e-05 2.6287394807340376e-05 8.580740202519962e-05 6.738609415189687e-05 1.5094640208444163e-05 0.00019540748156693784 0.00031560907837602605 4.6019960975543845e-05 0.00011006853300982732 3.84308820120589e-05 0.0006363464310208945 0.00011232056055494374 1.9734024716873003e-05 3.444729838688077e-05 0.0 0.0 6.475537068060302e-06 0.0 0.0 0.0 0.004858046596476704 3.617062561612768e-05 0.0 0.0 1.2269157086960997e-05 0.0005379303237074818 4.967458614868223e-05 0.00024911549115982776 0.000298981007866564 0.0003915067465521212 0.00018656487968770133 7.687013326426085e-05 2.1813763477709438e-05 0.0 0.0 0.0 0.0 0.0 8.896848958665353e-06 0.0 0.0 0.006185497192876226 0.0005723569302077268 0.0009462446542453771
0.0038761306000084364 0.03710360150751142 0.14787706757006336 0.00023466744347354476 0.06734521862443052 0.00033279431394140995 0.002221272089006416 0.23244063465126993 0.12080613096796569 0.002736831695835933 0.0 0.015134787321594354 0.1008837200818957 0.13750209425622326 0.003784692576940282 0.002605979518904304 6.828038649691469e-05 1.65042808797109e-05 5.369648641539617e-05 0.00016264349677157545 0.0009943032986766468 4.4499323250182205e-05 0.0011170782784898452 0.0004281347327360601 0.0014753840511348246 0.0003764738272794037 0.0004293388150314442 0.00018858563081801435 8.667253250605818e-05 6.650783566133836e-05 0.02926678238388644 0.007244360347588771 0.0201728955932763 0.0004125950921148965 0.0004107214025567543 0.00035765583971414594 0.00912861812286404 0.0010231354000923782 0.00031127382644953856 0.0003249791481457316 0.0005351595345535945 0.00036583973593704657 0.00010275029131649885 0.001276658538525899 0.00014991602961340783 0.0006391268154102797 0.0125247088511873 0.00010263012608909918 4.9444081339346896e-05 0.00019182554216472985 0.00020550391929081003 0.00014525562099932234 4.9802041976081026e-05 7.398368205821945e-05 0.0006495250141009531 0.0006092330459559011 0.0031616248485597897 0.020019575703836827 0.002605521807363173 0.003314594117795373 0.004790936476665535 0.0026992444545566093 0.0002534538595150669 0.006524867137190021 0.0001678531882773916 0.00014126194220260343 2.478795587054e-05 0.00034614315551886074 0.0007286993547301093 0.0010626177038654727 0.002465587007543452 9.171395722109669e-05 6.096698394871281e-05 0.013269064618309423 0.007683137225299261 0.011208548979168446 0.009016543526019645 0.004158408234566062 0.009684355894605456 0.02803063018908146 0.0036522067687000483 0.012262001933728414 0.0006106823005303969 2.103437015277165e-05 0.00012291129168877314 9.348202738658681e-05 0.00028748323012441534 0.0 7.476495831483424e-06 6.2580761419954585e-06 6.598630913297348e-05 1.8379649751420475e-05 0.002225455849595174 0.000661822326214105 0.0003561803066150906 0.0016074939471227743 9.880981686015272e-05 5.579834935551845e-06 0.00021656096831384453 0.003919212823734494 0.0 9.318150902609145e-06 0.0002600148609979485 2.4310284396292946e-05 6.143608095719581e-05 0.0006097283127140061 1.2639516994897488e-05 0.0008840501210141447 0.0005180806015732041 0.0004581876077737941 0.0003092291341162298 0.0016001570545464408 0.001241868036456861 0.0011910816129106672 0.0008328141922724743 6.789054837344331e-05 5.264072437360256e-05 7.342678545670001e-06 0.0 0.0 0.0 0.0 8.347521056615804e-06 0.0 1.5596110353010226e-05 0.00010188585260137594 5.350718265887074e-05 2.1968410896138275e-05 0.0 9.178079861644347e-06 2.2095787419641732e-05 3.7704308296434073e-05 4.471880267471806e-05 0.0 0.0 7.911981384274514e-06 0.0 0.0002379070558231414 1.6717359193884467e-05 0.0020018029530793004 0.00015084096755559962 0.000778674773775683 0.0003970915079742519 0.00019974999837324217 4.900844039378793e-05 4.688031714756861e-05 2.0588393444800303e-05 1.330805633425424e-05 7.441588775193412e-05 7.569640560648866e-05 9.789714369404352e-06 1.7329853184401966e-05 0.0001050784988264744 0.0 0.0 4.069559067870838e-05 7.978555664811722e-05 9.850167300145159e-05 1.3813407547157322e-05 8.590331901492774e-06 0.0 6.7441736551213896e-06 7.377861611665992e-06 0.0 0.00021704950710093752 0.00021361835762565514 0.0006175918313806767 6.719992932928255e-06 0.0 1.295723840647117e-05 0.0 0.0 7.764200718674472e-06 0.0 0.0 6.959748702405045e-05 0.002792423284932885 3.671468570334618e-05 3.889276343774108e-05 0.0 6.803390248850736e-05 0.00023919030805457351 0.00017465627722502378 0.00048766877299253296 9.663772496234392e-05 3.401311813333985e-05 5.375182553089727e-05 2.122309038266185e-05 5.55833318467692e-05 0.0 3.0428480255342107e-05 0.0 0.0 0.0 2.1088142480502838e-05 3.188673850114354e-05 1.662958746437881e-05 0.001484491903110456 0.0010822528451982624 0.0016454742812003003
0.0010476778118128376 0.014354327096704169 0.009341636406668028 0.001089558189827694 0.003411597487298904 0.0028212368404896887 0.009003526114175084 0.006476773913045364 0.008494122602429027 0.06629224476399238 0.015134787321594354 0.0 0.07899508942958038 0.024733018742733478 0.0007435814615707416 0.0005345294152723397 4.5053841806516e-05 1.008982924454038e-05 0.0 1.9956604495046586e-05 1.922510857953995e-05 9.618463823148646e-05 9.913234312327659e-05 9.574264975927829e-06 0.00025989097223832813 2.9052225452335294e-05 3.186753624173093e-05 4.035848964563185e-05 1.3358089590488013e-05 5.123166133476263e-05 0.001777113417477151 0.00011902421634959673 0.006398703227580735 3.213423202670494e-05 3.779162563605297e-05 5.909942972571608e-05 0.009471157021364198 0.0004840044250546596 0.0007074596116011024 0.00018622777168874214 1.6634199950399117e-05 0.0001363406586022937 7.522335090495897e-06 0.0002997203050348552 1.8998476265147552e-05 0.0001225518282968062 0.0017867838786139523 2.357538698668119e-05 1.1458698068538835e-05 1.967996518043981e-05 8.067143313516168e-05 6.27638419640451e-05 0.00015647804704348905 6.215850247089552e-05 0.00012364860492008827 7.385893542335303e-05 0.0007358167930662521 0.004047042650982851 0.0005062076521056861 0.00047787896753081636 0.00042347795013183737 0.0006708633201834393 0.00017478621880087145 0.0008111747403642131 2.24154164114004e-05 2.737232567917598e-05 0.0 1.2636876389517828e-05 4.193218167696966e-05 4.225420210984225e-05 0.011474373018752218 0.00027031017413701026 0.0 0.0020721430160590445 0.0010181180007067653 0.0012621831620742807 0.000884394209899242 0.000694580274804191 5.981654377263708e-05 0.0005476158740178807 0.000275105982899793 0.0005373893398612301 7.038566057621044e-05 0.0 0.0 1.3406350833330859e-05 2.1919240337684787e-05 1.8233985642486346e-05 0.0 1.916806657363777e-05 2.6276673778031083e-05 4.6161787954785655e-05 0.00022834911191037488 0.00015938097738464523 0.00026790875091318214 0.05465414772967968 0.003230716207407098 0.0 0.0004509196474292909 0.0016177345807618427 6.535078004004809e-05 3.1875774201776956e-05 0.000715944680977472 7.482596497966585e-05 0.00023682624768218868 0.004242677084223111 0.0001579280775101499 0.0061045274163434825 0.0024863470448925453 0.00295250392361327 0.0010328071670642665 0.009493554759436985 0.006844071955989391 0.0072071380815900594 0.004615018551090511 0.00015260990202638146 0.00019414000062977098 0.0 7.207746718624912e-06 0.0 0.0 0.0 1.446923468642743e-05 0.0 0.0 3.0124443588247136e-05 2.0252415526349537e-05 4.670842863362519e-05 7.762414237681015e-06 4.2158843998241384e-05 5.341926518166555e-05 2.1766340819976e-05 0.00013059952865287065 9.923366081544412e-06 6.932428564047367e-05 8.142365576671752e-05 2.484810894682252e-05 0.0002971168363833728 3.385460250666512e-05 0.006968799661873333 0.00017740231284682536 0.0027448089823705005 0.0007848748117905499 0.000391353677174042 7.294780064564584e-06 1.581974144363407e-05 0.0 4.4146239267173776e-05 0.00011158898694305315 8.108559129848014e-05 0.0 5.911259524401522e-05 0.0005060807760540626 0.0 1.3532622996508133e-05 8.940762419030408e-06 6.610838408390667e-05 5.87344753427532e-05 0.0 9.749414058811016e-06 6.566413973737859e-06 9.082002817365343e-05 0.00014456163582630702 8.831794580149128e-06 0.00022055352721096042 0.00029155082015158235 0.0021875563251153155 4.2595443556427015e-05 0.0 2.0313722795811386e-05 7.463573583241583e-06 0.0 7.354409092133364e-06 7.30448407499997e-06 0.0 3.143755052124844e-05 0.01194912286783647 0.00010298623272936136 0.0 0.0 6.38730912682164e-05 0.0018522776200004475 0.00018496953394207835 0.0010046448149081326 0.0002455736864945398 0.00019247366182271325 0.00028068384756221567 0.00012606191354731046 8.897571320701137e-05 0.0 0.0 0.0 0.0 0.0 8.293670496663541e-06 0.0 0.0 0.010557583216907446 0.0031600078496357184 0.004649506449320941
