0.0 0.1700148106876662 0.016658422046075955 0.11905849055069874 0.009655679741235353 0.009753091691435558 0.057648476677397684 0.006303174530590069 0.018447924077576887 0.13052210968260317 0.013759361447330639 0.028358968713022174 0.07420341475713767 0.029063002776066296 0.00026387482606741737 0.00016594147265132467 2.8383613874243246e-05 2.2625096567762434e-05 9.598084813950056e-06 1.0891522298276738e-05 5.3624006755884027e-05 0.0 2.1028418423098547e-05 4.9777093716321974e-06 1.4029556576258635e-05 0.0 8.774532545545904e-06 0.0 2.0939479518086595e-05 0.0 0.03625161927241818 0.005037946440370621 0.0001872304458726836 1.0353993994671224e-05 7.057978530955395e-05 0.0 0.0010895603392953724 2.308233511796293e-05 0.0 0.0 0.0 0.0 2.753305072729074e-05 2.393050976810963e-05 8.724518398359178e-06 1.6905361416004134e-05 0.0031524144064081915 0.00015915167158029198 3.911189936836541e-05 7.099316604415506e-05 2.3224289986506487e-05 4.308716151023521e-06 0.0 0.0 0.00013863314884954907 0.0006663431611077546 0.00978116518226196 0.04033558402908501 0.0005170890223481391 0.0019134248983986532 2.4295371374482775e-05 3.724517890220091e-05 1.210740556895327e-05 0.0017274525833329616 0.0004998238316588523 0.00023996671150663352 8.856768137216973e-05 6.723478597451908e-05 9.138316173420536e-05 0.00010061105141747781 0.00045155658005212454 0.0 0.0 0.009873579942412994 0.002994067776456388 0.0024283138257758584 0.0004746326301171154 6.519055240892078e-05 3.1778784261943635e-05 0.00029536813153748594 4.7777714084751404e-06 3.64949549159726e-05 0.0007323896829617868 4.610551350515735e-05 0.00026672794397343075 0.0004265112635877471 7.868565316848295e-05 5.268397593666263e-06 0.00011257921199749707 8.964014209812173e-06 2.912276361480237e-05 1.571097209263113e-05 0.00011621779157914155 1.9539769910910132e-05 1.0360883954019988e-05 0.0016812802962404554 0.0003085164274404794 0.0 5.9102036799742675e-06 0.061280935914756945 5.7444475543385454e-06 2.968981370527499e-05 0.000169998595704678 0.0010963949307810567 0.0 9.179523380139491e-05 7.828681500575105e-05 8.782508854489775e-05 0.00017879852464290738 0.0006209411423608985 4.857558896084784e-05 0.0006987456362347233 9.440035187139983e-05 0.000451826425505625 0.0004348648990794023 0.0 0.0 0.0 0.0 0.0 0.0 0.0 0.0 0.0 0.0 0.0 0.0 5.7404619027824275e-05 0.0 1.2367243565777023e-05 0.0 0.0 0.0 0.0 0.0 1.954498649225722e-05 0.0 6.719548388636014e-05 0.0 0.0003081479725724445 4.058740736219882e-05 0.0001830808087409558 0.00019274352725439777 4.406699962801775e-05 0.0 0.0 0.0 0.0 5.989553094217662e-05 0.0 0.0 4.6031288800527614e-06 0.0 0.0 0.0 0.0 7.992570577210671e-05 0.0 0.0 0.0 0.0 0.0 0.0 0.0 0.0 0.0 0.0001522448997884415 0.0 0.0 0.0 0.0 0.0 0.0 7.053011147478632e-05 0.0 6.561168755530738e-06 0.0005666521701859054 0.0 0.0 4.157389019564612e-06 0.0 2.4150916955389705e-05 0.0 8.000008822353149e-05 1.3402145831477836e-05 2.691576943004143e-05 0.0 0.0 6.179112327841269e-06 0.0 0.0 3.999593848851377e-06 4.523363266665362e-06 0.0 0.0 0.0 0.0 0.00041085092443039734 0.00019330443195039417 0.00034321775207996736
0.1700148106876662 0.0 0.11843625455281497 0.11345289946924045 0.1745048054700122 0.004514963530409011 0.22207881785950362 0.005988436015336556 0.3244231278955828 0.08273455860067915 0.019269618861063903 0.026928985591980908 0.19427748765196934 0.1457931610976841 0.001119767038348326 0.000490994703999192 8.481996919245896e-05 4.297677535097106e-05 1.6937885019216126e-05 1.7068210583701057e-05 2.3004976510338616e-05 0.0 0.0 5.577984302402974e-06 0.0 4.830265755937852e-06 1.1361667060259364e-05 0.0 0.0 0.0 0.13677391563162244 0.0015600474463171744 0.0009344619484771648 0.0 1.3174194561472276e-05 0.0 0.004496003245242603 4.111179346481684e-05 1.1109800114152977e-05 6.214124123833522e-06 4.30800986603991e-06 8.77984798155122e-06 1.6345512992547262e-05 0.00012220859335492282 2.3642761946334916e-05 2.2306217521153192e-05 0.01229003096732422 0.00029996021393530545 5.7060015895855994e-05 4.512572839029793e-05 4.20055329612142e-05 0.0 0.0 0.0 0.0002346403688879136 0.0009608545102783116 0.007702518137438636 0.03248895635121635 0.0008498615388458741 0.004039459703443496 2.076334891156444e-05 9.210861316374227e-05 3.516575370926403e-05 0.0018517963136319157 0.0007092629029998184 0.00036323357636846004 0.0001167587002914 8.398009202373078e-05 5.670692893092195e-05 2.6821944580964772e-05 0.0018315631157321756 0.0 0.0 0.015611426278398373 0.006572785231619999 0.0069806233138355305 0.0022214060404846235 0.00033152719893708016 9.084144535835636e-05 0.0002746764095563307 4.026710543949841e-05 4.492162969767518e-05 0.0011170479597870106 6.309516555394656e-05 0.000434857194305275 0.0005224849239419499 9.784804647328949e-05 2.2121034141557884e-05 0.00019673902010723652 0.0 6.0959492691470586e-05 4.924032554193944e-06 5.066377120419946e-05 3.1821791086166096e-05 1.0505744308198934e-05 0.0048082962041506 9.164301655735391e-05 0.0 0.0 0.02641015174621467 1.7877921306993086e-05 6.977381781254343e-06 0.00018177155493197223 0.0006941451949393994 1.126995433560361e-05 0.00022374700873431026 0.000145121203017229 6.468287400551602e-05 0.00027023891565237506 0.000686598852017833 0.000126692776103626 0.0010323037321923628 0.00015162664929488354 0.0003794529426142872 0.000802778905095048 0.0 0.0 0.0 0.0 0.0 0.0 0.0 0.0 0.0 0.0 0.0 0.0 0.0 0.0 8.957345095976452e-06 0.0 0.0 0.0 0.0 2.0923699790686213e-05 6.852265015941281e-06 0.0 0.0 0.0 0.000375371938378799 4.648697848752998e-05 0.00035520250215426814 0.00017356462858693375 1.1346547766107498e-05 0.0 0.0 0.0 0.0 0.0 0.0 0.0 0.0 1.9539043854994875e-05 0.0 0.0 0.0 6.822729768014332e-06 0.0 0.0 0.0 0.0 0.0 0.0 0.0 0.0 0.0 8.720343871307142e-05 0.0 0.0 0.0 0.0 0.0 0.0 0.0 0.0 0.0 0.0011721428048109372 5.944465442538422e-06 0.0 0.0 0.0 8.627883426842957e-05 0.0 0.0 8.106627146835757e-06 0.0 0.0 0.0 0.0 0.0 0.0 0.0 0.0 0.0 0.0 0.0 0.0 0.0011756517097965375 0.0004188507557350238 0.0002397524431936288
0.016658422046075955 0.11843625455281497 0.0 0.0015764234637539569 0.07956160583162064 0.0002883843044325158 0.014937936856417842 0.12883369670265138 0.3094973951944189 0.0012170798230239609 0.15046547120520115 0.0006928243599917119 0.02357742951772052 0.22525821936675997 0.002315414963665418 0.0015520594359263798 6.127398553586179e-05 1.6563357109901695e-05 3.084643171538803e-05 0.0001565834183052982 0.00031220298266006067 0.0 0.00024738716049701006 9.829765975374733e-05 0.00019385147301672714 2.8183512695735595e-05 0.0002091949354601192 0.0 2.0812353268933925e-05 8.288182350145382e-06 0.25492248069974116 0.03459450826663848 0.007685842009458585 9.161238423304979e-05 0.0010870180932086523 0.0001983541243395342 0.00291148965928381 0.0006647801621141582 0.00014181653175550794 4.8202492130457924e-05 0.00019985892906814042 4.755611349038466e-05 8.899230756029493e-05 0.00014065846710211994 3.12912398181402e-05 9.509846220576414e-05 0.008092486216394967 0.00014265956386013665 2.0639228054350666e-05 9.439501918841161e-05 2.3379863241029475e-05 0.0 1.681183481353461e-05 6.634637116860566e-06 9.658622943919095e-05 0.00038263942324664237 0.004260556971956397 0.023727792714041872 0.0003856367292951588 0.0016524399439785164 0.00025253820835689235 0.0023136164179987997 0.00030134393979589327 0.019456697961716823 0.00033234298922185266 9.845643610952563e-05 6.432095490269281e-05 7.454118129781155e-05 0.00017408583493482206 0.0006307260843531035 0.000775915791124529 2.916194160881588e-05 0.0 0.006909142716504606 0.004169993925293097 0.004955394977358506 0.002219987864406633 0.0004399741537137386 0.0003729720122918708 0.02052188448447017 2.600991077320461e-05 0.0028233308786372625 0.00039576884085452285 1.4957942316741904e-05 0.0001783459545565235 0.00023876724967731954 9.75434992488313e-05 1.2710749621368141e-05 7.6408539061028e-05 0.0 2.781303908938249e-05 2.8330655540874088e-05 0.0008213745019662283 0.00039968192257505697 6.445289306008111e-05 0.00039972229145220843 3.3343000219481066e-05 0.0 5.491600769273064e-05 0.009176326522712634 0.0 3.962352144164589e-06 6.089396046623414e-06 0.0 8.754032613380126e-06 9.150050305482688e-05 5.7895458907340375e-06 1.3957960984879402e-05 1.8023598579241214e-05 3.912794999959513e-05 7.035323230713952e-06 0.00012157130008892705 4.6599290840325977e-05 0.00010171824209848163 0.0003332563053058422 0.0 0.0 0.0 0.0 0.0 0.0 0.0 0.0 0.0 0.0 2.3544063772937144e-05 0.0 0.0 0.0 0.0 6.503218892908729e-06 0.0 0.0 0.0 1.5855521580459337e-05 0.0 0.0 1.3269731909755775e-05 0.0 0.00027484732168854423 2.950379700194381e-05 0.0001546448048424636 0.0002805784226020489 3.8165643650283094e-05 0.0 0.0 0.0 0.0 0.0 0.0 0.0 0.0 0.0 0.0 0.0 0.0 3.0369383953654918e-05 4.051515344086166e-05 0.0 0.0 0.0 0.0 0.0 0.0 0.0 0.0 0.00012771487101220292 0.0 0.0 0.0 0.0 0.0 0.0 4.323289010277399e-06 0.0 0.0 0.0006134034384951442 7.560863619213465e-06 0.0 0.0 6.74193774881394e-06 5.839379870047937e-05 0.0 9.408419322085315e-06 0.0 0.0 0.0 0.0 0.0 0.0 0.0 0.0 0.0 0.0 0.0 6.28123676162708e-06 0.0 0.0003833237031833346 0.00021411788229570527 0.0002823938543269229
0.11905849055069874 0.11345289946924045 0.0015764234637539569 0.0 0.007972805797271328 0.014215855696411235 0.05131953838455402 0.0003615121913898211 0.005715870558878605 0.2794780392235972 0.00221614663740288 0.07100738639695221 0.14708462321943389 0.02909348090224728 7.442436832378887e-05 4.471033901317345e-05 1.131361444188656e-05 0.0 0.0 0.0 0.0 0.0 0.0 0.0 0.0 0.0 0.0 0.0 0.0 0.0 0.002272889212902898 4.4797518305269104e-05 0.0003042058814266335 0.0 0.0 0.0 0.0016932298191418066 0.0 0.0 0.0 0.0 3.6607390100939654e-06 0.0 2.165034630994224e-05 0.0 0.0 0.0016836979984982219 2.615148200154266e-05 4.426995959910945e-06 1.5616860354716575e-05 1.226264440027079e-05 0.0 0.0 0.0 7.933337286664302e-05 8.980021891847829e-05 0.0014221954507627902 0.004874073082467029 0.00010565082847406946 0.0005913350274224336 9.226655893006251e-06 1.1322480232425328e-05 9.009866786216968e-06 0.00012546099321798486 9.18590951725784e-05 2.9048341200856208e-05 2.1816101594261723e-05 9.811785028163602e-06 1.0229664280700831e-05 4.979091654214775e-06 0.0007281012618824246 1.075018916243465e-05 0.0 0.0022779487196666376 0.000685730364207726 0.0008049305511876595 0.00025260552291058363 1.004358237536104e-05 1.1409680978085116e-05 0.0 0.0 0.0 0.00014884861844264598 6.3062579272674655e-06 3.9288149231464616e-05 6.261572929540767e-05 1.1816840179090271e-05 0.0 1.076554318381752e-05 0.0 0.0 0.0 0.0 0.0 0.0 0.003643904565327135 0.001692825150236872 0.0 7.313401762874733e-05 0.024840336480373412 2.669870184757666e-05 0.0002504006097215427 0.00047019317258105523 0.004606919226774259 0.0 0.0008664373550079759 0.0005437628271242208 0.0003126831445538567 0.001690423651309233 0.0029719741910984813 3.965872968498022e-05 0.001181189811081918 0.0031734799352906434 0.000989449192098582 0.0003862922143422156 0.0 0.0 0.0 0.0 0.0 0.0 0.0 0.0 0.0 0.0 0.0 0.0 0.0 0.0 0.0 0.0 0.0 0.0 0.0 0.0 1.7970770649889287e-05 6.0160639785244965e-05 0.0 0.0 7.282650770914945e-05 2.512751137840832e-05 0.00017532753946288338 4.282264369182559e-05 0.00011021927914001923 0.0 0.0 0.0 0.0 0.0 0.0 0.0 0.0 5.916125704988733e-06 0.0 0.0 0.0 6.988417578771351e-05 0.0 0.0 0.0 0.0 0.0 9.15574765699522e-06 0.0 0.0 0.0 6.6867099648869595e-06 0.0 8.767272407051473e-06 0.0 0.0 0.0 0.0 0.0 0.0 0.0 0.0004220858686526412 0.0 0.0 0.0 0.0 6.27534098567931e-05 0.0 1.5758610362755662e-05 9.8015945852047e-06 0.0 4.391366637798419e-06 0.0 0.0 0.0 0.0 0.0 0.0 0.0 0.0 0.0 0.0 0.0007505761464834048 4.901824413534146e-05 0.00015051677775968045
0.009655679741235353 0.1745048054700122 0.07956160583162064 0.007972805797271328 0.0 0.0007433124677302315 0.13673618734937457 0.0013937610188636926 0.3024871934495764 0.014405950647405243 0.010180946045730149 0.002457650326202131 0.051757650635178384 0.16173264636954832 0.0009555812761679099 0.00047198219118256947 9.88808244154839e-05 5.907014670765952e-06 5.731123208385063e-06 1.0301348630943405e-05 0.0 0.0 0.0 5.738266403922111e-06 0.0 4.373057072463883e-06 1.880777598563166e-05 1.6944406902709822e-05 0.0 0.0 0.017671007913908448 0.0011343742401311275 0.0006167875375817818 0.0 1.2013762023526363e-05 4.402486735202694e-06 0.0012799636179683632 3.181682774100729e-05 0.0 0.0 0.0 4.734897512218622e-06 0.0 4.7598575141683506e-05 3.2399739166555586e-05 1.4906971592990113e-05 0.005632133712833469 6.150028530208787e-05 4.683217138218261e-06 5.531404408108565e-06 9.521685727497645e-06 0.0 0.0 0.0 7.203688362142024e-05 0.00025163333740532153 0.0016327184453428223 0.0038468512381536857 0.00026047714729534693 0.0012377790394501836 9.716704935256625e-06 7.696580169902075e-05 8.554064362838423e-06 0.00037332914346397127 0.00015514675977148655 0.0001049404159929835 2.2041434267469798e-05 1.4371106992249507e-05 9.856064763857422e-06 0.0 0.00045765519103552644 0.0 0.0 0.0031157786954993175 0.0016568879791543033 0.002575303848343271 0.000993072930441092 0.00011550461579486476 3.9958751048724466e-05 0.0002109567559902216 9.459141016230018e-06 4.7475156573201204e-05 0.00023254737347435205 1.4628848008344668e-05 6.743005568418857e-05 0.00014281733673596954 4.592871973110889e-06 9.522198089087903e-06 5.8629622166544084e-05 0.0 2.292881972296337e-05 0.0 1.9950644785089935e-05 4.925966740230065e-06 0.0 0.001183725264801973 0.0 0.0 1.5188892037827383e-05 0.0016187000852134164 1.3777970629776466e-05 1.5594626049121706e-05 3.528150515252072e-05 3.988978919783504e-05 2.533727885985726e-05 7.450669406249505e-05 2.9759808271849205e-05 7.620374880645585e-05 9.35821373338814e-05 0.00031555329154188714 5.2833286853752e-05 0.0005901858138365501 7.269830163060255e-05 0.0002879273001888882 0.0007207990028904268 0.0 0.0 0.0 0.0 0.0 0.0 0.0 0.0 0.0 0.0 0.0 0.0 0.0 0.0 0.0 0.0 0.0 0.0 0.0 4.473627006232756e-05 0.0 0.0 0.0 0.0 0.0002401960364357302 4.958916133591196e-05 0.000123333598907312 0.00010966133461521378 0.0 0.0 0.0 0.0 0.0 0.0 0.0 0.0 0.0 0.0 0.0 0.0 0.0 0.0 0.0 0.0 0.0 0.0 0.0 0.0 0.0 0.0 0.0 5.183527798781455e-05 1.0492461186741213e-05 0.0 0.0 0.0 0.0 0.0 0.0 0.0 0.0 0.0006546653875585554 0.0 0.0 0.0 0.0 7.84739826296988e-06 0.0 6.430675558784957e-06 0.0 0.0 0.0 0.0 0.0 0.0 0.0 0.0 0.0 0.0 0.0 0.0 0.0 0.0006417164844457954 0.00013302993431442005 0.0002835361291571156
0.009753091691435558 0.004514963530409011 0.0002883843044325158 0.014215855696411235 0.0007433124677302315 0.0 0.0024736371469602945 0.00017724176064396716 0.00036590070175898415 0.04677155116330539 0.00031797122516161956 0.006758353410754593 0.01014356435569614 0.004672977065173038 0.0 6.34592430535839e-06 0.0 0.0 0.0 0.0 0.0 8.659429126123198e-05 0.0 0.0 0.0 0.0 0.0 0.0 0.0 0.0 0.0004834010433489885 0.0 0.0028082861890443146 0.0 0.0 0.0 0.0030838190724148426 2.3431805685038637e-05 0.00016315798544261158 3.064712305677861e-05 0.0 0.0 0.0 0.0 0.0 0.0 0.00019552132968927608 2.0989260200016683e-05 0.0 0.0 0.0 0.0006319630754069293 0.0 8.097718449168732e-06 7.631811817745901e-06 2.1146274629259055e-05 0.011205686970021467 0.0006132689217034794 2.8876624770317095e-05 5.04121520257258e-05 0.0 7.700599095515494e-05 0.0 1.1608902139805562e-05 0.0 8.94800858900131e-06 4.8747638131959935e-06 0.0 0.0 0.0 0.006280788815414755 0.004092623209866116 0.00030558729535019337 0.00019108128912106155 6.171081501605041e-05 0.00011161405695139585 0.0 0.0 0.0 4.237106972387007e-05 0.0 7.283401225001163e-05 1.259493360709002e-05 1.311744651909933e-05 0.0 2.9221383545789808e-05 5.519806443079882e-06 0.00010567115172982482 6.791912185874134e-05 0.0005953330366521467 1.0021183592441223e-05 0.00019077340691902735 0.0 0.0 2.33588921717692e-05 0.024781724994040397 0.012646123825200962 0.00010060877733968066 0.0021828755524749494 0.024337021520320454 4.1660596247356695e-05 7.721636208100617e-05 0.0003286122476526802 0.0008383544376537599 1.426656966348693e-05 0.0005967630567801651 0.0002949224913729723 0.00044644151907375685 0.0005688612154996599 0.0029856536330800823 0.00019845597576620004 0.0031039726237474426 0.0007259496574349667 0.001812658522335601 0.002436038669922783 1.2591604098069596e-05 0.0 0.0 0.0 0.0 0.0 0.0 0.0 0.0 0.0 2.784381107218247e-05 0.0 0.00016887722379713005 0.0 0.00012756414247724882 0.0 9.356855891042338e-06 5.234484724946905e-05 6.157153721578305e-05 4.4310442053953326e-05 3.873903684454838e-05 0.0 6.241186070277656e-05 0.0 0.0010263745862772412 0.00012186575109784521 0.000591929080819608 0.0006925050182211707 0.00029017774120626517 0.0 0.0 0.0 0.0 4.041523367628318e-05 0.0 0.0 0.0 3.554340479479098e-05 0.0 0.0 0.0 0.00018322582936587846 0.0 0.0 0.0 0.0 1.3484383652636937e-05 5.124986406710991e-06 6.370165150186029e-06 4.7674906081520466e-05 2.7080514293556484e-05 0.00033045704299696806 6.37074523773362e-06 0.0 0.0 0.0 0.0 0.0 6.303727248017079e-06 0.0 0.0 0.002606168896704421 5.470618804967482e-05 0.0 0.0 0.0 0.0002046446096905893 0.00011000169961662228 0.00018464817626912883 7.609118490010403e-05 1.0057912935537755e-05 0.0 0.0 0.0 0.0 0.0 0.0 0.0 0.0 0.0 0.0 0.0 0.0034775094785159722 0.0006367076989555421 0.0009063449262658632
0.057648476677397684 0.22207881785950362 0.014937936856417842 0.05131953838455402 0.13673618734937457 0.0024736371469602945 0.0 0.000590964996769081 0.13267676030143927 0.05695225583372359 0.0031547711946358927 0.0231327515695353 0.2896352977459918 0.04889801076953214 0.0007447535494841757 0.0004093865516776605 4.1955814116027766e-05 1.4802571819432794e-05 4.599732907049369e-06 5.982349071516445e-06 1.076313449542195e-05 0.0 0.0 0.0 9.854814567924547e-06 0.0 0.0 0.0 0.0 0.0 0.015757619086522935 0.00039881496553984875 0.0005048292161282045 0.0 8.682286847052019e-06 7.795677505789991e-06 0.0034013009943610587 7.399260230539162e-06 1.4565199910828077e-05 4.792260556763123e-06 3.894124341694702e-06 0.0 2.0569952813161787e-05 6.18769143987121e-05 2.0684143404463923e-05 3.649500539494701e-05 0.007019328922241249 0.00012725669523571084 2.5536129842432027e-05 2.234237603118078e-05 0.0 0.0 0.0 0.0 0.00011412813324644658 0.00045046885784957614 0.0029358621000634593 0.009494081850983336 0.00032479825026969803 0.002058886154288965 2.0691389240582273e-05 4.116573109028954e-05 1.9616508468465445e-05 0.0006320811999929704 0.0003322455433476784 0.0001391644026166355 4.542050498860104e-05 2.745499677179394e-05 2.2065566161844338e-05 1.43508788052293e-05 0.0014127610326655935 0.0 1.2640655358819465e-05 0.006636545952776395 0.002979760010691556 0.003362731853338706 0.0011929285590256222 0.0001563776727361354 3.5664503854399165e-05 8.812239960837437e-05 1.4757096994019834e-05 2.7433137272584064e-05 0.00045987803014969637 2.2207113833327665e-05 0.00019716280161385659 0.0002049837753956975 5.892693996055059e-05 1.415098122525177e-05 7.608555775643174e-05 0.0 2.570929501953669e-05 0.0 7.192528638742838e-06 1.282677764733879e-05 6.386343661484248e-06 0.0026422420207054768 0.00013665394692602434 0.0 0.00014217825861757025 0.004000452569400593 1.1742611688537464e-05 0.00013372939916793096 0.000764430244454488 0.0007124187679238647 1.79762202758349e-05 0.00028714977338737617 8.993871850122352e-05 0.0002723637102958658 0.0005972506946100713 0.00021700288566656254 6.664331121162034e-05 0.001059607579350424 0.00034809491448576404 0.00041522483543884496 0.0007205923116818099 0.0 0.0 0.0 0.0 0.0 0.0 0.0 0.0 0.0 0.0 0.0 0.0 0.0 0.0 0.0 0.0 0.0 0.0 0.0 0.0 8.97786707062773e-05 0.0 0.0 0.0 0.00028445531089793156 0.0 0.00020121311337092956 0.00011917389837137753 0.0 0.0 0.0 0.0 0.0 0.0 3.112661442153125e-05 0.0 0.0 1.1546213984118986e-05 0.0 0.0 0.0 3.2750897414009054e-05 0.0 0.0 0.0 0.0 6.143878845019739e-06 4.184207236693975e-06 0.0 0.0 0.0 3.445390825629202e-05 0.0 0.0 0.0 0.0 5.647121567728473e-06 0.0 0.0 0.0 0.0 0.0010878315244426875 5.778486788757176e-06 0.0 0.0 0.0 6.076686786973109e-05 0.0 0.0 1.3232843978547976e-05 4.9959276541546755e-06 1.1912274045476232e-05 0.0 0.0 0.0 0.0 0.0 0.0 0.0 0.0 0.0 0.0 0.0008126470545253787 0.0002476929638066148 0.0002739797887723696
0.006303174530590069 0.005988436015336556 0.12883369670265138 0.0003615121913898211 0.0013937610188636926 0.00017724176064396716 0.000590964996769081 0.0 0.03354259215557842 0.000627098087688444 0.10799715998558708 9.138195318342638e-05 0.0037906343258743386 0.06516098512850896 0.00855777762522139 0.0058356578697544995 0.000519812019339843 0.0003551001850590633 3.1287814399068406e-05 0.0011645021314092335 0.003341321253131798 7.268425459399873e-05 0.0018538329879710955 0.0014455948918533862 0.0018611980133611905 0.0005272887572242544 0.001748743432268878 0.00012304434428815118 0.00011463044741750408 0.0001428436501633548 0.1328190835836264 0.21106156369657028 0.007819875294155749 0.0007571385410366973 0.0094342451154266 0.0026485347397511494 0.0016401027694758208 0.0021645136261415755 0.0003063338697065719 0.00016085754542174017 0.001703955396018293 0.0007671218759147846 0.0004616427288226563 0.0007704729722686116 0.00013560986001092974 0.0008588275726353205 0.029548350220311565 0.00021337133486144642 0.00010715224480151849 0.00036024511865317033 0.00020495939194776713 4.818312250666079e-05 5.3940314319405236e-05 8.432686701357303e-05 0.00016600147027767524 0.000451317975615228 0.005190030076241491 0.02112294276016492 0.0006785045627736589 0.005024955227043486 0.013066988426158992 0.020786916326490282 0.0029291038645467703 0.0607563127973691 0.0004668298245594807 0.0002932816838778925 8.870470360359726e-05 0.00023782866297742433 0.0007184003837882782 0.004255596948314107 0.00014023817327197345 0.00017751196281555337 3.1261644836760206e-05 0.012820418089503757 0.0121320697014349 0.016120682673472764 0.017423781974001223 0.04881266104075024 0.0392992566838858 0.10160344039819881 0.003743304626989847 0.08162951130740777 0.0006992527934427167 4.595309686916743e-05 0.00031140031312271155 0.0003861040619576087 0.00019197450237415066 5.142850074438243e-06 0.00011538869587803098 5.803494913995841e-06 8.525444046322643e-05 5.874030573109916e-05 0.004988758449746717 0.002335427204577715 0.0004416134584076844 0.00017129898624707146 7.029246824169418e-06 0.0 1.2363882507397597e-05 0.002647149596693355 5.605495343456107e-06 1.3714484485636103e-05 6.433402685377428e-06 0.0 0.0 2.7660176135127177e-05 0.0 7.4971709319361456e-06 2.6135770841415848e-05 2.0082844171170756e-05 6.859688369786305e-06 5.0972548146055014e-05 3.3558725061226546e-05 6.88189217766747e-05 0.00019046746310961055 0.0 0.0 0.0 0.0 0.0 0.0 0.0 0.0 0.0 2.8918644730589852e-05 0.0001347621009710057 0.0 0.0 0.0 0.0 0.00011092156114096027 3.928800115980634e-05 0.0 0.0 0.0 0.0 0.0 2.0596537144376386e-05 0.0 0.0001870137863285953 4.378956171610804e-05 0.00023624792525156273 0.0002391133856874774 0.00010970042679497082 7.678515637922484e-05 1.5068337309826577e-05 0.0 6.995687560665796e-06 0.0 0.0 8.573713303627287e-06 0.0 0.0 0.0 0.0 3.823872416482621e-05 0.0001274676695853063 0.0001921970709028517 3.735496688561831e-06 0.0 0.0 0.0 0.0 0.0 4.9262199764183524e-05 0.0 9.979896671008515e-05 1.0342192010454303e-05 0.0 0.0 0.0 0.0 0.0 0.0 7.263604717343775e-06 6.584795944292814e-05 0.00040614790439051824 9.003478672005455e-06 2.0942019451815627e-05 6.891045067373194e-06 0.00010805122191216895 7.898085883806853e-06 0.0 6.96948375678662e-05 0.0 8.969278325526836e-06 5.630129082967902e-06 6.893285492520737e-06 0.0 0.0 0.0 1.0433980032913546e-05 0.0 0.0 5.834118404479435e-06 2.4213557997366835e-05 2.238812470502991e-05 0.00010102705916203881 0.0003721327888258613 0.00038151003107137697
0.018447924077576887 0.3244231278955828 0.3094973951944189 0.005715870558878605 0.3024871934495764 0.00036590070175898415 0.13267676030143927 0.03354259215557842 0.0 0.007148323900081955 0.06401072497130361 0.0021154020316595168 0.057852602796509195 0.10282660807724002 0.0006771000656564182 0.00034337152870365944 8.307316699855956e-05 0.0 1.834913874718191e-05 8.295316711861912e-06 0.0 0.0 0.0 0.0 0.0 0.0 0.0 0.0 0.0 6.235250415940102e-06 0.05150539071740741 0.001827290243859564 0.0005543043126495922 0.0 1.6911916110831202e-05 0.0 0.001280563189979415 2.8677551259596798e-05 0.0 0.0 0.0 0.0 0.0 1.635978171598032e-05 1.2590957546539033e-05 1.0811012961333043e-05 0.003095034869962093 4.1825337745606785e-05 4.9014394272226496e-06 9.401295056163669e-06 9.198117604823887e-06 0.0 0.0 0.0 3.738010162895112e-05 0.00018222835599772787 0.0015723303369927642 0.0057607377179769706 0.00020104988203533054 0.0009374627796407275 0.0 7.222028845848386e-05 7.816904755845392e-06 0.0003605863043585711 0.00012692289165965935 7.042127165477159e-05 2.903506649256089e-05 2.8864752115536e-05 1.4560573933481574e-05 2.6866604170941022e-05 0.00031255275399769226 1.0292586322302171e-05 0.0 0.0028348119078597522 0.0014272066272737977 0.0019047756748591807 0.0006685987471945984 0.00010144266854336014 1.4744752781486135e-05 0.003301239022098506 3.7120180762477712e-06 2.9446446156484792e-05 0.00024077225140466495 1.2083766265237342e-05 6.969664177054321e-05 0.00012872160769281576 1.3396336122181434e-05 0.0 5.977663655177576e-05 0.0 0.0 6.942478515057071e-06 1.8281874672465116e-05 0.0 9.967584176097061e-06 0.0006398849625478285 0.0 0.0 0.0 0.0029878137083201033 6.038414385760503e-06 0.0 6.4108676092267054e-06 7.803340214105336e-06 2.521599429001811e-05 5.835534676238113e-05 0.0 3.049032232186124e-05 2.086055942752055e-05 0.00019855446192790533 5.6355364748382626e-05 0.00026086297029584356 2.6138500491957038e-05 0.00016261209319360457 0.00023934487090634973 0.0 0.0 0.0 0.0 0.0 0.0 0.0 0.0 0.0 0.0 0.0 0.0 0.0 0.0 0.0 0.0 0.0 0.0 0.0 0.0 7.82472563161389e-06 0.0 0.0 0.0 0.00013900119483789122 3.943243833191649e-05 9.073423054065951e-05 3.727139137163736e-05 1.2174265811874784e-05 0.0 0.0 0.0 0.0 0.0 0.0 0.0 0.0 4.799677600736347e-06 0.0 0.0 0.0 3.885830057277867e-05 0.0 0.0 0.0 0.0 0.0 0.0 0.0 0.0 0.0 1.1702785460360912e-05 0.0 0.0 0.0 0.0 0.0 0.0 0.0 0.0 0.0 0.00023956399929294476 0.0 0.0 0.0 0.0 3.800659491837203e-05 0.0 0.0 0.0 0.0 5.507029793998738e-06 0.0 0.0 0.0 0.0 0.0 0.0 0.0 0.0 0.0 0.0 0.00019818526375697232 0.00019102784871348675 0.00010545929063291225
0.13052210968260317 0.08273455860067915 0.0012170798230239609 0.2794780392235972 0.014405950647405243 0.04677155116330539 0.05695225583372359 0.000627098087688444 0.007148323900081955 0.0 0.0010976526632248092 0.1412607071507597 0.3899460132795382 0.07276119771044667 0.0011830366798500798 0.0004175529917819321 9.321422511482146e-05 4.405220171666963e-06 4.391613564114905e-06 2.5481984832506133e-05 5.542126142273125e-06 0.0 0.0 0.0 5.496232846162308e-05 0.0 0.0 0.0 0.0 0.0 0.003695572676301979 0.0002713533130482921 0.01927856846731244 5.274202255065226e-06 2.941948533625272e-05 0.0 0.030106581097826084 0.00035323021795352806 8.356946491718373e-05 8.108685006359178e-06 0.0 0.0 0.0 1.6390566318523906e-05 1.1386965018942762e-05 8.436423533635397e-06 0.010553783275374427 0.00010651221136852853 1.982843771199346e-05 8.921498293615842e-06 4.615250143782823e-06 0.0 1.6895937832798145e-05 1.3614921439143447e-05 0.0001241337550123936 0.0005257275969273012 0.006357007559000557 0.01140335381891784 0.0005089600473180161 0.0026576635720189897 1.3573542982503808e-05 0.00020257558421802604 0.0 0.00029714122318125777 0.00035173374267635744 0.00017153640022148819 5.674651201870513e-05 1.076479315038942e-05 3.339749858222783e-05 1.0624136012146296e-05 0.03736516856267297 0.0 1.6076600979415298e-05 0.006619817346433895 0.002603377831339675 0.003492069535460624 0.0006672396954567016 0.00015419162900838683 4.577266818830338e-06 0.00038978174718007 5.522519267296268e-06 6.654708230138742e-05 0.0005121210449021149 4.093798678407906e-05 0.00016536529554162072 0.0002064355591128747 3.130137599620161e-05 0.0 5.428468440677499e-05 0.0 2.362710589242183e-05 0.0 3.382759879446958e-05 5.829225309226683e-06 0.0 0.01307725979154111 0.0019506898730513266 0.0 0.003304550836135106 0.049442127645245755 5.4224434806210515e-05 0.000135613767083549 0.002889063691332981 0.007411824934391766 3.1038974508794105e-05 0.001036807019550247 0.0002396019018515382 0.0004308289649962155 0.000489977026000876 0.0015650922569688305 0.0002976320315114149 0.003203415416282651 0.0005612781104236635 0.0019683438393404548 0.0029082668350518545 6.793732541822966e-06 0.0 0.0 0.0 0.0 0.0 0.0 0.0 0.0 0.0 0.0 0.0 1.7917421104468452e-05 8.779801288499889e-06 0.0 0.0 3.594496040897856e-05 0.0 8.909798949980222e-06 3.973957723105246e-05 0.00010156715263886055 0.0 8.512926017853723e-05 0.0 0.0012153245058683952 0.00010292856048288763 0.0009656122564673097 0.0005630184260693512 0.00016472536516987015 0.0 0.0 0.0 0.0 0.0 0.0 0.0 0.0 2.1649576505582495e-05 0.0 0.0 8.669115199996121e-06 1.889566576929213e-05 2.9327314094246088e-05 0.0 0.0 0.0 0.0 1.0743300044402127e-05 6.040164744198149e-06 0.0 4.028199947122697e-05 0.0004633272921237414 3.152885781174517e-05 0.0 0.0 0.0 0.0 0.0 0.0 0.0 0.0 0.004164447011640759 0.0 0.0 7.094237662405298e-06 0.0 0.0002596310275601168 1.3939496196698557e-05 6.133539489086329e-06 1.375714468756762e-05 2.957616408031527e-05 4.7879891942118465e-06 0.0 0.0 0.0 0.0 0.0 0.0 0.0 0.0 0.0 0.0 0.003175865438693266 0.0009090516955292687 0.0010460785180195116
0.013759361447330639 0.019269618861063903 0.15046547120520115 0.00221614663740288 0.010180946045730149 0.00031797122516161956 0.0031547711946358927 0.10799715998558708 0.06401072497130361 0.0010976526632248092 0.0 0.0013702739441702316 0.04862746315265637 0.16655897082643964 0.0029992292688367336 0.002443700109112584 0.00014003313524976857 1.031074823663656e-05 1.477992737217085e-05 2.6143082720859053e-05 8.687995724597044e-05 9.079185186928974e-05 8.04218930576453e-05 1.6439847679265458e-05 0.00022441033274543461 3.432497780446233e-05 0.00021179565008092318 6.088147785717894e-05 1.807160240127209e-05 9.07854427221722e-06 0.09112989731555168 0.03220326060070932 0.01868547876045215 1.1667411898385393e-05 0.00030504630292696905 0.00016321831538887698 0.006984131847800667 0.001879065372784105 0.00013165143344834172 6.831022285667065e-05 0.00013806465842567333 4.5622777604324537e-05 2.358034763908451e-05 0.00017707562592602334 1.9390524616487485e-05 5.3629629272317e-05 0.00911044242368929 8.419803499574341e-05 2.0601982143082673e-05 1.9360500563825007e-05 4.651122606288755e-06 1.7863962187936394e-05 0.0 0.0 0.00010885641455692232 0.00025175236093776524 0.002516355393823169 0.010121821050251528 0.0003313769979074087 0.0012767520501270428 5.283132911086116e-05 0.0067116293914164 7.487303175821157e-05 0.0031343501512216447 0.0002057847000431645 0.0001181009040406002 5.1718954239185494e-05 3.4958934830907786e-05 8.289658649817797e-05 0.0002515158177256571 0.001256015254628321 3.568379018788852e-05 0.0 0.004477284658453565 0.0027703664827432774 0.0040258016073375395 0.002272357852709307 0.0005940676297216514 0.0006568664395267118 0.10277998208260158 0.0 0.015446739776570236 0.00038733203368068194 5.963896482421086e-06 0.00016267119355618502 0.00012385351257279735 6.392692444161534e-05 1.0754035660284649e-05 6.415922153065944e-05 0.0 2.013926620350064e-05 8.19939404074042e-06 0.0003288545639768283 0.00023612298516266012 8.295678982634926e-05 0.0005597013727358656 0.0 1.208306629012553e-05 1.7620131073897874e-05 0.004353572810915867 0.0 0.0 0.0 5.844663209838688e-05 0.0 3.919278014642914e-05 1.1718686337299882e-05 3.679406639620312e-05 6.611050353343832e-05 5.1423365770710634e-05 2.3319588400977784e-05 0.00010160442715488073 5.792115817387034e-05 0.00014022524434465283 0.0003825590026685619 0.0 0.0 0.0 0.0 0.0 0.0 0.0 6.192059764119168e-06 0.0 0.0 0.0 0.0 0.0 0.0 0.0 8.028505044723504e-06 7.952696562271678e-06 6.845759958772389e-06 0.0 4.1975390282961856e-05 0.0 0.0 0.0 0.0 0.00011433237622480454 0.0 0.0001675283969961583 0.00013255471473287678 4.359470572369965e-05 9.2091274898007e-06 1.0656015587776444e-05 0.0 7.315140384950827e-06 0.0 0.0 0.0 0.0 0.0 0.0 0.0 1.3931627365904372e-05 8.415258961639887e-05 7.256105224379013e-06 0.0 0.0 0.0 0.0 5.288176517814233e-06 0.0 6.499978563409766e-06 1.965037607437108e-05 4.312173035322702e-05 0.0 0.0 0.0 0.0 0.0 0.0 0.0 0.0 5.98307386545734e-06 0.0004403051136408984 0.0 0.0 0.0 0.0 4.087636289343628e-05 3.080883245129918e-05 0.0 0.0 0.0 0.0 0.0 0.0 0.0 0.0 0.0 0.0 0.0 0.0 0.0 0.0 0.00027305249295707547 0.0003525107651087835 0.0004136036535380284
0.028358968713022174 0.026928985591980908 0.0006928243599917119 0.07100738639695221 0.002457650326202131 0.006758353410754593 0.0231327515695353 9.138195318342638e-05 0.0021154020316595168 0.1412607071507597 0.0013702739441702316 0.0 0.06001467215246743 0.007204022538421167 0.0002475422445261394 0.00013237374424435408 5.8392479095956725e-06 0.0 0.0 0.0 0.0 0.0 0.0 0.0 9.086013477797335e-06 0.0 0.0 0.0 0.0 0.0 0.0007028898426701205 0.00011420397285759925 0.006239072428542907 0.0 0.0 0.0 0.029203234140986595 0.0003713112393107668 0.0001102479856914496 0.0 0.0 0.0 0.0 3.3067631104205896e-05 6.84995434088769e-06 0.0 0.0013028078374541648 1.1425004712083337e-05 4.6367314713427505e-06 0.0 0.0 0.0 9.378547547662302e-06 0.0 5.686441744186566e-06 6.399588839579534e-05 0.0006556236997590174 0.00132936316092612 7.368480423498148e-05 0.00047207871960138387 0.0 0.0004900147611375375 0.0 4.992128312079939e-05 4.389530465104277e-05 1.4749356884610391e-05 3.9941198247347955e-06 9.465149276159096e-06 0.0 0.0 0.02136600666614561 6.193186707222856e-06 0.0 0.0006962664476415192 0.0003156946179471993 0.00040625502960803554 0.00018921404283224694 3.158460889437353e-05 0.0 0.00043533844191767895 0.0 9.999162644644856e-05 7.069610527225993e-05 0.0 4.204349188799573e-06 1.3073939111713971e-05 1.4930058151936262e-05 4.902213858821714e-06 9.290751570762608e-06 0.0 0.0 4.45746843412943e-06 1.5562857947893387e-05 0.0 0.0 0.026950685282329658 0.0003982337720820629 0.0 0.0003285405027276683 0.0031913520826442805 5.5433113044606346e-05 9.304898850196402e-05 0.0001595837429964844 0.0015133403933829369 4.568459037046322e-05 0.00033906638730534037 5.942518005771516e-05 0.0003573887364401451 0.0004691769774026124 0.00118907895419475 0.00021165527814888548 0.0027306784659986605 0.00044131874953533864 0.0015874716021182362 0.0023517018711709946 6.427917724149724e-06 0.0 5.580475019131959e-06 4.659195456271181e-06 0.0 0.0 0.0 0.0 0.0 0.0 0.0 6.1807200831762126e-06 0.0 0.0 2.298395370012958e-05 0.0 0.0 4.065256099512717e-05 0.0 5.5004967209990475e-05 7.669225361274741e-05 0.0 0.0 0.0 0.000981274465450003 8.911673570826539e-05 0.0003372563517828308 0.00029902309407027494 4.079056924918816e-05 0.0 0.0 0.0 0.0 0.0 1.0884703850808387e-05 0.0 0.0 1.5753808970973085e-05 0.0 0.0 0.0 6.913441073949422e-05 0.0 0.0 0.0 0.0 0.0 1.5609883739795077e-05 0.0 0.0 0.0 0.00021136589018110058 0.0 0.0 4.198499096323641e-06 0.0 0.0 0.0 0.0 0.0 0.0 0.00326800485034127 8.276886838305035e-06 0.0 0.0 0.0 0.00015000469969299782 7.922422638685872e-06 7.063203188938392e-06 1.880466521883368e-05 3.675655126373828e-06 2.230236849935447e-05 0.0 0.0 0.0 0.0 0.0 0.0 0.0 0.0 0.0 0.0 0.0030196985261917437 0.0007769900442747308 0.0007262129145409905
0.07420341475713767 0.19427748765196934 0.02357742951772052 0.14708462321943389 0.051757650635178384 0.01014356435569614 0.2896352977459918 0.0037906343258743386 0.057852602796509195 0.3899460132795382 0.04862746315265637 0.06001467215246743 0.0 0.24869907515306167 0.003033678670161927 0.001739777002219482 0.00017284821583842295 1.1030398370039441e-05 0.0 8.322099593709191e-06 1.9949416042721187e-05 0.0 1.0105437207311742e-05 0.0 1.1130215073378505e-05 2.2576938364201495e-05 0.0 0.0 1.354835481558975e-05 0.0 0.018383485451557612 0.0022313273678318613 0.02619916364236068 5.092095989618296e-06 4.4280711620658663e-05 4.559660593872573e-05 0.024860221799897057 0.0007839904129189569 9.779998754504487e-05 2.9769782075876268e-05 2.194565672339973e-05 0.0 1.9115391911075803e-05 9.18949688970587e-05 3.351623354320118e-05 4.163606683105868e-05 0.013209276427328902 9.893962737277344e-05 1.7666716857405962e-05 1.4468159130423415e-05 1.52273473411906e-05 0.0 1.429893005134833e-05 1.1745952555327127e-05 0.00010280400235155804 0.0004682075438427719 0.0034424368292787543 0.009423080596945504 0.0004739405507582187 0.002276454428025768 9.17756845565805e-06 0.001673707441340871 1.523213905783641e-05 0.0006465179532088071 0.0002931854202633647 0.00019808414995431997 2.6383441302116328e-05 4.6711593938643324e-05 7.24204384333334e-05 1.6973913545884602e-05 0.014712586873128123 4.68946794961938e-05 0.0 0.006888057873104568 0.003181840367355545 0.004623066818859335 0.0018528231337931551 0.0003906803276101132 3.21023839339764e-05 0.006562385226040152 0.0 0.0006787388129783547 0.00045049571224330375 5.589986099226933e-06 0.00019731931419796167 0.0002224091055834007 2.4959597697274723e-05 1.0431980644868812e-05 7.106842514710203e-05 0.0 4.5029987864142435e-06 4.378588306084795e-06 2.2843264591869334e-05 2.8305396703395855e-05 4.983207920117179e-05 0.05271303904254285 0.0004391422841929842 0.0 0.0007255714920948882 0.007547355282025495 8.006693374341877e-05 0.0001708402122947327 0.0019696993394618433 0.0019248030371689197 4.0526312659471106e-05 0.0009969578024074358 0.00032716555642270465 0.0005223552413534015 0.0018573356764709976 0.0023308069746831063 0.0004494029034427673 0.007249652339333462 0.0027496660013980874 0.0028950985482130206 0.004620440850869608 5.98372714751782e-06 0.0 0.0 1.4604772061500099e-05 0.0 0.0 0.0 0.0 0.0 0.0 0.0 0.0 6.0319714177301346e-05 7.692771909875193e-06 1.9166530056759385e-05 0.0 5.32899179736271e-05 6.0186829959801026e-06 5.619091013897042e-06 0.00018187235092741484 0.00011336617205735183 0.0 0.0 0.0 0.0020312392229954066 0.00013505331543634794 0.00122146062567439 0.000809278155499252 2.916609266314481e-05 0.0 0.0 0.0 0.0 2.09764616767133e-05 0.0 0.0 5.3079874119793285e-06 2.8111262139663403e-05 0.0 0.0 0.0 5.8845183792938974e-05 5.924474927356048e-06 0.0 4.823679511751784e-06 5.772981635939711e-06 0.0 3.689179411131787e-05 7.170969910088813e-06 0.0 7.106951969953046e-05 0.0006173576862399672 3.326457145759928e-05 0.0 0.0 0.0 0.0 0.0 0.0 0.0 0.0 0.006379563978082322 8.09501866535407e-06 0.0 0.0 0.0 0.00032832505509962394 0.0 0.00013912010984053994 2.5784430448996386e-05 5.001071461646995e-05 3.8994713270590194e-05 0.0 0.0 0.0 0.0 0.0 0.0 0.0 0.0 5.971987420702673e-06 0.0 0.005836383953012537 0.001624870754932788 0.0018150370983403025
