#Command line
./../../../bin/brainMatch -experiment groupwise match -groups all all -data matrix 1 -dti ./../data/connectomes/ -samples ./../data/subjects_qa.txt -printMatches -printSimilarity -modality str_str -outputPath ./results/matching_raw -pathType direct -assCost edgesIgnoreDiag -preprocessGraphs none 
#numOfNodes, numOfPatients, numOfControls: 
86	123	123
#Pairwise similarity scores:
0	1.63207	1.35902	1.40855	1.42803	1.34983	1.41563	1.44072	1.45058	1.46579	1.5858	1.46958	1.35355	1.43387	1.43588	1.51747	1.45097	1.42285	1.4005	1.44032	1.44367	1.34806	1.37434	1.37575	1.50739	1.45569	1.42066	1.30557	1.55772	1.294	1.39077	1.39845	1.42481	1.6136	1.40939	1.35034	1.39615	1.56672	1.57882	1.55956	1.53301	1.45507	1.44548	1.425	1.37883	1.47058	1.48673	1.51037	1.48095	1.4744	1.44623	1.45789	1.40789	1.52693	1.38792	1.63974	1.46865	1.56626	1.33775	1.39468	1.70425	1.57396	1.5311	1.3903	1.40221	1.42524	1.531	1.49319	1.46911	1.61193	1.54145	1.62801	1.50132	1.52998	1.446	1.48807	1.42657	1.45787	1.53369	1.50706	1.45681	1.68743	1.62992	1.36802	1.36398	1.42155	1.42517	1.42446	1.5984	1.77217	1.88376	1.85165	1.89185	1.50186	1.53468	1.5018	1.5051	1.51829	1.55618	1.46127	1.5864	1.60592	1.4547	1.40688	1.47745	1.51359	1.54545	1.56552	1.5632	1.64948	1.52578	1.49836	1.52064	1.53282	1.63504	1.72319	1.57972	1.64069	1.58429	1.63703	1.49672	1.77132	1.81805	
1.63207	0	1.64268	1.67773	1.71473	1.60305	1.53284	1.4581	1.77984	1.66639	1.70118	1.56951	1.51521	1.71374	1.49818	1.73908	1.73894	1.74581	1.78097	1.5846	1.49355	1.73542	1.66781	1.5333	1.69871	1.66768	1.55603	1.61945	1.77068	1.63577	1.59235	1.62328	1.57077	1.49179	1.45909	1.55673	1.62609	1.38538	1.53198	1.39083	1.49616	1.53664	1.42753	1.477	1.47617	1.6549	1.65355	1.62544	1.45928	1.45681	1.41505	1.43519	1.49718	1.76827	1.46425	1.91802	1.7839	1.78685	1.75727	1.7151	1.79879	1.49338	1.4247	1.59521	1.67453	1.63576	1.79391	1.83312	1.82054	1.52881	1.69586	1.67538	1.72038	1.73824	1.68841	1.60549	1.56041	1.58455	1.67936	1.73971	1.34699	1.52038	1.59357	1.75219	1.69736	1.65843	1.67154	1.67082	1.80029	1.52672	1.73868	1.70723	1.87513	1.83941	1.74036	1.84278	1.71767	1.73882	1.86458	1.55345	1.58222	1.59826	1.6438	1.66707	1.78696	1.7951	1.86717	1.81899	1.78005	1.91871	1.54544	1.53155	1.55221	1.43014	1.51307	1.4228	1.56238	1.60914	1.74756	1.76373	1.78247	1.69531	1.58912	
1.35902	1.64268	0	1.56336	1.41701	1.32899	1.3745	1.34144	1.40389	1.3723	1.46979	1.43826	1.30918	1.39743	1.37345	1.27653	1.52895	1.47488	1.2609	1.29381	1.38322	1.4192	1.38506	1.2731	1.49691	1.44023	1.46638	1.42683	1.56426	1.26969	1.38751	1.34534	1.35884	1.65131	1.41153	1.33352	1.36086	1.59633	1.66141	1.63891	1.37164	1.493	1.55065	1.44522	1.37822	1.38801	1.45761	1.50727	1.44107	1.48116	1.52729	1.40938	1.40401	1.60263	1.45315	1.77567	1.63831	1.74906	1.49097	1.57368	1.73994	1.64626	1.5293	1.46447	1.56108	1.61734	1.45901	1.41788	1.43039	1.67784	1.55603	1.57328	1.56618	1.58982	1.51725	1.48712	1.42421	1.47098	1.5342	1.50966	1.58877	1.7329	1.75499	1.32666	1.38412	1.3287	1.39243	1.41383	1.55987	1.78572	1.91052	1.97693	2.03267	1.42598	1.48203	1.53458	1.44062	1.47597	1.5989	1.43833	1.39163	1.67645	1.39085	1.30236	1.40732	1.34782	1.5222	1.63553	1.68919	1.79792	1.3752	1.34797	1.41673	1.63585	1.69222	1.77459	1.6056	1.7394	1.63352	1.56382	1.70131	1.74673	1.83901	
1.40854	1.67773	1.56336	0	1.54655	1.41903	1.29596	1.34013	1.4978	1.59544	1.52135	1.58115	1.33672	1.43009	1.65227	1.68858	1.46847	1.46029	1.47596	1.49382	1.60843	1.37054	1.42279	1.39823	1.5513	1.50706	1.53154	1.32008	1.52871	1.4333	1.40566	1.43728	1.46807	1.6512	1.58232	1.4877	1.49877	1.58549	1.61942	1.64246	1.57409	1.55579	1.46722	1.49098	1.43815	1.54509	1.49444	1.59271	1.61269	1.55749	1.52576	1.5381	1.50642	1.49856	1.44905	1.66893	1.54475	1.58983	1.68199	1.6984	1.75264	1.74403	1.71645	1.68205	1.57369	1.62391	1.52759	1.58018	1.49598	1.7065	1.72383	1.68459	1.67191	1.73082	1.6831	1.61485	1.45478	1.47315	1.58931	1.65206	1.65098	1.77934	1.7851	1.61154	1.46856	1.49624	1.40678	1.4241	1.56551	1.84437	1.93959	1.96156	1.96059	1.49697	1.4556	1.61247	1.52522	1.51182	1.6049	1.48452	1.53527	1.70761	1.38483	1.43334	1.69679	1.5659	1.74102	1.64812	1.6235	1.77543	1.6586	1.52518	1.50804	1.61367	1.75561	1.77707	1.63639	1.72966	1.67882	1.67922	1.69015	1.91174	2.01061	
1.42803	1.71473	1.41701	1.54655	0	1.28369	1.43986	1.44245	1.37955	1.55216	1.50294	1.50086	1.46463	1.56119	1.39586	1.53423	1.39344	1.45874	1.31709	1.47018	1.35811	1.31538	1.30487	1.43102	1.29666	1.37177	1.55362	1.49118	1.51296	1.32721	1.35616	1.4457	1.33715	1.74363	1.55913	1.299	1.39796	1.61754	1.70728	1.69509	1.60004	1.63634	1.63412	1.55444	1.56273	1.46458	1.54	1.54529	1.59572	1.51083	1.64111	1.57392	1.48544	1.45821	1.50092	1.67961	1.5373	1.60923	1.54087	1.54304	1.77485	1.68865	1.65727	1.63183	1.61493	1.6816	1.41391	1.45698	1.43215	1.79827	1.72303	1.75345	1.46575	1.4951	1.51703	1.72477	1.65464	1.67109	1.52467	1.47914	1.67232	1.88242	1.85651	1.39629	1.43563	1.41969	1.43972	1.44267	1.54007	1.90905	1.91546	2.00718	2.05815	1.36396	1.3566	1.37274	1.50018	1.42061	1.48908	1.44993	1.44422	1.54585	1.38582	1.46903	1.58414	1.5248	1.58944	1.65921	1.69183	1.69591	1.48574	1.43616	1.53545	1.78623	1.83891	1.92028	1.63947	1.69649	1.64884	1.67288	1.66581	1.8487	1.91777	
1.34983	1.60305	1.32899	1.41903	1.28369	0	1.24358	1.30036	1.32115	1.53106	1.40262	1.49469	1.37482	1.51481	1.4564	1.46453	1.36451	1.55109	1.3365	1.41302	1.42924	1.42963	1.3474	1.28722	1.30683	1.40315	1.57432	1.439	1.52988	1.38175	1.34714	1.40956	1.31528	1.59362	1.3422	1.30241	1.38012	1.55176	1.57459	1.60115	1.35865	1.44875	1.39597	1.2927	1.27503	1.51935	1.57452	1.51513	1.4901	1.40894	1.51438	1.40678	1.31589	1.55433	1.36533	1.69227	1.47	1.5045	1.55166	1.55485	1.719	1.53858	1.62707	1.50463	1.49534	1.56605	1.50493	1.54515	1.48731	1.65299	1.5676	1.6457	1.56851	1.57307	1.55692	1.72379	1.53184	1.59253	1.55727	1.46771	1.6354	1.8318	1.84773	1.43527	1.41888	1.34593	1.41275	1.44814	1.49797	1.82225	1.88442	1.95777	1.94609	1.4363	1.45854	1.43141	1.45793	1.42708	1.55717	1.36494	1.39028	1.48227	1.37684	1.39966	1.58019	1.43511	1.58787	1.69041	1.73232	1.75158	1.49999	1.43843	1.49623	1.62045	1.64992	1.75563	1.6105	1.65702	1.57335	1.59839	1.60044	1.71018	1.82602	
1.41563	1.53284	1.3745	1.29596	1.43986	1.24358	0	1.23777	1.44	1.54715	1.40648	1.47026	1.21076	1.44064	1.47719	1.46982	1.38816	1.3954	1.41057	1.26889	1.31586	1.39965	1.31107	1.21158	1.40195	1.38084	1.49529	1.32392	1.41128	1.37472	1.37529	1.34375	1.3569	1.53179	1.45406	1.35717	1.35442	1.5397	1.55481	1.54717	1.41084	1.44748	1.52505	1.37425	1.36803	1.44376	1.41519	1.429	1.45411	1.37576	1.51003	1.50025	1.39559	1.53818	1.38369	1.71888	1.54063	1.63861	1.71506	1.69968	1.71454	1.55255	1.5947	1.55284	1.49496	1.58346	1.47697	1.47905	1.42058	1.53297	1.59771	1.57649	1.62905	1.66295	1.6951	1.56451	1.36283	1.42294	1.59994	1.58109	1.59214	1.80336	1.79372	1.46335	1.42751	1.45844	1.43574	1.51139	1.50835	1.76856	1.85925	1.96111	1.98202	1.46166	1.44682	1.6064	1.40864	1.37535	1.57548	1.4338	1.49363	1.68787	1.43948	1.41867	1.54127	1.32718	1.55763	1.6784	1.64045	1.79591	1.49652	1.40765	1.44423	1.54763	1.6389	1.71705	1.63594	1.74051	1.56973	1.58886	1.68099	1.80712	1.8813	
1.44072	1.4581	1.34144	1.34013	1.44245	1.30036	1.23777	0	1.38789	1.37997	1.38952	1.35034	1.20036	1.36207	1.44761	1.42125	1.30871	1.44635	1.41721	1.31751	1.39114	1.36008	1.23733	1.24091	1.4027	1.36255	1.36282	1.29093	1.46085	1.29273	1.25458	1.26512	1.21496	1.44741	1.27254	1.29803	1.30843	1.37681	1.52765	1.4255	1.33722	1.417	1.38271	1.3089	1.33009	1.41182	1.41414	1.40927	1.46078	1.41773	1.3147	1.27243	1.29679	1.48319	1.41481	1.70125	1.49082	1.54788	1.52845	1.51574	1.55395	1.49428	1.44914	1.38937	1.35663	1.38665	1.48369	1.54535	1.51533	1.44733	1.4967	1.48162	1.5542	1.61387	1.57224	1.50905	1.38539	1.42051	1.32863	1.40063	1.45598	1.61601	1.65728	1.46915	1.40893	1.43422	1.35074	1.39494	1.47163	1.60668	1.73843	1.82765	1.88812	1.50963	1.47822	1.65738	1.42766	1.44713	1.49948	1.4038	1.44118	1.53488	1.39788	1.3977	1.49937	1.41866	1.58898	1.50544	1.57729	1.65009	1.5348	1.43598	1.49318	1.40293	1.58025	1.67792	1.51724	1.59364	1.48272	1.53608	1.57389	1.62651	1.80696	
1.45059	1.77984	1.40389	1.4978	1.37955	1.32115	1.44	1.38789	0	1.55349	1.54441	1.44988	1.4695	1.49856	1.46914	1.49956	1.39624	1.53691	1.43021	1.4175	1.52042	1.41409	1.3181	1.48688	1.4153	1.42089	1.56174	1.4663	1.55342	1.38134	1.35313	1.39161	1.33894	1.77924	1.58664	1.43801	1.40716	1.6804	1.73396	1.72628	1.55053	1.6171	1.56991	1.61855	1.46627	1.48353	1.49848	1.53043	1.56823	1.55773	1.6265	1.57937	1.55208	1.5172	1.52399	1.86472	1.70506	1.75259	1.62477	1.62146	1.81995	1.7527	1.76991	1.59627	1.58551	1.59053	1.42716	1.49982	1.47894	1.83244	1.75272	1.82323	1.55556	1.60134	1.6102	1.81895	1.66937	1.70958	1.49026	1.55373	1.72569	1.91705	1.93432	1.43612	1.40947	1.40766	1.53336	1.54712	1.6399	1.96286	2.01425	2.14698	2.15342	1.47114	1.41343	1.52046	1.47356	1.47254	1.553	1.53845	1.55359	1.72011	1.55987	1.55373	1.59012	1.52207	1.63463	1.71233	1.68303	1.76612	1.6221	1.46437	1.55288	1.70978	1.85056	1.90978	1.73107	1.76132	1.65713	1.74852	1.70626	1.76335	1.91273	
1.46579	1.66639	1.3723	1.59544	1.55216	1.53106	1.54715	1.37997	1.55349	0	1.68209	1.50571	1.36439	1.20962	1.51074	1.51498	1.47402	1.30002	1.53417	1.58284	1.41895	1.49414	1.42114	1.5115	1.69166	1.46296	1.38436	1.40592	1.44837	1.42649	1.48882	1.48665	1.49944	1.54967	1.51602	1.39129	1.40838	1.56393	1.63769	1.6296	1.63836	1.68938	1.66076	1.67047	1.48163	1.56215	1.54465	1.57732	1.63498	1.59488	1.70337	1.60961	1.55045	1.61103	1.5049	1.7341	1.65695	1.76332	1.59483	1.63561	1.69687	1.69294	1.57873	1.47503	1.50722	1.60807	1.5573	1.47594	1.53856	1.70333	1.57979	1.61397	1.5533	1.60216	1.56502	1.49067	1.46042	1.58647	1.56264	1.61681	1.55076	1.73443	1.79084	1.45677	1.36738	1.43946	1.53192	1.54066	1.74967	1.82816	1.96135	2.05586	2.08483	1.50436	1.5171	1.56591	1.46456	1.4903	1.54221	1.49672	1.46223	1.70489	1.52916	1.41963	1.45722	1.50899	1.669	1.4884	1.50182	1.65938	1.46354	1.50777	1.6151	1.62124	1.74154	1.79243	1.69686	1.81877	1.70837	1.71335	1.70586	1.71724	1.81127	
1.5858	1.70118	1.46979	1.52135	1.50294	1.40262	1.40648	1.38952	1.54441	1.68209	0	1.53466	1.39215	1.52518	1.62912	1.61137	1.50262	1.5868	1.49027	1.28879	1.51453	1.505	1.42174	1.52335	1.2977	1.42806	1.56978	1.55393	1.63332	1.40916	1.46612	1.4996	1.42406	1.70964	1.48558	1.41815	1.45185	1.75795	1.85402	1.79639	1.44721	1.53706	1.45574	1.37103	1.44442	1.52854	1.61398	1.57673	1.57666	1.39975	1.49787	1.44833	1.42109	1.66809	1.55492	1.82796	1.68669	1.6957	1.69701	1.66406	1.64465	1.75988	1.76693	1.6654	1.594	1.69747	1.68762	1.71802	1.68182	1.66481	1.78013	1.72703	1.74678	1.753	1.6661	1.78555	1.67373	1.70726	1.64062	1.59177	1.65196	1.83339	1.83588	1.58574	1.47874	1.49498	1.48222	1.56249	1.63474	1.85343	1.9507	2.02278	2.07628	1.51857	1.50621	1.63534	1.53814	1.62482	1.70129	1.51991	1.54746	1.78494	1.50549	1.51902	1.58014	1.56858	1.72388	1.86294	1.82485	1.88586	1.54904	1.40417	1.53364	1.70807	1.814	1.88837	1.6461	1.6952	1.62659	1.59793	1.72864	1.87642	1.98283	
1.46958	1.56951	1.43826	1.58115	1.50086	1.49469	1.47026	1.35034	1.44988	1.50571	1.53466	0	1.37508	1.53426	1.36224	1.61109	1.55559	1.5945	1.47538	1.44922	1.42352	1.54314	1.35922	1.43927	1.49512	1.58109	1.44236	1.46942	1.6069	1.38049	1.31963	1.39035	1.32301	1.5525	1.38158	1.34596	1.25407	1.39552	1.50381	1.52563	1.31752	1.38501	1.45229	1.40023	1.38524	1.40175	1.51575	1.6211	1.40466	1.43941	1.33313	1.21563	1.39419	1.53574	1.49809	1.61239	1.47008	1.62362	1.37068	1.41099	1.60258	1.62572	1.4859	1.39095	1.4663	1.39724	1.50614	1.47552	1.52959	1.6129	1.5858	1.61551	1.33609	1.40265	1.32531	1.51389	1.52952	1.45879	1.4159	1.52428	1.44237	1.52391	1.65539	1.49218	1.40958	1.38	1.38016	1.35639	1.50354	1.57628	1.71397	1.76699	1.89298	1.52765	1.47134	1.54208	1.59017	1.52565	1.54401	1.3964	1.44633	1.50919	1.37339	1.38418	1.51052	1.50717	1.60257	1.65563	1.61502	1.74661	1.50727	1.40024	1.39392	1.438	1.49696	1.58077	1.37076	1.44299	1.53455	1.54676	1.61309	1.58123	1.62967	
1.35355	1.51521	1.30918	1.33672	1.46463	1.37482	1.21076	1.20036	1.4695	1.36439	1.39215	1.37508	0	1.28287	1.40756	1.40232	1.38267	1.29284	1.40178	1.34693	1.34818	1.40967	1.33457	1.3033	1.46668	1.34719	1.40595	1.20796	1.54128	1.28848	1.32614	1.20057	1.25583	1.45734	1.41264	1.34313	1.36424	1.40184	1.49892	1.46976	1.34148	1.39639	1.35491	1.26363	1.23544	1.37546	1.40369	1.44292	1.44539	1.35462	1.37918	1.3529	1.38356	1.50426	1.33471	1.62636	1.49517	1.52497	1.57856	1.58167	1.6099	1.53831	1.48532	1.41829	1.35105	1.46279	1.54684	1.57484	1.5146	1.57879	1.55534	1.50685	1.59641	1.60704	1.57036	1.48526	1.36099	1.36864	1.4902	1.48944	1.42572	1.59909	1.63703	1.4098	1.34116	1.36659	1.3762	1.38549	1.44052	1.68717	1.81912	1.91151	1.97117	1.42515	1.41305	1.56257	1.47321	1.5036	1.49801	1.36855	1.48232	1.67714	1.33677	1.27604	1.4622	1.40931	1.58202	1.59309	1.54794	1.72783	1.44315	1.30985	1.34551	1.50369	1.66268	1.6838	1.48871	1.54523	1.58051	1.50464	1.58715	1.73455	1.90071	
1.43387	1.71374	1.39743	1.43009	1.56119	1.51481	1.44064	1.36207	1.49856	1.20962	1.52518	1.53426	1.28287	0	1.46462	1.47849	1.22411	1.10465	1.43242	1.50461	1.4067	1.39414	1.34845	1.54632	1.55681	1.40307	1.39814	1.2236	1.38325	1.36676	1.36431	1.32366	1.5449	1.65676	1.67293	1.41412	1.40839	1.6017	1.70494	1.67672	1.6477	1.67533	1.59313	1.6184	1.4765	1.47339	1.47724	1.42361	1.58516	1.54721	1.68406	1.58214	1.57242	1.39434	1.47001	1.63449	1.57444	1.67747	1.55863	1.53653	1.75324	1.72872	1.60861	1.58832	1.55759	1.6134	1.49048	1.41949	1.47383	1.72265	1.51801	1.59221	1.54477	1.5956	1.57822	1.49868	1.43922	1.50401	1.49686	1.4849	1.54906	1.7276	1.76884	1.37299	1.19895	1.3292	1.49753	1.54112	1.69438	1.90136	1.9937	2.06279	2.0735	1.33494	1.36946	1.47798	1.40373	1.40599	1.4549	1.57361	1.54113	1.72006	1.46851	1.3624	1.44756	1.42489	1.63162	1.46751	1.47858	1.66458	1.43221	1.38453	1.49233	1.6124	1.70827	1.79968	1.69424	1.80282	1.66846	1.67235	1.61863	1.78541	1.90955	
1.43588	1.49818	1.37345	1.65227	1.39586	1.4564	1.47719	1.44761	1.46914	1.51074	1.62912	1.36224	1.40756	1.46462	0	1.42191	1.39947	1.43282	1.42428	1.41862	1.41205	1.55869	1.39934	1.41332	1.48622	1.40623	1.45964	1.43356	1.57682	1.38883	1.32052	1.42174	1.3794	1.65793	1.52751	1.45049	1.48567	1.52831	1.6355	1.53038	1.54473	1.57718	1.50935	1.57318	1.57105	1.36339	1.45873	1.53363	1.39419	1.42427	1.55813	1.4857	1.53542	1.49409	1.37564	1.74062	1.62868	1.64187	1.53387	1.49105	1.76706	1.60281	1.44322	1.41395	1.5167	1.54775	1.42221	1.45978	1.44959	1.61395	1.64961	1.64393	1.57486	1.6074	1.58295	1.56806	1.51029	1.57649	1.48505	1.47994	1.48063	1.65841	1.73475	1.47882	1.41404	1.40343	1.45838	1.48792	1.64519	1.74024	1.86834	2.00432	2.08809	1.48492	1.48654	1.51257	1.60249	1.47687	1.46797	1.41921	1.48773	1.51594	1.37837	1.33305	1.54746	1.62226	1.59514	1.51848	1.56817	1.60228	1.46188	1.49412	1.44357	1.53085	1.62765	1.66906	1.68394	1.67744	1.59641	1.66205	1.64394	1.61062	1.67785	
1.51747	1.73908	1.27653	1.68858	1.53423	1.46453	1.46982	1.42125	1.49956	1.51498	1.61137	1.61109	1.40232	1.47849	1.42191	0	1.48429	1.49785	1.45927	1.41801	1.56233	1.46201	1.41132	1.44763	1.47862	1.4319	1.51568	1.47803	1.52799	1.3558	1.40849	1.47951	1.48604	1.78828	1.58665	1.4859	1.49787	1.77434	1.78087	1.7082	1.54777	1.6675	1.67665	1.63695	1.55108	1.49407	1.53918	1.4558	1.55378	1.5512	1.66544	1.59288	1.52553	1.63638	1.57624	1.9009	1.72761	1.78285	1.70714	1.68971	1.80351	1.68776	1.66163	1.60101	1.69028	1.72191	1.51786	1.48738	1.51783	1.75428	1.72743	1.76697	1.75655	1.75739	1.72384	1.64186	1.55304	1.6589	1.58524	1.55425	1.69523	1.86986	1.86817	1.55699	1.49696	1.4303	1.49497	1.59399	1.6862	1.92932	2.05434	2.14835	2.25366	1.4927	1.57919	1.63838	1.47132	1.48829	1.5097	1.54046	1.55382	1.69121	1.66309	1.49554	1.63325	1.56821	1.7187	1.78945	1.83296	1.94251	1.467	1.47634	1.56681	1.72771	1.78681	1.89411	1.7584	1.82636	1.71531	1.6916	1.73833	1.77304	1.8691	
1.45097	1.73894	1.52895	1.46847	1.39344	1.36451	1.38816	1.30871	1.39624	1.47402	1.50262	1.55559	1.38267	1.22411	1.39947	1.48429	0	1.22479	1.42912	1.47225	1.44561	1.37242	1.25922	1.49478	1.41397	1.25749	1.57613	1.30696	1.3812	1.25725	1.39538	1.29535	1.41406	1.73451	1.65526	1.41545	1.42918	1.65072	1.72875	1.6952	1.62378	1.64102	1.62051	1.65339	1.62272	1.36014	1.34487	1.40473	1.5194	1.46586	1.63983	1.58414	1.55661	1.28837	1.50336	1.73908	1.59325	1.58674	1.70893	1.65775	1.75794	1.75751	1.66685	1.53103	1.50475	1.54478	1.4067	1.43566	1.38142	1.73486	1.6117	1.63475	1.55099	1.65517	1.65832	1.65295	1.5471	1.61855	1.51214	1.50256	1.73655	1.89909	1.93105	1.38576	1.26989	1.35787	1.50026	1.57448	1.64916	1.94913	1.98372	2.11612	2.19984	1.29547	1.32818	1.44496	1.4529	1.38134	1.42437	1.50759	1.55608	1.62294	1.42531	1.34864	1.63643	1.59019	1.69122	1.53507	1.61257	1.60807	1.51386	1.45487	1.5286	1.65851	1.80308	1.90253	1.783	1.80662	1.63104	1.70798	1.63427	1.83126	1.97364	
1.42285	1.74581	1.47488	1.46029	1.45874	1.55109	1.3954	1.44635	1.53691	1.30002	1.5868	1.5945	1.29284	1.10465	1.43282	1.49785	1.22479	0	1.4904	1.50703	1.3213	1.42152	1.33262	1.48649	1.60714	1.39666	1.41005	1.23386	1.36175	1.35195	1.37048	1.28756	1.50432	1.69321	1.68632	1.36714	1.40874	1.63197	1.69753	1.69337	1.7145	1.73407	1.64128	1.66007	1.53121	1.39174	1.36729	1.37829	1.57769	1.49668	1.70788	1.63179	1.55096	1.35367	1.46164	1.62932	1.56277	1.65869	1.68319	1.64434	1.85075	1.70275	1.58197	1.55146	1.51945	1.6157	1.40686	1.4045	1.37328	1.67456	1.51877	1.51132	1.5797	1.58524	1.63079	1.45169	1.44457	1.49989	1.51822	1.49702	1.59945	1.84233	1.82601	1.35394	1.24012	1.37788	1.45004	1.55931	1.65874	1.88257	1.97148	2.11002	2.12701	1.38534	1.38156	1.55412	1.43607	1.40022	1.44739	1.52704	1.52666	1.67932	1.41039	1.32512	1.43819	1.50785	1.66527	1.50812	1.55413	1.61353	1.45008	1.47136	1.58525	1.62901	1.75135	1.81526	1.73218	1.79478	1.74315	1.72824	1.67148	1.78332	1.95515	
1.4005	1.78097	1.2609	1.47596	1.31709	1.3365	1.41057	1.41721	1.43021	1.53417	1.49027	1.47538	1.40178	1.43242	1.42428	1.45927	1.42912	1.4904	0	1.40528	1.38533	1.22726	1.30237	1.31854	1.42601	1.49857	1.42286	1.48119	1.63043	1.30014	1.31884	1.44844	1.35334	1.66366	1.47186	1.42093	1.44884	1.62432	1.66432	1.64419	1.49783	1.55042	1.57345	1.56583	1.50207	1.48395	1.58007	1.54853	1.48323	1.51148	1.63464	1.50667	1.54809	1.53227	1.4664	1.57855	1.48512	1.61243	1.45962	1.52305	1.72907	1.64203	1.59829	1.60091	1.55729	1.63439	1.48431	1.44672	1.34981	1.81515	1.73949	1.71625	1.40875	1.49704	1.46973	1.62022	1.55856	1.5383	1.61867	1.42576	1.7367	1.79835	1.84892	1.29129	1.30188	1.25718	1.30565	1.26932	1.41798	1.9121	1.95055	2.01267	2.03438	1.2947	1.41181	1.39647	1.44682	1.38601	1.43663	1.50423	1.49683	1.67506	1.38174	1.36153	1.44187	1.28694	1.49974	1.51111	1.58934	1.6712	1.41693	1.34306	1.43521	1.72319	1.80598	1.84007	1.67276	1.81483	1.65659	1.57642	1.64056	1.807	1.958	
1.44032	1.5846	1.29381	1.49382	1.47018	1.41302	1.26889	1.31751	1.4175	1.58284	1.28879	1.44922	1.34693	1.50461	1.41862	1.41801	1.47225	1.50703	1.40528	0	1.3459	1.39489	1.38042	1.34996	1.30328	1.4536	1.47364	1.47613	1.53992	1.34913	1.42887	1.40926	1.42197	1.64468	1.44468	1.31707	1.27324	1.61231	1.67841	1.61368	1.29742	1.42616	1.46951	1.32762	1.45429	1.42995	1.4665	1.50085	1.39631	1.41817	1.32141	1.30871	1.38575	1.59458	1.43602	1.73782	1.60693	1.60643	1.57633	1.51428	1.61879	1.69944	1.60421	1.56482	1.52762	1.60567	1.60694	1.62838	1.61232	1.59197	1.68794	1.64943	1.66749	1.71717	1.68665	1.63369	1.47084	1.54076	1.50338	1.48755	1.48857	1.68749	1.66513	1.49035	1.49051	1.45323	1.29358	1.40992	1.41825	1.78872	1.88512	1.98178	2.09596	1.47399	1.46522	1.63937	1.47662	1.44471	1.59465	1.39123	1.43733	1.62907	1.38511	1.38154	1.57264	1.49005	1.58533	1.71578	1.62405	1.76731	1.42609	1.34845	1.40857	1.63553	1.69713	1.80765	1.52888	1.651	1.47616	1.49286	1.61272	1.78062	1.86058	
1.44367	1.49355	1.38322	1.60843	1.35811	1.42924	1.31586	1.39114	1.52042	1.41895	1.51453	1.42352	1.34818	1.4067	1.41205	1.56233	1.44562	1.3213	1.38533	1.3459	0	1.53438	1.38826	1.35791	1.43898	1.48316	1.42631	1.47073	1.55771	1.30549	1.37037	1.49274	1.43996	1.57636	1.40351	1.34953	1.37045	1.52182	1.64105	1.61823	1.4623	1.56863	1.53761	1.47727	1.37932	1.37588	1.53376	1.46342	1.51601	1.47849	1.59894	1.48567	1.43989	1.57326	1.46506	1.58251	1.50845	1.58197	1.54121	1.50469	1.68456	1.62403	1.54811	1.60957	1.59257	1.61634	1.48973	1.48807	1.50071	1.58128	1.54513	1.57781	1.45912	1.51022	1.46805	1.5681	1.50332	1.53087	1.51917	1.49209	1.47732	1.61289	1.69775	1.35218	1.33595	1.43447	1.34268	1.46614	1.53196	1.81553	1.89204	1.98166	2.05115	1.40753	1.44233	1.51146	1.44255	1.40884	1.51478	1.44221	1.38239	1.58676	1.36993	1.35834	1.40459	1.42809	1.52166	1.5249	1.50377	1.55863	1.31953	1.32238	1.49046	1.56165	1.63839	1.69276	1.58887	1.67851	1.60386	1.57482	1.6741	1.63372	1.72729	
1.34806	1.73542	1.4192	1.37054	1.31538	1.42963	1.39965	1.36008	1.41409	1.49414	1.505	1.54314	1.40967	1.39414	1.55869	1.46201	1.37242	1.42152	1.22726	1.39489	1.53438	0	1.30291	1.41221	1.36736	1.44258	1.39628	1.42333	1.50856	1.33399	1.35365	1.32814	1.35543	1.58762	1.50098	1.33079	1.43862	1.58747	1.63549	1.59837	1.48701	1.52071	1.60979	1.56803	1.52898	1.46648	1.45523	1.44702	1.58064	1.51589	1.62011	1.53838	1.46562	1.48174	1.5623	1.61632	1.4793	1.64086	1.49928	1.52956	1.66108	1.58285	1.52303	1.52454	1.49022	1.59603	1.40895	1.40953	1.36245	1.76429	1.63532	1.62077	1.50102	1.49508	1.50874	1.59285	1.51464	1.56866	1.49407	1.4246	1.73174	1.92468	1.88621	1.4401	1.38134	1.40064	1.24679	1.27053	1.41785	1.82626	1.93291	1.97462	1.9812	1.36481	1.37676	1.5531	1.32574	1.41377	1.46212	1.40286	1.45236	1.6752	1.4642	1.47907	1.53674	1.45716	1.6367	1.61247	1.56322	1.70572	1.51896	1.4823	1.55118	1.67403	1.82194	1.85981	1.66847	1.80848	1.55757	1.54365	1.60682	1.86122	1.99716	
1.37434	1.66781	1.38506	1.42279	1.30487	1.3474	1.31107	1.23733	1.3181	1.42114	1.42174	1.35921	1.33457	1.34845	1.39934	1.41132	1.25922	1.33262	1.30237	1.38042	1.38826	1.30291	0	1.36224	1.34397	1.33423	1.3924	1.29901	1.35677	1.10291	1.31627	1.33178	1.2967	1.68693	1.47926	1.30492	1.2597	1.59139	1.67148	1.61523	1.4873	1.50984	1.5308	1.50753	1.49729	1.48504	1.48795	1.60626	1.43493	1.33052	1.56151	1.48124	1.45379	1.35756	1.51654	1.65342	1.49997	1.54169	1.52106	1.55052	1.66866	1.73557	1.70624	1.54904	1.57211	1.5263	1.3006	1.34369	1.29171	1.63418	1.6734	1.67609	1.4035	1.47268	1.50675	1.61569	1.50013	1.55142	1.51481	1.49747	1.64672	1.75699	1.83416	1.33636	1.26471	1.31133	1.47138	1.48199	1.62071	1.82348	1.90054	2.02643	2.04156	1.35872	1.39343	1.44938	1.3986	1.33098	1.36158	1.43902	1.43294	1.56869	1.35689	1.37426	1.48381	1.4428	1.58659	1.54094	1.57284	1.62788	1.57252	1.47754	1.50136	1.54421	1.68128	1.76957	1.66602	1.76521	1.62574	1.7033	1.6755	1.68074	1.85531	
1.37575	1.5333	1.2731	1.39823	1.43102	1.28722	1.21158	1.24091	1.48688	1.5115	1.52335	1.43927	1.3033	1.54632	1.41332	1.44763	1.49478	1.48649	1.31854	1.34996	1.35791	1.41221	1.36224	0	1.37213	1.47365	1.42706	1.42409	1.50618	1.4346	1.36221	1.45039	1.35478	1.50465	1.2713	1.41253	1.43521	1.47991	1.53094	1.46633	1.36459	1.42562	1.44697	1.37013	1.35982	1.35937	1.44861	1.45669	1.45693	1.48879	1.39861	1.3654	1.3342	1.66578	1.30345	1.6838	1.5127	1.56912	1.56738	1.62222	1.74433	1.50455	1.48014	1.52005	1.53128	1.58361	1.5132	1.53018	1.49373	1.51232	1.62313	1.5341	1.56604	1.59613	1.58062	1.50476	1.40114	1.43576	1.47242	1.54735	1.45138	1.64101	1.64873	1.48844	1.46209	1.42822	1.44695	1.38238	1.54188	1.65755	1.76991	1.88424	1.94257	1.49739	1.48963	1.57322	1.52711	1.46391	1.59104	1.32115	1.38053	1.53507	1.37713	1.40247	1.52372	1.41591	1.56752	1.55451	1.59703	1.72817	1.48705	1.46767	1.4098	1.54694	1.6416	1.64124	1.54854	1.60891	1.61289	1.64492	1.69067	1.6484	1.72906	
1.50739	1.69871	1.49691	1.5513	1.29666	1.30683	1.40195	1.4027	1.4153	1.69166	1.2977	1.49512	1.46668	1.55681	1.48622	1.47862	1.41397	1.60714	1.42601	1.30328	1.43898	1.36736	1.34397	1.37213	0	1.42275	1.59664	1.50037	1.47803	1.37392	1.45372	1.46347	1.4229	1.72539	1.50963	1.35251	1.47525	1.70867	1.75823	1.6523	1.43787	1.59921	1.51879	1.46517	1.49281	1.45498	1.54273	1.52761	1.58928	1.47409	1.55992	1.47208	1.45631	1.57226	1.54898	1.66677	1.58229	1.57295	1.62029	1.55164	1.62391	1.7139	1.77449	1.61608	1.65975	1.66382	1.55442	1.57088	1.52116	1.75197	1.68767	1.77757	1.56475	1.59781	1.56972	1.86602	1.68524	1.74584	1.56862	1.46072	1.69213	1.84615	1.87787	1.47796	1.50617	1.48694	1.36474	1.4244	1.42058	1.91645	1.97703	2.10555	2.11011	1.46656	1.41632	1.48574	1.47221	1.50784	1.54458	1.40681	1.49458	1.53916	1.43599	1.5403	1.67044	1.60899	1.64553	1.68078	1.66177	1.68965	1.51463	1.42394	1.47304	1.75304	1.82107	1.94016	1.68243	1.75909	1.57656	1.58042	1.63249	1.83181	1.87254	
1.45569	1.66768	1.44023	1.50706	1.37177	1.40315	1.38084	1.36255	1.42089	1.46296	1.42806	1.58109	1.34719	1.40308	1.40623	1.4319	1.25748	1.39666	1.49857	1.4536	1.48316	1.44258	1.33423	1.47365	1.42275	0	1.59569	1.37413	1.36194	1.26626	1.43174	1.46226	1.34432	1.66088	1.62717	1.44555	1.46241	1.74389	1.8212	1.77699	1.63801	1.66206	1.54447	1.51489	1.52048	1.51382	1.53537	1.51161	1.56975	1.46129	1.65461	1.60944	1.55222	1.53853	1.50825	1.8502	1.70249	1.67906	1.76416	1.7212	1.78737	1.82055	1.78121	1.51243	1.58069	1.65744	1.51946	1.49287	1.51674	1.71185	1.75059	1.70328	1.7039	1.7396	1.72905	1.67932	1.51437	1.65979	1.57756	1.62505	1.70397	1.87055	1.89662	1.56378	1.39865	1.4605	1.6608	1.64515	1.7621	1.95587	1.97874	2.15972	2.15112	1.41675	1.41924	1.57347	1.44637	1.43488	1.49741	1.47352	1.52773	1.69093	1.42499	1.35361	1.63816	1.58295	1.68633	1.76307	1.71345	1.7925	1.51841	1.46817	1.55083	1.69853	1.79957	1.87076	1.75696	1.85978	1.69663	1.72685	1.68064	1.84641	1.87834	
1.42066	1.55603	1.46638	1.53154	1.55362	1.57432	1.49529	1.36282	1.56174	1.38436	1.56978	1.44236	1.40595	1.39814	1.45964	1.51568	1.57613	1.41005	1.42286	1.47364	1.42631	1.39628	1.3924	1.42706	1.59664	1.59569	0	1.4348	1.52433	1.33876	1.41589	1.40375	1.44117	1.43734	1.39769	1.34196	1.35353	1.49734	1.54991	1.49647	1.5305	1.57847	1.59511	1.53766	1.46317	1.54125	1.48963	1.469	1.48405	1.36632	1.56148	1.52507	1.46227	1.55678	1.57705	1.65928	1.61062	1.66409	1.3805	1.44533	1.54358	1.48515	1.3844	1.60575	1.57488	1.59515	1.40674	1.41491	1.42766	1.56964	1.57289	1.64006	1.31942	1.32664	1.31013	1.47409	1.37036	1.47621	1.43071	1.48506	1.4111	1.62525	1.66644	1.45708	1.42378	1.41419	1.45208	1.47928	1.65506	1.68233	1.8283	1.82109	1.9145	1.50382	1.55814	1.58882	1.47236	1.50773	1.55715	1.48359	1.46447	1.61869	1.54666	1.48471	1.47899	1.44121	1.619	1.48531	1.45951	1.57291	1.56236	1.48782	1.56732	1.60872	1.72255	1.7727	1.53363	1.63755	1.5976	1.61484	1.58873	1.6022	1.72713	
1.30557	1.61945	1.42683	1.32008	1.49118	1.439	1.32392	1.29093	1.4663	1.40592	1.55393	1.46942	1.20796	1.2236	1.43356	1.47803	1.30696	1.23386	1.48119	1.47613	1.47073	1.42333	1.29901	1.42409	1.50037	1.37413	1.4348	0	1.42925	1.24011	1.29983	1.29913	1.37535	1.67253	1.54471	1.29771	1.33689	1.53318	1.61905	1.57518	1.5807	1.58775	1.45704	1.45905	1.42352	1.47961	1.45672	1.55087	1.57403	1.5079	1.52493	1.53105	1.51883	1.48026	1.43885	1.68316	1.46312	1.54274	1.65422	1.56989	1.76202	1.69616	1.64751	1.53085	1.52829	1.5715	1.5156	1.46374	1.42592	1.59337	1.42916	1.50582	1.58508	1.59202	1.58417	1.43266	1.35801	1.42645	1.43335	1.40947	1.53099	1.69304	1.73428	1.41517	1.24464	1.33312	1.52665	1.51998	1.61558	1.80119	1.94269	1.96252	2.00706	1.4857	1.46772	1.58282	1.48595	1.44076	1.46232	1.43898	1.56373	1.63313	1.44909	1.42799	1.57041	1.50603	1.67222	1.48364	1.60408	1.71029	1.60878	1.57003	1.54472	1.511	1.64842	1.80606	1.65217	1.72534	1.69132	1.66431	1.56756	1.72574	1.79775	
1.55772	1.77068	1.56426	1.52871	1.51296	1.52988	1.41128	1.46085	1.55342	1.44837	1.63332	1.6069	1.54128	1.38325	1.57682	1.52799	1.3812	1.36175	1.63043	1.53992	1.55771	1.50856	1.35677	1.50618	1.47803	1.36194	1.52433	1.42925	0	1.45134	1.46425	1.45429	1.5233	1.8808	1.74737	1.43141	1.43167	1.793	1.82133	1.79933	1.80515	1.88655	1.7591	1.77743	1.70798	1.57373	1.46676	1.57189	1.60683	1.59575	1.73707	1.70677	1.66081	1.505	1.60513	1.89655	1.71885	1.77061	1.75645	1.72457	1.87069	1.89696	1.84628	1.74336	1.78241	1.81601	1.43772	1.43702	1.41039	1.76709	1.69058	1.78226	1.64932	1.6524	1.69365	1.74339	1.64066	1.7845	1.64268	1.68334	1.73419	1.97432	1.95467	1.54242	1.48811	1.56305	1.53701	1.62145	1.74176	2.02042	2.09474	2.1763	2.21029	1.44604	1.42266	1.55243	1.372	1.38152	1.50708	1.61272	1.60821	1.76813	1.55241	1.49771	1.66709	1.64983	1.68539	1.62368	1.60429	1.71951	1.63364	1.61002	1.66318	1.79116	1.8902	1.99173	1.86867	1.96257	1.85441	1.92554	1.83597	1.92235	1.95596	
1.294	1.63577	1.26969	1.4333	1.32721	1.38175	1.37472	1.29273	1.38134	1.42649	1.40916	1.38049	1.28848	1.36676	1.38883	1.3558	1.25725	1.35195	1.30014	1.34913	1.30549	1.33399	1.10291	1.4346	1.37392	1.26626	1.33876	1.24011	1.45134	0	1.36356	1.34012	1.31335	1.65353	1.4795	1.27835	1.31287	1.57601	1.61979	1.57301	1.53457	1.56125	1.49946	1.48942	1.41507	1.43101	1.47933	1.54236	1.49144	1.42486	1.50928	1.45682	1.43261	1.36974	1.54198	1.52865	1.38987	1.51213	1.50453	1.55525	1.7668	1.7379	1.6561	1.56755	1.57282	1.61427	1.42142	1.38025	1.38499	1.69716	1.63194	1.68904	1.36256	1.42221	1.43192	1.5055	1.41601	1.46129	1.55712	1.48253	1.63216	1.75198	1.87461	1.33534	1.26559	1.33359	1.41948	1.42606	1.62406	1.85243	1.9292	2.02201	2.09371	1.30358	1.34922	1.39532	1.47994	1.36002	1.45375	1.3945	1.41361	1.54166	1.3323	1.26615	1.4036	1.36908	1.55376	1.52484	1.47946	1.62225	1.46018	1.38237	1.46126	1.56747	1.68664	1.8021	1.68538	1.75553	1.65094	1.60861	1.62592	1.71346	1.84375	
1.39077	1.59235	1.38751	1.40566	1.35616	1.34714	1.37529	1.25458	1.35313	1.48882	1.46612	1.31963	1.32614	1.36431	1.32052	1.40849	1.39538	1.37048	1.31884	1.42887	1.37037	1.35365	1.31627	1.36221	1.45372	1.43174	1.41589	1.29983	1.46425	1.36356	0	1.25705	1.25277	1.65342	1.43215	1.37823	1.33436	1.4757	1.60494	1.58036	1.47097	1.57443	1.43169	1.47236	1.39405	1.36763	1.41777	1.43925	1.41421	1.4148	1.37864	1.28932	1.31941	1.51636	1.36568	1.68481	1.47028	1.58007	1.47621	1.43474	1.65143	1.51753	1.44641	1.45453	1.48764	1.50672	1.44073	1.45477	1.41702	1.62454	1.57269	1.56056	1.46585	1.46451	1.46385	1.58573	1.50127	1.51007	1.34304	1.35436	1.42791	1.59636	1.63768	1.44067	1.37632	1.2937	1.34583	1.34584	1.4086	1.71614	1.80852	1.94104	1.99699	1.45222	1.39374	1.53138	1.49486	1.47072	1.43961	1.46714	1.44179	1.53214	1.46911	1.40678	1.46599	1.39346	1.52397	1.62728	1.67689	1.71297	1.46152	1.40075	1.4072	1.51125	1.5886	1.64903	1.55727	1.54815	1.56705	1.62981	1.6107	1.65262	1.75234	
1.39845	1.62328	1.34534	1.43728	1.4457	1.40956	1.34375	1.26512	1.39161	1.48665	1.4996	1.39035	1.20057	1.32366	1.42174	1.47951	1.29535	1.28756	1.44844	1.40926	1.49274	1.32814	1.33178	1.45039	1.46347	1.46226	1.40375	1.29913	1.45429	1.34012	1.25705	0	1.31689	1.65271	1.47151	1.33887	1.28243	1.40471	1.48131	1.49498	1.47287	1.52858	1.54882	1.46009	1.46343	1.35549	1.31268	1.41823	1.38736	1.37489	1.3884	1.407	1.39013	1.35018	1.3051	1.65147	1.39164	1.53326	1.53054	1.49843	1.63996	1.58755	1.46136	1.50078	1.42387	1.50115	1.40319	1.47209	1.38853	1.68861	1.59148	1.60368	1.48083	1.48888	1.48108	1.52439	1.49552	1.50765	1.42422	1.49072	1.52499	1.71675	1.7763	1.33542	1.34803	1.29314	1.42372	1.43625	1.39428	1.6843	1.77094	2.01787	2.02431	1.38977	1.40094	1.52092	1.49723	1.47446	1.50896	1.41378	1.53615	1.61448	1.382	1.26294	1.48366	1.40121	1.51539	1.60684	1.5884	1.67505	1.43595	1.4316	1.374	1.63953	1.75763	1.79837	1.5857	1.61416	1.53138	1.60525	1.51642	1.77682	1.89916	
1.42481	1.57077	1.35884	1.46807	1.33715	1.31528	1.3569	1.21496	1.33894	1.49944	1.42406	1.32301	1.25583	1.5449	1.3794	1.48604	1.41406	1.50432	1.35334	1.42197	1.43996	1.35543	1.2967	1.35478	1.4229	1.34432	1.44117	1.37535	1.5233	1.31335	1.25277	1.31689	0	1.57236	1.36356	1.33859	1.37336	1.43205	1.57712	1.54506	1.45604	1.47011	1.45504	1.43502	1.38891	1.38868	1.41893	1.46387	1.46898	1.33358	1.45062	1.39993	1.36403	1.44575	1.40278	1.7955	1.59666	1.62165	1.50051	1.47908	1.62164	1.4943	1.50616	1.41374	1.44535	1.49642	1.4064	1.44461	1.42718	1.59456	1.5773	1.55929	1.49634	1.50494	1.50693	1.64739	1.53235	1.58803	1.47829	1.49617	1.55908	1.73836	1.80622	1.48726	1.44642	1.37703	1.36869	1.36559	1.48563	1.73295	1.85492	1.94456	2.01999	1.49267	1.41097	1.551	1.50607	1.42359	1.53695	1.36602	1.4157	1.6088	1.25968	1.37344	1.53844	1.50675	1.63544	1.63546	1.63831	1.71262	1.48625	1.39139	1.45594	1.56768	1.72164	1.77968	1.5644	1.70943	1.455	1.52223	1.59762	1.71788	1.79093	
1.6136	1.49179	1.65131	1.6512	1.74363	1.59362	1.53179	1.44741	1.77924	1.54967	1.70964	1.5525	1.45734	1.65676	1.65793	1.78828	1.73451	1.69321	1.66366	1.64468	1.57636	1.58762	1.68693	1.50465	1.72539	1.66088	1.43734	1.67253	1.8808	1.65353	1.65342	1.65271	1.57236	0	1.30492	1.45995	1.59103	1.35124	1.4799	1.41701	1.50072	1.5443	1.57219	1.47352	1.41939	1.67963	1.7033	1.63524	1.5791	1.49023	1.57173	1.51452	1.49487	1.85162	1.67118	1.74136	1.69712	1.76696	1.63493	1.73866	1.65699	1.38166	1.36823	1.49857	1.43267	1.53871	1.77495	1.7524	1.80698	1.60094	1.56696	1.51365	1.65776	1.60929	1.56846	1.51168	1.44683	1.43095	1.66152	1.72795	1.4313	1.61354	1.63187	1.73996	1.70492	1.65519	1.59525	1.60695	1.62417	1.62097	1.7644	1.67775	1.71083	1.71955	1.71979	1.81664	1.72607	1.74911	1.82439	1.55149	1.52845	1.68304	1.6586	1.65439	1.6539	1.60192	1.84233	1.65148	1.65451	1.80634	1.61453	1.58954	1.7213	1.40374	1.47704	1.5454	1.40045	1.6385	1.55569	1.45765	1.6902	1.57657	1.73091	
1.40939	1.45909	1.41153	1.58232	1.55913	1.3422	1.45406	1.27254	1.58664	1.51602	1.48558	1.38158	1.41264	1.67293	1.52751	1.58665	1.65526	1.68632	1.47186	1.44468	1.40351	1.50098	1.47926	1.2713	1.50963	1.62717	1.39769	1.54471	1.74737	1.4795	1.43215	1.47151	1.36356	1.30492	0	1.36487	1.46144	1.37006	1.49594	1.4314	1.291	1.42916	1.36935	1.27365	1.23306	1.48045	1.57775	1.55929	1.42571	1.37135	1.32463	1.31888	1.30247	1.70689	1.43978	1.72746	1.56296	1.62413	1.42794	1.4794	1.51792	1.31648	1.32494	1.39639	1.38741	1.41988	1.57808	1.57439	1.59808	1.49241	1.52484	1.60413	1.5073	1.49559	1.44517	1.48793	1.4117	1.44548	1.53143	1.54098	1.43349	1.57195	1.58745	1.63052	1.61829	1.55844	1.42037	1.41825	1.47537	1.54654	1.71195	1.72906	1.78791	1.64887	1.61377	1.67208	1.57209	1.58049	1.69931	1.31546	1.40617	1.51447	1.47304	1.49131	1.57304	1.51246	1.65518	1.62813	1.64234	1.6805	1.5233	1.46596	1.55576	1.39517	1.51008	1.50793	1.4036	1.54488	1.47725	1.52826	1.62799	1.5424	1.6491	
1.35034	1.55673	1.33352	1.4877	1.299	1.30241	1.35717	1.29803	1.43801	1.39129	1.41815	1.34596	1.34313	1.41412	1.45049	1.4859	1.41545	1.36714	1.42093	1.31707	1.34953	1.3308	1.30492	1.41253	1.35251	1.44555	1.34196	1.29771	1.43141	1.27835	1.37823	1.33887	1.33859	1.45995	1.36487	0	0.858949	1.38876	1.42295	1.40767	1.41215	1.49446	1.4507	1.4036	1.43489	1.38157	1.43809	1.48198	1.42768	1.337	1.48886	1.39825	1.36668	1.44769	1.48343	1.61559	1.49175	1.54828	1.43189	1.3979	1.62688	1.57533	1.57085	1.39987	1.42554	1.4592	1.45679	1.35631	1.44264	1.59406	1.48548	1.52309	1.41364	1.37021	1.34429	1.48711	1.46205	1.48622	1.4482	1.39428	1.44704	1.65068	1.68544	1.34917	1.35269	1.37078	1.36232	1.37295	1.44739	1.69716	1.82258	1.93469	1.91127	1.44369	1.41634	1.52137	1.39908	1.3728	1.45916	1.3224	1.37006	1.4747	1.32855	1.36979	1.47964	1.39862	1.56666	1.47965	1.49684	1.64722	1.45304	1.45376	1.54747	1.45902	1.52922	1.69418	1.5305	1.7232	1.45204	1.47553	1.52226	1.58717	1.77251	
1.39615	1.62609	1.36086	1.49877	1.39796	1.38012	1.35442	1.30843	1.40716	1.40838	1.45185	1.25407	1.36424	1.40839	1.48567	1.49787	1.42918	1.40874	1.44884	1.27324	1.37045	1.43862	1.2597	1.43521	1.47525	1.46241	1.35353	1.33689	1.43167	1.31287	1.33436	1.28243	1.37335	1.59103	1.46144	0.858949	0	1.51716	1.55194	1.56082	1.40942	1.4447	1.51598	1.46215	1.47746	1.41888	1.44873	1.51931	1.34653	1.33727	1.41687	1.35073	1.38812	1.52324	1.51279	1.70364	1.55706	1.67289	1.46945	1.42779	1.65992	1.67247	1.60425	1.45552	1.50784	1.5031	1.52371	1.42225	1.48532	1.58719	1.59733	1.62132	1.37965	1.41359	1.36102	1.56447	1.52226	1.5748	1.43807	1.47793	1.46235	1.62912	1.73136	1.41257	1.32084	1.33213	1.40181	1.43105	1.47565	1.74981	1.84071	1.95729	1.99937	1.40387	1.3487	1.47183	1.42914	1.38184	1.44501	1.42982	1.44975	1.59075	1.44453	1.36769	1.50298	1.37086	1.54104	1.61762	1.55049	1.69721	1.45637	1.44716	1.51751	1.45179	1.54901	1.67406	1.55246	1.66108	1.52225	1.60707	1.52153	1.67429	1.75258	
1.56672	1.38538	1.59633	1.58549	1.61754	1.55176	1.5397	1.37681	1.6804	1.56393	1.75795	1.39552	1.40184	1.6017	1.52831	1.77434	1.65072	1.63197	1.62432	1.61231	1.52182	1.58747	1.5914	1.47991	1.70867	1.74389	1.49734	1.53318	1.793	1.57601	1.4757	1.40471	1.43205	1.35124	1.37006	1.38876	1.51716	0	0.801147	0.93651	1.47702	1.46171	1.37474	1.4518	1.40145	1.48883	1.4586	1.60847	1.53679	1.54372	1.40567	1.3886	1.48146	1.62002	1.44734	1.59593	1.52206	1.54556	1.52768	1.52772	1.69298	1.49258	1.37911	1.44492	1.45246	1.40201	1.7104	1.72267	1.6887	1.51174	1.54499	1.54391	1.56232	1.56075	1.53234	1.42589	1.47597	1.38502	1.56622	1.66565	1.31697	1.46777	1.49846	1.57578	1.54032	1.50293	1.52492	1.51271	1.61002	1.40676	1.55798	1.65044	1.72201	1.6759	1.62509	1.72829	1.7201	1.71437	1.7161	1.41928	1.43949	1.46697	1.47887	1.48139	1.63505	1.66477	1.71296	1.57958	1.60644	1.71137	1.50313	1.48635	1.46242	1.31787	1.41305	1.48742	1.41589	1.51141	1.62055	1.61542	1.63553	1.54388	1.66041	
1.57882	1.53198	1.66141	1.61942	1.70728	1.57459	1.55481	1.52765	1.73396	1.63769	1.85402	1.50381	1.49892	1.70494	1.6355	1.78087	1.72875	1.69753	1.66432	1.67841	1.64105	1.63549	1.67148	1.53094	1.75823	1.8212	1.54991	1.61905	1.82133	1.61979	1.60494	1.48131	1.57712	1.4799	1.49594	1.42295	1.55194	0.801147	0	0.919032	1.54401	1.48163	1.43454	1.53703	1.46064	1.61436	1.53085	1.66461	1.62975	1.55201	1.48024	1.53386	1.63075	1.69568	1.52586	1.65695	1.59783	1.62865	1.62731	1.64846	1.77292	1.54185	1.52229	1.52156	1.5346	1.45467	1.79201	1.75462	1.73048	1.61113	1.64046	1.66517	1.65984	1.57453	1.56124	1.53369	1.5201	1.50668	1.62777	1.69124	1.46964	1.57266	1.63743	1.60033	1.60232	1.55026	1.6133	1.59037	1.67854	1.51465	1.5546	1.70277	1.8093	1.78369	1.72583	1.81063	1.81542	1.77363	1.80621	1.45485	1.49263	1.54786	1.59002	1.56748	1.7439	1.73275	1.79763	1.63565	1.63546	1.80736	1.56593	1.5888	1.54905	1.48516	1.55866	1.63695	1.46098	1.61853	1.6416	1.67534	1.68606	1.5942	1.78371	
1.55956	1.39083	1.63891	1.64246	1.69509	1.60115	1.54717	1.4255	1.72628	1.6296	1.79639	1.52563	1.46976	1.67672	1.53038	1.7082	1.6952	1.69337	1.64419	1.61368	1.61823	1.59837	1.61523	1.46633	1.6523	1.77699	1.49646	1.57518	1.79933	1.57301	1.58036	1.49498	1.54506	1.41701	1.4314	1.40767	1.56082	0.93651	0.919032	0	1.55411	1.5395	1.47006	1.56265	1.48002	1.5054	1.47611	1.51069	1.5189	1.55614	1.51658	1.51576	1.53495	1.69207	1.47659	1.6708	1.57851	1.59788	1.60474	1.61384	1.73421	1.46982	1.44958	1.43782	1.45721	1.40874	1.76214	1.73664	1.7449	1.55262	1.60884	1.65321	1.59862	1.53778	1.54293	1.47562	1.45825	1.46138	1.64482	1.66753	1.33256	1.54449	1.54065	1.59269	1.5922	1.56264	1.52887	1.56721	1.59787	1.47093	1.54684	1.66486	1.75991	1.75028	1.71057	1.79069	1.83191	1.73524	1.81929	1.33071	1.49196	1.40633	1.58885	1.59269	1.77795	1.74689	1.81588	1.60382	1.61786	1.81856	1.5233	1.57372	1.51817	1.43095	1.44926	1.53525	1.43282	1.5022	1.6599	1.67826	1.62789	1.56124	1.68154	
1.53301	1.49616	1.37164	1.57409	1.60004	1.35865	1.41084	1.33722	1.55053	1.63836	1.44721	1.31752	1.34148	1.6477	1.54473	1.54777	1.62378	1.7145	1.49783	1.29742	1.4623	1.48701	1.4873	1.36459	1.43787	1.63801	1.5305	1.5807	1.80515	1.53457	1.47097	1.47287	1.45604	1.50072	1.291	1.41215	1.40942	1.47702	1.54401	1.55411	0	0.882714	1.38901	1.25488	1.36405	1.4015	1.47557	1.56383	1.44484	1.43474	1.33304	1.23206	1.34325	1.7765	1.54368	1.78615	1.65107	1.72478	1.52348	1.50628	1.54746	1.55605	1.48883	1.43912	1.505	1.50114	1.74061	1.77098	1.76958	1.53865	1.63092	1.57749	1.69534	1.69229	1.58623	1.6905	1.54945	1.52156	1.52906	1.61345	1.46983	1.55783	1.6067	1.61005	1.53823	1.46999	1.36559	1.40432	1.44781	1.6236	1.75203	1.81502	1.91606	1.5908	1.60299	1.71481	1.56058	1.63305	1.70268	1.44301	1.51592	1.60984	1.46266	1.50053	1.61079	1.53475	1.70311	1.75074	1.70876	1.85007	1.45241	1.37255	1.45422	1.46345	1.61315	1.59298	1.4199	1.50664	1.46865	1.48314	1.61566	1.65712	1.70872	
