0.0 0.0011652840730201407 0.00019423616952436558 0.0005200964407260189 3.3875049344427243e-06 4.323906363300514e-05 0.00013741308812146972 8.09021452052651e-05 6.9669610506087e-07 0.000550075731547255 4.432064741052652e-05 2.642178405952003e-05 6.819301609163081e-05 3.351951759962826e-05 4.305751110879994e-07 1.4313904975627358e-06 2.5156938390057756e-07 0.0 3.727192073962996e-08 1.0007150381206403e-07 3.756374916154399e-07 0.0 1.4400217335305043e-06 2.5515548690382984e-07 4.648465315225867e-07 5.039691333652551e-08 2.0180907961224963e-07 0.0 5.5240725463144275e-08 0.0 0.00028394587417516934 1.952636058013645e-06 6.551256223068767e-06 3.7965488124739564e-08 5.351643907707979e-07 3.6157248166693625e-07 8.418262010654485e-07 7.295252982760895e-07 1.4575916673618568e-07 5.6973257512798044e-08 0.0 3.7549161104897476e-08 1.8371275088707687e-07 3.389977817599941e-07 0.0 9.742454697937358e-08 5.811246556712511e-06 6.702828546877952e-07 0.0 3.187773576116328e-07 2.5960268410711575e-07 0.0 0.0 0.0 1.95236591712377e-06 2.179785216475658e-06 6.134321213451056e-05 0.00036092789388762254 6.603582981209895e-06 3.1154971653477696e-06 0.0 7.857097273569108e-07 0.0 2.6934286073163067e-06 2.539558406969258e-06 1.3669793368270284e-06 8.787996902859286e-07 5.35126910481756e-07 3.999443074855659e-07 7.046832651787124e-07 3.7143366696411333e-06 2.047614796712422e-07 0.0 3.2166943644484774e-05 2.962890300068254e-05 1.6633646119577293e-05 4.561228697471622e-06 7.647810720260528e-07 4.705492956540547e-07 2.268664825446448e-05 2.225718172125784e-07 2.8822002837842403e-06 1.7435331028598904e-06 9.8827515790176e-08 5.999848700698707e-07 2.0738696091593984e-06 4.573829122054356e-07 0.0 5.267767214203188e-07 0.0 3.796637555916355e-08 0.0 0.0 2.1246146861002478e-07 9.47077721373123e-08 1.1610300297550316e-05 4.432090475350675e-06 4.4325285948993746e-07 6.455910548114391e-08 0.0006984817276701459 9.44860598117167e-08 3.3050046842362842e-06 7.0297893338955275e-06 1.964663008168629e-06 9.45059045357882e-07 9.514851693158354e-07 6.674194860810542e-06 6.7815723911893e-07 1.1347643678533537e-06 1.0378014103001207e-05 3.059867392533963e-06 4.278737008889725e-06 3.237512182145388e-06 2.9037553247887043e-06 4.357619312475266e-06 0.0 0.0 0.0 0.0 0.0 0.0 0.0 0.0 0.0 0.0 0.0 0.0 0.0 0.0 0.0 0.0 0.0 0.0 0.0 3.1850512978805677e-07 5.089254611245378e-07 0.0 0.0 0.0 4.825187771160653e-07 6.054079460773849e-07 6.591649461971447e-07 1.556950580835518e-07 0.0 0.0 0.0 0.0 0.0 0.0 0.0 0.0 0.0 0.0 0.0 0.0 0.0 0.0 0.0 3.454634631886638e-08 0.0 0.0 0.0 0.0 2.1991581374984423e-07 0.0 3.5737978960415114e-07 5.280263883723855e-07 7.490662207124275e-07 0.0 0.0 0.0 0.0 0.0 0.0 0.0 0.0 8.002762807846872e-07 0.0 0.0 0.0 9.187273771889779e-08 5.232848486747183e-06 0.0 3.721034124236213e-07 0.0 0.0 0.0 0.0 0.0 0.0 4.915984600287432e-08 4.966784532378113e-08 0.0 0.0 0.0 0.0 0.0 1.7512236290821598e-07 0.0 3.6947987020688663e-07 4.149892183641642e-05 1.4807496847421e-06 3.394692200829032e-05 6.176660238146148e-06 0.0006143701158565833 5.979504614351235e-06 5.0312965908320855e-06 5.305037477098292e-07 6.878809068626185e-07 0.0 3.6026415302397183e-07 1.969586718649486e-07 1.3135984905784468e-05 0.0 8.053753457071823e-08 0.0 1.7805922798877557e-07 0.0 7.44061568995604e-05 5.885250213932284e-06
0.0011652840730201407 0.0 0.0013203002768709768 0.0003216306450348324 0.0006039320141603572 4.8446908859649246e-05 0.001510447653188258 0.0003745644245168294 0.0009017873233871683 0.0007384291214166128 0.0007605715778552538 5.7687285927307884e-05 0.0006823019976758165 0.0009794864753859185 1.0359025827914396e-05 8.715860846508764e-06 1.1063722719924999e-06 3.016778030330963e-07 4.28428309696124e-08 5.923243800896441e-07 9.965482604433053e-07 4.732597739375839e-08 3.1834709982173954e-06 9.045195553117244e-07 1.927979150888597e-06 3.8204381570864483e-07 1.3843253608761168e-06 3.134233422060872e-07 2.243603616525604e-07 2.0555064292280024e-07 0.0010520493586820949 1.0035217653313351e-05 5.1885934508223425e-05 4.811967273716225e-07 2.377147082631244e-06 1.2940424115423095e-06 1.2292591505278298e-05 3.6408266632604065e-06 1.2740194431786214e-06 2.6696106930482563e-07 2.829282120489053e-07 9.82399594359633e-08 3.091502349316521e-07 1.809774166380548e-06 2.289057910201623e-07 4.958503728986199e-07 9.49026874182758e-05 5.672479840126502e-06 1.5044706736174038e-06 4.884819788709049e-07 2.527481835252069e-06 1.2613185434654466e-07 9.085515274741782e-08 9.509970933853486e-08 1.46358284215497e-05 1.3474788401168448e-05 6.407239436303803e-05 0.0003651060226801622 3.570701167288559e-05 3.154441207907779e-05 5.786309938708779e-07 6.89651652878785e-06 1.3167459422224792e-07 2.5956983274754404e-05 1.3962774232681487e-05 8.716670297226403e-06 7.550546343817322e-06 3.7394907805936015e-06 2.691356428432259e-06 3.6119531456019076e-06 4.855167428368783e-05 7.721161531307756e-07 0.0 0.00019095256556181354 0.00016553067965540156 0.00018355333940640742 0.00010095425653185679 5.769559227125753e-06 2.874764204190312e-06 9.780023835418687e-05 7.603942236142732e-07 1.2006542699966988e-05 1.6378519076084485e-05 7.939534405408477e-07 6.020308257542912e-06 1.106483135631851e-05 2.078003408733322e-06 1.3144667635703557e-07 3.2585512434204806e-06 1.2447901260789416e-07 7.93287393374908e-07 1.1153420170582211e-07 6.03774514122418e-07 7.352175692268954e-07 3.222091673001076e-07 2.7404329755492064e-05 4.39570256932435e-06 0.0 1.9057344433096781e-06 0.000303209776339729 6.661409836864921e-07 3.3946817499071524e-06 1.1120650363958536e-05 1.5165281963758946e-06 4.9583045113353806e-06 2.0964811879804066e-06 1.1576176223736864e-05 2.9005338110533084e-06 4.408321815318492e-06 1.2260578550191256e-05 9.626148667064201e-06 1.1365563284282665e-05 2.7118340661839856e-05 1.394641148272349e-05 1.5765861034563848e-05 1.8990561286922124e-07 5.843154306936189e-08 0.0 0.0 0.0 0.0 0.0 0.0 0.0 0.0 0.0 0.0 0.0 0.0 0.0 0.0 0.0 6.78925172208499e-08 0.0 4.329996593003923e-06 5.917220877730477e-06 0.0 0.0 0.0 6.333065793133052e-06 7.738149756750202e-07 8.41868111050057e-06 6.271620584522686e-07 5.476234954848555e-08 0.0 0.0 0.0 4.492014592102258e-08 0.0 2.462553940630264e-07 0.0 0.0 1.0963627528440228e-07 0.0 0.0 1.944511332557384e-07 2.1668328997637511e-07 0.0 1.409805501583118e-07 0.0 0.0 4.8425697184251986e-08 3.1227372779664237e-07 4.96747387063434e-07 0.0 0.0 1.6181145188930732e-05 6.221440816312618e-07 3.6072245926781135e-08 9.842659372174507e-08 4.966858322713e-08 4.322312750170577e-08 1.1763630482673007e-07 4.644498580870942e-08 0.0 0.0 9.282510081116095e-06 9.190221191913837e-07 1.4549463326162641e-07 0.0 5.110620423924975e-08 1.9854275203127383e-05 0.0 2.2263640098418556e-06 1.5637530420027505e-07 5.248044683025463e-08 1.955653153017349e-07 0.0 7.126144584156839e-08 0.0 2.842383708222019e-07 1.105539149855537e-07 0.0 1.5506911125114419e-07 0.0 0.0 0.0 5.9984039412030895e-06 1.3798552269061803e-06 3.7446227911127527e-06 0.00012103303237953986 1.0027656419460235e-05 0.00039835235118594614 5.716234538247631e-05 0.00043598170095966406 5.306626473293751e-05 1.1735871982484122e-05 1.0573622613279592e-05 3.0639707852888315e-06 3.6501709901706124e-07 1.0783958465150275e-06 3.8353735484150197e-07 7.652150924728905e-06 0.0 5.973315711691905e-07 0.0 1.7242921137548049e-06 2.4151749544703813e-07 7.600616487870626e-05 1.0150708837347464e-05
0.00019423616952436558 0.0013203002768709768 0.0 2.1948247737516865e-05 0.00021038702472677147 1.7469596919634392e-06 0.0001435955369025736 0.0013370080205467876 0.0003085753724329387 1.1056232061488654e-05 0.0013829437691090783 2.5721175288590585e-05 0.000128471199771848 0.0007243030922410249 6.669515396338165e-06 7.836942981164048e-06 5.49520651496171e-07 2.2010642036114286e-07 0.0 1.614982115276277e-06 1.9347449086782427e-06 0.0 9.15489357173296e-06 2.521182325106621e-06 7.184304715322188e-06 6.894348142910351e-07 3.3265383780544396e-06 6.271583461807957e-07 1.4548740700988827e-07 4.704290824216985e-07 0.0014030293481980907 0.0001579305095291675 8.821953700809968e-05 1.04942714907655e-06 6.5572554065512195e-06 3.974747793505793e-06 1.546393708387708e-05 5.408456575347468e-06 1.001712179593613e-06 1.444156046711164e-06 1.2086768436240714e-07 1.898094481345523e-07 8.193706871773901e-07 1.2224354643996888e-06 2.8414838887242095e-07 9.307833363725312e-07 3.39519995277353e-05 1.7518672693415627e-06 5.542126895815606e-07 7.603725351070321e-07 1.738899050324886e-06 0.0 9.85158345175016e-08 1.0116541139468189e-07 3.057801136380759e-06 3.630900816500477e-06 2.1267721367052116e-05 0.0002514224070957955 1.0678683891051632e-05 8.463999535690806e-06 4.060581725258009e-06 1.3817529004250425e-05 6.476224247146862e-07 0.00012649938017066754 2.855566403560527e-06 2.7225030264755577e-06 2.0094716039076246e-06 2.7290962644126413e-06 4.188719828287184e-06 6.320692106420308e-06 2.559332270864797e-05 6.225145741259088e-08 0.0 6.183211798846993e-05 9.227747718564908e-05 5.874875637093604e-05 4.664105273900528e-05 4.533996549917771e-06 7.269305661790881e-05 0.000325850496862379 1.0193011461302862e-06 0.0001226589789031569 4.8844933623721006e-06 7.851275053612685e-08 1.042118752767382e-06 3.1043419000937475e-06 1.205269729317717e-06 0.0 1.1755929437264673e-06 0.0 4.145521152366933e-07 8.920861081797489e-08 8.707397150358623e-07 1.6887425569517215e-07 1.7270020004153846e-07 1.109201966526195e-05 6.839854988305156e-08 0.0 4.829190197933074e-07 6.585973329324457e-05 2.8630090820258124e-07 3.063730267805204e-07 7.290207186658565e-07 1.4148811713937107e-07 5.989483564146878e-07 2.1959531664508987e-07 1.188292871487654e-06 3.53464233885016e-07 2.4065409326736706e-07 5.872465063210314e-07 1.8809711480753694e-06 1.419194167707767e-06 4.152694310821372e-06 2.4530970395752347e-06 2.9275543168744023e-06 0.0 0.0 0.0 0.0 0.0 0.0 0.0 0.0 0.0 0.0 0.0 0.0 0.0 0.0 0.0 0.0 4.7697103770137294e-08 0.0 0.0 2.8837534955680903e-07 7.162938558070985e-07 0.0 0.0 0.0 1.4734302101306725e-06 2.0987686948632785e-07 2.460217810142579e-06 5.531151867517889e-08 0.0 0.0 0.0 0.0 0.0 0.0 0.0 0.0 0.0 3.396322713677359e-08 0.0 0.0 0.0 0.0 0.0 0.0 0.0 0.0 0.0 0.0 0.0 0.0 0.0 1.7959116897719204e-06 5.1165522566608e-08 0.0 0.0 0.0 0.0 0.0 0.0 0.0 0.0 1.7175055353882885e-06 3.028950574992964e-07 0.0 0.0 0.0 4.391502267430115e-06 0.0 6.71299483960665e-07 0.0 0.0 0.0 0.0 0.0 0.0 4.0787490584891276e-08 3.9739131468019996e-08 0.0 4.404022055755261e-08 0.0 0.0 0.0 1.7540540767973792e-06 3.070568063815618e-07 5.415610148481746e-07 4.859211014544826e-05 3.60842750191313e-06 0.00012327474749985386 2.1530511735114223e-05 5.55001916156278e-05 1.5318796797004663e-05 1.3943717686906861e-06 3.815957191865594e-06 2.7023487990840093e-07 1.586540830193065e-07 1.6781353425920053e-07 4.5044428999161964e-08 6.020427362294907e-07 1.439449972208768e-07 6.693877746749312e-07 0.0 5.48907044228135e-07 1.0835973499759947e-07 1.1018379085745903e-05 2.4963578033984086e-06
0.0005200964407260189 0.0003216306450348324 2.1948247737516865e-05 0.0 4.050022396599757e-06 0.00014380773149072132 0.00019114750917891582 2.9739979276473564e-06 1.113757484365353e-05 0.0008973155976556862 3.689707318492686e-06 0.00010804362661039532 0.00025956793922253724 5.074584772478151e-05 2.558262020398531e-07 2.7196213286096845e-07 4.399491914314747e-08 0.0 0.0 4.2917749288914525e-08 6.950273285106942e-08 0.0 1.3581566555736706e-07 0.0 0.0 0.0 0.0 4.9106466659738107e-08 0.0 0.0 3.383298441961977e-05 1.389535036535406e-07 7.699491325370059e-07 0.0 5.250436530092003e-08 0.0 7.858415552529914e-07 0.0 5.1404508982053504e-08 0.0 0.0 0.0 5.203283530896058e-08 0.0 0.0 0.0 5.163943133791828e-06 4.438942437805118e-08 6.668422161645382e-08 0.0 4.001827445368442e-07 0.0 0.0 0.0 1.2366824081571353e-06 9.833425015618013e-07 9.523880379473073e-06 3.510035700821886e-05 1.9002459507074818e-06 1.8043921106477452e-06 0.0 1.1968981508111897e-07 0.0 5.36211319590429e-07 7.540142234916374e-07 4.964594812317007e-07 3.2213922901574153e-07 2.6088397038021535e-07 0.0 1.0409413353299946e-07 5.032233952381774e-06 0.0 0.0 1.0429222612501232e-05 1.1054622613017865e-05 8.215670467432977e-06 2.5086700946021197e-06 1.465617942858541e-07 0.0 1.2044911307616826e-06 4.0781311050678864e-08 2.61263720798817e-07 1.1459221231248433e-06 6.105885606972954e-08 2.094779725887619e-07 7.740506106439782e-07 1.327858311562e-07 0.0 5.455610068646095e-08 0.0 4.337302265246984e-08 0.0 0.0 0.0 0.0 6.927831739371707e-06 7.551034663548475e-07 0.0 1.084602361334464e-07 0.00022568712799719308 3.565249041944098e-07 2.0058462164904027e-06 1.5151320614602922e-05 3.2558035676566815e-06 1.2785022027723772e-06 7.960348220873653e-07 9.374196103282324e-06 2.076594634215995e-06 1.8829204644264914e-06 7.877015056573485e-06 3.130822663747231e-06 5.212780327492058e-06 7.032515753491935e-06 4.1278106788290365e-06 5.323485886491819e-06 0.0 0.0 0.0 0.0 0.0 0.0 0.0 0.0 0.0 0.0 0.0 0.0 0.0 0.0 0.0 0.0 0.0 0.0 0.0 1.9075705613862716e-06 2.7715706995733337e-06 0.0 0.0 0.0 1.552138911388695e-06 7.302270801183029e-07 2.2729242418506875e-06 1.0559664127968722e-07 0.0 0.0 0.0 0.0 0.0 0.0 0.0 0.0 0.0 0.0 0.0 0.0 0.0 0.0 0.0 0.0 0.0 3.4173670670522397e-07 0.0 0.0 0.0 0.0 0.0 2.425864209379521e-06 1.1538141522228405e-07 0.0 0.0 0.0 0.0 0.0 0.0 0.0 0.0 1.0895951389186405e-06 1.2165442586068362e-07 0.0 1.2845326577535824e-07 0.0 8.143900073073246e-06 0.0 6.242533604753127e-08 0.0 0.0 5.795725000318858e-08 0.0 0.0 0.0 0.0 0.0 0.0 0.0 0.0 0.0 0.0 1.433603118633061e-06 0.0 7.183991850803616e-07 1.779981123629081e-05 4.959486408203669e-07 2.4129855402978447e-05 3.4424764292051455e-06 0.0002803201138339471 3.294454350197267e-06 2.3508639080401313e-06 4.4863363770725094e-07 7.879482725647126e-07 0.0 4.3435679423613525e-08 7.701286380913157e-07 9.329556789723046e-06 0.0 0.0 0.0 0.0 0.0 5.006968354635452e-05 7.563907016892633e-06
3.3875049344427243e-06 0.0006039320141603572 0.00021038702472677147 4.050022396599757e-06 0.0 1.5083651389535982e-06 0.0007683067852890392 0.00013910281622798537 0.000612073433304851 6.893379509536846e-05 0.0007071202853782465 1.699899490127366e-05 0.0002569516017315673 0.0010472070343994257 1.19412131323707e-06 9.272932323194952e-07 1.05219198840723e-07 0.0 0.0 0.0 0.0 0.0 3.9674473906077925e-07 2.3550878748523417e-07 3.322735578517959e-07 0.0 0.0 0.0 0.0 0.0 7.801696709138702e-06 5.35542200536099e-07 4.449479970683834e-06 0.0 8.989045626706665e-08 5.726134538236163e-08 1.4305620076384257e-06 1.9700334589897334e-07 2.0163779501639474e-07 4.499105940805239e-08 0.0 3.648507521973603e-08 0.0 3.129479471609039e-07 0.0 1.4742293724602095e-07 9.421984804587988e-06 3.9775126198337713e-07 1.7496868397111665e-07 0.0 1.5240316397191567e-07 0.0 0.0 0.0 4.6721579289543316e-07 5.405551713167657e-07 3.368708868550256e-06 6.179578522365287e-06 2.4055182213868544e-06 2.2213467644228465e-06 0.0 6.975785887059945e-07 0.0 2.680587570980356e-06 6.726951680075693e-07 7.026463496229845e-07 4.466094387942578e-07 5.439009096181408e-07 3.0542676813186453e-07 4.6245999931056603e-07 8.651806801737835e-06 0.0 0.0 1.0256162445652465e-05 6.9971536924036525e-06 1.0547296786574645e-05 9.384752395809617e-06 9.853427755027775e-07 0.0 4.221348422314477e-06 8.339542448889465e-08 1.0105497651943478e-06 7.31102506546818e-07 6.95016406240861e-08 1.8678904719381885e-07 5.756376174212938e-07 8.698761275676852e-08 0.0 2.1626848752336396e-07 0.0 1.7714049931131637e-07 0.0 0.0 0.0 1.1272022693205451e-07 7.081354702556962e-06 2.8436913574737945e-07 0.0 1.8974446062904233e-07 6.903640426505071e-07 1.726332491279989e-07 5.249936836247115e-07 2.1963617893696977e-06 1.448309590888352e-07 9.737901899288296e-07 2.6595508599436834e-07 9.549921768817098e-07 1.2291129695989441e-06 8.266734240604331e-07 2.060119436889524e-06 2.045817199141045e-06 2.851034724550483e-06 7.394854666436334e-06 3.8443773735631625e-06 5.739826841979969e-06 0.0 0.0 0.0 0.0 0.0 0.0 0.0 0.0 0.0 0.0 0.0 0.0 0.0 0.0 0.0 0.0 0.0 0.0 0.0 5.108738802892094e-07 2.168073861406706e-06 0.0 0.0 0.0 1.9243021004849267e-06 1.5703377079084201e-07 2.3390421730323486e-06 3.763002198416473e-07 0.0 0.0 0.0 0.0 0.0 0.0 0.0 0.0 0.0 0.0 0.0 0.0 0.0 0.0 0.0 0.0 0.0 0.0 0.0 3.4865132918148596e-07 0.0 0.0 7.085221829711816e-08 2.6075086334330713e-06 1.9317708948775467e-07 0.0 0.0 0.0 0.0 0.0 0.0 0.0 0.0 2.7301097112741516e-06 0.0 0.0 0.0 0.0 5.7476843976638046e-06 0.0 4.280761315075011e-08 0.0 0.0 0.0 0.0 0.0 0.0 0.0 0.0 0.0 3.6522236942574654e-08 0.0 0.0 0.0 2.047696404921997e-06 4.957130838676223e-07 4.0684731529810305e-07 1.9790100834601128e-05 6.821558691023113e-07 3.65035151156103e-05 6.295904122305232e-06 1.4620702163555787e-05 6.648069236711102e-06 5.379990708655778e-07 1.0936541632029856e-06 5.848307862932857e-07 4.9975778567551295e-08 2.814752836056408e-07 0.0 6.304290133811178e-07 0.0 0.0 1.3903563197120312e-07 2.81505485632136e-07 0.0 6.054133337470347e-06 1.7258348323579932e-06
4.323906363300514e-05 4.8446908859649246e-05 1.7469596919634392e-06 0.00014380773149072132 1.5083651389535982e-06 0.0 2.7828912912600023e-05 1.2142101467886653e-06 9.118986505633359e-07 0.0005596420836150681 3.1958187705446876e-07 8.446455117387015e-05 5.187603449133135e-05 8.256716971845351e-06 7.05473439390365e-08 0.0 3.42820989037551e-08 0.0 0.0 5.753586493219737e-08 0.0 2.7711897529061308e-06 0.0 0.0 0.0 0.0 0.0 0.0 0.0 0.0 9.578487301221014e-06 1.8151523245533716e-07 7.919644269399613e-06 0.0 0.0 0.0 8.347690267144802e-06 1.647364616911382e-06 3.73889268554927e-06 2.0874994479219214e-07 0.0 0.0 0.0 0.0 0.0 0.0 0.0 8.6603074093088e-08 0.0 0.0 1.98178456982061e-06 7.720286569725842e-06 1.245202571792182e-07 6.921796717191359e-08 0.0 3.8108348488555157e-07 6.12667867142572e-05 1.3235549313963426e-05 2.598547252355529e-07 0.0 0.0 5.407655972968666e-07 0.0 1.2465652874877017e-07 0.0 0.0 2.50354759230894e-07 5.060623538721107e-07 1.0657340751833965e-07 6.660638093983611e-08 0.00010539181390882267 6.538788895770918e-05 3.832871900029898e-06 3.001603974403825e-07 5.770465300923316e-08 9.959150906098353e-08 9.657541851602374e-08 0.0 0.0 8.801232190877446e-07 0.0 1.1473804476895142e-07 0.0 1.0845054099363125e-06 9.795559033922402e-08 9.845862100255925e-07 3.35371084320527e-07 2.2776138224253642e-06 6.565411965873103e-06 2.843122102422904e-06 4.290716671467545e-06 1.2434089205409176e-06 0.0 6.451609904367409e-08 1.238330503909489e-06 8.784685540451806e-05 0.0001810408911881469 7.98655492007188e-06 1.7215046432209752e-05 0.00014744102158625468 1.0826876159177706e-07 2.8622914888977445e-06 1.0227165415325928e-05 3.177849117394856e-06 3.6587951136602863e-06 1.6452538915167128e-06 1.3210996226913957e-05 3.2063207832917184e-06 1.755417579156381e-06 1.3770737772735967e-05 4.017324735469144e-06 6.433124183719963e-06 7.312848317370961e-06 5.005680792933209e-06 3.5870976644597978e-06 5.271314968987029e-08 0.0 0.0 0.0 0.0 6.86908311240691e-08 0.0 0.0 0.0 0.0 0.0 0.0 6.219501268241511e-08 0.0 0.0 0.0 0.0 0.0 0.0 9.755220165818897e-07 2.4645194290922257e-06 0.0 0.0 0.0 8.367890062506155e-07 5.6820488764851566e-08 2.0394674660584157e-06 1.9465344554967715e-07 1.6556872174894623e-07 0.0 0.0 0.0 0.0 0.0 0.0 0.0 0.0 0.0 0.0 0.0 0.0 1.4190121623839627e-07 0.0 0.0 0.0 5.901635260273847e-08 0.0 0.0 1.9275236272230244e-07 1.0121831288851285e-07 0.0 1.0192432906069237e-06 2.6833078370479537e-07 0.0 0.0 0.0 1.194007520088917e-07 4.454119191792959e-08 5.909182678755893e-08 7.580769763008336e-08 2.759213711580869e-07 8.326797037676042e-07 5.836341411100453e-07 0.0 1.1928800557826401e-07 4.667657693728842e-08 3.5985678226539333e-06 1.7463527518309471e-07 1.0578350831383808e-06 0.0 0.0 0.0 0.0 0.0 0.0 4.642992542890609e-08 0.0 0.0 8.018152383562692e-08 1.0799371868317841e-07 0.0 0.0 3.447829472658703e-07 2.992518791348124e-07 6.956190879883879e-07 7.306543368845325e-06 1.924078041171587e-07 7.273762896755186e-07 2.391451101749922e-07 0.0001659503810227405 0.0 4.912214183980736e-06 5.7773775374037285e-08 0.0 0.0 5.656793435474576e-07 0.0 1.856314558216254e-05 0.0 0.0 0.0 0.0 0.0 5.5228546251346755e-05 8.332383057045963e-06
0.00013741308812146972 0.001510447653188258 0.0001435955369025736 0.00019114750917891582 0.0007683067852890392 2.7828912912600023e-05 0.0 3.640273373252324e-05 0.0008195387423863736 0.0009008308269796816 0.00021594354510679812 0.00010094181504580417 0.002175240640117826 0.002221527795291643 6.228640575045044e-06 5.659491060586999e-06 3.6776371180995664e-07 0.0 4.4225086475837475e-08 2.266819908766355e-07 3.3947072254514043e-07 0.0 1.5887161075027213e-06 3.6478729576003235e-07 7.365693984100129e-07 1.1053717400649324e-07 2.496855946671061e-07 0.0 3.496254331168664e-08 5.726105932291357e-08 3.353681363803948e-05 1.8926350952921629e-06 1.2297985081405235e-05 1.6167703574034337e-07 1.2600093663961648e-06 3.356380232949901e-07 7.853680433241519e-06 1.0541282370426585e-06 8.332167251197834e-07 2.97282164794641e-07 7.384571339635969e-08 1.1832485967014818e-07 9.455035167265985e-08 5.394363651848054e-07 0.0 4.075499715720385e-07 4.0236136734425146e-05 2.2694315177531615e-06 4.182138842146232e-07 1.4499912303616623e-07 8.999597254514548e-07 7.320463466928678e-08 1.4921181975625966e-07 7.457653352322319e-08 3.6450336030341086e-06 3.919440448698016e-06 1.5077302865704656e-05 5.59243099196314e-05 1.0370492533891102e-05 1.1175663613648342e-05 2.9728218429869426e-07 4.791035572502381e-06 0.0 8.978078016450547e-06 3.759716698383635e-06 2.929732311748815e-06 2.691353853897227e-06 1.2707831356188172e-06 1.4010894002288775e-06 1.0974939651792035e-06 4.21396043223937e-05 5.73514453316649e-07 7.018941530537321e-08 5.746243471039722e-05 4.122853261443311e-05 6.185920107629661e-05 3.8437034929192925e-05 2.462942237074875e-06 7.517107752958894e-07 4.869133410062529e-06 1.5957506766559444e-07 3.8426776310777385e-06 4.5387437519671755e-06 2.982157750647485e-07 2.302105344930674e-06 3.101527065373174e-06 8.791943580546095e-07 7.991034272957661e-08 9.96642718573313e-07 0.0 2.5204341041135616e-07 1.362681855987352e-07 1.4173080607426316e-07 3.7438406038109156e-07 3.791902621916464e-08 2.647851291174125e-05 4.666189776420639e-06 0.0 1.8482382431204897e-06 2.6142650071725516e-05 1.0566571293395283e-06 2.6964922617458516e-06 9.448589877325015e-06 7.938018355347463e-07 6.856368527349692e-06 1.700511019888661e-06 9.44519886361464e-06 4.84163689806925e-06 3.3528290096952544e-06 1.071392680187846e-05 1.4432249576650096e-05 1.5382350471790196e-05 3.3324929229352334e-05 1.9843106340297553e-05 2.5865048949736612e-05 0.0 0.0 0.0 0.0 0.0 0.0 0.0 0.0 0.0 0.0 0.0 0.0 0.0 0.0 0.0 7.608927764720444e-08 0.0 0.0 0.0 3.7107066272565298e-06 9.105611997682925e-06 0.0 0.0 0.0 7.500449727887708e-06 2.1475255806241547e-06 9.746108115929811e-06 1.7710441811302914e-06 5.18873480742365e-07 1.6571335405600178e-07 0.0 0.0 0.0 0.0 1.452881243455581e-07 0.0 3.4836774674822874e-08 1.2008173602896381e-07 0.0 0.0 1.1255663343454078e-07 4.8228091868503425e-08 8.709905566650229e-08 0.0 0.0 0.0 1.3493136803528815e-07 4.139385859848703e-07 1.4501558770780526e-07 1.2258212965332453e-07 1.8039114235027738e-07 1.2305032233923494e-05 1.2801592833919396e-06 4.967929420305316e-08 7.27690311434586e-08 0.0 0.0 0.0 0.0 0.0 0.0 1.1836295508452382e-05 1.0504363993159305e-06 0.0 4.4474338524656364e-08 5.968099872751783e-08 2.331510748199057e-05 1.773302672483242e-07 2.5467022995917598e-06 4.097007452894307e-08 2.163173256727628e-07 2.2905267604537105e-07 0.0 0.0 0.0 0.0 3.694252653590697e-08 6.375125409587356e-08 0.0 0.0 0.0 0.0 1.1803773048981657e-05 1.7059824236895133e-06 2.858519144940451e-06 8.25126156981994e-05 2.414382352004096e-06 0.00015984116058023198 2.4557647067868944e-05 0.00013514579358481758 2.1217832212486505e-05 3.4330498504516064e-06 7.360550024097672e-06 3.102449028472801e-06 0.0 8.724912537854318e-07 1.3594513996435297e-06 4.893270638189436e-06 5.08717167587595e-08 1.7045022545851756e-07 6.14401395069186e-07 3.3786944952334715e-07 1.702293810632927e-07 4.825096719738618e-05 1.5146241066736402e-05
8.09021452052651e-05 0.0003745644245168294 0.0013370080205467876 2.9739979276473564e-06 0.00013910281622798537 1.2142101467886653e-06 3.640273373252324e-05 0.0 0.00019781893338493718 8.0136956293733e-06 0.0009947275871649037 3.422800423321167e-05 0.00017646348529252805 0.00105198866593986 1.3442173885816942e-05 1.4906821823841968e-05 1.9671564258432685e-06 1.5068917247530444e-06 2.0073378214713103e-07 9.22466022368091e-06 8.435368667959091e-06 0.0 3.455627372920125e-05 7.845541343050021e-06 2.2186637836037585e-05 2.0196068396821563e-06 1.0063664396280801e-05 2.0016086228463043e-06 5.104624422853879e-07 1.3804879318930475e-06 0.0011062174705646275 0.0007726863589750069 0.00020369903200303008 3.869508882568561e-06 2.2476540388723203e-05 1.216601668137514e-05 4.2531898203990524e-05 1.9095161612400426e-05 1.915041988826084e-06 6.1240164091122885e-06 1.4048582984700925e-06 9.399814543980417e-07 3.696950776056477e-06 5.6258489904421135e-06 1.1321497909997739e-06 5.173027572442829e-06 5.270814940322561e-05 2.4285395478604005e-06 7.946854861723919e-07 3.945123509575282e-06 2.5458921727336076e-06 0.0 2.8901657131360593e-07 8.081825705963034e-07 3.5564270498339557e-06 4.181643110874835e-06 2.125448152808819e-05 0.00015796837594970429 1.0197949331726395e-05 1.1763438442513792e-05 3.1757016882975325e-05 4.448354736015917e-05 3.3956840306981633e-06 0.00023845914073361465 4.004972239910284e-06 3.0974983536382925e-06 3.186568033834119e-06 7.764783438682706e-06 1.280736420680893e-05 2.7638959953641478e-05 4.713780566847053e-05 1.1515199554496957e-07 0.0 6.702820882760219e-05 9.66811438873057e-05 7.251685155899793e-05 0.00010101369911628772 4.0792408379142635e-05 0.00038770263449052086 0.0010625235002475193 1.806039320265945e-05 0.0007599202506128646 5.415054530014769e-06 2.780531706823188e-07 1.8441776032503978e-06 3.4830391128213216e-06 3.676769226736967e-06 4.519839724638482e-08 1.1780245433042538e-06 9.157586977468522e-08 4.676261159175424e-07 4.050333278206247e-08 2.1451346860055513e-06 6.462764630009289e-07 4.782287305713617e-07 1.54018429721636e-05 8.659293101018269e-07 0.0 9.116777216505469e-07 4.004937614689573e-05 4.0260084730976514e-08 1.3646954219406352e-07 8.851228263412431e-07 7.300930807709576e-08 4.732212664350694e-07 2.7657708117579105e-07 5.286125274320603e-07 2.7565050861824003e-07 3.636211191586821e-07 8.604593398488898e-07 7.020962117949783e-07 1.2325144894926837e-06 3.859992146328762e-06 2.4471981134279607e-06 3.2100242389328465e-06 0.0 0.0 0.0 0.0 0.0 0.0 0.0 0.0 0.0 0.0 0.0 0.0 0.0 0.0 0.0 1.8024963394242123e-07 1.354847630401909e-07 0.0 0.0 5.773065516292336e-07 1.4572224848894543e-06 0.0 0.0 0.0 1.1843427090766593e-06 9.089895982627455e-07 2.494153572321667e-06 5.340390101475466e-07 5.334703142128502e-08 0.0 0.0 0.0 0.0 0.0 0.0 0.0 0.0 0.0 0.0 0.0 4.5780752519724373e-08 5.6970344907509105e-08 1.3361832916345798e-07 8.817788986661467e-08 0.0 0.0 0.0 7.735288674668641e-08 0.0 0.0 0.0 1.7583154101249877e-06 3.557316255876109e-07 0.0 0.0 0.0 0.0 1.4639222279601177e-07 0.0 0.0 0.0 2.2437026321027265e-06 6.01263481036996e-07 1.7257396655807166e-07 4.15029740245301e-08 1.5663212382176433e-07 3.3853698907442977e-06 0.0 1.207623039625661e-07 0.0 4.001736003865341e-08 0.0 0.0 0.0 0.0 8.359512323969468e-08 0.0 0.0 0.0 0.0 0.0 0.0 2.1305998104109676e-06 5.804057684492482e-07 1.0283089598573235e-06 6.721557094939067e-05 4.69654259850378e-06 0.0001408152043938972 2.92725436371403e-05 4.425720361507575e-05 1.6589211696097663e-05 1.3310032231281607e-06 3.4742712639630697e-06 1.1345318405302174e-06 0.0 1.33649405621675e-07 3.906859186847625e-08 4.916455753201026e-07 0.0 1.7118968913165719e-07 0.0 2.237855752521615e-06 6.392778463192412e-07 1.0898320335243725e-05 2.7846680126679573e-06
6.9669610506087e-07 0.0009017873233871683 0.0003085753724329387 1.113757484365353e-05 0.000612073433304851 9.118986505633359e-07 0.0008195387423863736 0.00019781893338493718 0.0 3.44646952491341e-05 0.0005728414753138637 1.1237635610484268e-05 0.0001936716891989945 0.000644726477772612 3.7522160018612096e-07 3.971139572906128e-07 0.0 0.0 0.0 4.070932809139452e-08 5.8785119048469463e-08 0.0 1.739735904237375e-07 0.0 0.0 0.0 9.900715787285892e-08 0.0 0.0 4.740439994129881e-08 1.9965985224121446e-06 2.2789661879699464e-07 1.5874398825314463e-06 0.0 0.0 0.0 1.049329323246677e-06 1.9677263570346728e-07 1.3696987967270907e-07 0.0 0.0 0.0 3.461174015881956e-08 0.0 0.0 0.0 2.291062764344444e-06 4.485904947414084e-08 3.607692039821587e-08 0.0 0.0 0.0 0.0 0.0 1.8507691963456554e-07 1.6304185624827898e-07 6.983722476418321e-07 1.5505764644356201e-06 6.616820938032682e-07 3.3355636219037533e-07 0.0 4.2142131602355496e-07 0.0 7.935952778585449e-07 1.8349038517569658e-07 8.502055421851792e-08 1.1920430393363742e-07 1.338964732165272e-07 9.665016780019747e-08 4.4349458297419256e-07 2.7701524363340884e-06 0.0 0.0 3.0926319720713598e-06 2.011654198487934e-06 2.300296126194221e-06 3.3052579411173756e-06 1.466573316401427e-07 1.8342952927880522e-07 9.03833383213481e-07 4.1800771661948726e-08 4.154388247600272e-07 1.8882202293078547e-07 0.0 7.268321655972723e-08 3.7415782636581185e-08 3.76149775326716e-08 0.0 3.14604670206156e-08 0.0 0.0 0.0 6.664443984912536e-08 0.0 3.8632770547386504e-08 1.650342885846367e-06 3.1519399167719e-07 0.0 1.0481717479328204e-07 1.9207360866565467e-07 0.0 5.2765999172892554e-08 5.723447594843583e-07 0.0 4.025969692538391e-07 0.0 9.024592576467959e-07 9.054350495670156e-07 3.5250498228620394e-07 4.638700123352757e-07 6.922499675778122e-07 1.2527070260955387e-06 3.468273013424496e-06 1.7754278081226053e-06 2.1869647462541673e-06 0.0 0.0 0.0 0.0 0.0 0.0 0.0 0.0 0.0 0.0 0.0 0.0 0.0 0.0 0.0 0.0 0.0 0.0 0.0 5.612377667621901e-07 1.025360593886683e-06 0.0 0.0 0.0 8.819769623271474e-07 1.0184969159975735e-07 7.281380627349285e-07 1.7148107968757518e-07 0.0 0.0 0.0 0.0 0.0 0.0 0.0 0.0 0.0 0.0 0.0 0.0 0.0 0.0 0.0 0.0 0.0 0.0 0.0 0.0 0.0 0.0 0.0 1.5472377378413966e-06 5.7048244096286617e-08 0.0 0.0 0.0 0.0 0.0 0.0 0.0 0.0 1.470377718520952e-06 0.0 0.0 0.0 0.0 1.389100183915629e-06 0.0 2.305322145186528e-07 0.0 9.8145936896479e-08 0.0 0.0 0.0 0.0 0.0 0.0 0.0 0.0 0.0 0.0 0.0 8.668068462187709e-07 1.124469556416283e-07 7.690472488602245e-07 6.603529286551231e-06 1.3570755133939207e-07 8.460072157264712e-06 1.4065738977508283e-06 5.181074879810292e-06 2.5387623847922986e-06 0.0 1.874145064248946e-07 1.7211260792989477e-07 0.0 1.1699297988285508e-07 0.0 4.6957930057256394e-07 0.0 0.0 0.0 2.642137576166879e-07 0.0 3.42401615809655e-06 1.002898000027286e-06
0.000550075731547255 0.0007384291214166128 1.1056232061488654e-05 0.0008973155976556862 6.893379509536846e-05 0.0005596420836150681 0.0009008308269796816 8.0136956293733e-06 3.44646952491341e-05 0.0 9.495186900479671e-06 0.0010253112732460142 0.0037809354514247357 0.0002863547592512459 1.5035485024745416e-06 1.4622221994152457e-06 0.0 0.0 0.0 2.1740648726908392e-07 5.707991217745301e-08 0.0 1.0411827987602059e-06 5.305525826085523e-07 5.304785744784031e-07 2.8454897612127064e-07 1.2440258597513878e-07 0.0 0.0 0.0 1.099178676865972e-05 2.704956328473006e-07 4.956190599628544e-05 0.0 5.6861155040996e-07 1.100510114236323e-06 2.5061025550236866e-05 1.9497588883388076e-06 4.553009422866438e-07 2.543654459698745e-07 5.684192371940002e-08 0.0 1.0745346941018256e-07 3.5841048129943143e-07 1.2993374044319714e-07 0.0 1.4358565707887807e-05 7.101856284134624e-07 2.649563614424046e-07 0.0 4.1177393838424896e-07 0.0 4.2804145980213047e-07 0.0 1.2568276019213421e-06 1.5233423404710386e-06 1.519689412680458e-05 3.506755947983413e-05 5.796791963051878e-06 3.0586374994412406e-06 8.099164744310374e-08 6.373332870067127e-06 0.0 2.9672122009578337e-06 1.2864988321080845e-06 6.485018007139887e-07 8.405593640451497e-07 4.3278815149546987e-07 1.8607760759455893e-07 3.3866273463149716e-07 0.00012069133764555729 1.1148470171888215e-06 0.0 2.279085904824147e-05 1.769781375272737e-05 2.0433957042881924e-05 1.2125823801110393e-05 4.997898763445003e-07 1.402634088741447e-07 3.7238636097514708e-06 1.200591860927032e-07 2.4261024351368886e-06 1.797645362808691e-06 1.98086428732024e-07 2.561885710963118e-07 1.1091666664652414e-06 1.0190744310150257e-07 0.0 2.6999549691053885e-07 0.0 8.228744148116384e-08 9.087714356748455e-08 9.6409656817921e-08 4.55129586175927e-08 0.0 0.0001549378704075627 2.2076151899179043e-05 0.0 1.8077596089712235e-06 0.0002675805165740134 2.0162718676181886e-06 1.6622112511447178e-05 5.746970655936123e-05 1.011858465714595e-05 2.060128864498742e-05 8.239182132307193e-06 7.864902953672314e-05 1.9166038597594524e-05 2.8395919734520086e-05 7.162196909618809e-05 4.297886607527316e-05 7.388595626876363e-05 0.00012533755893493642 6.826685914597456e-05 6.283549192640523e-05 8.120712822367821e-08 1.400608040194068e-07 0.0 0.0 0.0 0.0 0.0 0.0 0.0 0.0 0.0 0.0 0.0 0.0 0.0 0.0 0.0 0.0 0.0 8.782821265023635e-06 2.6167791010940673e-05 0.0 0.0 0.0 2.0446350376677667e-05 2.2522614267659584e-06 2.4734954479617506e-05 2.98496142579891e-06 9.956482556569897e-07 0.0 1.1851173775659584e-07 0.0 0.0 0.0 5.2470932102932316e-08 0.0 0.0 2.2928764137516654e-07 0.0 0.0 1.0889017698247392e-07 9.654852015108558e-07 5.394974242489183e-08 5.408566682229552e-07 1.202849032505711e-07 3.330596329615855e-08 1.9801172820798344e-07 6.790598997071666e-07 1.5550298541758206e-06 0.0 0.0 2.7836698052984728e-05 1.2001254735037857e-06 0.0 3.6558657511388866e-08 9.822511035007044e-08 0.0 0.0 0.0 0.0 0.0 2.2863945426585077e-05 9.66447365714957e-07 0.0 0.0 0.0 6.096421200108092e-05 8.415859858946467e-08 6.199891493246437e-06 3.074665117753173e-07 5.23730978213031e-07 1.0292881185931774e-07 0.0 3.26071168139627e-08 0.0 0.0 0.0 1.330860180401447e-07 1.7754626813698597e-07 0.0 0.0 0.0 1.644494413434238e-05 2.3522321011239455e-06 7.4263711555993065e-06 7.906322222476472e-05 2.082424086925506e-06 8.09771215328723e-05 1.2444676239575106e-05 0.0005837650793254857 1.4555649114674799e-05 1.1571688256560883e-05 4.628068135594706e-06 5.3442859841061965e-06 0.0 3.3940769357164676e-06 3.062168568507504e-06 5.404105197006972e-05 4.987967006956935e-07 3.877371892885961e-06 2.181829238008129e-06 6.428148998791838e-07 8.973530412381004e-07 0.00047277953892257247 4.32798167119387e-05
4.432064741052652e-05 0.0007605715778552538 0.0013829437691090783 3.689707318492686e-06 0.0007071202853782465 3.1958187705446876e-07 0.00021594354510679812 0.0009947275871649037 0.0005728414753138637 9.495186900479671e-06 0.0 3.879979723612581e-05 0.00035695469256074886 0.0017923852330696847 5.169518393425687e-06 6.252399001950609e-06 3.8429112148704267e-07 8.637073205845788e-08 0.0 1.3651543523141792e-07 7.497450397825861e-07 0.0 3.067248200891587e-06 8.756522334408153e-07 4.09567399978005e-06 9.575724818630105e-07 1.2568954272666034e-06 3.12491425537939e-07 3.3739877120838067e-07 2.627948572450359e-07 0.0001169281998257064 1.3148802517752437e-05 0.00023751191274651377 1.264131157974622e-07 1.8923699311865475e-06 2.7967535237428967e-06 4.454607311282496e-05 5.626859267894967e-06 1.128192967954586e-06 1.7050606913878498e-06 5.669729466301997e-08 1.8230867684658893e-07 3.675162476326879e-07 4.957882524889413e-07 9.306308959428148e-08 2.3162879090589369e-07 1.4451013470606688e-05 3.1964654599377526e-07 4.493410432181589e-08 1.4712859182603184e-07 5.901002548785626e-07 0.0 6.035274432768901e-08 1.3827307549898676e-07 8.130242730344929e-07 8.575842701104542e-07 2.591330593360937e-06 1.992155958071646e-05 2.1063693594107616e-06 2.6998065530119977e-06 2.637182181351478e-07 1.706574659716242e-05 2.1297234802946513e-07 8.428060336663432e-06 8.766644287922403e-07 6.977728003164732e-07 4.5063505588601983e-07 1.8798390288017117e-06 2.627683853687294e-06 2.696373316276958e-06 4.367932731429294e-05 4.663166007780038e-07 0.0 1.2931238015145078e-05 1.3343974910898258e-05 1.5479642517983647e-05 1.5682007115291927e-05 2.3399185226527184e-06 2.0302015051339962e-05 0.0003350212636258314 1.9926072227021185e-07 2.6560946737643586e-05 8.306392417248559e-07 4.602588271195129e-08 6.844573343859765e-07 6.341943976420679e-07 2.4684176066998933e-07 3.5508699062149094e-08 1.7645637188799154e-07 0.0 8.461208408146987e-08 0.0 6.326809286174396e-07 1.0572420428945223e-07 1.2604164159879997e-07 1.3433530313535476e-05 5.167130200118465e-07 0.0 4.440065903780472e-07 1.1492023102535692e-05 3.84410424530246e-08 3.973204824600588e-08 3.2167765584297865e-07 0.0 8.174440020294176e-07 4.591105909964997e-08 2.3395305317716084e-07 4.498362933895754e-07 2.0852793340444637e-07 3.0862892084371e-07 9.486230080099923e-07 9.742530731238371e-07 2.2567341352709266e-06 1.9954226783017215e-06 2.708077659638758e-06 0.0 0.0 0.0 0.0 0.0 0.0 0.0 0.0 0.0 0.0 0.0 0.0 0.0 0.0 0.0 0.0 0.0 7.969040852350456e-08 0.0 6.661619115356555e-07 6.984950289078696e-07 0.0 0.0 0.0 8.868881902139086e-07 1.4387606339525432e-07 1.7973889495216446e-06 4.907689396402849e-07 4.2136670467438695e-08 0.0 0.0 0.0 0.0 0.0 0.0 0.0 0.0 0.0 0.0 0.0 0.0 0.0 0.0 0.0 0.0 0.0 0.0 8.467211105609707e-08 0.0 0.0 0.0 1.4595896365738719e-06 0.0 0.0 0.0 4.179860996271082e-08 7.433757961453312e-08 0.0 0.0 0.0 0.0 1.5994135248581554e-06 4.3092707148136073e-08 4.536364533775131e-08 0.0 1.7493718492507867e-07 1.7371795014733618e-06 0.0 1.4479434673016377e-07 0.0 0.0 0.0 0.0 0.0 0.0 0.0 0.0 0.0 0.0 0.0 0.0 0.0 1.48347732009116e-06 3.008697988660753e-07 2.4750414757526446e-07 2.7650795595039245e-05 9.218981413777542e-07 3.97428293975127e-05 7.83677146251955e-06 1.5563228883903418e-05 6.771933231257773e-06 7.713944446474666e-07 1.3974221928707596e-06 2.942064893669282e-07 0.0 3.102835862113417e-07 5.4433592477169524e-08 1.9708821128544536e-07 0.0 4.5422346036755836e-08 0.0 8.24756250389107e-07 2.4755818680553644e-07 4.776626033204817e-06 9.502315560436565e-07
