0.0 0.0009601142905935961 0.00011293415134186092 0.000378199717911155 3.600423385025891e-05 2.0394459078120297e-05 0.0002176380298783513 3.6660292135846265e-06 5.171132458209929e-06 0.00040076751388701596 1.8101590909470638e-05 0.00018258806070811168 1.939074429305731e-05 6.948600571179835e-06 2.8696144511683876e-06 8.87308612612144e-07 5.262178073585934e-07 2.2781236106578454e-07 2.0213940921035334e-07 7.35486346968637e-08 0.0 1.1324082681233286e-07 0.0 0.0 7.824356594015849e-07 0.0 3.826381114760245e-07 0.0 0.0 0.0 0.0006513996950560299 3.1784540421719626e-06 1.5732747160474843e-06 0.0 2.181407727143466e-07 1.8967002069422463e-07 3.7612868211573565e-06 0.0 2.9203271076569503e-06 4.548731995753861e-07 1.321100007131965e-07 5.999043957430067e-08 0.0 1.5805848250044456e-07 1.176648944954234e-07 1.1359996592799742e-07 9.400047144955003e-06 1.47696247331114e-06 0.0 3.7092622964113254e-08 2.3221074061866942e-07 2.8267558543745145e-07 1.4895909376806536e-06 2.9763775963643476e-07 4.687410964390357e-06 8.160685723755647e-06 9.335688311314701e-05 0.0013616780359521727 3.834756214751857e-06 1.0452391777518589e-05 8.5551129170436e-07 5.147767923819537e-06 2.851599171236749e-07 0.00023605858494309007 1.5130743417864894e-05 6.061566277382954e-06 1.5924203708173673e-06 9.023412844215267e-07 1.2167394313453174e-07 0.0 2.9023950140261035e-05 1.0873514299250667e-05 1.705630553266099e-06 0.00016158358839434426 9.912395370880269e-05 3.671402476734206e-05 9.717109656681837e-06 9.671294392746267e-06 2.6831913441712e-06 1.2534920585307415e-06 0.0 1.5621321835851926e-06 1.29857605872026e-05 1.306510028654627e-07 3.644254724983242e-06 3.63329013320947e-06 8.094031281169777e-07 9.107338494100796e-08 1.004818465866359e-06 1.5820780712494556e-07 9.232139199375565e-08 8.689379789911613e-08 6.045729660542833e-08 1.795784698911515e-07 0.0 3.550668030606049e-05 0.00022339760614341212 7.894829256513227e-06 1.9723606401034327e-05 0.0004309600756326746 0.0 1.6596752615371742e-06 6.6331721103649206e-06 1.7384484258426266e-06 5.675650186429034e-08 8.10605040916572e-06 1.5435446300116384e-07 6.3183560347858246e-06 2.9720043479379898e-06 9.19376971876682e-06 5.346998656152555e-06 8.402394637692127e-06 3.38139994507134e-06 1.1886305191758049e-06 5.693848236857412e-06 0.0 0.0 0.0 0.0 0.0 0.0 0.0 0.0 0.0 0.0 0.0 0.0 4.5015990040286974e-07 0.0 8.028956651262564e-08 7.931780763328112e-08 1.2943672751578828e-07 6.031421262083326e-08 0.0 2.6849995906547947e-07 7.552384230040196e-07 0.0 2.8092226977722116e-07 0.0 1.2406549559738867e-06 3.1312705719883714e-07 1.5225865933722924e-06 4.997764799211846e-07 1.3589762096797992e-06 0.0 0.0 0.0 0.0 0.0 0.0 0.0 0.0 7.581690025852399e-08 0.0 0.0 0.0 3.91803291870613e-07 1.636199260449975e-07 0.0 0.0 0.0 0.0 4.7067279949007906e-08 0.0 0.0 0.0 1.1894736541792264e-06 0.0 0.0 3.729953883744624e-08 4.0131272252594083e-08 0.0 0.0 7.31215429645844e-08 0.0 0.0 1.0788373655773875e-06 0.0 0.0 0.0 0.0 3.071967691159592e-06 0.0 1.5855955861286478e-07 0.0 0.0 0.0 0.0 5.739992906172771e-08 0.0 0.0 0.0 0.0 0.0 0.0 0.0 0.0 2.5613700295895427e-06 2.3742808414689646e-06 1.8920583141756059e-06 0.00032965811083448025 3.663702552416847e-06 9.684962769609446e-05 1.4993714019288878e-05 0.0009135322062926188 8.836561591942657e-06 0.0 2.1525115492718055e-05 9.415184102144675e-05 1.6879382328624614e-07 2.312403412680419e-07 1.871679088642411e-07 6.191136801213437e-06 2.9402073165255385e-07 0.0 5.436256549897639e-06 1.183354111270594e-06 0.0 0.00021360451109285881 1.1345207485507086e-06
0.0009601142905935961 0.0 0.0006879550623640335 0.0003314750856426824 0.0009343829861825672 0.0001536221148532333 0.0014515288635180968 0.00010503629264127793 0.00016890694389554075 0.001182442786770085 0.00010314178640586711 0.0004914285167420651 0.0006644878834419037 0.0005045622103863463 1.0021122426032773e-05 1.7161289402893665e-06 5.375421685416659e-07 1.5257097752980894e-07 3.576425310619814e-07 1.6928818237403482e-07 2.547778216363341e-07 3.2725576333983143e-07 0.0 0.0 5.079242908969968e-06 5.909303848743195e-07 1.196289206165513e-06 1.8609034127283396e-07 1.6901035846653916e-07 6.76786953974797e-08 0.0016631503170079862 5.565424347975212e-05 4.431673333802296e-05 4.372550669315226e-07 4.3913584702054355e-06 2.7067303453061166e-06 1.7951323453636686e-05 2.1331607280598822e-07 6.457158603271636e-06 2.1202579943458255e-06 3.799294575514927e-07 1.4023981387407379e-07 0.0 2.3360329489001943e-06 4.64977000794904e-07 2.042070189604253e-06 2.9018513425231145e-05 1.8194926956956036e-06 1.0095545105772757e-07 1.6608818524347748e-07 0.0 3.551932429690756e-07 2.240161134836198e-07 3.086465269322645e-07 4.539778535389339e-06 1.0788447279200977e-05 3.845311566394818e-05 0.0007379647279133828 4.588721866026391e-06 3.179375616852059e-05 5.736571309525836e-06 1.724301825225538e-05 4.811209583401245e-06 0.0002797508010837475 2.080539971367958e-05 8.375675042942976e-06 2.727591388183073e-06 1.2703513689386255e-06 1.7722724742626774e-07 2.534760087610743e-07 0.00014288347256737416 2.520648912427652e-07 6.609340429448066e-08 0.00024410374447592458 7.762297765252771e-05 0.00014281064751710157 1.7285916275382046e-05 3.813011113224847e-05 3.498241079496584e-05 9.963949692175699e-06 6.017299313276438e-07 4.134055553008355e-06 1.798887424510743e-05 2.1116235944835497e-07 6.4004010845091836e-06 5.3297292847663335e-06 7.709264865964489e-07 1.7806668495131882e-07 1.7051849576517262e-06 8.168637416667607e-08 2.3799203937860333e-07 3.862215506722499e-08 3.5028528933316475e-07 6.387545961783956e-08 9.599265821089966e-08 0.0002495782326736718 4.2752053621156445e-05 0.0 2.01961555223853e-05 0.00011068362622279057 0.0 3.529166952757352e-06 1.6931981497942695e-05 3.175026772882296e-06 6.616655426845213e-07 2.0984797994712757e-05 2.7670225672751148e-06 1.4516227694279843e-05 8.113326658162183e-06 2.9016998862601912e-05 2.069470066139014e-05 3.2903558255433776e-05 1.3324460636083435e-05 6.312272671464857e-06 3.500127172008195e-05 0.0 0.0 0.0 0.0 0.0 0.0 0.0 0.0 0.0 0.0 0.0 0.0 2.784135838380238e-07 0.0 6.121463838425996e-08 0.0 2.0560583732446774e-07 1.2612310529916985e-07 0.0 4.6625345900926605e-07 3.024156298269133e-06 0.0 0.0 3.102235875730036e-07 9.32208977116972e-06 2.482831001047747e-07 7.618645285113123e-06 3.3806574628314504e-07 1.1291852103075524e-06 0.0 0.0 0.0 0.0 0.0 0.0 0.0 0.0 0.0 0.0 0.0 0.0 2.8272418767296045e-07 6.388999301646948e-08 9.125757726292792e-08 0.0 2.386148647689057e-07 0.0 2.1501266936788416e-07 0.0 0.0 0.0 3.920644976466293e-06 6.669759937751257e-08 0.0 1.1691653806541689e-07 2.575476177081529e-07 4.9245772641370194e-08 0.0 0.0 0.0 0.0 1.1046579637172865e-05 0.0 5.927669799135876e-08 0.0 0.0 7.94601150741284e-06 0.0 0.0 0.0 6.65362955094107e-08 0.0 0.0 0.0 0.0 0.0 0.0 0.0 1.4139350408014046e-07 0.0 0.0 0.0 1.4139799272360532e-05 1.2227032964894576e-05 6.473356684351337e-06 0.00026873979868606205 6.650330821243876e-06 0.0004117839245192537 0.00012844291580540844 0.0006754364864653724 2.0791988265207253e-05 4.3575825146556874e-07 0.00011146830899627197 0.00014116173112609115 0.0 7.789371046344726e-08 0.0 1.3073101757997563e-05 0.0 0.0 7.121878691836487e-06 1.0999617051928561e-05 8.331318036626567e-08 0.0002056574676481823 5.146991398394254e-07
0.00011293415134186092 0.0006879550623640335 0.0 1.6565040563665351e-06 0.0007255018276912564 7.30343685907399e-07 0.00011041744573331575 0.0004969964489947087 0.0002772439265718179 4.944103779333809e-06 0.0004243658400509863 4.256727812004886e-05 0.0001299003581580716 0.0005498093900072768 6.800965595352785e-06 1.7131335174179912e-06 5.274336210644816e-06 1.8494464113796568e-06 4.609457837758128e-06 9.589586123204699e-07 2.217257176527548e-06 1.448048892372552e-06 6.909233409033677e-08 1.1867346472186755e-06 3.784206691815192e-05 3.5994062673581194e-06 8.25944414342619e-06 4.5656617927786506e-07 5.70031672791308e-07 1.220636251072061e-06 0.0010252351491384295 0.0005260035630867942 0.0002611514640167404 1.215172938750042e-05 3.328700479911821e-05 1.877721321272618e-05 8.329286937734769e-05 2.4011429485410378e-06 2.0173743478944342e-05 1.1180114849063253e-05 1.3217064961906763e-06 9.905663211139552e-07 4.906894339505971e-07 1.617630403511103e-05 1.2567170174880223e-05 3.146248880971562e-05 1.3313095749218202e-05 6.032256107992521e-07 9.489613710350822e-07 1.0396850859229722e-06 1.6830231151331765e-07 1.4313156003825908e-06 6.029385853375557e-07 5.222465213702367e-07 1.4350798385756903e-06 3.2356071196623574e-06 8.418418937288412e-06 0.00016495700795348515 1.0630269260779375e-06 1.1579214647274663e-05 5.387816821311404e-05 9.280236561619426e-05 3.116797913143866e-05 0.0004697223231203395 6.230205440535773e-06 2.200327454624965e-06 7.558052402085782e-07 7.001449985394295e-07 1.8425270368391636e-06 2.34656120524576e-06 0.00015748652661080493 2.3528734311179226e-07 1.1635548511603857e-07 6.565835339737823e-05 2.6190647532149423e-05 6.543753523989984e-05 9.765942523961606e-05 0.0001368342511277208 0.0004273506980686761 0.00020409046388476722 8.508413120271953e-06 6.854119129911593e-05 5.30893067210767e-06 4.6541666358719333e-08 1.3568512186566241e-06 1.5987901604546275e-06 7.587340168568367e-07 4.1268094774875156e-08 3.8446232784142163e-07 0.0 1.8118764619139454e-07 3.3382664046653125e-07 4.202632446154544e-06 1.696717809137627e-06 4.3923782779811077e-07 4.051393406604246e-05 3.532893176182245e-05 5.732170668977757e-08 3.3975011562486793e-05 1.0341441221577744e-05 0.0 3.152666439171061e-07 8.141666822135515e-07 3.7009336988979323e-07 0.0 1.6633325806753509e-06 4.7097372805676827e-07 7.810477564774059e-07 4.901310890651592e-07 3.019813106054465e-06 2.613329333602136e-06 2.3175922097700864e-06 1.0075634642809593e-06 4.20235258845072e-07 3.958641480815343e-06 0.0 0.0 0.0 0.0 0.0 0.0 0.0 0.0 0.0 5.6579220785390075e-08 0.0 0.0 1.6827262175141655e-07 1.8019993941723472e-07 2.701153063801685e-07 1.2636898944306022e-07 2.3771453061792618e-07 1.3049586268281105e-07 0.0 0.0 1.4571013601410542e-07 0.0 7.500523596297779e-08 0.0 8.797132518104653e-07 5.009816416646081e-08 1.6158236407827036e-06 4.178986357397802e-07 3.1694017246478743e-07 7.554263457847909e-08 0.0 0.0 0.0 0.0 0.0 0.0 0.0 0.0 0.0 0.0 0.0 4.052775040305435e-07 1.579557629601028e-07 0.0 0.0 4.214473061800296e-08 0.0 0.0 0.0 0.0 0.0 6.139989084541937e-07 0.0 0.0 0.0 7.043065086132322e-08 0.0 0.0 0.0 0.0 5.02939692821927e-08 6.034981541652892e-07 0.0 0.0 0.0 6.283251420249278e-08 4.1555450041381483e-07 0.0 7.10473876883821e-08 0.0 0.0 0.0 0.0 0.0 0.0 4.885688513183833e-08 0.0 0.0 0.0 0.0 0.0 0.0 1.0464479057846285e-06 1.5644134947593395e-06 1.6285001833645283e-06 4.5139776262301505e-05 3.797721399241951e-06 0.00016257601340741976 5.2743496296696386e-05 4.448182841319014e-05 3.5045985062173137e-06 1.4067099701824678e-07 1.3674370409659867e-05 6.012679473458099e-06 0.0 0.0 6.13069947245701e-08 2.434881119453047e-07 0.0 0.0 6.181683265144419e-08 4.960984996110074e-06 2.9559053658747167e-07 2.2033117912908753e-05 5.368905951654202e-07
0.000378199717911155 0.0003314750856426824 1.6565040563665351e-06 0.0 9.809246695115765e-06 4.991852454342887e-05 0.0003633157206370191 0.0 1.6053097492688652e-06 0.0006439407406296534 1.6288725366595825e-07 0.0007886163538532769 0.00023855188200296067 2.9329955641577316e-05 4.579902654542052e-08 9.935384561012433e-08 0.0 0.0 0.0 0.0 0.0 0.0 0.0 0.0 0.0 0.0 0.0 0.0 0.0 0.0 4.081412969650876e-05 2.513013344755129e-07 2.5932444258814374e-06 0.0 0.0 0.0 2.3642970195748485e-06 0.0 0.0 0.0 0.0 0.0 0.0 0.0 0.0 4.6035152131431056e-08 9.070400721824002e-07 5.4421934542314586e-08 0.0 0.0 0.0 0.0 0.0 0.0 1.5547855505777658e-07 5.669452641018326e-07 5.519950761089964e-06 7.237147949053253e-05 1.7878832719171055e-07 1.1478630900895862e-06 0.0 0.0 0.0 5.466584168959354e-06 9.593660128733397e-07 3.722014602487016e-07 7.729989690293644e-08 2.0141704506387736e-07 0.0 0.0 3.013697261357103e-05 0.0 0.0 1.2501464401172499e-05 6.95611915708623e-06 2.7073661503479437e-06 5.235987907169375e-07 1.5739525602091006e-07 9.373709013442665e-08 0.0 0.0 0.0 7.606017124896933e-07 5.816449723039755e-08 3.234560747941484e-07 3.196105030703904e-07 3.804735292176509e-08 0.0 8.21101733476016e-08 0.0 0.0 0.0 0.0 0.0 0.0 2.014416898382439e-05 9.22298840579969e-06 0.0 1.6784214805403506e-06 5.7442049760568526e-05 0.0 2.882982004452745e-07 7.516254919287792e-07 1.9683880829007585e-07 0.0 1.1536530920320074e-06 7.333708323370044e-08 1.2615820239415674e-06 9.150642488626155e-07 1.7780788784976526e-06 6.76798196654322e-07 5.535611066110877e-06 1.1303592604638935e-06 1.6760140300198494e-07 3.6429639074339e-07 0.0 0.0 0.0 0.0 0.0 0.0 0.0 0.0 0.0 0.0 0.0 0.0 0.0 0.0 0.0 0.0 0.0 0.0 0.0 0.0 0.0 0.0 0.0 0.0 1.0225250008573099e-07 0.0 4.141896911553359e-07 0.0 0.0 0.0 0.0 0.0 0.0 0.0 0.0 0.0 0.0 0.0 0.0 0.0 0.0 0.0 0.0 0.0 0.0 0.0 0.0 0.0 0.0 0.0 0.0 1.865746229914264e-07 0.0 0.0 0.0 0.0 0.0 0.0 0.0 0.0 0.0 1.5409802876784945e-07 0.0 0.0 0.0 0.0 3.405715702494907e-07 0.0 0.0 0.0 0.0 0.0 0.0 0.0 0.0 0.0 0.0 0.0 0.0 0.0 0.0 0.0 0.0 5.167990803550274e-08 0.0 3.26240348930679e-05 3.874887047264704e-07 8.297848114289068e-06 1.1526073029662988e-06 0.000318919026797065 4.91867133946836e-07 0.0 2.5282586453900542e-06 1.3141093416172802e-05 0.0 0.0 0.0 6.064173444870684e-07 0.0 0.0 3.3407491386304564e-07 0.0 0.0 8.67324995497481e-05 0.0
3.600423385025891e-05 0.0009343829861825672 0.0007255018276912564 9.809246695115765e-06 0.0 4.801134467871207e-06 0.0004384145162258275 0.00017526944723575123 0.000726508691837418 5.2104104044904746e-05 0.00020140655088736218 0.00013131305005827343 0.000651008132107582 0.001633195061084167 1.0232931199244347e-06 7.188811291799157e-07 2.518218983877097e-07 1.4457879191616918e-07 8.478596405505998e-08 0.0 0.0 9.120337933914159e-08 0.0 1.8859074544680093e-07 8.768767948575374e-07 3.6142886984185287e-07 3.562493695833311e-07 0.0 0.0 0.0 8.420361258222089e-05 2.9236540649813885e-05 2.2563920322273984e-05 3.6349776839583263e-07 7.249803304607632e-07 4.940832170585491e-07 6.757935701605062e-06 0.0 1.3003761538947487e-06 3.3382527727331634e-07 0.0 1.4695164957659283e-07 0.0 2.797533938919003e-07 0.0 3.042110260157586e-07 4.998372431593899e-06 2.3199939436738795e-07 0.0 0.0 0.0 0.0 0.0 0.0 3.1628621350041553e-07 5.682095232027204e-07 1.7185269840437855e-06 1.7157246530939033e-05 2.1567542312719092e-07 3.2748332572717364e-06 1.1082027278027857e-06 1.612215026485977e-06 1.3679943667545615e-07 1.7311544483718248e-05 1.6500097709102245e-06 7.126559754421066e-07 1.1236087459861503e-07 7.570227476453911e-08 0.0 0.0 2.6987495958574903e-05 0.0 0.0 1.798502569048239e-05 4.072350014822314e-06 1.614000915501498e-05 3.4728257117939043e-06 3.3719782021860114e-06 2.4395179771995876e-06 6.964437611269467e-06 3.8010748252346455e-08 2.8924985588919706e-07 2.3971404227081727e-06 4.141105416654197e-08 7.165979051378701e-07 4.711235950269569e-07 1.5914133796230636e-07 0.0 1.0593562095354769e-07 0.0 0.0 0.0 0.0 5.954497588185213e-08 0.0 3.5086946185624306e-05 8.670937225861555e-06 0.0 5.040303236154108e-06 9.842763350794848e-07 0.0 6.156110273462419e-07 4.308613851344724e-06 9.687127031773932e-07 4.709569666434215e-07 3.3783650812091794e-06 1.0000690750541287e-06 3.4817304123495085e-06 2.066757695680723e-06 8.301482255478092e-06 4.717586118352879e-06 7.745681935078165e-06 2.399356469174907e-06 1.4183280078909066e-06 7.0809334723061615e-06 0.0 0.0 0.0 0.0 0.0 0.0 0.0 0.0 0.0 0.0 0.0 0.0 0.0 0.0 0.0 0.0 0.0 5.426601382161247e-08 0.0 1.466890516578282e-07 6.726420074314549e-07 0.0 0.0 0.0 1.9035950403403737e-06 1.6274058946692512e-07 1.3811456853474527e-06 2.424837097187601e-07 3.6312428643542837e-07 0.0 0.0 0.0 0.0 0.0 0.0 0.0 0.0 0.0 0.0 0.0 0.0 9.903256442215662e-08 0.0 0.0 0.0 3.413658245155637e-08 0.0 0.0 0.0 0.0 1.5200473565141898e-07 7.716623177726687e-07 0.0 0.0 5.5917830219298184e-08 4.3897174127735535e-08 0.0 0.0 0.0 0.0 0.0 1.51050648446697e-06 0.0 0.0 0.0 0.0 2.3938586596362057e-06 0.0 0.0 5.712138324814783e-08 0.0 0.0 0.0 0.0 0.0 0.0 0.0 0.0 0.0 0.0 0.0 0.0 3.434211472042121e-06 3.7167127849534395e-06 1.3783750317831279e-06 2.8705367565493633e-05 6.855580945758209e-07 6.351669940392776e-05 2.3451840517596905e-05 2.959421846632605e-05 1.991643092778231e-06 0.0 1.1227289117692643e-05 3.097655985534787e-05 0.0 0.0 0.0 2.787701306878813e-06 0.0 0.0 2.17804135081523e-06 1.8441015506538696e-06 0.0 1.136398482342634e-05 8.73765222061055e-08
2.0394459078120297e-05 0.0001536221148532333 7.30343685907399e-07 4.991852454342887e-05 4.801134467871207e-06 0.0 7.40204731364875e-05 7.599949485936409e-08 1.2247643006156341e-06 4.983798461109144e-05 4.628341490090154e-07 3.219433463193991e-05 6.200403359942142e-06 3.4408759441094175e-06 8.220836356855188e-08 0.0 5.09869419568958e-07 0.0 0.0 0.0 0.0 1.0952773694787588e-06 0.0 0.0 1.3457182651918159e-06 2.2518144579948153e-07 4.663625950854124e-07 0.0 7.634607793945996e-07 0.0 1.3947838075663842e-05 0.0 2.899372643903047e-06 0.0 3.7737395032276067e-07 3.328697418590284e-06 1.0259431638697208e-05 1.89696449053004e-07 1.224520138785752e-05 1.191279775254045e-06 1.4464404929458615e-07 0.0 0.0 0.0 0.0 0.0 2.1885123823617523e-07 4.838328542459392e-08 0.0 0.0 0.0 1.5230180623473008e-06 3.6560098863704582e-06 1.7288803485630745e-07 2.2996399665311443e-07 3.9573001756463276e-07 5.4802629989859916e-05 9.444172412455825e-05 7.379465809167389e-07 1.4328538539906798e-07 2.6745199182222488e-06 1.1948266449600314e-05 1.0240207756058629e-07 1.7561749946435398e-07 6.029601582366313e-07 2.581048522507303e-07 1.469720681588333e-07 4.635523869308677e-08 0.0 0.0 3.129506020244712e-05 4.151933340246278e-05 7.776564139250484e-06 5.551962286557379e-06 2.26245939928218e-06 4.4640652378151476e-07 3.195877538674921e-07 1.375137865650477e-07 8.029516586540085e-08 2.313165320423621e-06 0.0 2.8870556508606504e-06 4.983540647558824e-07 0.0 2.0439764137679204e-07 2.088694171579065e-07 0.0 7.506175864422524e-07 2.3490227767355916e-07 1.6879690769411974e-06 1.962825741554223e-07 3.802876035882292e-07 0.0 0.0 7.023312892833008e-08 1.5753019976318325e-05 0.0004836487850658063 4.596048068725184e-05 6.316463538930602e-05 0.00019243197826214234 0.0 4.658203007007306e-07 5.221370444957866e-07 7.771882596616676e-08 0.0 6.013719538578105e-07 1.6037626642208622e-07 7.874390842010121e-07 4.57493535436282e-07 8.216427232994491e-07 4.369027804269115e-07 5.051194644240526e-07 1.9250747805507597e-07 0.0 4.678711479381065e-07 6.41965282649297e-08 0.0 0.0 0.0 0.0 0.0 0.0 0.0 0.0 6.671846502849563e-08 0.0 8.638663139120348e-08 2.0753016044321137e-07 0.0 0.0 0.0 1.291990774986557e-07 1.8640184558043237e-07 7.728143149807103e-08 0.0 6.21072807541693e-08 0.0 2.1518081851804368e-07 1.2857666619661486e-07 1.101701681347869e-07 5.72385229541347e-07 1.4468999843362312e-06 1.2780965747235063e-06 1.5047344275707135e-06 0.0 0.0 0.0 0.0 0.0 0.0 0.0 0.0 0.0 0.0 0.0 0.0 8.969666679728759e-07 0.0 0.0 0.0 5.714364507282679e-08 0.0 0.0 0.0 0.0 6.786121670836197e-08 2.871770619739607e-07 0.0 0.0 0.0 0.0 0.0 0.0 0.0 0.0 0.0 2.3174978709364184e-07 9.005689720042368e-07 0.0 0.0 0.0 1.6510542554146849e-07 0.0 9.046903594906467e-08 0.0 0.0 0.0 0.0 0.0 0.0 0.0 0.0 0.0 0.0 0.0 0.0 0.0 6.682173570931999e-07 1.407260575648363e-06 8.612125981398634e-07 2.6311227538380474e-05 3.113821882062422e-07 5.12098279685463e-06 2.695980170632858e-06 0.00022667219047867125 7.858116660302746e-07 3.1901084097124787e-07 6.319413931352564e-07 1.9275536008321577e-05 0.0 0.0 7.165414059094095e-08 1.041119832123673e-06 0.0 0.0 9.576985673921554e-07 1.7883074668638034e-06 0.0 1.473225678176285e-05 0.0
0.0002176380298783513 0.0014515288635180968 0.00011041744573331575 0.0003633157206370191 0.0004384145162258275 7.40204731364875e-05 0.0 5.52264122811147e-06 0.0001938937914886372 0.000845144052919676 3.3221225442292864e-05 0.0003544144968947161 0.0010626456534683097 0.0007143533489728322 2.528403920744387e-06 6.047800651525107e-07 2.0486356396095788e-07 1.0144537610306987e-07 1.561837730186274e-07 0.0 0.0 0.0 0.0 0.0 2.2903052078322195e-07 0.0 1.8933422443011649e-07 0.0 4.888409769316607e-08 4.649843627711641e-08 3.821407003012336e-05 4.234026961789812e-06 8.130077693650926e-06 0.0 5.776245637214093e-07 7.108003103558215e-08 2.148684200729602e-06 1.1578941180455156e-07 1.3665877382461674e-06 1.2527563153024707e-07 0.0 0.0 5.72820275066296e-08 5.839884406913248e-07 7.971413773802665e-08 7.006122733233165e-08 8.274911241460375e-06 1.883234459772441e-07 0.0 4.758614719868183e-08 0.0 2.667992802529346e-07 2.5983474077595275e-07 0.0 7.75503667994858e-07 1.6338942986064491e-06 4.392112836411981e-06 3.9767771805450294e-05 5.354104531648636e-07 4.9050176292083065e-06 3.377131519607112e-07 1.9065208670678313e-06 1.9460423045751413e-07 2.2976050763498285e-05 3.4740259044781895e-06 1.4089579234323262e-06 2.716456263503265e-07 7.15117528609449e-08 0.0 0.0 6.516047956873526e-05 2.2655886459519837e-07 6.987139168366183e-08 3.353446807042614e-05 7.716260421751606e-06 2.1951114911466427e-05 3.751715438500708e-06 4.81152718909783e-06 1.5203706934854737e-06 3.369913389547178e-06 1.347953594246445e-07 1.0489659508514356e-06 2.5745002076941093e-06 0.0 7.565050750220294e-07 7.652571748920191e-07 0.0 0.0 1.1027998580754068e-07 0.0 0.0 3.803246406683988e-08 0.0 1.0799276746279568e-07 0.0 0.0002255015025541114 2.646333755505626e-05 0.0 8.800440841457321e-06 7.34069341701569e-06 0.0 5.098625446044674e-06 2.4085009224365328e-05 7.384714165341254e-06 9.738945450500661e-07 5.5896227033147404e-05 3.030460440258951e-06 2.2423799648555294e-05 1.8102014976159914e-05 4.5804216441859556e-05 2.7428815386076677e-05 7.959317917450559e-05 2.999403469952634e-05 1.3402850922655895e-05 3.7140779864187226e-05 0.0 0.0 0.0 0.0 0.0 0.0 0.0 3.1369696723961447e-07 0.0 0.0 0.0 0.0 8.666110228313018e-08 0.0 6.522922041518154e-08 9.398743030775069e-08 8.139731490865109e-08 0.0 0.0 4.893832749808404e-07 3.153904801265364e-06 0.0 0.0 0.0 7.794356357531087e-06 2.2220364549845655e-07 7.690095943465255e-06 6.289972585763422e-07 7.012076113149494e-07 0.0 0.0 0.0 0.0 0.0 0.0 0.0 0.0 5.1028089137898304e-08 0.0 0.0 0.0 8.095500268438758e-08 0.0 4.2950187254124304e-08 0.0 0.0 0.0 0.0 0.0 0.0 0.0 4.135244297801233e-06 6.531855354473279e-08 0.0 0.0 5.163520116125031e-08 0.0 0.0 0.0 8.811895680752247e-08 0.0 9.763739018139549e-06 4.2334542080986726e-07 0.0 0.0 0.0 1.0006584926829712e-05 0.0 6.302658601072294e-08 0.0 0.0 0.0 0.0 0.0 0.0 0.0 0.0 0.0 0.0 0.0 0.0 0.0 1.635469454807635e-05 7.411205564477828e-06 5.971927999595691e-06 0.00014671097765326258 2.064105321114778e-06 0.00011005761522217635 5.3231102063001916e-05 0.0001552156762552488 3.716363858793393e-06 2.623809731605264e-07 3.0488843432199554e-05 0.00018695126226122528 1.7254366000263985e-07 0.0 0.0 1.854347438381657e-05 6.305983033557687e-08 0.0 1.3713552947073356e-05 8.392745157256456e-06 9.712989115694438e-07 0.00014450931917421743 5.427697433480009e-07
3.6660292135846265e-06 0.00010503629264127793 0.0004969964489947087 0.0 0.00017526944723575123 7.599949485936409e-08 5.52264122811147e-06 0.0 0.00021179712306919788 6.277225373339797e-07 0.0007044717423511677 9.93886501315997e-06 3.1822151801998476e-05 0.0002826382470329494 7.294540323019683e-06 2.7892202669055137e-06 4.751040407942382e-06 1.8308949311233272e-06 6.398252866066137e-06 2.290920521001848e-06 3.489815122870361e-06 2.2891732810791185e-07 3.010929707225093e-07 6.986326236154368e-07 4.74675875877107e-05 5.955357502924475e-06 1.0342158433440187e-05 1.7463108186055167e-06 8.680545528334439e-07 7.461686148315044e-07 0.0005988040453599134 0.0003071175444635267 0.00026471564486572457 1.8168707309653955e-05 4.184476988185137e-05 2.3751895482647222e-05 5.61434524932003e-05 1.979520270485508e-06 1.7763093005286882e-05 1.2149279124651076e-05 2.1595030810737917e-06 1.4786590735375339e-06 3.0359980975477035e-07 2.722769185996476e-05 2.4660983642700086e-05 6.11930617327384e-05 1.558425952927885e-05 7.837947080693816e-07 7.788738993748742e-07 4.780825864541339e-07 1.8075278389134048e-07 1.2992487601255377e-06 8.223221908336301e-07 5.243255925703579e-07 1.044512361973347e-06 2.7024382691725097e-06 7.171972847042254e-06 7.440718999168799e-05 1.2935048025990982e-06 1.0580364999854238e-05 9.835190083983846e-05 0.00014583749951529518 5.19953879275455e-05 0.000660738269013952 4.894409858755285e-06 2.11320082735569e-06 9.011290208811936e-07 2.2394245341154216e-07 2.5895811592631864e-06 3.4488757811946506e-06 9.303571818137484e-05 4.7323478188658196e-07 0.0 6.37659381207987e-05 2.1026572596385923e-05 7.267747998980923e-05 0.00010031400734306287 0.00012895538180756293 0.0004929525426146218 0.0002905256718013625 1.150222836176561e-05 0.00015242692678104516 4.447417581476367e-06 1.3972011844787684e-07 1.4205496848586481e-06 1.495895526739214e-06 7.359888045967614e-07 5.8739423968785655e-08 4.60140940943088e-07 9.27607689552096e-08 3.805353492970475e-08 0.0 4.857320909450306e-06 1.3368128683816126e-06 3.7901149716566454e-07 2.5307667530714844e-05 3.0404808928404213e-05 0.0 2.6375191814433664e-05 8.619817029569203e-07 0.0 1.388861410246812e-07 1.5963062172051803e-07 4.788501265305922e-08 0.0 7.390016008526317e-07 1.248188298813283e-07 7.503543875458336e-08 5.201544045576286e-08 9.565568197847104e-07 6.536042006667102e-07 7.966433721170778e-07 1.6178470885693597e-07 0.0 1.231946009231044e-06 0.0 0.0 0.0 0.0 0.0 0.0 6.776804318502246e-08 0.0 0.0 1.852883952256908e-07 0.0 0.0 2.4143741495234234e-07 0.0 0.0 7.78795435146063e-08 0.0 5.2886319372706184e-08 5.695003499133076e-08 0.0 9.666945432611921e-08 0.0 1.0912348493159275e-07 0.0 3.5733934882909016e-07 0.0 1.4440923266722174e-06 3.010596237917145e-07 6.073474526834004e-07 0.0 0.0 0.0 0.0 0.0 0.0 0.0 0.0 0.0 0.0 0.0 8.100864360449471e-08 6.699448490368023e-07 0.0 3.130254406723601e-08 0.0 3.25983031919823e-08 0.0 0.0 0.0 0.0 0.0 4.1607921620212045e-07 0.0 0.0 0.0 1.502614167414314e-07 0.0 0.0 7.258991776550804e-08 0.0 0.0 4.941922358707632e-07 0.0 0.0 0.0 0.0 2.1237959937682206e-07 0.0 0.0 0.0 0.0 0.0 0.0 0.0 0.0 0.0 0.0 0.0 0.0 0.0 0.0 0.0 6.62506577930652e-07 1.0824412526718366e-06 4.007739643817225e-07 4.3263803507133403e-05 6.7000882494030755e-06 0.00015392591132926082 3.9161128478707375e-05 2.2222432506623677e-05 3.693335248924532e-06 4.6437803495036047e-08 6.5216574232964725e-06 1.787425191358423e-06 0.0 0.0 4.9643561216275775e-08 4.808387872387825e-07 0.0 0.0 2.2181993958894047e-07 6.864491868631227e-07 0.0 1.4901012179124227e-05 0.0
5.171132458209929e-06 0.00016890694389554075 0.0002772439265718179 1.6053097492688652e-06 0.000726508691837418 1.2247643006156341e-06 0.0001938937914886372 0.00021179712306919788 0.0 5.406567490847263e-05 0.00015878936186998244 0.0001641407182847288 0.0007267270712972024 0.0004775790758655213 1.7631358916096191e-06 2.593710645289932e-07 6.868849909391345e-08 0.0 5.3608364707865774e-08 0.0 0.0 0.0 0.0 0.0 8.346804058127858e-07 8.844348474062033e-08 7.08827344692092e-08 1.1238749717578253e-07 0.0 0.0 2.4517634055297994e-05 2.9365250696404687e-05 4.555396431542629e-05 6.001979586689377e-08 1.8447025722817288e-06 9.284476694228349e-07 1.0752027458049384e-05 1.2193028575539887e-07 1.7770680927157847e-06 6.897157166173625e-07 0.0 1.34887338321672e-07 0.0 6.426816186967443e-08 5.26953807101716e-08 1.8251246478440492e-07 2.3720674480987024e-06 6.795653029846895e-08 0.0 0.0 0.0 1.5612101482777112e-07 2.916951606728969e-07 7.738476300956036e-08 2.549215579015535e-07 3.787322734199751e-07 1.1728653142383028e-06 8.467727171296307e-06 6.655578220983794e-07 2.2808491139436735e-06 4.1099455681347796e-07 1.638474041488883e-06 6.276704941349528e-07 1.0856793715739391e-05 9.891124572277648e-07 5.344251173208385e-07 1.9994157896262789e-07 8.768396991454019e-08 0.0 0.0 2.651502005755627e-05 5.439808965454733e-08 0.0 1.19012979791724e-05 1.8796840706826812e-06 1.0183894775702906e-05 2.9475908656847043e-06 3.885808826709632e-06 1.2960901271142578e-05 5.416717257329611e-05 1.8019901596376657e-07 1.6643655953014172e-06 9.729504421362942e-07 0.0 2.9806400670195053e-07 1.1132284693943602e-07 4.07027030599956e-08 0.0 0.0 0.0 3.812088473641664e-08 0.0 0.0 0.0 2.218782674018483e-07 2.4992102446425116e-05 4.896347577446064e-06 0.0 3.52619428641787e-06 6.262141713706782e-08 0.0 6.881480554137101e-07 1.8235123897010808e-06 7.362612856663344e-07 0.0 2.7477505001537854e-06 1.4460489047013853e-07 2.01493764625243e-06 1.5282205243495982e-06 5.062799310196167e-06 2.7403635100311014e-06 4.3078803837696425e-06 2.0822417896561215e-06 4.401200373425286e-07 5.54970739641302e-06 0.0 0.0 0.0 0.0 4.597012928087902e-08 0.0 0.0 0.0 0.0 0.0 0.0 0.0 0.0 0.0 0.0 6.131459122869511e-08 0.0 0.0 0.0 0.0 5.053740957244055e-07 0.0 0.0 0.0 1.1802617477720483e-06 0.0 1.6607433783885245e-06 0.0 1.9791125657793135e-07 0.0 0.0 0.0 0.0 0.0 0.0 0.0 0.0 0.0 0.0 0.0 0.0 0.0 1.4120540173897235e-07 0.0 0.0 0.0 0.0 0.0 0.0 0.0 0.0 3.0122959786182296e-07 0.0 0.0 0.0 0.0 0.0 0.0 0.0 0.0 0.0 1.0680141611256885e-06 0.0 0.0 0.0 0.0 1.2471093497061714e-06 0.0 0.0 3.884204692758485e-08 0.0 0.0 0.0 0.0 0.0 0.0 0.0 0.0 0.0 0.0 0.0 0.0 2.188275417605725e-06 2.126090035408036e-06 1.4733700487660891e-06 1.8372116361112592e-05 2.0748899347392024e-07 3.9296403784749605e-05 1.850162240993496e-05 1.4247365638848901e-05 1.254675497130675e-06 2.829220155915274e-07 9.496785085082182e-06 1.587498333050267e-05 0.0 0.0 0.0 1.2997007136437484e-06 0.0 0.0 1.0380180691880405e-06 2.408820742222742e-06 3.328734605914867e-07 6.451634057556335e-06 4.691848081350432e-07
0.00040076751388701596 0.001182442786770085 4.944103779333809e-06 0.0006439407406296534 5.2104104044904746e-05 4.983798461109144e-05 0.000845144052919676 6.277225373339797e-07 5.406567490847263e-05 0.0 4.511181160309141e-06 0.0011189546555425184 0.0011581529524883028 0.0002882069607287743 4.448082603559868e-07 1.0664392442162148e-07 7.385423183386419e-08 0.0 0.0 0.0 0.0 8.72090986265281e-08 0.0 0.0 1.4342645097822547e-06 0.0 0.0 0.0 0.0 0.0 5.859091230947701e-05 0.0 7.970339474210473e-05 5.75218029325381e-08 6.25361867793537e-07 5.512720380613582e-07 5.114148122785452e-05 0.0 1.5455201681528858e-06 9.283705354067579e-07 2.3193142159603486e-07 0.0 0.0 1.8043566923747316e-07 7.359104759543727e-08 0.0 1.3314076570400827e-06 1.6658712128913017e-07 0.0 0.0 0.0 3.5580429799215676e-07 6.358437609118041e-07 0.0 4.985063099852015e-07 1.5049383055752958e-06 7.596375893246015e-06 0.00013626985708338517 5.287979216906535e-07 1.0706567075082928e-06 1.3972585338707398e-07 2.3418402216211694e-06 0.0 6.444208553560831e-06 2.391266338861676e-06 7.583177848640534e-07 2.6508164947315265e-07 2.2766235850917408e-07 0.0 0.0 0.00036790449481741735 1.6599169534954795e-06 1.1700374578619222e-07 2.477525727159761e-05 1.0580755243227992e-05 4.405622880032276e-06 6.797169692233422e-07 4.782776953152667e-07 0.0 6.167240452902327e-06 0.0 7.587129166779888e-07 1.8820485806169125e-06 0.0 2.940413884271572e-07 6.242356356701568e-07 4.006349369962911e-08 9.954743370463306e-08 3.31018011710577e-07 5.2850623498764164e-08 0.0 1.1282375564953251e-07 0.0 0.0 0.0 0.00010112333353504664 0.00017055285412670096 1.1347741705667578e-06 5.507566109690133e-05 3.341404618727902e-05 0.0 5.363531331541055e-06 1.917640687705103e-05 7.251185795068428e-06 9.952678389257566e-07 2.3243943079188216e-05 3.2629342148716345e-06 1.5253465480685793e-05 2.4442622893841928e-05 5.516120799027866e-05 1.6022029850265126e-05 0.0001048750666620787 2.9959133515925636e-05 5.591000094626724e-06 1.8482002790840293e-05 0.0 0.0 0.0 0.0 0.0 0.0 0.0 0.0 0.0 0.0 0.0 0.0 1.1453916574359338e-07 0.0 8.243505673699473e-08 0.0 1.0386402899361911e-07 5.584869946661201e-08 7.237333494674243e-08 7.533246133297209e-07 2.105150951551775e-06 0.0 7.498928073916672e-08 0.0 2.656760453223781e-06 4.229424836154269e-07 3.118137898360742e-06 5.04417665439733e-07 8.787523728253544e-07 0.0 0.0 0.0 0.0 0.0 0.0 0.0 0.0 4.840093731092784e-08 0.0 0.0 0.0 2.899492033244288e-07 0.0 0.0 0.0 0.0 4.4512864740646945e-08 3.933376024789727e-08 0.0 0.0 0.0 2.025973043454423e-06 0.0 0.0 4.962016339725103e-08 4.2270331283167016e-08 0.0 0.0 0.0 0.0 0.0 3.908145187275673e-06 0.0 0.0 0.0 0.0 4.06583208602562e-06 0.0 7.430293494244703e-08 7.94456399776599e-08 0.0 1.0713418293627172e-07 0.0 1.3258565253925905e-07 0.0 0.0 0.0 0.0 0.0 0.0 0.0 0.0 9.347778256831708e-06 2.3279194024454488e-06 2.287403951563111e-06 0.0002420266999593417 1.3180482645925255e-06 2.3006594166518225e-05 8.677873321505919e-06 0.00029594619265652415 1.8677979896116145e-06 0.0 5.627393732940898e-06 0.0002419189918610685 7.731625155701748e-08 9.747675054018109e-08 0.0 2.077029688925025e-05 0.0 0.0 1.7494731366358743e-05 1.0212476301829732e-07 2.5178146431799646e-07 0.0003752004846472352 1.1774222786018555e-06
1.8101590909470638e-05 0.00010314178640586711 0.0004243658400509863 1.6288725366595825e-07 0.00020140655088736218 4.628341490090154e-07 3.3221225442292864e-05 0.0007044717423511677 0.00015878936186998244 4.511181160309141e-06 0.0 7.948124521391113e-05 0.0002414127733221149 0.0009476090335653652 6.419712616440536e-06 1.4574546580470828e-06 3.2214438609707625e-06 2.979719984889399e-07 2.846529045246737e-07 4.838186433231235e-07 6.309986754016864e-07 4.2558515459095957e-07 0.0 2.9512226506015863e-07 1.997503307233116e-05 2.8396492216319654e-06 4.8263398188024384e-06 5.735471428806782e-07 6.379324807348683e-07 6.755202176733356e-07 0.0001526026839015436 0.00023180010566269834 0.00039871010597814 1.365990476393142e-06 2.0323890174914844e-05 1.1420471922399287e-05 0.00010008735799835032 1.4269936475976902e-06 1.2498106343254475e-05 7.204893776292927e-06 1.0305262487742303e-06 4.669183161903614e-07 2.069427377670199e-07 6.213217735283085e-06 1.0237365718075418e-06 5.780185892234325e-06 1.3608003655809814e-05 1.9656074252571952e-07 1.4579854935468634e-07 6.272680076737526e-08 1.7874320622919667e-07 6.49544057933528e-07 6.03375499756428e-07 2.1045711950051682e-07 5.871628962715921e-07 1.7041904623952263e-06 2.80675072643737e-06 2.522620191689453e-05 7.306255774075518e-07 7.64691308624663e-06 1.802518293669603e-05 6.716894607816456e-05 1.031278760378394e-05 7.654220658271698e-05 2.0889210406434068e-06 1.3332862362316712e-06 2.860925391655592e-07 1.873930299630894e-07 2.9092755097097873e-07 3.161871731159549e-07 0.00021132546281944848 1.5844029752904963e-07 1.4547099454633178e-07 3.364660838622578e-05 8.076416149749685e-06 4.5362153780895824e-05 2.5927538284007324e-05 2.7532916229581913e-05 0.0002607919341300144 0.0003096129436406247 6.3871936422988654e-06 0.00018537249063710557 3.0109722886905693e-06 4.6446510342021596e-08 9.076017792446521e-07 6.123904907050138e-07 1.159282962745652e-07 4.525514176865469e-08 4.774281401115427e-07 9.326229213637234e-08 1.1217198805489855e-07 1.4476576925648517e-07 5.153474847930304e-07 4.1814246410035456e-07 2.4957075336018934e-07 7.060947968854565e-05 3.134492672270849e-05 8.849980807318258e-08 3.217044357882825e-05 3.7180791516235213e-07 5.4823204390215194e-08 4.067038805180646e-07 1.3783284670084456e-06 3.856007737362678e-07 6.24594390013543e-08 1.3833227342276467e-06 2.3292656730091046e-07 1.287205439114528e-06 3.473944805475396e-07 2.8899036363239386e-06 3.0547393878012178e-06 2.5557997619340715e-06 8.235517398105082e-07 3.948719717192986e-07 4.311751973428417e-06 0.0 0.0 0.0 0.0 0.0 0.0 0.0 0.0 0.0 0.0 9.628825859765748e-08 0.0 1.5406884104215922e-07 5.3122265398320154e-08 1.4581605099660685e-07 5.1256163822045536e-08 0.0 1.2320198378700244e-07 0.0 0.0 2.0521323401407584e-07 0.0 7.358690671282208e-08 6.180021048901725e-08 1.6420460364581995e-06 3.396062572219339e-07 1.276025433496818e-06 2.6620858518012775e-07 5.263530126727259e-07 0.0 0.0 0.0 0.0 0.0 0.0 0.0 0.0 4.0448595782841085e-08 0.0 0.0 0.0 1.390808944295188e-07 0.0 0.0 0.0 3.366920872622629e-08 0.0 0.0 0.0 0.0 0.0 1.1261541611876944e-06 0.0 0.0 0.0 7.806773013922582e-08 0.0 0.0 0.0 0.0 0.0 1.8546032577122254e-06 6.383772994756885e-08 0.0 0.0 5.4980532278106934e-08 4.918258423846167e-07 0.0 0.0 0.0 0.0 0.0 0.0 0.0 0.0 0.0 0.0 0.0 4.392188750150261e-08 0.0 0.0 0.0 2.009378254826695e-06 2.0839643088760883e-06 1.1339456275939322e-06 3.795342782090194e-05 2.3948865549587205e-06 0.00014757046624073187 5.675946253306373e-05 2.700965665777011e-05 2.1567258717227423e-06 0.0 1.26461620803937e-05 7.12073699553201e-06 0.0 4.9139384938641014e-08 0.0 1.6381816951762513e-06 0.0 0.0 5.862190058986974e-07 6.835415477715906e-06 2.979790856278583e-07 2.0127810196189745e-05 5.810284022115703e-07
0.00018258806070811168 0.0004914285167420651 4.256727812004886e-05 0.0007886163538532769 0.00013131305005827343 3.219433463193991e-05 0.0003544144968947161 9.93886501315997e-06 0.0001641407182847288 0.0011189546555425184 7.948124521391113e-05 0.0 0.0008742677371851511 0.0003247820833888744 3.890668057181603e-06 1.8114577197401073e-06 8.072441781918605e-07 0.0 0.0 0.0 0.0 6.632705707731534e-07 0.0 2.738574366575005e-07 1.2272425444715138e-05 8.631407726458887e-07 3.976578941469799e-06 3.0680167944374926e-07 4.588234110363799e-07 8.650989777121194e-08 8.22097758293935e-06 1.6815777455530936e-06 9.358788521074924e-05 2.670853749321669e-07 1.1600977059523253e-05 5.4990955062874245e-06 0.00021353991753090556 1.677388070148512e-06 9.700820992878805e-06 4.888735118097232e-06 6.607171339857287e-07 9.279490008855281e-08 0.0 2.0000509936904523e-07 5.2571311805125395e-08 8.329337522097187e-07 4.78451003712005e-06 4.395219289904912e-08 1.0186622536319432e-07 7.824501854712188e-08 0.0 2.232950172534136e-06 4.7455405242978754e-07 1.5106647761178068e-07 2.0804753990674216e-07 2.3043283251310242e-07 1.5132888864115287e-06 1.2372178068314598e-05 0.0 1.9176702887861555e-06 1.5748495926474816e-06 1.0746626567150862e-05 1.3931532371945628e-06 7.531649430947783e-06 5.217941061252915e-07 3.7132388629411407e-07 1.465694479434604e-07 1.8992465932357319e-07 0.0 3.8953430806736636e-07 0.00011964683688174995 1.7747345038147456e-06 0.0 7.343480355608633e-06 2.303903327659289e-06 7.3557858128116775e-06 4.341047644232951e-06 2.6896085652368936e-06 2.3533052628782218e-06 6.808149727300648e-05 0.0 2.769452231981822e-06 4.5616013825371226e-07 0.0 2.0939491714876053e-07 1.8985200332391724e-07 3.9849607951310214e-08 0.0 3.0907236357401664e-08 0.0 0.0 0.0 2.0148436921910397e-07 1.7736202032964933e-07 2.5799035501417156e-07 0.00023302437444258032 2.5130951674962558e-05 4.458094158374012e-07 2.4549855285321643e-05 3.527416836203779e-06 0.0 2.2338210001481093e-06 8.388780731208148e-06 2.1461652358738247e-06 6.265939232869713e-07 1.1449651307692293e-05 2.07524479738583e-06 5.83853908179005e-06 3.264922604406981e-06 2.05440346877462e-05 8.753983641774954e-06 1.3004455822046635e-05 5.0500820403848e-06 2.671193136793709e-06 1.3147149270108115e-05 0.0 0.0 0.0 0.0 0.0 0.0 0.0 0.0 0.0 6.622633029092589e-08 0.0 0.0 6.657890409217157e-07 3.4345674303736175e-07 7.30628322116471e-08 6.720257451568724e-08 0.0 4.6052113992812375e-07 0.0 2.0763557338950194e-07 1.8737498194453356e-06 0.0 2.7505873602014805e-07 0.0 2.717437099343882e-06 6.180845560926868e-08 2.6761561055364355e-06 5.617090703964619e-07 1.4127256942013917e-06 0.0 0.0 0.0 0.0 0.0 0.0 0.0 0.0 0.0 0.0 0.0 0.0 0.0 0.0 0.0 0.0 4.3301803155621644e-08 0.0 0.0 0.0 0.0 0.0 1.8306935926157819e-06 0.0 0.0 0.0 0.0 0.0 0.0 0.0 0.0 0.0 3.1619925899644437e-06 0.0 0.0 0.0 0.0 2.7132215342617104e-06 0.0 1.4405998329846148e-07 4.9660406913073975e-08 0.0 6.500092952565883e-08 0.0 0.0 0.0 0.0 0.0 0.0 0.0 0.0 0.0 0.0 5.239196948280721e-06 4.5579243484003e-06 1.915253039398298e-06 9.80533950815804e-05 3.0987210542567924e-06 6.520797885634048e-05 4.464289516812381e-05 7.669434532172726e-05 6.3830219925594e-07 0.0 1.0851123542877956e-05 7.812267802815677e-05 0.0 0.0 0.0 6.004583051201989e-06 1.1849117280855313e-07 0.0 3.712953713702364e-06 8.266839012219333e-06 0.0 0.0001155148104235195 7.660673220854392e-07
