0.0 0.0006035720453881615 7.94859709202504e-05 0.0008025979687619875 1.3725241267591228e-05 3.0491860349468744e-05 0.00011917723021186362 5.174162046151577e-05 2.5320761763815623e-06 0.0006859063000811876 2.8705045443202207e-05 5.493185398297942e-06 2.916265501278799e-05 3.456489527553482e-05 2.28368942603791e-06 1.458440057173614e-06 3.537465452648417e-07 2.5924000313892203e-07 1.9186156954086556e-07 1.5205994479204358e-07 5.408952578105362e-07 6.047604379783811e-08 1.2766071846197688e-07 6.036652180043021e-08 4.456663315292507e-08 8.215084287264764e-08 0.0 0.0 0.0 0.0 0.0005275663942973617 1.2497716691997875e-05 1.787725466387037e-05 1.5298861391223285e-07 4.221085394612799e-08 7.572694279304444e-07 6.384709695338688e-07 8.016942174526425e-08 4.0603071396978267e-07 6.701512899531996e-08 1.5886550949175663e-07 0.0 2.162921606546683e-07 6.363895669450178e-07 5.404661915455446e-07 3.755025056882154e-07 1.1567005701398153e-05 1.3782924596761452e-06 2.1281925645297956e-07 2.594835058245415e-07 0.0 1.7044036356546067e-07 9.324574368080609e-08 0.0 5.586221234654787e-07 6.75906587969311e-07 8.076377228421634e-05 0.00042936577679268814 4.414499670068015e-06 8.254860831991885e-06 5.426254406826185e-07 1.786139777432627e-07 1.0179885123789458e-07 2.6957356983144108e-05 2.8644525921774775e-07 5.603696538962363e-07 3.449292913030444e-07 1.1905190548321929e-07 6.024036335756025e-07 2.1782313552085683e-07 3.3554840136635277e-06 1.8111441831640967e-06 0.0 3.653980740256282e-05 7.24040191218178e-05 3.7018944932092266e-05 4.5699438694332e-05 1.6124566444168248e-06 7.564478141239976e-07 2.8615306910508627e-05 5.338225363579131e-07 2.1177083636480696e-06 2.3260307128728216e-06 0.0 3.629171345751155e-07 4.303513015547314e-07 0.0 0.0 9.517727193707214e-08 0.0 5.361338810855326e-08 4.47592053448274e-08 1.8022802765718156e-07 3.436517510968815e-08 1.8497623838045458e-07 2.370383899911657e-05 9.707862196521825e-06 8.501921758505284e-07 8.547003695545201e-07 0.0003919923422035767 1.0772618645972605e-07 2.6880944214995077e-06 5.255060378201294e-07 1.396635595489022e-06 1.7537154132628226e-06 1.0997308985324924e-07 2.0029276100925665e-05 2.1758871979962202e-07 4.23774586072737e-06 2.70014710699374e-06 6.086366760259165e-07 8.21392320621549e-06 4.611197269241292e-06 3.816262265203363e-06 3.904646989323037e-06 0.0 0.0 0.0 0.0 0.0 0.0 0.0 0.0 0.0 0.0 0.0 0.0 0.0 0.0 0.0 0.0 9.681192207691746e-08 0.0 0.0 6.554700206013961e-07 6.959621334839301e-07 0.0 0.0 0.0 4.833943234321021e-07 0.0 7.011371177611802e-07 0.0 1.5670115612135492e-07 0.0 0.0 0.0 0.0 0.0 2.884397220806822e-07 0.0 0.0 0.0 0.0 0.0 0.0 0.0 0.0 0.0 0.0 0.0 0.0 4.876363948991292e-07 3.4194985742058936e-07 0.0 0.0 7.920742567836276e-07 6.801012829553579e-08 0.0 0.0 0.0 0.0 0.0 0.0 0.0 0.0 6.104614409939623e-07 4.287423962606487e-08 0.0 0.0 0.0 0.0 0.0 4.872635590804159e-07 0.0 1.516311643392654e-07 5.3200209274626356e-08 0.0 0.0 0.0 4.302069042540131e-08 0.0 0.0 0.0 0.0 0.0 0.0 1.9006736628637013e-06 3.719433048380897e-07 8.774264108024416e-07 3.755560683881493e-05 1.234684718303339e-06 2.3939698988490738e-05 4.381121910914933e-06 0.00029949992555644616 4.975551197345061e-06 1.770928944649719e-07 5.224302634752698e-07 9.471728948925323e-07 0.0 5.217179790536525e-07 4.289303022575063e-07 6.0236451178626915e-06 0.0 0.0 0.0 0.0 0.0 9.810371085448807e-05 1.3666084532969177e-05
0.0006035720453881615 0.0 0.0007765587195785602 0.00022020242495994824 0.0008625733800226368 2.6964065645076954e-05 0.0008812498542392992 0.0006386213364824428 0.00074337140869401 0.00111561067314748 0.0010989579364731605 8.498030392603706e-05 0.0015781420889458984 0.0024939061506712907 1.6716190794391998e-05 1.8768409446106052e-05 1.21953593473057e-06 6.168223626630686e-07 6.279019756244793e-07 8.841911975553122e-07 1.859680437291887e-06 0.0 1.5693170374708364e-06 6.717377993750603e-07 5.460666445818865e-07 1.0637700400502327e-06 2.435508325508036e-07 1.077799409023751e-07 0.0 0.0 0.0013119720695535704 8.906703518460862e-05 0.00016641152685749816 1.3958007193745554e-06 1.1167373900375241e-06 1.9146548134528725e-06 2.2931204058076136e-06 9.456030060721959e-07 3.3813202137082096e-07 1.2424480894357075e-07 2.8664876062014765e-07 1.5346507219147662e-07 1.1802183050047855e-06 6.084608564683541e-06 2.5973805608419466e-06 2.9313515043349624e-06 3.5895964878295474e-05 3.921205367664397e-06 3.870495303509936e-07 1.0726872785801525e-06 2.523340717525845e-07 0.0 5.931691994088944e-08 4.125009619170641e-08 1.4768416540106926e-06 1.1043976807349148e-06 5.1800439872486605e-05 0.000306422216824543 7.067637776028074e-06 1.944527735413425e-05 1.4833590516531762e-06 4.474794999774139e-06 1.0572372427214398e-06 4.627548981120655e-05 1.193735203360206e-06 4.974339350454755e-07 6.935828617558758e-07 8.823908788514521e-07 3.0475199870927554e-06 8.485437787645625e-07 1.4278673615997425e-06 0.0 0.0 5.190932857526995e-05 0.00010499221909724688 9.548211912553899e-05 0.0001623185169010819 1.2365664170642393e-05 6.479592412936899e-06 0.0003016133351615027 1.3254762981362885e-06 1.8534449275365763e-05 4.277476013782985e-06 5.005874161391057e-08 6.731588204188668e-07 5.924541003583086e-07 3.2261555902579263e-07 0.0 2.0780076989568798e-07 0.0 1.030819772088314e-07 0.0 1.2655683899917087e-06 3.5598557639588593e-07 1.400208788710973e-07 8.616191848583606e-06 1.1381177186531431e-06 0.0 2.2387312456862755e-07 0.0001896797468713194 3.4540153695879907e-07 1.9744050340288236e-06 9.233505339148424e-07 0.0 1.5405604952187633e-06 1.4922260555799847e-06 8.813882542677893e-06 1.5142453764244808e-07 4.46979703266976e-06 1.5764309220954585e-06 1.5811503683048041e-06 1.1800507954373198e-05 5.093849130210054e-06 5.225209871063557e-06 7.256878708533556e-06 2.4204778340183013e-07 4.78818684259122e-08 0.0 0.0 0.0 0.0 0.0 0.0 0.0 0.0 7.433363652461318e-08 0.0 0.0 0.0 0.0 0.0 4.9147820810825525e-08 1.9304301160367395e-07 0.0 8.080546047771767e-07 1.5913716685502716e-06 0.0 0.0 0.0 3.986225959237074e-06 0.0 3.1690806993696645e-06 4.3615301609558537e-07 0.0 0.0 0.0 0.0 0.0 0.0 3.822695230190104e-07 0.0 3.2518742469233057e-07 1.954219012132258e-07 0.0 0.0 4.1553091310818906e-08 0.0 5.415282759428283e-08 0.0 0.0 0.0 5.4385982013794536e-08 9.40007334177115e-07 1.311206834477127e-07 2.5658808830612744e-07 2.4350872495583943e-07 2.317254252391139e-06 1.7572345009901673e-07 1.497343715868576e-07 0.0 0.0 0.0 0.0 0.0 0.0 0.0 2.69313232154071e-06 2.2117491126396116e-07 0.0 6.55679374940856e-08 0.0 6.464916275778313e-07 2.5771256675219817e-07 9.230200480101433e-07 3.6365842582971056e-07 5.151253475593725e-07 5.6009935942229054e-08 0.0 0.0 4.594720866191971e-08 0.0 0.0 6.021971373582738e-08 0.0 0.0 3.3396349373554744e-08 0.0 3.5999155951890044e-06 1.0325736556275044e-06 2.9465845124176233e-06 0.00012723472491438242 3.6289990755463486e-06 8.085436015760771e-05 9.651097315578513e-06 0.00010657431538281763 1.889222868998424e-05 7.646034376656451e-07 3.8629700822975e-06 1.7426475092821866e-06 1.0354562675161087e-07 1.6029843834222514e-06 1.5054044280088848e-07 2.720036493092935e-06 0.0 0.0 0.0 8.666613683547746e-07 3.378149127203581e-07 4.112043608322748e-05 7.711265913175691e-06
7.94859709202504e-05 0.0007765587195785602 0.0 9.907799442957676e-06 0.0006121335359852203 2.340470166452394e-06 0.00018331769529954814 0.0008094119220687958 0.0002431308288753859 0.00014841248331621846 0.000780354217250961 8.63688079434902e-06 0.00015993280128504374 0.0006446986826271376 3.2371904642880194e-06 4.7413716874777795e-06 7.446965455683964e-07 2.8807109671079983e-06 1.995912443453031e-06 6.564676456459872e-06 1.6584515386718463e-05 0.0 1.339294566830523e-05 6.779695093812634e-06 1.3699308059153426e-06 3.964961275834864e-06 2.716358217282843e-07 5.068431961936362e-07 0.0 3.5357235514755967e-08 0.0011738204487522664 0.00013667368466980948 9.352708996004869e-05 1.1875984324045667e-05 1.0772528422512894e-05 1.0929021727915562e-05 1.1347037259405574e-06 2.6962238963303085e-06 1.506846381690648e-07 4.3247167091085686e-07 1.273507454862133e-06 1.3497553901372078e-06 7.24609704237771e-06 3.175362867347437e-06 8.911321067645584e-06 6.535472142776121e-06 6.844114752780598e-06 8.474348118443627e-07 6.10469008804301e-07 5.144827463299732e-06 1.0722148403118194e-06 0.0 1.2435147281884744e-07 1.5158476334779539e-07 2.3422213316689053e-07 2.276314961447934e-07 9.61751095700301e-06 0.0001009635995537532 7.701862977176071e-07 2.10603022263252e-06 7.275065380799672e-06 1.3184946895785591e-05 8.868486701929903e-06 9.588457011299244e-05 1.2952215127297387e-07 7.436887717049156e-07 1.5596816584755848e-07 3.1814636595160908e-06 2.636329580731121e-05 7.747296705557183e-06 1.7034203204819297e-06 0.0 0.0 9.005838420929128e-06 3.2316949587003485e-05 1.4730613376485369e-05 4.906541363167756e-05 4.636526348326908e-06 5.330430733289279e-05 0.0002608984227893388 3.294349439886721e-06 9.478137018425638e-05 8.344996314356332e-07 0.0 1.828055256883108e-07 1.6451556648034797e-07 7.693465627955175e-07 0.0 0.0 0.0 3.741878968806719e-08 3.790614300460915e-08 1.3892762373171715e-05 1.2912751574903529e-06 7.681455394894555e-07 4.372272906944242e-06 1.5314083407962356e-06 0.0 4.513963103112641e-07 2.7343444326679615e-05 3.93447414995228e-08 3.435647337046027e-07 0.0 0.0 3.865864337927134e-07 1.4730317834230382e-07 8.611480259103467e-07 0.0 7.983847139571904e-07 2.9911329219353074e-07 5.926935830330173e-07 1.7959072420568508e-06 9.619321940851736e-07 1.3007845461127424e-06 2.879427555324849e-06 4.388809321238351e-08 5.25593375197821e-08 0.0 0.0 0.0 0.0 0.0 0.0 0.0 0.0 0.0 0.0 3.4422607831253935e-08 0.0 0.0 3.5841246071066146e-08 0.0 0.0 0.0 1.8343509232746415e-07 1.5399329044118657e-07 0.0 0.0 0.0 1.7973359054707039e-06 0.0 1.4077986935765558e-06 5.2398201564669066e-08 1.3852638544859063e-07 1.4784062956915946e-07 0.0 0.0 0.0 0.0 0.0 0.0 0.0 4.884669900437081e-08 0.0 0.0 0.0 3.657938096469884e-08 0.0 0.0 0.0 0.0 4.2793407582876695e-08 1.4237688486367215e-07 0.0 0.0 0.0 8.237619772539548e-07 0.0 0.0 0.0 0.0 0.0 0.0 0.0 0.0 0.0 5.312471788117277e-07 0.0 0.0 0.0 0.0 3.3646604994040246e-07 3.787280735926434e-07 1.5981081164008803e-07 1.64373039385633e-07 1.2487412705036486e-07 4.0178976400502676e-07 0.0 0.0 0.0 0.0 0.0 0.0 0.0 0.0 0.0 0.0 2.8959717455751504e-07 5.598019190014072e-07 2.162565801407887e-06 1.6575737236216732e-05 6.221485819875705e-07 1.4228887119836485e-05 1.994485790044633e-06 1.197333069321455e-05 2.0617589266953884e-06 0.0 1.018662184191901e-06 7.796115829896299e-07 0.0 6.909107412422751e-07 0.0 3.80697639726491e-07 0.0 0.0 0.0 7.155897155959021e-08 3.5728082453264466e-07 3.889901850261563e-06 7.735931575514826e-07
0.0008025979687619875 0.00022020242495994824 9.907799442957676e-06 0.0 3.776056962391377e-05 9.15477364852014e-05 0.0001853918870854744 5.838712577684299e-06 9.965319992752565e-06 0.0009331457988530659 4.287284324700449e-06 1.1274399576633873e-07 0.0001217384371767371 3.2532086280333545e-05 3.4581721354293627e-07 4.5897028425261986e-07 4.977079202249558e-08 1.3043921393198667e-07 8.510267723660911e-08 0.0 0.0 0.0 8.992382599400991e-08 0.0 0.0 0.0 0.0 0.0 0.0 0.0 4.857351991163784e-05 8.038327514175738e-07 1.4084598051854055e-06 0.0 0.0 0.0 1.5762342242663928e-07 0.0 2.134735334219503e-07 0.0 0.0 0.0 0.0 5.4497486056767345e-08 2.1880381625052595e-07 8.192337673750809e-08 2.410552203400658e-06 2.0988456771515116e-07 6.445330714274979e-08 4.9181049587255865e-08 4.859058640817438e-08 0.0 8.01328284620207e-08 0.0 1.2325757006627218e-07 1.239495183275947e-07 9.26191084497634e-06 4.1871451132204584e-05 7.273707925013395e-07 1.783773889172118e-06 0.0 2.1183414563400698e-07 6.571943039366013e-08 2.838223465579492e-06 9.863872190365441e-08 7.992965325834231e-08 7.388561966722986e-08 8.748873079141602e-08 1.3889253885349493e-07 0.0 5.598032828227285e-07 6.557575383678371e-08 0.0 6.3402821657472276e-06 1.3248576091371682e-05 9.965311309653264e-06 1.3335003918294522e-05 4.249343896656883e-07 4.7957866514713165e-08 7.79969358990035e-06 0.0 5.694524274040274e-07 2.329559726361263e-07 0.0 0.0 1.8534362823384605e-07 0.0 0.0 0.0 0.0 0.0 0.0 1.0148275535679567e-07 3.942411652175495e-08 0.0 2.9093562631694217e-06 7.056271095765126e-08 0.0 3.680447672246217e-08 0.00010460189265841936 4.790777171105393e-08 1.5134979339939947e-06 4.260419244181679e-07 0.0 4.5915378190675553e-07 8.508955162138677e-08 8.26609798340251e-06 1.6675581541995246e-07 1.970022998457036e-06 8.665965946086477e-07 3.0857490046985617e-07 3.1719845763082563e-06 1.9644119175556825e-06 1.4680523972191634e-06 1.3853813264121556e-06 0.0 0.0 0.0 0.0 0.0 0.0 0.0 0.0 0.0 0.0 0.0 0.0 0.0 0.0 0.0 0.0 0.0 0.0 0.0 1.953587988472149e-07 0.0 0.0 0.0 0.0 4.787882949648955e-07 0.0 6.13375750078333e-08 1.4127847746208573e-07 0.0 0.0 0.0 0.0 0.0 0.0 0.0 0.0 1.449863037696912e-07 0.0 0.0 0.0 0.0 0.0 0.0 0.0 0.0 0.0 0.0 1.2661346833988544e-07 0.0 0.0 0.0 0.0 1.4195929768702323e-07 0.0 0.0 0.0 0.0 0.0 0.0 0.0 0.0 3.3154749513810665e-07 0.0 0.0 0.0 0.0 2.521234467914379e-07 0.0 0.0 0.0 5.1266478400326575e-08 0.0 0.0 0.0 0.0 0.0 0.0 0.0 0.0 0.0 0.0 0.0 1.11737770259456e-06 0.0 2.551403096471944e-07 1.1203522410108691e-05 3.9300978057715186e-08 8.430968767863956e-06 1.3705515776156332e-07 0.00014929921165636307 2.2635619707917993e-06 0.0 9.3627636640021e-07 4.6409600009630554e-08 0.0 3.101969438057791e-07 0.0 9.111258081082351e-07 3.953089844990225e-08 0.0 0.0 0.0 0.0 6.5972633322114e-05 8.141667909118396e-06
1.3725241267591228e-05 0.0008625733800226368 0.0006121335359852203 3.776056962391377e-05 0.0 3.092846653946817e-07 0.0006210555377527507 7.595862036803776e-05 0.0006502000054222351 8.011836730845951e-05 0.00023738253763887899 3.950985036866443e-06 0.0004474427757828568 0.001039253992563473 4.5581003065220034e-07 7.164761062551301e-07 0.0 0.0 0.0 4.584895450034882e-08 7.871302833342905e-08 0.0 0.0 0.0 0.0 0.0 0.0 0.0 0.0 0.0 5.6082191037393616e-05 6.551226413309087e-06 8.471081443286982e-06 0.0 2.250507330197947e-07 8.139353370749962e-08 0.0 0.0 1.6865715320787986e-07 0.0 0.0 0.0 7.12879749817298e-08 3.511092596680429e-07 7.983821509672358e-08 1.4332773860357805e-07 1.5147487507582305e-06 2.997523248089166e-07 0.0 0.0 0.0 0.0 0.0 0.0 1.0279828684072284e-07 5.0233385302748274e-08 6.986386623402528e-07 5.773030548304052e-06 6.299672111833618e-08 6.928147321131375e-07 4.685864516965019e-08 6.909152987044128e-08 9.724211916414327e-08 1.2607533520236907e-06 1.184820394234098e-07 0.0 3.500048905964892e-08 0.0 2.3747172172383898e-07 4.9814617597392995e-08 0.0 0.0 0.0 1.325944253502192e-06 1.6834987432289041e-06 2.759688523108076e-06 6.3852921029626775e-06 5.404522364535736e-07 4.844853835958189e-07 1.0029025121187713e-05 0.0 5.607439871224138e-07 0.0 0.0 9.622118861889528e-08 0.0 0.0 0.0 0.0 0.0 0.0 0.0 3.974989273824624e-08 0.0 3.689998149480897e-08 5.092884843296132e-07 0.0 0.0 0.0 1.2417451995372697e-06 0.0 0.0 0.0 0.0 1.02962805942576e-07 0.0 3.0385122610374916e-07 0.0 2.5669748293070126e-07 0.0 3.9193574798669785e-08 5.932890448191744e-07 2.1130090081733142e-07 8.546496285667267e-08 3.160813605958244e-07 0.0 0.0 0.0 0.0 0.0 0.0 0.0 0.0 0.0 0.0 0.0 0.0 0.0 0.0 0.0 0.0 0.0 0.0 0.0 0.0 0.0 0.0 0.0 0.0 2.443430294458799e-07 0.0 0.0 0.0 0.0 0.0 0.0 0.0 0.0 0.0 0.0 0.0 0.0 0.0 0.0 0.0 0.0 0.0 0.0 0.0 0.0 0.0 0.0 0.0 0.0 0.0 0.0 0.0 0.0 0.0 0.0 0.0 0.0 0.0 0.0 0.0 0.0 1.2262667688565137e-07 0.0 0.0 0.0 0.0 0.0 0.0 0.0 0.0 0.0 0.0 0.0 0.0 0.0 0.0 0.0 0.0 0.0 0.0 0.0 0.0 1.760785282806624e-07 0.0 6.319594465750266e-08 5.191268536826007e-06 3.3742919981878173e-07 3.0948672002808535e-06 1.2489146218242184e-07 1.974246265344432e-06 5.722419173242786e-07 0.0 3.9236823157162866e-07 0.0 0.0 1.2302043602235817e-07 4.252885420642957e-08 0.0 0.0 0.0 0.0 0.0 0.0 6.352528420669455e-07 4.599880397969785e-08
3.0491860349468744e-05 2.6964065645076954e-05 2.340470166452394e-06 9.15477364852014e-05 3.092846653946817e-07 0.0 3.7276933164724024e-06 5.021199660791212e-07 0.0 9.237702191084683e-05 1.7738272979566272e-07 1.9588529358714655e-05 1.1900616999927425e-05 1.0717456888839369e-06 6.610803559056718e-08 4.7763803128655414e-08 0.0 4.7702257196544193e-08 0.0 0.0 5.6908920978761656e-08 1.6633098041837725e-06 1.2805519834252548e-07 2.33460077033681e-07 1.9596314877186886e-07 2.492941419872361e-07 0.0 1.2524469501130015e-07 0.0 0.0 6.483554953846177e-06 9.716643174079136e-08 1.520505658021368e-06 1.7692111511157446e-07 0.0 2.45856324341363e-07 2.5931534417029823e-06 6.148352283980771e-07 1.31472138959557e-06 1.0763063508756186e-07 0.0 1.3851384388441254e-07 0.0 9.791431220956072e-08 0.0 1.9199959819987825e-07 1.5943223472387626e-07 5.017702748363619e-08 0.0 5.4681387575986705e-08 0.0 2.389599800907832e-06 2.6326678251776134e-06 2.294979275628656e-07 0.0 0.0 8.643963686988445e-06 4.8828618648034675e-06 5.5494554388873877e-08 0.0 0.0 9.90507966325754e-07 5.832533764994771e-07 6.91958513282321e-08 0.0 0.0 0.0 0.0 0.0 1.30300184930228e-07 1.575406653139295e-05 1.1742409824695404e-05 1.57903794887752e-07 0.0 1.1648194108922956e-07 5.51229177387939e-08 8.497600339975916e-08 6.129421853776395e-08 0.0 2.752338852727589e-06 1.0447058963299296e-07 6.256730473338383e-07 0.0 1.0696762220616384e-07 0.0 0.0 0.0 1.1883410104354518e-07 4.198567741534793e-08 1.0623981693871206e-07 1.5925276950726933e-07 6.180447597520252e-07 6.425358653886485e-08 0.0 7.583068423844191e-07 4.257605623633339e-05 5.0982855980965024e-05 5.94310487962413e-06 2.9111948807098405e-06 9.442732768044484e-05 0.0 5.297574292506279e-07 4.8742660252138606e-08 0.0 3.488925467428584e-07 3.904987898053552e-07 7.83687595075507e-06 0.0 3.617539981632269e-06 7.505671843457764e-07 3.9256847720012255e-07 4.449388679937926e-06 2.9235938308069294e-06 1.4806767723793914e-06 1.3887002896705312e-06 4.2034576157028324e-08 0.0 0.0 0.0 0.0 0.0 0.0 0.0 0.0 0.0 0.0 0.0 0.0 0.0 0.0 0.0 0.0 6.490469161360082e-08 0.0 1.2876291287538724e-07 4.949080478653968e-08 0.0 0.0 0.0 7.794281692151654e-07 0.0 1.5355308681984686e-07 5.880309171477948e-08 0.0 0.0 0.0 0.0 0.0 0.0 0.0 0.0 0.0 0.0 0.0 0.0 0.0 6.218397059715078e-08 0.0 0.0 0.0 0.0 4.8638105795260976e-08 1.0866641854792893e-07 0.0 0.0 0.0 0.0 0.0 0.0 0.0 0.0 0.0 0.0 0.0 0.0 0.0 4.335302416819114e-07 9.37369741021522e-08 5.0677984840192045e-08 0.0 0.0 3.986815313340503e-07 3.1448849806553066e-07 0.0 0.0 0.0 5.3347004912611226e-08 0.0 0.0 0.0 0.0 0.0 0.0 0.0 0.0 0.0 0.0 1.7584481621666965e-06 1.9081570809333134e-07 2.103373781404133e-07 2.795706388700236e-06 1.446388897046736e-07 8.077593234811638e-07 1.0587005049463538e-07 5.334114579330869e-05 0.0 0.0 5.936071755589643e-08 4.5550828130153816e-07 0.0 5.2293507308339385e-08 6.023400931713084e-07 1.1594580832653963e-06 0.0 0.0 0.0 9.751520279249039e-06 3.5549807706658295e-06 2.1815883650431585e-05 9.886992301415517e-06
0.00011917723021186362 0.0008812498542392992 0.00018331769529954814 0.0001853918870854744 0.0006210555377527507 3.7276933164724024e-06 0.0 0.00014899926239761934 0.00035685214460499254 0.0005323722118080515 0.00014498800367821529 9.221096867155322e-06 0.0023506379070362357 0.0006523038733015027 4.55055203082659e-06 5.606730034846259e-06 2.36259253502634e-07 3.629183617036393e-07 3.058525919529615e-07 4.7215519618922267e-07 5.158730478421814e-07 0.0 2.3777143621580953e-07 1.4992695620537787e-07 7.981834182794787e-08 7.200898288915642e-08 0.0 7.034035526914851e-08 0.0 0.0 6.622160258881454e-05 2.9873617167694412e-05 1.160341345834218e-05 2.3038555156392645e-07 1.5002709610622452e-07 2.4941894561808275e-07 0.0 0.0 6.360181042675896e-08 8.929161248523064e-08 0.0 0.0 3.5090179106785865e-07 1.91066279971244e-06 1.2288054088532761e-06 1.2022493658966017e-06 1.4449282117917222e-05 1.3327517971408153e-06 1.7864798318331568e-07 3.907133322578143e-07 0.0 0.0 0.0 8.64983417664641e-08 7.923219192796099e-07 7.798558902987624e-07 9.874448950911057e-06 4.004554812827262e-05 2.7220401330132346e-06 5.80440193057423e-06 4.4830365440590314e-07 1.0647416369221718e-06 3.8406127667644007e-07 1.286720093690063e-05 4.797751206571472e-07 1.9978779460828044e-07 1.9697541796439736e-07 3.03185793138503e-07 6.500631773795568e-07 2.6712210128595395e-07 3.962237202738219e-07 0.0 0.0 1.5180832646863237e-05 2.6462279277770328e-05 3.4307106822533385e-05 6.292032021450065e-05 5.233038885805312e-06 1.5432080855885067e-06 1.9418148500009306e-05 6.467506573225943e-07 3.303023890261554e-06 1.9360400723291674e-06 0.0 1.6038106292505434e-07 3.873233912642942e-07 3.8825548081107754e-08 0.0 0.0 0.0 3.81609414859561e-08 7.185033847094478e-08 3.103531712467971e-07 8.89042468434653e-08 0.0 2.4040128386042716e-06 2.6103164185013555e-07 0.0 3.462167603769589e-08 6.931309556777358e-06 7.896403669629761e-08 3.441609131279467e-07 8.504368882674064e-06 7.044183103142605e-07 1.9488359876303974e-07 5.9466554098015715e-06 2.6666161338544944e-06 4.8250503799222e-06 1.5756372476755066e-05 9.530104487315849e-06 3.1306865755043063e-07 6.170622634934719e-06 1.457207227938878e-06 1.315197058784573e-06 1.0460434477808856e-06 8.825208861285702e-08 0.0 0.0 0.0 0.0 0.0 0.0 0.0 0.0 0.0 0.0 0.0 0.0 0.0 0.0 0.0 0.0 0.0 0.0 2.3857436970880497e-07 9.845532366246251e-08 0.0 0.0 0.0 7.048814317257767e-07 0.0 6.258294953473249e-07 0.0 1.2964642055924817e-07 0.0 0.0 0.0 0.0 0.0 1.1676742399697913e-07 0.0 7.978695840428487e-08 0.0 0.0 0.0 0.0 0.0 0.0 0.0 0.0 0.0 5.6351612016402716e-08 2.762356058199649e-07 0.0 0.0 0.0 4.794339261144194e-08 0.0 0.0 0.0 0.0 0.0 0.0 0.0 0.0 0.0 7.773046341781142e-07 7.618878146692143e-08 0.0 0.0 0.0 0.0 0.0 0.0 0.0 4.138341019186434e-07 0.0 0.0 0.0 0.0 0.0 0.0 0.0 0.0 0.0 0.0 0.0 8.296204410523867e-07 2.2128781330145474e-07 6.812511955817423e-07 3.52495554093023e-05 7.298830072950053e-07 2.8328414488763482e-05 2.2230197724255696e-06 1.4032090163639291e-05 4.972486094358376e-06 7.77963136197192e-08 1.865001776062184e-06 5.575853303424024e-07 9.328599660303942e-08 3.5094909920243994e-07 4.307024280718652e-07 3.1985626889384313e-07 0.0 0.0 0.0 2.7622075290484585e-07 4.4322387976882316e-08 7.077320776930012e-06 1.2169687849655483e-06
5.174162046151577e-05 0.0006386213364824428 0.0008094119220687958 5.838712577684299e-06 7.595862036803776e-05 5.021199660791212e-07 0.00014899926239761934 0.0 7.04156483151395e-05 0.0001435228517188682 0.0012064904158428191 5.892075967092691e-06 0.00022978594419277787 0.0007378056590045459 3.8266849667527955e-06 5.768728369285941e-06 2.60491031155663e-07 1.4792333119702004e-06 1.2040362483197901e-06 4.020205722790672e-06 1.1967350436133471e-05 0.0 1.2009069382407575e-05 5.480658183756902e-06 3.1876956923036956e-06 3.75411614297787e-06 3.811997962516802e-07 7.776562826132024e-07 0.0 0.0 0.0003984028935728853 0.0006961764856351617 0.0001723650270535124 9.69816807379681e-06 1.0544944604194564e-05 1.7783550707292142e-05 7.617407580722522e-07 6.430550513510926e-06 1.761865870438053e-07 2.1086680798537452e-07 8.992773789334437e-07 6.307343000968458e-07 3.6399232190904366e-06 6.7793900296616335e-06 6.167464332313319e-06 8.122907779499878e-06 7.668822199942227e-06 2.7050741025762865e-07 3.468563118036447e-07 2.4787889403946936e-06 5.202350485991596e-07 4.016279507992348e-08 0.0 0.0 3.4483071404940647e-07 1.9036531775191732e-07 5.588298545779674e-06 3.300944406963847e-05 1.0395452865430071e-06 2.074401553450748e-06 2.059607346024259e-05 3.3347954009314754e-05 1.7775471662783688e-05 7.133940753877255e-05 1.4488685043948697e-07 2.5392071165393376e-07 4.186361105777282e-07 1.7257202871731344e-06 1.1435712763278906e-05 4.56841197313329e-06 1.3735714166463917e-06 0.0 0.0 6.467624265724659e-06 1.8458161469286958e-05 1.6072584686531373e-05 5.550176453629453e-05 3.0252470268597024e-05 0.0003269793449596406 0.0013214769229854284 1.1688159789882112e-05 0.0005216308676571155 8.44417103978585e-07 0.0 6.348941166729278e-08 3.411240838037798e-08 4.180854094694705e-07 0.0 0.0 0.0 4.370212887458249e-08 0.0 7.39761007307332e-06 8.841999427877028e-07 2.782172133466177e-07 2.898518711405947e-06 7.988345792739956e-07 0.0 1.3798138505132307e-07 7.427834882370689e-06 4.084313688006949e-08 0.0 1.1324467973729937e-07 0.0 5.797678996670654e-08 1.2337034473093168e-07 3.0816866811537004e-07 1.374709026920994e-07 4.043309266052351e-08 0.0 1.548916417202031e-07 8.523294143405369e-07 9.952321129033435e-07 4.2637410034290945e-07 6.174266908411411e-07 4.1756645526345146e-08 0.0 0.0 4.009046284342128e-08 0.0 0.0 0.0 0.0 0.0 0.0 0.0 0.0 0.0 0.0 0.0 0.0 0.0 0.0 0.0 7.624719899796068e-08 1.2147412981625909e-07 0.0 0.0 0.0 9.462067377726061e-07 5.074697120980799e-08 4.581410218628176e-07 0.0 0.0 0.0 0.0 0.0 0.0 0.0 0.0 0.0 0.0 2.3148847604114208e-07 0.0 0.0 0.0 0.0 0.0 0.0 0.0 0.0 8.742792113641905e-08 0.0 0.0 0.0 5.158700437072892e-08 8.643162915726974e-07 0.0 0.0 0.0 0.0 0.0 0.0 0.0 0.0 0.0 8.938279279452667e-08 0.0 0.0 0.0 0.0 5.6595950392080186e-08 0.0 1.2728612117016744e-07 0.0 1.4664108192398046e-07 0.0 0.0 0.0 0.0 0.0 0.0 0.0 0.0 0.0 0.0 0.0 8.819190339541267e-08 5.110845282768941e-07 7.509783780274837e-07 2.497210076845856e-05 9.508751012621647e-07 1.628519914610703e-05 1.4184266486815205e-06 6.4569214153932395e-06 4.200912986076211e-06 0.0 1.2714751374142317e-06 4.4335098543064747e-07 0.0 4.565490602623259e-07 4.654202426394238e-08 1.1778737408206991e-06 0.0 0.0 0.0 0.0 0.0 1.5117657411164567e-06 2.084095685495724e-07
2.5320761763815623e-06 0.00074337140869401 0.0002431308288753859 9.965319992752565e-06 0.0006502000054222351 0.0 0.00035685214460499254 7.04156483151395e-05 0.0 2.96742771724777e-05 0.0002949655829707419 6.329806722524511e-07 0.000451036751681446 0.00040341047689752417 0.0 2.4511056571761064e-07 0.0 0.0 0.0 0.0 0.0 0.0 5.6816205982147315e-08 0.0 0.0 0.0 0.0 0.0 0.0 0.0 7.92947092487983e-06 1.8509253350598264e-06 9.478358176809503e-07 0.0 0.0 0.0 0.0 0.0 0.0 0.0 0.0 0.0 0.0 0.0 0.0 0.0 1.9112120096265418e-07 1.0005852513890059e-07 0.0 0.0 0.0 0.0 0.0 0.0 0.0 0.0 5.810800262576711e-08 6.539247737644783e-07 0.0 0.0 0.0 0.0 0.0 5.917895341496654e-08 0.0 0.0 0.0 0.0 4.39593816129769e-08 0.0 0.0 0.0 0.0 1.7487945595362042e-07 1.8744762241415192e-07 2.9940874746219476e-07 8.888611982517869e-07 5.8141722253606935e-08 0.0 1.335081927808139e-06 0.0 1.2972536064985166e-07 0.0 0.0 0.0 0.0 0.0 0.0 0.0 0.0 0.0 0.0 0.0 0.0 0.0 8.343580487638835e-08 0.0 0.0 0.0 7.602425925841377e-08 0.0 0.0 0.0 0.0 0.0 0.0 5.066134870539541e-08 0.0 0.0 0.0 0.0 0.0 0.0 4.677393912831235e-08 0.0 0.0 0.0 0.0 0.0 0.0 0.0 0.0 0.0 0.0 0.0 0.0 0.0 0.0 0.0 0.0 0.0 0.0 0.0 0.0 0.0 0.0 0.0 0.0 0.0 1.0245945646206249e-07 0.0 0.0 0.0 0.0 0.0 0.0 0.0 0.0 0.0 0.0 0.0 0.0 0.0 0.0 0.0 0.0 0.0 0.0 0.0 0.0 0.0 0.0 0.0 0.0 0.0 0.0 0.0 0.0 0.0 0.0 0.0 0.0 0.0 0.0 0.0 0.0 5.137687026099179e-08 0.0 0.0 0.0 0.0 0.0 0.0 0.0 0.0 0.0 0.0 0.0 0.0 0.0 0.0 0.0 0.0 0.0 0.0 0.0 0.0 0.0 0.0 0.0 9.799489199240429e-07 0.0 3.420717998226503e-07 0.0 1.4195753310727268e-07 7.491377939747726e-08 0.0 0.0 0.0 0.0 0.0 0.0 1.3265670662744827e-07 0.0 0.0 0.0 0.0 0.0 1.62904809620189e-07 0.0
0.0006859063000811876 0.00111561067314748 0.00014841248331621846 0.0009331457988530659 8.011836730845951e-05 9.237702191084683e-05 0.0005323722118080515 0.0001435228517188682 2.96742771724777e-05 0.0 2.8487695100108294e-05 0.0004211472709107271 0.0038224798073366157 0.00021314726256393106 4.0619370838774495e-05 4.785374475577962e-05 2.218713079438486e-06 6.407033897041572e-07 8.584207436396128e-07 9.967622023730022e-07 1.2965152665656875e-06 0.0 5.327270554248566e-07 2.445295654081072e-07 2.4975755231761983e-07 4.808308301994164e-07 3.832631491779414e-08 2.337585706104368e-07 8.097580051808965e-08 0.0 0.0002983729664560848 7.602853642264991e-05 3.101434990033831e-05 1.2845960740149115e-06 5.497775464774375e-07 8.232280582932548e-07 5.302223596670541e-06 8.756221715006142e-07 7.480433848375154e-07 3.9890046970261347e-07 1.3599752209351015e-07 1.7037613969717868e-07 6.548758325435807e-07 9.279600732122884e-06 2.784114041055096e-06 4.169710879195913e-06 0.00010371821285657969 8.329052196167452e-06 1.8315840995055524e-06 7.571856538854539e-07 1.8501859761443245e-07 4.366964569522985e-08 3.7028578350788535e-08 1.7566634668282692e-07 3.3273869830932414e-06 2.567893091134659e-06 6.991959745335324e-05 0.0002229893660565897 1.6021761071048632e-05 3.753273258529458e-05 1.8629692846416319e-06 3.1672713123413465e-06 1.2897623068464622e-06 5.202853796949592e-05 1.7761975200001503e-06 1.2567760047991076e-06 1.4689047731183753e-06 7.194637727719849e-07 2.2102692919462636e-06 5.349819553470384e-07 6.867153851601525e-06 4.0463875257208036e-07 0.0 8.292763106900987e-05 0.0001233843498307203 0.00017307242887985313 0.00023886719361626235 2.6712642279768295e-05 4.945009409876716e-06 4.823962433868944e-05 2.1043802380461097e-06 7.901816508694766e-06 1.0203747001412269e-05 0.0 1.0009076910585739e-06 1.218111984111579e-06 2.705732930794086e-07 0.0 1.686705428887339e-07 0.0 2.660002262163463e-07 4.777115657983441e-08 1.1133892770400642e-06 6.301007383000176e-07 1.0847541210988984e-07 0.0002701150478479276 6.832735975205062e-06 0.0 1.296503324585826e-06 0.00017253886132837583 2.3043945667931827e-06 7.148712448931978e-06 5.545368401906054e-06 3.0385847703532996e-07 1.618120063437045e-05 3.518076433641425e-06 8.949917550596484e-05 2.3561551275236776e-06 4.2575092148245324e-05 1.114399264705535e-05 9.499613151916428e-06 8.464567159444295e-05 5.942450517222161e-05 4.450750389976864e-05 5.918017653279932e-05 3.5795811249142654e-07 1.579910266391906e-07 0.0 6.085172531206477e-08 0.0 0.0 0.0 0.0 0.0 0.0 2.409152152274662e-07 0.0 4.141367708390344e-08 0.0 0.0 4.376162441472997e-08 0.0 0.0 0.0 5.1510946043897334e-06 7.151545270469063e-06 0.0 0.0 0.0 2.5593034875326125e-05 6.392531443615588e-07 1.1037711120173448e-05 8.846789795901737e-07 4.6042399351497535e-07 0.0 0.0 0.0 6.489905396769689e-07 2.3957383637817815e-07 2.0223148903050405e-07 0.0 9.057901911538992e-07 1.439384453646505e-06 0.0 0.0 0.0 2.5330206179866e-07 2.2529752254586514e-07 0.0 8.422091859922632e-08 0.0 1.870605298473163e-06 5.347915562599522e-06 1.4821387204894557e-06 9.851160816452859e-07 5.567564873509562e-07 8.616108217444722e-06 1.1764028766122472e-06 0.0 0.0 0.0 3.687775338192948e-08 0.0 0.0 0.0 0.0 2.0471459117854026e-05 1.8532293760427387e-06 1.9112818161529433e-07 0.0 0.0 5.4232395073760685e-06 2.0892850163034113e-06 3.1423908403774667e-06 1.6922402134610603e-06 2.2531320493773313e-06 9.215734685198436e-07 1.6904801383594702e-07 0.0 0.0 0.0 4.316066074347058e-08 0.0 1.1528689809306176e-07 0.0 0.0 0.0 3.049355200050518e-05 5.895305722767374e-06 1.8974192111498132e-05 0.00043966752915924645 5.540824991166757e-06 0.00021371765870908962 2.0832577518119074e-05 0.00030853594613230653 5.526362742820526e-05 2.9022628451845827e-07 1.689304267149494e-05 1.0673512562074055e-05 2.3728801592385254e-07 8.139463927263313e-06 1.019558671478223e-06 1.9293903268560724e-05 4.10938631587103e-07 0.0 1.9756368473875408e-07 1.2660636404239653e-06 1.8938420892525938e-06 0.00046665775432943386 9.095524191756168e-05
2.8705045443202207e-05 0.0010989579364731605 0.000780354217250961 4.287284324700449e-06 0.00023738253763887899 1.7738272979566272e-07 0.00014498800367821529 0.0012064904158428191 0.0002949655829707419 2.8487695100108294e-05 0.0 4.196191200556034e-06 0.0003189660026551782 0.0022235817377907986 1.1255601086045706e-06 2.1903298079367547e-06 5.074129224539935e-08 4.344319543610869e-08 1.1970509822977292e-07 7.521118564516135e-08 4.388026195774388e-07 0.0 3.254054093179652e-07 1.2080156086564826e-07 3.374560257803071e-08 0.0 0.0 8.895686114391632e-08 0.0 0.0 0.00010512385860131445 6.166673238901917e-05 0.00018769293790722632 3.524324024554718e-07 2.737284113799556e-07 5.185289888991957e-07 0.0 9.053899950290882e-08 9.956416320982806e-08 1.0447292273051535e-07 4.6694247227322167e-08 3.317137477531655e-08 0.0 5.926506304280318e-07 2.874284749774811e-07 1.3511036098396838e-07 2.8381341896493984e-06 1.921149700276918e-07 0.0 1.1110917786715085e-07 4.562386806254897e-08 0.0 0.0 0.0 3.975852613107533e-08 0.0 2.285467324016312e-06 1.1156312809287905e-05 3.5306857694872645e-07 7.394685897254287e-07 0.0 1.3699950130076904e-05 8.691276636884165e-08 6.529741520916629e-06 4.2113556634140196e-08 0.0 3.790427279860587e-08 7.524538369779271e-08 2.2766498898685543e-07 1.441507069113827e-07 4.418090782473067e-08 0.0 0.0 1.9468543521438537e-06 4.505153733839943e-06 5.715749832235828e-06 1.3004169046203372e-05 1.9387042118473822e-06 9.678921864590094e-06 0.0009001931538997032 9.218745250865541e-08 7.723662362415915e-05 5.245931101182435e-07 0.0 4.423608511513637e-08 4.0130793432016887e-08 0.0 0.0 0.0 0.0 4.223521943729695e-08 0.0 2.3512822001558836e-07 0.0 0.0 2.1332359695627556e-07 7.48617677879974e-08 0.0 0.0 3.6485648383406138e-06 0.0 5.5291391611813424e-08 0.0 0.0 0.0 0.0 1.562963279746985e-07 0.0 8.100004174307898e-08 4.60372923221806e-08 5.215005443058625e-08 0.0 7.796364113723177e-08 1.3652467476072984e-07 4.887577107709286e-08 5.0707724843629534e-08 0.0 0.0 0.0 0.0 0.0 0.0 0.0 0.0 0.0 0.0 0.0 0.0 0.0 0.0 0.0 0.0 0.0 0.0 0.0 0.0 0.0 0.0 0.0 9.246492024781948e-08 0.0 3.913146345544131e-08 0.0 0.0 0.0 0.0 0.0 0.0 0.0 0.0 0.0 5.2381848135431095e-08 0.0 0.0 0.0 0.0 0.0 0.0 0.0 0.0 0.0 0.0 0.0 0.0 0.0 0.0 0.0 0.0 0.0 0.0 0.0 0.0 0.0 0.0 0.0 0.0 0.0 0.0 0.0 0.0 0.0 1.619301682268494e-07 0.0 0.0 0.0 0.0 0.0 0.0 0.0 0.0 0.0 0.0 0.0 0.0 0.0 0.0 0.0 8.994469339222254e-08 1.451249040531302e-07 0.0 7.784826648236266e-06 5.6612987285306046e-08 5.909066931538582e-06 4.1658763541982203e-07 3.955691888698484e-06 5.130760180714816e-07 0.0 3.710286405163436e-07 0.0 0.0 0.0 0.0 5.350553749126122e-08 0.0 0.0 0.0 1.182918096489933e-07 0.0 1.5330553740608802e-06 1.1659120212766027e-07
5.493185398297942e-06 8.498030392603706e-05 8.63688079434902e-06 1.1274399576633873e-07 3.950985036866443e-06 1.9588529358714655e-05 9.221096867155322e-06 5.892075967092691e-06 6.329806722524511e-07 0.0004211472709107271 4.196191200556034e-06 0.0 0.0007793849332615435 3.3173385454915926e-05 2.436745351522323e-05 3.093537424475422e-05 4.4944078532371744e-06 6.21207946034284e-07 4.454482008908548e-07 1.935414444927908e-06 1.2242114267495221e-05 6.790042611216741e-08 7.939083497924462e-06 5.0118730770390074e-06 3.8998339209739665e-06 5.138383488329476e-06 1.6235555062094585e-06 1.019640078252492e-06 0.0 3.465999351418166e-07 2.7036763134054257e-05 4.077627679798649e-06 0.00010675919963315862 2.5076870466785894e-06 5.246153223871851e-06 1.4774054866368162e-05 0.0003375887528495521 4.2935082248879285e-05 2.0538761056298567e-05 2.082749867237169e-06 3.3107509539228924e-06 9.399537164272638e-07 2.5198678754572464e-06 2.949082200494892e-06 1.92248587237328e-06 1.3121985811100916e-06 4.462254631347324e-05 1.476933533317249e-06 8.947583305786616e-07 1.3398033840229396e-06 1.1334658452856203e-06 5.5603392922293874e-08 0.0 8.953313001863075e-08 6.6348582294439e-07 3.789923287302594e-07 6.124986619853113e-06 1.352045042339182e-05 2.616291422229689e-06 5.157508839356554e-06 9.00767113893267e-06 2.301329785655903e-05 1.1375247210653282e-05 4.004907136338371e-06 2.6122696343126197e-07 1.0918883574170876e-06 2.9576440253244806e-07 2.0885337091947386e-06 1.4876874085846839e-05 6.971202846473577e-06 0.0003712615179123677 6.286798011358824e-07 0.0 7.313134672871503e-06 9.141660252391237e-06 1.815947080947697e-05 1.3952556919493936e-05 6.4185808502513e-06 1.4217847216132768e-07 2.2950039474359578e-05 4.5636841762366727e-07 5.956726173997051e-06 2.030154980270052e-06 0.0 2.2770055707411712e-07 1.182747758624219e-07 4.407793589765051e-07 0.0 0.0 0.0 0.0 3.624261029796568e-08 1.045281388230356e-05 1.4896621926554142e-06 3.7558666495836295e-07 0.000452028364709627 4.354598860939611e-05 0.0 1.3225282088443155e-05 1.595971753366107e-05 3.2876989469525555e-06 7.1313892619615306e-06 5.296077820144862e-06 1.4224881303230147e-07 1.6282864464190878e-05 3.33879836811431e-06 5.482266029060472e-05 1.9281021227477057e-06 3.783944958211294e-05 1.264103612030069e-05 1.4171920483430596e-05 8.740204749497445e-05 6.299327457409784e-05 5.26400161315183e-05 7.648412908690075e-05 6.364313669811873e-07 2.003389337548213e-07 0.0 1.253191366662014e-07 0.0 0.0 0.0 1.8635419497971371e-07 0.0 0.0 1.4256552092433501e-07 0.0 1.4255692791801428e-07 0.0 0.0 5.4672701370031276e-08 1.1319621282059315e-07 9.855331686505621e-08 9.01372904373608e-08 7.536517337469098e-06 7.271687092867145e-06 0.0 1.746549908467186e-07 0.0 4.36637061508559e-05 1.4545199220981282e-06 2.0313123724777877e-05 2.163503750105039e-06 1.1962898084543946e-06 0.0 0.0 0.0 8.906182257253221e-08 1.4086643255704787e-07 5.670723696923871e-08 0.0 1.450869469485653e-06 1.4262756392116471e-06 0.0 6.054410438441592e-08 0.0 6.389352404075466e-07 5.829220238381754e-08 8.95804101933216e-08 1.4859595358208809e-07 8.801168947507355e-08 2.2564432925992983e-06 6.529545851390198e-06 5.590060438274143e-07 3.7988325821169815e-07 7.278005888301362e-07 1.5380656736515933e-05 1.3727987978879143e-06 0.0 0.0 0.0 4.0659726212259634e-08 0.0 4.508380103261231e-08 0.0 0.0 3.1903913447930654e-05 1.984172809318496e-06 1.4946361422139297e-07 0.0 5.7546580452862755e-08 9.334384269605172e-06 1.34523104493652e-06 2.954759176644643e-06 1.7274210438138826e-06 3.413770782508641e-06 1.2341124321596816e-06 3.255080065825138e-07 3.7429330877418894e-07 0.0 0.0 0.0 0.0 0.0 0.0 0.0 0.0 3.538003933420571e-05 1.1214687381508883e-05 3.5765226614695576e-05 0.0002722988595778645 3.5534031618090843e-06 0.00010720609268002657 2.870434314356812e-05 4.166200513090384e-05 3.1344746274361436e-05 7.243103557096994e-07 1.0080260877881785e-05 1.3556151158586938e-05 8.732723135772761e-08 1.2001713399305161e-05 1.2747382399182137e-06 1.5918041210686575e-05 5.278614566550056e-07 0.0 2.565986633580131e-07 3.5158579747764165e-06 8.152825812879622e-07 0.00024632530614591 5.9175806038448973e-05
