0.0 0.0007384979058971275 0.00022943875420877767 0.0006846847501472962 4.7503290433469926e-05 1.9248796079986023e-05 0.0001596640480028101 6.432205836785466e-05 6.414739711161107e-06 0.0008756578093090847 5.083817950356823e-05 1.0320104268943204e-05 2.6031353917936863e-05 8.740646051962456e-05 4.066894907770666e-07 1.9232195196993584e-07 1.0776266040104069e-07 0.0 0.0 5.8226546661591386e-08 0.0 0.0 0.0 0.0 0.0 4.642783586682433e-08 0.0 6.00242784572038e-08 0.0 0.0 0.00011559927029748352 4.654890001354608e-07 2.837119302060153e-06 0.0 0.0 0.0 2.0971342659219364e-06 8.505525473651588e-07 1.489545614372102e-06 0.0 3.9803425467953943e-07 0.0 0.0 7.201239648995459e-08 0.0 0.0 6.887304669644865e-06 6.154895657796188e-07 1.8350793853325083e-07 5.9256023736010455e-08 1.690942441585176e-07 0.0 0.0 5.6734902499232875e-08 5.193223137942742e-06 2.4430620937839468e-06 0.00012135092761821202 0.00016800404537971198 2.016361287369341e-05 1.2006725996743107e-05 0.0 0.0 0.0 6.758666661914212e-07 1.837405591668531e-06 8.601303480584273e-07 3.8729791359983293e-07 2.9377402851390666e-07 1.0472130746903795e-07 2.5117432494481264e-07 1.4498569654466893e-06 3.0081733127070434e-06 2.7133936197825863e-07 0.00011602997951787069 4.02309214664923e-06 4.870284659177379e-06 4.1190402487743636e-07 1.309436463237615e-07 3.191300687905268e-07 4.439696071524065e-05 4.568510122640077e-08 4.915976921608647e-08 3.921602942076092e-06 9.192462392820714e-08 1.4687507062707701e-06 5.35593441122717e-07 2.937656406211691e-07 0.0 6.191218838817701e-08 0.0 0.0 0.0 2.0490160707461293e-07 1.0104068438776116e-07 1.0054660683832007e-07 4.909068369685604e-05 1.9175401674562147e-05 2.1623846574183974e-07 8.499338325261513e-07 0.0005858542782559391 0.0 7.377078144327068e-07 1.286627379238942e-06 3.8409367641083484e-07 0.0 2.069519122451194e-06 1.5226327845022384e-07 0.0 2.2103524275075293e-05 1.6419314953019451e-06 0.0 2.3386558088773833e-06 1.7305071328724097e-06 1.888016196954196e-06 1.5390092333449215e-06 0.0 0.0 0.0 0.0 0.0 0.0 0.0 0.0 0.0 0.0 0.0 5.654481395217498e-07 0.0 0.0 0.0 0.0 0.0 0.0 0.0 4.1862556989227483e-07 0.0 0.0 0.0 0.0 8.104309522172678e-07 1.4008753933649032e-07 1.420892577211986e-07 2.633603707231896e-07 3.4981567416490675e-07 0.0 0.0 0.0 0.0 0.0 0.0 0.0 0.0 0.0 0.0 0.0 1.945896958539582e-07 5.635960563361899e-07 0.0 0.0 0.0 0.0 0.0 1.754464110767184e-07 8.83456294504897e-08 0.0 0.0 2.522444733528912e-07 0.0 0.0 0.0 0.0 0.0 0.0 0.0 0.0 0.0 1.7703345011326074e-06 0.0 0.0 0.0 1.130727974152265e-07 8.684758330359512e-07 0.0 2.362073495828563e-06 6.295026636802478e-07 7.090286559932397e-08 1.0716085810662875e-07 0.0 0.0 0.0 0.0 0.0 0.0 8.418298848769005e-08 0.0 0.0 0.0 5.38928664539856e-07 7.423245205415974e-07 1.0730328817222297e-06 6.309624570163693e-05 1.4088086407661989e-06 6.489483813068457e-05 1.4609180186797839e-05 0.00045823344466217774 5.0229474980477624e-06 3.7524307783724893e-07 1.3366998995478037e-06 2.719185526025349e-06 5.842858546927083e-08 2.3774692906029244e-07 6.250571053946166e-08 2.065012845602492e-05 0.0 1.9063920558533983e-07 0.0 5.521274489051189e-07 0.0 9.406648614313487e-05 4.277443033710066e-07
0.0007384979058971275 0.0 0.0006035606177491167 0.00034198164550569484 0.0008048201776611533 1.8431342969629703e-05 0.0014249065119347581 0.00023308899219005465 0.00015101598476782875 0.0007380923501104519 0.0004724685538672546 1.559830383034991e-05 0.0006235436577795166 0.0007493459370732311 3.090339742373319e-06 2.7600309664781407e-07 5.131080162322023e-07 1.4641433122147364e-07 0.0 4.823220255189969e-08 0.0 0.0 0.0 1.966035277813898e-07 1.1789335335409186e-07 1.1606388100982463e-07 0.0 3.605385216780354e-07 5.818688651658208e-08 5.650586412575032e-08 0.0005517486079517569 1.1814486920800327e-05 1.4712629663453679e-05 0.0 0.0 1.4870146589112802e-07 6.354809771631905e-06 2.661270073209673e-06 2.9467998723701943e-06 3.04599229868356e-07 1.0972909244607332e-06 2.0956082454896873e-07 4.4593589385979176e-08 3.9622216732046693e-07 0.0 1.1564984484394768e-07 0.00011364693394871626 2.6106265048316983e-06 6.242682870747255e-07 3.562204353255645e-07 1.1180060895620378e-06 0.0 0.0 1.4894377818775208e-07 1.6551013940688032e-05 9.681221628709923e-06 9.80887512617947e-05 0.0003226295605830008 5.2559752047045856e-05 8.615018771823616e-05 9.209427444630552e-07 7.363040027795777e-07 4.842953228718898e-07 3.443863510382639e-05 6.940715629282305e-06 3.8954567531863154e-06 1.1059751244823432e-06 7.694440779683549e-07 9.288586773308243e-07 1.5898591422265542e-06 1.7454736092707864e-05 8.455853607835851e-07 0.0 0.00042351735134465903 3.181340568387169e-05 5.393259723715284e-05 1.3417806745252542e-05 8.310446586278593e-07 3.4277699883944836e-06 0.00014017230125948975 6.567573266856307e-07 2.9897462271565923e-06 1.636411463704648e-05 0.0 5.369656390401941e-06 7.710256971995009e-07 1.540654416557693e-06 0.0 4.905432378979429e-08 0.0 5.538085624686978e-07 1.150057839812327e-07 1.1448123152663585e-06 7.79112371757383e-07 5.23068800482512e-07 3.3474719286817814e-06 7.176986952295307e-07 0.0 4.545071374784306e-06 0.0005542061597199676 3.909586328415642e-06 4.724606187342351e-06 4.992479567607197e-06 4.822975220143578e-06 1.5836517824961192e-06 1.4384582390253556e-05 1.4615871516335434e-06 2.6380664888783064e-06 1.826895238405072e-05 1.6707219159889724e-05 6.802246489092006e-07 3.1974621094182096e-05 2.4983883955742958e-05 3.191519162258307e-05 2.5828644257039662e-05 4.239492460594121e-07 6.939241332807203e-07 0.0 0.0 0.0 0.0 0.0 0.0 0.0 0.0 0.0 0.0 0.0 0.0 6.2295408165518e-08 6.419137859618221e-08 0.0 0.0 0.0 5.926649393140858e-06 5.558163521295229e-07 0.0 0.0 0.0 1.448357911840939e-05 1.4496075250989243e-06 1.3493355450797686e-05 4.014504299644493e-06 1.4111972797129389e-06 0.0 0.0 0.0 0.0 3.4052652224489266e-07 5.350875815678149e-07 0.0 7.041812331034758e-07 6.867884857925525e-07 0.0 0.0 0.0 0.0 0.0 1.7359528106078782e-07 8.308337056120385e-08 0.0 3.97533944229566e-07 1.3295585579071548e-06 6.581545283145914e-07 0.0 0.0 6.479117600188443e-06 9.91599771038127e-07 0.0 0.0 0.0 0.0 0.0 0.0 0.0 0.0 3.673078958331432e-05 8.994034854771455e-08 8.414983476145447e-08 6.808770810877901e-08 0.0 1.1100533208323127e-05 2.0071111490966747e-06 6.939480918209844e-06 1.152324684401525e-06 8.812535609338068e-08 3.1693697880955537e-07 0.0 5.600070991637389e-07 0.0 0.0 0.0 0.0 6.031725379173166e-08 7.158829402394938e-08 0.0 0.0 1.986621787808437e-05 2.499734631637601e-05 1.2297157636490791e-05 0.00035835461120961126 1.0684151300276984e-05 0.0004772968431489847 0.0001570113032238122 0.00043865664160734586 3.944049765668729e-05 2.5826749546450595e-06 2.0551996563539027e-05 5.906059520115215e-06 0.0 4.142678333409126e-06 1.2617688023360544e-06 4.855861113172895e-05 2.074014763584519e-06 1.2095717622405082e-07 2.556393651888226e-07 8.557327963683854e-06 9.733972646849787e-07 0.0001001636760744433 7.2640288114615845e-06
0.00022943875420877767 0.0006035606177491167 0.0 6.939317897193729e-06 0.00013737011383404117 5.594062127410139e-07 3.873199406454487e-05 0.000786009511380454 0.00022473983445102656 6.19453789150487e-06 0.0011533792735835362 4.131620836327591e-06 0.00012359219224686657 0.0008265843076013017 2.27851535976345e-06 9.370717546141954e-07 6.596194091314462e-08 1.5567905713368363e-07 0.0 1.9581832736187427e-07 4.807070743603369e-07 0.0 2.2119522133229653e-07 1.382421946457878e-07 6.058666925955333e-08 3.224466142271478e-07 0.0 4.426159625988789e-08 0.0 0.0 0.0014988772266920159 2.2754944912756234e-05 2.522748429120818e-05 0.0 7.77131216971372e-08 2.4069946730392596e-07 7.329822194686333e-06 2.374685724469266e-06 1.4837802021008177e-06 0.0 5.518878635024777e-06 1.3132228674266624e-06 5.445836500374809e-07 2.968765086286563e-07 0.0 0.0 2.100047158525316e-05 7.72330420653343e-07 4.109889820333351e-07 7.141019469314141e-07 1.661987572614118e-06 2.073873325644183e-07 0.0 7.629816210356154e-08 3.907324204088216e-06 1.903564842839151e-06 5.7768498132591524e-05 0.00028577844241811184 1.7699424048594888e-05 1.8145687497125665e-05 4.7282801672457335e-07 1.0381345401047079e-06 9.263451980279441e-08 2.2818641940284733e-05 1.2721786413755776e-06 1.0917470992629607e-06 6.46571967382233e-08 1.0832210466597103e-06 2.2049237642643646e-06 5.916064701349167e-06 3.4045479623028993e-06 1.2156060719526414e-06 7.797503613439808e-08 0.00012975911831027338 1.1636856462421471e-05 1.4364356731631688e-05 5.539154426224929e-06 2.2605727827682044e-06 4.807887896755387e-05 0.0006629679250088038 6.782692048378855e-07 4.056808195307574e-05 4.331090856000386e-06 4.957913069924e-08 1.063874670443983e-06 2.2573169127948103e-07 6.666146837427327e-07 0.0 0.0 0.0 0.0 0.0 4.9329451520319875e-06 6.155783100163195e-07 4.956505196939407e-07 2.550158347710789e-07 7.918332368705285e-08 0.0 2.334350209047056e-06 0.0002912576258646387 5.158111597144447e-07 2.5096135784012276e-07 1.76980782103763e-07 3.5339844816741507e-07 0.0 7.740560762481196e-07 0.0 2.8747309239117137e-07 3.82246234746948e-07 1.033702782057623e-06 0.0 2.439163468375808e-06 1.0823843543591348e-06 1.7290913237145992e-06 7.684380903089732e-07 1.2759122855535366e-07 5.25938073142705e-08 0.0 0.0 0.0 0.0 0.0 0.0 0.0 0.0 0.0 0.0 1.2228542224665738e-07 0.0 0.0 0.0 0.0 0.0 0.0 1.8970986519679946e-07 0.0 0.0 0.0 0.0 1.0052459607947227e-06 0.0 1.2128966416950613e-06 2.68202364690282e-07 1.544462855542039e-07 0.0 0.0 1.3669660108241247e-07 0.0 0.0 1.5709717461968323e-07 0.0 0.0 8.365240454144776e-08 0.0 0.0 0.0 0.0 0.0 0.0 0.0 0.0 0.0 6.819341876488106e-08 3.0191467319388446e-07 1.7091276334047972e-07 0.0 7.585123578357261e-07 0.0 0.0 1.575341904620572e-07 0.0 0.0 0.0 0.0 0.0 1.8560321258918005e-07 2.426158637453239e-06 0.0 1.581342563300576e-07 0.0 5.821236515519411e-08 1.175243399484428e-07 9.108275467328035e-07 1.923789854963357e-06 0.0 0.0 4.2144154793754413e-07 0.0 1.4648030713668235e-07 0.0 0.0 1.2478518005109195e-07 0.0 6.002025442368197e-08 6.39443087398433e-08 0.0 0.0 2.351756304877005e-06 2.2594087430074268e-06 7.119197189400008e-07 4.910660813608366e-05 3.064473026963061e-06 8.63168761663946e-05 2.5892693588495782e-05 9.272456377745769e-05 4.25281952501462e-06 7.107839841729966e-07 3.1809040896351606e-06 5.752673532168179e-07 6.005572891075403e-08 3.767274489009145e-07 6.688795764062992e-08 2.030815619924007e-06 0.0 4.0696655232300133e-07 0.0 3.7783331298942344e-06 0.0 1.6080356498420104e-05 5.328691745726468e-07
0.0006846847501472962 0.00034198164550569484 6.939317897193729e-06 0.0 9.640257618099463e-06 0.0001860089479074276 0.000192307564143756 4.0107493210437016e-07 0.0 0.0006598900770351512 1.5951524744457544e-06 1.0549301515081876e-06 6.67033349992247e-05 2.2094161306383807e-05 5.413262840021904e-07 5.835723450619611e-08 0.0 0.0 0.0 0.0 0.0 0.0 0.0 0.0 0.0 0.0 0.0 0.0 4.557116015776072e-08 0.0 1.0722012913657004e-05 5.432423994657584e-07 3.0631564800616e-07 0.0 0.0 0.0 5.922118787259002e-07 3.920710928639077e-07 1.6316419048274787e-07 0.0 0.0 0.0 0.0 0.0 0.0 0.0 1.2194238855675026e-05 4.386816927908213e-07 0.0 1.413688189616684e-07 2.946114419080274e-07 0.0 0.0 0.0 3.97723709527793e-06 1.5314846387732058e-06 2.6661897596188258e-05 3.841787642473959e-05 8.33198636329148e-06 1.2195192112332828e-05 0.0 0.0 0.0 4.229327693898931e-07 1.32708405495368e-06 6.468228582055206e-07 1.993072473096255e-07 1.0436365335884034e-07 1.0962558899929538e-07 1.2864364800832775e-07 6.559005473711724e-07 8.212273429836181e-07 0.0 8.028806051986032e-05 2.3533666518119336e-06 4.8581513775543064e-06 1.1554575250410751e-06 0.0 4.7041759992391204e-08 6.820837814058011e-07 4.831945901513589e-08 5.045634514170652e-08 2.806478379620307e-06 0.0 8.088645837001903e-07 3.5862371164243784e-07 5.451190785719693e-08 0.0 0.0 0.0 1.7325953327520037e-07 0.0 5.4588679454511137e-08 0.0 4.896179588408664e-08 2.4469813822519614e-06 0.0 0.0 7.078149478063453e-07 0.00026257601545846333 1.164063159019938e-06 7.568342115306455e-06 1.9568557072475236e-06 4.499248150990192e-06 3.8251531038907574e-07 4.244038275747888e-06 2.8779226207037626e-05 7.061751313530084e-07 1.1897497278567928e-05 7.891293457717598e-06 0.0 4.9588070850172355e-06 4.5971190697758085e-06 4.290658962696009e-06 2.3898726632009914e-06 9.882289488074426e-08 0.0 0.0 0.0 0.0 0.0 0.0 0.0 0.0 0.0 0.0 0.0 0.0 0.0 0.0 0.0 0.0 0.0 0.0 1.3549651244625578e-06 0.0 0.0 0.0 0.0 7.663311668624883e-07 3.510912637818197e-07 2.1161456776088582e-06 0.0 1.5894400293963478e-07 0.0 0.0 0.0 0.0 0.0 0.0 0.0 0.0 6.96275163469262e-08 0.0 0.0 0.0 0.0 0.0 0.0 0.0 0.0 0.0 1.6279913065895232e-07 8.842721082463752e-07 0.0 0.0 1.1446538487433842e-06 0.0 0.0 0.0 0.0 0.0 0.0 0.0 0.0 0.0 2.966964109569995e-06 0.0 0.0 0.0 0.0 1.9429657049881922e-06 1.3179247703235465e-07 5.967601431111928e-07 0.0 0.0 0.0 0.0 8.011426374288409e-08 0.0 0.0 0.0 0.0 0.0 0.0 0.0 0.0 1.5747043087344727e-06 1.1178417672621668e-06 7.16041406762468e-07 8.892380918035506e-05 2.0684506027199165e-06 7.15219996133253e-05 1.9288767691820635e-05 0.0004500705901766683 7.102761457550598e-06 0.0 1.2167612721011612e-06 1.6896112448809342e-06 0.0 5.38628287635946e-07 0.0 3.8868000392614416e-05 0.0 5.1396995095109004e-08 0.0 2.7885893376045e-07 4.616603000801687e-07 0.00012595094292706005 3.2472024206873383e-06
4.7503290433469926e-05 0.0008048201776611533 0.00013737011383404117 9.640257618099463e-06 0.0 3.055957231293865e-07 0.0014501843020863446 0.00010085954808445733 0.0004952479959937304 0.0007736853348412494 0.00045984736402300254 9.846696903285316e-06 0.0006536002875598677 0.0007976418301379522 3.4380685096539554e-06 5.427351640312176e-07 2.5376193597955564e-07 9.360398863272716e-08 0.0 7.266183654475129e-08 0.0 0.0 0.0 1.3507876554956991e-07 2.1549397809814154e-07 2.64799743891922e-07 5.01801455926539e-08 1.3450832668017671e-07 7.121102948468341e-08 0.0 3.3873374394751705e-05 1.2372996304525593e-05 2.809230420704531e-06 7.199232190871896e-08 0.0 0.0 6.2679571415023365e-06 1.3515329927036323e-06 1.260979051567613e-06 2.8338577255016305e-07 9.420573622349086e-07 0.0 6.118989301997766e-08 0.0 6.916849057454765e-08 2.910528494045922e-07 4.504719207488672e-05 4.6800104968389716e-07 2.228967907449628e-07 0.0 3.183151253343622e-07 2.340813950686687e-07 0.0 1.8045988854854844e-07 1.8904892908743056e-06 1.001356336623257e-06 7.80601591967932e-06 2.4939051862594656e-05 6.626259000914695e-06 2.035228697504045e-05 1.8167322375602262e-07 3.940793549653317e-07 3.524299532281905e-07 1.2275905368591822e-05 9.88055409771678e-07 6.297319589951086e-07 2.5432893514985186e-07 1.0860558974636393e-07 6.662959562513513e-07 9.847487192801806e-07 1.464635568381342e-05 2.388167749406191e-07 0.0 5.9546401293742196e-05 8.62412650572483e-06 2.4815811310504664e-05 8.103871565593323e-06 7.728705777380357e-07 5.462169973699859e-07 7.037245724350428e-06 2.546441814999784e-07 1.505572457171631e-06 2.5832848961792624e-06 0.0 7.1684474641445e-07 8.837395102112643e-08 1.9489858497707908e-07 0.0 1.839996704565608e-07 0.0 4.8760759976625794e-08 0.0 9.081226170935603e-07 5.2410773880155564e-08 0.0 2.6406438015368378e-06 6.06752883409378e-07 0.0 2.685797651598256e-06 1.0138466958961126e-05 2.879015421395292e-06 2.8798042438593985e-06 3.0428287328282216e-06 2.513258490775133e-06 1.873282718313058e-06 1.5079810662653693e-05 2.3349624464768004e-06 3.5221464629927153e-06 1.5469502412046855e-05 1.581666910348554e-05 2.248711780266056e-07 3.391185663345421e-05 2.6124989133235482e-05 3.059530385328285e-05 2.031107783821086e-05 3.0626924936629334e-07 4.566586336233101e-07 0.0 0.0 0.0 0.0 0.0 0.0 0.0 0.0 0.0 0.0 0.0 0.0 0.0 0.0 0.0 0.0 0.0 5.222541744732762e-06 1.6840989737421064e-07 0.0 0.0 3.0567811842751343e-07 1.1989859867363925e-05 2.559068395059732e-06 1.0087290436145488e-05 3.6881288445319586e-06 6.097078418750269e-07 0.0 0.0 0.0 0.0 8.502800237355024e-08 3.6632683902993234e-07 0.0 1.5505461084425272e-07 7.332609009885159e-07 0.0 0.0 0.0 0.0 3.210479206805065e-07 0.0 0.0 0.0 4.5288391612276105e-07 4.787201756912558e-07 2.147439537821619e-07 4.951054807230597e-07 0.0 8.079864073852412e-06 0.0 6.122847152466851e-08 0.0 0.0 0.0 0.0 0.0 9.309163509169867e-08 5.926378170794955e-08 3.1452536354313275e-05 0.0 0.0 5.062777062742324e-08 0.0 1.1730497595660225e-05 1.0695470989458235e-06 5.6421997631021675e-06 3.249577520481127e-07 2.928211614123864e-07 1.568212403004405e-07 3.2237418576797045e-07 4.2276619263663835e-07 0.0 0.0 0.0 0.0 0.0 4.7411436472564975e-08 7.172785463453793e-08 0.0 1.801046841671824e-05 1.6875142750119078e-05 1.1794324565074492e-05 0.00017613194676193661 4.570660212238121e-06 0.0001557277266214519 8.129277150384006e-05 2.1820889546318182e-05 1.5058040098408274e-05 6.049666891104953e-07 1.3971115681066872e-05 3.514051450272685e-06 0.0 3.284575124354998e-06 1.3689085083653449e-06 2.803105136753186e-05 3.1611225500415127e-07 4.90814203302466e-07 0.0 6.244777096316594e-06 6.283767299835621e-07 1.5057338122130041e-05 7.5600310729062716e-06
1.9248796079986023e-05 1.8431342969629703e-05 5.594062127410139e-07 0.0001860089479074276 3.055957231293865e-07 0.0 2.5197891034805806e-06 0.0 9.78460534909399e-08 0.00023755991539701647 9.670864031654513e-08 2.6194548754895298e-05 1.4880554356044433e-05 2.4428812029093895e-06 1.4899763641602174e-07 4.6057954662391055e-07 0.0 0.0 0.0 0.0 0.0 0.0 0.0 0.0 0.0 0.0 0.0 0.0 0.0 0.0 2.5795255371423916e-06 4.779439184893923e-07 1.7658594443190588e-06 0.0 0.0 0.0 1.434032783087206e-06 3.271739999068597e-07 4.7147405169883956e-07 0.0 0.0 0.0 0.0 0.0 0.0 0.0 4.22704174447499e-07 0.0 0.0 0.0 1.7993268213816644e-07 1.2494563662648363e-06 2.2118863202920726e-07 0.0 1.1567496708000269e-07 1.01373648089188e-06 3.1262658917751436e-05 2.55719259038305e-06 5.319337919175001e-07 8.778886234895294e-08 0.0 5.416658602143148e-06 0.0 3.0250686505190394e-07 0.0 0.0 0.0 0.0 0.0 0.0 1.3182149599162273e-05 7.623787705032642e-05 8.810166543522456e-06 1.2739602231622975e-06 0.0 3.594744652671526e-07 1.505059817679714e-07 3.0296960818583667e-07 0.0 0.0 0.0 6.545630100167883e-07 0.0 2.9293824213890096e-06 6.017658667552998e-08 0.0 0.0 2.9846467323420432e-06 3.6986229023245517e-07 2.6685066820826592e-06 0.0 0.0 0.0 0.0 0.0 6.61032489571819e-05 6.7439026561508e-05 4.295891640173061e-06 9.780898886827324e-06 6.894579914212719e-05 0.0 4.415696392873164e-07 0.0 3.903182553578339e-07 0.0 1.8340354573776666e-07 3.099313685241149e-07 0.0 1.1158639162449757e-05 3.7072677364404725e-07 0.0 8.580685468333482e-07 1.0104629980014234e-06 3.7322524674159013e-07 0.0 0.0 7.019734601659984e-08 0.0 0.0 0.0 0.0 0.0 0.0 0.0 0.0 0.0 0.0 8.81561890587798e-08 0.0 0.0 0.0 0.0 0.0 0.0 1.2601406435617055e-07 2.3043550465983942e-07 0.0 0.0 0.0 1.0334019782994879e-07 0.0 3.6608891545781866e-07 2.741493557759424e-07 0.0 0.0 0.0 0.0 0.0 1.7667907490658785e-07 0.0 0.0 0.0 0.0 0.0 0.0 0.0 0.0 0.0 0.0 0.0 0.0 0.0 0.0 1.2177429124928385e-07 0.0 0.0 9.832618741196948e-07 0.0 0.0 0.0 0.0 0.0 0.0 0.0 0.0 0.0 5.706752886149521e-07 5.627569023714417e-07 0.0 0.0 0.0 9.33114608735035e-08 0.0 0.0 0.0 0.0 0.0 0.0 0.0 0.0 0.0 0.0 0.0 0.0 0.0 2.7947294905876403e-07 0.0 7.634617698758219e-07 2.3350647961739053e-06 7.305940193943441e-07 7.110637949916798e-06 4.1486500074439683e-07 2.579251488441329e-06 5.986775225605735e-07 6.0878294773271156e-05 0.0 5.226048306607086e-07 0.0 6.435926823699588e-07 0.0 2.0715117857244243e-07 0.0 3.072158504135551e-06 0.0 0.0 0.0 0.0 0.0 3.1367558691728805e-05 1.301842162956489e-06
0.0001596640480028101 0.0014249065119347581 3.873199406454487e-05 0.000192307564143756 0.0014501843020863446 2.5197891034805806e-06 0.0 8.16298499929701e-06 0.0003168483959071746 0.0011867940670377425 0.0003657115178477841 3.624375027156947e-05 0.0013367416008724204 0.0003171691947604868 2.9067367230974405e-06 1.0931356726346684e-06 3.0305180041739044e-07 0.0 0.0 7.338311243586887e-08 6.023106239195074e-08 0.0 0.0 5.321221133709495e-08 1.1046639650613952e-07 3.2535478864086236e-07 0.0 2.803385016780272e-07 1.5023136116513072e-07 0.0 2.5702832028424598e-05 2.509700511615633e-06 6.244809180835157e-06 0.0 6.255027329173802e-08 0.0 1.019090478628189e-05 1.561198479422111e-06 1.5997685009032575e-06 5.893898832793191e-07 1.3931371478928937e-06 2.0312166639734158e-07 0.0 1.38205099770346e-07 6.646715397038512e-08 9.861333017720929e-08 4.594047681225523e-05 9.28426742296996e-07 2.443029748179788e-07 0.0 3.3193182070725585e-07 0.0 0.0 0.0 3.015320128856737e-06 2.2956377715906488e-06 1.041855722625818e-05 3.114595964557831e-05 9.399756285751953e-06 2.4899663549131e-05 3.481770429572829e-07 1.1215253658903735e-06 8.056816312034352e-08 7.489494112550762e-06 1.3617415927691215e-06 1.2999068473412145e-06 2.501942925088581e-07 4.5024540582981494e-07 8.826043266249592e-07 7.667958453451899e-07 1.3423277822886523e-05 1.5939129643714175e-06 0.0 8.746040994550665e-05 8.166696123806423e-06 2.118192817012931e-05 8.424812669112109e-06 1.609338742546944e-06 1.5008936789987962e-07 1.6780772541575106e-06 1.5001961660409582e-07 1.6974866473183802e-06 3.645725788145815e-06 0.0 1.2458549142818097e-06 2.492781100054174e-07 4.3689453703387797e-07 0.0 1.1122613486390615e-07 9.461087144271671e-08 2.1117924027202043e-07 6.445077749446493e-08 9.115659092255796e-07 2.521197697558719e-07 4.812378986710943e-08 8.772974809469451e-06 7.077183875786839e-07 0.0 2.6349888450487233e-06 2.1507859373598717e-05 3.3670822582889332e-06 9.199579577827588e-06 3.328270549873324e-05 1.106842416428969e-05 2.02015179433201e-06 2.5936244841305783e-05 4.502548654167531e-06 4.292713855513383e-06 5.022971971299626e-05 3.6771719648653336e-05 8.712096229938824e-07 5.649140811478824e-05 4.682362186372244e-05 4.5420829969481904e-05 2.94256260278406e-05 4.257042344134754e-07 4.551790781383802e-07 0.0 1.5901493533691577e-07 0.0 0.0 0.0 0.0 0.0 0.0 0.0 0.0 3.6028534739185334e-07 0.0 0.0 0.0 0.0 0.0 0.0 7.941707059417752e-06 1.8263455417500766e-06 0.0 5.245238429311065e-07 0.0 1.833175257013082e-05 1.4797408059710836e-06 1.0124734577804751e-05 4.774954778729577e-06 1.0304898876018614e-06 0.0 0.0 0.0 0.0 3.503900873372324e-07 1.965153388696032e-07 0.0 9.342075461856846e-07 8.589751189003967e-07 0.0 5.971183774115993e-08 0.0 0.0 2.184619701224166e-07 6.001950017641014e-08 4.669478718394354e-07 1.2283348649505734e-07 8.849592275110391e-07 1.9235821178589807e-06 1.4612927714098661e-06 8.699849409236043e-08 0.0 9.934356689889598e-06 8.005194634136547e-07 6.80493828156723e-07 2.803857664589918e-07 0.0 1.3518849609497807e-07 0.0 6.798016156508664e-08 0.0 0.0 4.979627334583638e-05 7.51949337362883e-07 6.633869156965393e-08 0.0 0.0 1.5318507338221023e-05 1.3342855208768573e-06 5.479558431747451e-06 1.7950806123076722e-06 2.8137896423963445e-06 1.6598012086953561e-06 3.2629656996517265e-07 2.508001064041446e-07 0.0 0.0 0.0 0.0 6.782490680934135e-08 0.0 0.0 0.0 2.8771918674055793e-05 2.245366730498883e-05 1.8598037004191026e-05 0.00020288132479550286 4.6216365901526945e-06 0.00017274206859825515 8.431462967598116e-05 5.4252829936714725e-05 1.618694467978082e-05 8.289921404461267e-07 1.6133254151346893e-05 7.296348812655065e-06 0.0 1.0415127390394799e-05 2.663693250050719e-06 7.157569625862173e-05 9.79101284543706e-07 4.436354894112116e-07 2.886963820049477e-07 4.28407350129472e-06 1.3327724676957822e-06 4.962405638535746e-05 1.7087208193637596e-05
6.432205836785466e-05 0.00023308899219005465 0.000786009511380454 4.0107493210437016e-07 0.00010085954808445733 0.0 8.16298499929701e-06 0.0 4.7556546871877816e-05 1.235527445675119e-06 0.00035924501140288445 8.208725400938766e-06 4.184124299323448e-05 0.00030271244819184037 1.4697130114093062e-05 5.372430772953431e-06 3.9589035653986995e-07 1.2497939955243875e-06 0.0 3.2345914933303897e-06 1.5970805194488658e-05 8.186973697019361e-07 3.5612643663767673e-06 1.485944311580844e-06 2.1084728983135165e-06 2.1072497413146455e-06 3.772334079169953e-07 7.052971253653281e-07 6.22189183748768e-08 0.0 0.0006276471589223907 0.0006416105083057888 7.45980612600642e-05 2.3416268386118244e-07 1.6600140348967094e-06 4.2912281665891e-06 3.956924447494745e-05 2.916980694459028e-05 5.053490078247162e-06 9.688323695617632e-07 5.887195919343653e-05 9.503455724926743e-06 1.1699893892422297e-05 2.8214057163871756e-06 3.201710792174601e-07 6.463471188109033e-07 9.172426353206255e-05 2.020132299940983e-06 1.5284872642590538e-06 8.384352702890045e-06 7.890861419078374e-06 3.861595447692795e-06 0.0 4.104984187788749e-07 3.587081628860129e-06 2.3418372445911627e-06 2.4341855366715615e-05 0.00010380999927615902 1.0845401132443651e-05 3.5913695780610305e-05 3.6482394423346015e-05 4.0277613400798106e-05 2.1698859366321382e-07 0.00017973271622577773 9.74886546644343e-07 9.093321561993802e-07 2.1055543177739797e-06 1.7194770373456088e-06 2.587965181188954e-05 8.482840905516959e-05 2.1836832547488282e-05 1.1833579687587215e-06 0.0 0.00010921083747546747 4.0946921360645314e-05 6.350536469747253e-05 6.0209520095254664e-05 5.4691721766110856e-05 0.0003618489837269288 0.0009399685929027688 5.924699976002549e-05 0.0008879467536527928 4.769495367063015e-06 0.0 1.0189026229845933e-06 4.864996768313497e-07 4.916062114252425e-06 1.7897052784908443e-07 2.6410686002310933e-07 8.191964161660964e-08 4.758487107409156e-07 2.912765541723666e-07 4.9815673973980876e-05 6.727171144161622e-06 4.1752582888258e-06 2.9655092411784633e-06 1.5222553251848305e-06 0.0 2.7852660495288063e-06 7.193698234295155e-05 4.470442270720621e-07 9.417572878587507e-08 0.0 3.10078886029e-07 1.920609782696569e-07 1.9495056587560063e-06 1.039996171563424e-07 5.272037249301788e-07 2.2388176474381276e-06 2.462487321993309e-06 0.0 4.745540776236529e-06 4.965323930637864e-06 3.5900199275783447e-06 4.324846882123539e-06 3.216957776448754e-07 1.369227716585757e-07 0.0 0.0 0.0 0.0 0.0 0.0 0.0 0.0 1.416872729348083e-07 0.0 7.081974091921988e-07 0.0 0.0 1.6685042068797414e-07 0.0 2.415115678280659e-07 1.847493881005727e-07 2.2230331086467905e-06 0.0 0.0 0.0 0.0 3.068738635111117e-06 1.6306918848021989e-07 2.7903738866497182e-06 1.0095321449741236e-06 4.443634706434603e-07 5.336809518479559e-07 8.150257602899794e-08 1.256999908191096e-07 0.0 5.868742738495282e-07 0.0 1.5894284255921653e-07 0.0 3.2712829749524397e-07 0.0 5.770066225604299e-08 3.59135319224626e-07 4.445770137941435e-07 3.179875250769971e-07 0.0 0.0 0.0 1.9929318184127006e-07 0.0 0.0 0.0 0.0 4.140486366510631e-06 0.0 0.0 0.0 0.0 0.0 0.0 0.0 0.0 1.7961264921881464e-07 8.555847334847036e-06 1.598008775710558e-07 6.198671382053878e-08 3.221504146927436e-07 8.908113947954497e-07 2.3808626988096067e-06 0.0 2.6912464167744795e-06 2.264890342805271e-07 8.427410984656213e-07 0.0 6.105278578513053e-08 0.0 1.2352508151276253e-07 0.0 9.75802849330041e-08 0.0 8.58621584140684e-08 4.724653108153406e-07 2.1954757645535242e-07 5.730715653513742e-08 5.907041036180415e-06 8.722622910998033e-06 4.513340134038183e-06 0.00017840691828674904 1.6923081405434674e-05 0.000221221934354588 9.691663045016e-05 2.509114071514694e-05 1.4967508312249813e-05 2.538819856222546e-07 1.6346661831760483e-05 2.5401590927053994e-06 2.458315978177373e-07 4.183612352329988e-07 1.0342178915021446e-06 3.597968380107335e-06 0.0 0.0 0.0 9.784992464434159e-06 0.0 9.25600063886584e-06 1.3063210656022808e-06
6.414739711161107e-06 0.00015101598476782875 0.00022473983445102656 0.0 0.0004952479959937304 9.78460534909399e-08 0.0003168483959071746 4.7556546871877816e-05 0.0 7.190403014164094e-05 8.376191495440212e-05 1.4425661900157791e-05 0.0004938944343825375 0.00023750944232996406 2.1207093916305772e-06 1.04135275573353e-06 0.0 0.0 0.0 0.0 1.5052667798157392e-07 0.0 0.0 0.0 1.1649931376177085e-07 0.0 0.0 6.423383194262685e-08 7.707865054973584e-08 5.124283026811368e-08 1.3322792500711152e-05 5.0433223774472e-06 3.4884781784933382e-06 5.996173809687625e-08 5.697614558818587e-08 0.0 2.951801199001359e-06 4.773667121156314e-07 5.273542138377778e-07 2.2617373819981123e-07 8.676531025983372e-07 5.8668195737206714e-08 2.0495629414603844e-07 2.2404152260442403e-07 0.0 0.0 1.8764438680905968e-05 1.1435389883912611e-07 0.0 5.0929477824598335e-08 3.830643568166154e-07 0.0 0.0 3.2596059010350156e-07 5.931974312572729e-07 2.883512082005699e-07 2.3150943715134617e-06 6.692695860667732e-06 2.1162349232956686e-06 9.28173284960876e-06 6.382556452511486e-08 6.967430910171352e-07 5.263348652267237e-07 4.017568122514452e-06 1.4257512972339643e-07 9.633035215598168e-08 1.4342451161268816e-07 1.8731262700231677e-07 1.3332943819426136e-07 3.9563443049441036e-07 5.7161560247245504e-06 1.475098115629256e-06 0.0 2.0847954150337616e-05 2.805455951856929e-06 1.0244733930445212e-05 5.171769457012677e-06 7.425773964442429e-07 2.6895073546416564e-07 6.283808369013992e-07 0.0 1.1833907163518109e-06 1.2212008917255805e-06 0.0 3.462118434020231e-07 8.016199682023174e-08 1.5554059059606084e-07 0.0 0.0 0.0 0.0 0.0 6.455144546880657e-07 7.868038994849109e-08 1.3723909964902062e-07 1.3313350340200343e-06 6.339617901283405e-07 0.0 8.368618570195234e-07 2.2883227707319783e-06 2.8816253241667126e-07 5.414585590814387e-07 1.3150044657902452e-06 7.164926289765339e-07 9.450520554414506e-07 5.5432206022770294e-06 1.0527533607278767e-06 2.4784472522848636e-07 5.230133827858446e-06 7.1063726111427675e-06 6.420097245571157e-08 1.131339224429811e-05 1.0536414160244005e-05 1.3438603480953034e-05 8.896624760347864e-06 2.399768155331696e-07 0.0 0.0 0.0 0.0 0.0 0.0 0.0 0.0 0.0 0.0 0.0 0.0 0.0 0.0 0.0 0.0 0.0 0.0 1.68408006782972e-06 1.6597558502536504e-07 0.0 0.0 0.0 4.17117795198838e-06 1.1362315092842305e-06 2.705610583626433e-06 2.356599508955105e-06 4.2148544347108e-07 0.0 0.0 0.0 0.0 3.718824213678715e-07 0.0 0.0 0.0 8.705838629880495e-08 0.0 0.0 0.0 0.0 0.0 0.0 7.028378109626852e-07 0.0 4.597852413623276e-08 2.7805594222259336e-07 1.82411789315372e-07 0.0 0.0 4.714038652603989e-06 0.0 0.0 0.0 0.0 0.0 0.0 0.0 0.0 0.0 1.0990825766917974e-05 1.6013130418358244e-07 0.0 0.0 0.0 3.7989299817792512e-06 3.70070785728319e-07 3.220827893796546e-06 0.0 1.8055442639890913e-07 1.3235853132145315e-07 0.0 0.0 0.0 0.0 0.0 0.0 0.0 0.0 0.0 0.0 8.102877513275388e-06 7.533096049119742e-06 4.8207977870098215e-06 8.34626912904267e-05 2.2346470620136787e-06 5.893399134029465e-05 3.502313601430855e-05 7.031113515828936e-06 6.523079532349533e-06 3.4205810835893344e-07 8.725515606765813e-06 3.7706741135394966e-07 0.0 6.02052157469775e-07 5.354349082922902e-07 8.82498683519574e-06 0.0 0.0 0.0 4.6677023458868695e-06 0.0 5.733840674018116e-06 2.5145555515739993e-06
0.0008756578093090847 0.0007380923501104519 6.19453789150487e-06 0.0006598900770351512 0.0007736853348412494 0.00023755991539701647 0.0011867940670377425 1.235527445675119e-06 7.190403014164094e-05 0.0 1.6794274338565515e-05 9.835544810748818e-05 0.004350313160479386 0.00025159682571700544 3.89592729159013e-06 7.455899180670681e-07 2.8137220999675714e-07 9.063654364493494e-08 0.0 0.0 8.461781618413242e-08 0.0 0.0 0.0 0.0 9.496046919743907e-08 0.0 9.306240179359048e-08 8.013318623213307e-08 2.2822197126242798e-07 1.5956774777910287e-05 5.867664910855363e-07 1.681308032562047e-05 0.0 0.0 4.0270020236032106e-07 1.7347762727211527e-05 1.1689471173160135e-06 1.3129328759274957e-06 5.6617430558748746e-08 1.0917993246702129e-06 0.0 6.472541467416874e-08 4.297921883194979e-07 0.0 0.0 3.189756095584425e-05 4.0728632415675906e-07 3.4191363685264626e-07 1.464893581039447e-07 3.1418372761432377e-07 0.0 2.183258077687671e-07 0.0 5.25776495556945e-06 2.694225900709111e-06 4.2521357832858174e-05 4.00973423558742e-05 1.4210118987159726e-05 2.2891651729330542e-05 9.756300355320386e-08 8.666027718301161e-07 2.0199172938821298e-07 5.566088227467802e-06 2.072156364614111e-06 9.151950404257967e-07 3.311336198828402e-07 3.641698534568314e-07 6.368294009580056e-07 1.215954646086066e-06 2.3524964904103026e-05 2.376513626155753e-06 0.0 0.00010730855669302228 6.110055616042016e-06 1.4727055235150837e-05 4.7947448346866505e-06 4.6673703486165623e-07 5.087676464314854e-07 1.662633063231277e-06 0.0 1.9625871701031427e-06 4.146700866724854e-06 0.0 1.7489314998173105e-06 4.4801803075170014e-07 2.088391922552941e-07 7.976451679639367e-08 1.7933285663468127e-07 0.0 1.8549302618003619e-07 4.9067846365882615e-08 7.635224950696382e-07 5.159495848099097e-07 1.0891242748267396e-07 4.91861127359548e-05 6.054094049072524e-06 0.0 5.4377937420715415e-06 0.0002756835176154071 1.1651391901423156e-05 5.568617123253384e-05 4.072951403956396e-05 4.712208893065568e-05 5.923184662980613e-06 7.391252855453714e-05 2.221777599413016e-05 1.2212123919243682e-05 0.00010362703074460742 0.00012691892011697467 2.012450229313864e-06 0.00016145276367987078 0.00016620519845022915 0.0001440270169650187 8.591125876766284e-05 1.2534437773518338e-06 6.691578895053989e-07 0.0 0.0 0.0 0.0 0.0 0.0 0.0 0.0 0.0 0.0 2.8119017946286084e-07 0.0 0.0 6.778542486561057e-08 0.0 0.0 0.0 1.4335010259134768e-05 5.121071881214665e-06 0.0 0.0 0.0 3.7582757164868944e-05 2.174708502515657e-06 2.3342615978396814e-05 1.1403118171121394e-05 2.1679386690985565e-06 0.0 0.0 0.0 0.0 0.0 2.9820016286017923e-07 0.0 5.362307510579273e-07 1.9434566122125615e-06 0.0 0.0 0.0 6.209744975269496e-07 0.0 5.6865677372369e-08 2.4543524502059123e-07 8.020422637902426e-08 3.4116019604517807e-06 1.631517690247921e-06 6.414175766277839e-06 2.740488171011331e-07 0.0 3.124806564207433e-05 2.3030297015268336e-06 9.458181220167121e-08 3.8460272701188714e-07 0.0 0.0 0.0 0.0 7.181357359371997e-08 0.0 0.00010214278649808888 3.054120373957079e-06 0.0 1.6559841165884624e-07 6.100056037787799e-08 4.024596401660206e-05 2.5956944270819773e-06 1.7354621404326504e-05 1.1529486333850628e-06 3.454706843924389e-06 1.0534123573442606e-06 0.0 2.2943457708792495e-07 0.0 0.0 0.0 0.0 6.058297676329381e-08 0.0 0.0 0.0 6.773609758719268e-05 4.9058414901592734e-05 2.6461347983439623e-05 0.0004411387907549716 6.717261569985701e-06 0.0001610171181970402 7.573555838383798e-05 0.0006826394307418907 1.9224888923853343e-05 4.0084013741517e-06 1.8221449219506093e-05 2.2059732765499696e-05 2.4147970046640826e-06 1.0617588352758857e-05 6.097600867600935e-06 0.0005117646217333307 5.267827306260082e-07 4.503007145336074e-07 0.0 5.2478991774658834e-06 7.735153721269438e-07 0.0005547649871888308 7.430310524319095e-05
5.083817950356823e-05 0.0004724685538672546 0.0011533792735835362 1.5951524744457544e-06 0.00045984736402300254 9.670864031654513e-08 0.0003657115178477841 0.00035924501140288445 8.376191495440212e-05 1.6794274338565515e-05 0.0 7.719710442070673e-06 0.0008534210734283024 0.000851374572962842 3.076471517967908e-06 6.286353456250623e-07 1.4133595533053741e-07 0.0 0.0 2.9872375551440155e-07 6.237934096769907e-08 1.5145583602462e-07 0.0 0.0 0.0 1.4911989906994695e-07 0.0 9.134517138949367e-08 0.0 0.0 0.0001397663904585692 2.4727494914352284e-05 3.55239240478526e-05 0.0 0.0 4.076296600014387e-07 1.747085964492682e-05 4.522122953962696e-06 1.0099558371627661e-06 5.2021192731593125e-08 5.250682963242979e-06 7.952775774891405e-08 2.1497076671177086e-07 1.920985580183449e-07 0.0 2.6622671342282647e-07 1.3766805345834373e-05 1.9196828873953385e-07 1.3487719918248928e-07 2.675628790417876e-07 6.806618015106956e-07 0.0 0.0 1.1634381035307875e-07 5.393223484620401e-07 3.316869555737116e-07 3.554113737548557e-06 1.264626705754678e-05 1.744363368061571e-06 5.938867767946531e-06 0.0 9.769702251845215e-07 0.0 8.68398475446526e-06 3.543852895498952e-07 3.917727756352402e-08 1.3758117150788752e-07 1.3486911796171937e-07 7.795437224567859e-07 2.5196211508476875e-06 6.569772423969179e-06 8.990007505876991e-08 0.0 2.093666744217941e-05 3.7516847366478736e-06 9.699899816438665e-06 5.308985320043823e-06 2.308936174614818e-06 0.00013354073187290793 0.00023799702965622674 6.454017237304336e-08 1.0741156666730632e-05 6.493208961604067e-07 0.0 1.7408127324524322e-07 0.0 2.9595877618851414e-07 0.0 6.590288169407179e-08 0.0 3.4052350525580526e-07 1.1429921176770058e-07 2.5211692723826882e-06 5.196065361306543e-07 7.652935256829837e-07 6.165981062026777e-07 2.591750111694871e-07 0.0 6.42020905651289e-07 1.555819130689036e-05 2.002063017692497e-07 0.0 0.0 1.7402954514388418e-07 0.0 2.6607997917472367e-07 1.1428243598222537e-07 0.0 4.852320358203017e-07 7.736739961301179e-07 0.0 8.054068862741211e-07 1.4027391052199402e-06 6.938527325870565e-07 1.4331549387239416e-06 0.0 0.0 0.0 0.0 0.0 0.0 0.0 0.0 0.0 0.0 0.0 0.0 0.0 0.0 0.0 0.0 0.0 0.0 0.0 3.9314468925951475e-07 0.0 0.0 0.0 0.0 4.5324266430592445e-07 0.0 2.4643606898711124e-07 0.0 0.0 0.0 7.253774214745159e-08 0.0 0.0 0.0 0.0 0.0 0.0 1.6592433765303638e-07 0.0 0.0 0.0 0.0 6.412758253847341e-08 0.0 0.0 0.0 0.0 0.0 0.0 0.0 0.0 5.057603838184843e-07 1.6569917412130767e-07 0.0 0.0 0.0 0.0 0.0 0.0 0.0 0.0 1.0541447977526878e-06 0.0 0.0 0.0 1.7128242738800615e-07 2.9051828701120166e-07 0.0 5.860135948280218e-07 0.0 0.0 0.0 0.0 0.0 0.0 0.0 0.0 0.0 0.0 2.1621913711944444e-07 0.0 0.0 7.6051859755985e-07 2.3241299595910107e-06 7.221628651882274e-07 3.809144406540018e-05 1.6926892492572903e-06 4.189747624670204e-05 2.0303219505798207e-05 5.602999025133116e-06 2.9205330992338837e-06 0.0 4.285171548563426e-06 0.0 0.0 0.0 0.0 4.648609690993807e-07 0.0 0.0 0.0 2.760546051057368e-06 0.0 3.1442978462432616e-06 5.223687678414799e-07
