0.0 0.0013449791680799046 0.0006146657216196811 0.0008869464338595932 0.0001330420065450213 7.878367655174871e-05 0.0002888057653072682 2.5583623153688344e-05 1.8524547242793318e-05 0.0004986736640957704 7.002200988491933e-05 9.216776267757602e-06 1.5664264931910687e-05 6.490583409348599e-05 2.3721264481340227e-07 1.4038084921637904e-07 1.6862707534906784e-07 0.0 0.0 1.5151917856056982e-07 1.2367908721539744e-06 1.4535691378438477e-07 7.25216731301959e-07 1.150649926015711e-06 4.565371430382825e-07 2.1092516841232057e-07 3.8423541451543765e-07 1.5613039492058694e-07 0.0 3.845653513970247e-07 0.00018580669715809943 4.159583972712838e-06 5.953183094859845e-06 5.4244296601432675e-08 5.282522247346797e-07 7.0225747885456e-07 1.9903532551141783e-06 4.425722869110976e-06 7.338742943951596e-07 4.28770377553776e-07 8.675320172535756e-07 4.984920118307191e-07 0.0 0.0 6.042449772756619e-08 0.0 2.709064056159078e-06 4.1267019989408916e-07 6.731994215703063e-08 6.916687068260222e-08 2.485125220593558e-07 2.873123673897278e-07 0.0 2.448974186814587e-07 3.5772906541523073e-06 1.122268438812101e-06 0.00016807298091247864 0.0003053532432938253 1.703747080183975e-05 2.569198893258825e-06 7.833103906006572e-07 1.3177196134567206e-06 7.403707270251747e-07 5.43627206320984e-07 1.5455126696744646e-06 3.649106090237541e-07 1.3352103133804217e-07 2.405302286382054e-07 0.0 4.024603483522412e-07 1.0200268394361503e-05 4.107767130254405e-06 1.3613075632259518e-07 3.6527943755022954e-05 2.0532007298637323e-06 7.423780934608883e-07 0.0 8.144582555810945e-08 2.6485879275660595e-07 9.510215677427915e-06 0.0 6.2221002538404855e-06 5.5990533421467415e-06 2.3397887696672443e-07 6.023846916961153e-07 8.649471254288292e-07 1.0760131513133372e-07 5.903782095753405e-08 2.922924167812073e-07 3.6314496067955177e-07 4.823421074753051e-07 6.375510421556342e-08 1.5042764577579151e-06 4.3303109199917356e-07 1.0346200311671112e-07 5.521546362723329e-05 3.766758467732903e-06 1.9502153357849318e-07 2.9738167309301914e-06 0.0002771630069172388 0.0 0.0 3.3141165639493155e-07 0.0 7.600549004314913e-07 1.5853104671362522e-07 6.772351792620906e-06 1.0783064404440866e-06 1.7634931213095754e-06 3.524496963336194e-06 0.0 9.282194854645134e-07 3.193822322799891e-06 1.0113179956589547e-06 0.0 0.0 0.0 0.0 0.0 0.0 0.0 0.0 0.0 0.0 0.0 0.0 0.0 0.0 0.0 0.0 0.0 0.0 0.0 0.0 9.174110651360109e-07 0.0 0.0 0.0 0.0 5.475671331881084e-07 0.0 0.0 0.0 0.0 6.170676562054201e-08 0.0 0.0 0.0 0.0 0.0 0.0 9.27374684310804e-08 0.0 0.0 0.0 0.0 0.0 0.0 0.0 0.0 0.0 0.0 0.0 0.0 0.0 2.7638809923286867e-07 5.633858606294558e-07 0.0 0.0 0.0 0.0 0.0 0.0 0.0 0.0 0.0 6.32661598732861e-08 0.0 0.0 0.0 0.0 0.0 0.0 5.668361790170573e-07 0.0 0.0 0.0 0.0 0.0 0.0 0.0 0.0 0.0 0.0 0.0 0.0 0.0 1.2497332862049194e-06 2.3036669486384485e-07 0.0 1.100283073970675e-05 1.138475863026166e-06 1.7701199440514687e-05 1.2755602600573756e-06 0.00015047348725934304 5.2758180883770245e-06 0.0 2.7042242372570713e-07 2.0225438759463715e-07 0.0 8.302806984755643e-08 2.3608852982689858e-07 7.475708664765756e-06 0.0 1.2306654507398146e-07 0.0 0.0 0.0 7.007430154835385e-05 1.7284793710118377e-05
0.0013449791680799046 0.0 0.0006505306818469313 0.0005221828699214813 0.0012641055049607696 3.667762494072271e-05 0.0020953667719657617 0.00015569551351899986 0.0003369376144992321 0.0002740586825314266 0.0005024297855091614 8.933255541643155e-05 0.0004156343709464569 0.0006937625911777484 3.1829903845819874e-05 3.5200976067575337e-06 1.21077068545052e-07 3.1579181251491075e-07 1.85289038809497e-07 1.615070433891443e-06 6.440841825336357e-06 1.3206077466323694e-07 1.0218258376875799e-05 1.0250670206498265e-05 6.973858106239562e-06 3.650626123908769e-06 6.6927340396637755e-06 1.2868197967710527e-06 2.7609072365358323e-06 7.014583136826898e-06 0.0007747363629688714 2.999030335952912e-05 5.551328496800712e-05 6.247245502421092e-07 3.0174148935511925e-06 2.251899071207853e-06 1.772448623337641e-05 1.4226023919144955e-05 5.317387223470608e-06 4.572348071395964e-06 6.021845388431157e-06 5.128768743896531e-06 3.589514773584044e-07 1.2190402623514116e-07 2.837208246289432e-07 5.670458606140209e-08 6.103378212252992e-05 4.468772505454566e-06 7.799210706646928e-07 6.4975979818871e-07 1.9600644168285932e-06 1.5059817346331943e-07 3.786497694865861e-07 9.850797304344793e-07 1.5360273040900208e-05 6.993747799935346e-06 0.00018382801816322077 0.0005153250639656546 3.6022858453343636e-05 9.566832015904482e-05 1.1267524055469914e-06 1.066927871294295e-05 3.7503469118799757e-06 1.8621732391915232e-05 9.961370285326596e-06 3.4753793929268815e-06 1.9124702425755845e-06 3.1215065173540283e-06 6.421852757477449e-07 6.251515259350525e-06 3.8666348481989486e-05 5.828184699934862e-07 4.7139542120316865e-08 0.00022274699625158593 6.004865990588898e-05 6.150233884930554e-05 3.774553702022289e-06 1.0046563182513198e-06 3.3962025109929367e-06 0.0001232305728688637 1.2108640640761186e-06 4.303765539127614e-05 5.005742681006476e-05 7.805255748877103e-07 3.711277663688014e-06 8.510165652561226e-06 8.075283271023374e-07 4.2859695413497076e-07 3.3169573204533366e-06 3.0818408321166415e-07 2.6354729400062114e-06 1.042749930252183e-06 1.2861809399328972e-05 2.3638193265793288e-06 8.987969654505329e-07 4.600354900202047e-05 1.0511666172684353e-05 1.4007399458731498e-07 6.53920124341761e-06 0.00014183046143380205 6.661806333858107e-07 7.207576395257229e-08 7.88594483416482e-06 8.877701832977101e-08 4.6888329699225675e-06 1.381784816356356e-05 1.4155760938703757e-06 1.2544030037676438e-05 1.3804578325206204e-05 5.054242248487146e-06 4.862065414437301e-06 6.485983159612908e-06 3.176911161111952e-05 1.4294154693925523e-05 9.475722743558203e-06 0.0 1.6026129607820366e-07 0.0 0.0 0.0 0.0 0.0 0.0 0.0 0.0 3.104899352182839e-07 0.0 0.0 0.0 0.0 6.844374597433538e-08 5.057323942837524e-07 6.893026598345028e-08 1.9909643821323864e-07 2.5472735027972693e-06 2.155242909724243e-06 0.0 0.0 0.0 9.650608086347822e-07 0.0 4.174019613440733e-06 1.630628178616839e-06 3.26441713035945e-07 0.0 0.0 8.762403891682245e-08 0.0 0.0 0.0 0.0 0.0 3.0953817081349625e-07 0.0 0.0 2.7492150771048974e-07 7.784453437719491e-08 3.6083015907522344e-07 0.0 0.0 1.4779016867857218e-07 0.0 0.0 0.0 0.0 0.0 2.6578498741300505e-06 3.3596758216817074e-07 0.0 0.0 1.7218842540891644e-07 1.1941486770441055e-07 0.0 0.0 5.103693633782243e-08 0.0 1.435517041313119e-05 5.200082240842192e-07 0.0 0.0 0.0 7.142991212370955e-06 2.389593545641763e-06 7.5556983856679286e-06 0.0 0.0 0.0 0.0 2.7693373210116127e-07 5.207770442215753e-08 0.0 0.0 0.0 5.677262065238996e-08 2.6134104353914897e-07 0.0 0.0 2.588178452808762e-05 4.841541553269635e-06 1.8221455986908347e-06 0.000101089784265258 1.108719716685648e-05 0.00021316977394687418 2.6466799499658023e-05 3.941261832682345e-05 1.9865873410296104e-05 9.390941012347081e-07 1.327510213732667e-05 8.57615876925371e-07 1.9522193118696716e-07 2.8201656485895606e-07 0.0 3.3164641730047145e-06 0.0 4.2028784945717263e-07 0.0 3.0399745304380103e-06 1.0995509926982246e-06 9.686263587357264e-05 6.267938639633014e-06
0.0006146657216196811 0.0006505306818469313 0.0 2.250701679126006e-05 0.0006373725347104818 1.370850467710744e-06 3.0944709358600424e-05 0.001247856432713964 0.00014105940147732986 9.865741525584716e-06 0.0010409546010014235 5.66910812670779e-05 8.2764619179023e-05 0.0006265331975763848 8.754768668025897e-06 2.846235747761399e-06 3.3603844979216445e-07 2.5560409179063505e-06 8.81620388511067e-07 6.1326870245396135e-06 3.377777084803604e-05 6.4649940912041e-07 5.310291642907683e-05 5.785205083163092e-05 5.265282571795817e-05 2.3086194015018612e-05 5.355711343112049e-05 8.648128559194598e-06 1.6427380631913057e-05 5.173261258347377e-05 0.0021519351331166147 0.0004454815397161777 0.00021802747525509426 3.3570546577458533e-06 1.9768341168187815e-05 3.085613020672669e-05 5.833886802126383e-05 0.00012307785244250978 2.9949308182989572e-05 4.320715505007964e-05 3.5075126801375103e-05 2.20235637215023e-05 2.2754829470569275e-06 3.960364042126443e-07 2.183716224351774e-06 1.6671532888604913e-06 1.3915890676715053e-05 1.0721740664882711e-06 9.174611030009375e-07 1.9589254586068655e-06 1.2055161476709885e-06 1.3476729649026174e-07 1.466490174106389e-06 8.731119948231203e-06 4.8284223672477586e-06 2.500591305090424e-06 9.419828961325579e-05 0.0006689220047605401 1.5425863123815237e-05 1.717268393412744e-05 6.227772900848515e-06 6.595138519208922e-05 2.5295427460540344e-05 0.00029504326463740844 4.069074838003295e-06 1.210226380856718e-06 6.870039786524096e-07 8.977424083907972e-07 1.8647206091196174e-06 3.036052173019839e-05 0.00011757838057277514 4.6152841820693975e-06 5.770021603461623e-08 6.645416185517206e-05 8.306311931914934e-05 1.4432180080547466e-05 5.747411603607731e-06 3.317492786448591e-05 5.855591211369167e-05 0.0006061857571346448 2.490934628786707e-06 0.00043228640149128693 1.2105509029298113e-05 2.61046612456463e-07 1.3615065210963412e-06 2.1784567264423243e-06 1.229026294997165e-06 5.235665599827221e-08 7.193202886194171e-07 1.6334391929186151e-07 1.077669142702948e-06 3.7639428509135714e-07 5.989615108387904e-05 1.4434825158068474e-05 3.977644294140974e-06 0.00011363601300591731 2.664076020085064e-05 2.0898986783423234e-07 3.33596486711835e-05 2.8841566984757786e-05 7.046078001907383e-07 4.639382095502275e-07 1.7689107651590224e-05 1.7726091620294496e-06 1.9167473992943434e-05 1.6511199429138444e-05 1.7518500615916535e-06 2.6107617418057255e-05 2.4003987832202346e-05 1.2304291692850847e-05 8.78080509590381e-06 1.0384020601007341e-05 5.764985153956177e-05 1.7267951663289414e-05 3.749468510490385e-05 7.85169649786279e-07 9.27790062681257e-07 0.0 0.0 0.0 0.0 0.0 6.922043822799465e-08 0.0 8.542163905808004e-08 1.4755696779891203e-06 0.0 1.7255749065619892e-07 0.0 0.0 1.0196555746406199e-06 2.61458897712192e-07 4.6910994381260895e-07 5.175154801412254e-07 6.041067726370041e-06 7.332945648135622e-06 0.0 3.331654245777749e-07 0.0 8.138979991537434e-06 4.384752154185922e-07 8.132688963088977e-06 4.338522331473996e-06 2.9192872872345624e-06 6.075792063304536e-07 1.425757717257126e-07 6.712273054960912e-08 0.0 0.0 0.0 8.100940843435035e-08 7.58915807524588e-08 2.0992832162820884e-07 0.0 0.0 9.661583488428275e-07 3.4290774207596346e-07 2.6279700375684973e-06 0.0 2.842953822997938e-07 0.0 9.147850153793016e-07 0.0 0.0 7.08573461215052e-08 6.07652790879543e-07 1.1137368407261095e-05 0.0 0.0 1.0567305069259606e-07 0.0 6.729934925809962e-08 0.0 0.0 5.391026807709456e-08 0.0 4.1667237685612145e-05 1.7434506110268673e-06 3.2256908695781673e-07 0.0 1.445909359686672e-07 1.733147105915889e-05 6.691303659876387e-06 3.7450008053649485e-05 0.0 0.0 3.109536469895436e-07 0.0 2.1564984077774716e-07 0.0 1.6915976450754522e-07 0.0 0.0 1.9105841763956847e-07 4.938566357367735e-08 0.0 6.267029407877846e-08 5.106649791331383e-05 1.693235466970431e-05 1.1617971645520575e-05 2.4492187732359083e-05 4.176226671548828e-06 4.848700037382785e-05 8.101569498103348e-06 6.106191385233032e-06 3.647448710197326e-06 1.339785304072495e-06 3.2932421219136503e-06 1.0124258834039458e-06 8.217415654506409e-08 1.9449145870571907e-06 7.42770305981124e-08 1.8244363055816644e-06 6.772437294485885e-07 0.0 0.0 6.194607795615691e-07 1.0417863042633019e-07 3.415162542585694e-05 1.802350861294933e-05
0.0008869464338595932 0.0005221828699214813 2.250701679126006e-05 0.0 6.704935016931306e-05 0.00036058076607437174 0.00016549619725141684 3.6800526566121224e-07 5.5848536837796e-06 0.00032011950473245435 1.8423910451653626e-05 1.1532143874926005e-06 7.743695056296071e-06 1.0263230527994417e-05 1.8200860626489653e-06 0.0 9.471980200138208e-08 0.0 0.0 5.833879560708248e-08 7.815077595649378e-08 0.0 0.0 0.0 0.0 0.0 0.0 0.0 0.0 0.0 7.304619888548963e-05 0.0 0.0 0.0 0.0 0.0 0.0 0.0 0.0 1.9711710487133333e-07 0.0 6.614045298605365e-08 0.0 0.0 0.0 0.0 1.1166803657346339e-05 1.3389708395935302e-06 6.009247090359778e-08 0.0 1.7427969606476735e-07 6.140912531522157e-08 0.0 1.1338550468641439e-07 4.204671066018117e-06 3.927279845529676e-06 8.850507687090208e-05 0.00018909607167444102 2.1647043724054547e-05 1.529048367855716e-05 1.2663727200864773e-07 0.0 0.0 4.0160024882030005e-07 4.881121620534132e-06 1.247869944665179e-06 9.700789971525635e-07 8.314366363180614e-07 1.0315046701671287e-07 0.0 9.921481477840576e-07 5.893581597864793e-07 0.0 8.474768051834933e-05 5.52781617918548e-06 4.874973488412761e-06 0.0 0.0 0.0 6.733651586454645e-07 0.0 7.700609129264107e-07 1.618525738881567e-05 2.3025434885005575e-07 1.5572943297268019e-06 3.0904182668189403e-06 3.243334488263754e-07 1.5643544291057024e-07 1.3320803413610347e-06 2.0171901402127882e-07 9.806721487714687e-07 1.6002275005479527e-07 2.0589314447597483e-07 1.0047652971357168e-07 6.417571673060307e-08 2.2918509327199516e-05 1.255270295952398e-06 1.8178586345691272e-07 1.7324795653151973e-07 0.0001810029887403452 0.0 0.0 1.2301252424330813e-06 3.3394552111535763e-07 2.8346997395365663e-06 5.0686645553826485e-06 7.459993589177894e-06 3.77298969131904e-06 6.3113835955445144e-06 4.842135236235433e-06 7.579151709782911e-07 2.438694596217631e-06 5.3355394226682235e-06 2.362395351304264e-06 4.89759605578684e-07 0.0 0.0 0.0 0.0 0.0 0.0 0.0 0.0 0.0 0.0 0.0 0.0 0.0 0.0 0.0 0.0 0.0 0.0 0.0 0.0 0.0 0.0 0.0 0.0 0.0 0.0 0.0 0.0 0.0 0.0 0.0 0.0 0.0 0.0 0.0 0.0 0.0 0.0 0.0 0.0 0.0 0.0 0.0 0.0 0.0 5.511006219938553e-08 0.0 0.0 2.879513695949868e-07 0.0 0.0 0.0 0.0 0.0 0.0 0.0 0.0 0.0 0.0 0.0 0.0 0.0 2.0888128836104606e-07 0.0 0.0 0.0 0.0 0.0 0.0 0.0 0.0 0.0 0.0 0.0 6.0745443212597e-08 6.355220796486464e-08 0.0 0.0 2.487307770643994e-07 5.1199668540267904e-08 0.0 0.0 2.1316671614288736e-06 0.0 5.6289189113683044e-08 1.464382554527936e-05 3.3552642133963754e-06 4.721520236766929e-05 3.030701400360121e-06 7.904604257269647e-05 4.8116324760920076e-06 0.0 1.9716365671236737e-06 0.0 0.0 0.0 0.0 1.0053433566211348e-05 0.0 9.955932831145535e-08 0.0 2.1965030166486858e-07 0.0 0.00010760939588890694 1.451833792735312e-05
0.0001330420065450213 0.0012641055049607696 0.0006373725347104818 6.704935016931306e-05 0.0 2.375267668687738e-06 0.0013208733232320923 0.00030475322988326536 0.0013637662299571258 0.00026337321986664465 0.0007939044276166861 2.0640515871689356e-05 0.00033239317528153663 0.0005949392996426472 2.450233649256297e-05 2.877528450393181e-06 8.982315988818442e-08 1.1180086392970347e-07 0.0 0.0 0.0 0.0 0.0 0.0 0.0 4.669436117150523e-08 8.865140814833489e-08 2.493254353366422e-07 0.0 0.0 6.800918413887135e-05 2.4427147197471082e-05 1.8872209520189177e-06 0.0 0.0 0.0 2.31149579848996e-06 3.063473861151284e-07 6.586597945981482e-07 3.658293105400686e-07 0.0 0.0 0.0 2.2382993099018577e-07 0.0 0.0 4.5205367826110856e-05 1.2517385394766694e-06 2.5356533395592144e-07 0.0 5.629076121478547e-07 1.2680360355630553e-07 2.6631953708463345e-07 0.0 3.5329782049571544e-06 2.1776403717265837e-06 4.25453938785182e-05 0.00010729706202539144 9.176850054947268e-06 5.297395000917048e-05 7.695684760581982e-08 4.813537644345273e-08 0.0 1.749574285249197e-05 2.6189412960640513e-06 1.3311111282595216e-06 7.490005728380817e-07 9.170630339977181e-07 2.501276759748346e-07 0.0 7.3454848705023555e-06 0.0 0.0 7.314330312133119e-05 3.1752397700980116e-05 4.390181798484522e-05 2.4383218201615423e-06 1.8314230851375104e-06 1.35383439370185e-07 3.189808695275767e-06 0.0 6.159854747517192e-07 1.3968100962437565e-05 4.227156194136881e-07 1.420132902063731e-06 2.5277485365572484e-06 1.734188302206197e-07 6.237853347802428e-08 1.8645364480412884e-06 1.6680491496287357e-07 8.618115570081768e-07 3.915637185222965e-07 2.2589517025259778e-07 2.7903275412108883e-07 2.0734419147135286e-07 9.724629006117886e-06 3.5999185067584523e-07 6.3611190783183e-08 4.158112578967299e-07 5.364608096859775e-06 1.1283482251732843e-06 3.1209375235742285e-07 5.702256884411308e-06 1.2182582848656854e-06 5.662703015735639e-06 1.3081327128982115e-05 1.9024881297328754e-06 7.1032860318668765e-06 1.5142400523178307e-05 3.5249052219696017e-06 1.9853835950584927e-06 5.026223821429709e-06 1.5962752444140727e-05 7.828187260822624e-06 4.698167404976977e-06 0.0 0.0 0.0 0.0 0.0 0.0 0.0 0.0 0.0 0.0 0.0 0.0 0.0 0.0 0.0 0.0 0.0 3.7766440345262264e-07 1.0728190691503229e-07 1.6346919879796974e-06 1.4717685743835983e-06 0.0 0.0 0.0 6.474096997797188e-07 0.0 6.116057914973419e-07 0.0 1.0682277908406239e-07 0.0 0.0 0.0 0.0 0.0 0.0 0.0 0.0 0.0 0.0 0.0 0.0 0.0 0.0 0.0 0.0 0.0 0.0 0.0 0.0 0.0 0.0 4.497922348363892e-07 0.0 0.0 0.0 8.822842238761326e-08 0.0 0.0 6.414047565773692e-08 0.0 0.0 2.4622848115585955e-06 1.3572453654408853e-07 0.0 0.0 0.0 1.0545466193124e-06 1.2461388268134338e-07 1.3747032393362491e-06 0.0 0.0 0.0 0.0 0.0 0.0 6.320098618120253e-08 0.0 0.0 5.906216646411869e-08 0.0 0.0 0.0 1.5193702724291804e-05 9.241719451420149e-07 4.754939096766086e-07 8.272951708268091e-05 5.027542784066585e-06 0.00012323617097459346 2.776210133222814e-05 1.3375251530681445e-05 1.3590423308750247e-05 8.910696914430723e-08 1.2074961098533353e-05 4.400831985095447e-07 0.0 1.27000210938163e-06 0.0 0.0 0.0 0.0 0.0 3.129866398343061e-06 4.857036776207613e-07 3.858017268954525e-05 4.839676953120149e-06
7.878367655174871e-05 3.667762494072271e-05 1.370850467710744e-06 0.00036058076607437174 2.375267668687738e-06 0.0 0.0001025899443585686 0.0 2.1542004093098893e-06 0.0003712614357860485 9.101956551722773e-07 2.585851432472409e-05 1.5704835641152582e-05 4.86363328456748e-06 1.0605597458002513e-07 2.3769248165121323e-07 0.0 0.0 0.0 0.0 0.0 3.239510311694342e-07 0.0 0.0 1.2282227260844814e-07 0.0 0.0 0.0 0.0 0.0 0.0 2.0255141949450878e-07 4.479137342479099e-06 0.0 1.7096152241178102e-07 0.0 3.844398480348659e-06 1.1559791769132173e-07 1.460142805455645e-06 3.5915460118060696e-07 0.0 0.0 0.0 7.229653617710634e-08 0.0 0.0 0.0 0.0 0.0 0.0 0.0 9.167320149904094e-07 1.5005082219795775e-07 0.0 0.0 1.443279097534985e-07 5.57206415969578e-05 7.361543936673244e-07 5.716790585235736e-07 3.7770870094247467e-07 0.0 1.5056098270642733e-06 0.0 0.0 1.7150804698882296e-07 6.484595196367233e-08 1.076507956782915e-07 6.376276269331199e-08 0.0 0.0 4.506725438324991e-05 6.2192457408712784e-06 9.919708974485367e-07 4.203700445688733e-07 0.0 2.0666314426969743e-07 0.0 0.0 0.0 4.8934147777292e-07 0.0 1.0706503405855025e-06 7.304148917246734e-08 0.0 0.0 5.719928471170273e-08 0.0 1.9947193583873933e-07 1.2245932857018483e-07 1.64029229975975e-07 2.0092228618665687e-07 3.170926530291823e-07 0.0 0.0 3.0761413270268534e-07 5.476930399555901e-05 3.809012538714267e-05 1.8681465587790527e-06 1.044359317319984e-05 0.00018192028191879798 1.342384574700825e-07 2.4718671834441803e-06 5.011807905113578e-06 2.0375068462916144e-06 1.027993992385827e-05 1.3978581168925868e-05 1.7928194064433694e-05 1.237319967075988e-05 2.398334826718013e-05 1.7242315779835364e-05 3.129886229574102e-06 7.040377767659919e-06 2.060161069326296e-05 8.598381716422888e-06 1.3284575795053894e-06 0.0 0.0 0.0 0.0 0.0 0.0 0.0 7.029176591426163e-08 0.0 0.0 0.0 0.0 0.0 0.0 0.0 0.0 0.0 0.0 0.0 0.0 6.336551108977955e-07 0.0 0.0 0.0 2.744695228381477e-07 0.0 0.0 0.0 0.0 0.0 0.0 0.0 0.0 0.0 0.0 0.0 0.0 0.0 0.0 0.0 5.5588724025146536e-08 0.0 0.0 0.0 0.0 0.0 0.0 0.0 1.5442681786511105e-07 0.0 0.0 0.0 0.0 0.0 0.0 0.0 0.0 0.0 0.0 0.0 0.0 7.266156272684474e-07 0.0 0.0 0.0 0.0 1.4701593791260649e-07 0.0 0.0 0.0 0.0 0.0 0.0 0.0 0.0 0.0 0.0 0.0 0.0 0.0 0.0 0.0 7.372699988728828e-06 1.9619099102603963e-07 0.0 1.61012433445287e-06 0.0 2.439318699455869e-07 4.579884919142267e-07 4.047660824861106e-05 3.4570896615876227e-06 0.0 0.0 1.0123538779224333e-07 0.0 0.0 0.0 2.0135333485219944e-05 0.0 0.0 0.0 0.0 0.0 2.1699881433701527e-05 2.4388418749216764e-05
0.0002888057653072682 0.0020953667719657617 3.0944709358600424e-05 0.00016549619725141684 0.0013208733232320923 0.0001025899443585686 0.0 1.7412160079426184e-05 0.0008021155514903647 0.0007009627357843402 6.188631465582269e-05 7.385575412695543e-05 0.000925981079994827 0.0003141319379612682 4.6444512809363195e-05 3.579373927295312e-06 6.284471602561035e-08 0.0 2.207470384061765e-07 5.4808023726431424e-08 4.346432642635216e-07 0.0 6.680125561250841e-08 2.2692024983612343e-07 2.5487915069022296e-07 2.43967352522906e-07 1.5764281191291451e-07 2.86479502129174e-07 1.9060345111609563e-07 2.617245804763433e-07 9.690847001445996e-05 1.4369172623030776e-05 3.936504224218283e-06 0.0 3.349160160481986e-07 0.0 4.02478091963059e-06 1.261875345210131e-06 8.351446724671831e-07 7.584865287151398e-07 1.2043016635759147e-07 0.0 0.0 7.280180668483517e-07 1.0557302140590774e-07 6.600912565112543e-08 7.045384717860869e-05 3.2215511627966504e-06 1.3132727640985234e-06 9.736905940715759e-08 1.1008661980831305e-06 0.0 0.0 1.3523159344538822e-07 1.0477735814149169e-05 7.470657320473173e-06 0.00011030089165254817 0.0002159251928925416 2.9220748969682574e-05 0.00010180238523585888 1.7515384000951126e-07 2.271937629177302e-07 5.223092970892602e-08 1.5342038302911478e-05 8.950931059351525e-06 2.9794464319444424e-06 1.966088861515519e-06 1.916923789038035e-06 1.7743521182437063e-07 2.0814642746522877e-07 1.2392623112243328e-05 3.585266199381724e-07 5.7993764697185606e-08 0.00016579133166009022 4.56507484758835e-05 7.208771911964114e-05 6.535815100194067e-06 2.679805652353831e-06 0.0 1.0074255476384182e-06 4.4802970747280973e-07 1.3524035262612432e-06 3.75716083787464e-05 3.698049661332815e-07 4.817875240804406e-06 6.426066155627333e-06 5.280250015546619e-07 1.5729215673585356e-07 2.554740518602138e-06 4.5250542590176874e-07 2.7227748305600548e-06 6.804787001732151e-07 6.677034304252985e-08 6.79531045988444e-07 6.697584289700422e-07 4.048867326769578e-05 2.5540028804051103e-06 0.0 2.878912280197258e-06 5.379169752289064e-05 2.456024026898553e-07 2.7907626672146875e-06 3.420670100865136e-05 6.8266678346221315e-06 1.9170722065284634e-05 4.188473836542988e-05 1.2538993559840659e-05 3.0833737546947514e-05 5.438986144590674e-05 1.9790008729424253e-05 1.071446854317138e-05 1.880306563887277e-05 5.86903462919436e-05 2.596082510862377e-05 2.07393784503654e-05 0.0 0.0 0.0 0.0 0.0 0.0 0.0 1.3601093760371365e-07 0.0 0.0 2.4160715737005447e-07 0.0 0.0 0.0 0.0 0.0 0.0 1.659349044597284e-07 0.0 2.1208489787472924e-06 5.545779280396431e-06 0.0 0.0 0.0 2.2983817815922397e-06 0.0 5.089142154514624e-07 1.661763578252051e-07 4.870986166296744e-07 0.0 0.0 0.0 0.0 0.0 0.0 0.0 4.7025556662837504e-08 1.1489909669079192e-07 0.0 0.0 2.2262673722828782e-07 0.0 0.0 0.0 1.2084161099205156e-07 0.0 1.7898390557212225e-07 7.906382998406217e-08 1.2784804529491543e-07 0.0 0.0 3.0983778123783487e-06 5.455827096754254e-08 0.0 0.0 1.347756376825216e-07 0.0 0.0 2.1001605276506197e-07 0.0 0.0 1.0904872088976545e-05 1.0115308679012871e-06 0.0 1.2392864166197593e-07 7.009021651531971e-08 5.072993662031397e-06 1.2881042010495735e-06 4.222237119975456e-06 1.694961802105145e-07 1.6873971859910674e-07 1.7387479527211914e-07 3.325421201619582e-07 7.408475589902729e-08 5.145853809225591e-08 0.0 2.3962596165727157e-07 6.213901679248763e-08 2.7044164655129925e-07 0.0 1.0840934723208061e-07 0.0 4.247925918448449e-05 4.212823717609246e-06 2.2800695160297935e-06 0.00018005046587689014 1.2854651253786487e-05 0.00023044504791371363 3.7755217549735645e-05 5.1279820008777434e-05 2.0374187106348026e-05 3.09258378151681e-06 2.344491327191255e-05 1.3131450175315419e-06 0.0 1.1948949861798567e-06 3.050698507805673e-07 4.30216809956376e-06 9.538313485141313e-07 0.0 0.0 5.936810123987594e-06 1.0837643017514255e-06 0.00015816091122542648 2.3621954538886673e-05
2.5583623153688344e-05 0.00015569551351899986 0.001247856432713964 3.6800526566121224e-07 0.00030475322988326536 0.0 1.7412160079426184e-05 0.0 0.00023472550323497648 3.8265660051808595e-06 0.0005521963940363372 6.087324617086827e-05 8.493293107899745e-05 0.00035297070885397127 1.547619124922795e-05 3.5574338375723404e-06 8.121371191291922e-08 6.61929230794801e-07 6.507354204468596e-08 6.367748421995139e-07 3.00388377988595e-06 0.0 9.217852843521403e-06 9.868665257445595e-06 2.6242692618792086e-05 6.63416898225017e-06 1.72372817402657e-05 3.973978990347077e-06 7.8720821441743e-06 1.701143185674235e-05 0.00026150617441490873 0.0006384836310371925 0.0002361340061139184 1.823193653707606e-07 6.836456418800329e-06 2.422294803953721e-05 7.044991296889505e-05 0.00011993627906007782 2.5068351997650033e-05 2.5982718973465578e-05 8.625109497240562e-06 3.9771883383781075e-06 6.865102367312877e-07 2.8274515128331284e-06 2.65140075779555e-07 1.3818939926242e-06 1.7030324680432437e-05 1.2820835136146187e-07 7.371561634268233e-08 5.893963174900465e-07 1.0205866718374134e-07 5.054073478673377e-07 6.888832919962594e-07 3.065278270960186e-06 7.697786081538532e-07 2.9618514810504424e-07 1.6615469055656054e-05 0.00011474622706112926 2.378542315807395e-06 1.207353642196651e-05 1.8378075423701853e-05 0.0001559017419645429 3.622293981638078e-05 0.00023981901766970517 6.373404456283389e-07 2.214583758394125e-07 2.812300638090535e-07 3.108020054146685e-07 6.75236836733148e-08 2.7078023718764004e-06 7.737777523772741e-05 1.9370040204585693e-06 1.40734304916231e-07 1.8994415259795122e-05 5.965841966427911e-05 2.473198619786052e-05 8.553635010639966e-05 0.0001990954842985154 0.00016638465168649453 0.0008365586334442923 0.00012027592878168686 0.0007263368958886618 2.5723152342095686e-06 0.0 1.6380535534808376e-07 2.6310497348628215e-07 2.1505123483656173e-07 0.0 2.1114996725917604e-07 0.0 1.6773349494017732e-07 3.1533127745607073e-07 3.630458885864742e-06 9.624804403742127e-07 5.8049159316651e-07 1.0265099085101476e-05 8.10435537736475e-06 1.0512107368809695e-07 2.2062213369640193e-05 2.19205261438844e-06 0.0 0.0 7.124280301910052e-07 3.49551566731345e-07 1.6239242797287843e-06 1.2489985553499612e-06 0.0 7.50262916613689e-07 6.095700436440892e-07 5.288749300336805e-07 6.590597909926744e-07 7.861143780517155e-07 2.1232734744607438e-06 9.02961547190704e-07 2.425606736109893e-06 0.0 0.0 0.0 0.0 0.0 0.0 0.0 0.0 0.0 0.0 3.188533365991497e-07 0.0 0.0 0.0 0.0 7.669089547131716e-08 1.8323119329879865e-07 7.717038398539792e-08 0.0 0.0 0.0 0.0 0.0 0.0 6.188248797596674e-07 0.0 6.230470185130214e-07 1.119871595358513e-06 2.494014256416285e-07 0.0 0.0 0.0 0.0 0.0 0.0 0.0 0.0 0.0 0.0 0.0 0.0 0.0 6.769386350154414e-07 0.0 0.0 0.0 0.0 0.0 0.0 0.0 0.0 0.0 0.0 0.0 0.0 0.0 0.0 0.0 0.0 0.0 0.0 2.1655117487287254e-06 4.318415943263481e-07 2.0438537644436675e-07 0.0 0.0 5.122206064737342e-07 0.0 7.74042281028799e-07 0.0 0.0 0.0 0.0 0.0 0.0 0.0 0.0 0.0 0.0 0.0 0.0 0.0 2.291843652289558e-06 1.232914256608056e-06 9.948020402176034e-07 4.119871490878942e-05 1.8004564228058534e-06 3.13155647901507e-05 1.1603772878862188e-05 2.288899782672757e-06 3.3524269076194417e-06 0.0 3.824471376684249e-06 2.6921603931844024e-07 6.399696163656718e-08 8.661361215154832e-08 0.0 0.0 0.0 0.0 0.0 2.9409377527423247e-06 0.0 6.606329770074089e-06 1.980815148208231e-06
1.8524547242793318e-05 0.0003369376144992321 0.00014105940147732986 5.5848536837796e-06 0.0013637662299571258 2.1542004093098893e-06 0.0008021155514903647 0.00023472550323497648 0.0 0.00016553049175222395 0.00018015916077527191 3.129593583766642e-05 0.0010063170545439376 0.0003869555765186098 3.389557372924877e-05 4.295223908389329e-06 2.8772795939873573e-07 7.696280626376487e-08 8.515538039869483e-08 1.2005315468494345e-07 1.3523235975759472e-07 0.0 2.5133185433181003e-07 2.932951386255689e-07 6.994667555711481e-07 2.2072685885140533e-07 4.515811001182902e-07 3.1538832823876545e-07 8.201199652239947e-07 8.161997256141025e-07 3.819511818481171e-05 2.3504030278464757e-05 8.68018284147446e-06 0.0 5.069926992044584e-07 0.0 3.32736783897401e-06 2.492721548100035e-06 2.2577642251307878e-06 1.2530589046970996e-06 1.400937329320278e-07 6.424617658361655e-07 5.54206647917868e-08 1.0841112136094657e-07 0.0 0.0 3.735671177642447e-05 8.754226876007268e-07 7.223917143862276e-07 4.737087552035136e-08 5.391003353911621e-07 1.1018309526408975e-07 3.1664686367492186e-07 2.5894872364973774e-07 2.058444999059696e-06 1.4861690622806392e-06 1.8596902241625307e-05 5.302594003354327e-05 4.059226253901489e-06 3.673212443322185e-05 2.0332681598389163e-07 7.186976344078972e-07 0.0 1.7139551283377638e-05 2.410757751222129e-06 5.609422489096896e-07 5.731723827311683e-07 2.4090687340985774e-07 5.281420476166509e-08 6.261922981992723e-08 1.4996486653682239e-05 8.145530739447788e-07 0.0 3.956061020745203e-05 2.3546043103681582e-05 5.139792334475122e-05 6.735555839777581e-06 2.344350514768937e-06 6.477402636440198e-07 1.596162358266286e-06 2.1819438278158375e-07 1.2922019046335417e-06 7.297904991455234e-06 2.955355522140701e-07 7.385242257767121e-07 1.6117669594998728e-06 2.6266148771295763e-07 0.0 5.60203500721043e-07 0.0 6.871607568412261e-07 3.2493593741607373e-07 3.148596239037619e-07 1.8044016813482083e-07 1.054781008672628e-07 2.389510633912042e-05 2.0213745485396843e-06 0.0 2.0127838589583713e-06 1.6066170395916363e-06 9.219240402711551e-07 1.480310740147133e-07 9.408905804089198e-06 2.3005175819537633e-06 1.0292675131732894e-05 1.4725486100806367e-05 1.8057131898572573e-06 1.3210542005883074e-05 1.7627409779835595e-05 8.555045075258542e-06 3.6657112908628924e-06 9.386284481391916e-06 3.022631892714533e-05 1.083183991630278e-05 9.61627974705143e-06 0.0 0.0 0.0 0.0 0.0 0.0 0.0 5.888338814850078e-08 0.0 0.0 0.0 0.0 0.0 0.0 0.0 0.0 0.0 0.0 0.0 7.148827464712914e-07 1.9412698622292754e-06 0.0 0.0 0.0 1.8456620901532175e-06 0.0 2.693756226743645e-07 3.4338426287186266e-07 4.340455128765543e-07 0.0 0.0 0.0 0.0 0.0 0.0 0.0 0.0 0.0 0.0 6.623830873266533e-08 6.350223512036812e-08 0.0 8.473034185012309e-08 0.0 0.0 0.0 0.0 0.0 1.597727372141878e-07 0.0 0.0 4.300744365793148e-07 0.0 0.0 5.7321866798844084e-08 0.0 0.0 0.0 1.3313638905354396e-07 0.0 0.0 6.9123266542745964e-06 0.0 0.0 0.0 7.350305991386525e-08 3.2640129215699458e-06 0.0 2.517629304917056e-06 0.0 0.0 9.615251787991734e-08 0.0 1.5791240519147712e-07 5.227705705944083e-08 0.0 0.0 0.0 0.0 5.1533288364762544e-08 0.0 0.0 2.3434722146254443e-05 1.9261722485071927e-06 3.2369917453521475e-07 9.604690117407133e-05 5.183728529950064e-06 8.507323135396858e-05 2.207826304964763e-05 8.884340223782291e-06 1.0033368071206764e-05 2.18096476876355e-06 1.2477593639560553e-05 1.1717586691695923e-06 0.0 0.0 1.0925813785358042e-07 1.8866381878409828e-06 0.0 0.0 2.7189661799403785e-07 3.7149834566323128e-06 2.755618381902399e-07 3.782614765836225e-05 8.728090906495885e-06
0.0004986736640957704 0.0002740586825314266 9.865741525584716e-06 0.00032011950473245435 0.00026337321986664465 0.0003712614357860485 0.0007009627357843402 3.8265660051808595e-06 0.00016553049175222395 0.0 2.3118384645139437e-05 0.0003097726512162584 0.0011617109289129525 0.00017708102847624623 1.3940312610170423e-05 2.3307887904142825e-06 1.4822207617110396e-07 0.0 6.945244040959117e-08 6.284327628752537e-08 9.307469224510377e-08 0.0 0.0 8.422142090970149e-07 7.675919339504509e-07 0.0 7.88517472755182e-07 2.4079312016819847e-07 8.620137008796181e-07 5.089486855678057e-07 2.6668478660800242e-05 1.5854149642553196e-06 1.2116755877739375e-05 0.0 0.0 0.0 1.31662436800541e-05 1.7305522808272205e-06 4.195947823002345e-06 1.927094261421102e-06 1.46408907181466e-07 2.8740192374292723e-07 0.0 1.446150724810137e-07 0.0 0.0 2.089921768490184e-05 1.1736307188025876e-06 1.1225792039555764e-07 0.0 2.401836790368448e-07 2.1697748828629687e-07 2.695680785017893e-07 0.0 3.133199940039025e-06 2.7229191248263803e-06 5.570083072660001e-05 8.457258698478833e-05 1.2941702964304329e-05 2.556084456979334e-05 6.211602278197626e-08 1.562095851595749e-06 9.274336671291224e-08 3.3067121906840913e-06 3.1847669368522404e-06 7.750837504049111e-07 6.573062085824872e-07 8.63473061201358e-07 0.0 9.493183362244557e-08 0.00011186226045498827 2.456308537721402e-06 1.6292570324408583e-07 5.7383558163911435e-05 1.2429772400034283e-05 2.046157441981347e-05 3.4392785920741252e-06 9.461156806533621e-07 2.524006601542701e-07 1.8608089940052862e-06 9.96763353611865e-07 1.6270311137638513e-06 1.3013173987173751e-05 2.1346832176555268e-07 1.216230028294791e-06 2.2578298400329293e-06 1.340561169637835e-07 0.0 3.4772726995960537e-07 6.991228346528718e-08 8.871382776079147e-07 3.0417138455082076e-07 2.715836607332202e-07 6.034148057186219e-08 6.291872320749251e-08 8.85520594676382e-05 1.1134622455187812e-05 9.244457926144027e-08 1.387252382891682e-05 0.00015924189435260902 1.3507362631157223e-06 5.0118905553682865e-06 5.554269334607765e-05 1.0299225011156074e-05 4.750062700156952e-05 8.643774828844711e-05 2.667067291917233e-05 6.824349831226075e-05 0.00010730605588807973 5.38630966981853e-05 1.728538421637175e-05 3.5433949338577216e-05 0.00010743475310483006 5.125551186107394e-05 2.2072321956507195e-05 0.0 0.0 0.0 0.0 0.0 0.0 0.0 1.3507078863425002e-07 0.0 0.0 0.0 0.0 0.0 0.0 0.0 0.0 0.0 1.9579237863780104e-07 1.1651175196404584e-07 2.766337640644596e-06 6.434686406282551e-06 0.0 0.0 0.0 2.3814152063366084e-06 0.0 3.923549196203988e-06 4.0689265635578117e-07 3.844837461135072e-07 0.0 0.0 0.0 0.0 0.0 0.0 0.0 0.0 2.8163992008730385e-07 0.0 0.0 1.4467978174145704e-07 8.235351075591598e-08 7.852795853998544e-07 0.0 0.0 0.0 1.5264821187814436e-07 0.0 2.092861891536943e-07 0.0 0.0 3.7123029383328283e-06 1.805374154759837e-07 0.0 2.5028195087711016e-07 0.0 6.913829884809081e-08 0.0 5.0589832642019956e-08 6.224774488379876e-08 0.0 1.707101632302915e-05 5.975291982262484e-07 0.0 0.0 1.671244717972999e-07 6.698206316929229e-06 2.2934133755019825e-06 2.6698339799343955e-06 0.0 0.0 0.0 0.0 0.0 1.5935411246656866e-07 0.0 0.0 0.0 4.3019312672931043e-07 0.0 0.0 0.0 8.262788344011282e-05 4.661116790332323e-06 1.7047286926814218e-06 8.009496934623396e-05 4.878697013357087e-06 7.139461052611206e-05 1.4041506491706967e-05 0.00011700907755116764 7.491113323533877e-06 0.0 8.727388723010279e-06 1.1995242503534158e-06 0.0 1.608960222613503e-06 7.829245547268431e-08 2.4067413296772577e-05 0.0 0.0 0.0 2.752331914997496e-06 0.0 0.0003781922427929848 9.544540510265419e-05
7.002200988491933e-05 0.0005024297855091614 0.0010409546010014235 1.8423910451653626e-05 0.0007939044276166861 9.101956551722773e-07 6.188631465582269e-05 0.0005521963940363372 0.00018015916077527191 2.3118384645139437e-05 0.0 0.0002728474555186679 0.0006327086419286378 0.00036237848598699956 3.932825499743276e-05 7.792074240773415e-06 2.1347344909086168e-07 7.047047456513348e-08 0.0 2.0537384952600376e-07 6.756955279983757e-07 0.0 1.4622249268081818e-06 1.6300869392718641e-06 3.873900826872974e-06 1.0375424393978142e-06 3.19516408438599e-06 1.442168520730796e-06 2.4717170884266676e-06 3.625959551086874e-06 9.076506276051607e-05 7.079121439983397e-05 0.0001972240849348367 1.562433864943561e-07 4.821843632686765e-07 4.723203600364124e-07 7.759319812005117e-05 1.5409947297650855e-05 8.784784248667275e-06 4.546552144798661e-06 8.464420928697598e-07 1.501452063180581e-06 0.0 7.538025498500369e-07 2.2784542088518734e-07 7.466328446040246e-07 3.835010980263891e-05 4.063665435493305e-07 4.159182954568703e-07 5.881185638726144e-08 2.39596293764089e-07 3.311423231980875e-07 6.517892158387053e-08 2.7238032819172896e-07 1.294059524375473e-06 1.047596441614126e-06 2.085344272189411e-05 4.989898926737328e-05 3.4093867035115063e-06 2.2974796607499156e-05 2.034561137525518e-07 7.567716134900293e-06 1.8148890586610351e-07 2.093936055971669e-05 1.6827400280531917e-06 4.0767037035904913e-07 4.4410368104467953e-07 3.2444965426709536e-07 0.0 1.2893691456423664e-07 6.527820922431671e-05 1.3516220178514738e-06 0.0 3.475898626107444e-05 3.681623206512866e-05 5.171032328295614e-05 9.28241322575809e-06 6.273517425006538e-06 2.6294453297532254e-05 9.209532002656054e-05 6.407338664956872e-07 1.4514079052057013e-05 6.615502819777814e-06 1.3027946103980722e-07 4.6118816583419e-07 1.0539647282659492e-06 0.0 0.0 2.2653166917131545e-07 0.0 1.9683106606838767e-07 0.0 8.464804177687169e-07 2.9202997110558896e-07 4.04527083084535e-07 3.417353973033524e-05 3.552118096991251e-06 0.0 1.0270187621079815e-05 2.3607637007769214e-06 4.7525445801150164e-07 0.0 3.5222655272112997e-06 1.1184979830505223e-06 5.321076761307496e-06 6.878913138490328e-06 1.1956860943916306e-06 8.761675839354278e-06 7.986298405601618e-06 4.074992537722013e-06 2.7294026091022637e-06 5.135038900787074e-06 1.8606073865523887e-05 5.897863313908965e-06 6.345651470485651e-06 0.0 0.0 0.0 0.0 0.0 0.0 0.0 6.997210690487446e-08 0.0 0.0 0.0 4.2906372186642365e-07 0.0 0.0 0.0 7.979337778191441e-08 0.0 8.006562760945955e-08 0.0 4.060198406855286e-07 1.532981031476418e-06 0.0 0.0 0.0 9.095236968978221e-08 0.0 4.186875109110195e-07 7.309969174563004e-08 2.390616911472536e-07 0.0 0.0 0.0 0.0 0.0 0.0 0.0 0.0 0.0 0.0 0.0 0.0 0.0 1.1595361659599635e-07 0.0 0.0 0.0 0.0 0.0 0.0 0.0 0.0 9.052965515713855e-07 0.0 0.0 0.0 0.0 0.0 0.0 0.0 0.0 0.0 6.050037285350563e-06 0.0 0.0 0.0 0.0 1.7489128937234222e-06 1.0909498859152191e-06 1.8070206485224035e-06 2.823995351895492e-07 1.4422070035365113e-07 0.0 0.0 0.0 0.0 0.0 0.0 0.0 0.0 0.0 0.0 0.0 1.4467853455673018e-05 1.5293301854394829e-06 6.303224005344675e-07 0.00010890582039672545 4.7753839163128895e-06 8.023000657039356e-05 2.8033339739124275e-05 6.57509962173994e-06 1.0437796443990467e-05 5.560597255183571e-07 1.6369072066161444e-05 4.869020227163345e-07 0.0 1.1133472318096497e-07 0.0 2.6088467443212244e-07 0.0 0.0 0.0 4.224872407277492e-06 8.694047913999297e-08 2.1863576895234885e-05 5.908275230368875e-06
