0.0 0.0014417154593741434 0.00019525808062191544 0.0003703888626015437 1.8853537179114786e-05 0.00010512400001798953 0.00010128856340202058 4.9185148513290284e-06 5.309557284320368e-07 0.00022610771466793645 1.2041309783375312e-05 0.00015216628514168643 4.0184974650925404e-05 6.820039843520855e-06 5.448997850454813e-07 2.614314452694549e-07 1.0984404486064235e-07 0.0 0.0 1.6150268955647354e-07 0.0 0.0 0.0 1.0058231101819123e-07 0.0 0.0 0.0 8.673800623267861e-08 3.088978789229496e-07 0.0 0.0003234458376798145 4.386689285330562e-06 5.739797211237596e-06 0.0 1.161231758963963e-07 0.0 2.4980168925572455e-06 3.030725555068536e-07 1.1511325903176549e-07 0.0 0.0 1.3045008693336056e-07 1.5139597476134556e-07 6.878100028298345e-08 5.5981968509619485e-08 0.0 1.268201972558546e-05 7.043095133094615e-07 2.4425238093706703e-07 9.738306616291261e-08 2.1302440856853652e-07 2.4052375997629962e-06 0.0 9.06553084454965e-08 1.1135540925866416e-06 1.8876744646492642e-06 0.00010177370293817985 0.00020044768858572945 1.149796119181441e-05 1.1068680229614352e-05 1.983930047952375e-07 2.2222453461333205e-06 4.1072896494173686e-08 4.584741211707747e-07 1.407331685541834e-06 7.475591358508974e-07 5.328391495655927e-07 3.586812806083656e-07 3.55441849069177e-07 3.519536386486221e-07 7.66983527043063e-06 1.5827452004996728e-05 3.621689529121722e-07 5.057354230929352e-05 6.100566350415103e-06 6.540467744318404e-06 5.9511194689307126e-08 1.0409049433014993e-07 5.864661001834457e-08 4.104656343823477e-06 7.728664880815029e-08 3.662329651478209e-06 5.886987396894466e-06 0.0 1.3515942222654516e-06 8.340619162356623e-07 3.034355402822993e-07 6.579159217657111e-07 2.894792415128299e-07 5.79711796415973e-07 5.708476463787349e-07 5.607146170488955e-07 1.3599847294494008e-06 2.3163563308361972e-07 2.072901739264411e-07 7.896663357221611e-05 1.8558538980945057e-05 2.3035856690783796e-06 2.822317612541035e-06 0.00039707994375663247 0.0 1.8006441984505184e-06 1.0201368092012703e-06 2.1460536823133917e-05 0.0 3.335624287975547e-06 5.2603086330250355e-06 1.1991330985867116e-06 7.82069433294914e-06 5.316068841119796e-06 0.0 1.524052759203015e-06 3.105377775120512e-06 1.690313323747667e-06 1.1517275221831523e-07 0.0 0.0 0.0 0.0 0.0 0.0 0.0 0.0 0.0 0.0 5.978542148713312e-08 0.0 0.0 0.0 0.0 0.0 0.0 0.0 6.131117644101176e-08 0.0 0.0 0.0 0.0 0.0 1.0334763041622905e-07 0.0 9.299248088416672e-08 5.183222801878763e-08 0.0 0.0 0.0 0.0 0.0 0.0 0.0 0.0 0.0 0.0 0.0 0.0 0.0 0.0 0.0 0.0 0.0 5.767198672951664e-08 0.0 0.0 0.0 0.0 0.0 0.0 0.0 0.0 0.0 0.0 0.0 0.0 0.0 0.0 0.0 1.2341816810969881e-07 0.0 0.0 0.0 1.2904303677986424e-07 7.150211276442747e-08 0.0 5.634785661263768e-08 0.0 0.0 0.0 0.0 0.0 0.0 0.0 0.0 0.0 0.0 5.3440424335664424e-08 0.0 7.044239820047436e-08 9.377570105134503e-07 2.734593932854673e-07 1.4957201552848205e-07 7.807778920601744e-05 2.052754692006518e-06 3.8613438954779085e-05 6.063991243318853e-06 0.0001990307769015744 1.921901514957031e-06 5.561220283742746e-07 1.3753431445926448e-06 3.3496960659734944e-06 3.888553951254599e-08 0.0 0.0 7.106507267493291e-06 0.0 0.0 0.0 0.0 0.0 0.00023639005817403854 6.727559634138185e-06
0.0014417154593741434 0.0 0.0005974567098877077 0.00042373015585197427 0.000474511763310912 7.11712095584281e-05 0.000960933329172271 4.896775647700519e-05 0.000351970942261953 0.000629700218605243 0.0001428069530239161 0.0001944834696907364 0.001151728777790984 0.0011919823917422867 2.8183787077564983e-05 2.879904107536451e-06 2.079582014435957e-06 8.650545344842632e-07 1.823786503644452e-07 4.6681410482350893e-07 6.6166319472898e-07 5.0978706027023675e-08 4.209854764223931e-07 5.618696533633638e-07 9.596321383654287e-08 2.6540244339943485e-07 2.553973075263145e-07 4.1988858174543195e-07 1.0973330543956983e-07 0.0 0.0010178292360620577 1.741967339700887e-05 7.024863233958333e-05 1.1252288076289791e-07 4.1201738225232295e-07 5.961015811363095e-08 2.0869533187999224e-05 6.10070029142807e-06 2.831503822323573e-06 3.584858315996289e-07 8.469196371490391e-07 6.196023972280716e-07 2.678923605899818e-06 7.878233961730078e-07 1.558727369344705e-07 7.326387696409079e-07 0.00018936219844300066 8.735761250309586e-06 2.1309921086371816e-06 2.7903185845724247e-06 1.706417337188774e-06 1.194983849283842e-07 1.980266255042572e-07 2.6397782623697363e-07 6.5245307128843265e-06 8.60392193990431e-06 0.00014278386563165919 0.0005401503986425216 3.585899456772384e-05 7.711897558702649e-05 1.7846476832156509e-06 1.6410782758560176e-05 2.482100231344964e-07 3.951923530317093e-05 1.0346335060838123e-05 9.620973810259125e-06 3.2618989145794685e-06 4.678644752404137e-06 4.589723390651002e-06 2.828525211592288e-06 2.452477899864473e-05 1.2073443909933616e-06 4.014038084090387e-08 0.0003496870898752818 0.00012624646391148407 0.00018362371149598797 1.5560634145605517e-05 2.1412302928625363e-06 7.821683585504919e-07 3.297864361679961e-05 1.01065783575036e-06 1.7015099977708738e-05 3.252814870328766e-05 1.474099312625122e-07 8.290239771343727e-06 4.688894033723135e-06 2.6926197471215624e-06 1.9881535448521733e-07 1.8523587697451487e-06 8.040950298526389e-08 1.9634004779010513e-06 2.7905306995574313e-07 1.163278395913029e-05 1.8446458641764543e-06 7.738102353576012e-07 1.809174373210784e-05 1.9979413566450201e-07 0.0 1.7194078728242486e-06 0.00027007946905552934 6.042236275059633e-07 1.299491302750731e-06 1.6725152436967073e-06 3.860321967659739e-05 2.80123055666701e-07 1.8043689196291532e-05 6.931214594785613e-06 2.5359960025644734e-06 2.9680079119552693e-05 6.730398209371469e-06 3.3478141715897825e-06 8.042940100961074e-06 9.751187507510672e-06 4.469859674507859e-06 3.6745924436546745e-06 1.4848055833354802e-07 0.0 0.0 0.0 0.0 0.0 5.47004121875748e-08 0.0 0.0 0.0 0.0 9.006442496995452e-08 0.0 0.0 5.736929605857172e-08 0.0 2.506684658138609e-07 5.020946500667656e-08 0.0 6.165477649917396e-07 0.0 0.0 0.0 4.2753199829611717e-07 8.083629495414477e-07 5.706584201270474e-08 2.7496206115369043e-06 1.97697861512562e-06 8.934321806514458e-07 0.0 0.0 0.0 0.0 0.0 1.516765651025793e-07 0.0 0.0 5.280096018065546e-08 0.0 0.0 0.0 0.0 6.790521527504949e-08 9.780812833673443e-08 0.0 0.0 0.0 1.363449306533229e-07 1.715987296170355e-07 0.0 1.7020640884523232e-07 1.5288253917301585e-06 0.0 5.993385410927584e-08 0.0 4.0544350089624796e-08 0.0 0.0 4.1776875215855025e-08 0.0 0.0 1.207239073411387e-06 6.504357798479485e-07 1.0037957866183742e-07 0.0 1.3116074518561003e-07 2.2396786424720304e-06 0.0 1.3993361748226854e-06 0.0 0.0 2.9527856950996077e-07 6.922074178112642e-08 0.0 0.0 1.503263488377485e-07 0.0 0.0 4.456472355985125e-08 4.1105496357649096e-08 7.380426381425475e-08 0.0 3.0626887419588375e-06 5.919282479803655e-07 4.0794588143383205e-07 0.00035377055451203806 1.926453386026741e-05 0.00046070815343554963 7.296002497150267e-05 9.546219902097498e-05 2.22869755585115e-05 2.260305214324415e-06 8.892277355874074e-06 8.167380371776883e-06 0.0 4.1973435498248726e-07 3.9238823795027016e-07 9.825817458289309e-06 0.0 9.146928511342848e-08 0.0 1.85347023424593e-06 9.885076833111901e-07 9.920469366394804e-05 1.5080164148815884e-05
0.00019525808062191544 0.0005974567098877077 0.0 1.2076371859475912e-06 0.00012998992150812112 1.1986316989206827e-06 1.7285767702647013e-05 0.0006858491053519313 0.00011905743440392252 2.033909611964078e-06 0.0011760518380074562 6.07819660879958e-06 0.00011486901024870201 0.001096507393564395 1.3035220869028865e-05 5.478167169602143e-06 9.645368754257049e-07 1.4608164607090363e-06 1.7898238907897107e-07 4.6282541141254835e-07 2.2289944439341113e-06 0.0 2.8089149326622848e-06 2.001112290927881e-06 5.09613442532837e-07 2.147943621542491e-07 8.563237372858712e-07 0.0 0.0 1.0480976557895867e-07 0.0018382115493652761 0.00018003380244747754 0.0002745261696274664 4.342482647180878e-08 2.1484280642737757e-06 3.9670206963490444e-07 5.782612678996458e-05 1.5223620858572627e-05 6.639109847243157e-06 6.796862576381206e-07 2.954148216092178e-06 1.5274509602116521e-06 6.131513116111007e-06 6.696111697163011e-07 3.4724089976700417e-07 7.167188484422788e-07 4.408208806238001e-05 1.3845761611465315e-06 1.703222372238796e-06 9.53780033629628e-06 6.862162465004695e-06 4.312158391833822e-07 3.193350318160056e-07 2.4949554650326727e-07 8.261368080815606e-07 9.266080011198037e-07 2.3310164859996452e-05 0.00018420125574562722 5.34770147102591e-06 1.2275577921134873e-05 8.115214001414646e-06 5.444449482149704e-05 9.073644769110706e-07 3.630454397244607e-05 1.2272706508265595e-06 4.202976146101832e-06 4.9981028565262275e-06 1.1652302833299135e-05 1.570217494699431e-05 1.2098407752835043e-05 3.758184035895278e-05 7.831448808908677e-07 6.832848164065297e-08 5.64889749673503e-05 3.4403023929676893e-05 4.4890712054858936e-05 7.041903520484191e-06 1.859508920952745e-06 9.604513272572136e-06 0.00024578890719556795 4.042720000864317e-06 0.0001201871528666265 5.631317070204425e-06 0.0 1.1899871693456561e-06 1.561058309640569e-06 2.8846803879945744e-06 0.0 3.60958653259083e-07 7.329937264653286e-08 2.4818272184384077e-06 1.4772020437387156e-06 4.464224862879334e-05 3.4723201739921212e-06 2.2314800270948243e-06 3.812908220641645e-06 1.4925515236410687e-07 8.300229339374175e-08 5.1863165195368225e-06 4.898838909015667e-05 1.3632308061047146e-07 5.5946139945653984e-08 4.429531759980157e-07 0.0 2.1479745945413784e-07 1.3179252490830915e-06 1.3721420976719765e-06 6.83692862202478e-07 1.1536665163853176e-06 7.822847294259075e-07 1.586214497993675e-06 1.250509350875919e-06 4.249770121535036e-06 2.3827900721200647e-06 2.3147099032015016e-06 1.5758622580463568e-07 0.0 0.0 0.0 0.0 0.0 0.0 0.0 2.7718830457899196e-07 0.0 6.187266998205387e-08 4.5642993765865054e-07 1.426982088584032e-06 0.0 7.575143739099517e-07 0.0 1.3481118435287276e-06 5.361561888028015e-08 5.291505907710225e-07 1.1789803823314462e-07 1.4722081451132582e-07 0.0 9.466568170424375e-07 5.775861226309175e-07 7.59140844296172e-07 1.1262881342482997e-06 3.3755797537559215e-06 2.527207195129175e-06 2.4624185330595465e-06 0.0 7.11766585035932e-08 7.483259240600196e-08 0.0 3.2081748401457105e-07 0.0 0.0 0.0 1.566681986319565e-07 0.0 0.0 1.055332447755961e-07 8.025932210940618e-07 4.061130933319928e-07 0.0 0.0 0.0 0.0 0.0 1.433924955343014e-07 0.0 1.2808153477965588e-06 1.6643328781938671e-06 2.018666641634869e-07 0.0 0.0 0.0 0.0 0.0 0.0 3.878654167377896e-08 0.0 5.59948291870464e-07 1.9672096030045227e-07 6.995583428805376e-08 5.428793318562422e-08 8.812810132858195e-07 2.2133383063140873e-06 2.187488507372463e-07 1.238848686312168e-06 0.0 0.0 5.190563715473647e-08 0.0 5.3285515541027034e-08 0.0 0.0 0.0 0.0 1.2777993285655067e-07 3.23671445632556e-07 6.120649145907525e-07 0.0 1.367232673990252e-06 1.1056347629304131e-06 1.3268362340489505e-06 7.921483039271878e-05 4.55041254180636e-06 8.552339306389193e-05 2.0979737495765714e-05 3.355636239772333e-06 4.87748306445156e-06 1.4261354651238384e-07 2.693635370526594e-06 2.5750686815620143e-06 4.540148759492428e-07 5.989073875624891e-07 4.4680353586162215e-07 3.0093236445821847e-06 0.0 5.902727756042778e-07 1.9759016276397622e-07 1.6780205878770248e-06 7.107841089968811e-07 7.247805669187058e-06 3.4293467742862175e-06
0.0003703888626015437 0.00042373015585197427 1.2076371859475912e-06 0.0 3.476381510035523e-06 0.00019332802136029682 0.0004232606925389553 1.1696175263405064e-07 3.0205779559148765e-07 0.0007703149141966336 1.004487466869487e-06 0.0008609456478044516 0.0002554898231731879 1.2356900867914698e-05 5.650786093487985e-07 3.859965873281541e-08 4.444579350129516e-08 0.0 0.0 0.0 1.418960554288647e-07 0.0 0.0 3.6167940432894965e-08 0.0 6.960668411877778e-08 0.0 0.0 0.0 0.0 4.327477997809459e-05 5.138460874173571e-08 5.049440495810154e-06 6.656242001560866e-08 0.0 0.0 7.150276407340808e-06 4.3036581495048246e-08 0.0 3.870061506625956e-08 0.0 0.0 5.810674126198017e-08 0.0 0.0 4.370355217593778e-08 1.1752373307689245e-05 5.550615097637849e-07 3.947377307596089e-08 3.652831596782833e-08 4.9221460756612156e-08 0.0 0.0 7.257181377408243e-08 4.964826649127031e-07 5.431541186709166e-07 2.407529668632398e-05 5.510157492593775e-05 3.5082107058554867e-06 6.350970813649359e-06 7.085452680082137e-08 2.5972891270657295e-07 0.0 2.1662955300994146e-07 1.1722018570531268e-06 3.3768722194564636e-07 1.086398584641012e-07 0.0 1.6862549379606243e-07 0.0 7.503026496320015e-06 1.016121300681879e-06 0.0 3.406405629647159e-05 4.609813644691842e-06 7.656815466875498e-06 1.0469617601627136e-07 0.0 0.0 1.3996657838453906e-07 0.0 0.0 2.6849547589721568e-06 0.0 7.840677448571103e-07 2.3052224763119053e-07 9.070142692798122e-08 0.0 2.3403212037945218e-07 0.0 5.203764157312596e-08 7.364650174941682e-08 4.035019631538707e-08 4.72159215356249e-08 5.8172103675389816e-08 3.6701698291664936e-05 1.0622469663994966e-06 0.0 1.250149576029449e-07 0.00015661136399243043 1.620168913953761e-07 2.612896108346509e-06 4.306294289597403e-06 4.963747203824212e-05 9.793681645423287e-08 1.8494158336514103e-05 1.3098053701976428e-05 2.996894511758766e-06 2.79336863530779e-05 8.839846125699736e-06 1.4748175107690193e-07 3.003152778256178e-06 6.123456723113239e-06 2.245513091972748e-06 7.961281550788255e-07 0.0 0.0 0.0 0.0 0.0 0.0 0.0 0.0 0.0 0.0 0.0 0.0 0.0 0.0 0.0 0.0 0.0 0.0 0.0 5.478270650704287e-08 0.0 0.0 0.0 0.0 5.5614178226467614e-08 0.0 1.6644441588602738e-07 0.0 0.0 0.0 0.0 0.0 0.0 0.0 0.0 0.0 0.0 0.0 0.0 0.0 0.0 0.0 0.0 0.0 0.0 0.0 0.0 0.0 4.811269121959291e-07 0.0 0.0 0.0 0.0 0.0 0.0 4.784297459097864e-08 4.353917315224664e-08 0.0 0.0 0.0 0.0 6.532636083891954e-07 0.0 0.0 0.0 0.0 2.0966830580970065e-07 0.0 0.0 0.0 0.0 0.0 0.0 0.0 4.8084986341376015e-08 0.0 0.0 0.0 0.0 0.0 0.0 0.0 1.7372134614809992e-06 5.1725490058884525e-08 0.0 5.244648171699512e-05 1.6270191870889985e-06 2.2562968680763727e-05 2.4194577133969282e-06 0.00015213752020788973 6.546096135776115e-07 4.9659221859977764e-08 5.467148121660398e-07 2.7918975286125745e-06 0.0 8.822808279470757e-08 0.0 8.655718073429342e-06 0.0 0.0 0.0 0.0 0.0 0.00019715220211002595 8.822892269483703e-06
1.8853537179114786e-05 0.000474511763310912 0.00012998992150812112 3.476381510035523e-06 0.0 1.9114588932960908e-07 0.0005400075515314404 9.240531784770815e-05 0.0017842057813070354 3.495078109588458e-05 0.00017711619862202676 8.884039542446054e-06 0.0005724991959243986 0.0017561151013448647 1.60523049048542e-05 1.59949175286986e-06 5.673324206202614e-07 7.082212716683373e-08 4.0238812405650835e-08 1.0234277873192132e-07 2.100125378421836e-07 0.0 3.7121583425708875e-08 1.2929989679821308e-07 6.637535561667182e-08 3.474465291937589e-08 0.0 8.481023739617044e-08 5.529429910543311e-08 1.312952556011822e-07 7.943870732086696e-05 9.250232560559632e-06 1.467320496701186e-05 0.0 1.2629895422187168e-07 0.0 7.416289319162558e-06 7.602309405563065e-07 2.8442501123984275e-07 1.2679486009133044e-07 1.2138137431710703e-07 1.924559814822449e-07 1.7143081529145116e-07 5.254939247795491e-07 8.175568963165361e-08 7.87961851735206e-08 8.525978523984823e-05 2.436882659540282e-06 5.656541783971129e-07 9.513479467823064e-07 9.161939778611695e-07 9.293505256420949e-08 1.6341793466423965e-07 4.5867494821840905e-08 1.474948057266451e-06 2.0960331006654047e-06 1.7910256215593e-05 7.736387535369765e-05 8.149085794553763e-06 2.3939086328657943e-05 3.288992091711277e-07 4.229738099860689e-06 0.0 2.2179893685691638e-05 1.8541093041991345e-06 1.7936011700188718e-06 3.987806644616512e-07 3.465552545577956e-07 6.34400163548425e-07 3.247911038994063e-07 1.0144397180677295e-05 0.0 0.0 8.901621320838561e-05 4.981016874502679e-05 7.92414035269421e-05 1.1094772841224327e-05 9.08642113115175e-07 7.813804336160683e-08 2.824191206786762e-06 4.673855065956091e-07 1.7672871045954398e-06 7.0847609122306225e-06 0.0 2.010827466345458e-06 1.2788407659315305e-06 4.868099006035017e-07 0.0 5.534343948889009e-07 0.0 3.003589891742294e-07 0.0 1.5811861911821807e-06 0.0 3.518421108239415e-07 8.172974198619279e-06 0.0 0.0 2.0471151846836463e-07 1.1624871593705935e-05 3.003421667686721e-07 3.0458056825096553e-07 1.0825340491553894e-06 8.003946262324336e-07 4.439996879301198e-07 9.405870415790622e-06 3.0686851051576786e-06 8.221771980036966e-07 2.724410173506959e-06 3.7012555466182954e-06 1.4616976487845542e-06 3.5495763722752037e-06 6.0831251856832435e-06 2.5413197073135383e-06 2.5223910596172313e-06 0.0 0.0 0.0 0.0 0.0 0.0 0.0 0.0 0.0 0.0 0.0 0.0 4.197711346365196e-07 0.0 0.0 0.0 2.226299677273236e-07 5.093086056520701e-08 6.897319556254404e-08 8.830648139920448e-07 0.0 0.0 0.0 0.0 3.8257037921991735e-07 2.6845283640208073e-07 7.799785018288529e-07 6.220397688824357e-07 9.293179883503344e-08 0.0 0.0 0.0 0.0 0.0 0.0 0.0 0.0 0.0 0.0 0.0 0.0 3.275842020102846e-07 0.0 0.0 0.0 0.0 0.0 0.0 0.0 0.0 1.1386360802716052e-07 0.0 0.0 0.0 0.0 0.0 0.0 0.0 4.524126145595267e-08 4.549647896678471e-08 0.0 4.221282674522504e-07 0.0 0.0 0.0 0.0 1.7325682374797842e-07 0.0 5.758193351739798e-07 0.0 0.0 0.0 0.0 0.0 0.0 0.0 0.0 0.0 4.5381785013329006e-08 0.0 0.0 5.7664978697445155e-08 1.6757600908178226e-06 4.1192558016077216e-07 5.455930984183538e-07 0.00017918760733760138 6.922085703822531e-06 0.00019632688662453164 4.384306203711794e-05 1.1343386789807344e-05 1.4455140275405596e-05 6.008800453472834e-07 3.7544219756714792e-06 4.6125698755482884e-06 4.648815304792945e-08 0.0 0.0 4.073049562292796e-06 0.0 0.0 0.0 4.967829997585811e-07 1.3566037888483262e-06 1.581316682303645e-05 6.879219442535507e-06
0.00010512400001798953 7.11712095584281e-05 1.1986316989206827e-06 0.00019332802136029682 1.9114588932960908e-07 0.0 1.7634164827591067e-05 0.0 5.091867660087699e-07 0.0001625927285885175 1.8848353794565026e-07 6.788342664007909e-05 1.6277270483855908e-05 2.3111046805454535e-06 0.0 1.9453272731481565e-07 0.0 0.0 0.0 0.0 0.0 2.146948068015021e-06 0.0 2.654138158086223e-07 0.0 1.3735221012016967e-07 1.1989795538554597e-07 0.0 0.0 9.630209285881409e-08 2.6233047110174798e-05 0.0 2.808569242708844e-06 0.0 0.0 0.0 1.101810922836743e-05 2.232266453436675e-07 1.93451095130559e-06 0.0 8.842672296090536e-08 0.0 0.0 0.0 0.0 0.0 1.4664328884548587e-06 2.8849667161620664e-07 0.0 7.381515129265152e-08 0.0 1.7972679820139198e-05 4.300486264131898e-07 1.0400336071424964e-06 0.0 4.3525567871412155e-07 1.094902632581711e-05 1.7050775040743177e-05 1.2877024224859291e-06 1.4802731823934449e-06 1.0791065395554824e-07 3.9164842753603755e-07 0.0 0.0 3.426582193234416e-07 2.2015709601049763e-07 0.0 7.68297751744611e-08 9.730753897441358e-08 0.0 7.773401742291219e-05 9.468262128785164e-05 8.387437809817021e-06 5.989274546243234e-06 9.380270512635478e-07 4.826695177126369e-07 0.0 0.0 0.0 0.0 0.0 0.0 1.1014168223988998e-06 7.741876491705086e-07 1.327854385351265e-07 1.1521040881493221e-06 5.804761724854849e-08 1.0081883898349264e-06 1.6644923359521795e-06 6.745851943136642e-06 1.2411861340663836e-06 4.33849037779641e-06 1.2309256680533443e-07 1.3033631904128569e-07 2.9964727408571485e-06 8.641147565700442e-05 0.00015535641507826592 1.9590550593890058e-05 2.8830757682769224e-05 7.408354068133467e-05 1.244797191534849e-07 5.960210826250596e-07 4.693086169679411e-07 7.854230757339192e-06 0.0 8.408309087132134e-07 1.6104926362427667e-06 3.0122281359885566e-07 4.002243002968636e-06 1.1540911812287497e-06 0.0 1.0429495804585568e-06 1.2176075726188287e-06 2.7971458125450556e-07 3.253963569692805e-07 0.0 0.0 0.0 0.0 0.0 0.0 0.0 0.0 0.0 0.0 1.1740743218793994e-07 0.0 0.0 1.3322868404930526e-07 0.0 1.4299835630199505e-07 0.0 2.413004664279543e-07 0.0 0.0 0.0 0.0 0.0 0.0 0.0 0.0 0.0 0.0 0.0 0.0 0.0 0.0 0.0 0.0 0.0 0.0 0.0 0.0 0.0 0.0 0.0 0.0 9.89319632655559e-08 0.0 0.0 0.0 0.0 0.0 0.0 0.0 0.0 0.0 0.0 0.0 0.0 0.0 0.0 0.0 0.0 6.883902303423251e-08 0.0 0.0 7.42029332387216e-08 0.0 0.0 0.0 0.0 0.0 0.0 0.0 0.0 0.0 0.0 0.0 0.0 0.0 0.0 0.0 5.024644801878238e-08 2.7184601290200907e-07 1.3313709157299947e-07 0.0 8.273914241517445e-07 0.0 0.0 9.400837254039769e-05 1.9170694705865676e-06 3.618648959878319e-06 1.7703574235607033e-07 2.3885331187367728e-05 2.8177134480991535e-07 1.9577523262957623e-07 0.0 2.6585662457223083e-06 0.0 0.0 0.0 2.77900264948629e-06 0.0 0.0 0.0 7.58723403357228e-08 0.0 2.7477282532853058e-05 3.4877245637029056e-06
0.00010128856340202058 0.000960933329172271 1.7285767702647013e-05 0.0004232606925389553 0.0005400075515314404 1.7634164827591067e-05 0.0 6.635032414626092e-06 0.0004594600874663411 0.0009828113154128166 4.13855092276544e-05 0.00043911539171633137 0.0033603431452775556 0.0009575219753107135 1.7097214331538922e-05 2.46520959758969e-06 7.443920716286043e-07 2.893795115849983e-07 3.7757915866385866e-08 1.067916964919051e-07 0.0 0.0 0.0 3.223325141765117e-07 0.0 7.937349684409553e-08 0.0 3.957687561922694e-08 0.0 0.0 3.5430167600858584e-05 5.286245600622722e-06 2.2648933159813585e-05 5.3650208524290155e-08 0.0 0.0 1.6124549884661138e-05 1.5615447390238025e-06 4.89335013445118e-07 0.0 0.0 1.4896239182432036e-07 8.313442608414676e-08 7.516327766220385e-07 1.319028238245086e-07 3.0751046690218223e-07 9.691450526542366e-05 1.649364635236203e-06 6.051961671566841e-07 2.4301395216953374e-07 9.959715065257008e-08 0.0 0.0 1.232989721213543e-07 1.6476028910594885e-06 1.7506472895594387e-06 2.3597169681142507e-05 7.693054032941605e-05 9.248228839046965e-06 2.9247364503210323e-05 9.008702305765793e-07 8.558791602455987e-06 5.070261459209293e-08 1.4460788023423322e-05 2.8951006715532866e-06 1.6406726825584357e-06 9.284848835091499e-07 6.361371981549162e-07 1.3174550289026093e-06 3.2635933566196105e-07 2.9355797762386088e-05 0.0 0.0 9.177017501734667e-05 4.0447572073173684e-05 6.790169063850507e-05 6.606199868962828e-06 5.204173814330203e-07 1.0112551797554681e-07 3.480424665867153e-06 5.722412967994803e-07 4.293321674501083e-06 7.708036641426441e-06 0.0 2.4265023342787198e-06 1.1874385420535716e-06 7.952423992681181e-07 1.2858678260615286e-07 6.173172969705614e-07 8.562155163763245e-08 6.46557622499987e-07 9.729695496883419e-08 1.997159466752501e-06 2.778531791074315e-07 1.2496755014313276e-07 4.6984105095313836e-05 1.041702332207805e-06 0.0 7.960056959755476e-07 2.673538621228884e-05 1.0580653362341537e-06 5.2706657535661195e-06 6.005255887837234e-06 3.2377180612684475e-05 1.0881366391664564e-06 4.252862752009551e-05 1.7071235515978295e-05 8.271363155156963e-06 4.0188120074720094e-05 1.4568389860937033e-05 5.848420478811484e-06 1.2623805292144924e-05 2.4578882310856884e-05 1.110968361206183e-05 6.328810074076021e-06 0.0 0.0 0.0 0.0 0.0 0.0 0.0 0.0 3.8796000014206875e-07 0.0 0.0 0.0 0.0 0.0 0.0 0.0 8.430292157449525e-08 0.0 0.0 1.1696964605588834e-06 9.634623032080435e-07 0.0 1.0839905121921614e-07 0.0 1.625396711906776e-06 1.0120512483985887e-06 2.2690213102983854e-06 7.821107769298329e-07 7.723675287123557e-07 0.0 0.0 0.0 0.0 0.0 0.0 0.0 0.0 1.665914343874128e-07 0.0 0.0 0.0 3.2630488575563416e-07 0.0 4.2211786177605874e-08 0.0 0.0 1.1435261223646321e-07 2.3741345518233117e-07 4.510959492482378e-07 0.0 4.7791514986908e-07 3.2134072590198724e-06 0.0 0.0 0.0 0.0 0.0 0.0 0.0 0.0 0.0 2.627265061318731e-06 1.8349441354204148e-07 5.8251425838398985e-08 0.0 2.382334324777244e-07 4.320696834194782e-06 4.435213803554837e-07 1.0719245581165044e-07 0.0 0.0 0.0 0.0 0.0 0.0 0.0 0.0 0.0 0.0 8.169671579033773e-08 0.0 0.0 8.88330146839691e-06 1.3541047684118332e-06 2.288859378427984e-06 0.00028936073285287377 8.729801350777618e-06 0.00022677381965663566 5.9745642526774765e-05 2.2770322552695962e-05 1.5600574916418637e-05 8.395748503650002e-07 8.533062194622465e-06 9.448839432347897e-06 4.082229051873151e-08 1.716307976209341e-07 5.316101409697412e-07 2.113939510500695e-05 0.0 0.0 0.0 2.415516443088709e-06 2.9787160582527826e-06 6.230913618255067e-05 3.050645416943883e-05
4.9185148513290284e-06 4.896775647700519e-05 0.0006858491053519313 1.1696175263405064e-07 9.240531784770815e-05 0.0 6.635032414626092e-06 0.0 0.0001871225279786518 2.691853384400102e-07 0.0016408782686386353 8.225183890508342e-07 2.5454805236236285e-05 0.0007787057292365487 4.2932433378425824e-06 1.8850175351044033e-06 6.514354631086034e-07 2.1835614408435313e-06 6.252700117652874e-08 2.714847694973897e-06 3.403677260098218e-06 0.0 2.458374954868841e-06 2.5484662105901544e-06 5.062863355066969e-07 0.0 1.2970581828443965e-06 1.7937548023505246e-07 6.683512632076202e-08 0.0 0.00021317320310860696 0.0007111380074989588 0.00022158257668765348 1.4360477758578691e-06 1.6042211233133047e-06 2.9241454323163034e-07 2.407206130004616e-05 9.141513467532925e-06 2.8077382965918247e-06 3.5298782395288616e-07 2.896239160777743e-06 8.859421054739391e-07 9.128202524045426e-06 3.476582906485763e-07 8.452886428278296e-07 1.8095199492837036e-06 1.4295980971659082e-05 7.578003954760409e-07 1.025381764318517e-06 3.386763190107119e-06 4.633848816971884e-06 1.713880068526859e-07 0.0 3.308954439781057e-07 2.1153347790259884e-07 9.60964853321595e-08 3.987876011619677e-06 3.6943148054204694e-05 8.165342304649897e-07 3.371968108113336e-06 4.888940212009651e-05 7.754746782963133e-05 1.3236600531277929e-06 7.821118267893517e-05 2.9421016999197624e-07 1.768876535655011e-06 2.838163721016154e-06 8.369393816669241e-06 2.0335246704610067e-05 1.618467017432361e-05 1.2267515136436422e-05 2.3004696227038498e-07 0.0 1.0944068797000952e-05 1.2532520002287818e-05 1.3643326774230218e-05 1.611847375504011e-05 6.426847675417202e-05 0.0003579550593220793 0.001060167299365743 6.218367881476592e-05 0.0005676467700035326 6.641294338440244e-07 0.0 2.790969890424483e-07 6.668155875083402e-07 3.284901528419834e-06 0.0 8.114849996720247e-08 0.0 8.497455040670232e-07 4.606082702946169e-07 3.7322198608645093e-05 6.667974354538409e-07 1.3482147395853343e-06 2.3189431519030713e-06 0.0 0.0 2.8063242071203993e-06 4.910250541908325e-06 3.0495771300549853e-07 1.0391091037973223e-07 2.1243560247393004e-07 0.0 6.428989667279792e-08 5.151753671863746e-07 2.7350445743455556e-07 1.444140601236653e-07 5.152228121892156e-07 2.1990248544530033e-07 4.724485469660574e-07 6.788906801829621e-07 1.4552143837860322e-06 5.014728092352651e-07 7.971908887280237e-07 1.240665518626702e-07 1.2438498557709e-07 0.0 2.0590992323844677e-07 0.0 0.0 0.0 0.0 7.283024747106158e-08 0.0 9.706011789926106e-08 6.757819046417064e-08 2.824680495697368e-07 1.725263615479555e-07 2.2862299898234473e-07 0.0 6.464100439817532e-07 0.0 2.6142404303557943e-07 4.213541114236963e-08 1.6396668860412328e-07 0.0 1.9649510769543407e-07 1.8250308360532883e-07 3.01997154213969e-07 2.3406268979077832e-07 7.075813382254666e-07 1.0570430864845113e-06 5.17633018333545e-07 0.0 0.0 0.0 0.0 0.0 0.0 0.0 0.0 1.1253726912874473e-07 0.0 0.0 5.6123230413231925e-08 2.451182170423281e-07 3.6902558646223154e-07 0.0 0.0 0.0 4.552378213459182e-08 0.0 0.0 0.0 3.716827443938517e-07 3.1235865790368185e-07 0.0 0.0 0.0 0.0 0.0 0.0 1.1293311656886851e-07 0.0 0.0 3.2165684915583346e-07 3.8031056419240764e-07 0.0 3.226928177539729e-07 7.81548751529214e-08 1.553782833545151e-06 0.0 5.783831486212767e-08 0.0 0.0 0.0 0.0 1.2132860446132583e-07 0.0 0.0 9.556289564738775e-08 0.0 0.0 4.777459715948544e-07 3.9066542276599556e-07 0.0 2.0267573208038307e-07 0.0 1.0741988991676333e-06 3.0235969876611438e-05 1.37843003254802e-06 2.3298090521310994e-05 8.065273159908723e-06 9.242105032907754e-07 1.4679572605738372e-06 0.0 3.816238725311905e-07 1.5320885942638464e-06 4.367665885286346e-08 4.3772794661389867e-07 0.0 2.156807393020854e-06 0.0 0.0 0.0 3.0142519555360587e-07 0.0 1.0184898590927554e-06 8.96680381616481e-07
5.309557284320368e-07 0.000351970942261953 0.00011905743440392252 3.0205779559148765e-07 0.0017842057813070354 5.091867660087699e-07 0.0004594600874663411 0.0001871225279786518 0.0 6.09758971695001e-06 0.00031314562348857205 4.953498252883869e-06 0.0006968311345374821 0.0012812633702732278 2.0717850187395765e-06 1.5924155113719322e-07 1.3046485698666834e-07 7.699354412393169e-08 0.0 0.0 0.0 0.0 0.0 0.0 0.0 0.0 0.0 0.0 0.0 0.0 5.514844431280176e-06 3.1640955104072106e-06 1.702126265965443e-05 0.0 0.0 0.0 4.753124906497241e-06 3.9322014141452787e-07 1.1688858752779005e-07 0.0 1.2992163751496982e-07 0.0 7.168274479107011e-08 1.1233899500707923e-07 6.48615581175152e-08 0.0 1.0410261891392245e-05 1.1216695407689568e-07 8.41737047260057e-08 1.4393546784772603e-07 2.697194881416305e-07 0.0 0.0 5.185883664055909e-08 0.0 1.9928511789218086e-07 1.1163097853263385e-06 3.388769264316269e-06 3.9595572673363383e-07 2.2147864347984315e-06 1.0448361990067449e-07 1.555523087466375e-06 3.2424753402610415e-08 3.3152779060054205e-06 2.1835776187604248e-07 2.532834253809363e-07 3.5442436102704037e-07 8.99159391618541e-08 3.24232792130068e-07 2.8260564477085466e-07 5.585171378409444e-06 0.0 0.0 5.877558687302157e-06 4.960213793473945e-06 9.014003719341416e-06 8.349866729962816e-07 2.584705986480368e-07 2.565529789436893e-07 9.723961687728985e-06 1.3952963384205316e-07 9.072156798086885e-06 2.20071579247711e-07 0.0 8.186096028484177e-08 9.97870651931217e-08 0.0 6.018788901469588e-08 0.0 0.0 0.0 0.0 4.7098043307596687e-07 2.4747115442457345e-07 0.0 4.299278085659943e-06 0.0 0.0 5.069011902062261e-08 4.755119611425793e-07 6.88070739165923e-08 6.919132056076919e-08 4.3473490371656624e-07 0.0 0.0 1.1020583389061582e-06 1.0557102745421865e-06 1.3964977403757588e-06 3.8154454723959565e-07 1.3325391233904545e-06 6.089395387735276e-07 7.641726613808734e-07 1.5613734458256122e-06 1.0323946394407421e-06 1.274621123449371e-07 0.0 0.0 0.0 0.0 0.0 0.0 0.0 0.0 0.0 0.0 0.0 0.0 0.0 0.0 0.0 0.0 0.0 0.0 0.0 2.3466685724139862e-07 0.0 0.0 0.0 0.0 7.874164140962132e-08 5.598470289356165e-08 7.480537371001003e-08 4.502273599875201e-07 2.1515271662279042e-07 0.0 0.0 0.0 0.0 0.0 0.0 0.0 0.0 0.0 0.0 0.0 0.0 0.0 5.659977033692176e-08 0.0 0.0 0.0 0.0 0.0 0.0 0.0 0.0 2.3360351351797993e-07 0.0 0.0 0.0 0.0 0.0 0.0 0.0 0.0 0.0 6.202603826106983e-07 0.0 0.0 5.1082812846314234e-08 0.0 5.336741002723674e-07 0.0 0.0 0.0 0.0 0.0 0.0 0.0 0.0 0.0 0.0 0.0 0.0 0.0 0.0 0.0 2.0664357033875935e-07 2.5605868116730405e-07 5.802761932845875e-08 3.108533638692975e-05 9.098041793618154e-07 2.1081109621384117e-05 6.936815060486958e-06 8.323930816698526e-07 1.066421363274594e-06 1.021866623031859e-07 6.113551761427128e-07 8.416098765066453e-07 0.0 1.8945573345193912e-07 0.0 2.515864692092884e-06 0.0 0.0 0.0 1.0125349277549512e-07 1.35113769590478e-07 1.6190591357606972e-06 2.0013592051721427e-06
0.00022610771466793645 0.000629700218605243 2.033909611964078e-06 0.0007703149141966336 3.495078109588458e-05 0.0001625927285885175 0.0009828113154128166 2.691853384400102e-07 6.09758971695001e-06 0.0 6.727510872000746e-07 0.001661622142061252 0.0020428086584938876 0.00011459612114028355 5.28505585890657e-07 4.208364618833014e-07 1.220600584230303e-07 0.0 0.0 0.0 1.8152453706997519e-07 0.0 0.0 0.0 0.0 6.513899484431677e-08 1.3260284175663525e-07 0.0 2.850092746279457e-07 5.968748423893405e-08 1.0804870079930449e-05 1.518316928982189e-07 6.251511795063218e-05 9.846837568685537e-08 0.0 0.0 5.5143579918854715e-05 1.1346025198124588e-07 1.1934892112437952e-06 0.0 0.0 1.4949717350026144e-07 0.0 4.042246351753856e-08 1.2309831401735023e-07 0.0 1.1112293365662227e-05 2.8681264463801345e-07 0.0 6.146076038270909e-08 3.3060242063711653e-07 0.0 0.0 6.788053699068348e-08 4.4865423511685825e-07 7.41867938034327e-07 9.718569438794804e-06 2.5064628855222625e-05 1.221020925368234e-06 5.18201830888082e-06 4.277101149398199e-08 1.2732092239879683e-06 0.0 1.5542290293156886e-06 3.8941000890644613e-07 4.783734626522125e-07 9.564590328440596e-08 9.28586212144298e-08 1.255798550452789e-07 0.0 9.269001111953277e-05 2.069330658864611e-06 0.0 1.9495522148288527e-05 6.291012052868955e-06 8.742753192064584e-06 4.007544860803435e-07 1.7094339414653611e-07 0.0 1.370599845685458e-07 5.0375305079911154e-08 4.7486947164515366e-07 2.2496314026911736e-06 0.0 4.1831594493414653e-07 4.7574311357185144e-07 0.0 0.0 3.707416626728088e-07 4.793714815052506e-08 5.638018116056741e-08 0.0 5.916050337869257e-07 0.0 4.913455177316842e-08 7.807236922529924e-05 1.0377728860765542e-05 1.4144829724260563e-06 4.0367145522524684e-06 6.663954360252773e-05 2.4462199831429467e-06 2.231635503102057e-05 1.657143726974934e-05 6.850220360062963e-05 1.6580293879894933e-06 7.340693459770692e-05 7.753408661497937e-05 2.4481234625782973e-05 6.665546806017569e-05 5.2978218021313676e-05 1.3714992721644417e-05 3.330064192606095e-05 6.803677119815788e-05 2.8538011478162642e-05 1.219239214870146e-05 0.0 0.0 0.0 0.0 0.0 0.0 0.0 6.844183030223784e-08 0.0 0.0 5.4273166260902154e-08 0.0 0.0 0.0 0.0 0.0 0.0 0.0 0.0 1.941544055863249e-06 9.478967631740579e-07 0.0 0.0 0.0 1.634767242318551e-06 9.701201276482749e-08 2.265017906277247e-06 8.629012227727259e-07 7.006193964791899e-07 0.0 0.0 0.0 0.0 0.0 0.0 0.0 6.383733423026698e-08 0.0 0.0 0.0 0.0 6.419510052468804e-08 0.0 0.0 0.0 5.189963652727526e-08 1.018933636466511e-07 4.8075800813625156e-08 1.504806581953569e-06 0.0 0.0 6.746755303499344e-07 0.0 5.2933142928432477e-08 0.0 0.0 0.0 0.0 0.0 0.0 0.0 4.9055269374484096e-06 2.0760226975185626e-06 6.470656172247693e-08 9.552231789025953e-08 3.0160471067513713e-07 4.132584377804488e-06 0.0 7.867973921204701e-07 2.2559530074070178e-07 5.490880102695773e-08 0.0 4.315324645752407e-08 6.457746376024568e-08 0.0 0.0 0.0 0.0 1.2741895037598253e-07 4.756786240338652e-08 7.03487283432331e-08 1.0683219290580391e-07 2.1477839785719024e-05 1.840580298285124e-06 1.2089539513736234e-06 0.00015289721694242988 2.966710795612016e-06 3.254918012352135e-05 5.364502270570069e-06 0.00013888125975015459 2.239185183156625e-06 0.0 8.729576486805691e-07 2.0828769448962734e-05 0.0 9.59320199595018e-07 5.137638368980895e-08 7.899419069045683e-05 0.0 0.0 7.00895124998174e-08 0.0 3.0576929317674893e-07 0.00032167607815714716 0.00014865084425539995
1.2041309783375312e-05 0.0001428069530239161 0.0011760518380074562 1.004487466869487e-06 0.00017711619862202676 1.8848353794565026e-07 4.13855092276544e-05 0.0016408782686386353 0.00031314562348857205 6.727510872000746e-07 0.0 9.979695684267547e-06 0.0003708982301184654 0.0016720761348267598 9.38326435645076e-06 3.4919945795441646e-06 4.745192608853098e-07 1.3530964408687613e-06 0.0 6.690291088525632e-07 1.7348997409210823e-06 0.0 1.563984863833623e-06 1.0363248877413775e-06 2.961984175195442e-07 8.083147411636846e-08 6.046671045354872e-07 1.7226038795932798e-07 5.2255453712776434e-08 9.71271071772587e-08 0.000256258250179324 0.00015899173124394846 0.0003830739491233069 0.0 9.078406288901278e-07 1.575641254749245e-07 9.239223783764893e-05 1.5301135819054193e-05 7.294777129289647e-06 2.561842125417846e-07 1.8395857959624649e-06 5.311995797908533e-07 2.936020458189627e-06 4.784251156028823e-07 0.0 5.318655117812748e-07 3.291154178167257e-05 5.809102230861555e-07 7.797714770528555e-07 2.815414444406587e-06 3.6729268440465262e-06 1.8063176384143937e-07 6.308462778558855e-08 1.363797768413641e-07 4.723350794182143e-07 4.6259097083965697e-07 7.584950040834123e-06 4.672815206648717e-05 2.35212564251624e-06 6.207120271261713e-06 8.620779814238237e-06 5.684995315862738e-05 2.14631807096048e-07 1.6552477461339e-05 3.229833726408083e-07 1.6008480323338673e-06 3.2241368595941404e-06 5.1045328791201156e-06 6.6553968704360734e-06 6.831248587002152e-06 5.0311390760571436e-05 7.009192526514489e-07 0.0 2.469259416370384e-05 1.8100498653830924e-05 3.213695606376605e-05 6.2155295812459975e-06 5.545755008624756e-06 3.712345093485532e-05 0.00012358030298319125 1.538837324768671e-05 0.00010085068246443513 1.7195504737625607e-06 4.364826693721668e-08 8.489727715449834e-07 6.415144830634702e-07 1.297840892426381e-06 0.0 2.69236127901014e-07 0.0 1.3430676528874e-06 2.307112235960183e-07 2.5723801977270343e-05 1.9241709503857104e-06 5.358871617144859e-07 6.525006301717949e-06 0.0 3.814966673633358e-07 5.575645260299926e-06 7.448444598089091e-06 0.0 3.178569721518278e-07 3.646366624625169e-07 4.6056142285165306e-08 3.5646480900778373e-07 1.3429721997362835e-06 7.687349684740567e-07 6.070480020885462e-08 1.4235107255977203e-06 5.052061036774201e-07 9.88984680008399e-07 1.5965250589216825e-06 3.675674721579029e-06 1.5470770948142167e-06 2.431811137573875e-06 1.2035052408524834e-07 0.0 0.0 0.0 0.0 0.0 0.0 0.0 0.0 7.047701913034182e-08 1.1979794075641145e-07 1.4849867284501853e-07 9.908959893552963e-07 0.0 4.5725250542304153e-07 0.0 5.878290028634771e-07 3.439603085537386e-07 1.5736205637874892e-07 1.5460609145209223e-07 5.080447320966629e-07 0.0 1.5860536574004626e-07 1.9043006265370692e-07 1.6497386482764043e-07 6.859728659938079e-07 1.5813548000538005e-06 1.1011109624705942e-06 1.2064605968059171e-06 0.0 0.0 0.0 0.0 0.0 0.0 0.0 0.0 0.0 0.0 0.0 0.0 5.102921860818895e-07 1.7503491791380262e-07 0.0 0.0 0.0 0.0 1.4398872889146933e-07 0.0 0.0 5.379296839475788e-07 1.4353557702338386e-06 0.0 0.0 0.0 0.0 0.0 0.0 0.0 4.799457021331081e-08 0.0 5.42275048647949e-07 6.072564972998444e-07 0.0 6.356318251849892e-08 4.449302513458843e-07 1.046730689076671e-06 8.080563199810483e-08 1.828642888412021e-06 0.0 6.559091279818394e-08 0.0 0.0 5.598741850598939e-08 0.0 0.0 0.0 0.0 1.19601490600236e-07 1.0269586153348028e-07 3.5919046419573123e-07 0.0 1.1609189316752002e-06 5.630124287502928e-07 1.0680683196402806e-06 5.806306147454156e-05 2.886922720484934e-06 5.775630742458677e-05 1.643251586113362e-05 1.9482989947336284e-06 3.5937255195332156e-06 3.650719488545573e-07 1.8022565589150233e-06 1.5674414379951122e-06 9.258389384288444e-08 4.900818006055644e-07 6.76012856841491e-08 1.5203388400923865e-06 0.0 0.0 0.0 4.86738906735749e-07 0.0 3.3156400335483716e-06 2.2627928967661636e-06
