0.0 0.0010555257806590778 0.00023450155446270876 0.0008833962303151167 0.0001716683322154222 5.356927349308512e-05 0.00022750044577779697 0.00017093639811098304 8.060109592038499e-06 0.0006572641887584739 8.3555643298845e-05 5.044181693567064e-05 4.355573718819659e-05 5.6688959462337816e-05 3.4768967741362428e-06 2.2736442565002964e-06 4.886441128690737e-08 7.424029187023832e-08 0.0 0.0 1.7861232512934894e-07 0.0 1.366249965291484e-07 1.5648088654265687e-07 1.9172460078211495e-07 0.0 2.0013916075268143e-07 0.0 0.0 0.0 0.00010774042499364182 8.496031971423101e-06 6.428508019808667e-06 0.0 3.0949510310569323e-07 3.3236124960851935e-07 1.3173594921219462e-06 9.545766819488469e-07 1.3121058588996531e-07 1.0421650025087243e-07 1.762536634132064e-07 5.853823249197988e-08 4.899334740786415e-08 3.5574730817917587e-07 1.5884015823225525e-07 9.199609439014308e-08 9.093112711455306e-06 1.4047784854135324e-06 3.196025881765342e-07 2.59961588422055e-07 2.156000931938439e-07 2.0044286278793876e-07 5.356237913690427e-08 0.0 3.6896686930288676e-06 2.8221039680621757e-06 0.00012935005435874876 0.00024060481057236005 8.009826445535092e-05 8.771575307922664e-06 2.0467749957156863e-07 2.029754211210153e-06 0.0 2.0852666005167965e-06 2.851157797754959e-06 3.1512586349203976e-07 7.738808306163734e-07 3.6438873397559265e-07 2.7064890948934186e-07 1.0285837901676082e-07 1.496372137037365e-06 1.6541076844560617e-07 0.0 4.009178994606894e-05 1.4305692501770697e-06 3.19824452220046e-06 1.4205884146786444e-06 1.0324603384558896e-06 1.7703956820756168e-06 3.661950450651359e-05 2.010231485972124e-07 6.035760764541916e-06 6.708372881936433e-06 2.0483952760442675e-07 6.664155538088849e-07 2.4637905288153704e-06 5.477890201895595e-07 1.594314303790812e-07 4.913077885745545e-07 2.844228632195067e-07 3.1563204945327565e-07 8.967970485679699e-08 2.645371935521927e-07 5.440423792090218e-07 0.0 5.964293490378722e-06 0.0 0.0 5.419566448338332e-08 0.0004127106318379848 9.984189466438153e-07 0.0 3.907164457639781e-07 0.0 0.0 1.5804343407632175e-06 1.066328995326734e-06 2.5161031575329387e-07 4.698140823475254e-07 2.280747291756506e-06 0.0 7.547364047818887e-07 1.4511399098123518e-06 6.306967349930588e-07 5.349344055029847e-07 0.0 0.0 0.0 0.0 0.0 0.0 0.0 0.0 0.0 0.0 9.282210749497908e-08 1.6832091431934997e-07 0.0 0.0 0.0 7.804626725197279e-08 0.0 8.937260877929338e-08 0.0 0.0 0.0 0.0 1.6050915124548583e-07 0.0 1.5174364866972193e-07 1.8054682016420132e-07 1.7552740414058765e-06 2.556362836845626e-07 3.416252061356228e-07 0.0 0.0 0.0 0.0 0.0 0.0 0.0 0.0 0.0 0.0 0.0 0.0 1.654137740131375e-07 5.8937475453401136e-08 0.0 0.0 0.0 0.0 0.0 0.0 0.0 0.0 0.0 0.0 0.0 0.0 0.0 0.0 0.0 0.0 0.0 0.0 4.921462805776897e-07 1.2044556306434525e-07 0.0 0.0 4.454885590169069e-08 0.0 0.0 0.0 0.0 0.0 0.0 0.0 0.0 0.0 0.0 0.0 0.0 0.0 0.0 5.984694246848984e-08 0.0 3.531190313801753e-07 3.928176066745573e-07 2.931049187003638e-07 3.598953216441068e-05 1.938333055990444e-06 4.354023424937112e-05 8.167836711026873e-06 0.0006175736502528484 4.395488995533052e-06 8.510525015704323e-07 5.589702050727378e-07 2.047384151330091e-06 0.0 0.0 1.1141895777272251e-07 4.36112701325864e-06 5.111407449491898e-07 0.0 0.0 1.4016855928554667e-06 0.0 0.00010460127381726263 2.242360033308432e-06
0.0010555257806590778 0.0 0.0005032122754938458 0.0006558965255187617 0.0008595503098356742 7.614025724145404e-05 0.0008135104079147794 0.00043048950530553596 0.0005732414670025934 0.00048230138585936706 0.00035599893284804756 4.2773686683209994e-05 0.0004927698148782798 0.0005709784008785041 1.4520569026731241e-05 4.32762575464561e-06 6.813368982786725e-07 4.465552185769546e-07 5.3163272482400555e-08 9.09046508248169e-08 2.4162869649009253e-07 0.0 3.585254987337398e-07 3.4949339686566796e-07 4.23952941820413e-07 1.5812165380094157e-07 4.934744211052922e-07 6.025965255336229e-08 0.0 2.514985236348884e-07 0.00039567588243999126 2.470475804837715e-05 2.136189700160318e-05 3.8255057776443004e-08 2.682232086234892e-07 3.789137728980318e-07 7.469121096500274e-06 1.6481579692903873e-06 1.7442829569652196e-07 2.3488474136205625e-07 2.7116581258196787e-07 1.4541672455584352e-07 0.0 4.909363454089618e-07 4.8247751976693e-08 1.5156505593871196e-07 0.00013169773333243399 7.544084346630356e-06 2.0348858020338434e-06 5.275285576141545e-07 8.980435957747439e-07 2.5294405167986085e-07 2.241534817599063e-07 0.0 1.2966084152875636e-05 1.2134497792134093e-05 0.00010574115478860286 0.00024387351190850577 0.00016788338048891738 8.378340341052743e-05 2.2465424611349777e-07 3.2690358639903557e-06 6.535257651222438e-08 3.2453511457180884e-05 1.1445920580494904e-05 1.5925763258466234e-06 2.8998370633557962e-06 5.318899121236586e-07 1.2826053241767678e-06 4.944243167521181e-07 2.8235216554192445e-06 1.777937203054802e-07 5.758032199840391e-08 0.0001711800881292794 2.109866665062273e-05 3.821042282227686e-05 1.3097615673402905e-05 3.2308169207317103e-06 1.7417789920749986e-06 5.461376232407719e-05 5.31072019503434e-07 9.257203756325465e-06 4.0068492142819705e-05 1.7648756608367378e-07 3.887554073423093e-06 1.0983757064660581e-05 2.4657853669226097e-06 3.092914742016075e-07 8.918154771377045e-07 4.6438240162189255e-07 5.728888008884311e-07 9.296607486126555e-08 1.0081569377379841e-06 8.663269797791166e-07 4.286347061855895e-07 2.7496456642321204e-06 4.9406108607830625e-08 0.0 1.6076423601093605e-07 0.0004314030616337882 0.0 0.0 5.703571588786076e-07 6.54810362405044e-07 0.0 9.161086309830845e-07 0.0 1.203792402074867e-06 2.5339454127152816e-06 1.5895791991211361e-06 0.0 1.8079175210889997e-06 2.4348614778825597e-06 2.8577834793706615e-06 5.516359421693174e-07 0.0 0.0 0.0 0.0 0.0 0.0 0.0 0.0 0.0 0.0 0.0 0.0 5.98620725363348e-08 5.740779151755076e-08 6.457196724161483e-08 1.9984122790770827e-07 7.46747565391472e-08 7.964885494265967e-08 0.0 0.0 0.0 0.0 2.676443506291766e-07 1.2584946444018743e-07 1.483314810110725e-06 3.3767632317388553e-07 1.4531230459707217e-06 8.293534830488865e-07 2.654731211476453e-07 0.0 0.0 0.0 0.0 0.0 0.0 0.0 0.0 0.0 0.0 0.0 0.0 2.2680284523904748e-07 6.16310705272781e-08 0.0 0.0 1.0986892321408611e-07 0.0 0.0 0.0 0.0 0.0 4.3077317770716734e-07 0.0 0.0 0.0 0.0 0.0 0.0 5.721506035152086e-08 0.0 5.268262021448943e-08 2.0405373526327846e-06 1.8632753519818655e-07 0.0 0.0 1.5293584690080724e-07 8.002105461164466e-08 0.0 0.0 6.51078510725058e-08 0.0 0.0 0.0 0.0 0.0 0.0 1.1783250493268596e-07 0.0 4.743267409431517e-08 1.7191551174873762e-07 6.62304680298692e-08 0.0 8.014477154072949e-07 1.1059239432870698e-06 4.6668474813506084e-07 0.00020593530042398338 1.0489135903681194e-05 0.00046334855042128096 8.773097691600778e-05 0.00034536669026766453 3.056216774725854e-05 7.014331621335577e-07 5.051003451320553e-06 2.1924382790392892e-06 0.0 1.1356417648671767e-07 3.893745314223598e-07 2.9218317656581764e-06 9.441318270341212e-07 0.0 7.750904079794426e-08 3.5441760080355623e-06 0.0 6.122232526986912e-05 5.005554870940704e-07
0.00023450155446270876 0.0005032122754938458 0.0 5.516485927461789e-05 0.00015899100367967664 4.859644265530607e-06 3.7403448788251097e-05 0.0020474559419992318 0.00015031356448815688 1.8428055270926565e-05 0.0007107774791808355 2.980855029277793e-05 0.00010681247673357977 0.0005105511819241339 1.3558375851590901e-05 9.104841563902396e-06 8.855817051712604e-07 1.765841531654297e-07 4.2079339177200664e-08 9.609243894599745e-07 2.636775184317728e-06 0.0 1.2210986575654387e-06 6.064795211391029e-07 2.8846873502763925e-06 4.432212501968874e-07 8.268584803384927e-07 2.83324682684782e-07 4.4853383956868173e-07 7.697383168629503e-08 0.001248036113146209 0.00033705600283365786 4.237361294475714e-05 1.1730280943585053e-07 1.699989185828979e-06 1.9067747536641724e-06 1.3300407779098985e-05 5.292489959249635e-06 3.833504233487748e-07 5.244705562193017e-07 2.2589198175958876e-06 4.7506196682557237e-07 1.0440018029681157e-06 9.77139180939183e-07 1.565951117395401e-07 1.01337710079668e-06 5.0011445951969694e-05 4.560860132742388e-06 8.607351963558357e-07 2.141931730609576e-06 1.0729539477004277e-06 4.0149912033541724e-07 1.9222080566931532e-07 1.7434345145571054e-07 6.4341996378260126e-06 6.7900721370935874e-06 7.863339674192302e-05 0.00041254879327174207 0.00010009622348189022 3.723495267865066e-05 3.715990812825962e-06 1.0747399438455204e-05 7.315583539750434e-07 6.642543925015096e-05 6.362219893952685e-06 1.0463040949585174e-06 1.8426903255974764e-06 1.2703463025663048e-06 4.644686024573006e-06 2.367511367793802e-06 3.5619084782188604e-06 5.519454270255503e-07 1.7557436425904494e-07 0.00010867068575167471 2.5326275875544297e-05 2.1468779545892226e-05 8.408140967722172e-06 2.9884819601714975e-06 1.3931529686036851e-05 0.0002900043556647524 5.507168457520402e-06 4.444820842769147e-05 1.689442178761822e-05 1.237875360681439e-07 2.1399238683763675e-06 6.60469749288674e-06 1.753415513623832e-06 5.446614307056389e-07 1.9751789830765657e-06 1.18138089025707e-06 7.354141222737486e-07 4.3832139476367606e-07 4.666760207438996e-06 9.96267134082685e-07 3.1013581036383135e-07 2.0423934916361e-06 0.0 0.0 1.134479782472033e-07 0.00027884304127005804 4.6596877560474026e-08 0.0 2.679301657891821e-07 0.0 0.0 2.834290256301449e-07 0.0 6.219210298445183e-08 3.8721078859827344e-07 1.249331766269459e-06 0.0 5.061612044919956e-07 1.400220463875755e-06 1.8434712994890904e-06 9.585927505902307e-07 0.0 5.1675032664822675e-08 0.0 0.0 0.0 0.0 0.0 0.0 0.0 0.0 3.4512388779482324e-07 0.0 7.125176270357362e-08 1.1387611486746621e-07 8.174362646648009e-08 5.394018442787231e-07 1.3689043039731147e-07 1.8810853501321767e-07 1.4579462866932672e-07 0.0 0.0 0.0 6.750909506968208e-08 5.231961785476428e-08 1.8863737245800732e-06 7.436275000493985e-07 2.599466086325867e-06 1.7267999693330615e-06 7.904874226993062e-07 0.0 1.0826693527383633e-07 0.0 0.0 0.0 0.0 5.470165961493471e-08 0.0 0.0 0.0 0.0 1.017237023048697e-07 4.582260792459844e-07 3.734213810713345e-07 4.3406269980910364e-08 0.0 1.72177241476417e-07 0.0 0.0 0.0 6.928081238363003e-08 6.531947437730424e-08 2.9994930135755716e-07 0.0 0.0 0.0 0.0 0.0 5.1152650034112236e-08 4.456775144813214e-08 0.0 0.0 2.2750663840552033e-06 1.5355041730751055e-07 6.921464900586495e-08 0.0 1.3571888947957655e-07 2.388783909231806e-07 0.0 5.466604875119755e-07 0.0 3.4653266749483184e-07 0.0 0.0 0.0 0.0 0.0 0.0 0.0 4.8219004847787685e-08 0.0 0.0 8.879505251604311e-08 2.4077586499923407e-07 1.3048455833910635e-06 1.4529029920830746e-06 0.00010086657715292466 6.318394480200395e-06 0.00015146665815927136 2.9639965515527642e-05 7.75444952051938e-05 8.669128132799336e-06 2.6037600234339643e-07 3.254960232382659e-06 7.198477871009395e-07 6.783473911098749e-08 2.907634452865208e-07 5.502034314349681e-07 2.0627521020074662e-06 0.0 0.0 0.0 5.455455006750876e-06 0.0 1.755119800246449e-05 5.965037630733548e-07
0.0008833962303151167 0.0006558965255187617 5.516485927461789e-05 0.0 0.00011616687031744281 0.00024001831732561643 0.00045780688245802923 1.0313269021369476e-06 4.332058649159241e-05 0.001200342931336176 1.3512519672635586e-05 6.75134850861287e-05 0.00027681273435474333 0.00010296605029080508 1.044902222611554e-06 9.349873503355713e-08 1.636273832595184e-07 1.0773242814281234e-07 0.0 0.0 0.0 0.0 7.713891299410565e-08 0.0 0.0 0.0 0.0 4.80298687767074e-08 0.0 0.0 6.2437617913836714e-06 5.158826751877608e-07 2.967316498040226e-06 0.0 0.0 0.0 8.762932236220215e-07 0.0 1.1196188867124935e-07 0.0 0.0 0.0 0.0 0.0 0.0 0.0 1.4064004620817019e-05 1.6181123977270988e-06 2.870753174580027e-07 0.0 7.927651896675726e-08 0.0 0.0 0.0 2.4346040554534743e-06 2.334115576658205e-06 3.7355130166900313e-05 6.45375607858009e-05 4.349983148868711e-05 1.1611787864661001e-05 0.0 6.065579453240987e-08 0.0 4.348790051352738e-06 2.567413671423579e-06 3.3758077202470274e-07 3.4133128752937056e-07 1.0522039388307433e-07 0.0 0.0 4.146871076655207e-06 0.0 0.0 3.139243990144712e-05 2.025111106894459e-06 4.8385884759451706e-06 1.1607692738007453e-06 2.403301822710132e-07 0.0 2.3730303326540703e-06 1.4285644446264867e-07 4.931367207171322e-08 7.515648079281114e-06 0.0 5.425718524753763e-07 1.8623581870336094e-06 4.125066740593838e-07 0.0 2.630082831580992e-07 0.0 2.2948778823133478e-07 0.0 0.0 0.0 0.0 1.694071829925524e-06 0.0 0.0 0.0 0.0002605797190529908 9.883813597602795e-08 3.1149114378071236e-06 1.8988532907830867e-06 1.4677583401510712e-07 1.9368463291796507e-07 3.7158655501764323e-06 3.591959617919729e-07 3.5654376176587813e-06 5.44823746346093e-06 1.1544336369486989e-05 3.9167728685628077e-07 6.796106897552775e-06 4.333989880324953e-06 3.446236230060845e-06 4.873019122829287e-07 0.0 0.0 0.0 0.0 0.0 0.0 0.0 0.0 0.0 0.0 0.0 0.0 0.0 0.0 0.0 0.0 0.0 0.0 0.0 0.0 2.4881941798634396e-07 0.0 0.0 0.0 1.7231882210857767e-06 0.0 3.5639681745651294e-06 4.894739425676001e-07 5.541457682569913e-07 0.0 0.0 0.0 0.0 0.0 0.0 0.0 6.575705365927844e-08 1.4709130274501957e-07 0.0 0.0 0.0 0.0 1.3868282887832034e-07 0.0 0.0 5.7127731917137593e-08 5.4126948758587695e-08 0.0 0.0 0.0 0.0 1.4100613939540357e-07 0.0 0.0 0.0 0.0 0.0 0.0 0.0 0.0 0.0 1.1040859705881878e-06 0.0 0.0 0.0 0.0 4.562549176503186e-07 0.0 0.0 1.6669597910953537e-07 0.0 0.0 0.0 0.0 0.0 0.0 0.0 0.0 0.0 0.0 0.0 0.0 1.93233060367838e-06 1.9504550755181062e-07 7.466237850796704e-07 2.3215010890974863e-05 1.4663020643056528e-06 6.19326348543326e-05 9.101743024830273e-06 0.0004978793621779371 4.529661840839003e-06 6.674417472527936e-08 6.212290541470273e-07 3.2223149130582075e-06 0.0 1.7294799916456264e-07 0.0 8.926724952955343e-06 0.0 0.0 0.0 5.570670163291674e-07 0.0 9.786161223785976e-05 1.3202333360558814e-06
0.0001716683322154222 0.0008595503098356742 0.00015899100367967664 0.00011616687031744281 0.0 5.3060459377726454e-06 0.0013107989315347878 0.00011245760737893626 0.0027509197131042333 0.00036701997366442866 0.0003162462526491432 2.0374801820285947e-05 0.0004355053946636803 0.0010254875980211752 7.815374017900602e-06 2.8392338867012227e-06 1.5781785635084202e-07 0.0 5.280140828543672e-08 4.838035134605817e-08 1.3002594928512953e-07 0.0 1.1730416568967988e-07 7.193136854829951e-08 1.2166359486397382e-07 0.0 0.0 0.0 0.0 0.0 3.324008318083752e-05 5.508058545099493e-06 6.186693765304079e-06 0.0 0.0 7.487948271391903e-08 4.568500493275142e-06 0.0 1.1196433538041881e-07 0.0 2.2366970124823808e-07 1.1157361160134272e-07 1.068919051666061e-07 3.154535725831456e-07 6.419691194270783e-08 6.081583248427221e-08 4.473486496259143e-05 1.585215929499441e-06 6.083809890078396e-07 0.0 1.1925741655638325e-07 0.0 0.0 0.0 2.199308945077854e-06 2.2605591502238656e-06 1.1661932794246201e-05 2.4561250724752647e-05 2.1270311126288993e-05 2.5327250337105334e-05 1.4285138747600863e-07 2.816303638462759e-07 0.0 1.3267032641869066e-05 1.7214154030934699e-06 4.016254325482117e-07 4.852316725965893e-07 1.396770856114535e-07 1.0065699503740077e-07 7.694393957928252e-08 4.473299400702618e-06 0.0 0.0 3.637236100933956e-05 6.54334022206469e-06 1.714477938486905e-05 9.821663436256869e-06 1.30150238703268e-06 6.871186969526521e-07 3.1769715309496286e-06 1.610617224507544e-07 1.3171502575958779e-06 6.044867508078021e-06 0.0 5.634367408151478e-07 1.5118358978470661e-06 3.9184594962834924e-07 2.1840646179593252e-07 1.1822169866661295e-07 0.0 6.405605237414085e-08 5.933476922590184e-08 6.215568859143591e-08 1.6947457176950599e-07 1.0658756589650942e-07 6.966162528673315e-07 0.0 0.0 1.75796789887057e-07 1.691630377091516e-05 0.0 1.5068354070166481e-06 1.0426620456834672e-07 3.9999316743390737e-07 0.0 2.2071517997596047e-06 1.3238450059266884e-06 1.580145111114928e-06 4.3823246199687355e-06 1.7202432487946063e-06 0.0 2.4738875966300397e-06 5.20854866657497e-06 2.646661480745833e-06 1.3198562565992491e-06 0.0 0.0 0.0 0.0 0.0 0.0 0.0 0.0 0.0 0.0 0.0 0.0 0.0 0.0 0.0 5.666566850510349e-08 0.0 0.0 0.0 0.0 0.0 0.0 0.0 0.0 7.877697183393924e-07 0.0 3.5280935160505005e-06 4.2961163830950563e-07 1.570752392258188e-07 0.0 0.0 0.0 0.0 0.0 0.0 0.0 0.0 1.4625627293758947e-07 0.0 0.0 0.0 2.77004062765839e-07 0.0 0.0 0.0 0.0 0.0 0.0 3.5017075364625474e-07 0.0 0.0 5.79816763539776e-07 0.0 0.0 0.0 0.0 0.0 0.0 0.0 0.0 0.0 2.41470111569971e-06 0.0 0.0 0.0 0.0 1.015744428225104e-07 0.0 0.0 0.0 0.0 0.0 0.0 0.0 0.0 0.0 0.0 0.0 0.0 6.11224276338539e-08 0.0 0.0 3.0419846028017977e-06 1.5603750671980746e-06 4.975321144716141e-07 0.00016649138751399092 3.6107790130940374e-06 0.00014851831679387406 4.565195092780383e-05 2.7274317626864663e-05 1.3584792742180076e-05 3.9837945028340485e-07 5.673736635264071e-06 7.915930387763814e-07 0.0 6.213491405413641e-07 0.0 1.425589341691198e-06 0.0 0.0 1.747337322373047e-07 4.3802724784333706e-06 0.0 1.1897614900406705e-05 1.3936454679873325e-06
5.356927349308512e-05 7.614025724145404e-05 4.859644265530607e-06 0.00024001831732561643 5.3060459377726454e-06 0.0 3.509112841849846e-05 1.1866617235247544e-06 3.471263181973685e-06 0.0008609542885334337 1.2640206835911613e-06 0.00019098953055537876 8.988872161893441e-05 1.701209236334056e-05 1.8985067372606333e-07 1.1166992266159062e-07 1.2187584518059284e-07 0.0 0.0 0.0 0.0 8.45769613475966e-07 0.0 0.0 0.0 0.0 0.0 0.0 3.1728755489701745e-07 0.0 5.575327879708926e-06 0.0 5.497165758392405e-06 0.0 0.0 0.0 5.967367756596507e-06 6.230480563306636e-07 8.924317241194931e-07 0.0 0.0 0.0 0.0 0.0 0.0 0.0 9.100828633727787e-07 0.0 0.0 0.0 0.0 1.5637038729536407e-06 9.6794998875634e-07 0.0 6.683557532882353e-08 2.2474607949150512e-07 4.9016859928585174e-05 4.142332717390282e-06 1.9641413464159023e-06 3.0292375001964186e-07 0.0 1.4407816881667294e-06 0.0 0.0 1.1898157906274032e-07 6.462906620936471e-08 0.0 5.479247069106064e-08 0.0 0.0 3.113580915997672e-05 6.013779456098017e-05 3.5562442135921867e-06 4.02318822429972e-07 0.0 4.824441245721371e-08 0.0 0.0 0.0 1.6096928795924078e-06 0.0 1.8195993783186006e-06 2.503317841283232e-07 1.4281548764160634e-06 0.0 1.203208047504105e-07 0.0 2.280383584008483e-06 5.859608455544907e-07 3.520257415376513e-06 1.0511510360463466e-07 5.526988566968061e-08 0.0 0.0 0.0 0.00015874304181621586 5.7967052870791643e-05 2.82818178787661e-06 6.455422703260632e-06 8.846378824746843e-05 3.2142146018706414e-06 1.1887777452970163e-05 1.495707882759225e-06 0.0 0.0 1.8884569577233253e-06 6.821708792043723e-06 3.370061906599274e-06 3.879738674362205e-06 1.2118887746740507e-05 0.0 6.560508248710202e-06 1.097316051036967e-05 5.710012778988914e-06 7.925600954641233e-07 1.7286959883327706e-07 0.0 0.0 0.0 0.0 0.0 0.0 0.0 0.0 0.0 7.91322926173275e-08 0.0 0.0 0.0 0.0 0.0 0.0 1.549996460852937e-07 0.0 0.0 0.0 0.0 0.0 0.0 9.463589593902011e-08 0.0 2.846967092690846e-06 8.454237551187923e-07 0.0 0.0 0.0 0.0 0.0 0.0 0.0 0.0 0.0 0.0 0.0 0.0 0.0 6.124902268350223e-08 5.688756594381012e-08 0.0 0.0 0.0 0.0 0.0 0.0 0.0 0.0 6.035290284177727e-07 0.0 0.0 0.0 0.0 0.0 0.0 0.0 0.0 0.0 1.9321760248185648e-06 8.005345476593956e-08 0.0 0.0 0.0 6.472965253608075e-07 0.0 0.0 3.1195612790922166e-07 0.0 0.0 0.0 0.0 0.0 0.0 0.0 0.0 0.0 0.0 0.0 0.0 2.7063802401890856e-06 1.5627212159391885e-06 3.947863965298582e-07 1.648072831989703e-06 0.0 1.4135040228010787e-06 6.34937134151627e-07 0.0001212401513385886 7.919793802880594e-07 5.5587664801844964e-08 0.0 0.0 0.0 6.60463719070643e-08 0.0 3.372171801375593e-05 0.0 0.0 0.0 0.0 0.0 6.70762046468481e-05 2.4900453913716864e-06
0.00022750044577779697 0.0008135104079147794 3.7403448788251097e-05 0.00045780688245802923 0.0013107989315347878 3.509112841849846e-05 0.0 5.811017329404612e-06 0.00047409433961159654 0.0009651281866944694 2.616892738309013e-05 0.00012259867979643168 0.000965531220998725 0.0006970261389931939 8.001217261436181e-06 3.3427969143692793e-06 2.3165601555300764e-07 8.775000441776843e-08 0.0 0.0 2.1398957244055722e-07 0.0 0.0 0.0 1.0066256317498156e-07 0.0 0.0 0.0 0.0 0.0 1.0623747524362322e-05 4.44712909955026e-06 6.113521690300421e-06 1.0312999781130643e-07 0.0 0.0 2.0345264561071806e-06 4.069230724588268e-07 0.0 0.0 4.9783358448109716e-08 0.0 0.0 2.1327839450606035e-07 0.0 0.0 4.9181257234652994e-05 8.135643371810233e-07 3.5558344000293115e-07 8.257730002008082e-08 3.0168295155711416e-07 0.0 0.0 1.3919643334354238e-07 1.6881328625602962e-06 2.1826937861051545e-06 1.33364703639608e-05 2.4540745386799913e-05 2.5574314643367956e-05 2.6591065657286882e-05 0.0 8.423644179161479e-07 0.0 1.3416501096363588e-05 2.056986309173277e-06 2.9332034496816105e-07 4.520937673335977e-07 0.0 1.977271280629833e-07 1.266524144145787e-07 8.818871194617572e-06 0.0 0.0 3.53917901211451e-05 6.847587597445292e-06 1.5607655919690512e-05 7.074323911277894e-06 1.8608820410472886e-06 4.559827672587947e-07 5.484413799853092e-06 1.584884114162445e-07 1.9035797570018646e-06 8.016265579207313e-06 0.0 6.881294434151324e-07 1.4354610157947261e-06 2.563373953532005e-07 2.75009592687277e-07 1.4171510234249078e-07 4.696809241197986e-08 1.0821269534368144e-07 6.536221341129317e-08 1.8452454566968615e-07 6.103521846802346e-08 1.3368557192952094e-07 9.436716671481899e-06 1.1972343627669847e-07 0.0 8.358672089778826e-08 2.6759499859693058e-05 1.1297044229619403e-06 3.6765610075115492e-06 8.933340684166068e-06 7.462007640580221e-06 8.25196421939691e-08 8.399571443824752e-06 3.0225453008049653e-06 4.883417861706141e-06 1.9262524976194192e-05 1.7241627296726997e-05 3.0073943166635556e-07 1.8001601666251007e-05 1.56680152739387e-05 1.4155124064082466e-05 3.924839774332562e-06 0.0 0.0 0.0 0.0 0.0 0.0 0.0 0.0 0.0 0.0 0.0 0.0 0.0 0.0 0.0 6.930953225115187e-08 0.0 0.0 0.0 0.0 1.736411368785255e-07 0.0 0.0 0.0 4.178823486579783e-06 6.917170074075758e-07 7.328415830771591e-06 1.1723538044835626e-06 6.257130746592818e-07 0.0 1.2134535228828993e-07 0.0 0.0 0.0 0.0 0.0 4.938788437295794e-07 3.5319488617977617e-07 0.0 0.0 0.0 2.6823583405172465e-07 0.0 1.4422247149797657e-07 6.168891918307434e-08 0.0 3.7010430452602123e-07 1.6158200595493498e-07 1.1325069783780111e-07 0.0 0.0 8.858777058656774e-07 2.5344957314487384e-07 0.0 4.915552197065861e-08 0.0 0.0 0.0 0.0 0.0 0.0 4.950189052462472e-06 9.637838904985133e-08 0.0 0.0 0.0 8.643448727379742e-07 0.0 0.0 1.7159495502236145e-06 6.28147884234898e-07 3.8104381042908797e-07 0.0 1.0554192145547056e-07 0.0 0.0 0.0 0.0 0.0 0.0 0.0 0.0 3.7587636066307086e-06 1.7694663244735888e-06 1.2950072192905043e-06 0.00019582037996413685 4.846304834399789e-06 0.00016127652999419165 5.841719440615275e-05 6.788767098203133e-05 1.589846857177426e-05 1.2369579469730584e-07 6.932734504359395e-06 1.939229137666232e-06 1.1580348105053227e-07 2.054424856840591e-06 2.413643905616719e-07 1.0257755701768119e-05 0.0 0.0 0.0 4.027940196950439e-06 3.83282593618943e-07 3.720023600192314e-05 3.6805596663518926e-06
0.00017093639811098304 0.00043048950530553596 0.0020474559419992318 1.0313269021369476e-06 0.00011245760737893626 1.1866617235247544e-06 5.811017329404612e-06 0.0 7.072550102334297e-05 4.306178972074939e-06 0.0008467447545372092 1.4305878962818522e-05 5.425878517042806e-05 0.0007119555140327352 5.0730636323992044e-05 2.5924253055057948e-05 2.036317014444803e-06 9.036307243167921e-07 5.437984239033876e-08 1.8629987750231948e-06 1.7002671313091014e-05 4.907748285270443e-07 9.61908384326822e-06 3.431402551385061e-06 5.3716347886957e-06 1.746461547020297e-06 3.784294839615612e-06 1.0724319876211615e-07 4.6539634107391563e-07 2.3508268286000843e-07 0.0005776370324594919 0.0002939773362378388 3.356467296651234e-05 1.82077165529369e-06 8.754292517667943e-06 5.0364691298970326e-06 9.898824730846829e-06 7.808259880445963e-06 8.20554830630781e-07 1.3651862704068924e-06 6.916555019779498e-06 1.3323546638259369e-06 4.818799001477225e-06 4.114796310826118e-06 1.656968555379121e-06 9.621827217628376e-06 0.00012311265397712908 3.476176443192234e-06 2.1165392137669615e-06 6.498636177329723e-06 4.858770524558598e-06 1.2204444968145414e-06 9.187565496089e-07 2.522682010907127e-07 4.337585510279241e-06 5.010068418938967e-06 4.4848356279623054e-05 0.0002022760137182132 6.574701256930716e-05 6.120475268088477e-05 3.428260744748876e-05 8.299003437439987e-05 3.540256114147509e-06 0.00015143947463087061 4.819309409545232e-06 1.5692807784768744e-06 3.7967712571288308e-06 4.7329515076761125e-06 2.039041637062315e-05 1.7838059423699845e-05 1.8242413649175713e-06 9.500081477400559e-07 1.6816420225627518e-07 0.00010378698618446212 4.021018486356634e-05 5.349076364941431e-05 4.275279170171051e-05 1.416387081423405e-05 0.00033905653691732816 0.0007836202097341063 3.089977842161327e-05 0.0006531919488814826 1.2476179954115202e-05 3.9232139497201105e-07 1.779000339081032e-06 8.166490380341129e-06 3.74011562422053e-06 9.550943960676326e-07 2.0886747266753415e-06 1.089472512776025e-06 2.912282682321001e-06 5.020027837212978e-07 2.788973738582477e-05 3.937814185761273e-06 1.7508794484545348e-06 9.416722777529746e-07 8.267542055465886e-08 0.0 3.7662734703282995e-07 9.831328511669342e-05 0.0 0.0 1.640056008789119e-07 0.0 5.994488853021349e-07 2.8274342909639394e-07 0.0 8.780042741346536e-07 2.0102354729494617e-07 6.066126929975217e-07 1.4794014044319458e-07 5.175848248586783e-07 4.051075461015874e-07 1.3878983798699001e-06 2.0102293323228275e-06 0.0 7.628929153115487e-08 0.0 0.0 0.0 0.0 0.0 0.0 0.0 0.0 3.5638521433015886e-07 1.5177305007183135e-07 4.2144065198520464e-07 2.128206792846952e-07 8.488215458053157e-08 7.550494336179772e-07 8.393182820384657e-07 4.943322448370052e-07 1.9398702981448708e-07 0.0 0.0 5.316397105535286e-08 7.108042763438708e-07 1.3370963010046346e-07 1.8103768182023484e-06 1.480041733438388e-06 1.7039758905526559e-06 1.1708533583815207e-06 1.4068755162245107e-06 3.5067215864235855e-07 2.707218813976371e-07 1.2512550432449992e-07 0.0 0.0 0.0 1.9113378185578983e-07 0.0 0.0 0.0 0.0 3.2507581184295495e-07 7.363329160896684e-07 1.0146390677234986e-06 7.134956973224136e-08 0.0 4.8888984016463604e-08 0.0 0.0 0.0 0.0 1.940843256922141e-07 5.456002105233408e-07 0.0 0.0 0.0 0.0 0.0 0.0 4.816096536230692e-08 4.9882194594004756e-08 1.5405736317981166e-07 1.6292100980309686e-06 4.3523908303008347e-07 5.581685466063904e-08 7.44541778698676e-08 3.828130980722311e-07 0.0 0.0 0.0 0.0 0.0 0.0 0.0 0.0 4.446006216794407e-08 0.0 0.0 0.0 9.175425184173008e-08 5.308049329138957e-08 5.438097373775415e-08 8.868589452881873e-08 2.879640317448987e-07 2.319166357423784e-06 2.034798020378959e-06 0.0002761522087352938 1.565526038139298e-05 0.0002786037832609619 9.672999447810424e-05 4.743506671008446e-05 1.858202596335287e-05 4.899935922446144e-07 8.334300821846686e-06 2.2702575816428966e-06 0.0 3.804388087679947e-07 1.7883204506504813e-07 1.3386480802918155e-06 2.3710449269855235e-07 1.1939774452797196e-07 0.0 1.3220893380707442e-05 1.2713779653252788e-07 1.328790688086338e-05 6.606335438591832e-07
8.060109592038499e-06 0.0005732414670025934 0.00015031356448815688 4.332058649159241e-05 0.0027509197131042333 3.471263181973685e-06 0.00047409433961159654 7.072550102334297e-05 0.0 6.994225637434402e-05 0.00047751998659998165 4.28153130710926e-05 0.0004323619931786296 0.00034504630016286435 6.891624136982129e-06 4.241544313874282e-06 1.6568069021902866e-07 1.213000983916727e-07 4.014992498269889e-08 6.15831654611151e-08 2.0413028863583166e-07 0.0 1.7179276055416335e-07 5.4744701931815134e-08 1.9484673458166156e-07 1.78809009195987e-07 1.266154139018174e-07 0.0 0.0 0.0 3.0255797619951617e-06 1.233875846515188e-06 1.3194603149913704e-05 6.390799580032869e-08 2.8365617429284907e-07 0.0 4.79668133670455e-06 1.2116504413472294e-06 1.040411822935559e-07 5.6977767046480156e-08 1.0875941898218834e-07 4.982462536738945e-08 4.696750629223451e-08 4.50062760185794e-07 0.0 0.0 1.9347522170405435e-05 2.1472140768840454e-07 1.1763627067887578e-07 9.759295183842902e-08 1.352093639988614e-07 2.935308505562358e-07 1.435631481225779e-07 9.89282212178181e-08 9.502029507712323e-08 5.167991892704852e-07 1.2944941396069149e-06 2.9165314234629214e-06 2.6093911007338938e-06 6.6322526723211215e-06 0.0 1.8033335160450698e-06 0.0 2.7648949904068492e-06 5.206055190502054e-07 3.7745821947927566e-08 1.7623793700259735e-07 1.7843705487945354e-07 5.468776857697007e-07 1.0716624328415632e-07 6.181455388233529e-06 6.532484486985457e-08 0.0 6.423026832410592e-06 2.127529562150264e-06 7.957429907982938e-06 3.351984777559676e-06 1.5542727564382345e-06 1.818207650613974e-07 5.682113898254332e-06 0.0 7.257349816912194e-06 1.266643279799374e-06 0.0 0.0 5.143287354359371e-07 5.691173997563261e-08 0.0 1.4789099498408213e-07 2.0089741909649033e-07 3.552302653719593e-07 1.0901342010764426e-07 7.091570310993309e-07 2.853153293543075e-07 6.4547868178597e-08 4.778212400245879e-06 0.0 0.0 1.251499271164469e-07 2.0970250213419697e-06 0.0 2.3838620709004714e-06 9.958565401627072e-07 3.502535464679575e-07 5.019570663811611e-07 5.904594175117254e-06 9.509071191224954e-07 3.948331095920275e-06 6.86109249495096e-06 7.917754995569436e-06 7.06468121575744e-07 6.045486280145457e-06 1.2224744319084386e-05 9.431103678702252e-06 4.768629393524605e-06 2.2659168537776864e-07 0.0 0.0 0.0 0.0 0.0 0.0 0.0 2.47732970069545e-07 0.0 0.0 0.0 0.0 0.0 0.0 5.811669653419794e-08 1.1043097115779535e-07 6.813337393658591e-08 0.0 1.0671599427419839e-07 0.0 0.0 0.0 2.3176824044587625e-07 3.846519107624926e-06 6.168108562452437e-07 4.030019272732707e-06 1.174889791276382e-06 5.0272202761763894e-08 0.0 0.0 0.0 0.0 0.0 0.0 0.0 6.507601659191857e-08 3.307762557332116e-07 0.0 0.0 0.0 2.745120451769391e-07 0.0 0.0 0.0 0.0 0.0 0.0 5.406578443702273e-07 0.0 0.0 2.460369630698654e-06 0.0 0.0 0.0 0.0 0.0 0.0 0.0 0.0 0.0 5.9950771230083176e-06 1.8395302098753626e-07 0.0 0.0 5.778335796739849e-08 2.191593741824362e-06 0.0 1.6668383620778797e-06 0.0 0.0 0.0 0.0 0.0 0.0 0.0 0.0 0.0 0.0 4.853093641319036e-08 0.0 0.0 2.9438764176304824e-06 2.858533620637532e-06 1.9036266261354544e-06 9.271440011323238e-05 2.3798437020798544e-06 4.425797219621851e-05 2.4177807619515307e-05 7.167809206449384e-06 4.476605047912897e-06 0.0 2.583856173831526e-06 1.0858092916290109e-06 0.0 8.078643771803239e-07 2.4107919559814113e-07 6.589390866691558e-06 0.0 0.0 0.0 3.43394771163343e-06 0.0 1.3112359481520293e-05 2.1883436260522814e-06
0.0006572641887584739 0.00048230138585936706 1.8428055270926565e-05 0.001200342931336176 0.00036701997366442866 0.0008609542885334337 0.0009651281866944694 4.306178972074939e-06 6.994225637434402e-05 0.0 3.074418790207888e-05 0.0009486676664612149 0.0025163816694705335 0.0003460778786534943 1.2245740648184724e-05 3.339917267168331e-06 5.685396628864099e-08 0.0 9.208480974741211e-08 0.0 1.2963625803095365e-07 0.0 6.531145271520805e-08 2.4573778437966604e-07 9.479439362271441e-08 5.8797890354512954e-08 3.614266347202354e-07 1.494970516858199e-07 8.14445690894373e-08 0.0 6.458691902001167e-06 1.2631734611299588e-06 5.994663826803698e-05 0.0 3.538522399202166e-07 0.0 1.9809319818027092e-05 2.7417964372019757e-06 0.0 0.0 1.451092229652603e-07 1.5040274981463914e-07 0.0 4.903551054512655e-07 0.0 5.714978296871968e-08 5.267497082362336e-05 1.122541010556614e-06 7.155621544917916e-07 4.163410626180757e-08 2.287512674331977e-07 0.0 1.3459518888221887e-07 9.386422158685412e-08 1.8661386082759816e-06 2.7656255614080366e-06 3.684527081602136e-05 4.030691092044769e-05 3.4565221729188475e-05 2.6947981770022424e-05 1.091006769808958e-07 1.0755039775134248e-06 8.449641963463679e-08 1.0975271676207998e-05 1.9203409960980717e-06 4.2253763983440097e-07 8.410851570491684e-07 4.336330672204209e-07 4.465974191986193e-07 4.1920900446248184e-07 6.018483907386546e-05 0.0 0.0 3.556062172296164e-05 4.491695542451983e-06 1.6883230280893713e-05 7.398613705873286e-06 2.8972908671748545e-06 3.7743036516068005e-07 9.898472094628183e-06 3.8535305821169637e-07 4.692114108531873e-06 7.60374415333178e-06 0.0 5.865304619397953e-07 2.1082055519519442e-06 7.977026385486363e-07 0.0 5.766124264459446e-07 0.0 3.5142256230004526e-07 5.339238055704408e-08 4.4472701226871273e-07 0.0 5.641406978906887e-08 0.00015620601088514678 8.61618932032569e-07 0.0 1.726743814290716e-06 0.000237536537088203 6.387595515552872e-07 3.528861817487992e-05 1.8062861412881246e-05 1.4057336670426192e-05 2.427561462092166e-06 5.298948716006465e-05 2.8689636467227005e-05 4.9216867164687765e-05 9.034699577363018e-05 0.00011200582389726203 3.7064108321182573e-06 7.506400285346757e-05 0.00013987702367179543 9.32953608257621e-05 3.368311226554209e-05 2.0307954972375042e-07 1.2660761714613524e-07 4.378927265464348e-07 0.0 0.0 0.0 0.0 0.0 0.0 0.0 0.0 0.0 4.72640883356551e-07 1.3315814594286218e-07 7.443282948044534e-07 5.179147080451187e-07 0.0 0.0 6.907390529817787e-08 8.490104399316176e-07 5.401743092110107e-07 0.0 8.040674185011836e-07 1.6618918317484354e-07 2.665875509663147e-05 2.095106770684013e-06 3.940433484705151e-05 6.3729261991659095e-06 1.5073022513938148e-06 0.0 0.0 0.0 0.0 8.058225745246522e-08 0.0 0.0 9.84359719573642e-07 9.602855598296251e-07 0.0 0.0 0.0 7.521661879144066e-07 0.0 0.0 0.0 0.0 2.0349186111088906e-07 8.109045053306164e-08 2.601141097289506e-06 0.0 0.0 1.1284784962656487e-05 0.0 0.0 0.0 0.0 0.0 0.0 0.0 0.0 0.0 3.6242339394614405e-05 6.525626204430348e-07 9.474019117696186e-08 1.514619159018962e-07 2.0437262188914772e-07 6.293480196177909e-06 0.0 3.5199711435883336e-06 9.25862052020317e-07 1.4926774255847304e-07 9.964660229137144e-07 0.0 0.0 0.0 7.96001388503374e-08 5.901256693426386e-08 0.0 5.917696670748686e-08 0.0 2.3786290438764345e-07 1.987798263870039e-07 3.802147098362632e-05 1.612202216338248e-05 1.221064415904688e-05 0.00038336590141158783 1.0478452058440308e-05 0.00018967800449499114 7.685291532595292e-05 0.0004881562721287305 1.857375631467399e-05 6.976083947986394e-06 1.5778278601218634e-05 1.0551576143185978e-05 5.1910380188615737e-08 4.496459813394336e-06 1.0360113994558205e-06 9.632746631210269e-05 0.0 1.6659662636042296e-06 0.0 8.5716460053002e-06 1.4890377582730645e-07 0.0005671523283878119 4.429027526591143e-05
8.3555643298845e-05 0.00035599893284804756 0.0007107774791808355 1.3512519672635586e-05 0.0003162462526491432 1.2640206835911613e-06 2.616892738309013e-05 0.0008467447545372092 0.00047751998659998165 3.074418790207888e-05 0.0 9.423216729414219e-05 0.0005524031673410191 0.001870596789597033 1.6847496093472935e-05 1.1007103727124398e-05 1.8232929652391652e-06 7.950391638958588e-07 4.134285927113881e-08 3.747369234320853e-07 2.9367275185041996e-06 1.4015863205274355e-06 2.0772180655118514e-06 6.016173034534922e-07 9.422159290335609e-06 1.1540546553290327e-06 2.1722206168359863e-06 2.5711520010898203e-07 7.697384327238305e-07 7.36977017390053e-08 6.940830550503511e-05 8.510452479978167e-06 0.0002913916350033487 1.5233868970281728e-07 1.8739901491160515e-06 5.833260812277507e-06 7.956372562956097e-05 3.1132402444594766e-05 2.3535985241300284e-06 1.5000938577057067e-06 2.383031178007988e-06 8.482435022448355e-07 1.968331114369957e-07 7.101492602670662e-07 8.045384952081389e-08 3.861607005517234e-07 2.9514511109426506e-05 7.502261520033565e-07 4.342891703448931e-07 9.048114318747303e-07 2.3763048916641353e-06 1.9433611217102763e-06 7.712048906959883e-07 7.517643891982815e-07 7.763278123997241e-07 1.1832236166597007e-06 7.314091401555014e-06 2.232999918384828e-05 1.2417423381795067e-05 1.2186081519610213e-05 6.464678338250418e-07 2.4536260964182254e-05 1.1287256609176564e-06 6.358448206576056e-06 4.231564970936604e-07 2.1905032115153834e-07 1.1691826547164752e-06 7.416415014457607e-07 1.8195636284218073e-06 2.167725960976492e-06 2.5519619328840034e-05 2.270009673436654e-07 1.0787806526883847e-07 1.809008389098367e-05 3.423922443487565e-06 1.0355085983361139e-05 6.691581219136237e-06 4.3980562511327505e-06 1.532524225791968e-05 0.0003439485732916379 1.1557953900806278e-07 2.567198318761517e-05 3.023181506527153e-06 3.752162944149717e-07 8.553184105686149e-08 2.073666026509787e-06 3.908679304567659e-07 2.022454716793719e-06 2.1422597770603027e-06 2.567898552613606e-06 2.0136760674157606e-06 1.37220383441047e-06 3.824605647653062e-06 2.2583761847167354e-06 3.499105573713975e-07 6.4988217966823335e-06 4.027768409342286e-07 0.0 5.880786461320263e-07 2.550824898743974e-05 6.095768027799121e-07 3.3064236144812997e-07 1.0951255559357133e-07 1.1151503915581442e-06 3.872681124724372e-07 2.1590627874113844e-06 6.149728051698841e-07 1.1513591587736561e-06 1.591374368040244e-06 3.6684459411001616e-06 4.282382984080527e-07 2.2874478944694246e-06 4.565055887977795e-06 4.951856750559985e-06 3.1885871566480055e-06 0.0 5.7074657411127544e-08 0.0 0.0 0.0 0.0 0.0 1.094058817999188e-07 0.0 7.247637812731854e-08 1.2018359411802555e-06 0.0 4.2333004987639496e-07 2.456457090568801e-07 0.0 9.81883568109942e-07 5.49115678379434e-07 5.062778048369162e-07 0.0 0.0 0.0 0.0 1.098554042940063e-06 0.0 4.579308330103553e-06 1.8566944471885686e-06 1.0539130561705173e-05 3.948683466340433e-06 2.845243774555637e-06 3.4446247551591356e-07 5.174739459966201e-08 7.330812293803632e-08 0.0 5.447888640428302e-08 0.0 1.3251774878296142e-07 7.258407149671414e-07 2.9447106841191744e-07 0.0 0.0 0.0 1.2479231501377513e-06 8.586902518257154e-07 0.0 0.0 4.3526305260152965e-08 3.600614016727021e-07 0.0 0.0 7.279778983883484e-08 0.0 2.404170649817761e-06 0.0 0.0 0.0 5.857171628626912e-08 0.0 0.0 0.0 0.0 1.0886710485470346e-07 4.710326890215787e-06 7.082659621104346e-07 2.1663454683695418e-07 0.0 4.4893431610770656e-07 1.0815570065072347e-06 0.0 6.791172662107293e-07 0.0 0.0 6.781584697221894e-08 0.0 0.0 0.0 0.0 0.0 0.0 8.144365583308989e-08 0.0 1.0610758834784e-07 0.0 2.386614686869635e-06 6.9852453710424635e-06 4.870104543573049e-06 0.00016667371831568397 4.599519299637208e-06 8.141602338807936e-05 3.791007683712026e-05 1.869427097171483e-05 7.34665435401688e-06 1.8138525082922356e-07 4.860629692983154e-06 2.163329016730823e-06 0.0 1.1954295399104434e-06 0.0 1.7989786838215691e-06 0.0 0.0 0.0 6.583523388896896e-06 3.0541252350390474e-07 5.3441607152849185e-06 2.1295641712083625e-06
