0.0 0.0013250052559206943 0.0003168357662772748 0.00039074561490286714 1.598700109849062e-05 2.4588206640112406e-05 0.00022631942122689765 1.7953626129470963e-05 5.455553890032939e-07 0.0004946621025921711 2.439714397457069e-05 0.0001582442916383176 7.468855269300233e-05 9.218312896092971e-06 1.7171178161248926e-06 8.186818386466341e-07 2.0391711438500903e-07 0.0 0.0 0.0 0.0 0.0 0.0 0.0 1.2666623902605235e-07 7.598808134559756e-08 0.0 0.0 0.0 9.19601508394127e-08 0.00012892000035873963 2.8441609274375692e-06 7.661243102603088e-06 0.0 1.807577136475288e-07 5.2692732712779054e-08 9.830010982787942e-06 2.6621340298408754e-07 6.915150406590968e-07 0.0 7.397417783362074e-08 1.4431022630490375e-07 6.277260287801958e-08 0.0 0.0 0.0 2.0472221761706268e-06 6.147111949964298e-08 0.0 5.974482955147499e-08 0.0 2.487497189185235e-07 5.764360391181842e-08 0.0 2.4361676777527756e-06 3.3622102449369523e-06 0.00010940162776555946 0.0002513864895583891 1.0068410838391535e-05 4.107641787196996e-06 0.0 7.982514581286263e-07 0.0 3.3700877207251924e-06 8.871334226504111e-07 5.073440520405681e-07 3.710166113033908e-07 2.10176117713365e-07 1.634366716957666e-07 0.0 5.926233476713623e-06 8.146646717226854e-06 2.404141123632504e-07 2.7033595533848666e-05 1.889215466969277e-06 6.158673806078801e-06 1.7079229992850714e-06 4.291188531200046e-07 0.0 1.9937514332738118e-05 8.1704272393107e-08 3.3123609217378295e-07 2.122586429103461e-06 0.0 2.94807190555774e-07 5.09857283393393e-07 2.3721849392486417e-07 0.0 5.280515641094617e-08 2.6849220028811823e-07 5.047412741489126e-08 2.2289495791898648e-07 6.66620347403791e-08 9.410991131168078e-08 1.3890764924965562e-07 4.6056917667938885e-05 5.2079233542059725e-06 0.0 9.48398276980834e-07 0.00046774520999891847 0.0 7.460812661762055e-07 1.8388660534739118e-06 3.540528916240041e-07 1.3303687142016426e-06 2.0041834088377285e-06 4.931129067419925e-06 2.2884813269410932e-07 1.2155185262241164e-06 7.069726381292283e-06 0.0 1.3404768651665154e-06 2.591299097711474e-06 1.8430557528616277e-06 7.683367375710001e-07 0.0 0.0 0.0 0.0 0.0 0.0 0.0 0.0 0.0 0.0 0.0 0.0 0.0 0.0 0.0 1.7701873731801373e-07 0.0 0.0 0.0 0.0 0.0 0.0 0.0 0.0 3.18465978591633e-07 0.0 4.310489529911221e-07 2.6171203771261883e-07 0.0 0.0 0.0 0.0 0.0 1.3583105079784933e-07 0.0 0.0 0.0 0.0 0.0 0.0 0.0 6.199889951771195e-08 0.0 0.0 0.0 0.0 0.0 0.0 1.8414484129500029e-07 0.0 0.0 5.823029794886899e-07 0.0 0.0 0.0 0.0 0.0 1.411927770319616e-07 1.503182069333827e-07 0.0 0.0 1.9980947828125243e-06 0.0 0.0 0.0 0.0 2.3066263663291849e-07 0.0 5.375907624649631e-07 0.0 0.0 0.0 0.0 0.0 0.0 0.0 0.0 0.0 0.0 0.0 0.0 0.0 7.64258248947824e-06 4.741774732154579e-07 3.4686307715405424e-07 3.625564133810551e-05 1.5870371444547411e-06 1.6543170723473133e-05 2.811688997939365e-06 0.00038005126918681467 5.788714678437545e-06 7.856457691015481e-07 7.398116444323556e-07 5.422015051105226e-07 0.0 0.0 1.4814546087922206e-07 6.702892379940442e-06 0.0 0.0 0.0 0.0 0.0 5.5041337208032395e-05 4.227052623101664e-06
0.0013250052559206943 0.0 0.0007612486833813674 0.0005616743155727544 0.00047274538509973975 1.54711656996367e-05 0.0010951571139837088 0.00014473180144533574 0.00016072345658554432 0.0003079109230361106 0.00033754804390223397 7.600279470266265e-05 0.0007155406316314965 0.0007582695461366143 3.3591963962143625e-05 7.733803254445105e-06 1.050493275216432e-07 2.769703160521244e-07 0.0 0.0 0.0 0.0 9.341694218464438e-07 3.7518175822840294e-07 6.075333454801701e-07 2.5512519255464026e-07 4.884433424114992e-07 1.6953460457328604e-07 1.4254386198100167e-07 1.990174221299492e-07 0.0007048924518446125 2.5337827906242682e-05 8.983532642885131e-05 0.0 3.975305534639826e-07 2.1670835287808877e-07 2.874359495798806e-05 3.2532698067520808e-06 3.7990404110317257e-06 9.70708186991295e-07 1.1836437007273481e-06 3.939355832739751e-07 0.0 6.111655815519587e-07 0.0 0.0 7.016222599594376e-05 1.9523144357311558e-06 1.0462515749718118e-06 3.77264111348295e-07 2.3543407969362317e-06 0.0 5.751575762967183e-07 2.127638948197592e-07 2.3004708666703806e-05 2.9944469220295356e-05 0.0001235422559860397 0.0003832802710071682 4.8514838156126376e-05 5.5656671332583644e-05 3.4452643117009316e-07 8.211050467511319e-06 1.4394629025660628e-07 7.478215803721544e-05 1.090490191428252e-05 6.419821864629624e-06 2.6661053557081062e-06 1.4565602268145758e-06 1.2771328369453452e-06 1.1151743599068841e-07 1.5495629612589126e-05 5.152520085570788e-07 0.0 0.00018560450567008845 5.245258447001091e-05 0.00011627232794249473 4.239941764364897e-05 7.777249043551088e-06 5.03769052585893e-07 0.00010126712551480103 4.875617201353552e-07 5.502254275950331e-06 3.8783206089891366e-05 4.7713884996764916e-08 4.856397085869222e-06 8.705891352795355e-06 9.149698052202227e-07 0.0 1.8853949498825738e-06 8.093957509995901e-08 1.0129282765881159e-06 1.5514732659692879e-07 5.746456924243739e-07 6.374445510484778e-07 3.646145461610158e-07 1.1325464269125466e-05 5.108367203026456e-07 6.935598480970629e-07 3.671464800550172e-06 0.00030365516011665697 0.0 4.6104670424170765e-07 1.0982157081076197e-06 1.4671216225364535e-06 4.6558534238996107e-07 4.2441031192984475e-06 3.615547797864183e-06 7.751847341940963e-07 6.5165340327051905e-06 4.96403045866283e-06 1.6874499107724664e-07 4.694622741808534e-06 8.43157298251532e-06 5.226002972822718e-06 2.967892563087782e-06 2.9775039428856303e-07 0.0 0.0 0.0 0.0 0.0 0.0 0.0 0.0 0.0 0.0 0.0 3.0788995281968577e-07 0.0 0.0 0.0 2.1094183277953955e-07 0.0 0.0 1.5783335902165952e-07 2.563358807860402e-07 0.0 0.0 0.0 3.7438404311917186e-06 8.269401224319013e-07 6.7683360739154604e-06 1.3876094338850123e-06 7.202400579961803e-08 0.0 0.0 0.0 0.0 0.0 0.0 0.0 1.9189056269257178e-07 5.709871901139954e-07 0.0 0.0 0.0 2.2799345866940812e-07 1.9404845135904531e-07 0.0 0.0 0.0 0.0 0.0 3.378972312652006e-07 0.0 3.266471669445114e-07 1.7888288199950659e-06 3.73580675347516e-07 0.0 0.0 0.0 0.0 0.0 0.0 0.0 0.0 8.86181503385896e-06 1.5078124819295639e-07 0.0 0.0 0.0 8.86141524142211e-07 2.4844624418400823e-07 4.4466765144732273e-07 1.2840922954536108e-07 0.0 2.4150601144318985e-07 0.0 6.347934306868105e-08 0.0 0.0 0.0 0.0 0.0 5.266376640279214e-08 0.0 0.0 1.2886500943157778e-05 6.7328218669507086e-06 8.90870668765781e-06 0.0001731660719256544 6.8283260713487825e-06 0.00031341178714952415 6.354132264450124e-05 0.00030576028904527803 3.3710863746581374e-05 2.7714999705983984e-06 1.0036804505616183e-05 6.030731695880128e-06 0.0 4.6273644529596554e-07 1.2130680715312715e-07 2.074244238891616e-06 1.696813842317286e-07 0.0 5.014063502134506e-07 4.095140012446182e-06 8.423136434560321e-07 6.92268441825825e-05 3.20503502831831e-06
0.0003168357662772748 0.0007612486833813674 0.0 0.0001279782527003648 0.00018336954497301099 1.4783697632311475e-06 5.9298038647121596e-05 0.0010635918315165028 0.00027865580459885704 2.7051756154607318e-05 0.0007404586487785477 2.0775681670311388e-05 0.00010124765131980023 0.0005645181993056862 1.725742763310368e-05 1.4085948515019417e-05 7.664521436959272e-07 6.588833837507507e-08 0.0 6.517987041851966e-08 6.105345622754745e-07 6.41675325097445e-08 2.22396313489992e-06 1.273490272750713e-06 4.206919547724979e-07 4.895050055882945e-07 2.096131919991119e-06 1.9938477174001285e-07 2.2642421704499562e-07 6.133694448797194e-07 0.0013517135333103063 0.0001092093151733135 0.00020378219448239756 8.241624484647559e-08 1.2025627442609034e-06 9.295757714922271e-07 3.838833015778836e-05 9.131171921519458e-06 5.65452705127749e-06 1.321208627554791e-06 1.9856813094898973e-06 1.1586977131105032e-06 5.110474307966653e-07 1.600603181026195e-06 0.0 1.9683121768882532e-07 2.04449614246795e-05 6.720024780634601e-07 2.730003332255885e-07 5.50187840642586e-07 2.611765226195478e-06 2.3550747756709862e-07 4.5845451678553153e-07 3.27475256457958e-07 4.9889088500622e-06 6.9648872326443865e-06 4.064965153999463e-05 0.00019871023646906894 1.2986582996196897e-05 1.252693656926718e-05 5.166960291242029e-07 2.1715311997050755e-05 6.844284934275763e-07 7.204916157089094e-05 2.0012083778384726e-06 4.6581371491836904e-06 2.264374092720712e-06 3.2751703551607416e-06 5.150793886557664e-06 1.0498805163968959e-06 1.6918971553511836e-05 8.53548105421149e-07 1.0876578693450822e-07 4.2509552985839576e-05 2.2028342193304962e-05 4.497240785100758e-05 3.427483175834371e-05 1.1178178322813449e-05 5.643493024146079e-07 0.0002816980431661908 4.093904736777061e-07 2.458415369304545e-05 8.230652132463054e-06 0.0 1.3862305018265641e-06 3.0608833752479504e-06 1.0559670928860396e-06 0.0 7.434324926382523e-07 0.0 5.010381681979564e-07 8.283077225844859e-08 3.128544523842763e-06 2.46856374643673e-06 3.240728517225823e-07 6.041042009444595e-06 1.1213577612361242e-06 1.0102248231068719e-06 4.078176499119403e-06 5.307154388459531e-05 0.0 0.0 5.69595625079011e-07 1.0358744171527571e-07 7.448644573166386e-07 4.904045539602137e-06 8.841741653843161e-07 3.6000432464322577e-07 2.956689414256367e-06 3.510250469484226e-06 7.812462825602906e-08 4.708866314430538e-06 4.602411666199292e-06 6.770830341813474e-06 2.9940322690572477e-06 1.2479357163214993e-07 2.1513018213155644e-07 0.0 0.0 0.0 0.0 0.0 0.0 0.0 0.0 8.755478849511509e-08 0.0 8.953068325592651e-07 0.0 0.0 7.533915485984841e-08 1.2943602262911524e-07 0.0 0.0 2.9450524422954954e-07 1.0875467886876102e-07 0.0 8.384589068116239e-07 6.913135495798468e-08 6.6041387340486325e-06 3.6529954867843037e-06 9.543765526269442e-06 3.013522528083845e-06 3.0929016717664497e-07 0.0 0.0 0.0 0.0 0.0 0.0 0.0 0.0 5.137067458050725e-07 0.0 0.0 0.0 1.450059101928448e-06 0.0 0.0 0.0 0.0 0.0 6.652987114199873e-08 6.75495887795921e-08 0.0 0.0 6.172311618382394e-06 0.0 0.0 0.0 0.0 0.0 0.0 0.0 0.0 0.0 8.527431847586899e-06 4.846174181869976e-07 0.0 0.0 0.0 0.0 0.0 9.162219983055967e-07 5.047755496666466e-08 7.105463819807534e-08 5.163812224838244e-07 0.0 0.0 0.0 6.621757221041789e-08 0.0 0.0 0.0 7.472215357061711e-08 5.485099561194625e-08 0.0 1.0507817995297121e-05 6.395845461459432e-06 8.337282809960377e-06 6.012949598900068e-05 2.8529962990214162e-06 8.762224916690617e-05 2.7810611381617665e-05 3.951843401687465e-05 8.13704591387448e-06 8.501424934766138e-07 4.3171307996948586e-06 2.4083981079600323e-06 7.946867623142825e-08 8.321038970585949e-07 6.585008549828335e-07 4.478364860168512e-06 9.944847708881007e-08 0.0 6.67366672319933e-07 3.125518649659701e-06 0.0 1.8320188941527487e-05 3.247065479869514e-06
0.00039074561490286714 0.0005616743155727544 0.0001279782527003648 0.0 1.6827580621091936e-05 5.419268691670784e-05 8.316984210763799e-05 3.081040142701894e-06 4.5860880558035924e-07 0.0003364335683361936 5.349735262505768e-06 0.0010197440012024148 0.000496689094896105 1.040611083853469e-05 9.9087137585856e-07 5.773049234927378e-08 1.210182492638297e-07 0.0 0.0 0.0 0.0 7.638217285449723e-08 0.0 0.0 0.0 0.0 0.0 0.0 0.0 0.0 2.7939318878117347e-05 3.851922029827233e-07 5.605831001320061e-06 0.0 0.0 0.0 1.8458145326244974e-05 0.0 4.337168333814611e-07 0.0 0.0 0.0 0.0 0.0 0.0 0.0 3.6643658266947224e-06 2.99292498796435e-07 0.0 4.3503312518249945e-08 6.089528380671038e-08 0.0 0.0 8.19569249288273e-08 3.3163574506031003e-06 4.730076466474494e-06 2.8148455303960284e-05 7.57670237582842e-05 7.52929876610869e-06 6.199179710581221e-06 0.0 0.0 0.0 1.2692235828556634e-06 1.0976454579250768e-06 5.355350777963689e-07 2.5828395781645894e-07 4.6582418678853716e-08 0.0 0.0 9.845154280755458e-06 1.2101003643008046e-06 8.22283030892361e-08 2.3888587065847594e-05 1.9071808956494398e-06 5.210344971996396e-06 2.6130147646769787e-07 1.2097351271818342e-07 0.0 3.040557884809212e-07 0.0 9.700381425896194e-08 4.425710036877847e-06 0.0 4.6646305096158013e-07 5.714200584254577e-07 6.545915293301807e-08 0.0 1.9504178034548542e-07 0.0 0.0 6.488435949562478e-08 0.0 0.0 0.0 1.86761409871266e-05 3.5415657856265086e-07 3.478231693807979e-07 1.5602927763824287e-07 0.0002391263246983199 6.237148034123213e-07 4.34570925072111e-06 1.8417511178843707e-05 9.718318412891645e-06 0.0 5.630875716417986e-06 4.301955009935532e-06 2.2101721914746012e-07 9.24559888030051e-06 3.6176500692568802e-06 5.080269672489027e-08 1.2683646278887475e-06 1.4007652600109765e-05 6.148321176239942e-07 0.0 0.0 0.0 0.0 0.0 0.0 0.0 0.0 0.0 0.0 0.0 0.0 0.0 0.0 0.0 0.0 0.0 0.0 0.0 0.0 0.0 0.0 0.0 0.0 0.0 0.0 0.0 0.0 5.109372734796707e-08 0.0 0.0 0.0 0.0 0.0 0.0 0.0 0.0 7.11405788125403e-08 7.737197286161145e-08 0.0 0.0 0.0 0.0 0.0 6.761700662447353e-08 0.0 0.0 3.202287474836749e-07 3.8491025886934777e-07 7.99396302390959e-07 0.0 0.0 0.0 0.0 0.0 8.51737102481651e-08 0.0 0.0 0.0 0.0 0.0 0.0 7.592856785480578e-08 0.0 0.0 0.0 0.0 0.0 0.0 0.0 1.1877314689223255e-07 1.154070357331348e-07 8.298064370849083e-08 0.0 0.0 0.0 0.0 0.0 0.0 0.0 0.0 0.0 0.0 2.5342714423408427e-06 0.0 7.024325555127274e-07 1.810886654557605e-05 1.4044765875394365e-07 2.2202485410545206e-05 2.121463629595034e-06 0.0003216726780740675 4.0968088139571066e-06 4.3937401457843933e-07 1.717528006634622e-07 4.834910547242266e-07 0.0 6.921124979082162e-07 0.0 4.5792460573961e-06 2.0358307148467802e-07 0.0 0.0 1.47741146172533e-05 1.1472034252334544e-06 4.955017140482415e-05 3.2740117027612643e-06
1.598700109849062e-05 0.00047274538509973975 0.00018336954497301099 1.6827580621091936e-05 0.0 1.0734821167806663e-06 0.0010895260570372392 2.854019916023778e-05 0.0011994213063855044 0.00012186226849552075 0.00028130303928148166 5.544831666834519e-06 0.00034659563601951244 0.0013505216690498478 1.9578841241223662e-05 2.857655849304729e-06 2.3125159845014235e-07 4.351001023421529e-08 0.0 0.0 0.0 0.0 3.9040724049344006e-07 6.272938075065682e-08 4.5104626234256265e-08 1.320966317131921e-07 0.0 0.0 0.0 0.0 5.554131355916348e-05 2.321815622169978e-05 1.0648838086674738e-05 0.0 0.0 1.362234005508478e-07 1.5960845846125607e-05 1.3468869151055217e-06 1.275892308028506e-06 2.571082620906638e-07 0.0 0.0 1.3507467755900813e-07 4.230726098217289e-07 0.0 7.704827207413137e-08 5.053685985245849e-05 1.4395010987833254e-06 7.029052953448194e-07 0.0 4.461207900016645e-07 0.0 9.460396142229818e-08 2.2644314552478904e-07 7.848477906304308e-06 1.1712859440075485e-05 3.052743247566317e-05 5.57417000888693e-05 1.623786721870915e-05 2.5855093608461625e-05 1.8354322551622935e-07 1.7579069518213501e-06 0.0 3.9227439316638923e-05 4.094700428931245e-06 2.1815410121110688e-06 1.2049624606949966e-06 7.186405909611296e-07 1.949825116798203e-07 0.0 7.71257980839677e-06 0.0 0.0 6.849023881347658e-05 3.437311472093449e-05 6.62145919086834e-05 3.1010352898977154e-05 3.8936781967940245e-06 2.72923769413475e-07 2.615448410376127e-06 6.020925582176524e-08 9.984008642067542e-07 1.7508389014779004e-05 3.931457844103398e-08 2.9419375741788886e-06 3.334153320395534e-06 4.909961235147869e-07 0.0 1.05155471105561e-06 4.865878757314959e-08 4.794998140816921e-07 4.8565935895108925e-08 1.0658556322147872e-07 2.4481939776250825e-07 1.171585776443679e-07 3.832276834967973e-06 2.555110999093055e-07 4.040684335966271e-07 1.9199939970263313e-06 3.8737350392631016e-06 1.5884623904321516e-07 8.120632466647299e-07 1.1187913433732813e-06 2.383846519632246e-07 2.0436133208984357e-07 2.5671188076732943e-06 3.010204080879408e-06 8.951760329865904e-07 7.086132106035469e-06 4.113716412722456e-06 1.148590282631003e-06 7.2636991187321575e-06 8.820192090233595e-06 1.0858851916806634e-05 4.348839546318199e-06 6.921453954102374e-08 2.3278249346471466e-07 0.0 0.0 0.0 0.0 0.0 0.0 0.0 0.0 0.0 0.0 0.0 0.0 0.0 8.625419348219811e-08 0.0 0.0 0.0 7.182214223642554e-07 0.0 0.0 0.0 0.0 6.3345942089135475e-06 1.7007426840300365e-06 7.893449725399853e-06 1.8910722976749866e-06 8.232742229051953e-08 0.0 0.0 0.0 0.0 0.0 0.0 0.0 8.396910067491018e-08 1.7338656769875957e-07 0.0 0.0 0.0 0.0 0.0 0.0 0.0 0.0 0.0 1.194304114222957e-07 5.332445708562799e-07 0.0 0.0 3.456043535333012e-06 3.586679152117787e-07 0.0 0.0 0.0 0.0 0.0 0.0 0.0 0.0 1.5241531968578629e-05 0.0 0.0 0.0 0.0 2.7451388063118527e-07 0.0 4.840268999814687e-07 0.0 0.0 4.6866932756558917e-07 0.0 2.4391153023278515e-07 0.0 0.0 0.0 0.0 0.0 0.0 0.0 0.0 2.442048490614459e-05 5.859293715847049e-06 8.535014389540041e-06 0.00011627437247013256 4.020132434747889e-06 0.00019358552570239895 5.0453520473486886e-05 2.2287979236641497e-05 1.720301495840852e-05 3.8379546514256284e-07 9.78455028638696e-06 3.489107703807636e-06 8.174714896729097e-07 8.889565409361772e-07 1.1547177099412824e-06 5.650690197359835e-06 4.910498696250946e-07 0.0 2.1938267566676105e-07 2.7841508543438596e-06 8.274701058761102e-08 2.6679972446724538e-05 2.054262829183402e-06
2.4588206640112406e-05 1.54711656996367e-05 1.4783697632311475e-06 5.419268691670784e-05 1.0734821167806663e-06 0.0 1.2567142583974436e-05 9.072279765421651e-08 4.877919187094578e-07 0.0002406791133327497 2.751492018348951e-07 9.676472679800013e-05 4.2016789795003024e-05 4.281016809642282e-06 0.0 0.0 0.0 0.0 0.0 0.0 0.0 1.9317517062471716e-06 0.0 0.0 0.0 0.0 0.0 9.487139440066578e-08 0.0 0.0 4.5366079184029836e-07 0.0 6.745274568253631e-06 0.0 0.0 0.0 2.9522736202631724e-05 1.3445769375728586e-07 1.4622308559060118e-06 0.0 0.0 0.0 0.0 0.0 0.0 0.0 1.0446758105065246e-07 0.0 0.0 0.0 0.0 6.489169648497087e-06 2.025044020550834e-06 0.0 5.4991881979839685e-08 0.0 8.938891499994677e-05 4.380950509147142e-06 8.63270940109162e-07 2.3550720126445568e-07 0.0 0.0 0.0 0.0 0.0 0.0 8.326104542356835e-08 0.0 0.0 0.0 3.579560171852486e-05 8.439618946256235e-05 4.554965137235855e-06 0.0 0.0 0.0 1.4147890065999958e-07 0.0 0.0 8.783054552778944e-08 0.0 0.0 1.556244348087806e-07 1.264535769260228e-07 0.0 0.0 0.0 1.7477616014272307e-07 4.6950814041958414e-08 2.1214692570754453e-06 0.0 7.655347070012527e-07 0.0 0.0 5.584011500520836e-07 0.0001639162954228399 4.8403264973454356e-05 5.979523121065237e-06 1.176819352812488e-05 0.00017637672773666838 7.472509147213716e-08 1.435088758922918e-06 1.7505209205048794e-07 4.553496025590749e-07 0.0 1.2493781210427872e-06 7.202629148700062e-06 9.584130061748712e-08 1.6327334885376472e-06 3.866415026790788e-06 0.0 7.985985082381869e-08 1.3453248503548225e-06 8.31603481494684e-07 1.8602291582670038e-07 0.0 0.0 0.0 0.0 0.0 0.0 0.0 0.0 0.0 0.0 0.0 0.0 1.8773077394033188e-07 0.0 8.103194062524818e-08 0.0 0.0 0.0 0.0 0.0 0.0 0.0 2.665952007741265e-07 0.0 9.547598655347668e-08 9.39873728382804e-08 3.032810008950526e-07 6.481794893126451e-08 1.3105452656651563e-07 0.0 0.0 0.0 0.0 0.0 0.0 0.0 0.0 0.0 0.0 0.0 0.0 5.521363548607309e-07 0.0 0.0 0.0 0.0 0.0 0.0 0.0 0.0 0.0 0.0 0.0 0.0 0.0 0.0 0.0 0.0 0.0 0.0 0.0 1.081783353385657e-06 2.3407768133983403e-07 0.0 0.0 6.00866613883359e-08 7.551308562483877e-08 0.0 0.0 7.932854532392566e-08 0.0 0.0 0.0 0.0 0.0 0.0 0.0 0.0 0.0 4.2684631284671124e-08 0.0 0.0 1.0289509094655923e-05 1.7193096340564212e-07 1.4566745286712145e-07 1.7510479429640563e-05 1.0527398745188038e-06 6.151939201961875e-08 0.0 0.00012703102184052293 1.0543525586131931e-07 0.0 0.0 2.4501210311721237e-07 0.0 0.0 7.075922520523117e-08 4.567532703493208e-06 0.0 0.0 0.0 0.0 0.0 3.514485920392613e-05 6.464810045038632e-06
0.00022631942122689765 0.0010951571139837088 5.9298038647121596e-05 8.316984210763799e-05 0.0010895260570372392 1.2567142583974436e-05 0.0 4.205499568985293e-06 0.0002586124624016895 0.0003782608416237674 0.00012825468749992484 0.00022969138494114097 0.0017356320076690277 0.001159008877788257 2.87892579184162e-05 5.537446495903491e-06 4.2802692606005063e-07 0.0 0.0 0.0 8.950038579675086e-08 1.5990291478243033e-07 1.537480530679564e-07 4.378337497565192e-08 9.979883233758092e-08 0.0 1.816551131543358e-07 1.1729002425487728e-07 2.5575308506450655e-07 0.0 6.94242559610892e-05 1.319109690330568e-05 2.440183585925823e-05 0.0 0.0 4.032528651396588e-08 4.655924531608901e-05 2.276515194592416e-06 6.34753514398158e-06 7.41788456937642e-07 4.639195522280952e-07 3.073797757282244e-07 6.288203271463765e-08 3.1161184035535925e-07 0.0 0.0 5.811714509851965e-05 1.3231148150060359e-06 2.1076459687533919e-07 7.1025727148617e-07 1.0868442909666434e-06 1.8695095694686112e-07 7.815185281011483e-08 1.9163956097770557e-07 1.5415016959475813e-05 2.372643175290479e-05 6.29470454534347e-05 0.00013671994410045527 2.9611793070224003e-05 4.245680338024987e-05 1.9677691897323163e-07 4.061520423196688e-06 0.0 3.725216003920095e-05 6.718428223521054e-06 4.094966903594117e-06 1.485943603399789e-06 7.648924502514544e-07 1.0740786786693224e-07 0.0 2.1988996515077836e-05 1.8905103890342591e-06 0.0 0.00012223887476874864 3.67169438985946e-05 8.858250296774096e-05 3.826549006682693e-05 5.412151158671733e-06 1.5675808706532281e-07 3.3173832014313153e-06 4.7318079711978556e-08 1.0913264129831561e-06 2.755003556682542e-05 0.0 3.8120079166210048e-06 6.092844432086737e-06 7.019133198915796e-07 5.3135677326954936e-08 1.6995763196390692e-06 4.14184516895604e-08 7.380740995233644e-07 2.0908426759845086e-07 7.285315155861114e-08 1.4559150111782465e-07 4.673319143511228e-07 2.267090830413329e-05 4.734701832175115e-06 1.6834462505010063e-07 8.677204752018143e-06 4.7685273767151704e-05 2.9144097377212164e-06 2.644185242274323e-06 1.6836060667476938e-05 2.4731953299960727e-05 1.3426935748184228e-06 2.5704798107309994e-05 1.6081230369046556e-05 1.4306254079986175e-05 6.0235578062354144e-05 2.6027985534971963e-05 1.5322877127978437e-06 4.0080991024486936e-05 4.174773793147034e-05 2.893232984721041e-05 1.1324441592601341e-05 4.668708841550896e-07 3.368605612363362e-07 0.0 0.0 0.0 0.0 0.0 0.0 0.0 0.0 0.0 0.0 0.0 0.0 0.0 0.0 0.0 0.0 0.0 3.3488543452692216e-07 8.309694543666438e-07 0.0 4.7369918284799423e-07 0.0 1.9167166052468865e-05 2.0199606814707573e-06 1.98602830573793e-05 2.4582024288033713e-06 0.0 0.0 0.0 0.0 0.0 0.0 6.359031880109898e-08 0.0 4.0166708732669065e-07 8.644818242006637e-07 5.133896517985107e-08 0.0 8.902971298822867e-08 4.3542823796192754e-08 5.521120332331471e-08 9.26007043058297e-08 5.032372259582307e-07 5.62326732093147e-08 7.871696131524723e-07 1.5906428624678099e-06 1.042681797287339e-06 0.0 0.0 6.807439934867469e-06 0.0 6.099335375745097e-08 2.5418131474628576e-07 7.01362222028946e-08 0.0 0.0 0.0 0.0 0.0 4.075007069974566e-05 9.203684755659496e-07 2.3011396253903905e-07 0.0 0.0 1.5377490129084744e-06 0.0 2.2933587890746505e-06 1.6018280831049493e-06 1.286161312599103e-06 1.128662650510613e-06 0.0 4.563805017099535e-07 5.7840698631293554e-08 0.0 0.0 0.0 0.0 6.557152766615984e-08 0.0 0.0 6.591794508114083e-05 2.0014193884181474e-05 1.980413943406356e-05 0.0002294127359711153 6.36939827611588e-06 0.0002808190892391024 8.10833796994223e-05 0.00012839486126931204 3.0376503513978787e-05 2.6449080499882975e-06 1.3189793566251347e-05 6.817190165487159e-06 0.0 6.155256739815842e-06 1.010856779713841e-06 1.363109564515485e-05 8.91259082779993e-07 0.0 1.1449140025189264e-07 7.2081916595180625e-06 1.835635292137343e-06 7.281596363614543e-05 1.3528473520934021e-05
1.7953626129470963e-05 0.00014473180144533574 0.0010635918315165028 3.081040142701894e-06 2.854019916023778e-05 9.072279765421651e-08 4.205499568985293e-06 0.0 0.00019107741824218763 1.6071060371757185e-06 0.0010936699467653107 6.090505072041373e-06 3.6232128938007896e-05 0.00044912562302497496 2.0989569658715244e-05 3.095067278020416e-05 5.211001502051084e-06 4.934632291142463e-06 1.076597320657447e-06 1.584993935375102e-06 4.589636138484341e-06 1.8585053095750987e-07 1.530279281477198e-05 7.55075751708377e-06 2.2845575601034688e-06 1.8918802450755114e-06 4.893232554585088e-06 8.559715978725437e-07 7.301446893307537e-07 2.0850234205536743e-06 0.000374348613936476 0.0011433690930006133 0.00013150768738347726 4.84219568962154e-06 7.344410460854029e-06 5.354566952833143e-06 1.799206627999707e-05 2.1253751334918134e-05 4.871102930300404e-06 2.3444788176362262e-06 1.3668943266411892e-05 3.73350903468634e-06 1.2936778535453486e-05 1.3664212349604153e-05 0.0 3.6808914632874485e-06 2.2031445792470737e-05 4.037982606753419e-06 4.390622623063913e-06 2.6918460316961166e-05 1.9234136731251432e-05 1.6078684540976867e-07 1.2466454319439168e-06 2.3042363834426276e-07 2.720456978011681e-06 2.7482434127581497e-06 1.5701748002150556e-05 6.54023992369642e-05 5.37888993395015e-06 7.305568888055223e-06 6.782462537585876e-05 0.00022816663341440727 7.622134558496155e-06 0.0001303506281800145 1.8936453013337366e-06 2.624067431044786e-05 1.141045239493261e-05 3.105463499322834e-05 7.779468077992452e-05 1.787135676920798e-05 4.417809078862458e-06 2.5353959661176615e-07 5.869337558246151e-08 2.0978943440294822e-05 3.9616833009087966e-05 4.336490711375765e-05 0.00013228350102795425 0.00020474934944887796 0.0001995192259012933 0.0009855487522018166 9.491841270600013e-05 0.0008065095624360905 5.543854478818929e-06 0.0 8.482509339769369e-06 4.9195178965299044e-06 2.054581628571846e-05 4.850512133364398e-08 1.4152285131698928e-06 0.0 1.8077924217016747e-06 2.0725901933408264e-07 3.5685434125870074e-05 8.8908772383505e-06 1.3733698064450484e-07 2.7123940052199663e-07 1.4644033081700202e-07 1.6873801845763907e-06 2.4862972172993798e-06 1.2769572864872671e-05 0.0 0.0 0.0 0.0 5.8132110482067616e-08 2.0615317921193026e-07 1.8846897066226869e-07 1.5702721283456623e-07 4.124871512874012e-07 8.3203875258989e-07 0.0 4.938705978395153e-07 1.0144121371983532e-06 1.1463538155913736e-06 6.190084495597929e-07 1.36638861795804e-07 0.0 0.0 0.0 0.0 0.0 0.0 0.0 0.0 0.0 2.1441612516710934e-07 0.0 6.179263085099026e-08 0.0 0.0 2.0817806487958916e-07 1.1874642597840736e-07 0.0 0.0 5.683117970897691e-08 0.0 0.0 5.087799094384688e-07 0.0 7.76982275249129e-07 2.540165698200481e-06 2.879490637684366e-06 1.392973597877886e-06 9.290876426521736e-07 3.185523389063151e-07 0.0 0.0 0.0 0.0 0.0 0.0 1.0470263415726698e-07 2.4580497278743653e-07 0.0 0.0 0.0 8.722896472403661e-07 1.363298085459024e-07 4.0749623019514035e-07 0.0 0.0 0.0 0.0 0.0 0.0 0.0 1.937677026917883e-06 0.0 0.0 0.0 1.47935470870575e-07 1.5325314257189382e-07 5.7302104337629364e-08 4.044467024073402e-08 3.7545952982211963e-07 1.349043317333726e-07 1.0541891903036678e-06 2.102851488347768e-07 7.248296197707815e-08 0.0 3.06672245102154e-07 4.5956352564432345e-07 2.671790597362103e-07 1.538503228188699e-06 0.0 0.0 2.641780492935126e-07 0.0 0.0 0.0 0.0 0.0 0.0 4.8901856953911694e-08 1.0889877594331561e-07 7.624527084066527e-07 1.0956185332138629e-07 1.7792600817392812e-06 2.0418814139623613e-06 3.6547612880104146e-06 2.9433266766228486e-05 4.1514792860131515e-06 6.671563827852307e-05 2.0899264578194644e-05 9.518714148430566e-06 3.53385134238762e-06 2.1587556621971194e-07 3.9167914095226075e-06 2.3454540330607944e-06 5.720502767740273e-08 4.265998194116776e-07 4.4513603688966146e-07 1.0479615595665439e-06 0.0 0.0 2.6006472835031473e-07 2.435516680745955e-06 1.1102332992004207e-07 5.951710318652627e-06 7.193403781181938e-07
5.455553890032939e-07 0.00016072345658554432 0.00027865580459885704 4.5860880558035924e-07 0.0011994213063855044 4.877919187094578e-07 0.0002586124624016895 0.00019107741824218763 0.0 6.659638988408999e-06 0.0004083441825145113 2.14436629271468e-06 0.00011618376909817512 0.0004766276169384214 7.003252889879455e-06 2.0921220551514486e-06 2.6669364146005894e-07 5.610979897574056e-08 0.0 0.0 0.0 0.0 0.0 0.0 5.174477331981281e-08 0.0 6.714384359466294e-08 5.650756286154029e-08 0.0 0.0 6.495826667531371e-06 6.956216663345807e-06 8.936853088788022e-06 0.0 1.2921732034346054e-07 4.9733996574453774e-08 7.916509909005995e-06 1.1398975916334774e-06 5.894841936016902e-07 3.0647964817000594e-07 0.0 6.945913383257474e-08 0.0 2.061659520885388e-07 0.0 0.0 1.5698821327611318e-05 1.6878051520312654e-07 4.465285392551306e-08 1.3786659685102379e-07 1.800575242777567e-07 0.0 0.0 6.631690825681352e-08 1.2565032177392527e-06 2.3689736729871596e-06 5.617784637094774e-06 7.029279591565455e-06 2.4165931813950947e-06 5.354946816504685e-06 0.0 3.222626077409772e-07 0.0 6.969815824756899e-06 5.26104735687189e-07 7.225864969852086e-07 4.2349505557779877e-07 1.211551414846566e-07 0.0 0.0 4.67197103843373e-06 0.0 0.0 1.1650110955969944e-05 8.91110277018752e-06 1.795367080306157e-05 1.426547714707353e-05 2.748090984634285e-06 4.9593403996712324e-08 8.283058129484978e-06 0.0 6.056187745170875e-07 3.7219702026262447e-06 0.0 6.022390860559647e-07 6.749358713036735e-07 1.0307580966306157e-07 0.0 3.6058275898000284e-07 3.561306035589949e-08 1.1500206699360737e-07 9.417850431717023e-08 8.399144971147341e-08 7.611917470842418e-08 4.926697865532258e-08 2.4128686007830284e-06 2.137810068185044e-07 0.0 3.5252991845103055e-07 9.453839235687328e-07 2.550429942671115e-07 0.0 5.46533475876848e-07 7.196787089557432e-08 5.172594346957041e-07 3.6277534566242886e-06 1.3726140172890093e-06 4.2357116121717523e-07 5.392766073022048e-06 4.428083843818535e-06 3.173149367560936e-07 3.1434309722723867e-06 7.219975848325101e-06 7.301163147980732e-06 1.9902921465680062e-06 4.9017246533613294e-08 0.0 0.0 0.0 0.0 0.0 0.0 0.0 0.0 0.0 0.0 0.0 0.0 0.0 0.0 0.0 1.8524707199528527e-07 0.0 0.0 0.0 2.893622307735974e-07 0.0 0.0 0.0 2.4056232319943345e-06 3.077256052096537e-07 3.995629017512526e-06 4.3114305677481063e-07 2.6061442371472254e-07 0.0 0.0 0.0 0.0 0.0 0.0 0.0 5.868485566805338e-08 0.0 0.0 0.0 0.0 8.042632020690522e-08 0.0 0.0 0.0 0.0 0.0 0.0 0.0 0.0 0.0 1.8849853644406577e-06 0.0 0.0 0.0 0.0 0.0 0.0 0.0 0.0 0.0 1.0483024593191725e-05 0.0 0.0 0.0 0.0 1.5739422038895283e-06 0.0 8.487863021749319e-07 0.0 0.0 6.344333279004961e-08 0.0 8.647704730250081e-08 0.0 0.0 0.0 0.0 0.0 0.0 0.0 0.0 1.2668313363859353e-05 3.852162762876786e-06 4.802372140727171e-06 3.827983927099859e-05 9.623178830052216e-07 4.970461830771866e-05 1.7915061104140242e-05 3.848565666205679e-06 5.217309285037174e-06 1.416364886482843e-06 2.5036907834486653e-06 2.061386701754234e-06 0.0 3.7824811249740895e-07 2.302194541886196e-07 1.6148736284521051e-06 0.0 0.0 0.0 1.6082757941434408e-06 4.982167194981624e-08 7.435591137455147e-06 2.3198237906924214e-06
0.0004946621025921711 0.0003079109230361106 2.7051756154607318e-05 0.0003364335683361936 0.00012186226849552075 0.0002406791133327497 0.0003782608416237674 1.6071060371757185e-06 6.659638988408999e-06 0.0 3.4254747469619763e-06 0.0018067370419407704 0.001454172531892275 7.330977943512656e-05 5.808473772940739e-06 8.953948227097902e-07 4.4799406246338e-08 0.0 0.0 0.0 0.0 0.0 0.0 0.0 0.0 0.0 0.0 0.0 7.192215854692313e-08 0.0 1.3036912183639294e-05 1.1481629088948835e-06 0.00010725970672675243 0.0 0.0 0.0 0.00032967462357576466 9.903422709868056e-06 1.731586007056863e-05 1.7689213894451282e-06 0.0 1.1339952215696407e-07 0.0 9.412542622970808e-08 0.0 0.0 1.1529552236473868e-05 4.6468680269756414e-07 0.0 5.3076807376496074e-08 2.83019958922159e-07 1.983484199838131e-07 2.0151770223357322e-07 5.395372761120727e-07 3.2194725653956713e-06 5.011723610468867e-06 2.9468765801030384e-05 5.5312202183498156e-05 8.50273862442583e-06 7.497881749608788e-06 2.8307390439006993e-07 1.0651568159642257e-05 0.0 5.089954510317382e-06 1.296827189192538e-06 9.216189793579496e-07 3.569229521014494e-07 1.3771537886278486e-07 6.540152109819985e-08 7.356633414760583e-08 0.00025139055797140903 4.8747608310404715e-06 5.772805459051248e-08 2.5407233458347532e-05 5.0050801582441e-06 1.2950308348398697e-05 6.0507840733975565e-06 8.855587074356667e-07 5.149722014173085e-08 6.531763806404949e-07 0.0 1.559449563671158e-07 4.642260243216613e-06 0.0 6.253849234814275e-07 1.4124783505519818e-06 1.664765323885651e-07 0.0 2.5064346575583227e-07 5.4027106598172946e-08 5.0713902148948694e-08 0.0 2.312229084427984e-07 0.0 0.0 0.00016164901141910612 1.5208935688901086e-05 5.257940665914511e-07 2.2718288195194754e-05 0.00020324306583341192 4.432546012587224e-07 5.236733577682144e-06 3.2712824810856884e-05 2.1933257028096193e-05 3.3481911699611008e-06 2.8077676296884816e-05 2.68063242463479e-05 5.105753943121876e-06 3.6882884152035694e-05 4.7170796126480296e-05 1.6575622678738503e-06 2.121043439377881e-05 6.4761319676325e-05 3.136625082423327e-05 9.897653391768059e-06 7.065731779550513e-07 4.496456387778917e-07 0.0 0.0 0.0 0.0 0.0 0.0 0.0 0.0 0.0 0.0 2.3765740242195176e-07 0.0 0.0 0.0 0.0 0.0 0.0 6.050640637350844e-07 1.4158155513611215e-06 0.0 0.0 0.0 2.1310347790285667e-05 3.5440356514543965e-06 2.7814801451740573e-05 4.138802915972003e-06 5.780282278519693e-07 0.0 1.773810645154788e-07 0.0 0.0 0.0 0.0 0.0 8.873771775415279e-07 5.981257336352506e-07 0.0 0.0 0.0 0.0 0.0 0.0 1.204357893024698e-07 0.0 4.704882803267003e-08 3.1233662066035453e-07 9.531956288354441e-07 0.0 0.0 9.322929701555833e-06 0.0 6.399183200883852e-08 8.961758708238982e-08 7.060052256311972e-08 0.0 0.0 0.0 0.0 0.0 4.113801435592447e-05 2.704776935928958e-07 0.0 0.0 0.0 1.0957187716157256e-06 7.966872074392962e-07 3.2892362372033115e-06 8.748088838037975e-07 4.2202486670213535e-07 1.3528821613299121e-06 0.0 5.082529618258305e-07 0.0 7.826124767171482e-08 0.0 0.0 0.0 1.2070250879046823e-07 0.0 0.0 9.773287971016933e-05 2.4346093518315105e-05 2.5498378114177517e-05 0.000261320096170544 5.023892146744765e-06 9.058787055024885e-05 4.020087407210092e-05 0.000462577995607175 1.5587607660145297e-05 1.1583504181758156e-06 1.512548258865815e-05 6.2824018113221394e-06 0.0 4.43369347298091e-06 6.671998974436449e-07 2.230860221758915e-05 1.3448847352196107e-06 0.0 0.0 4.095008314015542e-06 4.275615589617736e-07 0.00021489098419500492 8.006121122241089e-05
2.439714397457069e-05 0.00033754804390223397 0.0007404586487785477 5.349735262505768e-06 0.00028130303928148166 2.751492018348951e-07 0.00012825468749992484 0.0010936699467653107 0.0004083441825145113 3.4254747469619763e-06 0.0 4.481612533675082e-05 0.00037860166167532483 0.0018997816930384416 3.399716892294328e-05 3.0582476900612696e-05 3.798581629729356e-06 6.175755090784016e-07 0.0 3.77114768021026e-07 1.2916195558931526e-06 9.475230656255071e-07 7.843124441169472e-06 3.7516798821402844e-06 1.4539555043119139e-06 1.908943919859114e-06 6.09006700993972e-06 4.0968418338716905e-07 3.702535298560788e-07 1.8474740244851043e-06 0.0001160333666713982 9.148668965456787e-05 0.000537234429919147 7.207771868365864e-07 2.918841981864422e-06 1.495863029167017e-06 0.0001310596775962457 4.320524532374497e-05 1.866820314095962e-05 4.799638794097957e-06 6.6021511352477634e-06 9.851305064382826e-07 1.3967238396607296e-06 3.170848689885585e-06 0.0 3.2712544332196763e-07 3.73172238030519e-05 5.125397903362995e-07 9.70443866789538e-07 9.254271187857492e-07 6.372924922608038e-06 6.867480646077033e-07 1.6540308472917227e-06 4.968673833000272e-07 2.7310289851540492e-06 3.942490056031372e-06 1.542096618557139e-05 3.161517300496602e-05 6.62776359981444e-06 1.1748616044900652e-05 3.535110586436643e-07 9.132622744377855e-05 1.0188484384436583e-07 4.715488461273279e-05 1.6950495310269465e-06 5.5780863897002325e-06 3.319886993026756e-06 2.731534066385374e-06 3.994962253767548e-06 2.3624223344675515e-06 3.6046942145456296e-05 1.2077955071107909e-06 0.0 2.891558647364253e-05 2.9961130325625674e-05 6.06351443332489e-05 6.357464772661087e-05 2.2321201149442736e-05 7.14650284151578e-07 0.0003778961940087268 7.339817915710383e-07 1.6535159104500486e-05 6.790124908618821e-06 4.532359782755034e-08 1.1487440852730792e-06 2.530357283140689e-06 4.823715988275296e-07 0.0 9.290200674197108e-07 0.0 6.692574672657146e-07 2.4389465128905214e-07 5.762823942134395e-06 4.844298447166989e-06 5.344668533061788e-07 2.55553206333591e-06 1.5603433502585956e-06 8.392435853326099e-07 4.981016331518676e-06 5.296573395885264e-06 1.0111283327493401e-07 0.0 3.682289030035538e-07 3.7805756160381954e-07 0.0 5.574065479749845e-06 2.3757702003736255e-06 4.0640701020158707e-07 2.902378069183632e-06 3.6479792927439667e-06 3.7019435912046433e-07 4.394309745431599e-06 7.834092499491419e-06 7.905256298218471e-06 1.905526475865957e-06 4.915422933973702e-07 1.0990553883420631e-07 0.0 0.0 0.0 0.0 0.0 0.0 0.0 0.0 6.320882459421705e-07 0.0 7.367227347741794e-07 0.0 0.0 4.846833740761228e-07 2.7712311840868304e-07 0.0 0.0 0.0 0.0 0.0 6.485324921702861e-07 1.123015968814067e-07 4.6035866624247256e-06 2.3420680700814257e-06 6.460673231375783e-06 3.6491138788334924e-06 1.4782418665849748e-06 0.0 0.0 0.0 0.0 0.0 0.0 0.0 0.0 8.024944244689014e-07 0.0 0.0 0.0 1.6710732922393413e-06 1.58908176302761e-07 0.0 0.0 0.0 0.0 7.882617815400511e-08 0.0 0.0 0.0 2.641787445968723e-06 0.0 0.0 0.0 0.0 0.0 0.0 0.0 0.0 0.0 9.587206670693024e-06 8.59030834725367e-07 4.885900975874291e-07 0.0 4.942244960576197e-08 6.413912929754893e-07 0.0 1.6925086134497973e-06 0.0 1.9732634503000012e-07 6.9761731043886e-07 0.0 0.0 0.0 0.0 0.0 0.0 0.0 9.209556711447593e-08 0.0 0.0 8.302121591863254e-06 7.955981290945657e-06 7.672717675062435e-06 9.502012027896526e-05 4.244436822941103e-06 0.00012304363165718812 5.0360000632700536e-05 8.618784580292036e-06 6.722699309775883e-06 1.6226514883938048e-06 6.234586341385314e-06 3.7553363139295917e-06 0.0 9.932943751621997e-07 5.908130239467157e-07 4.353226273972855e-06 6.066041396919068e-07 0.0 3.1785134161362497e-07 4.071354964594998e-06 1.1118305593118298e-06 1.1773108245647713e-05 2.3175214202261943e-06
