0.0 0.0012641881459220497 0.0003031919623090848 0.0007453043600993953 3.390075201992906e-06 7.695673236947363e-05 0.0002128636700747988 3.1907115572333636e-05 7.046150153548131e-07 0.00040724831295902434 2.911229741636621e-05 0.00019376845618289696 6.425672429867457e-05 7.291285698578567e-06 6.475237417345965e-07 1.1424346498678952e-07 9.797245780308269e-08 0.0 0.0 6.022792685330622e-08 9.06414116207348e-08 0.0 0.0 0.0 1.1041983856930911e-07 0.0 0.0 0.0 0.0 0.0 0.0004491847354571792 1.0232150796195459e-07 7.75118333044469e-06 4.7434302238015176e-08 1.967810278512876e-07 0.0 5.789035661444164e-06 1.7247340463018855e-06 3.2947312515218616e-06 0.0 8.931623652750767e-07 4.318593175969072e-07 4.0685910780175694e-07 4.5750601597559165e-08 0.0 9.142935457017988e-08 1.0842315772116988e-05 3.0867146909233576e-06 6.168383045599381e-07 2.637273227795296e-07 1.964770265588109e-06 2.1237637441932618e-07 0.0 6.30146865525629e-08 3.4420198275618343e-06 1.2905366414032036e-05 0.0001770641997078737 0.0004031773108243651 6.408448025782929e-05 1.5874902191966497e-05 4.865474737303708e-08 3.014036613323951e-06 0.0 5.5079598129452125e-06 8.10264204104132e-06 7.631545813128103e-06 2.8668293445541022e-06 1.5518117602534232e-06 1.9597006934991056e-06 7.236722551418692e-07 1.619028369592923e-05 3.9517699540956874e-05 2.1587159391325925e-06 0.00014511198852149314 6.807364416593384e-06 2.3725427211801034e-05 4.525763460459296e-07 7.137661600579582e-08 2.0983637921319854e-07 6.936048444622715e-06 1.186795332273096e-07 6.183683447473183e-06 1.4598223957259596e-05 4.497693458638164e-07 6.808014474888511e-06 6.616785642679916e-06 1.5516220566186628e-06 1.3184061239450626e-06 3.174202640404263e-06 1.1495061176738401e-06 1.2498729649824732e-06 1.4340209797942682e-06 1.1760769496790921e-06 4.2305518739339544e-07 3.0336429888979573e-07 3.0705350181915114e-05 1.0334947577449543e-05 3.0295360756936595e-06 2.688087992387302e-06 0.0004767880465034535 0.0 0.0 0.0 0.0 0.0 1.4532821329947277e-06 0.0 5.067041447023247e-07 3.2053825407972364e-07 0.0 0.0 9.26564134865432e-07 1.2556141590419486e-06 1.7598555880685054e-06 8.333724151344993e-07 0.0 0.0 0.0 0.0 0.0 0.0 0.0 0.0 0.0 0.0 0.0 0.0 0.0 0.0 0.0 0.0 0.0 0.0 0.0 0.0 0.0 0.0 0.0 0.0 0.0 0.0 2.102337775383501e-06 2.6139032856561357e-07 1.3458721501939756e-07 0.0 9.755108642901919e-08 0.0 0.0 0.0 0.0 0.0 0.0 0.0 0.0 0.0 0.0 3.8852871873086943e-07 0.0 0.0 0.0 0.0 0.0 0.0 0.0 0.0 0.0 1.516184399078035e-07 0.0 0.0 5.853153228933463e-08 0.0 0.0 0.0 1.3993931778522692e-07 7.077042663076499e-08 0.0 1.0018033533047259e-07 0.0 0.0 0.0 1.9245382854414884e-07 0.0 0.0 0.0 0.0 0.0 1.1801103748084213e-07 0.0 0.0 0.0 5.371688195702532e-08 7.631398517085478e-08 0.0 1.0226040118810105e-07 0.0 6.853407865406982e-08 0.0 9.982629409711794e-08 3.804087662858658e-07 1.1692691570570534e-06 1.2076583488398648e-05 6.100631697097985e-06 7.275762022513402e-05 1.0155996332057144e-05 0.00017872747560001423 1.0264232375929327e-05 3.2935725638515034e-06 1.2263576243459548e-07 3.805433247832461e-07 0.0 4.059227673609958e-07 0.0 0.0 0.0 0.0 0.0 4.089760921837909e-07 0.0 0.00011538089343967226 8.239371293856517e-07
0.0012641881459220497 0.0 0.0010129926715586896 0.0007463103359075539 0.0015205280473871922 0.00022970764356763465 0.001144116333145096 4.0079954414252356e-05 0.0011823161855673112 0.00027012936504182584 0.000147453080157252 8.593784331940125e-05 0.0008189836430199947 0.00035472902745638306 1.9743783402822807e-05 1.3376875939664065e-06 1.0654459383134295e-06 2.948689014824399e-07 0.0 1.4125240093481653e-07 2.713375371303266e-07 0.0 0.0 5.405105749088966e-07 4.191310346984525e-08 2.8533704085786554e-07 1.3945156867823275e-07 7.353293991826657e-08 0.0 0.0 0.0009263446117139245 1.0493377103420021e-05 2.0450192521782305e-05 0.0 0.0 0.0 1.5447387158854427e-05 2.744283940898667e-06 7.913115612290039e-07 2.5070666886892333e-07 1.1128758856487038e-06 4.490904790509716e-07 2.0297399763084125e-07 3.24710887055854e-07 0.0 8.097541054036215e-08 0.00018368231021884067 1.301816507641947e-05 4.153561541105179e-06 1.9625595853645476e-06 5.9989148372099284e-06 1.4780265813148757e-07 0.0 6.035497114412893e-07 9.849156897118045e-06 3.350924799384002e-05 7.626221538118086e-05 0.00027592717386568013 6.786143617139344e-05 0.0001289704916377254 4.394411596472922e-07 1.5662815680309832e-06 5.087384004728559e-07 0.00024352787855992262 2.277899715570149e-05 2.9775168166158277e-05 9.15638580314771e-06 7.515409077803095e-06 2.9514433344968933e-06 2.620322270525775e-06 5.703094374937997e-06 4.974374424004868e-07 0.0 0.0003941172123206872 9.320577640093787e-05 0.0003688036113393569 3.007019431670814e-05 1.304001370707948e-06 2.406756120682968e-07 1.0507226610192799e-05 6.37176918133804e-07 6.554190088252594e-06 4.851777166108087e-05 1.1338355817833516e-06 2.810888768920826e-05 1.9055609984698304e-05 8.125538727393373e-06 8.603522154018341e-07 8.318377535883089e-06 1.4284267109927115e-07 4.529821680907153e-06 1.531093510395953e-06 3.84852040472716e-06 1.802459812422264e-06 1.534636845385429e-06 5.712802994448865e-06 8.709531392167332e-08 0.0 0.0 0.0002998346492585212 0.0 0.0 0.0 0.0 1.1751807557707782e-07 5.509883436737432e-06 0.0 3.1766626333570315e-06 3.1152384532532958e-06 3.7683767406237467e-06 0.0 3.854213407680093e-06 6.50822780130335e-06 5.338278763228223e-06 2.1267206940732605e-06 0.0 0.0 0.0 0.0 0.0 0.0 0.0 0.0 0.0 0.0 3.0654345059362394e-07 0.0 0.0 0.0 5.024789293654691e-08 0.0 0.0 8.862609495143943e-08 0.0 0.0 0.0 0.0 0.0 1.8246577186415961e-07 4.3246485264598366e-07 0.0 1.079859096003914e-07 2.417809576327937e-07 0.0 7.579179670779345e-08 0.0 0.0 0.0 0.0 0.0 0.0 0.0 0.0 0.0 0.0 1.2622535099876009e-07 0.0 6.92017237767966e-08 5.0876965544261144e-08 0.0 5.541708615210922e-08 0.0 1.3437297416134688e-07 0.0 0.0 0.0 9.870806485457869e-07 0.0 0.0 8.672774268163915e-08 4.950071449406161e-08 5.2359021101288884e-08 0.0 1.3470626599165834e-07 1.3871937430010342e-07 1.222831098263218e-07 9.420658255785293e-07 1.781459773457382e-07 2.9829069906102857e-07 1.6448836256452287e-07 2.638094261462313e-07 0.0 0.0 0.0 0.0 0.0 0.0 0.0 0.0 4.4017612037015095e-08 0.0 1.1837167650090376e-07 0.0 3.146057896383417e-07 8.986115336610986e-08 0.0 0.0 2.111478349087338e-06 4.6435331897984396e-08 2.4853687674722427e-07 0.00016590269801347842 2.3135883300157024e-05 0.0005893725802133853 5.09555819134381e-05 0.00031170345443367166 4.6574292206006345e-05 4.686505127162856e-06 9.976241956082869e-06 1.4864970561736568e-06 0.0 5.356454396940602e-08 2.438349595065715e-07 1.8530126576050083e-06 0.0 1.3873743006130094e-07 0.0 1.4997732272775759e-05 1.702773151483817e-07 0.00017797696743088238 1.5067954177958939e-06
0.0003031919623090848 0.0010129926715586896 0.0 0.00021401653402241893 0.0003338779434430847 6.648011216478561e-05 7.250565769028508e-05 0.0007194951140016836 0.0008297205424314398 2.0730762569048217e-06 0.0006524564681334811 2.5584386376409438e-05 0.00026646516216231924 0.0010270177046712336 7.564200757422669e-06 2.8924739418194443e-06 1.5593090234039122e-06 8.683288050302265e-07 2.12373499020271e-07 6.898139005356704e-07 1.6695262390360055e-06 2.2061185538186931e-07 2.7054111338948354e-07 0.0 5.566973085448195e-07 2.949300591483121e-07 0.0 4.470902809463673e-07 2.142294000762068e-07 0.0 0.0017225436852329708 8.965059397852793e-05 0.00014408174162622054 0.0 1.5235501463468315e-07 2.0010265394248677e-06 8.175252516954743e-05 1.3272291845254643e-05 1.441467718075644e-06 7.267739855447137e-07 1.1988955705826136e-05 3.2662515107880786e-06 7.241461554400384e-06 7.236278045986997e-07 1.9382013383984135e-07 2.543378144014814e-07 3.3916444083143446e-05 2.4630772962765745e-06 5.289695126545852e-06 1.1180128115068531e-05 2.5994398800945255e-05 1.3628012457063307e-06 2.745221706315951e-07 2.0164785340817274e-07 1.653728015070658e-06 4.95519004868487e-06 1.3774392025311692e-05 7.825744224798169e-05 8.61503403769726e-06 1.7259809131189464e-05 4.403437474107239e-06 2.8597959479767865e-05 9.035260086880418e-07 0.00023756735069269542 3.4769739818438835e-06 9.565141852783322e-06 7.233970292872951e-06 2.0745573476945807e-05 3.3047883497684446e-05 3.214452015806382e-05 2.5642848437458134e-05 1.5034560362064074e-06 0.0 7.149153396451702e-05 2.6806023271643548e-05 6.814627528837572e-05 1.4470859308449592e-05 3.1098053194883007e-06 2.803833654901568e-05 0.00026578569375492156 3.4271605068139026e-07 0.00016110956129694045 7.856427192619374e-06 1.0046194995096242e-07 5.283518591253188e-06 5.109108288011226e-06 6.8483120984689375e-06 1.7740269214268165e-07 5.904192918072296e-06 7.548778959908604e-08 4.8000487869062595e-06 6.845089346845682e-07 3.812682570520675e-05 3.669282390079809e-06 3.2826315977435296e-06 1.8353072297937547e-06 4.430233834093255e-07 0.0 1.5989226800641922e-07 2.7983302959670307e-05 0.0 4.910809347540606e-07 1.6552262651950575e-07 0.0 1.51248447661738e-07 6.161385901951572e-07 0.0 0.0 0.0 2.341474892646058e-07 0.0 2.0759475118956573e-06 1.6309866075378716e-06 2.3891761162517425e-06 8.123483187853602e-07 0.0 7.069720028617807e-08 0.0 0.0 0.0 0.0 0.0 0.0 0.0 8.460558912456535e-08 4.695396409948351e-07 0.0 0.0 0.0 0.0 2.6176365787404654e-07 0.0 6.095200468148546e-07 0.0 0.0 0.0 0.0 0.0 0.0 1.6734696616303061e-06 2.741697797537032e-07 1.838006113517334e-06 3.0307437432968493e-07 0.0 3.2263027592659683e-07 7.28591804830103e-08 9.263020627801136e-08 0.0 1.2940450270258827e-07 0.0 0.0 0.0 0.0 0.0 0.0 2.573841779231504e-07 9.001955477424005e-08 7.864229902395672e-07 0.0 0.0 1.3973473914043635e-07 0.0 0.0 0.0 9.825309820492927e-08 0.0 8.280246236496808e-07 0.0 0.0 4.467862665673715e-08 0.0 0.0 0.0 0.0 5.12845102838791e-07 3.4964210181425584e-07 1.6208704810928835e-06 2.122372828971395e-07 7.451522421943109e-07 5.938777378190107e-07 2.0930370554023224e-06 1.8422199726637363e-07 0.0 4.654674397824184e-07 0.0 0.0 0.0 0.0 0.0 7.706877197013222e-08 0.0 0.0 0.0 3.089669067121269e-07 1.0898430195249577e-07 5.801705069547298e-07 1.4821115382482592e-07 3.5825964733672336e-07 3.578720573576284e-07 1.7148078161542994e-06 3.493572388289168e-05 3.913527106674753e-06 9.293229938151808e-05 1.2963630923169664e-05 7.785977115978571e-05 5.8186929089897825e-06 9.243060160101757e-07 1.1077358971815732e-06 5.264619712887675e-07 0.0 5.787796389897377e-07 1.426803182894052e-07 0.0 0.0 0.0 0.0 2.0206566452201538e-06 0.0 2.887050594589641e-05 9.65805709071736e-07
0.0007453043600993953 0.0007463103359075539 0.00021401653402241893 0.0 5.037448905044229e-06 0.0001286160623309175 0.0002756622053701734 1.1763864240446625e-06 2.1216253706228073e-06 0.00103712331383344 1.2023509830665673e-06 0.0009512968206514389 0.00035242603062679795 4.620410895492447e-06 4.563712330134346e-07 8.016264319123561e-08 1.8080785166630738e-07 5.5386140169609807e-08 0.0 0.0 0.0 0.0 0.0 0.0 0.0 0.0 0.0 0.0 0.0 0.0 7.034535109202757e-05 0.0 1.701257369058984e-07 0.0 0.0 0.0 3.8456067530496226e-07 0.0 0.0 0.0 0.0 4.72729018359273e-08 5.150145787029455e-08 0.0 0.0 5.2801603541707786e-08 1.057949098293724e-05 1.5815217937278425e-06 1.726979540301365e-07 0.0 3.037122548917744e-07 0.0 0.0 0.0 1.3109951154959418e-06 4.504989025813206e-06 1.8158692570000913e-05 3.094978796101805e-05 1.222913219805641e-05 1.1492879948453078e-05 0.0 2.413792014967858e-07 0.0 3.99490911899833e-06 2.35227784686967e-06 3.2644424412947574e-06 7.09104945526814e-07 3.987114228417189e-07 2.1677690549023343e-07 0.0 4.812473789724845e-07 3.075225403300732e-07 1.774027284941236e-07 4.873675605150292e-05 4.22449157964709e-06 2.040657067152853e-05 0.0 9.604698372247207e-08 0.0 2.2357209143221698e-07 4.676084451972676e-08 1.7759225037167435e-07 5.240454771984197e-06 1.788361858084596e-07 2.910798838187459e-06 1.909140247229858e-06 1.3149590330331917e-06 0.0 8.150284233540483e-07 7.538657264422713e-08 1.5578799028165967e-07 0.0 0.0 1.6775300558943898e-07 8.500730890913139e-08 1.3368053960902574e-05 6.982158711021695e-07 0.0 8.212958336163487e-08 8.947391281161516e-05 0.0 0.0 7.016153997874427e-07 6.918846713296022e-07 0.0 3.330160769974646e-06 7.638755321899567e-08 1.1078225372082256e-06 2.0415117509861335e-06 1.6703644814756238e-06 0.0 2.4061184582295302e-06 3.221675180724025e-06 2.0968997159981272e-06 2.4710646568372053e-07 0.0 0.0 0.0 0.0 0.0 0.0 0.0 0.0 0.0 0.0 0.0 0.0 0.0 0.0 0.0 0.0 0.0 0.0 0.0 6.155223896330237e-07 0.0 0.0 0.0 0.0 0.0 0.0 6.427103600676101e-08 0.0 0.0 0.0 0.0 0.0 0.0 0.0 0.0 0.0 0.0 0.0 0.0 0.0 0.0 0.0 0.0 0.0 0.0 0.0 0.0 0.0 0.0 0.0 0.0 0.0 0.0 0.0 6.399703337820746e-08 0.0 0.0 0.0 0.0 0.0 0.0 1.5528233808952395e-07 0.0 0.0 0.0 0.0 0.0 0.0 0.0 0.0 0.0 0.0 0.0 0.0 0.0 0.0 0.0 0.0 0.0 0.0 0.0 0.0 6.295665292960861e-07 0.0 3.2356930273891527e-07 7.84193010308466e-06 2.414227385282202e-06 4.272364136686365e-05 3.4414822842497092e-06 4.4102444637259255e-05 3.174355596366395e-06 7.238099325929655e-07 1.7836095250291557e-07 5.4586001311403365e-08 0.0 0.0 0.0 7.550030176539205e-07 0.0 0.0 0.0 4.4363936586280734e-07 0.0 6.829406013066552e-05 4.3655416448210817e-07
3.390075201992906e-06 0.0015205280473871922 0.0003338779434430847 5.037448905044229e-06 0.0 2.1135974891098776e-06 0.0009919216808280092 9.361343898829533e-07 0.0014570994973456075 6.281131531364511e-05 0.00011302531909500912 5.886135705725204e-05 0.00045768253870110965 0.001022701091870928 8.672507441309993e-06 2.1632152370711736e-07 7.154408709868297e-08 1.1135583730651626e-07 0.0 1.0832809662853863e-07 0.0 0.0 0.0 0.0 0.0 4.787506347119434e-08 0.0 0.0 4.461940652271882e-08 0.0 5.552972882682431e-05 3.563480307892839e-06 2.282189053396479e-06 0.0 6.064981805298898e-08 0.0 1.1301098352583622e-06 1.2980607344624246e-07 0.0 0.0 0.0 9.153550441570618e-08 6.170596921114687e-08 0.0 0.0 4.755709013850446e-08 4.1502690110716006e-05 7.875419167027624e-07 3.510001735083554e-07 0.0 2.4334145596632265e-07 0.0 0.0 7.321937238033642e-08 1.6705908927964268e-07 1.4807837182241187e-06 2.6655533009640907e-06 7.564295369320529e-06 2.980320847248651e-06 1.1401230903943702e-05 1.6281340808099082e-07 8.520627489129078e-08 0.0 3.9556774999979074e-05 1.2762735740906849e-06 1.5603052819263765e-06 1.6729133500687223e-07 3.6706297780851307e-07 1.0215979493746625e-07 0.0 1.0373585895842177e-06 0.0 0.0 1.8518808787260107e-05 1.4547741150399982e-05 5.497057958444136e-05 1.2316172217799793e-05 3.732702446101706e-07 2.417592267408189e-07 6.206915828485861e-07 7.138685984212653e-08 1.787745592089867e-07 2.3749602087553596e-06 0.0 1.9243543216994056e-06 9.922268422040513e-07 3.57044251416983e-07 8.873171770105806e-08 5.015181534854551e-07 0.0 2.0496917923646172e-07 0.0 0.0 0.0 5.9405780832166426e-08 4.699221214152549e-06 0.0 0.0 0.0 8.772846134426866e-06 0.0 0.0 2.9572328396226696e-07 0.0 5.570020208715003e-07 1.8893224843859907e-06 2.349963099738204e-07 7.93842148681965e-07 1.7508795591664816e-07 6.0077534394858e-07 2.1667417995053517e-07 5.079085450379154e-06 5.538208149476896e-06 4.599148217359753e-06 1.8421935669763318e-06 0.0 0.0 0.0 0.0 0.0 0.0 0.0 0.0 0.0 0.0 0.0 0.0 0.0 0.0 0.0 0.0 0.0 0.0 0.0 0.0 0.0 0.0 0.0 0.0 4.867709551249555e-07 0.0 5.650479981322131e-07 0.0 0.0 0.0 0.0 0.0 0.0 0.0 0.0 0.0 0.0 0.0 0.0 0.0 0.0 0.0 0.0 0.0 0.0 0.0 0.0 0.0 5.826613840925464e-07 0.0 0.0 1.5789014691053783e-07 0.0 0.0 0.0 0.0 0.0 0.0 0.0 0.0 1.2077095527539128e-07 1.6178939232451174e-06 1.8295151437156026e-07 0.0 0.0 0.0 2.0034824573809978e-07 0.0 0.0 0.0 0.0 0.0 0.0 0.0 0.0 0.0 0.0 0.0 5.0739189944271674e-08 0.0 0.0 0.0 2.6409222037101115e-06 2.9700575556262273e-07 0.0 9.026135520170511e-05 2.6335477575412653e-06 0.00011777464948499591 1.7899597398774718e-05 6.901552038602651e-05 1.286659360620976e-05 9.59495305959087e-07 5.518621014721092e-06 7.213063070044706e-07 4.75183431365708e-08 0.0 0.0 0.0 0.0 0.0 0.0 5.405599019979988e-06 0.0 2.058846415173724e-05 2.6922809203734516e-06
7.695673236947363e-05 0.00022970764356763465 6.648011216478561e-05 0.0001286160623309175 2.1135974891098776e-06 0.0 0.00010844536383554476 5.495118862387697e-07 1.130003343709282e-06 0.0003843549873595703 1.042910996065269e-06 0.0003079076449247332 0.00018130563546524638 8.204489795201418e-06 4.2164123626278926e-07 1.8257357933543713e-07 0.0 0.0 0.0 0.0 0.0 1.011294613003829e-06 0.0 0.0 0.0 0.0 0.0 0.0 0.0 0.0 4.2218428972647905e-05 0.0 3.5729398218777206e-06 0.0 0.0 0.0 1.9661260158791283e-05 3.3122562453160424e-06 7.880338018768174e-06 0.0 0.0 0.0 0.0 0.0 0.0 0.0 1.2714867035302845e-07 6.971246880594408e-08 0.0 0.0 7.800567949338719e-08 4.722954136344631e-06 5.114257098973307e-07 0.0 7.085589614098771e-08 6.09493066774668e-08 4.698863207703911e-05 3.4261100228455384e-07 1.4224110998982453e-06 6.457507219662193e-08 7.317178107258566e-08 2.228538174752533e-06 1.0536975085317038e-07 2.391107697374594e-07 0.0 7.161921098853764e-08 2.0172990588285582e-07 0.0 0.0 0.0 0.00018310700199351257 0.00023218581245583236 1.984640651142802e-05 1.826834719254226e-06 2.300753353090636e-07 3.4212471087038033e-07 1.0903296926292713e-07 1.365343727351085e-07 0.0 2.429825690857612e-07 0.0 2.6093563745989385e-07 1.3659259320447425e-07 2.69901588288162e-06 1.2001619392212318e-07 1.2896589929100099e-06 1.1813916540814825e-07 9.417435660473236e-06 1.899613381293402e-06 1.376021920154426e-05 1.1596198994508252e-06 8.595230971741355e-06 0.0 8.268314311906601e-08 0.0 9.91245676872972e-05 0.00014423369530276077 2.442300701627807e-05 2.6091983047159586e-05 0.00030328187506332266 0.0 0.0 0.0 0.0 0.0 1.5021665233317536e-06 6.814802634096774e-08 5.914195806140588e-07 1.5403914276809605e-06 6.781831149254039e-08 0.0 3.787986009772529e-07 1.8179633316128898e-06 1.6296664503976859e-06 1.3400013923252387e-07 0.0 0.0 0.0 0.0 0.0 0.0 0.0 0.0 0.0 0.0 0.0 0.0 9.35780046932631e-08 0.0 0.0 0.0 7.423798340443208e-08 1.0493865183325139e-07 0.0 0.0 0.0 0.0 0.0 1.209433556238016e-07 8.444471872650054e-07 0.0 5.141403483358345e-07 3.024038647133355e-07 1.0024665490109628e-07 0.0 0.0 0.0 0.0 0.0 0.0 0.0 0.0 0.0 0.0 8.065887672477201e-08 5.6602306739918734e-08 2.2602537027366428e-07 0.0 0.0 0.0 0.0 0.0 0.0 0.0 0.0 0.0 2.699126042291189e-07 0.0 0.0 0.0 0.0 0.0 0.0 2.3489481674800297e-07 0.0 0.0 1.6879495423924198e-07 5.633944800939767e-07 0.0 0.0 5.3301875720440584e-08 0.0 0.0 0.0 0.0 0.0 0.0 0.0 0.0 0.0 0.0 0.0 0.0 0.0 1.345941363339376e-07 1.6151444383143972e-07 0.0 9.76735566179062e-07 6.816536706930287e-07 4.833380848971604e-07 1.5540469922408518e-06 6.118525661662714e-08 1.3060630500062578e-06 1.9630448952897894e-07 0.00017355918894579144 1.5499852057165424e-06 3.1192235891271896e-07 6.882060071921774e-08 0.0 0.0 6.041559480731944e-08 0.0 1.0888292868643668e-07 0.0 0.0 0.0 2.1604482380157403e-07 0.0 9.775829670009556e-06 2.891466879648444e-06
0.0002128636700747988 0.001144116333145096 7.250565769028508e-05 0.0002756622053701734 0.0009919216808280092 0.00010844536383554476 0.0 5.343174342775661e-07 0.0007776192041388047 0.0005999373509162048 2.2316738719427e-05 0.00038118062129762376 0.0025082447083617523 0.0007562851940514866 1.0938155788904933e-05 1.0002160639585083e-06 5.356307864278257e-07 0.0 0.0 0.0 0.0 0.0 0.0 0.0 4.705403707446544e-08 4.770129267342392e-08 0.0 1.5913468941640297e-07 0.0 0.0 7.122127046345423e-05 2.3080481750611186e-06 4.752221965433626e-07 0.0 0.0 0.0 1.514446781978935e-06 1.1299478205169063e-07 0.0 0.0 0.0 4.806657013747347e-08 4.007386227973752e-08 1.0864843280495276e-07 5.526409383853553e-08 0.0 7.861908341549936e-05 2.353927344438431e-06 1.066938844775868e-06 9.511836796311716e-08 2.0886148443314588e-07 0.0 0.0 0.0 1.7614219753356239e-06 5.7153105205470784e-06 1.418095806415361e-05 3.762651348899585e-05 1.378472866323846e-05 3.460152906822256e-05 4.8008346032963525e-08 1.3473984745369637e-07 4.343583629037213e-08 7.137150957697985e-05 4.766000928598231e-06 5.616686783040415e-06 1.5359865017207262e-06 8.995467762883138e-07 1.2484383989491593e-07 5.354914913375641e-08 1.6264532446630752e-06 0.0 0.0 7.605404450144117e-05 3.553891688490378e-05 0.00012155933817906752 1.945343001565719e-05 8.596440675025294e-07 0.0 1.869493514392583e-07 6.914481922962803e-08 1.917146801351818e-07 9.442556509798658e-06 1.7367829062104336e-07 6.385952717875404e-06 3.7998581762273777e-06 2.3347224887160606e-06 8.209245399886627e-08 1.8488581639983918e-06 1.71974731187871e-07 7.868139499973272e-07 6.901841799581273e-08 2.3678074409495788e-07 2.853095555326361e-07 3.5613716661667233e-07 3.8039121384673295e-05 0.0 0.0 4.718866827472955e-08 9.479485405997571e-05 5.5090849409644e-07 8.158796505287173e-07 3.606249800442105e-05 5.2086130172531905e-06 5.829747262515369e-07 3.134676735761244e-05 1.4516797614352608e-06 1.3027090558641514e-05 9.441293893355874e-06 1.0245080535149844e-05 4.912257370877717e-07 5.033403899436051e-05 2.796251538761311e-05 3.1765560814645575e-05 8.146827335009586e-06 0.0 0.0 0.0 0.0 0.0 0.0 0.0 5.996985342659837e-08 0.0 0.0 0.0 0.0 0.0 0.0 0.0 0.0 0.0 0.0 0.0 1.2458040172241076e-06 0.0 0.0 0.0 0.0 3.128388361985907e-06 0.0 1.2778915876756066e-06 0.0 0.0 0.0 0.0 0.0 0.0 0.0 0.0 0.0 1.4352537298923772e-07 2.7073957772174455e-07 0.0 0.0 6.85871953809912e-08 0.0 0.0 1.153730751387625e-07 5.942628668054879e-08 5.8276421505142634e-08 2.046845183651397e-07 6.302314153443715e-07 1.1899278087255095e-07 0.0 0.0 1.5853074147128037e-06 2.7643310050029685e-07 0.0 5.3644738885407415e-08 5.769930601335276e-08 0.0 0.0 0.0 6.371337580668225e-08 0.0 6.252034387562898e-06 2.8189651865154814e-07 6.050772390170043e-08 7.951327557350205e-08 1.5305283145419655e-07 1.3523721369816268e-06 0.0 4.987655496010183e-07 2.885633803684393e-07 5.701585746476932e-07 6.694224174246884e-08 0.0 0.0 5.270522132862317e-08 0.0 0.0 0.0 1.1860073784182186e-07 0.0 0.0 0.0 1.6403507146188555e-05 4.0726813422614724e-07 4.1812100261464795e-07 0.00012427688785551322 6.220950356827678e-06 0.00022479442251276154 3.0288334568486693e-05 0.00013896716110483337 2.2774538771310784e-05 2.402722637391332e-06 9.82387852245424e-06 1.7539498383017845e-06 0.0 2.3230377830120062e-06 2.025025448752561e-07 2.3558808163996022e-06 0.0 0.0 0.0 5.40007759946802e-06 0.0 0.0001796330302190939 1.0577567664497139e-05
3.1907115572333636e-05 4.0079954414252356e-05 0.0007194951140016836 1.1763864240446625e-06 9.361343898829533e-07 5.495118862387697e-07 5.343174342775661e-07 0.0 9.147724185137072e-06 0.0 0.0006795169549010011 6.793112295790567e-06 4.837146479571631e-05 0.00025981298684963716 5.996698507972289e-06 1.6264906612022347e-06 6.713187249258811e-06 5.527912145191895e-06 9.884629412056321e-07 5.585071879482664e-06 7.0101226538759014e-06 1.0847153214803374e-07 1.5888461330691573e-07 3.928003803050555e-07 4.5172199991754444e-07 1.24193552585702e-06 0.0 1.4052653170757987e-07 3.9220199558460314e-08 4.378430121253753e-08 0.0011269341525144737 0.0006952269362754745 0.0001045086420406675 5.806836330033225e-07 2.50336527581946e-07 1.9025131794364276e-06 3.6657479939098986e-05 1.3235030181413215e-05 5.830013936693234e-07 7.277104750263871e-07 1.8200216745758604e-05 6.025332389725213e-06 4.71973870226663e-05 1.0727599901966834e-06 4.904207925689447e-07 2.393124188195463e-06 1.9001285259375644e-05 5.501297237063326e-06 1.1336863863778857e-05 3.8606128296577534e-05 2.6306501706564516e-05 1.852733609396317e-07 0.0 3.7989457514002505e-07 3.999977077083313e-07 3.2836248936234783e-06 3.851897228301816e-06 2.5600229018201652e-05 1.9333174022178205e-06 6.492245511811881e-06 3.7621994986590506e-05 0.00011093454640727493 1.8121042607327275e-06 0.00034164069154128603 2.7218781335127534e-06 1.394546472454968e-05 9.299110986386724e-06 3.0661282473956e-05 8.896377183801303e-05 0.00013533023803040907 1.0696673258434516e-05 1.147657127027012e-06 1.8406178919158046e-07 2.0583744564060677e-05 1.7345807874784713e-05 3.676643088860353e-05 2.0903263054775597e-05 6.239618290847583e-06 0.00022097376981771642 0.0010440410225394006 5.0621655928587326e-05 0.0015615508577546944 1.6900759090816107e-06 4.035288504241903e-08 6.080703883898875e-06 3.6957426228230444e-06 2.1310436704333924e-05 5.7721654879840023e-08 2.481357963845215e-06 0.0 4.420043227178933e-06 4.5519041095009647e-07 6.538457700747204e-05 2.1479711944729137e-06 6.3127128759981275e-06 7.270732742362609e-07 1.8198257395769275e-07 0.0 0.0 6.697123350780251e-06 0.0 0.0 0.0 0.0 0.0 3.038935177217228e-07 0.0 0.0 0.0 0.0 0.0 0.0 2.73498303188999e-07 5.070746640442977e-07 6.730432173368782e-07 0.0 0.0 0.0 0.0 0.0 0.0 0.0 0.0 0.0 0.0 1.2870079694948514e-07 0.0 0.0 0.0 0.0 1.6910226932916333e-07 0.0 1.9763944534116688e-07 0.0 0.0 0.0 0.0 0.0 0.0 4.5044309075849597e-07 4.033720230334949e-07 9.004321665480919e-07 2.7827725277020686e-07 4.388199207753099e-07 5.024135476620464e-07 5.8310170183813414e-08 9.644659875855138e-08 0.0 0.0 0.0 0.0 0.0 0.0 0.0 6.537846087373526e-08 6.243035893469775e-07 1.6789497978096929e-07 4.6563860781694793e-07 0.0 0.0 0.0 0.0 5.374051039426791e-08 0.0 0.0 0.0 3.957883052487073e-07 0.0 0.0 0.0 0.0 1.44760980310681e-07 5.757610370642565e-08 1.1798611856741169e-07 1.335662629624428e-07 3.1770332144964556e-07 2.0612170533741583e-07 1.4278216775935335e-07 3.957925365565458e-07 4.1910815510091326e-07 5.324446516120065e-07 1.151501935429694e-07 0.0 0.0 0.0 0.0 0.0 0.0 0.0 0.0 0.0 4.439997831390733e-08 0.0 8.285335511067324e-08 2.853519922059238e-07 1.5328293244635333e-07 1.7125084311421852e-07 0.0 3.502442670846671e-07 6.351716817193509e-07 2.6486500378769012e-05 7.3438799098738805e-06 4.9448591535588916e-05 1.0295736676589924e-05 5.467813513147177e-06 2.7630625977754883e-06 3.396057413382544e-07 1.1409741797970747e-06 1.3197933458604315e-06 0.0 2.1527972409822624e-07 5.117034930758429e-07 0.0 0.0 0.0 6.21327860312087e-08 1.5951498002596207e-06 0.0 1.7447814012177222e-06 4.254008586964958e-07
7.046150153548131e-07 0.0011823161855673112 0.0008297205424314398 2.1216253706228073e-06 0.0014570994973456075 1.130003343709282e-06 0.0007776192041388047 9.147724185137072e-06 0.0 7.0496763815490444e-06 0.00032197200232918986 1.0250842031489627e-05 0.0003956326155054677 0.001557374105295031 3.96827407944123e-06 6.987229410005394e-07 0.0 0.0 4.548114289924462e-08 0.0 0.0 0.0 0.0 0.0 0.0 0.0 0.0 0.0 0.0 0.0 1.1326907341974725e-05 6.994848672230082e-07 2.4839407265227517e-06 0.0 0.0 0.0 2.616829053269263e-06 7.994397472756004e-08 1.2118784815181122e-07 0.0 0.0 0.0 0.0 0.0 0.0 0.0 1.347443598308837e-05 5.869164221523463e-08 0.0 0.0 1.718224404571262e-07 0.0 0.0 0.0 0.0 4.05256888918346e-07 7.192802266732252e-07 1.187655509172764e-06 1.6500340106247465e-06 3.902654575791323e-06 0.0 0.0 0.0 1.1960928918599151e-05 4.84169256981327e-07 3.1999373129075177e-07 1.5327423718144805e-07 7.685487281563548e-08 0.0 0.0 3.153775852772896e-07 0.0 0.0 6.194797442809512e-06 4.2115254783453605e-06 1.739241313513306e-05 5.779478158512464e-06 7.216507151057188e-08 0.0 3.722327279281655e-06 0.0 0.0 6.205224359542267e-07 0.0 4.799787100146226e-07 2.782987909995395e-07 1.7204554379671497e-07 0.0 4.607740469548939e-08 0.0 0.0 0.0 6.765405386711825e-08 5.6714690857732895e-08 5.656974311825422e-08 1.1220832747568318e-05 0.0 0.0 0.0 6.293203006232107e-06 5.917721387085833e-08 0.0 8.749360503823824e-07 0.0 0.0 4.063759426115878e-06 3.162986072204292e-07 9.487049838615393e-07 0.0 7.217544112289161e-07 7.13708215859551e-08 6.275618330640593e-06 5.118208856953236e-06 5.410531332659476e-06 2.790818112367209e-06 0.0 0.0 0.0 0.0 0.0 0.0 0.0 0.0 0.0 0.0 0.0 0.0 0.0 0.0 0.0 0.0 6.049938124578168e-08 0.0 0.0 0.0 0.0 0.0 0.0 0.0 1.1947729760933038e-06 0.0 3.8288098786369327e-07 0.0 0.0 0.0 0.0 0.0 0.0 0.0 0.0 0.0 0.0 0.0 0.0 0.0 0.0 0.0 0.0 0.0 0.0 0.0 0.0 0.0 0.0 0.0 0.0 5.148651161143816e-07 0.0 0.0 5.2729514997252725e-08 0.0 0.0 0.0 0.0 0.0 0.0 2.109378602559059e-06 0.0 0.0 7.828198680335792e-08 0.0 3.3468376337370085e-07 0.0 0.0 0.0 0.0 0.0 0.0 0.0 0.0 0.0 0.0 0.0 0.0 0.0 0.0 0.0 2.782907740525403e-06 6.56487556552138e-07 1.441899136988252e-07 3.437575885598996e-05 1.7250845032830674e-06 4.8188692784764905e-05 6.7208679708663385e-06 2.5831923639396104e-05 7.3903580019729825e-06 5.515230224922454e-07 2.9456137191901124e-06 2.605520352339766e-07 0.0 0.0 0.0 6.187108473059813e-07 0.0 0.0 0.0 1.8388562283378807e-06 0.0 2.0307403120086015e-05 6.241648940555078e-07
0.00040724831295902434 0.00027012936504182584 2.0730762569048217e-06 0.00103712331383344 6.281131531364511e-05 0.0003843549873595703 0.0005999373509162048 0.0 7.0496763815490444e-06 0.0 2.111897644794068e-06 0.001682842192387302 0.0012181727587894258 7.325809500135797e-05 1.9136583534044845e-06 1.597220669202445e-07 1.0674782311060976e-07 4.8185221243873205e-08 0.0 0.0 0.0 0.0 0.0 0.0 0.0 0.0 0.0 0.0 0.0 0.0 3.502552317700909e-05 0.0 7.381602480917599e-06 0.0 0.0 0.0 1.2007005301819122e-05 1.2509155679582303e-07 1.1482209996885134e-07 0.0 0.0 0.0 0.0 8.272179560725065e-08 0.0 0.0 1.0334775576966993e-05 9.76525625696589e-07 2.5558813678661053e-07 0.0 4.693185551602724e-07 2.3134266289871903e-07 7.307099161068362e-07 0.0 1.1495238062854742e-06 2.5794229687842607e-06 1.5226707137248686e-05 1.7914491900448137e-05 7.4643899235937955e-06 8.301013346327352e-06 4.86939233219853e-08 0.0 0.0 5.2714718506337e-06 1.7609722389314369e-06 2.378511308412827e-06 6.240469118156389e-07 4.4825156047453375e-07 0.0 0.0 4.105152874454649e-05 4.10821372075429e-06 8.778602912349491e-07 3.4331241746059925e-05 3.3182322769605553e-06 2.0352382416789093e-05 1.7838392915880468e-06 0.0 0.0 8.269571344767903e-08 0.0 1.54625642021101e-07 4.382556547912069e-06 2.677193508868101e-07 1.4717504467065164e-06 1.102897734736635e-06 8.182572238572397e-07 2.8323228873603486e-07 4.666810944680912e-07 3.710360922605669e-07 1.2090075900416947e-07 1.2393935785784618e-07 0.0 3.0684193591830494e-07 2.149783561042016e-07 0.00019501552657166782 1.2298578516145253e-05 1.4269367235510586e-06 2.149437517125882e-06 0.0001408948732782899 5.783713795807716e-07 1.8842547007879296e-06 1.3709619931935051e-05 2.7849319952872357e-05 1.7585712516391793e-06 3.7180767099046095e-05 4.819205313386608e-06 8.9502102758654e-06 2.6455898160950324e-05 4.102167763112601e-05 4.774218477394479e-07 5.890687856115725e-05 0.00010836552988209131 6.055358907577261e-05 8.654733494665881e-06 0.0 0.0 0.0 0.0 0.0 0.0 0.0 0.0 0.0 0.0 0.0 0.0 0.0 0.0 0.0 0.0 0.0 0.0 0.0 3.938337536497115e-07 0.0 0.0 0.0 0.0 1.948297682388714e-06 0.0 3.225334396840027e-06 0.0 0.0 0.0 0.0 0.0 0.0 0.0 0.0 0.0 0.0 4.038312798803187e-07 0.0 0.0 0.0 0.0 0.0 2.388007246542505e-07 5.227551093378514e-08 7.175744825183938e-08 2.076745698681433e-07 1.7289033313102152e-07 0.0 0.0 0.0 2.6792053176232517e-06 0.0 0.0 2.273922571924274e-07 0.0 0.0 0.0 0.0 0.0 0.0 9.003208071774249e-06 2.802455452142452e-07 2.2655653754287779e-07 0.0 5.435739799865338e-08 2.339593305661268e-06 0.0 2.8158739325981956e-07 2.43630097320534e-07 0.0 0.0 0.0 0.0 0.0 4.715220050820375e-08 0.0 0.0 0.0 0.0 0.0 0.0 1.8978664033344963e-05 7.991331628496615e-07 6.643809413651387e-07 1.6305324929660212e-05 1.5159177212650264e-06 3.9437458313218515e-05 3.8649088307033864e-06 0.00010085476218183752 3.6620962661909304e-06 3.438678897400922e-07 8.565980056978284e-07 9.86679263194486e-07 0.0 1.8660239473841779e-06 2.3854695160312084e-07 9.19652425830458e-06 1.7143043377783896e-07 0.0 0.0 1.478601035881118e-06 2.5865403193801865e-07 0.00044652448315975906 1.4606365407947346e-05
2.911229741636621e-05 0.000147453080157252 0.0006524564681334811 1.2023509830665673e-06 0.00011302531909500912 1.042910996065269e-06 2.2316738719427e-05 0.0006795169549010011 0.00032197200232918986 2.111897644794068e-06 0.0 4.177666214953114e-05 0.0004608918706624891 0.002576280646892779 1.2391353470229817e-05 3.7241687960720263e-06 6.117767188827229e-07 2.9939017386765675e-07 0.0 2.9271646717425367e-07 8.101321531292148e-07 0.0 0.0 1.3107036205535404e-07 4.962407747436192e-07 1.3486119147491292e-06 0.0 2.848191745812475e-07 0.0 6.737752117820769e-08 0.000498238872236531 8.51263341736524e-05 0.0005668358205203594 8.727044062822702e-08 1.7583419285678795e-07 2.16194942897179e-06 0.00017844495967823853 3.248448606221824e-05 1.8557486779616445e-06 5.605000474237773e-08 6.4717376859110615e-06 2.2300908647963392e-06 2.1693502372063107e-06 3.5427697245544675e-07 4.897411660109637e-08 5.260617709944732e-07 2.9379443265094553e-05 7.973059539868266e-07 1.796061602401677e-06 4.815880228819226e-06 9.908566585730216e-06 0.0 0.0 5.20021858961089e-07 2.6053287075380077e-07 1.7009772448476122e-06 2.6386155920313456e-06 1.4809720859433889e-05 2.437110970574593e-06 7.4783379536795855e-06 1.404891522468909e-06 4.1788663000090355e-05 1.5334233433758123e-06 7.561278208366207e-05 9.161440667443319e-07 2.49642868276844e-06 2.2164933353134597e-06 6.627589531135581e-06 9.944741697702616e-06 1.0654189350083198e-05 3.346663522326227e-05 1.0754290475621742e-06 0.0 1.7557420723518126e-05 1.6718060477061074e-05 5.7804835390657655e-05 2.3959592873151454e-05 1.1860497569291994e-06 3.6822812367604124e-06 0.0002496807059183771 3.177416358694205e-07 6.070155405399766e-05 1.892448653863233e-06 7.629320668665806e-08 1.2740399924587194e-06 3.1790024084562533e-06 2.72189693447851e-06 0.0 2.3550879441946334e-06 0.0 3.6602843903662937e-06 5.71197895088246e-07 1.4099869618804626e-05 2.4710059092719313e-06 8.941973562588978e-07 2.7908504687856545e-06 8.113862851454563e-08 0.0 0.0 4.8861960697634545e-06 0.0 0.0 0.0 0.0 0.0 1.3413603546296653e-07 0.0 0.0 0.0 1.1865702441447787e-07 6.906456978646378e-08 1.9498107166445386e-06 1.4380166903026144e-06 2.0501392895199827e-06 1.4532161623979463e-06 6.032120101810737e-08 0.0 0.0 0.0 1.0554508476294303e-07 0.0 6.979439041543626e-08 2.1018386264643233e-07 0.0 8.068128375356634e-08 1.9898546289712847e-07 0.0 0.0 0.0 0.0 5.793671001018958e-08 0.0 1.2963788622994967e-07 0.0 0.0 0.0 0.0 0.0 0.0 1.474925537954283e-06 7.136244984888286e-07 1.647105872897607e-06 3.906277927574735e-07 6.244749500441492e-08 0.0 0.0 0.0 0.0 0.0 0.0 1.36178622983984e-07 0.0 0.0 0.0 3.6371685302655194e-07 5.665101403693621e-07 2.441432197339826e-07 5.211890819500077e-07 0.0 0.0 0.0 0.0 0.0 0.0 0.0 0.0 9.102398619138922e-07 0.0 0.0 0.0 0.0 2.2496181432678898e-07 0.0 0.0 8.708722209070378e-08 9.55498377677437e-08 1.8298221825345657e-06 5.314510140285038e-07 0.0 2.7250845342574385e-07 5.991690682442518e-07 4.696603604982796e-07 0.0 1.290468045141773e-07 0.0 0.0 0.0 0.0 0.0 1.6149887087372472e-07 0.0 7.014681764477007e-08 0.0 1.4884822738490494e-07 8.14096794060159e-08 2.9876237356040943e-07 3.200070068373379e-07 9.46306028614885e-07 4.327825060859847e-07 1.1734135958548368e-06 4.595618369118741e-05 2.515410187961417e-06 6.872854622163071e-05 1.2495553326263084e-05 1.8665506852301945e-05 5.813324004587503e-06 3.838279974526555e-07 2.3780588601910737e-06 2.451663994072977e-06 2.0485068444126222e-07 1.6238295248159365e-07 0.0 9.507910840585254e-08 0.0 0.0 0.0 4.05414922449884e-06 0.0 3.310283139941095e-06 8.873686542874717e-07
0.00019376845618289696 8.593784331940125e-05 2.5584386376409438e-05 0.0009512968206514389 5.886135705725204e-05 0.0003079076449247332 0.00038118062129762376 6.793112295790567e-06 1.0250842031489627e-05 0.001682842192387302 4.177666214953114e-05 0.0 0.0012218837797560677 9.235196410438264e-05 1.7122239702037936e-05 4.689802192038813e-06 8.191877844187366e-07 1.0343606498183194e-07 6.59207807653273e-08 9.817719639421766e-08 0.0 9.763406659249982e-07 0.0 0.0 0.0 0.0 0.0 0.0 4.841679446942739e-08 0.0 7.219039534271378e-06 0.0 3.672357699164129e-05 0.0 5.7184816785688287e-08 0.0 7.525663526937271e-05 2.923936089347997e-06 9.787743113526693e-07 0.0 2.7860784732352847e-07 2.5470910075887895e-07 0.0 3.8968445466414434e-07 0.0 3.1860088217217536e-07 2.7085336831319773e-05 1.0380714559006827e-06 2.045221684633891e-06 1.5936612559702115e-06 1.310952278956793e-06 2.213754755815313e-06 0.0 4.769057626834835e-08 2.8980713404801497e-07 1.4827709424991045e-06 7.080886635396015e-06 5.76719631857756e-06 3.4594874442401015e-06 4.9600780671323865e-06 1.805432168043345e-07 3.199473068642864e-07 7.045147907943188e-08 8.671761706019755e-06 6.358018121540247e-07 1.3388295781492065e-06 1.5560938401508613e-06 5.065492584786273e-07 4.5905391126420977e-07 1.8386227793779235e-07 7.571039330628143e-05 3.3157888711707314e-06 7.127262907106327e-08 1.3853291172355249e-05 5.5981510882959e-06 3.136873270184699e-05 1.3522995507859322e-05 4.379289233056173e-06 0.0 1.41899476957652e-06 0.0 1.0151122777848362e-06 1.1952085717865875e-06 1.0967402694103966e-07 6.074946171744194e-07 1.3027892318774032e-06 4.481464539153903e-07 5.987268602236848e-08 2.8844945494948804e-07 6.069051930843986e-07 1.6584064965367103e-06 7.091923198525932e-07 1.32759051567698e-06 1.4848542545404956e-06 1.3365799655313578e-06 0.0007541412165282061 2.806107456859408e-05 2.3959396037363794e-07 1.4776938856482114e-06 4.892949568235366e-05 4.851570565232583e-07 7.512029033490688e-07 1.2236505422816812e-05 9.349670978262947e-07 5.958059408023653e-06 7.001767322209376e-05 1.4940631980362805e-06 2.965576599171177e-05 1.7528754779793437e-05 2.583928103310356e-05 2.7431016902236616e-06 0.00014209979248345722 0.000133449998793503 0.00016030493351913206 5.1319553553721e-05 2.089392038159531e-07 0.0 5.426154651662065e-08 8.340499551197143e-08 0.0 0.0 0.0 0.0 0.0 0.0 4.8033857474897144e-08 0.0 0.0 0.0 0.0 0.0 0.0 0.0 0.0 2.9593380970295426e-06 0.0 0.0 3.1359019214878054e-07 0.0 2.7298614517930437e-05 2.2365858459904396e-06 1.714515838828264e-05 1.4686456845934162e-06 0.0 0.0 1.3765184514062715e-07 0.0 0.0 0.0 0.0 0.0 1.4873100852531653e-07 2.2158246796206476e-07 0.0 1.817164523217457e-07 3.639132780429217e-07 3.814791017766576e-07 3.083084294230503e-07 1.5202576508471225e-07 0.0 0.0 4.702004774924918e-07 9.709694786521653e-08 0.0 1.523297431122661e-07 5.893795376939749e-07 1.703996732294219e-05 2.877735907657451e-07 0.0 1.8274300977104326e-07 0.0 0.0 0.0 7.703909465295551e-08 0.0 1.0428705223698446e-07 6.0500180672151644e-05 2.0135776890171752e-06 1.4655153601463637e-07 4.966536835020055e-07 1.8937732967713504e-07 1.0240952098256789e-05 0.0 5.374083337682927e-06 3.1103399510499284e-07 0.0 2.419816066867137e-07 0.0 0.0 0.0 0.0 1.1845203136324952e-07 4.8003987495078314e-08 1.3842232485737787e-07 3.164553328270872e-07 1.1026179704045385e-07 0.0 7.094221985920339e-05 9.596424380567101e-06 1.2740281509765165e-05 0.00011797870563233612 2.9487420661187245e-06 8.13109882693008e-05 2.0953757359596286e-05 6.123142384937077e-05 8.930558686367945e-06 1.6081760014002627e-06 4.53066548148224e-06 8.459541893625597e-06 6.141858925196988e-08 4.184075984732229e-06 1.433554249090987e-06 1.1392787492733428e-05 0.0 0.0 4.0795516193770124e-07 7.642203946842283e-06 0.0 0.0004514587463231207 6.770897579937469e-05
