0.0 0.0014954907159603636 0.00020537836053911596 0.0006198560435529995 3.485746144924436e-05 2.477953885394469e-05 0.00013482631064051396 1.8321792092402234e-05 8.57581246630239e-06 0.0003175011863081059 3.354317742443897e-05 7.458926285024634e-05 3.4104774062630193e-05 6.2404647036914095e-06 5.966802055214117e-07 4.751482515570107e-07 5.3149446098699136e-08 0.0 0.0 3.5690671655329456e-08 0.0 0.0 0.0 0.0 0.0 0.0 0.0 6.841432796809548e-08 0.0 0.0 0.00030979056938550733 2.5375390929761498e-06 8.87653933731902e-08 0.0 0.0 2.9176584774400017e-07 7.70337903604345e-07 4.4074885365348655e-07 3.377559941553647e-07 0.0 8.573322201562742e-08 4.149829151159335e-08 0.0 4.68163999658042e-08 0.0 1.0212216500891199e-07 8.634239269682518e-06 7.515152900900286e-07 4.83120710461843e-07 0.0 1.1320749950854298e-07 1.495125150462373e-07 0.0 4.912709926660786e-08 2.7126152975722046e-06 2.355844229653821e-06 0.00014783167503527522 0.0003959118445213597 2.2006568118271484e-05 3.333656017542925e-06 7.787138747613082e-08 1.0319696974594115e-07 0.0 3.920963700500302e-06 1.5715547076030195e-06 6.204301551908301e-07 3.902122236143857e-07 1.96347593129235e-07 0.0 0.0 2.5477975812961303e-06 2.928211047831247e-06 3.007876285018017e-07 5.043331412143443e-05 6.9727623345148625e-06 7.20004077655187e-06 6.971259201717258e-07 1.745402629444539e-07 6.156067309526973e-07 7.495123657786746e-07 2.4763340864323944e-07 7.188281234089547e-07 4.2630432142154385e-06 2.0359257034074946e-07 4.2775600750142395e-07 2.2676516576840373e-06 1.0313320148646034e-07 1.4006050625356554e-07 2.546745942546609e-07 3.972122441087846e-07 5.501818457666715e-07 7.518650938211798e-08 0.0 0.0 1.4315782171406312e-07 1.2964838309374895e-05 6.136898647559852e-06 3.4698908898201415e-07 1.3795528947041594e-06 0.000673702987418877 0.0 0.0 8.557584875301759e-08 1.5094087104992075e-06 0.0 7.93336172221339e-07 0.0 0.0 8.561722530918562e-08 7.741667359700221e-07 0.0 0.0 9.457327410366743e-07 0.0 3.8365080235821015e-07 0.0 0.0 0.0 0.0 0.0 0.0 0.0 0.0 0.0 0.0 0.0 0.0 3.322528526246899e-07 0.0 0.0 0.0 0.0 0.0 0.0 0.0 0.0 0.0 0.0 0.0 1.3555536940183596e-07 0.0 2.3889827087239955e-07 5.101165934869343e-07 2.937362402071046e-07 0.0 0.0 0.0 0.0 0.0 0.0 0.0 0.0 0.0 0.0 0.0 0.0 1.6640234546320742e-07 0.0 0.0 0.0 0.0 0.0 0.0 0.0 0.0 0.0 1.6350643918989556e-07 0.0 0.0 0.0 0.0 4.5757700340028574e-08 0.0 0.0 0.0 0.0 2.9051348177298766e-07 0.0 0.0 0.0 0.0 4.705121653798297e-08 0.0 3.036123184972812e-07 0.0 4.997496547533959e-07 0.0 0.0 0.0 0.0 0.0 0.0 0.0 7.842948556776978e-08 0.0 0.0 0.0 9.78464536267535e-07 1.6515624821615733e-07 4.9298254787886606e-08 5.067655112952904e-05 2.1206856204099934e-06 3.061578346680652e-05 1.5381175484046696e-06 0.0005523490935657218 3.889769151241864e-06 7.696880885718061e-07 1.656563285974705e-07 4.13352867609135e-06 0.0 0.0 0.0 4.013024444428893e-06 0.0 0.0 0.0 5.310840308033811e-08 0.0 7.454171964459691e-05 6.038248384792857e-07
0.0014954907159603636 0.0 0.0006885137880350684 0.0004968807107710871 0.0008715419827823305 1.287197498414211e-05 0.0011654791135997811 0.0001442975758930245 0.00015585307888901738 0.00027318700505610466 0.00038909895046710806 3.651801672117667e-05 0.0003932304914990888 0.00028857525521951025 4.62525956974506e-06 2.3109634806149002e-06 3.1668873969413285e-07 7.170305541561641e-08 1.6668327363720756e-07 0.0 3.789546376835386e-08 0.0 0.0 4.541474604598611e-08 1.6552157336739965e-07 1.1847865358236645e-07 0.0 4.0349328812394483e-07 5.97586823819248e-08 0.0 0.0010274057727228238 8.894511670644727e-06 7.023587471779024e-06 1.3057702280837176e-07 2.40774793288939e-07 1.7251589096090163e-07 2.8260393286338624e-06 4.758424807221742e-07 5.795104207417173e-07 7.366528811451323e-08 2.827356823817729e-07 5.07242632214515e-07 1.2379221758395658e-07 1.6683263127159069e-06 3.502339353617982e-08 9.514135152737197e-07 7.458799992720814e-05 2.2922860394310923e-06 7.752367907713175e-07 2.460245681849354e-07 6.57989490278121e-07 4.147653114770103e-08 2.383194636565636e-07 1.5848006910825183e-07 6.445123341269852e-06 6.356345958403705e-06 0.00012195114533448944 0.0003410131911810555 4.8464061878169434e-05 2.51876028846158e-05 8.992919195316625e-07 2.2673062495047e-06 2.4839272830704766e-07 5.3764756147772525e-05 5.006794205750395e-06 3.095355476200878e-06 2.2464381766745857e-06 4.870469864934461e-07 2.0208316584116506e-07 1.835378294530685e-07 8.802961739867593e-06 3.915932369043779e-07 0.0 0.00019573394316929962 7.574702874977484e-05 8.671374808058581e-05 1.6809780708966382e-05 1.646528154820819e-06 2.1342832122984204e-06 1.1835604764559746e-05 2.476148529225091e-06 2.083634239578675e-06 1.750984428719762e-05 4.2321797250546046e-07 2.4531563387390264e-06 1.0246263965782036e-05 9.436993486422519e-07 1.1926857533996933e-07 1.2320519789302746e-06 1.9700557388201376e-07 1.4137018831430262e-06 1.6944563375499905e-07 2.9039868520704794e-07 5.545077775195118e-07 4.055823634640439e-07 3.99369274203446e-06 4.651999054515047e-06 0.0 2.291422593433153e-06 0.00035392529236853357 4.187654125285794e-08 1.2289281501921346e-07 4.459156044376784e-07 7.068182679696954e-06 0.0 7.837049818561055e-06 0.0 9.238553077564917e-06 3.3520460771917704e-06 2.316559965083284e-06 0.0 3.83668115948411e-06 1.769130109982225e-06 4.971690906085306e-07 1.381136088487516e-06 0.0 0.0 0.0 0.0 0.0 0.0 0.0 0.0 0.0 0.0 0.0 0.0 0.0 0.0 0.0 0.0 6.264675647280382e-08 0.0 0.0 2.3772229101522832e-07 2.0350584157687423e-07 0.0 0.0 0.0 4.487094094278306e-07 6.401148597057444e-08 1.4145552872705608e-06 6.321819131189802e-07 0.0 0.0 0.0 0.0 0.0 0.0 0.0 0.0 2.4410433742559475e-07 0.0 0.0 0.0 0.0 1.827443757683305e-07 0.0 0.0 0.0 0.0 0.0 9.80062161517078e-08 6.671401178819831e-08 0.0 0.0 7.695603287016343e-07 1.365397288108545e-07 0.0 4.4807209908503884e-08 3.831815444438855e-08 0.0 0.0 3.3248540590460667e-08 0.0 0.0 5.509781702589628e-07 0.0 0.0 0.0 0.0 4.958120741725474e-07 0.0 1.146978357708203e-07 3.7424316004990514e-07 3.632421272310001e-07 9.098922692137645e-08 0.0 0.0 0.0 6.592357483380423e-08 7.990071190051422e-08 0.0 6.482795674201338e-08 0.0 0.0 0.0 1.2576982637575731e-06 5.5328043581807444e-08 7.026178613837198e-07 0.00020798909059370886 4.9788030667552506e-06 0.00014474610776206445 8.876167204422895e-06 0.00031999264902919156 1.1885222328193572e-05 1.2671039852454713e-06 1.363059256575662e-06 4.663197803781132e-06 0.0 2.805558862471706e-07 5.4925654041759353e-08 3.3200908592282154e-06 0.0 0.0 0.0 2.9442735853661466e-06 6.399980619129628e-08 4.910793735878133e-05 1.8878326061473158e-06
0.00020537836053911596 0.0006885137880350684 0.0 4.252892571473938e-05 0.0003027605449467444 4.7347179047755445e-06 1.3239704957863167e-05 0.001579194460293963 0.00012163934067526605 2.8945804754190312e-06 0.0006533074058602809 3.784832963491265e-06 3.3686883114759254e-05 0.00011607298345004808 2.855862182814792e-06 2.5126167579150344e-06 6.311236929538019e-07 2.2327778111840665e-07 0.0 3.9913635522314796e-08 6.473482226543356e-07 0.0 2.768417402608361e-08 0.0 6.414139507499019e-07 1.6825368577531643e-07 3.530627231074783e-08 1.9678575162107055e-07 0.0 3.055398394401182e-08 0.0017560590658436568 0.0002463266826774598 4.9055413760641326e-05 2.559143721514743e-07 4.7024712789992145e-07 1.2579578544459718e-06 6.08120874523758e-06 1.075820606826913e-06 8.066621392581693e-07 6.033922250534917e-07 7.606418731916238e-07 5.559243751242911e-07 3.359997359423873e-07 9.715200706641192e-07 0.0 2.0685719521468856e-06 3.7055441954899134e-05 9.920800707031705e-07 4.133000650006632e-07 5.752442696847543e-07 2.2033431890544832e-07 7.862437587763782e-08 1.6265559317821997e-07 3.7410714214099335e-08 2.5878095866473893e-06 2.8317617593605925e-06 5.017380364292216e-05 0.00022641533578604043 1.833378190698412e-05 1.1386565748306187e-05 7.668642604141958e-06 1.7758772376443123e-05 1.770123915658421e-06 0.00015016699890228475 3.037836479347021e-06 1.533301071878178e-06 1.329881622549356e-06 2.5455705791387776e-07 2.2865027112524346e-07 9.501207257117022e-07 7.482520190222243e-06 8.519579135595953e-07 0.0 9.24964142819929e-05 0.00010146262450231484 5.7466816111735905e-05 2.0236392227297473e-05 1.8286663226468632e-06 8.137506223769972e-05 0.00014356200160167487 1.4463408988768302e-05 7.121937084757975e-05 8.061136038741388e-06 1.0955971563374213e-07 1.1021054110715536e-06 3.4508820907371176e-06 2.0411408648219637e-07 4.2981694952310364e-08 6.294907811910855e-07 1.9134542836272975e-07 5.622173848082783e-07 2.910413678909455e-08 5.967722768462316e-07 1.981833673510107e-07 1.476481310234607e-07 1.222402617008392e-06 4.191733021666258e-06 0.0 3.1796151103169665e-06 7.904494104826101e-05 1.4408732010985806e-07 0.0 1.7029873412488818e-07 0.0 0.0 1.1043373954498992e-07 0.0 1.598261532470065e-07 0.0 1.2090561105942845e-06 0.0 2.7926007995480904e-07 5.656047679742918e-07 1.1006196996683325e-07 1.0126656012745402e-07 0.0 0.0 5.6156795691783695e-08 0.0 0.0 0.0 0.0 0.0 0.0 0.0 0.0 0.0 7.561517098050166e-08 0.0 0.0 0.0 0.0 0.0 0.0 0.0 9.941390353221372e-08 0.0 0.0 0.0 3.6185686133396824e-07 3.179016261052548e-07 4.40659033708864e-07 3.715024381973445e-07 3.1193156142490456e-07 0.0 0.0 0.0 1.3121673938819974e-07 0.0 0.0 0.0 1.5361283825278556e-07 0.0 1.0147760319683375e-07 0.0 0.0 3.767499229989337e-08 0.0 1.82706185689426e-07 0.0 0.0 0.0 8.125255909609167e-07 3.9390121727645103e-07 0.0 0.0 9.440838790195433e-07 1.2611263415140598e-07 0.0 0.0 0.0 0.0 0.0 0.0 4.5393938647256716e-08 0.0 3.675113099083876e-07 4.833372896632162e-08 0.0 0.0 0.0 0.0 0.0 0.0 3.177717965138698e-07 3.466912992806624e-07 0.0 0.0 0.0 0.0 4.308146147082098e-08 1.1660733078199723e-07 0.0 7.224176662222196e-08 3.968309240328857e-08 0.0 4.611596759303291e-08 3.7180071033731e-07 3.232798339030692e-07 7.00864876010474e-07 6.200736171824544e-05 1.9704619551109183e-06 5.367611635818581e-05 3.837742199830567e-06 8.331327283794465e-05 3.7138144616663928e-06 4.953051652002384e-07 4.0548453563403665e-07 2.268928514859737e-06 0.0 0.0 5.044896915617558e-08 8.155579380214312e-07 2.143642720931949e-07 0.0 0.0 1.2170125715964443e-06 4.715295748119052e-08 1.5548106433329748e-05 1.2630349520544447e-06
0.0006198560435529995 0.0004968807107710871 4.252892571473938e-05 0.0 2.0865402654486116e-05 0.00014571555523475177 0.00027995438739414894 5.541319203164094e-06 3.041993694573797e-06 0.0004153303344686866 1.043174490311439e-05 0.0005462999398407027 0.00048790304515904673 6.860885543647774e-06 8.337778159602735e-07 1.811856136293385e-07 0.0 1.329174695123396e-07 0.0 0.0 0.0 0.0 0.0 0.0 0.0 0.0 0.0 5.004901563332524e-08 0.0 0.0 4.392048770965793e-05 3.2415795854253367e-07 1.5141623002589942e-06 4.052564166201436e-08 4.607108888989109e-08 8.360080462871158e-08 3.5203221070221413e-06 0.0 3.0370227840866196e-07 4.3150998147553655e-08 4.1539674023793694e-08 1.3944149284190228e-07 4.2629133578219084e-08 1.450556905502523e-07 4.185900967187611e-08 3.098568043863784e-07 1.455872280435724e-05 7.218404075747737e-07 1.6853285989781353e-07 1.901086433721312e-07 2.686664218749607e-07 5.5602086582505416e-08 1.7575673488700133e-07 4.066133794518366e-08 2.255340172689423e-06 2.3805441843381344e-06 5.900287417436877e-05 0.00011053688948888308 2.023319511851632e-05 7.72730206503257e-06 1.5772165773936454e-07 4.848930648520256e-07 1.0465561693853489e-07 4.812022343496086e-06 1.917683373273471e-06 8.803047557358529e-07 1.209785420789509e-06 3.1428644257307465e-07 6.518957128515254e-08 4.219924205917199e-08 9.314085590729602e-06 3.6947191363245906e-07 9.502849186312594e-08 6.223325216652263e-05 1.0374798983773325e-05 1.583201683735688e-05 1.2483551163446855e-06 1.0081208806323551e-07 2.2103740469059515e-07 2.2587627589841581e-07 2.4927708891229714e-07 2.2391028196514154e-07 6.163269558162993e-06 1.9951169357955732e-07 8.048034998285154e-07 2.934513703309493e-06 2.8738101976607466e-07 3.893151260341304e-08 5.766743100543632e-07 2.7559566385989895e-07 1.8359130568878968e-07 5.932670327356765e-08 0.0 1.3192519751445257e-07 8.06426607962118e-08 9.270337470566988e-06 1.6339431420222983e-06 1.1051503640743642e-07 2.807993420441546e-07 0.00030007898211132484 0.0 3.600422935650839e-07 4.664817630140954e-07 1.6512504932792937e-06 4.422346811993366e-07 1.943021981385852e-06 3.227267627026647e-07 1.045570648550038e-06 3.595082757119058e-06 3.608428328436099e-06 2.441551006886177e-07 5.63955932759306e-07 3.1702734251100012e-06 4.07769814589119e-07 2.1188623568339975e-06 0.0 0.0 0.0 0.0 0.0 0.0 0.0 0.0 0.0 0.0 0.0 0.0 2.560854204641722e-07 0.0 0.0 0.0 0.0 0.0 0.0 2.222775012351349e-07 5.858823448752439e-07 0.0 0.0 0.0 6.151190420965183e-07 3.119103817741584e-07 7.669375392660027e-07 5.764580346106357e-07 5.938897954696527e-07 0.0 0.0 0.0 0.0 0.0 0.0 0.0 0.0 0.0 0.0 1.293807805294237e-07 0.0 5.698603262278656e-07 0.0 0.0 0.0 0.0 2.1212327028199521e-07 0.0 1.0471145474105042e-07 0.0 0.0 4.3446344386667377e-07 2.2096088754404397e-07 0.0 6.924559352368896e-08 6.34280390056015e-08 0.0 0.0 0.0 0.0 0.0 9.666005696694659e-07 0.0 0.0 0.0 0.0 4.84799558123429e-07 0.0 4.418538227159387e-08 0.0 9.393187017989786e-08 1.7249029193421236e-07 2.411024495141003e-07 7.263879871124471e-08 4.793146748096727e-08 0.0 0.0 0.0 0.0 8.264304485980341e-08 0.0 0.0 3.027490339078164e-06 0.0 7.994855343190792e-07 0.0001096591973020315 1.7046812874522679e-06 3.675106716897499e-05 1.529655861009317e-06 0.0003739889001563092 3.6495554161926015e-06 2.401800268846401e-07 1.7512356100862012e-07 1.3233997149195657e-05 0.0 2.925826520532461e-07 4.647817416577956e-07 9.07348186957749e-06 0.0 0.0 0.0 3.038326083067575e-07 0.0 8.502248341098149e-05 1.7014396454178446e-06
3.485746144924436e-05 0.0008715419827823305 0.0003027605449467444 2.0865402654486116e-05 0.0 1.8742270331756491e-06 0.00042703653678169347 0.00014061107221874326 0.0008107687889562369 8.091823547697005e-05 0.00037333190330134694 2.398796654876755e-05 0.0004015737338775515 0.001728094480091131 6.735921384396524e-06 3.9717745686001575e-06 3.81751468338083e-07 7.356977420304225e-08 1.1118609362906031e-07 3.937272653980223e-08 4.3807132530329286e-08 0.0 0.0 5.5106205203941386e-08 1.4921449008161094e-07 3.567033776116539e-08 0.0 1.2340637390154986e-07 5.610113657023619e-08 0.0 6.64482592538581e-05 2.9608636754811972e-06 5.528919443815231e-06 3.0839846690746264e-08 2.5259196631949214e-07 9.172072000242705e-08 1.914363519601315e-06 5.165742755510762e-07 2.793947786025734e-07 2.984060643290695e-07 1.2112911474391679e-07 2.0576289191702094e-07 3.935365532447905e-08 7.087483875294111e-07 3.610756413395094e-08 9.824465250249763e-07 6.972759686165113e-05 7.489960016051402e-07 1.2637881816752588e-07 2.38491542362844e-07 3.504795561765117e-07 0.0 0.0 9.264020630797895e-08 1.7413429055319478e-06 2.065299017118924e-06 1.874389817344674e-05 3.363975235541033e-05 1.2329149375758736e-05 1.0945917536707954e-05 6.84681362526156e-07 1.6651203979410449e-06 3.294384070047119e-07 2.702841295847654e-05 1.4556731699791922e-06 1.3038605752376859e-06 8.92751186553571e-07 2.7295903856130796e-07 7.216193494371347e-08 8.477129302413142e-08 9.638148285514018e-06 1.4411014154089903e-06 0.0 5.009985542540679e-05 2.9440884492503246e-05 3.849563680263656e-05 1.4034752744857616e-05 9.541887970035173e-07 9.649385507770542e-07 1.6390390201917195e-05 8.908368552441924e-07 1.5441491061401742e-06 5.38196294810488e-06 1.8705239177610753e-07 7.271184468218992e-07 3.3011237672611504e-06 2.4305771961127545e-07 1.7082813903107444e-07 3.299334396486777e-07 0.0 6.243461689788348e-07 0.0 3.549719888114129e-08 1.1636783872448785e-07 1.696699885564985e-07 7.689572625663697e-06 7.713904691124875e-06 0.0 4.091048294419029e-06 5.6202752555886726e-06 1.0271153226995965e-07 1.302946860327402e-07 1.718824609731329e-07 4.400715098398035e-08 4.783033167063819e-07 8.455938156524699e-07 0.0 1.2125399189447062e-06 2.237775342157467e-06 2.9895685734713137e-06 3.6372601613859184e-07 2.472885642023566e-06 2.6128926482172813e-06 8.638069334946874e-08 1.379358448118695e-06 0.0 0.0 0.0 0.0 0.0 0.0 0.0 0.0 0.0 0.0 0.0 0.0 1.5536766404000245e-07 0.0 0.0 6.288477143431065e-08 0.0 0.0 0.0 6.302996878015437e-07 3.6520698951814335e-07 0.0 0.0 0.0 9.31569519653805e-07 7.15269462623001e-07 3.6382219682787524e-06 1.363162459724791e-06 2.9095501137908707e-07 0.0 0.0 0.0 0.0 0.0 0.0 0.0 1.1516843677042141e-07 0.0 0.0 0.0 0.0 4.7061882004965855e-07 0.0 0.0 0.0 9.933589142156319e-08 1.6320793476467158e-07 5.602321082205356e-07 0.0 0.0 6.123579625256647e-08 1.2122378409001212e-06 9.854113038774228e-08 0.0 0.0 0.0 0.0 0.0 0.0 0.0 0.0 1.2028943986636363e-06 1.1456178510373103e-07 0.0 0.0 0.0 2.2378406172931117e-07 9.136702996022089e-08 6.176743347964693e-07 0.0 1.0330439989117141e-06 3.81937323347e-07 0.0 0.0 0.0 0.0 0.0 0.0 1.1726500182109803e-07 0.0 0.0 0.0 2.316276833177345e-06 3.000907340121978e-07 9.81920205343505e-07 0.00022126315620250763 4.585244818662924e-06 9.98479821300334e-05 1.3626102986061175e-05 3.5401616001794626e-05 8.291440377455963e-06 3.6275883094861903e-07 2.415805574967724e-06 6.723412969150989e-06 0.0 5.963081947239482e-07 4.890619896382402e-08 4.517013960312821e-06 0.0 0.0 0.0 3.34019473738211e-06 1.954506652958994e-07 1.9479694087268032e-05 3.982355893226187e-06
2.477953885394469e-05 1.287197498414211e-05 4.7347179047755445e-06 0.00014571555523475177 1.8742270331756491e-06 0.0 2.326475499109222e-05 1.690513545440907e-06 7.946089167567579e-07 0.0002500979195440267 1.6457671436438465e-07 9.088728214487655e-05 2.858697464720256e-05 1.3469111338350828e-06 1.9741349955405527e-07 0.0 7.148166671818661e-08 0.0 0.0 0.0 1.2763238725705657e-07 3.202540110803012e-06 0.0 0.0 0.0 0.0 0.0 0.0 7.22944387935869e-08 0.0 4.127034111297387e-06 4.512707862147434e-08 1.4811232571475399e-06 1.1189459642555515e-07 0.0 8.021544949168547e-08 6.388866412763576e-06 1.4944780335124516e-06 2.2358850732184524e-06 7.2585754287863e-08 6.000587558915711e-08 2.2623571053374476e-07 0.0 0.0 0.0 0.0 2.5816895371624577e-07 0.0 4.648369004726324e-08 4.7613540434516286e-08 9.95430035096458e-08 1.1279162521363775e-05 9.79228692229545e-07 1.1507209645947318e-06 0.0 1.9800647617065756e-07 1.0253959156494697e-05 5.120665790944794e-06 1.0001842770417782e-06 1.1951289773964832e-07 0.0 1.6200893424718004e-06 1.4178029865898013e-07 5.459719077422572e-08 1.2183465739237428e-07 1.2728816432814097e-07 8.752897765659228e-08 0.0 0.0 0.0 4.955147641998146e-05 7.607097410774552e-05 7.702420043375863e-06 7.007491413694517e-07 1.0696846338897123e-07 4.494392467319105e-08 5.0193169482315545e-08 0.0 1.7593202091665814e-07 4.603911571746827e-07 7.089817210495549e-08 3.8983830390858015e-07 2.0019154190480925e-07 4.2092957258946937e-07 0.0 5.926680941307737e-07 0.0 2.751907450907481e-06 1.2012688277106906e-06 1.1384112405010575e-05 4.020475357412119e-07 6.59474251694195e-07 1.0616844317865741e-07 7.034980021401073e-08 1.2015040671611602e-06 0.00011240730018247073 7.321925849970587e-05 1.9064549972138756e-05 2.475782469099467e-05 6.577334060250389e-05 3.891756655385675e-08 0.0 3.6314035948564733e-07 2.402671320697547e-06 0.0 9.806569368554254e-07 2.626563058556221e-07 1.0327376920842188e-06 3.012239382412211e-06 2.1203033890611576e-06 1.8140767535841465e-07 1.626926653098677e-06 3.2428179696105998e-06 4.467716500655243e-07 1.6379563374108088e-06 0.0 0.0 0.0 0.0 0.0 0.0 0.0 0.0 0.0 0.0 0.0 0.0 0.0 0.0 0.0 0.0 0.0 0.0 0.0 0.0 1.043446465377733e-07 0.0 0.0 0.0 7.671228820561447e-07 7.621056425719682e-07 1.926852217402026e-06 5.0611723693939866e-08 5.240023203484061e-07 0.0 1.256012194406862e-07 0.0 0.0 0.0 0.0 0.0 0.0 0.0 0.0 0.0 6.862429597365078e-08 0.0 2.1015401839907018e-07 0.0 0.0 3.805176792317154e-08 0.0 0.0 0.0 0.0 0.0 1.6111423754353213e-07 1.0263319257753437e-07 0.0 0.0 0.0 0.0 0.0 0.0 0.0 0.0 1.3135106876196344e-06 0.0 1.879814017772565e-07 5.8393589566185824e-08 0.0 1.6502521848427026e-07 3.12149790447216e-07 1.5222603272141236e-07 1.4526399384478857e-07 1.1795946922755261e-07 0.0 0.0 0.0 0.0 0.0 0.0 0.0 0.0 1.4211787465588431e-07 0.0 5.2891567769577435e-08 6.5784828406950035e-06 3.6394464421506524e-07 1.736466317749788e-07 4.696530647243525e-05 5.178215312464024e-07 4.2941445873050726e-07 9.146669820419903e-08 6.717123358574616e-05 0.0 0.0 0.0 9.143738279205535e-06 0.0 6.87702545004184e-08 0.0 9.6726378785922e-06 0.0 0.0 0.0 0.0 0.0 1.4041287518825424e-05 3.1066560170364443e-06
0.00013482631064051396 0.0011654791135997811 1.3239704957863167e-05 0.00027995438739414894 0.00042703653678169347 2.326475499109222e-05 0.0 1.579556435939427e-05 0.0003407197768018542 0.0006813715384996491 3.173745087323818e-05 0.00026917100122863223 0.0015832572311816303 0.000964602046687277 5.62935319875275e-06 3.4976275424465413e-06 4.971856722023654e-07 5.632267714648882e-08 0.0 1.350752863988637e-07 9.427358264121238e-08 0.0 0.0 0.0 2.479787513062215e-07 7.121103056794612e-08 0.0 1.9296011764472135e-07 1.6024714943186084e-07 0.0 4.589177289265889e-05 2.516421989502848e-06 9.822218715284587e-06 1.457377038932338e-07 2.2755568640505118e-07 6.263286343193471e-07 9.726507909298847e-06 6.350411242774869e-07 1.1755298640432812e-06 2.5467445130988646e-07 1.749557617115246e-07 2.3845191092413054e-07 3.296590005718339e-08 9.477263947838027e-07 1.817009235851618e-07 9.635883331519053e-07 6.937715995066568e-05 1.4357554118776507e-06 4.10463150248953e-07 2.389951844514536e-07 3.661049477450614e-07 5.179505031691409e-08 0.0 9.481425933846654e-08 3.3494155806503835e-06 2.7463776591104214e-06 4.395103761669785e-05 7.469397793518907e-05 2.5670926874458962e-05 1.6794319823009085e-05 7.753919960381817e-07 2.287325778329611e-06 2.5084824257642337e-07 1.9388076802699994e-05 2.9953312550641127e-06 1.956355238606178e-06 9.95867505666567e-07 2.2306810793644864e-07 7.554964271348555e-08 1.7616589047970627e-07 3.424370283936833e-05 2.788816390249087e-06 0.0 9.002570500096233e-05 3.1790499305029606e-05 4.81856306396651e-05 1.1762960441628572e-05 1.3276708684480305e-06 9.423420612068005e-07 2.9264533363463962e-06 1.4349335866332025e-06 3.4098519016695885e-06 9.601601529516636e-06 0.0 1.1935116734163258e-06 5.686515700273203e-06 1.5392755797586002e-07 1.1459795013166433e-07 6.74684829439385e-07 0.0 1.1132922899653271e-06 0.0 2.2577156587312252e-07 1.5800239234231593e-07 1.4903722069320876e-07 4.8939137165353166e-05 1.8012773676986042e-05 4.785791346046958e-08 8.670276921909703e-06 4.4355092978564977e-05 4.948337303561198e-07 1.816903129136758e-07 6.314746819353746e-06 1.1922275472010444e-05 3.740479630043753e-07 1.4303427901253901e-05 1.320824129422073e-07 2.798088261228216e-05 1.8465775324892172e-05 1.1824030296866114e-05 6.773744217329382e-07 2.6321616922588492e-05 1.3061111614960117e-05 2.1229724955817237e-06 6.5968054482784066e-06 0.0 9.108903215409679e-08 0.0 0.0 0.0 0.0 0.0 0.0 0.0 0.0 0.0 0.0 6.639471485432562e-08 2.3263901402327688e-07 0.0 0.0 1.1347416000724431e-07 0.0 0.0 2.0266975014613536e-06 8.867112993069393e-07 0.0 0.0 0.0 3.533918203946469e-06 1.5170776916918719e-06 8.771685834186387e-06 3.367936961876697e-06 2.695254633870375e-07 0.0 0.0 0.0 0.0 0.0 1.2575764271614924e-07 0.0 1.2670027118507973e-06 7.492426528134358e-07 0.0 0.0 0.0 6.706290960684137e-07 0.0 0.0 4.9700724734370313e-08 0.0 9.145491300314973e-07 1.6687777293355718e-06 6.85680472049087e-08 2.4749220005220586e-07 4.444682945525074e-07 5.068941715686407e-06 3.0876946220142437e-07 0.0 4.667174878811949e-08 0.0 4.307513616455201e-08 0.0 0.0 0.0 0.0 6.028874400022897e-06 2.452886259477803e-07 0.0 0.0 0.0 1.4689049155635536e-06 8.59815855832005e-08 1.470438203752534e-06 8.146208575965586e-07 3.011845024581677e-06 4.872732889174973e-07 2.5907190012018854e-07 8.048955800873838e-08 0.0 0.0 1.3066902861683675e-07 0.0 3.477136105272947e-08 0.0 0.0 0.0 9.91653976452496e-06 1.4938277003051054e-06 2.068915862384107e-06 0.000281016754303849 4.820724699265321e-06 0.00012515603080572304 1.4676091819347857e-05 0.00010135171590916322 9.370901016381681e-06 3.493528743984254e-07 2.1237086790381854e-06 2.123671903516945e-05 3.810446689668169e-08 2.749609863811716e-06 4.936803149271973e-07 2.1230158551988353e-05 8.490719479041398e-08 0.0 0.0 2.549907508705201e-06 2.089415012619489e-07 5.1228793953053616e-05 9.247170818961733e-06
1.8321792092402234e-05 0.0001442975758930245 0.001579194460293963 5.541319203164094e-06 0.00014061107221874326 1.690513545440907e-06 1.579556435939427e-05 0.0 0.0002112364649399168 1.9332529100648132e-05 0.0003608282233277951 9.806749759201365e-05 0.0003370814931588613 0.0008931855725749741 2.0300164373089364e-05 1.4807029795579785e-05 9.196653409038764e-07 1.3353134286815525e-07 3.7917980548344264e-08 6.924645714836787e-08 9.316260811142414e-07 9.657212568015637e-08 0.0 0.0 2.65962795084772e-06 7.761065322953644e-07 0.0 3.794238777297664e-07 5.512160154735502e-08 4.5339455842082214e-08 0.00030084943424269405 0.0007996581601792416 0.0003483948397169358 4.2030585391231386e-07 1.7751284687938663e-06 5.423404943199474e-06 0.00014453190896641577 7.969492097950931e-06 5.214403479582662e-06 3.653638386499136e-06 1.4977888697517524e-06 1.4414226540093825e-06 3.398138152161359e-07 2.210833096180968e-06 1.784121723135118e-07 1.3130873536921146e-06 9.319059787159782e-05 7.57252036140316e-07 5.155583313029389e-07 4.752658117219228e-07 2.0746944406270306e-07 0.0 6.927824836400488e-07 7.126664799726777e-08 1.4131653429101824e-06 1.4320942537323913e-06 1.4776704695999813e-05 5.4802337493758466e-05 8.036808109744617e-06 1.141804383448076e-05 3.0747288391794036e-05 9.43727180466318e-05 1.8729666444291713e-06 0.0001032830840110772 1.321018483689037e-06 9.737071912294034e-07 7.48402075001391e-07 9.28955860815641e-08 1.7426759876522606e-07 1.0203754348925328e-06 0.00017850753562075088 4.754484406459617e-06 4.09229775086828e-08 4.4361675350164624e-05 5.616532951268584e-05 5.5541042225042e-05 3.553912740664379e-05 7.329265138570659e-05 0.0006662250049539372 0.00034961085480798414 0.00012306686801618003 0.0005026179009686565 5.2190046723447995e-06 3.914822283749608e-08 7.500633732138982e-07 2.5355578635123334e-06 2.4947390599860394e-07 0.0 5.828261319934301e-07 3.31614514866332e-08 4.2804157244654513e-07 0.0 9.066334202021177e-07 2.8065165626802916e-07 2.879174349222408e-07 1.9476372643335264e-05 1.4557561777119083e-05 0.0 1.5261272239864246e-05 1.015484088955817e-05 0.0 0.0 3.5087964073207194e-07 6.939935951535547e-07 8.636498788798038e-07 1.454480942065993e-06 1.946934153533044e-07 1.3294867495220303e-06 2.0705867051383244e-06 6.2257841800599254e-06 3.849325285902894e-07 1.7923107820874366e-06 5.557034090073505e-06 6.800015620501417e-07 4.2537585341933145e-06 0.0 0.0 0.0 0.0 0.0 0.0 0.0 0.0 0.0 0.0 0.0 0.0 0.0 2.722144987915736e-07 3.67664323355377e-07 0.0 3.9724788798389436e-07 1.3413367045541883e-07 0.0 1.0056285997757871e-06 7.032656692333843e-07 0.0 1.0932166195802554e-07 0.0 2.9669618931298487e-06 1.675371506737045e-06 5.955857589811679e-06 2.001471572545441e-06 6.182907632901281e-07 0.0 0.0 0.0 0.0 0.0 5.841230937560514e-08 0.0 4.215312271450863e-07 1.76842626778098e-07 0.0 0.0 0.0 1.5393539909234128e-07 0.0 0.0 0.0 0.0 3.939193891309017e-07 1.148485954551994e-06 1.7250488421326974e-07 0.0 0.0 3.0485726086967444e-06 1.0469474747493456e-06 0.0 9.304271199065628e-08 8.295257687877218e-08 0.0 0.0 0.0 0.0 0.0 2.4998935592118557e-06 5.641045536324974e-07 7.772313587693991e-08 0.0 0.0 4.100424905799216e-07 2.7617088554430935e-07 6.75208787554062e-07 1.3079591086565375e-06 9.970652041954043e-07 1.048774731844978e-07 0.0 0.0 0.0 0.0 0.0 0.0 7.772630150809051e-08 0.0 0.0 0.0 5.528778291806505e-06 9.043314941368452e-07 1.8073623814193203e-06 0.0001873348094465694 2.2801943647853563e-06 0.00010963066401817715 1.958951411724809e-05 1.8518816359291522e-05 6.911742521860444e-06 6.230048824240724e-07 2.0458893770642416e-06 1.0301206621317905e-05 0.0 1.0349078200894414e-06 0.0 7.5939832095716185e-06 0.0 0.0 0.0 3.5941998795658433e-06 1.840337971941004e-07 2.853329584682395e-05 6.547515820803262e-06
8.57581246630239e-06 0.00015585307888901738 0.00012163934067526605 3.041993694573797e-06 0.0008107687889562369 7.946089167567579e-07 0.0003407197768018542 0.0002112364649399168 0.0 2.355009767197908e-05 0.0003708146164363984 6.85467245498278e-06 0.0010057283321215627 0.0009201561261433969 2.792692921499185e-06 1.6608568347801025e-06 2.5119307599864655e-07 0.0 8.097180602944022e-08 0.0 1.0799803206092248e-07 0.0 0.0 0.0 0.0 3.987193734040425e-08 4.191559197842523e-08 4.817587028708188e-08 4.922915885754173e-08 0.0 1.377348605875861e-05 1.5085926983422534e-06 9.209971490288871e-06 3.0892643938788836e-08 0.0 1.5791328712156567e-07 3.696416397059934e-06 9.34213846102119e-08 1.3147426631141763e-07 9.448923270155169e-08 0.0 5.13587352170656e-08 0.0 2.940949422504645e-07 0.0 2.7535650534019657e-07 2.1622133692659794e-05 5.119542498149068e-07 1.89665809394965e-07 7.389490507052174e-08 6.888880336668714e-08 0.0 0.0 0.0 5.502796080803238e-07 3.189479133597832e-07 4.16091872933196e-06 7.244244982863451e-06 2.8626528725990885e-06 3.3632418901339464e-06 1.1069705275355649e-07 1.359615481696132e-06 2.4772224286452156e-07 7.449493839415554e-06 4.1043029975297696e-07 5.25556773298052e-07 2.5708419347128007e-07 1.2043823286888772e-07 0.0 3.666106119066261e-08 7.079434458496341e-06 3.6419500603146434e-07 0.0 1.098745571576765e-05 6.400464913047411e-06 1.0994576968320854e-05 4.485934523290033e-06 3.901793433382484e-07 3.499610770159184e-06 3.4955797757638425e-05 4.5595105721730707e-07 2.9826105906526644e-06 1.254071808434325e-06 0.0 2.7993080959465817e-07 8.220941920632569e-07 4.6868774335555724e-08 0.0 2.191143358818787e-07 0.0 1.4367583570853624e-07 0.0 0.0 0.0 0.0 4.62754202256283e-06 4.678513228540356e-06 0.0 3.1765671703639734e-06 1.7093027813503916e-06 7.821859437721288e-08 1.713811119569465e-07 1.7968708484467608e-07 3.325238550709149e-07 0.0 2.1878674517307238e-07 2.2235079914624507e-07 4.621912785873e-07 1.29622498951795e-06 2.1371489304221804e-06 0.0 6.765503391522603e-07 1.4792372199694518e-06 3.247525760460259e-07 1.3565480178693631e-06 0.0 0.0 0.0 0.0 0.0 0.0 0.0 0.0 0.0 0.0 0.0 0.0 5.3740629949588674e-08 0.0 0.0 0.0 0.0 0.0 0.0 1.48439616239534e-07 1.1428999348323054e-07 0.0 0.0 0.0 7.707991446992366e-07 2.0957869546211122e-07 2.4889192362196584e-06 3.8316752692194203e-07 4.894642302774817e-07 0.0 0.0 0.0 0.0 0.0 0.0 0.0 0.0 0.0 0.0 0.0 0.0 0.0 0.0 0.0 0.0 0.0 0.0 5.431790229590902e-07 4.549778802588723e-08 0.0 1.1299810626010157e-07 1.2010705633085424e-06 6.32194742412486e-07 0.0 0.0 0.0 0.0 0.0 3.4979902588556504e-08 0.0 0.0 9.93088114274504e-07 0.0 5.347957109923565e-08 0.0 0.0 2.8833671576980185e-07 2.5378079333826616e-07 2.547141631550355e-07 1.3633527609117966e-07 4.980413813143883e-07 0.0 8.108328508540646e-08 0.0 0.0 0.0 0.0 0.0 0.0 0.0 0.0 0.0 1.204864392072579e-06 4.0535092694017744e-07 7.279541972697908e-07 8.035561699805874e-05 1.566638792139792e-06 3.483294952054272e-05 7.335125812975557e-06 1.169861787173627e-05 2.1250532324766474e-06 3.5357464408094094e-08 7.919166234025709e-07 3.7427051312809742e-06 0.0 3.4742683352960707e-07 1.4962021202171317e-07 1.952575772813957e-06 0.0 0.0 0.0 1.229963365182676e-06 0.0 6.069409196106511e-06 1.593965303450147e-06
0.0003175011863081059 0.00027318700505610466 2.8945804754190312e-06 0.0004153303344686866 8.091823547697005e-05 0.0002500979195440267 0.0006813715384996491 1.9332529100648132e-05 2.355009767197908e-05 0.0 1.6699316120152262e-05 0.0011892620830415686 0.001771019850338266 7.959732621797875e-05 1.2282022140891904e-06 2.543426109720567e-07 1.8145851009382481e-07 0.0 0.0 0.0 0.0 0.0 0.0 4.089591032003941e-08 0.0 0.0 0.0 1.5806576452565096e-07 0.0 0.0 1.6872731687655387e-05 3.622201822803523e-07 1.2906822207177843e-05 0.0 1.7482879697166067e-07 4.402606734246453e-08 2.4734972383882457e-05 3.614953152852002e-07 7.302757812195648e-07 2.5770381737625083e-07 4.135980184929025e-08 0.0 1.342888876343475e-07 2.9654885136914395e-07 0.0 4.910003773619511e-07 1.8258685140118204e-05 2.83504744625364e-07 8.638506805516983e-08 3.871376304169917e-08 1.7315502087155117e-07 2.02377474241656e-07 3.797574810531476e-08 0.0 1.3557620122029767e-06 1.2197294246496895e-06 4.1981960415265176e-05 5.396180082300636e-05 1.2909653690028122e-05 5.499309904929991e-06 3.1281920678195e-07 6.831425947874891e-07 0.0 3.690952365815149e-06 8.563440578206522e-07 8.292614936799442e-07 5.253729701422515e-07 2.3507856910418961e-07 6.126406358171194e-08 3.838028181697946e-08 8.34544074342114e-05 4.541330045739425e-06 4.705538576057081e-08 4.022468974231849e-05 6.454884622994088e-06 1.3779774404869335e-05 1.5310215136920889e-06 1.1319829446067225e-07 6.102439909706837e-07 1.12693945688834e-06 2.3386771965610346e-07 9.750471525669862e-07 5.772256900394053e-06 6.914692887114801e-08 3.915734152289889e-07 1.835641280157477e-06 2.9294142259097716e-07 0.0 1.5153272674125012e-07 3.0768210214837356e-07 2.9101406543902754e-07 8.055582482375575e-08 1.89136255587972e-07 2.0029807447597668e-07 1.2338657605028995e-07 6.75564768048037e-05 4.0580616795794196e-05 4.1615851378703956e-07 2.2822188907323428e-05 0.0002546037081613894 9.872117588278476e-07 1.8059561622007686e-06 7.5017841129694655e-06 1.8788070308013562e-05 1.5054795189898093e-06 2.813037776847235e-05 3.1181194821566947e-06 8.033965539740269e-06 3.9627690189236924e-05 4.7541712189258425e-05 1.8712305831216158e-06 1.6865695412792576e-05 6.879510707545157e-05 5.110795096907787e-06 2.5948344184832097e-05 0.0 0.0 6.450025584661008e-08 0.0 0.0 0.0 0.0 0.0 0.0 0.0 0.0 0.0 1.167582054177991e-06 0.0 0.0 0.0 4.93340249308805e-07 5.624715465732645e-08 0.0 4.404155445580993e-06 2.0149952798535794e-06 1.1405857780547697e-07 7.933172677749196e-07 4.488708923527055e-07 1.8466690948710796e-05 3.6697542424349017e-06 2.9513111940823893e-05 6.201116331367554e-06 1.4659920107741477e-06 7.94643104381978e-08 4.392839139128012e-08 0.0 0.0 0.0 1.7652453891877578e-07 0.0 1.3403881915253764e-06 3.807086891865606e-08 0.0 0.0 0.0 1.4517920615182962e-06 5.722153771229552e-08 2.5117024057092976e-07 9.307900805129946e-08 5.687337189001827e-08 8.469346942190218e-07 2.755039516838248e-06 1.0608555129076945e-06 3.615102530141292e-07 7.696581922678351e-07 1.0872669004083323e-05 1.3493429014038043e-06 2.2612251911850136e-07 3.0258892325277604e-08 1.2403839230967102e-07 0.0 0.0 3.967395584978895e-08 0.0 0.0 2.4311017304735534e-05 8.325947037544609e-08 0.0 0.0 0.0 3.5988847337352373e-06 1.0314382704802701e-07 3.072426684700294e-06 2.5809308815962475e-06 4.33270133742411e-06 2.1133781257057745e-07 1.8880572259922512e-07 0.0 2.0016325670756698e-07 0.0 0.0 0.0 1.0531780265009511e-07 3.973440659929633e-08 0.0 0.0 6.831870175861409e-05 5.742174485304883e-06 7.063839594571181e-06 0.0004598582147754491 2.8954085604533934e-06 4.295424767053373e-05 3.972956434506218e-06 0.0005286903130281577 4.2233846011047725e-06 1.8623089887825997e-06 1.0848880286599866e-06 0.00011126571197142702 1.164069222082326e-07 2.758176299946572e-06 1.9309877824515056e-06 9.222451266548847e-05 3.916332912213824e-07 0.0 1.1665065496071703e-07 8.956842614462532e-07 0.0 0.00031201954177153255 4.5026855299112925e-05
3.354317742443897e-05 0.00038909895046710806 0.0006533074058602809 1.043174490311439e-05 0.00037333190330134694 1.6457671436438465e-07 3.173745087323818e-05 0.0003608282233277951 0.0003708146164363984 1.6699316120152262e-05 0.0 5.4869581580506484e-05 0.0005841309423533092 0.001618147535815821 6.5585370207474295e-06 5.672648999956812e-06 4.2013471328111577e-07 3.7186517247455007e-08 1.2944722602540914e-07 0.0 1.806136826527564e-07 8.21370263143187e-08 0.0 6.964247373388886e-08 5.827067075904178e-07 1.7527829277091898e-07 5.001232051852008e-08 1.197329850440275e-07 0.0 0.0 0.00010093193311102669 2.5592296548505087e-05 0.00019715902108003117 8.281685677147384e-08 3.305652704417824e-07 2.307920293575657e-06 9.983447672859045e-05 3.642523846595277e-06 2.4225224129299093e-06 1.0907120663191986e-06 3.59947935123873e-07 2.709247914762548e-07 3.075379691454962e-08 6.941304111707904e-07 1.5010140880271962e-07 4.795673684127049e-07 3.4502364071063616e-05 3.253839869388557e-07 1.4436637511170982e-07 2.0757158108205644e-07 1.524641697815807e-07 4.282577198355787e-08 1.4769777157440104e-07 3.813058707619443e-08 1.1741210360825956e-06 8.93003939716926e-07 8.810762188560516e-06 2.460070360083503e-05 5.229852185453975e-06 4.747560986496219e-06 1.859706688097971e-06 1.9888352553783652e-05 2.405900669481369e-07 2.1867797015575594e-05 5.92236817834224e-07 4.511367605986256e-07 3.499905480591853e-07 0.0 2.9554049510611634e-08 3.2980695139139525e-07 7.256256649829924e-05 5.399186194230216e-07 0.0 2.197646093502213e-05 1.782449433660663e-05 2.3844369252278525e-05 1.080768080029313e-05 1.520592742409557e-06 4.873460802680632e-05 0.00023802255115666632 3.68107658234857e-06 0.0001497632496566521 2.6780931666897434e-06 4.622925132677648e-08 3.679357278337801e-07 1.421655577568197e-06 4.52260559657094e-08 0.0 4.521384431274963e-07 0.0 2.2588202942558703e-07 0.0 3.4149972971000827e-07 2.2997001768930755e-07 3.853999877828689e-08 9.597090770170443e-06 5.571498954710605e-06 0.0 7.72621738519404e-06 7.763557222624145e-06 4.306231282707828e-08 0.0 1.417172004531295e-07 5.8160410902880825e-08 0.0 4.5713581626604176e-07 0.0 2.6136775401056337e-07 8.982330203788061e-07 9.539023148294272e-07 4.3963368190775874e-08 7.144766819699093e-07 1.4932073795443594e-06 4.859888556687522e-08 1.3579041528125705e-06 0.0 0.0 0.0 0.0 0.0 0.0 0.0 0.0 0.0 0.0 0.0 0.0 0.0 0.0 0.0 0.0 5.6328400893498695e-08 0.0 0.0 9.481671917979333e-08 5.430708435450006e-08 0.0 0.0 0.0 4.796970431472508e-07 3.7695499216794826e-07 1.1707399603547545e-06 1.787178894938127e-07 1.3834041604653753e-07 0.0 0.0 0.0 0.0 0.0 0.0 0.0 0.0 0.0 0.0 0.0 0.0 0.0 0.0 0.0 0.0 0.0 0.0 6.146524941768756e-07 4.411056259423913e-08 0.0 0.0 8.787902439385985e-07 0.0 0.0 0.0 4.550530453860985e-08 0.0 0.0 3.7793210606371234e-08 0.0 0.0 1.1866860961730179e-06 2.024874136632809e-07 0.0 0.0 0.0 3.0642623105237116e-07 0.0 1.9137012207251424e-07 2.3347815047551292e-07 9.817985533844243e-08 0.0 0.0 0.0 0.0 0.0 3.78313709051144e-08 0.0 8.604317989090336e-08 0.0 0.0 0.0 8.941914712986813e-07 5.635863192648303e-07 2.3684787400585082e-07 9.014844836126384e-05 1.6880660301228676e-06 4.668328264460711e-05 6.5671936818371005e-06 1.6049305077569417e-05 2.9463874258884176e-06 8.380492708639713e-07 1.1609177513984285e-06 1.913831023514382e-06 0.0 1.0268966767550266e-07 1.6822732139848068e-07 2.2185081823067075e-06 0.0 0.0 0.0 1.1295944297443333e-06 1.3555336221896155e-07 1.0793717910055606e-05 1.217043400019465e-06
