0.0 0.0011626010221934937 0.00035784424516034104 0.0005002026330996375 2.550636511811049e-05 2.231432379913596e-05 0.00021684037430269446 0.0001115102939276213 6.69750536650804e-06 0.00033894439889735437 4.323412455871447e-05 5.402069504199756e-05 5.6262801642985626e-05 6.969997263335845e-05 1.2817720358448487e-06 5.665114907104652e-07 0.0 4.1449225207682266e-08 0.0 5.249047899331722e-08 2.0550703683952542e-07 0.0 5.272106750222251e-07 6.270063839926835e-07 2.4766650862411604e-07 0.0 3.111628310869094e-07 0.0 6.372588079248712e-08 2.5209562769293437e-07 0.00020825562647047445 4.2672716174468885e-05 4.559991423756441e-06 1.2373132539494767e-07 1.584926212042488e-07 2.640002289934527e-07 8.926056767417745e-07 1.2551722501388032e-07 4.639675860232284e-08 0.0 1.7885216428268717e-07 4.5798308994567634e-08 2.882811285775337e-07 0.0 6.402538855126204e-08 0.0 5.528821959137694e-06 2.083149546550841e-07 0.0 1.7596568925222477e-07 1.6279467863182379e-07 1.3798355135495902e-07 0.0 0.0 4.371353863768806e-07 1.7728698363138076e-06 2.918842015915758e-05 0.00019026824135060468 7.940952289612302e-06 5.139922687119108e-06 6.509754188797783e-08 3.805051916052143e-07 0.0 1.1576634664177336e-05 1.045031543901358e-06 8.515801467080486e-07 3.890022043086515e-07 4.270791097579628e-07 1.4426101372083167e-07 7.388032824070851e-07 6.438953787755409e-06 4.1256531656781155e-06 2.197178880919905e-07 3.160801476536072e-05 1.1201802416692313e-05 7.341408673977652e-06 2.3700856899781342e-06 3.495698145931745e-07 9.509247202087686e-06 2.8919966361558332e-05 0.0 2.7415059816806243e-06 2.776495141813326e-06 4.602348152335347e-08 3.5421028607790085e-07 5.803979565117391e-07 2.8163772734456727e-07 6.276912837677404e-08 5.915203699527143e-07 0.0 5.198763835611792e-08 6.499615468057215e-08 5.499683837171386e-07 1.7488765343211805e-07 2.2624823767421976e-07 1.2772727108259966e-05 8.733483799979963e-06 9.491439819105479e-08 5.759718196386142e-07 0.00029911621798114874 0.0 2.70631172020139e-06 1.1481433688521694e-06 2.2515255812703114e-07 3.6242004371423373e-07 7.791504280745728e-07 5.081853599679123e-06 1.3103531685420358e-06 4.356508996594924e-05 4.882737966674896e-06 1.0681993547658861e-06 4.595329675770576e-06 3.5506799646107395e-06 9.329930690203103e-07 1.770977705746399e-06 0.0 0.0 0.0 0.0 0.0 0.0 0.0 0.0 0.0 0.0 0.0 0.0 0.0 0.0 0.0 0.0 0.0 0.0 0.0 3.1101696411426886e-07 1.4899654241406423e-06 0.0 8.794431808299276e-07 0.0 5.004954623335411e-07 0.0 1.2997670961088615e-07 4.6481332331884666e-08 2.5321863100316467e-07 0.0 0.0 0.0 0.0 0.0 0.0 0.0 0.0 0.0 0.0 0.0 0.0 0.0 0.0 6.326914691118206e-08 0.0 0.0 0.0 0.0 2.0457569079511582e-07 0.0 0.0 1.593613459791078e-06 0.0 0.0 0.0 0.0 0.0 0.0 0.0 0.0 0.0 2.1204260731191865e-06 0.0 0.0 0.0 0.0 6.354068234450597e-07 0.0 2.7740171382387285e-07 0.0 2.371393987792087e-07 0.0 0.0 0.0 0.0 0.0 0.0 0.0 5.256259153812628e-08 0.0 6.08480284402103e-08 0.0 1.1519274885095387e-06 1.1647162978024337e-07 5.58158006878675e-07 8.418348027103471e-05 1.5112851337090149e-06 1.5278763690965147e-05 3.6338902350460014e-06 0.00016537662123139942 2.9259732295300967e-06 1.144738572573154e-06 1.53051336353866e-06 1.4125294630667392e-05 0.0 5.660786255639824e-07 0.0 3.1010069092831394e-05 0.0 0.0 0.0 3.094602393466823e-07 0.0 0.0001550041781856994 1.3200184074498524e-05
0.0011626010221934937 0.0 0.0005742008983153543 0.0005801667960020627 0.0005277079843230611 6.974539122805014e-05 0.0013921925316885456 0.00041013663925460614 0.00040070189546196304 0.0004184946728782825 0.0003079937606496371 4.1837663196202646e-05 0.0003775797800337091 0.0006324623813956906 1.858542862033177e-05 2.8440760634189502e-06 1.0817526188370636e-07 2.530212103928572e-07 1.153389985573239e-07 4.04364283622351e-07 2.537162369747643e-07 1.2133551277182905e-07 5.2148973653913e-07 3.407213160609495e-07 4.786838431224221e-07 0.0 5.716581163831614e-07 1.082687524156234e-07 4.466018993587717e-08 7.271480686176147e-08 0.0005996994925872744 2.3762390416244944e-05 1.200231480024604e-05 3.678922015500737e-07 4.4829860861560787e-07 3.667944110104277e-07 1.6650786819800735e-06 5.720216873645361e-07 4.863502417248828e-07 1.212043259460305e-07 6.508878331697964e-07 5.951238266312588e-07 6.055819308505911e-07 2.4303973066718187e-07 2.240068179015678e-07 0.0 6.341405590651001e-05 2.456072213342095e-06 2.0924546300407405e-07 5.00127687982706e-07 1.5825243568430762e-06 1.3441589964019336e-07 0.0 0.0 1.7357953953884837e-06 1.0297714050463507e-05 7.250651172511848e-05 0.0003397897580051369 3.2763904981360356e-05 4.0480366399149836e-05 2.8698685192335937e-07 1.1912191714561602e-06 4.766326472256507e-08 0.00010097026406797983 3.864855930275554e-06 6.968198588303302e-06 3.1551929999661385e-06 3.0088779496302904e-06 7.966806269501649e-07 1.7152944381539464e-06 3.618735792503638e-06 4.901409512528862e-08 1.1457731003547125e-07 0.00013889326315192404 0.00015883362378120078 0.00011771611773536876 4.597152926552878e-05 1.4376124761197677e-06 6.0613161169256295e-06 9.212295659716403e-05 5.297910524232784e-07 3.443852621672788e-06 1.2846413191314468e-05 5.128005751218923e-07 3.677485609857039e-06 5.3881081126863e-06 1.1632978467638956e-06 3.325455167353814e-07 1.7998752602036544e-06 0.0 7.043269556871654e-07 3.881057399015136e-08 1.3036974029246758e-06 7.25912907198428e-07 3.8324537523069027e-07 6.197532968640677e-06 1.3440247640878987e-06 0.0 1.06510638967604e-06 0.0005453034705883848 0.0 2.1592052316695584e-06 1.4507501650779227e-06 3.1157740096542844e-07 5.023457863148765e-07 1.933911560956779e-06 3.367024555315573e-06 1.5812335985096643e-06 1.328493556675147e-05 4.838937993134578e-06 1.466844844405416e-06 3.3435087062042953e-06 3.767738981379316e-06 1.4593588183807016e-06 2.2409404880100055e-06 4.94210810679423e-08 0.0 0.0 0.0 0.0 0.0 0.0 0.0 0.0 0.0 0.0 0.0 4.978760818337515e-08 0.0 0.0 6.255561656822896e-08 7.123236147780268e-08 5.7966043457196894e-08 0.0 2.3973962025397955e-07 3.3246600380308115e-06 0.0 1.2526388730354245e-07 0.0 5.065061466314549e-07 0.0 6.613335413584644e-07 5.479839875146705e-07 1.4394502756238078e-07 0.0 0.0 0.0 0.0 7.26719615333675e-08 0.0 0.0 0.0 0.0 0.0 0.0 0.0 2.2266480005465833e-07 4.4755054288282313e-08 2.939044699596106e-07 2.550541445294816e-07 2.3468528255488663e-07 0.0 4.56078356716066e-08 1.6673689189186886e-07 0.0 1.9485653259776712e-07 2.5959791468882493e-06 0.0 0.0 0.0 0.0 0.0 0.0 0.0 0.0 0.0 3.639565699698631e-06 2.659747590054233e-07 0.0 0.0 4.943500170427051e-08 3.1984640898494347e-06 0.0 4.2461937538969335e-07 0.0 1.409335497598617e-07 0.0 0.0 1.1709659524034665e-07 0.0 2.1891184266689787e-07 5.91879990734799e-08 0.0 9.175526260924262e-08 0.0 0.0 5.0972139291401664e-08 1.6492058765229583e-06 1.1660874600037633e-06 1.7446608451529108e-06 0.00011301388522727208 8.929127796056871e-06 0.00012562564464827178 1.588570638728614e-05 0.00023366147459407348 1.7207387952988192e-05 9.266453072548255e-07 4.208161864337925e-06 6.024479749038554e-06 0.0 0.0 0.0 1.7952602289703574e-05 0.0 0.0 6.059791492646523e-08 4.224598528166603e-06 9.188550749308051e-08 0.00012652845809791834 1.2908565314199172e-05
0.00035784424516034104 0.0005742008983153543 0.0 2.8447184555499447e-05 0.00016989622338643958 3.629000476573678e-06 6.263974942427605e-05 0.0021747156184679485 0.0001384017209074964 1.6617823706086758e-05 0.0005583667664671663 8.585313526075344e-06 0.00013461187285429327 0.0005626688061988908 1.2857264116977682e-05 3.696235433694102e-06 1.8639279687948672e-07 1.5532032077353147e-06 0.0 3.4357379182664885e-06 4.665228150631676e-06 9.970104938804503e-08 1.1303162050887876e-05 3.831684863327532e-06 3.128852497746364e-06 2.416777645000139e-07 1.6750500870221691e-06 1.4751394885109344e-07 0.0 1.0008449050477206e-07 0.0015721141692224543 0.00014637287798085282 3.1201952391214865e-05 3.3435147487805887e-06 5.815750146320048e-06 1.2761100525038387e-06 2.7164101012536415e-06 1.1154822610908683e-06 7.345026844310855e-07 4.594469794453185e-07 2.484280649762469e-06 3.301916827051293e-06 5.698647731888849e-06 7.326245675772734e-07 1.2164344439574333e-06 4.04531096703572e-07 3.988915280070596e-05 1.1489261970833218e-06 8.37491840987743e-07 3.2185167348339515e-06 8.420981158838958e-07 3.4730372562118824e-07 0.0 4.059006170218793e-07 8.398749429790282e-07 4.439985903248387e-06 4.064962532388756e-05 0.00023910548468359549 1.6513914517958492e-05 2.0589403045498786e-05 1.3827385339953622e-06 1.4928297207194846e-06 7.584082182822843e-07 0.00019352958251984723 1.430017981569034e-06 3.23010006691024e-06 1.5209030722380413e-06 3.0235649581285227e-06 3.954706344239373e-06 2.5973333935990483e-05 4.429655901274164e-06 2.431962680179226e-06 4.635619552856091e-08 7.62677303273526e-05 0.00011030616558679437 7.414084513110039e-05 4.245151006275609e-05 1.9793274042843965e-06 9.515213937160799e-05 0.0003807318569221302 1.3129151054745856e-06 2.5856594828201215e-05 7.40724266555526e-06 4.068262965221617e-08 1.4242235269359154e-06 3.270689690032337e-06 8.714244922110762e-07 8.619943947798475e-08 1.3865765156066656e-06 4.7853101397007215e-08 4.039015592880231e-07 2.0427574743472275e-07 1.2099455878493455e-05 3.715795201032277e-06 1.8988081838459336e-06 7.046348813541345e-06 1.6978763080331327e-06 0.0 7.72590044319233e-07 0.00011308218164128948 0.0 2.791254303810366e-07 0.0 0.0 1.4639950864959672e-07 6.073778846761038e-07 2.1264961518838947e-07 7.405895245503668e-07 8.084467962902778e-07 5.330171328999333e-07 1.1594992014679506e-06 1.4166001039700249e-06 1.369713781272131e-06 7.686755345774864e-07 1.3628238965389041e-06 7.672044297279638e-08 1.596830794727553e-07 4.3783223355016625e-08 5.369755713894836e-08 0.0 0.0 0.0 0.0 0.0 0.0 0.0 0.0 4.6525360486211094e-07 0.0 0.0 0.0 4.353517019969464e-07 1.1535287823965385e-07 1.1551031285526623e-07 6.147390233445752e-08 7.432366457993627e-07 3.045625730295972e-07 2.0506296221140115e-06 3.2096844689774134e-07 1.5165073008931046e-06 5.58338219363519e-07 1.5666995159641418e-06 2.2637424717001626e-06 1.3031749899993842e-06 0.0 0.0 0.0 0.0 2.3660472571606498e-07 4.585017611647605e-07 0.0 0.0 6.196488865069695e-08 0.0 0.0 1.2869607808432427e-07 1.2497263475389582e-06 1.9363359780861581e-07 1.1377873685352131e-07 4.55822133610394e-08 5.88596932077249e-08 0.0 1.996578006490565e-07 0.0 6.449779366616772e-07 9.394576688198289e-07 3.341369429426472e-06 0.0 0.0 0.0 0.0 0.0 0.0 0.0 4.489553767169296e-08 5.000064715939457e-08 4.6054465605838745e-06 1.183499666687188e-06 0.0 0.0 0.0 2.4266769970668778e-06 1.4996652743893415e-07 6.119892713758623e-07 0.0 1.9758045003974e-07 2.05039044331781e-07 0.0 7.629341190952458e-08 0.0 3.2040795047712966e-07 5.696021698225883e-08 0.0 1.3915049830535562e-07 7.119003738211421e-08 0.0 0.0 1.92565277393831e-06 1.7671054977617962e-06 2.240876089709238e-06 6.044653381069439e-05 3.7442873816451754e-06 7.034315227250897e-05 1.0590444268768662e-05 3.0374428235901554e-05 7.379432789723165e-06 1.198065931629186e-06 2.797908416375431e-06 1.6226708204727564e-06 0.0 2.338906930800432e-07 3.764140063148401e-07 2.489877627938919e-07 0.0 0.0 1.9104221122820356e-07 1.103699628243442e-06 0.0 1.5130824393887805e-05 6.039048545682266e-06
0.0005002026330996375 0.0005801667960020627 2.8447184555499447e-05 0.0 1.8809250973978852e-05 4.280882933066026e-05 0.0001826560688836465 2.5230970764512856e-06 4.625824242560465e-06 0.0009496082171048881 1.6941053301415056e-05 0.00011728955394977123 0.00018735705706779762 2.1926754891690224e-05 1.514503615357441e-07 0.0 0.0 4.1695637969218156e-08 0.0 0.0 0.0 0.0 0.0 0.0 0.0 0.0 0.0 0.0 0.0 0.0 6.532772193659651e-06 4.738019813255867e-08 9.836360870890822e-07 0.0 0.0 0.0 9.929795779831973e-08 0.0 0.0 0.0 0.0 0.0 5.708777007148176e-08 0.0 0.0 0.0 4.807458620440147e-07 0.0 0.0 0.0 0.0 0.0 0.0 0.0 0.0 9.816315973658158e-08 2.8656151039867163e-06 1.2156621770178218e-05 8.091304413837507e-07 7.449877940892e-07 0.0 0.0 4.5873876567596174e-08 1.0146229656155179e-06 9.702892758463805e-08 1.0153493964679328e-07 7.218848096808762e-08 2.590050996066164e-07 6.677536018232956e-08 0.0 1.4798540383323874e-07 0.0 0.0 4.861254027850285e-06 3.2348031831199887e-06 1.4012827910995488e-06 2.0773038100656805e-07 0.0 0.0 6.795887041887139e-07 0.0 0.0 3.443135625132343e-07 0.0 1.4126419744970082e-07 1.7264730963269383e-07 0.0 4.464647779263117e-08 3.711949776962557e-08 0.0 0.0 0.0 0.0 0.0 0.0 1.1695029862303316e-06 4.1131944158267205e-07 0.0 0.0 0.0001149931984912578 0.0 3.1138444806402544e-07 1.5419596598135754e-07 5.121407987632418e-07 0.0 1.2781993631698927e-05 5.400953278403936e-07 7.927386519679278e-07 5.320656639967711e-05 5.220140266467794e-06 1.1224738718327592e-06 2.7178274699896978e-05 1.9180322944479694e-05 1.759189634952618e-05 1.3101763366235961e-06 0.0 0.0 0.0 0.0 0.0 0.0 0.0 0.0 0.0 0.0 0.0 0.0 0.0 0.0 0.0 0.0 0.0 0.0 0.0 2.4711493645204105e-07 4.222515976399503e-07 0.0 0.0 0.0 1.2429498048575478e-06 0.0 0.0 5.8047277574352576e-08 0.0 0.0 0.0 0.0 0.0 0.0 0.0 0.0 0.0 0.0 0.0 0.0 0.0 0.0 0.0 0.0 0.0 0.0 0.0 0.0 0.0 0.0 0.0 3.3065554556060967e-07 0.0 0.0 0.0 0.0 0.0 0.0 0.0 0.0 0.0 1.3921986469842476e-06 0.0 0.0 0.0 0.0 1.752684437082284e-07 0.0 0.0 0.0 0.0 0.0 0.0 0.0 0.0 0.0 0.0 0.0 0.0 0.0 0.0 0.0 2.1287581826869594e-06 1.6752274699580403e-07 0.0 7.805828425649828e-06 0.0 2.3377627989501743e-06 1.3065281172249195e-07 0.00011629415551323321 3.8965450842415947e-07 4.839536956528857e-08 0.0 3.1920617922505894e-06 0.0 0.0 0.0 3.819720521312779e-06 0.0 0.0 0.0 0.0 0.0 4.996676466192678e-05 3.25613019739242e-06
2.550636511811049e-05 0.0005277079843230611 0.00016989622338643958 1.8809250973978852e-05 0.0 9.988348567499595e-07 0.0005514608833337392 0.0001697452535456119 0.001359823490061575 0.00012134450278131774 0.0004112575292268319 1.6029573713944488e-06 0.0002644280789430896 0.0002915262325475348 9.421601263666971e-06 1.2231967867707095e-06 0.0 8.381202987069728e-08 0.0 0.0 0.0 0.0 2.036617613692522e-07 0.0 5.495475925539699e-08 0.0 0.0 6.477029710308761e-08 0.0 0.0 7.017686158932084e-05 5.225457085788118e-06 2.2160384763647513e-06 1.0787833794991455e-07 0.0 0.0 6.329350932783817e-07 0.0 0.0 0.0 0.0 7.26671587462952e-08 0.0 1.911071270385857e-07 0.0 0.0 4.326868918225471e-05 9.844402411840717e-07 0.0 4.579100056741805e-08 2.5364600831387655e-07 0.0 0.0 6.67482709740054e-08 4.4707066254630206e-07 1.8408004529415675e-06 8.044297671492274e-06 3.8060271796750835e-05 4.949603220883474e-06 1.3647056322369286e-05 4.811894869227759e-08 9.212747227809288e-07 0.0 4.0295986737010344e-05 8.664726772620685e-07 1.463088875037236e-06 9.112309929778511e-07 9.147491089701388e-07 1.0731950947396062e-07 3.778141229929615e-07 3.2517940103919056e-06 0.0 0.0 2.2655119640304526e-05 4.58890027183719e-05 5.5794319452006793e-05 3.364715631067538e-05 8.449017521450879e-07 2.327247104101518e-07 7.643303291342396e-06 3.5995361150569827e-07 8.352156661629046e-07 3.89427336967948e-06 9.322629672004125e-08 9.486197297784237e-07 1.3668682639630502e-06 3.9537672392738324e-07 4.4421521203109046e-08 1.052560869471539e-06 5.0467805694810095e-08 1.0777330583666097e-07 9.35389246506323e-08 1.0692648884472418e-07 3.010440623896901e-07 0.0 4.565850127766698e-06 2.208926647022422e-06 0.0 2.296917354816207e-07 1.5944251293170634e-05 0.0 3.3740271677906416e-07 2.862794721263314e-07 0.0 8.312634824658213e-07 9.075312273876893e-07 1.8398022364641296e-06 1.1694824273231895e-06 1.4498049058433663e-06 1.5443533018747848e-06 5.497608362999806e-07 1.2296683413037554e-06 2.0430734418902245e-06 9.248562281163894e-07 1.1259973081217331e-06 5.848191491203425e-08 0.0 0.0 0.0 0.0 0.0 0.0 0.0 0.0 0.0 0.0 0.0 0.0 0.0 0.0 0.0 0.0 0.0 0.0 2.7187824062817413e-07 8.040483889970871e-07 0.0 1.1501123998590965e-07 5.5007697882824356e-08 1.4101173727185361e-06 0.0 5.782144829235781e-07 4.906851479821779e-07 0.0 0.0 0.0 0.0 0.0 0.0 0.0 0.0 0.0 0.0 0.0 0.0 0.0 0.0 2.2934297123217384e-07 5.1276736515236885e-08 0.0 6.096623284855064e-08 0.0 0.0 1.2718203110604772e-07 0.0 0.0 1.54969483507153e-06 6.089198920659413e-07 0.0 0.0 0.0 0.0 0.0 0.0 0.0 0.0 4.293198295895531e-06 0.0 0.0 0.0 9.223361647855465e-08 1.5529913638714272e-06 0.0 2.942954466120232e-07 0.0 0.0 0.0 0.0 0.0 0.0 1.1821641530798253e-07 0.0 0.0 0.0 0.0 0.0 0.0 7.83842497874055e-07 8.44135074681625e-07 3.5319512209135245e-07 7.274909487082797e-05 3.965368955972262e-06 6.810276751536342e-05 6.4194293078714e-06 1.645409990409571e-05 8.571436107384603e-06 4.3450177250113953e-07 3.5217573835374377e-06 1.2947013769213342e-06 0.0 3.438958764077544e-07 0.0 3.816195312832606e-06 5.6121270604175436e-08 0.0 0.0 1.3120675438644983e-06 0.0 1.57227520215688e-05 5.114640968617153e-06
2.231432379913596e-05 6.974539122805014e-05 3.629000476573678e-06 4.280882933066026e-05 9.988348567499595e-07 0.0 1.8880589484497133e-05 1.2215471969504525e-06 9.061704488864717e-07 9.925144679295455e-05 1.228851696239287e-06 1.0054303790358328e-05 9.50884177612006e-06 8.312433528310426e-06 1.1016386517872604e-07 3.9375238038552736e-07 0.0 0.0 0.0 0.0 0.0 7.232919890621571e-08 0.0 0.0 0.0 0.0 0.0 0.0 0.0 0.0 3.276531498656752e-06 0.0 4.809918109084427e-06 0.0 0.0 1.6902738200065508e-07 3.960448370308497e-06 7.520870431078722e-07 6.926562389477966e-07 0.0 0.0 0.0 0.0 2.057598123631594e-07 0.0 7.167035332025346e-08 2.4979324975537154e-07 0.0 0.0 0.0 1.0964123631417067e-07 1.3410888575814988e-06 3.8894598191517937e-07 0.0 0.0 3.072278033920191e-07 3.311159413250565e-05 6.358327200825789e-06 5.0149576001871e-07 1.599836296969412e-07 0.0 3.3833362573261924e-06 0.0 8.175442653473865e-08 0.0 0.0 1.676222279807438e-07 6.578148110562025e-08 0.0 4.850485821817438e-08 3.263816808654583e-05 0.00017026538415297905 7.0924766681908856e-06 5.989940092544912e-07 1.0827663792183983e-07 8.13799804052726e-08 5.0910205676713316e-08 0.0 0.0 1.4343175110179868e-06 0.0 5.234535961730003e-07 1.125757764462638e-07 5.121170454442326e-07 0.0 1.1379632101115121e-07 0.0 6.322708231491915e-07 6.36292837136452e-07 3.834117057993497e-06 6.44298483768393e-07 1.0921103615604928e-06 4.3260790325034855e-07 2.0883053570884268e-07 1.6907925210103606e-07 0.00022991916707762933 0.0001455785475028177 1.7505541724179396e-05 6.416307920706736e-06 0.00010212221573796384 0.0 7.865948373908424e-07 0.0 0.0 0.0 2.77939767453421e-07 4.1156380292120263e-07 2.046929532614954e-07 1.919904772308526e-06 8.651362440512899e-07 6.660827531548351e-08 1.0217489575950742e-06 7.50867775563113e-07 4.1436140777537346e-07 5.999663800359165e-07 7.400405362032752e-08 0.0 0.0 0.0 0.0 2.704999375387788e-07 0.0 2.1984955147340556e-07 0.0 0.0 0.0 0.0 0.0 0.0 0.0 0.0 0.0 1.916296479335092e-07 0.0 0.0 3.4095564366989875e-07 2.4210337334261777e-07 0.0 0.0 2.414961744715913e-07 0.0 3.9085295644542346e-07 5.93984021012457e-08 6.080373110642238e-08 0.0 0.0 0.0 0.0 0.0 0.0 0.0 0.0 0.0 0.0 0.0 0.0 2.966611878311239e-07 5.554824598317745e-08 0.0 0.0 0.0 0.0 0.0 0.0 0.0 0.0 0.0 0.0 0.0 0.0 0.0 0.0 0.0 0.0 0.0 0.0 3.520670926086046e-07 4.049398734528782e-07 0.0 0.0 0.0 2.113383128401983e-07 0.0 0.0 0.0 0.0 0.0 0.0 0.0 0.0 0.0 0.0 0.0 0.0 0.0 0.0 0.0 1.58393080649857e-07 3.2849979410620105e-07 4.423415703323646e-07 6.645232047952207e-06 4.0370360627573786e-07 1.368950610960158e-06 0.0 2.5135790932289602e-05 1.7580945347183503e-07 0.0 0.0 4.696790738127543e-06 0.0 0.0 0.0 6.633816858100539e-06 0.0 0.0 0.0 0.0 0.0 3.3446819336364845e-05 6.758965288636717e-06
0.00021684037430269446 0.0013921925316885456 6.263974942427605e-05 0.0001826560688836465 0.0005514608833337392 1.8880589484497133e-05 0.0 1.7310847723108485e-05 0.0005956747048266636 0.0007477211918940524 9.899913279109655e-05 8.615889516860021e-06 0.00046492355550274066 0.0008198223790834275 1.7576611055236185e-05 2.097173669909643e-06 8.994993590275698e-08 2.2908754114483244e-07 8.229863815639349e-08 2.3112585142450522e-07 0.0 0.0 4.348172001959774e-08 3.0963976305973663e-07 3.999635754590743e-07 0.0 4.0667137871589885e-08 1.0781648996631352e-07 0.0 0.0 9.892724947326207e-05 6.591125725233223e-06 3.7589118459418356e-06 2.182538087147199e-07 4.9991819711217475e-08 2.4481031721384444e-07 7.031675144877279e-07 7.961009752276251e-08 1.2082601152527127e-07 1.7378045091904658e-07 6.441490575209917e-08 0.0 1.749740663685122e-07 2.5252261780220786e-07 1.2001429210986992e-07 5.364976754603339e-08 6.958185189775974e-05 2.0266235164122822e-06 9.362908301632471e-08 6.815815704226469e-08 3.8434518740861556e-07 0.0 0.0 0.0 5.271094553539032e-07 4.478087321527222e-06 2.16059421444478e-05 9.416400413038993e-05 1.1591678177230691e-05 2.3558283760422993e-05 4.433418494020796e-08 1.08914860563499e-06 0.0 5.559225482210905e-05 2.208461469171288e-06 3.598730616926231e-06 1.3723862158151608e-06 2.2086056570299985e-06 4.050407245352154e-07 7.299445416521963e-07 1.1511157173431761e-05 4.0275819439446065e-07 0.0 5.2687561755477366e-05 8.953524822936961e-05 9.544125188868936e-05 4.457309407666914e-05 1.1359785011694206e-06 8.626484748096447e-07 2.029362073047099e-06 9.612040408654883e-08 2.2111020117189214e-06 7.499403179146869e-06 9.961856431239603e-08 1.7847714219108158e-06 2.9817011183652324e-06 5.731379742190465e-07 1.8131198055895324e-07 1.1165197934066653e-06 0.0 6.800385280135803e-07 4.294252340118821e-08 5.907789275983808e-07 5.170744450293707e-07 2.100552501353742e-07 2.435491370121563e-05 5.96445561452051e-06 6.676522592929791e-08 2.408760713680124e-07 8.514119473712167e-05 0.0 3.5338144267888676e-06 2.655223565679011e-06 3.5810934499301936e-07 8.97729520822149e-07 7.704737762422681e-06 2.5148184937592796e-06 1.4460839223589988e-05 1.3942548586288824e-05 7.3893419297954974e-06 4.046330837008982e-06 4.6147383775844915e-05 3.216043675523875e-05 8.982704892594479e-06 4.256779308820492e-06 1.1759136793988264e-07 0.0 0.0 0.0 0.0 0.0 0.0 0.0 6.734396549460283e-08 0.0 0.0 0.0 0.0 0.0 0.0 0.0 0.0 0.0 0.0 9.279300863044872e-07 5.056989716206279e-06 0.0 0.0 0.0 3.4728411424064293e-06 2.4470722855396423e-07 2.4747044731424267e-06 5.484260040182262e-07 0.0 0.0 0.0 0.0 0.0 0.0 2.0410040102949412e-07 0.0 0.0 1.3748219995406117e-07 0.0 0.0 0.0 5.498031082723987e-08 0.0 1.3264071135335918e-07 0.0 0.0 0.0 5.0180662320428384e-08 2.453486426290176e-07 0.0 0.0 4.874517657799367e-06 3.86087564096637e-07 0.0 0.0 0.0 5.666095122438296e-08 0.0 0.0 0.0 0.0 1.3134332472701647e-05 5.542332735297189e-07 0.0 0.0 0.0 6.042775266449481e-06 0.0 2.169872095172088e-06 1.4438551015254577e-07 2.6605388213012165e-07 0.0 0.0 1.7704397079632117e-07 7.252518984967382e-08 5.5909270370476284e-08 0.0 0.0 5.229466675821534e-08 0.0 0.0 6.77294245265184e-08 5.650284801613301e-06 3.1233704067043935e-06 3.998942727308571e-06 0.00014265141270248028 6.929611150311295e-06 0.00011961203125710763 1.793491005074911e-05 9.640087317293673e-05 1.6190942999835064e-05 9.785954131330551e-07 9.705649346027138e-06 8.973664338425726e-06 1.7179579037713508e-07 9.022483105317708e-07 6.65815733085977e-08 1.758275571495487e-05 1.1250128112337237e-07 0.0 1.0048368401847818e-06 3.392091161079959e-06 0.0 8.5287090172791e-05 1.620479074176941e-05
0.0001115102939276213 0.00041013663925460614 0.0021747156184679485 2.5230970764512856e-06 0.0001697452535456119 1.2215471969504525e-06 1.7310847723108485e-05 0.0 0.00011726937752691155 3.9645480219072455e-06 0.000359546502916989 2.3437320929035608e-05 0.00020596249471338264 0.0006429139084959746 5.7424142326094396e-05 2.94582270247371e-05 1.4773408515501668e-06 5.6685235977365984e-06 2.1765844182610876e-07 2.4483696114051445e-05 2.647506341675435e-05 1.2140281880647507e-07 7.104705931195931e-05 1.788334367638868e-05 1.7517512894342593e-05 1.2416647726377146e-06 1.1398052647359743e-05 2.176202242995217e-07 7.354378131357006e-07 9.257870156971857e-07 0.0007208678626168117 0.0008389676084201863 7.855246316773614e-05 2.540705950936067e-05 4.116878736174891e-05 1.145175767674183e-05 2.4216549087798938e-05 4.1606016473212425e-06 4.55995960249977e-06 4.069141071068248e-06 1.0113930120075518e-05 1.488482755743547e-05 2.2710643682474713e-05 4.475050176737046e-06 6.916623803480863e-06 4.8654286103735435e-06 0.00011972318383743618 1.7630635764082753e-06 1.1735475882091952e-06 1.0349278749433087e-05 2.341213888139622e-06 8.84772416657913e-07 2.2990287940444643e-07 1.0020449912289165e-06 3.7486698392175775e-07 3.217014504945728e-06 1.6977465612988375e-05 9.51823680017484e-05 9.180973235774242e-06 2.0078961487694092e-05 3.207708124331009e-05 1.663699292492796e-05 1.690121922371507e-05 0.0001648189807713664 1.254186923001555e-06 3.906230902161243e-06 1.3454603767132662e-06 3.850691003347536e-06 1.1256415318031612e-05 0.00011777263944672201 2.0778358051096445e-05 3.2973203215452776e-06 2.1013908296987605e-07 4.154602795750362e-05 9.34883049204962e-05 0.00015067299441229423 0.00017481363880864304 7.161822997896243e-05 0.0004567896607736104 0.0005368477717981446 2.6291468924670096e-05 0.00028100064701789006 7.277374971764734e-06 1.4470116867901035e-07 1.719150029984515e-06 2.61132923040354e-06 2.479419801089848e-06 6.446452710566493e-08 1.111580268380236e-06 3.7042383252388854e-07 1.4659618464175346e-06 8.324142972639818e-07 5.0920204048101746e-05 1.153830590280781e-05 5.6490116944531515e-06 1.5891558914688837e-05 3.954807601138602e-06 6.354134207618755e-08 3.534570739167672e-06 3.148862359578104e-05 1.5800880183771033e-07 8.70764421728256e-07 1.6597336304625655e-06 5.4530174262750396e-08 8.41379414167886e-07 9.513145028659766e-07 8.382852763044524e-07 1.8991865615592355e-06 1.5660294638750106e-06 3.2063962389468063e-06 2.3642571690646196e-06 3.3442437969658036e-06 3.930393682968072e-06 1.111117618507723e-06 2.850118937559521e-06 5.4194079691138576e-08 7.159288324784975e-08 0.0 8.725108938161065e-07 0.0 0.0 5.570207292384948e-08 0.0 0.0 0.0 1.8579348351467665e-07 0.0 4.832518744303531e-07 3.21168283793948e-07 5.076686668269453e-08 5.051219982895761e-08 3.1441657785095545e-07 3.8112273694544535e-07 4.984077391933848e-08 4.6789432984119167e-07 2.7555891383664173e-06 1.704713231800387e-07 9.817610120004156e-07 8.519750363288434e-07 2.551583627750964e-06 7.858280370653845e-07 2.5756112305787054e-06 2.9638028137837277e-06 1.7635389369126212e-06 0.0 1.4178491264560874e-07 7.016224094863837e-08 0.0 0.0 2.726377325264821e-07 0.0 0.0 0.0 6.158415422094785e-08 0.0 3.351974221559956e-07 1.979588016914067e-06 7.235858935693478e-07 1.5247743196652298e-07 0.0 5.1079956276539036e-08 0.0 1.412543722132017e-07 0.0 4.478195622514157e-07 2.2787844620094002e-06 5.493690416845296e-06 6.420884012506151e-08 0.0 5.157068197642573e-08 0.0 8.812308600862405e-08 0.0 0.0 0.0 3.7395702331063763e-07 1.1875380097781853e-05 1.214299478518703e-06 1.940553830370156e-07 5.973729271401358e-08 6.112585738614437e-07 4.621832631332299e-06 0.0 2.4783659355749143e-06 0.0 4.009906347205809e-07 1.741036077502892e-07 0.0 0.0 1.9371624297716721e-07 2.5427269011881737e-07 5.611434937846424e-08 0.0 5.453675668720302e-08 2.6956936962033674e-07 2.2838813993128977e-07 1.270502858166361e-07 4.552535755813733e-06 5.522364980504949e-06 4.897331488364302e-06 0.0002563581899073605 1.0321559936677738e-05 0.00018022275510872512 3.4490821378657164e-05 2.677542997342722e-05 1.730019958302935e-05 1.5580766627932281e-06 1.2717396283330622e-05 4.926567546232887e-06 7.29247519493645e-08 6.115518640586598e-07 9.070098532047179e-07 2.534933459559923e-06 0.0 0.0 1.7422591128154931e-07 8.403288581083235e-06 1.193759533077792e-07 1.7758575056955747e-05 1.2084856653029012e-05
6.69750536650804e-06 0.00040070189546196304 0.0001384017209074964 4.625824242560465e-06 0.001359823490061575 9.061704488864717e-07 0.0005956747048266636 0.00011726937752691155 0.0 9.50346916740172e-05 0.00039222377915672273 7.336980120818629e-06 0.00029700841518498446 0.0002557896976541841 1.2082729766697215e-05 2.8422397903821196e-06 1.0634320338560891e-07 9.65122817269239e-08 0.0 4.672620001075775e-08 3.2839492208584986e-07 0.0 4.030245145222568e-07 6.597322772561909e-08 1.8534842152288457e-07 0.0 1.5383739511086545e-07 5.8493467662643106e-08 0.0 6.483033566458233e-08 3.189024218932668e-05 3.788349256004565e-06 4.45731546476326e-06 6.361698783412191e-08 0.0 0.0 6.137760980443925e-07 5.24533895632285e-08 4.5557562777158926e-08 0.0 4.6873167156716025e-07 4.2675421052024743e-07 1.270965005421622e-07 5.6562702582482686e-08 0.0 4.6059096609503687e-08 3.667383884724672e-05 2.170548059529336e-07 1.8250444185028523e-07 6.48860256560767e-08 3.2265866680739375e-07 7.974424792880107e-08 0.0 0.0 1.1089857246188643e-07 1.245300765406356e-06 2.13773834832369e-06 1.0340104964461711e-05 3.011705413672306e-06 7.832797932883176e-06 3.4188010571950466e-08 1.5026408467046316e-06 1.4851048621460087e-07 1.4257222727558121e-05 5.515766546762104e-07 1.3518207485871334e-06 3.3400024743176943e-07 7.678805616242956e-07 1.437331650830395e-07 1.051331456504476e-06 1.0148896226830276e-05 2.3863811406976133e-07 0.0 1.0950473708463738e-05 2.1933383988808518e-05 4.111150624040531e-05 2.6330183450364986e-05 1.4720800759149604e-06 1.084282931836752e-06 8.544896758610765e-06 0.0 1.5280787302482526e-06 1.824251590049935e-06 4.2791544624942785e-08 3.5664690377568037e-07 7.17153561797392e-07 1.4174521332890168e-07 4.834487328539568e-08 3.5959889775722706e-07 0.0 9.254393981596913e-08 4.7223604935456615e-08 8.23922720273045e-07 4.0601446541403777e-07 2.5456012389427784e-07 1.9325896384922125e-05 5.046990484783889e-06 0.0 4.466322202098701e-07 4.97308058440563e-06 0.0 1.146301786687924e-06 9.823307342399153e-07 2.7829600766910125e-07 1.1522723658522388e-06 1.3363799333501744e-06 2.593151526476422e-06 2.364284530058568e-06 2.6746279796093053e-06 5.576708575797667e-06 3.3941280826467806e-06 5.698121983074244e-06 7.679719478653186e-06 2.027917606911919e-06 3.0019546092035507e-06 5.4679217031803906e-08 0.0 0.0 0.0 0.0 0.0 2.953519853061178e-07 0.0 0.0 0.0 0.0 0.0 0.0 0.0 0.0 0.0 0.0 0.0 0.0 5.82598511640278e-07 5.9288424159773025e-06 0.0 5.914701529046282e-07 0.0 2.717477183740751e-06 1.8192944026809704e-07 1.5866534953205943e-06 1.0744674088814242e-06 5.652651414035639e-08 0.0 0.0 0.0 0.0 0.0 0.0 0.0 0.0 0.0 0.0 0.0 2.438808811149915e-07 0.0 5.889404244301884e-08 0.0 1.6818402748311923e-07 0.0 0.0 4.137362859454585e-07 2.6070191683308445e-07 9.939515280553672e-08 9.22430597259424e-07 4.295265862222346e-06 0.0 2.3999515086477137e-07 6.207274286674188e-08 0.0 4.711069103907737e-08 0.0 0.0 0.0 0.0 1.2253847708833184e-05 3.4889726803323847e-07 3.5290935998364036e-07 0.0 2.1582341602468057e-07 3.51079253129716e-06 0.0 2.0169872975076547e-06 0.0 1.414249679546285e-07 6.193206997801187e-07 1.2641680192488825e-07 0.0 3.2176018076197666e-07 5.467001355146067e-08 0.0 0.0 0.0 7.889401313955233e-08 0.0 0.0 4.942234740280037e-06 2.5991340493158742e-06 4.255805344556225e-06 9.797545102072138e-05 2.843650104605816e-06 5.9424401132750794e-05 8.924352790687757e-06 1.2240285200327665e-05 6.859209123702663e-06 5.631985765881608e-07 5.702446349261616e-06 3.8230406768465995e-06 0.0 5.311683912321686e-07 4.145412181664158e-07 7.90751498816757e-06 0.0 0.0 8.467485540825702e-07 1.6225374333003224e-06 7.272503791515275e-08 2.130847232364351e-05 1.0103730068860966e-05
0.00033894439889735437 0.0004184946728782825 1.6617823706086758e-05 0.0009496082171048881 0.00012134450278131774 9.925144679295455e-05 0.0007477211918940524 3.9645480219072455e-06 9.50346916740172e-05 0.0 6.449579075503491e-06 0.000438072944405659 0.0015082610223798717 0.00020453678727416503 1.1087792070086092e-05 7.845293485486669e-07 1.3250450952431535e-07 7.893467673676461e-08 5.113553457531079e-08 0.0 7.774205162943948e-08 0.0 9.04254974540037e-08 0.0 2.2440594439964035e-07 0.0 0.0 6.304176286648851e-08 0.0 7.275853828575485e-08 2.439009375165746e-05 2.717813803268159e-06 2.7593022076767706e-05 6.066902968295229e-08 7.542637853479501e-08 0.0 4.80944180663812e-06 2.3540443848796865e-07 6.458873388091841e-07 7.420513775193667e-08 1.2647669156275283e-07 0.0 0.0 4.59269455031999e-08 6.104223602319737e-08 4.5544621313698947e-08 4.118406351212801e-05 1.065548905073757e-06 0.0 7.046301455826955e-08 6.011104560398125e-07 0.0 6.734545473090434e-08 1.3777936216566122e-07 5.896398107513682e-07 2.627841190019621e-06 1.425729610967688e-05 5.915493222328828e-05 6.139461874454771e-06 1.5876023559008367e-05 5.984117439222424e-08 1.8950215250406704e-06 0.0 3.822141056003121e-05 1.2510907746691145e-06 1.9000950329340546e-06 1.004004219337889e-06 7.460840805001811e-07 1.7713782619113207e-07 6.903298284594183e-08 2.4338392132302317e-05 1.8300771287677567e-06 0.0 2.9540055414192754e-05 6.072739363917998e-05 5.580293326551337e-05 2.1383010279647198e-05 6.519051230411655e-07 3.9447741507890955e-07 2.67776559200347e-06 1.9885793183152423e-07 5.385670363168928e-07 5.52063528094094e-06 1.330660260717935e-07 1.252137506742164e-06 2.2452782684933622e-06 1.7846080787501769e-07 0.0 1.184379984049727e-06 1.6248814540079663e-07 2.2414573014068037e-07 1.9419668177730134e-07 0.0 1.401293956648719e-07 3.2860667659555923e-07 0.00010409187459202352 2.2726171856313115e-05 1.0787625674218325e-07 6.484259803628882e-07 0.0001491795172051387 3.599564596701249e-07 1.368490765319601e-05 1.6675585437492665e-05 3.5038190639211305e-05 1.0605648872512747e-05 2.7105458122349462e-05 3.133075668093194e-05 4.5869662375110386e-05 0.00011118665838136955 6.103766549369552e-05 2.3233581265715427e-05 9.649565876335698e-05 7.437741784195905e-05 2.4225395248230164e-05 1.713204986755062e-05 2.225999661522728e-07 1.774193923755647e-07 0.0 0.0 0.0 0.0 0.0 6.394674942836162e-08 0.0 0.0 0.0 0.0 1.3939623346437436e-07 0.0 0.0 0.0 0.0 6.683189159233426e-08 0.0 2.3611357558383237e-06 2.418758815889087e-05 0.0 0.0 0.0 9.566006104106711e-06 9.550510749313298e-07 5.436573833774472e-06 6.99241478057008e-07 0.0 0.0 0.0 0.0 5.731122253233938e-08 0.0 2.8533611166805956e-07 0.0 0.0 6.486982723282535e-07 0.0 0.0 1.7529360063245146e-07 0.0 0.0 5.256205541305777e-08 2.540615313036286e-07 0.0 1.361708082516919e-07 7.110503512480664e-07 1.3467054415538576e-06 2.366254112082927e-07 0.0 9.179167049033797e-06 1.0043163148665022e-06 0.0 4.451560333414683e-07 0.0 5.372139608904452e-08 0.0 6.041497341609898e-08 0.0 1.6864642046236993e-07 4.2161686226847656e-05 0.0 8.042007080860038e-08 5.6233793576025526e-08 0.0 2.3055363717144075e-05 7.209806198604242e-08 4.5614595650257244e-06 0.0 6.173334070130443e-07 1.8159363982065475e-07 7.52331128937687e-08 5.913229418962253e-08 0.0 2.6898085694180323e-07 0.0 0.0 9.718357360527589e-08 0.0 0.0 0.0 3.001804343771494e-05 8.032634564750405e-06 7.761183444539679e-06 0.00017428796754601644 4.193722594021537e-06 7.965561970128516e-05 1.229897195969297e-05 0.00020196983424005773 1.198738260016004e-05 5.394761852942286e-07 6.735315192319043e-06 4.594554365948892e-05 7.422349631244335e-07 2.1480164876437135e-06 1.357137288675649e-06 0.00014157604382163464 6.379355541311774e-07 0.0 1.6853375452383493e-06 4.586612632126684e-06 0.0 0.0005366282305930475 0.0001431230599226936
4.323412455871447e-05 0.0003079937606496371 0.0005583667664671663 1.6941053301415056e-05 0.0004112575292268319 1.228851696239287e-06 9.899913279109655e-05 0.000359546502916989 0.00039222377915672273 6.449579075503491e-06 0.0 1.6296007396008584e-05 0.0005629483059488165 0.0009332643740054857 1.8234347603201653e-05 7.864470035093563e-06 4.503786175117225e-07 1.6743917477765493e-07 0.0 6.293138700107608e-07 1.2227345389919976e-06 3.8324994346304507e-07 2.6827974757422272e-06 1.5141238601005604e-06 3.1204112532193276e-06 3.3494057729416775e-07 1.924785241669419e-06 0.0 2.486307109444273e-07 3.7625089770891895e-07 8.067991645551408e-05 6.4669806751013614e-06 4.8732952464767755e-05 2.7279033457029616e-07 1.361109893525517e-06 1.190931685557429e-06 1.3828194159081323e-05 1.4083780080109343e-06 2.216384005248333e-06 1.2194580031894482e-06 1.7253406847663738e-06 2.1161906701853757e-06 5.882056315159409e-07 1.390298046385374e-06 2.9306557942788845e-07 1.4430080611480756e-07 3.661391547073375e-05 3.929878511454296e-07 3.1139749005093574e-07 6.959339698624781e-07 3.888868964649176e-07 1.3870028355596033e-07 1.0395771117005966e-07 1.2931114756920414e-07 1.5045730898518213e-07 1.2912277146326465e-06 5.133270622253961e-06 1.8244550264302826e-05 2.8115510271785167e-06 5.3594457868259534e-06 1.500123735784757e-07 4.087973059795156e-06 6.601133728257431e-08 1.448313477386037e-05 4.0810475376372344e-07 5.396314456248409e-07 3.6191620156562164e-07 7.6059250722732e-07 3.305558672518599e-07 6.991123828635948e-06 1.8053705868332553e-05 1.4349613153173045e-06 1.0236349115549226e-07 8.655666035576954e-06 1.8446415463121228e-05 4.003771555539165e-05 3.637522671518355e-05 3.995032409767013e-06 8.937818182370966e-06 0.00014313859247860983 1.2426778926474395e-07 1.1099965798724837e-05 1.5057008252103998e-06 9.141607042612371e-08 4.789494446937028e-07 7.535226147792412e-07 4.5437015800116377e-07 1.8370334408862113e-07 3.2821117266479007e-07 0.0 3.112489759607693e-07 2.9685237598750966e-07 8.118164417525604e-06 3.091841252563494e-06 1.46395771038789e-06 2.80726285799638e-05 8.75755144464876e-06 0.0 2.8610123287958718e-06 1.1862173371551854e-05 6.404147974949967e-08 1.3425557143844718e-06 4.5404266749228384e-07 0.0 9.20598352606789e-07 2.0826430870694286e-06 1.5770288328896661e-06 1.989588610987672e-06 4.61496377089256e-06 2.8575569543289663e-06 3.28115058843128e-06 6.016667356878368e-06 7.830334512655061e-06 2.152078964181286e-06 4.076046711921545e-06 2.6030639800995226e-07 1.239142073358618e-07 0.0 0.0 0.0 7.246845739276842e-08 0.0 0.0 0.0 0.0 1.1631670080470823e-07 0.0 1.2829197381391396e-07 0.0 0.0 0.0 0.0 1.0328024640723798e-07 0.0 3.655507423288689e-07 5.719406933867339e-06 0.0 4.746606973155724e-07 2.1476218251314548e-07 3.0697972938738886e-06 8.948314371947166e-07 2.3527834857341195e-06 1.0999908490505655e-06 2.2180025742764297e-07 0.0 0.0 0.0 0.0 0.0 1.770887223471811e-07 0.0 0.0 1.3120967068343718e-07 0.0 0.0 0.0 1.154638524057504e-07 0.0 5.1962194753906884e-08 0.0 4.8621703698389575e-08 0.0 0.0 9.045534174948561e-08 0.0 5.432242952178282e-08 4.5124248104698434e-06 0.0 0.0 8.432420801950695e-08 0.0 0.0 0.0 0.0 5.674904327470705e-08 5.153094542881111e-08 1.6755540241095953e-05 2.895710082615279e-07 0.0 0.0 7.424203358130622e-08 4.3442923477936635e-06 0.0 3.2043669348236666e-06 0.0 2.266041837657305e-07 0.0 5.7043703569320555e-08 1.4190440524334988e-07 0.0 5.4256326045450264e-08 0.0 1.0505595592677764e-07 0.0 5.799841573130059e-08 6.249678428813844e-08 0.0 5.454479472844759e-06 6.548338469608833e-06 5.33307143798814e-06 0.00012526174695079139 3.446631402580108e-06 5.9479846308689575e-05 1.2435355747351227e-05 1.504508973016715e-05 6.877966706460853e-06 4.098620339840321e-07 8.593539196201564e-06 3.7869784028197675e-06 2.6935073483891443e-07 1.083573240000366e-06 5.015604152127392e-07 8.761221179788902e-06 0.0 0.0 0.0 3.3922811057240333e-06 2.5863116354058364e-07 1.9995945852997254e-05 1.2684608545806605e-05
