0.0 0.001541839179471826 0.0005541699121597048 0.0008313152228285254 0.00018651845945381846 3.312866191201413e-05 0.00037967385004050096 3.654141548053407e-05 5.2315771997475186e-05 0.0005001417813679984 0.00017742048476107063 6.209179401340479e-06 3.5902856884463866e-05 0.00015932953481225087 6.936934042999866e-07 2.9446349741991985e-07 1.5114516527467424e-07 0.0 6.988235806195758e-08 0.0 6.482894818142e-08 0.0 0.0 0.0 0.0 9.61358610224197e-08 0.0 0.0 0.0 0.0 0.00017506941608419358 2.652321755786312e-06 1.7875709984096547e-07 0.0 0.0 0.0 0.0 0.0 3.637744828347374e-07 0.0 6.900800634661983e-08 3.73355715990247e-07 0.0 9.909170604326359e-08 0.0 0.0 6.748950329947329e-06 9.408181663803591e-07 6.257603413784182e-08 0.0 5.106902493782915e-08 0.0 0.0 0.0 1.0440281669044975e-06 4.595116440982869e-07 6.228693589418124e-05 0.00017768347225033328 1.6324331733506034e-06 7.2499619226927685e-06 0.0 6.356113922617217e-08 0.0 8.293602249833382e-07 5.488816800854192e-07 2.8981561564479834e-07 1.0484369189515912e-07 1.8713884878636262e-07 5.691487389493884e-08 1.2753674704777183e-07 4.6121318549815956e-07 0.0 0.0 0.00011587882822432054 2.579176418147843e-06 5.7475363533673985e-06 6.516840266007833e-07 3.8057743377668256e-07 3.9475783524865584e-07 1.3114563934278464e-05 6.752877664643092e-08 4.5000197958251855e-07 1.483920774265922e-06 8.539315535923172e-08 7.661817414816334e-07 9.332325304027738e-08 2.014942279285633e-07 0.0 0.0 0.0 4.791806464440047e-08 0.0 2.555604016438993e-07 1.5482117553786937e-07 8.412392225513253e-08 3.727367327398157e-06 0.0 0.0 0.0 0.0005739931108683315 5.3266008459246565e-08 9.817408497065012e-07 7.40795957968428e-07 5.44317960003457e-06 2.6619180353840337e-07 1.3452637810704516e-06 1.0758819941841022e-06 8.120629533510694e-08 1.3054294364244995e-06 3.6228103090988393e-06 1.201112875682815e-06 1.898643078027306e-06 1.4918518832990508e-06 4.1903404512790417e-07 9.043202275361182e-07 0.0 0.0 0.0 0.0 0.0 0.0 0.0 0.0 0.0 0.0 5.7020446668486555e-08 0.0 0.0 0.0 0.0 0.0 0.0 0.0 0.0 1.1079040086270931e-07 2.467560657666272e-07 0.0 0.0 0.0 9.209736703684535e-08 0.0 4.894443289771156e-07 0.0 0.0 0.0 0.0 0.0 0.0 0.0 0.0 0.0 0.0 0.0 0.0 0.0 0.0 0.0 6.714863210230544e-08 0.0 0.0 0.0 0.0 0.0 0.0 0.0 0.0 6.301240400982018e-07 0.0 0.0 0.0 0.0 0.0 0.0 0.0 0.0 0.0 1.6881954739481987e-07 0.0 0.0 0.0 0.0 8.585677841786473e-07 0.0 7.649461100344913e-07 0.0 0.0 0.0 1.750902605459775e-07 3.512728226211225e-07 0.0 0.0 0.0 0.0 0.0 0.0 0.0 0.0 1.4192214339498966e-07 1.6688791307617696e-07 0.0 4.533143151702577e-05 1.1107399293067372e-06 1.53553187566423e-05 2.762501905426233e-06 0.0002617659629572432 5.209653388621055e-07 0.0 1.4936739888751143e-06 5.533438700501862e-06 0.0 0.0 0.0 7.103262361896701e-06 0.0 0.0 0.0 2.3506892237675383e-07 0.0 7.008384685816865e-05 0.0
0.001541839179471826 0.0 0.0008223314454378096 0.00044778793282803677 0.0014057948727965767 5.825644533275393e-05 0.001953146906939919 0.0003994651224622555 0.0008670373023100835 0.0004247435820664213 0.0009439936387901405 3.5071199349144495e-05 0.00044857935685111496 0.000776865624248583 2.6078651365247786e-06 1.6206064668132683e-06 9.013764224210227e-07 9.153081035200466e-08 0.0 1.0502754469590958e-07 2.112448315981946e-07 0.0 0.0 0.0 2.0914331764941544e-07 6.679474831260369e-08 4.763530917788693e-08 6.639644759060969e-08 0.0 0.0 0.0005445162174403239 3.472747724677429e-05 9.961892388405942e-07 5.1679052562367546e-08 0.0 0.0 7.891366989840032e-07 0.0 5.283710229684029e-08 0.0 4.368775019244874e-07 7.777377978176918e-07 9.818868903232557e-08 2.8029382178398185e-07 2.2622719055222734e-07 5.882834859574018e-08 6.98861153003049e-05 1.264128049902949e-06 6.659874552696661e-08 4.469308025845246e-07 3.452588415401966e-07 1.5874959038517308e-07 0.0 0.0 4.611968635139325e-06 1.452829200299191e-06 6.263687616755394e-05 0.00035995907694732896 4.435498862832539e-06 3.296177054864496e-05 7.234825459825106e-08 3.735361356978726e-07 0.0 1.401986393494465e-05 1.5398193287568848e-06 1.5210341862120728e-06 2.2242685622227462e-07 8.147744295648986e-07 5.716019557449422e-07 8.833506367317592e-07 4.4031916402222355e-07 2.609934675923863e-07 0.0 0.0003374060889876723 2.7454665935912722e-05 5.1323002071227273e-05 4.414553620157577e-06 1.6720202768120267e-06 2.5057206607794236e-06 7.200357593224908e-05 1.4472473073557624e-07 1.3747612233564772e-06 5.502069197350839e-06 0.0 3.0220248808500307e-06 8.009858410257073e-07 8.531271434094582e-07 0.0 2.775730266831034e-07 0.0 1.4031132784489044e-07 1.0038363608968497e-07 2.5841478603500456e-06 1.0672163889808092e-06 1.56079132410242e-07 3.427279068090398e-06 7.509116115803493e-07 0.0 0.0 0.00037853705583083423 0.0 1.2176624313284074e-06 1.4981673092201847e-06 1.3744466529550198e-05 9.890767367591885e-07 3.373481487472442e-06 4.079619943789188e-06 2.185580237725438e-06 7.869253363751493e-06 4.2723646346114995e-06 2.7433719468607345e-06 5.569204310358976e-06 3.6139967609736827e-06 2.071960101254666e-06 1.7054363747417538e-06 0.0 0.0 0.0 0.0 0.0 0.0 0.0 0.0 0.0 0.0 0.0 0.0 0.0 0.0 0.0 0.0 0.0 0.0 0.0 0.0 0.0 0.0 0.0 0.0 1.9992363254360973e-07 0.0 1.3221044444480165e-06 2.939512028703005e-07 4.912554335192982e-08 0.0 0.0 0.0 0.0 0.0 3.5453727450610823e-07 0.0 3.082704347754715e-07 0.0 0.0 0.0 0.0 0.0 7.367772851076887e-08 0.0 0.0 5.803451977004739e-08 0.0 7.926942537745003e-08 2.2800344472722816e-07 1.1052676132655104e-07 5.191066319725671e-07 1.0389435633481522e-06 1.4241533921411908e-07 0.0 0.0 0.0 0.0 0.0 0.0 0.0 0.0 7.785215647221521e-07 0.0 0.0 0.0 1.3783732673204178e-07 1.8489692408075697e-06 3.6492849748079795e-07 8.973561568527517e-07 0.0 5.9600918387854414e-08 0.0 2.9030540245061444e-07 0.0 0.0 0.0 0.0 0.0 0.0 0.0 0.0 0.0 1.0493125503369112e-06 0.0 1.3157991939672264e-07 0.00012566802093050644 2.4361049350301964e-06 0.00011945974217603544 2.289803047161034e-05 0.00026422518037990257 4.029004217862812e-06 2.250111497517244e-07 6.10920240102754e-06 9.870341062054542e-06 0.0 2.717411199368503e-07 1.1614489438628249e-07 1.2351697387724586e-05 0.0 0.0 5.242450435876878e-07 2.83999655237713e-06 0.0 5.6119585509311915e-05 1.417719686185985e-06
0.0005541699121597048 0.0008223314454378096 0.0 2.380441216492874e-05 8.14559168055624e-05 6.708629101832834e-06 2.4119861637744756e-05 0.001032464374901476 0.00014747588260121362 1.4271193296990276e-05 0.0009769571122286548 1.7925222204501467e-06 2.1338022776813457e-05 0.00033997145560640704 2.8233008735554294e-06 2.157177429270322e-06 1.1019459718282201e-06 8.363177631578434e-07 3.4672414622939434e-07 1.5830373788342732e-06 1.267854376652253e-06 0.0 5.389164668158099e-08 0.0 1.0055401795588956e-07 2.0463687724705252e-07 0.0 2.4035201237929315e-07 0.0 0.0 0.0014237259879260667 0.0003361970802764402 1.6420076916786785e-06 2.067225941514952e-06 0.0 5.443557247158245e-07 1.0305801769790077e-06 8.103672530254714e-08 0.0 0.0 1.1771112134943327e-06 2.1853711768020236e-06 1.1815414584931742e-06 7.169882173818753e-07 1.970266344540961e-06 8.821280187027449e-07 2.012848447828713e-05 1.240158833540472e-06 2.2752931323885797e-07 3.0621518743250483e-06 1.8582293971965551e-06 3.8100034750599924e-07 0.0 0.0 1.0531594584622719e-06 2.1949400054146395e-07 2.505249059391247e-05 0.0003946040084867734 1.010599076196481e-06 6.8129992401551015e-06 3.1913063787885766e-06 3.834693816417307e-06 3.8519448307316907e-07 2.6668319880682804e-05 5.127005146013905e-07 3.4481675821694475e-06 2.3386742131042987e-06 6.390837578391028e-06 8.853352263398542e-06 4.346639329169057e-06 5.348468341939972e-07 1.7359067858911154e-06 0.0 0.0001474649039821973 1.7351622618554512e-05 1.8150855648821698e-05 3.0651692879839164e-06 4.91014203687711e-06 1.2054784103162265e-05 0.00015122308172424312 1.981747247785338e-06 1.313234386853232e-05 8.817684486375567e-07 0.0 2.949242467250494e-06 1.6750555473711062e-06 7.369815658445237e-06 0.0 1.3421237942911193e-07 0.0 6.537005250550867e-07 5.155357644862854e-07 1.9853522301725586e-05 3.0168445290832287e-06 1.7840564467225182e-07 1.5316780889687167e-06 1.0053542008547874e-06 0.0 0.0 6.130586804424632e-05 0.0 4.060646930555079e-07 1.1754888843543648e-07 7.223277470225895e-08 1.0410422152393362e-07 2.1277687864491504e-07 3.524341919296087e-07 0.0 2.1163805491993582e-07 4.526979655976092e-07 9.335464004257143e-07 6.138344088178513e-07 1.4295190621372718e-06 9.467028388735476e-07 3.0053773306915664e-07 1.981292944301749e-07 4.6127818034936226e-07 0.0 2.0452384661188698e-07 0.0 0.0 0.0 0.0 0.0 0.0 0.0 0.0 0.0 0.0 0.0 0.0 0.0 0.0 0.0 6.876776550729023e-08 3.3154565033077475e-07 0.0 0.0 0.0 2.2311577962919547e-07 0.0 9.895266301973007e-07 1.3420183935162249e-07 0.0 0.0 0.0 0.0 0.0 3.7576970333289974e-07 0.0 0.0 8.772639277401674e-08 1.809894910052023e-07 0.0 1.2596639246093317e-07 6.213518094896007e-08 0.0 0.0 0.0 0.0 0.0 0.0 0.0 0.0 5.058858522684143e-07 1.2286057011815245e-06 2.084501857794396e-06 2.404654351713888e-07 0.0 0.0 0.0 0.0 8.852289101881256e-08 0.0 0.0 8.342029640330643e-08 3.9913667672989774e-07 1.0066402141475265e-07 0.0 0.0 4.0796213748179857e-07 1.4675877786850388e-06 9.180335116248133e-07 2.852990273218761e-06 0.0 0.0 0.0 0.0 0.0 0.0 0.0 0.0 0.0 0.0 7.304999534483428e-08 0.0 0.0 2.8098336438605543e-07 3.5445190813437933e-07 5.788879838279391e-07 2.170358364110391e-05 1.2774800473798934e-06 2.8930673936201983e-05 7.805172224436022e-06 3.729152779717152e-05 3.9603152311788194e-07 0.0 2.0292062789831767e-06 7.702576486143272e-07 2.3279461858062044e-07 7.787082864604438e-08 0.0 2.25053716666499e-06 0.0 0.0 0.0 3.422905850965127e-07 0.0 1.0103600149239176e-05 2.878947037222176e-07
0.0008313152228285254 0.00044778793282803677 2.380441216492874e-05 0.0 0.00023112607447571602 0.0002834533866196518 0.0003111897555313573 5.801802337918563e-07 1.5204504234699258e-05 0.0015779272591641554 7.535075360027495e-06 1.9412260278924315e-05 0.00014665043198818485 6.12846543942325e-05 0.0 0.0 0.0 0.0 0.0 0.0 0.0 0.0 0.0 0.0 0.0 0.0 0.0 0.0 0.0 0.0 4.7503172079171925e-05 5.248656938490693e-07 1.3469341150346245e-06 0.0 0.0 0.0 0.0 0.0 0.0 0.0 0.0 0.0 0.0 0.0 4.3262983005641424e-08 5.365686851948807e-08 1.3442943577873599e-05 6.886332589521762e-07 0.0 4.821973308285814e-08 0.0 0.0 0.0 0.0 1.4443461028671778e-06 4.964146122518488e-07 2.319550237683962e-05 0.00011040772586751288 1.7607784791887582e-06 1.642170472924383e-05 0.0 0.0 0.0 1.3543807313804931e-06 6.817140007980048e-07 7.679168191789746e-07 5.284062482926493e-08 1.7179455994561517e-07 0.0 0.0 0.0 0.0 0.0 0.00017766148415574205 7.294129484457123e-06 1.6309564372868944e-05 3.1358504525126e-07 0.0 4.97895613538169e-08 4.982284653325152e-08 0.0 4.215781597718851e-08 3.6043363258781876e-06 0.0 1.1466209158606479e-06 2.5981538001477525e-07 2.2520650926239718e-07 0.0 6.97061144816401e-08 0.0 0.0 4.90560730957618e-08 0.0 6.533529157762663e-08 0.0 1.4106987630676743e-06 0.0 0.0 0.0 0.0002678167708109191 3.723510787348198e-07 5.329266288418853e-06 4.691853021062699e-06 1.761756401613316e-05 1.5839957450119227e-06 3.933748215952616e-06 1.5468242766402536e-05 1.380800567358855e-06 1.3166796137950613e-05 7.647721849960234e-06 3.2418378528944995e-06 7.593968982112256e-06 4.508768655256743e-06 2.269417180227126e-06 1.4580174640040563e-06 0.0 0.0 0.0 0.0 0.0 0.0 0.0 0.0 0.0 0.0 0.0 0.0 1.3319506931289125e-07 0.0 0.0 0.0 0.0 0.0 0.0 3.620125148679003e-07 0.0 0.0 2.759014440087057e-07 0.0 3.6571396717192826e-07 0.0 9.854265331739718e-07 0.0 0.0 0.0 0.0 0.0 0.0 0.0 3.392578291577483e-07 0.0 6.089619208810077e-08 6.384495764436465e-08 0.0 0.0 0.0 0.0 0.0 0.0 7.777661466357695e-08 0.0 9.441387242261326e-08 4.030499178559854e-07 9.434268630787741e-07 0.0 0.0 2.261494588567321e-06 0.0 0.0 0.0 0.0 0.0 0.0 0.0 0.0 0.0 3.61965428516505e-07 0.0 0.0 0.0 0.0 1.3091659179743094e-06 0.0 5.323436070699375e-07 4.7545706479321135e-07 1.6844161819335214e-07 2.260155943686596e-07 0.0 0.0 0.0 0.0 0.0 0.0 0.0 0.0 0.0 0.0 1.389167954416681e-06 4.268031830289867e-07 0.0 0.00011681691732590477 1.1831791092731998e-06 3.832113627807723e-05 4.0123792924072346e-06 0.00031113283208504945 1.9780397273688128e-07 4.9928439946637616e-08 1.3229047817027595e-06 2.1506100748573526e-05 0.0 2.91353493445874e-07 7.289326879573218e-07 2.1993303721816585e-05 7.841267256434327e-08 0.0 0.0 3.912845281506453e-06 0.0 6.183930324077104e-05 2.620447962903003e-06
0.00018651845945381846 0.0014057948727965767 8.14559168055624e-05 0.00023112607447571602 0.0 6.381573373153736e-06 0.0007134002991805914 4.24481220469939e-06 0.0012544967254626079 0.00041123113182026474 0.00012863827783205024 4.107339682983556e-05 0.00015317523303987345 0.00047773623183407384 1.3276538158860328e-06 4.4232240826028465e-07 2.7074506197426205e-07 0.0 6.332197853838688e-08 8.621413245240047e-08 0.0 0.0 0.0 0.0 0.0 0.0 0.0 0.0 0.0 0.0 5.4363843879973314e-05 5.628796449935553e-06 1.15822350815241e-06 3.0033188508059047e-07 0.0 0.0 1.3982679594193748e-06 0.0 0.0 0.0 0.0 0.0 0.0 9.804904676548305e-08 0.0 0.0 5.264076828651613e-05 7.192877189807531e-07 0.0 5.554996137984397e-08 1.3941115569168203e-07 0.0 0.0 0.0 9.68917373132152e-07 3.619518337429286e-07 7.191945854938274e-06 5.104641187237036e-05 1.2547845498464002e-06 1.70451059990097e-05 0.0 0.0 0.0 1.3349383183409726e-05 1.0987679664665074e-06 4.972465903788982e-07 7.219748745849708e-08 1.4231615791053723e-07 0.0 9.293468400210117e-08 2.547657940083033e-06 0.0 0.0 8.74271675661128e-05 1.511924712683501e-05 3.921921282033061e-05 4.55876741857287e-06 9.174477874100209e-07 1.0164982825758948e-07 5.342195757443463e-07 0.0 1.3712079410125347e-07 1.958997852753769e-06 0.0 1.3508513602893666e-06 2.359842648112051e-07 3.524870815155747e-07 0.0 1.8364305183240882e-07 0.0 0.0 0.0 0.0 0.0 0.0 2.152823245516053e-06 1.0508655949792566e-06 0.0 0.0 2.185535892344586e-05 0.0 8.660263131512609e-07 9.910661351056392e-07 2.4477404822639782e-06 1.2048240871904453e-06 1.1476078544546248e-06 2.202342593545173e-06 2.811002264632274e-06 3.4469184522679745e-06 5.543211258079632e-06 2.4912920893301923e-06 8.99877499562997e-06 5.230590034803315e-06 3.80804792604856e-06 2.222371128116375e-06 0.0 0.0 0.0 0.0 0.0 0.0 0.0 0.0 0.0 0.0 0.0 0.0 0.0 0.0 0.0 0.0 0.0 0.0 0.0 0.0 4.1792426853553615e-07 0.0 0.0 0.0 1.1039394878224363e-06 0.0 1.248218067810602e-06 5.863626531542017e-07 0.0 0.0 0.0 0.0 0.0 2.5716773594125076e-07 5.421966393777299e-07 0.0 0.0 0.0 0.0 0.0 0.0 0.0 0.0 0.0 1.9742613641468645e-07 0.0 0.0 0.0 8.296267678567683e-08 5.548458606761963e-07 0.0 2.878387154085093e-06 1.4128229464389914e-07 0.0 0.0 0.0 0.0 0.0 0.0 0.0 0.0 2.218925011253512e-06 0.0 0.0 0.0 1.847478267039316e-07 2.621179665815034e-06 2.7409688917525015e-07 1.5770956819074874e-06 2.3409487336187354e-07 3.8547350272892756e-07 8.098475418939106e-08 1.4298696641926637e-07 0.0 0.0 0.0 0.0 0.0 0.0 0.0 0.0 0.0 1.235939207772847e-06 1.2916233384223773e-07 5.19330120143041e-07 5.9330551464919976e-05 5.1083260922386e-07 8.996883274630879e-05 1.9094113915380293e-05 5.158514446918556e-05 3.0897514972277186e-06 0.0 7.342084019696023e-06 9.545793328302181e-06 0.0 0.0 4.57612104728396e-07 4.988064674957574e-06 0.0 0.0 6.764031708526211e-07 1.971880847742192e-06 0.0 1.7751932405220988e-05 2.607355803791973e-06
3.312866191201413e-05 5.825644533275393e-05 6.708629101832834e-06 0.0002834533866196518 6.381573373153736e-06 0.0 4.8557456013231526e-05 2.6992733565564533e-07 9.017017970899015e-06 0.000664050984441765 5.974506079306858e-06 9.590195481094091e-05 0.00011213764384260603 2.373286308143436e-05 2.599771275485717e-07 2.401497213228824e-07 6.585840828252726e-08 0.0 0.0 0.0 0.0 2.0870508572001377e-07 0.0 0.0 0.0 0.0 0.0 0.0 0.0 0.0 1.2370095072342523e-06 2.043780330333552e-07 7.961740734295286e-06 0.0 0.0 0.0 1.2168635815180202e-05 6.952127578460752e-07 6.522558120446917e-07 0.0 0.0 0.0 0.0 1.452954222680482e-07 0.0 0.0 1.1616373649478136e-06 0.0 0.0 0.0 1.130710617290778e-07 3.0176922760468357e-06 1.6928112986142717e-07 1.6980661326780064e-07 0.0 3.596569107482079e-07 5.219144150828796e-05 6.916850468859531e-06 6.07332612035679e-07 8.399639041348632e-07 0.0 6.634051197728886e-06 0.0 0.0 1.36927536414127e-07 0.0 5.990141585947873e-07 5.485970670334472e-08 1.5503368331430092e-07 0.0 3.4158621249533236e-05 9.659263925703587e-05 8.381507070570618e-06 8.589077157815707e-06 4.4809827440523875e-07 9.407258443830809e-07 0.0 4.56634581340714e-08 0.0 3.2044709355728574e-06 2.882240054643543e-07 1.8379315574535472e-06 1.0029147233116789e-07 3.5637863361145e-07 0.0 1.6058059448357665e-06 1.2946916568027492e-07 1.2775856751930103e-06 3.6762870434284665e-06 2.9377364625226187e-06 1.5091341084891068e-06 8.766104429358235e-07 0.0 2.3789490153422292e-07 5.262363270393812e-07 0.00017025434666426226 4.300592245238112e-05 6.4137517309328276e-06 3.811782539692992e-06 0.00011286808109566521 5.3878987580679865e-08 1.6666591716602108e-06 2.546095215356466e-06 2.978130645586003e-06 1.86030059466266e-06 7.313327709288217e-07 5.628721936678863e-06 2.097914092639786e-06 4.644091248154803e-06 6.197889265242726e-06 3.3850289885954734e-06 5.197895512504898e-06 3.429857362306812e-06 1.7666601176256978e-06 3.125205421444789e-07 9.844430586328767e-07 0.0 0.0 0.0 0.0 0.0 0.0 0.0 0.0 0.0 0.0 0.0 1.8964367893787323e-07 0.0 3.097430666073103e-07 0.0 3.35281681244112e-07 7.904403834184081e-08 8.846631034174143e-08 1.4663709432507567e-07 1.8318968402149495e-07 0.0 0.0 0.0 2.1316868469775103e-07 0.0 5.332776939176529e-07 6.264772317664059e-07 4.285571702582992e-07 0.0 0.0 0.0 0.0 6.116191074398309e-07 1.7775705838956106e-07 0.0 6.312629498225077e-07 1.0144417978746144e-07 0.0 0.0 0.0 2.222376164236951e-07 0.0 0.0 0.0 0.0 0.0 1.259494299537203e-07 0.0 2.167004844098655e-07 1.954275808599211e-07 6.966692011646424e-07 6.747181069237583e-08 0.0 6.433952945272245e-08 0.0 0.0 0.0 0.0 0.0 0.0 3.5426343888976764e-07 1.5071660517355888e-06 0.0 0.0 0.0 5.144828128090767e-07 0.0 0.0 0.0 0.0 7.535920110774558e-08 0.0 0.0 5.1301230000064955e-08 0.0 0.0 0.0 0.0 7.087701251553288e-08 6.532335487107037e-08 0.0 1.9098629285952748e-06 0.0 5.98497199441684e-07 1.5093490259666747e-05 3.706566477592848e-07 1.4513385498884066e-06 5.154746189649494e-07 3.230721363197394e-05 5.178769929585146e-07 9.320377933554996e-08 0.0 6.904116871901578e-06 0.0 1.5189049048006648e-07 3.737774016491774e-07 1.0732350160893643e-05 0.0 0.0 9.991523903642409e-07 0.0 0.0 1.8637978467252224e-05 3.1690140770587576e-06
0.00037967385004050096 0.001953146906939919 2.4119861637744756e-05 0.0003111897555313573 0.0007134002991805914 4.8557456013231526e-05 0.0 2.1282311394697253e-06 0.0006160316922086013 0.0011203619560605832 5.579854238916447e-05 3.715125043218076e-05 0.0021347176608897973 0.0013234176957158496 4.035060809890167e-06 8.279575553238166e-07 6.478115319557209e-08 5.226409566249155e-08 1.106346320021102e-07 0.0 5.499856465632701e-08 0.0 1.0954045912759204e-07 0.0 0.0 0.0 0.0 0.0 0.0 0.0 8.4495678101567e-05 5.441762905604835e-06 1.2397654003803735e-06 3.9158596335892884e-08 0.0 1.4453920610791332e-07 8.455917000789514e-07 7.663298873619074e-08 0.0 0.0 1.876845729942856e-07 3.096201426095927e-07 1.259782982077318e-07 5.477587111963241e-08 4.3206447048220226e-08 0.0 9.74695905256236e-05 2.7344952717897533e-06 0.0 0.0 6.918654782894871e-08 0.0 0.0 0.0 2.8819632744102533e-06 1.2839011561537135e-06 2.1852211606083916e-05 0.00012605498360789767 5.127777303009246e-06 4.1393566224342744e-05 1.0043423465358571e-07 2.1959021314828559e-07 0.0 1.8030313777416144e-05 2.6702320409397446e-06 8.120289904969399e-07 2.015946097827469e-07 5.250456457203572e-07 1.0349757539292398e-07 7.140566069713162e-08 2.818910040328062e-06 6.685432589421422e-07 0.0 0.00025237400990647764 3.32484478802971e-05 7.571454961390113e-05 4.875577483297804e-06 1.2748640923382984e-06 2.969213616190926e-07 1.4756312957182069e-06 0.0 0.0 7.02609528294151e-06 0.0 3.2659950259456003e-06 6.093525986226765e-07 7.49359382211622e-07 0.0 0.0 0.0 5.983949428021768e-08 0.0 2.9601741581542546e-07 2.3925370465714374e-07 8.395026553456441e-08 9.955920722433762e-06 3.8127903348436983e-07 0.0 0.0 6.417539217651353e-05 6.424775991511927e-07 7.3905464222391986e-06 7.3289878942960405e-06 9.91074073875492e-06 3.289575590710547e-06 4.934805205887135e-06 2.0804847294815658e-05 4.0964163415824336e-06 1.656325193277395e-05 2.509519985133283e-05 6.989414251530568e-06 2.4497025214726035e-05 1.521326949936239e-05 8.197468473434646e-06 4.358812695552645e-06 0.0 0.0 0.0 0.0 0.0 0.0 0.0 0.0 0.0 0.0 0.0 0.0 3.511662660152765e-07 0.0 0.0 0.0 0.0 0.0 0.0 3.200895836919699e-07 4.511500465151394e-07 0.0 4.520015292895014e-07 1.0055434131335823e-07 2.567739064962544e-06 0.0 3.590581414675361e-06 2.980821702119683e-07 1.7180628337384097e-07 0.0 0.0 0.0 0.0 5.749189291387752e-07 1.392388543205039e-07 0.0 3.18392882334208e-07 1.9343346287041727e-07 0.0 0.0 0.0 0.0 0.0 0.0 1.1967316812599924e-07 0.0 1.3360003601470217e-06 1.1257485042955438e-06 3.9345424025355084e-07 1.4526988665994789e-06 1.2430145925448167e-07 4.9648942616218526e-06 2.7756776696427794e-07 5.188310901295832e-07 4.295806035265861e-08 0.0 3.8972961629091686e-08 0.0 0.0 0.0 0.0 2.518361691502008e-06 0.0 0.0 0.0 0.0 5.95621955741871e-06 5.772382002628921e-07 2.540617505437464e-06 1.0423851807262382e-06 9.918332181407049e-07 4.798830683052559e-07 1.4028691091603276e-07 2.1702835512320467e-07 0.0 0.0 0.0 0.0 0.0 1.0525022791268496e-07 0.0 0.0 4.829385872338253e-06 7.692927086481392e-07 1.4616240556106799e-06 0.00014603486968089343 2.9221477188755293e-06 0.00017744708330709005 3.1710887251618495e-05 0.0001728873271473773 6.220360995967924e-06 3.302922479827481e-07 1.1518888428058877e-05 2.656545583825041e-05 0.0 1.7923194993971018e-06 9.793505844181456e-07 2.2310817570632103e-05 1.3673191477750622e-06 0.0 2.9419485203494875e-06 6.110585156682953e-07 0.0 6.458528842509462e-05 9.809830222629797e-06
3.654141548053407e-05 0.0003994651224622555 0.001032464374901476 5.801802337918563e-07 4.24481220469939e-06 2.6992733565564533e-07 2.1282311394697253e-06 0.0 5.799214009300702e-06 1.5848967633985068e-06 0.0011613720550845714 3.412984748470207e-06 1.0276260041290736e-05 0.00028569469658142987 3.874857253311036e-05 2.84850787616418e-05 8.508180865973808e-06 5.988946236585394e-06 9.455093505364978e-07 8.901885364268272e-06 2.5337775606784054e-05 1.6324027571087101e-07 8.781171614608227e-07 2.2156118699896802e-07 3.578322485841579e-06 1.0330725836677726e-05 3.46782887209554e-07 3.239031447183804e-06 0.0 6.875207235014051e-08 0.0007384290016211241 0.00045296565622149446 9.099307176636805e-06 7.457590131722867e-06 2.4945005659733673e-07 3.2964690043470365e-06 7.473501888841319e-06 2.4557190250857823e-06 2.3792338107127738e-07 1.0933512919897038e-06 2.202532613529645e-05 2.2764452536734618e-05 6.305454650071734e-06 9.079856536901689e-06 3.2328388111014378e-06 4.3307322572939275e-06 0.00018093260843265446 2.098293091672879e-06 1.708945178233889e-06 1.1929747759020658e-05 1.4168067187089421e-05 2.9907225397332423e-06 0.0 1.3493245729614719e-06 2.1748068268626187e-06 9.76228416699321e-07 1.6712016660763334e-05 0.00020541615976477773 2.4884904135824697e-06 2.7208343864028673e-05 3.882154899215085e-05 5.4357562846902943e-05 2.547026649984943e-06 0.00013171312807112905 1.8730130289062786e-06 1.8738637115429044e-05 1.700239204258613e-05 2.791761614613298e-05 4.1175485137700606e-05 5.500232103812102e-05 5.782005485533691e-06 6.679130971552196e-06 4.6990266067459245e-07 0.0002097536219509879 9.317070674301114e-05 0.00015014221342717318 5.1943684265878816e-05 5.159845058430168e-05 0.0005588751527682059 0.0015992204702201668 1.693625585303815e-05 0.0003880178784462247 4.132580854156825e-06 0.0 7.262836217989299e-06 9.299533361691955e-06 2.3256289129624443e-05 0.0 1.5889515869362487e-06 3.634743245444579e-07 4.930649725297365e-06 5.497204005596877e-07 0.00016706391692477106 3.686760257473308e-05 2.4106683224748947e-06 8.526650924185185e-06 4.6657520224283884e-07 0.0 3.8209916434416314e-07 1.5921264846262894e-05 0.0 4.636777266850633e-07 4.662612840602755e-07 1.1259258417872976e-06 1.3311355433501263e-06 2.5988680073567444e-07 2.785154589054885e-07 5.384005602944662e-07 1.7787844884728365e-06 3.5573973566891627e-06 4.372873437561345e-06 8.122766651180757e-06 5.332633843176718e-06 4.404327003334305e-06 5.551810385803329e-06 1.775467659557872e-07 4.978133362622579e-07 0.0 1.7284750130290476e-07 0.0 0.0 0.0 2.0213164117871958e-07 0.0 0.0 1.2460145930599993e-07 0.0 1.4294314116234235e-07 0.0 0.0 8.232698352205604e-08 0.0 4.725988152483635e-07 0.0 2.5521297812362485e-07 8.159772849486209e-07 0.0 6.069989896873651e-07 0.0 2.6633068281921873e-06 0.0 3.637641907793064e-06 9.997676777076047e-07 4.672917727133313e-07 0.0 1.4666491682727356e-07 0.0 9.40383979859289e-07 9.646822296460029e-07 6.368823075126524e-07 1.0692093339394957e-07 0.0 1.312680514381096e-07 0.0 0.0 1.7414742928671615e-07 4.28904803616931e-07 4.5005986400938357e-07 0.0 0.0 0.0 8.091300426306897e-07 0.0 0.0 3.526958933849388e-06 7.499527397266581e-07 5.076450868326494e-06 9.623066461627142e-07 0.0 2.804095734378465e-07 0.0 0.0 3.27052405665112e-07 3.925030601796463e-08 4.2590292831642457e-07 3.6088255939349805e-07 3.01470599414426e-06 3.880911227174887e-07 1.1244726182835254e-06 2.297490074624899e-07 1.8333214121830138e-06 7.025348416628182e-06 7.85157547973876e-07 5.515760754569619e-06 3.7570487360040443e-07 1.3145133320333025e-07 3.6692789926893875e-07 1.8788045882083825e-07 0.0 0.0 0.0 0.0 4.943815090475318e-08 0.0 4.685315321281584e-07 7.971906150557652e-07 1.2893753848199674e-07 4.739647047158105e-07 1.515700122688568e-06 2.0312477275621636e-06 0.00019782161368590314 8.516179047601873e-06 0.00024877893898294734 0.00010240383479230188 4.031311552968367e-05 7.4890379321009584e-06 1.2592516438367776e-07 3.0235630118331246e-05 9.769588891329847e-06 7.263809434530693e-07 5.482960728297115e-07 4.3175823031953326e-07 3.1942190831071375e-06 6.380328443459382e-07 0.0 1.8447126594092424e-06 8.255368858334733e-06 2.2646367838093648e-07 1.5560489242512117e-05 3.323331468540385e-06
5.2315771997475186e-05 0.0008670373023100835 0.00014747588260121362 1.5204504234699258e-05 0.0012544967254626079 9.017017970899015e-06 0.0006160316922086013 5.799214009300702e-06 0.0 0.0004583839928829663 0.0003933363888470036 6.319974405575153e-05 0.0006744987945847549 0.0011213297051431812 6.090811991952647e-06 2.1490557491690358e-06 2.76599311345611e-07 6.451963268282558e-08 7.756993420152763e-08 0.0 1.6011010661468324e-07 0.0 0.0 1.7514627018751885e-07 0.0 0.0 1.157361602259643e-07 0.0 0.0 0.0 3.415654039606272e-05 6.544564250816963e-06 5.58221804496393e-06 8.221642966750156e-08 0.0 0.0 6.075820100833235e-06 0.0 0.0 0.0 6.357026203475633e-08 0.0 0.0 1.2252757522092675e-07 0.0 6.715185879704599e-08 7.228393519952071e-05 9.262584321979052e-07 0.0 4.5769178826461166e-08 0.0 5.6246122490106106e-08 0.0 0.0 1.3000082521429996e-06 6.57161289323286e-07 2.8069580946911325e-06 3.1477861026530955e-05 1.3680888555095812e-06 1.3793913627824906e-05 0.0 2.0912104313578636e-06 0.0 1.40111354367137e-05 6.559002915147185e-07 4.534654511095246e-07 6.741393658543004e-08 1.6909490691923088e-07 2.499935345028444e-07 3.991240933084042e-07 6.642333104895869e-06 8.227656590073882e-07 5.7531960344218807e-08 5.853038177126526e-05 1.77715778403112e-05 4.6386926700003375e-05 9.308842974573783e-06 2.267548893012585e-06 3.5968541436507385e-07 1.5370649216791298e-06 1.5407338731175837e-07 1.2808344511207115e-06 2.2013230061667793e-06 0.0 8.312176762827062e-07 4.1637064941768776e-07 5.814823839982712e-08 0.0 2.4335667061801395e-07 0.0 6.3496653490984e-08 0.0 8.938084403852374e-07 2.97608227922117e-07 0.0 1.5328429457219027e-05 2.0636964534647407e-06 0.0 2.46374476433812e-07 9.645726241920242e-06 4.18961172738369e-07 3.5346517593878643e-06 4.485495338566575e-06 5.902192922753852e-06 5.517001649175556e-06 5.155116354831739e-06 7.841782014004667e-06 6.938044679585504e-06 1.4596684357358025e-05 2.226281513376819e-05 1.2999135689482054e-05 3.127396949168916e-05 2.7800495916181894e-05 1.6682775499911067e-05 7.951397946141435e-06 7.722168164774304e-07 0.0 0.0 1.4308178308501579e-06 0.0 0.0 0.0 0.0 0.0 0.0 0.0 0.0 1.0468583841087896e-07 0.0 0.0 0.0 0.0 0.0 8.244885488801394e-08 1.5981080143772529e-06 5.14635389374666e-07 0.0 8.810726521644404e-07 0.0 3.197199386336516e-06 1.911457018996303e-07 5.564334687919698e-06 1.2641902893357219e-06 7.241666190274013e-08 0.0 0.0 0.0 0.0 1.2478108231586231e-06 0.0 0.0 1.435276613865596e-07 1.066177341674753e-07 0.0 0.0 0.0 0.0 0.0 0.0 0.0 0.0 4.2857845681166223e-07 3.435701449997709e-07 7.512889972660719e-07 2.111411109061483e-06 1.614614766437923e-06 1.1074995634251997e-05 8.114113330121299e-07 6.098832832683332e-08 0.0 0.0 0.0 0.0 0.0 0.0 0.0 7.324758086208126e-06 0.0 0.0 0.0 0.0 1.4053748756725081e-05 9.262431724773625e-07 5.730568785954114e-06 0.0 5.710685122408827e-07 9.667510913703926e-07 3.26380682123546e-07 4.815278914291344e-07 0.0 0.0 5.024412283538639e-08 0.0 0.0 0.0 0.0 0.0 5.577706551241125e-06 1.973633231944053e-06 2.5599181073071206e-06 0.00011863615452514282 3.4316166470946536e-06 0.00011453129604244778 3.633756926389752e-05 4.751428865486838e-05 3.1452691538204535e-06 5.924459634523998e-07 1.0340334283460199e-05 2.639690749833251e-05 0.0 2.657254770049339e-06 7.930480274850638e-07 2.1075968180727868e-05 6.881034824594102e-07 0.0 3.0526878444920393e-06 2.5396157095997933e-06 0.0 5.599956139857315e-05 1.0778553870238486e-05
0.0005001417813679984 0.0004247435820664213 1.4271193296990276e-05 0.0015779272591641554 0.00041123113182026474 0.000664050984441765 0.0011203619560605832 1.5848967633985068e-06 0.0004583839928829663 0.0 2.5437416477008314e-05 0.0008167425011653409 0.004720889330895954 0.0004324406766149187 5.968450085834818e-06 1.704669745783133e-06 4.2921514422750054e-07 0.0 0.0 8.494015218546337e-08 0.0 0.0 0.0 0.0 0.0 1.3025555728418827e-07 1.0631134952593732e-07 0.0 2.0647526077568788e-07 0.0 3.379680509864815e-05 2.499860996890461e-06 1.89338316518733e-05 6.505485809293594e-08 4.650101245746912e-08 0.0 2.1416255387427368e-05 5.036109843166972e-07 8.851634853402889e-07 1.6121669916797672e-06 1.0365152106779554e-07 7.077155670106958e-08 0.0 1.1306955502087271e-07 5.139143297393165e-08 1.1719990316738779e-07 9.075873887782943e-05 1.1976663597830756e-06 1.810115549924794e-07 0.0 7.705604350440332e-08 1.209719230789934e-07 5.941623311362078e-08 0.0 2.161762345778353e-06 5.522637790494316e-07 4.574918305419349e-05 8.747174771136735e-05 4.03627029754197e-06 3.090272403405924e-05 1.2750126716551795e-07 2.4994156476567756e-06 0.0 7.494858885972957e-06 7.885120824336709e-07 1.6404901888381025e-06 3.3261092743149683e-07 3.32231395202578e-07 4.8308171350539447e-08 0.0 2.9426762951562695e-05 4.125013023479855e-06 0.0 0.00019837100339841155 1.799233870037534e-05 4.763091891913505e-05 3.547353921871893e-06 1.359770305749444e-06 4.418829448205236e-08 3.6626418570466846e-06 0.0 7.76027618645438e-07 4.246277285790338e-06 0.0 3.0699382533711624e-06 8.017763537173599e-07 8.424122912082256e-07 0.0 0.0 0.0 0.0 0.0 5.842224223085091e-07 0.0 6.29271934688714e-08 0.00011542303895444252 7.046138265399614e-06 0.0 5.034482804703872e-08 0.00045803324170818157 4.52845973534963e-06 3.190629337048643e-05 3.470283937188625e-05 5.311992901895603e-05 3.347436535631385e-05 2.8352521735094136e-05 8.607893587259596e-05 4.9930410941128156e-05 0.00010032500995990624 0.00012177044739912858 5.867784255682226e-05 0.00018412079964062945 0.00012343264457483853 7.827799961035968e-05 3.29872006424513e-05 2.5738368437874786e-06 7.980096864038526e-07 0.0 9.28187837413998e-07 0.0 0.0 0.0 0.0 0.0 0.0 1.5598057030181293e-07 0.0 1.5612368694145706e-07 1.0736477247945689e-07 1.0163967345708397e-07 3.017218268397496e-07 1.2273816762035237e-06 1.7427144375589726e-07 0.0 2.9544213879884987e-06 5.4228734630765135e-06 0.0 2.6536670810947407e-06 0.0 1.1591425048702549e-05 1.808779808381341e-07 1.5688848641919944e-05 4.394782354292405e-06 1.1219071826864508e-06 0.0 0.0 0.0 0.0 3.389797871423366e-06 3.02176655951224e-06 0.0 7.013178982133815e-07 1.1431267632138221e-06 0.0 0.0 0.0 1.7178031983309062e-06 6.894901080845287e-08 0.0 1.2452688412979463e-07 0.0 8.982980489993644e-07 1.9902963651805295e-06 2.849935043935924e-06 8.548327866332208e-06 6.055009392065106e-06 3.23424499744543e-05 8.085042392896478e-07 0.0 0.0 0.0 4.574097104727931e-08 0.0 2.292990968245123e-07 0.0 7.189177017173488e-08 1.943368497816596e-05 3.360547945519715e-07 0.0 0.0 0.0 4.6548673765963495e-05 4.173702106488515e-06 2.1410646077898565e-05 1.6716393789137988e-06 8.971990808023854e-07 7.274420616263489e-07 1.5725820313215675e-06 2.877023404280896e-07 0.0 0.0 0.0 0.0 0.0 0.0 7.508962417806684e-08 0.0 2.899393992573867e-05 5.217994938041148e-06 5.120323356080764e-06 0.0004611648173130388 2.5179204908758465e-06 0.00016334739179737728 4.9360593216855746e-05 0.0006952247954504817 8.298344266471588e-06 1.8395878253678329e-06 2.7093768515835557e-05 0.00019490977591375856 0.0 7.028992311302787e-06 3.6717009194898883e-06 0.00019007846198467365 1.0402661985942048e-06 0.0 5.965051509399795e-06 1.6201356480189656e-06 0.0 0.0005263623862044761 5.289623839230689e-05
0.00017742048476107063 0.0009439936387901405 0.0009769571122286548 7.535075360027495e-06 0.00012863827783205024 5.974506079306858e-06 5.579854238916447e-05 0.0011613720550845714 0.0003933363888470036 2.5437416477008314e-05 0.0 1.570432794626375e-05 0.0002932171451969429 0.0014180378138635957 2.9251639612235665e-05 2.226618727745014e-05 5.921823758598345e-06 1.7180874880254093e-06 2.3634979634972513e-07 1.3001998792828903e-06 3.4335447382410335e-06 1.3139714537152727e-06 0.0 3.0156309616233637e-07 4.0612295863138915e-06 3.697060910085007e-06 4.1527538607170615e-07 1.6464187829074607e-06 0.0 0.0 0.00023002537665339694 4.44935780157301e-05 0.00017601940556965837 7.315214947314404e-07 1.5706436821754902e-07 1.2233526696636786e-06 8.008272884700999e-05 7.746572049254081e-06 5.8974194682017475e-06 1.8433876437018248e-06 8.46177173175709e-06 1.6808091132026325e-05 2.0762266792147373e-06 5.542867773328526e-06 4.0921453879766156e-07 8.578789777308109e-07 9.760579268867613e-05 4.094420414167094e-07 1.8134038889827848e-07 1.2965704221752645e-06 2.2749272946924564e-06 7.2568860484088375e-06 1.073883913345621e-06 3.0696612013800004e-06 1.690692426561377e-06 4.202272685870275e-07 1.4753196176461075e-05 0.00010402450496053651 2.0613638627648935e-06 1.5116579768275811e-05 4.371138039946508e-07 2.4072398065782467e-05 1.282084396295802e-07 3.210376735348656e-05 1.0362155683836363e-06 1.7960041371127593e-06 2.0115880681833067e-06 2.2414029167303747e-06 2.6507015697495674e-06 7.3237248558965335e-06 2.918571982107366e-05 3.405267186085377e-06 2.5742455057083623e-07 0.00011347648714785775 3.3849136748501805e-05 8.225829841910164e-05 2.2432218871149816e-05 2.1937656096161277e-05 1.8234442133764037e-05 0.00039811394650954713 7.93083104890468e-07 5.6789370739571565e-05 2.6558657846026934e-06 0.0 1.6269491063613668e-06 1.1754528781562312e-06 1.496455654299483e-06 5.450751538039384e-08 5.189755277188867e-07 9.715108651495931e-08 1.7252664228667612e-06 1.9462466775334253e-06 2.53127301226069e-05 1.3249320517447403e-05 2.3255921571941785e-06 1.1283890613365471e-05 6.778939038227596e-06 3.6052024078982627e-07 2.834735491962137e-06 4.2044259645338256e-05 0.0 2.021486896852592e-07 7.342406283253258e-07 4.278135650394424e-07 5.749651898966338e-07 8.582289468311579e-07 2.9404256855506514e-07 1.3533193036096374e-06 3.208736952817318e-06 3.86202962090522e-06 2.3463678883161234e-06 4.836697538540552e-06 4.813347672129632e-06 3.948551324789867e-06 2.3375431465185943e-06 4.938056300356687e-07 8.321258566932234e-07 0.0 3.177727205490026e-07 0.0 1.052450817129708e-07 1.0313647453971935e-07 1.6827008049619572e-07 0.0 0.0 7.33834539504299e-07 0.0 2.2737794066384355e-07 0.0 0.0 3.3317948618066483e-07 7.699985498426226e-08 2.8584553240368614e-07 3.681696676280394e-07 5.188218572418607e-07 0.0 0.0 9.977023247557473e-07 0.0 1.7227180701759573e-06 3.341396101845539e-07 3.2768288083358147e-06 1.0035306848897646e-06 1.190340417692536e-07 4.4497639564415194e-07 3.7360420588500074e-07 6.552508177189757e-08 1.3075630728418152e-07 5.465349682961152e-07 6.777118122882212e-07 7.478285425954495e-08 0.0 5.106922101629419e-08 0.0 4.4808394347742514e-08 1.9086340394953514e-07 6.20099267134842e-07 7.74934436483164e-07 0.0 0.0 0.0 2.4307066437694834e-07 2.4739491348555415e-07 0.0 1.3839021640387156e-06 1.9559088119756177e-06 5.1175022616850576e-06 4.5765334312557065e-07 0.0 1.161981073297172e-07 0.0 0.0 7.609673133415902e-08 6.028810804834749e-08 0.0 4.879952059212437e-07 2.673158247152609e-06 4.3233108903503994e-07 3.931691628052144e-07 1.3734181925100865e-07 1.762471888492291e-07 6.033197090417714e-06 2.178643304989628e-07 3.6804102433109402e-06 2.252186076476877e-07 2.735276837111448e-07 1.290137545253569e-07 5.887077034365122e-08 0.0 0.0 0.0 0.0 0.0 0.0 0.0 5.253161273629538e-07 2.7343596026918077e-07 7.294672976122523e-07 9.70329929274279e-07 1.7215457927128628e-06 0.00010776691002013524 5.01074309302477e-06 0.0001350051039099298 5.905997015598379e-05 4.09623001991301e-05 1.6266809467005932e-06 8.638387448361384e-08 1.5170665542957709e-05 6.071910475118845e-06 1.8511555294527095e-07 9.94607030106553e-07 9.523111439302158e-07 4.350481001655403e-06 2.666431280053131e-07 0.0 2.2504911811049774e-06 6.5823587223915925e-06 0.0 1.3642709350052981e-05 2.2705222268565215e-06
