0.0 0.0006520529034717203 0.00022847636391407278 0.00028534176051927363 1.5181755607516881e-05 2.6301995557673526e-05 0.00029343477503386827 1.1869379532470277e-05 6.717106451725694e-06 0.00041410302700379604 1.9864201497637093e-05 4.2938561353748046e-05 0.00023990404694969499 2.9383458936467323e-05 5.981429416246532e-06 1.3792007116242283e-06 5.99670762387209e-07 1.6212650377553884e-07 3.7236912908244196e-08 3.382688284872074e-08 1.9935803495984534e-07 1.4923889550123695e-07 1.9666947800616633e-07 2.875297808637262e-07 3.195093836156372e-07 0.0 6.779562679967517e-07 1.3158714966296883e-07 8.275966756687506e-08 1.6591063075252317e-07 0.00024185045856919685 1.1425531174778928e-06 1.2750463625679182e-05 3.740910123273514e-08 1.3377200879485907e-07 6.038772037097767e-08 2.6155770830200145e-06 6.9534150777885e-07 2.2622099555227514e-06 7.242811142542291e-07 1.3890008376251837e-07 7.04704640480215e-08 0.0 6.358841009281675e-08 3.4696665395474606e-08 1.5323772440870644e-07 6.44851734931337e-05 4.250911440207909e-06 8.489732924824668e-07 8.919228382468043e-08 6.717135621743098e-07 2.5199059719127197e-07 4.218454712734949e-07 7.491075872266836e-08 8.99705959877619e-06 4.158733695356624e-06 0.0001451152767862355 0.00019060566237171878 1.81272426918368e-05 4.882632620311866e-05 2.0693055671484188e-07 1.1932890313543929e-06 5.295537843276276e-08 9.069629696787935e-06 4.594742743400891e-06 3.6301590425563324e-06 7.516292235033671e-07 7.512845717288473e-07 1.5444284136877375e-07 4.920932614608091e-08 7.0817777561465425e-06 5.026402392208918e-06 4.069213569256755e-07 0.0001716482304660723 2.1073984164074403e-05 4.6702773727672163e-05 1.8171917338472764e-06 3.272774357483882e-07 5.27069266512243e-07 8.149223983945096e-06 0.0 1.7828748121531698e-06 2.0752935114199725e-05 3.7619615886740107e-08 2.98297336162124e-06 4.867589242063012e-06 2.815849118568868e-07 4.2152355761813083e-07 1.1733799006082757e-06 1.8597813315282211e-07 7.836921658069545e-07 1.7865637154973135e-07 4.0092274784881715e-07 2.3491284039455272e-07 3.090124451515692e-07 1.1154796090150819e-05 5.714297721248107e-06 8.282871803756268e-07 1.2102651963686241e-06 0.0005434521002973233 1.5919214228482687e-07 3.0682983131248396e-06 2.2552205623454678e-06 5.469520291596974e-06 1.0988692482319743e-07 6.868534360083406e-06 9.999057235681537e-06 6.43167811327282e-07 7.2997051644935e-06 1.1821851914530188e-05 2.707796851619628e-07 5.585336933391287e-06 5.568633575479084e-06 4.157298982779937e-06 3.9833506969985965e-06 0.0 0.0 0.0 0.0 0.0 0.0 0.0 0.0 0.0 0.0 8.719754314990159e-08 0.0 2.902691488070017e-07 0.0 0.0 0.0 0.0 0.0 0.0 3.6811068567800956e-07 5.246735941144832e-08 0.0 0.0 0.0 1.3526460912680914e-06 0.0 1.2123197768479102e-06 3.7652784954493126e-07 2.818869829216226e-07 0.0 0.0 0.0 0.0 0.0 0.0 0.0 0.0 0.0 4.0174995304097655e-08 0.0 0.0 2.2206261564151888e-07 0.0 3.906795388793512e-08 0.0 0.0 3.8137861810146084e-08 0.0 1.004899157801356e-06 2.927266741229606e-07 0.0 1.1071808779687606e-06 0.0 0.0 0.0 0.0 0.0 0.0 4.13849370266478e-08 0.0 0.0 4.623582277994622e-06 6.212662113696692e-08 0.0 0.0 0.0 6.420574415631483e-07 0.0 1.0752253822533163e-06 4.524626691373609e-08 6.310111579243161e-08 0.0 0.0 0.0 4.0710215131120155e-08 0.0 0.0 0.0 0.0 4.5471406838716435e-08 0.0 0.0 6.786499534232619e-06 5.742072630731172e-07 6.317840727953807e-07 0.00014674393666833143 7.117013858842227e-06 0.00012657145283155114 1.600881091329628e-05 0.0006096156408618463 9.414681728637668e-06 1.3248103555548089e-06 6.767632173046379e-06 2.006289869447551e-05 1.3133270551300597e-07 4.1581678292288237e-07 3.5746917209893154e-07 2.671887655637395e-05 0.0 1.349632822431016e-07 0.0 6.190410497016569e-08 0.0 0.00019118984538818657 4.871512267174394e-06
0.0006520529034717203 0.0 0.0009071986255057689 0.0007805636674426274 0.0008916388629301976 1.2615741880172085e-05 0.001289278635635577 0.00014536529886691304 0.0012657168036573933 0.0005390549712963269 0.0005504429393700305 2.7130811787682705e-05 0.0003357558201977225 0.000590175742209815 3.56657140986092e-05 7.566749242073657e-06 1.8724331471509204e-06 3.103936827182067e-07 0.0 2.6874396420278545e-07 4.512911342688727e-07 1.3883810334711851e-07 9.920767710554986e-07 2.0571729939404032e-06 1.0836321349672589e-06 3.834627980624041e-07 8.456521145509479e-07 3.5872924035242275e-07 1.6793145467037668e-07 4.553468806108055e-07 0.0004781669455658477 2.3183306834664834e-06 3.7107246571010844e-05 6.088738861019219e-07 8.594664831998775e-07 6.837507909626628e-07 1.418708952601274e-05 1.7130345063739049e-06 3.90048304601326e-06 1.361716416582895e-06 1.5558354640761977e-06 7.484748588827798e-07 2.576339789363463e-07 3.5427072364367006e-07 4.777511684781717e-08 4.7650179656876596e-07 0.00018149888224874201 9.58711992751049e-06 1.274136140257792e-06 3.419929512553999e-07 1.0190265891157825e-06 0.0 5.579254746544301e-07 3.6052243479469636e-07 1.1914540507112058e-05 5.136701042399676e-06 6.57959304764716e-05 0.00017355203747342025 1.6295605746613177e-05 6.11516159458043e-05 2.988347261257069e-07 3.4179872403324228e-06 5.0104533983251e-07 9.27986142796233e-05 7.491324847457938e-06 6.901387954467281e-06 1.7618746207584185e-06 1.9317667609302776e-06 1.0350068131033466e-06 1.0451776741218968e-06 2.240263386966997e-05 6.302583473486597e-07 1.663648764364579e-07 0.00020454714697434192 0.00010948668208837794 0.0001367234173658703 1.6101543992335563e-05 1.3780599606192861e-06 1.1613844607049876e-06 8.953397132284013e-06 2.9502636797024497e-07 6.442189606548886e-06 3.488913572634015e-05 0.0 6.391204586628896e-06 6.669695017287169e-06 5.993091266435043e-07 0.0 1.1764694362575884e-06 1.3516132901297155e-07 1.1050679104820162e-06 3.909261855689455e-07 1.6716253180376425e-06 1.2096838762380454e-07 3.774298955937955e-07 1.0855022692727802e-05 1.0790990760136654e-06 1.909329058730807e-07 1.1582225737495693e-06 0.0002188776541655817 1.6209261300652712e-07 1.3227902462923162e-06 8.601750623125222e-07 9.901593406568876e-07 2.0378604293058956e-07 4.140761347742081e-06 3.659512974671126e-06 5.177767337080711e-07 4.105147715770092e-06 4.616227326857124e-06 3.222165585157816e-07 3.0685904226319873e-06 3.063752893653175e-06 4.663173929988882e-06 2.4729772250994134e-06 0.0 0.0 0.0 4.561590142917876e-08 0.0 0.0 0.0 0.0 0.0 0.0 0.0 0.0 5.529152641382718e-08 0.0 5.3701837634719485e-08 0.0 5.158142498250235e-08 0.0 0.0 1.0480463812647199e-07 8.703258190356639e-08 0.0 0.0 0.0 1.9020139773099856e-06 0.0 2.985697963375582e-06 5.971664388882805e-07 3.7103741746782733e-07 0.0 0.0 0.0 0.0 0.0 0.0 0.0 0.0 0.0 0.0 0.0 0.0 0.0 0.0 0.0 0.0 4.200699586798196e-08 3.772566000567737e-08 0.0 3.1132754938416896e-07 0.0 2.907936555139911e-07 3.310028032918805e-07 0.0 0.0 0.0 0.0 7.52383325826976e-08 0.0 4.3693069175492844e-08 0.0 0.0 2.835821967718539e-06 2.049477236075536e-07 0.0 0.0 0.0 9.812125030911661e-07 5.60046229535975e-07 3.386439051199985e-07 0.0 1.8022160099747623e-07 0.0 0.0 0.0 0.0 3.3929669078665787e-08 0.0 0.0 4.1272122135325054e-08 0.0 0.0 0.0 2.818931816342005e-06 1.120397335075097e-06 1.6377999383138124e-06 0.00031042184153853646 1.6346637115120747e-05 0.00037848371058589773 4.2790140305815484e-05 0.00021406906738009564 4.643590344555228e-05 1.9682142581455583e-06 5.184394086279845e-05 6.82628268366687e-06 2.3047717923658784e-07 6.808060216741614e-07 3.6220880000369264e-07 8.319470995798652e-06 0.0 1.1086510381223814e-06 0.0 1.2902335341726334e-06 9.092273622354055e-08 6.943137981069694e-05 2.177995487859729e-06
0.00022847636391407278 0.0009071986255057689 0.0 3.384527672892171e-05 0.00035759424484623777 1.351829431436491e-06 0.000167805411712992 0.0008108764632943201 0.0008093857497699546 3.560636621520895e-05 0.0015218479938799718 3.3818869693285555e-05 0.00013563460876068217 0.001192716784250056 2.4646446868282985e-05 1.2011214185745256e-05 2.2941845120696745e-06 2.745157356287829e-07 9.129211909977166e-08 1.1108728815079909e-06 1.1437097888569522e-06 4.46570332332325e-07 9.423062723561916e-06 1.1446965403551333e-05 6.689749582076804e-06 1.0817941755868449e-06 9.600851949743831e-06 3.29863921127483e-07 6.837302706237585e-07 1.7179593508039364e-06 0.0016898124061203769 0.00013217624738783923 0.00010177188003041799 3.1695480407545345e-06 8.074506178814656e-06 2.1158976810900797e-06 2.3172305829308134e-05 5.040291397047994e-06 1.1738808401287868e-05 4.7876850085093495e-06 9.407123983137176e-06 2.590154919640407e-06 1.2366808011587317e-06 6.687947922491451e-07 4.1894277606116454e-07 1.1033835315451963e-06 7.881327609388199e-05 3.380255732231469e-06 1.2241856728850918e-06 9.58218513829882e-07 1.0793944031475317e-06 3.6341667157432905e-07 1.6240652285736909e-06 7.792360145067902e-07 3.572488139900086e-06 1.687372738847437e-06 2.456379987804466e-05 9.147453563217987e-05 5.186381765958348e-06 2.152688471563657e-05 3.458044988539885e-06 2.591388156108049e-05 3.859258426650697e-06 0.00019299009962557846 2.349404858138527e-06 2.1248970743439313e-06 8.523929016079769e-07 9.817008978937028e-07 6.9825322341811705e-06 1.0940961348650913e-05 4.1634059017351934e-05 2.568738808891235e-07 1.6790388172316966e-07 7.941347375187111e-05 5.539703082033873e-05 6.580538334036063e-05 1.741232512297224e-05 4.169253244442647e-06 1.8494139131084145e-05 0.00018158858240088904 6.771283145973366e-07 0.00010419362632369432 9.885916323951491e-06 0.0 2.0444499744864032e-06 2.45409090038219e-06 1.305421802588792e-06 0.0 4.864191260488936e-07 0.0 5.970004241124462e-07 1.4943198330104462e-07 1.2301182206295768e-05 8.833871254697264e-07 1.2873270308202349e-06 1.2364565976671375e-05 4.701024168180225e-07 0.0 2.1513553470787493e-06 7.35952390042357e-05 0.0 2.402338387577348e-07 2.2471904330066704e-07 5.1714022071042516e-08 5.5852537582438984e-08 1.5203439911982535e-07 5.988156688600305e-07 0.0 7.972344185228915e-07 1.6932765504005198e-06 2.0127180484672596e-07 8.921120608683227e-07 1.3990045431034741e-06 1.4713320307185767e-06 1.4728428121513207e-06 4.9210366254822013e-08 0.0 0.0 0.0 0.0 0.0 0.0 0.0 0.0 0.0 5.71605917559783e-08 0.0 6.085928554304614e-08 0.0 8.984362675986025e-08 9.334349201790759e-08 1.2362702299763538e-07 0.0 0.0 4.130242956196431e-08 5.622319878586476e-08 0.0 0.0 0.0 1.7366361909103277e-06 2.875268987559566e-07 2.6709721606469898e-06 1.0898962770953355e-06 7.120221342822775e-07 0.0 0.0 0.0 0.0 4.172231273724537e-07 5.936079752458363e-08 0.0 0.0 5.8336176338177954e-08 0.0 0.0 0.0 9.350504774691306e-07 0.0 0.0 0.0 0.0 4.151156187790049e-08 0.0 0.0 3.0365743858774333e-07 1.4798570538619483e-07 7.642691382689547e-07 0.0 0.0 0.0 0.0 0.0 0.0 0.0 0.0 0.0 2.506733051745171e-06 2.1105562127158355e-07 0.0 0.0 2.464386779116228e-07 7.168453164708424e-07 9.462762369040205e-08 4.5165221305112223e-07 0.0 0.0 8.51480592034471e-08 0.0 0.0 6.146468922376506e-08 0.0 0.0 0.0 4.232154823761076e-08 4.2237202129088206e-08 0.0 0.0 1.2436027483169412e-06 1.41936363831174e-06 2.618498694790674e-06 0.0001373799246489713 5.794572354300416e-06 0.0001444349760997156 2.6133427959076345e-05 4.003415450156629e-05 1.7046289377063326e-05 5.051878111123123e-07 1.545578425351184e-05 2.1405730900110558e-06 9.78524338694657e-08 8.687308055708402e-07 4.943888686872978e-07 1.8715626969214586e-06 0.0 1.9614529004217825e-07 0.0 7.905410033862345e-07 1.4962943955756478e-07 1.4681551967295117e-05 8.302590688548073e-07
0.00028534176051927363 0.0007805636674426274 3.384527672892171e-05 0.0 1.1755032074469449e-05 6.660545879242346e-05 0.00043761461060397733 1.401574913507461e-07 4.7236567934681505e-06 0.0006720411698848455 2.3173079210550538e-07 0.00040166872838602087 0.0009168596919474503 5.829761650089636e-05 1.0170882458210964e-06 0.0 1.3883848919390957e-07 0.0 0.0 0.0 0.0 0.0 0.0 0.0 0.0 0.0 0.0 0.0 0.0 0.0 1.4597021172367226e-05 9.110157453359541e-08 3.876050042822366e-07 0.0 0.0 0.0 1.1650102797763897e-06 0.0 8.675816766577479e-08 4.4722897615982926e-08 0.0 8.261220027852694e-08 4.791610526526519e-08 0.0 0.0 0.0 1.9294044062351653e-05 6.069237124091034e-07 1.185441457875602e-07 9.326541675853685e-08 3.777614319326093e-07 1.269857085924339e-07 0.0 0.0 1.898840588765005e-06 1.0853886035054037e-06 2.209357188850081e-05 2.4940428973787568e-05 3.2999193905341083e-06 1.0426686687915573e-05 0.0 0.0 0.0 1.6077504955494275e-06 6.105337419587786e-07 8.346370878573793e-07 2.0159656034758576e-07 1.4081571577956445e-07 0.0 0.0 1.8918279910972265e-06 1.8003088900734456e-06 2.171147344804673e-07 3.450021344446848e-05 5.122473025859607e-06 8.701287315144687e-06 1.1870440641342362e-07 4.833370892480853e-08 0.0 5.3038959558082215e-08 0.0 5.8097823676996405e-08 4.832568139909678e-06 0.0 6.016776253616056e-07 1.1929348072242653e-06 3.9282387403261323e-08 0.0 4.380253357459352e-07 5.101674323659139e-08 1.7283530903497524e-07 0.0 1.5061362064507943e-07 8.672398499527767e-08 0.0 5.771167689845879e-06 1.1948250840743559e-06 1.4502374410675986e-07 4.3038920630863743e-07 0.0001183364921338278 9.178230221830542e-08 1.5974858972469797e-06 8.792593935373421e-07 5.126900641273181e-06 1.408122297376871e-07 1.3448639725034148e-05 4.252670834471286e-06 3.2448603217135336e-07 1.2470897860145405e-05 4.392582403853368e-06 6.178044543538194e-07 4.168377714456302e-06 4.04516266511025e-06 1.9923625399565555e-06 1.8214926472402397e-06 0.0 0.0 0.0 0.0 0.0 0.0 0.0 0.0 0.0 0.0 0.0 0.0 0.0 0.0 0.0 0.0 0.0 0.0 0.0 0.0 0.0 0.0 0.0 0.0 8.829453241835999e-07 0.0 1.182907746271954e-06 6.461140736751059e-08 0.0 0.0 0.0 0.0 0.0 0.0 0.0 0.0 3.6542053165413455e-08 0.0 0.0 0.0 0.0 0.0 0.0 0.0 0.0 0.0 0.0 7.964770247583957e-08 6.299680093815613e-07 1.1422718452327892e-07 0.0 4.267722919101343e-07 0.0 0.0 0.0 0.0 0.0 0.0 0.0 0.0 0.0 2.2363022156997773e-06 0.0 0.0 0.0 0.0 3.889452548540966e-07 7.69089955048931e-08 1.4651552174624764e-07 0.0 4.1065076747250006e-08 0.0 0.0 0.0 0.0 0.0 0.0 0.0 0.0 0.0 0.0 0.0 2.1116190931279654e-06 4.2527671619614684e-07 3.04197375811185e-07 5.22909569555405e-05 1.4339366958283082e-06 4.118101727941614e-05 2.91384536592533e-06 0.0002850976634247501 5.476770470232355e-06 6.06731194991509e-08 2.81260738145884e-06 1.025635405833668e-05 0.0 1.7014336669510347e-07 4.374742525830165e-07 1.2353512039845322e-05 0.0 0.0 0.0 4.599367898950726e-08 0.0 9.604485473672374e-05 2.51051812824078e-06
1.5181755607516881e-05 0.0008916388629301976 0.00035759424484623777 1.1755032074469449e-05 0.0 8.530622182932406e-07 0.000888569660537779 0.00011284579305074448 0.0018287996134441168 4.75187473324325e-05 0.0002466795650426808 3.976619673542975e-06 0.0003054708708988738 0.0005427202769922271 7.0990814648241e-06 1.947378179134202e-06 9.123249402739192e-08 4.1011595026821606e-08 0.0 0.0 0.0 0.0 2.1084066770188677e-07 3.773488040190757e-07 5.826127508806227e-08 0.0 1.0809942413748386e-07 2.3149559667763145e-07 0.0 5.468415323687918e-08 2.191488539405986e-05 4.366489095210226e-07 1.09684463295e-06 1.0731846352202866e-07 2.247156814008007e-07 0.0 2.3301018625044372e-07 1.0705872488305477e-07 5.7532480958756444e-08 1.480095876249658e-07 2.1602726052939506e-07 3.9572893129834264e-08 4.171640290648235e-08 0.0 0.0 9.941321769113985e-08 2.8205876788523338e-05 1.1082423290701688e-06 1.440596706698429e-07 7.531440814913382e-08 4.443161080129733e-07 0.0 0.0 1.0699752287161596e-07 7.74900616476276e-07 5.088995532312962e-07 3.467783026759377e-06 1.0886126785624507e-05 7.905389936277313e-07 5.7930070778800185e-06 1.339424792623325e-07 1.8367399703465648e-07 5.772185456380161e-08 1.4093959276417891e-05 5.299696734853428e-07 4.0143631999326727e-07 1.7082521165791275e-07 2.0553719349339712e-07 4.01347521548295e-07 1.6713804630192347e-07 2.43714927704373e-06 0.0 0.0 1.508466888492665e-05 1.7055531008287788e-05 2.206881684415735e-05 5.396071882146801e-06 2.0061761671086085e-07 2.724653759778722e-07 6.680944702578293e-07 7.756226431883858e-08 1.3718746016955617e-06 3.222407937204866e-06 0.0 4.995016070838108e-07 4.800215379693362e-07 1.2479510873133084e-07 0.0 1.3764532006360673e-07 0.0 1.6606344956810363e-07 1.1519151630978636e-07 2.814580219456646e-07 0.0 9.305340904521001e-08 2.0850281662663858e-06 0.0 0.0 0.0 1.6492854766499496e-06 0.0 1.1791075311613775e-07 0.0 1.680959596109416e-07 4.8276307672021e-07 0.0 6.818802594027059e-07 0.0 5.867875460559461e-08 8.260683197534721e-07 1.829801706901879e-07 4.14366411676858e-07 6.268628754563217e-07 6.040174405647799e-07 1.022156236055416e-06 0.0 0.0 0.0 0.0 0.0 0.0 0.0 0.0 0.0 0.0 0.0 0.0 0.0 0.0 0.0 0.0 0.0 0.0 0.0 0.0 0.0 0.0 0.0 0.0 7.811838160806412e-07 2.3205346738888306e-07 0.0 1.6925480179759937e-07 0.0 0.0 0.0 0.0 0.0 0.0 0.0 0.0 0.0 0.0 0.0 0.0 0.0 0.0 0.0 4.722292311717811e-08 0.0 0.0 0.0 0.0 1.8636051067793773e-07 0.0 0.0 3.1956617019771064e-07 1.3723264517742027e-07 0.0 0.0 0.0 0.0 0.0 0.0 0.0 0.0 5.706767179623973e-07 5.8201532584050476e-08 0.0 0.0 0.0 3.2355630245402893e-07 0.0 3.3514792517137755e-07 0.0 0.0 0.0 0.0 0.0 0.0 0.0 9.150952531298366e-08 0.0 0.0 0.0 0.0 0.0 1.5035457317513993e-07 3.1884040244932243e-07 0.0 5.793497846479116e-05 1.540878364860528e-06 5.343289384549642e-05 9.417308915820436e-06 7.961527158332566e-06 9.084743550456452e-06 1.7748994663483216e-07 1.0294636622759033e-05 3.2300596078798696e-07 8.699092722608092e-08 0.0 1.3081753629835993e-07 2.0012345333103827e-06 0.0 0.0 0.0 0.0 0.0 4.492107184950152e-06 2.8810310893294606e-07
2.6301995557673526e-05 1.2615741880172085e-05 1.351829431436491e-06 6.660545879242346e-05 8.530622182932406e-07 0.0 8.73800809925409e-06 4.738177791864633e-08 0.0 0.00021697416144554334 6.500271640704156e-08 2.3794069108645167e-05 3.446178113458411e-05 3.954073065247934e-06 0.0 0.0 0.0 0.0 0.0 0.0 0.0 3.2164606558167853e-07 0.0 0.0 0.0 0.0 0.0 0.0 0.0 0.0 2.412248234984919e-06 0.0 4.212149774857895e-07 0.0 0.0 0.0 1.2562772114686798e-06 6.91921133670137e-08 3.341811893916024e-06 0.0 0.0 0.0 0.0 0.0 0.0 0.0 1.4289585944755442e-07 6.870426210517366e-08 0.0 0.0 0.0 3.426036604972551e-06 9.553736453083662e-07 8.245974046822165e-08 0.0 1.3665219404091877e-07 3.1389347775213806e-05 2.9868547857381684e-06 3.435482191455568e-07 5.054865068564238e-08 0.0 0.0 0.0 0.0 0.0 4.259278846614733e-08 1.5150050794783983e-07 0.0 0.0 0.0 2.724513477293142e-05 7.540684225059308e-05 8.360046144421769e-06 2.3911534607985196e-07 3.521348200815898e-08 1.695381811017012e-07 0.0 0.0 0.0 0.0 0.0 0.0 6.84281904037753e-08 1.2499714750565283e-06 0.0 2.3387289605775826e-07 0.0 3.6518026854805894e-06 2.575068648984664e-06 4.090059143454361e-06 1.7142607778036902e-06 2.337053704400979e-06 0.0 6.865461872151878e-08 1.352842564454092e-07 2.0968543979244855e-05 6.886230117955293e-05 8.849438817219398e-06 1.6066747342293368e-05 5.601293015112896e-05 0.0 9.257705266255366e-08 4.778428322549661e-08 3.041305229896116e-06 0.0 5.538191119238908e-07 7.48555665266393e-07 0.0 6.746457193055282e-07 8.550506545669727e-07 0.0 1.6294065728059243e-07 5.135663802345607e-07 1.279545598191808e-07 3.629491192088875e-07 0.0 0.0 0.0 0.0 0.0 0.0 0.0 0.0 0.0 0.0 0.0 0.0 6.207219325310309e-08 0.0 9.422068617823899e-08 0.0 0.0 0.0 5.61291226278289e-08 5.414739673307146e-08 0.0 0.0 0.0 0.0 2.04786188009685e-07 0.0 1.0156160591330256e-07 1.1042263786307456e-07 2.049235628880552e-07 0.0 0.0 0.0 0.0 0.0 0.0 0.0 4.779303355967959e-08 0.0 0.0 0.0 0.0 9.801124840866006e-08 0.0 0.0 0.0 4.936288645853807e-08 1.1542351088688937e-07 0.0 0.0 2.488106257645173e-07 0.0 0.0 0.0 0.0 0.0 4.659657634367913e-08 4.191316463877866e-08 0.0 0.0 1.0887236585006429e-07 0.0 2.0840581004610445e-07 4.1880646142267236e-07 0.0 0.0 0.0 0.0 0.0 0.0 0.0 0.0 0.0 0.0 0.0 0.0 0.0 0.0 0.0 0.0 1.2996353320776502e-07 0.0 0.0 4.832659458101956e-07 1.280258978580609e-07 2.292845368710345e-07 3.2401790707506626e-06 1.6735702609900502e-07 4.085992938986796e-07 0.0 6.685747359730688e-05 2.7148790191414275e-07 0.0 0.0 5.781521472440092e-07 0.0 0.0 0.0 2.2913222502458556e-06 0.0 0.0 0.0 0.0 0.0 3.2724510403527555e-05 1.3192488068813314e-06
0.00029343477503386827 0.001289278635635577 0.000167805411712992 0.00043761461060397733 0.000888569660537779 8.73800809925409e-06 0.0 1.6120337056205793e-05 0.0011920570663660037 0.0010188569767212443 0.00010345160484633707 7.742565825194272e-05 0.0014818111897752018 0.0015132536562259204 2.176111048703828e-05 5.359137372467053e-06 7.085945800680617e-07 1.4481666181160048e-07 1.258887360999229e-07 4.916552079213405e-08 1.4472631326908502e-07 0.0 4.401508046687098e-07 6.837417487269948e-07 1.1247907376214686e-07 0.0 2.8175469786570477e-07 1.3355977292864712e-07 4.935946416526099e-08 8.13379798357781e-08 2.9727624631265374e-05 1.278124866689715e-06 2.2380191399746237e-06 3.5505213385451654e-07 1.809904997067244e-07 1.1889368271797362e-07 3.3958252709602124e-06 6.98570850818911e-08 9.277796979703001e-07 2.712340315015822e-07 6.53192724958322e-07 1.3934092881964065e-07 4.757217821167461e-08 1.7142134159488869e-07 1.9213650293231028e-07 8.401194507037664e-08 9.038662987493095e-05 4.058243139741853e-06 8.53281513478134e-07 3.0180064988392646e-07 4.297518578688094e-07 0.0 2.7705039675105603e-07 1.4764057717476777e-07 2.9829411719332984e-06 9.941842427418632e-07 1.3865008456758834e-05 3.1176773846819457e-05 4.402652552149076e-06 2.077484537390141e-05 1.3607010557194744e-07 7.069078357226533e-07 4.817538457879827e-07 2.987746610537778e-05 2.3724535906714864e-06 2.131538859824757e-06 5.656561835281868e-07 8.843377479519882e-07 2.969437648169614e-07 7.50717843317349e-07 7.739435600826527e-06 1.5142472092769953e-07 6.60408254551864e-08 5.599953311101402e-05 3.98889823607837e-05 5.964134677332556e-05 1.210482808254952e-05 1.2706940144556328e-06 6.758258770109993e-07 2.145201654433407e-06 8.502276636242085e-08 2.8683439737581647e-06 1.113954832751467e-05 6.641296965236562e-08 1.4945652147936037e-06 2.386366994448515e-06 3.9191654356030635e-07 4.079099467321765e-08 6.225683637649004e-07 0.0 3.63776029144372e-07 1.3590431894899836e-07 5.328532374072165e-07 1.5775742970814e-07 2.533741464834662e-07 3.0807852607754714e-05 6.87427998116254e-08 7.977138147072236e-08 1.1193791726284545e-06 1.5370274041865504e-05 3.877369840159111e-07 2.1890092026742076e-06 1.0771635198748866e-05 7.6578400766457e-06 2.0739555913627307e-07 1.6929024924032568e-05 7.707490469291413e-06 1.5810684786484558e-06 2.5152772944204832e-05 1.1370868149170251e-05 6.672377729500758e-07 8.793343266617581e-06 8.063957221492777e-06 7.211957249480853e-06 1.0890151758168463e-05 1.0499556182906033e-07 4.550540161860228e-08 0.0 5.96276089029969e-08 0.0 0.0 0.0 0.0 0.0 0.0 0.0 0.0 0.0 0.0 5.467477615329992e-07 0.0 0.0 0.0 0.0 4.3974389064287315e-07 1.2494412947241158e-07 0.0 2.725709503702812e-07 0.0 5.894653281541055e-06 7.083420919935701e-07 6.962533583624342e-06 2.073389577606593e-06 3.205504418753415e-07 0.0 0.0 0.0 0.0 2.2494623660161364e-07 0.0 0.0 8.625272850064203e-08 4.82722807735983e-07 0.0 0.0 0.0 2.2341629368170723e-07 0.0 2.0724622971775948e-07 9.619439652531112e-08 0.0 9.14130032218115e-08 1.729933015527452e-07 8.991747783566638e-07 0.0 6.881334132852116e-07 2.3069923674898616e-06 4.89626123526969e-08 6.982578787435307e-08 0.0 0.0 0.0 0.0 0.0 0.0 0.0 1.1340074803858296e-05 0.0 0.0 0.0 0.0 3.4084515334597766e-06 0.0 1.894642817252073e-06 8.78297547946245e-08 4.1966820158022507e-07 1.131456358368413e-07 0.0 0.0 0.0 4.739981877251985e-08 0.0 0.0 0.0 5.137845950484393e-08 0.0 0.0 8.616896985224683e-06 4.103091823411717e-06 5.288664925502043e-06 0.00022069661791255998 5.134907717105009e-06 0.00019667383928612854 3.418872246044919e-05 7.627320284629917e-05 3.0697295601263046e-05 1.213193132671468e-06 4.397938808524653e-05 1.1344284959375627e-05 0.0 1.2942410127586014e-06 3.0453854825420647e-07 1.7552821079128093e-05 5.022048966745284e-08 3.6440519763222985e-07 0.0 1.05203807368415e-06 5.340441954676471e-07 7.20946507747169e-05 8.84424526908408e-06
1.1869379532470277e-05 0.00014536529886691304 0.0008108764632943201 1.401574913507461e-07 0.00011284579305074448 4.738177791864633e-08 1.6120337056205793e-05 0.0 6.210750795446773e-05 7.782280820328945e-07 0.001527931049647223 2.1338102190968207e-05 5.867673873729159e-05 0.0007064875781015152 2.266006048783043e-05 2.0504045084520802e-05 2.8340928070676313e-06 5.213463600659392e-07 3.029125663904141e-07 2.2747771130043064e-06 6.402846721723977e-06 7.394521369964228e-07 2.8385042306722585e-05 3.155887230069429e-05 1.4816927709692273e-05 3.6189267539227002e-06 2.3853395703368117e-05 9.103111387676625e-07 1.772458857897758e-06 4.065262954422219e-06 0.0012453261004000593 0.0015719381191563076 0.00016892931548949651 1.052804850571566e-05 2.2170638027660537e-05 9.718900544109679e-06 2.4195867101289223e-05 1.0148486098656356e-05 1.8075740707675787e-05 9.933900177202887e-06 2.4900394131458737e-05 9.034422344710967e-06 8.576650688788792e-06 2.6804812658997864e-05 1.1478944717756944e-06 1.4475658442612594e-05 4.436520903126747e-05 2.2843948307735924e-06 1.076597299103558e-06 3.0776577182106837e-06 1.6399041755975108e-06 4.077388656202164e-08 3.57464967375466e-06 9.893315852136525e-07 1.1604622197705984e-06 4.781869572647363e-07 5.6526230542006535e-06 3.517308928454348e-05 1.1311982402859613e-06 6.813645349041996e-06 5.457667922341732e-05 0.00013259307678037014 2.411134476143884e-05 0.0004599687004648008 4.387329083017335e-07 1.7353433726522507e-06 1.7474007694846125e-07 2.820370585342782e-06 1.804751684364261e-05 3.680844406476978e-05 3.583642367030624e-05 1.7735784946952558e-07 4.466828687429203e-07 3.059646105820128e-05 5.52668602954259e-05 4.863841375960894e-05 0.000173714106734308 0.00021581383798298918 0.0005775628008324936 0.0008962021943057382 5.9678904368534596e-05 0.001050503432438721 2.7315443325600352e-06 0.0 7.30437793018216e-07 8.3077641894262e-07 4.950354257801927e-06 0.0 1.3174660168816578e-07 0.0 3.474130887575543e-07 8.799253181260338e-08 4.103532493327948e-05 1.7854781170971644e-06 2.2718691803411864e-06 6.593089750310618e-06 3.89071168405178e-07 2.8596222962485603e-07 3.3877624553654293e-06 1.0404899191242045e-05 0.0 8.96350950228423e-08 0.0 0.0 0.0 1.6453851930129133e-07 1.808073399126098e-07 1.1660043083450502e-07 9.468099804476687e-08 7.310296819956797e-07 0.0 2.5314842611070453e-07 6.137509694096009e-07 5.709036193618588e-07 8.301011367304481e-07 0.0 7.390715444321146e-08 0.0 5.327398051610279e-08 0.0 0.0 0.0 0.0 0.0 9.204603353276929e-08 0.0 8.99424303798838e-08 9.671502127806364e-08 5.463274166836446e-08 1.2981414339584067e-07 0.0 1.3504803432955214e-07 6.810902464860137e-08 1.348034443711136e-07 9.640790736352832e-08 0.0 0.0 0.0 0.0 1.2261630135471894e-06 5.192543256064062e-07 1.4444484642299103e-06 1.2087649166789757e-06 6.086223576116234e-07 1.2755300403095547e-07 0.0 0.0 0.0 0.0 8.297887551684174e-08 0.0 3.6455147047312046e-08 0.0 0.0 0.0 0.0 9.229239972852245e-07 0.0 0.0 0.0 7.986155554338444e-08 5.4220103689262375e-08 0.0 0.0 0.0 4.0777953051680313e-07 5.063315348151397e-07 0.0 0.0 0.0 0.0 0.0 6.329899144763773e-08 0.0 3.913495366680807e-08 8.904788317952375e-08 1.4961708205916394e-06 1.4750944294884405e-07 0.0 0.0 2.9217905687078235e-07 4.805778317415289e-07 3.9099851674391384e-07 9.252381251576834e-08 8.815085984932209e-08 4.220051984242298e-08 8.050026954533382e-08 0.0 0.0 0.0 0.0 0.0 0.0 0.0 5.732947186363467e-08 6.272031520637501e-08 0.0 1.031401846534608e-06 1.1243667892986046e-06 1.787571342648966e-06 8.567462195713355e-05 4.435531114175523e-06 7.413307132606619e-05 2.0240067801115612e-05 5.295543114278962e-06 6.341192430742283e-06 3.089770445472882e-07 7.145874755927422e-06 6.736371426352512e-07 0.0 2.6142720854240985e-07 1.2481015004580265e-07 8.966132354562177e-07 0.0 1.0170267150010878e-07 0.0 2.824623710771877e-07 0.0 3.0976006155838014e-06 7.600666661355504e-07
6.717106451725694e-06 0.0012657168036573933 0.0008093857497699546 4.7236567934681505e-06 0.0018287996134441168 0.0 0.0011920570663660037 6.210750795446773e-05 0.0 1.6688086981984966e-05 0.00034490755823927326 3.4713107501557384e-06 0.0003836002299622196 0.0007803504469155358 5.396504909612418e-06 1.6587154615018498e-06 1.9317351818868226e-07 0.0 0.0 8.449811202709407e-08 8.394221752245047e-08 0.0 1.6285015104417112e-07 1.9808192554541513e-07 0.0 0.0 0.0 0.0 0.0 0.0 1.4469258267681941e-05 7.828318281186076e-07 8.611538717416676e-07 1.0735497804921956e-07 9.841119035074198e-08 0.0 0.0 0.0 5.511777155136461e-07 6.34082699692408e-08 3.0487626485205597e-07 5.1954307321368765e-08 0.0 1.4359814086953117e-07 0.0 0.0 1.6199856714585235e-05 5.076993482686385e-07 1.3230612315264523e-07 4.666863239310951e-08 1.1381907940517424e-07 0.0 0.0 0.0 3.2674631596291924e-07 1.221393420445117e-07 1.523297349771843e-06 3.5960643820346262e-06 7.397347043446688e-07 2.402145269580835e-06 5.949857502569229e-08 2.0675423144171306e-07 4.679543171421556e-08 7.697854351662976e-06 1.5752023794252107e-07 3.3204361662275216e-07 1.2078640214601054e-07 7.95188631995252e-08 1.0681194734107048e-07 1.4448144482991905e-07 1.337781692582768e-06 0.0 0.0 8.39011360790889e-06 7.446281223923669e-06 1.2058581036425874e-05 2.9092992720605783e-06 2.803043702371437e-07 3.7397585886895593e-07 7.36761516601209e-07 0.0 1.241002630802959e-06 1.5410596323277715e-06 0.0 2.3036373692483097e-07 2.3803682377433192e-07 0.0 0.0 1.8121614291012783e-07 0.0 9.11297849668051e-08 0.0 2.416418641572393e-07 4.094966158407456e-08 3.763091616493351e-08 2.1026405020489354e-06 0.0 0.0 1.839812787086662e-07 7.599539787414279e-07 0.0 0.0 1.4218589799684107e-07 0.0 0.0 4.2741754853158406e-07 9.877601016927029e-08 0.0 9.567767050274292e-08 1.3670983149904621e-06 0.0 4.175565157758645e-07 1.004289395729493e-06 1.1093861601390605e-06 1.3929465404623107e-06 0.0 0.0 0.0 0.0 0.0 0.0 0.0 0.0 0.0 0.0 0.0 0.0 0.0 0.0 0.0 0.0 0.0 0.0 0.0 0.0 0.0 0.0 0.0 0.0 3.7151291156678547e-07 6.062839482328448e-08 7.277843749640375e-07 3.084050719746212e-07 0.0 0.0 0.0 0.0 0.0 0.0 0.0 0.0 0.0 0.0 0.0 0.0 0.0 1.0393699954580054e-07 0.0 0.0 0.0 0.0 0.0 0.0 0.0 0.0 0.0 2.616351933835413e-07 0.0 0.0 0.0 0.0 0.0 0.0 0.0 0.0 0.0 1.1094642320432416e-06 5.277959334514139e-08 0.0 0.0 0.0 7.922828231670776e-07 0.0 2.426357752942673e-07 0.0 0.0 0.0 0.0 0.0 0.0 0.0 0.0 0.0 0.0 0.0 0.0 0.0 2.053532163751234e-06 5.762653329494696e-07 8.409585332667112e-07 3.5157764181434456e-05 1.8083009547875094e-06 2.964732418002996e-05 5.793112169125138e-06 4.780899191454209e-06 3.891714352233369e-06 2.9628501697858303e-07 7.149401509674022e-06 1.0346134708189862e-06 0.0 9.700325889654313e-08 0.0 6.033085427091337e-07 0.0 0.0 0.0 1.8871488069310802e-07 0.0 4.424489564709058e-06 8.776476108354602e-07
0.00041410302700379604 0.0005390549712963269 3.560636621520895e-05 0.0006720411698848455 4.75187473324325e-05 0.00021697416144554334 0.0010188569767212443 7.782280820328945e-07 1.6688086981984966e-05 0.0 5.405815607412474e-06 0.0005653229830690701 0.0018514040568313663 0.00026113379948313853 3.834967502313835e-06 5.947520378228023e-07 1.8881205369104073e-07 4.205871946911899e-08 0.0 0.0 0.0 1.5005691082939046e-07 0.0 0.0 2.6839559152312415e-07 0.0 0.0 0.0 0.0 0.0 4.741377303914964e-06 6.243193666993705e-08 1.0682347523531872e-05 0.0 0.0 0.0 5.298467020999228e-06 6.131886128100048e-07 1.5788949298603273e-06 0.0 1.8984949170128812e-07 0.0 0.0 5.077353897141116e-08 1.08172208263033e-07 0.0 1.7257225899173676e-05 4.3924580940828614e-07 0.0 0.0 1.408868525070753e-07 8.663473695491408e-07 0.0 5.229220509945057e-08 1.2927336771054607e-06 3.7018458533836357e-07 1.9095292279935466e-05 1.1203894728595713e-05 1.9396212159027067e-06 5.224744395267442e-06 0.0 6.600324733292808e-07 3.3011145694229143e-08 2.1439706052137912e-06 3.047136958558253e-07 4.141203991180769e-07 9.418883536443555e-08 3.940532154607792e-08 0.0 0.0 4.250181725750126e-05 3.163300892661211e-06 5.344696402050224e-07 1.6094693426833696e-05 4.061417390570532e-06 8.124273919212686e-06 6.2750565594793e-07 3.3011900611863796e-07 8.799627284888179e-08 0.0 0.0 1.0144449973462546e-07 2.3890570612374633e-06 1.0313938712491963e-07 2.2723710294535675e-07 3.5306291917682333e-07 0.0 1.1222650851829688e-07 2.2129068384097418e-07 2.3385188921637794e-07 2.4756949084530324e-07 9.488202757809109e-08 5.4326124321873234e-08 4.499636233514961e-08 6.004832282319504e-08 6.353723728629636e-05 1.7727196842891638e-05 1.0420182968482152e-06 5.4606354445122255e-06 0.0001321059148656966 2.4501172588822014e-07 6.358049295283914e-06 1.0546795338429947e-05 1.839315715764111e-05 1.2614496252654148e-06 8.503789942119402e-05 2.8271243459110023e-05 4.226029113396058e-06 2.8439797147091588e-05 4.0198595482153994e-05 2.1521254167491286e-06 2.3007543156507572e-05 3.306270621638114e-05 2.1471589646142644e-05 1.5827821514091704e-05 6.702285586623969e-08 0.0 0.0 0.0 0.0 0.0 0.0 0.0 0.0 0.0 0.0 0.0 0.0 0.0 5.051027872555131e-07 0.0 5.198868459285618e-08 0.0 0.0 8.518444388480479e-07 7.504303136438512e-07 0.0 0.0 8.307233096482251e-08 5.761395166988835e-06 4.7646534579017526e-07 5.8563449895257065e-06 7.104065501507067e-07 3.890007094259436e-07 0.0 0.0 0.0 0.0 1.5416668914282772e-07 0.0 0.0 4.5501261314774886e-08 5.003328687000602e-08 0.0 0.0 0.0 1.1948294122687945e-07 0.0 0.0 0.0 4.751576741082374e-08 1.1725244145239275e-07 4.4363427311573244e-07 6.041865052078579e-07 0.0 0.0 4.3612634244907586e-06 3.139471873905883e-07 0.0 0.0 0.0 0.0 0.0 0.0 0.0 0.0 1.961995767732203e-05 1.3983874163906868e-07 0.0 0.0 0.0 2.6246279549461703e-06 7.067601302158517e-07 2.5014447497035433e-06 1.8600488072341528e-07 1.1353304279099847e-07 3.632862486485767e-07 0.0 4.5149654232447784e-08 0.0 0.0 0.0 0.0 4.5643507928280705e-08 0.0 0.0 0.0 2.6910406058555353e-05 3.87431243044914e-06 2.4846547171813117e-06 0.00013427040632986938 2.1806089623830605e-06 5.0536895762497494e-05 1.282751362302228e-05 0.0003352286025479552 9.809960698829053e-06 1.8617687444691597e-06 2.328887653316378e-05 3.7944214431835726e-05 1.0529575063249373e-07 1.2579854726442707e-06 3.769354748709392e-07 6.076445505117855e-05 1.271996086326316e-07 5.193863724438702e-07 3.7504166500631887e-07 0.0 0.0 0.00035491999188736476 2.831348601276634e-05
1.9864201497637093e-05 0.0005504429393700305 0.0015218479938799718 2.3173079210550538e-07 0.0002466795650426808 6.500271640704156e-08 0.00010345160484633707 0.001527931049647223 0.00034490755823927326 5.405815607412474e-06 0.0 8.725479119131636e-05 0.00025011992166348916 0.001096424874201921 3.5020727378667416e-05 2.786155751328169e-05 3.828150931591854e-06 1.808581978748591e-07 3.732128954899109e-07 6.683434286729802e-07 1.4814818312127147e-06 9.918221625012511e-07 6.997483022285413e-06 1.0905131669317456e-05 1.08634260130829e-05 1.1293265310544942e-06 1.3564302511259326e-05 6.620576824797942e-07 2.651600105147682e-06 3.3335226936209607e-06 0.0006006775371563271 6.046723579846316e-05 0.0004114927522911272 2.283333040798046e-06 7.607740414062066e-06 8.289441982783056e-06 0.00016217139816695513 4.6342908946924086e-05 5.3248518697738626e-05 1.6702044362230605e-05 4.097884109666385e-06 2.429203262305381e-06 7.066242685279405e-07 1.2524386431870737e-06 5.376160094090609e-07 1.2259299654405873e-06 5.347190068125266e-05 1.3448198769255774e-06 5.806489584736754e-07 3.3696426035554543e-07 5.50491391372871e-07 1.2137407297925096e-06 7.533317385814419e-06 3.933664685661289e-07 1.0180479541564907e-06 6.796802650110384e-07 4.746243298321386e-06 1.4867218353016717e-05 1.2689519832978518e-06 8.953203725741203e-06 3.5950128153214476e-06 0.00020644347414033415 1.9792562337210895e-06 3.380664516104407e-05 8.048531613682661e-07 5.603844661881951e-07 2.568725019062442e-07 5.715964223735338e-07 3.072726680100859e-06 3.7052272032834213e-06 0.00015893728305430696 1.2135588248392632e-06 2.6974986007666226e-07 2.0848272736247924e-05 2.2833551206290243e-05 4.276781916625399e-05 2.063562771809872e-05 5.414741941415238e-06 2.5429900496893337e-05 0.00032129591917438437 3.2044707519761513e-07 0.000111200238377045 2.942406956621927e-06 0.0 5.964318402811615e-07 6.404176195427204e-07 9.191513819633709e-07 8.205048452012281e-08 1.9917325796439787e-07 9.479679234435437e-08 5.154872262160702e-07 0.0 7.676551777170865e-06 6.438966155221563e-07 6.331621631942785e-07 1.5743277667476714e-05 4.233723911676732e-07 6.187199446469592e-07 8.108305216945818e-06 1.1057571871895395e-05 4.132407053415774e-08 9.244829391078699e-08 2.2888506801067027e-07 1.0430383247802129e-07 5.413377197960121e-07 9.741527616559007e-08 1.1332818834165865e-06 5.541595361596564e-08 4.6412626402440256e-07 1.0034999095775505e-06 5.226622821588266e-07 8.294713072702613e-07 1.442558593357748e-06 1.9250592271562573e-06 3.294188575906183e-06 2.669072898599453e-07 3.187417229713099e-07 0.0 1.6178624729924746e-07 0.0 0.0 0.0 0.0 0.0 0.0 6.750305729604856e-08 0.0 1.8058944719692217e-07 5.806101053794115e-08 1.4392062155191858e-07 2.754258945258276e-07 0.0 1.0344371958736996e-07 9.472633000993049e-08 1.5871693002178568e-07 4.7989906013228985e-08 0.0 8.643835771421935e-08 0.0 2.5859274781868377e-06 7.794280252907726e-07 5.750970999229558e-06 4.152324780157357e-06 1.3212363003468176e-06 8.446277517141327e-08 0.0 0.0 0.0 5.896503279341348e-08 1.600752851961194e-07 0.0 0.0 5.379936292754837e-08 3.7498936431259007e-08 5.0315371070965724e-08 0.0 1.5292875641646036e-06 2.518994870207429e-07 0.0 0.0 0.0 0.0 1.0685658478201023e-07 0.0 7.684597162556262e-08 9.9896211980678e-07 2.6170050281795055e-06 0.0 0.0 0.0 0.0 0.0 4.892453430720493e-08 0.0 0.0 0.0 4.350168651653455e-06 4.3196028049646927e-07 0.0 0.0 2.1507681251698624e-07 5.291149658049554e-07 4.5603536213842065e-07 9.932116974514906e-07 0.0 1.8306405042737172e-07 0.0 0.0 0.0 5.074981442654606e-08 5.027978593126285e-08 0.0 0.0 0.0 0.0 8.704559332839836e-08 0.0 3.0784006880155735e-06 3.346485521888379e-06 6.267991865784349e-06 0.0001231844283668894 3.524282760262789e-06 9.626352297090951e-05 2.7955548472990924e-05 7.296133514956373e-06 8.068618686903239e-06 2.8261401893163706e-07 1.4246574478969112e-05 2.0951938804242624e-06 4.459999031468222e-08 1.0173351072428178e-06 4.501108155143062e-07 1.6151298254937422e-06 0.0 0.0 0.0 1.0682492185881805e-06 0.0 5.096679030315445e-06 1.8872902583646773e-06
