0.0 0.0005423441303402852 7.347205102829981e-05 0.00047942498346215877 1.1728828092943565e-05 0.00012418811196752177 0.000220017254017384 5.46724610384514e-05 1.8163249444067932e-05 0.0007177121153694026 4.431056516372566e-05 3.3319705132660544e-05 9.14269281564118e-05 6.14850440618674e-05 3.95294364389141e-06 4.412750794041546e-07 0.0 4.0801457697713446e-08 1.4758572627141243e-07 0.0 2.6589591194028297e-07 0.0 0.0 4.01921630868288e-08 0.0 0.0 4.330694163761523e-08 9.739830448519191e-08 0.0 0.0 0.00043517200576936226 6.742213230230539e-06 9.515796611413066e-06 0.0 7.561463586254481e-08 2.840852607610392e-07 8.133486909993345e-07 4.895454472961057e-07 1.0090187783794435e-07 1.5233893743013906e-07 1.0349109434417383e-07 5.119696605025563e-08 0.0 2.627187931657417e-07 3.2697725136935496e-08 4.023939568478673e-08 3.5282969854940186e-05 2.281718682424021e-06 3.962965662984278e-07 1.822325920803672e-07 7.040277857349524e-07 0.0 4.977749991922949e-07 0.0 8.453589236764836e-07 1.7953245969803327e-06 0.00010042040300865437 0.0004157868944049722 2.330235635866174e-05 4.5479412643878075e-05 4.203213024234488e-08 8.809913094647367e-07 0.0 8.557474327295355e-06 8.847340874713097e-07 1.1360724529991345e-06 5.585902034353283e-07 3.483370661926398e-07 8.196211300081908e-08 2.030353657197077e-07 9.561212443584263e-07 0.0 0.0 0.00021614624289971349 5.702253592205582e-05 9.35494035532222e-05 5.7106909644077854e-06 7.719775706008362e-07 1.7651614356192101e-06 2.5108894216758187e-05 0.0 1.22888441770877e-06 8.138245978785882e-06 4.385310435876445e-08 5.891320172460951e-07 9.870025787083038e-07 5.942541308629151e-07 8.887604450932485e-08 4.019739190174204e-07 0.0 5.202532158241697e-07 1.7556765341164408e-07 6.148802136831507e-07 3.979339121017543e-07 8.967944311866896e-08 3.3161243381091884e-06 2.9662992002894196e-07 0.0 1.3072250477367923e-07 0.00033711640209335784 2.0529092279285848e-07 2.005042522881271e-06 7.663115209970486e-06 2.191072788753973e-06 2.4108850322962375e-06 6.374491451669691e-06 7.938245780574838e-06 6.011838352744191e-06 5.37017229421764e-06 1.3910570802977271e-05 2.148152940530909e-06 1.6748620020655917e-05 7.058151897415743e-06 3.5841552863937303e-06 7.610352099444092e-06 0.0 7.076396645494046e-08 0.0 0.0 0.0 0.0 0.0 0.0 0.0 0.0 1.616368738171516e-07 0.0 0.0 0.0 0.0 0.0 0.0 0.0 0.0 3.312444490603637e-07 2.1745927301186414e-06 0.0 2.3385499178972714e-07 0.0 1.7615316332091793e-07 2.3666907268442632e-07 7.133895762332964e-07 1.75928149627022e-07 0.0 0.0 0.0 0.0 0.0 0.0 0.0 0.0 2.386819112179128e-07 0.0 0.0 0.0 0.0 0.0 0.0 0.0 7.46115256207118e-08 0.0 3.3501158468471757e-07 4.273457546695125e-07 0.0 3.6383655970548955e-08 0.0 2.550378605857948e-06 1.1755405090745734e-07 0.0 0.0 0.0 0.0 0.0 4.0526673213614736e-08 0.0 5.5246847957364255e-08 1.2802392204278023e-06 0.0 0.0 4.339362211805497e-08 0.0 8.445246778716487e-06 7.630237832211457e-07 2.5753641085114963e-06 2.3193651428558013e-07 5.590015537733037e-07 9.254459341355675e-08 0.0 0.0 0.0 0.0 4.957188412519041e-08 0.0 0.0 4.6738365747335394e-08 0.0 0.0 3.7869204683197967e-06 6.381422213024725e-07 2.9493304997164256e-07 0.00016906054125545672 2.58261311611852e-06 5.855751886964373e-05 4.673287227987373e-06 0.0005436332744175798 4.093286706300302e-06 7.534884338454268e-07 4.379313354267857e-06 5.5903981658736805e-06 3.624841997663103e-08 5.894249544922408e-07 0.0 1.4860710684463488e-05 6.827319778006448e-08 7.252711770480169e-08 0.0 2.1152642780594362e-07 0.0 0.0002064485965153328 1.2481779773781915e-06
0.0005423441303402852 0.0 0.0009700431852834951 0.0001990575713334626 0.0006189794544155413 6.711021366983092e-05 0.00087637300240091 0.00032041690380096724 0.0007459160000881233 0.0010072193167513259 0.0006153388170392054 0.0001011368487280726 0.00040778530063068254 0.0007679339234348526 1.3552732088768596e-05 1.9846284502939777e-06 2.4511560355925223e-07 1.3693470077918585e-07 8.972772779904854e-08 4.677640043659741e-08 3.3712572521375083e-07 0.0 5.087559132875348e-08 1.6315036208892204e-07 3.9288611786497495e-08 2.003718610834106e-07 1.537706584116565e-07 0.0 5.878567822400808e-08 0.0 0.0008657758211224396 7.271997094392833e-05 3.7447485597263594e-05 1.8932621787759745e-07 4.604571843090499e-07 7.659624508134359e-07 4.502466209351265e-06 2.2544433345325913e-06 6.937774369788395e-07 4.991008522100001e-08 5.25486666150063e-07 3.3635041338562274e-07 1.7184010803075974e-07 4.233752025547692e-07 1.8207477277268626e-07 2.0159125586003738e-07 0.00010134786471534867 3.8120020750567297e-06 7.333737915542079e-07 2.7167917428971833e-07 1.60663578827259e-06 9.607135077399608e-08 3.895836207268622e-08 4.832633659344935e-08 1.350929513335476e-06 3.062808363184015e-06 0.00011290775980364498 0.0004535933702362799 3.528965251234355e-05 7.405742424671988e-05 9.023301798617272e-07 5.5267803633648884e-06 0.0 1.7311668619533235e-05 1.710917288181812e-06 1.8404370127477999e-06 1.3236945473534958e-06 1.1217920660687166e-06 3.353116226191543e-07 1.12912497290859e-06 1.0950040625466294e-05 0.0 0.0 0.00027795544227789565 0.00010047022121895498 0.0001740172703871238 3.082859683655107e-05 2.7246006458523445e-06 1.5576870254824134e-05 9.662094115884165e-05 3.422580436828385e-07 4.711043837629256e-06 1.2064411645882629e-05 2.5409274855759044e-07 1.1093326879769108e-06 1.7436275271967917e-06 7.84458139646501e-07 9.90144593346599e-08 1.0113353423441711e-06 9.723933934517057e-08 1.0760300119753265e-06 7.41948037596136e-08 1.760723835298092e-06 5.783825196169809e-07 1.715778200636095e-07 3.848686557849921e-05 5.139888368777732e-06 0.0 4.815133362010396e-07 0.00023369817963047896 5.845550107957839e-07 6.552583800810146e-07 3.851565228271981e-06 9.616048264120038e-07 2.351610163523931e-06 3.7816117263924836e-06 3.4863761870996398e-06 6.512698543707354e-06 4.227517767061304e-06 1.1814840612156598e-05 4.645674765804746e-06 1.883817074460939e-05 7.675632976900583e-06 5.785471812798431e-06 2.087983459686636e-05 0.0 1.963588020610586e-07 0.0 0.0 0.0 0.0 0.0 0.0 0.0 0.0 0.0 0.0 0.0 0.0 0.0 0.0 0.0 0.0 0.0 9.849998755827008e-07 1.4902787050778608e-06 0.0 0.0 0.0 1.915493850482612e-06 4.953419943562505e-07 3.6662755207853017e-06 1.8339029941045126e-07 5.2226110991749674e-08 0.0 0.0 0.0 5.848551876189889e-08 0.0 5.134311870138007e-08 0.0 4.0563152348669214e-08 1.0258221318735017e-07 7.351810990158041e-08 0.0 0.0 1.0792913910935157e-07 0.0 0.0 4.928640520591486e-08 0.0 1.8130362760761407e-07 3.9922054640344584e-07 0.0 0.0 2.2631448443531231e-07 4.170291823596768e-06 3.613018848186619e-07 0.0 0.0 4.3914586944373583e-08 5.492991420423583e-08 3.663853769411728e-08 5.523054241593878e-08 4.092141245487383e-08 4.1183644866516617e-08 3.433507444720339e-06 2.403388681153558e-07 0.0 4.777234749019345e-08 1.8316495585573013e-07 1.3466206524861275e-05 9.831786202165246e-07 6.359865985177205e-06 1.7997265653878846e-07 6.088628855643307e-07 1.6611000882969858e-07 2.286909302925919e-07 2.0870556913934016e-07 3.755266884639137e-08 0.0 0.0 0.0 4.414333327392372e-08 4.8882231945053365e-08 0.0 0.0 1.3896905651624814e-05 6.486835177231214e-07 8.71441338573911e-07 0.00028027732222065554 7.275800517832966e-06 0.00020092415008397308 2.2414267774097383e-05 0.0003546926586294371 2.1798956230926903e-05 8.002037891960357e-07 4.0325093999410934e-05 3.476703282287568e-06 2.4394966359741356e-07 7.46806665330177e-07 4.455913499693043e-08 3.7843370538918727e-06 1.0525197129045036e-07 1.5108736907028226e-07 0.0 3.56982230228667e-06 6.33781263276048e-07 5.168663495577813e-05 5.689679041644138e-06
7.347205102829981e-05 0.0009700431852834951 0.0 1.0789853778170349e-05 0.0003258128253437043 2.528871846717558e-06 5.332649279512216e-05 0.0010878089449935999 0.0004889467791100401 0.0001377215475487068 0.0008361169638034627 1.3900039982241987e-05 4.485822685579812e-05 0.0005805234745949994 2.858665251896483e-06 1.1773463894540727e-06 0.0 0.0 0.0 0.0 1.610236396263476e-06 0.0 4.5316268368589436e-07 4.230274806338768e-07 1.5019531428776605e-07 7.289099863946872e-07 0.0 2.0612222762801953e-07 0.0 3.8015742056211197e-07 0.0016005582382441514 0.00025314126575018463 4.222798119762381e-05 2.4201497430175985e-07 1.5236159539661515e-06 1.3596667384028357e-06 4.037632626056949e-06 4.870346237774974e-06 1.2771327925642239e-06 0.0 9.098174025400953e-07 4.793250672640224e-07 9.337284964024856e-08 4.003142711500872e-08 1.2029191659042552e-07 4.4605114470974296e-07 2.583310526278045e-05 6.146991027289874e-07 1.9280254125396423e-07 2.5179305610601997e-07 5.064816062306324e-07 1.7171618452703862e-07 0.0 6.110975259889405e-08 1.1759584948234647e-07 3.3099143191851287e-07 3.369120060586784e-05 0.000180614140823167 7.625558822377316e-06 1.3493488772052279e-05 1.6603126862015569e-06 9.63208189953112e-06 5.645091983060294e-08 3.0192494175981154e-05 1.1417163369971306e-07 6.395517964698478e-07 1.2581111319647347e-07 4.49331357144945e-07 7.764435285362695e-07 1.3111740512590985e-06 4.5231258129757845e-06 1.4986861665420996e-07 0.0 5.931121392483788e-05 3.454504576871807e-05 3.679508890567491e-05 1.0367846702902209e-05 5.855817876837742e-06 5.5218533579123226e-05 0.0002716773715621139 4.1229819132058345e-07 1.1080189047404127e-05 2.1836524549065286e-06 0.0 1.9103276848206336e-07 1.561110105502142e-07 2.648953572517909e-07 0.0 1.8487096826621793e-07 0.0 5.505755992695357e-08 4.317039661705391e-08 3.321371243284533e-06 3.638592124636368e-07 2.605017464758852e-07 1.2059060914408369e-05 2.7259514085706856e-06 0.0 3.275433515732267e-07 1.922731149766448e-05 9.965106294965681e-08 8.314835190340042e-07 1.0734399725531433e-06 1.7775332860090885e-07 4.6986518310068406e-07 1.0167576605619497e-07 6.323858860130359e-07 2.7980281724990894e-06 1.09629486594193e-06 2.8906983248316165e-06 1.0582225274069866e-06 5.426145582517703e-06 2.713077791254519e-06 1.7803976724157493e-06 7.908191938563428e-06 3.297271100974858e-08 4.1145648371665944e-08 0.0 0.0 0.0 0.0 0.0 0.0 0.0 0.0 5.144669847273072e-08 0.0 0.0 0.0 0.0 0.0 0.0 0.0 0.0 8.950973493240185e-08 7.433454634684838e-07 0.0 9.525992439383092e-08 0.0 5.402959172055095e-07 7.104887593026504e-08 2.1997061771057603e-06 3.0980575236099204e-07 1.2516624569974897e-07 0.0 0.0 0.0 0.0 0.0 1.0895971113294225e-07 0.0 4.503745402687182e-08 0.0 0.0 0.0 0.0 8.923803725118373e-08 0.0 8.478035708635496e-08 0.0 0.0 0.0 4.918995390060899e-08 0.0 8.89909020486802e-08 0.0 1.0297947360698e-06 4.064413213960463e-07 0.0 0.0 0.0 0.0 8.722378552447743e-08 4.225376893916548e-08 0.0 8.994672066482865e-08 6.962057195967536e-07 0.0 1.6069058297052435e-07 0.0 0.0 3.944762390564477e-06 2.681136287684477e-07 1.302725999552257e-06 5.017744957264002e-08 1.647432044585922e-07 2.9090644929435886e-07 0.0 0.0 0.0 0.0 0.0 0.0 9.581496557950845e-08 0.0 0.0 8.864627734732603e-08 3.78903195954557e-06 5.123448198996722e-07 0.0 5.322834533503617e-05 1.3493879591158049e-06 3.83449095695714e-05 4.850069797012855e-06 4.43526743876512e-05 4.716327020550938e-06 1.6178088063680223e-07 9.76242216505271e-06 1.5872085169134852e-06 0.0 1.5662070455296658e-07 3.4339425103155405e-08 7.279982441292315e-07 7.19277987797167e-08 0.0 0.0 8.125331500394016e-07 0.0 8.918967986253385e-06 2.7098838148556973e-06
0.00047942498346215877 0.0001990575713334626 1.0789853778170349e-05 0.0 1.9640500722935127e-06 0.00014809762531392057 0.0002916556386972075 6.962721327336458e-07 2.7983932867660208e-06 0.001421842540588326 6.057903791991338e-06 0.0002474623674179481 0.0009306626250558452 3.315350474543694e-05 6.25152635336802e-07 1.0157915502880533e-07 0.0 0.0 0.0 0.0 4.576477631325349e-08 0.0 0.0 0.0 0.0 0.0 0.0 0.0 0.0 0.0 6.15005622359196e-05 1.4629813676221534e-06 2.2730596309000286e-06 0.0 0.0 0.0 9.03913518767411e-07 0.0 4.8923138159604716e-08 0.0 0.0 0.0 0.0 4.890030484605832e-08 0.0 0.0 6.6080813707724604e-06 1.1400128662511068e-07 0.0 0.0 8.46968189643032e-08 0.0 0.0 0.0 9.811999830422889e-08 1.933379123177986e-07 7.849832055109324e-06 2.878700207451201e-05 1.5575331259630022e-06 3.849263851794092e-06 6.891558611227063e-08 1.344561577881597e-07 0.0 7.499798743858841e-07 4.019020128297331e-08 5.282659658249029e-08 4.337062213798636e-08 0.0 0.0 4.614687320435711e-08 1.0481362896197696e-06 5.681682923573435e-08 0.0 1.8014907364285288e-05 5.623066175758591e-06 8.532823473657362e-06 1.357179789169094e-06 4.034804489618874e-08 6.836185048101732e-08 2.48104642635669e-07 0.0 9.726277335264087e-08 7.390451824728114e-07 0.0 0.0 4.618887664017988e-08 0.0 0.0 0.0 0.0 4.3999246593231206e-08 4.4750912608517026e-08 1.1584258711280464e-07 0.0 0.0 1.0637045900174366e-05 3.698435649165887e-07 0.0 1.5285975989546992e-07 6.149932447657555e-05 1.3570184768088845e-07 2.5845397116711874e-06 1.3976797634475123e-05 1.4782213863598595e-05 7.857327253475222e-07 2.611897548380023e-05 1.7416501889797636e-05 3.7298921045451523e-06 1.5871669325745213e-05 1.5022443922780464e-05 8.223666033234552e-07 8.970191410614044e-06 6.359242235717731e-06 1.6752977183546744e-06 2.7039623824871087e-06 0.0 0.0 0.0 0.0 0.0 0.0 0.0 0.0 0.0 0.0 0.0 0.0 0.0 0.0 0.0 0.0 0.0 0.0 0.0 2.685827915563237e-07 1.7092358799166693e-07 0.0 0.0 1.9708916253925188e-07 3.857283219844645e-07 3.055564504878085e-07 6.705711063946024e-07 0.0 0.0 0.0 0.0 0.0 0.0 0.0 0.0 0.0 4.325283404561505e-08 4.614504681705094e-08 0.0 0.0 0.0 7.67253918444272e-08 0.0 0.0 0.0 0.0 7.183310441733276e-08 1.9287031202856854e-07 0.0 0.0 0.0 7.864930614941834e-07 2.5213041692478e-07 0.0 0.0 0.0 0.0 0.0 0.0 0.0 0.0 1.5528710154197737e-07 0.0 0.0 0.0 0.0 2.5839416635783346e-06 0.0 2.8554370394162184e-07 1.5199829883644173e-07 1.6228789408632194e-07 2.692542458355641e-07 4.146312726321086e-08 4.138903357741918e-08 0.0 0.0 0.0 0.0 0.0 0.0 0.0 0.0 2.0008626133090645e-06 0.0 5.081138305106195e-08 4.00461410432301e-05 3.200951427499387e-07 8.197230191560064e-06 1.7565031931222943e-06 0.00019002970682004933 1.2590988845809874e-06 0.0 1.1243011159777508e-06 2.3384455013210904e-06 0.0 2.899216341755605e-07 5.2692117532360837e-08 6.024739084620195e-06 0.0 0.0 0.0 0.0 0.0 3.486750348580953e-05 1.0395004151590252e-06
1.1728828092943565e-05 0.0006189794544155413 0.0003258128253437043 1.9640500722935127e-06 0.0 1.4582224516072594e-07 0.000554730700821574 9.650119292928003e-05 0.0014937578392295696 0.00024262008858293374 0.0003520374256179164 1.0771838481282098e-05 0.00025135697194225633 0.0008182049638326383 1.504940063900357e-06 1.1351179399374105e-07 4.831905187753996e-08 0.0 0.0 0.0 5.7684772928033725e-08 0.0 0.0 0.0 4.2358529265048654e-08 0.0 0.0 0.0 0.0 0.0 3.2033148379512964e-05 8.70715054133852e-06 4.489725557197651e-06 0.0 0.0 0.0 7.197141228358865e-07 4.37390002909784e-08 5.489945589729715e-08 0.0 0.0 4.132438780010676e-08 0.0 0.0 4.105991927929064e-08 0.0 1.121873290303885e-05 3.5071642176962006e-07 0.0 0.0 1.552196953503904e-07 0.0 0.0 0.0 1.5148991386033273e-07 4.5715595800316923e-07 5.236810663258759e-06 1.098632317041335e-05 2.9131864581215646e-06 5.432260188330004e-06 4.981457835932021e-08 2.738441550524721e-07 0.0 1.3369769004265708e-06 1.1974896219982936e-07 2.2156872813123654e-07 1.9411915122412374e-07 9.494061217054141e-08 0.0 1.699502936962181e-07 2.6427752445386087e-06 9.239923937285141e-08 0.0 1.3697042074823155e-05 6.176157547153554e-06 1.2703002429296385e-05 4.766149991264098e-06 2.3092109849885533e-07 8.473610261081627e-07 2.3494043668243255e-06 0.0 2.0202323812457785e-07 7.140007076481453e-07 0.0 1.2862026006767061e-07 1.1657585383847942e-07 0.0 0.0 3.5205861852316206e-08 0.0 1.1156210471108605e-07 0.0 0.0 0.0 0.0 1.1908829575846267e-05 9.77956312242087e-07 0.0 0.0 4.882468338381281e-07 2.344867377700447e-07 0.0 1.1231858704164254e-06 1.562585451445855e-07 1.1075387277259705e-07 1.2495435317503809e-06 4.5213021583061326e-07 2.1980066820507354e-06 7.869524604016321e-07 2.3862996161015366e-06 1.5517052317077995e-06 5.172261274751705e-06 2.275628041868732e-06 1.8226618892625271e-06 5.625820423371806e-06 4.103941582483636e-08 0.0 0.0 0.0 0.0 0.0 0.0 0.0 0.0 0.0 0.0 0.0 0.0 0.0 0.0 0.0 0.0 0.0 0.0 1.1138660833539038e-07 2.2142257548011215e-07 0.0 0.0 5.118735147525416e-08 4.758921084334101e-07 5.0306689043976646e-08 1.4253696328547252e-06 6.145298841256289e-08 4.8323895623342444e-08 0.0 0.0 0.0 6.494523538624169e-08 0.0 0.0 0.0 0.0 5.022732452941923e-08 0.0 0.0 0.0 4.704728909073885e-08 0.0 0.0 0.0 0.0 1.6198506795985698e-07 6.69831711202016e-08 0.0 0.0 0.0 1.2319311268740993e-06 6.03197810612476e-08 0.0 0.0 0.0 0.0 0.0 0.0 0.0 0.0 1.1687076816624509e-06 1.351546988494827e-07 0.0 0.0 0.0 2.481349460816308e-06 2.175405059275802e-07 1.5417544590809682e-06 5.156748656250229e-08 4.187873454194163e-08 5.013005030815985e-08 0.0 0.0 0.0 0.0 0.0 0.0 0.0 0.0 1.7542325075900312e-07 0.0 4.797969810911812e-06 1.4472549263893056e-07 4.0584085316640175e-07 3.4972714811301875e-05 1.1896099586877854e-06 2.3141821084584402e-05 2.9698345687535073e-06 2.1926148582509746e-05 3.6758319986149335e-06 4.519231500378307e-08 4.37064536177939e-06 3.7103159513706213e-07 0.0 2.407129893189265e-07 1.1542028886764991e-07 7.809734586384876e-07 0.0 0.0 0.0 3.313514246621049e-07 0.0 4.014507666929974e-06 1.9287570507945062e-06
0.00012418811196752177 6.711021366983092e-05 2.528871846717558e-06 0.00014809762531392057 1.4582224516072594e-07 0.0 3.0033854966232944e-05 6.286360489848025e-07 1.2737605940976241e-06 0.0004397913893426727 1.1877264846255273e-06 4.5772931320075395e-05 2.4564145032578467e-05 5.608821667269302e-06 2.657750405172503e-07 6.326870211687439e-08 0.0 0.0 0.0 0.0 0.0 6.423595822311132e-08 0.0 5.77125888761511e-08 0.0 0.0 0.0 0.0 0.0 0.0 1.6908364670418396e-05 6.577785653970649e-07 1.4930881811154394e-05 1.787191506806107e-07 6.232632793351966e-08 5.7091047748101315e-08 1.4726926883731562e-05 1.1251162194380629e-06 6.06314449925539e-06 6.54505891149775e-08 0.0 0.0 0.0 5.7847554036970374e-08 0.0 0.0 8.709624987110874e-07 0.0 0.0 0.0 2.0917782567453527e-07 1.6790453505237072e-06 2.324847603382573e-07 0.0 5.8878164254972414e-08 5.063594917531214e-08 2.1794534474342055e-05 8.90154807079363e-06 1.653805910590217e-06 6.269818698627302e-07 6.000398966824034e-08 7.331649340963114e-07 0.0 2.0032388890276026e-07 4.776276763738408e-08 6.267819568415269e-08 1.4529474909006718e-07 4.920576291468695e-08 0.0 5.1949840397827666e-08 9.21677296116682e-05 2.8033641949583173e-05 2.743899073573103e-06 2.26556627628253e-06 8.657848747257052e-07 1.1797113040713452e-06 2.6108377722150737e-07 6.919989142145213e-08 0.0 1.0414851738557339e-07 0.0 1.3472259505726975e-07 0.0 3.5262819441846627e-07 0.0 2.025605501589525e-07 1.4330132720642126e-07 7.093331040541211e-07 4.545113804338036e-07 3.284600761260312e-06 8.281346747138329e-07 4.835230809872068e-07 1.590505010584578e-07 0.0 0.0 0.00014178407003166688 4.693856503217946e-05 1.2485224083297131e-05 9.389377387632459e-06 0.00010192760108101466 2.0349557712645195e-07 2.5345349563933378e-06 4.565778057264083e-06 2.2034224724963936e-06 1.3999376826713941e-06 3.0144074433218648e-06 7.282382244768242e-06 5.239169143853827e-06 3.7058583580112726e-06 1.2985920316069048e-05 1.7413224632220986e-06 1.1728611988964171e-05 4.9722270349034945e-06 2.7840122749228032e-06 4.406367980128338e-06 0.0 0.0 0.0 0.0 0.0 0.0 0.0 0.0 0.0 0.0 0.0 0.0 0.0 0.0 0.0 0.0 5.19192570909973e-08 0.0 0.0 3.965865591026806e-07 3.25875342602028e-07 0.0 0.0 0.0 3.2453987848154045e-07 0.0 4.070643833561115e-07 1.5658138861481492e-07 0.0 0.0 0.0 0.0 0.0 0.0 0.0 0.0 0.0 3.728140172035569e-08 0.0 0.0 0.0 9.825419957682124e-08 0.0 0.0 0.0 0.0 0.0 1.1970899348446555e-07 0.0 0.0 0.0 5.586506374107354e-07 3.020800055837692e-07 0.0 0.0 0.0 0.0 3.6230732491958704e-08 0.0 0.0 0.0 7.651104133573522e-07 6.9941626889788e-08 0.0 0.0 0.0 3.1320633934465737e-06 0.0 7.997087618472402e-07 0.0 0.0 0.0 0.0 0.0 0.0 0.0 0.0 0.0 0.0 0.0 0.0 4.95207904194673e-08 4.172794710316699e-06 1.467525811600683e-07 2.0784874349296165e-07 3.8762426197342e-05 7.812417952115072e-07 1.5393737666995907e-06 3.3828153671214443e-07 6.414439187537782e-05 0.0 0.0 3.618805752894009e-07 3.717689101231176e-06 0.0 1.0959640502563873e-07 0.0 1.1924773534251726e-05 0.0 0.0 0.0 0.0 0.0 0.00013615680491510258 2.126793209040886e-06
0.000220017254017384 0.00087637300240091 5.332649279512216e-05 0.0002916556386972075 0.000554730700821574 3.0033854966232944e-05 0.0 1.622399797181215e-05 0.0005454617956559313 0.001441969042765101 0.000198836639392974 0.0005245915890854435 0.001661241781063086 0.0005883481511614911 3.985513546222448e-06 4.88417298968184e-07 0.0 7.121988272651793e-08 4.976676937297285e-08 5.226024985105439e-08 9.087506013812338e-08 0.0 0.0 1.0453688163235698e-07 0.0 6.545901966322727e-08 0.0 0.0 5.710829773315277e-08 4.8127472182448504e-08 6.787038517080161e-05 1.0327633178722779e-05 1.7889334927965317e-05 0.0 1.8306947329958473e-07 5.839812300430124e-08 4.678477966544723e-06 1.494438090362298e-06 4.560147159365945e-07 0.0 2.24180576562298e-07 4.3601614993367476e-08 0.0 4.492369023656868e-08 0.0 8.936983227586128e-08 3.4260089828155995e-05 8.288866844788207e-07 1.167735550560438e-07 1.3267047878004288e-07 3.3737950971604776e-07 0.0 0.0 5.04311715749911e-08 2.606454095458337e-07 4.5111307435093946e-07 1.5041726072737551e-05 3.145559324806787e-05 7.507065518811579e-06 1.5183504060986295e-05 1.6277233463873637e-07 9.86790981669448e-07 0.0 3.477699343924398e-06 4.049174164666361e-07 4.959275077377436e-07 1.8380075738808875e-07 1.5353693291975456e-07 9.0737292896399e-08 4.0002201445890734e-08 8.66664251394208e-06 6.060916969935725e-08 0.0 4.494731772998239e-05 1.967311272592413e-05 3.674885355338056e-05 9.729094909211315e-06 6.485754553167666e-07 1.918392941720309e-06 2.5909725498466006e-06 1.0591604710386252e-07 8.791926617178585e-07 3.1528095803293956e-06 5.082200804185447e-08 3.1627201411855186e-07 2.330890237035019e-07 9.245467335259105e-08 0.0 2.7818085615547253e-07 0.0 7.660906208412547e-08 5.268506198291952e-08 3.0986445022679216e-07 1.7991144825849724e-07 0.0 5.4871925601709994e-05 2.9933420518545495e-06 0.0 3.4267052943649656e-07 3.9603345506810215e-06 4.4342402545858155e-07 5.28928006917856e-07 3.863344311814429e-06 6.239653655323366e-07 1.679986304569404e-06 6.443985721308261e-06 3.3010979414085834e-06 1.8181754164143168e-05 7.457977724544662e-06 1.600740414561975e-05 4.972558854060389e-06 7.454101134501271e-05 1.5895462096793474e-05 1.1561844126537893e-05 2.191023372824573e-05 1.5840034537187155e-07 1.3563811856944836e-07 0.0 6.923326639252994e-08 0.0 0.0 0.0 0.0 0.0 0.0 0.0 0.0 0.0 0.0 0.0 0.0 4.6327640408818474e-08 0.0 0.0 8.962512754073792e-07 1.4665929894923838e-06 0.0 0.0 0.0 1.9208784222053233e-06 3.7073882108521957e-07 4.730497181882429e-06 3.1889924795294727e-07 0.0 0.0 0.0 0.0 0.0 0.0 0.0 0.0 0.0 2.5291391971803214e-07 0.0 0.0 0.0 5.514400776870601e-08 0.0 0.0 0.0 0.0 1.0820541664771202e-07 3.423763005248036e-07 0.0 0.0 0.0 5.705392364832796e-06 0.0 0.0 0.0 0.0 0.0 0.0 0.0 0.0 1.89088169472775e-07 3.904436258843743e-06 3.8152616243153936e-07 6.741828185425326e-08 5.8415859100042575e-08 0.0 1.1249450379891834e-05 2.7429606785529664e-07 4.694493154055126e-06 2.2276562987179982e-07 5.743853529419678e-07 0.0 1.3495422680098612e-07 2.7935101486365533e-07 0.0 0.0 0.0 0.0 0.0 0.0 0.0 5.420726205269598e-08 1.733851239835421e-05 8.616466769229075e-07 1.1467290375143213e-06 9.476946463482711e-05 2.488267277738113e-06 6.969652987996267e-05 8.968616543923242e-06 9.08275431549952e-05 9.959621900412809e-06 1.6283802555403197e-07 1.4561519652070628e-05 1.5131358206869438e-06 1.3573634070655296e-07 7.922756050942418e-07 8.331134169271179e-07 3.288523733555176e-06 2.583767240118376e-07 4.480676672678147e-08 0.0 8.609883441600738e-07 2.9352678730139677e-07 3.146530900353725e-05 9.503756503791262e-06
5.46724610384514e-05 0.00032041690380096724 0.0010878089449935999 6.962721327336458e-07 9.650119292928003e-05 6.286360489848025e-07 1.622399797181215e-05 0.0 0.00012916456971056456 4.282817719139316e-06 0.0009635769275432928 1.994121351095371e-05 5.253062732161105e-05 0.00036317190774327104 1.0581722656449873e-05 4.777437439815922e-06 2.1091853944384037e-07 1.635422436937686e-07 4.312537235051561e-08 5.109713592843339e-07 8.998504615244978e-06 0.0 2.1234732119179376e-06 2.6504056268151396e-06 1.3850757441616055e-07 3.356998629077119e-06 6.801888931988823e-07 4.633464595830314e-07 0.0 1.880582050875466e-07 0.0009262943134038487 0.0008021321849624212 8.211715726923819e-05 1.9046508807122764e-06 6.010194072919094e-06 5.143578049608091e-06 1.2645128903059696e-05 1.4415372771774557e-05 3.7466825622170523e-06 2.68646767195328e-07 3.552432720133961e-06 1.6890996230608477e-06 5.29035156130558e-07 1.4470490307343984e-06 8.369809066311735e-08 1.5179247818146904e-06 5.757149948105566e-05 8.455728054355816e-07 8.726287542115835e-07 2.050406612041753e-06 2.5845289095972155e-06 2.3057417866060118e-07 1.0023278466776898e-07 5.074400116500945e-08 4.5908233827824563e-07 7.064680961202213e-07 2.536635151795567e-05 9.411553531609437e-05 9.889007340078394e-06 2.095898478869283e-05 1.652837775318075e-05 4.4922382546729674e-05 8.56363313445824e-07 7.000646141693687e-05 6.405102261948443e-07 1.4781426149003438e-06 7.117910915074048e-07 2.5869144214188606e-06 6.665209095572112e-06 8.364123428877697e-06 1.4651128602194829e-05 6.624289328949146e-07 0.0 6.193854905428441e-05 6.0223619203607594e-05 7.876797431394369e-05 5.436617134207127e-05 0.00016314514206219557 0.0007312131433015886 0.00041939986442681224 5.910392801766274e-06 0.00013188149826237099 2.9575788397907784e-06 4.8677943927641366e-08 5.211915032055105e-07 3.834761746305812e-07 1.8546808094321481e-06 3.853613327191578e-08 4.3845060268513094e-07 1.1310674573363777e-07 1.6387115660318278e-07 9.596908697372725e-08 1.596486203318046e-05 2.226037008454581e-06 6.387599221560722e-07 1.1957282828996398e-05 2.50770659075345e-06 0.0 1.0882140326668634e-06 6.730013112330731e-06 3.5476056062614996e-08 0.0 5.527111182522649e-08 0.0 5.1605253890884864e-08 5.9309288881367194e-08 6.303929953789297e-08 5.935689752066592e-07 1.0512931167452281e-07 1.940284915804656e-07 5.815825758716448e-07 1.219608950052286e-06 1.1053080178535096e-06 3.378094225379371e-07 3.282663085856135e-06 3.769268608616595e-08 3.878388305722007e-08 0.0 0.0 0.0 0.0 0.0 0.0 0.0 0.0 0.0 0.0 1.1814843928125945e-07 0.0 0.0 2.0049515958767338e-07 0.0 5.679085356379997e-08 0.0 2.389119422685719e-07 5.311280466780059e-07 0.0 0.0 0.0 1.024490400388668e-06 4.029898834147809e-07 2.2579653175916124e-06 3.221543874932104e-07 7.231724705333863e-07 1.5666347534923545e-07 0.0 0.0 0.0 0.0 4.672515048100974e-08 0.0 0.0 4.6533657591398634e-08 6.398265288706581e-08 0.0 4.9041749167929555e-08 2.8640964069121594e-07 1.3719650263564621e-07 0.0 0.0 3.997895493825798e-08 3.419734883738737e-08 9.03928695837592e-08 0.0 1.4362048317984615e-07 3.175837872873473e-07 2.3114878996820848e-06 2.843704549583393e-07 0.0 0.0 0.0 0.0 1.3576370179395341e-07 3.909186890143594e-08 5.111820222962213e-08 3.956048307867628e-08 7.421816554492421e-07 9.891291428376821e-08 1.0196509566657803e-07 1.0442674631113164e-07 3.664572518788872e-08 2.2556981181674394e-06 8.246891464496682e-08 1.6505855592142514e-06 1.0616338716729966e-07 6.619821346709911e-08 0.0 0.0 8.906957906383338e-08 4.3681889229358756e-08 4.2418633379630125e-08 0.0 0.0 0.0 0.0 0.0 0.0 1.1017607014831087e-06 3.498256655970896e-07 7.668406896357023e-07 0.00010449118650181669 3.977924247243648e-06 8.768714744238037e-05 1.5145130594240078e-05 4.5135408751013716e-05 1.1474776511016971e-05 1.6949905103170172e-07 2.0642915517454138e-05 5.934702565422071e-07 0.0 2.3439201910212627e-07 5.267430504779684e-08 0.0 0.0 1.0998259219097556e-07 0.0 1.8939260150062602e-06 4.077101293242969e-07 5.599260119999621e-06 1.2056897398922123e-06
1.8163249444067932e-05 0.0007459160000881233 0.0004889467791100401 2.7983932867660208e-06 0.0014937578392295696 1.2737605940976241e-06 0.0005454617956559313 0.00012916456971056456 0.0 0.00022684470749319128 0.00044174891519492554 6.23900661005075e-05 0.00032200308149932954 0.0005062671828296426 3.4696972189144575e-06 8.906912663366989e-07 0.0 4.71585112165779e-08 0.0 5.175618778786592e-08 1.9467419240980126e-07 0.0 5.721038097802249e-08 0.0 5.626522901929718e-08 1.452451206608521e-07 1.2650138343163048e-07 0.0 5.111693139739011e-08 0.0 5.3864667835693354e-05 1.4385312808240673e-05 1.929546463999303e-05 5.181259398898527e-08 0.0 2.588835395448622e-07 6.3059182194274105e-06 6.806885385992315e-07 3.8891805185918834e-07 0.0 2.361259169051158e-07 4.5688477768261386e-08 0.0 1.9850134881547552e-07 0.0 0.0 2.214962267010095e-05 6.116072304083507e-07 1.575289190437013e-07 9.001141852542923e-08 2.0065621153144183e-07 0.0 0.0 0.0 2.885525173064581e-07 3.20667260309707e-07 6.5796420065286364e-06 1.1186057941771075e-05 4.177046866354075e-06 7.772193164056517e-06 2.831564942047812e-07 2.439895909933687e-06 0.0 2.1407890406623382e-06 1.2442335051019587e-07 2.3525213641231895e-07 1.5697979799178238e-07 1.283814651357173e-07 8.741961174366667e-08 1.8675765413124836e-07 6.018859589715263e-06 1.271504453691646e-07 7.003303653279624e-08 1.9256158264333032e-05 7.838416502501842e-06 1.897828981068462e-05 8.774453691348102e-06 1.1901109374203124e-06 3.6811981085480883e-06 1.0530189541385362e-05 4.8821620886466755e-08 1.588444099176084e-06 1.3145441108386626e-06 4.0844363910531664e-08 0.0 1.9352775243106424e-07 4.084936737841796e-08 0.0 1.1754611341433581e-07 0.0 0.0 0.0 6.000328723829348e-07 1.1075487624394967e-07 4.057136761932778e-08 2.8968520434572432e-05 5.099065122904454e-06 0.0 2.0562511000325755e-07 1.6045989080932707e-06 4.300039363937557e-07 4.2204629745637554e-07 2.2748841570967033e-06 5.021642106664575e-07 2.796009931192507e-06 1.976576939910167e-06 1.1627558222368962e-06 5.35546000488372e-06 3.376525688544194e-06 6.84042498192748e-06 3.375565397709699e-06 1.2674324964564446e-05 6.937412880518324e-06 4.515722628419035e-06 1.768459853594191e-05 5.584251410783688e-08 0.0 0.0 0.0 0.0 0.0 0.0 3.9706604132605843e-07 0.0 0.0 0.0 0.0 0.0 0.0 0.0 0.0 0.0 0.0 0.0 1.7002719710179718e-06 1.6561143981730546e-06 0.0 0.0 0.0 2.23645441956592e-06 4.843249900145086e-07 2.9251680588496265e-06 2.9563289311517056e-07 2.4447420480952185e-07 0.0 0.0 0.0 1.2501479096988596e-07 4.019122905986043e-08 0.0 0.0 0.0 1.8623271708614982e-07 0.0 0.0 0.0 1.780861963680069e-07 0.0 0.0 0.0 0.0 1.540146929224026e-07 4.117247057064451e-07 0.0 8.966872090573842e-08 0.0 4.966292526157347e-06 5.37410728733542e-07 0.0 0.0 0.0 0.0 0.0 0.0 0.0 0.0 3.379111644636582e-06 3.249861871225548e-07 0.0 0.0 0.0 1.0747230662329032e-05 1.300343241200448e-06 5.307256702905874e-06 1.8135866228214418e-07 6.809762119610502e-07 2.0605727282319716e-07 2.405081040798099e-07 4.195130045127948e-08 0.0 0.0 0.0 0.0 0.0 0.0 0.0 0.0 1.3191334856810338e-05 8.243149002462058e-07 7.536040274952552e-07 7.378871909763068e-05 2.4710700044465303e-06 4.724447843721904e-05 9.698510275993212e-06 3.8127180279085195e-05 6.840513672822841e-06 5.385907485442903e-08 1.4856777246899916e-05 1.2348132493765016e-06 0.0 4.374158188596346e-07 0.0 2.362108869703711e-06 2.0607456794709842e-07 4.76480663478934e-08 0.0 1.2733665631890848e-06 2.7451867182905853e-07 1.3331264718188411e-05 6.519019291702126e-06
0.0007177121153694026 0.0010072193167513259 0.0001377215475487068 0.001421842540588326 0.00024262008858293374 0.0004397913893426727 0.001441969042765101 4.282817719139316e-06 0.00022684470749319128 0.0 7.181285139668922e-05 0.001071619550377218 0.0023037759435109665 0.00031775598162770997 2.1015848489415724e-06 4.518802542416701e-07 0.0 0.0 0.0 0.0 4.6197942604545694e-08 0.0 0.0 1.2195646375906865e-07 1.9069172363871803e-07 0.0 4.6050053843814665e-08 0.0 9.80315678253057e-08 0.0 7.506287648305112e-05 4.866374407883563e-06 0.00015442958997605437 0.0 4.702109258566253e-07 1.7649603455156936e-07 7.17772654032219e-05 1.1309243116270918e-06 1.3127631540486757e-06 0.0 1.6059208305588265e-07 7.438652581569276e-08 8.735643124286226e-08 0.0 0.0 0.0 1.865760627261124e-05 5.643668546793819e-07 1.7954837565646303e-07 1.607670794320116e-07 9.621211106868231e-08 6.449932605043686e-08 2.389555429252327e-07 0.0 2.8159900944335964e-07 4.0450890640397724e-07 1.0842846530858853e-05 3.453205027997974e-05 5.295431265236929e-06 9.011262329883806e-06 0.0 2.1803530306824197e-06 5.982426065732373e-08 3.651298988624818e-06 1.6047057968895316e-07 2.152964905110943e-07 2.662841616038325e-07 1.407272113815502e-07 0.0 1.4764014289092252e-07 8.305136660897397e-05 7.080568030768084e-07 5.6048152818522787e-08 3.168229471480672e-05 9.35718240511541e-06 1.9153916908489192e-05 3.2800123971809537e-06 6.172870345141079e-07 1.0252056601855033e-06 3.45910348503925e-06 1.7333366229202684e-07 7.214362602324009e-07 1.6589395554470442e-06 0.0 1.6914394717276197e-07 1.5372937372521088e-07 1.0911086725195297e-07 0.0 1.1465195967235969e-07 3.714796086377102e-08 2.779872591010182e-07 3.954884767209266e-08 1.6366709080780049e-07 0.0 0.0 0.00022614209756733873 2.0213751594221336e-05 1.9909431357940018e-07 3.710427479051751e-07 5.8436719550715257e-05 2.644754489351207e-06 7.519234501321703e-06 3.8426461800982966e-05 1.9934126444178572e-05 1.493315195502046e-05 4.709261345423929e-05 4.9311774833235526e-05 6.518745278745137e-05 6.639131460531654e-05 0.00011625233941744254 2.8254809882922842e-05 0.00018535498203775213 0.0001029044804532178 5.6071121569451783e-05 9.948243711314617e-05 1.0826395131920907e-07 1.9074356734379116e-07 5.806760245739133e-08 0.0 0.0 0.0 0.0 4.2546598546515487e-07 0.0 0.0 0.0 0.0 0.0 0.0 0.0 0.0 0.0 0.0 0.0 4.002792131943567e-06 1.0762151451482267e-05 0.0 7.109530505669701e-07 0.0 9.438301782735418e-06 8.111599498405042e-07 1.3328226286793686e-05 1.5153859958203144e-06 1.2715094536873127e-07 2.2657137310158596e-07 6.586801930879524e-08 0.0 2.7384524185708583e-07 1.0697691424008888e-07 0.0 0.0 6.071349634506072e-07 5.994208798577215e-07 0.0 0.0 5.40051407000731e-08 2.0958780101370206e-07 5.850440763441902e-08 1.2391012873272282e-07 0.0 3.898590024326656e-08 8.177880795133477e-07 1.9357951002510087e-06 0.0 0.0 0.0 2.384407000033312e-05 3.0511536093949353e-06 6.100386380176657e-08 0.0 0.0 9.40401546175291e-08 0.0 0.0 0.0 1.5691554110302187e-07 1.70912083730803e-05 1.4504130451803123e-06 6.071531544070655e-08 0.0 0.0 6.57394501077111e-05 3.4906054820457163e-06 2.1837533520413156e-05 1.18288725965245e-06 1.5951587253017486e-06 7.874779217518317e-07 5.40488996899301e-07 5.434270047699403e-07 4.585131096048628e-08 0.0 0.0 0.0 3.8315463324255675e-08 0.0 0.0 9.744083222611587e-08 8.287236499326036e-05 2.0281274264874013e-06 2.306117477252667e-06 0.0002286842627011477 2.2381831020956515e-06 4.5907411307704014e-05 6.506916562606811e-06 0.000532155036544979 6.305882688208201e-06 3.6632557143744365e-07 1.543515018319187e-05 1.4618134915508816e-05 4.8115836775864875e-08 2.927064876650321e-06 1.0381626072905688e-06 4.203844022993231e-05 4.798667647112631e-07 0.0 5.2060371552043275e-08 1.3318393666842247e-06 4.817190721338631e-07 0.0003331336708398632 4.231510332004194e-05
4.431056516372566e-05 0.0006153388170392054 0.0008361169638034627 6.057903791991338e-06 0.0003520374256179164 1.1877264846255273e-06 0.000198836639392974 0.0009635769275432928 0.00044174891519492554 7.181285139668922e-05 0.0 0.0002210333685639199 0.001090513111243966 0.0015055376451950035 7.957265052287512e-06 4.2461746467269066e-06 1.0563702998454286e-07 0.0 5.0490220134931754e-08 3.0736601489189327e-07 2.6222011720899685e-06 4.850621490979214e-08 9.826972942447447e-07 1.0913253355262179e-06 3.372582250989287e-07 1.2785109927587882e-06 3.463518769407485e-07 2.3042967878582227e-07 1.0252918198330611e-07 4.002879933950813e-07 0.00019368283578278275 8.374097482387135e-05 0.00048694140094856055 2.784152865078748e-07 2.6903363422118677e-06 5.377388485880876e-06 7.20171111016257e-05 2.071826305285371e-05 6.602799653127285e-06 5.695733710008376e-07 1.0421657947936976e-06 9.410403199272965e-07 3.0941509992174695e-07 1.3348154300774414e-06 0.0 2.7546694878507583e-07 4.2586640497926935e-05 7.472075017883743e-07 4.5581502513742085e-07 5.832449355421835e-07 7.617371662805502e-07 0.0 2.6255798080509896e-07 0.0 2.90559647511558e-07 3.69401728493921e-07 8.557173240750715e-06 2.3853783637748777e-05 6.530229202126699e-06 1.0570707870856206e-05 4.368728418996136e-06 4.725303572147015e-05 1.51979090519754e-07 5.500962173932928e-06 1.2460068368985532e-07 3.3139019546184013e-07 3.963317398790581e-07 1.0494745349878467e-06 2.019329020917504e-06 2.494209050366853e-06 6.009306233410703e-05 7.454697185720855e-07 4.026007275020168e-08 2.273314621998502e-05 1.5159143168902577e-05 3.322919259998604e-05 1.7442925231482958e-05 8.143813654516584e-06 8.952793566662938e-05 0.0005253497822791007 1.7898542683874923e-06 4.649893485065543e-05 1.3762332830743307e-06 0.0 8.842984350710607e-08 1.9083454643161694e-07 3.193758760121318e-07 0.0 2.173396762405047e-07 0.0 1.3495227888600748e-07 0.0 5.279911764796973e-06 1.5366813731994398e-06 1.8419201399347693e-07 3.8793071424257594e-05 7.05448771309106e-06 5.965280247257312e-08 1.5552681695924411e-06 3.882982162852161e-06 1.897224258675837e-07 1.389759698435905e-07 1.323813130584067e-06 4.4916888159129904e-08 7.774567707137669e-07 7.785017698081885e-07 9.912004639593775e-07 3.4589110060393823e-06 1.216583417951938e-06 3.3342492911524155e-06 2.7045955277717697e-06 8.534189937750983e-06 3.7482297830984795e-06 2.808773135409911e-06 1.300975314958259e-05 4.7988583413918263e-08 9.334187744486634e-08 0.0 0.0 0.0 0.0 0.0 0.0 0.0 7.880720948480427e-08 0.0 0.0 4.3262733342592044e-08 0.0 8.321524733154106e-08 0.0 0.0 0.0 0.0 4.094707562707901e-07 9.669032419593766e-07 0.0 9.704494020807801e-08 6.768622606650185e-08 2.4567146661921754e-06 1.9587260803794155e-07 3.2347138183803683e-06 7.752303941708842e-07 2.4944411369712864e-07 0.0 4.2968768319559304e-08 0.0 8.627304676503796e-08 0.0 0.0 0.0 8.267606029879128e-08 0.0 0.0 0.0 5.07707580862668e-08 2.0559005100586134e-07 0.0 0.0 1.5160452139990474e-07 0.0 2.1007512698028268e-07 1.4502790904352842e-07 0.0 9.508244190874528e-08 4.833715394518635e-07 5.099358501122441e-06 9.752799187280704e-08 0.0 0.0 0.0 5.8460525728001896e-08 0.0 0.0 0.0 0.0 3.365378840564972e-06 3.6834397593832896e-07 0.0 0.0 4.251455343539634e-08 8.401213136319728e-06 9.255066424162923e-07 4.615777920185061e-06 2.7661226376478773e-07 7.936919823390557e-07 3.1284699278106093e-07 0.0 1.6326069185442324e-07 0.0 0.0 0.0 0.0 0.0 0.0 0.0 3.983577450678013e-08 8.298337221998007e-06 6.14852248429607e-07 5.373550030873885e-07 0.00013396641386186897 2.721268159156887e-06 7.440420092537583e-05 1.9763501130233983e-05 4.7578293186135374e-05 1.2420137341089076e-05 1.0353581652764058e-07 2.4151119643971396e-05 1.9089596478117063e-06 0.0 6.342796065941922e-07 3.349217514292322e-07 1.883091701478424e-06 0.0 0.0 5.865756722391576e-08 1.9470145974728295e-06 6.026482277554017e-08 1.375274248141525e-05 5.981370215952909e-06
