0.0 0.0011509740809041338 0.00011308891702774662 0.001277284510503946 4.394200785618961e-05 3.2932268364979506e-05 0.00010044377658202762 1.587618647328963e-05 9.134146341318823e-06 0.0005958334602223093 2.5994983894634475e-05 5.598533436078703e-06 1.0848004369915669e-05 3.0514499965658558e-05 9.155285884285292e-07 1.1449036294366306e-06 9.253264470147309e-08 0.0 0.0 0.0 1.5786449210717249e-07 0.0 0.0 0.0 5.071391420380391e-07 0.0 0.0 5.49516663488705e-08 0.0 0.0 0.000218597154132325 2.017651776427455e-06 1.7635372679534473e-05 0.0 0.0 0.0 2.5206061218794473e-06 6.816510483421864e-07 7.267938650505387e-07 4.706797316898148e-08 5.393648782239532e-08 0.0 4.777416769752745e-08 3.313329952501476e-07 0.0 5.5930003450458695e-08 3.9245426654138005e-06 3.4701544818508856e-07 1.559782181670311e-07 5.7878569383826485e-08 4.1699053557546886e-08 1.483991251886782e-07 0.0 5.37883119972738e-08 1.2379142903108738e-06 7.546467503062572e-07 1.9633728948180595e-05 0.0003098626511832121 1.9287903223759163e-05 3.066207294162123e-06 8.863516633947054e-07 1.362417786754859e-06 0.0 6.947679023239957e-06 4.5045608653614847e-07 2.0370251930382853e-07 2.1132263760234593e-07 0.0 0.0 0.0 4.387461453729769e-06 5.089359619825028e-07 0.0 7.750083492187563e-05 3.604801897976783e-05 3.5168251182359146e-06 6.743254054290558e-07 3.837847999523742e-07 6.795993376416534e-06 3.897103159532612e-05 2.0317929461702373e-06 9.640128922136158e-06 3.4963921836283708e-06 0.0 1.6359595168031067e-07 3.9068921965176553e-07 0.0 5.869247554326779e-08 4.372453582890824e-08 0.0 7.64027394222141e-08 0.0 1.4727207568529e-07 6.495466205700599e-08 2.260767883342102e-07 7.697917066317856e-05 4.0649965804845654e-06 6.466349100198836e-07 2.171546747914813e-06 0.00022877775430119065 1.743523781998863e-06 4.283602488977626e-06 1.2164615401723822e-05 1.1821048623034463e-05 5.791882308568512e-06 1.072018563271001e-05 7.447702492183945e-06 7.851866179794888e-06 2.071980448845578e-05 1.9544724789632538e-05 2.4729228460628144e-06 1.502132253921863e-05 1.4751314306879832e-05 2.262083997216329e-06 2.8459405440746366e-06 0.0 0.0 0.0 0.0 0.0 0.0 0.0 0.0 0.0 0.0 6.069980959896942e-07 0.0 1.092117625139622e-07 0.0 0.0 5.2633791872168315e-08 4.8126547772710587e-08 0.0 0.0 2.805564320367391e-07 2.4381683747936933e-07 0.0 0.0 3.4785984101816557e-07 1.1209711417318648e-07 0.0 2.3560993926605206e-06 7.173637263198586e-07 6.3052003239466e-08 0.0 0.0 0.0 0.0 0.0 9.734104158498352e-07 0.0 0.0 0.0 0.0 0.0 0.0 0.0 0.0 0.0 0.0 0.0 0.0 1.7018359123826739e-07 0.0 0.0 0.0 3.3443604658895347e-06 0.0 0.0 0.0 0.0 0.0 0.0 0.0 0.0 0.0 5.49953531595012e-07 1.196135890038613e-06 0.0 0.0 0.0 8.343955748815656e-06 0.0 2.7676834026655772e-06 4.1560736715161427e-07 9.873992434074042e-07 0.0 4.178692938652301e-08 0.0 0.0 0.0 0.0 0.0 0.0 0.0 0.0 0.0 1.1920227667700743e-06 3.905607849385611e-07 1.0584755088883794e-06 3.506545518652824e-05 1.6079184299076796e-06 1.941609131860668e-05 7.175840092829788e-06 0.00019957556098078858 4.2153339012978647e-07 5.448320018886658e-07 7.729479394178723e-07 1.1957869833329883e-05 0.0 4.905184584779505e-07 2.05631673786768e-07 4.852309265365486e-05 0.0 1.1902518042102551e-06 0.0 2.2872517300265e-07 0.0 5.876366156498232e-05 4.339276865895629e-05
0.0011509740809041338 0.0 0.0005301639265430638 0.0004744846245315174 0.000888319859189759 0.00011229351637389218 0.0013481336148768244 0.00015125348485230307 0.00018298683413206884 0.001257829745421236 0.0005487142915745312 3.034617846733953e-05 0.0002176100587771906 0.0006291333627343305 4.159640580768184e-06 5.024062572748616e-06 2.2987102723904573e-06 1.6323560712384071e-07 9.968103494476641e-08 9.708375482115803e-08 5.324985905391072e-08 0.0 0.0 0.0 4.7435162760491375e-07 2.9064630056123593e-07 6.505763638216713e-07 2.9995820654967726e-07 1.4460108816264776e-07 4.053838314145382e-07 0.0009758110605687978 2.1725314846577272e-05 0.00011022504404899185 0.0 6.613290728819057e-08 4.565901048715029e-08 9.115426667989458e-06 2.262504831148948e-06 1.4758617083910977e-06 2.4834403662000815e-07 0.0 9.653528227275904e-08 4.098244663580817e-08 1.9196678142775434e-06 2.3240060050412306e-07 5.738452885707308e-07 4.992420432087801e-05 3.572287605582724e-06 9.294898647025273e-07 4.074745059988196e-08 4.2292973799911707e-07 1.2309911395262545e-07 5.0673049505939204e-08 8.386509716317621e-08 5.837814352416133e-06 5.665569338790153e-06 2.5135616395345948e-05 0.0002496169772997108 4.6524649056277566e-05 3.3298985765505274e-05 4.194283258215209e-06 7.133924595462649e-06 0.0 8.917383606682586e-05 5.401549821224991e-06 2.7371368779344945e-06 2.1529323277833223e-06 7.879993466155553e-07 4.256879385207208e-07 1.5525148642914303e-07 8.856400641712625e-06 2.2289259853542875e-07 0.0 0.00022654235869509138 0.00015173990774374027 7.16107568541718e-05 1.8029591307690417e-05 3.2220568671937227e-06 3.66088314135069e-05 0.0003267323847499989 8.353094358072126e-06 3.6213565187773394e-05 2.599267031627824e-05 3.3483563804706724e-07 1.906162442307309e-06 2.35710932816651e-06 4.831917915099822e-07 0.0 7.277209783680337e-07 1.4217305414314433e-07 6.187691644590668e-07 4.696589033265482e-08 1.81555120504379e-07 3.533741588813271e-07 3.04726984434906e-07 1.7450196883392053e-05 1.5280933272751327e-06 0.0 3.0927620952214196e-06 0.0002864067497410022 6.3628740402785e-07 1.7148717587169921e-06 2.0649945754035743e-05 1.9900846312290785e-05 5.998749465939209e-06 1.878909617063832e-05 8.484869496071755e-06 1.1257045132717937e-05 3.7025487553093505e-05 2.1958796375539687e-05 3.315375624785505e-06 2.0728282687553232e-05 1.901709993558542e-05 7.716111662894118e-06 3.577522033827857e-06 0.0 0.0 0.0 0.0 0.0 0.0 0.0 0.0 0.0 0.0 0.0 0.0 0.0 0.0 0.0 0.0 0.0 6.172848250285351e-08 0.0 4.951874015376431e-07 3.810443061104575e-06 0.0 1.274283583833406e-07 3.1829574259394654e-07 1.241127072983249e-07 1.0413647519619214e-06 4.49863059185433e-06 5.934973918858592e-07 4.285374798239697e-07 0.0 0.0 0.0 0.0 7.422524813416517e-08 2.4616381685708416e-07 0.0 0.0 0.0 0.0 0.0 0.0 0.0 6.055290261987592e-08 0.0 4.6551664359366284e-07 0.0 3.883049008498934e-07 4.1842451746007435e-07 0.0 4.3839491595667097e-07 3.1469809065456005e-07 6.851351084015479e-06 0.0 0.0 0.0 5.563233315426061e-08 0.0 0.0 0.0 0.0 5.110623522327573e-08 2.8983631211295516e-06 2.569245991167559e-07 8.916364807490994e-08 0.0 4.063116426324189e-08 1.3715016935971212e-05 3.254250086131512e-06 9.405483267273976e-06 2.099255181848502e-07 9.124172608328372e-07 5.6512168104415985e-08 4.9475175388025195e-08 0.0 0.0 4.29322575673516e-08 1.0251545741101503e-07 0.0 8.785928978909067e-08 0.0 0.0 0.0 2.441309634951157e-06 1.6034255366040942e-06 3.2369038036065232e-06 0.00013101517201741196 8.251633943678464e-06 0.00013224011534858926 2.8775637007928466e-05 0.00040794858161558956 1.9250560085649584e-06 2.2711085330765774e-06 1.3025793777161566e-05 1.0794634692938743e-05 2.5575032735862196e-07 1.2012661627884853e-06 8.252867719335319e-07 6.375992215010484e-05 0.0 3.2239737680889845e-07 2.507202997576284e-07 2.12481582205475e-06 2.1491193577932589e-07 0.00024452883715033824 8.074216909182105e-05
0.00011308891702774662 0.0005301639265430638 0.0 5.974277739714766e-07 0.00021090066162062526 8.211944489021188e-07 8.376864806634057e-06 0.0011259008100088794 2.4789381319031414e-05 1.0188857031836723e-06 0.0003952247223796309 4.804547626207349e-06 1.4787363162421223e-05 0.00013663230804789305 7.945143940122804e-06 1.0566431398622056e-05 4.3468502480147447e-07 0.0 6.198761747523829e-08 5.2512174839114284e-08 1.0203455143966251e-07 0.0 5.3838374952082214e-08 0.0 1.6228968942404196e-06 1.310965543742837e-07 2.819047510327876e-07 5.079633588865968e-08 2.308049582366911e-07 4.816469732244128e-08 0.0020650506998722328 0.0003951321623940681 0.00019541039026892685 0.0 4.68649087059821e-08 4.0474644144714014e-07 1.050175218627409e-05 6.344765419067797e-06 4.1304002520103685e-06 1.222917663032918e-06 1.1932781808459246e-07 2.1342837841807092e-07 4.6981363380403663e-08 1.9195415048288304e-06 9.207382254283009e-08 6.773885568559071e-07 1.4186969988668383e-05 7.039085400507316e-07 5.461605692516859e-08 1.27498067760064e-07 1.3281966341267653e-07 1.337974148390666e-07 0.0 1.3115841850898217e-07 5.495756869233411e-07 5.100885532371956e-07 4.408566641760664e-06 0.00010679301902505602 8.576945478949446e-06 5.287134439786945e-06 2.6244475254939432e-05 3.4858238945697244e-05 1.46191834606268e-07 0.00010230047787709534 6.216551964834912e-07 4.149677747649083e-07 4.1955161255494506e-07 7.970317347319025e-08 4.3643388952043565e-07 1.2993002966113555e-07 1.176888869500312e-05 1.3708742527433132e-06 5.756482282949589e-08 4.1300824944576904e-05 3.5864891009230225e-05 1.7423782777647716e-05 6.729692759106494e-06 6.389376418147009e-06 0.0005325599345766942 0.0006984849499461418 3.9054309070885586e-05 0.0003789429664614804 2.9530636064662133e-06 4.567118692001157e-08 9.221023576546986e-08 3.6082796997284135e-07 5.75676705436328e-08 0.0 4.2302597109753684e-08 0.0 0.0 9.238024640366576e-08 4.736697648998677e-07 2.099386064473612e-07 3.414757674295156e-07 1.527831070338308e-05 5.279919675359223e-06 0.0 5.853611874745833e-06 4.178318205073254e-05 1.0038764961635872e-06 1.5682889210358e-07 2.128863304109618e-06 1.0013441067477067e-07 4.102033007156263e-06 6.285172462646884e-06 1.2757820916938797e-06 4.317904447247873e-06 3.4928054385744098e-06 3.2007556252670184e-06 3.430739123186324e-06 8.309080509216465e-06 6.682281215539565e-06 4.211989783592591e-06 6.547411496046461e-06 1.0772542757931257e-07 0.0 0.0 0.0 0.0 0.0 5.404201456916832e-08 0.0 0.0 0.0 5.3273282554797925e-08 0.0 7.912405678518916e-07 0.0 0.0 5.403705912572566e-08 0.0 0.0 0.0 5.918639157020369e-07 3.106941502189861e-06 0.0 8.660471038807353e-08 9.824459462714372e-08 1.2899562836981318e-06 2.436170938298136e-06 8.979302323503857e-06 2.0995543215932513e-06 6.976252481876389e-07 0.0 0.0 0.0 0.0 0.0 4.954903639528466e-07 8.11792327890946e-08 0.0 0.0 0.0 0.0 0.0 0.0 6.387152065829038e-08 0.0 0.0 0.0 0.0 0.0 0.0 2.2754663318034778e-07 0.0 1.3096950238060236e-05 2.4305015708171087e-07 0.0 0.0 0.0 0.0 0.0 0.0 0.0 5.113415825278077e-08 2.7389815724426073e-06 1.2266280556944222e-06 0.0 0.0 1.0741755881918577e-07 2.417094844786829e-05 3.6405183944164655e-06 1.8013899631247866e-05 6.547952172451357e-07 1.5600121731642746e-07 5.344400512152811e-08 0.0 0.0 0.0 0.0 4.9165216433778185e-08 0.0 0.0 0.0 0.0 0.0 2.296967471338667e-06 3.6657423730878777e-06 9.40640449929023e-06 3.077397015117186e-05 6.092587321136519e-07 2.5677759095964162e-05 1.080160352288178e-05 5.1461748310065e-06 5.417024832914613e-07 1.1035749751109606e-07 6.227815186273817e-06 2.6874727644289667e-06 9.159325324704056e-08 1.264093308836323e-06 8.316037699303315e-07 3.276265949996948e-06 0.0 5.1710147014379544e-08 0.0 1.7115732079449463e-06 1.512498974619543e-07 1.5349135791358885e-05 1.2789515270368168e-05
0.001277284510503946 0.0004744846245315174 5.974277739714766e-07 0.0 3.8368442153608515e-06 9.077546847990259e-05 8.575343092649644e-05 1.414197250357805e-07 3.295762638962351e-06 0.000959221363287838 6.365600621353479e-07 0.0001201267006581615 0.0002184606404295649 1.2513331275431248e-05 0.0 1.2494996331087408e-07 4.7183929844132814e-08 0.0 0.0 0.0 0.0 0.0 0.0 0.0 0.0 4.928663356571666e-08 0.0 0.0 0.0 0.0 0.00019979156239518272 4.3085213133356377e-07 1.780270306461571e-06 0.0 0.0 0.0 8.688866290859852e-07 0.0 1.0053872996961841e-07 0.0 4.5138477100627064e-07 0.0 9.616347321196201e-08 2.3204045935580575e-07 3.766887171676425e-08 9.216213675144555e-08 4.179722054144269e-06 4.945858043910345e-07 6.047128685214906e-08 0.0 9.977131309416591e-08 0.0 0.0 0.0 7.828313556815173e-07 1.158105109626826e-06 1.1456294816096102e-05 0.0001432098261599631 1.6760834933588605e-05 4.587689305871739e-06 1.042157882433497e-07 0.0 0.0 6.835691283033257e-06 6.056083238149534e-07 4.626220368634936e-07 1.869604677103211e-07 4.850063290059482e-08 1.9731580842326851e-07 0.0 3.618196969421324e-07 1.373967361281196e-07 0.0 7.639759266288274e-05 4.221915211355237e-05 5.431645793390942e-06 6.73290962747711e-07 5.419538536836747e-07 1.814342153998592e-07 9.341752277099898e-08 2.1329921424114667e-07 3.0669461462202787e-07 4.397055683219995e-06 0.0 2.1771743220345477e-07 2.656515558637711e-07 4.233252967152529e-08 0.0 1.0128630402907749e-07 0.0 2.705200949267568e-07 0.0 4.197080334243226e-08 0.0 4.1392689316342145e-08 1.0818777083828883e-05 2.298242784343105e-07 7.038293125752797e-08 3.558253849372681e-07 0.00014704238544230717 7.861972345520859e-07 7.184998169649277e-07 7.058701128833497e-06 7.613898701462374e-06 1.906752683667741e-06 7.892768255661145e-06 3.009726766546553e-06 2.5057160348819908e-06 1.910806816117089e-05 9.91739821880666e-06 4.2574103506263316e-07 3.541211433377065e-05 3.149720361953828e-05 3.9804422481229214e-05 1.9239163512631444e-06 0.0 0.0 0.0 0.0 0.0 0.0 0.0 0.0 0.0 0.0 0.0 0.0 0.0 0.0 0.0 0.0 0.0 0.0 4.935483140944375e-08 0.0 1.2639290567530689e-06 0.0 0.0 0.0 1.0876962683790964e-07 0.0 1.1277621333298646e-07 1.5021645779322424e-07 5.016386348870342e-07 0.0 0.0 0.0 0.0 0.0 6.958966050446794e-08 0.0 0.0 0.0 0.0 4.0333726834308207e-07 0.0 0.0 0.0 0.0 0.0 5.069284673045011e-08 1.5710586386672872e-07 0.0 0.0 0.0 0.0 7.785014975193072e-08 0.0 0.0 0.0 0.0 0.0 0.0 0.0 0.0 0.0 1.1912967083833121e-06 0.0 0.0 0.0 0.0 1.2821205773070793e-06 0.0 5.794534196767028e-07 1.4315255558105453e-07 3.5751847373796153e-07 0.0 0.0 0.0 0.0 0.0 0.0 0.0 0.0 0.0 0.0 0.0 1.8607899777946302e-06 1.095355041240689e-07 3.8404972504303495e-07 1.2062257533025544e-05 1.6505998782087565e-06 1.4664109132118138e-05 5.492598898044097e-06 8.7367889647454e-05 2.416398336694793e-07 4.2460678561204904e-07 3.6369924438508835e-07 3.1050975546806528e-06 5.059470931087719e-08 5.4417877764869635e-08 2.818513283364236e-07 1.8099704786272367e-05 0.0 4.9235585133479106e-08 0.0 1.6456089540715884e-07 0.0 0.00015352590669713123 3.948531152785802e-05
4.394200785618961e-05 0.000888319859189759 0.00021090066162062526 3.8368442153608515e-06 0.0 1.0141590167578905e-06 0.0013686402298055684 0.0002736210338824186 0.0013800281854969472 0.00011242233022235798 0.0013632352145897875 1.8959079040114378e-05 0.0003304109047427713 0.0007683190245645661 2.868920348654306e-06 1.1139050335933502e-06 8.789491392139528e-07 1.460485686331067e-07 1.8317534710198307e-07 1.703211056705611e-07 0.0 0.0 0.0 4.2853408851908003e-08 5.574852480089861e-08 0.0 2.2830110558181098e-07 8.183535033468374e-08 0.0 0.0 8.063572500935e-05 2.951151107954641e-05 4.1358599716183255e-05 0.0 0.0 5.3972392868372785e-08 3.3850149694847737e-06 5.804824895771886e-07 1.103890152536434e-07 6.066252558599857e-08 0.0 4.361380814609453e-08 1.4746282343394355e-07 2.3892488894364486e-07 9.662305990469594e-08 2.3654834875009254e-07 3.641172510495973e-05 1.142737027498822e-06 4.0514648566374535e-07 0.0 1.3825618817856589e-07 0.0 0.0 5.3834499676070776e-08 2.4508823663038725e-06 1.5722910991852236e-06 3.7506475908254867e-06 1.8204598509339197e-05 1.0301413532801527e-05 1.537468620153787e-05 9.261229617771215e-07 8.624095067886155e-07 0.0 2.9304713126539092e-05 1.7792577547058943e-06 1.0061668333848666e-06 9.109858425923623e-07 3.086995351347873e-07 9.145273679097696e-08 0.0 5.62564174228466e-06 0.0 0.0 4.426731926170022e-05 3.564781040236119e-05 3.752833298750791e-05 1.1624826077319021e-05 1.4700467988698218e-06 9.629418592112412e-06 0.00022013385987651495 9.887338042968528e-07 6.304889575909002e-06 9.201135463662203e-06 0.0 3.639167999254445e-07 6.563780377848774e-07 3.240382317988096e-07 4.95691254052835e-08 3.8258764127003157e-07 4.108583408994139e-08 1.437580350177485e-07 4.755234409300303e-08 1.8543337749736476e-07 1.0327381911663807e-07 1.4715163000263224e-07 1.6917703192183794e-05 6.064784512863759e-08 0.0 3.771158076544742e-07 4.372141526728382e-06 7.494102739514484e-08 6.888291116265044e-07 1.9241705062428267e-06 1.1324872696452414e-06 4.81029298416857e-06 5.9680701858251975e-06 2.399527769726227e-07 5.275230047794629e-06 7.0829935683065736e-06 3.4873434386909213e-06 1.6507653086564807e-06 1.2522179873760578e-05 1.0205792198428935e-05 4.434218258016698e-06 2.2397301426489905e-06 0.0 0.0 0.0 0.0 0.0 0.0 0.0 0.0 0.0 0.0 0.0 0.0 0.0 0.0 0.0 0.0 0.0 0.0 0.0 0.0 1.023733129883229e-06 0.0 0.0 2.1473497068653203e-07 1.0268000478679412e-06 4.865861440148831e-07 2.0908681306456534e-06 9.47834975946964e-07 8.64161931150248e-08 0.0 0.0 0.0 0.0 0.0 0.0 0.0 0.0 0.0 0.0 0.0 0.0 0.0 0.0 0.0 0.0 8.042158651904291e-08 0.0 0.0 0.0 4.23712003669712e-07 1.1560628707321318e-07 3.6530156334977876e-06 0.0 0.0 0.0 0.0 0.0 0.0 0.0 0.0 0.0 2.199120750072155e-06 1.307292841209202e-06 0.0 0.0 0.0 1.1807377659292797e-05 8.696366265080907e-08 3.6110813454257908e-06 0.0 1.232695910267576e-07 0.0 0.0 4.2098841760442765e-08 0.0 0.0 0.0 0.0 0.0 0.0 0.0 0.0 3.784855090558094e-06 8.504091412186277e-07 2.428102490896022e-06 7.079742215240016e-05 1.9611543834704016e-06 7.916191662559792e-05 1.3074458788398752e-05 7.159325784719453e-06 2.8185488096502055e-06 5.454727200342855e-07 9.616322891175661e-06 2.322924462851439e-06 5.4707064538287905e-08 1.2413394766860843e-06 4.197415957695076e-07 4.2992534276770565e-06 0.0 0.0 9.127067597325586e-08 1.9340475923044803e-06 0.0 3.237011723906127e-05 1.6139803610951474e-05
3.2932268364979506e-05 0.00011229351637389218 8.211944489021188e-07 9.077546847990259e-05 1.0141590167578905e-06 0.0 1.4721435413297186e-05 6.408985195525627e-07 2.7551821971252787e-06 0.00010879061281473493 1.5017226211150831e-06 1.481152255542729e-05 2.1735629330307835e-05 4.762650032264682e-06 6.123665561792668e-08 2.128596316881134e-07 0.0 0.0 0.0 0.0 0.0 1.019113878032411e-06 0.0 0.0 0.0 0.0 0.0 0.0 9.485286889304197e-08 0.0 1.9135791531545974e-05 0.0 1.0645839609231697e-05 0.0 0.0 0.0 1.308485961889011e-05 3.002106185319137e-07 1.1718032739483517e-06 0.0 0.0 0.0 0.0 1.236331585503357e-07 7.656518538135422e-08 1.2130016523663316e-07 4.604384012464202e-07 0.0 0.0 0.0 2.523905542396697e-07 2.3503635843613608e-06 1.3613808505701262e-06 3.9913406331922223e-07 0.0 1.3910641321436412e-07 1.5965382593021185e-05 6.637126892242436e-06 9.274752787954807e-07 0.0 4.0558638735715604e-07 4.537341702395944e-07 0.0 3.052213118372954e-07 0.0 1.2617078397262774e-07 5.3898468033037866e-08 0.0 0.0 0.0 6.0523778696693975e-05 2.456606555087665e-05 2.3012555361395846e-06 2.253255655533373e-06 1.4410133256821266e-06 5.921800961401247e-07 0.0 0.0 0.0 8.181066921028727e-07 0.0 2.6946044716967066e-07 0.0 1.7229321434407805e-07 0.0 6.471177483686863e-07 0.0 1.5150682124743844e-06 1.768804406333747e-06 2.6439512895560206e-06 1.1297904317520288e-06 1.377318671919591e-06 1.6619305995910045e-07 4.241973565641256e-08 3.5009542286897783e-07 0.0001108403722208594 0.0001746207885980595 1.658158032772721e-05 4.51243279102904e-05 0.0001617984442583754 0.0 0.0 2.1626366010841256e-07 1.1936010036123078e-07 0.0 2.8335378512068824e-07 1.8418528260797219e-07 1.5395907451455036e-06 1.6363288849660719e-06 0.0 0.0 4.144169244453457e-07 2.0265557754220798e-07 6.744956826020723e-08 0.0 0.0 0.0 0.0 0.0 0.0 0.0 0.0 0.0 0.0 0.0 5.408926137317386e-08 0.0 0.0 0.0 5.3323622565538395e-08 0.0 0.0 6.780845739627469e-08 1.1304388794074486e-07 0.0 3.0812794419773005e-07 0.0 0.0 0.0 5.2926966146785685e-08 6.058502707984403e-08 0.0 0.0 0.0 0.0 0.0 0.0 0.0 0.0 0.0 0.0 0.0 0.0 0.0 0.0 0.0 0.0 0.0 4.162254754289573e-08 0.0 0.0 0.0 0.0 0.0 0.0 0.0 0.0 0.0 0.0 0.0 0.0 0.0 0.0 0.0 0.0 0.0 0.0 2.229356158526743e-07 0.0 0.0 0.0 0.0 0.0 6.695172329959205e-08 0.0 0.0 0.0 0.0 0.0 0.0 0.0 0.0 0.0 0.0 0.0 4.960505149348367e-08 0.0 0.0 6.204659181135446e-08 0.0 1.3696902419431122e-06 9.135170957282173e-08 6.490822257294419e-07 5.934764092828039e-07 7.913668516992334e-05 0.0 0.0 1.3839970665839947e-07 0.0 5.528566954957404e-08 0.0 0.0 0.0 0.0 0.0 0.0 2.545270903482964e-07 0.0 1.0185263412990018e-05 2.1085948846131118e-06
0.00010044377658202762 0.0013481336148768244 8.376864806634057e-06 8.575343092649644e-05 0.0013686402298055684 1.4721435413297186e-05 0.0 1.9184558839548748e-05 0.0008756705467867169 0.001170116792693159 0.0002742225558591934 0.00017686617870933 0.0014084255507953232 0.0009298947865905204 5.079648609505926e-06 2.7754276876131306e-06 1.8332641588202028e-06 2.571765551841675e-07 0.0 4.304078528578343e-07 4.7573491526803036e-08 0.0 0.0 0.0 1.081259768092623e-07 1.6642194322933622e-07 2.500861222362271e-07 2.7376774806916085e-07 0.0 5.41220732124164e-08 0.00021728471915405934 9.074742835042831e-06 3.200589180233457e-05 0.0 0.0 0.0 9.942827744923347e-06 3.1663452925358617e-07 7.384891394337942e-07 1.6231659155504302e-07 9.30182711447816e-08 2.070353864340389e-07 1.8439980456122443e-07 4.860338417819551e-07 3.5461287595347563e-07 5.894239998407897e-07 5.864584170622323e-05 3.827983766753113e-06 6.900228228913638e-07 1.4509788101212865e-07 2.9988443953101244e-07 0.0 0.0 5.2271336079355466e-08 5.248153876569752e-06 4.895463632010186e-06 1.2931961084322888e-05 8.945691632760088e-05 2.8324251468881073e-05 3.195952760033149e-05 1.0283162417165832e-06 1.288363113891865e-06 7.264211546812032e-08 6.440935641572686e-05 3.904554377520884e-06 2.5612969338299315e-06 1.975680369874639e-06 4.4060197507463163e-07 9.349502829122773e-08 2.7588251950545546e-07 1.5272683876262256e-05 1.3483831046870192e-07 0.0 0.0001405235480151216 9.354940914169478e-05 8.11525009808581e-05 1.8659358154766233e-05 4.093989130056173e-06 1.680883767944414e-06 2.5470572535188264e-05 2.4988531139527744e-06 3.337508034508328e-06 2.2879342594193017e-05 2.0398329970928353e-07 1.4719609327128002e-06 1.4547211553979397e-06 2.544478593658074e-07 1.1765769686996146e-07 3.6739271909955223e-07 4.8152236819573716e-08 4.324518242288629e-07 2.872384494704821e-07 4.956193983693978e-07 3.409425049010818e-07 2.311011380421155e-07 7.678092618080626e-05 8.329185686656405e-07 0.0 2.038820319083823e-06 2.4186138460186806e-05 1.3302304701605334e-07 1.4167368712842156e-07 9.633603118656604e-06 6.554282998695502e-06 1.2160237910983524e-05 2.640384404853239e-05 4.294766201745448e-06 1.327708516284291e-05 4.0275673183110516e-05 1.800259129879056e-05 7.387356017275661e-06 3.843336414410777e-05 3.407928825634321e-05 1.449101366900599e-05 1.2254431176336085e-05 0.0 1.1938801637666156e-07 0.0 0.0 0.0 0.0 0.0 0.0 0.0 0.0 0.0 0.0 0.0 0.0 0.0 0.0 1.1068892654655758e-07 0.0 0.0 9.022096224950007e-07 2.8609897383319e-06 0.0 2.2108712673040364e-07 0.0 8.788907645811831e-07 6.047647446144867e-07 7.09041772389225e-06 3.892763781868858e-07 3.289016260383484e-07 0.0 0.0 0.0 0.0 0.0 0.0 0.0 0.0 0.0 0.0 0.0 0.0 3.8707912123765996e-07 0.0 0.0 1.4312072571220403e-07 0.0 0.0 1.2626444641284267e-07 0.0 5.346323911587847e-07 3.1792020905973403e-07 1.319093237977851e-05 0.0 0.0 0.0 0.0 0.0 0.0 0.0 0.0 4.816611065839836e-08 7.505849560329249e-06 2.866490308609573e-06 7.11089931513272e-08 0.0 5.864704187745045e-08 3.129093144504219e-05 1.6478243844871414e-06 1.1030305293425766e-05 2.9241997756778163e-07 1.0912540873909372e-07 0.0 0.0 4.7595112410613435e-08 0.0 1.315756927989305e-07 0.0 0.0 0.0 0.0 1.0358666436243027e-07 4.638924575511566e-08 8.249360100052736e-06 4.055932134541956e-06 5.361387098923194e-06 0.00014484995249277295 6.209249072071542e-06 0.00016454129568495006 3.289932606746334e-05 2.3781852243713153e-05 4.0149082733048625e-06 1.7551515283824801e-06 1.7466521443259308e-05 3.913977358388813e-06 0.0 1.1437358807675293e-06 1.633374514816436e-07 2.5280485533369327e-05 0.0 6.59751186743384e-08 8.386165184991503e-07 2.558876720503193e-06 9.9268663492704e-07 0.00014662217308291763 6.875284065160362e-05
1.587618647328963e-05 0.00015125348485230307 0.0011259008100088794 1.414197250357805e-07 0.0002736210338824186 6.408985195525627e-07 1.9184558839548748e-05 0.0 0.0001801969599941462 2.1740723336786906e-06 0.0007349292728348267 5.9924154062068495e-06 7.604507393348029e-05 0.0002528235273534023 6.713612439824996e-06 6.955075276838351e-06 3.7487670824543616e-07 1.57288696232615e-07 0.0 1.0954202721310173e-07 0.0 0.0 4.8380085513860754e-08 0.0 7.641090345391278e-07 1.0852378704322567e-07 1.3780120271852608e-07 3.5662856307017643e-07 5.263875292687038e-07 0.0 0.00014551043896491775 0.00021181603022503472 0.00015773032485072046 4.329467828979329e-08 1.413379023528639e-07 5.150152109192411e-07 6.387555992335728e-06 3.8104118870516648e-06 3.0036959427782908e-06 8.200849836828224e-07 0.0 4.026802109115463e-07 2.7664460919153115e-07 1.150092318903718e-05 4.86655443068264e-08 2.907789416147554e-06 2.6402460213771482e-05 7.251633067215955e-07 0.0 0.0 1.721503201168508e-07 0.0 0.0 7.23355372976516e-08 8.535085133247971e-07 8.778025484997627e-07 1.7249809966074722e-06 1.3344016415566865e-05 3.345827322740051e-06 7.654999251080047e-06 3.122261319771689e-05 2.0837102941978926e-05 0.0 3.51949895312199e-05 1.0807144694128125e-06 3.2106143765386376e-07 5.175236753279269e-07 8.81420762197751e-08 4.5549191126949217e-07 7.283592065173021e-07 4.97389943942504e-06 5.35123965537039e-07 0.0 2.6207991218176587e-05 2.6318507244286367e-05 3.2102116890681594e-05 1.6487129158372297e-05 0.00011750656496676321 0.0007888494494591663 0.000615359987091045 0.00010925453402999046 0.0003349726084326934 2.9091077008777546e-06 0.0 3.291695040542594e-07 1.659580534020629e-07 2.7868843326700093e-07 0.0 5.452661345060234e-08 0.0 8.022837683033508e-08 0.0 9.754240197864902e-07 5.598260900717508e-08 5.6367793907526474e-08 4.274804058814218e-06 2.880451241193934e-07 0.0 4.3385494839530595e-06 4.203519036949007e-06 0.0 0.0 1.6026824480451045e-06 0.0 0.0 4.4689700499094644e-07 0.0 2.2021551578228163e-07 7.046884735416457e-07 3.3336839892950567e-07 1.2711697206498798e-07 5.600659854385259e-07 6.81643157508679e-07 6.851062935325044e-07 2.4511514963320334e-07 0.0 0.0 0.0 0.0 0.0 0.0 0.0 0.0 0.0 0.0 0.0 0.0 0.0 0.0 0.0 0.0 4.4892845623947654e-08 0.0 0.0 0.0 5.917570317319007e-08 0.0 0.0 4.820065497397543e-08 0.0 5.790246984176132e-08 2.636331963847891e-07 6.559258509404546e-08 7.139294391833364e-08 0.0 0.0 0.0 0.0 0.0 0.0 0.0 0.0 0.0 0.0 0.0 0.0 0.0 0.0 0.0 0.0 0.0 0.0 0.0 0.0 0.0 0.0 8.245708278418079e-07 0.0 0.0 0.0 0.0 0.0 0.0 0.0 0.0 0.0 1.0796542465016397e-06 4.092382861466284e-07 0.0 0.0 8.332638820610381e-08 2.2130052573037178e-06 2.1477716034301855e-07 1.1484086500047139e-06 0.0 0.0 0.0 1.0676226893435566e-07 0.0 0.0 0.0 0.0 0.0 0.0 0.0 0.0 0.0 1.477018700977369e-07 3.832094599926416e-07 7.502343855888928e-07 3.13003161641352e-05 1.184531377775879e-06 3.578195627640795e-05 8.857964538280099e-06 2.7705276869201914e-06 8.699330973975954e-07 6.590821843434365e-08 6.045223659147312e-06 7.288285252380283e-08 1.2358960114937454e-07 0.0 4.6447802753815194e-08 0.0 0.0 0.0 0.0 1.2103769928039711e-06 6.798771258430425e-07 5.26434411340849e-06 1.359838865970545e-06
9.134146341318823e-06 0.00018298683413206884 2.4789381319031414e-05 3.295762638962351e-06 0.0013800281854969472 2.7551821971252787e-06 0.0008756705467867169 0.0001801969599941462 0.0 4.9648311252204894e-05 0.000512807989776166 2.5638229243058924e-05 0.0005782705303989152 0.0003711673684140092 8.913274202977607e-06 6.006064054671355e-06 1.947623596002199e-06 1.8565674770525661e-07 8.900574022179587e-08 1.891244849617764e-07 1.6501204416859547e-07 0.0 1.0687098708490278e-07 1.0318359357279531e-07 4.806290907723224e-08 8.898336532500584e-08 1.8092653670717518e-07 8.39420906559863e-08 0.0 5.245658128677645e-08 3.960881673917331e-05 5.227755724756312e-06 4.039322007864989e-05 4.8844266425214546e-08 0.0 0.0 8.452099229247159e-06 2.3030730265608007e-07 2.3640536333990034e-07 1.5856739703490517e-07 1.5778461582985436e-07 1.8083794894966485e-07 1.0869544598886535e-07 1.7842204542083653e-06 1.414698616383683e-07 6.352718747976631e-07 6.940275978614894e-05 2.3781475843940774e-06 4.2789135382711956e-07 1.4094758315017698e-07 4.1427141046139404e-07 0.0 0.0 2.0802766751519408e-07 3.2557633025056443e-06 2.963798682143836e-06 6.293850398029113e-06 1.4906543877834046e-05 1.2969935832802697e-05 2.3704864797035075e-05 4.852983705075778e-07 3.493202799907623e-06 5.5447571917961435e-08 2.6745228545321003e-05 2.9690092029169606e-06 1.7153172260783035e-06 1.4878944754769858e-06 3.7876105345485256e-07 1.0254930031916922e-07 1.4181359336002723e-07 1.5240364137453526e-05 0.0 0.0 5.484507188114098e-05 4.2290211629424085e-05 7.634390708252366e-05 2.040184274906254e-05 8.158002663488305e-06 1.3635699606721353e-06 0.00021768078588907053 3.391956163975347e-06 2.9862085651361147e-06 1.4905626244037873e-05 5.286360801427651e-08 1.0913237862465496e-06 9.052809628535144e-07 5.03295078656919e-07 0.0 3.4966442203576355e-07 0.0 3.69444356853713e-07 0.0 3.3022598846386835e-07 2.1638600660518634e-07 1.8749597123547095e-07 4.663937936964849e-05 1.744568405608951e-06 0.0 1.3619614896629384e-06 3.2086505304445625e-06 1.0568154984617493e-06 0.0 1.2429597818413195e-05 2.929048086150726e-06 1.0408178638928908e-05 2.671763208409798e-05 1.7945981382547688e-06 1.261425478348491e-05 2.4697401656928065e-05 8.29453392949029e-06 5.985363298160496e-06 3.996919843867334e-05 2.4062145363896306e-05 1.4073484203530108e-05 1.122163488408583e-05 5.8743394215132146e-08 0.0 0.0 0.0 0.0 0.0 0.0 4.297988172855063e-07 0.0 0.0 0.0 1.8509321243245117e-07 3.4793615414577543e-07 0.0 0.0 0.0 0.0 0.0 0.0 1.258165760297006e-06 5.091500350350044e-06 0.0 1.448642983121595e-07 0.0 1.194004214683427e-06 4.017566046311658e-07 9.045498238220847e-06 1.2720656038018708e-06 5.706549789921844e-07 0.0 0.0 0.0 0.0 0.0 0.0 0.0 0.0 1.3439612569412975e-07 0.0 0.0 1.7521733980563939e-07 0.0 0.0 0.0 0.0 0.0 0.0 1.1133713572345367e-07 0.0 0.0 2.0357909965369774e-07 1.2710372605594755e-05 0.0 0.0 0.0 0.0 0.0 0.0 0.0 0.0 0.0 7.900306025221183e-06 1.6223012906202398e-06 6.987020243139921e-08 0.0 6.81930531143909e-08 3.707543726918052e-05 2.9928980595729856e-06 1.0876479841935126e-05 3.317323240311815e-07 4.990802793683585e-08 0.0 0.0 0.0 0.0 0.0 2.0830363977276518e-07 6.933592636923939e-08 0.0 0.0 0.0 0.0 9.019423063064354e-06 2.8796668081744024e-06 5.238229182479273e-06 0.00014470461545988588 5.388376653345416e-06 0.00014397943340103687 3.4531908563538964e-05 9.323650045710823e-06 6.261958605424272e-06 1.659735895764798e-07 2.65681527669288e-05 1.722936485152728e-06 4.261833916820239e-08 3.5788272513377695e-07 1.4969910669217868e-07 1.1501149385916986e-05 0.0 0.0 1.2169578146817775e-06 5.270637239003653e-06 1.4835294662817778e-06 4.795014315354614e-05 3.737318916010411e-05
0.0005958334602223093 0.001257829745421236 1.0188857031836723e-06 0.000959221363287838 0.00011242233022235798 0.00010879061281473493 0.001170116792693159 2.1740723336786906e-06 4.9648311252204894e-05 0.0 2.6408009461724307e-05 0.0010076445095115146 0.002827577428080415 0.00017776987144379255 2.512521114248079e-06 2.36810099621461e-06 6.855523746253104e-07 0.0 0.0 0.0 0.0 6.898043905917289e-08 0.0 0.0 0.0 0.0 0.0 0.0 1.230548761864641e-07 0.0 9.825128973283999e-05 2.9695302995336443e-07 0.00011071819182788449 0.0 0.0 0.0 9.054702784684916e-05 4.91271784078277e-07 9.926140041884e-07 1.067904655127556e-07 0.0 0.0 6.331030353701754e-08 4.7648588413941596e-07 1.0767255548777553e-07 1.520411446545993e-07 9.164321733847272e-06 4.5854735072172894e-07 0.0 0.0 0.0 0.0 0.0 0.0 8.564319303648613e-07 6.388380440648733e-07 8.814872268637364e-06 7.420467866008163e-05 8.910249474649383e-06 4.778328480163234e-06 7.030326610384414e-07 2.331364617610274e-06 0.0 9.46356578138712e-06 9.131416042784504e-07 2.527877823054721e-07 4.462990551629371e-08 1.0228263223106264e-07 0.0 5.9301100792253416e-08 0.0001798370083415653 1.4977816933688624e-07 0.0 5.030243816845752e-05 2.8043467637050796e-05 1.2686919764835016e-05 1.9223341409478607e-06 1.736646222696731e-06 4.988574036526998e-07 5.884559702719844e-06 1.2191187246983497e-06 2.5695575493307304e-06 3.976161085872453e-06 0.0 3.050471909516014e-07 4.289280655614773e-07 0.0 0.0 1.5578494184461807e-07 4.70902533757694e-08 4.577774122865912e-08 0.0 0.0 0.0 0.0 0.0001710113874671011 1.2900600821770145e-05 1.7034859032042683e-07 3.2820135412394054e-05 0.00011252506253740892 1.2178141910606742e-06 8.589867122127171e-07 2.4874542543464303e-05 1.356127036826639e-05 1.842453820717354e-05 5.051376754658519e-05 1.7092047584860174e-05 2.6637737450947604e-05 8.499179998542457e-05 4.60654095532039e-05 6.332628047585898e-06 7.225539180613642e-05 6.197065184652174e-05 2.887307757571972e-05 1.1701992323270304e-05 0.0 0.0 0.0 5.375532480617551e-08 0.0 0.0 0.0 0.0 0.0 0.0 8.77775056835823e-08 0.0 3.3799336023674617e-07 0.0 0.0 0.0 0.0 0.0 0.0 4.1119262466308657e-07 3.0065434500000133e-06 0.0 0.0 0.0 1.4610404014055293e-06 2.243771694304098e-07 6.233862721073932e-06 8.366734445859039e-07 6.276094335752487e-07 0.0 0.0 0.0 0.0 0.0 0.0 0.0 7.733555518205707e-08 0.0 0.0 0.0 2.562944546880362e-07 9.313485557957637e-08 0.0 0.0 5.0653455689580924e-08 0.0 0.0 4.2623492759242035e-07 0.0 0.0 7.07504897893423e-08 9.230210979210827e-06 0.0 0.0 0.0 0.0 0.0 0.0 0.0 0.0 0.0 9.439869219083111e-06 4.811346554230339e-06 0.0 0.0 4.5824034118569516e-08 2.9538978411662877e-05 0.0 6.327635871436483e-06 2.112863713315457e-07 1.7738966873505592e-07 4.457575335620989e-08 0.0 0.0 0.0 5.456953958488287e-08 0.0 0.0 0.0 0.0 0.0 0.0 1.4200688693706289e-05 2.5389069637943885e-06 3.936055272261914e-06 2.651718497550265e-05 1.0229666248374262e-06 2.6427431580559545e-05 7.212043061610134e-06 9.845430358929378e-05 9.408327765457852e-07 5.267793144129041e-08 2.5242507470739446e-06 6.190337760206095e-06 6.299093169515543e-08 9.591298764521254e-07 2.9063639668842483e-07 5.7240378381095154e-05 0.0 5.56946496967468e-08 0.0 6.189863587746002e-07 1.217216549851931e-07 0.0005281798709933072 0.00023926911944313622
2.5994983894634475e-05 0.0005487142915745312 0.0003952247223796309 6.365600621353479e-07 0.0013632352145897875 1.5017226211150831e-06 0.0002742225558591934 0.0007349292728348267 0.000512807989776166 2.6408009461724307e-05 0.0 2.9200194267162386e-05 0.000896467612586379 0.0012892782490678844 9.999357202720734e-06 8.923993090171913e-06 1.3446509789165168e-06 1.9160074775567738e-07 1.261552898826562e-07 5.790004998615235e-08 0.0 0.0 0.0 3.7192595034402787e-08 4.664002030172337e-07 1.9926591394592958e-07 1.0683196077589346e-07 6.586310390890372e-08 1.430026858570067e-07 1.7050926873286125e-07 4.3271706148089715e-05 2.7669465015721685e-05 0.00014575363345060483 3.4870192972785836e-08 0.0 0.0 2.1102487566726805e-05 2.413470574435744e-06 2.1778556937543972e-06 4.4485705619148804e-07 0.0 1.38587452383283e-07 1.7559324859282317e-07 2.789294351039856e-06 2.3310721237008566e-07 4.935363586049145e-07 4.4853342736650786e-05 1.1229572820608764e-06 9.506034520873128e-08 1.0817149464397042e-07 1.8827119477554016e-07 6.573135855266324e-08 0.0 1.7023132902746892e-07 1.3835722486572132e-06 1.6438355821772719e-06 3.5009345051130466e-06 1.0856211881860482e-05 4.843464119363492e-06 1.2499513233567077e-05 5.084293985276212e-06 4.352366901564625e-06 0.0 2.223208458888901e-05 1.1442018888452201e-06 7.603787254138507e-07 6.527829565036956e-07 3.545629041816322e-07 1.1000599770222867e-07 1.6755421471098778e-07 1.7889681218343874e-05 2.7855950406156334e-07 0.0 3.3580276721916364e-05 2.291776353949786e-05 4.689893367144698e-05 1.5626651702879276e-05 1.0171004508504264e-05 5.6387216906628036e-05 0.0013915039401465558 1.6555881608455692e-05 3.3044436629921676e-05 5.975327076782739e-06 0.0 3.020316896380237e-07 3.676646863207387e-07 3.833614514741436e-08 3.828096893249313e-08 8.51880041682937e-08 3.812952454878096e-08 3.912641036966733e-08 4.0786287528887095e-08 9.001424836367945e-08 2.0019384440307208e-07 2.887299958622837e-07 2.7231997879419558e-05 2.6309316001416886e-06 0.0 3.4902428290197146e-06 3.5988485404499334e-06 1.1184743908271415e-06 0.0 3.993091272471963e-06 1.0425674061714224e-06 5.937204236646698e-06 1.5456325448878227e-05 5.363592141494816e-07 8.498154496350831e-06 1.2286313927799247e-05 8.596488464311796e-06 2.7740122088563413e-06 2.2079819758393182e-05 1.539952951938681e-05 9.501749082843012e-06 8.891857509389098e-06 0.0 0.0 0.0 0.0 0.0 0.0 0.0 2.6136731373330825e-07 0.0 0.0 0.0 0.0 0.0 0.0 0.0 0.0 0.0 0.0 0.0 9.256574481916646e-07 1.6522312150999387e-06 0.0 0.0 0.0 9.524215106485414e-07 1.6384354569495933e-06 6.2846770235137275e-06 8.275100405770356e-07 1.624904564270277e-07 0.0 0.0 0.0 0.0 0.0 0.0 0.0 1.0732288284524476e-07 0.0 0.0 0.0 6.952723524383121e-08 0.0 0.0 0.0 0.0 0.0 6.003070479353817e-08 4.508259035998645e-08 0.0 0.0 0.0 1.2140410171742668e-05 0.0 0.0 0.0 0.0 0.0 0.0 0.0 0.0 0.0 5.410968919802835e-06 7.857410181220186e-07 0.0 0.0 0.0 2.569767388688027e-05 1.2033289494136327e-06 1.0433908255197402e-05 0.0 1.3986100485508918e-07 0.0 5.8237034168403125e-08 0.0 0.0 0.0 0.0 0.0 0.0 0.0 0.0 0.0 4.236209767678886e-06 2.8372420364126937e-06 4.103820133650143e-06 0.00010447872028131122 3.0504393677186293e-06 9.744389725655797e-05 2.7435357957591385e-05 7.228063947133652e-06 5.971061783173802e-06 2.3705845431245974e-07 1.981681914442144e-05 2.9874334013553645e-06 1.155032468157543e-07 2.549483030409243e-07 1.9812286533922533e-07 1.2296868170122139e-05 0.0 0.0 2.8434448102106763e-07 4.04718141761849e-06 5.877857190161207e-07 2.4022415175002946e-05 1.4257797205415714e-05
