0.0 0.0005202353166656619 6.281652465013923e-05 0.0005759076360709617 1.2170425253030867e-05 1.4378841681113185e-05 0.00013979886943520846 4.399580498930683e-05 5.605447018827641e-06 0.0005569076964780799 0.00010695746107211584 5.468045243609314e-05 8.013101567704252e-05 0.00010757160976044086 2.702651384814418e-06 1.2876184552344667e-06 0.0 5.036481164913281e-08 0.0 0.0 2.087886889730278e-07 0.0 0.0 0.0 0.0 1.0117838996587072e-07 4.243141994029981e-08 1.405816271924172e-07 4.853857071430361e-08 0.0 0.0002579751215317587 3.5802855412799107e-06 1.1366922968315083e-05 0.0 0.0 0.0 5.458478307924427e-06 5.261401275787921e-07 1.499891186759166e-06 0.0 1.4209970900539067e-06 2.430180093818853e-06 1.1032199986241354e-07 2.4220297719264895e-07 5.0383975103968574e-08 1.475346870453177e-07 6.317771288296438e-06 1.4143565648010013e-06 3.266732542330816e-07 4.5072961640716985e-07 3.6136182142172816e-07 8.223895159734866e-07 0.0 1.3112604927303138e-07 3.235136240549062e-06 4.152157829555791e-06 6.0029956462165976e-05 0.00017985546407291847 3.8134877185730605e-05 5.562130714934851e-06 1.3414405550987013e-07 2.7216646654022942e-06 0.0 6.371260672771178e-06 5.376195197116025e-06 3.431349167402332e-06 7.130909766962979e-07 1.0149849384880253e-06 1.9588044623331203e-07 1.2575755671421025e-06 1.431516671066577e-05 2.663349599330967e-07 6.536703652184193e-07 4.085105224128236e-05 1.4443052004364147e-05 5.675532565590977e-06 3.848002849295844e-06 7.169190192266007e-07 4.951508052215471e-07 5.079978795719602e-05 4.834416588539528e-08 1.9579791628894144e-06 9.818063410422432e-06 2.1760465763235935e-07 4.93133488176835e-06 3.822861708130436e-06 1.5700096231696678e-06 2.6869504175564326e-07 1.4564553288267547e-06 4.951036071535933e-07 4.3221315824623263e-07 3.3306856113823686e-07 5.075256615873716e-06 1.2049818941909586e-06 7.499364248465523e-07 9.428949710402494e-05 1.600268597214303e-05 1.2035311311344383e-06 4.4240845491306145e-06 0.0004294158972448738 0.0 0.0 0.0 1.0095935192751842e-05 0.0 1.1583182305716166e-06 0.0 4.779905230353307e-07 3.980659257889617e-07 7.593112608263704e-07 0.0 8.22975463177636e-07 1.2681265672055536e-06 4.787566699461988e-07 9.104600777895908e-07 0.0 0.0 0.0 0.0 0.0 0.0 0.0 0.0 0.0 0.0 0.0 0.0 0.0 0.0 0.0 0.0 8.643054946973404e-08 8.112465773872719e-08 6.644038031248528e-08 9.572695364223973e-08 0.0 0.0 0.0 0.0 1.1293014230925234e-06 0.0 1.8348391343951534e-07 4.2320218061771455e-07 0.0 0.0 4.873001744703102e-08 0.0 0.0 0.0 0.0 0.0 0.0 0.0 0.0 0.0 0.0 0.0 0.0 9.54835571061058e-08 0.0 0.0 0.0 0.0 0.0 0.0 0.0 0.0 0.0 0.0 0.0 4.068323205126129e-08 0.0 0.0 5.8818133367981404e-08 0.0 9.383015350527833e-08 7.319411613208759e-07 0.0 0.0 1.4932877707445942e-07 1.6597291060535506e-07 6.794355019044621e-08 0.0 0.0 0.0 0.0 0.0 0.0 0.0 0.0 4.5456378485728895e-08 0.0 0.0 8.523068305352733e-08 0.0 8.80640759163297e-08 0.0 2.084192431067195e-07 0.0 3.536540494995988e-07 4.8941447897448755e-05 9.612708075692653e-07 4.715322570440458e-05 6.235214433076273e-06 0.00023166221950122662 2.735105108773221e-06 3.227895400196271e-07 3.870625248254548e-06 5.169382228407909e-06 4.483651490896503e-08 0.0 0.0 1.5779199730308946e-06 0.0 0.0 0.0 1.5349976718981023e-06 0.0 3.421892204968723e-05 1.514065303718441e-06
0.0005202353166656619 0.0 0.0005647358619256121 0.0014144657950035614 0.0012091051247290947 8.317249006540578e-06 0.0009839942391510939 0.00010630337609450224 0.001666825832389724 0.0002051087986174794 0.0006548950694660691 1.5992486685020107e-05 0.0004514261038623352 0.0012127739264404256 1.4808581561056351e-05 1.672132181091811e-06 3.120348539048588e-07 1.6418350970645576e-07 0.0 1.5605496816671323e-07 5.899042196731587e-07 0.0 1.6692758371589572e-07 1.6940769537765793e-07 0.0 3.9769365016715323e-07 6.666973449997606e-08 2.7339520929660514e-07 6.718726046992078e-08 9.540613324267742e-08 0.0010971245131008562 1.76293887262921e-05 1.9515745515979224e-05 0.0 0.0 0.0 7.297901586754779e-06 2.0765289272891832e-07 1.3569984005856968e-06 0.0 1.797975840629737e-06 2.807357168309749e-06 1.3364394380518875e-06 7.409500948892816e-07 1.3669133943189392e-07 0.0 6.303955010510531e-05 7.475873199085324e-06 1.2955084020576956e-06 1.7321835776253688e-06 2.072494710150458e-06 0.0 0.0 1.920886051657952e-07 1.2756923104436622e-05 1.5138846335335677e-05 3.5976604469606885e-05 0.00021204131305248332 7.567237028474279e-05 4.289189974535467e-05 7.275920587565139e-07 3.0205265128730692e-06 1.1071999370456352e-07 4.7016685565946066e-05 2.3189960915822143e-05 1.4304872279274675e-05 2.864615042108607e-06 4.318569890668468e-06 1.5873698695274566e-06 1.673612158869661e-06 7.77493573694811e-06 5.895403049771699e-08 0.0 0.00014375421279574894 9.897578530152949e-05 4.234176638383248e-05 2.5511379216133277e-05 2.3829707600573307e-06 1.5180659738552914e-06 4.8627137992117794e-05 6.225983758113934e-07 3.8044206141215124e-06 4.2258974705859726e-05 2.4227600930058324e-07 2.072406712893083e-05 1.4961482826193157e-05 6.205952144307547e-06 6.36656735737047e-08 4.04608978798957e-06 5.929895390319819e-08 1.6493991117728135e-06 2.6139815721870013e-07 5.635521209525097e-06 2.478548998153051e-06 6.961017663771561e-07 1.4886286928812291e-05 1.6825131078412898e-06 0.0 3.299772880239256e-07 0.000301232247952929 0.0 4.443773411932314e-07 1.2581466706509185e-06 1.0558954981961238e-05 0.0 6.922481283327237e-06 3.819858902438629e-07 3.1782402467768618e-06 3.9959304215981605e-06 2.343973633438434e-06 1.1290519851536074e-06 5.625443936826549e-06 9.090157649478754e-06 9.444650627576312e-06 4.028017056776818e-06 0.0 0.0 0.0 0.0 0.0 0.0 0.0 0.0 0.0 0.0 0.0 0.0 1.5556413079786784e-07 0.0 0.0 0.0 1.6274600956371207e-07 0.0 2.0111242625318155e-07 6.414369565602651e-07 2.568405793044419e-07 0.0 0.0 0.0 3.2019481073906913e-06 0.0 7.645445430346117e-07 1.0488287297520797e-06 6.524288788584855e-07 0.0 0.0 0.0 0.0 0.0 0.0 8.10507209855058e-08 0.0 1.0101348784225925e-07 0.0 0.0 1.2977968666500582e-07 0.0 0.0 0.0 2.497438029310545e-07 0.0 0.0 0.0 0.0 0.0 1.1749759869962474e-06 6.865232380854996e-07 0.0 0.0 1.0588789820419138e-07 0.0 5.289134820450329e-08 0.0 0.0 0.0 1.9809289557947495e-07 2.7015651061612996e-06 1.6047351869072695e-07 0.0 1.4160257417845334e-07 1.8615061993021606e-07 2.0678026312026516e-06 0.0 1.7163482564560787e-07 0.0 0.0 0.0 0.0 0.0 9.681004882042058e-08 4.10966299053758e-08 0.0 5.96411164189105e-08 2.8599363450244764e-07 6.819433414138124e-08 0.0 0.0 2.857365656144627e-06 1.5964710675243634e-06 9.815946593665076e-07 0.00011415436366100426 3.891189629269298e-06 0.0004032802938644864 2.758151536889806e-05 0.000262798363231143 1.6917547988164117e-05 1.173163253135514e-06 2.1160244680724874e-05 1.618485528572791e-05 1.3362518665816707e-07 1.8591057903334772e-07 0.0 6.298828920630135e-06 0.0 0.0 0.0 4.1884826195974354e-05 7.768488333117307e-08 6.1004514931351235e-05 9.084616424762684e-06
6.281652465013923e-05 0.0005647358619256121 0.0 0.00012982959311573888 0.00043990001761160116 0.0 0.00022968507349968982 0.0010689108404232856 0.001216486579273178 1.7096176216460064e-05 0.0010553213045348267 2.6175500754277254e-06 6.242534120621945e-05 0.00084335242149719 2.9286576491317577e-06 1.8458886753985623e-06 7.220431054272474e-08 1.2418951719561815e-07 0.0 1.2491254476797549e-07 2.8335773853988436e-06 0.0 2.450894123197755e-07 0.0 8.117254446399314e-08 1.65441525720033e-06 9.391271725646238e-08 2.362394678128798e-07 0.0 0.0 0.0016763483849810675 2.501910060335354e-05 1.1166637538106804e-05 0.0 0.0 6.261755592645087e-08 4.774771900493377e-06 2.498420054637413e-07 2.854242495066511e-07 0.0 5.501787324570757e-06 4.734477838079892e-06 8.780308105561444e-07 4.69092194091748e-07 0.0 0.0 6.925173754992187e-06 5.961691480978556e-07 5.056305793373775e-07 1.0837027836574445e-06 1.0977547609819203e-06 0.0 0.0 5.724631562495499e-07 7.718541270384394e-07 1.846907449983805e-06 7.828463313731319e-06 9.29152755217984e-05 1.0750630167361095e-05 3.630514937859426e-06 5.779245687134229e-07 5.37719381595385e-06 5.690771033728504e-08 2.159701292206774e-05 2.077519833165115e-06 1.2216231259703622e-06 3.056628830917978e-07 1.2413786977537678e-06 1.9198267495898998e-06 9.85991869965554e-06 1.5112792560458365e-06 6.46585233414125e-08 6.186961148044234e-08 1.9130220521901336e-05 1.5529302732428582e-05 5.776824562101499e-06 3.2153929393868515e-06 6.48742803033045e-07 9.577492507235502e-06 0.0003356292670632669 2.1254140178418275e-07 3.12451901705332e-05 4.04247610569892e-06 0.0 2.1034557474737446e-06 1.4957628332961554e-06 1.4527858183399273e-06 0.0 6.11553167088529e-07 0.0 3.203685808907025e-07 0.0 2.32889559428225e-05 3.6170301011339617e-06 3.8975000059463243e-07 9.428400622015837e-07 6.05834256264929e-07 0.0 1.6656946313210874e-07 4.337992443114082e-05 2.663147509712509e-07 0.0 0.0 7.081728898094843e-07 0.0 6.698531484344635e-07 0.0 1.8804712582268964e-07 6.537907800796773e-08 2.0307827993697042e-07 5.936525908129876e-08 5.429792137341852e-07 1.1655624171728913e-06 7.140119212498545e-07 0.0 0.0 4.501248250347568e-08 0.0 0.0 0.0 0.0 0.0 0.0 0.0 0.0 0.0 0.0 0.0 0.0 0.0 0.0 0.0 0.0 0.0 0.0 0.0 0.0 0.0 0.0 3.751908208993702e-07 0.0 6.687888911640256e-07 3.561323925641735e-07 5.134898433470979e-08 0.0 5.0222848074530896e-08 6.185858670292982e-08 0.0 0.0 0.0 0.0 0.0 6.703231883524879e-08 0.0 4.94108146748621e-08 1.7550534268075665e-07 0.0 6.321989317462511e-08 0.0 0.0 0.0 0.0 0.0 0.0 0.0 0.0 0.0 0.0 0.0 0.0 0.0 0.0 9.671065678874037e-08 0.0 4.695226737774599e-08 5.5596231352371186e-08 5.794606407595936e-07 0.0 0.0 1.8477525232831455e-07 4.017809440030678e-07 1.9773237095561712e-07 0.0 6.661780347813257e-08 0.0 0.0 0.0 0.0 0.0 0.0 0.0 6.085896931200164e-08 0.0 0.0 3.3937495612389586e-07 0.0 0.0 6.773432796039267e-07 3.304081809040247e-07 3.9308164954368644e-07 1.596405111683336e-05 2.191118157752347e-06 3.754479226237878e-05 3.7178574511653166e-06 1.2484555387500781e-05 9.343519570279597e-07 1.1056573446668245e-07 1.881190091250172e-06 1.906177571057455e-06 0.0 7.766568231321113e-08 0.0 5.663145107422396e-07 3.0962355789012535e-07 0.0 0.0 4.657548324172651e-06 0.0 5.693533557493383e-06 6.212250585301249e-07
0.0005759076360709617 0.0014144657950035614 0.00012982959311573888 0.0 6.155594891611489e-05 8.261785545813746e-05 0.0007335673885133274 3.998569250927847e-05 2.9742921494572797e-05 0.0009076210812345935 9.749638991490757e-05 0.00014476234322124545 0.0007315081214576989 0.00016034203090854951 1.5171092410333356e-07 0.0 0.0 0.0 0.0 5.033716518831774e-08 5.6794801840727217e-08 0.0 0.0 0.0 0.0 0.0 0.0 0.0 4.204837309208007e-08 0.0 4.006115062858217e-05 4.6769103001299243e-07 5.91103419343877e-07 0.0 0.0 0.0 1.5220899362605888e-06 2.0811758616199298e-07 1.5259022680133972e-07 0.0 0.0 0.0 2.662094364866878e-07 0.0 1.2248669304187535e-07 0.0 8.22277435117807e-06 1.1284567629875698e-06 0.0 1.877836267535672e-07 4.438001994118936e-07 5.981406331203002e-08 0.0 1.1855210583462942e-07 4.214456950341186e-06 4.764343847671934e-06 2.1288472149460005e-05 7.50951664804234e-05 2.9160710638232645e-05 6.991062401847885e-06 1.2165130163828876e-07 2.2028201326931157e-07 0.0 6.571371731817806e-06 7.1064843348208586e-06 3.379958998230106e-06 6.495403902804652e-07 7.754699629483193e-07 0.0 0.0 2.800406127474877e-06 2.728951345289978e-07 0.0 4.017046418371902e-05 2.2574444344348125e-05 6.23588113787129e-06 3.1227641892556896e-06 6.275526860728164e-08 1.1426849458063552e-07 1.1828147008457265e-06 2.4277107565137626e-07 5.254458952728568e-07 1.3871219633170276e-05 1.8007089649879165e-07 4.9539675730236055e-06 3.7961138793720376e-06 9.622638357618222e-07 0.0 1.2410534073421987e-06 5.646035228690891e-08 6.490465384707496e-07 0.0 2.4729880027116064e-07 1.7701061922404007e-07 1.1293748277014584e-07 3.0940763220719194e-05 4.208603350668407e-06 1.1224737301730065e-07 5.031982792746287e-07 0.0002649458698638734 0.0 2.708907410778228e-07 1.50558102998368e-06 4.1514024382200316e-05 1.2177536012277946e-07 2.2346483398246753e-07 0.0 4.323441439972296e-07 4.022310992542347e-06 7.010899554480671e-07 0.0 1.7031505366152767e-06 3.4362942966096826e-06 3.9889123149318844e-07 0.0 0.0 0.0 0.0 0.0 0.0 0.0 0.0 0.0 0.0 0.0 0.0 0.0 0.0 0.0 0.0 0.0 0.0 0.0 0.0 0.0 0.0 0.0 0.0 0.0 1.7513975955591632e-07 0.0 1.4714469414902863e-07 2.938286577747869e-07 2.87405319386774e-07 0.0 0.0 0.0 0.0 0.0 0.0 0.0 0.0 0.0 0.0 0.0 0.0 0.0 0.0 0.0 0.0 0.0 0.0 0.0 0.0 0.0 0.0 0.0 0.0 0.0 0.0 0.0 0.0 0.0 0.0 0.0 0.0 0.0 7.90421392457698e-08 0.0 0.0 0.0 0.0 0.0 0.0 0.0 0.0 0.0 0.0 0.0 0.0 0.0 0.0 0.0 6.542052265710624e-08 0.0 0.0 0.0 5.748501050980446e-07 2.0921195027800605e-07 1.0818823900492459e-07 5.220376322900705e-05 8.664902130656545e-07 8.287281292593416e-05 3.687710654075358e-06 0.0002987556209942034 2.4649236565543815e-06 4.3396158716533034e-07 4.6726613158176803e-07 8.404747150138456e-06 0.0 0.0 0.0 3.993733254183803e-06 0.0 0.0 0.0 1.967037009908533e-06 0.0 3.274091638917218e-05 1.1736068235706742e-06
1.2170425253030867e-05 0.0012091051247290947 0.00043990001761160116 6.155594891611489e-05 0.0 3.1284481945443547e-06 0.0008494974367537409 7.138026049867752e-05 0.0028659971964283184 1.4924209947230932e-05 0.00033891368141422684 5.363292131827192e-06 0.00014870000167106873 0.0007113431861437467 7.2985226022674084e-06 8.452135444023534e-07 1.1131250193473962e-07 1.7146219490879975e-07 0.0 0.0 0.0 0.0 0.0 1.1304565205229311e-07 1.0662046681057997e-07 0.0 0.0 0.0 5.016033677216715e-08 5.594942490611705e-08 5.9063386167378714e-05 1.1722826106860101e-05 4.325006607789896e-06 0.0 0.0 9.843901134719415e-08 4.747769174621731e-06 3.830545486605765e-07 4.3395382411926784e-07 0.0 0.0 2.164254478052512e-07 1.049642084121683e-07 5.6624841216133246e-08 7.861951025341439e-08 0.0 2.0649719078260117e-05 8.149374299902491e-07 5.967086015426656e-08 1.603862345066954e-07 4.2341346694154756e-07 0.0 0.0 1.1833489079739237e-07 1.5518067858091217e-06 2.4162951910187818e-06 3.54309360146366e-06 1.612618771476015e-05 1.1406985591787582e-05 1.2335549215074372e-05 1.0388126661675239e-07 1.39621901215363e-06 0.0 8.954589644723882e-06 4.069093192866642e-06 2.517998607058777e-06 5.093376654713537e-07 9.252182324941042e-07 2.048502484150954e-07 2.540022656721195e-07 8.775856352364212e-06 6.846309830867972e-07 0.0 2.8280410789480855e-05 2.3446219420054685e-05 2.117884158345063e-05 9.170324898259253e-06 8.482524106952235e-07 1.0772351739950537e-07 2.6596924596336713e-06 1.6740303585433967e-07 4.3330688065884136e-07 6.439370471097254e-06 0.0 4.1333010995564885e-06 2.1244140342104197e-06 5.102012636523863e-07 0.0 1.1214244605898856e-06 0.0 3.616562818975446e-07 6.261676710080262e-08 4.764669156865068e-07 5.6121082131906856e-08 0.0 5.574930234336304e-06 1.463600812053661e-06 0.0 5.421736036290809e-07 7.0711684509051765e-06 0.0 9.477636865192378e-08 2.085105715873286e-07 8.345526502832149e-07 6.146595186677115e-08 4.021488954830092e-06 0.0 3.0954647334693614e-06 4.318255387134614e-06 2.1482052505313423e-06 1.6159566699901746e-07 8.17891294058999e-06 1.4121742404559247e-05 9.660884728817174e-06 3.1403289324022675e-06 0.0 0.0 0.0 0.0 0.0 0.0 0.0 0.0 0.0 0.0 0.0 0.0 3.9335131522601144e-07 0.0 0.0 0.0 2.8083833334400534e-07 0.0 0.0 3.924092320232378e-07 1.860034851652534e-07 0.0 0.0 0.0 1.7323560330675888e-06 3.396474891248471e-07 1.7946549535163127e-06 1.2526068733336411e-06 7.23798536739104e-07 0.0 0.0 0.0 0.0 0.0 0.0 0.0 0.0 0.0 0.0 0.0 0.0 0.0 0.0 0.0 1.8072705544615678e-07 0.0 0.0 0.0 0.0 0.0 0.0 3.9416673556755094e-07 0.0 0.0 0.0 0.0 0.0 0.0 0.0 0.0 0.0 4.58315749536182e-06 2.2471181081933394e-07 0.0 0.0 0.0 5.479733377790217e-07 0.0 8.374998468970803e-07 0.0 0.0 5.0860979851624975e-08 0.0 0.0 0.0 0.0 0.0 0.0 8.915497170369885e-08 0.0 0.0 0.0 4.637062302969224e-06 1.2054077911752851e-06 2.0241918230103945e-06 6.475490570273957e-05 2.024210823691684e-06 0.0001453947743400649 1.3905589110993425e-05 3.612173793694605e-05 9.22781056737587e-06 1.6916488733049974e-07 1.0414426963349196e-05 1.924881318965164e-05 2.665244220806614e-07 1.1363720868327455e-07 0.0 2.939273624012593e-06 0.0 5.291442448497526e-08 0.0 2.504245868239758e-05 0.0 1.6358168269074447e-05 8.528824791823485e-06
1.4378841681113185e-05 8.317249006540578e-06 0.0 8.261785545813746e-05 3.1284481945443547e-06 0.0 1.1528851450871933e-05 1.5818042882543669e-06 2.2133991924117687e-07 0.0001438371250294447 7.471951868531336e-08 7.911264775646333e-05 5.1684187993326766e-05 2.0492405839276617e-05 7.27999052097627e-08 1.0924217267620407e-07 0.0 0.0 0.0 0.0 0.0 1.620698826845604e-07 0.0 0.0 0.0 0.0 0.0 0.0 0.0 0.0 2.451156457809968e-06 0.0 1.286314689211447e-06 0.0 0.0 0.0 3.1010424319808814e-06 0.0 2.7505295018639384e-06 0.0 0.0 0.0 0.0 0.0 0.0 0.0 0.0 1.8815391779021297e-07 0.0 0.0 3.263020366393252e-07 1.6832875505685582e-05 2.46131826632382e-07 2.427026700684742e-07 0.0 1.0605233861437779e-06 2.7566326696944708e-05 1.7046211987378523e-06 8.909736520652657e-07 3.715763904764586e-07 0.0 3.595744332803361e-07 0.0 6.298697675067514e-08 9.816844414984254e-08 1.50616027843034e-07 0.0 0.0 5.501019650092757e-08 0.0 4.447886038340476e-05 5.640188371286224e-05 1.9225297746151302e-05 3.377141838898303e-07 8.84850333495733e-08 0.0 0.0 0.0 0.0 1.3211434513775077e-06 0.0 1.4948325543057614e-07 4.841425429634698e-07 2.7131218557960162e-06 2.0752643020435673e-07 2.127871964128926e-06 1.8344829733544448e-07 7.01218657047971e-06 4.844987725568833e-06 1.3491098191821014e-05 2.8977212406981557e-06 6.17389823913277e-06 0.0 7.900031458300548e-07 3.4810376455751196e-06 0.0002039190128296105 0.000223475548447865 2.5234459346024636e-05 2.0114110876761986e-05 0.00012515404174308267 0.0 0.0 7.427787649062659e-08 1.1121659325695378e-06 0.0 1.002219401194652e-06 0.0 4.784794259031816e-07 1.378407673344678e-06 5.999978229407813e-07 0.0 9.579097748648137e-07 2.114376672333362e-06 1.2343236821858305e-06 1.1862098721712887e-07 0.0 0.0 0.0 0.0 0.0 0.0 0.0 0.0 5.4158371229668984e-08 0.0 0.0 0.0 0.0 0.0 0.0 4.4975717593798046e-08 8.306019484948686e-08 2.529199687103684e-07 8.591040034148282e-08 0.0 0.0 0.0 0.0 0.0 1.2522826284290817e-07 0.0 0.0 9.223795901844282e-08 4.523492194550219e-08 0.0 0.0 0.0 0.0 0.0 0.0 0.0 0.0 0.0 0.0 0.0 0.0 4.325570830986112e-08 0.0 0.0 0.0 0.0 0.0 0.0 0.0 0.0 0.0 0.0 0.0 0.0 0.0 0.0 0.0 0.0 4.452303184003572e-08 0.0 0.0 4.0660790900646577e-07 2.321032323539078e-07 0.0 8.137624929687358e-08 1.1088090787628656e-07 0.0 0.0 0.0 1.3434866498803763e-07 0.0 0.0 0.0 0.0 0.0 1.2656607983974433e-07 0.0 0.0 2.1730851933691011e-07 2.6586311072449855e-07 6.490013562905633e-08 0.0 6.448682229197558e-08 5.0977769871213896e-08 0.0 8.729025169723474e-06 3.8582985014885375e-07 7.214926084233619e-07 0.0 4.2275004641585365e-05 4.53167878990136e-06 0.0 0.0 3.063756775295253e-06 0.0 0.0 4.911925595053745e-08 4.5748679457425405e-06 0.0 0.0 0.0 0.0 0.0 2.1306935549705314e-05 5.044117811056124e-07
0.00013979886943520846 0.0009839942391510939 0.00022968507349968982 0.0007335673885133274 0.0008494974367537409 1.1528851450871933e-05 0.0 1.6415442564219936e-05 0.0026270045992256245 0.0005956092522332408 0.00013022873427036137 6.531368979585961e-05 0.0033570705031221735 0.0019825582538071933 1.155061103108447e-05 1.7806860783478282e-06 2.1595089405157333e-07 3.524077081056157e-07 4.351965907557498e-07 9.41060922296633e-08 1.0993706546710693e-07 0.0 0.0 3.756263152624173e-08 0.0 0.0 0.0 5.627928549802923e-08 0.0 0.0 7.66152734561265e-05 1.369277789327441e-05 1.584778102099392e-05 0.0 0.0 0.0 1.3614800480838155e-05 1.2665180891035506e-06 1.8409262953255468e-06 0.0 1.718604172599669e-07 3.936383538541612e-07 2.832857869978777e-07 4.003126201850925e-07 0.0 5.038880196567339e-08 4.374011318430656e-05 3.870652544126186e-06 8.713038306382423e-07 3.810996039346613e-07 1.100293170615401e-06 0.0 0.0 0.0 5.964093151442225e-06 6.399493857094982e-06 1.5501889078478366e-05 6.112898049996063e-05 3.3633952153562146e-05 2.6973855469578057e-05 3.0580954831768417e-07 2.6526392815286522e-06 0.0 1.7150677107055144e-05 1.1293692567768307e-05 6.793396417457142e-06 1.1807868836551628e-06 1.6915134488445985e-06 4.541554548949381e-07 3.856339146225565e-07 2.452575282192463e-05 1.7618915434945784e-07 6.480500075166833e-08 6.632863124250815e-05 5.039715016698381e-05 3.833066530179994e-05 1.7725925478328007e-05 1.5657711314906499e-06 8.480096433414521e-07 7.266633621128065e-06 6.436135425117768e-07 2.0845577669014546e-06 2.1908300241590715e-05 0.0 8.907563622148025e-06 5.7468649451991935e-06 2.3040302948031523e-06 1.1735076819598353e-07 2.4742174313080597e-06 6.28948406628547e-08 9.491881866900876e-07 1.6142466712793452e-07 7.768758912835697e-07 4.302068522058865e-07 3.106776981585984e-07 3.130214225544346e-05 6.1912264597952924e-06 0.0 2.1869036219570046e-06 5.5278332384248524e-05 4.744630525014619e-06 7.699311767051864e-06 0.00010327340988039109 4.7383094246911426e-05 2.030446734601463e-06 9.789633397822032e-05 3.5850596017504467e-06 2.6328467814359705e-05 6.164841031312846e-05 1.7410357036108135e-05 2.4550951206163966e-06 4.232991171165384e-05 5.8285283915153996e-05 3.26109560395219e-05 1.0089036505523984e-05 1.1394128218911393e-07 3.7758977742717737e-07 8.07822886258213e-08 0.0 0.0 0.0 0.0 0.0 0.0 0.0 0.0 0.0 8.265239264905815e-07 0.0 1.7716594588075473e-07 0.0 1.3410311984109033e-06 0.0 3.3785647927204615e-07 3.775639483956138e-06 9.401482572821226e-07 0.0 0.0 0.0 1.2673031521786741e-05 3.1120993009241416e-07 3.687697970259776e-06 7.363187404911401e-06 3.856801260323981e-06 0.0 0.0 0.0 6.637501421253737e-08 0.0 0.0 0.0 3.1720575002115667e-07 1.0554255283959355e-06 0.0 0.0 0.0 0.0 0.0 6.166433118744773e-07 5.521922841114215e-07 2.0368643320917026e-07 6.418153831439736e-07 2.448615600312769e-06 1.1402641087575902e-06 0.0 6.041361212414285e-07 3.8506444510972625e-07 1.3672254186864714e-07 4.1368018483084966e-07 7.048070959787986e-07 1.4070376056669492e-07 1.2263190895714606e-07 0.0 0.0 0.0 0.0 1.2072844599808614e-05 8.87534506840074e-07 0.0 0.0 0.0 3.7957484715417857e-06 0.0 2.261794278244863e-06 3.2810563170450237e-06 1.722350950436899e-06 1.7809277845432872e-07 1.476826669806178e-07 3.089103468147241e-07 2.8433376378340865e-07 0.0 5.09250343724196e-08 0.0 0.0 0.0 0.0 0.0 1.7505603861002732e-05 2.970367910265224e-06 1.1199411860216671e-05 0.00020072472380606996 4.059831741182979e-06 0.00030625788789254545 2.8734590175217385e-05 0.000195535234843864 1.7947286605084127e-05 1.39280552567383e-06 2.6951312238037885e-05 6.802071254565116e-05 0.0 7.426478646113807e-06 1.3870850497199758e-06 3.6839727023206595e-05 6.626708032598037e-07 6.697020194570916e-08 6.363286906962302e-07 1.777697811463981e-05 0.0 5.4947996089777075e-05 3.2325602177053054e-05
4.399580498930683e-05 0.00010630337609450224 0.0010689108404232856 3.998569250927847e-05 7.138026049867752e-05 1.5818042882543669e-06 1.6415442564219936e-05 0.0 0.00019334972996629438 6.694681589465721e-06 0.0023610444439206672 1.5415971688265164e-06 3.5637283798460736e-05 0.0007769787912103868 5.920178488862365e-06 2.6171224035856906e-06 5.70590333908087e-07 1.8713482642260656e-06 5.864380415182117e-07 5.954141117336381e-06 1.0609555574222686e-05 6.399607257042438e-08 1.6665043796305849e-06 4.316971348013321e-07 2.1134279999322168e-07 2.3379274851812284e-06 0.0 2.1425736051102116e-06 1.695094601468039e-07 0.0 0.0006944154795649764 0.0016721708161255458 1.9676069602293776e-05 7.086341556073017e-07 4.9007633991048794e-08 1.3672144001694797e-07 7.324995832052919e-06 3.2333627883274557e-06 1.0050702640413547e-06 1.4696229386917208e-07 9.220348558466818e-06 1.0493664167908843e-05 2.8166311222538847e-05 4.546368276081091e-06 8.618093999254193e-07 1.634685557020031e-06 1.6683051177069956e-05 6.741090443619115e-07 1.8490156460037172e-07 1.1366322934938645e-05 1.826584806467119e-06 0.0 5.1716811856334985e-08 9.11519846266459e-07 1.5263263494466285e-06 1.1604399618379696e-06 5.45166894581045e-06 6.0527831282687595e-05 8.75980887778893e-06 6.471098750922589e-06 5.323367377235524e-05 4.927638936231523e-06 7.839398124426553e-07 0.00027338195360120945 2.341647871792108e-06 2.2769693805189083e-06 2.494709631645734e-07 4.7036459709565076e-06 1.3419284900900026e-05 3.033487746540837e-05 2.140253725223381e-06 0.0 2.53261689859349e-07 2.2398929538889845e-05 3.886953808328546e-05 1.365583034228687e-05 0.0002684699153261682 0.00011643929558534812 0.0007213431329716709 0.0012395938440778807 7.16239413939366e-05 0.00035003432054106845 4.462775558183557e-06 0.0 3.1785048132648178e-06 2.040822305475211e-06 9.147853462374116e-06 0.0 4.0410454263938254e-07 0.0 2.462883772209556e-07 1.0780564291421818e-07 3.172833051364082e-05 6.148944444058822e-06 2.050754822406782e-06 4.0889867434030213e-07 0.0 5.10510117066023e-08 7.66086058603807e-08 2.620270281826837e-05 0.0 0.0 0.0 3.297336786300771e-07 0.0 1.4576771759322547e-07 0.0 2.802674990375932e-07 0.0 0.0 0.0 6.180029499173215e-08 6.540242098663509e-07 5.239019255794221e-07 2.4227026214228884e-07 0.0 0.0 0.0 0.0 0.0 0.0 0.0 0.0 0.0 0.0 5.332512718479156e-08 1.709636101451947e-07 0.0 0.0 0.0 0.0 1.4631686858509216e-07 0.0 7.176479692518405e-08 0.0 4.5707067276744473e-07 0.0 0.0 0.0 4.77980747231761e-07 0.0 4.972100345763179e-07 1.5744389605713953e-07 2.5528789496575043e-07 0.0 2.3372123270837908e-07 0.0 0.0 0.0 0.0 0.0 0.0 0.0 0.0 0.0 1.3640312382579283e-07 6.335294802781853e-08 9.314190938769644e-08 0.0 0.0 0.0 0.0 0.0 0.0 0.0 0.0 0.0 0.0 0.0 0.0 0.0 0.0 0.0 1.0625781987009702e-07 0.0 3.743643945618812e-07 1.2314638292309457e-07 0.0 1.2188330402617014e-07 3.7124281113506185e-07 5.804404248199367e-07 0.0 0.0 7.336892396507965e-08 0.0 0.0 0.0 0.0 0.0 0.0 0.0 0.0 0.0 1.3260929504285286e-07 0.0 2.3694284047950144e-07 0.0 7.994393599579322e-08 4.6064783430873654e-07 4.6523058577800775e-07 1.7002547924064228e-05 2.7953974226765897e-06 6.0588032227416994e-05 8.589450863493098e-06 1.1852717193236099e-05 2.245299727342648e-06 0.0 3.039200225931195e-06 0.0 9.311685478258282e-08 7.86121729227814e-08 4.273332730586703e-08 0.0 0.0 0.0 0.0 6.642563803759233e-07 0.0 5.150164366514212e-06 6.560205835901021e-07
5.605447018827641e-06 0.001666825832389724 0.001216486579273178 2.9742921494572797e-05 0.0028659971964283184 2.2133991924117687e-07 0.0026270045992256245 0.00019334972996629438 0.0 1.3421103845197607e-05 0.001033997668813667 1.8988242886169222e-06 0.00015326453374077102 0.0006973842174859894 2.9081801234553496e-06 3.58266360018856e-07 1.1461634164943208e-07 0.0 0.0 0.0 0.0 0.0 0.0 0.0 0.0 0.0 0.0 0.0 0.0 0.0 5.209597301514687e-05 6.555092079560052e-06 5.4213816156749415e-06 0.0 1.0256927739937558e-07 0.0 4.436444025900504e-06 0.0 4.4893260897523405e-07 0.0 0.0 1.318036066812357e-07 0.0 1.0767112622936706e-07 5.623453529379329e-08 0.0 6.9114463105562365e-06 4.981394996989799e-07 1.2332250390037016e-07 0.0 0.0 0.0 0.0 0.0 1.5247980373162595e-07 4.0230735365233696e-07 9.232771610827646e-07 4.416931406156241e-06 1.8364590849019215e-06 3.880676107814921e-06 6.131759003968895e-08 1.3467025543168513e-07 0.0 1.2882557950556518e-06 6.582094933772377e-07 3.487724645805801e-07 5.9137902000012724e-08 2.1784063545108708e-07 0.0 0.0 4.0726813666644045e-06 0.0 0.0 5.614311152805423e-06 4.114505700751338e-06 6.756733281939447e-06 2.6161876013688607e-06 3.3988995597360985e-07 4.028936702272264e-08 5.551254180925558e-05 6.435068726244131e-08 4.860711246353786e-07 1.056517263093121e-06 0.0 3.922611112262148e-07 6.342699559226196e-07 3.25817234412741e-07 0.0 3.394385442358747e-07 0.0 5.4674920558334935e-08 0.0 1.3548228257083296e-07 0.0 0.0 4.697441409605724e-06 7.969382192060708e-07 0.0 6.735682042116962e-08 2.4986552811936184e-06 0.0 5.413992397843768e-07 1.1594964293245802e-06 1.6115037304242095e-06 2.1548613175276747e-07 3.850628242608347e-06 0.0 2.365961622499789e-06 3.915345915352337e-06 3.2764780011548935e-06 6.557587310380074e-07 6.224739967882263e-06 1.3682582187169506e-05 6.404674920297413e-06 3.8728887083259645e-06 0.0 0.0 0.0 0.0 0.0 0.0 0.0 0.0 0.0 0.0 0.0 0.0 0.0 0.0 0.0 0.0 0.0 0.0 0.0 0.0 0.0 0.0 0.0 0.0 1.3194456857247473e-06 0.0 2.310328917351967e-06 2.580735219313425e-06 0.0 0.0 0.0 0.0 0.0 0.0 0.0 0.0 0.0 0.0 0.0 0.0 0.0 0.0 0.0 0.0 0.0 0.0 0.0 0.0 0.0 0.0 0.0 3.442477199688003e-07 0.0 0.0 0.0 0.0 0.0 0.0 0.0 0.0 0.0 3.3768833106828687e-06 3.071358271742843e-07 0.0 0.0 0.0 1.1315871580977219e-06 0.0 1.8247649543939887e-07 0.0 2.1114886783365017e-07 6.462498573031961e-08 0.0 0.0 0.0 0.0 1.0601203181493428e-07 0.0 0.0 0.0 0.0 0.0 2.9300850635751416e-06 6.972427838957941e-07 7.199096701168517e-07 3.9824727104581625e-05 8.912895172624424e-07 3.681454372995317e-05 4.379286126361783e-06 1.2379776409123968e-05 2.2601174352533446e-06 0.0 5.277829508990995e-06 9.06856041709725e-06 0.0 2.5949079558278157e-07 4.75633718595537e-07 3.441131413047911e-06 0.0 0.0 6.679517655961172e-08 2.270121584440351e-05 0.0 8.927409329782786e-06 5.761522396292875e-06
0.0005569076964780799 0.0002051087986174794 1.7096176216460064e-05 0.0009076210812345935 1.4924209947230932e-05 0.0001438371250294447 0.0005956092522332408 6.694681589465721e-06 1.3421103845197607e-05 0.0 1.916704890700156e-05 0.0011596411994281497 0.0045505484319811 0.0006670787748931328 3.2694764786087937e-06 3.4414474691909784e-07 0.0 0.0 5.389077777980088e-08 0.0 3.7219382810132804e-08 5.75401669520764e-08 0.0 0.0 0.0 0.0 0.0 5.6782969456003376e-08 0.0 0.0 3.37359350455209e-05 1.2969795744127342e-06 6.17525116276682e-06 0.0 0.0 0.0 1.1367464105840047e-05 6.853872289836754e-07 1.6034978888358967e-06 4.2282729435864154e-08 0.0 8.445055952948678e-08 2.0284322241483232e-07 0.0 5.519481926574547e-08 0.0 1.4295689641290107e-05 1.513350821757273e-06 4.283353226620137e-07 4.562822884859209e-07 6.2533105254232e-07 3.5197680896499565e-07 0.0 0.0 4.204949673039237e-06 4.949796222302242e-06 3.874280528264075e-05 5.649184853617405e-05 3.166506543828601e-05 1.1705109940491663e-05 2.6929882831443313e-07 9.753282910219768e-08 0.0 8.882761769919182e-06 6.98120693627874e-06 4.2703495672795864e-06 8.342790717752537e-07 1.3738016515187832e-06 2.908139602233061e-07 4.527373404555268e-08 5.232639392968365e-05 9.81445370982315e-07 3.229734772573935e-07 4.53618563662263e-05 2.18452270668564e-05 9.215527957283036e-06 2.8495876474371977e-06 3.2642361595749284e-07 5.263624449406589e-08 2.865655778601581e-06 2.6649683196453553e-07 6.37559255577248e-07 1.1225581811582514e-05 5.5000016893752454e-08 4.590039492040647e-06 4.678619059257592e-06 1.3662158752394694e-06 0.0 1.2394310027111913e-06 5.942031942457303e-07 1.0912800706702582e-06 1.6092807007975266e-07 5.603110373265528e-07 2.4993854895835833e-07 1.5151243741472156e-07 0.00012512771351948497 2.4889536785713753e-05 4.2184419848267967e-07 5.2761644295184655e-06 0.00047492838734056625 1.7672788720829857e-06 7.818668587737091e-06 1.3741306850958687e-05 4.672467537666924e-05 1.44685848538086e-06 2.862808579724804e-05 8.44163762082561e-06 1.4156959622663684e-05 4.0839422246681996e-05 2.7381359130801504e-05 3.9626250132298223e-07 2.819355874104281e-05 6.792386514343207e-05 2.4788057574582712e-05 6.974743076668441e-06 4.046353158718012e-08 0.0 0.0 0.0 0.0 0.0 0.0 0.0 4.263359407579136e-08 0.0 0.0 0.0 2.284284818109888e-07 0.0 0.0 0.0 7.429014085130063e-08 1.4412326653745361e-07 0.0 1.7670733454384892e-06 7.38770121995899e-07 0.0 0.0 0.0 5.420686738535341e-06 5.775323752439961e-08 8.928969060337881e-07 2.79770641864763e-06 1.0829774741251759e-06 0.0 0.0 0.0 0.0 0.0 0.0 0.0 2.1277880700170255e-07 3.404557349093001e-07 0.0 0.0 0.0 0.0 0.0 2.8955213343058523e-07 2.3152848835212e-07 0.0 4.332691484986662e-07 4.3086338991477313e-07 1.740230879514123e-06 0.0 0.0 8.109758348953319e-07 1.4663548841151668e-07 1.285755098800783e-07 2.5234297092101415e-07 0.0 0.0 0.0 6.654669021989024e-08 0.0 0.0 5.598571536220933e-06 9.046851040002756e-07 0.0 0.0 1.411354454027027e-07 1.30146929766994e-06 0.0 1.3102020076602547e-06 1.7072635392807513e-06 7.660696936018665e-07 4.5412577376479227e-07 9.25520430973899e-08 0.0 1.1556894252751582e-07 5.1890838689330076e-08 0.0 0.0 0.0 0.0 0.0 0.0 9.275658696529714e-06 1.6350506737360559e-06 2.571516239004348e-06 0.00023537791726671692 1.1074367819465238e-06 0.00016183288587838968 1.10643860760569e-05 0.0005452685114485119 1.2651633098510685e-05 2.2248720197622398e-06 1.0499580663906027e-05 8.533212864879079e-05 0.0 2.4020712340516837e-06 1.25440845094592e-07 4.8782064679795884e-05 9.026344077356519e-08 5.5950088521344964e-08 3.420902066945694e-07 7.562625135531772e-06 0.0 0.0001034380183073103 1.54726737811804e-05
0.00010695746107211584 0.0006548950694660691 0.0010553213045348267 9.749638991490757e-05 0.00033891368141422684 7.471951868531336e-08 0.00013022873427036137 0.0023610444439206672 0.001033997668813667 1.916704890700156e-05 0.0 1.583821579004891e-05 0.000295594106824917 0.0018285382187082666 1.9638236287750543e-05 9.344137809251158e-06 2.1233120228679833e-06 5.704153648666786e-07 9.047077357837554e-08 2.7193506484933976e-07 9.442658395187214e-07 0.0 1.2956080006865696e-07 4.394493219898229e-08 2.2985980594974832e-07 9.016539456608827e-06 0.0 2.0609878537379945e-06 1.0996104326260548e-07 0.0 0.0006292967697239188 0.00010223589288852315 0.0005056083778927217 1.000424559902988e-07 4.471649133027038e-08 4.650981256743112e-07 0.00021141862264701292 3.5572296578984323e-05 2.4818396397503592e-05 1.008727259746667e-06 1.8922589011981956e-05 2.9571736255723047e-05 1.5347809044881176e-06 1.4501351325225112e-06 0.0 9.249112728880759e-07 2.440316497138415e-05 2.2257977191815097e-06 8.217905312343171e-07 2.2573941117408185e-06 2.1979922880865146e-06 1.1885764242423073e-06 2.6597213143750426e-07 4.009238949530719e-06 1.6442131121495595e-06 1.4338727749540688e-06 9.704743027926308e-06 6.616977296015187e-05 1.6428847353923663e-05 9.987717566861261e-06 1.0649997463188705e-06 5.3698414115513914e-05 4.110795362276693e-07 1.862664356875242e-05 3.2297190179727936e-06 2.5323583547267534e-06 6.829294204280395e-07 1.5731709421233878e-06 2.2333775104027307e-06 8.028953635141213e-06 6.887349565784387e-05 9.91322732723719e-07 0.0 3.17749021632525e-05 2.3295869170110423e-05 2.7638099948703524e-05 1.3607005997569663e-05 3.8686129133324615e-06 1.1353850718706261e-06 0.00038520163226990175 1.0584364383322001e-06 8.03943444224301e-06 5.933957563815148e-06 0.0 3.7639859654480483e-06 2.2493196924052757e-06 3.0532320130753883e-06 6.353825944994838e-08 1.0834251232897796e-06 0.0 2.301220989294966e-06 2.0302627378887468e-07 3.536946616246523e-05 1.6160511456346995e-05 4.947251176516485e-06 5.503740923284653e-06 2.967028097596763e-07 0.0 1.9301423196302123e-06 5.1516506768090713e-05 0.0 5.784434688677312e-08 5.494342960940195e-07 8.460003259904964e-07 5.15742873390499e-07 1.8601477758003942e-06 0.0 1.353003455695317e-06 2.3124281639570853e-06 1.1346781839214527e-06 1.8047232736698044e-07 3.874794467268503e-06 7.54102874206009e-06 3.770346038140915e-06 1.783654808023735e-06 3.3237100449564085e-07 7.094763615880162e-08 0.0 0.0 2.3204420816175105e-07 0.0 0.0 0.0 7.635163025415896e-08 2.64025028014164e-07 0.0 0.0 5.571088778639723e-07 6.586380510829971e-08 2.0946610238924873e-07 0.0 1.4812646905505572e-06 4.420650459276146e-07 3.075004148762828e-07 3.203071495282143e-07 1.1832086723031223e-07 0.0 0.0 0.0 3.4980476564753433e-06 8.217350285852329e-07 2.321524394230564e-06 3.5040817062756817e-06 2.160666830138515e-06 0.0 1.555221477439218e-07 0.0 0.0 0.0 9.342907322626653e-08 6.877168565017302e-08 0.0 6.054817826711004e-08 0.0 7.782983943482152e-08 2.5947401425619304e-07 3.595758669396492e-07 4.2582254673184045e-07 0.0 0.0 0.0 0.0 0.0 0.0 0.0 1.5667670050900096e-07 7.678122345009467e-07 0.0 0.0 0.0 0.0 0.0 0.0 0.0 0.0 7.515818588041242e-07 1.733172921501307e-06 9.030806952369342e-07 6.842597341904357e-08 8.734229543975917e-07 7.26771924242648e-07 1.6121090789829936e-07 0.0 6.074472732446701e-07 0.0 0.0 0.0 0.0 1.2312784552036057e-07 0.0 0.0 4.521305707584717e-08 0.0 0.0 3.801703203671088e-07 1.7437039786750555e-07 2.720296331495756e-07 2.397752269635502e-06 1.7368495971544392e-06 3.3967987229586427e-06 7.822616224687375e-05 4.324296664706468e-06 0.00010202452059521541 2.3821000890526782e-05 2.5755676365778756e-05 5.41753680120883e-06 2.5353041020300037e-07 1.3008409780074375e-05 8.64039061008991e-06 4.525777597747801e-08 4.527183648163213e-07 6.470725022859904e-07 2.0651145575537166e-06 0.0 0.0 2.1798623325813986e-07 8.733860980843069e-06 0.0 1.2115561490116551e-05 8.089624356846727e-06
5.468045243609314e-05 1.5992486685020107e-05 2.6175500754277254e-06 0.00014476234322124545 5.363292131827192e-06 7.911264775646333e-05 6.531368979585961e-05 1.5415971688265164e-06 1.8988242886169222e-06 0.0011596411994281497 1.583821579004891e-05 0.0 0.0007112040116844726 0.0001874203493973994 3.6014414319717344e-06 1.4507543418748288e-06 0.0 0.0 0.0 0.0 1.349720626289161e-07 0.0 0.0 0.0 0.0 0.0 0.0 0.0 0.0 0.0 1.128995030063647e-05 2.568467146150395e-07 5.682870450280064e-06 0.0 0.0 0.0 4.008298710677437e-05 2.8377446824328457e-06 2.5542048654038854e-06 5.594307047728391e-08 6.176147350090012e-07 1.3047571386231714e-06 9.368166020725474e-08 0.0 0.0 9.011314444548846e-08 5.354831172272702e-06 7.296412493658322e-08 0.0 5.537693156163514e-08 5.485153611677095e-08 1.4394183663835486e-07 0.0 6.262322795849312e-08 5.059463161938731e-07 6.926008204187359e-07 5.081806135062841e-06 2.4987186689689247e-06 2.5993446712535625e-06 2.4493174548030436e-06 0.0 5.958936225678579e-07 6.275057321651821e-08 2.60970793707325e-06 8.025573185430822e-07 8.909137764422505e-07 6.840095011653503e-08 1.9864324546111656e-07 0.0 6.955443233252009e-08 3.772061800913445e-05 8.802943019301665e-07 0.0 5.511698931362128e-06 4.255393483072833e-06 3.598399366552624e-06 2.8624868468543035e-06 5.784188869319543e-07 0.0 4.226633047059684e-06 0.0 6.460199083662088e-08 1.0314919008731585e-06 0.0 7.763064436825632e-07 5.754611225586102e-07 6.13321144484505e-08 0.0 1.2582700655201812e-07 0.0 6.127613286950844e-08 1.0212713436300739e-07 1.6522746410723265e-06 9.220049856488012e-07 3.983985723127268e-07 7.260045483602013e-05 4.085909471943967e-06 1.2803389029499613e-07 9.57646032887476e-06 5.394137012695615e-05 1.3686056131500776e-07 3.032279410891797e-06 4.9882487649793575e-06 4.163974456548221e-06 2.3651891618534744e-06 2.504029699335583e-05 1.7409936363528599e-06 1.6523084851359233e-05 2.28412992687241e-05 1.101154893144337e-05 7.661333192769713e-07 3.220487597382402e-05 5.5774116206401494e-05 2.9035951726650447e-05 9.642416019650041e-06 1.3625787660791706e-07 0.0 4.3093197705278464e-08 0.0 0.0 0.0 6.811663481502811e-08 0.0 0.0 0.0 0.0 0.0 0.0 0.0 6.197108200510045e-08 0.0 8.769311343880479e-07 4.198245606628259e-08 0.0 1.9706325836421386e-06 4.6149897092268307e-07 0.0 0.0 0.0 9.658226978001788e-06 6.270756093291683e-07 4.0484936809382e-06 4.4952907448074565e-06 1.5189045769061601e-06 0.0 0.0 0.0 0.0 0.0 6.574583185023839e-08 0.0 4.9710518337030995e-08 3.9948682616022635e-07 0.0 0.0 0.0 0.0 0.0 1.2665465995162659e-07 0.0 0.0 2.4868766555637675e-07 2.6764725278574284e-07 5.462571286313426e-07 0.0 0.0 1.344663389931943e-06 1.4080716872260807e-07 0.0 0.0 0.0 0.0 0.0 0.0 0.0 0.0 1.1860399757170353e-05 1.7468302512321172e-06 0.0 6.12905070257655e-08 0.0 1.8260756633348172e-06 0.0 2.6172963803345174e-06 6.902397838667341e-08 4.356403583973221e-08 0.0 0.0 0.0 0.0 0.0 0.0 4.918193941722918e-08 0.0 0.0 0.0 0.0 1.7475598354481364e-05 3.5059641979918565e-06 8.000127357228518e-06 9.842815581347658e-05 5.089585909237197e-07 5.097334707918689e-05 7.1851791247092515e-06 0.00013522655787305527 3.6802291311222944e-06 0.0 8.311770274345312e-06 7.875587966746477e-05 0.0 1.4812074506068907e-06 2.290236445020765e-07 3.2635474290148634e-05 1.3079909982339257e-07 0.0 1.485487787608392e-07 4.959024558959983e-07 0.0 0.0001519335945554554 5.0848190220716435e-05
