0.0 0.00154106001077748 0.00020657639828790082 0.0011446253277833138 5.997207068729557e-05 4.484737597136184e-05 0.00012273710858279354 1.8513302989139424e-05 6.608944210122333e-06 0.0007838869261673087 2.443256461614132e-05 2.2361534048772278e-05 0.00013838182178700257 4.963131529797943e-05 1.7058267290117754e-06 9.460388996604355e-08 0.0 0.0 0.0 0.0 1.0778917620265317e-07 0.0 2.0598819857705806e-07 1.812763724225454e-07 9.066327685603606e-08 4.762120040626591e-08 6.07815517985521e-08 0.0 2.426638964843998e-07 0.0 0.0003557142922160321 4.5241801337186246e-05 3.69450479196078e-05 1.8819924981466134e-07 4.9857346542375246e-08 0.0 1.270317431713471e-05 3.7816436552442356e-07 2.8958387636709953e-07 1.1477002151932691e-07 1.318070096192266e-07 2.251289126000119e-07 4.9315069563281794e-08 0.0 0.0 2.5039773210126067e-07 1.8627174976922904e-06 2.6582000105460275e-07 1.1587864664548532e-07 5.495345022826991e-08 0.0 1.1439292010230402e-07 4.618040874214444e-08 0.0 2.047304758168382e-06 1.64099525654673e-06 0.00013038790531538013 0.00017223573174514564 1.0992381987627294e-05 3.816688254637029e-06 2.2239026601452043e-07 4.525221722318531e-06 1.6302716883875417e-07 3.8040814283382072e-06 1.544632982493669e-06 7.963157065108346e-07 1.200946200982655e-07 1.2179457902030356e-07 2.080992538947218e-07 1.4801845183145e-07 4.778376824153805e-06 1.1066116899772762e-06 0.0 4.886424567105289e-05 1.3962789480302617e-05 1.4508268158436937e-05 7.988835246878583e-07 2.028755428745799e-07 6.815820677812009e-07 1.6019370664404657e-05 5.935938539963284e-07 2.972401064300373e-06 1.4320047293004715e-06 2.018110194338242e-07 7.553952357780854e-07 3.400160249238898e-07 3.43406625224264e-07 0.0 2.2665536402340845e-07 1.1562561995708223e-07 2.732625677489861e-07 0.0 5.535850088943252e-08 0.0 0.0 1.80750916302472e-05 8.476799278126305e-07 0.0 4.2085449894125586e-07 0.0003349689494349179 8.022558218235052e-08 8.397132416643396e-07 8.486539379717103e-07 6.9294259149205095e-06 4.0847875856453344e-07 1.6402405185720426e-06 8.95353439910091e-07 6.598661824778512e-07 1.373481203438943e-06 1.452955675087284e-06 3.520488959498181e-07 3.3176769357855734e-06 3.0929127587894055e-06 1.5213766372751917e-06 9.258944379161691e-07 0.0 0.0 0.0 0.0 0.0 0.0 0.0 0.0 0.0 0.0 0.0 0.0 3.404492348210895e-07 0.0 0.0 0.0 6.108577586630762e-08 0.0 0.0 0.0 0.0 0.0 0.0 0.0 1.0158013510537963e-06 0.0 1.0416332976973627e-06 9.834325022862818e-07 3.6718019403369825e-07 0.0 0.0 0.0 0.0 0.0 0.0 0.0 0.0 0.0 0.0 0.0 0.0 1.0067636791334584e-07 4.979823721024645e-08 0.0 0.0 0.0 0.0 0.0 0.0 0.0 0.0 1.5325242739101145e-06 0.0 0.0 0.0 0.0 0.0 0.0 0.0 0.0 8.004827450776076e-08 2.387191922580573e-06 0.0 0.0 0.0 0.0 6.113635817261886e-07 0.0 5.016613996607707e-07 4.3255668692036665e-08 4.5882325243902404e-08 1.9599064014621757e-07 0.0 0.0 0.0 0.0 0.0 0.0 0.0 0.0 0.0 0.0 1.6232275948661826e-06 5.350329698988738e-07 1.3153314258980121e-06 0.00015803102344670605 1.5015475799737299e-06 1.751296295875794e-05 8.134180627174927e-06 0.0001041617640159584 2.63766574287495e-06 1.1991859845469852e-06 2.829798344144331e-07 1.0375515842576155e-05 0.0 8.242086457263507e-08 1.1289653477685083e-07 1.2722134373773616e-05 5.088634748282342e-07 3.081541609488551e-07 0.0 1.4674240558470615e-07 0.0 5.7487250320808285e-05 4.5060698075987314e-07
0.00154106001077748 0.0 0.0002912368598442983 0.0014260480485127978 0.0008343455939030962 0.00018827834760487642 0.0012124337309665895 0.0002733394249053351 0.001186006569937847 0.001442361904244131 0.0008476922139271106 8.774359552766949e-05 0.0016640462610698719 0.0024458861632822093 1.0112985652485148e-05 1.4309399179675985e-06 2.3454213470690595e-07 5.063304983713344e-08 6.329816920925744e-08 0.0 3.2125257150536485e-07 0.0 2.8532253111663446e-07 1.6049974700623522e-07 5.659327492224166e-07 5.554658589010719e-08 5.678939922561748e-08 4.2839684904349195e-08 7.408058251721988e-08 6.071142127878027e-08 0.0011817535685528472 2.7908197633211257e-05 7.516163525679406e-05 4.612425961837464e-08 9.694197362043613e-08 0.0 3.1441287447787055e-05 1.0359070557451438e-06 1.3094218203758421e-06 6.974179970634955e-07 1.5302921413288165e-07 1.1623533143094321e-07 1.0922481967832423e-07 6.824064587134421e-07 9.730621472723139e-08 2.784754777342806e-07 4.053555248250549e-05 1.6530876026971244e-06 2.925881897984262e-07 4.8152297010310236e-08 4.473497388621598e-07 6.025283284469997e-08 2.0458623847910986e-07 2.01386751127091e-07 9.406939162874136e-06 8.834194936961125e-06 9.239634273481284e-05 0.00011249260598723868 3.1541245927916725e-05 3.822298911291122e-05 3.96963615787509e-07 8.011758941222949e-06 3.5896518230593113e-07 4.635532657007711e-05 7.633429572871726e-06 4.823082547862207e-06 5.025822242914053e-07 1.5413039640106662e-06 3.249764458816121e-07 3.943733047687096e-07 1.8755344205456823e-05 0.0 0.0 0.0001590229592626603 0.00010530176639559733 0.00010649595753319655 1.2702355873714918e-05 8.369868829918069e-07 4.204838835642872e-07 7.828912650409046e-05 4.5879562834362875e-07 2.7455866212538482e-06 9.362660240923097e-06 8.689550096408163e-07 4.4789840941713335e-06 2.731375876843316e-06 1.0995968259732375e-06 3.720567003864563e-08 7.283361574519862e-07 4.337346737249954e-08 1.0609895446941503e-06 9.671505705358819e-08 3.150137291708959e-07 6.124735650257473e-07 2.3261966227393143e-07 1.0397737378207348e-05 3.1268195882128725e-07 0.0 1.7045544592322175e-06 0.0003871508692610572 0.0 6.427189215361307e-07 6.177423870471856e-07 2.0822909594919244e-06 2.8986506567850577e-07 1.6662601773113176e-05 9.793821176054351e-07 1.7385919408724426e-06 2.545247092944747e-06 3.0468917237364267e-06 1.7310712538052912e-07 6.870486815094191e-06 7.642883401315018e-06 4.994721911167673e-06 3.2790286485080864e-06 0.0 0.0 0.0 0.0 0.0 0.0 0.0 0.0 0.0 5.215513207427935e-08 0.0 0.0 2.1445609474065267e-07 0.0 0.0 7.673052446092525e-08 0.0 0.0 4.5495669195551575e-08 6.123174360500915e-07 1.5035769382824388e-07 0.0 3.513820091014633e-07 0.0 3.226662474577003e-06 7.120744357282195e-07 3.2617156802506207e-06 1.3479294029212286e-06 1.3604117412815684e-06 0.0 0.0 7.900528539737837e-08 0.0 0.0 3.000202196413168e-07 0.0 0.0 0.0 0.0 0.0 0.0 2.2196842954943672e-07 0.0 2.652276240731687e-07 0.0 0.0 3.2135477998093496e-07 1.0563683715536998e-07 9.459601188292808e-08 2.7228644073610283e-07 0.0 5.086003441426039e-06 1.6855643161735723e-07 0.0 0.0 0.0 0.0 0.0 3.139994479850565e-07 0.0 0.0 1.4149718590739389e-05 0.0 0.0 0.0 0.0 1.2918343351301589e-06 0.0 2.4977690324991975e-06 0.0 8.47809635065851e-08 0.0 8.866864511060434e-08 0.0 0.0 0.0 0.0 0.0 0.0 0.0 0.0 0.0 2.9369373854328895e-06 6.533689864347191e-06 7.749023257125585e-06 0.00016598919788165327 5.896301180688531e-06 0.00019512872049849955 2.8981761695934745e-05 0.00023408149875699173 2.0378411244582676e-05 5.4294083630063655e-06 5.720185203342123e-06 7.770234210137904e-06 8.295603230991452e-08 1.1063662399320072e-06 5.744651230593861e-07 1.2298732981331814e-05 5.2509696618967587e-08 0.0 0.0 3.5780729883850446e-06 0.0 7.419274972981557e-05 1.955991024636473e-06
0.00020657639828790082 0.0002912368598442983 0.0 6.216500149347892e-05 0.0001079283160277177 5.1416295234745394e-05 2.5275266147500432e-05 0.001054847364190563 0.00023091847781547185 2.010752817630938e-05 0.001141144200504373 9.78747167239305e-05 0.0002743888237372649 0.000823722409945353 2.4239762269424207e-06 2.3244905638913558e-06 3.1987128206143806e-07 5.172690101722579e-08 5.075355809046495e-08 6.017106064509812e-07 2.4636790765934056e-06 8.978459895397911e-07 2.653981818630461e-06 1.6925979338088283e-06 7.942727427593589e-07 4.097375583799686e-07 1.3873759743963677e-06 8.643870626724039e-07 1.7318078511896232e-07 0.0 0.001290184529680495 9.535576792560272e-05 0.000438082004062989 9.832585172254225e-07 1.516380791172402e-06 1.0384236155774257e-07 8.834824223066784e-05 2.8114954605350467e-06 1.7059099162858078e-06 5.569552230458289e-07 1.2979490011270252e-06 6.862866754442084e-07 8.854204641485739e-07 4.827500272723819e-07 2.456502048040146e-07 7.002122373103189e-07 8.04595345277181e-06 5.317855332679786e-07 1.7745378830669456e-07 7.157516207769743e-07 4.63220042463259e-08 6.114595547971946e-08 1.5574608828428409e-06 6.206443192676714e-07 1.4796793049052829e-06 1.4525515151982015e-06 3.42655329084513e-05 6.003552618107953e-05 6.137201998750918e-06 5.02254189852067e-06 1.3157471692111071e-06 0.00010740264589541823 2.5695671724408816e-07 1.2253166883563476e-05 1.42957995963608e-06 8.379795688818839e-07 2.8529006027277027e-07 1.4336086982166733e-06 8.5000042295214e-07 2.19104777497045e-06 2.221509667674022e-05 4.2166201600845766e-07 0.0 3.142412019358453e-05 2.0670244581249568e-05 2.0180858332459738e-05 4.917230650415124e-06 1.982253099038101e-06 1.5261949098265544e-05 0.0005678654047585979 4.060013974455485e-06 5.194539778282854e-05 1.3743948036709168e-06 1.3698606687849382e-07 1.0431429904125672e-06 6.451092017248713e-07 1.1326793660734459e-06 0.0 0.0 5.795227677453766e-08 1.5271728133031494e-07 0.0 1.955015724043315e-06 3.0037186462123913e-07 3.0423071975690243e-07 2.5015574184184802e-06 0.0 0.0 4.1864259670838847e-07 0.0001509071866539089 1.944325002681226e-07 0.0 3.4892261109581083e-07 0.0 0.0 5.676373550619244e-07 1.0521917004553787e-07 0.0 3.093700546779158e-07 5.369899047117709e-07 4.728075138143673e-07 2.146691620031759e-07 7.480896989575995e-07 6.944204338555778e-07 2.562357574821742e-07 0.0 0.0 0.0 0.0 0.0 0.0 0.0 5.40695773976306e-08 1.1734966359495619e-07 0.0 1.5141834257979745e-07 0.0 1.000539011252058e-07 4.6344344674627595e-08 2.845687550403155e-07 7.672449566129261e-08 4.2440419519957667e-07 2.540194623542935e-07 1.999387282903764e-07 0.0 0.0 0.0 0.0 0.0 3.710980873752025e-07 5.448986398703346e-07 6.818591385418469e-07 1.313799267436761e-06 1.0750415115215476e-06 6.860817335133245e-08 0.0 0.0 0.0 0.0 0.0 0.0 0.0 0.0 0.0 0.0 8.549352020564032e-08 1.1106345792674392e-06 5.196683335604471e-07 0.0 0.0 0.0 0.0 0.0 0.0 6.658312665045059e-08 0.0 3.4010482101376026e-07 3.0310980333081877e-07 0.0 0.0 0.0 0.0 0.0 0.0 0.0 0.0 1.729217394531282e-06 0.0 0.0 0.0 0.0 2.8540988097198635e-07 0.0 4.335063718890184e-07 8.48014478774718e-08 1.9081785554814118e-07 0.0 0.0 7.034470473316464e-08 0.0 0.0 0.0 0.0 0.0 0.0 0.0 4.559172355374387e-08 2.3412119240086892e-07 1.5838524070882664e-06 3.539402868724168e-06 4.248766406602643e-05 8.614019397909188e-07 3.3370767198605176e-05 9.261981627451235e-06 0.00010220164444562476 3.7647605674963072e-06 1.169679779193362e-06 6.185957263785613e-07 6.356234308044202e-07 0.0 2.6312198112730993e-07 6.003360130390061e-08 2.009241850400395e-06 0.0 0.0 0.0 5.002220948747603e-07 0.0 2.6084462861988666e-05 1.0502090517959584e-06
0.0011446253277833138 0.0014260480485127978 6.216500149347892e-05 0.0 6.145883293761018e-05 0.00031734801024120736 0.0003948783641996743 6.20723198320843e-07 2.8143106898107033e-06 0.0012451092060956175 2.7964887147420044e-06 2.2506829847272094e-05 0.0005776894346272547 2.2510235722789513e-05 3.3269199492987935e-06 1.0101902049831043e-07 4.547246847786411e-08 0.0 0.0 0.0 9.636124441537099e-08 0.0 0.0 0.0 6.59418588135685e-08 3.752601267800329e-08 0.0 0.0 0.0 0.0 0.00015032384638588377 7.54479054677954e-07 1.1566116311788288e-06 0.0 0.0 2.5774237483217246e-07 5.076513812751219e-07 3.370454287399469e-08 2.5306133029222385e-07 0.0 4.741461240986471e-08 0.0 0.0 9.059295666616339e-08 0.0 1.0581441578724659e-07 5.866268833862249e-06 5.355207302718505e-07 3.1929570104482327e-07 4.3902379383418566e-08 4.946752029376811e-08 6.161487416036133e-08 0.0 0.0 2.477796127361107e-06 2.81712726032493e-06 4.8412558773091385e-05 3.8193857932764414e-05 1.2187158457318458e-05 8.658612609991192e-06 0.0 4.6766895112162145e-07 0.0 9.711575576815753e-06 2.8419334575154903e-06 1.5958618843394405e-06 2.8548097000316045e-07 4.833259402116733e-07 1.7353915322656485e-07 0.0 1.0703735101879956e-06 0.0 0.0 6.247134959879309e-05 3.0506411625939926e-05 2.789490855001199e-05 1.3093726788849037e-06 4.272095819517882e-07 1.4304682931010542e-07 5.288080039644583e-07 3.1173505793875796e-07 9.493118943374141e-08 3.1542238593485008e-06 2.448925540384935e-07 1.3440049354785518e-06 8.068199618420374e-07 3.1147596858106134e-07 0.0 1.4176988213038278e-07 0.0 2.782103257072904e-07 0.0 0.0 2.5436842485707587e-07 0.0 6.171295121470004e-07 0.0 0.0 2.2481347767451253e-07 9.398541509338888e-05 1.2212378196294159e-07 2.554655705390798e-06 1.8565428688478418e-07 1.4359223449107568e-05 0.0 3.2230300584459695e-06 7.4586192201468856e-06 1.0185996353381263e-07 6.999855408962666e-06 7.220555809214085e-07 0.0 1.0025230756633025e-06 5.364631407147433e-06 6.166855486324784e-07 6.395444943461807e-07 0.0 0.0 0.0 0.0 0.0 4.302452180454761e-08 0.0 0.0 0.0 0.0 0.0 0.0 2.488061764157636e-07 0.0 0.0 0.0 0.0 0.0 0.0 0.0 0.0 0.0 0.0 0.0 1.0210204016086043e-07 0.0 4.951230208196086e-07 5.476697742345205e-07 0.0 0.0 0.0 0.0 0.0 0.0 0.0 0.0 0.0 0.0 0.0 0.0 0.0 0.0 6.113988603649375e-08 1.1115913633170068e-07 0.0 0.0 3.8141481994210105e-08 4.722760785137144e-08 2.1290671694382157e-07 0.0 0.0 5.607004624041456e-07 4.4810292899334594e-08 0.0 3.175313897671557e-08 0.0 0.0 0.0 0.0 0.0 0.0 5.811782422548446e-07 0.0 0.0 0.0 0.0 6.179525720015697e-08 0.0 0.0 0.0 4.655905461570245e-08 0.0 0.0 0.0 0.0 0.0 0.0 0.0 8.387427268542604e-08 0.0 0.0 0.0 3.307175261322528e-07 7.556851058835694e-08 4.346035931003661e-07 4.802758591479349e-05 1.6563783247545957e-06 3.2279981493777766e-05 9.26059675459719e-06 8.26453930134047e-05 1.4278097651983212e-06 1.695725156852441e-06 4.785313611815635e-07 3.115045505104659e-06 0.0 1.0893884458383886e-07 2.0560138672826724e-07 6.233022524191596e-06 0.0 0.0 0.0 3.862447080936546e-07 0.0 2.866229005216266e-05 4.7044251055352494e-07
5.997207068729557e-05 0.0008343455939030962 0.0001079283160277177 6.145883293761018e-05 0.0 4.05532041507585e-06 0.00012443079727209548 1.9018030006317675e-05 0.0020379133882687892 0.0006441346636393876 0.0001396403902286235 3.3107289105089674e-05 0.0002858763141648228 0.0007823515156970226 4.6027629137251185e-06 9.300291377307555e-07 1.666854647776489e-07 0.0 4.044254610928526e-08 0.0 0.0 0.0 4.672338343625153e-08 1.2735751501573126e-07 5.174379181709547e-08 9.5610943366256e-08 0.0 5.578428317000611e-08 0.0 0.0 0.00016268796437832195 2.3352887973792084e-05 5.891921339042589e-06 0.0 0.0 0.0 8.287515867241525e-06 1.5427063847360021e-06 6.211600444648321e-06 8.153249181885425e-07 0.0 1.0548570395469104e-07 0.0 8.264272101215087e-08 0.0 7.620889781405673e-08 2.2386880697367212e-05 7.543316776226642e-07 1.646766789009448e-07 0.0 0.0 8.181941390905725e-08 0.0 1.3710647352284277e-07 2.7691351837453074e-06 3.300821348508778e-06 1.3808510661967225e-05 1.4528642100681377e-05 9.111732089611006e-06 1.4663413488014817e-05 4.275912930296538e-08 1.5732429085598806e-06 2.6296884284270817e-07 1.7311427861903257e-05 2.7015942332467003e-06 1.710947311995055e-06 1.5537576181552254e-07 5.606809094489325e-07 4.05425801526283e-08 3.928510802789881e-08 3.5844564497683194e-05 0.0 0.0 3.654252895801586e-05 2.745621222838077e-05 4.311255995237348e-05 8.646614631489879e-06 4.102635440521895e-07 1.454250654474447e-07 1.7128729766435654e-06 1.6318152981811286e-07 6.123507942790702e-07 2.721793113375067e-06 4.711679783672994e-07 2.263703030710696e-06 1.4790279134267706e-06 3.871297426536613e-07 0.0 2.7846920507308974e-07 0.0 3.3282126560317134e-07 7.417602044758454e-08 2.373233385212651e-07 1.9278499867682086e-07 1.0953553317310007e-07 1.64372938525816e-05 0.0 0.0 4.394602873950054e-06 1.0642458514505271e-05 6.347342438239922e-08 2.2699362032639372e-07 1.6049621440060777e-06 5.78408950400209e-07 1.0371775981719983e-06 4.056368891071291e-06 1.6341482776776302e-06 4.5038792432522045e-06 4.53606373945567e-06 5.259952776567389e-06 1.258233880497912e-06 1.919696829169886e-05 1.965858771495538e-05 1.0113209466591058e-05 6.75046687421115e-06 4.613099968088532e-08 1.1070363003675843e-07 6.252161917297779e-08 0.0 0.0 0.0 1.438139940633614e-07 0.0 1.2492661832969054e-07 0.0 0.0 0.0 2.0688717388947376e-07 1.280908710735192e-07 0.0 1.0658125200479227e-07 0.0 6.35508504271198e-08 0.0 1.1396291325893167e-06 6.810541278295486e-07 0.0 0.0 0.0 9.2046407759554e-06 1.4693043876479971e-06 5.2114793138849595e-06 2.866268050161303e-06 3.360452308977887e-06 0.0 0.0 0.0 0.0 2.592775375323416e-07 0.0 0.0 0.0 0.0 0.0 0.0 0.0 8.742099518752352e-08 0.0 4.1845054895739346e-08 3.0623261993155416e-07 3.9269277348413945e-08 5.8484748486812814e-08 6.971387213879278e-07 2.6928470817293344e-07 0.0 3.795042662427823e-07 1.0704020474094475e-05 1.2475207780639284e-06 0.0 1.759337450231323e-07 0.0 0.0 0.0 0.0 0.0 1.1420655906736699e-07 3.301217582558523e-05 2.94081161062065e-07 0.0 0.0 0.0 6.5681719056079716e-06 0.0 5.942194052944827e-06 4.179794219748636e-08 4.8322143198613076e-08 7.782143914142121e-08 3.9206917883629286e-07 0.0 0.0 0.0 0.0 0.0 0.0 2.958893945159328e-07 0.0 0.0 8.098840823205064e-06 1.928929470438165e-05 1.94119779894332e-05 0.0001413132007241701 2.903654973690028e-06 0.00012495389406885014 2.1506788408433764e-05 4.131045020770201e-05 1.6172346520273823e-05 1.950266872442329e-06 7.586860093174411e-06 1.5955218261704976e-05 4.186260954096186e-08 2.449280731518349e-06 4.2756924726740156e-07 2.4384964987322053e-05 3.5222320615942197e-07 0.0 0.0 2.4371371913755683e-06 1.2158352293824204e-06 2.0979861396728625e-05 4.313652684243316e-06
4.484737597136184e-05 0.00018827834760487642 5.1416295234745394e-05 0.00031734801024120736 4.05532041507585e-06 0.0 1.144507023195114e-05 8.345490023816976e-07 6.254287848170492e-07 0.0005160081697165296 2.5806865651656153e-06 3.4515986820159026e-05 4.830720442584242e-05 7.009606470775717e-06 0.0 0.0 0.0 0.0 0.0 0.0 0.0 5.407550729785355e-07 0.0 0.0 0.0 0.0 0.0 0.0 6.852651359900469e-08 0.0 1.13706057266672e-05 0.0 4.975626853447556e-06 0.0 0.0 0.0 4.689822187708613e-06 6.125561866764433e-08 3.5284207361870264e-06 0.0 0.0 0.0 0.0 0.0 0.0 0.0 7.206256038399985e-08 0.0 0.0 0.0 0.0 2.2019822156381383e-06 4.174567047249155e-07 0.0 0.0 4.816027500892527e-07 0.0001500267932670774 5.136223518488335e-06 3.0596524944177787e-07 5.244799896735609e-07 0.0 2.293808556326229e-07 0.0 3.0597094631873413e-07 0.0 9.139700886705945e-08 0.0 0.0 0.0 4.2755308805220635e-08 4.994787165133677e-05 6.896234384961234e-05 9.047795822765123e-06 2.263461340197782e-06 1.5390564071858138e-06 1.3157502818329404e-06 0.0 0.0 0.0 1.5698731110052052e-06 0.0 7.002686506174432e-08 0.0 9.886809381588499e-07 0.0 2.562925636773646e-07 0.0 1.011599793883464e-05 8.995118010697525e-07 5.562947663525883e-06 1.4669674928187006e-07 1.3143851448302766e-07 0.0 0.0 2.027522302133294e-07 0.00015364501508725975 6.47327805408836e-05 6.1611967127369935e-06 2.103266496007306e-05 0.0004115415536689818 0.0 3.538759094532382e-06 6.478196653655632e-07 6.463762352548609e-06 5.832742696039853e-07 6.6835325090167074e-06 6.01267780279671e-06 5.5837032321740385e-06 5.481302949327528e-06 1.8363526539335092e-05 6.90520847065767e-07 1.6440324875627477e-05 1.5288879139957705e-05 4.531446498582845e-06 2.4539795169866553e-06 0.0 0.0 0.0 5.738312421955371e-08 0.0 0.0 0.0 0.0 0.0 0.0 0.0 0.0 6.33186671280085e-08 0.0 2.921164328402045e-07 0.0 3.0481765388383664e-07 0.0 0.0 6.170580031320316e-07 0.0 0.0 0.0 0.0 6.994372994698961e-07 1.5642502358709577e-07 3.526549393394082e-07 6.168865718436004e-07 6.638496881263684e-08 0.0 0.0 0.0 0.0 8.170277357099568e-08 7.138497072281403e-08 0.0 0.0 0.0 0.0 0.0 0.0 5.093956213917651e-07 0.0 3.401960184625856e-08 0.0 0.0 7.279356250035817e-08 0.0 0.0 0.0 0.0 1.545901733215464e-06 0.0 0.0 0.0 0.0 0.0 0.0 0.0 0.0 0.0 6.586564821549746e-06 5.411764996207229e-07 0.0 0.0 0.0 7.45767605170098e-07 0.0 7.165477305423994e-07 0.0 0.0 0.0 0.0 0.0 0.0 0.0 0.0 0.0 0.0 4.597053200167397e-08 0.0 0.0 5.480297023787025e-06 1.7563415703455495e-06 1.2709504817545393e-06 0.00012280625843363098 8.24579992687994e-08 2.6505809456619485e-06 0.0 0.00010366583745098283 1.7150609296392405e-06 0.0 0.0 3.113582750997651e-05 0.0 2.579994116884211e-07 5.759301450788848e-08 4.7220131421790136e-05 0.0 0.0 0.0 0.0 0.0 8.329929178162327e-05 9.932007522748248e-06
0.00012273710858279354 0.0012124337309665895 2.5275266147500432e-05 0.0003948783641996743 0.00012443079727209548 1.144507023195114e-05 0.0 4.811844462297967e-07 6.537561750496173e-05 0.0012930780855646715 1.065016220612397e-06 4.5978176844756916e-05 0.002716538896605075 0.0006687082981025738 2.4309182406929212e-06 4.315131626693427e-08 6.017957954219705e-08 0.0 0.0 0.0 0.0 0.0 0.0 6.198813814480907e-08 0.0 0.0 0.0 0.0 0.0 0.0 0.000146394701407564 7.967428242721358e-06 1.7268156189796468e-06 0.0 0.0 0.0 1.5328730670645922e-06 3.096869968033233e-07 1.71536555675596e-06 0.0 0.0 3.4912998825531005e-08 0.0 1.3086083016047364e-07 0.0 0.0 1.0204538390665862e-05 2.9157953436325524e-07 1.4415555943221248e-07 1.0148622198714679e-07 1.8912246903031893e-07 0.0 5.226505944555893e-08 0.0 1.925430548188436e-06 2.2412062905371713e-06 1.60399898636373e-05 1.989318178878721e-05 7.2151205381313286e-06 1.05079588533e-05 4.008417122775055e-08 9.124477490240263e-08 3.1657535085012705e-08 1.3029501546056715e-05 2.7113250443895246e-06 1.4641345158407546e-06 1.229732127354547e-07 3.0885444328281555e-07 0.0 4.705069983877982e-08 6.802345013425004e-06 3.585754170227136e-07 0.0 3.563023887226313e-05 2.7105668229202175e-05 3.0862615235286934e-05 2.8300919263646447e-06 1.0891251092252203e-07 1.9845155889964253e-07 3.0231081803118697e-07 4.338947756118695e-08 4.2527673862865905e-07 3.002909842098077e-06 1.2895907918601178e-07 1.7653834590386648e-06 1.053772008026505e-06 1.5152529958181976e-07 3.3816797090975166e-08 1.5230482676128882e-07 0.0 3.395307167143589e-07 0.0 4.431352997050165e-08 2.9289536391364245e-07 1.1382661259883207e-07 1.1363240118616215e-05 1.4391289686003183e-07 0.0 2.116110100363431e-06 1.6206300543682725e-05 4.400828405507806e-06 6.348290582139004e-06 4.656414735274405e-05 3.265372099810303e-05 6.894017934710309e-07 4.509645239380158e-05 1.2714496440101474e-05 3.297952186878655e-06 5.3629457259809285e-05 1.653855510212043e-05 1.1373822633185797e-07 8.124971659106105e-05 3.2062421254780406e-05 4.702633939003487e-06 3.3687421252386234e-06 0.0 0.0 5.173618469126683e-08 0.0 0.0 0.0 0.0 0.0 0.0 6.997047885034852e-08 0.0 0.0 0.0 0.0 0.0 0.0 5.93702436742072e-08 0.0 0.0 2.5127533023852947e-06 0.0 0.0 0.0 0.0 2.715339703352099e-06 5.771468855494668e-07 2.1157082808679143e-06 1.1585270350135819e-06 8.168784009882695e-07 0.0 0.0 0.0 0.0 0.0 1.0333244703959859e-07 0.0 1.0842603285490512e-06 9.85970979176105e-07 0.0 0.0 0.0 1.2890442032731975e-07 0.0 4.345094964085714e-07 7.11601496718834e-07 1.64881451483524e-07 5.786181013138472e-06 5.872055915886265e-06 1.0055188742618897e-06 0.0 0.0 2.2033494390119106e-06 4.537845771339899e-06 1.4907744096962152e-07 3.0467971291606175e-07 4.536259191107582e-08 0.0 0.0 0.0 0.0 0.0 1.1206225647773349e-05 0.0 0.0 0.0 0.0 2.1845135214539807e-06 4.0274308729873176e-08 1.8629589511175788e-06 2.868170915447607e-06 4.55529025210351e-06 1.6979376280956112e-06 9.444566445838099e-07 3.01711020207059e-07 0.0 3.109313105648096e-08 0.0 0.0 0.0 0.0 0.0 0.0 4.5159774217581984e-06 3.864064882222242e-06 5.091254600419339e-06 4.894915367627038e-05 1.369464292143921e-06 5.226398243098723e-05 7.991461615538334e-06 2.75491992078332e-05 5.381864944276255e-06 9.901439042899352e-07 1.439512366387295e-06 7.423381390951932e-06 0.0 1.0735455539699114e-05 1.2309355672093104e-06 2.3138244979488885e-05 1.133905478279187e-06 1.295570141787926e-07 0.0 6.874770280620159e-07 7.106308972346025e-07 1.96112225488634e-05 6.0140047043392296e-06
1.8513302989139424e-05 0.0002733394249053351 0.001054847364190563 6.20723198320843e-07 1.9018030006317675e-05 8.345490023816976e-07 4.811844462297967e-07 0.0 4.19780169319201e-05 1.6682664233021536e-06 0.0002127067553975407 1.3707345304212211e-05 3.683770764850319e-05 0.00014917022918835616 1.0897010143744893e-05 1.4005596890807135e-05 1.5469484886321338e-06 7.92858433783062e-07 1.144834299970139e-07 4.315551220986962e-06 2.025022199569223e-05 2.438884574596739e-06 1.7045195240318294e-05 1.66071696632898e-05 2.416679147376251e-06 2.4456768675114188e-06 4.449640049979964e-06 1.1309908788055402e-06 4.5332086184934554e-07 5.944404837478885e-07 0.00038538538963250353 0.000734633353252749 0.0001869768943165454 5.349293138339984e-06 6.762235304472963e-06 6.056146471011948e-07 2.6316675007890122e-05 8.416550313196878e-06 9.651702758178911e-07 1.250205321253166e-06 6.347242173882886e-06 4.12773913865253e-06 3.616216871738209e-06 3.412136436000415e-06 2.5803593910156626e-06 5.137213057886919e-06 4.196584847048086e-05 1.192091713123065e-06 7.101321055130841e-08 4.7003294506657014e-06 6.966875029920503e-07 1.3219714069478145e-06 2.201099609532815e-06 9.22213737196617e-07 1.4741505433976604e-06 1.980944273733579e-06 7.122848428675787e-06 8.723040176589612e-06 3.5577194221285743e-06 1.103605069344652e-05 1.4233680728099012e-05 0.00018303437993651256 1.9333222231988258e-06 4.88238400157782e-05 1.6600308459163139e-06 3.737720381667034e-06 1.7469839859305466e-06 7.347955444540055e-06 7.849243803756139e-06 2.4506038742059086e-05 1.2507066572636078e-05 9.379919017723191e-07 0.0 2.0479902475892663e-05 3.149659207559393e-05 3.496309525800937e-05 2.9867755183940536e-05 3.0194967836923647e-05 0.00028770354727235 0.0005174290174272992 4.445385713717117e-05 0.0003389762321679158 1.7429278772770146e-06 1.0489214492209303e-07 1.0445388099410017e-06 7.581881212384743e-07 5.346078443510242e-06 5.5207045926975424e-08 2.3711598845749462e-07 0.0 2.73266984352762e-07 2.2317325128636299e-07 1.8021057897111654e-05 9.271748398012992e-07 8.122555038820813e-07 4.5993851263174444e-08 0.0 0.0 6.429557720745083e-07 8.43580088346482e-06 0.0 0.0 0.0 0.0 0.0 8.651899870135931e-08 0.0 1.941468164527206e-07 0.0 0.0 0.0 4.920833610102109e-08 7.27310865239402e-08 0.0 3.3800803159724976e-07 5.965106651588293e-07 0.0 0.0 5.704948773830941e-08 0.0 0.0 0.0 6.682454959304385e-08 3.0623459791974825e-07 0.0 1.6117842727050064e-07 0.0 4.375257217996217e-07 0.0 7.054272776972811e-07 9.332973500116204e-07 8.933476074678135e-07 0.0 3.6848891772923753e-07 2.654448098864522e-07 0.0 1.58260366317514e-07 3.093843679965942e-07 3.0598705134247194e-07 5.684823760045939e-07 3.878289750281352e-07 1.0504926018227268e-06 1.8178356720692246e-06 3.5597874358812205e-06 1.143072467951646e-07 0.0 0.0 0.0 1.326949772918636e-07 1.6872500769337788e-07 9.75701745421593e-08 0.0 0.0 0.0 0.0 0.0 2.690279487092072e-06 2.3700490274381374e-07 0.0 0.0 0.0 0.0 7.19451681394673e-08 0.0 2.491461058799952e-07 3.4123125142063156e-07 5.181415976318994e-07 0.0 0.0 0.0 0.0 0.0 0.0 0.0 0.0 1.2341394508433085e-07 1.0738103832190333e-06 5.696611147156935e-07 5.569736955588609e-07 0.0 4.2546230033959984e-07 1.859194897162656e-07 0.0 2.483863822912296e-07 0.0 0.0 0.0 9.43067446574073e-08 0.0 0.0 0.0 0.0 0.0 4.233884745531508e-08 0.0 0.0 0.0 2.0624614991414984e-07 2.7825715525517865e-06 3.3433872293812713e-06 0.00013907316669985184 3.3185283276114502e-06 0.00014749049546317294 4.482350055986917e-05 2.3160064489019626e-05 1.7147782148383092e-05 7.194572868235445e-07 4.346934425366892e-06 1.4599024305903042e-06 0.0 6.930993849904522e-07 1.0930496206984563e-07 6.550951665708002e-07 0.0 0.0 0.0 5.8926020176168485e-06 6.67606863153171e-07 6.07583972113427e-06 4.3129151283475814e-07
6.608944210122333e-06 0.001186006569937847 0.00023091847781547185 2.8143106898107033e-06 0.0020379133882687892 6.254287848170492e-07 6.537561750496173e-05 4.19780169319201e-05 0.0 0.00011217208271420576 8.722540134061515e-05 2.3364709169598545e-05 0.0001026664096931426 0.00038825340024623326 3.0089247992003444e-06 6.23514271754376e-07 2.0743011810088605e-07 7.042125694063505e-08 0.0 0.0 0.0 0.0 0.0 0.0 2.0753018601389e-07 7.641235964076076e-08 0.0 2.1832537834489401e-07 1.0337572569224249e-07 0.0 4.819654707192328e-05 2.0210743654475203e-05 3.902524407105837e-06 4.9566230033371645e-08 4.2720995451805764e-08 0.0 9.251224010121986e-06 1.052450139515587e-06 5.298866703594979e-06 1.935648272962715e-07 0.0 0.0 0.0 0.0 7.427102484629022e-08 0.0 1.5975214367560753e-05 2.1529431465542191e-07 2.9001180598417147e-07 0.0 3.2877286568445044e-08 0.0 0.0 0.0 9.669669292347118e-07 1.2028664210831825e-06 5.266817117024644e-06 5.592596141776905e-06 2.893574407494358e-06 7.134355290320734e-06 0.0 1.3143486536576684e-06 0.0 6.676489221593276e-06 8.151735004827123e-07 4.6105231642904823e-07 1.8013907662847098e-07 3.405272569718411e-07 4.4842458916251096e-08 0.0 3.535094411452843e-05 4.3180276859147207e-07 0.0 1.413114400809767e-05 1.1997246672776683e-05 2.074418092304209e-05 5.2918847744491605e-06 9.016654203902161e-07 4.934205690905317e-08 1.4736903766373845e-06 4.205615433096677e-08 6.226198993288708e-07 1.4177363996925496e-06 0.0 8.14102314879666e-07 3.331394676799628e-07 3.5495512961723325e-08 0.0 2.6648932651853927e-07 0.0 2.624596666831709e-07 1.0243226258029028e-07 8.039992287464912e-08 5.495297943998397e-08 0.0 2.1301075207794106e-05 6.296098183276885e-07 0.0 4.185309927888964e-06 3.1540212205545555e-06 9.680119403638472e-07 8.706090413027314e-07 1.856549033126118e-06 9.512286461846695e-07 3.482568148505357e-07 1.0120139612412395e-05 1.56618154489845e-06 6.300674431699172e-06 5.124308666295666e-06 9.026983417439084e-06 1.134155683624841e-06 1.9466045412720398e-05 2.7079692495687373e-05 1.30074814874901e-05 1.1128489218093715e-05 5.7964408887056875e-08 2.9097379580061286e-07 0.0 3.81052760041465e-07 0.0 0.0 6.25376056529026e-08 0.0 1.0016068877892387e-07 0.0 0.0 0.0 6.565170013857396e-07 0.0 0.0 1.7243470422959017e-07 0.0 0.0 0.0 1.5759474822665493e-06 4.3596958700544953e-07 0.0 0.0 0.0 1.1044245562886978e-05 1.7749029912370588e-06 6.553173254663872e-06 2.9321097123571556e-06 2.8226835985104226e-06 0.0 0.0 0.0 1.5132888603154023e-07 0.0 2.2617297876560962e-07 0.0 0.0 0.0 0.0 0.0 0.0 1.1507683322917195e-07 1.305922268150421e-07 0.0 1.2330409900023737e-07 0.0 1.839440519076419e-07 1.583320358746752e-06 6.798801308709687e-08 3.3855567014365694e-07 0.0 1.2116939954328617e-05 1.7753243162702635e-06 0.0 0.0 0.0 0.0 0.0 0.0 0.0 0.0 4.52674951769007e-05 0.0 8.522752143712877e-08 0.0 0.0 6.303370673469269e-06 0.0 5.664204869027206e-06 1.6867538864022143e-07 1.1038271093577299e-06 6.226500230052375e-07 0.0 0.0 0.0 0.0 0.0 0.0 0.0 0.0 0.0 0.0 1.136993588299745e-05 2.3464450687454697e-05 1.9531300716573553e-05 0.0001355896030475006 1.241045088578048e-06 7.615664406369094e-05 1.9438689419399355e-05 1.8709920698960692e-05 1.0078077327672812e-05 6.289677613277084e-07 5.51342415329575e-06 1.1488287871787964e-05 1.7466787322251013e-07 1.3192725944704575e-06 5.184901130551581e-07 2.592068552419247e-05 2.926493414711047e-07 6.571669432427673e-07 0.0 3.832400505465736e-06 4.735142246099586e-07 2.4695756328126403e-05 5.942440400536109e-06
0.0007838869261673087 0.001442361904244131 2.010752817630938e-05 0.0012451092060956175 0.0006441346636393876 0.0005160081697165296 0.0012930780855646715 1.6682664233021536e-06 0.00011217208271420576 0.0 3.8569627259412745e-06 0.0012494519585492837 0.0032041943656843657 0.0005611471390580115 7.160853131431593e-06 5.527011733203126e-07 2.9620788109787547e-07 0.0 0.0 2.2896192179747473e-07 2.392848660601746e-07 0.0 4.420573300089003e-08 0.0 0.0 0.0 0.0 0.0 0.0 0.0 0.0002415282477922547 7.822752980439013e-06 7.639231764151449e-06 0.0 0.0 0.0 1.0203843761178297e-05 4.2583789455671454e-08 4.4513437074689686e-06 5.1568069242633846e-08 0.0 0.0 0.0 3.2427618048248215e-07 1.1405132086379207e-07 5.340873967070498e-08 2.3322566779724067e-05 7.493278145711492e-07 3.272800502212516e-07 0.0 2.049843119901358e-07 0.0 7.570933386427085e-08 1.5190551023370942e-07 4.20746518736779e-06 5.782736895386976e-06 5.7796904704515175e-05 4.202578223079849e-05 1.7607613226450595e-05 2.3464079486132595e-05 9.538739005673121e-08 5.122844189577707e-07 4.068984205107124e-08 2.4624184982820786e-05 4.588439752523231e-06 2.981063541665595e-06 4.666998893199929e-07 6.118651473729308e-07 1.8426984417543157e-07 3.7055176974556874e-08 3.62773156641962e-05 4.9514023338125666e-08 0.0 0.00010265859741877816 5.7873601467698184e-05 6.519527700884711e-05 5.950655920308787e-06 6.07546030641941e-07 3.0064962632296657e-07 5.229804510826817e-07 1.505056534417005e-07 2.446543453267156e-07 6.609420275301415e-06 3.654353578110238e-07 3.0599799530728825e-06 1.4162849221504274e-06 6.469911016911046e-07 0.0 5.23377386573103e-07 0.0 7.865017114809441e-07 4.660395223813532e-08 1.19553447270116e-07 4.1037730546907813e-07 1.335801439435476e-07 3.800051263844892e-05 4.763326139249734e-07 0.0 5.905893244765652e-06 0.00015508948144700988 1.081457925713961e-06 6.3836293734060065e-06 7.746404695422664e-06 2.756879899462638e-05 2.6834375175458133e-06 3.6201537033005815e-05 1.5740266752047993e-05 2.186182574649183e-05 2.531926772434657e-05 6.51803917704624e-05 2.1463425864026894e-06 6.530875937698693e-05 8.875605909138508e-05 3.308532298395798e-05 1.6407343233246964e-05 1.1769724760254166e-07 2.0840700040720653e-07 4.9297033968875105e-08 0.0 0.0 0.0 0.0 0.0 0.0 2.6279665626084013e-07 0.0 0.0 0.0 0.0 7.614973293568417e-07 0.0 3.7628926319912455e-07 2.8964144462965924e-07 0.0 2.7258116470268436e-06 4.5400078851713057e-07 0.0 4.981629922298863e-07 0.0 1.3595336056327817e-05 2.602778539183128e-06 5.988136703441682e-06 4.8916522689875694e-06 2.748930735444695e-06 6.395307297160082e-08 4.0818235838843605e-07 0.0 0.0 6.74806455674494e-08 0.0 0.0 3.6402865934752165e-07 8.935951709799203e-07 0.0 0.0 0.0 2.7207563596692483e-07 0.0 1.2705203777052403e-07 1.3054037913820118e-07 4.558838061821721e-08 7.224376374698148e-07 7.766465173955869e-07 2.1105172574574657e-06 0.0 0.0 1.7178110028322154e-05 1.2221939703163256e-06 0.0 0.0 0.0 0.0 0.0 0.0 0.0 0.0 6.200556276101659e-05 3.194318333727084e-07 9.052785240406282e-08 0.0 6.294396029600823e-08 9.687896670321452e-06 0.0 9.202115332111075e-06 1.8569505579555855e-07 9.826335169866504e-07 1.968931717730233e-07 4.594428165972286e-07 8.055014836841714e-08 0.0 5.0544524704549824e-08 0.0 0.0 0.0 0.0 0.0 0.0 3.0081533705954833e-05 2.8589605963180126e-05 2.2833777212749572e-05 0.0005480942569023375 5.436440554728898e-06 0.00013556099155665605 2.4639904532561414e-05 0.00035421273533544956 1.5972545539894155e-05 2.7364045155517485e-06 7.733623230378524e-06 7.179850485002335e-05 0.0 2.342965583278017e-06 3.088615863942904e-07 0.00013916872148054646 0.0 1.1839666964711627e-07 0.0 1.7719451131107678e-06 0.0 0.00018138038000030878 3.312457261012916e-05
2.443256461614132e-05 0.0008476922139271106 0.001141144200504373 2.7964887147420044e-06 0.0001396403902286235 2.5806865651656153e-06 1.065016220612397e-06 0.0002127067553975407 8.722540134061515e-05 3.8569627259412745e-06 0.0 5.623934495613232e-05 0.00017936777670799907 0.00048585497880567917 1.1859560611456347e-05 9.355261037555508e-06 1.5486158886491895e-06 2.008757832624943e-07 0.0 6.210243876669855e-07 2.6447238956925314e-06 5.303470013876297e-06 4.248534396716195e-06 3.065957318238564e-06 6.126292885815624e-06 1.7938411240444908e-06 7.716668318627785e-06 3.6800184423298275e-06 4.150271255686821e-07 3.633546971270137e-07 0.00022946695209037025 7.807593191535119e-05 0.00030917775135662085 4.046925165947829e-07 2.3099831923779985e-06 6.229961235216777e-07 5.175801119488257e-05 1.0379717611093173e-05 5.4138292267187605e-06 1.4257230316841193e-06 1.0399860697729205e-05 2.4551217983948077e-06 1.6250222973905376e-07 8.1949348427702e-07 4.0894056461639523e-07 5.213683805436035e-07 4.537990865918744e-05 2.6765596698678076e-07 1.459935778658385e-07 1.1666043293133356e-07 2.3888210498808594e-07 1.552985694714619e-06 1.2145990775318077e-05 4.527416743912427e-06 1.7882902761310237e-06 1.984857103560785e-06 7.533282367604787e-06 8.770961032046383e-06 5.219348316544373e-06 1.3940204960129047e-05 5.935876693962557e-07 6.710972487919688e-05 2.1423023829418957e-07 2.2970385869997127e-05 1.7961550247610311e-06 1.1693212248026246e-06 2.1722033662885432e-07 8.48307939064253e-07 7.14676638384946e-07 2.1933429694732984e-06 6.0727728368914766e-05 7.18776232296053e-07 1.8893258216368664e-07 2.3676579811176686e-05 2.7088218349614626e-05 4.016066632419885e-05 2.254878079904947e-05 7.1951953011539245e-06 5.242813346291258e-06 0.0004542061535545914 5.759221450649902e-07 5.416556205206083e-06 2.0382281056553625e-06 6.048182562175847e-08 1.1657315996011186e-06 7.455246716406305e-07 3.853648386569287e-07 1.2443261916518353e-07 4.852106276509949e-07 9.11854454174783e-08 4.1717898705374716e-07 2.9275359228722456e-07 3.1679783624924498e-06 1.9335142811107192e-07 1.290482376812535e-07 5.702397556529489e-05 7.340798321186483e-07 0.0 3.7308030859950274e-06 8.374457969133282e-06 3.5055224982797627e-07 3.339359703334537e-07 5.83723852095244e-07 1.8949584817161353e-07 3.797430067082357e-07 1.0690123765792452e-06 8.470868565031488e-08 7.648141886315966e-07 4.663141545264176e-07 2.347333363937727e-06 7.790041540051923e-07 6.250532945797933e-06 8.217987299404247e-06 3.6014129577961786e-06 3.424973040852427e-06 0.0 1.1134781066447429e-07 0.0 2.4829729153530967e-07 2.0940807919924368e-07 0.0 0.0 8.678207655031857e-07 0.0 0.0 1.657865368827584e-07 0.0 6.032199841783395e-07 1.0321964752107832e-07 7.275306725644358e-07 7.408216558516836e-07 1.1160821010065285e-06 1.0097193184751665e-06 3.145803939559511e-07 2.3903160905807766e-07 1.2560818428906106e-07 0.0 1.2461118340419116e-06 1.160408179686378e-07 4.046590838525503e-06 2.465816746690571e-07 4.285178839700498e-06 4.090982024854419e-06 4.158626609741318e-06 2.4976994438939995e-07 0.0 0.0 0.0 0.0 7.071160799530327e-08 0.0 0.0 3.64821863096045e-07 0.0 0.0 2.909273266259162e-07 2.4793224636276565e-06 1.0242493725004e-06 4.960566109254207e-08 0.0 0.0 1.493006894521986e-07 3.372032274898826e-07 1.1677944753262124e-07 2.877490789382211e-07 0.0 5.027786412286511e-06 9.880651606287296e-07 0.0 0.0 0.0 0.0 0.0 8.663586257918253e-08 0.0 1.76667172207208e-07 1.7403801102779148e-05 9.257391658429335e-07 0.0 0.0 7.63936229443743e-08 1.6112840516837997e-06 0.0 3.0841622507886484e-06 6.733598147199425e-08 3.9297272655292436e-07 4.834729209919311e-07 6.38656824726559e-08 0.0 0.0 0.0 4.614484559824392e-08 0.0 0.0 0.0 1.30423515260378e-07 0.0 3.7594832882205527e-06 1.4156179526601001e-05 1.2975883332694507e-05 0.00026446610711634334 2.0695945851967613e-06 0.00017530285388843864 5.5292070393021766e-05 3.234227744956135e-05 1.8957518460068512e-05 3.2059272243383966e-06 6.178379276026226e-06 2.470794740095123e-06 5.27392076018372e-08 1.2201107727947169e-06 2.1833818446366429e-07 5.1758784222474104e-06 0.0 0.0 0.0 9.84029184101611e-06 6.488020481048066e-07 1.3594753484613198e-05 3.5635463856782518e-06
