0.0 0.0019075100787020647 0.00021870013026391484 0.0005011249571887856 8.290632911648146e-05 7.45054737717255e-05 0.0005361553242341747 7.803008713290514e-06 3.664584326668429e-06 0.0003644692346954715 6.707262338151299e-05 0.000275098940084444 0.0003407000784693653 5.739280219037909e-05 2.5418941632269406e-07 0.0 3.581788080355249e-08 0.0 0.0 3.5864200249484263e-07 3.64462937008266e-08 0.0 0.0 0.0 4.475075711924479e-08 0.0 3.1314793336213764e-08 0.0 0.0 3.6536851121267934e-08 0.0001309609089886608 6.412744075580267e-07 6.496976310985038e-07 0.0 0.0 2.3431371556183954e-07 5.10419255894101e-07 0.0 3.2567966955860754e-07 1.3918265487215732e-07 0.0 4.38510112452227e-08 0.0 2.4858790424588736e-07 7.888680953969412e-08 7.902399360326472e-08 7.170587063546204e-06 6.106615335169986e-07 1.2780554879980295e-07 3.5968525785418176e-08 1.1217246226608481e-07 0.0 0.0 1.2088863568199429e-07 3.753771971112743e-06 1.4372048402803525e-05 0.0001525202845245414 0.0004463980631211327 3.673667959219766e-05 4.920325336373175e-06 0.0 3.68126789611199e-08 0.0 6.97314677466527e-07 7.1497591514173555e-06 2.1950593928531164e-06 5.983918854501085e-07 2.1715709399546585e-07 0.0 4.9239923398514716e-08 1.1573148016950951e-05 3.166337693972928e-07 4.45079819093683e-08 0.0001217241830069997 2.6743212177014522e-05 1.159303085846858e-05 1.4106219410912512e-07 2.5104295691751316e-07 0.0 7.5216046498981695e-06 3.21976275836947e-08 1.3895129698278086e-07 1.0779298158782279e-05 2.461817138134344e-07 1.3917409648448005e-06 6.8661421398844505e-06 1.171096367322542e-07 3.410217025283607e-07 1.2326807733929196e-06 3.614231839173e-08 3.0822130827918076e-07 2.0157150993250346e-07 0.0 3.876914374288942e-08 5.3633137895595975e-08 2.76270651461608e-06 7.376040422997015e-07 6.483294805113262e-08 4.261654298917767e-07 0.00040246416739719604 0.0 4.883695589661017e-07 5.264523642031721e-07 0.0 0.0 1.187326415862371e-06 6.739509839778635e-07 7.27521298994523e-07 9.223607853882669e-06 1.8041242870428426e-06 1.5682552646833993e-07 2.6376391869731168e-06 3.480223068936327e-06 1.387514620496635e-06 0.0 0.0 0.0 0.0 0.0 0.0 0.0 0.0 0.0 0.0 0.0 0.0 0.0 0.0 0.0 0.0 0.0 0.0 0.0 0.0 0.0 0.0 0.0 0.0 0.0 5.922857493741281e-07 1.0510316566172252e-07 3.2611930346573913e-07 3.430417292508175e-07 0.0 0.0 0.0 0.0 0.0 0.0 0.0 0.0 0.0 0.0 0.0 0.0 0.0 4.382791096281045e-08 0.0 0.0 0.0 0.0 0.0 0.0 0.0 0.0 0.0 5.353188906584053e-08 0.0 0.0 0.0 0.0 0.0 0.0 0.0 0.0 0.0 6.836747273800313e-08 0.0 0.0 0.0 0.0 0.0 0.0 0.0 0.0 0.0 0.0 0.0 0.0 0.0 0.0 0.0 0.0 5.941642812778199e-07 0.0 0.0 0.0 2.960794311014613e-07 1.6885987410647807e-06 5.731393368642581e-08 0.0002863254546056781 4.091914570481829e-06 0.00012091397651558294 1.1713214118886917e-05 0.0007449327863923087 1.9604821899415853e-05 2.6500308275709334e-06 3.8080075574301555e-06 3.18922269374641e-06 1.3085884697268006e-07 2.4886386359138893e-07 0.0 5.395965222099224e-06 0.0 5.05425552409386e-08 0.0 6.38012051697813e-06 0.0 0.00014540521475134597 1.2279927363799555e-06
0.0019075100787020647 0.0 0.0007381826698538953 0.00038889595907375184 0.0007530095833112367 8.607350363350515e-05 0.0013619746187926586 0.00011373993000655537 0.0009479332067776373 0.0003594612685472274 0.00031886699019630983 1.0967523302360953e-05 7.940400539480799e-05 0.00046586923312508347 5.69070399781473e-06 8.642628670950441e-07 1.295558285036463e-07 0.0 0.0 7.394342800686268e-08 0.0 0.0 0.0 0.0 0.0 5.885347032652712e-08 0.0 0.0 0.0 0.0 0.0009717595222236627 5.798894329614334e-06 1.1496804119007395e-06 5.50147888527635e-08 0.0 0.0 1.3965037575593479e-07 3.360886468191374e-07 2.4222151848930887e-07 2.154398353602421e-07 0.0 4.8652571825277956e-08 0.0 3.799665036276736e-07 0.0 1.4993258946056994e-07 4.694866769923787e-05 2.029524021020727e-06 1.1553686598438093e-07 0.0 4.432657118077402e-07 3.5583769185872975e-08 0.0 5.66727437002346e-08 7.316965044777094e-06 2.9415928891654847e-05 0.00010882835121614296 0.00047157404716097017 4.61591099066808e-05 2.0237146782042947e-05 3.57953801869025e-08 3.905801431307071e-08 0.0 1.108777161336393e-05 1.8041821103399915e-05 7.004484544668585e-06 1.7310792951137313e-06 6.729270073467584e-07 1.2133750391584222e-07 3.5264094732324735e-08 2.635469564683878e-06 2.8769055946677807e-07 1.0402369890670377e-07 0.00021856246877697365 0.00010709790223812829 8.639358801646443e-05 7.519547304502464e-07 4.943989956869977e-07 4.796144966994866e-07 2.0770806515892244e-05 1.378069427101266e-07 9.107442254127231e-07 3.833863359778416e-05 6.622022797612647e-07 5.008872159047117e-06 1.6992436486661244e-05 1.9034732388975322e-07 7.015008547290724e-07 5.2372656086181515e-06 2.2863262941644778e-07 6.616358139153009e-07 1.4041196442457905e-07 8.679371296852007e-08 1.6364133015238174e-07 5.690854385045521e-08 1.7315492384429874e-06 1.7059546199914585e-07 0.0 2.1368780137103282e-07 0.000368242663079044 0.0 2.1210094899819826e-07 3.5213411928938587e-07 1.3819179662385252e-07 0.0 1.5655396204164862e-07 2.2506572277841482e-07 3.420120820961008e-07 8.672615283526624e-06 1.0177557931713919e-06 0.0 1.6291748360517838e-06 6.83312140002899e-07 5.214366756039537e-07 0.0 0.0 0.0 0.0 0.0 0.0 0.0 0.0 0.0 0.0 0.0 0.0 0.0 0.0 0.0 0.0 0.0 0.0 0.0 4.434759761909175e-08 0.0 0.0 0.0 0.0 0.0 0.0 0.0 2.2016568024747215e-07 4.4041042169149565e-08 1.1015323509797765e-07 0.0 0.0 0.0 0.0 2.4867070283300113e-07 0.0 0.0 0.0 0.0 0.0 0.0 0.0 0.0 1.1301470334964108e-07 0.0 0.0 8.241870937379823e-08 0.0 0.0 0.0 0.0 0.0 0.0 0.0 0.0 0.0 6.934809458654151e-08 5.1219193890041365e-08 5.001929426110063e-08 0.0 0.0 0.0 2.8706650203661936e-07 0.0 0.0 0.0 3.602458401373821e-08 0.0 0.0 0.0 0.0 0.0 0.0 0.0 2.7329318944073116e-07 0.0 0.0 0.0 0.0 1.587173720039992e-07 0.0 0.0 0.0 3.646970275850417e-07 6.800306532268014e-07 3.9240494708619015e-07 0.00029332718363882704 6.147620511555175e-06 0.00035782464955245677 2.639864571865975e-05 0.0002670715850237302 2.9772205617754945e-05 2.212364160794013e-06 1.2039324714048538e-05 2.1829318708321096e-06 1.275569636703263e-07 9.97579870272681e-08 4.134311697346659e-08 2.17153227729367e-06 0.0 1.6506150700466195e-07 0.0 2.027187137747782e-05 0.0 8.901972251321405e-05 1.7355364713286748e-06
0.00021870013026391484 0.0007381826698538953 0.0 1.7957749354859829e-06 0.00040727178587179473 6.857998113358567e-07 0.00010585424735246604 0.0013727092177208652 0.0002148506834062791 6.651320988633522e-06 0.0013243094193484985 3.061303048014884e-06 2.7960430842259133e-05 0.0010999971102689228 6.912014382443881e-06 2.369850692519829e-06 1.705879212021853e-06 1.4800613689815668e-07 2.4397267402077866e-07 1.0266919334573077e-06 1.9946399410572333e-05 5.358698625087311e-07 8.255170840157533e-07 4.684319085238242e-08 6.50766545840197e-07 3.772421884042474e-06 2.0056940269093018e-07 1.3530021515649395e-06 5.82504569564432e-07 1.2060330524390081e-07 0.0014352876698311785 0.0003036272597426995 1.3530949798249386e-05 2.9062812740776357e-06 1.3186689064228848e-06 1.5841248562376196e-06 3.1396982210533605e-06 4.893366049604071e-06 8.211960871612173e-07 1.804913357762144e-07 6.226002292058294e-06 2.872951377590487e-07 2.2492234269465674e-06 2.373247883226688e-06 9.036776930571157e-07 4.2750454955475536e-06 3.09613484369919e-05 2.0213220162840405e-06 6.046671141204834e-07 1.2562346661327416e-06 2.3119809449450583e-06 1.5190324370193347e-07 0.0 1.0745908043228059e-06 3.439941510278514e-06 1.3448086315727666e-05 6.009055731243553e-05 0.0005808845327114274 2.4392514966748287e-05 1.0149691776724809e-05 5.352203455848059e-06 2.5190334173034294e-05 1.349776296938857e-06 3.613353929023062e-05 1.1013769475974848e-05 1.2448240321689942e-05 7.413703307023832e-06 1.2051386075577224e-05 9.235755853963436e-06 1.2498023763198562e-05 3.0939038824407655e-06 6.603619633993528e-07 3.9056299479399666e-08 0.00012186844100669394 9.562803651753261e-05 5.302450544954066e-05 3.5739009764170286e-06 1.3171418049570113e-05 4.029418817372031e-05 0.0006173737972246251 1.8483141857170228e-06 0.00013005720673297847 1.9326391949384526e-05 4.3375308231524596e-07 3.695267956009179e-06 1.0632007317933988e-05 5.1422906293538875e-06 1.5514119158755502e-07 3.1225929471829374e-06 7.351341768317025e-08 8.693626404066297e-07 1.2414130694014728e-07 8.436788350865396e-06 9.120725587193085e-07 4.7288530526639727e-07 2.768454429302496e-06 4.819731715106187e-07 0.0 1.1159711558059058e-06 8.90709775792152e-05 0.0 5.321654483032294e-07 9.07313971555436e-08 0.0 4.7093300921372076e-07 3.5233380798822087e-07 0.0 0.0 1.8153833115622898e-07 1.6948167226957632e-07 0.0 1.2865378338484627e-06 8.732937282702684e-07 3.9995213522127126e-07 0.0 0.0 0.0 0.0 0.0 0.0 0.0 0.0 9.490229346160327e-08 0.0 0.0 4.0668236817910543e-07 0.0 0.0 9.791026531921455e-07 0.0 3.549675400160984e-07 5.716663683839945e-08 9.19135298451981e-07 2.2053717844742265e-07 0.0 0.0 0.0 2.5504714877177553e-07 0.0 9.577690413479086e-07 0.0 7.552312436826754e-07 3.355636657454024e-07 4.541308374548807e-07 0.0 0.0 0.0 0.0 0.0 0.0 9.984508584912441e-08 0.0 0.0 0.0 6.714907815449983e-08 0.0 1.0361884561378363e-07 7.810866641385306e-07 0.0 0.0 7.693008963696434e-08 0.0 0.0 0.0 0.0 0.0 8.027518096157984e-07 0.0 0.0 0.0 0.0 1.0289140896234565e-07 8.954950854037485e-08 0.0 0.0 8.181521416701412e-08 6.76167385456785e-07 4.917187816722057e-07 0.0 0.0 3.3560490591712325e-07 0.0 0.0 0.0 0.0 0.0 0.0 0.0 0.0 9.558359793115455e-08 0.0 0.0 0.0 5.992074387771308e-08 3.857440228659316e-08 0.0 8.795992611025413e-08 1.6180262604973394e-07 6.75246151559615e-07 6.36178200679659e-07 0.00010696338904904127 4.336391445053587e-06 0.00015601283649536025 2.1402810511583697e-05 2.5229224191510088e-05 9.485143541378846e-06 9.181044519657398e-07 5.787659465312833e-06 7.264186136020073e-07 1.5725357472774e-07 2.5663491642393145e-07 8.615873530921692e-08 0.0 0.0 6.275897245097564e-08 0.0 1.039373317822819e-06 0.0 2.7617249932688982e-05 5.664424326982639e-07
0.0005011249571887856 0.00038889595907375184 1.7957749354859829e-06 0.0 2.7960771291975207e-05 5.569830003445743e-05 0.0009003835873933974 0.0 4.016015653465115e-06 0.0005648135681103404 1.0013459527375153e-06 0.0012262650698694887 0.0010876768396098234 9.889215109485252e-06 4.907306903027687e-08 0.0 0.0 0.0 0.0 0.0 0.0 9.357441253445238e-08 0.0 0.0 0.0 0.0 0.0 1.478345798878884e-07 0.0 0.0 1.6937934141133578e-06 1.2748084030998725e-07 6.102678634645223e-07 0.0 0.0 0.0 4.82712680380692e-07 6.895851698988124e-08 0.0 0.0 0.0 0.0 0.0 0.0 0.0 0.0 2.3042293444282074e-06 1.3946549196313403e-07 0.0 0.0 0.0 5.445453270357444e-08 0.0 0.0 9.23703665323791e-07 2.7981696668201215e-06 1.451598111275301e-05 3.55773880767439e-05 4.513148165036808e-06 1.1393624891520065e-06 0.0 0.0 0.0 3.986259060050798e-07 1.0507414420593045e-06 3.406840670331873e-07 1.497998581782955e-07 0.0 0.0 0.0 2.831186741876135e-05 1.0453483506564676e-07 0.0 1.656706297064091e-05 4.031424746425836e-06 3.7454172699060576e-06 6.823560413279021e-08 0.0 0.0 0.0 0.0 0.0 2.011625176307672e-06 7.82310224263951e-08 4.009387879189015e-07 8.628123518893966e-07 0.0 0.0 2.370464950148978e-07 0.0 5.8960752635487105e-08 4.395847240186617e-08 0.0 0.0 0.0 6.099650454051422e-06 1.0803743133803927e-05 1.7708780123681739e-07 7.602734017390496e-08 0.00010828396146555093 7.258402254538488e-08 2.2317857988478597e-07 0.0 0.0 0.0 5.144711106560117e-07 6.059861867992226e-08 9.87200392359474e-08 4.515428883298847e-06 4.893900848889605e-07 0.0 3.498666252354741e-07 2.9112709035173258e-06 1.9117572268863047e-07 9.502407821360334e-08 0.0 0.0 0.0 0.0 0.0 0.0 0.0 0.0 0.0 0.0 0.0 0.0 0.0 0.0 0.0 0.0 4.687971260139486e-08 1.7940463621046658e-07 4.48239058217894e-08 0.0 0.0 0.0 0.0 0.0 0.0 0.0 4.691888550430366e-08 0.0 0.0 0.0 0.0 0.0 0.0 0.0 0.0 0.0 0.0 0.0 0.0 0.0 0.0 0.0 0.0 0.0 0.0 0.0 0.0 0.0 0.0 0.0 0.0 3.820121555410154e-07 0.0 0.0 0.0 0.0 0.0 0.0 0.0 0.0 0.0 0.0 1.1191927706898446e-07 0.0 0.0 0.0 0.0 0.0 0.0 0.0 0.0 5.0864670439343794e-08 0.0 0.0 0.0 0.0 0.0 0.0 0.0 0.0 0.0 0.0 0.0 1.1178051335955063e-06 0.0 5.536561524305148e-05 2.530223694351414e-07 2.6429944313130042e-05 1.962528033853176e-06 0.00022166583611105418 2.52364335416313e-06 2.186168487880557e-07 6.666165509429631e-07 2.2132677518932302e-07 1.4459392088179434e-06 0.0 0.0 9.619960353339832e-07 0.0 6.442757399584e-08 0.0 7.157780338515927e-07 0.0 4.6796202873809796e-05 5.737517744552162e-07
8.290632911648146e-05 0.0007530095833112367 0.00040727178587179473 2.7960771291975207e-05 0.0 3.7798373929404792e-06 0.0012780908707503095 3.3657773708166565e-05 0.00437941760343405 5.6633014360100665e-05 0.0006586434513127694 8.384527879460985e-06 0.00013730019432923714 0.0010683117357006126 7.3877810659172935e-06 9.17117459983534e-07 7.40644763272249e-08 0.0 0.0 1.3377257819961543e-07 0.0 0.0 0.0 0.0 0.0 0.0 0.0 0.0 0.0 0.0 3.9390124529992344e-05 1.3486777421387956e-05 1.6558633500582078e-06 8.458644850213428e-08 0.0 0.0 1.0027483158344981e-06 0.0 1.848107834941978e-07 0.0 0.0 0.0 0.0 6.23204589719788e-07 0.0 4.2361946473445554e-08 4.2831137495701684e-05 1.7018458048724718e-06 3.5372353865250086e-07 9.060639051512787e-08 2.6518511392934254e-07 0.0 0.0 0.0 3.5934442230053064e-06 1.1802542834701805e-05 1.6345449678832535e-05 7.399633740341558e-05 1.041278780242474e-05 1.3114653420242378e-05 1.4452093472023267e-07 5.950869459564574e-07 0.0 1.7858137925618837e-05 9.670275056632012e-06 3.4236534309256204e-06 9.000226145111254e-07 4.73447783861065e-07 8.192970824579928e-08 3.807476498165294e-08 4.087869856476692e-06 0.0 1.4861708847527425e-07 7.594988304644589e-05 8.354617732159833e-05 8.936709191980639e-05 3.0438090329237323e-06 3.807701977752131e-07 6.662203507217882e-08 8.163778608701858e-06 7.87568056845928e-08 5.395737270206174e-07 2.289330931301826e-05 1.295505314560796e-07 2.5967648850104323e-06 7.348637378303606e-06 1.4346536517186287e-07 4.0666995930600737e-07 3.703275103564596e-06 2.3289126366182087e-07 5.32937389096612e-07 6.727166772107563e-08 5.671788695963615e-08 1.2350631350016617e-07 3.6969957087952436e-08 3.872154172235693e-06 0.0 0.0 1.5614534768714936e-06 9.847693720823047e-06 0.0 0.0 1.7462680450982873e-07 0.0 4.0646452118017094e-07 2.727601391803355e-07 8.499234647593496e-07 0.0 2.039058041222188e-06 4.3016044528180835e-07 0.0 2.6128125562551424e-06 4.081072539856874e-06 3.301007264318263e-06 1.2148031116099057e-07 0.0 1.7969899845657598e-07 0.0 0.0 0.0 0.0 0.0 0.0 0.0 0.0 0.0 0.0 0.0 0.0 0.0 0.0 0.0 0.0 0.0 0.0 0.0 0.0 9.88680093928998e-07 0.0 1.0379529884239855e-06 5.748863105160701e-07 8.044128732568266e-07 1.1383243072806294e-06 0.0 0.0 0.0 0.0 0.0 0.0 2.697105126451958e-07 0.0 0.0 0.0 0.0 0.0 0.0 0.0 0.0 0.0 0.0 0.0 0.0 0.0 0.0 0.0 0.0 3.340548172636964e-07 0.0 0.0 0.0 0.0 0.0 0.0 0.0 0.0 0.0 2.759100703346664e-06 0.0 0.0 0.0 0.0 8.78307254916607e-07 0.0 0.0 0.0 4.415175940567764e-08 0.0 0.0 0.0 0.0 0.0 0.0 0.0 7.111155904681572e-08 0.0 0.0 0.0 5.692204579851301e-07 6.136335559381847e-08 5.711960094968854e-07 0.0001606783271934613 3.2032548831039142e-06 0.00021190118302664355 1.7817390342500126e-05 3.932863002644428e-05 1.1667814936340635e-05 3.593974919314576e-07 1.245994457173674e-05 1.8886246203853794e-06 8.400794462900394e-08 0.0 0.0 6.922532985444044e-07 0.0 1.0167917936369658e-07 5.605021173561148e-08 5.294130347936719e-06 0.0 2.4753917998739838e-05 8.991350513204842e-07
7.45054737717255e-05 8.607350363350515e-05 6.857998113358567e-07 5.569830003445743e-05 3.7798373929404792e-06 0.0 6.407742214800106e-05 3.609135206216327e-08 1.7705763331477194e-06 0.00021601396738065307 7.252899505834659e-07 0.00016641581461544077 0.00011821668076117145 8.581822594217905e-06 2.6415871759428447e-07 1.562753520682733e-06 3.4382658915921857e-07 0.0 1.9962191500587007e-07 0.0 0.0 1.8537924980410394e-06 0.0 0.0 0.0 0.0 0.0 4.206061705801927e-08 5.6756528579720485e-08 0.0 1.879466119826634e-07 0.0 1.8925405219765998e-06 1.1437121042660125e-07 0.0 0.0 8.50774496206549e-06 1.583364064493212e-06 4.808645005069549e-06 1.3169816179252094e-06 0.0 0.0 1.1099493437825746e-07 3.83936088455182e-07 0.0 7.426848893181938e-08 4.770420173730889e-07 0.0 0.0 0.0 4.780425623275447e-07 7.643187064675639e-06 3.7307595213238784e-07 1.81579572379995e-06 0.0 3.414392171852262e-08 0.00010426977020311355 5.498374576061984e-06 2.8799292593575725e-06 0.0 0.0 0.0 0.0 6.367746051018153e-08 0.0 1.0949066755338425e-07 0.0 4.650338025376433e-08 0.0 0.0 8.710329063658992e-05 0.00013728968606784128 1.754179082538715e-05 8.493335409356065e-07 4.3719227592659407e-07 6.389814513802356e-07 0.0 4.383980433376209e-07 0.0 1.9826248850348832e-07 0.0 6.681385447294052e-08 9.155816002413961e-08 7.380035459427951e-07 8.405223310168296e-08 2.1493093479734264e-07 0.0 2.8100678114268354e-06 2.666028179493873e-06 1.442959747648181e-05 1.0613336908533708e-06 2.7638085845621554e-06 0.0 3.500977648254722e-07 1.1064478953966966e-06 0.0001525747941239207 7.235441099317286e-05 1.0293031475097896e-05 3.339658728915533e-05 8.968648905424074e-05 0.0 1.9449255818334603e-07 4.1353771561198824e-08 8.189370199893333e-08 2.3656687549994272e-07 2.2375821996672904e-07 5.429457238751226e-07 3.791459530859657e-07 7.383506261737244e-07 6.208153950774918e-07 0.0 1.273801806255421e-07 6.277176795068366e-07 7.830183821871548e-07 4.91964318500724e-08 1.0486380170839717e-07 0.0 0.0 0.0 0.0 0.0 0.0 0.0 0.0 0.0 0.0 1.2338417631302512e-07 2.3647345914667866e-07 4.586357896723312e-08 2.175405197578369e-07 0.0 1.243664477684323e-06 4.876807639347479e-07 4.363210615183134e-07 0.0 5.395235996970952e-08 0.0 8.206048798423336e-08 0.0 4.215716640187988e-07 1.1775120019449035e-07 5.378106860085348e-07 2.0487106374377986e-06 1.694130342108136e-06 0.0 0.0 0.0 0.0 0.0 4.1537087806656106e-08 0.0 0.0 5.118866879865157e-08 0.0 0.0 0.0 2.0308353374962515e-06 0.0 0.0 0.0 0.0 0.0 0.0 4.8067019249328e-08 0.0 0.0 1.3774842269604572e-07 0.0 0.0 0.0 0.0 3.807845240006829e-08 3.9050873556296325e-08 0.0 4.325053803826685e-08 5.774529325808334e-08 4.2199969912763406e-07 2.8280715397858012e-06 0.0 3.8600340460924225e-08 2.0068963041603877e-07 1.8280939112229207e-07 0.0 0.0 0.0 0.0 0.0 0.0 1.1171045661783986e-07 0.0 4.823213774299084e-08 6.227192812704301e-08 0.0 3.589104002654911e-08 4.496261272078259e-08 0.0 0.0 1.5887272225800827e-07 1.3135529105743621e-06 1.2764073145407772e-06 3.194298149033268e-05 1.666615809555093e-07 3.345630892295907e-06 7.725652874112904e-07 0.00014255285171678217 7.012985201365672e-07 0.0 0.0 2.120350759772245e-06 0.0 1.8997332971257293e-07 4.6353953014214134e-08 2.0678325241440144e-06 0.0 0.0 0.0 5.322674177839449e-07 0.0 2.1585591700004373e-05 1.8118809847186723e-06
0.0005361553242341747 0.0013619746187926586 0.00010585424735246604 0.0009003835873933974 0.0012780908707503095 6.407742214800106e-05 0.0 5.651362094365485e-06 0.0025582571410597307 0.001388612339565142 0.0001890569901900404 8.292382409945418e-05 0.0019609979812453483 0.0020197947422275226 1.4874317435625537e-05 2.182795778265431e-06 2.698511211158825e-07 0.0 3.623857263691285e-08 0.0 2.494955799105815e-07 5.327575288196265e-08 0.0 4.583646250228147e-08 0.0 0.0 0.0 5.629258190808715e-08 0.0 0.0 2.4547980979920516e-05 7.743353660797181e-06 8.976833757089846e-06 5.70766080706696e-08 0.0 0.0 1.1850570728390258e-05 2.993392878283095e-06 9.000107421810779e-07 5.6526677745088694e-08 7.203325058364639e-08 1.1874566695782066e-07 2.7469720687878607e-08 1.4493168078131223e-06 3.4462463119393755e-07 2.765454609217093e-07 5.875836852847457e-05 2.623068605595729e-06 2.593119374815509e-07 0.0 3.2631213809011593e-07 1.3178837098600205e-07 0.0 2.2198898503854946e-07 5.7658051068767795e-06 1.5831935353311014e-05 2.3737290487220602e-05 8.169299638532062e-05 1.7883502214555168e-05 2.016127829017333e-05 0.0 5.192565118218418e-07 0.0 1.5894990423882672e-05 1.2179956103539849e-05 5.585230751583961e-06 1.3200821608177688e-06 6.846123442510309e-07 1.2203993608306146e-07 1.271692403033257e-07 2.5288063264598095e-05 2.0695223980427613e-07 7.427949385060219e-07 0.0001127063199527584 9.769060244555816e-05 0.00011699002041636241 2.6741324466016485e-06 1.9958849600115475e-06 3.738108188530292e-07 3.872973434022036e-06 9.626610173223038e-08 3.322057925976664e-07 3.0352192756257912e-05 2.9605173338153836e-07 3.9699324153510946e-06 1.0189500270109247e-05 1.3503206829862498e-07 2.04651295973327e-07 3.833623945326922e-06 8.062934882100084e-08 1.3898328126085883e-06 1.3668649879468628e-07 7.13321939655222e-08 2.0352939760540188e-07 3.239462804404014e-07 3.836033104104896e-05 3.956776277179665e-06 2.54405022465359e-07 1.6425902744330221e-06 2.768467346576435e-05 5.401697632269552e-07 2.466938010212354e-06 1.1570808941741839e-05 4.437794331047435e-06 2.358273471670335e-06 3.430653993998119e-05 8.228836557659262e-06 1.1819834949169093e-05 7.335227872142222e-05 2.6264936641908224e-05 2.617531699614468e-06 3.847685128787042e-05 4.995525307174429e-05 2.735044635505875e-05 4.204047291740599e-06 1.9851998182567026e-07 3.5419538092333776e-07 0.0 6.04665501861219e-08 0.0 0.0 0.0 0.0 0.0 0.0 1.6506809017748193e-07 0.0 1.2599983630850922e-06 0.0 4.613478569855743e-08 5.0240202711558276e-08 8.528186799908186e-07 3.9582392564907823e-07 4.545480680595432e-08 3.2598464694075426e-07 6.102664537239584e-07 1.4500923045192705e-06 4.042624222557021e-07 0.0 6.827311864425279e-06 7.994254268109207e-07 1.2786743283360566e-05 3.4961100139760717e-06 2.185400258176607e-06 0.0 0.0 0.0 0.0 0.0 7.913438312771394e-07 0.0 0.0 3.5687935862982173e-07 1.214780177024612e-07 0.0 0.0 1.4503468152933193e-06 0.0 0.0 0.0 0.0 3.942957037550704e-08 2.732077528502861e-07 3.852396066456842e-07 0.0 2.0319051543667012e-07 6.015833723897194e-06 0.0 0.0 0.0 9.032532875042101e-08 0.0 0.0 2.1393983983886852e-07 0.0 0.0 1.906373957640438e-05 2.010551372185926e-07 0.0 0.0 0.0 3.0465551575701138e-06 0.0 3.560637290295227e-07 1.3886991339645703e-07 2.2398307358667527e-07 1.9315808619303617e-07 0.0 0.0 0.0 0.0 0.0 0.0 5.065611299949847e-08 0.0 4.647591661389768e-08 0.0 5.109153909405806e-06 1.716709094154896e-06 5.831835442798946e-06 0.0004282297936940309 8.48598536397044e-06 0.0003228300516755483 3.35095626854663e-05 0.00017230543541074878 1.7457138124338738e-05 1.290687110625725e-06 2.122949048397437e-05 1.7055287826050396e-05 6.481927356766255e-07 2.2647288267547303e-06 3.3184199273844466e-07 2.4685127609092884e-05 0.0 1.0319374439599153e-06 6.916028347798023e-08 7.937024679516332e-06 0.0 0.00010310630159217736 1.704469899640322e-05
7.803008713290514e-06 0.00011373993000655537 0.0013727092177208652 0.0 3.3657773708166565e-05 3.609135206216327e-08 5.651362094365485e-06 0.0 9.336763200946512e-05 0.0 0.0017184042708664172 2.56472086128572e-07 4.136286231004688e-06 0.000461592513299605 1.0122332536563292e-05 3.3300433198675223e-06 1.3642396486095442e-06 2.832030869802752e-07 1.828496265908498e-07 2.627928772983594e-06 3.115608537475405e-05 7.212670796667314e-07 2.3687321028340484e-06 9.81616557272089e-08 1.2614607716616911e-06 2.6667696872498204e-06 2.4577409627175924e-07 2.519696072693797e-06 8.002684832295045e-07 0.0 0.0003418287714028121 0.0009523863514159896 9.551838427950799e-06 8.367570670431584e-06 2.038530298529811e-06 3.7125610593989543e-06 1.6861172452371292e-06 5.9159363619222305e-06 3.0257289076726763e-07 3.321798728341263e-07 6.411976655951119e-06 1.0192876130599734e-07 2.8100203562981136e-06 7.375994914151908e-06 1.6890836339562855e-06 1.2014020833547412e-05 4.061051437770424e-05 2.3197314302940004e-06 9.7499495587118e-07 2.0524031898337045e-06 1.9517924018192155e-06 2.2474902561277395e-07 0.0 1.3660550078292714e-06 2.069870033227532e-06 5.5478318151766084e-06 1.0712063870227053e-05 0.00012259073793866423 6.297248223577889e-06 9.546811161594188e-06 3.667404719393446e-05 6.160150860104028e-05 5.65843011010482e-06 0.00012838059789327237 9.891202086207845e-06 1.4361732586775299e-05 7.52050547833661e-06 1.286557886092928e-05 1.1088011853144883e-05 1.4580741580150295e-05 5.624309528008992e-07 4.3695773034027075e-07 0.0 4.894362542343438e-05 9.823491087305646e-05 7.482071741857167e-05 6.924057552270029e-05 0.00014260457548469926 0.00041909038989915224 0.0013719699506686408 3.288515688106108e-05 0.000657400693190433 1.4828502116601601e-05 6.924743753220936e-08 3.4083839469926496e-06 6.70902026543469e-06 7.68323675257204e-06 1.4092895258493013e-07 1.8354561577027156e-06 1.6144577494903806e-07 7.176959622177976e-07 1.9954295112349924e-07 9.753218386754066e-06 4.3008735707186286e-07 6.42036359182264e-07 4.2218549556964317e-07 5.895834213692957e-07 0.0 2.8703384655370573e-07 1.193881389662889e-05 0.0 0.0 0.0 0.0 0.0 0.0 0.0 0.0 6.544699527124225e-07 5.689126400809519e-08 0.0 5.334884740417965e-07 0.0 4.7027984695318817e-07 8.639276802350666e-08 0.0 0.0 0.0 0.0 5.686141222563144e-08 0.0 0.0 4.720039070606102e-07 0.0 0.0 1.0779837605477473e-06 0.0 0.0 0.0 0.0 1.6171862444893744e-06 1.2220371321909822e-07 2.45582455718681e-07 0.0 0.0 0.0 0.0 0.0 2.3251991537831094e-07 5.641821556744031e-07 0.0 2.910285568506305e-07 1.972948541529064e-07 1.322215348151724e-07 9.783696512216155e-07 6.176015022052987e-08 0.0 0.0 0.0 2.550338719613899e-07 0.0 0.0 0.0 6.948594932892517e-08 0.0 0.0 1.973124022667917e-07 7.130439577528291e-07 0.0 0.0 4.797069925132031e-08 0.0 0.0 0.0 0.0 0.0 2.602446939037405e-07 0.0 0.0 0.0 9.428738356443213e-08 0.0 1.0030214688494367e-07 0.0 0.0 6.962181044566055e-08 0.0 0.0 0.0 4.198715274191558e-08 9.821349525428911e-08 1.0010373116079703e-07 0.0 0.0 0.0 0.0 0.0 0.0 0.0 8.71604296230504e-08 6.333436753054896e-08 0.0 0.0 1.6304687990417848e-07 2.6622936610150604e-07 3.9442000289509135e-08 0.0 2.2200501294712514e-07 7.716035602944895e-08 3.1853877601836606e-07 0.00010662193928773306 4.736195912580901e-06 0.0001460489473729714 2.2534919283238428e-05 9.655875416818452e-06 5.268796991759288e-06 1.4824764702368382e-07 7.8113172796852e-06 1.0693172857469422e-06 0.0 0.0 2.3314668182485183e-07 0.0 0.0 0.0 0.0 3.1197019664333866e-06 0.0 9.489131676393286e-06 5.054246318698386e-07
3.664584326668429e-06 0.0009479332067776373 0.0002148506834062791 4.016015653465115e-06 0.00437941760343405 1.7705763331477194e-06 0.0025582571410597307 9.336763200946512e-05 0.0 2.055064561719019e-05 0.0010933306530194699 4.824010772178947e-06 0.0005992216046551319 0.001212253025581028 4.4869252704538815e-06 9.741110774688414e-07 8.123324380495982e-08 0.0 0.0 0.0 0.0 3.1828325002070244e-07 0.0 0.0 0.0 0.0 0.0 6.502039620410094e-08 2.933537976654034e-07 0.0 4.802614558385265e-06 3.877810871973419e-06 3.1036720379309232e-06 0.0 0.0 0.0 4.3164996453711075e-06 1.2272098595767506e-06 5.061433681074979e-07 0.0 0.0 1.6398376823387922e-07 0.0 3.49876014738857e-07 0.0 4.796847417572874e-08 1.194194883876928e-05 3.052939688476227e-07 0.0 0.0 1.0037859374918077e-07 0.0 0.0 0.0 2.1344790876499604e-07 1.098083691591769e-06 1.0397047436212177e-06 5.944586445759742e-06 1.0443385950463124e-06 2.003308556507003e-06 0.0 2.2336668030577643e-07 0.0 5.233889869112857e-06 1.605411139198558e-06 2.8255668148002007e-07 1.6912767484147722e-07 1.4877427454815205e-07 0.0 2.8397894401190326e-07 9.2086381554888e-06 0.0 0.0 9.334932833250005e-06 1.4565673817993503e-05 2.062166764193052e-05 1.5305682178085207e-06 1.5608910903307808e-06 1.0466456275888393e-07 2.848557595088124e-06 7.647019859956524e-08 4.284823858506233e-08 3.904832034780785e-06 0.0 3.874813177019315e-07 8.467840251257456e-07 8.089222335436522e-08 0.0 3.587491532981528e-07 0.0 7.468212154190812e-08 6.289914169279262e-08 3.875196489686829e-07 0.0 5.749292339601061e-08 1.0432691479697495e-05 1.089023696654928e-06 0.0 2.0787111343804673e-06 7.684606462816224e-07 4.0175687141462247e-07 4.947934889648406e-07 9.041853364260048e-07 0.0 4.109224364568651e-07 3.42293455266186e-06 1.173193190714264e-06 3.8547321170360125e-06 5.0525988290705125e-06 5.12059431703766e-06 8.095929018362621e-07 9.501550109952158e-06 1.0376920475496933e-05 8.613104042981603e-06 2.1359555647009555e-06 0.0 0.0 0.0 0.0 0.0 0.0 0.0 0.0 0.0 0.0 4.150073701498814e-08 0.0 2.1026678184046231e-07 0.0 0.0 0.0 0.0 0.0 4.517377712862599e-07 4.9335201871777406e-08 8.093464181670665e-08 0.0 4.530889339736197e-08 0.0 1.5391298300043188e-06 2.0173987135548595e-07 3.6431731843534023e-06 1.3840119622587804e-06 6.512395953328969e-07 0.0 0.0 0.0 0.0 0.0 0.0 0.0 0.0 1.6088707845685351e-07 0.0 0.0 0.0 0.0 0.0 0.0 0.0 0.0 0.0 0.0 1.1456941574170854e-07 0.0 7.827326204105304e-08 7.804351641094092e-07 0.0 0.0 0.0 0.0 0.0 0.0 0.0 0.0 5.9387125512911045e-08 5.768549806001919e-06 0.0 4.7740301353186087e-08 0.0 0.0 1.200193554588084e-06 0.0 1.81993740481089e-07 0.0 2.39842970544406e-07 0.0 0.0 0.0 0.0 0.0 0.0 0.0 0.0 0.0 0.0 0.0 1.8523234484291344e-06 9.080770567583731e-07 1.7889541740389503e-06 7.81201975498627e-05 1.5666859420136588e-06 5.587306352330938e-05 7.770108164338582e-06 7.701621405455922e-06 2.6126693203015764e-06 7.70618845990135e-08 5.640301593404818e-06 3.3955642870666758e-06 0.0 1.1305415504452706e-07 3.8768540920991564e-07 3.867973391965008e-06 1.3185085721047553e-07 0.0 0.0 2.0234426343080047e-06 0.0 1.2208654294774104e-05 4.155398496757577e-06
0.0003644692346954715 0.0003594612685472274 6.651320988633522e-06 0.0005648135681103404 5.6633014360100665e-05 0.00021601396738065307 0.001388612339565142 0.0 2.055064561719019e-05 0.0 3.830914097829044e-06 0.001980762172287699 0.003192249677730852 7.685606720036315e-05 4.1506609268266253e-07 6.414873099445356e-07 0.0 0.0 0.0 6.863636496989414e-08 0.0 4.813435224602382e-07 0.0 0.0 1.894910353727046e-07 0.0 0.0 0.0 3.7011143605368187e-07 0.0 7.714276741182357e-07 4.215640288007818e-07 4.607578248011758e-06 0.0 0.0 0.0 8.589974563685025e-06 8.598669593622586e-07 7.789962398117193e-07 2.485667712879934e-07 0.0 5.998562350500961e-08 0.0 2.8473598521518373e-07 0.0 0.0 2.0040759366844564e-06 3.848417626038887e-08 2.1503343556088243e-07 0.0 1.6303561250011906e-07 1.8014142659575072e-06 5.6583440843690674e-08 2.6987656745908394e-07 4.6494514142866966e-07 1.454124772718314e-06 2.404721296310372e-05 1.7079934848982233e-05 3.0412342127967715e-06 1.666469101852377e-07 0.0 5.46007880268558e-08 0.0 5.546119319676016e-07 5.89477041189092e-07 3.125885977524959e-07 1.6173322262809044e-07 4.765735284963178e-08 0.0 0.0 0.00012350999813066175 2.0934425997695998e-05 2.7118837287261403e-06 1.0479117176933916e-05 4.242126072904789e-06 3.349101555209209e-06 0.0 2.528736339153082e-07 0.0 3.957525706835947e-07 0.0 1.1969490103790774e-07 1.8196598121652202e-06 1.7579841464342324e-07 7.902054026490569e-08 5.777159254692825e-07 0.0 2.512570165537386e-07 4.3658116128247097e-07 1.7901323357840085e-06 2.953509660758433e-07 4.335541589792918e-07 0.0 0.0 4.631077602728568e-07 9.355366325218153e-05 4.064741671721729e-05 2.124316704523372e-06 7.721408255739666e-06 7.843022756054565e-05 3.9183873110096024e-08 4.737368482705737e-06 3.303756676605885e-06 5.399203617104055e-06 1.8335775074439392e-06 1.7440418930014697e-05 1.2517088379194368e-05 6.785831011064513e-06 5.408822735926442e-05 3.4927476046724575e-05 6.966194965208277e-07 5.148113625349876e-05 6.0182066560248355e-05 1.8982676632415678e-05 1.0759073915447673e-06 0.0 0.0 0.0 0.0 0.0 0.0 0.0 0.0 0.0 0.0 1.5265315729900448e-07 0.0 2.9335263778557377e-07 0.0 9.58783546942128e-08 1.3962774889386116e-07 5.808046880857491e-07 1.0987169202259321e-07 1.84955018890701e-07 5.9264930463284134e-08 8.310675219283604e-08 0.0 4.2554113049122247e-07 0.0 1.4104552971320529e-06 4.602568177333889e-07 2.69727397970607e-06 1.4879799080302712e-06 6.445042652160839e-07 0.0 0.0 0.0 0.0 0.0 1.4612799425118786e-07 0.0 9.618529940087786e-08 3.800420957051881e-08 0.0 0.0 1.0423503374586906e-07 1.0533270614302121e-07 0.0 0.0 4.508437643187875e-08 0.0 1.0089788325840025e-07 2.1683777197705858e-07 6.015368562113358e-07 0.0 0.0 1.5534043106309087e-06 0.0 0.0 0.0 0.0 0.0 5.977142710290855e-08 0.0 3.4594036625928956e-08 0.0 4.843646485649696e-06 7.059967120157952e-07 0.0 0.0 0.0 6.287123408985284e-07 0.0 3.171701651614149e-07 4.155071179195672e-08 7.271267189229511e-08 1.1819928202455354e-07 0.0 1.9625370814418696e-07 0.0 0.0 0.0 0.0 0.0 0.0 0.0 0.0 6.861225104193462e-06 2.1754530077723446e-06 1.2422987809925674e-06 0.00043007160462028095 1.9002674993756158e-07 2.2050940561147264e-05 2.270867444726167e-06 0.0003786405214106531 2.47418638332003e-06 1.1908867051361155e-07 1.0761130663807728e-06 1.7195854559474013e-05 1.642135296446693e-07 1.748468450229989e-07 1.2319662821576305e-07 4.0660553752878045e-05 1.611066245087811e-07 0.0 0.0 2.630858350641309e-06 0.0 0.00022760601420864667 3.008671458198839e-05
6.707262338151299e-05 0.00031886699019630983 0.0013243094193484985 1.0013459527375153e-06 0.0006586434513127694 7.252899505834659e-07 0.0001890569901900404 0.0017184042708664172 0.0010933306530194699 3.830914097829044e-06 0.0 4.5993351748497264e-05 0.0003326113383099136 0.0028437421766741616 1.800170235662667e-05 6.9076686283357445e-06 1.4756548960848909e-06 2.94335932354935e-06 4.864800226696496e-07 6.762715810651372e-06 3.343308602993934e-05 4.915235236617174e-06 9.682477507942061e-07 1.9572565509847683e-07 5.840624538727681e-06 9.73504461896003e-06 1.899122611190024e-06 5.9375089931749905e-06 5.304511774763652e-06 8.940559033549853e-07 0.0002090344028173029 3.707615648733949e-05 0.0003359613273046981 8.331549689672647e-07 4.1269854124018105e-07 4.4301317572252625e-06 0.00013556901095529206 4.313621602147367e-05 1.5288999113623344e-05 3.828259372239261e-06 2.1376092182616395e-05 4.2408633240957815e-06 1.0785497871648415e-06 4.547248142827455e-06 5.47373466495568e-07 1.0240840133583377e-06 3.595032985629209e-05 1.2111085208764306e-06 6.689926371021053e-07 1.031466140862242e-06 2.995387303485684e-06 8.190259898735721e-06 2.666894628137411e-06 5.276822939362376e-06 1.327083050813312e-06 3.85201989191599e-06 1.5343563519297176e-05 9.126840170139954e-05 6.564993518425277e-06 7.936930915988152e-06 5.783406167566721e-07 1.2154678353211303e-05 3.592876689333466e-07 2.2458483470736126e-05 4.263882572726735e-06 8.640225118521321e-06 6.470875356330776e-06 8.490159850380735e-06 5.571057556608709e-06 2.3077036205907385e-05 4.8406856690879264e-05 5.035376394186731e-06 3.5913813648927687e-07 3.520086948818224e-05 4.294570540701876e-05 6.435549108083274e-05 6.661087771204697e-06 1.5032060171918166e-05 1.2220132697018243e-05 0.00028524683048888996 1.0490917194654996e-06 1.7192065266262024e-05 8.28910354013175e-06 1.4888740359829416e-07 1.2953987844641518e-06 5.564842965193373e-06 1.3201217755796604e-06 3.237423072875018e-07 8.530200177704997e-07 1.4764245223788401e-06 1.0640036395371536e-06 2.277828583193943e-06 2.0731677109792106e-05 4.23293066397042e-06 9.535549575344684e-06 1.4081570644215764e-05 3.6786652783208134e-06 6.046703938713848e-08 1.0813217224250745e-05 3.475233079960191e-05 0.0 6.080204739943243e-08 4.1943841619224527e-07 0.0 0.0 2.0641223236899296e-06 5.392429666408061e-08 8.142988841101736e-07 2.1790861748469953e-06 1.7197663322370357e-06 7.552725101555262e-07 3.702436134341603e-06 5.1984309487606204e-06 4.520904899534221e-06 2.124698728435518e-06 2.679055397416755e-07 1.7635249791741913e-07 0.0 1.0920625765483807e-07 0.0 7.866345508415355e-08 2.204635826256693e-07 1.8496591018860257e-06 3.8406487982819375e-07 2.4247920643985226e-07 9.272702979040502e-06 0.0 3.723371428723705e-07 0.0 4.5730567840936266e-07 3.7145442855804223e-06 1.9388277253531798e-06 4.012043740987608e-06 3.6848047668596493e-07 2.2779537502712514e-07 1.0283246286996e-07 3.288939464272974e-07 6.418307869206651e-08 4.2994260354310007e-07 2.603933021261049e-06 7.664489070452046e-07 6.5373602125996125e-06 3.0656460746958443e-06 2.9465306901245687e-06 1.9841316662477767e-06 4.864503707757731e-07 6.731903605606874e-08 0.0 0.0 8.14475969617952e-07 3.609820508457625e-07 1.2201844279968758e-07 0.0 0.0 3.480350776702786e-07 4.364148592379617e-07 3.1837617901402903e-06 6.6083609413150384e-06 0.0 0.0 0.0 3.617982380300162e-08 0.0 0.0 0.0 0.0 1.9267775023530194e-06 0.0 2.1042273702045966e-07 7.868533236402434e-08 0.0 0.0 0.0 6.807599835595939e-08 9.764232939640755e-08 4.640428496052709e-07 5.373657734646275e-06 1.480078075459295e-06 3.9239547867941746e-07 5.983481282602539e-08 1.6575355022556122e-07 8.449477696582937e-07 0.0 7.153283055707964e-07 0.0 0.0 2.2729659513902043e-07 1.1554906970866569e-07 0.0 0.0 0.0 0.0 0.0 3.557055023797319e-08 2.2374184751335133e-07 0.0 0.0 1.4656291341776927e-06 2.8297792774119923e-06 4.263451436714682e-06 0.00020456633019151833 9.616125012109569e-06 0.00015021404001383954 3.5554164868110584e-05 1.8082315538143104e-05 8.690069931086505e-06 2.9003886111226836e-07 1.0352277568691927e-05 3.081334254206414e-06 1.8577849411805646e-07 3.912752688440334e-07 2.5840995864159824e-07 1.2193177742045242e-06 3.211199846897853e-07 3.3468748568379225e-07 0.0 2.7140514362931204e-06 0.0 1.4741253809643246e-05 2.1321215621982057e-06
