0.0 0.0009631037268796622 0.00013237665427579716 0.0007098047384274629 8.10099492782043e-06 2.3473029458457294e-05 0.0001399506583809194 4.642481953717868e-05 5.927128254725579e-06 0.000484204339419071 1.5123098207910021e-05 6.730496410177149e-06 1.902177567788163e-05 3.241812184704469e-05 1.256528241103985e-06 1.9885372806843963e-07 5.405584419909837e-08 0.0 0.0 0.0 6.11462577796114e-08 0.0 9.959677980028331e-08 0.0 4.815274321841912e-08 3.928596349379731e-08 4.8279958395412965e-08 0.0 0.0 0.0 0.0002535449832429052 1.5172726501720667e-06 2.1279301469504873e-06 0.0 0.0 4.6150945733831434e-08 3.922481097879455e-06 1.4909771718057777e-07 1.1875297393017096e-07 0.0 1.5390513691419238e-07 0.0 1.1674485310384604e-07 0.0 0.0 0.0 9.569946565962042e-06 1.1013064365748868e-06 1.3330681213510106e-07 4.107810493295298e-08 9.451056801680557e-07 4.9689618805011564e-08 0.0 1.3992534032769248e-07 2.5319242309735177e-06 4.071803930834501e-06 0.00010202940724653678 0.0001987195908188067 1.2099984538685642e-05 5.5821233484781474e-06 1.023599689400004e-07 3.9718401026851855e-07 0.0 1.7635731942865719e-06 2.6856645011777865e-06 1.5398372186654263e-06 1.6784216709356937e-06 8.846165810881885e-07 4.165062371998667e-07 0.0 4.270722398020987e-06 2.533934629885887e-06 1.2076933553741007e-07 5.693669925696949e-05 7.027765772507463e-06 5.977243983814904e-06 1.2367715999942112e-06 3.785553673704959e-07 8.802793757453444e-08 2.9564880645221995e-06 0.0 3.894839772561318e-07 7.233890859705835e-06 0.0 1.9039951483557097e-06 1.6123245972227012e-06 4.78078127406689e-07 1.8638801719191937e-07 9.562881854481593e-07 0.0 4.128444753529309e-07 5.43588837399957e-08 3.1850165922098617e-07 0.0 0.0 2.73381652039762e-05 3.7328783346216416e-06 7.110823788880832e-08 8.613391099109861e-07 0.00042673222748671304 3.301282380047739e-07 1.1301525778874767e-06 0.0 7.113631124202477e-07 0.0 4.4156709511352476e-07 8.285247290437635e-07 0.0 3.128627549114568e-06 3.6755887172290166e-06 2.0608463764682902e-07 2.8066867824062475e-06 7.790774396881908e-06 7.68386548682336e-06 2.7570789342675797e-06 5.3125495497493926e-08 4.1532817519217515e-08 0.0 0.0 0.0 0.0 0.0 0.0 0.0 0.0 0.0 0.0 0.0 0.0 0.0 0.0 0.0 0.0 0.0 3.624564158034497e-07 6.112064644234129e-07 0.0 0.0 0.0 2.4266618541869116e-07 0.0 2.5209861541076194e-06 0.0 0.0 0.0 0.0 0.0 0.0 0.0 0.0 0.0 3.423638261261519e-07 0.0 0.0 0.0 0.0 0.0 0.0 4.7748950964404506e-08 0.0 0.0 0.0 2.5931687860621595e-07 4.1725952932743817e-07 0.0 0.0 7.498868517657308e-07 3.252883690692882e-07 0.0 0.0 0.0 0.0 0.0 9.973974021841843e-08 0.0 0.0 1.8637096160049412e-06 0.0 0.0 0.0 4.32189948980257e-08 1.579289804017234e-06 0.0 4.4366455417962175e-07 1.6273320720840757e-07 0.0 0.0 0.0 5.1938829056630434e-08 0.0 3.7688087495018314e-08 0.0 0.0 0.0 1.122091627522797e-07 5.2008151395276306e-08 0.0 2.1245305302951056e-06 7.948515878780636e-07 4.1023120110510393e-07 0.00012627645896776387 1.575950803084047e-06 6.251983441225496e-05 5.8172928516204895e-06 0.0002870197300845374 7.349120421938086e-06 3.878786238456407e-07 2.3287807466683876e-06 2.1726771178725806e-05 0.0 1.476320693502459e-07 5.894872221327285e-08 2.712673324921947e-05 0.0 0.0 1.3169907544989628e-07 5.209507690750734e-07 0.0 7.59679165105472e-05 1.2219542467407102e-05
0.0009631037268796622 0.0 0.001056998618352374 0.0006291240630629214 0.0007805120414643797 9.893742625780267e-05 0.002225166313853994 0.00012383037535712644 0.0006423391664645683 0.0009732603677703313 0.0005317315726989222 1.4885103168800804e-05 0.00032356353082417944 0.0006005180293505942 5.868734625143263e-06 7.095817423008575e-07 2.5829926237893475e-07 2.8952139333850617e-07 0.0 4.6331921337153946e-08 1.837167930033235e-07 0.0 4.131865338794625e-08 0.0 4.217094007515778e-08 0.0 0.0 0.0 0.0 0.0 0.001380975806417708 5.947981965572858e-06 1.0320048143867078e-05 3.7588287490708395e-08 0.0 1.0037849390637617e-07 1.101979280107422e-05 3.4798610341294977e-07 4.875773555098746e-07 4.812697199437126e-08 0.0 0.0 3.870518258757645e-07 3.4938618263744465e-07 3.075427580039009e-08 1.3410321358485835e-07 7.885582129802682e-05 4.294820022249536e-06 7.42539570459486e-07 1.086662956585738e-06 4.179849407473283e-06 1.0998383633943734e-07 0.0 0.0 6.395781711758087e-06 8.928871334012695e-06 0.00011398374410312925 0.00044444787836359924 2.7645074987658187e-05 3.154622174662131e-05 2.1172325223670845e-07 1.383416287346205e-07 0.0 3.9856749739292025e-05 7.754903049947772e-06 7.125301978399988e-06 4.9291368911943365e-06 2.244648032684843e-06 5.44504886453279e-07 3.1494049681224915e-07 6.290559868673954e-06 2.533818844209191e-06 0.0 0.00019955945768445016 8.73436282365833e-05 5.3567426614528186e-05 7.929386892451485e-06 1.3002935048062805e-06 1.1192118322347615e-06 4.235532661644189e-06 4.2981721417125145e-07 5.809246029596831e-07 1.897266551941423e-05 3.356935300811728e-08 8.072439005052612e-06 5.870153232600557e-06 1.465624998379795e-06 0.0 3.315309358260633e-06 1.0461911200741851e-07 1.851405369736231e-06 2.642004338988748e-07 4.074274061335369e-07 2.143208503673772e-07 1.5812187117645814e-07 4.921215180574281e-06 2.5823818262443745e-06 0.0 1.4774388520655181e-06 0.0004223216883241092 5.920460417090078e-07 1.4066589500899466e-06 2.8654360128049614e-07 3.2901227037143256e-07 9.271904568810513e-07 5.931478563571264e-06 5.982982939379395e-07 0.0 3.5795867992818143e-06 1.1629704630400922e-06 9.70860359540893e-07 3.6439349100018196e-06 5.397454748284623e-06 1.0404199413131938e-05 2.9109132040723785e-06 3.6086139192031175e-08 0.0 9.921077344759992e-08 0.0 0.0 0.0 0.0 0.0 0.0 0.0 0.0 0.0 0.0 0.0 0.0 0.0 0.0 0.0 0.0 8.734023328729948e-07 1.0561437984996001e-06 0.0 0.0 0.0 1.1357017250057897e-06 1.024256180903044e-06 4.387377639394516e-06 4.377204686878826e-07 2.1066744951697804e-07 0.0 0.0 0.0 0.0 0.0 0.0 0.0 0.0 0.0 0.0 0.0 0.0 0.0 0.0 0.0 0.0 0.0 2.500251486780405e-07 1.6665137695631916e-07 0.0 0.0 0.0 3.950796676558839e-06 0.0 4.757644755706929e-08 0.0 5.3761009374428506e-08 0.0 0.0 1.143495147524423e-07 0.0 0.0 3.2855128854046083e-06 0.0 0.0 0.0 1.4344597805012495e-07 4.8600456670825194e-06 0.0 2.3713279676523784e-06 6.253279771963566e-07 1.629810858109755e-07 2.67923292330495e-07 0.0 4.401433544491549e-08 0.0 0.0 0.0 0.0 4.463297705924894e-08 3.3978118882968837e-07 0.0 0.0 2.2333624755678437e-06 1.8213950903904117e-06 2.6913068394465692e-06 0.0001282885177934036 6.295982074105816e-06 0.0002539472402953358 2.2522319085542604e-05 0.0001952382103523774 2.2426553526535952e-05 1.6986965676043316e-06 1.6630629431564492e-05 4.5687010806095966e-06 7.201009548790852e-08 7.92646514792202e-07 7.8745145677883e-08 5.654817527959822e-06 0.0 0.0 3.5329741894933544e-07 4.779267068141287e-07 5.470033457655612e-07 6.919883588956111e-05 3.2897219619317286e-06
0.00013237665427579716 0.001056998618352374 0.0 7.630858736711189e-05 0.0004125323811653453 1.237838801559256e-05 0.00020493914543531015 0.0009366389666232487 0.00027504526451948387 0.0001564849457474386 0.0006923429448306822 1.2036207893964359e-05 0.00021751806030393875 0.00086821283592612 3.7670526727493897e-06 1.4028014591774316e-06 0.0 2.4167936542847337e-07 0.0 1.99998980227393e-07 1.033361065700134e-06 0.0 4.618188472694642e-07 3.033960703794058e-07 5.223988203436793e-07 1.5257495105254964e-07 2.79879111650078e-07 4.061034895166015e-08 0.0 0.0 0.0017688527413570751 6.015129877100378e-05 2.4471057469721022e-05 4.990486668011861e-07 4.955850743969637e-07 6.881498664393025e-07 1.614068259007281e-05 7.41712541074537e-07 1.019131899837349e-06 3.1079866289350765e-07 5.313533634834203e-07 6.803412606875628e-08 9.056148993076272e-07 9.4444239047157e-08 3.98871359749645e-07 9.486073208167613e-08 1.8851383103600495e-05 9.14638292939696e-07 1.635983539618233e-07 1.181596148633804e-06 1.3696148877379276e-06 3.9307298761379326e-08 0.0 5.190205509774419e-08 1.5009403961466662e-06 2.193178804919309e-06 3.871797732861142e-05 0.0002318504037942413 7.520909369797155e-06 6.761056495671923e-06 3.3717299369190675e-07 3.145076129786965e-06 4.320420537108234e-08 9.501773171296913e-05 1.3713993654311565e-06 1.248080106273523e-06 1.4107184753774348e-06 9.52777092846144e-07 2.1493610520708914e-06 1.1498494688275369e-06 1.2768958408476663e-05 2.7330243261941068e-06 0.0 4.868787036367178e-05 2.258287918396905e-05 1.672151916213761e-05 5.589715686325224e-06 3.097141953596987e-06 1.5192775943005703e-06 6.693497257676799e-05 1.857082188850903e-07 8.314976039822788e-06 4.016442448803852e-06 0.0 1.7939447305938168e-06 1.1040299485484373e-06 8.741512581680834e-07 3.7307079106835405e-08 7.204175397152342e-07 0.0 3.170961161964541e-07 2.4612354764828353e-07 2.2555012433321214e-06 3.601570005025341e-07 4.691053415462519e-08 3.6071948549264577e-06 1.794145749146781e-06 0.0 3.199782033953306e-06 8.91364332689799e-05 3.0880573431646115e-07 8.659152858787799e-07 0.0 0.0 5.312712682348963e-07 4.369045291940979e-07 1.638788560789148e-07 1.382572223407564e-07 1.9581850540114963e-06 1.4406219040726914e-06 7.758051836707058e-07 1.733380499755352e-06 2.709652846400203e-06 4.591868797928956e-06 2.008886197117125e-06 5.898170336927302e-08 0.0 0.0 0.0 0.0 0.0 0.0 0.0 0.0 0.0 0.0 0.0 0.0 0.0 0.0 0.0 0.0 0.0 0.0 5.679430167936211e-07 7.305886439157342e-07 0.0 0.0 0.0 1.4574276543753529e-06 4.741410898168444e-07 2.548079518586602e-06 8.36679621906552e-07 9.401415263113716e-08 0.0 0.0 0.0 0.0 6.39600486801791e-08 0.0 0.0 0.0 0.0 1.4534311581386793e-07 7.559770833895985e-08 0.0 0.0 0.0 0.0 0.0 0.0 0.0 1.1857874242326404e-07 0.0 0.0 0.0 2.036359127396822e-06 1.253779997771521e-07 0.0 0.0 0.0 0.0 4.014386725596455e-08 0.0 0.0 0.0 1.499957543271987e-06 2.163515026067268e-07 0.0 0.0 3.9592242845717795e-08 2.791607484721282e-06 0.0 1.3390563620408504e-06 0.0 4.60475753255368e-08 6.054187373809231e-08 4.667851199264924e-08 5.951416240392173e-08 0.0 0.0 0.0 0.0 9.012239726085316e-08 1.1940916188876447e-07 0.0 5.906076918411283e-08 1.7931973590856474e-06 9.49836964342626e-07 3.058565809256318e-06 4.531231606125498e-05 2.2123765455682915e-06 5.575459333699434e-05 1.0223364338866609e-05 3.237916180313012e-05 3.6768601416944396e-06 4.5759180752296984e-07 6.228021471911707e-06 2.3799162738985363e-06 0.0 1.1819068308828943e-06 1.2965880896614677e-07 3.2985541345840575e-06 0.0 0.0 2.2431784327659252e-07 5.548077199273933e-07 0.0 1.8236984102947423e-05 4.089491020934914e-06
0.0007098047384274629 0.0006291240630629214 7.630858736711189e-05 0.0 5.905402508769728e-06 0.0002886393430183413 0.00022293716391728332 2.062744755458334e-06 2.9480897236036057e-05 0.0010561093970411024 3.6377571103132194e-06 3.1743744952224363e-06 2.3866107218631297e-05 3.031868889753049e-05 6.194631829237488e-07 0.0 5.485697913898688e-08 3.978678177663541e-08 0.0 0.0 4.4446234111442704e-08 0.0 0.0 0.0 0.0 0.0 0.0 0.0 0.0 0.0 1.292670702817797e-05 3.6133128773968293e-07 4.95267482754977e-07 0.0 0.0 0.0 3.2712403757991736e-07 0.0 0.0 0.0 0.0 0.0 0.0 0.0 0.0 0.0 1.4559402631454013e-05 5.89779132712384e-07 0.0 1.594131702896513e-07 4.988318909855184e-07 0.0 0.0 0.0 1.1830534474891615e-06 2.2308596374015166e-06 2.614093361013439e-05 5.3021240960399094e-05 5.972679002926943e-06 5.4697838689858126e-06 0.0 0.0 0.0 2.8248710753046554e-06 1.2790184231756062e-06 1.1568375488594978e-06 7.060678727179651e-07 8.202368055732479e-07 9.263125221908046e-08 0.0 8.764789361618206e-07 8.00082271791128e-08 0.0 4.4000850206383275e-05 1.0461286707632096e-05 8.003617821293346e-06 3.96337148311267e-07 7.372732155658709e-08 1.1747341387250333e-07 3.7110971362045726e-08 0.0 1.0286050471612591e-07 3.950774051978707e-06 0.0 1.3803913467210968e-06 1.3361090777024101e-06 2.978352022379106e-07 0.0 8.906949534409081e-07 0.0 1.4149523313497177e-07 6.117501936726597e-08 0.0 1.6566841588757985e-07 4.6293686758455744e-08 1.4062967842984154e-05 5.711148488877164e-08 0.0 1.4774427861217602e-07 0.00025635165435821045 1.1433612724019494e-06 8.674352020464448e-06 3.9376729161848126e-05 9.592940450289282e-05 5.215118634709735e-07 3.2100666830113006e-05 2.2060783481306422e-05 6.828283025211088e-06 1.2123750542109074e-05 1.2123802030460143e-05 8.845964028959717e-07 4.390502722638459e-06 4.298724923198126e-06 3.370927028798749e-06 5.726087083192304e-07 0.0 0.0 0.0 0.0 0.0 0.0 0.0 0.0 0.0 0.0 0.0 0.0 0.0 0.0 0.0 0.0 0.0 0.0 0.0 2.0755057098926405e-07 9.325320517273239e-07 0.0 0.0 0.0 8.854226929548436e-07 1.232139923478955e-07 2.715127534967404e-07 2.8344677471859523e-07 0.0 0.0 0.0 0.0 0.0 0.0 0.0 0.0 0.0 1.8580478508915813e-07 0.0 0.0 0.0 0.0 0.0 0.0 8.089216663969715e-08 3.468208684121662e-08 4.023695922854562e-07 3.0664463911065675e-07 1.744631023034599e-07 0.0 0.0 1.2135507413589788e-07 7.097748536712592e-08 4.372867908301438e-08 0.0 4.0110522447706696e-08 4.895162411538798e-08 0.0 5.911952456955139e-08 0.0 0.0 6.647553413105884e-07 0.0 0.0 0.0 0.0 5.457377337254803e-07 6.968210793894356e-08 5.900815200835302e-07 4.387394163031816e-07 1.2909423733336963e-07 4.245449476744059e-07 0.0 0.0 1.1085282398198806e-07 0.0 0.0 0.0 0.0 9.680076277948456e-08 0.0 0.0 3.885468093233478e-07 1.2043565303436788e-07 1.305140757986371e-06 3.624414607095404e-05 1.268402055336761e-06 5.9023660382642776e-05 2.881138697615954e-06 0.00029859048179118903 6.816891458952886e-06 3.4426130049363756e-07 2.0986954657409724e-06 5.490962883307253e-06 0.0 2.274181488786051e-06 2.9665387337068075e-07 1.3585940234820594e-05 8.90419443277536e-08 0.0 7.732288787321512e-07 2.550268398628129e-07 0.0 3.9446999767334093e-05 5.410833009939854e-06
8.10099492782043e-06 0.0007805120414643797 0.0004125323811653453 5.905402508769728e-06 0.0 2.0363981854525336e-07 0.0013600011906767524 5.721305262173317e-05 0.002015333247684255 0.0005708392091258923 0.0014482698224016035 2.6065957891414846e-06 0.00023409563881877249 0.0006324920124258883 9.947140572554624e-07 1.4301855140475028e-07 4.961614602200302e-08 9.93367083282154e-08 0.0 0.0 0.0 0.0 0.0 0.0 4.3922072960128824e-08 3.8701114490915084e-08 0.0 0.0 0.0 0.0 3.999103948544735e-05 3.968545554483764e-06 3.5453968511555e-07 0.0 0.0 6.11977521414582e-08 8.69323476913428e-07 0.0 6.188787997564033e-08 3.970325295681472e-08 0.0 0.0 0.0 5.98542944751046e-08 0.0 0.0 1.074369787886091e-05 2.7767866085489674e-07 1.7606688389468835e-07 2.0227492643342933e-07 3.4699225080882273e-07 0.0 0.0 0.0 6.09149061202693e-07 4.6082783475941576e-07 4.946790158629392e-06 2.0804184844939362e-05 1.1857615838846095e-06 4.138171201180358e-06 9.989691613390014e-08 1.143362489585126e-07 0.0 7.116332285086436e-06 4.628297945350937e-07 6.767191008720298e-07 3.2901849152989073e-07 9.193040716216309e-08 0.0 0.0 3.5228599082121633e-07 0.0 0.0 1.4986096069726217e-05 1.4143016483650123e-05 1.0249673705142674e-05 2.113396649228864e-06 2.772678239654106e-07 2.3736731520461247e-07 2.1917897705051202e-07 0.0 2.029670708846769e-07 1.2604966279227556e-06 0.0 7.393907867055923e-07 3.1970619270872597e-07 1.290869943421212e-07 0.0 4.0117236790755715e-07 0.0 2.1842466008475968e-07 4.730822546580396e-08 4.878472576144625e-08 3.8224339332553127e-08 0.0 0.0 4.362899148031139e-07 0.0 2.3049715467664428e-07 4.091111798009758e-06 2.656764893967143e-07 7.922539506773175e-08 0.0 0.0 0.0 0.0 0.0 0.0 7.140739085863405e-07 1.2837043169365564e-06 1.4826872527559305e-07 2.3774438953655296e-07 1.5800965229727824e-06 1.8685719983211081e-06 2.981355309165232e-07 0.0 0.0 0.0 0.0 0.0 0.0 0.0 0.0 0.0 0.0 0.0 0.0 0.0 0.0 0.0 0.0 0.0 0.0 0.0 5.011218272846093e-08 7.835005102414764e-08 0.0 0.0 0.0 3.49218076116498e-07 0.0 3.7029097009728056e-07 0.0 0.0 0.0 0.0 0.0 0.0 0.0 0.0 0.0 1.1484021689065704e-07 0.0 0.0 0.0 0.0 0.0 0.0 0.0 0.0 0.0 0.0 0.0 4.2155810939081165e-08 0.0 0.0 3.745370189390639e-07 5.768358382274412e-07 0.0 0.0 0.0 0.0 0.0 0.0 0.0 0.0 1.4707120336402864e-07 0.0 0.0 0.0 0.0 9.26879086397523e-07 0.0 2.238889740437493e-07 0.0 0.0 0.0 0.0 0.0 0.0 0.0 0.0 0.0 0.0 0.0 0.0 0.0 2.4139804283975913e-07 0.0 7.847430829575281e-07 2.3253710370098898e-05 8.421307001255177e-07 2.3867529092948128e-05 3.549707359614004e-06 6.587029709959115e-06 2.529393307432412e-06 0.0 4.336167806888175e-06 3.0072101431784655e-07 0.0 9.510069749090083e-08 1.5754066170154353e-07 3.1409621047470707e-07 0.0 0.0 0.0 0.0 0.0 2.829921129234312e-06 0.0
2.3473029458457294e-05 9.893742625780267e-05 1.237838801559256e-05 0.0002886393430183413 2.0363981854525336e-07 0.0 1.0512999293892797e-05 3.7458232520174864e-06 1.493566318778193e-06 0.0005998427426579329 6.702470932832302e-06 3.834842789355385e-05 4.1862066987033494e-05 7.65060623902935e-06 4.806228156365573e-07 1.511403038258392e-07 0.0 0.0 0.0 0.0 0.0 4.7012014172257867e-07 0.0 0.0 0.0 0.0 0.0 0.0 0.0 0.0 1.7080118700128224e-05 0.0 8.080209364204092e-06 0.0 0.0 0.0 1.4448348268986493e-05 3.894416282977576e-07 3.107280055603753e-06 0.0 0.0 0.0 0.0 0.0 0.0 0.0 1.261045328087988e-06 0.0 0.0 0.0 5.818205910310205e-08 3.3325885988297755e-06 1.296653276582704e-07 0.0 0.0 5.404742038989907e-07 2.9465453585837388e-05 2.7128880080841684e-06 6.924514098177674e-07 1.913989349257095e-07 0.0 1.613135229196758e-06 0.0 2.081393901130754e-07 0.0 0.0 6.194574576547326e-08 0.0 0.0 0.0 6.401050348945291e-05 4.2945422670594145e-05 1.7129819462921426e-06 1.6682080645019013e-06 7.643265482426007e-07 1.1768410226959253e-06 4.133731716385993e-07 0.0 0.0 3.109566448547374e-06 0.0 5.730475855026365e-07 2.665920275336414e-07 2.651622490396374e-07 0.0 4.025077230409622e-07 0.0 8.942701359966055e-07 7.368732521794289e-07 1.7917736815344793e-06 9.288247552080208e-07 9.792177405926292e-07 0.0 0.0 5.2216004206372554e-08 0.00011922165687609563 5.988955449855043e-05 3.830554750999938e-06 1.4311672095462774e-05 0.00011092562322090755 6.581590740458712e-08 1.5526286417492254e-07 0.0 8.897994432266696e-07 0.0 0.0 5.941296669623595e-07 0.0 7.593730965816991e-07 1.8402159490524495e-06 1.1912073455676751e-07 1.1994981001160977e-06 1.50815618259976e-06 1.8610845696422923e-06 1.2474571188644405e-06 0.0 0.0 0.0 0.0 0.0 0.0 0.0 0.0 0.0 0.0 0.0 0.0 0.0 0.0 0.0 0.0 0.0 6.764743328486908e-07 0.0 1.8134637835582987e-07 2.9623312770851994e-07 0.0 0.0 0.0 0.0 1.5204618263750803e-07 9.358686393318918e-07 1.7434452461893413e-07 0.0 0.0 0.0 0.0 0.0 0.0 0.0 0.0 0.0 0.0 0.0 0.0 0.0 3.1974514858115843e-07 0.0 0.0 0.0 0.0 0.0 0.0 0.0 0.0 0.0 6.132074714902832e-07 0.0 0.0 0.0 0.0 0.0 4.177779591989553e-08 0.0 0.0 0.0 1.8730389012935482e-06 4.644927282233146e-07 0.0 0.0 0.0 4.90180372359722e-07 0.0 4.202104081129878e-07 0.0 0.0 0.0 0.0 0.0 0.0 0.0 0.0 0.0 6.319532104152859e-08 0.0 0.0 0.0 9.658217831977837e-07 1.3241275953528394e-07 3.247349985271264e-07 1.9499819291383133e-05 1.8753381633195453e-07 4.000357655631732e-06 1.8502082565577826e-06 6.331645839315079e-05 1.675047816488188e-07 0.0 5.821886071158144e-07 6.326544113104455e-06 0.0 0.0 0.0 6.215106587383726e-06 0.0 0.0 0.0 0.0 0.0 2.510040149622503e-05 5.359249087454398e-06
0.0001399506583809194 0.002225166313853994 0.00020493914543531015 0.00022293716391728332 0.0013600011906767524 1.0512999293892797e-05 0.0 3.234811644323248e-05 0.0007900202119418787 0.001030893728884104 0.00026278977603621417 3.0215744794870557e-06 0.0010780526077893947 0.0004961784251207901 4.152755658304308e-06 6.238519397308601e-07 1.779274340337598e-07 1.9694190596642281e-07 0.0 7.961531443892362e-08 7.958769489968167e-08 0.0 0.0 0.0 0.0 0.0 3.7840568990446024e-08 0.0 0.0 0.0 9.36736517594625e-05 4.1516025921298996e-06 3.508161805249595e-07 7.714948765733692e-08 0.0 0.0 2.442283423506703e-07 3.109612605335587e-07 1.2204391566292056e-07 5.310757134819698e-08 4.0913770177158567e-08 1.232368212945856e-07 2.999414851306904e-07 4.4234901058078505e-08 4.074580190417765e-08 9.60420188734381e-08 5.7276473488320036e-05 1.973711707086637e-06 2.0490884771440043e-07 7.404163371639508e-07 1.967052660218522e-06 0.0 0.0 8.928196082861782e-08 2.718159189635022e-06 3.2032090657813716e-06 2.9205286515301182e-05 0.00010223309002413471 8.851173314491999e-06 2.0410034166346394e-05 0.0 1.0398735787407387e-07 0.0 2.6324290717995552e-05 3.958083841037721e-06 3.057854938216494e-06 2.6461989205171997e-06 9.132233580696655e-07 3.3510557350445203e-07 4.737593691510991e-08 8.699698192125484e-07 4.6445883943936545e-07 0.0 8.541521239052469e-05 6.509033442992768e-05 4.0904465163404106e-05 8.048924207199095e-06 3.777639939391447e-07 7.572098405000825e-07 1.2997898524401449e-06 2.523798331113457e-07 5.888185377601888e-07 7.986255761176556e-06 0.0 3.5654595762668077e-06 2.3252342265224568e-06 7.204649076758427e-07 0.0 1.5384295117596915e-06 0.0 8.731621931511176e-07 5.28547155183234e-07 1.583190127756003e-07 7.936676563426091e-08 6.037514068063134e-08 4.2529308435501154e-06 1.0209619572838037e-05 0.0 2.6772042546233697e-07 2.583385278366488e-05 4.7147605012094195e-06 1.1019834488846672e-05 3.364626634420601e-05 1.4193884173478998e-05 1.2165979729658668e-06 5.30559762276263e-05 2.336617515935061e-05 4.059229305806261e-05 1.2674084942555184e-05 2.2759458414824767e-05 1.3032839074830782e-06 2.456445805684248e-05 6.563503386432802e-06 6.522771165888563e-06 2.0152063080594996e-06 3.3253328376768494e-07 1.2301293171946373e-07 0.0 0.0 0.0 0.0 0.0 0.0 0.0 0.0 0.0 0.0 0.0 0.0 0.0 0.0 0.0 1.461412153092913e-07 0.0 2.205907682820173e-06 9.11547552293678e-07 0.0 0.0 0.0 1.0483632600902955e-06 2.3125933374410032e-07 2.175306940401907e-06 1.0180555312300196e-06 1.8190122454475638e-07 0.0 0.0 0.0 9.001504471006718e-08 4.0003530543787854e-08 0.0 0.0 5.893552945033374e-07 1.464847657116966e-06 0.0 0.0 0.0 0.0 0.0 0.0 5.677528837652641e-07 4.482327538408706e-08 2.7214845190465537e-06 3.792134291901033e-06 4.7587441275736e-08 0.0 0.0 1.2895955105598387e-06 1.7532288503580498e-06 2.1449397889594882e-07 6.991108293543118e-07 3.505205943526498e-08 1.2097713725686682e-07 5.282417503999664e-08 1.3574804580573923e-07 0.0 0.0 2.2349385745066286e-06 0.0 0.0 0.0 0.0 2.8582365456226055e-06 3.1426444021666666e-07 1.1193446915352258e-06 2.041468883409943e-06 1.7697008340067337e-06 1.2805909066295478e-06 6.0531607323941e-08 1.1939674962575365e-07 3.69242960355271e-07 0.0 0.0 6.820842068886496e-08 0.0 3.5098721129092055e-07 5.772985601795469e-08 0.0 2.1820621477463638e-06 7.848169674790433e-07 1.2269042085420944e-06 0.0001025271315939987 4.352433861175722e-06 0.00015136283185985971 1.354220958119598e-05 5.4638420681919775e-05 1.2160245612772978e-05 5.797344893358477e-07 1.3348939895835642e-05 9.318026855139966e-06 0.0 1.599949494664004e-05 2.2761165185139687e-06 1.5876460790852444e-05 6.14971777002077e-07 1.010668124954415e-07 8.65774904085745e-07 2.3517417953005307e-07 0.0 2.5957817552628446e-05 6.395410203409461e-06
4.642481953717868e-05 0.00012383037535712644 0.0009366389666232487 2.062744755458334e-06 5.721305262173317e-05 3.7458232520174864e-06 3.234811644323248e-05 0.0 3.60176152233659e-05 3.5186738863365644e-05 0.0008185643738290261 1.3250935011306924e-05 0.00010515776436159264 0.0005754920689802268 1.942536153068879e-05 1.1923808664302314e-05 1.341741492171565e-06 4.699092279211976e-06 6.212881221900805e-07 6.420137826623268e-06 2.088717170268045e-05 6.608710753735788e-07 5.4824067677993805e-06 3.148240517528644e-06 1.5509195431582362e-05 1.326367555012316e-06 3.7240290853401534e-06 2.9256455264118575e-07 4.875979304136448e-08 1.787413539050885e-07 0.0011657249689362805 0.001216120228713308 0.00017147559017223216 6.399539198299732e-06 1.1634791972211247e-05 8.107689273000669e-06 8.922010923572783e-05 1.8472264159381498e-05 1.5942084602708642e-05 2.387384906864793e-06 8.536630752427564e-06 1.6378572774110792e-06 2.2558669209225212e-05 4.035590140683846e-06 4.211517373095407e-06 9.681308196554975e-06 5.5078414614361104e-05 1.7441257808168575e-06 1.9621195219924124e-06 2.3434160147283716e-05 1.347503800822859e-05 4.7498979407850914e-07 3.883301837772083e-07 3.6328115808618325e-07 1.0198653563872273e-06 1.765374141520067e-06 3.0307499801428888e-05 0.00021269893899201895 6.6296085686895235e-06 9.422252789932828e-06 2.040976423118251e-05 0.00010165527796893493 3.625627885969133e-06 0.0005418500768784315 1.2366918038694657e-06 1.8508831981534675e-06 2.046285054840867e-06 8.360421803721127e-06 2.8737124710110307e-05 2.2709508544224254e-05 7.701729240092183e-05 7.590574890985602e-06 7.389633871087327e-08 5.5506972137111655e-05 8.102990560046827e-05 6.955375534183856e-05 7.445227111406663e-05 7.151697709081867e-05 0.0004127271653391379 0.0015766816612063075 5.9114111524549954e-05 0.0008581335791208897 3.1729030890637924e-06 3.0233931495086806e-08 2.181932113513025e-06 9.681636766888674e-07 1.7319495215094366e-05 0.0 8.277258210982792e-07 1.9040582765844122e-07 1.2759378227173362e-06 6.588590415287453e-07 2.7044832984424395e-05 3.146396277644139e-06 2.8425774329639445e-07 2.0119482783587672e-05 1.8150936612562943e-05 4.1705593214937417e-07 2.518553368890383e-05 4.983748212113301e-05 6.388374301602914e-07 2.2476252086377883e-07 2.132680199789102e-07 1.0238495275172165e-07 1.5152048753485256e-06 1.6492321126600395e-07 4.634154940635042e-07 0.0 2.360791416976013e-06 2.2294888817727107e-06 1.6884534091651677e-06 2.6926605755486363e-06 4.909130838732813e-06 9.280388242384342e-06 4.97819456051562e-06 1.5514437364672298e-07 1.3568565389772366e-07 7.678992874157732e-08 0.0 0.0 0.0 0.0 9.588018159719858e-08 0.0 0.0 0.0 2.5908837275119466e-07 0.0 0.0 0.0 6.248247846549763e-08 2.618924382079118e-07 4.711832986330083e-08 0.0 2.788232064465295e-06 1.5483284898665892e-06 0.0 0.0 9.403177624137814e-08 3.829906812838431e-06 7.730709965498882e-07 5.865643848432556e-06 4.229679732653512e-06 3.6632185897938516e-07 1.6890485486253258e-07 1.6933438528129887e-07 4.8544189328015215e-08 0.0 0.0 0.0 0.0 3.1130870772536346e-07 1.1751301289851554e-07 0.0 0.0 0.0 1.125957443367162e-06 1.297669158699632e-07 0.0 0.0 4.069026529202829e-08 3.0228416002331975e-07 5.6843615630358e-07 0.0 2.734996171956378e-07 0.0 5.204986528457133e-06 1.0136434916622438e-06 5.454491140484875e-08 0.0 0.0 0.0 4.5704458901528305e-08 0.0 0.0 1.9468347217117677e-07 4.684504711508796e-06 1.6076616466132828e-06 0.0 0.0 4.176962426296417e-08 5.596416003216501e-06 0.0 3.5952450704311183e-06 4.806112238451693e-07 8.213886635806514e-07 3.197708236327084e-07 1.3681534113896925e-07 9.471954183858053e-08 8.859509384319278e-08 0.0 0.0 0.0 4.8906555278557435e-08 2.699117909618568e-07 0.0 0.0 2.9384705617836738e-06 5.455605875908085e-06 6.764586377975718e-06 8.500439283312592e-05 5.327002779499954e-06 9.411671116022062e-05 2.6881702473600193e-05 2.3786536726587178e-05 4.768857699582621e-06 4.97205704207669e-07 1.5364911379336983e-05 4.278412188662343e-06 4.895184651428939e-08 1.208644964208523e-06 4.927399853591092e-07 2.2761207531092667e-06 0.0 0.0 2.788350750343881e-07 1.3916433937333576e-06 0.0 2.748614305853727e-05 7.299176438897679e-06
5.927128254725579e-06 0.0006423391664645683 0.00027504526451948387 2.9480897236036057e-05 0.002015333247684255 1.493566318778193e-06 0.0007900202119418787 3.60176152233659e-05 0.0 0.0004416350633253676 0.0009391175756163972 3.003666505202081e-06 0.0007749433464623903 0.0010169477297507395 8.062368337999221e-07 3.32499530226311e-07 0.0 3.744234873052876e-08 0.0 6.327233116922569e-08 0.0 0.0 0.0 0.0 0.0 0.0 0.0 0.0 0.0 3.504965812820792e-08 1.7842953105017316e-05 1.987081379335649e-06 5.339508176558811e-06 0.0 0.0 0.0 1.7937382091707384e-06 2.9230771196396932e-08 0.0 0.0 0.0 0.0 4.481757115280508e-08 2.1769053633817676e-07 0.0 0.0 9.85244385365195e-06 9.454383167951828e-08 0.0 1.2838756482415734e-07 3.671761682944432e-08 0.0 0.0 0.0 4.5966079351890593e-07 1.6403431591638695e-07 2.28434404866119e-06 9.143288903859061e-06 5.86248114370959e-07 2.2299593816755843e-06 0.0 3.0219953423594484e-08 0.0 3.928046125481485e-06 2.778542808522422e-07 2.8038033866603215e-07 8.662818593761054e-08 1.2691017192751887e-07 6.491853384820173e-08 0.0 1.3782292116501592e-06 5.769320588115951e-07 0.0 8.156920311281763e-06 7.300010515923489e-06 8.158760635142373e-06 1.4921672944457848e-06 1.3466233944994166e-07 3.34989938097284e-07 1.9295993003380614e-05 0.0 1.393652857969263e-07 5.605861452861013e-07 0.0 4.135364154376206e-07 1.72800898925145e-07 8.815802891029372e-08 0.0 1.3094355332252956e-07 0.0 1.480301964430558e-07 0.0 0.0 0.0 0.0 1.0281489490899468e-06 7.193256843303517e-07 0.0 2.8332030487846016e-07 2.460319806108723e-06 9.61012821698812e-08 9.761356464552513e-08 1.6169449614478918e-07 0.0 7.356784952271792e-07 7.211658729483824e-07 9.13160091592997e-08 0.0 1.7442986899519183e-06 1.1082478489022402e-06 3.6714350570984236e-07 1.151015449165179e-06 3.052325244991272e-06 4.302690163372983e-06 1.8102003922408079e-06 4.910613124405279e-08 4.7153856585104877e-08 0.0 0.0 0.0 0.0 0.0 0.0 0.0 0.0 0.0 0.0 0.0 0.0 0.0 0.0 0.0 0.0 0.0 4.0348207667113906e-07 6.572486961645348e-07 0.0 0.0 0.0 1.0175563839443325e-06 5.6330720486095526e-08 1.6062537293302088e-06 3.6162096230876207e-07 0.0 0.0 0.0 0.0 0.0 0.0 0.0 0.0 0.0 1.4212396985619467e-07 0.0 0.0 0.0 0.0 0.0 0.0 0.0 0.0 0.0 5.6010838736502644e-08 0.0 0.0 0.0 1.8091010744711662e-06 0.0 0.0 0.0 0.0 0.0 0.0 0.0 0.0 0.0 2.0340938082518044e-06 0.0 0.0 0.0 0.0 1.7622777327074537e-06 0.0 5.124789637885648e-07 0.0 4.5541322094410897e-07 9.443202213453256e-08 0.0 1.275424249556964e-07 0.0 0.0 0.0 0.0 0.0 0.0 0.0 0.0 8.517944252755878e-07 1.4570705328313375e-06 6.581688145166747e-07 2.5797455829986574e-05 9.955189609551124e-07 1.895018491251693e-05 3.6464692566827725e-06 4.304805654782434e-06 2.2028736538940134e-06 2.2842335705042223e-07 5.206167006798833e-06 1.3986213455991334e-06 0.0 1.3937828711648678e-07 2.1757930082278787e-07 2.417838616560716e-06 0.0 0.0 0.0 3.289850896192123e-07 0.0 5.03610741476474e-06 2.4183724009726016e-06
0.000484204339419071 0.0009732603677703313 0.0001564849457474386 0.0010561093970411024 0.0005708392091258923 0.0005998427426579329 0.001030893728884104 3.5186738863365644e-05 0.0004416350633253676 0.0 0.00015674554425681655 0.0007786138033970987 0.004386637408892674 0.0004006236125092571 9.63076461706021e-06 2.0460399562245667e-06 1.580768414097049e-07 8.677096903770266e-08 0.0 2.264064935429597e-07 4.2072053709577944e-08 4.7785189963771165e-08 0.0 0.0 9.668018951562728e-08 4.691390920822351e-08 0.0 0.0 1.2648801974257616e-07 4.5894423628014334e-08 7.029136661275072e-05 8.965686580954465e-06 1.626879237265833e-05 0.0 9.242163223833521e-08 0.0 2.9915549330194465e-05 8.677049388545525e-07 9.427432808971838e-07 1.1593682079262346e-07 0.0 4.380009317348969e-08 2.2807612624673775e-07 1.0658812368639239e-07 0.0 6.473293294880814e-08 0.00013002723405454214 2.5101103669664574e-06 4.88601430321468e-07 9.111866920438063e-07 2.3049829852829124e-06 4.298139623386661e-07 5.472094915148196e-08 1.0705477668934987e-07 4.3396346691573256e-06 4.942069107809678e-06 5.325145928696123e-05 0.00011253385491196982 1.3147674696479273e-05 3.4737019333798806e-05 8.901438790171338e-08 1.5611325145530043e-07 0.0 3.659364291808267e-05 4.081793912167543e-06 3.3958427564022875e-06 3.18249213626924e-06 1.5473729259381904e-06 1.3260283546122066e-07 1.1288172107325094e-07 5.6652404126614516e-05 1.943234493433304e-05 9.753510591957834e-08 0.00012410651836558873 8.953831572352039e-05 7.28713140726419e-05 1.4157448278955213e-05 2.058427776393956e-06 1.0836305776189951e-06 2.874397336105804e-06 4.4150704440475513e-07 4.5195474972540006e-07 1.0492558133007624e-05 7.869106968554558e-08 5.10502115854246e-06 3.7972369071061845e-06 1.0444822159319657e-06 5.4161471655703166e-08 1.437194956395561e-06 2.7200702002815876e-07 1.2514518268937317e-06 2.0675278405445885e-07 1.5895910386235706e-07 1.9289481097428901e-07 9.051506355901644e-08 0.00016674628512248002 7.329015990721446e-05 4.3539099046519995e-07 5.605132285003465e-06 0.00045944640538986547 5.359969975460956e-06 1.395753273738592e-05 7.62169366055305e-06 1.4024535762039957e-05 7.373602676050445e-06 2.1915850673433305e-06 2.0738971431185632e-05 1.2238938350450283e-06 4.1388580134676766e-05 4.586441256726696e-05 1.4625656817969284e-05 5.178437728124894e-05 7.437137168039254e-05 0.0001258102729754508 4.185745004594815e-05 2.664487906195748e-07 3.004720237207716e-07 0.0 0.0 0.0 0.0 0.0 2.297022168520895e-07 0.0 0.0 0.0 0.0 0.0 1.6505599543170458e-07 0.0 3.2581958387224526e-07 0.0 0.0 0.0 2.0130924738224e-05 1.7740086033522814e-05 0.0 0.0 0.0 1.5088169901441827e-05 1.7001158963553607e-06 2.75087035937965e-05 1.1897318136088709e-05 1.0635879796082645e-06 0.0 0.0 0.0 3.281051593496343e-07 5.828586529302778e-08 0.0 0.0 5.955114854338149e-07 1.7304859840643558e-06 0.0 1.6125700745182127e-07 6.558657626931821e-07 8.409816701906309e-08 0.0 0.0 0.0 0.0 1.570051597089533e-06 3.714512564219688e-06 2.0147158012716714e-06 0.0 0.0 3.686961565914817e-05 3.252494721025107e-06 1.4848905045751134e-07 2.724349906492247e-07 4.5297973817572375e-08 1.537842060088585e-07 0.0 5.343914406706637e-08 0.0 0.0 4.127220851201032e-05 8.026715179414319e-07 8.441562041308388e-08 0.0 8.760200761365838e-08 4.115672232849438e-05 8.304199042874709e-07 1.377121963255909e-05 6.912612420969022e-07 2.175821075570314e-06 1.8468488099526194e-06 2.5223343152101985e-07 1.007573522381528e-06 1.4425624036114268e-07 9.524656712709761e-08 0.0 2.480306272439974e-07 6.532371459265484e-08 1.4332286222585426e-07 0.0 0.0 3.581002336131574e-05 2.1301482733491667e-05 2.4987676821835468e-05 0.0005371787778981221 8.611739017886952e-06 0.00031070086771311064 5.3889989379872095e-05 0.0005326348739043182 3.05684910822937e-05 2.3755142723352294e-06 7.203063208497088e-05 8.31490073014507e-05 0.0 7.3290333201039515e-06 1.5223751301346431e-06 0.00014945963231652526 2.615917789363376e-07 1.6212607744207332e-06 5.410927824001226e-07 2.5632094360647614e-06 0.0 0.00021704446959129508 9.226852440749336e-05
1.5123098207910021e-05 0.0005317315726989222 0.0006923429448306822 3.6377571103132194e-06 0.0014482698224016035 6.702470932832302e-06 0.00026278977603621417 0.0008185643738290261 0.0009391175756163972 0.00015674554425681655 0.0 4.850115302479852e-05 0.0006900901521444999 0.0027893155808110244 1.0119423612632456e-05 4.013596154604383e-06 3.8136265460589285e-07 1.3186435690371696e-07 7.596210292812972e-08 0.0 6.37370435914989e-07 0.0 0.0 0.0 3.1954518792567147e-07 2.167356756711689e-07 3.1059017594500335e-07 0.0 0.0 0.0 0.00031028870824741176 6.250000875535636e-05 0.00033020256610390337 7.605746096519269e-08 1.496976201847726e-07 2.588207968188996e-07 0.00017975673406469094 4.7987365832531745e-06 9.533202351426146e-06 1.265742323761665e-07 3.3663999368695733e-07 1.8954840475876355e-07 4.038404184037221e-07 1.1200859200250915e-07 5.495984764705806e-08 2.3178271349386872e-07 4.030627235266401e-05 3.015770156677896e-07 1.8009032946850932e-07 3.2000298404265005e-07 1.0649259975177052e-06 0.0 0.0 0.0 6.181588313993555e-07 6.912580323397845e-07 9.294990181865176e-06 4.880265135032531e-05 2.1818647897591015e-06 7.287429458157295e-06 5.18739907606994e-08 1.3294314082322325e-05 0.0 2.9031802728527713e-05 6.165386223433288e-07 8.655514532976444e-07 7.194142652117031e-07 7.277091251236296e-07 7.942613712476423e-07 2.625365505072371e-07 0.00012127523904626353 3.2924197537728705e-06 5.38896100364703e-08 2.5592920146590993e-05 3.2882316206104033e-05 4.222900358663024e-05 1.6312362832955333e-05 4.4751015486546614e-06 6.458004933212356e-07 0.0005697284768558572 0.0 1.6084264061090736e-05 1.7117215756531976e-06 0.0 7.148404604970608e-07 3.124531273911318e-07 8.580637090528201e-07 0.0 2.439187119882759e-07 0.0 5.089993256041452e-07 1.2659180188937744e-07 1.1136344554829227e-06 2.606556448579061e-07 5.807973757611268e-08 3.819423863603233e-05 2.7266336249388094e-05 0.0 2.2288409980087725e-05 1.57839546710747e-05 8.230700714046414e-07 8.018469559821318e-07 7.47537922655347e-07 3.0256887269258514e-07 1.2913378256289083e-06 0.0 8.524883158587508e-07 1.0724135133528477e-07 2.5944484933839644e-06 2.1298656906001906e-06 1.3674447733550541e-06 3.758916296097838e-06 7.0415166785489536e-06 1.4692138789045841e-05 4.8385021589940236e-06 4.2825811672686215e-08 8.471391143689718e-08 4.4468320726664603e-08 0.0 0.0 0.0 0.0 0.0 0.0 0.0 0.0 0.0 0.0 0.0 0.0 1.605117186793097e-07 1.583723855065468e-07 0.0 0.0 2.4089701027257415e-06 1.59951650624286e-06 0.0 0.0 0.0 1.8573840352517481e-06 4.5817085912746276e-08 2.9531734343010596e-06 1.0651520840333263e-06 1.2524112527489994e-07 0.0 0.0 0.0 4.352373248458917e-08 0.0 0.0 0.0 9.049660745559044e-08 1.707719297045087e-07 0.0 0.0 0.0 0.0 0.0 0.0 0.0 0.0 0.0 0.0 5.704361114837545e-07 0.0 0.0 5.45661604177217e-06 9.333261780964277e-07 4.849312774240902e-08 0.0 3.949399662832715e-08 0.0 0.0 0.0 0.0 0.0 4.2659045495821306e-06 6.132177559367781e-07 0.0 0.0 4.861255595246313e-08 5.091276191152716e-06 1.155615707327526e-07 1.467886401500914e-06 1.4428885485949455e-07 3.88803815297045e-07 2.968769184310554e-07 0.0 1.1949040961715048e-07 0.0 0.0 7.416223162445494e-08 0.0 0.0 6.293866669852687e-08 0.0 0.0 3.6633308531528117e-06 3.2610764634982827e-06 3.02851498418646e-06 0.0001010182905610306 4.063201418107169e-06 6.763027346048841e-05 2.2821323727322693e-05 2.626103217255282e-05 4.083034483293482e-06 3.2760511345217e-07 2.0387091059895887e-05 3.674873602577723e-06 0.0 9.707428157107198e-07 3.8849706409880667e-07 4.0107923836759405e-06 7.656013657939656e-08 0.0 0.0 1.3113197838743196e-06 2.2828660576918306e-07 3.846371860646781e-05 7.252649284384387e-06
