0.0 0.001506981575611413 0.00010366931990995288 0.0011162014440166549 8.808098812260003e-06 2.8583321289274798e-05 0.0001426016159597888 3.081734366587606e-06 1.6094229548421777e-05 0.0007141746115513593 7.098216861111752e-05 1.991078726224078e-05 1.8695782870223336e-05 1.062900300269519e-05 2.6865542419212417e-07 9.564420183750056e-08 1.1870144939805219e-07 0.0 0.0 1.1061628046079205e-07 4.3857614191864726e-08 0.0 0.0 0.0 8.10586110304937e-08 6.261941365118288e-08 0.0 0.0 0.0 0.0 0.0003024346759339215 1.6614573712624031e-06 6.065094042757657e-06 0.0 0.0 7.011230589706465e-08 4.5187496055806935e-06 0.0 7.698762263573078e-08 0.0 6.94455547621134e-08 3.743261476831674e-08 0.0 1.431855533853905e-07 0.0 0.0 1.0823611331650708e-05 1.0023958591867102e-06 3.9794064404146447e-07 9.396459826995854e-08 9.142101885168649e-08 8.049871063726816e-07 1.7609839692265274e-07 1.3262925894241084e-07 3.28561574390625e-06 1.2714974993775075e-06 0.00010881850028783118 0.00023671663322794815 2.0985105043828487e-05 5.728173475700125e-06 0.0 6.447279092039487e-08 0.0 2.0967077633081303e-05 2.9770253797096024e-07 6.355569599202325e-07 0.0 4.321949193282199e-08 4.8043572006773225e-08 4.178797583211166e-08 8.214072212475267e-06 6.789892904934375e-06 6.68093723585293e-07 5.8819004278363925e-05 8.475694196304303e-06 4.249908907129621e-06 1.222175646253787e-06 2.0507055422268252e-07 5.755638630181884e-07 8.150016819880502e-06 5.7718742195591746e-08 2.725778991382356e-06 4.847815384406884e-06 0.0 5.677465771280146e-07 1.3880105730869194e-07 2.9379234849616605e-07 2.65144713383157e-07 1.0681131124354626e-07 3.8164600936503076e-07 5.486203268965028e-08 6.877040014625846e-08 0.0 0.0 0.0 9.099718856925603e-05 1.6951462754577286e-05 1.0442204817474468e-06 3.2608509226837335e-06 0.000521521907439437 2.466548621347278e-07 1.4496793650541539e-06 1.067968582204624e-06 2.8969427373824177e-06 3.835627782844058e-07 2.7201132295872234e-06 8.809979769978489e-07 5.154891535341557e-07 2.1989330395438594e-06 2.9678337470974095e-06 6.036998096969364e-07 9.649436649506016e-06 4.6705829313091414e-06 7.041661755183355e-06 2.617529560155401e-06 0.0 3.757960779750259e-07 0.0 0.0 0.0 0.0 0.0 0.0 0.0 0.0 0.0 0.0 0.0 0.0 0.0 0.0 0.0 0.0 0.0 2.979978849754745e-07 2.7974638408216067e-07 0.0 0.0 0.0 5.835213327881788e-07 3.590042078874152e-07 7.407780690642062e-07 8.732354422762781e-07 3.05212980316301e-07 0.0 0.0 0.0 0.0 0.0 9.671471371793624e-08 0.0 0.0 3.474902018255947e-07 0.0 0.0 0.0 1.2986671582272192e-06 8.309377985409259e-08 0.0 0.0 0.0 0.0 1.7016852400613523e-07 0.0 8.169394953606311e-08 0.0 6.705204456120885e-07 4.0879137765593534e-07 0.0 0.0 0.0 0.0 0.0 0.0 0.0 0.0 4.658156316058493e-06 1.0497903908364023e-07 0.0 0.0 0.0 1.851345149261239e-06 7.189391615393181e-08 1.432012074795978e-07 0.0 7.841698082537924e-07 5.72126373361187e-08 0.0 5.735650075155116e-08 0.0 0.0 0.0 0.0 0.0 0.0 0.0 0.0 1.2716635854205956e-05 1.0608468169189199e-06 1.676696228268704e-06 0.000446782663555327 2.0361751083014095e-06 4.144527835999352e-05 4.1986062748244794e-06 0.0004475182933274192 2.7491675116316778e-05 7.43247153954104e-08 3.2469590127133885e-06 8.000297913584997e-06 0.0 7.069200709259356e-07 3.4647327619528104e-07 1.642952716711954e-05 0.0 9.934925318476618e-08 0.0 8.626749179741247e-08 0.0 0.00017584643222550534 8.42966087993348e-07
0.001506981575611413 0.0 0.000407098607430559 0.00043837586198321936 0.0012867040352545884 2.682014691981165e-05 0.001274075507752601 0.00017696466144051873 0.0011203170955346035 0.0009004280413956502 0.0008483557500330754 6.294686295297232e-05 0.0005625980899087682 0.001024713202306804 4.3884129584292034e-06 1.2609160105596575e-06 8.544342766062256e-07 9.046924831709831e-08 1.467657294884626e-07 1.2983165900697492e-07 2.148480363898074e-07 7.517812101686234e-07 0.0 0.0 0.0 1.6599395829057804e-07 0.0 1.141071032994178e-07 0.0 0.0 0.0011687946935759806 1.5098722848418854e-05 2.5497707161686515e-05 4.735313687401694e-08 2.065213718175335e-07 6.832813281953943e-08 3.3689795960507813e-06 9.435614785789081e-07 2.623753325936811e-07 1.00585866372739e-07 8.234822278729967e-07 8.491042684190541e-07 1.4581600760361676e-07 8.925496139435629e-07 1.6239525194973887e-07 4.23964730090967e-08 0.00011387682041852968 7.65514200353018e-06 1.8958210499622889e-06 1.8975758028227308e-07 9.669447868222672e-07 8.394570321720156e-07 1.2964327160380992e-07 1.71380171785974e-07 1.8280605429539833e-05 5.4811245156178665e-06 0.00016473367455760023 0.0006554373543408061 7.840064534625065e-05 5.0733295222633134e-05 4.733645443797821e-07 2.078030099081856e-06 0.0 3.586967695512739e-05 2.564781842457727e-06 3.3180678380825493e-06 5.874974285302706e-07 1.1496307254491976e-06 5.370179597594248e-07 9.378990629116878e-07 2.10341310638955e-06 6.953387165080768e-08 7.902973276669181e-08 0.00033416536212690267 0.00011510912865829017 7.878082261233565e-05 1.0914407930094862e-05 3.577965107880109e-06 7.745704224392938e-06 0.00025996688534405543 1.5851502457996983e-06 2.5983175176947297e-05 3.549095013506848e-05 1.2761248126691519e-07 3.5243262857904607e-06 2.3248632138289647e-06 1.6156129323638976e-06 0.0 6.191326256303097e-07 1.4933327810871954e-07 2.5460673226208923e-07 1.368379929221013e-07 9.168826400548078e-07 5.123259499589257e-07 7.687275323789618e-07 7.253500288949087e-06 1.589779595690204e-07 0.0 8.273679018392077e-07 0.0004660115883078617 4.3201681936032943e-07 1.4210546908860996e-06 1.990833319676537e-06 4.7354396231234015e-06 1.4957330755323155e-06 1.7258383786573826e-06 1.3066355300274069e-06 2.302313352538215e-06 1.141341855652797e-05 5.735112533564499e-06 2.454334611753317e-06 1.7305435691596517e-05 9.274664080959197e-06 1.5865607451642286e-05 4.238793447798842e-06 1.5960464152518849e-07 3.809621941828143e-07 0.0 0.0 0.0 0.0 0.0 5.026226690820747e-07 0.0 0.0 0.0 0.0 7.299553537476813e-08 0.0 7.088948969722232e-07 0.0 0.0 0.0 0.0 2.3059616924402614e-06 1.8570717800554801e-06 0.0 0.0 0.0 2.910379344989938e-06 0.0 1.6686808419654112e-06 1.4092691744620605e-06 0.0 0.0 7.723850590691667e-08 0.0 0.0 2.0404301980027198e-07 2.506913408237338e-07 0.0 0.0 6.069867276148394e-07 0.0 0.0 0.0 4.084786733660555e-07 7.518664259639822e-08 4.702111903911563e-08 0.0 0.0 3.0564932664356873e-07 5.683351783007379e-07 2.5452004224230793e-07 2.3660901488528275e-07 1.0522946442135427e-07 3.744486143579777e-06 4.391227216698916e-07 0.0 0.0 0.0 0.0 0.0 0.0 0.0 5.82958548619169e-08 5.891379052979112e-06 6.187096156111687e-08 0.0 5.7760514565533175e-08 6.367516721955347e-08 3.56893751587483e-06 5.605875746205243e-08 1.0973876343696144e-06 0.0 5.13871202272976e-07 6.512334607319719e-07 1.0839907906518953e-07 5.004504978111999e-07 4.985806510048439e-08 0.0 0.0 0.0 9.483212511357525e-08 0.0 0.0 0.0 1.9029595426739872e-05 1.7890194677965383e-06 3.458500564571774e-06 0.00033390486420706 8.434382708283524e-06 0.00033100633505958854 4.0466586975066875e-05 0.00028919637110192846 8.772833086058096e-05 1.2381532383232395e-06 1.4678069298685873e-05 8.986747974942866e-06 4.0127637606067793e-07 1.2410960473558013e-06 1.7123551984123875e-06 1.261162492849162e-05 5.7891230469972445e-08 0.0 0.0 3.67686509217639e-06 1.7568031571377362e-07 7.995448717466904e-05 3.7260849225429434e-06
0.00010366931990995288 0.000407098607430559 0.0 3.7700156373779657e-07 0.000668989945038356 2.3248053977196685e-07 0.00016973607271636809 0.000780310040990017 0.00046079809987058706 6.476877062025478e-05 0.0009054887439212191 2.5436241929181415e-05 0.0001601726743910756 0.0010505869048198309 3.565058377502993e-06 1.0863475131288686e-06 1.4403009518229073e-07 1.3269567134670367e-07 4.0830910943875794e-08 6.042983689141915e-08 1.6617580929597704e-06 2.317568313538275e-06 1.315863492028363e-06 7.451302848481027e-07 1.6028358815154682e-07 7.390240432735749e-08 6.036017476626052e-08 1.0012034566635682e-06 0.0 0.0 0.0013625594881319974 9.402952166339825e-05 3.651648056026719e-05 7.335661109693578e-07 3.7598761869200994e-07 3.1884871667877274e-07 3.6669295024526833e-06 2.620920915023598e-06 1.0034475837439208e-06 1.1182137256145538e-07 4.219473568031001e-06 2.1604412447400537e-06 4.5819585965259476e-08 4.966714179029523e-07 5.983677287582603e-08 4.64540901481789e-07 1.8505721686074697e-05 7.067112653136721e-07 3.8172863422100973e-07 4.3210791196857655e-08 2.0933898826603968e-07 5.34469836355685e-06 2.61806527001213e-07 2.7637054271456127e-07 2.2960480192518372e-06 4.791347230404076e-07 3.50053825373539e-05 0.0003358607079669555 9.9029255380447e-06 5.991354562322253e-06 4.791213300931413e-06 6.290526580685523e-06 2.0832271740025145e-07 4.496261272070538e-05 2.6436778506167304e-07 3.133050062047574e-07 1.8300844028293092e-07 2.7595444990102026e-07 4.7448376592056107e-07 3.5527120090678377e-06 1.0560795848668376e-06 5.172748932261897e-07 1.493908973869617e-07 5.0092671443754737e-05 2.2511707884679678e-05 1.266982680656781e-05 5.763862211519477e-06 1.4221300403917992e-05 0.00011923797865241557 0.0005997398768814275 1.0963757656905957e-05 0.00017700477301028371 3.5764344090131497e-06 5.896271043783538e-08 4.6606856754373775e-07 1.450414533056577e-07 3.844389415926224e-07 4.508178645215735e-07 3.0317208330734423e-07 8.570779426068099e-07 7.473644579008839e-08 1.8945381493410212e-06 4.043092521715276e-06 1.6150655974241202e-07 1.3670407550031966e-06 2.6572935383304496e-06 9.657689181076339e-08 0.0 1.0586735128652469e-06 7.597564267887868e-05 0.0 0.0 3.757003658624579e-07 0.0 0.0 1.391804110035211e-07 1.0971440860678982e-07 0.0 4.51132565240712e-07 0.0 4.3432573197606203e-07 1.4529538625308741e-06 7.367646838798446e-07 2.661333584080183e-06 7.399517602500125e-07 7.242255616057013e-08 0.0 0.0 0.0 0.0 0.0 0.0 6.466121447620241e-08 0.0 0.0 3.231672904203325e-07 0.0 2.8975484949924924e-07 0.0 0.0 0.0 0.0 1.7508689418871574e-07 0.0 5.810622581632961e-07 2.415867316390253e-07 0.0 0.0 0.0 3.417051523780164e-07 0.0 4.968548845297756e-07 5.406380845324718e-07 6.446224238270221e-08 0.0 0.0 1.6907991571964264e-07 0.0 2.1489559318255063e-07 0.0 0.0 0.0 3.835481364641888e-07 0.0 0.0 0.0 3.76234790291898e-07 4.5225098740639547e-07 0.0 5.918408511881165e-08 0.0 0.0 0.0 0.0 1.3062012805534045e-07 0.0 5.666668342728582e-07 1.656471741096911e-07 4.450163334859704e-08 3.8319672072810015e-08 0.0 0.0 0.0 8.945245122951359e-08 0.0 5.651810490387785e-08 7.477869778508714e-07 2.7165763603329193e-07 1.3148765489895719e-07 5.570502393988279e-08 1.3187286130491289e-07 4.038368950004466e-07 1.0559553804550105e-07 2.547014401345875e-07 6.546766343877677e-08 0.0 4.330980525077498e-08 1.5655615831856674e-07 9.274779673008187e-08 0.0 0.0 0.0 0.0 0.0 0.0 0.0 1.1896602246986892e-07 3.2794276487321166e-06 1.0110023773477021e-06 1.8587295273421437e-06 6.253060355207159e-05 2.1790775222245734e-06 4.6641217374666955e-05 9.791008545760765e-06 1.657129290179255e-05 8.284870510747019e-06 9.259193063733574e-08 2.1684113719518835e-06 2.648131121070366e-06 0.0 6.72793486772529e-07 2.0834693967073391e-07 3.0726250173897678e-06 0.0 4.4639447221849325e-08 0.0 9.04277728005215e-07 0.0 5.93781122538692e-06 6.024585368350402e-07
0.0011162014440166549 0.00043837586198321936 3.7700156373779657e-07 0.0 7.823307197139889e-06 0.00011361592204992535 0.00020912425333520043 1.946779428771519e-07 2.9906815238370756e-05 0.0008689566630377747 2.0283697246645425e-06 3.7928616048787226e-05 8.280850612463263e-05 6.802618398097624e-05 2.2239085945195729e-07 9.944978966662931e-08 4.5804679025664065e-08 0.0 0.0 0.0 4.275556113931826e-08 0.0 0.0 0.0 0.0 0.0 0.0 0.0 0.0 0.0 4.103875839462063e-05 9.88322961054034e-07 8.389892330457628e-07 0.0 0.0 0.0 1.1882300743644736e-06 0.0 0.0 1.9219355336859107e-07 3.874009115257151e-08 1.027661438694568e-07 0.0 4.250399498488496e-08 4.367454524410911e-08 0.0 9.397264693276076e-06 6.725676452317226e-07 2.3375846337944898e-07 0.0 0.0 1.1270211922135038e-07 0.0 0.0 2.2596906041566015e-06 1.127134860138519e-06 2.1695737268087464e-05 6.839373571997146e-05 1.2660769444869904e-05 5.080387418483125e-06 0.0 0.0 0.0 5.86423991901056e-06 2.771524842024734e-07 2.1541242332596863e-07 5.126941204363381e-08 9.423041659946175e-08 9.007720504474773e-08 5.1802149349756706e-08 5.30405958784008e-07 5.733265487024688e-07 0.0 3.898275103925084e-05 8.226280236798411e-06 3.1432527193754306e-06 1.5852901605431764e-07 9.76633389726259e-08 1.9006009354392508e-07 1.2486889337939087e-06 0.0 9.169245771201208e-07 4.548159860602673e-06 6.276152165497344e-08 5.188957166139689e-07 1.2154785941783827e-07 9.053933222308619e-08 0.0 1.4475506412256572e-07 0.0 0.0 0.0 4.616096331761088e-08 1.0374173497849948e-07 0.0 9.940268397852542e-06 6.292488660916847e-07 0.0 8.428800768398534e-07 0.0001781461592581679 0.0 1.9365240086703975e-07 3.4122965916604557e-06 8.833396736332026e-06 0.0 3.394400929176498e-06 7.897376526251638e-07 1.0855012480560093e-07 6.965384813160188e-06 1.6018832674192212e-06 3.483199772765093e-07 5.450894115807243e-06 1.022548670932853e-05 4.638607618182278e-06 9.723319001167657e-07 7.629667333205877e-08 8.194294483591783e-08 0.0 0.0 0.0 0.0 0.0 0.0 0.0 0.0 0.0 0.0 0.0 0.0 0.0 0.0 0.0 0.0 0.0 0.0 4.77077372562148e-07 0.0 0.0 0.0 2.9617919014131143e-07 6.525643881303356e-07 7.239646439677383e-07 0.0 0.0 0.0 0.0 0.0 0.0 0.0 0.0 0.0 0.0 0.0 0.0 0.0 0.0 7.130260192623627e-07 0.0 0.0 0.0 0.0 0.0 2.1498808369297486e-07 0.0 0.0 0.0 1.2395318952436386e-06 0.0 0.0 0.0 0.0 0.0 0.0 0.0 0.0 0.0 1.7167224737803694e-06 6.581562458902552e-08 0.0 0.0 0.0 4.969100735470489e-07 0.0 0.0 0.0 4.843740362984001e-07 0.0 0.0 0.0 0.0 0.0 0.0 0.0 0.0 0.0 0.0 0.0 3.657220212203255e-06 4.217079937722984e-07 7.09664900054186e-07 0.00010181212217409087 8.866993531628152e-07 3.3365166858072345e-05 3.791883298304531e-06 0.00030690983625022305 1.0654946279554758e-05 0.0 3.127930719325274e-06 3.207634931858494e-06 5.9279877570585186e-08 4.944867659364906e-08 0.0 3.7637119742566053e-06 0.0 0.0 0.0 1.6180488331449302e-07 0.0 3.098112648838105e-05 4.257502287653842e-07
8.808098812260003e-06 0.0012867040352545884 0.000668989945038356 7.823307197139889e-06 0.0 1.2163693149506505e-06 0.0006736634634999657 0.00020515147446549924 0.0013038119210092684 0.0003491482526016416 0.0003848755199154141 2.0011689761490555e-05 0.00021447502784124845 0.000793868609649524 2.4085411320129105e-06 4.002061172487398e-07 1.280429025777714e-07 0.0 0.0 0.0 2.4887490352124753e-07 1.4449769346052925e-07 5.6740813215666707e-08 0.0 0.0 0.0 0.0 3.6355551225666e-08 0.0 0.0 4.414619117622008e-05 4.072488327731132e-06 6.2401357983637145e-06 4.63470931890991e-08 0.0 0.0 2.214088355827238e-06 1.9350075659954683e-07 1.8814407981308245e-07 0.0 1.2088000763577063e-07 4.1851407250181483e-07 0.0 4.6773015504442835e-08 8.099955368047173e-08 0.0 3.0976014822069844e-05 1.1530531354373116e-06 3.8246141614902735e-07 0.0 1.5151124183631667e-07 4.229828203034054e-07 0.0 5.703025127161054e-08 2.0347550445544546e-06 5.705064497725103e-07 9.843615131575993e-06 2.386322150953911e-05 5.915747992723728e-06 7.59888044982844e-06 2.581942634194322e-07 8.900965486912577e-07 0.0 7.970274979730385e-06 1.6168404511537982e-07 3.1243472774334954e-07 7.758054204075379e-08 2.260093493221706e-07 9.801872748243051e-08 3.396771819472375e-07 7.100701229732118e-07 0.0 0.0 2.7064389549095303e-05 1.6895088308223865e-05 1.81404719465066e-05 4.377354238662366e-06 5.32130885714378e-07 6.0090005586739885e-06 2.1983527711535388e-05 5.115185369258844e-07 5.88823948519816e-06 3.448514136198776e-06 0.0 5.076336663517288e-07 1.0928698595678186e-07 2.797143769426575e-07 5.926560932767413e-08 1.281280460678453e-07 0.0 0.0 0.0 1.8452008269032668e-07 1.1249509713945101e-07 1.1470165760727441e-07 3.540718064625801e-06 1.232102623614656e-07 0.0 1.8886634935604992e-07 3.146650228226775e-06 5.971645286458887e-08 1.9229583321121515e-06 8.35672541418272e-07 2.793278650246111e-07 6.43073805300258e-08 1.2071606745286364e-07 6.187580360503717e-07 1.2495811207566782e-06 1.660938858012628e-06 2.1084675671694235e-06 9.612878302040658e-07 8.224544564499295e-06 4.484843640919731e-06 8.701337801393071e-06 3.695527279054709e-06 5.1516876881622237e-08 6.536796650161204e-08 0.0 0.0 0.0 0.0 0.0 0.0 0.0 0.0 0.0 0.0 0.0 0.0 0.0 0.0 0.0 0.0 0.0 1.0691546138287632e-06 1.0079631813532454e-06 0.0 0.0 0.0 1.4458692701955919e-06 2.6625554349391305e-07 1.0626345610741335e-06 1.430834615365074e-06 0.0 0.0 0.0 0.0 0.0 0.0 2.2118575931737332e-07 0.0 5.723286674808379e-08 0.0 0.0 0.0 0.0 0.0 0.0 0.0 0.0 0.0 0.0 3.1028432839718696e-07 0.0 0.0 0.0 3.022244092688487e-06 3.3832023669714675e-07 0.0 0.0 0.0 0.0 0.0 1.1615451180098682e-07 0.0 0.0 3.673030879488313e-06 6.219059912443826e-08 0.0 5.8862655991205785e-08 0.0 2.4149042581972807e-06 0.0 4.57380364495472e-07 0.0 2.3748288450918008e-07 2.3718498271792835e-07 5.4723395339540764e-08 0.0 0.0 0.0 0.0 0.0 0.0 0.0 0.0 0.0 1.0701540476055422e-05 1.616390318618853e-06 2.8065619746663454e-06 0.00013180535163578413 3.776712352028707e-06 9.237930236917912e-05 1.737440765879262e-05 3.30521151292471e-05 2.1152860198183798e-05 1.366270382360888e-07 7.548970622177802e-06 6.510328826577521e-06 0.0 9.66411904905574e-07 6.424207519998578e-07 9.545790887742501e-06 1.6545673805678377e-07 0.0 0.0 2.240212235220952e-06 0.0 1.2373554563541632e-05 1.367589544082594e-06
2.8583321289274798e-05 2.682014691981165e-05 2.3248053977196685e-07 0.00011361592204992535 1.2163693149506505e-06 0.0 1.1583788237853997e-05 7.321663690244544e-08 6.654216657094566e-07 0.0003569700659515081 6.610715548127466e-07 2.567059336820333e-05 1.0974143704538393e-05 4.240982747388347e-06 2.1936342913415784e-07 0.0 0.0 0.0 0.0 0.0 0.0 3.9266915091467676e-07 0.0 0.0 8.183707383080424e-08 0.0 0.0 0.0 0.0 0.0 3.0480286152608692e-06 1.792505940267182e-07 8.910692499990761e-06 0.0 0.0 1.3308464566140106e-07 1.2860814866139707e-05 1.658221528994448e-07 2.3830148638338253e-06 1.6517624978834158e-07 0.0 0.0 0.0 0.0 0.0 0.0 8.338118974679155e-07 0.0 0.0 4.444105357062929e-08 0.0 2.3387015937866318e-06 1.493639275156484e-07 5.872701931042474e-08 0.0 4.677927151838137e-07 1.702997515909749e-05 2.10372797582102e-06 4.8801721038952785e-08 5.601841111301005e-08 0.0 1.5210315900975009e-06 0.0 4.1436500645010877e-07 0.0 0.0 0.0 0.0 0.0 0.0 4.913298642488855e-05 6.41138730128821e-05 6.5752019116066755e-06 5.327396640785826e-07 2.4356050524171983e-07 1.84783181537721e-07 2.839913791622898e-07 0.0 0.0 8.610682945409315e-07 0.0 1.3957318255077024e-06 4.674334623582207e-08 4.515290512711312e-07 0.0 2.2441132620093498e-07 0.0 1.978778715117327e-06 5.382943810237625e-07 1.830398866547791e-06 2.3636743489410307e-07 6.77652763452445e-08 0.0 0.0 3.176622311381218e-07 0.0001654612528751028 5.049004890594812e-05 8.370401107249087e-06 1.2114749477125216e-05 8.014396768511607e-05 0.0 3.8542010824253236e-07 0.0 2.8240233876763014e-06 0.0 4.577451727771309e-07 0.0 0.0 9.297894708559316e-07 6.038576199984578e-07 0.0 5.860333388986577e-07 9.003635978923873e-07 4.5241565064215264e-07 8.077456373524437e-08 0.0 0.0 0.0 0.0 0.0 0.0 0.0 0.0 0.0 0.0 6.070635238614535e-08 0.0 1.6818430228975504e-07 0.0 1.333882555532092e-07 0.0 8.467598820270973e-08 3.212502443306982e-07 0.0 0.0 1.3083306310277054e-07 0.0 0.0 0.0 2.4147130830236825e-07 1.1539330987899526e-07 3.5522223978472705e-07 3.370288482388094e-07 5.07765792209226e-08 0.0 0.0 0.0 5.9278801025230395e-08 1.1550894209758682e-07 0.0 0.0 0.0 5.0845176851607256e-08 0.0 0.0 0.0 8.342515939400558e-07 7.062690261056752e-08 0.0 0.0 0.0 0.0 7.46481289013941e-08 0.0 5.179451310826631e-08 9.154092511601489e-08 2.3297745784328186e-07 4.7299012351217556e-08 0.0 0.0 0.0 0.0 0.0 0.0 0.0 0.0 8.832333712065549e-07 2.4862988541376506e-06 8.891407411115895e-08 0.0 0.0 6.708367290135769e-07 5.83045596148415e-08 0.0 7.3942694438956e-08 0.0 4.10337312853233e-08 4.758569878937024e-08 0.0 0.0 0.0 0.0 0.0 0.0 0.0 0.0 0.0 1.836065833431008e-06 1.9647247127658036e-06 1.0293225843296282e-06 2.190524438220902e-05 5.998873046622075e-08 1.580115339582463e-06 4.2529001767709884e-07 3.339302566662752e-05 1.2123759261945575e-06 0.0 7.81538634999676e-07 1.3361490771660003e-06 7.88568749319654e-08 1.4700655027414954e-07 2.6924013293033683e-07 3.089280885253212e-06 0.0 0.0 0.0 0.0 0.0 3.556085883731685e-05 7.686655828175388e-07
0.0001426016159597888 0.001274075507752601 0.00016973607271636809 0.00020912425333520043 0.0006736634634999657 1.1583788237853997e-05 0.0 4.003132648036605e-05 0.0006726708006431452 0.001677017123449899 0.00015340750296837928 0.00020391679598619046 0.002140474434218229 0.0018386327777397606 2.201877246478598e-06 3.656450144849927e-07 2.3117778331603994e-07 4.2635313433366085e-08 4.373737050287283e-08 9.668376705594675e-08 7.12272614260273e-08 3.1104341739807183e-07 0.0 4.6042467006340356e-08 0.0 0.0 0.0 1.1733433722149521e-07 0.0 0.0 4.820158699250544e-05 2.931566488658676e-06 6.806377116034218e-06 0.0 0.0 6.594380579152871e-08 1.8655148842553613e-06 0.0 8.31597704775562e-08 0.0 2.201895772699405e-07 1.9077989667328114e-07 8.708167340852395e-08 1.9736498803178883e-07 0.0 5.9511286618338414e-08 3.266738841663705e-05 1.8945592303485654e-06 3.78729893033523e-07 1.0454169253326298e-07 1.7974932776407928e-07 4.911450004429381e-07 0.0 0.0 2.968202998137137e-06 1.2102249925926784e-06 2.4241065793382322e-05 5.3827217249563755e-05 1.2526266747958645e-05 1.091752560142533e-05 2.3815096927494395e-07 1.2620570723134736e-06 0.0 1.1690899857048001e-05 8.091419769319906e-07 6.966210186022635e-07 1.2345772719945403e-07 4.069072063692245e-07 1.6036665889011677e-07 1.9001527631809215e-07 2.130613197730336e-06 8.081292570590891e-08 0.0 5.2497722283167774e-05 2.3318946167898004e-05 2.14330244545929e-05 4.1187378931416165e-06 6.975307315627303e-07 8.005050543986469e-07 2.427817715777776e-05 3.2148080178287225e-07 5.1931865252019325e-06 6.594683654788963e-06 0.0 9.172473740227015e-07 6.994824922230956e-08 3.537272436607275e-07 0.0 2.1946491361864678e-07 0.0 4.436540617465497e-08 3.283299841779632e-07 3.8376377492588665e-07 4.288640960344674e-08 6.569366967495476e-08 1.1443552205841798e-05 1.6609093574563387e-07 0.0 3.3375698588803216e-07 2.1988331301094957e-05 1.4315371897517937e-06 3.1155546896554194e-06 8.698450860244066e-06 6.078573523382235e-06 1.2888199978670944e-06 5.692731030561276e-05 2.612102261190271e-06 3.66523411062446e-05 2.213163693347397e-05 5.983705301863594e-06 2.9328918726518546e-06 1.5337300069399882e-05 1.140703154549778e-05 1.8406194792863988e-05 4.8818087420556765e-06 2.1978460741941205e-07 4.524822558605389e-08 0.0 0.0 0.0 0.0 0.0 0.0 0.0 0.0 5.5203333719756365e-08 0.0 0.0 0.0 0.0 0.0 0.0 5.150056802288946e-08 0.0 2.696533078239312e-06 1.1054748760583781e-06 0.0 0.0 0.0 2.2566412854222415e-06 0.0 1.6865669360499845e-06 1.2800664428920498e-06 0.0 0.0 0.0 0.0 1.453936684168419e-07 2.1864813705119502e-07 8.030282798791849e-08 0.0 1.1914575734059297e-07 4.1641466846639434e-07 0.0 0.0 0.0 4.4335916865854696e-07 0.0 7.259360636317094e-08 1.3774994332944362e-07 4.5233109764523975e-08 1.8685802989495594e-07 6.674988037340508e-07 0.0 3.530218292830908e-07 0.0 4.4357983273924985e-06 8.166126152179264e-07 0.0 0.0 0.0 0.0 0.0 0.0 0.0 0.0 6.115563782450704e-06 1.4321954490327154e-07 0.0 0.0 0.0 5.5199721950260705e-06 3.896609055991699e-07 6.220424955885842e-07 7.7080703639316e-08 3.741796089721891e-07 2.543037008125613e-07 2.78927534763205e-07 2.7147211272280584e-07 0.0 0.0 0.0 0.0 0.0 0.0 0.0 0.0 1.916816634436026e-05 2.8331782811697824e-06 4.467435448616512e-06 0.00016361125607479665 3.5347494360765125e-06 0.00010172039987920128 1.857750465981116e-05 7.853582076751681e-05 2.553342570335113e-05 4.7688902532858573e-08 8.307842908055598e-06 8.356860428234656e-06 0.0 1.288366639713045e-06 9.320616483699121e-07 1.714382831418503e-05 2.0900939265818662e-07 0.0 0.0 1.8921312791319247e-06 0.0 3.052278994674556e-05 4.703121414233202e-06
3.081734366587606e-06 0.00017696466144051873 0.000780310040990017 1.946779428771519e-07 0.00020515147446549924 7.321663690244544e-08 4.003132648036605e-05 0.0 0.000497419174255498 1.6141212373778553e-05 0.002132592037483164 1.6492850721771946e-05 8.108906983667428e-05 0.0016434664368604524 3.24592027900572e-06 9.25842526194584e-07 3.298946022575185e-07 1.1785579088619439e-07 0.0 2.121027894976879e-07 3.264460486868207e-06 2.9169533856907185e-06 9.668273791072324e-07 4.73371035787593e-07 1.7144214544915852e-07 1.198550320170578e-07 0.0 3.8925334079230124e-07 0.0 0.0 0.0004780890066506861 0.0004016621747714437 1.4469072013145967e-05 1.5614582944133012e-06 2.2830497383330017e-07 1.307134938614095e-06 6.785385996010134e-06 1.842451402372457e-06 5.184502076003047e-07 6.372348241439736e-07 3.2321848617739245e-06 7.616565454881447e-07 9.053046679175043e-08 2.0342119796434544e-06 5.579964022568667e-07 4.263717328597527e-07 2.176436090055601e-05 8.056677762749995e-07 2.8529640118381405e-07 1.6406148305651206e-07 1.0831130044917258e-07 3.8058806735670017e-06 0.0 1.9361608352915722e-07 8.681651024524222e-07 2.908288701944886e-07 1.1150461158355941e-05 6.322777082103436e-05 4.139542373140255e-06 5.602913101422824e-06 1.661590629902699e-05 6.001874704122725e-06 4.7319567136965253e-07 2.617165818778392e-05 4.1860208811848826e-08 6.456874686245176e-07 1.1770558469048135e-07 7.992903778307578e-08 1.2546713244491142e-06 6.024585324163837e-06 2.5261175553625806e-06 2.2722597813275526e-07 7.641774451486816e-08 2.8371496720471473e-05 2.1254037252651678e-05 2.0468155194994156e-05 1.9486374311687964e-05 8.80479174486764e-05 0.0007918459542255937 0.00015051036218280425 2.583280484020334e-05 0.00015259978679944746 2.6874968015659093e-06 0.0 1.6504615651274556e-07 7.331465475021355e-08 6.000725267006726e-07 0.0 3.719990824239339e-08 7.615830993864033e-07 4.810549344947417e-08 7.646440873903733e-07 5.136533046728172e-06 3.8485513483017037e-07 8.753069204038392e-07 2.3032901045487784e-06 1.5247804383626882e-07 0.0 8.239125286750445e-07 1.2926767428904644e-05 0.0 7.8506427283304e-08 0.0 0.0 1.1706806497548051e-07 0.0 0.0 0.0 0.0 3.277756356255392e-07 5.579395140653952e-08 1.0457798376090368e-06 3.3955776976902334e-07 1.7015112655116689e-07 1.8640248249755446e-07 0.0 0.0 0.0 0.0 0.0 0.0 0.0 0.0 0.0 0.0 0.0 0.0 0.0 0.0 0.0 1.6967942293952324e-07 0.0 0.0 0.0 4.5886500489587226e-08 0.0 0.0 0.0 0.0 3.6775767850629425e-07 0.0 5.933358432951557e-08 9.722034457609639e-08 0.0 0.0 0.0 0.0 0.0 4.921026196716925e-08 0.0 0.0 0.0 0.0 0.0 0.0 0.0 3.876009561476098e-07 6.839345662759671e-08 5.4954884726499604e-08 0.0 0.0 4.7981686716714796e-08 1.0704336300494414e-07 0.0 0.0 1.0004211456153105e-07 5.523656201518437e-08 0.0 0.0 0.0 0.0 0.0 0.0 0.0 0.0 0.0 3.99195956179536e-07 7.375254760718875e-08 0.0 0.0 0.0 0.0 0.0 2.1189389149533826e-07 0.0 0.0 1.261123233489571e-07 5.899364504894404e-08 0.0 0.0 0.0 0.0 3.517261667790166e-07 0.0 0.0 0.0 0.0 1.7536968015843748e-07 5.473119908827482e-07 7.943629614536288e-07 4.495861820318345e-05 1.3325586256785347e-06 5.1819708957360686e-05 1.0429952719063144e-05 8.646539746829784e-06 9.500784157791462e-06 5.980135132008577e-08 2.653721376063134e-06 3.499570492686171e-07 0.0 8.381226662556531e-07 7.57691179046958e-08 4.84695581917854e-07 0.0 0.0 0.0 5.536809697782452e-07 0.0 3.8137716987970176e-06 1.309119602196106e-07
1.6094229548421777e-05 0.0011203170955346035 0.00046079809987058706 2.9906815238370756e-05 0.0013038119210092684 6.654216657094566e-07 0.0006726708006431452 0.000497419174255498 0.0 9.695505891962792e-05 0.0005245394623897812 1.5186815389881591e-05 0.0003153418829675616 0.0006001731734440785 9.247424695712965e-07 1.821137547708678e-07 0.0 0.0 0.0 0.0 0.0 0.0 0.0 0.0 0.0 0.0 1.7565576003558798e-07 0.0 0.0 0.0 1.3338848938046708e-05 1.5345776156860612e-06 1.137568969495604e-05 4.635924047698283e-08 0.0 0.0 3.043277386778538e-07 0.0 0.0 8.103941799428059e-08 4.67632824096868e-08 0.0 0.0 0.0 0.0 0.0 6.879573286524044e-06 2.2858336926543698e-07 0.0 0.0 0.0 5.3273706510528214e-08 0.0 5.9338742106513794e-08 2.8756152893250545e-07 5.911906258277532e-08 1.0748686032490059e-06 5.454492247722759e-06 5.988169454262621e-07 1.5521781320135195e-06 0.0 5.373636794458378e-08 0.0 2.2108216552704195e-06 2.8388796251990665e-07 7.981015986057873e-08 0.0 1.3141098317811173e-07 0.0 5.2995270908788616e-08 1.534080147291188e-06 0.0 0.0 4.0137907246208305e-06 1.8971870534578092e-06 4.04073071778355e-06 9.945961555316778e-07 3.207739372825748e-07 4.674556034415826e-06 1.353991177501598e-05 4.75268382704019e-08 6.099526152892924e-06 8.067003399316795e-07 0.0 1.3162117464167122e-07 0.0 0.0 2.6308417343843584e-07 0.0 0.0 0.0 0.0 1.1173944665656501e-07 0.0 1.2213982278631492e-07 1.1572866259432019e-06 0.0 0.0 0.0 1.5654549529750613e-06 2.647520956854865e-07 6.636895283353858e-07 1.6874517358228011e-06 0.0 0.0 3.558093426312661e-07 1.947701280985949e-07 8.96404252874659e-07 7.816913035920402e-07 2.6565997691206616e-06 7.500414727057043e-07 3.4102607439705695e-06 2.254823775591361e-06 2.0078156017152933e-06 1.4594545575539197e-06 0.0 0.0 0.0 0.0 0.0 0.0 0.0 0.0 0.0 0.0 0.0 0.0 0.0 0.0 0.0 0.0 2.6882192317872886e-07 8.853385275290949e-08 0.0 9.039110237183047e-08 8.916781022753497e-07 0.0 0.0 0.0 1.416257978362529e-06 0.0 8.65504846405886e-07 4.80610570314757e-07 1.3166894433330923e-07 0.0 0.0 0.0 0.0 0.0 3.137425495861883e-07 0.0 0.0 1.0385119312914224e-07 0.0 0.0 0.0 5.624838128559135e-07 0.0 0.0 0.0 0.0 2.4786942221076877e-07 1.1834569132790196e-07 0.0 0.0 0.0 2.2490233130671923e-07 0.0 0.0 0.0 0.0 0.0 0.0 0.0 0.0 0.0 1.286563711447977e-06 0.0 0.0 0.0 6.992193411552179e-08 1.4153154990570665e-06 0.0 3.4338727056269304e-07 0.0 8.698310523719759e-08 1.391646243496246e-07 0.0 3.6352787958690067e-07 0.0 0.0 0.0 0.0 0.0 0.0 0.0 0.0 4.14289093131364e-06 5.483636833042766e-07 1.2216028277180005e-06 4.195964730582315e-05 4.6272907163274286e-07 1.8560541783707512e-05 5.060334993787923e-06 8.793534688088724e-06 2.9563927412547392e-06 5.289816491100382e-08 2.1305886219673486e-06 2.0052641811905562e-06 0.0 2.3906475141617344e-07 5.019509128146158e-07 3.341033402541693e-06 0.0 5.8865986051277106e-08 0.0 0.0 0.0 4.9608875058395334e-06 6.670070635245355e-07
0.0007141746115513593 0.0009004280413956502 6.476877062025478e-05 0.0008689566630377747 0.0003491482526016416 0.0003569700659515081 0.001677017123449899 1.6141212373778553e-05 9.695505891962792e-05 0.0 4.509280594630706e-05 0.0014245185688670236 0.0029036824527493834 0.00048243618690975345 1.402913925536797e-06 1.0743901350762525e-07 2.1193938758745833e-07 4.8908644487659477e-08 4.869768176772642e-08 0.0 5.786349335924591e-08 2.0769331596197445e-07 0.0 0.0 0.0 4.459854251532817e-08 0.0 2.5421415071706126e-07 0.0 0.0 3.9162695133351e-05 2.055563437072405e-06 3.154825635766526e-05 0.0 0.0 1.0285536055725364e-07 2.688154401261953e-05 7.318431161968817e-07 0.0 0.0 2.0861611617903036e-07 2.8831161190844473e-07 0.0 9.903308225816561e-08 1.338777060953655e-07 5.286909015250435e-08 2.381849565750166e-05 1.1282619549214447e-06 4.367305655862971e-07 0.0 9.139540671294751e-08 5.081235025220719e-08 0.0 0.0 3.307929701170694e-06 8.055277108955109e-07 2.6098314518529615e-05 5.030849094583538e-05 9.84667089954008e-06 9.374558194636211e-06 0.0 6.612885992105421e-07 0.0 1.5251297600573838e-05 5.083009597763177e-07 2.9688595020064165e-07 1.9410344926892871e-07 3.0724142876535307e-07 4.3268563119590376e-08 9.141158301199108e-08 2.0681665165847184e-05 2.989517692345614e-06 7.865086432066433e-07 3.939558264141124e-05 1.5025757307686485e-05 1.3260582178681492e-05 1.970741500651878e-06 8.990813158830026e-07 1.0078589311916045e-06 2.2229071225371484e-05 1.6243052889490917e-07 7.071451279543998e-06 5.275953117615859e-06 0.0 4.6785305796112497e-07 4.147269345712476e-07 2.202287607089821e-07 1.0618161656716888e-07 4.6094193403853174e-08 1.0960117853044507e-07 4.6535982712299e-08 0.0 3.618034668274463e-07 0.0 1.1847115706525655e-07 0.0001410144246522848 5.9793001425432196e-06 9.309615555939817e-08 2.4465701087212096e-06 0.0001954430536549875 3.146728534850454e-06 1.814004928194604e-05 2.0467786016259715e-05 2.5509301028935634e-05 5.0124496538635e-06 1.3749518497701576e-05 1.4385922574290248e-05 9.815804703290417e-06 2.979761287169073e-05 6.0341134535216427e-05 8.364824542056951e-06 8.492978305106198e-05 0.0001031942744203408 8.242827132161711e-05 1.6324441847300835e-05 7.569724604968773e-07 1.062521680473333e-06 0.0 8.4453368264047e-08 0.0 0.0 0.0 0.0 0.0 0.0 0.0 0.0 0.0 0.0 0.0 0.0 0.0 0.0 0.0 1.089846559488578e-05 5.480302338247317e-06 0.0 0.0 0.0 8.752767329473423e-06 0.0 6.151536055411347e-06 4.766778328385247e-06 0.0 0.0 0.0 0.0 4.465612965788806e-08 2.0707855232695415e-07 5.73848677216495e-07 0.0 1.2026693112406753e-07 5.743084584900305e-07 0.0 0.0 0.0 4.0133558605519054e-07 1.2991600713891357e-07 0.0 5.361086605458666e-08 0.0 1.1817887138617096e-06 1.393578015762263e-06 7.000472768383248e-07 2.922836183849726e-07 3.8759004608349204e-07 1.2711412865874534e-05 2.0221556076217225e-06 8.818820938874177e-08 0.0 0.0 0.0 0.0 0.0 0.0 5.816294569716529e-08 2.981893984976374e-05 2.3325356762501992e-07 0.0 5.5718199569597937e-08 8.055214464459555e-08 1.3979034348058343e-05 6.534857984791347e-07 1.968844916957905e-06 7.743871602757488e-07 8.90534622311446e-07 6.445668210628397e-07 1.7863399865781069e-07 1.778767534416939e-07 0.0 0.0 0.0 0.0 0.0 0.0 0.0 0.0 0.00010161651978002601 8.153692025212896e-06 1.093865766855168e-05 0.0008178790394049296 2.3988574619361414e-06 8.065863403262542e-05 1.7983793005780142e-05 0.0007627612017759864 2.4771488071067462e-05 8.860917879206153e-08 1.1867422549417087e-05 6.138489852558084e-05 5.541584337109286e-07 6.045203481476896e-06 2.958675479357294e-06 0.00015345126745336404 9.543850495079722e-07 0.0 1.1114774037354623e-07 1.4830773127825503e-06 2.5040382287480336e-07 0.00024101991961975706 2.2803376482344172e-05
7.098216861111752e-05 0.0008483557500330754 0.0009054887439212191 2.0283697246645425e-06 0.0003848755199154141 6.610715548127466e-07 0.00015340750296837928 0.002132592037483164 0.0005245394623897812 4.509280594630706e-05 0.0 4.4282570106904536e-05 0.0001935050740485395 0.001624122319003339 4.1933828486443905e-06 1.103737576890349e-06 1.0975671121548807e-07 6.12575275399489e-08 0.0 0.0 3.830062967260737e-07 1.9181384015581686e-06 0.0 0.0 0.0 9.664632095222578e-08 0.0 1.4689052439345057e-07 0.0 0.0 0.00016125826733830086 1.6171995790519265e-05 0.0001515017501086529 7.473878366097076e-08 2.741906548629905e-07 6.113545854420626e-07 2.455798320577095e-05 6.754272284710479e-06 1.59479868311786e-06 1.599867227360471e-07 1.0433037310725711e-06 9.582493452115788e-07 0.0 5.722811307728961e-07 0.0 0.0 1.3739479222199148e-05 4.4892675594446076e-07 1.9459276323443552e-07 0.0 3.237447405113211e-07 3.5397513751007375e-06 1.7475577213595657e-07 0.0 4.105243103881415e-07 2.1431112947891493e-07 4.997643973802806e-06 2.2200436123174545e-05 2.0883296053220395e-06 3.0407054355698155e-06 1.3076532188801737e-06 3.46792522024636e-05 0.0 1.2173843465841929e-05 1.802410679735946e-07 2.666755889963686e-07 5.205435420087437e-08 3.883956514844078e-07 5.609299803147072e-08 8.744164004795854e-07 1.5156652525215656e-05 3.291462385405786e-07 3.005607819557283e-07 1.0278670713099068e-05 6.922587515803568e-06 9.856497852581521e-06 4.297155610624085e-06 3.2510057467019868e-06 0.00014941342260420113 0.0004317514458569566 1.8353940249430648e-06 0.00019942282605253444 1.1284938299365902e-06 0.0 2.6465776139029427e-07 8.060380677074389e-08 2.2436005171145355e-07 5.326912556902603e-07 6.160201000259599e-08 5.598823570739412e-07 0.0 8.16113889514486e-07 9.490394836336395e-07 1.9837085095349412e-07 1.0754799203321067e-06 1.5520966664522768e-05 2.222724876664554e-06 0.0 3.9185124638477875e-06 6.9216325718703565e-06 0.0 3.326904025947494e-07 0.0 0.0 9.568989074371403e-08 1.8255135438974261e-07 0.0 1.3662019976290982e-06 9.555263683472462e-07 2.1503970163256015e-07 1.17968241672245e-07 1.108903227130745e-06 1.4878787733531703e-06 1.2932234258775883e-06 6.124389638693811e-07 0.0 1.0657659623748345e-07 0.0 0.0 0.0 0.0 0.0 0.0 0.0 0.0 0.0 0.0 0.0 0.0 0.0 0.0 0.0 0.0 0.0 1.4127925266450258e-07 4.569357030604267e-07 0.0 5.89049465490232e-08 0.0 6.457427942184407e-07 0.0 1.5984658946992972e-06 1.3563971197928701e-06 0.0 3.065902031818802e-07 0.0 0.0 0.0 4.640820320582368e-08 0.0 0.0 9.917101664022624e-08 1.4067823105059677e-07 0.0 0.0 1.7767193667098777e-07 6.340756616307845e-07 2.0037941544916515e-07 0.0 0.0 0.0 5.335498970177399e-08 1.1190274814278759e-07 0.0 0.0 0.0 6.89834589160651e-07 1.1372801874092732e-07 0.0 0.0 0.0 0.0 0.0 0.0 0.0 0.0 1.3808797093861837e-06 1.1253094047602064e-07 2.2686153941144205e-07 0.0 7.676076078701338e-08 4.379064383178909e-07 1.9717093671463041e-07 5.010204241355859e-07 2.4873733468257235e-07 1.2161225129111083e-07 1.8621883109055841e-07 0.0 4.620803004120004e-08 0.0 0.0 0.0 0.0 0.0 0.0 0.0 0.0 1.8077210851569565e-06 1.0564119642281635e-06 1.2518590786765007e-06 5.6542601384119784e-05 1.6910199413842419e-06 3.407629444985597e-05 1.0756343250547037e-05 7.438524054271837e-06 5.600868175402706e-06 2.3206477233220847e-07 2.865260573982796e-06 1.249197629592762e-06 0.0 3.647207681622364e-07 4.033336100470894e-07 1.4041160772225363e-06 0.0 0.0 0.0 3.57020677088203e-07 0.0 4.8184308700663725e-06 3.1603034102477383e-07
