0.0 0.0011865624638384106 0.00027960614106560696 0.0007654227493799359 6.770825422113907e-06 6.650290448483547e-05 9.994702565756324e-05 0.0001196803189783924 1.2410422230374946e-06 0.00044375381248252176 4.079519295358539e-05 4.802425179696686e-05 5.8299968121850094e-05 0.00010801431688934335 1.0505117892799336e-07 1.401408848041401e-06 5.734208439389687e-07 1.2650948329643804e-07 0.0 4.534420850473982e-08 0.0 6.126349710437284e-08 8.018795376747522e-08 0.0 5.798713096255557e-08 0.0 0.0 1.009578660072239e-07 7.066548703904206e-08 0.0 0.0004576738755320473 2.5207826767503436e-06 1.8849861085649363e-05 0.0 0.0 8.384591535970043e-08 4.433185090639157e-06 1.838647733514512e-07 5.597087432441249e-07 6.762712349902832e-08 0.0 8.042801396586503e-08 1.5638100127209536e-07 3.6823456681994447e-07 8.81343606550632e-08 1.573264902498871e-07 4.98024355263828e-06 1.430143059854332e-06 2.2419191079237827e-07 6.511691169516776e-08 1.1043581113932579e-06 2.594134382592006e-07 0.0 0.0 7.1585008930015415e-06 1.1709349046757883e-05 0.00011899567284591651 0.00024235676387314515 2.5212766795427296e-05 1.9991053849104533e-05 3.71918206345967e-07 6.155416119818285e-06 0.0 2.7401587323043475e-05 6.484809214866785e-06 4.449717325121707e-06 1.3177929850540314e-06 4.78198115962766e-07 8.502490263935571e-08 0.0 1.061500258400824e-05 3.225677660811561e-06 1.947032801015968e-07 0.0001813135607916268 1.669620799654648e-05 9.727212941362458e-06 6.246814946173789e-06 4.759462529979362e-06 1.13668957480413e-05 9.80782108872653e-05 4.070717895454849e-07 1.8986317071777987e-05 7.794875797112399e-06 1.1841659576546039e-06 4.2557545681170815e-06 6.017730288599077e-06 7.654775754511e-07 9.289112925258737e-07 2.5271609335594553e-06 1.6602674325016388e-07 1.9202857543515338e-06 2.9235263352230404e-07 3.2676703215213044e-07 6.969899189894569e-07 2.45427123130348e-07 8.098888251498158e-05 9.170176813748362e-06 1.8537886249208579e-07 1.562248328040525e-06 0.0005247441486474683 4.084806424262229e-08 7.920745053472245e-06 2.14234479351885e-06 2.3548300785729305e-06 3.0311841901918253e-06 1.0362755966333056e-05 1.4752758233836453e-05 1.0981863706663282e-06 1.1002643782371798e-05 2.498735782403628e-05 1.3559440351158773e-06 3.285142030947447e-06 3.015391219345464e-05 7.246691322385366e-06 5.142597666527513e-06 8.519732051729259e-08 4.3214467788372004e-07 0.0 7.746975069985618e-07 4.816418353688352e-08 0.0 0.0 0.0 0.0 0.0 0.0 0.0 6.656597019997249e-07 0.0 0.0 0.0 0.0 9.757058264670533e-08 1.3346726949927638e-07 8.971849243797771e-07 9.263568283875651e-07 0.0 0.0 0.0 1.34691047637146e-06 2.9158526828408703e-07 2.431969832181311e-06 2.187306896065103e-06 9.175333312661943e-07 0.0 0.0 4.9722388046384065e-08 0.0 6.181317111404704e-08 2.7093123826539225e-07 0.0 0.0 3.451260886664455e-07 0.0 0.0 2.2171614271957208e-07 1.4567152357117676e-06 0.0 8.907059200464381e-08 0.0 2.5451502919518837e-07 4.602613523538795e-08 2.0444796726134584e-07 1.8968017134589489e-06 3.727660513151086e-07 3.357486622637916e-07 5.68453450603084e-06 0.0 0.0 0.0 1.647220184532488e-07 0.0 0.0 0.0 0.0 9.023490528988514e-08 5.539498681438624e-06 7.89964515690372e-07 0.0 0.0 0.0 6.2250796818339855e-06 4.449681925744431e-07 5.248604560159146e-06 0.0 5.580741275040606e-07 3.8414010905569715e-07 1.6031459364696326e-07 0.0 0.0 2.4078377510882414e-07 0.0 5.6795163081138255e-08 9.45822691319747e-07 0.0 0.0 0.0 1.1617385452162983e-05 4.8016707029197515e-06 4.364062853958327e-06 0.0004555619512145576 6.099428365731013e-06 7.848523662011625e-05 2.072500349152237e-05 0.00047755806767598374 1.2235728890303461e-05 6.965316676381497e-06 3.4310380087340697e-06 2.961472619249302e-05 3.7612744226617962e-06 4.481288629551694e-06 2.173160147546751e-06 5.779777185845647e-05 0.0 6.117187709105361e-07 8.418514922326455e-07 7.606138311307857e-07 3.4831413379776065e-07 0.0002607288486127777 8.923140503783418e-06
0.0011865624638384106 0.0 0.000872908541557169 0.0007837107266310754 0.0008038541418124346 3.8543315660287846e-05 0.0016111654551647324 0.00044038343381259644 0.0008575155676614956 0.0010093334418122826 0.001332333679878597 0.0001504491209356739 0.0008575961619547912 0.0014287482236234866 2.2815922471614015e-06 2.3385563790780903e-06 1.7793840055050467e-06 4.0737260331811677e-07 1.2103871685463653e-07 2.0788590609727767e-07 0.0 0.0 0.0 3.80100439950315e-08 1.2710833417580925e-07 9.219238314845229e-08 3.834423067689372e-08 4.905245202988158e-08 0.0 4.553181399802364e-08 0.0007647170185602968 2.7214599292393916e-05 3.2180252891454306e-05 9.992798132800008e-08 0.0 2.409956795415215e-07 3.5992824208689116e-06 3.1288035325857734e-07 1.102609857799974e-06 1.9386045616618236e-07 0.0 9.646313498088573e-08 3.981021376965528e-08 2.038156189585787e-06 2.0057063972505072e-07 5.837293343533311e-07 2.9550165663008197e-05 4.171074062321164e-06 1.1708889623728278e-06 1.0091832342108889e-07 4.026020130256421e-06 9.732127415866688e-08 0.0 0.0 1.203071114622041e-05 1.6711690881672872e-05 4.5224769810477204e-05 0.0001865423460024762 1.9879085105162037e-05 7.11567671953447e-05 7.025883249023976e-07 5.897976551707548e-06 0.0 0.00017722324484588872 1.0758687703835041e-05 7.93975005834906e-06 3.709813932039477e-06 2.2635886505741388e-06 2.102804847084155e-07 1.7051005010180987e-07 8.270696498741752e-06 4.82249956327834e-07 8.013792086288984e-08 0.0002564541650276662 6.98477032540789e-05 6.148813158208968e-05 3.407227247028992e-05 1.672826868522717e-05 6.555036293754522e-06 0.00025629298484266866 7.237102386882493e-07 1.5018467653057002e-05 1.4012293032839116e-05 1.1514213780323066e-06 1.29260811894769e-05 1.2830695889580402e-05 2.2066517748082966e-06 1.8996725213991918e-06 8.317228510129073e-06 1.1764844826699807e-07 3.428411964514822e-06 1.0627359239060815e-06 5.601866628530282e-07 1.985452888835389e-06 4.582980534580714e-07 1.585410167673541e-05 2.4379228326478525e-06 5.76887701189857e-08 5.799623637219926e-07 0.0002322882217874201 1.425234742575593e-07 4.683743529693094e-07 1.368831992112998e-06 2.673138776297095e-07 4.598629257011392e-07 5.506350159186052e-06 6.182514377363869e-07 8.848049073568816e-07 8.657025398734277e-06 5.3497004065389635e-06 3.6752487654322547e-07 1.369989136495156e-06 8.435959095444878e-06 2.356439856849815e-06 3.900820009909565e-06 0.0 3.9307917399985376e-08 0.0 3.48836445819548e-07 0.0 0.0 0.0 0.0 0.0 0.0 0.0 0.0 1.0657379417611617e-07 0.0 0.0 0.0 0.0 0.0 0.0 5.375368668698495e-07 4.594481845798532e-07 0.0 2.7860537625280825e-07 0.0 1.4235104641848923e-06 2.0047415307556967e-06 3.969127217329591e-06 2.4707322997146894e-06 6.101178704936573e-07 0.0 0.0 0.0 0.0 1.8882722627653103e-07 1.4570252946611938e-07 0.0 0.0 2.4349434888223253e-07 0.0 0.0 0.0 4.678170306770141e-07 0.0 0.0 0.0 1.1090786146174852e-07 6.00329796372911e-08 4.088178205609132e-07 0.0 1.3954600125736977e-07 0.0 4.200401929659907e-06 1.3826035825633027e-07 0.0 4.482718522213562e-08 0.0 0.0 0.0 0.0 0.0 0.0 2.534061172427815e-06 3.5104616136189896e-07 0.0 5.425923287637656e-08 0.0 3.853297756040491e-06 4.052432803467744e-07 2.624502036598991e-06 6.463417525576927e-07 3.085339621834064e-07 2.8009630264579026e-07 0.0 1.2964638112138588e-07 0.0 3.646326054736902e-08 5.4574546323590546e-08 0.0 8.93029011962261e-08 0.0 0.0 0.0 3.0839165774513035e-06 4.67062818803964e-06 6.765679777722715e-06 0.00021577186122984814 1.4760379758363202e-05 0.00026902145228011623 5.955882184413308e-05 0.00018423434132490614 2.5726694988950518e-05 1.753982359302569e-06 2.0692150428933312e-05 5.2570566221860224e-06 5.212681572801952e-08 1.572241638860402e-06 2.916420000507807e-07 4.459184495109203e-06 0.0 4.952823373056141e-07 0.0 3.112480590851299e-06 7.672214554843178e-07 4.25609160835233e-05 4.607632035854078e-06
0.00027960614106560696 0.000872908541557169 0.0 0.00011360409396127048 0.00019762015419592794 1.5369204135237676e-05 8.071782022555691e-05 0.0011192774636413184 0.0003472825059139929 1.6719651069165733e-05 0.000783622040439203 1.8536845659423967e-05 0.00011055124302999707 0.0007521744420093803 3.6614029458621374e-07 2.816132272852605e-06 3.697243725854362e-07 6.535092984367266e-08 0.0 1.1302821941316887e-07 1.091105679643497e-07 0.0 0.0 0.0 2.366070283585517e-07 0.0 0.0 0.0 0.0 0.0 0.0023964564422247537 8.852918481727236e-05 4.5254250836465305e-05 1.4581623580212976e-07 1.22574571071415e-07 1.0256091989659664e-06 7.533127839649832e-06 2.8785368706889005e-06 1.4828303013902238e-06 1.707705586390425e-07 6.506619084981758e-08 5.992722353075321e-08 1.139607906688522e-06 1.2510425128763524e-06 1.818017759632608e-07 3.149024850976234e-07 7.5060411121159764e-06 1.2147680967382147e-06 9.339598376578919e-08 2.9668283433180966e-06 2.5162841511548094e-06 0.0 0.0 0.0 2.3451418679258355e-06 3.136338342334756e-06 2.4728345536177193e-05 0.00012941410902568638 6.615688613077129e-06 9.267436565457815e-06 7.561916376993203e-06 2.1868819591013683e-05 4.265217177773261e-08 0.00024602997180159784 2.3368053955117256e-06 1.5046677980856806e-06 1.1636366098956155e-06 1.7916969903269007e-06 1.2952545013107443e-05 8.292621637845509e-07 9.86977442668192e-06 4.5826525518171536e-06 1.473341381890853e-07 5.222724015355138e-05 1.3466567189922851e-05 9.879050675986473e-06 9.446473796982597e-06 8.510484359748578e-06 4.016277318280005e-05 0.0003571628864355092 7.928203682341868e-06 0.00014919459103938647 2.628251964353916e-06 1.4996360966074117e-07 3.2481156021677086e-06 2.0347019985383924e-06 2.1753672171630834e-06 4.0123389931217035e-07 1.2827799254289364e-06 7.728193322120546e-08 1.1295992152563416e-06 1.0619411935671236e-07 2.9294404592542333e-06 1.0861451068823176e-06 2.674888573866032e-07 9.60128884585124e-06 2.66738375335383e-06 0.0 2.1214802505132584e-06 9.706092658712178e-05 6.808353048425803e-07 5.577619518138192e-07 1.8688511128699891e-06 1.0003769387214935e-07 2.0571087366446447e-06 4.624209310223169e-06 1.0374248835490442e-06 1.0987400727092589e-06 2.4832972420634546e-06 5.251016427562175e-06 3.844884031925199e-07 2.656364199894073e-06 6.7571424203795625e-06 2.2783758532674376e-06 5.170145488693647e-06 4.1919283578109275e-07 2.465731234946862e-07 1.6219931165287203e-07 0.0 0.0 0.0 1.2947169708563542e-07 0.0 7.59568223425303e-08 0.0 0.0 0.0 1.735239497211407e-07 0.0 6.431372684436669e-08 0.0 0.0 7.09568439607979e-08 0.0 7.004682595592663e-07 5.955431574496339e-07 0.0 4.908644439708572e-07 0.0 6.523399575807643e-06 9.483687289619001e-07 7.962573806847268e-06 6.000890497901833e-06 1.6768441216541545e-06 0.0 0.0 0.0 0.0 7.814707009509233e-08 2.185346625976373e-07 0.0 0.0 9.906527279162745e-07 0.0 0.0 7.323202905141234e-08 1.7024018588146068e-06 0.0 0.0 0.0 0.0 4.1631601691950637e-07 1.9179741208517988e-07 0.0 1.5641300514807514e-06 9.976486652594473e-07 8.08538546534137e-06 4.1185403311871653e-07 0.0 3.511225694796089e-08 5.4230656875375266e-08 0.0 0.0 0.0 0.0 0.0 3.6991316750028673e-06 3.5131477888416518e-06 0.0 4.033963555029743e-08 0.0 5.590034178114804e-06 1.3878882190046826e-06 6.7909180737913645e-06 3.8941952835353904e-07 9.229132303828073e-07 8.236768131818717e-07 3.5524473544539806e-07 3.355259904686255e-07 0.0 0.0 5.956473789190812e-08 0.0 0.0 0.0 0.0 0.0 1.1573258148614168e-06 7.568910729893622e-06 1.3182847497042912e-05 5.238365699933892e-05 2.8622910032229223e-06 3.974760202071456e-05 9.998947295995864e-06 6.805485315362882e-05 4.180713307772642e-06 1.7501305198159687e-07 5.545033566449995e-06 7.2928930008042486e-06 0.0 5.650435707230807e-06 1.3295824438409837e-06 3.3454265541020486e-06 0.0 0.0 0.0 7.784320821568703e-07 2.5474324498357707e-07 8.704346917091306e-06 2.9082448299695023e-06
0.0007654227493799359 0.0007837107266310754 0.00011360409396127048 0.0 9.456767277214299e-06 9.973179506550924e-05 0.0003014938641793397 7.379447780980433e-06 3.506623713493226e-07 0.0018301143465358802 7.299571237141081e-06 0.00043942691912723236 0.00041879445240325044 1.1831324617532928e-05 1.2097211734032032e-07 4.780544328413915e-07 3.6379359789745087e-07 9.116706813910538e-08 0.0 4.4946146055933554e-08 0.0 0.0 0.0 0.0 0.0 1.2174290360523672e-07 0.0 0.0 0.0 0.0 0.0002265072051860138 1.7096918955040327e-06 1.0868433978871775e-06 0.0 0.0 0.0 6.050961176972185e-07 4.089409899735079e-07 7.487432420263938e-08 5.552945168515445e-08 0.0 0.0 0.0 1.3868367217791678e-07 3.9143901115371235e-08 0.0 2.461206041529914e-06 7.195054233322004e-07 1.2121145224369563e-07 2.2436779327697245e-07 8.10086365939657e-07 1.2857952507354634e-07 0.0 0.0 4.76697344545997e-06 4.643035297971275e-06 2.9271703219678914e-05 7.047156911958848e-05 1.0413274267602973e-05 1.6447441182482555e-05 5.20912479453353e-07 2.1049769344456668e-07 9.197163820999857e-08 2.4611072015627035e-05 3.372802528042551e-06 1.9895509799872628e-06 6.051561895564038e-07 5.51460308570791e-07 1.9849523450026e-07 5.853403453204555e-08 2.501109401233988e-06 6.744074820570046e-07 6.105019811302097e-08 9.492875733090412e-05 1.2690557073267837e-05 7.950387266160565e-06 4.6411926346247926e-06 5.699684894755163e-07 4.186147632031031e-07 1.4992552140006015e-06 9.958632068334871e-08 5.812445888091866e-07 4.649059227932243e-06 3.1035491959797426e-07 3.474342451081063e-06 3.5707333087016818e-06 3.0074012561576136e-07 4.347201288846374e-07 1.77081569394033e-06 5.426702123743378e-08 8.990562135329275e-07 0.0 0.0 4.898719010898917e-07 3.814228737744301e-08 2.885775264816865e-05 3.5849611595217865e-06 7.17371617850897e-08 2.317640685653277e-07 0.00020007854304220446 2.538689936727695e-07 1.5896089026915987e-06 1.3125435207515747e-06 2.6608999988050743e-06 1.9573187294635273e-07 2.0340373668253436e-06 2.7056877877452192e-06 2.0489152096054781e-07 6.897465072519046e-06 6.713355712879287e-06 3.2981237471112513e-07 1.211921774508634e-06 8.517777991784534e-06 1.6395449383689984e-06 1.098959933597137e-06 0.0 0.0 0.0 0.0 0.0 0.0 0.0 0.0 0.0 0.0 0.0 0.0 0.0 0.0 0.0 0.0 0.0 5.6173775137796566e-08 0.0 1.6497834642737203e-07 6.032484706712578e-08 0.0 0.0 0.0 3.68907089618237e-07 0.0 3.3965453467254663e-07 2.8327072281453647e-07 0.0 0.0 0.0 0.0 0.0 0.0 0.0 0.0 0.0 0.0 0.0 0.0 0.0 1.3730150890857154e-07 0.0 6.921858262930196e-08 0.0 8.33292905224261e-08 0.0 0.0 2.944441882343709e-07 0.0 0.0 1.0197664651316103e-06 0.0 0.0 0.0 4.177500372259628e-08 0.0 0.0 0.0 0.0 0.0 1.501564696518126e-06 5.721718143283189e-07 0.0 0.0 0.0 1.1160632740901107e-06 6.517819134175943e-08 5.624122010329704e-07 0.0 1.485261994561268e-07 0.0 6.138524082977158e-08 0.0 0.0 3.4899306596272654e-08 0.0 0.0 6.186226704953641e-08 0.0 0.0 0.0 3.707623992459475e-06 7.814881640626465e-07 5.637888420990721e-07 5.5225022677966303e-05 2.8908043393575255e-06 5.4122167452551657e-05 9.435818497262836e-06 0.0001634485635150817 4.328721353980115e-06 2.8432396323836955e-07 1.1835444514228051e-06 2.2935571308433895e-06 0.0 2.3698670317795552e-07 0.0 1.036836719720505e-05 0.0 0.0 0.0 5.543928226186424e-07 0.0 6.68470528104524e-05 3.018879308129297e-06
6.770825422113907e-06 0.0008038541418124346 0.00019762015419592794 9.456767277214299e-06 0.0 4.2414859606977237e-07 0.0011406698063005836 4.2373683170864324e-05 0.0036727636043656624 6.099954535201652e-05 0.000727283428315911 9.964548091207089e-06 0.00039758159050119415 0.0010359559214330814 1.703721880176764e-07 2.3577743094037633e-07 3.0867263983532437e-07 0.0 0.0 0.0 0.0 0.0 0.0 0.0 0.0 0.0 0.0 0.0 0.0 0.0 3.5058343220104026e-05 3.545052763219715e-06 6.096041624007116e-07 3.5235413909138985e-08 0.0 0.0 1.2058769853120783e-07 0.0 1.102710555518535e-07 0.0 0.0 0.0 0.0 4.615417626471105e-08 0.0 9.047293590737594e-08 5.995828555045595e-06 3.840944808397193e-07 5.240110798338219e-08 0.0 2.403004764879681e-07 0.0 0.0 0.0 5.846011327350769e-07 1.2859082442278755e-06 1.936239910030384e-06 8.058177557508714e-06 8.787404013422058e-07 6.811802623110511e-06 4.768785148359179e-08 1.7970611539658387e-07 0.0 2.0768445185834088e-05 7.631139479486717e-07 6.80691419385687e-07 1.5562844699387442e-07 8.196759426904851e-08 4.768742190972052e-08 0.0 4.114360888705208e-07 0.0 0.0 1.4629106381768683e-05 6.459851455438904e-06 6.699381836715575e-06 5.209695586145689e-06 2.7851737555499707e-06 5.434962393488148e-08 8.662546596525994e-06 1.9161613191150765e-07 1.257161487612762e-06 6.708189557892167e-07 2.533290473322815e-07 1.0911316750884167e-06 1.2707950945776222e-06 1.8888312379831538e-07 9.577012960235482e-08 7.364155396301678e-07 0.0 2.0613807896501085e-07 4.531832200971513e-08 0.0 1.654617384338523e-07 8.391638415171211e-08 1.552822727107207e-06 0.0 0.0 0.0 6.629596060933503e-07 3.905676921515043e-07 6.053527227153603e-07 7.3356848276701e-08 0.0 0.0 6.194627426677193e-07 1.1429917161038205e-06 0.0 7.750385170566982e-07 1.12190845462782e-06 4.047645482829411e-07 8.057317693809739e-07 1.8598852555902536e-06 4.907307593369789e-07 1.7234608991725476e-06 0.0 0.0 0.0 0.0 0.0 0.0 0.0 0.0 0.0 0.0 0.0 0.0 0.0 0.0 0.0 0.0 0.0 0.0 0.0 5.144483919170513e-08 0.0 0.0 0.0 0.0 1.3040244607650543e-06 1.0944246047271106e-07 1.6110144099409824e-06 4.2643327536551283e-07 0.0 0.0 0.0 0.0 0.0 0.0 0.0 0.0 0.0 0.0 0.0 0.0 0.0 0.0 0.0 0.0 0.0 5.0767373181039e-08 0.0 4.693495167856135e-08 1.7420494259554695e-07 0.0 0.0 1.5420745273685047e-06 0.0 2.841401056214698e-07 0.0 0.0 0.0 3.563225611912255e-08 0.0 0.0 0.0 1.4722938317643865e-06 0.0 0.0 0.0 0.0 1.9168148068103053e-06 0.0 1.1203332383704467e-06 2.577456052526125e-07 3.4900658197540054e-07 0.0 0.0 0.0 0.0 0.0 0.0 0.0 0.0 0.0 0.0 0.0 1.2725305263247053e-06 1.1628541908947797e-06 8.131511513856073e-07 3.433207756163125e-05 1.6052695535793374e-06 3.133729124959845e-05 7.185734211062537e-06 8.930847323626447e-06 4.057836347824402e-06 0.0 2.8610757698696658e-06 4.905550324950919e-07 0.0 6.849069149442886e-07 5.4745161858980585e-08 3.466247255991312e-07 0.0 0.0 0.0 7.549462575988639e-08 7.655216690299868e-07 2.8212527155766847e-06 1.3576958996199635e-06
6.650290448483547e-05 3.8543315660287846e-05 1.5369204135237676e-05 9.973179506550924e-05 4.2414859606977237e-07 0.0 1.9709155032704953e-05 5.936250491025117e-06 1.9706624767894725e-07 0.0001810343093954158 7.355178640919599e-07 0.00012406930132234984 6.13333294733557e-05 2.059533429940585e-05 5.0719923945389485e-08 5.53494129177131e-07 0.0 0.0 0.0 0.0 0.0 1.2798097738616832e-06 0.0 0.0 0.0 0.0 0.0 0.0 1.1088894153428819e-07 0.0 6.476249892602253e-05 2.9396046003964357e-07 1.3826210774261381e-05 0.0 0.0 1.813384089474604e-07 2.070803933296369e-05 3.0546529189548976e-07 1.954223462949842e-06 6.434435732910009e-08 0.0 3.132309415689009e-07 0.0 2.470233667174342e-07 0.0 0.0 8.47870721783861e-07 0.0 0.0 4.276248198987669e-08 1.0773700239813795e-07 5.751918605894334e-06 2.8257351197006305e-07 3.9223334304734053e-07 6.522657132079668e-08 2.817816112155179e-07 2.5727557626202533e-05 1.4490871981603024e-05 2.3249157713042704e-06 1.5921847801535339e-06 4.832863748878967e-07 2.090566486714589e-06 0.0 3.1946741721051727e-07 0.0 1.0906685104081354e-07 1.5376009014932326e-07 0.0 5.139266153061761e-08 0.0 6.626754492343475e-05 9.585355087460425e-05 8.390767282940252e-06 7.983189548760044e-06 3.137539135157659e-07 2.2629931615772382e-07 3.879302673375218e-07 7.550608479854498e-07 2.292409135139548e-07 3.6715907820500503e-06 2.044455112194297e-07 2.214191527769653e-06 1.6190832827361295e-07 1.9014274956445632e-07 6.009352465030578e-08 5.612587360444053e-07 0.0 1.4239204768807406e-06 1.3934377001891118e-06 3.85235287718211e-06 6.670841751825351e-07 1.9770752644895543e-06 0.0 4.193796910765291e-07 1.3424683774829138e-06 0.0003341271449096639 0.00016411267330832823 6.089145419397719e-06 1.4616792992275793e-05 7.990256655909981e-05 0.0 9.100840820486627e-06 3.678260265041044e-06 2.336184897844668e-06 1.8305696591225284e-07 5.416519433103354e-06 8.519747889931118e-06 1.3458867395791617e-06 9.148507675769046e-06 2.5009954583210628e-05 6.352006421437854e-07 2.4440466696624285e-06 2.1581940565969015e-05 7.536386795598446e-06 3.1405079264076532e-06 5.950704425328525e-08 0.0 0.0 6.836321389170505e-08 0.0 0.0 0.0 1.462676992637004e-07 2.0440727291917918e-07 0.0 5.858281295641267e-08 0.0 2.07389368507766e-07 0.0 2.539568446422966e-07 0.0 1.255265616250471e-06 6.503150556128195e-07 3.1237478839206083e-07 3.703512796191674e-07 1.7392291801050158e-07 0.0 5.863524338125633e-07 1.8122120998910546e-07 1.3718830467593388e-06 0.0 5.595458226841683e-07 1.677578266512994e-06 8.720625945792434e-07 0.0 0.0 0.0 9.158796337302539e-08 1.4255794911715514e-07 4.1826118032709737e-07 0.0 9.718136381650957e-08 3.675962480629376e-07 0.0 0.0 1.7566987665646346e-07 4.9695481873728885e-06 6.810540731186557e-08 0.0 0.0 0.0 0.0 1.3377341870390346e-07 1.7692512076911756e-06 0.0 0.0 2.70076731788392e-06 0.0 0.0 0.0 0.0 0.0 0.0 0.0 9.433164546306228e-08 0.0 4.0096769425186225e-06 6.396772912229975e-06 0.0 0.0 2.0616380670447445e-07 1.1487089956906432e-06 0.0 4.1384367298625376e-07 5.7798348810407e-08 0.0 3.0345989787315215e-07 5.8283487128059536e-08 0.0 0.0 0.0 0.0 0.0 0.0 1.859114718353668e-07 0.0 0.0 1.0399500015662375e-05 3.0750625401179693e-06 3.921312314704292e-06 0.00019282549637672928 2.5242057050149465e-06 4.682221888768318e-06 3.3015112888386633e-06 5.074374416519056e-05 1.3090370835603013e-06 1.6590867954092897e-06 4.7348632250442123e-07 1.3308241271158641e-05 0.0 5.732591436178343e-07 7.494536887266688e-08 4.85414726897776e-05 0.0 0.0 7.239917247495284e-08 0.0 2.1513980877585126e-07 6.359914132124347e-05 1.31097736476746e-05
9.994702565756324e-05 0.0016111654551647324 8.071782022555691e-05 0.0003014938641793397 0.0011406698063005836 1.9709155032704953e-05 0.0 7.132327956251779e-06 0.0015613114936875176 0.0012201503802575192 0.00047236554401273306 0.00012750858320542587 0.001947071821809928 0.0017283812623874642 5.065025702460416e-07 5.835885742019939e-07 3.3839130733416623e-07 0.0 5.5383857271338315e-08 0.0 0.0 0.0 0.0 0.0 0.0 0.0 0.0 0.0 8.452493468458222e-08 0.0 0.00010996642740293463 7.785197307908782e-06 8.259946630513232e-07 0.0 0.0 0.0 4.1111125942820215e-07 1.225561990062832e-07 1.571053499789576e-07 1.4480275275136733e-07 4.1171608076181303e-08 0.0 0.0 7.968337941114597e-07 4.848295847790071e-08 1.2513878466888887e-07 1.151281241074368e-05 1.0624718324737344e-06 8.804916370497556e-07 0.0 1.1452543875207939e-06 0.0 0.0 0.0 3.3968622041483334e-06 4.2936573680612934e-06 8.58687453808015e-06 3.5293962007546034e-05 3.9530326563647756e-06 1.8889038633605133e-05 1.9613664982153803e-07 5.661606750850121e-07 0.0 4.767247991724228e-05 2.028121596094311e-06 2.4171677438195166e-06 1.0700963484533113e-06 1.9011910743726625e-07 5.458239694173054e-08 0.0 2.9791432923509125e-06 4.963182578090145e-08 0.0 5.9591327621150037e-05 1.8174935328942396e-05 1.666397737404546e-05 1.0587252280018887e-05 5.1211375006722935e-06 1.1188817393879963e-07 3.8776343765533625e-06 2.3901960549232454e-07 2.4822169011314823e-06 3.959228415874246e-06 5.678421828598351e-08 3.0440403587224726e-06 3.0046317062496765e-06 7.912878833707289e-07 2.018280086719405e-07 1.527484853947487e-06 1.088850977133121e-07 1.2113300427266798e-06 1.0535349309632046e-07 4.1737727294274885e-08 8.088446764390681e-07 2.410020048611331e-07 2.4626140028892264e-05 5.01556518949423e-07 0.0 4.90709215273479e-07 7.898749893827469e-06 4.064146380209336e-07 3.3591171231848083e-06 6.37405132542563e-05 6.072975171874785e-05 1.0820233300232958e-06 0.00012469961082705686 3.2535558937674835e-06 3.074328446621223e-05 0.00012010597238107177 1.9877662832767104e-05 1.7846979245653175e-06 0.0001991383939446765 0.00011223603486593752 2.8960739979899276e-05 3.9954549843314045e-06 1.904344800287089e-07 0.0 0.0 0.0 0.0 0.0 0.0 0.0 0.0 0.0 0.0 0.0 0.0 0.0 0.0 0.0 2.285013491760583e-07 0.0 0.0 1.5430788306124094e-06 4.80591645542059e-07 0.0 6.213551712133317e-07 0.0 2.6855697507422553e-06 4.2692618959280577e-07 3.219293816429269e-06 2.215635004926985e-06 7.060195430862419e-07 0.0 0.0 0.0 4.021969105459137e-08 0.0 4.8873599882438216e-08 0.0 4.9023474470696275e-08 3.4303414173475704e-07 0.0 0.0 0.0 2.908048850898583e-07 0.0 0.0 1.9204232522317326e-07 9.096784236131848e-08 2.052263457775087e-07 9.331773657385357e-07 1.9087396522755048e-07 0.0 6.78485470396845e-07 5.9494891670724354e-06 2.604544731819524e-07 5.096584253526992e-08 0.0 0.0 0.0 0.0 0.0 0.0 0.0 4.411351513027061e-06 0.0 0.0 5.998545880599633e-08 6.047973023769443e-08 3.969197536704604e-06 3.602230296851942e-07 3.4025407037982853e-06 4.301878692887926e-07 1.601884704470756e-06 5.73396762899345e-07 0.0 0.0 0.0 0.0 0.0 0.0 5.4142239366394824e-08 0.0 0.0 0.0 6.065032516599004e-06 6.110502117094193e-06 3.57103511236193e-06 7.529178281757364e-05 4.105676965737748e-06 8.146787886946994e-05 2.0788509230381998e-05 5.0849440532944664e-05 9.94429871043656e-06 8.208081873523808e-07 1.093835947199905e-05 5.025272547307136e-06 9.158682624740824e-07 2.2258401797124556e-06 1.739671952477829e-07 4.7441752036885795e-06 0.0 0.0 0.0 5.030613535747008e-07 5.913565958702594e-07 2.1759973111368825e-05 5.81919807339164e-06
0.0001196803189783924 0.00044038343381259644 0.0011192774636413184 7.379447780980433e-06 4.2373683170864324e-05 5.936250491025117e-06 7.132327956251779e-06 0.0 6.28369153367281e-05 3.298351517761498e-06 0.0008309147389871567 2.83766298874533e-05 0.0001303670224936764 0.0012498176114744053 1.995619489132362e-06 1.1696539365590954e-05 9.949420541493587e-07 2.9721097392783167e-07 1.28054984248195e-07 5.113662274064395e-07 1.4095041022753809e-06 2.993013737710128e-07 0.0 0.0 9.73567491782977e-07 6.30066518425762e-08 1.3934225872822643e-07 8.314957611438608e-08 3.3246409063846243e-07 9.086179987219976e-08 0.00117901981463087 0.0004533881560167503 0.00020009294948369224 2.2721967506404676e-07 4.226994441793438e-08 2.8183080333820017e-06 3.5240532951078704e-05 7.225985945837641e-06 7.334367000870109e-06 2.7394556061031524e-06 1.0653825472040465e-07 7.177367680928857e-07 4.588734265689511e-06 7.068120704583254e-06 1.1647130379699344e-07 2.1010356004025535e-06 3.680557927740115e-05 3.563073530310412e-06 6.076311420614254e-07 9.40668491560236e-06 1.064592020774604e-05 3.5808111833171146e-07 4.155605241069777e-07 1.7634547184179174e-07 2.3584691669305077e-06 2.885069646464646e-06 1.091384206314346e-05 6.808700672676418e-05 4.504841420940802e-06 2.570020719011739e-05 8.027244230978207e-05 0.0001521870380882262 9.193373983342006e-07 0.00016372994377044877 2.1976674489649503e-06 5.692955100215217e-06 3.838981381874365e-06 9.055104996254001e-06 5.675639298711225e-05 3.684009351771465e-06 4.960159614150848e-05 1.1372620482913788e-05 0.0 5.706363071013914e-05 2.705039589100459e-05 3.062346375626389e-05 4.6229181668088654e-05 9.262136844436561e-05 0.0006311359261984283 0.002218476744711536 0.00019599916885658833 0.001390392726257417 5.126224056866209e-06 2.620745301032063e-07 6.963011975207928e-06 3.2507415965812905e-06 1.4788737233891037e-05 6.654285134356329e-07 1.9858171768167813e-06 9.639911602265126e-08 1.0718803936434922e-06 3.894945325740321e-07 1.7810009480157338e-05 7.379867337687075e-06 2.0820963421180184e-06 3.45690062443209e-05 1.0954243239820093e-05 0.0 6.949919117699927e-06 3.3577717143181455e-05 1.7414364551697212e-06 1.5395692214227678e-06 4.1934880876189586e-06 1.4463950658686732e-06 4.1132997478575685e-06 2.2286975033911367e-05 2.0252741656886565e-06 3.7289640239348866e-06 1.2898366508990323e-05 1.8338226903758592e-05 4.130077393534773e-06 8.481046362743232e-06 2.3058568508598984e-05 1.0289806089493707e-05 1.7920389068481623e-05 1.6962976981510474e-06 9.023664132863878e-07 0.0 1.004749347031563e-07 0.0 0.0 0.0 0.0 0.0 0.0 0.0 5.414731954435061e-08 1.823507134716456e-06 0.0 4.505068877192782e-07 0.0 0.0 1.2526960547695857e-07 4.410845210414113e-08 3.579387314028007e-06 3.4561346855036396e-06 0.0 5.917502797784329e-06 0.0 2.8262679360487118e-05 7.406223360065911e-06 3.6958931891830745e-05 3.1514870174328776e-05 3.411941258707196e-06 0.0 0.0 0.0 4.3601343261971476e-08 2.174984494859477e-07 2.4660958217622513e-06 0.0 1.8905212251726537e-06 3.6254129418681705e-06 0.0 0.0 0.0 3.973283942202038e-06 4.585642865340667e-08 0.0 8.435759387174701e-08 3.0921187955792275e-08 7.621743111366622e-07 2.425219779186623e-06 1.937450253089787e-07 7.723023431708456e-07 2.2378272985115627e-06 3.079177945898424e-05 1.0744462072479937e-06 3.662260381534883e-07 2.8891327522488453e-07 0.0 8.133650044649962e-08 1.1154609305883947e-07 4.330742134840462e-08 0.0 4.147682653742065e-08 1.8416672885672438e-05 1.1572131964679283e-05 1.6978597221325774e-07 1.0228266248763093e-07 1.714238813530021e-07 1.9678558474968812e-05 3.9623374754446235e-06 2.2270324193460395e-05 1.261024508471432e-06 5.126598165902411e-06 2.602783142759106e-06 1.0284400845518692e-06 1.0717936010443727e-06 0.0 1.0127449307888477e-07 0.0 0.0 1.064495788445306e-07 2.2435000954127306e-07 0.0 5.0925428349975854e-08 7.448388033982554e-06 3.3374155449073606e-05 6.14120789274196e-05 0.0002454246434805461 9.172632276673617e-06 0.00012941415530760172 4.057534005329102e-05 8.318152566172255e-05 1.661643537222972e-05 1.682401107929914e-06 2.7980496163071908e-05 3.3980484163624465e-05 3.589173056621003e-07 1.567041664269483e-05 5.317631889030115e-06 2.459385533300199e-05 1.0387583057482725e-06 0.0 8.345606057340398e-07 3.598490286650306e-06 2.7225789311972065e-06 1.7131060982045794e-05 1.6667229973545925e-05
1.2410422230374946e-06 0.0008575155676614956 0.0003472825059139929 3.506623713493226e-07 0.0036727636043656624 1.9706624767894725e-07 0.0015613114936875176 6.28369153367281e-05 0.0 1.5090828294623415e-05 0.0008014328052129501 5.748629377439214e-06 0.0006871266148293267 0.0006755836330596106 0.0 1.005512836766376e-07 0.0 0.0 0.0 0.0 0.0 0.0 0.0 0.0 0.0 0.0 0.0 0.0 0.0 0.0 5.941348424700913e-06 1.6178841677416077e-06 1.7328247939982567e-07 0.0 0.0 7.20378448178477e-08 0.0 3.330926070177838e-08 0.0 0.0 0.0 0.0 0.0 4.193234916078932e-08 0.0 0.0 1.2235739315251977e-06 2.791304462633633e-07 0.0 0.0 8.175410228074e-08 0.0 0.0 0.0 1.4345184876329168e-07 1.447983231599267e-07 3.046791250182697e-07 2.242070458004903e-06 4.6259105597189485e-07 2.1093849849356345e-06 4.166099543973439e-08 0.0 0.0 4.402952223216417e-06 1.3607483270349798e-07 1.0486955011465747e-07 5.109732638127139e-08 0.0 0.0 0.0 2.399096140707866e-07 0.0 0.0 3.1630042524560428e-06 1.090487009221819e-06 2.0687741139527393e-06 2.12206452078384e-06 1.6977557994971276e-06 1.5760865491336874e-07 4.0908589252436296e-05 0.0 9.397097897617633e-07 6.983193318325531e-08 0.0 0.0 8.751676105520932e-08 1.648774401475836e-07 4.1023934275799926e-08 7.099800834393962e-08 0.0 7.212377204351645e-08 0.0 0.0 0.0 0.0 2.475886031300938e-06 1.0402473083973959e-07 0.0 0.0 0.0 0.0 0.0 0.0 2.446230448904088e-07 2.76458702232492e-07 1.8250470231921993e-06 3.8187591856590366e-07 0.0 8.377127534314174e-08 1.781733721662325e-06 5.616618973482924e-07 4.502059120782313e-07 1.5169639236895146e-06 7.948619006253722e-07 1.0980924216155414e-06 0.0 0.0 0.0 0.0 0.0 0.0 0.0 0.0 0.0 0.0 0.0 0.0 0.0 0.0 0.0 0.0 0.0 0.0 0.0 2.7344444463493507e-07 3.046542377494238e-07 0.0 0.0 0.0 3.368175354411136e-07 0.0 7.400052799110701e-07 5.753866206666719e-08 0.0 0.0 0.0 0.0 0.0 0.0 0.0 0.0 0.0 0.0 0.0 0.0 0.0 0.0 0.0 0.0 0.0 0.0 0.0 0.0 1.814934290836112e-07 0.0 0.0 1.0476991076650388e-06 0.0 0.0 0.0 0.0 0.0 0.0 0.0 0.0 0.0 3.214971226236849e-07 2.459073088970645e-07 0.0 0.0 0.0 1.9894037077450654e-06 0.0 9.401397309498131e-07 5.201140354794067e-08 0.0 0.0 0.0 3.709921042237566e-08 0.0 0.0 0.0 0.0 0.0 0.0 0.0 0.0 8.908133321913786e-07 2.4933540021892584e-06 1.6039875121505373e-06 1.0048020152784627e-05 1.1276442432453563e-06 8.017037544902052e-06 2.7286003179563406e-06 1.8660960252823852e-06 1.8312142378292101e-06 0.0 9.043331674502911e-07 4.67229463893899e-07 0.0 9.43893204245603e-08 0.0 0.0 0.0 0.0 0.0 0.0 0.0 1.0110393948929213e-06 7.918573862612724e-07
0.00044375381248252176 0.0010093334418122826 1.6719651069165733e-05 0.0018301143465358802 6.099954535201652e-05 0.0001810343093954158 0.0012201503802575192 3.298351517761498e-06 1.5090828294623415e-05 0.0 1.0118521287350808e-05 0.0013488374719046992 0.002239946087528465 0.00014982832790856395 2.687863385719355e-07 5.231260611605455e-07 9.82589934525262e-08 0.0 0.0 0.0 0.0 3.4393085540103576e-07 0.0 0.0 0.0 0.0 0.0 0.0 6.858354793341233e-08 0.0 6.683731110540691e-05 1.2052165248235768e-06 2.7133846589064167e-05 4.4726235362389214e-08 0.0 0.0 2.6587454187578143e-05 3.6648488442661044e-07 6.257607002914465e-07 0.0 0.0 0.0 1.9030029111246011e-07 1.0332092697019851e-07 0.0 4.2685725232503104e-08 2.0154638190965407e-06 6.580509339492397e-07 0.0 0.0 1.1679373945447877e-07 1.3343905956992193e-06 0.0 2.0584642009640348e-07 7.033774894581541e-07 1.3936436777475271e-06 1.0431938060086132e-05 1.9059112245992305e-05 3.380185579926521e-06 6.3840305652109426e-06 8.007655125481356e-07 1.7531551494435186e-06 0.0 1.2715688010110066e-05 8.933135766362841e-07 6.96113470003627e-07 3.5100538297267053e-07 1.23671413243181e-07 4.7201293704451565e-08 0.0 0.00010946319068672195 8.598054580960782e-06 3.779019929399493e-07 2.4277480601749073e-05 4.6006561235015824e-06 4.504288939136696e-06 2.919260532828689e-06 1.5695333561476402e-06 3.412211470010782e-07 1.7096103262741595e-06 4.740536930898791e-08 2.1190034551985863e-06 1.996347411395776e-06 1.581586993526856e-07 6.575018825103933e-07 1.1753348371534452e-06 2.7445950590274626e-07 2.810881513602826e-07 7.038679227406981e-07 3.6387059123173907e-07 7.503057329360447e-07 1.4769355455374874e-07 0.0 5.2435884789829494e-08 5.097852305789291e-07 0.000433772463772774 0.00015090790165895633 1.2900392973922333e-06 5.758084877336541e-06 0.00011455756830020653 8.815186796931498e-07 1.2849269524469122e-05 9.099501651958658e-06 3.6794796322645977e-06 1.4198565835444443e-06 2.0797626173150255e-05 2.0203153364370804e-05 2.9516851483996877e-06 3.3595767622464913e-05 5.89631393024136e-05 1.9888829023446816e-06 1.4681423539188778e-05 9.043667893878525e-05 4.1703208580789986e-05 1.228408234782345e-05 4.5516489417094544e-08 2.3133150635409252e-07 0.0 0.0 0.0 0.0 0.0 1.1019308166851129e-07 0.0 0.0 0.0 0.0 0.0 0.0 0.0 0.0 5.013646301688435e-08 0.0 0.0 6.345112258860774e-07 1.8030815072573983e-07 0.0 0.0 0.0 3.195836950753323e-06 4.7175797872621387e-07 2.780235561097201e-06 1.6252735324937728e-06 3.334179687581603e-07 0.0 0.0 0.0 1.3840027171134174e-07 0.0 1.4851829280661225e-07 0.0 0.0 5.030664462040728e-07 0.0 0.0 5.414926819104196e-08 1.2470174119283435e-06 5.359981830686581e-08 0.0 0.0 0.0 0.0 1.91124145314748e-07 1.7524358871403205e-06 0.0 5.520422192979347e-07 6.887432343627198e-06 0.0 0.0 3.1593813478271373e-07 0.0 7.781690833363259e-08 1.7824364671614587e-07 0.0 0.0 0.0 1.060794946353452e-05 1.8749529949243188e-06 0.0 8.760852176953573e-07 1.0584163531821772e-07 9.72352363332905e-06 1.463193872728318e-06 3.949206021658143e-06 1.2208358899268617e-06 2.8900079623187276e-07 3.114661338173027e-07 1.8084257486298426e-07 4.8765596295211594e-08 0.0 0.0 1.9780240032870673e-07 4.7660417900059726e-08 3.688783828773618e-08 0.0 0.0 0.0 2.9908923848905243e-05 7.424547051444347e-06 4.713008613876696e-06 0.00011732395217400353 2.8161758901648087e-06 2.1401311498658604e-05 5.232617797333183e-06 0.00011692166878836964 2.4995933821237868e-06 3.937750643716013e-06 1.383832854888729e-06 1.840050541232511e-05 0.0 1.1007625469622605e-06 1.2664910196416243e-06 6.302483538080987e-05 4.787306630489644e-08 0.0 7.640770058752271e-08 4.512767214508279e-07 9.898357562344893e-08 0.00022094844756239621 3.2016315925476494e-05
4.079519295358539e-05 0.001332333679878597 0.000783622040439203 7.299571237141081e-06 0.000727283428315911 7.355178640919599e-07 0.00047236554401273306 0.0008309147389871567 0.0008014328052129501 1.0118521287350808e-05 0.0 2.0284029184194626e-05 0.00041192697802121497 0.0012346301801749258 5.518584239381176e-08 2.3294624029476775e-07 9.191426519535209e-08 0.0 0.0 0.0 0.0 0.0 0.0 0.0 0.0 0.0 0.0 4.739033422349375e-08 0.0 0.0 5.968680925143075e-05 3.937861778834504e-06 3.458303459543205e-05 4.4678474841325736e-08 0.0 5.159655658961383e-08 6.252444054167106e-07 1.3094310899601636e-07 1.3551109481882116e-07 0.0 0.0 0.0 0.0 1.1122519515129909e-07 0.0 0.0 2.57095460451444e-06 2.8859953688186515e-07 9.233726160581637e-08 0.0 3.17618640218504e-07 3.694319417290022e-08 0.0 0.0 4.486525667340426e-07 5.088448217790931e-07 9.578138350392564e-07 5.688132865804852e-06 7.644106322433441e-07 3.2145485348860905e-06 8.938685487237038e-08 1.5647401553278372e-06 0.0 1.1890267522343353e-05 3.287134936198976e-07 5.118643961315202e-07 4.056080694976828e-08 2.7438565032543075e-07 0.0 0.0 1.3726587202052543e-06 1.60517094147305e-07 0.0 7.870106365681332e-06 2.825697980237891e-06 5.041774689828719e-06 4.012932352926373e-06 3.362979876338022e-06 9.365493105102816e-06 0.0002444450679903896 1.0809753316458338e-07 8.40514886206204e-06 4.0646498221093293e-07 0.0 2.1514122512448478e-07 6.016102066661415e-07 1.7485446762745626e-07 4.786892309603667e-08 1.325235922025939e-07 0.0 1.5259052859200263e-07 3.787400915627799e-08 6.33159886098422e-08 1.3741560123849518e-07 0.0 5.685740148680489e-07 3.628890771929901e-07 0.0 5.358025090574442e-08 4.923887519890613e-06 0.0 0.0 1.026697957055532e-07 0.0 1.7610760309271625e-07 2.598311801718773e-07 5.217552878244969e-08 0.0 7.201544658717181e-07 5.973619950105327e-07 0.0 2.8452406372816964e-07 5.898857691764567e-07 5.454036282714222e-07 4.3211360226084434e-07 0.0 6.776060268453324e-08 0.0 0.0 0.0 0.0 0.0 0.0 0.0 0.0 0.0 0.0 0.0 0.0 0.0 0.0 6.597458394482797e-08 0.0 0.0 9.596781763019676e-08 3.2829556182311844e-07 0.0 0.0 0.0 7.227649956259344e-07 1.0836654601932538e-07 3.824294494018568e-07 4.150008142555575e-07 5.4978295956909825e-08 0.0 0.0 0.0 0.0 0.0 0.0 0.0 0.0 6.425932037971518e-08 0.0 0.0 0.0 1.1430176275016783e-07 0.0 0.0 0.0 0.0 0.0 0.0 0.0 0.0 2.337136615643593e-07 7.471703355067921e-07 0.0 0.0 0.0 0.0 0.0 0.0 0.0 0.0 0.0 3.5808939852372273e-07 0.0 0.0 0.0 0.0 2.319300334966332e-07 6.12536355824587e-08 2.0108584510083744e-07 0.0 0.0 5.262143579938123e-08 0.0 0.0 0.0 0.0 0.0 0.0 0.0 0.0 0.0 0.0 4.64987679728202e-07 5.685573922269439e-07 3.670365942428919e-07 1.589413881757184e-05 7.926714598758535e-07 1.3153368077287526e-05 4.107457885622372e-06 5.9433905286121195e-06 7.27343319237337e-07 9.260812660877137e-08 1.0189575744191718e-06 7.296941466835431e-07 0.0 1.7950585303836854e-07 1.289560590231233e-07 1.6554478315658783e-07 0.0 0.0 0.0 6.173028203401852e-07 0.0 1.1155858245221829e-06 1.6313170485329858e-07
