0.0 0.002341169622413844 0.00010750204784275287 0.000702928151339566 0.00016503780409747013 8.773989280506489e-05 0.0006905228846532954 1.5319272445823125e-05 0.00011976272698193207 0.0007966642133885863 8.903155415974742e-05 9.634722026377409e-05 0.0001888331924273693 0.00029132680824962436 2.9875014268701364e-07 8.37708227909667e-08 0.0 0.0 0.0 5.1749117962272637e-08 0.0 0.0 0.0 0.0 0.0 0.0 0.0 0.0 0.0 0.0 0.0003784431431767874 1.7661309071227282e-06 1.4949996576682765e-05 0.0 4.1175236616313546e-08 5.1017532174504514e-08 5.847556391168964e-07 0.0 3.0803473459736316e-07 3.9163669742785706e-07 4.6925206360232066e-08 0.0 4.786201961486283e-08 4.243175200152173e-08 0.0 4.417870918718778e-08 1.1720166184311312e-05 1.539703143117684e-06 0.0 9.872617327432305e-08 4.378592857293691e-07 0.0 0.0 0.0 4.6456861824661226e-06 7.145038004460456e-06 0.00038141167470980735 0.0006688376026908819 3.6876421779574304e-05 5.508335964227593e-06 8.281319202523775e-08 3.9920411887205984e-07 0.0 1.4169963364291447e-05 4.585177817098007e-06 3.5498448144784457e-06 1.7448147138089545e-06 1.2460485174145101e-06 6.398883675047809e-08 4.1508489972486247e-08 1.8002016719922518e-06 0.0 0.0 0.000210481421258485 5.140767602187397e-05 2.3859806371774915e-05 1.2531433200226964e-06 1.2879840297402994e-07 6.674003860887279e-08 3.3962678302622e-05 0.0 1.8454512527113454e-06 4.624405202134726e-06 1.911012161514827e-07 3.136637885159441e-06 2.314194113498007e-06 5.398733990754413e-07 1.5187407645111658e-07 7.414296347179212e-07 7.161626458022418e-08 3.476419363868288e-07 0.0 6.101551168787705e-08 1.2869279288999773e-07 5.873900680872139e-08 4.460552856073782e-06 4.306686085608852e-06 0.0 7.313601504814195e-08 0.0003130627294535966 0.0 0.0 0.0 2.2742147364616017e-07 0.0 5.155545593970391e-07 1.1617561672640524e-07 1.772568136148115e-07 8.902376742203552e-07 5.104305364937562e-07 0.0 1.1111784257568502e-06 1.4611017809656622e-06 4.055767306316285e-07 0.0 7.257799029830958e-08 0.0 0.0 0.0 0.0 0.0 0.0 0.0 0.0 0.0 0.0 0.0 0.0 0.0 0.0 0.0 0.0 0.0 0.0 5.997755130609942e-07 0.0 0.0 0.0 0.0 9.30681433285527e-08 0.0 0.0 0.0 0.0 0.0 0.0 0.0 0.0 0.0 0.0 0.0 0.0 9.47615486394821e-08 0.0 0.0 0.0 0.0 0.0 0.0 0.0 0.0 0.0 0.0 0.0 0.0 0.0 0.0 0.0 0.0 0.0 0.0 0.0 0.0 0.0 0.0 0.0 0.0 0.0 0.0 0.0 0.0 0.0 0.0 0.0 0.0 0.0 0.0 1.3331762125765398e-07 0.0 0.0 0.0 0.0 0.0 1.5449795235038378e-07 0.0 0.0 0.0 1.0041585344136877e-06 6.585355466382912e-07 6.986468713377611e-07 6.689250648588657e-05 3.851842362620711e-06 0.0001253593220171276 2.825925834632588e-05 0.00017015754317187615 8.258794594181457e-06 8.626610852731282e-07 3.906649821907546e-06 7.08215277721341e-07 0.0 5.209465761866954e-07 1.6393006717430235e-07 3.3609666018418076e-06 0.0 1.4995431227601039e-07 0.0 1.878531309702186e-06 0.0 5.0714021849940954e-05 1.7705642288198314e-06
0.002341169622413844 0.0 0.000454430290627185 0.0005840867358327824 0.0010217265779576675 4.4499909092590115e-05 0.0015411206963755707 4.305149484502185e-05 0.001366094703521613 0.0001139855980636151 0.00037632446732956517 1.2354741500860996e-05 0.0003193924349950893 0.0007095413936840482 2.777678424078731e-06 1.0346958063855803e-06 8.392564806891403e-08 9.554948963060436e-08 0.0 4.785563004603182e-08 0.0 0.0 0.0 0.0 4.851462152863418e-08 0.0 0.0 0.0 0.0 0.0 0.0005293964253795134 1.4679501626902239e-05 2.140810607080489e-05 0.0 5.1422921634125586e-08 5.195238634620177e-08 1.803264382468624e-06 6.961369217033029e-08 5.370412037496906e-07 1.7551339215893336e-07 0.0 3.929892944661078e-08 0.0 4.220791108205826e-07 5.0406940503233567e-08 2.1780913401602194e-07 2.5223239884250344e-05 2.175217574754248e-06 1.0233508184517542e-07 0.0 3.463863734839308e-07 0.0 0.0 0.0 3.186528417895601e-06 3.925630802796135e-06 0.00011721084506781519 0.000201460677439801 9.797533720572469e-06 1.381355918956001e-05 8.753339489997896e-08 8.990478325272562e-07 1.0241816427941614e-07 5.062182673963114e-05 3.5777240294245294e-06 3.2449824376676424e-06 1.386038010271516e-06 7.799491053170132e-07 3.691362042058492e-07 4.1000300973225616e-08 6.116739841358187e-06 1.5445143441319255e-06 0.0 0.00016041450070450295 6.437248863716815e-05 4.801562578039506e-05 1.0765588443684644e-05 3.2675592737899686e-06 4.3199405480225236e-07 4.803396341360142e-05 1.4130048012827305e-07 2.101013653857758e-06 4.1787717882604e-06 2.2223244743309282e-07 2.1165856897344376e-06 2.9986583211950205e-06 3.5951195133105833e-07 0.0 7.4121613797282e-07 0.0 5.793473760096533e-07 1.1342585080725092e-07 4.139584811564115e-08 1.475113286421575e-07 0.0 2.9091780921397327e-06 1.0196556921923902e-07 0.0 2.94977695789808e-07 9.55067865546363e-05 5.148956292485254e-08 1.958679939680382e-06 9.816621830465743e-08 9.544687120691921e-07 1.084035703325587e-07 4.8486745474197564e-06 1.50056925648653e-06 5.547341337904616e-06 1.223513249207672e-05 5.033552446198022e-06 5.41026884016207e-07 8.144539225087088e-06 1.664856984376204e-05 9.914470540235448e-06 7.01451607031455e-07 0.0 3.6683939774351346e-07 0.0 0.0 0.0 0.0 0.0 0.0 0.0 0.0 0.0 0.0 0.0 0.0 0.0 0.0 0.0 0.0 0.0 2.2959463419465787e-07 2.0879194429848916e-07 0.0 0.0 0.0 2.9074677333652595e-06 0.0 1.0292373683863373e-06 8.25100403571665e-07 3.2254591804583274e-07 0.0 0.0 0.0 0.0 0.0 6.158334989181468e-08 0.0 0.0 1.6049755327625853e-06 0.0 0.0 0.0 3.980906093252223e-07 0.0 0.0 1.2543617649785962e-07 0.0 0.0 0.0 0.0 0.0 0.0 0.0 2.4514068967317197e-07 0.0 0.0 0.0 0.0 0.0 0.0 0.0 0.0 5.91160348087164e-06 4.881170653380912e-07 0.0 0.0 0.0 0.0 0.0 0.0 2.396800580783054e-07 4.064928093565745e-07 7.784740421441495e-07 0.0 3.659112903215135e-07 0.0 0.0 0.0 0.0 0.0 0.0 0.0 0.0 4.5809932087362705e-06 5.1956970492029566e-06 4.667700841160059e-06 0.00010591180104905734 6.135266441282267e-06 0.0001369090182031126 2.7423928163682256e-05 7.22912505209999e-05 9.77585476859823e-06 1.062281429483204e-06 4.833699018021396e-06 1.3385018420707517e-05 1.4045201321580188e-07 3.2236356891543033e-06 8.033489619209999e-07 4.215372479637685e-06 8.817973424256068e-07 6.278638447767072e-07 9.452094150583762e-07 3.005714970392485e-06 0.0 2.391224584819405e-05 5.958145461025399e-06
0.00010750204784275287 0.000454430290627185 0.0 2.3962617247397138e-06 0.0003901706311250883 3.4418343307090005e-06 7.485799796363198e-05 0.0010938563380758699 0.000619914641983972 3.0394716217492287e-06 0.0013390428426568754 2.706794008662065e-06 9.871338479944809e-05 0.0008196785832966366 1.745552010882696e-06 2.8848386802865856e-06 1.4564537250180318e-07 1.841645292146793e-07 2.8357730152705064e-07 5.998070279586446e-07 3.2703449454059075e-07 0.0 1.2063960366364343e-06 1.0628989663379872e-07 1.2963111099452089e-06 1.426659501092618e-07 4.116718814079226e-07 4.486833885076857e-08 0.0 0.0 0.0024279163818079433 0.000406008757305342 0.00010870201876925816 2.364300993210424e-06 2.9749380192356234e-06 9.036656038668864e-07 4.035386511965227e-06 2.2522388805981427e-06 1.2354575058185171e-06 8.498489643032488e-07 9.827311171428716e-07 7.293292561543469e-07 5.281112780080555e-07 1.9302763760067524e-06 9.824698447509834e-07 4.6600790813216365e-06 6.647089997586256e-06 6.12162729507556e-07 4.87382853008195e-08 1.0202397911454646e-06 1.7339291759216292e-07 0.0 5.99340077113951e-08 1.2885717546203503e-07 7.659186728830724e-07 1.2302904696799982e-06 9.179110491885089e-05 0.0002010491420916812 7.722155236945826e-06 3.1238944800156233e-06 7.613261874232567e-06 3.342470910690271e-05 3.423135728354402e-06 3.464348366497674e-05 1.2283638865974437e-06 6.570235495206939e-07 1.3376520856992744e-07 6.614726665494415e-07 4.350856208023698e-06 3.11819513254176e-06 5.037827911991642e-06 4.1799340547994355e-07 0.0 5.773674908264167e-05 2.4104611040842173e-05 1.3975127100604988e-05 4.6113689447593934e-06 7.274236857696067e-06 4.493011847335038e-05 0.0010829712299853635 6.715777472867657e-06 0.00018858177440663854 8.28927062587027e-07 0.0 8.743939968830002e-07 7.533279066373536e-07 2.6733966451779734e-07 0.0 2.8734858668446884e-07 0.0 7.236420853009265e-08 9.023686801412453e-08 4.6957692248655704e-06 1.903708498297027e-07 1.2020878040081844e-07 5.53620724182109e-07 4.0600129601351764e-07 0.0 1.3520325589901045e-06 2.9894180958385235e-05 0.0 2.946368225751536e-07 0.0 0.0 0.0 1.367169728965973e-07 0.0 2.2665341933115105e-07 5.910912916765184e-08 0.0 0.0 1.840641686070159e-07 5.370947231534391e-07 6.171809005983418e-08 0.0 0.0 0.0 0.0 0.0 0.0 0.0 0.0 0.0 0.0 0.0 0.0 0.0 0.0 0.0 0.0 0.0 0.0 0.0 0.0 1.0610324617987267e-07 0.0 0.0 0.0 0.0 1.0787370153707816e-07 0.0 1.5697655305001852e-07 4.503317962452327e-08 4.974735011129982e-08 0.0 4.0611100104990625e-08 0.0 0.0 0.0 0.0 0.0 1.9024937947205045e-07 0.0 0.0 0.0 0.0 4.5306466281915585e-08 0.0 0.0 0.0 0.0 0.0 0.0 0.0 0.0 0.0 0.0 0.0 0.0 0.0 0.0 0.0 0.0 0.0 0.0 4.6551115325009055e-08 2.4171852896920917e-07 0.0 0.0 0.0 0.0 0.0 0.0 0.0 0.0 0.0 0.0 0.0 6.196151423206881e-08 0.0 0.0 0.0 0.0 0.0 0.0 0.0 0.0 1.1308789998150283e-07 1.8672997898314514e-07 5.163781968274693e-07 1.9771399192394832e-05 1.4361453084988869e-06 3.0710786193879444e-05 6.360524055514005e-06 1.3682091166280607e-05 2.4565327452260974e-06 0.0 1.1801917041066558e-06 1.3299176407093556e-07 0.0 2.610982427649101e-07 0.0 0.0 0.0 0.0 8.86978658583004e-08 7.172244543206501e-07 0.0 2.3973698044158058e-06 3.079464423735166e-07
0.000702928151339566 0.0005840867358327824 2.3962617247397138e-06 0.0 3.107656141993821e-05 0.000167422108085088 0.0010321751617674228 1.8979480728950212e-07 8.884413553605398e-06 0.0014311041215966942 1.0557706392387913e-06 0.00041522222827077574 0.0005496972403105188 1.576482568882845e-05 9.24886588636402e-08 4.899151210349676e-08 0.0 0.0 0.0 5.203632745767671e-08 0.0 0.0 0.0 0.0 0.0 0.0 0.0 0.0 0.0 0.0 1.2234304124705728e-05 6.880661133581533e-07 6.565334685089897e-07 4.3987563305388564e-08 0.0 0.0 0.0 0.0 0.0 2.2905072350087677e-07 0.0 0.0 0.0 0.0 0.0 0.0 3.2469213958044543e-06 4.889691834327512e-07 0.0 0.0 0.0 0.0 0.0 0.0 4.5818035871799957e-07 1.6429223919225256e-06 1.5788232526694827e-05 1.851234092114685e-05 1.532239192280203e-06 1.1427406805390438e-06 5.071453456323121e-08 3.6955628137564024e-08 0.0 5.8316851134919365e-06 1.0156784904615893e-06 3.7732747991591517e-07 3.3600836435244665e-07 4.079672231096812e-08 0.0 0.0 3.955860931693972e-07 0.0 0.0 2.538289906404031e-05 8.666940032504e-06 5.028902716190572e-06 1.102445588087791e-06 5.710434512269675e-08 0.0 4.800255152474817e-07 0.0 0.0 5.132887013940104e-07 0.0 5.439671355737412e-07 3.6681753394502904e-07 0.0 0.0 0.0 0.0 4.1115176112457154e-08 0.0 0.0 0.0 5.013092989074958e-08 2.1412305128756217e-06 9.510994646438716e-06 0.0 0.0 2.0574241805339217e-05 0.0 0.0 0.0 0.0 0.0 0.0 1.5108450469482682e-07 3.0736684967197796e-07 6.610141747578712e-06 4.050524251987326e-07 0.0 7.901752548541067e-07 6.55965720502241e-07 9.286345199377822e-07 0.0 0.0 0.0 0.0 0.0 0.0 0.0 0.0 0.0 0.0 0.0 0.0 0.0 0.0 0.0 0.0 0.0 0.0 0.0 0.0 0.0 6.374376016575068e-08 0.0 0.0 0.0 0.0 0.0 0.0 0.0 0.0 0.0 0.0 0.0 0.0 0.0 0.0 0.0 0.0 0.0 0.0 0.0 0.0 0.0 0.0 0.0 0.0 0.0 0.0 0.0 0.0 0.0 0.0 0.0 0.0 0.0 0.0 0.0 0.0 0.0 0.0 0.0 0.0 6.276264566003252e-08 0.0 0.0 0.0 0.0 0.0 0.0 0.0 0.0 0.0 0.0 0.0 0.0 0.0 0.0 0.0 0.0 0.0 0.0 0.0 0.0 7.332147056971514e-07 1.9598174994055526e-07 1.9738005169814603e-07 9.654228167768236e-06 3.570025031929678e-07 2.457592046262666e-05 2.7153736157394695e-06 9.981502571677023e-05 1.26956894962004e-06 0.0 5.154252454918778e-07 8.491223501845091e-07 0.0 8.507661181786814e-07 9.93502620528762e-08 0.0 0.0 8.280473080738204e-07 0.0 0.0 0.0 1.1007713727698907e-05 4.105982245868373e-07
0.00016503780409747013 0.0010217265779576675 0.0003901706311250883 3.107656141993821e-05 0.0 1.459247095865979e-06 0.0005744974295988947 5.4375763236327756e-05 0.0021202353887823477 3.838914969643971e-05 0.0003733628867959719 1.2835111107558817e-05 0.000153424101868719 0.000246741510618805 3.9250989280151825e-06 1.592815339031507e-06 4.002801496831456e-08 0.0 0.0 0.0 0.0 0.0 4.385128617727758e-08 0.0 4.6402885265482435e-08 0.0 0.0 0.0 1.4110731022156464e-07 0.0 6.153990780141836e-05 9.76319810067873e-06 1.3051967993777317e-06 4.263543890040539e-08 0.0 0.0 1.1433140712819032e-06 7.321107354049664e-08 1.1591809292966938e-07 1.7139436436898706e-07 0.0 0.0 1.0620473966422328e-07 3.202834731044153e-07 0.0 0.0 1.756931140977878e-05 5.110998681820444e-07 0.0 7.23071714359937e-08 9.355154614042257e-08 0.0 0.0 0.0 8.133180963735007e-07 1.4279147392856372e-06 1.4982728198326667e-05 2.943600722374875e-05 1.8874471755060823e-06 6.89721013850115e-06 4.020131263045993e-08 2.1871173006523586e-07 4.4859474271086036e-08 2.2408207647525845e-05 9.77564766502985e-07 8.57586006972195e-07 5.232727941482466e-07 2.3363772316768996e-07 7.307157456881359e-08 0.0 5.601457226484376e-06 1.075151258614265e-06 0.0 3.8863499946862647e-05 2.298117559286848e-05 2.4481204582627645e-05 9.898905767036382e-06 2.9726287727770535e-06 1.5845072507466013e-07 2.29991444097712e-06 2.2270215109597836e-07 1.3270472270309079e-06 9.146636176482299e-07 0.0 5.162943639526206e-07 8.571224403260127e-07 1.0286456459668935e-07 0.0 1.7142171215653028e-07 0.0 9.611396528335591e-08 0.0 7.221969459473085e-08 4.187213978117231e-08 0.0 4.543513798309503e-06 9.723046216107554e-07 0.0 9.466394012843318e-07 1.0618308710755427e-05 3.327644441165572e-07 1.5377363212654108e-06 1.6431994632539464e-07 4.5208442142222205e-07 1.1785023215903325e-07 3.4484423571304686e-06 2.0600243966282877e-06 3.5186646025156106e-06 1.1323301946470912e-05 3.3338858629184587e-06 5.168697931519393e-08 7.120470595762189e-06 2.0430316020588214e-05 7.73971751347279e-06 8.81740420783909e-07 7.164768819831985e-07 1.8061671661140684e-07 0.0 0.0 0.0 0.0 0.0 0.0 0.0 0.0 0.0 0.0 0.0 0.0 0.0 0.0 0.0 0.0 0.0 4.436426933749961e-07 2.309310751125104e-07 0.0 0.0 0.0 3.136059270195425e-06 0.0 2.176699575894849e-06 7.668839162915078e-07 2.0204880248869815e-07 0.0 0.0 0.0 1.3292597784955528e-07 0.0 0.0 0.0 0.0 1.9349245185436838e-07 0.0 0.0 0.0 0.0 0.0 0.0 0.0 0.0 0.0 0.0 1.9758355098687768e-07 0.0 0.0 0.0 0.0 0.0 0.0 0.0 0.0 0.0 0.0 0.0 0.0 5.915699890814607e-06 8.034813172753563e-08 0.0 0.0 0.0 3.989168805135555e-07 0.0 0.0 4.6542579063092544e-07 6.087489499263453e-07 7.837687109122367e-07 3.525965978332711e-07 7.307307905791722e-08 0.0 0.0 0.0 0.0 0.0 0.0 0.0 0.0 6.209101664935409e-06 3.419529850409082e-06 6.651951893028305e-06 6.214652008818656e-05 3.2841120200889626e-06 5.5124791233733395e-05 1.2818514406365938e-05 1.7610857277466167e-05 5.162758255440807e-06 2.9570994542888317e-07 3.6093104859163322e-06 7.770634382116293e-06 4.99628275866599e-08 2.6786395479756554e-06 8.467241223955735e-07 2.9727475480427146e-06 3.3407223119157754e-07 0.0 0.0 1.521967503986596e-06 1.718595509566742e-07 1.4370540170311692e-05 6.638831016258642e-06
8.773989280506489e-05 4.4499909092590115e-05 3.4418343307090005e-06 0.000167422108085088 1.459247095865979e-06 0.0 6.686807859419945e-05 0.0 6.127906209995746e-07 0.0003647290261566074 9.892670399318783e-07 4.786739554047406e-05 4.927954237888434e-05 4.9142535930738945e-06 0.0 6.258742499382904e-08 0.0 0.0 0.0 0.0 0.0 5.890256894713239e-07 0.0 0.0 0.0 0.0 0.0 0.0 0.0 0.0 9.199675287418255e-06 6.873355522104462e-08 1.1486096095508875e-06 0.0 0.0 0.0 1.055700711162517e-06 0.0 4.2902778315978946e-07 0.0 0.0 0.0 0.0 0.0 0.0 0.0 1.0073249572252465e-06 0.0 0.0 6.357335242152379e-08 1.4569877284526318e-07 1.5901557226767043e-05 2.2761733142908487e-07 0.0 0.0 2.0616836785388765e-07 9.139798987507249e-05 1.4475635986054139e-05 1.738812437273681e-06 8.391434816514288e-08 0.0 4.168254601259224e-07 0.0 4.673671949154886e-07 3.03103870777126e-07 0.0 1.7136746035161116e-07 0.0 6.546281755708013e-08 0.0 2.1917898195206563e-05 7.60325834073712e-05 5.4434400287842485e-06 7.482144205696271e-06 3.0610581179974006e-06 5.643084993218891e-07 0.0 9.164862719223452e-08 0.0 1.0621466929230719e-06 0.0 1.044369144570335e-07 0.0 1.4187645267545538e-06 1.393822493053708e-07 9.713595462936605e-07 0.0 4.337694331220044e-06 2.8282941638574906e-06 5.334081320736252e-06 1.359199082794672e-06 1.3796663690336952e-06 0.0 0.0 0.0 9.260129146264589e-05 8.317650845068367e-05 7.831752292868293e-06 3.0492868689745423e-06 0.0001819392097751763 0.0 3.203640437273516e-06 1.824428474459542e-06 1.099468961808092e-06 0.0 5.258938609462758e-06 2.387592164367041e-05 3.56058780112123e-06 1.677509920296835e-05 9.411630757394607e-06 5.301039215114434e-07 9.657510746519103e-06 2.4741116256123054e-05 5.77592908284498e-06 2.6741666766153535e-07 2.584397960872473e-07 0.0 0.0 0.0 0.0 0.0 0.0 0.0 0.0 0.0 0.0 0.0 0.0 0.0 1.513676661404125e-07 0.0 0.0 0.0 0.0 0.0 0.0 0.0 0.0 0.0 2.3199599362997706e-07 0.0 0.0 1.1251182857820197e-07 0.0 0.0 0.0 0.0 0.0 0.0 3.2750091141792855e-07 0.0 0.0 6.357315037982164e-08 0.0 2.445911362432804e-07 0.0 1.5207927144699135e-07 5.6558717074447244e-08 0.0 0.0 2.3031807337236364e-07 0.0 0.0 5.608386495604398e-07 0.0 0.0 0.0 0.0 0.0 0.0 0.0 0.0 0.0 0.0 0.0 0.0 1.9611089788288983e-06 2.7575246091485063e-07 0.0 0.0 0.0 0.0 0.0 0.0 7.024787942610422e-08 0.0 6.479984657452264e-08 0.0 0.0 0.0 0.0 6.318504270151087e-08 0.0 6.216036656165067e-08 0.0 0.0 0.0 1.1068913050433218e-05 4.7350056765236746e-07 7.282295864641077e-08 1.2154883916397927e-05 1.107946357431525e-06 6.955229065075464e-06 1.2612721251600298e-06 0.00011190549197012059 1.886282069559554e-06 3.905079250735758e-06 6.390452041869917e-08 6.085894232101468e-06 0.0 1.0240929248395856e-06 7.771885337746803e-07 2.0551438274819177e-05 0.0 2.9615155663623754e-06 0.0 0.0 0.0 4.754632368982413e-05 3.1034702315454716e-05
0.0006905228846532954 0.0015411206963755707 7.485799796363198e-05 0.0010321751617674228 0.0005744974295988947 6.686807859419945e-05 0.0 1.2440982370050245e-05 0.0008116499172318476 0.0009271374191131575 0.0001049971683582211 0.00020666282246231842 0.001966049938979663 0.0007051499150038578 1.1417092760497125e-05 7.121275580414042e-06 1.5917915756871943e-07 9.146739939327913e-08 9.705592338561685e-08 5.7346423552879496e-08 0.0 0.0 0.0 1.24645587317284e-07 4.01072766496518e-08 0.0 4.300733273211734e-08 5.180217916430396e-08 0.0 0.0 0.00014362984167109975 2.203382517075535e-05 7.01965330169411e-06 0.0 0.0 0.0 4.832586973276899e-06 1.5427482976132927e-07 4.3418991257125596e-07 0.0 0.0 1.9023088183263968e-07 1.7118835038264098e-07 1.9415665348736528e-06 1.082563685209806e-07 2.123404243609562e-07 5.2783392825595375e-05 1.989990201557437e-06 3.37376504170214e-07 2.1103958246944785e-07 1.2325295355101654e-07 0.0 0.0 0.0 3.7698311390533464e-06 5.642080571759674e-06 7.728357812573583e-05 0.00010809485528747128 7.308700463792351e-06 2.313874272824548e-05 2.1342245869690637e-07 1.264808237384014e-06 0.0 7.037640495372003e-05 4.3938795056581735e-06 3.942219620754741e-06 1.5298275395417356e-06 9.081342359593307e-07 2.024201984319298e-07 2.3381450604919773e-07 2.296746204480495e-05 5.747370697501293e-06 0.0 0.00016018249166475164 8.013526885580386e-05 8.368958052729413e-05 3.17376788827437e-05 1.0154176636438122e-05 8.99565026813813e-07 6.804024042505296e-06 4.966768687207956e-07 1.51232550752089e-06 4.097274179955154e-06 1.0049530453680182e-07 3.042309355182351e-06 3.225840555818491e-06 8.277815510777211e-07 0.0 1.6960367237057717e-07 0.0 4.78712514774968e-07 2.2090226259223233e-07 2.525682261017251e-07 3.550615931889975e-08 1.356530357245412e-07 2.5499343334896508e-05 8.02185361185153e-06 1.0466077666303344e-07 1.773436450049936e-06 3.941006441871492e-05 6.602089714680311e-07 6.005857421381754e-06 2.3524122858008562e-06 5.468048545753135e-06 6.984162154795258e-07 2.4617440775646615e-05 1.814326694578527e-05 2.0408767114920307e-05 6.837030051212291e-05 2.9259720120107146e-05 3.0833620895851765e-06 4.5030343377539816e-05 0.00010930840238450628 5.1485240910093875e-05 5.438970570485559e-06 1.0998714144472562e-06 9.196114962660997e-07 0.0 1.9000013938510343e-07 0.0 0.0 0.0 0.0 0.0 0.0 0.0 0.0 0.0 0.0 0.0 0.0 0.0 0.0 0.0 1.3135202464398898e-06 1.2269432123292257e-06 0.0 0.0 0.0 1.184395681773433e-05 0.0 5.51835834388439e-06 1.8041388189555984e-06 1.5387171254928003e-06 5.473313680353829e-08 0.0 0.0 1.3466078727787862e-07 6.917621920998278e-07 2.3369439225726e-07 0.0 6.124188967385774e-07 2.5472788268795436e-06 0.0 0.0 0.0 4.177708276819074e-08 0.0 0.0 0.0 0.0 3.787042065060246e-07 1.6014400338794818e-06 1.014874353663306e-06 2.746344775874651e-07 2.7248183870328734e-07 2.7878126807202147e-07 9.704577944901312e-07 0.0 0.0 0.0 0.0 0.0 0.0 5.45065650739968e-08 0.0 3.1616912286850525e-05 1.114000544252705e-06 0.0 0.0 0.0 6.126237994955615e-07 1.5490296298181324e-07 1.3623350153486413e-07 2.440952436463291e-06 1.9813124346837678e-06 2.4047875309981416e-06 2.8072355268114404e-07 5.322047872094408e-07 0.0 0.0 0.0 0.0 0.0 0.0 0.0 0.0 3.858703155839195e-05 2.3875216489266747e-05 2.1558063424530092e-05 0.00023114787824481245 1.2498836849110544e-05 0.00020655012851840095 4.474090280777647e-05 0.00011665390717967227 1.856098714758923e-05 3.981523283749802e-06 9.06480091680597e-06 4.067903834109053e-05 6.957475548722411e-07 1.7207772954919786e-05 4.75919802366497e-06 2.4945824060904098e-05 2.205928811847481e-06 2.1610670609993577e-06 3.998321171575499e-06 7.168061778475301e-06 1.0743498529868483e-06 8.820831394330396e-05 4.213421493525396e-05
1.5319272445823125e-05 4.305149484502185e-05 0.0010938563380758699 1.8979480728950212e-07 5.4375763236327756e-05 0.0 1.2440982370050245e-05 0.0 0.0004092693565491628 9.848338769818272e-07 0.001324082004345668 5.442101231915835e-07 3.548762209374687e-05 0.0005159118752452651 2.484249962413807e-06 4.276941163466654e-06 7.715449029080768e-07 1.0122754948562322e-06 1.2753380555994634e-06 1.9767654861765215e-06 1.0942591144760388e-06 0.0 1.3266196021603862e-06 3.834247773852948e-07 1.4366215785170931e-06 0.0 1.5525941180776086e-06 1.1157507304977182e-07 0.0 0.0 0.00023031028364371294 0.0005900869804454807 3.441690626022814e-05 4.027214726063645e-06 5.579327562767255e-06 1.0789655966936822e-06 1.0294161067428907e-05 4.580622101424042e-06 2.873684592898206e-06 1.0646251926018557e-06 1.4501918104639253e-06 1.8411027849212643e-06 3.3510668470666756e-06 7.69941243799672e-06 1.0376126247135508e-06 1.3657618857889974e-05 1.0504192299449608e-05 6.907548482517037e-07 4.4491712913760887e-07 4.871281300145553e-06 1.3711577074568517e-07 1.437600023186033e-07 0.0 1.0196942965890541e-07 5.289799923853939e-07 1.1335294117271425e-06 2.246883613750956e-05 4.997400940066398e-05 1.986254674173415e-06 4.683755684547165e-06 5.0591034570404615e-05 3.504935700365081e-05 4.105494719241046e-06 4.574610911602604e-05 6.838920003412668e-07 6.583398692497433e-07 2.7985621651684564e-07 1.2619346595881951e-06 9.180088495309383e-06 8.411756878064104e-06 9.650973741363836e-06 2.183160746861942e-07 0.0 3.168138479339655e-05 2.0253315810758815e-05 1.713258166704847e-05 2.557605131013922e-05 0.00021110784698846516 0.00048627411654503954 0.0011086695403157239 0.00011458874882041053 0.00044039965811784094 8.405493816201761e-07 0.0 5.576227121003007e-07 5.825916895052848e-07 1.4127886599560636e-06 0.0 1.5426200732901677e-07 0.0 2.070304834049176e-07 9.045395460732683e-08 8.09727250330822e-06 4.651955388560945e-07 1.0457831875412571e-06 1.2097694872507372e-06 1.3858039629989942e-07 0.0 1.776680063615385e-06 6.154379362618147e-06 0.0 0.0 0.0 0.0 2.966532997836216e-07 0.0 0.0 0.0 0.0 0.0 1.941738663580236e-07 3.899840035199141e-07 6.415298408824785e-07 1.8648609300130553e-07 0.0 5.37108021826907e-08 0.0 0.0 0.0 0.0 0.0 0.0 0.0 0.0 0.0 6.555331780810038e-08 0.0 0.0 0.0 0.0 0.0 0.0 0.0 0.0 6.093404558725369e-08 0.0 0.0 0.0 0.0 0.0 0.0 1.1224253585231497e-07 2.364961189727464e-07 0.0 0.0 5.223960305738097e-08 0.0 0.0 0.0 0.0 0.0 0.0 0.0 0.0 0.0 0.0 5.0292115874427566e-08 0.0 0.0 0.0 0.0 0.0 0.0 0.0 0.0 3.96638990205585e-07 0.0 0.0 0.0 0.0 0.0 0.0 0.0 0.0 0.0 0.0 5.502988988305969e-07 2.79289121537741e-07 0.0 0.0 0.0 0.0 1.232330271881404e-07 0.0 0.0 0.0 5.592450817134808e-08 0.0 1.0761946813377757e-07 0.0 0.0 0.0 0.0 0.0 0.0 0.0 0.0 1.6235291521564422e-07 4.5346900238350314e-07 1.1098437094092408e-06 2.880895274359937e-05 2.20916272019545e-06 3.074265369037896e-05 7.645021263989873e-06 4.911067337704538e-06 2.1537699677447656e-06 0.0 1.0651421595914978e-06 1.4350360021410322e-06 2.71993402888301e-07 4.728320260914502e-08 0.0 3.7889968546075777e-07 0.0 1.794934621603273e-07 0.0 1.762956871668463e-06 2.9199560356048795e-07 1.9068791531606686e-06 9.549667809439072e-07
0.00011976272698193207 0.001366094703521613 0.000619914641983972 8.884413553605398e-06 0.0021202353887823477 6.127906209995746e-07 0.0008116499172318476 0.0004092693565491628 0.0 1.7812911686612104e-05 0.0006744465380580251 7.420688095174285e-06 0.0001509438773021978 0.00037827690204477924 3.948686539086683e-06 2.6473109688535674e-06 1.0436261722894947e-07 3.9715680144091124e-08 7.741869300895513e-08 0.0 5.0894279520408174e-08 0.0 0.0 0.0 0.0 0.0 0.0 0.0 0.0 0.0 5.4293539627244646e-05 9.13291531523073e-06 2.5328720124017922e-06 0.0 9.461030238597316e-08 0.0 1.1069023357986827e-06 0.0 9.471098048773997e-08 1.8803836496749692e-07 0.0 9.613506781756965e-08 0.0 2.68382989828345e-07 9.416829647572204e-08 1.494273658694362e-07 1.13606889047795e-05 4.349261958285994e-07 5.4281198378893195e-08 0.0 1.2207335111235787e-07 0.0 0.0 0.0 6.177742862539405e-07 6.882154474312671e-07 1.2797624773595865e-05 2.441500556118675e-05 1.8542311805285596e-06 6.88996531632122e-06 4.480194289639426e-08 7.7105362407771e-08 0.0 1.537201779894779e-05 1.1444927861802273e-06 5.786787695067608e-07 3.205508247868065e-07 2.433819238715918e-07 6.44820566243407e-08 3.36787498490087e-08 3.012391424009011e-06 3.3435897166160156e-07 0.0 3.0491983447635268e-05 1.7230798467936422e-05 2.3353499683208857e-05 1.0368971084568799e-05 3.62511990275362e-06 1.9457605562139784e-07 4.80982186134731e-06 5.30011292606775e-07 1.1508702902352984e-06 7.776769551581165e-07 4.766608967418733e-08 5.401249662498504e-07 4.812086750632535e-07 1.7763302248001967e-07 3.808159211218511e-08 1.3572486515754873e-07 0.0 8.559071703111466e-08 0.0 3.840664834786993e-08 0.0 0.0 2.034022924791147e-06 4.831492892204457e-07 0.0 3.548616693168167e-07 8.489165963268545e-06 0.0 8.524096696996014e-07 4.2400605829977824e-07 9.890334725083998e-07 6.475803837372442e-08 3.478760590642e-06 2.9723101025023125e-06 2.285245614490535e-06 6.863878665867178e-06 2.73194867682289e-06 2.419803028574655e-07 3.05066708799979e-06 1.2761483467323103e-05 4.563788214096484e-06 9.383593246382763e-07 2.0734871712526677e-07 4.0585468228760833e-07 0.0 0.0 0.0 0.0 0.0 0.0 0.0 0.0 0.0 0.0 4.964272570214316e-07 0.0 0.0 0.0 0.0 0.0 0.0 2.299093502246568e-07 2.3612057756673283e-07 0.0 0.0 0.0 1.5716749544696058e-06 0.0 5.770185026428739e-07 4.016506562751384e-07 1.4025724140702634e-07 0.0 0.0 0.0 0.0 6.117547098979191e-08 1.231138947416132e-07 0.0 1.2761383969000566e-07 3.685590360047366e-07 0.0 0.0 0.0 7.759186439503663e-08 0.0 0.0 0.0 0.0 0.0 2.468684637207949e-07 4.6248173996781323e-07 0.0 0.0 0.0 1.4848619067877117e-07 0.0 0.0 0.0 0.0 0.0 0.0 0.0 0.0 3.4040140723227926e-06 0.0 0.0 0.0 0.0 5.689802807379739e-08 0.0 0.0 5.647132321459782e-08 1.196412741225344e-07 6.779608893876935e-08 2.3427618577019722e-07 0.0 0.0 0.0 0.0 0.0 0.0 0.0 0.0 0.0 4.391471327315406e-06 2.8692326075988656e-06 2.0644071754288612e-06 5.092248125524501e-05 4.1035359393700964e-06 4.0560006201052704e-05 1.18594403485218e-05 1.1283158190470357e-05 3.279249121654179e-06 7.852064288411875e-08 1.8618385124247155e-06 2.5788394508965695e-06 0.0 1.5975972945093602e-06 1.2794695883276188e-06 3.169333626361774e-06 2.7220916899466415e-07 0.0 6.010413043250644e-07 2.2349529862960767e-06 3.138438881284662e-07 6.940747044181972e-06 2.58434781845146e-06
0.0007966642133885863 0.0001139855980636151 3.0394716217492287e-06 0.0014311041215966942 3.838914969643971e-05 0.0003647290261566074 0.0009271374191131575 9.848338769818272e-07 1.7812911686612104e-05 0.0 2.253122683161168e-06 0.0016075058228732513 0.002372766220010059 0.0001501671587787564 5.89572760674589e-07 4.62170685943666e-07 0.0 0.0 0.0 0.0 0.0 0.0 0.0 0.0 0.0 0.0 0.0 0.0 0.0 0.0 1.7934730887302572e-05 1.4368345485106138e-06 6.875567788545993e-06 0.0 0.0 7.80703424404162e-08 3.924335307793959e-06 0.0 1.0119902444437616e-06 6.064032746272982e-08 0.0 0.0 9.503670057473191e-08 1.0270887703362027e-07 4.356946325796876e-08 6.230050412942802e-08 9.53441900420698e-06 4.0358002825476005e-07 0.0 0.0 4.41583859566824e-08 2.7619981010654647e-07 0.0 0.0 7.840849927654276e-07 2.5897770975036157e-06 2.038245498953454e-05 2.7019107552473658e-05 2.5048278989557533e-06 2.7044447326912542e-06 7.569349499303483e-08 7.941590662348782e-07 0.0 1.2458899954949904e-05 1.6661374200557939e-06 9.755143426806655e-07 4.984879416759113e-07 1.0492107131739899e-07 0.0 4.2269678477509196e-08 4.727620037049953e-05 5.437159068191827e-06 0.0 4.510149182899023e-05 2.0088232377704035e-05 1.2328152084062664e-05 3.525500041304416e-06 7.82528528433916e-07 1.2237204090591001e-07 7.492125047743836e-07 1.0875463222162233e-07 1.3088094781910618e-07 1.0904978484223156e-06 8.934669392170628e-08 8.13762432979102e-07 5.231658599694877e-07 1.5024760827769228e-07 6.489756981639532e-08 1.0853600866832853e-07 5.847152091291379e-07 3.8554838359844875e-07 2.4694842894020216e-07 4.114860319050302e-08 4.692627790283105e-08 0.0 0.00014657471962643237 5.714793655077404e-05 0.0 1.4057523989310796e-06 3.074809444251349e-05 0.0 6.076585110163738e-06 1.6085262208522259e-06 6.374272473810596e-06 0.0 1.8136183951792997e-05 3.23217735027452e-05 1.1463040186039726e-05 6.450696793687918e-05 6.13132208503804e-05 5.724906687238074e-07 3.255486692556725e-05 7.584973799760625e-05 3.063209415468992e-05 2.5606604276421908e-06 9.629793146895319e-07 8.625202116962926e-08 0.0 0.0 0.0 0.0 0.0 0.0 0.0 0.0 0.0 0.0 2.522878571610944e-07 0.0 0.0 0.0 0.0 0.0 0.0 5.109847008039225e-07 2.0131758109757146e-07 0.0 0.0 0.0 3.3078008865242354e-06 0.0 2.3790582093338184e-06 1.0080582387201578e-06 5.006911090250681e-07 0.0 0.0 0.0 0.0 1.168925847970216e-06 0.0 0.0 1.3268847782865912e-07 1.0193288644839237e-06 0.0 0.0 0.0 0.0 0.0 1.6877589669314037e-07 0.0 0.0 1.8969396683279608e-07 0.0 8.117609212881443e-07 0.0 4.282899052161539e-07 0.0 1.574141537295849e-07 0.0 0.0 0.0 0.0 0.0 0.0 0.0 0.0 1.055361609781433e-05 9.917903026713544e-07 0.0 0.0 0.0 0.0 2.8400785600225397e-07 0.0 1.1158435001100006e-06 4.806189658450564e-07 7.048284201969442e-07 0.0 0.0 0.0 0.0 0.0 0.0 8.453178039118717e-08 0.0 0.0 0.0 3.4351108760591425e-05 4.334246821498234e-06 1.164724306349105e-05 6.981670345258558e-05 1.3657334830551382e-06 5.205881435637844e-05 1.0330431868001209e-05 0.00033554647147384346 3.338262068147937e-06 5.610719067055908e-06 1.0324853871824707e-06 3.714272544640114e-05 3.434370372655745e-07 8.182735176410586e-06 1.1804278547776124e-06 2.0891417970869396e-05 4.293263344104601e-06 4.582598577983368e-06 4.547852643863519e-07 1.0239942491154026e-06 2.4722062240767023e-07 0.0003724165298742424 5.425116411138617e-05
8.903155415974742e-05 0.00037632446732956517 0.0013390428426568754 1.0557706392387913e-06 0.0003733628867959719 9.892670399318783e-07 0.0001049971683582211 0.001324082004345668 0.0006744465380580251 2.253122683161168e-06 0.0 4.558762340165803e-06 0.0002990887646014912 0.001521035165614723 1.0874615924205321e-05 1.2140836378969167e-05 2.7609275325961127e-07 1.8375564010414573e-07 2.1812920775901584e-07 0.0 0.0 0.0 3.5787710564276916e-07 0.0 6.701348437410555e-07 0.0 9.411756957692823e-08 1.4840846234963789e-07 6.399561236327572e-08 0.0 0.00017346703069531428 4.459287013938497e-05 5.391386765180889e-05 5.240514267895188e-07 1.058412063903047e-06 3.237644928856842e-07 1.940533823607455e-05 4.802749573761309e-06 4.0825150877302395e-06 3.787503405639817e-07 2.8409023129053705e-07 2.2628893249255605e-07 5.31179288471222e-08 3.204526700415842e-06 4.45217218791526e-08 9.89984616292334e-07 2.7837323251552178e-05 4.891300699617635e-07 0.0 1.689049652619491e-07 0.0 1.0551700774948784e-07 0.0 0.0 4.6034865583409516e-07 1.007903503639399e-06 1.9538436075647013e-05 3.322073786318635e-05 1.4303758742016972e-06 1.0072289066000367e-05 2.915984509081177e-07 2.8469079263758288e-05 8.768081354559816e-07 3.451829709657036e-05 5.896964390594145e-07 6.275576361455245e-07 2.6894864526032164e-07 9.143340226900218e-08 5.214698786268555e-07 4.313178212251027e-07 1.8123494448489004e-05 1.1540347395323733e-06 0.0 3.399864163901825e-05 2.3918226982508347e-05 4.436616869546279e-05 2.770539960258707e-05 1.576033492595384e-05 2.629676260376374e-06 0.00029471407830349033 1.0018022591410519e-06 4.907355379206648e-05 6.109786929751121e-07 1.0317558614984871e-07 5.901529883643341e-07 5.034362604560607e-07 8.628430815521291e-08 0.0 8.228922212588293e-08 0.0 4.416348750966209e-08 0.0 1.6475595231866887e-06 2.2286215369254372e-07 0.0 3.1878462601531917e-06 5.519067106175586e-07 0.0 2.8876115294702124e-06 1.3892030086890744e-05 0.0 4.849813059627234e-07 0.0 0.0 7.475722652942242e-08 5.525514437286082e-07 3.125018116902782e-07 5.266334259381245e-07 2.7079196443189202e-06 1.5783196731073414e-06 2.2305008494654594e-07 1.1309069645513406e-06 4.074848712754513e-06 2.7762953043119033e-06 6.467001529828825e-07 1.664830011808965e-07 1.2636129658897752e-07 0.0 0.0 0.0 0.0 0.0 0.0 0.0 0.0 0.0 0.0 0.0 0.0 0.0 0.0 0.0 0.0 0.0 0.0 1.4553176373109774e-07 0.0 2.4368731712019084e-07 0.0 3.0359820909612565e-07 0.0 8.63053890421014e-08 1.8851351293267827e-07 7.605804316571805e-08 0.0 0.0 0.0 0.0 0.0 7.703510962161784e-08 0.0 6.094030166424573e-08 1.4971023146824368e-07 0.0 0.0 0.0 0.0 0.0 0.0 0.0 0.0 0.0 0.0 0.0 0.0 1.1508329269519479e-07 0.0 0.0 0.0 0.0 0.0 0.0 0.0 0.0 0.0 0.0 1.6947172831540016e-06 1.2481853501433808e-07 0.0 0.0 0.0 8.703190213999014e-08 0.0 0.0 1.4084458385099803e-07 0.0 0.0 0.0 5.1799419130336894e-08 0.0 0.0 0.0 0.0 0.0 0.0 0.0 0.0 1.665638712584985e-06 1.629672771293931e-06 1.7663851729970164e-06 8.511047092601519e-05 6.697742238363246e-06 6.223278338039684e-05 1.9110313937201408e-05 1.705374433101198e-05 7.110511689670859e-06 2.0324483163932042e-07 5.037974406657265e-06 2.5851385880264133e-06 5.7679146549584e-08 1.0086668280138449e-06 1.5019296682091898e-07 1.4001554902081026e-07 5.0059183439155376e-08 0.0 7.043747391626178e-08 4.188584362041048e-06 2.577888465859687e-07 3.28492122236135e-06 1.9424838871829e-06
9.634722026377409e-05 1.2354741500860996e-05 2.706794008662065e-06 0.00041522222827077574 1.2835111107558817e-05 4.786739554047406e-05 0.00020666282246231842 5.442101231915835e-07 7.420688095174285e-06 0.0016075058228732513 4.558762340165803e-06 0.0 0.0006654781725837138 5.3360313817861756e-05 6.377713727455416e-06 1.0060531288829578e-05 2.155094412436552e-07 4.7573312846130194e-08 3.872520677809759e-08 0.0 0.0 5.775001628450624e-08 7.56830898453733e-08 0.0 0.0 0.0 0.0 0.0 0.0 0.0 2.9553464899704138e-06 9.082244764424481e-07 2.3527770641567643e-05 0.0 0.0 5.721596233948085e-08 3.180339066618827e-05 2.038276256194721e-06 1.8767341198983186e-06 5.221304539720873e-08 0.0 0.0 0.0 2.7507204868235364e-06 5.268661310764818e-08 1.4329095168336224e-07 1.4254244374851373e-05 2.824979911461922e-07 0.0 1.88359203582649e-07 6.17082333110785e-08 0.0 9.448241359638959e-08 0.0 1.8512518339016565e-07 3.0774653293288594e-07 3.824597948271283e-06 3.551781391409482e-06 8.323826034664976e-07 2.558129465670707e-06 5.1521460258581996e-08 1.1702461904938707e-06 5.596538914504888e-08 6.494266050935508e-06 3.4253169922183116e-07 2.4855414093661644e-07 0.0 1.651396403347448e-07 0.0 7.84725894299911e-08 0.00015516110749395275 1.8070223436973619e-06 0.0 9.223797168908029e-06 6.493775923021266e-06 1.3272807323987214e-05 9.941704055156623e-06 8.91601185479199e-06 1.0206014999106553e-07 1.5874869668211883e-05 6.274777899864062e-07 5.728079806288903e-07 2.516580859596678e-07 0.0 3.1571152554441347e-07 1.013330235522952e-07 1.453457554811536e-07 0.0 1.0717623914965091e-07 0.0 1.453099002947942e-07 4.571825613403025e-08 1.398388419049408e-07 6.429029018588483e-08 3.9288365551897527e-08 0.0004299293251610511 1.0241271185937332e-05 0.0 4.9282107096251614e-06 9.06674583156511e-06 7.32709067474381e-07 7.81810840228947e-06 2.1850287486745304e-06 3.9134771573809394e-06 1.5807675670761342e-07 2.9577384252426933e-05 3.7158269896369704e-05 2.0701984958934387e-05 6.900283111974415e-05 3.563547880907099e-05 2.8953253481670723e-06 4.4621516863855045e-05 0.0001317517786410008 5.1861504156990966e-05 5.619390177377067e-06 8.533758980613349e-07 1.1670242819798552e-06 0.0 0.0 0.0 0.0 0.0 0.0 0.0 0.0 0.0 0.0 0.0 0.0 0.0 0.0 0.0 0.0 0.0 7.935514005604011e-07 2.471324239888997e-07 0.0 2.1084875768963956e-07 0.0 6.964036503035162e-06 0.0 3.295779812936649e-06 2.2816677084973026e-06 4.88899861481583e-07 0.0 2.2494105096331831e-07 0.0 0.0 3.6242405775790304e-07 0.0 0.0 6.906766364656398e-07 9.691743317928962e-07 0.0 0.0 0.0 8.732448017205174e-08 0.0 0.0 0.0 2.437063667663951e-07 0.0 1.5157636728139742e-06 1.2054323157565395e-06 0.0 0.0 0.0 1.3262883223186973e-07 2.478177277953216e-07 0.0 0.0 0.0 0.0 0.0 0.0 0.0 2.572065633744558e-05 1.659552617606413e-06 0.0 0.0 0.0 1.0561235158952874e-06 0.0 1.1132745290432966e-07 2.296699214270825e-06 8.076904015461558e-07 2.2871869357936847e-06 8.005043049516911e-08 6.308175573626481e-07 0.0 0.0 0.0 0.0 0.0 0.0 0.0 0.0 6.71327707836256e-05 1.5198579815232377e-05 8.954261350774451e-06 8.187941734070782e-05 3.0972250835663345e-06 3.236615672503751e-05 1.4817733299224201e-05 7.043054311378955e-05 4.175854746243403e-06 2.9326069200806555e-06 3.7495561207491466e-06 3.273664617930926e-05 9.12966056050856e-07 9.511150034547121e-06 4.816298403719262e-06 2.3357974499220543e-05 1.672563843458002e-06 4.2015229430770455e-06 2.189935338627408e-06 2.886150302546059e-06 1.2211984884537889e-06 0.00041283066341670204 0.00010580762281652893
