0.0 0.0021836367429249625 0.0005172818658241789 0.000680672997796698 0.00014134396695474549 9.937100535892825e-05 0.000602583187742388 1.2644494628120507e-05 0.00015438637926115792 0.001143559975168017 0.00010201180473942646 7.76864591383005e-05 0.00022499153214479566 0.0002031668569520545 8.773551896909493e-08 2.921943285339195e-07 2.0555545941127445e-07 0.0 0.0 0.0 0.0 0.0 0.0 0.0 0.0 0.0 0.0 0.0 0.0 0.0 0.0004895606292134967 5.937436543052512e-06 2.329937794774734e-05 0.0 0.0 0.0 8.334751050307483e-07 3.4296713036243843e-07 8.309704240767257e-07 0.0 0.0 0.0 0.0 1.5057737987128965e-07 0.0 5.939011991287756e-08 1.3940988848603422e-05 2.2949951296405747e-06 1.0708527691624254e-07 0.0 2.687243660461011e-07 7.88022810701115e-08 0.0 0.0 7.159583354011452e-07 6.66920773861575e-07 0.00017135950022346784 0.0006864347429919108 2.482977511352008e-05 3.273644557825633e-06 3.653099084977081e-07 1.2890960589793558e-06 0.0 4.005734543059358e-06 1.6460699788916944e-06 4.020527224580493e-07 2.6966204488370465e-07 1.9355507541810237e-07 5.047858268553834e-08 6.449023768642934e-08 8.467314827704215e-06 0.0 0.0 0.0001332296843892598 3.723683306300942e-05 1.0803180562908438e-05 2.063825514893383e-06 1.6208198657216051e-06 1.9140376000589004e-06 1.5905320596545115e-05 2.003634758412089e-07 2.40702687110741e-06 1.73104993068667e-06 0.0 1.1821432591708626e-06 1.0449537758812189e-06 4.080097259748278e-07 0.0 5.4766766921655036e-08 0.0 1.0681270903016953e-07 0.0 0.0 0.0 5.386075532795897e-08 1.148709455914353e-05 4.487996927701248e-06 0.0 1.3069984372442718e-05 0.0002026355007471954 0.0 8.854891822364088e-07 0.0 0.0 0.0 0.0 0.0 2.488047649584965e-07 6.23326526844797e-07 3.895051690862626e-07 0.0 6.973622624203562e-07 1.6275484119303306e-06 1.0902312674806194e-06 2.4293932542822503e-06 0.0 0.0 0.0 0.0 0.0 0.0 0.0 0.0 0.0 0.0 0.0 0.0 3.961562101811633e-07 0.0 0.0 0.0 0.0 0.0 0.0 0.0 0.0 0.0 0.0 3.030916881796174e-07 8.863210831285726e-07 3.464254321083255e-07 5.955593144172586e-07 1.8656228200472432e-07 6.007326724327513e-07 0.0 0.0 0.0 0.0 0.0 0.0 0.0 0.0 3.833711429772364e-07 0.0 0.0 0.0 3.5236839803876974e-07 0.0 0.0 0.0 0.0 0.0 0.0 0.0 0.0 4.280097096343819e-07 0.0 0.0 0.0 0.0 0.0 0.0 0.0 0.0 0.0 0.0 0.0 0.0 0.0 0.0 0.0 0.0 0.0 0.0 0.0 0.0 3.2706014653047785e-07 0.0 0.0 0.0 0.0 0.0 0.0 6.574692285912978e-08 0.0 1.0066157401887144e-07 0.0 5.431613873386524e-07 4.7145247007434526e-07 1.1543034032793568e-06 2.7779928785451644e-05 3.029053334243019e-06 7.135153044625886e-05 6.475543517447852e-06 8.633840602477208e-05 5.477356714964093e-07 6.335778572295674e-07 2.8780513411422046e-06 3.7801571066295986e-06 0.0 2.873331310119348e-07 3.2249808681833444e-07 0.0 0.0 0.0 0.0 8.548831540080774e-08 0.0 1.1533014316881612e-05 5.8187842569855344e-06
0.0021836367429249625 0.0 0.0008162127263797786 0.0010669283161746136 0.0008931250056376613 0.00013474381612810454 0.0014607960971845574 0.00025745840539062267 0.0010858217165765434 0.000722969761131313 0.0011442912706783196 2.717797470236587e-05 0.0003842299089036774 0.0007995288863918731 3.202400226511645e-06 3.946781777775786e-06 7.933653115589313e-07 9.953423762097928e-08 4.393272275810418e-08 5.335794897942998e-08 0.0 0.0 0.0 0.0 1.1947092100292076e-07 6.686925316408874e-08 0.0 0.0 0.0 0.0 0.0005052874967371915 3.7308450291229924e-05 4.796453536964913e-05 4.8065463437342605e-08 7.167479828923639e-08 1.0832091141114203e-07 1.7769118427738305e-06 4.876342758645955e-08 2.4549546460828557e-06 5.022202859515105e-07 0.0 4.6617573642983955e-08 6.383295326895299e-08 6.564248975475297e-07 0.0 3.2397794034502035e-07 3.258891507303381e-05 2.5740581077008548e-06 1.498009489215507e-07 0.0 1.4238787557093585e-07 0.0 1.8678900061747941e-07 0.0 7.530037994187613e-07 1.1342619872637116e-06 5.266946512165604e-05 0.00019742654099333764 1.0278198017122477e-05 9.404845869631668e-06 2.1301066832769345e-07 6.961477717310303e-07 0.0 4.332846849505133e-05 2.800145443394415e-06 4.957572679294562e-07 8.487336686887557e-07 9.5785770260968e-07 1.5883352944681212e-07 1.081832685628484e-07 1.7301255592376388e-05 0.0 0.0 8.865785137413595e-05 8.540161273535954e-05 6.235453527647677e-05 3.374257489118114e-05 7.054498841769697e-06 2.366973562480685e-06 5.153300447890221e-05 4.1761756245477315e-07 3.2427483700649914e-06 2.052849544003987e-06 0.0 2.5966741341251093e-06 1.940436324571564e-06 6.963929467479137e-07 0.0 4.744747665933491e-07 0.0 2.3405106786342173e-07 7.861491559337545e-08 0.0 5.210499651991129e-08 5.3992533027128936e-08 7.65804406417016e-06 9.70796347013894e-06 0.0 3.163400026126252e-05 0.00017585922192066763 0.0 2.8926096561698097e-06 1.489121754686685e-07 8.382680950116602e-08 0.0 1.4093347139383696e-06 0.0 2.1747396090518377e-06 6.272869423726736e-06 7.782646363469246e-06 1.7515151768983213e-06 5.003749408867607e-06 1.207155946314998e-05 2.508972673312948e-06 7.726661325630912e-06 0.0 0.0 0.0 5.736201368450487e-08 0.0 0.0 0.0 0.0 0.0 0.0 0.0 0.0 3.152818095568833e-07 0.0 0.0 0.0 0.0 0.0 0.0 1.9223497213264812e-07 0.0 0.0 0.0 1.929550284701686e-07 2.6163778460295466e-06 1.5666074827301117e-06 3.658719870625884e-06 1.3833436229915012e-06 8.500944555069845e-07 0.0 0.0 0.0 0.0 0.0 0.0 0.0 0.0 6.647918805761615e-07 0.0 0.0 0.0 0.0 0.0 0.0 0.0 0.0 0.0 1.6356576590961433e-07 0.0 0.0 3.9413902460958406e-07 0.0 0.0 0.0 0.0 0.0 0.0 0.0 0.0 0.0 0.0 4.849454402513772e-06 2.513579483770803e-07 0.0 0.0 0.0 2.627650210310335e-07 0.0 0.0 5.687482467342856e-07 2.53678597448522e-07 1.0880251351607317e-06 4.603620394503983e-07 7.182171970461416e-08 0.0 0.0 0.0 5.790356878881261e-08 1.2770438161206656e-07 0.0 0.0 0.0 4.943682531329891e-06 3.0875772936467194e-06 6.752023598628304e-06 0.00013581299438388816 7.755692069072739e-06 0.00014759252932654488 3.2647156095059026e-05 0.00011093208146468693 2.5090459629696254e-06 1.1264466513490594e-06 6.642786557005858e-06 7.849425282693653e-06 7.256709159181949e-08 4.170348650208673e-06 8.134214075524861e-07 3.1383674780591287e-06 4.3771811650675374e-07 0.0 3.134088618003699e-07 3.2040575967779446e-06 5.537123686862986e-07 1.530759764648147e-05 4.862767888104332e-06
0.0005172818658241789 0.0008162127263797786 0.0 5.164403042711814e-05 4.9622255032347054e-05 8.315588159888571e-06 2.0759363643899337e-05 0.0007949731673848748 0.00017334470754429014 1.9255844012431452e-05 0.0006161459214165149 7.218216147471996e-06 0.00012012984711288785 0.0010370526301436845 2.559583273169072e-07 2.2577368895681975e-07 3.045435691642416e-07 0.0 0.0 4.5955857103745994e-08 1.1011533915116316e-07 0.0 1.8146385953675208e-07 0.0 1.0032575146878871e-07 0.0 5.3903654921613986e-08 0.0 0.0 0.0 0.002188560554536323 0.0003955659784215466 0.00024205272858805933 3.1730643394689094e-07 6.07287309177636e-08 2.2381253589543625e-07 1.2052821201165124e-06 0.0 7.554419833418254e-07 1.6851053895576105e-07 1.6011431380644974e-07 0.0 4.6938013005442876e-08 1.044806223477666e-06 6.762300274971826e-08 1.2049623687592329e-06 9.801971844019037e-06 1.5753777774356512e-06 1.4183087646086697e-07 4.977795014064381e-08 4.7175473621712806e-08 0.0 0.0 0.0 4.142295208620953e-07 3.1178497191869827e-07 4.8284063322904666e-05 0.0002550580469469952 5.592569267822748e-06 2.2421804500766996e-06 1.5663011322692904e-05 1.5974937788008215e-05 5.35197814816401e-07 4.637748145631862e-05 1.173252077013878e-06 2.6437050202274665e-07 2.7086332473325114e-07 2.724377808726329e-07 2.612389571233389e-07 1.6298839272352286e-07 5.957600370774168e-07 0.0 0.0 4.8019553868543107e-05 3.980837324090514e-05 1.1046160774849973e-05 3.4195939663283936e-06 7.565627852109694e-06 9.510888189994046e-05 0.0007519989873734767 5.756437794022513e-06 0.00010745514963327568 6.718164704719889e-07 0.0 9.868118228006752e-07 7.744133346393228e-07 3.3206831868371056e-07 0.0 2.1100681333160132e-07 0.0 0.0 0.0 4.3865336261886206e-08 1.0505605315459548e-07 0.0 3.08728168708998e-07 0.0 0.0 2.988293820609562e-07 5.255158127085431e-05 0.0 2.3488028515527376e-07 0.0 0.0 0.0 4.949659403371925e-08 0.0 0.0 2.1937818286839183e-07 0.0 0.0 0.0 2.5198123165462717e-07 0.0 6.089610243183572e-08 0.0 0.0 0.0 0.0 0.0 0.0 0.0 0.0 0.0 0.0 0.0 0.0 0.0 0.0 0.0 0.0 0.0 0.0 0.0 0.0 0.0 0.0 0.0 0.0 0.0 0.0 7.671222016541564e-08 0.0 0.0 0.0 0.0 0.0 0.0 0.0 0.0 0.0 0.0 0.0 0.0 0.0 0.0 0.0 0.0 0.0 0.0 0.0 0.0 0.0 0.0 0.0 0.0 0.0 0.0 0.0 0.0 0.0 0.0 0.0 0.0 4.2864433169341674e-08 0.0 6.606730520458489e-08 0.0 0.0 0.0 0.0 0.0 0.0 0.0 0.0 0.0 0.0 0.0 0.0 0.0 0.0 0.0 0.0 0.0 0.0 0.0 0.0 0.0 0.0 9.870314637026925e-08 1.3979731526369586e-05 1.5483379803402563e-06 3.953803433766655e-05 4.307806003183277e-06 1.0319085967258683e-05 4.934912601533176e-07 3.678481458590306e-07 5.597144232383419e-07 0.0 0.0 0.0 0.0 0.0 0.0 0.0 0.0 4.265555783786746e-07 6.252904281257635e-08 2.943810796338768e-06 6.711891922030431e-08
0.000680672997796698 0.0010669283161746136 5.164403042711814e-05 0.0 8.487189770413653e-05 0.00012498369673385784 0.00031816352767294293 4.7621276650528155e-07 3.716528151837728e-05 0.0010641562730325776 2.403654566207779e-05 2.5267829318656266e-05 0.00018269854497602114 2.888490426619904e-05 6.647942410801187e-08 6.372479201275478e-08 6.349025066707912e-08 0.0 0.0 0.0 0.0 0.0 0.0 0.0 0.0 0.0 0.0 0.0 0.0 0.0 8.55681737204131e-06 2.204572296652036e-07 1.5731948016215717e-06 0.0 6.533868871422802e-08 0.0 0.0 0.0 0.0 0.0 0.0 0.0 0.0 0.0 0.0 0.0 1.3359943121274858e-06 2.1594555017761304e-07 5.98374373133137e-08 0.0 0.0 0.0 0.0 0.0 1.1732085540343152e-07 0.0 1.547089361173026e-06 4.364507406458418e-06 9.728652470079151e-08 2.6810082049033677e-07 0.0 4.65278668903472e-08 0.0 1.8673650050072541e-06 5.0068964928011155e-08 0.0 7.399343656101098e-08 0.0 0.0 0.0 5.138562210575613e-07 0.0 0.0 3.7033707757626506e-06 2.5776735064967303e-06 2.315763261579783e-06 1.221532395726053e-06 2.7395502995154084e-07 0.0 3.7852824791346975e-08 0.0 0.0 1.212644858856178e-07 0.0 1.1012718728455165e-07 3.3157809028621866e-08 9.283427213568923e-08 0.0 0.0 0.0 0.0 0.0 0.0 0.0 0.0 2.8979772064979594e-06 8.234519604962972e-07 0.0 3.452981166166681e-06 5.384008331528474e-05 0.0 2.492768049317779e-07 0.0 0.0 0.0 0.0 0.0 0.0 7.350341418495946e-07 8.8319427064048e-07 0.0 4.185613383106491e-07 5.267438580501812e-07 2.406052560745435e-07 6.322046064943095e-07 0.0 0.0 0.0 0.0 0.0 0.0 0.0 0.0 0.0 0.0 0.0 0.0 0.0 0.0 0.0 0.0 0.0 0.0 0.0 0.0 0.0 0.0 0.0 0.0 9.081284449902766e-08 0.0 1.9770085018440827e-07 7.336407527085962e-08 1.2043982995406938e-07 0.0 0.0 0.0 0.0 0.0 0.0 0.0 0.0 0.0 0.0 0.0 0.0 0.0 0.0 0.0 0.0 0.0 0.0 0.0 0.0 0.0 0.0 0.0 0.0 0.0 0.0 0.0 0.0 0.0 0.0 0.0 0.0 2.982855120662944e-07 0.0 0.0 0.0 0.0 0.0 0.0 0.0 0.0 2.7745872863584915e-07 0.0 0.0 0.0 0.0 0.0 0.0 0.0 5.417860991957922e-08 0.0 0.0 0.0 1.948034992070664e-06 0.0 1.3818967176907412e-07 5.692394987770526e-06 1.8549396200689313e-07 6.775722180295673e-06 1.6498991230313946e-06 4.12222648146049e-05 1.0842056953150775e-07 0.0 1.1802540691705351e-07 3.7062582802835505e-07 0.0 3.1303479224414185e-07 0.0 8.480335416946281e-07 0.0 0.0 0.0 2.7869921337720477e-07 0.0 2.569906315740082e-06 6.22147650876608e-07
0.00014134396695474549 0.0008931250056376613 4.9622255032347054e-05 8.487189770413653e-05 0.0 2.0863337411691306e-06 0.0017054394195583403 0.00020931081983055602 0.001799907104443542 0.00010094311973014038 0.001020063094390803 4.057964453951635e-05 0.0002301988293569449 0.00042451829380960753 3.109190683661515e-06 3.1254661645878655e-06 1.1724751253088378e-07 9.432566970507672e-08 0.0 0.0 0.0 0.0 0.0 0.0 4.747740146360644e-08 0.0 0.0 0.0 0.0 0.0 4.428222664467911e-05 1.3891564552130511e-05 4.087451867863201e-06 8.3089686073843e-08 0.0 7.774371858219638e-08 1.1314524782028693e-06 3.997008280685282e-08 5.901074093325617e-07 1.176925378477674e-07 0.0 0.0 0.0 9.201639476566526e-07 0.0 1.203918026312064e-07 1.4305065327263707e-05 7.279553819990287e-07 1.389788251129265e-07 0.0 1.3415409946770236e-07 0.0 0.0 0.0 1.9368060785479002e-07 2.450729260374718e-07 7.0427924659565905e-06 2.902949771152209e-05 1.7695810164511894e-06 2.626728667284805e-06 2.0606234437614154e-07 4.7354561749951315e-07 8.781725474460123e-08 1.640858961525309e-05 7.803933616222337e-07 1.1890789329498394e-07 2.1586560473602592e-07 1.817651259814017e-07 4.6961443192868845e-08 0.0 5.785963323421002e-06 0.0 0.0 1.9925446235163353e-05 2.1285837773510233e-05 2.213588737374033e-05 1.5501326351980094e-05 5.310822294132643e-06 1.0192925130967671e-06 4.2797467040487e-06 8.921925345317245e-08 8.376574904151906e-07 2.2319690429979864e-07 0.0 5.750879863918693e-07 3.825350152245245e-07 2.541594446483229e-07 0.0 1.3101387658031708e-07 0.0 9.193706776851263e-08 0.0 3.4420591219594734e-08 0.0 0.0 2.4799234563618907e-06 1.6117343734168222e-06 0.0 7.775899376060923e-06 1.0496402805257308e-05 8.777253820909197e-08 2.485468884537345e-07 2.6420585592145597e-07 0.0 0.0 2.953650099047318e-07 8.981098732195298e-08 8.265818899139308e-07 2.534758130535065e-06 2.554664469467587e-06 1.2628994711485436e-06 1.487494344955312e-06 3.5473761343381696e-06 8.261030839228657e-07 2.4683489323700604e-06 0.0 0.0 0.0 0.0 0.0 0.0 0.0 0.0 0.0 0.0 0.0 0.0 1.3616480030538337e-07 0.0 0.0 0.0 0.0 0.0 0.0 0.0 0.0 0.0 0.0 0.0 1.1284398099552395e-06 3.033703340782949e-07 1.6254424888951788e-06 9.129158206968819e-08 3.1687017404405736e-07 0.0 0.0 0.0 0.0 0.0 0.0 0.0 0.0 3.0974929003108806e-07 0.0 0.0 0.0 0.0 0.0 0.0 0.0 0.0 7.003819741685215e-08 1.34923578144112e-07 0.0 0.0 0.0 0.0 0.0 0.0 0.0 0.0 0.0 0.0 0.0 0.0 0.0 1.761541579004256e-06 2.7127667140282645e-07 0.0 0.0 0.0 3.517524851592467e-07 0.0 0.0 9.434795955242676e-08 1.531527657111511e-07 0.0 0.0 0.0 0.0 0.0 0.0 0.0 0.0 0.0 0.0 0.0 1.7153225276098605e-06 6.404136638258313e-07 1.674314359021722e-06 4.8527336856921654e-05 1.9860654666413003e-06 4.110166537125041e-05 1.0650862902445064e-05 9.818248681950075e-06 9.45696488853338e-07 1.9547454524857853e-07 2.5366909841568986e-06 2.6225072689657997e-06 8.487778492644293e-08 1.2931156133037947e-06 0.0 2.311732273445516e-06 1.788337715834502e-07 0.0 4.882948368592232e-08 2.085499924505639e-06 2.586519740249057e-07 2.979259096244958e-06 1.2184046101477624e-06
9.937100535892825e-05 0.00013474381612810454 8.315588159888571e-06 0.00012498369673385784 2.0863337411691306e-06 0.0 2.503495248177579e-05 0.0 1.1235137574920052e-06 0.00044115214425157005 2.396148296663895e-06 0.00026903845770552754 4.9527823592298807e-05 4.5000402378960095e-06 0.0 0.0 0.0 0.0 0.0 0.0 0.0 0.0 0.0 0.0 0.0 0.0 0.0 0.0 0.0 0.0 2.226127011608566e-05 0.0 6.790139427653622e-06 0.0 0.0 0.0 5.969925470405081e-07 0.0 1.1439462873468792e-07 0.0 0.0 0.0 0.0 0.0 0.0 0.0 8.58005861271897e-08 0.0 0.0 0.0 0.0 1.067726002287936e-06 0.0 0.0 0.0 6.744912369494641e-08 1.2542599384792802e-05 2.6694154696805252e-06 0.0 0.0 0.0 4.406901278295443e-07 0.0 0.0 0.0 0.0 0.0 0.0 0.0 0.0 9.643595727783466e-06 1.0358688575476075e-05 1.2092538599815698e-06 2.4033483582894673e-07 2.9416693821193215e-07 0.0 0.0 0.0 0.0 6.651383196923511e-08 0.0 0.0 0.0 5.39602051462041e-07 0.0 1.4187607954147525e-07 0.0 2.7060206902073096e-07 8.145591324484698e-08 7.998025616964038e-07 0.0 1.0912529969840833e-07 0.0 0.0 3.7980115632431654e-07 7.064982950534384e-05 8.29650795856947e-05 3.9063028410168685e-06 8.34554964509921e-06 0.00020933177507709717 0.0 0.0 4.88784027547246e-07 0.0 0.0 1.0695618813897154e-06 4.604882005945811e-06 1.2209609028936196e-06 1.0516281924272222e-05 5.59872031160684e-06 6.312699153477045e-07 5.797777459470711e-06 1.7106521447132285e-05 1.0946475233106588e-06 5.522741945893861e-07 0.0 0.0 0.0 0.0 0.0 0.0 0.0 0.0 0.0 0.0 0.0 0.0 0.0 0.0 0.0 0.0 0.0 0.0 0.0 0.0 0.0 0.0 0.0 0.0 1.3534927469670923e-07 0.0 0.0 0.0 0.0 0.0 0.0 0.0 0.0 0.0 0.0 0.0 0.0 0.0 0.0 0.0 0.0 0.0 0.0 0.0 0.0 0.0 0.0 0.0 0.0 0.0 0.0 0.0 0.0 0.0 0.0 0.0 0.0 0.0 0.0 0.0 0.0 3.132215016452209e-06 0.0 0.0 0.0 0.0 2.167223460361763e-07 0.0 0.0 0.0 0.0 2.9607987389377345e-07 0.0 0.0 0.0 0.0 0.0 0.0 0.0 0.0 0.0 0.0 1.8895464729160686e-05 1.9301981499101358e-06 8.559083957589753e-08 1.5664114225404103e-05 1.3494894919034714e-06 4.4825075358371225e-07 0.0 0.0001912215650819329 0.0 0.0 0.0 1.976600845471486e-06 0.0 6.383078662280882e-08 0.0 1.9717226089880878e-05 0.0 0.0 0.0 1.845512086559519e-07 0.0 2.4735807122883207e-05 7.59729683769659e-05
0.000602583187742388 0.0014607960971845574 2.0759363643899337e-05 0.00031816352767294293 0.0017054394195583403 2.503495248177579e-05 0.0 1.004778065431428e-05 0.0007034264179239454 0.0008319326264978315 0.00012325484257930263 0.0003389564333558572 0.0007938054999827409 0.00138132218868385 6.551927625662662e-06 7.573830764908773e-06 3.164064129397269e-07 4.5837790093421834e-08 0.0 9.006603198219313e-08 7.60445434487144e-08 0.0 1.3995856349366247e-07 4.549930674982873e-08 8.486690988325252e-08 0.0 0.0 0.0 0.0 4.501401982599902e-08 4.147562608201824e-05 1.669286788923572e-05 3.1804106409666075e-05 1.4559858667954548e-07 1.1181551398277832e-07 4.944743245259415e-07 2.06864256414933e-06 4.7504545358546226e-08 2.681239954316424e-06 1.0473178224948154e-07 0.0 0.0 4.946672472599808e-08 1.3508571549723577e-06 1.0250240979884772e-07 1.400163863377773e-07 2.2603047246462466e-05 1.3557339409431793e-06 1.851736670875105e-07 0.0 1.3230829180499517e-07 0.0 3.266434396588122e-07 0.0 2.2368559323818806e-07 2.8631238220093616e-07 1.2215655727802209e-05 3.9262804082513244e-05 3.1674363620753613e-06 3.728100312284695e-06 4.6171559651254567e-07 1.7553830298818976e-06 0.0 2.6735528954469653e-05 9.341253155607635e-07 2.592196752265868e-07 1.8643162944109594e-07 4.0004437452205823e-07 1.294612617545222e-07 0.0 2.7027217354023804e-05 2.8230544459909675e-06 0.0 3.157839601908629e-05 3.770189941199416e-05 3.913928029785227e-05 2.7722672087874845e-05 9.857941567090149e-06 7.999803217085671e-07 8.142233570324434e-06 3.714557827401228e-07 2.26478343481162e-06 5.517073771512639e-07 0.0 7.397369499361714e-07 8.648999696551076e-07 3.074609201860612e-07 0.0 1.5946738367686246e-07 0.0 1.1446524619445429e-07 0.0 1.2832878622402137e-07 1.046567478724879e-07 0.0 1.917922815480359e-05 8.261643612371837e-06 0.0 3.675832948443078e-05 2.8950872529066893e-05 1.1784421068012803e-07 3.911642361785953e-06 2.9925135730377247e-07 0.0 0.0 2.6149891056749245e-06 4.339398125287701e-07 4.622126517459585e-06 1.1041621841234567e-05 1.0052355333789932e-05 3.5617692102876446e-06 6.930431031267579e-06 2.123972356118128e-05 2.0866351938693257e-06 9.621353702495036e-06 2.7473134686727225e-07 0.0 0.0 0.0 0.0 0.0 0.0 0.0 0.0 0.0 0.0 0.0 6.170187737263421e-07 0.0 0.0 0.0 0.0 0.0 0.0 0.0 1.550024125187804e-07 0.0 5.178313021190405e-07 0.0 2.725394041790627e-06 3.003288247295791e-06 6.889194011630746e-06 2.0767229550095222e-06 1.1445516900920357e-06 0.0 0.0 0.0 0.0 8.265855390021736e-08 0.0 0.0 0.0 1.2329266965711566e-06 0.0 0.0 0.0 7.401347613727796e-08 0.0 0.0 0.0 0.0 0.0 4.95273125146836e-07 0.0 0.0 6.701145509200579e-07 0.0 5.007572068273409e-07 0.0 0.0 5.927085554547372e-08 0.0 0.0 0.0 0.0 0.0 7.924807231541272e-06 3.7875989659648624e-07 0.0 0.0 0.0 7.50107514279277e-07 1.456622518659825e-07 0.0 2.6445384187662635e-07 1.0097273063299924e-06 7.273820456168058e-07 6.679641584230803e-08 2.3181788667693444e-07 0.0 0.0 0.0 0.0 0.0 0.0 0.0 0.0 9.795071726043623e-06 4.161229666115861e-06 9.115993657394435e-06 8.64909529049941e-05 2.9462792981033166e-06 7.210207742669717e-05 1.934451998886681e-05 2.7176874365419842e-05 1.5624025129104663e-06 6.828135566584573e-07 3.258766844946172e-06 1.2729625306265585e-05 3.0006992381931565e-07 3.158726535802913e-06 8.692672706856898e-07 1.0171302401567654e-05 6.057719036485174e-07 0.0 1.405522929575758e-07 3.2414964363092733e-06 4.453967218451733e-07 1.853189653808356e-05 8.133846908827225e-06
1.2644494628120507e-05 0.00025745840539062267 0.0007949731673848748 4.7621276650528155e-07 0.00020931081983055602 0.0 1.004778065431428e-05 0.0 0.0002577242832853849 3.1702442936657656e-06 0.000583180997045977 2.147177999559869e-05 0.00021562742684014653 0.0010632585241112024 4.232665563159199e-07 1.0804346895135794e-06 7.025217843095947e-07 1.6491256835737885e-07 5.817073830496638e-07 3.402266612909239e-07 4.344829489046498e-07 0.0 0.0 5.685438749858845e-08 5.071798682141094e-07 0.0 1.48116343533105e-07 0.0 0.0 0.0 0.0002811575059165249 0.0006150666279299344 0.00014297426772569324 1.5635740869010355e-06 7.65641325622536e-07 4.891785624067028e-07 1.969297602454827e-05 8.64320159942387e-07 2.898062321481224e-06 5.47051125348852e-08 2.041352646762256e-07 8.845685628863409e-08 0.0 1.572719970856011e-05 5.785289815765377e-07 5.850620385258266e-06 7.374554833298506e-06 1.0406284127574946e-06 0.0 5.418721948715218e-08 1.9249552083432122e-07 0.0 0.0 0.0 1.23698613999145e-07 6.143984318795556e-08 1.0542543024942261e-05 4.81311351737794e-05 1.7087023479185473e-06 1.6826331360742125e-06 0.0001265065563885698 7.431375908802682e-05 2.5068000061731544e-06 3.458552438629502e-05 4.4022273284150533e-07 4.050414967799555e-08 9.523881222538069e-08 2.7470448425621784e-07 7.905234168399331e-07 5.70726751970491e-07 1.6271100815500324e-05 0.0 0.0 1.7149895619917816e-05 1.8589908876309948e-05 1.014565666261277e-05 1.43428556671206e-05 4.168584748232144e-05 0.0006009056460651048 0.001112083609558668 0.0001254760145878742 0.0003913674907130173 3.518265616505766e-07 0.0 5.082576150232347e-07 2.5207862049824176e-07 1.4594756875410398e-07 0.0 0.0 0.0 1.1154443994220474e-07 0.0 3.159712971781028e-07 3.6012729852306643e-07 9.621205826995123e-08 1.317584585919632e-06 4.6694516189037896e-07 0.0 2.684942883715958e-06 5.579338817995379e-06 0.0 0.0 0.0 0.0 0.0 1.23228949734355e-07 0.0 7.198114684949089e-08 8.152624181846071e-08 9.945785384156252e-08 0.0 5.946255431449817e-08 6.113946620856515e-08 9.224584145199517e-08 0.0 0.0 0.0 0.0 0.0 0.0 0.0 0.0 0.0 0.0 0.0 0.0 0.0 0.0 0.0 0.0 0.0 0.0 0.0 0.0 0.0 0.0 0.0 0.0 0.0 6.899141084078734e-08 0.0 0.0 8.172985334014466e-08 0.0 0.0 0.0 0.0 0.0 0.0 0.0 0.0 0.0 0.0 0.0 0.0 0.0 5.2957484351578625e-08 0.0 0.0 0.0 0.0 0.0 0.0 0.0 0.0 0.0 0.0 0.0 0.0 0.0 0.0 0.0 0.0 0.0 0.0 0.0 1.2641524236080627e-07 0.0 0.0 0.0 0.0 0.0 0.0 0.0 0.0 4.629473196409848e-08 0.0 0.0 0.0 0.0 0.0 0.0 0.0 0.0 0.0 0.0 0.0 0.0 9.881655699195018e-08 0.0 1.0240382015812745e-05 8.48605384231352e-07 2.4817402765798682e-05 3.3415461456558916e-06 4.599661483464779e-06 3.075344379107539e-07 2.989905425227483e-07 8.133594642795639e-07 2.6834867340583164e-07 0.0 0.0 0.0 0.0 0.0 0.0 0.0 1.1327514927991868e-07 0.0 1.9646914416107016e-06 1.9362840688724937e-07
0.00015438637926115792 0.0010858217165765434 0.00017334470754429014 3.716528151837728e-05 0.001799907104443542 1.1235137574920052e-06 0.0007034264179239454 0.0002577242832853849 0.0 3.7446347114164676e-05 0.0004997370364006299 3.11794174273054e-05 0.00026128268866540026 0.0007552352913738808 6.1898680893014035e-06 6.559409605962931e-06 4.786725142591804e-07 4.160590444685187e-08 4.071581960288242e-08 7.52533641006605e-08 0.0 0.0 3.4708834980577674e-08 0.0 8.946603825012954e-08 0.0 1.0455994060231197e-07 4.407064689028318e-08 0.0 0.0 8.691656699009765e-05 2.823062241925896e-05 1.5728717172403067e-05 7.049856030775646e-08 5.1393648579436985e-08 3.687496455071597e-07 8.822117878412945e-07 7.381693852519817e-08 7.992793204537149e-07 1.492013999221167e-07 0.0 4.001573442122432e-08 0.0 1.411541655899711e-06 7.614075774205088e-08 1.312091902273821e-07 1.940177735924425e-05 1.1225679404273931e-06 1.8802804472920576e-07 3.539855827207952e-08 1.4488263176516457e-07 0.0 1.1770378350148247e-07 0.0 3.427111658278704e-07 3.918149412139471e-07 1.3757794038356971e-05 5.0917398993251206e-05 3.079674102131487e-06 4.555317922785267e-06 2.413689646301691e-07 1.11559730382169e-06 4.621047223589091e-08 2.780390744034334e-05 1.0948294892771359e-06 1.8898448596219134e-07 4.1261452563301556e-07 3.653317270044935e-07 1.3926561684087947e-07 8.506228434845491e-08 4.358776671120065e-06 1.9266801247533406e-07 0.0 3.524577399395992e-05 4.078760685010654e-05 4.034633959616459e-05 2.8490930927300775e-05 8.250407007255261e-06 3.1362997032006492e-06 1.273191870120921e-05 2.3788443126140296e-07 1.7697140371210418e-06 9.479708325154313e-07 0.0 1.0307815724010432e-06 1.1626117367173186e-06 7.296123398423344e-07 3.367825263699129e-08 1.1481226688408218e-07 0.0 1.140557082607324e-07 0.0 3.764131071293715e-08 1.1178603619181657e-07 0.0 8.429614116676724e-07 1.973966891765327e-06 0.0 6.633129347601761e-06 1.1908800318693616e-05 0.0 7.163689376522711e-07 7.697409546271042e-08 0.0 0.0 5.831867690369184e-07 3.231319334461177e-07 9.001157998334261e-07 2.8124438172550852e-06 1.7296923976387912e-06 7.996759459366439e-07 1.889305881686177e-06 3.931060414700246e-06 5.226373756017567e-07 2.6373816824613083e-06 5.2163256494388585e-08 0.0 0.0 0.0 0.0 0.0 0.0 0.0 0.0 0.0 0.0 0.0 1.0036167218117931e-07 0.0 0.0 0.0 0.0 0.0 0.0 0.0 1.1599096039785886e-07 0.0 0.0 1.8749861524103835e-07 8.771634225015202e-07 3.0472128736393565e-07 1.6457364370217636e-06 7.380423399641265e-07 9.236685434084874e-08 0.0 0.0 0.0 0.0 0.0 0.0 0.0 0.0 1.7021534736921788e-07 0.0 0.0 0.0 0.0 0.0 0.0 0.0 0.0 0.0 1.1252263886383828e-07 0.0 0.0 0.0 0.0 0.0 0.0 0.0 0.0 0.0 0.0 0.0 0.0 0.0 1.7991434871664373e-06 3.1275788346351326e-07 0.0 0.0 0.0 6.186866807349435e-08 5.7024602260583123e-08 0.0 1.2524412450626705e-07 8.766217609654725e-08 4.213120438349116e-07 0.0 1.9545921527682502e-07 0.0 0.0 0.0 0.0 0.0 0.0 0.0 0.0 1.5762267568210181e-06 1.0655443492683441e-06 1.3262475632206287e-06 8.074451436158034e-05 4.751162573007743e-06 7.157491632201436e-05 2.09282794407124e-05 1.645244162664119e-05 1.516996676035525e-06 8.725840828360935e-07 4.674545430596722e-06 2.183197921917148e-06 0.0 1.1353678814670436e-06 2.0283903250969323e-07 1.4378500730806315e-06 7.901473402851718e-08 0.0 3.639293785916323e-07 3.4830838444843804e-06 1.212625092961529e-07 4.3380400410754525e-06 1.8694765727257812e-06
0.001143559975168017 0.000722969761131313 1.9255844012431452e-05 0.0010641562730325776 0.00010094311973014038 0.00044115214425157005 0.0008319326264978315 3.1702442936657656e-06 3.7446347114164676e-05 0.0 1.608195985967519e-05 0.0011891005738714651 0.0021080270663814574 0.0001838580015038819 2.45638398824588e-06 2.8664156188996344e-06 6.471394884229086e-07 5.5344090693009904e-08 0.0 0.0 0.0 0.0 0.0 4.402171869876029e-08 0.0 0.0 0.0 0.0 0.0 0.0 1.996647436350395e-05 3.852365063319051e-06 6.534491298685066e-05 6.396273917412372e-08 0.0 6.249323955521359e-07 1.0084885993788147e-05 2.979524491391954e-07 1.5213141480059237e-06 1.2328239747371198e-07 4.101964040930203e-08 0.0 4.374965256232066e-08 6.816776144941254e-07 5.2035789280705474e-08 1.2329836223477446e-07 1.359730264639706e-05 1.0486293086104298e-06 0.0 6.952408649703748e-08 1.346107486510929e-07 0.0 0.0 0.0 1.8456970117084924e-07 4.090713065628105e-07 1.2762028552265987e-05 2.8212043417169105e-05 2.677824405820549e-06 2.35488773660676e-06 1.9427925598556411e-07 2.2577277516430564e-06 3.9202839196991913e-08 1.1674247415671291e-05 6.624688291882933e-07 9.535629386113253e-08 1.2150944233731985e-07 8.3064822859055e-08 1.1218138829499432e-07 3.7617527020087653e-07 6.889765613935827e-05 2.7914141141092688e-06 0.0 2.117977331002426e-05 2.4222971931920525e-05 1.627481125403926e-05 1.3834800977514436e-05 3.1390545975741237e-06 8.61969892438041e-07 7.254411951701333e-06 4.352768004496148e-07 1.8248360408825719e-06 3.833326717042094e-07 0.0 7.04322632164243e-07 5.366445642706837e-07 2.0820915810584767e-07 0.0 9.976240826676427e-08 0.0 0.0 0.0 3.938509975132155e-08 6.806525704021744e-08 0.0 0.00016275105972271079 1.2060194233374542e-05 1.461258989363054e-07 2.5882466465526176e-05 0.00019465320361663124 0.0 2.041999143562614e-06 1.6495864113735172e-06 2.6568160042273505e-07 0.0 2.5557738683160854e-06 7.225271807833759e-07 3.7789712593824123e-06 1.439317010355391e-05 1.4491995593209791e-05 3.088772848989085e-06 1.0546506706404115e-05 2.9015865603510923e-05 3.987594214592166e-06 1.0166621841515962e-05 1.8898589238161828e-07 0.0 0.0 0.0 0.0 0.0 0.0 0.0 0.0 0.0 0.0 0.0 4.2827759832501024e-07 0.0 0.0 0.0 0.0 0.0 0.0 0.0 7.82671270747631e-08 0.0 0.0 5.783775672212609e-07 2.040253845474196e-06 1.991607599233935e-06 4.318749094267152e-06 1.3317347428250064e-06 1.2217462817118206e-06 0.0 0.0 0.0 0.0 0.0 0.0 0.0 0.0 4.466266736453613e-07 0.0 0.0 0.0 1.8145059358053588e-07 0.0 0.0 0.0 0.0 5.9454632752104304e-08 2.695192172891993e-07 0.0 0.0 0.0 5.314534549613433e-07 5.316070663718329e-07 0.0 0.0 0.0 0.0 0.0 0.0 0.0 0.0 1.2657619440644379e-05 1.9377582853180707e-06 0.0 0.0 0.0 9.142236919344555e-07 0.0 2.8986085443775754e-07 2.789660377504289e-07 6.09905689639492e-07 7.791160819077626e-07 4.152420516222803e-07 0.0 0.0 0.0 0.0 0.0 0.0 0.0 0.0 0.0 1.6060461742837534e-05 4.669702824419107e-06 6.778056125732399e-06 5.486822265130958e-05 1.7929339249307846e-06 4.7827991600126325e-05 1.1237381767990538e-05 0.0002609764282743399 7.260337075110723e-07 4.2378535783458003e-07 2.0863500784412843e-06 1.1086241774734871e-05 1.4512594232602383e-07 4.25924625934004e-06 3.388773082825229e-07 9.144704425212101e-06 5.225133104026333e-07 0.0 6.435599989360232e-07 1.1959238964769127e-06 2.636776427960361e-07 0.00018694826053148396 4.3019273068195106e-05
0.00010201180473942646 0.0011442912706783196 0.0006161459214165149 2.403654566207779e-05 0.001020063094390803 2.396148296663895e-06 0.00012325484257930263 0.000583180997045977 0.0004997370364006299 1.608195985967519e-05 0.0 5.431951438376242e-05 0.0006161124879530797 0.0018445150289445851 1.3230916720606007e-06 2.749008557587599e-06 3.918074700858832e-08 4.859733325327246e-08 0.0 0.0 6.849584185060671e-08 0.0 0.0 0.0 1.1232516617289626e-07 0.0 1.519558153527594e-07 4.198498769828028e-08 0.0 0.0 0.00014239002421491135 3.134418754057937e-05 0.0001585918530655032 8.766176177298632e-08 1.2561322978203144e-07 7.563940190609843e-07 5.781914633407623e-06 2.7372065585574297e-07 9.969310181797188e-07 4.0557548002615935e-08 0.0 1.105690196492228e-07 0.0 7.232782771777621e-07 0.0 1.0457926366489797e-06 6.178015453470168e-06 4.978522741089478e-07 1.1340332350444877e-07 0.0 1.5842306783762878e-07 0.0 0.0 0.0 1.0123427561178535e-07 3.1421289658221266e-08 5.025013311257077e-06 2.563759905727888e-05 8.886583697617217e-07 1.5086527240752922e-06 7.22990622592485e-07 8.185963202316157e-06 4.0602264158011844e-07 9.906745491953837e-06 5.380827345664622e-07 1.0524024848592054e-07 0.0 8.546528053127478e-08 3.1949907984481395e-07 1.1237336454677059e-07 3.89593794416394e-06 4.115000408677787e-08 0.0 1.2427843747196886e-05 1.3478741769990573e-05 1.1487964710842976e-05 7.421738832862854e-06 3.4602141094983414e-06 2.8608959278195792e-05 8.401499905606135e-05 2.852409148644955e-07 2.534317090136577e-05 2.99552376674739e-07 0.0 2.924111641993501e-07 4.609821677870685e-07 4.798108587399385e-08 0.0 0.0 0.0 0.0 0.0 1.9546469271032287e-07 4.513424207906661e-08 6.395382171473026e-08 3.942579544772323e-07 7.963459020402261e-07 0.0 1.691930879877321e-06 6.334681158421372e-06 0.0 1.1523420791669613e-07 0.0 0.0 0.0 0.0 0.0 0.0 0.0 1.9488226401656163e-07 6.99753798832049e-08 1.683326078925862e-07 4.765948944647126e-07 1.8851240797757405e-07 9.781969070327428e-07 6.185328488587055e-08 0.0 0.0 0.0 0.0 0.0 0.0 0.0 0.0 0.0 0.0 0.0 1.4300547235263757e-07 0.0 0.0 0.0 0.0 0.0 0.0 0.0 0.0 0.0 0.0 0.0 0.0 7.274778683933828e-07 4.5136630711412244e-07 0.0 1.1541161442343612e-07 0.0 0.0 0.0 0.0 0.0 0.0 0.0 1.3933731762371783e-07 0.0 0.0 0.0 0.0 0.0 0.0 0.0 0.0 0.0 0.0 1.1407058969872275e-07 0.0 0.0 0.0 0.0 0.0 0.0 0.0 0.0 0.0 0.0 0.0 0.0 0.0 1.825914658151288e-07 0.0 0.0 0.0 0.0 9.100185966774013e-08 0.0 0.0 0.0 2.2445996397352327e-07 0.0 0.0 0.0 0.0 0.0 3.981829213935098e-08 0.0 0.0 0.0 0.0 0.0 1.9915373086716577e-07 6.232322207205206e-07 3.632787233511305e-07 2.1565027804460636e-05 1.1785872758940748e-06 2.4259699967073492e-05 5.290696789439804e-06 4.6244369034703445e-06 2.637749328101775e-07 1.4614877415822776e-07 1.3055614445396783e-06 8.111779328962474e-07 0.0 9.8405221122042e-08 0.0 7.505250079855952e-08 0.0 0.0 0.0 6.197270433952475e-07 0.0 9.766736255548337e-07 7.051223982730685e-07
7.76864591383005e-05 2.717797470236587e-05 7.218216147471996e-06 2.5267829318656266e-05 4.057964453951635e-05 0.00026903845770552754 0.0003389564333558572 2.147177999559869e-05 3.11794174273054e-05 0.0011891005738714651 5.431951438376242e-05 0.0 0.0007105726079704615 6.711810947051813e-05 2.2872655459692318e-05 5.076350407331243e-05 4.969400947958946e-06 6.514860770765793e-07 2.500859750450957e-07 3.0162732807342926e-07 3.29065590400409e-07 7.968234232481389e-08 2.876159961688931e-07 1.8692151573656508e-07 5.39189339581775e-07 1.495531758298611e-07 8.982753745758773e-08 0.0 9.264969288987194e-08 0.0 5.535899478575645e-06 3.4005669854408596e-06 9.806635239861966e-05 1.2562491712746925e-06 8.456477335912501e-07 1.537585959698024e-05 2.942970919528e-05 8.794962344402115e-06 1.1590917707017143e-05 7.767928100541464e-07 3.740299788251717e-07 1.574511521898134e-07 1.2313582956375772e-07 1.4892874601639059e-05 4.3817598585402543e-07 7.503135737309909e-06 3.5281839231151136e-05 6.168310737498506e-07 1.8084066102448418e-06 1.59266984113059e-07 3.136558936710102e-07 0.0 9.11346446673105e-08 0.0 1.0273102137612873e-07 6.851637177310628e-08 6.064288220168296e-06 1.1036291439384955e-05 1.1888729533219312e-06 3.858165868753934e-06 1.0029432681322672e-05 5.765921501824403e-05 1.5307625725455267e-06 1.1001214021784482e-05 4.233594693247367e-07 1.2095209352296106e-07 0.0 4.79501864590708e-07 3.4982404522367694e-06 1.5124821494988783e-06 8.587705145232526e-05 7.541207096873396e-06 7.81587871652863e-08 1.3920295686421932e-05 1.461482490316228e-05 3.921862910210828e-05 2.9270751669054466e-05 2.7553935187612885e-05 1.1413221303023122e-05 0.0001526429180743464 1.2743875778887434e-05 3.440601370884252e-05 3.4133040405264583e-07 5.768262789910875e-08 3.4014007146782786e-07 4.1525559886238187e-07 5.1075284635916156e-08 0.0 0.0 4.2912365463864955e-08 3.45273787461149e-07 0.0 1.0220509653312786e-06 9.001681072327077e-07 4.900565064299976e-07 0.0006082874611737859 4.5527512886753744e-05 2.1188398952591175e-07 7.634603786825137e-05 3.382564920547076e-05 4.801815756963435e-07 1.6099516113557775e-05 5.029352913427215e-06 1.555051489264514e-06 2.3651030246428647e-07 1.7648929240731787e-05 4.133455185920906e-06 2.1785132874303603e-05 0.00010307047554064319 7.53632921009429e-05 3.3721182867783014e-05 7.213186294032902e-05 0.00022735290725518794 3.028151260623719e-05 6.168763785487938e-05 1.1240131770305089e-06 0.0 0.0 6.305618021719126e-08 0.0 0.0 8.07750998104714e-08 0.0 0.0 0.0 0.0 0.0 1.2008147656476718e-06 0.0 0.0 0.0 0.0 0.0 0.0 6.686485753320953e-07 9.859339852091205e-07 0.0 1.3923295369997233e-07 0.0 2.1041145291530015e-05 6.500307009496224e-06 2.9246364895952434e-05 2.2864989992972145e-06 4.0399244282770655e-06 0.0 0.0 0.0 6.447899393328105e-08 1.4717489016985024e-07 2.9869414152908915e-07 0.0 2.7597579999209197e-07 2.609345695679016e-06 1.1189323956235105e-07 1.1574604575862619e-07 0.0 1.0554247965827435e-06 4.4047053254113005e-08 0.0 0.0 6.46739540749225e-08 4.09493867180199e-07 2.032499738219352e-06 6.272755321298741e-08 0.0 4.131987674674975e-07 1.2547095107121595e-06 8.543183131594202e-07 1.2103707166541642e-07 9.435688081295384e-08 4.008703988616977e-08 0.0 0.0 0.0 0.0 5.06789860504754e-08 7.059051911040681e-05 7.649801632885749e-06 0.0 0.0 0.0 4.7888993529918334e-06 8.296889441096422e-07 1.0376407065541265e-06 2.4091687984798906e-06 4.362970285053121e-06 5.8303512889430674e-06 1.7288518149575167e-06 7.699001537039655e-07 1.5590264258829174e-07 4.539964102719587e-08 0.0 0.0 0.0 0.0 0.0 0.0 0.00012180331424294624 2.9529852382103774e-05 2.889560008213972e-05 8.605068623104832e-05 3.065732631261133e-06 6.431174980279769e-05 1.9939852985690903e-05 0.0002103649094390547 1.6967464295860678e-06 1.4288470615735382e-06 3.4001191928987253e-06 4.073763475326684e-05 2.6915143480792296e-07 1.9664892652834693e-05 3.336009543712625e-06 6.03821910145173e-05 2.2204214652421487e-06 0.0 2.174438878567024e-06 6.368998164949608e-06 7.876600837275086e-07 0.0003560937999567306 0.0002200787851220528
