0.0 0.0013761553715142742 0.00022454514451774972 0.0003129172590015658 0.00014658676077785468 4.3430158816690324e-06 0.00013574049748966494 4.765501786063489e-05 1.1253439543912581e-05 0.00012691391301881207 3.8162524467054474e-05 4.1267787654111676e-05 5.9560941282692774e-05 2.6412331624109813e-05 1.0663282031414094e-06 2.768999520055217e-07 1.2824068561912678e-07 6.091343624229715e-08 0.0 7.12614338994459e-08 2.402326964107454e-07 4.777632009789962e-07 1.3344632072562736e-07 0.0 0.0 0.0 1.223603686604853e-07 0.0 0.0 0.0 0.00019283093721496407 4.038982140003268e-06 5.717737716642847e-06 5.0224584922943035e-08 0.0 7.005378686253765e-07 6.659357647618525e-06 9.261225319708643e-07 1.8232941720222736e-06 2.705830997156347e-07 8.685830213231751e-08 0.0 0.0 0.0 4.0174065548945527e-08 4.2506445725232405e-08 5.871110288762277e-06 1.6398388008008255e-07 0.0 0.0 1.0102564498964095e-07 2.5237913502048927e-06 0.0 2.319257833288246e-07 1.1789604446546738e-06 3.562859824850292e-06 0.00017305423108987858 0.0001530107185311166 2.0324496948455982e-05 5.576381850076003e-06 4.128543223598085e-06 2.944431405533356e-06 9.8491485188294e-07 6.033099994035032e-06 3.2714666166965694e-06 5.195392374335944e-07 2.2594988130555067e-07 0.0 0.0 4.149633338246278e-08 1.9468392834808405e-05 9.114037471698873e-06 5.378156254538313e-08 3.55112004782463e-05 8.995045568818365e-06 3.0714575339023566e-06 4.3400112114324914e-07 4.871577897495044e-07 1.7784741206877116e-07 1.2853147831096398e-05 8.452342156746463e-07 2.543159251440533e-06 3.1002852618643764e-06 1.0528762492349168e-07 4.675722687640099e-07 8.393198506590729e-07 1.0084380551368463e-07 0.0 1.9423871497627174e-07 6.560057217440447e-07 0.0 2.692117934860606e-07 1.2890625334507987e-07 1.3096504983878036e-07 4.4851967432151984e-08 8.934279371351258e-05 5.922976145928869e-06 1.017142571973712e-06 3.784588326722715e-06 0.0005740329796314495 0.0 0.0 5.169825251667125e-07 6.1716349585982554e-06 2.2885072512212688e-07 1.4540225411092618e-06 7.767382928101581e-07 3.6328804384254655e-07 3.519309098802645e-07 1.3604582741264294e-06 4.3242458717749763e-07 5.527021048467667e-07 1.2897586381631424e-06 8.871815084257792e-07 8.385797576293645e-07 0.0 0.0 0.0 0.0 0.0 0.0 0.0 6.540548790103475e-08 0.0 0.0 0.0 0.0 0.0 0.0 0.0 0.0 0.0 0.0 0.0 1.0728653667798198e-07 0.0 0.0 0.0 1.0391115868607223e-07 4.4394607521794354e-07 0.0 1.8211064053131166e-06 5.55303241816442e-07 4.702845807510071e-08 0.0 0.0 0.0 0.0 0.0 0.0 0.0 0.0 0.0 0.0 0.0 0.0 1.7517112020109744e-07 0.0 0.0 0.0 0.0 0.0 0.0 0.0 1.3872013189446736e-07 0.0 7.152888620021162e-07 0.0 0.0 0.0 0.0 0.0 0.0 0.0 0.0 0.0 2.0307829876607568e-06 0.0 0.0 5.7311404322820945e-08 0.0 0.0 4.107374506273895e-07 2.171686405818576e-07 0.0 0.0 0.0 0.0 0.0 0.0 8.988304942972608e-08 0.0 0.0 4.8312333984526247e-08 0.0 0.0 0.0 4.793184886374281e-07 4.289705865224717e-07 5.008921349956155e-07 3.132762293280624e-05 3.0626790880441138e-06 4.209611699119803e-05 4.56424236374654e-06 0.00021275683893078913 2.544278959818237e-06 3.696142800847257e-07 1.0156498306724817e-06 6.619034604748171e-06 0.0 0.0 0.0 3.214734029341593e-06 0.0 0.0 0.0 1.0149915269317497e-05 8.704712710630603e-08 0.0001361231567859167 4.516246379216532e-06
0.0013761553715142742 0.0 0.00030133105719408975 0.0002283383908646085 0.0009381849969660384 1.1893539003486591e-05 0.0003627791945423991 0.00012112616423244327 0.0002124442974088284 0.0003341486629192456 0.00017897484903893598 1.4362838019219721e-05 4.8887668093647646e-05 0.00010058974507555266 2.7309427066601856e-06 2.2271975303738695e-07 3.7547221813264715e-08 1.3421090630387242e-07 1.438639701607227e-07 4.8118748745069e-07 5.001396166403661e-07 0.0 5.022058383487129e-07 1.510885641019031e-07 1.6867483688307344e-07 2.497432004769259e-07 2.3045626705967805e-07 2.717516899236313e-07 2.0238157045562463e-07 4.3580452889487425e-07 0.0005625549080935546 6.660984525805429e-06 2.5083927711798953e-05 3.403796610198762e-07 1.5149535193795214e-07 1.742646910372741e-07 7.471230480484564e-06 1.1723437755887322e-06 1.5579567182938568e-06 6.920547557661971e-07 5.588517548940563e-07 1.1089540752328554e-07 2.726568598989682e-07 1.1473382643096262e-06 3.1404946346587404e-07 3.311063507552601e-07 7.299538580351914e-05 1.325328047957031e-06 9.563159797627448e-08 6.273285534170077e-07 7.991808125358822e-07 5.263993496069222e-08 7.282573241728512e-08 0.0 2.6806083924548492e-06 1.4351416033719199e-05 0.00020136218188780225 0.00038605290669335837 5.7265480243003406e-05 5.170963710294125e-05 1.306168405837258e-06 2.709217807780229e-06 1.8272837974813464e-07 6.615835795962101e-05 1.049393420159042e-05 2.1159417850787027e-06 1.2322119055031811e-06 2.761311941162202e-07 1.843886097739994e-07 5.452780894274299e-07 7.528218896298229e-06 1.9084679764352764e-07 0.0 0.0002005928412740511 0.00013076694845652384 4.077150750015017e-05 1.946991039344885e-05 1.6083039674962643e-06 9.491128020193939e-07 2.9770668841679152e-05 2.040750134099729e-06 4.272915919232092e-06 9.622187402571235e-06 3.426870572976218e-07 2.3694968389174274e-06 4.474991420274652e-06 8.5383726457157e-07 8.047343034585526e-08 7.662547891496944e-07 4.4896658629862605e-08 3.617261537725267e-07 0.0 3.269952635750392e-07 1.836305183437818e-07 2.4588969062829264e-07 1.3136116505305055e-05 2.6817009816434836e-07 2.041518362330381e-07 3.366817642161039e-07 0.0003933561291672055 5.98944462875792e-08 1.079535268205587e-07 2.9839001556393623e-07 1.2235619868125938e-06 1.062084095022982e-06 3.7426773339105693e-06 5.439537562583002e-07 2.0413966441078745e-06 2.1479260687244617e-06 4.190799021390699e-06 9.694447253017749e-07 5.176507038766222e-06 2.859069902087392e-06 4.021537369361062e-06 3.238970736094787e-06 0.0 0.0 0.0 0.0 0.0 0.0 0.0 0.0 0.0 3.8702074208250126e-08 0.0 0.0 2.504415703960704e-07 0.0 5.030386382979421e-08 0.0 1.200587120170312e-07 1.1688615331347953e-07 0.0 3.4568632101851827e-07 2.4664818846325984e-07 0.0 0.0 0.0 1.3639263323883682e-06 5.064647635845688e-08 1.6037666350198106e-06 4.91246954391552e-07 1.9755907176122067e-07 0.0 0.0 0.0 0.0 0.0 0.0 0.0 0.0 0.0 0.0 0.0 0.0 2.648098470902087e-07 0.0 4.547286061632682e-08 0.0 0.0 0.0 0.0 0.0 0.0 0.0 4.4453583513334947e-07 0.0 0.0 0.0 0.0 0.0 5.681412480625541e-08 3.80482888888491e-08 0.0 0.0 3.745092064347635e-06 0.0 0.0 4.4943135343522326e-08 9.343221875107544e-08 9.144503010801796e-07 2.5453806364835673e-07 5.786164903805671e-07 8.82464708278137e-08 0.0 0.0 0.0 0.0 9.282053962868263e-08 7.581813389404892e-08 9.64938955817145e-08 0.0 8.323696598723508e-08 2.0738154810289282e-07 0.0 0.0 5.33492993608526e-06 1.8066421871173937e-06 9.992083667590831e-07 9.351016006330413e-05 7.255182487674996e-06 0.0002031902216347609 3.8130363044236874e-05 0.00022253510029783755 7.627324039000559e-06 1.40315481067651e-06 1.7213015285707795e-05 1.4247541171640928e-05 0.0 1.25371879155328e-06 5.306660664879364e-08 3.31800340830431e-06 0.0 0.0 0.0 3.2288002004014515e-05 1.2033598665422874e-07 0.00017638102516283317 1.1400812106212233e-05
0.00022454514451774972 0.00030133105719408975 0.0 2.740861387667174e-07 0.0009512413323581505 3.9500782128885605e-07 1.1099605379277264e-05 0.0009098273424941452 0.00011124666344151334 3.8115710437452587e-07 0.00028363124578554774 1.0901644846247165e-07 2.9552780118504726e-06 0.00010298081294251567 7.197148992054158e-06 1.1530625251756057e-06 4.483486278897334e-07 2.484817168029663e-07 2.469321254734017e-07 1.3170021171315406e-06 8.945018006919323e-07 0.0 3.217603376790075e-06 7.834691549483661e-07 2.7446220606800145e-06 7.419664823180469e-07 3.2435923642449196e-06 4.930163673852283e-07 8.089980289341147e-07 2.721388334199353e-06 0.0021080759953878113 0.000486217075115089 2.9192226655630744e-05 8.21376644578596e-08 1.8001801783769816e-06 1.0959618630350485e-05 9.40161951271521e-06 8.4794807000098e-06 3.1018754037268666e-06 4.620277423972547e-06 2.1780723002792852e-06 1.6791876415185795e-07 2.46987396519348e-07 3.3759877322816283e-07 3.352993418172722e-08 6.715921900127503e-07 5.774798149043736e-05 6.207965464552562e-07 8.77032709057293e-08 2.775336302833767e-07 4.770655172842648e-07 4.205677619196442e-07 1.0049965797429556e-06 7.048533740634623e-08 1.521045529907283e-06 4.88231808572912e-06 7.754514016772975e-05 0.0002646573533883474 2.109723620853647e-05 2.6616878325862515e-05 5.037394003420922e-06 5.865045047649004e-06 6.685445108276675e-07 0.0003775851417528529 4.294564337401834e-06 1.1278912274081529e-06 3.4078401708980055e-07 1.3579763536582205e-07 1.123176376004597e-07 8.177189785138478e-07 3.3339623431948418e-06 1.0836177105133335e-06 8.217615298635903e-08 8.63820346174086e-05 7.443960264414181e-05 2.703424824870447e-05 1.807642757609632e-05 1.0769892383874839e-05 6.740934846281697e-05 0.000499605154616938 2.1309755628750643e-06 9.987304092899715e-05 4.5655080247283366e-06 9.295323744180154e-08 1.0674693576976215e-06 1.2868909296584048e-06 2.5578833454865096e-07 0.0 2.687769737158483e-07 4.3843567319229065e-08 2.705766372138787e-07 3.980920735702169e-08 5.086183789700133e-07 2.4358997939773835e-07 9.395534494347854e-08 2.5834960321238984e-06 0.0 1.3111024959472933e-07 3.4030556543917574e-07 0.00013221275878352022 4.554829200280262e-08 0.0 6.590885815894601e-07 0.0 1.951685923616727e-07 7.442005225384886e-07 0.0 5.611605869131716e-07 1.0489006647268245e-06 4.622614647693967e-07 7.387823943781149e-07 7.490984526193685e-07 4.496994739719952e-07 4.2679698734938083e-07 5.525333136282218e-07 0.0 0.0 0.0 0.0 0.0 0.0 0.0 0.0 0.0 0.0 0.0 0.0 3.00082987821636e-07 0.0 0.0 2.6506561891872837e-07 1.4132554610757268e-07 1.50328077548612e-07 3.2305286767776904e-08 5.379195384846444e-07 0.0 0.0 0.0 0.0 1.220983172123469e-06 2.1075148959848003e-07 1.427193475062747e-06 1.1999835025191819e-06 5.054159994851624e-07 1.1924452340662227e-07 0.0 0.0 0.0 0.0 0.0 0.0 6.143352106145114e-08 6.848595595456333e-08 0.0 0.0 0.0 1.0971903233250349e-07 1.6450650659451484e-07 0.0 0.0 0.0 0.0 8.446819582565444e-08 0.0 1.928515922733278e-07 1.302791185699229e-07 9.99118894421627e-07 0.0 0.0 0.0 0.0 0.0 0.0 0.0 8.82946497777607e-08 0.0 1.6189079168660022e-06 0.0 0.0 0.0 5.9277550527171e-08 7.960676222376373e-08 0.0 3.2776155971753776e-07 5.7114091485701375e-08 0.0 6.274838699862724e-08 5.6598004090313984e-08 0.0 3.597376586381349e-08 0.0 0.0 0.0 1.3041984787362623e-07 1.0316269438475921e-07 0.0 0.0 7.249114238500339e-07 8.697919222186714e-07 1.6144017543013684e-06 6.508766939994683e-05 5.100787114911749e-06 9.734843556673473e-05 2.6082500274983215e-05 5.8011457590425455e-06 2.7004939800553837e-06 4.222685924462318e-07 1.0630935104815415e-05 3.830434819876134e-06 0.0 4.0703628926087446e-07 1.966881597075636e-07 1.7250980934522641e-06 1.19276156353362e-07 0.0 0.0 1.2940028562107234e-06 0.0 8.385734800084577e-06 2.7579721335794422e-06
0.0003129172590015658 0.0002283383908646085 2.740861387667174e-07 0.0 7.93997110760599e-05 7.351718392516189e-05 0.0007206058788760272 7.79723122500071e-08 9.562025322100112e-06 0.00038667039594794206 4.280986551257542e-07 0.00021442680632118125 0.000305997904618268 4.941959971118822e-05 5.126411164226189e-08 0.0 0.0 0.0 0.0 0.0 3.5548160155383165e-08 0.0 0.0 0.0 0.0 0.0 0.0 0.0 0.0 1.9929703835460001e-07 8.614055906531865e-06 9.209648293065117e-08 3.815278680938276e-06 0.0 0.0 0.0 4.87091544442844e-06 0.0 0.0 7.315236191325433e-08 0.0 0.0 0.0 7.538710501404195e-08 3.4260276828631645e-08 0.0 1.6678157970368366e-06 8.962003227062944e-08 0.0 0.0 0.0 1.2758216335256234e-07 0.0 0.0 2.1074191243737255e-07 7.639627296544667e-07 2.0837833136923136e-05 1.9841882187511798e-05 4.042315475090712e-06 1.3870877388107183e-06 7.132348724104949e-08 1.4882158510962436e-07 0.0 2.686501824294632e-06 5.208096087130616e-07 7.330747528014449e-08 7.690432720465647e-08 0.0 0.0 2.8582629254956953e-08 1.4816089543989363e-05 3.972028466533359e-08 5.090373056495666e-08 8.450662572527195e-06 3.455389789765491e-06 9.83619220216454e-07 2.7800204840034736e-07 1.0932926685932723e-07 7.372603552918617e-08 1.9745979574197706e-07 1.7418149465513163e-07 3.082996557308392e-07 2.5365298072744704e-07 0.0 4.463367478263069e-08 2.9528344766439824e-07 9.219641519362984e-08 4.493645631464564e-08 0.0 0.0 0.0 0.0 0.0 0.0 0.0 5.63605754634216e-05 8.594059556981128e-07 0.0 1.816508508535412e-07 0.0001617142808964475 2.3065196760254507e-07 6.313268639454503e-06 2.8690146729468306e-06 2.2053830745443198e-05 2.1207771488152622e-07 1.04768492757045e-05 1.4160074894665573e-05 4.780344694869842e-07 7.655573746148302e-06 1.0682647301012425e-05 0.0 2.307774220837989e-06 1.5602834181309712e-05 6.8458938066874025e-06 2.139894654757349e-06 0.0 0.0 0.0 0.0 0.0 0.0 0.0 0.0 0.0 9.641018619685533e-08 0.0 0.0 0.0 0.0 0.0 0.0 0.0 0.0 0.0 1.7188082737405984e-07 0.0 0.0 0.0 0.0 5.034239433124322e-07 0.0 4.112071212704737e-08 0.0 0.0 0.0 0.0 0.0 0.0 0.0 0.0 0.0 0.0 7.077420790365337e-08 0.0 0.0 0.0 0.0 0.0 0.0 0.0 0.0 0.0 5.407045969218206e-08 1.1812223335940234e-07 0.0 0.0 0.0 0.0 0.0 0.0 0.0 0.0 0.0 0.0 0.0 0.0 7.883113409548202e-07 0.0 0.0 0.0 0.0 7.700932953344571e-08 0.0 5.615005944540127e-08 1.8849566621858895e-07 0.0 9.588008783116596e-08 0.0 0.0 0.0 0.0 0.0 0.0 0.0 0.0 0.0 0.0 1.3619670684152696e-06 1.9202738345401058e-07 0.0 1.1589714523623822e-05 3.114135056040054e-07 7.497588100365605e-06 8.428809689462979e-07 0.00030618052594700765 2.2752546255197114e-07 5.08924045309513e-08 2.5001191396488996e-07 3.5401726994331034e-06 0.0 3.5885053369991777e-07 0.0 2.716413656913341e-06 2.4097786949982395e-07 0.0 0.0 2.284292287653286e-06 0.0 0.00022310174439743916 3.7961043016495495e-06
0.00014658676077785468 0.0009381849969660384 0.0009512413323581505 7.93997110760599e-05 0.0 2.380873463651758e-06 0.00047770236194147244 0.0004988884952248729 0.0009175549068009568 0.00024965105578506465 0.0005771795705971847 5.368369002162399e-06 0.00015066864998206184 0.00042741161574104793 8.627082124813652e-06 7.737627837799947e-07 2.0638554999720579e-07 3.442663428233993e-07 7.572081994363744e-08 2.4000623569199436e-07 1.2724916462805835e-07 2.43428903207063e-07 2.6347764565863144e-07 1.1521641275023667e-07 9.152796266019182e-07 2.5030384582256506e-07 1.0480750701339351e-06 2.820663090923289e-07 1.2237655489555353e-06 8.573345839754801e-07 0.00022134334919642128 4.941244832340095e-06 5.3872972384171035e-05 8.219866847572442e-08 1.1445302140234186e-07 1.3306314966919142e-06 2.092648537624394e-05 3.875298399824327e-06 3.870027929835519e-06 1.7749506148269438e-06 5.280044051912485e-07 0.0 1.235194116880527e-07 6.404971132967534e-07 1.525696262633622e-07 3.406639411422247e-07 0.00011574619426013117 8.358056488021218e-07 5.041525204305061e-08 3.412692676920151e-07 3.8397911566323817e-07 1.1824685637651268e-07 5.389884162879696e-07 3.988180257133511e-07 8.333876671270598e-07 5.989820523170627e-06 4.1313722806793045e-05 8.545136690135478e-05 1.4188700029859917e-05 4.114393921780458e-05 1.3183190384107703e-06 5.097483234175086e-06 4.992207654821879e-07 3.569686697112526e-05 3.804682776383868e-06 5.888233223485845e-07 3.358116949526243e-07 0.0 4.6829562924406875e-08 4.1985361883255396e-07 2.2643491381498686e-05 1.3011777854927901e-06 4.915575042504199e-08 9.794619719191796e-05 7.328369308713591e-05 3.886682572360966e-05 1.999631932021688e-05 1.917903189024813e-06 1.0600275037747261e-06 6.830191747247468e-05 9.841986134795585e-07 5.8088832257841696e-06 4.209040152133315e-06 1.6564102875846058e-07 1.0245160466318932e-06 1.5264068713318655e-06 3.965395707836757e-07 5.502201310795741e-08 4.125116205553484e-07 0.0 8.685943473571807e-08 8.890926034424902e-08 2.0379928011275601e-07 7.68049012820216e-08 0.0 3.820395999629026e-05 6.551420583521512e-07 1.304245981455355e-07 2.0637678331376697e-06 4.5254864429076765e-05 4.7065392271992277e-07 1.296241573416972e-07 1.0689273380680147e-06 5.451701296712909e-06 1.3868104241992835e-06 8.798890139113805e-06 6.552034254693412e-07 3.3616547828200274e-06 2.789941190371837e-06 9.321384155604147e-06 4.029148164405893e-06 7.645012059541336e-06 4.770102922086919e-06 9.776247668157166e-06 7.585389524680735e-06 1.4037094798736182e-07 0.0 0.0 0.0 0.0 0.0 0.0 0.0 0.0 0.0 0.0 0.0 3.7924644574324275e-07 0.0 0.0 0.0 1.0499500684140332e-07 7.69857513955957e-08 1.1285007779023899e-07 0.0 6.448383521503361e-08 0.0 1.4124820928243484e-07 1.0456616655090855e-07 4.4439252749131675e-06 3.0342597668747685e-07 3.875980500228742e-06 1.4446765510181958e-06 1.9128487531410979e-07 2.747360932216754e-07 0.0 0.0 0.0 0.0 0.0 0.0 0.0 1.1228205053537753e-07 0.0 0.0 0.0 1.2072956300472914e-07 1.3724499591374224e-07 4.808418102304729e-08 0.0 0.0 0.0 0.0 0.0 0.0 5.669492829190824e-08 1.7439241072532898e-06 0.0 0.0 4.1795264062915896e-08 0.0 0.0 0.0 0.0 0.0 0.0 1.185014996989912e-05 0.0 0.0 0.0 0.0 2.519138815306672e-06 1.0691547115318594e-06 5.323671102104585e-07 0.0 3.072959559220285e-07 1.3554511144411276e-07 0.0 0.0 0.0 4.308973647650936e-08 0.0 0.0 0.0 0.0 0.0 0.0 1.078558480052929e-05 3.5244660053134307e-06 2.612060543055633e-06 0.00021645055671449552 4.318730796094703e-06 0.0002026480533944517 8.020731789825645e-05 5.781522226554457e-05 6.249880241592537e-06 6.597279428714368e-07 4.126007932858931e-05 3.508804321519133e-05 1.0010572452060532e-07 7.702819337620033e-07 0.0 1.1785054998545084e-05 1.3004172489717018e-07 0.0 0.0 7.691219719932066e-06 6.398650306572184e-07 9.562567097606859e-05 2.219842690039695e-05
4.3430158816690324e-06 1.1893539003486591e-05 3.9500782128885605e-07 7.351718392516189e-05 2.380873463651758e-06 0.0 1.3860752073603326e-05 8.244394107072115e-07 5.175983839287718e-06 2.316825255353419e-05 2.504172860466883e-06 1.2340408211489798e-05 2.5095293939900306e-05 2.2641321579878173e-05 1.588649857381308e-07 4.7761372397961655e-08 0.0 1.361962784509466e-07 0.0 0.0 0.0 1.3689388752710093e-06 0.0 0.0 0.0 0.0 0.0 0.0 0.0 0.0 2.098191324778692e-06 0.0 1.2533418371570386e-05 0.0 0.0 0.0 1.3083807973430545e-05 4.299708019102325e-07 2.9058772393356564e-06 0.0 0.0 1.714914649744467e-07 0.0 0.0 0.0 0.0 3.8743916908408404e-07 0.0 0.0 0.0 0.0 1.2355233720176735e-05 7.640540841122794e-07 0.0 0.0 6.644248624982127e-08 5.759108229446663e-05 6.600943533962566e-07 3.5116166830268726e-06 5.0773257984401184e-08 0.0 1.7975767095767756e-07 0.0 4.9934232047655745e-08 0.0 6.268005770171008e-08 0.0 0.0 0.0 0.0 9.236834529591417e-05 7.724306720239573e-05 3.932717284878673e-06 3.310325916243933e-07 0.0 4.3371542193546346e-07 8.312818609298639e-08 0.0 0.0 1.5101599020718311e-06 0.0 9.754157038314429e-08 0.0 1.7345045579025455e-07 0.0 1.122435416866406e-06 6.65886254003554e-08 6.539858901385091e-07 8.375235583217524e-07 8.7265009586837e-06 9.0593910631904e-07 2.6041216794422763e-06 0.0 0.0 3.5052198456186024e-07 0.00010899229927931181 6.655065493131371e-05 1.231665816776188e-05 3.394825666067208e-05 0.0002563965427079872 0.0 0.0 0.0 5.851111447484058e-07 1.1503623553632996e-07 7.578617249232306e-07 0.0 0.0 0.0 6.37682190772854e-07 2.0488143935654573e-07 0.0 2.0470899049525442e-07 0.0 1.9812663931234898e-07 0.0 0.0 0.0 0.0 0.0 0.0 1.8940462708413112e-07 0.0 0.0 0.0 0.0 0.0 0.0 1.3114019029874118e-07 0.0 0.0 8.180343319436087e-08 2.552871808622183e-07 9.892896291219246e-08 0.0 0.0 0.0 0.0 0.0 2.1770570778964676e-07 0.0 5.329527594417577e-07 5.071867316286821e-08 6.526231350646095e-08 0.0 0.0 0.0 0.0 0.0 0.0 0.0 0.0 0.0 0.0 0.0 6.148197649987534e-08 2.9061816098436186e-07 7.688693508008523e-08 0.0 0.0 0.0 0.0 0.0 0.0 0.0 0.0 6.675142048325031e-08 0.0 0.0 0.0 0.0 0.0 0.0 0.0 0.0 0.0 0.0 6.616954881741053e-08 0.0 0.0 0.0 0.0 0.0 2.2999166981359098e-07 0.0 0.0 0.0 0.0 5.434983630804354e-08 0.0 5.168817834254207e-08 0.0 0.0 0.0 0.0 0.0 0.0 4.958423427858426e-07 3.0037558258541905e-07 2.542335598929357e-07 1.1858120609700233e-05 6.860362012313332e-08 5.161952858548631e-07 2.5510528142490544e-07 6.484710327841972e-05 7.742162048954677e-07 0.0 5.996013062243743e-07 8.726519723257096e-07 0.0 1.0118220409146001e-07 0.0 9.460962394471473e-07 0.0 0.0 0.0 0.0 0.0 1.2155457024282005e-05 2.1948124683524571e-07
0.00013574049748966494 0.0003627791945423991 1.1099605379277264e-05 0.0007206058788760272 0.00047770236194147244 1.3860752073603326e-05 0.0 8.424341362514296e-06 0.0003697487429703023 0.0015671807296169973 5.724215089148388e-05 8.024250849551831e-05 0.0006559948184942328 0.00040908318439801636 2.5165896581707086e-06 2.478224250323268e-07 0.0 0.0 4.177573997900251e-08 2.619205791466233e-07 0.0 0.0 7.438908820935276e-08 0.0 0.0 0.0 0.0 3.8082986527143225e-08 9.638357001694266e-08 2.3940161535373607e-07 2.69489875602859e-05 7.251933288364276e-07 2.7041157988893863e-05 1.2211839793751978e-07 1.0422095902798404e-07 4.320925944713082e-08 1.3500941638534336e-05 4.4131003740759956e-07 6.599844975287775e-07 5.112684677248968e-07 0.0 5.0751038970631804e-08 0.0 7.51816857346423e-07 9.18082053845361e-08 1.5185255173217646e-07 5.230285597247647e-05 3.568982785431567e-07 3.547775086563279e-07 1.9440120025882474e-07 2.549564007079048e-07 0.0 3.1802600069329746e-07 5.052703333631075e-08 6.892334340330844e-07 3.0146412738055724e-06 3.0006796203868716e-05 5.0882087376749714e-05 9.252608829474304e-06 2.0965249117376162e-05 3.893955549120706e-07 3.471789227430356e-06 3.344225069140676e-08 1.4121986721481095e-05 3.0822261071763627e-06 6.344299967254985e-07 3.5731353758640444e-07 1.4816134395084028e-07 3.922508047794022e-08 2.014539149716006e-07 1.5631576670872282e-05 1.9743365259054348e-07 0.0 5.3833907024090876e-05 3.7115024319731395e-05 1.8779282631356484e-05 8.22669461059394e-06 1.0682998124915738e-06 3.226756374592876e-07 2.6926378717750803e-05 8.683894327525317e-07 3.7576606642189966e-06 2.305049643422401e-06 4.893095529952703e-08 4.923059918700381e-07 6.668229003598664e-07 1.411064839539763e-07 0.0 7.386474280270084e-08 0.0 1.3587529864723425e-07 4.483888586287578e-08 7.523846747365368e-08 4.9364502556506985e-08 1.018169716672914e-07 6.367317869828418e-05 1.742029401674022e-06 0.0 9.643395487857153e-07 5.992967308817564e-05 9.562040518972796e-07 4.110905790455075e-06 1.1190969910597944e-05 4.010914334957787e-05 1.3580262614939465e-06 2.0513990444932817e-05 6.196590811880619e-06 2.902191777850985e-06 1.5752354516093735e-05 1.6908177705427987e-05 3.2666665602054286e-06 1.3958536677357923e-05 2.1246756230188967e-05 1.1227458551305272e-05 7.558001265685884e-06 0.0 0.0 0.0 0.0 5.461946920347395e-08 0.0 0.0 0.0 0.0 0.0 0.0 0.0 1.237824788149464e-07 0.0 0.0 0.0 0.0 0.0 0.0 4.271920260907425e-07 3.342550415077387e-07 0.0 0.0 0.0 3.710783825096177e-06 0.0 3.5287230417665574e-06 3.9717801932055885e-07 8.185514320196839e-08 0.0 0.0 0.0 0.0 0.0 0.0 0.0 3.596268700384434e-07 4.173741101433507e-07 0.0 0.0 0.0 0.0 0.0 1.0513399060339522e-07 0.0 4.098896703325952e-08 4.00611816329631e-08 5.730352440122104e-07 1.8967489623617767e-07 1.1525357546652022e-07 0.0 1.1364829469398845e-06 0.0 0.0 3.286321386525476e-08 0.0 0.0 0.0 0.0 0.0 0.0 1.0018530070253729e-05 4.424604459998311e-08 0.0 0.0 0.0 1.7442923432682962e-06 3.503443723615371e-07 5.242792759380663e-07 9.923444270524986e-07 2.788827874540973e-07 1.294426376596422e-07 0.0 1.2804611767966028e-07 4.4591055582905753e-08 0.0 0.0 0.0 0.0 0.0 0.0 0.0 1.1618197890184282e-05 4.502085259015537e-06 1.3443736335831843e-06 0.00011997675688493609 3.2991388193639364e-06 9.854524173696015e-05 3.3732394811231385e-05 0.00014590076714918643 4.208620382663584e-06 1.0969219262997855e-06 2.049277778592787e-05 2.32756779174084e-05 1.13108024883525e-07 1.5177072613326731e-06 2.8339736459575975e-07 1.2399021246945942e-05 1.3831913032932049e-07 7.445108492078629e-08 7.511932758947653e-08 4.541781489183356e-06 0.0 0.000173320679467646 2.772595076148191e-05
4.765501786063489e-05 0.00012112616423244327 0.0009098273424941452 7.79723122500071e-08 0.0004988884952248729 8.244394107072115e-07 8.424341362514296e-06 0.0 0.0006158942730735181 8.71117930974597e-07 0.0008146406342449302 6.587311785928614e-07 1.2990210228023669e-05 0.00023858186012086738 1.1653108457917703e-05 2.469723115745274e-06 7.769850271297788e-07 0.0 0.0 2.73451970804451e-07 1.5884753065413529e-06 2.253807747462722e-07 2.079935490178988e-06 7.982842869894405e-07 4.244445471012771e-06 6.133743232142414e-07 3.359543213670235e-06 2.3318336818213716e-06 2.587673343291186e-06 4.029352362805451e-06 0.0006136592167745783 0.0003027921261506382 7.754451578346214e-05 3.5788502261282403e-07 1.8068914098333088e-06 3.791698529052916e-05 3.3249173411249945e-05 4.73414260289042e-05 1.6060648828601478e-05 1.1176342620830849e-05 2.475231202596329e-06 5.987075222443994e-07 1.2179635881650923e-07 7.418203731481908e-07 3.6360893037303774e-08 2.465843562680801e-07 7.83306189275412e-05 2.758517375518834e-07 1.438858294063531e-07 7.439500273093409e-07 2.859310883447975e-07 4.86444619368864e-07 2.548904582060949e-06 1.6029464536049382e-06 3.9218695925947663e-07 1.7638397654741086e-06 2.0778219976021268e-05 6.826464845469964e-05 7.148888504655884e-06 2.728638737173964e-05 4.837515719663539e-06 9.876738927544126e-06 1.3646267776366845e-06 0.0001320585685417005 1.6328041178004235e-06 5.735514946357349e-07 4.425088981070688e-07 1.3477405836733192e-07 3.126468374210886e-07 1.6643366459239456e-06 1.1373235382011535e-05 3.2574399132009147e-06 0.0 5.023177279721574e-05 4.02826121835239e-05 3.25655343018233e-05 1.934986411341973e-05 1.3707606008839264e-05 0.00011728438440079238 0.0007546184290046011 5.503204860701161e-06 0.00012530624958850657 1.8876238499209346e-06 9.687713192940529e-08 5.146547786708083e-07 4.2960957471156335e-07 2.813004026986476e-07 0.0 4.5955059851732834e-08 0.0 8.741565293453567e-08 1.5571242081578505e-07 1.2206382710696998e-06 5.602820464424931e-08 4.683733558180238e-07 2.856796687114037e-06 1.9732957300040697e-07 1.4227322468724361e-06 5.343095520249912e-06 2.5236340915539146e-05 1.1149477458047723e-07 5.140294283591338e-07 2.963611364559423e-07 0.0 4.0049323941596767e-07 2.019362607792114e-06 0.0 2.4409570014082435e-07 6.23154796625686e-07 2.0974958263422866e-06 4.18888191025122e-07 2.4751214300085112e-06 1.6223623072698453e-06 2.2544187070488367e-06 3.7577469819228637e-06 5.935479407908765e-08 0.0 0.0 1.7052342218563415e-07 0.0 0.0 0.0 0.0 0.0 1.6524771557169146e-07 0.0 8.538879585673034e-08 5.394170933503269e-07 6.09574079037298e-08 0.0 6.321213379280798e-07 2.617865755084073e-07 1.0160491166765952e-07 6.598741286585817e-08 3.015745698699742e-07 4.159958483964228e-07 0.0 9.87198976491991e-08 1.0859542646662705e-07 3.693556890730946e-06 4.4393246399001827e-07 3.6331880734961703e-06 2.42760172186436e-06 7.202474729757729e-07 1.8687268551985597e-07 0.0 0.0 0.0 7.19258990026767e-08 3.636858441374937e-07 0.0 0.0 8.074542838368086e-08 0.0 0.0 0.0 1.8180493821499792e-07 3.020676687475172e-07 0.0 2.8534512931315635e-07 0.0 0.0 1.153552166281591e-07 0.0 3.341578441488537e-07 1.8433108351481148e-07 1.4110233729305578e-06 0.0 0.0 0.0 4.8839484250187725e-08 0.0 6.433321894988093e-08 0.0 0.0 0.0 3.483025272764375e-06 6.517478991309113e-07 1.555607985323178e-07 0.0 5.147081842523302e-08 7.247794455731927e-07 4.578238113857494e-07 5.3029457257256e-07 1.481825136408709e-07 0.0 7.78062292860641e-08 0.0 1.4209914087963182e-07 3.8963732243266127e-08 0.0 0.0 0.0 0.0 0.0 0.0 0.0 3.944994465895077e-06 1.7913517880399613e-06 4.3321540151866864e-06 0.00013164644570724953 3.484687981192975e-06 0.00010675376220364022 4.715765611706246e-05 9.4220384332635e-06 2.420632849783902e-06 7.223474662525746e-08 2.380482916015998e-05 1.0877894672602975e-05 4.955317762710423e-08 8.226336278196316e-07 1.7269043893425605e-07 5.149378895467049e-06 6.370369133037028e-08 0.0 1.9419340750906375e-07 2.9843766685394603e-06 6.977906924407617e-08 8.79292957387305e-06 4.8845564564919764e-06
1.1253439543912581e-05 0.0002124442974088284 0.00011124666344151334 9.562025322100112e-06 0.0009175549068009568 5.175983839287718e-06 0.0003697487429703023 0.0006158942730735181 0.0 0.00014646941992425009 0.0004216291017743103 2.8640077317873607e-05 0.0005332377687141882 0.0004457327127775118 6.164802282076714e-06 1.1908158474959038e-06 2.029512033423657e-07 7.208202505025435e-08 1.0344142475044507e-07 1.1915615702307502e-07 5.766149869630012e-08 6.075737481973707e-07 1.4519282708108191e-07 1.1180236634575798e-07 1.7647670945018586e-06 1.072381278761684e-07 9.035193424592149e-07 3.8830632689058693e-07 1.32141849422719e-06 5.052780150791122e-07 1.9938577559913718e-05 2.258680173979971e-06 8.44628562135592e-05 0.0 0.0 2.674094150710554e-06 3.4428836852841774e-05 4.649144793053586e-06 3.1119210295879367e-06 2.7191631149606895e-06 3.377424872749452e-07 0.0 8.57347862084758e-08 2.5826502172291227e-07 1.2447595855234978e-07 1.3245425675116396e-07 5.201412028495464e-05 2.918226447265961e-07 0.0 5.0643155165544144e-08 1.401785819621534e-07 3.072883008555155e-07 2.192268627790103e-06 1.0480014575752729e-07 2.254249929155038e-07 1.3660122680582572e-06 6.017282641231937e-06 8.73680236303566e-06 1.8545466706173863e-06 1.3396753378432762e-05 5.119287355331726e-07 3.879145107390184e-06 2.9409033992396643e-07 6.4546012410150236e-06 6.88271137540936e-07 1.402344426281052e-07 2.622127108754867e-07 9.55107791741153e-08 0.0 3.237209304623898e-07 4.197894517198863e-05 8.167127303473861e-07 6.032522199741433e-08 2.1160258798818365e-05 1.007776696031882e-05 1.5184343663994454e-05 6.297461913136257e-06 1.6779805827692024e-06 3.4966659916834995e-07 7.813647346246784e-05 2.0137263402167968e-07 3.834917487582579e-06 6.154698593635433e-07 0.0 2.5030238343170376e-07 3.137439703480708e-07 1.290866470861073e-07 0.0 9.290766014848931e-08 6.249910099016888e-08 9.940590220415893e-08 2.721781484157985e-07 3.7828285675074347e-07 6.099906105937779e-08 2.3310945381798078e-07 6.507457338331489e-05 5.167208504757637e-07 1.7326072473354563e-07 2.442601181777685e-06 7.192954871719934e-06 3.861297762862817e-07 8.610719686636933e-07 4.99664139739261e-07 3.4500476426373608e-06 1.506735072616742e-06 1.2046949770990111e-05 9.878452799665755e-07 4.117172388465843e-06 4.116942170168752e-06 1.2087280951949014e-05 3.5287654677574666e-06 1.271096300543833e-05 7.681876584667807e-06 1.3348924356299923e-05 1.347088361346611e-05 9.168616070575521e-08 0.0 0.0 9.294312062848554e-08 0.0 0.0 0.0 0.0 0.0 1.3445959769554555e-07 0.0 0.0 1.9571633602210513e-07 0.0 0.0 0.0 0.0 1.210217247142708e-07 0.0 7.930379747649283e-07 1.9413478528952647e-07 0.0 0.0 0.0 5.945732460089083e-06 7.006469183457295e-08 4.228882910669377e-06 7.516291250015975e-07 3.2852908839903105e-07 0.0 0.0 0.0 0.0 1.3928748624966146e-07 0.0 0.0 0.0 1.465822849457428e-07 1.1587349594424514e-07 0.0 0.0 8.128452561650612e-07 0.0 0.0 0.0 0.0 0.0 4.4568809919644604e-08 0.0 5.378293499420965e-08 2.1632004081519116e-07 1.7887553746927038e-06 0.0 0.0 0.0 0.0 0.0 0.0 0.0 0.0 0.0 1.4281780688515466e-05 0.0 0.0 0.0 0.0 2.4713280880499383e-06 5.168035405175626e-07 1.0381414920610427e-06 2.4391719185134017e-07 5.641617460791705e-08 2.991981480773388e-07 8.971823897901546e-08 1.2618403774070084e-07 0.0 0.0 0.0 0.0 0.0 0.0 0.0 0.0 1.5343839706366684e-05 5.780041610105748e-06 4.277851888131297e-06 0.00013684970129395404 1.603656529313346e-06 6.831061974076066e-05 3.6263426954937274e-05 2.098441745056144e-05 2.2333825909333573e-06 5.2521684503303136e-08 1.9952201036611665e-05 2.7941822674436937e-05 0.0 1.1153417052417169e-06 8.164134398987937e-07 1.0178397713139304e-05 0.0 0.0 0.0 3.88070211060965e-06 7.109495452431273e-08 7.376791877654616e-05 3.122515202258497e-05
0.00012691391301881207 0.0003341486629192456 3.8115710437452587e-07 0.00038667039594794206 0.00024965105578506465 2.316825255353419e-05 0.0015671807296169973 8.71117930974597e-07 0.00014646941992425009 0.0 1.008440087493713e-05 0.0010084371041097578 0.0027791642285873363 0.0006216245651825223 1.2866695756485157e-07 0.0 0.0 0.0 4.306848017563045e-08 0.0 0.0 2.1103433397945903e-07 3.6748366654187166e-08 1.7308214648914553e-07 8.498778096683757e-08 6.773941041665827e-08 2.3056901772820157e-07 0.0 1.9866803706255192e-07 0.0 2.685533938071583e-06 1.2929505943655215e-07 7.325683988331224e-05 0.0 0.0 0.0 6.659471134812375e-05 1.5571150140831877e-07 7.963780321866734e-07 4.3243870474576665e-07 6.922973660769652e-08 0.0 0.0 0.0 0.0 0.0 3.1742063150432027e-06 1.1983534930169928e-07 5.888755520212816e-08 0.0 7.389036295785829e-08 6.580979833370449e-07 4.931154202149785e-07 7.849868968040703e-08 2.5201111220141687e-07 3.50801031390261e-07 1.7612067770318613e-05 6.687232323130855e-06 1.6867005096746886e-06 1.692004164943133e-06 1.1768286985084193e-07 7.745899506928991e-07 6.859533879356351e-08 1.655918114776902e-06 1.83026141182136e-07 2.0003704144227372e-07 1.0549407187391796e-07 0.0 3.926565099798478e-08 1.7405138184271518e-07 0.000169192585334621 2.4164718481055823e-06 3.124823134524146e-07 5.067281674944149e-06 2.434538914361467e-06 8.532171342290976e-07 5.204320753566113e-07 2.8226255928096385e-07 4.708280971358068e-08 2.322709608710709e-06 0.0 1.454526429699788e-07 2.2307957780655132e-07 5.350983100247527e-08 4.488317398702328e-08 2.606770905419864e-07 0.0 0.0 5.306903508373187e-07 3.1379961781808835e-07 1.6789815743234115e-07 2.2035889787913594e-07 0.0 0.0 1.8654604936151377e-07 0.00016873275285110437 1.1467093522933754e-05 1.7666527525786676e-06 4.072779541809218e-06 0.00013845814010787872 8.651347536400678e-07 1.0709332663005714e-05 1.4865142663890385e-05 3.322068664021691e-05 1.6732592188960937e-06 7.234988931551987e-05 2.33077609607395e-05 4.076341066501193e-06 2.0991424901112433e-05 4.6117453869770075e-05 4.801915436433424e-06 3.707689069916988e-05 4.0764315788350653e-05 2.4401364842097745e-05 1.510259405277992e-05 4.843799966300236e-08 0.0 0.0 0.0 0.0 0.0 0.0 8.857852216288504e-07 0.0 0.0 0.0 0.0 0.0 0.0 1.5665881089252857e-07 0.0 0.0 2.1745117849368118e-07 0.0 4.0152317564943317e-07 3.1631330448049604e-07 0.0 0.0 0.0 9.662967221061839e-06 8.480740388174252e-08 2.9415670548645823e-06 1.5920030896455508e-06 1.805173880068936e-07 0.0 0.0 4.721320900803373e-08 0.0 0.0 4.141322027998214e-08 0.0 3.77326229937971e-07 3.697951301982998e-07 5.3260571643508686e-08 0.0 8.570958311786466e-07 1.6799413357826543e-06 0.0 1.5035288822545673e-07 0.0 4.1346010261719636e-08 3.9435723390846826e-07 4.862045474221877e-07 4.929534312792099e-07 0.0 0.0 1.3576018150384086e-06 1.5004066277979317e-07 4.4349671148759375e-08 4.247346364797145e-08 0.0 9.606440237867114e-08 0.0 0.0 0.0 0.0 1.565786428586961e-05 7.756328658950978e-06 1.3539576602659917e-06 1.0361939438707669e-06 1.1025984645883647e-06 2.7131258924568356e-06 0.0 5.551222051564251e-07 5.071491291957843e-07 2.4214310520304307e-07 3.118977168760406e-07 0.0 1.79530254188409e-07 4.3099296981684494e-08 5.367265873099768e-07 1.4410321597315395e-07 0.0 7.423552217857896e-07 2.419845906947649e-07 0.0 6.061712054322467e-08 5.669543725722693e-05 5.9782233115986514e-05 7.113927915826399e-06 5.777213909150539e-05 1.949640042132979e-07 8.171556092570307e-06 2.2171521243711064e-06 0.00015290604930764978 2.452946208016501e-07 0.0 1.5982169716303967e-06 3.305438045013725e-05 0.0 3.235967021908764e-06 2.005746416398984e-07 1.868650266891022e-05 1.9311704119854914e-07 0.0 0.0 2.8039303880390017e-06 9.229908902307502e-08 0.00035466530102116713 8.745632691456973e-05
3.8162524467054474e-05 0.00017897484903893598 0.00028363124578554774 4.280986551257542e-07 0.0005771795705971847 2.504172860466883e-06 5.724215089148388e-05 0.0008146406342449302 0.0004216291017743103 1.008440087493713e-05 0.0 1.93842026631369e-06 7.252851421984888e-05 0.00040136946282659633 1.013018147389094e-05 1.7351629302657188e-06 3.1114035164447393e-07 1.1449247930610469e-07 0.0 2.0276517323382733e-07 3.3659466701460254e-07 7.093846137998583e-07 4.2420391518215487e-07 3.512347385441916e-08 2.0031774886713086e-06 2.678204301827376e-07 1.7306811619796207e-06 4.008357520090362e-07 2.932693017279334e-06 1.4516065348277773e-06 0.0001623757981195087 2.4697610319759376e-05 0.0002596851335019399 1.780660778111773e-07 6.015946115920322e-07 1.3977897623076207e-05 9.176620127839966e-05 3.282237327259816e-05 1.8194953725809033e-05 9.98234737237438e-06 6.134722900772011e-07 4.11371908402879e-07 3.2735957545238164e-07 3.5531973254077597e-07 4.501032537466601e-08 1.356542444441275e-07 5.454557385706113e-05 3.60191532794968e-07 1.7971879268036088e-07 1.5477364916250343e-07 2.2981744542991e-07 2.4773720661999577e-07 4.357902800778582e-06 4.799494186864433e-07 2.7044319654617646e-07 1.3180153408024757e-06 1.5089826754297868e-05 4.355839869949351e-05 5.47131102876168e-06 1.6061144242653623e-05 1.3573345406230006e-06 1.555295422428325e-05 3.8292616426243644e-07 3.1395655977316866e-05 1.3137563222933986e-06 2.518501725893869e-07 1.1940808466240578e-07 0.0 0.0 7.314561459505499e-07 4.792822454285462e-05 2.9706364504115986e-06 1.3296133661833058e-07 3.508383645300444e-05 2.652108564836438e-05 2.093148522730612e-05 9.744783739156663e-06 2.7437343361282324e-06 5.311944293054739e-06 0.00032136413352538973 1.3004605077592296e-06 5.3608032241053135e-05 1.8436974659748208e-06 7.307818971526499e-08 4.808576833340131e-07 3.314951934897835e-07 1.7699444511663964e-07 0.0 1.5476802945092487e-07 1.4937321959585628e-07 0.0 1.3717216951508768e-07 2.888899680920919e-07 0.0 8.180868647542751e-08 1.5504006752961193e-05 5.5704736444242195e-08 1.034424547533023e-06 5.73503752737453e-06 1.6173157662980693e-05 2.521887177393671e-07 1.6638293062242345e-07 1.2073840797105006e-06 4.898348611148124e-07 1.3161904502292915e-06 4.875754415839951e-06 4.789928684909599e-07 2.2936884554061823e-06 1.3706899967197673e-06 5.190541733778227e-06 1.7977938396422189e-06 6.450346886167008e-06 3.778268736197548e-06 6.691393604628839e-06 8.771545588616655e-06 0.0 1.0223913626009594e-07 0.0 1.0367300550280384e-07 0.0 0.0 0.0 0.0 6.062332987480881e-08 0.0 0.0 0.0 5.123138073646096e-07 0.0 5.647817465053706e-08 0.0 6.409965081167288e-07 2.6253242149715323e-07 0.0 1.6433951421666495e-07 0.0 0.0 0.0 0.0 4.3217516592286844e-06 5.113702887706054e-07 4.104166383823566e-06 2.487911803619258e-06 6.054447136369046e-07 0.0 0.0 6.26435478979751e-08 5.7349746279115626e-08 0.0 1.3577176204049272e-07 0.0 0.0 1.2218176709777987e-07 0.0 0.0 9.837274804456128e-08 8.728062195841169e-07 1.5416187343570297e-07 0.0 0.0 0.0 2.007308609606973e-07 1.165609862083716e-07 0.0 1.0171075012425332e-07 1.411280800358754e-07 1.4845745644753792e-06 0.0 0.0 0.0 0.0 0.0 0.0 0.0 0.0 7.026590882223791e-08 1.1470501266733427e-05 2.8350413578456573e-07 0.0 0.0 3.919974014244643e-08 1.6754798444286125e-06 1.1695694302472502e-06 8.17127276516729e-07 1.962601921879245e-07 1.2660956350065584e-07 1.4916672934000585e-07 5.626733053396754e-08 0.0 0.0 0.0 0.0 0.0 4.179132326931932e-08 1.0302530292990103e-07 0.0 0.0 9.687413639328204e-06 4.039369200553028e-06 4.924396420693697e-06 9.971572098418786e-05 2.7682958735367004e-06 7.91635509749697e-05 3.250989400385018e-05 7.0863168604179125e-06 2.775524678097582e-06 3.5162981059741803e-07 1.3097038213559011e-05 2.057628967806584e-05 1.5210209424199318e-07 1.2341788778417762e-06 2.9735387666125954e-07 5.119029574797765e-06 1.7602190522608965e-07 6.04214493147986e-07 0.0 3.0680519553738903e-06 1.464171380451985e-07 2.0041070512595878e-05 1.3332655447845785e-05
