0.0 0.0006081095106275914 0.0003236251878710585 0.0003515004620854724 4.825266098168495e-05 1.4170960242740887e-05 0.00016892835776767577 3.661929353143279e-05 1.373937297382991e-05 0.000263310810477124 4.959436843788669e-05 2.2206357731382505e-05 9.765633514223391e-05 1.685324043847825e-05 2.437112837321175e-06 8.57594016926726e-07 1.420457749060885e-07 6.971440928323084e-08 6.90572215597244e-08 4.008955357484327e-08 1.297982931987055e-07 0.0 1.6862889048568797e-07 2.844836669468608e-07 0.0 2.071436501691221e-07 0.0 4.695590764274476e-08 0.0 0.0 0.0003460719848691955 1.01036837223205e-05 3.581175966520625e-06 5.502835556410703e-08 1.2552516562449023e-07 7.028695456185624e-07 7.70708100806779e-08 0.0 4.486208689856812e-08 5.467295127674254e-08 0.0 0.0 4.9051440688819576e-08 1.4932846462524734e-07 0.0 0.0 2.3037570438063616e-05 5.153716613278237e-06 6.612414223289961e-07 1.5776143028347832e-07 5.986131868018697e-07 0.0 6.676071978378686e-08 0.0 4.651976073671273e-06 5.4595251707841116e-06 0.0001003596337812216 0.00029814047640578224 4.669935673320676e-06 2.1553957697808107e-05 6.200349162428895e-08 1.8190062193056383e-07 3.882866215127559e-08 6.797449249029436e-06 3.649887080263108e-06 2.544436648160684e-06 1.4891618337649824e-06 1.824245452630744e-06 4.7608797410299495e-07 1.129702319016219e-07 2.165554074678777e-07 2.0902930895171763e-07 0.0 0.00013232980820688153 1.588614679885434e-05 2.906063530929516e-05 1.4626664091531412e-06 3.8521219909202984e-07 1.03866925852062e-06 5.7059076302308646e-06 3.408672586416333e-07 4.678166137777939e-06 2.0776456684265524e-05 0.0 2.46748882670493e-06 1.6876090094783937e-06 1.2294011283128051e-06 4.060811130380307e-08 4.5308437481979985e-07 0.0 4.622254085878497e-07 9.501963161059778e-08 7.39053725590793e-07 6.416323403686305e-07 2.915847353838604e-07 1.4458935559094964e-06 0.0 0.0 0.0 0.00032078734268661477 1.3202906291045116e-07 2.732717306963875e-06 1.2337535260824304e-06 6.637900468766635e-07 0.0 2.9070920414839924e-06 1.4740171137896847e-06 9.42257857762831e-07 5.5941904671133194e-06 4.455037742815318e-06 3.851308334769457e-07 4.9767925192498205e-06 3.8653661378852805e-06 4.3774405367287264e-07 7.023179733016342e-07 0.0 0.0 0.0 0.0 0.0 0.0 0.0 0.0 0.0 0.0 2.223435273761128e-07 0.0 1.7515656843933524e-07 0.0 0.0 0.0 0.0 0.0 2.4920907503478566e-07 2.1068997595613013e-07 2.713010064756109e-07 0.0 2.7461463121652895e-07 0.0 8.111866049306043e-08 9.069170881189462e-07 2.0039826749377162e-07 8.026658310236627e-08 3.694561873390809e-08 0.0 0.0 0.0 0.0 0.0 0.0 0.0 0.0 0.0 0.0 0.0 0.0 0.0 0.0 0.0 0.0 0.0 0.0 0.0 1.191193934016443e-07 6.051707127577831e-07 0.0 2.4292243289354553e-07 0.0 0.0 0.0 0.0 0.0 0.0 0.0 0.0 0.0 4.0262134059354725e-07 1.6435973091701295e-07 0.0 0.0 0.0 0.0 8.703682777577995e-07 0.0 0.0 0.0 7.32553636026405e-08 0.0 0.0 0.0 1.5197755594570303e-07 0.0 0.0 0.0 3.951937658957388e-08 0.0 0.0 1.0893647162280433e-06 0.0 6.883253471201634e-08 3.708493033016309e-05 1.9738417361284545e-06 8.772820274430885e-05 5.725493697759102e-06 0.0002488302433455995 3.984083851845294e-06 1.0907556292242862e-06 6.750470127576937e-07 4.295197417743478e-06 1.5717167519796665e-07 1.5888819139168838e-07 0.0 1.4677653111280246e-05 5.1704112987674205e-08 7.421297821261159e-08 0.0 9.389192443604213e-08 0.0 0.00010219533322000456 1.988547102110996e-06
0.0006081095106275914 0.0 0.0009421489355123051 0.00027464959377855906 0.0009745388192461734 6.616440880252457e-05 0.0016798641987541508 0.00012504321603050642 0.0004805924876754424 0.00036208976150269056 0.0002671536368384348 0.00011039131016173326 0.0009364404014279322 0.0007630031416535123 2.223243306344326e-05 4.943160091317308e-06 6.980958707602386e-07 2.63516756946792e-07 8.133767094269501e-08 5.397247437200555e-07 9.996348113017229e-08 0.0 7.152005509105449e-08 4.5624954533176456e-07 4.297835934231435e-08 5.519183348300269e-08 1.522079895600557e-07 1.560360789247112e-07 1.255531371315256e-07 0.0 0.0008310379471692911 2.01079677174093e-05 1.654878784033558e-05 9.272275453561407e-08 1.2269973848344224e-07 1.4501145833754993e-07 3.953932220922581e-06 2.32875880714372e-07 3.9085820185208087e-07 7.746467079218037e-08 4.5747999843894125e-08 5.899020111788348e-07 5.930073723146802e-07 5.301904551920884e-07 2.037461969131293e-07 1.6447702750640348e-07 0.00018955477007701993 2.0820921008906257e-05 4.154371552386988e-06 3.626680792129422e-07 1.8957536232520035e-06 1.026161299728365e-07 0.0 5.6843336935704296e-08 1.3737525603368753e-05 1.623293291830006e-05 9.039956766830928e-05 0.0003977301046030085 7.913384406675538e-06 7.61889103800647e-05 4.0150519732085195e-07 1.3738586413488328e-06 8.162203815747537e-08 6.686162921789102e-05 1.0648266774743157e-05 8.022752471419574e-06 4.314500443331687e-06 5.872449852155764e-06 2.231266623320242e-06 1.71405599119304e-07 2.3553074733983723e-06 0.0 0.0 0.00029043855201833703 9.882830476572775e-05 0.00019974072902985028 3.302736633013333e-05 6.812157953609741e-06 1.899069777352118e-06 8.799556316162135e-06 8.444106996821455e-07 3.5837687473466937e-06 6.26279261438846e-05 3.8074365799570834e-08 8.055601611149065e-06 4.2458469731770774e-06 4.1869482992868906e-06 0.0 1.4988832909641356e-06 0.0 1.2899292763835567e-06 1.8130542109951754e-07 2.081342504377601e-06 2.446135034209999e-06 1.1284922532478527e-06 8.744897215765816e-06 0.0 0.0 7.435149483557144e-07 0.00033228457781220365 4.450970064103329e-07 5.21823754835444e-06 2.3816788890410074e-06 1.6806378785627202e-06 0.0 1.000086085730433e-05 6.985213441613975e-06 3.2506558394098675e-06 6.835501929580994e-06 1.3127822955250768e-05 2.453342210633575e-06 1.2414938656228465e-05 1.1791643290428262e-05 5.426047166681001e-06 5.730395158033279e-06 0.0 0.0 0.0 0.0 0.0 0.0 0.0 0.0 0.0 0.0 0.0 0.0 4.7708855263502325e-08 0.0 0.0 0.0 0.0 7.202935544354197e-08 2.4235098536463024e-07 9.576882897744913e-07 9.354897382202659e-07 0.0 1.0795152585979537e-07 0.0 3.074039381137094e-07 0.0 8.798718621325513e-07 1.2254097134944917e-07 2.5328440046484043e-07 0.0 4.216069609228165e-08 0.0 0.0 0.0 6.164007313854251e-08 0.0 0.0 0.0 0.0 0.0 0.0 4.128224612486348e-08 0.0 1.0621242526409699e-07 0.0 0.0 5.676922319281452e-08 1.9976413329604958e-07 5.677883944899979e-07 0.0 0.0 3.424258208492952e-07 0.0 9.450534290828821e-08 0.0 0.0 0.0 0.0 0.0 0.0 0.0 1.8776831579187413e-06 7.893892363286468e-08 0.0 5.086754404819034e-08 0.0 2.8459324019463017e-06 0.0 4.761159417006653e-07 6.211880225622678e-08 0.0 2.6286214158549786e-07 0.0 0.0 9.29423943930241e-08 7.574954242305653e-08 9.461293254422404e-08 0.0 3.6477687282531526e-08 4.852932934701629e-08 0.0 0.0 4.156883823748922e-06 7.733149670751746e-07 2.9572957323412414e-07 0.00018371154981835366 9.736534994707631e-06 0.0004175133216655439 3.481229655321815e-05 0.00018019507311650606 2.0595717108574784e-05 1.4661269517425424e-06 7.981492285841767e-06 9.95122389928173e-06 0.0 5.505381100378699e-07 2.616239948478746e-07 2.540643082398912e-05 5.120224433817408e-08 7.942293977586197e-07 1.1028985784192132e-07 4.56786856284938e-07 1.5156163859650758e-07 0.00012116077330125881 7.286682197324461e-06
0.0003236251878710585 0.0009421489355123051 0.0 2.7164236218596115e-05 0.0005075617853871531 1.581854304013189e-05 0.00010112322897603398 0.001109191369585126 0.0003000400734040163 5.181616637573411e-06 0.0010790590989250156 1.7192148092697096e-05 6.876031813317048e-05 0.0004746699507585627 6.811229498953783e-06 3.860415970831761e-06 8.194396068774632e-07 2.821072616583732e-07 0.0 1.7073954104646654e-07 8.393212966824951e-07 0.0 1.7565697928660287e-06 2.0040756005452957e-06 1.2899074894920536e-06 7.002670500203086e-08 6.037384895009056e-07 0.0 9.864777649903746e-08 1.8288830737660987e-07 0.0010822046132510804 0.00015010886829934722 7.202231598669835e-05 2.0761743980404753e-06 2.274836860533298e-06 3.4504956541041977e-06 9.534917407978385e-06 3.143044361851464e-06 1.144868841520481e-06 1.0497404904674438e-06 5.216801114711388e-07 2.183233200841003e-07 8.492503646227553e-07 8.758043867075456e-07 5.29996320032358e-07 4.896720794539722e-07 2.7608742242380304e-05 4.114066092398372e-06 6.475467874995547e-07 7.46146295068143e-07 7.097675342685645e-07 4.73124808302635e-08 6.961447496596408e-07 5.2371746534632604e-08 1.926595366570794e-06 3.44877846940905e-06 3.473988732868067e-05 0.0002868520166563373 1.2098594438061492e-06 1.4585041421806113e-05 4.3242290351220823e-07 4.80422450561292e-06 6.046148401392844e-07 5.2320780767787175e-05 1.9620133696308897e-06 1.511300505574517e-06 7.789421423330761e-07 1.8694838823759617e-06 2.8938244500567204e-06 1.1049980208303528e-06 5.171366599033274e-06 1.3532113532176946e-07 0.0 7.351056908073541e-05 3.8958253529600175e-05 4.868230564409244e-05 9.462115827834957e-06 3.917510277276501e-06 4.097788629204442e-05 0.0002565939078038322 1.352205375852513e-06 3.6207105083191566e-05 1.1717565744349576e-05 0.0 1.1650481630159568e-06 4.84364858361032e-07 1.6851942670014031e-06 0.0 2.0428314038598673e-07 8.135135372042026e-08 1.8526098704019117e-07 8.367382931784525e-08 3.5762963947814385e-06 7.035927468805452e-07 4.617283992791246e-07 2.4306103395879073e-06 5.736503623042983e-07 0.0 7.890126941043796e-07 0.00017896732180084556 0.0 1.2829966937621002e-07 3.3990140309010654e-07 0.0 0.0 3.9147630374367406e-07 2.3655833841165058e-07 6.954340583658636e-08 5.759731545602937e-07 1.907747156514172e-06 7.39018240284104e-08 3.206183856322975e-07 1.6753424012024337e-06 6.218373641900904e-07 1.358692892898854e-06 0.0 0.0 0.0 0.0 0.0 0.0 0.0 0.0 0.0 0.0 0.0 8.35934684095826e-08 7.859765951893793e-08 0.0 0.0 0.0 0.0 0.0 7.510319536887348e-08 2.805568465675053e-07 2.884007451884759e-07 0.0 0.0 0.0 3.35327266134032e-07 5.878696378347398e-08 2.151371996756923e-06 6.604840219414302e-07 2.2595811849587442e-07 0.0 0.0 0.0 0.0 0.0 0.0 0.0 0.0 0.0 0.0 0.0 6.765886513239921e-08 2.3273388084713987e-07 0.0 0.0 0.0 0.0 0.0 0.0 0.0 0.0 0.0 9.747900691759197e-07 0.0 0.0 0.0 0.0 0.0 0.0 0.0 0.0 8.600756388665555e-08 1.0686822008083105e-06 8.165113947101434e-08 0.0 0.0 0.0 1.2886529976990958e-06 0.0 7.809655866873643e-07 0.0 0.0 0.0 0.0 0.0 0.0 0.0 0.0 0.0 0.0 0.0 3.877120621292494e-08 0.0 1.1856047069652216e-06 3.4918372913031187e-07 1.2408702671639727e-06 1.9884224336319037e-05 1.666599587087933e-06 4.926635866263962e-05 5.934108113615266e-06 2.065714423859827e-05 2.1514476781552033e-06 3.6796093338927084e-07 1.5241688648226885e-06 1.0677562794209157e-06 0.0 3.363466330745595e-07 0.0 7.145137145623908e-07 0.0 5.7067926049285765e-08 0.0 3.17478504802934e-07 0.0 8.951060592645055e-06 1.2818110224317358e-06
0.0003515004620854724 0.00027464959377855906 2.7164236218596115e-05 0.0 4.2147100641953255e-05 9.08552349723552e-05 0.00036708819029733616 6.615219896409337e-07 4.144037994171616e-06 0.0007658474622985208 6.419488386548749e-07 0.000452552401432211 0.0008433346118186308 4.0691925561423396e-05 5.315874394322757e-07 4.8918506639171655e-08 0.0 0.0 6.45802010505783e-08 0.0 0.0 0.0 0.0 0.0 0.0 0.0 0.0 0.0 0.0 0.0 3.147680262475253e-05 1.7273267648434757e-06 1.6923619119254487e-05 0.0 0.0 0.0 5.333738566370943e-06 4.0058876005310353e-07 9.539687361121169e-08 0.0 0.0 0.0 0.0 8.988695193968535e-08 0.0 0.0 7.833529354614765e-06 1.8250831435580016e-06 1.0646382480328967e-07 0.0 9.385482847094657e-08 0.0 0.0 0.0 1.0182816812388015e-06 2.3341745561202114e-06 1.4011095964989294e-05 6.983928472801915e-05 1.0433109688518316e-06 7.203081606051728e-06 0.0 9.124742661953706e-08 0.0 2.0171575362256628e-06 8.953028101804003e-07 4.0131700439601954e-07 1.568378662432176e-07 3.648779885527045e-07 0.0 8.196746965456075e-08 4.2253113716964625e-06 0.0 0.0 2.872153250739103e-05 3.493614355742957e-06 7.387721856288275e-06 5.21999831074196e-07 1.2101999768688085e-07 0.0 7.261239814923809e-08 0.0 4.4859796010640415e-08 7.080826108267374e-06 0.0 4.81708393978065e-07 5.10051708996615e-07 2.388538980306076e-07 0.0 3.3670358156112445e-07 0.0 5.976406266892577e-08 0.0 4.317695117821792e-08 1.5730668512046377e-07 9.534955074710783e-08 4.642479240769988e-06 0.0 0.0 7.928648182454503e-08 8.610180132077598e-05 1.363488331192491e-07 1.6910185563552136e-06 1.2352766905531807e-05 3.7502252974908876e-06 2.0130731215218335e-07 8.3449564134253e-06 4.923313953278171e-06 2.358169226359598e-06 1.489722726008224e-05 6.1366574193202994e-06 5.394488285525446e-07 7.736376914162203e-06 2.769957160149986e-06 2.1323859503068616e-06 1.5085705607658006e-06 0.0 0.0 0.0 0.0 0.0 0.0 0.0 0.0 0.0 0.0 0.0 0.0 2.134421064115867e-07 0.0 0.0 0.0 0.0 0.0 0.0 2.8603468407994855e-07 5.699302574214498e-07 0.0 0.0 0.0 0.0 0.0 4.56429536408692e-07 0.0 0.0 0.0 0.0 0.0 0.0 0.0 0.0 0.0 1.9774419173285887e-07 1.2752715929267053e-07 0.0 0.0 0.0 0.0 0.0 4.136014804250064e-08 0.0 0.0 9.890034102901932e-08 2.436427334066507e-07 1.4511505260238997e-07 0.0 0.0 2.0436549897979723e-07 0.0 0.0 0.0 0.0 3.9914148183136315e-08 0.0 0.0 0.0 0.0 6.349046632076564e-07 0.0 0.0 0.0 0.0 6.413250603652079e-07 0.0 0.0 6.854307750392221e-08 9.823984207330338e-08 1.182458145030963e-07 0.0 0.0 0.0 4.5933069186040137e-08 0.0 0.0 0.0 0.0 0.0 0.0 4.564081678192503e-07 0.0 0.0 2.811231266194912e-05 1.0994768597342666e-06 3.373410100635053e-05 2.1859321443847595e-06 0.00017770943796714816 1.4918314687988515e-06 3.3382605822122903e-07 4.939350231321948e-08 3.3343790479178404e-06 0.0 3.6568366178008486e-07 1.4240142157408698e-07 7.89458071646827e-06 1.1844656039915036e-07 0.0 0.0 0.0 0.0 4.8761619901955766e-05 2.514197623381958e-06
4.825266098168495e-05 0.0009745388192461734 0.0005075617853871531 4.2147100641953255e-05 0.0 4.860356310741358e-06 0.0007566155015349585 0.0003347766992745235 0.002384516688274774 0.00015546312960147834 0.0006050850139399122 2.2001474612921363e-05 0.0005646130012424983 0.0016181383737828372 1.765374593091117e-05 6.278058176356324e-06 5.90219975476978e-07 5.1687451273769975e-08 0.0 9.476205918396844e-08 3.2205732126899054e-07 0.0 0.0 0.0 0.0 0.0 0.0 5.43496194203659e-08 4.6066401990924624e-08 0.0 0.00013712690832078548 2.5543087949637342e-05 1.4870131024700487e-05 7.1838578428402e-08 0.0 3.928386471000265e-08 3.235082211265265e-06 3.6684432881149795e-07 1.8524181551391562e-07 3.4223781166462083e-07 8.26268153475827e-08 3.9131859213824834e-07 2.3767132291737394e-07 9.098363087466179e-07 8.822377512290157e-08 4.871173250218841e-08 9.834641500457619e-05 4.9718143689611715e-06 8.36102325488515e-07 2.4314667798300134e-07 5.730464631359839e-07 1.0611598513732467e-07 6.09377322485429e-08 5.288341791703157e-07 2.9031504515234244e-06 3.849709294995918e-06 1.582215992213958e-05 5.2499837983406786e-05 1.9381904534362392e-06 2.0882137850273566e-05 3.790834562057385e-07 1.0071473325930141e-06 6.395308807251184e-08 3.816585331984579e-05 2.4273923222790026e-06 2.4553240515248484e-06 1.1979630191721787e-06 1.7509932321576155e-06 9.273257877002079e-07 0.0 3.0749082727069302e-06 0.0 0.0 6.091797000156864e-05 4.043565312768702e-05 9.415456581187308e-05 3.420570167440489e-05 1.3912957258190207e-05 6.135144323028334e-06 5.858571916971869e-06 5.892874316251649e-07 3.000367646698911e-06 1.4351655075748461e-05 4.6325264508025173e-08 2.2338705653835697e-06 7.83101159450428e-07 1.2921284447428048e-06 0.0 3.9895122867114186e-07 0.0 5.266973632291614e-07 0.0 6.989907244234668e-07 5.890929133476579e-07 3.0011790197805547e-07 7.967200401673985e-06 2.1707043504018437e-07 0.0 3.7397261424807553e-07 1.6799339805726163e-05 1.56525472790291e-07 1.5006767082780378e-07 3.683560138226734e-07 6.031051684511171e-07 2.745288362908269e-07 2.564552583211007e-06 1.6717927368176607e-06 5.616748590338065e-07 1.6682691166229463e-06 3.6778479381880483e-06 5.128128466291799e-07 5.548954238340635e-06 5.08852437376128e-06 1.9529089939790484e-06 3.11176227937992e-06 6.063859936191455e-08 0.0 0.0 0.0 0.0 0.0 0.0 0.0 0.0 0.0 0.0 0.0 0.0 0.0 0.0 0.0 0.0 1.27128071760077e-07 0.0 7.127591915215133e-08 1.3185422672229756e-06 0.0 0.0 0.0 0.0 1.250276168233862e-07 1.503306882180947e-06 4.017467804443681e-07 0.0 1.5707100122882968e-07 8.96453688161692e-08 0.0 0.0 0.0 0.0 0.0 0.0 0.0 0.0 0.0 0.0 4.109132837258121e-08 0.0 0.0 0.0 0.0 0.0 0.0 4.861286544158419e-07 0.0 0.0 1.2088884552582929e-06 0.0 0.0 0.0 0.0 0.0 0.0 0.0 0.0 0.0 2.5144068330533763e-06 3.472473111517209e-07 0.0 0.0 0.0 2.3926677154816397e-06 0.0 0.0 4.943097357736121e-08 0.0 0.0 0.0 0.0 0.0 0.0 0.0 0.0 0.0 0.0 0.0 0.0 3.0272639884261957e-06 5.260425289434237e-07 4.1858568632014014e-07 0.00013918354053392057 5.2399714679614025e-06 0.0001659844958021426 2.7757088682320116e-05 2.06893228244851e-05 1.2386226484797366e-05 4.449883456083695e-07 1.0005710971977758e-05 1.8751658278384143e-06 0.0 2.103003647244526e-07 0.0 5.628681763003641e-06 0.0 0.0 0.0 5.734665126840524e-07 8.029544281714425e-07 1.6278560259500603e-05 2.9603584618510602e-06
1.4170960242740887e-05 6.616440880252457e-05 1.581854304013189e-05 9.08552349723552e-05 4.860356310741358e-06 0.0 4.196239190745952e-05 2.927194950529921e-07 1.8238973666747803e-06 0.00030764341321766746 1.5226331802193836e-06 4.890772626007625e-05 9.792773745208642e-05 2.8036227344160693e-05 2.9254747517143085e-07 9.995788291940013e-08 0.0 0.0 0.0 0.0 0.0 1.9621356115670864e-06 0.0 0.0 0.0 1.3424140387528343e-07 1.0304016707327061e-07 1.7664512955615508e-07 0.0 0.0 9.713633377467127e-05 7.097536880793797e-06 1.427630530890625e-05 0.0 6.044012089759781e-08 0.0 7.709212800474834e-06 7.487820359069038e-08 0.0 0.0 0.0 0.0 0.0 0.0 0.0 0.0 1.192208879465083e-06 2.1483816413225408e-07 0.0 0.0 5.245175169067439e-08 5.215620986860685e-06 3.430223719750347e-06 0.0 5.617914011157395e-07 4.962742386308253e-07 4.451614366559584e-05 3.820497261592405e-05 1.7270313263068329e-06 1.658112167883721e-06 0.0 2.1467862685334327e-07 0.0 4.4741135443778913e-07 3.2264525459038216e-07 1.4225510967718894e-07 1.906554612520024e-07 5.0255310113558745e-08 0.0 0.0 1.6151659271029023e-05 2.8261477793301986e-05 4.324481103162701e-06 1.0830776471841381e-05 1.450378395148771e-06 1.6121655918413832e-06 1.511956399298187e-07 7.26543690925689e-08 8.020917094890434e-07 1.0399707017880006e-07 0.0 0.0 1.2547389469260786e-06 2.1689543231307904e-07 0.0 1.2260764557062152e-07 0.0 3.8350892782714615e-07 4.1629346920831316e-07 1.2698008352743932e-06 1.0103298958701501e-07 6.61408571141687e-07 1.0499987704891498e-07 3.749609095550716e-07 5.683912185829192e-07 0.00013828507470728835 2.6968369816093974e-05 1.0773191899742653e-05 4.089160743385976e-06 9.120836350494415e-05 7.841986394143061e-07 6.928681372234061e-06 4.345593034969197e-06 3.953706779567416e-06 3.29862747828363e-07 1.0120333375833508e-05 1.1856728925469277e-05 4.3018758720889274e-06 7.483213141065789e-06 1.8558714106720775e-05 2.0306377658375154e-06 1.53185349903843e-05 8.649033614787669e-06 3.7964985127124463e-06 2.32328903074204e-06 0.0 0.0 0.0 0.0 0.0 0.0 0.0 0.0 0.0 0.0 0.0 0.0 0.0 0.0 1.810996164850703e-07 1.7811107890544274e-07 0.0 0.0 0.0 2.965809469391067e-07 1.2398400556447565e-06 0.0 0.0 0.0 6.306808522737276e-07 0.0 1.8510076014928305e-06 0.0 8.553166905864294e-08 0.0 0.0 0.0 0.0 0.0 0.0 0.0 6.931764782285065e-08 0.0 0.0 0.0 0.0 0.0 0.0 0.0 0.0 0.0 7.285798446258016e-08 0.0 5.963381122558498e-07 0.0 0.0 0.0 0.0 0.0 0.0 0.0 0.0 0.0 8.277048451369735e-08 0.0 0.0 9.44188536793507e-07 0.0 0.0 0.0 1.1406692217375706e-07 1.9846254381841604e-06 2.254936781075003e-07 0.0 0.0 0.0 0.0 0.0 1.0876843460237065e-07 0.0 0.0 0.0 0.0 0.0 0.0 0.0 0.0 1.8177153156864714e-06 7.564698804932361e-08 0.0 4.1965516021819576e-05 1.544771859847648e-06 4.107319837934611e-06 7.172645392899156e-07 7.514285856709438e-05 2.2516258616147097e-07 0.0 7.411835594059425e-08 8.024698013856221e-06 1.6856045314087153e-07 0.0 6.216282952558144e-08 3.5870073154058685e-05 0.0 5.700917220173373e-08 0.0 0.0 0.0 4.271781044631536e-05 1.895376631450753e-05
0.00016892835776767577 0.0016798641987541508 0.00010112322897603398 0.00036708819029733616 0.0007566155015349585 4.196239190745952e-05 0.0 3.517054263623523e-05 0.0009560495269738088 0.0009509189176439941 0.00013777251684508613 0.00020795892980108774 0.0012415330014164453 0.0013665696409996685 2.1872753928383912e-05 6.662587331184312e-06 7.54632729112359e-07 1.3744955785613062e-07 0.0 2.17094043695808e-07 3.296036820242791e-07 1.0962657150891452e-07 2.1100201365683585e-07 2.480884946327424e-07 0.0 3.074889238008432e-07 3.816796420887784e-07 3.746334259529966e-07 1.850418045784937e-07 2.870260091448695e-07 6.708896582542099e-05 1.0153560903007577e-05 3.287498281008188e-05 1.5242624159286787e-07 9.112186563240048e-08 7.770124171874753e-07 1.358266832701999e-05 1.0259031721718965e-06 2.813908666009672e-07 0.0 0.0 2.2582061830783135e-07 9.556494503405796e-08 8.977381608753278e-07 4.453570964680637e-08 1.638873310613679e-07 0.00012967955946416746 8.002139163489576e-06 1.121772359632722e-06 2.3821151116323473e-07 5.61674933311743e-07 2.56222753525137e-07 0.0 4.711811462705798e-07 4.2124372969565665e-06 5.729311442943794e-06 2.07465886699595e-05 6.129665405749258e-05 2.8724473030148938e-06 3.06787007076953e-05 2.718399124497306e-07 3.449236041043006e-06 0.0 2.8118354534834322e-05 3.984989790513162e-06 3.374351527737102e-06 1.7602567072394807e-06 2.541300770521147e-06 1.122776816254894e-06 4.485800982174252e-07 8.258329707755946e-06 5.819055886798787e-07 1.5025822891850008e-07 8.183237773313142e-05 3.951820180973458e-05 0.00010416128636955996 2.764758820738136e-05 1.266621159454294e-05 1.6637344838008469e-06 2.8994908479743114e-06 5.95155541051981e-07 4.043508264968064e-06 2.1592824425447014e-05 4.2152056395489454e-08 2.7252688132536074e-06 1.5299390720201994e-06 1.6006241062803355e-06 0.0 5.926254312572588e-07 0.0 8.734839713455096e-07 4.574262837629572e-08 5.965423179399856e-07 8.358307067132099e-07 1.8332761445698527e-07 3.5488314679623386e-05 7.771519306985262e-07 0.0 1.4467304493262806e-06 3.0271690592690206e-05 7.440923381195275e-07 5.571854106531208e-06 3.016366785774576e-06 4.726547345192032e-06 2.7739127417281203e-06 1.8333360329151467e-05 1.2308981109838465e-05 9.35317375096452e-06 2.1388843940285578e-05 2.5511123800243017e-05 6.697558548548663e-06 5.847745052007421e-05 2.984009232282594e-05 1.854674140255567e-05 1.8570523219595393e-05 0.0 0.0 0.0 0.0 0.0 0.0 0.0 0.0 0.0 0.0 0.0 0.0 1.204816663894256e-07 0.0 3.306437764183777e-07 9.255264633356934e-08 1.3811101851565237e-07 0.0 1.3367900261712708e-07 8.580420731661154e-07 5.0470057400590714e-06 0.0 2.4199415415901725e-07 0.0 1.1552461181653677e-06 1.3623098140001939e-06 5.641751876764057e-06 1.748044315992915e-06 3.891040932039005e-07 0.0 3.3942735348240426e-07 0.0 0.0 0.0 0.0 0.0 2.4849819218212044e-07 8.479399532719173e-08 0.0 0.0 0.0 3.2214736567451757e-07 0.0 0.0 9.990272177834225e-08 0.0 3.8635971892873156e-07 2.0308367290630998e-07 1.3643934743045681e-06 1.047862771605294e-07 0.0 5.898994509356541e-06 3.089889119917461e-07 1.0828371242804272e-07 5.1992749229104794e-08 0.0 0.0 0.0 4.8747299905543805e-08 0.0 0.0 9.22577364212708e-06 1.4327339919670463e-06 0.0 0.0 0.0 9.922318272920422e-06 4.799997238800274e-07 1.513894631222168e-06 1.2609888449450795e-07 1.9689955386388227e-07 0.0 1.4788877839046196e-07 0.0 0.0 0.0 0.0 0.0 0.0 0.0 0.0 9.740272191334543e-08 1.8032038080806134e-05 3.72591797578048e-06 3.3278663389230245e-06 0.0002448638413760188 8.107698169658087e-06 0.0002586378569303483 4.70767288844024e-05 8.755341683449936e-05 2.5029826296170677e-05 1.5159713328567276e-06 1.772717516743441e-05 9.602961521491053e-06 9.289303474972166e-08 7.210186986518396e-07 1.1194998535395493e-07 3.2798637155945714e-05 0.0 0.0 5.114028324752328e-07 1.46976618749967e-06 2.1644058159720782e-07 0.0001225610339021195 2.7444775160271624e-05
3.661929353143279e-05 0.00012504321603050642 0.001109191369585126 6.615219896409337e-07 0.0003347766992745235 2.927194950529921e-07 3.517054263623523e-05 0.0 0.0002541409804276537 1.1081572686542451e-06 0.0012189622970144069 7.377097906526559e-06 3.268795841792338e-05 0.0003990993476642222 2.4669687947544045e-05 1.4551430030167012e-05 1.5561971199853332e-06 1.9794169285590952e-07 1.4962748414028883e-07 2.0013642643142856e-06 1.5154437601319299e-06 1.7769060323658227e-07 4.859696147991038e-06 6.942378974271582e-06 2.8597388133416634e-06 1.0122894260150015e-07 2.0644974412518524e-06 7.4696269559326e-08 5.349680315967459e-08 3.328654451282536e-07 0.0005432067515853151 0.0012335319833884876 6.141066853162463e-05 8.224337622146877e-06 7.77240509092154e-06 5.7644048123289456e-06 6.523139814124749e-06 3.372623568831837e-06 1.312032572348624e-06 8.163487768515615e-07 5.996405757595094e-07 5.352297714065343e-07 2.170683806688431e-06 1.0352448216541441e-05 1.2912551023608435e-06 1.259076743217188e-06 5.0352837024272086e-05 2.0856778534061805e-06 7.319578175156785e-07 9.590857900508673e-07 1.327467214746459e-06 0.0 3.9949800810650113e-07 1.4731700638424632e-07 9.933797216459172e-07 8.548477309720408e-07 8.295612786791573e-06 4.963431100324448e-05 4.424799406084843e-07 7.4547264422647765e-06 3.4681057565168477e-06 1.588356831457631e-05 1.806421320299552e-06 0.0001188292673441907 4.5076276710141915e-07 7.625538533308104e-07 3.270335442406629e-07 1.5528076222872461e-06 6.096488607278139e-06 2.6130985273595467e-06 2.6912004637508657e-06 0.0 0.0 2.5625227138152358e-05 3.708913626747995e-05 6.445784797895131e-05 4.9949941269707216e-05 0.00016866504711636455 0.0008367851095217625 0.000737646033498051 4.675741389281065e-06 0.0004470103356632164 3.4440270622941327e-06 0.0 4.5468297674445084e-07 1.6707852230720082e-07 1.6033587227803036e-06 0.0 1.5504080931044034e-07 0.0 3.4900492259099895e-07 1.1783401762467869e-07 9.84507107228804e-06 1.6020784643622073e-06 4.4717973237645696e-07 1.5915601964662744e-06 2.9431122431385995e-07 4.512332630962779e-08 2.9957517655426793e-07 1.9269145380808698e-05 0.0 0.0 0.0 0.0 0.0 2.6847150186680086e-07 0.0 0.0 2.2302481633524097e-07 1.349117348841363e-07 4.845108379618996e-07 3.143060550532195e-07 4.031032167501083e-07 2.0768560935735704e-07 5.460182976187298e-07 0.0 0.0 0.0 0.0 0.0 0.0 0.0 0.0 0.0 0.0 0.0 0.0 1.4290105406677034e-07 0.0 0.0 0.0 0.0 0.0 1.235084883811283e-07 7.365609697792602e-08 0.0 0.0 0.0 0.0 5.761836074098023e-08 7.378635702186994e-08 9.238837090420054e-07 1.0655896311149556e-07 0.0 0.0 0.0 0.0 0.0 0.0 0.0 0.0 0.0 0.0 0.0 0.0 0.0 7.712206967540159e-08 0.0 0.0 0.0 0.0 0.0 0.0 0.0 0.0 0.0 3.521623134664856e-07 0.0 0.0 0.0 0.0 0.0 0.0 0.0 0.0 0.0 6.021701656086783e-07 8.14439227939058e-07 0.0 0.0 0.0 3.4876609166048805e-07 0.0 0.0 0.0 0.0 0.0 0.0 0.0 0.0 0.0 0.0 0.0 0.0 0.0 0.0 0.0 7.571414429520841e-07 6.128461177444811e-07 6.127143330481615e-07 5.071013691975328e-05 1.7655959030292823e-06 5.819875828426783e-05 1.2066495583675147e-05 6.81964827361683e-06 5.648530438220707e-06 1.4078340574252654e-07 4.5196797782931185e-06 3.5106212822198294e-07 0.0 5.4108012840659356e-08 0.0 1.8797765173578406e-07 0.0 0.0 0.0 6.376696398367143e-07 1.7019400478919773e-07 1.5035911164773152e-06 6.746019667294041e-07
1.373937297382991e-05 0.0004805924876754424 0.0003000400734040163 4.144037994171616e-06 0.002384516688274774 1.8238973666747803e-06 0.0009560495269738088 0.0002541409804276537 0.0 4.0632442003516565e-05 0.00046588242916473303 7.401810879593501e-06 0.00038019032485384275 0.0008441416528468407 5.8663570539265535e-06 1.440311088150471e-06 5.570396812516177e-08 0.0 0.0 1.1767603236369845e-07 0.0 0.0 7.406852717348413e-08 0.0 6.001871870921707e-08 0.0 0.0 6.295324841048071e-08 1.0676240646944397e-07 1.0502410729358376e-07 3.3025788658949226e-05 9.432011250030159e-06 1.0293656702257031e-05 3.8847004892157494e-08 8.042149560240593e-08 0.0 2.424884159659752e-06 3.506373874358372e-07 0.0 1.6759748661012729e-07 0.0 0.0 4.8703229633173466e-08 5.963477019283525e-07 0.0 8.80643824904982e-08 2.070666112438229e-05 7.423288939075732e-07 1.6759747488203215e-07 6.014050715906657e-08 0.0 4.548054454238215e-08 0.0 1.131177439735948e-07 3.2705212154344863e-07 4.965242659828805e-07 2.714289502207542e-06 4.90911350524988e-06 3.82416612134518e-07 4.153797919523002e-06 1.4590374354793082e-07 3.640940943980976e-07 0.0 7.96043186382936e-06 1.8207118361895606e-07 3.0024029637948993e-07 5.212949881905552e-08 3.164725626220375e-07 2.2290920468219314e-07 0.0 1.478715208893219e-06 0.0 0.0 9.856657898665105e-06 7.349653147339953e-06 1.9013104166469046e-05 9.825294415394187e-06 6.117885715537983e-06 1.957022162062926e-06 5.092224865359601e-06 0.0 2.695398300863307e-06 2.4078912912596505e-06 0.0 1.9631965428769785e-07 1.8450273050167622e-07 5.631674155217223e-08 0.0 5.211450640403376e-08 0.0 0.0 5.17905959616276e-08 4.424069723095583e-08 1.1279439257039282e-07 0.0 3.459325588419157e-06 0.0 4.8398013774505e-08 0.0 2.6588292517192214e-06 0.0 3.457770536821323e-07 1.2353450520563147e-07 3.525906313216652e-07 8.00932418554133e-08 1.4261726543801953e-06 8.008058098571591e-07 2.8545074222028764e-07 2.438167212625854e-06 2.2597553002599794e-06 1.6754327700852608e-06 1.8506916309708698e-06 3.203101912283865e-06 1.7300343637214842e-06 1.467618034399829e-06 0.0 0.0 0.0 0.0 0.0 0.0 0.0 0.0 0.0 0.0 0.0 0.0 0.0 0.0 0.0 0.0 0.0 0.0 0.0 1.0679821625343333e-07 3.3277494332701403e-07 0.0 0.0 0.0 5.7692638677202725e-08 0.0 7.621995397562991e-07 0.0 2.387348539550333e-07 0.0 0.0 0.0 0.0 0.0 0.0 0.0 0.0 7.316064750586158e-08 0.0 0.0 0.0 0.0 0.0 0.0 0.0 0.0 0.0 0.0 1.0593269064691792e-07 0.0 0.0 6.990856868102449e-07 0.0 0.0 0.0 0.0 0.0 0.0 0.0 0.0 0.0 1.8890193040797845e-06 0.0 0.0 0.0 0.0 2.4098187724297037e-06 0.0 0.0 0.0 0.0 0.0 6.377707281985485e-08 0.0 0.0 0.0 0.0 0.0 0.0 0.0 0.0 0.0 9.61726265130721e-07 7.158189968262638e-07 6.014955264795247e-07 4.875730995989074e-05 1.4533795521588264e-06 3.920189440996778e-05 9.429512673174046e-06 6.401344968554018e-06 6.870311013848029e-06 4.873383214289714e-07 2.995468317028689e-06 4.348145631431769e-07 1.2011888513018473e-07 0.0 5.58391930627374e-08 7.905137260957543e-07 0.0 0.0 0.0 1.2024896065209758e-06 1.442909584468264e-07 5.321983430099763e-06 2.0672445911762175e-06
0.000263310810477124 0.00036208976150269056 5.181616637573411e-06 0.0007658474622985208 0.00015546312960147834 0.00030764341321766746 0.0009509189176439941 1.1081572686542451e-06 4.0632442003516565e-05 0.0 1.4784172363061421e-05 0.0009638828249956558 0.003498435528898142 0.0003366891817550247 6.776781389819329e-06 1.03805103543871e-06 2.113761750777791e-07 1.8796459445646909e-07 0.0 8.653063302289959e-08 2.3503819353447594e-07 7.003481928015842e-07 0.0 0.0 4.367431741197344e-07 6.247143480376066e-08 4.1979210074153623e-07 2.505537011486665e-07 0.0 0.0 2.0084066639324233e-05 9.77029548953029e-07 0.00021144037526508918 4.1805381720313624e-08 0.0 1.470773740338973e-07 7.930585122724272e-05 1.2757321904092209e-06 7.144134393484904e-07 3.647088185982752e-07 3.4512555408479444e-07 2.6252320745314943e-07 4.2021440599324684e-08 4.780696938039516e-07 0.0 0.0 3.994804679191733e-05 2.5056395736791282e-06 3.2510392464791875e-07 8.414997434522198e-08 1.9393316674670927e-07 4.1893078161183e-07 3.038229440773108e-07 1.1400101809750234e-07 2.0341932199919484e-06 1.6208205156105075e-06 1.4889409734037995e-05 5.321687234319104e-05 1.8483403316248255e-06 1.0432642222281387e-05 0.0 1.5931313077357934e-06 4.174333618737744e-08 5.431878672722721e-06 7.951015614670143e-07 9.104689964792664e-07 5.595600801835199e-07 7.456221977688869e-07 3.6649778705473434e-07 0.0 6.421261953670597e-05 7.145334881308861e-06 2.93728861837685e-07 3.506869460658214e-05 8.139675915824097e-06 2.4115980366692648e-05 3.733859823543138e-06 9.380022949658498e-07 3.1862070008441814e-07 2.0005941076685147e-06 0.0 1.3462609047978942e-06 8.796621442436746e-06 0.0 1.0551777174955986e-06 5.90310897534962e-07 5.15776876399219e-07 0.0 2.183652714806058e-07 0.0 2.0223426561195483e-07 1.3955552499756217e-07 2.7382895830081776e-07 3.0161236623612247e-07 3.990178051581876e-07 0.00013636600806241772 2.5375857165379613e-05 2.631493313618547e-07 2.6126829383970168e-06 0.00012506656088217543 3.434263923444664e-06 2.1824963707505327e-05 1.677360241872839e-05 1.0913266076293938e-05 5.872232528597156e-06 6.405967346684051e-05 4.837929852586358e-05 2.3782364100638227e-05 5.346196792175529e-05 0.00012146919624665146 1.7713066171183067e-05 0.00011592864493440793 9.135001145895192e-05 5.351933179064933e-05 3.293627626327636e-05 0.0 5.0250771340719044e-08 0.0 0.0 0.0 0.0 0.0 0.0 0.0 0.0 0.0 2.845917608908899e-07 8.097062222054988e-07 0.0 0.0 0.0 7.53345046810005e-08 0.0 1.7941423447472107e-07 1.6466828928281147e-06 9.644667347320635e-06 0.0 0.0 0.0 2.6391239759220827e-06 7.475775214369292e-07 7.476774389439259e-06 2.7352552589449165e-06 7.442608395725305e-07 0.0 1.6182342086929853e-07 0.0 0.0 0.0 0.0 0.0 1.0399681607007088e-07 1.5625192278864376e-07 0.0 0.0 2.847918031012323e-07 0.0 1.6106149343698814e-07 0.0 0.0 0.0 6.209181747293366e-07 9.961454215075116e-07 2.479557810712841e-06 0.0 0.0 6.575883137990014e-06 0.0 1.580591323424931e-07 1.254889531758992e-07 0.0 4.084340816829576e-08 0.0 0.0 0.0 0.0 2.366487680069174e-05 2.3978384528214537e-06 0.0 0.0 6.344081660257549e-08 2.160064456294712e-05 0.0 2.9884397594949027e-06 5.767412079676594e-07 3.289857795103042e-07 5.548169726506347e-08 2.48115934466129e-07 0.0 0.0 0.0 0.0 0.0 5.7622141096997435e-08 0.0 0.0 0.0 4.1925626088243643e-05 2.858730826562838e-06 3.790201104179819e-06 0.00021337357386591222 2.6071439388681418e-06 9.487137716192727e-05 1.5109926684865727e-05 0.00025967450238094364 1.0962278345144813e-05 3.9532249737794253e-07 1.2519432806084562e-05 3.4405041137283365e-05 7.251596193183089e-07 7.792939500045815e-07 2.4630813850751997e-07 0.00012025160255409567 4.982047925618198e-08 0.0 0.0 1.7300833949781213e-06 0.0 0.0005326243237919892 0.00010718481954926177
4.959436843788669e-05 0.0002671536368384348 0.0010790590989250156 6.419488386548749e-07 0.0006050850139399122 1.5226331802193836e-06 0.00013777251684508613 0.0012189622970144069 0.00046588242916473303 1.4784172363061421e-05 0.0 5.8064663301751624e-05 0.0003726535387590952 0.001238280336480051 2.9232535091252246e-05 1.1976803927976614e-05 9.560765406551286e-07 3.188164498119199e-07 2.6481455668593216e-07 4.894347184447255e-07 1.8085811584915698e-06 0.0 1.7603398711624944e-06 3.3278986185503607e-06 5.114826339533547e-06 8.955773257952184e-07 8.883875030431631e-07 5.618971885343808e-07 3.55996290334928e-07 4.377865641085823e-07 0.00035282136090231873 0.0002916127167620425 0.00028675529856979955 1.0781214253060082e-06 3.5761746571533346e-06 1.7445552205738936e-05 4.278301907389067e-05 2.3436285928112015e-05 5.2000222684111e-06 3.416779413294071e-06 2.126951905501869e-06 9.146743082977104e-07 3.941920301916515e-07 4.85809286264704e-06 2.5035865510687636e-07 3.2943032513986586e-07 6.211457728030206e-05 2.2148726735573634e-06 1.3192114449691342e-06 1.3156475544048923e-07 2.1679425403584884e-07 0.0 9.428773435696564e-07 1.5127798679553402e-07 1.3280815323726695e-06 1.50740884602455e-06 9.561495159909119e-06 4.172446193704012e-05 5.154209990786818e-07 1.1079157989023158e-05 9.56457758480013e-07 4.8277216532439486e-05 6.293397797726906e-07 3.3662419275557866e-05 1.1153752114692083e-06 1.1272252358492297e-06 4.95720469250731e-07 8.525970000422765e-07 1.6262387470338147e-06 1.0341340353843963e-06 1.7015704080426678e-05 2.879982995112922e-07 0.0 3.484651787617586e-05 2.7662481613823492e-05 6.805026029336163e-05 3.427661298662432e-05 3.165589432879072e-05 0.00017693940560791144 0.0005200785226860259 1.4136944458560799e-06 0.00015569728418077415 5.341407462264808e-06 4.609400601764395e-08 9.644152632497534e-07 5.316500752793366e-07 9.138706523027032e-07 0.0 1.478727069906824e-07 0.0 1.8798286291941482e-07 0.0 3.3503095502710713e-06 1.5741916107179345e-06 7.479789389511011e-07 8.185159951429487e-06 4.703095806950399e-07 0.0 2.328559210600995e-06 1.6531133237620404e-05 2.329462101918795e-07 0.0 1.9133214497908475e-07 0.0 1.6384135692821117e-07 1.1145358629711635e-06 5.086510382251718e-07 6.726775505015603e-07 1.033666659062859e-06 2.0996190010684843e-06 1.248876607722097e-06 4.589866352870091e-06 4.2803648019280926e-06 2.274439997429426e-06 3.678191379818316e-06 7.166114016686157e-08 0.0 0.0 0.0 0.0 0.0 0.0 0.0 0.0 0.0 0.0 0.0 5.166526289047429e-07 0.0 1.3133239059979482e-07 1.8180951808710435e-07 8.084003222619452e-08 6.333171404235978e-08 5.1868282864186234e-08 5.754057610429499e-08 8.136929692419255e-07 0.0 1.0304925243768017e-07 6.19035252502286e-08 5.311725346086319e-07 4.513221620578411e-07 1.907192437158367e-06 8.619841674347776e-07 4.551456774653713e-07 1.9262829496616774e-07 0.0 0.0 0.0 8.551682910885869e-08 0.0 6.481648698443227e-08 0.0 0.0 0.0 0.0 0.0 3.769486809531478e-07 1.3265723532645007e-07 0.0 0.0 0.0 0.0 8.128428465337635e-08 1.432695039053546e-07 7.751480448976548e-08 1.6755347888759802e-07 2.5873251781125498e-06 0.0 5.2028691931506365e-08 0.0 0.0 0.0 0.0 0.0 0.0 0.0 3.2143014613201954e-06 6.262677967957647e-07 0.0 0.0 0.0 2.1954098526721502e-06 3.220876774887152e-07 7.890170334996006e-07 0.0 0.0 0.0 0.0 5.465915121806538e-08 0.0 0.0 4.4062625652275004e-08 0.0 0.0 0.0 0.0 0.0 3.5416208700624587e-06 1.637566230041876e-06 1.4411972434764312e-06 0.00010563508666214449 2.834004686754357e-06 9.21029932436508e-05 2.5297658069538347e-05 1.0429284191062703e-05 9.395197849932088e-06 1.4267800133365917e-07 1.124271903274816e-05 4.156719130017491e-06 1.5468839959671513e-07 2.261706628556926e-07 0.0 2.4497315757912587e-06 0.0 0.0 7.13923478624976e-08 5.301363065765822e-07 3.0239910640849624e-07 5.235096630463309e-06 3.3430702349573014e-06
