0.0 0.001303244841488074 0.00013368098429444956 0.0002989725597761275 3.802839466596048e-05 4.5576638416908665e-05 0.00017153429737605205 5.300901716538728e-06 1.3470088627069053e-06 0.0006099437157658783 2.855124607470568e-05 7.493920202866578e-05 0.0001825903805243711 1.4925959721559189e-05 1.0272025985534932e-06 0.0 0.0 0.0 0.0 0.0 5.2741456707639616e-08 0.0 0.0 0.0 0.0 0.0 0.0 4.616359701189325e-08 0.0 0.0 9.192874425805318e-05 9.851432637720774e-08 7.133684808691666e-07 0.0 0.0 0.0 2.927002724130545e-07 4.345184422521473e-08 7.322718403916155e-08 0.0 5.1608047583592055e-08 7.73443465745118e-08 0.0 7.459548741424592e-08 0.0 5.7044817002779846e-08 7.415667544530156e-06 6.791960555819008e-07 1.258624903865853e-07 5.3012042762002875e-08 1.5683303048913243e-07 1.7434348823150182e-07 0.0 5.2028365720103e-08 3.135025654514258e-06 2.155760513281607e-06 7.634697255472578e-05 9.155236351610964e-05 2.4045962180994767e-06 3.21940840238837e-06 0.0 1.311026885307364e-07 0.0 2.4268368404200877e-06 6.572693526779203e-07 8.350669731269281e-07 4.423820131367004e-08 1.316791565070929e-07 5.009797763268922e-08 0.0 1.2549341640755698e-06 5.913686073984556e-06 1.2059652042801132e-07 3.303942630580701e-05 1.0439958331794212e-06 1.6075105021908594e-05 3.6478054952033525e-07 1.9708913373175455e-07 1.6858809495972618e-07 4.818539585336902e-08 1.05465161098417e-07 1.7010168513891186e-07 1.5295523195889025e-06 1.0644482479212113e-07 1.0520030603328898e-06 1.0135918410643276e-06 4.819769001668505e-07 2.1907084650163225e-07 2.981636919040282e-07 1.627302335297116e-07 2.403474949803648e-07 0.0 1.4836103241868923e-07 0.0 0.0 1.1682362650030732e-05 7.368821912286988e-07 2.5492974908964214e-07 0.0 0.0004073309322147032 4.860988067317275e-07 1.1753367864537959e-05 4.045382186731878e-06 6.184591626858329e-06 3.821676660944323e-06 8.10539775366969e-07 1.6501351474807063e-05 6.351851177585727e-07 3.7615110067938865e-06 1.4107666153878628e-05 7.727011727002612e-07 4.2242069903569925e-06 1.327749899657704e-05 5.78699442586073e-06 3.980187760499774e-06 0.0 0.0 0.0 0.0 0.0 0.0 0.0 0.0 0.0 0.0 0.0 0.0 0.0 0.0 0.0 1.32518583376533e-07 0.0 0.0 0.0 1.5045772357697144e-06 3.9802105376005655e-07 0.0 0.0 0.0 9.913141159695442e-07 0.0 1.341449144455726e-07 5.80077470141862e-08 2.429225599663856e-07 1.0754557282062771e-07 0.0 0.0 0.0 0.0 0.0 0.0 0.0 0.0 0.0 0.0 0.0 0.0 0.0 0.0 0.0 0.0 0.0 2.4929902517042954e-07 1.922464557467133e-06 7.71538266366829e-07 0.0 1.8586543296286183e-07 0.0 0.0 0.0 0.0 0.0 0.0 0.0 0.0 0.0 9.376312976675907e-06 2.3607929377506854e-07 0.0 0.0 0.0 8.662005307539462e-07 0.0 0.0 0.0 0.0 2.9963139313599645e-07 0.0 5.34127908768634e-08 0.0 0.0 0.0 0.0 0.0 0.0 0.0 0.0 2.5969139879841256e-05 2.990396549996528e-06 3.5218676006630874e-07 0.00012437264769259195 1.381808331356624e-06 3.656496946392613e-05 3.5209443902008645e-06 0.0003409669605022249 1.9635012695317814e-06 0.0 2.3578219802612082e-07 2.0346086786416752e-05 0.0 8.558849804931492e-08 3.262656418917057e-07 8.038058458823759e-05 0.0 2.1636971846939695e-06 0.0 0.0 0.0 0.00012825704035908646 2.9378883649234533e-05
0.001303244841488074 0.0 0.0008075825296165809 0.00012867749114845342 0.0014221600136779347 3.590656353103917e-05 0.0007945113502278226 0.0001437881655914615 6.62541652784421e-05 0.00037555010511653537 0.0005781432133163662 3.0149510626403013e-05 0.00026266705534272006 0.0004012278945119457 2.3366560850751335e-05 2.3717691355163172e-06 4.62874464176231e-07 3.694593432416717e-07 4.3098190861738155e-08 6.351825477759614e-07 7.438118495091549e-06 1.1933848154497034e-07 1.6222115920801253e-06 2.453222686318681e-06 1.9917011956072508e-06 3.7419555627758918e-06 1.3787948179786108e-06 2.1675730388200003e-06 2.634050046310425e-07 2.833128638136087e-07 0.0006321068804483144 2.5061676734111345e-05 5.085627907763625e-05 1.968139440250663e-07 1.1873965615966049e-06 1.1521879401970142e-06 3.13090893830642e-06 1.1336207804726592e-06 1.0148270992471614e-06 1.2630765096845719e-06 6.816732193479705e-06 4.5921422223282e-07 1.484192662809802e-06 9.155176476055296e-07 2.923950419852527e-07 5.912841384769771e-07 7.213476068465213e-05 7.057214349789842e-06 1.5285550475549529e-06 2.2307283134288784e-06 6.531995764466032e-07 5.375545054581594e-07 4.84013694172975e-07 3.2361044312014065e-07 1.5471203255049247e-05 1.4313286020941688e-05 0.00026410209568071454 0.0003542854120025428 7.640207252838878e-06 2.5304082400026025e-05 2.981335806343724e-06 2.621270663798399e-06 6.076373301698801e-08 7.292326974120824e-05 6.20779711207643e-06 7.271489137215099e-06 7.603732648646413e-07 1.3050123341251907e-06 8.168515900308488e-06 4.4156178734883e-06 2.2031586125990955e-06 4.4744496526721655e-07 0.0 0.00024218598147583318 2.7700235350588958e-05 0.0001898278113953585 1.5907523787825503e-05 1.4259749399376052e-05 1.4450150401721185e-05 5.2921446512457946e-05 4.9226910857857595e-06 1.954464958350921e-05 1.9439724637075013e-05 6.417384258417239e-07 1.1307063688996114e-05 7.403467905462519e-06 3.195485416898842e-06 2.2625914185707428e-07 1.3724146129819435e-06 4.8007440754895875e-08 1.3794271920753047e-06 1.2003640819533326e-07 5.548373980791749e-06 2.593964148624872e-07 3.12183612941312e-07 3.4945155528844695e-06 7.569635242375378e-07 0.0 4.104614901200206e-07 0.0005971901790110668 2.657200874405338e-07 1.7300856943445825e-06 1.511198425228313e-06 3.881514206782535e-07 2.691374768254096e-07 2.657589431300164e-07 8.69080869360754e-07 5.940094106679809e-07 8.761926627408126e-07 2.0756671167778117e-06 8.738162170972036e-07 1.4563784716874673e-06 3.1757136120198195e-06 1.97850848862288e-06 2.852676087852429e-06 8.44761491049026e-08 0.0 0.0 0.0 0.0 0.0 0.0 0.0 0.0 0.0 0.0 0.0 0.0 5.578234363993876e-08 0.0 0.0 0.0 0.0 0.0 6.678588940400701e-07 6.68837355529023e-07 0.0 0.0 0.0 8.866368921029528e-07 0.0 9.238586737470058e-07 7.289289193124094e-08 6.334948430745577e-07 2.2152698680210383e-07 0.0 0.0 0.0 0.0 0.0 0.0 0.0 0.0 0.0 0.0 0.0 0.0 0.0 0.0 0.0 0.0 0.0 8.265099352677199e-08 1.2661796089130282e-07 0.0 0.0 1.2824358719480272e-06 2.9945231501991155e-07 0.0 0.0 0.0 0.0 0.0 0.0 0.0 0.0 6.548447177006978e-06 0.0 0.0 0.0 0.0 3.2892589784193896e-07 0.0 3.9958946303612225e-07 0.0 0.0 2.3650504702886704e-07 0.0 0.0 0.0 0.0 1.0092497726557368e-07 0.0 0.0 0.0 0.0 0.0 8.620624131418909e-06 1.2117601803232864e-06 1.2993092151635916e-06 0.00012039468536786116 8.719619476474307e-06 0.00025033752018619175 3.475806453812356e-05 0.00022301489621767917 7.103196316700117e-06 5.656306224413523e-07 6.988969602557621e-06 2.6242070704992385e-06 0.0 1.9451540412885537e-07 0.0 6.84522971922228e-06 1.415150054757433e-07 0.0 0.0 3.1973253444778654e-06 2.595560561352922e-07 6.38555579908858e-05 4.638962712654643e-06
0.00013368098429444956 0.0008075825296165809 0.0 4.020858016080289e-07 0.00014182545728394548 3.108520092058723e-07 1.1253726196090177e-05 0.0009138534811660986 3.864169685690544e-06 6.545325508394361e-06 0.001228500932481245 8.960041544143389e-06 3.6636750417246313e-05 0.0002447892256480978 1.824783047992884e-05 7.366959553151054e-06 3.906400349046641e-07 1.0898011695760976e-06 2.4074566951319846e-07 3.954517219229202e-06 5.259612608425494e-05 6.861257797316588e-07 1.0981009734124509e-05 1.7768956542212666e-05 7.857460095800825e-06 2.707793394079901e-05 6.195168001558865e-06 1.4859544301627571e-05 7.979828547251122e-07 1.5661852080745614e-06 0.0016555858788523464 0.0003011041360295529 0.0003807100940997838 1.350758283766816e-06 6.7849242853733365e-06 3.7055721749690525e-06 2.230882793139968e-06 7.027590844116652e-06 2.931989336259372e-06 6.859756466746335e-06 5.162786844850324e-05 2.4885554407579364e-06 6.056379607256666e-06 1.4997694282014e-06 2.011094503957553e-07 7.795871495549779e-07 2.905168856629251e-05 2.172404850889765e-06 2.2321538943015757e-06 3.095456514102623e-06 5.95126129302716e-07 1.981037585474544e-06 3.672912763954505e-06 2.0770365755652467e-06 5.988690562973227e-06 5.2120340826509025e-06 9.869969379145339e-05 0.0002990553163693039 2.67971176243234e-06 5.362815379996553e-06 9.494196750878586e-06 1.7337421464634955e-05 0.0 7.180146344075654e-05 2.0056396078822993e-06 2.4748917394673255e-06 2.968781858819005e-07 1.0458037439582646e-06 3.4745775647951114e-05 1.865956788722831e-05 6.68741047770279e-06 1.4146783225710312e-06 0.0 8.396201381795032e-05 1.5246213267070043e-05 7.080885036055061e-05 1.6282752673640974e-05 1.904981892251005e-05 0.00010893562824418154 0.0007208932666071091 2.744075603399047e-05 0.0001810132388505263 6.926862506515008e-06 2.764364758015766e-07 3.606315134415384e-06 3.4073634507786773e-06 4.034323663136709e-06 6.128539629412623e-08 4.743455851618297e-07 0.0 3.21464871180542e-07 0.0 2.6791219579019614e-05 1.4694515880944361e-06 6.685444387013806e-07 5.3282133248850754e-06 1.112578306361879e-06 0.0 2.1094508375942196e-06 9.961128817703233e-05 0.0 5.576709939574268e-07 1.748350776729045e-06 2.4716572363800513e-07 1.9729072403165597e-06 1.0584422273535879e-07 1.4945044804768059e-06 0.0 1.8993394651924887e-06 3.794239756947127e-06 1.595867938529111e-06 2.2468211594042944e-06 6.672105306201877e-06 4.355655683493434e-06 5.248979778333826e-06 3.5754278379933053e-07 0.0 0.0 0.0 0.0 0.0 0.0 0.0 0.0 0.0 0.0 0.0 0.0 0.0 0.0 4.2389006679700797e-07 0.0 9.002177564470375e-08 0.0 1.903330176664642e-06 6.408080777387193e-07 0.0 0.0 0.0 3.1360488351404164e-06 9.246476152157341e-07 2.227127357456886e-06 7.452835471720664e-07 3.7314509784159524e-07 1.632886468383104e-07 2.2803018022433223e-07 0.0 0.0 1.533546922029127e-07 0.0 0.0 0.0 1.1158177730430209e-07 0.0 0.0 4.025020092121277e-07 0.0 4.0277517604734865e-07 0.0 0.0 0.0 4.274536104451018e-07 2.5258863170840205e-07 0.0 4.1671633827577947e-07 4.208888022296763e-07 1.4632190815102024e-06 5.36597165338904e-07 0.0 0.0 0.0 0.0 0.0 0.0 0.0 0.0 1.0675239152848516e-05 4.960020439559117e-07 0.0 0.0 2.6949760553723067e-07 1.9731402592721617e-06 0.0 6.741768651440877e-07 0.0 4.796522249152591e-07 1.380231981770137e-07 0.0 0.0 0.0 0.0 0.0 0.0 0.0 0.0 0.0 0.0 1.3185699066520788e-05 4.001931224363441e-06 4.353570707712467e-06 7.6781233394015e-05 4.8593509056072274e-06 0.00010670185768324133 2.9271739450827048e-05 1.5100621142555518e-05 2.07243131430157e-06 1.4580216120265284e-07 5.157818478158273e-06 2.9843324456622373e-06 5.0768260772609726e-08 5.850860495030103e-07 3.497191304318095e-07 5.8004240607658525e-06 2.233597227491136e-07 0.0 0.0 6.316793605654327e-06 0.0 1.412045213771854e-05 7.030627386554539e-06
0.0002989725597761275 0.00012867749114845342 4.020858016080289e-07 0.0 4.610573414134981e-06 9.100079231109097e-05 0.0006063050819231152 4.8917336979471626e-08 1.0941692257640365e-06 0.0007809994269486819 2.1047721842500844e-06 0.00022556037421049682 0.00024391038011900654 1.0034133187489458e-05 1.119895651558453e-06 4.854927515606004e-08 4.138403045698167e-08 0.0 0.0 0.0 1.0973421896458373e-07 0.0 0.0 0.0 0.0 6.179634051213713e-08 0.0 0.0 7.77389720837392e-08 6.649020858526178e-08 4.82415484616746e-06 4.056802858310919e-08 0.0 0.0 0.0 5.856592996019793e-08 9.912976090504178e-07 7.551343913053657e-08 0.0 0.0 8.149830953313855e-08 0.0 0.0 7.115343843431272e-08 0.0 0.0 3.3301660791341e-06 9.779231603825495e-08 0.0 1.133247042371127e-07 4.126015297581153e-08 0.0 7.136960492690783e-08 0.0 5.780095015987659e-07 7.48735210190592e-07 1.1020841801034491e-05 6.682447456142642e-06 3.583475554970858e-07 1.130406873240431e-06 0.0 1.5943750377897722e-06 0.0 1.698295822908897e-06 1.649402602012754e-07 3.0249283481183763e-07 0.0 0.0 9.373219343910014e-08 0.0 1.4189400952203837e-06 7.15907976431985e-07 0.0 8.411499531556339e-06 7.694351747280429e-07 7.1786903549815315e-06 3.4278489261511195e-07 0.0 0.0 0.0 1.4718190711936437e-07 4.553653205294702e-08 6.843652408591875e-07 0.0 2.9214888516335984e-07 2.3427202009275536e-07 0.0 0.0 4.457862322605464e-08 1.5996195192382757e-07 8.719168847660528e-08 0.0 4.431807594130389e-08 5.3012892224042476e-08 0.0 1.5152202176526366e-06 1.0567073811084003e-07 0.0 0.0 0.00018448387358147348 6.993325100385152e-08 1.258570538295316e-06 6.011547290032824e-07 0.0 0.0 0.0 1.7261032219343307e-06 0.0 3.6609708250340225e-07 1.210345224924915e-06 4.653341247049855e-07 9.94820832046952e-07 3.9065260766273377e-07 7.263365483370385e-07 0.0 0.0 0.0 0.0 0.0 0.0 0.0 0.0 0.0 0.0 0.0 0.0 0.0 0.0 0.0 0.0 2.3908866422593093e-07 0.0 0.0 9.0453230372531e-08 0.0 0.0 0.0 0.0 0.0 8.813003808009344e-08 0.0 5.805374034445097e-08 0.0 0.0 0.0 0.0 0.0 0.0 0.0 0.0 0.0 0.0 0.0 0.0 0.0 0.0 0.0 0.0 0.0 0.0 0.0 0.0 0.0 0.0 0.0 0.0 0.0 0.0 0.0 0.0 0.0 0.0 0.0 0.0 0.0 0.0 6.223047680445392e-07 0.0 0.0 0.0 0.0 2.0709384927493704e-07 0.0 5.573854955249694e-08 0.0 0.0 0.0 0.0 0.0 0.0 0.0 0.0 0.0 0.0 0.0 0.0 0.0 2.3607154675325533e-06 7.096173356892679e-08 0.0 2.3190851924279426e-05 4.255382391188294e-07 1.3595205091816986e-05 2.588837242081134e-06 0.00015528803847349065 1.04019687696447e-06 0.0 5.474931825265913e-07 1.6763749294614084e-06 0.0 0.0 0.0 6.615528672361892e-06 0.0 0.0 0.0 6.756489135340383e-05 4.132598169822816e-05 7.139615451381338e-05 3.354821718433984e-06
3.802839466596048e-05 0.0014221600136779347 0.00014182545728394548 4.610573414134981e-06 0.0 2.6543735155941298e-06 0.0008513610474126359 0.0006960137587423164 0.00219635410346248 9.164941881944542e-05 0.0015567988556047909 8.591697832512995e-06 0.0007946336777143261 0.0028308933499320253 1.1514107850140858e-05 8.030634259941198e-07 5.639692150690231e-07 9.930487678462991e-08 1.0172089800080577e-07 4.4935262304623923e-07 3.7416424064353302e-06 1.5858886132623163e-07 7.044221482349715e-07 1.991298115071197e-06 1.0407657141801313e-07 2.361235957400264e-06 2.066065532162499e-07 1.0151923715236205e-06 0.0 2.527455662208096e-07 9.912157356673999e-05 2.0401815343992036e-05 2.7087648363488393e-05 2.1055491396654572e-07 7.498897514825831e-07 5.895064699865113e-07 1.6884808973420961e-06 7.392188489342306e-07 6.665730100793231e-07 1.2644236700934658e-07 3.126530112667538e-06 3.8018969013572174e-07 7.737404031197872e-07 8.136869890308396e-07 4.4071133367024404e-07 3.1161819876971706e-07 3.1774495571665353e-05 2.189013341919734e-06 9.321391577210806e-07 1.3112926769403848e-06 2.817928414790635e-07 1.4961404291838536e-07 6.555770263271153e-07 4.5428229242308705e-07 3.6097354033325978e-06 3.7390543583578817e-06 3.984174580643914e-05 7.842959935358791e-05 1.157960095946411e-06 1.0093711982151212e-05 1.982385134620304e-06 1.459343234583002e-06 0.0 4.32808454937643e-05 1.9773479795001185e-06 1.4589118158493294e-06 8.444835441901242e-08 5.133256740407926e-07 4.381280472594574e-06 1.8937230741454875e-06 6.766350787078426e-07 4.506309914275847e-07 1.1372931092530582e-07 6.485066063556384e-05 1.4795276854445637e-05 7.17301100943891e-05 1.1459432495915768e-05 1.1998931751128874e-05 3.910994203762844e-06 3.3757376770520316e-05 3.8123138615481194e-06 8.790591097637399e-06 4.731740193547745e-06 1.6763998014219758e-07 3.050261203032285e-06 1.663765781301775e-06 1.8125147515158376e-06 2.3156328361620063e-07 5.633920883996444e-07 3.8307804464067466e-08 2.5929089439997023e-07 4.5680256710755125e-08 3.491555033699717e-06 3.188464224404375e-07 3.919937822437811e-07 1.3543200097101219e-06 1.8573745934694127e-07 0.0 2.6795424819250345e-07 3.305651947612065e-05 6.676855137985982e-08 0.0 2.9905544347546074e-07 1.9021621555618944e-07 2.3481320299972815e-07 0.0 2.642008641762124e-07 0.0 7.346688350978694e-08 6.710501573498774e-07 4.780180615182608e-07 3.587995412904812e-07 1.2659213652541475e-06 1.2627514608754555e-06 2.0029498979156663e-06 0.0 0.0 0.0 0.0 0.0 0.0 0.0 0.0 0.0 0.0 0.0 0.0 0.0 0.0 0.0 0.0 0.0 0.0 0.0 2.8287538006494924e-07 0.0 0.0 0.0 0.0 5.279331924469183e-07 0.0 2.6682505398391523e-07 0.0 5.932192597956706e-08 0.0 0.0 0.0 0.0 0.0 0.0 0.0 0.0 0.0 0.0 0.0 0.0 0.0 0.0 0.0 0.0 0.0 0.0 1.4012347147352406e-07 0.0 0.0 0.0 3.4585651135628577e-07 1.188053793256204e-07 0.0 0.0 0.0 0.0 0.0 0.0 0.0 0.0 1.211562961153474e-06 0.0 0.0 0.0 0.0 1.2231576680675938e-07 0.0 0.0 0.0 0.0 7.171524239223917e-08 0.0 0.0 0.0 0.0 0.0 0.0 0.0 0.0 0.0 0.0 2.514100895143757e-06 4.114201656223979e-07 3.369443587709398e-07 5.334352243788801e-05 2.9697353223678513e-06 9.244897908918402e-05 1.604886267030522e-05 3.075657438612595e-05 4.2410971392431635e-06 1.9022390030811586e-07 3.329862032913972e-06 7.960583120883437e-07 0.0 9.07397078459832e-08 0.0 1.9616097407332656e-06 0.0 0.0 0.0 1.3713900789755864e-06 1.903556173160755e-07 8.45223252854708e-06 1.1909300789212465e-06
4.5576638416908665e-05 3.590656353103917e-05 3.108520092058723e-07 9.100079231109097e-05 2.6543735155941298e-06 0.0 2.828865916320888e-05 6.696356554778492e-07 5.146755988007311e-07 0.00031077531714896004 1.0984232308749075e-06 5.680657076373643e-05 5.4367771860064216e-05 9.202310241503009e-06 0.0 0.0 0.0 0.0 0.0 0.0 0.0 2.3317636523707118e-07 0.0 0.0 0.0 0.0 0.0 0.0 8.685375016086197e-08 0.0 3.4543002382174115e-07 4.6425179488519426e-07 5.840819781733286e-07 0.0 0.0 0.0 9.126429384844423e-08 9.791373151927629e-08 2.848113868398371e-07 0.0 0.0 0.0 0.0 0.0 0.0 0.0 3.617998484133106e-07 0.0 0.0 0.0 0.0 7.268559137473711e-06 1.1814645594077237e-06 7.789148651400827e-08 0.0 2.3441242968895965e-07 1.679421634488796e-05 3.8424573819661865e-07 2.3422159948152134e-07 0.0 0.0 1.703973483205215e-07 0.0 3.862275691292464e-07 4.677911144674968e-08 0.0 0.0 0.0 0.0 0.0 5.341651389621118e-06 0.00014404642194907968 5.5641693026877804e-06 4.360973330259224e-07 0.0 6.629103565275787e-07 0.0 0.0 0.0 1.394972883713563e-07 0.0 0.0 0.0 1.0503344361326395e-07 0.0 4.838627922808153e-08 0.0 5.404565989317791e-07 2.861002511165537e-07 4.5411155415253535e-06 3.3532309207939923e-07 6.316601346478968e-07 0.0 0.0 0.0 4.697702819766887e-05 3.411983313430956e-05 1.779354881380404e-05 8.256149226259149e-07 8.606367763342778e-05 1.704003286364911e-07 4.442601420314825e-06 1.2722192840148482e-06 6.308278670157312e-07 1.5590951407659913e-07 9.922048345087506e-07 2.525960774591444e-06 7.670568573884145e-07 2.2507679616077125e-06 4.511837550937368e-06 0.0 8.668477524392564e-07 4.5792862154606665e-06 9.872863053226343e-07 8.604899646018386e-07 3.661244740547651e-07 0.0 0.0 0.0 0.0 0.0 0.0 0.0 0.0 0.0 0.0 0.0 1.836405910974203e-07 0.0 0.0 2.6353881289936245e-07 0.0 0.0 0.0 1.7341727225740178e-07 0.0 5.991430697150509e-08 0.0 0.0 2.483643577689182e-07 8.863671339141364e-08 5.939957904800238e-07 8.516647486971847e-07 5.238360390618997e-07 0.0 1.1309246635465751e-07 0.0 0.0 0.0 5.843111385555979e-08 0.0 0.0 0.0 0.0 0.0 0.0 5.10240265939136e-07 0.0 0.0 0.0 0.0 0.0 0.0 1.004630534861976e-07 1.2156730436386887e-07 0.0 6.196394657138841e-07 0.0 0.0 0.0 0.0 0.0 0.0 0.0 0.0 0.0 3.7996664012107323e-06 1.758157456035114e-06 0.0 0.0 0.0 1.3472480906541101e-07 0.0 2.9402430297844595e-07 9.077860312903541e-08 0.0 1.789957326646842e-07 0.0 0.0 0.0 0.0 0.0 0.0 0.0 0.0 0.0 0.0 9.224290644085673e-06 2.1848370193925044e-06 3.083408381628939e-06 2.884095316683845e-06 1.0392329391167453e-07 1.7794970510907497e-06 2.685767742886023e-07 4.7576265014158594e-05 5.900375925273791e-07 0.0 2.5312482942501506e-07 4.332857353349646e-06 0.0 4.107144426382305e-07 4.817535564399036e-07 1.0147118546039397e-05 0.0 0.0 0.0 0.0 0.0 2.7328705954742665e-05 1.537665418507833e-05
0.00017153429737605205 0.0007945113502278226 1.1253726196090177e-05 0.0006063050819231152 0.0008513610474126359 2.828865916320888e-05 0.0 8.749411994858297e-05 0.0008948448525463084 0.0013576403787599828 0.000871964619651873 0.00013475194865769435 0.0013554947436902368 0.0021299353720470758 2.2347616423395717e-05 2.6527950495513744e-06 5.455859998704041e-08 6.102263752854008e-07 1.1098301454882054e-07 6.620884804077373e-07 4.389185530341283e-06 1.5515416235259053e-07 7.77341528264304e-07 1.5405769906820255e-06 7.016365714379836e-07 2.0743725078340813e-06 4.2212574853834324e-07 1.4017595778926894e-06 2.0215361201440972e-07 1.5987001205569848e-07 6.320520426704686e-05 1.9492368682803083e-05 1.9144197351394634e-05 2.85122210759205e-07 9.954831604787895e-07 9.671737797797467e-07 2.277313020448675e-06 9.211921188197833e-07 8.751569057571691e-07 6.916677276688985e-07 5.004673891032384e-06 1.7737229912505945e-07 2.0039519391750504e-06 7.499408127897623e-07 2.396843818759653e-07 6.111633931051827e-07 5.8695963467573436e-05 3.4859664481368517e-06 1.2067253576242948e-06 1.6289044710956876e-06 4.636609112500719e-07 3.473922631362259e-07 2.3863150607257386e-07 3.6446134976127985e-07 5.551275379578189e-06 4.412046774667235e-06 6.198267452419849e-05 8.002078232179882e-05 1.504280409976923e-06 1.546704982120469e-05 3.4748582994012573e-06 2.893524161753631e-06 1.4149418285752592e-07 5.097789165904674e-05 2.2623861835027853e-06 2.2938759176834907e-06 4.639467264310864e-07 6.810789997746348e-07 1.0509611343111543e-05 2.465054515521984e-06 4.06615727826802e-06 3.280842141390291e-07 7.66108648986085e-08 9.731193280086273e-05 1.6956172563724698e-05 0.00011229988978950175 1.885575300258087e-05 1.4473917215774378e-05 5.434484863020528e-06 1.3428500239801475e-05 4.6726206662967836e-06 1.4686959559759658e-05 7.221685271415972e-06 6.24694589115857e-07 3.898412515543468e-06 2.7483936334716816e-06 2.0552347471805084e-06 2.2618352893730037e-07 3.0478993854129514e-07 0.0 7.434387999757924e-07 7.59786815709319e-08 4.7723521349990055e-06 2.3354583083249742e-07 2.9283612154991886e-07 7.032170538732584e-06 8.057391954248226e-07 0.0 5.085883358276141e-07 0.0001152494300049387 9.905060688037546e-08 1.286930292813193e-06 4.4119023229275115e-07 1.7975328219174952e-06 9.759468869473334e-07 1.5333383431042423e-06 2.4533362154805125e-06 2.002915732264479e-07 2.1929137512577752e-06 2.48109317949705e-06 1.0868364930665326e-06 1.6553919598065633e-05 5.3477979709603904e-06 2.335894402699281e-06 4.1302486708428245e-06 0.0 0.0 0.0 0.0 0.0 0.0 0.0 0.0 0.0 0.0 5.7710554081022126e-08 0.0 0.0 0.0 0.0 0.0 7.029812374519903e-08 0.0 0.0 9.791585013519377e-07 8.625694548737008e-08 0.0 0.0 0.0 7.730936313614044e-07 5.595096041504054e-07 6.29741340277558e-07 0.0 1.0677787510172104e-07 0.0 0.0 0.0 0.0 0.0 0.0 0.0 0.0 2.4651889428897564e-07 0.0 0.0 0.0 1.0857791395903562e-07 0.0 0.0 0.0 0.0 0.0 2.7206079245235824e-07 3.136353795612062e-07 0.0 0.0 3.9886066060026776e-07 6.794580498316514e-08 0.0 0.0 0.0 0.0 0.0 0.0 0.0 0.0 8.10447562663151e-06 0.0 0.0 0.0 0.0 1.2976992758323847e-06 0.0 1.8842163701207035e-07 1.1778075533387772e-07 8.569397531884685e-08 0.0 0.0 0.0 0.0 0.0 0.0 0.0 0.0 0.0 0.0 0.0 9.726271479031543e-06 1.7247095894729202e-06 1.5354157493145753e-06 0.00013664877633922333 4.7190382848532675e-06 0.00016349538912548218 3.3774070520903386e-05 0.00010981557783276343 7.6051811182017784e-06 7.491356055627415e-08 7.760169851421565e-06 3.3869781039444496e-06 0.0 9.702798737218344e-08 2.3353899914202607e-07 5.296723875058189e-06 0.0 0.0 0.0 3.5992850117712544e-06 1.6777668593993237e-07 3.5788714879932185e-05 5.946343721285544e-06
5.300901716538728e-06 0.0001437881655914615 0.0009138534811660986 4.8917336979471626e-08 0.0006960137587423164 6.696356554778492e-07 8.749411994858297e-05 0.0 0.00029731344113528786 4.004938535948682e-06 0.0021699613095007156 1.0240687293623588e-05 6.255486551317666e-05 0.000941013872588652 1.6303810384077233e-05 4.806584371772342e-06 6.320457868144765e-07 1.7954841030480774e-06 2.9394373006422016e-07 4.6213869903118385e-06 6.521015864701642e-05 6.099899116892398e-07 1.5881737554144426e-05 2.1650796740851155e-05 1.6702295038944255e-05 4.031764074197238e-05 1.1160374374475232e-05 2.1864361198040505e-05 1.3485302024274945e-06 2.4628694975887726e-06 0.00025863606429193676 0.00034352729505340233 0.0004390205413938909 3.2314177007690643e-06 1.3369113974271236e-05 1.0280320017708659e-05 8.309991848527485e-06 1.5982649721090518e-05 3.620604316922155e-06 1.0334794639734481e-05 6.777703062205671e-05 2.4841126571064175e-06 7.992116008455642e-06 4.262879851132595e-06 1.2806105112032178e-06 1.6094371443666434e-06 2.671549978540292e-05 1.6748206010984745e-06 2.2949371765254006e-06 6.503112957296669e-06 1.2633383383612127e-06 2.5742794352014042e-06 5.231618566752522e-06 3.1279642925436795e-06 1.9431189893994936e-06 1.5287427174756506e-06 2.030318754964306e-05 8.873926657144427e-05 4.4645558675128796e-07 4.5093061108662645e-06 2.665387142240971e-05 6.430418868637966e-05 6.049305769712233e-07 7.12343346300346e-05 5.632800062028126e-07 9.655544315766262e-07 1.814691393609361e-07 1.3490097957371787e-06 4.9172404956911736e-05 2.302135260131142e-05 4.6135227211406936e-06 2.057364168543108e-06 0.0 3.2589279774098754e-05 1.53373908833957e-05 5.112321459048067e-05 2.7663094429812368e-05 0.00018435909578932205 0.000581022443493993 0.000901500329082374 6.377006462538612e-05 0.0005160668331084233 3.2230469002632157e-06 1.2222140093263575e-07 1.5744173087065316e-06 1.125850841181484e-06 7.187236634188039e-06 0.0 2.454745742960427e-07 0.0 2.3037267978109444e-07 0.0 3.0095613782540762e-05 1.4755312455027662e-06 5.678410126538736e-07 2.559196653582348e-06 6.322408319373743e-07 0.0 7.226949693625917e-07 1.3268262493469167e-06 2.2260328400164748e-07 7.610082773328398e-07 2.9897233657277775e-07 5.86161475644022e-07 2.245585512484595e-07 8.211974860577991e-08 1.2599683712745246e-06 3.30011567919242e-07 8.002153849418951e-07 1.0228639207942306e-06 8.530189675597219e-07 1.5311534043581706e-06 4.086957778077628e-06 2.4437273780431246e-06 4.063255487145296e-06 1.7331958052342812e-07 6.99786468311562e-08 0.0 0.0 0.0 0.0 0.0 0.0 0.0 0.0 1.371702375055862e-07 0.0 0.0 9.600965515859874e-08 0.0 9.0530761780725e-08 0.0 6.858457164164892e-08 0.0 1.3138307939270973e-06 1.5253370873809594e-07 0.0 0.0 0.0 1.9297166704580107e-06 3.7926033187195817e-07 1.3891986223061444e-06 4.724794898326871e-07 1.2193029137147675e-06 3.6050724074455486e-07 0.0 0.0 0.0 0.0 4.7121199888474745e-08 0.0 2.213256642987098e-07 0.0 0.0 0.0 4.38862396754419e-07 3.7052651952253557e-07 8.057794080939194e-07 0.0 1.3213059518934415e-07 0.0 0.0 1.409633590681382e-07 0.0 0.0 9.294641585652778e-08 1.014698258172124e-06 7.167618657525917e-07 0.0 0.0 0.0 0.0 0.0 4.429456815918156e-08 0.0 7.017390791897922e-08 5.418869576685079e-06 1.0650103686276945e-07 1.5581913995417873e-07 0.0 0.0 1.4918826302891277e-06 0.0 0.0 0.0 6.246041106103893e-08 6.859349819189597e-08 0.0 0.0 0.0 0.0 0.0 0.0 0.0 0.0 4.70958564044871e-08 0.0 6.398270081133517e-06 1.924827105767797e-06 3.7497512234896743e-06 5.080134157078715e-05 1.0716757517088468e-06 6.918475367182733e-05 1.879611742714083e-05 7.177817507539892e-06 3.341042425516505e-06 5.157098368310664e-07 3.483881472355886e-06 4.438265208155127e-06 0.0 2.783141864442866e-07 3.1891258329531284e-07 2.9785753426681365e-06 0.0 0.0 0.0 3.5820009212647868e-06 0.0 6.656057726474808e-06 2.4871296259232363e-06
1.3470088627069053e-06 6.62541652784421e-05 3.864169685690544e-06 1.0941692257640365e-06 0.00219635410346248 5.146755988007311e-07 0.0008948448525463084 0.00029731344113528786 0.0 3.062354068680894e-05 0.0006892714938070764 7.089871190821777e-06 0.00029707176987609884 0.0012411118366552852 5.438656902243407e-06 1.2390330337637857e-06 4.925859755564962e-08 0.0 0.0 5.017500260313333e-07 3.425382999040115e-06 6.364592892215356e-08 8.505326461609354e-07 1.379110213155565e-06 9.250340556542916e-07 1.9535013556087723e-06 5.795881008198915e-07 8.838514124901812e-07 2.305464631570933e-07 1.9583640398646128e-07 2.9456922531810077e-06 4.393540333481637e-06 1.5963090198934845e-05 1.3249194050357794e-07 4.0678062352624037e-07 4.989479639117119e-07 3.267248355144841e-06 4.933110238020651e-07 1.6580864076837163e-07 3.6791815274502863e-07 3.7677785680849167e-06 1.2578933226812923e-07 5.610514965330558e-07 2.3408076875371265e-07 0.0 5.529730441472134e-08 7.21752998747189e-06 3.1059071684212914e-07 1.8881795424654615e-07 4.014698948368914e-07 0.0 1.3715332025310187e-07 7.615106657403918e-07 1.7605209833767726e-07 4.674749958080428e-07 2.301375227727318e-07 2.860380769742e-06 4.6743353234208684e-06 4.781835266452189e-08 1.7273109841827546e-06 1.12742598856322e-06 2.8193358222148663e-07 6.337625351989216e-08 3.884257260085725e-06 4.0408556482829e-08 1.1647562529886821e-07 0.0 0.0 3.7049095945781357e-06 1.5137381763496266e-06 1.539785979549429e-06 2.201742113051508e-07 0.0 4.9572614408456115e-06 2.5657697080585057e-06 1.1918758850737234e-05 3.597514218164245e-06 2.7484451519046196e-06 5.549102333300676e-06 2.2562714530306398e-05 2.3513011425045804e-06 5.518230046440909e-06 7.538001240025133e-07 0.0 3.035511313348549e-07 5.6432138907276104e-08 3.675178905512501e-07 0.0 8.63535178031475e-08 0.0 6.690761839411164e-08 0.0 3.0491678014106542e-06 4.2317510051403635e-08 0.0 3.8961637627613764e-06 6.075771479440213e-08 0.0 0.0 2.301142773879938e-06 0.0 8.647597927429055e-07 1.7766364660757788e-07 0.0 5.840307009012239e-07 0.0 3.6058364913513714e-07 2.073599108641146e-07 6.599787550463283e-07 9.303228135119034e-07 7.665133672561561e-08 6.822222353027848e-07 4.591980900128392e-06 1.5467978351602907e-06 1.3877224012578715e-06 0.0 0.0 0.0 0.0 0.0 0.0 0.0 0.0 0.0 0.0 0.0 0.0 0.0 9.411760084543129e-08 0.0 1.1327105135082955e-07 0.0 0.0 0.0 6.062416928340798e-07 2.095373433892643e-06 0.0 0.0 8.11455956170872e-08 7.704155511060007e-07 0.0 7.460056798911431e-07 0.0 9.651119770352685e-08 0.0 0.0 0.0 0.0 0.0 0.0 0.0 0.0 0.0 0.0 0.0 0.0 1.0954609911695833e-07 5.353139161502459e-08 0.0 7.371742441966401e-08 0.0 0.0 3.026311027558657e-07 1.8389678308951016e-07 0.0 0.0 8.443131622616993e-07 5.048456996657734e-07 0.0 0.0 0.0 0.0 0.0 0.0 0.0 0.0 5.056095686864957e-06 0.0 0.0 0.0 0.0 6.273449502730943e-07 0.0 3.066491013963346e-07 0.0 0.0 1.3565308390513249e-07 6.453481895832542e-08 0.0 0.0 0.0 0.0 0.0 0.0 0.0 0.0 0.0 6.6619582085828365e-06 1.0007562140869147e-06 8.987052352942323e-07 1.8893130581322062e-05 1.0555236953497359e-06 1.697064678857891e-05 5.5760660473482255e-06 4.169174131393925e-06 9.835662410949063e-07 0.0 1.10482764913912e-06 7.623145483825382e-07 0.0 5.344895132407781e-07 0.0 1.4244146908962432e-06 0.0 0.0 0.0 1.0200923385244042e-06 0.0 5.51091860068621e-06 2.989633286757422e-06
0.0006099437157658783 0.00037555010511653537 6.545325508394361e-06 0.0007809994269486819 9.164941881944542e-05 0.00031077531714896004 0.0013576403787599828 4.004938535948682e-06 3.062354068680894e-05 0.0 3.006090561666264e-05 0.001048909104447471 0.002977898391791117 0.00033740778271107615 2.5955498120587053e-05 2.764584073996855e-06 1.94196690290882e-07 1.0071787410101164e-07 0.0 2.699208463990645e-07 3.477037158734681e-06 0.0 6.626763153379971e-07 5.981652885156123e-07 3.6403925711296574e-07 2.2337669687236153e-06 4.1471263009621563e-07 7.981393645064997e-07 1.5236397470444703e-07 5.520879478948968e-08 7.96458102038819e-06 5.219248869703856e-06 1.954010200647709e-05 2.3444253160013544e-07 6.969053522310229e-08 2.777227305021121e-07 1.1568680235888962e-05 9.477051824570584e-07 1.3455519777182806e-06 5.164368647551178e-07 1.9424976403122375e-06 3.996465641623799e-07 6.029819506458649e-07 5.916681277136316e-07 9.501881528000873e-08 2.3201455312592706e-07 6.027151547759414e-05 1.1270913149172647e-06 7.671746914510905e-07 6.326451218770102e-07 2.7654807927615703e-07 1.4941727223573424e-06 4.245228116334904e-07 2.72186771992135e-07 2.4998407347235338e-06 1.223160544000516e-06 4.3111048851883585e-05 1.8861811153482055e-05 8.327420711121649e-07 1.0351232176528975e-05 1.7377701367212346e-06 1.2632856969106633e-05 0.0 1.4328451855472197e-05 7.875707069526298e-07 9.779692832917695e-07 1.2540807858719535e-07 3.9961555879793315e-07 5.716395718533037e-06 1.2668894676255155e-06 2.467697711682882e-05 2.935002411228587e-05 9.711734933898708e-07 4.550044226945617e-05 7.352868237708871e-06 7.173457737566198e-05 1.4469090514874514e-05 4.366192533013218e-06 2.2660895572411997e-06 7.427289261457606e-06 3.0082164998745595e-06 1.4618982940181065e-05 2.905736873898079e-06 1.7589755023769464e-07 1.1891767712743583e-06 1.0931782491076604e-06 1.4241266476770824e-06 1.2274408284433844e-07 5.685389968948833e-07 9.293270496330157e-07 3.4159122207806607e-07 3.10046546420356e-07 3.250744113983745e-06 3.644104180330559e-07 6.274103876454698e-07 5.852618179566144e-05 6.063553944079097e-06 1.3137837999593449e-06 4.616099773004027e-06 0.0003879241011738089 1.7097848941792067e-06 3.883651960071953e-05 3.059385118225456e-05 2.1926034956861024e-05 8.558055194383474e-06 1.0075788138746438e-05 3.310655708075846e-05 1.9873355690247225e-06 2.3973212855347052e-05 6.025282446198514e-05 6.634158602291793e-06 2.216369455957954e-05 6.800244500271072e-05 3.065385270666116e-05 1.914298186840013e-05 4.528225494986173e-08 1.1851155184587612e-07 6.314165802033542e-08 0.0 0.0 0.0 0.0 5.74710309817524e-08 0.0 0.0 0.0 0.0 0.0 3.3951491728885205e-07 0.0 2.017618408416121e-07 0.0 0.0 0.0 5.53161541933458e-06 3.425310402430465e-06 0.0 0.0 8.801064835007172e-07 6.228101850002278e-06 7.012179414273057e-07 3.131559888986108e-06 4.002489695262687e-07 1.7977113745189285e-06 7.66108936939319e-08 1.1338586190455115e-07 1.1596528218323284e-07 0.0 0.0 0.0 0.0 2.803049439271614e-07 1.426362017832634e-07 0.0 0.0 0.0 5.033266527728078e-07 0.0 0.0 9.416593379572048e-08 0.0 1.0178486861139666e-06 8.840493623413248e-07 1.7564184488656984e-06 2.5748649305116396e-07 5.4594550948277276e-08 2.5175496786299444e-06 1.734206089154982e-06 0.0 1.9508405417491486e-07 0.0 0.0 0.0 0.0 0.0 7.286093632112271e-08 5.1299891921674814e-05 2.005895328350969e-07 0.0 0.0 0.0 2.666765680193867e-06 0.0 4.603695086038036e-07 4.1478521590761955e-07 6.67477068052084e-07 1.8059250173486135e-07 2.5778722420968806e-07 2.527249487692713e-07 0.0 0.0 0.0 0.0 0.0 0.0 0.0 0.0 0.00013924996533526727 1.4355433048281032e-05 3.89402895307389e-06 0.00040292398368083526 8.441030463864291e-06 0.00019226891321221664 6.929017474368625e-05 0.0004723800526197951 1.4845479045953045e-05 0.0 2.0332648066587104e-05 4.000576870882767e-05 0.0 1.1650273969524362e-06 0.0 0.0001248256800088226 0.0 0.0 0.0 1.4277583548947925e-05 5.300118908473879e-07 0.0005288733622027971 0.00012581859432050577
2.855124607470568e-05 0.0005781432133163662 0.001228500932481245 2.1047721842500844e-06 0.0015567988556047909 1.0984232308749075e-06 0.000871964619651873 0.0021699613095007156 0.0006892714938070764 3.006090561666264e-05 0.0 8.214278269043505e-05 0.0005617082411161612 0.0015380799175702144 2.4819287650703513e-05 8.194114471267692e-06 9.014469892084546e-07 1.3843824280998963e-06 1.4584428156192333e-07 2.1620369435322375e-06 4.887315168596526e-05 1.2448199579146594e-06 9.255643146953995e-06 1.6094571603558647e-05 2.2536965122244512e-05 4.487367510814489e-05 1.305350218089761e-05 2.8653851669423694e-05 3.92483054381535e-06 4.6732113987564585e-06 4.388929592827864e-05 2.650584649980373e-05 0.0004585127018901054 8.090230320998736e-07 8.220660253591154e-06 7.206528017891833e-06 8.269128952593514e-05 2.577527775881328e-05 1.3637592635694257e-05 2.5289853280964408e-05 7.963471035899766e-05 4.604280761319043e-06 5.547045141407356e-06 1.2737429273613084e-06 2.924422303214376e-07 4.116473319285232e-07 2.4973574130775595e-05 8.846951010674814e-07 1.2834727087562975e-06 1.442420863729972e-06 9.310638287642853e-07 4.802728958726493e-06 1.692716611663558e-05 6.8736828173803015e-06 9.281932553715181e-07 6.133915752281361e-07 1.1738725888927996e-05 2.9742325997290958e-05 2.6256350089890374e-07 3.7405348447134294e-06 4.3353545161876845e-06 4.99845149160666e-05 0.0 2.172984654804335e-05 8.95699705419625e-07 1.1228010097018602e-06 2.5393607647111487e-07 8.575934106285538e-07 1.7609645699342803e-05 1.2238566968589587e-05 2.256174310207518e-05 3.0699726133199382e-06 4.956089158034999e-07 2.2552957764093993e-05 6.7170379715282724e-06 4.066949729526727e-05 1.5161569460794186e-05 1.1799816531651875e-05 0.00011694885118147992 0.0004877909649070459 9.785851843038421e-06 0.00031096719648521026 2.1661117517463147e-06 0.0 1.0676953957548636e-06 7.018872815203856e-07 2.120611764558149e-06 5.35002674698689e-08 1.390860695570326e-07 4.476747375501076e-08 8.549246564585087e-08 1.284230029360542e-07 2.6240231976018696e-05 1.0575285733393117e-06 3.906440230569519e-07 2.8393395035950356e-05 4.323155582605472e-06 6.008644973395448e-07 1.9313687769408885e-06 7.663917728841883e-06 2.0521589639156912e-06 3.318695908394173e-06 3.877959348523855e-06 6.560569183882786e-07 1.7506036328447179e-06 1.8279672974818006e-06 3.3045676053591113e-06 5.012942284570059e-07 2.8576282895698194e-06 7.765766226119402e-06 3.2556615273510802e-06 4.8734156753606726e-06 2.3352758460385097e-05 1.0855385129103176e-05 1.3435502337397127e-05 1.0262694285087976e-07 6.288891426821998e-08 6.704076796940934e-08 0.0 0.0 0.0 5.2421367892975e-08 0.0 0.0 0.0 0.0 0.0 1.9072688261921285e-07 5.025298285843046e-08 4.592871355910273e-08 1.0772739837050436e-06 1.490713014645348e-07 1.9966852881452824e-07 1.9175905818451135e-07 4.07972467000018e-06 2.009797796554632e-06 0.0 7.696868278572854e-08 1.0310300513403425e-07 5.185625002525758e-06 8.993523453976646e-07 4.762805322688173e-06 1.3542181174583506e-06 2.8198724410630834e-06 4.996201547418063e-07 4.0159248372734046e-07 0.0 0.0 0.0 0.0 0.0 2.2812681732958728e-07 8.500891513885208e-07 0.0 0.0 4.531842475555625e-07 7.102077442015547e-07 1.990401356712912e-07 0.0 0.0 0.0 5.659857011733356e-07 2.344722375756148e-07 7.281623878040994e-08 3.002263045169762e-07 2.0389266597622605e-07 3.2516360347277025e-06 1.713900354191062e-06 2.819859213211407e-07 0.0 0.0 0.0 0.0 0.0 0.0 0.0 3.38263393059772e-05 1.0171180623739084e-06 4.2813478541608985e-07 0.0 5.860684091588659e-08 5.1222833429874905e-06 3.9305704596008106e-07 1.6094383969632104e-06 4.4970236024573644e-08 1.3262893065513114e-06 2.283502690389969e-07 1.4211538796816483e-07 3.369597786666085e-07 0.0 0.0 0.0 0.0 0.0 0.0 0.0 0.0 3.962299711841604e-05 1.414000609877738e-05 8.448090436460517e-06 6.516718728155705e-05 2.5507580328911147e-06 6.436204373539339e-05 2.2344468673418947e-05 7.518321785347599e-06 1.8027089396688852e-06 0.0 4.26813253204943e-06 9.90191888789447e-06 0.0 1.7310798276882835e-06 3.5637675317331167e-07 1.8608168879294777e-05 4.91464368915618e-07 3.226800770200589e-07 2.0973010432313515e-07 4.439845142759374e-06 9.691688493622971e-07 3.0997910665718705e-05 1.9194161222007525e-05
