0.0 0.0013939662627206267 0.0004062659958245197 0.00039659219721391135 7.999287354202951e-05 0.00011153563674007311 0.00019318171915713378 1.517016896994931e-05 2.0207916179353433e-05 0.00034256581094245443 0.00013132463072994182 2.6916604052433206e-05 3.421951337881788e-05 7.259858282964961e-05 2.7011446867073816e-07 5.290994262958963e-07 2.0162238632902463e-07 2.0980527578700148e-07 9.150994189220158e-08 2.573254256433695e-07 4.88079108414117e-07 0.0 0.0 1.493300001747944e-07 2.1235346141985504e-07 8.908677243968095e-08 4.271964250268164e-08 0.0 1.0602511025244696e-07 1.5673761193989352e-07 0.00021881357086700375 6.589293412424443e-07 1.3498231844911023e-05 0.0 0.0 3.9929668937178107e-07 9.234590528517848e-06 4.298412585392152e-07 3.546244963629257e-07 2.7152951903438435e-07 1.5578932573223627e-07 1.2130209954750404e-07 1.2724848126063222e-07 2.0977154150912102e-07 3.502593605460719e-08 9.497442402947934e-08 1.1126615281163627e-05 3.7382848040144e-06 2.7077957365453013e-07 3.402004776519823e-07 3.4683854723215815e-07 0.0 0.0 1.3409736236274594e-07 8.064914746561767e-07 3.3207387824670808e-06 6.071466477611078e-05 0.0004742285054564789 3.510209477039911e-06 2.5593391929676373e-05 0.0 5.127942543310701e-07 0.0 9.255182034815707e-06 2.7579829948454355e-06 3.2889050718250993e-06 5.542196675027079e-07 1.6749843232019653e-06 4.088483619846121e-07 4.5170504209002957e-07 3.0523005407934855e-06 7.528451779918288e-07 0.0 0.0001503869143902984 4.8832012826714635e-05 1.271241863656435e-05 1.6631769330741718e-06 5.631940278849045e-07 2.3653074544301598e-07 3.813118639057228e-05 9.423124884399249e-08 1.2464797122469257e-06 6.247040004125037e-06 4.62026050728461e-07 3.539713517316995e-06 1.3268780945138319e-06 5.351258717324737e-07 0.0 1.0401770191739491e-07 1.4076632472296516e-07 3.872371080451293e-08 2.0267953632855722e-07 2.12744545655355e-07 1.876630624012444e-07 0.0 3.074994801001389e-05 5.3892746131574324e-06 2.855710227360221e-07 5.565061533241602e-07 0.0003463855975556686 0.0 2.916571688006661e-06 7.695402789219868e-07 0.0 2.2647008491099138e-07 4.9279589407780275e-06 1.3572413290527013e-06 5.892486803879641e-07 1.0334356793322055e-06 2.993113284448946e-06 2.601724275453394e-07 5.96562349628406e-06 1.8987710500357693e-06 1.97793257361037e-06 3.7109920519732994e-07 0.0 0.0 0.0 0.0 0.0 0.0 0.0 0.0 0.0 0.0 0.0 0.0 0.0 0.0 0.0 0.0 0.0 0.0 0.0 9.244441542522596e-08 0.0 0.0 0.0 0.0 3.1844933877722883e-07 0.0 3.824239880196612e-08 0.0 0.0 0.0 0.0 0.0 0.0 0.0 0.0 0.0 6.798027431857487e-08 0.0 0.0 0.0 0.0 0.0 1.5475480658063783e-07 0.0 0.0 0.0 4.6787854437411164e-08 0.0 6.362029326275275e-07 0.0 0.0 2.3409515586374156e-07 0.0 0.0 0.0 0.0 0.0 0.0 0.0 0.0 0.0 1.2183119033455737e-06 0.0 0.0 0.0 0.0 5.536945952665314e-07 5.515694038315402e-07 1.8901043804980694e-07 0.0 0.0 5.215113589967033e-08 0.0 0.0 0.0 0.0 0.0 3.814527053230067e-08 4.14894664842761e-08 3.8102661679040143e-08 3.877241497209327e-08 0.0 4.5463132197614254e-07 6.339678271550546e-07 5.754419649264947e-07 4.3045138511037396e-05 4.972201408292638e-06 8.662021724777514e-05 1.5094492402466626e-05 0.0002961735068360813 2.1583961401380616e-06 9.384970939616196e-07 2.028780105764503e-06 6.099929923649195e-06 0.0 1.2722710681762814e-07 0.0 1.7288609044977267e-05 5.620586968244189e-08 0.0 0.0 4.5749156164052035e-06 4.5212461909987077e-07 0.00013613546061317785 2.548127519263313e-06
0.0013939662627206267 0.0 0.0007313993609458944 0.0009256758889246118 0.001060432085791422 7.426673696806617e-05 0.0006989953432523214 8.074153853245587e-05 0.0011612104938939231 0.0008269646185113912 0.0011712246275497643 0.00011640417524275322 0.00099362213983658 0.0011960442322678998 2.9144842003889657e-06 2.3500398006516113e-06 6.696421965168905e-07 5.419810154102445e-07 2.3568879854797848e-07 5.149605998346657e-07 6.676593600392463e-07 0.0 1.7119171046298437e-07 5.6271233857189904e-08 6.35961290562323e-07 5.269410470997205e-07 2.0866887308701645e-07 2.2732868792339804e-07 7.115687052064743e-08 1.77558342121102e-07 0.0007834234294441509 1.1691864487999515e-05 2.398262971692067e-05 3.956374002886783e-08 1.3412727880335453e-07 6.605346922203011e-07 2.421883367844303e-05 1.767255802073685e-06 6.65940998744265e-07 5.66628766677609e-07 8.235285939029898e-07 4.4007096193640285e-07 6.327189645444395e-07 2.449710792727859e-07 3.336390176541477e-07 2.992276542104361e-07 5.068497487455761e-05 6.117914236070273e-06 9.740293261948269e-07 3.3027999379011926e-07 8.818349275710727e-07 0.0 7.083954075535675e-08 5.818900178477538e-08 1.3366313676056468e-06 4.635097875437924e-06 3.025971603424813e-05 0.0004383884263939633 3.6513127205536386e-06 5.822053508627573e-05 2.1444318956151223e-07 1.0071429244806178e-06 9.388782631006283e-08 3.830751294824328e-05 3.8255585024543306e-06 5.277041985401247e-06 4.7080680027788536e-07 2.0507332691062815e-06 1.043662694878599e-06 8.004151386634631e-07 9.620020368087553e-06 1.057644672993104e-06 0.0 0.00022715969776111549 0.00010818151490519541 4.903463582871114e-05 1.6740466666467912e-05 8.164298088035623e-07 1.135390064840063e-06 0.00010625613322597097 5.751576012038719e-07 1.8436701593157683e-06 9.860183955873367e-06 4.247201287057699e-07 4.514748410892851e-06 2.396666088416662e-06 1.5191776723070102e-06 4.295252085176458e-08 2.406004277215955e-07 9.133544163968008e-08 9.041547705522809e-08 1.836292401754501e-07 5.824443608179801e-07 3.752899185576331e-07 2.5936324053364676e-07 1.4198671085749501e-05 1.687318679897827e-06 0.0 9.140977530089275e-07 0.000216619394448014 2.697194868570962e-07 3.092157050399632e-06 1.5562390660339765e-06 8.71722466591826e-07 4.779920944969509e-07 1.2953948698909578e-05 1.2019074831708754e-06 1.3699249040823241e-06 4.4154955604907805e-06 5.9317300672961975e-06 3.18456414320782e-07 1.8360014296531295e-05 8.394691703824468e-06 1.007219761227194e-05 4.08470053014473e-06 0.0 0.0 0.0 4.661290296825846e-08 0.0 0.0 0.0 0.0 0.0 7.480508923709145e-08 0.0 5.1359091230164974e-08 6.303419708904448e-08 0.0 0.0 0.0 0.0 0.0 0.0 6.292240388988503e-07 9.864125815481961e-07 0.0 5.470351279045601e-08 0.0 4.1575825691078125e-06 1.6719724910866563e-07 8.127880938302854e-07 6.528309773205707e-07 2.321376847624086e-07 0.0 0.0 0.0 0.0 7.811082675085378e-08 0.0 0.0 0.0 2.367319802809364e-07 0.0 0.0 0.0 0.0 9.098858052383675e-08 0.0 0.0 4.182978106916839e-08 5.974411212462677e-08 1.3953246117553912e-07 1.5604529003568305e-07 1.2105812360317255e-07 0.0 1.7501137671805197e-06 2.679619980785522e-07 0.0 0.0 0.0 4.556049852295065e-08 0.0 3.6429811027033995e-08 0.0 0.0 7.335817772805413e-06 1.7073886400618897e-07 0.0 0.0 0.0 2.6998644762102925e-06 5.920994476149252e-07 2.6902776709370048e-06 5.724060782969846e-07 4.2668857292879794e-08 1.6171700918375924e-07 1.0027869919271208e-07 1.2689650894950097e-07 0.0 0.0 8.267036302958456e-08 0.0 9.289518083979987e-08 0.0 0.0 0.0 4.58858771760843e-06 4.0698327398769974e-06 3.982345643199096e-06 0.00010534817295658789 6.809405582715856e-06 0.00016770576122381142 3.36481899364805e-05 0.00015087216900318487 1.3075896753962636e-05 5.691990210825068e-07 1.1789696130486839e-05 7.3586437213650964e-06 6.5770293054903e-08 1.3264247696118152e-06 1.9988236274594711e-07 1.7802871818842782e-05 3.829842901612587e-07 0.0 1.7048824428594286e-07 9.587486987711912e-06 7.99307125658158e-07 6.956374988627322e-05 4.879552548945692e-06
0.0004062659958245197 0.0007313993609458944 0.0 0.00012043924775287947 0.00015299631277150495 8.521479761300737e-06 3.163108040884937e-05 0.0007993360929723624 0.00031686148011840357 3.5961826489539334e-05 0.0012051064328976943 2.327671104912518e-05 0.00020301715371935888 0.0007717340007810635 2.9778122484192843e-06 2.6014785763283072e-06 2.984809451429712e-07 5.927337881820262e-07 4.479602474553134e-08 1.0164331365046578e-06 4.8174576993072485e-06 0.0 1.2492506491383508e-06 8.198752989994448e-07 4.0222935902996365e-06 2.708392419972689e-06 5.971166225822589e-07 1.5362748772719461e-06 6.089246078492296e-07 5.6241243510408933e-08 0.0020699138297931964 0.00013492157993332638 0.0001000281379516973 9.398520352683516e-08 5.961688381586138e-07 3.0358709147242163e-06 7.087510911603888e-05 8.418163378391587e-06 2.573547951783027e-06 1.7879075282877158e-06 4.516490830591832e-06 2.2317979417623064e-06 4.520504484212171e-07 3.8115753185022763e-07 2.9433184873729967e-07 2.5845599948023506e-07 2.3990314535179067e-05 2.954489490899655e-06 9.029071176690128e-07 4.093104622721458e-07 7.057125707093854e-07 0.0 4.700453177555471e-08 6.699769564694608e-08 7.401429124801974e-07 2.8654372598710525e-06 1.9327865055048057e-05 0.0004169613787501599 2.3881372072128166e-06 2.303875298100411e-05 1.238408496960273e-06 4.30972376947877e-06 4.10680215931737e-07 0.00014039311697078085 1.6203211787408077e-06 2.484181650640314e-06 3.8738759268143475e-07 9.839240868189127e-07 1.4094411807893473e-06 4.346806522089546e-06 1.806451055262719e-05 4.452729645713945e-07 0.0 0.00011520395968191658 0.00011494685338029469 2.2581238338076982e-05 9.917808042215469e-06 1.472046663731769e-06 1.428074376178367e-05 0.0006224260645199548 6.857286801177249e-07 2.0443062506596342e-05 4.7602900691549895e-06 3.0911361611021347e-07 2.7643505055980244e-06 7.175369359180288e-07 9.440123770816164e-07 3.8310466386702833e-08 4.412586691342955e-08 9.216976063977109e-08 0.0 1.2864518733434078e-07 4.969522469026597e-06 1.3223663677490163e-06 6.604977508035204e-08 4.263912133892367e-06 2.501006725299051e-06 0.0 1.4708831821992136e-06 0.00010183521940560531 0.0 7.096188542204907e-07 2.455942172200773e-07 0.0 1.7335727411707242e-07 1.0653946726057202e-06 3.75181898852042e-07 5.31234050492358e-07 4.796142066167377e-07 9.851171347102077e-07 1.18914871833538e-07 2.904129222139842e-06 1.400091365382204e-06 2.69145705785581e-06 7.269383728416611e-07 0.0 0.0 0.0 0.0 0.0 0.0 0.0 0.0 0.0 0.0 0.0 0.0 1.7554715290186433e-07 0.0 0.0 0.0 0.0 7.8145866056146e-08 0.0 4.1633557847693205e-07 5.443920097933195e-08 0.0 8.255766000654549e-08 0.0 1.128448890487875e-06 4.704910108728185e-08 3.301962580968438e-07 4.7258199541940566e-07 1.9692699883611418e-07 0.0 4.001291840563545e-08 1.0624782455793215e-07 0.0 0.0 3.578701792769537e-07 0.0 6.490617819795827e-08 0.0 0.0 0.0 0.0 9.914960347929361e-08 4.760847356702715e-08 0.0 1.3703817842602107e-07 0.0 0.0 0.0 0.0 0.0 0.0 1.7362490003655665e-07 0.0 0.0 0.0 0.0 0.0 0.0 4.3558672048810506e-08 0.0 0.0 2.5602659156880804e-06 0.0 0.0 0.0 5.367797518369761e-08 3.9628475612171005e-07 3.1804233748608327e-07 8.425222740382767e-07 1.4857388946424657e-07 4.935798825855418e-08 0.0 5.850852539644533e-08 0.0 0.0 0.0 0.0 0.0 0.0 0.0 0.0 0.0 1.5745872457701373e-06 2.0212160618611233e-06 2.3077629494764864e-06 4.8082760297777235e-05 3.820300517838681e-06 7.51336944975671e-05 1.5592249815885205e-05 2.8683475698002595e-05 4.951216240767744e-06 2.8448550054590327e-07 6.853328600524966e-06 7.133428228737977e-07 1.6596140565378018e-07 5.18474558264535e-07 2.038735061021071e-07 2.09431424137015e-06 0.0 1.0363243293071954e-07 0.0 1.1791563082086233e-06 2.9881570898534e-07 1.0820248531871444e-05 1.5295568762214714e-06
0.00039659219721391135 0.0009256758889246118 0.00012043924775287947 0.0 9.838357700709934e-05 0.000173488290809555 0.0005234875625898689 2.5049469667514527e-06 2.6895350593833274e-05 0.0006011665172222526 8.904607141591268e-05 0.0002938796660046095 0.0005494258577869767 6.48936239042731e-05 1.1209089322170853e-07 0.0 4.891176223888211e-08 3.6364804713752093e-08 0.0 0.0 0.0 0.0 0.0 0.0 0.0 0.0 0.0 0.0 0.0 0.0 1.5284570613555794e-05 1.0768043347220991e-07 0.0 0.0 0.0 0.0 6.88356060104053e-08 0.0 3.5422726624572487e-08 0.0 0.0 0.0 3.653853478616171e-08 0.0 8.821506469597658e-08 7.968832677112945e-08 2.9106860493876095e-06 3.868129371832067e-07 4.567206572481467e-08 0.0 4.172067999958183e-08 0.0 0.0 0.0 2.0805693775953426e-07 1.3029853453644296e-07 3.063578171477856e-06 2.367343249348053e-05 4.5361042100924964e-07 3.333429133525769e-06 7.852579434941924e-08 0.0 4.3009156318577914e-08 9.004219331582915e-07 2.5315377229593614e-07 3.2082677197845893e-07 0.0 1.2237781555549128e-07 3.7793912809339484e-08 0.0 9.377375796773446e-07 2.79992367018132e-07 0.0 1.6389205663347547e-05 6.518127933779615e-06 1.7931649994499573e-06 2.798685897386356e-07 3.901098409644735e-08 0.0 4.719987473561919e-07 3.560579610328834e-08 0.0 8.995669709973226e-07 1.2424654479282152e-07 5.235336652601825e-07 1.4611620193943868e-07 4.532026456481936e-08 1.2846194281469045e-07 0.0 0.0 0.0 0.0 4.163500329683248e-08 0.0 0.0 2.1573178479164975e-05 9.606716763059675e-07 0.0 0.0 0.0001043047403432932 5.6419061761089226e-08 1.5379553480393016e-06 1.9349831645974414e-07 5.4172734219814036e-08 4.876205478432592e-07 3.5403892531202095e-06 4.001008507637537e-07 1.1986739792160912e-07 8.796701263174999e-07 1.6987518325076185e-06 2.4137496829764893e-07 4.067264963273772e-06 2.1792472457561073e-06 1.144295007877428e-06 6.123570983383752e-08 0.0 0.0 0.0 0.0 0.0 0.0 0.0 0.0 0.0 0.0 6.372844444353468e-08 0.0 0.0 0.0 1.868823992822813e-07 0.0 0.0 0.0 0.0 1.4315967886963935e-07 0.0 0.0 0.0 0.0 3.7859035816577724e-07 0.0 0.0 1.0358045744256297e-07 0.0 0.0 0.0 0.0 0.0 0.0 0.0 0.0 5.2361021649554526e-08 0.0 0.0 0.0 0.0 0.0 0.0 0.0 0.0 0.0 0.0 0.0 0.0 0.0 0.0 0.0 4.3160982935381355e-08 0.0 0.0 0.0 0.0 0.0 0.0 0.0 0.0 3.988953866355037e-07 0.0 0.0 0.0 0.0 1.3320519427869562e-07 0.0 8.39947460789484e-08 0.0 0.0 0.0 0.0 0.0 0.0 0.0 0.0 0.0 0.0 0.0 0.0 0.0 4.1677906218863e-07 6.447051687113405e-08 3.2128236463302703e-07 1.911750688524079e-05 6.634924211276497e-07 1.1529170061906796e-05 2.1930491534265746e-06 0.0002868487658522076 6.412465348861754e-07 0.0 6.394161396135044e-07 2.8689355540821814e-06 0.0 1.323632162652697e-07 6.747536290825632e-08 9.327048890815757e-06 0.0 0.0 0.0 1.2001433611188724e-05 0.0 0.00010120246242216988 1.1669847434716638e-06
7.999287354202951e-05 0.001060432085791422 0.00015299631277150495 9.838357700709934e-05 0.0 5.651513752906436e-06 0.00048575918099489615 3.5602103828713574e-05 0.0017395803069099325 0.000175052574282384 0.00026959541072048786 3.774556598588206e-05 0.00021146552210695395 0.0006466112782669804 2.462349234424966e-06 2.598821754456793e-06 4.3398380841393576e-07 3.461481663374216e-07 5.5336379123908114e-08 1.3423773352283474e-07 4.170247535341197e-07 0.0 5.2348585963606556e-08 2.0980517659713853e-07 5.42748888871592e-07 2.6673899095886486e-07 1.275819614694812e-07 1.0788822651047698e-07 0.0 8.696602315462841e-08 8.258789812571414e-05 5.185184281904837e-06 1.542512320940791e-06 4.1869663173648966e-08 9.741659320299246e-08 0.0 2.4276218170698863e-06 2.3394864660154894e-07 1.2218121735743633e-07 3.8436426621142583e-07 1.0891357390608653e-06 1.7679869947347544e-07 1.3436294224819563e-07 9.446994244190003e-08 1.956551514058974e-07 1.4165951971383137e-07 2.343200253510085e-05 1.320585061733982e-06 4.0834527877960965e-07 1.7402973082011422e-07 1.332488844959516e-07 0.0 0.0 1.6046549373053658e-07 4.793630851124794e-07 1.1507065141964587e-06 5.623667004087184e-06 4.3440949715304653e-05 9.074762656399481e-07 1.732632442664378e-05 0.0 4.7274451509240897e-07 0.0 1.4393843785441879e-05 1.1118044425143683e-06 1.1149870212266026e-06 8.234168672193858e-08 6.366676507494823e-07 4.3065025884057765e-07 4.455180063205273e-07 2.9635093424758338e-06 2.7354354780655976e-07 0.0 4.6406419489018516e-05 2.8972963771212098e-05 2.30480636455889e-05 1.0088916709369319e-05 7.082847894625488e-07 1.6737339474597162e-07 3.4320219862495357e-06 1.5083601347741247e-07 6.737271462547584e-07 2.372914286117533e-06 0.0 1.0467942511033205e-06 3.780639633980954e-07 2.0471172657013862e-07 0.0 1.611302525222581e-07 4.5777568730747224e-08 1.802260943265271e-07 0.0 4.3811709278852245e-07 1.2568177154151999e-07 0.0 8.920848411945603e-06 2.3737821585198723e-07 0.0 8.548034688574252e-07 5.066827880117782e-06 4.787977962491474e-07 2.624418083666706e-06 2.979534876823269e-06 3.8921374029409433e-07 1.4023364248491536e-06 2.1468449391440705e-05 2.1345647214423165e-06 3.4249495273066604e-06 6.292920325774146e-06 9.741922064521557e-06 8.23585377182148e-07 3.128135264373163e-05 1.0398677296222509e-05 1.810331024286668e-05 8.464283801745678e-06 5.8326342791797676e-08 0.0 0.0 1.651094541968853e-07 0.0 0.0 0.0 0.0 0.0 0.0 0.0 1.354357058990873e-07 0.0 0.0 0.0 2.096797461532606e-07 0.0 0.0 0.0 1.0607510544416434e-06 1.7986952816331437e-07 0.0 0.0 0.0 7.425704925752883e-06 0.0 1.3631414455019365e-06 1.141005669754331e-06 2.803205571009599e-07 0.0 0.0 0.0 0.0 0.0 1.8462994141849945e-07 0.0 3.870214809525929e-07 7.193640987681084e-07 0.0 0.0 8.348060028688434e-08 1.578045525623635e-07 1.03045602363046e-07 0.0 0.0 5.967308829299596e-08 1.8916769871517756e-07 4.039560728893602e-07 2.477840104293013e-07 4.0365030360534494e-07 0.0 2.8796912126998153e-06 1.8023477635687926e-07 0.0 0.0 0.0 0.0 0.0 0.0 0.0 0.0 1.2687370578349134e-05 0.0 0.0 0.0 5.1014987981489974e-08 8.155252769948373e-06 2.357046269162173e-06 4.233667993315546e-06 4.1190509793432296e-07 7.494445293935714e-08 1.8907311437376044e-07 0.0 4.764841790828444e-08 0.0 0.0 0.0 4.7209337448539304e-08 0.0 0.0 0.0 0.0 7.434586249933485e-06 5.661594558705125e-06 7.039853328941248e-06 7.833775038238529e-05 1.8935800594204584e-06 5.621655584202889e-05 1.3126720461100686e-05 2.5658613255462634e-05 7.580446740406379e-06 2.861190175550237e-07 8.974043616452297e-06 9.14111782734319e-06 1.6947811028142218e-07 1.7730679546186267e-06 1.5321888461700823e-07 2.3712455388140123e-05 7.370599631780931e-07 0.0 1.4082885712437253e-07 1.4520750921321e-06 0.0 5.69592737816968e-05 9.686838775139968e-06
0.00011153563674007311 7.426673696806617e-05 8.521479761300737e-06 0.000173488290809555 5.651513752906436e-06 0.0 3.741974239814185e-05 1.476387857838579e-07 1.762785225487675e-06 0.00016494657588056637 3.5464691288295994e-06 1.9705738799517713e-05 2.341125086440301e-05 4.8078290320220205e-06 4.96764421756243e-08 4.978450077920083e-08 0.0 0.0 0.0 0.0 0.0 2.9543402704478765e-07 0.0 0.0 0.0 0.0 0.0 0.0 0.0 0.0 1.6310212093494515e-05 0.0 5.92290666221593e-07 0.0 0.0 0.0 2.386041741618306e-06 0.0 2.0074538418052086e-06 0.0 0.0 0.0 0.0 0.0 0.0 0.0 2.1651043077778144e-07 0.0 0.0 0.0 3.3444056899129676e-07 1.5305656799148897e-06 4.715862303307097e-07 0.0 0.0 3.763682018326599e-07 2.441501933807857e-05 2.9290922365225304e-05 3.4460218535475496e-07 1.937703923087637e-07 0.0 0.0 0.0 0.0 0.0 1.9751163944720694e-07 7.504258477704717e-08 1.7705257495510359e-07 0.0 0.0 1.0913932680550097e-05 2.214023513535192e-05 3.184156321169181e-06 1.3812971774550897e-06 5.465453050227969e-07 4.6672253514456115e-08 4.56162510054943e-08 4.3366442094521487e-08 0.0 2.229570055755933e-07 0.0 0.0 1.9394650682768139e-07 1.0190500801614897e-06 0.0 6.295503113109954e-07 0.0 3.4844663935104972e-06 1.5842565031031808e-06 4.305936653835886e-06 8.239728594641956e-07 1.0737576577914255e-06 0.0 0.0 0.0 6.653945792936745e-05 1.9825005795364528e-05 9.208734685563314e-06 8.452564476656943e-06 0.0001360754756991845 0.0 1.1064299195343144e-06 5.99296321764259e-08 0.0 0.0 8.39935305169031e-07 3.4378517206839007e-07 2.5901039690764143e-07 3.1585893910566703e-07 7.763705084400779e-07 0.0 1.9146373554797704e-06 2.7191425122886054e-07 3.901495674770123e-07 1.5304820025685924e-07 0.0 0.0 0.0 0.0 0.0 0.0 0.0 0.0 0.0 0.0 0.0 0.0 0.0 0.0 0.0 0.0 0.0 0.0 0.0 0.0 0.0 0.0 0.0 0.0 6.277529598769638e-08 0.0 0.0 0.0 0.0 0.0 0.0 0.0 0.0 0.0 0.0 0.0 0.0 0.0 0.0 0.0 0.0 9.397700383150258e-08 0.0 0.0 0.0 0.0 0.0 0.0 0.0 0.0 0.0 0.0 0.0 0.0 0.0 0.0 0.0 0.0 0.0 0.0 0.0 9.3633238995301e-08 0.0 0.0 0.0 0.0 0.0 0.0 5.573495044364726e-07 0.0 0.0 0.0 0.0 0.0 0.0 0.0 0.0 0.0 0.0 0.0 0.0 0.0 6.616307713236708e-08 1.6950428862562917e-07 0.0 1.1539242135107746e-05 1.3256428850961093e-06 6.12558041441405e-07 7.064493413415682e-08 0.0001094754776877941 4.922511274026136e-07 8.26053287097532e-07 0.0 1.524579707832172e-06 0.0 0.0 0.0 4.2300111392463324e-06 0.0 0.0 0.0 8.749832652629992e-08 0.0 2.959882179627893e-05 9.062637415273395e-07
0.00019318171915713378 0.0006989953432523214 3.163108040884937e-05 0.0005234875625898689 0.00048575918099489615 3.741974239814185e-05 0.0 1.7868222900528908e-06 0.0004666272212208596 0.0009608727953912628 6.558902275582653e-05 0.00021335171168528207 0.00062782377217746 0.00020615371623539135 2.401535462708686e-06 1.4291008177743077e-06 2.9607721690357785e-07 1.6615704307159455e-07 1.8977537082345452e-07 1.9683928387892734e-07 2.1908432992391589e-07 0.0 6.478965150294956e-08 1.8256415887668456e-07 3.436166893342175e-07 1.5292496365936065e-07 1.929756481190682e-07 1.652806442308451e-07 0.0 5.1273013878165504e-08 3.798042191632481e-05 4.086683988990142e-06 9.948101159245766e-07 0.0 0.0 0.0 3.3436196510924154e-06 3.336241741829005e-07 5.897637752908731e-07 3.50700689309376e-07 5.658912258653144e-07 1.595898534005034e-07 2.1053230441872855e-07 9.892226809313708e-08 6.483600623220878e-08 3.6031721264354716e-08 2.5276772180983516e-05 1.3403025089049159e-06 1.1086529938598883e-07 1.7015995695815132e-07 3.822186805626643e-07 0.0 0.0 0.0 4.845284458451783e-07 1.3449128537322398e-06 7.642920736488592e-06 6.179366320615928e-05 1.115769761497989e-06 2.2113724236708138e-05 4.0748471530873635e-08 1.6526795181819315e-07 0.0 1.1583112963489786e-05 1.3686995436345169e-06 2.081809029163003e-06 3.296447741285475e-07 7.797347329647609e-07 3.3941458469887566e-07 2.644351644154994e-07 6.6329179348728205e-06 7.120513514099219e-08 0.0 7.178881327978199e-05 3.5937763024911394e-05 2.070392263107542e-05 8.781596171857235e-06 3.8592051237245236e-07 8.392584218752455e-08 7.136575737026529e-07 2.65517629223962e-07 7.831290878689723e-07 2.267463940277674e-06 1.322506688341724e-07 1.995772080501019e-06 6.927720472572839e-07 3.1904029253135994e-07 0.0 8.27020882265166e-08 0.0 2.7389430650054504e-07 2.716364340371887e-07 9.63201776320487e-07 0.0 7.733329491971934e-08 2.293895200352988e-05 1.3373282094557662e-06 0.0 5.320019356231012e-07 1.4405791153860103e-05 9.70805282230104e-07 7.077048574525943e-06 5.067303345753116e-06 6.40902657245816e-07 2.3992147233212474e-06 3.3204503293992476e-05 3.417464846962992e-06 3.6833406177185772e-06 1.1901618708235713e-05 1.401549794390243e-05 2.0485764769479124e-06 4.641472949903784e-05 2.0310503228925216e-05 2.9466127791545407e-05 1.2625233357135143e-05 4.53746633974694e-08 0.0 0.0 2.017393914692544e-07 0.0 0.0 0.0 0.0 0.0 0.0 0.0 0.0 0.0 0.0 0.0 0.0 0.0 0.0 0.0 2.4962193401807553e-06 9.893304555796535e-07 0.0 4.3344812480732873e-07 0.0 9.994461548161887e-06 0.0 1.991926800700493e-06 8.670573300621992e-07 5.0521936566934736e-08 0.0 0.0 0.0 0.0 9.589003787425892e-08 1.2533914252649352e-07 0.0 2.6658533613674535e-07 2.4825229938631986e-07 0.0 0.0 6.392680083053186e-08 5.465854282947871e-08 0.0 7.469691393955859e-08 0.0 0.0 5.381592299929295e-07 6.301413545304931e-07 7.709028909114497e-07 4.2312005618453834e-07 5.837204870265964e-07 1.5413818404590908e-06 4.1381875045504796e-07 0.0 1.286760995633769e-07 0.0 0.0 0.0 0.0 0.0 0.0 1.9263477861551553e-05 3.250311424214531e-07 0.0 0.0 0.0 6.765686623738406e-06 3.96514777024782e-06 6.099557218711822e-06 6.141216859992638e-07 8.683628942662026e-07 2.668936026714264e-07 5.4834038870427745e-08 2.1587708210930976e-07 0.0 0.0 0.0 0.0 0.0 0.0 0.0 0.0 1.2894050519644189e-05 1.0296111072632133e-05 8.940759804471983e-06 7.169848042204789e-05 3.5425410780058374e-06 7.298699631585436e-05 1.6779892485909778e-05 7.543234685057272e-05 7.335545588042034e-06 1.574390281931019e-07 7.957908500752952e-06 2.0022884604565775e-05 0.0 3.363840582117602e-06 1.5899982230658708e-06 3.6082792432696594e-05 2.8001690386735303e-07 0.0 3.660349714472005e-07 4.475361761722335e-06 6.14989122744166e-07 0.00012564629886988209 1.2595975801722452e-05
1.517016896994931e-05 8.074153853245587e-05 0.0007993360929723624 2.5049469667514527e-06 3.5602103828713574e-05 1.476387857838579e-07 1.7868222900528908e-06 0.0 8.592819954137006e-05 1.818560210515906e-06 0.0019395645201409786 1.706863920630441e-05 0.00010890668651597878 0.0006936216029055695 4.071387317314448e-06 5.117921585952425e-06 6.923380040866543e-07 1.050508845342134e-06 2.7968192219626575e-07 6.910630759359899e-06 0.00011275887871412718 3.9802700466955525e-07 2.7321178303776713e-05 2.2903406542091828e-05 3.922373684179804e-05 2.5635899827105464e-05 1.5900855377627873e-05 6.782157796745934e-06 2.607856192777515e-07 2.6588822705746567e-06 0.0008734496662559428 0.0007868374112701967 0.00010299117042821033 3.5934453039737625e-06 2.046534298092647e-05 2.42421958921342e-05 5.842661506115339e-05 2.555100276834786e-05 5.26220347559206e-06 1.1660867224077425e-05 6.601194633828656e-05 2.104670786819107e-05 3.480263917399394e-06 8.920142113995218e-07 1.130401522679818e-06 1.8298877784339953e-06 2.2476571899448076e-05 1.4276600675116752e-06 1.0387051155147715e-06 3.2795901284619105e-06 6.3260527467950935e-06 3.2997145885933857e-07 6.224765648448011e-08 7.632060453959494e-07 3.3420244719377535e-07 4.0295031101840397e-07 4.7458367991589895e-06 7.940345746027134e-05 5.417560761399915e-07 1.3121749162417391e-05 3.3407581188479816e-05 7.154826082105609e-05 1.759120027800583e-06 0.0004512190958009454 5.850102703179037e-07 1.098114697184942e-06 5.163629422264658e-07 3.559943149821526e-06 1.1799824205117448e-05 5.1424552116974224e-05 1.223021828182586e-05 5.778631661409518e-07 0.0 4.1065083418283634e-05 5.36308911444398e-05 2.4421826224915594e-05 2.2940527706463234e-05 7.56990457338188e-06 0.0004910375283130584 0.001437560950768136 3.0830114163528065e-05 0.000707738505334159 1.4411645884139917e-06 0.0 9.25144341329128e-07 7.465936960400351e-07 1.6481777804197792e-06 4.325104733088932e-08 1.5855273586347687e-07 1.396833036733107e-07 6.354792278286574e-07 2.23294325015606e-07 7.939325703927762e-05 2.1376534898830446e-05 3.060062380952872e-06 3.565040174573389e-06 6.843449620813581e-07 2.5357472240466363e-07 1.5900969344835441e-06 4.533002484732815e-06 4.2676135105957255e-08 2.5284638096592767e-07 0.0 0.0 6.464337951846816e-08 9.446342702933735e-07 0.0 3.595612302963513e-07 1.2685043428573694e-07 2.176102907653367e-07 1.8727120020603544e-07 1.1023656285165184e-06 5.564511399033403e-07 2.2159338496136776e-06 7.007082242976529e-07 4.928811969709119e-08 0.0 0.0 0.0 0.0 0.0 0.0 0.0 0.0 5.6826494819873287e-08 0.0 0.0 2.1124712102792403e-07 0.0 0.0 7.120448943443373e-08 1.279356919695547e-07 0.0 8.956965981063842e-08 1.347755254002531e-07 0.0 0.0 0.0 5.846812983855681e-08 9.836091259409362e-07 1.997858801828401e-07 3.587614488175402e-07 6.935681917744554e-07 2.0351723167378514e-07 6.298642258331637e-08 7.259863213090128e-08 0.0 0.0 0.0 1.0615009725929082e-07 0.0 0.0 0.0 0.0 0.0 6.764684662200628e-07 7.171330620249133e-08 4.279065388695712e-07 0.0 0.0 3.8027635244706655e-08 0.0 3.619886979762641e-08 0.0 3.770508848160762e-07 5.432338611745695e-08 5.695660313548126e-07 0.0 0.0 4.147947359181432e-08 0.0 0.0 4.474017890782262e-08 3.223334582162252e-07 2.478128882936984e-07 4.2680285132024775e-07 1.5719148608146452e-06 1.6289671895584366e-07 0.0 0.0 8.099646446585047e-07 8.415168622491891e-07 6.052550185795804e-07 5.572402361055488e-07 1.3838611031577553e-07 0.0 7.269091371157981e-08 0.0 0.0 0.0 0.0 0.0 0.0 0.0 3.648974037525513e-07 4.332021417269481e-07 6.034380625608823e-08 1.176877061302263e-06 1.6488965801826846e-06 1.8590744578274003e-06 5.406649576967061e-05 4.447707258416562e-06 4.0815714906196675e-05 1.2362463248215364e-05 4.288800920416363e-06 3.4689842348462917e-06 0.0 6.364387127663251e-06 1.5852584996491461e-06 6.618765443549299e-07 1.5854631769587786e-07 1.82070912972202e-07 9.400278541625799e-07 0.0 0.0 0.0 1.631301247616093e-06 6.576084629015691e-07 4.842554531706417e-06 2.4644937153709403e-06
2.0207916179353433e-05 0.0011612104938939231 0.00031686148011840357 2.6895350593833274e-05 0.0017395803069099325 1.762785225487675e-06 0.0004666272212208596 8.592819954137006e-05 0.0 4.519161786046359e-05 0.000529573417129671 1.5490107537548435e-05 0.0006702638772639612 0.00023655668190010048 1.2487190109222308e-06 1.0194428175613712e-06 2.0687730967321931e-07 1.3905433491800053e-07 4.987196289948228e-08 1.3281643225292692e-07 1.725862051862202e-07 0.0 1.1158821455575472e-07 0.0 2.100094299187298e-07 3.0592229313085006e-07 1.582352232776546e-07 1.5924984221989754e-07 5.551224080592031e-08 1.924796676862087e-07 4.241453441440261e-05 2.7505578361991005e-06 8.577728243726242e-07 0.0 0.0 1.723035393606622e-07 1.5537220746405537e-06 1.955712212226947e-07 7.750140034343304e-08 1.7626014519554228e-07 4.834851240794728e-07 2.831997743144784e-07 2.5122394210306305e-07 9.306335627988741e-08 1.333090557896422e-07 0.0 1.1745762660789038e-05 5.607212129335558e-07 1.1853664338222882e-07 0.0 2.770879011222587e-07 0.0 0.0 6.78853943524684e-08 8.805781570000162e-08 2.9300507346183076e-07 2.1630355339809187e-06 1.6028089696132008e-05 6.463378610831694e-07 8.134767492103872e-06 0.0 1.7999336962448666e-07 0.0 6.400877024408411e-06 3.027115950649346e-07 5.664335143498507e-07 9.084836495568976e-08 2.491399164060727e-07 1.3944036241539216e-07 1.5014224067834471e-07 1.5873685442086031e-06 1.3520255137430768e-07 0.0 1.8089196143854806e-05 1.2617927619193934e-05 9.55440289743788e-06 5.326353068524047e-06 5.582276886947542e-07 9.700711411017378e-08 2.817978002866005e-06 1.0217400742349948e-07 4.6848189491620527e-07 7.131389040748813e-07 0.0 4.3016750372277066e-07 1.9046029822063122e-07 7.782515994571839e-08 0.0 1.3532190206305998e-07 0.0 0.0 0.0 3.335569040068655e-07 6.023226628281404e-08 9.89775499100568e-08 4.078973210216254e-06 0.0 0.0 2.663251514018774e-07 2.112448198231049e-06 0.0 1.9317400528402513e-06 7.800159615097566e-07 1.6191085729424292e-07 2.6623286982119887e-07 8.40331164132245e-06 7.67638334694882e-07 1.4259419512740025e-06 2.5273180383794965e-06 3.780788722179582e-06 1.980484861035789e-07 1.2345442633383779e-05 5.7865945380270975e-06 8.486926466887724e-06 2.8739486564304385e-06 0.0 0.0 0.0 0.0 0.0 0.0 0.0 6.642196656431959e-08 0.0 0.0 0.0 0.0 0.0 0.0 0.0 0.0 0.0 0.0 0.0 8.733725035753667e-07 2.3799438717008473e-07 0.0 0.0 0.0 3.0762060834903017e-06 1.9222866287590667e-07 6.266567524102421e-07 3.4726456574838965e-07 1.2408441020987414e-07 0.0 0.0 0.0 0.0 0.0 0.0 0.0 0.0 0.0 0.0 0.0 0.0 0.0 0.0 0.0 8.610144541165682e-08 0.0 0.0 2.2702911508846474e-07 1.9455325316390466e-07 0.0 0.0 5.377166175961055e-07 6.270610036138164e-08 0.0 0.0 0.0 0.0 0.0 0.0 0.0 0.0 6.685952113389154e-06 1.611378920866002e-07 0.0 0.0 3.3780220291014884e-08 3.401564054565092e-06 9.224781333737252e-07 2.6255439391779366e-06 7.441424227930275e-08 2.0603422306720817e-07 2.0011650916935565e-07 0.0 0.0 0.0 0.0 0.0 0.0 0.0 0.0 0.0 0.0 2.7772630769577825e-06 3.784026310422838e-06 3.1947665635580137e-06 3.1803430411853646e-05 1.1009313547684634e-06 2.0703552870715543e-05 6.143611396638069e-06 9.352603692536405e-06 4.446720043105067e-06 4.97955937066911e-07 4.5939468058678586e-06 4.251326566226881e-06 0.0 1.1994468471787702e-06 5.3425041033317307e-08 9.591308372479975e-06 0.0 0.0 0.0 4.2180165175553797e-07 7.961538954759444e-07 2.5930779507290226e-05 3.350231631793751e-06
0.00034256581094245443 0.0008269646185113912 3.5961826489539334e-05 0.0006011665172222526 0.000175052574282384 0.00016494657588056637 0.0009608727953912628 1.818560210515906e-06 4.519161786046359e-05 0.0 3.367010043651183e-05 0.0009039049795847332 0.0022380168636341475 0.0002220524173920177 8.459091099619005e-07 5.469672470301535e-07 1.1349966545050332e-07 1.4131984694569894e-07 0.0 8.45254974210005e-08 2.5065211837817564e-07 6.768221461527551e-08 1.0147682716090643e-07 1.4926508332687903e-07 2.408440808126477e-07 1.4169103486164192e-07 0.0 0.0 4.649014481598085e-08 0.0 2.308856378460107e-05 1.9724417767722127e-06 5.967943333238236e-06 4.462786486463799e-08 0.0 8.662807940194924e-07 2.963033379335266e-05 5.111565324497228e-07 1.979733756495968e-06 3.234662570178584e-07 0.0 0.0 7.94903710333824e-08 5.3538024121851685e-08 7.842577790433423e-08 6.275422105918022e-08 1.4123829521871452e-05 1.1420841669682779e-06 3.4158341772864064e-07 1.3478725703266443e-07 3.0497045553712135e-07 8.376982236788976e-08 5.263243934466032e-07 0.0 8.635841328312814e-07 8.569923479639912e-07 1.2971826298597375e-05 6.044515443594185e-05 1.3022177597481744e-06 1.5839363388416907e-05 1.1815767197939758e-07 2.711796783328557e-07 0.0 6.24499902682854e-06 9.745193591257115e-07 9.251647588816897e-07 8.376235784448212e-08 8.780485898878972e-07 2.053698338063484e-07 2.1158442490874263e-07 6.259146053763068e-05 2.7429186413878337e-06 0.0 5.618544679696602e-05 1.994552415107262e-05 1.2569905348857704e-05 2.8921529914164097e-06 3.711658724545905e-07 0.0 1.4493900030945607e-06 0.0 1.0071874432249635e-07 2.822172368747142e-06 1.2374024861422099e-07 1.2086910895636076e-06 5.834255780601186e-07 3.561394250838086e-07 3.676723160180891e-08 6.329377501533941e-08 1.8962354809644964e-07 3.641297597893179e-08 0.0 1.2819970815598935e-07 1.7002174463625492e-07 0.0 7.273594361046288e-05 1.690736156542549e-05 2.486619204567854e-06 1.305503402173674e-05 0.0001370798390280821 7.767692594685099e-07 1.7413978913022468e-05 5.510938495087996e-06 1.4547473354989254e-05 3.643562845414576e-06 4.779677293045396e-05 8.410553886082012e-06 6.179378549364593e-06 2.7640706377045594e-05 4.0779484000018236e-05 2.1608425550266862e-06 9.624303362639553e-05 3.515909482803006e-05 3.9320972380437965e-05 1.4763010787669219e-05 2.714745911891322e-07 0.0 0.0 0.0 0.0 0.0 0.0 0.0 0.0 1.1337025574271397e-07 0.0 0.0 1.109848523442655e-07 0.0 0.0 0.0 0.0 1.2542891907690916e-07 0.0 2.6603406338451e-06 9.493759658379606e-07 0.0 0.0 0.0 1.129930171673385e-05 0.0 1.896699817886193e-06 8.042474031980579e-07 7.403977137338795e-08 0.0 0.0 0.0 0.0 0.0 4.9624209960763755e-08 0.0 5.189118066291655e-07 5.4362085723179874e-08 0.0 2.8044080633317607e-07 0.0 8.956047210647541e-08 0.0 0.0 0.0 0.0 2.8581040093847355e-07 4.954328542489668e-07 1.269283582310065e-06 0.0 8.833963549437611e-07 2.177507404993561e-06 1.1700448674359071e-07 0.0 5.2033313901746164e-08 0.0 0.0 0.0 0.0 0.0 5.178293534900985e-08 2.2873477202911243e-05 3.2750173629783286e-07 5.7695950370220135e-08 0.0 7.839052660502133e-08 7.802387921202182e-06 3.1446398421926333e-06 4.608542321906847e-06 2.4326276532744615e-07 1.1497161111950567e-06 4.5126759145587476e-07 0.0 5.402615105144913e-08 8.938782728785985e-08 0.0 4.479509508367912e-08 0.0 5.896174527390104e-08 0.0 0.0 0.0 1.921385023634767e-05 8.83106737270244e-06 9.305944598210426e-06 7.281345506204574e-05 3.3333168661601666e-06 4.842372544758636e-05 1.0083846710937745e-05 0.00021744844827125185 4.715373826295631e-06 2.689043640128241e-07 6.217331364334292e-06 2.7944334867643935e-05 5.3646642856418683e-08 1.3900802219856558e-06 3.104196081920571e-07 8.650861571843898e-05 6.234603182355907e-07 0.0 3.499695627748819e-07 5.868036463778225e-06 7.850683352641226e-07 0.00031120296152681217 2.22272611664287e-05
0.00013132463072994182 0.0011712246275497643 0.0012051064328976943 8.904607141591268e-05 0.00026959541072048786 3.5464691288295994e-06 6.558902275582653e-05 0.0019395645201409786 0.000529573417129671 3.367010043651183e-05 0.0 6.613515131172301e-05 0.0008081450255047918 0.001858025575361287 2.529799220287515e-06 1.7737900218123094e-06 4.1248403221095045e-07 2.2315627995504703e-07 9.509750309013694e-08 3.1011248136834966e-07 1.2217824905216674e-06 6.839948568735281e-08 1.9980790033240264e-07 1.8631068447175315e-07 1.7508637786869487e-06 1.1976194548305764e-06 2.8848205850163774e-07 5.086827722773275e-07 2.7836729476165245e-07 1.519204504137373e-07 0.00039162333601063735 2.2806011545050355e-05 8.956562901856566e-05 1.4610645021448668e-07 1.333251945638049e-07 1.6129735515590692e-06 8.338987485512184e-05 4.837073404907443e-06 6.26757467074166e-07 1.2167853557964372e-06 1.608551764716208e-06 7.598062758921636e-07 1.5565298440344e-07 5.427993317791219e-08 4.4271753807854965e-08 2.1083486072914575e-07 1.9753268337402868e-05 1.0944805011922519e-06 3.93656668192047e-07 5.645879410832583e-07 1.9686184860028612e-07 0.0 1.488829884158163e-07 2.017287878784211e-07 4.0890718740800623e-07 7.757545705098932e-07 6.246589149245095e-06 7.080419533069867e-05 1.3294178567879366e-06 1.5793998605107743e-05 1.3127704447879386e-07 2.9236301203359843e-06 5.9514065548884533e-08 1.7983598296854124e-05 8.975607762794167e-07 1.2966580103961117e-06 9.907711708340991e-08 4.5457787225433747e-07 2.5586687566259594e-07 9.331736401466613e-07 1.862875735059847e-05 6.68980720715141e-07 0.0 4.511865601839356e-05 2.8652726677133848e-05 1.880366046177566e-05 9.74043515401959e-06 8.437273997540531e-07 5.6506361287791495e-06 0.00019076281364537587 4.086591621833895e-08 5.180036306626735e-06 1.6001937740318345e-06 4.1856593450538196e-08 7.666954786459932e-07 3.3019757284875196e-07 1.8396951586235695e-07 0.0 4.7063248284589546e-08 0.0 1.2240464738585382e-07 0.0 2.2178988046874103e-06 4.900489879728081e-07 3.6552738774528165e-07 6.372740431140379e-06 6.035930476941043e-07 0.0 1.1689901991278461e-06 1.5262361898229216e-05 5.17227095981396e-08 3.3883883811215574e-07 2.322311916296288e-07 1.833828875642077e-07 6.623671957637831e-07 2.4760005018671865e-06 0.0 4.1213591080037855e-07 8.445309232190641e-07 1.9778798318319e-06 2.6829281766519644e-07 4.1906079817707926e-06 2.1077066154906194e-06 2.6953489802306874e-06 1.9869458319780155e-06 0.0 0.0 0.0 0.0 0.0 0.0 0.0 0.0 0.0 0.0 0.0 0.0 6.314738244710316e-08 0.0 0.0 0.0 0.0 0.0 0.0 1.9104857190356486e-07 2.4353404376776407e-07 0.0 5.788478453037945e-08 0.0 2.192486851928525e-06 0.0 1.290889861197209e-07 2.462539503920788e-07 4.738946623955523e-08 0.0 0.0 0.0 0.0 0.0 0.0 0.0 0.0 5.040538653313474e-08 0.0 0.0 0.0 0.0 0.0 0.0 0.0 0.0 5.114424987693461e-08 7.838927408988989e-08 0.0 0.0 0.0 8.297482456332908e-07 3.007339320193552e-07 0.0 0.0 0.0 0.0 4.7417908446515336e-08 0.0 3.7344551612040246e-08 0.0 2.8480543375336e-06 9.772482472948663e-08 0.0 0.0 6.713879419936277e-08 9.718541625179303e-07 4.740898913845194e-07 8.257484824835559e-07 0.0 1.2305816465978062e-07 1.1518557026642605e-07 0.0 0.0 0.0 0.0 0.0 0.0 0.0 0.0 0.0 0.0 1.7721743278601218e-06 2.3454052029303594e-06 1.7082481221687674e-06 5.7290848347120236e-05 1.6591490350115616e-06 4.315610838376747e-05 1.328424701754064e-05 1.3667142877021781e-05 5.659408674743441e-06 8.534056969789155e-08 6.945691330180753e-06 1.1233089768172566e-06 0.0 4.79115861186363e-07 0.0 1.91683804012492e-06 0.0 0.0 1.8251085696722414e-07 1.234080539837911e-06 2.461615093296599e-07 1.025839374995614e-05 1.872518025586519e-06
