0.0 0.0009257699373827142 0.0001248423555473946 0.0010305518468728613 0.00012482440741778573 2.137093376633945e-05 0.0005114137621867528 3.424912638380943e-06 1.0467725410434851e-05 0.0008656942037577112 4.3305451952969596e-05 0.00023915106827254056 0.0001751272886194351 3.081835679152868e-05 1.393053602690887e-06 4.655941228371315e-08 0.0 2.4802796669653823e-07 4.7783852317203746e-08 0.0 0.0 0.0 4.493758016694417e-08 4.611021014539797e-08 1.8619006362013118e-07 1.4930521441972815e-07 9.746827960216828e-08 6.151680509394142e-08 1.1865153658125111e-07 0.0 0.00018300215085727687 9.958586499967847e-07 1.974804908066203e-05 0.0 9.880317947767167e-08 5.882578022825915e-08 3.3272467417322813e-06 2.414040301288221e-07 2.0663529157731002e-07 4.769451151915723e-08 9.825060960441867e-08 0.0 0.0 0.0 0.0 5.230409948183938e-08 1.2905441710836203e-05 6.562433698118848e-07 0.0 5.050080598487373e-08 5.257193131446341e-07 6.981158539554537e-07 6.724079021571696e-08 4.322018931400214e-08 3.2121473595830794e-06 3.88915353305554e-06 5.3739418641118945e-05 0.0001795250044955008 2.4046945848355655e-05 3.5833070072506764e-05 6.382006836522019e-08 1.0699027350342836e-06 4.092227712712288e-08 5.087251856890719e-06 2.1651849208804043e-06 1.8162339954738085e-06 1.2658261724595699e-06 8.177304028480806e-07 0.0 1.5890240440707997e-07 7.59807784716402e-06 5.8564299763398625e-06 5.788801055111067e-07 5.756221883734906e-05 1.4380861973415379e-05 1.8671281902870904e-05 1.6933004501984351e-06 3.9971619858804474e-07 1.0855267968823868e-07 1.6706149400995002e-05 0.0 5.435323598764718e-07 7.639392805371887e-06 3.943295695281305e-07 9.608629128123257e-07 3.000206612299292e-06 2.967494657951722e-07 2.1206995603805716e-07 1.5110791282343894e-06 2.3260400175495773e-07 3.1416888046749265e-07 4.5876462855017296e-07 0.0 1.2048536746963945e-07 0.0 4.085508264957338e-05 1.1456373369961412e-05 3.875266660706896e-07 1.4702530060339774e-06 0.000336017164294073 0.0 0.0 0.0 0.0 0.0 0.0 9.454796570774206e-07 2.8548169139852856e-07 0.0 2.3920685292872573e-06 0.0 1.1245191430585705e-06 8.09300784363636e-07 3.290415227810561e-07 4.0095864869643835e-07 0.0 0.0 0.0 0.0 0.0 0.0 0.0 0.0 0.0 0.0 0.0 0.0 0.0 0.0 0.0 0.0 0.0 0.0 0.0 0.0 1.7770753048222973e-07 0.0 0.0 0.0 1.7567518643273532e-07 0.0 1.2443810342146498e-07 0.0 0.0 0.0 0.0 0.0 0.0 0.0 0.0 0.0 0.0 0.0 0.0 0.0 0.0 5.7722370531596486e-08 0.0 0.0 0.0 0.0 0.0 0.0 4.5701444356002934e-07 0.0 0.0 0.0 0.0 0.0 0.0 1.610227395962863e-07 0.0 0.0 0.0 0.0 0.0 8.473372286235718e-08 0.0 0.0 0.0 0.0 0.0 0.0 0.0 0.0 0.0 0.0 0.0 0.0 0.0 5.609231976366847e-08 5.539109727786298e-08 0.0 9.096034781422955e-08 5.4765067952060744e-08 0.0 0.0 8.541867775897939e-07 4.79110347551663e-08 1.5871246322232296e-06 3.977386353781196e-05 8.714590356123231e-07 6.824645715470046e-05 1.3706390586311533e-05 0.0002744221999848864 3.8188817576934885e-06 6.49194539586318e-07 2.2119655417993852e-06 9.694562898413594e-08 0.0 4.035550840927732e-08 0.0 1.085410269795807e-05 0.0 0.0 0.0 6.516811625377272e-07 0.0 0.0001598692320818664 3.5807210296947485e-06
0.0009257699373827142 0.0 0.0005206139177795459 0.00025554915901090296 0.001088447301210312 1.3487755036253439e-05 0.001060828050680935 2.2292139781694292e-05 0.0005567283812783939 0.00016151956983854148 0.0004048319164765757 2.9566426821982554e-05 0.0002710980613855974 0.0005126046238401092 9.504164481234062e-06 6.290862836418808e-07 2.1661111376285136e-07 8.887881621654354e-08 0.0 8.551305362386416e-08 2.3674626777610178e-07 8.990050026055937e-08 1.4301536766755137e-07 2.798212353163531e-07 9.35235311405079e-07 5.148030387902843e-07 6.084681275101814e-07 5.807964594112663e-08 0.0 5.906032816961387e-08 0.0007455358500241862 9.510287685415641e-06 9.379578214588348e-05 1.4645461165844394e-07 3.929403212157904e-07 1.7220523680032965e-07 2.1239848555386724e-05 2.1167465171894504e-06 1.0817048314845837e-06 5.837957915949266e-07 6.570717162138825e-07 2.1981044775515765e-07 5.1456100737751363e-08 1.0678808371208417e-07 4.2634631450182417e-08 2.024498657503463e-07 9.27759491052381e-05 2.7933915235546364e-06 2.2393414774457804e-07 3.1696072737109164e-07 1.2924137576765635e-06 1.6168211901611082e-07 7.340009684334277e-08 1.2508956045659413e-07 5.785156366786865e-06 7.674139045960211e-06 4.27657603476369e-05 0.00017945396803445036 3.395722642329075e-05 9.232425809819858e-05 2.3870743106448986e-07 1.6356520511848803e-06 0.0 2.6093684267335728e-05 6.1120969909217715e-06 4.7416530767923065e-06 3.15562683602391e-06 1.8690050730817835e-06 5.062776055369203e-07 1.4047953887989707e-07 7.438192529385949e-06 0.0 7.830018687529724e-08 0.00010640563016663304 4.14877928463109e-05 6.836302642816189e-05 2.2090171707393265e-05 1.5438499006190256e-06 5.990507676086705e-07 8.691949336468872e-05 1.9446906169748677e-07 3.4092454057541877e-06 1.753250339273619e-05 5.471622751112096e-07 2.4904500045435762e-06 6.370218203736568e-06 8.744088876389388e-07 7.016657626145563e-07 3.2682836730877984e-06 1.7545406192251265e-07 1.4146083083208182e-06 4.544867273528249e-08 2.3500895757549085e-07 4.4767334118322475e-07 2.9706774010220623e-07 1.3488895340268855e-06 7.501583099161493e-07 3.9753355965881036e-08 8.492811535929069e-07 0.00039126248813905687 0.0 0.0 0.0 0.0 0.0 0.0 0.0 2.3999650839361125e-07 6.729238447172465e-08 8.704538291043427e-07 0.0 3.330230075526903e-07 2.752649972627967e-07 8.943228439897531e-07 6.800160980966008e-07 0.0 4.405937687400378e-08 0.0 0.0 0.0 0.0 0.0 0.0 0.0 0.0 0.0 0.0 0.0 0.0 0.0 0.0 0.0 0.0 0.0 0.0 0.0 0.0 0.0 0.0 4.269093597720151e-07 0.0 3.8354891937715266e-07 2.427732566803947e-07 0.0 0.0 0.0 0.0 0.0 0.0 0.0 0.0 0.0 0.0 0.0 0.0 0.0 0.0 0.0 4.451950429536837e-08 1.0509128154956229e-07 2.5348640562659285e-07 4.023663972035103e-08 1.0687184299625942e-07 0.0 0.0 0.0 2.13858403293343e-07 0.0 0.0 8.836784434935709e-08 1.2781536919967849e-07 8.088174311145637e-08 0.0 1.5171374738348934e-07 0.0 0.0 6.274267781352858e-07 0.0 4.123444688196092e-08 1.1508928348616214e-07 0.0 0.0 0.0 0.0 0.0 0.0 0.0 0.0 4.715778641529489e-08 0.0 3.517331418213197e-08 4.3238857758824437e-08 0.0 8.610553534466832e-08 1.2012846879400755e-07 0.0 4.3769416131109503e-08 1.113676017259863e-06 4.7354988322978373e-07 5.749701892073092e-07 0.0001751275985690203 5.309278633826925e-06 0.0002690817987016971 5.914115313380621e-05 0.00011533960623413081 1.7724143274298047e-05 1.6978833997826613e-06 2.0300671341872605e-05 1.260147121084785e-06 0.0 1.9722759874078068e-07 4.9264376303630896e-08 1.0354407858923248e-06 0.0 0.0 0.0 5.74989429336678e-06 9.79488311214733e-08 3.208689070413466e-05 8.432242308029505e-07
0.0001248423555473946 0.0005206139177795459 0.0 9.927311628164866e-06 0.0004602619013429879 0.0 0.00010061625796464415 0.0005387002196954786 0.0006001074628140148 3.3081861205795116e-06 0.0012870004912001445 2.2116660646850688e-05 0.0002018692605108205 0.0008891937825961987 8.94584673317519e-06 2.4945806210747593e-06 1.873117211363899e-07 3.759306064866282e-07 0.0 3.942467904836128e-07 3.1773097665108423e-06 9.647693104946659e-07 3.0050615527852263e-06 2.152765481929625e-06 1.3737560568813543e-05 3.6533594803241383e-06 7.036986867611017e-06 1.2845076054573293e-06 8.857469796005723e-07 1.1124124846836101e-06 0.0011717848185276477 7.544565314084469e-05 0.00011691691084740994 7.691624941363939e-07 6.055940000943981e-06 6.4626163912207914e-06 4.727493595771512e-05 2.2453550520629676e-05 9.684431722872765e-06 7.783491334203473e-06 5.809089192347892e-06 2.1501549391289645e-06 2.0545828709650365e-07 0.0 2.6956363812058054e-07 2.7086916372485196e-07 5.652195126725769e-05 1.2926492017325308e-06 4.438039512055696e-07 3.69747514416863e-07 6.115128396693335e-07 7.777623524515219e-07 8.431198791707445e-07 7.846014333360272e-07 2.0898382290119427e-06 2.91249583575982e-06 2.0820933382864983e-05 0.00011500279059156023 1.5755762386213243e-05 4.320022667119579e-05 2.2955035002958473e-06 1.7370926887227962e-05 2.9928525800671986e-07 5.620636922136171e-05 2.1559635357581997e-06 2.0756798339357545e-06 6.263909171923414e-07 9.80723413183305e-07 9.383077299650011e-07 1.8828211670064949e-06 2.181779559710256e-05 7.458249812868187e-07 1.612864752707292e-07 5.8109013595740895e-05 3.210383006838034e-05 4.776208616875901e-05 1.878854400094406e-05 3.3810787641771253e-06 1.0590119578838629e-05 0.0004881095634329961 7.305873569780592e-07 0.00010188746870327122 6.953400833480005e-06 2.1031767157939324e-07 8.93876926385813e-07 2.849196592864912e-06 4.5759219608269496e-07 1.7285200843619989e-07 1.1796441198998384e-06 1.7110049207577512e-07 7.851377926788232e-07 5.2193899330183635e-08 2.9146369644656435e-06 2.3048697194850726e-06 6.510494309969018e-08 4.883032504938762e-06 3.4417173184291877e-06 3.9323740332664486e-08 7.555848376562164e-06 4.0215195785460015e-05 0.0 1.1972641325713425e-07 1.1838815935265316e-07 0.0 0.0 0.0 4.7255005706708804e-08 4.874279005030138e-07 2.0778071259004412e-07 2.7329572505156953e-07 3.0798648700136405e-07 1.2585213936126607e-06 9.055016433494168e-07 1.7095029814608941e-06 3.444302843172916e-06 2.5203584844432495e-07 3.659759655244344e-07 4.444007196460704e-08 0.0 0.0 0.0 0.0 0.0 0.0 0.0 5.1654229849737845e-08 0.0 0.0 0.0 3.9660405106110463e-08 1.733610381121245e-07 0.0 5.673894509511224e-08 0.0 2.7257378220136e-07 4.811873949186766e-08 0.0 0.0 0.0 1.9482597098018953e-06 1.5867316365879678e-07 2.1397050357373805e-06 1.4007292852046555e-06 2.524985069322681e-07 5.420310167701526e-08 4.6631928072711353e-08 5.2295950325282964e-08 0.0 0.0 5.4936514794262995e-08 0.0 0.0 0.0 4.220903187347348e-08 8.37968405215555e-08 0.0 3.4103045364161685e-07 2.57778293527115e-07 0.0 0.0 0.0 0.0 0.0 0.0 0.0 0.0 7.223663466601496e-07 5.6766838034025786e-08 3.9897257342182685e-08 0.0 0.0 0.0 0.0 0.0 0.0 8.395528090024126e-08 3.0268675106644083e-06 1.9195417273087624e-07 8.26790966487058e-08 0.0 5.4883965901872344e-08 1.519002489511792e-07 0.0 3.415216524655608e-07 0.0 0.0 1.6888656594493223e-07 0.0 5.818913285870315e-08 1.8969975319238685e-07 0.0 0.0 0.0 5.031784864191605e-08 1.306466414886104e-07 4.849768624457417e-08 1.57636428546904e-07 2.464858606166668e-06 2.188887909502615e-06 3.80825653405001e-06 0.00010189137685660672 2.6863457575137563e-06 0.00011567924679937826 3.190080044573668e-05 2.6486584790089895e-05 9.1656603557364e-06 7.700854263501282e-07 1.1832986409787869e-05 1.984595983239889e-06 0.0 1.2768336493357937e-06 0.0 0.0 0.0 0.0 0.0 5.2487777922739215e-06 0.0 1.183705110520208e-05 1.893209666430274e-06
0.0010305518468728613 0.00025554915901090296 9.927311628164866e-06 0.0 3.335740901682957e-05 0.00011621047424740902 0.00035472772801008553 0.0 2.8949539423368496e-06 0.0008006028765745718 2.452800195333959e-06 0.0004673374893826299 0.0003463024192261055 5.21868370692117e-06 5.780666858182237e-07 3.466659611614622e-08 0.0 0.0 0.0 0.0 0.0 0.0 0.0 0.0 0.0 0.0 0.0 0.0 0.0 0.0 1.8969437961368175e-05 4.6617692286251154e-07 8.390759297242129e-08 0.0 0.0 0.0 2.948418389540537e-07 4.1383904168859166e-08 1.0665500886334404e-07 4.630961210589506e-08 0.0 0.0 0.0 0.0 0.0 4.6215523729208386e-08 1.5424369809819987e-05 2.6887817993673116e-07 0.0 3.8005157058327287e-08 1.8501691791857392e-07 6.956417034564039e-08 0.0 0.0 5.018055547079867e-07 8.794993599634964e-07 6.759508280717558e-06 1.4868410534836544e-05 5.04120793362336e-06 1.379767755510033e-05 0.0 4.1520135535601184e-08 0.0 1.5832050013055116e-06 6.451191749218045e-07 6.471074264747605e-07 5.943436531152785e-07 1.2555988895409697e-07 4.763536063952044e-08 0.0 1.6132648075311326e-06 8.701270033035793e-07 4.7306581674663195e-08 1.3331455855768084e-05 4.78384146876881e-06 6.150852093497541e-06 1.5033708198335096e-06 0.0 0.0 0.0 0.0 9.258166420789507e-08 3.3336303805946805e-06 1.6175120030869678e-07 2.649503047645798e-07 8.655748251978584e-07 1.3398024271073292e-07 0.0 3.305176868955734e-07 4.167065718720227e-08 1.8337042253310655e-07 4.6192316189553714e-08 0.0 1.0380186772025996e-07 0.0 1.8029286056791833e-05 1.797905946187834e-06 9.321320555296598e-08 5.324112008032413e-07 0.0003744481416293366 0.0 0.0 0.0 0.0 0.0 0.0 0.0 7.58139179806001e-07 0.0 4.678031660577397e-07 2.394926505791637e-07 1.4675470764048447e-06 1.9394578562803107e-07 8.662379902447187e-07 1.1397193244069765e-06 0.0 0.0 0.0 0.0 0.0 0.0 0.0 0.0 0.0 0.0 0.0 0.0 0.0 0.0 0.0 0.0 0.0 0.0 0.0 0.0 0.0 0.0 0.0 0.0 0.0 0.0 0.0 0.0 0.0 0.0 0.0 0.0 0.0 0.0 0.0 0.0 0.0 0.0 0.0 0.0 0.0 0.0 0.0 0.0 0.0 0.0 0.0 0.0 0.0 0.0 0.0 1.679769254883461e-07 0.0 0.0 0.0 0.0 4.172636991281615e-08 0.0 0.0 0.0 0.0 0.0 0.0 0.0 0.0 0.0 0.0 0.0 0.0 0.0 0.0 0.0 0.0 0.0 0.0 0.0 0.0 0.0 4.3418574458735e-08 3.847530999051827e-08 0.0 0.0 2.3366582807599644e-07 0.0 0.0 2.8991011399144497e-05 5.058877042402792e-07 4.183817844755426e-05 7.490813502309935e-06 0.000268065574029302 1.6050226123322651e-06 1.1822656977118683e-07 2.859318481732267e-06 7.285202948881545e-07 0.0 0.0 0.0 4.074723880385873e-06 0.0 0.0 0.0 4.154610859467791e-07 0.0 9.179713112432951e-05 9.353739129035305e-07
0.00012482440741778573 0.001088447301210312 0.0004602619013429879 3.335740901682957e-05 0.0 4.947151923133451e-07 0.0005773763894494027 0.00016967462525047022 0.0009860978174001287 5.8127995728226435e-05 0.00020676005290012813 1.824307596766791e-06 0.00011503763858687719 0.0005818106736706456 8.840102198703659e-06 9.71928424996934e-07 2.334547034733255e-07 1.4491267273137975e-07 9.07232724639069e-08 0.0 6.000865883178974e-08 4.580403887204672e-08 5.123155636155907e-08 4.7820684456576885e-08 2.0956257614613714e-07 0.0 1.8344045480446482e-07 4.771639866136268e-08 4.55699115559182e-08 0.0 8.506194475848008e-05 7.381095602962447e-06 4.9140219258327965e-06 1.1759206210386854e-07 2.1046423203864664e-07 0.0 1.1075761724087808e-06 5.915198423520985e-07 1.775768074771457e-07 2.2285294705985911e-07 1.2182037341585203e-07 2.2156258590939513e-07 0.0 5.436452666600177e-08 0.0 0.0 7.164077626830792e-05 1.5659408229449364e-06 2.0350429638262507e-07 1.9080979413718092e-07 6.001542943488742e-07 1.0502413513301692e-07 0.0 0.0 2.303913554220857e-06 3.0178753699480974e-06 9.8927321892532e-06 2.6610626017151184e-05 1.0016925126689553e-05 3.653501205056335e-05 8.101884133192544e-08 6.975175639489174e-07 4.763660056953509e-08 1.6344123530627494e-05 2.0038133403247756e-06 1.723290143685263e-06 9.772388331082486e-07 7.379503247530009e-07 8.958752948898618e-08 1.18439621934677e-07 4.175008501910248e-06 3.265670979612068e-08 0.0 3.888663686450258e-05 1.951631372486335e-05 4.4378980312861304e-05 1.837890791601034e-05 7.639581494190752e-07 8.057777847461789e-07 2.107338228162383e-06 1.4524491179592393e-07 1.0247375271253585e-06 6.601192824066349e-06 4.844038245832203e-08 1.002809562327301e-06 2.675903988648286e-06 2.4528504033555253e-07 1.976195007504544e-07 9.571440444862717e-07 8.030105718503929e-08 7.743675886638983e-07 5.2994934353362907e-08 1.0241684394823524e-07 3.7687119764464185e-07 2.0718281029023789e-07 5.638301078510764e-06 1.1802490521273383e-06 0.0 1.4657721147600726e-06 1.0771340485764661e-05 0.0 0.0 0.0 0.0 1.4411929674492816e-07 4.0050321764716466e-07 5.185997410712398e-07 1.1378812287445555e-06 3.4212725037820136e-07 5.599333165173808e-07 7.802159032873196e-08 1.0717682774071171e-06 1.8172956572023676e-06 1.5972266383190223e-06 3.4822239812567106e-06 0.0 0.0 0.0 0.0 0.0 0.0 0.0 0.0 0.0 0.0 0.0 0.0 0.0 0.0 0.0 0.0 0.0 0.0 0.0 1.1945952472230015e-07 1.0239783168801065e-07 0.0 0.0 0.0 1.8504327941590303e-06 0.0 1.5694574034556808e-06 1.2683422976985842e-07 0.0 0.0 0.0 0.0 0.0 0.0 0.0 0.0 0.0 0.0 0.0 0.0 0.0 0.0 0.0 0.0 0.0 0.0 0.0 0.0 0.0 0.0 0.0 1.4992623647653316e-07 0.0 0.0 0.0 7.508832190886061e-08 3.77318274711162e-08 0.0 0.0 0.0 0.0 2.9187166963172885e-06 0.0 0.0 0.0 0.0 0.0 0.0 1.4711814246637062e-07 0.0 0.0 0.0 0.0 0.0 0.0 0.0 1.0583187821415155e-07 0.0 4.0164621366402945e-08 4.828482061922777e-08 0.0 0.0 4.376923526226223e-06 1.6439179403856208e-07 1.136263145678716e-06 0.00019233737843835688 4.255622047062253e-06 0.00015965376289609807 4.694772008740501e-05 2.5042681021074076e-05 1.2989468249307374e-05 8.711358966831073e-07 1.8279975703343707e-05 1.1871130998622272e-06 0.0 0.0 0.0 1.0374581483685443e-06 0.0 0.0 0.0 7.421687382047702e-06 6.243009218835822e-07 1.0376882687721921e-05 1.3086754361610488e-06
2.137093376633945e-05 1.3487755036253439e-05 0.0 0.00011621047424740902 4.947151923133451e-07 0.0 3.907262209826799e-06 7.994023389316637e-08 8.218654816642725e-08 0.00025278652789060836 2.8634392190570506e-07 7.044646521011819e-05 3.56918789637605e-05 5.589481471321327e-06 0.0 1.313303147584564e-07 0.0 0.0 0.0 0.0 0.0 2.3791631694447204e-06 0.0 0.0 0.0 0.0 0.0 0.0 0.0 0.0 2.951467099468144e-06 3.767666704471239e-07 5.502309256006269e-06 0.0 0.0 0.0 1.535773355680982e-05 1.0582913793224308e-06 1.3531319234823098e-06 0.0 0.0 1.0188543701027645e-07 0.0 0.0 0.0 0.0 7.713906008237759e-08 0.0 0.0 0.0 2.9127877021178697e-07 1.2495821017128149e-05 1.2785165598930187e-06 2.372603449547409e-07 9.698977268722379e-08 1.7546030912152453e-07 8.62764617820255e-06 4.533607041124791e-06 3.0785153579835397e-07 0.0 0.0 1.4677441118912434e-06 0.0 1.575326913932892e-07 0.0 2.981325437183244e-07 3.9901253281831657e-07 4.250403682723265e-07 0.0 0.0 6.649827618041179e-05 6.7070440689632e-05 9.414303934883573e-06 5.696536216796381e-08 0.0 0.0 5.611340588913882e-08 0.0 0.0 8.652148760749337e-07 0.0 0.0 8.897478094750017e-08 7.546171933466973e-07 3.6111315751796456e-08 9.379608604578063e-07 0.0 1.4807547231382094e-06 1.3059094595376668e-06 3.2557961916058616e-06 1.570762490146673e-06 1.280116084242356e-06 0.0 5.8561466651331564e-08 7.839289084634813e-07 0.00023775630178151543 0.00015137847693511933 9.317587356451967e-06 2.467366068720589e-05 9.949002486888667e-05 0.0 1.728920548838234e-06 0.0 0.0 0.0 1.9077808704186833e-06 5.342525005326029e-07 1.1243354432206482e-06 0.0 4.185730944845141e-06 0.0 2.0888335053085696e-06 2.238272174968547e-06 3.0403343942111e-06 1.1668339676628512e-06 0.0 0.0 0.0 0.0 0.0 0.0 0.0 0.0 0.0 0.0 0.0 0.0 5.6789789540934077e-08 0.0 5.1879520378505346e-08 0.0 1.305916310242438e-07 0.0 0.0 0.0 1.4689235816016365e-07 0.0 0.0 0.0 1.06412169118617e-07 5.519529806386859e-08 9.948243069622654e-08 5.517344749776978e-08 8.320642169316506e-08 0.0 0.0 0.0 0.0 0.0 0.0 0.0 0.0 0.0 0.0 0.0 0.0 2.926819613359732e-07 0.0 0.0 0.0 0.0 0.0 0.0 0.0 0.0 0.0 5.048283980129871e-07 0.0 0.0 0.0 0.0 0.0 0.0 2.3666604905904802e-07 0.0 0.0 2.988477946040655e-06 8.434313174034501e-07 1.0105246738840134e-07 0.0 0.0 0.0 0.0 7.569098129709473e-07 0.0 0.0 0.0 0.0 0.0 0.0 4.9243238971611307e-08 0.0 0.0 0.0 0.0 0.0 0.0 3.3353989523936254e-06 0.0 1.260946938123614e-07 2.4737192199350707e-05 2.6198377037573147e-07 2.3727665789829643e-07 4.1940353303981056e-07 0.00011042312541735064 0.0 1.3674537808366236e-07 0.0 1.6952081538493774e-06 0.0 0.0 0.0 2.031847968491713e-05 0.0 0.0 0.0 0.0 0.0 0.00013526721653698938 5.2472591120930614e-06
0.0005114137621867528 0.001060828050680935 0.00010061625796464415 0.00035472772801008553 0.0005773763894494027 3.907262209826799e-06 0.0 4.311182436849638e-06 0.00044129863186885006 0.0004170798459119937 0.00016873522983853445 7.244776803963629e-05 0.0009661057360619893 0.0010016410212174108 8.184726030091842e-06 8.486367850072421e-07 9.541882159238328e-08 1.9863458646483478e-07 0.0 7.640995197287984e-08 4.070701210918177e-08 0.0 0.0 5.2579466358189574e-08 1.1030356693962948e-07 1.5752844124969922e-07 1.4097553648903054e-07 0.0 1.6450772566612626e-07 0.0 5.1600976918501166e-05 4.923970107454561e-06 8.970908403457433e-06 0.0 1.800793885838763e-07 7.939626672019192e-08 2.505567234939763e-06 8.062642359914829e-08 1.9261571014099172e-07 2.3569474860191054e-07 2.067293945844393e-07 6.679739270552345e-08 0.0 1.1172109589761344e-07 0.0 1.6333816808062912e-07 6.688780696840812e-05 1.1250964639831778e-06 2.3598865590670984e-07 1.259893838861616e-07 4.269826070831458e-07 4.9748691504307775e-08 3.9456218990866596e-08 4.45651768797132e-08 2.2624296509764802e-06 2.795861851850544e-06 1.0160673062566292e-05 2.7842508790905273e-05 9.345083459239075e-06 4.320143964827747e-05 4.943417356342429e-08 1.377002266080391e-06 4.471508771033362e-08 1.2782578270984398e-05 2.4269998340022826e-06 2.163854571072565e-06 8.521524876914269e-07 8.127582139947432e-07 0.0 9.166014017426598e-08 7.442022907288276e-06 1.3296529598555773e-07 0.0 4.113774425365638e-05 1.849410096225339e-05 4.299571809368069e-05 1.481967336287622e-05 8.685657375617733e-07 1.584103204413556e-07 8.950271169228515e-07 0.0 1.5947943235707323e-06 7.762865284947964e-06 2.0573147403689888e-07 8.368119309033984e-07 2.8141548539111484e-06 3.5967063610632256e-07 1.8402399366719873e-07 1.2840480925145557e-06 4.89112815430882e-08 5.757913081706372e-07 4.685824273246441e-08 4.0578849431561616e-08 2.1374912851718493e-07 0.0 1.8235728994624395e-05 1.5897013274948179e-06 0.0 1.6102629150200085e-06 2.8834734204556837e-05 4.842561302646614e-08 0.0 1.055581492158561e-06 2.315933527223112e-07 0.0 1.7828867214693536e-06 8.683648762146221e-07 4.540011575916907e-07 7.531978063224966e-07 6.746072088181938e-07 0.0 4.989972617238039e-06 3.6571975538392998e-06 3.765628493614242e-06 4.698467740850309e-06 0.0 0.0 0.0 1.8154029680431952e-07 0.0 0.0 0.0 0.0 0.0 0.0 0.0 0.0 0.0 0.0 0.0 0.0 0.0 0.0 0.0 3.51075759456917e-07 0.0 0.0 0.0 0.0 2.8412662492087543e-06 0.0 2.4848046799967118e-06 1.504566734161442e-06 0.0 0.0 0.0 0.0 0.0 7.615288046506433e-08 0.0 0.0 0.0 0.0 0.0 0.0 0.0 2.2796084789922422e-07 0.0 0.0 0.0 1.5686526157239616e-07 0.0 0.0 0.0 0.0 0.0 6.466422515506814e-07 4.252689579659117e-07 0.0 6.075170609552296e-08 0.0 3.7507732981035394e-08 0.0 0.0 0.0 0.0 6.022162862588782e-06 0.0 0.0 0.0 0.0 0.0 0.0 0.0 0.0 0.0 0.0 0.0 0.0 0.0 0.0 0.0 0.0 7.801296202517868e-08 0.0 0.0 0.0 6.9065099831484825e-06 6.254744991831979e-07 2.8364915201246524e-06 0.0001927787533812942 3.679909322656704e-06 0.00016572539632181876 4.7711101175589836e-05 3.9702219825608834e-05 1.3691777798947497e-05 6.882026756677318e-07 2.344676125801766e-05 1.3438926087526367e-06 2.406678116241961e-07 6.568613011876801e-08 3.034234713952497e-07 1.5824182894856879e-06 0.0 0.0 0.0 9.482166138520438e-06 0.0 2.6573416796406776e-05 1.845163760939532e-06
3.424912638380943e-06 2.2292139781694292e-05 0.0005387002196954786 0.0 0.00016967462525047022 7.994023389316637e-08 4.311182436849638e-06 0.0 5.0228441626486094e-05 1.110424189239326e-07 0.00110787410717086 2.6041722267836777e-06 1.9285280633969512e-05 0.0002292097491220817 1.0509373836664445e-05 1.7480516949425187e-05 1.7769627381965428e-06 4.421999996842862e-06 1.0889185358259924e-07 8.662043610750027e-06 3.3128561622627485e-05 1.0702293084599109e-06 2.169716268161879e-05 1.1347954580769089e-05 4.8626967971834175e-05 1.2806166139968611e-05 2.4482441613750783e-05 3.4462975796695763e-06 3.9257097934868405e-06 2.6848426002325483e-06 0.0004264038934720721 0.0008688925004004268 5.388151669832035e-05 9.09799442314531e-06 5.177733742047095e-05 3.995768120200407e-05 4.7000124200592814e-05 6.644598866819431e-05 1.496543922815883e-05 2.1835522481500014e-05 2.7434243326072787e-05 4.399259095156529e-06 6.554488442384019e-06 1.3280923466315137e-05 1.7602687740230574e-06 9.286946114489742e-06 4.7952105758058186e-05 6.659960338556754e-07 1.2812782900304207e-06 4.70423983452513e-06 7.121258378213931e-07 1.481572539279109e-06 1.4436237606315362e-06 1.8023345336292632e-06 5.301827100667399e-07 4.606865749370358e-07 4.8035298456396145e-06 3.0076167171658875e-05 3.276091435580207e-06 1.2005334201963778e-05 0.00017281731423609612 0.00013573182061777235 1.7961410597973932e-05 0.00040468960065620827 5.001026150747732e-07 4.6170026710175367e-07 3.0969670893740723e-07 4.3493083645544364e-07 7.948984303138581e-06 2.4641432045873677e-05 1.654886222671744e-05 1.159741260739774e-06 1.732836796466089e-07 1.7443440836448013e-05 2.8640106066056407e-05 4.5246069553465994e-05 5.5977726247361954e-05 0.00011393485248357166 0.0005331243181315309 0.00126679226575563 0.00013986002375868508 0.0014775034587408446 1.124137679869728e-06 0.0 2.708688857464416e-07 3.4981487133317286e-07 5.311598151519991e-07 0.0 2.378981664173196e-07 6.362579071726151e-08 3.1622988921175044e-07 1.2490421469387372e-07 1.8093375815421658e-05 7.091132654528949e-06 7.561779726262849e-07 1.4634840817795932e-06 2.676119275611891e-06 0.0 1.0904303001966117e-05 1.7215079326561576e-06 0.0 0.0 0.0 0.0 0.0 0.0 0.0 4.798793089869413e-07 0.0 8.354030302489674e-08 5.43995365837428e-07 8.10616997506264e-07 6.102189489245798e-07 5.246896555093734e-07 1.2197628711709207e-06 4.8884346898168254e-08 0.0 0.0 0.0 0.0 0.0 0.0 0.0 6.969415451337057e-08 0.0 3.753691778803501e-07 0.0 0.0 1.593941811335087e-07 0.0 4.1526313971532576e-07 5.4641755266179295e-08 2.2124196707392634e-07 0.0 9.822757763007575e-08 0.0 0.0 0.0 5.854721294257912e-08 2.0731480321774397e-06 8.404955215746106e-08 2.685692500934181e-06 8.189908264552708e-07 0.0 1.7966434852915051e-07 2.201512309982098e-07 5.704091377381206e-08 0.0 0.0 0.0 0.0 0.0 2.308032941887306e-07 0.0 1.5566069699524655e-07 5.979049332859313e-08 6.044417967742117e-07 8.60345136896258e-07 0.0 0.0 0.0 0.0 0.0 0.0 7.116550886986638e-08 0.0 5.117105362902135e-07 4.4186028958420247e-08 0.0 0.0 0.0 0.0 0.0 0.0 7.797420964020763e-08 5.4980183007964646e-08 2.2655576798489175e-06 3.113887232875716e-07 4.771744181192367e-07 0.0 3.3469351515215817e-07 0.0 0.0 0.0 0.0 1.3475856397169698e-07 3.247976995422522e-07 0.0 0.0 0.0 0.0 0.0 0.0 0.0 0.0 1.154924801975622e-07 1.27246105991361e-07 1.2124232572400604e-06 2.0562396917854045e-06 3.5939563096766692e-06 6.930618157856534e-05 1.559845085590628e-06 5.077608095644083e-05 2.382040835964581e-05 3.466301447405701e-06 5.933573992484688e-06 1.0071150492242675e-07 7.067181679903809e-06 1.4390950241525524e-06 4.651826416375805e-08 5.57697810483628e-07 6.747606967920421e-08 0.0 0.0 0.0 0.0 5.4589026821681205e-06 0.0 2.675225399457261e-06 1.10632131934263e-06
1.0467725410434851e-05 0.0005567283812783939 0.0006001074628140148 2.8949539423368496e-06 0.0009860978174001287 8.218654816642725e-08 0.00044129863186885006 5.0228441626486094e-05 0.0 6.123127827494256e-05 0.0003816711998089224 9.317549127105321e-06 0.0004174196509709655 0.000525498400099172 5.872053226198398e-06 1.1726734308684688e-06 0.0 4.2962324104672846e-08 0.0 5.4142458492228094e-08 9.19943799518426e-08 0.0 4.779709286780263e-08 4.558505406406167e-08 2.8346518846081424e-07 2.7968468207987274e-07 1.595129035180085e-07 4.496211907688006e-08 0.0 1.1629487950951861e-07 4.699354999655728e-05 7.5830471192600065e-06 1.2914181425210238e-05 0.0 2.0681980706240998e-07 1.8023182682346465e-07 6.385382540500481e-06 8.792054453434758e-07 3.159080962832589e-07 3.1611899411406877e-07 2.8634385606871313e-07 0.0 0.0 0.0 0.0 0.0 4.483896672601963e-05 2.2837752656352687e-07 0.0 1.670121392357989e-07 8.415579843199048e-08 0.0 6.42851335609794e-08 1.9715149117811178e-07 2.840284348995917e-07 7.029479563204102e-07 2.859957682114066e-06 6.111933188485856e-06 3.110116430135863e-06 1.4834037670459885e-05 4.544362157495733e-08 1.0441008777398456e-06 0.0 1.2104506496536696e-05 9.297783062584041e-07 8.003338848185087e-07 4.84166668765463e-07 2.407235682411379e-07 4.666278733387235e-08 2.289561276518662e-07 1.3105533354057453e-05 2.3648374277078826e-07 0.0 1.3304847473376862e-05 8.656750126403252e-06 2.5008207085941973e-05 1.3235183355162253e-05 1.0662571725411305e-06 3.643198030739855e-07 7.07820704615378e-06 1.5377614236218827e-07 1.9242557107949785e-06 1.9153921058325757e-06 3.964418726043216e-08 1.6333771819451763e-07 5.895867768288212e-07 1.4067443466405773e-07 0.0 6.84449670861363e-07 0.0 1.2339491994197396e-07 0.0 8.646532353272372e-08 9.627297975282723e-08 4.785174854393499e-08 1.2614938785682961e-05 7.45821824768817e-07 0.0 2.83386186996589e-06 1.3577772682468301e-06 0.0 0.0 0.0 0.0 0.0 0.0 1.651642228887486e-07 8.16937904688188e-07 1.058591837407927e-06 1.9479013773428834e-06 0.0 5.664193838403001e-06 1.4039327266937364e-06 2.1131470186449836e-06 5.115218083349129e-06 3.4973095111412843e-07 0.0 0.0 0.0 0.0 0.0 0.0 0.0 0.0 0.0 0.0 0.0 0.0 0.0 0.0 0.0 0.0 0.0 0.0 7.271966714263242e-07 1.5592903394390308e-07 0.0 0.0 0.0 3.1783967133019124e-06 5.51305100746785e-07 3.13698133173569e-06 1.4937398627845204e-06 7.945127718455855e-08 0.0 0.0 0.0 0.0 1.0082248414515361e-07 0.0 0.0 0.0 0.0 0.0 0.0 0.0 5.807105787129066e-08 0.0 0.0 0.0 0.0 0.0 0.0 0.0 0.0 0.0 2.0595539149862357e-06 0.0 0.0 4.1264680691698596e-08 0.0 3.8780936279880777e-08 0.0 0.0 0.0 0.0 6.480863848713422e-06 3.634103930468712e-07 0.0 0.0 0.0 0.0 0.0 3.5426706865142944e-07 0.0 1.8078380050617964e-07 0.0 0.0 0.0 0.0 0.0 0.0 3.777968364902665e-08 4.06976705715493e-08 0.0 0.0 0.0 8.248011253365081e-06 2.853582905642302e-06 2.4459529104287376e-06 0.0001618045813148284 2.1650932721300297e-06 8.482908764275205e-05 3.431947949345979e-05 1.4939135795398994e-05 8.12033047692257e-06 3.1040012598961035e-07 1.176248332712751e-05 6.91912217086596e-07 1.221729158771847e-07 4.250669408137908e-07 0.0 3.2291406809012514e-06 0.0 0.0 0.0 1.03478195877171e-05 1.1098578448043178e-07 8.860746466517884e-06 1.3004509181945134e-06
0.0008656942037577112 0.00016151956983854148 3.3081861205795116e-06 0.0008006028765745718 5.8127995728226435e-05 0.00025278652789060836 0.0004170798459119937 1.110424189239326e-07 6.123127827494256e-05 0.0 2.2303181925404377e-05 0.0011371347514869286 0.0016263783281229803 0.0003354266173578691 9.995958173489842e-07 2.705780106008817e-07 0.0 0.0 0.0 0.0 0.0 3.7818969313632315e-07 0.0 0.0 0.0 0.0 4.2639924012811306e-08 0.0 0.0 0.0 7.878901575041242e-06 4.474447149135329e-07 3.305645379254976e-05 0.0 0.0 0.0 6.6879058658649e-05 0.0 7.102373512568724e-07 2.2940583088284214e-07 0.0 6.107083994106273e-08 0.0 0.0 3.608979437065727e-08 0.0 9.420465498256977e-06 1.3624436223269973e-07 0.0 0.0 1.2059545423536463e-07 7.44177037487529e-07 2.3415620393754137e-07 0.0 3.2484798437364264e-07 4.7481081524485583e-07 8.77055115186508e-06 9.044796736460081e-06 3.485841544740241e-06 8.878190785861207e-06 0.0 2.7194140692105797e-07 5.534471877466025e-08 2.0335199201158702e-06 2.0219006566497646e-07 2.2537774815136543e-07 4.1341393223171154e-07 1.7675754292242362e-07 4.6502459628084624e-08 0.0 0.00010259996806360874 7.568484389955499e-06 9.055622938494253e-07 7.987470479890378e-06 2.620588358851226e-06 5.87168347833651e-06 1.192661976873527e-06 2.740342003019744e-07 0.0 3.444393248335665e-07 4.1196422361511745e-08 2.0913540745445395e-07 1.917737193881782e-06 8.978757518895994e-08 2.0427096449601783e-07 3.077875641878638e-07 1.4272787215424376e-07 8.900947704224631e-08 4.222183424231498e-07 3.1541302039201245e-07 3.3344783903116007e-07 5.30720660470174e-08 0.0 9.833850564625343e-08 0.0 7.053700979367075e-05 2.2936902251793828e-05 1.2146962391526622e-06 3.5966872171290174e-06 0.00027655162517052477 1.845074237260952e-07 3.1557995813178974e-06 1.0012908163094493e-06 1.9636758474566576e-06 8.199342156854411e-07 7.40724451264461e-06 4.711486742656135e-06 2.745916679719375e-05 2.279977488016778e-05 6.795695956407155e-05 6.4842607778065586e-06 4.966541321422268e-05 6.735194149976465e-05 5.474149099372912e-05 3.9771501500394945e-05 5.482218885777972e-08 1.1988307237942734e-07 0.0 0.0 0.0 0.0 0.0 1.238203329805391e-07 0.0 0.0 0.0 0.0 7.808484943666504e-07 0.0 0.0 0.0 7.362839027046433e-08 7.034077618720368e-08 0.0 5.164116694928884e-06 8.312304462930407e-07 0.0 5.173105649866306e-07 0.0 1.9165483383766676e-05 2.2366556207839638e-07 1.0818298189903876e-05 2.0209474833110716e-06 2.0274758209088973e-06 0.0 0.0 0.0 5.681274470545303e-08 0.0 0.0 0.0 0.0 3.919352646698471e-07 0.0 0.0 6.09102964362459e-08 4.033393289550033e-07 0.0 3.5717958013079005e-08 0.0 5.0885535420037965e-08 0.0 0.0 1.405636741664485e-06 6.044131320794484e-07 0.0 6.994754953725236e-06 3.4126964674851314e-07 0.0 0.0 0.0 0.0 0.0 7.467304191487534e-07 0.0 0.0 4.698983731690846e-05 1.0806332027669693e-06 7.667698681214045e-08 0.0 0.0 1.7615066301724588e-06 0.0 1.1864305311908012e-06 4.8834797246520983e-08 7.592418470076986e-08 1.0957938563169438e-07 0.0 1.446620276454986e-07 0.0 0.0 0.0 0.0 4.315569832279784e-08 5.46177467097895e-08 0.0 2.7236927421637775e-07 7.888759028533232e-05 5.765775675440225e-06 9.979333425940536e-06 8.846764074203737e-05 3.071847204560522e-07 2.6016380197805906e-05 4.996504473457327e-06 0.0003487535985000677 1.5590386921678281e-06 3.5421807203051437e-06 1.4635242277142262e-06 1.0732706190411473e-05 5.7917284603810434e-08 1.8171747292786381e-06 7.73707111960875e-08 0.0001346134475663941 0.0 0.0 0.0 2.2239146266493868e-07 0.0 0.0004339656708574641 5.615327116799093e-05
4.3305451952969596e-05 0.0004048319164765757 0.0012870004912001445 2.452800195333959e-06 0.00020676005290012813 2.8634392190570506e-07 0.00016873522983853445 0.00110787410717086 0.0003816711998089224 2.2303181925404377e-05 0.0 3.0226429469403096e-05 0.0005875826642849717 0.0015035243666729444 1.8290043854595207e-05 5.0455128609058965e-06 4.6374552983210864e-08 2.3355201420500595e-07 0.0 2.6410982972562487e-07 7.323592681755392e-07 9.790639918017559e-07 2.150394852785161e-06 1.1420482202137793e-06 1.1324651921291522e-05 2.8514225781381094e-06 4.790749477326254e-06 1.0463511970967821e-06 1.4328740099754363e-06 1.028079105596336e-06 0.0007939596090334107 0.00017008034809433208 0.0001768901091694283 2.6700602826143e-07 3.2616646157727063e-06 5.207417505297111e-06 7.98837764231574e-05 1.9991399190092866e-05 1.1546418181250667e-05 8.222888515615216e-06 4.594082476914131e-06 1.92187942698443e-06 2.848200625481465e-07 3.268179076395678e-07 1.2210415279672643e-07 2.2954538701767653e-07 0.00010431668423368793 1.2731938402642131e-06 5.177674407921165e-07 3.6058047407388445e-07 7.54978232437599e-07 6.077264079591187e-07 1.0822566588628726e-06 9.107039215167107e-07 1.475911629653211e-06 2.4063005301204207e-06 1.4262352169247308e-05 4.9223619412685104e-05 1.1353151606607474e-05 4.08388147641236e-05 7.344931913883573e-07 3.810430334728839e-05 2.0407731595709317e-07 5.019394382910206e-05 1.8946174698015055e-06 1.5617281442609254e-06 1.0734030794112957e-06 9.14781766041253e-07 3.6872299938219424e-07 6.573818742828562e-07 4.616676980539123e-05 9.459730687558156e-07 3.737467276273792e-08 4.720583331199812e-05 2.7374581050285973e-05 7.379143030669982e-05 4.1139473422015654e-05 4.522167574826031e-06 4.732203811552985e-06 0.0002088519245631575 3.091639450258926e-07 6.20465496551693e-05 5.738885400995228e-06 2.626642615243009e-07 1.4247101022751924e-06 2.1239497644219747e-06 3.491464905335075e-07 2.5020706871626183e-07 1.384996219243583e-06 0.0 6.954183258580131e-07 3.6959646972693715e-07 1.4213874738850582e-06 1.5802253031758884e-06 3.6527027709600974e-07 1.3757653718825944e-05 3.4218544150080033e-06 0.0 1.1997673234017707e-05 1.5997514430681395e-05 0.0 0.0 2.275372234322731e-07 0.0 0.0 0.0 0.0 0.0 8.745951039129971e-07 1.987478736398898e-06 3.7901358456853347e-07 4.003272229318645e-06 3.014340859829885e-06 2.538713205026176e-06 3.986262810855946e-06 5.412208633235914e-07 1.635552399582376e-07 0.0 0.0 0.0 0.0 0.0 5.11300869265551e-08 0.0 0.0 0.0 0.0 4.0146724677430475e-08 0.0 0.0 5.681443817918986e-08 0.0 0.0 0.0 0.0 1.1809724763098662e-07 0.0 0.0 0.0 4.05199064505149e-06 0.0 2.6290877060253437e-06 3.689509307058602e-07 2.367890618208551e-07 6.616753020374671e-08 1.6979881427792084e-07 5.071977616241616e-08 0.0 6.632875036653611e-08 0.0 0.0 0.0 1.0142296871808773e-07 5.1756763649444604e-08 4.381990578869708e-08 0.0 1.0651749038340982e-06 1.7225988881885137e-07 0.0 0.0 0.0 0.0 0.0 1.1358638223770074e-07 0.0 0.0 1.7768502812991081e-06 0.0 0.0 0.0 1.1212216387960777e-07 0.0 4.226901668834136e-08 0.0 0.0 7.255840747764786e-08 4.636007060063978e-06 1.313103551770702e-07 5.5087709446225996e-08 0.0 2.0758268589115623e-07 0.0 0.0 1.517960070472929e-07 0.0 8.560674332098858e-08 3.8340109704222064e-07 5.075207652217824e-08 3.22254094674329e-07 0.0 0.0 0.0 0.0 3.7289216347215163e-08 0.0 0.0 0.0 5.178622702007232e-06 3.947370825858736e-06 4.645543530056719e-06 0.00027035641222890956 4.772162758156604e-06 0.00017562005517943419 6.433816447524883e-05 2.2141488014251494e-05 1.8314763051818272e-05 1.0556452589428541e-06 2.7704358802544487e-05 3.2470493156301475e-06 9.650075745684538e-08 5.38640221490098e-07 1.4101733566368356e-07 2.8338758347234e-06 1.9455963511032656e-07 0.0 0.0 1.4601452743144534e-05 2.714836130552962e-07 1.1845275941380744e-05 3.673430571286632e-06
0.00023915106827254056 2.9566426821982554e-05 2.2116660646850688e-05 0.0004673374893826299 1.824307596766791e-06 7.044646521011819e-05 7.244776803963629e-05 2.6041722267836777e-06 9.317549127105321e-06 0.0011371347514869286 3.0226429469403096e-05 0.0 0.001148252483517957 9.372970976842114e-05 3.0986642646128817e-06 1.019219469141502e-06 5.6641590472103766e-08 6.387289889363189e-08 9.633411305744319e-08 9.309966966038586e-08 6.914444489165571e-08 5.557386223049981e-07 3.6540711928373245e-07 1.8707506275368286e-07 1.4296690615507628e-06 7.546952284701853e-07 1.158041719026866e-06 4.6168391392448087e-07 1.549816542604995e-07 2.7852935625746407e-07 1.033654599040428e-05 5.057622727005405e-06 2.1762698889934104e-05 4.99932649564889e-08 3.1603308049721316e-07 6.866046801996518e-07 0.00012617822020915057 2.337580016935012e-06 1.6133909512076673e-06 1.189536676578644e-06 1.1126839671774362e-06 3.1301554804289515e-07 0.0 5.124945305053152e-08 0.0 0.0 1.2758561364269453e-05 1.0491080406663391e-07 4.121914709655895e-08 5.713796847274617e-08 0.0 1.2886235293664807e-07 1.7481133194642467e-07 5.738303570236677e-08 1.084642496352472e-07 1.7440731958784685e-07 7.596290160691753e-07 3.1101438329549478e-06 8.263722249303418e-07 3.923608353514318e-06 0.0 4.052255558476566e-06 0.0 1.1620247582830318e-05 9.578347440262003e-08 8.687603663403558e-08 1.1666950296642188e-07 0.0 4.540477409210905e-08 1.9500576851329577e-07 5.937267471506328e-05 4.626113047656129e-07 1.832879617007165e-07 3.1641882309053092e-06 2.6197538530328726e-06 7.138969110602701e-06 4.035620975612189e-06 1.2778588117675498e-06 3.5886000351276445e-07 3.914073105163538e-06 1.293964409032226e-07 2.053583787297305e-06 4.726923015457595e-08 0.0 1.5382758665615878e-07 1.1880598650670391e-07 0.0 0.0 0.0 5.521186338255987e-08 0.0 0.0 5.680552092439426e-08 2.2564351379972614e-07 8.219229793038901e-08 9.65272091106197e-05 5.4613329413392186e-06 0.0 6.217564951505434e-06 3.5998945104478866e-05 1.4241722030783075e-07 1.5488830911029948e-06 1.569457853341792e-06 0.0 1.137531231980244e-06 3.7659048407302496e-06 1.7861733553129564e-06 1.3274188451769206e-05 8.199321864430455e-06 2.9588915677718124e-05 2.3710700511412414e-06 4.088009240372987e-05 3.075182528883028e-05 3.21612416773372e-05 3.3368504038617006e-05 0.0 7.905869851691227e-08 1.5044555866886249e-07 7.895255465548144e-08 0.0 0.0 0.0 0.0 0.0 0.0 0.0 0.0 0.0 0.0 0.0 0.0 0.0 0.0 0.0 7.690448141709326e-07 9.384676809368904e-07 0.0 0.0 0.0 1.6263934114692715e-05 1.0551500696656767e-06 8.563793699749246e-06 4.607112656378141e-06 7.048983186845113e-07 0.0 5.177210732617453e-08 0.0 6.825945673093606e-08 0.0 0.0 0.0 7.058947908182295e-08 8.174230062751575e-07 0.0 0.0 0.0 2.089760698638726e-06 5.579289312437918e-08 0.0 0.0 8.021660588092669e-07 0.0 7.610092044799037e-08 4.197366316428604e-07 0.0 0.0 1.0394852927587207e-05 2.788640093450456e-07 2.3531277700518603e-07 0.0 0.0 0.0 0.0 0.0 0.0 0.0 3.441020495317487e-05 5.488899475077245e-07 0.0 0.0 0.0 9.320783618051316e-07 0.0 9.5343932014065e-08 6.406731845688424e-07 0.0 2.662255746134496e-07 0.0 1.5541549443403145e-07 0.0 0.0 0.0 0.0 0.0 0.0 6.30892777548176e-08 0.0 5.33750345665104e-05 9.36531815512651e-06 1.2668163469192489e-05 7.825599731674454e-05 3.4410769659000306e-07 1.835880896868504e-05 9.377091440577622e-06 8.748182726252428e-05 1.0565628876211275e-06 8.307600665889882e-07 6.3800032303195e-06 5.339228408150983e-06 1.3790507475081296e-07 1.7160665564798444e-06 0.0 4.196256792669958e-05 0.0 0.0 1.8645363835970492e-07 2.544629682881907e-06 0.0 0.00016686347002500923 2.4786655421658024e-05
