0.0 0.0019793697369339404 0.00024881075072127743 0.0007515276115417166 0.0002690700831351317 4.749224534365406e-05 0.00044316346324014855 4.470744606581884e-05 0.00010255830200196693 0.00024676076902786233 0.00011072725554392092 5.0069424947485015e-05 8.402694006403975e-05 0.00013908272673769466 1.131122375319434e-06 9.61001667573958e-08 0.0 0.0 0.0 0.0 0.0 0.0 0.0 0.0 0.0 4.813736997839543e-08 6.844394109925325e-08 0.0 0.0 0.0 0.0005573629839603875 1.05682328763353e-06 1.1383862765165518e-06 0.0 0.0 1.5136319888963535e-07 8.009776421787552e-07 1.1523091435713637e-07 0.0 0.0 5.2428218765660776e-08 4.3789610115806475e-08 0.0 0.0 0.0 0.0 7.887630406852489e-06 5.090657682272114e-07 5.669951887305292e-08 0.0 3.674912469948464e-07 0.0 0.0 0.0 7.313523845158323e-07 1.4174746775107479e-06 1.7623769993605687e-05 0.0002872145457055972 1.9728240852281348e-06 9.258178055202618e-06 0.0 1.0070319234149097e-06 0.0 2.311228843856779e-06 2.3169803202604374e-06 8.842420850683287e-07 2.9837550770137855e-07 4.6007112873157784e-07 1.1161314982153578e-07 1.1409372715630228e-07 1.4590788853484638e-05 2.088621080217298e-06 3.3767605845856933e-07 0.00010295944162575604 1.4989608523661436e-05 9.608392576268763e-06 1.4077058943129483e-06 1.4938279174257533e-07 3.314788509217217e-08 4.5067624793185265e-06 1.0229706794565267e-07 4.013892523932091e-07 3.36569729053653e-06 1.10926416375235e-07 1.7527708168952602e-06 1.2652524468411895e-06 3.1291107193763094e-07 1.3871085650147989e-07 1.0255269339926643e-06 0.0 1.4163435626849497e-07 0.0 0.0 1.9369864807415192e-07 4.537720254070404e-08 0.00011050731494817319 2.0686959858875918e-06 4.349556339255399e-07 0.0 0.0006184278889323354 0.0 0.0 0.0 0.0 0.0 6.886509761578882e-07 8.755503385871789e-08 0.0 5.566665701655376e-08 1.7971202411461784e-06 0.0 4.0209212222072407e-07 1.058143537832823e-06 3.829842688701197e-07 0.0 0.0 0.0 0.0 0.0 0.0 0.0 0.0 0.0 0.0 0.0 0.0 0.0 1.743752072108483e-07 0.0 0.0 1.1616358809185259e-07 1.8561896484518082e-07 0.0 0.0 0.0 0.0 0.0 0.0 0.0 5.7462035681127446e-08 0.0 0.0 2.9026681841722865e-07 0.0 0.0 0.0 0.0 0.0 0.0 0.0 0.0 0.0 0.0 0.0 0.0 0.0 8.42197955194661e-08 0.0 0.0 0.0 0.0 0.0 0.0 0.0 0.0 0.0 6.227043948364954e-07 0.0 0.0 0.0 0.0 0.0 0.0 0.0 0.0 0.0 5.493698896692123e-07 0.0 0.0 0.0 0.0 0.0 0.0 0.0 0.0 0.0 0.0 0.0 0.0 0.0 4.120471046985945e-08 0.0 0.0 0.0 0.0 0.0 0.0 1.0574487028312168e-06 3.5407212015042687e-07 1.0780718109083024e-07 9.752796224613218e-05 3.5768638078610667e-06 3.7685829951323205e-05 1.0209676343618742e-05 0.00012167686661872503 5.482513139035531e-07 1.2375133402400626e-06 4.167785831567252e-06 1.8095262671347773e-07 0.0 0.0 0.0 6.6802955572789086e-06 0.0 0.0 0.0 1.8604282450888528e-06 0.0 6.664302512627231e-05 9.787193686498068e-07
0.0019793697369339404 0.0 0.0012973266658094977 0.0008029395967187354 0.002281748891794707 0.00014081228582821963 0.0019644421107195102 0.00013720187963714355 0.0007474323982444764 0.0003523897562290077 0.0006243585489209217 1.3181602543256229e-05 0.0005841278478617877 0.0003380745248178264 5.415847135963261e-06 5.642858053963474e-07 0.0 0.0 0.0 3.947943103578214e-08 0.0 5.429637493603392e-08 0.0 0.0 0.0 0.0 0.0 1.0823405813649551e-07 0.0 0.0 0.0010328916379681642 2.9702863641618306e-06 2.2366928152514565e-06 3.8638112877342176e-08 0.0 8.246361734188709e-08 4.1407984285788907e-07 4.923045117168261e-07 0.0 0.0 5.5656562678831784e-08 2.189062810102918e-07 1.1417833093096525e-07 1.6421557174175932e-07 9.217867124329071e-08 3.960893156133462e-08 3.492446623148452e-05 1.0341805203587657e-06 9.927028623940376e-08 1.3451241276190062e-07 4.801154563593158e-07 5.138531716821816e-08 0.0 5.2683743821865115e-08 1.4313322104205685e-06 2.1541015203097894e-06 9.665363195445678e-06 0.0002882430516005844 1.975116567561353e-06 3.72779406005984e-05 5.800978696133524e-08 1.4880367370314757e-06 9.755137036318122e-08 2.5753621932430332e-05 3.7679026677080353e-06 1.464635162496424e-06 1.196320911012221e-06 8.695719033751125e-07 2.1918837953187532e-07 4.1350250315686476e-08 1.6760282321866842e-06 7.861502975921906e-08 1.4719817444483385e-07 0.00014786800303296402 5.667893839899362e-05 4.42892704575629e-05 7.298335355014307e-06 8.708639968024485e-07 5.010162072542248e-07 1.0143806771053484e-05 2.2081715309356703e-07 1.341448026425531e-06 6.522146555115561e-06 2.7922726790042327e-07 2.5857291984997044e-06 1.8195037525848711e-06 4.526043580380071e-07 7.480769914220426e-08 1.4501336575505199e-06 0.0 3.0552294183724434e-07 3.580110502358137e-07 4.953846890724912e-08 2.5908095652351887e-07 1.87578058016528e-07 8.2255491206933e-06 6.952637440414708e-07 0.0 0.0 0.0008107379715234037 0.0 0.0 0.0 0.0 0.0 1.0553939834022496e-06 2.1833104328524136e-07 0.0 1.687948401443018e-07 1.4301840371346296e-06 0.0 1.2607622834143852e-06 1.4046447924650756e-06 1.7025658032171538e-06 8.255119664098073e-08 0.0 0.0 0.0 0.0 0.0 0.0 0.0 0.0 0.0 0.0 8.954058523557852e-08 0.0 0.0 0.0 0.0 0.0 4.655299906674741e-07 5.3335853811105765e-08 0.0 0.0 6.208570946355262e-08 0.0 0.0 0.0 4.217672724982551e-07 0.0 5.777478726070916e-07 1.2269782154265358e-07 1.0937660188793567e-07 0.0 0.0 0.0 0.0 0.0 0.0 0.0 0.0 0.0 0.0 0.0 0.0 0.0 0.0 0.0 0.0 0.0 0.0 0.0 0.0 0.0 0.0 0.0 0.0 0.0 0.0 0.0 0.0 0.0 0.0 0.0 0.0 7.311251709224574e-07 0.0 0.0 0.0 0.0 0.0 0.0 0.0 0.0 0.0 0.0 0.0 0.0 0.0 6.914495766945204e-08 0.0 0.0 0.0 0.0 0.0 0.0 1.5477178132792172e-06 7.052102488528951e-07 9.994283362274614e-07 6.613831686949898e-05 4.100068012456863e-06 9.01837359783884e-05 2.1647845417300837e-05 5.624687929705963e-05 2.515353811431128e-06 1.130342451238467e-06 6.78242387264839e-06 6.615630362349948e-07 0.0 4.0260762500373844e-08 5.554491833301761e-08 1.5506071839933333e-06 6.432582135352993e-08 0.0 0.0 9.100323769483005e-06 9.075502991120699e-08 2.2502843217180354e-05 1.0142824514344391e-06
0.00024881075072127743 0.0012973266658094977 0.0 6.248574512531377e-06 0.0005215513330109297 6.260807445499908e-07 2.3958029943077084e-05 0.002095062286250502 0.0004766932929541678 2.603681987237656e-06 0.001698211736277078 1.8530669010779657e-05 7.303967622688485e-05 0.00035321376804883293 5.1463562116747185e-06 2.8830782655323714e-06 9.369030135030708e-08 2.780829952509959e-07 5.546305956305367e-08 5.240724996291459e-07 2.467622277506578e-07 9.124363468132526e-08 4.024451692560258e-08 0.0 5.746631242878008e-08 8.753435987857583e-08 0.0 5.669965839815366e-07 1.0432273278897145e-07 0.0 0.004029339714796401 0.00012554482500496178 1.2008578326367475e-05 1.916519240400869e-07 3.8230975600274974e-08 2.0781980456232767e-07 1.9856348856665517e-06 1.4140902171424844e-06 1.4150238978844495e-07 1.001967662729096e-07 5.093243112720074e-07 1.9321636743088177e-06 1.4400441637760884e-06 6.242001615461901e-07 2.8856174889067576e-07 5.338700553292385e-07 2.2752529675688227e-05 9.122339474557261e-07 5.810053984983945e-07 2.046644859636676e-06 4.1098409328772154e-07 9.022934179583981e-08 0.0 9.072066609216043e-07 4.96598360293757e-07 2.0519589521479535e-06 1.1784959439488817e-05 0.0004467733893951153 1.182638888546494e-06 1.4094679731890258e-05 1.8320384813794247e-06 4.702876880152389e-06 1.5594555504332003e-07 9.831893659071724e-05 1.7436086645701737e-06 1.961119821965708e-06 9.755493947592084e-07 1.5427621850169341e-06 4.160959760136206e-06 3.0582786514872915e-06 2.4164804407385863e-06 3.332964990056328e-07 0.0 0.00011115178727273716 3.6628499790230824e-05 2.351862173257362e-05 6.040349739397352e-06 1.5466396482291436e-06 8.644248797360188e-06 0.000223602922595588 5.936586101885905e-06 1.641440025233322e-05 4.175180191766698e-06 2.0437796904612266e-07 1.786746634835666e-06 9.7560445561037e-07 1.4476029573398954e-06 3.5619808837539444e-08 8.580239597891207e-07 0.0 6.153045870918089e-07 1.2614540488637753e-07 6.273560227761661e-06 3.446847788625033e-06 1.1459371110833088e-06 2.7430876696412786e-06 7.631268906768796e-07 4.252570379197133e-08 0.0 0.00016960753939028654 0.0 0.0 0.0 0.0 0.0 5.85274796818001e-08 0.0 2.527786198564301e-07 0.0 6.667912571130855e-07 4.6390151738806435e-08 8.129197714726815e-07 1.2354349743396768e-06 8.979736025469608e-07 3.5773338921906413e-07 0.0 0.0 0.0 0.0 0.0 0.0 0.0 4.7396603920262076e-08 0.0 0.0 1.0605082092398943e-07 0.0 2.0342133642508865e-07 0.0 0.0 0.0 1.4264634395666412e-07 1.8647897330080908e-07 0.0 6.788992938843903e-08 0.0 0.0 0.0 0.0 1.9481568906370327e-06 5.7095256949391e-07 1.0546793813336565e-06 7.407702620853109e-07 1.056096006979697e-06 0.0 1.336434534677455e-07 0.0 0.0 0.0 0.0 0.0 5.3578712414687836e-08 0.0 0.0 0.0 0.0 2.747602656403394e-07 1.3504775237445268e-07 0.0 0.0 0.0 0.0 0.0 0.0 0.0 7.984306296639636e-08 2.310866949110199e-07 1.1267455669375049e-07 0.0 0.0 0.0 0.0 0.0 0.0 1.2485783389219782e-07 0.0 3.2428136761564903e-06 1.5072153811717717e-07 0.0 3.801319815012524e-08 5.141672244849855e-08 0.0 0.0 0.0 3.6346901435801845e-08 0.0 0.0 0.0 0.0 0.0 8.512268671148647e-08 0.0 0.0 0.0 0.0 4.7373700571662776e-08 0.0 3.4707760036859224e-06 1.757421676840246e-06 2.414862616864147e-06 3.2348066287850096e-05 2.5854719384792044e-06 5.067003484347977e-05 1.3060901868839565e-05 9.722665538582717e-06 1.3113023635887258e-06 8.22670549866179e-07 4.328757423485093e-06 1.9672064346281514e-06 4.489426066978258e-08 6.859959044857402e-08 1.4523435865214257e-07 5.470896339812334e-07 8.285879489129879e-08 0.0 2.7151492393011496e-07 4.478690653882645e-06 0.0 6.42233808416481e-06 4.80175982954641e-07
0.0007515276115417166 0.0008029395967187354 6.248574512531377e-06 0.0 5.87024216308706e-05 0.00017536700539248925 0.0009623020346304791 5.236653957167766e-07 1.733672030552995e-05 0.0007703873041104582 1.929896925257219e-06 0.00011188271842187444 0.0002912352949418857 6.713860325173121e-06 3.913055337446858e-07 0.0 0.0 0.0 0.0 0.0 4.4800736388136384e-08 0.0 0.0 0.0 0.0 0.0 4.246314195006838e-08 0.0 0.0 3.9894657735536975e-08 3.585102047414501e-05 5.833957576897711e-08 2.9598821502906353e-07 0.0 0.0 0.0 6.724636682819488e-08 0.0 6.28726674294887e-08 0.0 0.0 0.0 4.657277189672807e-08 1.174511378539518e-07 3.3493795115256415e-08 0.0 5.792684232210913e-06 2.3242032435421038e-07 3.190727036069483e-08 0.0 1.2455685701785546e-07 0.0 0.0 0.0 2.9647282513488495e-07 7.332601870468917e-07 3.834458464149659e-06 8.136680760720071e-05 8.652905574604683e-07 8.060818616401548e-06 1.1355843304106565e-07 1.3354976236260926e-07 0.0 2.614794742935026e-06 7.883898301496845e-07 3.1633051974147846e-07 4.2403656333321e-07 8.020931028948829e-08 0.0 0.0 3.2698350201421774e-06 7.119123886298e-07 2.2427393296132133e-07 4.8714173590618166e-05 1.5446011006692967e-05 8.079387742106175e-06 7.902173814825927e-07 0.0 3.448432323630332e-08 5.069140030243816e-07 0.0 4.829588869174418e-08 2.322565367484167e-06 1.8836971130541893e-07 6.59348496869457e-07 6.643123601458365e-07 1.9206321673863222e-07 4.6685468747106394e-08 3.8750039003196716e-07 1.1696129555685322e-07 1.2171024771395678e-07 0.0 3.0018403812327265e-08 0.0 0.0 3.884015948508245e-05 2.7701619998005428e-06 1.8873577360609474e-07 0.0 0.0004743433129123397 0.0 0.0 0.0 2.530663024151969e-07 0.0 2.0184001353026055e-07 5.795403576424027e-07 0.0 2.534211784425799e-07 6.292786992895934e-07 0.0 0.0 6.213572071932998e-07 1.1612800312485925e-07 0.0 0.0 0.0 0.0 0.0 0.0 0.0 0.0 0.0 0.0 0.0 0.0 0.0 0.0 0.0 0.0 0.0 0.0 0.0 0.0 0.0 0.0 0.0 0.0 0.0 6.518421617103677e-08 0.0 0.0 1.300117333889181e-07 0.0 0.0 0.0 0.0 0.0 0.0 0.0 0.0 0.0 0.0 0.0 0.0 0.0 0.0 0.0 0.0 0.0 0.0 0.0 0.0 0.0 0.0 0.0 0.0 0.0 0.0 0.0 0.0 0.0 0.0 0.0 0.0 0.0 3.5899580929726116e-08 0.0 0.0 0.0 0.0 0.0 0.0 0.0 0.0 0.0 0.0 0.0 0.0 0.0 4.9455678958895546e-08 0.0 0.0 0.0 0.0 0.0 0.0 0.0 1.2209585566135137e-07 0.0 2.4381073648826698e-05 9.370358322994972e-07 1.998848243015631e-05 5.665240876876125e-06 0.00022017323112272973 3.441878950975497e-07 5.502089632934234e-07 2.7509060132571303e-06 4.8582467182322675e-08 0.0 0.0 5.454693775169946e-08 1.015448978337432e-06 0.0 0.0 0.0 6.400872629689957e-07 1.3161718199355398e-07 7.107788985104883e-05 2.985640364440004e-07
0.0002690700831351317 0.002281748891794707 0.0005215513330109297 5.87024216308706e-05 0.0 3.0290141324290354e-05 0.0007289702612272671 0.00020960453630001802 0.001251066493646578 0.0003643519025370067 0.0003684235091517475 3.893527771664511e-05 0.0004592861130126738 0.00024820419687855233 1.2716153007008249e-05 1.3597576202770409e-06 1.3230649058790942e-07 1.9697211319163534e-07 1.2650354762101004e-07 1.1953930690924058e-07 8.767543188802532e-08 0.0 0.0 0.0 7.348515891136697e-08 0.0 0.0 0.0 0.0 0.0 0.0001547497373508156 9.224353382377302e-06 2.5763536516325237e-06 0.0 0.0 6.850233538706061e-08 5.1209005971372755e-08 5.418750380325438e-07 0.0 0.0 0.0 0.0 0.0 2.4111813411093277e-07 5.379701460054246e-08 8.3819124927502e-08 9.358138212989829e-05 1.0739771617110442e-06 4.573359605521511e-07 2.3324545153465762e-07 3.2004512682959906e-07 0.0 0.0 0.0 6.973177567454715e-07 1.694766486578625e-06 4.40193229070507e-06 0.00012180958564560482 2.372347125702918e-06 6.358583318726412e-05 2.403958156976386e-07 2.7827002076231516e-06 0.0 4.598458509883126e-05 3.1497254589805058e-06 1.5230015240515859e-06 1.5993634600201517e-06 1.1781044471322904e-06 4.261189390636645e-07 0.0 3.2047251799492897e-06 1.2111458169426772e-07 0.0 0.00011991656484655672 7.985284644522704e-05 7.554641210971256e-05 1.917393249290409e-05 1.1301228296304643e-06 1.0946422911086822e-06 4.357142510070493e-06 1.9457334306320857e-07 1.1762813970004576e-06 8.08794767073184e-06 2.0250536627145254e-07 2.45968069379578e-06 1.714281923079988e-06 7.914263422151319e-07 4.1360814792334785e-08 1.8843946748615683e-06 1.790570872255103e-07 7.136978974100748e-07 1.3271226294551305e-07 2.04311388274688e-07 1.8652229584458393e-07 9.640790453281456e-08 2.8064723377737537e-05 1.452010497641836e-06 9.28586619874413e-08 4.401630200663073e-08 9.767033431103922e-05 0.0 0.0 0.0 0.0 7.599880672815946e-08 1.821116022753671e-06 1.2056439175795161e-06 1.3655042193684823e-06 1.0254291602617544e-06 6.062926884377459e-06 9.141381284004753e-07 2.6043834587810088e-06 4.859543470584705e-06 3.5344666855488756e-06 1.7700808043947132e-06 9.73057273238934e-08 0.0 0.0 0.0 0.0 0.0 0.0 0.0 0.0 0.0 8.421328030389316e-08 0.0 8.19026051108018e-08 0.0 0.0 0.0 7.245733209111128e-08 0.0 0.0 1.7669840933146118e-07 0.0 0.0 0.0 0.0 7.179975757096924e-07 4.280725027946066e-08 2.5861893431824295e-07 1.9195980437376074e-07 1.7113826127190224e-07 0.0 0.0 0.0 0.0 0.0 0.0 0.0 0.0 0.0 0.0 0.0 0.0 1.3265520021247123e-07 0.0 0.0 0.0 5.134031122377159e-08 0.0 0.0 0.0 0.0 0.0 9.258347602465234e-07 1.9405243823227274e-07 0.0 3.853572571864561e-08 0.0 0.0 0.0 0.0 0.0 0.0 3.563723937472592e-06 0.0 0.0 0.0 0.0 3.30620632027168e-07 0.0 1.6102358928309873e-07 0.0 0.0 0.0 0.0 0.0 0.0 0.0 0.0 0.0 0.0 0.0 0.0 0.0 1.0960753155037897e-05 8.59953367478712e-07 2.0687218647606215e-06 0.00018015426240373394 6.494512204566689e-06 0.00017908219161897137 4.72669245811604e-05 8.00004543381633e-05 7.040604024790093e-06 1.456247271353108e-06 2.4548697442668003e-05 4.2079576346832935e-06 3.79822235777645e-08 2.5039608923646584e-07 5.14061185408435e-08 7.786258199235912e-06 0.0 0.0 0.0 4.014974140711831e-06 0.0 5.784921266107538e-05 5.079054696033885e-06
4.749224534365406e-05 0.00014081228582821963 6.260807445499908e-07 0.00017536700539248925 3.0290141324290354e-05 0.0 8.297810511922469e-05 7.337272594541831e-08 1.8678547121371865e-05 0.00020754001523879106 6.311418264900318e-07 5.689908255579698e-05 5.44241528027977e-05 1.258368210428806e-05 0.0 0.0 0.0 0.0 0.0 0.0 0.0 0.0 0.0 0.0 9.826772256184224e-08 0.0 0.0 5.30625848018746e-08 0.0 0.0 4.845433467005126e-06 4.641231499774101e-08 1.1948279075061516e-06 0.0 0.0 0.0 2.2013996559067927e-06 1.917701108998633e-07 1.0350946766860925e-06 1.4342970460152505e-07 0.0 0.0 0.0 0.0 0.0 0.0 1.8167164080840821e-06 0.0 0.0 0.0 0.0 1.0081788652401773e-06 7.029095800360491e-07 0.0 4.7570379400059564e-08 1.2124990587619825e-07 1.6613209947499237e-05 1.949347695210866e-05 4.4274659119064307e-07 1.6273427681816382e-06 0.0 3.691185070125106e-07 0.0 1.3786685096827384e-07 2.31906489806096e-07 1.629219344388524e-07 1.4336640570311178e-07 1.1197428931267947e-07 0.0 0.0 2.5455916293836995e-05 0.0001389815973583501 1.0452679698426497e-05 1.1280713186721826e-05 2.8003343543957473e-06 1.7628012915520855e-06 5.631163242010042e-07 0.0 0.0 5.909557493495518e-07 0.0 1.604480361099945e-07 1.7880065828930566e-07 6.105069497740156e-07 1.2637859379384857e-07 6.593335737499882e-07 0.0 6.176310829147454e-06 3.859428221954836e-06 2.9446261967272636e-06 4.847661252155771e-07 4.699792975050008e-07 0.0 0.0 9.374038782831266e-08 0.00016492496869907754 7.461923592178298e-05 2.669627168454995e-05 5.773996112827451e-06 0.00025896853441929597 0.0 0.0 0.0 0.0 0.0 5.915338321733955e-08 0.0 0.0 0.0 5.398612449554039e-07 0.0 6.16232262188134e-08 7.451275521189105e-08 1.7405883707811084e-07 0.0 0.0 0.0 0.0 0.0 0.0 0.0 0.0 0.0 0.0 0.0 0.0 0.0 0.0 0.0 0.0 0.0 4.929761521870135e-08 5.582486028184865e-08 0.0 0.0 0.0 0.0 0.0 0.0 0.0 0.0 0.0 0.0 0.0 0.0 0.0 0.0 0.0 0.0 0.0 0.0 0.0 0.0 0.0 0.0 0.0 0.0 0.0 0.0 0.0 0.0 0.0 0.0 0.0 0.0 0.0 0.0 0.0 0.0 0.0 0.0 0.0 0.0 0.0 0.0 0.0 2.470255267814959e-07 0.0 0.0 0.0 0.0 0.0 0.0 0.0 0.0 0.0 0.0 0.0 0.0 0.0 0.0 0.0 0.0 0.0 0.0 0.0 0.0 1.5466664370484827e-07 9.823004471833799e-08 1.67192637014835e-07 2.0843796287753668e-05 6.488549839006437e-07 7.427474713777258e-06 1.6192904561376435e-06 5.886928498561457e-05 1.4471822497302058e-07 0.0 7.04605456071726e-07 0.0 0.0 1.256899251950638e-07 0.0 3.1687723732267915e-06 0.0 0.0 0.0 0.0 0.0 1.1816072997048808e-05 3.396481850942168e-07
0.00044316346324014855 0.0019644421107195102 2.3958029943077084e-05 0.0009623020346304791 0.0007289702612272671 8.297810511922469e-05 0.0 4.171318892234094e-06 0.0008496008590346968 0.0018030580578169886 6.061381638123944e-05 9.025937275691123e-05 0.0010167066692244725 0.00035032297497337577 7.16308037450058e-06 8.007725220817645e-07 1.0684089697261128e-07 1.337068888581051e-07 0.0 4.574915522715388e-08 0.0 0.0 0.0 0.0 0.0 0.0 0.0 0.0 0.0 0.0 7.031470750824385e-05 3.044478696946754e-06 1.7833434963028312e-06 0.0 3.163917591280789e-08 0.0 7.975134856795887e-07 2.0896314603336544e-07 5.6863436601168814e-08 0.0 0.0 5.361444297309066e-08 0.0 0.0 4.943953651137265e-08 0.0 4.897670281901142e-05 7.434720352351954e-07 3.8196588729255215e-08 2.9706506369014316e-07 2.943817260524809e-07 0.0 0.0 0.0 9.019760923820359e-07 1.179606592565612e-06 4.523831012564871e-06 9.917048036180001e-05 1.6818980107099848e-06 4.5425179344589906e-05 2.7554907989674605e-07 8.429628590952193e-07 1.0621882127787864e-07 2.0898219403044783e-05 2.127019273617636e-06 1.0701428178212674e-06 1.2149836095289655e-06 7.336227976179019e-07 1.1094746343336377e-07 5.293857125256579e-08 4.178642913583853e-06 9.45160621567009e-07 1.74349091751778e-07 9.404023044548132e-05 5.048270050093295e-05 4.582728837361306e-05 9.003998839920959e-06 5.900113737053009e-07 5.167937056441025e-07 1.9815448498970807e-06 2.2021194173709584e-07 1.4747964237362517e-06 5.798317900899093e-06 7.113411243369657e-08 2.3385929494513213e-06 1.633880471561031e-06 1.2581991709162322e-07 2.5722086854375285e-07 1.6870317154649525e-06 0.0 6.704673825717958e-07 7.741475598077715e-08 2.3710679656457883e-07 7.71316868497973e-08 1.7091908553759091e-07 5.1964583437899656e-05 3.855554944495649e-06 7.099042584518572e-08 0.0 9.656893575048086e-05 1.3067974954295675e-06 2.352115115582625e-06 2.9605766255601334e-05 2.4339931312143166e-05 6.203897677465838e-06 3.0235357251497354e-05 8.020370656713316e-06 8.297255935135e-06 2.0503884994717338e-05 1.1115363391171046e-05 5.034032694068083e-07 1.961447047757913e-05 9.356257973945733e-06 3.5171787672805726e-06 1.182484631415026e-06 0.0 0.0 0.0 0.0 0.0 0.0 0.0 0.0 0.0 0.0 0.0 0.0 0.0 0.0 4.1249237175916594e-08 0.0 3.207822197377981e-08 0.0 0.0 3.114134656198145e-06 3.123519766601034e-07 0.0 0.0 0.0 6.395514501843628e-07 4.7546998632963416e-07 1.4942380241609425e-06 9.551074539591047e-07 0.0 0.0 0.0 0.0 0.0 0.0 0.0 0.0 8.706968487649352e-07 2.654312321953239e-07 0.0 2.3359142828713785e-07 0.0 0.0 0.0 5.143576489490845e-07 3.9960177206259814e-07 0.0 4.6308824680802453e-07 5.128532286499905e-07 1.2534592605922863e-07 0.0 0.0 4.084516520464923e-07 7.089972634019826e-07 3.263587983945445e-07 3.580842493500697e-07 0.0 0.0 0.0 0.0 0.0 0.0 5.6889805631943915e-06 0.0 0.0 0.0 0.0 2.1898687192173176e-07 0.0 0.0 1.8889355647619488e-06 1.7241926730677746e-06 2.1261929513743695e-06 4.530903542953727e-08 0.0 0.0 0.0 0.0 0.0 0.0 0.0 0.0 0.0 2.1685758093682203e-05 1.3811856911243642e-06 2.3925025820402284e-06 0.00012578646328561508 4.163590551407674e-06 0.0001075057529923121 3.191167032114401e-05 0.00011973689018483757 3.4851941636162243e-06 6.239636483015366e-07 1.5042860049714925e-05 4.599815536169131e-06 4.945459915594212e-08 6.358256355908689e-06 2.605689401591169e-07 1.2066435193818415e-05 4.023774601511679e-07 0.0 0.0 4.5296008152871915e-06 0.0 8.08331221921102e-05 9.27469216422915e-06
4.470744606581884e-05 0.00013720187963714355 0.002095062286250502 5.236653957167766e-07 0.00020960453630001802 7.337272594541831e-08 4.171318892234094e-06 0.0 0.0002706250107017363 4.6757900473308393e-07 0.0009013464697230418 2.4740432296181545e-05 6.0972086860201125e-05 0.000319968134786143 3.813153611558571e-05 2.2732198378293002e-05 1.9573163555873526e-06 4.754557881340584e-06 1.2675741475503923e-06 8.809733201268469e-06 6.773195773481134e-06 4.7431109690932875e-07 1.1463931883060324e-06 1.1622216042582113e-06 8.167047204436476e-07 1.4768979144055056e-06 1.5715519823559097e-07 2.544023495857306e-06 6.502127117552529e-07 2.548694975185655e-07 0.0011252274201377695 0.001212746193988858 4.488826071130715e-05 2.8915527532327676e-06 7.772423266359255e-07 1.1950197818180363e-06 7.067816369539208e-06 6.048893777327303e-06 3.08110750278226e-07 3.67822076174435e-08 5.90034578549444e-06 1.4065340393710003e-05 2.597243116463361e-05 1.2887594240970066e-05 5.570836619519103e-06 1.269659264342445e-05 0.00010724900105549928 3.632625208487321e-06 4.785308888992652e-06 2.0252980852124973e-05 2.7492874189614827e-06 7.894897368502363e-07 2.2630813006786482e-07 4.1919681066707865e-06 7.843822264163521e-07 9.627823930698013e-07 3.296619620363479e-06 0.0001665562674497384 1.342947090174019e-06 4.7423266266163614e-05 3.778505986324487e-05 6.951215479753458e-05 2.0522103490810697e-06 0.0007241325395612977 3.0691120567009313e-06 9.423178288812458e-06 3.3452494047538735e-06 1.4122119642078657e-05 5.041659710249778e-05 3.152284306863624e-05 4.483849567183527e-06 3.1190408743758454e-06 0.0 8.717404145321888e-05 0.00010053362043753029 9.318088445199816e-05 0.00015304082847263515 3.1682575428941e-05 0.000742613943405544 0.0014223347306058628 0.00013915951765875118 0.0004258720044192869 5.545606695931546e-06 1.4352680193901152e-07 5.133048286335575e-06 1.7546852044044428e-06 1.4125852354065176e-05 3.5406132212089257e-08 1.263311394871997e-06 0.0 1.570683996704305e-06 1.6795963045543466e-06 5.9550869470393934e-05 2.9264412727996673e-05 1.1467572475115664e-05 4.243188104793573e-06 8.958949424306016e-07 0.0 7.474851926741674e-08 3.3723112437768374e-05 1.9945187764103245e-07 4.558878932279777e-08 0.0 0.0 1.7441444409569539e-07 6.072999804996449e-07 1.6604039323574011e-07 0.0 1.9613833242178884e-07 7.863799650074459e-07 1.8254641587274005e-07 6.399623880038474e-07 1.6808076250809807e-06 2.2519590390755028e-06 1.9403601430802488e-06 0.0 0.0 4.6698320222144834e-08 0.0 0.0 0.0 0.0 2.3302472889162087e-07 0.0 0.0 3.108371708404684e-07 0.0 2.0447645708488485e-06 1.0469663882683142e-07 1.6935865501001907e-07 3.903887749709152e-08 1.182697540652422e-06 9.532734541400195e-07 6.093680397415031e-07 2.0460284104432878e-07 1.650049562311863e-07 0.0 2.7580001882355265e-07 0.0 3.83921152926408e-06 1.8176958682248564e-06 4.338699918466449e-06 1.4394580218611011e-06 2.082092964638848e-06 0.0 8.641031836875346e-08 0.0 0.0 0.0 0.0 0.0 0.0 0.0 0.0 0.0 2.98720134700167e-07 1.680602438254594e-06 6.948338368745962e-07 0.0 0.0 0.0 0.0 0.0 0.0 0.0 6.777510629685187e-08 1.9485272812489847e-06 0.0 0.0 0.0 0.0 0.0 4.470289289467644e-08 2.645109155314848e-07 8.668187061261487e-08 1.5236198022370554e-07 6.193264657595224e-06 4.824703974071892e-08 8.057203915351855e-08 1.6171930389947004e-07 9.403187335602058e-07 2.65548023804093e-07 4.68748922702655e-08 1.749673396057038e-07 0.0 0.0 0.0 0.0 2.6576384486967825e-07 0.0 0.0 0.0 0.0 1.3120933495836568e-07 2.039527966332097e-07 2.760090456233635e-07 9.830792398977693e-08 6.334425835716695e-06 4.106585451331953e-06 9.505213203149755e-06 9.901645526360773e-05 7.725254133850489e-06 0.00015152923978940783 4.284490514075427e-05 1.252198728349365e-05 5.067370494054422e-06 5.093077138513297e-07 1.2357981120729152e-05 2.997287883450597e-06 2.6176804010682015e-07 7.134118830862078e-07 8.343461437535616e-07 1.476265929395467e-06 0.0 4.467602218016962e-08 0.0 2.8387299423164875e-06 7.474620497063733e-08 8.370889105912998e-06 2.1729330654304905e-06
0.00010255830200196693 0.0007474323982444764 0.0004766932929541678 1.733672030552995e-05 0.001251066493646578 1.8678547121371865e-05 0.0008496008590346968 0.0002706250107017363 0.0 0.00019271854258125638 0.000884557444035363 3.4294233423158326e-05 0.0004520344456433047 0.0006326545304671516 1.773354563424854e-05 5.580784795598583e-06 1.251009078497397e-07 1.4828264238967476e-07 0.0 1.6798171515567124e-07 0.0 2.4827615698868177e-07 0.0 0.0 2.754038494326641e-07 1.2723017917980918e-07 0.0 3.313117423152154e-07 0.0 0.0 7.385816883713494e-05 2.3839159149455882e-05 1.8921532974878943e-05 0.0 7.891923087664991e-08 3.857961849544079e-08 3.1285775302702014e-06 9.423113703856595e-07 2.3674437101598496e-07 0.0 1.8131760921120012e-07 1.6870526806279134e-07 5.14277121733886e-07 2.3088571810288997e-07 1.7731592619518537e-07 1.8426549250614388e-07 8.905570029260705e-05 8.623468204875393e-07 6.81192919716804e-07 3.0542208945465573e-07 4.2755585347924297e-07 1.245587345404065e-07 9.067156963573911e-08 1.8841760177966532e-07 5.259302702789778e-07 8.594012727214555e-07 2.5430271622788078e-06 4.332563851132055e-05 2.2629961266709648e-06 4.5163852413089015e-05 8.820886000669748e-07 2.5832270099400974e-06 1.7974898613369225e-07 2.9701914006484385e-05 1.7642469414522312e-06 1.30317664010967e-06 7.977101068780526e-07 1.2213837350927353e-06 9.545523897437262e-07 1.9789903606567826e-07 1.485456414718779e-05 1.6447764780475805e-06 1.1042846342336824e-07 5.621663840834156e-05 4.243550365338569e-05 5.579582821433803e-05 2.1435796267222274e-05 3.69717345711664e-06 1.3288392340677276e-06 1.149510982538799e-05 4.165090112593477e-07 2.792975109024365e-06 4.53097963266409e-06 2.1825709801501197e-07 1.8245580918227616e-06 1.1721631832269493e-06 3.3598734976665354e-07 1.4133556023214005e-07 1.2405755613218954e-06 0.0 6.266037998873703e-07 3.493171350492942e-08 6.991431545387815e-07 5.711908268023225e-07 4.8242638633737406e-08 7.289575533023254e-05 1.1717516691081353e-06 0.0 1.576827396082743e-07 4.812692467741525e-05 5.264356423264179e-07 1.9991849204201483e-07 2.0616728746827796e-07 0.0 2.804210052312117e-07 4.669353906092156e-06 5.461133459132922e-06 6.596843459195173e-06 3.500559168178429e-06 2.3048428637116988e-05 1.925245037072904e-06 1.2820252323713108e-05 1.853203671467897e-05 9.95238946756973e-06 3.8852851956102835e-06 0.0 0.0 0.0 0.0 0.0 0.0 0.0 0.0 0.0 0.0 0.0 0.0 2.6016073521171376e-07 0.0 0.0 4.7465012470516224e-07 3.722773795581385e-07 6.366848827247518e-08 6.29430584494349e-07 7.430818714899463e-08 4.611321867910409e-07 0.0 0.0 0.0 5.627586652544927e-06 1.6916691719008058e-07 5.543982108122875e-06 1.7258269184399382e-06 9.050050094289569e-07 0.0 0.0 0.0 3.3552222161130933e-07 0.0 0.0 0.0 0.0 0.0 0.0 0.0 0.0 2.2919125855030086e-07 0.0 0.0 0.0 0.0 3.4534094266255086e-08 0.0 0.0 0.0 0.0 2.982873150984726e-06 4.322911170107036e-07 0.0 0.0 0.0 0.0 0.0 0.0 0.0 1.4968017432899688e-07 1.3696708319729083e-05 0.0 0.0 0.0 0.0 9.106942485382294e-07 0.0 2.1678580279472227e-07 0.0 0.0 0.0 0.0 0.0 0.0 0.0 0.0 0.0 0.0 0.0 6.557414636339948e-08 0.0 4.0974768053664164e-05 3.5478146090946107e-06 8.721735524027708e-06 0.00029089426851874704 8.584560753956877e-06 0.0001676613331697512 5.210403198484074e-05 7.02290701346679e-05 7.581825794168428e-06 6.204624448549737e-07 3.662693134307627e-05 1.6392251149130045e-05 0.0 7.069580585575848e-07 1.5079305079760695e-07 2.079069267650587e-05 0.0 0.0 0.0 6.718551926447515e-06 0.0 0.0001013949202737946 1.5378293706251974e-05
0.00024676076902786233 0.0003523897562290077 2.603681987237656e-06 0.0007703873041104582 0.0003643519025370067 0.00020754001523879106 0.0018030580578169886 4.6757900473308393e-07 0.00019271854258125638 0.0 5.917210087358019e-06 0.0012091920228739924 0.0026836310298580753 0.0002218133138732617 5.22713464485006e-07 4.8627697580192174e-08 0.0 0.0 0.0 0.0 0.0 0.0 0.0 0.0 0.0 0.0 0.0 0.0 0.0 3.975220867400642e-08 1.584029041179918e-05 2.8435961380223603e-07 2.000346721668643e-06 0.0 0.0 0.0 1.3917540471770979e-06 0.0 2.1822157674426025e-07 0.0 4.8487681108461204e-08 2.2780828575192385e-07 0.0 3.3522840601441935e-08 0.0 0.0 8.54408016966031e-06 1.3445244426697853e-07 0.0 0.0 1.4886373106949252e-07 1.6858374473321503e-07 0.0 0.0 2.995551226654502e-07 8.44655061980962e-07 2.492190406243012e-06 3.4664060290007747e-05 4.023129115931568e-07 5.878745119064369e-06 5.182749041133895e-08 2.6588152519267593e-07 0.0 3.872863567075638e-06 6.301707439216095e-07 1.4664792384543048e-07 3.1416643386562394e-07 2.2172615305847562e-07 3.6480345062026966e-08 0.0 4.2273880903889086e-05 6.030089830878157e-06 1.0475010605869061e-06 2.7210273216911516e-05 1.1983616664051293e-05 8.073734415544565e-06 1.378197081665781e-06 9.472317533942375e-08 5.6956645434761234e-08 1.4039871833669739e-06 0.0 6.797641007902217e-07 1.9117800004040376e-06 1.3644608506652678e-07 3.4874131192545155e-07 5.584448903699702e-07 5.9298580316723465e-08 1.0340827435947018e-06 8.484726962233502e-07 7.078314250250306e-07 0.0 0.0 1.2157718323202713e-07 4.196237726410661e-08 1.6398809123080053e-07 0.00025561940449694343 5.503989651177934e-05 1.0071805631444964e-06 7.558515544878109e-07 0.0001613526150704289 8.026791507820851e-07 2.6826322685155255e-06 4.488565826486323e-05 1.2999603244734432e-05 2.4018659962899548e-06 5.715946101386204e-05 1.7372496109496406e-05 7.54701246467831e-06 3.216140233763043e-05 3.281121865554137e-05 2.313454593760845e-07 1.6869161049664924e-05 2.2454520130193427e-05 9.191109064208449e-06 3.4017707318743756e-06 0.0 0.0 3.680332140496828e-08 0.0 0.0 0.0 0.0 0.0 0.0 0.0 0.0 0.0 1.505905695449127e-07 0.0 0.0 0.0 0.0 0.0 1.02100198028531e-07 2.8753656091471636e-06 2.0992288460446777e-07 0.0 0.0 0.0 1.7453796263421207e-06 2.9972459409920574e-07 2.035527933352056e-07 3.5692255729513233e-07 0.0 0.0 0.0 0.0 0.0 0.0 4.929305032138421e-08 0.0 2.563813884768572e-07 1.2649037463160907e-07 0.0 0.0 0.0 0.0 0.0 1.7313178377843032e-07 2.8396396308074367e-07 4.45135057693697e-08 3.8218465658417877e-07 7.853773891972667e-07 0.0 0.0 2.5530572274597934e-07 7.713332535978452e-07 3.5805297449542697e-07 4.8283592283954256e-08 1.590558728538959e-07 0.0 0.0 0.0 0.0 0.0 0.0 6.009674745626789e-06 2.20410834768178e-07 0.0 0.0 6.79050162982434e-08 2.7387556124188297e-07 0.0 4.6269560194250617e-07 9.075183842618568e-07 4.311178443724065e-07 1.0430473162445455e-06 4.902663624101465e-08 0.0 0.0 8.350972195033766e-08 0.0 0.0 0.0 0.0 6.488160442649242e-08 0.0 3.477660150316937e-05 1.0720192969672144e-06 2.1221889085642605e-06 0.00014036318568555047 3.451423590132138e-07 2.1126637622774523e-05 5.5757971372262215e-06 0.0003529180948329508 3.669677275848491e-07 4.306973824482201e-07 2.499364119628284e-06 1.1296003930565746e-05 1.0816420762465695e-07 2.182587977947173e-06 2.764060248664671e-07 5.461630369589635e-05 6.551916740740545e-08 0.0 0.0 0.0 0.0 0.00025247655179267277 2.2028260110020856e-05
0.00011072725554392092 0.0006243585489209217 0.001698211736277078 1.929896925257219e-06 0.0003684235091517475 6.311418264900318e-07 6.061381638123944e-05 0.0009013464697230418 0.000884557444035363 5.917210087358019e-06 0.0 0.00010001441271712394 0.00028948021524542473 0.0014942555059766366 1.639983944618635e-05 5.985341841044403e-06 3.9599618564176725e-07 1.2851372214499407e-07 0.0 6.120753241328658e-08 2.500854456991668e-07 6.863914035495144e-07 1.0788453865971862e-07 0.0 1.2619003896609917e-06 4.6161725187001656e-07 5.4586538615070165e-08 1.5115360610322026e-06 3.1702188481449245e-07 8.43168746580264e-08 0.00028800562216132385 0.00011605581999295576 0.0001897699789770872 4.750840295694878e-08 0.0 9.514762282844386e-07 3.441954313942076e-05 9.442419076219355e-06 1.4452092525792558e-06 4.1381061097711605e-08 1.0830016573584946e-06 2.354191273346634e-06 4.363942681396428e-07 3.080072226534888e-07 0.0 2.4462921350810366e-07 6.0982560684964975e-05 5.707444223088643e-07 5.743473304543925e-07 1.2647797509657084e-06 4.054062407061424e-07 1.3060681400981498e-07 9.856222668477275e-07 1.7435587631145842e-06 6.738967275583316e-07 9.701103332549975e-07 1.8515021783336542e-06 7.933625860886906e-05 1.2558783589212574e-06 3.342106857554977e-05 9.463715750819648e-07 1.9967746064095293e-05 3.042298838668209e-07 4.296830454910015e-05 1.5026171676870743e-06 9.636873771383326e-07 1.1499806971268567e-06 1.7054238171814598e-06 2.2908416484597835e-06 1.0011079242242062e-06 3.8628759387573525e-05 1.8527255556488833e-06 0.0 5.7909787826301216e-05 4.4340120477582716e-05 4.743900544671441e-05 1.9590403947646105e-05 4.30527654409605e-06 1.6557498081316894e-05 0.0001828932020224622 6.390544223445769e-07 3.716429627469207e-05 3.664668060848067e-06 1.8206374395255692e-07 1.3262897131342773e-06 8.419156686175069e-07 8.952821148235237e-07 3.978480901710604e-08 9.488337169045098e-07 0.0 3.6045520241982817e-07 9.984087110566047e-08 2.9598306837273942e-06 3.4360840246355806e-06 2.1301236100478074e-06 2.672619256638318e-05 1.2544929595993895e-06 0.0 2.464776875398116e-07 3.793319992008107e-05 7.341000341254654e-08 4.246855613060734e-08 4.4104979307603985e-08 0.0 2.0907603397246868e-07 5.047892510943136e-07 3.526179895506806e-07 9.98936801430228e-07 1.7468658386155707e-06 2.09763015227481e-06 2.109161819954486e-07 2.1203837024795486e-06 2.9786367139535887e-06 4.082811966574614e-06 1.8968352484783684e-06 3.049698582716654e-07 0.0 0.0 0.0 0.0 0.0 0.0 5.399298063766379e-08 0.0 0.0 2.8410204743314504e-07 1.514346478738235e-07 9.749639899007313e-07 0.0 0.0 3.0758410975238864e-07 8.896713161192474e-07 4.845154289411196e-07 3.0235129364543713e-07 5.197525962562318e-08 1.286397406093372e-07 0.0 0.0 0.0 3.3404298346968776e-06 4.3961159866931985e-07 2.6245172644624728e-06 9.547150092817747e-07 9.330449746114063e-07 0.0 0.0 0.0 2.0728960311326748e-07 0.0 0.0 0.0 0.0 0.0 0.0 0.0 5.210242158916134e-08 5.458271987372645e-07 2.991429321532133e-07 4.009864949910429e-08 0.0 0.0 1.0694125798419302e-07 6.109198136465214e-08 0.0 0.0 0.0 1.6370780865873446e-06 3.441531958116305e-07 0.0 0.0 0.0 0.0 0.0 0.0 0.0 6.529434393966913e-08 5.9636229392240845e-06 3.238322384396263e-07 0.0 6.466722107607552e-08 2.3746935557196467e-07 4.37870489202619e-07 0.0 0.0 0.0 0.0 0.0 1.1756926708379526e-07 0.0 0.0 0.0 0.0 0.0 0.0 0.0 0.0 0.0 9.605678433915385e-06 4.2112126127249315e-06 9.19143294443139e-06 9.60195650934236e-05 3.856353364751925e-06 9.859006186957152e-05 3.5025000624235944e-05 1.2457811885364471e-05 2.8566914453069252e-06 2.0774753662646133e-07 1.2685251503336122e-05 5.043868682867116e-06 0.0 6.612016267931128e-08 5.461224277840879e-07 3.4865317391932417e-06 0.0 0.0 0.0 2.5153372534414573e-06 7.681838930243011e-08 1.1690546604371259e-05 2.9606209720968213e-06
5.0069424947485015e-05 1.3181602543256229e-05 1.8530669010779657e-05 0.00011188271842187444 3.893527771664511e-05 5.689908255579698e-05 9.025937275691123e-05 2.4740432296181545e-05 3.4294233423158326e-05 0.0012091920228739924 0.00010001441271712394 0.0 0.000759494580801186 0.0005194330371863226 5.147614722016939e-06 3.1653716794163735e-06 2.2270324430569193e-07 1.6848278315706936e-07 1.8945644804972383e-07 7.127668282140166e-08 1.4253383212870197e-07 6.380664663384305e-07 0.0 0.0 5.57754089463668e-07 5.058801371937878e-07 0.0 5.658533395714386e-07 4.332795431557766e-07 0.0 1.5113854136577427e-05 2.5763321814493613e-05 4.253797876142616e-05 9.915615167385712e-08 0.0 7.12960707440936e-08 5.7323325109742485e-05 1.5120168341977542e-06 2.163666063025364e-06 4.018074182195423e-07 2.3698995339218551e-07 1.5094336149193243e-06 2.170145784625943e-07 6.338355981787046e-08 9.11407500853131e-08 1.2834966185862313e-07 1.6084482799515303e-05 3.765933216314536e-08 0.0 5.594393373264549e-07 4.9022229067724404e-08 4.012419897157036e-07 1.2027921579795085e-06 1.7112672072617973e-06 3.683236385799943e-08 4.698130745795689e-08 1.1486041273173408e-06 8.468667823328346e-06 5.529804201316556e-07 6.4617769224957434e-06 6.454985165140015e-07 1.712924929248735e-06 0.0 6.034415366818722e-06 1.8352255774264053e-07 2.873751576715679e-07 1.0866060153518082e-07 4.3645188897308753e-07 1.2124153891988637e-06 3.6655938917865394e-07 0.00020610583388334954 1.411155261151438e-05 4.502489680832881e-07 7.93607289699409e-06 6.038459720250325e-06 7.841852518554052e-06 4.5769223243717215e-06 1.1279870248858954e-06 2.4811378707923762e-06 5.5166258153273464e-05 2.742583058915584e-07 2.1474378682286037e-06 5.59532194314141e-07 4.511752812933038e-08 2.4307175243865377e-07 1.814286742245308e-07 1.2720989344342569e-07 6.561658019294574e-08 4.693079148529344e-07 7.659929243013222e-08 0.0 4.300329335870285e-07 1.1884076963941855e-06 1.5907228919525783e-06 1.103765151952143e-06 0.0004490804255764248 4.43982887377601e-05 1.625845766978117e-06 2.4552544146661813e-06 2.1073961601363667e-05 3.152279923955569e-07 1.2960344775960884e-06 4.003237977764962e-06 1.014566730187379e-05 3.1938365288620718e-06 3.337026242707465e-05 1.8465092383295987e-05 1.3750298527798812e-05 3.654026765622406e-05 4.343947394718387e-05 2.8366409816079096e-06 2.7816716555756875e-05 6.270739498544052e-05 3.2978711559672426e-05 1.5885883156355272e-05 0.0 0.0 0.0 0.0 0.0 0.0 7.614061882727368e-08 5.3387447766830045e-08 0.0 0.0 3.2738136875828814e-07 0.0 2.9862773238231984e-06 0.0 3.6232706813798796e-07 2.0796150140157605e-07 1.3164595722568567e-06 5.846842507628774e-07 3.9629950714443265e-07 2.224170076516102e-06 1.6175589223392687e-06 0.0 9.057574743634706e-07 0.0 1.4688170261043053e-05 2.2090198678133076e-06 1.463387138982098e-05 5.05468363133645e-06 2.629528542007864e-06 0.0 2.6269221190985527e-07 0.0 7.242382544148784e-07 0.0 2.9516556290257693e-08 0.0 3.913665031805479e-07 3.0783581606724923e-07 0.0 0.0 2.1282692365308621e-07 1.0170265886513188e-06 3.427618272419752e-07 2.504666646721973e-07 2.7774454375449165e-07 8.176331052980937e-08 4.1146679553944806e-07 9.012730708968029e-07 0.0 5.597353337613323e-08 1.8079075454466464e-06 8.761597918100276e-06 1.0587735239941358e-06 1.811372578527424e-07 1.9623046751873656e-07 0.0 0.0 0.0 0.0 0.0 0.0 4.507547284351497e-05 7.995923277852098e-08 0.0 0.0 1.6914523013638108e-07 2.279817008929829e-06 0.0 1.6603717991200738e-06 1.0666148164559024e-06 1.0847806600226593e-06 9.984271526351357e-07 0.0 1.19656459463379e-07 0.0 0.0 0.0 1.0368722931987129e-07 0.0 8.070373871598461e-08 0.0 0.0 9.695745435830008e-05 1.566750068897095e-05 2.52203075843452e-05 0.0001352642113245332 8.90460931128406e-07 4.294100052422726e-05 1.6071024223465233e-05 0.00011011830218491139 1.510667389887712e-06 0.0 5.0195287534992255e-06 3.312058191961564e-05 1.5180331565409759e-07 4.991172824626722e-06 1.2448047430477948e-06 5.5184475154021705e-05 3.0189570779372066e-07 0.0 1.7304655214081408e-07 1.6312630170693e-06 0.0 0.00026833008632134276 3.6649388378176734e-05
