0.0 0.001741926510306155 0.00037371255856585666 0.0009485033968535577 9.753702711796861e-06 0.000259340277033031 0.00017897018848715874 6.84218822836235e-05 3.8064362129688123e-06 0.0011195495008477854 8.33901281668583e-05 6.691415625833901e-05 7.179330331975951e-05 6.052781070082351e-05 7.39050682956161e-08 0.0 0.0 0.0 0.0 0.0 0.0 0.0 0.0 0.0 2.3821161930107914e-07 0.0 0.0 0.0 0.0 0.0 0.0003555630614668698 4.10714419155108e-06 2.536720009793324e-06 0.0 0.0 0.0 7.659593921521443e-07 4.92240662640032e-08 1.6057961336203755e-07 2.9988987216123694e-07 0.0 0.0 0.0 4.698493162932531e-08 0.0 0.0 9.046680848962829e-07 4.913742745904881e-08 0.0 0.0 4.950317826101194e-08 0.0 0.0 0.0 2.4705943070905047e-07 2.1919858211908502e-07 6.93357149315799e-05 0.00028031031799902645 7.9407696985197e-06 9.231338497246728e-07 3.3043751690528137e-07 1.3166308403790698e-06 0.0 3.7051521909199935e-06 1.437073801895185e-07 2.1666372675824709e-07 8.51333849102934e-08 1.2692519593619298e-07 0.0 8.082809868948357e-08 2.565913759879457e-06 1.2293893100062996e-06 0.0 4.470517834600118e-05 1.3053594796634965e-05 1.7211899017466653e-06 5.250216414257629e-08 1.1366288401749456e-07 1.3612701345589093e-07 4.0226858393208845e-06 0.0 2.762417948655809e-06 5.11061139772134e-07 6.974032560916169e-08 4.862076305218691e-08 1.5957567648532702e-07 0.0 0.0 1.342738486172362e-07 0.0 5.031979676951789e-08 0.0 0.0 0.0 5.954821544613754e-08 9.764243703459184e-06 9.355617523838349e-07 0.0 1.6283522832732397e-07 0.0004783937700374434 7.599876665617309e-07 2.8957001337864533e-05 4.827775544634204e-06 1.4902909212235937e-05 1.6227829209516202e-06 1.9420600924096295e-05 1.747419050325705e-05 8.73534436000562e-06 2.853994080524919e-05 8.966621928541436e-05 9.242743573337679e-07 1.578630257248915e-05 1.265340117620547e-05 3.360755048492316e-06 3.64964728712669e-06 0.0 0.0 0.0 0.0 0.0 0.0 0.0 0.0 0.0 0.0 0.0 0.0 0.0 2.1567675737132217e-07 0.0 0.0 0.0 0.0 0.0 2.2408892913992437e-06 1.9936748912019137e-06 0.0 0.0 0.0 7.025401947797212e-07 0.0 1.8607155793127994e-07 0.0 0.0 0.0 0.0 0.0 0.0 0.0 0.0 0.0 0.0 0.0 0.0 0.0 0.0 0.0 0.0 0.0 0.0 0.0 3.0016744715216007e-07 7.469701464648418e-07 1.4729559619838207e-05 0.0 0.0 6.224439149140929e-07 0.0 0.0 0.0 0.0 0.0 0.0 0.0 0.0 0.0 2.3899156114348288e-06 3.477334048461294e-07 0.0 0.0 0.0 1.7381691551045916e-06 0.0 0.0 0.0 3.5594831340174606e-07 8.96292251425858e-07 0.0 0.0 0.0 0.0 0.0 0.0 0.0 0.0 0.0 0.0 1.2167718722158562e-06 5.339267299130969e-07 2.575842970249712e-07 1.2739317675157457e-05 9.917175801426145e-07 1.094494267350882e-05 3.3095607368007815e-06 0.0004383020955213002 7.062760640523682e-06 1.8840449147788607e-07 5.672820655921029e-07 4.144559353201378e-06 2.7440668890432534e-07 3.070196015504132e-07 5.094481595134593e-07 8.451375948689759e-05 0.0 4.3622916088562095e-06 2.5705968323774014e-07 2.7945235662122298e-05 8.445162792298213e-06 0.00018227818344149457 4.2426528074135225e-05
0.001741926510306155 0.0 0.0007477634646710581 0.0007557511879455274 0.0013851357741294316 7.087765277502298e-05 0.001954854235514821 0.00018463758186507503 0.0005569801472845718 0.0008591122754377326 0.001003542976835395 7.252971221025084e-05 0.0003051463949378989 0.000949522937465143 2.5883656763505777e-06 1.3217725826832448e-06 3.526324739044512e-07 6.352274702074717e-08 8.508875508739432e-08 1.6156941506975905e-07 1.687943179905568e-07 0.0 0.0 4.546974574311606e-08 4.2706383272120995e-07 0.0 1.8744709529650552e-07 5.498754074731135e-08 0.0 1.4459750308733802e-07 0.001215123642119886 5.528585584155682e-05 6.197765345078963e-06 1.087970361939031e-07 5.0584524353307587e-08 4.651424976177496e-07 7.899208638557314e-07 5.308622796568539e-07 3.2920386370625506e-07 2.6574766867137273e-07 6.303176232244116e-08 4.016928018149886e-08 4.5223234136119056e-07 4.365538030058994e-07 1.291783033534675e-07 6.822409138661492e-07 1.3985066266157874e-05 1.4279012856782352e-06 3.281641111889645e-07 1.0897475110639323e-07 8.503456901412746e-07 1.0144988653109599e-07 0.0 1.1576859368408583e-07 3.691769241017498e-06 7.304207963525651e-06 4.400082015247782e-05 0.0004489419601340589 2.0694522957491925e-05 2.4576039187386337e-05 9.143590404411274e-07 1.6117190904230988e-06 2.4501111896750944e-07 0.00016009098253756988 3.0713723765180844e-06 3.716768705423054e-06 4.080589235446166e-06 2.4924394573655827e-06 6.184755766809587e-08 4.628342581320622e-07 3.7364839429062263e-06 2.1895294060103674e-06 0.0 0.0001685682981489947 0.0001323282937763103 3.446381733428756e-05 1.3286771455902328e-05 3.105033901180915e-07 2.49797094589351e-06 9.348296767628939e-06 9.796940686939368e-07 3.882693602990994e-06 1.85250652384252e-05 5.347982765629186e-07 2.844545629419608e-06 8.2464191441144e-06 6.923512832509833e-07 6.546972361118433e-07 3.85665838908154e-06 1.3078951246753722e-07 1.018659993956078e-06 1.829511296868125e-07 9.145953201948355e-08 3.463131583530225e-07 3.4445122842560917e-07 1.7434011989709755e-05 4.723150437668724e-06 0.0 2.4981548277124813e-07 0.00036828227323309554 2.589909710368208e-07 1.4859681924383902e-05 3.126820165618417e-06 6.952651703548212e-06 4.3058591804248607e-07 2.31492022916399e-05 1.5505188502319986e-05 6.539671884325929e-06 1.903564626583446e-05 8.276320447965659e-05 2.2059840946746226e-06 2.5504180965475042e-05 2.0000671858415593e-05 4.0371748029416e-06 5.7073307967645115e-06 0.0 0.0 0.0 0.0 0.0 0.0 0.0 0.0 0.0 0.0 0.0 0.0 0.0 0.0 0.0 0.0 0.0 0.0 0.0 1.0911345967451526e-06 2.034286005874828e-06 0.0 0.0 0.0 4.0444207896584076e-07 0.0 3.494697723279874e-07 5.681105307543941e-08 0.0 0.0 0.0 0.0 0.0 0.0 0.0 0.0 0.0 0.0 0.0 0.0 5.312726489524328e-08 3.0323885736470755e-07 0.0 0.0 0.0 0.0 0.0 1.4167309410056226e-07 4.721669655039124e-06 0.0 6.491245731923889e-08 6.442965878332065e-07 1.3125556103590709e-06 7.588253425296461e-08 0.0 4.5029346294237504e-08 4.1986115785402396e-08 0.0 9.781805822002057e-08 0.0 0.0 2.896706623528308e-06 0.0 0.0 1.0654694991881163e-07 0.0 3.8361308306646174e-06 0.0 3.6997927564393906e-07 3.5131013507664145e-07 5.083292115302681e-07 0.0 0.0 0.0 0.0 0.0 0.0 0.0 4.249317673654993e-08 8.679434090683482e-08 0.0 0.0 2.9446472330643977e-06 7.376570829371086e-07 2.205998407335715e-07 0.00028797865412793084 8.737374975406827e-06 0.00016796468656541934 4.7501676357028576e-05 0.00041678633378102104 1.3686731466512517e-05 2.5965358266847526e-06 2.817266551605835e-05 1.7617772929005873e-06 0.0 1.6998468577495554e-07 9.357327037142625e-08 2.8248135996728965e-05 1.8585146772324481e-07 6.38138567286503e-08 1.6544026859750186e-07 2.096726081277147e-06 0.0 0.0002452527135598636 3.041409115082935e-05
0.00037371255856585666 0.0007477634646710581 0.0 3.7428552987646866e-05 0.00041226740736611476 1.6225024879601917e-05 6.588278064324796e-05 0.002151628031189528 0.00022272631818470034 2.3969283606881063e-05 0.002150001434480648 7.191855983312803e-06 4.3965366576906264e-05 0.0008639737412758561 1.1522750825203e-06 5.312633098466595e-07 5.281018469384908e-08 8.866055330329254e-08 7.185473994166783e-08 4.77735426392233e-07 2.613038517521869e-07 6.193386565798125e-07 6.631799840276982e-08 5.386151724912724e-07 8.01852724424573e-06 8.288541494530119e-07 2.824265698921719e-06 1.5942329724882674e-06 5.38109595676222e-07 4.777141046812761e-07 0.0016130268076062757 0.000565345405609322 1.2294942448483149e-05 0.0 3.6675233287773767e-06 1.2795716059092834e-05 4.624335236365476e-06 7.388518978428006e-06 1.2307335634442195e-06 4.957222608796276e-06 9.720467572259607e-07 5.38249621839979e-07 3.467197096801677e-07 2.4323646228490904e-07 0.0 3.149184570929779e-07 5.775546827743783e-06 2.4677272809230687e-07 1.3169150845413616e-07 0.0 9.511491466558915e-07 5.776864185463419e-07 3.8030057362313816e-07 8.707762396827e-07 1.316722445186487e-06 2.5840555260908534e-06 1.2616196727893156e-05 0.00012797308699889404 5.30033213664911e-06 8.42546421641418e-06 1.5729870808709086e-06 1.1291915755054595e-05 7.382162359323475e-07 0.0001250067965524745 1.1253243945536832e-06 8.967084024322903e-07 8.793337570911574e-07 8.009533953512362e-07 0.0 1.1582389342588992e-06 3.824473866844153e-06 1.923994036776625e-06 1.9388793251581963e-07 4.295099678234222e-05 3.6896767318540325e-05 9.131706764292813e-06 4.9092717877996076e-06 1.4155468420912536e-07 1.087822265549218e-05 9.630761387296334e-05 1.9523816139533502e-06 2.587869191662928e-05 4.845986963278632e-06 9.185263926391421e-08 1.1390908633506058e-06 2.382487918121422e-06 1.0270052610204651e-07 1.6457940168529739e-07 8.99947399178159e-07 1.4930317372881194e-07 2.915076565279508e-07 0.0 9.035347676055832e-07 8.736335566544458e-07 4.197157049636211e-07 7.361553165868337e-06 2.017462541489999e-06 1.2744719643543572e-07 1.9400323818366346e-07 9.768829215345539e-05 2.405946245029416e-07 4.080382313641621e-06 6.655270036497332e-07 2.3662902115876844e-06 1.8850945351018066e-07 5.0486530245579706e-06 3.9919703248114385e-06 1.0513882651399975e-06 4.900860369050695e-06 1.8416362197517463e-05 3.4537602270640696e-07 5.134101812935745e-06 4.019443980042797e-06 8.538421146361335e-07 1.6476234619490644e-06 0.0 0.0 0.0 0.0 0.0 0.0 0.0 0.0 0.0 0.0 0.0 0.0 5.834750402618963e-08 0.0 0.0 0.0 0.0 6.753341145586603e-08 0.0 2.813695757164427e-07 7.142756101098234e-07 0.0 1.9261252335539586e-07 0.0 2.0096220884022602e-07 0.0 1.6599361344689373e-07 5.5344681294052806e-08 4.75507726780718e-08 0.0 0.0 0.0 0.0 0.0 0.0 0.0 1.239118747349701e-07 0.0 0.0 0.0 0.0 1.2301351544827398e-07 7.535258059692504e-08 0.0 0.0 0.0 6.890062179794952e-08 3.8870655809254947e-07 9.36031079269116e-07 1.5234277131417198e-07 0.0 7.31324700945738e-07 5.696571138607408e-07 0.0 0.0 0.0 0.0 0.0 0.0 5.151860864631823e-08 0.0 2.573083443874004e-06 1.4175187793584074e-07 0.0 0.0 0.0 1.3299324649104249e-06 0.0 7.057415934111219e-07 0.0 0.0 4.92160564607904e-08 0.0 0.0 0.0 0.0 0.0 0.0 0.0 0.0 0.0 0.0 1.7382238982009484e-06 6.032096319371786e-07 4.006798392760063e-07 6.119420127153126e-05 1.8415923270875399e-06 3.974438547221866e-05 1.4282200282631154e-05 0.00012779057868179342 3.190466269650926e-06 5.455169793613039e-07 7.254817190635987e-06 8.078442128165768e-07 9.574094744061958e-08 6.482532342460928e-07 0.0 1.1844581750021488e-05 0.0 1.5672327642248427e-07 0.0 5.163920282355346e-07 0.0 6.454748535262487e-05 7.827769585121466e-06
0.0009485033968535577 0.0007557511879455274 3.7428552987646866e-05 0.0 3.468968723656311e-05 0.00014425730874265905 0.00038067499635694065 1.0801649578770434e-06 1.4205199789819063e-05 0.0006641170366419976 5.399103973232745e-06 0.00017533075912585505 0.000342987724297277 8.713655467735964e-05 4.8386273325221806e-08 0.0 0.0 0.0 0.0 9.375176700445626e-08 0.0 0.0 0.0 0.0 0.0 0.0 0.0 0.0 0.0 0.0 7.16011106218747e-05 9.718298845343505e-07 0.0 0.0 0.0 0.0 0.0 0.0 5.272983741749091e-08 0.0 0.0 0.0 0.0 4.100129518585518e-08 0.0 4.136215173748177e-08 6.478035485614291e-07 1.4383661332282614e-07 0.0 0.0 1.3391086216037054e-07 4.8766083767619305e-08 1.5475391467904174e-07 0.0 3.329710316342756e-07 6.843180208691227e-07 1.1099914676889199e-05 7.324028149445978e-05 2.5925139236007128e-06 2.250608864713417e-06 5.911342021600855e-08 3.901483755408434e-08 4.727630946359723e-08 8.11949440890239e-06 1.8968927373193277e-07 8.276007379841086e-08 7.422819455780413e-08 2.3443081846895756e-07 0.0 0.0 0.0 0.0 0.0 2.5233138443013656e-05 1.2309422012575246e-05 1.787855067150545e-06 3.185754779534322e-07 4.314097004343936e-08 1.0613159196220285e-07 4.3366290603878904e-08 0.0 1.787397292357686e-07 1.1106775384896258e-06 0.0 2.5232173546846805e-07 5.651583385888177e-07 0.0 0.0 3.589099957302052e-07 0.0 0.0 0.0 0.0 0.0 0.0 1.3643566391530882e-06 0.0 0.0 0.0 0.00014490404887938349 1.0825605159246766e-07 4.432301458112377e-06 9.084820427638635e-07 2.01282205954398e-06 6.883512419070658e-07 6.425499801899189e-06 5.059254684531757e-06 2.4235922304792906e-06 6.611457511863733e-06 2.3161689529531533e-05 2.844059746675164e-07 5.907150492712519e-06 7.3821322347594775e-06 1.3353821409080352e-06 7.736142338170117e-07 0.0 0.0 0.0 0.0 0.0 0.0 0.0 0.0 0.0 0.0 0.0 0.0 0.0 0.0 0.0 0.0 0.0 0.0 0.0 1.0858297694095088e-07 3.494260601770264e-07 0.0 0.0 0.0 0.0 0.0 0.0 0.0 0.0 0.0 0.0 0.0 0.0 0.0 0.0 0.0 2.427184119290707e-07 0.0 0.0 0.0 0.0 0.0 0.0 0.0 0.0 0.0 7.307318168980254e-08 1.3827873511792994e-07 5.237157980342726e-07 0.0 0.0 0.0 0.0 0.0 0.0 0.0 0.0 0.0 0.0 0.0 0.0 5.218351974481683e-07 0.0 0.0 0.0 0.0 0.0 0.0 0.0 0.0 0.0 0.0 0.0 0.0 0.0 0.0 0.0 0.0 0.0 0.0 0.0 0.0 9.190758515444012e-07 0.0 0.0 1.1859651044844145e-05 6.892604055534937e-07 9.431328309934635e-06 3.6237687081101443e-06 0.00012919825102630092 1.746079124673962e-06 4.820303161075055e-07 1.479439225858097e-06 2.8136837481242494e-07 0.0 0.0 0.0 4.308610168297474e-06 0.0 0.0 9.648674962106934e-07 3.680140380616907e-05 5.192628474469818e-06 5.824451533599327e-05 9.127490050407953e-06
9.753702711796861e-06 0.0013851357741294316 0.00041226740736611476 3.468968723656311e-05 0.0 2.6408748684251575e-06 0.001115852896415985 7.827380543956769e-05 0.002973398220870127 0.0002189609904079485 0.0005275619063720415 4.249899115881973e-05 0.0007229493174971002 0.0009754708154070957 3.398238563484506e-06 1.7131389279187563e-06 4.062601041444789e-07 0.0 0.0 5.0933579568281623e-08 0.0 0.0 5.6006368078556526e-08 0.0 1.7294682505116986e-07 1.0604067068820401e-07 9.746372355908163e-08 0.0 0.0 8.988180471365747e-08 8.96554571159328e-05 2.846282846975348e-05 3.918196064419493e-06 4.7266452987225026e-08 9.488390982613216e-08 1.71357870425706e-07 5.930813887199042e-07 1.0207596537854474e-07 2.2910592697279046e-07 2.5395023684510804e-07 0.0 1.1379492681303248e-07 4.629637933795882e-08 1.0194738934366187e-07 3.752810705081168e-08 2.7476843669289594e-07 1.0557035906162816e-05 5.210724156933642e-07 5.4881321164583054e-08 0.0 3.249011190213067e-07 5.2541405003106355e-08 7.520893283897649e-08 0.0 1.8869775261666634e-06 2.666971649435874e-06 4.330860151625081e-06 3.253728386134326e-05 2.9271463606264295e-06 6.682233836221022e-06 5.03390890282133e-07 8.224627721076618e-07 1.973133488400937e-07 5.571509535737402e-05 8.956155646704154e-07 1.3848488841943195e-06 8.926241543028754e-07 9.724025118237259e-07 0.0 1.3615275358729047e-07 2.00020955376815e-06 1.7185767836975758e-06 0.0 2.066465090811571e-05 2.8087426292984528e-05 2.062186454463601e-05 9.148668955750261e-06 1.3493363585859236e-07 7.920484616974387e-07 2.6387703105690237e-06 3.5197689738001273e-07 6.073565612140365e-07 4.857804991741729e-06 2.439759434806263e-07 1.2556724577254331e-06 3.0397309763402277e-06 2.865843465800377e-07 1.6687886852937084e-07 1.0711136763194717e-06 4.7757388591970535e-08 3.950953863491824e-07 1.809736637294639e-07 1.4261235209956138e-07 4.935485906196287e-08 0.0 4.379159252158467e-05 1.3206624488823723e-06 0.0 0.0 3.848965987066482e-06 0.0 2.1955279140262333e-06 2.989520703527701e-06 3.8059924751578216e-07 2.3500849484220616e-07 1.0544193971073178e-05 2.3526537123274767e-06 6.855465721142871e-06 9.021910541968283e-06 2.2246046862423244e-05 2.192676597798149e-06 1.51103082024121e-05 1.8411649434744718e-05 4.889445564881914e-06 8.401575218135139e-06 0.0 0.0 0.0 0.0 0.0 0.0 0.0 0.0 0.0 0.0 0.0 0.0 9.536472082813675e-07 0.0 0.0 7.577180939195586e-08 0.0 0.0 1.7643210530780104e-07 1.7532759536310238e-06 1.1803962629321788e-06 0.0 0.0 0.0 5.236710096014091e-07 3.6430761744800155e-07 0.0 8.534647362131935e-08 0.0 0.0 0.0 0.0 0.0 0.0 0.0 0.0 0.0 0.0 0.0 0.0 0.0 0.0 0.0 0.0 0.0 0.0 0.0 0.0 1.3713317842496138e-07 0.0 0.0 4.655961863158059e-07 3.181247613039985e-07 0.0 1.4341056807574482e-07 0.0 0.0 0.0 0.0 4.8500261019788256e-08 0.0 7.352744062844584e-06 0.0 0.0 6.678372257599783e-08 6.049996964449126e-08 5.353643736534653e-06 3.1175030235487367e-07 2.0069619727100855e-07 6.22195093643897e-08 3.6339064792545787e-07 0.0 0.0 0.0 4.68704643284373e-08 0.0 4.714906273127492e-08 0.0 1.903995064948904e-07 0.0 0.0 0.0 1.3643256399684336e-05 2.6427178406853723e-07 1.9424756928128985e-07 0.00017107297788476064 4.378438326062753e-06 7.823515500085445e-05 2.7968432815065e-05 2.8655797306617944e-05 4.800971971186191e-06 1.9285212636550575e-07 1.8578698227416173e-05 1.1120285819446024e-06 0.0 5.09482963071408e-07 0.0 8.477914843647543e-08 1.2533229494375252e-07 4.972540970356932e-08 0.0 7.449730430833033e-07 0.0 3.976514389876836e-05 1.1122523930668788e-05
0.000259340277033031 7.087765277502298e-05 1.6225024879601917e-05 0.00014425730874265905 2.6408748684251575e-06 0.0 4.701049962737258e-05 1.751697214242566e-06 4.721109289810584e-06 0.0004894938148273736 3.5516916083273764e-06 0.00018976662251334503 7.840082111115941e-05 3.609003382109449e-05 1.9417693875347789e-07 9.049760148132901e-07 1.9450115262685179e-07 0.0 0.0 7.782694891483064e-08 0.0 0.0 0.0 0.0 0.0 0.0 6.660107187246609e-08 0.0 0.0 0.0 2.663618255630673e-05 6.289359642698376e-07 1.3169598431404464e-05 0.0 1.210859663126449e-07 0.0 2.9237918920498967e-06 0.0 4.099320116830401e-07 1.901235440386075e-07 0.0 0.0 2.849019329211412e-07 8.304538933324971e-07 0.0 8.181526445065039e-08 4.361192645728559e-07 0.0 0.0 0.0 0.0 4.69286964663728e-07 7.294138436206703e-08 3.3075981235336905e-07 0.0 1.9937662278829627e-07 7.219894347419874e-05 2.05189822213031e-05 4.445892315467054e-06 3.936012502711336e-07 8.275066218522509e-07 1.3880242745679517e-06 6.049683143304865e-08 6.889281818769071e-07 4.8189370383441566e-08 4.65798493325666e-08 0.0 0.0 5.88252636745893e-08 0.0 2.6695410402282922e-05 2.3613316347141407e-05 2.0567748822441315e-06 3.88339948153278e-06 1.4098654633703423e-06 2.0513439108930618e-07 6.641369648020288e-07 3.331341166657443e-07 2.204987117754216e-07 3.849559977607519e-06 5.17876296507928e-07 2.373740710748146e-06 0.0 1.6801223491363087e-07 0.0 7.821023367073859e-08 0.0 5.574687991059778e-07 5.586715460204715e-07 1.8219757374494995e-07 0.0 0.0 0.0 0.0 5.147074620128328e-08 0.00016769072362943176 4.434713331083084e-05 3.860815982990304e-06 3.874100383234788e-06 0.00028741583602272345 0.0 0.0 0.0 1.627493825721926e-07 0.0 5.928334284752305e-07 4.699510759148336e-07 1.8526803229770982e-07 2.5138152958610906e-07 1.3153932106016446e-06 7.992185422168973e-08 4.496722858981183e-07 3.4653761788793984e-07 3.323125812483355e-07 6.848975401391029e-08 0.0 0.0 0.0 0.0 0.0 0.0 0.0 0.0 0.0 0.0 0.0 0.0 0.0 0.0 0.0 0.0 0.0 0.0 0.0 0.0 8.523032581009202e-08 0.0 0.0 0.0 1.257207420763658e-07 1.2955295897201518e-07 1.4700820461016356e-07 1.1614670473400536e-07 2.1214409427597762e-07 0.0 0.0 0.0 0.0 1.1802596468826615e-07 0.0 0.0 0.0 6.92168598559602e-08 0.0 0.0 0.0 5.174307573409103e-08 0.0 0.0 0.0 0.0 0.0 0.0 0.0 0.0 0.0 7.350065065013764e-08 0.0 0.0 0.0 0.0 0.0 0.0 0.0 0.0 0.0 4.7053087841689355e-07 1.5006855366589342e-06 0.0 0.0 0.0 1.0686549537416465e-07 0.0 2.833575099314555e-07 0.0 0.0 0.0 0.0 0.0 0.0 0.0 0.0 0.0 4.114167255739056e-08 0.0 0.0 0.0 1.3343165614015073e-07 4.973882999478919e-07 7.38273433706728e-07 6.80412282212592e-06 6.759348686817593e-08 2.536066400787732e-06 1.36639898036239e-06 0.00010669358146629657 4.768866508463307e-06 8.133879256410622e-08 6.65437000047672e-07 2.473612881302699e-07 0.0 8.26759062877622e-07 4.575978672197197e-08 0.0 0.0 0.0 0.0 9.197492414784366e-06 2.0374338472081785e-06 1.5096655959224686e-05 1.0756109750081525e-06
0.00017897018848715874 0.001954854235514821 6.588278064324796e-05 0.00038067499635694065 0.001115852896415985 4.701049962737258e-05 0.0 1.8810646565800463e-05 0.001312832061787216 0.0010666653818863022 0.00017072063284609987 0.0001731497776375738 0.0010836011559968942 0.000765376272201829 2.8719830913676135e-06 2.8198024598347237e-06 4.16912534412651e-07 0.0 5.434729274302407e-08 0.0 0.0 0.0 0.0 6.313612012629915e-08 1.500123793034273e-07 5.166030021470325e-08 1.1265838445305246e-07 6.218882966552083e-08 0.0 0.0 9.828602482470462e-05 1.4405868936538253e-05 1.868882002312806e-06 0.0 0.0 7.56378141832822e-08 1.4312087301766886e-06 5.051523068091162e-08 0.0 2.3114385731450498e-07 0.0 5.2162319634832784e-08 1.0552026761789059e-07 1.1514316815863413e-07 5.250978497373303e-08 3.649534507888997e-07 8.844931035908334e-06 3.560373842261578e-07 1.3340037221284526e-07 0.0 5.27048242484291e-07 1.009640113395071e-07 0.0 0.0 1.2290477812117892e-06 2.240172944599793e-06 1.0108990781009496e-05 7.107264503319382e-05 4.198842922502906e-06 8.115049991531195e-06 3.1264789125031307e-07 4.906292118345877e-07 4.4724433742985524e-08 5.44362077444749e-05 1.0072898838094667e-06 1.4242879505337476e-06 1.2405807460277777e-06 7.464637124006971e-07 0.0 2.215750994181094e-07 4.334501927046794e-06 6.259217631609538e-07 5.691030137258034e-08 3.871798187544038e-05 3.694773718202623e-05 1.645089242538656e-05 7.534656399226751e-06 2.520456332843592e-07 5.634767670733048e-07 1.6536302025773794e-06 3.686328318779363e-07 1.1980700126787161e-06 6.737365489226889e-06 1.4730054920993408e-07 1.2091640772876346e-06 2.986603209180096e-06 1.7722493609804314e-07 4.8109491384121744e-08 1.2862868621588672e-06 0.0 5.894943563945479e-07 0.0 8.793077375041063e-08 4.085941857251145e-08 4.722532768925827e-08 4.79714947406023e-05 1.6222982013469162e-06 0.0 1.2716413429502266e-07 4.553909726283197e-05 3.917309026863128e-07 8.264124593195294e-06 4.717337601498572e-06 5.525511602195851e-06 1.5753825369549928e-06 3.536234207005887e-05 1.4705259225075242e-05 2.0521487820678314e-05 3.294153198675738e-05 9.834631744958463e-05 3.388359843952985e-06 5.435036704220382e-05 6.721219160237121e-05 1.4720642299501459e-05 1.2527194615583933e-05 1.2700602281887277e-07 0.0 0.0 0.0 0.0 0.0 0.0 0.0 0.0 3.453189382248582e-07 0.0 0.0 7.010916175257924e-08 1.2417311289953837e-07 0.0 0.0 0.0 0.0 0.0 1.975198288025942e-06 3.881787464263177e-06 0.0 0.0 5.170157959092132e-07 6.615291261989037e-07 0.0 6.376144142234553e-07 5.4070880891841456e-08 0.0 1.5474876363161965e-07 0.0 0.0 0.0 0.0 0.0 0.0 2.610930591092201e-07 0.0 0.0 0.0 8.121181395815264e-08 0.0 3.946677398967441e-08 6.728473368992375e-08 0.0 0.0 1.5271718146491725e-07 5.712451206028445e-07 2.620667279176841e-06 0.0 0.0 2.0755941660250712e-06 1.1935170456688845e-06 0.0 4.925687586811112e-07 0.0 4.4164178030849954e-08 3.6452165026595965e-08 5.134199267429718e-08 0.0 0.0 8.996347959318373e-06 6.330503482925282e-07 0.0 6.17052580948465e-08 0.0 1.0027703389403206e-05 5.870417025360833e-07 1.3278697838613758e-07 6.904644477826985e-08 1.0862634543698854e-07 5.37033657428434e-07 1.3134069720026823e-07 1.5082706428093613e-07 0.0 0.0 8.64313884378187e-08 0.0 0.0 6.871387744675979e-08 0.0 0.0 2.5911464927152502e-05 6.539005760238844e-07 1.7825863877811212e-07 0.00014826078871284524 4.322284205249307e-06 6.790314009000161e-05 2.1442404118052782e-05 0.00012280331519086643 4.726809335413759e-06 6.272176821003732e-07 1.688977503052713e-05 1.0653373997461628e-06 0.0 8.133194363477724e-07 3.11197901612414e-07 9.105644824604323e-06 4.4155097988018797e-07 0.0 1.1490523810600806e-07 1.4900823094676403e-06 0.0 0.00015664179149727273 4.838523716031086e-05
6.84218822836235e-05 0.00018463758186507503 0.002151628031189528 1.0801649578770434e-06 7.827380543956769e-05 1.751697214242566e-06 1.8810646565800463e-05 0.0 0.0001297200623076323 3.144174361603398e-06 0.0012922062621935576 1.2838752172843954e-05 3.4155869717163496e-05 0.00097602167518955 3.568197487602424e-05 4.168498241489504e-05 1.5580637487563972e-06 2.520789527062105e-07 1.5171307464895898e-07 1.5201733840992717e-06 1.9025605737704038e-06 5.365846326186231e-07 6.274266696108852e-07 5.632062426729511e-07 2.5043879825547067e-05 8.107034368843254e-07 8.551469833316268e-06 1.6961855053264958e-06 1.3992214356538667e-06 2.069232799950882e-06 0.0007802995022810393 0.0022662211551003814 5.449457267671505e-05 9.700083208429305e-07 1.3396338989092885e-05 3.114753954856695e-05 1.5208238329901396e-05 1.9096519463607815e-05 4.569132918843945e-06 1.3658877464586024e-05 3.956082252347551e-06 1.3932084790255103e-06 1.793613839981331e-06 2.2998801098890365e-05 6.650490702856578e-07 1.7181165542266934e-06 5.888395884032864e-05 1.1621868306887375e-06 2.405775701553183e-07 0.0 2.030734551275105e-06 1.2605015835657894e-06 1.21753510336556e-06 2.78050726406248e-06 2.2062702648150567e-06 4.922772751068629e-06 4.202184619200861e-06 5.3383183443984924e-05 4.206301608958684e-06 2.065699640255291e-05 6.763188132173562e-05 6.828397041713013e-05 4.961657430264612e-06 0.00038641299353688984 2.2103672281766345e-06 4.336552908722739e-06 2.6376027184202574e-06 2.3126899642251184e-06 9.812231782691824e-07 1.0045425734221757e-05 1.5982209092483857e-05 6.472233004408968e-06 2.3900296217879617e-07 2.8737866943687553e-05 4.4529512262623176e-05 8.059541433666422e-05 7.900191680459398e-05 6.543984607465867e-05 0.0003011534918562088 0.0002480500245375939 6.866282202075087e-05 0.00033960055395630646 1.1329758261043116e-05 1.399828103662789e-07 2.173701075649213e-06 6.532580413926073e-06 7.172253513738039e-07 2.833451534599268e-07 3.422398055952481e-06 1.9367601072096197e-07 1.3898356381280766e-06 1.9859353518159446e-07 5.626807418028469e-06 1.0475448284775658e-06 1.8859317162592961e-06 3.160967833976848e-05 4.311196915551734e-06 3.2305130765047514e-07 1.7813442527254158e-06 8.730821396714095e-06 1.8434471837658173e-07 7.775284860522139e-07 1.3872500728956962e-06 9.062515523722568e-07 6.765952828101186e-07 9.995920905661825e-06 1.2213402357215385e-06 6.148624669892066e-06 4.247800123725025e-06 1.9669577813326084e-05 2.7190625492695e-06 1.4113581005842255e-05 1.665260863201069e-05 6.768816651857912e-06 1.6272950481614207e-05 0.0 0.0 0.0 0.0 0.0 0.0 7.286885429110749e-08 0.0 2.6369136978518524e-07 1.1874477749502356e-07 1.0920206184424589e-07 1.463825034054877e-07 4.893574167155003e-07 3.334826242986977e-07 0.0 5.606981206440054e-08 1.2020597557042177e-07 2.8003298465038443e-07 5.739170905016603e-08 2.6295975715428375e-06 4.248084450968728e-06 0.0 6.059256009954629e-08 1.6320651159590982e-07 1.8265211818152955e-06 4.259524753577534e-07 1.0715741134938791e-06 1.0236235644000077e-06 4.0259764145166733e-07 1.0998812527599802e-07 0.0 0.0 1.8122466399845941e-07 0.0 0.0 1.4439225801670486e-07 2.1110240822768995e-07 1.688935927226918e-07 0.0 0.0 5.826780629540078e-08 1.1293896925687547e-07 0.0 0.0 0.0 8.504073403239475e-08 4.8132342548308786e-08 7.954326885244745e-07 6.309562398119198e-07 1.634975080109811e-07 0.0 3.797867630627109e-06 2.087387904505017e-06 1.529701719113258e-07 0.0 0.0 0.0 0.0 1.4975701726040505e-07 0.0 3.9628220051508834e-08 1.2736838446577065e-05 4.511936273615255e-07 3.7971600904571224e-07 5.568824935953688e-08 1.8903311941405176e-07 1.0966703469717717e-05 7.592625018035336e-08 1.077323078941853e-06 4.825910363202517e-07 1.3282839295846834e-06 7.362389965606626e-07 7.33748276310691e-08 3.265527208063638e-07 0.0 0.0 4.695290752218498e-08 0.0 1.5044792981910204e-07 0.0 0.0 8.219024106555499e-08 9.792006187436094e-06 2.8642129402584746e-06 2.081122652292954e-06 0.0004420256830994639 1.168098880790537e-05 0.00020247452832715485 7.983770497006914e-05 3.446284483239527e-05 8.948182387982477e-06 8.215309612241442e-07 5.054041313212278e-05 3.6317313437406212e-06 0.0 9.79607214632602e-07 3.902748632111922e-07 3.579096940428265e-06 3.0527646293363743e-07 0.0 1.9085146558904687e-07 2.4270870122280877e-06 0.0 3.961776266240357e-05 9.561647698690641e-06
3.8064362129688123e-06 0.0005569801472845718 0.00022272631818470034 1.4205199789819063e-05 0.002973398220870127 4.721109289810584e-06 0.001312832061787216 0.0001297200623076323 0.0 9.460706490932333e-05 0.0007312989050176188 3.8109723612801105e-05 0.0004818790229036442 0.0004997255626477421 4.222828374522571e-06 3.195331924876703e-06 1.993347044405065e-07 0.0 0.0 0.0 5.3045486352775854e-08 0.0 0.0 0.0 2.303458905825516e-07 6.92913612221942e-08 0.0 5.32438960892199e-08 2.3095473381384612e-07 0.0 2.90109616487289e-05 1.844244260393755e-05 2.5912126798981965e-06 5.931616906791297e-08 0.0 7.719464651448477e-08 1.922167118110686e-06 2.4593343968814483e-07 2.848704488431661e-07 1.8761191748472947e-07 0.0 0.0 0.0 2.2682116176186534e-07 1.290292968445718e-07 2.1870450452646917e-07 8.41817555228761e-06 3.733416784951302e-07 0.0 0.0 9.320558603846596e-08 4.705443300524636e-08 0.0 0.0 4.1247073788230013e-07 1.340225911735124e-06 3.033974476918934e-06 1.067784345911758e-05 7.961464786823527e-07 4.693999776622977e-06 3.968614063415671e-07 1.958227097341217e-07 1.2231542767689225e-07 2.4283706052850427e-05 5.400514876843654e-07 5.701081439536758e-07 6.902239535356445e-07 4.092270621424752e-07 0.0 1.0314422614876006e-07 3.72273774974978e-06 7.256140322513619e-07 0.0 8.702508264257187e-06 1.1980075879507163e-05 1.4994759555431791e-05 8.43030988678442e-06 5.346903651405679e-07 2.1732596867762695e-07 1.6500053946454518e-06 1.4951629265125968e-07 5.218419006073868e-07 2.4830367452199948e-06 9.715014410619202e-08 5.490519876182677e-07 8.910147540976877e-07 2.0462565340424706e-07 1.6251554239079687e-07 7.235212606261697e-07 4.9776799332102986e-08 2.210781366347087e-07 1.0153389316592336e-07 1.5232165353031247e-07 1.2624389060963812e-07 0.0 4.200139607679512e-05 1.8056999683781797e-06 0.0 1.892430170436469e-07 4.649698956107615e-06 4.640984361964205e-07 2.992870561085977e-06 2.227967601932401e-06 2.0807074718284486e-06 1.180907198498176e-06 2.4204637746824003e-05 6.5362172875445955e-06 1.4125188419154488e-05 2.0450694105871333e-05 6.530814360701123e-05 4.0741575069705334e-06 3.629196656430817e-05 5.075426387717081e-05 1.4345974418892951e-05 2.0951770971180502e-05 7.206917306096526e-08 0.0 0.0 0.0 0.0 0.0 0.0 0.0 0.0 0.0 0.0 1.5341760306863536e-07 4.811850798296706e-07 3.0332047729721034e-07 0.0 0.0 0.0 0.0 0.0 1.1232320156769747e-06 5.641892740010406e-06 0.0 0.0 7.66789677552601e-08 1.683485484614479e-06 0.0 2.4476694270341995e-07 0.0 0.0 1.2692661209659127e-07 0.0 0.0 1.3264368561239553e-07 0.0 0.0 0.0 3.133733505698732e-07 0.0 0.0 0.0 0.0 0.0 0.0 0.0 0.0 0.0 3.739640564434047e-07 8.129359401119119e-07 1.4814546373612644e-06 0.0 0.0 1.0981100552851793e-06 1.1550940460920316e-06 0.0 0.0 0.0 0.0 8.23359583058989e-08 0.0 0.0 0.0 1.2362270928311879e-05 8.988935681382952e-07 0.0 0.0 0.0 1.4843569984300311e-05 0.0 9.727960306987785e-07 5.14461616567687e-08 6.762732970291046e-07 0.0 4.390598442231665e-07 7.217536620869944e-08 0.0 0.0 0.0 0.0 8.003542650920602e-08 4.7906557487258596e-08 0.0 0.0 2.0818271025897732e-05 1.8414464512372314e-06 4.3263465274393275e-07 0.00011447737632543705 3.814037274526394e-06 4.451807574021852e-05 1.475706309751934e-05 1.9425651042710913e-05 2.9241479109976032e-06 1.7551217128949021e-07 1.1938766476912196e-05 1.8819802208938323e-06 1.2840286301291648e-07 8.234456742819232e-07 1.872511553437961e-07 4.871931550475449e-06 2.242848977934845e-07 0.0 0.0 5.963751361149857e-07 0.0 4.983666051899715e-05 2.959911739744498e-05
0.0011195495008477854 0.0008591122754377326 2.3969283606881063e-05 0.0006641170366419976 0.0002189609904079485 0.0004894938148273736 0.0010666653818863022 3.144174361603398e-06 9.460706490932333e-05 0.0 9.797530274165672e-06 0.0007349697513535533 0.0017123117774933442 0.0002724145974352823 1.3314814498248066e-06 2.1484195498565923e-06 0.0 1.0025363507229578e-07 4.8202757819740206e-08 0.0 1.8099049526785122e-07 0.0 0.0 0.0 0.0 0.0 9.405304285580541e-08 9.248676945528083e-08 0.0 0.0 6.981903331165717e-05 3.3256163703469335e-06 1.208794730571188e-05 0.0 0.0 0.0 1.5014032467487946e-07 9.67386758701439e-08 1.8168684588247775e-07 1.4070113223743166e-07 0.0 0.0 5.078669918819725e-08 4.6181628804991145e-08 3.952359412128211e-08 0.0 2.2220196262959735e-06 5.058727359269416e-08 4.984729768494444e-08 0.0 3.3637084000212056e-07 0.0 0.0 0.0 7.490143267944476e-07 9.525613644636468e-07 4.4853058161460435e-05 6.520272216850698e-05 4.771845063870859e-06 5.415470346358138e-06 2.605971688312944e-07 8.11834945266143e-07 0.0 2.1904978659920653e-05 4.196189037916484e-07 5.4771981874908e-07 4.855496257544009e-07 5.160442419002775e-07 0.0 9.318690782691931e-08 7.153067380214668e-06 4.820747019731733e-06 0.0 2.655549184405802e-05 2.2501268482756816e-05 6.762856584099893e-06 3.4192459736907905e-06 2.2691317064705008e-07 2.832337186305051e-07 1.735832909630867e-06 3.322452135540812e-07 6.53856871425779e-07 2.6454860188570066e-06 1.1564953424707955e-07 2.6045075672824835e-07 7.264286454767436e-07 0.0 1.1373644882965182e-07 6.467796834755937e-07 0.0 3.0227144609699017e-07 9.38700484973504e-08 0.0 0.0 3.780599926166401e-07 0.00012667517135261838 1.0276631638243844e-06 2.222401132354422e-07 9.715249682066707e-08 0.0003276582559869915 7.239655007020485e-07 1.2810864734426347e-05 2.1716589266600823e-05 2.127547656759356e-05 5.558586360623887e-07 5.2724826739887445e-05 3.103828978288764e-05 1.5906033971939753e-05 5.15674224603559e-05 0.00019002400190140144 3.2774720980634294e-06 5.453658961948001e-05 7.413177989565671e-05 1.464926788340262e-05 9.279303823502305e-06 0.0 0.0 0.0 0.0 0.0 0.0 0.0 0.0 0.0 2.202893919392691e-07 0.0 0.0 0.0 0.0 0.0 0.0 0.0 0.0 0.0 5.867426019071057e-07 2.3985534798960725e-06 0.0 0.0 0.0 4.627391185882902e-07 5.782531470556044e-08 0.0 0.0 5.964951434353518e-08 0.0 0.0 0.0 0.0 0.0 0.0 0.0 0.0 0.0 0.0 0.0 0.0 0.0 6.310212094745666e-08 0.0 0.0 5.418177946852571e-08 7.05553769001602e-08 0.0 2.6843454903979004e-06 0.0 0.0 2.030409057192731e-07 1.1101595561094865e-07 9.949688427257467e-08 0.0 5.057901076882352e-08 0.0 0.0 0.0 0.0 0.0 6.382644367556329e-06 1.3437767016835667e-07 0.0 0.0 0.0 5.369091463403584e-06 1.0490722877538936e-07 6.823044333805477e-07 1.285076966466683e-07 1.0396124873503298e-07 3.115382710436118e-07 0.0 0.0 0.0 0.0 0.0 0.0 8.534292755568201e-08 0.0 0.0 0.0 1.8614682900901363e-05 9.413727078929776e-07 3.075764773597315e-07 6.190884062715997e-05 2.0347167452215765e-06 2.5759099232922015e-05 8.615738466354162e-06 0.0004164738503078812 3.4640068424085035e-06 3.851441594052683e-07 5.425076834543969e-06 5.056723209073736e-08 0.0 6.004587875688192e-07 3.558613422711515e-07 1.5727201565391087e-05 0.0 0.0 0.0 1.853284885627562e-05 0.0 0.0003533724589209446 8.925137940181994e-05
8.33901281668583e-05 0.001003542976835395 0.002150001434480648 5.399103973232745e-06 0.0005275619063720415 3.5516916083273764e-06 0.00017072063284609987 0.0012922062621935576 0.0007312989050176188 9.797530274165672e-06 0.0 0.00016441766900392768 0.00042287443095866334 0.0013613934532890229 2.1720083923727507e-05 2.2432764918346706e-05 1.0127061648566709e-06 0.0 7.110379728779365e-08 7.41625904552992e-08 3.9781043018267294e-07 6.587607252180331e-07 8.539714572858455e-08 1.8950509735159867e-07 8.639302385957882e-06 6.740071684890213e-07 2.2191538916668208e-06 7.22401315666058e-07 1.2383245419397653e-06 1.1013147922786925e-06 0.00013783385188997403 5.080333644070719e-05 9.019556022738423e-05 0.0 1.1291219513956375e-06 7.5822295056984115e-06 1.7541319500843866e-05 6.1939919384923325e-06 4.719807007590442e-06 5.616006083214945e-06 4.3873422551867743e-07 9.77723906347816e-07 0.0 1.6120299659537347e-06 1.0778674358932502e-07 8.544697304896681e-07 1.9396138320433095e-05 2.953604134140171e-07 2.877365951029418e-07 4.86689842578561e-08 4.988277495759999e-07 1.0811870631475573e-06 6.696580568244189e-07 6.149850887304897e-07 8.613551740983503e-07 1.2043871492313454e-06 2.582660185138618e-06 1.7124218934318168e-05 2.6721591998084e-06 7.954570457280397e-06 1.3475163583355829e-06 1.5777466879637762e-05 6.390020512631234e-07 3.6923619634341035e-05 5.944915030574148e-07 8.217028642143596e-07 6.400680310709906e-07 6.56203449205769e-07 5.579014493251567e-08 1.0598411415125175e-06 1.6681770369318967e-05 3.50396090019731e-06 4.6581080825648966e-07 1.0246153498652148e-05 1.3869831523403244e-05 3.547352661673291e-05 2.3279688983697143e-05 6.201277460631038e-06 5.414308222476719e-06 0.0001606294348478389 2.1433701223282476e-06 1.0546952130382048e-05 3.2846368387140796e-06 7.370990251059112e-08 8.264591540931103e-07 1.6815799067353759e-06 1.5927625108356503e-07 2.0377185596475095e-07 1.1263365413842758e-06 2.8785386451320457e-07 1.3725811775994136e-07 5.868246183645201e-08 3.2996585996409147e-07 5.0054091090946436e-08 3.63241309090922e-07 5.364344667464147e-05 2.189137450576394e-06 2.3970697025592835e-06 1.3033709378212618e-06 1.007469937841292e-05 6.04225396585536e-07 1.48438534920592e-06 1.1849155404302418e-06 8.358809485280116e-07 1.0017396075535884e-06 2.3456478206893118e-05 3.148318080916686e-06 1.1533054139833355e-05 1.3837351926208839e-05 3.6262943674918196e-05 4.54827309520973e-06 2.7758246413370778e-05 3.887807743762542e-05 1.1383275528959194e-05 2.4941111965738612e-05 1.8151739757028596e-07 6.938463898709583e-08 0.0 0.0 0.0 0.0 0.0 0.0 6.627446374391211e-08 2.470211830490131e-07 0.0 3.647521634145263e-07 6.240134284896092e-07 0.0 0.0 7.029606471373362e-08 9.602441743522738e-08 9.027238552793757e-08 6.837166511883035e-08 3.28523794026853e-06 5.538611776966442e-06 0.0 6.887012336761163e-08 0.0 2.468445927567006e-06 4.5165605093691847e-07 1.0232866881644586e-06 5.061909641623654e-07 1.5622161576298895e-07 1.950953319892753e-07 0.0 0.0 0.0 1.0592344281864619e-07 0.0 1.0017333311307032e-07 3.021996411001545e-07 0.0 0.0 0.0 0.0 5.122311526110744e-07 0.0 0.0 2.0771571916977488e-07 0.0 1.1029035278713482e-07 6.793541974045347e-07 3.6669608714078753e-07 0.0 2.745901553162465e-07 2.1067267492128865e-06 2.0893011032152763e-06 0.0 1.1299047217824098e-07 0.0 0.0 5.29992968652248e-08 5.80767077230397e-08 0.0 0.0 1.4435095571757044e-05 7.22304359660548e-07 0.0 0.0 2.5414245701650453e-07 1.4059075004947503e-05 5.576821295083782e-07 7.07015884748938e-07 2.9670236323102257e-07 1.7936982016003645e-06 4.2194672405510973e-07 1.677915933471473e-07 0.0 5.835325174919287e-08 0.0 0.0 0.0 4.686763956049615e-08 4.941661498461212e-08 0.0 0.0 2.1366056441196465e-05 2.679192090261326e-06 1.5233426377778448e-06 0.0002862877624718646 7.993531998109947e-06 7.143907987461717e-05 3.3247645766799906e-05 3.298287223521403e-05 4.790583362159154e-06 1.3034819647964891e-06 2.6727409347085288e-05 2.3278271629947674e-06 9.177568321965649e-08 7.668005800994539e-07 5.834524194598006e-07 4.7846597331522945e-06 3.799335917057354e-07 7.591161727818978e-07 7.275788773872408e-08 1.5003439474415798e-06 7.942190050752785e-08 2.311955130301364e-05 2.1465079889830386e-05
