0.0 0.001049545757535762 0.0001917251760261758 0.00041592073157459866 3.0200744625440726e-05 3.7139892595154187e-05 0.0007776298757712371 2.1191963102406306e-05 6.0100683995021996e-05 0.00023722369491664544 7.513060468901551e-05 7.379446417099315e-05 0.00016370515309421804 0.00011138381875987823 4.678480543823053e-07 2.667915527600849e-07 4.0109403667803275e-08 0.0 0.0 0.0 0.0 0.0 0.0 0.0 2.388536762278482e-07 0.0 0.0 0.0 0.0 0.0 0.00029265591712988604 3.26453955283176e-06 1.4373273253955863e-07 0.0 0.0 0.0 1.3066914379011552e-07 0.0 0.0 1.0361802162735152e-07 0.0 0.0 0.0 7.804055955183437e-08 0.0 0.0 4.380167460928532e-06 1.2094769705114437e-07 4.261076915762505e-08 0.0 7.813751800481817e-08 0.0 0.0 0.0 4.0877810445428647e-07 1.3596663754060398e-06 3.7651545034098457e-05 0.00020674215997547457 2.733168231520987e-06 4.322208886953276e-06 6.11816394470618e-08 0.0 0.0 5.289336183946717e-06 1.6538821407802945e-07 2.946148713713779e-07 1.662565042305975e-07 6.818513457935064e-08 0.0 0.0 1.4047684649592305e-06 5.785420730332245e-08 0.0 2.2793497766298063e-05 7.704330634424635e-06 9.573101816171689e-06 8.358778883920632e-07 1.3244210749363445e-07 2.8156172659686606e-07 1.2804093485455346e-06 2.631236927069479e-07 2.807570807486747e-07 6.552397992695014e-07 8.137888326943057e-08 2.0926051797084373e-07 1.6967034123632603e-07 3.329559608836856e-08 3.090499763063062e-08 1.0389423888271146e-07 0.0 0.0 0.0 3.3803036249946055e-08 0.0 0.0 5.728810790189235e-06 3.945610410939496e-08 0.0 0.0 0.00036352178630868814 1.6823670319178928e-07 3.775637002602054e-08 9.655899256142265e-07 2.509814269705326e-07 0.0 1.1043653599875377e-06 4.4107474804249287e-07 1.8073388016447044e-06 4.1821684527592124e-06 3.5904861937073424e-06 8.508995214783252e-07 3.7111160833417316e-06 1.09982357977902e-06 2.754256745285663e-06 9.293689416987197e-07 0.0 0.0 0.0 0.0 0.0 0.0 0.0 0.0 0.0 0.0 0.0 0.0 0.0 0.0 0.0 0.0 0.0 0.0 0.0 0.0 0.0 0.0 0.0 0.0 1.979352177101917e-07 0.0 2.0255388445252527e-07 6.521970644015837e-08 0.0 0.0 0.0 0.0 0.0 0.0 0.0 0.0 5.288877014436625e-08 0.0 0.0 0.0 0.0 0.0 0.0 0.0 0.0 0.0 0.0 0.0 0.0 0.0 0.0 2.8489010874648836e-07 0.0 0.0 0.0 0.0 0.0 0.0 0.0 0.0 0.0 8.255094419734396e-07 2.87166076205907e-07 0.0 0.0 0.0 2.863760975959791e-07 0.0 0.0 0.0 0.0 0.0 0.0 0.0 0.0 0.0 0.0 0.0 0.0 0.0 0.0 0.0 2.3996037005225488e-06 4.987729716875714e-08 3.747896830819754e-08 2.594892020671833e-05 3.0916296001878363e-07 1.1967973549570798e-05 3.200552211074359e-06 0.00030057174040331555 1.3617209245071359e-06 8.943171805685511e-07 4.0577969405956794e-07 4.40446367869168e-07 0.0 8.468672763161527e-08 0.0 2.6121357738488045e-06 0.0 0.0 0.0 1.4704894730614153e-07 0.0 0.000103785054048887 2.4787430819429916e-06
0.001049545757535762 0.0 0.0008243312292215334 0.0004042505736824063 0.0009119966163789245 6.60915650766834e-05 0.0016221234907669074 0.00013993871244507352 0.0011266385754127323 0.0002294428220737745 0.0004039503791372197 5.501038612263564e-05 0.00035041029022411514 0.0007287443826798494 8.798354065946224e-06 1.6009551115849047e-06 4.696286485817944e-07 8.824524870638353e-08 1.0039155501269204e-07 1.7168032836275166e-07 5.709175450487507e-08 4.660816554630288e-08 0.0 4.4457748063076247e-08 5.749722432345804e-08 0.0 0.0 0.0 0.0 0.0 0.0008691127274997042 4.0148819448425784e-05 2.3702907574623286e-06 1.6699034419160215e-07 1.1602286959879383e-07 1.0951103904962229e-07 2.4011875186637496e-06 3.6590379087618877e-07 1.6020973809982048e-07 3.9382675353401933e-07 0.0 9.896000576314153e-08 7.959031145643718e-08 1.8345496313669775e-07 5.0064137748853006e-08 1.7943690412006564e-07 6.636725024349197e-05 1.0563325022854293e-06 1.4413809274207813e-07 1.2764483051063325e-07 2.685703474291995e-07 0.0 0.0 3.871643013790396e-08 3.13345042118444e-06 6.288581587365078e-06 5.5512898758987656e-05 0.0003874866605145263 9.778410863839536e-06 3.1902002085876936e-05 4.406741165551533e-07 8.492356318476887e-07 3.634965794950617e-08 4.616394979868142e-05 1.7415523375282061e-06 1.3751136568012256e-06 8.48608533573328e-07 5.650863906698262e-07 1.8516799425754292e-07 0.0 5.116824850117416e-06 2.0332888220045268e-07 0.0 0.00012153286406023488 4.981922007545819e-05 8.085042593892123e-05 1.394185438397707e-05 1.100637479049898e-06 3.7005286088039456e-06 1.1017976231892726e-05 7.856125229547909e-07 2.9366444468453453e-06 2.895782084348143e-06 2.394254031657297e-07 1.978277583428215e-06 1.3615731620536482e-06 5.282735683136913e-07 1.4109213029007085e-07 7.45194979398048e-07 3.062629878939051e-08 3.2143127813834824e-07 0.0 0.0 5.2921697591860713e-08 4.1048816376185676e-08 2.0565615664586143e-05 1.747897006625556e-07 0.0 2.619833994276802e-07 0.0003240340554407828 4.426784006013905e-07 1.555987962450672e-07 2.08637786983143e-06 8.029122731932708e-07 4.782944256424562e-07 3.5543878762565814e-06 1.2399805297587126e-06 3.979004640170706e-06 5.984238878029253e-06 1.3018019110840722e-05 4.2064698498813595e-06 2.3008738004952452e-05 5.144693915165841e-06 1.5510096046027294e-05 1.084891533160988e-05 0.0 0.0 0.0 0.0 0.0 0.0 0.0 0.0 0.0 0.0 0.0 0.0 0.0 0.0 0.0 0.0 0.0 0.0 0.0 9.745707209718077e-08 1.555883279110108e-07 0.0 0.0 0.0 4.092784168313403e-06 1.0383831033124312e-07 1.5201485642314855e-06 9.522446388062527e-08 0.0 0.0 0.0 0.0 0.0 0.0 0.0 0.0 9.08019916224659e-08 8.599366777618473e-08 0.0 0.0 0.0 0.0 0.0 0.0 0.0 0.0 8.811445542849135e-08 0.0 0.0 8.122212620896162e-08 0.0 1.1896720882534075e-06 0.0 0.0 4.925255563975987e-08 0.0 0.0 0.0 8.459934840461789e-08 0.0 0.0 6.384964330694042e-06 1.89700441876217e-07 0.0 4.597289174054551e-08 0.0 3.354037369070367e-06 0.0 1.8450919258172914e-07 0.0 4.560013622711151e-08 4.110504028204713e-08 0.0 0.0 0.0 0.0 0.0 0.0 5.419444970420642e-08 0.0 0.0 0.0 1.6566822965178247e-05 4.2699683313999305e-07 4.6053241228498055e-07 0.00013240364162754817 4.877135357495788e-06 0.00012164454231086209 3.0126649568206213e-05 0.00032139977298363575 1.1038179163570829e-05 3.008448452232157e-06 8.552055001785543e-06 2.750085893656189e-06 7.153705068881062e-08 2.923537812476776e-07 1.3427515906925026e-07 8.888463798634411e-06 0.0 0.0 0.0 3.111721807462325e-06 1.1025454044866097e-07 0.00012769418639768215 1.6844656838241492e-05
0.0001917251760261758 0.0008243312292215334 0.0 2.634873421704025e-06 0.00043964657889255946 6.980420542923989e-06 0.00010964259225609857 0.0005466930101043423 0.0006650076895002426 1.1301678942901583e-06 0.0015936839392203326 1.751740684754634e-06 6.0643883553361716e-05 0.0006494166611163394 2.3747359263353967e-06 1.315322472759495e-06 4.140116198758937e-08 4.903999212793765e-07 0.0 8.989606509901236e-07 2.156014095768526e-06 0.0 8.877920742961435e-07 4.920983095210834e-07 1.2085177081609106e-07 0.0 0.0 0.0 0.0 0.0 0.0017494816980109463 0.0001401064434193323 5.9273242417686275e-06 1.0107263980726426e-06 1.2718612717329673e-06 2.3856682621433674e-07 1.265858041448711e-06 4.306821647756827e-07 5.943672832110597e-08 2.166593647500839e-07 3.084142214078261e-07 3.2216545912710573e-07 2.0761864594450075e-07 1.1030426655787423e-07 7.195983375563233e-08 6.294618402793207e-08 1.1659358508489901e-05 7.148224265710166e-08 1.5185492963151244e-07 2.1075837275919948e-07 9.020068052702421e-08 0.0 5.673558755570497e-08 0.0 6.821743203896952e-07 9.717917467115988e-07 1.5441676031628057e-05 0.00015939622905908316 2.295004240606057e-06 5.4807823164408975e-06 1.3926494560976039e-06 1.948521757977989e-06 6.192272929270529e-08 3.00654385699235e-05 4.0126248611859965e-07 2.2739814903896502e-07 2.3018774996754425e-07 5.657032307075855e-08 4.341574172258316e-07 6.168454637543885e-07 4.621449355238107e-06 5.024532031314215e-07 0.0 2.502648530010638e-05 1.2149080962913779e-05 1.4958753329568375e-05 3.567391218799614e-06 9.258066784533421e-07 1.2630794295304896e-06 0.0001745001149853085 3.886868654550241e-07 8.45284038226621e-06 5.531918907305327e-07 6.690395116479368e-08 3.62054342679328e-07 9.04446767495206e-08 5.317384559560663e-07 0.0 7.377970095473149e-08 3.9942826834986464e-08 1.118231615406249e-07 0.0 1.8642361216122012e-06 4.869545178922742e-07 2.5857461998532213e-07 7.669035814898292e-06 9.640912304360513e-07 0.0 2.3630496268841122e-07 0.00015701605776543512 4.055392420897887e-08 2.7097093312827106e-07 8.357465744378702e-08 0.0 1.0343117191258366e-07 3.29670697430565e-07 4.3576995173075707e-08 2.5544078807892273e-07 2.40155787175846e-07 1.486574625554083e-06 5.812578597226544e-07 2.3687306711988578e-06 6.688074848905876e-07 2.135554056568784e-06 2.513282655927058e-06 7.065431861988725e-08 0.0 0.0 0.0 0.0 0.0 0.0 0.0 0.0 0.0 0.0 0.0 0.0 0.0 0.0 0.0 0.0 0.0 0.0 0.0 2.3476338327031432e-07 0.0 0.0 0.0 1.64499082866915e-06 0.0 1.5577708981710715e-06 3.9131499887729807e-07 0.0 0.0 0.0 0.0 4.5511164522303957e-08 0.0 0.0 0.0 1.3573276040320642e-07 4.3081152999985984e-08 0.0 0.0 0.0 1.5623275465806355e-07 0.0 0.0 0.0 0.0 0.0 0.0 0.0 0.0 0.0 9.295417636022608e-07 3.2674712435825445e-08 0.0 0.0 0.0 0.0 0.0 0.0 5.6742048813665337e-08 0.0 2.5402903609940366e-06 1.5540317420033528e-07 0.0 0.0 1.1005591309685699e-07 7.793304324500902e-07 4.743488380681968e-08 0.0 0.0 0.0 0.0 0.0 0.0 0.0 0.0 0.0 0.0 0.0 0.0 1.1080054110543639e-07 0.0 5.603992172372361e-06 5.369514975329398e-07 5.512214567336571e-07 2.3048407351888776e-05 1.04496410464251e-06 2.2900596359799533e-05 6.500808611366405e-06 4.085024492248427e-05 1.7608550564201622e-06 4.5538407463443017e-07 1.53590098325343e-06 7.064776449276205e-07 0.0 3.640089584692743e-07 2.026029254613422e-07 9.585954311787005e-07 0.0 0.0 0.0 2.853345897040855e-07 5.0462908808004895e-08 1.4672954631541556e-05 1.8178056954678398e-06
0.00041592073157459866 0.0004042505736824063 2.634873421704025e-06 0.0 4.295511185248314e-06 6.248265793396758e-05 0.001027145384392528 8.349310705096191e-07 5.970714898768563e-06 0.0007497966742852825 7.415103206831921e-07 0.0005305056563776669 0.0006726726820322504 4.067500210250934e-05 4.600779227718155e-07 3.3647466696830793e-07 0.0 0.0 0.0 0.0 0.0 0.0 0.0 0.0 1.1232968214522597e-07 0.0 0.0 0.0 5.027015200537509e-08 0.0 4.369563561641602e-05 2.2800642684421505e-07 5.376875480845566e-07 0.0 0.0 0.0 9.542329554459185e-07 0.0 1.1831543171225767e-07 0.0 6.372342890515958e-08 0.0 0.0 0.0 0.0 0.0 2.1322320321508403e-06 8.766368372681029e-08 0.0 0.0 0.0 0.0 0.0 0.0 1.8778637793995397e-07 3.380916165646766e-07 8.310456320097584e-06 3.938193122780031e-05 9.69052270772908e-07 8.492270239418196e-07 5.8862334059014667e-08 0.0 0.0 1.3841826291471548e-06 6.697376746251898e-08 6.928491254362281e-08 0.0 7.814914644221244e-08 0.0 0.0 4.3668719215440075e-06 1.3239853815331644e-07 0.0 5.0298317304790024e-06 1.787344244013377e-06 1.9326924493773385e-06 5.860259301145359e-07 9.198865554145005e-08 7.966833373446556e-08 7.774481845762343e-08 3.562090600077851e-08 7.690861840762098e-08 9.181710640220096e-08 0.0 3.624856453501898e-08 0.0 0.0 0.0 0.0 0.0 0.0 0.0 0.0 0.0 0.0 1.5697567917211958e-05 1.4239392152455035e-07 0.0 0.0 0.00015124601650678328 2.2358762367928955e-07 1.2743926994281814e-07 3.653112883449099e-06 4.652937689974669e-06 0.0 1.8721278448410375e-06 1.149325046094786e-06 3.3385529491439172e-06 3.0270546700481773e-05 5.6575509250310095e-06 3.127244589966081e-07 5.208379258578745e-06 6.721791684301508e-07 2.932711714799412e-06 1.4207011475974657e-06 0.0 0.0 0.0 0.0 0.0 0.0 0.0 0.0 0.0 0.0 0.0 0.0 0.0 0.0 0.0 0.0 0.0 0.0 0.0 0.0 0.0 0.0 0.0 0.0 4.7428986158118723e-07 0.0 3.179083640148469e-07 9.050264537772476e-08 0.0 0.0 0.0 0.0 0.0 0.0 0.0 0.0 0.0 3.989302460350691e-08 0.0 0.0 0.0 0.0 0.0 0.0 0.0 0.0 0.0 0.0 0.0 0.0 0.0 8.673795171212061e-08 0.0 0.0 0.0 0.0 0.0 0.0 0.0 0.0 0.0 1.1797539202641795e-06 8.26882441020672e-08 0.0 0.0 0.0 6.129793539158881e-07 0.0 1.4633452156792442e-07 5.429555225336559e-08 0.0 0.0 0.0 0.0 0.0 0.0 0.0 0.0 0.0 0.0 0.0 0.0 3.091608937559882e-06 0.0 1.593187026140932e-07 1.460693737080353e-05 0.0 4.117240577773672e-06 1.191378700744761e-06 0.00017188732117100653 5.060694279289075e-07 9.132884296194032e-08 4.62409185445447e-07 1.2814359882363813e-06 0.0 5.480378104162154e-08 1.2331659457321618e-07 4.9516214669916535e-06 0.0 0.0 0.0 0.0 0.0 7.008120733465114e-05 5.712297215492261e-06
3.0200744625440726e-05 0.0009119966163789245 0.00043964657889255946 4.295511185248314e-06 0.0 1.780054931085507e-06 0.0002744425728308878 0.00011764623605861718 0.0012333866616737951 8.085662496480899e-06 0.0004497314441034909 4.562947977741254e-06 8.914545045784767e-05 0.0007439509672047012 6.036283440061204e-06 1.2859183595834177e-06 2.1242568789181804e-07 9.586440245885917e-08 0.0 1.0736686663711983e-07 4.9119959786602595e-08 0.0 4.09417123475544e-08 0.0 1.5348395221931037e-07 1.0739737035165653e-07 0.0 4.318046515344261e-08 0.0 4.9582527394663705e-08 9.924348383125288e-05 2.0367798040552878e-05 7.834837485543082e-07 0.0 0.0 4.902996499853646e-08 1.1035955598679504e-06 5.856887663279156e-07 9.015527511764395e-08 1.0014141420086295e-07 8.848589859405503e-08 0.0 0.0 1.857637301582036e-07 0.0 4.2621149189852594e-08 3.108629410427898e-05 6.892138274437075e-07 4.0801604749162356e-08 0.0 1.2192851418259224e-07 0.0 0.0 0.0 1.0251424359023178e-06 1.5270039041193932e-06 9.100145558842499e-06 5.2652825581025015e-05 2.6633490746433905e-06 9.813307932345097e-06 3.4096157824730377e-07 1.5981823519465134e-07 3.850253265948775e-08 1.6268978503134402e-05 5.653360899725108e-07 3.9958878585028696e-07 2.8914013362265674e-07 2.2998359004942834e-07 0.0 0.0 4.0194452091905485e-06 0.0 0.0 2.9262017057038276e-05 1.2105073709467334e-05 2.9791016850041456e-05 7.668939042183639e-06 7.302569194254701e-07 1.8224396749652549e-06 1.0088993685295108e-05 3.791151542586818e-07 1.0981065415820787e-06 8.359408141022465e-07 3.32903223377619e-08 5.328824244183491e-07 2.7159655767555703e-07 1.2202275963800648e-07 1.1176054031950677e-07 2.2150216589320065e-07 0.0 3.764317012630696e-08 0.0 0.0 3.507599845974663e-08 0.0 5.10550472617087e-06 3.2532105286698423e-07 0.0 2.27367709267132e-07 1.355389812480918e-05 1.481976597080579e-07 0.0 1.3757528097976715e-06 3.9572076991023943e-07 1.7721866778738047e-07 1.146987590113571e-06 5.897578729363036e-07 2.701284816132741e-06 1.3788749554137544e-06 7.11589331838389e-06 1.528640724672147e-06 1.1692590575979737e-05 3.801301350632283e-06 8.6879003317961e-06 5.587047739558562e-06 0.0 0.0 0.0 0.0 0.0 0.0 0.0 0.0 0.0 0.0 0.0 0.0 0.0 0.0 0.0 0.0 0.0 0.0 0.0 4.8979648180537e-08 0.0 0.0 0.0 0.0 2.049671125375777e-06 0.0 1.1684632525897863e-06 4.181397303753071e-08 1.1093614531055634e-07 0.0 0.0 0.0 0.0 0.0 0.0 0.0 4.888202289650071e-08 9.422831572475211e-08 0.0 0.0 0.0 0.0 0.0 0.0 0.0 0.0 3.1698063759678116e-08 5.532027366310297e-08 0.0 0.0 0.0 7.574794263033883e-07 0.0 0.0 0.0 0.0 0.0 0.0 0.0 0.0 0.0 4.225587159291826e-06 2.1032152534246312e-07 0.0 0.0 0.0 1.880906371157597e-06 0.0 0.0 0.0 0.0 3.896645524388832e-08 0.0 0.0 0.0 0.0 0.0 0.0 0.0 4.97185761538186e-08 1.104245732323661e-07 0.0 1.1025779498003275e-05 4.3202271746814286e-07 5.338140117577596e-07 6.903511858746727e-05 1.3110024123534748e-06 5.131156589844942e-05 1.3376451336859156e-05 3.670437305218563e-05 4.127066860097738e-06 9.938113971718692e-07 4.811163824925549e-06 1.8795380551521854e-06 0.0 4.8523423079700887e-08 0.0 4.0931067074902285e-06 0.0 0.0 0.0 1.560913371477137e-06 0.0 2.8053998887547706e-05 8.601103315295141e-06
3.7139892595154187e-05 6.60915650766834e-05 6.980420542923989e-06 6.248265793396758e-05 1.780054931085507e-06 0.0 4.605312726128592e-05 1.1886882262313092e-06 2.647654210144522e-06 0.0001139065482682156 3.1176943635181684e-06 3.416769314287641e-05 4.9237526029060076e-05 1.953348134980937e-05 7.967825703309555e-08 1.4007366917551087e-07 0.0 0.0 0.0 0.0 0.0 3.145468382304939e-07 0.0 0.0 0.0 0.0 0.0 0.0 0.0 0.0 3.9142918376868814e-05 1.576708747816378e-07 3.4221351914103147e-06 0.0 0.0 0.0 3.1005327264747045e-06 0.0 2.7284547133899994e-07 1.3311355764521037e-07 0.0 0.0 0.0 0.0 0.0 0.0 2.799783773688256e-07 3.5350565384374016e-08 0.0 0.0 0.0 0.0 0.0 0.0 3.593732494739699e-08 6.661969844300709e-08 0.00010072967404849702 1.2097251805581113e-05 3.5942145131092358e-06 4.139105904041102e-08 0.0 1.7244822664363842e-06 0.0 5.001809900221747e-08 0.0 0.0 1.223355155811724e-07 0.0 0.0 0.0 3.7791492596082784e-05 1.0381774928084093e-05 9.049137928231792e-08 4.1369024689218704e-07 1.1760947381493964e-07 1.2060004361623307e-07 0.0 0.0 0.0 2.081109956280144e-06 0.0 1.6853502574429375e-06 0.0 3.2421594938896436e-07 0.0 6.135166005120436e-08 5.6963156593141924e-08 3.1966445902416206e-07 4.46954919071109e-07 6.682943781875094e-07 2.2589302609662654e-07 0.0 0.0 0.0 2.2854539989336912e-07 8.873499276735146e-05 8.802994808145775e-06 2.149204155200217e-07 2.8191477984085695e-06 0.00018371582857711912 0.0 0.0 1.216478483419919e-06 5.798415714650445e-08 0.0 1.3233776700775753e-06 5.081455226762461e-07 2.286346109265818e-06 1.5407228538182151e-06 3.609504717730434e-06 3.5376527340016423e-07 5.90232894451614e-06 7.734868549173114e-07 3.0169284909631392e-06 1.1644424897102565e-06 0.0 0.0 0.0 0.0 0.0 0.0 0.0 0.0 0.0 0.0 0.0 0.0 0.0 0.0 0.0 0.0 0.0 0.0 0.0 0.0 4.774204019607936e-08 0.0 0.0 0.0 8.81480009887879e-08 0.0 5.22614763880257e-07 5.2198018430956786e-08 0.0 0.0 0.0 0.0 0.0 0.0 0.0 0.0 0.0 0.0 0.0 0.0 0.0 0.0 0.0 0.0 0.0 0.0 0.0 0.0 0.0 0.0 0.0 3.726988053905286e-07 0.0 0.0 0.0 0.0 0.0 0.0 0.0 0.0 0.0 2.4752512287490153e-07 0.0 0.0 0.0 0.0 5.000256579705303e-07 0.0 0.0 0.0 0.0 0.0 0.0 0.0 0.0 0.0 0.0 0.0 0.0 0.0 0.0 0.0 1.7015488625612431e-06 0.0 4.2406636034546857e-07 3.873365201506405e-05 2.0899919936543668e-07 4.834037612886644e-07 9.10857827388299e-07 0.00025927399389427235 1.7144150845436115e-06 0.0 8.333151226822744e-07 4.9794255327593625e-06 0.0 0.0 0.0 8.467714791844626e-06 0.0 0.0 0.0 0.0 0.0 9.724487066853027e-05 5.9495741833985745e-06
0.0007776298757712371 0.0016221234907669074 0.00010964259225609857 0.001027145384392528 0.0002744425728308878 4.605312726128592e-05 0.0 3.144061073734347e-05 0.00032801262316959403 0.00036027863304165735 0.00012862964206665655 3.637562698147445e-05 0.001771445762427318 0.0006923146786961933 7.752626144394257e-06 2.7186893410585042e-06 2.4310201423459626e-07 4.0861412491319446e-08 3.886998397340859e-08 0.0 1.3432451065691355e-07 0.0 2.2311059588552922e-07 1.1619342001390954e-07 0.0 0.0 0.0 1.3763114619751e-07 0.0 4.072767784905891e-08 0.00014799753612439228 2.2568911729064256e-05 2.6040073316861267e-06 2.0448023147767238e-07 8.029643986763163e-08 1.359193726165035e-07 3.2007460792620763e-06 6.174479958509811e-07 5.026384086052381e-07 3.355847672267933e-08 0.0 3.7685539779708644e-08 0.0 2.612575553495237e-07 4.56672577966111e-08 1.5299418155817771e-07 4.875002523951575e-05 6.542192280457206e-07 1.1099958560725944e-07 1.9948697924262385e-07 1.2306681305848388e-07 0.0 0.0 1.8542403606745265e-07 1.4269905701988526e-06 3.045834566599968e-06 2.6611515249932957e-05 0.0001688247190371111 4.840107745508274e-06 1.9178554158316537e-05 3.6886269076982637e-07 3.0573134694143745e-07 2.8164795790008816e-07 2.2152669321816417e-05 7.173140484107566e-07 3.0990221379536486e-07 4.43897437797771e-07 1.0303997958626093e-07 0.0 0.0 7.688792246856297e-06 1.440881230416128e-07 0.0 6.324863592716154e-05 2.439126428057333e-05 4.917892284868923e-05 1.0073046352165509e-05 1.3282082033562615e-06 2.018282346383923e-06 7.11388510490627e-06 3.8025235392904865e-07 1.5222542126874781e-06 1.9618617619006843e-06 7.830007862686698e-08 6.669779318943294e-07 6.046917918575964e-07 1.656420787911241e-07 1.3426833851419315e-07 5.394465052910833e-07 4.091882390453459e-08 1.903351097487349e-07 0.0 0.0 4.5278741929170114e-08 0.0 2.6305042691350248e-05 4.874264424493039e-07 0.0 2.201096247377737e-07 0.00014438461724994257 5.592233776000254e-07 1.0431983055666918e-06 1.6882001064048618e-05 1.9269311919857413e-05 1.2034298329040071e-06 2.8275047845826706e-05 7.939083844715287e-06 1.4895508779750488e-05 1.758383205664394e-05 3.724862609701708e-05 6.185892278700362e-06 0.00010063229405476174 1.7877830550800937e-05 3.4937771933900665e-05 2.2862236139239265e-05 1.7480298552046371e-07 0.0 0.0 0.0 0.0 0.0 0.0 0.0 0.0 0.0 0.0 0.0 0.0 0.0 0.0 0.0 0.0 0.0 0.0 2.806861774249872e-07 4.862712292058489e-08 0.0 6.527649974057146e-08 0.0 4.588381949344868e-06 0.0 2.347655055590977e-06 1.292692827175648e-07 0.0 0.0 0.0 0.0 4.5394709634484985e-08 0.0 0.0 0.0 1.7297473878229435e-07 2.6208681913862434e-07 0.0 0.0 0.0 0.0 0.0 0.0 8.066723447148672e-08 2.8376575242488533e-08 3.537205317769458e-08 7.201269914710628e-08 1.7719043556126905e-07 0.0 4.304363994717185e-08 1.8191008518855919e-06 0.0 0.0 0.0 4.829240722604758e-08 0.0 0.0 0.0 0.0 0.0 9.90415003126721e-06 7.17261886389023e-07 0.0 0.0 0.0 6.272711839571699e-06 0.0 2.451909127471202e-07 3.032646779805781e-07 1.783776780094768e-07 6.345854168791013e-08 0.0 3.799613385051273e-08 0.0 0.0 0.0 5.3472463502504165e-08 0.0 0.0 0.0 0.0 3.298618898901742e-05 1.1404624747064913e-06 1.1157845859900857e-06 0.00013156372542248197 3.202913207105193e-06 9.081766919503079e-05 2.4094757180176543e-05 0.00023787350749063992 9.650415234521948e-06 2.0072061912558575e-06 7.5574182930926375e-06 8.050693672082266e-06 5.695249338608389e-08 6.517332910168249e-07 1.2413556967680875e-07 1.6420914472530576e-05 3.728374818903149e-08 3.9022816169829046e-08 4.777132595435584e-08 2.823109596980652e-06 7.339958594059527e-08 0.00019351001045512782 4.0183495156425944e-05
2.1191963102406306e-05 0.00013993871244507352 0.0005466930101043423 8.349310705096191e-07 0.00011764623605861718 1.1886882262313092e-06 3.144061073734347e-05 0.0 0.0004037766634912852 1.1073342897509779e-06 0.0015367217571931617 3.0758321929065312e-06 0.00010190676674651223 0.0009585499811966885 2.9407148006409434e-05 1.9373786024670715e-05 8.443031419280162e-06 9.871356899989098e-06 1.3712317957433906e-06 2.0419412298638097e-05 2.5482537642981656e-05 2.3681953093900152e-07 2.2570227173588415e-05 1.0975105014968422e-05 3.537674480610668e-06 1.5303461740152722e-06 6.782963598367831e-07 9.529491990987619e-07 4.737224370737952e-07 0.0 0.0016044497801274043 0.0015324760748091086 8.869888998000122e-05 2.5458400219310823e-05 2.0912976762590975e-05 4.8412113935285634e-06 2.618391547972591e-05 3.140897668327504e-05 1.2023774852013976e-06 2.075864465303608e-06 5.658060265204352e-06 3.7615364245784425e-06 1.0302981260503219e-05 6.785537456614259e-06 2.9405788870749332e-06 1.2911219397715726e-05 8.540904062925146e-05 3.875651274348915e-06 7.052258532335351e-06 1.3640612923172795e-05 6.14346056433744e-06 2.686257218105695e-07 1.8368839967841822e-07 3.9172235043830304e-07 2.0999636573274333e-06 3.613685937212573e-06 2.7447134295215712e-05 0.0002432689830057376 7.1019201050913e-06 1.799708003621403e-05 0.00013204912839807393 0.00019444145571689578 6.8043497928220645e-06 0.0003355856690838204 1.4436779107154696e-06 2.3184486106261484e-06 1.0699517318154471e-06 4.967904360772943e-06 1.1833782195026925e-05 1.4771130270428238e-05 2.367777815298253e-05 5.321663413461509e-06 2.917126917007778e-07 7.810860772418738e-05 9.467317239445152e-05 8.702630673134616e-05 6.047651631869518e-05 0.0001962645510055363 0.0003212923641340463 0.0012775041323577331 0.00010913075399965745 0.000614371589075029 3.0382869281942003e-06 1.761495336026149e-07 1.3893554538083164e-06 8.078213981445365e-07 5.8228663753571644e-06 2.180112992437958e-07 6.558710903582879e-07 1.4736152055586841e-07 2.911382931758396e-06 1.4242987650681865e-06 1.3665613478951435e-05 7.241423033873498e-06 4.442566258874442e-06 1.0594116202472409e-05 3.0158807532249742e-06 1.447645089609332e-07 1.3505311340599931e-06 7.269556645111424e-05 4.3591840232953174e-07 1.7423107284425258e-07 5.727462211165019e-07 4.387653020103718e-08 1.9891154058303943e-07 2.7001356774461337e-07 4.223006008532285e-07 1.0299192238161317e-06 7.449937517096285e-07 2.8420304256872226e-06 8.992661600935412e-07 3.3493866578988276e-06 1.679394563991517e-06 4.806719660866396e-06 8.064726032375744e-06 2.456108031678239e-07 1.196441123760717e-07 1.1342354084207359e-07 3.779920554769175e-08 0.0 0.0 9.312952126016005e-08 0.0 0.0 0.0 0.0 0.0 6.563537603344236e-07 0.0 0.0 0.0 5.154247783302971e-08 0.0 0.0 3.7679717948784894e-08 1.7464022393563195e-07 0.0 3.229456210095764e-07 1.8877611964589847e-07 9.262918762976958e-06 5.909330576175352e-07 7.404993661375526e-06 3.4369712140523033e-06 1.1103419840172899e-06 0.0 0.0 0.0 3.812803851349231e-08 3.751763446110102e-07 1.42595496330504e-07 0.0 1.286394349069466e-07 3.949966949135509e-07 0.0 1.5212633595964462e-07 5.976588191389201e-07 3.1561283008810816e-07 0.0 0.0 0.0 0.0 4.200805436759346e-08 5.385975897777241e-07 0.0 1.420688818835222e-06 5.181323072762827e-07 2.840157973226589e-06 0.0 0.0 4.5527813984380894e-08 9.563212297558592e-08 5.245348475653358e-08 1.2220009406949148e-07 0.0 2.441140841236808e-07 6.343619888929491e-07 7.258970878757291e-06 3.3300075366106694e-06 0.0 1.363579129924415e-07 3.076904843939998e-07 3.08650506140261e-06 2.3717666007361716e-07 9.415083909112832e-07 3.6707170435854715e-07 8.667258704452635e-08 9.42486982227666e-08 4.981103121353033e-08 1.2920481324782178e-07 0.0 0.0 0.0 5.5441594286181414e-08 1.5405861747666954e-07 4.917642911065047e-07 7.939377594451014e-08 2.1946868439051576e-07 1.0065864685256808e-05 4.351772987818802e-06 7.787359437366401e-06 0.00015495375143088577 1.534318750586791e-05 0.00014629316167029494 5.269567251494637e-05 4.38475186930167e-05 6.299925653286807e-06 2.2101927272658028e-06 1.1118136731468188e-05 4.5432722841037395e-06 4.500751951243322e-07 1.4712290587310773e-06 2.2370234297943772e-07 3.0605382948329734e-06 0.0 0.0 3.9616962637570134e-08 5.610462175258667e-06 3.856179110337149e-07 2.21301864490966e-05 6.080383541358257e-06
6.0100683995021996e-05 0.0011266385754127323 0.0006650076895002426 5.970714898768563e-06 0.0012333866616737951 2.647654210144522e-06 0.00032801262316959403 0.0004037766634912852 0.0 9.503957190875005e-06 0.0008440772004637989 7.419987789964543e-06 0.0002236404661762307 0.0008747525277992689 6.7128807448252305e-06 1.2849746413996553e-06 2.1334560721025593e-07 4.061371368179206e-08 0.0 7.933759162222711e-08 0.0 1.7482325535752409e-07 0.0 5.399983856317047e-08 0.0 4.4912797836121275e-08 4.919997646800706e-08 4.6640197795946146e-08 0.0 0.0 0.0003110353043949335 2.256603431348932e-05 8.019103123411456e-07 1.682481641601978e-07 0.0 1.8132173101630254e-07 1.1917650212460432e-06 2.7299302065014184e-07 0.0 1.3309264838111338e-07 0.0 0.0 0.0 2.2858551937258008e-07 0.0 3.68942670912543e-08 3.105141252513216e-05 5.880764416906293e-07 0.0 8.13080560680093e-08 3.7027998688624186e-08 0.0 0.0 0.0 6.528373805462582e-07 1.6823424017974213e-06 7.958312597123563e-06 5.159124971918649e-05 2.1033778566751494e-06 9.104315009822272e-06 4.765132772728689e-07 5.20222125345783e-07 0.0 1.4132829021243799e-05 5.082687828946689e-07 1.6979437485697412e-07 3.000061364878063e-07 6.955595348487692e-08 3.967458719313082e-08 0.0 1.8965384895948305e-06 4.2227738965179995e-07 0.0 2.5821290095209097e-05 1.4309880798574631e-05 2.600212537449508e-05 6.962735419145216e-06 1.1137859897995836e-06 7.640808101314817e-07 1.3786223384968483e-05 3.1043710060126595e-07 7.110343755492324e-07 1.016876870134085e-06 9.007310874344025e-08 7.8124204829427e-07 3.200022683276003e-07 6.944906259859118e-08 3.554924754420968e-08 1.8267227703987784e-07 0.0 3.3164105530517436e-08 0.0 0.0 0.0 4.751315272099073e-08 5.4636318724154655e-06 5.427649062891533e-07 0.0 0.0 1.862367480136706e-05 1.1248012105759512e-07 2.2845701889734774e-07 1.0635736785370052e-06 8.327336429596394e-07 3.382189021285394e-07 1.5394649303233371e-06 1.3226908858566835e-06 2.137323485154258e-06 2.780324352543863e-06 5.5245952541007e-06 7.488384498770745e-07 1.1979674105200108e-05 3.0660335429651164e-06 9.999658903159048e-06 5.64198570893115e-06 4.5320249878517726e-08 0.0 0.0 2.840412358615985e-07 0.0 0.0 0.0 0.0 0.0 0.0 0.0 0.0 0.0 0.0 0.0 0.0 0.0 0.0 0.0 1.0705619035426819e-07 3.911533517224444e-08 0.0 0.0 0.0 2.146314249483829e-06 0.0 1.8722709881954082e-06 1.3899903287333985e-07 0.0 0.0 0.0 0.0 0.0 0.0 0.0 0.0 5.031423897710367e-08 3.3085699596267105e-08 0.0 0.0 0.0 0.0 0.0 0.0 0.0 0.0 0.0 6.638787264844074e-08 5.5397668693657334e-08 0.0 4.361518419161425e-08 8.883566701001215e-07 0.0 0.0 0.0 0.0 0.0 0.0 0.0 0.0 0.0 3.8137112866160023e-06 4.0591614169939807e-07 0.0 0.0 0.0 1.975826610878659e-06 0.0 0.0 0.0 7.762884770741787e-08 1.660615764209339e-07 0.0 0.0 0.0 0.0 0.0 0.0 0.0 0.0 0.0 0.0 1.3166610797668295e-05 3.6004853314287484e-07 4.969193823245179e-07 6.907313692466042e-05 1.8048081412619342e-06 4.9346887761896674e-05 1.2914730199264219e-05 3.861185286001585e-05 3.856118535282548e-06 5.803139892943598e-07 5.470823681854926e-06 2.141176364942882e-06 0.0 4.124067584954075e-07 0.0 2.793377591709985e-06 0.0 0.0 0.0 2.2154250216862593e-06 9.518106505418371e-08 3.158264906740318e-05 8.269636936231915e-06
0.00023722369491664544 0.0002294428220737745 1.1301678942901583e-06 0.0007497966742852825 8.085662496480899e-06 0.0001139065482682156 0.00036027863304165735 1.1073342897509779e-06 9.503957190875005e-06 0.0 1.6132361055842474e-06 0.0009873968778688921 0.004228894252802245 0.00028509592343478737 2.7935353688088216e-06 7.747407013036083e-07 8.947334445244902e-08 0.0 0.0 0.0 0.0 7.719398860427633e-08 8.340904888619707e-08 0.0 2.2528613371662246e-07 7.27850100835237e-07 0.0 7.301687972451541e-08 6.939307010441915e-08 6.227485871687283e-08 2.574561526649306e-05 4.929170014498452e-07 1.8670919154186315e-05 0.0 0.0 1.304568052957124e-07 4.073502521587192e-05 1.9192079806177305e-06 1.5914068247323367e-06 4.0619247466060273e-07 6.301480977341301e-08 1.6488813037226355e-07 0.0 0.0 0.0 7.29783374986614e-08 5.762444402633605e-06 1.1258960619071511e-07 0.0 0.0 0.0 1.50456207348065e-07 0.0 5.3777890393874335e-08 1.267620253643343e-07 2.8584779079877373e-07 3.846835022072808e-05 4.322768531765054e-05 2.2524435324956165e-06 1.0565737611512307e-06 2.4619424380003786e-07 7.398857375459625e-07 1.109965803001874e-07 1.5410439131781847e-06 1.1594436622804268e-07 4.505158090708035e-08 7.824618710724384e-08 7.081346287462619e-08 0.0 2.6921882997059876e-07 0.0003750493945271095 2.5812779080805533e-06 0.0 6.206096991639498e-06 3.1205888974683454e-06 2.668626938897322e-06 1.4998395211591028e-06 5.008360525722699e-07 3.422049075812937e-08 8.187039652148249e-07 1.5968756675727586e-07 7.643287555771516e-08 2.1464565067750206e-07 3.2383907109358956e-08 1.0670382647352059e-07 0.0 0.0 0.0 8.712358102322491e-08 5.7660406103199535e-08 0.0 0.0 2.1512190811392778e-07 3.559718021282983e-08 0.0 0.0001624824773692163 2.084050481476662e-05 1.9145680483590936e-07 8.14824624108492e-06 0.0002987358366786274 6.260978024601813e-07 3.4489577184074927e-07 1.1819364741323095e-05 8.885924691724975e-06 1.6943647962787077e-06 1.6781024874806578e-05 1.0959662931201573e-05 2.693396978488864e-05 2.6128557900062558e-05 5.957597488836472e-05 1.2082128378755515e-05 9.55854911755984e-05 3.186035164478157e-05 8.338399738635292e-05 3.258010005281849e-05 1.3413162901376707e-07 0.0 0.0 0.0 0.0 0.0 0.0 0.0 0.0 0.0 0.0 0.0 0.0 0.0 0.0 0.0 7.929622373784946e-08 0.0 0.0 1.4614140851308852e-07 1.1145541487231101e-07 0.0 0.0 0.0 7.658471271431993e-06 0.0 3.0185229357727095e-06 1.490035539614159e-07 0.0 0.0 0.0 0.0 0.0 0.0 0.0 0.0 0.0 1.244634587265077e-07 0.0 0.0 4.526387677301438e-08 0.0 0.0 0.0 0.0 0.0 0.0 1.5311809033830908e-07 5.518793053586971e-08 1.9211202876520876e-07 0.0 2.6411074333853544e-06 0.0 0.0 6.475221219902476e-08 0.0 0.0 0.0 0.0 0.0 0.0 1.7860765211469183e-05 1.4821161505088725e-06 4.3011071796774115e-08 0.0 0.0 8.018963165012705e-06 0.0 2.676591578122566e-07 1.9286543519353355e-07 1.9258530220879705e-07 0.0 0.0 0.0 0.0 0.0 0.0 0.0 0.0 3.9332222733279436e-08 0.0 0.0 6.9171274919564e-05 1.1803527924022102e-06 1.611003835350554e-06 5.613237400953996e-05 5.024196088528745e-07 9.718107398260094e-06 4.1467417651085755e-06 0.0005213293508507258 9.111252936279292e-07 1.5730641964011707e-07 1.8797660961476732e-06 7.046041861306273e-06 8.547124979749746e-08 7.624309361325089e-07 0.0 3.3910732933048656e-05 9.402080033713937e-08 0.0 6.077125517496894e-08 1.568422625991364e-07 0.0 0.0007326584653034044 9.806878441728897e-05
7.513060468901551e-05 0.0004039503791372197 0.0015936839392203326 7.415103206831921e-07 0.0004497314441034909 3.1176943635181684e-06 0.00012862964206665655 0.0015367217571931617 0.0008440772004637989 1.6132361055842474e-06 0.0 9.381508874274797e-06 0.00048374034835777104 0.002286986180229808 7.554788798604243e-06 3.478133175520171e-06 2.9073596385747357e-07 5.6605674251210834e-08 0.0 0.0 1.616988327377747e-07 0.0 2.135577965050172e-07 3.515282044188057e-07 6.786550327309587e-08 6.544689791115463e-08 0.0 0.0 0.0 7.888573898436512e-08 0.0008525139487755807 0.00013644733530757157 8.670454547384065e-05 1.6484871730768348e-07 4.300326621959153e-07 9.319699908186578e-08 7.373885377710398e-06 1.4001020878252947e-06 1.2911185578115269e-07 1.3155772509397847e-07 7.509277046418046e-08 5.6407829436304064e-08 0.0 3.202523086580379e-07 2.058069999501579e-07 7.95146093850845e-08 3.513631802061805e-05 3.8179070880794667e-07 3.938181182241345e-08 1.5826769466337005e-07 2.6177592666853653e-07 1.0174464960974178e-07 0.0 0.0 1.0499710710650486e-06 1.4893919745711607e-06 1.0755203742963188e-05 8.024376705331179e-05 2.3527074487371303e-06 8.661788939010345e-06 8.087742997185007e-07 1.3541488599885698e-06 0.0 2.6971059600947248e-05 3.576434531852031e-07 3.912505415871177e-07 2.423275889261111e-07 1.3551485889358479e-07 1.439146678008165e-07 1.4057753463546472e-07 4.172355619717148e-06 5.1008772444701016e-08 0.0 2.9659284853675988e-05 1.6909443588635157e-05 3.044966270357618e-05 1.1232424479264467e-05 1.1842512359345281e-06 2.388330410039098e-06 0.0005331150218156104 4.3707961096267746e-07 1.9813118778592495e-06 9.64871200490411e-07 3.474541772671268e-08 4.965562517104304e-07 1.7411080879822986e-07 1.5473417214084234e-07 4.750774804008611e-08 7.603105351813153e-08 0.0 8.581534071034763e-08 0.0 3.029863140773096e-07 6.923539957675505e-08 0.0 6.8011012507501875e-06 1.5487527541847706e-07 9.670601936932889e-08 1.1175627442770543e-07 5.5246329285327195e-05 0.0 0.0 4.858160119638183e-07 4.374702917473711e-07 2.3712869695609052e-07 1.4430842331608887e-06 5.376828406836109e-07 1.0853706256950984e-06 9.785829429330631e-07 3.205983732690078e-06 9.806378421965837e-07 7.691599486836416e-06 1.4084827291458814e-06 5.774093152493387e-06 3.413795616529931e-06 0.0 0.0 0.0 0.0 0.0 0.0 0.0 0.0 0.0 0.0 0.0 0.0 0.0 0.0 0.0 0.0 0.0 0.0 0.0 5.4470706543144833e-08 2.0510503999426397e-07 0.0 5.2039014241187786e-08 0.0 1.4888330300842296e-06 2.0304814328247675e-07 7.727402629542627e-07 1.838302824480595e-07 0.0 0.0 0.0 0.0 0.0 0.0 1.0111880887521966e-07 0.0 0.0 4.553192458675905e-08 0.0 0.0 0.0 0.0 0.0 0.0 0.0 0.0 0.0 0.0 9.582116805651275e-08 0.0 0.0 3.9703617485081734e-07 0.0 0.0 0.0 0.0 0.0 0.0 4.876310773703614e-08 0.0 0.0 2.5628729508377715e-06 3.9896418134136894e-07 0.0 8.449127001097845e-08 9.666424346960403e-08 9.541353423414447e-07 4.5709307736494484e-08 9.926972595032893e-08 0.0 3.2733467254795595e-07 0.0 0.0 0.0 0.0 0.0 1.1686423073844888e-07 0.0 0.0 0.0 5.105294467336781e-08 0.0 9.173903032095481e-06 5.231895692025863e-07 1.27423859751236e-07 7.995577863739813e-05 2.4168140497266394e-06 5.579483007745658e-05 1.4978795621950427e-05 3.779303908386461e-05 4.58134527099427e-06 9.93728914129038e-07 6.1521133579843675e-06 2.3841810462029445e-06 0.0 1.5151543954843514e-07 0.0 2.1321094022247817e-06 4.377666570441655e-07 0.0 0.0 3.0591317502254453e-06 1.5509439183946827e-07 2.143280416353728e-05 4.154644419494849e-06
7.379446417099315e-05 5.501038612263564e-05 1.751740684754634e-06 0.0005305056563776669 4.562947977741254e-06 3.416769314287641e-05 3.637562698147445e-05 3.0758321929065312e-06 7.419987789964543e-06 0.0009873968778688921 9.381508874274797e-06 0.0 0.0008297463842790105 0.00011465969659638438 1.0403821300504714e-05 4.416411165818074e-06 5.218742951923063e-07 5.0254300304648586e-08 0.0 4.207766056786386e-08 0.0 4.88171180073947e-08 4.0863723563323175e-08 1.6800662516445636e-07 8.377785517645737e-07 1.2288849817220938e-07 4.362139637751942e-07 0.0 4.3753086984686286e-07 1.6960374034312772e-07 8.675827112000075e-06 1.9127923777477864e-06 1.7158482743802446e-05 4.424209672764537e-08 0.0 2.3868108573599665e-07 7.557931466174333e-05 4.450597505082668e-06 1.0625516153168057e-06 7.064140797904009e-07 1.4197553527982798e-07 2.7833378930002236e-07 0.0 3.4475054578117373e-07 3.669700994024307e-08 1.094615108583013e-07 1.6151309781837184e-05 2.9371841598029276e-07 5.0216829880303575e-08 0.0 3.4351762083853654e-08 2.8069636258421313e-07 0.0 0.0 2.7183872391877246e-07 6.607051404856753e-07 2.4923737054538227e-06 1.278344798196608e-05 2.5956555224351096e-07 2.536342419719304e-06 1.6993513406196533e-07 1.542392702299855e-06 5.404444012141895e-08 3.2298503590109087e-06 5.066983044194079e-08 5.2695845872750665e-08 0.0 5.052255517095749e-08 5.468952456485223e-08 1.9986214021967175e-07 0.0001007071123618276 1.7311589565000457e-06 0.0 4.776795997998623e-06 2.7897947389140283e-06 9.09898921289972e-06 7.179925490066338e-06 1.2612857605705471e-06 5.412916846661601e-07 3.2587563433010183e-06 2.591591598230609e-07 4.6379090505950216e-07 1.1590865575049364e-07 0.0 5.6338984458696274e-08 1.1610097713376041e-07 4.346054028525677e-08 0.0 3.2197431916141137e-08 0.0 0.0 1.8335970982247825e-07 2.6715053318821605e-07 3.1316042643994644e-08 6.070572912817022e-08 0.00011921912666884723 5.890823146182617e-06 0.0 2.3391643719222813e-06 2.51323262867816e-05 8.915398962226531e-07 2.605971307469933e-07 2.2375039531226042e-06 1.432178741108893e-06 7.589812638087149e-07 4.2994815704120315e-06 2.522296421360603e-06 9.479115718453293e-06 1.1385402020495238e-05 2.3802182875768396e-05 6.147990822679738e-06 3.5622162922504364e-05 1.3103694706294665e-05 3.263242085950982e-05 2.9072696081614487e-05 1.0417257842685482e-07 0.0 0.0 3.6699131620048337e-07 0.0 0.0 0.0 0.0 0.0 0.0 0.0 0.0 0.0 0.0 0.0 0.0 0.0 0.0 0.0 3.861479260145752e-07 2.859850666488608e-07 0.0 5.24882086895119e-08 0.0 9.56287409546426e-06 9.998142346652315e-08 6.208712832838216e-06 2.6173713476164916e-07 2.4925611885058466e-07 0.0 0.0 0.0 0.0 0.0 0.0 0.0 1.9090037847354662e-07 2.429595498908407e-07 0.0 0.0 4.908141147096731e-08 0.0 0.0 3.158140486418557e-08 9.780756641506899e-08 0.0 9.011268623211546e-08 3.152575857408052e-07 1.4204673091301793e-07 1.0305567599756423e-07 8.079856669502404e-08 2.5968036258588954e-06 0.0 0.0 0.0 0.0 0.0 0.0 0.0 0.0 0.0 2.0601398293864044e-05 1.327768831725176e-06 3.2476538772728416e-08 0.0 0.0 8.871842879362442e-06 8.328501831043966e-08 2.4585616959111304e-07 2.9144978975223245e-07 1.149902101591306e-07 1.5459101051712788e-07 0.0 1.1821130254179195e-07 0.0 0.0 3.8532296465596375e-08 3.8803666255040734e-08 0.0 0.0 0.0 0.0 5.2288930830314254e-05 2.7882751162024125e-06 2.728364998731873e-06 7.372997452884958e-05 1.7252327954430438e-06 2.7101875103496263e-05 1.2867698020515272e-05 4.6837810300920714e-05 2.333619732618897e-06 3.6427720724580193e-07 6.999662698940905e-06 4.434102836111744e-06 1.23638978460619e-07 1.2498781021075802e-06 1.393156314685067e-07 1.4027659551707755e-05 5.1382639343222454e-08 0.0 0.0 1.921907894292199e-06 6.342632674482788e-08 0.00011006689648330163 2.8179329872159227e-05
