0.0 0.001239854806331024 0.00035850743639226373 0.0010247500143088348 7.973449104751396e-05 8.1695506238985e-05 0.0008883082697895462 2.1767785504708435e-05 2.125801116174154e-05 0.001463872681718566 5.3163355102618594e-05 9.439958829294591e-06 0.00010975040716397209 8.726179163233937e-05 4.5941120831071603e-08 2.3652547557610587e-07 1.1604240749673971e-07 0.0 0.0 0.0 0.0 0.0 0.0 0.0 0.0 0.0 0.0 6.391005127165578e-08 2.2412095733671722e-07 0.0 0.00029162440379928533 2.36053012583074e-05 8.348323246009893e-07 0.0 0.0 0.0 4.519576568810882e-07 0.0 0.0 0.0 0.0 1.0705154355960319e-07 0.0 0.0 0.0 0.0 1.5507570609571935e-06 4.586367369683035e-07 0.0 0.0 1.5443539000612948e-07 1.3353350295658607e-07 2.4976411913160673e-07 0.0 2.1642157454203596e-07 3.389347847893408e-06 8.542823278980858e-05 0.0002518473777604884 5.590361280344436e-05 2.3939603189839847e-06 0.0 0.0 0.0 8.615925377020324e-07 1.3554265765932433e-06 4.306624794254697e-07 5.044987908523805e-07 0.0 0.0 0.0 2.927754166871649e-07 6.076874918175007e-08 0.0 1.1371500226783201e-05 4.0541942670495435e-06 2.6101028866481564e-07 1.8664770763870926e-07 8.931002596103865e-08 0.0 5.799811320019421e-06 0.0 0.0 3.5380608450475078e-06 1.302474838999854e-07 7.577606197870027e-07 1.9902667991811018e-06 2.2790237238752014e-07 0.0 4.3879415137892744e-07 0.0 9.814116162327552e-08 0.0 5.560983467114716e-08 1.0370622918349559e-07 0.0 5.953034507762111e-06 4.66121530438595e-07 0.0 0.0 0.0003845809357747876 5.655056798970002e-07 9.672824734430585e-07 6.182697598353679e-07 3.183688527737132e-05 0.0 2.925088466325009e-06 2.672368312817399e-06 2.739128275949975e-07 2.9117436154816157e-06 5.236614841662153e-06 3.5983091739538937e-07 4.202207673335651e-06 4.540694010290645e-06 8.743494666165798e-06 9.834576666704293e-07 0.0 0.0 0.0 0.0 0.0 0.0 0.0 0.0 0.0 0.0 0.0 0.0 3.8024238396252905e-07 0.0 6.039263961569521e-07 0.0 0.0 0.0 0.0 2.9026770657283727e-07 6.945423211589865e-08 0.0 0.0 0.0 1.058601109604561e-06 1.6107921699461068e-06 4.4498530852111573e-07 2.0538838169354718e-06 1.5376301838295705e-06 0.0 0.0 0.0 0.0 0.0 0.0 0.0 5.033446840471506e-07 7.975767616953973e-07 0.0 0.0 0.0 1.804991625271872e-06 0.0 0.0 0.0 0.0 0.0 2.3097682133593404e-07 0.0 0.0 0.0 1.3239526236073645e-06 0.0 1.859989641537422e-07 0.0 0.0 0.0 0.0 0.0 0.0 0.0 4.807622161602924e-06 0.0 0.0 0.0 0.0 5.1478676354230254e-08 8.455161732676653e-08 1.1896487184032046e-07 7.838778115676963e-07 6.656455398230546e-07 0.0 0.0 7.265301538719549e-07 0.0 0.0 0.0 0.0 0.0 0.0 0.0 0.0 4.00206805359263e-06 6.800529884846944e-06 3.030081005509602e-06 0.00022716444420666935 2.8643324428461097e-06 2.6847623332485714e-05 1.3854951300836344e-06 0.00024945847817932056 4.996264824498837e-06 1.8002773050193428e-07 7.973023847171094e-07 1.695046318833472e-05 0.0 3.3085804920275364e-07 9.224787722157847e-07 1.1248317956595118e-05 5.4080888587802845e-08 0.0 0.0 1.9527567743863866e-06 0.0 7.79447025778349e-05 6.686191873804052e-07
0.001239854806331024 0.0 0.0007730120896403792 0.0005215091192715155 0.000873536712969081 3.3236743480811494e-05 0.003948715162311926 6.470682490879925e-05 0.0006845492769357769 0.0005218624695815329 0.00022654574878625677 2.6217154837144676e-05 0.0008772092533457699 0.0013695637636084808 1.0282239928703462e-06 1.158675309729437e-06 4.874642295747266e-07 0.0 0.0 0.0 0.0 6.55415105047096e-07 0.0 5.055799147899181e-08 4.6559124391244254e-08 4.3809286831524373e-08 9.538229249888862e-08 0.0 2.9327653810647737e-07 5.557456266155596e-08 0.000633992248508502 2.102420734654759e-05 2.7977326090290303e-06 0.0 8.439600053311064e-08 0.0 2.6291753862577467e-06 1.2025064712062146e-07 0.0 1.7728180879389852e-07 5.2711628392953556e-08 0.0 0.0 3.771384145135754e-08 0.0 0.0 1.7213418344568503e-05 1.107569229434372e-06 4.336139947586472e-08 0.0 7.802503374173222e-08 0.0 3.2235559728454256e-07 6.940653110828915e-08 4.860191466230794e-07 4.892487347029745e-06 3.619830462336813e-05 0.0001409740085095053 4.15842493343536e-05 1.3688049407364876e-05 0.0 1.0631241921811287e-07 0.0 5.293053118610709e-06 2.956646396559828e-06 2.260109733116256e-06 6.969486527750502e-07 1.7238791038715802e-07 8.394634599042951e-08 0.0 2.1052351286649413e-06 2.5866839938197128e-06 0.0 1.2836339429434982e-05 2.2953017752124053e-05 1.157744060205883e-05 6.878830759528167e-06 4.970616723057568e-07 4.8832910459711153e-08 1.5220716769233373e-05 0.0 0.0 1.008328116158696e-05 1.6449942553920712e-07 2.112050842957548e-06 4.4228026850029194e-06 5.654269911671538e-07 7.254404450572447e-08 1.619159060361011e-06 0.0 3.745811612132856e-07 0.0 4.622311432021242e-08 2.9402267902817106e-07 0.0 4.131544783111835e-06 4.3883936789113023e-07 0.0 0.0 0.0003499060798191658 5.205682952101913e-07 2.432792574627428e-06 4.781482227885927e-07 2.9425608074310777e-06 0.0 4.5319697079308895e-06 1.3556698908579635e-06 7.94015785292815e-07 2.4450753330289375e-06 4.860750601595996e-06 1.5250941373162947e-07 7.941668207682353e-06 4.4018211245547455e-06 8.576005052589978e-06 1.1225443755149397e-06 2.664407174411515e-07 1.0360170430981517e-07 0.0 0.0 0.0 0.0 0.0 0.0 0.0 0.0 0.0 0.0 1.1874642144052346e-06 0.0 0.0 0.0 0.0 0.0 0.0 1.0488681347146578e-06 0.0 0.0 0.0 0.0 1.8195300414026616e-06 4.7464128905184317e-07 1.0942824707886938e-06 2.5296852936113545e-06 1.4143896714611098e-06 0.0 0.0 0.0 0.0 0.0 0.0 0.0 1.686787703510905e-06 1.4008896472510616e-07 0.0 0.0 0.0 2.3576463309301013e-06 0.0 0.0 0.0 0.0 1.644950238741167e-07 4.5771696503100966e-07 0.0 0.0 0.0 4.605013214265165e-07 4.991871516051105e-07 0.0 0.0 0.0 0.0 4.212259159232481e-08 0.0 0.0 0.0 3.7456372703298563e-06 3.7282510225324634e-07 0.0 0.0 0.0 3.4900886622635186e-07 0.0 9.879904459521665e-07 2.2605465119734242e-07 3.1959452080662514e-07 1.0809241997575131e-07 4.6004419383465965e-07 7.444947641597654e-08 0.0 0.0 0.0 0.0 0.0 0.0 0.0 0.0 3.0412501230802805e-06 7.40518468484552e-06 1.0444909353830094e-05 0.00016672506027386034 4.679846098533966e-06 0.00016498677433103923 1.4109555122465706e-05 0.00014333674497811385 2.2060272093913842e-05 4.440243206961122e-07 1.5360885022618977e-06 1.0943669227653647e-05 0.0 3.1604878036019194e-06 5.204270571891644e-08 2.754005362713806e-06 6.932009805627814e-07 5.284303928910486e-08 0.0 2.301646195724648e-07 0.0 6.136805450774456e-05 1.9618236501888956e-06
0.00035850743639226373 0.0007730120896403792 0.0 7.459982275366792e-05 0.0001859864442271046 8.035992290986113e-06 0.00016175259323099992 0.0010471728797171213 0.00036908724844729587 7.12878812316897e-05 0.000995444644468949 1.2773507192700817e-05 0.0006335241758568694 0.0016356876545729762 5.409252691635117e-07 3.165252169156281e-06 3.338634637400865e-07 1.2664897922689163e-07 0.0 0.0 0.0 1.440542193940262e-07 4.796228262407803e-07 0.0 3.9536822675332966e-07 0.0 1.4520084336860213e-07 0.0 6.911619727892522e-08 9.268177315113739e-08 0.0016220523266374319 8.743223294709641e-05 6.361394311631267e-05 2.3109040385822277e-07 5.061302403039563e-07 3.248338032007938e-07 1.4309790199652319e-05 5.270800989819999e-07 6.187649830234595e-07 7.860908676998864e-07 5.9396140460939405e-08 0.0 0.0 4.926786018049762e-08 0.0 5.415102830589548e-08 2.8922641509597358e-06 3.8404887872286936e-07 0.0 0.0 4.72704595537971e-08 1.5353215202711244e-07 7.05319357966366e-07 5.619961214636592e-08 2.6389439983324186e-07 1.9750857040816923e-06 1.9361218112639074e-05 0.00014615673558808086 1.8246507651106442e-05 2.926338190337974e-06 0.0 9.437694697544892e-07 0.0 2.5313178480438924e-05 1.0263672303340236e-06 3.608188108058195e-07 5.132706964049636e-07 0.0 0.0 0.0 1.2092386017913457e-05 6.445421738901057e-06 0.0 4.543162943365769e-06 1.0093067634640418e-05 4.542732300755786e-06 4.927450245614372e-06 8.533801718157431e-07 1.3183591441141086e-07 0.0003678790697915641 0.0 2.4958905089084233e-06 1.752480742151476e-06 4.123649402321909e-08 3.842997736330232e-07 1.9127312860257995e-06 1.0906101779062214e-07 0.0 6.169302581570225e-07 0.0 3.903959461030531e-07 0.0 0.0 9.322773612599688e-08 3.809177819749881e-08 8.962372943674996e-06 1.853639740789117e-06 0.0 1.6555292332244041e-06 0.0003341859569073378 1.1871226191102768e-07 1.4073392277809548e-07 4.2763502721825085e-07 6.026716998926822e-07 5.3616649861455444e-08 3.516241921614012e-07 7.672785521440369e-07 3.1231178006644695e-07 1.4422651034714313e-06 2.604299783560832e-06 6.18271168368197e-07 3.6682712441039834e-06 1.7860366827251225e-06 4.740032768263665e-06 3.5299093851640994e-07 1.5913071136793159e-07 5.888726428588546e-07 0.0 0.0 0.0 0.0 0.0 0.0 0.0 0.0 0.0 0.0 6.909928836399268e-08 0.0 0.0 0.0 0.0 0.0 0.0 3.9940484708558235e-07 0.0 0.0 0.0 1.0028465775296751e-06 2.171398496632147e-06 5.92036703187524e-07 2.104070904550989e-07 2.3738762743502117e-06 1.5093412104932646e-06 0.0 0.0 0.0 0.0 0.0 0.0 0.0 1.5297017025181644e-07 4.4264618870073643e-07 0.0 0.0 0.0 2.1151341474040255e-07 6.36426126217473e-08 0.0 0.0 0.0 0.0 1.8873238513292117e-07 1.7750631979745113e-07 3.743421507988759e-08 0.0 3.503027014445073e-07 0.0 6.826972773760388e-08 0.0 0.0 0.0 0.0 0.0 0.0 0.0 2.9699974227763194e-06 1.3480450885723771e-06 0.0 0.0 0.0 4.273216971341589e-07 0.0 1.1160498784381683e-07 1.6031463668273003e-06 2.2548730265112883e-07 0.0 0.0 1.3821909826878464e-07 0.0 0.0 0.0 0.0 0.0 0.0 0.0 0.0 8.932797758152373e-07 5.251475919407029e-06 4.103602563169874e-06 4.993620550279709e-05 1.937776378912637e-06 3.074133222519811e-05 4.870981078758361e-06 4.1070155409198997e-05 2.6761664444140675e-06 2.6422097729900963e-07 9.223755189342413e-07 2.718767340498073e-06 0.0 1.803438646097134e-06 4.345867953485562e-07 1.9372888928736264e-06 0.0 0.0 0.0 1.7904298998790595e-07 0.0 2.2652224829633903e-05 2.2944285213759844e-06
0.0010247500143088348 0.0005215091192715155 7.459982275366792e-05 0.0 3.362901918896609e-05 0.00028831647976506843 0.0008583006923439389 1.6901026366164108e-06 1.1400266255842499e-05 0.0016045386456079917 6.358115212318242e-05 2.09119199930185e-05 8.102173985530463e-05 3.7231211906382364e-05 0.0 0.0 2.5433937611171285e-07 0.0 0.0 0.0 0.0 0.0 5.1482644373796974e-08 5.802398820910112e-08 0.0 0.0 0.0 0.0 4.9163084248882396e-08 0.0 8.969835836090044e-05 7.308067269009961e-07 1.1730205058047277e-06 0.0 0.0 0.0 0.0 0.0 5.2047130207455466e-08 0.0 0.0 0.0 0.0 0.0 0.0 0.0 6.075380839800164e-06 8.634479536548864e-07 0.0 0.0 3.121605160304916e-07 4.9160404123916216e-08 0.0 0.0 4.082907231590807e-07 3.945402966993199e-06 5.2616136518556895e-05 0.00015414349098378526 7.041102648761238e-05 7.635201799730067e-06 0.0 0.0 0.0 2.80368850858386e-07 1.861526605172216e-06 1.069869691764312e-06 7.01679663489504e-07 4.083321998862031e-08 9.260381151115441e-08 0.0 0.0 1.4886800684402256e-06 0.0 1.58325726835384e-05 7.267920079500363e-06 1.341023086169692e-06 4.7255670285142555e-07 4.3644530876943706e-08 0.0 6.660010769846246e-08 0.0 0.0 7.668843142387945e-06 1.1573936100649608e-07 7.552096657585313e-07 3.513139171589313e-06 1.2335277765171508e-07 4.210348184484708e-08 1.056142919852747e-06 0.0 4.315469467482457e-07 0.0 0.0 1.0321682597480166e-07 0.0 2.4514815783508923e-06 4.238083826132744e-07 0.0 0.0 0.00017683049462458825 3.6156274111349003e-07 3.830095640827052e-07 5.112788190528282e-07 7.136693794399779e-05 0.0 1.2352237543789522e-06 6.998991345320548e-07 5.837391862749375e-07 1.7484824815153627e-06 6.522385113846431e-06 1.0805453957203248e-07 3.3389577587444132e-06 1.5486167790211655e-06 4.251412048463574e-06 0.0 0.0 0.0 0.0 0.0 0.0 0.0 0.0 0.0 0.0 0.0 0.0 0.0 2.953562140049494e-07 0.0 0.0 0.0 0.0 0.0 0.0 2.726844174225489e-07 0.0 0.0 0.0 0.0 1.6583587930901434e-06 0.0 8.378498160031329e-07 4.392424952035591e-06 1.090936429322723e-06 0.0 0.0 0.0 0.0 0.0 0.0 0.0 1.9575361479884595e-07 1.2529889920616153e-06 0.0 0.0 0.0 1.6695672061183546e-06 0.0 0.0 0.0 0.0 0.0 7.357171005771452e-07 0.0 0.0 0.0 9.635358869748448e-07 6.450953588562062e-07 4.915636632980662e-07 0.0 0.0 0.0 0.0 0.0 0.0 0.0 3.913375444303085e-06 0.0 0.0 0.0 0.0 5.295499417345791e-07 0.0 0.0 8.271243927945543e-07 1.409180441027784e-06 0.0 0.0 3.2780347621759246e-07 0.0 0.0 0.0 0.0 0.0 0.0 0.0 0.0 9.75888785094447e-07 2.663831188820246e-06 8.856568515734226e-06 0.00010663901926279228 2.596513078251742e-06 8.726259270278088e-05 4.5539962693184275e-06 0.00023980172069624735 1.3241903040668182e-05 2.22002292467022e-07 4.3352467356223833e-07 1.3623016520673091e-05 0.0 2.5957380950119815e-06 1.0732125738128955e-06 2.2606483110752415e-06 0.0 0.0 0.0 0.0 0.0 8.437285830286583e-05 2.4670244414133448e-06
7.973449104751396e-05 0.000873536712969081 0.0001859864442271046 3.362901918896609e-05 0.0 1.6711706446774921e-06 0.0011345287132012592 4.9861529898173215e-05 0.0005753240412501149 0.00012518227433447462 0.0004204572118674109 1.6542679823917404e-05 0.00032342517361021937 0.0005280575845607692 1.0145973017809665e-06 1.2304768161578565e-06 6.617645102005166e-07 5.519086788537787e-08 0.0 0.0 9.281935942038588e-08 0.0 0.0 0.0 1.0127908910327859e-07 0.0 5.107477956553351e-08 0.0 1.2969341207988157e-07 1.017423659842914e-07 0.00012526447059798803 2.755534397482551e-05 5.83124723609793e-07 0.0 0.0 0.0 1.2267168355857976e-07 0.0 0.0 0.0 3.3735831735153256e-08 4.672154257258804e-08 0.0 5.014021151255062e-08 0.0 0.0 1.1919166391714262e-05 6.11230776786912e-07 0.0 3.9642973882752017e-08 7.944254922794314e-08 0.0 4.2696640450953836e-08 0.0 3.2479144288016065e-07 1.7929123379147829e-06 5.441935729853452e-06 2.3480709274992036e-05 9.751013092770617e-06 6.259002330958373e-06 0.0 0.0 0.0 4.2637680342697245e-06 1.3916508750150477e-06 5.903434837025126e-07 3.22474833501103e-07 8.840825520371838e-08 8.991278345753517e-08 0.0 6.327718312544813e-07 4.778466141756123e-07 0.0 4.790603420235653e-06 1.944735185142397e-05 1.0898125358727232e-05 8.463448206300604e-06 4.964876201866352e-07 8.943158690886536e-08 1.9700911705690142e-06 0.0 0.0 3.661751279319048e-06 0.0 8.390805769907889e-07 1.8142181250135156e-06 0.0 0.0 5.194749965930625e-07 5.604509087824363e-08 3.59877017501103e-07 8.99240223757327e-08 0.0 1.297172201972817e-07 0.0 2.854868240147613e-06 2.690934607899621e-07 0.0 0.0 1.7600852345022362e-05 1.0684558801977622e-07 2.3547803578823404e-07 2.4147706187947213e-07 2.1482658391937945e-07 3.1840209343116763e-07 6.734249057631676e-07 2.691715039422615e-07 9.07937398818153e-07 6.972647607988884e-07 3.2362001503372635e-06 3.014739024660399e-07 3.1485663958203916e-06 1.963978633686326e-06 2.645457259544446e-06 3.642294035054643e-07 8.708107492713355e-08 1.517241305955576e-07 0.0 0.0 0.0 0.0 0.0 0.0 0.0 0.0 0.0 0.0 0.0 0.0 0.0 0.0 2.645704858096521e-07 0.0 0.0 9.907320931543258e-08 0.0 0.0 0.0 0.0 4.170743338803117e-07 5.084347434737688e-07 0.0 5.191122635241931e-07 5.660511048905708e-07 0.0 0.0 0.0 0.0 0.0 0.0 0.0 0.0 1.808813861690773e-07 0.0 0.0 0.0 1.0841476532204695e-07 0.0 0.0 1.2259880176616043e-07 0.0 2.0179043000000845e-07 7.855909265789167e-08 0.0 0.0 0.0 0.0 0.0 0.0 0.0 0.0 0.0 0.0 0.0 0.0 0.0 3.186450523021881e-06 1.2399045828508827e-07 0.0 0.0 0.0 2.1047089177546134e-07 0.0 1.285042191131423e-07 0.0 4.0123281621122836e-07 6.365442864714559e-08 8.264315315834108e-08 1.8157425390120632e-07 0.0 0.0 0.0 0.0 0.0 5.500925844423987e-08 0.0 0.0 6.198233095963216e-07 3.4423671461551967e-06 3.318208863791935e-06 0.00010132845149166228 1.5231089439741116e-06 0.00010160016868067685 1.2132438392296514e-05 1.9734227660962078e-05 1.3979830849822803e-05 0.0 1.3950864235255085e-06 3.6882261732284377e-06 0.0 1.0957459592214044e-06 1.464142813587579e-07 1.090505000934009e-06 0.0 0.0 0.0 1.5776622779482857e-07 0.0 1.724298183796445e-05 1.605950377472559e-06
8.1695506238985e-05 3.3236743480811494e-05 8.035992290986113e-06 0.00028831647976506843 1.6711706446774921e-06 0.0 8.40014369046519e-06 1.6393076953543702e-06 1.7426511621245625e-07 0.0004894020296998076 1.168735559830537e-06 0.00016820667398741623 0.00010027384867529875 8.161330865171153e-06 0.0 4.0396202463389114e-07 9.131304441659161e-08 0.0 0.0 0.0 0.0 3.2047852383524638e-06 0.0 0.0 0.0 0.0 0.0 0.0 0.0 0.0 4.464622917742903e-05 1.1323588529398538e-06 1.1612069691404972e-05 0.0 0.0 0.0 5.34645527044157e-06 1.2270652844363263e-07 1.0301067415331658e-06 0.0 0.0 0.0 1.0469390414091754e-07 0.0 4.5300016680405903e-08 0.0 4.2486007408357426e-07 0.0 0.0 0.0 0.0 3.491932764306844e-06 1.9097959329547353e-06 1.441627742366339e-07 8.891433257187337e-08 8.560222761770053e-07 0.00012988954309996623 2.973234119382311e-05 8.626177031082512e-06 3.2305662276930583e-07 2.6807888024711335e-07 2.2753547240903152e-06 0.0 4.41475997885217e-07 4.218555170558109e-08 4.456537551632247e-08 0.0 0.0 0.0 0.0 1.9450099315345036e-05 5.167786721951672e-05 2.962918280239775e-06 1.475660882124655e-06 2.047196761683211e-07 1.264792445000198e-07 1.1160830702534428e-07 0.0 0.0 1.0860958497524443e-05 1.694914289095814e-07 2.4836918581755602e-06 9.276487463174887e-07 3.384870542633781e-07 0.0 6.53362148885969e-07 0.0 2.3403639070004673e-06 2.2518586488796343e-06 5.357143090388305e-06 1.0408238570064478e-07 0.0 0.0 0.0 0.0 0.00023630206005244 2.442891818264441e-05 6.016428057870578e-06 4.108983990002029e-06 0.00028955766441733747 3.4545202738895473e-07 2.506482708386932e-06 1.2168313544122359e-06 3.4064179257176023e-06 4.672893736993993e-08 3.7356158820407657e-06 1.0310799770727952e-05 1.8904170741943592e-06 1.3047278296461382e-05 1.657663089381499e-05 4.787966076193673e-07 1.6153722909291625e-05 1.7412717096296594e-05 2.798687787634262e-05 3.4239966566991523e-06 0.0 5.285668119039248e-08 0.0 1.6602266902088986e-07 0.0 0.0 0.0 7.939767180697682e-08 0.0 0.0 1.6368424368544702e-07 1.4604724770007025e-07 1.1021643400970382e-06 2.0140652003131486e-07 1.1046346719235165e-06 0.0 1.8477284349923918e-06 1.928765391214806e-06 4.3415513220437056e-07 1.8119996434215404e-06 0.0 0.0 0.0 0.0 2.4114593602644425e-06 1.7374373474385574e-06 1.2106228547095917e-06 2.0551712159411173e-06 1.9464759765195086e-06 0.0 0.0 0.0 0.0 0.0 0.0 0.0 4.4915842611806855e-07 3.317263705658794e-07 0.0 0.0 0.0 3.470078386276168e-06 0.0 0.0 1.2739949899022714e-07 0.0 4.289883664274434e-08 1.0265737434180952e-06 4.4631999119131034e-07 0.0 0.0 0.0 0.0 0.0 0.0 5.3698387151938186e-08 0.0 2.3837232295425082e-07 0.0 0.0 0.0 1.0994590438014917e-05 1.2765776978687543e-06 0.0 0.0 0.0 7.079335427289849e-07 0.0 4.888788888693679e-07 8.908899814179426e-07 8.483162028513866e-07 0.0 0.0 3.0388749845974903e-07 0.0 0.0 0.0 0.0 0.0 0.0 0.0 0.0 1.4951516690333449e-05 5.707711264405646e-06 7.03830218585804e-06 0.0001566674521858279 9.591051611133519e-07 4.23551872156613e-06 1.102279350715112e-07 0.00023863865117165322 4.3587041218271656e-07 0.0 0.0 5.915709211395815e-05 0.0 3.5709069111593135e-06 3.607905977628362e-07 2.4683719260819175e-05 0.0 3.406083307876936e-07 1.6491384067722364e-07 0.0 4.600219703166918e-07 0.00016982061839188414 6.097993285634679e-06
0.0008883082697895462 0.003948715162311926 0.00016175259323099992 0.0008583006923439389 0.0011345287132012592 8.40014369046519e-06 0.0 4.6560786160017085e-05 0.0007778029752529939 0.0010371515039287594 0.0007345763364382292 0.00019022193094367482 0.002382433831887467 0.0008449370007404514 1.9431699249960075e-06 5.3771128188889385e-06 2.719829090588228e-06 1.4981279719359173e-07 5.295760648017679e-08 9.19335813795608e-08 1.0811283065980026e-07 4.759110618341709e-08 7.545407985128698e-08 0.0 2.3413460847672653e-07 0.0 4.643465117137406e-07 1.5211186838263358e-07 3.6323625744135964e-07 2.091368025149308e-07 0.00024197738591922072 3.399417856649038e-05 1.1822969888988427e-06 7.070778720773779e-08 0.0 6.43525718563978e-08 2.76738024921558e-07 0.0 9.986547316628855e-08 2.1139176901976665e-07 0.0 9.543315618437789e-08 7.199364073986264e-08 2.3781548297587898e-07 0.0 0.0 3.76608607768918e-05 2.224542645678856e-06 3.6409940114214196e-07 0.0 8.507733459850573e-07 0.0 2.81982475196592e-07 5.417382567057119e-08 1.2522793458342603e-06 9.615225637322413e-06 4.6921345742093504e-05 0.00015398640734012872 6.706863752985469e-05 2.2670870566619778e-05 4.2178538385870354e-08 0.0 0.0 1.15327244744039e-05 5.540931372048511e-06 4.557292092676454e-06 2.3279775920915973e-06 4.291673087855859e-07 1.2387096775010043e-07 0.0 1.9160082996016743e-06 7.793575688802351e-07 3.8246273381679824e-08 2.1874692165016215e-05 6.093894306097971e-05 3.0237563214115264e-05 2.1902462628725853e-05 1.6566981394058157e-06 2.514377952236166e-07 3.3877231020147404e-06 9.843635358670225e-08 1.055711755563938e-07 1.7529357631390252e-05 3.183471019619713e-07 3.9363034536591674e-06 8.365979857119107e-06 9.077669402619109e-07 1.2670762570835932e-07 2.9907334876901824e-06 0.0 1.4213122679635895e-06 1.8573832037053627e-07 9.410803001816854e-08 6.492238207456937e-07 1.1555225111424138e-07 9.894242058649057e-06 2.3605412636736647e-06 3.7500686743738223e-07 3.3243593528091806e-07 7.936014719147747e-05 1.5761779386650173e-06 4.5988563281613213e-07 1.274172933245463e-05 8.650674299253178e-06 1.162099244365045e-06 5.473285833025658e-06 3.6688483545652198e-06 2.9744360520720187e-06 9.52472306660818e-06 1.5002834360299653e-05 7.075339758745399e-07 1.282945869765825e-05 1.0774700941530801e-05 1.5199538467397632e-05 2.115628473956635e-06 1.3922660680305477e-07 5.520407940163444e-07 0.0 0.0 0.0 0.0 0.0 0.0 0.0 0.0 7.283445006592695e-08 0.0 7.569663572541468e-07 0.0 0.0 0.0 4.1671711104403665e-07 0.0 0.0 8.618690568239975e-07 0.0 0.0 0.0 2.406699269215958e-07 3.3132622269164262e-06 6.042568275250436e-07 3.6706437155037774e-06 2.4843936009687083e-06 1.6904257155735552e-06 0.0 0.0 0.0 0.0 2.038755607027e-07 1.5388442869602288e-07 0.0 1.1152443182982466e-06 1.4154237464895698e-06 0.0 0.0 1.0927786337593207e-07 2.955533564331176e-07 0.0 0.0 5.35788294508015e-07 9.316799737948824e-08 3.777236077361148e-08 9.240977307199816e-07 1.84764880724066e-07 7.986842564975658e-07 2.595022716838531e-07 1.178471436558907e-06 4.067498175886611e-07 1.014439233096831e-07 7.760917094497488e-08 3.828873477758539e-08 0.0 0.0 0.0 0.0 0.0 1.1442554839116122e-05 4.000544872060308e-07 0.0 0.0 3.756547273288385e-08 1.292780057520965e-06 0.0 9.04512864251896e-07 1.6179574449172389e-06 9.246668203692756e-07 5.00163059444524e-07 2.8349835648584945e-07 1.8845837006931832e-07 3.6036236465692846e-08 3.7644122336817975e-08 0.0 0.0 0.0 0.0 1.0596607338535019e-07 0.0 3.1824010335251003e-06 1.4574462875822908e-05 1.2610727174923662e-05 0.0004098316785139627 1.2796895234747716e-05 0.0003848941152567236 3.8525066622283924e-05 8.746911140142102e-05 4.9552142075756e-05 1.3380793210275663e-06 6.396477952127965e-06 1.0028590071797914e-05 1.5001529987169223e-07 4.75705123574955e-06 1.8399832064104243e-06 5.193102800904431e-06 1.4541659016788577e-07 1.683141660854835e-07 8.459593394299541e-08 4.087750530411964e-07 0.0 9.33324835902507e-05 4.840504367015368e-06
2.1767785504708435e-05 6.470682490879925e-05 0.0010471728797171213 1.6901026366164108e-06 4.9861529898173215e-05 1.6393076953543702e-06 4.6560786160017085e-05 0.0 9.710245359124968e-05 7.606921649286897e-06 0.0010947191729264699 3.4507357418077618e-06 0.0002278191611228603 0.0015797989819989963 2.9145201923416365e-06 1.7353142704701952e-05 4.1600102827812225e-06 1.2586671954566298e-06 5.483905518457288e-07 6.227717988662618e-06 9.419983189520762e-06 7.153516786873443e-07 2.1126210304147202e-05 1.4105124934585499e-05 2.322995827972371e-05 2.065288752898245e-06 1.4581033727116782e-05 1.7765049878285725e-06 3.279316549873703e-06 2.7428395838876117e-06 0.0007407888401171534 0.0014302332514993963 0.00012833368277132662 1.5261624119783105e-05 2.9839846858800337e-05 1.3157386509502925e-05 5.154559653471164e-05 1.7807189538557125e-05 1.1983630840855287e-05 1.9441943157091705e-05 4.037029579509846e-06 1.4272650635294077e-06 2.4453693218705723e-06 2.4142189551744957e-05 2.8598294579462956e-06 6.536310772549737e-06 2.67280370466099e-05 3.260325624529962e-06 1.8310424627664509e-06 7.413337752151812e-07 2.776464284990956e-06 4.172193671147946e-06 5.806019588227085e-06 1.5686315870933126e-06 6.327040749565227e-07 5.9210641056429e-06 2.3991642220983534e-05 0.00014433705882450852 2.9771362769972828e-05 2.0888611024439576e-05 6.927777138066875e-05 3.326723146081712e-05 2.8255531441244435e-06 0.000279015122969124 4.432892507772439e-06 2.8853989945564395e-06 8.645022502588212e-07 9.842595946215282e-07 9.608228991771141e-06 1.6087610786487552e-06 7.85928603446401e-05 6.730040022447585e-06 1.8397123768481498e-07 1.3753541387725595e-05 6.8931531510657e-05 1.8599521246786344e-05 6.657949482148226e-05 0.00010426931345525848 0.00019383567475189778 0.0011872937212421234 4.978868036180775e-05 0.00019035291289919325 1.2033731287399361e-05 1.728341577150099e-07 4.490139266262342e-06 4.879636558639055e-06 4.4332688403561935e-06 2.466352036533147e-07 3.2323663456904063e-06 2.404404990951126e-07 2.2150634675375736e-06 7.919396144239523e-07 1.4067585059980491e-05 7.536703425051994e-06 1.1799742334911217e-06 3.1710425217610105e-05 9.34249502197937e-06 9.779779914129634e-07 2.2270277318867172e-05 4.1063900209459984e-05 3.0802434959684957e-07 0.0 4.0455239877926663e-07 4.4966991916453107e-07 0.0 4.883442528460077e-07 0.0 1.4705828082690538e-07 1.0238932532767517e-06 1.388474470461169e-06 9.321140105777244e-08 1.5725552085314627e-06 1.3190685653674704e-06 2.056916156621187e-06 4.1396631815996755e-07 6.551141615746174e-08 1.2384746937950289e-07 0.0 0.0 0.0 5.4040787788582786e-08 0.0 8.601145074720598e-08 0.0 0.0 3.8092034472221854e-07 0.0 1.9598196014176624e-07 0.0 5.102080863053966e-08 2.3666718962906136e-07 2.388059586964955e-07 2.0151890921329024e-07 0.0 5.109216125190168e-07 0.0 0.0 3.7341001507341707e-07 7.823893184167793e-08 1.1910340528268655e-06 5.222103282209403e-07 7.576477643545773e-07 1.3750838716452689e-06 6.114670060010829e-07 0.0 0.0 6.388541498912005e-08 0.0 0.0 0.0 0.0 9.956863237172386e-07 3.9496017935747723e-07 0.0 0.0 0.0 9.039592521612572e-07 1.6310255875300929e-07 0.0 0.0 0.0 0.0 4.0383330364418407e-07 5.0849903386803016e-08 0.0 1.037985272097027e-07 9.904100542943396e-07 3.5592033466738496e-07 0.0 0.0 0.0 9.776772435700444e-08 0.0 0.0 1.4288406118343352e-07 1.0970106228117348e-07 3.6965963045730454e-06 5.491164646709622e-07 0.0 1.1835971788171912e-07 6.404433792233278e-08 9.670175192885565e-08 0.0 1.3509032625216967e-07 4.24722716048812e-07 3.5188539348885196e-07 9.646409461889966e-08 0.0 0.0 8.154621257091166e-08 0.0 0.0 0.0 0.0 1.9622118900918413e-07 2.8843696602843057e-07 0.0 1.3070853125611757e-06 7.049587996461002e-06 5.420788383135018e-06 0.00011993642830448235 6.832626327830897e-06 0.00017296248853134196 2.3236423908398478e-05 1.9588202454192384e-05 1.2318086563305507e-05 2.919245259177972e-07 2.0066819125003345e-06 2.1377341022911647e-06 5.104307779540452e-08 1.8908952319638703e-06 2.3335212610384925e-07 3.807929377110532e-07 0.0 0.0 1.9327483177539403e-07 1.537942173851179e-07 0.0 4.480710799215492e-05 2.1944944539651233e-06
2.125801116174154e-05 0.0006845492769357769 0.00036908724844729587 1.1400266255842499e-05 0.0005753240412501149 1.7426511621245625e-07 0.0007778029752529939 9.710245359124968e-05 0.0 5.6292265559751925e-05 0.0007129764797876256 3.5630386641893005e-06 0.0002939013417697038 0.00025848808130133754 2.845745636004566e-07 3.1509231516455667e-07 1.4767787224700324e-07 0.0 0.0 0.0 0.0 0.0 0.0 0.0 0.0 0.0 1.048120904788416e-07 0.0 0.0 0.0 3.3619578983493566e-05 4.222253009400569e-06 1.654328817641931e-07 0.0 0.0 0.0 0.0 0.0 0.0 0.0 0.0 0.0 0.0 5.8166843434487456e-08 0.0 0.0 2.253664192336768e-06 1.1375921490694997e-07 0.0 0.0 4.468131211431142e-08 0.0 0.0 0.0 4.6124790903570435e-08 2.7813857280396845e-07 1.0199505155701387e-06 3.693293021207812e-06 6.196280973798079e-07 6.45241869093864e-07 0.0 0.0 0.0 5.048242662716292e-07 1.5641805972699408e-07 3.904029137758666e-08 3.690128103369573e-08 0.0 0.0 0.0 3.981750740272021e-07 0.0 0.0 5.646846324169453e-07 3.7095361337577746e-06 1.6457538295435223e-06 1.5262803371507725e-06 1.4164607494404382e-07 0.0 1.493664540072556e-06 0.0 0.0 2.8792556427576255e-07 0.0 4.434072757207815e-08 2.0792819983538917e-07 0.0 0.0 1.3848861711300997e-07 0.0 4.092444531274239e-08 0.0 0.0 0.0 0.0 1.0057388953581252e-06 0.0 0.0 0.0 5.5314923207903906e-06 0.0 1.3712230114303227e-07 1.1899692248316404e-07 0.0 0.0 5.840635335637263e-07 4.6323300782360047e-07 8.964768258086358e-08 3.1146163921039094e-07 4.2892227624123393e-07 0.0 8.557372960765886e-07 1.0834257508012073e-06 1.2773900104889741e-06 0.0 0.0 0.0 0.0 0.0 0.0 0.0 0.0 0.0 0.0 0.0 0.0 0.0 0.0 0.0 0.0 0.0 0.0 0.0 0.0 0.0 0.0 0.0 0.0 0.0 1.9187676512789746e-07 0.0 6.195427670264143e-07 5.7801433501144275e-08 1.8994170838134058e-07 0.0 0.0 0.0 9.797786310891368e-08 0.0 0.0 0.0 0.0 0.0 0.0 0.0 0.0 3.2958267489403663e-07 0.0 0.0 0.0 0.0 0.0 6.079056839862788e-08 0.0 0.0 0.0 0.0 0.0 1.3449712199916568e-07 0.0 0.0 0.0 0.0 0.0 0.0 0.0 1.1376685782779326e-06 0.0 0.0 0.0 0.0 0.0 0.0 0.0 0.0 9.624069870383663e-08 0.0 0.0 6.217580174701639e-08 0.0 0.0 0.0 0.0 0.0 0.0 0.0 0.0 1.3511422240287167e-07 4.802146056584918e-07 1.0987230792034375e-06 1.7097952072645696e-05 1.8256441661452748e-07 1.5598038785349104e-05 1.7553207681986518e-06 2.9959681336637885e-06 1.8919390949912945e-06 4.6128749141659165e-08 7.280088655448935e-08 8.373077330145385e-07 0.0 0.0 7.75001237679756e-08 6.164899090603918e-08 0.0 2.1265424808001504e-07 0.0 0.0 0.0 2.044763244079352e-06 2.9739683898283787e-07
0.001463872681718566 0.0005218624695815329 7.12878812316897e-05 0.0016045386456079917 0.00012518227433447462 0.0004894020296998076 0.0010371515039287594 7.606921649286897e-06 5.6292265559751925e-05 0.0 4.698950436528327e-05 0.0012543771077865903 0.005940547647397808 0.00033631856110046107 9.661633354216022e-07 2.4712656641809706e-06 2.071859897636458e-06 1.1703918574966715e-07 1.5129278045866726e-07 4.733072976060926e-08 1.463062058085712e-07 1.0913907072439953e-07 1.2036016054807105e-07 0.0 6.531366075667357e-08 0.0 7.769401874545482e-07 3.000092565584349e-07 1.0052321137235555e-06 0.0 0.00010719078824583808 6.559478617224868e-06 1.8298782373483016e-05 4.245736593663871e-08 0.0 5.076080064340233e-08 1.6663401315522503e-05 3.369288674297642e-06 5.550414938812912e-07 7.286829071924062e-07 0.0 0.0 0.0 2.0817061420413546e-07 5.753804438311898e-08 0.0 2.9644070560754057e-05 2.1667271007654806e-06 8.3486283955179e-08 0.0 8.554921754989349e-07 0.0 2.142585702326633e-07 0.0 1.3462627206970679e-06 9.296595974545577e-06 9.514813512239167e-05 0.00018110475891181901 0.00011118932427294245 1.7588829239214287e-05 0.0 3.0881606242444607e-06 0.0 5.212112819693189e-06 4.4784699825967e-06 2.9373748601758346e-06 1.8969866636775732e-06 3.1350949922149095e-07 5.8828684318468045e-08 0.0 2.649611302607242e-05 6.11677901839388e-06 0.0 2.7552561894253876e-05 3.454214690083916e-05 1.6332544867221646e-05 1.29706211013397e-05 9.895193300861505e-07 5.1029758682890155e-08 2.40409331067632e-06 5.856188472512084e-08 1.5199957701543798e-07 1.7248527890331482e-05 3.16563067974913e-07 3.3189558752651688e-06 7.0968128384619995e-06 4.366803837692067e-07 7.810052718877189e-08 2.8389919591057936e-06 8.547350206330368e-08 7.12415781114006e-07 0.0 4.478805086250772e-08 3.0855465242546516e-07 7.323091619185251e-08 0.00011117144151080187 2.7200429860797792e-05 3.33262075650507e-07 1.1875845461473288e-06 0.0003139025556937388 3.565763011217408e-06 5.575910527449539e-06 5.513967847667189e-06 2.952053859946774e-05 2.7289509154735282e-06 1.2595104018968973e-05 1.450683806375189e-05 9.254210610068339e-06 4.496788178967271e-05 4.8644660177543834e-05 2.611603381672553e-06 5.0821002415734035e-05 3.489235789114614e-05 6.080858829708972e-05 8.018143281465546e-06 2.010528002683533e-06 1.4883727083181931e-06 4.313765077549593e-07 4.694273178621905e-07 0.0 0.0 0.0 0.0 0.0 0.0 0.0 0.0 4.248160104815758e-06 0.0 0.0 0.0 1.278164299243798e-06 6.28897844296088e-08 0.0 2.6962182101705106e-06 4.4520260731490554e-07 0.0 1.631567311864495e-06 1.1362837264071855e-06 1.0495791819757088e-05 4.132870518990171e-06 7.629399906285518e-06 1.3799897184534095e-05 7.402274391921038e-06 0.0 0.0 0.0 0.0 0.0 1.4746555157340624e-06 0.0 4.440349492500839e-06 5.011703893037965e-06 0.0 0.0 0.0 2.238880133949499e-06 0.0 1.9083532464651927e-07 1.6208992407217983e-06 3.449162371511931e-08 4.3130147729787736e-07 4.502724141913687e-06 3.9286476180044476e-07 3.739815859576248e-07 1.3425024792855963e-06 6.776842307860395e-07 2.6417651265641402e-06 1.4141336804009286e-06 0.0 5.968157507403315e-07 7.899919395708029e-08 0.0 0.0 0.0 0.0 3.563573238915399e-05 0.0 5.6579909489192704e-08 0.0 1.1759746686579449e-07 3.988316687784934e-06 0.0 2.2105096939436012e-06 3.373928358612702e-06 4.473929593325093e-06 2.0153210833967468e-06 6.353275129973089e-07 1.22903639245022e-06 4.366363997232291e-07 4.192060407206452e-08 0.0 0.0 4.1317155351124166e-08 0.0 4.55863009778867e-08 0.0 2.084581457378733e-05 5.241199411913494e-05 4.973939263544547e-05 0.0007223172857407269 1.3295110841052588e-05 0.00034895860975219206 4.857845853465333e-05 0.000491888467505775 6.764157919038638e-05 1.0685991495057164e-06 6.911797379095569e-06 0.00010788049269689616 8.142418406843757e-07 1.690089713653755e-05 3.6213135244851067e-06 3.799310701997027e-05 3.245147216076504e-07 0.0 2.2051999099166547e-07 1.3820986129308012e-06 2.410206776799416e-07 0.0003435900329226488 2.2464636401392566e-05
5.3163355102618594e-05 0.00022654574878625677 0.000995444644468949 6.358115212318242e-05 0.0004204572118674109 1.168735559830537e-06 0.0007345763364382292 0.0010947191729264699 0.0007129764797876256 4.698950436528327e-05 0.0 8.127790891230062e-06 0.0014576664130112845 0.0028178514476580874 1.3537011369197702e-06 3.658945615604011e-06 2.9837200016943236e-07 0.0 0.0 0.0 0.0 0.0 0.0 1.1695171325259625e-07 0.0 4.538574481390394e-08 6.036440896605159e-08 0.0 0.0 1.4220407891829509e-07 0.00026491485880633984 0.00014815503416098084 3.085600385637092e-05 0.0 2.055789529248092e-07 0.0 2.7518055865682187e-05 6.065082368323878e-08 1.4848639617475248e-07 1.456297872619097e-07 0.0 0.0 0.0 2.1308931517853733e-07 6.945096510225377e-08 0.0 4.920692069235729e-06 9.461631473985408e-08 0.0 0.0 0.0 0.0 0.0 8.426854787504811e-08 1.7112900482686455e-07 6.369344957119675e-07 1.7188700318221336e-06 1.1424745121792598e-05 2.8192676739715843e-06 3.099543066068376e-06 1.9815775862433508e-07 1.7634186744901268e-06 0.0 4.7322594864028525e-06 1.5617696911826761e-07 1.8677641232595312e-07 7.351950891813632e-08 5.1166813491835134e-08 0.0 0.0 1.8719217603633857e-05 5.316912768097365e-08 0.0 2.019963477181206e-06 6.390160020510188e-06 5.811907715181494e-06 6.6595979849545604e-06 1.218078923239552e-06 9.959635536266039e-08 0.00011980103012577378 6.261105143312754e-08 6.140379403285722e-07 1.4124863719130569e-06 0.0 2.022544893992596e-07 6.353534599978941e-07 0.0 0.0 1.1630662477990054e-07 0.0 6.263058178415837e-08 3.978444339875805e-08 1.185714347120756e-07 0.0 7.006063158269593e-08 1.3165710423364083e-05 1.2770544862313487e-06 9.866707908926397e-08 9.224216255609401e-07 2.974380509905612e-05 2.1522148174833578e-07 5.338636452540277e-08 0.0 5.38440496615044e-08 0.0 9.015074399330849e-08 7.025247244979965e-08 1.8713116370879219e-07 7.737471152621941e-07 1.0165047780201163e-06 5.591503634703874e-08 1.2922934485544805e-06 2.067522842468582e-06 1.4341085702614447e-06 4.773409476295321e-07 0.0 2.1944090486203986e-07 0.0 0.0 0.0 0.0 0.0 0.0 0.0 0.0 0.0 0.0 0.0 0.0 0.0 0.0 0.0 0.0 0.0 0.0 0.0 0.0 4.385599012838007e-08 0.0 3.8785063598737534e-07 0.0 0.0 4.778472923580853e-07 3.438642652785244e-07 0.0 0.0 0.0 0.0 0.0 0.0 0.0 5.3636317153177944e-08 1.2619296998401696e-07 0.0 0.0 0.0 4.901225907523897e-07 0.0 0.0 0.0 0.0 0.0 5.8844386851116544e-08 0.0 0.0 0.0 2.536833617281149e-07 0.0 0.0 0.0 0.0 0.0 0.0 0.0 0.0 0.0 5.996371821978699e-07 1.001839633060635e-06 8.97313337805375e-08 0.0 0.0 0.0 0.0 5.6174049883914935e-08 2.5604218470563603e-07 3.8405241961789765e-08 9.263905417631172e-08 4.759632623216507e-08 0.0 0.0 0.0 0.0 0.0 0.0 0.0 0.0 0.0 4.7366696907235456e-07 1.2439913299972837e-06 9.687871940659422e-07 4.140773267841409e-05 5.637238043560824e-07 3.0563971326633775e-05 4.830713684665881e-06 4.648390932506787e-06 3.7747321200738715e-06 4.4941010354646086e-08 1.2038014965041906e-06 1.1023411826979078e-06 0.0 4.270658104097433e-07 2.1785386005999474e-07 3.318606539560637e-07 0.0 0.0 0.0 6.711512859798265e-07 0.0 8.989314521680225e-06 5.745756955539401e-07
9.439958829294591e-06 2.6217154837144676e-05 1.2773507192700817e-05 2.09119199930185e-05 1.6542679823917404e-05 0.00016820667398741623 0.00019022193094367482 3.4507357418077618e-06 3.5630386641893005e-06 0.0012543771077865903 8.127790891230062e-06 0.0 0.0014119417847780662 0.00010185173896928017 7.804364463383307e-07 3.1024881028026393e-06 1.879117126095223e-07 0.0 0.0 0.0 0.0 0.0 0.0 0.0 0.0 6.231057747159231e-08 1.9031994183231384e-07 0.0 0.0 0.0 7.435784085666801e-06 1.62318824677e-06 1.393755900591849e-05 0.0 5.898547488948141e-08 0.0 5.3660834858116596e-05 1.2213002117353825e-07 7.840355411605957e-08 0.0 0.0 0.0 0.0 3.8173581023884e-07 0.0 0.0 1.7433180632931501e-06 5.723159067804609e-08 0.0 0.0 0.0 0.0 1.35161388689685e-07 0.0 0.0 8.82002585954865e-08 6.026545285080904e-06 2.7848735911548688e-06 7.841853216723912e-07 1.0431321162638042e-06 0.0 3.186079531125104e-06 0.0 8.665446945916141e-07 9.463728296814777e-08 8.440315405400574e-08 0.0 0.0 0.0 0.0 2.1461836602151074e-05 6.151715940633485e-07 0.0 5.640124394687704e-07 2.698502015732921e-06 4.800766030243307e-06 3.119976743111513e-06 5.112591485006131e-07 0.0 3.5433452924380954e-05 0.0 5.718456067982595e-07 2.789426657221934e-07 0.0 4.386285020493579e-08 3.67961008009907e-08 0.0 0.0 5.0718746809079225e-08 0.0 0.0 6.47463611178499e-08 0.0 0.0 0.0 0.0002000269210816025 4.1361464637765524e-05 0.0 3.911901805956726e-06 4.4102373064455785e-05 1.1507014260577466e-06 2.570710109930129e-06 3.1178980160164047e-06 2.4331891190051774e-06 8.808913448466308e-07 5.219978128959314e-06 1.2948551380810827e-05 6.345061342512002e-06 2.8512452038537977e-05 3.854731279089405e-05 1.6255574544166417e-06 4.380019094059768e-05 4.0449283055652415e-05 7.614056054891679e-05 7.2142029184316904e-06 1.043351355050726e-06 4.6544633457668096e-07 0.0 0.0 0.0 0.0 0.0 0.0 0.0 0.0 0.0 0.0 1.4312205106364082e-07 0.0 0.0 0.0 0.0 0.0 0.0 2.826582168649774e-06 5.319768959667149e-08 0.0 0.0 5.551669543783393e-08 5.345573144152522e-06 1.1158082628901237e-06 7.633672260237061e-07 1.420796092849668e-06 5.840676743894039e-07 0.0 0.0 0.0 0.0 5.4622890064080944e-08 0.0 0.0 8.201271570941114e-07 2.0986176947124404e-06 0.0 0.0 0.0 7.67447132656507e-08 0.0 0.0 8.069621517653271e-08 7.252176881987429e-08 0.0 7.453921234705171e-07 1.0617530278585663e-06 2.8075643214181434e-07 0.0 2.38523348974242e-07 9.347802230217115e-07 0.0 0.0 0.0 0.0 1.0625169580282108e-07 2.0453838625546379e-07 0.0 0.0 2.7874402356521657e-05 8.782876001815082e-07 0.0 0.0 0.0 3.412410838385104e-06 5.811137593336291e-08 2.2916789805210964e-06 9.200932197194403e-07 2.358396837651466e-06 4.409712768820085e-07 4.839559362125381e-07 3.023841309413191e-07 0.0 0.0 0.0 0.0 7.680931014622208e-08 0.0 0.0 0.0 2.695976725694271e-05 1.495701296149855e-05 1.425801658565309e-05 0.00012180386095627668 1.0838455718360532e-06 1.8955503589503127e-05 8.638923213087202e-06 0.00017614358741539267 2.278774319010193e-06 8.146636962666417e-08 1.6332096546220463e-06 3.797883149084164e-05 2.140465827814161e-07 2.5150553424096402e-06 9.308887272177365e-07 3.3169451933476685e-05 1.0829189039567842e-07 0.0 0.0 7.597686724432222e-08 0.0 0.00033429358755678013 1.822576247963658e-05
