0.0 0.0014169220438444829 9.937190273354825e-05 0.0008274030811726593 3.319962720800471e-05 4.8217004369985936e-05 0.0004032787828617491 0.0001065493567755159 4.329413443959655e-05 0.0009473601590487647 4.737107191374347e-05 1.336732713079596e-05 0.0001868413580735265 6.479045438787898e-05 2.0204934986857616e-06 1.3630691819513614e-06 9.532018189240726e-08 1.211447950508621e-07 0.0 1.5089929973813194e-07 1.8880327951064647e-07 0.0 0.0 0.0 0.0 3.726892422336902e-08 0.0 0.0 0.0 0.0 0.0004124000871309457 1.0310504115527281e-06 6.431816331425738e-06 3.708696532307405e-08 6.676235317935838e-08 5.113219964433433e-08 4.553217394581225e-06 2.379781758490628e-07 9.229222743087149e-08 5.4436107887357145e-08 0.0 0.0 0.0 3.0234604593264e-07 0.0 0.0 9.00583197894674e-06 5.788687829889611e-07 3.958660472328207e-08 4.371786067753539e-08 0.0 0.0 0.0 0.0 1.8555966603773125e-06 3.5706748689054374e-06 7.250070336558436e-05 0.00020598587307185228 1.57791327063827e-05 5.633092315156154e-06 1.1248920078524168e-07 6.890020549120929e-07 0.0 3.321928340636354e-06 2.0775913232277873e-06 1.2556515235451474e-06 6.596825687153058e-07 2.3050305791184116e-07 4.777145990425628e-08 4.3130832721026986e-08 1.2670655619908378e-06 0.0 0.0 1.1310618547653678e-05 4.0154020720257824e-06 4.846214822283548e-06 8.669492459444318e-07 7.497387227327443e-07 1.8781765485374564e-07 2.5298566757394827e-05 4.1042524085517266e-08 2.8669544402387986e-06 5.573098303275289e-06 1.013083258560046e-07 1.2868882150289093e-06 7.963716135861714e-07 2.5225084003942216e-07 0.0 1.7663654330695294e-07 0.0 4.549290498284397e-08 0.0 4.8787302354361616e-08 0.0 0.0 1.912507860036269e-06 3.50737481345239e-08 0.0 3.241641409867884e-07 0.0007916890599824349 6.023919960895636e-08 1.0508138322912284e-07 2.115598797210679e-06 3.8324796131037656e-06 3.105182045618476e-07 2.906306043331201e-06 4.695483096829675e-07 5.395768046350029e-07 3.2632618196110265e-06 3.7278826206380182e-06 7.251818371835443e-07 2.9754750740671965e-06 1.4302985287325948e-06 1.4284256055554852e-06 1.8351217248778123e-06 0.0 0.0 0.0 0.0 0.0 0.0 0.0 0.0 0.0 0.0 0.0 0.0 2.1627165462914329e-07 0.0 0.0 0.0 0.0 0.0 3.2420081670791414e-07 6.225955716508524e-07 3.543592246770989e-07 0.0 0.0 0.0 6.395518886746371e-07 0.0 8.72427539672782e-08 7.094447498268459e-07 1.7040278166385092e-07 0.0 0.0 0.0 0.0 0.0 0.0 0.0 0.0 0.0 0.0 0.0 0.0 0.0 0.0 0.0 0.0 0.0 0.0 1.443180969559371e-07 0.0 0.0 0.0 5.701118211853841e-08 3.75601929318665e-07 0.0 0.0 0.0 0.0 0.0 0.0 0.0 0.0 1.4599283446247765e-06 0.0 0.0 0.0 0.0 1.800730295206385e-06 0.0 1.5059544239855793e-07 0.0 0.0 3.7815597344319283e-08 0.0 0.0 0.0 0.0 0.0 0.0 0.0 0.0 0.0 0.0 1.3112309097498067e-06 5.7221321592595334e-08 1.269315139918423e-07 0.0002139590782873194 6.159550673151678e-07 5.453412144937299e-05 9.52177838272843e-06 0.0005465003321200586 1.179820178105996e-05 1.8003820345625872e-06 1.7931961296467089e-06 7.0059075751197274e-06 0.0 1.3494084511580323e-07 2.3094465552460308e-07 3.397036267142992e-06 4.568058887375369e-08 5.563220386000879e-08 0.0 2.8389876417816444e-07 0.0 0.00012715099924760445 1.1487571535199935e-06
0.0014169220438444829 0.0 0.0008920396503636663 0.0006645397010542937 0.0010521030846243951 3.154937095019177e-05 0.0017533452746704224 0.00048427783833068067 0.0013180511466252352 0.00029308426393289853 0.0005360573646721887 2.1721937309591736e-05 0.0009530776529614444 0.0006653361573307956 1.97455746009595e-05 6.153043182509227e-06 7.251397596567575e-07 9.263655214362161e-08 5.8050342940195054e-08 1.709046676984445e-07 2.0648998298828406e-07 5.8270801248142285e-08 1.9153991159189778e-07 2.506868355091139e-07 5.500310414787382e-07 4.066018762812593e-08 4.87270860720286e-08 5.028156530293191e-08 0.0 0.0 0.0007468249191591764 6.8390640870665244e-06 2.048689004746815e-05 5.581719261924806e-08 6.741843594957732e-08 3.130434679119846e-07 9.855973183392963e-06 1.5873287913282185e-06 1.380830454585988e-07 0.0 0.0 0.0 8.145932170185755e-08 1.216855209915417e-06 0.0 1.2954635440027251e-07 9.26474370878994e-05 6.0377645954701435e-06 1.265918281374149e-06 1.2941390050954747e-07 4.124492991675836e-07 0.0 0.0 0.0 6.8957596761918444e-06 1.1887328316641687e-05 7.1638968486684e-05 0.00021984882611871152 2.945650582523893e-05 2.100284909009001e-05 1.521752166232762e-07 7.546838016850165e-07 4.000590545979388e-08 3.1881990844604954e-05 8.096269931135678e-06 3.8838491084150375e-06 4.595320773278443e-06 7.385540850072562e-07 1.8723295844583436e-07 4.855998790846043e-08 4.430487766883999e-06 1.0655471418075796e-06 4.1593600601466615e-08 3.7902846847658056e-05 2.377278647737744e-05 4.512009153659262e-05 8.960854856951513e-06 3.605892194841382e-06 1.3325548232678198e-06 6.4052572865189e-05 2.386632760112283e-07 6.09190383489256e-06 1.5889670669351072e-05 6.636608802756307e-07 7.023142010109958e-06 4.686350314208226e-06 1.6062432744463252e-06 4.8240565750652534e-08 5.498062721143502e-07 0.0 4.3945420397732057e-07 3.937890644986028e-08 3.651279060532335e-07 3.6131448807339723e-07 1.242416744750108e-07 1.3237572870360511e-05 3.614679432149762e-08 0.0 8.435889959713334e-07 0.0006857329476317902 1.8128213628471295e-06 6.841156282578223e-07 1.7155031722152826e-05 2.968978906440458e-06 7.2426704947452925e-06 2.046785130839195e-05 3.7152817951005847e-06 4.547829237713681e-06 2.1967466768260723e-05 1.6163372437481033e-05 5.436291310324092e-06 2.514423755922203e-05 1.1907258264198928e-05 1.4478565869964792e-05 1.3414371017686812e-05 1.3356718209553586e-07 0.0 0.0 0.0 0.0 0.0 0.0 0.0 0.0 0.0 0.0 0.0 4.144415353043395e-08 0.0 0.0 0.0 0.0 0.0 0.0 9.184260715560627e-06 3.3156170607735568e-06 0.0 0.0 0.0 5.426163348890541e-06 4.598113818447657e-07 2.919633910935329e-06 1.142751537369817e-06 9.241434200008862e-07 0.0 5.045830707468279e-08 0.0 0.0 0.0 7.711109899139283e-08 0.0 0.0 2.008636820932948e-07 0.0 0.0 0.0 0.0 0.0 0.0 5.0350253647989187e-08 0.0 2.124164015112361e-07 8.946926860857917e-07 1.0814270076600529e-07 0.0 0.0 5.249884496302649e-06 1.9944009536580725e-06 0.0 0.0 0.0 0.0 0.0 0.0 0.0 0.0 1.3463508814123851e-05 2.1431513042981093e-07 0.0 0.0 0.0 1.1509646469954001e-05 5.271926082409269e-07 5.11508710490833e-06 5.499365964470742e-08 9.152891073866386e-07 1.3970857632453596e-07 0.0 9.225332981318658e-08 0.0 0.0 4.894883711979205e-08 6.952321836100417e-08 0.0 0.0 0.0 0.0 2.0491556849747083e-05 3.2931708961593146e-06 5.023393817107988e-06 0.0002556488203788708 3.91511415072178e-06 0.0002596176987677018 2.48629719098301e-05 0.0004246497028031688 2.9393651695768566e-05 2.457826778317432e-06 3.829676684534675e-05 2.3240025155760522e-05 4.873896311909025e-08 1.950044753641412e-06 7.873861369354352e-07 1.3190341103359313e-05 9.142521136355223e-07 2.50038693854909e-07 0.0 1.1337505997817255e-06 0.0 0.0001593636927553654 1.2420375154852035e-05
9.937190273354825e-05 0.0008920396503636663 0.0 1.1853580659856424e-07 0.000947553309431381 5.701295617308981e-07 6.443124711187532e-05 0.0026829107064699612 0.0008883518143697923 1.516352117890254e-06 0.0015781399414728774 3.4118901448462665e-06 0.00032303830855111775 0.0010711018640480988 2.169562890875612e-05 1.5094899409945802e-05 7.659516393371149e-07 4.76308340511215e-08 0.0 1.9294293827370533e-07 2.63877834285198e-07 0.0 1.4835312920704732e-06 8.801371369509128e-07 5.891592343149075e-07 2.18240128015036e-07 1.4007166307810116e-07 0.0 1.228724379343821e-07 2.9254270358637916e-07 0.0015581790438286118 8.443717071080573e-05 6.933487363188845e-05 1.4084732139574188e-07 3.849909485538225e-07 6.942001876833936e-07 3.362107510744063e-05 7.76044528854877e-06 1.0238857358485194e-06 1.3775048814087235e-07 1.6023549266120063e-07 0.0 6.050434833633204e-07 2.4524446263417544e-06 4.024409854209509e-08 7.924536048755778e-08 5.3806713390145933e-05 2.7052816517483403e-06 5.743524781321662e-07 1.1777194453174665e-07 4.5611910628226227e-07 9.866155939104129e-08 0.0 5.1526248670730385e-08 2.887376947636243e-06 5.097478156267941e-06 1.8755964326209918e-05 8.615576589880014e-05 1.1186737876543511e-05 8.093437708447523e-06 7.293208755469142e-07 5.347427570279292e-06 0.0 4.822847430211522e-05 3.18069653879732e-06 2.389338952210674e-06 1.4815150075104397e-06 5.129581318155854e-07 6.414407171684138e-07 3.9764430607419046e-07 9.620129750931915e-06 2.6311690396760653e-07 3.802527801116463e-08 1.545031236473771e-05 1.4962882727866422e-05 2.9346994387137627e-05 1.1105538285892678e-05 5.418728911859407e-06 4.575343484896595e-06 0.0004450148811256939 4.310873350700322e-07 4.4850841280507334e-05 6.669836045198138e-06 4.1052616112823746e-07 3.956816964753076e-06 1.31992770144033e-06 7.433821421503599e-07 8.168264250511214e-08 5.302493348201138e-07 0.0 2.838756477972094e-07 0.0 6.405438010102422e-07 1.605571655713672e-07 4.2638178522357673e-07 3.879348209669582e-06 1.0658841775453833e-07 0.0 1.8620794533409964e-06 9.832138412494136e-05 4.722742276058756e-07 4.388151922980677e-08 2.5729019550548945e-06 1.103921805838721e-07 7.361779282297182e-07 3.373402279513806e-06 2.2693354646260107e-07 4.1135393590530005e-07 2.4412066832979064e-06 1.6828608988686698e-06 6.645576319557453e-07 2.7753132227285993e-06 2.854129506134785e-06 2.7628179632479453e-06 3.133807255508866e-06 1.313030089045792e-07 0.0 0.0 0.0 0.0 0.0 0.0 0.0 0.0 0.0 0.0 0.0 5.708183842911951e-08 0.0 0.0 0.0 0.0 0.0 0.0 3.1857458391261166e-06 9.722155169374956e-07 0.0 1.2841272834789246e-07 0.0 2.3497780031787e-06 1.084278713784009e-06 2.3086685884644324e-06 1.2374180286377813e-06 9.50887601120096e-07 5.2628274737111326e-08 4.800203216991757e-08 0.0 1.2037284470345322e-07 0.0 0.0 0.0 4.97494124202747e-08 3.660709337789574e-08 0.0 4.6807756998212466e-08 0.0 4.869701255782146e-08 3.69455141940744e-08 0.0 0.0 0.0 1.128230537283643e-07 2.3869424116963905e-07 0.0 0.0 1.6334787919198425e-07 2.0436181670264106e-06 3.2684282485154494e-07 0.0 0.0 0.0 0.0 0.0 0.0 0.0 0.0 5.228294263954592e-06 1.266233340535077e-07 0.0 0.0 0.0 2.7643316634630383e-06 0.0 1.2432400641917323e-06 0.0 4.1142379579581596e-08 0.0 4.568928312613384e-08 0.0 0.0 0.0 0.0 0.0 0.0 0.0 0.0 0.0 5.285316053465016e-06 1.1117140201563133e-06 2.5196484847953166e-06 9.856753828569865e-05 1.7743794821167036e-06 0.00011045710821606728 1.2454067275765638e-05 3.0465582383903134e-05 9.942088567245186e-06 1.3370646730822735e-06 2.8710291685475653e-05 4.028257974173787e-06 2.0119593642512685e-07 7.206748787201975e-07 5.936552593158348e-07 8.595862125890896e-07 0.0 0.0 0.0 1.597452329167713e-06 6.996249019632885e-08 2.4692588874189825e-05 1.914309639239786e-06
0.0008274030811726593 0.0006645397010542937 1.1853580659856424e-07 0.0 1.7419502727794237e-06 0.00016841933387246613 0.0007487298293939787 0.0 5.159287148880579e-06 0.0017175077628587003 3.723501461918039e-07 3.8391953398917396e-05 0.00013577336442401183 1.6503334297630366e-06 4.950971248812525e-07 3.550672363440432e-08 0.0 0.0 0.0 0.0 0.0 0.0 0.0 0.0 0.0 0.0 0.0 0.0 0.0 0.0 1.2583691220525104e-05 2.5968843678059354e-07 2.3526280472086065e-07 0.0 0.0 0.0 3.132308141900405e-07 0.0 6.74163583320155e-08 0.0 0.0 0.0 0.0 0.0 0.0 0.0 2.0543448285873576e-06 1.6306602439950573e-07 6.307500907298444e-08 0.0 7.864101616578771e-08 0.0 0.0 0.0 3.5563257916725026e-07 3.383616531330093e-07 1.1105421720005142e-05 1.7361673590527196e-05 1.9909681061606997e-06 2.0739147279067156e-07 0.0 5.517099584592739e-08 0.0 1.1098482445607329e-06 1.6709154404776285e-07 1.727702441890088e-07 2.455783807914049e-07 0.0 0.0 0.0 6.990667298062496e-07 0.0 0.0 2.0037296238742193e-06 8.390137127460028e-07 7.715563762931606e-07 6.10929503767015e-08 4.250528227222677e-08 3.811344113528389e-08 0.0 0.0 3.655942648275202e-08 8.999091913446146e-07 9.084056429905804e-08 2.769681984606321e-07 3.2816973281993185e-07 0.0 0.0 0.0 0.0 0.0 4.742093696578011e-08 0.0 0.0 7.816016889458733e-08 5.122313416600203e-06 0.0 0.0 2.8735253213015235e-07 0.00022506689231180745 7.59119079456901e-07 5.455420307455455e-06 3.7379854074064404e-05 3.4294520954689415e-05 6.575857966738118e-07 1.9845073004505375e-05 1.0200768684282595e-05 1.1375825402992412e-06 3.798309276279316e-05 1.837458623340172e-05 2.859524429687308e-07 3.6317771368197875e-06 2.7056005833575577e-06 2.104863983886382e-06 5.733414892275319e-07 0.0 0.0 0.0 8.435901213475127e-08 0.0 0.0 0.0 0.0 0.0 0.0 0.0 0.0 0.0 0.0 0.0 0.0 0.0 0.0 0.0 1.3683032344218414e-06 1.7845541380049583e-07 0.0 0.0 0.0 2.592402023339536e-07 0.0 6.154506304279011e-08 0.0 0.0 0.0 0.0 0.0 0.0 0.0 0.0 0.0 3.057713736086707e-07 3.3450020467495596e-07 0.0 0.0 0.0 0.0 0.0 0.0 0.0 8.704706259201566e-08 3.0993586855833296e-07 1.265215149222895e-06 1.8712872552699056e-07 0.0 0.0 1.8955431228901995e-07 0.0 5.181553960273222e-08 1.2021734080011186e-07 3.5697489324697394e-08 0.0 3.6121086689750216e-08 0.0 0.0 0.0 4.6039629178559305e-07 0.0 0.0 0.0 0.0 1.9226706619621014e-07 0.0 2.2403431195133896e-07 1.1016842982920545e-07 9.325911226592284e-07 5.872166734369384e-08 1.8732617710602073e-07 4.5207327792233844e-08 0.0 1.1851525549818204e-07 0.0 0.0 4.5953853294730155e-08 0.0 0.0 0.0 8.99416267921336e-07 0.0 6.118936337388909e-08 2.9725931316823242e-05 1.622776810724182e-07 9.250690254605641e-06 8.501977300718021e-07 0.00013391752298277322 2.2608033674109597e-06 2.8855409627680344e-07 3.9056089407244793e-07 4.9113581054104705e-06 6.31408637785338e-08 5.101716040172396e-06 6.34907264963181e-07 6.7221883805816605e-06 1.0403369782718689e-06 0.0 0.0 0.0 0.0 0.00011047605128085476 5.100246215200397e-06
3.319962720800471e-05 0.0010521030846243951 0.000947553309431381 1.7419502727794237e-06 0.0 3.111548693989295e-06 0.0003693785742772529 0.00012046845697529014 0.0015662754308796666 2.0844035645853628e-05 0.0006943845680036728 7.502531379554675e-07 0.0005746867111407948 0.0003991069547444841 1.0206074607892815e-05 3.0231142099318253e-06 6.545474974081663e-08 0.0 0.0 4.704104748018379e-08 0.0 0.0 1.0001343628270912e-07 8.65373133520666e-08 0.0 0.0 0.0 0.0 0.0 7.224863707858164e-08 4.313367789419793e-05 3.937887542987585e-06 3.695267574180995e-06 0.0 0.0 4.788328478394056e-08 1.6832092258808064e-06 1.3072587271612894e-07 3.977381537908049e-08 0.0 0.0 0.0 4.22320236224102e-08 8.097258698189141e-07 0.0 0.0 4.005139650934882e-05 1.6542652719438955e-06 1.9325724141268736e-07 1.5116116900389793e-07 0.0 1.2161875155714915e-07 0.0 8.071137937960733e-08 1.4129397541024487e-06 1.6469679432439458e-06 7.526962537500007e-06 2.4243255644875394e-05 5.177658528340132e-06 5.2255502217040395e-06 3.4475117261048795e-08 1.1904553333098975e-06 0.0 8.678302114823305e-06 2.4266453341473343e-06 1.4959703606528206e-06 7.432197705667448e-07 8.769336901737433e-08 0.0 0.0 8.83623800514296e-07 8.547930161373248e-07 0.0 8.599995081451735e-06 6.4575317830948e-06 1.5460194408391445e-05 5.349070227062214e-06 1.4220578346940669e-06 4.831185631170593e-07 3.897175746762109e-06 2.1232014144978569e-07 6.901506224974384e-07 4.6370128298676985e-06 2.066879193447453e-07 1.7629304387006764e-06 1.2057408533751168e-06 3.0480155615871927e-07 4.1649098960586346e-08 4.0191473354928514e-07 4.0714072948055344e-08 2.6816377463808767e-07 0.0 3.901430188124297e-08 9.393904233449737e-08 3.8618152152645565e-08 8.635516264727255e-06 0.0 0.0 1.691806606456577e-07 1.1031133924374284e-05 1.691041947969694e-06 3.070742418105195e-07 1.0631024343271477e-05 2.1755946183501695e-06 4.5903329213746175e-06 1.62834192231928e-05 1.3848388627451597e-06 2.6787267156187918e-06 1.2216202656144225e-05 9.820888201695702e-06 3.070187688445033e-06 1.6850948949530994e-05 9.33586875990301e-06 1.0369217111703234e-05 9.732416609080117e-06 3.0394966370446e-07 1.0876335438563553e-07 0.0 0.0 0.0 0.0 0.0 0.0 0.0 0.0 0.0 0.0 0.0 0.0 0.0 0.0 0.0 0.0 0.0 7.413670155735588e-06 3.609980490281385e-06 0.0 0.0 0.0 4.339819258174857e-06 3.999660840976281e-07 3.568082654329371e-06 3.3376628627124793e-07 5.250426203340511e-07 0.0 0.0 0.0 0.0 0.0 0.0 0.0 6.257090749010754e-07 1.7402724321202085e-07 0.0 0.0 3.9052013525569695e-08 1.4964030389379665e-07 5.0172115255543985e-08 0.0 0.0 4.57688212517917e-08 1.0489766412506025e-07 3.762569905935827e-07 4.561725616507795e-08 0.0 0.0 3.6698534261132543e-06 4.90083389325302e-07 0.0 0.0 0.0 0.0 0.0 0.0 0.0 0.0 1.1146204362989474e-05 1.491555870598874e-07 0.0 0.0 0.0 8.483476390460232e-06 6.459144481786714e-08 4.79093282106264e-06 5.449197271513014e-08 3.614376734813327e-07 4.240585095841465e-08 0.0 0.0 0.0 0.0 0.0 0.0 0.0 0.0 0.0 0.0 1.5466686031229766e-05 2.4966879251574104e-06 3.0954565735326636e-06 9.757641976736567e-05 1.5428025152294847e-06 8.6842550529802e-05 6.86507957556731e-06 1.7780009977763057e-05 7.829887929975335e-06 3.5655153249947675e-07 2.4196804609041385e-05 9.811150084998562e-06 1.7370921767490725e-07 7.065205550490426e-07 3.0244722013674006e-07 8.02592822379388e-06 3.2682864222610567e-07 4.892923826079235e-08 8.447481045802247e-08 3.3470430463018393e-07 0.0 3.428914310799902e-05 8.657002269927629e-06
4.8217004369985936e-05 3.154937095019177e-05 5.701295617308981e-07 0.00016841933387246613 3.111548693989295e-06 0.0 9.121976765145457e-06 6.185268721842691e-07 3.3442632459445814e-06 0.0003136910575201187 1.425607833851706e-06 1.545875261394305e-05 4.0829600601041975e-05 6.92578208677813e-06 6.516624657214028e-08 4.018673898390953e-08 0.0 0.0 0.0 0.0 0.0 3.682303607063977e-06 0.0 0.0 6.330192530885293e-08 0.0 0.0 0.0 3.7333391542079886e-07 0.0 1.0154687559598723e-06 0.0 1.2090344906848764e-05 0.0 0.0 0.0 1.532864366667726e-05 1.2332993249562974e-06 2.5896773433304255e-06 1.704056326168385e-07 0.0 0.0 5.90493711159495e-08 0.0 0.0 0.0 4.4032305787050803e-07 1.0196799251651763e-07 1.0278341701140737e-07 0.0 2.439268941338449e-07 4.237873118155278e-06 1.962552458628377e-06 1.8239916476979615e-07 1.1495325232796393e-07 5.147176113026603e-07 1.8548814503426327e-05 7.842160895919196e-06 1.595127088448339e-06 2.6806211277097655e-07 0.0 1.9174340095840894e-06 0.0 2.2920579350624934e-07 1.412744449394899e-07 8.490147519455893e-08 2.1960466683151106e-07 0.0 4.9008308922498756e-08 0.0 8.491976570852604e-05 6.950152149204917e-05 7.2328285981653605e-06 5.458746376952469e-07 1.3053205985341187e-07 1.9584635399031056e-07 0.0 0.0 0.0 1.06943920049771e-06 0.0 1.2365119709623378e-06 4.690375851169963e-07 4.6264816952039566e-07 1.4856123838705358e-07 3.818771509744448e-07 4.1739882191297425e-08 1.1102233786105768e-06 6.219441462066678e-07 3.0912675540390323e-06 4.802572364695606e-07 3.6076718589601853e-07 2.301973941992203e-07 5.619971663933595e-08 6.750842564580302e-07 8.307289763893029e-05 4.9521403034383776e-05 9.718814905710181e-06 2.4952314018432924e-05 9.418304998735718e-05 0.0 0.0 6.220832167322112e-07 7.0574785791354364e-06 4.30938623821886e-07 5.419686329972328e-07 3.6411959496678976e-07 1.0616340645531152e-07 1.014934655310751e-06 8.611761642542809e-07 1.347137846009374e-07 1.4230465988619499e-06 1.3578671825029319e-07 6.98374138678542e-07 2.707640486389457e-07 0.0 0.0 0.0 0.0 0.0 0.0 0.0 0.0 1.3991689499764634e-07 0.0 0.0 0.0 0.0 9.851673501908367e-08 4.296307087407101e-08 0.0 8.725453579020158e-08 5.066239231345301e-07 2.443641778045861e-07 3.4545162405797123e-07 5.925550540504006e-08 0.0 0.0 0.0 4.845219995512193e-08 0.0 0.0 1.6719792095250728e-07 2.1225836695428132e-07 0.0 0.0 0.0 0.0 0.0 0.0 0.0 0.0 0.0 0.0 0.0 0.0 2.789900637322833e-07 0.0 0.0 0.0 4.446396777093937e-08 0.0 0.0 0.0 0.0 0.0 2.1595775547135384e-07 0.0 0.0 0.0 6.223599784760834e-08 0.0 0.0 0.0 0.0 0.0 1.985201929663362e-07 4.156085879148248e-07 0.0 0.0 8.586135470717304e-08 4.451672656045748e-07 4.263189863471912e-08 1.3037424171495314e-07 0.0 0.0 0.0 0.0 0.0 0.0 0.0 0.0 0.0 0.0 0.0 0.0 0.0 4.1644666998345823e-07 1.278607255607802e-07 1.0690151472110257e-07 2.5038004771882474e-05 7.30384130961128e-07 5.577957155327585e-06 1.0083117501271625e-06 5.416476229913475e-05 1.2129824817253509e-06 5.831481788465312e-08 4.212049307188051e-08 1.7225568814998411e-06 1.7003911202313637e-07 0.0 0.0 5.913035953408868e-07 0.0 0.0 0.0 0.0 0.0 4.9699037108250486e-05 9.88386961986869e-07
0.0004032787828617491 0.0017533452746704224 6.443124711187532e-05 0.0007487298293939787 0.0003693785742772529 9.121976765145457e-06 0.0 1.3295247435766533e-05 0.0011918453793603636 0.00027634015226219344 0.00011537877812320972 2.1565033513308452e-05 0.0017005896514068477 0.0006920148285308615 6.8950076219181715e-06 2.7578663859696323e-06 1.575761392965087e-07 5.4993036359438894e-08 4.2720093500217796e-08 4.6139491309457487e-08 8.398518813820345e-08 0.0 5.7370731151088657e-08 0.0 0.0 0.0 0.0 0.0 0.0 0.0 5.3744982683317246e-05 2.691136175265303e-06 3.5060256432347123e-06 0.0 0.0 0.0 1.913196194933555e-06 2.315494326833652e-07 5.417846022505361e-08 0.0 0.0 3.9240964186076154e-08 5.39587348544129e-08 5.167884881497105e-07 0.0 7.023094435553373e-08 3.225234578251266e-05 1.6580537152292912e-06 6.838859649498443e-07 0.0 7.921624210031304e-08 0.0 0.0 1.3415057710689108e-07 1.9527456651285e-06 3.102151046870096e-06 1.60945971297009e-05 4.3638971313931465e-05 7.849957686766584e-06 6.65593157812343e-06 1.0151913189902928e-07 8.613076976450027e-08 0.0 1.0358440183339609e-05 2.173841680472835e-06 1.3853245664474107e-06 1.0397187918230933e-06 2.0167777633582897e-07 9.592128859347687e-08 0.0 2.788808918548022e-06 6.345707140028081e-08 0.0 9.757053757035542e-06 7.329240149677404e-06 1.4820820029052824e-05 3.974986818194713e-06 1.1906287133810102e-06 4.452759682867566e-07 2.021493080892866e-06 5.6809508936045865e-08 4.41235342627477e-07 5.099842086843247e-06 4.768283220176557e-07 2.6103391403305503e-06 1.4431613447301521e-06 6.321382739884048e-07 4.292818998367224e-08 2.639962671429608e-07 0.0 1.2621574588600054e-07 8.266631939554878e-08 0.0 0.0 4.8006576958334034e-08 1.4892863293635421e-05 2.1403661713891095e-07 0.0 5.68561586642583e-07 4.608290653814446e-05 2.204456411169251e-06 2.9127023266080755e-06 1.890395528743206e-05 7.241865285203414e-06 3.327116593181916e-05 2.33294675959781e-05 5.056440021149523e-06 4.448313382180285e-05 2.600670829275023e-05 2.2865805436549926e-05 8.892719002344366e-06 8.902750762293743e-05 1.8905826811102893e-05 1.4467019897032766e-05 1.2688984321640514e-05 3.71240825379317e-08 4.616326560264045e-08 0.0 0.0 0.0 0.0 0.0 0.0 0.0 0.0 0.0 0.0 0.0 0.0 0.0 5.049982479895958e-08 0.0 0.0 0.0 9.55183436126624e-06 2.292162667186668e-06 0.0 0.0 0.0 4.450658230415396e-06 2.856214958046147e-07 1.5356679794078218e-06 9.428467940900737e-07 7.049700781175258e-07 0.0 0.0 0.0 0.0 0.0 1.605601059773331e-07 0.0 9.636646605672098e-07 9.694146662745251e-07 0.0 0.0 0.0 0.0 0.0 1.3208954008746003e-07 1.034587379431326e-07 8.65402624147724e-08 6.366792851807052e-07 2.1610166078609835e-06 8.281695590263557e-07 0.0 0.0 3.61066015689651e-06 1.1529252987282885e-06 1.9777788618172234e-07 1.5966729599942604e-07 4.2202033790021486e-08 0.0 0.0 0.0 0.0 1.375537146731297e-07 1.3664557349354128e-05 0.0 0.0 0.0 0.0 9.983480053170427e-06 1.5609418911757203e-07 2.556216634386248e-06 2.1523276216642171e-07 1.950650881251589e-06 7.020336917644466e-07 0.0 0.0 6.038509453107432e-08 0.0 0.0 0.0 4.2235471890446796e-08 0.0 6.160612768562752e-08 0.0 1.9749904289589966e-05 2.6502745366443403e-06 2.4649575657707435e-06 9.064779722822537e-05 1.490254323992641e-06 8.051523696800002e-05 7.889477380662056e-06 6.356728641202711e-05 1.0086579683574742e-05 1.189226471576948e-06 1.7586307722210947e-05 2.4710591649666954e-05 1.1886488679245464e-07 1.5192264160852885e-05 7.898118391206626e-07 1.879766006479919e-05 3.44662883675083e-06 0.0 1.2614760695536519e-06 6.866478631691109e-07 0.0 7.782484330439552e-05 1.9144689763475285e-05
0.0001065493567755159 0.00048427783833068067 0.0026829107064699612 0.0 0.00012046845697529014 6.185268721842691e-07 1.3295247435766533e-05 0.0 0.00032090204853402296 3.327889135073214e-06 0.0008292399572724334 3.070938949184222e-06 0.00017896833166981441 0.0007286580323390003 1.9383758460583483e-05 1.8967701825784717e-05 1.6839913276984685e-06 1.1591555168792156e-06 4.3616691667479214e-07 6.750195141435503e-06 1.5783538063576114e-05 0.0 3.4578001581019786e-05 2.2255111782774297e-05 3.312214312760611e-06 2.1061420562997465e-06 5.193954183178322e-06 2.1363150479899833e-07 6.000464235738835e-08 1.8261511349340226e-06 0.0009442695560582153 0.000985996693722094 3.640221077547553e-05 6.256700529148949e-06 8.838411876995059e-06 2.223849715881435e-06 9.312176065149801e-06 9.469486895569246e-06 9.99205001207996e-07 1.302158049081537e-06 4.898800194218006e-07 9.647087182180361e-07 1.0019929735276635e-05 3.94320295438467e-06 5.47435231470058e-07 5.418491901864888e-07 5.841030864183293e-05 3.0740481298356845e-06 9.697516616142097e-07 2.2623420509772336e-06 4.570855447180959e-06 3.697116469133886e-07 1.0893373056802345e-07 6.515449129655241e-07 2.7657304166009443e-06 5.620600746332253e-06 2.206315401323586e-05 0.00017556269606278687 1.071908969239981e-05 8.870440980473634e-06 9.346215529092778e-06 3.5085203817659385e-05 4.6067566497931706e-07 0.00015360193409246864 3.498856607419204e-06 3.088954418327536e-06 2.3249350816316783e-06 4.041767653513632e-06 1.3720213137059043e-05 1.020816800957693e-05 4.773162992683469e-06 4.148843024426536e-06 0.0 2.2048466096777656e-05 3.0507817578777904e-05 3.1042547344924916e-05 2.0519794064557802e-05 1.4744455920142298e-05 0.0004735406671182125 0.0005775063967256736 1.9484363804338394e-06 0.0008902616295249311 8.583419086750541e-06 2.724162191789531e-07 3.7600557434117456e-06 2.2832428865345845e-06 2.531642484412225e-06 1.325376995090213e-07 1.94568820891838e-06 4.6837008122134727e-08 1.6466625392335202e-06 4.6947698968899847e-08 1.7760816147421444e-05 1.787325835653725e-06 2.569264794069378e-06 2.6845600078201155e-06 2.778752545467373e-07 5.2159264114853355e-08 7.826633544055364e-07 6.525130419472253e-05 1.3850010727362977e-06 4.2287989445481336e-08 1.3228262145566051e-06 4.574000296486146e-08 1.0078023298433278e-06 2.1023900636602415e-06 3.3334849180746844e-07 2.0664974889320702e-07 1.3519018173074357e-06 6.66961825028048e-07 9.288584576342074e-07 1.9765040529947787e-06 3.123887748370681e-06 2.3967036476600653e-06 5.738929310579027e-06 5.3637662144875336e-08 0.0 0.0 0.0 0.0 0.0 0.0 0.0 0.0 0.0 0.0 1.1809304032592381e-07 9.739845736644143e-08 0.0 4.914194474677007e-07 3.942741016318862e-08 1.5545048548532552e-07 0.0 2.4284931470077453e-07 3.5798295732777426e-06 2.5801998839554735e-06 4.7299459821173266e-08 3.3144307411457655e-07 4.182626491258942e-08 4.4879142243550235e-06 2.5715995572025773e-06 8.157620540717003e-06 4.19686383306517e-06 1.965092366296745e-06 0.0 1.2179265391823223e-07 8.041475907454022e-08 2.3915880511319874e-07 9.889723913320867e-08 9.82711029116792e-08 0.0 1.4759897249982332e-07 3.8593165338768913e-07 0.0 7.723152578489896e-08 2.1161130450697655e-07 8.055819057705742e-07 2.061089306139691e-07 0.0 0.0 0.0 1.1744115318894776e-07 2.509091117324277e-07 5.0540044012260195e-08 7.071235431482377e-07 1.8980213339737212e-06 5.738987229939721e-06 4.0018754658739694e-07 1.8580962593794013e-07 0.0 0.0 4.662215072486456e-08 0.0 4.826570203757044e-08 1.7597571952888115e-07 2.3270877213865256e-07 7.928231446515784e-06 1.8438953191642034e-06 1.0712085919519023e-07 0.0 3.0784007472844086e-07 3.75177521105647e-06 1.0033615463849043e-06 5.449910338716026e-06 0.0 9.880403490092208e-08 1.7207518589044637e-07 1.1328906911863734e-07 1.0201658568282433e-07 0.0 4.39812102458141e-08 0.0 0.0 8.529279157674519e-08 0.0 5.311696126335359e-07 0.0 4.465071387722213e-06 5.665825958948994e-06 7.836985648682456e-06 9.56851015086432e-05 3.2811890477195623e-06 0.00011641253586089374 1.0770480206275416e-05 2.3751218966085884e-05 8.987289585591635e-06 1.1110830996432318e-06 2.373827916281534e-05 8.225356220211528e-06 4.841111218225727e-08 2.2233082685457686e-06 2.9355326542518155e-07 4.2017110822005003e-07 0.0 0.0 3.360841716473372e-07 2.0728324940331908e-06 0.0 2.579043438159757e-05 3.308008738694824e-06
4.329413443959655e-05 0.0013180511466252352 0.0008883518143697923 5.159287148880579e-06 0.0015662754308796666 3.3442632459445814e-06 0.0011918453793603636 0.00032090204853402296 0.0 5.866606433036058e-05 0.0009197463476999384 3.8073659549038012e-06 0.0005750345152916164 0.0004161467233520776 1.008241947082572e-05 4.111508274353418e-06 2.5058789762947276e-07 0.0 0.0 3.839769384469835e-08 5.7546145556063936e-08 0.0 0.0 4.891770748332432e-08 1.0392604318764198e-07 0.0 0.0 4.639815469590238e-08 0.0 0.0 4.651940840428276e-05 4.896760781734698e-06 5.899279565640297e-06 0.0 6.836411552327245e-08 0.0 1.0132950572425723e-06 0.0 4.8132044860007485e-08 0.0 0.0 4.424744827961974e-08 0.0 6.703631850770396e-07 0.0 2.716182033878834e-07 4.0835184382916444e-05 1.6502985171312583e-06 4.45585732408482e-07 0.0 1.5719401060087356e-07 0.0 0.0 0.0 1.4007393922356333e-06 2.679844528693062e-06 8.195636062582369e-06 2.6075601505327e-05 5.537866133916098e-06 6.52146108831014e-06 8.04162451482129e-08 4.891910641248262e-07 0.0 1.026549353234699e-05 1.8689016424468813e-06 1.0315335326609265e-06 9.721939356850725e-07 3.284409888772652e-07 4.4859038292636606e-08 0.0 8.844470045327225e-07 2.220269141118678e-06 0.0 9.670363129935312e-06 6.544995312783819e-06 1.9205743879717064e-05 6.408009794772464e-06 2.1863346112904718e-06 2.965443825731145e-07 3.997542776240359e-06 1.3611349286580593e-07 5.850849223953271e-07 4.862766058708798e-06 4.897076233334497e-07 2.0064112654584215e-06 1.0116255703373033e-06 4.947081775602024e-07 4.827671052506804e-08 1.7876096497549875e-07 0.0 4.9029067784637145e-08 0.0 0.0 1.292673072770824e-07 0.0 2.044025267242349e-05 1.4499550993312395e-07 0.0 1.6823030354686854e-07 1.1793042046701016e-05 2.3053635606163905e-06 1.1591257001816237e-06 1.6516138204513303e-05 1.2524837540784416e-06 6.824348192025152e-06 2.0470167574957693e-05 2.8565432043074333e-06 4.184520040561512e-06 1.6843395724715767e-05 1.3319621519826094e-05 4.962895936799107e-06 2.4025753541444332e-05 1.5455289868951847e-05 1.5848203347499244e-05 1.6152431576435044e-05 8.211309889369885e-08 3.454493675344527e-08 0.0 6.73869138742368e-08 0.0 0.0 0.0 0.0 0.0 0.0 0.0 0.0 0.0 0.0 0.0 0.0 0.0 0.0 0.0 8.556479295052305e-06 5.677357662688183e-06 0.0 0.0 0.0 6.433986708840519e-06 2.0718963513012204e-07 3.3654089835576103e-06 1.4898366795790189e-06 7.545953355750029e-07 0.0 0.0 0.0 0.0 0.0 0.0 0.0 4.104045801027525e-08 1.7946869962676814e-07 0.0 0.0 0.0 0.0 0.0 0.0 0.0 0.0 3.182755899294802e-07 7.206134302952272e-07 1.8818323474838504e-07 0.0 0.0 5.526540587550638e-06 1.1080745131943e-06 0.0 0.0 0.0 0.0 0.0 0.0 0.0 0.0 1.9715184674254428e-05 1.6769211691654226e-07 0.0 0.0 0.0 1.456233323432954e-05 2.2410196437319528e-07 5.782669569128109e-06 0.0 1.8863635736745512e-07 4.375422619881686e-07 0.0 0.0 0.0 0.0 0.0 0.0 0.0 0.0 0.0 0.0 2.3996900171633118e-05 2.478987168905431e-06 3.843572417247442e-06 0.00011795206176258091 1.7738678226228295e-06 8.875194871863821e-05 9.897794831377636e-06 2.2243662015077703e-05 7.9094941986036e-06 3.04771436475233e-07 3.0339207163555786e-05 1.6169138048404702e-05 0.0 8.20578088734513e-07 4.271977608642362e-08 9.482225747052284e-06 3.8803320972073537e-07 4.6660249036904185e-08 0.0 6.896026479799319e-07 0.0 5.7531578669485466e-05 1.3700748728771385e-05
0.0009473601590487647 0.00029308426393289853 1.516352117890254e-06 0.0017175077628587003 2.0844035645853628e-05 0.0003136910575201187 0.00027634015226219344 3.327889135073214e-06 5.866606433036058e-05 0.0 3.237954342777185e-06 0.0009310109159697577 0.0038983817603258732 8.948564822802267e-05 1.7141816213260668e-06 1.1943578320282762e-06 2.4255003100541637e-07 0.0 0.0 0.0 0.0 0.0 5.0941335844323074e-08 0.0 2.8220514805337897e-07 0.0 0.0 0.0 0.0 0.0 1.6858241286177633e-05 2.0842279349161234e-07 3.789450833245933e-05 0.0 0.0 0.0 3.400257681849375e-05 2.064116588261099e-06 5.651584865888836e-07 0.0 0.0 0.0 1.5608748302977532e-07 2.136290145435041e-07 0.0 0.0 6.943728033643783e-06 1.090979561367544e-06 1.44059719241907e-07 0.0 5.1999512637830135e-08 0.0 0.0 0.0 9.433898313802907e-07 1.5315838132327226e-06 3.459446595571747e-05 2.6453643997567617e-05 3.917803372724502e-06 2.5954005362288734e-06 0.0 6.869192952468212e-07 0.0 2.2757337620376883e-06 7.134602478559474e-07 2.1840041620992933e-07 4.009155524377935e-07 4.0072957681021227e-08 4.290632882999413e-08 0.0 0.00017264063609474 6.284640592707893e-07 0.0 2.794083640382275e-06 1.4097097224772276e-06 3.0401828250704054e-06 3.906617768329733e-07 4.442965101142024e-07 2.7657492276966184e-07 7.246709596818357e-07 0.0 1.234814511245063e-07 1.5540427407670702e-06 4.2039843997943094e-08 4.3923814617879236e-07 4.825969368300486e-07 1.6481814854329564e-07 0.0 7.817224216108538e-08 4.581972865321583e-08 0.0 0.0 0.0 4.016501056690899e-08 4.216704901874463e-08 0.00015900061706511365 5.432893877549407e-06 1.287453318348981e-07 6.2962357272654776e-06 0.000499651749867503 2.026735469803813e-06 2.410415940881466e-06 2.9804442487662577e-05 2.8108009883913105e-05 9.013754341576679e-06 6.460956935039012e-05 1.0859592377440168e-05 6.5533701862898825e-06 4.360445244839285e-05 4.949722708001451e-05 7.638497915604943e-06 5.336209319298677e-05 3.5416758177050196e-05 3.0763278516856276e-05 2.020341216820989e-05 1.0902617012162408e-07 4.1598581112455015e-08 0.0 0.0 0.0 0.0 0.0 0.0 0.0 0.0 0.0 0.0 0.0 0.0 4.6564845992698024e-08 0.0 5.907108221947039e-08 0.0 0.0 6.947661001200821e-06 3.375367174780564e-06 0.0 0.0 0.0 3.810589782532136e-06 8.653886579407808e-08 1.353939717746852e-06 7.713566883896717e-07 5.221962929311163e-07 0.0 5.2107698801201313e-08 0.0 0.0 0.0 0.0 0.0 1.0550581741236025e-07 1.2698744807353406e-07 0.0 0.0 0.0 0.0 0.0 0.0 0.0 0.0 0.0 4.215632302952382e-07 2.3352184200030554e-07 0.0 0.0 3.030295564288127e-06 8.883836136916544e-08 9.221633090710674e-08 0.0 0.0 0.0 0.0 0.0 0.0 0.0 1.3863424123556732e-05 8.453395330461525e-08 0.0 0.0 0.0 1.3957921043719114e-05 9.099125794062779e-08 2.6805151692141137e-06 0.0 5.381673200252742e-07 1.4326991004020638e-07 4.067510607645168e-08 3.928769903889701e-08 0.0 0.0 0.0 0.0 0.0 0.0 2.1402235083165322e-07 0.0 3.083566300992434e-05 1.2691783172596582e-06 1.964263734502438e-06 0.00016356175895476842 6.093306270030478e-07 2.730042761332706e-05 3.4598744018437108e-06 0.00034565624226335766 4.257438781443274e-06 5.808827186869181e-07 4.742922746781409e-06 2.305604815587573e-05 1.1027608216028641e-07 1.1342963697161521e-06 2.6333615321755596e-07 2.380741902322365e-05 2.0903709594977936e-07 0.0 0.0 4.696626709874251e-07 0.0 0.0006238864606705373 4.428195891836996e-05
4.737107191374347e-05 0.0005360573646721887 0.0015781399414728774 3.723501461918039e-07 0.0006943845680036728 1.425607833851706e-06 0.00011537877812320972 0.0008292399572724334 0.0009197463476999384 3.237954342777185e-06 0.0 6.604785764312905e-06 0.00042835841615263605 0.0008334478072182092 1.383553611586003e-05 9.817512454054322e-06 6.044115615539969e-07 1.2458533261879316e-07 6.255585284240829e-08 1.8455762762497617e-07 2.3171645582185473e-07 0.0 3.170032165365108e-07 2.8892957948182076e-07 2.4668629632645757e-07 0.0 2.909136782831262e-07 3.914387884876091e-08 6.229414228353944e-08 0.0 0.00021390873568045827 7.025171439352325e-05 7.616925366379357e-05 0.0 2.2732697797488845e-07 8.518200839142175e-07 3.455634099534704e-05 8.549851014033278e-06 4.77850478116685e-07 2.9535279099076006e-07 0.0 0.0 4.762264766081198e-08 2.278070752838606e-06 0.0 3.734935687881039e-08 3.132690674000117e-05 9.662562662859072e-07 1.877130381527689e-07 4.0925046354716936e-08 1.1855217937918327e-07 0.0 0.0 3.91078523831232e-08 1.2299653576269673e-06 1.4462194361886537e-06 6.491610917990888e-06 2.7140366366410958e-05 3.5855659994458274e-06 3.2678241783237746e-06 1.2202305304909672e-07 1.331149049225345e-05 2.615640175768339e-07 1.824110412397418e-05 1.1824421441655474e-06 7.97130197927266e-07 6.167449573131068e-07 1.2831724450744779e-07 1.5363468813442613e-07 1.705980921425604e-07 1.2035929563594705e-05 9.234746753058599e-07 0.0 5.765368612863361e-06 6.578449993751489e-06 1.3870952578553693e-05 8.836647789236809e-06 4.943212717869651e-06 2.4792356202244438e-06 0.00018636140491658614 1.5416390926785722e-07 0.00018498928777075028 2.424718684357193e-06 6.930793966906175e-08 1.1148548960179132e-06 7.359934444469698e-07 2.4335589268836187e-07 4.0555501673230415e-08 1.943746303067059e-07 0.0 0.0 0.0 3.837406729320869e-07 0.0 9.169427178310396e-08 3.493512449874688e-06 2.2999561136468978e-07 0.0 8.716564463426171e-07 1.4861043065746889e-05 6.424666389492739e-07 5.661850201126924e-07 2.368592062343493e-06 4.7665381368478393e-07 1.3442169003945908e-06 2.3391236138531042e-06 7.632818921134543e-08 6.550686071763665e-07 2.847791652966257e-06 1.2609084009530078e-06 1.0582632916515615e-06 4.457995273352159e-06 3.094833444085439e-06 3.056311551994244e-06 3.7834579554884326e-06 0.0 4.2908816199908416e-08 0.0 0.0 0.0 0.0 0.0 0.0 0.0 0.0 0.0 0.0 5.886791430656532e-08 0.0 0.0 0.0 0.0 0.0 0.0 2.4490692884527247e-06 1.1101306476134012e-06 0.0 0.0 0.0 2.291468569786228e-06 1.2530604949424393e-07 1.4862781650749567e-06 5.178251067754337e-07 5.169477346502429e-07 0.0 0.0 0.0 0.0 0.0 0.0 0.0 0.0 8.754860524259556e-08 0.0 0.0 6.58588319286882e-08 1.0065557304504442e-07 4.743552357241197e-08 0.0 0.0 0.0 3.193213067887763e-08 8.352810361786623e-08 0.0 0.0 0.0 2.8463095527371627e-06 5.304521968615445e-07 0.0 0.0 0.0 0.0 0.0 0.0 0.0 0.0 5.4144376476115155e-06 4.457787892492531e-08 0.0 5.009573972550802e-08 0.0 2.970837150672377e-06 0.0 1.660421348003666e-06 0.0 1.0081013336374309e-07 3.1913854281167614e-07 0.0 5.228096633469606e-08 0.0 7.224172900018859e-08 0.0 0.0 0.0 0.0 0.0 0.0 6.330455179257644e-06 2.074071533206613e-06 1.8091347285934225e-06 6.788404840035213e-05 6.083198516313294e-07 5.453271795234164e-05 7.20789629000832e-06 6.823657234135696e-06 2.8746878493226523e-06 8.896271543697936e-08 2.3018227153840174e-05 3.683585681776728e-06 0.0 5.933206388084464e-07 8.824072890635197e-08 1.1560685580789245e-06 5.362561773417673e-08 0.0 0.0 1.1618440723129709e-06 9.610445943734958e-08 1.0247240369326706e-05 2.1652523766353356e-06
