0.0 0.0007780012295579186 0.0009233418132293861 0.0004567751264022992 9.043621976417616e-05 0.0001411022953792913 0.0002885568068107697 7.90463585428252e-05 5.9887143506953057e-05 0.0006119372701895684 4.364334698019614e-05 8.075908156270029e-06 2.4778960712804214e-05 5.093161226298186e-05 2.9238451033528166e-07 0.0 0.0 0.0 0.0 0.0 0.0 0.0 0.0 0.0 0.0 0.0 0.0 0.0 0.0 0.0 0.00030843507413113463 1.5230539308636788e-07 3.0361478217148774e-07 0.0 0.0 0.0 0.0 0.0 0.0 0.0 0.0 0.0 0.0 0.0 0.0 0.0 4.7352950491181687e-07 0.0 0.0 0.0 0.0 0.0 0.0 0.0 5.23443354784797e-07 1.0297721505590242e-07 6.887919915112138e-06 0.00010100358028164842 6.428543094977966e-07 1.0536494919552874e-06 0.0 0.0 0.0 5.861397186542766e-07 5.7683151619971564e-08 4.736278120517664e-08 0.0 0.0 0.0 0.0 2.0173406238170445e-07 0.0 0.0 2.358186949803334e-06 1.5823132926354903e-06 7.799941074589964e-07 3.1378927527726636e-07 4.4294996638815685e-08 0.0 6.565836362682436e-07 0.0 4.6737708322900113e-07 4.752842466541385e-07 0.0 0.0 1.3558602081656043e-07 0.0 4.591628798977912e-08 0.0 0.0 0.0 0.0 0.0 0.0 0.0 2.2073977418080676e-05 0.0 0.0 2.269293671593018e-07 0.00031483225544450346 0.0 0.0 0.0 0.0 0.0 0.0 0.0 0.0 0.0 1.1443829904520703e-06 0.0 0.0 2.4331071292316206e-07 0.0 0.0 0.0 0.0 0.0 0.0 0.0 0.0 0.0 0.0 0.0 0.0 0.0 0.0 0.0 0.0 0.0 0.0 0.0 0.0 0.0 0.0 0.0 0.0 0.0 0.0 0.0 0.0 0.0 0.0 0.0 0.0 0.0 0.0 0.0 0.0 0.0 0.0 0.0 0.0 0.0 0.0 0.0 0.0 0.0 0.0 0.0 0.0 0.0 0.0 2.9393116845205634e-07 0.0 0.0 0.0 0.0 0.0 0.0 0.0 0.0 0.0 0.0 0.0 1.7789329521524706e-07 5.162933331473834e-07 8.591894980300317e-07 0.0 0.0 0.0 0.0 0.0 0.0 0.0 0.0 0.0 0.0 0.0 0.0 0.0 0.0 0.0 0.0 0.0 0.0 0.0 1.0894216422306467e-06 2.539576225661959e-07 2.483683572312174e-07 6.834072377354081e-06 2.383188147203036e-07 2.10701453122742e-06 2.758373862620921e-07 0.0001321258157233759 0.0 0.0 0.0 0.0 0.0 2.3335127542790217e-07 0.0 1.4086522074828421e-06 0.0 0.0 0.0 0.0 0.0 2.4118967087293654e-05 2.537536044973177e-06
0.0007780012295579186 0.0 0.0007386279683216677 0.0007297982846126896 0.0008937659395699673 0.0002714809933119861 0.0010129329382741017 0.00032175205074411764 0.0009460002799351726 0.0009769748499904416 0.00022277246662419327 2.809329066316533e-05 0.0005187049539745955 0.0005763396148509166 6.188476420840013e-06 1.3222979368366972e-06 1.0122079845916625e-07 0.0 8.430864219749995e-08 6.03047721850821e-08 3.6394202681430296e-08 0.0 0.0 6.698404855324307e-08 2.4905743609157755e-07 0.0 0.0 4.111083658873577e-08 0.0 0.0 0.0002979383658982284 4.4971449248737564e-06 4.24849210778656e-06 4.345559331853134e-08 5.2122487920872656e-08 4.3295651177486333e-07 1.3766615987353308e-06 3.509263350673346e-07 3.7768777576540087e-08 7.905332203158692e-08 0.0 0.0 6.816435826832866e-08 7.654470572289414e-08 7.448400358451877e-08 3.950338520176727e-08 2.3312210585150995e-05 5.872858498627878e-07 3.930468363007121e-08 0.0 1.5546801673225247e-07 0.0 0.0 0.0 5.17561395550477e-06 3.5098859338683966e-06 2.5684073209000917e-05 0.00025158131701264505 1.2884790093110163e-05 2.0854708634718793e-05 9.380063392256772e-08 5.77076984584185e-07 4.011868080758798e-08 2.7949128803161265e-05 4.384058371059289e-06 1.9942432571006466e-06 1.6595567497719692e-06 3.1673315648107307e-07 8.844643279078168e-08 3.674377026126596e-08 1.0940900281370132e-06 0.0 0.0 4.7612555963123254e-05 5.669792920172445e-05 3.873204743051362e-05 8.248906913609591e-06 4.0448081633979767e-07 8.246959897145919e-07 4.593825357990112e-06 4.481975327312772e-08 7.457539253567678e-07 1.4995940223633121e-05 8.424140773131361e-08 1.2295093704548261e-06 1.892558504243392e-06 7.790740959420939e-08 7.515711932496664e-08 6.944423036757161e-07 0.0 1.9465151191367047e-07 3.0622773079232783e-07 0.0 7.985820613615444e-08 4.3698396998868406e-08 1.1213240073103433e-05 7.540836255007511e-07 0.0 8.650348331834187e-07 0.00029289108804598233 0.0 0.0 0.0 0.0 0.0 5.31350468000166e-07 0.0 0.0 0.0 0.0 0.0 4.745614985577109e-07 5.646564787135445e-06 4.1204494304139245e-07 8.476398741352798e-07 0.0 0.0 0.0 0.0 0.0 0.0 0.0 0.0 0.0 0.0 0.0 0.0 0.0 0.0 1.4776321660548614e-07 0.0 0.0 0.0 0.0 0.0 7.698848834656158e-08 0.0 0.0 0.0 0.0 0.0 3.215322671056606e-07 0.0 0.0 0.0 0.0 0.0 0.0 0.0 0.0 0.0 0.0 0.0 0.0 0.0 0.0 0.0 0.0 0.0 0.0 0.0 0.0 0.0 0.0 0.0 0.0 0.0 0.0 0.0 0.0 0.0 0.0 0.0 0.0 0.0 0.0 1.10444320704899e-06 0.0 0.0 0.0 0.0 0.0 0.0 0.0 0.0 0.0 0.0 0.0 0.0 0.0 3.667516578568704e-08 0.0 0.0 0.0 0.0 3.583966806809523e-08 0.0 1.5625029998553646e-06 0.0 0.0 2.5529100314380435e-05 1.604913993289743e-06 3.8750027989676034e-05 8.20870953257658e-06 5.7748998288161605e-05 1.0798569682795303e-07 2.826441882689501e-07 8.89292524333907e-07 4.548429748884176e-08 0.0 0.0 5.1518439303154584e-08 0.0 0.0 6.147087253573445e-08 0.0 7.669456753566745e-08 0.0 1.9071912324221002e-05 3.419968756544121e-07
0.0009233418132293861 0.0007386279683216677 0.0 3.628100209405916e-05 0.00022022341991810557 8.308147717851033e-05 0.0001111357755130143 0.0004166108791863191 0.0005254288928175166 0.0003390782500537283 0.0004388900963737743 4.696391317027545e-05 0.00010900519078430264 0.0005314102217022119 1.1992842587406513e-05 7.843040931699983e-06 7.078139037789762e-07 5.6586699390796645e-08 5.6374053849157014e-08 1.7894500695444097e-07 7.726863733528922e-07 0.0 5.039351885262729e-07 1.0265276849907855e-06 8.732000855769333e-07 2.5808268498320973e-07 2.2348166679457055e-07 0.0 0.0 0.0 0.0010878247143807475 4.0284888109177734e-05 4.1955980531701685e-05 6.472088628337201e-08 2.165976317634487e-06 2.567383094705356e-06 5.2379199491848375e-06 3.878538156980425e-06 1.7406756120117502e-06 1.0785614952879894e-06 4.788701924431021e-07 7.091920614996964e-07 4.4958791653058223e-07 9.464228161949578e-07 3.910356123025995e-08 1.8939981402390028e-07 2.632291110284751e-05 5.07745367554121e-07 0.0 1.0314928751833123e-07 5.618676890285225e-07 2.9390243411893184e-07 1.6876761961416013e-07 0.0 4.294189237310467e-06 3.1013553123814657e-06 2.4336888194395076e-05 0.00025158202721905864 1.551912398315649e-05 1.9449050518208072e-05 1.2983657233364896e-06 8.407773331886915e-06 2.5257557358843123e-07 5.0185195321220875e-05 3.4431039473549146e-06 1.6333631923127858e-06 1.510104612844011e-06 2.783800985898831e-07 1.0836211946101335e-07 1.2136295126840763e-06 8.561129518591e-06 1.8657778188584126e-06 0.0 4.485507279668736e-05 5.3970084065341676e-05 3.78732121767447e-05 1.1512939734244882e-05 2.178549360063987e-06 5.342121508639918e-05 0.00015319363932161755 1.4246815935300475e-06 5.4475577029861985e-05 1.2745133014068824e-05 9.003119294888365e-08 9.595166379278371e-07 1.557165098966221e-06 4.809123886954412e-07 3.680310744817865e-08 3.0981492823908725e-07 4.575904534106347e-08 1.4069625985692612e-07 9.257481981174031e-08 3.3876947423457657e-07 1.103448960389633e-07 2.07457868377296e-07 1.6684939371855175e-05 1.8343631233263033e-06 2.7218982232816957e-07 4.272148085073557e-06 0.0001316860026911643 0.0 7.890892591073598e-07 0.0 0.0 9.361149013891174e-07 7.282863773292929e-07 1.3879413379525635e-06 0.0 1.137628858492175e-06 2.109450400754648e-06 5.775393089580091e-07 2.5748620010844723e-06 1.3808189352741354e-05 1.6169759361419124e-06 9.16615359734225e-06 2.9140761832370177e-07 0.0 0.0 0.0 0.0 0.0 0.0 0.0 0.0 0.0 3.4854499334849723e-07 0.0 1.6969241899111284e-07 0.0 3.1690142017393393e-07 0.0 0.0 2.456353965048675e-07 0.0 0.0 1.0284249364012342e-06 0.0 0.0 0.0 1.7811341268769445e-06 8.042864074855019e-07 1.622761794238318e-06 1.8832475259059252e-06 8.684220774006861e-07 1.2294798542838813e-07 1.191422571378601e-07 0.0 0.0 0.0 0.0 0.0 7.219700458578114e-07 1.6221939791412634e-07 0.0 0.0 0.0 7.201335948903809e-07 0.0 0.0 0.0 0.0 0.0 0.0 2.6064114524619156e-07 0.0 0.0 4.088413962824836e-06 4.925048917323345e-07 0.0 0.0 0.0 0.0 0.0 0.0 0.0 0.0 2.878073111064352e-06 3.895320234078034e-07 0.0 0.0 5.649385076994549e-08 0.0 0.0 0.0 0.0 3.1529284265359037e-07 0.0 6.04426453397465e-07 0.0 0.0 0.0 0.0 0.0 0.0 0.0 0.0 0.0 4.085656011979513e-06 3.2932976163756114e-06 3.781067490252613e-06 4.3928790517264384e-05 1.5214703864992523e-06 4.7245802164178404e-05 1.044498658391145e-05 2.6773409673946028e-05 6.644050449955102e-07 5.895444681486261e-07 2.8534625635942035e-06 2.1249701504806284e-06 0.0 1.1057754658686462e-06 8.431293369812611e-07 1.9423847990396664e-06 0.0 0.0 0.0 9.657843842756491e-07 0.0 1.967702259162598e-05 2.6041822678595463e-06
0.0004567751264022992 0.0007297982846126896 3.628100209405916e-05 0.0 0.00015962437725771633 0.00019566844229194718 0.00041831205408500606 1.3623895581655752e-07 4.1609225828611475e-05 0.0009697342952919263 7.306891980697334e-06 3.937185067171149e-07 5.4210253899035054e-05 2.6583148895092766e-06 1.801676937139847e-07 0.0 3.6329485876483806e-08 0.0 0.0 0.0 0.0 0.0 0.0 0.0 0.0 0.0 0.0 0.0 0.0 0.0 1.8022593080487364e-05 1.7151594811602656e-07 1.7945847715011806e-07 0.0 3.822379284266207e-08 0.0 0.0 5.491609846093548e-08 0.0 0.0 4.135620096725693e-08 0.0 0.0 4.9260929218631e-08 0.0 0.0 2.710679811710048e-06 0.0 0.0 0.0 0.0 0.0 0.0 0.0 3.727181599404384e-07 3.239408261053369e-07 3.842228604381962e-06 4.0869463104957876e-05 1.737337781379329e-06 2.1303619049327025e-06 0.0 4.630398630223828e-08 0.0 3.0592221762185326e-06 5.535212762045143e-07 2.1221107292799523e-07 1.3524629793772655e-07 3.7674645020184836e-08 0.0 0.0 0.0 0.0 0.0 7.173973468587712e-06 7.895541384411083e-06 4.830815485957135e-06 9.121611945216582e-07 6.272389316816478e-08 0.0 9.682245861886e-08 0.0 0.0 1.9997339839721e-06 0.0 3.429896339527796e-08 2.9619752262862744e-07 3.754883010002259e-08 0.0 8.564930398052475e-08 0.0 0.0 0.0 0.0 3.8216064124753524e-08 0.0 1.994093701926101e-06 0.0 0.0 5.547424459117725e-08 0.00018030681147197252 0.0 9.342878396483614e-07 1.8538413853641015e-05 6.114909864487799e-06 0.0 3.1767520291344213e-06 4.510551614432245e-06 4.1733165865815066e-07 2.553304573341924e-06 3.2274945804742104e-06 0.0 6.243204028244278e-06 7.628765896585084e-07 0.0 0.0 0.0 0.0 0.0 0.0 0.0 0.0 0.0 0.0 0.0 0.0 0.0 0.0 0.0 0.0 0.0 0.0 0.0 0.0 0.0 0.0 0.0 0.0 0.0 0.0 0.0 0.0 0.0 0.0 0.0 0.0 0.0 0.0 0.0 0.0 0.0 0.0 0.0 1.2917996448909956e-07 0.0 0.0 0.0 0.0 0.0 0.0 0.0 0.0 8.346266498397829e-08 2.918717072122407e-07 7.573770563523333e-08 0.0 0.0 0.0 1.1970807818983003e-07 0.0 0.0 0.0 0.0 0.0 0.0 0.0 0.0 0.0 0.0 0.0 0.0 0.0 0.0 0.0 0.0 8.112788206601738e-08 2.5210047082857107e-07 0.0 0.0 0.0 0.0 0.0 0.0 0.0 0.0 0.0 0.0 0.0 8.278251628955425e-08 0.0 0.0 3.460033641171371e-06 0.0 3.908386924603963e-06 5.003428625103213e-07 2.9622010275044953e-05 8.511940801778442e-08 3.172766054948465e-07 0.0 1.1096438416043835e-07 0.0 1.9225797998036856e-07 0.0 2.1950488458262815e-07 0.0 0.0 0.0 0.0 0.0 5.589038641460999e-06 7.758013873791776e-08
9.043621976417616e-05 0.0008937659395699673 0.00022022341991810557 0.00015962437725771633 0.0 3.5490981526237027e-06 0.0005889868741070649 3.889904027110149e-05 0.001127234108330793 0.0007710045275903622 0.00017097356914414416 3.0398592965869646e-05 0.00042386502997998474 0.0008352547695619797 5.887570132892058e-06 1.6504519470888533e-06 0.0 0.0 0.0 0.0 0.0 0.0 0.0 0.0 6.220452332471054e-08 0.0 0.0 0.0 0.0 0.0 6.058181779769047e-05 6.103252343387351e-06 8.807192314989412e-07 0.0 0.0 0.0 2.1527160576924665e-07 2.3244475957944027e-07 3.033429393130043e-07 8.290247818529573e-08 0.0 0.0 0.0 9.071926044105344e-08 0.0 0.0 1.766692167126538e-05 0.0 3.43400923683523e-08 1.0042841300049725e-07 0.0 0.0 0.0 0.0 1.1731770732008478e-06 8.570598040835791e-07 3.6422423691401995e-06 2.2484693297795526e-05 2.9772544353579043e-06 6.412177396729762e-06 1.7664880307060635e-07 3.956066342953784e-07 0.0 1.2033260188483355e-05 1.0507415035630019e-06 6.395226080435223e-07 5.043797529877615e-07 1.1746772191401025e-07 0.0 1.4965655524041829e-07 3.4710380802289305e-07 0.0 0.0 1.1180271076810531e-05 1.432667391549267e-05 1.2721283323909256e-05 4.260297866055137e-06 4.5850575955496377e-07 3.391162802771549e-07 8.741458367729215e-07 0.0 6.939174430354554e-07 2.926801311054745e-06 0.0 1.8929736457806473e-07 7.652327834562439e-07 1.2167533636295855e-07 0.0 1.60002837482076e-07 0.0 5.509369758429101e-08 0.0 0.0 0.0 0.0 1.88870120334798e-06 0.0 0.0 0.0 5.4940032632616645e-06 0.0 0.0 0.0 0.0 0.0 0.0 0.0 0.0 5.073795786327075e-07 0.0 0.0 0.0 1.6883272518616988e-06 0.0 1.3892201950972043e-06 0.0 0.0 0.0 0.0 0.0 0.0 0.0 0.0 0.0 0.0 0.0 0.0 0.0 0.0 0.0 0.0 0.0 0.0 0.0 0.0 0.0 0.0 0.0 0.0 1.8852125425715393e-07 9.386475896953049e-08 0.0 0.0 2.0395658343053626e-07 0.0 2.2086297274167035e-07 0.0 0.0 0.0 0.0 0.0 0.0 0.0 0.0 0.0 0.0 0.0 0.0 0.0 0.0 0.0 0.0 0.0 0.0 0.0 0.0 0.0 0.0 0.0 0.0 0.0 0.0 0.0 0.0 0.0 0.0 2.436806298048135e-07 0.0 0.0 0.0 0.0 0.0 0.0 0.0 0.0 0.0 0.0 0.0 0.0 0.0 0.0 0.0 0.0 0.0 0.0 2.4349849745666154e-07 0.0 9.309814188124335e-08 2.9402972305443536e-07 9.654536381861074e-07 1.2563245069136938e-05 4.4347947860481076e-07 1.8955536313299476e-05 2.9341202275935353e-06 1.7088043052601684e-06 3.864701420756315e-07 1.0975714766388759e-07 7.102708972730168e-07 0.0 0.0 0.0 0.0 0.0 0.0 0.0 0.0 0.0 0.0 3.4174743639455096e-06 0.0
0.0001411022953792913 0.0002714809933119861 8.308147717851033e-05 0.00019566844229194718 3.5490981526237027e-06 0.0 6.241947230761352e-05 4.099324459405877e-06 6.466028510140607e-06 0.000459796273151954 2.6769558756864017e-06 0.0003230004445428113 5.5989856943582645e-05 1.0276243954416262e-05 8.671781447363211e-07 2.459050373063692e-07 0.0 0.0 0.0 0.0 0.0 3.6720109266588537e-07 0.0 0.0 0.0 2.27833709642078e-07 0.0 8.710427332209626e-07 1.1411969511220907e-07 0.0 5.5084282284400624e-05 4.1094750096249936e-07 1.7922539924536018e-05 4.72760868673561e-08 0.0 0.0 1.2307427232037251e-05 1.1835871218482657e-07 8.175317730583929e-07 4.1199466871766065e-07 2.3179528905345692e-07 6.399695467097692e-08 0.0 0.0 0.0 0.0 6.256083049001893e-07 0.0 0.0 0.0 0.0 1.7011463042238839e-06 6.714597362149534e-07 1.8391021866543978e-07 0.0 0.0 4.139898037845273e-05 9.70341529005748e-06 1.1702216473367402e-06 0.0 0.0 3.028345933828249e-06 0.0 2.1883842880930605e-07 3.614942288806882e-08 0.0 7.632731177173669e-08 0.0 1.1000141818674187e-07 0.0 3.966319254393e-05 6.7653014456339655e-06 9.275177302229058e-07 1.4183104007138577e-07 2.1539368723449345e-07 2.5010027863383973e-07 0.0 0.0 8.777862063643271e-07 6.98052371671943e-07 0.0 5.97483855485786e-07 2.205210872563869e-07 0.0 0.0 5.769278472266405e-08 0.0 1.4500975594801546e-07 3.25426418384604e-07 9.023877734587709e-07 6.067214988702162e-08 0.0 0.0 0.0 8.585241325259644e-08 0.00020597563718295696 6.109082102036041e-05 4.183395092955914e-06 1.1983616309361781e-05 0.00016635226404809685 1.127378347797167e-06 1.2691794642812014e-05 1.7833282005056134e-06 5.953773333474111e-07 2.859322940159613e-06 1.1184371070207504e-06 2.1652920868858986e-05 1.269497068322528e-06 1.1407005350328629e-05 2.2311353537228037e-05 2.3875394117991344e-06 7.439735981510772e-06 0.00010081514475339787 3.818730361082128e-06 8.949467733028863e-06 0.0 0.0 0.0 0.0 0.0 0.0 0.0 0.0 0.0 0.0 0.0 0.0 0.0 0.0 0.0 0.0 0.0 0.0 0.0 7.80523271793684e-07 9.286538374098137e-07 0.0 0.0 0.0 6.703985168974876e-07 0.0 7.379729677707029e-07 7.858477881931598e-08 0.0 0.0 0.0 0.0 0.0 0.0 0.0 0.0 5.19139308889387e-08 0.0 0.0 0.0 0.0 0.0 0.0 0.0 0.0 0.0 1.2024866883322154e-07 8.14582479958844e-08 5.5867634109146716e-06 0.0 0.0 1.092103761980165e-06 0.0 0.0 0.0 0.0 8.829592183743231e-08 0.0 0.0 0.0 3.78289604394077e-07 7.400421532080765e-06 4.359769643099158e-06 0.0 0.0 0.0 0.0 0.0 4.35641669215365e-07 0.0 0.0 0.0 0.0 0.0 0.0 0.0 0.0 0.0 0.0 0.0 0.0 0.0 6.231337335400879e-05 1.9360305032450793e-05 1.6147332307662178e-06 0.00012224206590330357 6.110088973582999e-06 2.1271019639965863e-06 2.7124780315253187e-06 0.00025474618388393513 2.1585994231589398e-07 0.0 8.963828860073257e-07 2.731348447652349e-06 0.0 9.33268559833087e-07 7.143755458327981e-08 9.792622522058965e-05 0.0 0.0 0.0 0.0 0.0 0.00014037523315915044 3.527578874980403e-05
0.0002885568068107697 0.0010129329382741017 0.0001111357755130143 0.00041831205408500606 0.0005889868741070649 6.241947230761352e-05 0.0 6.2083014609463765e-06 0.000598634106728564 0.0014145719677724465 4.688050454534783e-05 0.00010280085972175478 0.002712377063884511 0.0006879638421510171 7.675629388267722e-06 1.933544709427933e-06 1.5650258542197867e-07 0.0 0.0 0.0 0.0 0.0 0.0 0.0 0.0 0.0 0.0 0.0 0.0 0.0 7.978463185467077e-05 7.5442271035688625e-06 2.110697507393653e-06 0.0 1.309183055692422e-07 0.0 1.0376387731826592e-06 1.3596476744461134e-07 8.51742550168449e-08 0.0 5.0833122589006054e-08 0.0 0.0 2.806112593052771e-07 0.0 0.0 2.5858932647107535e-05 7.986665213646751e-08 0.0 0.0 1.6667357460321127e-07 0.0 0.0 0.0 1.8547177653096202e-06 1.1282467580178894e-06 1.121860484697786e-05 8.346657369967646e-05 6.700313590426051e-06 1.3209788917934969e-05 6.927654050063438e-08 1.445211646925386e-07 3.757540182669748e-08 2.382256985172514e-05 2.2769595591493394e-06 1.407710788672577e-06 7.412123585659301e-07 3.7573271497956103e-08 0.0 7.317509947995341e-08 7.304263678646624e-07 1.2384933684353757e-07 0.0 2.6198974860067842e-05 3.3589895323214716e-05 2.3760817453018466e-05 8.21563603108469e-06 2.450869193414385e-07 1.2171171585059143e-06 0.0 1.193340620392368e-07 5.94786400238459e-07 6.372721126222733e-06 0.0 5.75886206132406e-07 9.060845142743464e-07 9.387438848581102e-08 4.8482046601226803e-08 3.341601170836889e-07 3.890631932825706e-08 1.2460822521391615e-07 0.0 4.8587167924019064e-08 7.155319485253416e-08 0.0 2.5552068708340884e-06 6.095381807988202e-07 8.950346676541694e-08 8.560818935309846e-08 8.840070060049382e-05 7.064022346243173e-08 5.512345978310113e-07 1.526519629995786e-05 8.753388488421083e-06 2.789444994226921e-07 9.670475974910475e-06 1.968058272959403e-06 8.764129204256978e-06 1.4216192531371369e-05 1.3505212098343817e-06 0.0 4.131360738958648e-05 3.7631389233052904e-06 9.397258229514057e-07 8.444172175385501e-07 0.0 0.0 0.0 0.0 0.0 0.0 0.0 0.0 0.0 0.0 0.0 0.0 0.0 0.0 2.9146107738130954e-07 0.0 0.0 0.0 0.0 0.0 0.0 0.0 0.0 0.0 2.986829922341268e-07 0.0 0.0 6.555832783628003e-08 0.0 0.0 0.0 0.0 0.0 0.0 0.0 0.0 6.921459599218127e-08 0.0 0.0 0.0 0.0 0.0 0.0 0.0 2.828083849705774e-07 0.0 0.0 3.004778049579762e-07 0.0 0.0 0.0 2.8350928464496384e-07 0.0 0.0 0.0 0.0 0.0 0.0 0.0 0.0 0.0 1.003313037221633e-07 0.0 0.0 0.0 0.0 0.0 0.0 0.0 0.0 1.2171153401950188e-07 0.0 0.0 0.0 3.556058065732626e-08 0.0 0.0 0.0 0.0 0.0 0.0 0.0 2.3869477111980103e-07 0.0 6.962490304603047e-08 1.976089743577088e-05 6.59136286543749e-07 3.182735288010882e-05 4.1299221631064315e-06 1.4191787148187382e-05 1.2110882671988026e-07 1.7164915463136722e-07 7.893842917059809e-07 3.761399341326588e-07 0.0 0.0 0.0 1.6001942894137458e-06 0.0 0.0 0.0 4.907677162360993e-07 0.0 9.49666347861506e-06 3.149242455715632e-07
7.90463585428252e-05 0.00032175205074411764 0.0004166108791863191 1.3623895581655752e-07 3.889904027110149e-05 4.099324459405877e-06 6.2083014609463765e-06 0.0 1.686134745495083e-05 9.330457952299257e-05 0.0014233677166858923 1.3912419882515472e-05 3.901370209542785e-05 0.0004606973107883292 2.2121161416646532e-05 1.2663624412848145e-05 4.811127651215518e-07 3.2028573429257905e-07 0.0 8.726765662547689e-07 7.348092187087255e-06 0.0 6.23782812931976e-06 5.4611037608745244e-06 2.1967471051656603e-06 1.729409533437911e-06 6.078099247092848e-07 7.660185448119071e-07 2.8235391483908285e-07 1.6651590875787703e-07 0.0020056948919092263 0.00046184048589314417 6.692796361799912e-05 1.0777759993268153e-06 6.296873740935026e-06 4.203795658945179e-06 9.519581307752402e-06 7.677646723511918e-06 6.422315182908491e-06 3.31874435015446e-06 5.25496601848501e-06 2.7642187853369256e-06 3.200814196274265e-06 4.83452233328179e-06 9.780018626444119e-08 1.7870507240372193e-07 3.439720051411911e-05 1.169445407904997e-06 4.905923012376656e-07 1.447407764808908e-06 8.713574588079994e-07 5.9292295793414654e-08 8.233798016072087e-07 5.944307572766573e-08 2.5697186773931982e-06 1.9390116601808834e-06 2.2095765900417775e-05 0.00017926708040036157 1.2199840494855507e-05 1.0967096417459556e-05 1.7863324442515302e-05 5.6254731966572986e-05 2.048962750247713e-06 0.000163458999225655 2.5638294158653594e-06 1.3035891459538739e-06 1.1798737508401417e-06 7.623092336221928e-07 4.523973356161992e-06 1.3382647604366581e-05 1.614837135219411e-05 4.293477388320176e-06 0.0 3.6979011755150326e-05 4.535325874797039e-05 3.305842825020046e-05 2.306299215861014e-05 0.00015381511431535302 0.0005635492187635983 0.0009775856525679719 0.00021002252614315986 0.00032870192165908866 7.878336178836643e-06 0.0 1.5436726439506256e-06 1.4574499623479997e-06 5.936287530609437e-07 3.498941585144274e-08 4.6921488268735245e-07 2.968544206139095e-07 8.930619545483549e-07 2.423580184334981e-07 4.066975542992432e-06 2.2788145231756305e-06 8.742728423818754e-07 8.743252312541353e-06 8.09817683765847e-06 7.910958279426672e-07 1.2410667994580628e-05 3.2255824816766294e-05 0.0 0.0 0.0 0.0 1.6251668277949757e-06 3.750703835800649e-07 0.0 0.0 3.3331778223021734e-06 3.1646250215953386e-06 6.511465567410289e-07 2.671620564186738e-06 9.837236996998031e-06 1.2635820133194226e-06 8.02317912717508e-06 7.733162764148805e-07 0.0 2.65224350280611e-07 0.0 0.0 0.0 0.0 0.0 0.0 0.0 5.937015321201172e-08 0.0 3.1998351093785273e-07 0.0 1.5068506934936805e-06 1.0025919532203836e-07 1.1067898430586852e-06 0.0 3.723950744269771e-07 3.727685813070631e-07 0.0 9.990191982548388e-07 1.7914823529539186e-06 4.409673476123359e-07 5.4452590929785395e-06 2.457252153248421e-06 8.406690102758866e-06 6.440507114436275e-06 5.573865966758496e-06 4.6239664361255465e-07 7.109714669974971e-08 0.0 0.0 0.0 2.4800073565326036e-07 0.0 2.909300588716062e-07 1.1747240720267648e-06 0.0 0.0 5.464799623019153e-08 6.985249840272949e-06 1.0127543744632948e-07 0.0 0.0 0.0 1.68373404791056e-07 6.414821016346215e-07 0.0 0.0 0.0 6.894796397518184e-06 0.0 1.536743122097181e-07 0.0 0.0 0.0 0.0 3.1369865381828115e-08 4.231012200983256e-08 2.338290931016634e-07 3.976461185029461e-06 3.6926532024727893e-06 0.0 5.930234133348976e-08 2.447351281861489e-07 3.1091839549017816e-07 0.0 0.0 8.49067194392005e-08 8.630724274257565e-07 2.2311857844140994e-07 6.103584793022601e-08 0.0 0.0 0.0 0.0 0.0 0.0 0.0 0.0 0.0 4.1115166105329365e-06 5.467842184349757e-06 1.1370640007504746e-05 3.9976498277619914e-05 2.3614397968164694e-06 3.968101224534038e-05 8.82038515038541e-06 8.567295317590656e-06 3.656129756261303e-07 3.4154743008616107e-07 1.8333405762896765e-06 4.626891535289591e-06 0.0 6.183180194058569e-06 1.8615302302610615e-06 6.989716766656775e-07 0.0 0.0 0.0 8.735361790068001e-07 0.0 1.4035282633275731e-05 2.9384025792826213e-06
5.9887143506953057e-05 0.0009460002799351726 0.0005254288928175166 4.1609225828611475e-05 0.001127234108330793 6.466028510140607e-06 0.000598634106728564 1.686134745495083e-05 0.0 0.0003781710296220863 0.0006304289619027839 0.00012478638837587692 0.001060741500032114 0.00221344348378958 1.3997559324230815e-05 8.007332780838269e-06 5.185552043089261e-07 0.0 0.0 5.905819633505626e-08 5.989698279247276e-08 0.0 0.0 1.905386863344776e-07 9.275732514674265e-08 1.2812358682786438e-07 0.0 0.0 0.0 0.0 3.5321967588258745e-05 5.5653932046389335e-06 3.6775324159794304e-06 0.0 4.2914428849216255e-07 5.095625415569306e-07 9.019327223285286e-07 1.008543510725054e-06 3.2084932459627096e-07 0.0 2.860673109520909e-07 4.4284732327607214e-08 0.0 3.2159201672995586e-07 0.0 4.259263085767102e-08 2.412022924610392e-05 4.2316954124735474e-08 1.1662400055365074e-07 0.0 1.7488564043285582e-07 0.0 6.456362928900826e-08 0.0 4.853295034026856e-07 7.290692408640421e-07 3.0512837930767394e-06 1.4260065679882444e-05 2.2839874849758586e-06 6.591713318861095e-06 5.135768555706889e-08 7.851870061236573e-07 0.0 8.185321578619262e-06 6.599564451771201e-07 2.2791124787000504e-07 4.049273533278984e-07 7.820512841543535e-08 0.0 2.037171760823845e-07 1.8363912178065699e-06 8.803276096517298e-07 0.0 9.623772587833348e-06 1.0647632889641615e-05 1.1370207141919273e-05 4.901093894242675e-06 1.0260337284629227e-06 9.779343699565596e-07 7.006366239756261e-06 3.069626762760441e-07 2.2456189947537355e-06 2.8262989892752874e-06 0.0 5.374322266069018e-07 3.9116703278475295e-07 4.439484234952282e-08 0.0 7.140532708484538e-08 6.352388540673357e-08 0.0 3.7647434912169925e-08 1.9093575594155157e-07 4.9321206045493605e-08 0.0 9.764737441259464e-06 1.2539589310621076e-06 0.0 1.469746972989774e-06 2.6380447756709186e-06 0.0 0.0 0.0 0.0 0.0 0.0 0.0 0.0 0.0 5.870132395121316e-07 3.6661956312925674e-07 0.0 6.4183682719222825e-06 3.045700301865117e-07 3.95613171607213e-06 0.0 0.0 0.0 0.0 0.0 0.0 0.0 0.0 0.0 0.0 0.0 0.0 0.0 0.0 0.0 0.0 0.0 0.0 0.0 2.171377809195202e-07 0.0 4.979432982319972e-07 0.0 0.0 8.97725696051152e-07 6.117970178557917e-07 1.136812605461496e-06 0.0 4.6961718486956735e-07 0.0 0.0 0.0 0.0 0.0 0.0 0.0 0.0 0.0 0.0 0.0 0.0 5.870827370043041e-08 0.0 0.0 0.0 0.0 0.0 1.4789340336190382e-07 0.0 0.0 0.0 1.9985697664877597e-06 0.0 0.0 0.0 0.0 0.0 0.0 0.0 0.0 0.0 7.674691695739547e-07 9.228200361574912e-08 0.0 0.0 0.0 0.0 0.0 3.705705554523452e-07 2.9709906053720207e-07 0.0 0.0 0.0 0.0 0.0 0.0 0.0 0.0 0.0 0.0 0.0 1.1485164952829848e-07 2.385882482271903e-06 1.6669646451930384e-06 1.8852749461407315e-07 2.7509465073282176e-05 9.922551068287572e-07 2.6471993731744788e-05 7.497844273584719e-06 3.4042785338954736e-06 2.4307222369648807e-07 1.2609749392414757e-06 9.994958503446932e-07 1.780867688741379e-06 6.732969259832606e-08 4.5022010413702904e-07 0.0 2.2847348537908205e-06 0.0 0.0 0.0 3.420523753804607e-07 1.0642055075720222e-07 4.308097253473524e-06 5.232607275117856e-07
0.0006119372701895684 0.0009769748499904416 0.0003390782500537283 0.0009697342952919263 0.0007710045275903622 0.000459796273151954 0.0014145719677724465 9.330457952299257e-05 0.0003781710296220863 0.0 9.067205084267858e-05 0.001789987461710794 0.002508095964894584 0.00030974604666296983 0.0001535896337510585 3.5649119576510284e-05 1.598136180251263e-06 5.564539175930424e-08 3.982226744033819e-08 0.0 1.1128441405085648e-07 2.818132811587471e-07 1.3498586345588679e-07 1.9758827767602452e-07 9.088968279531069e-07 2.3231813054374896e-07 1.6098356336810798e-07 6.535037511477183e-07 1.7618947693723332e-07 4.116221552737049e-08 0.0003146423058478622 7.471121912583898e-05 5.750427432088966e-05 1.119511674963764e-07 4.408965482525992e-07 1.2445104245828131e-06 2.8290178772795025e-05 2.840070832960261e-06 5.399755758814679e-06 1.3515643070118971e-06 3.707505754038159e-07 3.995086003661189e-07 7.88036001624584e-08 1.4062090539527963e-06 3.012966079276031e-07 1.3546340138951022e-07 0.00045089939443808115 3.886066892968181e-06 6.384097085288119e-07 1.7410916071150668e-07 1.4467877566576894e-06 9.718927325411201e-08 8.04409665293892e-07 2.249219949677013e-07 1.8098646623497363e-05 1.4575612175112743e-05 7.427621703941165e-05 0.00038299514371068594 5.476372837614905e-05 0.0001422181972444805 6.896603109957124e-07 2.927079823563667e-05 2.106390768102814e-07 0.00013518923041166235 2.0839489512394186e-05 1.0471854110677141e-05 9.406180060628606e-06 2.4609516556012535e-06 5.178293467932749e-07 7.600251984343505e-07 5.419399460604513e-05 6.416691409117028e-06 0.0 0.00020370070771233293 0.00023430728120874957 0.00024762287121083874 6.425231870860419e-05 2.992420640173116e-06 7.666350996069892e-06 8.041599800061662e-06 1.177655382856432e-06 1.4803890951313989e-05 7.162291171835725e-05 1.2540543439675546e-07 6.674245109086152e-06 1.2254987773435418e-05 1.7193167854213616e-06 2.0800707358236566e-07 3.5861598081009968e-06 3.2633838199292807e-07 5.796762438703353e-07 2.1685672098213887e-07 8.849353313987351e-08 4.1893731683910786e-07 1.7525086270116976e-07 0.00039414192674055076 5.573017660529009e-05 1.6966082987401845e-07 2.9680206778509e-05 0.000537411808478253 7.122201480713801e-07 0.0 3.905198489550751e-06 0.0 1.7524397033454493e-06 1.5235628642481473e-06 1.1901527175627018e-05 2.2414590544798026e-06 1.0744633912128665e-05 1.3849223565637229e-05 8.76517204679924e-07 9.578992995202045e-06 7.79395149394503e-05 4.2223242469695184e-06 2.0494176615078865e-05 1.5641070011139675e-06 0.0 8.086211458950009e-08 0.0 0.0 0.0 0.0 0.0 0.0 0.0 0.0 0.0 0.0 0.0 0.0 0.0 6.475789805544445e-08 0.0 0.0 1.5960560505189613e-06 1.1878905867449285e-06 0.0 0.0 0.0 6.558560242798311e-06 4.957645557974424e-06 9.681400974941736e-06 4.319864174486309e-06 6.167871522612175e-06 2.508957448204361e-07 1.5703595661796882e-07 0.0 0.0 0.0 0.0 0.0 0.0 2.717047679922293e-06 0.0 0.0 0.0 1.154123832548145e-06 0.0 0.0 7.516840863273114e-07 0.0 4.63936078695516e-07 9.902759776318341e-07 1.4178467924045297e-06 0.0 0.0 1.790924800733507e-05 0.0 7.965269755443963e-08 0.0 0.0 0.0 0.0 0.0 7.314691745428042e-08 0.0 1.0928512520158535e-05 2.738666894371164e-06 0.0 4.15952173964982e-08 0.0 5.592353666099366e-07 0.0 1.850553657624917e-06 6.516465312682652e-07 0.0 1.2395166435136427e-07 0.0 3.885137764791917e-07 0.0 1.0035376900707239e-07 3.714725237303625e-08 0.0 4.315643993249634e-08 3.964687037396451e-08 4.449285540368645e-07 1.353932798616458e-07 2.800163815017419e-05 5.948153382797865e-06 1.3652984101658757e-05 0.0005133600866235543 1.2334716137110708e-05 0.000462810930436097 8.585095820937482e-05 0.0002587524459149507 7.677570795582987e-06 1.442959627637669e-06 2.0254465874402084e-05 7.01580707131383e-06 1.0092745147419572e-07 3.893639763342287e-06 1.354139799145574e-06 2.503783902536256e-05 0.0 8.669780229454639e-08 0.0 3.0637173778747434e-06 1.1307518847476847e-06 0.0001793614670791135 1.5682685771504236e-05
4.364334698019614e-05 0.00022277246662419327 0.0004388900963737743 7.306891980697334e-06 0.00017097356914414416 2.6769558756864017e-06 4.688050454534783e-05 0.0014233677166858923 0.0006304289619027839 9.067205084267858e-05 0.0 0.0001329280995501162 0.0004744695492691249 0.0019403853411054136 3.7436518996629214e-05 3.904804190446965e-05 3.1232802863873178e-06 3.6985106740444606e-07 3.0733314187873495e-07 4.851790247270443e-07 1.942946900982369e-06 6.51422993793313e-07 5.951220112959093e-06 9.824587732553817e-06 6.6207635790206425e-06 6.653114410578106e-06 1.8610507700105938e-06 2.6707412584462916e-06 4.6621078921209955e-08 6.350419170103548e-07 0.0003076521699874421 7.233574997019508e-05 0.0005660314787347629 2.7556514889828617e-07 1.3423906272858887e-05 3.1874913419659334e-05 4.554687748440035e-05 6.264401703355488e-05 1.363118305253393e-05 5.047859202462127e-06 5.2401978946450635e-06 2.2450007475308203e-06 9.508621666567415e-07 2.599912751939089e-06 4.7266741753549006e-07 3.4565564353949303e-07 4.380431465217257e-05 3.448038850297911e-07 3.647650940278247e-07 9.724007406312868e-07 4.117239519925523e-07 1.3479830665955072e-06 1.189973807964393e-06 0.0 1.2706251849834498e-06 1.047877473822877e-06 8.275220163983615e-06 5.017221750557127e-05 4.709782077895676e-06 9.928214113290678e-06 1.161582566076916e-05 7.155970364163401e-05 2.0784875895509643e-06 2.790112287068809e-05 1.0826881680040013e-06 4.40753705048154e-07 5.235262977356419e-07 3.0904575762544e-07 7.802721225325708e-07 5.2225795738561615e-06 2.9929877907080224e-05 3.832035791883572e-06 1.9943606887827062e-07 1.7734845603644547e-05 1.842462445990325e-05 2.5093139246483168e-05 1.800843261678204e-05 2.041565822791891e-05 3.5419143746004094e-05 0.0004046981856666502 4.595119497195023e-05 0.00031725410096741704 4.776412129650236e-06 0.0 4.964496688033878e-07 1.122073832817541e-06 2.907370417629658e-07 0.0 2.683947528541725e-07 5.544667333147166e-07 1.7506238240373793e-07 1.2743275421202524e-06 1.7788951155056331e-06 2.300233909919431e-06 1.8399225174355462e-06 9.701981091062496e-06 4.952284693289097e-06 1.660079845897515e-06 1.1005440896653187e-05 9.81427066163808e-06 0.0 0.0 0.0 0.0 5.914792047375347e-07 3.6527009670471666e-07 0.0 0.0 2.2775312726762624e-06 7.458144209547638e-07 4.353668639805509e-07 1.5994982529140624e-06 8.947083809093369e-06 8.018787486752431e-07 9.240484568725768e-06 3.6798574940664584e-07 1.0548542251362462e-07 0.0 0.0 0.0 0.0 0.0 0.0 0.0 0.0 1.4891812735062822e-07 0.0 2.2907469427576066e-07 6.897845227897002e-08 1.042991851767482e-06 0.0 1.534988125719606e-06 2.0960984470164474e-07 9.932437550989469e-08 1.269575955041375e-06 7.85987299620836e-08 0.0 1.578959495296745e-07 3.7882776703652926e-07 2.4446414283878e-06 3.533114425187956e-07 4.417721187449248e-06 3.917780885342806e-06 5.541956920193203e-06 2.2946323898145717e-07 0.0 0.0 0.0 0.0 0.0 0.0 5.66695921318733e-08 2.711917346215365e-07 1.887752296109412e-07 0.0 5.5309201496312626e-08 3.4622038651600905e-06 2.472402477431197e-07 0.0 7.33473261580992e-08 0.0 1.003467647443924e-07 2.5500362115103794e-07 0.0 4.84232014700436e-07 0.0 4.013797541735621e-06 2.255540785681995e-07 0.0 0.0 0.0 0.0 4.849257128594809e-07 0.0 2.2111786621693538e-07 1.1484347968171116e-07 3.9748923449543275e-06 4.005384618900655e-06 0.0 0.0 1.8421035831478096e-07 0.0 0.0 1.8832953184325374e-07 2.9680676795736613e-07 5.991256575271062e-07 1.166720713858359e-06 0.0 0.0 0.0 0.0 0.0 0.0 0.0 0.0 0.0 2.1609874714682595e-07 2.342864212448987e-06 3.289300162084771e-06 8.174643201797145e-06 7.22011338837508e-05 2.878531454520831e-06 6.41280137790822e-05 1.7748623149724638e-05 7.767477167047843e-06 2.766419640870729e-06 1.8216531086488388e-07 4.0605034823381085e-06 3.6284033376123955e-06 0.0 1.6531078752713715e-06 9.093958771860415e-07 8.682707810231036e-08 0.0 0.0 0.0 3.5131767717440865e-06 0.0 1.1689660850141097e-05 2.3862753163263793e-06
8.075908156270029e-06 2.809329066316533e-05 4.696391317027545e-05 3.937185067171149e-07 3.0398592965869646e-05 0.0003230004445428113 0.00010280085972175478 1.3912419882515472e-05 0.00012478638837587692 0.001789987461710794 0.0001329280995501162 0.0 0.0005781492951533976 0.0002744149530368824 3.455522127078717e-05 3.0472182023370893e-05 2.8737871657904196e-06 2.553916637590513e-07 2.3730159350553038e-07 1.06309386330152e-07 2.9617572441635454e-07 6.669507053539838e-07 7.621120957261385e-07 1.8570053510453643e-06 3.4190115360024845e-06 2.1055659507202255e-06 1.1561051494564019e-06 1.298977654887833e-06 4.3958187719750167e-07 2.6466608938518453e-07 1.5153727178515017e-05 7.671960406281199e-06 0.00014268001496587794 5.399374860339418e-08 4.343968284714757e-06 1.2565062709373312e-05 0.0005136385384037616 6.6613266578802e-05 4.078411711460133e-05 6.3007444119744605e-06 1.4487967283890524e-06 3.8663915174219305e-07 6.916371197840565e-08 2.0161609202055905e-06 3.451695555996079e-07 2.4769020975470194e-07 6.142610300298887e-05 1.4463879542046546e-07 0.0 3.3819418505486717e-07 8.558556985247239e-08 1.763041072728621e-06 1.9214355765663705e-06 6.88778605945622e-08 7.326808510174388e-07 7.327762997870067e-07 4.263336726208537e-06 8.234894583066446e-06 3.5390980774938154e-06 1.0527479501016595e-05 3.6395036880866737e-07 1.535614665803041e-05 3.5218181597841235e-07 1.0685809248598867e-05 1.425785397903869e-06 4.2343010842643937e-07 2.1489495719222886e-07 5.7491357477830886e-08 3.406126174468415e-07 1.5254064952124469e-06 0.0003056095666343014 8.927915426682685e-06 0.0 1.3258163547909713e-05 6.254490947458381e-06 1.3798914256456175e-05 1.1708536122270007e-05 3.6940789841587568e-06 5.238796837683581e-06 2.1213319650141447e-05 8.824130508602362e-07 1.882746246641995e-05 2.9493699133213957e-06 0.0 1.9411795781066722e-07 4.256030365698237e-07 2.0224283079122003e-07 5.5649236392992384e-08 4.4408273462547183e-08 4.487962268358456e-07 1.0908776537835518e-07 2.249218299927483e-06 3.823313903239277e-07 4.82704547474394e-07 2.52171024160443e-06 0.001039587161660529 0.00011426105486904936 1.610335134801929e-06 9.958968615283497e-05 3.937059440896259e-05 5.186419380972789e-07 5.067354984839939e-06 5.174191007084304e-06 7.829187368030665e-07 9.97817362894794e-06 1.1659381300637475e-06 1.6454290859564395e-05 1.7073784231546645e-06 4.0387145976055806e-05 4.364935367519924e-05 3.7975699993602422e-06 2.5912911702180875e-05 0.00025977021422970514 2.0377787919018013e-05 7.015996104277354e-05 8.287565792026766e-07 6.082977915095332e-07 1.3240471555045045e-07 2.648062033300806e-07 0.0 0.0 0.0 0.0 1.508498262485533e-07 2.747379824158227e-07 0.0 0.0 6.549867863152133e-08 1.1678709622678713e-07 3.464546889652879e-07 0.0 4.007111852862764e-07 7.69117821662238e-08 0.0 3.744432470763106e-06 4.706734090323679e-06 0.0 0.0 0.0 1.6689660757758413e-05 3.516134170134806e-06 1.1833897709193375e-05 2.519341366253783e-06 4.5480466340062815e-06 0.0 0.0 9.486496624566888e-08 0.0 1.0988257883796348e-07 0.0 0.0 1.0636779033265647e-06 1.2688797679123864e-06 1.0475582437023397e-07 0.0 0.0 1.4371013491232927e-06 6.717320955167678e-07 1.0618886136772299e-07 0.0 0.0 2.4146104602742817e-07 1.904926898830063e-06 2.428813498276724e-06 0.0 0.0 1.961061314366134e-05 4.5718906934989755e-07 0.0 0.0 0.0 0.0 0.0 0.0 0.0 1.6583960828355314e-07 3.5469508196269994e-05 6.170557494168209e-06 3.137976746542231e-07 0.0 3.2879565522710636e-07 2.3750085455750194e-06 0.0 2.14490972265493e-06 1.8949471694155793e-06 1.6497740829388876e-06 1.2538372046516513e-06 4.889195269421184e-07 0.0 0.0 0.0 0.0 0.0 0.0 0.0 6.391396509677568e-08 0.0 0.00011398813453045632 2.4591461948201092e-05 2.3493329861566918e-05 0.00014432520603744868 3.4050721889439985e-06 7.656654190451114e-05 1.9555668127960263e-05 0.00015515846035562888 2.7493124053135094e-06 1.5738240401934484e-07 6.022095206958468e-06 1.4052132966966956e-05 0.0 4.888007786882055e-06 3.621806408850684e-06 4.858269826478929e-05 4.1230721017977576e-07 0.0 4.0126160628502165e-07 2.4667805147778084e-06 0.0 0.00020012458288949647 4.187939131501918e-05
