0.0 0.0014870732730751558 0.00021279029715188779 0.001193938038546017 7.876454743202527e-05 7.428030904445717e-05 0.000309145533944932 9.254061210905176e-06 3.1497879160472714e-05 0.001345823757841683 4.806497081364873e-05 5.8073655351302656e-05 7.834046258504866e-05 4.803466655077224e-05 9.207344048148457e-07 5.978800081721138e-07 8.17181198422529e-08 0.0 0.0 1.8181666614326906e-07 0.0 0.0 0.0 0.0 0.0 0.0 0.0 0.0 0.0 9.905388844441201e-08 0.000324148168704621 2.552540456640546e-07 5.6850861352503476e-06 1.3254183830981839e-07 0.0 0.0 2.3434885561160707e-06 5.384703305537665e-07 8.427954023453055e-07 8.021149435645987e-08 6.49589045120233e-08 0.0 8.907013714757276e-08 8.204346590401756e-08 0.0 5.905465212086428e-08 1.019953934233712e-05 4.07055762962861e-07 8.291164986498122e-08 2.4029469505538915e-07 4.273162396152217e-08 0.0 0.0 1.4387887862632443e-07 1.2158492381357413e-05 1.5168635454149347e-05 8.299224424591373e-05 0.00024404213754935985 6.17882960717228e-05 9.602134989011631e-06 9.263430080641622e-08 1.410304221023319e-07 1.549996947101618e-07 9.574064362293429e-06 3.665507240717169e-06 1.535802212773517e-06 7.579580918274377e-08 3.1762146482139117e-07 5.361855968102487e-07 0.0 2.689784537480018e-06 4.903859526091657e-07 5.574878551677109e-08 4.9675396723731755e-05 8.903685261476082e-06 7.997901922671402e-06 1.0097099174521935e-06 3.0120369559046607e-07 1.4291604975689795e-07 1.268752982376302e-06 1.7501360912246425e-07 2.2758701264708055e-07 1.3571428391738896e-05 9.613996814787054e-08 1.2741061792925403e-06 1.129709095095944e-06 4.3770389932895225e-07 4.931282683607867e-08 2.271709818489828e-07 5.071183122025682e-08 0.0 0.0 7.758781184072739e-08 3.72576432523446e-08 0.0 1.6823259746781292e-05 9.391650021960207e-07 0.0 3.519686059390104e-07 0.0003539712714687318 0.0 1.5141432271227483e-07 0.0 8.274314293814328e-08 0.0 1.1030040400504852e-06 0.0 2.750353356606522e-07 2.9308607344770634e-05 7.744712752717868e-07 0.0 1.757761220533283e-06 4.860733339020098e-07 1.008270338059381e-06 1.1069519936358712e-06 0.0 0.0 0.0 0.0 0.0 0.0 0.0 0.0 0.0 0.0 0.0 0.0 3.701543749303235e-08 0.0 0.0 0.0 0.0 0.0 5.31143158301852e-07 0.0 0.0 0.0 0.0 0.0 2.709227449855054e-07 3.3674441044132285e-07 1.2018685308587155e-07 2.139400263653743e-07 0.0 0.0 0.0 0.0 0.0 0.0 0.0 0.0 0.0 0.0 0.0 0.0 0.0 0.0 5.019077863882218e-08 0.0 0.0 6.824446029952774e-08 0.0 0.0 0.0 0.0 0.0 0.0 0.0 0.0 0.0 0.0 0.0 0.0 0.0 0.0 0.0 8.88458506571915e-07 0.0 0.0 0.0 0.0 2.578358447699119e-07 0.0 0.0 2.215053247290796e-07 0.0 0.0 0.0 0.0 0.0 5.329939428525513e-08 0.0 0.0 0.0 0.0 0.0 0.0 2.5746066289963925e-07 3.3600396607232246e-07 1.0071574743242866e-07 0.00011345487162590412 1.6661308423029698e-06 5.203330426948616e-05 6.9127723511940725e-06 0.0003103859371244821 2.1061436140670173e-05 2.7040963751761873e-06 1.2032570272364923e-06 5.611976663227165e-06 0.0 0.0 0.0 2.8064912297635464e-06 5.5232103986252246e-08 0.0 4.671853235267005e-08 4.1269810839401995e-06 0.0 0.00013588406666365419 1.202404083673055e-06
0.0014870732730751558 0.0 0.000481657625829815 0.0001621817965204001 0.001240469344482971 4.0602407736546276e-05 0.0009386521702995819 4.242850502003613e-05 0.0010866863193610384 0.000328659057925805 0.0002163745094546001 3.728368906549094e-05 0.000650838303946947 0.0008087265166262215 3.7477951678427714e-06 2.288948036891682e-06 2.0135013503714462e-07 0.0 0.0 2.401936888108269e-07 0.0 0.0 1.1793725093558094e-07 1.371902586325292e-07 0.0 4.863323623792802e-08 1.0193415164890184e-07 0.0 0.0 0.0 0.0006372297353999765 3.3346245465135265e-06 1.3193705317767254e-05 2.70544226546367e-07 1.8236925440004424e-07 5.20690949822231e-08 6.603721660492583e-06 2.5001785391294054e-06 1.2035488735640381e-06 1.6636222990964274e-07 0.0 2.776417641814031e-07 1.8068673199733162e-07 2.0555114041618222e-07 1.717207391097607e-07 3.3831924763367387e-07 4.0536020798043924e-05 8.035812300785068e-07 1.2332527055744845e-07 4.5407144518485455e-07 1.3425218390862702e-07 5.102496747979673e-08 1.825434553492085e-07 0.0 2.3376997997118565e-05 3.134215085819943e-05 3.3987102715361964e-05 0.0002183032159490142 6.786036907644526e-05 2.7796805299142928e-05 4.81969837926802e-07 9.840522128307025e-07 5.272399234813684e-07 2.593949163683988e-05 7.270280486121795e-06 3.2937693680856134e-06 4.805056116348922e-07 5.019073871655715e-07 9.60690697020163e-07 1.0579627819253948e-07 3.7352442604606426e-06 1.1170682489701724e-07 0.0 8.883921075110317e-05 2.518504344935925e-05 2.9099444740096632e-05 4.4471786392749525e-06 2.3955411838924773e-06 5.437656809821849e-07 3.153479990643274e-06 1.629721856070131e-07 9.420834071908018e-07 3.159293982290039e-05 2.447722568258693e-07 3.3360864328361795e-06 3.032969402956409e-06 6.878269781333957e-07 1.4427193809484273e-07 7.454016536088837e-07 0.0 1.9457390461282702e-07 4.1809361358628264e-08 2.9863636466314005e-07 3.903451916012562e-08 2.763276048095345e-07 5.766492246564195e-06 5.041848882768408e-07 0.0 4.67109150679408e-08 0.00020785110329157129 1.2288854137624738e-06 2.8611294099215294e-06 1.546570830555604e-05 7.514073610058323e-07 1.460840883835142e-07 2.1759256422303674e-06 1.2724085738501343e-06 2.1412757941806934e-07 6.224792765103038e-06 9.310627056571399e-07 4.8313228686348505e-08 5.884496360008621e-06 6.16776530440573e-07 1.1162187031703135e-06 4.5395167838976196e-07 0.0 0.0 0.0 0.0 0.0 0.0 0.0 0.0 0.0 0.0 0.0 0.0 0.0 0.0 0.0 0.0 6.573345473430267e-08 5.4695525431964654e-08 0.0 1.5992367482470633e-07 0.0 0.0 0.0 0.0 5.365042872184856e-07 0.0 7.400769326323447e-07 2.600063571249321e-07 1.3274482991434804e-07 0.0 0.0 7.514481108565031e-08 0.0 0.0 0.0 0.0 6.223600817400739e-07 1.3310123957795434e-07 0.0 4.148479042989264e-08 0.0 1.2856841315372876e-07 7.59259120562355e-08 2.800185930536829e-07 1.793423307811936e-07 1.1975145561818286e-07 6.970492078537184e-07 3.3695210238260395e-07 2.100774248342038e-07 0.0 0.0 0.0 4.897991448517875e-07 7.741813930031188e-08 1.556612270399623e-07 0.0 0.0 3.679075381982456e-08 0.0 0.0 0.0 1.2288681830797637e-06 0.0 0.0 0.0 0.0 0.0 0.0 0.0 8.314831721137977e-07 6.488033953426614e-07 1.8861390092425403e-07 0.0 3.9752330227483996e-08 0.0 8.79819727641867e-08 0.0 0.0 0.0 0.0 0.0 0.0 3.626521828857065e-07 1.9362108253596382e-07 6.097001253796981e-07 9.217018772265024e-05 2.741389030546367e-06 0.00015099840978685016 1.9809400950631593e-05 0.00018584715067746977 3.8113437055694627e-05 3.7840474664704486e-06 7.611516028989673e-06 2.051604509314705e-06 0.0 1.6777903379595683e-06 1.805156811188607e-07 2.9181507045230096e-06 4.6836880013232255e-08 0.0 6.61098779830354e-08 9.637699974851204e-07 0.0 9.923884998261205e-05 8.87227233981546e-07
0.00021279029715188779 0.000481657625829815 0.0 3.0294708604279474e-06 0.000349208464132576 3.7542022775874196e-06 2.1230060514732204e-05 0.0007819442501921704 0.00034001219786314405 4.238439059080512e-06 0.0006123729307942762 1.885523448129431e-05 0.00010257720906760698 0.000494307872608692 7.617365016727086e-06 8.254128221190654e-06 1.0540921172623014e-06 3.1884540861639164e-07 3.2109140902072764e-07 1.1327427035086621e-06 3.2204368617324335e-07 0.0 1.3287355794662506e-06 1.0937180658376402e-07 1.5812849295568995e-07 0.0 2.26680823855421e-07 0.0 0.0 0.0 0.001930068614416554 4.886600437378696e-05 3.6141227446832356e-05 3.6198669766886114e-06 6.43156472546983e-07 2.7674096343850576e-07 2.1604225562000483e-05 1.3956438689471112e-05 3.922114898858659e-06 1.8046258188373896e-06 7.924359681639145e-07 2.0820453296498942e-06 3.5223440022029147e-06 6.09557521300587e-07 2.8681479918068563e-07 3.5378540178059523e-06 1.5883659638520977e-05 2.592565269440019e-06 1.3914174578545375e-06 5.265779100445636e-06 4.404461567998945e-07 2.2386012350474377e-07 9.863917478965688e-08 1.5248575616977223e-06 4.345856393957785e-06 4.729511141379999e-06 7.968896398099124e-06 8.636540432407096e-05 1.3411602430300395e-05 6.708412293012107e-06 2.376761406565911e-06 1.360423926290341e-05 3.2413190300425143e-06 3.306537359631827e-05 1.3594604190338127e-06 5.39514344991676e-06 1.084933407454328e-06 8.154339008334881e-06 1.1113313649927894e-05 1.149375601295493e-06 1.4112030842250472e-05 4.211948916952446e-07 0.0 2.233542145457682e-05 1.5071604039307535e-05 1.2301262609941727e-05 6.204264654831171e-06 4.061187340757631e-06 7.3345985450309855e-06 9.929661571380903e-05 1.7912068557117907e-06 1.8821956671158702e-05 5.329902708783787e-06 4.768517569252905e-08 3.023161915744766e-06 1.2295074929867082e-06 1.0583458203225835e-05 0.0 4.4692005328850203e-07 0.0 1.242864267713911e-07 0.0 3.848381765290808e-06 3.6645238620803704e-07 2.0974094978540414e-06 4.229338874929826e-06 3.66575107833549e-07 0.0 1.4842745890085734e-06 3.8576317540984804e-05 4.6274885254886305e-08 0.0 8.31505365396314e-08 0.0 0.0 4.378427938428524e-07 0.0 0.0 7.537669242269944e-08 1.2140511160064758e-07 9.672528391986927e-08 5.167138384132022e-07 3.3118942541657374e-07 4.257676607827389e-07 2.7399870888159736e-07 3.535113945860468e-08 0.0 0.0 0.0 0.0 0.0 0.0 0.0 0.0 0.0 0.0 0.0 9.186052571716588e-08 0.0 5.76701537976587e-08 0.0 0.0 0.0 0.0 1.6136692590028817e-07 0.0 0.0 0.0 0.0 7.583880954182962e-07 0.0 5.890501268960268e-07 5.680845123099294e-07 1.4240108459237206e-07 0.0 6.486516004004912e-08 0.0 0.0 0.0 5.9020447190431187e-08 0.0 0.0 3.4170635167605415e-08 0.0 0.0 0.0 2.402666503927134e-07 7.090310830855265e-08 0.0 0.0 0.0 0.0 0.0 0.0 0.0 0.0 0.0 1.761926447403558e-07 1.2350657300733388e-07 0.0 0.0 0.0 0.0 0.0 8.628955721623467e-08 0.0 7.644539747021517e-07 9.641415834375064e-08 0.0 0.0 1.7019101407689467e-07 0.0 5.124826990091514e-08 0.0 0.0 9.638672562820311e-08 0.0 0.0 0.0 0.0 0.0 0.0 0.0 1.325593108573458e-07 0.0 0.0 0.0 4.841034644401605e-07 9.157331008096011e-07 9.207362406562304e-07 4.003674296517251e-05 5.891165397694311e-06 4.9675175385369525e-05 1.6240305271853925e-05 1.9870724941654644e-05 7.010781374885471e-06 4.372968204431301e-07 2.6945740757245288e-06 1.0180775251255273e-06 0.0 2.967267690793857e-07 5.719944406663825e-08 5.710432242222221e-07 0.0 5.839938962649739e-07 3.659231102228128e-08 0.0 0.0 1.612157166206603e-05 3.931643504279771e-07
0.001193938038546017 0.0001621817965204001 3.0294708604279474e-06 0.0 1.1064622946026556e-05 0.00021064934398497517 0.0004690242186673792 9.367816080052655e-07 1.5631970954183717e-06 0.0012539256796363963 1.0629539217802434e-06 0.00024256475458651975 0.00018902101601111988 5.979665925712844e-06 4.1561727628288733e-07 9.58255584554972e-08 0.0 0.0 0.0 0.0 0.0 0.0 0.0 0.0 0.0 0.0 0.0 0.0 0.0 0.0 6.261506432525928e-05 3.498071096050126e-07 7.136543144988268e-08 9.328531930174729e-08 8.961341506589729e-08 0.0 5.3736470236495486e-08 4.755744775670153e-08 1.3142354864352063e-07 0.0 0.0 0.0 0.0 9.463616636096911e-08 0.0 0.0 7.477738514984195e-06 0.0 0.0 0.0 0.0 0.0 0.0 0.0 3.624179796464109e-06 4.394925001437098e-06 7.083451442644292e-06 2.9625038412155786e-05 1.117206239550743e-05 4.1417963297422715e-06 0.0 0.0 0.0 4.144521828604002e-06 1.1133429975149118e-06 1.0137459302293294e-06 0.0 8.967032906285491e-08 0.0 1.2435838009753305e-07 7.419141494410011e-07 0.0 1.5213218040417635e-07 1.1687769927664763e-05 3.3031265321477067e-06 4.320508990240809e-06 8.171142980312454e-07 1.7307469252916674e-07 5.389203302455479e-08 1.882735388455766e-07 3.1599679182053214e-08 6.091565910263866e-08 4.960270968755329e-06 0.0 7.633755898166814e-07 2.638614404485274e-07 0.0 0.0 2.689435710132734e-07 4.416082356542669e-08 0.0 0.0 0.0 0.0 5.308602289181745e-08 8.24117173856422e-06 1.2869009505192953e-06 9.215155028713972e-08 4.4775142717268705e-08 0.00015231984082445205 6.1979476062195896e-06 2.9283851041183032e-05 3.2700951140725705e-05 3.85886606835748e-05 1.455680595965988e-07 1.4164705727007183e-05 1.852339391207895e-05 1.2761617738049501e-06 2.3011485931781776e-05 2.292521853579368e-05 1.3234052227480644e-07 1.7889976304158263e-05 3.4472499943850418e-06 1.9591422501583005e-06 7.421576577734866e-07 0.0 0.0 0.0 0.0 0.0 0.0 0.0 0.0 0.0 0.0 0.0 0.0 0.0 0.0 0.0 0.0 0.0 0.0 0.0 1.1060125382327088e-06 3.141933136968776e-07 0.0 0.0 0.0 4.2377219736076046e-07 0.0 5.646740260591837e-07 0.0 0.0 0.0 0.0 0.0 0.0 0.0 0.0 0.0 3.649874512230721e-06 7.588298979325936e-07 0.0 1.881429347582465e-07 0.0 8.361728901255609e-08 0.0 5.016328356294825e-07 1.4232256245091386e-06 7.9116674319546e-08 4.685434801486672e-06 2.5186727353014052e-06 1.187872000377375e-06 0.0 0.0 0.0 1.054770734573115e-06 6.412636792829491e-07 1.089184907213545e-06 4.2254512097927034e-08 0.0 0.0 0.0 0.0 0.0 1.4182282952461932e-06 0.0 0.0 0.0 0.0 7.235035743870545e-08 0.0 0.0 5.90387152109446e-06 2.6314868231602767e-06 8.04917113573427e-07 4.5391807666435526e-08 0.0 0.0 1.1015601682856735e-07 5.252403396153934e-08 0.0 5.5761403283748035e-08 0.0 0.0 0.0 2.2034493543158806e-06 2.667090956131854e-07 2.2582663017142182e-07 6.038161917604405e-05 2.998318937131539e-07 3.276944340172972e-05 3.7289347621110122e-06 0.0001455833166478292 8.642304258376709e-06 8.158152100429345e-07 1.1446123214108507e-06 4.83696541163751e-06 0.0 1.0618283044841907e-05 1.064121965662099e-06 1.70011554607777e-05 2.109912591767219e-06 2.1412702283758606e-07 5.4847125133860314e-08 0.0 0.0 4.842989982741793e-05 3.3169458631389553e-06
7.876454743202527e-05 0.001240469344482971 0.000349208464132576 1.1064622946026556e-05 0.0 4.859199356583643e-06 0.0006102810350536946 1.1448399916774477e-05 0.002054682505507608 0.00014527962202145334 0.00013015011838022947 8.328899391929991e-06 0.00032492335645050455 0.0007421646871227272 1.0429919919850794e-05 3.3092742287626044e-06 1.5108127485879656e-07 0.0 0.0 0.0 0.0 0.0 0.0 0.0 0.0 8.86981111760613e-08 0.0 0.0 0.0 0.0 0.00036482545667254103 6.531443923693791e-06 1.9349346533342613e-06 4.929544170956956e-08 0.0 0.0 1.4012845982550453e-06 4.3605729239459763e-07 1.1012939712849014e-07 9.999287468810977e-08 0.0 0.0 0.0 1.060251901289998e-07 0.0 3.7063568591683174e-08 6.0130891091340244e-05 9.015265296756202e-07 9.769258583139957e-08 1.9398144945766586e-07 1.7964231891957876e-07 0.0 5.122104116774364e-08 0.0 1.5877987276208974e-05 1.9967894146591492e-05 8.934990104531764e-06 7.007575938421429e-05 3.0718914625529596e-05 2.63640397219645e-05 4.729816663268842e-07 5.76048060036607e-07 5.550250885203927e-08 3.241919050321197e-05 5.410864639731642e-06 3.0302235000290028e-06 3.0102938973607983e-07 2.560152437828032e-07 5.665053565192738e-07 0.0 7.577530717638798e-06 4.378232027926478e-07 0.0 5.684749906437418e-05 1.7821047850155297e-05 4.260003241007969e-05 8.410946462493998e-06 3.927142912899033e-06 2.3498816930679583e-07 1.2968546756103769e-06 1.525574370337404e-07 3.439232029988496e-07 2.2064023815307556e-05 6.31349990104222e-08 2.454870186481089e-06 2.270332902482944e-06 2.2563476434848983e-07 4.797416626681005e-08 5.760762358308104e-07 0.0 0.0 6.333453457069445e-08 0.0 0.0 0.0 4.555302764343208e-06 5.391741892266019e-07 0.0 1.3449759801931147e-07 1.553438108804884e-05 0.0 0.0 9.452552049212055e-08 1.1074399019952286e-07 0.0 1.1178043805689356e-06 0.0 3.3929315274612095e-07 8.37267442071352e-07 1.580104588451801e-06 1.802912917630812e-07 3.443337268556003e-06 2.1257314221174577e-06 1.8466682096624408e-06 2.4497484337968076e-06 0.0 0.0 0.0 0.0 0.0 0.0 0.0 0.0 0.0 0.0 0.0 0.0 0.0 0.0 2.848053454817429e-07 0.0 0.0 0.0 0.0 2.656932517242182e-07 0.0 0.0 0.0 0.0 1.3140832747861822e-06 3.256956992133925e-07 1.5403918949140217e-06 1.4725723765283918e-07 3.088741352129e-07 0.0 0.0 0.0 0.0 0.0 0.0 0.0 3.1015445682261243e-07 5.764787309412389e-08 0.0 0.0 0.0 0.0 0.0 6.437685537207563e-08 0.0 5.392813790511929e-08 0.0 2.553913607715574e-07 0.0 0.0 0.0 0.0 0.0 0.0 6.178354000407216e-08 0.0 0.0 0.0 0.0 0.0 0.0 2.7696121836292565e-06 0.0 0.0 0.0 0.0 1.798768578555847e-07 0.0 0.0 2.9314090169572833e-07 0.0 0.0 0.0 0.0 0.0 6.297958192406011e-08 0.0 0.0 0.0 0.0 0.0 0.0 2.0010485585122073e-06 1.2284447535494825e-06 1.1413394241867983e-06 0.0001857635619255916 3.835013934718822e-06 0.0001959590666014353 3.1671855609547915e-05 9.581606129541638e-05 3.808195688978671e-05 2.5333052070664517e-06 1.9359513763872695e-05 5.098855546005456e-06 8.046210127563231e-08 3.2376358980338786e-07 0.0 2.956676669393286e-06 0.0 0.0 0.0 1.6195483807653085e-07 0.0 4.9897618288863914e-05 1.5900952547511888e-06
7.428030904445717e-05 4.0602407736546276e-05 3.7542022775874196e-06 0.00021064934398497517 4.859199356583643e-06 0.0 3.1875167985106046e-05 3.3273129905695173e-07 2.2346566238589849e-07 0.00029202908594048934 1.6099025058761926e-06 3.0305013094550413e-05 2.9598210297456878e-05 6.7575895706452515e-06 4.425678561723212e-08 1.3849283180543698e-07 0.0 0.0 0.0 0.0 0.0 0.0 0.0 0.0 0.0 0.0 0.0 0.0 0.0 0.0 2.0598011506165525e-05 0.0 7.972368798829079e-07 0.0 0.0 0.0 1.766441399143572e-06 6.174638840251503e-07 1.7338194739399769e-06 0.0 0.0 0.0 0.0 0.0 0.0 0.0 2.298257949893376e-07 0.0 0.0 0.0 1.1029128919827552e-07 2.757216839035187e-07 1.1965655136069906e-07 5.3944876116092845e-08 2.2480605097729582e-07 2.0349888830070594e-07 3.6374681814372804e-05 5.749131379387681e-06 4.788745633105709e-06 1.16078921951001e-07 0.0 6.98632317988436e-07 0.0 7.711257661499213e-08 0.0 7.499617787030952e-08 0.0 0.0 0.0 0.0 2.1508628463806185e-05 6.1902929664892e-06 1.0696406913624844e-06 1.2582537180765556e-06 6.63773163622676e-08 8.290470863612692e-08 5.37725634609242e-08 4.152344217612407e-08 0.0 1.773811987587216e-06 0.0 8.328785339555459e-07 3.668025889793429e-07 2.570044679716932e-07 0.0 1.8431739973884197e-07 0.0 5.818468826796769e-07 2.5393227774955857e-07 9.703828875647826e-07 8.125048733107716e-08 4.2299282732633786e-07 0.0 0.0 5.7136553386061706e-08 6.994320753619787e-05 3.12371758421933e-05 1.4260990717882338e-07 6.085027674819812e-06 0.00011941943689076025 2.0950429555215834e-07 0.0 0.0 8.308819952550423e-07 0.0 1.2229438967052407e-06 1.8061620071975427e-07 4.0246297446217236e-07 5.4224093836455626e-06 4.7098868566182613e-07 2.2679212246787297e-07 3.315622265211142e-07 6.929552669958125e-07 2.6904144175731206e-07 8.10914906454184e-07 0.0 0.0 0.0 0.0 0.0 0.0 0.0 0.0 0.0 0.0 0.0 0.0 0.0 1.1831011614886825e-07 1.4226517113519622e-07 0.0 1.2700952155511859e-07 3.267378801411444e-07 1.213926337072999e-07 2.235563150678582e-07 0.0 0.0 0.0 0.0 6.031082629689749e-07 0.0 2.0285921413951836e-07 1.7170370658135877e-07 0.0 0.0 0.0 0.0 0.0 0.0 0.0 0.0 0.0 0.0 0.0 0.0 0.0 4.0759593452100133e-07 0.0 0.0 0.0 0.0 0.0 0.0 1.4967267456084124e-07 5.650438869034748e-08 0.0 0.0 0.0 0.0 0.0 0.0 0.0 0.0 0.0 0.0 0.0 1.2356950739841952e-06 1.856852734983978e-07 0.0 0.0 0.0 8.67034141450103e-08 0.0 0.0 0.0 0.0 3.0716423837531874e-07 0.0 0.0 0.0 0.0 0.0 0.0 0.0 0.0 0.0 0.0 1.4456259899338035e-06 1.3170940371727802e-07 0.0 3.0241440564999454e-05 0.0 1.616822849849204e-06 2.7679522566457446e-07 3.5456397616718977e-05 6.300215927625041e-07 7.756989927407445e-08 2.2946793705086122e-07 5.764175560438484e-06 0.0 6.518858517063802e-07 0.0 4.347281455633491e-06 0.0 0.0 0.0 1.5203940397427837e-06 0.0 7.974987042591858e-05 1.1361732674532814e-06
0.000309145533944932 0.0009386521702995819 2.1230060514732204e-05 0.0004690242186673792 0.0006102810350536946 3.1875167985106046e-05 0.0 4.603825780161242e-06 0.0004693704525885623 0.0009477230892182486 4.342542539986653e-06 0.00011634009719707763 0.0011621790100481437 0.0009010043058623506 1.1053783742183056e-05 5.332601392705166e-06 1.8611949078233928e-07 5.206607021498938e-08 0.0 0.0 6.031363134597186e-08 0.0 0.0 0.0 6.723175773915198e-08 0.0 4.0795929706959736e-07 0.0 0.0 0.0 0.00019954162096453524 2.470793476206113e-06 1.1953829694922305e-06 0.0 0.0 0.0 1.2329886678728644e-06 6.034901791716916e-07 1.1066419608224818e-06 1.0035387395517764e-07 0.0 1.1146819757138806e-07 0.0 3.7791067947694737e-07 0.0 0.0 6.364590400191559e-05 6.879925127456109e-07 9.429926906865099e-08 3.121509955231159e-08 5.0718883182401e-08 0.0 0.0 0.0 1.8508836456289716e-05 2.2318177046766874e-05 1.3103688169126503e-05 6.98990119394654e-05 3.987722276457363e-05 2.6918957521583146e-05 0.0 9.63894039168009e-07 4.392377856022901e-08 2.8663012327026474e-05 6.877081549024938e-06 2.3409586442986185e-06 2.7352284713856414e-07 4.916618856837584e-07 5.084520101720306e-07 0.0 1.1319110460889746e-05 4.042266293979501e-08 0.0 5.8446403268895635e-05 2.0325394093083826e-05 4.001157851033458e-05 7.434056904300837e-06 4.061406554789128e-06 3.4950857848359937e-07 1.3350385241535416e-06 2.190990786841365e-07 1.0085439571046078e-06 2.4969413836972883e-05 2.324791190583471e-07 2.6501744878738775e-06 2.369414870558439e-06 4.0136432538465636e-07 4.560274292749615e-08 6.632698575079595e-07 0.0 1.621379792818349e-07 0.0 1.6763144030792722e-07 0.0 0.0 1.9451481703795068e-05 1.8225962990009298e-06 0.0 6.595950771206068e-07 3.821004042809042e-05 2.238625453583545e-06 3.656725848965908e-06 2.093833098166667e-05 6.948773369760736e-06 1.6081562564651615e-07 2.1646028815543965e-05 1.3384005500198007e-06 1.4946575250732807e-06 8.23518663921532e-06 5.46478380824028e-06 6.166806587238201e-07 2.9423388571641547e-05 8.025701544232822e-06 7.048895056405302e-06 6.757348877269558e-06 6.808645555102347e-08 0.0 0.0 0.0 0.0 0.0 0.0 0.0 1.3237410651600949e-07 0.0 0.0 0.0 0.0 0.0 1.3570560496267293e-07 0.0 0.0 2.4638343493553426e-07 0.0 4.0949970495090194e-07 7.425847269321638e-08 0.0 0.0 0.0 4.6272244936150765e-06 7.111848805418449e-07 3.2982794329907035e-06 8.889607490642423e-07 5.892783627766122e-07 0.0 0.0 0.0 0.0 0.0 0.0 0.0 1.3819997809635657e-06 4.0304166372098257e-07 0.0 5.628908237837106e-08 0.0 0.0 0.0 1.1810782682651905e-07 5.536252769488119e-07 9.013040256998025e-08 1.208830673734618e-06 8.216040870881542e-07 4.4151029497341346e-08 0.0 0.0 0.0 5.944621610716259e-07 1.1634379598036259e-07 3.0426338460698153e-07 0.0 0.0 0.0 0.0 4.2948996323564794e-08 0.0 9.302568426831166e-06 0.0 0.0 0.0 0.0 2.3415360746947645e-07 0.0 0.0 1.98851439516912e-06 6.434908200596005e-07 3.816936346323641e-07 5.931084815714105e-08 2.782610779874249e-07 3.3464588055278406e-08 0.0 0.0 0.0 8.973308569786997e-08 0.0 0.0 0.0 6.330367518435162e-06 1.6124115910930487e-06 4.189513670541475e-06 0.00024610560766395197 4.053831307913537e-06 0.00023126450507920016 3.688560713999503e-05 0.00017222521529069865 4.8317545408015434e-05 2.996175976967458e-06 1.9851004925049785e-05 1.853242319195571e-05 0.0 5.822849849536724e-06 7.281674973703467e-07 1.3015682076903365e-05 6.748389977140606e-07 3.979796458185174e-07 2.642948010064893e-07 4.745756749485519e-07 0.0 0.00010839194139769153 8.58947071612789e-06
9.254061210905176e-06 4.242850502003613e-05 0.0007819442501921704 9.367816080052655e-07 1.1448399916774477e-05 3.3273129905695173e-07 4.603825780161242e-06 0.0 4.401417151142926e-05 1.1535035460154901e-06 0.001166640768735713 2.2048753251701752e-05 8.98660105072628e-05 0.0006225608141698517 2.4671475753521612e-05 2.65088382347351e-05 2.5500926115954405e-05 2.2576204468870354e-06 3.485057612005714e-06 2.9521630318825805e-06 1.37726617177254e-06 0.0 1.4571761306385907e-06 1.6376702653904704e-06 3.381591622649337e-07 1.0794341708129593e-07 1.1547740706430833e-07 0.0 6.062216343188042e-08 1.104186907623013e-07 0.0013615482625799866 0.0013022089810863224 8.813971124283931e-05 8.975859841473261e-06 2.5999343192737407e-06 7.779774205148076e-07 4.480601706134773e-05 4.036971178130816e-05 8.038804486205275e-06 3.972989671200922e-06 2.1621372757638067e-06 6.70023886199062e-06 1.3316554953876317e-05 1.0555447290891213e-05 7.913631566597651e-06 1.0512534556806045e-05 8.226687157227262e-05 1.65777314963013e-05 1.3459673027778475e-05 3.419908536181497e-05 1.5279353934895723e-06 4.3922918337408786e-07 5.976667358558301e-07 2.564079014060406e-06 1.368518059163128e-05 1.586462825767563e-05 8.91472066431099e-06 0.00018750136372123333 3.1652269883283325e-05 2.5671005158277006e-05 0.0001053817036595929 7.970258605228276e-05 1.0805792675517165e-05 0.0006455044630291073 4.9186201541555185e-06 1.9203630105707766e-05 3.215583436207738e-06 2.6986030187639134e-05 5.311250087659589e-05 2.713605573131234e-06 2.657577950700056e-05 1.4458342559397717e-06 0.0 6.271267169891008e-05 5.4780914858665773e-05 6.156602141872026e-05 6.419148192934957e-05 9.13753944875239e-05 0.0005764084141015915 0.0005743722425520802 0.00015351320996336636 0.0005263253115084943 2.0474772957258245e-05 1.682142762370397e-07 1.3618429308550897e-05 2.337244798372214e-06 5.41379910775573e-05 2.473634099806864e-07 1.2841109932267258e-06 0.0 1.5927661096484048e-06 2.2919896297574062e-07 1.1902125474872297e-05 3.145831213949179e-06 7.34629460598551e-06 5.744283697423888e-06 1.3500633647610613e-06 0.0 3.0509182988705266e-06 1.130530096476306e-05 0.0 0.0 0.0 0.0 0.0 4.3781305029838766e-07 0.0 4.074327661043486e-08 1.1177264767854804e-06 5.5183223980877845e-08 2.0874042817831713e-07 1.2579377726882935e-06 1.3050464504755378e-06 1.6963181212868053e-06 1.0441664514040653e-06 0.0 0.0 0.0 0.0 0.0 0.0 0.0 0.0 0.0 0.0 6.298355666635953e-08 0.0 5.2949284763035493e-08 0.0 4.626969827446619e-08 2.1880263983909497e-07 3.0345449249467367e-07 2.2709989107688827e-07 3.8787744195589387e-07 1.3106348478134877e-07 0.0 0.0 0.0 0.0 3.103959203774792e-06 1.7768774230786687e-07 1.162750687811999e-06 1.656196754886636e-06 1.4463853405550317e-06 4.0278048177262814e-08 0.0 0.0 0.0 0.0 0.0 0.0 0.0 0.0 0.0 0.0 6.797405543374068e-08 3.428181721869965e-08 2.9034828680420207e-07 0.0 9.503228265109452e-08 1.340028475082541e-07 2.645948357694176e-07 0.0 7.300553134644049e-08 4.7129699045308727e-07 0.0 0.0 7.816373568132504e-08 1.8898976467846952e-07 0.0 0.0 3.5935251734584587e-08 0.0 7.723606463143128e-08 0.0 0.0 2.2005382635462985e-06 2.5832237770524757e-07 0.0 4.4815056240197804e-08 2.2025826973087033e-07 1.2414157597210945e-07 0.0 0.0 1.009691459961193e-07 1.3579681422511592e-07 1.2171202931175124e-07 0.0 0.0 0.0 0.0 4.229483358560832e-08 0.0 1.8399019160938719e-07 8.872045598834286e-08 1.9695320167185726e-07 0.0 7.212636351733219e-07 1.9336307746741464e-06 2.943649885697954e-06 0.00011173226584413783 1.530939658746089e-05 0.00021053950192907777 4.7715389095827206e-05 2.1809917523107002e-05 2.3278796192597576e-05 1.076686449528372e-06 1.0101978226061134e-05 3.1682583331194826e-06 1.7402574287339207e-07 3.15121520929017e-07 1.2988263372031014e-07 1.0623011373803425e-06 0.0 0.0 0.0 3.796692231971875e-07 0.0 3.70898579306462e-05 7.073166811514681e-07
3.1497879160472714e-05 0.0010866863193610384 0.00034001219786314405 1.5631970954183717e-06 0.002054682505507608 2.2346566238589849e-07 0.0004693704525885623 4.401417151142926e-05 0.0 9.39623230565993e-05 0.0009445902733183568 1.4364734289370107e-05 0.00039691849833843335 0.0012832377247223774 5.544017282868363e-06 2.600462863836445e-06 0.0 0.0 0.0 0.0 0.0 0.0 0.0 0.0 0.0 0.0 0.0 0.0 0.0 0.0 0.00012269381590398703 1.6016645115186478e-06 3.929859556011609e-06 0.0 0.0 0.0 1.8998625588520875e-06 5.58822389464915e-07 1.6956325248646959e-07 1.8372430349621313e-07 0.0 0.0 0.0 5.3049142878223876e-08 4.353260155763846e-08 0.0 1.873954966203598e-05 3.2585294339903744e-07 0.0 0.0 3.700320146450206e-08 0.0 0.0 0.0 2.4766566756870708e-06 4.263601036989577e-06 2.1822986956603137e-06 1.566768088407166e-05 7.506420074746794e-06 6.81159797852939e-06 3.995682547352872e-08 2.598497919091961e-07 1.057768969527788e-07 8.457781856349917e-06 1.1402316308707667e-06 7.391748584566139e-07 4.4974818151170234e-08 2.8238670605043657e-07 3.4381798306120454e-07 0.0 5.113155136016957e-06 0.0 0.0 1.1229966161578302e-05 4.510971032686975e-06 1.228218918832867e-05 3.4987831198460717e-06 2.5094657168382696e-06 2.836585857038136e-07 1.5093212702506129e-06 0.0 2.269481515013633e-07 4.271176735540426e-06 9.668217661573765e-08 3.7526110868365753e-07 4.360007834483584e-07 1.802317901039814e-07 4.304269999906373e-08 0.0 0.0 4.424438348876699e-08 4.421519069671738e-08 8.75089084937396e-08 0.0 5.1165587101791874e-08 6.183083733933096e-06 4.7154897279628116e-07 0.0 6.722077765925152e-08 4.9413102823734605e-06 0.0 1.4231461063508786e-07 0.0 2.243021212593153e-07 0.0 9.11448698693124e-07 5.016592426050816e-07 0.0 8.326383709340282e-07 1.0545716390319683e-06 6.495912015053512e-08 2.7692763645294974e-06 2.551387929989441e-06 1.2444487620147519e-06 3.063023318262769e-06 0.0 0.0 0.0 0.0 0.0 0.0 0.0 0.0 0.0 0.0 0.0 0.0 3.5853888992837925e-08 0.0 0.0 0.0 0.0 0.0 0.0 5.413572202714445e-08 0.0 0.0 0.0 0.0 1.6446506268065896e-06 6.426074802080945e-07 1.1057881459628956e-06 1.0881368923898374e-06 7.69508826995149e-08 0.0 0.0 4.637953986994627e-08 0.0 0.0 0.0 0.0 0.0 0.0 0.0 0.0 0.0 1.4848951849895307e-07 0.0 1.3859278316971158e-07 8.582601600871612e-08 0.0 0.0 1.4840874147802908e-07 0.0 0.0 0.0 0.0 0.0 0.0 0.0 0.0 0.0 0.0 0.0 0.0 0.0 3.7368973307222845e-06 0.0 0.0 0.0 0.0 0.0 0.0 0.0 9.667236506344864e-08 0.0 0.0 0.0 0.0 0.0 0.0 0.0 0.0 3.809001665017211e-08 0.0 0.0 0.0 2.5308628881953176e-06 9.670665187823557e-07 1.3708806550194158e-06 8.002761732844467e-05 1.122523882921639e-06 6.135201195675406e-05 1.2937296734768674e-05 2.5468260244204903e-05 1.0543348612436833e-05 6.651031636830633e-07 8.643896690506013e-06 5.205431846976021e-06 0.0 3.864306241027648e-07 9.827185498296479e-08 3.953284245164019e-06 0.0 0.0 0.0 2.573792681035192e-07 0.0 2.402777848872726e-05 2.03643842839596e-06
0.001345823757841683 0.000328659057925805 4.238439059080512e-06 0.0012539256796363963 0.00014527962202145334 0.00029202908594048934 0.0009477230892182486 1.1535035460154901e-06 9.39623230565993e-05 0.0 3.237513156010129e-06 0.001136022265635386 0.002642041071203811 0.00021947011326050377 4.0147569539093975e-06 3.4104622478482473e-06 7.109738112352227e-08 0.0 0.0 0.0 0.0 5.7239710187674584e-08 1.4006407890796913e-07 0.0 0.0 0.0 4.653311237282192e-08 0.0 0.0 0.0 7.632517169146386e-05 2.4887367509487533e-07 5.587386310958633e-06 8.95613937319314e-08 0.0 0.0 9.309091966802043e-06 8.639511867865795e-07 4.7685156430764696e-06 2.767497492508465e-07 0.0 0.0 0.0 4.232430641631995e-07 0.0 7.380268864405639e-08 1.7272102803123724e-05 2.7523281099892616e-07 0.0 0.0 5.038470759778643e-08 5.264807156478033e-07 0.0 1.1280221608458407e-07 4.4251310584556665e-06 4.7094515669698276e-06 9.801859043569521e-06 2.217244832773685e-05 1.2329362959806152e-05 5.765552453133096e-06 2.9812738783836873e-07 8.299811624577719e-07 0.0 5.199259468493618e-06 1.450473094918875e-06 5.949924423985607e-07 5.313876107813351e-08 2.3411872065510052e-07 2.633593611421012e-07 0.0 0.00011745304408995856 5.713108147140263e-06 8.52726765139902e-07 1.4637293853049948e-05 4.223150157459103e-06 7.6099738056652204e-06 3.4510836129346066e-06 1.9262011479028002e-06 1.1244700408892872e-07 1.107630176755627e-06 0.0 4.925597024558973e-07 5.855014175248015e-06 2.9693358972451757e-07 8.462760935018272e-07 5.443796213096145e-07 1.6388465122778775e-07 3.3628481192173037e-07 5.094692265709854e-07 3.004885362939966e-07 3.0233749083137914e-07 0.0 1.8720215638367323e-07 0.0 2.2808182726688465e-07 0.0003882751407296367 4.365774388863178e-05 0.0 3.4750342036209326e-06 0.000242440608834737 4.41670263780796e-07 4.2052374480184995e-06 8.771738197892445e-07 5.088294897580681e-06 5.042620110991991e-07 1.8827608646889237e-05 2.6924460237581047e-06 4.130290628055129e-06 3.04523124108534e-05 1.746461933857747e-05 1.3512477359751042e-06 2.9399870397366185e-05 2.64220755083432e-05 2.2001094663654928e-05 1.940014126591454e-05 2.1344122243310105e-07 6.455248419787239e-08 0.0 4.321354747796541e-07 0.0 0.0 4.723162670740403e-08 0.0 0.0 0.0 0.0 0.0 5.061639136333414e-07 0.0 0.0 0.0 3.76742999849335e-07 6.186686971873092e-08 8.161666600207685e-07 6.962457678989198e-07 2.2204679886039287e-07 0.0 0.0 0.0 1.1906852888827157e-05 6.384093480665257e-07 1.1360466121733484e-05 2.08601623999469e-06 1.4697774100114732e-06 0.0 0.0 1.491169799438819e-07 0.0 0.0 0.0 0.0 1.5270658632449263e-06 0.0 0.0 0.0 0.0 7.280505105636364e-07 0.0 2.135728347761757e-07 0.0 0.0 4.917395446883624e-07 7.588447332794015e-07 1.1265715955450597e-06 2.7712425506524415e-07 0.0 0.0 8.654640016804694e-08 0.0 2.3726311481029624e-07 0.0 0.0 0.0 0.0 0.0 0.0 2.4570071172175362e-05 1.885056154229e-07 8.911756887807705e-08 0.0 0.0 3.3429792741568287e-07 0.0 0.0 1.6746142332869954e-06 5.530699582422313e-07 1.9320874381887287e-07 0.0 0.0 0.0 0.0 0.0 0.0 0.0 0.0 0.0 0.0 2.680953016477031e-05 4.95271284182916e-06 5.951648512168494e-06 0.00044522297844796675 2.903136535107792e-06 7.999595078966783e-05 1.5235263654264012e-05 0.0003756296559950941 2.187076533767136e-05 1.1987320949302205e-06 1.7820735410349868e-05 7.755521260710611e-05 0.0 1.7663378168930032e-06 4.812904367408576e-07 4.902363471846799e-05 2.9300201009586187e-07 4.388725405877658e-08 1.8820974190044357e-07 1.34681844226287e-06 0.0 0.00046203659168751347 2.5010826000934795e-05
4.806497081364873e-05 0.0002163745094546001 0.0006123729307942762 1.0629539217802434e-06 0.00013015011838022947 1.6099025058761926e-06 4.342542539986653e-06 0.001166640768735713 0.0009445902733183568 3.237513156010129e-06 0.0 9.970872764912226e-05 0.0004189728586780866 0.0019041478318188665 1.6511447335776147e-05 1.718606653373789e-05 2.4964223872582044e-06 5.646972887921575e-07 1.6480530819797863e-07 3.2963790690664833e-06 1.6458319878235683e-06 0.0 2.919510488924337e-06 2.764601770353903e-06 2.12339143537633e-07 1.5235918073436953e-07 1.8326635869088379e-06 4.184716803501593e-08 4.2566374924633446e-08 6.180312085515795e-07 0.0004030300228984558 8.150324596999968e-05 0.0004770172683272252 1.0387525012511483e-05 5.133205268957148e-06 1.1095037403096659e-06 0.00018188963932592469 8.988271098732487e-05 1.6483792471764925e-05 7.602494853041306e-06 2.0856110494028634e-06 5.033699524581334e-06 7.922097418011368e-06 1.7242760477422253e-06 1.7313630394884186e-06 1.1614769947552988e-05 3.189098178291966e-05 4.650402046462742e-06 2.8535826156733677e-06 1.1404943683304405e-05 2.567422328914712e-06 4.7053901816991435e-07 2.924355248112084e-07 1.763069022628744e-06 4.164780384907996e-06 4.5552403981887395e-06 2.8218570181705664e-06 3.536213434762567e-05 9.697405362806109e-06 8.78295380167241e-06 8.161677830894504e-06 6.76801808628049e-05 1.4959326165748709e-05 3.780875622989712e-05 1.279616538801473e-06 1.1143889847538013e-05 2.6399437722002956e-06 1.9833200323354467e-05 3.09529205847272e-05 2.541558637061797e-06 8.950834498827582e-05 9.381590077417836e-07 0.0 1.8375405992070816e-05 1.0983218096489409e-05 2.093928525493244e-05 1.2374522757918046e-05 9.688142598873625e-06 4.117715464254453e-06 0.0002610780913864973 1.5169018731205914e-06 3.6753036910252495e-05 7.3743820408514995e-06 3.8271088891376016e-08 5.301305772566916e-06 1.1582521071146821e-06 2.215772391820087e-05 0.0 7.542374824282496e-07 1.2168830033334632e-07 4.4059624703220716e-07 1.4757032437380202e-07 1.2350734464352222e-05 1.4970552359128023e-06 4.656567518684696e-06 1.6352869026712816e-05 2.7576407581231708e-06 0.0 3.7194362295201997e-06 1.0608837748737214e-05 3.231224498831265e-07 0.0 9.663127718484015e-08 7.127345288247851e-08 0.0 1.350844092735302e-06 9.985713607297059e-08 5.675061931334301e-07 1.5157503984357407e-06 1.6633760340878314e-07 7.586661816775592e-07 2.3155986723532396e-06 2.7064536654508733e-06 3.843462808970782e-06 3.2921106912226635e-06 1.4694228595015227e-07 9.291237832357743e-08 0.0 0.0 0.0 0.0 0.0 0.0 0.0 0.0 1.1647879734491397e-07 0.0 1.5789161405042705e-07 0.0 6.19585621280018e-07 0.0 2.788608327976155e-07 1.7909664857938628e-07 1.1180978645835581e-07 4.5192424510138543e-07 0.0 2.4925005171906497e-07 0.0 0.0 4.763525482337025e-06 1.5514594133170255e-07 3.6876218122627894e-06 2.2925838945276466e-06 1.4210692801871536e-06 0.0 0.0 0.0 0.0 0.0 7.332652966956093e-08 0.0 2.595708955484966e-07 1.3661753731523586e-07 0.0 0.0 1.645605147765242e-07 3.8898908762479963e-07 1.961393061632678e-07 0.0 2.2295412995335844e-07 0.0 9.651173768439492e-08 2.378444995505047e-07 4.884560228965508e-08 2.103102124358095e-07 0.0 0.0 0.0 0.0 0.0 6.187824610724776e-08 3.341846764004885e-08 3.9949415085209456e-08 8.20260632933048e-08 0.0 0.0 3.8561756259069e-06 0.0 0.0 0.0 5.368101617054375e-08 2.2489020827759465e-07 0.0 0.0 2.32327230867091e-07 0.0 4.709295366008338e-08 0.0 1.337366971320251e-07 0.0 0.0 3.696571824588212e-08 0.0 0.0 4.183581787280458e-08 7.296848231887818e-08 0.0 1.6377827529287713e-06 2.3232615500575893e-06 4.593841647125958e-06 0.00010411828865121951 1.576536460249777e-05 0.00010582608273064902 3.514145554782829e-05 1.4378525858359971e-05 1.1299775982631795e-05 7.721539771989461e-07 1.0196677790144584e-05 8.178840121227918e-06 2.8752779917800275e-07 9.170812145049833e-07 1.444060215387018e-07 2.9278578586319312e-06 0.0 0.0 4.389894224892544e-08 2.2944678990653058e-07 0.0 1.8079371856805518e-05 2.422115591140097e-06
