0.0 0.001184797178226132 0.00016372321102544148 0.0009439908728547704 2.824447240596507e-05 5.25812461105357e-05 0.0008435647880750928 5.93024419510459e-05 6.206428550615959e-06 0.0008379981909372547 2.6759757485980305e-05 0.00010399657431496413 4.647470226759408e-05 5.0869435042565154e-05 3.9438303903029474e-07 2.296256822774432e-07 6.051912803686347e-08 0.0 0.0 1.1321181905990238e-07 0.0 6.497910982667028e-08 0.0 0.0 0.0 0.0 0.0 0.0 1.9562624023354816e-07 0.0 0.0004450744944876431 7.745440111189461e-06 6.294577512530754e-06 0.0 0.0 0.0 1.4574851927384985e-06 0.0 1.2910823911303426e-07 0.0 7.189608456212617e-08 2.2270790315985894e-07 0.0 5.940585272965557e-07 0.0 0.0 1.371914532715483e-05 9.438138038842643e-08 6.60018584996035e-08 1.1920342176662307e-07 1.8716291433345204e-07 4.804687375824051e-07 0.0 6.058148698792353e-08 1.5186067797862048e-06 1.5579797148794697e-06 1.89773373914507e-05 0.00014201640667997696 2.0491713473158694e-05 2.0547992969835044e-05 0.0 8.538187115075733e-07 0.0 2.0729782159085825e-05 2.273914598684778e-06 5.600699792163905e-07 4.334111184893377e-07 7.516798157317279e-07 3.9438900228626585e-07 7.846404253273436e-08 1.5515357941799502e-06 1.7521529509474898e-07 0.0 6.446368721284366e-05 1.0471635728166004e-05 5.591233676322436e-06 2.146691823546276e-06 5.646822870045416e-08 1.7957601419630006e-06 2.204735165099849e-05 4.47625420823109e-07 2.9597177301511915e-06 4.330794446672449e-06 0.0 6.834033888718648e-07 7.149149427353808e-07 1.290861302061685e-07 0.0 0.0 0.0 0.0 5.877129075072373e-08 4.294445129858745e-07 1.560157919807635e-07 2.2826331032134444e-07 9.90427855733956e-06 1.0622811077211892e-06 0.0 2.0794279629644223e-07 0.0005574672441207817 0.0 7.484352336814957e-06 5.988655384859422e-06 2.8088271865198633e-06 6.3870902049526925e-06 1.0110279586779706e-05 8.897878572178415e-07 1.129204720076839e-05 5.077093379094003e-06 6.962884257616759e-06 9.536569506450907e-07 3.0606078304071355e-06 3.9801860145553604e-06 1.5107407810936613e-06 2.371264767882493e-06 0.0 0.0 0.0 0.0 0.0 0.0 0.0 0.0 0.0 0.0 0.0 0.0 0.0 0.0 0.0 0.0 0.0 0.0 0.0 0.0 4.184077791631519e-07 0.0 0.0 0.0 6.153871757633179e-07 1.1073727202118966e-06 1.1736408988059931e-07 2.0286245799343563e-07 4.880697619736319e-08 0.0 0.0 0.0 0.0 0.0 0.0 0.0 2.8120738236117447e-07 0.0 0.0 0.0 0.0 0.0 0.0 0.0 0.0 0.0 2.1887243901387774e-07 2.7531806767030115e-07 3.8826208162255036e-07 4.595491715690404e-07 1.6752646156598608e-06 1.1452407568906864e-06 0.0 0.0 0.0 0.0 0.0 0.0 0.0 0.0 0.0 4.019283019508031e-07 1.2303037029026417e-06 0.0 0.0 0.0 1.0481960015323494e-06 2.2678420240886126e-07 4.403424483520082e-07 0.0 0.0 2.0523497534671535e-07 0.0 0.0 0.0 0.0 0.0 0.0 0.0 0.0 0.0 0.0 9.086750860410272e-07 2.447353469990055e-07 4.793647695178338e-07 7.088228116760632e-05 7.064392881322782e-07 1.3495866827024302e-05 5.763403097276329e-06 0.00026928706428117104 8.38082004619813e-06 3.450128715919531e-06 2.4913531337414553e-07 1.0397060559979136e-05 1.6573107292094807e-07 4.647724849281488e-07 4.809366172756114e-07 1.2731245400042027e-05 0.0 0.0 0.0 5.300230698559332e-07 0.0 0.00017688924853660184 2.8070767697968023e-06
0.001184797178226132 0.0 0.0007446718178300583 0.00023442553286098975 0.0006493636562166188 5.1624985413613215e-05 0.0010753888287307466 0.0006234728650636493 0.0007565316020131048 0.0004324067912577015 0.0007252819654314316 0.00019520617960766727 0.0005093687606250995 0.0007408551097483394 6.524422644174822e-06 2.039683666298916e-06 3.3977008677122686e-07 0.0 0.0 1.24669693333505e-07 8.886853200253253e-08 2.175538904148898e-07 6.499915750433203e-08 0.0 7.699839641923658e-08 0.0 0.0 1.304437686828193e-07 1.2601696765580911e-07 0.0 0.0005085585534590992 1.8807842738302057e-05 2.4501776935416496e-05 1.5356265078799855e-07 1.7568131078706157e-07 1.193739817156186e-07 3.7388594959293197e-06 6.858313969903392e-07 1.0928421448800138e-06 2.3922947894840857e-07 0.0 5.610247962716912e-07 3.976445455898866e-07 1.50179975275706e-06 1.439835192574897e-07 4.750238362830306e-07 0.0001266354982215775 1.0307357930116112e-06 8.621018828814594e-08 3.391188427577407e-07 3.261458025958606e-07 5.453773982300702e-07 5.2160812676741605e-08 3.720569837948658e-07 5.772096948266205e-06 4.616764560147008e-06 2.1514429893462317e-05 0.0001503367344250556 2.096932694035968e-05 6.389610036384897e-05 6.351417450853408e-07 3.855941622803362e-06 2.6221790806158105e-07 9.131795583997173e-05 6.002659093764423e-06 4.443620750128427e-06 7.980507399893331e-07 1.835557005774043e-06 2.082029404377668e-06 4.0401071579569706e-07 1.245760079524876e-05 1.1228174062227169e-07 0.0 0.00014117390711776355 5.6765837886878426e-05 6.928945832211249e-05 3.407842770116749e-05 2.88589182844804e-06 3.745023905440885e-06 8.495039437405848e-05 1.4569080485613698e-06 7.75951672109207e-06 1.1861888493101204e-05 0.0 4.246473218327316e-06 2.5336304954720717e-06 8.940737985590586e-07 0.0 6.668125202036196e-07 0.0 1.0516189916714394e-07 1.201780970057189e-07 1.9701941074383253e-06 6.274925080402928e-07 1.2353784492029674e-06 2.3427635073992026e-05 1.0698019932225409e-05 0.0 1.1763083846326466e-06 0.00042564310409754896 1.84869309960746e-06 5.553571553734072e-06 1.1112560157036324e-05 1.7195846168594546e-06 1.4449739862553078e-05 2.6992763255438512e-05 1.0838021582055104e-06 3.0285700516888294e-05 1.1314474414790908e-05 1.3713858854329754e-05 4.679974965158862e-06 1.4411571257663785e-05 1.5079932410692891e-05 6.418199246772598e-06 9.766510541327677e-06 0.0 0.0 0.0 0.0 0.0 0.0 0.0 0.0 0.0 0.0 0.0 8.357640143200626e-08 5.053568233740097e-08 2.487558538395152e-07 0.0 1.89326091237815e-07 4.7674556982221496e-08 0.0 0.0 1.1064482299097255e-06 1.6079286313919752e-06 0.0 0.0 1.4036035785230193e-07 6.14849823751326e-06 2.5577018588306016e-06 8.290649598517447e-06 1.4942015978443872e-06 9.534418712390653e-08 8.688219541532149e-08 2.8733955857927706e-07 0.0 0.0 0.0 0.0 4.2070575968401413e-07 4.4982870081723893e-07 6.996144499555202e-08 0.0 0.0 0.0 0.0 0.0 1.1788861663830966e-07 0.0 0.0 2.3161226636684767e-07 2.8924838057330686e-07 9.483954562054352e-08 2.582591800888657e-07 1.8272077242439782e-06 1.4428709786810381e-05 0.0 1.0404692885663374e-07 6.173622393990664e-08 0.0 0.0 0.0 0.0 0.0 0.0 5.530822610063521e-06 2.1878020577463538e-07 0.0 0.0 0.0 1.416857297387107e-05 1.343569199000728e-06 8.298439250517785e-06 4.236327128881824e-07 3.1145324094564923e-07 2.882367385613005e-07 0.0 0.0 0.0 0.0 0.0 0.0 0.0 0.0 0.0 0.0 1.3042000290345796e-05 4.02364342033723e-06 3.576750087798734e-06 0.00019611589163508514 8.329920059968221e-06 0.00012008811218468325 4.624851843976353e-05 0.000324641874660689 1.7540329130256084e-05 1.7887415018344026e-06 7.755801589418719e-06 1.260480208278761e-05 2.2084351554397978e-07 1.2608078609636562e-06 1.2752287154794475e-07 1.8049758555815085e-05 5.248054606489375e-07 0.0 6.646700793423935e-08 7.813701583502736e-06 2.352983706735829e-07 0.00013767772106673267 8.10064301546789e-06
0.00016372321102544148 0.0007446718178300583 0.0 1.368054861694825e-06 0.00012555070900142153 2.8694911768170526e-06 3.6992345332197836e-05 0.0021925137003541814 6.111498652772844e-05 1.2035513072263155e-05 0.0005124544927550713 3.850573953403257e-05 0.00011711210177960011 0.0005205280621669031 5.425559938831467e-06 2.4141170578721634e-06 1.669790253865034e-07 0.0 0.0 1.8717465135152755e-07 5.958613990157211e-07 2.462070607834622e-07 8.084027241891439e-08 8.227092790982665e-08 1.1802123914173001e-07 4.2688608281316773e-07 6.770434874325451e-08 5.060379803478958e-07 4.417518302559572e-07 0.0 0.002099940474104897 0.00045580334151028355 5.934520688049575e-05 2.414955316863281e-07 2.7898501762760384e-07 2.2823105769177292e-07 3.982678984265147e-06 4.0649755982619777e-07 1.3593307651634777e-06 6.98106314676423e-07 7.558510630096561e-07 2.2064507137912548e-06 3.740599726390235e-07 8.580973089946467e-07 6.342665231885339e-08 3.3879768545853245e-07 5.563368782263753e-05 4.048148504219062e-07 0.0 7.560055739883011e-07 3.6103414567341137e-06 5.545541685386196e-07 6.73440783630527e-08 1.123647919168627e-06 2.185012615213925e-06 2.048521528760328e-06 1.3530400541224771e-05 0.00017125419545546916 1.0995916422289482e-05 2.0832450732758778e-05 3.2175923150349148e-06 2.3170944462256875e-06 4.2959072103937697e-07 0.00018421415100010487 2.035213579458621e-06 2.2730934598844404e-06 2.9664866753716907e-06 8.681941671601038e-06 7.89693826110381e-06 2.0159090464685524e-06 2.3540869632315942e-05 1.88743239041352e-07 3.3385295515415355e-07 6.626837162647129e-05 2.958705305800221e-05 2.421685099115626e-05 2.2781316659664172e-05 2.001691271369631e-06 0.0001704458264070472 0.0005172165782125776 5.930873646549949e-06 8.611033782085317e-05 3.515026358852369e-06 0.0 1.9967370199652512e-06 9.430278954742624e-07 1.182148001656539e-06 0.0 5.153112803790755e-07 2.2105084890479733e-07 9.607937189299105e-07 5.508250220535715e-07 9.896860309450904e-06 2.707668654666339e-06 2.8010467887812243e-06 2.5549571546399545e-05 1.2348918533165553e-05 0.0 2.5175230914007707e-06 0.0002521086901702647 0.0 2.620728771903857e-06 1.4504721948864645e-06 0.0 3.854608487043853e-06 4.451433520380513e-06 0.0 5.939820185677574e-06 6.572373564426476e-07 4.153875485698631e-07 2.5611376572081986e-06 3.3854347402212705e-06 1.9616112573149477e-06 1.313075374156286e-06 2.0463463402651435e-06 0.0 0.0 0.0 1.0808495034454511e-07 0.0 0.0 0.0 0.0 0.0 8.719660827976083e-08 1.520747526804295e-07 0.0 0.0 0.0 0.0 0.0 0.0 0.0 0.0 8.585054130409362e-07 6.007899643330965e-07 0.0 5.464204382156367e-07 0.0 3.2809105768619658e-06 1.9374863677398827e-06 3.435214357499078e-06 7.26775394795362e-07 0.0 0.0 0.0 0.0 0.0 0.0 1.9115988912948423e-07 0.0 6.258997734177292e-07 0.0 0.0 0.0 0.0 7.691361144912556e-08 0.0 0.0 0.0 0.0 9.285675140847482e-08 1.8496842840162973e-07 0.0 0.0 2.0782169811389997e-06 5.7054381377337815e-06 0.0 0.0 0.0 0.0 0.0 0.0 0.0 0.0 0.0 2.6334457903828207e-06 3.5569644685531107e-07 1.5314198213817465e-07 0.0 2.874889996301802e-07 4.826682528361408e-06 7.828159242368119e-07 3.38352203166936e-06 7.022971262292913e-07 1.8578869707706818e-07 0.0 0.0 0.0 0.0 0.0 0.0 0.0 0.0 0.0 0.0 0.0 2.2249047441660777e-06 4.410412220679506e-06 1.9726823591375504e-06 7.253355959159995e-05 4.441310893369506e-06 4.543992723878693e-05 1.538961016758396e-05 7.072418819799896e-05 6.987069970855842e-06 9.232752210909076e-07 1.9215355513453176e-06 2.2922085802193795e-06 0.0 1.232517184627804e-07 0.0 4.678988258992835e-06 0.0 0.0 0.0 2.027069218142989e-06 0.0 3.389108738190251e-05 2.189964298783048e-06
0.0009439908728547704 0.00023442553286098975 1.368054861694825e-06 0.0 7.399900145004539e-06 0.0002860168157694483 0.00030545060679933243 2.6883516537532803e-07 3.324088247157018e-06 0.0004074286362274771 0.0 5.561012225321449e-05 7.345079688840175e-05 7.5140603731332695e-06 0.0 9.22735588964959e-08 0.0 0.0 0.0 0.0 0.0 0.0 0.0 0.0 0.0 0.0 0.0 0.0 0.0 0.0 6.124461675283447e-06 6.802351055602889e-08 6.082661857433243e-08 0.0 0.0 0.0 0.0 0.0 0.0 0.0 0.0 0.0 0.0 6.511986896469721e-08 0.0 5.709386783859338e-08 1.1148348417315465e-06 0.0 0.0 0.0 0.0 0.0 0.0 0.0 0.0 1.4107146645880575e-07 1.0337571605681005e-06 3.338305109591602e-06 4.564872987317197e-07 1.9734590635597364e-06 7.071958288601498e-08 6.498953585656535e-08 0.0 1.358613685566559e-06 5.5586776709374034e-08 4.3023650453572216e-08 1.1281844912856115e-07 3.790950103062028e-08 0.0 0.0 0.0 5.93362145070557e-08 0.0 4.149924445762797e-06 5.388893486629196e-07 1.2188146820248945e-06 3.8204047203376783e-07 0.0 0.0 6.500953712756582e-08 4.750809628830343e-08 0.0 2.2480096733351064e-07 0.0 4.540492706416364e-08 0.0 0.0 0.0 0.0 0.0 4.884338995756049e-08 0.0 0.0 0.0 0.0 7.800795361198617e-07 2.81592619525131e-07 0.0 0.0 0.00010673819623317917 0.0 4.0556374797266915e-06 3.2552233838324547e-06 6.823138223411692e-07 2.1811395694067715e-06 1.372258563084579e-05 1.0473622246512638e-07 6.197853164230601e-06 2.5926411247109915e-06 3.228429128960955e-06 9.173954081639259e-07 2.099267116161024e-06 4.088632704824381e-06 1.6383763434840178e-06 1.0028826850847227e-06 0.0 0.0 0.0 0.0 0.0 0.0 0.0 0.0 0.0 0.0 0.0 0.0 0.0 0.0 0.0 0.0 0.0 0.0 0.0 0.0 1.0453810469378955e-07 0.0 0.0 0.0 0.0 0.0 0.0 0.0 0.0 6.916100743335608e-08 0.0 0.0 0.0 0.0 0.0 0.0 0.0 0.0 0.0 0.0 7.425955261646137e-08 0.0 0.0 0.0 0.0 0.0 0.0 0.0 5.172999643699017e-07 0.0 3.7456647814328026e-07 9.009315738636416e-07 0.0 0.0 0.0 0.0 0.0 0.0 0.0 0.0 0.0 0.0 1.463796266635735e-07 0.0 0.0 0.0 7.927068621242865e-07 0.0 1.0021400702224495e-06 0.0 0.0 6.461005311860437e-08 0.0 0.0 0.0 0.0 0.0 0.0 0.0 7.558643507836618e-08 0.0 0.0 1.6441101919924682e-06 7.059195683312296e-08 0.0 5.528446144276816e-06 4.7112715401641184e-08 1.183866246961686e-06 4.720353439788178e-07 0.00012537139984989095 3.0255269468654863e-07 0.0 3.120103297106728e-07 4.45433726251961e-06 0.0 0.0 0.0 4.674804122264744e-06 0.0 0.0 0.0 0.0 0.0 4.045574110928329e-05 2.3984216096000357e-06
2.824447240596507e-05 0.0006493636562166188 0.00012555070900142153 7.399900145004539e-06 0.0 4.425142828057503e-06 0.0006792600160992018 0.00033099057792514565 0.001222355907109669 0.00025315803730063113 0.0007747410480172668 8.223938931248127e-05 0.000435698327536853 0.0005907039550550323 3.9055462134910275e-06 3.5954947978979864e-07 1.8374188487579962e-07 0.0 0.0 0.0 0.0 1.2464560054187066e-07 0.0 0.0 0.0 0.0 0.0 0.0 6.692956633028849e-08 0.0 5.5490281084038314e-05 7.03638247415035e-06 4.304470171395578e-06 0.0 0.0 0.0 1.6630681716379578e-06 7.971564565564161e-08 9.304327524894173e-08 0.0 0.0 2.9502726287928276e-07 2.0345385288279114e-07 4.193398840249907e-07 0.0 0.0 6.271251291650643e-05 4.5627673624072324e-07 5.224759313328659e-08 8.186441329168525e-08 0.0 1.1451326293699646e-07 1.2503315803888982e-07 1.5946618138610269e-07 1.4390172132947471e-06 7.879086840561479e-07 3.50452330550129e-06 1.8441734914454974e-05 3.397897403789901e-06 1.7464201620578042e-05 6.514892804253011e-07 2.461989821571822e-07 0.0 2.4787332973854345e-05 1.831199892083349e-06 1.3047833507117655e-06 9.805198873752459e-08 4.2379505885813595e-07 1.160203966056553e-07 0.0 8.63416897613193e-06 8.387079291589191e-07 0.0 2.7870423760418617e-05 1.3278084685446033e-05 2.8238183034916416e-05 1.427947297549061e-05 1.0170868088907923e-06 1.5911840329238821e-06 6.463870192287959e-06 1.8743500045560598e-07 1.1074323527716083e-06 3.311243022541897e-06 0.0 1.16839772726309e-06 9.406667516202114e-07 1.1835152308431824e-07 0.0 1.694792306682235e-07 0.0 6.253343237192363e-08 8.612387189821354e-08 6.180071218327386e-07 0.0 1.3356439622050933e-07 1.4800938015052494e-05 5.885809297972731e-06 0.0 7.231517151824569e-07 1.3682410877592158e-05 1.3408830731651376e-06 3.2838238168977336e-06 6.465363117783831e-06 1.3570142915881055e-06 9.046984497377336e-06 1.55906527496841e-05 7.593164649699108e-08 2.281748200500378e-05 3.2743661277325043e-06 5.144960216894416e-06 2.5003872963799717e-06 7.2028005551517285e-06 9.992853489865227e-06 6.493611838630685e-06 5.6283522918286346e-06 0.0 0.0 0.0 0.0 0.0 0.0 0.0 0.0 6.185840494454486e-08 0.0 2.709163649125858e-07 0.0 0.0 0.0 0.0 0.0 0.0 0.0 0.0 1.7193737527251598e-06 1.8310573230855328e-06 0.0 2.1702320317289797e-07 0.0 3.790703324039144e-06 1.0324977224538848e-06 5.7237025620923864e-06 1.279106305272182e-06 2.1986814033774335e-07 0.0 0.0 9.949842636048495e-08 0.0 0.0 0.0 0.0 1.3602155855047205e-06 0.0 7.866545517702023e-08 0.0 0.0 0.0 0.0 0.0 0.0 0.0 0.0 0.0 4.3391651410094607e-07 1.524503681966193e-07 1.573266575702587e-06 1.0677944197869736e-05 0.0 0.0 0.0 0.0 0.0 0.0 0.0 0.0 0.0 4.152765585315862e-06 1.2810355423299414e-07 0.0 0.0 0.0 1.1122957379996413e-05 1.2867300650602014e-06 9.075102943124391e-06 1.512135100168812e-06 3.083188112934579e-07 1.4882022258891285e-07 2.1425199072389812e-07 0.0 0.0 0.0 0.0 0.0 0.0 0.0 0.0 0.0 1.1787741298746086e-05 3.0960916011129046e-06 2.131817173758969e-06 0.0001161789392828808 4.398428357838364e-06 6.374620455860333e-05 2.4692550632178247e-05 3.972911400697396e-05 9.109611822026642e-06 8.24576315761059e-07 5.159209107659709e-06 7.763669100194977e-06 0.0 4.330216544519853e-07 5.474837772482798e-07 5.388926404420911e-06 1.254798608256772e-07 0.0 0.0 4.3623848531878795e-06 0.0 3.099877473940503e-05 3.764427578528279e-06
5.25812461105357e-05 5.1624985413613215e-05 2.8694911768170526e-06 0.0002860168157694483 4.425142828057503e-06 0.0 5.376916283917388e-05 4.605338126386405e-07 3.159639421224292e-06 0.0005351983138495213 6.408988626671886e-07 0.00016266044680117333 6.939432962276682e-05 8.315998703550835e-06 0.0 0.0 0.0 0.0 0.0 0.0 0.0 2.5133307097558627e-07 0.0 0.0 0.0 0.0 0.0 0.0 0.0 0.0 2.979714850075813e-05 6.804375778233398e-07 3.831129887571186e-06 0.0 0.0 0.0 3.929822268897906e-07 2.2701878034705666e-07 1.0823975987271104e-06 0.0 0.0 0.0 0.0 0.0 0.0 0.0 1.3030618298697783e-06 0.0 0.0 0.0 0.0 6.249391555297716e-07 1.8724608280486276e-07 0.0 1.657950986445915e-07 2.0862005897800478e-07 2.3416529905812843e-06 8.067056739663582e-06 1.705476245464439e-06 1.191126480168772e-06 0.0 1.2934224856962925e-07 0.0 0.0 0.0 0.0 0.0 0.0 0.0 0.0 1.8390863762230583e-05 5.681331133285966e-05 3.3214076630502257e-06 3.35239197923357e-06 2.0962970550357725e-07 0.0 6.010986769126455e-07 0.0 0.0 1.217332720102744e-06 1.8010009119611837e-07 2.252462779204604e-07 0.0 4.5540423686804336e-07 1.1346495579537765e-07 1.0454999253351413e-07 0.0 8.238420038239279e-07 9.99538632676425e-07 1.4767610541463558e-06 0.0 0.0 0.0 0.0 0.0 0.0001432760825084476 0.00011449042660571554 2.9291400562043074e-06 1.9614603969936545e-06 6.819146064080211e-05 0.0 8.535420659309509e-07 0.0 1.4870819690864568e-07 4.0427655635469057e-07 3.614270275613651e-07 0.0 1.0153271881799155e-06 4.05401627848467e-07 2.230744307048865e-07 0.0 2.281324242004993e-07 0.0 1.5423922123686405e-07 6.354131544436847e-08 0.0 0.0 0.0 0.0 0.0 0.0 0.0 0.0 0.0 0.0 0.0 0.0 0.0 0.0 0.0 0.0 0.0 0.0 0.0 0.0 0.0 0.0 0.0 0.0 3.90614033090451e-07 0.0 1.5173437528901858e-07 1.6888234819117463e-07 3.150701606548983e-07 0.0 0.0 0.0 0.0 0.0 0.0 0.0 0.0 0.0 0.0 0.0 0.0 8.781838019612889e-08 0.0 0.0 0.0 0.0 0.0 0.0 0.0 0.0 3.012076014773234e-07 0.0 0.0 0.0 0.0 0.0 0.0 0.0 0.0 0.0 0.0 2.1466644861555754e-07 1.4424162691982955e-06 0.0 0.0 7.646544685250869e-08 1.8812579067892407e-07 0.0 0.0 0.0 0.0 0.0 0.0 0.0 0.0 0.0 0.0 0.0 0.0 0.0 0.0 0.0 3.201603217012037e-07 5.369300826281065e-07 0.0 1.2607912087067098e-06 2.9918399260668183e-07 5.695847601766272e-07 1.7482969441194607e-07 2.8666815102616496e-05 3.463103902389494e-07 6.999584006598481e-08 0.0 1.9340452519323508e-07 0.0 0.0 0.0 1.1917395198983806e-06 0.0 0.0 0.0 2.1863035093100268e-07 0.0 2.9998165450912373e-05 9.408129326031617e-07
0.0008435647880750928 0.0010753888287307466 3.6992345332197836e-05 0.00030545060679933243 0.0006792600160992018 5.376916283917388e-05 0.0 2.9919167720173554e-05 0.0006209622874600104 0.0008629524525581975 0.00014357237992551264 0.00022229315657235985 0.003054129269892318 0.0013943003792059355 4.991432460048459e-06 8.371314794072337e-07 0.0 0.0 0.0 0.0 0.0 6.923368026487983e-08 0.0 0.0 0.0 9.369193209106293e-08 0.0 0.0 0.0 0.0 8.822019463160184e-05 5.064299990719502e-06 6.805915926374317e-06 0.0 0.0 1.2466219092326897e-07 1.6343700718868477e-06 0.0 4.441288297192697e-07 1.081439100076683e-07 6.394509593671768e-08 4.325356452231158e-08 6.360563507686654e-08 8.633889097557907e-07 0.0 4.1327300971371605e-07 8.06626017125677e-05 7.714461104701607e-07 0.0 1.018268728544605e-07 5.685074334028372e-08 0.0 0.0 0.0 3.6577370748772027e-06 2.818153923821477e-06 1.0824983464285261e-05 5.6710105006530534e-05 1.1018997490700184e-05 3.489522999623861e-05 5.217975974308727e-07 4.932664031041846e-07 0.0 3.765879694392966e-05 3.179796444581597e-06 1.9201608158812163e-06 1.9432674156900503e-07 3.944014972798085e-07 5.84024664626863e-07 0.0 1.0088929761406522e-05 3.5449451432883265e-07 0.0 7.256927623479913e-05 2.984094446633718e-05 4.0443757857463185e-05 1.907646801021575e-05 2.2039460109306148e-06 1.3969285681193419e-06 6.7243756829475995e-06 7.533991167884181e-07 1.7170408125194864e-06 6.7720795534708484e-06 0.0 2.0039429032375655e-06 1.7372242064620486e-06 1.4046061557671944e-07 0.0 3.880432471441854e-07 0.0 5.899520289127425e-08 0.0 3.5679548421212404e-07 0.0 3.202735191496675e-07 2.8473459911571395e-05 5.782054843231427e-06 8.005391154396549e-08 1.215211305326288e-06 0.0001276398039127885 8.524594681338871e-07 1.049076743888234e-05 2.410398280182128e-05 3.524657017245758e-06 2.6423792598477482e-05 4.009313823747351e-05 1.1844070663247182e-06 5.435014092195831e-05 1.653296289266486e-05 1.2987043859183454e-05 8.847996566336994e-06 2.0332578913773908e-05 2.4963275167422093e-05 1.1497866772428585e-05 1.356619684919242e-05 0.0 0.0 0.0 0.0 0.0 0.0 0.0 0.0 0.0 0.0 0.0 6.438551835534871e-08 0.0 2.3225458096526418e-07 5.4508343910157854e-08 0.0 0.0 7.923240535756026e-08 6.055418053499732e-08 1.7902282011032226e-06 3.6195705621548924e-06 0.0 4.898830635899139e-07 0.0 1.0312931830332103e-05 3.01926277463389e-06 1.0456347359126395e-05 2.2078105527170934e-06 1.1121342447520885e-07 3.8086078376691715e-07 2.9358529963191164e-07 1.0245610850884687e-07 0.0 0.0 0.0 0.0 5.869068547390296e-07 0.0 0.0 0.0 0.0 0.0 0.0 0.0 0.0 0.0 5.32779443774997e-07 0.0 1.0262464280707868e-06 4.25731864068902e-07 4.357495265598736e-06 2.2953195103117563e-05 0.0 0.0 0.0 0.0 0.0 3.299526454335134e-07 0.0 0.0 7.401644358703882e-08 1.0569326928315611e-05 7.67818474689384e-08 0.0 0.0 6.58337503692109e-08 1.5317411074594397e-05 2.4770757144811572e-06 1.6786545132088116e-05 3.1930465247767194e-07 0.0 3.6793789760418727e-07 4.2794397679755725e-07 0.0 2.104757569465641e-07 0.0 5.846838673827541e-08 0.0 0.0 0.0 0.0 0.0 2.5473836037656346e-05 5.2501448630600205e-06 5.3515082687213115e-06 0.000146921717967448 5.1535850495773414e-06 8.639163011580278e-05 3.0182341253539786e-05 0.0002157825852066767 1.2406077006811051e-05 9.519985428624092e-07 4.002837040170664e-06 1.43945636958497e-05 4.2521514909916937e-07 2.5120910795515595e-06 2.948161937822343e-07 2.125419976832888e-05 8.981435467343807e-07 0.0 0.0 2.1919188429400783e-06 0.0 0.00011179254298506846 1.0773291509708833e-05
5.93024419510459e-05 0.0006234728650636493 0.0021925137003541814 2.6883516537532803e-07 0.00033099057792514565 4.605338126386405e-07 2.9919167720173554e-05 0.0 0.00020763754690293577 8.160604521063126e-06 0.0005408824334012995 2.1847129697225408e-05 0.00011752158292809333 0.0004589179946969432 1.6876810926121557e-05 9.374535389260981e-06 5.158433791570139e-07 7.404649654086688e-07 0.0 2.4800929286414644e-06 2.779912015743516e-06 4.583705220379575e-06 4.302865595339951e-06 1.3925556220227168e-06 1.1336883135758915e-06 2.2213906848214984e-06 0.0 2.548778368344733e-06 4.472681618485004e-06 0.0 0.0007468181815739783 0.0012580192016055116 8.827523648195867e-05 8.722924453773202e-07 1.5391313748384147e-06 1.5325029799259674e-06 7.545176298607931e-06 2.250972502755646e-06 4.106929443688105e-06 1.1883051098534002e-06 3.854992556306834e-06 7.361524775236033e-06 2.3288969557018713e-06 2.770284466596432e-06 3.456706318741236e-07 2.223019898947029e-06 0.00011443338770270002 1.3337968069294267e-06 9.300405813968248e-07 4.335522767246514e-06 1.5810460368001126e-05 4.357441035547839e-06 6.094205243714651e-07 4.747577977222824e-06 2.2316058273789363e-06 8.593746059390017e-07 5.696953155391765e-06 5.096773323410952e-05 5.3220247865023625e-06 1.9717959482079933e-05 3.765631632612621e-05 1.3171156239373818e-05 3.665533455843422e-06 0.00013571823754710176 1.898258778309665e-06 6.8526714613059536e-06 1.361211310418639e-05 3.777655043597206e-05 4.7289120559663266e-05 1.623963773717427e-05 1.0593199377255118e-05 1.0618859704694988e-06 0.0 3.902508074180439e-05 2.231437522406956e-05 4.6255885961304215e-05 3.153226350126285e-05 4.762287524871221e-05 0.000738791831144935 0.0007339218572074191 0.0001004409228880862 0.0005050826177513541 3.551291463044785e-06 0.0 2.5628649788828424e-06 1.776136799077339e-06 3.7942560826719876e-06 0.0 1.4199608012535163e-06 0.0 2.9492397866710718e-06 1.3464645724719127e-06 5.815078273911103e-05 8.955733362307147e-06 1.256388033310944e-05 7.890246327737663e-06 7.224223726253018e-06 0.0 1.493989109476949e-06 5.406359379965936e-05 2.686214008247051e-07 3.2970116773617803e-07 2.9832154027616346e-07 8.102708243379234e-08 8.693784009594243e-07 2.3442598731755616e-07 0.0 6.341486154639531e-07 5.858292224547204e-07 0.0 4.609314906550348e-07 8.231447514730302e-07 6.559223231482501e-07 6.90811261004509e-08 5.105479730496473e-07 0.0 0.0 0.0 0.0 0.0 0.0 0.0 8.408561399150276e-08 0.0 0.0 1.335193894935365e-07 0.0 0.0 0.0 0.0 8.303490530516403e-08 1.290304151421113e-07 1.0356385098186679e-07 0.0 8.031022326851483e-08 4.541115947877005e-07 0.0 7.453229307253901e-07 7.235447409310603e-08 1.9150521076392965e-06 5.415705051185342e-07 2.9792681643048016e-06 1.8106784449496603e-06 1.714380558397545e-07 0.0 1.2452726355567295e-07 1.36103799662102e-07 0.0 0.0 6.009212797155581e-07 0.0 9.072092349647756e-08 0.0 0.0 0.0 0.0 4.7238041617745893e-07 5.402380847950534e-07 0.0 0.0 0.0 5.453124559748671e-08 0.0 0.0 0.0 2.9579964722802855e-06 2.5660267923323955e-06 0.0 0.0 0.0 0.0 0.0 0.0 1.198136384243389e-07 0.0 0.0 1.1823124591295792e-06 4.3829238381723004e-07 0.0 0.0 4.113322947417394e-07 1.3774940036644399e-06 6.109250089932106e-07 3.314734431568563e-06 5.5565170541338534e-08 0.0 4.102110015236334e-07 0.0 7.276288364991532e-08 0.0 8.059106864798045e-08 6.847032162502588e-08 0.0 5.764534526482701e-08 2.870296084887616e-07 0.0 0.0 1.3236149688858817e-06 1.527829442415513e-06 1.4270567355436547e-06 0.00013956570191040498 1.332937843219668e-05 9.779282899750189e-05 3.2975335020916386e-05 3.890155604389122e-05 1.0856243497912001e-05 3.790877940703778e-07 9.176142341344032e-06 2.49087392308846e-06 5.882662992082479e-07 1.2532944910210946e-07 1.0201739540223874e-07 4.744541867816943e-07 6.375650313260321e-08 0.0 0.0 9.23157741854499e-06 0.0 2.0323732090959654e-05 8.440770174426918e-07
6.206428550615959e-06 0.0007565316020131048 6.111498652772844e-05 3.324088247157018e-06 0.001222355907109669 3.159639421224292e-06 0.0006209622874600104 0.00020763754690293577 0.0 7.036925946814242e-05 0.0005482865713794066 5.2059477505666495e-05 0.0004198945164390274 0.0005224017463712228 6.047959041226387e-06 4.873514642018556e-07 1.1765913183118687e-07 0.0 0.0 0.0 0.0 0.0 0.0 0.0 0.0 1.3223769938524963e-07 0.0 0.0 0.0 0.0 2.164595747811705e-05 4.934401740074167e-06 6.7034644894693694e-06 0.0 0.0 0.0 4.1273712105844206e-07 8.597348337797643e-08 3.1517751473126586e-07 6.309917984649283e-08 0.0 0.0 0.0 0.0 0.0 1.62950316168617e-07 4.1042733445092344e-05 1.450830090792499e-07 0.0 0.0 9.664777344186182e-08 0.0 0.0 0.0 7.830470951526273e-07 7.9044363245826e-07 1.1843813222293874e-06 4.680102668556189e-06 1.3131687366242856e-06 6.687427604187065e-06 2.537955321728198e-07 1.4877754392944626e-07 1.8160666798484217e-07 8.130780622780545e-06 6.561948849386817e-07 5.030856620361305e-07 1.0339186016081595e-07 3.88023667400358e-07 3.7137573787487897e-07 0.0 6.50397946574256e-06 0.0 0.0 1.0353914167773767e-05 6.872861510737185e-06 1.8286315637565188e-05 7.934817149206887e-06 4.711961104478135e-07 1.3658502668452926e-06 1.2211334910154941e-05 1.2206087326111997e-07 1.5724422619131757e-06 1.4216709099240563e-06 0.0 6.574809875470096e-07 4.0053688329198113e-07 5.039368955562907e-08 0.0 2.0825771189971183e-07 0.0 0.0 0.0 0.0 6.362543911955666e-08 2.376444052921737e-07 2.142608530039978e-05 1.5588277966138867e-06 0.0 1.5017795155855317e-06 4.91913959466539e-06 4.2867133546994347e-07 2.1602599440598592e-06 8.214694771893162e-06 5.719924692480244e-07 1.3563723072504284e-05 1.646207565798062e-05 3.45606795644347e-07 2.4447757884006493e-05 1.844133881039784e-06 7.1229828457791015e-06 6.0602084893898865e-06 8.336827525205342e-06 1.3459769482912316e-05 7.91419782269017e-06 8.714899179684791e-06 2.4325928645727796e-07 2.2173438422007264e-07 0.0 0.0 0.0 0.0 0.0 0.0 0.0 7.922499576064671e-08 0.0 0.0 0.0 3.7148872649336714e-07 0.0 0.0 0.0 0.0 7.756871881716111e-08 1.0919382436665523e-06 1.77164893075134e-06 0.0 3.340769678424701e-07 5.509160448523995e-07 6.679362934710471e-06 1.5974648612796471e-06 7.419991808446694e-06 9.832080048300484e-07 2.0401473539237222e-07 1.0382269186945447e-07 0.0 7.218303241754671e-08 0.0 0.0 0.0 0.0 2.5431046822053764e-07 1.4684056082647877e-07 0.0 0.0 0.0 9.416070897972013e-08 0.0 0.0 0.0 4.957048952608804e-08 6.63487714958077e-08 8.452227747057222e-08 0.0 1.3213917185585257e-06 2.521662932970695e-06 1.505314105623772e-05 0.0 0.0 0.0 0.0 0.0 0.0 0.0 0.0 0.0 8.744810531320504e-06 6.294795600635316e-07 1.562854610893105e-07 0.0 0.0 1.3155361159867202e-05 2.8826852557737073e-06 1.1571342466262585e-05 1.397274251339023e-07 1.2504079193466607e-07 1.7705590703117902e-07 0.0 0.0 0.0 0.0 0.0 0.0 0.0 0.0 0.0 4.012607343942209e-07 1.4590507755970068e-05 4.750446616589905e-06 3.612712055945395e-06 0.00011035082712000682 3.47919908990722e-06 4.7970526400872005e-05 2.3633280059925363e-05 3.2082918957243426e-05 9.145471622041332e-06 7.871695071540287e-07 6.731491169911013e-06 5.755559265498978e-06 6.661639097681596e-08 5.061761639162231e-07 1.4133369503266497e-07 5.710320091427147e-06 2.0678064201310207e-07 2.1469972992612016e-07 4.562144507668768e-07 2.0355920219139255e-06 0.0 2.380899710384159e-05 7.712683427932282e-06
0.0008379981909372547 0.0004324067912577015 1.2035513072263155e-05 0.0004074286362274771 0.00025315803730063113 0.0005351983138495213 0.0008629524525581975 8.160604521063126e-06 7.036925946814242e-05 0.0 2.4540330997901382e-05 0.001018489097857548 0.0038860174392172965 0.00018815649575075773 2.1451871068912238e-06 3.0373555020802986e-07 7.231795205069917e-08 0.0 0.0 0.0 0.0 1.0850534828884502e-07 0.0 0.0 0.0 0.0 0.0 1.0120945542980674e-07 4.0251144032167723e-07 0.0 4.005781408634635e-05 1.035433682417558e-06 3.461141361204563e-05 0.0 0.0 0.0 4.091836810211223e-06 3.551447180596623e-07 8.060885941501652e-07 7.249566635997132e-08 5.7062029001751404e-08 6.164319405297947e-08 0.0 1.826925181154155e-07 6.630330070222234e-08 0.0 3.2400532206802264e-05 1.896969500712263e-07 0.0 5.6803710189102796e-08 0.0 1.365561253893447e-07 5.054027272964335e-08 0.0 1.8892015399588405e-06 1.222360158679143e-06 7.221871132826305e-06 2.5721270283924453e-05 5.4652209742122375e-06 1.3477748622320866e-05 6.444901040238771e-08 1.8413185474575967e-06 0.0 1.2872916440564234e-05 1.2716637132224764e-06 9.087493366990337e-07 2.998765269470187e-07 2.0561573813508257e-07 3.614788908725382e-07 1.818020090909473e-07 5.9205832760875645e-05 7.1394923016946195e-06 6.776150666775453e-07 3.061567478009151e-05 1.2283682705556046e-05 1.5969070334885427e-05 6.717491444244439e-06 1.1028752109020222e-06 1.6958087285803503e-07 4.348014868107266e-06 4.411067970006356e-07 1.7866787644138807e-06 2.5679751876068094e-06 6.925070377511653e-08 1.1200366649392724e-06 1.0430982452624852e-06 1.1503136237212312e-07 6.995034606906881e-08 5.599315906853093e-07 2.847554500540097e-07 6.586314898911529e-08 1.5237050233260123e-07 0.0 0.0 0.0 0.00016738876177936792 3.6528591106098144e-05 7.100012507529375e-07 4.093279477292957e-06 0.000488523833032201 2.894123836477894e-06 4.29856110873673e-05 6.496477758954139e-05 1.4378986530422666e-05 6.446202856916043e-05 0.00012120009058039796 1.2628452379172478e-05 0.00016011416377701256 4.647080041485196e-05 6.749271608757901e-05 2.4112872488921645e-05 6.515003638828969e-05 7.361373744370261e-05 4.059915997935719e-05 3.5674045441976466e-05 6.821554905474144e-08 6.820314300729955e-08 0.0 0.0 0.0 0.0 0.0 0.0 8.418284368127344e-08 6.838952762778263e-08 4.0846655192376517e-07 1.9614942893252566e-07 0.0 3.1288471628757694e-07 0.0 0.0 6.174029612443164e-08 3.7198749755408153e-07 0.0 2.696911586720442e-06 4.521373726594098e-06 6.338335103668167e-08 2.500102800343154e-07 1.1095415045878277e-07 1.2521449817795019e-05 5.57330884817644e-06 1.2783499296746801e-05 3.719808323973589e-06 8.531663924064346e-07 2.1412820868944669e-07 0.0 8.457746272524676e-08 0.0 0.0 6.935815994613888e-07 0.0 2.2425135042767117e-06 2.2184806507125788e-07 0.0 0.0 0.0 5.102593390855346e-08 0.0 0.0 0.0 5.431295253016968e-08 1.1669999895638938e-06 3.712134228426996e-07 2.34679289183401e-06 2.9860035149697746e-07 2.7714155941595025e-06 2.3686114531032976e-05 0.0 0.0 0.0 0.0 5.461728741467335e-08 3.1745035831061556e-07 0.0 0.0 0.0 2.0115057144503047e-05 2.0574575799825097e-06 4.6793221781238885e-07 3.2534622355689785e-07 9.168749690596278e-08 2.625599343590108e-05 5.3318931784869094e-06 1.9994393831048928e-05 1.2022142999910919e-06 7.790369331303551e-07 7.584958289084042e-07 3.216271279812328e-07 0.0 0.0 0.0 5.559695523707574e-08 6.436335144015638e-08 1.946741727729266e-07 0.0 0.0 0.0 7.293131511098579e-05 9.033298952541894e-06 4.143739694664715e-06 0.00011355282122419383 2.654993373875714e-06 3.354642588608069e-05 1.5414460242452773e-05 0.0006214688848146511 6.878488983576372e-06 5.174746313084183e-07 2.162047884435766e-06 4.3073527227062585e-05 7.171090651483567e-08 1.926668619217174e-06 5.868951679948372e-07 6.212533992343237e-05 6.175437281167868e-07 0.0 1.2987744112498448e-07 2.3818630361008009e-07 0.0 0.0004954032539930209 6.141257174511214e-05
2.6759757485980305e-05 0.0007252819654314316 0.0005124544927550713 0.0 0.0007747410480172668 6.408988626671886e-07 0.00014357237992551264 0.0005408824334012995 0.0005482865713794066 2.4540330997901382e-05 0.0 9.448551036973782e-05 0.0007480673000262335 0.0015546462005615526 6.517578624578082e-06 2.647736880272081e-06 2.2919621183086812e-07 2.0187129678792927e-07 0.0 0.0 8.782874435047559e-08 1.0706263131995072e-06 4.571217009943924e-07 1.8995456118229076e-07 6.381728735095809e-07 6.716961793417878e-07 0.0 6.954423364199156e-08 7.560495984409438e-07 3.105612739785733e-07 0.00013695931251452142 3.309442743021486e-05 0.0001288836034307592 0.0 6.7821185247405e-08 4.794928209651207e-07 1.2481757597137882e-05 1.2729683746280836e-06 3.713705882823685e-06 4.5599643227230556e-07 4.5362276248693803e-07 1.9788182130835576e-06 1.0589812151182968e-07 1.989594064125597e-07 0.0 1.8257471093860048e-07 2.802277776518314e-05 8.999522386223115e-08 0.0 3.179449257012647e-07 1.5066672894476645e-06 2.038536977035439e-06 5.82622966892573e-07 5.87851879988806e-07 3.743187013771799e-07 0.0 1.4338248067720334e-06 8.175161215610854e-06 1.6947781023766692e-06 3.674141814161602e-06 1.3778583114241702e-06 9.086787660892648e-06 0.0 1.3226356154686094e-05 4.526751732691275e-07 9.029617995507337e-07 1.0895993827443471e-06 2.7531105446361917e-06 2.519717569598149e-06 4.794485876825021e-07 1.107396546165229e-05 4.240128453194009e-07 0.0 8.345659656444088e-06 4.202652719093352e-06 1.2491132311192789e-05 7.96443508699238e-06 2.2417550608757295e-06 1.159545829880426e-05 0.0002377970266650498 1.187735131638213e-06 9.376617086509685e-05 1.1063304884756805e-06 0.0 4.233392719674081e-07 3.0715568633745314e-07 6.17432069822588e-07 0.0 1.0439411255836197e-07 7.194367459324218e-08 1.31010407938729e-06 3.8979718303905823e-07 5.650789978287709e-06 1.6175782739770375e-06 2.99481228045458e-06 1.5729793091880924e-05 4.226556689757517e-06 0.0 1.7755134106622706e-06 1.7003428898712827e-05 0.0 8.375253636790706e-07 1.7967784897375585e-06 0.0 1.2401712054261828e-06 2.718772883110634e-06 0.0 4.042806327931595e-06 3.7188931652775514e-07 1.286984068053353e-06 1.7662023124054995e-06 1.9624728588566763e-06 3.0750384535251204e-06 9.877751279990254e-07 1.3952227559321895e-06 0.0 0.0 0.0 0.0 0.0 0.0 0.0 0.0 7.104613882681576e-08 0.0 0.0 0.0 0.0 0.0 0.0 0.0 1.75176932254779e-07 0.0 0.0 7.770424173690984e-07 9.071638647189563e-07 0.0 0.0 0.0 1.4855047072182002e-06 8.336427464980336e-07 2.4743421184983254e-06 9.661750199000363e-07 0.0 0.0 0.0 0.0 0.0 0.0 0.0 1.6866422528161556e-07 2.0464008835610042e-07 0.0 0.0 0.0 1.697792806710047e-07 7.18538312970544e-08 3.1616424023340064e-07 0.0 0.0 0.0 1.571770103964351e-07 0.0 0.0 6.664343832588344e-08 1.2042826758209562e-06 3.6781195495293224e-06 0.0 0.0 0.0 0.0 0.0 0.0 1.1504159504092966e-07 0.0 0.0 2.6159826969146414e-06 5.048395669932292e-07 0.0 3.5646153801051853e-07 0.0 2.886616418189638e-06 6.015267319560522e-07 2.543077940366829e-06 0.0 1.9104158308106078e-07 0.0 0.0 0.0 0.0 0.0 0.0 0.0 0.0 0.0 0.0 0.0 2.8780351652288524e-06 2.5336279315040375e-06 1.4142353871557487e-06 9.703082122075199e-05 2.9575893118361076e-06 3.0441025766147932e-05 1.5476825029150482e-05 1.7552339383018593e-05 5.071446307174875e-06 2.096111931129587e-07 4.5522102414285694e-06 3.3428429540245497e-06 2.8190605011524045e-07 4.90158289896146e-07 5.215174288152167e-07 1.618638813141119e-06 9.96430295169524e-08 0.0 0.0 4.010443308514613e-06 0.0 6.606229636957652e-06 1.6560982778397852e-06
