0.0 0.0016209234726279216 0.00022834024869404507 0.00041244153853179787 1.6409733514668755e-05 4.849381635431653e-05 0.000294342233772922 3.126993785045204e-05 2.87784761526411e-07 0.00015785534298416316 3.927743918672205e-06 1.1361048391153803e-05 2.3272117079235345e-05 4.882993193306503e-06 1.7450482303957476e-07 0.0 0.0 0.0 0.0 0.0 1.1522580681546505e-07 1.0315821557557429e-06 0.0 0.0 1.5555507582728376e-07 0.0 0.0 0.0 0.0 0.0 0.0006989088001653369 1.6388423566290955e-05 4.3627254277790446e-07 0.0 0.0 7.066327562544542e-08 1.4590077735669817e-06 1.275871828843e-06 4.335802091080939e-06 1.3760555369146432e-07 1.0719851365222093e-07 0.0 8.585166733017768e-08 0.0 0.0 0.0 6.607163329032103e-06 1.7048158940765502e-06 3.116684427384887e-07 7.456874187261481e-08 9.800568505026403e-07 1.8753654383813135e-07 5.097067293925512e-07 0.0 2.7107730191234644e-06 9.134609903399671e-06 9.987302204390019e-05 0.0005713283552284641 1.2560578389138845e-05 4.647999909156537e-06 7.701469644765649e-08 0.0 8.720637453791148e-08 7.56268599813502e-05 1.7506645265916615e-06 2.811509349762014e-07 8.631097390761924e-07 3.1367258952172973e-07 0.0 0.0 3.943171087454036e-06 6.158855849458334e-05 2.036207732484195e-05 3.757966707707327e-05 8.440731657479981e-07 1.2944019059783623e-06 9.991922285012456e-08 0.0 4.06575481865549e-07 0.0 4.138396022858393e-07 1.713685661378942e-07 4.061344807068746e-06 6.4751148045094e-07 1.3649718245990985e-06 5.965530700178796e-06 3.0271893759564464e-07 7.639115642103915e-07 3.0347816183263717e-06 9.687477000034195e-06 2.0199535796535897e-06 7.353221462460962e-07 0.0 4.082434508846221e-07 1.1364601531199187e-07 2.7808528707856543e-05 9.57964365980163e-06 1.4709598469504879e-06 4.124275852142484e-06 0.00022999150223975648 0.0 0.0 0.0 0.0 0.0 0.0 0.0 0.0 4.476789767026634e-07 0.0 0.0 0.0 0.0 0.0 0.0 0.0 0.0 0.0 0.0 0.0 0.0 0.0 1.7882420776449867e-06 0.0 0.0 3.017483570753151e-06 0.0 0.0 0.0 0.0 1.238169607223907e-06 0.0 2.6396939698692417e-06 0.0 0.0 0.0 0.0 0.0 0.0 0.0 0.0 0.0 0.0 0.0 0.0 0.0 0.0 0.0 0.0 0.0 0.0 0.0 0.0 0.0 0.0 0.0 3.525632677907288e-06 6.417246291999555e-07 0.0 0.0 6.373698935416501e-08 0.0 0.0 0.0 0.0 0.0 0.0 0.0 0.0 0.0 0.0 0.0 0.0 0.0 0.0 0.0 0.0 1.5309481955226427e-06 0.0 1.6423053814515326e-06 0.0 0.0 0.0 0.0 0.0 0.0 0.0 0.0 0.0 0.0 0.0 0.0 0.0 1.0632656112125264e-07 2.1109725629785967e-07 0.0 0.0 0.0 1.2299165829860807e-06 0.0 5.21821774217735e-06 5.382679677810754e-07 4.062337160899282e-05 1.0317622126756055e-06 0.00017196133542968627 5.082494577837335e-07 5.778263184789178e-07 3.465588275168737e-07 0.0 7.85008122895275e-07 2.0612577231662515e-07 0.0 0.0 0.0 0.0 0.0 4.725744955635455e-06 0.0 5.6861279631933714e-05 0.0
0.0016209234726279216 0.0 0.00060671379741104 0.0008972847210401294 0.00041010175947135496 0.00038957660601605546 0.0011466135852105568 0.0003047834699548348 0.0003471195513621331 0.0007414566292833731 0.00020656793689897906 6.432311889323e-05 0.0003314483495732478 0.0005527218087153533 1.0736877634222124e-05 1.2097247048932956e-06 1.084165186301973e-06 0.0 0.0 0.0 0.0 0.0 0.0 9.232652300248073e-08 7.553958320782734e-08 0.0 0.0 1.524097535050716e-07 0.0 0.0 0.0007450058167685967 4.577628288196546e-05 2.1322812514522467e-05 0.0 7.07393063188713e-08 1.1560377806129493e-07 1.8582278634749228e-05 5.649448712232566e-07 3.8581062081821303e-07 6.90264045744836e-08 0.0 0.0 0.0 1.4373212684434196e-07 0.0 0.0 0.00011405321549808596 3.5177941179654598e-06 6.68940730604277e-07 5.394264906647877e-08 1.4580145053068458e-06 2.32818697995674e-07 2.821395758755087e-07 0.0 4.360663465277274e-06 1.7655601901358114e-05 9.193910953223036e-05 0.00019780967166097777 2.7693852163513017e-05 1.846835604523555e-05 0.0 3.0983424104002744e-07 7.924711409557091e-08 0.0001187388602232955 3.9313306596672395e-06 6.139718380733973e-07 1.6130185571100543e-06 3.1022415403181277e-07 1.3375433273327632e-07 0.0 2.452160764040944e-05 2.7280707985200913e-06 1.1328738170189572e-06 8.00072028287335e-05 1.6953612315204947e-05 2.303379867876154e-05 6.297389233166113e-06 5.550962698714954e-07 1.6963065035321128e-07 2.5080247627336993e-06 2.663378905933748e-07 6.205354496814038e-08 6.185630560585003e-06 5.694244089064442e-07 1.7604985990820949e-06 1.528107876224364e-05 7.803627206182198e-07 6.636679212992942e-08 6.602570031889647e-06 1.1311380308719278e-06 5.127097009497768e-06 1.5645243467254465e-06 9.267823397561059e-08 6.588520901679179e-07 5.365071833688451e-07 2.1734034597572192e-05 1.2448868419530448e-06 7.99442838463481e-08 2.3137687914284015e-06 0.000215894128096025 0.0 0.0 0.0 0.0 0.0 4.1059712641969343e-07 0.0 0.0 2.0496318892378615e-06 0.0 0.0 0.0 2.646433163528855e-06 0.0 0.0 0.0 0.0 0.0 0.0 0.0 0.0 0.0 0.0 0.0 0.0 0.0 0.0 1.5839678648882929e-06 0.0 0.0 0.0 0.0 0.0 1.0876482901895493e-06 3.605337685131902e-06 1.9687014096317348e-06 0.0 0.0 0.0 0.0 0.0 6.772735715580253e-06 1.4083096721622918e-05 5.958004539676515e-06 0.0 0.0 0.0 0.0 0.0 0.0 0.0 0.0 1.7774181758648508e-06 0.0 0.0 0.0 0.0 0.0 0.0 0.0 6.461423179989827e-08 0.0 5.769525150036182e-07 0.0 0.0 0.0 0.0 0.0 0.0 5.68298803384987e-08 0.0 0.0 0.0 0.0 0.0 0.0 2.381668544066877e-06 0.0 0.0 0.0 1.080678264841713e-07 0.0 0.0 0.0 0.0 5.976442216829521e-07 0.0 0.0 0.0 0.0 5.971434571075087e-08 0.0 0.0 3.407620589902961e-07 1.1321739024018703e-07 0.0 0.0 8.431109691641506e-07 1.5264866204128518e-07 3.243209386971e-06 0.00011363375494069319 7.469939472201132e-06 0.0003945854378524618 5.780898308504058e-05 0.00024970035788407697 3.653025487974164e-05 5.704102050305151e-07 2.7143492528543995e-05 2.3466150343025693e-06 0.0 1.5672614622055088e-06 1.277820620822334e-06 8.037615543244307e-07 0.0 0.0 0.0 9.052307917162663e-05 1.7679681795815217e-07 5.855782217819335e-05 5.172070986682519e-06
0.00022834024869404507 0.00060671379741104 0.0 2.76906082573717e-05 0.00026228199500848425 5.9391707909351304e-05 0.00010914864603075249 0.0010593128437779863 2.7888275214094398e-05 9.950820823059089e-05 0.0002910579864313699 8.384347954634244e-05 0.0002528695793996768 0.0003190758403792454 6.7060091303708375e-06 2.7717438457916414e-06 6.752186710398822e-07 1.3691303759333822e-07 0.0 3.189543064963069e-07 0.0 4.292338431886865e-07 5.482895272605195e-07 2.492017533238596e-07 1.6933716893190319e-06 2.2114425574512963e-07 8.676467191340245e-08 4.932805975417468e-07 1.844899956878156e-06 4.965311870644358e-07 0.0022422206412459323 0.0001854235562698467 0.00012042927811044693 5.369958484473957e-07 5.687772199109761e-07 8.015117693499891e-06 8.997814533807992e-05 9.196744895176755e-06 1.6237422181604133e-05 5.532627633288312e-06 2.2070575125795662e-06 1.0983479052645315e-06 1.1059778869170295e-07 7.753913943879231e-07 1.5201627008373813e-07 0.0 6.981089298165749e-05 1.952216820541922e-06 1.2425571235269887e-06 1.737593709852471e-07 1.1761291871337522e-06 3.173347564982633e-07 4.872247089030291e-06 3.270477288524775e-07 2.3543934648454548e-06 1.1166827997943234e-05 4.798016552021389e-05 0.00014816891603746814 1.7309739909685865e-05 1.4113051516016676e-05 1.2885151878673219e-06 1.1490689978166627e-05 1.837654456326834e-06 0.000157536159134278 3.9796878160375e-06 7.274733430100707e-07 1.3737976792989027e-06 0.0 2.3315103715370042e-07 2.1510845248158857e-07 0.00013907031323247382 9.31218795132474e-06 2.0355418331758875e-06 5.2927268016120104e-05 1.8549616655486583e-05 2.4772329366081337e-05 1.2429892175419054e-05 3.1005690175553306e-06 5.623162752421628e-06 0.0001500982417088871 9.565665896115208e-07 4.4314784647025654e-05 4.688920149988127e-06 5.009637938437692e-07 1.6075718168799418e-06 9.528892548823637e-06 6.188547501616885e-07 3.9768642688188773e-07 4.306188640794548e-06 1.179724125919163e-06 3.793775286548938e-06 1.0547958582202742e-06 2.0561636824818096e-07 9.912081433197343e-07 1.2189926934035044e-06 3.7522706200356417e-05 8.019902179520022e-06 1.156227276297228e-06 2.5424502207945825e-05 5.3382361318427216e-05 0.0 0.0 8.22664239173753e-07 0.0 4.938145150541783e-06 0.0 3.1470102572415953e-07 3.45940843478269e-07 4.023075880982408e-07 1.7312087616977141e-06 2.0494707308802904e-06 0.0 3.5409778267184397e-06 1.0299304613750375e-06 0.0 0.0 3.4843400239212275e-07 9.129056839037801e-07 0.0 0.0 0.0 0.0 0.0 0.0 0.0 1.1629440219984605e-06 0.0 9.255642459117687e-06 0.0 0.0 0.0 1.1324560346949104e-06 4.750936181783371e-07 0.0 8.647325082450305e-06 2.5702747233939023e-07 0.0 0.0 0.0 3.7735191775328387e-06 2.489220272584497e-06 1.413242891024496e-05 2.6790288842428023e-05 1.7085967738917857e-05 0.0 0.0 6.699044153052996e-07 0.0 0.0 0.0 0.0 2.6078181844696723e-07 2.3379342631398222e-06 0.0 0.0 9.501570323105411e-08 1.7017908915492542e-05 4.1506820865264035e-07 0.0 3.1931116014999354e-07 0.0 1.7227381463336712e-07 0.0 0.0 0.0 1.7605597748955897e-07 0.0 0.0 0.0 0.0 0.0 0.0 0.0 0.0 0.0 0.0 2.960645234964412e-06 0.0 0.0 4.28231788201342e-07 4.101545771984874e-07 0.0 0.0 1.127192453819761e-06 3.88569837204594e-07 7.272809341918159e-07 1.154386927570576e-06 0.0 0.0 0.0 8.298038467792127e-08 7.263809125107326e-08 0.0 2.962661144709213e-07 2.4236423876337635e-07 0.0 0.0 1.211163992895258e-06 7.585010520088724e-06 1.8313972128142063e-05 3.570614428532392e-05 2.2208110122751223e-06 0.00021688256059582736 2.3843809000114893e-05 8.406300669197069e-05 1.2809430981796392e-05 1.2378377202852346e-06 6.780174492579984e-06 1.4308592957643316e-05 8.92419095509885e-07 8.523547986441449e-06 2.354031968055846e-06 1.3535010230335464e-06 1.237317668028521e-06 0.0 3.9808364900043583e-07 7.4318750018463005e-06 0.0 2.155753344167914e-05 2.910115043657411e-06
0.00041244153853179787 0.0008972847210401294 2.76906082573717e-05 0.0 1.5268787587445263e-05 0.0002563102415175976 0.0004084113601094219 4.343927384384814e-06 0.0 0.0016591823873139404 5.45941267840963e-07 6.375695157844324e-06 1.6993047835764627e-05 4.404706843390923e-06 0.0 0.0 0.0 9.002819701295201e-08 0.0 0.0 9.180550320668486e-08 0.0 0.0 8.091576144367447e-08 0.0 0.0 0.0 8.225029756488903e-08 0.0 0.0 0.0002965152965737368 3.01698645022436e-06 7.359500843688463e-08 0.0 6.976764993714926e-08 6.551856533993475e-08 0.0 6.788429304661767e-08 5.624887311960284e-08 0.0 7.437948281474184e-08 0.0 0.0 0.0 0.0 0.0 3.879335413320173e-05 2.758759371398814e-06 6.583214475649452e-07 4.515419711391404e-08 1.0671557335518582e-06 1.06545671914832e-07 0.0 0.0 3.184689662816787e-06 1.1658296029327576e-05 6.162240737086496e-05 0.00024197082183932133 1.8683904175871287e-05 1.1690120774411375e-05 5.940578487734385e-08 0.0 1.1758159621309649e-07 4.540620831152273e-05 4.153717706217617e-06 5.368663270403052e-07 5.149554606461337e-07 3.987852646984632e-07 7.345922168840018e-08 0.0 0.0 2.8799082631747367e-06 1.1053718183325575e-06 6.186931577787054e-05 3.98227865959011e-06 7.381310073782898e-06 4.227503217315598e-07 6.475917861947674e-08 0.0 0.0 0.0 1.2931223986424506e-07 6.941336699273723e-06 7.961451339941776e-07 1.0852172430780846e-06 1.1518420413356184e-05 1.030933000131923e-06 0.0 5.743179744413695e-06 6.673473882952877e-07 4.1101359573010445e-06 1.2441109544845433e-06 0.0 6.306978491976912e-07 3.3018672536210304e-07 9.864183179562131e-06 0.0 0.0 0.0 4.0594152375669616e-05 0.0 0.0 0.0 0.0 0.0 0.0 0.0 0.0 6.942475934476165e-07 0.0 0.0 0.0 0.0 0.0 0.0 0.0 0.0 0.0 0.0 0.0 0.0 0.0 0.0 0.0 0.0 0.0 0.0 0.0 0.0 0.0 0.0 0.0 0.0 0.0 0.0 0.0 0.0 0.0 0.0 0.0 0.0 0.0 0.0 0.0 0.0 0.0 0.0 0.0 0.0 0.0 0.0 0.0 0.0 0.0 0.0 0.0 0.0 0.0 0.0 0.0 0.0 0.0 0.0 0.0 0.0 0.0 0.0 0.0 0.0 0.0 0.0 0.0 0.0 0.0 0.0 0.0 0.0 0.0 0.0 0.0 0.0 0.0 0.0 0.0 0.0 0.0 0.0 0.0 0.0 0.0 0.0 0.0 0.0 0.0 6.819541470357393e-08 0.0 0.0 0.0 0.0 0.0 9.813673501135342e-06 8.132250330545363e-07 0.00015935214176683512 7.545022455837603e-06 7.063255207918389e-05 7.381886685009009e-06 8.984210611973702e-07 2.0620001937278635e-06 0.0 0.0 1.3180000369604238e-07 6.317833544308805e-08 0.0 0.0 0.0 0.0 0.00022126919146918953 0.0 1.5252253117509072e-05 0.0
1.6409733514668755e-05 0.00041010175947135496 0.00026228199500848425 1.5268787587445263e-05 0.0 6.780165059073932e-06 0.000386013084292094 0.00040739497323908686 0.0014907187733259938 0.00024971691748899583 0.0005368046020326976 4.343611286211622e-05 0.0004014387697208283 0.0007054865204860829 1.227077323774101e-05 7.098240051328862e-07 8.659252988390211e-07 0.0 0.0 0.0 0.0 0.0 0.0 0.0 0.0 1.0767666725998112e-07 0.0 0.0 1.397802239795888e-07 1.094647425843686e-07 2.5907980314734792e-05 6.030821294380837e-06 5.698106662831753e-06 0.0 0.0 0.0 5.158930943573666e-06 0.0 8.977355544992259e-08 1.0412081389847524e-07 0.0 9.957171856865665e-08 0.0 1.4203832348009968e-07 0.0 0.0 3.871058112790602e-05 1.446356137876815e-07 1.312926524931292e-06 0.0 1.8235014523825034e-07 6.56559453728862e-08 0.0 0.0 5.538731900458652e-07 1.919809651109975e-06 8.615656886767525e-06 1.0448626792293024e-05 4.372965272488829e-06 3.0177767719036273e-06 0.0 0.0 0.0 2.8328121415056263e-05 9.114661855672344e-07 3.387422265055205e-07 3.464242396755129e-07 7.82892924710522e-08 6.342543125294882e-08 6.931128173383362e-08 4.939570046399898e-06 2.2709322237603797e-07 0.0 9.088471450862506e-06 3.797914087465869e-06 1.3551046953997483e-05 8.086000248186583e-06 1.2483442692463898e-07 0.0 9.972688554562792e-07 0.0 3.3750804627226727e-07 4.556383528290247e-07 3.557696944126773e-07 1.670752534362184e-07 2.0838433823407405e-06 1.376907917812654e-07 7.33754559406808e-08 5.360250228872769e-07 0.0 6.938103867248212e-07 2.0922173962891304e-07 0.0 6.469419575002813e-08 0.0 1.0889054536826978e-05 7.273995628966837e-07 0.0 3.2598250513146364e-07 2.2377846503040996e-07 6.453724618746508e-07 0.0 0.0 0.0 0.0 0.0 0.0 0.0 2.5293593465495478e-06 0.0 0.0 0.0 0.0 0.0 0.0 0.0 0.0 0.0 0.0 0.0 0.0 0.0 0.0 0.0 0.0 0.0 0.0 1.1613612227104486e-06 0.0 0.0 0.0 0.0 0.0 0.0 6.377168299197436e-07 0.0 0.0 0.0 0.0 9.625471695302693e-07 0.0 3.065931870356633e-06 2.373739266819357e-06 0.0 0.0 0.0 0.0 0.0 0.0 0.0 0.0 0.0 0.0 0.0 0.0 0.0 1.9649704106628815e-06 0.0 0.0 0.0 0.0 0.0 2.0396077216095866e-07 0.0 0.0 0.0 0.0 0.0 0.0 0.0 0.0 0.0 7.628258486426192e-08 0.0 0.0 0.0 0.0 9.885808698173318e-07 0.0 0.0 0.0 0.0 0.0 0.0 0.0 0.0 0.0 0.0 0.0 0.0 0.0 0.0 0.0 0.0 0.0 0.0 0.0 9.69816564090231e-07 0.0 1.062324174652031e-06 4.1834382767521624e-05 1.3519690037722599e-06 8.961827339364249e-05 2.0831447928315273e-05 5.990863495698722e-05 1.4338860209318634e-05 5.438354190284287e-07 1.001322950429904e-05 1.7824006235362294e-06 0.0 1.0423008271439538e-06 0.0 0.0 0.0 0.0 0.0 1.2411418031507704e-06 0.0 2.891684675631168e-06 9.899180929628455e-07
4.849381635431653e-05 0.00038957660601605546 5.9391707909351304e-05 0.0002563102415175976 6.780165059073932e-06 0.0 9.54189152263095e-05 1.8550399368312306e-05 1.3321908800962542e-06 0.0007274217774783288 4.463445615238342e-06 7.775667328038508e-05 9.606741904429006e-05 1.7543357116634453e-05 3.043273787726818e-06 4.2079513242588095e-06 1.2655808728295222e-07 0.0 0.0 6.8547272910912e-08 0.0 2.2967953111503617e-06 0.0 0.0 5.842239182588483e-08 9.273140655821815e-08 0.0 0.0 1.109276658834342e-06 0.0 0.0001143884373126072 9.235674876565953e-06 3.020293740692288e-06 1.3442764002560084e-07 0.0 0.0 9.038447256203704e-06 2.8266414296404857e-06 3.1838646580164385e-05 2.812183093498598e-06 0.0 0.0 0.0 8.65821372521512e-07 0.0 0.0 4.256676571407858e-06 2.6967232999761644e-07 0.0 0.0 6.101679792049587e-07 7.288646473835907e-06 1.4439908150642044e-05 1.289588251809921e-07 7.622730893582334e-07 2.6722247476773118e-06 2.227122163489726e-05 0.00014863135592186886 3.816047315826567e-06 1.209248433780054e-06 9.648996566749462e-07 7.386329188030479e-06 2.7202113102872447e-07 1.6680526601975692e-05 8.301868713134018e-07 0.0 7.202521308447329e-08 0.0 5.791444958279317e-08 0.0 2.829217871584191e-05 0.0004509424764779292 0.00018583253187438162 1.4154179588449823e-05 1.1999577659434227e-06 1.4557590349886233e-06 1.813538029381828e-06 4.5572129827187e-07 1.0130769401681036e-07 2.0317446156219103e-06 1.9121684165572808e-07 5.567743149687718e-06 2.0834025526047516e-06 4.325548600915076e-06 6.146917818011595e-07 2.0743266468941937e-06 2.055073676088542e-07 1.0777609467850906e-05 3.0431889755645477e-06 4.115580947021589e-05 1.4216049211600143e-06 2.840382309261056e-06 0.0 9.09045665701654e-08 5.30842767878683e-07 4.426466465022262e-05 6.221707096746262e-05 5.300277802628555e-06 4.906889958381322e-05 9.116469556265013e-05 0.0 0.0 0.0 0.0 0.0 0.0 0.0 0.0 0.0 0.0 0.0 0.0 0.0 0.0 0.0 0.0 0.0 0.0 0.0 0.0 0.0 0.0 1.3127055537283253e-05 0.0 0.0 2.0369015778968865e-05 0.0 0.0 9.617903857002773e-07 0.0 1.981371460114651e-06 4.7166809233121135e-06 2.6558427398153495e-05 1.2379076144671983e-06 0.0 0.0 0.0 0.0 0.0 0.0 0.0 0.0 0.0 0.0 0.0 0.0 3.48910599523968e-07 0.0 0.0 0.0 0.0 0.0 0.0 0.0 0.0 6.271203376841636e-06 1.8729864953527743e-05 1.620455305432732e-05 0.0 0.0 0.0 0.0 0.0 0.0 0.0 0.0 0.0 0.0 0.0 0.0 0.0 0.0 1.6145896775703393e-07 0.0 0.0 0.0 0.0 2.1937443535920927e-06 0.0 9.167892490624848e-07 3.4794952297177586e-06 0.0 0.0 0.0 0.0 0.0 0.0 0.0 0.0 3.941503186793703e-07 0.0 0.0 1.0472380528799665e-06 9.857644056157958e-07 1.408074486548199e-06 5.910260440257251e-07 0.0 4.83137653974396e-07 1.9108840504925e-06 0.0 3.199451155770805e-05 1.6470232282173722e-06 2.724522824817905e-05 4.664818136220427e-06 6.719309648249866e-05 2.881715247578145e-07 4.181183125090834e-07 3.735767527286717e-06 1.0268528878220416e-06 2.3022579842251443e-06 9.02278434442114e-07 6.259983751576857e-07 0.0 0.0 0.0 0.0 7.396295303313816e-07 0.0 3.0566354414557704e-05 5.425917527054778e-07
0.000294342233772922 0.0011466135852105568 0.00010914864603075249 0.0004084113601094219 0.000386013084292094 9.54189152263095e-05 0.0 4.610768198638128e-05 0.001995759195445026 0.0014289985012121277 0.00023842590793741553 0.00015682615110215996 0.001366473782252832 0.0016258047326642635 2.8362412730133433e-05 7.152338873823292e-06 3.322686496674827e-06 2.7626927963704417e-07 2.1953386055981544e-07 0.0 1.1555066857906226e-07 6.487018795407209e-08 1.42356812105829e-07 1.168988396396262e-07 8.603565750674403e-08 0.0 1.1974200581648683e-07 0.0 7.10541824481359e-08 3.805713598792345e-07 0.00011137090345085521 1.9182654850265146e-05 1.1515571607583317e-05 3.665470596663021e-07 0.0 0.0 1.09686990360504e-05 0.0 8.400175889672348e-07 6.314860570143984e-07 0.0 0.0 6.935795497782341e-08 8.26717449690456e-08 0.0 0.0 0.00012368518944514038 2.1137170506857956e-06 1.7552253796246754e-06 0.0 1.1143629960146777e-06 6.430566044976209e-08 1.9581491339322137e-07 1.4638264757654172e-07 3.108433359258683e-06 1.006594515079992e-05 5.125462210768287e-05 8.09577141486158e-05 1.7887328807745744e-05 1.5717507799209734e-05 8.798285094324635e-08 2.1981621370416826e-07 0.0 9.287870670102128e-05 3.5267550074676132e-06 4.037790152245011e-07 6.649700921865343e-07 1.2716878322825261e-07 1.9500321120358197e-07 0.0 1.5247013940703923e-05 2.348554992229413e-06 0.0 5.362870676492113e-05 1.623705960159142e-05 3.83748754439347e-05 2.1068212461022983e-05 2.1009192534938333e-06 0.0 2.322301523853198e-06 7.168435011746674e-08 2.701677888832011e-07 4.354022056165344e-06 3.023294873399421e-07 1.485070410634314e-06 9.047409707440141e-06 8.558739980495265e-07 2.898150686734251e-07 4.850947134174368e-06 1.0845394819509634e-07 2.5003830128612763e-06 1.1235925195880026e-06 0.0 4.13576421138736e-07 3.055697021093197e-07 0.00016920483986311346 2.9547267563313236e-06 0.0 4.93282001525089e-07 1.7317624858919998e-05 2.775672543493514e-07 0.0 0.0 0.0 0.0 3.1731645213116907e-07 0.0 0.0 2.4511542142035586e-06 3.8138994000974134e-06 0.0 6.0440934749331585e-06 1.5684044518802591e-06 1.2939111322956161e-06 0.0 3.4644772879008057e-07 0.0 0.0 0.0 0.0 0.0 0.0 0.0 0.0 0.0 0.0 0.0 1.555062803073505e-06 0.0 0.0 0.0 1.753784393170954e-06 1.3630619918429193e-06 0.0 1.0329221426976786e-05 5.591768869843763e-07 0.0 0.0 0.0 3.8137285242821023e-06 0.0 8.813210015672211e-06 6.567075566188599e-06 5.524545095746817e-06 0.0 0.0 0.0 0.0 0.0 0.0 0.0 0.0 1.4861310700948748e-06 0.0 0.0 0.0 2.258997082310813e-06 0.0 0.0 0.0 0.0 0.0 1.7365709474254204e-06 0.0 0.0 0.0 0.0 0.0 0.0 0.0 0.0 0.0 0.0 0.0 0.0 0.0 4.115669875957487e-06 0.0 0.0 0.0 0.0 0.0 0.0 0.0 3.4882652879110314e-07 0.0 0.0 0.0 0.0 0.0 0.0 0.0 0.0 1.640327268831315e-07 1.3031722901902383e-07 0.0 0.0 8.074877702848639e-06 4.503312390052112e-06 2.274047899423104e-05 0.00017051245751161716 4.4618429971742374e-06 0.00036335216276852343 7.387594487791135e-05 0.0002183536156822771 4.029017800353109e-05 1.8673436191755944e-06 3.434198860097417e-05 1.6136966389974152e-06 0.0 1.3815058423159395e-06 3.6427455224684887e-07 0.0 7.542260773278237e-07 0.0 0.0 5.289980476632228e-05 3.0133962650005277e-07 2.8628801532212643e-05 1.578240668731767e-05
3.126993785045204e-05 0.0003047834699548348 0.0010593128437779863 4.343927384384814e-06 0.00040739497323908686 1.8550399368312306e-05 4.610768198638128e-05 0.0 0.00023210786722405914 6.580850138254364e-05 0.00014054068134514166 8.446762246549209e-05 0.00030278620071808374 0.0008483524114199899 1.4904474649136996e-05 6.368238786356716e-06 1.4129114825969998e-06 1.7156326760310485e-07 0.0 1.1591520628090607e-06 5.452090405735478e-07 1.7467116667045556e-06 8.801873139394084e-07 1.406936844630224e-06 5.731804003562975e-06 3.6070919176218686e-07 1.3182201521016373e-07 1.5670383182462986e-06 4.645933224643377e-06 8.299996051757039e-07 0.00032647515521954236 0.0002404157138879296 0.00036268130485659847 1.6978395849830445e-06 1.469375680487686e-06 3.022887855999338e-05 0.00022273677965277283 4.024394645164908e-05 5.778123829188654e-05 1.6058452602144197e-05 5.298587743219892e-06 3.235750028732313e-06 5.899019949801828e-07 7.716799078428422e-05 0.0 4.7575503630835193e-07 7.323525934361883e-05 2.1619088577819163e-06 2.08147315347398e-06 4.413433151990911e-07 8.5890866334757e-07 1.6427472418269787e-06 1.3792975910599499e-05 1.1879796373634341e-06 1.4344190297988953e-06 5.008459018357784e-06 2.0610995767999104e-05 3.7055139373684106e-05 7.1755780267723755e-06 1.2980552499449707e-05 1.0593722223771187e-05 0.00010202817459730418 7.232001677413812e-06 0.00017634340440360078 1.8447315630109262e-06 1.8937681894767954e-07 8.487383499925933e-07 2.539189743443142e-07 5.573086110834529e-08 5.030932895218085e-07 0.0003573270364381017 2.312622961185106e-05 2.821388407561408e-06 3.263890309270423e-05 1.7662014027370185e-05 4.430447730068979e-05 9.36678763251934e-05 0.0003100807964793108 0.0001626394262503749 0.0007105205630624277 1.0734513131714392e-05 0.0007002911038750853 1.8717298629544479e-06 6.375117379261279e-07 5.614418802008483e-07 5.435085283248592e-06 3.570980624722424e-07 7.623412325047935e-07 2.6347049518713235e-06 3.0973461606474234e-06 2.5024102386066484e-06 1.292489170604936e-06 8.700758732342412e-07 2.133896235086491e-06 2.059156165179212e-06 6.502121351671925e-05 2.4687793194334232e-05 2.5320381099578936e-06 6.970452410121812e-05 1.5116188701083065e-05 6.595676484196225e-07 0.0 0.0 0.0 6.062668879171178e-07 0.0 3.7640555726019825e-07 0.0 4.289719051189693e-06 4.560916301656417e-06 3.3239594836386615e-06 7.095969826039637e-06 5.205120018386617e-06 5.300582514339091e-07 8.445677254532401e-07 1.6259304555549838e-06 9.916534374072502e-07 0.0 0.0 0.0 0.0 0.0 7.312545961691902e-07 0.0 0.0 1.390165748288043e-06 0.0 1.904735587819559e-05 0.0 0.0 0.0 3.020093528461e-06 2.045084834153499e-07 1.164905108034176e-06 5.221384455526664e-06 5.670862413401848e-06 1.2048362452303747e-07 0.0 0.0 2.839844846559227e-06 2.97514936094504e-06 1.1654834187637165e-05 3.8280910908816136e-05 2.6097611459743625e-05 0.0 3.492342413469833e-07 0.0 0.0 0.0 0.0 0.0 0.0 2.3389174300816045e-06 0.0 0.0 2.2475839912964987e-06 1.32273840396819e-05 3.3793442497072457e-06 6.257220901660553e-08 0.0 5.7461467766265425e-08 1.199719141358896e-06 1.951697152145823e-06 0.0 0.0 8.01113273655541e-07 0.0 0.0 4.4292508910600997e-07 6.583973573159859e-08 0.0 0.0 0.0 0.0 0.0 0.0 2.508822046487667e-06 0.0 0.0 2.9326864684389886e-07 1.1480735457577181e-06 0.0 0.0 1.4895625946843104e-06 1.01707211937333e-06 3.3683295639435097e-07 1.2810347225532201e-06 2.0652227719424485e-06 4.2339720574188245e-07 0.0 0.0 5.704504735864496e-08 0.0 2.187823193193071e-07 1.555062045869006e-07 6.418624824857189e-08 0.0 6.743679076148154e-06 1.1103476636013722e-05 3.2413047231872015e-05 3.2573728040547046e-05 2.3227028948213983e-06 0.0001412581063530799 2.0617180603831504e-05 3.51876023150508e-05 1.1778831135869007e-05 7.774436657237769e-07 6.482208569692473e-06 2.8450847732071607e-05 2.8614530861844166e-07 1.3490240703623852e-05 7.012347021702918e-06 2.206093349367367e-06 0.0 0.0 1.0742585588970988e-06 1.1672206814595187e-06 0.0 1.680102653794565e-05 6.070672446593449e-06
2.87784761526411e-07 0.0003471195513621331 2.7888275214094398e-05 0.0 0.0014907187733259938 1.3321908800962542e-06 0.001995759195445026 0.00023210786722405914 0.0 5.668907304023311e-05 0.00048372361801169426 5.032122768471408e-05 0.0003149927521768067 0.0004995701568281723 3.333593722500057e-06 2.2744383224762537e-06 2.535942440398314e-07 0.0 0.0 0.0 0.0 0.0 0.0 1.1908107145601312e-07 1.2964330649804377e-07 1.3846757843011033e-07 0.0 0.0 0.0 0.0 5.706685852907592e-06 4.609836171395208e-06 1.8419278377234158e-05 0.0 0.0 0.0 1.0681944924497904e-05 1.1758026269183964e-06 0.0 3.1238423235823474e-07 0.0 0.0 0.0 1.1407809512932408e-07 0.0 0.0 9.16199774824946e-06 0.0 4.40318927937386e-07 0.0 1.2525250371710134e-07 0.0 0.0 0.0 0.0 3.313699520426003e-07 9.185519370026919e-07 1.1750683383720672e-06 3.2899647350653016e-07 2.6673539666361e-07 0.0 1.1350633842539294e-06 0.0 3.3885815451434157e-06 6.967833135643605e-08 0.0 0.0 0.0 0.0 0.0 3.1141321854866405e-06 0.0 0.0 1.0804224138548307e-06 9.365788096814462e-07 2.4256796200469257e-06 1.4644204711448189e-06 2.3822141519754372e-07 0.0 9.271344608816733e-06 0.0 0.0 0.0 0.0 0.0 1.8052134388021015e-07 0.0 0.0 2.2641442009272998e-07 0.0 1.7593053394419841e-07 0.0 0.0 0.0 0.0 1.5138025321998587e-05 4.721923470728953e-07 0.0 2.4850881655656734e-07 3.5781824808477525e-07 0.0 0.0 0.0 8.15090259104005e-07 0.0 0.0 0.0 0.0 0.0 0.0 0.0 2.5069334732994747e-06 0.0 0.0 0.0 0.0 0.0 0.0 0.0 0.0 0.0 0.0 0.0 0.0 0.0 0.0 0.0 0.0 0.0 0.0 0.0 0.0 0.0 0.0 4.3294576481085226e-07 6.350544063534863e-06 0.0 0.0 0.0 0.0 0.0 1.0192192147976102e-06 0.0 0.0 0.0 0.0 0.0 0.0 0.0 0.0 0.0 0.0 0.0 0.0 0.0 0.0 0.0 0.0 0.0 0.0 0.0 0.0 0.0 0.0 0.0 0.0 0.0 0.0 0.0 0.0 0.0 0.0 0.0 0.0 0.0 0.0 6.917303301905395e-07 0.0 0.0 0.0 0.0 0.0 0.0 0.0 0.0 0.0 0.0 0.0 8.925168590241096e-07 0.0 0.0 0.0 0.0 0.0 0.0 0.0 0.0 7.977096394318241e-07 9.028965341647394e-07 0.0 8.669716807880807e-06 0.0 1.1134247360322238e-05 3.204355583509438e-06 7.072614326515911e-06 9.349199008245398e-07 0.0 5.269237024490432e-06 0.0 0.0 3.7896120657869093e-07 0.0 0.0 0.0 0.0 0.0 0.0 0.0 1.056426319324816e-06 2.7671706093100475e-06
0.00015785534298416316 0.0007414566292833731 9.950820823059089e-05 0.0016591823873139404 0.00024971691748899583 0.0007274217774783288 0.0014289985012121277 6.580850138254364e-05 5.668907304023311e-05 0.0 7.723583532935303e-05 0.0004245592654752266 0.0023296661441880554 0.0011241563914689 1.7939158288356196e-05 8.519865227709225e-06 1.611211010061637e-06 0.0 0.0 0.0 0.0 0.0 0.0 1.4953420631914282e-07 0.0 0.0 2.5017200572223947e-07 0.0 4.205321121847337e-07 0.0 9.435315488919043e-05 3.082495761368474e-05 1.1081842157149292e-05 1.0641825648275484e-07 0.0 7.62286708522489e-08 0.00010499676666719545 0.0 4.857130537102417e-07 5.093277012154413e-07 2.2234180621073598e-07 2.5187574739553324e-07 0.0 1.908419276230636e-06 0.0 0.0 5.271914311875841e-05 1.1756912705317388e-06 1.6074862159629851e-06 0.0 3.945299883769587e-07 1.031123752565336e-07 7.17027396700671e-07 1.5484692135290425e-07 1.0308939147080186e-06 3.698447662389512e-06 2.2644155703997234e-05 7.457145853305669e-05 6.739168508855594e-06 5.77585569515102e-06 1.3394482750682495e-07 4.4208306718621676e-07 0.0 3.4833505727079385e-05 8.79870855042406e-07 1.4809451342310766e-07 4.106120759501872e-07 1.1955438210999744e-07 0.0 0.0 0.00015946854477424529 1.655770412524733e-06 8.173457294222269e-08 1.9740452363053548e-05 5.405033185447512e-06 1.3510531791281125e-05 1.3370217280651907e-05 3.258747607154344e-06 7.168854786990892e-07 3.5505369130332936e-06 0.0 1.7467250071754882e-06 1.636926679200688e-06 2.536836414960133e-07 3.4419639680478085e-07 3.3977581222438094e-06 1.259112663730045e-07 0.0 1.7283594958179433e-06 2.1454784771725334e-07 1.295137119996857e-06 3.91209825432545e-07 0.0 4.996479617253568e-08 3.740788729105032e-07 0.0013142002477927331 3.339469785061117e-05 2.1667970440098793e-07 1.2577000429982008e-05 2.001864990075626e-05 0.0 0.0 1.6261723823924646e-06 0.0 1.0695681439675871e-05 1.3543823691069964e-05 4.380737640137357e-07 2.0633664009789284e-06 1.0428939159813031e-05 1.2245177149070815e-05 0.0 3.6643055996808415e-05 1.6977865312394767e-05 1.1471584977740187e-05 0.0 2.1566012012948787e-06 0.0 8.047865357813326e-07 0.0 0.0 0.0 0.0 0.0 0.0 0.0 2.2479819863946395e-07 0.0 3.366436636829447e-06 0.0 0.0 0.0 3.5739974957147373e-06 0.0 0.0 1.984612505705632e-05 8.443783654347672e-06 0.0 0.0 0.0 9.067256878701414e-06 0.0 1.0592836031588942e-05 3.818821887689188e-05 1.6085487842098877e-05 0.0 0.0 0.0 0.0 0.0 0.0 0.0 0.0 2.194124512317587e-06 0.0 0.0 0.0 4.926953121174307e-06 0.0 0.0 0.0 0.0 0.0 4.235447806920767e-06 0.0 0.0 0.0 0.0 1.1948863677768512e-06 0.0 0.0 0.0 0.0 0.0 0.0 0.0 0.0 2.3717511590997504e-05 0.0 0.0 0.0 0.0 5.905368899192687e-07 0.0 0.0 2.1233650138787386e-06 1.365559883284893e-06 6.307532828770671e-07 0.0 1.6038248798080548e-06 4.7274472775503133e-07 7.194792038354878e-08 0.0 0.0 0.0 0.0 0.0 0.0 4.262087121469603e-05 1.0357398773200964e-05 6.032507232283345e-05 9.677417150195576e-05 2.4138026150761283e-06 0.00014027479678867526 3.774741582710293e-05 9.587040538678244e-05 1.2896826326182126e-05 3.274337348793818e-07 2.1448316583659314e-05 1.030198299329811e-05 0.0 1.038945245959092e-05 1.907547817985938e-06 1.7254574822314237e-05 1.1237345532736048e-06 0.0 1.7472029399319365e-06 0.0005219697448914139 0.0 2.0760655707073664e-05 4.80985708024295e-05
3.927743918672205e-06 0.00020656793689897906 0.0002910579864313699 5.45941267840963e-07 0.0005368046020326976 4.463445615238342e-06 0.00023842590793741553 0.00014054068134514166 0.00048372361801169426 7.723583532935303e-05 0.0 0.00019612540084934272 0.0005581697047234832 0.0020013744097008776 1.591435436692451e-06 2.219316064484107e-06 0.0 0.0 0.0 0.0 8.4870025314123e-08 0.0 0.0 0.0 1.1416266014845923e-07 0.0 0.0 0.0 2.303020867758046e-07 0.0 4.232121522714149e-05 2.3674031005127855e-05 0.00045754245083908754 0.0 0.0 0.0 0.00012495077677524157 3.7459106443800998e-06 1.3693382127933078e-06 2.911934437801222e-07 0.0 3.1202527010035246e-07 0.0 0.0 0.0 0.0 5.107438008812901e-06 0.0 0.0 0.0 0.0 0.0 1.5451723766898947e-07 1.0022402921122325e-07 0.0 1.1519168002935711e-07 7.97669618019025e-07 9.002878594978473e-07 2.588737630180151e-07 4.2464460024531883e-07 0.0 2.7549841127753115e-06 7.555116212662701e-08 3.499903794498052e-06 0.0 0.0 0.0 0.0 0.0 0.0 0.00012309572121791253 2.2680798764789673e-07 0.0 1.1006743529878207e-06 7.629354224436844e-07 1.3949209241840176e-06 2.3735238684311694e-06 3.3773859400880267e-07 8.099463165397225e-08 3.6658506554795885e-05 0.0 9.446868187409546e-07 7.495473212442537e-08 0.0 0.0 6.557616020715197e-08 6.978155305309215e-08 0.0 6.913698272318361e-08 9.470541765406565e-08 0.0 1.4767217209697295e-07 0.0 0.0 1.2126091597488185e-07 1.4433093583584579e-05 1.8048002522886965e-06 0.0 4.152505434960377e-06 8.697553548797848e-07 0.0 0.0 0.0 0.0 0.0 0.0 0.0 0.0 1.3065937187196853e-06 1.670034210210711e-06 0.0 0.0 0.0 0.0 9.881047564550276e-07 6.645804684048007e-07 0.0 0.0 0.0 0.0 0.0 0.0 0.0 0.0 0.0 0.0 0.0 1.0712009671294976e-06 0.0 0.0 0.0 0.0 0.0 0.0 2.548674497516329e-06 1.6732972567990845e-06 0.0 0.0 0.0 3.267492388389093e-06 0.0 3.902451353322152e-06 3.4280568452311213e-06 1.462614191362264e-06 0.0 0.0 0.0 0.0 0.0 0.0 0.0 0.0 0.0 0.0 0.0 0.0 1.0899299576800962e-06 0.0 0.0 0.0 0.0 3.5608534352153476e-07 3.282718130257419e-07 0.0 0.0 0.0 1.3771177265592963e-06 0.0 0.0 0.0 0.0 0.0 0.0 0.0 0.0 0.0 4.274254916104882e-06 0.0 0.0 0.0 0.0 1.14932217597683e-06 0.0 1.3230535777208896e-06 0.0 0.0 0.0 0.0 0.0 0.0 0.0 0.0 0.0 0.0 0.0 0.0 0.0 2.772596400215683e-07 4.843538085338775e-07 8.955121938584592e-06 9.361414920071583e-06 1.3329324251857007e-07 9.163136510199088e-06 4.407849899358002e-06 9.110927522900349e-06 6.211379110277758e-07 0.0 2.7124754251721548e-06 4.227526564454322e-06 0.0 5.720506254775667e-07 1.167459831880503e-06 0.0 0.0 0.0 0.0 0.0 0.0 5.074620450317504e-06 1.2069699633751702e-06
1.1361048391153803e-05 6.432311889323e-05 8.384347954634244e-05 6.375695157844324e-06 4.343611286211622e-05 7.775667328038508e-05 0.00015682615110215996 8.446762246549209e-05 5.032122768471408e-05 0.0004245592654752266 0.00019612540084934272 0.0 0.0003407431746886894 0.00023310380726975324 2.074614932525463e-05 1.221353166426465e-05 1.8823439086626606e-06 2.5521758531873533e-07 0.0 6.79418879138349e-08 2.6765214520241397e-07 3.4759073686910693e-06 7.974265711498885e-08 0.0 0.0 3.6736831104601427e-07 0.0 1.0933268559387898e-06 4.216681597665689e-06 2.0314062503780776e-07 2.351685794629517e-05 2.2598350878917426e-05 9.797667749240689e-06 7.34382565888297e-08 0.0 9.60096245800702e-07 3.637074437268697e-05 1.3695821956513384e-06 1.1191481687772216e-05 4.0762226660533545e-06 2.8607541285896826e-06 3.3661877584339938e-06 5.043949608644137e-07 2.720754704424317e-06 1.0816527449652132e-07 2.734813999053513e-07 2.8228957824454294e-05 3.236871606346504e-07 9.731121073716926e-08 1.7587093038171252e-07 1.6708256782134565e-07 1.755824922578707e-06 2.5126357164127348e-05 1.5990680264937795e-06 1.1738725231667709e-07 8.638189241900293e-07 3.0484414823238967e-06 2.9320325487368614e-06 3.694808642733848e-07 7.933986796586259e-07 2.793533052033766e-07 4.111379029428798e-06 3.890208261009469e-07 1.2068831435693038e-05 5.955646857267636e-08 7.579143783763074e-08 0.0 0.0 0.0 1.2449155000399925e-07 0.0001120348015518055 2.1981634411160975e-06 2.7830019465100336e-06 3.6848193380627227e-06 2.438793671059672e-06 1.0619543470354226e-05 1.12046809716164e-05 4.370722569479801e-06 2.488187445647645e-07 1.4663184894074655e-05 5.946166025934424e-08 5.005741201075721e-06 8.136822268210906e-08 5.321153026231643e-07 8.427581960013764e-08 5.427402699546043e-07 6.087409905177427e-08 1.0460273407278223e-06 6.796228773921326e-07 3.924312998794696e-06 1.1572621171877131e-06 1.158635244446562e-06 0.0 1.8984874297092477e-06 2.588951104006904e-06 0.00045225691487732706 5.7853204306302606e-05 5.349049717763229e-06 1.122869259409701e-05 3.5358949653170895e-06 0.0 0.0 1.02605651902351e-06 0.0 3.345510196755374e-06 1.96041624626961e-06 6.871695612913589e-07 0.0 7.640442432654109e-07 9.258086000103382e-06 0.0 8.026073811598966e-06 6.739977786939163e-06 2.313719788728904e-06 1.8211429496687497e-06 0.0 0.0 0.0 0.0 0.0 0.0 0.0 0.0 0.0 0.0 1.7363466045590867e-06 0.0 7.639049554977906e-06 0.0 0.0 0.0 9.843843583491633e-07 6.632406665572982e-06 0.0 1.0366727069894513e-05 3.634609528392699e-06 0.0 0.0 0.0 4.020498567201856e-06 0.0 6.2378890711613325e-06 2.0502347586333245e-05 7.483323088015583e-06 0.0 0.0 0.0 0.0 0.0 0.0 0.0 0.0 2.6629897448880978e-06 0.0 0.0 0.0 2.7156095682112757e-06 1.4988284640735945e-06 0.0 0.0 0.0 0.0 5.207305016102771e-07 0.0 0.0 0.0 0.0 1.7400719244941955e-06 0.0 0.0 0.0 0.0 0.0 0.0 0.0 0.0 9.191139699388461e-06 0.0 0.0 0.0 4.229099025797574e-07 1.8423408054888547e-06 0.0 0.0 0.0 0.0 9.916179329296227e-07 0.0 4.632291491486915e-07 0.0 0.0 0.0 0.0 0.0 1.8121872396557047e-07 0.0 0.0 1.284221363000936e-05 3.135074484788279e-06 1.0570667692002414e-05 8.626753654550644e-05 1.5733466309957027e-06 4.66291867664005e-05 2.2183909183370725e-05 4.547738836344375e-05 5.717391583460578e-06 2.2445746187320736e-07 1.2886219005922211e-05 2.7352674593812166e-06 0.0 5.803205606158745e-06 6.822781464275459e-07 1.0533628024320086e-05 0.0 0.0 0.0 1.7574444147347404e-06 6.215800238047218e-07 1.1616897495541563e-05 2.5597086718308623e-05
2.3272117079235345e-05 0.0003314483495732478 0.0002528695793996768 1.6993047835764627e-05 0.0004014387697208283 9.606741904429006e-05 0.001366473782252832 0.00030278620071808374 0.0003149927521768067 0.0023296661441880554 0.0005581697047234832 0.0003407431746886894 0.0 0.0016129516076122535 3.225311140725686e-05 2.515470896711312e-05 5.060048344199618e-06 1.1842247654193994e-06 3.597700741404703e-07 9.408238558546653e-08 0.0 1.3664057648442857e-06 2.727520542217245e-07 6.375785454480849e-08 8.719181938476098e-08 6.208453040724968e-07 0.0 2.5674746968400356e-07 2.129263026956891e-06 0.0 6.177413640804202e-05 4.6323920124875235e-05 0.00012265940354784987 9.605530294148189e-08 1.9254645068933352e-07 1.8709521981587187e-07 0.0005663129015650955 9.962093160273734e-07 5.065330476584997e-06 2.9517384540337598e-06 1.903137154361986e-06 1.3351665780939258e-06 8.531630797417901e-08 3.461152891972907e-06 8.259470992798536e-08 3.0190905480014903e-07 6.244124964662104e-05 1.4610504273540239e-07 1.6769133447268253e-06 6.558620894185956e-08 6.73277687731946e-08 2.5411646274275094e-07 6.8643993481106365e-06 5.079537010680727e-07 1.411017824570261e-07 1.921588745147664e-06 9.572845930027542e-06 7.334395344658252e-06 3.2067981885062438e-06 4.264330993938913e-06 1.8473327813168474e-07 4.886145435636499e-06 3.7608842529252995e-07 3.328150331322344e-05 4.045738643556697e-07 1.377908426840813e-07 5.509021351841156e-08 7.209930869973464e-08 0.0 0.0 7.338670354570344e-05 2.5704391629709695e-06 1.563240401329832e-06 9.402338652457254e-06 6.88756435811918e-06 2.655015569094633e-05 2.2370522463556343e-05 6.733848800196945e-06 8.557529294634949e-07 0.00010002449920015568 9.496830433275262e-08 9.808760132599417e-06 2.9917823358248646e-07 6.101522093695908e-07 6.42289934942223e-08 1.2279106168086961e-06 2.745943064763538e-07 1.9633166339698032e-07 7.736575222856005e-07 1.792790389478483e-06 3.7481216236756313e-07 2.718661407328029e-07 0.0 5.718776989000715e-07 8.660577991096445e-07 0.0008555784864472721 3.8674674180312416e-05 1.2476355468686354e-06 2.2810443270194837e-06 5.829331853662372e-06 6.780503792403285e-07 0.0 5.653384282616942e-07 0.0 1.3711422136006546e-05 6.150674130747525e-07 2.7595462330741885e-06 1.7352584596268795e-06 1.8343880380750943e-05 1.4072853259158307e-05 3.2935789247234304e-06 2.9470554460365923e-05 9.362749151207651e-06 8.002360690700322e-06 1.2471604220788723e-05 2.433431800833841e-06 6.608359449222545e-07 1.8283064407661208e-07 0.0 6.282068462133143e-07 0.0 0.0 0.0 0.0 0.0 1.2633482132968371e-06 0.0 1.0028911346194092e-05 0.0 0.0 0.0 0.0 3.4997355057981143e-06 0.0 2.5975244920032675e-05 6.784129918549004e-06 0.0 0.0 0.0 1.4416677400559552e-05 2.513618074618045e-06 1.3005526108179586e-05 4.779630324284919e-05 1.3753006460958992e-05 0.0 0.0 0.0 0.0 0.0 0.0 0.0 3.589951121441338e-07 2.8488907059745885e-06 0.0 0.0 0.0 7.0412470354877115e-06 0.0 0.0 0.0 0.0 2.990633646082912e-07 5.154039171141061e-06 0.0 0.0 0.0 1.8846564217198193e-06 0.0 0.0 0.0 0.0 0.0 0.0 0.0 0.0 0.0 2.224575356637107e-05 5.004317041388648e-06 0.0 1.9287563482861346e-07 1.0371646669592465e-06 9.231000122097822e-07 0.0 0.0 1.2582984059752213e-06 2.516063066912369e-06 2.0198088852355104e-06 0.0 1.993466539981208e-06 0.0 0.0 0.0 0.0 0.0 0.0 0.0 0.0 2.5637496608566137e-05 1.7459859187939724e-05 5.547539101635954e-05 0.00017394953356161363 2.4859855580644676e-06 0.00010533245332114537 4.461743417946724e-05 9.175632656574539e-05 1.0468261604500834e-05 5.921447190226692e-07 2.423967382959821e-05 1.1548072034111044e-05 0.0 4.567997488831421e-06 4.9243099095688706e-06 1.1853970220997157e-05 0.0 0.0 4.4578799518349444e-07 7.93823196896023e-06 0.0 1.4437692854229194e-05 3.302119232348238e-05
