0.0 0.0012043439409949773 0.00027986926118466816 0.000484728747998175 4.4606242246525614e-05 5.307953987514319e-05 6.462335970944998e-05 6.928870412340679e-05 1.7334202801674095e-05 0.00029533480823306626 6.94156119309079e-05 4.5156335594310905e-06 1.2474246133674532e-05 7.490656050852874e-05 2.0171471096806928e-07 4.77040149428731e-07 1.330707850080728e-07 0.0 0.0 0.0 0.0 0.0 5.124584249361597e-08 0.0 0.0 8.445263334379499e-08 5.023393254969961e-08 0.0 0.0 0.0 0.0005908088205950428 3.572376585519035e-06 8.426675750062007e-06 7.677303995749427e-08 0.0 0.0 3.7114246919193934e-07 8.236543105318217e-07 2.1683067514526575e-06 6.135574834394183e-08 5.2436539700833026e-08 4.471595412415384e-08 1.7215216356853942e-07 0.0 0.0 0.0 3.895411655338672e-06 2.2179918148531487e-07 1.5692377386537881e-07 7.434135440293657e-08 0.0 4.504571541049792e-07 2.3569822242612286e-07 0.0 2.9953422090536344e-07 3.453317523242651e-07 2.3106509079762905e-05 8.99592735796292e-05 4.528204315414834e-06 3.628950168823401e-06 6.852273338693167e-07 3.378045475161554e-06 0.0 7.989494746613214e-06 1.5334391272650638e-07 2.0510585712719165e-07 1.1681083045369467e-07 9.740603295257613e-08 8.909390026179493e-08 0.0 2.5614397889289436e-06 2.5979006174105892e-06 8.50264832242264e-08 1.5905543692939727e-05 2.749925697073029e-06 6.320169703058092e-06 2.554806894978369e-06 5.132585220704768e-08 1.8425546651468115e-06 6.21641340644863e-05 9.850883197327726e-08 3.1457665744403823e-06 8.427142685811543e-07 0.0 2.639037791194854e-07 1.5783355170409055e-07 5.173743269543615e-08 6.677188355709298e-08 5.586930341829919e-08 0.0 0.0 0.0 1.6114682935531462e-07 3.5216869636469594e-08 5.081837629941298e-08 7.249171308839926e-07 5.485346589166155e-07 6.50535164949439e-07 1.555884395838756e-06 0.0005509635731054527 1.3740669222583609e-07 0.0 1.515743558976575e-07 6.7036091462170475e-06 0.0 7.593462272135487e-07 0.0 5.718770892100666e-07 7.17094695297441e-08 1.3235392299044333e-07 2.5352006746125967e-07 5.174210970009412e-07 1.192478350346965e-07 0.0 0.0 0.0 0.0 0.0 0.0 0.0 0.0 0.0 1.0906466936647756e-07 0.0 0.0 0.0 0.0 0.0 0.0 0.0 0.0 0.0 0.0 0.0 1.025946531822163e-07 0.0 0.0 0.0 0.0 8.927180113397956e-07 4.090987835928963e-07 1.5267260672590662e-06 1.95298106646028e-06 5.877558208122855e-08 0.0 0.0 0.0 0.0 0.0 0.0 0.0 0.0 2.2043584533354307e-07 0.0 0.0 0.0 0.0 2.259634319940776e-07 0.0 0.0 0.0 0.0 6.298879618268413e-07 0.0 0.0 0.0 1.1933607173561102e-06 1.7565842501562458e-07 0.0 0.0 0.0 0.0 0.0 0.0 0.0 0.0 0.0 2.2966807103572468e-07 0.0 0.0 0.0 7.814466903228439e-08 0.0 0.0 0.0 0.0 0.0 0.0 0.0 0.0 0.0 0.0 0.0 0.0 0.0 0.0 2.5228394610808384e-07 2.1332308683049768e-07 9.534260688010537e-07 1.2593084339096994e-06 9.509122034382503e-06 4.155756380399087e-07 2.0339348856737595e-05 1.8005393319922114e-06 0.00017355776339252285 3.354753138881368e-06 6.257444096382349e-08 8.914603351842502e-07 2.788430109109455e-07 0.0 2.3371348123864427e-07 6.932144077689536e-08 3.495088568637062e-07 1.505810336570145e-07 0.0 0.0 0.0 1.575280016744731e-07 5.073543268576698e-05 4.462065960195254e-07
0.0012043439409949773 0.0 0.00028594308951090475 0.0008570493952851859 0.00014682886328525212 4.806113377335463e-05 0.00018754148763908663 0.00018296529238888678 0.00026250253531985557 0.0006421276200347286 0.0007534771499670747 2.1356189861047853e-05 0.0001100695257001447 0.000676397037881918 1.0836017471409733e-05 1.5226528761039095e-05 1.1866666732944925e-06 1.1023754018794429e-07 8.586985990022988e-08 3.183813261309805e-07 4.355986627558234e-08 0.0 6.426397448428489e-08 1.4999886706239222e-07 2.514769393374979e-07 0.0 2.7439197481026364e-07 1.6792801368466434e-07 2.6980381318823116e-07 0.0 0.0007425171737977353 1.8786121588206154e-05 6.965549575472079e-05 1.0472457150359891e-07 1.806767140444516e-07 1.6563405250925884e-06 1.5346164256237503e-05 4.299341776096995e-06 2.657862315198941e-06 1.664622735285725e-07 1.3460553315964134e-07 0.0 3.190734623228075e-07 3.3951625169048275e-07 2.4325059421634963e-07 3.34330472806598e-07 5.582434633724207e-05 1.2738031208437732e-06 3.7668248164204553e-07 1.7303811624726833e-07 1.7963828713931036e-07 7.10608997331702e-07 4.486314331151151e-08 0.0 1.8070634628979062e-06 1.7802611401527545e-06 2.496428912333017e-05 9.503199660742563e-05 7.552148126014518e-06 2.1145017329681596e-05 6.484869693059152e-07 4.19645152065417e-05 1.8911849503091118e-07 5.5287557958020445e-05 7.392927531954535e-07 8.767450259092394e-07 3.6817459858190454e-07 4.324181942274937e-07 2.1709563947368212e-07 2.614158376379611e-07 3.073781009712187e-05 1.9980663887351636e-05 0.0 5.571302949691446e-05 2.725001794124532e-05 7.201198128387432e-05 4.346310194493443e-05 5.136533151676095e-06 1.113452128643386e-05 7.796029065649358e-05 1.7194915349279972e-06 2.3040516299329685e-05 4.48352077506397e-06 0.0 8.305576795261337e-07 7.372713328173137e-07 1.8896140871575466e-07 5.304594718807479e-08 1.0065269192179964e-07 0.0 1.6739090417219504e-07 2.393888654608071e-07 3.3617919306288207e-08 3.524016595267308e-07 1.283466092523237e-07 3.73069100576308e-05 4.386705680851225e-06 1.0525510105747663e-06 6.252686429453063e-06 0.000628047539761621 4.089344069827093e-06 3.2703738061403336e-06 3.1477461359497134e-06 1.1249795356682533e-05 0.0 1.7341494843656325e-05 1.1880401138971382e-06 2.43951717013813e-05 3.772127012309318e-06 8.701038485521156e-06 1.6436058085043038e-05 3.0299740289452375e-05 6.989194191383471e-06 5.8774257524688066e-06 2.029208504136437e-05 5.689175455104393e-07 1.0349064233704064e-07 0.0 0.0 0.0 0.0 3.6182229772089663e-07 2.174868275284191e-07 0.0 0.0 0.0 0.0 0.0 0.0 0.0 0.0 0.0 0.0 0.0 2.295415862862534e-06 1.704427780139183e-07 0.0 0.0 0.0 1.6045476691612266e-05 1.7995548260803836e-06 3.102704318213034e-05 1.771438230699078e-05 3.914258033234155e-07 0.0 0.0 0.0 0.0 0.0 0.0 0.0 8.132257932981249e-07 1.9534652134238175e-06 0.0 0.0 3.064003125309602e-07 1.086693532034218e-06 0.0 0.0 1.1641383735284497e-07 6.714526901725214e-08 1.7498539313539011e-07 2.33901252728464e-06 1.0475081316696948e-07 0.0 5.239039162347967e-07 2.6063650842997383e-05 2.0599692388840646e-06 1.0884000592493889e-07 2.22179534360305e-07 0.0 0.0 0.0 0.0 0.0 9.30603203729654e-08 1.997081476334159e-05 8.434707870847581e-07 0.0 1.630086653451755e-07 0.0 1.3222786763764997e-05 2.156693858666175e-07 7.5817918251037635e-06 1.972386615082705e-06 2.140247258964063e-06 1.3306046983538407e-06 9.014192928419488e-07 1.29008485791603e-06 0.0 0.0 0.0 0.0 0.0 0.0 0.0 5.06196754847777e-07 3.004300003579951e-05 2.51908079738434e-05 2.27599674273564e-05 0.00016670154003603269 3.787500929216493e-06 0.00016988927878644055 1.6812477201803214e-05 0.0001022823588683782 1.2933147505661792e-05 1.99984674675637e-07 2.1753906794728803e-05 5.5469971747145686e-06 4.131637977220329e-07 7.1140825361800466e-06 1.6132390025544965e-06 2.8108463558513214e-06 4.6590943233719977e-08 1.3292193927535486e-06 7.793846074320029e-07 3.1091170275802477e-06 0.0 4.4104569247196916e-05 1.4159018884158e-05
0.00027986926118466816 0.00028594308951090475 0.0 6.518906370990472e-05 7.25491082692605e-05 3.4430515846862405e-06 1.4710542217365716e-05 0.0007769957571563696 0.00010147420104007728 4.3607644021068446e-05 0.0005783706741908311 1.207755910286146e-05 5.24290297113174e-05 0.0003365701665518309 1.3668745951981981e-05 2.5671442731539274e-05 2.484109896184467e-06 4.343464007914124e-07 2.2711486017155972e-07 3.524729140886481e-07 1.9941343740583026e-06 0.0 4.6691071748331e-06 2.9723071199252234e-06 6.034192219100999e-07 1.578906913031821e-07 7.588303734144222e-07 1.732175118848396e-07 1.432488797577904e-07 2.739736954074207e-07 0.0014242346792672383 0.00015863970617631084 5.2972934013268035e-05 2.1314526446918256e-06 4.711936094716875e-06 3.3067169974697216e-07 6.486693762261889e-07 4.6529960680506825e-07 6.106589708949711e-07 1.7924614403893073e-07 1.3442455235022756e-06 9.132495723698949e-07 3.726741190530884e-06 1.9022466220190384e-06 1.9266081743804403e-06 1.7246437614610468e-06 6.201798063262496e-05 2.9662215792862888e-06 1.125645027786019e-06 1.9009318266568348e-06 6.696612590598428e-07 3.391173790869981e-07 5.154592055353691e-08 1.4311955434231142e-07 1.384658589157487e-06 2.5453276863160173e-06 3.440196630719947e-05 0.00023557339951724713 1.2557295335943259e-05 3.294584382099575e-05 4.243594188317684e-06 4.875612313175113e-06 0.0 0.00013958558638556796 2.156418791926128e-06 1.6814260802221372e-06 7.794490781109921e-07 1.1417151695679685e-06 3.6661562150016685e-06 6.147530027774461e-06 4.679255197540656e-06 3.2827567919937537e-06 0.0 0.00011136836333045786 6.471610869853839e-05 0.00012214467248346613 8.781396853489112e-05 1.0537521691004468e-05 0.0002279469196858495 0.0004334758024630506 1.383794026782163e-05 0.00015808609030411257 6.452605732783891e-06 0.0 2.0189225395304328e-06 1.352169367262637e-06 1.2614431818391186e-06 4.87129322971511e-08 4.709646622595865e-07 6.248988033894855e-08 3.926272847292953e-08 1.2656678143439232e-07 2.1580960424040533e-06 6.62029754430831e-07 7.665096405217844e-08 2.904501846394101e-06 7.395453508723558e-07 9.991683095348486e-08 9.364433554169821e-07 0.0001863819421072437 2.4752474634753825e-07 3.794224362173742e-07 2.1297659899032484e-07 0.0 0.0 1.0584859225025344e-06 0.0 2.1185204736064758e-06 3.0692229085766003e-07 2.7943614523613337e-07 2.233669976674188e-06 2.247831933863326e-06 1.2540630717334238e-06 5.533402412675014e-07 1.4663897638632749e-06 4.43925573163524e-08 0.0 0.0 0.0 0.0 0.0 0.0 0.0 0.0 0.0 0.0 0.0 0.0 0.0 7.558595560977245e-08 0.0 1.0044312907737987e-07 0.0 0.0 2.3146743140635523e-07 0.0 0.0 0.0 0.0 1.3469262686464968e-06 0.0 3.7486944032755207e-06 2.406092455545734e-06 1.0918836307152978e-07 0.0 7.667386475516909e-08 0.0 0.0 0.0 0.0 0.0 1.123088948386187e-07 4.6555222487440396e-08 0.0 1.1436816357361567e-07 0.0 1.399215415235636e-07 6.686526051078327e-08 0.0 0.0 0.0 0.0 2.049881078165489e-07 0.0 0.0 0.0 2.61314844110302e-06 0.0 0.0 0.0 0.0 0.0 0.0 0.0 0.0 0.0 1.929117568702166e-06 1.0120476608183022e-07 0.0 0.0 0.0 1.9708999556884256e-06 0.0 4.435343579188755e-07 1.98737096173488e-07 1.6495868841436242e-07 2.4142640265900946e-07 0.0 5.8534033704626374e-08 0.0 0.0 0.0 0.0 0.0 0.0 0.0 0.0 2.2939252133487366e-06 2.4820523472113745e-06 1.9003954682656716e-06 9.407130171002933e-05 3.055061841857065e-06 0.00017867817210756243 1.7844345947864462e-05 2.949511298959458e-05 1.1055428902838796e-05 2.1506408405601758e-07 1.333959425325831e-05 9.563881105738035e-07 0.0 4.493203710935978e-07 2.5728216898219777e-07 1.073408853942029e-06 0.0 0.0 0.0 1.603756758818269e-07 7.853073518743584e-08 1.0241207275631948e-05 8.921136747710553e-07
0.000484728747998175 0.0008570493952851859 6.518906370990472e-05 0.0 1.5564663761824837e-05 0.00010657694957789694 2.4746841048223172e-05 2.0345560861053816e-06 8.680210408309543e-06 0.00014162804035246693 2.4691369754128667e-05 0.0 7.744759617214422e-07 1.9735420802823024e-05 7.170285558376314e-08 3.271695677677014e-07 0.0 0.0 0.0 0.0 0.0 0.0 0.0 0.0 0.0 0.0 0.0 0.0 0.0 0.0 0.00012386660346326968 0.0 1.2625595316319809e-06 0.0 0.0 0.0 0.0 0.0 7.86892829603374e-08 0.0 0.0 0.0 4.8432532935703874e-08 0.0 9.037280154203267e-08 0.0 2.417113583698822e-06 0.0 0.0 0.0 0.0 0.0 0.0 0.0 9.957097188001626e-08 6.093858712621075e-08 5.351763287920594e-06 1.1995742545035975e-05 6.674948246872681e-07 1.3458939934588405e-06 6.476537684543037e-08 2.536591894018648e-06 0.0 2.6385223860292683e-06 5.61455257295868e-08 0.0 5.289144731325308e-08 5.63188308269742e-08 0.0 0.0 9.409744284210074e-07 1.6135699377652714e-06 0.0 5.4441399519553954e-06 1.4004492118513753e-06 3.0679672376770306e-06 1.4388351846331527e-06 5.842318043529675e-08 3.9062083239745575e-07 1.296456310670976e-06 0.0 5.147038629954389e-07 3.805141315579521e-07 0.0 0.0 0.0 0.0 0.0 0.0 0.0 0.0 0.0 0.0 0.0 0.0 1.2038998397511943e-06 1.5679785738505862e-07 0.0 1.6140908964702885e-07 0.00018559983389656947 0.0 0.0 5.568299528951831e-06 9.157262273191411e-06 0.0 6.224767926851997e-06 0.0 9.348417302792535e-07 8.308825038042906e-07 6.990719983857924e-08 1.0811916058526946e-07 7.034119365079411e-07 6.764675770636678e-07 9.372741125752945e-08 3.1551072742946343e-07 0.0 0.0 0.0 0.0 0.0 0.0 0.0 0.0 0.0 0.0 0.0 0.0 0.0 0.0 0.0 0.0 0.0 0.0 0.0 0.0 0.0 0.0 0.0 0.0 9.457843305690881e-07 0.0 3.539580032655363e-07 3.377477722618785e-07 0.0 0.0 0.0 0.0 0.0 0.0 0.0 0.0 0.0 0.0 0.0 0.0 0.0 0.0 0.0 0.0 0.0 0.0 0.0 7.487557838604418e-08 0.0 0.0 3.5638401632479995e-07 3.8893562207292847e-07 0.0 0.0 0.0 0.0 0.0 0.0 0.0 0.0 0.0 4.613277351166348e-07 0.0 0.0 0.0 0.0 1.0800521446350269e-07 0.0 0.0 8.165453314264797e-08 7.636107201286643e-08 0.0 0.0 3.327791490052097e-07 0.0 0.0 0.0 0.0 0.0 0.0 0.0 0.0 6.158700601877564e-07 6.08262832751007e-07 2.4779984027749714e-07 6.026543092010575e-06 0.0 9.738762711582354e-06 5.732754595628516e-07 0.00018785079483865479 8.168403283716826e-07 0.0 1.0470885233599253e-07 1.263516004745016e-07 0.0 7.755721739860741e-08 0.0 0.0 0.0 0.0 0.0 0.0 0.0 1.4231852146718887e-05 0.0
4.4606242246525614e-05 0.00014682886328525212 7.25491082692605e-05 1.5564663761824837e-05 0.0 1.8825702958651107e-06 5.242962041214553e-06 1.6800159845598758e-05 4.625469193980916e-05 7.896943127053397e-05 0.00011967860408601709 1.9022862071314945e-06 2.3123639913588805e-05 0.00014554986131397446 3.0405641912226337e-06 4.877415028101078e-06 1.512455618924163e-07 0.0 0.0 6.99073561805706e-08 1.408299666641764e-07 0.0 5.7863401334084874e-08 3.535036190589133e-08 3.157093701256628e-07 1.302856713884229e-07 0.0 0.0 0.0 0.0 4.3461694282429375e-05 3.286095029983767e-06 1.2738299939928394e-05 6.307088116611374e-08 4.557239555265003e-08 0.0 1.6074834284857381e-06 8.229629118663451e-07 8.88515830904441e-07 7.777212645938281e-08 7.595857295493078e-08 0.0 2.3331703533476417e-07 2.087751254926702e-07 4.956436058570797e-08 3.765430245857807e-08 1.014272950133512e-05 6.543400395999613e-08 9.34119878912857e-08 9.616883080041675e-08 5.7181539530079264e-08 0.0 2.032398576821269e-07 5.1865235475869106e-08 6.79286851408423e-08 1.7391921552678813e-07 1.6048513090995583e-06 8.25496194904472e-06 7.241135330485657e-07 1.6815467864356595e-06 1.4340543926841093e-07 7.842145431069031e-06 0.0 8.118692838533914e-06 3.086012543000121e-07 9.545669642865552e-08 0.0 1.0023680183243284e-07 4.877921790273534e-08 4.55235182879263e-08 1.0301152428359131e-05 5.27204112139833e-06 0.0 5.489269665159598e-06 2.9424128895923514e-06 9.54582828580314e-06 7.116824812094073e-06 1.7414187881045954e-06 5.0164820892685136e-06 3.4895432575529447e-06 6.193419263967493e-07 6.80339328360476e-06 3.840082323171031e-07 0.0 4.435458660489328e-08 8.618981378548316e-08 0.0 0.0 0.0 0.0 0.0 0.0 0.0 4.5177288751913054e-08 1.0950688268894956e-07 2.1209461739817567e-05 9.081064272672978e-07 0.0 1.5172870690771364e-06 1.1511289504664454e-05 2.66255359795921e-07 8.050851235882245e-07 4.769402638899669e-07 9.565264732361287e-08 1.1156611403781815e-07 6.767331715182843e-06 0.0 6.380804099650259e-06 8.204657699985051e-07 2.6096336896060577e-06 5.00489818092773e-06 1.1551287750833064e-05 2.293124076200303e-06 2.033207850550729e-06 5.039574260217454e-06 9.205026953925025e-08 0.0 0.0 0.0 0.0 0.0 0.0 0.0 0.0 0.0 0.0 0.0 0.0 0.0 0.0 0.0 0.0 0.0 0.0 3.938915136535208e-07 0.0 0.0 0.0 0.0 4.4164606648496465e-06 7.181044878269966e-07 6.339662772607007e-06 2.905085742946845e-06 1.7154907773572963e-07 0.0 0.0 0.0 0.0 9.041663847690553e-08 0.0 0.0 3.435520094748073e-07 5.779213657595073e-08 0.0 0.0 0.0 2.704237363737593e-07 0.0 0.0 0.0 0.0 0.0 1.4851435703061976e-06 1.0590652715425735e-07 0.0 5.744702862378828e-08 6.099103388252081e-06 7.128675137384298e-07 0.0 0.0 0.0 0.0 0.0 0.0 0.0 7.243333294959396e-08 5.056600100199962e-06 0.0 0.0 0.0 0.0 3.1939749673403444e-06 0.0 1.5851831127291802e-06 2.967110652007366e-07 4.838768929435644e-07 4.847796659813167e-07 0.0 3.525348085235194e-07 0.0 0.0 0.0 0.0 0.0 0.0 0.0 0.0 9.391124625993189e-06 5.544358509357187e-06 4.169275364155193e-06 3.154975089859957e-05 2.3067500760494733e-06 2.67302324741133e-05 4.750454869824069e-06 1.123584567113275e-05 2.3648075725670527e-06 0.0 5.512098195928815e-06 1.6821732725860843e-06 0.0 1.3832235634052133e-06 4.4291535239286174e-07 6.578924219344882e-07 3.7258815678827386e-07 0.0 0.0 2.1472984527099142e-07 0.0 7.3147696044416355e-06 2.344991683995954e-06
5.307953987514319e-05 4.806113377335463e-05 3.4430515846862405e-06 0.00010657694957789694 1.8825702958651107e-06 0.0 9.21066629112197e-06 3.938774768616906e-07 3.497899359729418e-06 0.000321223088959275 1.3572062949758214e-06 2.397552226007335e-05 6.742844766348176e-06 7.433931312032805e-07 9.987757551870569e-08 4.5185945339998116e-08 4.2745766336824566e-08 0.0 0.0 0.0 0.0 4.5243822125566154e-07 0.0 0.0 0.0 0.0 0.0 0.0 0.0 0.0 5.59752663577224e-05 0.0 1.262227114571028e-06 0.0 0.0 0.0 4.7009493176182725e-06 3.1491978189215414e-07 5.032710557905334e-07 0.0 0.0 0.0 0.0 0.0 0.0 0.0 5.44741149649115e-07 0.0 0.0 3.572107255850322e-08 0.0 2.1488259513513195e-06 5.468772502766332e-08 0.0 0.0 0.0 3.627800036924951e-05 1.0202956803774306e-05 4.862720794406248e-07 7.532444575961663e-07 0.0 5.365879283963023e-07 0.0 5.5215105717886155e-06 0.0 0.0 1.1601320760132738e-07 0.0 0.0 0.0 3.8471754770681113e-05 4.518056711771786e-05 1.2991095396247238e-06 2.5367641760956136e-06 4.5103564666280527e-07 1.5047741494339664e-06 0.0 0.0 9.452824931693581e-08 1.3260675042209811e-06 0.0 0.0 0.0 0.0 0.0 0.0 5.229612420018661e-08 5.961944137816175e-08 0.0 1.2321904226966666e-06 0.0 4.849879814885446e-08 0.0 0.0 0.0 0.0001657760158567967 7.16130401516164e-05 4.586427955886853e-06 1.2194754337486964e-05 0.0002547563446941983 0.0 0.0 3.2160953334648834e-07 0.0 0.0 9.499894815022781e-07 5.548767397696251e-07 9.808782542230728e-07 2.889154524619146e-07 1.4459792285281585e-06 3.552052045076628e-07 8.001883666664827e-07 3.560252522395689e-07 2.7796717967678566e-07 1.1363806686654637e-07 0.0 0.0 0.0 0.0 0.0 0.0 0.0 0.0 0.0 0.0 0.0 0.0 0.0 0.0 0.0 0.0 0.0 0.0 0.0 0.0 0.0 0.0 0.0 0.0 5.3995969494597794e-08 0.0 5.523093595628111e-07 2.151069829389425e-07 0.0 0.0 0.0 0.0 0.0 0.0 0.0 0.0 0.0 0.0 0.0 0.0 0.0 0.0 0.0 0.0 0.0 0.0 0.0 0.0 0.0 0.0 0.0 7.547552378407165e-08 0.0 0.0 0.0 0.0 0.0 0.0 0.0 0.0 0.0 2.428608676193577e-07 0.0 0.0 0.0 0.0 0.0 0.0 0.0 0.0 0.0 0.0 0.0 0.0 0.0 0.0 0.0 0.0 0.0 0.0 0.0 0.0 9.430558603326447e-07 8.353866485996787e-08 2.1159725477813656e-07 1.098616697737951e-05 0.0 8.276098740511903e-06 1.5327739464717854e-06 0.00011543070475586658 7.260453694656743e-07 0.0 1.3660677046644839e-06 0.0 0.0 0.0 0.0 0.0 0.0 0.0 0.0 0.0 0.0 9.234899079539567e-05 9.53004278500884e-07
6.462335970944998e-05 0.00018754148763908663 1.4710542217365716e-05 2.4746841048223172e-05 5.242962041214553e-06 9.21066629112197e-06 0.0 3.714856442812655e-06 8.152974257617205e-05 0.0006001113079107621 7.02655469121371e-05 5.41376925105076e-05 0.00012905892416509757 0.00014194814361229673 2.2516829158063342e-06 3.8249891998790196e-06 1.2985121398821637e-07 0.0 0.0 0.0 4.468233039980144e-08 0.0 1.1288412460706055e-07 0.0 0.0 0.0 1.038131486752393e-07 1.3612387219959833e-07 3.3479451962803287e-07 0.0 3.1799172657885024e-05 2.393330099052878e-06 1.9775718481291158e-05 4.690798100096111e-08 2.3518213071527037e-07 0.0 4.264644410505275e-06 1.2585525135841494e-06 1.4347891082774004e-06 1.3066488568586742e-07 3.7982695412624135e-08 0.0 0.0 1.0026675491872795e-07 5.72095383414828e-08 4.352155569022903e-08 8.308806066282133e-06 0.0 4.6011787921800225e-08 3.561462405484233e-08 1.0824348305702591e-07 0.0 0.0 0.0 3.808274613010076e-07 4.98428872419982e-08 2.648140925994544e-06 1.2440159902129438e-05 1.2890894182610263e-06 2.435813146268231e-06 2.981825424281624e-07 1.6565960252925472e-05 0.0 8.819651283178248e-06 3.851689118619851e-07 8.772818839150271e-08 4.4895370154158784e-08 0.0 4.486994078939535e-08 1.6642016655182108e-07 1.5925519240671365e-05 4.960978948990122e-06 1.1491016727016132e-07 7.306327303448121e-06 4.0219121171800904e-06 1.1389616455274143e-05 7.854323829831844e-06 1.4398815441949844e-06 2.0043125877638827e-06 3.6447685354232727e-06 3.9866258860792943e-07 1.215939595115843e-05 1.4173551307290545e-07 0.0 2.0138983570882808e-07 1.5601490688870351e-07 5.024444145050803e-08 0.0 3.9746538961311645e-08 1.4513169956187867e-07 0.0 4.8721690847404436e-08 9.046218497746619e-08 0.0 0.0 4.972951916415571e-05 1.6655099387003843e-06 0.0 1.951961414189054e-06 2.3665147846281212e-05 3.0929437952487115e-07 2.279263600750269e-07 6.480799495853125e-06 2.2612974452596586e-06 8.131041762225662e-08 7.544125246400126e-06 5.846918032763224e-07 1.6376496180916426e-05 5.749174134571173e-06 2.951993591396987e-06 6.392044898497384e-06 1.6815478203320455e-05 5.091361124172062e-06 3.8345342930957605e-06 1.0368167770384112e-05 4.481250719938534e-07 0.0 6.479249198470898e-08 0.0 0.0 0.0 0.0 1.1779042178901237e-07 0.0 0.0 0.0 0.0 3.371828814572979e-07 0.0 0.0 0.0 0.0 0.0 0.0 1.664226408337708e-07 1.380519224215257e-07 0.0 0.0 0.0 5.812950430802159e-06 5.313260007664241e-07 1.356040833745122e-05 6.7079685557145955e-06 1.2868558248069595e-07 0.0 5.90564062850435e-08 0.0 0.0 0.0 0.0 0.0 5.162582694530476e-07 6.257509080270917e-07 0.0 0.0 0.0 7.191567509983705e-07 0.0 0.0 0.0 0.0 9.753968156398918e-08 1.4591341427675452e-06 6.916919086725318e-08 0.0 0.0 1.0398088344342524e-05 1.0090157273779512e-06 0.0 1.676251384625942e-07 0.0 0.0 0.0 0.0 0.0 0.0 7.94335011218239e-06 4.729688918161581e-07 0.0 0.0 0.0 7.369418689206272e-06 0.0 3.7802413859760245e-06 9.10307287466615e-07 1.0302738266354473e-06 1.2949530620319212e-06 4.6503667016430446e-07 4.578667380747782e-07 0.0 0.0 0.0 0.0 0.0 4.7949419188804874e-08 0.0 0.0 1.1025866780281629e-05 8.750950384157366e-06 7.745418377789842e-06 3.856893856349302e-05 1.0625458929030807e-06 3.0160005933476037e-05 4.3062728550099e-06 2.9335664703816663e-05 1.827568489973086e-06 0.0 4.7512516463904406e-06 1.4312875608812276e-06 0.0 3.102986378878076e-06 7.273726993770953e-07 1.579936085170823e-06 0.0 0.0 0.0 4.831394753528138e-08 2.442780533909253e-07 2.1363526807168982e-05 6.141321768868551e-06
6.928870412340679e-05 0.00018296529238888678 0.0007769957571563696 2.0345560861053816e-06 1.6800159845598758e-05 3.938774768616906e-07 3.714856442812655e-06 0.0 8.994231783863742e-05 5.611065765893299e-06 0.0006112190091636225 2.9432350547386185e-05 0.00010885817630385503 0.0006236959126285288 2.537900088010204e-05 5.4847075898785695e-05 4.8535847971997255e-06 6.066592635346038e-07 2.9914724728691446e-07 1.7953061814849544e-06 1.0885852697894156e-05 0.0 2.1388710806771992e-05 1.19805576354001e-05 3.5818092076667104e-06 8.971622703550274e-07 3.5291281422939624e-06 3.616170342812384e-07 4.4695578344323146e-07 8.880009525433912e-07 0.0007329744659859203 0.0003023342127970232 0.00013289554399238286 8.91353056538603e-06 2.258301893620311e-05 8.368127152761018e-07 1.6121561065490391e-06 1.1834398323720394e-06 3.603733507339168e-07 1.0157751121957275e-06 5.482338616835346e-06 3.05515295525062e-06 1.3154081011344907e-05 5.2507863019239155e-06 7.88788052425483e-06 6.491039658373401e-06 7.27456468299721e-05 2.7214535093096735e-06 2.6878169411228107e-06 6.258601717062182e-06 1.8119642915089003e-06 4.03667561377582e-07 8.880892619773187e-08 8.321167626485263e-07 9.858315253759408e-07 1.7919740680225143e-06 2.175855288105862e-05 0.00012144875187399826 8.88980118356593e-06 2.2667232447869914e-05 1.1482882501315265e-05 7.5343225933476275e-06 1.084941104849636e-06 0.00011065299947015651 1.7552416123246308e-06 1.1542469386173101e-06 5.072351443667897e-07 2.214253202017038e-06 1.1138412845921096e-05 2.0404113560632716e-05 4.784928843102615e-06 4.681044800131784e-06 9.774455754740805e-08 7.241132193789485e-05 4.7211994413120525e-05 0.00010006364588190648 8.549575088933482e-05 2.6223701324138513e-05 0.0006509320973352167 0.0008001759726075378 6.081296051923679e-05 0.0007451793683053302 3.919878181151034e-06 0.0 6.285596972622108e-07 7.883142400074465e-07 3.401870336055377e-06 4.1112247432864925e-08 2.978701609332717e-07 1.8373498091412458e-07 2.8628197358015833e-07 3.02926908392596e-07 8.855303949318067e-06 2.6528811471968377e-06 1.4216018414420261e-06 2.3011280554274375e-06 8.946164075644547e-07 1.9538856680195832e-07 3.625801213402541e-07 8.896383440724634e-05 1.4285875890708122e-07 4.946443086333766e-07 7.94934993662521e-08 0.0 0.0 2.2361215720414676e-07 0.0 9.890234952368503e-07 0.0 1.6262150139734586e-07 1.291899995232829e-06 1.5051580947760184e-06 7.012049925659176e-07 7.759331880364845e-08 9.550749194163808e-07 1.8818438901885323e-07 0.0 0.0 0.0 0.0 0.0 0.0 0.0 0.0 0.0 6.234528438940356e-08 0.0 5.052704557390686e-07 0.0 0.0 1.2546825462854119e-07 0.0 5.402476700965265e-08 0.0 9.929467479647195e-08 1.4888199726247151e-07 0.0 0.0 0.0 1.0128454943924839e-06 3.563819838789127e-07 3.0940755311327644e-06 2.122476398411794e-06 3.817068646097954e-08 0.0 0.0 0.0 0.0 0.0 0.0 0.0 0.0 1.473761315944314e-07 0.0 2.1376838960666783e-07 0.0 1.2798957512521406e-07 1.0621993846704746e-07 0.0 0.0 0.0 7.60374644832506e-08 5.699572435439447e-07 0.0 0.0 0.0 1.8790777653233509e-06 1.2832256997178754e-07 0.0 0.0 0.0 0.0 0.0 0.0 0.0 7.235423069945976e-08 8.026825448339655e-07 1.414816170777273e-07 0.0 0.0 9.375719780561641e-08 1.1314646001090538e-06 0.0 4.200625580263393e-07 1.6655518145628878e-07 2.606921407563194e-07 8.418963892446931e-08 0.0 1.7956940149843554e-07 0.0 0.0 5.281855455916572e-08 0.0 0.0 4.641169374192317e-08 0.0 9.367628062888719e-08 1.9156289968621123e-06 3.1625222622593508e-06 1.9847980687735022e-06 0.00013399990499872943 7.399904470051981e-06 0.00018288532681487777 2.872937570909861e-05 2.688458442901881e-05 1.4824773309797798e-05 1.2670466147578808e-07 2.3909948897620517e-05 9.421524041483649e-07 1.1340150783871094e-07 1.5719777510076788e-06 1.7826194061486887e-07 5.006480382272403e-07 0.0 0.0 0.0 1.6007339373970214e-06 0.0 6.920220608138541e-06 1.5137436390209823e-06
1.7334202801674095e-05 0.00026250253531985557 0.00010147420104007728 8.680210408309543e-06 4.625469193980916e-05 3.497899359729418e-06 8.152974257617205e-05 8.994231783863742e-05 0.0 0.00046262509196397337 0.0007387925310430068 3.711728932075022e-05 0.00020768330731147066 0.0007411174354321336 8.289322972032007e-06 1.5424188504550338e-05 5.234444271222827e-07 2.0298506781860702e-07 0.0 8.208766503466716e-08 5.955659529638673e-07 5.435926749757737e-08 4.0638136265675254e-07 3.5639468156759965e-07 1.2566279844557659e-07 4.116940402565117e-08 1.362308067229279e-07 8.748133118467327e-08 1.3078517725323879e-07 5.8683048014795845e-08 2.539408958163469e-05 5.878939027387741e-06 2.9253422919565934e-05 2.779434666751879e-07 5.023281062597485e-07 0.0 5.678742587484852e-06 1.0510751183854552e-06 1.8520396108804974e-06 5.156801813451556e-07 1.2775626869054606e-07 7.58360076312073e-08 5.598026714664444e-07 7.875337094132182e-07 4.4145292260849935e-07 1.8111184779370755e-07 2.320411531203412e-05 4.6524210693964877e-07 9.969548128241451e-08 2.0586810930339047e-07 2.862489956162049e-07 4.827065779737818e-07 0.0 1.4518116820717834e-07 1.5206015804705958e-07 4.479499451723931e-07 3.3243481562565217e-06 9.404627098675513e-06 1.4859824028682358e-06 4.92117606913337e-06 7.325875136877609e-07 1.3602010931147456e-05 1.5306475050603405e-07 1.6032847501109894e-05 2.783094122958032e-07 2.2077544053114167e-07 4.617734049566109e-08 2.1725805841023852e-07 3.0207291575550743e-07 7.106912196241849e-07 3.1041589907156357e-05 1.1065818280194834e-05 0.0 1.0297940626856493e-05 5.708737590427351e-06 2.0427163526041476e-05 1.7609050034166894e-05 5.704613234316287e-06 9.960610403268588e-06 9.535050721478852e-06 2.6242075059801774e-06 1.793687938553043e-05 7.24509785224326e-07 0.0 2.452856333414297e-07 1.2945914566009343e-07 1.8398165798779006e-07 0.0 5.008311690789091e-08 0.0 0.0 4.419438364612701e-08 4.28824772120243e-07 4.1167303604985065e-08 3.407630382864583e-08 0.00012328179689137677 2.501644112740427e-06 0.0 2.353279988128013e-06 7.904725078900915e-06 1.9355103927275784e-06 9.501804702383805e-07 4.6115981939958775e-06 3.220170013607571e-07 2.583151103226867e-07 1.2136163211765594e-05 7.356870922292728e-07 2.586391171361535e-05 4.007762701337648e-06 5.035724073579359e-06 1.2610431400694379e-05 3.3421776212643664e-05 6.33029677933755e-06 6.672930306803215e-06 1.5472681385494696e-05 2.979447190694406e-07 0.0 7.758413541102738e-08 0.0 0.0 0.0 0.0 6.699138091543996e-08 0.0 0.0 0.0 0.0 0.0 0.0 2.549370968908359e-07 0.0 3.99640310636829e-07 0.0 0.0 1.1079505504927303e-06 2.1057397605245949e-07 0.0 0.0 0.0 1.0387152589112916e-05 4.3661753671583174e-07 1.6116467185108758e-05 9.594228078686618e-06 1.0098137920663808e-06 0.0 0.0 0.0 0.0 5.3198292262407344e-08 2.612654128511307e-07 0.0 5.506686115411221e-07 2.0703584395056814e-06 0.0 0.0 5.6036133918002204e-08 5.997297820290011e-07 0.0 0.0 0.0 0.0 2.21083220133505e-07 1.7132616090613317e-06 5.092895393101439e-07 1.5145752764526802e-07 8.917295832832293e-08 1.5765510210550375e-05 1.2238973943174778e-06 0.0 8.443106494646956e-08 0.0 0.0 0.0 4.645887503591488e-08 0.0 8.833728999223972e-08 1.5308515316988974e-05 4.943543758091973e-07 0.0 0.0 6.991532962212835e-08 7.350552272345985e-06 1.2126597223101836e-07 5.885174833072776e-06 8.825033937414083e-07 1.412636709038334e-06 1.0306800065276573e-06 3.9537577013936815e-07 3.813111154473984e-07 0.0 0.0 0.0 0.0 0.0 0.0 4.7880832636956914e-08 5.008873842210084e-08 2.299748256803853e-05 1.5008043723883435e-05 1.2403721607286979e-05 7.698570349864067e-05 3.307207384517956e-06 5.954495342935076e-05 1.1084934456785008e-05 2.463912597050818e-05 4.764135905452928e-06 0.0 1.6551414581508532e-05 5.1309171570182e-06 1.2873472824579608e-07 3.533220601240055e-06 1.8997553225834392e-06 3.0406587951210818e-06 3.483458865687773e-07 0.0 4.0369090051789613e-07 1.3656315580910237e-07 0.0 2.019536029582892e-05 9.049819794732e-06
0.00029533480823306626 0.0006421276200347286 4.3607644021068446e-05 0.00014162804035246693 7.896943127053397e-05 0.000321223088959275 0.0006001113079107621 5.611065765893299e-06 0.00046262509196397337 0.0 2.0505042508853192e-05 0.00020189119831492418 0.0007603782804754475 9.329939173503176e-05 4.06696221492458e-06 8.684732430471769e-06 6.168490431488037e-07 7.157161327952095e-08 0.0 0.0 1.6707830175927312e-07 5.62150170257411e-07 1.5283108040629926e-07 5.127846698871946e-08 4.4223354496867924e-08 0.0 4.66771794368933e-08 0.0 0.0 1.0301251454016944e-07 0.00027053549987975735 4.068376766673468e-06 6.0113982830758535e-05 1.8697196367358044e-07 6.554188639161662e-07 0.0 1.4193139357997934e-05 3.1948754564255278e-06 4.631105657204212e-06 1.933500997087815e-06 3.661632418697718e-08 4.078653948258298e-08 2.391023075843971e-07 5.484571302826115e-07 1.8597317286197988e-07 5.251874839836015e-08 1.7608389689779125e-05 4.513131808873245e-07 4.630660813257803e-08 3.618956493047411e-08 1.4682083542988388e-07 3.1212741536360215e-07 1.3584080142934276e-07 3.538726881206163e-08 1.6099090880761518e-07 3.2635162045646135e-07 2.3812608677848814e-05 4.4572462659404074e-05 3.43241888141313e-06 7.224181941421177e-06 1.0443932520054659e-06 3.449356522420724e-05 0.0 2.4440740467080758e-05 2.3025664085451353e-07 2.3354718434095514e-07 0.0 1.4971805985227197e-07 1.3166280981903782e-07 1.5491371207278297e-07 9.574417523756541e-05 2.7349566365891196e-05 5.254430045759939e-07 1.813391741811946e-05 8.847600931822978e-06 2.1053928729927222e-05 1.05290808956523e-05 2.3455211191558925e-06 2.2211827311049857e-06 6.940112057473795e-06 8.610375703572596e-07 1.660258102946046e-05 7.290634122599697e-07 0.0 2.912732120457466e-07 5.327638984531035e-07 2.062619653681968e-07 5.442120271731593e-08 4.070538439412785e-08 7.023957611466525e-08 0.0 0.0 1.6854634626036757e-07 0.0 0.0 0.00022813942729459368 4.5731935519410894e-05 3.200569622079084e-07 1.2394872025209834e-05 0.0005916063258136566 5.350385146861994e-06 8.543629504285687e-06 2.073462818765949e-05 1.8859263670383524e-05 4.846924407451112e-07 6.246249482658835e-05 7.262440142011169e-06 9.688034914054862e-05 2.345575694406452e-05 4.4842951780717596e-05 4.149664365502342e-05 9.975887861925349e-05 2.328464360845232e-05 1.823689331804501e-05 4.20449127092892e-05 9.284907889138224e-07 5.143161756418122e-08 0.0 0.0 0.0 0.0 0.0 1.7094905076796758e-07 0.0 0.0 0.0 0.0 4.590914940449322e-08 0.0 1.1548810243480092e-07 2.696691075690072e-07 8.855659022372807e-08 0.0 0.0 3.6094178370422266e-06 4.4409231529601454e-07 0.0 0.0 0.0 2.3519883279817875e-05 2.0158417322240974e-06 3.9495467600289564e-05 2.26176093842652e-05 1.496668082285234e-06 0.0 9.954001276699432e-08 0.0 2.422587878132747e-07 0.0 0.0 0.0 1.3387693223758038e-06 3.174914890335149e-06 5.491699715920728e-08 0.0 2.746411261658789e-07 1.1867833350086736e-06 0.0 0.0 1.3356917608651576e-07 1.9668742207852412e-07 1.9908169091607018e-07 4.468163722699424e-06 9.977345515122e-08 0.0 1.8764957025643083e-07 3.3134546459924686e-05 2.9675747837972747e-06 1.6017621748828152e-07 2.8828149928203425e-07 3.449020293674047e-07 0.0 0.0 0.0 0.0 0.0 3.705568571597021e-05 9.974493225427162e-07 9.797597768196327e-08 0.0 0.0 1.52264049415807e-05 1.7690913035760017e-07 7.891821113950043e-06 3.7250736128639877e-06 2.354754102776858e-06 1.857146756540222e-06 1.3921209079607085e-06 1.5929456557380975e-06 0.0 0.0 0.0 0.0 0.0 0.0 0.0 3.353706398660775e-07 8.031563418217272e-05 2.6637064590450304e-05 1.9818662139202875e-05 0.00015515914209475088 1.9450156153377912e-06 5.762570326987414e-05 8.744691429661401e-06 0.0007594417848899098 6.4245314455846845e-06 2.2145848509629908e-07 5.921899277942973e-06 7.941171890983166e-06 1.1371744101579592e-07 9.031441674695499e-06 2.316759171904043e-06 9.225572239062973e-06 4.830217090484766e-07 4.380074306136957e-07 5.480837686136248e-07 8.948149788871366e-07 5.0787549737209775e-08 0.00048598994846586996 3.3647846633540894e-05
6.94156119309079e-05 0.0007534771499670747 0.0005783706741908311 2.4691369754128667e-05 0.00011967860408601709 1.3572062949758214e-06 7.02655469121371e-05 0.0006112190091636225 0.0007387925310430068 2.0505042508853192e-05 0.0 4.710862277762754e-05 0.0004967365730295609 0.0013450836772273874 8.688954163852257e-06 1.7228201425912186e-05 1.023155749105958e-06 1.770088663518508e-07 1.5781561315995507e-07 2.92225025487692e-07 1.4923281135744352e-06 0.0 5.635223081234203e-06 3.482733408259359e-06 3.2258722750572863e-06 2.8391284181582665e-07 2.17440042527388e-06 2.259957166152869e-07 4.614789925945062e-07 3.6001820970439787e-07 0.0003577543391486575 1.4253231349842362e-05 7.353267935454349e-05 1.22546460722342e-06 5.150326270917779e-06 4.3706181307284143e-07 6.077671368725451e-06 2.3933355812187914e-06 2.153283733948801e-06 1.1489224266085552e-06 2.0326386875312985e-06 8.629801671818587e-07 2.51611496771704e-06 1.316874928207296e-06 1.1561233450010149e-06 1.3074553810083306e-06 2.4062195666827922e-05 5.733484882664966e-07 5.421653337722474e-07 1.2274632730443432e-06 7.332133982613931e-07 3.250409647582893e-07 3.6229863098360654e-07 4.0203604093212016e-07 1.5245261043268294e-07 2.5759140664356715e-07 4.309385324968218e-06 1.859818166028318e-05 1.6331525742815256e-06 4.92758310668504e-06 1.7487394066838502e-06 9.127379483013815e-06 1.6011146131522114e-07 1.667513754630427e-05 2.2079505465357546e-07 3.3714785405376253e-07 1.4665519109007157e-07 1.2292444127755066e-07 2.235695385472476e-06 4.137627534072805e-06 6.94590195540713e-06 6.719295458214069e-06 4.619453811470719e-08 1.3968663102006456e-05 9.273076562798682e-06 2.2794681219053425e-05 1.8916774262223e-05 6.587904656270032e-06 8.296043850497069e-05 0.00025223799395783427 3.387587730431279e-06 0.00018942508591753208 8.036684986085824e-07 0.0 5.014964246444442e-07 2.9463874870694165e-07 5.658940647338368e-07 0.0 8.370169217079491e-08 0.0 2.765158399775907e-07 4.723395745161944e-08 1.7588443129891924e-06 6.497594571657694e-07 1.9727213432861387e-07 6.765757677609105e-06 5.352425715735333e-07 2.680766216402933e-07 1.7658130363346184e-06 2.9381059756570062e-05 2.4673857724540516e-07 1.403005009155875e-07 3.6530770450583417e-07 1.2731051796058337e-06 0.0 7.21809398767759e-07 0.0 1.946789808046557e-06 1.6567790575807862e-07 1.816068571269033e-07 1.3762042328369422e-06 4.29098612935154e-06 3.9107144060511425e-07 9.584693487573211e-07 1.6938240477168131e-06 6.136563867426278e-08 0.0 0.0 0.0 0.0 0.0 0.0 0.0 0.0 0.0 0.0 9.940374712659601e-08 1.0675214020048462e-07 0.0 7.754683764987879e-08 0.0 4.2743424605693584e-08 0.0 0.0 1.41580411621291e-07 0.0 0.0 0.0 0.0 2.4807402266567185e-06 1.0553126559020226e-07 4.409646686088246e-06 2.353941600245403e-06 2.2560209846220645e-07 0.0 0.0 0.0 0.0 4.1845304441552643e-08 0.0 0.0 0.0 6.230417086404487e-07 0.0 0.0 0.0 2.037140837266928e-07 0.0 0.0 0.0 0.0 0.0 5.281081563059497e-08 0.0 0.0 0.0 2.6230997108132316e-06 1.268428949860338e-07 0.0 0.0 0.0 0.0 0.0 0.0 0.0 0.0 2.871418290419217e-06 7.518848940446202e-07 0.0 0.0 0.0 9.355410683988982e-07 0.0 1.347581718850185e-06 1.3105196126648468e-07 4.1398387944132846e-07 2.1659072961394857e-07 0.0 8.372785226443085e-08 0.0 0.0 0.0 0.0 0.0 8.54974804667975e-08 0.0 0.0 3.4570382926993164e-06 2.8421879833462156e-06 2.6133279794876267e-06 5.4252804743004095e-05 2.6313508735261336e-06 6.471545952580556e-05 7.545367026653639e-06 1.1399009322372417e-05 6.1636913577222225e-06 0.0 7.909425694598317e-06 1.5379228252469779e-06 0.0 1.4840582985822196e-06 2.0187677983451467e-07 5.508290660065701e-07 6.184915007361803e-08 0.0 0.0 4.0999895659535814e-07 0.0 5.035742277225134e-06 3.4379413087879508e-06
