0.0 0.0014400780589973001 0.00034210814106855027 0.0004010556274388082 8.16065724114548e-06 7.2854513323319e-05 0.0002964127187073615 4.00041822737561e-05 7.815230046970873e-07 0.00025064010035493806 1.374160095568646e-05 2.587443398018318e-05 2.9898009446294774e-05 8.958922797974193e-06 1.702421728872084e-06 1.6487619681941136e-07 1.4207912832997e-07 0.0 0.0 1.313094963040463e-07 0.0 3.776706894881537e-07 7.892722604178373e-08 0.0 8.555374285945679e-08 0.0 9.660398709403977e-08 0.0 0.0 0.0 0.0013317838395320622 0.00010186603093402452 4.114059294359886e-06 0.0 0.0 0.0 6.70266570051588e-06 0.0 7.837296196171243e-06 1.5290373799418317e-07 1.5311748942746927e-07 0.0 0.0 0.0 0.0 0.0 2.6003239160943296e-05 1.5666952154010357e-06 8.400459368093113e-08 0.0 1.4036077207811559e-06 1.6518740738088992e-06 3.4380026362739895e-06 0.0 3.249167830573764e-06 1.0706630456438929e-05 6.0596885319076845e-05 0.000338625570349555 1.0196812330606792e-05 1.215316834498577e-05 1.7483993169904823e-07 1.5301934332052185e-06 8.80939302004435e-08 0.0001078075547859803 1.0575336594823788e-06 4.997334759233703e-07 6.016141415160157e-07 4.348577017319469e-07 7.446701575030589e-07 0.0 1.6339725977032275e-05 1.2639891221641307e-05 1.2444562034966679e-06 4.875886942546672e-05 6.9100219223926815e-06 1.7626767592284985e-05 4.866111664648924e-07 3.119729957367239e-06 1.493791647269548e-06 8.460986460407482e-06 0.0 2.253712931345225e-06 2.1478910526818496e-06 1.2248592522211206e-06 8.551073731257256e-07 9.037117533522855e-06 4.368388159965436e-07 2.2463526912435607e-06 2.999693487528487e-06 5.425617682688688e-06 1.8134454000318582e-06 2.3253765874273807e-06 0.0 3.338134388165069e-07 1.433798919034978e-07 1.2237930254183797e-05 7.44379986572413e-06 1.7205954448443481e-06 1.4905528682836555e-05 0.00014633574641950082 0.0 0.0 0.0 0.0 1.582683217334692e-07 0.0 0.0 0.0 4.913999933580262e-07 0.0 2.635459353143065e-07 0.0 0.0 0.0 0.0 0.0 0.0 0.0 0.0 0.0 0.0 0.0 0.0 0.0 0.0 0.0 0.0 0.0 0.0 0.0 0.0 0.0 0.0 0.0 0.0 5.43056086950206e-07 0.0 0.0 0.0 0.0 0.0 5.569691906582053e-07 5.368329779807059e-07 0.0 0.0 0.0 0.0 0.0 0.0 0.0 0.0 0.0 0.0 0.0 0.0 0.0 0.0 0.0 0.0 0.0 0.0 0.0 0.0 1.3001040545852127e-07 0.0 0.0 0.0 0.0 0.0 0.0 0.0 0.0 0.0 0.0 0.0 0.0 1.6510562548497368e-06 0.0 0.0 0.0 0.0 0.0 0.0 0.0 0.0 0.0 0.0 0.0 0.0 0.0 0.0 0.0 0.0 8.065861071761158e-08 0.0 0.0 0.0 0.0 0.0 1.3805427595841403e-06 1.2911241254949378e-05 1.3696968105517059e-06 8.466534892424592e-05 1.4571516909724335e-06 0.0001334662238518094 5.594484936005734e-06 1.7695118081813313e-06 1.1216621496902503e-06 0.0 0.0 0.0 0.0 0.0 0.0 0.0 0.0 6.459136160275544e-06 0.0 2.904234932358464e-05 1.0671945677453421e-07
0.0014400780589973001 0.0 0.0006662005108330402 0.0008356369355676157 0.00039807963075405567 0.00024257356150926042 0.0007881678909157369 0.00017258655569186477 8.333773534446385e-05 0.0008214956141766105 0.0002477271130908561 6.365964444253952e-05 0.00013747403794162486 0.00047045128906515044 2.8401189600541116e-05 3.522094849961635e-06 8.444585497705031e-07 1.2277377802247597e-07 0.0 0.0 5.27964638219221e-08 6.876462507429629e-08 8.156722593290437e-08 0.0 0.0 1.762028182634325e-07 6.405504971338893e-08 0.0 1.1568143062838555e-07 0.0 0.0006528868080975399 8.631172212082461e-05 2.6616598183255622e-05 0.0 0.0 1.9639218114805056e-07 2.4222010623107736e-05 7.131710648265637e-08 1.2834228712665004e-06 2.297178396244187e-07 2.2953033455046015e-07 4.545023547624189e-07 0.0 1.7312059936689392e-07 6.470657727049004e-08 5.493673863943521e-08 0.00015067581915712314 1.926576312048326e-06 6.501860920910064e-07 4.220489514224151e-08 2.8022138543030613e-06 3.361344262720133e-07 9.926711559220764e-07 6.269403747457315e-07 4.321696515203265e-06 2.8643005020012275e-05 6.643314869082765e-05 0.0001182590802455238 3.736991490368716e-05 4.766205529250739e-05 0.0 6.696298040773882e-06 0.0 0.00011818064872227324 2.2187467569662696e-06 1.285629397715663e-06 3.434241990807033e-06 7.919475616380808e-07 2.956980445658936e-07 0.0 3.5277071168568476e-05 2.625465499490429e-06 0.0 0.00013732766311725278 4.201597355289857e-05 0.00014459183675281467 1.867897576925376e-05 5.66958298791166e-06 1.6286025645448524e-06 4.742027467641454e-05 1.4020769861140836e-07 6.040002696410472e-06 3.6551103354496045e-06 1.6748725319816178e-06 4.794633773230089e-07 2.4524667706864504e-05 5.213445246623564e-07 1.8289258450440324e-07 1.0392034506199503e-05 4.128467815625162e-07 5.7589028706177704e-06 1.36750624753568e-06 6.008951440398179e-08 1.3702790262551178e-06 3.260733734308247e-07 1.7367099581942317e-05 3.978343039642658e-07 4.315741124900275e-07 2.9801126688926667e-06 3.690254115833564e-05 0.0 0.0 0.0 0.0 1.0334853856123487e-06 0.0 0.0 6.146070272711304e-07 6.28940391803655e-07 8.165944062370533e-07 9.94648857048031e-07 6.350618801297462e-07 2.4392371037559954e-06 0.0 4.5288818674311287e-07 1.9447713963956552e-07 1.853611974578701e-07 0.0 6.278260262095404e-07 0.0 0.0 0.0 0.0 0.0 0.0 0.0 0.0 1.0315699283390999e-06 0.0 0.0 0.0 0.0 0.0 0.0 1.0566138959700502e-06 3.3360857508021617e-06 0.0 0.0 0.0 2.7727657630472574e-07 0.0 3.7908187824913286e-06 8.626638967392318e-06 2.2726803084100906e-06 0.0 0.0 0.0 0.0 0.0 0.0 0.0 0.0 0.0 0.0 0.0 0.0 5.133075205658809e-06 0.0 0.0 0.0 1.0771451721936039e-07 9.002526388629713e-08 4.3426564787395205e-07 0.0 0.0 0.0 1.0599990720140597e-06 0.0 0.0 0.0 1.1897436007406636e-07 0.0 0.0 0.0 0.0 0.0 3.0134123033955107e-06 0.0 0.0 0.0 0.0 1.8549011160767414e-06 0.0 4.171769715765396e-07 0.0 0.0 9.65699717349996e-08 9.627061143618153e-08 0.0 0.0 6.738319346766103e-08 8.226636822439813e-08 0.0 5.765020078017138e-07 6.137980650683296e-08 0.0 0.0 7.114468400067249e-07 2.5474167747254134e-06 5.245231492552036e-06 0.00023106367695214437 9.277936156973018e-06 0.00034162211597569907 4.128722995116467e-05 2.9954826292533593e-05 3.8006849683215566e-05 2.226531768456699e-06 2.126677351777882e-05 3.4731339901259874e-06 0.0 2.849156737009888e-06 0.0 0.0 0.0 1.9263661671326417e-07 0.0 3.682542683587022e-05 3.3177022573342373e-07 7.363747542039412e-05 1.0081208730175283e-07
0.00034210814106855027 0.0006662005108330402 0.0 8.144858298085724e-05 0.00010703315158365514 4.47693051317408e-05 0.0001861588452172668 0.0005316518755681676 3.907787374417205e-05 0.00016124240577461226 0.0008383247767365804 6.884286542310715e-05 0.00012160529692181979 0.00039434794381051094 1.4487780315109408e-05 2.4267524227418782e-06 1.4398542379154775e-06 0.0 0.0 1.1196462417163e-07 0.0 2.014730368601866e-06 2.4364726451663056e-07 4.424856411622257e-07 5.089019494995128e-07 0.0 1.270977363995178e-07 1.3017198808290996e-07 1.1485172949903422e-06 2.692637402272068e-07 0.001689349562118624 0.00013221003878412875 8.29238547251406e-05 6.030806646994653e-08 6.345737819661005e-08 1.4234097069333738e-06 8.118424210331476e-05 1.8215898111536692e-06 1.3897659666576354e-05 1.4779447636318528e-06 1.2660961406350208e-07 1.379195565722349e-07 0.0 2.4055294976615255e-07 0.0 2.640781867289633e-07 8.699169450463432e-05 1.3615743672797357e-06 9.565415943826801e-07 2.3048681589279343e-07 2.518427760285854e-06 1.793888120449927e-06 1.0024876999229645e-05 1.1686498334676036e-06 3.69531710864773e-06 2.1207863615030016e-05 4.724398025937229e-05 7.681555620743374e-05 2.5376498193746503e-05 3.3152134309615435e-05 3.278834826812133e-07 3.024559196016997e-05 8.176798230008761e-08 0.000144641256989204 1.7174871584640193e-06 1.5702251162586081e-06 1.9921776005868954e-06 5.567019796114647e-07 1.396403344121142e-07 2.5769159035231994e-07 9.797801033821919e-05 1.1332731788884653e-05 3.0019613682871406e-06 0.00010868310471306281 4.040439686483391e-05 9.351188102135177e-05 1.2054929222758706e-05 5.574087013912903e-06 5.76277281629008e-06 0.0001597552945872213 2.8889389950463703e-07 8.03218060543681e-05 3.5530376783911325e-06 1.083318616611737e-06 3.4216000830295983e-07 2.000343673052895e-05 5.777798849753417e-07 5.450604695381483e-07 6.304503553949248e-06 9.933408997771967e-07 3.962531442830664e-06 1.1984821300408658e-06 2.1891132539637485e-07 1.466622759110498e-06 5.373639192529097e-07 9.425231252477144e-06 3.625239102022775e-06 4.00627580853449e-07 2.1717361684180153e-05 3.094920183259422e-05 3.8657686867761014e-07 1.032633493280458e-07 0.0 0.0 1.187987884157211e-06 7.997343135391484e-07 3.007060229997677e-07 0.0 2.147249648513298e-06 2.655195803165785e-06 4.997040484801529e-06 1.8658842868190948e-06 9.264620976174444e-06 9.06872310065465e-07 1.4442451537573725e-06 8.798770617089519e-07 8.186647020434652e-07 1.5742260785934624e-07 2.0260545679744144e-07 0.0 0.0 0.0 0.0 0.0 0.0 0.0 0.0 7.470388563824373e-07 0.0 0.0 0.0 0.0 0.0 0.0 2.320362227487831e-06 7.775958729987671e-06 0.0 0.0 0.0 1.3165241714736339e-06 2.093330827711744e-06 1.719109465320299e-05 1.8177992591471214e-05 6.378477641412938e-06 1.0123382360774182e-06 0.0 0.0 6.85603366404112e-07 0.0 0.0 0.0 0.0 1.7869605706054326e-06 0.0 0.0 0.0 1.1305446868515213e-05 1.2642191270989933e-06 0.0 0.0 0.0 0.0 1.459722055100107e-06 0.0 0.0 0.0 2.237592537341172e-06 3.3721237377351135e-07 0.0 0.0 0.0 0.0 2.7051533236571513e-07 0.0 0.0 0.0 3.5132505230324914e-06 0.0 0.0 0.0 0.0 5.841174259443414e-06 0.0 0.0 0.0 0.0 3.813861084508722e-07 7.009437325322339e-07 5.029975483937653e-07 0.0 0.0 0.0 7.054796584216573e-08 5.548381496860257e-07 0.0 0.0 0.0 8.886166981036989e-07 1.139835263287054e-05 2.538956856161636e-05 9.224558086591405e-05 2.9612210577042763e-06 0.00019259635108276237 1.498840510366564e-05 1.4049915807440794e-05 1.5092656522789108e-05 1.7412801769415026e-06 6.9980341596515315e-06 7.80872550876661e-06 1.232430604133269e-07 4.433836925683886e-06 2.259578555135046e-06 4.624800925587225e-07 4.791201973518854e-07 0.0 1.405445637925973e-06 5.0032005232232695e-06 1.7884687911271033e-07 4.4987478672895024e-05 2.536162254626578e-07
0.0004010556274388082 0.0008356369355676157 8.144858298085724e-05 0.0 1.4731712272130752e-05 3.685629123462806e-05 0.0006969282442419064 1.0182492720152791e-05 1.7314867992565586e-06 0.0019323367341548144 5.012199770871634e-06 6.151926524389834e-05 8.955938982862065e-05 7.3817079798733895e-06 1.665274587907986e-06 0.0 2.0965865945558137e-07 0.0 0.0 0.0 0.0 0.0 0.0 0.0 0.0 0.0 0.0 0.0 0.0 0.0 0.00021308319289921869 4.783872804581566e-06 6.138687209057901e-07 0.0 0.0 0.0 1.8587827539244108e-06 0.0 1.3584494841501778e-06 0.0 0.0 0.0 0.0 0.0 0.0 0.0 1.7608695830534835e-05 4.2973306260606056e-07 5.748115517827412e-07 0.0 4.645103830928127e-07 0.0 1.9508651058341615e-07 0.0 8.272657582411e-07 6.070280900692811e-06 2.0522142190770905e-05 7.175521288806584e-05 6.80744975297746e-06 6.572148385955399e-06 0.0 2.9851551799742983e-07 0.0 1.2025920266113906e-05 7.445989650389844e-08 3.8474799683364065e-07 4.466369121281086e-07 0.0 9.242045568317747e-08 7.886920268487641e-08 4.3849452423366555e-06 5.573697635708268e-06 0.0 2.901994352841364e-05 5.474152567351547e-06 1.3641633199599264e-05 6.477872357628365e-07 0.0 1.4131163141063818e-07 1.127650366071677e-06 0.0 2.125523483696741e-07 5.528111997734671e-07 2.556866034551279e-07 2.6376469526265307e-07 4.8235095884610164e-06 3.115929151924792e-07 6.571065884379395e-08 1.7730340995768325e-06 6.056408522593759e-07 1.028411044353923e-06 3.414099154900158e-07 0.0 3.3473653328141956e-07 1.4600913508997603e-07 0.00024192960152834734 8.271610657729135e-06 0.0 4.550073900222644e-06 6.263543233706508e-06 0.0 0.0 0.0 0.0 0.0 0.0 0.0 0.0 0.0 0.0 2.7407818886562795e-06 0.0 0.0 0.0 0.0 0.0 0.0 0.0 0.0 0.0 0.0 0.0 0.0 0.0 0.0 0.0 0.0 0.0 0.0 0.0 0.0 0.0 0.0 0.0 4.0591431022349364e-07 0.0 0.0 0.0 0.0 0.0 1.3098845629003779e-06 2.3741879411546834e-07 1.0266262532438547e-06 7.966992694398688e-07 0.0 0.0 0.0 0.0 0.0 0.0 0.0 0.0 0.0 0.0 0.0 0.0 0.0 0.0 0.0 0.0 0.0 0.0 0.0 0.0 0.0 0.0 0.0 0.0 0.0 0.0 0.0 0.0 0.0 0.0 0.0 0.0 0.0 0.0 0.0 0.0 0.0 0.0 0.0 0.0 0.0 0.0 0.0 0.0 0.0 0.0 0.0 0.0 0.0 2.3105266690172664e-07 0.0 0.0 0.0 0.0 0.0 6.374144512038725e-07 1.5339041593440284e-05 7.873354831142631e-07 5.0451738886375494e-05 1.477832893903571e-06 6.473914045023109e-06 3.340017710689662e-06 9.136495754513004e-07 6.15348930485124e-07 0.0 0.0 2.586478976535893e-07 0.0 0.0 0.0 0.0 0.0 3.5728188071721866e-05 0.0 1.704138491197862e-05 0.0
8.16065724114548e-06 0.00039807963075405567 0.00010703315158365514 1.4731712272130752e-05 0.0 1.4199575782589844e-06 0.001274875333638731 0.00033686608518726345 0.0012775530441964424 0.0003915249223559541 0.0004826129758161664 0.00011396852805962622 0.0002436704006992985 0.001278280503597511 6.703961083319853e-06 1.6615428719334249e-06 1.3255099406084964e-07 0.0 0.0 0.0 0.0 0.0 0.0 6.142340379333439e-08 0.0 0.0 0.0 0.0 5.811825763186415e-08 0.0 4.866337321941321e-05 6.487383256997687e-06 8.59074339439436e-06 0.0 0.0 8.5030101642988e-08 6.183741688207964e-06 6.50402043209961e-08 3.6486889115222904e-07 0.0 0.0 5.391268101957734e-08 0.0 0.0 0.0 5.940182014691204e-08 3.916993944131888e-05 5.755955197549795e-08 8.354153809258789e-08 0.0 1.2988412899772978e-07 1.4047875789945027e-07 1.9724029292127585e-07 0.0 3.513723305582516e-07 4.475168908201299e-06 4.995593357527754e-06 5.060592019213697e-06 4.017786410720926e-06 7.156252637958099e-06 0.0 9.527109892425182e-07 0.0 3.375676782186603e-05 2.5364262169067926e-07 5.854258376557319e-07 3.211858507510501e-07 4.798152110025861e-08 4.903898010095906e-08 0.0 7.635403311834054e-06 1.0606701743563735e-06 0.0 2.1212459367535136e-05 8.035170583536383e-06 3.2241527112160464e-05 1.115928461113034e-05 3.0565177208435747e-06 2.075552934297953e-06 3.457046311007469e-06 5.966950497210433e-08 1.5455160954895653e-06 2.2219791684664607e-07 5.48899825076244e-07 4.804289474764557e-08 2.546394955467016e-06 8.208947482086214e-08 2.6913498851572916e-07 8.716337420836447e-07 0.0 2.681778690228283e-07 6.612364378495432e-08 0.0 2.549903086688182e-07 0.0 2.956623864525894e-06 0.0 8.402757677031103e-08 5.636239021282267e-07 1.397524574668332e-06 0.0 0.0 0.0 0.0 9.082681774114542e-07 0.0 3.4933309624726763e-07 2.734094612169416e-07 1.362078240332033e-06 0.0 0.0 1.341032808129991e-06 0.0 0.0 4.6096264786066656e-07 0.0 0.0 0.0 0.0 0.0 0.0 0.0 0.0 0.0 0.0 0.0 0.0 0.0 0.0 0.0 0.0 0.0 0.0 0.0 4.2470523382195634e-07 0.0 0.0 0.0 0.0 0.0 0.0 6.032160783161104e-07 1.7435641661675132e-06 7.973812010039349e-07 0.0 0.0 0.0 0.0 0.0 4.198305563395908e-07 0.0 0.0 0.0 0.0 0.0 0.0 7.982142775630307e-07 0.0 0.0 0.0 0.0 1.0583204072771653e-07 6.554655649155823e-07 0.0 0.0 0.0 0.0 0.0 0.0 6.435064395696364e-08 0.0 0.0 0.0 0.0 0.0 0.0 0.0 0.0 0.0 0.0 0.0 0.0 0.0 0.0 0.0 0.0 5.508009819754108e-07 0.0 0.0 0.0 0.0 0.0 0.0 0.0 0.0 0.0 0.0 0.0 6.593999565435029e-07 0.0 6.545616275856729e-05 1.7740391238725661e-06 6.866304502113126e-05 9.333791788919459e-06 6.552011786519975e-06 6.7226603839671295e-06 1.188698068387313e-06 5.3104394966309795e-06 4.720552904321998e-07 0.0 7.883155566896998e-07 0.0 0.0 0.0 0.0 5.516252017781448e-07 2.20848452715866e-06 5.751232206523547e-07 1.2758762544571083e-05 0.0
7.2854513323319e-05 0.00024257356150926042 4.47693051317408e-05 3.685629123462806e-05 1.4199575782589844e-06 0.0 3.9482634780954714e-05 1.209350883770589e-05 2.472655347243872e-06 0.0003766050883727066 5.109149896634883e-06 0.00019772857772462464 0.00015055268172513216 1.2688053537565614e-05 2.1535839310468234e-06 1.1054932610775366e-06 1.8428018006538422e-07 0.0 0.0 0.0 0.0 1.4803018225481895e-05 0.0 0.0 0.0 0.0 0.0 0.0 3.923759033894964e-06 0.0 0.00023305605756196337 3.2499560432141707e-06 1.539875223495163e-05 0.0 0.0 3.7540424456827703e-07 4.237273498764822e-05 0.0 7.725497607174547e-05 1.1364251635958016e-06 0.0 0.0 0.0 3.750427999543945e-07 0.0 1.767171192761398e-07 8.392859971397315e-06 1.3552211191047212e-06 2.456200538170052e-07 0.0 8.266057147580539e-06 4.819710160843659e-05 4.732715655778891e-05 3.968154211653739e-06 7.346090369792338e-07 1.568020616420945e-05 1.3435900635814224e-05 4.86469272961026e-05 2.864224346949596e-06 2.5914049187805186e-06 0.0 5.6138254136012885e-06 1.547934855347179e-07 5.681573503497265e-06 6.928714807692971e-07 7.168881275104408e-07 4.965947371913373e-07 6.636561428468231e-06 2.5961720775611996e-06 0.0 0.00014430374102496687 0.00010733050480708325 7.915364127334548e-05 1.4819249198409676e-05 1.5658341230651293e-06 4.578323375505993e-06 9.53371711969161e-08 6.204363489957105e-07 1.1945728535053569e-06 2.292966573491497e-06 0.0 4.403912106947277e-06 1.2665595201331222e-06 9.922473572294799e-06 3.5390226011231226e-06 4.963822736619239e-06 3.793466643237168e-06 4.457946311172812e-05 2.7996771487502467e-05 0.00011256410580249372 7.443723843620538e-06 4.494564223235396e-05 0.0 1.258306932821163e-07 6.456043610108075e-06 5.443662382020299e-05 0.00012550413565392865 1.3403354362228751e-05 0.00014269911782853416 7.873415877979576e-05 0.0 0.0 0.0 0.0 1.7219383843690225e-06 4.964228919455486e-06 0.0 6.94987351162075e-07 2.5856421406898168e-05 1.5941990813626263e-05 8.764637122842786e-06 2.6060774313328533e-06 2.382192344942658e-05 0.0 0.0 2.3651731941826851e-07 0.0 0.0 0.0 0.0 0.0 0.0 1.2317477056744038e-06 0.0 0.0 0.0 0.0 0.0 0.0 0.0 0.0 0.0 0.0 0.0 2.9446270592896186e-07 5.473537525569698e-06 0.0 0.0 0.0 1.0331120095166428e-06 6.896426661177589e-07 2.6311965847033984e-06 7.90384026998731e-06 0.0 0.0 0.0 0.0 0.0 0.0 0.0 0.0 4.241526534441439e-07 0.0 0.0 0.0 2.4052687744788875e-06 5.85506642021006e-06 0.0 0.0 0.0 0.0 0.0 8.101102163338403e-07 0.0 0.0 0.0 6.194074278950121e-07 2.5745563901444137e-07 0.0 2.0656331979661597e-07 0.0 0.0 0.0 0.0 0.0 0.0 3.2833900229149068e-06 0.0 0.0 1.2547229825443086e-06 0.0 2.2064760546057168e-06 0.0 0.0 0.0 0.0 0.0 4.944763045273409e-07 0.0 0.0 9.944874629681281e-08 0.0 0.0 7.597858994658769e-07 0.0 0.0 0.0 2.519953404251808e-06 3.846279143009337e-06 7.539946820984426e-06 3.284493589744455e-05 8.749463691101773e-06 2.7603428994852408e-05 3.4618942876899507e-06 0.0001114631470072945 1.0040289162131094e-06 6.441251652206705e-07 4.92434930478166e-06 2.581436040020549e-06 0.0 0.0 0.0 0.0 0.0 0.0 1.238818181908134e-06 1.7043526177863302e-07 0.0 1.9629106179125054e-05 9.569910119198793e-07
0.0002964127187073615 0.0007881678909157369 0.0001861588452172668 0.0006969282442419064 0.001274875333638731 3.9482634780954714e-05 0.0 0.00021810235286713768 0.0009087692079187375 0.001307650262035519 0.00023170001061317608 0.000647773033939507 0.001260238569962115 0.000980788793959294 3.638606317715315e-05 1.150617851219841e-05 3.598994144692639e-07 1.1733127706578659e-07 0.0 8.596650058033939e-08 0.0 1.871714759148486e-07 0.0 0.0 6.012099649864771e-08 0.0 5.8070860448801386e-08 1.8158148965994461e-07 1.1195084543729226e-06 0.0 0.0001393866875941001 3.8646167795576135e-05 2.207543265707363e-05 4.773234264152535e-08 0.0 1.3301061717265537e-07 1.817731337688154e-05 1.8299395858963815e-07 2.813736794067137e-06 1.8207839140073824e-07 1.8458185607724664e-07 1.596122039805728e-07 0.0 2.241400797542521e-07 6.474645201201408e-08 5.715257628551534e-08 0.00015977402274484383 1.1377466912351448e-06 3.693329139099006e-07 9.575150012184756e-08 2.578634829759537e-06 3.081684977230386e-07 2.6209940219738547e-06 1.8439243655158541e-07 2.5777062771734826e-06 2.1639952942248332e-05 5.0579038926173874e-05 6.387919973921015e-05 2.947280024756551e-05 3.669712497703237e-05 3.6320213855926186e-07 5.348960160002255e-06 0.0 0.00011904865910344804 6.743706691208967e-07 8.101363418313181e-07 1.7351436437323338e-06 1.206100511716053e-07 2.2179936764483953e-07 1.932753087419043e-07 3.711880029129748e-05 2.0008780293975295e-06 0.0 0.00010279155090772051 3.0304891395826574e-05 0.00013597212891277763 3.189024312678003e-05 9.6709640365588e-06 1.4969542315611213e-05 1.8387250231308776e-05 6.060562834443786e-08 1.0283771223002313e-05 2.653442619846706e-06 8.671579860575833e-07 6.889519164731236e-07 1.8409967035443692e-05 2.0949856101470959e-07 5.529979313315862e-08 6.063687792507692e-06 5.413497738565245e-07 3.2719899513074554e-06 6.015875180677164e-07 2.2482650254466077e-07 8.712500830617472e-07 5.239791462011559e-07 2.411762247539069e-05 1.8885897807020927e-07 0.0 2.720059114083245e-06 5.9304308854745165e-06 0.0 0.0 6.211282299072613e-07 9.489614920725977e-07 3.8772899151363825e-06 0.0 1.0790933975316015e-06 1.0402422011731785e-06 7.799523595133834e-06 0.0 3.303296646422307e-06 2.7312868656995612e-06 4.103763015351918e-06 0.0 2.2205040737606153e-06 5.917164117098546e-07 0.0 0.0 0.0 0.0 0.0 0.0 0.0 0.0 0.0 9.946224414821141e-08 0.0 1.0202791496852895e-06 0.0 0.0 0.0 0.0 0.0 0.0 4.210355915266169e-06 4.78745815685588e-06 0.0 0.0 0.0 9.73388832214228e-07 2.8923598205016315e-06 1.0205062065579096e-05 1.704218512378349e-05 2.4000760852970253e-06 0.0 0.0 0.0 0.0 0.0 0.0 0.0 0.0 6.91428308095251e-08 0.0 0.0 0.0 6.284994374966346e-06 0.0 6.691015469051474e-08 0.0 0.0 0.0 1.2198307176038128e-06 0.0 0.0 0.0 5.736872271721937e-07 7.663455410047546e-07 0.0 0.0 2.228146023496536e-07 0.0 0.0 0.0 0.0 0.0 0.0 0.0 0.0 0.0 0.0 1.780830012806124e-06 6.867473963306697e-07 0.0 0.0 1.7171440558444806e-07 2.1201053919992611e-07 0.0 1.5368492130939932e-07 0.0 4.9057534812158045e-08 6.124408831832614e-08 0.0 3.2827256598293446e-07 9.785854276510798e-08 0.0 0.0 1.7444461482655585e-06 9.225245887206906e-06 9.898873197937135e-06 0.0002751588456015192 8.096608360220913e-06 0.00032667869252224995 5.188790178100876e-05 2.7349038857123423e-05 3.447701551721172e-05 4.392153670285879e-06 3.080536878610513e-05 1.0305475821230372e-06 0.0 2.8137669225090835e-06 5.567808008755055e-07 4.966367342669459e-07 0.0 1.7978842193039405e-07 1.3927434635956967e-06 2.647183145963804e-05 4.3057614169185536e-07 6.0902869519262155e-05 5.855274147888746e-08
4.00041822737561e-05 0.00017258655569186477 0.0005316518755681676 1.0182492720152791e-05 0.00033686608518726345 1.209350883770589e-05 0.00021810235286713768 0.0 2.499702545407611e-05 0.00014637777218287805 0.0003137313975852478 0.00017695591120107013 0.0002755781446219463 0.0009818156471572506 1.0397897079436233e-05 9.917178046599318e-06 1.4996185034123895e-06 5.167149187530639e-07 0.0 1.4154463662006317e-06 1.4588664208853433e-06 8.596523080574415e-06 3.612062206518401e-06 4.110616757281906e-06 6.347705672963429e-06 1.8875817058532673e-06 3.719455506782004e-06 1.362012051548545e-06 1.144870757613127e-05 2.8384046686279942e-06 0.00022076633619699766 0.0003494760444061398 0.0005698222627050014 2.960180630555466e-06 2.86879599476738e-06 2.0951037762943112e-05 0.0004783259998550562 2.5240611369117724e-05 5.439533298389376e-05 1.3818101324126687e-05 7.364751540943206e-06 1.7568196750535452e-06 3.336973872682183e-07 1.4990809340763364e-05 9.853163691070798e-08 1.76848022328546e-06 3.0743383766302076e-05 1.8411497158549803e-07 3.5606267921607446e-07 8.904321349444316e-07 4.573903099903517e-07 8.861321768300986e-06 4.262868363893186e-05 5.050725230041114e-06 2.831204739684057e-07 3.912732481000201e-06 6.737094426420637e-06 1.0424986933614386e-05 3.373284142025098e-06 6.6438165332638935e-06 1.4529215736032453e-05 0.00037281871638774206 1.4855615098044868e-05 6.605940047598904e-05 1.2165947527652343e-07 1.7671334838642243e-07 5.228325008241659e-07 1.0332038645225781e-07 1.3772682059741206e-07 3.350265485420022e-06 0.0004496360086112777 2.172740774531748e-05 3.822010591166125e-06 2.0746452018576124e-05 1.2336136492318745e-05 3.269087862494794e-05 2.4653813135487253e-05 7.538577486198631e-05 0.00021322408429397713 0.0008449018882322163 7.581660291844912e-06 0.0014238432225851243 5.211241137411399e-07 6.592582871175065e-07 3.369157304490794e-07 3.076010566556079e-06 1.4894951051945404e-07 1.11910150285531e-06 8.914053846598227e-07 3.0376336320967235e-06 5.646119139099658e-07 2.1440870661555134e-06 1.392743308892529e-06 9.330707790936497e-07 4.190822493813411e-06 1.7241576472399286e-05 9.611858231254703e-06 6.314477139069653e-06 9.182933411965157e-05 2.570364877016983e-06 5.288009538758945e-07 7.513939826133355e-07 0.0 5.228706399895252e-07 7.290815575724221e-06 2.689304177485626e-06 8.440391543168231e-07 1.5822528234526696e-06 3.1002419799700487e-06 2.5747850704334015e-06 1.4418916863717674e-05 4.714009840194454e-06 1.719721332303074e-05 1.477837032213312e-06 2.8298723006369037e-06 2.0748197379716276e-06 1.5830126383928207e-06 1.1005680053282183e-07 0.0 0.0 0.0 2.3685439828320809e-07 1.5992477302924438e-06 0.0 0.0 3.1860225370115306e-06 0.0 2.4730356269684455e-06 0.0 0.0 0.0 9.44695049432694e-07 0.0 0.0 6.663560268838924e-06 1.7361204927136152e-05 0.0 0.0 0.0 1.6005086142899733e-06 4.857149951856668e-06 3.52935583637836e-05 5.0221512411741895e-05 1.6339299856825263e-05 3.719255504592765e-06 0.0 1.134759919358721e-06 7.538223195639363e-07 3.3405465006209375e-07 3.50446224216039e-07 0.0 3.862970009779464e-07 1.807768219203951e-06 0.0 0.0 2.2753330519746658e-06 3.225618992675795e-05 3.5219961831818386e-06 0.0 1.46662253189022e-07 7.67090920205552e-08 1.695200184994909e-07 3.457754991716158e-06 0.0 0.0 0.0 6.406196156086188e-06 3.1949967614224894e-06 0.0 3.123707868930077e-07 0.0 0.0 1.3209980710616805e-07 0.0 0.0 0.0 6.787780830887524e-06 4.053513453955364e-07 0.0 0.0 1.074542910206501e-06 1.079101244849793e-05 5.928439077353439e-08 1.057437690339072e-06 2.722604131063754e-07 6.172168503755642e-07 3.8389179891920865e-06 1.9481173068418647e-06 3.7092856879448403e-06 0.0 0.0 0.0 0.0 0.0 0.0 0.0 0.0 7.389360536445259e-06 3.404753169107808e-05 4.872953429169585e-05 5.84473354568428e-05 1.96939168039449e-06 6.338821614393192e-05 1.2086409548007145e-05 6.066824899604751e-06 7.730488428060208e-06 4.7505423551414674e-07 9.707358097005025e-06 2.228000855845156e-05 0.0 1.5661212134689444e-05 3.478417925170062e-06 4.884118765309368e-06 1.1557930719968118e-06 7.635794000181144e-08 1.5161090295800976e-07 2.2550405407528565e-06 1.9171725784640867e-06 2.5276848096442205e-05 1.2676760660750087e-06
7.815230046970873e-07 8.333773534446385e-05 3.907787374417205e-05 1.7314867992565586e-06 0.0012775530441964424 2.472655347243872e-06 0.0009087692079187375 2.499702545407611e-05 0.0 0.00012314763666636968 9.731766161131939e-05 0.00021594810858561867 0.0003852584222032481 0.0011758297733989278 2.681490889156791e-06 1.5437899755559197e-06 8.017231097829257e-08 0.0 0.0 0.0 0.0 0.0 0.0 0.0 0.0 0.0 0.0 0.0 0.0 0.0 8.697371034838746e-06 5.4191819052080775e-06 2.8983042467010445e-05 0.0 0.0 0.0 1.1687433960097552e-05 2.5755561110221723e-07 7.343273515173475e-08 0.0 7.36752372018787e-08 0.0 0.0 2.450592596678724e-07 0.0 0.0 9.485761284151695e-06 7.968720535405077e-08 0.0 6.102001044858327e-08 1.594118537092053e-07 0.0 6.831538641263535e-08 0.0 2.605757843594833e-07 6.629694662465299e-07 1.4186204110962622e-06 1.5542118058535797e-06 3.1967193521901173e-07 1.5695118621375183e-06 7.750469173722926e-08 2.9589322146663734e-06 0.0 7.660337609422394e-06 0.0 4.911301040126914e-08 1.1357978325810537e-07 0.0 0.0 9.054522123358047e-08 1.128268790534981e-05 0.0 0.0 3.489028435318861e-06 2.116859187744757e-06 1.068665010720308e-05 3.7763997559140583e-06 1.4504135026399126e-06 1.1083131855873893e-06 1.4627033616036775e-05 6.111760880962683e-08 2.38052140182763e-06 6.942924922145422e-08 0.0 0.0 5.858687769977753e-07 0.0 0.0 2.50776682657327e-07 0.0 1.0583542485951413e-07 1.921853959172646e-07 0.0 0.0 5.405264387625319e-08 4.048903589620637e-06 4.219673938460923e-07 0.0 4.396068762693605e-07 0.0 0.0 0.0 0.0 0.0 4.3008284163418927e-07 0.0 0.0 0.0 6.134968386625489e-07 0.0 1.275570336677761e-06 0.0 9.856179049191962e-07 0.0 7.567194844648328e-07 8.768062134952533e-08 0.0 0.0 0.0 0.0 0.0 0.0 0.0 0.0 0.0 0.0 0.0 0.0 0.0 0.0 0.0 0.0 0.0 0.0 0.0 8.064503648152385e-07 0.0 0.0 0.0 5.511193997707235e-07 0.0 3.3592574233437044e-06 1.0077308663312732e-06 8.774574944941806e-07 0.0 0.0 0.0 0.0 0.0 0.0 0.0 0.0 0.0 0.0 0.0 0.0 4.635192724132417e-07 0.0 0.0 0.0 0.0 0.0 0.0 0.0 0.0 0.0 0.0 4.6670785940665373e-07 0.0 0.0 0.0 0.0 0.0 0.0 0.0 0.0 0.0 0.0 0.0 0.0 0.0 0.0 0.0 0.0 0.0 0.0 0.0 0.0 0.0 0.0 0.0 0.0 0.0 5.0269431084680193e-08 0.0 0.0 0.0 0.0 8.943474449034884e-07 2.118293991944315e-06 1.5915778779064043e-05 5.087089621320422e-07 1.693429877002039e-05 2.593939614159045e-06 1.0899991296694784e-06 2.454513867544218e-06 8.372685314982596e-08 3.865156415147853e-06 1.0777380720845482e-07 0.0 0.0 0.0 1.3460715869976976e-07 0.0 0.0 0.0 5.306650013526633e-07 0.0 3.84535934565569e-06 0.0
0.00025064010035493806 0.0008214956141766105 0.00016124240577461226 0.0019323367341548144 0.0003915249223559541 0.0003766050883727066 0.001307650262035519 0.00014637777218287805 0.00012314763666636968 0.0 0.00012614347724249495 0.0004280330818466196 0.001197982918514093 0.0006088147584056024 1.8085763010490372e-05 1.767413348663204e-05 6.984584938226928e-07 0.0 0.0 3.053261170814718e-07 0.0 2.9013022002323746e-06 0.0 2.6398724543861297e-07 1.579558696790683e-07 1.2072192089988687e-07 7.286069118161191e-08 1.2834855018771263e-07 2.110644234532889e-06 2.1036889686489723e-07 6.915606156106979e-05 5.612723137092849e-05 5.67704364825684e-05 7.135779341581182e-08 0.0 0.0 7.264881522933357e-05 1.2735278874415692e-07 1.283506462222586e-05 4.2420089182568206e-07 8.56184861352194e-08 1.1743106544355061e-07 0.0 9.674760481305705e-07 0.0 7.190848351429166e-08 4.6592014916478416e-05 0.0 3.4831693332344623e-07 0.0 1.1883170441537442e-07 1.933401733629642e-06 2.1551506085777192e-05 5.145939044799533e-07 5.280119242093818e-07 3.123444583476222e-06 1.054579285349996e-05 2.0793876671120134e-05 4.111942606941002e-06 8.662695596057004e-06 6.220176087505217e-07 5.888890836865236e-06 3.998893760120627e-07 3.707775616786524e-05 1.8313444356950564e-07 2.5785959799265006e-07 3.355874538840369e-07 0.0 0.0 5.359248413783388e-08 0.0001760874665390962 3.5900555542226146e-05 1.7274440573974253e-06 2.0602969176548867e-05 8.854096994995181e-06 4.2296217166756864e-05 1.9734294838384353e-05 5.988141809665322e-06 1.1539086776693332e-05 1.8539816247452983e-05 0.0 1.0711891645282847e-05 1.836649884148416e-07 1.3621643906586524e-07 0.0 3.0145961355464823e-06 1.3082698679234063e-07 2.064098784264376e-07 1.2418760447246774e-06 5.28932915678106e-07 4.230253217907704e-07 3.839348286384629e-07 6.055682916391609e-08 5.957689095375127e-08 1.4424308771903989e-06 0.0012130937111358119 0.00012022670088888672 2.958840316150172e-06 3.155110479525574e-05 2.516304788050775e-06 1.0568287399944592e-06 0.0 0.0 1.037130037544705e-06 6.18585058728924e-06 2.8316978270248674e-06 2.60737337977028e-07 2.3913982431489022e-06 2.0461336333016945e-05 1.9811279132837166e-05 2.742379106042858e-05 1.1640612872294122e-05 2.8428433142647627e-05 1.0209952319736678e-06 4.383722570021595e-06 1.1230279272700848e-06 3.972930991037673e-07 0.0 0.0 0.0 0.0 0.0 1.1559014609038157e-06 0.0 0.0 3.455280944813919e-07 0.0 4.977329609146252e-07 0.0 0.0 0.0 2.785942295966082e-06 1.5294323371294584e-06 0.0 1.4440622820432922e-05 2.783917233432172e-05 0.0 0.0 2.5888008777069844e-07 2.3744632161040502e-06 5.508341503346068e-06 4.884033483254278e-05 5.698511884700176e-05 1.0077528467507461e-05 3.1832515905577378e-06 0.0 0.0 2.0979629209579083e-07 1.5273616352272308e-06 0.0 0.0 0.0 4.3229353636683185e-06 9.502248561552881e-08 1.852613945766841e-07 0.0 1.286540036641771e-05 0.0 0.0 0.0 7.894156025718362e-08 1.1786039574129352e-06 2.7489662760435674e-07 0.0 0.0 0.0 8.29846213849794e-06 2.201101299133142e-06 0.0 1.880613237020866e-07 0.0 0.0 1.4360972279729668e-07 0.0 0.0 0.0 5.298800133064118e-06 0.0 0.0 0.0 1.4775001467273324e-07 1.2412658074430868e-05 0.0 0.0 7.837934283890629e-07 6.413118687746674e-07 1.7155998088225872e-06 4.193635074757263e-07 5.603017482872363e-07 1.184732330029998e-07 0.0 0.0 0.0 0.0 4.992284039215224e-07 0.0 0.0 5.613286369750666e-06 3.3515430957306855e-05 5.101176188856103e-05 0.00013230952057888983 2.854723203548799e-06 9.42130571712214e-05 3.3577371180873846e-05 7.605036181270125e-05 1.0911662717658712e-05 4.158653304365194e-07 1.630826694280732e-05 1.2706572551008613e-05 0.0 1.226461048821469e-05 1.814810786019299e-06 5.679700749132829e-07 4.802935435287587e-07 0.0 2.1563513773414427e-06 0.00012341246641075723 9.052575377369098e-07 3.074621163385271e-05 3.422756827622767e-07
1.374160095568646e-05 0.0002477271130908561 0.0008383247767365804 5.012199770871634e-06 0.0004826129758161664 5.109149896634883e-06 0.00023170001061317608 0.0003137313975852478 9.731766161131939e-05 0.00012614347724249495 0.0 0.00020555941639785125 0.00027464628862530614 0.0019384730484686699 9.385264539919798e-07 1.5635814805685134e-06 9.26983509174506e-08 0.0 0.0 0.0 0.0 0.0 0.0 0.0 0.0 0.0 0.0 7.275791993339197e-08 3.077768666535212e-07 6.683144945384995e-08 6.194277836894984e-05 1.0858201881082282e-05 0.0003477015254510541 0.0 5.6188756211655226e-08 2.706191575292663e-07 0.00016802508192308255 8.087016536591358e-07 2.0032451667418076e-06 2.037313622809859e-07 0.0 0.0 0.0 2.715197668556208e-07 0.0 0.0 7.570358190853007e-06 0.0 1.3753288567303806e-07 0.0 5.354577345007864e-08 0.0 1.2302001760446671e-06 2.3786054417690852e-07 0.0 5.47793194640524e-07 2.272214825915801e-06 1.5385474816229442e-06 1.461826279245028e-06 8.895428382872297e-07 0.0 8.269263124176917e-05 1.0301563088045952e-07 4.91953270866989e-06 1.343939052173053e-07 0.0 1.6592348892129695e-07 0.0 6.517702960404813e-08 0.0 0.0001123951224492837 1.850300940027903e-07 0.0 2.8313562134233195e-06 2.712824666994972e-06 5.528765425240053e-06 2.06824761382089e-06 8.425361695304912e-07 2.652876928375415e-06 0.0001756813543248452 5.85812116962535e-08 5.337459869748853e-05 7.049462709056112e-08 0.0 0.0 6.045450993901484e-07 0.0 0.0 1.833737500323378e-07 4.4513098314711266e-07 4.997215927862866e-08 0.0 0.0 3.8099438069187494e-08 7.547050945157177e-08 3.383026888263876e-06 6.738288406132524e-08 0.0 4.409996210285952e-06 1.3501076572827152e-06 2.842257459169326e-07 0.0 0.0 0.0 1.6120449842228117e-06 1.5898801634081733e-06 0.0 0.0 1.100687822931751e-06 1.6607116663157656e-06 7.315836521589995e-07 2.9703255760239174e-07 1.9520151595153193e-06 8.235923266850421e-07 1.7012659415047672e-06 0.0 0.0 0.0 0.0 1.6602448108308615e-07 0.0 0.0 6.444969556089058e-07 0.0 0.0 0.0 0.0 0.0 0.0 0.0 0.0 0.0 0.0 0.0 4.839684882751776e-07 1.8332663421566164e-06 0.0 0.0 0.0 6.165907086414193e-07 1.0689256381803599e-06 1.8497470930179032e-06 8.279342025896098e-06 1.5874781066582175e-06 0.0 0.0 0.0 0.0 3.448459308625743e-07 0.0 0.0 0.0 0.0 0.0 0.0 8.958198129660001e-07 1.901047378992881e-06 0.0 0.0 0.0 0.0 0.0 1.1296856264450355e-06 0.0 0.0 0.0 0.0 2.944220576715984e-07 0.0 0.0 0.0 0.0 0.0 0.0 0.0 0.0 4.363695239367447e-07 0.0 0.0 0.0 0.0 7.802495268947966e-07 0.0 0.0 0.0 0.0 0.0 0.0 3.94772414030883e-07 0.0 0.0 0.0 0.0 0.0 0.0 0.0 0.0 3.735816575405031e-07 1.4466446095603176e-06 2.158200157549331e-06 1.4022922555722041e-05 5.110710329475718e-07 1.548613228738384e-05 2.4477622877187267e-06 2.376150877797053e-06 1.7422671928215985e-06 7.881937376139334e-08 1.4293336538174893e-06 0.0 0.0 3.7395025717590065e-07 5.472416488401468e-07 0.0 0.0 0.0 4.524323925347125e-07 6.319698037407286e-07 5.101772063882345e-07 3.4213609844491476e-06 0.0
2.587443398018318e-05 6.365964444253952e-05 6.884286542310715e-05 6.151926524389834e-05 0.00011396852805962622 0.00019772857772462464 0.000647773033939507 0.00017695591120107013 0.00021594810858561867 0.0004280330818466196 0.00020555941639785125 0.0 0.0003767574808312343 0.0002806063542369051 1.3749872416784898e-05 1.9589430366537026e-05 1.93915965984224e-06 1.3312954523297196e-07 0.0 0.0 0.0 1.3489237787207933e-05 3.6883736582182613e-07 8.9519489918825e-07 9.718854268286583e-07 3.6940744699550636e-07 9.23522828315617e-07 1.1131495015185918e-06 1.3162379246855318e-05 1.3514801161056131e-06 1.9535690150542806e-05 2.4647946506126846e-05 5.78052820087639e-05 3.39628552022011e-07 2.5883674187684484e-07 1.6772561258753797e-06 6.634934578656741e-05 1.1720366629017207e-06 3.4476621570429157e-06 8.974411263378728e-07 0.0 5.572798394538055e-07 1.1583303973291922e-07 1.984160108910917e-06 8.617664549602402e-08 2.8126084761810683e-06 2.8880344475574985e-05 0.0 2.534800770059652e-07 2.773243167354423e-07 2.243878320431564e-07 9.74340407048902e-06 4.54928894408392e-05 5.667220211262927e-06 3.207956603547837e-07 1.343643699653178e-06 2.7999716252634334e-06 2.488033494786278e-06 8.535806317341744e-07 3.004754935244764e-06 1.7417999409098265e-06 1.0323786812091769e-05 3.7630098534853938e-06 1.1085761176411955e-05 1.3117698337179918e-07 0.0 1.203007705321462e-07 7.861315443859394e-08 0.0 0.0 0.00010865463264892768 8.48575206869465e-06 1.2331272615051283e-06 6.828132570622909e-06 7.151314256611876e-06 2.1557483361743955e-05 1.1889680771441551e-05 5.301253614113975e-06 6.058963271370424e-06 6.481719553716388e-05 1.4313804734181743e-07 7.805985691490881e-06 1.5554263562523256e-07 1.4294108120224752e-07 1.3072850855702972e-07 1.0207552390155278e-06 0.0 2.220985877439117e-07 1.8241752249988938e-06 1.5753640170827846e-06 1.3672611348695783e-07 2.9368213224091665e-06 3.8200412343422883e-07 0.0 3.6790487652359576e-06 0.0005429042454815141 1.608398531932339e-05 9.401771745022792e-06 2.12670659502764e-05 1.0337274864011511e-06 2.3550153841789287e-07 0.0 0.0 0.0 4.525492920497401e-06 3.859875965759529e-06 2.5229092403291274e-06 1.823580589531785e-06 3.276577618638275e-05 1.4319233249005157e-05 3.0385611559067118e-05 1.4832535923494301e-05 2.8790202729872217e-05 1.7528081252206386e-06 3.619459024250324e-06 1.6652479983010048e-06 5.600152670271452e-07 0.0 0.0 0.0 0.0 0.0 1.563344122398702e-06 0.0 0.0 4.916463968286854e-07 0.0 8.06467150108955e-07 0.0 0.0 0.0 1.362341622475368e-06 0.0 0.0 5.06751448802602e-06 2.0332773349735115e-05 0.0 0.0 0.0 8.105975525843839e-06 4.487152331613552e-06 3.842960263074137e-05 4.127168169782022e-05 4.328596455366764e-06 1.9909949625510007e-06 0.0 0.0 0.0 4.10699472585338e-07 0.0 0.0 0.0 1.359942543761394e-06 0.0 0.0 1.9757164776900343e-07 8.256984459437688e-06 5.443934474918881e-07 0.0 0.0 0.0 5.686562801523616e-07 9.451092623302489e-07 0.0 0.0 0.0 8.973413998413757e-06 1.5027131855828913e-06 1.51172793255489e-07 0.0 3.829105679706972e-07 0.0 1.137334373451396e-07 0.0 3.0652106368816187e-07 0.0 7.2016000862323525e-06 4.4108004202008143e-07 0.0 0.0 1.5103216710898076e-06 3.7133763781170718e-06 0.0 1.3247291053754084e-06 6.663078977614668e-08 4.77007522546419e-07 8.192515491729661e-07 1.264799544378078e-06 1.0303750687529419e-06 0.0 0.0 0.0 0.0 9.676401785227551e-08 5.404540086731147e-07 0.0 0.0 1.1615593811873202e-06 1.268662135365096e-05 2.109913649789416e-05 0.00012543261294693586 3.7224774542912274e-06 6.491721561192868e-05 2.31797029122574e-05 7.027916806304572e-05 7.810906330317531e-06 2.5454202239853454e-07 2.3446610199327863e-05 3.497301148546069e-06 0.0 4.4494172557633035e-06 1.4886716685765941e-06 8.16682122933248e-07 1.4743731702705333e-06 0.0 1.6029902223095432e-06 1.0920639934609075e-05 1.0499336198015343e-06 2.607542554936081e-05 0.0
