0.0 0.0016802866084894704 0.0003047815677374863 0.0010494946686982157 4.220662914565975e-05 3.1291230779407475e-05 0.00015053993925161167 6.204550977741911e-05 3.0890830383709897e-06 0.00039377916035180423 5.001686735514414e-05 1.4777974530562338e-05 1.8643008710296974e-05 1.3137276081905062e-05 5.272670781215505e-06 3.287153916966334e-07 0.0 0.0 0.0 0.0 5.744788415407077e-08 0.0 0.0 4.971344112081804e-08 5.679565289006334e-08 0.0 0.0 0.0 0.0 0.0 0.0003320825555295118 1.6369283477327828e-06 4.459653550754325e-06 0.0 0.0 2.1132128333240705e-07 8.324482091923556e-06 9.58179945667469e-08 7.614551778702521e-08 0.0 0.0 3.668264916175861e-08 8.246613311612914e-08 4.645992260336552e-08 0.0 2.015783985407863e-07 9.18989773289702e-06 6.168410237347335e-07 0.0 0.0 1.854007800095037e-07 3.5619295006050126e-07 0.0 0.0 6.78731032367475e-06 6.30413904653792e-06 5.609800430058206e-05 0.00027983214909139015 3.7734898516075204e-05 2.0827165506510744e-05 0.0 2.4384117065573617e-07 0.0 2.4718234741776376e-06 2.627748123885527e-06 1.0015828637400735e-06 9.10403080514972e-08 1.7860056258548738e-07 7.414874036211877e-08 0.0 1.797939541120221e-05 3.548022448767593e-06 1.5971618097167002e-07 5.5421767371144076e-05 2.753924118709476e-05 7.65253097451437e-06 3.1045603074819827e-07 1.928841617979948e-07 3.630676605303464e-06 2.0189669747507212e-05 2.0293350414914194e-07 4.749596575671388e-06 7.658372506822524e-06 1.7752482258351002e-07 7.229897580628003e-07 8.247892161548573e-07 3.0289539221579753e-07 8.328058240862124e-08 2.391250277740306e-07 2.816436514448777e-07 1.0378151235479701e-07 2.113506999953709e-07 6.222958718948539e-07 1.1867226496537847e-07 1.1275566714696925e-07 0.00011365350922341454 1.9313102844314577e-05 2.885224566667492e-07 2.1785996014990205e-06 0.00037537566075805954 0.0 0.0 0.0 0.0 2.1509063530732338e-07 0.0 1.2515170876999487e-06 0.0 7.662641311763733e-07 3.6677167444105613e-06 0.0 2.3270983679827296e-06 6.982999242303973e-06 1.861788255327355e-06 8.554623903357102e-07 0.0 2.990693796102516e-07 0.0 0.0 0.0 0.0 0.0 0.0 0.0 0.0 0.0 0.0 0.0 0.0 0.0 0.0 0.0 0.0 0.0 5.98278382700954e-08 0.0 0.0 2.56408240475451e-07 0.0 4.0633029293243193e-07 3.214532355230992e-07 3.4946154701316883e-07 2.9083190570804203e-07 5.189402337722253e-07 0.0 0.0 0.0 0.0 0.0 0.0 0.0 0.0 0.0 0.0 0.0 0.0 0.0 0.0 0.0 0.0 0.0 0.0 1.3007977175358623e-07 0.0 7.256289451308177e-07 0.0 7.857211885541706e-07 0.0 0.0 0.0 0.0 0.0 0.0 0.0 0.0 0.0 8.415344754326881e-07 0.0 0.0 4.011159984770127e-08 0.0 0.0 4.230784108247251e-07 7.613678251377803e-08 6.85835815697193e-08 2.049646887623903e-07 0.0 0.0 0.0 0.0 0.0 0.0 0.0 0.0 0.0 0.0 0.0 1.9235498888124033e-06 0.0 3.617527586834204e-07 0.00014728151907424341 7.88050814741903e-07 5.765891858600873e-05 1.0596136731442722e-05 0.00021871751381878513 3.1877027272325896e-06 0.0 5.524382255098717e-06 2.793288848616106e-06 0.0 2.1980843181036535e-07 5.13220743167893e-07 1.0998733551534029e-05 0.0 0.0 0.0 4.391484067853178e-07 2.456891629447617e-07 7.599295002199898e-05 3.564741413241575e-06
0.0016802866084894704 0.0 0.000784598181376887 0.0007502505814948173 0.0014235716890212485 0.00010170119541855904 0.0011699678735701184 0.00014201168962232744 0.0015670316286262882 0.0009259075857852749 0.0005025503018849157 8.304461566783095e-05 0.0006515828345486236 0.0019206160088182413 3.2826808612410314e-05 6.946376053064569e-06 3.408195513569871e-07 1.2463394435739217e-07 0.0 6.693877707546931e-08 0.0 0.0 0.0 0.0 1.5858930217371803e-06 0.0 0.0 0.0 8.338836440917089e-08 1.0280755904910759e-07 0.0011310007263625823 1.7860524811783605e-05 4.1616623070431535e-05 1.356991663596782e-07 2.8405450158465806e-07 1.786117660554241e-06 2.3243120486586333e-05 1.49533133695541e-06 3.927483890248447e-07 8.395240982699756e-07 3.911493186543229e-07 5.090819736695242e-08 2.0773051875413585e-07 8.598547163415298e-07 5.080571733615802e-08 1.5248005264966175e-07 6.096523721048209e-05 3.7351433064111877e-06 9.355759430719712e-08 1.4852960689239767e-07 1.0245868721460737e-06 2.2278419755839304e-07 5.998359012008133e-08 0.0 1.8553935714807697e-05 1.5681169898347054e-05 5.2518197889016216e-05 0.0006565636725086406 8.07893052547542e-05 7.933967560681978e-05 4.061853415285279e-07 2.439205915673005e-06 0.0 9.803732994340995e-05 9.772090210020446e-06 2.7109286733263176e-06 1.1960121604162613e-06 8.010279196226009e-07 4.341567987672916e-07 6.022471517690787e-07 1.3774171872977231e-05 2.4149131541416854e-07 0.0 0.00015853698252155647 0.00020855400446063418 5.5680865656812836e-05 1.718504133303222e-05 4.6231081950924986e-06 2.221553163545715e-05 0.00017849605904495905 8.285905875778901e-07 3.428692809998312e-05 3.124222196635947e-05 1.0200529724247742e-06 2.7976962018131275e-06 3.6580995941632353e-06 9.515334482896442e-07 2.465621155804486e-07 3.7188337689401197e-07 6.150923377099918e-08 5.975354210160502e-07 1.4120898445238028e-07 2.1784213663311352e-06 2.3370571986655786e-06 2.945405260293979e-07 1.2700344039368958e-05 7.36478221241875e-07 0.0 3.2060626995455555e-07 0.0005585723545270048 8.436206559322164e-08 0.0 4.604908149467241e-07 8.28166785933899e-08 1.0082921913133337e-06 6.687175869469407e-07 1.4541388026584397e-06 0.0 1.0883289248108815e-06 4.0372928375432366e-06 0.0 3.206374833549624e-06 9.41898217213151e-06 5.283766758350044e-06 3.63775763432561e-06 4.7595066912628983e-08 6.955092521003619e-07 0.0 0.0 0.0 0.0 0.0 0.0 0.0 0.0 4.5049587525447155e-08 0.0 6.305644494504042e-08 0.0 0.0 7.262800566781356e-08 2.906001762606958e-07 0.0 0.0 5.661796423290674e-07 9.314913760182544e-07 0.0 4.814569389776941e-07 0.0 4.365832352150841e-06 1.81303923508968e-06 2.1411090804534032e-06 9.002075150287139e-07 1.2228640270262676e-06 8.260169298899109e-08 0.0 0.0 0.0 0.0 0.0 0.0 0.0 7.133984206220725e-08 5.703493486355748e-08 0.0 5.7373263564354125e-08 2.3909092090705233e-07 1.2906468554407506e-07 0.0 2.337429352450346e-07 0.0 1.842919230887472e-07 2.3693118762710093e-07 0.0 0.0 1.4737195294076966e-06 2.154313595344549e-06 1.79587911707069e-07 0.0 0.0 0.0 0.0 0.0 0.0 5.482472534846735e-08 0.0 2.6267007957676293e-06 0.0 0.0 0.0 0.0 4.867200820006139e-07 1.1179281831639668e-07 3.774520246049707e-07 5.6741161247060975e-08 5.746632981807953e-08 4.240617927381682e-07 1.7787478595639905e-07 1.0820086357568395e-07 0.0 0.0 0.0 0.0 0.0 5.8156360789538055e-08 0.0 0.0 3.8859856362185105e-06 3.180333727099308e-06 2.9800934864020158e-06 0.0001930338690836 5.285192847322707e-06 0.00019172741627770777 3.44581738961849e-05 0.0003085183742273177 6.736955889241205e-06 9.524885962872225e-07 2.2681847149884972e-05 6.023776035833867e-06 1.470155089294644e-07 1.376098149543621e-06 4.3333186047309485e-07 1.1672995267362566e-05 0.0 0.0 1.308765354546569e-07 3.1903309507169943e-06 1.2042948382452236e-06 7.572510767219477e-05 4.7284579077477594e-06
0.0003047815677374863 0.000784598181376887 0.0 4.200413554186277e-05 0.0004337602483023862 6.134402669218069e-06 5.350790904183145e-05 0.00044704588415018327 0.00035897716093582507 7.637130924329039e-05 0.0006795327068159633 4.562376267535102e-05 0.00023569397423048354 0.00093381117912056 1.6268847574626692e-05 8.727252445855716e-06 1.8089390921094307e-07 9.412035946617306e-08 0.0 1.1969461227808455e-06 6.966437942838294e-06 1.4028657519112296e-07 5.612128682924541e-08 0.0 5.093296279352594e-06 1.1997943780100943e-07 1.775729629858195e-07 0.0 0.0 0.0 0.0014546153301003067 5.8469877999654736e-05 8.733949533664954e-05 6.804516097956377e-08 3.1426350129028526e-06 9.54513435962819e-06 4.5307303917583427e-05 3.192395174387927e-06 7.58969974093078e-07 1.4053692678762502e-06 1.529843919557701e-06 7.442111218839263e-07 1.2345370586844225e-06 4.992394934152699e-07 5.076763213802777e-08 4.1760913240845964e-07 1.640600292512582e-05 3.0357047385714883e-07 0.0 6.80189065893301e-07 4.281598894547061e-06 2.5072406173122335e-07 0.0 0.0 2.353628449520644e-06 2.3749676283004722e-06 1.0723814829542644e-05 0.0001814765639493834 1.3810268487635826e-05 9.655563351893666e-06 2.7131992659738794e-06 1.4468817649249383e-05 9.488547152010604e-07 5.952673934837022e-05 1.1766876448670034e-06 1.4087191821361276e-06 1.2301503164313662e-06 3.2045048362322786e-06 5.734937266617654e-06 6.875597493092871e-06 2.861681941164765e-05 4.2090640515324225e-07 0.0 2.2284692379072948e-05 3.6047321715586086e-05 2.0247165946324137e-05 1.5420861072876062e-05 5.30805441441818e-06 0.000350341960788325 0.0007045431051106205 1.355623596711594e-05 0.00041820052412567583 3.3841248489562293e-06 2.345992293142107e-07 7.258694135590819e-07 7.400431285214938e-07 2.224778260168375e-06 6.992815368431641e-08 5.823646947410206e-07 1.7936306369739116e-07 1.4703476397808685e-06 2.3839849478002606e-07 2.117899642594646e-05 5.000022010444568e-06 1.4441093742090795e-06 2.291815092539879e-05 1.6982622828114534e-06 0.0 4.6560548057046913e-07 8.222120163803142e-05 0.0 5.971396085816274e-08 1.3503506684029553e-07 0.0 1.4051667993696791e-06 0.0 2.390102749809376e-06 0.0 2.0306203798516035e-06 2.7514148925601055e-06 8.631783395052295e-07 3.2792587315577174e-06 9.953270158645849e-06 7.462263360744305e-06 7.651229340939448e-06 4.729308821986086e-07 8.553496326404675e-07 7.650192880005717e-08 5.284347194269757e-08 0.0 0.0 0.0 0.0 1.0422902084816971e-07 0.0 0.0 0.0 8.609182914744396e-07 0.0 0.0 5.0879433254112244e-08 1.1090038557644805e-07 0.0 4.8983289439763775e-08 2.3261958652079174e-06 7.677982691019127e-07 5.62089954981482e-08 8.376401897704473e-07 0.0 8.30840142899304e-06 4.610155972392938e-06 8.765828917829682e-06 3.306024075953591e-06 2.91014492940332e-06 0.0 0.0 0.0 2.590620172294734e-07 8.764817973088853e-07 1.6621464216318766e-07 0.0 0.0 1.4208367598584008e-07 0.0 0.0 0.0 0.0 5.350154056417539e-07 2.2683405339473311e-07 4.780819645684629e-07 3.584663605381428e-08 3.842092775356134e-08 1.878527074380385e-07 0.0 3.6548855252668987e-07 3.792079776651814e-07 2.7324187469069147e-06 5.616889740534652e-07 0.0 3.9391025081246934e-08 0.0 0.0 5.554429162836679e-08 0.0 3.0315692392390805e-07 1.75319770439e-07 5.566762400959504e-06 2.705266666455612e-07 0.0 1.3963646471501763e-07 1.5268385962552053e-07 1.449478775379703e-06 4.445317376764804e-07 1.3152612500296453e-06 4.3347985958269033e-07 5.239345558055389e-07 3.1531982051073946e-07 2.5648283881914074e-07 1.727019803412327e-07 4.7167338844881745e-08 0.0 0.0 0.0 0.0 6.938448303180172e-08 1.2172672974139617e-07 0.0 4.010287495593335e-06 5.594965991781768e-06 6.45883844069673e-06 7.39324902750101e-05 1.8654678037991643e-06 4.900277895780256e-05 1.2899151991867408e-05 2.780344776490052e-05 2.0362934949050973e-06 0.0 7.781927437304308e-06 7.459639349174334e-06 1.8625518687406056e-07 2.0477692339656173e-06 1.1650536290324396e-06 9.174060041072804e-06 0.0 0.0 2.524571532910767e-07 2.8621753951191217e-06 1.714101969362753e-06 2.125836380615459e-05 1.0109134784865373e-05
0.0010494946686982157 0.0007502505814948173 4.200413554186277e-05 0.0 1.2719262568634134e-05 0.00019212427971084325 0.0003209221283662093 7.762879684576275e-07 3.4291713516992736e-06 0.0010468953513749486 6.853668323724757e-07 2.5573101516986654e-05 0.0001432486332005917 3.180447717965978e-05 4.009803711245357e-06 0.0 1.6419976388769015e-07 0.0 0.0 1.1130726540927649e-07 6.379931393816501e-08 0.0 0.0 0.0 4.178297722113737e-08 0.0 0.0 0.0 0.0 0.0 4.8826970642365816e-05 6.573559885430056e-07 1.1406020716531127e-06 0.0 0.0 0.0 1.1554172619255036e-06 6.487408623797025e-08 3.7641923797335346e-08 0.0 0.0 0.0 0.0 7.59704563856508e-08 0.0 0.0 1.1963570279659113e-05 5.309801765681302e-07 0.0 4.20966906931191e-08 0.0 0.0 0.0 0.0 6.379937700565142e-06 4.568648226724838e-06 2.309437943120782e-05 0.0001262176832221868 2.0869657208781323e-05 2.331344678112256e-05 0.0 5.963799067614474e-08 0.0 7.445351141326582e-06 2.602399606699768e-06 7.459645240663805e-07 4.433381048547068e-08 8.676296434361519e-08 1.0722693622369262e-07 6.228688071958151e-08 7.169843244434562e-07 0.0 0.0 4.925369210705515e-05 4.270759075592825e-05 8.306523905103245e-06 2.4356853818018e-07 1.0694109331580212e-07 2.6192169950122976e-07 6.775816498594326e-07 2.7215154611501057e-07 2.2314336337109506e-07 9.169636770843504e-06 2.0374173196943165e-07 8.396420874892221e-07 8.290616101217443e-07 2.13880039890004e-07 0.0 1.2102928713529371e-07 7.491405188876002e-08 0.0 0.0 3.664433594185218e-07 0.0 0.0 1.584363399013576e-05 2.112157481805788e-07 0.0 0.0 0.000503336845386733 8.294067572297993e-07 4.809092084252619e-06 1.1595660970095312e-05 2.3574028873080872e-05 4.832106229431564e-07 1.781993695786804e-06 1.161250690006041e-05 2.258388180565994e-07 8.108048289709002e-06 5.852267039471956e-06 2.232010473189641e-07 1.2186883884459079e-06 4.0975509473434935e-06 1.1760608927191908e-06 1.2244299396936272e-06 0.0 4.008417272108049e-07 0.0 0.0 0.0 0.0 0.0 0.0 0.0 0.0 0.0 0.0 0.0 0.0 5.090818253626779e-08 0.0 0.0 0.0 0.0 2.0873517899235205e-06 8.018776177447879e-08 0.0 0.0 0.0 2.1490055783776096e-07 3.2113581437995996e-07 7.411296504311968e-08 1.1548192145677924e-07 2.057844140709396e-07 0.0 0.0 0.0 0.0 9.958826975178145e-08 0.0 0.0 0.0 0.0 0.0 0.0 0.0 0.0 0.0 9.318125456169337e-08 1.7682476977691263e-07 4.17410953677418e-08 2.4972965320375776e-07 1.736857419202023e-06 1.4334271954217504e-07 0.0 1.3426006716891967e-07 2.657685380956676e-07 1.1131925675933417e-06 0.0 0.0 0.0 3.5175907218401904e-08 0.0 0.0 0.0 3.935945426134049e-08 5.266049318033334e-07 0.0 0.0 0.0 0.0 2.1214506112553148e-07 0.0 0.0 5.955169537148723e-07 1.7509351203121384e-06 0.0 0.0 0.0 0.0 0.0 0.0 0.0 5.868617587493698e-08 0.0 0.0 0.0 1.0615395176291956e-06 2.5941573276557385e-07 4.2910658729894934e-07 0.00011752681618891151 4.467314989742486e-07 5.0761158225327016e-05 9.822597033446241e-06 0.000580951830197147 2.6610616530508118e-06 2.325129079231785e-07 4.486028681299224e-06 3.991858912825599e-06 0.0 1.3691725720500971e-06 1.6687392171006552e-07 8.973506109149558e-06 0.0 0.0 7.143939303278718e-08 1.017618497004378e-06 0.0 7.346655430375568e-05 9.479803017429372e-07
4.220662914565975e-05 0.0014235716890212485 0.0004337602483023862 1.2719262568634134e-05 0.0 4.269222054211426e-07 0.0011379171033739437 0.0002120061394108315 0.0016512226490861788 0.0004783894467985288 0.0004640374148658834 4.956675964710617e-05 0.0005934359125332736 0.0011263220710024159 2.7948792615744754e-05 4.3413125699145444e-06 3.4139847825453876e-07 1.0041113175012998e-07 0.0 0.0 1.3766303078771916e-07 0.0 0.0 0.0 6.78397734234905e-07 4.988618522771894e-08 0.0 0.0 0.0 4.23305965434348e-08 0.0001542298768293419 1.3410849716415562e-05 6.6674891218634035e-06 4.846496071961091e-08 3.352842986401443e-07 1.0433109303513677e-07 5.576121823569328e-06 1.4913039051142303e-07 4.233676017596709e-07 1.9434520298666363e-07 1.0696220479537311e-07 0.0 1.3881417369802737e-07 4.4676935800443826e-07 4.5262604356461275e-08 0.0 5.398955736337899e-05 1.9327911998498323e-06 0.0 8.479978212706725e-08 3.526559652523702e-07 5.878397682473053e-08 0.0 8.129774953493836e-08 7.65566350430661e-06 6.885283676469482e-06 8.081506584622012e-06 0.00012819554132067874 1.8172104404076365e-05 4.045429959988663e-05 1.7233265180188788e-07 7.028195227225077e-07 1.109985128013035e-07 7.605903896376842e-05 4.588674474655728e-06 1.5384009242679385e-06 1.335526805887727e-07 3.874572123003027e-07 1.5616434694055296e-07 2.300191134719328e-07 4.139804995308209e-06 0.0 0.0 4.824864022011926e-05 0.00010328855036761828 5.1367224515679293e-05 2.1787363541296936e-05 3.155938804396913e-06 1.3673212860513984e-05 1.9447361691659684e-05 5.75703081187887e-07 5.898532450231054e-06 1.4097115151092794e-05 2.5793673161781783e-07 1.409089140979569e-06 1.6179947579073622e-06 3.887798424169895e-07 0.0 8.322448905167881e-08 1.1654038000349135e-07 9.04756149035193e-08 0.0 7.631052324268607e-07 7.397126526682086e-08 1.0781331183259981e-07 2.7700242613734835e-06 6.557816038470508e-07 0.0 1.1883404178099541e-07 1.2456743830261747e-05 1.3672417058953581e-07 3.74496617679269e-07 3.3467615158620005e-07 0.0 3.108199535029954e-07 0.0 1.0317780078785853e-06 0.0 1.0614341826916096e-06 3.185448578106611e-06 3.543596179032327e-07 2.9980880121073397e-06 8.374559266707941e-06 3.972679126219976e-06 3.486163118147544e-06 2.114949728954531e-07 2.0917448611712426e-07 0.0 0.0 0.0 0.0 0.0 0.0 9.469417348519854e-08 0.0 0.0 0.0 2.2663940807430456e-07 0.0 0.0 8.964178190621559e-08 4.903038427880684e-08 0.0 5.367403477404032e-08 8.152385555743994e-07 2.69890938225876e-07 0.0 4.0835541921100887e-07 0.0 3.362216331316463e-06 1.0970573462817453e-06 2.8605824720673795e-06 9.279872040998675e-07 2.584441301233983e-07 0.0 0.0 0.0 8.44482170402382e-08 0.0 0.0 0.0 0.0 1.683442617379975e-07 0.0 0.0 0.0 0.0 0.0 4.774671807831466e-08 0.0 4.660283478813288e-08 0.0 0.0 0.0 2.2001724043461562e-07 6.408004767520043e-07 1.378548760748895e-06 7.003140305687598e-07 0.0 0.0 0.0 0.0 0.0 0.0 0.0 0.0 2.5421249310247796e-06 9.054356910049468e-08 0.0 0.0 0.0 8.105555296114729e-07 0.0 1.1933710638975975e-06 3.634712716802823e-08 4.359391133694324e-08 2.0765788547615968e-07 0.0 6.240399122076354e-08 0.0 0.0 5.497290613394954e-08 0.0 0.0 0.0 0.0 0.0 3.5947165997886654e-06 2.052679610616253e-06 2.0075562626807977e-06 0.00012284782901042472 4.618463840139745e-06 0.00012172612690372729 1.8312998618370484e-05 1.808865888220863e-05 4.688024378228791e-06 3.0638601259610353e-07 2.1111369049060593e-05 5.475650423624532e-06 0.0 9.474110481594357e-07 3.3067377989437466e-07 6.7590883094345025e-06 2.414309767737507e-07 0.0 4.582025589537678e-07 2.868536353618091e-06 6.192767041482559e-07 1.3571455237929433e-05 3.2381089467091936e-06
3.1291230779407475e-05 0.00010170119541855904 6.134402669218069e-06 0.00019212427971084325 4.269222054211426e-07 0.0 7.02435944119836e-06 4.638921138211739e-07 1.317781520960627e-07 0.00019787421995015443 6.040845067495529e-07 6.798319422658724e-05 1.887104382297881e-05 2.1562571825190295e-06 4.6004705861656285e-08 0.0 0.0 0.0 0.0 0.0 0.0 6.922317709042184e-07 0.0 6.247535647520386e-08 0.0 0.0 0.0 0.0 0.0 0.0 1.9026767160973527e-06 0.0 6.5496157450946676e-06 0.0 0.0 0.0 3.483153394210151e-05 8.352366474505185e-08 2.202188984442715e-06 0.0 0.0 0.0 0.0 0.0 0.0 0.0 8.205740834613274e-07 0.0 0.0 0.0 5.8980364750603096e-08 1.9735300968730065e-06 9.149196691196366e-07 0.0 0.0 4.1814816847202737e-07 2.282648124758364e-05 5.347981828285787e-06 2.106218523022628e-06 1.1449697787224464e-06 0.0 5.524141197150738e-07 0.0 4.989780581066092e-07 5.805003961142444e-08 0.0 0.0 0.0 0.0 0.0 7.526676203050335e-05 6.673254230170589e-05 1.788955471273839e-06 1.2063146440156898e-06 1.2647434556048968e-06 5.783089103384997e-07 0.0 8.247346688967876e-08 0.0 8.357924644337452e-07 0.0 9.1678728981977e-07 0.0 3.652402942813233e-07 0.0 1.2396212917433063e-07 0.0 1.6853605289316894e-06 8.035979697465441e-07 3.3000457973178052e-06 5.996279787099696e-07 1.7719515722714008e-06 0.0 0.0 7.814095229343833e-07 0.0001172744371822054 0.00010558121547491546 6.468040142683185e-06 1.3794421522926046e-05 0.0001252230095257877 0.0 0.0 0.0 0.0 2.257851680549498e-07 0.0 2.063526554602152e-06 0.0 1.3229106909939401e-06 1.314777751172346e-06 0.0 9.229535696292705e-07 4.397121059066584e-06 8.987058748408698e-07 7.250686566961749e-07 0.0 1.7639453903113408e-07 0.0 0.0 0.0 0.0 0.0 0.0 0.0 0.0 0.0 1.3897724078320712e-07 0.0 0.0 1.9664240188245202e-07 0.0 1.1963467258308332e-07 1.883642288739461e-07 2.6871157252271654e-07 4.359783145765811e-07 0.0 0.0 6.912188351439784e-08 0.0 6.406840558776578e-07 2.0819524196469304e-07 8.242584556133131e-08 3.9835212613563835e-07 3.382816356189666e-07 0.0 0.0 0.0 1.2535943178813026e-07 0.0 1.450153723544893e-07 0.0 1.1394846574273247e-07 0.0 0.0 0.0 0.0 1.0699183576172993e-06 0.0 0.0 0.0 0.0 0.0 7.320017348084507e-08 0.0 0.0 2.6229591104348906e-07 1.2223509594914873e-06 0.0 0.0 0.0 0.0 6.176111070341545e-08 0.0 0.0 0.0 0.0 9.903077838425996e-07 2.5518568781864855e-06 0.0 0.0 0.0 8.343478445206329e-08 0.0 0.0 0.0 4.849039386068317e-07 0.0 0.0 0.0 0.0 0.0 0.0 0.0 0.0 0.0 0.0 0.0 1.7623733451558863e-06 5.952093282389312e-07 1.1275373470876195e-06 4.8128774563330735e-05 7.680859769683954e-08 2.3555967928154434e-06 4.040511837642212e-07 6.656336556027055e-05 9.636817959748533e-07 0.0 2.5692912378103146e-07 4.737802770332947e-06 0.0 1.0900518351057361e-07 0.0 8.721408040102417e-06 0.0 0.0 0.0 0.0 0.0 2.522580090083122e-05 4.056046082535883e-06
0.00015053993925161167 0.0011699678735701184 5.350790904183145e-05 0.0003209221283662093 0.0011379171033739437 7.02435944119836e-06 0.0 9.253455551382012e-06 0.00121709191753105 0.0015200552754116498 8.272962030933089e-05 0.00017448646354540286 0.0014390535582361388 0.0007622449108294442 2.4473094332701282e-05 3.372307158800192e-06 9.394142725611023e-08 4.984244953874462e-08 0.0 4.2884070278489985e-08 1.8485706486493517e-07 0.0 0.0 4.354989757263209e-08 5.822186792354944e-08 0.0 0.0 0.0 0.0 4.8180074390879046e-08 0.00013191617417401767 8.125063222740803e-06 2.1205727644937e-06 0.0 1.1651315828185266e-07 1.3311245766922458e-07 3.6691612234321693e-06 3.906461283555063e-07 2.583026972994228e-07 1.6419373521438797e-07 0.0 1.5842518841297055e-07 4.294235857675766e-08 4.091493650819998e-07 3.289168146399379e-07 9.176519113183662e-08 4.757730762012025e-05 1.539181796890428e-06 1.1449951466085063e-07 1.772788668019323e-07 1.4354999689823725e-07 0.0 9.74450430238234e-08 0.0 9.134853583861778e-06 7.417334064901894e-06 1.194463594459179e-05 0.000184850098017354 2.79456627999678e-05 4.5203955587280644e-05 4.614911594557129e-08 2.3609898600510653e-07 1.0405390753939912e-07 6.314158163212255e-05 5.6070251885139975e-06 1.6835538994220975e-06 1.2790525598872976e-07 8.874047670918701e-08 4.4185184037915313e-07 5.349437956810171e-08 3.168812376268208e-06 8.538791887977432e-08 0.0 6.639232431072504e-05 0.00012259580678920646 4.179055026924513e-05 1.4487087851428284e-05 1.9344982190661057e-06 4.488470027034275e-06 1.933701992977353e-06 5.367548447346291e-07 3.9661706802700305e-06 1.8921920156619835e-05 3.085271667358845e-07 2.0384903827577185e-06 1.7802202981337974e-06 5.144212796733621e-07 5.640729287466685e-08 2.8458468002183043e-07 4.551781448524819e-08 4.646923627331326e-08 0.0 6.952008925055316e-07 1.651376267223321e-07 3.976991570450706e-08 2.7743366240354485e-06 5.78465470460798e-07 0.0 1.2999732797772718e-07 4.2391976616773354e-05 4.964901362357099e-06 2.82764205326602e-06 5.010438719977019e-05 3.7477859912180234e-05 2.014731203305693e-06 2.515216326293817e-05 3.1609427367138668e-06 7.827607970353648e-06 3.6179220737761884e-05 1.8668103007302146e-05 5.280947408125138e-07 2.9249721306764257e-05 1.1519555943784999e-05 5.418142312060175e-06 3.951848183879409e-06 2.9281207647383383e-07 6.172421566772677e-08 0.0 0.0 0.0 0.0 0.0 0.0 0.0 0.0 0.0 0.0 2.1319319010039865e-07 0.0 0.0 0.0 1.0910280649215162e-07 0.0 0.0 1.2714166052060706e-05 1.4191809880728664e-07 0.0 1.3229310312779108e-07 0.0 2.9307309578179036e-06 1.5235474893675578e-06 4.146543702467722e-06 1.0136381785405977e-06 7.697903451997913e-07 0.0 4.760852575893085e-08 0.0 0.0 4.375513941722885e-08 2.395999582032845e-07 0.0 1.0271458919483228e-07 1.5259513134704943e-07 0.0 0.0 0.0 0.0 0.0 2.3422436151415647e-07 9.140251341301419e-07 0.0 5.328235083145107e-07 4.224053116751417e-06 6.052392757622536e-08 0.0 1.6251609558436678e-07 1.0441787775238707e-06 1.8597193229140516e-06 1.0140680088578912e-07 8.793561545430834e-08 1.0575383027307711e-07 4.378841576586777e-08 0.0 0.0 0.0 0.0 3.0184816494655583e-06 0.0 5.6605790465428044e-08 0.0 5.596199786097522e-08 1.2097698375980853e-06 1.5026432611988914e-07 1.183999817524453e-06 2.4858252347671046e-06 3.844965593906802e-06 8.455767453738396e-07 6.112879445349653e-07 1.0681419085509303e-07 4.625547420039647e-08 0.0 0.0 0.0 4.925885097553443e-08 0.0 0.0 0.0 3.769420544586754e-06 2.2982289980660464e-06 1.5765155168151216e-06 0.0001387066007730543 3.823669019976245e-06 0.00014399654231661145 2.389971738878257e-05 3.900648561334872e-05 6.985782112752356e-06 1.751512308311917e-07 2.22378595463199e-05 5.355284475936031e-06 1.679098598621667e-07 6.923690148013202e-06 1.937282706059116e-06 1.6208025494674332e-05 4.240857331708324e-07 6.058511156566705e-08 5.095319848409285e-07 1.421272448296123e-06 6.157175919586568e-07 2.1637476997206632e-05 5.455377166933453e-06
6.204550977741911e-05 0.00014201168962232744 0.00044704588415018327 7.762879684576275e-07 0.0002120061394108315 4.638921138211739e-07 9.253455551382012e-06 0.0 8.664021525321348e-05 9.315633040971761e-06 0.0010228933516632285 1.8729462236113453e-05 9.855975611477382e-05 0.0005826197776670254 8.400389610591308e-06 4.73051574680896e-06 1.1608812569103698e-07 0.0 0.0 4.633942699841664e-07 2.6982484676289016e-06 7.230088525692616e-08 0.0 0.0 4.433545201979897e-06 0.0 0.0 0.0 0.0 0.0 0.0002936348639109154 0.00021169316577126024 0.0001076096060427946 1.6496986201779574e-07 1.6230677270612696e-06 5.681778991147654e-06 3.0381421771626738e-05 3.980613913264226e-06 8.490419904527435e-07 1.6887854530867553e-06 7.453163601176331e-07 5.300554388893859e-07 8.37564145435006e-07 1.3060928280995026e-07 0.0 0.0 1.08658650289656e-05 1.1226497540762471e-07 7.071832514606891e-08 1.5027048456168183e-07 2.339874702470247e-06 1.2401257574810011e-07 2.8304282272494066e-07 0.0 8.264948709481447e-07 6.130231420520359e-07 1.717425918801514e-06 3.4417631654039925e-05 3.287129312860533e-06 5.058902342227344e-06 1.7076418714447024e-06 6.048025595580862e-06 8.516962788653859e-07 2.7390628858351166e-05 3.908311151925694e-07 2.915455804984722e-07 4.5351105725457513e-07 6.194212662466884e-07 1.181462528382858e-06 3.662042832207769e-06 1.148197210807169e-05 6.922336618165086e-07 0.0 6.662947195034047e-06 1.9309075164059433e-05 1.142505725355391e-05 1.1150884481630377e-05 1.604489026620638e-05 0.0008850334296443998 0.0012020329583653448 4.452125528605098e-06 0.0002951864443826169 1.2832996082141512e-06 4.432387021909731e-08 8.096228686394647e-08 4.2485988749318436e-08 2.869413981627108e-07 0.0 0.0 1.1232697137704991e-07 1.058032409235252e-06 6.789308862243459e-07 8.819052711556706e-06 4.831509609527249e-06 1.4940510113666305e-06 7.710355124260525e-06 1.108133872973391e-06 1.1651200890379384e-07 4.985063051515371e-07 1.1339651029901632e-05 8.764842666178764e-08 6.896036252809078e-08 1.677614529087439e-07 0.0 7.398884704344991e-08 0.0 6.393099632853043e-07 0.0 3.571954450187614e-07 1.734916864902549e-06 0.0 1.8169848645821108e-06 4.35640852358534e-06 2.0780007874348958e-06 1.6458914870339456e-06 3.8372662402733846e-07 5.712111967961449e-08 0.0 0.0 0.0 0.0 0.0 0.0 0.0 0.0 2.6588264167554085e-07 0.0 1.1314947558513177e-06 0.0 0.0 6.080977419178701e-08 7.659006014347185e-08 0.0 0.0 3.1117570084289014e-07 1.4418786093650924e-07 0.0 1.4132903884446142e-07 0.0 4.197157228961758e-06 1.7334956589327967e-06 3.276698577208094e-06 1.3407917360081447e-06 1.5412313863833026e-06 3.691058121230528e-07 5.3438912807584914e-08 0.0 1.256378037386383e-07 0.0 1.4036147014850524e-07 0.0 0.0 0.0 0.0 0.0 2.8646090251904943e-07 4.0242788376268496e-08 5.219264736912732e-07 0.0 0.0 0.0 0.0 1.7013096993046e-07 0.0 0.0 5.734049442512957e-07 5.326693062710687e-07 6.549005647805696e-08 0.0 0.0 0.0 0.0 0.0 0.0 0.0 8.198096209913813e-08 2.3991834074555486e-06 0.0 0.0 1.425983526499027e-07 4.1759555862435186e-07 1.53043789218481e-07 0.0 2.4837123293738724e-07 1.8742943228335146e-07 2.146429414303928e-07 6.617515253920481e-08 4.624458847787794e-08 7.351690499714903e-08 0.0 0.0 0.0 0.0 0.0 0.0 6.712674858781424e-08 0.0 2.0791307224661828e-06 1.7340754867944399e-06 3.194449328023996e-06 5.284304526760839e-05 7.71897863346831e-07 3.156778436191907e-05 9.32969896651828e-06 3.3875450272922134e-06 2.084646847307524e-06 0.0 6.160933499705559e-06 3.035544767391725e-06 5.858084464502244e-07 9.856318135778857e-07 3.5034866295267757e-07 3.3743688241780262e-06 1.2857589584003435e-07 0.0 7.403278294666677e-08 1.9926854758793997e-06 2.7630212083834516e-07 9.7063967877794e-06 5.061802512268141e-06
3.0890830383709897e-06 0.0015670316286262882 0.00035897716093582507 3.4291713516992736e-06 0.0016512226490861788 1.317781520960627e-07 0.00121709191753105 8.664021525321348e-05 0.0 0.00013105025189831884 0.00046094041738816745 3.220681243467394e-05 0.000674648176036938 0.0008407311283276798 6.847592370199997e-06 1.5258606757413775e-06 4.942485082859979e-08 0.0 0.0 0.0 0.0 0.0 0.0 0.0 2.943957748397364e-07 0.0 0.0 0.0 0.0 0.0 1.3054596861512168e-05 2.1950407798345366e-06 2.5793871485112007e-06 0.0 5.3347166484791586e-08 1.7846674161039827e-07 2.222147211438549e-06 1.0461915683805064e-07 1.565434489010691e-07 5.0095791001268124e-08 6.241830283143163e-08 0.0 0.0 1.337217726395834e-07 0.0 0.0 1.1260426409863745e-05 1.9994249616498553e-07 6.854597095349723e-08 5.282493358690984e-08 4.467552058236299e-08 0.0 0.0 0.0 8.050560447982866e-07 5.070673512233366e-07 6.599103107258985e-07 1.2736107260237069e-05 2.0606630200600632e-06 7.505330107980729e-06 0.0 3.539316488368602e-07 6.998204839226241e-08 1.297337185277767e-05 5.280886787701711e-07 1.5664701898718384e-07 1.6512730456582953e-07 4.517069860380819e-08 1.4705869588310744e-07 1.467389611531659e-07 2.0381106282470787e-06 0.0 0.0 6.8897505971113195e-06 1.5099097145632973e-05 1.072715763248924e-05 5.424433981600552e-06 9.460985548156933e-07 1.0275012373766643e-05 2.389300658555619e-05 0.0 3.0577555010152136e-06 2.4555201730094565e-06 4.1218743824382996e-08 8.137704549798465e-08 1.3593038044073353e-07 1.9228751223231002e-07 0.0 4.869670499764176e-08 0.0 0.0 0.0 3.026533257812641e-07 2.9088600063023055e-07 5.637431684739172e-08 1.0173375815914563e-06 4.165682148539939e-07 0.0 0.0 9.64449243120081e-07 0.0 2.505841712984494e-07 7.770182017074471e-08 5.598203040823942e-08 2.2926869566033145e-07 0.0 2.948472505412477e-07 0.0 7.118506903740692e-08 1.1553610462154133e-06 1.9136763531045337e-07 7.534604303680421e-07 2.5947135561904638e-06 1.9765796860614523e-06 6.652113239020215e-07 0.0 6.377916645309498e-08 0.0 0.0 0.0 0.0 0.0 0.0 0.0 0.0 0.0 0.0 0.0 0.0 0.0 0.0 0.0 0.0 0.0 6.335098234179534e-08 0.0 0.0 0.0 0.0 4.1674708403364704e-07 1.3556117796220808e-07 8.340070057264625e-07 7.962427732729823e-08 1.4930019814276724e-07 0.0 0.0 0.0 0.0 1.3347098576248746e-07 0.0 0.0 0.0 0.0 0.0 0.0 0.0 0.0 0.0 0.0 1.1417441122307291e-07 0.0 0.0 1.5232221338081417e-07 0.0 0.0 3.504681574864139e-07 5.782607106134517e-07 0.0 0.0 0.0 0.0 0.0 0.0 0.0 0.0 0.0 1.034411040212481e-06 0.0 0.0 0.0 0.0 0.0 0.0 0.0 0.0 0.0 0.0 0.0 0.0 0.0 0.0 0.0 0.0 0.0 0.0 0.0 0.0 1.6869482797821672e-06 4.1370508074038987e-07 4.1646757012042246e-07 3.1488438278574065e-05 5.083257162758497e-07 2.7363046873429148e-05 4.3809800649109955e-06 3.266706006717711e-06 1.3932116176441065e-06 0.0 5.266133411722858e-06 8.121279121650023e-07 0.0 3.7824964107040756e-07 7.120694429723641e-08 1.6948967184716197e-06 0.0 0.0 6.165344364067164e-08 5.020612981184808e-07 0.0 1.7764974848472505e-06 1.507038731309853e-06
0.00039377916035180423 0.0009259075857852749 7.637130924329039e-05 0.0010468953513749486 0.0004783894467985288 0.00019787421995015443 0.0015200552754116498 9.315633040971761e-06 0.00013105025189831884 0.0 6.314689182549244e-05 0.0023449414316210116 0.002151704453801308 0.00026074378110604505 3.344165262513686e-05 8.858775128286015e-06 1.9495752487833133e-07 0.0 1.0802994364299254e-07 1.9639691326744018e-07 1.1844349794728713e-07 0.0 0.0 0.0 1.8726941290386324e-07 0.0 6.127313668702932e-08 4.246700547299183e-08 0.0 0.0 6.82328010891376e-05 2.7187353492090614e-06 1.0285209500182453e-05 9.485140840364747e-08 0.0 1.5522390727445656e-07 2.391258119094037e-05 2.2359985925935366e-07 2.8625882331795006e-07 1.266060509384163e-07 0.0 0.0 1.1486982944072338e-07 7.005558411739836e-07 1.4223228686117658e-07 0.0 5.70022078026929e-05 9.626518308809866e-07 1.1711124642394652e-07 2.4017881094741296e-07 3.3451896486747615e-07 0.0 0.0 6.773322718973765e-08 9.297112849065063e-06 6.879673072751705e-06 2.0871490400047086e-05 0.00014042399191019266 2.5608885396998458e-05 4.3472164919468e-05 2.561801371304969e-07 6.169889746446037e-07 0.0 3.653845394109485e-05 4.76493153324034e-06 1.4332112495305214e-06 1.5505604617047016e-07 1.6262087807895003e-07 1.6851140355377945e-07 7.478552176041273e-08 4.958892049772191e-05 0.0 0.0 6.164862896642894e-05 8.940612579411493e-05 4.8459739858869866e-05 2.014673805590038e-05 4.497508254091721e-06 1.7446552782427537e-06 2.6627170169925187e-06 4.7449310202549557e-07 4.300017270096101e-06 1.622008375336575e-05 5.196951823579814e-08 1.5380695511582335e-06 1.5530827273627657e-06 3.319296348535141e-07 1.0905343514301784e-07 4.544480673248509e-08 6.593760946348353e-08 1.1293223386283365e-07 0.0 3.4876505357088276e-07 5.0353058887547505e-08 9.854516467133277e-08 0.0001368197932306169 1.8236986146655278e-05 0.0 1.1232811185669795e-06 0.00018904776897752366 1.0389691584417811e-06 4.781974759510747e-06 4.336573661931931e-06 1.0567540857888979e-06 1.0334160621867255e-05 8.846797251905289e-07 3.3467019224634854e-05 5.138697635886783e-07 3.013879574199316e-05 5.7497066723419875e-05 4.141404495768586e-06 4.980974177260072e-05 0.00014418896344960464 6.981670157502568e-05 4.538836984497924e-05 1.2874521813722392e-06 1.2517993489975007e-06 0.0 0.0 0.0 0.0 0.0 0.0 0.0 0.0 0.0 0.0 2.483733819035902e-06 0.0 4.7627327359370737e-08 9.951409408260374e-08 0.0 0.0 0.0 1.3325693953365317e-05 4.8918752974061415e-06 0.0 1.970898555022916e-06 9.37866542313099e-08 3.487925628594964e-05 9.900964947863448e-06 2.2758033848775543e-05 5.514230781237868e-06 6.155260707219453e-06 0.0 1.798409491405576e-07 1.2196478447573712e-07 6.723517275700841e-07 8.114846979572503e-07 1.2989018443815082e-06 0.0 1.7498012922261359e-07 1.553915040214895e-06 0.0 0.0 0.0 3.1599748639888757e-07 0.0 4.875439376548326e-07 1.199553579599097e-06 5.568734099696702e-08 6.361477572931194e-07 2.002627280936294e-06 4.2909292082306265e-07 3.993735265091308e-07 3.2271930956548313e-06 1.4076695200392371e-05 4.015823615905229e-06 0.0 0.0 0.0 0.0 4.4967151164930424e-08 0.0 0.0 0.0 3.510278685254273e-05 2.7103980091842235e-07 0.0 0.0 1.8959851260229107e-07 1.248480569906169e-05 2.7530115937287577e-06 7.582146473248642e-06 1.3040501200442965e-06 3.5093698360587397e-06 1.2055286807607008e-06 1.124614319254137e-06 6.219825588513569e-07 0.0 4.167201403873452e-08 0.0 0.0 7.036196604043313e-08 1.7516411498846414e-07 7.451087972708916e-08 0.0 6.270779127361878e-05 1.3131393616907333e-05 1.2426524393461816e-05 0.0005551101390826033 6.78377073978914e-06 0.00020759577583324442 3.8109794779920876e-05 0.00037277279828940013 1.1478061390010875e-05 2.71191051655623e-07 5.899154966735335e-05 5.897370210260969e-05 5.0680157052407955e-08 1.3597275226287255e-05 4.151016399661224e-06 0.000180725146605253 9.781488841252758e-07 0.0 2.7684426059343886e-06 6.568990966754675e-06 1.798503747821743e-06 0.00025224473806678455 7.517458286676372e-05
5.001686735514414e-05 0.0005025503018849157 0.0006795327068159633 6.853668323724757e-07 0.0004640374148658834 6.040845067495529e-07 8.272962030933089e-05 0.0010228933516632285 0.00046094041738816745 6.314689182549244e-05 0.0 9.066002209068901e-05 0.0006602314194223715 0.0013945939699897584 1.3779957997847607e-05 8.156340847427461e-06 2.3876225439729225e-07 0.0 0.0 0.0 6.944279580069905e-07 2.5440597940490265e-07 0.0 0.0 1.841878090872737e-06 0.0 5.6735080666362637e-08 0.0 4.925383449645828e-08 0.0 9.273909894810861e-05 7.4923832132046224e-06 0.00015865999098950935 0.0 2.432687247673679e-07 2.0879299827021828e-06 7.302456637330668e-05 1.1346602134711073e-06 1.7914437412950603e-07 1.0090070006511381e-06 8.046967306787385e-07 0.0 0.0 6.356128144985097e-07 0.0 0.0 1.6479007096278595e-05 1.7198767524670576e-07 3.673215027938292e-08 0.0 1.9303435844428535e-06 2.29704621389008e-07 1.7357891130807164e-07 0.0 1.4352434685840228e-06 1.0562653479922529e-06 1.153250224533372e-06 3.1844623576001296e-05 5.285483947708301e-06 8.369367214571797e-06 2.300729266111133e-07 4.56308694615647e-06 0.0 1.8100613670921065e-05 7.670625670371356e-07 3.9459053060878355e-07 5.579513560359863e-07 1.371231938671814e-07 1.5186820163223106e-07 1.1939559453150283e-07 2.069188080587909e-05 3.1691116780224004e-07 0.0 1.0000050305391753e-05 2.2203234995756318e-05 2.0051405250888973e-05 1.3817191417852143e-05 4.461967400801282e-06 5.963291387325883e-05 0.00015734310253159278 9.707425774048077e-07 1.9829935103896208e-05 2.9383319061511295e-06 5.959944201911981e-08 2.661191614340226e-07 3.710595731471894e-07 8.874143699601681e-08 0.0 0.0 7.038444935833248e-08 7.011364476465696e-07 5.31848438999803e-07 2.694937165056459e-06 1.726213381227891e-06 3.970654011064412e-07 7.782525677460921e-06 5.995441482650974e-07 0.0 4.769975671543327e-08 1.1702711065235475e-05 0.0 0.0 0.0 0.0 2.7389729566419577e-07 0.0 4.4003441042347927e-07 5.726905205112913e-08 1.029470787147658e-07 1.6534520588282655e-06 1.837493981066202e-07 1.4360758148051923e-06 2.5180400882766317e-06 1.4678354478653391e-06 1.937660925593897e-06 1.0603436379587004e-07 3.179602904329774e-07 0.0 0.0 0.0 0.0 0.0 0.0 0.0 0.0 1.9915347778896304e-07 0.0 2.7813187880061787e-07 0.0 0.0 0.0 0.0 0.0 0.0 4.369706171468292e-07 7.212026234881543e-08 0.0 2.0172958253990612e-07 0.0 2.8899726511362197e-06 1.2434044473779425e-06 1.7553586982781451e-06 1.191084524556387e-06 5.469129886958941e-07 0.0 0.0 0.0 0.0 1.1842505599094953e-07 0.0 0.0 4.899544689348935e-08 1.8309306986598374e-07 0.0 0.0 9.826423813539717e-08 6.348515554564439e-08 0.0 0.0 0.0 0.0 0.0 1.0491870700621059e-07 0.0 6.023731347273403e-08 2.7832150393429907e-07 9.911986927297026e-07 3.362331324737414e-07 0.0 8.595703157177199e-08 0.0 0.0 0.0 0.0 0.0 1.1160012323099704e-07 1.8162283439437839e-06 0.0 0.0 0.0 7.439911568771628e-08 2.5313463008799577e-07 1.0480049903436592e-07 5.294881021718728e-07 0.0 1.3397815068478498e-07 2.846516850549895e-07 1.554186193329659e-07 0.0 0.0 0.0 0.0 0.0 0.0 0.0 0.0 0.0 1.8207971810504006e-06 1.4424521304780963e-06 1.9966731689011126e-06 5.5845731978405885e-05 1.1434726878471128e-06 4.153944035017654e-05 7.383299189774554e-06 4.89664548701031e-06 1.943585494905295e-06 0.0 8.957895586337164e-06 8.626491955083098e-07 7.241872246165506e-08 1.124783967455621e-06 0.0 1.922777795955215e-06 1.2658621119005232e-07 0.0 6.881951551615819e-08 1.1773269066973022e-06 1.0134651044509641e-06 6.266296255947951e-06 3.0341039812105904e-06
