0.0 0.0002896237093912218 8.959076079190394e-05 0.0005065256098987027 0.0001448638734233621 9.377588998934957e-05 0.0001484731847583983 9.567632650661712e-06 7.510846755794492e-05 0.0006391381603596939 4.130402945949599e-05 6.25724924440433e-05 9.045746612349965e-05 7.731416263213291e-05 4.700444001112712e-07 1.8773928026097487e-07 6.980776375981287e-08 1.990927100382229e-07 3.7035250329797784e-08 4.0202601668932764e-08 3.333279126787653e-08 0.0 0.0 0.0 0.0 0.0 0.0 0.0 0.0 0.0 0.00020681269839016516 2.450169824160158e-06 1.3591066119284805e-05 0.0 0.0 1.1791825841581925e-07 6.873248279577368e-07 0.0 8.477379120125413e-08 3.323057727903942e-08 0.0 0.0 0.0 3.21558579838872e-07 0.0 3.906083530633667e-08 1.1835596495473053e-06 0.0 5.8716865444264435e-08 1.8787673915994252e-07 0.0 0.0 0.0 7.028349505740475e-08 2.7969811758873475e-07 5.748899464138182e-07 0.0001696601866733399 0.00036273188912123246 1.7161289221721195e-05 1.3640881886425055e-06 1.9805582915366265e-07 2.84607331627966e-06 0.0 1.0160499278485452e-05 5.873206574912285e-08 8.654052855909381e-08 1.0305854312138247e-07 3.3341872456422937e-08 3.38007086939033e-08 1.5100940833016566e-07 2.8640183447607154e-07 2.609138178104667e-07 0.0 6.518219625421256e-05 1.3776590864356352e-05 1.2025233586662966e-05 3.427510623410884e-06 1.3465690180364783e-06 2.156432309061358e-06 2.9858197325220807e-05 3.3522506370300506e-07 4.44865291397437e-06 4.672188569101491e-07 0.0 1.3235206521753812e-07 1.6210353867896223e-07 3.507324867091782e-08 0.0 0.0 0.0 0.0 0.0 0.0 0.0 0.0 3.687826612556366e-06 4.083655936636795e-07 0.0 1.7632814444230513e-07 0.0006391431122845647 5.095809742141166e-07 5.943566363951749e-07 1.1006397668651272e-06 1.0535358668424497e-06 2.9862388293734975e-06 8.533562956375343e-07 4.986707510564897e-06 1.0296934200330056e-06 7.458189335717094e-06 2.9454465728591635e-06 4.4520840303470594e-07 3.185072037512508e-06 6.815816443556464e-06 3.069115019615489e-06 1.3116469044144962e-06 0.0 0.0 0.0 0.0 0.0 0.0 0.0 0.0 0.0 0.0 0.0 0.0 0.0 0.0 0.0 0.0 0.0 0.0 0.0 1.8671564058919398e-07 0.0 0.0 0.0 0.0 7.62143656798033e-07 0.0 3.2633749681986337e-06 1.3075347232723077e-07 0.0 0.0 0.0 0.0 0.0 0.0 0.0 0.0 0.0 0.0 0.0 0.0 0.0 0.0 0.0 1.0755366021213968e-07 0.0 0.0 1.5011671099843678e-07 1.1680031986214654e-07 1.413578109089685e-07 0.0 9.793948313690903e-07 1.793262557221269e-06 9.857914826011024e-07 0.0 0.0 0.0 0.0 0.0 0.0 0.0 0.0 2.1119218007657973e-06 0.0 0.0 0.0 0.0 3.935665146125013e-07 7.309433213230199e-07 1.6647748451858238e-06 0.0 3.4457349865520164e-07 6.923808602943047e-08 0.0 0.0 0.0 0.0 0.0 0.0 0.0 0.0 0.0 0.0 1.6414944722048752e-06 3.627208929117425e-07 4.0759652347842127e-07 6.255815042398625e-05 3.978418159477997e-07 9.89444878873393e-06 2.428866019484457e-06 0.0004276568724494229 4.205563780149426e-06 7.967580617325535e-08 4.6860680147109e-08 8.965481786114638e-06 0.0 1.9081982788580855e-07 7.868894119068303e-08 1.2488583482306496e-05 0.0 0.0 0.0 4.808270516920599e-07 0.0 0.00034429846499524846 8.922764362621968e-07
0.0002896237093912218 0.0 0.00029929952066746666 0.00037693881643509645 0.001465658762657923 2.59189352260473e-05 0.00256005094369886 3.727296555406718e-05 0.0013223810036156933 0.00042332411636516256 0.00014019989815564234 4.919281615829107e-05 0.0005445032549607135 0.0006796655858225466 4.87761799715194e-06 1.5558238480191395e-06 2.321799923861012e-07 0.0 1.2581007747419821e-07 1.1496068928113152e-07 0.0 0.0 0.0 7.091680109894841e-08 4.0998930417664256e-08 7.925870890807e-08 0.0 0.0 0.0 0.0 0.0005059523103301157 1.668147122805671e-05 8.129774900399706e-06 0.0 0.0 4.277506016910789e-08 7.857532284879769e-07 2.018990766337213e-07 9.881425355754044e-08 2.602274644297181e-07 3.542963845313256e-08 3.9367012339990953e-08 3.178374803438961e-07 3.3216115617510325e-07 3.187958738131624e-08 8.954262626321884e-08 1.0449850680751721e-05 1.698754013107661e-07 0.0 1.0625285681676732e-07 3.404630197671829e-08 0.0 4.058831596626782e-08 0.0 8.227693378320071e-07 1.101757217989192e-06 7.910091845214517e-05 0.00041787325449013093 1.3219019408154683e-05 1.2375655798180321e-05 1.5876291361303335e-07 4.880913876179838e-07 0.0 4.170605708470302e-05 2.9146943389218754e-07 6.709173624305855e-07 0.0 8.000259023096042e-08 4.358888895308383e-07 4.4634755040052263e-07 9.857416185521851e-07 3.555233948334768e-08 3.8801061571381924e-08 8.2091448308083e-05 3.678487228422102e-05 4.188648492084117e-05 1.7506417598993977e-05 2.0892466653798778e-06 2.0022391192648026e-06 1.622518452113764e-05 1.008363005450156e-06 2.1639944251085705e-06 1.2746451442482396e-06 1.260360873351396e-07 8.063833342054498e-08 5.131609647122512e-07 2.640234424861581e-07 0.0 0.0 0.0 0.0 0.0 0.0 0.0 1.1079126140619019e-07 3.861362951425353e-07 6.481349625351958e-07 0.0 3.149473620933353e-07 0.0003307607569028009 3.6349940048410695e-07 4.951274790056857e-07 7.69458404193819e-08 2.1634833952835916e-05 7.185291416082449e-07 1.1508107314597848e-07 2.0306390516581005e-06 1.2720254088255288e-06 2.0689395068992018e-05 1.2108379389219078e-06 1.733050302732585e-06 1.4167736451085493e-06 5.430753802675051e-06 2.6261124717737224e-06 9.136450990714552e-07 0.0 0.0 0.0 0.0 0.0 0.0 0.0 0.0 0.0 0.0 0.0 0.0 3.1354184007083143e-07 0.0 0.0 0.0 3.980641888339723e-08 0.0 0.0 8.342789756755746e-07 3.3455168344875134e-07 0.0 0.0 0.0 1.2620061769960022e-06 3.5422092292906096e-07 1.0084578480035336e-06 2.3167803737558883e-07 0.0 0.0 0.0 0.0 0.0 0.0 0.0 0.0 0.0 0.0 0.0 0.0 0.0 4.482208080003149e-08 0.0 0.0 0.0 0.0 0.0 2.4156196999425823e-07 2.804104847127265e-07 0.0 3.0799387877584574e-07 6.406494760465785e-07 1.691753736547785e-07 0.0 0.0 0.0 0.0 0.0 0.0 0.0 0.0 2.014873399693885e-06 3.430560327989895e-08 0.0 0.0 0.0 3.913761896767703e-07 9.693197925988845e-07 1.4798620117454753e-06 0.0 3.0287933988846123e-07 1.77884165980525e-07 0.0 0.0 0.0 0.0 3.668433100757033e-08 0.0 0.0 0.0 0.0 0.0 8.610727037777605e-07 2.2194351318020478e-07 5.072648062019271e-07 3.5153765960568816e-05 1.2609806400982075e-06 2.9205844375573322e-05 4.39096626100268e-06 0.00010125622880511476 1.1721459041055022e-06 1.0536297157893187e-07 4.503830532411557e-07 6.696803736944628e-06 0.0 2.717779863690371e-07 0.0 5.154318231427931e-06 0.0 0.0 0.0 3.665797531370973e-07 7.003420105902609e-08 7.70218683023675e-05 9.184109045709321e-07
8.959076079190394e-05 0.00029929952066746666 0.0 1.3616511656460052e-05 0.0005954336994843495 8.254326157165634e-07 3.6171554257372e-05 0.0016838933008359515 0.00028343827362792295 0.00016412901250092846 0.0007187332028438817 4.183043268683599e-05 0.00023593086150191784 0.0005961677855699373 6.033346488416825e-06 2.354257239060163e-06 2.3539283590551425e-07 9.819338446992268e-08 4.494157604320814e-08 9.378630466532132e-08 1.2244993647664918e-07 0.0 0.0 1.022674786124194e-07 0.0 1.7213964307184955e-07 0.0 4.705880153554496e-08 0.0 0.0 0.0018942976980571508 0.0002629087279981341 0.00013735346345530172 6.815035873781911e-08 4.820624457834719e-08 3.63800343273661e-07 7.220999759286624e-06 1.1040510542264098e-06 1.1232654656404013e-06 1.378531920260939e-07 7.737607578723722e-08 0.0 2.3265547246997195e-07 5.386603947296049e-07 1.853915568058428e-07 1.4440411847855623e-07 1.328333226920709e-05 4.260711517276902e-07 1.328448827976262e-07 5.112976637995711e-07 0.0 0.0 0.0 3.2297130832066004e-08 3.326171953165243e-07 1.0381728242356803e-06 4.0654426375853495e-05 0.0004145130584317834 8.463893476395376e-06 1.3880611477291084e-05 6.497664835452117e-06 2.732214773957734e-05 6.662276371940296e-08 0.0001536765080940378 4.846723351280973e-07 4.029968377388735e-07 0.0 1.2171400775528927e-07 3.359910068398538e-07 3.6377413830803307e-07 4.4798102112897096e-06 1.6117462907680348e-07 0.0 6.361228223914021e-05 4.4670094417790336e-05 5.121223807298931e-05 3.847116152242057e-05 4.758489511010326e-06 0.00027469771713062747 0.0006316812683403752 2.7351653235436446e-05 0.00024459622376521195 1.0638193230141994e-06 0.0 2.2698020206024453e-07 3.1808962205602415e-07 7.735907949174551e-08 4.4762700625378565e-08 0.0 0.0 0.0 0.0 5.3978389747972825e-08 0.0 0.0 2.8449363792196437e-06 1.6015674332407437e-06 0.0 7.59751633490434e-07 8.223389690584172e-05 9.007877258601639e-07 3.5862050006715476e-07 4.756929406311773e-07 0.0 2.3873686098043325e-06 4.2436341584919243e-07 1.4059204549645387e-06 1.6375699889564236e-06 3.6525029825440973e-06 3.73890489362154e-06 6.668804366704426e-07 4.8700909816607056e-06 1.3109135815668109e-05 5.2713582579230115e-06 3.604574002924722e-06 0.0 0.0 0.0 0.0 0.0 0.0 0.0 0.0 0.0 0.0 0.0 0.0 0.0 0.0 0.0 0.0 0.0 0.0 0.0 1.6763679909696497e-06 2.0923689819726747e-07 0.0 5.33167374250379e-07 0.0 5.519494610982261e-06 4.34789010244149e-07 4.034161370610503e-06 7.789882979407688e-07 0.0 0.0 0.0 0.0 0.0 0.0 0.0 0.0 1.144540736936731e-07 0.0 0.0 0.0 0.0 0.0 0.0 0.0 0.0 0.0 1.5622652115440566e-07 3.535434557650155e-07 0.0 0.0 6.04646556633421e-07 3.467990280069111e-06 1.0041146664711073e-06 0.0 0.0 0.0 1.4033252897435386e-07 0.0 4.9867494670057865e-08 0.0 0.0 5.236607646408671e-06 3.1846369053518204e-07 0.0 0.0 0.0 2.060049643097767e-06 7.858464325279794e-07 2.697260584467966e-06 1.1125376836356611e-06 8.195886196732321e-07 8.581606043265996e-07 2.4023418174588477e-07 0.0 0.0 0.0 0.0 0.0 0.0 0.0 0.0 0.0 2.3701238002016497e-06 1.5087352870312852e-06 2.3722140933334046e-06 2.1135032680042944e-05 8.697776716558118e-07 2.8432705236680274e-05 4.231067038363933e-06 1.4649207963458205e-05 1.2203890358568136e-06 1.0992374168845354e-07 7.536742711485359e-07 4.5855915849453935e-06 0.0 1.047599206681143e-06 1.0551699183620232e-07 5.979314901351308e-06 0.0 0.0 0.0 1.7270086952271772e-07 0.0 1.0268240951545844e-05 4.238152075183214e-06
0.0005065256098987027 0.00037693881643509645 1.3616511656460052e-05 0.0 0.00010985601071227583 0.0001720435744830287 0.0004097281585523083 5.575639996535023e-06 5.2684952186368583e-05 0.0025061570829943087 5.29510549473214e-06 0.0001183011533978038 0.0004962763861333031 0.00013031203032652365 3.677824013324854e-06 1.4857994367963206e-06 2.1673813241168797e-07 2.675756832417527e-07 8.082706616483555e-08 1.5956156702605002e-07 0.0 0.0 0.0 0.0 4.034045801050402e-08 0.0 0.0 4.6209522933530114e-08 0.0 0.0 7.756068428462803e-05 1.2835188287611942e-05 4.272410240313861e-06 3.594519649917196e-08 4.106839288628963e-08 5.17800972128772e-08 2.155913230273764e-07 1.6397118146461404e-07 6.198386426787645e-07 0.0 8.042455804276913e-08 3.1739128915528966e-08 1.4739845292880618e-07 5.456011411364866e-07 1.6493907793651076e-07 0.0 1.1996098617919435e-05 4.2461225616308965e-07 3.6911154501011546e-08 1.8132239132657657e-07 0.0 3.382121823203246e-08 0.0 1.2257614700004323e-07 1.0717248238467348e-06 2.7203791383179137e-06 6.965813334983563e-05 0.00026616197769231724 1.4790347233427613e-05 1.7785434604944982e-05 2.997864752923745e-07 7.834766153884916e-07 0.0 4.091972521352933e-05 8.746747606960666e-07 7.915146389578469e-07 2.2559521207262096e-07 1.319159282019652e-07 3.0292369598280637e-07 7.340984381789893e-07 3.132245721388616e-07 4.004788776183524e-08 0.0 0.00011072873541333844 4.6044668443377915e-05 5.4493365334377694e-05 1.7798591548644007e-05 2.9130678575590624e-06 1.3061288150555758e-06 7.286852031775989e-06 8.933659576697123e-07 1.377817085993238e-06 1.54632056042988e-06 3.776012564742739e-08 3.2555652997765265e-07 3.9519625800423037e-07 2.700663285569227e-07 0.0 8.288089206298113e-08 0.0 4.135856723096124e-08 0.0 3.6970478433786596e-08 4.360558023012454e-08 1.129652105818153e-07 1.8332539518915151e-06 2.9229803797989813e-07 0.0 1.285248579210473e-07 0.0003090642651254873 2.3469502642918983e-06 2.634654015752524e-06 3.080849536108361e-05 5.993258958379905e-05 1.839491153650313e-06 1.1076394123911335e-05 1.8433622333609994e-05 1.8394925896929283e-06 4.175270885626952e-05 1.8809881846351268e-05 1.6810012568597429e-06 1.77889316986646e-06 1.064943283198263e-05 4.5557849307028635e-06 2.15577982828892e-06 0.0 0.0 0.0 0.0 0.0 0.0 0.0 0.0 0.0 0.0 0.0 0.0 0.0 0.0 0.0 0.0 0.0 0.0 0.0 2.4426793546411614e-06 2.698920687225368e-07 0.0 0.0 0.0 1.2661753911518076e-06 0.0 1.9907039063646395e-06 1.3966785871225263e-07 0.0 0.0 0.0 0.0 0.0 0.0 0.0 0.0 2.5116005889285185e-07 3.7157952859796315e-07 0.0 6.83664194105657e-08 0.0 4.358511193603915e-08 0.0 0.0 0.0 5.615519413626433e-08 5.549388751340545e-07 5.094259153568352e-07 3.5863537041966303e-07 0.0 6.471524506739702e-07 9.381857138054586e-07 9.006110663723221e-07 0.0 4.8428752445026674e-08 0.0 0.0 0.0 0.0 0.0 0.0 2.113906959080525e-06 1.6103577537926476e-07 0.0 0.0 0.0 9.423733078069512e-08 2.4406594838394135e-07 2.910624429175092e-06 4.193471840148624e-07 1.487916171109591e-06 5.372133924474441e-07 0.0 0.0 0.0 4.032222814315777e-08 0.0 0.0 0.0 0.0 0.0 0.0 1.4068097590363025e-06 5.111169773932741e-07 7.148560895495311e-07 0.00010614386989978798 1.9196406401673477e-06 4.6127551907569445e-05 6.813561185498007e-06 0.000319764993302188 2.104633378318312e-06 2.025134516591746e-07 1.0193352746474472e-06 1.78558936683978e-05 0.0 2.6023852158290694e-07 0.0 2.4529601168269616e-05 0.0 0.0 0.0 5.298361340791371e-07 0.0 7.837028635275227e-05 2.1073914125187e-06
0.0001448638734233621 0.001465658762657923 0.0005954336994843495 0.00010985601071227583 0.0 2.665062011902676e-06 0.0010014332629241563 0.00017398836941930572 0.001141803926643807 0.0002787497851015186 0.0006095880634541127 2.609228632666734e-05 0.0004011283709066009 0.0005152849332645438 7.679351176781935e-06 2.3023911892600695e-06 8.016732269123546e-08 2.9118776706890802e-08 0.0 1.205699917175784e-07 0.0 0.0 0.0 0.0 0.0 5.5021556599749426e-08 0.0 0.0 0.0 0.0 0.00019701086749233219 2.5413645420876956e-05 2.899570755483775e-06 0.0 0.0 1.4649867849411227e-07 2.550105465773214e-07 1.9891776217819775e-07 1.5682457853636022e-07 1.1394193140434956e-07 7.377472837334683e-08 3.375014724570006e-08 1.9098010598935647e-07 3.6437538272973346e-07 1.0773499152530285e-07 0.0 1.6807787861127026e-05 3.347289840940006e-07 5.392220036252428e-08 6.681106902542171e-08 9.40944539141595e-08 0.0 0.0 0.0 2.1812924901454063e-07 8.951148026114726e-07 1.529644320967531e-05 9.765795745637154e-05 4.584485517177409e-06 1.581210335534507e-05 1.5496328733344902e-07 2.7387549345899347e-07 0.0 3.969600944435043e-05 6.047968086848746e-07 3.6002129777191776e-07 0.0 0.0 1.967786998394141e-07 3.6947119307178797e-07 4.6965291539726694e-07 0.0 0.0 3.910543090859345e-05 2.593684201755032e-05 4.301171340424371e-05 2.4362801327803847e-05 2.103851029425689e-06 1.8884286663730742e-06 3.0978456355033572e-06 6.691710240018483e-07 2.8924466005637073e-06 1.2245721267586188e-06 0.0 3.74433462699033e-07 2.8276324369065704e-07 1.8471484328296074e-07 0.0 4.1799192348387984e-08 0.0 0.0 4.188415507855374e-08 8.494738738148113e-08 3.9803633035713505e-08 4.026962698951719e-08 6.983507856516405e-07 3.47457244701e-07 0.0 2.179092945291164e-07 1.7997281235009616e-05 0.0 1.5641064206471108e-07 3.911356244178367e-07 9.725343271240921e-07 2.7288545643450936e-07 0.0 4.3360411386014524e-07 7.30567520594024e-08 4.796733583018972e-07 2.1096189808259553e-06 1.5477763289460706e-07 1.292187060944406e-06 2.421897088397846e-06 8.806261787261255e-07 4.913084530276955e-07 0.0 0.0 0.0 0.0 0.0 0.0 0.0 0.0 0.0 0.0 0.0 0.0 0.0 0.0 0.0 0.0 1.2173154022334996e-07 0.0 0.0 0.0 3.360475599227792e-07 0.0 0.0 0.0 2.1979176267377405e-07 3.531515773578661e-07 4.082042769601202e-07 8.349609571876835e-08 0.0 0.0 0.0 0.0 0.0 0.0 0.0 0.0 0.0 1.3008782345645458e-07 0.0 0.0 0.0 3.9826647212137046e-08 0.0 0.0 0.0 0.0 0.0 1.6640127677407136e-07 0.0 0.0 0.0 4.4369322434819377e-07 0.0 0.0 0.0 0.0 0.0 0.0 0.0 0.0 0.0 3.207031633732525e-07 0.0 0.0 0.0 0.0 6.776730543119891e-07 3.0125466951411583e-07 9.54181432544739e-07 3.8186057386788215e-07 0.0 6.827042577342075e-08 2.3651819838706555e-07 0.0 0.0 7.588442120350792e-08 0.0 0.0 0.0 0.0 0.0 0.0 2.0205331810904475e-07 0.0 4.3316493228425043e-07 3.6282841257186474e-05 1.1888959689064154e-06 2.9070034203505907e-05 4.297942328114963e-06 1.2877988401662915e-05 1.2732194238926645e-06 0.0 8.341875788745806e-07 4.3134514758720573e-07 0.0 0.0 0.0 4.810104827019967e-07 0.0 0.0 0.0 4.84667685799527e-07 0.0 4.648884499542667e-06 6.0024839679065e-07
9.377588998934957e-05 2.59189352260473e-05 8.254326157165634e-07 0.0001720435744830287 2.665062011902676e-06 0.0 7.95178765055597e-06 4.363732014642636e-07 2.1462709427580834e-06 0.0004139078763474879 1.994921807239386e-06 9.669653958574705e-05 5.00686645369999e-05 1.2858351092571397e-05 3.531485590437539e-07 7.741021085764451e-08 0.0 0.0 0.0 0.0 0.0 0.0 0.0 0.0 0.0 0.0 0.0 0.0 0.0 0.0 6.256907701727982e-06 3.0077855577175445e-07 8.569228278292413e-06 0.0 0.0 1.9065253454536127e-07 7.833054867269197e-06 1.7931075771026158e-06 4.5427816735593e-06 3.583118971338351e-07 0.0 0.0 0.0 0.0 4.730312375192014e-08 6.657959995286861e-08 1.3921411048998997e-07 0.0 0.0 0.0 1.5739700461984109e-07 3.2018376775641326e-06 3.239012115293278e-07 0.0 0.0 3.3407817183060593e-07 7.067917166229003e-05 3.0141138293245526e-05 2.667320449501964e-06 3.077927540711316e-07 0.0 3.6061678864951226e-06 0.0 1.643974911493941e-07 7.548527634573796e-08 0.0 6.782310787252773e-08 4.51679795972946e-08 0.0 9.74972824970103e-08 2.9815491247589636e-05 7.087771303132479e-05 6.128716399386734e-06 5.765228067304189e-06 1.2156457983481957e-06 9.129576133542324e-07 1.664659924282047e-07 1.3034785215458898e-07 5.946244414702889e-07 8.355369939997239e-06 3.9452736210237195e-08 2.6049023623170907e-06 0.0 3.2572718658239646e-07 0.0 5.771325912938009e-08 0.0 4.838749677793546e-07 6.777987811552335e-07 4.021169868019414e-06 8.323767666317851e-07 1.1390118641350938e-06 0.0 2.592430965865231e-07 4.3641685640986465e-07 0.00011362962524332897 3.8424128040978445e-05 6.605318197515879e-06 5.2274100821685825e-06 0.00020710018665649489 3.357771489739904e-07 1.122892008322983e-06 4.0229358554855486e-07 6.683915546933726e-07 9.981370622227135e-07 0.0 1.7021208543875932e-06 1.2247452392586961e-06 2.1579944797115584e-06 1.9432488245576373e-06 3.4451106267185123e-07 7.245100378812231e-07 4.543913998785332e-06 1.2493434944185968e-06 4.522212702763069e-07 0.0 0.0 0.0 0.0 0.0 0.0 0.0 0.0 0.0 0.0 0.0 0.0 0.0 0.0 0.0 0.0 2.1154530483031132e-07 0.0 0.0 5.091150664978594e-07 1.8480589138431181e-07 0.0 0.0 0.0 8.173984559642177e-08 0.0 4.53526839233464e-07 1.6791590054072195e-07 1.8892193446878094e-07 0.0 0.0 0.0 0.0 0.0 0.0 0.0 0.0 0.0 0.0 0.0 0.0 4.715030632094432e-07 0.0 0.0 0.0 4.7402300679352386e-08 1.3527420946808606e-07 0.0 0.0 0.0 0.0 0.0 2.4022017376883715e-07 0.0 0.0 0.0 0.0 0.0 7.948180918919638e-08 0.0 0.0 6.114963374270395e-07 1.1810069656913885e-06 0.0 0.0 6.468432365789114e-08 6.559440122966461e-07 8.624768160038593e-07 6.733030154081515e-08 0.0 5.420651805298055e-08 4.1035786845068646e-07 0.0 0.0 0.0 0.0 0.0 0.0 0.0 0.0 0.0 0.0 1.2923345571438438e-06 1.40158269139968e-07 3.08768918099075e-07 1.489118804682091e-05 3.6216356589773986e-07 9.354775324056125e-07 1.4159824868631228e-07 0.00035858941591615105 1.1451103396779432e-05 3.5979181966184116e-07 0.0 1.0466129566097691e-05 5.4813049211200547e-08 1.7872497455573294e-07 0.0 1.4288034573314913e-05 0.0 0.0 0.0 0.0 0.0 0.00016924529829665942 1.3280641335316458e-06
0.0001484731847583983 0.00256005094369886 3.6171554257372e-05 0.0004097281585523083 0.0010014332629241563 7.95178765055597e-06 0.0 1.0482209150850517e-05 0.0020913654942794095 0.0014255876780572931 1.8696045308476584e-05 6.968282587013227e-05 0.002148335664466468 0.0005444695425630163 9.521076542780012e-06 2.925567689904372e-06 7.568428635584428e-08 1.5785667698657244e-07 9.247234067052782e-08 8.939586870711034e-08 1.2191492249032598e-07 0.0 0.0 1.2358364150341754e-07 0.0 0.0 5.337573178040866e-08 0.0 0.0 5.434974361915894e-08 8.780564848516988e-05 3.2380228517820875e-05 6.834888844228841e-07 0.0 0.0 1.4280091750372226e-07 1.1770720889439074e-07 0.0 3.3975942637613853e-07 7.187331796422322e-08 0.0 9.197932436913787e-08 1.590419333185945e-07 3.8182205942991826e-07 2.1829237295710867e-07 0.0 2.700297405157595e-05 6.45236537359274e-07 1.0774374276149908e-07 1.1753417513294235e-07 0.0 0.0 0.0 3.982041561206928e-08 8.045096697894079e-07 1.7934214180294946e-06 2.4128466787815252e-05 0.00015034148624892363 7.206214047055088e-06 2.7854201112205497e-05 1.1872090500216457e-07 2.327706558358454e-07 9.10409961271655e-08 6.235197409254935e-05 2.602008057796087e-07 4.6988198106690577e-07 1.0678148922468174e-07 4.481158981507986e-08 2.4532722873700675e-07 3.147575045114874e-07 5.381158533691707e-07 3.7267068101993666e-08 0.0 6.621012690756431e-05 4.7832490592521975e-05 7.380556235297887e-05 3.505951003997276e-05 2.4708392429502604e-06 1.8571390937851775e-06 2.7933253900851395e-06 9.95063421100482e-07 1.5216177497442939e-06 1.9646455295672005e-06 5.105673667649152e-08 2.958876270918556e-07 6.489860446267612e-07 8.632856791924383e-08 0.0 4.3896534462169244e-08 0.0 7.374811096728125e-08 0.0 3.095947775831457e-08 1.09207895066951e-07 1.3376281773468364e-07 1.2726012206700574e-06 7.496843373520808e-07 0.0 3.34114792792015e-07 2.11213500060169e-05 7.577546981264806e-07 8.215231153043763e-07 2.3176878552025793e-06 8.038411165880584e-06 1.0893444180751537e-06 1.582202732280713e-07 3.813519920643735e-06 6.520217149825143e-07 3.2230738195113e-06 2.3042655585743145e-06 8.649371956898193e-07 2.466239572208547e-06 4.6342838905795675e-06 2.244998175132728e-06 1.594184258226885e-06 0.0 0.0 0.0 0.0 0.0 0.0 0.0 0.0 0.0 0.0 0.0 0.0 0.0 0.0 0.0 0.0 2.60842930547602e-07 0.0 0.0 8.03609668512473e-07 1.627891909109668e-07 0.0 0.0 0.0 4.717621132989027e-07 2.768365008471482e-07 7.015592573024144e-07 2.7749696421678494e-07 0.0 0.0 0.0 0.0 0.0 0.0 0.0 0.0 2.589682612766753e-07 0.0 0.0 0.0 0.0 0.0 0.0 0.0 0.0 0.0 6.57865842256894e-07 5.897931216820131e-07 0.0 0.0 0.0 6.451918850577053e-07 5.907205689953472e-07 0.0 0.0 0.0 0.0 0.0 0.0 0.0 0.0 1.7779548828685313e-06 0.0 0.0 0.0 0.0 2.0900448801062466e-07 1.3000860489674838e-07 1.9899528673254256e-06 5.567714492341259e-07 0.0 2.494557350216114e-07 0.0 0.0 0.0 0.0 9.789296285510357e-08 0.0 4.087933393910745e-08 0.0 0.0 0.0 3.923604300383755e-07 5.55831673701163e-07 8.650207711203307e-07 6.225716259031222e-05 2.8799136754974602e-06 5.3992476392409754e-05 7.62522421848939e-06 3.6472759688996774e-05 2.34131730652162e-06 2.2852391787558688e-07 6.41378348286995e-07 3.7463325859564603e-06 0.0 0.0 9.930630624808959e-08 5.351507433234987e-06 1.5421351186175807e-07 4.0530379333146844e-08 5.246179376613834e-07 0.0 0.0 9.649470154654863e-06 1.7454104452511043e-06
9.567632650661712e-06 3.727296555406718e-05 0.0016838933008359515 5.575639996535023e-06 0.00017398836941930572 4.363732014642636e-07 1.0482209150850517e-05 0.0 9.5642490969203e-05 4.931822608792734e-05 0.0004599508880288759 1.5100012823284451e-05 7.803781203430225e-05 0.00034254691660952883 1.4142493679003057e-05 6.047328305492327e-06 1.3914743386904834e-07 3.7323865649614893e-07 1.3575991432535324e-07 1.757868501129534e-07 5.869744249921568e-07 0.0 4.689290299366878e-08 0.0 1.2598312248402212e-07 4.8011658929299854e-08 1.7197405948448946e-07 0.0 6.118276808263106e-08 0.0 0.0003761607264436774 0.0007734758116264382 0.00012426967906727462 3.690424799840937e-08 1.2867350520425218e-07 2.850035676558126e-07 3.539014765616884e-06 6.798237812162428e-07 6.544636960754946e-07 3.1860584750568093e-07 1.2261078824735134e-07 3.1909294341206063e-07 4.1632839747084474e-07 6.853118149156307e-07 1.8185575555114896e-07 4.5149545009512916e-07 2.8314786382100547e-05 3.942000493710149e-07 2.1546332776172466e-07 3.2768988189110347e-07 8.846749152806206e-08 0.0 1.138129087870621e-07 0.0 2.990009112390669e-07 9.479683210569611e-07 1.597274799096051e-05 0.0001454126677458575 5.323461715937961e-06 2.2433690395282258e-05 6.7281757263803555e-06 3.5644163036462416e-05 1.531490855801473e-07 0.0001958883197630404 4.370641666789974e-07 4.852221257304657e-07 4.0704369206518954e-08 1.0179170982024225e-07 7.012641974132848e-07 1.723210287521613e-06 3.0496366200751605e-06 0.0 0.0 4.0782650604064773e-05 4.524023370651712e-05 7.354966399273957e-05 8.248857373186308e-05 2.275650048438528e-05 0.0005030401113908224 0.0008890194718913412 7.043052340690682e-05 0.000520035431693331 1.2189580925055134e-06 0.0 4.6829847224824264e-07 1.5700336021772667e-07 2.3702070831743964e-07 3.595784717223371e-08 0.0 0.0 4.917685190875719e-08 0.0 5.36766445742945e-08 4.22036126943019e-08 1.708530838694118e-07 9.280984780466722e-07 9.961261451279223e-07 0.0 5.124545929724403e-07 4.358738234565951e-06 1.6603340240039607e-07 0.0 1.2918823836941618e-07 2.9114638429517285e-07 1.4345148380263768e-06 1.8722640682723906e-07 0.0 5.261726281418272e-07 8.793352214088384e-07 5.68678484687791e-07 1.1823365311831024e-06 8.388145344259774e-07 2.863367614985408e-06 1.9613874713274404e-06 1.444853265009555e-06 0.0 4.9632778566422526e-08 0.0 0.0 0.0 0.0 0.0 0.0 0.0 0.0 0.0 0.0 0.0 0.0 0.0 0.0 0.0 0.0 0.0 3.274570405167304e-07 0.0 0.0 2.135506089856911e-07 0.0 1.5506841240188457e-06 4.074151359233803e-07 7.94584583113973e-07 7.1585889722975e-07 0.0 0.0 0.0 0.0 0.0 0.0 0.0 0.0 0.0 2.224664276638693e-07 0.0 0.0 5.048726891578647e-08 2.0872422723429192e-07 0.0 0.0 0.0 0.0 5.4108990887299095e-08 6.917791021967867e-07 0.0 0.0 2.0614402235280515e-07 9.764579105024975e-07 2.89437861030385e-07 0.0 0.0 0.0 0.0 0.0 0.0 0.0 0.0 2.890830958885489e-06 3.7176478934366e-07 0.0 0.0 0.0 7.235958973961927e-07 0.0 1.2437187254657357e-06 6.456140590897326e-07 5.1180491304552e-08 3.564565713194364e-07 0.0 0.0 0.0 0.0 4.238407788254587e-08 0.0 0.0 0.0 0.0 0.0 5.505350648572862e-07 4.984653219733895e-07 9.453011549839149e-07 5.472470589798936e-05 3.1756890213043404e-06 3.6240418531760185e-05 7.732114119557845e-06 8.565273926857351e-06 1.334657432614894e-06 6.313575229375953e-08 1.5887637972690257e-06 3.318503860547564e-07 0.0 9.051067271345653e-07 0.0 9.122825158479741e-07 0.0 0.0 0.0 2.703971057879564e-07 1.2067779989853414e-07 3.2669177097010555e-06 1.4672113461826415e-06
7.510846755794492e-05 0.0013223810036156933 0.00028343827362792295 5.2684952186368583e-05 0.001141803926643807 2.1462709427580834e-06 0.0020913654942794095 9.5642490969203e-05 0.0 0.00011947887595781037 0.0002746439167651702 3.745797373998727e-05 0.0008454059751182285 0.0007453295443933858 2.4801867067926994e-06 1.982707908601156e-06 8.286903252566809e-08 7.285818448540199e-08 1.6096368079075517e-07 8.82535961676134e-08 0.0 0.0 0.0 0.0 0.0 0.0 0.0 0.0 0.0 0.0 6.660428462929808e-05 1.3231528171710197e-05 1.1037947753617453e-05 0.0 0.0 0.0 8.917795805152777e-07 3.699744453949499e-08 3.912165339833375e-07 0.0 0.0 4.09256022573001e-08 3.440653495392067e-08 1.4542603339941583e-07 7.233652607034321e-08 7.61559569898541e-08 6.27351317615981e-06 2.0586441773171418e-07 3.81519478126989e-08 3.189231679300701e-08 0.0 0.0 0.0 0.0 1.7061952259900207e-07 3.114139623668264e-07 6.997025462505634e-06 4.794281887078955e-05 1.5911288432225414e-06 5.112051440357493e-06 6.807812354461486e-08 3.4058802671439064e-08 3.2706470467564105e-08 1.5309242155074417e-05 7.940851852341745e-08 1.2711237315406337e-07 0.0 0.0 1.0478731346220278e-07 9.021683139834795e-08 1.8286784126648654e-07 0.0 0.0 1.5230830493840537e-05 1.0632278223103672e-05 1.8599688052593412e-05 9.258575766649037e-06 7.451510582724611e-07 1.2220897714962463e-06 1.5589384422271592e-05 1.8827325752201602e-07 4.044379571206093e-07 7.193008214166358e-07 7.69432870381267e-08 1.1724893507568901e-07 1.9015272047566632e-07 4.1564142542943957e-08 0.0 0.0 0.0 0.0 0.0 0.0 0.0 0.0 3.1759109780006167e-07 4.258108680663761e-07 0.0 0.0 1.2511483851415442e-05 5.978335017860508e-08 0.0 6.060496227605914e-07 2.942245997568043e-07 1.9653597114291182e-06 4.3122426504437503e-07 1.3835215721837887e-06 2.977998434404469e-07 1.2616861644603922e-06 7.275519135908349e-07 1.231725696180811e-07 8.318847889304066e-07 2.626083196001563e-06 2.23220551757557e-06 6.614514719406495e-07 0.0 0.0 0.0 0.0 0.0 0.0 0.0 0.0 0.0 0.0 0.0 0.0 0.0 0.0 0.0 0.0 0.0 0.0 0.0 5.333141318064879e-07 0.0 0.0 0.0 0.0 2.9449855019444026e-07 0.0 4.768912750745329e-07 0.0 0.0 0.0 0.0 0.0 0.0 0.0 0.0 0.0 0.0 0.0 0.0 0.0 0.0 0.0 0.0 0.0 0.0 0.0 0.0 0.0 0.0 0.0 0.0 4.3792598721977673e-07 1.3131700094563297e-07 0.0 0.0 0.0 0.0 0.0 0.0 0.0 0.0 7.439719398040435e-07 0.0 0.0 0.0 0.0 0.0 2.2489021263462988e-07 4.240960944542278e-07 0.0 0.0 0.0 0.0 0.0 0.0 0.0 0.0 0.0 0.0 0.0 0.0 0.0 6.991230991185227e-07 0.0 5.101049985375044e-07 1.5244146223358618e-05 4.282861705972637e-07 1.0530809982819795e-05 1.3158937548585106e-06 8.526638591352757e-06 5.505825292527485e-07 5.480849361909322e-08 2.073886251143534e-07 1.2988404788456362e-06 0.0 0.0 0.0 2.939852583211331e-06 0.0 0.0 0.0 1.3222415993889092e-07 0.0 3.698174236961305e-06 1.372889022676112e-06
0.0006391381603596939 0.00042332411636516256 0.00016412901250092846 0.0025061570829943087 0.0002787497851015186 0.0004139078763474879 0.0014255876780572931 4.931822608792734e-05 0.00011947887595781037 0.0 5.3273792686872735e-05 0.0010987947670107624 0.0029874808901746413 0.00037097439683515045 2.9378011168474344e-05 1.1838257193730144e-05 2.44394873382464e-07 5.453507822918872e-07 8.124771416724362e-08 2.96612622392158e-07 1.5942278081876474e-07 0.0 4.035773176592651e-08 0.0 3.288885537857263e-07 0.0 4.332884769426336e-08 0.0 8.557476927855602e-08 0.0 0.00019966902357904928 0.00012868100847442254 1.108289832836112e-05 1.1244095191726977e-07 0.0 1.42034213226793e-07 1.0076952096394285e-05 2.098393630677176e-06 1.2008748139897421e-06 2.901134347178756e-07 1.188319264690758e-07 0.0 1.90311238208437e-07 8.952881513274372e-07 4.657913330650233e-07 2.1042919226294004e-07 6.794387120132469e-05 9.245152967593333e-07 2.4463431755329873e-07 3.2329328557253666e-07 0.0 1.7381698583954753e-07 0.0 1.7343806556105884e-07 1.4392078084192854e-06 2.7873121172378017e-06 6.103625692406423e-05 0.00027183471622580884 1.2673015151483852e-05 5.479629887268914e-05 7.709903317115603e-07 4.01433021451327e-06 6.214934474512718e-08 0.00011308591654014739 1.181496472499599e-06 1.1512969687401627e-06 1.7585694998952793e-07 3.497194730028558e-07 4.414429793157823e-07 8.343612312966856e-07 3.076400269083698e-05 2.485911728767589e-06 1.4144516579367294e-07 0.00013060795378906537 8.798382862965688e-05 0.0001528407869060133 7.925024827740615e-05 7.223181340485073e-06 1.102117692806469e-05 1.8803148186288157e-05 2.483018044781971e-06 7.279867967874774e-06 3.423116857933503e-06 8.707658114542827e-08 8.685479804908156e-07 1.0576400841347322e-06 4.266224908564291e-07 0.0 1.3333056140868367e-07 1.5202424802278949e-07 2.0275884622068784e-07 0.0 2.2514433593558817e-07 6.31439486100941e-08 2.646456613788447e-07 0.00021461698943259233 3.486630181450574e-05 4.1874979778598375e-07 2.243473435326978e-06 0.00020064418657280632 5.725092967137075e-06 1.7898096493705814e-05 1.1635661351469351e-05 1.2273385237512998e-05 2.5449530858506164e-05 7.379958218410085e-06 7.99894925399545e-05 2.2662470333684814e-05 6.901464616734449e-05 5.319904056089957e-05 1.3426252651958321e-05 3.253690948459683e-05 0.00012911747386757305 5.76165074492074e-05 2.4329271348762707e-05 3.385914625468316e-07 0.0 6.051661678441256e-08 0.0 0.0 0.0 0.0 0.0 0.0 0.0 0.0 0.0 0.0 0.0 6.635455745222658e-08 3.4561029892640364e-07 1.4136613470689294e-07 0.0 0.0 1.3061751107448156e-05 3.0820103448459654e-06 0.0 3.4325735997446394e-07 4.948863213323053e-07 1.6354676855591228e-05 9.873289930625867e-07 9.790031543078638e-06 2.143964369610258e-06 8.610545938930869e-07 0.0 0.0 0.0 0.0 0.0 0.0 0.0 7.398716594432118e-07 2.0010916162306643e-06 0.0 0.0 0.0 3.051600267746333e-07 0.0 5.4594538267308224e-08 1.7876831829627642e-07 3.4095007442951884e-08 1.1407903597948663e-06 3.1319071827784364e-06 1.5338926989409482e-06 0.0 4.114956926325899e-06 8.392652197155711e-06 5.908995299008312e-06 1.178113088608657e-07 0.0 0.0 0.0 0.0 0.0 0.0 0.0 3.083033624944674e-05 3.5978380706897427e-07 0.0 0.0 0.0 5.808487036339933e-06 4.06451799542941e-06 2.083506423977891e-05 2.025434994448443e-06 6.488388318863877e-06 2.8207426006475346e-06 6.783411478297236e-07 4.190834058582035e-07 0.0 0.0 0.0 0.0 0.0 0.0 0.0 0.0 2.429024724690154e-05 4.345721561859786e-06 6.846300812427305e-06 0.0003797624496582967 8.155176567035494e-06 0.0001215428273474401 2.1699090183941495e-05 0.0005521814077093156 8.628126351317709e-06 5.94795930454825e-07 5.574245149220939e-06 0.00015013679397191798 6.123185224417561e-08 4.66456881450311e-06 8.481969432218649e-07 0.00018018308679845635 3.746985081726732e-07 0.0 0.0 3.6481830326566893e-06 0.0 0.00020872675783008767 4.148976032730047e-05
4.130402945949599e-05 0.00014019989815564234 0.0007187332028438817 5.29510549473214e-06 0.0006095880634541127 1.994921807239386e-06 1.8696045308476584e-05 0.0004599508880288759 0.0002746439167651702 5.3273792686872735e-05 0.0 2.9530220699739585e-05 0.0004877818168444341 0.0016855308578592801 8.992672330660845e-06 5.587614263529492e-06 1.269853227519598e-07 1.2573781416005503e-07 0.0 8.727112929989037e-08 0.0 0.0 0.0 0.0 0.0 0.0 0.0 0.0 0.0 0.0 0.0002597403220375516 6.84185483461513e-05 0.0004129403163145045 0.0 2.0483830341730707e-07 1.3233027711405203e-07 2.6989271404184346e-05 4.2214141736257545e-06 3.5670757882036086e-07 3.9868077603995505e-07 3.559083892347751e-08 5.1457040116945526e-08 0.0 8.368549174227191e-07 3.290803760838411e-08 4.3633344970498655e-08 1.4533055891229822e-05 3.5777487718720134e-07 0.0 1.268803341638145e-07 1.1416502043710036e-07 0.0 0.0 8.233097397902299e-08 3.566673396314756e-07 5.986073300341764e-07 8.607311749744078e-06 7.117822526305754e-05 2.2195622009514437e-06 9.860862627806258e-06 1.4918279211968928e-07 3.1132601169316245e-06 6.044854536489977e-08 3.606217286548548e-05 1.5826560043217432e-07 3.1818560819425205e-07 0.0 1.5520056431725663e-07 0.0 1.8691703150546332e-07 9.995523275881393e-06 5.776143592196169e-08 0.0 2.1533111551756495e-05 1.782245214283271e-05 3.4418987588082075e-05 2.3522304190119863e-05 3.239051589592624e-06 3.1344858805650696e-05 0.0002975245206541227 9.407764546653988e-07 3.78545362406865e-05 6.50180277162491e-07 4.428329485843265e-08 1.866379968020681e-07 7.481600549802711e-08 1.0721035604017557e-07 0.0 0.0 0.0 8.184391931668704e-08 0.0 1.3521889745593225e-07 0.0 7.917654702342207e-08 2.523621202979808e-07 1.1599949832473804e-06 0.0 8.456289840719192e-07 1.0886592581470532e-05 0.0 0.0 7.037017054022453e-07 9.605383845098938e-08 1.6046391321434598e-06 2.1063528125074062e-07 1.7902826675599842e-06 7.266006684642455e-07 2.9824072577072844e-06 1.0285387292868754e-06 1.0124747141605708e-06 8.570212788615027e-07 6.211251628868339e-06 2.2243847994991915e-06 1.7231340122868488e-06 0.0 0.0 0.0 0.0 0.0 0.0 0.0 0.0 0.0 0.0 0.0 0.0 0.0 0.0 0.0 0.0 0.0 0.0 0.0 1.3780224438366266e-07 2.089951631072742e-07 0.0 0.0 0.0 1.6893095845183188e-06 2.5092960217410034e-07 1.1334933923314037e-06 0.0 4.332515485256255e-07 0.0 0.0 0.0 0.0 0.0 0.0 0.0 0.0 4.1761346813824824e-07 0.0 0.0 0.0 3.010309918163767e-07 0.0 0.0 0.0 0.0 0.0 1.988937806414749e-07 0.0 0.0 2.1549237481691414e-07 9.683913479295826e-07 3.4544918469360475e-07 0.0 0.0 0.0 0.0 0.0 0.0 0.0 0.0 2.424531892894367e-06 4.1941332071377655e-07 0.0 0.0 0.0 1.8919973185086308e-07 3.712002783671244e-07 2.254346557592505e-06 6.59484161048499e-08 5.305405523510568e-07 1.8697900255595667e-07 0.0 0.0 0.0 0.0 4.344967399521621e-08 0.0 0.0 0.0 0.0 0.0 7.20022513443978e-07 3.746357759820994e-07 9.720290088492833e-07 4.5590125714603436e-05 1.8721083570093254e-06 2.0968926448160165e-05 4.419538226052e-06 1.1786273343442126e-05 8.120927921780039e-07 4.781320008959668e-08 1.0192459325497243e-06 2.411166070610399e-06 6.675092771068834e-08 7.519391342271413e-08 0.0 5.064923832508561e-06 0.0 0.0 0.0 4.73960653298261e-07 0.0 3.14603555118983e-06 1.317052041335366e-06
6.25724924440433e-05 4.919281615829107e-05 4.183043268683599e-05 0.0001183011533978038 2.609228632666734e-05 9.669653958574705e-05 6.968282587013227e-05 1.5100012823284451e-05 3.745797373998727e-05 0.0010987947670107624 2.9530220699739585e-05 0.0 0.0010119781898207916 8.492376686137232e-05 1.4513138985016131e-05 9.117546138345806e-06 7.131687994683678e-07 0.0 3.843004140200448e-08 0.0 6.436193021611829e-08 0.0 0.0 2.534573783770387e-07 1.272484515024023e-06 2.43411277927725e-07 1.2162437694926045e-07 0.0 0.0 6.63993709805117e-08 3.946034755105065e-05 2.7061828522148065e-05 3.800160763772186e-05 0.0 5.971826332807784e-08 4.659783523067682e-06 0.00017997658256937256 3.274187180885375e-05 0.00012215853233957718 8.899504229218131e-06 6.622383633022747e-08 7.675743012852447e-08 0.0 8.915053676155451e-07 4.8736500501802734e-08 2.927515649841078e-07 1.5985438942580464e-05 2.1007103648576024e-07 9.123093994655951e-08 1.934421316876087e-07 0.0 0.0 8.815802171993154e-07 0.0 1.1816584641056931e-07 2.743102694211219e-07 3.757414114375156e-06 1.9141236329021567e-05 1.005430441454368e-06 7.31096659178839e-06 5.482190618212716e-07 2.119870296639233e-06 1.0953087004974099e-06 1.550877537962104e-05 7.495270325691431e-08 1.7067724176352862e-07 0.0 0.0 1.9181383183741157e-07 3.321217343681764e-07 0.0003402981064742727 2.4982845219591703e-06 6.260926457612111e-08 9.224457580053489e-06 8.213733364345889e-06 2.207965743270903e-05 1.4337886413995634e-05 2.90948483749844e-06 2.0277460894432493e-06 7.208513424992001e-06 1.0151159077344172e-06 4.6325708042237555e-06 3.924193340317958e-07 3.9986617860085956e-08 8.99063162411808e-08 1.2657693172946845e-07 9.13153740030733e-08 0.0 0.0 6.051178373237446e-08 3.57844084692647e-08 0.0 2.910893625299319e-07 0.0 1.5734202256003741e-07 0.0007443941725863369 0.00032481099059545975 6.272496461737926e-07 0.0001948386772814374 3.041205981705002e-05 3.6133469709825744e-06 5.802428263813397e-06 6.134460622338723e-06 3.3545255047565927e-06 1.7578326746783866e-05 5.166863957145585e-06 2.8262639775316893e-05 1.649876646948875e-05 4.368562274084041e-05 3.4322861445072896e-05 1.28297271262818e-05 3.157560222487352e-05 0.00013503161010165672 5.601523013406947e-05 2.7636043753500393e-05 4.803992984657478e-08 0.0 8.905980099009853e-08 0.0 0.0 0.0 0.0 0.0 0.0 0.0 7.679071782130522e-08 0.0 0.0 0.0 0.0 0.0 1.7895180179863268e-07 0.0 0.0 1.0445490971606118e-05 2.1908158635839817e-06 0.0 6.700214143183159e-07 0.0 2.9274442496522867e-05 2.6799494131988574e-06 1.9451980878061263e-05 2.1915589950151673e-06 2.1270780944800658e-07 0.0 0.0 0.0 2.4489310893012007e-07 0.0 4.4462072040448876e-07 0.0 4.2043622549168663e-07 1.5410782437454378e-06 0.0 0.0 0.0 4.538806831333406e-07 0.0 0.0 1.0511608473292588e-07 0.0 7.867844833100214e-07 2.5648819393389475e-06 7.039031188152661e-07 2.84740299425513e-07 1.3240258767137267e-06 1.1670012780631337e-05 3.885573610059739e-06 0.0 1.5941412706849012e-07 0.0 0.0 0.0 2.0058487267358228e-07 0.0 0.0 5.309304319968562e-05 8.307912780990212e-07 0.0 0.0 0.0 5.1185934318502915e-06 4.559024999040623e-06 2.018111598176679e-05 2.86199783280156e-06 3.717015858461496e-06 2.4457899204309422e-06 4.871713679819867e-07 7.355584435833132e-07 1.5364609880432444e-07 0.0 0.0 0.0 0.0 0.0 0.0 0.0 3.315265673688092e-05 4.833239994720637e-06 1.0900955561000724e-05 0.00012884167790145774 2.239455879269573e-06 2.4668575508385883e-05 7.822690104089341e-06 0.0002955197353244421 1.5051848422663242e-06 8.805466489613615e-07 9.568737087415238e-07 2.6479503526961698e-05 0.0 3.569041798033651e-06 5.63826081694232e-07 5.240552646694166e-05 5.040867276619537e-08 0.0 0.0 2.532953980193206e-07 3.8708395203731666e-07 0.0003716825793759559 7.415371746939721e-05
