0.0 0.0012796493028386082 0.0003245023964013272 0.0008387638272374346 2.4849246690946743e-06 1.488439406728535e-05 0.00024462215382782846 0.0001233454055060576 9.887384463971245e-07 0.0009245209024716923 1.3369491168521589e-05 0.00013759262796286112 7.69628145971471e-05 2.354396954541601e-05 9.454911348141616e-07 1.1227828192301049e-06 1.7356487127635928e-07 1.3718189419600247e-07 0.0 8.28455706024444e-08 0.0 0.0 5.346599182317185e-07 6.297392955511078e-07 7.720295086371446e-08 2.719514916723259e-07 0.0 0.0 0.0 1.642407339441318e-07 0.0007306799973583467 7.712800299897587e-06 1.772782227544742e-05 0.0 9.319174070033378e-08 5.164156388210479e-07 1.0749312263141986e-05 7.885807104662498e-07 3.5304458944799844e-07 3.081391868692166e-07 7.043859478500281e-07 1.6303278267194574e-07 5.257075548736461e-08 1.2668532170403798e-07 5.183523869405269e-08 0.0 6.0160608772789256e-06 8.157261362355352e-08 0.0 0.0 0.0 4.97422457358735e-07 1.3059099299410365e-07 0.0 3.1601052566533695e-07 6.029733050828023e-07 9.596120953142659e-05 0.00025409511516951187 5.216696707259412e-05 1.911623527307617e-06 5.124310260262794e-07 8.800056256445998e-06 7.859323583069597e-08 4.801238802799813e-06 3.3283884226651457e-07 4.4070431845167393e-07 0.0 1.8688974254965214e-07 1.7147965395553105e-07 7.07026155384312e-08 3.363447891037607e-05 1.0784225047154296e-05 6.727964524139211e-07 6.477155094648564e-05 1.6450551860286842e-05 4.02724318252672e-06 5.498746492957016e-07 2.2009669411099852e-07 7.690180163105166e-06 7.259244144781756e-05 2.656737340712799e-07 1.6460384608017477e-05 1.7133254555375725e-06 0.0 3.2752016258975226e-07 6.955823352670279e-07 2.414421424562584e-07 2.47336056236391e-07 1.5880847919472286e-07 1.7569158920190108e-07 1.231946564611086e-07 0.0 0.0 4.743157107416502e-07 6.917195976658487e-08 9.470655666426119e-05 1.2890679339000269e-05 4.3795434759648756e-07 6.955305929434595e-08 0.000548555899183727 3.580219807593745e-07 2.276106891239885e-05 6.1076426971030585e-06 1.9239358846881267e-06 1.7070581455824322e-06 6.015944343580891e-06 2.7306640930535584e-06 8.617296389314095e-06 6.013369448542592e-06 4.990624923344942e-06 1.0398225934886432e-07 1.0228619616126376e-05 1.1039840980443498e-05 9.416601566276545e-06 5.338526686412749e-06 0.0 6.930450534350265e-08 0.0 0.0 0.0 0.0 0.0 0.0 0.0 0.0 0.0 8.369077086739392e-08 0.0 0.0 0.0 0.0 0.0 0.0 0.0 3.7330796594515997e-06 3.9449951617958516e-07 0.0 0.0 7.275930565877372e-08 3.975916268454757e-06 1.3976277372656575e-07 6.859102106363596e-07 0.0 0.0 0.0 0.0 0.0 0.0 0.0 2.0289020718929884e-07 0.0 0.0 0.0 0.0 0.0 0.0 1.068026194322379e-07 0.0 0.0 0.0 1.2405434726631655e-07 5.946731463167411e-07 0.0 4.910600713042977e-06 1.0774629821568189e-06 5.677224224731042e-07 3.5376892398216885e-06 6.758884302778763e-07 0.0 0.0 0.0 0.0 0.0 0.0 0.0 9.198422649780752e-08 2.4572611602826264e-06 0.0 0.0 0.0 0.0 3.821693486306993e-06 3.0999946881120046e-07 3.1484066417348113e-06 4.195563205278075e-08 5.575053728389334e-07 0.0 0.0 5.7429360510919864e-08 0.0 0.0 0.0 0.0 0.0 0.0 0.0 0.0 1.9281564310473128e-06 1.2133465441181064e-06 2.317473507206197e-06 6.486155867253787e-05 1.3287269245892517e-06 2.808294731708691e-05 1.260240362333782e-05 0.0004146741658211557 2.6039341776364453e-06 2.8325357682309564e-06 5.10109117413537e-06 3.143311804762744e-06 0.0 5.29646128263388e-07 7.353369223365484e-08 7.131845991880788e-05 0.0 0.0 1.9456552629376902e-07 2.680053914387316e-07 0.0 0.0002637065206415556 1.0433238005155587e-05
0.0012796493028386082 0.0 0.0007472964739735716 0.0008385095000670762 0.0013704726039648967 6.000707779206367e-05 0.0017532585021164248 0.0006300598729672169 0.0008231830313166626 0.0003989750195811431 0.0007005908647111617 0.00019088511190611872 0.0006291134292769027 0.0012317296652664506 1.203017768972417e-05 4.76194499221651e-06 4.87605566011047e-07 4.0281383768365987e-07 1.2707027080687942e-07 4.331070181296357e-07 1.3732043267037053e-07 1.5224251954106245e-06 1.7377078151722497e-07 1.4801783026581299e-06 3.897906075145007e-07 9.543343610376715e-07 1.747619504407586e-07 1.0247080942649049e-07 5.8064788352144726e-08 3.0279316092056854e-07 0.001571010266769838 6.841792592457126e-05 0.00018723212305125588 4.9991720895076655e-08 1.0415407815626804e-07 8.810216789611086e-07 8.113671659226372e-05 3.1253944786731378e-06 2.2038249480203994e-06 6.29029528044386e-07 6.037811148788771e-07 6.14807348556995e-07 1.6078543352030773e-07 7.896278495217913e-07 3.170459268789577e-07 6.237422669520129e-07 8.686215515209246e-05 5.053664900849792e-06 3.0181201938365234e-07 4.5929353407835265e-07 5.83198949858103e-07 8.620828538351368e-07 4.1421813661747805e-07 1.3310282392360927e-07 6.004865039559855e-06 4.1298548208407e-06 8.551196448877606e-05 0.00032349785959718473 7.306091867697922e-05 3.911477257445322e-05 9.672912784937393e-07 1.8199600191640734e-05 1.3066594161530896e-06 0.00020109722657835584 5.1056201529887874e-06 4.282407959064811e-06 5.266088471457969e-07 5.582884881992313e-07 1.0378496736522252e-06 2.3618003808487886e-07 7.13614684054425e-05 4.773056916763501e-07 2.6628999388636816e-07 0.00022880600896533462 0.00015847538007747393 9.936781255731672e-05 8.618305309989961e-06 3.337200810262084e-06 1.1473150391243755e-05 0.0003339498901856392 1.2595919560452176e-06 2.5292326335908516e-05 2.1950710193309734e-05 0.0 5.353088725383947e-06 3.6096390042161198e-06 1.6080995396873933e-06 0.0 7.783127884452377e-07 1.342983061027133e-07 5.512402650424634e-07 0.0 3.698558645350379e-07 6.084444674371166e-07 4.6042636820535884e-08 8.044381799919063e-05 1.4996144121946892e-06 6.902155821302838e-07 6.47083278704141e-07 0.0002520628083669952 2.8516123879723562e-06 1.1966826711940833e-05 7.397720770430893e-06 1.3770541287239925e-06 7.817035887342805e-06 6.218216580499799e-06 1.8045367915835652e-06 2.7154863767466462e-05 1.3471307142532924e-05 1.5507902968457194e-05 4.097418112097652e-06 3.1153860751677994e-05 2.524793612498859e-05 3.146381181922697e-05 1.5671421331318548e-05 0.0 0.0 0.0 0.0 0.0 0.0 0.0 2.378674379634598e-07 0.0 0.0 1.3834792880677955e-07 0.0 0.0 0.0 4.6981853290857356e-08 0.0 0.0 6.876544295707107e-08 5.265457620240393e-08 1.1669595346492682e-05 1.0414554605219825e-06 0.0 6.689707102378856e-08 0.0 1.3155838894237576e-05 7.026826495625727e-08 2.3582139637296266e-06 5.566947220900701e-07 5.650323932001992e-08 0.0 0.0 0.0 0.0 0.0 0.0 9.450212597143532e-08 0.0 1.5470780759491417e-07 0.0 0.0 1.3433397350850617e-07 2.4728366671351915e-07 7.662126998286248e-08 0.0 0.0 6.10988460809951e-08 7.108612777476607e-07 2.3929896171361836e-06 5.916499325383054e-06 5.732225743131209e-07 4.7122499365555947e-07 9.557276714512691e-06 1.579616907699231e-06 0.0 5.250281637082785e-08 0.0 0.0 0.0 0.0 0.0 0.0 1.655546630937073e-05 4.941383369481965e-07 0.0 5.967407043422776e-08 1.5926870514127364e-07 9.52033084634426e-06 4.1939405841661835e-07 6.367276763067862e-06 1.078795729424648e-06 8.312397052741992e-07 6.272374920082195e-08 0.0 8.663321291192667e-07 0.0 0.0 0.0 0.0 5.850781728862077e-08 0.0 0.0 0.0 8.551740949839488e-06 6.848010001244639e-06 5.788988492561721e-06 0.00020548796784624552 1.1205227055431055e-05 0.0002512767181424892 5.943930202187648e-05 0.00018691248261583766 1.7300828966705664e-05 1.952494281020773e-06 1.8526935625057754e-05 2.870264781177836e-06 4.236947230065143e-07 1.8934947729726903e-06 4.952349573323352e-07 2.7524029616681326e-05 5.791179295826124e-08 2.1225057507476538e-07 0.0 3.172332561959125e-06 0.0 0.00016443314048078924 1.0090194187304252e-05
0.0003245023964013272 0.0007472964739735716 0.0 0.00019921840833979487 7.261469173122076e-05 9.903877859135256e-06 3.130770730510315e-05 0.001720984558602176 9.433464073912632e-05 4.285828243484739e-06 0.0006112914741405099 9.293903776488285e-05 0.0001574824575506161 0.000782364644991322 3.588546123297906e-06 3.253853412246146e-06 3.003174975054088e-07 1.1926449540153938e-06 0.0 1.0157795385955118e-06 1.0636474581645066e-06 7.094097820153472e-07 1.786907359916774e-06 5.381562737854107e-06 7.775660255133726e-07 3.951681327373208e-06 1.864284243492112e-06 1.2776181166826996e-07 1.460029727550218e-07 1.132787843850766e-06 0.0014086593933854712 0.00019493987525541945 0.00022068480850594895 0.0 8.648030451171586e-07 3.781258415397955e-06 9.717751873542306e-05 6.1776274593460635e-06 5.482225696887414e-06 1.9615996061519853e-06 5.557457051731469e-06 1.501580586869531e-06 3.913112695204727e-07 3.479226331440609e-07 1.0373819376721941e-07 1.0148020112884744e-06 1.2201099924367555e-05 7.582647855875943e-07 3.095297870306643e-07 3.219847804136023e-07 5.332013705485483e-07 8.956912538789807e-07 8.788099341763706e-07 5.14134160412612e-08 6.220262095925668e-07 4.876818682874198e-07 1.4119985347261861e-05 6.307223032493932e-05 1.0936726884327092e-05 3.102004590765788e-06 1.7451769658295252e-06 4.382688227888952e-05 1.8136128456553517e-06 6.345105894801573e-05 5.164256157765507e-07 3.1107573183541677e-07 1.48927725245594e-07 2.8677447383818383e-07 7.951261480183471e-07 1.491059958735908e-06 6.71162276314925e-05 2.043005221342171e-06 5.799992385256076e-07 2.621962251714466e-05 1.952870065109056e-05 1.1796489015941458e-05 2.5235468717146277e-06 1.5117208887524833e-06 6.824527332273964e-05 0.0009193550240542383 1.3174053536963237e-06 0.00011350832296056465 1.9506838124122238e-06 5.7766492511945423e-08 4.946705743237871e-07 7.805648150827537e-07 3.8967039234509987e-07 6.629958419110592e-08 6.499126659570254e-08 0.0 1.4011438786266405e-07 1.3960036452462571e-07 1.178281991869035e-06 2.4349163059317836e-06 0.0 5.7558169852484806e-05 2.793948010062267e-06 8.698093502675652e-07 8.299182251578882e-07 7.608424578673736e-05 2.6993757974493325e-06 5.042639432043579e-06 2.20206384727044e-06 8.814043922845369e-07 2.8600528250862388e-06 1.9790536510100157e-06 8.536449550873554e-07 1.321943814439803e-05 2.492863526748044e-06 3.724623866063325e-06 1.7038026448294229e-06 1.7191525833926554e-05 1.3290444838544465e-05 1.4555973507575727e-05 1.088963644864393e-05 3.195667429520459e-07 1.7046936743697545e-07 0.0 0.0 0.0 0.0 0.0 6.798202080749273e-08 0.0 0.0 6.29442802623255e-08 1.4880310575885242e-07 0.0 0.0 1.395432218692038e-07 2.579668805579835e-07 1.2711196052827274e-07 1.4850005258351021e-07 8.200812832395584e-08 1.1754383679125017e-05 2.1825795213857407e-06 3.289281362701758e-07 0.0 0.0 1.0914590243238016e-05 3.4506011685148404e-07 2.1379354570453502e-06 8.600536949007667e-07 2.005234959946151e-07 2.5363194802572455e-07 7.716757343683049e-08 0.0 0.0 0.0 4.1422870193598435e-07 9.69036388377781e-08 0.0 4.603820728763784e-08 0.0 0.0 7.080910083688527e-08 1.8045656045603667e-07 1.3028775070208176e-07 0.0 4.368973954865658e-08 0.0 3.0764334815058037e-07 9.368583114033094e-07 4.452028495196587e-07 0.0 6.4822658569261e-08 5.394063379800933e-06 2.5892854307688985e-07 0.0 0.0 0.0 0.0 0.0 0.0 0.0 0.0 1.2259870227202425e-05 6.205662960667097e-08 0.0 2.68026211083871e-07 7.218371013241548e-08 7.313560725434469e-06 2.0696573047329925e-07 6.296339831963268e-06 1.0015460499306738e-06 8.819572433782153e-07 3.274084030372308e-07 5.773004342387639e-08 5.987990166634725e-07 0.0 0.0 0.0 0.0 0.0 0.0 6.102529230036744e-08 0.0 4.516618065356812e-06 4.623673365686104e-06 8.487467095266959e-06 3.6140299938740595e-05 2.0205182521104176e-06 2.9504940616223495e-05 1.0589952492015542e-05 5.9482901040052585e-05 6.135525761975061e-07 3.915286150165714e-07 3.543244437223279e-06 2.5117891221116215e-06 0.0 2.5707748036291204e-06 2.695341476385951e-07 1.3297643850733852e-05 0.0 0.0 0.0 5.559855891748738e-07 0.0 2.7500574294402802e-05 2.6545382541378227e-06
0.0008387638272374346 0.0008385095000670762 0.00019921840833979487 0.0 2.3822886347290126e-06 5.700227308931314e-05 0.0004777599458224668 2.345632640404644e-06 1.8289735747960694e-06 0.0006028318327657352 7.175361892015379e-06 0.00037428700661850203 0.00021786774249472584 2.4850833476549128e-05 5.901237638748793e-08 0.0 1.3422731170115102e-07 0.0 0.0 0.0 0.0 0.0 0.0 0.0 5.615182270578716e-08 0.0 5.252599787316713e-08 0.0 0.0 6.129797333694859e-08 0.0001248120993397751 1.2658230186367476e-06 6.083369314904414e-07 0.0 0.0 0.0 5.245893835932066e-07 0.0 1.6997296977348593e-07 6.939997144341907e-08 0.0 0.0 0.0 4.730111586694695e-08 5.121539826982863e-08 0.0 4.907336664216045e-06 5.631250254075611e-07 0.0 5.295886494005355e-08 0.0 0.0 0.0 0.0 1.36074620238907e-06 7.076501647806756e-07 3.280319099295632e-05 7.978333156331298e-05 2.70828419286041e-05 3.530271764246495e-06 1.1037998416633107e-07 3.862284393562703e-07 0.0 8.886589757798677e-06 9.792262514385955e-07 6.312223317430037e-07 0.0 0.0 1.1877893328327851e-07 5.456390240332535e-08 9.874883263079567e-07 1.4307405885697747e-06 0.0 5.044447552243225e-05 1.7158664327094953e-05 4.489556212349586e-06 0.0 0.0 1.2865998981909484e-07 6.812464504266106e-07 0.0 9.611325257153438e-07 2.5765867752532324e-06 0.0 4.092528403684175e-07 9.975719394155183e-07 2.1062786570842316e-07 0.0 1.2750216287221707e-07 5.991904797852819e-08 6.131246387720708e-08 0.0 0.0 5.506970546968569e-08 0.0 1.977285011648943e-05 7.197329471197986e-07 1.0101722080292148e-07 1.8864493865661186e-07 6.534693898242806e-05 2.049688600600447e-07 6.2058375826039515e-06 3.614724313910123e-06 9.434509524786614e-07 6.873900780732222e-07 1.9719292096287323e-06 1.8134712434907729e-06 4.195227275218614e-06 5.214984950413262e-06 3.252748172344006e-06 1.888614310263554e-07 2.3923827080902587e-06 3.5099480460802094e-06 2.4879101406472114e-06 6.855336919348402e-07 0.0 0.0 0.0 0.0 0.0 0.0 0.0 0.0 0.0 0.0 0.0 0.0 0.0 0.0 0.0 0.0 0.0 0.0 0.0 1.8115775551379666e-06 3.214941192893972e-07 0.0 0.0 0.0 3.4222216471430476e-07 0.0 5.953557398578848e-08 0.0 0.0 0.0 0.0 0.0 0.0 0.0 0.0 0.0 0.0 0.0 0.0 0.0 0.0 0.0 0.0 0.0 0.0 0.0 1.622801319074523e-07 3.3180499601226023e-07 7.447370299403114e-07 0.0 0.0 2.9535933305646966e-07 0.0 0.0 0.0 0.0 0.0 0.0 0.0 0.0 0.0 1.198256192993071e-06 0.0 0.0 0.0 0.0 0.0 0.0 0.0 0.0 9.40631735500552e-08 5.279039980176997e-08 0.0 0.0 0.0 7.877096348369234e-08 0.0 0.0 0.0 0.0 0.0 0.0 7.57668832701314e-07 1.555381979225461e-07 0.0 1.3832063788304206e-05 1.0750234358248903e-06 1.8138662699910865e-05 6.564363550909564e-06 9.357889492467357e-05 8.066006512662653e-07 0.0 1.184948699441347e-06 2.1063880841977032e-06 0.0 0.0 0.0 1.6909462458304344e-05 0.0 0.0 0.0 0.0 0.0 0.00010618685571222642 1.0412022627060037e-06
2.4849246690946743e-06 0.0013704726039648967 7.261469173122076e-05 2.3822886347290126e-06 0.0 1.8288222058056314e-06 0.0008778418918525028 0.00026758518099722945 0.0010813942234298496 0.00011507814827232275 0.0007706507620780383 3.499254611109596e-05 0.000365744565926862 0.001243533185014357 2.5039374808683408e-06 1.0075601326516859e-06 0.0 1.1117792627431803e-07 1.4803077004929787e-07 0.0 0.0 0.0 0.0 8.387428969338219e-08 0.0 0.0 0.0 1.2296110156426255e-07 0.0 0.0 4.5690435716694934e-05 1.1517542371455284e-05 3.435731966232462e-06 0.0 0.0 1.0408823613357959e-07 3.279745091088606e-06 1.1841802301172442e-07 9.667542543648557e-08 5.4863244689152396e-08 0.0 5.4965279441744e-08 5.319756801318056e-08 1.716438492594462e-07 0.0 1.222186841134377e-07 1.9363051325684853e-05 5.676606107369897e-07 4.700741766336095e-08 0.0 5.039490925102763e-08 0.0 0.0 4.716854507447188e-08 6.945675771896456e-07 4.95424637159489e-08 3.8680801431782885e-06 1.595152759305617e-05 5.174683362259355e-06 7.028353457318433e-06 2.6971622077263186e-07 1.890933280003094e-06 0.0 3.185229080170546e-05 5.858645788767326e-07 5.365373467526626e-07 0.0 2.2048132801937373e-07 0.0 0.0 1.4539155319223397e-05 2.638899519275342e-07 0.0 2.514875729061873e-05 1.8511099057337927e-05 2.2543593261998593e-05 2.5277799964343107e-06 3.3838076367718956e-07 4.111630112905082e-07 2.7893432122306583e-06 1.6201527189622527e-07 7.448950810534322e-07 3.5359012172617247e-06 0.0 2.4093172914550607e-07 6.454020020033894e-07 3.455312401213789e-07 0.0 4.8420375618943e-08 0.0 0.0 0.0 8.331848837950006e-08 9.146369334339437e-08 0.0 1.7249984026998422e-05 9.239143589462834e-07 0.0 6.978269317203281e-08 1.8529879511953719e-06 1.1787330309475455e-06 4.565746598889402e-06 1.3086620062952571e-06 1.5633951471261765e-07 2.3189778253284494e-06 3.003037483025348e-06 1.3562610439716369e-06 7.609262002460819e-06 6.155075509623163e-06 7.87688101591513e-06 9.245698961944508e-07 1.0169286577699368e-05 8.953746305312214e-06 1.0955287707236256e-05 5.889427318911423e-06 0.0 0.0 0.0 0.0 0.0 0.0 0.0 0.0 0.0 0.0 0.0 0.0 0.0 0.0 0.0 0.0 0.0 0.0 0.0 3.103385558584349e-06 2.728052736319412e-06 0.0 0.0 0.0 3.911256225014488e-06 0.0 7.558804907442908e-07 0.0 0.0 0.0 0.0 0.0 0.0 3.076605283502836e-07 1.4292902401453175e-07 0.0 0.0 0.0 0.0 0.0 0.0 0.0 0.0 0.0 0.0 0.0 1.79152970777626e-07 4.265784750009259e-07 2.873989875456931e-07 0.0 0.0 2.3401251886607905e-06 0.0 0.0 0.0 0.0 0.0 0.0 0.0 0.0 0.0 5.0754296839128575e-06 0.0 0.0 0.0 0.0 2.015958153056706e-06 0.0 6.986854037735997e-07 2.3360280640493748e-07 0.0 0.0 0.0 0.0 0.0 0.0 0.0 0.0 9.430192285170389e-08 0.0 0.0 0.0 3.0646067085172975e-06 1.0593223470918137e-06 2.4870997126357703e-06 4.7234456065912116e-05 2.2320348191227153e-06 4.393244763816681e-05 1.6035017648087505e-05 2.761315670620545e-06 5.664373800978612e-06 0.0 3.6034437939444697e-06 6.126758270677885e-07 0.0 6.857207073181065e-07 0.0 5.112525450164218e-06 0.0 0.0 0.0 1.561968955205608e-07 0.0 2.4208922139788668e-05 2.7029100015545234e-06
1.488439406728535e-05 6.000707779206367e-05 9.903877859135256e-06 5.700227308931314e-05 1.8288222058056314e-06 0.0 2.4901516666861517e-05 1.3577950912359396e-06 1.9408854797147042e-06 0.0001227166598127313 9.160009269798533e-07 8.137853515255928e-05 3.9089718577437046e-05 2.104732012968023e-05 0.0 0.0 0.0 0.0 0.0 0.0 0.0 2.3953942273134805e-07 0.0 0.0 0.0 0.0 0.0 0.0 0.0 0.0 8.743534786278055e-06 0.0 4.652931888777399e-06 0.0 0.0 0.0 1.0371958317300273e-05 0.0 1.9354579234641378e-07 0.0 0.0 0.0 0.0 0.0 0.0 0.0 1.331922551001466e-07 0.0 0.0 0.0 0.0 6.878365699462332e-07 6.137469839416528e-07 0.0 0.0 6.31662603778549e-07 1.7967306892164987e-05 1.0878263421203753e-05 5.636131019371436e-07 0.0 0.0 1.0626246269061971e-06 0.0 0.0 0.0 6.585613919793452e-08 0.0 0.0 0.0 0.0 0.00012835894423918293 0.00011009734300563163 7.408181398145931e-06 9.190663822801279e-08 6.49076938336433e-08 0.0 0.0 0.0 1.677839568136484e-07 1.4468754353194284e-06 0.0 8.898072582180507e-08 0.0 1.1369766564310973e-06 0.0 9.56636617065318e-07 0.0 3.2157952900480533e-06 2.5119894681195106e-06 4.912708384817576e-06 6.269920017475872e-07 1.2406425698033324e-07 0.0 0.0 2.3473434613333585e-07 0.0002452814467105172 0.00012418680569826834 1.218194227443279e-05 9.392976728211507e-07 0.00012200146791431163 0.0 1.2408585410515586e-06 1.081627953427728e-06 1.027952622047899e-07 6.283411769509933e-07 4.643873876436856e-07 2.0247781515493541e-07 8.751709720383998e-07 1.2556024556349274e-06 1.4712940381151234e-06 0.0 1.0800409787086649e-06 3.0563164510600673e-06 9.23886016659885e-07 0.0 0.0 0.0 0.0 0.0 0.0 0.0 0.0 0.0 0.0 0.0 0.0 0.0 0.0 0.0 0.0 0.0 0.0 1.8892940376363519e-07 1.501715372428455e-07 0.0 5.492687194539182e-08 0.0 0.0 0.0 0.0 0.0 0.0 0.0 0.0 0.0 0.0 0.0 0.0 0.0 0.0 0.0 0.0 0.0 0.0 0.0 0.0 1.5142310302396502e-07 0.0 0.0 0.0 0.0 0.0 0.0 1.3402885013591005e-06 7.256213681110339e-08 0.0 0.0 0.0 0.0 0.0 0.0 0.0 0.0 0.0 0.0 0.0 1.336492618605495e-07 5.697573599726877e-07 0.0 0.0 0.0 0.0 0.0 0.0 0.0 1.2447254728404342e-07 0.0 0.0 1.079380759772027e-07 0.0 0.0 0.0 0.0 0.0 0.0 0.0 0.0 1.3791433889391731e-07 1.9309675790470884e-07 7.88136282066344e-08 1.6275960572940448e-07 6.551084155893849e-08 1.265337677995132e-07 8.735678509574828e-08 3.886851484051156e-05 0.0 0.0 0.0 3.1791956188734947e-07 0.0 0.0 0.0 6.183115444679688e-06 0.0 0.0 0.0 0.0 0.0 1.6712548128064166e-05 2.188606199277621e-06
0.00024462215382782846 0.0017532585021164248 3.130770730510315e-05 0.0004777599458224668 0.0008778418918525028 2.4901516666861517e-05 0.0 5.603707910218956e-06 0.0006079837329768266 0.0009581745277270289 0.00012151523109497907 0.0002545536194524443 0.0018829270245901905 0.001043545640079572 1.5303303062431482e-06 7.596609878053547e-07 3.5930987375336944e-07 7.298434610244003e-08 0.0 1.2518592902064383e-07 0.0 0.0 5.1037931177590964e-08 0.0 0.0 5.0112684126010556e-08 5.5252295522647e-08 0.0 0.0 0.0 0.00013557694116702427 9.533615948481103e-06 3.1708679499344257e-06 0.0 0.0 0.0 2.55690725994211e-06 1.3664313859885125e-07 1.9549426149744184e-07 0.0 0.0 1.2634868560897263e-07 0.0 0.0 6.002847509199993e-08 1.0921827822622284e-07 1.6297760468667045e-05 8.985664620020622e-07 0.0 3.352466758325525e-07 0.0 0.0 5.45968759470806e-08 0.0 1.2314823798220403e-06 7.326786058295345e-07 1.6941199796755464e-05 6.58535096229602e-05 1.681110120055642e-05 7.994417376966053e-06 0.0 6.330864506522893e-07 0.0 4.000490104945305e-05 9.600615159322307e-07 1.0488983491763354e-06 7.887713779027312e-08 0.0 5.364308908723587e-08 0.0 9.326966463122204e-06 5.026959633646045e-08 0.0 5.487732198845276e-05 3.1328770549336356e-05 2.0477556268296363e-05 2.128358701854962e-06 2.902294674727275e-07 7.08342235168769e-07 2.779809281461742e-06 7.067609717734329e-08 1.0536342174747604e-06 3.5313818077123e-06 0.0 8.165209390066387e-07 6.317847269251184e-07 5.4643978608106455e-08 0.0 6.116332646358964e-08 0.0 0.0 0.0 6.17144797097439e-08 0.0 0.0 4.722580793245539e-05 0.0 0.0 0.0 2.4604101879247016e-05 1.2255844903890406e-06 8.904843530866669e-06 8.907766240897104e-06 1.289731224932062e-06 2.268857626966365e-06 1.5353287382560488e-05 3.600831214255795e-06 1.7395081832690654e-05 3.161166681162636e-05 1.1400232336841446e-05 4.933527147412443e-06 3.151572033012792e-05 1.8806641463745537e-05 1.5820333401905656e-05 3.4063814862063072e-06 0.0 0.0 0.0 0.0 0.0 0.0 0.0 0.0 0.0 0.0 0.0 0.0 0.0 0.0 0.0 0.0 0.0 0.0 0.0 3.6869330000520384e-06 4.184191913508755e-07 0.0 0.0 0.0 2.0308225811935696e-06 0.0 8.525171136406931e-07 8.167896948214682e-07 0.0 0.0 0.0 0.0 0.0 0.0 3.2992284797950925e-07 0.0 9.456681228108108e-08 0.0 0.0 0.0 0.0 0.0 0.0 0.0 0.0 0.0 2.678828522354668e-07 1.2802335583371272e-07 1.8669777903352596e-06 0.0 0.0 2.0800667490693192e-06 2.409925112463641e-07 0.0 0.0 0.0 0.0 0.0 0.0 0.0 0.0 5.520212316170206e-06 1.1676899280615972e-07 0.0 0.0 0.0 3.680087119134779e-06 0.0 2.6154550018631138e-06 0.0 2.517497369540803e-07 1.7045753713801154e-07 0.0 0.0 0.0 0.0 0.0 0.0 0.0 0.0 0.0 0.0 5.6896757215567e-06 3.778127076049063e-06 1.1691362714150367e-06 4.550145884884729e-05 4.182167860724738e-06 5.184323559791895e-05 1.158276350727387e-05 5.333077311560715e-05 1.3561935125066098e-06 0.0 2.7048334064416012e-06 5.933018318540304e-07 8.407744303331705e-08 9.493841899203944e-07 0.0 3.058852557847099e-05 0.0 0.0 0.0 1.6201025820291663e-07 0.0 0.00012138544282664364 9.321464743715042e-06
0.0001233454055060576 0.0006300598729672169 0.001720984558602176 2.345632640404644e-06 0.00026758518099722945 1.3577950912359396e-06 5.603707910218956e-06 0.0 8.287910476788758e-05 2.352438626107671e-06 0.0011564018120059688 7.87561902097951e-05 0.00012223004625195973 0.0007551163282667923 5.8231508615889496e-06 5.628214973392232e-06 7.303056874051636e-07 4.453491279093383e-06 0.0 2.9650949069159634e-06 7.92187431152145e-06 1.1059680601935661e-06 1.4776419693513421e-05 4.062076283696942e-05 6.762501449257082e-06 2.3143376908351072e-05 9.61101471495758e-06 3.2610218169515718e-06 6.725991028547568e-07 6.872874162937725e-06 0.0010029273384280848 0.00107559955422945 0.00026339231956326874 4.3767883821489655e-07 1.2121420641876416e-05 2.1770840625811954e-05 9.45326270037201e-05 2.4107750553546588e-05 9.560257336273042e-06 6.932677286594186e-06 3.565464630481711e-05 7.683572993666221e-06 2.2905998084849084e-06 1.2475179403148474e-06 1.3076634450108433e-06 4.254602562311868e-06 2.423280779076798e-05 4.825213027626717e-07 1.6223422572462005e-06 2.3682595853975317e-06 2.2561633631602606e-06 4.193596307757258e-06 1.0733382296997945e-06 7.88631019705645e-07 3.8359100133069573e-07 5.859530182413498e-07 8.211496542146006e-06 4.822297851584545e-05 6.6323754059239264e-06 6.784248673887083e-06 2.199793588524222e-05 0.00016330704977968847 1.1959641362380909e-05 0.00016364813991717362 7.58847403646659e-07 6.967718035357168e-07 3.3702515430408064e-07 3.754644651249035e-06 5.033687564591467e-06 8.135407610400967e-06 9.99243996888264e-05 1.3704692036091724e-06 3.318931496005613e-07 2.319349677470832e-05 2.6458067424990907e-05 2.2984582596096957e-05 6.894186133428084e-06 5.129317977484409e-06 0.0004815583688081251 0.0018188847030722883 1.6816963838640325e-05 0.0009888688042806965 3.8684830121371805e-06 0.0 6.154059700897561e-07 3.83796176117807e-07 2.6242008414017594e-06 8.633608455203007e-08 4.905124364689046e-07 7.759556549597331e-08 1.5184537157186137e-06 0.0 1.0100637449905503e-05 7.406900065399429e-06 1.461960188590745e-07 7.066789428758952e-05 2.4374276283475503e-06 0.0 1.4139116415796646e-06 3.175746375646792e-05 1.770727339496227e-06 3.6648656681247775e-06 6.45149695137102e-07 6.152846790565773e-07 4.479869908170532e-06 1.6544709579568976e-06 4.708515806701802e-07 1.5039596545278078e-05 2.895072939118171e-06 7.494349753013434e-06 2.283444440222604e-06 2.6201359927036802e-05 1.5459981928114166e-05 1.5602853422834728e-05 1.0118312845330652e-05 2.13305278797495e-07 0.0 0.0 5.927960245850773e-08 0.0 0.0 0.0 2.471139576077424e-07 0.0 1.3733541491399625e-07 9.484261542391458e-07 0.0 0.0 0.0 0.0 3.5591728021794354e-07 0.0 6.551357492534923e-07 0.0 1.5725542881402853e-05 2.1904741173308723e-06 7.022643654929886e-08 0.0 0.0 1.1397918557304115e-05 1.6925960904984996e-07 2.0124696395413323e-06 1.1497065876429946e-06 1.5400043136354276e-07 9.452094182028835e-07 7.829973514897541e-08 2.4374708394075667e-07 0.0 0.0 1.442894033305622e-07 5.95173641508291e-07 0.0 1.395632598320671e-07 1.5525448928224154e-07 0.0 6.864253560666978e-07 4.90178847253679e-07 7.330660722855127e-07 0.0 0.0 0.0 9.680765539867784e-07 2.135269630504855e-06 3.3641572790501913e-07 1.8241720872123786e-07 5.368658886538365e-07 6.513122155400162e-06 1.477505075351569e-06 0.0 0.0 0.0 0.0 0.0 0.0 0.0 6.866210119809302e-08 1.0826825533464138e-05 1.3492885053100878e-07 2.434196935500326e-07 0.0 3.6037304570075705e-07 7.250783275501798e-06 3.448011614832568e-07 8.05067596654402e-06 3.629123699928993e-07 1.622840806637246e-06 1.7032352065358493e-07 5.546644704815507e-08 5.192048324756057e-07 0.0 0.0 0.0 0.0 9.745854079678347e-08 0.0 0.0 8.109739282559831e-08 4.516122272866697e-06 4.840218738531101e-06 8.64691456189908e-06 5.709013013005264e-05 2.5719307772325373e-06 5.79430798081735e-05 2.3100836775477616e-05 8.018553452050045e-06 4.7610939881707905e-06 0.0 8.941731621788156e-06 2.5806624918565054e-06 0.0 5.750592628986632e-06 3.101310057658265e-07 5.272924753653085e-06 0.0 0.0 0.0 5.360355109339832e-07 3.955662981542588e-07 1.7192152625439408e-05 5.778777708993537e-06
9.887384463971245e-07 0.0008231830313166626 9.433464073912632e-05 1.8289735747960694e-06 0.0010813942234298496 1.9408854797147042e-06 0.0006079837329768266 8.287910476788758e-05 0.0 5.8391235512922346e-05 0.0007049256088285738 1.7866815852801314e-05 0.0004251438793654999 0.0009114061293230729 2.4947686713690465e-06 7.759804082318105e-07 5.344905537385581e-08 0.0 0.0 0.0 0.0 0.0 0.0 8.711735497405259e-08 0.0 0.0 0.0 0.0 0.0 0.0 1.3621007548100686e-05 6.709235736200311e-06 4.075399610097092e-06 0.0 0.0 0.0 3.988903801799973e-06 3.9686828664478125e-08 1.0338234341749566e-07 0.0 0.0 1.1613973016869333e-07 0.0 1.7127894232206094e-07 4.4272441659578944e-08 6.267714664834909e-08 8.825723895061894e-06 1.099371737646849e-07 1.094828608663196e-07 0.0 0.0 0.0 2.108883970489813e-07 0.0 1.6269818063183542e-07 1.8079705032877523e-07 9.417186983262468e-07 3.6322976073411906e-06 1.49429856506553e-06 2.7913623647913756e-06 0.0 4.2987636730833994e-07 0.0 1.2355583620291832e-05 4.4415032694263505e-07 5.3184380276715616e-08 0.0 0.0 0.0 0.0 7.737736691554541e-06 0.0 0.0 9.119438850183126e-06 9.083508168756548e-06 1.1153051927835046e-05 1.1106031040861496e-06 6.383771410604548e-07 5.243364379328011e-07 4.58640169990965e-06 4.709785746219004e-08 6.734521073346888e-07 1.1876692773619138e-06 0.0 4.7039361571860015e-08 5.4921047151656826e-08 4.407529382487303e-08 0.0 5.172368086598959e-08 0.0 0.0 0.0 5.857131426448087e-08 0.0 0.0 2.9166097937157412e-05 1.2887831031674224e-07 0.0 1.430531602030919e-07 1.483182215188235e-06 1.133616490102352e-06 5.36578796085743e-06 1.9174579323725354e-06 1.3084898092544943e-06 2.074669619591221e-06 4.395124152006686e-06 4.836345359964744e-07 9.063179193146567e-06 9.659828650792181e-06 6.2763403816611975e-06 1.090146920192211e-06 1.3931856180221927e-05 1.0422599435455313e-05 1.493732685093397e-05 3.779715256912283e-06 0.0 0.0 0.0 0.0 0.0 0.0 0.0 0.0 0.0 0.0 0.0 0.0 0.0 0.0 0.0 0.0 0.0 0.0 0.0 4.630693637397611e-06 2.886956051225119e-07 0.0 0.0 0.0 2.914393536186766e-06 2.455890719959236e-07 6.82760409296935e-07 0.0 0.0 0.0 0.0 0.0 0.0 0.0 1.2463885228958548e-07 0.0 0.0 2.4510863998279416e-07 0.0 0.0 0.0 0.0 0.0 0.0 0.0 0.0 0.0 0.0 1.695753893574772e-06 4.010438568549399e-07 0.0 2.182188865161765e-06 5.982311623132037e-07 0.0 0.0 0.0 0.0 0.0 0.0 0.0 0.0 5.606626858928757e-06 3.8793647396590373e-07 0.0 0.0 0.0 1.9750041585863283e-06 0.0 2.640239406748478e-06 0.0 2.4209268282148835e-07 9.319938101419397e-08 0.0 7.802136380163153e-08 0.0 0.0 0.0 0.0 0.0 0.0 0.0 0.0 4.382881469413574e-06 1.8965524282605757e-06 3.2332953617033313e-06 2.4989545417141007e-05 5.664442878997824e-07 2.0436762968370024e-05 7.783279085339103e-06 3.2453762276601e-06 1.1284581939777604e-06 0.0 2.019667785996586e-06 1.043473335494463e-06 0.0 0.0 1.1654779353238786e-07 5.409256009428948e-06 0.0 0.0 0.0 3.719416408007195e-07 0.0 2.9433488754020804e-05 6.1569567751114095e-06
0.0009245209024716923 0.0003989750195811431 4.285828243484739e-06 0.0006028318327657352 0.00011507814827232275 0.0001227166598127313 0.0009581745277270289 2.352438626107671e-06 5.8391235512922346e-05 0.0 6.708052790355775e-06 0.0012698565275112315 0.003259951279523088 0.0004061252900604579 1.5902678288199875e-07 2.5332129656245093e-07 0.0 0.0 0.0 0.0 7.160144088856e-08 0.0 0.0 0.0 0.0 0.0 0.0 0.0 4.851105496556638e-08 0.0 9.162851068568975e-05 2.0772021314803016e-06 7.4620891833432765e-06 0.0 0.0 0.0 6.737853279825188e-06 0.0 0.0 0.0 0.0 0.0 0.0 0.0 0.0 6.296943698331952e-08 6.188196598009328e-06 3.383791246659654e-07 1.1759529401091709e-07 0.0 1.9422575506441335e-07 0.0 5.517308505199966e-08 0.0 1.0842302241560627e-06 3.5480591293538063e-07 2.878903703811739e-05 6.34078778987147e-05 2.0596121663632687e-05 2.2130478238771257e-06 1.0794013524771508e-07 3.9367635431171095e-07 0.0 8.889571140228342e-06 4.5234501743771955e-07 4.347136651859815e-07 1.0027384095832666e-07 1.1494890446250305e-07 0.0 0.0 2.153401931828174e-05 1.360291074607945e-05 1.2312519810724484e-06 4.478703792029453e-05 1.3388627784478978e-05 3.747186881213285e-06 0.0 4.5212002742516776e-07 3.194871206272961e-07 6.28974121059825e-07 1.1169251275980257e-07 4.778047958096559e-07 2.587112677640923e-06 6.641254988778463e-08 4.201177995446738e-07 6.389872903054917e-07 1.1345816491785363e-07 6.703532540287775e-07 1.5350836657331494e-07 2.787518501034831e-07 0.0 0.0 0.0 0.0 0.0 8.21425635421295e-05 1.174180942035867e-05 7.508936351937437e-07 0.0 0.00010666389538817855 3.412916707255107e-06 5.76466477044475e-05 2.6564887733136586e-05 1.424439455306598e-05 4.326204007403021e-06 2.3893040549672964e-05 1.059166229171419e-05 5.186846622991398e-05 2.868692664725909e-05 5.350199481441156e-05 2.5222039457668375e-06 5.806594455268816e-05 5.587164046537282e-05 4.145153273858789e-05 9.696806828494694e-06 0.0 0.0 0.0 0.0 0.0 0.0 0.0 0.0 0.0 0.0 0.0 0.0 0.0 0.0 0.0 0.0 0.0 0.0 0.0 3.4345377280208514e-06 4.347008851010261e-07 0.0 0.0 0.0 5.550461789650204e-06 0.0 7.52797897270242e-07 1.4395901228852006e-07 0.0 0.0 0.0 0.0 0.0 0.0 0.0 0.0 0.0 5.585467417344472e-08 0.0 0.0 0.0 0.0 0.0 0.0 1.1208905261381362e-07 0.0 5.86198256346409e-07 2.6521316351211275e-07 1.8111079494243612e-05 8.74826930974676e-07 0.0 2.052364441919781e-06 0.0 0.0 0.0 0.0 0.0 0.0 0.0 0.0 0.0 1.0391942142362008e-05 2.091372438363745e-07 0.0 0.0 0.0 4.057883682058869e-06 0.0 7.507497552238222e-07 1.1479726230352762e-07 5.127720916542428e-07 6.404707845800123e-08 0.0 0.0 0.0 0.0 0.0 0.0 0.0 0.0 0.0 0.0 8.096193216215361e-06 7.28806899895144e-07 9.200033797814072e-07 1.3741142800995275e-05 1.0657305237577795e-06 1.928265883796601e-05 8.101849742333942e-06 0.0002024731772826978 7.543362816103988e-07 0.0 9.869994428805404e-07 2.663027794346943e-06 0.0 5.591867882252498e-07 5.222858878006598e-07 0.00014047936831180398 0.0 0.0 0.0 0.0 0.0 0.0004257398593711123 2.94787565083605e-05
1.3369491168521589e-05 0.0007005908647111617 0.0006112914741405099 7.175361892015379e-06 0.0007706507620780383 9.160009269798533e-07 0.00012151523109497907 0.0011564018120059688 0.0007049256088285738 6.708052790355775e-06 0.0 0.000129081246920557 0.00039036169190201234 0.002783576897491569 1.8118028267242418e-06 1.4922880740487436e-06 0.0 6.153905507764707e-08 0.0 0.0 0.0 1.2272259601300095e-07 5.157096704582921e-08 0.0 0.0 2.6570041213089736e-07 0.0 0.0 0.0 0.0 3.7871804604943236e-05 1.0200857396812708e-05 0.0002125592549294115 0.0 1.1416346506834118e-07 1.378581628348584e-07 0.00012567235032119616 1.230323834231779e-06 1.81113806898729e-06 1.339633426396151e-07 0.0 5.706033419199129e-07 6.899471541176994e-08 1.3393102049775659e-07 5.217188319430386e-08 9.100973766542412e-08 5.076010625137362e-06 6.10268052338051e-08 7.140969338570793e-08 6.823898834928661e-08 0.0 4.5927787521727283e-07 0.0 2.283792692284396e-07 2.411689865266815e-07 4.917222789078878e-08 1.0529057400245264e-06 4.252594744144155e-06 1.0661254119927872e-06 1.9864288358930334e-06 6.359785910220942e-08 5.7300762681652115e-06 5.174460893802532e-07 8.56023144403719e-06 4.8364930811045595e-08 3.0648590363965493e-07 4.4699702467560255e-08 0.0 7.043028331705927e-08 0.0 4.164819434590509e-05 0.0 5.749676757919771e-07 5.522658405939252e-06 3.789454732296485e-06 7.496065125350242e-06 2.450085232935942e-06 4.7564723505495013e-07 2.464322016433599e-06 0.0003078572190437461 0.0 1.60016324141309e-06 4.500735748210868e-07 0.0 2.1555342223918786e-07 1.0212307848621562e-07 1.40615164627937e-07 0.0 0.0 0.0 0.0 0.0 3.9370559175039373e-07 0.0 0.0 2.4190833499202804e-05 5.170959713672212e-07 0.0 9.401732326170826e-07 2.2658157271991954e-06 5.615031565597953e-07 6.716407771945988e-07 6.354706656463283e-08 0.0 6.322381993049073e-07 2.5704534607695544e-06 0.0 5.684522086107618e-06 2.4339476166775777e-06 1.2641799266949254e-06 5.250596621419321e-07 6.948927212944738e-06 4.697412867298395e-06 5.658590629723525e-06 3.831587163229235e-06 0.0 0.0 0.0 0.0 0.0 0.0 0.0 0.0 0.0 0.0 0.0 0.0 0.0 0.0 0.0 0.0 0.0 0.0 0.0 6.400399419021172e-06 0.0 0.0 0.0 0.0 3.3649604239681668e-06 0.0 5.913880004735395e-07 9.041535654888161e-08 5.471002235525325e-08 0.0 0.0 0.0 0.0 0.0 0.0 0.0 0.0 1.212975682106607e-07 0.0 0.0 0.0 0.0 0.0 0.0 0.0 0.0 3.697745485653565e-07 1.7131578225126796e-07 0.0 3.136895680993638e-07 0.0 2.173183700426718e-06 0.0 0.0 0.0 0.0 0.0 0.0 0.0 0.0 0.0 4.733397543638323e-06 0.0 1.8358087306962928e-07 0.0 0.0 3.821480826701958e-06 0.0 1.8882184932555183e-06 0.0 2.825665772835738e-07 5.340593677088246e-08 0.0 0.0 0.0 0.0 0.0 0.0 0.0 0.0 1.8821740888268604e-07 0.0 2.1237242295150106e-06 1.5013859731983336e-06 1.6726169639356064e-06 1.545394249535289e-05 8.657399333510228e-07 1.0331133014629139e-05 4.445145236418231e-06 1.1213980186468352e-06 1.1485175144180356e-06 0.0 1.9104897896231413e-06 6.766920921147764e-07 0.0 4.491348500541325e-07 1.1203490640711686e-07 3.396469654082813e-06 0.0 0.0 9.479757161314181e-07 1.3162543601654725e-07 0.0 4.944094655469669e-06 1.4577740446568945e-06
0.00013759262796286112 0.00019088511190611872 9.293903776488285e-05 0.00037428700661850203 3.499254611109596e-05 8.137853515255928e-05 0.0002545536194524443 7.87561902097951e-05 1.7866815852801314e-05 0.0012698565275112315 0.000129081246920557 0.0 0.0008375680407275674 0.00013104002643559158 1.3652066159396116e-06 1.4604266414349959e-06 7.10808741134038e-08 0.0 0.0 0.0 2.0895843191441446e-07 0.0 1.0889735982853759e-07 7.872763475107487e-08 0.0 0.0 0.0 0.0 0.0 5.2974015287394576e-08 1.730570004922749e-05 5.38588477262881e-06 2.11751321329153e-05 0.0 0.0 6.201790523481544e-07 7.611849283801118e-05 2.1338581938878962e-06 1.4169682798400722e-06 9.405493983008001e-07 1.6298300295925375e-07 0.0 0.0 0.0 5.532012116917593e-08 1.6220069869938224e-07 3.7754369963450438e-06 0.0 4.8058528169176126e-08 0.0 0.0 4.2916928946106315e-07 0.0 0.0 6.894691091773273e-08 1.0752828534783347e-07 5.339339085440251e-06 1.041680492560463e-05 3.3304633982671196e-06 8.906394472554357e-07 2.74411311312319e-07 1.7099242761048882e-06 0.0 5.8317291521545575e-06 1.854941581130459e-07 0.0 0.0 0.0 0.0 7.358870417448541e-08 2.1448252811143058e-05 1.8648246423030804e-06 1.337780209012802e-07 8.432782914655339e-06 4.701923413579431e-06 4.002521585391984e-06 1.2998414530603483e-06 3.9211316206576916e-07 3.815420145631066e-07 2.201542389965852e-05 4.9332044092920397e-08 1.5345694280628741e-06 8.405396945077245e-07 0.0 0.0 9.557416538980481e-08 0.0 8.372344182446165e-08 0.0 0.0 0.0 0.0 0.0 5.424834231156515e-08 0.0 0.0001551330250728179 2.1899518443030057e-06 4.647251584388292e-08 1.463470096161531e-07 1.4495060008448625e-05 2.2510700433242237e-06 3.1143222379499584e-05 1.4758515786302888e-05 3.878285404539424e-06 4.313425275682574e-06 1.6982529814021398e-05 1.0161864832289808e-05 5.0984155475685323e-05 2.1049093401139183e-05 3.6375252895350484e-05 5.594267394684629e-06 7.344563919238855e-05 4.249588673162346e-05 4.6624736981471915e-05 1.9413146552240028e-05 0.0 0.0 0.0 0.0 0.0 0.0 0.0 0.0 0.0 0.0 0.0 0.0 0.0 0.0 0.0 0.0 0.0 0.0 0.0 1.5898044194093276e-05 5.973852728230214e-07 0.0 0.0 0.0 9.904618444255583e-06 0.0 3.3841700557742945e-06 1.2105076253845647e-06 0.0 0.0 0.0 0.0 0.0 0.0 1.5803746309933337e-07 0.0 0.0 0.0 0.0 0.0 0.0 0.0 0.0 0.0 0.0 0.0 3.7917574464067556e-07 2.7113021340658154e-06 7.479640547644682e-06 7.270495772761864e-08 1.5199260479064382e-07 6.520019820666922e-06 7.309415901393838e-07 0.0 0.0 0.0 0.0 0.0 0.0 0.0 0.0 1.898497744626423e-05 2.7945601975648523e-07 0.0 0.0 7.823462017485566e-08 6.748334285913115e-06 0.0 4.067237590559075e-06 2.69144256286524e-07 1.111889723694501e-06 1.2976482627231853e-07 0.0 5.584692459216959e-08 0.0 0.0 0.0 9.255479572307843e-08 7.900427463015122e-08 0.0 0.0 0.0 9.493292317727528e-06 3.164412191511846e-06 5.787837356142708e-06 1.7165670532728082e-05 3.8692406513794255e-07 1.1135693201986179e-05 3.684521980920596e-06 5.4790080997398705e-05 1.1256976704118462e-06 0.0 2.3252494555490727e-06 3.1785910338614337e-06 0.0 2.015594956574623e-06 3.263147959121889e-07 6.566350704928075e-05 0.0 0.0 1.1557878488112312e-06 1.7442726434879063e-07 7.62752789160409e-07 0.0002877063564729337 3.408914508710422e-05
