0.0 0.0013650412260688232 0.0005610054881669372 0.0009120537111696927 2.3969272531708352e-05 2.178571209557823e-05 0.0001397347908199545 8.808552705832386e-05 2.84444833306177e-06 0.0006404362060245969 9.023238625340299e-05 4.4652884849788546e-05 0.00014954695074748296 3.742251407070094e-05 1.5765636525133277e-06 7.821965801796713e-07 1.1244073592245073e-07 1.648089042519518e-07 0.0 0.0 2.505534750374321e-07 4.345960849986058e-07 7.615436461741751e-08 5.3509093764328325e-08 0.0 7.52166392264928e-08 0.0 2.285499071007642e-07 0.0 2.894380313200136e-07 0.00041381859045741705 2.2867009265592118e-05 7.847178906773337e-06 2.3548371396608354e-07 6.96734228687746e-08 0.0 8.199246155556005e-06 4.889434387368885e-07 8.648097422612862e-07 1.2733079554254444e-07 2.60058177420543e-07 8.050546538094348e-07 5.337385129160563e-07 4.132091398646544e-07 0.0 5.330203797806734e-07 1.6755882266176506e-05 3.810754243061663e-07 2.1832180084196052e-07 3.6452464201088e-07 0.0 0.0 0.0 7.470456542941571e-07 1.075261134952707e-06 2.181281210166875e-06 0.00011777248540446618 0.0002635623027196251 4.131913660792698e-05 1.1097968051991713e-05 5.464739847825036e-07 1.355397176621731e-06 2.226824669677226e-07 3.161362353933944e-06 2.4465676929072287e-06 1.4822219990323582e-06 5.772767382596445e-07 2.3795070444730153e-07 6.039212214410042e-07 5.556964828202735e-07 6.333602059911974e-06 0.0 0.0 2.6359081726924154e-05 1.7614918350410695e-05 5.186524170342101e-06 1.781943050370686e-06 1.9365977762517464e-06 1.706146554969006e-06 3.6013920797981377e-05 1.3028026863506766e-06 3.6833045314858932e-06 8.078276653266383e-06 1.6933392599231992e-07 3.506220823451958e-07 3.4163026963269046e-06 6.63045677623836e-07 0.0 6.808528244325631e-07 6.146022227129124e-08 1.2020710450248956e-07 0.0 7.107826022032019e-07 1.9851593728784018e-07 5.622436511368972e-08 2.4517943545214124e-05 2.296216324688513e-06 0.0 8.784106499550174e-07 0.00044918856010664113 2.848360262767605e-07 1.3217518886792209e-06 6.773722852389537e-08 1.3595207790192498e-06 7.026695068062542e-08 1.0986173099848147e-06 7.77937292842291e-08 1.5814456645144413e-06 1.3593202846021087e-06 4.0620212651223766e-06 1.0022437367851766e-07 2.6447001576781307e-06 8.52237396668313e-06 6.905888142550046e-06 3.0773945129344073e-06 0.0 0.0 0.0 0.0 0.0 0.0 0.0 0.0 0.0 0.0 0.0 0.0 0.0 0.0 0.0 0.0 0.0 0.0 0.0 8.518528036332422e-08 0.0 0.0 0.0 0.0 1.923715049527683e-06 5.120537246151174e-07 1.949499418445998e-06 4.41673281113361e-07 2.801427474378926e-07 1.8190697056378697e-07 0.0 0.0 0.0 1.2602259361206582e-07 0.0 0.0 0.0 0.0 0.0 0.0 0.0 0.0 3.609341018989656e-07 0.0 0.0 0.0 0.0 6.196992049817522e-08 6.764483062257632e-08 0.0 0.0 1.745447484787875e-06 0.0 0.0 0.0 0.0 0.0 0.0 0.0 0.0 0.0 1.5258691819089034e-06 0.0 0.0 0.0 0.0 1.1397608344108261e-06 1.575251178383244e-07 0.0 0.0 0.0 0.0 0.0 0.0 0.0 0.0 6.280170490575882e-08 0.0 0.0 0.0 0.0 0.0 1.6104423299130426e-06 5.734446021209553e-07 5.323660964472212e-07 0.00014335559830907694 4.149353031307275e-06 5.038237758890155e-05 8.63587594509005e-06 0.00032863320533700797 4.694353310521849e-06 1.1162381841073456e-06 1.8264517795491921e-06 1.755745914023266e-05 1.3950414878471812e-07 3.779217128667856e-07 0.0 1.4947204334794191e-05 0.0 0.0 0.0 3.8123406372368044e-07 0.0 0.00010447091130137308 6.090545607563052e-06
0.0013650412260688232 0.0 0.001279492351840949 0.001280479509947639 0.0008168714778565695 1.9506530086057835e-05 0.0011609590050836059 0.0003768487392690032 0.00038758717847081197 0.0005062670274192713 0.00037203862029128496 8.154389966201202e-05 0.0009373905906271765 0.0008365598978064548 8.364964975541273e-06 3.737753736376125e-06 1.4932427253776662e-06 1.3358482638999622e-07 5.193418280729919e-07 0.0 8.510409661226234e-07 1.4951470471403296e-07 2.0716154786575381e-07 0.0 0.0 7.198573819887174e-08 0.0 6.052207713451312e-07 1.264711297259237e-07 0.0 0.0007553073685702719 4.2786068252102104e-05 1.6891084552120288e-05 4.033541679378806e-07 7.383830027521098e-08 1.6650668653967113e-07 4.024662410873763e-05 1.017490365126377e-06 1.8118467853626279e-06 1.4426358244013897e-06 2.2992338489280367e-07 8.925490715125273e-07 1.4647451569324717e-06 2.5666507451701103e-06 8.750144844613696e-07 1.2643311462354839e-06 0.00015136494184081153 2.0664216080438478e-06 6.032586896829828e-07 9.007664815271158e-07 5.964532371533049e-08 0.0 0.0 9.740952719229409e-07 5.043257427500574e-06 7.539572074541035e-06 0.00014844386164335872 0.0002982477168986778 7.094136796402539e-05 6.002116971320079e-05 2.070434019645215e-06 2.6560982217932888e-06 8.199317652864295e-07 2.9223963246274452e-05 6.6039617034470965e-06 5.045614982105983e-06 2.9578547445459676e-06 4.6451502531398393e-07 6.372289996354524e-07 1.8330796144086678e-06 4.7774020844913635e-06 4.9361520410594815e-08 4.192425769262156e-08 0.00012648186373655262 0.00010258603520411623 5.094587850144473e-05 7.796876249789346e-06 1.0014621729957881e-05 3.2452952998223628e-06 4.956408477272158e-05 2.2007388730101706e-06 1.0467349445639466e-05 2.0956481826564352e-05 4.760738634516368e-07 2.397086335653417e-06 1.0223176493237644e-05 7.97117576623775e-07 7.697764050150556e-08 2.4333968782207344e-06 0.0 2.766789083891342e-07 1.6501428374547777e-07 1.9001006530650208e-06 8.005592923155877e-07 4.978190365584659e-07 6.252628994959664e-06 1.7418555903677583e-06 0.0 2.755318260838619e-06 0.0004983955468150864 2.6131259567650117e-07 2.0138203013871397e-06 5.450395421938646e-07 6.006082846141146e-07 0.0 2.11085408339232e-06 1.38472339333918e-07 2.7483956681235565e-06 2.7290559616381373e-06 4.562896873645375e-06 1.300302319496899e-06 4.606123046049604e-06 1.0032920248482944e-05 9.035857789935854e-06 7.924680760217668e-06 0.0 0.0 0.0 0.0 0.0 0.0 0.0 0.0 0.0 0.0 0.0 0.0 0.0 2.622667999787075e-07 0.0 0.0 0.0 2.0541738425916234e-07 0.0 0.0 0.0 0.0 0.0 0.0 4.100725246977998e-06 6.908142455819587e-07 3.3478532840568593e-06 6.526337023516716e-07 4.657693598599431e-07 0.0 1.3809845460153736e-07 3.874670385166771e-07 0.0 9.642740171880098e-08 3.682733760835268e-07 0.0 0.0 0.0 0.0 0.0 2.0023247659467798e-07 4.337164722850201e-07 7.070164116060676e-07 0.0 0.0 0.0 0.0 2.942149663445641e-07 6.034045992013247e-07 0.0 3.7144626010237944e-07 1.8036229655538108e-06 0.0 0.0 5.0113920832100506e-08 0.0 0.0 0.0 0.0 0.0 0.0 3.2704641311783084e-06 0.0 0.0 0.0 0.0 2.193591196065687e-06 0.0 8.222244446424161e-07 0.0 0.0 0.0 0.0 0.0 4.069263247360305e-08 0.0 1.1716732536173587e-07 0.0 8.413405916162576e-08 0.0 0.0 0.0 5.056378506488942e-06 1.5248434145262636e-06 3.5697402190259605e-06 0.0002543338890696072 8.193587168269317e-06 0.00020680499765651574 3.53111780329672e-05 0.00013991565243798548 8.539500823255423e-06 1.4852223118981064e-06 1.4787032444303037e-05 1.799945139231889e-05 0.0 2.1527407523056338e-07 1.7551431296792833e-07 1.3147431398391407e-05 0.0 5.266621778184363e-08 0.0 1.3791682602651392e-06 1.2836750202830093e-07 9.819750075199406e-05 8.86688997261491e-06
0.0005610054881669372 0.001279492351840949 0.0 0.00020461589536730504 0.0008601290342367165 7.279136915118137e-06 0.00018502956986351263 0.002065453894882061 0.00025599156785788973 2.103233921202156e-05 0.0011323759877642293 1.249228228829288e-05 7.754204477648497e-05 0.0004401135758654316 6.513452416307313e-06 5.9064681204286195e-06 2.9826151667741266e-07 5.411715363204956e-07 5.549075579323075e-07 0.0 3.3903477862229677e-06 6.543918634659953e-07 4.1705519279071916e-07 1.5283728014940808e-07 3.90955383667717e-07 9.291740975988263e-07 5.15576462617279e-08 6.087359126648609e-07 1.9578757130288129e-07 1.447521797679254e-07 0.0021508404339079124 9.693367256832017e-05 3.259883021048509e-05 1.5258616659468274e-06 4.449464855870335e-07 2.293977130042764e-07 3.0207111069988463e-05 1.2548990264010116e-06 3.6825160311272092e-06 6.955907202015134e-07 2.2189089504999473e-06 4.662675342095725e-06 2.8977713215599007e-06 1.7015187373495544e-06 4.4922387820139525e-07 2.8752745133801306e-06 3.674275627171683e-05 8.080558247026752e-07 1.5904090860838068e-07 1.7055951572039225e-06 5.917149522312667e-08 6.154022511343505e-08 2.9536425680003104e-07 1.8548088856052819e-06 1.1780475966612376e-06 1.996620374954427e-06 8.793300273099626e-05 0.00036248561202466766 2.8783258911392094e-05 1.2424811152929114e-05 3.2096266365603934e-06 2.358946314042054e-06 4.6581883844878764e-07 4.7645159095132625e-05 1.9236065643582934e-06 1.845116598082772e-06 1.5230903806493944e-06 4.458467208568637e-07 3.49574212234146e-06 4.918727072252346e-06 7.654726093700363e-06 5.453197972920802e-07 5.3662372752247374e-08 3.130575815382623e-05 3.247427250299461e-05 1.6179045779730432e-05 4.76315158122414e-06 1.0335202437144864e-05 2.9407683016664933e-05 0.000264410058696102 1.1587785829712237e-05 3.121927086009308e-05 6.7404129126833185e-06 4.614692788461405e-08 1.0835872035359696e-06 2.497838303560802e-06 1.1507426296271953e-06 0.0 4.978695854394439e-07 4.759570282098213e-08 1.8924718349619696e-07 2.4394689354883803e-07 6.826787795846037e-06 1.278651254367088e-06 2.20408324294178e-06 4.079196296799238e-06 4.355998814960843e-07 0.0 5.127710445676499e-06 0.00038235508330036977 1.5455170577876467e-07 1.004792927496019e-06 7.258778051350376e-08 5.952666957481698e-07 0.0 1.096195065487841e-06 2.0783325483762183e-07 9.069527580991001e-07 1.0422719928911322e-06 1.7632192402047747e-06 4.3210947947077714e-07 2.65290411131034e-06 5.818919019168513e-06 5.197394598373395e-06 5.037473467164292e-06 6.799185640376789e-08 0.0 0.0 9.512663204039896e-08 0.0 0.0 0.0 0.0 0.0 0.0 3.3749097310513317e-07 0.0 1.6797225131017518e-07 0.0 1.971588786142258e-07 1.0964840353949069e-07 1.2590020959315706e-07 0.0 0.0 0.0 0.0 0.0 0.0 0.0 3.51089697462705e-06 5.549315229092368e-07 2.5377185454398626e-06 1.1975249582611442e-06 4.332720947643394e-07 1.1690323825194765e-07 6.68965349806769e-08 0.0 0.0 0.0 2.1044103058937026e-07 0.0 0.0 0.0 0.0 0.0 0.0 0.0 1.895319230586582e-07 0.0 0.0 0.0 0.0 4.550090493430275e-08 6.274314976128094e-08 0.0 0.0 1.7135891990440742e-06 6.08099809349461e-08 0.0 0.0 0.0 0.0 0.0 0.0 0.0 6.707054415198252e-08 2.4855933932174804e-06 0.0 0.0 0.0 8.82056866185364e-08 1.5182443759065307e-06 6.237332496386409e-08 6.405424387223375e-07 0.0 1.7853754742525816e-07 9.348415814504365e-08 0.0 0.0 0.0 0.0 0.0 0.0 0.0 4.9755564304581446e-08 0.0 0.0 2.3454366293200097e-06 1.9609732999033367e-06 3.0314512036436923e-06 0.00011300322996514361 5.005131866791583e-06 5.495851259203139e-05 1.5458389876100263e-05 7.726494352723247e-05 2.03733177640572e-06 3.307124482884293e-07 7.125330847188797e-06 7.728310038153199e-06 0.0 1.239202917218819e-07 6.599268224302157e-08 9.528883600905986e-06 0.0 0.0 0.0 1.8830385491667935e-06 0.0 3.440127541521476e-05 3.8097402160064187e-06
0.0009120537111696927 0.001280479509947639 0.00020461589536730504 0.0 4.81714067858794e-05 3.03916131192909e-05 0.0004029190652549147 9.292470230594976e-06 5.049524128454344e-06 0.0014913779986868107 2.161201022965914e-05 0.00023792170415247655 0.0009437166054878036 2.606776203234449e-05 3.594168910485648e-07 7.392125778136415e-07 1.7579130337617292e-07 0.0 5.4212730121625954e-08 0.0 1.1964961982460313e-07 0.0 0.0 0.0 0.0 0.0 0.0 7.415276645426428e-07 0.0 0.0 9.973699037293333e-05 6.569481814853456e-07 2.021679546211351e-06 5.818664110262217e-08 0.0 0.0 7.714603790394336e-06 0.0 2.294197197651516e-07 4.783795597125074e-07 5.108322582024369e-08 0.0 0.0 3.551596874922374e-07 2.712747403194619e-07 4.4042880939909985e-07 2.286986446418452e-05 6.419049624630462e-07 6.598956703519221e-08 0.0 3.8413310841783183e-08 0.0 0.0 1.424788493803378e-07 1.5742984958092386e-06 3.1602363348582694e-06 7.246599993307282e-05 9.808540207605605e-05 2.731133462647256e-05 1.1201407876223707e-05 2.531152312170909e-07 1.3659238913960862e-06 8.328715015096271e-08 3.5866379553510107e-06 2.3550538857764027e-06 1.9430701885493936e-06 7.542581975191341e-07 2.803642440959177e-07 9.032821942175421e-08 6.860522946472745e-08 4.384360773207246e-06 4.371600983586016e-07 0.0 2.8542419285181267e-05 2.047167116543883e-05 7.196732779894302e-06 1.070328254178833e-06 1.2662252942435951e-06 2.632720554218873e-07 3.650438284672151e-06 5.998772750870611e-08 4.12669929079605e-06 8.767137457253973e-06 1.1533706004162636e-07 6.361990856182068e-07 2.5935143930880874e-06 2.7272666633937334e-07 9.956469105011384e-08 4.640222305276637e-07 0.0 0.0 0.0 7.434967868136567e-08 1.470405301210933e-07 1.3288949227083887e-07 8.560879268834807e-06 8.205273858482615e-08 0.0 0.0 0.0003896189928434362 1.4169714149016485e-07 4.730296602374227e-06 2.3362192375921946e-06 1.9606616595346867e-06 2.660389997579308e-07 8.423594370788515e-06 3.4334740417741576e-06 4.800899798183997e-06 1.4526083463935793e-05 8.616860880929946e-06 6.157907671787438e-07 7.613406721472705e-06 3.292504936013323e-05 1.6525306544207727e-05 7.514759776030482e-06 5.559618734143357e-08 0.0 0.0 0.0 0.0 0.0 0.0 0.0 0.0 0.0 0.0 0.0 0.0 0.0 0.0 0.0 0.0 0.0 0.0 9.527411710051254e-08 0.0 0.0 0.0 0.0 3.998194295093973e-06 4.7431840497443163e-07 2.9867446228923073e-06 7.069828199792243e-07 1.8915741050128313e-07 0.0 0.0 0.0 0.0 0.0 4.142817190747337e-07 0.0 0.0 0.0 5.2159299922792014e-08 0.0 0.0 1.2469031309823047e-07 0.0 0.0 0.0 0.0 1.3096212335159517e-07 5.612114111775294e-07 1.3881031905383301e-06 0.0 0.0 2.547892072779153e-06 3.514528233674316e-07 0.0 0.0 0.0 3.9525185917226575e-08 0.0 0.0 0.0 0.0 3.957106276376753e-06 0.0 0.0 0.0 0.0 2.7106639031681964e-06 4.037004403290788e-08 1.4585507276044884e-06 2.2603453223997764e-07 4.155804976510105e-07 0.0 0.0 0.0 0.0 0.0 0.0 0.0 0.0 0.0 0.0 0.0 4.173996761796477e-06 1.1356597171170357e-06 2.4035890300432944e-06 0.0001203506699525049 3.4447553543574992e-06 4.4731676145154584e-05 8.459916946668227e-06 0.0003119540725866368 2.8386184189255367e-06 3.7190327783294744e-07 2.6226092682536705e-06 1.9919077872083744e-05 0.0 7.992663016878308e-07 1.139955475107305e-07 2.522711765978167e-05 0.0 0.0 0.0 5.110923870251174e-07 0.0 0.0001278649316958948 1.600359016839948e-05
2.3969272531708352e-05 0.0008168714778565695 0.0008601290342367165 4.81714067858794e-05 0.0 1.6388973916164732e-06 0.0003186370051284501 0.00034571559487069146 0.00188054186775635 0.00013141139508799905 0.0007815313355450047 2.1718872555148477e-05 0.0001238260564398928 0.0013294326649360352 5.808840939166229e-06 2.1071501939621303e-06 3.92853753051505e-07 0.0 1.1916815578461028e-07 0.0 6.07431803555417e-08 0.0 0.0 0.0 0.0 0.0 6.722424766918351e-08 0.0 4.468689993263202e-08 0.0 4.8170699579888554e-05 2.824387375841424e-05 2.450120127031626e-06 1.9061244276009542e-07 0.0 0.0 7.5974319387133575e-06 0.0 4.554818583670261e-07 6.994432038493067e-08 0.0 2.845533286403525e-07 1.881007122739192e-07 1.472734588743379e-06 4.647479902419069e-08 1.5717943679847803e-06 5.3199607759208835e-05 5.803592932100168e-07 1.3751176410283982e-07 0.0 0.0 0.0 0.0 1.4565869328769982e-07 7.82927885681365e-07 1.0390691825475466e-06 1.6800145482896124e-05 4.330343996235302e-05 1.1111879341414465e-05 1.7428494421173256e-05 3.7936447563142157e-07 8.212219157534978e-07 5.132743180520913e-08 1.2770426064865739e-05 1.3035086277225966e-06 1.0059974814992074e-06 8.240434330297688e-07 3.6996450342630545e-08 5.859164203758248e-08 5.054932942428973e-08 1.3530989454990082e-06 1.0506015085325784e-07 0.0 3.442172632709563e-05 2.8612762229593e-05 2.148328431728975e-05 3.876356729081021e-06 6.079711799666792e-06 9.548668249954582e-07 6.8405795145037815e-06 9.498637294700668e-07 2.120372236178525e-06 4.570448690507682e-06 4.303055110490044e-08 4.7074136011025436e-07 1.5007916123900012e-06 2.6117656692771405e-07 0.0 4.157157281651621e-07 0.0 1.0273472892899187e-07 0.0 4.226106786426136e-07 6.385697109420695e-08 2.361064864641022e-07 1.267871547047488e-06 1.5655537935197084e-07 0.0 8.844632685649795e-07 1.1509382159477016e-05 0.0 1.1325670392360394e-06 8.367280809680982e-08 2.0582380228482433e-07 0.0 9.486789878299159e-07 0.0 7.848672610062163e-07 1.1015114845507956e-06 1.3187368458432462e-06 5.783972892785816e-08 1.6042243182824124e-06 3.515562443808309e-06 1.8992680734124441e-06 3.5798660974378186e-06 0.0 0.0 0.0 0.0 0.0 0.0 0.0 0.0 5.9477102492544686e-08 0.0 0.0 0.0 9.917132580504978e-08 0.0 0.0 0.0 0.0 0.0 0.0 0.0 0.0 0.0 0.0 0.0 1.8782503700955574e-06 1.322970646475497e-07 8.91328388386268e-07 5.697371370779405e-07 5.716631188029109e-08 0.0 0.0 0.0 0.0 0.0 0.0 0.0 0.0 0.0 0.0 0.0 0.0 6.17730046835024e-08 0.0 0.0 0.0 0.0 0.0 0.0 1.1189697370515619e-07 0.0 0.0 8.29930685525848e-07 0.0 0.0 0.0 0.0 0.0 0.0 0.0 0.0 0.0 1.579370125906876e-06 0.0 0.0 0.0 1.742241146665749e-07 4.26608961191964e-07 0.0 4.2039741615877604e-07 0.0 0.0 0.0 0.0 0.0 0.0 4.583703944666282e-08 0.0 0.0 0.0 0.0 0.0 0.0 1.1493059477960767e-06 1.1411497806148709e-06 8.637793439219022e-07 0.00010892890716883235 2.8716761942175712e-06 7.614265044939696e-05 1.6886500754001877e-05 1.376197846518374e-05 2.8392246288022747e-06 5.6478311354996896e-08 9.351831466489984e-06 2.44867405772202e-06 0.0 0.0 0.0 3.5744170637981894e-06 0.0 0.0 0.0 1.97117197910776e-06 0.0 1.824342257970537e-05 3.574892216702167e-06
2.178571209557823e-05 1.9506530086057835e-05 7.279136915118137e-06 3.03916131192909e-05 1.6388973916164732e-06 0.0 1.6064556310338034e-05 1.8554482595899382e-06 2.1323780199400496e-06 0.0002033431692442087 3.447222123605148e-06 8.710104160562496e-05 8.047106677774873e-05 1.2393448032758395e-05 5.409725516729841e-07 1.7834798015266266e-07 0.0 1.0496409960839994e-07 0.0 0.0 3.392990373375834e-07 2.9371896426941515e-06 0.0 0.0 1.0673835695972312e-07 0.0 0.0 0.0 0.0 0.0 4.543820500879752e-06 1.505270695278636e-07 7.929023602092875e-06 0.0 0.0 0.0 2.1379612272550903e-05 1.6304700847580418e-06 8.686823874623998e-06 3.9219653388879347e-07 5.8061907224448604e-08 0.0 5.895738298289288e-08 2.014895018191843e-07 0.0 1.6514680384943903e-06 1.8505407489251234e-06 9.931537576555107e-08 0.0 0.0 0.0 7.238096778520492e-07 3.770233162272959e-06 7.618441650714957e-08 5.112074583776629e-08 3.086233885253808e-07 1.0926144898554803e-05 3.115972301966153e-06 1.0823624515058187e-06 7.178633500136396e-08 2.078366702055914e-06 1.027483941080272e-05 1.7887218412656014e-07 0.0 5.025962705472994e-08 1.29162364346928e-07 0.0 6.110902294870834e-08 6.446740234662133e-08 0.0 0.00012014885219089255 0.00013072575296935843 6.3248961452485255e-06 8.195832207666799e-07 3.173708353070293e-07 5.257781763091751e-07 1.8627577150769083e-07 1.3917313553052666e-07 6.753075183145063e-08 6.5844578207256405e-06 6.124355538125883e-07 1.0995855727834674e-05 1.1754515044336706e-07 1.4159053351750826e-06 0.0 2.5357893079938497e-07 8.926626241265146e-08 3.0927352911076256e-06 2.0499447745639737e-06 5.982363713521201e-06 2.331194769110208e-06 2.047785887703937e-06 1.4398578482833016e-07 1.1528912410848239e-07 1.3575599769242326e-07 0.00014300164357022074 0.0001487217165666206 1.3433758754180588e-05 3.662777457258061e-05 9.9669156076686e-05 0.0 5.727532502060482e-07 8.336536518669389e-08 6.583422339993444e-07 4.1167420641155444e-08 7.466139917244347e-07 1.6094929927493646e-07 4.281725354233797e-07 8.094382086407067e-07 1.5588587604583318e-06 5.901932599062631e-07 2.8477315647974963e-06 3.4753457355665337e-06 5.263631863296378e-06 3.2528822001432875e-06 4.728314463198326e-08 0.0 0.0 0.0 0.0 0.0 0.0 0.0 0.0 0.0 0.0 0.0 0.0 0.0 3.948074846412279e-07 0.0 6.067587990785608e-07 0.0 2.0880015914257212e-07 0.0 0.0 0.0 0.0 8.909667791273495e-08 1.823319088288553e-06 1.338479956794355e-07 1.8284118880470724e-06 1.3921956587954125e-06 7.025030195763103e-07 7.102011346105293e-08 0.0 0.0 0.0 0.0 1.2014060288736826e-07 0.0 0.0 0.0 0.0 0.0 1.5782460829851125e-07 1.6659825302131899e-06 0.0 0.0 0.0 5.5074823528225014e-08 7.269929419108093e-08 1.8779149052631916e-07 4.3117737460837366e-07 0.0 0.0 2.22246010206757e-06 0.0 0.0 0.0 0.0 0.0 0.0 0.0 0.0 4.773820115685444e-08 2.208910048198386e-06 9.246246086215335e-07 0.0 0.0 0.0 9.849562467036019e-07 0.0 4.583334723776717e-07 8.609536351663828e-08 0.0 0.0 4.9609577055525954e-08 0.0 0.0 0.0 0.0 0.0 7.138754654420535e-08 0.0 0.0 0.0 1.1969210055647433e-06 8.927886794268193e-07 2.5868471218500345e-06 3.815381164386194e-05 1.1204819581880786e-07 3.978152961291238e-06 7.97100149995716e-07 0.00013379937237359115 0.0 5.173563165799809e-08 3.765718831495353e-07 6.473575346439296e-06 0.0 3.596590491281914e-07 0.0 1.1591090721410268e-05 0.0 0.0 1.100059169877316e-07 1.74536986768071e-07 0.0 5.2725511643147806e-05 5.382149927226784e-06
0.0001397347908199545 0.0011609590050836059 0.00018502956986351263 0.0004029190652549147 0.0003186370051284501 1.6064556310338034e-05 0.0 7.816952386323236e-05 0.00035494709242996796 0.001006223969757581 0.00011565494825256309 0.000151561108827686 0.0035180302066458143 0.0017785071777803238 1.1323061606109369e-05 6.371050690743073e-06 1.00699505057067e-06 3.822046094135982e-08 2.5211039133426455e-07 0.0 4.946836576089217e-07 0.0 5.051869156456289e-08 0.0 0.0 0.0 0.0 0.0 6.279396173082787e-08 0.0 6.402314907549672e-05 3.1795550716899116e-05 4.7724166936308165e-06 7.158294959960594e-08 8.277384641482514e-08 4.6877508696885747e-07 1.630715792440601e-05 6.625301615520039e-07 1.5419178237943813e-06 4.7068847033893986e-07 3.1851060375008105e-07 1.4404794548206165e-07 3.6935972857812634e-07 2.9326378277747368e-06 7.729494474849782e-07 1.3053110863747397e-06 0.00013332305543722919 4.4715146676023044e-07 2.238573188693902e-07 4.349302583052689e-07 3.358775525588045e-08 0.0 1.5329318274320028e-07 2.4161977350744435e-07 2.0759562397413345e-06 2.814541435027713e-06 5.4093840370350665e-05 0.00011184380899731843 3.333250455567561e-05 4.2466876700394176e-05 1.1551069999204246e-06 2.435646455896034e-06 3.7938247029161826e-07 2.166964366725241e-05 3.129550805276512e-06 3.168215730438195e-06 1.6080881655626044e-06 3.509411938312791e-07 3.137046392936465e-07 6.04097694078002e-08 6.412095431390677e-06 0.0 0.0 8.955877820353475e-05 6.602967694442313e-05 4.9146428198327267e-05 7.00150878018211e-06 1.302667782305522e-05 9.402627037846006e-07 6.455842510192762e-06 2.2102301339591157e-06 5.455992691038742e-06 1.4434229644725859e-05 1.8207715299226958e-07 1.4960750561920553e-06 4.463260568690898e-06 6.568600946489881e-07 0.0 1.197669546357355e-06 0.0 8.835119552473902e-08 1.3251767637129693e-07 6.005932407313914e-07 1.2189776247134385e-07 8.81727646716871e-08 7.628961312921876e-06 5.142054841666459e-07 0.0 1.2627751088936434e-06 5.719404518840167e-05 1.928840397527698e-06 4.995360003945857e-06 1.275264265283144e-05 3.7131783897811735e-05 3.8107211477155294e-07 5.4683834056649766e-05 9.097936581267346e-06 1.3858007511943596e-05 4.061424370374768e-05 1.3392303595365212e-05 2.7715715138794148e-06 9.666208399024459e-05 3.9102340013486055e-05 3.543713503381557e-05 1.270155606067337e-05 0.0 8.078747809017895e-07 0.0 0.0 0.0 0.0 0.0 0.0 0.0 0.0 0.0 0.0 3.666065126819604e-07 0.0 0.0 0.0 0.0 0.0 0.0 1.9183876136308984e-07 2.570465069016815e-07 0.0 3.348449000287262e-08 8.61345517548603e-08 7.172473604172747e-06 6.329978717438923e-07 5.411663501870778e-06 2.104727387412304e-06 2.6526968991657586e-07 0.0 0.0 0.0 6.496098041936337e-08 1.2006632820088764e-07 1.6345797135649706e-07 0.0 7.798391242324768e-08 1.893310695854133e-06 0.0 0.0 0.0 2.2827979287102975e-07 0.0 1.6470328017075075e-07 2.923176463254096e-07 1.3829998941438326e-07 2.0726980073989573e-06 2.1417846560590355e-06 9.043091454987426e-07 0.0 0.0 3.615495889363706e-06 1.1668130510606935e-06 9.201275460209162e-08 1.501442338048485e-07 4.197944051998671e-08 0.0 0.0 0.0 0.0 0.0 4.644480483456525e-06 0.0 0.0 4.480759480334159e-08 0.0 3.232984491771772e-06 4.345967845750282e-07 9.677025455652976e-07 1.123464659067913e-06 2.611596183435437e-06 1.4220715721711745e-06 1.4493218795653465e-06 1.695633571624171e-07 0.0 0.0 0.0 0.0 0.0 0.0 0.0 0.0 8.308867562620736e-06 2.255942107677251e-06 5.319584846571772e-06 0.00025912871577610713 8.748491924906291e-06 0.0001742177959876909 3.723717662550239e-05 8.221029296827816e-05 7.646051851313063e-06 4.221443451849858e-07 1.965488952999967e-05 1.901732226423652e-05 4.8344506702162787e-08 1.0841603647050023e-05 6.730764136422565e-07 2.7247556671638366e-05 9.956272775166708e-07 5.7181086695159346e-08 6.898408896277803e-08 2.738948366882791e-06 3.76771005320617e-07 0.00010962395018945696 1.6932662964940636e-05
8.808552705832386e-05 0.0003768487392690032 0.002065453894882061 9.292470230594976e-06 0.00034571559487069146 1.8554482595899382e-06 7.816952386323236e-05 0.0 0.0002191448081455056 5.029669560628873e-06 0.001085081487873837 6.241636260640179e-06 7.549823848307307e-05 0.0005416849547243839 1.1235710293639642e-05 7.57077182866892e-06 1.690006947221125e-06 1.7125145240943706e-06 1.1747497007274285e-06 2.2198813138927063e-07 6.2326723009351036e-06 3.0203526210197926e-07 6.250853694222995e-07 3.57871762913413e-07 7.209264124927571e-07 4.467660898408093e-07 0.0 1.237643417870581e-06 2.102977011327911e-07 1.4318812420401373e-07 0.0004791615633859832 0.0008934413952606388 3.838823943989744e-05 3.528318248235646e-06 2.5319914750169983e-07 3.3332116876731214e-07 2.5096137012603094e-05 9.312619206487823e-07 2.463631584611869e-06 1.430651871011813e-06 2.2947280864667828e-06 6.328506982045618e-06 7.874256376936192e-06 1.1632210379517565e-05 2.526403868442533e-06 1.5047666803627728e-05 6.406011951594672e-05 9.285069019979895e-07 8.481298671885797e-07 3.704237807289247e-06 2.0800642989857777e-07 7.62286273453268e-07 0.0 3.8616026832615e-06 5.869670615868146e-07 1.040086961604543e-06 2.8431016825307057e-05 0.00014462846649701094 1.411437881997058e-05 1.5757161793570625e-05 1.0121907176607372e-05 2.9793940897128463e-06 2.010733907735373e-06 9.37146550660067e-05 1.337688404010341e-06 1.6861209257600594e-06 1.251622769502009e-06 1.3741023912092366e-06 8.376345056954803e-06 9.689768389667927e-06 3.2304867288969e-06 2.648761482825848e-07 0.0 3.182762677719562e-05 4.6395046755971076e-05 2.753166037593487e-05 2.1295192140446113e-05 0.0003601067010701304 0.0002917330609837112 0.00028670499228114954 5.565239882417629e-05 9.885058168697534e-05 4.240809476161112e-06 0.0 1.734330500912354e-06 1.8519838614779703e-06 3.1808694804178707e-06 0.0 5.069423113403348e-07 0.0 2.388681959355495e-07 1.7491786726467498e-07 1.201670756663929e-05 1.5034979566658707e-06 2.936049234467534e-06 1.532892672079852e-06 4.411121550505068e-07 0.0 1.430547113927033e-06 6.685280057198112e-05 0.0 0.0 0.0 9.684676489791898e-08 0.0 5.01105311750593e-07 2.413900643005639e-07 7.447579138281267e-07 1.5526658917239058e-07 5.651417182178431e-07 3.1767367715682906e-07 5.601602168826166e-07 2.049209391189459e-06 2.1026091776326194e-06 1.2856157080610626e-06 0.0 1.1021466580872748e-07 0.0 1.9120169837234148e-07 3.5531464964907e-07 0.0 0.0 0.0 0.0 0.0 0.0 0.0 9.001875551308489e-08 0.0 0.0 1.0162165500677346e-07 6.176538109428464e-08 0.0 0.0 0.0 0.0 7.118676213170989e-08 0.0 0.0 1.389392958331116e-06 9.482777538449221e-08 1.6912463365425743e-06 6.104476625638843e-07 3.2719928013296787e-07 0.0 5.043110818405811e-07 2.891481854475979e-07 0.0 0.0 0.0 3.08867510800347e-07 0.0 0.0 0.0 0.0 0.0 5.553438544484175e-08 5.658022558840962e-07 0.0 0.0 0.0 0.0 0.0 0.0 5.546966565684739e-08 1.435067304404587e-07 3.882990561164015e-07 0.0 0.0 0.0 0.0 0.0 0.0 0.0 7.711718507026133e-08 3.9496374729269173e-07 7.467505885053594e-07 5.412762694881334e-08 0.0 4.664815645335927e-08 3.3828393401092007e-07 7.189371161119226e-07 0.0 5.205900099340058e-07 0.0 3.284040613490114e-07 0.0 0.0 0.0 0.0 0.0 0.0 0.0 0.0 1.0570960890318138e-07 0.0 0.0 7.206144103773246e-07 6.61588223754331e-07 2.3313568286791204e-06 9.279417620406713e-05 4.913049782372252e-06 8.0466239781155e-05 1.902538210811537e-05 1.4184375318591833e-05 3.5311293944409383e-06 2.5692346815099287e-07 7.897489312911542e-06 3.3570545885166037e-06 5.235426051105369e-08 4.0284978828559226e-07 1.813244924718376e-07 1.3499143002252603e-06 2.2591219306571128e-07 0.0 0.0 1.7454090589085748e-06 2.650030526414533e-07 1.5592501271271635e-05 1.164121502527192e-06
2.84444833306177e-06 0.00038758717847081197 0.00025599156785788973 5.049524128454344e-06 0.00188054186775635 2.1323780199400496e-06 0.00035494709242996796 0.0002191448081455056 0.0 7.111202264246877e-05 0.0006205831836292143 2.175431933010921e-05 0.0002323436004776398 0.0006839620144487417 3.3782528692500945e-06 2.2447444004556635e-06 1.5668233154512463e-07 0.0 5.9536213710589025e-08 0.0 1.9957116162128872e-07 0.0 6.512276195149228e-08 0.0 0.0 0.0 0.0 7.264835665653509e-08 0.0 0.0 1.2601261373585122e-05 1.0574907188957955e-05 4.570200765407036e-06 0.0 0.0 0.0 7.905989510251823e-06 8.646732291903609e-08 5.757365908694481e-07 2.657046709898403e-07 0.0 3.461087979425802e-07 3.335626481980162e-07 7.583791331552479e-07 1.2397384818354722e-07 5.804405218057209e-07 1.9925805949667328e-05 9.28186546820489e-08 0.0 4.7695105455453006e-08 0.0 0.0 1.63081943050207e-07 6.272531953143989e-08 1.334012234548476e-07 1.180099591831513e-07 2.7201106483353955e-06 8.62803362164426e-06 2.2602422006496245e-06 4.624157991683439e-06 3.5593305726855615e-07 0.0 1.5270511700880072e-07 3.6845474725030252e-06 1.1497687983198073e-07 1.10607758996294e-07 3.38274887351715e-08 0.0 3.1871510428861484e-07 1.9454826868107402e-07 3.779026461206699e-06 0.0 0.0 8.501512203136281e-06 7.112472593680944e-06 7.790790374392538e-06 1.7252900870711747e-06 3.6865896437069593e-06 1.043100189727319e-06 2.8844696436295017e-05 7.246172102769918e-07 1.962022018773986e-06 1.0816478850143325e-06 0.0 1.2451006155269483e-07 1.2120482604573653e-07 2.1792899764974858e-07 0.0 0.0 0.0 0.0 0.0 5.882630179402592e-07 0.0 6.866640951561054e-08 2.4503393067164575e-06 2.2835228872002622e-07 0.0 1.8480338437224756e-07 2.9203445958343456e-06 0.0 8.604248749768117e-07 6.061014722887071e-08 4.154848948525774e-07 0.0 1.1288902987523932e-06 1.2835766012410295e-07 4.082692244611999e-07 1.1729607672194503e-06 2.4050106769606184e-06 6.234215733942772e-07 2.289665171177996e-06 7.920683912696878e-06 5.46601833270578e-06 4.373532639653078e-06 0.0 0.0 0.0 0.0 0.0 0.0 0.0 0.0 0.0 0.0 0.0 0.0 5.383808601996639e-08 0.0 0.0 0.0 0.0 0.0 0.0 0.0 0.0 0.0 0.0 0.0 3.1998944761714534e-06 6.190665965588214e-08 1.5229162070477332e-06 4.925014664830215e-07 4.6928369696575117e-07 1.8163925402760258e-07 0.0 0.0 0.0 0.0 4.475458245667142e-08 0.0 4.041500527143559e-08 0.0 0.0 0.0 0.0 0.0 0.0 0.0 0.0 0.0 0.0 0.0 0.0 6.423076613730268e-08 0.0 1.513812385871762e-06 0.0 0.0 0.0 0.0 0.0 0.0 0.0 0.0 0.0 2.2965535803169347e-06 0.0 0.0 0.0 0.0 1.8371193752626486e-06 0.0 1.070521546546395e-06 3.64962382524477e-08 9.12298717822863e-08 0.0 0.0 0.0 0.0 0.0 0.0 0.0 0.0 0.0 0.0 0.0 3.1614492239856692e-06 8.781166604376386e-07 1.8534034694588842e-06 6.362943334264502e-05 8.829688238447327e-07 2.8094573560573296e-05 7.668931429443707e-06 5.463714723215605e-06 1.204492706541518e-06 1.5142920023124855e-07 6.008649762444329e-06 4.6679106102936875e-06 0.0 1.8431459570732e-07 0.0 4.1723384069184036e-06 0.0 5.828264690490903e-07 0.0 9.643822123620453e-07 6.20438304482305e-08 2.1885435025433717e-05 3.7163075425005587e-06
0.0006404362060245969 0.0005062670274192713 2.103233921202156e-05 0.0014913779986868107 0.00013141139508799905 0.0002033431692442087 0.001006223969757581 5.029669560628873e-06 7.111202264246877e-05 0.0 1.9838931060699776e-05 0.0012837559732485925 0.0028169042332962363 0.00012897408593028423 4.01157019030971e-06 1.7733131174797752e-06 9.764134708701286e-07 0.0 1.5858691340671435e-07 0.0 1.7519413118971172e-07 0.0 0.0 0.0 0.0 2.1939450262739607e-07 0.0 7.066399318637104e-08 1.0036248919800049e-07 0.0 2.2382288703332576e-05 1.502107892335408e-06 1.0771398779292415e-05 0.0 0.0 0.0 7.810048039099403e-05 1.6779641427124303e-06 2.4109161244229643e-06 4.196990953864312e-08 0.0 0.0 7.64087413672923e-08 6.206523150746829e-07 4.949221294589383e-07 6.06504700365469e-07 5.735053001517249e-05 1.0036836474305527e-06 0.0 1.3110120751535506e-07 0.0 1.693455377650735e-07 1.2376242363221803e-07 0.0 6.805363079564567e-07 1.6470768182189007e-06 4.5676590218964856e-05 6.125014955274005e-05 2.246071861665256e-05 1.9878146417971912e-05 4.914644371158394e-07 5.430720734943001e-06 4.5177305994330873e-07 5.546868532306683e-06 1.819794317329266e-06 1.4680591760100658e-06 7.987271345515664e-07 4.6456938897921374e-08 4.087700075731632e-08 3.129256011545212e-07 9.649705427994208e-05 1.7451386367456291e-06 0.0 3.547737202678395e-05 2.6232596925561568e-05 1.4262778124820274e-05 2.369054230679787e-06 3.141919896414083e-06 2.897968572214571e-07 4.145113798494002e-06 7.253983172489559e-07 8.147078741742571e-06 6.530197307142654e-06 6.028062879609453e-08 9.069902183237663e-07 2.776772655304469e-06 3.3606537686962985e-07 0.0 6.513249772336978e-07 0.0 8.779352249935422e-08 0.0 5.519030147219539e-08 0.0 0.0 6.943862242870852e-05 3.6606266298771664e-05 0.0 7.971292293546352e-06 0.0004349907829636613 9.343607811111523e-07 1.6266135238353563e-05 5.235821437348985e-06 2.0689225178167634e-05 7.042991192581528e-07 8.494621175369189e-05 4.630581047967601e-06 1.7242541728407682e-05 3.634547340466696e-05 3.01790423867348e-05 5.098109343259359e-06 7.577855133221907e-05 0.00010451270816739505 9.653611172427993e-05 3.278881787469683e-05 4.3152965020237564e-08 0.0 0.0 0.0 0.0 0.0 0.0 0.0 0.0 0.0 0.0 0.0 0.0 0.0 0.0 0.0 0.0 0.0 0.0 1.7200742605205374e-07 3.451876889865073e-07 0.0 0.0 0.0 1.6617571502089356e-05 6.668698373954532e-07 7.590573668163793e-06 2.8349469282547013e-06 8.231501785759474e-07 0.0 0.0 0.0 0.0 0.0 5.84124069706092e-07 0.0 0.0 0.0 0.0 0.0 0.0 2.66729786630343e-07 5.814660978512197e-08 0.0 0.0 0.0 7.715476816924768e-07 1.764844221699929e-07 2.669126648760696e-06 4.903183336196297e-07 8.528486536600771e-08 8.486735382217677e-06 0.0 0.0 1.2718750794096488e-07 0.0 0.0 0.0 0.0 0.0 0.0 1.3509221300498816e-05 3.8893858855212784e-07 0.0 0.0 0.0 9.529502385220469e-06 0.0 3.255913144889477e-06 2.1348273506010683e-07 4.7544944665006164e-08 2.7400105241979635e-07 4.790545612707745e-07 3.391555823160054e-07 0.0 0.0 0.0 0.0 0.0 0.0 0.0 0.0 1.941456658881102e-05 1.9521634174208164e-06 6.5590017116004695e-06 0.00035855062549374796 3.953340220313546e-06 8.844437979779102e-05 2.2481818762360144e-05 0.0005081391583402808 4.3205205979264605e-06 3.4060137358882864e-07 1.3379183365435408e-05 8.283391264736496e-05 1.1663283103721584e-07 7.04204233973999e-07 2.1054557839915238e-07 8.517768184824089e-05 8.069309088052053e-08 0.0 0.0 1.8007783263798885e-06 0.0 0.0005787045772713854 6.79172234414801e-05
9.023238625340299e-05 0.00037203862029128496 0.0011323759877642293 2.161201022965914e-05 0.0007815313355450047 3.447222123605148e-06 0.00011565494825256309 0.001085081487873837 0.0006205831836292143 1.9838931060699776e-05 0.0 7.658326824308831e-05 0.0005435370915688754 0.0019251904558824934 1.7206630330065017e-05 1.3905108706912915e-05 8.840917546193634e-07 9.046579620759896e-07 7.520863535470702e-07 6.423431723505672e-07 9.264170699080516e-06 2.2652348234561803e-06 3.303451921921324e-06 9.441715810651054e-07 2.7045202290065464e-06 3.2484800915886093e-06 0.0 3.891452691382136e-06 2.0225024035454422e-07 5.365599644201852e-07 0.0002727047025247174 0.00013715320355312506 0.00012141819479169479 2.9141762989743443e-06 8.11302346614086e-07 1.8635203669836795e-06 0.0002190799531150385 8.588118577333008e-06 2.05352965946751e-05 5.612609017249455e-06 9.720438558464822e-06 9.43305175995616e-06 6.141593636318252e-06 5.654502266366638e-06 2.280335658875109e-06 3.556511423206412e-06 5.638475774744892e-05 5.780766231782267e-07 2.876036163756554e-07 1.5925001678444479e-06 8.802317908852082e-07 7.784277497279179e-07 9.94428391876289e-07 6.915702784195037e-06 6.330798238331617e-07 8.578564788004261e-07 1.6274990999894962e-05 5.9912928606293014e-05 7.97421240625353e-06 1.098546305967591e-05 4.585338337557066e-06 7.422249927535679e-06 1.7158308451969442e-06 1.620984926865971e-05 9.20003457905594e-07 1.4528708158076322e-06 1.8121555197984468e-06 1.42214252536447e-06 7.023518713068364e-06 1.0149683532585065e-05 3.1402952246459265e-05 1.9960922007348505e-06 0.0 2.4100345941524667e-05 2.3196439124220198e-05 2.253508676833698e-05 6.026027698190452e-06 2.623620128978193e-05 5.123034960294865e-05 0.00012481485571699358 2.5199937199412942e-05 4.918144691622754e-05 3.336859984694878e-06 0.0 1.0207653663753908e-06 1.2735094394143622e-06 1.9008046750862434e-06 4.8821901838263314e-08 1.0606343731766944e-06 0.0 1.1119285302572001e-06 2.92472136118675e-07 2.0827612563810883e-05 3.886427460541228e-06 3.1968369564901435e-06 1.2342682659784604e-05 2.140361879056721e-06 0.0 1.4706917765600219e-05 4.31377057546761e-05 1.543305917950219e-07 5.257793901041645e-07 5.52196753109335e-07 9.688252281995732e-07 3.4723020100972437e-07 2.767096502884315e-06 1.1058756993825973e-07 8.483748893460379e-07 2.137039195994204e-06 3.0306460390158714e-06 9.477789678143697e-07 4.83659233673361e-06 1.4495598769590463e-05 1.1280082662219006e-05 1.2813910960960515e-05 1.5776976031114315e-07 8.718279826194244e-08 0.0 0.0 4.249969099020515e-07 0.0 0.0 0.0 0.0 0.0 5.392889103958532e-07 4.4994753619672847e-07 1.4526820407903866e-07 2.0618966281584793e-07 0.0 4.933040480594367e-07 6.758136648457075e-08 3.3976469812557434e-07 0.0 5.608232718281332e-08 4.338357111996712e-08 0.0 0.0 1.0643825661239888e-07 7.974791733261939e-06 7.688085440243996e-07 5.1734460136558545e-06 2.6471214843547565e-06 1.550545780531381e-06 1.3536449798448543e-07 1.6314653727320247e-07 0.0 0.0 0.0 7.217477271711484e-07 3.825173380122384e-07 0.0 1.7302436501941503e-07 0.0 2.0405988909769467e-07 4.0763427215828985e-07 3.5122349683483347e-07 4.5417156846999455e-06 0.0 0.0 0.0 2.890171195059094e-07 1.1901430876455345e-07 0.0 0.0 5.135893367171397e-07 3.92363565532697e-06 0.0 0.0 0.0 0.0 5.741602478735031e-08 0.0 0.0 0.0 6.070753065857387e-07 8.376838258332546e-06 3.127969837303108e-07 0.0 6.58856948846898e-08 3.0670872558816666e-07 3.2543970790722805e-06 5.68006570366942e-07 1.5853889555735677e-06 0.0 0.0 0.0 0.0 0.0 1.1185924441263546e-07 0.0 8.875945218074174e-08 0.0 2.461962978248532e-07 0.0 1.8628358942369254e-07 5.903248879008036e-08 4.8836562658050485e-06 3.202974717138275e-06 6.7915503377384375e-06 0.00021873464427376595 7.2965125518289274e-06 7.914749906073463e-05 3.392491847743172e-05 1.7754586944499307e-05 2.599323406631293e-06 1.1408310219066413e-07 1.548052567294968e-05 1.0261484622465364e-05 2.834628893040037e-07 6.99535751232767e-07 1.4033941911584203e-07 1.1501537172259464e-05 0.0 0.0 0.0 4.70363567914694e-06 6.12706490194101e-07 4.136932352387843e-05 7.64711840938248e-06
