0.0 0.001028580888169463 9.613399046782719e-05 0.0011162206327301454 2.3419718954083883e-05 0.0001565963945615506 0.00022737500552018485 3.8941478233151006e-06 9.412075204747065e-06 0.0008456220696406199 1.978171560063575e-05 3.988970907331957e-05 8.67706443077571e-05 1.4377268424490097e-05 3.5288628016515717e-07 0.0 0.0 0.0 0.0 0.0 5.631468714049589e-08 0.0 0.0 0.0 0.0 0.0 3.7736423320458465e-08 0.0 5.9440189036982946e-08 0.0 0.00031508040134541987 9.321440098637611e-07 2.1286849785741283e-07 0.0 0.0 5.196463562037063e-08 2.1312920672346297e-07 0.0 1.4195111969708067e-07 0.0 0.0 4.369558799680199e-08 5.811791149390537e-08 0.0 0.0 0.0 3.478259958483738e-05 1.4870726427467783e-06 6.256499666743552e-08 0.0 2.2922349839311286e-07 0.0 0.0 0.0 3.5282143930856824e-06 4.473678263904075e-06 6.922997208475119e-05 0.0003770388724659482 7.904202708715464e-05 3.179607945017312e-05 0.0 1.8665160391331993e-07 0.0 3.306640006637732e-06 3.037120238274281e-06 1.3182736031258024e-06 5.95809247422408e-07 2.396191028304579e-07 2.6294968548707976e-07 0.0 7.9055823569722e-07 2.0624212357176352e-07 0.0 0.00012185458034912476 1.152203145529334e-05 1.6257259908000236e-05 1.165159381855384e-06 1.0225019282639338e-07 3.810940936840839e-07 3.8003855793949397e-07 1.8652925348986476e-07 2.467798624609204e-07 1.4056850042062004e-05 5.510503231632147e-08 1.7575658279510515e-06 2.6732861488320807e-06 4.939179462454575e-07 4.3824960881295566e-08 6.806781908230692e-07 0.0 4.286329509161204e-07 9.798723179324816e-08 4.364427615080559e-08 2.4948713690222464e-07 1.1129884135615942e-07 3.856374368482769e-06 7.745630884093211e-08 1.1463105497935995e-07 1.4235521245440642e-07 0.0009424142517924904 2.0042806049662564e-07 7.951150212882532e-06 7.977260776392409e-07 3.106611568064572e-06 0.0 3.391572100317288e-06 1.916600240835064e-05 6.478840119900057e-07 5.706291141147137e-06 8.016904811353597e-06 0.0 8.757627693437915e-06 1.7396966427702402e-05 6.033521773626484e-06 2.0522778732927476e-06 0.0 0.0 0.0 0.0 0.0 0.0 0.0 0.0 0.0 0.0 0.0 0.0 0.0 0.0 0.0 0.0 4.2889071114654137e-07 0.0 0.0 1.0368188111045595e-07 0.0 0.0 0.0 0.0 7.281231385988558e-07 0.0 6.453555509529263e-07 8.87650726153484e-07 0.0 0.0 0.0 0.0 0.0 0.0 0.0 0.0 0.0 0.0 0.0 0.0 0.0 0.0 0.0 0.0 0.0 0.0 0.0 0.0 7.740106282074034e-08 0.0 0.0 2.0810068013011385e-06 0.0 0.0 0.0 0.0 0.0 0.0 0.0 0.0 0.0 1.3248066584803348e-06 0.0 0.0 0.0 0.0 6.232548286561029e-07 0.0 1.2746844892044606e-06 7.012011137558497e-08 0.0 0.0 0.0 0.0 0.0 0.0 0.0 0.0 0.0 0.0 0.0 0.0 3.318276671462225e-06 0.0 1.6051664692741322e-06 0.00013336297092123318 3.2955308922286437e-06 0.00012052657145639099 3.7501382547012293e-06 0.000584278488444556 4.916379642191277e-06 1.7280407603427102e-06 2.6742233999985553e-06 9.906685968644412e-06 0.0 9.314080000864524e-08 0.0 4.3491252722774336e-05 0.0 0.0 0.0 1.112199168741573e-06 0.0 0.00010051316694286302 1.47609896966593e-05
0.001028580888169463 0.0 0.0006861936771451739 0.00033407424963363756 0.0010868010406112844 5.0420599770196495e-05 0.0015290779380135687 7.819893777455361e-05 0.0015301752883600164 0.0003241762281809141 0.0004736435052042314 3.759245597439159e-05 0.00029894905696085223 0.00041334998822615453 3.925580877627433e-06 3.510523684550169e-07 9.619029054745071e-07 1.6355939390860447e-07 5.0495923804503955e-08 0.0 0.0 0.0 0.0 0.0 1.9247482810808513e-07 0.0 0.0 4.295306249285951e-08 0.0 1.101103297257591e-07 0.0010455636695259182 4.382139619628175e-05 4.328264187122387e-06 0.0 0.0 2.9708613991704106e-07 1.2992737442613114e-06 6.914903987714818e-07 5.008474913462311e-07 2.511163319029919e-07 6.595464683986764e-08 9.810259965601179e-08 1.8105044908875503e-07 1.6689610430089045e-07 0.0 1.8979663702957e-07 0.00012104959533306168 1.7550456701761428e-06 6.157394227730979e-07 0.0 7.782949798164732e-07 0.0 1.0884404034932396e-07 1.0005344332251056e-07 8.482274642002267e-06 1.2032032403405316e-05 7.60098339152758e-05 0.00063930355907335 0.00016043801166706502 9.247768843627911e-05 6.793417007764581e-07 5.391587110827508e-07 0.0 4.204810570549382e-05 5.633313462693921e-06 4.043396209709147e-06 1.4068202173523365e-06 5.92785814603093e-07 8.243519341779877e-07 1.7554054635734236e-07 6.1110972528332335e-06 4.441121260712514e-06 5.06478244248059e-08 0.0003175444623030467 7.914851936914273e-05 7.043219102044377e-05 1.1073556560663429e-05 7.696080877810509e-07 4.605948404350247e-07 4.059896776685093e-06 3.823816579254376e-07 2.0596504239640724e-06 3.4317292792746635e-05 5.1000934513996374e-08 5.000972566962817e-06 7.812619089566645e-06 1.7571159156304675e-06 4.737733264808424e-08 1.3876709117388727e-06 1.1144822825461243e-07 1.939599493405805e-06 3.1310804836754474e-07 1.7069069112298325e-07 4.438578180188364e-07 5.985556381687065e-07 6.3522058635403136e-06 8.709509227807992e-07 0.0 2.073072473696916e-07 0.0005539536946300005 6.788289094993383e-08 6.504888526649682e-06 4.145943849645915e-07 8.667625913563253e-07 0.0 1.485394130917355e-06 8.52931480474971e-06 2.0111709719164987e-06 7.338192079694066e-06 5.3291365722949306e-06 0.0 9.763970376257625e-06 2.0238627339807697e-05 1.16692541709055e-05 5.237652865609541e-06 0.0 0.0 0.0 0.0 0.0 0.0 0.0 0.0 0.0 0.0 0.0 0.0 0.0 0.0 0.0 0.0 0.0 0.0 0.0 0.0 1.1481782052270363e-07 0.0 0.0 0.0 3.85302074433347e-06 0.0 4.127584096085143e-06 9.335937091643731e-07 0.0 0.0 0.0 0.0 0.0 0.0 0.0 0.0 1.140664012314574e-07 6.109027984937406e-08 0.0 0.0 0.0 0.0 0.0 0.0 0.0 0.0 0.0 0.0 1.6567979010883356e-07 0.0 0.0 3.3697729528217164e-06 1.8690736513636576e-07 0.0 0.0 0.0 0.0 1.0023038939050454e-07 0.0 0.0 0.0 5.117360545933149e-06 3.828292560259065e-07 0.0 0.0 0.0 0.0 0.0 5.435072024993161e-07 9.599509206580895e-07 0.0 0.0 0.0 6.764292866821045e-07 0.0 0.0 0.0 5.277410991622397e-08 1.1887848280749245e-07 0.0 0.0 0.0 7.859558687479994e-06 5.354957874250586e-07 2.06774917690746e-06 0.0002250115570117343 9.095644937793199e-06 0.0004895209760671209 4.1284621866084e-05 0.00032732901475250625 3.937744361892977e-05 9.987364278370589e-07 1.6661161734186396e-05 5.835541902649231e-06 0.0 3.4587618504225247e-06 3.170889817793397e-07 1.2338170010811626e-05 0.0 9.963221935128243e-07 1.3673990577483529e-06 6.811528341766119e-06 0.0 9.177802499410855e-05 7.05886962205682e-06
9.613399046782719e-05 0.0006861936771451739 0.0 5.298325213266299e-06 0.0006853667836347147 6.070684062876641e-06 7.778578112676565e-05 0.001459753698243264 0.0005863471087218451 1.1812817629701838e-05 0.0009728652083849468 9.08399030983257e-06 5.887290374948738e-05 0.00034507382130740327 3.122361886824451e-06 1.7515499010413373e-06 5.222070607110423e-07 9.758939341528475e-08 0.0 0.0 1.1376918275007011e-06 0.0 0.0 0.0 1.277694156404126e-06 1.7020278170213314e-07 0.0 0.0 0.0 4.401477082110076e-08 0.0019770654569216894 0.00013723517181015818 3.696967597582265e-05 0.0 1.129762946293818e-06 1.3785748216967505e-06 1.5325437941815645e-05 5.797225284395786e-06 1.3226953316289357e-06 1.9241537659133965e-07 2.88000779078176e-07 7.351544694843393e-07 4.5862742336147185e-06 9.838761581333795e-08 0.0 3.6971643797086715e-07 1.8915548266593324e-05 5.629267491716829e-07 1.0525772934753954e-07 5.40864430958663e-07 1.2613384456422527e-06 0.0 0.0 5.7896352848144225e-08 1.5805471054155792e-06 2.0995119477356488e-06 2.414921529503845e-05 0.0004103179886707086 4.119675803656715e-05 1.496854950125419e-05 3.669988014094966e-07 1.3804338355130757e-05 7.068067972697775e-07 3.688230659339847e-05 1.2018078623695745e-06 2.095078927434369e-06 9.734265725168367e-07 1.0564401497908787e-06 1.0540370755936462e-05 2.1928630066118386e-06 2.7773788670554834e-05 6.830901979099449e-06 0.0 7.392964444464883e-05 3.19155361727966e-05 1.7568846448412896e-05 6.69624103381269e-06 1.1644520923477086e-06 7.030804053274263e-06 0.00016190666084337722 5.815801134244844e-08 4.8434831425896586e-05 5.364022359228002e-06 0.0 1.575940227333148e-06 1.048257989162521e-06 3.1630400310439937e-06 0.0 4.033899725671849e-07 5.980592359590378e-08 3.214101853487221e-07 4.45296808066365e-08 9.573072074692522e-06 1.4870851554955377e-06 7.994395461625034e-07 1.3441299711022468e-05 3.774163801648398e-06 0.0 2.2178075104164693e-06 0.00017832276354923 0.0 2.1365167383468434e-07 0.0 1.1454383282123547e-07 0.0 8.472348189832739e-07 5.825105416316544e-07 3.5189689520554195e-07 6.49893672757736e-07 7.63613076633134e-07 1.6246703014390986e-07 3.132644034625644e-06 6.008332936058136e-06 2.5353750968557834e-06 4.494980703952325e-06 0.0 0.0 0.0 0.0 0.0 0.0 0.0 0.0 0.0 0.0 0.0 0.0 0.0 0.0 0.0 0.0 1.689146069854733e-07 0.0 0.0 5.089742503430441e-07 2.0922201713264038e-07 0.0 0.0 0.0 2.929465292100421e-06 0.0 1.321981737866464e-06 6.315231221631169e-07 2.455496709282434e-07 0.0 7.233117313386819e-08 0.0 0.0 0.0 0.0 2.1481917394245503e-07 2.0291959775276825e-07 0.0 0.0 0.0 0.0 0.0 0.0 0.0 0.0 0.0 0.0 0.0 1.0415423737611989e-07 0.0 0.0 1.932630035988118e-06 0.0 1.9020417119180798e-07 0.0 0.0 0.0 0.0 0.0 0.0 0.0 3.6413706195260102e-06 0.0 0.0 0.0 0.0 8.390794274975905e-07 0.0 0.0 0.0 0.0 0.0 0.0 0.0 0.0 0.0 0.0 0.0 1.1451992054339281e-07 0.0 0.0 0.0 2.6588575569904935e-06 1.7495702134141299e-06 1.6719133215397541e-06 3.476934202428425e-05 1.7726104252868843e-06 7.360802678547677e-05 1.1178988538815516e-05 6.630270779952169e-05 4.416422958007834e-06 0.0 4.474686852900609e-06 2.0182187896252834e-06 0.0 1.0622587136251364e-06 2.042643032807871e-07 4.5799871638982635e-06 2.981211868335445e-07 0.0 0.0 2.454410869224443e-06 0.0 1.7749364487224005e-05 1.7336132986385436e-06
0.0011162206327301454 0.00033407424963363756 5.298325213266299e-06 0.0 4.12323498940523e-05 0.0007858715845042807 0.0008047907339327847 1.1398338417088312e-06 4.270324406736777e-06 0.0015237150197567875 6.524472710133056e-07 0.00018018786838092714 0.0006884041511434179 8.663052923643375e-05 3.681017826564771e-07 0.0 1.4546665745871264e-07 0.0 0.0 0.0 0.0 0.0 0.0 5.063822839139833e-08 0.0 0.0 0.0 0.0 0.0 0.0 1.9635339885595615e-05 1.3201868327353643e-06 4.030718590721806e-07 0.0 0.0 0.0 6.560554274549676e-08 0.0 0.0 0.0 0.0 0.0 0.0 1.2677181679540328e-07 0.0 0.0 1.2846490482002102e-05 9.055848148344283e-08 0.0 0.0 1.6669390530340103e-07 5.6508163922172864e-08 0.0 0.0 5.237647343401543e-07 8.367747794758666e-07 1.018505845887466e-05 4.7873252191237336e-05 1.5744301412516613e-05 1.055653747471564e-05 2.4222339447664803e-07 5.3595450575218336e-08 1.5865316347423894e-07 2.777485856643424e-06 2.3711617402530134e-07 1.402324222333688e-07 1.1448437332442064e-07 0.0 0.0 0.0 1.2477734289767574e-06 8.537538892662492e-07 0.0 3.0423536926498376e-05 5.747688600838883e-06 8.290435406468679e-06 6.703426004973598e-07 9.05043207526843e-08 0.0 0.0 0.0 2.53489760142545e-07 3.1844019545292665e-06 0.0 3.5513891409478073e-07 2.563364703358081e-07 2.0102895971956958e-07 0.0 1.8836579463285974e-07 6.221890105921406e-08 1.0652837185181156e-07 5.2562717878829775e-08 0.0 0.0 4.5095954508619496e-08 1.0702094953343757e-05 2.1489926989863948e-07 0.0 6.728875882580873e-08 0.00029314522699199933 6.893995088777179e-07 5.8691042030587125e-06 2.876989513087253e-06 2.435022073749361e-06 0.0 3.2789759550451185e-06 2.0150249611779107e-05 1.5143984870297342e-06 6.7443031561628836e-06 7.131243911505444e-06 0.0 1.1212980027305452e-05 1.6293109639431795e-05 4.447628552413112e-06 2.873091105562763e-06 0.0 0.0 5.4606429602526564e-08 0.0 0.0 0.0 0.0 0.0 0.0 0.0 0.0 0.0 0.0 0.0 0.0 0.0 0.0 0.0 0.0 0.0 0.0 0.0 0.0 0.0 1.5992745446622314e-06 0.0 6.58444109597106e-07 3.555943805436404e-07 7.841919677823841e-07 0.0 0.0 0.0 0.0 0.0 0.0 0.0 0.0 1.9654923606234962e-07 0.0 0.0 0.0 0.0 0.0 0.0 0.0 0.0 0.0 5.573947975086237e-08 8.901647991255041e-07 0.0 0.0 9.945636096674245e-07 0.0 0.0 0.0 0.0 0.0 0.0 0.0 0.0 0.0 3.391648373820248e-06 1.1509108203785994e-07 0.0 0.0 0.0 9.86169853509904e-07 0.0 7.662755948554229e-07 5.730808607500008e-08 0.0 0.0 0.0 0.0 0.0 0.0 0.0 0.0 0.0 0.0 0.0 0.0 1.6944473655929584e-06 8.315924306615134e-07 1.959755983523596e-06 6.126812361931076e-05 5.502268518257009e-07 5.9510612961569236e-05 4.236012698013525e-06 0.00030100966862008126 4.2524038442734e-06 6.248133761028104e-08 1.0109918991601437e-06 8.571553922357049e-06 0.0 5.545212623122007e-07 1.0274249288140631e-06 3.5227453391323224e-05 0.0 0.0 1.3620493469293092e-06 1.0668544834510155e-06 0.0 8.151734099794578e-05 6.8748847458523736e-06
2.3419718954083883e-05 0.0010868010406112844 0.0006853667836347147 4.12323498940523e-05 0.0 1.1456200304016881e-06 0.0008865739277534813 6.636861871159139e-05 0.0021457703461122603 0.0001231111532848758 0.0005741736556219827 1.4847982495620258e-05 0.0002916464159944042 0.0012204187389136378 1.4890505109181707e-06 1.031816424824419e-07 6.210218855476299e-08 0.0 0.0 0.0 0.0 0.0 0.0 0.0 0.0 0.0 0.0 0.0 0.0 0.0 0.0001329620452818657 1.655905668685159e-05 3.8549226741648165e-06 0.0 0.0 6.980383728656861e-08 8.106753002823285e-07 6.183412685280289e-07 0.0 5.402231645548529e-08 0.0 0.0 0.0 0.0 0.0 9.961084872553153e-08 2.014312577991961e-05 1.488239524399173e-07 0.0 0.0 4.809286556741042e-08 0.0 0.0 0.0 8.417482499746751e-07 1.3083602063497483e-06 4.60183019778529e-06 4.971464497700223e-05 1.9517044075532642e-05 1.3252387006325933e-05 4.85576048568685e-08 7.695465774064103e-08 0.0 1.523079759101308e-05 6.960337794420007e-07 4.779419591040964e-07 2.319971869616807e-07 0.0 4.695335954296094e-08 9.061931355218787e-08 2.4353929793932283e-06 8.335260174280175e-07 0.0 4.336243713041468e-05 2.0062030088625607e-05 1.8249237584170915e-05 3.6392083159915275e-06 4.819916807137901e-07 5.058741130970236e-07 1.2087604938110115e-06 9.536224383716819e-08 1.9719218227076084e-07 3.23783892092696e-06 0.0 5.324015873506432e-07 8.210154751578864e-07 1.945007003867236e-07 5.350006879617135e-08 4.294965101320734e-08 0.0 2.1174539087550186e-07 0.0 1.3075648886969431e-07 0.0 6.605570643826547e-08 2.1340947872955356e-06 4.785340642906035e-07 0.0 5.5228675511013267e-08 5.689838532393038e-06 0.0 2.6941187383564464e-07 7.043302585540006e-08 4.656346372803335e-07 0.0 9.667756515378306e-07 7.407266367069477e-07 8.01797828230408e-07 1.690168165118662e-06 4.912365751093017e-07 1.651301548514699e-07 1.7306011296871332e-06 6.723892664427339e-06 1.4767636340321127e-06 1.1812855977925158e-06 0.0 0.0 0.0 0.0 0.0 0.0 0.0 0.0 0.0 0.0 0.0 0.0 0.0 0.0 0.0 0.0 0.0 0.0 0.0 0.0 0.0 0.0 0.0 0.0 1.5095254816141566e-06 0.0 1.4379513617005042e-06 9.465595822221847e-07 0.0 0.0 0.0 0.0 0.0 0.0 0.0 0.0 0.0 0.0 0.0 0.0 0.0 0.0 0.0 0.0 0.0 0.0 3.2681844194663875e-07 0.0 0.0 0.0 0.0 1.5906104317348029e-06 0.0 0.0 0.0 0.0 0.0 0.0 0.0 0.0 0.0 2.043247355480571e-06 0.0 0.0 0.0 0.0 2.578182295650813e-07 1.635153718559701e-07 0.0 0.0 0.0 0.0 0.0 0.0 0.0 0.0 0.0 0.0 0.0 0.0 0.0 0.0 1.380119623473982e-06 1.3644553697621708e-06 4.6501144174359275e-07 5.6541758984757116e-05 2.077930751894487e-06 0.00010166017751631119 1.4403017738240038e-05 1.8131482475677655e-05 1.1743405438259408e-05 9.381152324249105e-07 6.031657565583014e-06 1.5678176219624383e-06 0.0 1.2957614244626496e-06 0.0 2.923243670922837e-06 0.0 0.0 0.0 2.140089056297002e-06 0.0 1.2247381372157687e-05 1.2101604493492565e-06
0.0001565963945615506 5.0420599770196495e-05 6.070684062876641e-06 0.0007858715845042807 1.1456200304016881e-06 0.0 2.553657897809693e-05 7.885641360647455e-07 1.379167437607697e-06 0.0006938846850330406 3.0246355514288826e-06 9.804744522307608e-05 5.3964731484943635e-05 5.7721431164145975e-06 0.0 1.071855584939989e-07 0.0 0.0 0.0 0.0 0.0 2.3997673362894183e-07 0.0 0.0 0.0 0.0 0.0 0.0 0.0 0.0 1.9400945573578412e-05 1.4369235287667036e-07 3.3573055627766603e-06 0.0 0.0 0.0 5.860122439480306e-06 2.8982141195289827e-07 1.2906108243542525e-06 0.0 0.0 0.0 0.0 0.0 0.0 0.0 6.706343558232616e-07 0.0 0.0 0.0 0.0 2.8258371208468043e-06 0.0 0.0 0.0 9.682998607460738e-08 6.743178744040627e-05 2.641279321946586e-05 2.1967810211667507e-06 7.742048750657737e-07 0.0 0.0 0.0 0.0 0.0 7.989754771988719e-08 0.0 0.0 0.0 0.0 4.471540422474214e-05 0.0001119747346894131 6.486195896465584e-06 3.5181059115439753e-06 2.0231427757139788e-07 1.8512245504214163e-07 1.8091057443298131e-07 0.0 0.0 1.7507668886554872e-07 0.0 0.0 1.0716676543065184e-07 1.0438974119309077e-07 0.0 9.110286266313864e-07 9.986340994076323e-08 1.7667496149654248e-06 4.1093920197418e-07 3.2649684036331642e-06 3.529735422236285e-07 7.98602728158982e-07 0.0 0.0 2.0943322562843928e-07 0.00021108369092154536 4.6281716414599546e-05 7.749481610703263e-06 1.15358121173732e-05 0.0001893395195881501 0.0 3.301327371220943e-06 2.694662819485534e-07 6.268203795074429e-07 0.0 1.9047006790095022e-06 1.196539569804208e-05 8.91980871390586e-08 2.4999573066286053e-06 4.903383504720411e-06 0.0 4.61256191875412e-06 9.676471604988819e-06 2.7469536484211377e-06 5.689452696039397e-08 0.0 0.0 0.0 0.0 0.0 0.0 0.0 0.0 0.0 0.0 0.0 0.0 0.0 0.0 0.0 0.0 3.545691092121051e-07 0.0 0.0 0.0 0.0 0.0 0.0 0.0 5.421848092452328e-07 0.0 3.0750220525222976e-07 9.410210230616936e-07 5.504975238083489e-07 0.0 0.0 0.0 0.0 0.0 0.0 0.0 0.0 0.0 0.0 0.0 0.0 7.662318959955973e-08 0.0 0.0 0.0 0.0 0.0 0.0 0.0 0.0 0.0 1.0783744158208837e-06 0.0 0.0 0.0 0.0 0.0 0.0 0.0 0.0 0.0 3.5125547718041356e-07 1.1652537342054832e-06 0.0 0.0 0.0 0.0 0.0 0.0 0.0 0.0 9.086843535752466e-08 0.0 0.0 0.0 0.0 0.0 0.0 0.0 0.0 0.0 0.0 1.1519217674856298e-06 7.395948075092241e-07 2.3034221593787142e-06 1.0714075926240936e-05 1.7323480107608137e-07 2.9640732848389364e-06 1.1281817394401581e-06 0.0001408538790207266 5.636498950771801e-07 0.0 5.755920289767734e-08 3.5832639160395234e-06 0.0 8.375419554140681e-08 3.0538834871884266e-07 1.2305879809269074e-05 0.0 0.0 0.0 2.740817066852708e-07 0.0 3.0078493793664916e-05 8.511244468354516e-06
0.00022737500552018485 0.0015290779380135687 7.778578112676565e-05 0.0008047907339327847 0.0008865739277534813 2.553657897809693e-05 0.0 2.4846611447882037e-05 0.0004571264458109553 0.0008986333425698865 6.952841142498008e-05 0.00015877070553483043 0.002461311594987012 0.0008529657261566004 3.827901620651065e-06 7.031140600729494e-07 6.950089909046619e-07 0.0 0.0 0.0 0.0 0.0 0.0 0.0 0.0 0.0 0.0 0.0 0.0 0.0 9.793904718880333e-05 2.059386666312522e-05 1.991591141560965e-06 0.0 1.2911633324365863e-07 0.0 2.0696788574300112e-06 2.3700476826697587e-07 2.4320391357920225e-07 0.0 0.0 0.0 0.0 0.0 0.0 0.0 4.884010516964728e-05 1.9689852768835048e-07 1.544421447125697e-07 6.492471913785975e-08 0.0 0.0 0.0 4.7163550579916184e-08 1.4958756288312759e-06 1.9335927595359953e-06 1.0382925994415506e-05 7.702769621525264e-05 3.475590140493e-05 2.709377588983543e-05 2.151784685854009e-07 4.8031231501694524e-08 7.487809207138166e-08 2.464147690207721e-05 1.1848504942781674e-06 7.622590623542049e-07 1.0091509530188605e-07 9.805116411894026e-08 1.7141675773386701e-07 5.042887526172607e-08 5.909277512130292e-06 6.0807556525576915e-06 0.0 7.731509026566723e-05 3.198864305256282e-05 3.498126435324768e-05 6.795293401373972e-06 6.164506384748991e-07 5.113494302078222e-07 8.705556739353434e-07 0.0 3.118201010828616e-07 6.08094028343248e-06 9.396285887388214e-08 8.130343045465104e-07 9.393786489763755e-07 2.686927059947241e-07 0.0 3.3069042347143705e-07 9.61844224034455e-08 3.522256301728668e-07 1.1244900077320694e-07 5.367442932169212e-08 0.0 5.600202802290042e-08 1.7982140808257823e-05 9.571133276940726e-07 0.0 1.664397001938807e-07 1.9552203415253403e-05 2.2021652577558886e-07 2.4074827666010116e-06 1.4007406334293234e-06 2.0226816952863233e-06 0.0 2.4652709136986444e-06 9.02063892919998e-06 4.176999606278821e-06 1.063490057878833e-05 7.15140046147376e-06 6.081544306852576e-07 2.2967773108334884e-05 5.717065623716646e-05 2.045977714267522e-05 1.1106780310620274e-05 6.607536494013483e-07 0.0 0.0 0.0 0.0 0.0 0.0 0.0 0.0 0.0 0.0 0.0 0.0 0.0 0.0 0.0 0.0 0.0 0.0 0.0 0.0 0.0 0.0 0.0 1.2801541592191748e-05 5.196020428785402e-07 9.33790220367425e-06 2.5606610478782323e-06 2.723597992386581e-07 0.0 0.0 0.0 0.0 0.0 0.0 0.0 0.0 5.998543685221142e-07 0.0 0.0 0.0 0.0 0.0 6.062844131512902e-08 0.0 0.0 0.0 0.0 1.8849444133104137e-07 0.0 0.0 7.76263499943094e-06 0.0 0.0 0.0 0.0 0.0 0.0 0.0 0.0 0.0 8.276728887213256e-06 9.880584326852078e-08 0.0 0.0 0.0 2.8579851215433646e-06 0.0 1.7433887160252977e-06 1.6176009175928632e-07 2.5282010464197984e-07 7.80825447840997e-08 0.0 0.0 0.0 0.0 0.0 0.0 0.0 0.0 0.0 0.0 1.2591679489705564e-05 4.1003181741430245e-06 9.586741354954262e-06 0.00013699381588114142 4.586732608798861e-06 0.00022634016585007278 3.6475013935989616e-05 6.35508838509285e-05 2.6020077846531018e-05 2.991738561372197e-06 1.863670891038514e-05 6.3089134485978455e-06 0.0 5.719030475995904e-06 1.4494154335848396e-06 2.3695475314235043e-05 4.000703171791391e-06 0.0 1.3159344413040891e-06 4.667936206590778e-06 1.9475677841852307e-06 4.3263565635115524e-05 1.2203620974027561e-05
3.8941478233151006e-06 7.819893777455361e-05 0.001459753698243264 1.1398338417088312e-06 6.636861871159139e-05 7.885641360647455e-07 2.4846611447882037e-05 0.0 7.211876407254413e-05 3.99952997790413e-06 0.0006953300986453818 1.1096789870264566e-05 6.977854382630087e-05 0.0011170453328267693 5.013933308836028e-06 3.871076568972529e-06 9.184154815770426e-07 9.138872590482761e-07 6.835319633777174e-08 2.0149792046572002e-07 4.662620115803956e-06 0.0 1.884526497077936e-07 7.494617802317655e-08 6.675978197300546e-06 1.569425238855651e-07 5.2550408621839195e-08 1.3535487216828956e-07 3.892441225631559e-08 1.1820943778223344e-07 0.0005601159073273533 0.0009779599788827004 9.330191371079621e-05 2.2717082106148803e-07 6.956908630934132e-06 1.5979313294121657e-05 5.853443192048086e-05 3.7011445725700295e-05 3.355041054503826e-06 2.1932715223226082e-06 1.6621517216431007e-06 2.0856618909726185e-06 1.3216959260962227e-05 8.784806528883086e-07 0.0 1.847819398964249e-06 2.139307149150759e-05 2.498523348014809e-06 9.18214196297495e-07 5.212143548455621e-06 3.825877839150599e-06 5.475410876613614e-08 0.0 6.292004990351556e-07 6.827030416528292e-07 5.835462349337764e-07 6.463727400702123e-06 7.884930927391457e-05 1.3096971576443684e-05 1.1444648267827969e-05 1.6370456082667788e-05 4.176823800562739e-05 5.455466101726029e-06 0.00031762999851790225 6.356682375219618e-07 3.251485262479321e-06 2.8572505122682293e-06 5.210531777936306e-06 2.663148539239196e-05 7.1495526325226535e-06 4.106949316520117e-05 6.248971588510399e-06 1.9824383571160622e-07 3.956200564567074e-05 3.566675019670829e-05 2.4946106378120015e-05 1.8542606715510165e-05 5.184545388295728e-05 0.000385719502189819 0.0004934035318740996 8.348338179282621e-06 0.00037299345030216465 3.0331013396824973e-06 0.0 2.710084403278088e-06 8.085022116841035e-07 1.5800509366229393e-05 0.0 7.037376107227771e-07 0.0 1.2130737252911013e-06 3.854645901419141e-07 2.707347000084908e-05 5.471192009453727e-06 1.3881500989439104e-06 1.3688153524786166e-05 2.5871607913908195e-06 0.0 2.5154721175814782e-06 9.959450119434071e-06 0.0 8.3421833632557e-08 6.842242343948539e-08 1.710022729312149e-07 0.0 5.19325804797512e-07 2.2335061023667447e-07 1.465838911095733e-06 6.040608306641784e-07 1.4121263011321796e-07 2.6209869089033693e-07 5.689015966793397e-06 6.208926343591938e-06 2.4858051882800924e-06 2.761232865334376e-06 0.0 0.0 0.0 0.0 0.0 0.0 0.0 0.0 0.0 0.0 0.0 0.0 0.0 0.0 0.0 1.8865289358828942e-07 0.0 0.0 0.0 2.4443041831983414e-07 2.199975526723009e-07 0.0 0.0 0.0 2.092120883303404e-06 0.0 3.510365284163372e-06 8.918483423886598e-07 2.7673989970996526e-07 0.0 0.0 0.0 0.0 0.0 0.0 1.569683473900199e-07 0.0 0.0 0.0 0.0 0.0 1.0414698349307003e-07 1.641873136464074e-07 0.0 0.0 0.0 0.0 0.0 0.0 0.0 0.0 1.6960868628632718e-06 0.0 0.0 0.0 0.0 0.0 0.0 0.0 0.0 0.0 3.7316865827115128e-06 1.0285804268975138e-07 2.012383168392765e-07 4.5971005024453464e-08 5.0406746529385786e-08 4.494342505885184e-07 0.0 1.968568677362472e-07 0.0 0.0 0.0 0.0 1.5178735119742338e-07 0.0 0.0 0.0 0.0 1.0123466515954886e-07 0.0 0.0 5.761159205303763e-08 3.1657627908098945e-06 1.0797433049491038e-06 2.113942566514853e-06 3.0812028755952686e-05 1.9080681844894552e-06 7.426387871318294e-05 1.8084758551108914e-05 8.916651475273524e-06 5.827004529183407e-06 1.500934537942706e-07 6.5113197802593666e-06 2.611293414908684e-06 2.4311161609696367e-07 3.2886874520762843e-07 5.658496889775249e-07 1.5113336935109171e-06 6.213065904822511e-07 0.0 4.661027002686808e-07 1.4156592853204536e-06 3.872203530327942e-07 1.2392567202995486e-05 1.0777370556610261e-06
9.412075204747065e-06 0.0015301752883600164 0.0005863471087218451 4.270324406736777e-06 0.0021457703461122603 1.379167437607697e-06 0.0004571264458109553 7.211876407254413e-05 0.0 6.121949545867062e-05 0.0002825171971691408 2.1040291338284875e-05 0.0005078489516749833 0.0005340092306977861 1.0428778702891743e-06 4.817073468523944e-07 4.657003212312505e-07 0.0 0.0 0.0 0.0 0.0 0.0 0.0 5.582590390205073e-08 0.0 0.0 0.0 0.0 0.0 5.318828605777324e-05 9.038377175008684e-06 2.328226569075663e-06 0.0 0.0 0.0 5.77726474089114e-07 1.7801740427589383e-07 5.062346925311367e-08 5.602460762915965e-08 0.0 6.45505257054154e-08 1.434134893528221e-07 0.0 0.0 0.0 1.4035078872689618e-05 0.0 1.4145522821185151e-07 0.0 1.6366221311229667e-07 0.0 0.0 0.0 5.677285643884839e-07 5.95362575009985e-07 2.0789790497161656e-06 2.4155204209413375e-05 9.423613327685044e-06 8.220127081167156e-06 0.0 1.1185594994848038e-07 0.0 9.715863102674983e-06 4.4670291623808835e-07 3.7542953321840477e-07 3.85683575215306e-08 5.386681283386645e-08 9.657322335285668e-08 0.0 2.546048583268445e-06 1.855340945510628e-06 0.0 2.2419496613391452e-05 1.2187910595514838e-05 1.3359501673873759e-05 3.705038573500218e-06 2.8955512102832954e-07 3.5345949652748497e-07 7.211248651507038e-07 1.493876006990803e-07 2.1179642341907056e-07 1.2683055130291654e-06 0.0 4.323064242255091e-07 6.543404985790116e-07 0.0 0.0 2.0086767054766344e-07 0.0 1.3423816520200672e-07 1.3584473670613326e-07 6.103965428934275e-08 9.731420072334297e-08 1.0957029449183776e-07 4.270999720106519e-06 3.8548519867104093e-07 0.0 1.3614639928814825e-07 2.8202203570065676e-06 0.0 2.4247488636258533e-07 1.1691647502395644e-07 1.3622994662433164e-07 0.0 4.102995236041725e-07 1.4758957456285311e-06 8.060895653936722e-07 1.6319283700353592e-06 9.913636457437228e-07 5.742985874143351e-07 5.951482538881312e-06 1.0728159535693978e-05 4.076977867771885e-06 2.041088950209972e-06 6.5433795692692e-08 0.0 0.0 0.0 0.0 0.0 0.0 0.0 0.0 0.0 0.0 0.0 0.0 0.0 0.0 0.0 0.0 0.0 0.0 0.0 0.0 0.0 0.0 0.0 3.825725858729603e-06 0.0 3.2854499499063042e-06 5.923838505292697e-07 0.0 0.0 0.0 0.0 0.0 0.0 0.0 0.0 0.0 0.0 0.0 0.0 0.0 0.0 0.0 0.0 3.7351375397668174e-07 0.0 0.0 0.0 0.0 0.0 0.0 1.2966928820987677e-06 0.0 0.0 3.582399012181883e-07 0.0 0.0 0.0 0.0 0.0 0.0 2.2644089050101935e-06 0.0 0.0 0.0 0.0 1.0442244192132154e-06 0.0 0.0 0.0 0.0 0.0 0.0 0.0 0.0 0.0 0.0 0.0 0.0 0.0 0.0 0.0 2.2139660087665985e-06 1.0924402057790407e-06 1.3599468300744855e-06 4.0634304539423916e-05 2.4174317784266274e-06 6.940867550765988e-05 1.484542487540973e-05 9.369348752283874e-06 7.301904306295101e-06 0.0 6.9475416295072805e-06 3.645061317815116e-06 0.0 2.4270974618795866e-06 0.0 2.6152431981197253e-06 1.169677150493286e-07 0.0 1.660299794926376e-07 8.988175484341617e-07 3.3756486619326744e-07 1.0336423293329616e-05 1.8291669364592855e-06
0.0008456220696406199 0.0003241762281809141 1.1812817629701838e-05 0.0015237150197567875 0.0001231111532848758 0.0006938846850330406 0.0008986333425698865 3.99952997790413e-06 6.121949545867062e-05 0.0 8.833661690576282e-06 0.0006724483371146592 0.002321134136127758 0.0001866449459020493 1.9912332554002617e-06 8.146987714538567e-07 2.6429688877680893e-07 0.0 0.0 0.0 0.0 0.0 0.0 0.0 0.0 4.324987718273714e-08 4.857216449341911e-08 0.0 0.0 0.0 1.9693572881659824e-05 3.3049361660681544e-06 5.337620028422113e-06 0.0 0.0 0.0 6.900027638171373e-06 1.924156080133512e-07 2.0024782265001996e-07 0.0 0.0 0.0 4.677100298793967e-08 0.0 5.658232669678678e-08 0.0 2.1721782750046364e-05 0.0 6.961270664528401e-08 6.002737850076324e-08 7.237052285589128e-08 0.0 0.0 0.0 1.2715097702301845e-06 1.0932618257404625e-06 1.7924735760350042e-05 3.390053294015006e-05 1.3465643714607626e-05 9.987782601586601e-06 4.4864001822514613e-08 3.8543782897930926e-07 0.0 6.357748412735487e-06 6.72830187619168e-07 3.045171884868226e-07 1.3018496428207124e-07 1.0673836338703276e-07 1.7252723226597829e-07 0.0 4.23473621290147e-05 3.37333965001002e-05 0.0 3.229987790333876e-05 8.937276355562503e-06 1.6410407434090135e-05 3.332602863053761e-06 6.288797600973317e-07 1.9197913412957265e-07 1.449807622073695e-06 9.386552596787624e-08 1.0986816654090579e-07 2.8106133669637645e-06 4.431686033682654e-08 5.955662902206529e-07 5.238869730426384e-07 0.0 6.131829437124888e-08 9.183877987164261e-08 7.013332637044817e-08 2.29521757475545e-07 0.0 1.4052225037252017e-07 1.6150344474854137e-07 6.070939911880452e-08 0.00023790871269875228 9.639298135661487e-06 6.971711787281385e-08 4.669649946436399e-07 0.000286133324483135 3.189674909051154e-06 5.725752704480706e-05 1.760682851422845e-05 4.873193679379075e-05 1.7873238258039939e-06 4.1811863987469184e-05 0.00016399496333132158 3.3657313956209866e-05 7.468555666656706e-05 8.411383213431485e-05 4.181520267691866e-06 0.00016878550659241815 0.00033358975197573214 0.00010550129457870926 5.262877188551327e-05 1.637999092091346e-06 0.0 0.0 0.0 0.0 0.0 0.0 0.0 0.0 0.0 0.0 0.0 0.0 0.0 0.0 0.0 3.8585244146307116e-07 1.886295598654755e-07 0.0 3.703835917196874e-07 8.43605595158496e-07 0.0 0.0 0.0 5.231266349066707e-05 2.429190809634714e-06 4.382749580618883e-05 2.34111510967531e-05 3.7737321078261672e-06 5.344690717009689e-07 0.0 0.0 0.0 5.6780564387845e-07 1.6217934545138905e-06 0.0 1.1255396262552276e-07 3.202127938961394e-06 0.0 0.0 0.0 4.0592627402241246e-07 0.0 5.507464022215706e-08 0.0 3.374871243575447e-07 1.589222681712646e-06 8.531384423768589e-07 5.169862192341153e-06 4.519768922088539e-07 4.4002258870348385e-07 5.040307418126618e-05 5.742196166479308e-07 0.0 8.707080014893564e-08 0.0 0.0 0.0 0.0 0.0 0.0 6.0301250335614316e-05 0.0 0.0 5.812066780986296e-07 0.0 1.98574313446279e-05 1.0326806663363024e-06 3.908793672545063e-06 7.474692965633369e-07 6.786756123668978e-08 5.976915383030539e-07 9.180489170909077e-07 2.3017630670480826e-07 0.0 0.0 0.0 0.0 0.0 0.0 0.0 0.0 6.940629932629641e-05 1.5281350376801826e-05 4.096594304301595e-05 0.00023156976301920315 3.297298896545925e-06 0.00010485159198871241 3.481819907326385e-05 0.0004278055264397762 2.164653917079821e-05 3.0224986596272758e-05 2.51656424513612e-05 8.618774132227438e-05 2.4329487998587137e-06 2.2188331109258662e-05 9.3847395569489e-06 0.00024239538371258776 6.227876506574482e-06 1.0379434741999961e-05 7.209295864693647e-06 5.776969466354652e-06 1.3529234034477046e-06 0.0004945215239427724 9.682894791945386e-05
1.978171560063575e-05 0.0004736435052042314 0.0009728652083849468 6.524472710133056e-07 0.0005741736556219827 3.0246355514288826e-06 6.952841142498008e-05 0.0006953300986453818 0.0002825171971691408 8.833661690576282e-06 0.0 3.2239236007626684e-05 0.0004938504621864042 0.0016921066276317353 7.420587205582601e-06 5.1798227632972396e-06 1.0980511002782615e-06 1.9482364182369176e-07 5.018917392827088e-08 1.6185037826404577e-07 1.5325185512271552e-06 0.0 0.0 3.5430247913458854e-07 6.486203242119432e-06 3.3309290714353655e-07 0.0 0.0 0.0 0.0 0.00020741992901342698 0.00015745698018420747 0.00035570721910745963 1.088324253583679e-07 4.695064312735018e-06 8.989431746760898e-06 0.00012061385197276277 3.360276152374668e-05 3.794354981127704e-06 1.268149833846021e-06 3.57834796987071e-07 1.2655686445006335e-06 1.9903860074460846e-06 5.683801250817712e-07 0.0 9.943504580247361e-07 2.5276296762465177e-05 1.927843590384908e-07 3.8547377520174954e-07 3.803510015952167e-07 2.662264934887013e-06 0.0 1.2657935747256996e-07 2.1180348578045578e-07 5.44829515952706e-07 7.631698994910915e-07 4.53747735834814e-06 4.665149812554776e-05 1.365703342884403e-05 1.29270162726526e-05 1.2524369256513102e-06 1.7574105816866694e-05 2.643459478492245e-06 4.455139401277508e-05 3.3842801443564825e-07 1.6121686729064454e-06 1.7345190764114554e-06 2.602638072077484e-06 1.2012641427376282e-05 4.193274750260418e-06 6.668175742337548e-05 6.095221906336628e-06 1.0688322957619227e-07 3.4844877670081015e-05 3.043298850469036e-05 3.531913231444541e-05 1.3833613973750917e-05 1.914488665005501e-06 1.3938026039188048e-05 2.7231724492028108e-05 3.002602005355947e-07 5.2018833059448255e-06 3.1864944643771102e-06 0.0 6.89307474737768e-07 4.875955986373716e-07 2.2368313892897392e-06 0.0 3.123365552118189e-07 3.683818671309377e-08 4.3926941379697804e-07 5.8821095255894174e-08 1.8698105740609007e-05 3.923580146557319e-06 5.315856691487802e-07 2.030276188843749e-05 4.059867302298906e-06 0.0 4.064312324624505e-06 9.691540254253707e-06 8.218867351407736e-08 5.708696473704001e-07 2.0667077299753281e-07 0.0 0.0 5.666285916276527e-07 4.0650547942679625e-07 1.0891112639842785e-06 1.9744246198416206e-06 5.702966863702919e-07 2.4190630642055675e-07 5.473077520292361e-06 1.2852563342716676e-05 6.02657677911143e-06 4.744290994537423e-06 3.1704437319160724e-07 0.0 0.0 0.0 0.0 0.0 0.0 0.0 0.0 6.51873711507995e-08 0.0 0.0 0.0 6.44035208576669e-08 0.0 0.0 0.0 4.096322501543118e-07 0.0 0.0 0.0 0.0 0.0 0.0 6.692541270164788e-06 0.0 4.3030969835220765e-06 1.1701990430395133e-06 3.5725196863119693e-07 9.883931965949355e-08 0.0 0.0 0.0 3.174969229251152e-07 0.0 0.0 0.0 1.6246872191861458e-07 0.0 5.8039447461905424e-08 0.0 3.1882732816883775e-07 1.443122287045566e-07 0.0 0.0 0.0 0.0 3.9550494184144496e-07 6.497618260517402e-08 4.216391582769149e-07 0.0 6.878180682080258e-06 0.0 0.0 0.0 0.0 0.0 0.0 0.0 0.0 0.0 9.3600713031954e-06 4.5281917256985366e-07 0.0 7.579923945788406e-08 0.0 1.4249147533078695e-06 2.7256817480983354e-07 1.739598701782949e-06 0.0 0.0 0.0 0.0 0.0 0.0 0.0 0.0 0.0 7.445611398359879e-08 0.0 0.0 0.0 4.85249966176416e-06 2.274915584032985e-06 3.2151826142310634e-06 4.25028744249689e-05 4.0168915005984e-06 9.077197403070442e-05 2.257299569744705e-05 9.690060901015344e-06 8.833287497143839e-06 1.5413830516763285e-06 7.318521715451622e-06 4.535415739348796e-06 0.0 1.4662705450674438e-06 2.6643166107199333e-07 1.6716140569685826e-06 7.757899761932823e-07 0.0 3.488674693541364e-07 3.2319615240313317e-06 2.3390900010893096e-07 1.632209084536296e-05 5.0687776322862995e-06
3.988970907331957e-05 3.759245597439159e-05 9.08399030983257e-06 0.00018018786838092714 1.4847982495620258e-05 9.804744522307608e-05 0.00015877070553483043 1.1096789870264566e-05 2.1040291338284875e-05 0.0006724483371146592 3.2239236007626684e-05 0.0 0.000575901399288333 0.0001231474860818261 1.1515074646285595e-05 6.3094378189556106e-06 7.346491515421767e-07 0.0 7.20913241691298e-08 0.0 7.002413508137056e-08 0.0 0.0 8.03178579731734e-08 0.0 0.0 4.599287839457417e-08 0.0 0.0 0.0 3.0415868626476433e-06 7.563937233433824e-07 6.222956743937492e-05 4.204580840711598e-08 1.4607550483074087e-07 2.6256037780326414e-07 0.000332777551017859 1.3983219170991316e-05 4.298126964403268e-07 1.6745960492877018e-07 0.0 4.05457788090389e-08 0.0 2.3935660243883597e-07 0.0 0.0 2.0281158140920312e-05 1.1823111564065479e-07 1.2523681454334812e-07 0.0 1.423363715106432e-07 0.0 0.0 0.0 0.0 2.4616235272359996e-07 4.765066219333181e-06 3.338487358221086e-06 4.2233221453287666e-06 6.324525975500053e-06 2.125061987183522e-07 7.511598990916108e-06 0.0 3.918756469940501e-06 1.4663699049110677e-07 4.579721906392677e-08 2.3747768313749512e-07 2.1848061729728085e-07 6.219232862524966e-07 6.79500990940989e-08 0.0002984100326580777 2.6765173471462688e-05 0.0 1.2369134252009095e-05 1.1310244496236535e-05 2.7516865924473183e-05 1.1149782893433556e-05 1.7571127275927574e-06 2.5498257575791904e-07 1.791450950495466e-05 4.6946337081922546e-08 3.2074692268172265e-06 9.043239997855752e-07 0.0 1.5105348007870378e-07 8.280404060277419e-08 2.0093497046262617e-07 0.0 1.3056349488221377e-07 5.47671282492999e-08 0.0 6.417017564945837e-08 4.6437283270287966e-07 5.27498465153294e-08 1.1088301590185452e-07 0.00051367734063847 2.4633364020421014e-05 0.0 2.7690015665989942e-06 3.426243718946832e-05 2.7668884322618846e-07 1.6055931994932203e-05 4.6841494292241616e-06 9.496407113419889e-06 4.3182691382766236e-07 1.8382893794834644e-05 5.9784262599369e-05 2.220598688903057e-05 3.9252577390827515e-05 3.810562491228435e-05 2.0079694239490282e-06 0.00011268862466407901 0.00021831477261100878 7.000240567968123e-05 3.4836510288052736e-05 1.5697234660178057e-06 0.0 0.0 0.0 0.0 0.0 0.0 0.0 0.0 0.0 0.0 0.0 0.0 0.0 0.0 0.0 2.9628305765674655e-07 0.0 0.0 2.5261089116352144e-07 7.671811013059761e-07 0.0 0.0 0.0 2.4739429508349498e-05 0.0 2.6057507428204443e-05 9.86763754212018e-06 7.9635064086411e-07 0.0 0.0 0.0 1.5837706903445918e-07 3.3275446442183305e-07 0.0 0.0 0.0 8.787928212316381e-07 0.0 0.0 0.0 6.812928117752803e-07 0.0 0.0 5.916047962578232e-08 0.0 4.5919905847305557e-07 8.454507587664368e-07 1.4505760149724736e-06 0.0 1.309386140027041e-07 2.5592425825691018e-05 1.6755105253362178e-07 0.0 3.2786941708158837e-07 0.0 0.0 0.0 0.0 0.0 0.0 2.9124619671885627e-05 4.07822952968118e-07 0.0 7.249032763722002e-08 0.0 1.4419775951730416e-05 4.865246314336532e-07 5.180541799467015e-06 1.1789056458462593e-06 0.0 1.0922915450668997e-07 0.0 3.930051771337904e-07 4.533658951019002e-08 0.0 0.0 0.0 0.0 0.0 6.546417980678709e-08 0.0 5.722758863753607e-05 5.820284816016465e-06 1.82947137051939e-05 0.0001372462383708474 2.796801694334365e-06 0.00010156648233290389 4.6609299917766004e-05 0.00011499432597515785 1.3337126397290539e-05 7.363232934856169e-06 1.8456569573745665e-05 2.4690877892534688e-05 0.0 1.4846061824596015e-05 6.3466973293908e-06 8.387062288206924e-05 1.9820705317789687e-06 4.0863400731770496e-07 1.6313511117678995e-06 8.846831657898059e-06 4.968414247059811e-07 0.00031371761508696544 7.648132024963839e-05
