0.0 0.0008784320731603963 0.00023784726217205272 0.0006717668466240843 0.00014552485502229018 2.9711284498031535e-05 0.00014440696319070216 3.0706028284839234e-05 1.2220589914227245e-05 0.0004689093713340575 0.0001438964023593375 1.703110731890718e-05 4.6547620934467316e-05 4.840966776707778e-05 1.1731818769981027e-06 1.324225968110235e-07 3.618849021560146e-08 0.0 5.796168260157131e-08 0.0 0.0 0.0 0.0 0.0 0.0 0.0 0.0 0.0 0.0 0.0 0.0003201450024316408 1.9249421902552807e-07 4.196448819026036e-06 0.0 0.0 0.0 1.1915792731893663e-06 6.816133141279229e-07 1.3994184928451122e-07 1.2526558996685295e-07 0.0 0.0 4.304687160687101e-08 0.0 0.0 1.746377415491238e-07 4.8373695025051325e-06 7.41978453919899e-07 1.4550487148190858e-07 1.7842806962390165e-07 3.9409624309135883e-08 1.2510396408473607e-07 0.0 0.0 1.9164170270677377e-06 2.3306812829174295e-06 5.9890729379952294e-05 0.0004115399966969502 2.2151521818490096e-05 6.745860370642147e-06 4.04118993009779e-08 2.8888918730667827e-06 0.0 3.659295342780713e-06 2.5744358273159966e-06 1.7513390846030849e-06 2.0166751668880983e-07 4.932487726887127e-07 7.13434494762399e-08 5.7193139225566154e-08 7.740756920638782e-06 5.833716007632618e-06 1.4081396277455427e-07 0.00011078524582147433 3.0234922499499833e-05 2.8137480071309706e-05 5.954162819979485e-07 3.898933614457755e-08 1.0250751384625188e-07 4.4081514881105876e-06 6.494371824660225e-08 1.037665323590397e-06 4.848671738828361e-06 0.0 1.659469617863742e-06 3.457206578546597e-06 4.071853425983911e-07 2.512502986601527e-07 9.992946093848307e-07 7.784893886966222e-07 8.645806970681906e-08 1.3253437459276916e-07 6.071374236541768e-08 0.0 3.8236146168746446e-08 1.680382342318663e-05 6.1801277458151384e-06 0.0 1.7021351554726242e-06 0.0004818421037483025 0.0 6.109689455533389e-07 2.479990962506989e-07 0.0 7.608038199381221e-08 2.5261254455647682e-06 3.358855515625945e-07 7.566913979724268e-07 5.6384404544975985e-06 1.3380411501246592e-06 0.0 1.8912260672334508e-06 2.5697063548107902e-06 6.598997158274382e-07 3.550439054055369e-07 0.0 0.0 0.0 0.0 0.0 1.3387288937924436e-07 0.0 0.0 3.156884034034141e-07 0.0 0.0 0.0 3.4353769150248864e-07 0.0 0.0 0.0 5.023796954968273e-08 5.100773630155182e-07 0.0 0.0 0.0 0.0 0.0 9.482268548853394e-08 8.279947387169904e-07 0.0 1.3264391403998398e-06 7.738071739637687e-07 8.37296887831119e-07 0.0 0.0 0.0 0.0 2.145081134246989e-07 7.823255884039822e-07 0.0 0.0 1.320531558260979e-07 0.0 0.0 0.0 5.1726538101530884e-08 0.0 0.0 0.0 3.6711233627604544e-08 0.0 0.0 0.0 0.0 0.0 8.155194675534396e-07 0.0 0.0 1.0010367951996708e-07 0.0 0.0 0.0 0.0 0.0 0.0 1.2095492487164433e-06 0.0 0.0 0.0 0.0 7.498913667798796e-07 1.861176551868448e-07 4.590759546570503e-07 0.0 5.827835367551726e-07 1.6336748237867972e-07 0.0 0.0 3.640259091641288e-08 6.166002922010262e-08 0.0 0.0 9.504734268578049e-08 0.0 0.0 0.0 6.409422364638258e-07 3.284886598329634e-07 2.1433611101274232e-06 0.000109675590541571 2.5422503433459102e-06 4.082470917200425e-05 9.234347145902217e-06 0.00026510610123919057 2.806587561403051e-06 1.5438028870106325e-06 8.277901855087243e-07 4.577357566535943e-06 2.6316504665949416e-07 2.5993457018240196e-07 0.0 6.8716495873129355e-06 0.0 1.0072903697346971e-07 0.0 6.444671833488823e-05 1.2716339607265708e-05 7.323438321023484e-05 7.837869337000595e-07
0.0008784320731603963 0.0 0.0008887349344615942 0.0005679312907834762 0.001222742765897473 3.144617813258817e-05 0.001508755610673058 0.00014627711986064978 0.00043888633215834536 0.0006494956175203179 0.000517956418687117 1.7184431527235857e-06 0.0005509681644896333 0.0004610299469062734 2.9856496129825568e-06 6.258699017667576e-07 8.88208855438217e-08 7.183935007656178e-08 4.895310399626571e-08 0.0 0.0 0.0 0.0 4.839941559283225e-08 0.0 0.0 4.939789937661579e-08 0.0 0.0 0.0 0.0007751840932545012 2.5312281502629583e-06 3.624390064013791e-06 4.2075855886359485e-08 0.0 0.0 1.1348214480157945e-07 2.484926579469218e-07 7.107463099070981e-08 0.0 7.736628963321394e-08 0.0 0.0 3.361379381716616e-07 0.0 2.5739110625880043e-07 1.4034283417911052e-05 9.765120855962087e-07 1.0057698174136437e-07 1.2465774948252113e-07 4.750781344077122e-08 0.0 3.499680369026091e-08 0.0 3.7569111197552135e-06 4.693218151847876e-06 2.9103612957341177e-05 0.00031076514471090354 2.671020031464722e-05 1.5059573014361007e-05 2.793688584694554e-07 7.991211958823209e-07 0.0 1.535578171106948e-05 4.511235321821291e-06 3.5870725083700036e-06 5.728675460647242e-07 3.383076372805536e-07 5.049785289224141e-07 0.0 1.2353480126447578e-06 1.348581667908032e-07 0.0 0.00017828302056909992 8.02807474913575e-05 7.766914453599077e-05 5.9980315434498446e-06 3.534076881566043e-07 1.3521745157264013e-07 9.309592390263291e-06 2.7073675741062896e-07 7.146440853174189e-07 9.019345113494673e-06 4.7595808504600195e-08 4.172685569922092e-06 6.478669527482068e-06 1.0880469124380235e-06 1.626087313027209e-07 1.1449160456275956e-06 1.449841659269422e-07 1.408297230844938e-07 1.783085870222884e-07 8.086485348154216e-08 0.0 8.49669372926277e-08 1.311404152079536e-06 1.457247218507878e-07 0.0 0.0 0.0003306966670614295 0.0 1.743210168821844e-07 2.8846211069627697e-07 3.776937766106255e-07 4.4781298347208e-07 3.0707840217634438e-06 6.320038448307443e-08 2.9905293972934745e-07 4.9030349099569395e-06 1.8724410878365e-06 6.920917930590086e-07 9.79785780521884e-07 2.607302448459546e-06 9.034559032940858e-07 1.056667728438682e-06 0.0 0.0 0.0 0.0 0.0 0.0 0.0 0.0 0.0 0.0 0.0 0.0 0.0 0.0 0.0 0.0 1.500466858046378e-07 9.81916469224645e-08 0.0 6.314687750302368e-08 0.0 0.0 0.0 0.0 8.686715395834797e-07 0.0 7.121166430523051e-07 3.321025511718041e-07 1.3057011860049222e-07 0.0 0.0 0.0 0.0 0.0 0.0 0.0 0.0 0.0 0.0 0.0 0.0 3.1662208597999883e-07 0.0 0.0 0.0 1.0748931341275431e-07 0.0 0.0 0.0 2.4782379423061176e-07 0.0 3.8166896412266403e-07 0.0 0.0 4.0850574493798996e-08 4.3892039730739145e-08 0.0 0.0 4.2525037952473594e-08 0.0 0.0 1.9555943654485774e-06 1.2960543479291608e-07 0.0 1.2679710900231668e-07 0.0 2.305615141826639e-07 0.0 3.3327176172197065e-07 0.0 0.0 0.0 0.0 2.8386903235952117e-07 0.0 1.2304187110544163e-07 0.0 0.0 1.283422181623043e-07 0.0 0.0 0.0 6.093819246875108e-07 6.2008879909255e-08 3.4262056320611754e-07 6.99378960412515e-05 3.485103091335929e-06 7.57584369921703e-05 1.0768884826573931e-05 0.0001545402196088227 3.397008668743589e-06 8.751639072948398e-07 2.373571041039908e-06 2.3514156677543237e-06 1.323495978607453e-07 5.806739742781192e-07 1.3349351714947446e-07 2.8364962529071166e-06 0.0 1.5589563985518013e-07 0.0 5.719657016961282e-07 0.0 2.8540538849346895e-05 1.3965401355681337e-06
0.00023784726217205272 0.0008887349344615942 0.0 9.913962853978144e-06 0.0003935796417176083 1.940210437117466e-07 8.377540273981402e-05 0.00185383872305488 0.0003032308786068959 1.4866907655042912e-05 0.0013772156020497252 2.982812634789693e-07 5.6407170885003864e-05 0.00040339812762481823 1.8317901670927344e-06 1.981900406909599e-06 5.053722819387725e-07 5.88215993849215e-07 9.742009307583691e-08 1.2636267724978938e-06 2.5620865228446304e-06 0.0 9.929255948801696e-08 2.2058950227296374e-07 0.0 2.654127500396002e-07 0.0 0.0 0.0 0.0 0.0028850023500511623 0.0003440380972687887 8.685300408478093e-06 3.5076045562639633e-07 0.0 6.511482545707488e-08 2.5070159242018884e-07 1.5206955334418565e-07 4.2643577714386425e-08 1.074943418911565e-07 2.1081303200891953e-07 1.976099679936785e-07 1.659888893716201e-06 6.297068127391545e-07 2.3879430112500435e-07 2.7164307348597256e-06 3.4634659854549275e-06 7.431958617739084e-07 4.0282103025504997e-07 2.2568595213949913e-06 1.457909522044799e-07 0.0 9.967197803271955e-08 0.0 1.4180126911098415e-06 1.538224061496572e-06 2.05751930029805e-05 0.000450502718719751 1.8480199134454656e-05 3.3250806421120464e-06 4.448938320024221e-06 1.7544071544606235e-06 1.1334679933553294e-07 0.0003564064022427825 1.2983975758578611e-06 2.443874836065446e-06 5.462923718382725e-07 3.577412381216781e-06 1.1846330128524205e-05 1.2983801515185557e-06 7.33548742500342e-07 0.0 0.0 9.114661462406869e-05 5.2849502275070516e-05 1.9884695902525087e-05 2.881699273196869e-06 1.002359629073234e-06 1.0013850818391078e-05 0.0002052260053774064 6.784464098582096e-06 2.7105117542851184e-05 4.052603156848912e-06 0.0 1.3469457384733234e-06 1.6775689675387625e-06 3.0888780849197235e-06 1.0121665712547536e-07 4.5769837322488365e-07 0.0 3.5728313315296766e-07 2.5069150568949915e-07 1.956278929927057e-06 3.416357787177705e-07 4.7531389726416653e-07 4.156965749158342e-07 4.53507814659595e-08 0.0 0.0 8.946282497386764e-05 0.0 0.0 0.0 5.848750264838628e-08 0.0 0.0 0.0 0.0 6.57289217655242e-08 7.134262904029005e-08 0.0 4.5386622607413064e-08 1.2629433725091497e-07 2.2690634300599253e-07 0.0 0.0 0.0 0.0 0.0 0.0 0.0 0.0 0.0 0.0 0.0 0.0 0.0 0.0 0.0 0.0 0.0 0.0 0.0 0.0 0.0 0.0 0.0 0.0 0.0 1.540143074416067e-07 0.0 0.0 0.0 0.0 0.0 0.0 0.0 0.0 0.0 0.0 0.0 0.0 0.0 0.0 0.0 6.786093044386602e-08 0.0 0.0 0.0 0.0 0.0 0.0 0.0 0.0 0.0 0.0 0.0 0.0 0.0 4.251105415102222e-08 0.0 0.0 4.903931262697809e-08 5.2232098673520146e-08 0.0 5.518549937423232e-08 9.517441762813915e-08 0.0 0.0 0.0 0.0 9.341224361165047e-08 0.0 0.0 0.0 0.0 0.0 0.0 0.0 0.0 0.0 9.163999940551945e-08 0.0 3.37248368455874e-08 0.0 6.97264231504725e-08 0.0 0.0 0.0 0.0 1.1859157657832665e-05 6.709122158566276e-07 2.1357420622069082e-05 4.424329839940428e-06 8.416524727870437e-06 1.4021038359484733e-06 3.1039900651991414e-07 6.264817418763445e-07 1.654540197177859e-07 2.3292780033140598e-07 4.1739963453721185e-08 0.0 5.9547148608946006e-08 0.0 0.0 0.0 1.9957251033344736e-07 0.0 5.850301216296549e-06 2.671331810689317e-07
0.0006717668466240843 0.0005679312907834762 9.913962853978144e-06 0.0 5.13619124867695e-05 0.00020370584762980504 0.000987284300370502 4.1486935382836867e-07 1.648088191607021e-05 0.00155413637361113 1.0442416113131547e-05 9.248094063014121e-07 0.00035452794026994084 6.886148587142959e-05 6.114756772314823e-08 3.190590851062718e-07 0.0 0.0 0.0 0.0 0.0 0.0 0.0 0.0 0.0 0.0 0.0 0.0 0.0 0.0 1.698419872475685e-05 2.2874003389491456e-07 5.996724489735479e-08 0.0 0.0 0.0 4.461418216064619e-08 3.2251080470843215e-07 5.0179483714371925e-08 0.0 0.0 0.0 0.0 0.0 0.0 0.0 1.8677358215000236e-06 2.215588374230619e-07 0.0 8.033193070898408e-08 0.0 0.0 0.0 0.0 7.501524242059812e-07 6.862215010573516e-07 7.07116683731531e-06 3.5718568540987705e-05 4.553466293033523e-06 3.0017809386147082e-06 4.5447463887870155e-08 2.3900741928760165e-07 0.0 1.2542416931886424e-06 7.097239375426946e-07 5.575246461475231e-07 1.573507194025115e-07 1.8672585957421887e-07 4.029379622271579e-08 0.0 5.413945280118299e-07 9.988424466219796e-07 0.0 3.302004539544077e-05 1.2018380913119757e-05 1.0730469792286025e-05 6.393233906228469e-07 9.976035354063815e-08 0.0 2.1764573507824311e-07 0.0 1.719296280399451e-07 1.445638618829784e-06 0.0 3.1442037663622547e-07 1.2577663952000336e-06 1.6563565034259893e-07 0.0 5.1447123421051985e-08 1.2230668109736468e-07 0.0 4.567084080804983e-08 0.0 0.0 0.0 1.3600157529198937e-06 0.0 0.0 6.593477179190465e-08 0.00015008010798001493 6.435156859981094e-08 8.105573319840575e-07 2.3461333663185058e-05 1.798805256287909e-05 0.0 4.2039093405258905e-05 1.0401041892084558e-05 2.1540476588934465e-06 9.20074175096727e-05 8.449559148014985e-06 0.0 8.601574479805873e-06 1.9176152592163457e-05 2.268032006434398e-06 4.220050723445667e-07 0.0 9.962664894649136e-08 0.0 0.0 0.0 0.0 0.0 0.0 0.0 0.0 0.0 0.0 4.713950386348613e-08 0.0 0.0 0.0 0.0 0.0 0.0 1.5893535504930794e-07 0.0 0.0 0.0 0.0 5.1291071871900655e-08 0.0 4.792646999641641e-07 7.688996701656586e-08 1.9985330122906793e-07 0.0 0.0 0.0 0.0 0.0 0.0 0.0 4.6669863829977826e-08 1.612232465581178e-07 0.0 0.0 0.0 0.0 0.0 0.0 0.0 0.0 0.0 5.9266658760387685e-08 0.0 0.0 0.0 9.572587299017686e-08 0.0 0.0 0.0 0.0 0.0 0.0 0.0 0.0 0.0 3.3244255240061056e-07 0.0 0.0 0.0 0.0 2.4580010956332357e-07 5.3962077195396854e-08 7.890058425642729e-08 3.9371007579932696e-08 1.1467889619562643e-07 1.394124398304157e-07 0.0 0.0 0.0 3.598968667540304e-08 0.0 0.0 7.641980759416997e-08 0.0 0.0 0.0 4.6395788599591766e-08 5.270947991720025e-08 7.990850305363389e-08 2.4502228857850212e-05 3.1461498205859997e-07 1.3030427045700359e-05 3.5842097393760722e-06 0.0001733596533888219 8.314030082959043e-07 2.069407033458817e-07 3.9371344024836317e-07 1.1389104280091492e-06 0.0 8.231275520677534e-07 3.422734724844059e-08 1.9735667030372195e-06 4.501018806765703e-08 0.0 0.0 0.0003027621501703577 5.7398074221055e-05 2.1059145511859736e-05 5.820567165170675e-07
0.00014552485502229018 0.001222742765897473 0.0003935796417176083 5.13619124867695e-05 0.0 2.428635499645864e-06 0.0007759738956278934 3.769436368370125e-05 0.0022205650024206113 0.00039987162331413777 0.0006605736313946503 1.6142929640035057e-06 0.0001562542062857952 0.0007084018630024528 3.626562006088707e-06 1.1902614214792728e-06 2.1655831339093024e-07 3.947490189849913e-08 5.8965022836864356e-08 0.0 0.0 0.0 0.0 0.0 0.0 0.0 0.0 0.0 0.0 5.7676276753732965e-08 0.00010095967062977641 3.262897217762674e-06 1.507139559564437e-06 0.0 0.0 8.224293445333994e-08 4.1651091052739414e-07 2.496840268841528e-07 4.749273462198357e-08 4.63284367628876e-08 0.0 7.09509171891779e-08 0.0 1.5491033266973605e-07 0.0 2.9779133750495954e-07 1.774150741476808e-05 1.0381923941403938e-06 1.0936210402946288e-07 1.2130061820567365e-07 4.897692972090557e-08 0.0 0.0 0.0 1.465123089346366e-06 2.127934228004486e-06 1.06633016174473e-05 9.9993758497255e-05 9.376172074334904e-06 9.282276282977115e-06 2.567796168194175e-07 6.930592259886586e-07 0.0 1.468165215232738e-05 2.2566204404044334e-06 2.0082990881605525e-06 3.03743021384333e-07 3.660714875617234e-07 3.823177933223927e-08 3.7767548221222804e-08 1.2725787807211746e-06 1.8360712779677763e-07 0.0 8.156727964461932e-05 4.896876048466724e-05 5.9005981546801284e-05 7.238701634779506e-06 3.4983609889232205e-07 4.945718612944052e-07 2.400738791672173e-06 2.832174308802523e-07 7.985857853362374e-07 5.020723022963545e-06 1.102867783516468e-07 2.2399792402951366e-06 3.182801152464638e-06 1.4374470356364562e-06 0.0 5.587696180028796e-07 0.0 9.210340015595766e-08 1.690480584915664e-07 0.0 0.0 9.544565441479552e-08 3.3983588582013016e-06 1.3680139944268667e-06 0.0 0.0 3.471687047772068e-05 0.0 0.0 1.683523254978993e-07 0.0 0.0 1.2065498142808849e-06 2.644524926163018e-07 1.1281749706742451e-06 1.8861671334548263e-06 2.4618796139562012e-06 4.669777618578233e-07 3.906547700064057e-06 5.7433855861052955e-06 3.740765264467047e-06 1.6867823143859502e-06 1.6687278174149935e-07 5.205220155047205e-08 0.0 0.0 0.0 0.0 0.0 0.0 0.0 0.0 0.0 0.0 0.0 0.0 0.0 0.0 1.0049648969662497e-07 0.0 0.0 0.0 0.0 0.0 0.0 2.2631116965574098e-07 1.942809419412479e-06 3.4200147811777975e-07 3.1036292851066216e-06 4.345078413452745e-07 1.998222933816575e-07 0.0 0.0 0.0 0.0 0.0 2.678612220363329e-07 0.0 0.0 3.084101969969128e-07 0.0 0.0 0.0 1.024180168553212e-07 0.0 4.184474106421748e-08 0.0 3.929580867035353e-08 0.0 0.0 0.0 0.0 5.6336240190899216e-08 5.123987733027303e-07 1.4164481296781402e-07 0.0 0.0 7.089647067763622e-08 0.0 0.0 3.443971775569651e-08 0.0 8.153363449261533e-08 4.2766261604144565e-06 0.0 5.902768032432328e-08 0.0 0.0 1.7334452012021452e-06 5.7010803952134906e-08 1.8004613241169757e-06 1.0360629261669284e-07 0.0 7.659064253900277e-07 0.0 2.2851147301048738e-07 0.0 8.780020367446007e-08 0.0 0.0 4.9532249071610236e-08 0.0 0.0 0.0 1.7084756499034003e-06 8.58490508382722e-07 2.2125216872046406e-06 5.4597504937788094e-05 2.1025834915771788e-06 5.9009986852252345e-05 8.587037423326508e-06 3.715913544311745e-05 3.654924069964636e-06 4.960557884283599e-07 1.4356002806283172e-06 3.922136601746038e-06 1.410039168544067e-07 1.115595967294392e-06 4.569448325788481e-07 3.738593755767572e-06 0.0 3.537234170524917e-08 8.842585225039651e-08 4.20627117084729e-07 9.748256530356532e-08 1.5391755597736434e-05 3.0823736786340833e-06
2.9711284498031535e-05 3.144617813258817e-05 1.940210437117466e-07 0.00020370584762980504 2.428635499645864e-06 0.0 1.6135944120845448e-05 0.0 3.190588449302639e-06 0.0003327656209231215 6.184613155166319e-07 7.716580081832826e-05 4.641856436801665e-05 1.5309650532912968e-05 8.57394918726215e-07 5.853441405120647e-07 5.3894354839231496e-08 0.0 0.0 0.0 0.0 6.234799685366872e-07 0.0 0.0 0.0 0.0 0.0 0.0 0.0 0.0 1.7335818898012382e-07 0.0 9.627322326124109e-06 0.0 0.0 1.0548783675567267e-07 1.0186602708512483e-05 2.1853244141110192e-06 2.6098210842710364e-06 4.292797720490244e-07 0.0 0.0 0.0 6.661830741723691e-08 0.0 1.5296313711372228e-07 5.849699952532653e-07 0.0 0.0 0.0 4.617899832447707e-08 3.405065783146381e-06 0.0 0.0 4.577649178584758e-08 3.325788076242627e-07 7.875566715121464e-05 1.083051889627428e-05 1.6933870884388566e-06 6.583811914387928e-08 1.7277865022785172e-07 4.5579298053461845e-06 0.0 0.0 4.795314144284679e-08 1.0114830951771917e-07 5.4955638363481375e-08 0.0 0.0 0.0 5.997407785184801e-05 0.00015522002438107018 6.448614735522952e-06 1.1083630635084434e-06 2.0737417803340788e-07 6.431990043378933e-07 1.8493158930940247e-07 2.849280795341659e-07 0.0 1.3407215606876933e-06 3.802495007585419e-07 6.945964583018857e-07 0.0 8.083642603752235e-07 9.209830220515651e-08 9.870488651028742e-07 0.0 5.21853936037249e-06 2.0932644176633754e-06 1.0612064803518997e-05 6.646711231959508e-07 1.7150770826647364e-06 0.0 0.0 3.023827451959304e-07 6.132985207661922e-05 6.568632136325169e-05 2.7551186964293285e-06 1.291561763402452e-05 0.0001321859655363489 0.0 0.0 0.0 0.0 6.325720628901928e-08 0.0 0.0 2.4971983494351156e-07 1.2928598416136918e-07 2.0430380897028354e-07 0.0 0.0 2.1932137956770034e-07 0.0 1.1035937370036904e-07 0.0 0.0 0.0 0.0 0.0 0.0 0.0 1.464712127024318e-07 5.288258859440533e-08 0.0 0.0 1.1781375549425894e-07 0.0 2.902773814748415e-07 1.7133467633972835e-07 6.995238709046173e-08 8.786181543690391e-07 1.770941618499415e-06 3.0720177423983757e-07 0.0 0.0 0.0 0.0 1.515626264816832e-07 2.221006295052228e-07 6.368673759085105e-08 2.208511915670749e-07 2.2422619379150705e-07 6.596112234201594e-07 0.0 0.0 0.0 0.0 7.3038331203795e-08 0.0 0.0 0.0 9.643723727361395e-08 0.0 0.0 0.0 8.699799959786639e-07 7.567412063742847e-08 4.116896980652334e-08 0.0 0.0 0.0 0.0 0.0 0.0 0.0 1.842577533542513e-07 0.0 0.0 0.0 4.091518713305775e-08 0.0 0.0 7.832357297619417e-08 0.0 0.0 3.951061832045547e-07 1.035477912327975e-06 0.0 0.0 0.0 0.0 0.0 0.0 0.0 0.0 1.2394057929145524e-07 0.0 0.0 0.0 0.0 0.0 0.0 1.014797689496608e-07 9.223683347692756e-08 0.0 0.0 1.7506756066518004e-07 2.3222864003272268e-07 1.7470094819935568e-07 9.926836770999866e-06 7.331590321159624e-08 2.2793724889673712e-06 6.927317132506206e-07 5.9888946069785446e-05 2.8368745665098543e-06 5.1418001253042425e-08 0.0 1.0574892759468977e-06 9.67014805054399e-08 0.0 0.0 4.947823196565843e-07 0.0 0.0 0.0 7.128735356423454e-05 8.052329223347567e-06 2.4725250003258314e-05 5.85917449905895e-07
0.00014440696319070216 0.001508755610673058 8.377540273981402e-05 0.000987284300370502 0.0007759738956278934 1.6135944120845448e-05 0.0 7.407133850228018e-06 0.0006807638968670244 0.0015196471194247848 0.00011774574712353519 1.9894793229409708e-05 0.00200160253217613 0.0010222956367107073 6.081305736118235e-06 1.901900273069923e-06 1.2505886326496166e-07 1.0260579744154849e-07 0.0 0.0 6.277527294910137e-08 0.0 0.0 0.0 5.654856107501303e-08 5.136009766259922e-08 0.0 1.7567711149381052e-07 6.557768366115917e-08 0.0 6.226089856603143e-05 2.6595996063806036e-06 3.1531124568906685e-06 4.357705518198366e-08 0.0 1.3630491295846675e-07 7.541983776269022e-07 2.499785071505814e-07 1.3619345276483066e-07 4.165838962448345e-08 0.0 3.769917414779083e-08 1.1925965145208737e-07 3.669383013001873e-07 0.0 2.834310188085951e-07 2.6764171773924688e-05 1.2645064452465877e-06 1.3957021495670358e-07 2.184833836419743e-07 5.7396276520176984e-08 0.0 0.0 0.0 2.0207865037610863e-06 3.122529446432868e-06 1.0375528828434725e-05 8.312182915417184e-05 1.0117053995758595e-05 1.3379748016678888e-05 4.7614298748998575e-07 8.384072221772564e-07 0.0 1.6163001794115638e-05 2.7193603759999873e-06 2.4404211613114857e-06 5.294950970223579e-07 7.232252134846525e-07 1.2382226117957726e-07 4.74980112160964e-08 3.1217020930170236e-06 4.3360450166599566e-08 0.0 8.988007074358215e-05 5.068807143366753e-05 7.298253586908608e-05 8.52662514154951e-06 1.0884536170944768e-06 4.1052961817321824e-07 3.067427598443424e-06 5.433825799548614e-07 1.8284268792380537e-06 5.754706484038175e-06 8.036140354719802e-08 2.9465809162008803e-06 4.7976670553425124e-06 7.734721383573843e-07 0.0 7.503386135434508e-07 0.0 2.0252446534661895e-07 0.0 0.0 2.017318216645874e-07 2.014689811135789e-07 5.913409596165908e-06 2.2615184761070255e-06 0.0 4.5934763143556703e-07 3.747728741056922e-05 1.8236892321472348e-06 3.9032850247841436e-06 0.00012020620416441036 2.1411196116250083e-05 1.2362115446394225e-06 0.00010640592542856263 1.0833938701579633e-05 2.5646933545282654e-05 0.00010073119448182667 1.9062403742822203e-05 2.0813088033523875e-06 1.7804860119140016e-05 1.7192868834304365e-05 5.690981702038359e-06 5.580923365475598e-06 8.559134396672721e-07 5.407393338170709e-07 0.0 1.3945206556350883e-07 0.0 0.0 0.0 0.0 8.079640662750171e-08 0.0 0.0 0.0 9.701503193785076e-07 0.0 0.0 8.432529352387901e-08 6.594581393349073e-07 0.0 0.0 1.0097594353354125e-06 5.308704255638727e-08 0.0 0.0 4.5676743315395346e-07 5.523419724325116e-06 1.2648216415207494e-07 4.739068251294545e-06 1.2800595521020478e-06 5.080821851892773e-07 0.0 0.0 0.0 1.1803321218621057e-07 1.5518217155051687e-07 3.6397134355704603e-07 0.0 4.963009035930003e-07 1.3993787083179643e-06 0.0 0.0 0.0 7.623282560970997e-07 0.0 1.357188702663665e-07 0.0 7.493500047649504e-08 7.068692438880922e-07 1.8074285985313288e-06 3.212843389768796e-07 4.984649886704133e-07 8.536647967556749e-08 2.029110183758756e-06 9.469159603397721e-07 8.050300814557148e-08 1.3733624064591935e-07 0.0 4.831506948405434e-08 0.0 0.0 4.505033980605669e-08 0.0 1.0573212711752706e-05 0.0 0.0 0.0 0.0 4.291116309791672e-06 4.6523948634658263e-07 2.555766191950605e-06 1.574974269140003e-06 2.4684599800396e-06 1.2044649343547257e-06 3.321451642180533e-07 4.3108258411070564e-07 2.42988022338551e-07 0.0 3.966533566872547e-08 0.0 2.1801645634023558e-07 0.0 0.0 0.0 4.33098098823874e-06 2.296345492562394e-06 3.534975579827428e-06 9.179925305001878e-05 3.2367262008713797e-06 7.659645094432979e-05 9.515387698859017e-06 0.0001143140707451635 4.641941947069357e-06 5.354775240923839e-07 2.456168668480333e-06 1.277701495786017e-05 1.7776693719313494e-07 4.415225061911795e-06 8.485277230692477e-07 1.1983801889971273e-05 1.7746018677776306e-07 3.674248396676946e-07 4.531057381881974e-07 6.283720726196904e-07 0.0 3.780731105644118e-05 9.225716384668228e-06
3.0706028284839234e-05 0.00014627711986064978 0.00185383872305488 4.1486935382836867e-07 3.769436368370125e-05 0.0 7.407133850228018e-06 0.0 4.7616248015493714e-05 2.481292233471193e-06 0.0014163926410309911 4.6414780037725656e-07 1.87285573781965e-05 0.0002450879980314549 9.882182126129132e-06 8.388477820570157e-06 2.8338822381082485e-06 1.9390173743769836e-06 4.718959743300042e-07 7.017544066624729e-06 1.089492664157919e-05 0.0 4.547450453047799e-07 1.8063146284629778e-07 0.0 1.145835932970669e-07 0.0 0.0 6.204765212430354e-08 0.0 0.0009869375711335315 0.0010103497945726197 5.200056149227445e-06 1.308568685738403e-06 4.903416108318343e-07 5.3999499660979516e-08 2.5316714139423215e-07 5.576399074738459e-07 1.1433654613809266e-07 2.2034103920033418e-07 9.966670011532295e-07 1.0417783046434937e-06 7.892284602503778e-06 1.0349204118747634e-05 2.71716089969761e-07 1.689504874515086e-05 2.5373600733342397e-05 1.654822536315514e-06 2.3118677669055464e-06 1.1003678450432891e-05 9.82471252645415e-07 0.0 0.0 2.464334894248034e-07 1.5986998774365387e-06 2.0673235562134756e-06 1.189572321776424e-05 0.00022435023118554885 1.2200740445651063e-05 9.424412871208032e-06 3.447621616890037e-05 8.109380671961314e-06 5.97520445477138e-07 0.0003191928133871984 2.5244627791810816e-06 6.076271782629359e-06 2.5473797552191925e-06 1.448256919744848e-05 4.8594124820203634e-05 7.764743017349391e-06 8.288462255209557e-07 9.151304025049244e-08 0.0 8.275283353198452e-05 8.224034400291715e-05 6.808958627721337e-05 0.00024021523364510517 5.84486521313277e-05 0.00031318006791384965 0.0007877673821219897 7.044686037703838e-05 0.00020971948461267603 4.4501926905026934e-06 4.1792160382819776e-08 2.5918360663154762e-06 3.531023539857087e-06 1.2306661661156187e-05 3.331837368842564e-08 1.0082730932085415e-06 0.0 1.1815882655408597e-06 5.924083057655249e-07 8.585559030827004e-06 1.253739248949979e-06 1.8117856857451762e-06 5.512600056518022e-07 3.156523869268584e-07 0.0 3.0651978685653966e-07 2.0272748930197313e-05 0.0 0.0 0.0 0.0 0.0 5.376152692059558e-08 0.0 0.0 0.0 5.160446517189861e-08 2.0630887503464573e-07 1.0500203942708781e-07 2.0931106851690662e-07 1.65965922127339e-07 1.5457891955272703e-07 0.0 6.153553468113458e-08 0.0 0.0 0.0 0.0 0.0 0.0 0.0 0.0 0.0 0.0 4.839312337841057e-08 0.0 0.0 0.0 0.0 3.843913128572143e-08 0.0 0.0 0.0 0.0 0.0 5.68105249505106e-08 1.8743123269029646e-07 0.0 1.8284943203964138e-07 0.0 9.928919503898075e-08 0.0 0.0 0.0 0.0 7.686520837685399e-08 0.0 0.0 0.0 0.0 0.0 0.0 0.0 0.0 7.956056543029663e-08 0.0 0.0 3.678364702480565e-08 0.0 0.0 0.0 0.0 0.0 4.860773023527167e-08 0.0 0.0 0.0 0.0 1.0494189617882996e-07 8.523522315643228e-08 9.116865233592199e-08 5.0512564168956375e-08 0.0 2.024641070647452e-07 0.0 4.910143418450205e-08 0.0 5.94058430727091e-07 0.0 0.0 0.0 0.0 0.0 0.0 0.0 0.0 0.0 0.0 4.005448034928493e-08 0.0 6.650844839698679e-08 1.5547345608659251e-07 1.5314458578701422e-07 0.0 0.0 1.187997805611591e-07 1.0346104567968731e-07 4.822476047656695e-05 4.315137622392142e-06 6.416240465270953e-05 8.637875234110012e-06 1.8947790597289892e-05 4.691292218154158e-06 2.338651881026028e-07 1.6891783115639885e-06 2.8061504443768924e-07 2.702177092686096e-07 2.8753927243035176e-07 4.440071994426345e-08 5.7665941907332646e-08 0.0 7.41650709607198e-08 1.0381588753619918e-07 3.075306433437601e-07 1.4287415022519102e-07 6.602824458898255e-06 2.4108904724384674e-07
1.2220589914227245e-05 0.00043888633215834536 0.0003032308786068959 1.648088191607021e-05 0.0022205650024206113 3.190588449302639e-06 0.0006807638968670244 4.7616248015493714e-05 0.0 0.00028181643854975613 0.00040370172447958333 9.38348417334748e-06 0.00030061773085664906 0.0003180987090935883 4.0144154792571854e-06 1.8476215605292422e-06 1.3433284959182843e-07 3.655597274051778e-08 0.0 0.0 0.0 0.0 0.0 3.3014610586209794e-08 4.5168356870872424e-08 0.0 0.0 0.0 0.0 0.0 2.5383808068116686e-05 2.750854417724096e-06 5.370981289083408e-06 3.95463889970472e-08 0.0 0.0 2.149819118775174e-07 2.9838840315103084e-07 1.7954517918304432e-07 1.369953528169736e-07 0.0 0.0 4.132568630577917e-08 1.9778233563196119e-07 0.0 2.7322832876040365e-07 9.295858861475132e-06 8.612143160376508e-07 1.376379592746796e-07 1.676988846541623e-07 2.1347564109676787e-07 0.0 0.0 0.0 2.2136355381774505e-07 8.519315629556745e-07 2.446503909833845e-06 2.2668090803215733e-05 2.669921251370997e-06 3.3391419913017245e-06 2.0802858818252113e-07 8.492933651455436e-07 0.0 6.859723700572292e-06 8.952599168739464e-07 8.796572530405488e-07 1.6235355918127579e-07 2.1870055105296916e-07 3.09474567080603e-07 0.0 1.7735018517368457e-06 7.233432437823061e-08 0.0 2.1736908197524675e-05 1.5750156442542667e-05 2.7154440640303357e-05 5.031877776000164e-06 1.127384801532901e-06 4.550362736012943e-08 3.3790062099076756e-06 1.9631780783836882e-07 6.921999847416833e-07 2.1755573259290466e-06 0.0 6.212518034417411e-07 1.3295830211857108e-06 2.961855954817118e-07 0.0 4.2198786965529606e-07 0.0 5.0425002480568646e-08 0.0 5.669674901024197e-08 3.289048325849347e-08 4.58400590309122e-08 3.497931712353518e-06 1.0960179009153401e-06 0.0 7.243849989460242e-08 4.1739445255789e-06 0.0 6.526382588855091e-07 8.556878032400209e-07 3.247743742611809e-07 1.2683652929560142e-06 3.3805053680380534e-06 3.893431896690142e-07 3.4178887338929295e-06 3.3609723230817486e-06 4.415113803518938e-06 1.7247927381139993e-06 8.117356804704364e-06 1.1952193758026996e-05 4.8342849048330526e-06 3.1288683132245823e-06 5.507233115204428e-07 4.954579453530615e-07 0.0 0.0 0.0 0.0 0.0 0.0 1.8900192423415522e-07 0.0 0.0 0.0 1.607290529938851e-07 0.0 0.0 0.0 6.57885376851917e-07 0.0 0.0 1.828230259116109e-07 8.466973767801052e-08 0.0 3.607606270151488e-07 3.1877848939501024e-07 2.84180762622616e-06 1.6149268037061025e-07 4.37980681218366e-06 1.514780911433233e-06 5.719079172012259e-07 0.0 0.0 0.0 1.2476990109193755e-07 2.422479097147751e-07 0.0 0.0 0.0 3.9269918292180225e-07 0.0 0.0 0.0 6.26017242800361e-08 0.0 0.0 0.0 0.0 1.2895405496368208e-07 1.6034227699130986e-07 0.0 1.1592642860511661e-07 0.0 7.336474958613841e-07 1.3282841155912815e-07 0.0 0.0 0.0 0.0 0.0 0.0 0.0 0.0 7.87749565895498e-06 0.0 0.0 0.0 0.0 3.2333870629458674e-06 5.557472080525161e-07 2.6842043415712696e-06 2.6854239229189045e-07 2.6333066224223806e-07 7.182368636633891e-07 2.8714034537437437e-07 5.723844581596995e-07 3.7800908205570005e-08 0.0 0.0 0.0 0.0 3.935796000176279e-08 0.0 0.0 4.426570228869385e-06 1.8174658714893444e-06 2.7242470149209376e-06 3.536313860723493e-05 9.16069494004001e-07 2.7232658377042025e-05 2.8731638876420483e-06 1.941023344905817e-05 2.558334192863884e-06 6.521910154301477e-07 9.499600159047309e-07 5.283335188422719e-06 3.2703961115150514e-07 1.4367913749841612e-06 3.992108408026119e-07 7.568501662231991e-06 0.0 1.7782490033134867e-07 2.042324244262292e-07 5.063973868842024e-07 0.0 1.9246047155060505e-05 6.618657880267168e-06
0.0004689093713340575 0.0006494956175203179 1.4866907655042912e-05 0.00155413637361113 0.00039987162331413777 0.0003327656209231215 0.0015196471194247848 2.481292233471193e-06 0.00028181643854975613 0.0 2.3097458287476676e-05 0.0011488980663587841 0.0033020749174165294 0.00046217052254798744 5.215505431236736e-06 1.7630063454515917e-06 1.4882268799735367e-07 0.0 0.0 3.4499847771116467e-08 0.0 6.2988017284028e-08 0.0 7.893119181049118e-08 0.0 2.479024833011872e-07 0.0 1.6202215268068578e-07 3.1210362761616403e-07 7.04515892838398e-08 2.3166187851174213e-05 1.2419516354407669e-06 7.316419471292593e-06 0.0 0.0 5.359186142781218e-07 2.553407097849262e-06 5.571379594666035e-07 4.727129366598873e-07 2.539445441552117e-07 0.0 0.0 0.0 2.611365849377239e-07 4.304709325690584e-08 1.5100052199334497e-07 1.7444486278052067e-05 7.981144415748494e-07 2.669345727130923e-07 1.3302163084173255e-07 9.028744126982231e-08 2.8473401665814533e-07 0.0 1.5837430918800182e-07 1.6020222758221068e-06 1.708289407634579e-06 3.078407617479524e-05 5.753941834755545e-05 7.1624269153282885e-06 1.0379682745271868e-05 5.652203386651575e-07 2.0389440646900314e-06 0.0 6.839013541753385e-06 2.5900804855604714e-06 1.9337029872791085e-06 2.9998054512512634e-07 5.699899232102493e-07 3.412448145219997e-07 1.3667244179831572e-07 1.6536601707815723e-05 5.0236787989586594e-06 2.0830806571898003e-07 6.742468217998157e-05 3.389539325903169e-05 5.349170702682458e-05 4.589652520433844e-06 1.1656982307831957e-06 9.450304298083746e-08 5.694566438127095e-06 3.0051516500914513e-07 2.1057649767801536e-06 4.4908593880974496e-06 4.756336820248704e-08 2.5107273680217316e-06 3.4306566459584404e-06 5.183178647023548e-07 1.7857462330364986e-07 1.1087614083195532e-06 1.8635272001110007e-07 3.537529031235435e-07 4.263628112756808e-07 2.1833845098486887e-07 8.406425594703445e-08 2.031628538372441e-07 0.00022427760113040093 1.40800175579992e-05 2.6811707234072045e-07 2.3843025748383746e-06 0.00022969917058616445 3.018527005656157e-07 4.7990958809394474e-06 1.4803667717607351e-05 9.610069361994045e-06 5.662770337028653e-06 6.070278857287383e-05 1.1259122986387266e-05 3.339569313381268e-05 7.291244511613431e-05 7.004540332154996e-05 1.2696170175285513e-05 6.290637385006291e-05 0.0001328097959435153 5.297110177015304e-05 2.3911940998570916e-05 1.9397035664945248e-06 2.6676516823803654e-06 3.846117719366369e-07 9.808956848007898e-07 0.0 0.0 0.0 1.6097990790196521e-07 6.282860393240804e-07 0.0 0.0 0.0 2.105831147586075e-06 5.438061597878476e-07 1.3860365539435507e-07 0.0 2.9364299963227652e-06 2.3826467002087406e-07 2.8165533737281946e-07 1.6146333556010302e-06 7.140943171422132e-07 2.415481737876431e-07 9.020535466811592e-07 1.3163261491433566e-06 1.887798345052002e-05 1.089388087024917e-06 1.9485926942570278e-05 5.029997326878521e-06 5.333933144094647e-06 0.0 0.0 0.0 2.838387258525195e-07 1.4908274469008886e-06 1.2113373624034265e-06 0.0 5.921221555705547e-07 2.5512764587696433e-06 6.010937219282528e-08 0.0 0.0 1.698381290482681e-06 0.0 3.133419036555428e-07 5.443524708841511e-07 4.052373001407517e-08 1.827506654457614e-07 4.87508930003079e-07 2.4982311062690613e-07 2.546228025247893e-06 2.0236096569465533e-06 7.282555064397463e-06 1.1818612192882338e-06 5.28118425347797e-08 2.4909424922355515e-07 1.289475080171308e-07 5.37184490709152e-07 0.0 8.716002544250886e-08 0.0 5.211583165151672e-08 4.654286548920952e-05 6.922791303451661e-07 0.0 0.0 0.0 1.730841641337681e-05 3.311695924314526e-06 1.311071311470139e-05 1.890753833563714e-06 2.6935607750946755e-06 2.7183828960381613e-06 1.015806633838752e-06 9.90318441307753e-07 5.030340593310081e-08 0.0 1.6713096102535737e-07 0.0 9.772555328951354e-08 5.5710379889556316e-08 0.0 0.0 3.0098998536787054e-05 9.05969762712736e-06 1.756534629568701e-05 0.00037377199316685736 5.804163653295748e-06 6.044985614232544e-05 8.597235280080655e-06 0.0009054987293407939 5.507884706759068e-06 2.2771026768233423e-07 1.4719428937069454e-06 6.115630735093966e-05 8.482541804605872e-07 9.016080387124882e-06 2.273410794446125e-06 0.00010023771274502675 1.829863555216075e-07 3.1928029514924524e-07 1.3617549249559019e-06 3.492180459653405e-07 1.8480499736562718e-07 0.00045970113158487046 6.986416312831096e-05
0.0001438964023593375 0.000517956418687117 0.0013772156020497252 1.0442416113131547e-05 0.0006605736313946503 6.184613155166319e-07 0.00011774574712353519 0.0014163926410309911 0.00040370172447958333 2.3097458287476676e-05 0.0 1.0432744056574958e-05 0.00029629309365450954 0.0011937343509138654 6.614849736822727e-05 6.327918334319771e-05 1.4819293294099573e-06 1.3270478807171487e-06 4.503105625302615e-08 5.065197601992552e-06 1.0217111138695878e-05 3.685266520662243e-07 1.5068469815184566e-06 1.084149749046456e-06 2.163401591410489e-06 4.59827857739396e-07 1.6109126223289808e-07 6.237161184536502e-08 1.8565004639395418e-07 5.029626681705346e-08 0.0004699129465812435 8.607694826459737e-05 0.00018706630738483877 1.756898722502189e-06 1.4360347246212191e-06 3.0214987139881047e-06 2.8203872897785538e-05 2.3391097458187306e-05 4.059708426605101e-06 5.054992205829006e-06 4.022635575907979e-06 2.163538504967827e-06 2.7132313720927467e-06 6.230926599123864e-06 1.6660825069544903e-07 3.5950117049542643e-06 0.00011087405312020184 3.1655376649202317e-06 1.0179171259226673e-06 4.462671584155621e-06 3.4284731251503616e-06 5.191996315476461e-07 4.741176288687031e-08 6.376765771789651e-07 3.1440141695690257e-06 4.6055976865024115e-06 1.723102554705541e-05 0.00021169725504095225 1.37509460892489e-05 2.5448076299611612e-05 5.475347070506772e-06 8.164583987366853e-05 9.389520745881985e-07 7.865432930114322e-05 4.841231006706767e-06 7.706371000985572e-06 3.8700053240644825e-06 1.6033832535163286e-05 5.866005167248627e-05 1.0715164791216571e-05 3.671887522428084e-05 7.031373652583208e-07 2.0216378780859298e-07 0.00013090505941675036 0.00011019365799135717 0.00020173525387567833 6.843922397285884e-05 2.7649228616998144e-05 1.2491043796570284e-05 0.0005183138866267759 4.3301109489960385e-06 7.893034240124275e-05 1.1152783067349925e-05 0.0 5.637198509653913e-06 6.456214711615839e-06 7.668783210942597e-06 1.1137093483620776e-07 2.614794653012365e-06 0.0 1.341243986511587e-06 8.706905133604755e-07 2.093849795736192e-05 3.7405633975248745e-06 3.0199597283238558e-06 1.4372682259218627e-05 4.610635216165728e-06 3.2249110762921724e-08 3.5382625472895174e-06 4.6051829925200744e-05 0.0 3.4537164373995925e-07 1.4652805435763344e-07 6.250125395827641e-08 1.5712863599223663e-07 1.952796708633536e-06 0.0 1.8448893169401523e-06 1.3212371662599293e-06 1.236583721513584e-06 1.0616802579629985e-06 2.979905049482002e-06 5.219922595534651e-06 2.8462366835371385e-06 1.918753450009548e-06 2.696116188270901e-07 2.931249260887685e-07 6.699853978147036e-08 0.0 0.0 0.0 0.0 0.0 5.8855818842090314e-08 2.2076970705949303e-07 0.0 0.0 7.418004722501367e-07 0.0 2.764434055223891e-07 2.7022591031989845e-07 1.760198386872244e-07 8.405068567176746e-08 0.0 1.911612322570858e-07 6.644479976996912e-07 0.0 0.0 4.869716767843177e-08 2.636488564158263e-06 3.423143818027754e-07 3.6977835017308558e-06 9.054289161168431e-07 4.870532109150419e-07 1.3473414863399956e-07 1.1219276354222883e-07 0.0 0.0 6.711669446780028e-07 1.0490037814991709e-07 0.0 6.498048568670883e-08 6.004615032482985e-07 0.0 0.0 0.0 3.892642127842144e-07 4.0969672019829336e-07 1.0859827485195977e-07 0.0 0.0 0.0 2.203343069940523e-07 0.0 3.2653622407314106e-07 1.6996501806925427e-07 7.808502659228724e-07 2.1342495271118996e-07 0.0 4.672005598413448e-08 0.0 0.0 0.0 1.7058634281540673e-07 0.0 9.022088009518272e-08 6.8618314964654836e-06 8.367273597207186e-08 0.0 1.1559579953375326e-07 2.0429783434397148e-07 2.895971292474133e-06 1.8294982627258315e-07 1.110581575248141e-06 1.1900114796370078e-07 2.833964314785326e-07 3.5118457469752684e-07 3.750742701840286e-07 6.175635634031564e-07 4.365796075290742e-08 3.896957951759208e-08 9.391492934960585e-08 0.0 1.9697157619484386e-07 3.974485113002779e-07 1.2004419002090481e-07 0.0 3.127020344103566e-06 1.508257506100577e-06 3.371060787273183e-06 0.00023245121552923237 1.1774849226252482e-05 0.00022922619521420924 3.699412594089042e-05 6.936199575369826e-05 1.8550162172325523e-05 8.373321037209816e-07 1.1599337320123438e-05 7.062865573745042e-06 4.159271736572981e-07 2.301098238321257e-06 4.846673037759029e-07 3.1249574240719024e-06 3.309626712068441e-07 1.785606858171311e-07 0.0 3.7171386477226356e-06 3.007960022196983e-07 1.99082821227236e-05 4.30386029026984e-06
