0.0 0.0012372018846039774 0.0003034568185733526 0.0007536469912715621 0.00020021945229477982 3.233274651547285e-05 0.0001997912250542171 2.098585678767296e-05 8.83448557179811e-05 0.00045090333253899905 0.00017665182021582945 1.3770913707991096e-05 5.403761310877503e-05 6.77513595533084e-05 1.703345734901572e-06 2.1174519654227549e-07 5.244465305317654e-07 1.3659086886295288e-07 0.0 4.313860163504384e-08 0.0 0.0 0.0 0.0 7.43522996339065e-07 0.0 0.0 0.0 0.0 5.422234437932113e-08 0.00029296263912065393 2.7276515853793166e-07 4.1097628766943056e-05 0.0 0.0 0.0 6.485407241454736e-06 4.911180515260631e-06 7.974450697440595e-07 6.990247278419711e-08 0.0 3.420366010104801e-08 0.0 2.9206486634873093e-07 3.7528810776890967e-08 0.0 6.361602518136134e-06 1.055513960981383e-06 1.3230352093970333e-07 4.299159106922156e-08 2.9987451691455304e-07 0.0 5.425268328955713e-08 0.0 4.045386299801222e-06 3.3368482584348548e-06 8.070235288433158e-05 0.0004311042310555001 2.7298886126296823e-05 4.760116637743613e-06 4.2787814948579955e-07 1.554900970125934e-05 2.632384689915348e-07 6.644922254749101e-06 1.7742878758092016e-06 1.2906277744626697e-06 6.438208456694659e-07 5.989876365544294e-07 2.3417859245702083e-07 0.0 1.7964284200601478e-05 9.068904242111462e-06 2.2369388015053039e-07 0.0001382653110319234 4.327700984267245e-05 2.2896508832888444e-05 8.373877803572048e-07 2.642117189498581e-07 1.2263971527951255e-07 1.2935004005238184e-05 2.0430594086500087e-07 5.375561377031149e-06 2.856800124593458e-06 4.823540744386291e-07 2.1335065035607714e-06 4.453982169706005e-06 5.3681948674847e-07 2.6626884108197335e-07 1.018574829654832e-06 8.480715875163023e-08 8.901026966482008e-08 3.1729699955951887e-07 1.0420732938688656e-07 8.723580685795223e-08 6.267111948239552e-08 2.8618308192946565e-05 2.274489289725671e-06 0.0 2.4692318775649772e-06 0.0005633150706392773 4.211326059662881e-08 0.0 6.448339723414224e-08 6.807865320341078e-08 0.0 1.8752038342406099e-06 5.16564344427644e-07 3.1602604649701454e-07 3.6272326066228565e-06 1.2247201603608652e-06 0.0 2.451661239681915e-06 1.150283586353709e-06 2.0361674421857534e-06 1.2827656897547391e-06 0.0 2.320034943543248e-07 0.0 0.0 0.0 0.0 0.0 0.0 0.0 0.0 0.0 0.0 7.577121806156892e-07 0.0 1.2270363350754897e-07 0.0 8.937997163602673e-08 0.0 0.0 0.0 3.7020747478669135e-07 0.0 0.0 0.0 2.2816200171636404e-06 4.2838812985533095e-08 2.804267584825895e-06 7.022544223608093e-07 0.0 0.0 0.0 0.0 0.0 0.0 0.0 0.0 2.476999063167099e-07 1.0447344361229524e-07 0.0 4.1002462470169687e-07 0.0 4.832583247750833e-07 0.0 7.529641989068659e-08 0.0 5.046722490688891e-08 0.0 9.147925303301542e-08 0.0 0.0 0.0 4.402206682893124e-07 0.0 0.0 0.0 0.0 0.0 0.0 0.0 0.0 4.298292960246139e-08 2.2272835554122645e-06 0.0 0.0 7.500051021962296e-08 0.0 2.834903776981033e-07 0.0 0.0 0.0 0.0 0.0 0.0 4.3361273339837144e-07 0.0 0.0 5.756610532041073e-08 0.0 6.052226732230961e-08 0.0 0.0 0.0 1.1707356904286615e-06 1.272631009398276e-06 1.8683586940433175e-06 0.00011282956442058271 4.757093283139577e-06 6.551586680915361e-05 6.572963362940091e-06 0.00033175032683399673 5.054961692262902e-06 4.439109354539596e-07 2.175552439085771e-06 6.162970717732335e-06 1.0881448583615054e-07 3.021330062605545e-07 1.9910240676443617e-07 6.713298543123622e-07 0.0 6.408240868633639e-08 0.0 1.4669011193207953e-07 0.0 0.00014387220627682203 2.1030886483010615e-06
0.0012372018846039774 0.0 0.0008969199383425786 0.00017158089391183345 0.002104362574471473 3.793132900765971e-05 0.0008239793563019655 0.00013670215513439645 0.0009846214406283966 0.0001325898565854556 0.0004942941986495658 1.542851883474326e-05 0.0002442200683287421 0.00017955039137118294 1.8504018158825173e-06 7.164726242494071e-07 5.159696345332767e-07 7.401836782209251e-08 0.0 3.9805985114518985e-08 4.837561655045361e-08 0.0 0.0 0.0 1.1498357987121696e-07 5.2671632733770625e-08 0.0 9.479168324100865e-08 0.0 0.0 0.0007888798082728547 8.847502974089312e-07 1.7205861297386638e-06 0.0 0.0 4.1414090016479904e-08 6.466714464698069e-07 1.0816759654869677e-07 4.843975997662578e-07 4.121126563818582e-08 0.0 0.0 3.948916054871976e-07 2.8184839796947607e-07 0.0 4.459724358726058e-07 1.2879775575449885e-05 1.088924818348278e-06 1.903143738966537e-07 0.0 1.2826873119721937e-07 0.0 0.0 0.0 2.1442595752807202e-06 3.828025864168369e-06 3.820806273138427e-05 0.00032201622903012386 1.802659702407556e-05 6.275122123649161e-06 2.59468747305141e-07 7.278091119903999e-07 0.0 1.8246507806517696e-05 2.366885910971465e-06 2.0964813723609245e-06 9.80497048321374e-07 5.210426488213995e-07 2.1490309938996006e-07 8.48372123429612e-08 5.703903604679419e-07 2.662704782690237e-07 4.866929801673507e-08 0.00013449396552261302 6.256390740866987e-05 3.288700757066304e-05 3.980543247897315e-06 4.5324463053767175e-07 2.728759064295847e-07 6.565691018822266e-06 4.640339547418297e-07 1.1764865205355526e-06 3.893029686481959e-06 0.0 2.348057865880581e-06 5.067745222383964e-06 4.578622724566962e-07 4.32296115724446e-08 1.442309574604975e-06 4.397785700426053e-08 2.582471306366333e-07 2.2331813892916704e-07 6.22859253739759e-08 1.7839624318781358e-07 1.2682217793527692e-07 1.3153533986839377e-06 0.0 0.0 4.59465880189249e-08 0.0002558924789999074 3.1878056275942946e-08 6.192917484306594e-08 0.0 0.0 0.0 3.136918586488521e-06 0.0 4.842171491454341e-07 4.407259646734861e-08 4.479431709129127e-07 7.68050300144754e-08 1.7109176842496125e-06 5.739671827979525e-07 1.953899465442919e-06 4.144589220510033e-07 0.0 0.0 0.0 2.06580248426964e-07 0.0 0.0 0.0 0.0 0.0 0.0 0.0 0.0 0.0 0.0 8.070572666489743e-08 0.0 0.0 0.0 0.0 0.0 0.0 0.0 0.0 0.0 7.718893271518437e-07 0.0 3.08663881270559e-07 2.5571418828055796e-07 1.0047150630373454e-07 0.0 0.0 0.0 0.0 0.0 0.0 0.0 0.0 0.0 0.0 0.0 0.0 2.3520937833120705e-07 0.0 0.0 0.0 0.0 0.0 0.0 0.0 0.0 0.0 1.422852771563722e-07 0.0 0.0 0.0 3.3550952345923556e-08 0.0 0.0 8.13426807404793e-08 0.0 0.0 1.2602813915886735e-06 0.0 0.0 0.0 0.0 3.825557916779531e-08 0.0 0.0 6.64786527170145e-08 1.7281020173185175e-07 9.452548070260557e-08 0.0 4.259725316922609e-08 0.0 0.0 0.0 0.0 0.0 0.0 0.0 0.0 7.2302235408372e-07 3.6031407572093715e-07 6.496914485767088e-07 7.000047385336485e-05 2.7272068785026205e-06 6.638020842870428e-05 4.879432897277441e-06 0.00010045818124852168 4.787944150597527e-06 1.4523828027039386e-07 2.6271926840572083e-06 3.1334446521936602e-06 4.5462975871534325e-08 5.04010322795809e-07 4.574393347331238e-08 9.429797148371038e-07 8.088159859662607e-08 0.0 5.840820368871691e-08 7.453831669070149e-07 0.0 2.4366142437776207e-05 1.2726761780982665e-06
0.0003034568185733526 0.0008969199383425786 0.0 5.019479392472185e-07 0.0002944103114067386 3.0817551720473807e-07 3.1055096824657944e-05 0.0015935670867621798 0.0004195181280929512 6.547732592127076e-05 0.0015696847684807237 6.517067939071494e-06 2.548458262051432e-05 0.00024895337160269653 1.2369504333484739e-06 1.267705623866936e-06 7.244360039619345e-07 1.0388988696979176e-06 6.562988332097612e-08 3.8309462322342995e-06 2.959562249189894e-06 0.0 5.96982527379372e-08 0.0 4.0528089899987365e-08 0.0 0.0 0.0 0.0 0.0 0.0023749848310528035 0.000338825799939298 2.4176252621806902e-06 3.038707716215883e-07 5.662661130587665e-08 0.0 0.0 1.60657742682286e-07 5.648618005813846e-08 5.977867190931515e-08 1.578141695583083e-07 1.415199638797236e-06 1.9347488571399256e-06 1.1831950473237884e-06 0.0 9.177438656872428e-07 4.438547123447252e-06 1.2780890683420584e-06 2.0189245236350134e-06 1.955591277476973e-06 9.830978184538154e-07 2.1566169782204466e-07 0.0 4.140791150352432e-08 7.063574474780954e-07 6.108979243900341e-07 1.704895552547887e-05 0.00038160548247709417 7.842351960748332e-06 7.65960322182062e-07 3.7784634024926326e-06 1.5041768182623787e-06 6.504374318372062e-08 0.00035774785721877795 2.092068976634234e-07 7.69233816549478e-07 4.512471570399782e-07 1.7806734929266578e-06 1.3845372220984057e-05 2.174407576599373e-06 4.005243950870889e-08 0.0 0.0 4.2481355758756854e-05 3.7402845686756475e-05 9.0602936198595e-06 2.954352027078329e-06 2.181063251457104e-06 8.127418545374144e-06 0.00014543115303777224 5.775465149153316e-06 3.3289675165878574e-05 8.205684992406853e-07 9.100799791153605e-08 6.757677487178643e-07 1.03246401468942e-06 2.7095015123532674e-06 0.0 3.189934684057017e-07 0.0 2.1638215183384812e-07 5.3938536985146283e-08 2.675288538627962e-06 7.461140894053108e-07 1.175010086911614e-06 0.0 0.0 0.0 0.0 6.95944103755583e-05 0.0 0.0 0.0 0.0 0.0 0.0 0.0 0.0 0.0 0.0 0.0 0.0 0.0 0.0 3.7942927390982306e-08 0.0 0.0 0.0 0.0 0.0 0.0 0.0 0.0 0.0 0.0 0.0 0.0 0.0 0.0 0.0 0.0 0.0 0.0 0.0 0.0 0.0 0.0 0.0 0.0 0.0 0.0 4.039750555112671e-08 3.772681870033567e-08 0.0 0.0 0.0 0.0 0.0 0.0 0.0 0.0 0.0 0.0 0.0 0.0 0.0 0.0 0.0 0.0 0.0 0.0 0.0 0.0 0.0 2.3359371247826255e-07 0.0 0.0 0.0 0.0 0.0 0.0 0.0 0.0 0.0 0.0 0.0 1.1616991549845493e-07 0.0 4.825414542328611e-08 0.0 5.88629069170503e-08 0.0 0.0 0.0 0.0 0.0 0.0 0.0 0.0 0.0 0.0 0.0 0.0 0.0 4.826139048548199e-08 0.0 0.0 4.71543327540018e-08 0.0 9.562161479600704e-08 1.132761585153996e-05 1.5735507887247922e-06 1.8653471275257093e-05 2.351827594360282e-06 5.0960288616640835e-06 1.4155580502917719e-06 3.9537880450082293e-08 6.406176280656841e-07 0.0 5.402371147160821e-08 1.0958278511100648e-07 0.0 0.0 0.0 0.0 0.0 4.0934634014472766e-07 0.0 3.2709874264435162e-06 3.630431714275744e-08
0.0007536469912715621 0.00017158089391183345 5.019479392472185e-07 0.0 0.00012540021215904924 0.0002917143332530305 0.0009264916358083105 4.36319044352449e-08 0.00013699941500924513 0.0018068255029080043 8.421742104868095e-07 7.21240057031117e-05 0.0011851391004779747 0.00019079096389743293 1.1028366081127834e-07 1.7567193676279668e-07 0.0 0.0 0.0 0.0 0.0 0.0 0.0 0.0 0.0 0.0 0.0 0.0 0.0 0.0 1.1646516119166668e-05 1.3252939840619396e-07 3.293669674789915e-07 0.0 0.0 0.0 6.052571832239917e-08 0.0 0.0 0.0 0.0 0.0 0.0 4.638823790735266e-08 0.0 0.0 1.5213383461988022e-06 0.0 0.0 0.0 5.4236589944651386e-08 0.0 0.0 0.0 9.888854037496528e-07 8.587824150550375e-07 8.05542883233008e-06 4.017774328396796e-05 3.4668119605540055e-06 9.452166218459309e-07 1.24536348924196e-07 6.009746823254743e-08 0.0 1.5680994687418144e-06 3.557319186424005e-07 2.0092584252336217e-07 9.704955439604923e-08 9.611154471915209e-08 0.0 0.0 7.350321536807654e-07 0.0 0.0 2.4398287664636834e-05 8.575438222513451e-06 5.367726924100509e-06 3.932964724054551e-07 8.58996516323388e-08 3.932786535605046e-08 2.686616952523273e-07 3.0346691969477116e-08 3.4948243940249245e-08 6.810999684379096e-07 0.0 4.3612564229132856e-07 9.882291329048685e-07 1.84995557371838e-07 0.0 1.0177784570377119e-07 0.0 0.0 0.0 0.0 0.0 0.0 4.916589760895079e-07 0.0 0.0 0.0 0.00015242840255161967 0.0 4.867792959294327e-07 1.5219460720698856e-06 2.69866258681613e-06 0.0 2.4671308883305426e-05 3.152211183887279e-06 4.2844674590704867e-07 4.1053502377672145e-05 2.121702198111774e-06 5.881914443166287e-08 8.690017362836773e-06 1.2304550937890962e-05 2.1235213608804315e-06 3.3420031049022665e-07 0.0 0.0 0.0 0.0 0.0 0.0 0.0 0.0 0.0 0.0 0.0 0.0 0.0 0.0 0.0 0.0 0.0 0.0 0.0 0.0 0.0 0.0 0.0 0.0 4.88340024306542e-07 0.0 4.7799917726461124e-08 3.102317426202947e-07 0.0 0.0 0.0 0.0 0.0 0.0 0.0 0.0 1.5705467440966508e-07 1.4979450389845438e-07 0.0 0.0 0.0 0.0 0.0 0.0 0.0 0.0 0.0 4.323895576658469e-08 0.0 0.0 0.0 5.652097877459255e-08 0.0 0.0 0.0 0.0 0.0 0.0 0.0 0.0 0.0 5.201259259728105e-07 0.0 0.0 0.0 0.0 9.774725762182933e-08 0.0 4.8759007035794956e-08 0.0 0.0 0.0 4.245506245490682e-08 0.0 0.0 0.0 0.0 0.0 0.0 0.0 0.0 0.0 1.0164584155369263e-07 4.565109273960429e-08 3.2086104367856815e-07 3.270523683021543e-05 1.5029998030527056e-07 1.090538609248418e-05 8.595880265700347e-07 0.00022137130076016522 7.686344939994786e-07 4.439998972092206e-08 6.069698099514991e-07 1.6587530835900212e-06 0.0 1.6943573504193393e-07 0.0 5.549760303996867e-07 0.0 4.136329306142174e-08 0.0 3.4046038389281114e-07 0.0 3.874131497776263e-05 9.763069228150174e-07
0.00020021945229477982 0.002104362574471473 0.0002944103114067386 0.00012540021215904924 0.0 7.852787795209066e-06 0.00040044425351062565 4.021225250363304e-06 0.0011042219751431386 0.000530327280228435 0.000176994264432259 3.0875364854222875e-05 0.00029309531328783453 0.00034562177129951753 1.977810918582039e-06 1.2833730182173474e-06 3.9568625939757985e-07 0.0 7.315332845515957e-08 0.0 0.0 0.0 0.0 0.0 0.0 0.0 4.4617018904702816e-08 0.0 0.0 0.0 9.224790156538437e-05 1.9102996457978775e-06 1.8711014714707817e-06 0.0 0.0 6.387610953137733e-08 1.4724694064682255e-06 2.8758144319795295e-07 1.2092131084417796e-07 7.286267001061016e-08 0.0 0.0 3.397349605767449e-08 4.4541299343289336e-07 0.0 3.3317745580226985e-07 1.0773531534428175e-05 4.306316637353932e-07 7.698958718953964e-08 3.87403937305714e-08 3.640269781853842e-08 0.0 0.0 0.0 8.60951341438085e-07 1.943085006001889e-06 1.0736051027462576e-05 9.108298289565193e-05 5.276275414934354e-06 4.42271830652966e-06 2.1262806834077353e-07 1.3024939024044124e-06 6.00396164278968e-08 1.4467826073922942e-05 6.91416981161309e-07 1.1337457247838615e-06 4.221244526032435e-07 2.9465548388346806e-07 1.387981638454213e-07 0.0 3.382005063344705e-06 3.960864293518605e-08 0.0 5.0433959918812206e-05 3.016923264224373e-05 2.3437419843685004e-05 3.8517215380922435e-06 1.0932389420921044e-06 3.701490625341915e-07 1.6357422565579315e-06 3.438002896320291e-07 1.2599202899444612e-06 2.292435726573208e-06 0.0 1.612072882923125e-06 2.3847606886173398e-06 4.4251443527993005e-07 9.737787833271766e-08 6.497198547910285e-07 0.0 1.877377743514535e-07 5.0315941350798275e-08 5.065478132710965e-08 3.4015342830413804e-08 0.0 2.068629729679611e-06 0.0 0.0 0.0 2.31706099190762e-05 0.0 0.0 0.0 0.0 0.0 1.9263786772052292e-06 2.2399558451268929e-07 3.9459656196280993e-07 7.098171396042796e-07 1.3650373926266066e-06 1.1204409204199477e-07 2.80234020467254e-06 2.2732982055766563e-06 2.8605463618166443e-06 1.3898205697470058e-06 0.0 0.0 0.0 0.0 0.0 0.0 0.0 0.0 0.0 0.0 0.0 0.0 0.0 0.0 0.0 0.0 0.0 0.0 0.0 0.0 0.0 0.0 0.0 0.0 2.851299621065897e-06 0.0 3.2311987302959816e-06 4.021250952841333e-07 0.0 0.0 0.0 0.0 0.0 6.773633165712716e-08 0.0 0.0 0.0 0.0 0.0 1.5373944535907958e-07 0.0 1.402901643329524e-07 0.0 0.0 1.1561999727552504e-07 2.663491753370105e-07 0.0 0.0 0.0 0.0 0.0 4.7253403290135314e-07 0.0 0.0 0.0 0.0 0.0 0.0 0.0 0.0 0.0 4.031750437194467e-06 0.0 0.0 4.88777574434037e-08 0.0 4.558283019157326e-07 0.0 3.3689762031218093e-07 2.826706700705356e-07 1.0294852955107548e-07 1.25963921685646e-07 1.0797439149348689e-07 2.0440637651622889e-07 0.0 0.0 0.0 0.0 5.472349684606443e-08 0.0 0.0 0.0 1.4224825702844311e-06 6.21548485103387e-07 5.509151305807378e-07 5.34522545551067e-05 1.459959045422169e-06 4.5586634565920006e-05 2.9660405134318013e-06 3.041949346915248e-05 2.7398750616630086e-06 5.3943397596492876e-08 3.328922207945737e-06 5.7069437319590826e-06 9.439426117951582e-08 6.911063130302166e-08 1.8831287536440688e-07 7.612139572803669e-07 0.0 4.375056313320557e-08 0.0 8.738357827418797e-07 0.0 1.1708506240165843e-05 5.1869148517771765e-06
3.233274651547285e-05 3.793132900765971e-05 3.0817551720473807e-07 0.0002917143332530305 7.852787795209066e-06 0.0 3.43780414894535e-05 9.892316891907243e-08 6.833627273775261e-06 0.0005633471509594835 2.506388319997561e-06 5.367454748886362e-05 5.082724688058751e-05 1.8556035188471094e-05 1.306557838831708e-07 4.262415840230608e-07 0.0 0.0 0.0 0.0 0.0 0.0 0.0 0.0 5.875025350271004e-08 6.504768330193308e-08 0.0 0.0 0.0 0.0 1.6945508577767222e-07 4.088162379990836e-08 1.9369743829814302e-05 0.0 0.0 3.2270630633372977e-07 1.0502046503314204e-05 2.3535487432917506e-06 1.404844814525612e-06 4.2705088090724817e-07 0.0 0.0 0.0 0.0 0.0 8.463079770177867e-08 1.6925157867199824e-07 0.0 0.0 3.64385868608082e-08 0.0 9.227142466892385e-07 7.395140619240237e-08 0.0 0.0 1.477506762686526e-07 3.733796413718031e-05 2.2690403609868494e-06 1.4777992145641925e-07 9.754674296800463e-08 0.0 8.512214460691912e-06 0.0 1.291253230865709e-07 0.0 1.6765804881076985e-07 0.0 5.975886262533658e-08 0.0 0.0 5.3777354089242706e-05 4.58067568919503e-05 2.0721899287867493e-06 1.168306305248501e-06 4.4593187643159277e-07 3.948138289123449e-07 1.2166312641066958e-07 1.0501822269828073e-07 0.0 8.127060561857967e-06 3.4979027812110974e-08 2.1746258999081874e-06 0.0 3.165187446928692e-07 0.0 5.374515734193979e-07 0.0 6.14578140856586e-07 3.72194717563647e-07 5.729537776003981e-07 2.3440364453667903e-07 2.462671230885893e-07 0.0 0.0 0.0 8.285834409365685e-05 2.3446801737283752e-05 1.0969752882599156e-06 1.0169781371694071e-05 0.00018178219581143888 0.0 0.0 0.0 0.0 0.0 1.5991305320715678e-06 2.931439322576344e-07 1.0915246577976247e-06 9.236771402506396e-07 1.996891820759208e-06 0.0 2.878790376092178e-06 2.33047603262715e-06 2.813517674677123e-06 2.90602769999771e-07 3.61513692263874e-08 1.6301420850228624e-07 0.0 8.868776079916865e-08 0.0 0.0 0.0 0.0 7.364839072194174e-08 0.0 5.634082026598108e-08 0.0 4.5281095259531697e-08 0.0 0.0 0.0 1.629591215736916e-07 3.742242215050851e-07 9.703235374205963e-08 0.0 0.0 0.0 3.922911444502365e-08 5.8575848925350195e-08 1.1997263635420885e-06 9.757940518932453e-08 8.260315818351892e-07 8.227438486957499e-07 2.6843324651903765e-07 0.0 0.0 0.0 0.0 0.0 4.3169494199821775e-08 0.0 0.0 0.0 0.0 0.0 0.0 4.862770089803763e-07 0.0 0.0 0.0 0.0 0.0 0.0 0.0 0.0 0.0 1.6335664553479337e-07 3.97894128414512e-08 0.0 0.0 0.0 0.0 0.0 0.0 0.0 0.0 1.3021625622393193e-06 1.6953866723358104e-07 0.0 0.0 9.674533651020307e-08 2.0456560824181707e-07 4.8781567609214985e-08 5.915146622965553e-08 0.0 4.414703073502795e-08 1.735514194873042e-07 0.0 4.153984772053028e-08 0.0 0.0 0.0 0.0 0.0 0.0 0.0 0.0 7.441500050128141e-07 3.4295569132665014e-07 1.3827249840875062e-06 3.089430314789733e-05 1.3432734567626959e-07 1.7148610360763382e-06 6.616362973630137e-07 0.0001236800434169021 6.966339999767901e-07 0.0 4.828302716911425e-08 2.8689308212832077e-06 0.0 4.3058497673122907e-07 1.3238404201069021e-07 2.775309774336352e-06 4.336509729249542e-08 0.0 0.0 0.0 0.0 7.106866874175105e-05 6.470280152797475e-06
0.0001997912250542171 0.0008239793563019655 3.1055096824657944e-05 0.0009264916358083105 0.00040044425351062565 3.43780414894535e-05 0.0 2.4153117096826696e-06 0.0003961196931137452 0.0010168598461558055 2.63650998723016e-05 0.00011252303112087235 0.0017344422924047479 0.0010991143461556684 3.5187888349606946e-06 2.6228967324103103e-06 3.905888911029194e-07 3.884240542908439e-08 0.0 9.519743389720579e-08 0.0 0.0 0.0 0.0 2.818780337724104e-07 0.0 0.0 0.0 0.0 0.0 6.267726881469977e-05 2.785439954126754e-06 6.846839250992078e-06 3.2771464494005654e-08 0.0 1.6490228937312576e-07 2.224997284836212e-06 1.2198800444222891e-06 1.298082542657079e-07 1.7895263543256496e-07 0.0 0.0 0.0 3.0440488181851745e-07 1.361620753085201e-07 5.484110292106468e-07 1.790931415425492e-05 1.574972845320745e-06 7.734278142409748e-08 0.0 2.0481039148242032e-07 0.0 0.0 5.010528768588374e-08 2.0808217325707538e-06 2.7177409143298463e-06 1.533497242246665e-05 0.00011767032443092221 7.039924676061024e-06 7.936323447243652e-06 5.285469775889453e-07 1.6810264427722675e-06 0.0 2.2393087177340197e-05 2.371849199760678e-06 1.940064304184339e-06 5.841184999639025e-07 6.646108997974776e-07 3.155180939297011e-07 0.0 5.5012268245722375e-06 1.6282321127193688e-07 0.0 8.257667998113012e-05 4.661853426397175e-05 3.832592166007419e-05 5.890922324440362e-06 1.124781908297345e-06 5.73206831692594e-07 2.36301659260729e-06 6.065776764797106e-07 1.008318888763726e-06 4.397366814910263e-06 8.480354471216639e-08 2.754415819970408e-06 4.181075336745106e-06 8.384174725089218e-07 9.62577163115274e-08 9.522989435729996e-07 4.7374884267598336e-08 3.4135856780587966e-07 1.1058706350025299e-07 9.983690950577289e-08 5.239101140070207e-08 0.0 4.995635909768883e-06 0.0 0.0 5.066067791781385e-08 3.63376470578683e-05 1.1442254881660114e-06 4.767169085901993e-06 8.128173594982517e-05 7.91891194937653e-06 0.0 1.547510614032999e-05 6.463934133868055e-07 7.071135279708431e-06 9.776272469173855e-06 4.059555915956276e-06 3.684181482235323e-07 1.01952515899445e-05 5.588321300069239e-06 7.111154533911158e-06 3.1877380681535654e-06 1.8065118642742387e-07 1.8674038097911793e-07 0.0 0.0 0.0 0.0 0.0 0.0 7.537290573715931e-08 0.0 0.0 0.0 0.0 0.0 0.0 0.0 0.0 0.0 0.0 9.97654564809859e-07 6.975240862676016e-08 0.0 1.787946706587813e-07 0.0 6.325704389817893e-06 2.6308979066877946e-07 3.764400057439746e-06 6.891626357327378e-07 0.0 0.0 0.0 0.0 0.0 7.984979712300403e-08 0.0 0.0 0.0 5.745764881129745e-07 0.0 0.0 0.0 1.0178069209951434e-07 0.0 1.0137735306739556e-07 0.0 3.506203523355606e-08 8.564165540910925e-08 8.574073239888468e-07 1.9893680970994268e-07 2.2116730652001402e-07 0.0 7.601736030329012e-07 3.136178360555929e-07 0.0 1.273818411574754e-07 1.1268772733526967e-07 0.0 0.0 0.0 0.0 0.0 7.516119245217792e-06 0.0 0.0 0.0 0.0 1.734111838868152e-06 0.0 8.916842804786076e-08 8.542485346145644e-07 9.481743361185398e-07 7.691645859551618e-07 1.1866668349335541e-07 7.568855132448308e-07 0.0 0.0 0.0 0.0 1.6132912523907606e-07 0.0 0.0 0.0 3.818116633300038e-06 1.250002937677298e-06 2.4463362752140263e-06 0.00010503074648969527 2.7168821995319753e-06 7.501117077838627e-05 4.652827775869289e-06 8.77358245808403e-05 5.593219203276048e-06 2.532749731847886e-07 5.0117502290108105e-06 9.937619454017722e-06 0.0 2.9543170755124617e-06 4.2966330156164553e-07 7.83961954990775e-06 2.1911190309463624e-07 0.0 1.2645953421031641e-07 9.55097701248964e-07 1.5079161195188494e-07 3.7294490482837755e-05 1.1582869643800697e-05
2.098585678767296e-05 0.00013670215513439645 0.0015935670867621798 4.36319044352449e-08 4.021225250363304e-06 9.892316891907243e-08 2.4153117096826696e-06 0.0 6.593905724035932e-05 3.1534915966301467e-06 0.0007338311714283196 3.8809108033535403e-07 4.273754281047438e-06 9.134805448086525e-05 7.652101586599403e-06 7.286154707691958e-06 7.746973383312961e-06 5.886199342102267e-06 9.490316277185392e-07 2.1343223834993613e-05 1.537781752605471e-05 5.4004235059685565e-08 4.290422981715169e-07 2.3693463042026265e-07 2.9359797993181693e-07 1.89308088085111e-07 0.0 2.0136601826411386e-07 1.6165542816683382e-07 4.38873905314408e-08 0.0010978651420837523 0.0010200173745937566 7.697438872699959e-06 7.744590484734403e-07 1.6969785819932565e-07 2.2562110066116493e-07 9.61792811255356e-07 5.253782088462936e-07 2.038527933040307e-07 3.2071017111756696e-07 2.841735272820689e-06 4.3344790093061035e-06 1.0232538164971011e-05 6.393329654297926e-06 3.4893273177208773e-07 7.313000842395413e-06 2.3411203394218365e-05 7.087728669771845e-06 1.1865376123031342e-05 1.6776400555264304e-05 3.0741063360477392e-06 1.0318130731941843e-06 1.0708778337599434e-07 3.9045979109169566e-07 1.0954097739978394e-06 1.902575159528556e-06 1.63655979949814e-05 0.00023808735930681713 6.87841393005395e-06 5.2676284994383424e-06 2.169570557050247e-05 7.705373346890082e-06 8.927022303987205e-07 0.00036408295937136035 1.1909610644770611e-06 2.9992207108438925e-06 2.052384309797469e-06 7.350568531269768e-06 5.48039522733232e-05 9.680247277579974e-06 1.505550458957469e-06 5.864492870824493e-07 0.0 5.494608757293681e-05 6.245694786255506e-05 3.840053322288314e-05 0.00029833055052040983 0.00013375443320537403 0.0003280273124569625 0.0009059079298183999 4.9789266843060066e-05 0.0002974943748528843 3.1418954584956064e-06 6.676183173026749e-08 2.79471421116857e-06 2.7811432586127105e-06 1.2414100554679258e-05 1.343978500156974e-07 8.341591523876065e-07 5.36567438065749e-08 5.314729093735245e-07 4.525326647632932e-08 1.2877865290654257e-05 5.004486424080216e-06 4.787360357547934e-06 6.831015858530336e-07 5.233298704604695e-07 0.0 0.0 1.593224495273642e-05 0.0 0.0 0.0 0.0 0.0 1.6885141551102485e-07 0.0 3.984141560854852e-08 0.0 0.0 0.0 3.765200740410324e-08 0.0 3.102175174348862e-07 1.0157714423399679e-07 0.0 1.602723108081121e-07 0.0 0.0 0.0 0.0 0.0 0.0 0.0 0.0 0.0 1.4573919836803657e-07 0.0 0.0 0.0 0.0 5.201977753870764e-08 0.0 0.0 2.4319458493997004e-07 0.0 0.0 0.0 4.821876248240744e-08 8.035684142513644e-07 1.2892534170736634e-07 5.89857465559659e-07 2.3251875312359947e-07 1.906281805357014e-07 0.0 0.0 0.0 0.0 0.0 0.0 0.0 0.0 0.0 0.0 0.0 3.636117372789409e-07 8.527722844099224e-08 3.431438625411782e-07 1.1655594178701428e-07 0.0 0.0 0.0 0.0 0.0 4.152931809427282e-08 5.475137657907125e-08 0.0 0.0 0.0 9.461574677286107e-08 0.0 4.00445966354739e-08 0.0 7.776246515349073e-08 0.0 0.0 4.5503612416584767e-07 9.71989120495308e-08 8.890262291793255e-08 0.0 2.48393526764825e-07 1.4152830572137706e-07 0.0 0.0 0.0 0.0 0.0 0.0 0.0 0.0 0.0 0.0 0.0 2.533492444130936e-07 0.0 0.0 3.6345841233401774e-08 2.8992988951872946e-07 1.4869416135120363e-07 3.37748244281102e-07 6.087475412222904e-05 6.310308296382987e-06 7.394942339924166e-05 7.402929183380314e-06 1.2914917357317402e-05 6.691705547250366e-06 0.0 5.091201364293748e-06 1.0541301099454773e-06 9.487056372829157e-08 1.0855756295546857e-07 7.54641432503534e-08 5.810192063746285e-08 0.0 0.0 0.0 1.9698703440019926e-06 0.0 3.980869686691218e-06 4.693007413263187e-07
8.83448557179811e-05 0.0009846214406283966 0.0004195181280929512 0.00013699941500924513 0.0011042219751431386 6.833627273775261e-06 0.0003961196931137452 6.593905724035932e-05 0.0 0.00039023053045628847 0.0006756236293700268 2.4769120395424e-05 0.00023927039100736944 0.00044449926892595117 6.092864673306046e-06 3.009142713129877e-06 5.167601139563458e-07 1.0581248599349539e-07 0.0 7.732784633808003e-08 1.7228367965913524e-07 0.0 0.0 0.0 4.224235041789162e-08 4.7926395521081387e-08 0.0 0.0 0.0 0.0 7.885263990980552e-05 4.418597184041826e-06 5.8745297343496805e-06 9.439499146004662e-08 0.0 1.0621061455894353e-07 1.8707781270283374e-06 1.6368327386196903e-06 4.241654576138776e-07 9.704904489800448e-08 0.0 0.0 0.0 5.319970571853527e-07 4.235683462853925e-08 6.835736018249263e-07 1.975272702581535e-05 1.0498834267595032e-06 1.6984315345506408e-07 1.813018290171404e-07 3.855024566362985e-08 0.0 5.212209493604744e-08 0.0 1.7848320737107394e-06 2.932417324453098e-06 1.0801149011808137e-05 8.788030333369388e-05 5.945529251530452e-06 6.791148326052017e-06 5.521282352352453e-07 2.698992578509731e-06 4.899878768492983e-07 2.3388896510064774e-05 1.3737474756902014e-06 2.1045827547138443e-06 7.875468949832996e-07 4.618626201313572e-07 4.848035236517903e-07 9.992257311035775e-08 6.70512824266852e-06 6.699838827577542e-08 0.0 5.852085058827553e-05 3.954591079821782e-05 3.970069019362258e-05 8.771977409151342e-06 1.960730533304217e-06 2.40242451369278e-07 4.5150117612147065e-06 6.812004142790984e-07 2.8621689738262653e-06 2.577190776921251e-06 0.0 2.2130632577883764e-06 3.452698552223245e-06 8.568187892107814e-07 4.401833152893275e-08 1.4966466851171949e-06 4.546022118543923e-08 7.282922655895503e-08 0.0 4.896005836089342e-08 0.0 0.0 6.470377470320669e-06 1.36330627451673e-07 0.0 0.0 1.684633644772358e-05 0.0 0.0 3.2946680192252676e-07 1.0373760615619495e-07 0.0 4.155120151082487e-06 2.3188711820760446e-07 2.9278829684811164e-06 1.258150089937901e-06 2.9779237163513492e-06 3.115291725978561e-07 1.1102492961843492e-05 7.923245077397423e-06 9.906282617134757e-06 4.655784131480446e-06 4.500174291625986e-07 5.964878387444894e-07 0.0 0.0 0.0 0.0 0.0 0.0 0.0 0.0 0.0 0.0 4.5541906629290964e-07 0.0 0.0 0.0 0.0 0.0 0.0 0.0 0.0 0.0 0.0 0.0 8.207718786321829e-06 1.954326485944157e-07 6.267053308411262e-06 7.38131987337967e-07 5.579349742609098e-07 0.0 0.0 0.0 0.0 1.460028568128697e-07 0.0 3.548123663813366e-08 0.0 6.436004436086292e-08 0.0 0.0 0.0 2.5750229544506333e-07 0.0 6.772898129866874e-08 0.0 3.869275226673685e-08 4.0249767422096574e-07 9.083577738246124e-08 0.0 4.181875985749148e-07 0.0 1.5323826198278818e-06 5.072037070873273e-08 2.387468436355903e-07 0.0 0.0 0.0 0.0 0.0 0.0 0.0 1.0295346077885107e-05 6.220723849595003e-08 0.0 0.0 0.0 1.212821635136786e-06 0.0 3.7899544651470845e-07 4.433335858563022e-07 1.082817682672103e-07 3.750497645835917e-07 3.75235527570695e-08 2.2696454170881784e-07 0.0 0.0 0.0 0.0 5.652318320279936e-08 0.0 0.0 0.0 6.3469011762350036e-06 1.8770556592305875e-06 2.6805553218157976e-06 9.263746721118414e-05 2.611121458159901e-06 7.337456969494089e-05 4.6209850923442655e-06 4.648002830744491e-05 5.494903919870778e-06 5.258527145652983e-07 6.092008359942291e-06 1.0950819714475033e-05 2.492482233214502e-07 2.8169086796735724e-06 6.6253533043949e-07 3.740833738276117e-06 3.142552215061859e-07 0.0 5.035254708698426e-08 1.3751875549303225e-06 0.0 2.332478237663352e-05 1.4180679371819929e-05
0.00045090333253899905 0.0001325898565854556 6.547732592127076e-05 0.0018068255029080043 0.000530327280228435 0.0005633471509594835 0.0010168598461558055 3.1534915966301467e-06 0.00039023053045628847 0.0 9.630277502447704e-05 0.0007790613076376884 0.003728237529567608 0.000615303466953632 3.2798397070147376e-06 1.528198672834481e-06 1.442836269907027e-07 8.482377178454157e-08 5.61092160414678e-08 8.615845625913261e-08 0.0 0.0 0.0 0.0 8.239229426574458e-08 0.0 0.0 0.0 0.0 0.0 2.050237398145603e-05 1.2584360270339025e-06 1.5185242387054119e-05 6.418705279141373e-08 0.0 6.789969031687756e-08 2.8580571106162303e-06 9.225825618246013e-07 4.641745252523665e-08 2.49584746779985e-07 5.861936685167618e-08 0.0 0.0 5.52872788504564e-07 0.0 1.979803324272514e-07 1.2591244614712533e-05 8.51484565465093e-07 3.80218078782652e-08 1.0005332729189998e-07 1.4304872261318875e-07 0.0 0.0 0.0 1.626516860378604e-06 1.6038162599126346e-06 1.8038524257816134e-05 5.4534927601473867e-05 4.394501690018994e-06 5.455754674339244e-06 3.0173467729254206e-07 2.9741083742100317e-06 8.094553720458428e-08 1.3884669873106056e-05 1.3619146553339685e-06 8.619841856843719e-07 3.96913263158747e-07 2.5941375548284804e-07 5.5797712333582216e-08 0.0 1.1086639189711672e-05 1.4815082584301142e-06 0.0 5.051710157091381e-05 2.7980786910174805e-05 2.3654148399842803e-05 4.82443296037893e-06 1.3394265495191815e-06 1.271584975945938e-07 2.7319120929455703e-06 3.349581208986687e-07 1.676110717323856e-06 1.766854961684257e-06 0.0 1.5401600871005462e-06 2.5972715758044823e-06 2.8337949733695867e-07 5.9173456165265455e-08 6.236303280806321e-07 0.0 2.0104558815048488e-07 0.0 5.26330195752884e-08 1.540873000541288e-07 3.473342937463619e-08 0.00012796601833802744 3.7904324422461006e-07 0.0 2.677367015521458e-07 0.0002908355560016023 1.634393846206016e-07 2.2022684717651792e-06 7.5566890731976006e-06 9.209660970787225e-06 0.0 4.576764389210968e-05 9.482977756064867e-06 2.128741663580644e-05 1.754383278333101e-05 6.89251303779359e-05 3.5829964341099248e-06 7.983439485105616e-05 5.554195746018448e-05 7.210678995779004e-05 2.2797875958971986e-05 4.751975256397528e-07 1.094075157456321e-06 0.0 0.0 3.4854397797066235e-08 0.0 0.0 0.0 0.0 0.0 0.0 0.0 2.8804143161933687e-07 1.0814510390834934e-07 5.7041607653258536e-08 0.0 3.365060133217051e-07 0.0 0.0 2.33239492454308e-07 2.4381285742057896e-07 0.0 1.23811190547113e-07 0.0 3.0258163059978332e-05 1.7546558563903707e-06 2.1064074761061694e-05 3.2387865454131344e-06 6.915905705417971e-07 0.0 1.253905122062011e-07 0.0 3.160377513654285e-07 4.986849473328306e-07 3.680971474720932e-07 0.0 5.40405429093481e-07 1.306049135603942e-06 0.0 0.0 0.0 8.501326701465517e-07 0.0 1.1519241292978502e-07 9.600701270364459e-08 8.390472222821515e-08 0.0 1.1786899840927248e-06 0.0 4.1694257556623284e-07 1.8390290145175508e-07 5.599082975512835e-06 2.816277887127678e-07 4.2021621598975506e-07 2.674576562663623e-07 0.0 0.0 0.0 0.0 0.0 0.0 4.469477901597534e-05 0.0 0.0 0.0 7.993001928847136e-08 5.887386102311209e-06 3.5297205265051606e-07 1.1389271738425147e-06 1.1419765332267532e-06 2.000388349594025e-06 1.6848612647221615e-06 4.6724513749837687e-07 1.5970947443209115e-06 1.039376622617794e-07 0.0 0.0 0.0 0.0 0.0 1.3142181759005455e-07 3.952351600187494e-08 2.6461732157988997e-05 7.517031599969809e-06 9.590475580070594e-06 0.0005267452789594926 2.2343843956949316e-06 5.6418904968267926e-05 3.901046658595484e-06 0.0008003808813071236 5.2874064492871446e-06 2.8188761233565106e-07 3.8838405359935325e-06 9.660998922756431e-05 7.28804684756389e-07 1.069861126675394e-05 1.7714158896775972e-06 4.159297292201007e-05 1.0740232844754152e-06 0.0 4.973115647834169e-07 8.273087745504145e-07 8.591587405008255e-08 0.00044051321052475915 0.0001317353586311682
0.00017665182021582945 0.0004942941986495658 0.0015696847684807237 8.421742104868095e-07 0.000176994264432259 2.506388319997561e-06 2.63650998723016e-05 0.0007338311714283196 0.0006756236293700268 9.630277502447704e-05 0.0 1.4511484438289976e-05 0.0001529809655551231 0.0009300007987170924 3.424300145111898e-05 3.532319128893254e-05 2.720171760071068e-06 2.6892029030559203e-06 1.9478497467997298e-07 1.028234594316197e-05 1.793385229338569e-05 1.1052805343671399e-07 1.3187565908736165e-06 6.251750955823272e-07 1.2090569303078057e-06 1.3246562555493301e-06 2.4954932987257e-07 1.2503255925990554e-07 1.912485147850646e-07 5.460693728004796e-08 0.0007951766473804244 8.728856167133678e-05 0.00015030401142323047 3.794587330867685e-07 7.496483075088223e-07 1.1501359168370827e-06 2.514551992902096e-05 1.349239972676857e-05 2.5037893772647727e-06 1.8879515092859345e-06 3.5092402030318387e-06 5.707991973236282e-06 5.136634568496204e-06 4.367102892596477e-06 8.871085974218925e-07 3.4955516005841476e-06 7.008694374879547e-05 4.337961231435825e-06 2.4422262835601427e-06 5.52376355348376e-06 1.1111382761850729e-05 7.89150869554445e-07 1.5430165946815522e-07 6.017302305625979e-07 2.6903095633789257e-06 3.645361467546977e-06 2.510510813204968e-05 0.0002844701080622587 1.2963654664831473e-05 1.6942522073458434e-05 5.275989396318667e-06 0.00011913432337295554 5.734164935346485e-07 9.873201066016763e-05 2.07100148723426e-06 4.45215148548823e-06 2.9027716066868477e-06 1.358678975571766e-05 6.29825045213932e-05 1.0100960077537338e-05 2.430519181167113e-05 2.804862654765548e-06 1.4814569349937434e-07 0.0001150240462133506 8.724531580677672e-05 0.00011495114322506137 5.478049134213182e-05 2.5361636448954214e-05 6.967344845398305e-06 0.0004202999030493236 5.387978696940931e-06 9.595753606861282e-05 6.174044922673217e-06 4.5754102374954195e-07 5.179988599491166e-06 6.854136716760163e-06 5.9287127183067185e-06 2.2631495547838067e-07 1.769107639355895e-06 1.0897760673014675e-07 1.696724926693368e-06 3.287399010621308e-07 2.999984039455824e-05 3.1975707252020944e-05 4.944299117755772e-06 3.347230172717517e-05 1.7886461930567498e-06 0.0 2.836608669528222e-06 5.285542838588393e-05 0.0 1.2513822236107233e-07 4.9459230578569633e-08 0.0 0.0 3.2157596182428313e-06 1.5513286137161182e-07 2.1605064285506946e-06 8.962925136670726e-07 1.784147885769759e-06 5.281584479666595e-07 6.823996147319655e-06 5.199038595516946e-06 7.698774494650953e-06 4.256195694491461e-06 8.564455037699935e-07 6.844601182327711e-07 0.0 0.0 0.0 0.0 1.0019677816471654e-07 8.505492425412185e-08 1.1439051735386056e-07 0.0 0.0 0.0 2.176631114379507e-07 0.0 2.130502723871613e-07 0.0 3.0158524151602696e-07 1.2314513394321697e-07 9.91583668031277e-08 7.10493019330478e-08 4.441752664362118e-08 4.479809790644843e-08 0.0 1.2565601843060972e-07 8.876907977806009e-06 4.5777030466297107e-08 7.074723531777909e-06 2.3979946489764628e-06 6.712536809580233e-07 4.184245559255512e-08 6.034621197128493e-08 4.320517604622004e-08 5.13778983153602e-08 4.849600074845906e-08 6.218477302883167e-08 4.159689791492392e-08 1.5345295800518956e-07 3.0217341624880774e-07 0.0 0.0 1.4818379036650454e-07 1.1722490151076903e-06 1.0814197219370118e-07 4.333690846400811e-08 1.1582531819423826e-07 4.317712987718525e-08 1.6118280419394095e-07 1.7072510476042793e-07 0.0 1.6737311033093572e-07 6.29744949981411e-08 1.4224040668257015e-06 1.502115178580934e-07 1.2332080886903496e-07 0.0 0.0 0.0 0.0 4.1334085236845006e-08 0.0 0.0 1.1927763737421739e-05 3.072635598611941e-07 0.0 0.0 7.192038938143685e-07 2.269903328395067e-06 1.075518715583114e-07 3.95737793426476e-07 2.7999852945199026e-07 5.221600595531481e-07 7.992227491819167e-07 4.067831471914108e-07 1.1661322567117775e-06 0.0 0.0 0.0 0.0 8.18126757034614e-08 9.36009795172007e-08 4.4242052120367435e-08 5.5561943811716805e-08 6.611364216983702e-06 2.9494392193553864e-06 5.658299803548324e-06 0.00031366862840478873 1.4895480509610615e-05 0.00024800138353105384 3.022662970969952e-05 7.198253548016745e-05 2.4721615388752437e-05 6.927127909350881e-07 2.5862150477284307e-05 1.2706668013675871e-05 7.565182161043949e-07 3.1330590606767656e-06 1.2986835635338941e-06 2.9566855281231273e-06 4.982381209442688e-07 1.908036618522624e-07 3.493937391895611e-07 1.1077646375993102e-05 5.744180817742189e-08 3.537627239165824e-05 1.0620532491627676e-05
