0.0 0.0006798172719580101 0.0003275497818973239 0.0007980206651941781 1.167689039862829e-05 1.0745228074845708e-05 0.00024979519035616977 2.314257569552908e-05 6.649023613023557e-06 0.0005784346397796513 4.02418697730457e-05 2.5085663572881093e-05 2.7563649079829042e-05 7.350329441188561e-05 1.6256593940398929e-07 0.0 0.0 0.0 0.0 0.0 0.0 0.0 0.0 0.0 0.0 4.628551815456568e-08 0.0 0.0 0.0 0.0 0.0007864830548409893 2.2493690644834135e-05 1.631085645501668e-05 0.0 0.0 0.0 6.353051747850501e-06 3.33991859750351e-07 2.969540779460041e-07 1.8785913821659687e-07 0.0 0.0 0.0 0.0 0.0 0.0 6.390978515681837e-06 2.1884530525042595e-07 0.0 0.0 1.6642908774017322e-07 2.826868376020866e-07 0.0 0.0 1.0308792700233393e-06 2.295496628725859e-06 0.00010654362792979086 0.0004299833661373605 1.5253938848063052e-05 6.235981217425862e-06 1.9616357047709847e-07 1.2352876154833864e-06 0.0 4.7450790969930884e-05 9.923121782681483e-07 6.744428177399221e-07 3.2981599562937185e-07 3.165766318621617e-07 0.0 0.0 5.7933843280781144e-06 1.568919531052483e-05 4.926993243207538e-07 6.502864937161024e-05 2.7903686265565866e-05 1.2059087940664048e-05 2.0831359249135706e-07 0.0 2.5100452143622493e-07 1.414941536216244e-05 6.405041730434412e-08 2.300124514829087e-06 4.036209722237206e-06 4.770673603918713e-08 2.951277792393516e-07 7.646016305832716e-07 5.705242332670952e-08 0.0 1.3431814075979907e-07 9.632367979467147e-08 1.6820645152917252e-07 0.0 0.0 0.0 0.0 8.912265682055529e-05 1.6559656708646086e-05 9.494877824696357e-07 6.5522510539490345e-06 0.00037720923376989384 3.120818104818411e-07 5.665850416706428e-07 6.388051801420347e-06 3.827291473804581e-06 2.5988864711905947e-06 4.7579720308752014e-06 8.401851439042567e-07 5.612940230585046e-06 9.732457228378185e-06 8.796316658435992e-06 3.822450792956547e-06 2.2604998699246576e-06 9.010363317327761e-06 4.0011603992039706e-06 9.849589649764557e-06 0.0 0.0 0.0 0.0 0.0 0.0 0.0 0.0 0.0 0.0 0.0 0.0 5.578243025390318e-08 0.0 0.0 5.367176428978047e-08 0.0 0.0 0.0 1.1940135992587807e-06 9.843082795965893e-07 0.0 0.0 0.0 3.6331676185609207e-06 8.8270582623968e-07 1.5293483256058094e-06 3.9752663731402197e-07 3.11964570786167e-07 5.3485854857097273e-08 0.0 0.0 0.0 0.0 0.0 0.0 0.0 0.0 0.0 0.0 0.0 3.457508248296209e-07 0.0 0.0 0.0 0.0 0.0 1.1453275430845517e-07 0.0 0.0 3.9378624023008226e-07 2.848196187291876e-06 0.0 0.0 0.0 0.0 0.0 0.0 0.0 0.0 0.0 7.733346395902877e-07 5.937448097108387e-07 0.0 0.0 0.0 8.119881265998593e-06 2.4741036814976286e-07 1.2676940880043663e-06 5.8437287241017274e-08 1.1453044290153059e-07 0.0 0.0 1.5274477138148323e-07 0.0 0.0 0.0 0.0 4.060432323996001e-08 0.0 0.0 0.0 6.110411792426567e-06 6.002988243209614e-07 2.727792750010499e-06 0.000217428178664197 1.270425701273476e-06 4.166518569875366e-05 5.234650513948264e-06 0.00030162187837695436 1.7501884980368366e-05 3.140455196267594e-07 5.548772451932029e-07 3.145493906565966e-05 0.0 5.514136559847301e-07 0.0 2.2016284910013053e-05 0.0 0.0 0.0 0.0 8.435755318016182e-08 4.9140310434887344e-05 1.3701247265725496e-05
0.0006798172719580101 0.0 0.0005608774220559497 0.0006328202602005466 0.0013455366016125864 1.5771745100183984e-05 0.0021530016124707966 9.706334923170783e-05 0.0008410694960773877 0.00031495898433168534 0.0006623099962698066 8.83211675955498e-06 9.7051607325082e-05 0.0012906278603628553 1.6814727511887866e-06 1.2990909825867924e-07 0.0 0.0 0.0 0.0 0.0 0.0 0.0 0.0 0.0 0.0 0.0 5.5078072923888464e-08 0.0 0.0 0.0010171642913378908 4.854703646620136e-05 3.185242589540998e-05 0.0 0.0 1.1760180257530297e-07 8.568339781929557e-07 2.6843624344312594e-07 0.0 1.236694079562989e-07 9.73027836577204e-08 3.423743797173044e-08 0.0 0.0 0.0 5.446521892238772e-08 2.2938304713197802e-05 1.731141885223935e-06 0.0 1.6531969351837606e-07 6.348592442386521e-07 9.623743795823579e-08 0.0 0.0 2.5835369449674955e-06 4.001738359071109e-06 4.480258292055629e-05 0.00028053808076024093 2.8596492099548304e-05 1.966959048949644e-05 2.9943493397704634e-07 1.7280260647593632e-06 0.0 0.00011079740094083457 3.662590270876522e-06 3.4115592324664123e-06 1.1106413914162137e-06 3.632360302245266e-07 1.6517347675489755e-07 0.0 2.7993343492968834e-06 4.0179254830681257e-07 5.9141151200548105e-08 0.00013630392558791924 0.00014288285216002003 6.073130350146846e-05 5.926166623417783e-06 6.764193984476705e-07 7.386150367272915e-07 6.94251013317002e-05 3.172104473507284e-07 1.4281617666705786e-06 1.004716149897845e-05 2.0225371545485892e-07 1.451936323824244e-06 3.942075563202834e-06 3.9285339829802364e-07 1.5884516224490928e-07 5.953665252499173e-07 9.002987080530719e-08 3.7851972865977397e-07 3.988434363770509e-08 6.248606115289375e-08 4.923536000230359e-08 5.1934214822981926e-08 1.8068117620343512e-05 7.016672848985068e-07 0.0 2.7804734715473703e-07 9.571394874385255e-05 0.0 5.6715248531212526e-08 1.947223254680056e-06 1.8958370764664402e-06 2.1062614768504152e-06 5.38090085703293e-06 1.1745000667025647e-07 2.713506788622192e-06 8.973878843762608e-06 8.824704391818117e-06 3.613074436512621e-06 4.820814444066717e-06 1.4331863723178353e-05 4.230996096317997e-06 2.0180649001369573e-05 1.5828983659353124e-07 2.6581522626440756e-07 0.0 0.0 0.0 0.0 0.0 0.0 0.0 0.0 0.0 0.0 0.0 0.0 0.0 0.0 0.0 0.0 0.0 7.194245165302853e-07 1.7306847065063538e-06 0.0 1.5197587037857472e-07 0.0 5.799826323933643e-06 0.0 3.949103007343258e-06 8.830301734025955e-07 1.2048989876905577e-07 0.0 0.0 0.0 0.0 5.4599351488260576e-08 5.632233300878454e-08 0.0 1.217830397036067e-07 1.1784764300478047e-07 0.0 0.0 0.0 5.756990137932266e-08 0.0 0.0 0.0 0.0 4.0752070803638565e-08 4.419886176090951e-08 0.0 0.0 1.094893117085377e-07 4.139667370266575e-06 0.0 0.0 0.0 0.0 5.077815316020762e-08 0.0 5.337469443197478e-08 0.0 0.0 5.183828143303249e-06 2.4237346101913217e-07 0.0 0.0 4.9235822959538445e-08 4.463756321318837e-06 3.483733592915398e-07 2.9076270652402195e-06 3.7929224546006444e-08 2.0819591011394744e-07 9.482828737497058e-08 0.0 1.9996221907063728e-07 0.0 0.0 0.0 0.0 5.354948275327092e-08 0.0 3.8101640633879995e-08 0.0 1.3041448028631211e-05 1.9528916489960796e-06 3.0483808488657544e-06 0.0001639531073956286 6.242569592248862e-06 0.00013348733687316665 1.7781866326302997e-05 0.0001696345131010839 2.227749268449832e-05 5.601663998111022e-07 3.576045146763247e-06 1.3842009301479265e-05 1.4945685585777768e-07 1.0355903228456038e-07 3.209041736144411e-07 4.221053336125959e-06 6.456564477653072e-08 0.0 1.2622124175202497e-07 4.890930631819369e-07 0.0 6.550487383218515e-05 1.2555449087750303e-05
0.0003275497818973239 0.0005608774220559497 0.0 0.00017700857599963727 0.0007128522268320023 4.3927059635889226e-06 9.522370872270706e-05 0.0003693619888373018 0.00029405305437435085 4.963209105605758e-05 0.0020126916015006787 2.3550991793271e-06 1.449059192620533e-05 0.0009575794602964039 9.719153604795072e-07 5.8825367056853096e-08 0.0 0.0 0.0 0.0 0.0 0.0 0.0 0.0 0.0 0.0 0.0 0.0 0.0 0.0 0.0005061716651932225 4.1026979429152226e-05 3.940250365455796e-05 0.0 0.0 0.0 2.064287719351144e-06 1.6278905099870848e-07 1.9681813118073823e-07 6.596989882670573e-08 8.970251948923963e-08 0.0 0.0 0.0 0.0 0.0 5.558145649692904e-06 1.1256332747272338e-07 5.9218759053515557e-08 0.0 4.370619449891171e-07 0.0 0.0 0.0 2.720811192704328e-07 6.41469922110926e-07 7.776641700311272e-06 7.144084111495782e-05 3.1534713470625884e-06 3.4995797269437915e-06 7.646466083993038e-07 5.3975456058085105e-06 0.0 6.495784577684504e-05 6.513087872651044e-07 5.547201066940811e-07 1.5737197825548368e-07 9.456040173298748e-07 1.2676723425313262e-06 2.556453906175296e-07 2.2628644730009933e-06 0.0 6.394151759739787e-08 2.24144237863051e-05 3.406705969995189e-05 1.5424974863798634e-05 2.8614065638535323e-06 5.427281524726639e-07 1.571258270701863e-05 0.00020462211631470047 2.7834852280115874e-07 7.356465130344634e-06 1.0001896524428332e-06 5.280123572568843e-08 3.9346025413097014e-07 1.3888989076385925e-07 1.027216474033867e-07 0.0 9.054793684740115e-08 5.082812212832698e-08 5.357975069453316e-08 5.3605331616198376e-08 7.991424373346026e-07 1.446064495285609e-07 1.1121409436925291e-07 1.0157735053151855e-05 1.4622952825704498e-06 0.0 3.701051328528673e-07 3.191608395476813e-05 0.0 7.461945793354485e-07 2.4555207132590463e-07 8.164525840682205e-07 9.125329916633311e-07 1.8089195353605684e-06 0.0 2.4856489495723723e-06 3.96956781901893e-06 2.2380067108121763e-06 1.2741052414461514e-06 1.040368676808672e-06 6.940430469796085e-06 2.045661625125469e-06 6.921173439202747e-06 4.921086719910287e-08 0.0 0.0 0.0 0.0 0.0 0.0 0.0 0.0 0.0 0.0 0.0 0.0 0.0 0.0 0.0 0.0 0.0 0.0 0.0 7.986967751006456e-07 0.0 0.0 0.0 2.1474259344143463e-06 7.460755216033336e-08 7.517898264083588e-07 0.0 1.5957422865011772e-07 0.0 0.0 0.0 0.0 0.0 0.0 0.0 0.0 0.0 0.0 0.0 0.0 5.2536457979828905e-08 0.0 1.5853858993641367e-07 0.0 0.0 1.4833290382745563e-07 0.0 0.0 0.0 0.0 3.786367385664556e-06 0.0 0.0 0.0 0.0 0.0 0.0 0.0 5.285455015119863e-08 0.0 1.808674776291056e-06 0.0 0.0 0.0 0.0 2.10244464113397e-06 1.5246972747445873e-07 8.757368465015989e-07 0.0 0.0 1.1590921740753701e-07 0.0 0.0 0.0 0.0 0.0 0.0 0.0 0.0 4.4691681427077336e-08 0.0 3.3174618430500907e-06 3.0238632352123374e-07 1.7425558593027124e-07 6.91486473785912e-05 1.8306933670660233e-06 2.8043418900701225e-05 4.468079895831747e-06 0.00012506835277911168 7.0449274399215365e-06 0.0 1.6436227565356945e-06 6.582912853544449e-06 8.736049656066683e-08 5.0470387976500936e-08 0.0 4.315001058564665e-06 0.0 0.0 0.0 0.0 0.0 1.047635063991623e-05 5.332905036303425e-06
0.0007980206651941781 0.0006328202602005466 0.00017700857599963727 0.0 3.311797054393699e-06 0.00018395742548867836 0.00030195518450242085 1.5496512576947644e-06 5.969718527787305e-06 0.0006406349338174288 2.8773879523587618e-06 9.098536541059008e-05 0.00031953453038907517 8.308602127129917e-05 0.0 0.0 0.0 0.0 0.0 0.0 0.0 0.0 0.0 0.0 0.0 0.0 0.0 0.0 0.0 0.0 0.00027199895963882817 8.336873772464731e-06 1.7903542304611593e-06 0.0 0.0 0.0 6.953727290949168e-07 0.0 0.0 0.0 0.0 4.747273312207334e-08 0.0 0.0 0.0 0.0 9.89702650539055e-07 1.6121333042987894e-07 0.0 0.0 1.3768796592158163e-07 0.0 0.0 0.0 5.387288169866743e-07 8.652250003526314e-07 2.4094287504279647e-05 0.00012678359685481792 6.991409590326484e-06 2.8000522776944553e-06 6.210887603870238e-08 5.155744062557717e-07 0.0 1.0875423388811549e-05 3.486534923488982e-07 5.730096174929898e-07 1.6629977060539323e-07 4.26877896217203e-08 6.28595155752068e-08 0.0 7.143571792543978e-07 1.5649933968776045e-06 1.6688738498946762e-07 2.885863146902241e-05 1.2921380880781862e-05 3.480168764759479e-06 1.1176308730633761e-07 6.604938554261183e-08 1.0968166199151074e-07 1.1656585297060906e-06 5.496579734630235e-08 2.3005188462572188e-07 1.7414361347140028e-06 5.193348490500571e-08 3.0873836036544784e-07 5.681068598244813e-07 0.0 0.0 4.194948772656328e-08 1.0003105484868877e-07 4.9966930431680254e-08 0.0 0.0 0.0 0.0 1.9381258679159307e-05 1.5746092281598116e-06 1.0613316912955862e-07 5.751038535441486e-07 0.0001872021254785484 3.6442722256915444e-07 8.124997200267145e-06 1.0277504995973407e-05 1.1407183722809875e-05 1.5571169601326362e-06 8.67668248373726e-06 3.173283726962052e-05 5.381082978326486e-06 4.208986648103606e-05 7.246816784377787e-06 1.364301219279788e-06 2.9365099770049342e-06 1.1048596067080656e-05 1.6292802501589834e-06 1.569947353561192e-06 0.0 0.0 0.0 0.0 0.0 0.0 0.0 0.0 0.0 0.0 0.0 0.0 0.0 0.0 0.0 0.0 0.0 0.0 4.942549011809907e-08 5.817505677372464e-07 0.0 0.0 0.0 0.0 1.0968207763924717e-06 0.0 3.791082588205685e-07 1.053358283595782e-07 8.035508850877416e-08 0.0 0.0 0.0 0.0 0.0 0.0 0.0 0.0 0.0 0.0 0.0 0.0 0.0 0.0 0.0 9.598734305314715e-08 0.0 9.041573045396546e-08 9.485608508456346e-08 2.167005571856905e-06 0.0 0.0 3.7511327580843667e-07 0.0 0.0 0.0 0.0 0.0 0.0 0.0 0.0 0.0 9.015825661881758e-07 1.082992514126229e-07 0.0 0.0 0.0 6.488985406605081e-07 1.3070343825475755e-07 1.545278798952951e-07 0.0 0.0 0.0 0.0 0.0 0.0 0.0 0.0 0.0 0.0 0.0 0.0 0.0 1.947910360939384e-06 3.1494934731926483e-07 1.7521485359646752e-07 2.6433368843132953e-05 7.434189682327753e-07 1.4875640406203052e-05 7.946575610867074e-07 0.00022266600723763432 5.00070565234758e-06 1.7304778457243544e-07 5.458075682781735e-07 8.963780330563902e-06 9.798131000157804e-08 0.0 0.0 2.5482866004960696e-05 0.0 0.0 0.0 0.0 0.0 6.798981088870025e-05 2.338725353801227e-05
1.167689039862829e-05 0.0013455366016125864 0.0007128522268320023 3.311797054393699e-06 0.0 1.6825181322799227e-06 0.0003259918204998156 2.821564943734258e-05 0.001381903173949969 3.872695146287174e-05 0.000520700126913106 3.5903753188778607e-06 3.1742331086326956e-05 0.000818731057252532 6.694715288836505e-07 5.130135228288411e-08 0.0 0.0 0.0 0.0 0.0 0.0 0.0 0.0 4.5122403997271576e-08 0.0 0.0 0.0 0.0 0.0 0.00011970767193413391 2.423772371281289e-05 2.0267100178956664e-06 0.0 0.0 0.0 1.956008790747358e-06 0.0 4.157165041714324e-08 0.0 0.0 0.0 0.0 0.0 0.0 0.0 9.180425014218142e-06 1.589864790960477e-07 0.0 3.883696540988416e-08 1.2916569031693886e-07 0.0 0.0 0.0 6.221235238750067e-07 1.1101416814595205e-06 7.625677624659179e-06 4.04452313755769e-05 4.830397496624995e-06 4.4322360401851885e-06 3.616070087471864e-08 0.0 0.0 2.9437663393051626e-05 5.346392183568799e-07 7.286560358602836e-07 1.9378681223890918e-07 4.038873385549533e-08 0.0 0.0 2.17067775878182e-06 2.129225007272047e-07 0.0 2.7440419241319146e-05 3.7365740151968366e-05 2.51088668678409e-05 3.5710368111904338e-06 3.971091005768974e-07 4.636672592244065e-07 3.2027326968757934e-06 4.8228779458401314e-08 2.33044467226065e-07 2.0169521634990944e-06 4.069455934976534e-08 6.920154781219738e-07 9.299794674752504e-07 9.224961219737043e-08 9.328562262856233e-08 1.6096861529061467e-07 0.0 1.2758265705134797e-07 1.3035239163846322e-07 9.599558842287807e-08 5.1179787147351116e-08 1.5109146323518558e-07 1.3359723855473923e-05 8.498533941107528e-07 0.0 6.928848408448542e-07 3.564415965155242e-06 4.839323741278456e-08 7.306198531411982e-07 1.0664119542023018e-06 9.749074497093666e-07 1.3204980136129672e-06 4.145495248281145e-06 2.3148951214780783e-07 4.312037307724381e-06 9.870135928396569e-06 4.350954682385391e-06 2.1368997196948484e-06 3.890371492193592e-06 1.3243646358180378e-05 5.950105800729826e-06 1.5682454328776813e-05 4.640504560241515e-08 0.0 0.0 0.0 0.0 0.0 0.0 0.0 0.0 0.0 0.0 0.0 0.0 0.0 0.0 0.0 0.0 0.0 1.1176255338485504e-07 5.336153259157926e-07 1.0439432743760218e-06 0.0 0.0 4.889517767440472e-08 7.624328952511189e-06 7.129154222889467e-07 2.2669886582534088e-06 6.806972550888211e-07 4.173410008331703e-07 0.0 0.0 0.0 0.0 0.0 5.004423415215759e-08 0.0 0.0 4.066958331383038e-08 0.0 0.0 0.0 0.0 0.0 0.0 0.0 0.0 7.243171398283745e-08 0.0 0.0 0.0 0.0 5.462007636024925e-06 1.1017750946557975e-07 0.0 3.7799616795735935e-08 0.0 0.0 0.0 3.449390614211112e-08 0.0 0.0 5.537003268001095e-06 5.408522903078792e-08 5.634292953686243e-08 4.805097008770373e-08 0.0 4.834408166115115e-06 1.953277096376251e-07 3.2858192127949334e-06 0.0 1.4175945853046673e-07 1.9375157342105914e-07 0.0 4.7585792685633876e-08 0.0 0.0 0.0 0.0 0.0 0.0 0.0 0.0 1.2738023592785354e-05 9.112237959125538e-07 1.654140543405968e-06 5.7665804369540055e-05 3.1834640078703387e-06 4.126474417793201e-05 9.844630411313391e-06 1.691953157810555e-05 5.514508736913159e-06 1.6932992708526016e-07 1.743567471549701e-06 5.43414879580154e-06 0.0 3.785707249198598e-07 4.274723738578034e-08 8.767631787611064e-06 0.0 0.0 6.788459533122347e-08 9.92566841919088e-07 0.0 2.4799180056788148e-05 8.493965894761346e-06
1.0745228074845708e-05 1.5771745100183984e-05 4.3927059635889226e-06 0.00018395742548867836 1.6825181322799227e-06 0.0 2.5291628005468106e-05 5.216921394296317e-07 0.0 0.00022942963887775762 3.149710218280575e-07 2.9347589436552256e-05 2.0344661621306102e-05 4.979955412329974e-06 5.139798531273067e-08 0.0 0.0 0.0 0.0 0.0 0.0 2.778868496812245e-07 0.0 0.0 0.0 0.0 0.0 0.0 0.0 0.0 2.4566819789666507e-06 0.0 3.16432810986855e-06 0.0 0.0 0.0 6.1609775293179525e-06 0.0 1.1281096295974229e-06 0.0 0.0 0.0 0.0 0.0 0.0 0.0 0.0 0.0 0.0 0.0 1.0544109537289304e-07 6.179606833831027e-07 1.6099522891104623e-06 6.287835827259192e-08 0.0 0.0 1.1804720460701815e-05 7.6099888724359e-07 3.773260153947284e-07 0.0 0.0 0.0 0.0 0.0 0.0 0.0 0.0 0.0 0.0 0.0 1.7753534556678295e-05 8.324555320187844e-05 4.303295036193418e-06 5.711545309565266e-08 3.4798220435830433e-07 9.205010804238085e-08 0.0 0.0 0.0 1.5932240694833539e-06 0.0 2.16731307345912e-07 0.0 0.0 0.0 2.1013650518962003e-07 5.604773854199539e-08 2.9908628324892385e-07 8.413705374560736e-08 6.649456116458445e-07 0.0 1.031849155292689e-07 0.0 0.0 0.0 8.071691012016486e-05 6.303974697595333e-05 7.064951969129076e-06 1.9376444910657397e-05 4.831445729803036e-05 0.0 0.0 0.0 0.0 0.0 0.0 0.0 1.0544877640789238e-07 1.611838329575915e-07 6.497507063806994e-07 0.0 0.0 1.5348267790440317e-07 0.0 1.5331641880982867e-07 6.460373568128769e-08 9.107971588554762e-08 0.0 0.0 0.0 0.0 0.0 8.816260883149151e-08 0.0 0.0 7.012073284375169e-08 6.28829675694415e-08 2.799318399237404e-07 0.0 1.3778655215786445e-07 0.0 2.2348468756177909e-07 1.965746156751849e-07 2.062699235355481e-07 0.0 2.177006181427805e-07 0.0 6.7651041854345e-08 0.0 5.9151119987722783e-08 2.587049330544376e-07 7.819457962255298e-07 6.190770625144217e-07 1.0830674963020321e-06 0.0 0.0 0.0 0.0 0.0 0.0 0.0 0.0 0.0 0.0 0.0 0.0 1.1857284895491484e-06 0.0 0.0 0.0 0.0 0.0 0.0 0.0 0.0 7.609161057590414e-08 1.24516585903653e-07 0.0 0.0 0.0 0.0 0.0 0.0 0.0 0.0 0.0 5.1472785009039735e-08 3.1906687713902257e-06 3.045372701440419e-07 0.0 0.0 1.0413517411525914e-07 6.415816806632788e-08 0.0 0.0 0.0 0.0 0.0 4.319096668880013e-08 0.0 0.0 0.0 0.0 0.0 0.0 0.0 0.0 1.945680441246653e-07 4.379516778303325e-07 9.300212350038874e-07 1.1801822753921377e-07 4.478690868896979e-08 1.736143867806955e-07 1.1642376902974567e-07 5.337815762243174e-06 6.032689619435372e-08 0.0 0.0 2.685168317944961e-07 0.0 0.0 0.0 6.19900548540799e-08 0.0 0.0 0.0 0.0 0.0 5.190365194078926e-06 7.898823937562854e-07
0.00024979519035616977 0.0021530016124707966 9.522370872270706e-05 0.00030195518450242085 0.0003259918204998156 2.5291628005468106e-05 0.0 1.9994111535094344e-05 0.000586828127075088 0.0005465901749137491 0.00015268773114711086 5.182217805360626e-05 0.0011351372055927985 0.0016436824763800598 2.138627797124206e-06 5.34536472263983e-08 5.1257084109328714e-08 0.0 0.0 5.702870099248365e-08 0.0 0.0 0.0 0.0 1.356511737392982e-07 5.749880196164283e-08 0.0 1.0081079310599358e-07 0.0 0.0 0.00022670464492388325 4.55762664676977e-05 8.697151205205056e-06 0.0 0.0 4.8636306857352467e-08 6.102563572418178e-06 3.0377350560096583e-07 1.0311488057530438e-07 7.976873458490864e-08 3.182641549135928e-07 0.0 0.0 4.811322938767202e-08 0.0 0.0 2.4419340649944445e-05 1.129067893626402e-06 1.0640524605517992e-07 5.397902258600372e-08 6.658679542484955e-07 6.316725710416429e-08 0.0 6.468519587912941e-08 1.2877278662188547e-06 3.4201622484886704e-06 2.943220827333389e-05 0.00014139573638838703 1.903807232652e-05 1.5193380402287e-05 4.7155067749964724e-07 8.255966382733228e-07 1.7806283471477945e-07 7.114800507878795e-05 1.8547857021208187e-06 3.1283654262788696e-06 1.1145118355529094e-06 8.167793136023085e-07 1.91495701089175e-07 0.0 5.319684055655618e-06 5.332529588123678e-07 0.0 9.110266798396688e-05 0.00011147973686177993 6.90474457921317e-05 1.0382319189803003e-05 6.076496052285839e-07 9.799395988561527e-07 3.568417253847668e-06 2.870737764296777e-07 1.6035598533338165e-06 8.039254522970432e-06 1.6361991054834504e-07 1.1513145837689265e-06 2.885151157198426e-06 3.4514911897350637e-07 4.7096538128099724e-08 7.053065207577478e-07 4.541445566899108e-08 4.5469206275704366e-07 4.734502113099098e-08 0.0 0.0 0.0 5.992227490975673e-05 4.471563801090556e-06 8.428049276567655e-08 2.4953570039633194e-06 4.4744468916014474e-05 1.522976422151494e-06 4.890183641872746e-06 1.4108464071060801e-05 1.764182969722681e-05 8.218230005219928e-06 2.2350690170298666e-05 5.54106093609868e-06 1.308472891715958e-05 4.779345010551938e-05 3.808878537931e-05 9.170719450334362e-06 1.5575196447285704e-05 4.901987198181859e-05 1.7099236954676475e-05 5.815755618260498e-05 8.176927079512515e-08 3.6328256249550806e-07 0.0 0.0 0.0 0.0 0.0 0.0 0.0 0.0 0.0 0.0 2.1097760048717256e-07 0.0 0.0 0.0 0.0 0.0 0.0 1.5762178119338188e-06 6.957298580230878e-06 0.0 0.0 0.0 2.1843144723231636e-05 1.6948551619830787e-06 6.496148966931063e-06 1.6964942299703407e-06 3.075209822134245e-07 0.0 0.0 0.0 1.1504962071683823e-07 2.3102845067210364e-07 0.0 0.0 2.739245304985268e-07 1.1136854636471267e-07 0.0 0.0 1.935956582103971e-07 0.0 0.0 9.085091363401411e-08 4.7115776197721886e-08 0.0 5.622580000473468e-07 1.1499227011525977e-06 4.004698119017274e-07 0.0 3.833607879837958e-07 1.6869575964781745e-05 9.645488593013984e-08 1.3831252226545045e-07 9.560431183664655e-08 0.0 4.090819890704364e-08 0.0 0.0 0.0 0.0 1.9762504076987638e-05 2.4343230842107883e-07 0.0 0.0 4.044085540579445e-08 1.1562035747113091e-05 1.520566337750892e-06 8.969721132972039e-06 3.112661102472098e-07 1.0632451983041425e-06 3.894331209353875e-07 6.015274317203684e-08 5.015668376111305e-07 0.0 0.0 0.0 0.0 0.0 4.925233397449966e-08 0.0 0.0 3.8653880110952776e-05 3.5571314209247082e-06 5.8731750210288074e-06 0.00018381688055283375 8.442447756839537e-06 0.00012496054464422325 2.29011829502752e-05 9.702510710551832e-05 2.1959286679716832e-05 6.467852523984713e-07 5.842535054766932e-06 1.908260170257488e-05 0.0 1.3028681999775307e-06 5.118780509356446e-07 2.7167706340868583e-05 2.6062235999286623e-07 0.0 1.0438189314970796e-07 8.221337654658267e-07 8.327980495773196e-07 0.00012113213123917983 3.919300056948467e-05
2.314257569552908e-05 9.706334923170783e-05 0.0003693619888373018 1.5496512576947644e-06 2.821564943734258e-05 5.216921394296317e-07 1.9994111535094344e-05 0.0 6.911075615708944e-05 4.8021804018453015e-06 0.0003858410574851932 6.202942744073503e-06 4.1354143703738387e-05 0.0006152958231573609 4.844282908765371e-06 9.919829683646416e-07 1.8815571470391869e-07 1.1571197734997357e-07 0.0 0.0 1.7602438332080015e-07 2.1962277603105473e-07 0.0 0.0 7.628862084447508e-08 0.0 0.0 0.0 0.0 0.0 0.0004560626367798957 0.0005345256349217264 0.00011064372150610535 0.0 0.0 1.9659034270417161e-07 1.8390904279452525e-05 4.6764883945562585e-06 1.0888493556916029e-06 4.914035374335392e-07 3.1231528285672223e-07 4.931291649067265e-07 2.6192984922244896e-07 3.8562846403554476e-07 4.990908443206796e-08 4.918794236785094e-08 3.5168192838506136e-05 9.68347534928936e-07 4.4115345627434894e-07 1.0627510472135186e-06 7.399694333245935e-06 2.3775708802027816e-07 0.0 3.123233862979578e-07 1.169701579168654e-06 2.2249869746330486e-06 1.1757790205323042e-05 0.00011221782561412943 1.0708406821857294e-05 1.8992060314713758e-05 8.245482479601601e-06 5.606123297492349e-05 0.0 0.00020545946357806435 1.3713579750337551e-06 2.2804593958813185e-06 1.2183358449590732e-06 7.202911870047783e-06 1.1276286592709937e-05 1.6438226797176705e-06 1.0603468673762488e-05 0.0 0.0 6.897793356757412e-05 0.00012207609295120103 9.076316059364851e-05 3.6001539593784297e-05 9.032138372321677e-06 0.000308500006691135 0.0004986552634705035 1.5855205445622174e-05 0.0001432237846002924 4.84809325632203e-06 1.6602271942393424e-07 7.446285605930526e-07 1.5208640023566786e-06 1.350317508139368e-06 4.130247288792731e-08 6.330455467548388e-07 4.9142207599843435e-08 3.9121993310707846e-07 1.0425484687085388e-07 9.211836791017084e-06 1.4066817438467854e-06 4.4725334362954145e-07 7.736396557204165e-05 4.749857654387e-06 0.0 3.837358424809316e-06 1.3566346782211454e-05 1.1005368023262066e-07 3.4165700213746453e-07 1.7384286800348948e-06 9.88181460925696e-07 2.035633140122228e-06 5.878646144874018e-06 4.888502302848612e-08 2.9386035507231147e-06 1.0201033256956653e-05 6.766400411624201e-06 5.296628856322227e-06 3.2715205893572903e-06 1.4666985002585349e-05 5.48004101657844e-06 2.7943762070743824e-05 0.0 1.5720142413429939e-07 0.0 0.0 0.0 0.0 0.0 0.0 2.163940784824168e-07 0.0 2.1427653236551862e-07 0.0 0.0 0.0 0.0 0.0 4.751050975659057e-08 0.0 0.0 9.903498174439362e-07 3.812744465362293e-06 0.0 0.0 0.0 1.2996747023853687e-05 1.3294598552847654e-06 5.153404844406552e-06 1.8223677131162144e-06 6.874556264567754e-07 0.0 9.669062578169693e-08 0.0 0.0 1.9878026559520793e-07 0.0 0.0 0.0 0.0 0.0 0.0 1.9746927884198932e-07 0.0 0.0 0.0 0.0 0.0 3.7601738059943307e-07 0.0 0.0 0.0 0.0 9.957512618322708e-06 0.0 0.0 0.0 0.0 7.69285561545921e-08 4.789786303370008e-08 9.447361820279448e-08 0.0 0.0 9.40970293234537e-06 0.0 0.0 0.0 2.54609339635339e-07 1.0090982006404704e-05 1.9942146812403358e-07 6.8515639733503144e-06 0.0 4.815353302525679e-07 1.4764440869642326e-07 0.0 3.351252365086155e-07 0.0 0.0 0.0 4.828854487195099e-08 0.0 0.0 3.476184010736763e-08 0.0 1.796778342988347e-05 2.3316135750730054e-06 3.4383167852884837e-06 0.00028250955518823763 8.624959610581632e-06 0.00014793998689250116 3.7954258941587e-05 6.451972855294185e-05 2.1687998200679782e-05 2.870817413216678e-07 1.4485977462482663e-05 2.157716864129323e-05 2.9843195909277644e-07 4.124709407865948e-07 3.3322681447156665e-07 2.30878774908438e-06 1.7313267808816508e-07 0.0 3.434685740730975e-07 4.701899944837752e-06 1.1715398269029166e-06 3.2021700355487556e-05 1.0369430622587598e-05
6.649023613023557e-06 0.0008410694960773877 0.00029405305437435085 5.969718527787305e-06 0.001381903173949969 0.0 0.000586828127075088 6.911075615708944e-05 0.0 2.1537352920083034e-05 0.00043858900813415673 2.1607033958448133e-06 0.000123418446902154 0.000998571713935286 4.347234466181793e-07 0.0 0.0 0.0 0.0 0.0 0.0 0.0 0.0 0.0 0.0 0.0 0.0 0.0 0.0 0.0 8.121957825531503e-05 1.0360484703941281e-05 7.654032021741141e-07 0.0 0.0 0.0 1.0668799194855311e-06 0.0 0.0 0.0 0.0 0.0 0.0 0.0 0.0 0.0 2.4221546047336317e-06 0.0 0.0 5.3163812342606456e-08 3.82157612819059e-08 0.0 0.0 0.0 9.152305319558022e-08 2.472809800507352e-07 1.7078886348130075e-06 1.331709382737057e-05 1.4976541617898344e-06 1.5188372364088179e-06 0.0 1.1991320882402486e-06 0.0 9.733864358170016e-06 1.901343601333496e-07 2.4803143372849565e-07 1.7458032170692416e-07 1.355397429741845e-07 7.755736697407214e-08 0.0 7.466866183948919e-07 0.0 0.0 9.275211969987708e-06 1.2768679245525222e-05 8.818785774185508e-06 1.2116069541671569e-06 2.669687602482643e-07 2.1417609767954608e-07 1.910043750514584e-05 0.0 3.7683684193919157e-07 5.889980382172401e-07 0.0 2.495791369364895e-07 4.4376363619867095e-08 5.71486643635689e-08 0.0 4.1832271685638393e-08 0.0 4.60281646207139e-08 0.0 0.0 6.614040901764148e-08 0.0 6.5912012174717255e-06 5.657432232136139e-07 0.0 0.0 9.628983424155095e-07 0.0 1.2692407841958933e-07 8.11854867908008e-07 3.5739657827908527e-07 3.1120638200540894e-07 2.2526420967768297e-06 0.0 1.1122413276897531e-06 2.4040981506618676e-06 1.5184805498244572e-06 1.0552173306131162e-06 1.484931343402268e-06 4.155429938824446e-06 1.896764335877681e-06 5.289211416331279e-06 0.0 4.4371345433780853e-08 0.0 0.0 0.0 0.0 0.0 0.0 0.0 0.0 0.0 0.0 0.0 0.0 0.0 0.0 0.0 0.0 0.0 2.2118254991965473e-07 6.1412047677442e-07 0.0 7.74716354043698e-08 0.0 3.166547732986867e-06 3.6071234220113203e-07 8.093905566844256e-07 5.251280998910064e-08 1.3050661722418043e-07 0.0 0.0 0.0 0.0 0.0 0.0 0.0 0.0 5.0562553637993296e-08 0.0 0.0 0.0 0.0 0.0 0.0 0.0 0.0 0.0 0.0 0.0 0.0 0.0 1.7962786299903286e-06 0.0 0.0 0.0 0.0 0.0 0.0 0.0 0.0 0.0 1.1274432144851702e-06 6.177697287303341e-08 0.0 0.0 0.0 9.100258991361448e-07 0.0 1.4762552004123965e-06 0.0 8.697809726389565e-08 0.0 0.0 9.006435942968172e-08 0.0 0.0 0.0 0.0 0.0 0.0 0.0 0.0 4.425061585157562e-06 1.0849075688312353e-07 2.819186428624051e-07 2.1130316752550586e-05 1.3236243063729467e-06 1.4910122593106546e-05 3.297050382971677e-06 7.809835294750567e-06 1.7374696522954408e-06 0.0 6.81138787879413e-07 2.448846917757332e-06 0.0 9.123136310359893e-08 0.0 1.8886845392535989e-06 0.0 0.0 5.2306946085818595e-08 2.4026417716821436e-07 7.861551149204176e-08 7.523725902171417e-06 2.9817300717372677e-06
0.0005784346397796513 0.00031495898433168534 4.963209105605758e-05 0.0006406349338174288 3.872695146287174e-05 0.00022942963887775762 0.0005465901749137491 4.8021804018453015e-06 2.1537352920083034e-05 0.0 1.0292062121889864e-05 0.0007210421883102592 0.002766287461071622 0.00039456514498864326 1.0789935030482286e-06 1.3486260888128142e-07 0.0 0.0 0.0 4.919243339095438e-08 0.0 0.0 0.0 0.0 0.0 0.0 0.0 0.0 0.0 0.0 0.00012024579458803384 1.9017558982057413e-05 6.372553034005115e-05 0.0 0.0 0.0 9.839755777452092e-05 5.6649991836592043e-08 4.988710410116023e-07 4.678666429246179e-08 0.0 5.0116928575785385e-08 0.0 0.0 0.0 0.0 8.93483911660084e-06 7.156291120166406e-07 0.0 0.0 1.3927694666697844e-07 0.0 4.628943842236276e-07 0.0 1.1705787614757788e-06 1.237385558571674e-06 3.951849874884294e-05 8.84684074607249e-05 7.88665257558554e-06 7.039437260486196e-06 6.673740082015985e-08 2.438755386088899e-06 0.0 2.5020549506260703e-05 9.39193847249808e-07 8.84581255860479e-07 2.6722323804045993e-07 3.921145320681351e-07 3.085093080494225e-07 9.175156821087306e-08 1.7019369573028787e-05 1.0204205943438371e-05 8.12355439573423e-07 3.9776542247799464e-05 4.0747392096996244e-05 2.6059811681485485e-05 3.853193376899825e-06 3.121335738316519e-07 6.761868587457592e-07 3.347425993126521e-06 2.5522034856639994e-07 1.7200002347560197e-06 3.845163954753849e-06 3.4440398423507233e-07 4.158696652934343e-07 1.354221335885725e-06 1.0539471516815655e-07 4.63062025431407e-08 1.8171998397768575e-07 3.856698632259438e-07 4.8797699832085745e-08 0.0 1.771055743230177e-07 1.865804976433227e-07 5.520472720975536e-08 0.0002140185821710308 2.0052715787693166e-05 4.957847619495665e-07 7.02995017862479e-06 0.000265288076298481 1.1729947122541892e-06 4.515040716525775e-06 2.2135421172516036e-05 2.1297661258810386e-05 1.7004221913056353e-05 6.84580662568774e-05 6.078486450746384e-06 3.273264467821207e-05 9.660147413062844e-05 5.8515500408879716e-05 2.270225870160069e-05 3.059176901757822e-05 9.836364016227573e-05 3.3456336781843095e-05 8.54667566433027e-05 1.510261355763174e-07 2.386837662005379e-07 0.0 0.0 0.0 0.0 0.0 0.0 0.0 0.0 0.0 0.0 4.8906052100549856e-08 0.0 0.0 0.0 5.65881448051103e-08 0.0 1.301470819321631e-07 2.2972428696233737e-06 8.901872219140399e-06 0.0 4.774661051203592e-07 0.0 2.578483070623168e-05 1.0011556684710591e-06 1.0378511991707248e-05 2.859777488308194e-06 9.591248523373997e-07 0.0 4.1591564336743394e-08 0.0 0.0 1.8333340345828506e-07 5.692984441620965e-08 0.0 5.335769342577953e-08 4.075644355299587e-08 0.0 0.0 1.3546320634343216e-07 5.002735513688343e-07 5.7272804487517836e-08 0.0 0.0 3.994082442036195e-08 2.7939788464866495e-07 3.5303753853858374e-07 1.5265296662387906e-06 1.3846819754937032e-07 3.249760548370635e-07 2.1422926946691844e-05 3.631932658171721e-07 0.0 0.0 0.0 3.527319833843049e-08 0.0 0.0 0.0 0.0 2.6395886490592363e-05 9.550113725486348e-07 0.0 0.0 0.0 1.642956414077314e-05 9.048697450354054e-07 1.1043500070386453e-05 1.4461087296666654e-07 8.43120789523208e-07 2.961615255731174e-07 0.0 3.190198836004311e-07 0.0 0.0 0.0 0.0 0.0 6.19247474707111e-08 0.0 0.0 6.294777860520728e-05 3.4726389613304494e-06 7.216147486226869e-06 0.00011620473141814254 2.993308240188938e-06 4.930687576046606e-05 8.027530658159768e-06 0.0004982125121967455 1.079742059277176e-05 5.431906771635703e-07 1.2918864083048991e-06 4.857109490062127e-05 1.888736262052411e-07 1.2543038170748309e-06 3.862232627048847e-07 5.6078875024822796e-05 3.7463054996168944e-07 9.396213831873559e-08 6.154391952513861e-08 7.372574839105927e-07 0.0 0.0005059351425282907 0.00013679188971129803
4.02418697730457e-05 0.0006623099962698066 0.0020126916015006787 2.8773879523587618e-06 0.000520700126913106 3.149710218280575e-07 0.00015268773114711086 0.0003858410574851932 0.00043858900813415673 1.0292062121889864e-05 0.0 3.0959377422063315e-06 0.00011940426050502086 0.0009136384837740404 2.2517269418386937e-06 5.872879417765457e-07 1.0308377458006944e-07 0.0 0.0 0.0 0.0 3.0515209086897847e-07 0.0 0.0 0.0 6.728148708640473e-08 0.0 0.0 0.0 0.0 0.0007125864961748453 0.00017653949722315647 0.00017283829443326846 0.0 0.0 0.0 1.8921459937899162e-05 5.638081089433375e-06 1.7418170944503208e-06 3.4779461881767583e-07 1.7899941071796615e-07 0.0 5.9537395284117485e-08 0.0 0.0 0.0 1.1440541545414556e-05 1.0204208362981293e-07 0.0 4.6478371945772316e-08 8.492425676591858e-07 9.19047563668741e-08 1.0021911686355175e-07 9.262750357478872e-08 3.4913791795834e-07 6.65902297565125e-07 5.337872824256812e-06 5.320414264923138e-05 3.7686708791532955e-06 5.014673815559258e-06 5.002933436354384e-07 9.424914245896278e-05 0.0 8.35479834455105e-05 5.137839850451985e-07 8.770032001222736e-07 3.6925353484665746e-07 9.662817285070993e-07 1.4650052956742645e-06 6.276176806874658e-07 6.679957134723356e-06 7.362561648587686e-08 0.0 2.249651588697994e-05 3.413128131005564e-05 3.456003144588175e-05 9.264043099661933e-06 5.563551939249733e-07 2.7161853547644578e-05 0.00026204458525553453 1.2671612039515063e-06 3.9781765780763756e-05 1.80236568295444e-06 9.951181282763318e-08 3.82417287897585e-07 7.417278868312099e-07 4.585164950272413e-08 4.1262895113218844e-08 4.239907326964197e-08 0.0 3.0106579038707665e-07 4.8076436114872696e-08 1.968172559550168e-06 3.584199232816905e-07 5.036914564980479e-08 3.0117623447880754e-05 3.959385243599968e-06 0.0 1.9530532075540576e-06 4.204007375769469e-06 3.716778796817939e-07 6.245351086625595e-07 2.919913156130538e-06 1.5999067726877775e-06 9.766466617671106e-07 2.750342933964869e-06 1.4718363445695972e-07 2.6038376129590243e-06 6.244095009303834e-06 4.6854378647942105e-06 1.8603952772132616e-06 2.791673897308617e-06 9.390741366466143e-06 4.2906741190862755e-06 1.3416005519210284e-05 0.0 1.436262034790492e-07 0.0 0.0 0.0 0.0 0.0 0.0 0.0 0.0 0.0 0.0 0.0 0.0 0.0 0.0 0.0 8.313839416344659e-08 0.0 3.3878296700250286e-07 9.038815476109033e-07 0.0 1.9572350428095915e-07 0.0 7.709847784915954e-06 2.849522394186598e-07 2.2751043526490696e-06 7.084005923700292e-07 1.1087555773605032e-07 0.0 0.0 0.0 0.0 4.424643146160717e-08 0.0 0.0 0.0 0.0 0.0 0.0 0.0 6.91481103819912e-08 6.069007093850225e-08 0.0 0.0 0.0 9.148959524242203e-08 0.0 1.513959640634988e-07 0.0 3.569895814223668e-07 4.352283457510029e-06 0.0 0.0 0.0 0.0 0.0 0.0 4.116642766661687e-08 0.0 5.0210675726226115e-08 4.293593490237758e-06 0.0 6.193923093573844e-08 0.0 0.0 4.188046087042584e-06 1.3843392519698874e-07 3.087061601690986e-06 4.898155130158611e-08 2.092569472698226e-07 9.535908305139915e-08 4.763937407188535e-08 2.1437831199294722e-07 0.0 0.0 0.0 0.0 0.0 0.0 5.547217794227762e-08 0.0 1.0629409782914955e-05 1.0559197110819453e-06 2.563404810305717e-06 9.470193339966211e-05 3.7150161699377088e-06 4.903055470311747e-05 1.649039474457681e-05 1.8578131923725224e-05 6.91817820727049e-06 2.889536058338333e-07 4.028884718247743e-06 7.840652059987424e-06 0.0 1.3675878709640348e-07 1.9103032093211172e-07 5.169895610902407e-06 0.0 0.0 0.0 2.3893837578347923e-06 1.652313430300092e-07 1.552905733175336e-05 4.394909582579762e-06
2.5085663572881093e-05 8.83211675955498e-06 2.3550991793271e-06 9.098536541059008e-05 3.5903753188778607e-06 2.9347589436552256e-05 5.182217805360626e-05 6.202942744073503e-06 2.1607033958448133e-06 0.0007210421883102592 3.0959377422063315e-06 0.0 0.0006742314913940883 0.00017004227624664513 1.9306094057654657e-06 5.197300658416602e-07 0.0 8.017865111353183e-08 0.0 0.0 0.0 6.28664160034816e-08 0.0 0.0 0.0 0.0 0.0 0.0 0.0 0.0 2.474718759045557e-06 2.9443241544499342e-06 9.851167193776627e-05 0.0 0.0 0.0 0.0003197431976471015 3.3740187568277194e-06 4.3700065249254225e-06 1.4143446931007206e-07 3.04952492094992e-07 1.105656433494138e-07 0.0 0.0 0.0 0.0 4.250961640718712e-06 1.5564378931087964e-07 8.294370206029997e-08 1.1904356629925391e-07 1.2701838720136176e-06 3.2206400652009235e-07 0.0 0.0 1.0285271498960959e-07 2.8915484016476644e-07 3.2007642736772797e-06 3.97313753357019e-06 7.186461096974375e-07 2.7126687684420395e-06 4.988359339844978e-07 1.1915334799042141e-05 0.0 5.510362728464954e-06 0.0 1.938787988001574e-07 1.6518884220414613e-07 3.648220443264452e-06 2.419714735624502e-06 0.0 5.537773855249698e-05 2.470431031615478e-06 0.0 7.30417159988088e-06 9.603719611299529e-06 1.229344135019715e-05 3.816120782063114e-06 4.726903126287073e-07 6.242635115904226e-07 1.0699349830646351e-05 1.2964441513181663e-07 5.822892820099417e-06 4.1565873927381746e-07 0.0 0.0 9.684074219954818e-08 6.281386190919664e-08 0.0 5.368217913794064e-08 1.0490740030005909e-07 2.791082525198665e-07 0.0 4.06255229303507e-06 6.23506927953362e-07 0.0 0.00030934903791036836 1.450859710691852e-05 2.936384120222041e-07 1.1293909360609351e-05 3.638301007331003e-05 2.4703803563841317e-07 1.0472385600437372e-06 6.362415057926198e-06 7.81924035545865e-06 5.246712128026907e-06 1.5501472335803292e-05 9.714193001126952e-07 1.2539553180750288e-05 4.02222145755756e-05 3.389137337003155e-05 1.1182892293404922e-05 1.618062677407946e-05 7.750880778507653e-05 3.080589382162369e-05 6.202790557865096e-05 4.771519903261095e-07 3.745029798991025e-07 0.0 0.0 0.0 0.0 0.0 0.0 0.0 0.0 0.0 0.0 6.6472082394318e-08 0.0 0.0 0.0 0.0 0.0 4.821613768456385e-08 1.3998198559169592e-06 4.05566600354179e-06 0.0 5.485989976495808e-07 0.0 2.8684516412578053e-05 2.7961466285324084e-06 1.0576663483654724e-05 1.6183462681137918e-06 9.192898491273345e-07 0.0 0.0 0.0 0.0 3.2299086380059623e-07 0.0 0.0 0.0 4.1418796468956323e-07 0.0 0.0 5.194523658442225e-07 4.393932861087885e-08 5.689970150719327e-08 0.0 0.0 0.0 2.4061247645434833e-07 2.5450208562308903e-07 1.4950905851007418e-07 2.400296335711182e-07 2.1555909286866487e-07 1.4372166627465903e-05 5.994199287341427e-08 0.0 0.0 0.0 0.0 0.0 0.0 0.0 1.4910821188815498e-07 2.6943640256742524e-05 4.2780741296737007e-07 6.099066197469308e-08 0.0 0.0 1.2962014049298882e-05 3.8998761529129266e-07 8.461638212830797e-06 7.91304888997365e-08 5.571242368563767e-07 4.1188151850382944e-07 1.3202140653824834e-07 5.408539562780747e-07 0.0 0.0 0.0 0.0 0.0 0.0 0.0 0.0 5.829585350500444e-05 5.898822736947345e-06 6.906787195194714e-06 4.6386264968333515e-05 1.2636409751356317e-06 1.8130555621804477e-05 7.201561788752592e-06 5.7480570097467815e-05 3.5966743319120554e-06 0.0 8.260896437982349e-07 1.8183369022829765e-05 9.646652068751015e-08 1.2174824390541723e-06 4.4418783681657803e-07 1.521055351367909e-05 5.9913255732352e-08 0.0 1.859282720013568e-07 3.250905776158263e-07 1.606141117016832e-07 0.00027868124769226494 5.4423729691875354e-05
