0.0 0.0011573289132824694 0.00046687853015188257 0.0007642911600570048 9.09100096539638e-05 7.250116564541835e-05 0.00035097828200035807 3.9487768317096234e-05 4.1422815340839594e-05 0.0004216582303344954 6.322754585914671e-05 2.1718075871527728e-06 4.3764795117907153e-05 1.0388969064281517e-05 1.7781166376586946e-07 1.969057810001324e-07 1.1841485722811643e-07 0.0 0.0 3.5875970310761857e-08 0.0 0.0 0.0 0.0 0.0 0.0 0.0 0.0 0.0 0.0 0.00040866726789300876 4.03116968944761e-06 1.3723021815510986e-06 0.0 0.0 0.0 1.0058289668510297e-06 1.1783878628044317e-06 0.0 0.0 0.0 0.0 3.2604352995415046e-08 2.573329396779058e-07 5.0004416121912396e-08 2.1265019869755314e-07 1.0518896631410896e-06 1.8273262069991216e-07 0.0 1.5264639003989622e-07 0.0 0.0 7.810124998776847e-08 0.0 1.1859029110467825e-06 1.3901999563676816e-06 5.8076366894732834e-05 0.0004935038265886682 1.7423319735695245e-05 1.6564811124588899e-06 0.0 7.189718651064973e-07 0.0 4.123030140251792e-05 6.471231315296431e-07 4.434276463279078e-07 8.286371636285802e-08 6.032950808287045e-08 1.258475566463511e-07 0.0 2.4158166703397525e-06 1.6035177503464346e-06 1.0100356766131794e-07 2.2086506111755653e-05 8.657670150257253e-06 4.002539801737205e-06 7.952651337499298e-07 4.30960275606436e-08 3.4173291372232366e-07 3.874291872349688e-07 1.7141504539659695e-07 2.4535144336940065e-07 1.8319846398430666e-06 0.0 5.692352672035259e-07 4.586852795272039e-07 6.274219628149252e-08 4.347478340803322e-08 1.8982358776898577e-07 1.7642512280533578e-07 0.0 0.0 0.0 0.0 3.752765764066113e-08 8.308301768909551e-05 1.8850849392299135e-05 1.6554684715015482e-07 4.118387570963404e-07 0.0005369198034220361 9.095075652035487e-07 1.2150821523811615e-05 1.0943174241170408e-05 4.830485784996346e-06 4.7795867736746293e-08 5.127030086132158e-06 2.4574770987223115e-06 3.7794503216141964e-06 3.1555106438609335e-06 1.1376555235320095e-05 3.7888453034589605e-07 9.333635595713246e-06 3.879453782813074e-06 7.596560392788365e-06 3.4969598053712274e-06 0.0 1.920778347692057e-07 0.0 0.0 0.0 0.0 0.0 0.0 0.0 0.0 0.0 0.0 0.0 0.0 0.0 0.0 1.168945090691268e-07 0.0 0.0 4.36829954052399e-06 0.0 0.0 0.0 0.0 2.592415209100628e-06 0.0 3.6085671515789945e-07 2.187407508007428e-07 4.565199031138911e-07 0.0 0.0 0.0 0.0 0.0 0.0 0.0 9.527465563448447e-08 0.0 0.0 0.0 0.0 0.0 0.0 0.0 0.0 0.0 1.5060915361678617e-07 8.262480944535761e-07 4.202712273252695e-06 0.0 0.0 0.0 5.010772158493075e-08 0.0 0.0 4.067321119397846e-08 0.0 0.0 5.74262808992189e-08 0.0 0.0 6.216015178164696e-07 1.5379960367620475e-07 0.0 0.0 0.0 0.0 0.0 0.0 2.1535263641514277e-07 4.5106097170537976e-08 0.0 0.0 0.0 0.0 0.0 0.0 0.0 4.2187821188923e-08 0.0 0.0 0.0 1.9914765269322835e-06 1.5960618144488513e-07 6.516488492773215e-07 0.00023586239640302687 1.558063732247663e-06 1.866492839468295e-05 2.645984681758036e-06 0.0003296521235537297 3.115114724816883e-06 1.4023772844919151e-06 1.984999182467007e-06 1.1118268282679212e-05 0.0 3.5914285204404057e-07 0.0 4.377868772517602e-05 0.0 0.0 0.0 0.0 0.0 0.0001496406278682358 3.287411307388039e-05
0.0011573289132824694 0.0 0.0011018570153724175 0.0007218005397028239 0.0009986682553195156 8.477913469151557e-05 0.0013471131411548446 2.8977569773676896e-05 0.00029594402953680743 0.00046515577982970903 0.00013417441945828913 2.13596489078939e-05 0.00017545143146587588 4.542333535510843e-05 4.772123044980073e-06 1.6121971152640172e-06 2.9571401656379455e-07 4.968935081038893e-08 3.706753092507069e-08 3.481944473861322e-08 0.0 0.0 0.0 0.0 0.0 0.0 0.0 0.0 0.0 0.0 0.0005586390641288034 1.1940894080868422e-05 1.0133072168026656e-06 3.559641066052602e-08 0.0 0.0 5.667850433909595e-07 2.2024620441349062e-07 7.568642694531887e-08 0.0 0.0 0.0 0.0 4.2110290571584214e-07 9.18233350634243e-08 1.7499866149924104e-07 1.032079265388739e-05 1.631898311744045e-06 2.3202706242262106e-07 1.766987437642884e-07 7.101487344993091e-08 0.0 0.0 1.1680546263525708e-07 2.9163436579578242e-06 5.554722791988421e-06 1.8465941727107513e-05 0.0003824730938688995 3.2341870664343486e-05 7.194871306425061e-06 3.5987228067037763e-07 1.1943783613584227e-07 1.4151843946303047e-07 8.206030379508253e-05 3.7252982494592478e-06 2.211273794050072e-06 3.418030859155332e-07 3.662200876248536e-08 1.433647955506769e-07 4.888747015039645e-08 3.974148973345002e-06 3.23581289932468e-07 3.1927789519119284e-08 5.696421436333763e-05 2.639639148473937e-05 3.693867243651857e-05 1.1594608933527472e-05 5.479565133774823e-06 1.2173556916442068e-06 1.8054617812897463e-06 2.1156144377068454e-07 1.0161684103921696e-06 9.516779118319336e-06 2.313084067365235e-07 2.2523461871044196e-06 2.4570788084368928e-06 6.884740476626577e-07 8.434259548900131e-08 2.2141510853492462e-07 0.0 4.493651591279875e-08 5.3713719612385114e-08 1.4002903111436784e-07 0.0 0.0 8.801621290537273e-06 1.995907759330387e-07 4.801847456631735e-08 2.824031758331407e-07 0.0004644598410615133 1.12793650231906e-06 6.5415425294126435e-06 8.45225541547154e-06 2.0121874119917004e-06 6.486696376955891e-07 5.498080763862448e-06 1.8697843389050507e-06 4.377889067725124e-06 3.643176150693771e-06 1.771381353155984e-05 8.965246759732442e-07 1.622500361787653e-05 7.06801714314872e-06 8.985174150937087e-06 3.5226415292864315e-06 1.6393599025097436e-07 8.236848812549064e-08 0.0 0.0 0.0 0.0 0.0 0.0 0.0 0.0 0.0 0.0 0.0 0.0 0.0 0.0 0.0 0.0 0.0 2.5945866198412913e-06 4.584568851730369e-07 0.0 0.0 0.0 1.8254282012650004e-06 1.6984500658799745e-07 8.231091336188418e-07 3.9518145611499887e-07 3.4899751269934687e-07 0.0 0.0 0.0 0.0 0.0 0.0 0.0 1.857418712619174e-07 0.0 0.0 0.0 0.0 1.0403998503653884e-07 0.0 6.599941882617569e-08 4.8121678223199424e-08 1.0278342891679873e-07 1.9517362363208675e-07 4.4773800090686387e-07 2.2857345059648757e-06 0.0 0.0 0.0 6.499652349260767e-08 0.0 3.2655178937696225e-08 1.5876460873187963e-07 4.808573448702229e-08 0.0 0.0 0.0 0.0 3.2520372033832336e-06 0.0 0.0 0.0 7.00000020126946e-08 2.0759113711208958e-07 0.0 0.0 3.7516377520760864e-07 5.032550712269014e-07 2.398414361308188e-07 1.748939831959e-07 1.0208844161487001e-07 0.0 1.261438032478342e-07 0.0 0.0 2.636037133225936e-07 0.0 0.0 0.0 3.4477911250771733e-06 1.3362547326864214e-06 1.5230921274407527e-06 0.0002059360472853742 9.077105897195518e-06 8.11782826372367e-05 1.0042208118250057e-05 0.00020022949495567793 5.386164837085531e-06 1.2934327734147232e-06 1.128383209134868e-05 5.536608895084646e-06 4.1791668832366533e-08 5.5108250195093e-07 2.130949711967713e-07 2.1270757734552073e-05 2.2299954828425669e-07 0.0 0.0 1.4088854268559353e-06 4.034626232981965e-08 6.893286151885515e-05 2.249913462224163e-05
0.00046687853015188257 0.0011018570153724175 0.0 2.765165798913073e-05 0.0004023140681780278 1.5181931044845212e-05 3.319992716056866e-05 0.0003630806634765631 0.0003149994603313063 4.7322972594264225e-05 0.00029725065004265375 2.0301407266831782e-06 3.5257028604742217e-05 0.00021243122895081652 1.3687144635866722e-05 7.960030199981643e-06 3.667689090803884e-07 2.5989646446505315e-07 0.0 1.630564531042382e-07 1.546574153934579e-06 4.4073539230898134e-08 3.6905211838386385e-08 4.108823779119509e-08 5.3346773276804436e-08 1.7126505719254074e-07 0.0 8.92294319422167e-08 1.3488261986397268e-07 0.0 0.001816088476925014 0.0004216972220415015 1.3700162648214048e-05 1.2360130914041562e-07 0.0 7.144505990635059e-08 5.217018232932582e-06 6.584342128354772e-07 0.0 0.0 2.950877144684788e-07 1.8518241569269255e-07 3.250001558837891e-07 7.829392828129957e-07 1.4854404082254093e-07 9.305507238965555e-07 1.87512752414069e-05 1.5504910833274167e-06 5.760662183154959e-07 1.5885965494071437e-06 1.00146206359092e-06 4.2626685847202245e-08 0.0 2.854611082384963e-07 2.8465851586106016e-06 5.938922395502193e-06 1.4074014395297779e-05 0.0006406397762480633 3.711630619251876e-05 8.996874745605379e-06 4.714458056456577e-07 1.1165740706150916e-06 4.802137696671178e-07 0.0003227126494358521 3.894231665392752e-06 2.8842643315473632e-06 5.83114041178026e-07 2.73174455749066e-07 3.5055617266694426e-06 7.738550472315487e-07 1.7447167668868048e-05 3.858983437888386e-07 5.791799219733284e-08 6.643463168600629e-05 3.588168870590631e-05 4.6670214061186466e-05 2.843114397078056e-05 1.3674462580684106e-05 3.465836478068914e-05 3.181548283879607e-05 1.357185679422002e-06 2.5834652005908235e-05 9.952220511330657e-06 3.8356831600281026e-08 2.5945375431135336e-06 1.961915501789219e-06 7.591449953039457e-07 1.2714164838003563e-07 3.444085856811739e-07 1.6733784229490383e-07 4.4062957562793444e-08 0.0 2.491370519472837e-06 1.6624797984067382e-07 5.7609390032946175e-08 1.8899428035077634e-05 1.1808797314968074e-07 0.0 0.0 0.00035659588613602103 1.2035873187119206e-06 5.928015833166294e-06 5.1370324403009585e-06 2.272798527768157e-06 1.5852506475476882e-06 4.497451678078603e-06 1.5335620031526787e-06 7.151672581153182e-06 3.3452737001693124e-06 1.6510906691232913e-05 2.5796622659968103e-06 2.443981811187e-05 7.146143116602435e-06 1.1456518670707185e-05 6.545627522226277e-06 6.263840430854411e-07 2.653208095525381e-07 0.0 0.0 0.0 0.0 0.0 0.0 0.0 0.0 7.627888312787187e-08 0.0 0.0 0.0 0.0 0.0 0.0 6.524928036369093e-08 0.0 3.0902195736208153e-06 2.258171663794036e-06 0.0 0.0 1.4114882765769982e-07 3.8243682810448815e-06 1.5111893087653887e-07 2.5091352228716764e-06 1.3046327163551135e-06 6.815907157510525e-07 0.0 8.083364030466665e-08 0.0 0.0 0.0 4.8027936366922865e-08 0.0 1.3607745061478032e-07 3.4624182111737743e-07 0.0 0.0 3.4294168265869894e-08 0.0 1.7455175415619533e-07 2.3364244198228013e-07 0.0 1.6588853939386826e-07 0.0 5.665669376266257e-07 1.7187898274671887e-06 5.658993423454263e-08 0.0 1.2339093755740523e-07 1.2615026886299858e-06 1.0391773129203393e-07 1.6717817325279734e-07 8.563008216396513e-08 1.1843466623420978e-07 0.0 1.0262129184714597e-07 0.0 0.0 4.3166074285502755e-06 4.14937791415445e-07 0.0 0.0 0.0 5.285075218558781e-07 0.0 0.0 6.192089162770396e-07 6.097557167474932e-07 1.0576685157053219e-06 4.6809514357807255e-08 5.613022708363506e-08 4.159431609466281e-08 9.631931924923885e-08 0.0 4.7822374352593336e-08 1.6788904848205526e-07 0.0 0.0 0.0 4.6421202893914955e-06 2.0106651665365345e-06 4.305998747884115e-06 0.00026063447103271575 1.0280133908419866e-05 0.00010035398149074269 1.629889087125082e-05 0.00011693035200488884 5.048142365231388e-06 1.0369637698644265e-06 1.4397838440419699e-05 7.013478880213399e-06 6.287230236413938e-07 2.1329280427433627e-06 8.226673813683333e-07 2.029100219535315e-05 6.451730534993299e-07 0.0 0.0 1.5137101490161234e-06 4.906255510956387e-08 4.0690774622018315e-05 1.6233364992869948e-05
0.0007642911600570048 0.0007218005397028239 2.765165798913073e-05 0.0 9.506727776580275e-05 0.00015656747460391092 0.0004591490587878217 1.74470671738714e-06 6.925653358592579e-05 0.0004340509166111856 6.137854118614375e-06 1.400009983319869e-05 0.0002869147309528264 5.12981055115763e-05 8.838693063384691e-08 6.01428203092011e-08 0.0 0.0 0.0 0.0 0.0 0.0 0.0 0.0 0.0 0.0 0.0 0.0 0.0 0.0 5.1221943397001716e-05 4.3138032155467496e-07 2.3769966208193797e-06 0.0 0.0 0.0 0.0 0.0 0.0 0.0 0.0 0.0 0.0 0.0 0.0 0.0 6.814563964368805e-07 4.582139633917256e-08 0.0 3.334914509322768e-08 0.0 0.0 0.0 0.0 4.0740321490513424e-07 7.170946525044536e-07 7.575565801792433e-06 8.4329799228929e-05 4.8909625787931115e-06 5.983899717165435e-07 0.0 0.0 0.0 1.5076851520436108e-05 2.2111577381397423e-07 1.9962118203240887e-07 0.0 0.0 0.0 0.0 2.1178025292286873e-07 0.0 5.545747979493273e-08 7.88771693426003e-06 3.5820111998613133e-06 2.1264996176690875e-06 6.576919844012783e-07 4.417489186712048e-08 0.0 0.0 0.0 8.053567842403887e-08 1.2934214698485608e-06 8.537228126158419e-08 1.3134448642397208e-07 1.1774127698011726e-07 4.216566755666073e-08 4.9364598490746296e-08 0.0 0.0 0.0 0.0 0.0 0.0 0.0 3.8807182582162025e-06 1.7618620539871825e-07 0.0 0.0 0.00014116183807469235 2.2506769983741828e-07 3.1381593242784753e-06 2.6306561729776796e-06 9.370886368428524e-07 0.0 1.1223642236604512e-06 1.0250124945532255e-06 2.374974652231677e-06 1.038483596652597e-06 5.9475902193059625e-06 7.479518764597207e-07 2.7992511822291412e-06 1.3056291793918892e-06 1.4325638774921005e-06 6.272946064234684e-07 1.2970347331321045e-07 0.0 0.0 0.0 0.0 0.0 0.0 0.0 0.0 0.0 0.0 0.0 0.0 0.0 0.0 0.0 0.0 0.0 0.0 1.3409126410745126e-06 1.5193864920562206e-07 0.0 0.0 0.0 4.685844917398109e-08 0.0 1.2465372853173414e-07 0.0 0.0 0.0 0.0 0.0 0.0 0.0 0.0 0.0 0.0 0.0 0.0 0.0 0.0 0.0 0.0 0.0 0.0 0.0 6.114546266994559e-08 2.7862741453091564e-07 8.657493350018944e-07 0.0 0.0 4.714634458725446e-08 0.0 0.0 0.0 0.0 0.0 0.0 0.0 0.0 0.0 2.0967505010616862e-07 0.0 0.0 0.0 0.0 0.0 0.0 0.0 4.621739752904184e-08 4.1753186112851195e-08 0.0 6.275211158215972e-08 0.0 0.0 0.0 0.0 0.0 5.000127555685978e-08 0.0 0.0 0.0 1.1499452829596173e-06 0.0 0.0 3.2330032147040804e-05 6.253134312460721e-07 8.2254513225138e-06 8.899628570951273e-07 0.00010468307470149994 7.646516305998925e-07 1.474989082825528e-07 1.1230019372981344e-06 1.5705494003083563e-06 0.0 1.3540298804693332e-07 0.0 1.1040433678387544e-05 0.0 0.0 0.0 3.7240601356753473e-08 6.841927664481972e-08 6.630387763815232e-05 1.3454719301668892e-05
9.09100096539638e-05 0.0009986682553195156 0.0004023140681780278 9.506727776580275e-05 0.0 1.0908664629524921e-05 0.0005536154072345355 3.59056981252065e-05 0.0011663082460317692 0.0003880729207188507 0.00029181201761157416 1.7288950477901037e-05 0.0001926728177769762 0.00019995661228248556 4.91444086931024e-06 2.87924718015467e-06 5.042278319441291e-07 0.0 8.178203233490952e-08 0.0 0.0 0.0 0.0 0.0 0.0 0.0 0.0 0.0 0.0 0.0 4.037676049895741e-05 7.900939453539906e-06 1.1818514679826034e-06 4.884420562751017e-08 0.0 0.0 1.9038978012790165e-06 0.0 5.716613845570343e-08 9.026701540294764e-08 4.2677237221418904e-08 3.76088094714172e-08 0.0 2.460975219265718e-07 1.2124967994328843e-07 6.815766572491417e-08 8.567670406812397e-06 7.913327884400312e-07 1.1736869737166217e-07 3.443491062173086e-08 0.0 0.0 0.0 0.0 1.5593092316039959e-06 2.403463880882151e-06 4.562763374858939e-06 9.871593527610538e-05 1.1076316528325091e-05 3.703963613627991e-06 3.843502796805043e-08 3.1678667435604815e-07 3.5587485655911793e-08 4.1648778771169464e-05 1.607672202710326e-06 1.5742688134566655e-06 1.373036530807356e-07 0.0 5.9150626960080616e-08 0.0 6.979209660620986e-06 3.472664998790758e-08 0.0 2.2803070749174475e-05 1.1585047992255391e-05 1.849926504429247e-05 9.008516736959583e-06 5.039287964715188e-06 4.347463409236666e-07 2.1829962049317607e-06 1.944421681381273e-07 3.5172620097492557e-07 3.087148323121813e-06 4.177393913948096e-08 1.069607355242724e-06 9.260674099471566e-07 2.6844622400107776e-07 8.731705611770733e-08 1.081943510194664e-07 0.0 0.0 0.0 0.0 0.0 3.900035435780098e-08 1.5221546212630097e-05 5.809998022954722e-07 0.0 0.0 2.2472484151238998e-05 8.602118740418945e-08 3.740165520911618e-06 4.389857347746117e-06 2.1693064355917888e-06 7.385840953635507e-07 7.175209539770119e-06 2.0880600608704893e-06 6.61169771482738e-06 4.4323643219171865e-06 1.63324396674324e-05 2.2957503232239407e-06 2.440107502161859e-05 9.798097176481206e-06 1.2748363583069392e-05 6.883819701824574e-06 1.0879310992736571e-07 0.0 0.0 0.0 0.0 0.0 0.0 0.0 0.0 0.0 0.0 0.0 0.0 0.0 0.0 0.0 2.9028799321757816e-07 0.0 0.0 3.4780822236187713e-06 7.120723089988099e-07 0.0 0.0 0.0 3.664307004575566e-06 2.2104059460988017e-07 2.6510780026508766e-06 4.2536616415914564e-07 1.9909297477695434e-07 0.0 0.0 0.0 0.0 0.0 0.0 0.0 9.28678166611471e-08 2.256314621147114e-07 0.0 0.0 0.0 0.0 0.0 1.2778306405903795e-07 6.270328165715657e-08 0.0 3.7043228257822485e-07 5.582232121151992e-07 1.3733864600930053e-06 3.05723543437651e-07 5.403093766093585e-07 4.979225336791034e-07 1.7222731213351108e-06 0.0 0.0 0.0 0.0 0.0 8.996184996691917e-08 0.0 0.0 6.268871137888402e-06 0.0 0.0 3.695249307610422e-08 0.0 3.3967811728322186e-07 0.0 0.0 4.0674055259399286e-07 3.3561279464912957e-07 2.026196812494156e-07 0.0 2.4260641366643116e-07 0.0 0.0 5.058796272502339e-08 0.0 0.0 0.0 0.0 0.0 7.538838118260488e-06 1.4335345311308108e-06 3.0589256877218543e-06 0.00011267323084270483 3.7205411880644847e-06 4.304805243698114e-05 7.019390969244715e-06 3.905861347459569e-05 1.635901979964997e-06 2.917006767598958e-07 7.93787389916458e-06 4.753600553775872e-06 2.1256565949898982e-07 1.3968554769966278e-06 7.774368092284988e-07 1.6923676681397978e-05 1.332363436844686e-07 3.9594837407976386e-08 0.0 5.882820384143479e-07 0.0 3.694469862554839e-05 1.4555574341334912e-05
7.250116564541835e-05 8.477913469151557e-05 1.5181931044845212e-05 0.00015656747460391092 1.0908664629524921e-05 0.0 7.02428909723246e-05 4.5623175164275994e-07 1.1561366475095e-05 0.0002354180566662689 3.604219394042575e-06 9.650729409927361e-06 3.9671324074343384e-05 1.265418726139369e-05 0.0 0.0 0.0 0.0 0.0 0.0 0.0 1.640356800536374e-07 0.0 0.0 0.0 0.0 0.0 0.0 0.0 0.0 3.646149176781466e-05 5.844258255841831e-07 1.5646744705167817e-06 0.0 0.0 0.0 1.8702734094136902e-06 7.256928964416252e-08 3.728188158549253e-07 0.0 0.0 0.0 0.0 0.0 0.0 0.0 0.0 0.0 0.0 0.0 7.947435562334717e-08 3.425616113526271e-06 1.8703697488689587e-07 1.6271010245853118e-07 0.0 4.764015679381717e-08 8.580216448996943e-05 2.661376974550802e-05 2.3551862294880958e-06 0.0 0.0 6.22831629021051e-07 0.0 2.3207219030630476e-07 1.5064097266192656e-07 1.4294099203049878e-07 2.1041905243516644e-07 1.4401447912195922e-07 1.1794185666383775e-07 0.0 3.067260918282467e-05 8.274079880223913e-05 5.749758832339908e-06 1.0125253765263486e-06 2.694293905394477e-07 4.130670419605379e-07 0.0 0.0 0.0 7.876400731797035e-07 0.0 6.681816845444699e-08 8.808082117728196e-08 2.7741501142397844e-07 5.8495837656811894e-08 4.86886313516064e-07 4.443393295334344e-08 1.3924877901377718e-06 1.9472619399271158e-06 3.97416685111954e-06 1.1832094384392544e-06 2.3709780148041984e-06 0.0 0.0 1.836917517350158e-07 0.00018711456809958338 8.779646932710917e-05 1.0324812678960903e-05 5.211565314256178e-06 0.00015060548461927057 2.1436005126664933e-07 9.361147778533664e-07 1.3893208603808697e-06 1.22668891418466e-07 1.5011272838605886e-07 3.7744541422855773e-07 4.076498109624551e-07 1.2299650973509671e-07 7.939106277869467e-07 2.279229639907423e-06 0.0 1.5257035196221603e-06 6.119974477630187e-07 5.097768525281487e-07 7.219992464158646e-08 0.0 0.0 0.0 0.0 0.0 0.0 0.0 0.0 0.0 0.0 0.0 0.0 0.0 0.0 0.0 0.0 0.0 0.0 0.0 6.995645058160608e-08 0.0 0.0 0.0 0.0 5.351596890523955e-07 0.0 8.280754652393227e-07 3.7300052438302005e-07 4.4912995610282694e-08 0.0 0.0 0.0 4.433539078348942e-08 0.0 0.0 0.0 0.0 1.1495553099270299e-07 0.0 0.0 0.0 2.345892452197901e-07 0.0 0.0 0.0 3.9817950183194403e-08 0.0 1.4698483048480072e-07 4.857430398606981e-07 1.003553525664256e-07 0.0 0.0 0.0 0.0 0.0 6.933089814965747e-08 5.4997124786794286e-08 0.0 4.058743489660755e-08 5.0733042639296914e-08 0.0 8.572477822139175e-07 5.3764252476395164e-08 7.678016420279652e-08 0.0 0.0 0.0 0.0 0.0 0.0 6.299034411113312e-08 4.285867118144914e-08 5.866851320408726e-08 0.0 0.0 0.0 0.0 0.0 4.714869538349232e-08 0.0 4.844164873947111e-08 0.0 1.7888145807111378e-07 9.055645950350632e-07 1.412345382438373e-06 3.009711894969289e-06 3.878731422000622e-07 6.854765850172202e-07 1.9735994434416415e-07 8.765694942848236e-05 3.749658856739136e-07 4.6971339838982286e-08 0.0 6.568390988670075e-07 0.0 2.5665828583792395e-07 1.2603015674939695e-07 2.2722052756467205e-06 0.0 0.0 0.0 0.0 0.0 3.0503380936320488e-05 7.89210229528115e-06
0.00035097828200035807 0.0013471131411548446 3.319992716056866e-05 0.0004591490587878217 0.0005536154072345355 7.02428909723246e-05 0.0 2.3977526862080654e-06 0.0007225532488257803 0.0010029993193027141 2.3472098356330498e-05 0.000216086956801648 0.0006511609973079225 0.0004915399885088456 2.1694265174720535e-06 9.096448091303629e-07 8.538840365153024e-08 8.577372136715855e-08 0.0 0.0 3.2922043671240887e-08 0.0 0.0 0.0 0.0 0.0 0.0 0.0 0.0 0.0 2.0490904849757142e-05 2.8796279073390622e-06 1.776914692818485e-06 3.366350701690047e-08 0.0 0.0 9.346383112241496e-07 0.0 0.0 0.0 0.0 0.0 0.0 2.136745874660148e-07 8.853817444691729e-08 3.2796501280030564e-08 3.999407282454366e-06 3.5990315260994714e-07 0.0 3.659263923468464e-08 0.0 5.3732951717039485e-08 0.0 0.0 7.926969968363051e-07 1.544670462481998e-06 5.788353945829712e-06 9.468601213492578e-05 1.0266158471061482e-05 2.2821008135833177e-06 1.4483148879081043e-07 1.3372460899912102e-07 0.0 2.364631903076143e-05 1.3914881186651864e-06 7.50700163959051e-07 2.935076770632824e-08 4.173664107318783e-08 0.0 0.0 2.4567452853643575e-06 0.0 4.857731004362116e-08 1.6146290833853275e-05 8.261411958509538e-06 1.1667684153393452e-05 3.851884212182135e-06 1.8906660916815652e-06 4.4925671091256944e-07 9.663715738971054e-07 1.0398696254974149e-07 9.701767479176135e-07 2.676966340577152e-06 0.0 6.869079762083385e-07 5.275788462806953e-07 1.266131110258968e-07 0.0 4.259654814582773e-08 0.0 4.7599116580756976e-08 0.0 3.750161069494459e-08 0.0 0.0 1.0950086905589404e-05 3.780837047676796e-07 0.0 1.7944136097033139e-07 4.352725816547722e-05 7.448161888465194e-07 6.401270638217654e-06 8.399099028924692e-06 4.5227213956453e-06 2.2520089311402206e-07 6.883078034866643e-06 3.3672974895023854e-06 5.614703000132667e-06 7.157930607435595e-06 1.778740930779588e-05 1.2985109961490492e-06 2.0637145190477505e-05 8.95302654037449e-06 1.2396279212681848e-05 4.057530654648998e-06 4.00330881444035e-08 0.0 0.0 0.0 0.0 0.0 0.0 0.0 0.0 0.0 0.0 0.0 0.0 0.0 0.0 0.0 0.0 0.0 0.0 1.7604099683850888e-06 3.255943180903835e-07 0.0 0.0 0.0 2.5739816069935407e-06 0.0 1.2300071494553216e-06 3.185707250882888e-07 1.0093392300899638e-07 0.0 0.0 0.0 0.0 0.0 3.4099641419706654e-08 0.0 0.0 0.0 0.0 0.0 1.337084403336585e-07 9.275582682620026e-08 0.0 0.0 1.7412847509187085e-07 0.0 0.0 2.3153503336596053e-07 1.702499367930257e-06 0.0 0.0 2.235791398732247e-07 4.708038655108019e-08 0.0 8.270070005839191e-08 0.0 4.492620572772418e-08 0.0 0.0 0.0 0.0 3.342617553393388e-06 0.0 0.0 0.0 0.0 2.3450657246705863e-07 0.0 0.0 4.979174372022203e-07 1.6279318860587665e-07 3.7086306444629005e-08 0.0 1.3447061043043136e-07 0.0 8.269704429258897e-08 0.0 0.0 0.0 6.626556474669749e-08 0.0 0.0 4.985607486348819e-06 1.395044848692748e-06 1.6427834022402881e-06 7.119817541990548e-05 3.0888028301731842e-06 2.8008561118516662e-05 3.1892951243330493e-06 6.888559093684624e-05 2.2399469894738447e-06 2.4046912957666384e-07 3.905383534241575e-06 4.584136212671576e-06 0.0 1.6469442745608345e-07 3.4153992939337685e-07 1.2813927114295516e-05 4.951401164438423e-07 0.0 0.0 4.184932380686827e-07 5.0399963811720024e-08 5.982163519636293e-05 1.9499495050022078e-05
3.9487768317096234e-05 2.8977569773676896e-05 0.0003630806634765631 1.74470671738714e-06 3.59056981252065e-05 4.5623175164275994e-07 2.3977526862080654e-06 0.0 0.000167949068115397 8.057541798658215e-06 0.00045868387771840814 2.344565634418953e-06 5.234619147534332e-05 0.0006139533256734912 5.016773138472528e-05 3.7215944740419754e-05 2.215619944283552e-06 3.5945574641683365e-06 7.657223349902946e-07 3.906421228763546e-06 1.2409453991053876e-05 1.0159153635278496e-06 9.082921603581084e-07 4.461412487851102e-07 5.12945003958687e-08 2.5363060959926506e-06 1.0947139793790944e-07 1.8656271038401005e-06 8.426563622003946e-08 0.0 0.000527529198059564 0.0007319853527664736 3.7654494681996364e-05 2.129593530831033e-06 3.2122088072734494e-07 1.0205494307698439e-06 2.0098186741191188e-05 2.321281401822754e-06 1.171875774681372e-06 3.732425576744147e-07 4.2140492503375566e-06 1.1209711547670577e-06 3.572762754067075e-06 7.759310551333973e-06 2.5715111515251636e-06 8.43770943493018e-06 3.272808516863107e-05 2.207118113842476e-06 2.5097851316504726e-06 1.1658871050690685e-05 8.223837537916944e-06 1.1199154313038617e-06 5.657592200814864e-08 4.6120576006292385e-06 2.681561243307021e-06 4.0150868218776645e-06 1.019818725864762e-05 0.0002995777930808547 2.3562027113133057e-05 1.218076257892129e-05 4.803053334890844e-06 4.200700460598345e-06 2.535563370867908e-06 0.0003197988053622578 3.4912717114349746e-06 3.1693576759161546e-06 4.0666019361708603e-07 4.664300712092791e-06 2.6815218844377268e-05 1.1209598135634759e-05 3.284553780053455e-05 2.7991387913397185e-06 0.0 5.324255434434562e-05 3.304540967863504e-05 6.513225328143711e-05 6.313636682426947e-05 8.981354413703036e-05 0.0007659261926310758 0.00030486450395998953 3.175424933849852e-05 0.00042113433683178516 8.821411508770897e-06 7.47938246777596e-08 2.7821175241660583e-06 1.410903795208454e-06 4.753809925807726e-06 1.3917162291961856e-07 3.02603058874135e-07 9.643198779176086e-08 2.0549835772905055e-07 5.048891244999824e-07 2.9231453141998264e-05 2.4464320923812075e-06 6.760669955344165e-07 2.125101925851596e-05 4.789543105299764e-07 1.3397280927434698e-07 1.4268784089201504e-06 6.616234402648996e-05 1.0204796658011795e-06 2.6464199122457535e-06 1.8777134913193225e-06 9.22336554406136e-07 6.632411839172952e-07 4.5500645185787955e-06 1.5521100137617079e-06 5.336466274362327e-06 1.9566933251781874e-06 1.1250443007399684e-05 3.2461482366849894e-06 1.8814283632969467e-05 6.80955334090897e-06 1.090766301139561e-05 8.526688868022095e-06 2.495894045303551e-07 0.0 0.0 0.0 0.0 0.0 0.0 0.0 0.0 0.0 3.1831057647470444e-07 0.0 9.874607828990914e-08 0.0 6.000812153579407e-08 4.4413343433538596e-08 1.0791056795709196e-07 5.737572952500226e-08 0.0 2.405425333434418e-06 1.587594212464808e-06 0.0 1.6102932016889572e-07 3.292610357655451e-07 7.709247470197285e-06 4.6962725497335446e-07 5.252778668703832e-06 4.699912316547901e-06 6.847180305808025e-07 5.279557634475631e-08 4.5124596579514524e-07 1.954346206301401e-07 0.0 4.569640616912574e-08 4.794658339192177e-07 1.1709648318841095e-07 1.1814195199715223e-07 5.764104865629605e-07 0.0 2.8501398494304036e-07 2.7321060001248124e-07 2.948338809203785e-07 7.333125767118001e-07 1.8297919824702643e-07 2.1872402065901346e-07 5.183392175148663e-08 0.0 8.929893098091301e-07 7.26276251772601e-07 2.4687700832161624e-07 6.08523535484807e-08 2.138067966166345e-07 1.6424413058570639e-06 1.5353438943608166e-07 3.8148712092406656e-08 7.767709168863065e-08 1.0120425223620916e-07 0.0 5.2570140538610376e-08 0.0 2.759376192844318e-07 8.12708537599664e-06 6.066938077327534e-07 0.0 1.3405278570698413e-07 3.514404774258929e-07 7.406791700122075e-07 1.822713000759962e-07 3.760085008258045e-08 7.49852266925458e-07 1.1481429287180865e-06 9.954982539573352e-07 2.457338056220423e-07 6.083753767061692e-07 8.296610248561539e-08 4.828364253092395e-08 0.0 0.0 1.1540145420976461e-07 6.878493960607634e-08 3.5512741133169303e-07 0.0 4.995120294913675e-06 3.942105615350993e-06 9.98037196881618e-06 0.00041736872730582905 1.7834059464700056e-05 0.00012722395354474437 3.0182429721537952e-05 4.5064933867688963e-05 4.3250005547180775e-06 8.839553633739732e-07 1.9097366013068375e-05 6.893539584070636e-06 2.1656748595438518e-07 2.8089760282956035e-06 1.2091986539064496e-06 8.355975276159598e-06 2.7042968827402326e-07 0.0 1.225145533158595e-07 3.1748441443420134e-06 5.7970160129592316e-08 1.681931160777304e-05 5.665248269066173e-06
4.1422815340839594e-05 0.00029594402953680743 0.0003149994603313063 6.925653358592579e-05 0.0011663082460317692 1.1561366475095e-05 0.0007225532488257803 0.000167949068115397 0.0 0.0005963988887412835 0.000915541580515307 8.196540213553617e-05 0.0004525022674026298 0.0003541980145217356 1.3833526326694733e-05 9.397687395281553e-06 2.095534071984814e-07 3.428777915955946e-08 1.7416665856304618e-07 0.0 0.0 0.0 0.0 0.0 0.0 1.43869821857403e-07 0.0 0.0 0.0 0.0 2.211311893916814e-05 1.4155765571118292e-05 1.0984306055072968e-05 4.9058408823286107e-08 0.0 0.0 5.215882499101371e-06 3.040930101888578e-07 4.538872581302758e-07 4.507568181606451e-08 1.4925550837840994e-07 0.0 0.0 1.1203217704441156e-06 3.895184527637888e-08 4.3930972694177035e-07 1.1272931245581587e-05 4.0392503910933607e-07 1.1768063754330516e-07 3.7149233742976467e-07 1.5651550448405932e-07 0.0 0.0 0.0 8.090573941038293e-07 2.04377226599823e-06 4.00692419097248e-06 7.382322356484552e-05 8.875780733414539e-06 4.495314936954896e-06 7.176995105254267e-08 1.3246094496004768e-06 0.0 4.425144621297286e-05 1.62608564103236e-06 1.4827824104288246e-06 2.1042653672870053e-07 2.1359269522699486e-07 1.6152783088289967e-07 1.9237981953473384e-07 2.6248005477890687e-05 2.7569845199002524e-07 0.0 2.0197954780327462e-05 1.2441919431118847e-05 2.4282509796727184e-05 1.4542716679822305e-05 1.0396430081230808e-05 1.8648741487411786e-06 7.42374050168793e-05 3.143118905843617e-07 1.2902748488733298e-05 3.4521990130197235e-06 4.0943305958574315e-08 1.2673919083010533e-06 6.776456261639112e-07 2.483407152484188e-07 4.68328588133606e-08 7.976465119340928e-08 3.4414287166547266e-08 4.591418491980934e-08 8.13260488205624e-08 8.912085107031818e-08 0.0 4.6289115324502265e-08 5.73005289632148e-05 1.900034915519373e-07 0.0 2.562947762307015e-07 1.4869946473386643e-05 3.134237859885021e-06 1.2817499701400061e-05 1.596342182686612e-05 3.8900807176279755e-06 2.0896355879553446e-06 2.5461126439515087e-05 7.845020841308155e-06 2.246138760322762e-05 1.4886599492340189e-05 7.061227279142333e-05 5.913663870440417e-06 8.959741720324811e-05 4.301986890439259e-05 5.17089108962839e-05 2.1958334620266282e-05 6.214737480303983e-07 4.503377470832871e-08 3.8368890999879026e-08 0.0 0.0 0.0 0.0 0.0 0.0 0.0 0.0 0.0 1.143413839330526e-07 0.0 0.0 0.0 0.0 0.0 0.0 7.0415395667308065e-06 5.569206303667553e-06 0.0 0.0 0.0 1.2697703362667883e-05 3.908503546794823e-08 6.064129033160084e-06 3.065144015781184e-06 6.717664174295783e-07 0.0 0.0 0.0 2.522353768627203e-07 0.0 1.80861605932044e-07 0.0 0.0 7.777706685697873e-07 0.0 0.0 5.090410162852947e-08 1.5013710324311277e-07 4.355142183341404e-08 6.17217347618639e-08 0.0 3.631633429577547e-08 1.378259796435542e-06 1.3945070346400694e-06 5.743007663303403e-06 0.0 8.182742861658885e-08 9.179930696424062e-07 1.022187275550243e-06 1.853124159586583e-07 4.3741703672197694e-08 0.0 9.761423468711694e-08 0.0 0.0 0.0 0.0 2.1231724706594594e-05 7.56137188538055e-08 5.6843647466300094e-08 3.799789709912244e-08 1.709882092875714e-07 1.8408953823431131e-06 0.0 1.1534355736856333e-07 1.7737576783622496e-06 1.907624445748036e-06 1.2146052662160144e-06 2.468114297446772e-07 4.550291435201471e-07 0.0 0.0 0.0 0.0 0.0 5.616234229208102e-08 0.0 0.0 2.4449121964882657e-05 6.529760030165194e-06 1.0338339583163094e-05 0.00021039081414321673 4.066082117124029e-06 4.814312699913461e-05 1.0709452347211345e-05 4.090915287818816e-05 2.6806632206339635e-06 2.656816290097351e-07 9.385641085484645e-06 1.0372600207849579e-05 4.205273678621188e-08 3.8031067481895456e-06 7.014813703656702e-07 3.207667834339004e-05 1.238147586622796e-06 0.0 4.534319749187453e-08 1.3297940042165997e-06 4.223745630791309e-08 8.753819696051108e-05 4.0618050053336045e-05
0.0004216582303344954 0.00046515577982970903 4.7322972594264225e-05 0.0004340509166111856 0.0003880729207188507 0.0002354180566662689 0.0010029993193027141 8.057541798658215e-06 0.0005963988887412835 0.0 4.5324393917013044e-05 0.0003389873106040041 0.003718375399737374 0.00041213911610733816 1.0284900841924813e-06 6.670367357154067e-07 1.2820106154441341e-07 3.829838870798515e-08 4.016969038405558e-08 0.0 0.0 0.0 0.0 4.023032982086764e-08 0.0 0.0 0.0 1.546440639814394e-07 0.0 0.0 2.7269721030080906e-05 1.3094384565081927e-06 2.8129101283730878e-05 0.0 0.0 0.0 1.0493366354921034e-05 1.853461292149405e-07 0.0 0.0 0.0 0.0 0.0 0.0 0.0 3.4565793207544437e-08 1.256364014645948e-06 2.065415960578969e-07 0.0 0.0 4.5138508542289485e-08 6.143419721258471e-08 0.0 0.0 2.239153808610953e-07 7.010500640417513e-07 2.3758223595356533e-05 5.958177715040673e-05 4.431601241735259e-06 1.0583627379187113e-06 0.0 7.543408100082205e-07 0.0 1.1996841929971493e-05 6.149542373144934e-07 3.0240059114934163e-07 0.0 8.10924469282727e-08 0.0 0.0 4.797462129545991e-05 1.960286717754949e-06 2.1452993177272856e-07 8.172026991471355e-06 4.003796160414741e-06 4.341851623627113e-06 1.092673469734451e-06 8.665571450980667e-07 4.1211333750100166e-08 7.268986944898414e-07 0.0 2.436204799096805e-07 1.030777072663137e-06 0.0 2.995933085365516e-07 2.190722901961377e-07 3.7952266354826185e-08 4.4360188290260624e-08 9.989877981050182e-08 8.07475431637147e-08 7.618233389026146e-08 8.789131676717542e-08 0.0 0.0 0.0 9.551849240615828e-05 1.1256989965666938e-05 2.74737556315226e-07 6.345821858219819e-07 0.00023978330781639903 2.520032924988681e-06 2.6717912166027866e-05 3.1216780868292235e-05 1.0150208689001692e-05 2.4466316848539093e-06 2.4785916710263835e-05 1.7016700218257157e-05 1.91477212870713e-05 1.9788076143048512e-05 8.661485454605327e-05 2.3346234970372475e-06 7.606984489982845e-05 3.7663551284924396e-05 4.432688988164369e-05 1.0219432576561978e-05 3.5084134831386166e-07 4.168215936510372e-08 0.0 3.7353246144510387e-07 0.0 0.0 0.0 0.0 0.0 0.0 0.0 0.0 0.0 0.0 0.0 4.597282216927447e-08 0.0 0.0 0.0 6.794305391632762e-06 2.131696672844732e-06 0.0 0.0 0.0 4.8469845645683894e-06 4.411414753913771e-08 1.7679560304785929e-06 3.692827247077193e-07 1.984099543235906e-07 0.0 0.0 0.0 0.0 0.0 0.0 0.0 5.748775329532784e-08 2.215475953386433e-07 0.0 0.0 4.488752865103953e-08 0.0 0.0 3.655504500508596e-08 1.3972351706944848e-07 0.0 1.3819783797095892e-07 8.610514754178974e-07 9.182919918942528e-06 0.0 0.0 4.541961687981061e-07 4.1166522699452714e-07 0.0 0.0 3.600539059025427e-08 0.0 0.0 0.0 0.0 0.0 8.600325678301124e-06 0.0 4.809141095037872e-08 0.0 0.0 7.521951222846584e-07 0.0 0.0 5.181558214729368e-07 4.708539201944748e-07 4.2697108853711184e-07 2.1363427223604635e-07 1.549293432855137e-07 4.7416254249784366e-08 0.0 4.421989017935799e-08 0.0 1.105920737160547e-07 0.0 0.0 0.0 2.407727196707095e-05 1.7890503267023584e-06 3.995960990489431e-06 7.649695222040109e-05 1.364457318447601e-06 1.1511643913888944e-05 1.6235301064843937e-06 0.0002582694265078267 9.441086357798329e-07 6.421691678122035e-08 1.8372162258091183e-06 1.0701827339086706e-05 0.0 5.694772480493352e-07 2.807130057837261e-07 6.116022896205092e-05 2.306566345969301e-07 0.0 3.433376283179484e-07 1.0966970395125294e-07 0.0 0.0005088271168790297 0.00011735896629691119
6.322754585914671e-05 0.00013417441945828913 0.00029725065004265375 6.137854118614375e-06 0.00029181201761157416 3.604219394042575e-06 2.3472098356330498e-05 0.00045868387771840814 0.000915541580515307 4.5324393917013044e-05 0.0 1.9698483108948042e-05 0.00034595356942273246 0.0013981121769221629 6.467037079871014e-05 6.275724609134727e-05 3.3362204876941226e-06 7.457795494638305e-07 2.050384839862836e-07 3.0902446549507545e-07 2.029592451278738e-06 7.470247804221677e-07 0.0 1.385889216159422e-07 1.9885008384598736e-07 1.8851282204119854e-06 3.594385957849111e-07 6.204110585594529e-07 1.1584357357937048e-07 0.0 0.0002864990787569023 0.00012939787096843557 0.0001415475874421684 4.146312593091627e-07 5.943268857324147e-08 1.0552528843838508e-06 7.226915264766771e-05 4.32048435121659e-06 2.856602882420946e-06 5.203906296711952e-07 7.965184043079987e-07 7.111116971471785e-07 6.574566764849471e-07 5.469891135245885e-06 5.970738620921114e-07 1.83009365256228e-06 3.4683159452313725e-05 1.1528427195336387e-06 6.324722042869456e-07 2.536836169693938e-06 3.549527931382353e-06 4.39258444414393e-07 3.448585101878949e-07 7.126992373561158e-07 1.5431237033432286e-06 3.0753335081386805e-06 5.109893907595944e-06 9.828865124167539e-05 1.2157134605618514e-05 1.1287350326316586e-05 7.268717559691739e-07 8.48078002329689e-06 1.6430485547797227e-07 0.00010228680678683378 2.6771730656494625e-06 1.897751079953908e-06 2.622980835601302e-07 9.621223739557124e-07 4.2369378396078814e-06 2.25158606547051e-06 0.0001106017355502929 2.4070749321960063e-06 3.0182619475835847e-08 2.9066224762952613e-05 1.721525188672246e-05 6.364454868314548e-05 4.112613374333138e-05 4.3828086070858436e-05 0.00013714168032310172 0.0002679783381709159 1.120951222359587e-06 0.00011691357499223138 5.995340496403856e-06 7.186642007925783e-08 1.4883031505021982e-06 1.668928618643649e-06 1.1500666050237236e-06 7.752399993993497e-08 3.7796336374452306e-08 1.118812849252665e-07 1.8003223144518596e-07 2.3493718465823e-07 7.4378947920665405e-06 1.534406429522535e-06 5.392567474356984e-07 7.195170742643644e-05 1.7128210972036832e-06 0.0 2.5758678494913697e-06 2.8522642285126345e-05 3.1805821325401487e-06 1.0759945213749979e-05 9.490885822742727e-06 3.7790177535111946e-06 4.606221338659245e-06 1.706892438452426e-05 3.8119039336571536e-06 1.5312461350576904e-05 9.585168559596159e-06 4.2305251929422144e-05 5.41203637699932e-06 7.913371737547764e-05 3.004778073133158e-05 4.193032256747089e-05 2.2263281052785398e-05 9.235642839641357e-07 4.7372942525871274e-07 4.364463923383696e-08 7.271474901767127e-08 0.0 0.0 0.0 0.0 5.876529073424571e-08 0.0 2.183142509604704e-07 0.0 3.288133787591323e-07 0.0 0.0 8.745795889535879e-08 1.4679565617337847e-07 0.0 0.0 4.702015023571743e-06 5.644196873331234e-06 4.307798627928031e-08 1.8835450054213235e-07 0.0 2.3378264201993815e-05 9.46896198852528e-07 9.504371165361044e-06 7.005452651020627e-06 4.935490685507551e-07 1.422055630121899e-07 1.312110185793038e-07 8.201955530596336e-08 2.405779017206972e-07 0.0 7.89431022048936e-07 0.0 7.425808068318562e-07 1.5473531220438384e-06 0.0 7.248674121831869e-07 9.228986631049732e-08 7.19782476413935e-07 1.8712979740291143e-07 4.728944144139457e-07 3.5360274720953187e-07 7.829325327576567e-08 1.0873477778780597e-06 1.9860461228371726e-06 3.1825824195058562e-06 5.057891987209382e-07 2.2548913405115195e-07 1.5050206775257378e-06 1.8658513549930243e-06 2.470770141889322e-07 1.5712973175460499e-07 0.0 0.0 0.0 9.832492481430887e-08 1.2169215717688853e-07 1.6434971187862587e-07 2.64684535792976e-05 4.774645103819407e-07 6.438310758611785e-08 0.0 3.405909018460408e-07 2.840387611343212e-06 1.869210516330472e-07 3.861742445882371e-08 3.877956121997303e-06 3.0154875699480555e-06 2.455624964365172e-06 8.918154079319147e-07 3.2389611769634015e-07 0.0 0.0 0.0 0.0 2.1441732184586074e-07 4.672442293808042e-08 4.369583846528453e-08 0.0 1.8552826600751522e-05 1.1307236535396588e-05 2.3057807802054035e-05 0.0005404801601636319 1.4319496533065894e-05 0.00010278994781667783 2.9643629685684726e-05 4.1552518456288824e-05 3.154638486116561e-06 1.5081997746584439e-06 1.9035665706955682e-05 1.4983894256286612e-05 1.5722447316203772e-07 7.102738471452229e-06 2.293081574082358e-06 2.6496784132287054e-05 1.922482576243382e-06 0.0 2.0136814448069776e-07 5.18993541286439e-06 5.150494447718819e-07 5.177560933146699e-05 2.6249816911388553e-05
