0.0 0.0018260537916223488 0.00013452665865332496 0.0008542482759339714 0.0002578307735621891 1.1443823803460654e-05 0.0014504470351698634 0.0002246627176438256 0.0005416833447896294 0.0010367251888583498 0.0005763332183897646 1.8778573816569027e-05 3.558700444933574e-05 4.4374909792699455e-05 8.379330519857345e-07 2.817781956042471e-07 8.478358740818936e-07 3.772961861932541e-07 2.5981314957775936e-07 2.711948321121136e-07 1.18618956939477e-07 0.0 0.0 4.105481321944133e-08 3.620938319193163e-07 9.870840680654807e-08 0.0 0.0 0.0 0.0 0.0001906616650919127 5.792687375485688e-06 5.08460053329971e-06 1.2576545955098915e-07 0.0 8.207325809666976e-07 8.30815025713425e-07 9.485572670710022e-07 7.784673501173893e-07 2.69716864686989e-07 0.0 4.299109265860697e-08 2.502177029653634e-07 1.6644196241007882e-07 5.834170827280553e-07 0.0 2.790039719003928e-05 2.3697453160633136e-06 5.580714067754264e-07 1.0187875717436423e-07 3.036791871889024e-07 1.1561151986990701e-07 1.1565451921908731e-07 5.0920332773938506e-08 6.320155168523983e-06 3.5563182690564817e-06 0.00018728574988601505 0.0009141905768956727 0.00010684293315912909 8.105106586063093e-05 7.823964652071169e-07 4.869522203725605e-06 1.301531907411049e-07 1.9595302161570644e-06 4.008277053234545e-06 2.0224543882826577e-06 2.7033481433495315e-07 3.995413996738138e-08 3.6473671949804667e-07 2.3132344212312971e-07 9.537111919279685e-07 0.0 5.456271753336511e-08 0.0001094094388029491 1.8506687338135477e-06 1.357166646718932e-06 1.8379796204815645e-07 4.5175401859052895e-07 4.586716985352443e-06 5.454491581820122e-06 0.0 6.905502314242458e-06 1.3864199038288689e-05 5.728647976304507e-07 1.458481602785713e-06 2.9957792342911896e-06 3.943539560331519e-08 2.2765828168121277e-07 1.9014001577557432e-07 2.779728321102718e-07 2.966935231599253e-07 4.169392458273882e-07 1.162113090193095e-07 1.0213254610010994e-07 1.0552527981763011e-07 3.945485328034558e-08 0.0 0.0 5.314245568904537e-07 0.0005561493591854853 0.0 0.0 0.0 0.0 0.0 0.0 0.0 0.0 0.0 0.0 0.0 0.0 0.0 0.0 0.0 0.0 0.0 0.0 0.0 0.0 0.0 0.0 0.0 0.0 0.0 0.0 0.0 0.0 0.0 0.0 0.0 0.0 0.0 0.0 0.0 0.0 0.0 0.0 0.0 0.0 0.0 1.8469719734112783e-07 0.0 0.0 0.0 0.0 0.0 0.0 0.0 0.0 0.0 0.0 0.0 0.0 0.0 0.0 0.0 0.0 0.0 0.0 4.61204991469825e-08 0.0 0.0 0.0 0.0 0.0 0.0 0.0 0.0 0.0 0.0 0.0 0.0 0.0 0.0 0.0 0.0 0.0 0.0 0.0 0.0 0.0 0.0 0.0 0.0 0.0 0.0 0.0 0.0 0.0 0.0 5.205270414080465e-08 0.0 5.75934807202059e-08 5.000360481761116e-08 0.0 0.0 5.3207266112632234e-08 0.0 0.0 1.9209124702495895e-06 4.782736468311158e-06 2.999444226330857e-05 2.3630675875758657e-06 0.0002976845673714355 3.543748771361009e-07 0.0 1.7842557424584914e-07 0.0 1.0866880899977899e-07 3.649247487888988e-08 0.0 0.0 0.0 0.0 0.0 2.770919632477555e-07 0.0 4.78432107689367e-05 1.5870371931438089e-07
0.0018260537916223488 0.0 0.0002584988482262565 0.00022182279539179073 0.0015461536080865583 4.218623545198458e-06 0.0024993774750720547 0.00026085706055950633 0.0021155307926171737 6.825758732862243e-05 0.0011668825931776992 3.7863811154532525e-07 0.0005442807093796392 0.0008385578857290384 2.3722179383827437e-06 3.546706184301858e-07 3.4422556033733595e-07 1.2892129460721648e-07 0.0 1.7940667997632746e-07 0.0 6.230670362691255e-08 0.0 0.0 1.0538438391060332e-07 0.0 0.0 0.0 0.0 0.0 0.0010949725368896708 1.9183615360727537e-06 2.5729518605935546e-06 0.0 0.0 2.6617030946808636e-07 1.7785772186129756e-07 3.4459022145480936e-07 3.342763323550683e-07 1.9905764044774712e-07 1.2973973723707618e-07 6.02348286212287e-08 4.625542495369788e-08 8.137607778862833e-08 1.3451538252724502e-07 0.0 3.786599081082694e-05 2.3061541170628252e-06 4.921644651417372e-07 4.116589326765953e-08 4.246016482484017e-07 0.0 0.0 4.559481853484336e-08 7.152161881687957e-06 4.8056575040755185e-06 6.587230249581154e-05 0.0004689580573161072 6.299449216268249e-05 9.886753707047619e-05 2.4326621785689894e-07 1.0186459136961502e-06 6.765352315628724e-08 1.3845505480209438e-06 3.0900012165665615e-06 1.7998606993578132e-06 2.547305387430168e-07 7.16984874459323e-08 3.5883347584190536e-08 1.3610260163331e-07 9.173437196329684e-07 0.0 0.0 0.00010910317994349899 5.831694024736144e-06 5.952426431828604e-06 8.956890995767021e-07 1.9583634214458495e-07 9.677859016456029e-07 1.3516425467737016e-06 0.0 1.9096601937773687e-06 1.3442419357533194e-05 1.350838607907848e-06 8.565882566932873e-07 2.7154096012902006e-06 3.1087951308387963e-07 5.8305470033358886e-08 3.226792989489397e-07 3.0211331571425397e-07 3.739514211347157e-07 5.543182133359779e-07 1.238795121760865e-07 3.144829516956913e-07 2.1094034950494678e-07 6.906387563488051e-08 0.0 0.0 0.0 0.00040020578536632356 0.0 0.0 0.0 0.0 0.0 0.0 0.0 0.0 0.0 0.0 0.0 0.0 0.0 0.0 0.0 0.0 0.0 0.0 0.0 0.0 0.0 0.0 0.0 0.0 0.0 0.0 0.0 0.0 0.0 0.0 0.0 0.0 0.0 0.0 0.0 0.0 0.0 0.0 0.0 0.0 0.0 0.0 0.0 0.0 0.0 0.0 0.0 0.0 0.0 0.0 0.0 0.0 0.0 0.0 0.0 0.0 0.0 0.0 0.0 0.0 4.8885105946890926e-08 0.0 0.0 0.0 0.0 0.0 0.0 0.0 0.0 0.0 4.834738890427226e-08 0.0 0.0 0.0 0.0 0.0 0.0 0.0 0.0 0.0 0.0 0.0 0.0 4.9307493430818296e-08 0.0 0.0 0.0 0.0 0.0 0.0 0.0 1.6196580368001865e-07 7.590373218494343e-08 0.0 0.0 0.0 0.0 0.0 0.0 0.0 1.9247468258748e-06 4.606090927010703e-06 5.828143807393814e-05 5.094468978241852e-06 0.0001602170723092868 1.231316957174349e-06 1.387589498443995e-07 5.417141229316086e-07 0.0 0.0 4.087188796019005e-08 0.0 0.0 0.0 0.0 0.0 0.0 0.0 2.0098888614159926e-05 1.196285390091583e-07
0.00013452665865332496 0.0002584988482262565 0.0 0.0 0.00018613329499392393 0.0 9.156836474428431e-05 0.0007438898171927248 0.0007631742151139876 3.4046548261393684e-07 0.003017800247823679 2.824047158681709e-06 3.665148363145331e-05 0.00018862145962076756 1.183524635170944e-05 4.896518177455383e-06 7.409737783326652e-06 2.657624569266386e-06 2.83746351760833e-06 2.8359170229776322e-06 2.1343032014294798e-07 5.439981424302405e-07 2.551295539193422e-07 3.772241061813706e-07 3.9011006345908175e-06 2.7490725681046105e-07 0.0 2.0284062472624178e-07 1.8387619884627343e-07 0.0 0.0007706916650968557 0.00021430337793946209 1.2950695528905412e-05 1.0677387375625796e-06 4.2200764928608337e-07 8.616285352442166e-06 3.9311339959707736e-06 9.680484648096849e-06 3.850343284400621e-06 2.274035100561701e-06 4.820613925629214e-07 4.180400114601106e-08 2.973279275360108e-06 4.782031796316311e-06 5.554180028130337e-06 1.8014221481082465e-07 2.808547541527191e-05 4.737158274446363e-07 1.5798132254976305e-06 1.2707324986336237e-06 2.652647287783624e-07 8.895775105823565e-08 1.042233383559488e-06 5.975385255133104e-08 1.525063140734828e-06 1.452015618475009e-06 1.2561633289261076e-05 8.162686780711906e-05 1.689231720894637e-05 4.467784685908247e-05 3.002549390401266e-05 3.829599565390398e-05 5.683750396970377e-06 0.00016919261951055186 1.4511416974081489e-06 8.414630171773369e-07 1.576211488229686e-07 2.5268187822797007e-07 1.6474583535612173e-06 8.59336577552243e-07 5.926573807367749e-06 0.0 0.0 5.569390893742643e-05 2.0179243414102088e-05 1.1922601781347895e-05 8.277030733964627e-06 9.119558442125998e-06 0.00013801211536524543 4.241347626160295e-05 6.066874444199206e-07 4.08827446049277e-05 4.671964644324058e-06 4.5771771191806964e-07 4.1732104740694196e-07 1.071290681653459e-06 5.067231571499931e-07 0.0 2.9904240928038047e-07 1.391615755649492e-07 1.6041634516973374e-07 1.1533194519175245e-07 6.718126089237604e-07 3.6504273044244157e-07 7.308517815751448e-07 5.989838094298965e-07 4.850616508851794e-07 0.0 2.3205122083117453e-06 2.5247618841039987e-05 0.0 0.0 0.0 0.0 0.0 0.0 0.0 0.0 0.0 0.0 0.0 0.0 0.0 0.0 4.330859344789515e-08 0.0 0.0 0.0 0.0 0.0 0.0 0.0 0.0 0.0 0.0 0.0 0.0 0.0 0.0 0.0 0.0 0.0 0.0 0.0 0.0 0.0 0.0 0.0 0.0 7.212466253702047e-08 0.0 0.0 0.0 0.0 0.0 0.0 0.0 0.0 0.0 0.0 0.0 0.0 0.0 0.0 0.0 0.0 0.0 6.295366850127728e-08 0.0 0.0 4.296551861188295e-08 0.0 0.0 0.0 0.0 0.0 0.0 0.0 0.0 0.0 0.0 0.0 0.0 0.0 0.0 0.0 0.0 0.0 0.0 0.0 0.0 0.0 0.0 0.0 0.0 0.0 0.0 0.0 0.0 0.0 0.0 3.9184632144264976e-08 0.0 0.0 0.0 0.0 0.0 1.7605246514585837e-07 0.0 0.0 1.1724644257943635e-05 1.9844001875113465e-06 4.0077948454224815e-05 9.389530612321276e-06 2.8530224920329126e-06 1.179130289525396e-06 3.158310319093988e-07 1.3208740470262577e-06 1.4744144648464325e-07 0.0 0.0 0.0 0.0 0.0 0.0 0.0 1.5858520031331817e-06 1.4674292550223791e-07 5.8946767277097954e-06 8.620772115702434e-08
0.0008542482759339714 0.00022182279539179073 0.0 0.0 3.342332838901691e-05 0.0003993957870873039 0.0010617220940412145 2.6414960950021044e-07 0.0001448773794882294 0.0008957803022009534 8.358209128683177e-06 4.60017255217189e-05 0.0003983164347840458 0.00032448957476735737 0.0 0.0 0.0 0.0 0.0 0.0 0.0 0.0 0.0 0.0 0.0 0.0 0.0 0.0 0.0 0.0 1.4810670211430376e-05 0.0 2.1455348808631665e-07 0.0 0.0 0.0 0.0 0.0 0.0 0.0 0.0 0.0 0.0 0.0 0.0 0.0 2.1394237383753556e-06 1.9941255540533111e-07 0.0 0.0 0.0 0.0 0.0 0.0 1.6510529890657353e-07 5.918845595272318e-08 1.1135732423452053e-05 1.4468173478207073e-05 4.4953414206519755e-06 4.381783072552799e-06 0.0 0.0 0.0 0.0 1.7386016424827098e-07 6.23012454694389e-08 0.0 0.0 0.0 0.0 1.7340004311292342e-07 0.0 0.0 4.186350730291118e-06 5.454088105427638e-08 7.28529762830688e-08 0.0 0.0 0.0 0.0 0.0 0.0 5.708365609401958e-07 0.0 5.1627156468382326e-08 1.726356970593219e-07 0.0 0.0 0.0 0.0 0.0 0.0 0.0 4.79285773218209e-08 0.0 3.292721180600049e-07 0.0 0.0 0.0 0.0005180297058833967 0.0 0.0 1.6324355911442938e-06 3.0791013684724273e-06 0.0 4.0362841317752584e-05 0.0 0.0 2.273717145567489e-06 0.0 0.0 0.0 0.0 0.0 0.0 0.0 0.0 0.0 0.0 0.0 0.0 0.0 0.0 0.0 0.0 0.0 0.0 0.0 0.0 0.0 0.0 0.0 0.0 0.0 0.0 0.0 0.0 0.0 0.0 0.0 0.0 0.0 0.0 0.0 0.0 0.0 0.0 0.0 0.0 0.0 0.0 0.0 0.0 0.0 0.0 0.0 0.0 0.0 0.0 0.0 0.0 0.0 0.0 0.0 0.0 0.0 0.0 0.0 0.0 0.0 0.0 0.0 0.0 0.0 0.0 0.0 0.0 0.0 0.0 0.0 0.0 0.0 0.0 0.0 0.0 0.0 0.0 0.0 0.0 0.0 0.0 0.0 0.0 0.0 0.0 0.0 0.0 0.0 0.0 0.0 6.965348963169226e-06 3.077955155402969e-07 1.0160848830827467e-06 7.733512435941172e-08 0.0005347485837335601 0.0 0.0 0.0 0.0 0.0 0.0 0.0 0.0 0.0 0.0 0.0 0.0 0.0 3.607032270005738e-05 6.885680437997907e-08
0.0002578307735621891 0.0015461536080865583 0.00018613329499392393 3.342332838901691e-05 0.0 0.0 0.0008640392036348251 1.4377463204394885e-06 0.0010997628594693726 2.342685607374827e-06 1.695988535312458e-05 0.0 0.00012705982646041026 0.0003619316438708576 2.710338976846412e-06 0.0 1.0888507597978939e-06 0.0 0.0 0.0 4.059592382625992e-08 0.0 4.699519390189108e-08 8.257021332673673e-08 0.0 1.856851469390167e-07 0.0 6.450097146277153e-08 0.0 5.105567044444069e-08 7.725925378803541e-05 4.223299923617621e-07 0.0 0.0 0.0 0.0 0.0 0.0 0.0 0.0 0.0 0.0 0.0 0.0 0.0 0.0 3.475355165162276e-05 5.723304332360404e-07 7.329932115212716e-08 0.0 0.0 0.0 0.0 5.617093784336236e-08 2.4268678093727504e-06 1.1107819021212591e-06 8.998650584909556e-06 2.8522796995426208e-05 1.531077128789447e-05 4.861147541393081e-05 3.403013760654673e-08 1.8809498889991758e-07 0.0 1.4125153639482597e-06 1.2229195472584529e-06 7.689126106589866e-07 1.8959001210484863e-07 4.3433622976144627e-08 0.0 0.0 0.0 0.0 0.0 3.0458931581713116e-05 3.915398193410662e-06 6.071613780039832e-06 4.927542587034616e-06 6.948317606500404e-08 0.0 0.0 0.0 0.0 4.618353501502739e-06 2.405939070371755e-07 5.715475302168673e-07 1.1581292838265949e-06 4.6730700366882925e-08 0.0 7.889737374225294e-08 0.0 1.9184932747466144e-07 2.1385820427629162e-07 0.0 1.7069377470135777e-07 0.0 0.0 0.0 0.0 0.0 2.01445420482251e-05 0.0 0.0 0.0 0.0 0.0 0.0 0.0 0.0 0.0 0.0 0.0 0.0 0.0 0.0 0.0 0.0 0.0 0.0 0.0 0.0 0.0 0.0 0.0 0.0 0.0 0.0 0.0 0.0 0.0 0.0 0.0 0.0 0.0 0.0 0.0 0.0 0.0 0.0 0.0 0.0 0.0 0.0 0.0 0.0 0.0 0.0 0.0 0.0 0.0 0.0 0.0 0.0 0.0 0.0 0.0 0.0 0.0 0.0 0.0 0.0 9.046963373406541e-08 0.0 0.0 0.0 0.0 0.0 0.0 0.0 0.0 5.076557591834863e-08 0.0 0.0 0.0 0.0 0.0 0.0 0.0 0.0 0.0 0.0 0.0 0.0 0.0 0.0 0.0 0.0 0.0 0.0 0.0 0.0 0.0 1.2139519600446668e-07 0.0 0.0 0.0 0.0 0.0 0.0 0.0 0.0 2.9639100651408795e-06 1.370976964905206e-06 5.468878257185684e-05 1.0024396895568263e-05 1.3835604717432211e-05 2.409767783078166e-06 1.56185002893578e-07 3.3985938848432156e-07 0.0 0.0 7.662344683099452e-08 0.0 0.0 0.0 0.0 0.0 0.0 0.0 7.840237270962441e-06 0.0
1.1443823803460654e-05 4.218623545198458e-06 0.0 0.0003993957870873039 0.0 0.0 2.8327804762338876e-05 0.0 1.100985452508727e-06 0.000357429589093576 0.0 1.2207328869701474e-05 9.850358625251964e-06 7.108827775780452e-06 0.0 0.0 0.0 0.0 0.0 0.0 0.0 0.0 0.0 0.0 0.0 0.0 0.0 0.0 0.0 0.0 0.0 0.0 0.0 0.0 0.0 0.0 0.0 0.0 0.0 0.0 0.0 0.0 0.0 0.0 0.0 0.0 0.0 0.0 0.0 0.0 0.0 0.0 0.0 0.0 0.0 0.0 6.964541230537506e-05 1.3953547859786276e-06 2.1008600544013906e-07 0.0 0.0 0.0 0.0 0.0 0.0 0.0 0.0 0.0 0.0 0.0 1.7728685170843893e-07 0.0 0.0 2.4543966925015056e-07 0.0 0.0 0.0 0.0 0.0 0.0 0.0 0.0 0.0 0.0 0.0 0.0 0.0 0.0 0.0 0.0 0.0 1.1783967986130557e-07 0.0 0.0 0.0 2.6357814734127327e-06 0.0 0.0 0.0 0.0002550465887170963 0.0 0.0 0.0 0.0 0.0 0.0 0.0 0.0 0.0 5.360742065046118e-07 0.0 0.0 0.0 0.0 0.0 0.0 0.0 0.0 0.0 0.0 0.0 0.0 0.0 0.0 0.0 0.0 0.0 0.0 0.0 0.0 0.0 0.0 0.0 0.0 0.0 0.0 0.0 0.0 0.0 1.9023306234864172e-07 0.0 0.0 0.0 0.0 0.0 0.0 0.0 0.0 0.0 0.0 0.0 0.0 0.0 0.0 0.0 0.0 0.0 0.0 0.0 0.0 0.0 0.0 0.0 0.0 0.0 0.0 0.0 0.0 0.0 0.0 0.0 0.0 0.0 0.0 0.0 0.0 0.0 0.0 0.0 0.0 0.0 0.0 0.0 0.0 0.0 0.0 0.0 0.0 0.0 0.0 0.0 0.0 0.0 0.0 0.0 0.0 0.0 0.0 0.0 0.0 2.8772431928454634e-05 0.0 0.0 0.0 0.00023740668479635662 0.0 0.0 0.0 0.0 0.0 0.0 0.0 0.0 0.0 0.0 0.0 0.0 0.0 9.225082037536216e-05 0.0
0.0014504470351698634 0.0024993774750720547 9.156836474428431e-05 0.0010617220940412145 0.0008640392036348251 2.8327804762338876e-05 0.0 0.0 4.438267896022192e-05 0.0006176508286849745 9.040379827004471e-07 0.00016261107487811145 0.0003494017258079958 4.883009734254262e-05 5.84533627362845e-06 1.4947259316576552e-07 1.0487571288793942e-06 5.947749579958549e-08 0.0 4.231892326016802e-08 1.2193375986982458e-07 1.047541360869493e-07 1.0331224331051491e-07 1.1154342577189882e-07 2.2154893676712582e-07 2.8239009816801445e-07 0.0 3.3687315662598015e-07 4.395152051747161e-08 3.700418291583212e-08 9.775544588801946e-05 2.509785674227485e-07 1.9268804458057547e-06 0.0 0.0 5.811784798726047e-07 9.714268083144302e-07 2.146444676420615e-07 1.0959547480587033e-06 8.428155124168712e-07 1.252194282487492e-07 1.836090455180253e-07 0.0 1.5216194436851846e-07 0.0 0.0 5.42320382730545e-05 1.4059399970840103e-06 1.228672017975073e-06 1.9893741471394549e-07 3.120893725805774e-07 0.0 5.460564913672628e-07 1.3945218973226763e-07 3.935593868759881e-06 3.152307820114423e-06 3.1019573778734014e-05 8.196219399181422e-05 4.249059230522134e-05 8.93567859886259e-05 1.828234095709213e-07 1.6498016160088452e-07 0.0 1.916003254069088e-06 2.142274663356749e-06 1.656905923752779e-06 1.5153298987413887e-07 1.0879785323765118e-07 0.0 0.0 1.8740777838995263e-06 2.8823817517189077e-07 0.0 7.608602787767844e-05 5.563816701537952e-06 1.1929653099158923e-05 4.0467450885801174e-06 8.306146289613861e-08 1.0659335809261916e-07 4.363514369291002e-08 0.0 8.33141394047406e-08 1.0525352739508533e-05 9.030045163803263e-07 7.270606600999653e-07 1.9268838985330137e-06 1.432525954640243e-07 0.0 3.316665247518867e-07 2.6384184332322886e-07 4.5177403440072837e-07 4.7490767271215463e-07 0.0 2.3463973854085372e-07 1.0302371540649034e-07 2.7872734786059716e-05 1.668512811096237e-06 0.0 4.090081442417081e-06 0.00019947851762331908 0.0 0.0 0.0 0.0 0.0 8.742869774264237e-06 0.0 3.141276682932318e-05 9.014154920021492e-07 0.0 0.0 1.1487928979964154e-05 5.557422958905289e-07 0.0 1.113164580318203e-07 0.0 0.0 0.0 0.0 0.0 0.0 0.0 0.0 0.0 0.0 0.0 0.0 0.0 0.0 0.0 0.0 0.0 0.0 0.0 0.0 0.0 0.0 0.0 0.0 0.0 0.0 1.853431999169253e-07 0.0 0.0 0.0 0.0 0.0 0.0 0.0 0.0 0.0 0.0 0.0 0.0 0.0 4.628702298945307e-08 0.0 0.0 0.0 0.0 1.2363527310132244e-07 0.0 0.0 0.0 0.0 0.0 0.0 0.0 0.0 0.0 4.999509039988787e-08 0.0 0.0 8.246339048738019e-08 0.0 7.538637738000836e-08 4.7184458014264745e-07 1.9551132387888916e-07 0.0 0.0 5.457634753027205e-08 0.0 0.0 0.0 0.0 0.0 0.0 0.0 0.0 0.0 5.741542854089933e-08 1.7290302360131213e-07 0.0 0.0 0.0 0.0 0.0 7.138089966485368e-07 0.0 6.540890401019395e-08 1.3674026134997278e-05 4.526145213661673e-06 0.00010968294551310338 1.3592622847254364e-05 0.00018806213344017215 5.437852608165899e-06 1.1881683246926954e-07 1.9132955845508086e-06 0.0 0.0 0.0 0.0 0.0 0.0 0.0 0.0 1.1327569021641265e-06 0.0 1.7579401111213433e-05 4.597388834122435e-07
0.0002246627176438256 0.00026085706055950633 0.0007438898171927248 2.6414960950021044e-07 1.4377463204394885e-06 0.0 0.0 0.0 5.029573912797628e-06 0.0 0.0007483783421214362 1.2654013818922702e-05 1.2372847641358048e-05 0.00015382995830479142 6.805510119929158e-05 4.763197875058521e-05 3.307770452802824e-05 6.234029104174181e-06 8.101879871366219e-06 9.288333936220593e-06 3.1362644938765683e-06 2.4962588357269516e-07 5.189218465647447e-07 1.6085204316744369e-06 8.613714902850386e-06 1.6539560783278635e-06 3.6351411146992963e-07 1.6283568078338002e-06 4.264907558117993e-07 0.0 0.0013086477398447079 0.001013316823865439 0.00015460386041812502 2.8921065562785085e-06 7.432362254069354e-07 3.097230743026644e-05 1.4463050677934966e-05 3.0147424211155225e-05 1.039269231449313e-05 6.0217199811871365e-06 1.3852946627094665e-06 9.981825153379306e-07 8.504286416869651e-06 6.193158718939433e-05 1.950371776845809e-05 4.37911492271208e-07 0.00017129636404528573 3.6055711097024702e-06 5.052785891835417e-06 4.270006300925917e-06 1.9029393658616896e-06 4.329608780063421e-07 3.0512256190513043e-06 4.791640963381679e-07 7.032687989832355e-06 5.437887916824927e-06 3.524984241452905e-05 0.00014368240913494336 5.760275981886271e-05 0.00018955486071812203 7.883572797415097e-05 0.0002359528230177033 2.1554056668852618e-05 0.0005070978333436151 4.43080878956634e-06 2.9790480743588174e-06 6.046014986845856e-07 8.219933229624389e-07 5.202584627231603e-06 3.535265662983906e-06 4.806138875842587e-05 4.0284907004718074e-07 6.454482148388529e-08 0.0002363274376299908 0.000175147414673022 0.00011010175420865902 0.00017682857076894325 0.000309950221170772 0.0007453018345055774 0.0003644882739160079 3.1774739446265774e-06 0.0005029703699545075 1.805958269779091e-05 1.0190705029191994e-06 1.7360743192635205e-06 4.436139419384619e-06 1.829538972566444e-06 2.3407207476682127e-07 4.7365635546858136e-07 7.642647470709698e-07 8.677962250902762e-07 1.240968615495254e-06 6.079082252355182e-06 2.1115257752541057e-06 1.0212537004723403e-06 1.7093800607773327e-06 6.093691934639919e-07 0.0 8.285642097494779e-06 1.5312004000057547e-05 0.0 0.0 0.0 0.0 0.0 0.0 0.0 0.0 0.0 2.261926817172748e-07 0.0 0.0 8.689072603733089e-08 6.182749433718442e-08 1.4283212102964865e-07 0.0 0.0 0.0 0.0 0.0 0.0 0.0 6.853702871687786e-08 0.0 0.0 0.0 0.0 0.0 0.0 0.0 6.055843038343338e-08 0.0 0.0 0.0 0.0 0.0 0.0 0.0 0.0 4.499232725106397e-08 0.0 5.451777049188461e-08 0.0 1.9554051616822618e-07 1.7968150474875395e-07 1.7183801313415554e-07 0.0 0.0 0.0 0.0 0.0 0.0 0.0 0.0 0.0 7.060189818899191e-08 0.0 1.7587191483947117e-07 0.0 0.0 3.80007177566188e-07 0.0 0.0 0.0 0.0 0.0 0.0 0.0 0.0 0.0 5.806248194673229e-08 0.0 0.0 0.0 0.0 0.0 1.85000652420528e-07 0.0 0.0 1.918037876572635e-07 1.13259846932801e-07 6.243214116975452e-08 0.0 0.0 0.0 0.0 0.0 0.0 0.0 0.0 1.6478136611366166e-07 1.2889730642853135e-07 8.610946277491656e-08 0.0 1.211035887450269e-07 0.0 0.0 6.729092058790896e-07 0.0 3.3846032184332535e-07 7.108726712490479e-05 8.530184211625259e-06 0.00032125166689068676 7.468353710123788e-05 1.2217260955297068e-05 2.355879904744385e-05 1.3041920547768822e-06 1.2718675278691328e-05 4.586303270103204e-07 4.4819613904208657e-08 2.5885179791227013e-07 0.0 0.0 0.0 0.0 0.0 8.076798019188793e-06 7.808170407194471e-07 2.38401931204044e-05 1.5630603695817608e-07
0.0005416833447896294 0.0021155307926171737 0.0007631742151139876 0.0001448773794882294 0.0010997628594693726 1.100985452508727e-06 4.438267896022192e-05 5.029573912797628e-06 0.0 0.00023690382558743734 4.5694593807428696e-06 6.005206718368547e-05 0.0002786286458934926 5.387610070387825e-05 2.5946469784076456e-05 1.6374461450623179e-06 4.880203329053786e-06 2.5966706110766353e-07 3.632115494035999e-07 3.874362841717445e-07 9.27627096169738e-07 0.0 1.1359749055569948e-07 4.140796332145294e-07 1.1107678448637884e-06 1.2470069466242701e-06 2.417229796445529e-07 8.298234925156718e-07 4.665268297283931e-07 4.223582300509203e-08 0.00024528475212565886 2.9999816922135494e-06 1.219266274668117e-05 5.987304670106858e-08 0.0 7.778621605484275e-07 4.671322002094858e-06 4.05968052532556e-06 5.298997155171979e-06 1.6421369541107956e-06 9.287107867766826e-07 2.3168055881983565e-07 1.3401431751245693e-07 3.0877055494060714e-07 3.2446669925216444e-07 0.0 0.00013556703241607374 3.099298394888835e-06 2.0780230042067877e-06 5.9258638311831995e-08 1.2909671932651494e-06 1.9393165689198026e-07 3.115216048782997e-07 3.6283816986110694e-07 7.4078172778855996e-06 2.934324207237456e-06 1.9767439595828606e-05 5.934642809225019e-05 4.419074489273542e-05 0.00013319514621857448 1.1221299580944781e-06 5.920464724198873e-06 2.0645225442345805e-07 1.5726846782226256e-05 3.539967703981261e-06 1.8621933427049052e-06 2.3517328305688465e-07 3.759233210176478e-08 4.2196842214728675e-08 5.13763699141665e-08 1.0364600648368675e-05 3.627716942760793e-07 0.0 9.664155289580076e-05 1.9651258445246394e-05 3.0284350011097918e-05 2.296056709343215e-05 3.8107191781990685e-06 3.4538018774546612e-06 1.0663337739559634e-06 0.0 8.021982909987205e-07 1.4143661329593574e-05 1.5905219033583894e-06 9.385876730018564e-07 3.0885095113670906e-06 1.4909568391212784e-07 2.7602559401502194e-07 2.97129359728629e-07 2.603300655745477e-07 7.821251855426125e-07 5.666681799346998e-07 0.0 1.559815652780666e-07 4.6995998383493325e-08 4.195414713646824e-05 4.875217363788752e-06 0.0 1.4538486636786357e-05 3.810787654980197e-05 0.0 0.0 0.0 0.0 0.0 0.0 0.0 0.0 0.0 1.683531951421353e-07 0.0 5.741500128033549e-08 0.0 0.0 2.494049128772879e-07 0.0 0.0 0.0 0.0 0.0 0.0 0.0 0.0 0.0 0.0 0.0 0.0 0.0 0.0 0.0 0.0 0.0 0.0 0.0 0.0 0.0 0.0 0.0 0.0 9.8398968539576e-07 0.0 7.281645512784342e-08 0.0 5.373658036416143e-08 0.0 0.0 0.0 0.0 0.0 0.0 0.0 0.0 0.0 4.571968254773927e-08 0.0 0.0 0.0 0.0 0.0 0.0 1.6258769105372012e-07 0.0 0.0 0.0 0.0 0.0 9.072557820860189e-08 0.0 0.0 0.0 7.262651278743954e-08 0.0 0.0 1.6674241896714336e-07 0.0 6.010984913250467e-08 4.585428540705547e-07 0.0 0.0 7.769252204729928e-08 1.7265138637516283e-07 9.58796801285047e-08 0.0 0.0 0.0 0.0 0.0 0.0 0.0 0.0 2.1421788068718654e-07 0.0 9.610849163263812e-08 0.0 0.0 0.0 0.0 2.133637922088782e-06 0.0 8.986354345364443e-08 7.090840945935627e-05 9.087244448538364e-06 0.00029171838769727327 6.557766885356796e-05 4.4584766486240206e-05 2.629826870727297e-05 3.6915114869961303e-07 1.1439286257780387e-05 3.784293466449454e-07 4.979636419816186e-08 0.0 0.0 0.0 0.0 0.0 0.0 5.11687205872697e-06 3.40756050590924e-07 3.12203267929484e-05 6.248961310446729e-07
0.0010367251888583498 6.825758732862243e-05 3.4046548261393684e-07 0.0008957803022009534 2.342685607374827e-06 0.000357429589093576 0.0006176508286849745 0.0 0.00023690382558743734 0.0 1.0439518455631917e-05 0.0002459323356001854 0.0015370762215554162 0.00027012921418051423 8.585272652111898e-07 0.0 0.0 0.0 0.0 0.0 0.0 0.0 0.0 0.0 2.2691554500423803e-07 0.0 0.0 0.0 0.0 0.0 6.2897527233023374e-06 0.0 2.236513403484291e-05 0.0 0.0 7.676502789460124e-08 9.551742583522385e-06 1.0141261512934095e-06 2.9428009605948214e-06 9.568437817000047e-07 5.8173257908603256e-08 0.0 0.0 0.0 0.0 0.0 2.328393425879376e-06 1.4612600743833785e-07 0.0 0.0 0.0 7.520420271363959e-08 5.524628670555145e-07 0.0 1.7746172830247353e-07 1.3820312234274463e-07 1.577371174248925e-05 8.121337365559882e-06 2.9230885669828664e-06 4.825438471083378e-06 1.9159017277210457e-07 4.2570819922011056e-07 0.0 0.0 5.599170781060941e-08 0.0 0.0 0.0 0.0 0.0 1.9239979859153922e-05 5.77478472674969e-07 0.0 2.4270188671526474e-06 1.6876454698609308e-07 1.1677162083228788e-07 5.140132424061319e-08 0.0 0.0 0.0 0.0 0.0 4.923788267705843e-07 4.7188096272687914e-08 0.0 8.483332400209891e-08 5.253828769624237e-08 0.0 0.0 0.0 0.0 5.029454231724815e-08 0.0 0.0 6.166018910827722e-08 4.86197241949084e-05 4.917104580665667e-06 8.370094493684425e-08 1.0573109615821594e-05 0.000469875857738791 0.0 0.0 2.2489642705520677e-07 1.450298308150231e-06 0.0 1.8274982837327285e-06 3.4490629342318483e-06 1.8519794056327507e-06 4.090390940731484e-06 6.36565045844261e-06 0.0 5.6295079000669696e-05 1.2481339214207707e-06 7.636524253299463e-06 2.8506903960978594e-06 0.0 0.0 0.0 0.0 0.0 0.0 0.0 0.0 0.0 0.0 0.0 0.0 2.1166108033828493e-07 0.0 0.0 0.0 0.0 0.0 0.0 0.0 0.0 0.0 0.0 0.0 2.6441431859009764e-07 0.0 1.2099689677827553e-07 3.2238579403672524e-07 6.585496403887637e-08 0.0 0.0 0.0 0.0 0.0 0.0 0.0 0.0 0.0 0.0 0.0 0.0 0.0 0.0 0.0 0.0 0.0 0.0 0.0 0.0 0.0 0.0 7.271011728696473e-08 0.0 0.0 0.0 6.048889468896178e-08 0.0 0.0 0.0 0.0 0.0 8.259867465408201e-07 0.0 0.0 0.0 0.0 2.7997492892224505e-07 0.0 1.241807347228106e-07 0.0 0.0 0.0 0.0 0.0 0.0 6.642298193878157e-08 0.0 0.0 0.0 0.0 0.0 0.0 9.244240003213553e-06 0.0 1.9798304548686044e-07 0.00015349389658141256 1.439496672247873e-06 3.1203307426519726e-06 6.479852534243768e-07 0.0010507775076397062 1.7285776862429013e-07 0.0 0.0 2.952758402757659e-06 5.828523481908615e-08 0.0 0.0 0.0 0.0 0.0 0.0 3.068512081070313e-07 0.0 8.952258593237627e-05 3.598137332099668e-06
0.0005763332183897646 0.0011668825931776992 0.003017800247823679 8.358209128683177e-06 1.695988535312458e-05 0.0 9.040379827004471e-07 0.0007483783421214362 4.5694593807428696e-06 1.0439518455631917e-05 0.0 9.251628332994702e-05 0.00018535193818069215 0.00020264750056679572 8.049250956700426e-05 9.723284125940142e-06 2.935919667660911e-05 3.3096234853326116e-06 3.1914709583578894e-06 4.325249686878668e-06 2.579260362819126e-06 7.251546468753377e-07 4.917304742616855e-07 1.703391008957947e-06 5.13558811149753e-06 3.2618589029326267e-06 5.10992075260604e-07 2.6929624398323116e-06 1.1517583264994101e-06 3.2548766723849377e-07 0.001359708467027624 0.00033131102394308573 0.00032260033167382955 1.198429067967163e-06 8.45311714900394e-07 1.7913957349277364e-05 4.894630548367505e-05 2.3379066309919372e-05 1.5041348898116651e-05 5.994207676538099e-06 1.3031673453737235e-06 1.284362541730901e-06 3.5140342464407524e-06 6.310230523420915e-06 4.969396691217831e-06 6.230999468801261e-08 0.0003084153949837325 4.6187581692208485e-06 7.093246023748776e-06 1.8136670124574502e-06 1.9625282496450352e-06 3.6548313600474265e-07 2.641211558712537e-06 6.126594115905425e-07 1.0552983510809594e-05 8.661345737297099e-06 4.0084175322738326e-05 0.00015815327803068337 8.950712091678381e-05 0.0002925768628886598 1.4104608026183981e-05 9.308600542212287e-05 4.464035581082951e-06 0.0001637096012285956 7.980322556922122e-06 5.078449888455712e-06 8.202116348635095e-07 5.036705959760062e-07 2.81601046445916e-06 2.252524432672711e-06 0.00015712236110313675 8.464859000646057e-07 4.4894981127997984e-08 0.0002836683927590664 9.688791906033768e-05 0.00011097074215006883 9.631579762680287e-05 4.2473748483221906e-05 0.0004917763032267078 0.00022218971323605084 1.544376496075292e-07 0.0001284028608500326 3.228582421782276e-05 2.251754224296238e-06 1.9529023039418477e-06 6.864704796564742e-06 1.195303593430733e-06 2.0720769729071513e-07 5.748715923840295e-07 6.215542644294196e-07 1.1630882585414128e-06 1.1151882249196948e-06 2.8331545871232915e-06 1.219999248248747e-06 1.2086566080918649e-06 4.5745654408691e-06 4.651764222918305e-06 0.0 1.7073607268885027e-05 3.925031107310235e-05 0.0 0.0 0.0 0.0 0.0 0.0 0.0 0.0 0.0 1.8759853021591132e-06 1.7825739909903713e-07 4.2603344073907395e-08 6.103611154303666e-08 0.0 9.588858523944626e-07 0.0 0.0 0.0 0.0 0.0 0.0 0.0 0.0 0.0 0.0 0.0 0.0 0.0 0.0 0.0 0.0 1.6310661632991694e-07 0.0 0.0 0.0 0.0 0.0 8.320502244559965e-08 0.0 4.922190890576102e-07 0.0 6.379472899666234e-08 2.891556614194891e-07 1.7333988790488567e-07 0.0 0.0 0.0 0.0 0.0 0.0 0.0 0.0 0.0 0.0 7.142707305962827e-08 2.1475052449175849e-07 1.2337974818896132e-07 1.6882310477850918e-07 4.639595133807483e-08 0.0 3.1966680018890586e-07 0.0 0.0 0.0 0.0 0.0 0.0 0.0 0.0 3.971043593062073e-08 0.0 3.8330715340021094e-08 4.3471010200080567e-08 0.0 5.158979618880627e-08 0.0 6.377167501742629e-07 0.0 1.475959685393827e-07 2.108615257047038e-07 9.837378095195657e-08 5.4254327786911904e-08 0.0 4.981060236776333e-08 0.0 0.0 0.0 0.0 0.0 0.0 3.376976617368137e-07 2.2398958382976248e-07 4.586667557848833e-08 1.2547289769137066e-07 5.399712462584949e-08 0.0 0.0 3.6008259481063158e-06 1.1166288936523515e-07 3.401748453514528e-07 0.00018973153652371245 1.5796662734608006e-05 0.0007004577032604752 0.00016684845958286348 3.593416601724459e-05 6.465885006495315e-05 2.8848922308639745e-06 3.982242901541795e-05 4.043634643222711e-07 2.2821783520292013e-07 3.622972887807991e-08 9.006447139449237e-08 0.0 0.0 0.0 0.0 1.3727398466107756e-05 8.369626200709646e-07 5.712062336508696e-05 7.491284526690782e-07
1.8778573816569027e-05 3.7863811154532525e-07 2.824047158681709e-06 4.60017255217189e-05 0.0 1.2207328869701474e-05 0.00016261107487811145 1.2654013818922702e-05 6.005206718368547e-05 0.0002459323356001854 9.251628332994702e-05 0.0 0.0017941263752980527 0.0002988491925343401 1.6047267989849164e-05 3.5935064819503202e-06 1.049169110066615e-05 1.055732049807166e-06 1.3655985165465218e-06 8.981213707926093e-07 5.090579436718405e-08 5.346577453547137e-07 0.0 3.0865843560993625e-07 5.682600269270346e-06 2.419963301755743e-07 6.976546827431259e-08 4.3517405693364524e-07 5.34816674736891e-08 0.0 2.5858686364451817e-06 2.076769464053524e-06 0.00016992112775638665 8.614604936644455e-08 3.839468355990185e-07 1.1176148647643859e-05 0.00014319686537440056 2.6331713929016774e-05 5.091562718013484e-05 1.2188455646630519e-05 1.324479841344962e-07 4.6816070106899976e-07 8.603229297345101e-07 4.021918432208945e-07 5.921641957924945e-07 6.998887550969222e-08 1.4228350722598965e-05 2.6949294165957734e-07 5.377744841447493e-07 5.626156192601648e-07 0.0 3.2445628718166645e-07 5.110355034100259e-06 1.455393825333358e-07 4.193641727806298e-08 0.0 3.6466028219825055e-07 4.0059315351590756e-07 2.4898431911789e-07 1.892232937854981e-06 3.4608772200117205e-06 3.7147624987884046e-05 1.1526914597217123e-06 1.6312245383973726e-06 0.0 3.539662466724914e-08 0.0 1.2683796055019345e-07 4.667991833180988e-07 5.192897025134613e-07 0.0001285089419881455 2.9327026340725394e-06 2.392181010771475e-07 7.832535152554958e-07 6.801269647749118e-07 8.010774479686901e-07 8.436473040524561e-07 2.1625132572220698e-06 1.8642045467105195e-06 4.1979864788932044e-06 8.672874424409784e-08 5.844501849143985e-06 4.2731411386274067e-07 0.0 8.479977827404354e-08 0.0 2.427601373419782e-07 0.0 0.0 4.58596123070045e-08 4.821372948247141e-08 0.0 9.563906006619245e-07 4.409078975500027e-07 3.747258174345539e-07 7.794351049175452e-05 2.4777804345200844e-05 1.495784806509147e-07 9.918657691775171e-05 1.2150067601391052e-05 0.0 0.0 0.0 0.0 0.0 0.0 1.0556025282692044e-06 0.0 0.0 3.4600350894403284e-06 9.757349805081976e-07 6.008625973034581e-07 1.1358529245906063e-07 2.0167897638776473e-07 6.439303805388442e-06 3.2839921318043147e-07 0.0 0.0 0.0 0.0 0.0 0.0 0.0 0.0 0.0 0.0 0.0 1.0395726049257949e-07 0.0 0.0 0.0 0.0 0.0 0.0 0.0 1.0540279075759819e-07 0.0 1.8148820183268863e-06 0.0 2.1176724111622725e-06 3.515473283115039e-07 1.2558505397430647e-06 2.123266560669409e-07 6.652818811654508e-08 0.0 5.060094972865273e-08 0.0 0.0 0.0 0.0 0.0 0.0 5.2646811879465896e-08 0.0 0.0 4.8718358851152745e-08 2.831547752523231e-07 5.790961889472284e-08 0.0 0.0 0.0 0.0 0.0 0.0 0.0 0.0 4.4047335431057343e-07 4.0063641845949243e-08 0.0 4.1980887019454094e-08 0.0 0.0 0.0 0.0 0.0 0.0 4.44582583208058e-06 0.0 0.0 0.0 3.926926822785434e-08 3.460121484605699e-07 0.0 4.350802713152782e-07 0.0 0.0 4.760085307255395e-08 0.0 0.0 0.0 0.0 0.0 6.455129582864598e-08 0.0 0.0 0.0 0.0 1.610891664677141e-05 2.6802291897142417e-07 2.9208270922150685e-06 9.767250140983556e-05 2.2485577956372484e-07 3.2935761867262714e-05 1.2749866115883176e-05 0.00014804671967350158 1.7396783006117243e-06 4.377343369541661e-08 4.363688237396138e-06 2.1008600736473614e-06 0.0 0.0 0.0 0.0 0.0 0.0 0.0 2.9485141695298956e-06 0.0 2.2368687145239655e-05 2.8782490719902574e-06
3.558700444933574e-05 0.0005442807093796392 3.665148363145331e-05 0.0003983164347840458 0.00012705982646041026 9.850358625251964e-06 0.0003494017258079958 1.2372847641358048e-05 0.0002786286458934926 0.0015370762215554162 0.00018535193818069215 0.0017941263752980527 0.0 0.0008629997804248276 3.735157188259081e-05 2.0598498683553858e-05 2.4651710445450453e-05 3.1700423629891056e-06 3.2423779267293253e-06 1.3955888824264925e-06 2.846640943647697e-07 2.1695345570915897e-06 1.1413790203430653e-07 6.292519947554347e-07 6.29943848163527e-06 1.6035182035636162e-06 8.436389397533094e-07 8.74335625083275e-07 3.57814209199443e-07 3.221264661204262e-07 7.993671639631306e-06 5.658538578673053e-06 0.00035146230802828694 4.61997937036846e-07 1.1748037836193249e-06 1.8811912161584753e-05 3.6904055080146896e-05 3.888960555702443e-05 4.891570900826868e-05 1.5080371998823414e-05 8.499889362931015e-07 8.722951056141073e-07 1.599044031017799e-06 5.840569381406049e-07 1.434268507981038e-06 0.0 5.26179074675191e-05 2.962892345874513e-07 1.9044055816967104e-06 1.144961149815403e-06 8.83781008932492e-08 6.468955503759842e-07 5.479325189836145e-06 1.7892995726609726e-07 6.090556457972183e-07 3.233406829050366e-07 9.360060915402506e-07 2.1698380391153498e-06 1.6836041007187336e-06 9.254507263173918e-06 8.94053944914726e-06 6.590231677288632e-05 3.2782703237692428e-06 7.65284292395097e-06 4.976123683618132e-07 1.513372275520001e-07 3.5771051190583296e-08 7.8491341484775e-08 6.698152774142926e-07 8.422659937446234e-07 0.00019899251478669718 1.3684589755972004e-05 9.6880079945257e-07 5.7622142706048476e-06 3.819173190516692e-06 5.268882949164787e-06 6.299964928237069e-06 1.571324299448309e-05 1.6416658847121882e-05 5.469539639217186e-05 0.0 1.8167053458546604e-05 6.74764355850645e-07 1.0654131698610069e-07 1.7014481801147327e-07 2.803857033870625e-07 4.0539735982755327e-07 0.0 0.0 3.687053003766154e-07 5.212010545705401e-07 5.235032538137055e-07 2.79268022085205e-06 2.042024777419636e-06 7.06904150302434e-07 0.0005169748577202205 4.2393144732791194e-05 5.129976748393621e-07 0.00011907041105579446 6.728669270990762e-06 0.0 0.0 0.0 0.0 3.8755038968665824e-08 0.0 1.1706827746476993e-06 0.0 9.03258239869769e-07 6.868106556642825e-06 1.8917144417639452e-06 3.903849956240283e-06 1.6332875564070428e-06 2.4914599297558147e-07 1.5690671661867275e-05 0.0 0.0 0.0 0.0 0.0 0.0 1.5630646421874e-07 0.0 0.0 0.0 0.0 0.0 1.360083891392985e-06 0.0 0.0 1.4091789362445077e-07 0.0 0.0 0.0 0.0 4.2821362437310226e-08 0.0 1.4347235250847847e-06 2.0453124858715233e-07 5.748328279183838e-06 1.7448567140426309e-06 6.099797422661345e-06 1.8249578694038304e-06 1.3530443424934347e-06 0.0 5.342315587160426e-08 0.0 0.0 0.0 0.0 0.0 0.0 0.0 0.0 0.0 0.0 3.22642647690948e-06 1.7497896335614413e-07 0.0 0.0 0.0 0.0 0.0 0.0 0.0 2.7083885092771704e-07 2.846911199426526e-06 0.0 0.0 0.0 0.0 0.0 0.0 0.0 4.188183185413262e-08 0.0 9.629732917730289e-06 1.3880665675817096e-07 0.0 0.0 6.682077307132921e-08 1.4179451836536593e-06 6.26420569792209e-07 1.862800056554798e-06 0.0 0.0 0.0 0.0 0.0 0.0 0.0 0.0 5.468125732007683e-08 0.0 0.0 6.554382596771502e-08 0.0 2.356550916690107e-05 2.2540197830591553e-06 6.653549230909821e-06 0.00016551663556930914 1.9038803591386895e-06 0.00011863967679040341 4.5802535060973704e-05 0.00014733607671997247 1.1061716382327016e-05 1.0842187702870428e-06 1.3619683883914874e-05 1.9126668417621135e-06 0.0 4.1472404992228803e-07 0.0 0.0 0.0 0.0 0.0 1.0701122246534477e-05 3.028991479702657e-07 2.7939368511384732e-05 7.369966614808851e-06
4.4374909792699455e-05 0.0008385578857290384 0.00018862145962076756 0.00032448957476735737 0.0003619316438708576 7.108827775780452e-06 4.883009734254262e-05 0.00015382995830479142 5.387610070387825e-05 0.00027012921418051423 0.00020264750056679572 0.0002988491925343401 0.0008629997804248276 0.0 0.00014869833192068205 4.041798413195747e-05 5.522754575234317e-05 6.914190915704814e-06 6.084020757054877e-06 6.302067054060512e-06 2.7401905022890954e-06 2.663743556412117e-06 5.164790670484829e-07 2.8246073049793334e-06 1.664721109547481e-05 3.1852497366123705e-06 6.516003858883781e-07 2.3716443410757456e-06 1.3104253783891832e-06 3.12689692918789e-07 6.91848706609504e-05 5.872499033715748e-05 0.000582478701487342 1.8814245716364432e-06 8.736812890018847e-07 4.924687957973577e-05 0.000529468311060894 8.425475576093926e-05 8.156814894131955e-05 2.643369662983318e-05 1.9726788212811314e-06 1.4000357295421939e-06 5.8057947903818834e-06 6.463681183804526e-06 6.070843948884398e-06 6.116886255498998e-08 0.00028191586264160554 1.6022050971290381e-06 5.542324940891211e-06 3.998551525026422e-06 1.2303078562539515e-06 9.807991344564195e-07 9.4128138957583e-06 8.352972122817107e-07 2.921974313773425e-06 1.7188781631912599e-06 5.140141306077095e-06 1.5737858403223583e-05 1.5231911474589896e-05 7.30651230239464e-05 2.5657147575719337e-05 0.00021165718953037655 7.875974535850328e-06 7.757469422873014e-05 2.93021851228523e-06 1.717427211336113e-06 4.056021388872675e-07 3.060080536499639e-07 3.8642296395704875e-06 3.5070331201983958e-06 0.0003128128542098064 6.2490264195677925e-06 7.974443205214807e-07 5.1649228223696946e-05 3.653491188003345e-05 5.013000699933056e-05 5.800272472998518e-05 9.104915708349747e-05 0.00029262408921897916 0.00014694077523280582 2.2903023844697155e-07 0.0001859026674553311 8.827139010393783e-06 4.618208163625526e-07 6.831145092084989e-07 1.7820640304876274e-06 1.5530640313108334e-06 1.2220176002081192e-07 9.238843013286075e-08 4.165985420950458e-07 6.277118666920583e-07 8.499824427023694e-07 4.693986088744977e-06 1.9323499776484283e-06 1.9400749910634236e-06 0.00034109015587278414 4.1877480451638014e-05 6.490566612524086e-07 0.00016252311586209344 6.417681968919768e-06 0.0 0.0 0.0 0.0 3.874084314020132e-08 0.0 2.7916399607040444e-07 4.172555841600071e-08 0.0 6.780075144979002e-06 2.0905323235990575e-06 2.0069809852958707e-06 1.5172881878733853e-06 1.07554793285624e-06 1.3077416038990876e-05 0.0 0.0 0.0 0.0 0.0 0.0 0.0 6.004218799564213e-08 0.0 0.0 5.930196484252519e-07 0.0 4.658300909229344e-07 0.0 0.0 4.9015701410053554e-08 0.0 0.0 0.0 0.0 5.243333941449489e-08 0.0 8.621779103415178e-07 0.0 4.138838293210925e-06 1.393626917313969e-06 2.8356902361496842e-06 5.567484868200593e-07 1.1513483526670005e-06 0.0 1.6517668991268288e-07 0.0 0.0 0.0 0.0 0.0 0.0 6.822748421214392e-08 0.0 0.0 6.500874947236501e-08 5.845867835809432e-07 2.27076152635117e-07 0.0 0.0 3.706077376997669e-08 0.0 0.0 0.0 3.939902071747203e-08 3.357593576214625e-07 1.5728722082729811e-06 0.0 0.0 3.814543822307138e-08 0.0 4.0250370109138414e-08 0.0 4.305161354010031e-08 0.0 1.5171698905859125e-07 8.615962470479285e-06 3.0948157040761e-07 2.2791935713170993e-07 0.0 5.075732709502991e-08 1.9692944133708157e-06 0.0 8.96818718769666e-07 0.0 0.0 0.0 0.0 0.0 0.0 0.0 1.2661874123817864e-07 4.4396448883038935e-08 0.0 4.108801252001247e-08 3.3831069211450195e-07 6.260183289910858e-08 2.7405402219891744e-05 1.2923678188298247e-06 4.678222906866029e-06 0.00037731830200452173 9.81692537450234e-06 0.0005314865248669099 0.00017808002404304203 0.00013646971699704944 5.576773514398847e-05 2.1857273783364683e-06 4.570502491219232e-05 2.269116311435052e-06 1.3719899843053698e-07 4.531967043009828e-08 5.687771919666923e-08 0.0 0.0 0.0 0.0 2.5690769179092127e-05 1.1944148356445623e-06 4.863084791021662e-05 6.324304784707417e-06
