0.0 0.0016340925142510395 0.0001922979573508915 0.00043328425171597736 5.636867081773785e-05 1.4164280977721487e-05 0.00036138721288620624 4.148816703276667e-05 1.6352841674800736e-05 0.0003814227226676648 4.265628564922052e-05 7.319961796330167e-05 0.00010754825239499951 5.4784766675732844e-05 4.988554701326765e-07 4.308893904766354e-07 0.0 0.0 0.0 0.0 0.0 0.0 0.0 0.0 1.0736078263021957e-07 0.0 0.0 7.076632914773012e-08 0.0 0.0 0.00043761263901231104 2.130291331173051e-06 4.734565831790229e-06 0.0 5.997481251442945e-08 1.640740433509061e-07 5.131333492254402e-06 2.5949652899068107e-07 2.025011927484873e-07 5.68072171271354e-08 0.0 0.0 0.0 4.833255556760903e-08 3.7333356683324595e-08 0.0 6.361401994084097e-06 1.5264733659264524e-07 3.583576661583306e-08 3.8438453333212265e-08 1.1346601052047186e-07 0.0 0.0 5.348458922303344e-08 2.0380845199948075e-06 8.902647698822204e-07 7.078298037134083e-05 0.00015568757738783863 7.923043600416202e-06 8.113460423573692e-06 0.0 6.646053486178914e-07 0.0 1.1844524256943542e-05 1.0140797646736256e-06 3.1920182551686734e-07 8.321354511307118e-08 0.0 5.449817307999602e-08 1.3858300691317617e-07 7.481320116808623e-06 2.7925666569482234e-07 0.0 4.9784165422135276e-05 2.852987706727271e-05 5.041511078765947e-06 2.1909803795523812e-07 3.2332074063487427e-07 3.759414360031784e-07 7.701541683444728e-06 4.0961478961103356e-08 5.884817614050115e-07 4.173926748709331e-06 0.0 3.429269225731505e-07 4.5597744409897165e-07 0.0 5.869995408484898e-08 1.704176035907365e-07 0.0 8.554505831105427e-08 0.0 7.144477870162202e-08 9.142794226918015e-08 0.0 8.256173706451448e-06 1.8273890907910158e-06 0.0 1.626978407633646e-07 0.0002590136765996813 0.0 7.977348945000783e-06 1.81663374106064e-06 1.3577107573948627e-06 1.644541942082079e-07 1.0330866961017968e-05 1.3275118067679393e-05 1.0082393526392873e-05 1.023177248187887e-05 1.1687168806262022e-05 0.0 8.90241322218887e-06 4.5193765795315565e-06 1.2696512136539821e-06 1.5404229133520465e-07 0.0 0.0 0.0 0.0 0.0 0.0 0.0 0.0 0.0 0.0 0.0 0.0 1.1169840649400455e-07 0.0 0.0 0.0 0.0 0.0 0.0 0.0 0.0 0.0 0.0 0.0 1.3273428019037596e-07 9.864861392975774e-08 6.674460368900044e-08 0.0 1.4445090906611713e-07 0.0 0.0 0.0 0.0 0.0 0.0 0.0 0.0 0.0 0.0 0.0 0.0 0.0 1.5498855310604729e-07 0.0 0.0 0.0 0.0 0.0 0.0 5.301809024069078e-08 0.0 0.0 0.0 0.0 0.0 0.0 0.0 0.0 0.0 0.0 0.0 1.6301246898735825e-06 0.0 0.0 0.0 0.0 2.0616518314675176e-07 0.0 0.0 2.0538111400046565e-07 0.0 0.0 0.0 9.1844647735192e-08 0.0 0.0 0.0 0.0 0.0 0.0 0.0 0.0 1.78175246340354e-06 7.050085525906251e-07 6.274388121300029e-07 1.1174806875947794e-05 6.851388623253017e-07 2.4405738417683974e-05 2.7590956252921083e-06 0.0002872050916886901 1.9223996763823487e-06 2.618402595448962e-06 5.057814533844758e-07 3.211707939684947e-06 0.0 0.0 0.0 1.817252513801932e-05 0.0 0.0 0.0 1.1807134487290072e-06 0.0 0.0001787297657543934 4.518076611994863e-05
0.0016340925142510395 0.0 0.0004573274404396106 0.0004309958275697967 0.000654853308950231 2.707990634032389e-05 0.0007231434473110777 0.00011175779096577232 0.0002669861266615624 0.0005236169574936851 0.00018600156925965814 7.250085346572768e-05 0.0008871444827780507 0.00040713603999442634 1.2434587263942196e-05 5.664785486151516e-06 5.974489302468604e-07 1.0097919876801783e-07 3.01307240125371e-07 2.1032664986386328e-07 0.0 5.8866126918332905e-08 2.551508202163582e-07 9.759135448260834e-08 7.109009442328108e-07 9.757512775059168e-08 8.970075212460088e-08 7.508426182597275e-08 9.466402641688204e-08 0.0 0.0008134764126524727 1.8673969209411508e-05 1.7079141588529052e-05 1.9810520671483627e-07 1.8477655054030778e-07 4.865280552548086e-07 1.7797831090245952e-05 1.0931987738929865e-06 2.549543223880297e-06 7.464922072189149e-07 2.31591568755649e-07 9.437238985730804e-08 1.2024623418189178e-07 3.711499331581896e-07 7.232814427907786e-07 1.034974225352727e-06 9.403523165890251e-05 1.6493157278397874e-06 2.415254837501208e-07 1.2211512189844549e-07 8.940815377012606e-07 9.152264207479418e-08 5.023584950485471e-08 0.0 1.3752739766989607e-05 1.0388728200782492e-05 5.6984872212455874e-05 0.0002924518655564966 3.8203468438936214e-05 7.704157917100194e-05 4.2685223503906134e-07 7.361929310979009e-07 1.8266194272266381e-07 6.122997218575549e-05 6.595345887657419e-06 3.1453263139768397e-06 3.9431998492199806e-07 1.268057749992721e-07 4.2089034091033355e-08 1.5041296681379987e-07 1.8884105157826366e-05 3.0328943539104422e-06 5.317193829854174e-08 0.000294865991650852 0.00015318285483428796 8.757746621723923e-05 8.871828973110043e-06 2.8142315779448743e-06 4.84976414732609e-06 1.9330823294996254e-05 5.774198893470899e-07 3.1052108161518254e-06 3.3468217964970344e-05 0.0 3.422832182157421e-06 5.317178805365785e-06 6.091044474429043e-07 8.309563987131583e-08 1.2094014394856549e-06 0.0 4.929187839938222e-07 6.893811141229837e-08 1.5715835030860368e-07 2.3368079785059704e-07 1.2287390124538082e-07 1.4627013373467194e-05 5.115257186525289e-06 1.6871397813261273e-07 1.3337457487103919e-06 0.0007903541310787693 0.0 8.043587937663323e-06 8.715946448717015e-07 4.014825569144243e-06 5.757972410439622e-07 1.1883184193430898e-05 4.894965121461177e-06 1.0514351430455211e-05 7.402426389548714e-06 9.771602369639449e-06 6.108393703615746e-07 1.2159877725512248e-05 7.6043282745204594e-06 3.2360341443264742e-06 1.6862614392062837e-06 1.453378233964298e-07 2.5736413650401403e-07 0.0 0.0 8.122369319169021e-08 0.0 0.0 0.0 0.0 0.0 0.0 0.0 1.1452503811941554e-06 0.0 0.0 0.0 6.375697136755076e-08 6.6082238589773e-08 0.0 3.807058812527156e-07 3.056561999371913e-07 0.0 1.2958588157482543e-07 0.0 4.718601509008085e-06 1.012246734406756e-06 4.753662034787335e-06 9.966141526128332e-07 1.9252929325791602e-07 0.0 0.0 0.0 1.7754850535595324e-07 1.0940112522695701e-06 0.0 0.0 0.0 0.0 0.0 4.280402758283388e-08 0.0 3.392497679628751e-07 2.962168090065087e-07 0.0 0.0 0.0 0.0 0.0 0.0 1.1502791706501841e-07 0.0 4.9231581755497135e-06 3.249664378690561e-07 0.0 0.0 0.0 3.717737446519089e-08 0.0 9.406056769839279e-08 0.0 0.0 7.970211014734366e-06 2.2655238238210976e-07 0.0 0.0 0.0 5.6829598848546175e-06 0.0 4.015227118515313e-06 0.0 0.0 0.0 0.0 7.823904584908934e-07 0.0 0.0 0.0 0.0 4.8247285193511006e-08 0.0 0.0 0.0 1.159267191305075e-05 3.658651778532468e-06 3.913625346066541e-06 0.0001479579855394502 8.967151363075623e-06 0.00027663236635404423 2.305175468666826e-05 0.00019920797148871867 2.149179865791215e-05 2.522642876915172e-06 2.0852635857610366e-05 4.206045270513977e-07 0.0 1.462563304127951e-07 0.0 1.6154868152889216e-06 0.0 8.694580943294165e-07 0.0 3.7435057815162263e-06 1.6050892859854228e-07 0.00015045675060947002 3.113526902132781e-05
0.0001922979573508915 0.0004573274404396106 0.0 2.58275997033872e-06 0.0002741846893037301 2.158174743503095e-06 4.087241429900797e-05 0.0010569225486712194 0.0003137809544223478 2.92686644685709e-06 0.0005618809999711027 2.503015057792869e-05 0.000174223356759572 0.0006046802453773724 1.7646863291555697e-05 1.7789670932773425e-05 2.2192977271357857e-06 2.4694315633594134e-07 9.128289050862806e-08 1.09324403587565e-06 3.29240240736665e-06 0.0 9.143566366108321e-07 5.691503454892741e-07 4.71707231558374e-06 1.0396384611061868e-06 1.534918721908362e-06 2.6980747185457423e-07 2.757046618004623e-07 3.673798180829307e-07 0.0016628820971195033 8.213646459182766e-05 5.0166598884795285e-05 1.907898139070418e-07 1.690955428711019e-06 4.870366661992376e-06 2.8142760983068402e-05 4.158762583085071e-06 4.67753211267535e-06 3.0903523903296754e-06 1.0873769660452197e-06 3.690398533172789e-07 2.995601347084197e-07 7.903322486832833e-07 8.638358731512942e-07 1.775040963260159e-06 3.371211627214765e-05 3.2330902480630864e-06 4.7370851368653606e-07 6.09821550196451e-07 1.0636893057172302e-06 9.887020023498376e-08 1.094954376824797e-06 1.0781204726507703e-07 6.025724020795267e-06 2.6918806597906534e-06 2.962416359420635e-05 0.00031056070408996985 1.150584248151219e-05 1.805450605659758e-05 3.2080912742909526e-06 5.723085744027808e-06 1.3968740391418453e-06 3.872094989608783e-05 1.7483408183142267e-06 1.4790540708978462e-06 9.803647202446467e-07 1.869610837639233e-06 2.880155977597068e-06 6.678063649552131e-06 2.057235979958568e-05 1.3810015955168082e-06 5.4018310697349454e-08 0.0001097436625407859 7.623592469722693e-05 3.209937658354405e-05 5.32828306184692e-06 3.6442584360330055e-06 3.5242441299413765e-05 0.00030790463390699565 2.1008157250071147e-06 6.985213143847861e-05 9.128910664171435e-06 0.0 1.3373131434573248e-06 1.1141977301734002e-06 1.3069269017695328e-06 0.0 6.75602424012694e-07 2.67248386031772e-07 3.0864737496471034e-07 4.27617925508379e-08 6.684631862174129e-06 9.214367631459884e-07 2.2750468026961882e-07 3.879532679760195e-06 1.279755509334629e-07 2.256941867353355e-07 2.7927787782525955e-06 0.00043321750641868624 0.0 2.0109388477482444e-07 0.0 3.462906259488281e-07 2.948555704394832e-07 2.20532658200813e-06 1.2641782165197647e-06 3.4977373203539277e-07 8.471361400773113e-07 1.4598298396253773e-06 0.0 1.325609173708994e-06 1.5162778277798498e-06 2.6269122821356627e-07 6.865056176966584e-07 4.55815198120408e-08 6.617368735788962e-08 0.0 0.0 0.0 0.0 7.582808070932585e-08 0.0 0.0 0.0 5.730000896416173e-08 0.0 1.2351346639892067e-07 0.0 2.1522366915016598e-07 0.0 1.037538892004669e-06 4.004451280846224e-07 6.242635088671541e-08 0.0 1.1999845461612866e-07 8.627002188830912e-08 3.445966860214543e-07 2.449151811980425e-07 7.326327249141875e-07 8.135393885958725e-07 2.165805006762075e-06 8.144860025031616e-07 4.1367773281869103e-07 0.0 1.0761768573119154e-07 0.0 0.0 0.0 2.815156850249336e-07 0.0 0.0 0.0 0.0 7.370952113822494e-08 0.0 2.532483941709608e-07 1.2687447006184062e-07 0.0 0.0 4.8659971324323656e-08 0.0 0.0 0.0 6.050027123151737e-08 2.291511209029658e-07 2.4689105081263754e-07 0.0 0.0 0.0 0.0 5.08056098324791e-08 1.4230920808368338e-07 0.0 1.756199643025624e-07 0.0 1.3817429601158362e-06 1.8179676481483107e-07 0.0 0.0 4.736100044048173e-08 1.3579898273073048e-06 0.0 1.9467128590892177e-07 0.0 0.0 0.0 0.0 1.4015972453008514e-07 1.0841347853129768e-07 0.0 0.0 0.0 0.0 0.0 2.2950201953665853e-07 0.0 2.0334173177585543e-06 3.38773775524208e-07 2.4567736773186924e-06 7.302464522223116e-05 4.424677022902901e-06 9.604963985096048e-05 1.6836906941101632e-05 8.164628801172273e-05 7.170586315612806e-06 8.931520611010416e-07 6.828870326254899e-06 2.7324474329213264e-07 0.0 0.0 0.0 3.040028773483191e-06 0.0 4.208309401157965e-08 0.0 2.574947033630336e-06 0.0 2.9006281807921813e-05 6.732611306695219e-06
0.00043328425171597736 0.0004309958275697967 2.58275997033872e-06 0.0 1.99930697242412e-05 0.00023622771708528342 0.0002985889937720062 1.252998119096045e-07 6.802507851705838e-08 0.0009441362973392108 3.937511885234347e-07 0.000536575197743915 0.0005784272522691057 1.5363356353817648e-05 3.707482699652375e-07 1.7141696682634823e-07 0.0 0.0 0.0 0.0 6.291670266715177e-08 0.0 0.0 0.0 0.0 0.0 0.0 0.0 0.0 0.0 1.2919580022074247e-05 5.300959806123229e-07 6.984728674168857e-06 0.0 0.0 0.0 8.888235031501382e-06 0.0 5.302005722508473e-07 0.0 0.0 0.0 0.0 0.0 0.0 3.997938819604681e-08 2.8431277240247013e-06 4.465271547231117e-08 0.0 0.0 4.772793017483183e-08 0.0 0.0 0.0 3.8449415447504705e-07 3.930140317770977e-07 7.841418194234487e-06 1.2838870152869172e-05 9.37540258077105e-07 2.2756355677211306e-06 0.0 6.145191891152699e-07 0.0 1.759574380009963e-06 1.0208181979197755e-07 1.6778573223149042e-07 3.9023825043305075e-08 0.0 0.0 0.0 1.9347296323337266e-05 6.241536707512677e-08 0.0 8.41354565419195e-06 4.289557320625799e-06 2.1356333371060465e-06 4.687030363746631e-08 0.0 1.6984883209070984e-07 4.992986036168569e-07 0.0 1.521616123830886e-07 9.147235876867852e-07 0.0 4.7033943934081347e-08 1.1700599553550613e-07 0.0 3.458203281611821e-08 3.815511865713819e-08 0.0 0.0 0.0 0.0 0.0 0.0 3.401994149387583e-05 3.5088036528068404e-07 0.0 6.278858475705665e-07 7.771145501695561e-05 7.83122788478058e-08 1.0342384451397723e-06 1.0609794236857813e-06 5.985198867347042e-06 0.0 2.041043511885262e-06 3.6363732544421163e-06 3.892146146811563e-06 1.3904895023131988e-05 5.577451055379112e-06 0.0 3.914748451472281e-06 1.605671293547523e-05 8.302702875238512e-07 2.0968624171701166e-07 0.0 0.0 0.0 0.0 0.0 0.0 0.0 0.0 0.0 0.0 0.0 0.0 0.0 0.0 0.0 0.0 0.0 0.0 0.0 0.0 0.0 0.0 0.0 0.0 2.790076020759557e-07 0.0 0.0 0.0 0.0 0.0 0.0 0.0 0.0 0.0 0.0 0.0 0.0 0.0 0.0 0.0 0.0 0.0 0.0 0.0 0.0 0.0 0.0 0.0 0.0 0.0 0.0 0.0 0.0 0.0 0.0 0.0 0.0 0.0 0.0 0.0 0.0 6.321958020462857e-07 0.0 0.0 0.0 0.0 8.178651394146174e-08 0.0 1.349180703705197e-07 0.0 9.957700210823223e-08 0.0 0.0 0.0 0.0 0.0 0.0 0.0 0.0 0.0 0.0 0.0 9.492878251630791e-07 0.0 0.0 4.446436487200078e-06 2.6388791590892276e-07 8.41887984198444e-06 6.31292806818242e-07 0.00012618038543274417 1.0155729797125374e-06 0.0 1.9188840848193464e-07 0.0 0.0 0.0 0.0 2.7511240884623105e-06 0.0 0.0 0.0 3.068341923884707e-07 0.0 0.00016433059134183479 1.5825409449902282e-05
5.636867081773785e-05 0.000654853308950231 0.0002741846893037301 1.99930697242412e-05 0.0 7.644269368767167e-06 0.000298914719110158 3.112088480947743e-05 0.0005899540481105641 0.0003089605323610065 0.000198247095343953 1.38641595588587e-05 0.00045584765771659516 0.0004999740162571094 1.7380565296894916e-05 8.399076100828793e-06 2.71916221402242e-07 0.0 9.989677045726699e-08 5.2473754875901814e-08 1.479336594593013e-07 0.0 0.0 2.0456626670596823e-07 1.4917454561411392e-07 1.3225367796549808e-07 2.3253506323199168e-07 0.0 0.0 0.0 0.0001052017693360151 1.5094452222213691e-05 1.0553535498923352e-05 4.6555877803006114e-08 3.879555170252641e-08 3.198412626207903e-07 1.2424328679143904e-05 5.796503962958238e-07 7.875691264666469e-07 3.947166684076237e-07 7.533501143146275e-08 3.478162659963028e-08 3.8681171382171464e-08 5.946376115771715e-07 4.0414736263515405e-07 4.314483092700233e-07 7.320518914247973e-05 9.661479830655174e-07 3.905087552488916e-08 3.727372113115645e-08 3.7468159494812106e-07 0.0 0.0 1.1969975398601864e-07 5.988500498670896e-06 3.876974714371541e-06 1.4505780566783653e-05 4.125200108351934e-05 1.2449860360664223e-05 3.5843747109022186e-05 9.300749831926522e-08 2.2228244270030602e-06 0.0 3.1631821643592034e-05 2.2668457618265156e-06 9.500453275707781e-07 1.581537048798176e-07 3.754059787451658e-08 1.4254692864064709e-07 9.582387494882417e-08 2.7233590291919882e-05 7.2594078755103824e-06 0.0 0.00010321270804276633 4.9021501579804326e-05 6.095211603073384e-05 1.227629841336247e-05 3.3099218714052444e-06 3.846814106779644e-06 7.723820634367135e-06 3.9331295293710355e-07 4.008773439161826e-06 1.2393932253954629e-05 4.5337492811441505e-08 8.874339200890102e-07 1.7300820242427412e-06 3.892166279056898e-08 0.0 3.6937414107010406e-07 1.400254289373582e-07 2.968306895410455e-07 8.145266369149454e-08 1.7231223283723416e-07 0.0 6.81378190909294e-08 4.047179464640929e-05 1.0745426984153026e-05 0.0 4.106115495267936e-06 2.952771950026695e-05 0.0 1.0405933669375615e-05 6.140463388719256e-06 4.37239359599795e-06 3.022387107426806e-06 3.075517976656253e-05 1.2387976182526542e-05 3.2026501110028996e-05 2.00786662087012e-05 3.40539229241913e-05 2.538384283098847e-06 3.8378831123102826e-05 1.92542875516357e-05 9.783796925925849e-06 9.023564190939437e-06 0.0 0.0 0.0 0.0 0.0 0.0 0.0 0.0 0.0 0.0 0.0 0.0 2.8747760760913186e-07 0.0 0.0 0.0 0.0 1.025878967767641e-07 0.0 1.1952353992840427e-06 9.681700572502343e-07 0.0 0.0 2.4572735723525267e-07 1.7173480728169152e-05 1.5152186724869824e-06 1.0074180644490562e-05 1.4532755879685644e-06 5.139956904785638e-07 0.0 0.0 0.0 0.0 9.58954817174051e-07 3.3327114557446425e-07 0.0 0.0 9.118136885967014e-07 0.0 0.0 1.0989669858621854e-07 4.076709181729448e-07 0.0 0.0 0.0 0.0 3.1927128887713765e-07 7.517475022196209e-08 0.0 6.705713865745013e-07 0.0 1.597770593054444e-05 5.969574117921358e-07 0.0 0.0 0.0 0.0 0.0 0.0 0.0 2.643053363186293e-07 3.1211721578677475e-05 4.6820653109874477e-07 0.0 0.0 0.0 2.165895864723487e-05 3.0398318189445626e-07 1.0963659630784402e-05 0.0 2.1093301815420472e-07 6.991319999746712e-07 0.0 0.0 0.0 0.0 0.0 0.0 0.0 0.0 7.135363582981265e-08 0.0 4.100154004495503e-05 1.1143684117761746e-05 1.1056423141229343e-05 0.0002036430347832296 7.012100841289296e-06 0.0001988847423320154 2.5414885878287953e-05 3.965952443581971e-05 2.408039655967957e-05 3.6185327735707223e-06 2.1395856607394607e-05 3.2457431579534142e-06 0.0 1.8775816879808061e-06 1.232962672158493e-06 1.3615259601630287e-05 0.0 0.0 0.0 3.5617598737409336e-06 0.0 0.00012065887836578407 0.0001015210613951091
1.4164280977721487e-05 2.707990634032389e-05 2.158174743503095e-06 0.00023622771708528342 7.644269368767167e-06 0.0 5.955325426316008e-05 5.313202807848047e-07 8.401054015680325e-07 0.0002667579245448263 2.654811448125527e-07 5.9825806876930895e-05 5.515048815168191e-05 3.672567154495001e-06 2.4821969719521134e-07 5.2140171395969964e-08 0.0 0.0 0.0 0.0 0.0 2.291576585472987e-07 0.0 0.0 0.0 0.0 0.0 0.0 0.0 0.0 1.3329899301551559e-05 5.523767384571035e-08 3.1315785229505108e-06 5.474189774122191e-08 0.0 0.0 6.662844689362613e-06 0.0 1.396963720113861e-06 1.2495800835565024e-07 0.0 7.450120923672051e-08 0.0 0.0 6.166192312889836e-08 0.0 4.03239537091004e-07 0.0 0.0 1.1809060780361299e-07 1.7141045052361818e-07 2.625058205491471e-06 0.0 0.0 1.174740631256566e-07 3.0061248558691877e-07 9.794067946476107e-05 1.7662123522848154e-05 1.4928709909326683e-06 3.626659666598304e-07 0.0 5.568345013170728e-07 0.0 7.894734803701661e-08 0.0 0.0 1.402741582044472e-07 0.0 4.477419898947393e-08 0.0 4.087858367975632e-05 8.926246719648393e-05 1.2104990214014935e-05 2.131905062243131e-06 2.2852714934722533e-07 1.480321011592778e-07 0.0 0.0 0.0 1.6534310184422471e-06 7.947538908804672e-08 2.087525643779697e-07 0.0 2.2031662924896337e-07 0.0 4.7006208387046495e-07 0.0 5.117460998685817e-06 2.767993942566301e-06 1.0278524524581201e-05 1.68758952715025e-06 1.641877471424514e-06 3.38288385666429e-07 1.174437046956342e-07 1.4751902412876373e-06 0.00010043368514400755 8.748303694133956e-05 7.544433308056075e-06 1.5826384007081542e-05 9.77046106198066e-05 0.0 3.206137226465249e-06 1.5482150811239447e-06 6.135025462952353e-07 3.056816391277619e-07 4.22521357967317e-06 5.7672563847046425e-06 3.7653809350853995e-06 5.435413447646881e-06 8.165035512009991e-06 3.7818962091292086e-07 7.467059881885998e-06 2.9206062824872423e-06 7.648528398621605e-07 4.6652251145975204e-07 0.0 0.0 0.0 1.0369938879363244e-07 0.0 0.0 0.0 0.0 0.0 0.0 0.0 0.0 0.0 0.0 0.0 0.0 6.72594342878802e-08 4.73312929293456e-08 0.0 0.0 0.0 0.0 0.0 0.0 5.009627293250802e-07 0.0 2.4457566830945834e-07 1.2765994064004574e-07 1.1871665660869539e-07 0.0 0.0 0.0 0.0 0.0 0.0 0.0 0.0 0.0 0.0 0.0 7.24495769320872e-08 0.0 0.0 9.32371090671544e-08 0.0 1.7861319879475433e-07 0.0 0.0 0.0 0.0 0.0 4.056070215605532e-07 0.0 0.0 0.0 0.0 5.013674977212438e-08 0.0 1.2081494877097758e-07 0.0 0.0 6.887738245867869e-07 0.0 0.0 8.856780112608925e-08 0.0 2.3863052733895026e-07 0.0 2.2758241350098488e-07 0.0 0.0 0.0 0.0 0.0 0.0 0.0 0.0 7.739955540580678e-08 1.6703184366853647e-07 6.570311212940685e-08 5.516517997783854e-08 0.0 3.27143321195138e-06 2.879305475598113e-07 4.3125115910003504e-07 2.9741614306061583e-06 2.1991170434771237e-07 1.6540165608851629e-06 3.9372751001509745e-07 0.00011100788583788471 1.7219945918387877e-06 1.5248406621714587e-07 2.632453095769799e-07 1.3857099514771803e-07 0.0 0.0 0.0 3.7550424900093286e-06 0.0 0.0 0.0 0.0 0.0 5.5727358163961336e-05 3.5831737769392856e-05
0.00036138721288620624 0.0007231434473110777 4.087241429900797e-05 0.0002985889937720062 0.000298914719110158 5.955325426316008e-05 0.0 4.318741688608748e-06 0.00020079898308162435 0.0010759464194417534 6.718456342429782e-05 0.00011499055889516484 0.0010591092015499414 0.0003927579188098441 9.750722545742957e-06 6.08854423096217e-06 2.8778809947480416e-07 0.0 0.0 4.3053336630133025e-08 5.2358848129343794e-08 0.0 0.0 0.0 2.503089760872327e-07 0.0 9.143723653721162e-08 0.0 3.2612874424225716e-07 9.131573879231366e-08 5.548859120331243e-05 5.1886020116835915e-06 1.1992244226490663e-05 0.0 0.0 5.561884198608029e-08 2.0363639226270347e-05 5.973500403732242e-07 1.2018939082276024e-06 3.3292928155263525e-07 0.0 1.00665658610075e-07 0.0 3.0991379279037247e-07 1.7032535095558002e-07 2.621211442049657e-07 3.604958719197613e-05 3.7497171269696056e-07 1.545011286821321e-07 4.116808701807812e-08 3.734911781270621e-07 0.0 9.992609026261841e-08 0.0 4.112439542168915e-06 2.4768100312743648e-06 1.613982501549459e-05 4.444035921111986e-05 9.991309845518903e-06 2.100787031577806e-05 0.0 1.8780530386208582e-06 0.0 1.6599332510092477e-05 1.3211761422097681e-06 6.413785993292372e-07 1.1517432401735011e-07 3.9528223155335867e-08 3.506829412267928e-08 1.5072338754079612e-07 3.11951547290935e-05 4.807860258753454e-06 0.0 7.118420742374067e-05 3.0092534743758506e-05 3.217689782876918e-05 5.410841053388998e-06 1.5739455988008717e-06 1.913655224950676e-06 5.499283326764192e-06 4.935602770054841e-08 1.692514895198976e-06 7.732917083525045e-06 0.0 9.431010296668192e-07 1.1292881712306914e-06 5.160901447092709e-08 4.526340188029141e-08 2.1188558992561679e-07 0.0 2.8581209469672453e-07 4.7676045181423936e-08 1.8923770671512698e-07 4.1441113699986426e-08 5.5999778925752974e-08 6.140003816509805e-05 5.881283501532795e-06 0.0 3.0720976582765935e-06 7.251801223177996e-05 4.6648091311890713e-07 1.4405606152744399e-05 7.236901003383641e-06 7.5985121293113105e-06 6.683591266961855e-06 4.8008346013241176e-05 2.1786011301895652e-05 4.901943881785383e-05 2.7586061136594366e-05 4.911804251126658e-05 3.646671851188774e-06 5.8801556241446615e-05 2.5581253702883044e-05 6.836873007597086e-06 1.0178131910437702e-05 4.968102936628987e-07 2.7810214189278577e-07 0.0 0.0 0.0 0.0 0.0 1.4206646869312134e-07 0.0 0.0 0.0 0.0 3.403331175194814e-07 0.0 0.0 3.5642960884793724e-07 2.671729078964381e-07 0.0 0.0 2.318649433056834e-06 6.068246947456457e-07 0.0 0.0 0.0 1.0741165179890222e-05 2.813617451981905e-06 9.535246245369315e-06 9.242821536845911e-07 5.561360191119933e-07 0.0 0.0 0.0 0.0 7.945559830835784e-08 4.234337548827927e-07 0.0 0.0 0.0 0.0 0.0 0.0 7.006638006314959e-07 0.0 0.0 0.0 0.0 4.857526507992706e-07 1.4584268035292138e-07 1.7493643544719747e-07 3.849005021498199e-07 0.0 1.8305634169641478e-05 5.120621377054419e-07 0.0 0.0 0.0 0.0 0.0 0.0 8.274285961964047e-08 5.508722977351043e-08 3.3372527855631104e-05 1.070138606485204e-07 0.0 0.0 0.0 1.5758372555177884e-05 0.0 1.0816983752915486e-05 1.0450197533730538e-06 0.0 0.0 0.0 1.9682717763446234e-06 0.0 0.0 0.0 0.0 0.0 0.0 8.254608292770167e-08 0.0 3.977443568901287e-05 8.262115845369825e-06 6.91332003391469e-06 0.00012150066161926789 5.382126296705473e-06 0.00011746180783828243 1.5292182392942037e-05 0.00011484709719784528 1.2161055568572309e-05 1.0212752639136678e-06 1.2885822269541076e-05 1.5354192002793406e-06 0.0 1.278992554147407e-06 2.722564456775871e-07 1.9799945658297144e-05 0.0 0.0 0.0 2.5020769346422645e-06 0.0 0.0002539326626658119 0.00015190189478710505
4.148816703276667e-05 0.00011175779096577232 0.0010569225486712194 1.252998119096045e-07 3.112088480947743e-05 5.313202807848047e-07 4.318741688608748e-06 0.0 0.00013126178404544755 1.1325205881796408e-06 0.0002495332410822792 1.1697337685189759e-05 6.034596436477495e-05 0.0003352024907401769 3.4394512742066534e-05 3.323693484640036e-05 4.415154563340145e-06 7.465555384253059e-07 4.4652357644770425e-07 3.397942249748002e-06 8.532581815936577e-06 4.036972077636436e-07 2.45414392233506e-06 2.0450085469330138e-06 9.190524945728952e-06 1.313314468394394e-06 3.796664740563315e-06 6.795208810122745e-07 6.200833326782304e-07 9.24183199786147e-07 0.00043555799272203375 0.00047076663990993695 6.238227599869662e-05 1.3220596738960327e-06 5.023873944243229e-06 1.23348500361938e-05 3.1024636578097973e-05 9.57900909781319e-06 1.2633526934441463e-05 7.94418495498455e-06 4.368810508059071e-06 8.226534979301229e-07 1.898427678322952e-06 1.6168568572671131e-06 2.0367617745654154e-06 5.504337640777201e-06 7.331239559686602e-05 6.620609194965241e-06 1.4424960084051118e-06 1.7803434374308495e-06 2.748000890722766e-06 1.0775799965591596e-06 1.479294348890216e-06 3.539615734166655e-07 3.602135924081003e-06 3.015171956127493e-06 1.3208340444973883e-05 0.00010132307277401355 1.103412174961156e-05 3.1038108393744274e-05 1.1825723941041904e-05 2.1813704955364153e-05 3.6793456708281944e-06 0.00010258201506303716 2.3817889669560433e-06 2.493302334639664e-06 1.1565490276646493e-06 4.625128614355957e-06 7.857497530471203e-06 1.8713832766058208e-05 1.7575645484357086e-05 2.7106271628407594e-06 5.5974595834416276e-08 0.00010809582410714932 7.653461006453396e-05 7.983387265543398e-05 2.068867383277577e-05 4.089193829799069e-05 0.0006474494779524214 0.0005467412737011063 1.1593977023202341e-05 0.00042608423850285014 1.2481054453157716e-05 0.0 2.942567239970584e-06 1.7737209033157895e-06 4.01644337290353e-06 1.2129821158234137e-07 5.41251072791396e-07 2.0107623171235215e-07 1.103424919454978e-06 5.399258695207451e-07 1.5075796139977832e-05 2.656268905308901e-06 1.0866748344260566e-06 3.8966362919968906e-06 8.707110171482239e-07 1.781667573621359e-07 5.551965969691637e-06 5.432399005648264e-05 0.0 0.0 5.13316895902093e-07 0.0 0.0 1.499943100139028e-06 8.39384090961795e-08 1.0202205049909833e-06 8.217021533008736e-07 8.966753427549298e-07 2.523077132292576e-07 4.46043635812514e-07 4.937738281972454e-07 8.585603214125707e-07 1.3827271423579698e-06 2.5473657970547293e-07 2.2534673477049947e-07 1.9360027535568367e-07 1.9230559769094393e-07 0.0 0.0 0.0 7.895116818392278e-08 0.0 0.0 1.3814718648489834e-07 8.570498872571109e-08 1.0884498262040362e-06 6.308096898411645e-08 8.396108668334417e-07 5.1255138683639904e-08 8.066287428426388e-07 7.151280861756907e-07 7.483506553347519e-07 0.0 0.0 5.308238039643567e-07 8.266620058228346e-08 3.876402126281542e-07 1.159628332841045e-06 1.6538293487882246e-06 1.1700010276327199e-06 7.940042279548727e-07 1.013701015248243e-06 0.0 5.6183761326796556e-08 0.0 0.0 1.410462262560765e-07 7.946077720397734e-07 7.040085419930611e-08 0.0 0.0 4.845753199376791e-08 0.0 6.597895234595463e-08 1.1726222104058835e-06 1.3529086904564742e-07 0.0 0.0 0.0 0.0 0.0 0.0 2.6236174943524493e-07 4.941262847679449e-07 2.734297042056659e-06 1.114665335362156e-07 0.0 0.0 0.0 5.026650671731668e-08 1.63768990037021e-07 0.0 5.8067381863168963e-08 9.611616242728446e-08 2.8203101608439967e-06 5.267231003474294e-07 2.739292823166981e-07 1.8655506368275385e-07 5.900257196615803e-07 9.894244333902234e-07 0.0 1.2892263151046737e-06 1.7747056582242656e-07 4.716580658408597e-08 1.2285643670040015e-07 0.0 3.5032954918250304e-07 6.710728288745406e-08 0.0 0.0 0.0 0.0 5.015446685940517e-08 0.0 6.357383195981886e-08 2.161566816982798e-06 1.735010550848685e-06 2.383976029515287e-06 0.00015108264741254315 7.114494721554754e-06 0.0001797550888196475 3.09112080043058e-05 1.2977099120376105e-05 1.9792591989324677e-05 1.7712086836527966e-06 1.4836395824581824e-05 8.671737638583517e-07 0.0 9.059985428859507e-07 2.592158549010928e-07 0.0 0.0 0.0 4.566974244119662e-08 4.760741862540052e-06 5.2944376344524e-08 1.8491574744554015e-05 4.863679715363049e-06
1.6352841674800736e-05 0.0002669861266615624 0.0003137809544223478 6.802507851705838e-08 0.0005899540481105641 8.401054015680325e-07 0.00020079898308162435 0.00013126178404544755 0.0 2.0238593912974463e-05 0.0006379472927949732 4.568179777909391e-06 0.00014606439387899878 0.00024712301148085714 5.876308944646485e-06 4.766346626287061e-06 2.615984954655834e-07 0.0 3.885408104828132e-08 5.6298522239068624e-08 1.0295859686094708e-07 0.0 4.539388088304604e-08 0.0 1.8017875119645062e-07 4.7858697289224645e-08 1.9569642980074935e-07 0.0 0.0 0.0 4.1178548191598185e-05 6.524945972488636e-06 1.5694064454701978e-05 0.0 0.0 5.459321435125528e-08 8.218764338092718e-06 1.6211359660128784e-07 1.4120976340161124e-06 9.750725789666586e-08 0.0 0.0 9.594501700034167e-08 0.0 1.7847059776159356e-07 1.6115287233759565e-07 1.8444907029638323e-05 1.473411881093345e-07 1.360119199957172e-07 0.0 6.036164329341638e-08 0.0 7.569447516175695e-08 0.0 8.397720137194598e-07 1.0702971959358166e-06 2.447419133486985e-06 9.169693161780424e-06 1.9534211224228363e-06 8.86047286793087e-06 1.0250374327988077e-07 7.675192312639803e-07 0.0 7.355467020288777e-06 5.512895794243924e-07 1.931561032468326e-07 0.0 3.4242406105652326e-08 0.0 1.8688069741563243e-07 1.0157685797707739e-05 2.3575752005490136e-06 0.0 2.163089526116818e-05 9.577966343542097e-06 1.5769829040585962e-05 4.01286533225372e-06 9.423334291240483e-07 1.7245154548509252e-06 2.319982995121926e-05 3.531862400998035e-08 1.8865574859440643e-06 2.981968395222684e-06 0.0 1.348385977985232e-07 3.930943366716044e-07 0.0 0.0 2.894095526481737e-07 0.0 1.3586572290247997e-07 3.500029621913649e-08 1.992532960236203e-07 3.5425040355546766e-08 1.3420127351328024e-07 1.157240331265924e-05 1.6600211062071416e-06 0.0 1.0068429765459793e-06 1.1272613165269413e-05 0.0 1.4401314868614222e-06 8.432823410204311e-07 8.504002564203272e-07 1.6180868627614174e-06 1.1736158412869755e-05 4.0762212557778665e-06 1.2472005524635435e-05 5.068055718122878e-06 1.176370511161812e-05 5.824519654099537e-07 1.0373534807833158e-05 3.843924389731968e-06 1.9065073388265424e-06 2.481070868051176e-06 3.478650031032936e-07 0.0 0.0 0.0 0.0 0.0 0.0 7.089251493138259e-08 0.0 0.0 0.0 0.0 3.6861035000343807e-07 0.0 0.0 0.0 0.0 0.0 0.0 3.380896953441033e-07 6.867014055609995e-07 0.0 8.686229404998288e-08 0.0 4.1912433714838495e-06 2.1900350176857907e-07 5.470126197780316e-06 3.443784041077328e-07 1.1892635919808018e-07 0.0 0.0 0.0 0.0 0.0 6.324896296770832e-08 0.0 0.0 1.7427921367425146e-07 0.0 0.0 0.0 0.0 0.0 0.0 0.0 0.0 4.7262843295209626e-07 0.0 0.0 0.0 0.0 4.9692058066383154e-06 5.8877494878772467e-08 0.0 0.0 0.0 0.0 3.9797703574240975e-08 0.0 0.0 0.0 9.634957639107491e-06 0.0 0.0 0.0 0.0 6.758180239983269e-06 1.9177443365203346e-07 5.222255225932242e-06 0.0 5.2477244227964147e-08 0.0 7.127082329697364e-08 6.57083763914377e-07 0.0 0.0 0.0 0.0 0.0 0.0 0.0 0.0 8.518081722739772e-06 1.7994929624226205e-06 4.401438386341471e-06 6.557435167344767e-05 3.817878030560927e-06 5.2786672801629546e-05 9.650599917102963e-06 5.849805316736325e-06 9.217294632287697e-06 5.560003043026785e-07 6.612460963891767e-06 2.9690095676835565e-07 0.0 9.512008544281481e-07 0.0 5.827766722058831e-06 0.0 0.0 0.0 2.3835811209396302e-06 0.0 2.3485550622046398e-05 2.4677166823399585e-05
0.0003814227226676648 0.0005236169574936851 2.92686644685709e-06 0.0009441362973392108 0.0003089605323610065 0.0002667579245448263 0.0010759464194417534 1.1325205881796408e-06 2.0238593912974463e-05 0.0 3.3541006076634216e-06 0.0010090448146082476 0.001923200932287756 0.00012811593291300175 2.703983087934578e-06 1.5753828170308977e-06 2.611418491898796e-07 0.0 8.654064763989934e-08 8.972761053175947e-08 0.0 1.4737162834883438e-07 0.0 1.2616637702162103e-07 1.6561568604356771e-07 0.0 2.1452116049601963e-07 0.0 0.0 0.0 6.025471684797303e-06 5.879968090500909e-07 6.717727570087807e-05 0.0 0.0 1.9295065830721196e-07 0.00011164851004000947 1.3445433299158298e-06 3.615034511389216e-06 1.2770830355760032e-06 0.0 0.0 0.0 0.0 4.058977226465366e-08 0.0 4.867247081654514e-06 4.9919979555269844e-08 0.0 0.0 0.0 1.2100015831418385e-07 1.805028234353889e-07 2.354137324432708e-07 9.42110046567251e-08 2.532676549675128e-07 1.421664303420512e-05 6.299193249293679e-06 1.5588506546653835e-06 2.8478531390396007e-06 0.0 4.416720019704628e-06 0.0 1.5146852818075101e-06 2.5537661081734125e-07 1.3474613886120612e-07 8.273823204876067e-08 0.0 0.0 1.1544486795946279e-07 0.00031529880785086735 5.3165088355420806e-06 3.921946778474698e-07 7.277561316759511e-06 3.914953113886464e-06 3.5443849350366884e-06 1.6085977387822784e-07 9.876500391771232e-08 2.4539733780299305e-07 4.593338152113044e-06 0.0 3.4118497826714963e-07 1.162583429888984e-06 0.0 0.0 1.2481812481991617e-07 8.368822148623059e-08 1.1674040284524947e-07 7.85734502693433e-08 1.5778488641361724e-07 0.0 0.0 1.5578969197766172e-07 0.0 0.0 0.0002414092176146013 1.9617606631809932e-05 0.0 8.37448853980517e-06 6.586319286720013e-05 1.4808263024951937e-06 2.7970058931627785e-05 1.0963619444546279e-05 3.669662301271212e-05 6.994572011843996e-06 6.333335488230763e-05 5.1023792255205134e-05 4.995477598582795e-05 6.29498024580698e-05 8.736522997055139e-05 2.79787033336254e-06 6.306553039037835e-05 7.766921122067476e-05 2.660074836929106e-05 7.418370544516184e-06 1.482497570526497e-07 0.0 0.0 0.0 0.0 0.0 0.0 0.0 0.0 0.0 0.0 0.0 6.111832725064739e-07 0.0 6.77755738384e-08 5.280688306830667e-08 0.0 0.0 0.0 1.835939959657306e-06 1.3299293543694014e-06 0.0 1.2044170547912432e-07 0.0 7.0018440136163045e-06 1.1510485069766517e-06 3.7976184825659482e-06 6.398229601020544e-07 1.5742823621796252e-07 0.0 0.0 0.0 0.0 0.0 1.8038317529606934e-07 0.0 0.0 2.9331591607281835e-07 0.0 0.0 0.0 0.0 0.0 0.0 5.041383491550376e-08 0.0 2.694984312178942e-07 1.4642900532127384e-07 6.987350319343413e-08 0.0 0.0 6.996390440897594e-06 1.886151935022464e-07 0.0 0.0 0.0 0.0 0.0 5.858313015097029e-08 0.0 7.731361988508733e-08 2.1802266386231652e-05 0.0 0.0 0.0 0.0 7.828633236733595e-06 5.541080261894256e-07 5.057227984789577e-06 1.541950154019733e-07 8.715473803353057e-08 0.0 0.0 1.956449182853909e-07 0.0 0.0 0.0 0.0 0.0 0.0 0.0 0.0 4.153507928688143e-05 4.3493229071799735e-06 2.812796116840148e-06 4.023258916206242e-05 1.1259306818183705e-06 1.85873147541176e-05 4.602122501671203e-06 0.00018314330419996085 2.1881994050849794e-06 3.4840762046905495e-07 1.0670474745039077e-06 2.3672937965556232e-06 0.0 1.7473849385943763e-06 8.662007397175633e-08 3.3598884944562676e-05 0.0 0.0 6.955914138378243e-08 2.284739447313759e-06 0.0 0.000609425282996573 0.0002893152817340809
4.265628564922052e-05 0.00018600156925965814 0.0005618809999711027 3.937511885234347e-07 0.000198247095343953 2.654811448125527e-07 6.718456342429782e-05 0.0002495332410822792 0.0006379472927949732 3.3541006076634216e-06 0.0 3.395843178261523e-05 0.0003470261827827829 0.0012433806255324029 2.7463581019933562e-05 2.3313777207769627e-05 2.6832403091406405e-06 3.3456775465425986e-07 2.1396097543419728e-07 3.080283119776203e-07 1.5659698647891845e-06 4.449509279630678e-07 5.125178058243495e-07 6.057844516698176e-07 4.938531666728376e-06 1.0483624992947548e-06 1.5542121533280004e-06 4.2880615125821434e-07 8.222893710596111e-07 2.872743110575292e-07 0.00014154984143006601 5.9439268854937734e-05 0.0003049059304156631 4.6145766892268014e-08 1.4783116214340085e-06 7.636292457410392e-06 9.141150441180065e-05 2.118956205856538e-05 2.1766945713427804e-05 8.448040047716055e-06 1.7185105609494334e-06 7.606819330427315e-07 3.1511214128086676e-07 8.320481035072717e-07 9.527900319841744e-07 8.078974513336708e-07 5.776668741515638e-05 5.13185139960102e-07 3.4723240954001074e-07 5.623679165288956e-08 7.523538029282199e-07 1.178361628995934e-06 1.7362784590296111e-06 4.892038049494686e-07 2.4515413138702247e-06 1.9458105325647293e-06 7.501301619288094e-06 3.181043046380128e-05 6.517454532799117e-06 2.196471767812835e-05 8.436397808553908e-07 3.472463688690043e-05 9.59811949297618e-07 2.3735906713278815e-05 1.3648659316763624e-06 9.441820814441879e-07 2.691918306378042e-07 5.986078006220059e-07 9.590916488605809e-07 3.6768981909173798e-06 4.0679305104604146e-05 3.055702999858099e-06 9.715378404289861e-08 6.354835780814589e-05 3.267372098074778e-05 4.816345189180875e-05 9.845604889642898e-06 5.071708319219101e-06 4.4337074941399765e-05 0.0004982250010156903 1.457994422655925e-07 2.681247423510418e-05 5.590818638637196e-06 0.0 5.309631219476156e-07 7.596177233469281e-07 3.7113968563189854e-07 3.877053223014476e-08 3.9349813758177313e-07 3.195565193989296e-07 2.949294088283332e-07 0.0 2.7284239325526284e-06 5.390797496642373e-07 3.853600579973759e-07 1.1736343039075816e-05 2.4447831858815993e-06 1.5842685605440906e-07 8.936190004317895e-06 3.2749157994369955e-05 0.0 5.938001635252792e-07 1.1737709541904875e-06 0.0 2.0454544797240983e-07 1.3662655886854115e-06 1.5198794011037107e-06 2.6914319099079962e-06 2.730303291882303e-06 2.5273109648279424e-06 2.1283847470720363e-07 5.94700653604844e-06 1.679926319570372e-06 9.424359719687017e-07 1.6531218853252886e-06 9.32235998325645e-08 1.2678221742668416e-07 1.491152728691938e-07 5.9324505420799617e-08 0.0 0.0 5.5907846414638944e-08 0.0 5.0979355378033015e-08 0.0 0.0 0.0 1.700374082717621e-06 0.0 8.543884613348823e-07 7.149173734171052e-08 4.5043197088155133e-07 3.56367572365451e-07 2.980789990167083e-07 0.0 7.897157787009367e-08 1.2600489934075924e-07 4.490059107528706e-08 1.7446901877593322e-07 3.100621557006033e-06 1.2150322435450477e-06 3.432606661151035e-06 8.305431292452015e-07 9.772314777240375e-07 0.0 1.4619763033421755e-07 7.322338788128083e-08 0.0 1.493812461513676e-07 6.548111784387349e-07 0.0 0.0 0.0 0.0 0.0 6.456691365033167e-08 4.372876599153146e-07 5.075181867824532e-07 0.0 0.0 0.0 0.0 0.0 0.0 3.4942476125982214e-07 1.1013471792562187e-07 2.5342504750990004e-06 0.0 0.0 0.0 0.0 0.0 0.0 5.31984232276509e-08 1.1848470539836275e-07 9.61856151167533e-08 6.965294651383659e-06 1.6888577092150798e-07 0.0 0.0 0.0 4.6900925742991625e-06 0.0 2.787134785082654e-06 3.4666185601614796e-07 1.3533640846914787e-07 7.016167174254868e-08 0.0 1.1543924444711765e-07 1.2186098609197347e-07 0.0 0.0 0.0 0.0 4.3572624067069923e-08 0.0 0.0 4.979501294624824e-06 2.245139366981703e-06 2.1841466026955985e-06 0.0001579033969814813 6.946149362700049e-06 0.00013779777811754644 3.0114159972930834e-05 1.0009229930568848e-05 1.640431806543782e-05 1.6760141832421623e-06 1.7360626264205076e-05 7.08812767990269e-07 0.0 0.0 4.724757693532023e-08 7.764783507646291e-07 0.0 0.0 0.0 4.468364770689491e-06 5.8747976248145075e-08 1.944490954940584e-05 1.0314203227671023e-05
