0.0 0.0015247834844365137 0.0003729410142604393 0.0011253736770510936 3.0298538726285824e-05 2.7787478236810918e-05 0.00017789507807900232 1.2986598465267398e-05 8.065368397183757e-06 0.0005582693894751902 7.504523096391611e-06 7.017413867994057e-05 7.678263313584036e-05 1.2294644541717083e-05 4.744756946256739e-08 9.63709183313573e-08 1.0855772631233474e-07 0.0 0.0 5.337065069508703e-08 8.16061336202487e-08 2.526788324487502e-07 0.0 1.0789237681938154e-07 0.0 5.4903521654677684e-08 0.0 0.0 0.0 0.0 0.0006024683706899682 7.141759378083748e-06 1.6981721139866655e-07 0.0 1.3965034161558795e-07 0.0 6.654326771599743e-07 2.200109169353901e-07 0.0 5.5173105606857864e-08 0.0 5.0467416906463053e-08 3.8150063636906157e-07 1.0168024090918546e-07 4.459539224302251e-08 1.0691067600846677e-07 3.237779918261825e-06 4.551615288122414e-07 1.7156505798003108e-07 4.272757589292876e-08 5.5246323059641844e-08 7.393746704424346e-08 0.0 0.0 1.3166430070901002e-06 1.5668336012191177e-06 6.0713578038424485e-05 0.00034504057944091226 9.055328347470241e-06 3.4993688820315985e-06 5.818713628908834e-08 5.631134465458214e-07 0.0 1.1244732248574168e-05 1.891116875114871e-06 5.732372041774782e-07 9.746406317883227e-08 1.4583675735583375e-07 3.273480375755858e-07 2.2362641431865092e-07 1.5999013043419576e-06 1.9049511585575872e-06 1.9166152180054245e-07 5.088119962193408e-05 2.6740486597641956e-05 3.238263871703628e-05 6.757214126002978e-06 5.996421341468099e-08 0.0 5.696646740763755e-07 0.0 5.233249418638073e-07 4.151194065491995e-06 0.0 4.797564526145229e-07 8.791494403407063e-07 2.9247597573670473e-07 0.0 0.0 5.2663225622766736e-08 1.9756739354544473e-07 5.8681914701776274e-08 3.2702621940464917e-07 2.490351316725773e-07 6.94622929214292e-08 1.0545679923076115e-05 4.369812150193006e-06 3.280475389091824e-07 1.9863002861262036e-07 0.0003446399606477955 0.0 3.538666457296516e-06 3.187731650579025e-06 2.719038012696392e-06 0.0 7.044972583868087e-06 3.2522485259603068e-06 1.0149704903633961e-06 4.315537177419479e-06 2.1901591094059664e-06 0.0 4.6175600204692137e-07 1.5886934543392593e-06 4.050365408272982e-07 5.836377922574127e-07 0.0 0.0 0.0 0.0 0.0 0.0 0.0 0.0 0.0 0.0 0.0 0.0 0.0 0.0 0.0 0.0 0.0 0.0 0.0 0.0 1.9976361989470103e-07 0.0 0.0 0.0 4.291046300659298e-07 1.1275603612473981e-07 0.0 3.267069070314286e-07 0.0 0.0 0.0 0.0 0.0 0.0 0.0 0.0 0.0 0.0 0.0 0.0 0.0 0.0 0.0 0.0 0.0 0.0 0.0 0.0 0.0 0.0 0.0 1.319987652572487e-06 0.0 0.0 0.0 0.0 0.0 0.0 0.0 0.0 0.0 1.1989959811575858e-06 0.0 0.0 0.0 0.0 2.6204118500833856e-07 0.0 0.0 0.0 0.0 0.0 0.0 0.0 0.0 0.0 0.0 0.0 0.0 0.0 0.0 0.0 8.605042547931937e-08 0.0 5.039920578166849e-07 1.4498735307005543e-05 1.4265138391299026e-06 3.0801164018184314e-05 3.918202740141613e-06 0.00015435672845507696 3.438600096852363e-06 2.5505386213863624e-06 1.372348278665058e-07 4.480857843928023e-07 0.0 1.7466903777036573e-07 0.0 1.1566745220827224e-05 0.0 0.0 0.0 0.0 0.0 0.00015785408076441571 4.6433395243983925e-06
0.0015247834844365137 0.0 0.0009172287245456071 0.0004112850458592077 0.0008973002752069232 8.297040304905398e-05 0.0014590070635424326 6.0695128290048975e-05 0.0003419052878494609 0.00043245887063154183 0.00012441970607153085 2.4968985552972595e-05 0.0005949286665661267 0.0005700362326216846 8.047295805226657e-06 2.8637496969773965e-06 1.7734088409091348e-07 3.244236211426055e-07 0.0 9.521665609934874e-08 1.9453867798560803e-07 1.5254270848920527e-07 4.1652107077991266e-08 0.0 3.711301630112281e-08 1.807126343281744e-07 4.3784503309751176e-08 5.8938766492588464e-08 2.4667285295635435e-07 0.0 0.0012367736641217845 1.4148237208908022e-05 2.0771487272881304e-06 1.690133018269016e-07 3.47950292526375e-08 2.5146995812387626e-07 4.036107934725601e-06 2.1365974687654416e-07 1.604106574703574e-07 9.783267505276347e-08 3.536528033605385e-07 1.7205917043747015e-07 5.91160862956214e-07 9.801353645848426e-08 1.270644006930028e-07 1.5396891373520773e-07 5.800016247519649e-05 3.264887325669848e-06 7.232026583286868e-07 4.3191595074283433e-07 7.912677846629311e-08 8.633381389369198e-08 5.140250461241679e-08 1.8884564478574884e-07 5.663720521150395e-06 6.1151576820647946e-06 3.08665093117955e-05 0.000341958886813695 1.5047793880897995e-05 3.409862691357301e-05 2.2508316696954308e-07 7.497043286446773e-07 0.0 6.544060318873844e-05 6.5080462924003035e-06 2.5624664292124195e-06 6.492030843731837e-07 9.074036302121804e-07 4.286655811964401e-07 2.9379444296829456e-07 1.6015056507357995e-06 1.817423008480725e-06 0.0 0.00012561413738095258 0.00012521235069045235 0.00018000077849756013 0.00012153654608543666 1.130988597282123e-06 5.631197486647019e-07 1.1482237147704253e-06 2.4666462069599e-07 6.665859084782077e-07 1.5519011485411338e-05 8.025645679097938e-08 3.2795032336394763e-06 4.187953623222942e-06 1.0532825684962345e-06 1.2501855230638117e-07 1.1646731819006512e-07 4.7842845883666124e-08 3.543304165887101e-07 3.881516029261235e-08 5.612078362947402e-07 6.677553258952015e-07 3.5795423088766357e-07 7.380294852367591e-06 2.7970602874513897e-06 4.3196519756911854e-07 4.1762089022971237e-07 0.0002303077609339496 1.7100587003115567e-07 8.062466973137933e-06 1.2230861157724301e-05 1.0590037700981365e-05 2.820402060310896e-06 5.763244728555192e-05 1.547179156729503e-05 7.424181615551404e-06 1.6532557000852837e-05 1.6548791556323097e-05 2.523160230391398e-06 1.0189414908370705e-05 1.4158940253544707e-05 2.8913287925870218e-06 5.3738202157564354e-06 2.931702660645405e-07 0.0 0.0 0.0 0.0 0.0 0.0 0.0 0.0 0.0 0.0 0.0 3.7887562137609873e-07 0.0 0.0 0.0 0.0 0.0 0.0 1.020365578194883e-06 1.6140485905140956e-06 0.0 7.576359158579152e-08 4.3339100399446346e-07 2.774556463130521e-06 2.137256132368693e-06 1.477125399604383e-06 8.197776449130806e-07 3.0266462073684594e-07 0.0 0.0 0.0 0.0 0.0 0.0 0.0 0.0 0.0 0.0 0.0 0.0 1.1864479620595956e-07 5.3657459184720706e-08 0.0 0.0 0.0 0.0 0.0 2.5269025527437466e-07 0.0 1.0497605945571587e-06 3.584307034321719e-06 0.0 0.0 0.0 0.0 0.0 0.0 0.0 0.0 4.9176678997947114e-08 1.4063456030171224e-05 6.408029769488502e-07 6.049566075310544e-08 0.0 0.0 2.933385604808449e-06 6.835850859230046e-07 3.9946033423789205e-06 0.0 1.9446076874640976e-07 0.0 0.0 0.0 0.0 0.0 0.0 0.0 0.0 0.0 0.0 1.3400274763347142e-07 3.9050117356071615e-06 1.0560207168698631e-06 2.040347810726262e-06 0.00011735224751621 7.285213607168845e-06 0.0001518852701834124 1.7533133282382672e-05 0.0001697021021588768 1.850880371049573e-05 2.1440457718783374e-06 8.081345186585656e-06 3.6596340564985233e-06 6.469467038289065e-08 1.88769745828412e-06 4.529233209450938e-07 1.1793128829087127e-05 4.2146402390939336e-07 4.8524603460462656e-08 0.0 1.0675598702027198e-06 1.42922063116995e-07 0.0002707513383396018 1.637410149016919e-05
0.0003729410142604393 0.0009172287245456071 0.0 5.386273707209921e-05 0.00048601687175514504 1.2892785665407393e-05 8.538390757352571e-05 0.0004962034974548106 0.000629113044748299 1.1808594176145281e-05 0.0008762882034810056 2.0050504822815755e-05 0.0001096650722905331 0.0009310430454379449 1.1733194177313068e-05 1.120936045316405e-05 5.250625846562738e-07 2.7576176693907465e-07 5.130512841018129e-08 3.292778592505449e-06 2.396900338253638e-05 9.647844941052311e-08 8.183967103266565e-06 4.484370027948694e-06 1.914480801333164e-06 1.0307461123681713e-06 1.1361357390633294e-06 7.098988138853738e-08 0.0 6.620948153912247e-08 0.002239743291563971 0.000349866133189514 0.00014454441195550823 2.825672716097241e-06 5.941167437053502e-06 4.1303309253943094e-06 9.209810858685732e-05 5.898828320005904e-06 1.6954891119750845e-06 6.973255975992388e-07 4.362259235669154e-06 3.3680008414855593e-06 8.661172905890915e-06 6.053494120165682e-07 7.342409004406315e-07 7.15049165044136e-07 5.14326865245111e-05 2.446864826508656e-06 8.692539059490791e-07 8.04460967661162e-07 6.087642360135779e-06 1.5503078502319962e-07 1.0746754628257788e-07 3.4700924132285374e-07 3.910794958712503e-06 4.686563334775655e-06 2.431406216885894e-05 0.0003143180464445422 1.255458975862202e-05 2.250885521771572e-05 1.4196850741850191e-05 4.4923437577130695e-05 6.140792274884312e-07 0.0001816999729243405 3.7501784571084454e-06 2.224633979732101e-06 1.1710660550554202e-06 3.852803564354612e-06 1.7074848201468205e-05 1.5582801077461528e-05 7.1732078580497265e-06 2.3816545938893786e-06 0.0 8.728933079276835e-05 0.00013115845438345825 0.0001283434754187239 0.0001338461932557126 4.532383821158529e-06 2.7798329845904988e-05 0.0002663952818487451 1.5043451389892987e-06 0.00012268861048076344 1.0030203895913212e-05 4.4999593216947735e-08 2.0865505442805172e-06 3.2280790723128647e-06 9.407161189197128e-07 8.325142309328921e-08 3.149494294882584e-07 4.8657320440395994e-08 7.030572072915644e-07 1.4137111354175032e-07 2.138644227667149e-05 4.067811272379106e-06 3.6369917473480233e-07 1.3098554986372524e-05 9.644502850279609e-06 5.2619487036507e-07 2.8982181297361255e-06 6.925332166881528e-05 3.637013306238283e-07 3.39663288383035e-07 1.811683053654264e-06 1.7802601621721682e-06 7.959571743907942e-07 4.568772786080864e-06 1.4593041248608555e-06 2.6967806708292407e-06 2.5965128570410785e-06 3.0063616243587526e-06 6.83089998988676e-07 1.924286307605047e-06 2.552126544646525e-06 1.4724801698581907e-06 2.7251278047262097e-06 0.0 0.0 0.0 0.0 0.0 0.0 0.0 0.0 0.0 0.0 0.0 0.0 2.480510793247669e-07 0.0 0.0 0.0 0.0 0.0 0.0 5.286259983191397e-07 4.125089048657109e-07 0.0 1.4283966526417023e-07 0.0 1.6154402977732235e-06 1.815986238249758e-06 1.2102216464038056e-06 5.634795338097415e-07 6.530791884813717e-07 6.225215722778706e-08 5.6804093973113534e-08 0.0 0.0 4.659035337122158e-08 0.0 0.0 0.0 0.0 0.0 0.0 6.521700504553693e-08 4.975083024639717e-08 3.4698822798915394e-07 0.0 0.0 0.0 1.7465887536851735e-07 0.0 2.428731719160465e-07 5.4579069762417923e-08 2.1857037295801253e-07 3.911023652259911e-06 0.0 0.0 0.0 0.0 0.0 1.5623914389118599e-07 5.980777789300303e-08 1.118210199055077e-07 2.5172501145927063e-07 7.688189253535845e-06 2.995850103936686e-07 4.3249613321311446e-08 0.0 2.129657161583817e-07 3.643165415877065e-07 1.9553787046856763e-07 3.167718205417079e-06 1.1140275485971674e-07 0.0 4.862821029485695e-08 0.0 1.8396177731292388e-07 0.0 3.5210062346119e-08 0.0 0.0 0.0 0.0 0.0 4.7735040144990894e-08 2.134470686122559e-06 1.5378143980773627e-06 2.7394612686586823e-06 7.899791396222521e-05 4.951048206826316e-06 0.00010026513216697309 1.1608303416927745e-05 3.534440962965105e-05 1.1725100936047474e-05 6.62435359320769e-07 5.489456925965435e-06 1.2816771358601475e-06 1.2243526298409534e-07 4.0786325372410713e-07 9.319324325594145e-08 4.170809096342008e-06 0.0 0.0 0.0 1.3458575533423946e-06 1.6293304763073353e-07 5.669399570042519e-05 3.478887334291509e-06
0.0011253736770510936 0.0004112850458592077 5.386273707209921e-05 0.0 3.585816737563567e-05 0.0005515463771439991 0.0002803533659922155 5.774470534517376e-07 9.378175185993884e-06 0.0009774709938038487 1.2676399091396454e-07 0.00021268343621711462 0.0004558711205492703 4.9958391013318944e-05 4.7659906471821344e-07 0.0 0.0 0.0 0.0 0.0 0.0 0.0 0.0 0.0 0.0 0.0 0.0 0.0 0.0 0.0 4.380890356392308e-05 5.5520832070696365e-08 5.204244772450313e-07 0.0 0.0 0.0 1.4596608962762092e-06 4.7786642270629774e-08 0.0 0.0 0.0 0.0 0.0 0.0 0.0 0.0 2.1015504375316856e-06 1.8795033755915198e-07 0.0 0.0 0.0 4.6135355437890556e-08 0.0 0.0 3.3265072693813864e-07 5.155167858816086e-07 3.156877435967486e-06 3.372411639181825e-05 1.2957201229054292e-06 1.4857711165919378e-06 4.034992376909666e-08 1.3285950188151177e-07 0.0 2.200067996764702e-06 5.439544182057005e-07 3.797259032554466e-07 9.748973067435604e-08 0.0 0.0 0.0 0.0 1.515734162681817e-07 0.0 8.227680176291574e-06 6.3798829526729114e-06 1.0584646262735137e-05 4.893796602213347e-06 1.539053319400075e-07 0.0 0.0 0.0 0.0 1.0119812542861936e-06 0.0 2.4748160857535396e-07 9.073607908536294e-08 4.6351986541638976e-08 0.0 9.054186697000914e-07 0.0 4.822406952027625e-08 0.0 0.0 3.880251090534309e-08 0.0 1.4566866498357946e-05 3.1780565586621475e-06 0.0 0.0 6.72221410105115e-05 8.683692991559724e-08 4.455498779745956e-06 1.1514290220974725e-05 1.1377666217044866e-05 1.0065255682895188e-06 2.020722411291645e-05 1.3751514193797788e-05 3.590431320575951e-06 1.0978229253697501e-05 1.507030771712235e-05 1.511097458667794e-07 7.139671845413499e-06 6.987027546767942e-06 1.971267080062756e-06 1.972069992582877e-06 0.0 0.0 0.0 0.0 0.0 0.0 0.0 5.774625510204951e-08 0.0 0.0 0.0 0.0 0.0 0.0 0.0 0.0 0.0 0.0 0.0 3.0956270560320143e-07 2.818825164818159e-07 0.0 8.842440318565976e-07 0.0 8.971290769849368e-07 8.284863003153415e-07 4.155968377682694e-07 1.306920244817273e-07 8.905566705724856e-07 0.0 0.0 0.0 0.0 3.2158158751261384e-07 0.0 0.0 0.0 0.0 0.0 0.0 0.0 0.0 0.0 0.0 0.0 0.0 0.0 5.0283364935482184e-08 1.9714161110650566e-07 0.0 0.0 1.1948292233266322e-06 0.0 0.0 0.0 0.0 0.0 0.0 0.0 0.0 0.0 3.1205723851689656e-06 3.2516979578050766e-07 0.0 0.0 0.0 5.912410296708323e-07 5.750542160432479e-07 9.809059763941647e-07 0.0 0.0 0.0 0.0 0.0 0.0 0.0 4.400847120861413e-08 0.0 0.0 0.0 0.0 0.0 2.9394431074148437e-06 2.2984536404215593e-07 7.321311843119231e-08 4.59876265474119e-06 1.9509719245431658e-07 8.248025139243844e-06 9.384643060007016e-07 8.128167842078748e-05 7.521638368272331e-07 0.0 1.1293477851353315e-06 1.273538835385172e-06 0.0 3.2294274360439316e-07 0.0 1.2654470772809285e-05 0.0 0.0 0.0 0.0 0.0 0.00033598161909767586 1.8401759971361096e-05
3.0298538726285824e-05 0.0008973002752069232 0.00048601687175514504 3.585816737563567e-05 0.0 1.721690602022038e-06 0.0008649842417482542 5.806750537870703e-05 0.002940747415275243 0.00017765695793504625 0.00027484333550004944 1.9426796966017045e-05 0.0003516939562518055 0.0009655872946809089 8.567593754736863e-06 2.614153228991836e-06 6.289160219029742e-08 8.609253115835873e-08 0.0 8.722053518877529e-08 1.0745693991056355e-07 0.0 0.0 0.0 1.0537447527263182e-07 0.0 0.0 4.0472315056459577e-07 0.0 0.0 6.950210133328195e-05 4.4983076887158035e-06 2.9450987831589634e-06 4.1352716925350926e-08 0.0 0.0 4.839713341777392e-06 1.7152671852248386e-07 4.091906116463922e-07 1.605696251269646e-07 9.53338566982296e-08 0.0 1.643297025234901e-07 1.5033382522776158e-07 3.789916330379251e-08 9.890250017915131e-08 4.075317030122667e-05 1.2426362167381721e-06 5.106312516394324e-07 3.6975355450019985e-08 8.851375255779405e-08 0.0 0.0 1.3421159420948037e-07 6.510671834137532e-07 1.2751883312874118e-06 4.032345633715787e-06 3.638038443886243e-05 2.405950635470989e-06 1.2313116955145798e-05 1.8167430756965596e-07 7.734508517971274e-07 0.0 2.244255921090621e-05 1.4077079664820051e-06 5.753563527909825e-07 3.196597422508049e-07 2.744167743713015e-07 2.5737526173746453e-07 3.846840454320439e-08 1.694461482826753e-06 5.086398084104289e-07 0.0 2.5965549781461997e-05 2.6697096226965752e-05 5.282304731618741e-05 5.064167803723734e-05 5.094943757306158e-07 5.513910915577256e-07 8.496880542010867e-07 3.958928285245819e-07 2.3784792252013502e-07 4.982345074743098e-06 0.0 1.1618652925863847e-06 6.727905006580426e-07 3.162349639159316e-07 0.0 1.2744699762716e-07 0.0 9.220952576698497e-08 9.398212180386918e-08 1.038472028520824e-07 4.508010231533787e-08 1.5675513128544346e-07 1.1514569267511374e-05 1.7296145401560615e-06 0.0 1.4068263997557973e-07 5.196849200200769e-06 1.1027181987371339e-07 4.539761660938653e-07 3.1845917393049244e-06 1.5042079597329517e-06 1.2660330832852998e-06 1.9288096099750755e-05 2.6509266043535823e-06 5.447260564138471e-06 7.3321250375065746e-06 4.8996428653197876e-06 2.2857798197433383e-06 8.28349522137128e-06 1.4222025483164226e-05 5.173103591325865e-06 7.518685044866601e-06 0.0 0.0 0.0 0.0 0.0 0.0 0.0 0.0 0.0 0.0 0.0 0.0 3.024669373767882e-07 0.0 0.0 0.0 0.0 0.0 0.0 6.897058091285324e-07 6.585343477337817e-07 0.0 1.3591487446359792e-07 0.0 4.955605654640807e-06 1.8472639138630128e-06 1.9214866467886866e-06 3.99771777051799e-07 7.954897904423264e-08 0.0 0.0 0.0 0.0 7.842706643499061e-08 0.0 0.0 0.0 1.9962401385227813e-07 0.0 0.0 0.0 4.948251424291115e-08 0.0 0.0 0.0 0.0 0.0 1.0522601616410403e-07 0.0 0.0 6.217214025903845e-07 4.504330215503027e-06 0.0 0.0 0.0 0.0 0.0 0.0 0.0 0.0 0.0 1.768760220811108e-05 2.8499589489481525e-07 0.0 0.0 0.0 3.4868060388450178e-06 1.581677359945331e-06 5.921268946302398e-06 1.3989048432583417e-07 9.26766275310254e-08 0.0 0.0 0.0 0.0 0.0 0.0 0.0 0.0 0.0 0.0 0.0 5.093541274364358e-06 1.3399162053712693e-06 2.730722122288417e-06 8.681102583664945e-05 5.145977589845294e-06 6.609871999381856e-05 1.1369026681777499e-05 1.666883450864296e-05 1.0498292812567755e-05 2.1630680461199827e-06 8.593613307314813e-06 1.5567012388436528e-06 0.0 5.377366273195781e-07 1.2471360500174892e-07 1.3064952449698131e-06 0.0 0.0 0.0 1.2759764347687788e-06 0.0 1.3919462817542259e-05 3.5285710836558053e-06
2.7787478236810918e-05 8.297040304905398e-05 1.2892785665407393e-05 0.0005515463771439991 1.721690602022038e-06 0.0 1.6759050834112574e-05 3.431949807537927e-07 1.0014483104223929e-06 0.0002607019842006903 6.704448407233689e-08 7.382210062156652e-05 4.590595399510234e-05 6.523546686764345e-06 0.0 1.6821545357663896e-07 0.0 0.0 0.0 0.0 0.0 1.5848650506866927e-06 0.0 0.0 1.0147516807958671e-07 0.0 0.0 0.0 0.0 0.0 2.2991126268437957e-05 0.0 2.060636276593691e-06 0.0 0.0 0.0 9.107789389831946e-06 1.2532251083677948e-06 1.7122914112260565e-06 1.4285184058160135e-07 0.0 7.345530039423447e-08 0.0 0.0 0.0 0.0 6.182267365789713e-07 0.0 0.0 0.0 1.3554275221538882e-07 3.458413676428012e-06 1.6393436439806324e-06 0.0 1.7313584323929822e-07 5.112060236936227e-08 1.7215806057797136e-05 6.736385269431999e-06 3.892114123865652e-07 7.22163978838175e-08 0.0 1.2438625300606646e-06 0.0 0.0 7.778439328262988e-08 0.0 7.640856736308055e-08 5.897633088357488e-08 0.0 0.0 1.8522704619562997e-05 3.60371184040698e-05 1.2460643436615848e-06 3.445687072212016e-07 4.2562759493754587e-07 8.585605233071893e-07 4.380386868639451e-07 0.0 0.0 5.390798853937367e-07 0.0 1.3830914913143821e-07 0.0 0.0 0.0 1.3865107012098866e-07 5.4692455227839224e-08 3.157930367652815e-07 4.5794731744214734e-07 1.6867516850485982e-06 3.7969970525319915e-07 3.0935089044701534e-07 0.0 3.241506697895907e-07 3.346307887285667e-07 0.00010822819048008061 3.996645605894575e-05 1.2588420495961686e-05 4.259131482708461e-06 7.769381844748883e-05 0.0 1.0224785751878688e-06 2.472995431827426e-06 1.9248876501449297e-06 2.467789430137105e-07 7.176729903475528e-06 4.217201743778418e-06 2.1310817263976805e-06 5.650123641347749e-06 6.9970563135963905e-06 5.56685462123356e-08 2.5021851458501015e-06 4.6877320260380554e-06 5.617487612674695e-07 2.6989269204351607e-07 0.0 0.0 0.0 0.0 0.0 0.0 0.0 0.0 0.0 0.0 0.0 0.0 0.0 0.0 0.0 0.0 0.0 0.0 0.0 1.5281680362976612e-07 0.0 0.0 0.0 0.0 3.9888724927033196e-07 0.0 3.1689246491934173e-07 6.991518011524265e-08 0.0 0.0 7.28470236423543e-08 0.0 0.0 0.0 0.0 0.0 0.0 0.0 0.0 0.0 0.0 6.413401883745135e-08 0.0 0.0 0.0 0.0 0.0 0.0 0.0 0.0 0.0 0.0 0.0 0.0 0.0 0.0 0.0 0.0 0.0 0.0 0.0 1.0261422997710156e-06 2.3587450899481844e-07 0.0 0.0 5.464198183991024e-08 0.0 0.0 0.0 0.0 0.0 0.0 0.0 0.0 0.0 0.0 0.0 5.295315695339787e-08 0.0 5.224615327648926e-08 0.0 0.0 2.322564452382512e-06 1.3888854901023946e-07 1.886982203534552e-07 8.690717427325327e-07 6.627694995450388e-08 9.66941432857264e-07 0.0 3.82766396215047e-05 1.9653324405560865e-07 0.0 0.0 3.644077323072916e-07 0.0 0.0 0.0 2.6988631693293038e-06 0.0 0.0 0.0 0.0 0.0 8.909541149224793e-06 6.055924209681058e-06
0.00017789507807900232 0.0014590070635424326 8.538390757352571e-05 0.0002803533659922155 0.0008649842417482542 1.6759050834112574e-05 0.0 1.033932398959822e-05 0.0006547586043796449 0.0007375182250223678 7.355441940511869e-06 5.302536614993507e-05 0.001957509228277614 0.0011934010993431593 6.547483029737478e-06 3.158907959858466e-06 1.0950775850556796e-07 1.9893741399070598e-07 0.0 7.12380494239012e-08 6.003864614173266e-08 4.691172757199229e-08 5.629747510184847e-08 6.647578838948485e-08 3.702755956910415e-08 0.0 0.0 0.0 5.278396293313866e-08 0.0 4.9242393392551906e-05 3.823586591316241e-06 1.497941813723336e-06 7.902723508765452e-08 0.0 2.950082423520428e-07 2.8870905405095215e-06 1.2465509500132532e-07 1.4270183133995188e-07 0.0 1.6076011842781013e-07 0.0 2.0720989504217822e-07 0.0 8.250552311489649e-08 7.886345900840297e-08 3.6168281954967386e-05 1.499951339330452e-06 6.06426054718724e-07 4.0648241620912574e-08 9.17626773199196e-08 4.2466107564882966e-08 0.0 0.0 1.8290501092934808e-06 2.229193399075125e-06 8.031187491544342e-06 6.701500725635277e-05 4.326199636410576e-06 1.4020791772701361e-05 2.277697357922873e-07 3.996599868690077e-08 0.0 2.328912517283918e-05 2.3086146576850205e-06 6.616839511023517e-07 2.5477980462266566e-07 6.15173237701484e-07 1.7285843713478824e-07 8.494493224129782e-08 1.4051166142100113e-06 1.982755109102271e-07 0.0 3.8620283580257366e-05 3.904469820355215e-05 6.949061939942608e-05 5.135787430455395e-05 7.796801708577278e-07 5.045905785122923e-07 1.9638535684085388e-07 9.898798701084223e-08 4.285579372435033e-07 5.770391660204519e-06 4.22094852840718e-08 1.3609685444838923e-06 1.1039676097956304e-06 2.7233466716697793e-07 0.0 2.1077769573227652e-07 0.0 8.449643583717593e-08 5.33762642839644e-08 6.063201226846474e-08 2.0784744372533587e-07 1.300602361233493e-07 1.955915773890388e-05 4.696229434415444e-06 2.352070036128393e-07 5.350930483537457e-07 1.390158629861275e-05 5.226248836862738e-07 2.111445328542818e-06 4.6401650436506954e-05 2.040818073332136e-05 1.586491794999159e-06 7.510840180452846e-05 1.4177949298980395e-05 0.00010210508324882313 5.192915916873917e-05 2.0986268251362006e-05 4.306509409054326e-06 2.2924949208008322e-05 2.2766484915745293e-05 6.766420204826623e-06 9.830302746853476e-06 1.224727069763927e-07 0.0 0.0 0.0 0.0 0.0 0.0 0.0 0.0 0.0 0.0 0.0 1.9314174467088307e-07 0.0 0.0 0.0 0.0 0.0 0.0 1.7205843261925374e-06 1.7287793419749777e-06 0.0 0.0 1.116250838314249e-06 4.832943376166031e-06 2.0788187022548872e-06 2.9894972069091443e-06 3.510224005262403e-07 3.8705633605175384e-07 0.0 0.0 0.0 0.0 0.0 0.0 0.0 0.0 0.0 0.0 0.0 1.2139172239651267e-07 7.938092128660145e-08 0.0 0.0 0.0 0.0 1.877416414815044e-07 1.0398182739874554e-07 5.541420774415754e-08 0.0 6.233231265502804e-07 6.463828376384693e-06 0.0 0.0 0.0 0.0 0.0 0.0 0.0 0.0 0.0 2.3474147060609268e-05 7.953987953706109e-07 5.377619486688706e-08 0.0 0.0 3.821474241466209e-06 1.984426619152313e-06 5.69196758868692e-06 4.484188937032972e-07 2.545516378195218e-07 1.7504476445432852e-07 0.0 0.0 8.568468436163041e-08 0.0 0.0 0.0 0.0 0.0 0.0 0.0 1.1511189051741288e-05 2.5515057614808188e-06 3.8721785239811006e-06 7.991279365121056e-05 5.7382854196254545e-06 7.274831990159846e-05 8.688652789218294e-06 2.540591870521147e-05 1.0235303040150448e-05 1.0852913049494551e-06 8.523532131269488e-06 1.8462560752491948e-06 0.0 2.844574335802613e-06 3.416377290596676e-07 7.161694797370268e-06 8.928032536734412e-07 0.0 7.678476811688148e-08 1.012114926930721e-06 0.0 8.6221893635167e-05 1.270511654908621e-05
1.2986598465267398e-05 6.0695128290048975e-05 0.0004962034974548106 5.774470534517376e-07 5.806750537870703e-05 3.431949807537927e-07 1.033932398959822e-05 0.0 9.976335414322427e-05 1.968652099548034e-06 0.0012542870196131017 6.998259728593204e-06 4.6806617048270666e-05 0.000766584427101733 1.7493567665773776e-05 1.8276402925665342e-05 2.9856362692733185e-07 2.0771162384543796e-06 0.0 9.539687630680111e-06 3.455306582826582e-05 1.200122506541603e-07 1.8761949426485895e-05 1.0094081360194119e-05 3.4579369013817974e-06 2.469706113305121e-06 2.6384247882525185e-06 3.0411908205018697e-07 2.1734427033322614e-07 1.0344750930407883e-07 0.0005896151664999345 0.0012418190867582554 0.00022106430106018057 8.038824707725288e-06 1.582745444934416e-05 9.639138268465959e-06 6.120411115571157e-05 9.07535579274225e-06 1.7023760825374566e-06 1.3243654053435574e-06 7.0579952936099855e-06 4.465084603559815e-06 2.4065832703826496e-05 1.6892955851872663e-06 8.316126780243003e-07 7.278225889240945e-06 4.5305694057657376e-05 2.007833855036536e-06 6.205652177418099e-07 2.8271133917606847e-06 9.772303541630633e-06 2.3771960385481133e-07 2.12641275553499e-07 8.983401372985084e-07 9.482328348252078e-07 1.383209493317037e-06 5.2819672469446336e-06 9.301377072058564e-05 2.8082774946897027e-06 9.419046037265945e-06 0.00017890371720489124 0.00015674604772733576 5.064315643907753e-06 0.00031833925369829886 1.157454968207465e-06 1.4182038915113795e-06 1.1056907257337704e-06 5.954923340949642e-06 2.5580939973109134e-05 2.6769611988664993e-05 5.734765236616877e-06 1.8822207965783357e-06 0.0 2.3147838816212064e-05 5.766762341051754e-05 5.2598206978323864e-05 0.00016650085856977025 6.832396560265356e-05 0.00047620075074730105 0.001312339052902424 0.00019544272246605824 0.0008202225571836782 3.651868517889793e-06 0.0 1.2686827649596836e-06 6.273766343643381e-07 1.4962093330246623e-06 0.0 4.916668891672245e-07 3.007472866634177e-07 7.082632917559837e-07 4.5586405140044155e-08 3.264647942976326e-05 6.278640075051572e-06 6.514443473570666e-07 4.146800152959377e-06 7.0530275722126905e-06 2.0116612164879506e-07 2.271642398738785e-06 7.606775035425961e-06 3.976436399236645e-07 0.0 0.0 0.0 0.0 6.353110095597195e-07 0.0 0.0 0.0 7.7241530643499e-08 2.576325311612294e-07 5.6268487236228e-07 9.834838139133114e-07 1.1609464662283722e-07 8.907984198527388e-07 1.4324053269939217e-07 1.148723327942971e-07 0.0 0.0 0.0 0.0 0.0 0.0 0.0 0.0 0.0 0.0 2.081134608663527e-07 0.0 0.0 0.0 0.0 7.977070075505284e-08 0.0 1.5707146755356887e-07 4.800614036816141e-07 0.0 4.7439112207152806e-07 2.1574469849989676e-07 5.80525975264912e-07 4.071838890712557e-07 1.1280261122886459e-06 6.501418743388262e-07 1.3882384976470638e-07 6.686681323187618e-08 1.0892861447398096e-07 0.0 0.0 0.0 5.003827233413203e-07 1.806076654836101e-07 0.0 0.0 0.0 0.0 1.0560357516561592e-07 5.655482729971206e-08 4.896294987885092e-07 0.0 0.0 0.0 0.0 0.0 0.0 1.20279626042888e-07 4.6088796512339636e-07 2.206807399921337e-06 0.0 0.0 0.0 0.0 0.0 0.0 0.0 1.7447968825706629e-07 2.0266818559382273e-07 3.5563980651163667e-06 7.762610663110762e-08 8.572104476572625e-08 0.0 1.0193740874655646e-07 3.5478722614606555e-07 4.625051753646729e-07 1.7273055792467964e-06 0.0 0.0 0.0 4.55533256002252e-08 4.704576141258721e-08 0.0 2.1832196788772963e-07 0.0 0.0 5.27446489987019e-08 6.293351222146704e-08 7.322539909747634e-08 1.032904304019062e-07 9.808352346394244e-07 1.1191759620895272e-06 2.0463340899831606e-06 4.5269431654332e-05 2.268708689031993e-06 5.085715219612048e-05 9.423239489743742e-06 5.633293815946489e-06 3.7894988817870706e-06 4.703469978302992e-08 4.269239716434147e-06 1.0216395806856201e-06 0.0 1.7640801623578926e-07 4.6597532143056726e-08 1.3147870951603874e-07 3.298813012425676e-07 0.0 0.0 7.971892969500337e-07 0.0 4.796458739435402e-06 6.325039555113587e-07
8.065368397183757e-06 0.0003419052878494609 0.000629113044748299 9.378175185993884e-06 0.002940747415275243 1.0014483104223929e-06 0.0006547586043796449 9.976335414322427e-05 0.0 6.017429911518546e-05 0.0003322222275221829 2.9558907508811758e-05 0.000375389400937665 0.0005889483830360198 1.1961702690748799e-05 6.148443656723518e-06 2.699322731125442e-07 1.1448208678092563e-07 0.0 7.677492176159185e-08 1.386624553220228e-07 3.652476335621671e-08 3.990333116924557e-08 0.0 0.0 7.40338913443436e-08 5.1017067021689587e-08 2.2065967398400738e-07 2.104387433229032e-07 3.948635288444395e-08 2.0752410664968764e-05 3.0239103202327097e-06 7.0605994119054785e-06 8.25984784277681e-08 0.0 0.0 1.4367210176269951e-05 4.3638325003889234e-07 2.307250758760606e-07 3.059953789829413e-07 1.4376494423942471e-07 7.896356675589652e-08 3.8010614112779e-07 1.1727251076036037e-07 9.133395640047571e-08 4.3649558954070246e-08 4.089113187439263e-05 9.457694362600114e-07 1.8726789521481147e-07 0.0 1.8084786839320085e-07 0.0 1.811811808764836e-07 0.0 6.612514714863338e-07 8.771579105751455e-07 1.2266507812054164e-06 1.1535490458589478e-05 1.9160423384681276e-06 8.225649061694526e-06 1.6726908978096302e-07 9.84383075484352e-07 4.344303005282568e-08 1.2303529186140614e-05 9.698454529998256e-07 4.4253207505093854e-07 7.228789965528238e-08 1.1746741742565168e-07 8.593292764617492e-08 4.866233579828711e-08 1.8557237390371198e-06 7.169978742634414e-07 0.0 1.4072146618245206e-05 1.2959201826346123e-05 3.3194044454155486e-05 3.294762179343745e-05 1.235928335463317e-06 1.3540981249788072e-06 5.507622533434753e-06 2.3506230320088554e-07 5.609839812696484e-07 2.6735495970394062e-06 0.0 4.5701193250193e-07 5.012048507397235e-07 2.5872909984642446e-07 0.0 3.931297500973997e-08 0.0 7.808567218970485e-08 0.0 1.3902250383919465e-07 2.570809772417321e-07 1.8461352551647242e-07 1.8212587282348814e-05 3.769933891642197e-06 0.0 2.970899055862005e-07 1.0672161018457846e-06 7.803599644309091e-08 1.022997644036074e-06 1.6287696893133707e-06 9.983596212655683e-07 2.9999207648014755e-06 1.5258472718019177e-05 1.8301863380593434e-06 7.404256159256403e-06 1.0782195622814439e-05 5.770253709644069e-06 1.9228659567453005e-06 8.629303470720932e-06 1.4886167023595029e-05 5.166901602767676e-06 8.097981749516223e-06 4.1185509483461215e-08 0.0 0.0 0.0 0.0 0.0 0.0 0.0 0.0 0.0 0.0 0.0 1.3755070135217013e-07 0.0 0.0 0.0 0.0 0.0 0.0 6.957670741939609e-07 7.872646712251626e-07 0.0 1.4061179287198654e-07 0.0 5.6294149313810775e-06 3.059237180594593e-06 4.325488219369221e-06 2.739248742397739e-07 6.198302853314987e-08 0.0 0.0 0.0 0.0 1.4906164376719688e-07 0.0 0.0 0.0 1.1755889785458231e-07 0.0 0.0 0.0 0.0 0.0 0.0 0.0 0.0 1.5070364861350145e-07 4.1413344437718384e-07 0.0 1.0550207530828018e-07 5.514465313915779e-07 5.8147149288355145e-06 0.0 0.0 0.0 0.0 0.0 0.0 0.0 0.0 0.0 2.428330419042455e-05 6.857476307389966e-07 8.10155253759879e-08 0.0 0.0 3.982791888598461e-06 1.0180644206256532e-06 6.40148351592879e-06 1.510613305439415e-07 0.0 5.694064866126061e-08 0.0 0.0 0.0 0.0 0.0 0.0 0.0 3.629868848029522e-08 0.0 0.0 9.794239042752093e-06 2.5065306317725045e-06 2.6440478171396077e-06 9.003417422897422e-05 5.99747071386718e-06 6.091672055346615e-05 1.3914555487374903e-05 1.785694382963813e-05 6.971708834025683e-06 4.739893591710563e-08 1.2175949892928935e-05 2.1910324814964005e-06 1.9616423712347898e-07 2.79666672671161e-07 1.316992799143948e-07 1.0953978568559537e-06 1.6745482357113172e-07 0.0 0.0 1.4944835306907728e-06 6.931883035849736e-08 9.304541770789022e-06 4.315838877721966e-06
0.0005582693894751902 0.00043245887063154183 1.1808594176145281e-05 0.0009774709938038487 0.00017765695793504625 0.0002607019842006903 0.0007375182250223678 1.968652099548034e-06 6.017429911518546e-05 0.0 3.5919252011725817e-07 0.0009847279703328099 0.002206241097580063 0.0002621157068003205 2.8842068715078694e-06 9.438166936846224e-07 7.277717735286393e-08 8.563951980339719e-08 0.0 4.218662834544575e-08 5.514063558540225e-08 0.0 0.0 0.0 0.0 0.0 0.0 0.0 0.0 0.0 2.0900482168729432e-05 5.007703243459915e-07 1.0988345655721746e-05 1.0236922240732554e-07 0.0 4.439824691460648e-08 4.118545840431739e-05 3.290135239287159e-07 2.03736129490694e-07 0.0 5.6660003079523156e-08 9.921149588970317e-08 1.1832476896552267e-07 9.792265426053987e-08 0.0 4.0512939831623496e-08 1.3963672023465208e-05 5.921641715693561e-07 1.777490055471512e-07 0.0 0.0 2.949135186834256e-07 1.7584845580346955e-07 0.0 1.2452170378873325e-06 1.6372152209056111e-06 6.10258149343602e-06 4.443679957189481e-05 2.3540851828493046e-06 6.6531540846058505e-06 1.6581733367566685e-07 1.6958339338205497e-07 0.0 8.140447364198973e-06 8.476570712901047e-07 4.303739972071378e-07 1.385203848689332e-07 4.0775002628196526e-08 3.477777461551173e-08 0.0 5.465828656900393e-06 8.196355473702861e-06 8.451829948661728e-08 2.2481365969627806e-05 1.823117178319458e-05 3.056164375411069e-05 1.8746576940679133e-05 5.353654278129876e-07 4.507186629251443e-08 4.395824651922727e-07 2.569559958775708e-07 3.7359906981644883e-07 3.1076932884883582e-06 0.0 3.6429965567156596e-07 9.334671659362263e-07 2.2514508387662122e-07 4.619095705748161e-08 9.198642323369963e-08 1.2793472519161997e-07 0.0 6.73317402945955e-08 5.505405613560815e-07 1.3616654534832154e-07 8.901263957574611e-08 0.00022160587111779795 3.6462897084312275e-05 1.3013443708292452e-06 1.0061160471985207e-06 0.00012846332507847338 1.510850445707353e-06 1.6288709957803122e-05 0.00010401830093245954 7.097869045831298e-05 1.1173766168501475e-05 0.0002634790808203128 0.00012683799645894252 6.553177729330444e-05 0.00015615876383385328 0.00013764694106603012 1.582355789627113e-05 9.09371701798162e-05 0.0001275061198737298 3.4998372630317105e-05 3.4371615213935514e-05 5.860315890929557e-08 0.0 0.0 0.0 0.0 0.0 0.0 5.726542412499725e-08 0.0 0.0 0.0 0.0 8.925234960320351e-07 0.0 0.0 0.0 0.0 0.0 0.0 4.56730965982437e-06 5.074738976052544e-06 0.0 2.312521414546951e-06 2.326881351141181e-06 1.9752622742767516e-05 7.932143161709478e-06 9.725788979234172e-06 2.9558505441152106e-06 6.548713869298185e-07 0.0 0.0 0.0 7.119061911283824e-07 4.110287534820919e-07 0.0 0.0 0.0 1.7278369964855488e-07 0.0 0.0 5.1941826777597534e-08 4.1409212128962337e-07 0.0 0.0 0.0 0.0 2.1713768123263702e-07 1.8427124709331383e-07 8.351311340641795e-08 5.534754223753375e-07 3.864180597090191e-06 2.3267172465992557e-05 1.0148295636978521e-07 0.0 0.0 0.0 3.918273372785041e-08 0.0 0.0 0.0 0.0 6.81834171093923e-05 8.181378407290645e-06 2.870057290235721e-07 0.0 0.0 9.226262219085339e-06 4.4784111168188025e-06 2.0659211405540826e-05 7.999904063131223e-07 3.3905668968788353e-07 5.158818949061803e-08 6.223572656918952e-08 0.0 3.814902444572122e-08 0.0 0.0 2.5623375424157816e-07 0.0 3.798764129041474e-08 0.0 0.0 6.63200630921487e-05 8.406537786630365e-06 7.731601517961159e-06 5.250640932894723e-05 5.518477009522604e-06 3.559817489472036e-05 6.108366293011694e-06 7.47054285510854e-05 5.10454197842253e-06 2.635511437211554e-06 7.205226053324958e-06 1.095061433571542e-05 0.0 5.004544850987043e-06 4.352224938025927e-07 2.9888820869967746e-05 4.121315866615771e-07 1.9490377873276957e-06 5.139841105698882e-08 1.7326312873337139e-06 1.7001425890314773e-07 0.0005509104653299312 8.262009491751305e-05
7.504523096391611e-06 0.00012441970607153085 0.0008762882034810056 1.2676399091396454e-07 0.00027484333550004944 6.704448407233689e-08 7.355441940511869e-06 0.0012542870196131017 0.0003322222275221829 3.5919252011725817e-07 0.0 1.8619783632684386e-05 0.00012761652079109787 0.001101115006379776 1.6986174867972983e-05 1.2500012419590759e-05 4.1647470975970687e-07 1.2131107032467928e-07 0.0 1.2902118038693407e-07 9.665541704739056e-07 7.077316374823122e-08 3.354132899084333e-07 1.8853648352699957e-07 1.0300516376798431e-06 5.4886312167060334e-08 3.318282308187502e-07 3.3991741615350724e-07 1.3525861130920961e-07 0.0 7.497359886463279e-05 2.269169880725384e-05 0.0003060498136231888 8.935861273367516e-08 2.002449738535589e-07 1.4439246709799694e-06 0.00015069886447000532 6.983048543167659e-06 1.1212805123619833e-06 4.0621859634418425e-07 7.626195675067568e-07 8.878437193870016e-07 3.4214048388550563e-07 7.644313307421755e-07 0.0 2.7295517191071567e-07 4.8614552090734524e-05 1.0717718415038744e-06 4.875152978086333e-07 4.233221293527227e-08 8.2616997251129e-08 1.294070205607778e-07 1.2966923385571212e-07 1.2202438364538635e-07 6.724233486182162e-07 6.656953607622882e-07 1.345656137622976e-06 1.9169294709999835e-05 1.4365673102643619e-06 9.274044967210871e-06 1.3331923825574905e-06 2.635898443747698e-05 4.40793657191911e-07 2.1204703209656964e-05 5.824671219415606e-07 3.997557151141867e-07 3.369797182401401e-07 3.0477310654145055e-07 3.764159626951813e-07 6.532814357042366e-07 1.064375098377076e-05 1.5246032305249534e-06 0.0 1.4106410049661057e-05 1.5331888177734714e-05 3.9145954520677165e-05 5.025620380015917e-05 4.794039007969744e-06 1.1447796086834994e-05 7.880014395273589e-05 8.906238831406529e-07 4.329663377266212e-05 2.7022678373206452e-06 0.0 9.315568074618455e-07 2.8407378391006664e-07 9.084611219978578e-08 0.0 4.190141137598307e-08 0.0 7.989408307412505e-08 3.870173344014168e-08 1.1979734012292765e-06 5.975069725076606e-07 7.028259176474229e-08 7.861096926209542e-06 3.0234124528411554e-06 0.0 1.5673954642763655e-06 1.2138077175949687e-06 0.0 0.0 0.0 0.0 1.2024574133683596e-07 9.131197686729618e-07 0.0 5.593513374214181e-07 7.306662934621426e-07 3.7212706039417744e-07 5.041939250311874e-07 8.410507463094707e-07 1.29486136420588e-06 1.004352800872334e-06 1.4027349174427188e-06 0.0 0.0 0.0 0.0 0.0 0.0 0.0 0.0 0.0 0.0 0.0 0.0 2.572253879443403e-07 0.0 0.0 0.0 0.0 0.0 0.0 1.1409243899854041e-07 1.5082311045026122e-07 0.0 0.0 0.0 1.0835146717940286e-06 6.642976599059204e-08 1.6099402072350407e-06 5.634096461332018e-07 3.0441748643856063e-07 0.0 0.0 0.0 9.285924976757371e-08 0.0 0.0 0.0 0.0 5.7495991377004255e-08 0.0 0.0 1.0894437917732963e-07 5.5243583989465783e-08 0.0 0.0 0.0 0.0 0.0 0.0 0.0 0.0 8.678849954292326e-08 1.00177409422515e-06 0.0 0.0 0.0 0.0 0.0 0.0 0.0 0.0 0.0 6.869138673731236e-06 1.0923437823222338e-07 0.0 0.0 1.0330768503903196e-07 6.389253180059256e-07 5.415543042014409e-07 1.5022262612728442e-06 0.0 5.635200065815605e-08 0.0 0.0 0.0 0.0 0.0 0.0 0.0 0.0 0.0 0.0 0.0 1.9863926469705477e-06 6.947855615059975e-07 1.3880983309982448e-06 8.397373386070406e-05 5.13620205532207e-06 6.15274508575563e-05 1.5958176328938316e-05 1.4352349072607595e-05 7.256655775566021e-06 0.0 9.711407020967224e-06 1.0758069170311288e-06 1.0791502306030172e-07 1.5511898082539439e-07 0.0 4.779965285396621e-08 0.0 0.0 0.0 2.8030741380080823e-06 2.6591221355929094e-07 5.040118859757893e-06 1.2573166960297262e-06
