0.0 0.0005658820308603375 0.00037253271249378046 0.0005756852064932128 0.00016293696963699702 4.8071896052781264e-05 0.00045503876988518984 1.5038475459812047e-05 3.5213086610654944e-05 0.0008129506513705593 0.00019156153748107606 6.393680660464608e-05 0.0002644276243745557 0.00016737904190953 4.903282555044658e-06 1.1366888671996215e-06 1.7073290518491248e-07 3.932861696184652e-08 1.1678020597726341e-07 0.0 0.0 9.816944175178284e-08 0.0 0.0 0.0 6.594325773965265e-08 0.0 0.0 5.0489647851725444e-08 0.0 0.00021725831643151338 6.414925954913439e-06 2.0551841295840962e-05 4.79350447225156e-08 0.0 2.819543260878753e-07 2.274090339750361e-06 3.9205104933384275e-07 8.655809507631697e-08 5.2272568636944155e-08 5.111517136113847e-08 1.2897985578008858e-07 4.030687600872706e-08 4.951455402149458e-07 2.9289821021861756e-07 9.09357156017909e-08 3.7226241935194445e-05 2.782782457910477e-06 1.2260576384947322e-07 2.297210590900251e-07 6.16551517382927e-08 0.0 0.0 2.4710044929355576e-07 5.400374664262332e-06 3.4641857706626674e-06 7.425631914715685e-05 0.0004065471980741363 3.956771705225334e-05 4.348148870483509e-05 3.759642016378663e-07 1.2651584772270527e-06 0.0 9.56047350237949e-05 5.103540158955793e-06 5.862900198866564e-06 1.3765201373236676e-06 8.729188796529451e-07 9.906701285153837e-08 3.890994788372136e-07 3.3696381665313963e-06 0.0 0.0 0.00011758894547134211 5.844879319523794e-05 6.0347170305654334e-05 9.186557252551444e-06 2.214310325543656e-06 1.3792012672333412e-06 9.650962029199098e-06 8.771939999751323e-07 1.323318174825632e-06 2.812472119116853e-05 0.0 3.2267377002089227e-06 5.74244207733319e-06 6.528562248124583e-07 1.4165073970770424e-07 3.667127684371282e-07 0.0 3.868858265539676e-08 3.85260910708973e-08 1.7450120529881677e-07 8.909404195389339e-08 4.000667344609495e-08 1.7422748239891365e-05 3.6146841694695996e-07 0.0 8.222964237187703e-07 0.0005026678150481892 0.0 0.0 0.0 1.6054496657013305e-05 0.0 1.260400406326507e-06 0.0 7.077414875333141e-08 7.0940923837771565e-06 3.502858911073204e-07 0.0 4.256529578972037e-07 8.55524152973355e-07 4.464273150562656e-07 0.0 0.0 0.0 0.0 0.0 0.0 0.0 0.0 0.0 0.0 0.0 0.0 0.0 0.0 0.0 0.0 0.0 0.0 0.0 0.0 0.0 0.0 0.0 4.8075584163085003e-08 0.0 1.1588349740501567e-06 2.532510756321842e-07 2.174520215422347e-07 2.626250778131125e-07 0.0 0.0 0.0 0.0 0.0 1.780709944338371e-07 0.0 0.0 0.0 0.0 0.0 0.0 0.0 0.0 0.0 0.0 0.0 0.0 0.0 0.0 0.0 0.0 9.215785566627539e-07 6.64416362329042e-07 0.0 0.0 0.0 0.0 0.0 0.0 0.0 0.0 0.0 3.9907914046445866e-07 0.0 0.0 0.0 0.0 8.486293510026353e-08 7.446844823781398e-08 4.667210110197137e-07 0.0 0.0 0.0 0.0 1.3712361327690362e-07 0.0 0.0 0.0 0.0 0.0 0.0 0.0 0.0 5.7184103243089636e-08 4.2247261289718645e-07 3.146760232823349e-07 8.694039578784232e-05 2.3066204555283117e-06 0.00011810759454836825 6.000848252647484e-06 0.0004781948340847706 1.4432148069873081e-05 1.046429792144912e-06 1.1312186600837668e-05 5.4356542911853696e-06 9.677235190286942e-08 3.748106461578432e-07 2.792672731253789e-07 0.0 0.0 0.0 0.0 2.0991507330095383e-07 7.038140326699683e-07 8.07182496986556e-05 2.041459311421235e-07
0.0005658820308603375 0.0 0.0006108439245183253 0.00033913254192563964 0.0017640488441359049 2.3422342664824142e-05 0.0022410334267092447 2.867799287638905e-05 0.0009474847496323894 0.00037606723814356146 0.00023927753410355607 9.697683397408304e-05 0.0009481659542635682 0.001548776709057419 3.876225601567862e-06 9.640752426199769e-07 1.885973476952225e-07 3.4959202048146247e-08 0.0 0.0 3.270425898997928e-08 0.0 0.0 0.0 9.548693002391047e-08 0.0 0.0 0.0 0.0 0.0 0.0005464275507461817 1.3009916772388609e-05 1.614018631176464e-05 0.0 0.0 2.0715656157214238e-07 1.8800036265529796e-06 2.5824713998123735e-07 1.1336802941433654e-07 0.0 4.717115856268358e-08 0.0 5.458100341294381e-08 9.313299078045738e-08 1.3369611729740143e-07 4.683590558435462e-08 3.6652779654707596e-05 1.1900240335601334e-06 4.5479120472190625e-08 7.05464012308763e-08 0.0 0.0 0.0 1.4757330804126996e-07 2.305995348270307e-06 1.5040267497185485e-06 2.3116246940996877e-05 0.00015975163349258583 1.4736843686028722e-05 2.1846574974690486e-05 1.4713842767674914e-07 8.242603763356313e-07 0.0 4.1273273262060355e-05 2.618998532205371e-06 2.8766138161967584e-06 3.9077674000272034e-07 5.679899119343752e-07 1.2433936225473338e-07 3.292752669195253e-07 4.9476134187125335e-06 0.0 0.0 5.092528206119381e-05 3.023709806360076e-05 3.812315432050863e-05 8.7449460208768e-06 1.287232978599711e-06 7.480756075378886e-07 1.8346315406949067e-06 4.7469378130902856e-07 7.779799275482638e-07 1.4243520018518668e-05 3.6621444043994915e-08 1.5878664706198608e-06 1.7962267903213557e-06 4.2068702400868e-07 0.0 2.5345218647642016e-07 0.0 0.0 1.0800984339975376e-07 7.787725384671488e-08 0.0 0.0 5.347418163854872e-06 2.6947144108514166e-07 0.0 4.794055220630979e-07 0.00040985434828927825 0.0 0.0 1.8902916758832499e-07 2.740231550089509e-06 0.0 5.405996583074784e-06 6.80413559025033e-08 4.310049956737756e-07 2.857244078942819e-06 2.1801471156041115e-07 2.4902983598406354e-07 7.534455850677684e-07 1.319060864604675e-06 4.7193540605608844e-07 5.311903259353168e-07 0.0 0.0 0.0 0.0 0.0 0.0 0.0 0.0 0.0 0.0 0.0 0.0 0.0 0.0 0.0 0.0 0.0 0.0 0.0 0.0 0.0 0.0 0.0 0.0 6.524467357838291e-07 2.6031494391251274e-07 2.109054172862553e-07 3.022619425902158e-07 0.0 0.0 0.0 0.0 0.0 0.0 0.0 0.0 0.0 0.0 0.0 0.0 0.0 4.4357705059904765e-08 0.0 0.0 0.0 3.5312780324120283e-08 0.0 0.0 0.0 0.0 0.0 1.3753070101257368e-06 0.0 0.0 0.0 0.0 0.0 0.0 0.0 0.0 0.0 3.7351451092297185e-07 0.0 0.0 0.0 0.0 2.8254102221184775e-07 0.0 2.156440915535645e-07 0.0 0.0 0.0 0.0 0.0 0.0 4.001047088721932e-08 0.0 0.0 0.0 0.0 0.0 0.0 8.401415890122317e-07 2.249935383133139e-07 1.7632727634270552e-07 3.452416616595801e-05 1.599606732403541e-06 7.831375880977425e-05 4.215502243425788e-06 0.00016339946617047855 1.143028148570884e-05 3.7299955334085107e-07 5.418400421252748e-06 8.69030139582446e-07 0.0 5.13000142814921e-08 0.0 0.0 0.0 0.0 0.0 2.2392282027539187e-07 0.0 2.2808659419889677e-05 1.449219264596857e-07
0.00037253271249378046 0.0006108439245183253 0.0 3.380158819536819e-05 0.0002492536798974019 5.394476999363416e-06 2.16723081257582e-05 0.0009658817640787078 0.00024758346411793056 6.535219442532318e-05 0.0012935060044871475 6.450325226821118e-05 7.274694573681106e-05 0.000919505297149458 1.7999122898416445e-05 1.2000387844986992e-05 3.8402462696754606e-07 2.3333543489226305e-07 5.1187991474271715e-08 8.03536962207502e-07 1.9821792902173418e-06 0.0 7.594314918532951e-07 2.416952098103781e-07 8.249298655470469e-07 1.8858502051212963e-07 3.005215886293166e-07 1.608033643214742e-07 0.0 0.0 0.0023275537582773055 0.0004845179553310303 9.676465995556896e-05 1.0493687147401508e-06 1.1060976129495569e-06 3.375297953986294e-06 6.146897623341078e-06 2.4123632982266517e-06 7.314316107441185e-07 2.3408585770737202e-07 1.9137366611336735e-07 7.502742986537218e-07 6.65071091674955e-07 1.3016183201916096e-06 1.144182378582902e-06 2.0090484516716936e-06 3.915834769931604e-05 1.5511584326354016e-06 1.2532723773270921e-06 1.2187925706608515e-06 4.3824190171157337e-07 8.698178100747831e-08 2.3357987341380206e-07 1.0734662798415113e-06 1.9966350055923775e-06 1.3814318629960334e-06 2.240046458512627e-05 0.00021444844777798204 1.5084607791336081e-05 1.9779420760684627e-05 6.575109418531404e-06 1.7827253422173716e-05 5.956518685500385e-07 0.0001255788387297576 2.417677347944393e-06 2.038536353091065e-06 6.032819274546474e-07 1.4594762383711882e-06 2.672460539240851e-06 4.163126028188236e-06 1.733203203208129e-05 7.351409293982592e-08 0.0 4.9385323176351134e-05 3.6361803901617115e-05 4.682949281857393e-05 2.696167258258819e-05 1.767030344384823e-05 9.977841048672631e-05 0.0002819224927940139 6.049075294320858e-06 0.00010433993261070163 1.0570507405859178e-05 0.0 1.1526990802818564e-06 1.8875925413942293e-06 1.4290024693751004e-06 8.304906841118324e-08 2.1638372595103175e-07 0.0 4.9378754729131906e-08 1.3798235699121867e-07 2.802224807151845e-06 2.434101826710759e-07 3.1412444922389183e-07 1.02918394358164e-05 7.715042839216689e-07 7.072746718148635e-08 1.825335896135597e-06 0.0001527425122351561 9.461061504114037e-08 0.0 7.194090827392173e-08 9.620988297560482e-07 0.0 5.591726391879354e-07 2.2593873949222146e-07 1.115180628101076e-06 2.986489622537639e-07 7.841088405757374e-07 8.380341422521839e-07 1.9344477890214715e-06 5.111523516360836e-06 1.349775353154803e-06 1.3804551802454682e-06 5.1116583886408435e-08 1.7185626879026395e-07 0.0 0.0 0.0 0.0 0.0 4.894538583488799e-08 0.0 0.0 0.0 0.0 0.0 0.0 0.0 2.0009323919529987e-07 0.0 0.0 0.0 1.8600200993026797e-07 2.2462311209100373e-07 0.0 6.262287484789377e-08 0.0 1.669930353833685e-06 7.4381400856267e-07 2.5042023066791106e-06 6.933818989383671e-07 1.344319064871893e-07 5.3973832496350187e-08 0.0 0.0 2.3823539293260893e-07 0.0 0.0 0.0 5.030331052057896e-08 0.0 0.0 0.0 0.0 1.9005225213519826e-07 0.0 0.0 0.0 0.0 0.0 0.0 0.0 3.248705900525273e-07 1.156566069510336e-06 1.805674004983548e-06 0.0 0.0 0.0 0.0 0.0 0.0 0.0 0.0 0.0 2.269877653727486e-06 0.0 0.0 0.0 0.0 2.4413546253637923e-06 1.007558253348085e-06 1.5698483323949687e-06 0.0 0.0 4.4156336958651064e-07 0.0 9.676762301392206e-08 0.0 0.0 0.0 0.0 0.0 0.0 0.0 0.0 8.97393708417778e-07 1.554129044928001e-06 2.1503027323846e-06 6.141812806685656e-05 2.691798869984862e-06 9.385717596255976e-05 1.7722020651221297e-05 6.23208324608618e-05 1.168010145898662e-05 3.7089462797252883e-07 1.0723819821131858e-05 2.7862892531951117e-06 0.0 4.616526349301486e-07 1.8412780043460592e-07 1.8035748388970028e-06 5.994439939392089e-08 0.0 0.0 8.668704293874088e-07 0.0 2.0856565897765756e-05 2.2139057189393298e-06
0.0005756852064932128 0.00033913254192563964 3.380158819536819e-05 0.0 0.0002152773155353847 0.00019329213634457074 0.0011033381649450888 8.411058456346972e-08 3.0431806176444443e-05 0.0013435771597547562 1.8919198265475885e-05 0.00012984568782598398 0.0007162394195043597 0.00014374749189774362 5.009870179975657e-07 5.287535867806274e-08 0.0 0.0 0.0 4.3442027023898536e-08 0.0 0.0 0.0 0.0 0.0 0.0 0.0 0.0 0.0 0.0 1.3767547117104047e-05 6.061213284324939e-07 3.9569896408150075e-07 4.840035238258633e-08 0.0 0.0 5.3625242413479315e-08 0.0 3.6940957942443654e-08 0.0 0.0 0.0 0.0 4.640984497302925e-08 4.850485536928727e-08 0.0 7.590025611543923e-06 1.6096910061981843e-07 0.0 0.0 0.0 0.0 0.0 0.0 6.491760778758493e-07 1.5891785121175547e-07 4.175258460212453e-06 1.3951829995071432e-05 2.63133186694812e-06 5.18314932914265e-06 5.560496140539466e-08 1.8492456021998442e-07 0.0 6.9753665300092975e-06 5.979291629440597e-07 4.429609951032197e-07 1.068493549454587e-07 7.416798637102602e-08 0.0 0.0 3.7428895212670536e-06 0.0 0.0 9.31105380430307e-06 6.819311659394088e-06 6.782866487585715e-06 9.00591856695232e-07 2.1838066478603302e-07 3.0944168570923765e-07 0.0 9.95758767859969e-08 1.2330279730365314e-07 2.8623342399933718e-06 0.0 2.0155964172744913e-07 5.829274519618288e-07 7.35945318184854e-08 0.0 4.3754338408229095e-08 0.0 0.0 0.0 0.0 3.565945292099665e-08 0.0 2.7729632407296588e-06 0.0 0.0 0.0 4.1728643960392115e-05 2.0698819128947825e-07 4.048727950545683e-06 3.2646100275006982e-06 2.1508350394618846e-05 0.0 8.866705030417268e-06 6.500309361221031e-06 6.264471753817492e-06 4.3501970447489975e-05 2.7884469196639734e-06 0.0 2.2528446392858108e-05 3.264143457438816e-06 7.279485963800919e-07 1.532988290996735e-07 0.0 0.0 0.0 0.0 0.0 0.0 0.0 0.0 0.0 0.0 0.0 0.0 0.0 0.0 0.0 0.0 0.0 0.0 0.0 0.0 0.0 0.0 0.0 0.0 0.0 6.496426172306604e-07 0.0 0.0 6.977889846044966e-08 0.0 0.0 0.0 0.0 0.0 0.0 0.0 4.1658157731372976e-08 0.0 0.0 0.0 0.0 0.0 0.0 0.0 0.0 0.0 4.845487790514559e-08 4.0006755331617846e-08 0.0 0.0 0.0 6.869598425627142e-07 0.0 0.0 0.0 0.0 0.0 0.0 0.0 0.0 0.0 1.0768423244174597e-07 0.0 0.0 0.0 0.0 0.0 1.6362014442362068e-07 1.7222058908208342e-06 0.0 0.0 0.0 0.0 0.0 0.0 0.0 0.0 0.0 0.0 0.0 0.0 0.0 0.0 0.0 6.168561997660408e-08 2.7034366462364122e-05 2.51783035389577e-07 2.1578152186906742e-05 8.174935102587484e-07 0.00031449215521254327 2.54808844324834e-06 0.0 4.2603638344627384e-07 8.269668088718799e-08 0.0 2.1464493122696443e-07 0.0 2.422335880168063e-06 0.0 0.0 0.0 9.46365522805181e-07 6.613988398675125e-07 1.2008160319875401e-05 6.063896399958543e-07
0.00016293696963699702 0.0017640488441359049 0.0002492536798974019 0.0002152773155353847 0.0 1.4481364684443078e-06 0.0007587526320515961 2.1305836827492406e-05 0.0012659285670340993 0.0002297541317315112 0.00013044756302839317 3.125757273461687e-05 0.0005465570566891515 0.0015949596098459153 5.431728491091966e-06 2.0591303710335324e-06 5.2923056995150464e-08 0.0 4.886636630529201e-08 0.0 0.0 0.0 0.0 0.0 0.0 0.0 3.7916364643609935e-08 0.0 0.0 0.0 0.00011339171315047655 1.122068424424122e-05 1.9770903915686006e-06 9.058579146727615e-08 0.0 0.0 4.715308233350398e-08 3.71998867896387e-08 0.0 0.0 0.0 4.925563302166214e-08 0.0 2.928147245161269e-07 3.704864422884726e-08 1.4022842229394484e-07 3.43749086194223e-05 1.1287817861591542e-06 1.1211201467378812e-07 1.481052978121534e-07 0.0 0.0 0.0 8.896924159320423e-08 1.1299561917404453e-06 1.137661479557319e-06 9.130352104382178e-06 4.0354802342877074e-05 7.125547421113094e-06 1.4503959404542705e-05 0.0 4.7848198301689376e-08 5.644766579291218e-08 2.6843023520381325e-05 1.277567818794534e-06 2.0312585452345796e-06 4.97091692966267e-07 4.4798176158501347e-07 1.7361051258298462e-07 9.45110047144325e-08 4.727020797355961e-07 0.0 0.0 2.6783627545865114e-05 2.2284780802417326e-05 3.388590175708344e-05 8.84527919544993e-06 1.5244433149091035e-06 7.634541625202865e-07 7.623334397230487e-07 1.775219417671199e-07 7.465509127491267e-07 7.641855462689429e-06 0.0 1.3740790480005744e-06 1.710606059297026e-06 3.0087766441373904e-07 0.0 4.1732025296819976e-08 4.460978623024752e-08 0.0 0.0 5.279968280731842e-08 0.0 0.0 1.279158308600944e-06 0.0 0.0 1.099107509877772e-07 1.8774118047476647e-05 0.0 0.0 4.37812855690559e-07 4.771215915298252e-07 0.0 5.72813416191509e-07 0.0 0.0 1.9976874733943833e-06 1.3718918993315727e-07 4.480892056267452e-07 1.9041084658182912e-06 3.0879044059232387e-06 1.8451791466613804e-06 1.3752848464442055e-06 0.0 0.0 0.0 0.0 0.0 0.0 0.0 0.0 0.0 0.0 0.0 0.0 0.0 0.0 0.0 0.0 0.0 0.0 0.0 7.258132812470845e-08 1.1252593916824073e-07 0.0 0.0 0.0 9.80110628676709e-07 2.2001011504185808e-07 1.2986984359804452e-06 1.1412639171326981e-07 0.0 0.0 0.0 0.0 0.0 0.0 0.0 0.0 0.0 0.0 0.0 0.0 0.0 0.0 0.0 0.0 0.0 0.0 0.0 4.3445834700713264e-08 0.0 0.0 0.0 6.471665218465285e-07 0.0 0.0 0.0 0.0 0.0 0.0 0.0 0.0 0.0 7.652966516115166e-07 0.0 0.0 0.0 0.0 3.670430127509733e-07 8.666820380943961e-08 3.518618257620353e-07 0.0 1.7301024393359187e-07 0.0 0.0 0.0 0.0 0.0 0.0 0.0 0.0 0.0 0.0 0.0 1.29738354896083e-06 1.680656958141316e-07 1.843005652403322e-07 3.472952314986482e-05 1.442260527092239e-06 7.246498626558281e-05 5.775993261227017e-06 3.731956570559566e-05 1.0476451776773267e-05 2.2455573395324635e-07 4.594065907811823e-06 2.7161968935411143e-06 0.0 5.185016899087165e-08 0.0 2.126929714273113e-07 1.8551150882431917e-07 0.0 0.0 1.697829990003352e-07 0.0 1.2504919601973361e-05 1.2784338946750453e-06
4.8071896052781264e-05 2.3422342664824142e-05 5.394476999363416e-06 0.00019329213634457074 1.4481364684443078e-06 0.0 2.5076165368627136e-05 2.6501331003117563e-07 4.969082182165249e-07 0.00024737359005562904 3.867599473515143e-06 5.790395644560987e-05 4.647731550153972e-05 1.6725972690989626e-05 0.0 0.0 0.0 0.0 0.0 0.0 0.0 1.6357267606837643e-06 0.0 0.0 7.498702925432303e-08 0.0 0.0 0.0 0.0 0.0 6.753164912718136e-06 7.17898076480366e-07 1.1122160651014804e-05 6.959256112930313e-08 0.0 2.6445161628686116e-07 6.4234393948390655e-06 6.081482407807725e-07 4.4747208561911953e-07 1.1308530599894623e-07 0.0 0.0 0.0 0.0 1.4553745311151167e-07 0.0 1.313042817751411e-06 1.6782157118709702e-07 0.0 6.77265197145501e-08 0.0 5.1549481427111205e-06 1.4806466007427752e-06 4.258456277087876e-07 9.860402869317985e-08 1.7236656913326996e-07 3.751575811978204e-05 6.0727588625955544e-05 1.3507181148275077e-06 1.5916680571988226e-06 1.786168365056774e-07 1.653877294151594e-06 0.0 2.364343003851006e-06 3.0840902396808216e-07 1.020066587688956e-07 1.272192385641691e-07 1.4534234379372478e-07 5.339553646226826e-08 0.0 6.60640335428959e-05 0.0001092610769265057 3.554230759429658e-06 4.693319193168472e-06 2.5237010068078193e-06 1.4174862770891382e-06 0.0 1.0410147468703675e-07 1.5017908621039388e-07 6.381451801413383e-07 4.6143072175119974e-08 6.868458169720798e-07 8.264951892027528e-07 1.1663031930425524e-06 8.753078590764048e-08 3.4725653277583556e-07 4.2285956975943154e-08 2.4715374755684058e-06 1.1598546842311073e-06 5.0275301236282205e-06 5.538923399532155e-07 1.1755498529996848e-06 0.0 1.0460704955299226e-07 3.4159249409754074e-07 0.00013581302560890197 2.195310765443562e-05 7.596894858407705e-06 9.636501059503012e-06 0.0002353853562740919 0.0 0.0 0.0 6.433957685788341e-06 7.742046910481909e-08 8.356674459266428e-07 3.015551954658822e-07 4.6473031936773e-07 2.3716377893059056e-06 1.2326439640531105e-06 1.5494752586527625e-07 3.641251688540875e-06 4.917789889006189e-06 3.3610502721940763e-06 1.097994876687817e-06 0.0 0.0 0.0 0.0 0.0 0.0 0.0 0.0 2.1720465220135535e-07 0.0 0.0 0.0 2.3735693869055313e-07 0.0 1.7289743980200718e-07 0.0 5.3461012126377e-07 7.233616969294729e-08 2.1148163206329695e-07 0.0 0.0 0.0 0.0 8.44287507626874e-08 3.0171754716261336e-07 3.266372838566252e-07 6.777387547720033e-07 3.9168905390849423e-07 1.0451387406362542e-06 0.0 0.0 0.0 0.0 7.662611811857247e-08 0.0 0.0 0.0 1.011088658958489e-07 0.0 0.0 0.0 5.325451321473444e-07 0.0 0.0 0.0 0.0 0.0 0.0 0.0 0.0 0.0 0.0 0.0 0.0 4.575685228258098e-08 0.0 0.0 1.1965062109690768e-07 0.0 0.0 0.0 1.421978612408398e-07 9.8837109692693e-07 0.0 0.0 0.0 2.3342025805829436e-07 0.0 0.0 4.597696056812911e-08 0.0 0.0 0.0 0.0 0.0 0.0 0.0 0.0 0.0 8.109753168673175e-08 0.0 0.0 1.4680466501493692e-06 3.4718864626545683e-07 3.451957027615936e-07 2.392449798793154e-05 5.21388871089174e-07 5.3143552974530545e-06 1.654236184750866e-07 0.00010721099906144264 9.037052943992483e-07 3.0259892540021596e-06 0.0 7.498402255439808e-06 4.5334043208894006e-08 2.664437545830826e-07 0.0 2.3619687945287392e-06 0.0 0.0 0.0 0.0 0.0 2.575042521354695e-05 7.69265881739127e-07
0.00045503876988518984 0.0022410334267092447 2.16723081257582e-05 0.0011033381649450888 0.0007587526320515961 2.5076165368627136e-05 0.0 3.2560964715705818e-06 0.0002116713244899731 0.0009255294170561753 2.2228984157238517e-05 0.0001397306371773112 0.0013110764092478307 0.0005117772771184636 8.191074281956386e-06 2.117530395818022e-06 3.142841191697481e-07 0.0 0.0 0.0 0.0 0.0 7.737052575964527e-08 0.0 0.0 0.0 0.0 0.0 5.152001679823984e-08 0.0 9.947842675974221e-05 1.2925322302387057e-05 5.725233230790577e-07 0.0 0.0 0.0 7.816209946190694e-08 0.0 0.0 3.5270547865685966e-08 0.0 1.2126997896203564e-07 5.447034536443835e-08 3.013264243743909e-07 9.412065642678079e-08 9.39934711502372e-08 7.670904271416501e-05 1.7673108319842483e-06 3.407320512586256e-07 1.1006554533312429e-07 0.0 0.0 0.0 2.680697724707395e-07 2.80339792303615e-06 2.0624291941494917e-06 1.9273991923911634e-05 6.919170566324994e-05 1.7222887463459883e-05 3.50038214832206e-05 4.362175141669175e-07 3.354241224837211e-07 4.3025181945795915e-08 6.065294151374247e-05 3.838152794632757e-06 3.4254707048644065e-06 8.506295584347591e-07 7.646514346338469e-07 0.0 7.467077712920302e-08 3.9885746953018195e-06 0.0 0.0 5.82126980681006e-05 4.456160128796861e-05 6.674752761823285e-05 1.7290140643909325e-05 1.8352935032620085e-06 1.2177985827697807e-06 1.3552771834360321e-06 5.847162002667602e-07 1.2190517895192732e-06 1.7877828217321665e-05 0.0 2.6758329057920627e-06 3.187836808864034e-06 5.559335140300654e-07 0.0 1.568264198952274e-07 8.746914999217629e-08 7.878327280291604e-08 8.073030923550493e-08 2.5593142762939014e-07 3.6623665188803505e-08 1.1680215470929667e-07 7.622623071340665e-06 0.0 0.0 1.425426129398248e-07 2.5815221688421702e-05 1.3825481878583126e-06 2.6389742632715117e-06 3.309912973658703e-05 0.0002016664263962434 2.2201581562780942e-07 7.083609156208787e-05 1.2961811023646024e-05 2.7532658133078102e-05 0.00017099260252091615 3.9076681656915216e-05 8.537358277436252e-07 0.00016115512488555148 3.0529759952200295e-05 1.2597630800425378e-05 1.7867292979481046e-06 5.916190816090724e-08 0.0 0.0 5.0762858898872525e-08 0.0 6.99201646350348e-08 0.0 0.0 0.0 0.0 0.0 0.0 7.089544850791669e-08 0.0 0.0 0.0 0.0 0.0 0.0 1.5049862365093044e-06 3.3766325822407206e-07 0.0 0.0 0.0 1.6421207473845473e-06 7.695785547845169e-07 2.492583924672469e-06 4.593729044418214e-07 8.067438142336602e-08 0.0 0.0 0.0 0.0 0.0 0.0 0.0 8.320147647591727e-07 3.0971926057237575e-07 0.0 0.0 0.0 0.0 0.0 3.3186428243973276e-08 1.2216694274416303e-07 1.1775635306003253e-07 7.360361497011282e-07 1.2002687893320686e-06 2.1137114802152766e-07 4.1624369717487455e-08 0.0 7.199262205233851e-07 5.73147642188905e-07 1.1436424186211234e-07 1.4698482749527763e-07 1.5230097894143978e-07 0.0 0.0 0.0 0.0 4.081837051560867e-08 2.288025689686867e-06 4.405485827726243e-08 0.0 0.0 0.0 1.103182034552138e-06 8.007526940698425e-07 6.189697947641001e-07 6.021868416498699e-07 5.818632677062545e-07 6.690411167745172e-07 2.7015832755827587e-07 0.0 0.0 0.0 0.0 0.0 0.0 1.0890527524022363e-07 0.0 0.0 2.706749020382842e-06 7.74159660834391e-07 1.1616915505164318e-06 7.972602869586738e-05 2.1490492663309517e-06 0.00015725873333967153 1.1558191015819137e-05 0.00016103543473421837 2.2565576219759114e-05 3.627993978837209e-07 1.2866619035039898e-05 5.6448242335231325e-06 6.243636009811431e-08 5.010915179135598e-06 3.8176044449287886e-07 7.021393362272767e-06 7.273371401211331e-07 0.0 6.045251953487979e-07 0.0 0.0 3.641209652266506e-05 2.9887090068074877e-06
1.5038475459812047e-05 2.867799287638905e-05 0.0009658817640787078 8.411058456346972e-08 2.1305836827492406e-05 2.6501331003117563e-07 3.2560964715705818e-06 0.0 0.00039372453535155874 6.447177874863035e-06 0.0011278624903422727 5.493190311110698e-06 1.49131456580389e-05 0.00023080826845600725 4.6707436677177916e-05 5.76194225276607e-05 4.3257896234642345e-06 2.4203845822763863e-06 1.0461269385384763e-06 7.099473252081581e-06 1.7954909229991313e-05 5.47215762901017e-07 6.8463618253849054e-06 1.4764988465276613e-06 4.431826558018061e-06 1.9052979315120016e-06 3.8929927951308317e-07 1.3643061984970968e-06 2.6767262768468734e-07 0.0 0.0008452374594489831 0.0007979815060014803 7.954263996004349e-05 1.2377088770674363e-05 8.611929287291494e-06 2.2730097391533942e-05 8.859780435763802e-06 1.1374125322141756e-05 3.5841521866905253e-06 1.5956044102889896e-06 4.076431791606309e-06 8.213275811658337e-06 1.3469780621482959e-05 1.4812164895219833e-05 2.006304507036216e-05 3.530508532999602e-05 4.313699400015175e-05 3.4758077590442127e-06 8.522799614899451e-06 1.6496113801505077e-05 3.313496172571666e-06 1.1609604629204164e-06 9.750732087266958e-07 8.789469745422483e-06 7.674361702013659e-07 3.918082724060392e-07 1.2424692404214332e-05 0.00010826410229510661 5.946293899560348e-06 1.0027782712463711e-05 0.00014077805864749302 0.00012401856959442823 9.070817354376035e-06 0.0004030456586561434 9.576658750884761e-07 1.4477475702127909e-06 7.336931762939496e-07 6.54260947074485e-06 2.2223094073574265e-05 3.973459480066783e-05 2.1530525430942244e-05 1.4993356134091778e-06 0.0 2.5240418976043996e-05 4.802637662074856e-05 6.028027919569197e-05 0.0002935069244589564 0.00016409366847364702 0.0007460365120090329 0.0005844758990965631 0.0002348300677450305 0.0007693022105516072 4.206940566103382e-06 4.504579252070812e-08 7.049018408988988e-07 9.394713315639861e-07 1.4528114675054434e-05 5.0728804757037583e-08 4.11849139993748e-08 4.590109021926791e-08 1.0624040847777693e-06 9.635162613336084e-07 2.2158942791793904e-05 2.8552059994563556e-06 3.4772115908011782e-06 8.23196779608684e-06 3.413705519174694e-06 3.327795032815695e-07 4.458907304839786e-06 1.8463017238245224e-05 0.0 0.0 2.417157869599029e-07 0.0 0.0 4.4253382221354164e-07 0.0 1.1808656666680655e-07 4.795737558698905e-07 0.0 4.3657542896370834e-07 5.6913928101704e-07 2.5836523187046314e-06 1.9389684567316538e-07 1.7574637396066772e-06 1.2387313679442688e-07 1.49268024470741e-07 0.0 6.344402969530217e-08 0.0 0.0 0.0 5.11150519447509e-08 0.0 0.0 3.3145851237860206e-07 0.0 0.0 8.210411630074122e-08 0.0 8.335844556427667e-08 7.245858172588526e-08 7.67696702640051e-08 0.0 0.0 3.076262290762544e-07 0.0 1.1434208500437503e-07 2.0715016767756283e-07 2.129694534599084e-06 1.6878916839770667e-06 3.1877952826682347e-06 3.06575047559337e-07 5.409096496019939e-07 2.1694474755167915e-07 0.0 0.0 0.0 3.3417674666583835e-07 0.0 0.0 0.0 1.2585812375498194e-07 0.0 0.0 8.324014827886423e-08 1.3339856646095242e-06 3.566734327350717e-07 8.325287465388124e-08 0.0 0.0 4.5658518005271606e-08 6.981487350017592e-08 0.0 7.002770762177332e-08 9.599061265190767e-07 2.0883931930337364e-06 1.6576845205959454e-07 0.0 0.0 0.0 0.0 0.0 0.0 0.0 0.0 1.4747433710402001e-06 4.339103349689356e-07 6.389337650220143e-08 2.2724120379563333e-07 3.506328230083526e-07 6.760830090276377e-07 2.162176955471844e-06 2.128925899078924e-06 4.0066412346945365e-08 1.2115919808524588e-07 5.98168490444211e-08 0.0 0.0 0.0 0.0 0.0 0.0 0.0 1.1093200675797241e-07 5.0504547604996e-08 0.0 1.1209783483073973e-06 7.74400213205489e-07 2.6951219755702573e-06 7.861595603550618e-05 7.713595205528767e-06 0.00011472557619151554 4.680784532631987e-05 1.0269132672438173e-05 7.92698148803086e-06 1.7518540319728247e-07 1.3033352183856648e-05 1.7608470924655442e-06 8.098831004677382e-08 5.699711321608767e-07 0.0 5.127810580984094e-07 5.5593511079776165e-08 0.0 7.447641160491573e-08 6.988247409360386e-07 8.026705826681769e-07 7.401620418463872e-06 2.186331618665942e-06
3.5213086610654944e-05 0.0009474847496323894 0.00024758346411793056 3.0431806176444443e-05 0.0012659285670340993 4.969082182165249e-07 0.0002116713244899731 0.00039372453535155874 0.0 8.141345761745938e-05 0.00022508300201381335 2.204514908390068e-05 0.0002397934894471258 0.0009337222502221041 3.590946849490535e-06 1.2043595068685877e-06 0.0 0.0 0.0 0.0 0.0 0.0 0.0 0.0 0.0 0.0 0.0 0.0 0.0 0.0 4.5638608089694496e-05 6.737930254482746e-06 1.0556416463193475e-05 0.0 0.0 7.275141800335341e-08 1.0918062213475962e-07 1.1906240667886479e-07 0.0 0.0 0.0 6.100891801538027e-08 0.0 0.0 0.0 4.373422868856421e-08 1.5887078430028723e-05 3.2857765344289156e-07 1.3212054430374602e-07 0.0 4.31792529690241e-08 0.0 5.849271919640926e-08 7.490675414670927e-08 4.800020376260246e-07 1.9131813749315255e-07 3.847098730007049e-06 1.515796171619312e-05 2.5160414145246186e-06 6.482549182864646e-06 0.0 2.5548730784836913e-07 0.0 1.307158090765114e-05 6.992105138700982e-07 8.824006227106256e-07 1.0839393426869743e-07 4.268525125697144e-08 0.0 6.485355931990238e-08 1.566939830271487e-06 0.0 0.0 9.589078996874378e-06 7.827306864128042e-06 1.3218101236105886e-05 5.683560865920983e-06 7.417248393337118e-07 1.8107608087276617e-06 2.3081460831296545e-05 2.2344584051641153e-07 9.084216070950128e-07 2.6129708399198892e-06 0.0 5.305806233913073e-07 5.464227937329692e-07 0.0 0.0 1.5701773177188992e-07 0.0 0.0 0.0 0.0 0.0 4.661139254005397e-08 1.64021248374705e-06 5.939851228504306e-07 0.0 1.0111790742233544e-07 5.327306837186608e-06 0.0 0.0 1.5397667745821793e-07 1.8865121130980506e-07 8.389492539133232e-08 6.120306244875567e-07 1.4405683320544936e-07 5.509363339907627e-07 1.332520773547652e-06 8.817154217145043e-07 6.265317760921098e-07 1.19421095293847e-06 4.175248248405369e-06 1.1301943728432756e-06 1.101864233772667e-06 0.0 0.0 0.0 0.0 0.0 0.0 0.0 0.0 0.0 0.0 0.0 0.0 0.0 0.0 0.0 0.0 0.0 0.0 0.0 0.0 8.675527541545382e-08 0.0 0.0 0.0 1.1348656757966212e-06 3.3464387286689677e-07 4.5923901137619384e-07 0.0 0.0 0.0 0.0 0.0 0.0 0.0 0.0 0.0 8.182178184158465e-08 1.9756178919768927e-07 0.0 0.0 0.0 3.621435699070423e-08 0.0 0.0 0.0 0.0 0.0 4.399769877038328e-08 0.0 0.0 0.0 1.3167776710411085e-06 0.0 0.0 0.0 0.0 0.0 0.0 0.0 0.0 0.0 1.077622492148761e-06 1.3978987414037763e-07 0.0 0.0 0.0 7.037379541954032e-07 1.3805987869812497e-07 7.98144947236272e-08 0.0 0.0 0.0 0.0 9.092489306518131e-08 0.0 0.0 0.0 0.0 0.0 0.0 0.0 0.0 1.3164182004193823e-06 6.261515713736071e-08 7.48254019032798e-07 1.954921554661668e-05 7.254421351145518e-07 3.2883849448764106e-05 3.4427010941233352e-06 1.3153002961900806e-05 4.900192014579978e-06 4.590497978160553e-08 3.353992344026055e-06 1.1518020584974836e-06 0.0 5.290377636640492e-08 0.0 0.0 0.0 0.0 0.0 2.357060514872129e-07 0.0 7.841214055680362e-06 1.3667480725564514e-06
0.0008129506513705593 0.00037606723814356146 6.535219442532318e-05 0.0013435771597547562 0.0002297541317315112 0.00024737359005562904 0.0009255294170561753 6.447177874863035e-06 8.141345761745938e-05 0.0 0.00018296976045639052 0.0010761810717057195 0.003587864547715972 0.0005574685690877768 8.61854381558872e-06 1.6767118501239923e-06 5.759824268703985e-08 0.0 0.0 0.0 0.0 0.0 0.0 0.0 7.289673751132194e-08 0.0 0.0 0.0 0.0 0.0 4.424309305292175e-05 5.276221359563206e-06 3.8088067926360146e-05 3.727546712727297e-08 0.0 5.619232284924067e-08 8.525350618477552e-06 1.2408373748838722e-06 7.833662617113426e-07 0.0 0.0 0.0 4.395926034117654e-08 2.73045611095637e-07 1.6822307296534675e-07 1.0811253808115746e-07 4.1647640433285664e-05 8.337652315821495e-07 9.166725015628491e-08 9.577517730019956e-08 0.0 6.526955824760176e-08 0.0 0.0 1.3270946669037226e-06 1.018259476555515e-06 1.664889691216965e-05 3.6032174206859316e-05 8.529110532149154e-06 1.8747072129297325e-05 1.342337469336744e-07 3.916548786443233e-06 5.523421105288965e-08 5.1550614115430464e-05 1.4475579131060704e-06 1.894277890433068e-06 5.851116220449346e-07 5.101070761125055e-07 0.0 3.801508787715307e-08 0.00018042673568422607 4.729647889644316e-07 0.0 2.6706780353894203e-05 3.250190983874713e-05 3.324961239631408e-05 1.2573029990783567e-05 2.8322333981399396e-06 9.51617568122605e-07 5.488189596346321e-06 1.2998170468135716e-07 2.6456179359910926e-06 8.000165094412169e-06 0.0 1.1589552434119123e-06 1.487638747540736e-06 2.3723453006951193e-07 4.5447696902778766e-08 3.702505437445925e-08 3.770302897318478e-08 0.0 1.0511484897565314e-07 0.0 0.0 5.316141892851113e-08 6.909360989799739e-05 9.040883139326009e-06 0.0 2.15922739799432e-06 0.0001415488280020229 1.0880742067560256e-06 1.0543663113720506e-05 1.4957709578140641e-05 2.6146403697272754e-05 1.939721766011445e-06 2.077080732611122e-05 2.3540391820042674e-05 1.4845836962616833e-05 4.6356605210126705e-05 4.852054741275839e-05 5.540807128219852e-06 6.737696800904105e-05 0.00012542374886638212 4.054579037594415e-05 2.406427827123005e-05 0.0 3.177943161154799e-07 1.2853809361974765e-07 0.0 0.0 0.0 0.0 0.0 0.0 1.7197964638999278e-07 0.0 0.0 1.7222534731334309e-06 8.662198625555764e-08 0.0 0.0 1.1051533568660596e-07 0.0 0.0 7.457459780590458e-07 7.410995638691954e-06 0.0 1.5627536512747536e-06 7.487792361885584e-08 1.4351908295862489e-05 7.343646382640876e-06 1.4266450711506845e-05 1.8981041586733898e-06 3.459269425282051e-06 6.284556252741316e-08 0.0 0.0 0.0 8.742118350000109e-07 0.0 0.0 7.258235647040016e-07 1.3153933450980766e-07 0.0 0.0 0.0 9.295118240110644e-07 0.0 3.759141900547567e-08 4.437986669429758e-07 3.365602124640895e-08 5.287400210790009e-07 7.571531363593734e-07 6.327108747094292e-08 4.4625990692849555e-07 4.339485591310241e-06 1.5245695564549958e-05 7.029733481253493e-07 0.0 1.297004825005533e-07 6.610610074952122e-08 0.0 0.0 0.0 0.0 0.0 1.8893449686931003e-05 0.0 0.0 1.5939311819854858e-07 0.0 7.257915467821692e-06 7.106475549272485e-06 1.4259038058665528e-05 9.726490185283903e-07 9.979224290314865e-07 1.297755169347016e-07 2.447916903873613e-07 0.0 2.4529389771118765e-07 0.0 0.0 0.0 0.0 0.0 0.0 0.0 3.272656469512584e-05 4.389144745953051e-06 7.219436218681787e-06 0.0006260301932136336 5.1865592982083565e-06 0.0001474978353319198 1.8964827113626694e-05 0.0007108058577294739 2.58165391411877e-05 4.6922438110676424e-08 2.5864236738365194e-05 8.572295244835416e-05 4.39420739346791e-07 1.891169512571987e-06 3.7853333262359683e-07 4.026217613136214e-05 7.096275021918606e-07 0.0 1.0075127864114967e-07 2.2974662852692917e-06 0.0 0.00019647488313227199 2.066253325518856e-05
0.00019156153748107606 0.00023927753410355607 0.0012935060044871475 1.8919198265475885e-05 0.00013044756302839317 3.867599473515143e-06 2.2228984157238517e-05 0.0011278624903422727 0.00022508300201381335 0.00018296976045639052 0.0 0.0001885386048532845 0.0004162025612727725 0.0007693292156805606 5.533834986396323e-05 4.289261575318139e-05 6.452070592858399e-07 3.303761938916029e-07 0.0 1.7345081807147142e-06 4.4057692539923715e-06 3.25400795401391e-07 1.9276628330678223e-06 3.930959154298067e-07 1.776046594516437e-06 7.203459350066856e-07 2.944114751531416e-07 3.7096089042003674e-07 1.473695734484045e-07 0.0 0.0008374159777947136 0.0002317383555087572 0.0003643204043028748 1.0016291512321716e-06 2.4193281191432425e-06 1.5125408290336317e-05 5.058463560077799e-05 1.3653336028464925e-05 4.891279120014177e-06 1.038121966767282e-06 1.088679954911659e-06 1.4692197728574684e-06 9.518457591916427e-07 3.422702025683169e-06 1.677824009060294e-06 2.685365806830173e-06 8.124190269762908e-05 1.8142376373228125e-06 1.1443005530400301e-06 1.8858592875905446e-06 9.480153352610333e-07 1.435461063753449e-07 2.7367782874654684e-07 1.3564486479622921e-06 1.5821407755547209e-06 8.403933869951411e-07 1.9060171467307655e-05 0.00013542339257423326 1.129736106655795e-05 2.0931908777619316e-05 7.817363382254332e-06 3.026354367559982e-05 1.7478199655705636e-06 7.855539879121133e-05 2.0877780553381443e-06 1.871215064918006e-06 1.7219367467546576e-07 1.8085528577239475e-06 3.507934916163986e-06 6.3008681696207686e-06 9.251342724059055e-05 1.0303280515194587e-06 5.511786878433643e-08 4.336591029514653e-05 4.4996977090609974e-05 8.899581023820144e-05 5.7411419297077e-05 3.229238734852622e-05 4.921068157491141e-05 0.0001387259928168835 6.126183537338767e-06 6.263974441200797e-05 8.544398576333576e-06 0.0 1.1145529926275517e-06 1.7379556089952487e-06 1.6859115726170206e-06 7.649487950864549e-08 1.237925989707605e-07 0.0 2.5242362242330635e-07 1.3313362516923866e-07 4.475381583651661e-06 7.130968416735634e-07 4.782801317910547e-07 6.418668082025897e-05 8.139687823857887e-06 2.9717829826252715e-07 7.861750446686092e-06 9.206313240063801e-05 1.1064714749519318e-07 2.4979463994413136e-07 1.274538412696494e-06 1.3635584096663075e-07 4.511348182345252e-07 4.179253337568215e-06 7.677012711698496e-07 3.9867421177707564e-06 6.978655277794045e-06 4.0528768102153566e-06 3.5948569377992332e-06 1.770963400559124e-05 3.1224941667636775e-05 1.0423999834486522e-05 1.3879273365667566e-05 7.348434802363344e-08 5.587762825500411e-07 4.7555501911989524e-08 0.0 7.982924776533588e-08 1.1411417029897736e-07 0.0 0.0 0.0 0.0 0.0 6.361729263795938e-08 8.770087442152674e-07 0.0 0.0 6.395240231662329e-08 7.455892491682198e-08 8.359228332249725e-08 0.0 9.448233966357327e-07 3.0154769475198484e-06 0.0 5.567308470141039e-07 3.5424304312030356e-07 1.333594602553065e-05 5.351934102676107e-06 1.528105176467259e-05 3.0025586226015203e-06 8.887573685579741e-07 4.9335423639932065e-08 0.0 8.020972884747852e-08 6.231309202027236e-07 4.565399963035607e-07 1.5203326104812043e-07 0.0 9.228576221779979e-08 7.059229670170158e-07 4.891021600280356e-08 0.0 0.0 1.0786504011176917e-06 0.0 0.0 1.7002622629851465e-07 0.0 2.3484814368761076e-07 8.005009711486623e-07 0.0 7.398567030143314e-07 3.195206860762063e-06 1.5002436276426205e-05 6.768674245704398e-07 0.0 0.0 0.0 0.0 0.0 0.0 0.0 2.046532665468213e-07 1.3674721040087204e-05 6.605054142223536e-07 0.0 0.0 0.0 6.40416931567839e-06 5.237530910600269e-06 7.790687948299569e-06 1.7959931606888395e-07 2.3152692146924218e-07 3.8751632460889665e-07 0.0 5.744917691639876e-08 0.0 0.0 0.0 0.0 0.0 0.0 0.0 0.0 1.19130169473866e-05 7.3183218653358e-06 9.27394282813181e-06 0.0002307555832184539 7.749099383026964e-06 0.00023187057148722594 5.8922850224485226e-05 4.805727303163537e-05 3.280148057950836e-05 1.473275593513646e-07 3.351073074297502e-05 1.8099209734041526e-05 1.895794519497824e-07 1.4370342279479727e-06 4.2107653979351566e-07 9.700689728848371e-06 1.1632642711643727e-06 4.86474180646516e-08 4.1723825826460523e-07 5.106550315132156e-06 5.304750183619439e-07 4.5368779743734014e-05 1.3387098700461276e-05
