0.0 0.0008380020759703597 0.00021806266578451136 0.0005818559748210667 1.6190015182772035e-06 9.178530516086833e-05 4.9221295556900895e-05 1.80874970619035e-05 0.0 0.00029788650625329685 1.0223379044915862e-05 5.83961283603182e-06 2.339014160176847e-06 1.4492880786709784e-06 1.2156149423735547e-06 5.64123786047786e-07 0.0 1.3680141416966695e-07 0.0 6.297673595359053e-08 7.230397993129686e-08 2.43579879129558e-07 9.009147423375365e-08 2.59169888778138e-07 7.026176518702097e-07 7.755199058420615e-08 1.966990119491556e-07 2.130087281417597e-07 3.785959715976734e-07 8.007932416396225e-08 0.0004989516381229561 4.225301702702306e-06 1.5711559606920782e-06 0.0 1.4060603792756427e-07 7.632051201320039e-07 1.2208679747863715e-06 4.13628675151584e-07 1.5918793946060423e-06 2.2228604136882708e-07 7.618040376439484e-08 2.6564123915583636e-07 0.0 7.77970777103413e-08 0.0 1.885512428338041e-07 3.8077229448645748e-06 1.1067182814914222e-07 1.0168147427019345e-07 0.0 9.62021107941398e-08 4.001512391959512e-07 7.007369282043582e-07 2.2390655143448942e-07 1.7914564219063887e-06 2.4386738157737723e-06 0.00010105434474972781 0.00021723186143094065 8.452602081146275e-06 1.9171816542520895e-06 1.3704032831751548e-07 5.618840887784515e-07 9.307680914549085e-08 2.363575366053671e-07 7.206160639134163e-07 2.2225751716061065e-07 5.1363661829168715e-08 0.0 0.0 6.94910065062157e-08 3.43003087475162e-07 7.115588165973359e-06 5.943454868000901e-07 2.537764292175509e-05 1.753458680835888e-06 2.4928065785162962e-06 4.387541310201172e-07 2.2920150578968463e-07 3.2236245217026404e-06 1.2017249644432e-05 2.4291845636255325e-07 3.857581593281302e-06 1.5825049544994283e-06 0.0 1.6115939366840205e-07 4.280928658934364e-07 4.335260467717141e-08 2.965957343900185e-07 4.617055779105624e-08 1.9784787817134478e-07 2.0756458965332642e-07 0.0 0.0 7.3761284712297e-08 0.0 2.9007454773043204e-05 2.7305589672617454e-05 1.8382381236710455e-07 2.6094000407053863e-06 0.0004943101150598001 0.0 2.5713776344942594e-06 2.0744768553045932e-07 1.2685432285442696e-06 2.0846563795229454e-07 8.639193797312605e-07 9.047839222915297e-07 1.3233750179710932e-07 1.031356015354808e-06 2.7755829306702054e-06 4.217966842923956e-07 4.807285551881551e-07 1.1321245007819127e-06 1.033726790884265e-07 0.0 0.0 0.0 0.0 0.0 0.0 0.0 0.0 0.0 0.0 0.0 2.1640335369684243e-07 0.0 7.56622866500665e-08 0.0 0.0 0.0 0.0 0.0 0.0 0.0 0.0 0.0 0.0 0.0 4.771284122921621e-07 0.0 6.43525949027365e-08 8.074146672930256e-07 5.732200864394464e-08 0.0 0.0 0.0 0.0 0.0 0.0 0.0 0.0 0.0 0.0 0.0 0.0 9.224596604443372e-08 0.0 0.0 0.0 0.0 0.0 5.880656632090439e-07 3.033996185949327e-07 0.0 0.0 4.3089075874021273e-07 0.0 0.0 0.0 0.0 0.0 0.0 0.0 8.588313234141016e-08 0.0 1.491569059672104e-06 0.0 0.0 0.0 0.0 3.1033516240612767e-07 0.0 3.063221834201524e-07 0.0 0.0 0.0 0.0 0.0 0.0 7.2289125007093e-08 0.0 0.0 0.0 0.0 0.0 0.0 1.9223540440086653e-06 0.0 1.1999700681812814e-07 0.00014362513943211688 2.105566559416339e-07 2.63699881009177e-05 4.402450655289835e-06 0.0004118609958372741 1.913035298393879e-06 3.949988332135682e-07 4.91216644178629e-07 5.067646393284025e-06 0.0 0.0 6.684445871754228e-08 1.85765836308101e-05 0.0 0.0 0.0 3.3410576733984733e-06 0.0 0.00016941253261254993 3.863372948412095e-06
0.0008380020759703597 0.0 0.001427371600632783 0.0012056294441910608 0.0005662268385336692 0.00011981488419672939 0.0008541441911172921 0.0003993010032705451 0.001038573907241972 0.0015629407254830324 0.0005173844842488612 0.00017352237802734322 0.0004775759592111588 0.00035929316061214235 2.232356043050882e-05 6.536044609085244e-06 6.649152193495617e-07 8.665871313561302e-08 0.0 5.005504435991997e-07 5.671604859523292e-07 1.9979882003890305e-06 1.7975067935232426e-07 5.48392428965168e-07 2.732261626894086e-06 4.936579155790761e-07 4.6567098212769824e-07 1.4702304314846605e-06 6.974091077370892e-07 0.0 0.0002827816889039931 7.519682840621096e-06 3.779414465793303e-05 1.1728889753100326e-07 1.6244300713340897e-06 2.698777556837721e-06 2.1196347199442243e-05 4.121847604554545e-06 4.798683609904643e-06 1.413737055296513e-06 6.506802090320516e-07 9.860646862585534e-07 1.7470083507113886e-07 1.7949562099217989e-06 4.2043860612147406e-08 6.810575652182508e-07 7.001973689401553e-05 5.1912259649261485e-06 9.801701077628428e-07 2.382818727070315e-07 1.1703422201790127e-07 1.7211679079117218e-06 4.27575824269501e-06 1.7404343085945365e-06 2.1191889337659306e-05 3.386744393992849e-05 0.00013877370633058234 0.00028885329940609686 5.441206185294952e-05 2.7236573254931962e-05 9.92379769259032e-07 4.373759206787466e-06 6.7196863109436e-07 2.188039746584e-05 8.246608552713337e-06 2.5018419828978705e-06 6.135041931070717e-07 8.855403547440138e-07 1.8051511512872846e-07 2.750070546862194e-07 3.5305971886379414e-05 4.081463865864389e-06 4.1282716325900256e-07 0.00019168330143825424 3.72383082979412e-05 5.3429529173522424e-05 8.416082982555569e-06 3.294037267841486e-06 6.96642569170436e-06 3.7675337869407244e-05 1.7129347516670415e-06 1.4830057764497962e-05 2.3994176553274012e-05 6.113833811271174e-07 3.22155531184353e-06 4.332683624097781e-06 8.219734262263979e-07 6.06845186484249e-08 6.525296011996854e-07 3.000651088221972e-07 1.8729904233197014e-07 2.4048710609325556e-07 2.9805713154200175e-07 7.871592323351076e-07 5.267007706737816e-07 2.594974247494827e-05 6.490031297780725e-06 3.984144522493294e-07 2.0810032687251007e-05 0.00016456054735072907 0.0 7.753887357904405e-07 1.4257004019552715e-06 2.4925107230420966e-06 2.3556274844006436e-07 5.8775607687403486e-06 0.0 1.7906466564282174e-06 3.8127836434904793e-06 5.0140031201821765e-06 1.4757528336996605e-06 8.235091584288042e-06 7.141515531497634e-06 1.6363761573664495e-06 4.161745391401371e-06 8.935959766686228e-08 0.0 0.0 0.0 0.0 0.0 1.410908767989735e-07 4.515934439508282e-07 0.0 1.450835622144477e-07 8.369507543937749e-08 0.0 2.885565048972165e-07 1.1524727101724806e-07 0.0 4.261211615538047e-07 3.304959641535468e-07 7.873677405490164e-08 5.940859769347238e-08 7.669309753100923e-08 5.065597997147242e-07 0.0 1.0805741426937097e-06 1.0666410040182089e-07 1.846019262242065e-06 1.1714446207796383e-06 1.1516731144274344e-06 1.8788790124201224e-06 1.6154475350311123e-06 0.0 0.0 0.0 0.0 0.0 0.0 0.0 0.0 0.0 0.0 0.0 0.0 4.574458863239961e-07 1.4121231312708814e-07 5.22754267856083e-08 0.0 0.0 5.59690669723037e-08 5.289690112745615e-08 1.3748260347098438e-06 0.0 1.296958216351183e-06 1.3199718022615918e-06 0.0 0.0 0.0 0.0 0.0 0.0 0.0 0.0 0.0 7.884774542548357e-06 1.6825392417996547e-07 1.445779593411068e-07 0.0 6.161852392006678e-08 1.993292824278601e-06 1.1873767335191721e-07 2.57362959357796e-06 0.0 0.0 0.0 0.0 0.0 0.0 5.7045134886744004e-08 4.239274097542078e-08 0.0 0.0 0.0 0.0 0.0 7.879787445405809e-06 1.7931831997550083e-06 4.422935599591632e-06 0.0003679003568338762 8.734588693667305e-06 0.00038196174656839223 8.835301663978472e-05 0.0003038759622358069 3.81702375212573e-05 1.5708316804504528e-06 1.6686816146356178e-05 6.897122352917205e-06 2.875530517075277e-07 9.273621831947792e-07 1.854899581061965e-07 1.2306595927208549e-05 0.0 1.195368369119906e-07 7.181543497812827e-08 1.063544452614342e-05 0.0 0.00011364351145437968 5.700195012282216e-06
0.00021806266578451136 0.001427371600632783 0.0 0.00010272811072071826 0.00030879269447470464 6.252184229929032e-06 0.0001073562618507725 0.0026667309368623095 0.0010081620847669597 6.938156033935137e-05 0.0012367314723479837 0.00034766809320938393 0.0006043230280059231 0.0006311063199892484 1.2714090685180894e-05 8.340049930919088e-06 6.235336994194063e-07 3.097502019575276e-07 5.2388708968923125e-08 3.0683154592029367e-07 9.226405126446222e-07 6.172821491398137e-06 1.581373417747262e-06 1.2425168926611823e-06 7.299016464071213e-06 4.798780954788998e-07 3.4701369135610877e-06 1.881004257164534e-06 8.298905424287826e-07 1.1550241084234758e-06 0.0010437483208098617 0.0001775042124370137 0.0001346442921615589 1.3252832867358416e-07 7.938944125155786e-06 7.021761454705425e-06 5.0687184445554686e-05 1.13988252510617e-05 8.124062905213821e-06 3.291863813437036e-06 1.352228359904623e-06 2.810580011473334e-06 1.589839925192506e-07 3.014761430385685e-07 8.694760010520407e-08 4.4550618745008627e-07 3.106475948130465e-05 2.1486125116442776e-06 4.2680749041411933e-07 3.006364726550545e-07 0.0 5.548345250097712e-06 9.266551159576596e-06 5.018522069207487e-06 8.271326362536213e-06 1.4351111375678588e-05 7.328414746124849e-05 0.0002697507367649918 2.1548529796302624e-05 1.0490715244692083e-05 3.873045806505579e-06 1.1488210087566056e-05 1.7314905236025872e-06 1.5555326743304372e-05 3.494696994992053e-06 9.061411207939222e-07 1.0217953494205913e-07 1.924480405549644e-07 5.6950536098057354e-08 1.3324933942181871e-06 5.909848280389058e-05 7.770574731095121e-06 2.125417255059387e-06 9.11972585176227e-05 2.344843362472406e-05 2.740345270085991e-05 6.030896577918878e-06 1.2548817276858984e-05 5.336375077362128e-05 0.00019853123817714635 3.907144699844783e-06 5.809713734206857e-05 7.166234423695261e-06 3.099834977007275e-07 1.5314823707561451e-06 1.6813875376902977e-06 6.269589603871748e-07 3.446482818046791e-07 2.4396635576083453e-07 8.835767051083915e-07 2.499141847997194e-07 1.7634939891358687e-07 6.847359986133306e-07 8.285637345617464e-07 1.682186888658014e-06 2.198478110207313e-05 2.8391091687813827e-06 1.5969768901489827e-06 1.1023688759537576e-05 5.548556896815947e-05 0.0 4.889747439133259e-07 2.86215875225786e-07 2.2053556219031812e-07 8.341247695237557e-07 2.7550428158530527e-06 1.4110464552377622e-07 1.21553526352805e-06 8.539612068873416e-07 2.2959690952667285e-06 1.2732941193881752e-06 4.2076275517774965e-06 3.784970631981235e-06 8.595358231665101e-07 1.9472873190761176e-06 0.0 0.0 0.0 4.8053989306119085e-08 0.0 0.0 0.0 2.839076938491407e-07 0.0 4.349498553049857e-07 4.6782787964057307e-07 0.0 3.4171194060536513e-07 0.0 0.0 5.027966312924206e-07 1.3919050592775738e-07 1.9019356561927069e-06 2.187733987189557e-07 1.8628152974439946e-07 7.643029082098205e-08 0.0 9.255960573903899e-07 5.009102624493998e-07 1.6132498055999052e-06 1.2281206008558365e-06 1.4408300810625913e-06 2.2018531719343096e-06 1.565404607531483e-07 7.284849322093041e-07 0.0 0.0 0.0 0.0 0.0 0.0 0.0 0.0 0.0 0.0 9.584074296239949e-08 6.934563019031479e-07 1.1976044444496879e-06 0.0 0.0 0.0 0.0 0.0 1.222561485866009e-07 0.0 0.0 2.209006468128261e-06 0.0 0.0 0.0 0.0 0.0 0.0 0.0 0.0 0.0 8.916584547181724e-06 6.253020626415754e-07 2.0962634145316828e-07 0.0 0.0 1.2806559505685554e-06 2.1370033118860295e-07 1.7337216804378981e-06 0.0 4.8694693966941444e-08 0.0 0.0 0.0 0.0 0.0 0.0 0.0 6.273112102633793e-08 5.095792045710567e-08 0.0 0.0 6.8757444838640776e-06 1.6533115588359033e-06 2.4444570358829943e-06 0.00017239395885486553 3.3388744011283095e-06 0.00015044266246538922 4.128502372322452e-05 8.27385794950454e-05 1.2725759595309035e-05 1.9291281495215476e-06 7.195025997599469e-06 2.617832168409727e-06 0.0 1.2359218149925483e-07 4.8670350096560986e-08 4.849474798753678e-06 0.0 1.4744320802468918e-07 0.0 2.4989184695604977e-06 0.0 3.406962719942636e-05 3.999094577111624e-06
0.0005818559748210667 0.0012056294441910608 0.00010272811072071826 0.0 3.914172222562306e-06 0.0001789840115700134 0.0005192045560967857 5.221739467028127e-07 1.2958455236287667e-07 0.0012554158445059313 4.6380798187038443e-07 0.000305445989065449 0.0003056888248673916 0.0 1.1072091327059948e-06 3.2693948341376174e-07 8.785301614965131e-08 0.0 0.0 0.0 0.0 0.0 0.0 5.0650789927150925e-08 6.451988490909017e-08 0.0 0.0 0.0 0.0 0.0 4.5400131762642205e-05 2.2883978991517847e-07 0.0 0.0 0.0 8.371487945521883e-08 5.78690588211231e-07 0.0 3.7253159030333305e-07 0.0 0.0 1.1516795933773831e-07 0.0 2.0538820939485571e-07 0.0 0.0 3.7081479019062077e-06 6.49704683405838e-07 0.0 0.0 1.199979515056355e-07 0.0 0.0 0.0 2.764724382664975e-06 3.3304666249436406e-06 3.044284133903462e-05 4.5304806069428224e-05 7.189754790469914e-06 2.2488857398648725e-06 0.0 0.0 0.0 3.0909534228267885e-07 6.970057873658042e-07 1.9617869948815037e-07 6.186056662816218e-08 5.415696510101078e-08 0.0 0.0 6.533887772766699e-07 1.5800565118881469e-06 1.6103394911151145e-07 2.635920406466153e-05 2.3705203261427727e-06 2.661518328094537e-06 5.416821032452888e-07 0.0 9.182654008977507e-08 0.0 6.439705258526632e-08 2.8967155742607743e-07 1.822571177447984e-06 1.879310918193957e-07 2.5755764759664887e-07 3.3593948687400975e-07 0.0 0.0 9.37105950220998e-08 6.202421939638048e-08 6.160788758015661e-08 6.073742497347953e-08 0.0 6.079311181601524e-08 0.0 8.689193410698794e-06 1.722934790995975e-06 9.672412904716223e-08 2.439530433162731e-06 0.0001584275327572955 5.71874132395643e-07 1.8428694560879128e-06 8.62699899074062e-06 6.471618439471663e-06 0.0 9.829610913870207e-06 2.3219347263720183e-07 7.014108154919555e-08 1.2469973688096781e-05 5.047972040583888e-06 7.506022238554483e-07 5.681937407819242e-07 1.786998219729979e-06 5.15902877725954e-07 0.0 0.0 0.0 0.0 0.0 0.0 0.0 0.0 0.0 0.0 0.0 0.0 0.0 0.0 0.0 0.0 0.0 1.2535370625477223e-07 0.0 0.0 2.1702051383825202e-07 0.0 0.0 0.0 0.0 0.0 0.0 0.0 2.0981143901026692e-07 0.0 0.0 0.0 0.0 0.0 0.0 0.0 0.0 0.0 8.908076569102299e-08 0.0 0.0 0.0 0.0 0.0 0.0 5.004137851808865e-08 0.0 0.0 0.0 6.202741833010962e-07 0.0 0.0 0.0 0.0 0.0 0.0 0.0 0.0 0.0 0.0 0.0 0.0 1.0121238452517117e-06 8.130369271846569e-08 0.0 0.0 0.0 6.075373938251253e-07 0.0 0.0 0.0 0.0 0.0 0.0 0.0 0.0 0.0 0.0 0.0 0.0 0.0 0.0 0.0 1.2232627270202142e-06 0.0 3.3758924400594067e-07 9.03815204458309e-05 3.3608170632728503e-07 3.90965461407534e-05 7.555899256744882e-06 0.0002179879112698876 3.4262486748919224e-06 2.860283069475144e-07 5.974601559334742e-07 8.456828177044323e-06 0.0 1.1093922443410361e-07 0.0 1.3506010802159329e-05 0.0 5.711320210766479e-08 0.0 0.0 0.0 0.000166344929788121 3.168266070902819e-06
1.6190015182772035e-06 0.0005662268385336692 0.00030879269447470464 3.914172222562306e-06 0.0 1.863707656147754e-06 0.001715868672347483 0.00020916502958429417 0.0033638802212890124 0.0003628191628644576 0.0006321648268207673 0.0001063360749446601 0.0006406838859087152 0.0004166457304515218 7.700920496356371e-06 2.9371533551957822e-06 2.8854759729719823e-07 1.0233788675122833e-07 0.0 1.1658643249014884e-07 0.0 9.987318939538756e-08 5.232173559669498e-08 5.9365375371529025e-08 0.0 3.811700117516771e-08 1.2338803338153327e-07 1.4068751053193888e-07 6.891374506956791e-08 0.0 2.360638576988336e-05 2.408818244537203e-06 3.0392909299490046e-06 5.793677838174265e-08 1.0488830971754951e-07 3.549412947372182e-07 4.257859313513149e-06 6.140478626798466e-07 6.779969421543632e-07 1.5784602271288458e-07 7.441531443901185e-08 1.5299684229711649e-07 0.0 1.2646141928838422e-07 0.0 3.7645820878762866e-07 2.2754146158449607e-05 2.451244497058935e-06 5.19544395639979e-08 9.602859043981286e-08 4.7858565205418396e-08 4.849991623137733e-08 2.566142222224545e-07 8.112163193011529e-08 3.680819473017106e-06 5.579840814145536e-06 1.695088784650064e-05 3.405730241609224e-05 8.291635858862209e-06 6.266350228338109e-06 5.981427404655718e-08 7.265535396361784e-07 0.0 9.204619848475463e-06 2.1244620230036746e-06 3.9179306101773865e-07 4.1498596162082934e-08 2.229342270367923e-07 0.0 1.2221078828766732e-07 1.8727693656780638e-05 6.576341493894413e-08 0.0 3.1155981360195414e-05 1.1562512364599079e-05 1.9290860826250935e-05 3.895788779603928e-06 3.633488758649522e-07 3.915842074383158e-06 4.954972714937224e-06 1.0014013819679283e-07 1.794121029672429e-06 5.4648774695323054e-06 4.136983181265656e-08 7.648317152091002e-07 1.1566219536382541e-06 1.4568286126007153e-07 0.0 1.8663079257225068e-07 0.0 0.0 0.0 9.930123656708037e-08 2.2741196932848514e-07 3.2640322600450575e-08 2.115410873320359e-05 2.599544085344545e-06 0.0 1.3068933369076002e-05 5.783006732233997e-07 0.0 2.09415670784536e-06 0.0 5.164749032225304e-07 0.0 6.9762486059503195e-06 0.0 9.826696820635381e-07 2.565516387786509e-06 3.576934532347038e-06 8.405027182268958e-07 4.716284951696945e-06 7.039759155364513e-06 2.5585568328491167e-06 4.499622876011767e-06 0.0 0.0 0.0 0.0 0.0 0.0 0.0 0.0 0.0 0.0 0.0 0.0 0.0 0.0 0.0 0.0 0.0 0.0 0.0 0.0 0.0 0.0 3.693493779254993e-07 1.4284042276391246e-07 1.0567461443605083e-06 8.614224903319017e-07 2.5016068704479263e-06 1.0368232700023271e-06 0.0 0.0 0.0 0.0 0.0 0.0 0.0 0.0 0.0 0.0 0.0 0.0 0.0 0.0 0.0 0.0 0.0 0.0 0.0 5.921936492935801e-07 2.924296930799858e-07 0.0 0.0 2.767631591537394e-06 0.0 0.0 0.0 0.0 0.0 0.0 0.0 0.0 0.0 8.918739834518723e-06 0.0 0.0 0.0 0.0 2.3097064923959285e-06 8.203440812289876e-07 1.8575759916848772e-06 0.0 0.0 0.0 0.0 0.0 0.0 0.0 0.0 0.0 0.0 0.0 0.0 0.0 5.227910571238269e-06 1.4243979456079076e-06 2.4909080205271794e-06 0.00013581511907527274 2.733185829598597e-06 0.00010219398114166721 2.1453209966270617e-05 3.4375944005394554e-05 1.3205199902708896e-05 5.283228029484637e-07 5.193456876984128e-06 1.8576437644080733e-06 0.0 2.60472536357791e-07 0.0 1.1883288133018343e-05 0.0 0.0 0.0 8.679602480342527e-07 0.0 2.501853342095833e-05 2.973339613987606e-06
9.178530516086833e-05 0.00011981488419672939 6.252184229929032e-06 0.0001789840115700134 1.863707656147754e-06 0.0 9.258725448583668e-06 3.7375660904761883e-07 2.9426881033673547e-06 0.00016206316708103238 1.6283994914292927e-06 8.00264562460005e-05 3.30135953497361e-05 2.0970480444377977e-06 2.500405052004933e-07 4.864421705688532e-07 7.036624609547022e-08 0.0 0.0 0.0 0.0 1.5659558919740029e-07 0.0 0.0 1.3998859858701278e-07 0.0 8.144687215783145e-08 0.0 0.0 0.0 9.505485291199346e-06 4.283003414529853e-07 7.217332161728096e-07 8.362954395860791e-08 4.1439259842545384e-07 2.933414427378423e-07 1.766906613473985e-06 1.5148491621989457e-06 9.05904901873954e-06 3.312053976990097e-07 0.0 0.0 0.0 6.326949116992197e-07 0.0 1.5510635244879505e-07 1.6071954028064012e-07 0.0 0.0 0.0 0.0 1.808911550666044e-06 2.15148625869078e-06 6.403356207511892e-08 0.0 1.3738527694492855e-07 3.793368324487309e-05 2.7204056380423306e-06 4.755424961475667e-07 0.0 2.052089903183187e-07 8.666843309039462e-07 8.622510156976167e-07 7.118091859417557e-08 0.0 0.0 0.0 0.0 0.0 0.0 1.2018549913081982e-06 9.228692929345227e-05 6.168227973254078e-06 2.2920402240660688e-07 3.284562040669316e-07 1.7383645747589544e-07 9.003666705974705e-08 5.351898741262851e-08 0.0 3.7559499388470193e-07 7.176972663642881e-07 5.554755964541233e-07 0.0 2.66531777328205e-07 0.0 0.0 0.0 9.346491775312108e-07 0.0 1.8874672736390808e-06 0.0 2.2421019006284836e-07 0.0 0.0 0.0 8.042913230215928e-05 5.7774367521904395e-05 9.798356922099042e-06 1.4993698060546369e-05 0.0001002374947157209 0.0 7.655701663420847e-07 1.0275561838780711e-07 1.3109022361439236e-07 0.0 9.129992920210175e-07 2.4080366819970025e-07 6.733882860623162e-07 4.969095835242484e-07 1.842099899110811e-06 8.05280698531593e-08 4.4719435167492536e-07 4.920512660297152e-07 8.230407471759427e-08 0.0 0.0 0.0 0.0 0.0 0.0 0.0 0.0 0.0 0.0 0.0 0.0 0.0 0.0 0.0 0.0 0.0 0.0 0.0 0.0 0.0 0.0 0.0 0.0 0.0 0.0 0.0 0.0 0.0 0.0 0.0 0.0 0.0 0.0 0.0 0.0 0.0 0.0 0.0 0.0 0.0 0.0 0.0 0.0 0.0 0.0 0.0 0.0 0.0 0.0 0.0 0.0 1.8302540991154106e-07 0.0 0.0 0.0 0.0 0.0 0.0 0.0 0.0 0.0 2.919016165880501e-07 0.0 0.0 0.0 0.0 0.0 0.0 0.0 0.0 0.0 0.0 0.0 0.0 0.0 0.0 0.0 0.0 0.0 0.0 0.0 0.0 8.451676616308658e-07 0.0 0.0 1.0429287960710235e-05 3.9455642496242626e-07 3.4370855486295256e-07 7.78748427030982e-07 2.8836525792164927e-05 8.598706326579642e-07 0.0 0.0 6.084933716867649e-07 0.0 0.0 0.0 2.9231779618337195e-06 0.0 0.0 0.0 6.601015354712648e-07 0.0 2.01044157099148e-05 1.1737806532268427e-06
4.9221295556900895e-05 0.0008541441911172921 0.0001073562618507725 0.0005192045560967857 0.001715868672347483 9.258725448583668e-06 0.0 1.547511662772872e-05 0.0015941588141874753 0.0016383600052929969 0.00015235794910709884 0.0004976640077357535 0.002208881522159843 0.0017594414708815172 5.932713086431292e-06 2.372406094516406e-06 3.303064988509691e-07 0.0 5.989600290219899e-08 0.0 3.6053829666812846e-07 8.882071272595642e-08 1.027161174462063e-07 0.0 2.6137473969978427e-07 0.0 5.933017715642904e-08 8.186551023545975e-08 0.0 0.0 2.1304328829120442e-05 1.953591306779193e-06 7.993912611247384e-06 4.877778057183462e-08 1.880255032004391e-07 0.0 6.603019889811642e-06 3.9250086908874563e-07 6.940800060134844e-07 1.3635726188004995e-07 0.0 6.133217269062688e-08 9.523283081448238e-08 2.655880268591194e-07 0.0 4.645300023251045e-07 2.1623172455336005e-05 1.838405685227249e-06 3.65838288081814e-07 4.50486476723143e-08 0.0 8.860064260785875e-08 1.6809553412433846e-07 9.49584583756209e-08 4.32780475678148e-06 7.506204612963785e-06 2.250787413792905e-05 4.384808970253182e-05 1.3181537630101923e-05 7.098427053033287e-06 2.132852806287149e-07 8.152827974322783e-07 0.0 7.121751368465326e-06 2.2230158013969618e-06 6.578362207245052e-07 9.21270195607209e-08 1.6086616955049808e-07 0.0 5.074094830208864e-08 1.609438230165841e-05 4.466900950768985e-07 0.0 3.749771609880999e-05 1.0752461755260128e-05 1.6325097005602502e-05 2.7430152878134844e-06 5.26320887731827e-07 2.0506391155985935e-06 4.630252983265063e-06 5.123815760780397e-07 1.4234259118832892e-06 5.864459567014599e-06 3.3295041145870115e-07 7.70879769090612e-07 1.027585342977487e-06 3.860252886528162e-07 1.103857714174273e-07 4.4154326542806065e-07 0.0 0.0 0.0 1.5911376657516253e-07 5.415915279839614e-08 9.229031281223603e-08 2.3346119083610665e-05 3.832344622215804e-06 0.0 1.4988948175584303e-05 1.4409115035641064e-05 1.9779770646802176e-07 2.208733411367547e-06 3.5186723951735602e-06 4.451641340795276e-06 6.641283214285004e-07 2.3551596238967746e-05 1.1658571957617575e-06 1.400053616269956e-05 2.3301205266175977e-05 4.91702307643668e-06 1.1009151923473802e-06 3.603179500663875e-05 1.8094457641845965e-05 2.0887089818391868e-06 1.6446871967854412e-06 0.0 0.0 0.0 0.0 0.0 0.0 0.0 0.0 0.0 0.0 8.374653222368212e-08 0.0 7.391576980458414e-08 0.0 0.0 0.0 0.0 0.0 0.0 9.747703198668577e-07 0.0 0.0 5.226043417415642e-07 0.0 2.2434838369397716e-06 1.7219757916641705e-06 5.897718682880202e-07 1.1804294901165405e-06 8.729563675161868e-07 0.0 0.0 0.0 6.499526543148904e-08 0.0 0.0 0.0 5.207906947133769e-08 1.3250978296620404e-07 0.0 0.0 0.0 1.053630935952069e-07 0.0 0.0 5.069667037791039e-08 0.0 4.590486729811206e-08 4.95627891178816e-08 0.0 0.0 0.0 2.2621311575089954e-06 0.0 0.0 8.982986463785517e-08 0.0 0.0 0.0 0.0 0.0 0.0 7.307044766551024e-06 6.204568713313546e-08 0.0 0.0 4.7212253613884684e-08 2.0255621906603443e-06 0.0 3.400534533369801e-06 1.9359100917336304e-07 2.1464667094288068e-07 1.795218240228733e-07 0.0 0.0 0.0 0.0 0.0 0.0 0.0 0.0 0.0 0.0 7.925246749120012e-06 1.8601927072364782e-06 1.3736411709215872e-06 0.00013458183471306122 2.8897990274651615e-06 0.00012136254773350887 2.881496955693127e-05 5.9041215066970214e-05 1.8862287879345443e-05 7.675910020813877e-07 3.9960736729941464e-06 2.2980506090113083e-06 0.0 6.871020813024176e-07 4.2829295223734117e-07 9.839024663686133e-06 0.0 2.084849677120593e-07 0.0 1.3091911661155165e-07 0.0 4.085596143201489e-05 2.787718753554993e-06
1.80874970619035e-05 0.0003993010032705451 0.0026667309368623095 5.221739467028127e-07 0.00020916502958429417 3.7375660904761883e-07 1.547511662772872e-05 0.0 0.00023079192278890615 4.386611718570759e-06 0.0014386902359623992 7.109251825591644e-05 0.00023425155877031625 0.0003213561767209103 2.7683178175147375e-05 1.7311402958166056e-05 1.3369716566617061e-06 1.8420451148846794e-06 0.0 3.386200698030019e-06 1.6776901898919842e-05 6.2589550309479555e-06 1.1771405043375777e-05 1.3632876792478165e-05 1.1465161096909673e-05 3.982139910901384e-06 1.0481952407516564e-05 9.026574456287131e-06 9.45219289875051e-07 3.2353826302196304e-06 0.0002822660934627688 0.0005819673709874058 1.878017631434847e-05 1.8808799791246061e-06 2.3283727040380472e-05 1.2045448631543925e-05 9.507377320518118e-06 4.5999612570731984e-06 6.149935201173175e-06 4.638364139046376e-06 1.8460566466246922e-05 1.8482348956050904e-05 3.3773380184764496e-06 1.5079602637676657e-06 1.2061561267564207e-07 1.2452898048340564e-05 8.216328212109492e-05 2.968078236197701e-06 2.1948791521865824e-06 3.108570976643367e-06 1.3286894397733013e-06 1.0165599994926025e-05 4.678734686533242e-06 1.5383426589246784e-05 5.3884057119017945e-06 8.762924668117079e-06 2.803009682023124e-05 9.880156051399906e-05 1.1875551777224742e-05 1.2260001786072874e-05 6.327054446589549e-05 1.8761091056539017e-05 1.2729919333602829e-05 2.6800125763956243e-05 2.898655664078401e-06 1.2724628364528532e-06 8.899061190566025e-07 1.0966079259919752e-06 2.8028645497196234e-06 3.056607796233907e-05 1.133124185548116e-05 5.133350931625854e-06 3.721156229758519e-06 5.509322274479809e-05 3.1969859854787895e-05 4.543740079012788e-05 1.8323376066478343e-05 2.908376417828506e-05 0.0007064521898235142 0.0006863100818355134 0.00014997746312328034 0.0005570396365657281 9.271220791996289e-06 1.4969035570400037e-07 1.5970275475823193e-06 2.339936351117679e-06 1.2317982616724694e-06 0.0 6.48318302856155e-07 2.5608374767761565e-07 1.8799125158516933e-06 1.2858926670424802e-06 1.2877733765571426e-05 5.803551172725524e-06 1.0520310265759634e-05 4.312596121686709e-06 5.045225937265599e-06 7.070298091360924e-07 4.335723406666823e-06 7.86231797039984e-06 0.0 1.4031872671203396e-07 0.0 0.0 0.0 4.0635453927426e-07 0.0 6.932848430328957e-07 4.642606631200876e-07 3.8264135298268456e-07 4.0842402450786607e-07 7.288508513695209e-07 8.147288663348794e-07 2.3965644275055005e-07 7.253115777110939e-07 2.8652028643259215e-07 0.0 0.0 0.0 0.0 2.4844205951632733e-07 1.6636539823672555e-07 1.0098288512537111e-06 0.0 1.1962765236107308e-06 3.6270643328508808e-06 1.7765641806336473e-07 6.595216120811547e-08 8.017383651565425e-07 5.12916601951355e-07 4.79558074362813e-06 2.1007295681466668e-07 2.828063783005225e-06 6.32586085228237e-07 0.0 0.0 0.0 5.045751604230693e-07 2.2643448165898695e-07 1.2445566489231518e-06 3.267375765384664e-07 4.79538841749051e-07 1.7959262624799037e-06 3.9434734305165035e-07 3.7275492590399642e-06 7.026694758205088e-07 0.0 0.0 8.193939474260971e-08 4.5912900584105326e-07 7.45912404955335e-08 0.0 0.0 0.0 0.0 4.994971590996623e-07 1.481584573265229e-06 5.2069129561177326e-06 0.0 0.0 0.0 0.0 0.0 0.0 0.0 4.979081449919863e-08 1.7034116341927555e-07 0.0 0.0 0.0 0.0 5.862511518109107e-08 0.0 0.0 7.464119801869288e-08 3.054394016294226e-07 1.863790842193437e-06 7.004693445117534e-07 7.589890409812504e-07 4.815802349594137e-08 4.7245971308603785e-07 6.330897757786888e-07 0.0 1.4831188834643342e-06 0.0 0.0 0.0 0.0 0.0 5.0021184388377915e-08 0.0 0.0 0.0 0.0 0.0 6.590494213133354e-08 0.0 9.744088640682646e-07 7.396657219199598e-07 1.218355274301364e-06 0.00030622902278624537 8.906293477169237e-06 0.000268477193930801 6.992411856950369e-05 8.360744328122298e-05 3.046227231804993e-05 7.873591465699523e-07 1.6815227641612314e-05 2.603500199497085e-06 4.2985278429772683e-07 2.0728653790522595e-07 3.5912785909649863e-07 4.864004436834093e-07 0.0 1.1310378653711866e-07 0.0 7.039738942111577e-06 1.9582516835561026e-07 1.513406317638705e-05 1.041318881039097e-06
0.0 0.001038573907241972 0.0010081620847669597 1.2958455236287667e-07 0.0033638802212890124 2.9426881033673547e-06 0.0015941588141874753 0.00023079192278890615 0.0 0.00010785949024250222 0.00041676599896994375 0.00014264269792077112 0.0011048382844547234 0.0010512396699555214 2.035304328387462e-06 1.2665087617674123e-06 6.533821376915984e-08 6.737907535375927e-08 0.0 0.0 0.0 0.0 0.0 7.421691476389546e-08 2.111089653892224e-07 6.290148987254337e-08 0.0 0.0 0.0 0.0 2.215419527079648e-06 8.430208497089085e-08 2.2608557536461525e-05 0.0 8.717274935289562e-08 1.8580277588442394e-07 2.395544420866418e-05 1.8940418588556335e-06 3.9061601098080737e-07 0.0 0.0 1.8137356834766085e-07 0.0 0.0 0.0 3.944986728111702e-08 4.780337285133544e-06 9.495938776454507e-08 4.506728325887028e-07 0.0 0.0 7.855915750494591e-07 3.9424271221708666e-07 1.3229155250272585e-07 3.6404115587409833e-07 6.842925768310575e-07 1.7710649519474198e-06 3.494897199899977e-06 1.3597132375889909e-06 1.000444964272024e-06 2.8227195404398816e-07 2.4570387321479994e-06 1.4233266279035241e-07 1.6670303681866208e-06 3.526442086579765e-07 3.733307882852184e-08 0.0 0.0 0.0 1.6263031801301957e-07 1.8707051309181827e-05 1.3724425345838815e-06 7.256576928554694e-08 3.9648318474212055e-06 1.8641345133891602e-06 4.077555445044708e-06 1.0631916095355774e-06 8.06301397049097e-07 1.2483648181276862e-06 2.265581448106133e-05 2.698694998033945e-07 2.2451514016224476e-06 6.553422036341259e-07 0.0 1.0586145258944326e-07 1.286112756283807e-07 1.7763472084786305e-07 0.0 4.3443703914970644e-08 1.0637802072223128e-07 4.2243889586365465e-08 6.34441191416664e-08 0.0 0.0 0.0 1.7556128659099765e-05 1.448242925368366e-06 1.0001655241775059e-07 5.850126355092078e-06 1.365798845667402e-06 0.0 1.1537499735781017e-06 2.772219223551596e-07 0.0 0.0 4.488748428954035e-06 0.0 2.3415209821812926e-06 2.229197278046458e-06 2.601766655850083e-06 1.3212169386426727e-06 3.4433209680830825e-06 3.823889844959162e-06 6.952228292953436e-07 1.8952319318114412e-06 0.0 0.0 0.0 0.0 0.0 0.0 6.149184706230629e-07 0.0 0.0 0.0 9.360412070827084e-08 0.0 1.2829444579673157e-07 0.0 1.0389896564613782e-07 0.0 0.0 8.792608218260467e-08 2.216570554226702e-07 0.0 6.163403821320285e-07 0.0 0.0 0.0 4.595395203710479e-07 0.0 4.870449194449693e-07 6.560034734152999e-08 0.0 0.0 0.0 0.0 0.0 0.0 0.0 0.0 0.0 0.0 0.0 0.0 0.0 6.209811920211356e-08 2.1854720916761233e-07 0.0 0.0 0.0 0.0 1.324546277494316e-07 4.043267885753894e-07 0.0 5.43683800457116e-07 8.61146993447181e-07 0.0 0.0 0.0 0.0 0.0 0.0 0.0 0.0 0.0 4.471695067759479e-06 0.0 0.0 0.0 1.193874959682756e-07 1.0062007234245564e-06 4.106473216961023e-07 1.8084465425829967e-06 0.0 4.587430378876653e-07 0.0 0.0 0.0 0.0 0.0 0.0 0.0 0.0 0.0 0.0 0.0 4.446598277611056e-06 8.599464983316277e-07 6.778842795636643e-07 2.9957051526822276e-05 3.50547373382408e-07 1.9754037271136434e-05 4.9577826515935575e-06 8.477788957001365e-06 2.068196190291476e-06 1.2664126560682884e-07 1.7485606099731329e-06 1.1404798907933525e-06 0.0 1.5062452543541068e-07 0.0 2.450768110654697e-06 0.0 0.0 1.250301029754493e-07 6.976056601082947e-07 0.0 1.2774660020797055e-05 2.9632283482224637e-06
0.00029788650625329685 0.0015629407254830324 6.938156033935137e-05 0.0012554158445059313 0.0003628191628644576 0.00016206316708103238 0.0016383600052929969 4.386611718570759e-06 0.00010785949024250222 0.0 3.750443300292061e-05 0.0011822844479584314 0.001472244893535916 0.00023698645885587318 1.1066399948169808e-06 7.883634909021074e-07 2.0003748023027194e-07 0.0 0.0 0.0 0.0 8.295501413052005e-08 0.0 0.0 1.219022235155456e-07 0.0 6.904538172797396e-08 2.6162932342138754e-07 1.2189756509698734e-07 1.5098141843159013e-07 1.0696803444581975e-05 5.725498555132137e-08 6.9501145948146305e-06 1.6357290578978853e-07 4.01050635247943e-07 8.719134478067094e-08 2.7099933497065417e-06 4.222027010389547e-07 3.3184149480906265e-06 1.3094991648400636e-07 0.0 2.5514760825362936e-07 0.0 1.323268616325534e-07 0.0 0.0 3.1632437602465937e-06 2.4289419663437993e-07 7.693997841601449e-08 0.0 0.0 2.2939240915907506e-07 1.0266388425880864e-06 2.492541236066118e-07 5.196649714227937e-07 5.3389925123296e-07 3.4485091673954485e-05 1.8386401524594508e-05 3.498466095439959e-06 8.247223368346885e-07 7.046266541554739e-08 5.579742069440826e-07 7.011106228694429e-07 5.144545111421381e-07 3.3940852091271413e-07 4.1249179536926484e-08 0.0 3.0336946508761467e-07 0.0 0.0 1.1674254787594553e-05 3.719317174461031e-05 1.1994183324305597e-06 8.530565385611443e-06 1.183880402983546e-06 1.7431723189623578e-06 3.298604112905882e-07 3.506187756944477e-07 4.6112496608421255e-07 7.273074308641711e-07 2.0264878008345024e-07 5.57418130220402e-07 5.222651645046312e-07 9.350768608961049e-08 2.3488972552241328e-07 8.376298967446718e-08 0.0 3.079731682633782e-07 4.95323372881928e-08 3.560136259727328e-07 0.0 6.564346639803732e-08 4.875853112963119e-08 0.0 7.429397372704164e-08 9.825276057285083e-05 1.9528046505757443e-05 3.5933005970458972e-06 9.855650884615492e-06 0.0001797964660380678 3.466209614289844e-07 1.547419589397793e-05 1.1849799519282791e-05 8.651982881170307e-06 2.3664203747117935e-06 6.464535442944378e-05 4.768325713516164e-06 1.409904211007274e-05 7.28061414763331e-05 5.568963171978721e-05 6.2859962939580676e-06 5.569647189605595e-05 3.491704636500808e-05 7.61387844279902e-06 7.79232113919083e-06 6.978394377568627e-08 0.0 0.0 0.0 0.0 0.0 0.0 3.5840706635307344e-07 0.0 0.0 6.417493245703134e-08 0.0 4.208544598569756e-08 0.0 0.0 0.0 0.0 0.0 4.756240375955653e-08 7.210471320898248e-07 1.8138663333764037e-06 0.0 0.0 0.0 2.1005639762830386e-06 9.71459339314952e-07 1.05190163001259e-06 9.877372153314494e-07 3.050574189569359e-07 0.0 0.0 0.0 0.0 0.0 0.0 0.0 0.0 0.0 0.0 0.0 0.0 1.432541193991949e-07 0.0 0.0 0.0 0.0 1.066102952850083e-07 1.5420416708263696e-06 7.668107575141225e-06 0.0 0.0 3.487349341773574e-06 1.8463275554643365e-07 0.0 0.0 4.6828308898113587e-08 0.0 0.0 0.0 0.0 0.0 2.6029287867087614e-05 4.607146274879237e-07 0.0 0.0 0.0 4.265773477088993e-06 1.1212644267430172e-06 1.3180718865232235e-06 8.408518165949788e-08 1.727507285062186e-07 5.937587402419111e-08 0.0 0.0 0.0 0.0 0.0 0.0 0.0 0.0 0.0 0.0 4.401937122013472e-05 1.290142429848606e-06 2.6327921977042477e-06 0.00017962425897530973 1.3970094391829159e-06 1.7532374671487026e-05 4.921284206090059e-06 0.0001956162582211503 3.429128101537406e-06 2.3629453168559877e-06 6.417697252308962e-07 4.496678439949662e-05 0.0 7.037923459253415e-07 9.149606009734229e-07 0.0001329391902328136 0.0 1.813944738614864e-07 0.0 6.892173704938673e-07 0.0 0.0005038060004594981 4.6825322614689696e-05
1.0223379044915862e-05 0.0005173844842488612 0.0012367314723479837 4.6380798187038443e-07 0.0006321648268207673 1.6283994914292927e-06 0.00015235794910709884 0.0014386902359623992 0.00041676599896994375 3.750443300292061e-05 0.0 0.0001668219897124812 0.0005921687935173099 0.001056433039446999 7.990690362477539e-06 6.952159365187214e-06 2.8263872227556784e-07 2.721646276639976e-07 5.439581805452689e-08 5.111438824576438e-07 2.692089865371559e-06 2.3035407434548033e-05 3.451105724769009e-06 4.936718414968204e-06 2.9831967343355516e-05 3.187428024334067e-06 1.0284170577153166e-05 5.151504222699864e-06 5.68839593798429e-06 5.5043363400295836e-06 0.00010740799197486157 0.00022474383062269014 0.0009408515390414455 2.8542931769819866e-07 2.9320066008924662e-05 5.052751579936997e-05 0.00021592609533838526 0.00021348685843531213 6.085781242308662e-05 2.28272399965778e-05 4.269974728088063e-06 4.4449328700286e-06 2.1317043798992245e-07 4.169004301363851e-07 0.0 1.471446309325536e-06 1.9005009642474077e-05 1.161082546218276e-06 8.051459409622317e-07 3.954109120236863e-07 3.7805223700592037e-08 2.2198781128680293e-05 4.268064134321145e-05 1.6614690635870843e-05 1.2628197685253378e-06 2.4608109076111115e-06 1.0700247932044072e-05 2.5851580562112165e-05 3.700783645900404e-06 3.354845624695575e-06 7.699636662209303e-06 0.00030356799189013207 1.2103811207740193e-05 6.6910470918039865e-06 8.743144839335664e-07 3.8395511115832423e-07 1.2860632271209749e-07 5.607890697441784e-08 8.367563094023938e-08 2.287189796815777e-06 8.937172214202301e-05 2.680857534351927e-05 8.47125981622595e-06 1.8066917759765695e-05 7.73880701672763e-06 1.2330997067834894e-05 3.825003176397422e-06 3.701320924490083e-06 1.0059353320189119e-05 0.0007280219031165467 1.9260463776963626e-05 0.00021683830145241686 2.099131348116602e-06 1.584600007490064e-07 3.5997302932064214e-07 3.3875434202481395e-07 2.5654820501167095e-07 6.503873444308511e-07 1.3923317750070867e-07 2.2556486353409777e-06 7.557243730650771e-07 8.574899933670446e-07 8.51663516514067e-07 1.4548595051955674e-06 6.662822567532197e-06 3.177511752396975e-05 5.296377467642946e-06 3.881610576750166e-06 3.382885764706701e-05 4.224455025567725e-06 1.6167072203647344e-07 1.1074956560444952e-06 3.599937589007619e-07 7.703959513996257e-08 7.011633838579577e-07 1.3693114232982956e-06 4.2401855106311056e-07 8.099207090697322e-07 3.7961199104353215e-06 5.239189118895026e-06 2.4861521652930535e-06 6.552579658108535e-06 7.309437686779539e-06 2.706777664028854e-06 6.03723289535272e-06 4.634773833139325e-08 0.0 0.0 0.0 0.0 6.074245820732412e-08 0.0 7.792959212495353e-07 0.0 7.486955537926348e-07 7.420254327491799e-07 1.8814327551789795e-07 1.4604111544768355e-06 4.5773097542032904e-07 3.6687993035960156e-07 1.2746621837092245e-06 8.454539057702239e-07 2.215080655814377e-06 4.671803288638071e-08 2.852540227082305e-07 0.0 0.0 1.5590175523467441e-06 1.4038169950477778e-07 6.869780648682605e-06 3.4430690386656496e-06 3.2783657664653027e-06 3.6166518265102827e-06 6.960113029704662e-07 1.7260807610304113e-06 2.415234282887652e-07 0.0 0.0 0.0 6.56939058265648e-08 0.0 0.0 3.451753371161919e-07 0.0 0.0 2.1457647339426117e-07 2.908973319203691e-06 3.229931898041875e-06 0.0 7.933611899627483e-08 0.0 0.0 5.3810260961185434e-08 0.0 5.1534990661464554e-08 2.3439925333023686e-06 6.4993413193784935e-06 0.0 1.0414607600988982e-07 0.0 0.0 0.0 0.0 0.0 0.0 5.698491966360653e-08 2.3223346221554736e-05 1.4208683444786538e-06 1.9503802565721885e-06 4.141078611965325e-08 2.4550173303611215e-07 3.4406066590451505e-06 2.472192514173016e-07 5.3124802590249985e-06 1.7529687169391355e-07 0.0 1.3493737360870132e-07 0.0 0.0 0.0 0.0 0.0 0.0 0.0 0.0 0.0 1.4718343043411863e-07 1.0488596119380916e-05 4.898505181880602e-06 6.132672903404382e-06 0.0001051051134389911 2.423668066663615e-06 5.950416848146179e-05 2.0370769595318554e-05 2.4786119243311832e-05 9.619690571896037e-06 1.3146782324281686e-07 5.55523573193234e-06 7.5723594230284785e-06 4.6084656246870046e-07 1.2108257935979265e-06 3.5733469304645527e-07 9.97953246941152e-06 0.0 5.08891303781327e-08 0.0 1.7421483580220043e-06 0.0 1.9755497991326114e-05 7.866129046335169e-06
