0.0 0.0009899539053780057 0.00033728725798875116 0.0008262290071598987 1.1911413195022532e-05 2.2854943168686457e-05 5.956684230349596e-05 7.190557333055778e-05 1.6710487269079756e-06 0.000640056599802491 6.084880140076211e-05 3.18374744458729e-05 6.585855478859307e-05 2.7694718775957485e-05 1.0446082305576989e-05 8.178919192172647e-07 2.3357105696284955e-07 2.8945974846189526e-07 4.301759500078349e-08 2.0747512438999742e-07 7.063111632592497e-07 0.0 0.0 1.1755224841722911e-07 2.1955750878368002e-07 4.1922970866759233e-07 2.8794337611731034e-07 0.0 0.0 1.9915648996517031e-07 0.00034346050142047656 3.4183549138430455e-05 1.413914376459386e-05 1.26770010598539e-07 5.325270894333922e-08 4.2075352095423425e-07 1.5789425441879323e-06 5.485089978480608e-07 1.686392365236591e-07 2.9654938726983705e-07 7.455102324513447e-07 5.697145736959515e-08 7.146978526141809e-08 3.174929056669845e-07 0.0 6.950865207217561e-07 5.115855445770531e-05 1.5605218768875185e-06 2.495432595460092e-07 4.823261619108926e-07 1.3766902363000105e-07 0.0 0.0 0.0 7.840452952915653e-06 1.218012907440005e-05 9.966649061784303e-05 0.0005168269679340764 3.165846723603826e-05 5.9129716022867804e-05 4.0642936008459564e-07 1.1007853450059195e-06 1.3230019908012606e-07 0.00011606636478565938 4.110390083173917e-06 1.7944434653184642e-06 1.050279171201639e-06 5.440781472026129e-07 4.706121394161169e-07 4.4572342057895683e-07 1.9811419679256163e-06 1.3140838020274205e-06 0.0 7.086379857063386e-05 4.739233405641585e-05 3.459915216224927e-05 5.7162912704463225e-06 1.0708438361426753e-07 7.460990050788936e-07 5.1587690915440724e-05 3.4939452627606745e-07 2.3597102414720297e-06 1.2058368518284289e-05 4.073025295506939e-07 1.964512699784905e-06 4.184898276217999e-06 1.178150615991594e-06 1.0648684737398934e-07 1.8867248061835604e-06 4.006572463355264e-08 5.456849595089241e-07 2.5083565116346316e-07 4.579834604864983e-07 1.3164644269925622e-07 2.5371767671093673e-07 3.50602590290852e-06 3.5766589131267944e-06 0.0 1.4777395488792294e-07 0.00037431601893174124 0.0 0.0 1.9944892337566142e-06 1.1942218258807996e-05 0.0 1.5386976219315848e-06 2.8093129919435326e-07 1.7645437727114964e-07 2.2821709925599813e-07 7.518587917372891e-07 0.0 1.306026041574385e-06 1.6099609080475146e-06 3.602005628537257e-07 0.0 0.0 0.0 0.0 0.0 0.0 0.0 0.0 0.0 0.0 0.0 9.099511442311529e-08 0.0 0.0 0.0 0.0 0.0 0.0 1.5381715704281777e-07 0.0 0.0 0.0 0.0 3.136340372452317e-07 0.0 2.1018730929701735e-07 2.29602506450527e-07 0.0 0.0 0.0 0.0 0.0 0.0 0.0 0.0 0.0 0.0 0.0 0.0 0.0 0.0 0.0 0.0 0.0 0.0 0.0 6.488424980178772e-08 0.0 0.0 0.0 1.7401766257632006e-07 3.605669914109849e-07 8.017839034587035e-07 0.0 0.0 0.0 0.0 0.0 0.0 0.0 0.0 7.369760125013132e-08 6.095677220359029e-07 5.1899506721482795e-08 0.0 0.0 0.0 1.862948873806985e-07 5.724421177471562e-08 8.202836714927658e-07 5.71642112058315e-08 8.42875208781526e-08 0.0 0.0 0.0 0.0 0.0 0.0 0.0 0.0 0.0 0.0 0.0 1.2069856144189943e-07 1.6019481100138084e-07 1.0663374221593422e-07 4.463596278253357e-05 4.526470521749598e-06 0.0001300047966005354 1.5692920639568685e-05 0.00029717271298032463 1.1591039678766379e-05 1.985907906127888e-06 1.6698669922025967e-06 1.5179392902779851e-06 6.408711641310066e-08 7.334308572892653e-08 0.0 1.627304384543513e-06 0.0 0.0 0.0 0.0 1.2722142598558584e-06 8.792345356186648e-05 0.0
0.0009899539053780057 0.0 0.0012767754762274246 0.0014752721619408595 0.00109013051772912 2.741185231262317e-05 0.0017598365767836535 0.00028859882427971083 0.00031906067264225805 0.0006027627795486308 0.0012825546052680457 9.016248972002322e-05 0.0009073512173039142 0.0008434327313017791 7.352342981353793e-05 1.0920767829570653e-05 5.125725258232062e-07 3.03475249544348e-07 1.2763615417719955e-07 4.379975689169677e-07 1.0306932759559836e-06 0.0 1.3564778829359056e-07 2.786240108009159e-07 8.828706778009749e-07 8.856538584039774e-07 1.8042946789029355e-07 1.3466690920184124e-07 1.3260269043156622e-07 5.628488960535051e-08 0.0005713579266777855 2.891065626428675e-05 6.526364372632718e-05 8.574720034261995e-08 2.6904850542853426e-07 5.933987685223081e-07 1.2804006123065294e-05 2.092071412707206e-06 5.209874132757929e-07 2.4849881165924395e-07 1.1830549592859788e-06 5.016316443711067e-07 3.47061276331973e-07 1.1358159144278432e-06 2.1262227322546457e-07 1.2766268790569674e-06 0.0001755297620206859 2.712884323518483e-06 1.392830369003884e-06 4.5958836227307007e-07 2.104408443952028e-07 0.0 0.0 1.2799785207892648e-07 1.2636601114896033e-05 1.9764335200661382e-05 4.173030179435001e-05 0.00025065771951103636 3.0109440682559985e-05 9.244264414921744e-05 9.74520291947111e-07 2.856532256727847e-06 2.2586708499023105e-07 8.146420211378004e-05 5.166273809674985e-06 3.4680302264126387e-06 1.8703751585820501e-06 9.528846551716295e-07 6.956105443356098e-07 1.0995800613516023e-06 6.178061945083529e-06 1.848436292003386e-07 0.0 7.956459110951558e-05 0.00012751248915893084 0.00015156249510234223 3.2955020356717396e-05 7.321542356103435e-07 2.5302323147605315e-06 0.00016174953447694134 7.515859590856263e-07 7.114861613432056e-06 1.944458551800424e-05 8.571120497703099e-07 3.5248615735675546e-06 6.848420431133001e-06 2.1105436999035827e-06 1.1448646086533035e-07 3.645122919413658e-06 3.7457614148242664e-08 8.827814734825612e-07 6.889036321876193e-07 2.0868214739974304e-06 1.2413441601527102e-07 1.7132105851202152e-07 1.18670547444522e-05 4.242821791869622e-07 0.0 4.285096409869759e-07 0.0002371958852722216 2.563548231839589e-07 7.339525726301235e-07 1.6131786820090668e-05 3.0945512025207154e-06 4.51705766485633e-07 1.5628225208454113e-05 3.1657354857111747e-06 1.120394644770437e-05 9.497910496698596e-06 1.3860394604969195e-05 9.594503893656673e-07 1.2381740777846742e-05 3.743253256472e-05 1.5451857603338024e-05 5.672715324421553e-06 0.0 4.386030700031902e-08 0.0 0.0 0.0 0.0 0.0 2.7036318426943314e-07 0.0 2.6901069930754723e-07 1.8795545180124884e-07 2.8600623951243325e-07 1.7705858402915289e-07 0.0 0.0 2.4058681473356404e-07 0.0 0.0 3.346116874361541e-07 2.344316743794652e-07 8.389506295656636e-07 0.0 8.847368219701421e-07 0.0 3.042792210287713e-06 3.510229998334861e-07 5.15139997010646e-07 1.0798042421863214e-06 2.798447481473235e-07 0.0 0.0 0.0 0.0 0.0 5.737639496261241e-07 0.0 3.374871956987145e-07 0.0 0.0 0.0 0.0 2.2947951592723313e-07 2.0039605864607437e-07 0.0 1.893944970004758e-07 0.0 7.505670391332634e-07 3.735883245305997e-07 0.0 1.746721023103254e-06 4.3691549031188066e-06 3.336571650401002e-06 0.0 0.0 7.675610861333015e-08 0.0 0.0 0.0 0.0 0.0 0.0 7.590049688884277e-06 5.983940832028521e-08 0.0 0.0 0.0 5.213250813383741e-06 1.1461746774687564e-06 6.531313729206686e-06 2.0242095526860662e-07 6.807076198752831e-08 0.0 0.0 5.210948783809996e-08 0.0 0.0 0.0 0.0 0.0 0.0 0.0 0.0 6.274794324201965e-06 7.459923420007449e-07 2.6491486058059885e-06 0.0003397243570208153 1.096083254025943e-05 0.00046046106540607797 8.589279904037362e-05 8.966336816278166e-05 5.3610717765120475e-05 2.2297661370660564e-06 2.1536947026506492e-05 9.555320151006037e-06 1.4938074763259892e-07 1.935568443102372e-06 1.7644490943953996e-07 7.569935146958229e-06 0.0 0.0 0.0 5.126894982093211e-06 4.8730580446108245e-08 0.00010662108102230603 8.134905834935725e-06
0.00033728725798875116 0.0012767754762274246 0.0 0.0002240743136339584 0.0003986942662801066 1.801994054506678e-06 9.361796557237892e-05 0.0018826619034476052 0.00017898897379332358 3.0718218701368437e-05 0.0012872965214493052 3.215709138327115e-05 0.00033546499264819297 0.0007763493892855061 3.0123809293986155e-05 6.767584689629699e-06 7.456764770111286e-07 3.9859397304430325e-07 5.3539508602789856e-08 1.4361839220542737e-06 6.022076322054275e-06 3.1244029495589316e-07 6.502152227520201e-07 1.818311174368529e-06 2.007552872173394e-06 4.457597892457578e-06 7.822252282289263e-07 9.810693090934285e-07 5.141142761296544e-08 7.256063856416142e-07 0.0012248296499150098 0.00037852928007979194 4.0099524782618555e-05 2.846898522886957e-07 7.578528420225738e-07 2.3232873595982257e-06 5.333699879205198e-06 3.4338272185035114e-06 1.892617367443301e-06 1.029338619652551e-06 6.703218995964624e-06 1.8649243414367368e-06 3.451545580703875e-07 5.923461145294263e-07 4.159056390606129e-07 8.465020696850245e-07 6.834815824161593e-05 1.137506959136864e-06 1.0519892624231479e-06 1.1467113346389076e-06 1.6801004303650397e-07 8.525426994848435e-08 0.0 2.214147198059426e-07 4.881207330696362e-06 7.176209034757995e-06 2.0345881769815885e-05 0.00017772774342769614 1.250188764248102e-05 3.550574361839537e-05 3.1500962482473807e-06 8.913052749054947e-06 4.488141166134652e-07 0.00013737314232474987 2.5122731357853674e-06 2.166578469546289e-06 1.0225651229573957e-06 1.2621000498621375e-06 2.850593722364274e-06 4.112796451251452e-06 4.784820977349292e-06 2.412612673248535e-07 0.0 3.711795091946483e-05 0.00010061036249232194 7.332337278085794e-05 2.2219088918541924e-05 1.2451597908393362e-06 1.882407950643295e-05 0.00038573579156493166 6.999521678407361e-07 5.8317371555275504e-05 8.263026195017604e-06 1.069857538477877e-07 1.9446031735803175e-06 3.1788091038223615e-06 2.2057207268583166e-06 4.3114196877710576e-08 1.2196750778708346e-06 7.001491469902528e-08 6.081282595217842e-07 2.7932009204058654e-07 5.939828470093774e-06 6.418267402471628e-07 2.610122269116137e-07 1.4666256643222609e-06 7.476361388393499e-07 0.0 4.1852648743094325e-07 8.523974392457681e-05 0.0 0.0 2.1950613992870657e-07 0.0 0.0 5.275264833304298e-08 0.0 8.807974867605242e-07 3.7644241932277005e-07 7.583171309219805e-07 1.3591473941349572e-07 7.148758145936634e-07 1.9289992448687046e-06 1.2637315522127948e-06 4.2237237018695866e-07 0.0 0.0 0.0 0.0 0.0 0.0 5.389456858951763e-08 1.8230329978223465e-07 0.0 5.7705064346809865e-08 5.036115883551281e-07 0.0 0.0 1.6899600815349814e-07 0.0 5.301832859869142e-07 0.0 6.144336984424149e-07 9.78208928495699e-08 4.506477884676071e-08 4.838254308654551e-08 0.0 0.0 0.0 4.3982815329296425e-07 0.0 1.4770727253258072e-07 1.267044791194221e-07 2.5381415795777786e-07 1.0955881314245157e-07 9.844755636519296e-08 1.3217931469292717e-07 0.0 0.0 0.0 1.537439182792913e-07 0.0 0.0 0.0 0.0 0.0 5.33467834569523e-07 1.3393767751044618e-07 0.0 0.0 0.0 7.567649542637807e-08 0.0 0.0 5.054593934909603e-08 3.114866326197493e-07 2.594620781429665e-07 0.0 0.0 0.0 0.0 0.0 4.3365929045152176e-08 0.0 0.0 0.0 1.208305317339959e-06 1.2237744859442175e-07 3.7340834444238226e-07 0.0 6.205540908112186e-08 5.04123809782196e-07 4.9417754621055185e-08 7.217170238903002e-07 0.0 0.0 4.413030321482592e-08 0.0 0.0 0.0 0.0 0.0 0.0 0.0 0.0 0.0 8.68855016965165e-08 4.356382759154011e-07 1.1070716591675201e-07 5.268587403801366e-07 9.370248339891301e-05 4.707654915539591e-06 0.00014923280974468446 2.9661279640930416e-05 1.4093969499272886e-05 1.2624956947001834e-05 8.302267367369962e-07 5.984413160760144e-06 1.7934959616372482e-06 3.464184060012908e-08 1.3957500180970795e-07 6.089242420342456e-08 2.4525364064901223e-07 0.0 0.0 4.1088200891259967e-07 9.962708777835364e-07 1.1067728225816565e-07 3.2230136724605536e-05 4.389254783599003e-07
0.0008262290071598987 0.0014752721619408595 0.0002240743136339584 0.0 1.8009437792086803e-05 0.00016842817315303418 0.0005341421250209357 6.47842643487583e-06 9.162014767203095e-06 0.002422866973670341 1.3052429814783725e-05 0.00011298807078897108 0.000454957204708089 3.462849177914805e-05 9.340568042764092e-06 6.618998571496434e-07 7.539441012109677e-08 0.0 0.0 0.0 1.974284998471266e-07 0.0 8.687920937041226e-08 0.0 0.0 0.0 0.0 0.0 0.0 0.0 3.5652470934493344e-05 4.135977181742925e-07 4.2018647478324467e-07 4.767402064666041e-08 0.0 0.0 0.0 9.066668760319874e-08 0.0 0.0 1.3414659903847067e-07 4.2137432249973525e-08 0.0 3.0981380305370456e-07 1.209971078635022e-07 2.212779578912164e-07 4.1546873782030046e-05 5.492601027082816e-07 0.0 8.593699385134196e-08 5.1139811042979824e-08 0.0 0.0 4.489842995825411e-08 5.0423040015626565e-06 7.003985020929467e-06 4.113500529613766e-05 0.00015086724478878568 1.2769717943794951e-05 3.326850262175289e-05 1.4263442204923276e-07 0.0 4.553847363259832e-08 6.8945524846650835e-06 2.128716866870381e-06 1.1270368480060862e-06 4.994430201192323e-07 2.6327675030945023e-07 2.399344146260928e-07 3.2304351323582085e-07 5.2680485459472134e-08 0.0 0.0 3.16039283169543e-05 2.596044285235469e-05 2.7094889810923506e-05 4.361215761163519e-06 2.4218664679625415e-07 2.996489056019817e-07 5.822559327447146e-07 1.6244571624059688e-07 1.416792860698769e-07 6.709995345398302e-06 1.39595678458492e-07 8.546937327937219e-07 2.4015093193720417e-06 6.694410632733351e-07 0.0 1.6974107857517673e-06 0.0 1.9103203085543e-07 1.5360093250418526e-07 7.522554104187583e-08 0.0 1.0338810172644917e-07 2.9912132503072896e-07 0.0 0.0 0.0 0.00046704770198691353 1.4284623543904715e-07 1.3017102818117387e-06 1.6819139380852494e-05 2.1325083995781637e-05 9.429338223279468e-07 4.094402020668702e-05 2.940420016021751e-06 4.928681581400168e-06 2.970459316109364e-05 3.5069562608161702e-06 1.1005793740245915e-06 9.674140074914193e-06 9.878886928212197e-06 1.9917201799147566e-06 3.5174225509074695e-07 0.0 1.5570414413467114e-07 0.0 0.0 0.0 0.0 0.0 0.0 0.0 0.0 0.0 0.0 0.0 0.0 0.0 0.0 0.0 0.0 0.0 0.0 0.0 0.0 1.833106653285285e-07 1.5619616491275335e-07 7.750281601787762e-07 1.5831036040160469e-07 7.311041963560814e-07 6.832831830592982e-07 1.636641453140087e-07 0.0 0.0 0.0 0.0 1.2896492065597232e-07 3.164274127206322e-07 0.0 0.0 6.725686753744127e-08 0.0 0.0 0.0 1.0802051872495214e-07 0.0 0.0 0.0 0.0 1.0206729683334824e-07 1.8015134055594e-07 0.0 1.3790098159211231e-06 1.3102338178484828e-06 1.0723771619047434e-06 0.0 1.482354008296291e-07 0.0 0.0 0.0 0.0 0.0 0.0 0.0 2.1527389139647203e-06 0.0 0.0 0.0 0.0 2.217013968791438e-06 5.816303222971392e-07 1.124070459644999e-06 1.5913547344968386e-07 8.578213416345267e-08 1.6099971361965668e-07 0.0 0.0 0.0 3.662840293751426e-08 0.0 0.0 0.0 5.6401542158723814e-08 0.0 0.0 7.921548676706193e-07 4.863179875092557e-07 8.932662786619151e-07 8.900086175147775e-05 2.3303505119516228e-06 0.00010459370427128905 1.2178256031494079e-05 0.0003662010103513441 8.846762151327765e-06 1.6179107208749991e-06 1.2047534785690957e-06 4.74514094296348e-06 0.0 6.115827791557498e-07 0.0 5.476740479055145e-06 0.0 4.2647893129841047e-08 0.0 7.469222630318673e-07 0.0 7.807980552797432e-05 2.817771573569409e-07
1.1911413195022532e-05 0.00109013051772912 0.0003986942662801066 1.8009437792086803e-05 0.0 1.5554004744247173e-06 0.0009733782635962984 0.00011538417282887805 0.001783351702434819 0.00019922010946068537 0.0007293564084511556 3.2339954713117756e-05 0.0004663548623156522 0.0011060249180050129 1.2373669673097984e-05 3.5489222125085756e-06 0.0 0.0 0.0 0.0 8.079902268322377e-08 0.0 0.0 0.0 6.899184115937893e-08 9.82164486821739e-08 3.8047250748028325e-08 0.0 0.0 0.0 7.770492918385184e-06 2.2660088301941976e-06 1.097833976720668e-06 0.0 0.0 0.0 1.551426730298154e-07 1.400636058221128e-07 6.351073608167771e-08 0.0 1.993985782462821e-07 0.0 0.0 5.668666897230704e-07 0.0 1.2252161132793382e-07 2.3017852055552965e-05 2.993139223738809e-07 2.1988362081005563e-07 5.0821996410353114e-08 0.0 0.0 0.0 7.27617726050705e-08 4.3338017199429997e-07 1.8417154291489705e-06 3.5826209344941266e-06 1.3750381026183578e-05 3.0461437085680166e-06 8.74018517697822e-06 1.8722440087774695e-07 1.2004136090906246e-06 0.0 7.033102688250944e-06 5.925706821056245e-07 2.29046450658448e-07 2.1619176637241834e-07 1.0893679877554601e-07 3.2495205398978574e-08 1.6648733924254366e-07 9.393124549837674e-07 1.5546329475714462e-07 0.0 5.829333362087279e-06 1.27686607775848e-05 2.369590636452371e-05 3.5555262923987147e-06 2.2746760823071088e-07 2.6007237509017323e-07 7.967800334968481e-06 5.30324840502352e-08 2.7764863504930343e-07 1.565854274411713e-06 4.280679555574552e-08 2.970215855905545e-07 3.574589507262824e-07 2.67663822014521e-07 0.0 2.722429107342222e-07 0.0 1.2551942545654357e-07 1.1091102424143974e-07 7.430159935068867e-08 0.0 0.0 1.051312234868564e-05 4.5152772299933573e-07 0.0 0.0 8.822236669240998e-07 4.69825005283472e-08 9.60856127620085e-07 5.042435093863343e-06 5.822516520068005e-07 6.593389391101152e-07 4.691848351105511e-06 3.496953496720491e-06 1.1081467901317116e-05 6.667205330465592e-06 1.476563142111322e-05 9.042170224386087e-07 1.277382625241251e-05 3.561890771269702e-05 1.4209538950967573e-05 6.0913423619195325e-06 0.0 0.0 0.0 0.0 0.0 0.0 0.0 0.0 0.0 0.0 0.0 0.0 0.0 0.0 0.0 0.0 0.0 0.0 0.0 0.0 8.575546252542483e-07 0.0 5.555676901485509e-07 0.0 2.7498873089550113e-06 4.217724800298684e-07 2.1342608658666713e-06 5.796257567344962e-07 5.099590913127521e-08 0.0 1.3456029176750881e-07 0.0 0.0 4.649272738219057e-07 5.335923313387547e-07 0.0 1.9504602956769735e-07 0.0 4.3957202301779475e-08 0.0 0.0 1.2646787787708403e-07 0.0 0.0 2.968010411907364e-07 0.0 0.0 4.364184461057874e-07 0.0 4.3964363816557e-07 5.359294297086179e-06 2.74472605944058e-06 1.2168454938080177e-07 0.0 0.0 0.0 0.0 0.0 0.0 0.0 0.0 8.925385727780934e-06 2.0620881821355913e-07 0.0 0.0 0.0 7.278899183848307e-06 1.3393675224508432e-06 4.227946589507153e-06 0.0 0.0 3.479261810070483e-07 8.418753483827414e-08 0.0 0.0 0.0 0.0 0.0 0.0 0.0 0.0 0.0 5.8922650085510115e-06 1.0414032094784213e-06 2.2286382229406408e-06 0.00010442944700740417 1.7630193800963334e-06 6.468102781384442e-05 1.750187005855657e-05 2.092453753350882e-05 8.18260606165349e-06 4.0507887366980916e-07 7.71476667322835e-06 6.5053809960990144e-06 5.0591602727031936e-08 1.4556450368869818e-06 3.0041622705807947e-07 8.88218676381581e-06 2.8766580302929755e-07 0.0 5.1631724232066454e-08 1.8492469066192447e-06 4.659075073796815e-07 3.048802270467592e-05 8.890705269251941e-06
2.2854943168686457e-05 2.741185231262317e-05 1.801994054506678e-06 0.00016842817315303418 1.5554004744247173e-06 0.0 2.1178522601476464e-05 4.237039731028872e-07 1.4235775075261922e-06 0.00024259666572624432 8.884465818248592e-07 6.232353325036623e-05 1.7630095190758493e-05 1.9649838059143037e-06 0.0 0.0 0.0 0.0 0.0 0.0 0.0 0.0 0.0 0.0 1.0833838226166776e-07 0.0 7.71746884909851e-08 0.0 0.0 0.0 3.600399455244374e-07 0.0 2.8913419068186048e-06 0.0 0.0 0.0 3.682962820085052e-06 1.7005672838680178e-06 1.1670924918767816e-06 0.0 0.0 0.0 0.0 0.0 0.0 0.0 1.347035546657853e-07 0.0 0.0 0.0 0.0 1.2288466224278677e-07 6.583627548109e-08 0.0 4.0033389249976436e-08 0.0 3.528306502783661e-05 3.5929986234174415e-06 0.0 2.279328621708055e-07 9.574679871361103e-08 2.178004683327247e-06 0.0 7.61656080413074e-08 0.0 0.0 8.612483445678088e-08 0.0 0.0 0.0 2.9618294342189938e-05 3.4275405567968525e-05 2.306061878887909e-07 2.1760946982725233e-07 1.4538272751630927e-07 1.0891288141580464e-07 0.0 0.0 0.0 2.053057970395459e-06 0.0 2.982211507267439e-07 0.0 4.2728342638261223e-07 0.0 4.357121080485395e-07 4.5300923650935736e-08 4.0040246907348304e-07 6.082792264441973e-07 1.7869366550706276e-06 1.2415407545900606e-07 1.1406006611427033e-07 0.0 0.0 0.0 4.979841501152445e-05 4.721840447662415e-05 5.824778236371136e-07 2.9593157278608563e-06 0.0001439394192498453 0.0 0.0 9.339805660620974e-07 2.9474292891102784e-06 0.0 1.4266329502331535e-07 0.0 0.0 0.0 1.3800530444659385e-07 0.0 0.0 8.332055662982978e-08 4.5813836255793134e-08 0.0 0.0 0.0 0.0 0.0 0.0 0.0 0.0 0.0 0.0 0.0 0.0 0.0 0.0 4.830662763922025e-08 0.0 6.207330145711158e-08 0.0 0.0 0.0 0.0 0.0 0.0 1.1076124731852275e-07 0.0 1.2337961726620257e-07 5.108149454711097e-08 1.573908559414164e-07 3.410949709664539e-07 0.0 0.0 0.0 0.0 0.0 0.0 0.0 0.0 0.0 0.0 0.0 0.0 0.0 4.43176906423744e-08 0.0 0.0 0.0 0.0 0.0 0.0 0.0 0.0 3.918817727341669e-07 1.2256840928073207e-07 0.0 0.0 0.0 0.0 0.0 0.0 0.0 0.0 0.0 1.1114277745843217e-07 7.773197992637679e-08 0.0 0.0 0.0 0.0 2.5452569941008397e-07 6.640752088317922e-08 0.0 0.0 0.0 0.0 0.0 0.0 0.0 0.0 0.0 0.0 0.0 0.0 0.0 5.334146334413522e-08 5.011832362594995e-07 3.357979897834357e-07 6.719542841768837e-06 0.0 1.4682507732783639e-06 0.0 0.00015354082580567674 0.0 0.0 0.0 4.745740487531675e-08 0.0 0.0 0.0 0.0 0.0 0.0 0.0 0.0 0.0 1.9242177564702735e-05 3.7672594566853745e-07
5.956684230349596e-05 0.0017598365767836535 9.361796557237892e-05 0.0005341421250209357 0.0009733782635962984 2.1178522601476464e-05 0.0 2.231357327450212e-05 0.0005329295371497097 0.001097953464097362 0.00025117968593200746 0.0001294202277456462 0.0021126494984332208 0.000522898966202127 2.0002917022736595e-05 3.3393941661928376e-06 0.0 5.126536740080432e-08 0.0 1.1337039457051726e-07 4.489224815539076e-07 0.0 0.0 4.091526364389766e-08 0.0 0.0 0.0 7.109517341995075e-08 0.0 0.0 7.537947328002064e-06 1.5769481865387777e-06 3.209671597309551e-07 0.0 0.0 0.0 8.293728615641026e-07 1.764212659426964e-07 0.0 7.810492250827654e-08 1.1607613717889366e-07 5.5770966315989346e-08 0.0 1.1347992016800256e-07 4.0739574074412436e-08 1.109249586465017e-07 3.701832870644606e-05 2.98878581434826e-07 3.3957528944518716e-07 4.7875472890174613e-08 0.0 0.0 0.0 0.0 1.8722149923513927e-06 3.3553289375863587e-06 7.681672301452795e-06 2.3830718179801216e-05 4.6046666536439324e-06 1.6334276260645358e-05 2.2955270904694333e-07 1.2372385673422183e-06 0.0 7.876980326526058e-06 6.760614119237123e-07 9.67544739858012e-07 3.3425331501247195e-07 1.559700128440755e-07 1.6120629101168688e-07 2.2221538080957515e-07 2.1770002911495576e-06 7.85397972283507e-08 0.0 1.3852219539908267e-05 1.8716166110484585e-05 3.172559886672459e-05 6.572195258810067e-06 5.994908389030975e-08 1.3214997223959127e-07 1.953341796320559e-06 7.697568797246078e-08 5.299740840754467e-07 2.7360066755689083e-06 4.951484553887121e-08 3.574979827097644e-07 1.5131774208959095e-06 2.7885935357803305e-07 1.1904551194967569e-07 6.08621251861099e-07 0.0 2.0753120433886753e-07 3.4349482175907574e-08 2.980483432382308e-07 0.0 1.4423592989203568e-07 4.161469912373788e-05 2.1063644379735826e-06 0.0 2.1659978296687236e-07 8.773756533154655e-06 6.393689739722009e-07 2.7418996574038135e-06 6.978385919666909e-05 3.9216757514143676e-05 1.5463695975889766e-06 4.571936458555359e-05 1.4916534171581172e-05 2.7603445928693e-05 3.8501995714542864e-05 4.525258564969338e-05 3.3454976507879754e-06 3.5885887210014846e-05 0.00010741111422846358 3.5391463206757904e-05 1.2322775249731979e-05 1.2717615253625208e-07 0.0 0.0 0.0 0.0 0.0 0.0 0.0 0.0 0.0 0.0 0.0 0.0 0.0 0.0 0.0 5.309761973225938e-07 0.0 0.0 1.3138669678178125e-07 3.2673233757611025e-06 7.13769783417891e-08 8.004529069534769e-07 0.0 5.606145647360422e-06 1.0981686176201464e-06 3.4070594643793525e-06 1.4662201972609746e-06 6.075904058315912e-07 1.2008971531599653e-07 0.0 0.0 4.3425165589946766e-07 5.794955218855007e-07 8.954224697220356e-07 0.0 3.977876065636332e-07 4.822660033610085e-07 0.0 0.0 0.0 0.0 0.0 9.667891064791597e-08 2.8442888050872584e-07 5.791270458770534e-08 1.327297373860202e-06 8.325844485063551e-07 4.404587845603326e-08 5.4724682113288865e-06 4.8335910103540504e-06 8.252720280995421e-06 1.199544792088438e-07 5.006117593780561e-08 3.641358683664186e-08 0.0 0.0 3.928064773291408e-08 0.0 1.722646922496697e-07 0.0 1.707197494516961e-05 3.0273255944768945e-07 0.0 0.0 0.0 1.2903254708844922e-05 3.835506094077926e-06 7.104296507738737e-06 1.1792749666390655e-06 1.430643255056573e-06 7.932610031751142e-07 2.1106858380078147e-07 0.0 1.1590016070542029e-07 0.0 0.0 0.0 0.0 0.0 0.0 0.0 1.2827229602251006e-05 2.3324152621463304e-06 3.0056831062385586e-06 0.00018276279083189137 2.9729742356149336e-06 0.00011431110697025105 2.9255338151296894e-05 6.517406321157941e-05 1.556737374957582e-05 7.475666917728491e-07 1.0259135924444602e-05 2.006627604529344e-05 0.0 3.1912693440287415e-06 3.092429423637813e-07 2.487642130411748e-05 1.8275117646940922e-07 1.092491002872182e-07 3.6453869460690475e-07 2.5255389306645416e-06 7.405594433136017e-08 9.612697928650255e-05 2.1780377310803845e-05
7.190557333055778e-05 0.00028859882427971083 0.0018826619034476052 6.47842643487583e-06 0.00011538417282887805 4.237039731028872e-07 2.231357327450212e-05 0.0 8.665547066635691e-05 1.7617132790326262e-06 0.001162289808420142 1.3111112361018243e-05 0.00013878304870074647 0.0005451876425093026 5.131601345008365e-05 1.8216856311624043e-05 1.0726853261304954e-06 8.255302456012255e-07 3.5356002659545345e-07 8.28657670236629e-06 2.0106903345360564e-05 0.0 4.427152211780296e-06 4.391146781729829e-06 2.900545147745786e-06 6.609777298001543e-06 7.183009819934753e-07 1.4839934787531651e-06 5.66114300315448e-07 1.4508139877807572e-06 0.0006434276282110774 0.0014801970927514362 4.864246938512216e-05 2.5655736533660085e-06 9.755853773593893e-07 2.0824138299722984e-06 1.9302379404486082e-05 7.426632417931543e-06 2.5392836106835213e-06 1.4448125171150513e-06 1.52348572502393e-05 4.0660295297277635e-06 1.1915599019881263e-06 4.723052481711136e-05 9.628960867019967e-07 4.51655952454659e-06 7.211684266564345e-05 1.363417705697659e-06 1.7097945432233907e-06 3.329034108823705e-06 2.97798919343785e-07 1.0449863207839959e-07 1.9889903275905558e-07 5.517330911959796e-07 1.5154309180518368e-06 2.5884776290978903e-06 7.127383345639809e-06 5.2510951089025906e-05 3.1160438681923173e-06 1.3119734461616016e-05 0.00010524400446326545 3.1124036245218804e-05 2.5184132821458116e-06 0.00020882478178592927 1.0932194553584272e-06 1.5230670763545236e-06 3.981278681730619e-07 3.3319369218692314e-06 9.398553637266154e-06 1.809270141131607e-05 1.595171421837812e-05 7.295011855276129e-08 6.02139353946651e-08 1.281140948812403e-05 8.915045148258355e-05 0.00010240804360394152 8.745142378420094e-05 0.0003039532918743457 0.0007306071961506271 0.0005805835152608242 0.00012945165962291983 0.000295367238105565 3.1570611294642835e-06 7.445388668350218e-08 1.2958650401484112e-06 1.3719956752456146e-06 5.244649960780812e-06 0.0 3.6173988099681934e-07 7.611368493999317e-08 5.354434228293606e-07 1.316525263679145e-07 1.5343780460198678e-05 9.090169848456594e-07 4.404355257756552e-07 4.588235968706852e-06 9.009232831475604e-07 0.0 1.300990648362857e-06 3.870522150070375e-05 0.0 0.0 0.0 0.0 0.0 0.0 0.0 7.112803696768701e-07 0.0 3.074711896067233e-07 0.0 1.046763508415466e-06 1.5873179758216e-06 5.120762210469372e-07 8.924496651444855e-07 1.054634152043578e-07 0.0 0.0 0.0 0.0 0.0 5.181358875784259e-08 9.871504869034855e-08 0.0 0.0 1.2861024016497429e-06 0.0 6.172341552298871e-08 0.0 5.2088703600320326e-08 3.4361038538140307e-07 6.344381572643618e-08 1.7416592021220883e-07 7.599192027919422e-08 0.0 0.0 0.0 3.2394242581431247e-07 0.0 4.839884542759169e-07 2.821499890895725e-07 4.902786253399955e-07 2.4913529185564413e-07 2.6658707134690544e-07 3.13471036656678e-07 0.0 0.0 0.0 4.6969938698046846e-07 2.1276145752272724e-07 0.0 0.0 0.0 0.0 0.0 0.0 4.947253372116078e-08 7.112271620281542e-08 0.0 0.0 0.0 9.179084915485998e-08 0.0 0.0 2.3456612802119565e-07 7.870528605694732e-07 4.1369508947555154e-07 0.0 0.0 0.0 0.0 0.0 0.0 0.0 0.0 0.0 7.541210166429476e-07 1.3280932976877566e-07 2.342892656726081e-07 0.0 0.0 6.161453219920423e-07 0.0 4.129297796076436e-07 0.0 0.0 0.0 0.0 0.0 0.0 0.0 0.0 0.0 3.450084685157731e-08 5.218535438133631e-08 0.0 0.0 7.928803304868968e-07 3.2041622908739213e-07 5.121013936116268e-07 0.00016252061000651886 5.232154653082422e-06 0.00014652240095918684 5.160956638927908e-05 1.2284537670790526e-05 1.6373370505553047e-05 1.5936242428514692e-07 8.777261244685189e-06 6.385204749888129e-08 0.0 0.0 1.6146037057539537e-07 1.742513458746875e-07 0.0 0.0 1.425251637941001e-07 3.486692962432529e-06 0.0 1.3246801962307837e-05 9.506368488215131e-07
1.6710487269079756e-06 0.00031906067264225805 0.00017898897379332358 9.162014767203095e-06 0.001783351702434819 1.4235775075261922e-06 0.0005329295371497097 8.665547066635691e-05 0.0 5.544763314383501e-05 0.0007800064697013112 3.9059738978072094e-05 0.000667522918538777 0.000781261385274296 6.413115989199611e-06 3.4600664563581835e-06 0.0 0.0 0.0 8.27347704119763e-08 3.822869078631287e-07 0.0 0.0 5.6944892668508356e-08 3.4507832963689333e-07 1.1800177154206305e-07 0.0 0.0 1.0643049682249397e-07 0.0 1.992310928267496e-06 5.907174355748345e-07 1.145418339871024e-06 0.0 0.0 0.0 9.927716532917768e-08 4.768421812727644e-07 2.6117897029310403e-07 0.0 3.466706272096213e-07 2.0921468521547325e-07 6.486524893311643e-08 0.0 0.0 0.0 1.0156897147053688e-05 1.2630243860463082e-07 3.214527056076678e-07 2.4704227183728354e-07 0.0 0.0 0.0 0.0 9.914967562970562e-08 1.6339397304478173e-07 1.670286667531843e-06 2.588622721009091e-06 4.586795352056236e-07 1.8818174308356641e-06 0.0 7.822376922510489e-07 0.0 1.0183678969254081e-06 9.3170329173815e-08 1.9918622365121736e-07 5.6022522428710954e-08 0.0 1.6811472386891628e-07 8.227091838909659e-08 1.6814086212634789e-06 0.0 0.0 1.159989045814409e-06 4.230074885674968e-06 1.1640566147177045e-05 2.079140379357596e-06 2.3475758426894004e-07 1.0281203112092246e-07 7.467795211903566e-05 0.0 3.223375305482856e-07 3.248016119712598e-07 0.0 9.417644277543317e-08 1.2888215211565681e-07 0.0 0.0 0.0 0.0 1.4046806871944056e-07 0.0 1.1677348992487559e-07 0.0 0.0 2.264058351249761e-05 1.070620527031699e-06 0.0 0.0 1.1474808469981879e-06 7.916317960563625e-07 2.3749097724917667e-07 7.576636718779712e-06 5.001789190680798e-07 6.723053301159951e-07 3.849527088719697e-06 3.963447181550737e-06 1.084128391608431e-05 8.697458642813166e-06 2.017437085258969e-05 9.162488823879194e-07 1.2702056443826009e-05 4.548956556617252e-05 1.658040967281247e-05 5.679807952899463e-06 0.0 0.0 0.0 5.506649443877363e-07 0.0 0.0 0.0 0.0 0.0 0.0 0.0 0.0 0.0 0.0 0.0 0.0 2.3815092162742785e-07 0.0 0.0 5.5885421445635064e-08 1.1108207248686173e-06 0.0 5.120880949597205e-07 0.0 3.4451258366261377e-06 3.364886002856955e-07 1.8966332864561256e-06 1.1852272006680738e-06 4.698213472576227e-07 0.0 0.0 0.0 0.0 2.874779787252216e-07 5.075490586888227e-07 0.0 1.893344036560438e-07 3.5831883784183726e-07 0.0 0.0 0.0 0.0 0.0 0.0 1.5638074850587194e-07 0.0 6.942045680812925e-07 1.0287543364203625e-07 0.0 1.3590439065623137e-06 4.930552064992153e-06 4.352262837445474e-06 1.3246874865263286e-07 0.0 0.0 0.0 0.0 8.165155136353646e-08 0.0 0.0 0.0 8.428074743362185e-06 1.764988343482262e-07 0.0 0.0 0.0 8.25616868109773e-06 2.6547315291967654e-06 4.530086659616538e-06 1.276706009133069e-06 1.921331911839485e-07 5.150753816681279e-07 0.0 0.0 0.0 0.0 0.0 0.0 9.500028105692852e-08 0.0 0.0 0.0 6.500350698693548e-06 1.0411568600210304e-06 1.519116894217989e-06 9.864469321735529e-05 1.20065706016568e-06 2.7398046238410996e-05 1.0203418524407312e-05 1.0245532065379728e-05 5.125642427746569e-06 0.0 4.849243647538199e-06 5.378855159958866e-06 0.0 7.730967551331175e-07 1.0227561912327015e-06 9.489302663053689e-06 0.0 0.0 4.491943719867908e-07 0.0 0.0 2.5830238757510797e-05 9.838083726657863e-06
0.000640056599802491 0.0006027627795486308 3.0718218701368437e-05 0.002422866973670341 0.00019922010946068537 0.00024259666572624432 0.001097953464097362 1.7617132790326262e-06 5.544763314383501e-05 0.0 9.768084197185201e-06 0.0015073342155695005 0.0015995774234223784 6.944972539346904e-05 5.491358700211298e-06 1.2597323649189167e-06 2.4095025036058294e-07 0.0 0.0 0.0 6.22801918353107e-08 0.0 0.0 0.0 1.1640970218841662e-07 1.418952726086102e-07 0.0 6.096571513131257e-08 2.728431497404799e-07 0.0 6.273738328429676e-06 3.135236704974175e-07 1.0121338064622549e-05 0.0 0.0 0.0 1.3053083046260707e-05 2.1410520071570994e-06 4.963837531125192e-07 7.906169514447407e-08 5.468854016584409e-07 0.0 0.0 6.152857511229289e-08 6.15362237117958e-08 2.8173875460606935e-07 2.173991601403632e-05 3.39942546111685e-07 2.4408480684228333e-07 4.154300304947633e-08 8.956581091839587e-08 0.0 0.0 0.0 2.4879668027017467e-06 3.2965070799039473e-06 3.646596355598331e-05 6.169195492923408e-05 7.630446402912004e-06 1.4684629775748619e-05 0.0 4.594977684264775e-06 1.3347134768039592e-07 2.485440172949078e-06 8.833622551819844e-07 8.518548210910165e-07 1.3067995119045934e-07 9.912789700878514e-08 1.6246165897357604e-07 0.0 2.4616656581390263e-05 1.055400100924914e-06 0.0 1.6414764550008026e-05 1.0909856192763714e-05 1.2470857564462013e-05 1.7989828406577114e-06 1.481958667641678e-07 4.6342593785451904e-08 3.1378321264785534e-06 7.494362527076934e-08 1.4553956032117181e-06 2.462367797617229e-06 2.1765750668363586e-07 7.207057525374399e-07 1.741208909572922e-06 3.0943358680365006e-07 0.0 4.5527109952475823e-07 0.0 1.85920637429489e-07 0.0 6.473545096064858e-08 0.0 0.0 0.00034949864912586656 8.807350499321526e-06 0.0 4.237035655688131e-07 0.0004765074017986596 1.4275749049304165e-06 2.4489802706799815e-06 5.5050730658896826e-05 4.6695642386126815e-05 4.875055766861298e-06 3.733709322601326e-05 3.5769923907610115e-05 5.614530041483448e-05 3.96659537738283e-05 0.00011029524151392439 4.071630283549352e-06 5.948608124994734e-05 0.00017512897830185596 5.518820174811743e-05 1.3740323381919345e-05 0.0 4.541519294504366e-08 0.0 4.0568383029050873e-07 0.0 0.0 1.258371390207199e-07 0.0 0.0 0.0 0.0 2.231804997436104e-07 1.9663125886944395e-07 0.0 0.0 0.0 4.3488327502943186e-07 0.0 0.0 1.0566839995322637e-06 1.6697627417261668e-06 2.720408749019139e-07 9.801331870238342e-07 0.0 5.4891215109388776e-06 1.6402412994248806e-06 3.3194423053486315e-06 3.2481839715867703e-06 9.071259126322476e-07 1.6262145797444354e-07 0.0 0.0 1.8576692861782496e-07 2.013381574473858e-06 1.3993581552550766e-06 0.0 1.0880003360054723e-07 1.6044231459526943e-07 0.0 0.0 0.0 6.37921895461305e-07 1.605511457546924e-07 1.827992328874283e-07 4.468809347192431e-07 0.0 6.725350717447974e-07 8.111612005588005e-07 2.0040055130170732e-07 7.002954722625758e-06 8.809675986556575e-06 7.193126807680723e-06 3.822722366364607e-07 0.0 7.236246745898472e-08 0.0 0.0 2.1627686926791033e-07 0.0 8.20591441225534e-08 0.0 2.0640175661382693e-05 9.103000586040432e-08 0.0 5.630015420163039e-08 0.0 1.4326908777352414e-05 5.030828464747776e-06 1.2618573646251139e-05 1.0221732544930942e-06 1.4373695723470368e-06 6.119404375797342e-07 0.0 0.0 1.7119985461810853e-07 0.0 0.0 1.2655054534894914e-07 0.0 0.0 0.0 0.0 1.4162533256860001e-05 2.0968063359363015e-06 3.1203515848624773e-06 0.0004786139991668084 4.3000331759596e-06 4.890753501440062e-05 1.051278424537667e-05 0.0007335613058980333 5.444433557658678e-06 5.219271379466025e-07 2.7224309689578724e-06 6.149900476590274e-05 0.0 3.698358120693174e-06 1.7280653553543455e-06 6.981599618939776e-05 3.190752202850331e-07 0.0 5.383315157441294e-08 0.0 0.0 0.0005252454939486846 3.000427275890181e-05
6.084880140076211e-05 0.0012825546052680457 0.0012872965214493052 1.3052429814783725e-05 0.0007293564084511556 8.884465818248592e-07 0.00025117968593200746 0.001162289808420142 0.0007800064697013112 9.768084197185201e-06 0.0 6.023246574079582e-05 0.0009257394454104119 0.0018096627127649806 3.244773980755878e-05 1.7580794287567438e-05 1.4284810161907932e-06 4.966959242132879e-07 0.0 1.226922279132645e-06 3.417843816883995e-06 1.0786106922530655e-06 6.15910660611897e-07 1.3718514570874686e-06 2.3890807885769e-06 3.169894771950999e-06 7.523584676354194e-07 2.2817115484256473e-06 4.1381537397259333e-07 7.67166873533006e-07 0.00017480306395232817 5.242793231626836e-05 0.00024203097280964096 8.868444186672654e-08 5.792424073624801e-07 3.1358064571714167e-06 6.843196562540957e-05 1.363122673523884e-05 4.213154390424625e-06 1.4718615773393423e-06 5.649700515722879e-06 1.8253501485403773e-06 5.419338724388194e-07 2.5388879211797413e-07 0.0 2.0705228007579098e-07 4.939379021231998e-05 5.929863179571276e-07 1.3943345251070636e-06 4.785322413794624e-07 3.745073236485361e-07 2.0179905827151442e-07 4.829919617387204e-07 2.8826793951420434e-07 1.0568277286495207e-06 1.7141972935793604e-06 4.3045454421322374e-06 2.102677443298272e-05 2.6080238337849994e-06 1.0799914930084478e-05 1.3427248468382702e-07 1.0052889202301876e-05 3.6017470237151896e-08 1.592787330224822e-05 5.186222583041048e-07 5.435259352719207e-07 5.0093788444552196e-08 1.3419146951811196e-06 1.893451778788815e-06 4.3006654406235375e-06 5.550925521052417e-05 4.409815301473303e-07 0.0 7.025693549249445e-06 2.9231929912463342e-05 5.983076742421593e-05 1.5170472389431658e-05 1.524285890140101e-06 7.704783087034146e-05 0.0007068885675933904 6.088733817817968e-08 3.7812914857197366e-05 1.4011194979617457e-06 6.94839075812774e-08 7.791773852173787e-07 4.709169586021882e-07 9.721391616397177e-07 1.4925353179602464e-07 2.8376918391119173e-07 0.0 1.7087262757850619e-07 8.639256152156311e-08 3.84371080479754e-06 6.077719638917439e-07 1.379502091000467e-07 1.6337617026108287e-05 2.17642558985852e-06 1.283366009218721e-07 2.15467035813365e-06 1.7627165262025804e-05 2.368039660878594e-07 0.0 1.3955987610104053e-06 1.8782213273438072e-07 5.252931248783087e-07 1.2975933367320786e-06 7.238070346770573e-07 2.897376606182577e-06 9.201701491668272e-07 2.3926286693768355e-06 0.0 5.20697000256228e-06 9.32812375833178e-06 4.681441411016492e-06 2.856854828098187e-06 0.0 0.0 0.0 0.0 0.0 5.1988896875434455e-08 5.987051132082133e-08 0.0 0.0 0.0 2.8578271522346525e-07 0.0 1.4185861410357577e-07 1.6866033048733507e-07 1.8480917789984964e-07 3.79664220699056e-07 0.0 4.1505889410388e-07 0.0 0.0 1.6590476765346679e-07 0.0 5.333933047380497e-07 0.0 1.1989039952911244e-06 3.449795890211453e-07 9.857007610512439e-07 5.635427537872676e-07 8.072562742661283e-08 3.367175627093484e-07 8.66343172548705e-08 0.0 0.0 1.135962303927536e-07 5.304940258280148e-07 0.0 0.0 1.9069802570910704e-07 0.0 0.0 0.0 5.401873313697224e-07 0.0 6.985032309744623e-08 0.0 0.0 0.0 0.0 0.0 3.252615712286636e-07 7.530871320393832e-07 1.5203127165612417e-06 0.0 0.0 0.0 0.0 0.0 6.511682460747356e-08 0.0 0.0 0.0 4.344944927391669e-06 6.731458740342562e-08 4.296310280466606e-07 0.0 0.0 1.9581705012907896e-06 4.780423071758397e-07 2.9825179468089892e-06 1.4804951312747334e-07 2.4202147812642613e-07 4.674370512255415e-08 0.0 0.0 0.0 0.0 0.0 0.0 0.0 0.0 0.0 7.304875483978638e-08 1.8745206180058077e-06 1.5949121092105643e-06 1.5556321885184384e-06 0.00022417124858359385 3.7386194910247526e-06 0.00010888058219191177 4.5577430042961576e-05 1.390487486910441e-05 1.4308191112259879e-05 1.098857842506554e-06 1.754860243749213e-05 1.7171267593533335e-06 0.0 8.561202161626483e-07 1.6694818529409273e-07 2.101430973924398e-06 9.955052614500046e-08 0.0 0.0 6.443399924493285e-06 0.0 1.2580154600537162e-05 3.283793128544662e-06
