0.0 0.0004480449485450039 0.00028666551889204464 0.00031260714756906657 1.4737665040353761e-05 2.014301014622906e-05 0.00031589551168614187 6.485984435563345e-05 1.2634310340446524e-06 0.0004872328144708368 3.629343249331132e-06 4.249487529420523e-06 4.77029921079226e-05 5.235887896326997e-06 9.10469422139248e-06 2.8116699349928383e-06 3.937834126316736e-07 0.0 4.8901861558900326e-08 0.0 0.0 0.0 0.0 4.4302604626018185e-08 0.0 0.0 0.0 0.0 4.628321187195601e-08 0.0 9.247876005886966e-05 1.0796905052236285e-05 1.2114249467087807e-06 0.0 4.9708207879667486e-08 1.1596144767433522e-07 2.2469234676011812e-07 4.958274992886456e-07 6.271688487506106e-07 4.734003048571769e-08 0.0 3.1364669615329414e-08 0.0 1.1647486765664667e-07 0.0 0.0 4.026635874785965e-05 3.5647809605232356e-07 1.5504166554005889e-07 1.6011966251920025e-07 0.0 0.0 0.0 0.0 2.092090008798481e-06 1.1412308011050065e-06 0.0005162011819763942 0.000989218030927488 0.00015236143240489867 4.8692571101485094e-05 0.0 0.0 0.0 7.939045387557707e-06 3.2243493780584843e-07 0.0 0.0 1.389099348259211e-07 4.001665723359427e-08 0.0 4.918785857304172e-06 0.0 0.0 5.742046029341896e-05 4.428969570309834e-06 3.4520937266403014e-05 6.776780331827758e-07 4.036684283573988e-07 3.4350512823509626e-07 4.327521804090286e-07 4.993024012651311e-08 1.6521108172727311e-07 3.842596223133076e-06 0.0 7.220949634628648e-08 2.0109313136395691e-07 0.0 0.0 0.0 0.0 0.0 0.0 0.0 8.735975177483881e-08 0.0 1.273560162942696e-05 8.549310161961145e-06 0.0 2.2611455070784126e-07 0.0007846674592099114 0.0 0.0 0.0 0.0 0.0 0.0 7.420378357003277e-07 0.0 4.7001751741980574e-07 0.0 0.0 0.0 1.9299006951249814e-06 4.946899500445011e-07 0.0 5.11995078137402e-07 0.0 0.0 0.0 0.0 0.0 0.0 0.0 0.0 0.0 0.0 0.0 0.0 0.0 0.0 0.0 0.0 0.0 0.0 0.0 4.6040019669689614e-07 0.0 0.0 0.0 0.0 0.0 0.0 2.001184951905788e-06 0.0 0.0 0.0 0.0 0.0 0.0 0.0 0.0 0.0 2.970207232006645e-07 0.0 0.0 0.0 0.0 0.0 0.0 0.0 0.0 0.0 0.0 0.0 0.0 0.0 0.0 1.6808936957288666e-07 0.0 0.0 0.0 0.0 0.0 0.0 0.0 0.0 2.843424241569028e-07 0.0 0.0 0.0 0.0 0.0 0.0 0.0 0.0 0.0 0.0 0.0 0.0 0.0 0.0 0.0 0.0 0.0 0.0 0.0 0.0 9.915127632786723e-07 0.0 0.0 1.911170758856334e-05 6.168692474631226e-07 3.5628762173634086e-05 1.933936056253819e-06 0.0009574497582196346 1.1661735224401789e-05 9.486071312647375e-08 1.7509707584669443e-06 0.0 0.0 0.0 0.0 2.600129150159107e-06 0.0 0.0 6.498789707928432e-07 6.714362013958754e-07 0.0 0.00021663627809594978 5.747017591377059e-07
0.0004480449485450039 0.0 0.0004979697728941963 0.00014785125957254505 0.0003583829722508987 0.00014500485700763514 0.0008288382129371023 8.873304149081036e-05 0.00013246273245984017 0.0012404307097495992 7.012795705982416e-05 2.9418948276604215e-05 0.00047547622029108573 0.0003757863828091555 3.403131330478241e-05 1.4961960699318523e-05 6.025453884125328e-07 2.425793648601219e-07 0.0 0.0 5.652310133628738e-08 0.0 4.8466305408238534e-08 4.9576076512363776e-08 4.9304677465313324e-08 9.531112928891802e-08 0.0 1.0709976074230734e-07 5.691089942548303e-08 0.0 0.00042483403825375007 1.5798995622725428e-05 1.2706322045214159e-05 7.1277317725157e-08 3.9062670778064273e-08 2.9891442787032274e-07 4.10181786750743e-06 8.45180278868304e-07 1.3114479358753204e-06 5.903535070877849e-07 3.624929795147342e-08 2.3439221287591156e-07 8.970321946778037e-08 7.658525037333978e-07 2.2471475513186804e-07 9.724055935563444e-08 0.00011524650045982594 8.440660103092847e-07 1.115385273561965e-07 2.9818745110806284e-07 0.0 0.0 1.2653030448505024e-07 3.885334186872475e-08 2.2968658806636e-06 8.5490190460017e-07 0.00011215224107358237 0.0007918109793942675 0.00015044542500107874 0.00010747933302595422 4.631337638082917e-07 3.358266445362143e-07 0.0 4.289735792869027e-05 3.8581782386148856e-07 0.0 3.3983137387675215e-08 3.380312522134492e-08 1.714091093555476e-07 3.712894051324796e-08 2.5916545327811832e-05 7.20008600274666e-08 0.0 0.00011614527483088808 3.0599284763618735e-05 0.00011514279959144235 7.589898587905383e-06 3.7423790105441003e-06 1.258599382308036e-06 3.515621652547817e-06 6.904430331625391e-07 9.269610693523328e-07 4.853134601408646e-06 1.2381616935956375e-07 2.894360548328059e-07 1.553251191689388e-07 9.494817240525964e-08 0.0 3.5919984309829976e-08 0.0 2.0408449776235712e-07 0.0 2.6249610933940536e-07 4.877270219395311e-07 3.8556667651191156e-08 5.149361213908274e-05 3.27231050662664e-05 0.0 2.884971326594268e-06 7.942035855341826e-05 0.0 5.300047079918518e-06 0.0 0.0 0.0 7.157973869061003e-07 3.111618540780505e-06 1.4949720665418717e-07 3.682813797403395e-06 7.68624544686509e-07 0.0 1.2478381562887443e-06 5.03557988645282e-07 5.029643991185782e-07 0.0 0.0 0.0 0.0 0.0 0.0 0.0 0.0 0.0 0.0 0.0 0.0 0.0 0.0 0.0 0.0 0.0 0.0 0.0 0.0 8.425520600351287e-08 3.749154145798105e-07 0.0 0.0 0.0 1.7908268705879918e-06 0.0 1.7419221422303586e-07 6.214260547340284e-08 2.0659165133434763e-07 0.0 0.0 0.0 0.0 0.0 0.0 0.0 0.0 0.0 0.0 0.0 0.0 0.0 0.0 0.0 0.0 0.0 6.096364983654509e-08 4.7419218129626445e-07 0.0 0.0 0.0 0.0 2.5347895994487843e-07 0.0 0.0 0.0 0.0 0.0 0.0 0.0 0.0 9.639313803356736e-07 0.0 0.0 0.0 0.0 1.181960164667717e-07 2.7459765801140796e-07 0.0 5.527527677756694e-08 0.0 2.0443248723886764e-07 0.0 0.0 0.0 0.0 0.0 0.0 0.0 0.0 0.0 0.0 1.4591386911148733e-06 0.0 1.8240120034255257e-06 0.00015398425458387177 3.7444485762204553e-06 0.00013145182199388316 1.0299972735180774e-05 0.00021019131330573152 4.735140323848145e-05 1.5740664299046853e-07 1.9865695161915594e-05 1.2072156620733079e-06 0.0 4.24772849415558e-07 0.0 4.539795402295626e-06 0.0 0.0 0.0 4.068447357118781e-06 1.1382767271993021e-07 4.902432363489125e-05 3.593244085716989e-06
0.00028666551889204464 0.0004979697728941963 0.0 8.504650000904125e-06 0.0006993010211220238 3.36386767913669e-06 0.000345534133447922 0.0005344292260637176 0.0002733006648341914 0.0008455151134119883 0.0006509364623152799 4.8998759465671586e-05 0.0003716043265546348 0.0007294191918801733 1.0610676219702467e-05 7.2143510880397355e-06 5.800458226552447e-07 8.502071578452615e-08 1.060587182885472e-07 1.0281711411356256e-07 0.0 0.0 0.0 7.867199930815702e-08 5.167826407889132e-08 5.3360526999776637e-08 0.0 7.74784707777386e-08 2.241061872393056e-07 4.7243089730387385e-08 0.0006746328992815429 7.842838821574727e-05 6.764127513101545e-05 1.2733678669383072e-07 0.0 5.345130194608829e-07 1.545810001337948e-05 1.7141093113162339e-06 3.1306017367998148e-06 5.281156791848981e-07 5.248849855023401e-08 3.6725143363874047e-07 2.035029869266465e-07 4.36008881303948e-07 2.0275526094144484e-07 0.0 3.732983855764307e-05 1.2893540835075688e-07 1.1524891230110706e-07 5.602250238803551e-07 6.556226239723493e-08 0.0 2.8334786417067697e-07 1.8993451180833345e-07 1.2454757037252927e-06 4.558117450528175e-07 5.140274987814728e-05 0.00045819620305375877 5.944828510405809e-05 3.8047879297844155e-05 3.079617597460085e-07 6.932174258549779e-06 3.0809729708061456e-07 4.3119142684012214e-05 1.9053672803214284e-07 3.747712505480988e-08 0.0 0.0 2.155730249217469e-07 4.6542304286829667e-07 1.676879429679882e-05 2.406528585774347e-07 0.0 4.837168401582099e-05 2.2773371573928632e-05 4.11814823756609e-05 5.386373350750016e-06 3.368783349116916e-06 1.0414150718432154e-06 0.00017164643844592035 3.700900882110409e-07 3.5181498271187755e-06 1.5122761864333837e-06 0.0 4.088805446139746e-08 1.5613925932479423e-07 1.8533607897050002e-07 0.0 6.840250159911038e-08 7.60423448838735e-08 1.6401911152552392e-07 3.273859825043884e-08 4.5874882857336866e-07 1.2003473405182772e-06 2.2373913837305167e-07 1.1245450365498057e-05 4.23249442650718e-06 8.082988123447879e-08 1.407536888152655e-06 2.1602025459794782e-05 0.0 3.5654333588753305e-06 0.0 0.0 3.05688269996458e-07 9.92944286514021e-07 1.509439620591353e-06 5.193210639461693e-07 4.965531158557267e-06 2.099557537315347e-06 0.0 8.081044048160108e-07 4.093562867953199e-06 6.474496788607599e-07 7.784130930732085e-08 2.3083908762206371e-07 2.172988903609804e-07 0.0 0.0 0.0 0.0 0.0 0.0 0.0 0.0 0.0 0.0 0.0 0.0 0.0 0.0 0.0 0.0 0.0 1.246147612966013e-06 2.8421344276141822e-06 0.0 0.0 0.0 1.1265750596909728e-06 0.0 1.0134393769533491e-06 2.065261024634949e-06 1.1064053246069634e-06 0.0 0.0 0.0 2.6357863051336956e-07 0.0 0.0 0.0 0.0 0.0 0.0 0.0 0.0 0.0 0.0 0.0 0.0 0.0 0.0 6.414383964307031e-07 1.6668190289938554e-07 0.0 0.0 0.0 4.2078920025102664e-07 0.0 0.0 0.0 0.0 0.0 0.0 0.0 0.0 2.7958051497057008e-06 0.0 0.0 0.0 0.0 0.0 0.0 0.0 0.0 2.2750760010147434e-07 0.0 0.0 0.0 0.0 0.0 0.0 0.0 0.0 0.0 0.0 0.0 2.3899862891535507e-06 2.835161373660476e-07 2.3271735804349594e-07 4.845738881378214e-05 1.8550402910307754e-06 4.161056265154196e-05 5.162326822732056e-06 5.360084603849057e-05 1.2879301209059437e-05 9.538456580142302e-08 3.10671494729953e-06 7.314366857607629e-07 0.0 7.658046755361828e-07 0.0 4.692564551219649e-06 0.0 0.0 0.0 1.164529826729224e-06 0.0 2.928772968223663e-05 2.6943061537051193e-06
0.00031260714756906657 0.00014785125957254505 8.504650000904125e-06 0.0 1.3501061828849298e-05 0.0003590564018724651 0.0003306651288728688 2.059321797919842e-06 1.3118571192310302e-05 0.0009937163185777629 3.127690366798177e-06 3.9244562144114675e-06 0.0007990591657779196 3.18183496895003e-05 1.9791928226747397e-06 5.716184864156957e-07 7.888705962322093e-08 0.0 0.0 0.0 0.0 0.0 0.0 0.0 6.407720805159512e-08 0.0 0.0 0.0 1.229405946712211e-07 0.0 4.7321288197228634e-06 1.491659029106708e-07 1.7984903759210153e-06 0.0 0.0 0.0 1.268688418543611e-06 0.0 4.944276072760177e-07 0.0 0.0 0.0 0.0 0.0 0.0 8.578449847272459e-08 1.1940920926393234e-05 2.1102341094858055e-07 0.0 0.0 0.0 0.0 0.0 0.0 3.9314408582976674e-07 0.0 5.558735974021486e-05 0.00014468589778713386 2.3937844003314413e-05 1.2465218788008212e-05 0.0 0.0 0.0 1.3488756765959882e-06 0.0 0.0 0.0 0.0 4.288260557089874e-08 0.0 3.8773579111675616e-06 0.0 0.0 1.360037009966743e-05 1.0553484851800912e-06 7.007350970487707e-06 8.840309555785732e-08 0.0 0.0 6.491860471283806e-07 0.0 0.0 5.454809355319644e-07 0.0 4.986072683245803e-08 5.6197728447031085e-08 0.0 0.0 0.0 0.0 0.0 0.0 0.0 0.0 0.0 1.4189754142216618e-05 6.726281040919664e-06 0.0 1.0920736147359896e-06 0.0003099053191020578 0.0 0.0 0.0 0.0 0.0 0.0 6.646738790664846e-07 0.0 1.2858000070376273e-06 0.0 0.0 0.0 5.304603085011795e-07 0.0 0.0 0.0 0.0 0.0 0.0 0.0 0.0 0.0 0.0 0.0 0.0 0.0 0.0 0.0 0.0 0.0 0.0 0.0 0.0 0.0 0.0 0.0 0.0 0.0 0.0 0.0 0.0 0.0 0.0 0.0 0.0 0.0 0.0 0.0 0.0 0.0 0.0 0.0 0.0 0.0 0.0 0.0 0.0 0.0 0.0 0.0 0.0 0.0 0.0 0.0 0.0 0.0 0.0 0.0 0.0 0.0 0.0 0.0 0.0 0.0 0.0 0.0 1.5447703769413595e-06 0.0 0.0 0.0 0.0 0.0 0.0 0.0 0.0 0.0 0.0 0.0 0.0 0.0 0.0 0.0 0.0 0.0 0.0 0.0 0.0 0.0 0.0 3.4799089675940946e-07 1.078107540495931e-05 3.180521548617174e-07 8.416660132027895e-06 1.3192411528923134e-06 0.00033046095375314377 3.1901174428688175e-06 0.0 1.0499646152416093e-06 3.6938836689358477e-07 0.0 0.0 0.0 1.0726737027815467e-06 0.0 0.0 0.0 1.7277295369735148e-05 2.4223908724754326e-06 4.5654303380475005e-05 7.563989368335442e-07
1.4737665040353761e-05 0.0003583829722508987 0.0006993010211220238 1.3501061828849298e-05 0.0 7.4872957823393295e-06 0.0010995806189837433 0.00029609790292838895 0.0011159700608154826 0.0007158970223821044 0.00026653013559206943 1.6163703099057983e-05 0.00047292507440817246 0.0011569553244811727 1.0663067426818628e-05 5.2459882068841966e-06 1.7710429873261485e-07 4.2842325733651163e-08 0.0 0.0 0.0 0.0 0.0 0.0 0.0 0.0 0.0 5.226130255888109e-08 7.370811319235544e-08 6.45815016195906e-08 4.1443315371220833e-05 7.916527656641476e-06 9.600382128623545e-06 0.0 0.0 1.4836385678800354e-07 2.6312196525570487e-06 6.820465128176308e-07 4.768212417584251e-07 0.0 0.0 7.529697282974186e-08 3.565733031396126e-08 1.5918311575596422e-07 0.0 0.0 2.8566288629427945e-05 2.6845030784514443e-07 5.011704231002661e-08 5.093909027156217e-08 0.0 0.0 1.8340553111528668e-07 4.067747625903197e-08 2.913033533930312e-07 1.8255744525699947e-07 1.3821377794727233e-05 5.4126000393486726e-05 2.1269052643261775e-05 2.261355438716844e-05 1.3649783491926907e-07 4.908428902508081e-08 1.1827914486306755e-07 8.613099348793215e-06 6.080234199772981e-08 0.0 0.0 0.0 7.490836817943471e-08 0.0 5.801272379858756e-06 0.0 0.0 1.7923297665914362e-05 7.985870301652692e-06 2.8153570822107694e-05 4.5028239954412095e-06 1.713291436431754e-06 4.804309840955126e-07 2.211049036460214e-06 2.1616739470865636e-07 6.554960640135926e-07 1.0211960620121716e-06 0.0 0.0 0.0 0.0 0.0 0.0 0.0 0.0 0.0 1.0144600405885908e-07 1.2078078620354879e-07 0.0 7.417133189055557e-06 3.6905593177277017e-06 0.0 5.355833348228093e-07 1.3978437857531388e-07 7.413113696139889e-08 2.602418731679528e-06 0.0 0.0 7.334809324317913e-08 0.0 3.1465806680181665e-07 2.195414633957516e-07 2.437364118424401e-07 8.197598703998015e-07 2.0801675714867844e-07 4.988968456810295e-07 1.4352635397654095e-06 2.0352507968752665e-07 0.0 0.0 0.0 0.0 0.0 0.0 0.0 0.0 0.0 0.0 0.0 0.0 0.0 0.0 0.0 0.0 0.0 3.6900093701707046e-07 0.0 0.0 2.570038424093708e-07 7.24350055728801e-07 0.0 0.0 0.0 3.6541805228829897e-07 0.0 2.1406093324493474e-07 0.0 0.0 0.0 0.0 0.0 0.0 0.0 0.0 0.0 0.0 0.0 0.0 0.0 0.0 0.0 0.0 0.0 0.0 0.0 0.0 0.0 2.1323116596754403e-07 0.0 0.0 0.0 0.0 0.0 0.0 0.0 0.0 0.0 0.0 0.0 0.0 5.068235836298493e-07 0.0 0.0 0.0 0.0 0.0 2.2926182230065508e-07 0.0 0.0 0.0 1.4143547053933045e-07 0.0 0.0 0.0 0.0 0.0 0.0 0.0 0.0 0.0 0.0 8.924439578244559e-07 0.0 0.0 4.693320829821072e-05 6.077315018402319e-07 3.744436995931627e-05 5.807100581683471e-06 1.937249690281197e-05 1.3957205929681865e-05 0.0 7.015607565630226e-06 6.011472585605943e-07 0.0 5.062329704889864e-07 0.0 2.5358390362749817e-06 0.0 1.9450261531828394e-07 0.0 3.1564949741859953e-06 2.3106131274221863e-07 1.2304610259594017e-05 7.817169690261817e-07
2.014301014622906e-05 0.00014500485700763514 3.36386767913669e-06 0.0003590564018724651 7.4872957823393295e-06 0.0 0.00013428858165605577 5.165660046112429e-07 2.936477411793276e-06 0.001387941385830031 1.7192413150137135e-06 2.3424278471790205e-05 4.736443222941979e-05 8.59165423895165e-06 1.421549493516924e-07 8.449417603369995e-08 0.0 0.0 0.0 0.0 0.0 4.177576789446814e-07 0.0 0.0 0.0 0.0 0.0 0.0 4.130830436157486e-07 0.0 5.660318943554137e-06 0.0 7.80295638268531e-06 0.0 0.0 0.0 1.9096936565895662e-06 7.001262332710182e-07 2.317352173449935e-06 0.0 0.0 0.0 0.0 0.0 0.0 0.0 3.6484622237766843e-07 0.0 0.0 0.0 0.0 3.425701915256442e-06 5.956014758624638e-07 2.1317669679161207e-07 0.0 0.0 3.4262978043590105e-05 1.9370400611031825e-05 3.880449157447518e-06 3.2174437245593994e-07 0.0 7.908370272899156e-08 0.0 0.0 0.0 0.0 7.731161783128177e-08 0.0 0.0 0.0 2.1101454399270042e-05 7.306506944123594e-05 1.4686342430273683e-05 4.96239025178366e-07 0.0 5.613646793887067e-07 0.0 0.0 7.456538245025451e-08 4.064148040099237e-07 0.0 0.0 0.0 0.0 0.0 2.90846603095771e-07 0.0 3.6340145225276056e-06 1.286495942155805e-06 4.051081083803357e-06 4.1863842614449996e-07 2.5147604076384527e-07 0.0 0.0 8.736769903187763e-08 0.00010377765993609883 1.3234821967482482e-05 3.995704536264666e-05 1.7296670159941063e-06 0.00013433184455957422 0.0 2.2194935059865042e-05 0.0 0.0 1.5531926283391184e-07 1.5645921510415061e-06 1.2850932631238587e-05 8.425712596963702e-08 6.863148298361937e-06 1.2200546149400266e-05 0.0 7.437794641491101e-07 6.105154649939463e-06 5.32769041464515e-07 0.0 0.0 0.0 0.0 0.0 0.0 0.0 0.0 0.0 0.0 0.0 0.0 0.0 0.0 0.0 0.0 0.0 0.0 0.0 0.0 0.0 0.0 0.0 0.0 0.0 1.1405242272704285e-07 0.0 0.0 2.583434702798201e-07 0.0 0.0 0.0 0.0 0.0 0.0 0.0 0.0 0.0 0.0 0.0 0.0 0.0 0.0 0.0 0.0 0.0 0.0 0.0 0.0 1.8390785299204328e-06 0.0 0.0 0.0 2.042028277293372e-07 0.0 0.0 0.0 0.0 0.0 0.0 0.0 0.0 1.1235377127339904e-06 0.0 5.657145993510284e-08 0.0 0.0 0.0 0.0 0.0 0.0 0.0 0.0 0.0 0.0 0.0 0.0 0.0 0.0 0.0 0.0 0.0 0.0 5.804594675212764e-06 1.5973606161622341e-06 1.2604150916415157e-06 1.4318540113204047e-05 0.0 1.944826384652762e-06 7.895341680857882e-08 0.00023570971745012897 1.23255425280732e-07 0.0 0.0 1.408285354070007e-05 0.0 4.349238418182525e-07 0.0 5.4549905843412164e-05 8.341976649743589e-08 0.0 0.0 0.0 0.0 8.885147631511838e-05 1.8681839083302134e-05
0.00031589551168614187 0.0008288382129371023 0.000345534133447922 0.0003306651288728688 0.0010995806189837433 0.00013428858165605577 0.0 6.513645980160461e-05 0.0015529876287429818 0.0017694798044083245 0.0001555052456127048 4.342225673531861e-05 0.0033089770572489827 0.002185781409681784 1.8217417381670274e-05 1.0585295591354004e-05 1.290584527551033e-07 5.418187360382394e-08 0.0 1.4918030704008593e-07 0.0 0.0 6.133439178832314e-08 0.0 4.1112269683425285e-08 0.0 0.0 1.3577990347686555e-07 1.0983016297803714e-07 0.0 3.987803567943358e-05 7.6175851832385896e-06 2.3142923054656564e-05 0.0 0.0 1.0406015629090994e-07 6.124187081254447e-06 1.5266526911304356e-06 1.5795040194432832e-06 2.257249071717547e-07 6.36803186159579e-08 1.1767422402944415e-07 4.514757821045121e-08 3.3620781479714596e-07 7.108173980607168e-08 5.271120585366208e-08 5.798145976281308e-05 0.0 0.0 7.721810715241747e-08 0.0 0.0 4.446395191619218e-08 0.0 1.1622171573969859e-06 2.3746541673448084e-07 3.076994302594826e-05 0.00010312974218440082 4.658270438058558e-05 4.460874558720544e-05 2.4560071209940304e-07 1.0090050793017052e-06 0.0 1.3485678442191651e-05 2.561725584464118e-07 0.0 0.0 0.0 1.0967341834637984e-07 1.0042914967147526e-07 2.31941428369619e-05 3.16382853903912e-07 0.0 3.9202609990072086e-05 1.2372179381924673e-05 5.624076259403778e-05 7.000407833814357e-06 2.688398672183325e-06 3.6852227806527085e-07 3.713721188511606e-06 1.773721866087397e-07 7.954653160393272e-07 1.0124458295519971e-06 1.3948909830578826e-07 6.750698644067966e-08 1.1155374462194955e-07 5.0754751606226176e-08 0.0 4.208963326073582e-08 0.0 3.1445038608257457e-08 0.0 1.792041016836823e-07 1.8916064710624133e-07 4.088276359584541e-08 4.273953459606557e-05 1.5725855262803307e-05 6.991088484820339e-08 3.8398415407778e-06 3.0663861346968944e-05 5.787624787232283e-08 5.252715904071089e-06 0.0 0.0 7.289774809318056e-07 8.545007544177916e-07 2.018820283487646e-06 0.0 9.332887779801865e-06 1.76229409621217e-06 0.0 5.389216474284563e-07 2.7065814132847685e-06 9.738220726735698e-07 5.367528484344813e-07 1.1746505292553943e-07 0.0 0.0 0.0 0.0 0.0 0.0 0.0 0.0 0.0 0.0 0.0 0.0 0.0 0.0 0.0 0.0 0.0 0.0 9.80033206919906e-07 1.115174357831308e-06 0.0 0.0 0.0 2.5739900913567754e-06 0.0 9.320687710128441e-08 1.8484455449227512e-07 4.721449538559106e-07 0.0 0.0 0.0 0.0 0.0 0.0 0.0 0.0 4.599938564691047e-07 0.0 0.0 0.0 0.0 0.0 0.0 0.0 0.0 6.901419929946412e-08 3.86024215836346e-07 3.5104930635846083e-07 1.0927725130895556e-06 0.0 0.0 1.1720683282404185e-06 0.0 0.0 0.0 0.0 0.0 0.0 0.0 0.0 1.3908926141530663e-06 0.0 0.0 0.0 0.0 0.0 0.0 0.0 1.1511945924271161e-07 0.0 0.0 0.0 0.0 0.0 0.0 0.0 0.0 0.0 0.0 0.0 0.0 1.7448049757491921e-06 0.0 9.522145284377232e-07 0.00012402741018695019 1.913498380691874e-06 8.779785853036072e-05 1.1589498749901368e-05 0.00010171909110681138 2.8925520954144916e-05 3.2512721249512273e-07 1.6165388237544573e-05 1.349143266395181e-06 0.0 1.0248173241460038e-06 0.0 2.6617376368373255e-06 2.634903471395349e-07 0.0 0.0 5.458398885410616e-06 1.0583199571349886e-07 4.210987019025069e-05 2.3431322862567434e-06
6.485984435563345e-05 8.873304149081036e-05 0.0005344292260637176 2.059321797919842e-06 0.00029609790292838895 5.165660046112429e-07 6.513645980160461e-05 0.0 9.123476803745942e-05 0.00016359053961985121 0.0007908525749213463 1.7843173148672793e-05 0.000119387257776176 0.0004189663955380805 1.6099670655148078e-05 1.2944553659936686e-05 1.9651757351977725e-06 3.868919517588862e-06 6.304556729496512e-07 3.192701894802983e-06 7.567505273424083e-08 4.675743473764239e-08 2.3036565378355166e-07 9.615207883476213e-08 1.3106384794724414e-06 0.0 4.565016068534956e-07 3.900384639130448e-07 1.4407517322467857e-06 1.0471663785863119e-07 0.00023869173083218402 0.0007259735974808314 7.403345836045704e-05 1.1565937168909674e-06 3.5664003949636256e-07 1.112187627186731e-05 2.3866813361784847e-05 2.0433401169417885e-05 1.523428460676306e-05 3.671222462194938e-06 2.229188139975435e-06 3.7683228486813167e-06 2.8265572690329797e-06 4.871064818746442e-06 2.309341373422663e-06 1.4405921865686599e-06 4.237599774236622e-05 1.1226260685450724e-06 1.8073748021778576e-06 5.94670477275308e-06 2.296552845090911e-06 1.7084195223918268e-07 1.925123411744158e-06 5.451098078335677e-07 5.923529282483456e-07 3.2159635534152716e-07 1.990905519029572e-05 0.0001043972430206105 2.8042442073822722e-05 2.6780140957376045e-05 2.49526486164535e-05 4.173391530688798e-05 1.8037249969859957e-06 0.00012497220849555477 1.0792370675254551e-07 1.5552298307508746e-07 4.638434564919503e-07 1.5059893494131582e-06 6.6503826825363865e-06 2.8304872862670806e-06 2.738294950826862e-05 3.131722058950654e-07 6.597959640365488e-08 3.900861092312947e-05 7.904001580226962e-05 6.27809299127214e-05 5.476091887426992e-05 3.814382330582957e-05 5.6587140559255755e-05 0.0007378356666017739 3.290602702673573e-05 0.00023654719892127343 9.962737313309256e-07 0.0 1.9248030360270052e-07 2.7366154959660213e-07 2.562908049080159e-06 0.0 3.2229722407128657e-07 0.0 2.8183863381324274e-06 1.398508935661067e-07 8.616578106044142e-06 8.182504465115354e-06 3.044098237314517e-06 5.923359689859306e-06 5.974436706464421e-06 0.0 5.806333563983858e-06 1.1698900653038359e-07 0.0 6.188929531267142e-07 0.0 0.0 3.7614661258257484e-07 2.821041820046216e-07 2.580602358251553e-07 0.0 4.389015995798825e-07 9.791714139062077e-08 0.0 4.850603818664527e-07 1.3928800727849678e-06 0.0 0.0 0.0 0.0 0.0 6.029210354832444e-07 0.0 0.0 0.0 0.0 0.0 0.0 7.908109017234778e-08 0.0 0.0 0.0 0.0 0.0 0.0 0.0 0.0 3.4979482328708624e-07 1.1495378983701623e-06 0.0 0.0 0.0 2.605667033818525e-07 3.265747003802976e-07 0.0 2.87348424817644e-07 0.0 0.0 2.4746953611216536e-07 0.0 0.0 0.0 0.0 0.0 0.0 2.7793226218933574e-07 0.0 0.0 0.0 0.0 0.0 0.0 0.0 0.0 0.0 0.0 0.0 0.0 4.6376194340961955e-07 2.0647000087800912e-07 2.6930174268543804e-07 0.0 0.0 0.0 0.0 0.0 4.403270034711458e-08 0.0 0.0 1.0448723127614497e-06 0.0 0.0 0.0 0.0 0.0 0.0 0.0 9.180522292796723e-08 0.0 3.207934456724525e-07 0.0 0.0 0.0 0.0 0.0 0.0 0.0 0.0 0.0 0.0 1.143157991211245e-06 5.776382026695489e-07 2.0275648831704934e-06 5.6687045205304867e-05 1.0696457299057438e-06 5.21363222237607e-05 8.27495753414697e-06 1.5856954420374122e-05 1.3662251304821473e-05 9.137526448675859e-08 9.03573416689111e-06 5.700223458108842e-07 0.0 1.0827905303075943e-06 1.3716159964615746e-07 2.9334788148375203e-06 3.8660690363759164e-07 0.0 0.0 2.1916662420119684e-06 0.0 1.3138577195488674e-05 5.426103582352374e-07
1.2634310340446524e-06 0.00013246273245984017 0.0002733006648341914 1.3118571192310302e-05 0.0011159700608154826 2.936477411793276e-06 0.0015529876287429818 9.123476803745942e-05 0.0 0.0002645981744664494 0.00013544643405101256 1.8528375757037135e-05 0.0011559072819887293 0.00163472389475671 1.529722116425537e-06 1.091214022231411e-06 0.0 0.0 0.0 0.0 0.0 0.0 0.0 0.0 0.0 0.0 0.0 0.0 0.0 0.0 2.4582948921354363e-06 1.533387813939735e-06 1.9723023680307736e-05 0.0 0.0 0.0 3.60616899958756e-06 2.614034316323143e-07 8.765929629789306e-07 6.502616665063119e-08 0.0 0.0 0.0 0.0 4.574762899301557e-08 0.0 5.247475352151848e-06 0.0 0.0 0.0 0.0 0.0 0.0 0.0 6.136879775660656e-08 0.0 1.0590371083171866e-06 1.8292604412330247e-06 1.84978505005564e-06 2.4488332903088575e-06 0.0 2.2541042285750362e-07 0.0 8.927469968611951e-07 0.0 0.0 0.0 0.0 0.0 0.0 4.232463373904388e-06 2.885208139950179e-07 0.0 1.7750286835778481e-06 2.014829370889627e-07 3.7703882566228116e-06 7.57221309172918e-07 7.824024100829413e-07 0.0 3.4231991385935267e-06 6.043932812877548e-08 4.4133613854267445e-07 5.880700186105424e-08 0.0 0.0 0.0 0.0 0.0 0.0 0.0 0.0 0.0 4.59234110969948e-08 0.0 0.0 4.453099963183213e-06 9.814520618856224e-07 5.1127869406495705e-08 9.517117164874216e-07 4.4704345702080425e-07 1.7823918720178832e-07 8.289879464836959e-07 0.0 0.0 1.9987148935697005e-07 1.6126792280723587e-07 2.611036802088009e-07 0.0 1.8562144993541346e-06 5.844849421396201e-07 2.0031259061527337e-07 0.0 1.4170809257850101e-06 8.079446180462483e-07 7.501347974950322e-08 0.0 0.0 1.4268179156293539e-07 0.0 0.0 0.0 0.0 0.0 0.0 0.0 0.0 0.0 0.0 0.0 0.0 0.0 0.0 0.0 0.0 9.278038161267406e-08 8.557298132802169e-07 0.0 0.0 0.0 4.987955565092721e-07 0.0 0.0 1.1006158464825684e-07 0.0 0.0 0.0 0.0 0.0 0.0 0.0 0.0 0.0 0.0 0.0 0.0 0.0 0.0 0.0 0.0 0.0 0.0 0.0 0.0 8.487661750507902e-08 0.0 0.0 0.0 0.0 0.0 0.0 0.0 0.0 0.0 0.0 0.0 0.0 4.902958489439033e-07 0.0 0.0 0.0 0.0 0.0 0.0 0.0 0.0 7.092880880575677e-08 0.0 0.0 0.0 0.0 0.0 0.0 0.0 0.0 0.0 0.0 0.0 5.983594107630919e-07 0.0 4.926035868563024e-07 1.3784390769518249e-05 8.132474154425718e-08 7.774439244197992e-06 2.2799826760851827e-06 2.207617364405911e-06 3.564293972951263e-06 1.374916497131636e-07 1.9381029043777683e-06 1.3216754858313432e-07 0.0 3.390645446669641e-07 1.9966164319648288e-07 1.5730298060031011e-06 0.0 0.0 0.0 1.2892466443073358e-06 0.0 7.2100809518751865e-06 1.2812279759257427e-06
0.0004872328144708368 0.0012404307097495992 0.0008455151134119883 0.0009937163185777629 0.0007158970223821044 0.001387941385830031 0.0017694798044083245 0.00016359053961985121 0.0002645981744664494 0.0 0.00020637847501891915 0.0006079771142123995 0.0035921208930195375 0.0005419790109484304 4.3943575699356286e-05 2.7250913376544854e-05 6.690079176651818e-07 2.118659078643832e-07 0.0 4.122218993577269e-08 1.0511832501783652e-07 5.784033924562082e-07 0.0 0.0 5.706637986026775e-07 1.7138394377217204e-07 0.0 1.595410097152542e-07 6.378737469966266e-07 0.0 3.940740931357822e-05 1.0602494529539693e-05 0.000134121051548944 2.3649357634739036e-07 8.655116987707781e-08 9.704100430124221e-07 8.427900347513706e-05 6.034279990315285e-06 1.6433102663579095e-05 7.058858116489917e-07 1.6075155712347368e-07 4.632300689583983e-07 3.727816703097956e-07 1.1300610694166785e-06 3.472857519407138e-07 6.703437231373201e-08 0.00010081037874999924 2.4070410808414706e-07 9.939380574730722e-08 4.6805342495097426e-07 1.504722228756542e-07 5.023125355515687e-07 4.186751080178327e-06 2.522638339873059e-07 1.675712570706303e-06 2.7931390575681595e-07 4.361889920986751e-05 0.00011830615968943157 4.9618861826500605e-05 5.804200068257403e-05 9.272951697588333e-07 9.634070993943081e-06 0.0 1.6195210685603742e-05 0.0 1.4001680844692295e-07 0.0 3.8429239762543085e-08 3.8573205879938523e-07 5.608399280994755e-07 0.00025706661638123866 1.0702477370373515e-05 1.176962238604571e-06 4.283774600075736e-05 1.3232715830396596e-05 7.784777442941455e-05 1.5049227832453552e-05 1.4990764574664459e-05 7.95232478503678e-07 4.254486894143217e-05 5.234529537828128e-07 3.819068208672427e-06 1.926982837566577e-06 0.0 0.0 1.6659391760248348e-07 2.794163981950143e-07 6.584195192814504e-07 6.95898340744685e-08 3.631341605305007e-07 3.595845048044776e-07 8.432634995372817e-08 4.449779373004597e-07 5.22101168318653e-07 4.275788360711006e-07 0.0007741858204285408 0.00016783438759507746 6.719844139697856e-06 3.289416374235294e-05 0.00022643008545835297 3.0410486034510374e-06 0.0001634828459978062 0.0 1.1080168687756105e-06 1.3622512025707516e-05 1.5574272727463216e-05 8.196641799018639e-05 1.0248434006174172e-05 0.00011391474886027077 5.856625276307896e-05 5.185617861647876e-06 2.524480983964178e-05 0.00011659149375889524 2.696137792620551e-05 9.578746972820079e-06 7.381476143668076e-06 8.009708013662732e-07 1.894635651588141e-06 1.350900245805987e-06 1.225367354955443e-07 0.0 1.5597063106719526e-07 0.0 0.0 0.0 0.0 0.0 0.0 4.2824825110925375e-07 3.4696838767727655e-07 2.781330608382243e-07 1.0049555945864479e-07 0.0 0.0 1.737130652415261e-05 1.9158914457562945e-05 0.0 0.0 0.0 1.2831047770032367e-05 1.169628958677926e-06 8.626081997535521e-06 7.6184665879610555e-06 2.219235504620873e-06 0.0 0.0 6.112739050914779e-08 7.029458350288017e-07 1.4844171448277518e-06 8.634110454237562e-08 0.0 1.701415034472193e-06 6.5628536208721375e-06 0.0 0.0 0.0 0.0 0.0 0.0 1.7916115668797928e-07 0.0 1.5410968286067772e-06 2.24160465295322e-06 7.282649087373093e-06 1.713076571181741e-06 1.2500841572082394e-06 1.1368769228563605e-06 1.91615523156781e-05 0.0 0.0 0.0 0.0 0.0 0.0 0.0 0.0 3.3100573237997135e-05 1.29391731696646e-06 1.3765640735412427e-07 0.0 0.0 1.6404214498213524e-06 1.6124313508020706e-06 2.1597907583957446e-07 3.6067940055462533e-07 2.1459336089187487e-06 4.0907271700410605e-06 3.5134958380009033e-07 0.0 0.0 0.0 0.0 0.0 0.0 0.0 0.0 0.0 4.926830780126641e-05 3.8100133372037423e-06 9.412088280470073e-06 0.0005893847092333136 7.023888546095907e-06 0.00019651091918020014 5.9748145860436865e-05 0.00037386627815817535 7.519841861904373e-05 1.3511507268659506e-06 4.9781220259381944e-05 5.957357117405804e-05 9.446880069891255e-07 1.5937421761155948e-05 1.0903752880985329e-05 0.00019221743909438176 2.8517796404477033e-06 0.0 1.0734031058023677e-06 3.077028502539347e-05 1.442073791112154e-06 0.0008805202739462606 0.0001029116032694092
3.629343249331132e-06 7.012795705982416e-05 0.0006509364623152799 3.127690366798177e-06 0.00026653013559206943 1.7192413150137135e-06 0.0001555052456127048 0.0007908525749213463 0.00013544643405101256 0.00020637847501891915 0.0 6.075093724553738e-05 0.0005775789174821524 0.0009181373402031805 2.1621155840066487e-05 1.770201183877562e-05 3.6227425241505207e-07 4.530086997152413e-07 1.2970883470441885e-07 4.5336918431375354e-07 1.6230376644861424e-07 0.0 1.7366331177417104e-07 2.569164773754974e-07 7.032838674207206e-07 1.5645237599194317e-07 4.906005274037716e-08 7.437672035435183e-07 7.680041676872376e-07 3.968070042149172e-07 8.069755156711226e-05 0.00024363755180919277 0.0003364682621820851 3.173790576967509e-07 1.1155878562889645e-07 1.8794583675953852e-06 0.0001446521203491305 1.5223645533109062e-05 1.6987304181683417e-05 1.591493594200543e-06 1.2367737027428884e-06 1.2989189470738407e-06 4.1658489306197825e-07 1.223053703722721e-06 4.1841400928219425e-07 4.3221852187969657e-07 4.109642973057672e-05 3.527071554635283e-07 2.8824251753541886e-07 6.93137710001211e-07 6.897274731851433e-07 7.84503856840622e-08 2.072079880761378e-06 4.7134758929447745e-07 4.487735306049673e-07 6.469497249422234e-08 9.66617194207436e-06 3.274483928004811e-05 1.6892249648415066e-05 2.341310124434372e-05 2.869637157698357e-06 9.951515882807071e-06 4.997839927679285e-07 1.6067850710277956e-05 4.8132191851284816e-08 8.756771522881835e-08 3.534568868927978e-08 3.8214056490744534e-07 1.1463775771445826e-06 1.979707682631644e-06 0.00011156040326172479 7.913349604221892e-07 6.249995149715511e-08 1.985006435387002e-05 1.2656794090592453e-05 4.3798668601303245e-05 1.34346716358546e-05 9.03631151999196e-06 7.559850745466912e-07 3.007624060919841e-05 7.04620063022962e-07 4.234010222228228e-06 8.37048959323643e-07 0.0 0.0 8.071179016739319e-08 3.7361827801443893e-07 0.0 3.894285700164812e-08 0.0 2.1759775632066484e-07 1.1340999022650827e-07 1.8606366810551683e-06 1.5026641521925418e-06 5.837830389075654e-07 2.089144909200187e-05 1.3462055805838865e-05 5.926549327827895e-07 7.271755085614304e-06 5.515295126464595e-07 2.133720949878411e-07 4.477427564631837e-06 0.0 0.0 1.3450363185842135e-06 8.726783449251816e-08 3.5382012388110314e-06 1.0794594329171078e-06 6.578542076119761e-06 2.214773029932139e-06 4.5668375596842293e-07 3.2225341772091834e-07 8.066673224458716e-06 2.0269391495534056e-06 5.752930429516669e-07 9.409549177872747e-07 0.0 0.0 2.910826186575388e-07 0.0 0.0 0.0 0.0 0.0 1.2697759083970316e-07 0.0 0.0 0.0 0.0 0.0 0.0 0.0 0.0 0.0 1.0769791435286598e-06 5.5479294832665996e-06 0.0 0.0 0.0 2.4621563034567323e-06 1.0889634055029463e-07 1.4669481182568131e-06 1.7885085334105516e-06 0.0 0.0 0.0 0.0 0.0 2.7720683060529215e-07 0.0 0.0 2.5081355601437303e-07 1.4430096474766125e-06 0.0 0.0 0.0 0.0 0.0 2.0464901382943045e-07 1.6570682311739616e-07 0.0 0.0 2.081763335111946e-07 2.588801665637732e-07 1.2820935694203302e-06 0.0 0.0 4.68210847707653e-06 0.0 0.0 0.0 0.0 0.0 0.0 0.0 0.0 2.910260572445497e-06 0.0 0.0 0.0 0.0 0.0 8.072978174036075e-07 1.9857297856926997e-07 1.1941628205968782e-07 4.86251742763884e-07 1.6255539159798015e-06 0.0 0.0 0.0 0.0 0.0 0.0 0.0 0.0 0.0 0.0 3.245333020973681e-06 9.836962392756483e-07 3.7064537222182656e-06 0.00010675842592536831 1.978974568991362e-06 6.006826517225031e-05 1.328687116638646e-05 1.2080297487506544e-05 1.8875968966566765e-05 2.8557739633965087e-07 1.2119556437561186e-05 4.6105201379897206e-06 0.0 3.593440571017325e-06 1.5687677529836052e-06 7.852316195616174e-06 9.544510171962842e-08 0.0 5.35026316705634e-07 5.093472642527022e-06 2.658619699521458e-07 2.5312283274893615e-05 2.9858468903070206e-06
4.249487529420523e-06 2.9418948276604215e-05 4.8998759465671586e-05 3.9244562144114675e-06 1.6163703099057983e-05 2.3424278471790205e-05 4.342225673531861e-05 1.7843173148672793e-05 1.8528375757037135e-05 0.0006079771142123995 6.075093724553738e-05 0.0 0.00018771035592587024 0.00010361153407818311 4.589854126730504e-06 4.576211930173206e-06 2.874020918159487e-07 0.0 0.0 8.308489459769798e-08 0.0 0.0 0.0 0.0 9.6461235462193e-07 0.0 0.0 0.0 6.18404711878231e-07 0.0 6.235850877633273e-06 2.4717293816725854e-06 0.0001454660177563923 9.212464742902621e-08 8.039561821168594e-08 2.3654561268953487e-07 0.000203227804717853 1.967020412787259e-06 3.5153181606971486e-05 1.1242540485881083e-07 1.1123808991738995e-07 2.840652389105742e-07 6.062313200902674e-08 7.68190983021204e-08 1.1141322326569254e-07 9.183011016008966e-08 8.313417298302445e-06 0.0 7.065745359354932e-08 2.8461668561920216e-07 4.293939799351052e-08 8.18352706186717e-07 3.797031556391326e-06 4.305729574893844e-07 0.0 0.0 4.71434548856053e-07 3.4656927143161412e-06 2.78186451677018e-06 4.205253486872467e-06 3.436626798662135e-06 1.7366402124110522e-05 0.0 1.717175015033163e-06 0.0 0.0 0.0 3.372256773859191e-08 2.589484656326767e-07 4.244869892537965e-07 0.0005757017259545609 1.1217376463025898e-05 1.1123473392180862e-06 2.2858430702186094e-06 1.4518132926930025e-06 6.094901259343484e-06 2.715246014379111e-06 2.673657807887638e-06 3.667312740493153e-07 6.094532534232829e-05 0.0 1.4708763255502462e-05 0.0 0.0 0.0 5.06795617000005e-08 0.0 2.8848062182745635e-07 6.444948422287877e-08 5.950519622704126e-07 0.0 1.0575858111841533e-07 8.00449841790963e-07 1.0637899756904501e-07 4.784677442143778e-08 0.00027048254815705447 0.0002780110288302617 9.794644958583557e-06 9.788546488650743e-05 1.5622575511373065e-06 9.024294736947642e-07 2.2070736922450403e-05 0.0 0.0 3.22857832262105e-06 3.0062747468641307e-06 1.0284901470139337e-05 1.969547526555017e-06 1.54968346548768e-05 8.970044450304322e-06 2.086835833010031e-06 5.993152908838404e-06 2.285144339314144e-05 6.049427707706427e-06 2.7459164036415865e-06 1.979361889280769e-06 6.52512498025507e-07 0.0 0.0 0.0 0.0 0.0 0.0 0.0 0.0 0.0 1.9414872786364566e-07 0.0 0.0 0.0 0.0 5.5300126750072814e-08 0.0 0.0 2.327366436210293e-06 4.0971014794905245e-06 0.0 0.0 0.0 4.201180598734523e-06 6.186440851889739e-07 3.1915003269623548e-06 1.434895870636127e-06 1.1764347213367455e-06 0.0 0.0 0.0 2.1330318661461963e-07 0.0 7.354090956715447e-07 0.0 3.1213371462916877e-07 1.4804750423274315e-06 0.0 0.0 0.0 0.0 0.0 0.0 1.273813272778195e-07 0.0 4.904560258437687e-07 1.602092613766738e-06 1.0441854996741032e-06 5.533110220354178e-07 0.0 0.0 7.072096699346657e-06 0.0 0.0 0.0 0.0 0.0 0.0 0.0 0.0 9.655080709822904e-06 0.0 0.0 0.0 0.0 6.83523229776129e-07 8.109254838080045e-07 0.0 5.517076574484773e-08 9.64793462659336e-07 8.863147070648735e-07 4.586956788262115e-07 0.0 0.0 0.0 0.0 0.0 0.0 0.0 0.0 0.0 1.1411858107755286e-05 6.540728343305429e-07 5.0702669325166176e-06 6.728499186988165e-05 1.4402244166192377e-06 1.921967096584881e-05 8.194529120897482e-06 2.24494479084173e-05 6.465107207428098e-06 1.1752845564247812e-07 4.083045433796826e-06 4.704171956281556e-06 0.0 4.8381552273486235e-06 3.327466638109147e-07 1.6550283925347465e-05 7.100072775599658e-07 0.0 4.83243304885871e-07 5.031619084008468e-06 2.3242376979891065e-07 0.0002376837957942765 1.3888612369535986e-05
4.77029921079226e-05 0.00047547622029108573 0.0003716043265546348 0.0007990591657779196 0.00047292507440817246 4.736443222941979e-05 0.0033089770572489827 0.000119387257776176 0.0011559072819887293 0.0035921208930195375 0.0005775789174821524 0.00018771035592587024 0.0 0.0029696777907355066 1.844201986700221e-05 1.3643153791915063e-05 1.7179511898314827e-07 2.2912106423624582e-07 0.0 1.2717276986171704e-07 1.111237598798351e-07 5.455782401164918e-07 0.0 0.0 9.080361868246876e-07 1.4540744210168227e-07 1.4635239857955087e-07 1.4877159490893886e-06 1.063460470490543e-05 1.0173854728078685e-06 1.7813139416670286e-05 1.1095027594900551e-05 0.00023235800590061908 0.0 2.025260266298917e-07 2.9552562410074758e-06 0.00014621893339249347 1.004690881668003e-05 5.9834267159542444e-05 1.7493496846034254e-06 3.076710909019681e-07 2.475252414306703e-07 1.043749123811877e-07 1.028910402612641e-06 5.056264496835928e-07 2.1038017846216094e-07 3.150728508915836e-05 2.3058154476889072e-07 1.0230096322053124e-07 3.462760820841003e-08 1.2095431958008128e-07 1.7669452185313083e-07 1.0172077242728315e-05 3.0792111607956386e-07 1.6340819408537586e-07 1.4745327559402818e-07 1.0125934376873246e-05 2.583133049380849e-05 1.6101969139525115e-05 2.014755307538866e-05 3.2347672063010713e-06 1.760362310022641e-05 9.497890501369827e-07 4.832630963174929e-06 1.5487672817624186e-07 5.5707010529917715e-08 5.383314112672432e-08 9.427447470294378e-08 7.121040953582241e-07 4.4108763443413137e-07 0.0004107536275937834 3.087613927605677e-06 3.521915985326198e-07 1.4313021937690048e-05 4.78872931585798e-06 3.138661288186096e-05 9.178229116819173e-06 7.213196859637821e-06 9.768400621638754e-07 6.494990957638533e-05 2.80419560769182e-07 7.016285120798723e-06 1.566667590586825e-07 0.0 3.547747156958151e-08 5.4921336721116994e-08 1.8353704002781955e-07 5.438758175513033e-08 7.281319418778975e-08 4.747604342837049e-07 8.744750913055723e-08 0.0 7.072453756060444e-07 2.555938727663335e-07 6.737399547210442e-07 0.00010960698183310652 6.649833252230536e-05 1.1182505950610143e-06 7.426500795828256e-05 9.507314554269881e-06 1.359004475417664e-06 1.9419089895519517e-05 0.0 0.0 5.000251777727331e-06 3.7961404334841657e-06 1.07448955063313e-05 2.783371159776005e-06 5.430609474138071e-05 1.0208219285585898e-05 1.3054625554540017e-06 2.8384597790250407e-06 2.4578966460114077e-05 4.824080950743715e-06 3.5614494773861303e-06 1.7727313257562757e-06 2.6825669372702624e-07 0.0 8.836653729878177e-07 5.1113040079103324e-08 0.0 0.0 0.0 0.0 0.0 0.0 0.0 0.0 0.0 0.0 0.0 2.816777917196345e-07 0.0 0.0 1.5786339284938018e-06 9.410907505687232e-06 3.9555885527835843e-07 5.843989732454968e-07 0.0 3.229686642791871e-06 4.4347689638757196e-07 2.326702715318248e-06 3.2036721231620333e-06 2.1754717266521784e-06 0.0 0.0 5.278091202102643e-08 1.9695540272622366e-07 9.114054205285977e-07 1.308432541407721e-07 0.0 3.4371247580953144e-07 3.1735188447756514e-07 0.0 2.0348376096449958e-07 0.0 0.0 0.0 0.0 5.2930029389998914e-08 0.0 9.7940444869865e-07 1.919142463025468e-06 8.517248340810742e-07 5.463085987368903e-07 2.1485408089446973e-07 0.0 4.897385345031891e-06 0.0 0.0 0.0 0.0 0.0 0.0 0.0 0.0 1.073609457887518e-05 0.0 1.2219994362968233e-07 0.0 0.0 6.35335551780554e-08 1.5611617326637133e-06 3.176203071387748e-07 3.1536189657522186e-07 3.984600292955107e-07 1.1713338096934174e-06 3.8227503924710827e-07 0.0 0.0 0.0 0.0 0.0 0.0 0.0 0.0 0.0 9.218757129413972e-06 4.4354539534335965e-06 3.138350641174002e-06 0.00013705210718681005 1.7100171007794888e-06 6.386786479949497e-05 1.717525822651731e-05 3.9597852945170765e-05 1.7752275973284876e-05 1.0839886330038816e-06 9.905079384872573e-06 7.612137209225681e-06 0.0 6.474423816744434e-06 2.2995266994695258e-06 2.0548017961365272e-05 4.221351184214487e-07 0.0 2.5457085958350594e-07 1.0188830761923668e-05 3.4421408668513433e-07 0.0001236847829040483 1.715921113650156e-05
