0.0 0.0013162837689602576 0.0005213832032292438 0.0011416733002498386 5.7419369836015525e-05 1.108544893810536e-05 0.000439627045508255 9.297900316529404e-05 7.609965492789572e-06 0.00086831164633483 0.00014260993791693854 6.328584069767132e-05 5.549764997820211e-05 2.1352691602214135e-05 4.696372546173564e-07 1.1755832458992709e-07 6.428182933452699e-08 0.0 0.0 0.0 7.329757478592973e-08 0.0 0.0 0.0 7.382104059234042e-08 0.0 0.0 0.0 0.0 0.0 0.000505130745626932 2.207121491838903e-06 4.048450581314936e-06 0.0 2.9209340152938587e-07 1.6468756046965374e-07 9.537202676873077e-07 3.523037651432263e-07 0.0 0.0 6.870302377098095e-08 2.2609497249533546e-07 0.0 0.0 0.0 0.0 2.02339911316765e-05 1.5293194252438476e-06 1.6024099062929085e-07 0.0 2.650202618106627e-07 0.0 0.0 0.0 4.646567130301603e-06 1.0068142788290487e-06 9.507667578842812e-05 0.00016781623351572205 2.2946289715189085e-05 6.089641298635917e-06 1.419759936901026e-07 2.6889958316551786e-07 1.929435079330573e-07 3.418909969254133e-05 2.5551339955534137e-06 2.278229100299662e-06 9.113697364332415e-07 5.463777223493182e-07 4.960967566632572e-08 6.599020521523912e-08 5.3665440314225165e-06 7.507111432336789e-07 8.558223351622635e-08 5.411546716180476e-05 6.0561523159927195e-05 5.076389791148363e-06 3.1730398945503207e-06 1.6939423890198768e-07 7.93009235157268e-07 2.527005750345277e-05 1.9539047691978626e-07 2.213330736643582e-06 8.069839374064183e-06 0.0 3.1337040159792607e-06 1.5911421520105082e-06 5.496002940049161e-07 1.5114579424126295e-07 4.290519762974119e-07 0.0 2.2559002336135535e-07 0.0 0.0 0.0 0.0 9.75990878914748e-06 6.10403137864837e-06 0.0 1.6202715270597805e-06 0.00045640735113745725 0.0 0.0 0.0 2.769150715755253e-07 1.0106897712804092e-06 2.816986829053412e-06 3.4100338194408416e-07 2.655430512567293e-06 3.861874520868734e-06 1.843361385836034e-06 0.0 5.613038669254217e-06 3.260306141656946e-06 2.743527160848586e-06 5.54198174501165e-07 0.0 0.0 0.0 0.0 0.0 0.0 0.0 0.0 0.0 0.0 0.0 0.0 0.0 0.0 0.0 0.0 0.0 0.0 0.0 0.0 0.0 0.0 0.0 0.0 4.323880547269335e-07 0.0 0.0 0.0 0.0 0.0 0.0 0.0 0.0 0.0 7.72018957889472e-08 0.0 0.0 0.0 0.0 0.0 0.0 0.0 0.0 0.0 0.0 0.0 0.0 0.0 0.0 0.0 0.0 0.0 0.0 0.0 4.6478445951996463e-08 0.0 0.0 0.0 0.0 0.0 0.0 6.930804141671724e-07 0.0 0.0 0.0 0.0 0.0 0.0 0.0 0.0 0.0 1.7221848568404168e-07 0.0 0.0 0.0 0.0 7.12597134357552e-08 0.0 5.8183237462657944e-08 0.0 0.0 0.0 2.1402982266203582e-06 0.0 0.0 0.00010160658488724839 1.3566525868515267e-06 4.77968230358596e-05 2.091820859980194e-06 0.0002567267164549295 4.3397786254650535e-06 0.0 5.897275688772126e-07 7.765027703563777e-08 0.0 0.0 0.0 5.677024745521254e-06 0.0 0.0 0.0 0.0 0.0 0.0001102770938589384 1.0909117187441112e-05
0.0013162837689602576 0.0 0.0008052750776902398 0.00043600471654112996 0.0007722085146204875 2.3995321852576993e-05 0.0011391167988149117 0.00023412506497587484 0.0001939735120253599 0.00035972343362337104 0.0002826137563092087 0.00018613419390044287 0.00031958699270332445 0.0002585852005398433 7.4423323164316715e-06 1.365740914995273e-06 8.374083058836793e-08 1.2603486054477125e-07 0.0 5.758618536311214e-08 1.9927122519519867e-07 0.0 1.826500930583312e-07 0.0 8.20161783005e-08 0.0 0.0 4.752194819907878e-08 0.0 6.49851679899772e-08 0.0010193476441333227 6.026634233990099e-05 1.1523720890237124e-05 7.785745638774024e-08 7.232070972886889e-08 6.073123718123886e-08 5.13854193679486e-06 5.414197679632623e-07 1.1542509785815291e-06 1.1136365340053958e-07 0.0 4.5399113729722724e-08 0.0 7.842089832484145e-07 0.0 2.0561378718753685e-07 0.00011136044693881706 4.005569968099475e-06 1.6197065140831453e-07 5.1563258331989805e-08 8.785971573301162e-07 0.0 2.3993762394882034e-07 0.0 8.205461602057373e-06 3.195833452185089e-06 7.301236889924446e-05 0.00021690067490975342 3.997790123966306e-05 3.661369236271922e-05 1.0086074470856719e-06 1.0590790208197647e-06 0.0 0.000202239274890627 4.473560251984097e-06 6.0580645836005705e-06 1.2147525719246936e-06 9.254942427479887e-07 4.657971355266095e-07 5.024176817835463e-08 1.5381701482840898e-05 7.122780273569427e-08 4.5333727473389724e-08 0.00016425925498208938 0.00026505111123380286 6.57331053708781e-05 3.741270024347613e-05 2.6689959609205316e-06 5.0683670444691215e-06 7.116182819331034e-05 5.474631142275582e-07 5.243935830224238e-06 2.677256031124287e-05 1.0456311174256267e-07 6.966796528960967e-06 3.483171969149317e-06 9.216117536294968e-07 2.038470930636518e-07 1.0602700571396583e-06 6.111031289646599e-08 6.371436538401524e-07 1.7947285942523767e-07 1.6938545858415905e-07 2.677889728446302e-07 1.7806918340390934e-07 2.740573976573702e-05 1.060633784897372e-05 0.0 5.158173195898366e-06 0.0005533122450649876 1.2632848274422924e-07 2.574202355900911e-07 5.215495377176386e-06 4.903100577573007e-06 2.5802550675204643e-06 1.4297811714358669e-05 7.846962338110837e-07 1.5513840024607527e-05 5.962499661430155e-06 1.106195038183089e-05 2.9643969405195097e-06 2.6655287204290316e-05 1.1443157702332408e-05 1.2025826418879575e-05 1.3826855928069628e-05 0.0 0.0 0.0 0.0 0.0 0.0 0.0 0.0 0.0 0.0 0.0 0.0 1.8312548591116973e-07 0.0 0.0 0.0 0.0 0.0 0.0 2.241539695613037e-06 2.9003679805333276e-06 0.0 8.640172160247231e-07 0.0 3.881782902213656e-06 1.7737748556636486e-06 4.913272200021775e-06 2.791804316265369e-07 0.0 0.0 0.0 0.0 0.0 0.0 0.0 0.0 0.0 4.692389059618033e-07 0.0 0.0 0.0 0.0 0.0 0.0 0.0 0.0 1.33786492318144e-06 2.833169316298191e-07 1.3994061993809946e-07 0.0 5.738793567985665e-07 3.5293569593759203e-07 6.065359082347835e-07 0.0 1.7071011650143117e-07 0.0 0.0 0.0 0.0 0.0 0.0 1.2673828357879035e-05 0.0 0.0 0.0 0.0 3.88742147392349e-06 3.5408159115001825e-06 4.775156140592557e-06 4.4682765363912336e-07 9.02424228768066e-08 3.894087128781194e-07 8.881315265708387e-08 0.0 0.0 4.561435042657156e-08 5.338099816060795e-08 0.0 0.0 0.0 6.615852952056888e-08 0.0 9.440930496772086e-06 3.1907295713900494e-06 9.278705220903138e-07 9.098422413306859e-05 3.1648505406268198e-06 0.00020862869235937958 2.7405898282341722e-05 0.00023460518212010175 4.81294529816155e-05 2.1115412873493198e-06 2.0011572667560825e-05 3.353604543214297e-06 0.0 1.469315070907253e-06 2.0172461532443505e-07 5.076809486535452e-06 1.9753887324400404e-06 0.0 0.0 1.6029908579721674e-06 5.935212417038225e-07 9.48625737692936e-05 2.8133291341456612e-05
0.0005213832032292438 0.0008052750776902398 0.0 1.3600887637581363e-06 0.00040902092908467596 4.135081644248325e-07 0.00017689770639778475 0.0009994974844908858 0.0006603004585030987 7.570245912902478e-07 0.0013994378500152716 4.284464383013124e-06 3.974006124125375e-05 0.00025950846696006364 6.404712820461343e-06 2.474356324841545e-06 2.5043767118943535e-07 7.593751099601134e-08 6.199439957889735e-08 1.8611251579038964e-07 4.360842831486919e-07 0.0 3.983822595322437e-07 1.3081424533589664e-07 1.494342173021009e-07 6.012806359250264e-08 6.61798144188805e-08 4.8050807765195747e-08 0.0 0.0 0.0015084592485565833 0.00023890001950210542 2.4195764322703955e-05 2.820608752965355e-07 5.720164739599202e-07 9.48703552712706e-07 1.0846314451635758e-05 2.3843358356754023e-06 1.4476469730799715e-06 7.22988821251053e-07 0.0 4.9124836599398536e-08 0.0 8.555758298796046e-07 8.366966530377824e-08 1.6195738104713257e-07 6.32234377659805e-05 3.4565910480550023e-06 4.148885768846765e-07 2.1040921056572527e-07 4.1023565530613434e-07 1.232167923287299e-07 3.6135132616665276e-07 0.0 4.596066723259451e-06 1.742456479838782e-06 4.9259793230785016e-05 0.00019017741147416516 2.1215816863785255e-05 1.985551406669993e-05 3.7408604277529477e-06 4.09484855846031e-06 4.155115275923356e-07 0.00031739478568004634 2.5785878678106316e-06 3.5941080434266887e-06 8.343122259790759e-07 4.47711397860621e-07 6.367157251214484e-07 2.683410674338204e-07 1.2212387715454412e-05 1.5815031038777084e-06 0.0 9.014395870653143e-05 0.00019159714544111198 5.007774211922969e-05 4.4780114112766127e-05 1.3365813472582899e-05 5.645679985459645e-05 0.0002973710895149194 9.338116675479009e-07 2.1826370485643324e-05 1.3993149016742632e-05 0.0 3.484055986863921e-06 1.860922915696922e-06 7.827862578376473e-07 1.5322997818912618e-07 4.1780307163557193e-07 8.995402320658798e-08 2.0941908466028613e-07 9.531971062906161e-08 2.1222631303649453e-07 3.233248017898886e-07 0.0 9.601237810668872e-06 1.246731176756776e-05 5.733280232336735e-08 4.963061857934382e-06 0.00033206870781650943 0.0 3.7984012608243497e-07 7.744857420463385e-07 3.571543342445488e-07 4.655125885418953e-07 2.4453762389773684e-06 3.5274613905437105e-07 4.643932968363375e-06 6.078226481164488e-07 1.3425708168074675e-06 1.4594149200944949e-06 5.46829707046056e-06 1.743338897024162e-06 3.1000712677604436e-06 2.6898774925726633e-06 3.419534827278937e-07 0.0 0.0 0.0 0.0 0.0 0.0 0.0 0.0 0.0 0.0 0.0 0.0 0.0 0.0 0.0 0.0 0.0 0.0 0.0 0.0 0.0 3.093042656633407e-07 0.0 2.6195725887585565e-06 0.0 1.0554642552926168e-06 9.118119391139194e-08 0.0 0.0 0.0 0.0 0.0 0.0 0.0 0.0 7.280018357450099e-08 1.3001072258812513e-07 0.0 0.0 0.0 1.0107600328486461e-07 0.0 4.7638637005845163e-08 0.0 4.364733092566046e-08 0.0 0.0 0.0 0.0 2.2992389501611017e-07 2.0069345784273333e-06 0.0 0.0 0.0 0.0 0.0 0.0 0.0 0.0 0.0 2.684565509683561e-06 0.0 0.0 0.0 0.0 2.031744902770038e-06 1.3353405009468656e-06 1.2671722917571273e-06 0.0 0.0 8.255777075438908e-08 0.0 0.0 0.0 5.218226598250914e-08 0.0 0.0 5.2954667592928036e-08 0.0 0.0 0.0 2.437900502293732e-06 1.4185565434491065e-06 7.135650050587007e-07 5.586896829689682e-05 2.24548057432073e-06 0.00012465994725601137 1.7376251556150152e-05 6.75980666096876e-05 2.4210226452691746e-05 1.7503580999883248e-06 1.269248077801871e-05 1.0446068738496646e-06 0.0 9.61448150746207e-07 6.241462292659242e-07 1.4711293718573283e-06 1.58749673147339e-07 0.0 0.0 8.229368723738582e-07 4.659253966590948e-07 2.6152948454995592e-05 5.125891877004675e-06
0.0011416733002498386 0.00043600471654112996 1.3600887637581363e-06 0.0 1.429728895725613e-05 9.910514844029022e-05 0.0005468624034799217 5.717686273719373e-07 2.4830598029982087e-07 0.0006531580938970862 1.836500932540262e-07 0.00035860373178279396 0.00046242614274827955 1.944253202215375e-06 1.997625567506612e-07 0.0 0.0 0.0 0.0 0.0 0.0 0.0 0.0 0.0 0.0 0.0 0.0 9.656770486119701e-08 0.0 0.0 3.4373657492769415e-05 4.412207357836505e-07 3.0967616682200617e-06 0.0 0.0 0.0 2.5086557802869078e-06 0.0 0.0 0.0 0.0 0.0 0.0 7.315192900465578e-08 0.0 0.0 3.442299713323309e-06 3.6226073593257267e-07 0.0 0.0 5.099560079592243e-08 0.0 0.0 0.0 2.6379628265150506e-07 3.9366749997315407e-07 8.433572891780666e-06 1.7303665967158248e-05 3.3394834805344936e-06 1.1207350024065115e-06 4.863204958496772e-08 3.128580398494714e-07 0.0 7.911767433482891e-06 1.8012312139236164e-07 4.915372722210018e-07 1.0823100627845681e-07 1.624327025539432e-07 0.0 0.0 4.244134161986378e-06 0.0 0.0 1.1195600769709891e-05 1.8752682265525332e-05 1.8661259199066686e-06 1.4039305744429402e-06 5.844466833434537e-08 1.0514695531415061e-07 0.0 5.2192116490755715e-08 7.218190365346578e-08 2.196930820000698e-06 0.0 3.8648167787372714e-07 2.4113938595490227e-07 0.0 0.0 0.0 0.0 1.7741465494431928e-07 0.0 0.0 0.0 0.0 6.342152637368709e-06 2.1515370619794663e-06 0.0 9.234608429027568e-08 9.554522913040823e-05 0.0 1.3307779510036128e-06 5.720810088203207e-06 5.281117122965343e-06 9.527602973696444e-07 5.368274629212706e-06 1.8531308640205656e-06 4.341628670775087e-06 1.251229959998528e-06 8.986698771156111e-07 4.26004559140211e-07 4.419392254815771e-06 1.0871987496903756e-06 1.9618139139751433e-06 1.549604323359797e-06 0.0 0.0 0.0 0.0 0.0 0.0 0.0 0.0 0.0 0.0 0.0 0.0 0.0 0.0 0.0 0.0 0.0 0.0 0.0 0.0 0.0 0.0 0.0 0.0 0.0 0.0 0.0 0.0 0.0 0.0 0.0 0.0 0.0 5.918990898759805e-07 0.0 0.0 0.0 0.0 0.0 0.0 0.0 0.0 0.0 0.0 0.0 0.0 0.0 0.0 0.0 2.8453564545212063e-07 0.0 0.0 0.0 0.0 0.0 0.0 0.0 0.0 0.0 0.0 0.0 2.751075437416949e-07 0.0 0.0 0.0 0.0 3.3282689884400917e-07 0.0 0.0 1.747781148051638e-07 0.0 0.0 0.0 0.0 0.0 0.0 0.0 0.0 0.0 0.0 0.0 0.0 5.44670454710239e-07 1.0781624328009394e-07 0.0 5.045518064764271e-05 1.9954523199339695e-07 9.636739323017236e-06 3.7388775076006274e-07 0.00021741277614056553 1.140677325435087e-06 8.344366011312439e-08 3.926720231156254e-07 2.0620364285107246e-07 0.0 4.917110782794721e-07 0.0 8.017725488492977e-06 0.0 0.0 0.0 0.0 0.0 7.185828019244691e-05 6.1074051610754145e-06
5.7419369836015525e-05 0.0007722085146204875 0.00040902092908467596 1.429728895725613e-05 0.0 1.144090401449156e-05 0.0004556339572702649 0.0001815851311199254 0.0007741426699482656 0.00013672134648094682 0.0006077329485084213 3.0638199286361604e-05 0.0007960161109187125 0.000824117189970936 7.797259765159832e-06 1.561372646130067e-06 2.548449055864379e-07 5.9316602410031186e-08 0.0 5.5025828512505825e-08 1.9029334070258052e-07 0.0 0.0 0.0 2.6853371122184677e-07 0.0 0.0 0.0 0.0 6.632428536889569e-08 4.3480328957123847e-05 7.697104858120253e-06 8.604429222453398e-06 0.0 3.1712944092223175e-07 2.255957405563879e-07 8.207479781416662e-06 7.620965613852267e-07 1.8924670113283313e-06 6.1044706418727e-07 0.0 0.0 1.5011210445121238e-07 9.038345970468077e-07 0.0 1.5110953143350254e-07 4.746697284074638e-05 1.7008419589645239e-06 5.991121447542417e-08 5.2112755925765814e-08 2.5590975932145784e-07 7.297503841958092e-08 3.9039655095426513e-07 0.0 2.421323338335634e-06 8.215648073992737e-07 9.232765406544876e-06 2.4998429786117536e-05 1.137043792810951e-05 1.5322148511040566e-05 2.0991785475261328e-06 2.272501227144957e-06 7.108662321576439e-08 5.0020626541779144e-05 1.1915887926167558e-06 1.7447651897363218e-06 3.316974721973738e-07 1.741379221407718e-07 4.6363402384632537e-07 1.6706897672598462e-07 2.3037654717872053e-05 2.118672998243017e-07 0.0 3.977959720975994e-05 7.662759113372012e-05 4.513168359885982e-05 2.5457855117293185e-05 3.0027077360096805e-06 2.4646149997996067e-06 1.2081539552216875e-05 5.122966000184135e-07 6.141676449108978e-06 6.351042364331102e-06 0.0 1.471311701387927e-06 4.779204761315122e-07 1.810917245793963e-07 5.5788389127481864e-08 9.130232519749303e-08 0.0 5.7196493358939396e-08 5.237216057026201e-08 6.078202604027165e-08 9.794532531315078e-08 0.0 4.0732362860459876e-05 1.6950475599196008e-05 0.0 6.54485348039236e-06 1.9397127714433197e-05 2.630057068295892e-07 1.5011663920474317e-06 3.7440927595451567e-06 7.227316473590279e-07 8.05096585971877e-06 1.4265170973202225e-05 7.101362005749704e-07 2.6385536282269154e-05 8.161814699207875e-06 1.563952158437874e-05 1.1730221147064428e-05 4.15418659321711e-05 2.6473825155775114e-05 1.6843836051684207e-05 2.1122473918524503e-05 0.0 0.0 0.0 0.0 0.0 0.0 0.0 0.0 0.0 0.0 0.0 0.0 1.7374188509652142e-07 1.0545100830288172e-07 0.0 0.0 0.0 0.0 0.0 2.49690644031645e-06 1.03106238220301e-06 0.0 0.0 0.0 6.382388772010315e-06 0.0 4.932221276945293e-06 1.1895390997169608e-07 3.8915620501631637e-07 0.0 0.0 0.0 0.0 6.565985217807793e-07 0.0 0.0 3.525759359703076e-07 0.0 0.0 0.0 0.0 5.342899025534862e-08 0.0 0.0 0.0 0.0 3.6925408785264094e-07 2.0256925716626343e-07 6.681616533749235e-07 0.0 2.4818286559414523e-07 1.8660418409910363e-06 2.640490426026065e-07 0.0 0.0 0.0 0.0 0.0 0.0 0.0 0.0 1.0071587265118339e-05 3.56817961505197e-07 0.0 0.0 0.0 5.160655424092064e-06 4.11976263419673e-06 6.289572151153497e-06 0.0 0.0 6.81806614498011e-08 0.0 6.107354591010867e-08 0.0 4.417809780892223e-08 0.0 0.0 0.0 0.0 0.0 0.0 1.347411004110456e-05 3.3619187193917402e-06 1.8416360581391023e-06 9.513546442547558e-05 1.401391397849805e-06 8.523520119515924e-05 1.686275083970673e-05 7.529478809706175e-05 2.2450266675620012e-05 2.947685921900342e-07 2.392021372012925e-05 9.833311447119648e-06 5.830910897885013e-07 2.3906492409243547e-06 4.877978342665703e-07 1.6943441318437954e-05 8.899641682064755e-07 6.720389627717927e-08 0.0 1.4152785026350483e-06 3.829990428119759e-07 9.208672728114405e-05 6.56910489517329e-05
1.108544893810536e-05 2.3995321852576993e-05 4.135081644248325e-07 9.910514844029022e-05 1.144090401449156e-05 0.0 7.850542808078029e-05 2.3511942691853887e-07 2.0473643366757475e-06 0.00019287526696518833 1.1560900841672906e-07 6.247424716831819e-05 5.913516284978396e-05 2.237695438452674e-06 7.68483096312736e-08 0.0 0.0 0.0 0.0 2.517374769070028e-07 0.0 4.265929907370305e-06 0.0 0.0 9.241207460964455e-08 0.0 0.0 0.0 0.0 0.0 4.560513361374445e-06 1.0842448243680828e-07 1.9291855680019404e-06 0.0 0.0 0.0 3.5916385552553663e-06 2.0839017029770033e-07 1.4831536033167291e-06 0.0 0.0 0.0 0.0 0.0 0.0 0.0 7.668507467593115e-08 0.0 0.0 0.0 0.0 1.1651242288079984e-05 2.852710803073042e-06 2.6604662674185297e-07 0.0 1.3923969658351246e-06 3.717140193662237e-05 4.497485676299654e-06 1.0240692871286418e-06 1.577365072313028e-07 0.0 9.93512492099969e-07 0.0 7.571410280077159e-08 0.0 7.472072351646206e-08 0.0 1.2147725725945038e-07 0.0 0.0 4.5356848742356064e-05 7.607704461064249e-05 6.6630142223031214e-06 2.422935839424107e-07 2.967618051959737e-07 5.066275255034688e-08 0.0 0.0 0.0 2.7675093766023185e-07 0.0 6.131679781389731e-08 1.1638886806526031e-07 1.9896952424718605e-06 0.0 7.583482313375228e-07 0.0 2.1169101139970198e-06 1.0753438699191056e-06 5.208370677219027e-06 0.0 4.49758377233156e-07 0.0 7.820761793607653e-08 1.369583526440593e-06 6.193133073667728e-05 0.0001973229679159641 1.9055605637353764e-05 1.598890348234819e-05 0.00015773733697609403 0.0 0.0 1.6431423619555254e-06 0.0 7.061543692472854e-07 1.9689541007769495e-06 0.0 1.8079734420948227e-06 0.0 2.8728572090361105e-07 0.0 2.7211901369332915e-06 1.3340847347540956e-06 5.260173496486964e-07 9.451198797845004e-07 0.0 1.60800219821267e-07 0.0 0.0 0.0 0.0 0.0 0.0 0.0 0.0 0.0 0.0 0.0 0.0 7.88561675985319e-08 0.0 7.096451686728249e-08 0.0 0.0 0.0 0.0 0.0 0.0 0.0 0.0 0.0 0.0 6.4592788618755e-08 3.2400363070656786e-07 0.0 0.0 0.0 0.0 0.0 0.0 0.0 0.0 0.0 0.0 0.0 0.0 1.682678278141299e-07 0.0 3.082783002699064e-07 0.0 0.0 0.0 0.0 0.0 0.0 0.0 0.0 0.0 0.0 0.0 0.0 0.0 0.0 0.0 0.0 0.0 5.999630460209143e-07 3.791937881468433e-07 0.0 0.0 0.0 3.548734302722674e-07 0.0 0.0 0.0 0.0 5.4363185631347156e-08 0.0 0.0 0.0 0.0 0.0 0.0 0.0 0.0 0.0 0.0 1.0030869102443304e-07 9.126460217436241e-08 0.0 4.202583405435419e-06 1.5757472297852693e-07 1.2089314685371824e-06 0.0 0.0001211196448361429 4.0591216212023227e-07 0.0 0.0 1.5669085699314178e-06 0.0 0.0 0.0 1.7999704059448774e-06 0.0 0.0 0.0 0.0 0.0 5.574814210068001e-05 8.593212884875073e-06
0.000439627045508255 0.0011391167988149117 0.00017689770639778475 0.0005468624034799217 0.0004556339572702649 7.850542808078029e-05 0.0 8.87747506813701e-05 0.00020486108195136293 0.000968865306890134 0.00024023742746349128 0.0002780107989295017 0.0013023319799493258 0.0002697235089865878 5.56139669722789e-06 2.1515830896802405e-06 5.1547890397588707e-08 0.0 0.0 1.6944049491005046e-07 2.413386126030993e-07 0.0 1.194884962456493e-07 0.0 0.0 4.394844445804376e-08 0.0 4.799833513990545e-08 0.0 0.0 6.327944675702612e-05 4.975846661832783e-06 7.153632888255214e-06 1.3321301770260501e-07 2.144990883180017e-07 1.450122190337331e-07 7.675089133906826e-06 3.414319860718519e-07 1.5749020980340498e-06 1.541430075768595e-07 6.13015963535612e-08 5.183363123916905e-08 0.0 5.376097759218799e-07 0.0 7.107864197344776e-08 4.505290851364375e-05 1.6570499287815592e-06 0.0 5.6984743104652004e-08 4.267354421188171e-07 7.027529996894677e-08 0.0 0.0 1.9798898296712966e-06 9.677503570469865e-07 1.8322135204675697e-05 4.254746002507147e-05 1.0500115109713082e-05 1.3306938240483223e-05 6.489774532383908e-07 1.7526652212476435e-06 1.3379705628666912e-07 5.4145156336814226e-05 9.347375796500647e-07 2.6475646986109326e-06 4.3768507397579256e-07 1.3126148028973963e-07 7.931618300416558e-08 0.0 2.7764729495573883e-05 7.86913306870439e-07 0.0 5.2588569380085945e-05 8.606624383720673e-05 3.592234024424374e-05 2.1143247736700173e-05 3.444413653321192e-06 8.563046343105994e-07 4.613888504404366e-06 4.0864574237008146e-07 4.226162245016836e-06 7.148266197231951e-06 5.0433513006430006e-08 2.1689893468024947e-06 1.0846768840217998e-06 4.197816444365945e-07 4.2869002838527306e-08 1.692406047437943e-07 0.0 2.9696155504837507e-07 2.0558744623405088e-07 0.0 1.0224905089293369e-07 0.0 7.613084470964001e-05 1.666368499118733e-05 0.0 6.777546557326216e-06 7.557384638904497e-05 2.812961743007236e-07 8.060371007033834e-07 9.907029506855372e-06 2.480846430419498e-06 1.0571220473152162e-05 3.0763192647104476e-05 2.724008832994378e-06 5.7549247269954404e-05 2.707309937016624e-05 3.152350431637231e-05 1.375130389966215e-05 8.932977012951071e-05 5.2033977706080926e-05 3.565958316405204e-05 3.38359623584598e-05 0.0 0.0 0.0 0.0 0.0 0.0 0.0 0.0 0.0 0.0 0.0 0.0 4.897887689560201e-07 0.0 0.0 0.0 0.0 0.0 0.0 3.6462652836008256e-06 3.438857914349704e-06 0.0 5.218673224385319e-08 0.0 1.0903973966446311e-05 9.774089230748074e-07 8.506069719179307e-06 1.1431851097759635e-07 6.802292965140762e-08 0.0 0.0 0.0 1.9877722529829425e-07 0.0 0.0 0.0 1.094370937563878e-06 1.0495628353033427e-06 0.0 0.0 0.0 0.0 0.0 6.35303844306916e-08 0.0 0.0 2.948175308087445e-07 1.944302735384317e-06 5.042794563805598e-07 2.50439683147421e-07 1.5736250374301641e-06 1.9882527018909553e-06 1.9248522100385862e-06 0.0 0.0 0.0 0.0 0.0 0.0 0.0 0.0 1.564325813281904e-05 1.1571064321161694e-07 0.0 0.0 0.0 1.0946306299706866e-05 6.0331401151260925e-06 5.5158183527633786e-06 2.925191946236559e-07 3.417566104986161e-07 1.540482124878425e-07 0.0 1.577465908032404e-07 0.0 0.0 0.0 0.0 0.0 0.0 0.0 0.0 2.8453508871528327e-05 7.15107514266923e-06 3.7136183358838493e-06 0.00010657214216287884 1.6868583562983985e-06 9.101943717440069e-05 1.2600129485468402e-05 0.0001943724121000931 2.3704509702041528e-05 1.3759198955977127e-06 1.8785625038199712e-05 9.130389019639617e-06 0.0 3.1435403382572944e-06 7.1569112620174e-08 2.586698497575711e-05 2.9785101170850333e-06 0.0 1.57570185371155e-07 1.2151716442231393e-06 2.716044537737561e-07 0.00028672686926054517 0.00012565883530506774
9.297900316529404e-05 0.00023412506497587484 0.0009994974844908858 5.717686273719373e-07 0.0001815851311199254 2.3511942691853887e-07 8.87747506813701e-05 0.0 0.00015207082321753768 3.3455758129815178e-06 0.0004429772221316763 3.304620747247893e-05 0.00043834765951377043 0.0008042645053450087 1.163227899427131e-05 9.140634309240353e-06 3.3561225300371578e-06 1.149455127127174e-06 6.035233697724026e-07 3.955818332863315e-06 1.0326162425642645e-05 2.9635870013856325e-07 3.5325665745928586e-06 6.581117044420695e-07 5.908043916218664e-06 6.303783856583496e-07 2.6864286160730946e-06 1.2749729239824347e-07 6.185900098978489e-07 4.057680764387676e-07 0.0005199806002902257 0.0009204132688413713 9.610905881890169e-05 6.2144790869868375e-06 1.5789304983410394e-05 8.938768871126126e-06 4.407828258032129e-05 1.3824396444989614e-05 1.7134863377083293e-05 5.895441287267801e-06 4.912447606413775e-07 1.2618685612252474e-07 1.2325174427213852e-06 9.828013885640977e-06 4.051571832098169e-07 2.161963494388535e-06 5.2811152651147785e-05 5.562144065895334e-06 1.4955355114394018e-06 4.124772618862703e-06 8.508949834657583e-07 1.2101043401583826e-06 2.5433251791559314e-06 7.925472077936486e-08 1.7878679935081468e-06 8.529211012597465e-07 1.2450138207893571e-05 5.586823797517363e-05 7.8321016216474e-06 1.5992726388020617e-05 8.42484141696703e-05 6.527568362166447e-05 9.911403241914093e-06 0.00029650719719725104 9.956362326638786e-07 3.4109600621129347e-06 1.1947378754854566e-06 6.086633473767777e-06 1.5412518514884394e-05 5.962449039045187e-06 3.775494693697472e-05 5.378617030270161e-06 0.0 4.468798126748392e-05 0.00012770940049091178 5.79511103927887e-05 0.00012292721727075358 0.0001874503263716799 0.0003408828328796216 0.0003655819892948628 3.323638453342531e-05 0.0005655676942653509 4.9712614809294935e-06 0.0 1.9681854234291855e-06 1.166212515908049e-06 6.066272592132156e-06 4.6914569951100664e-08 2.1687617624864238e-07 1.1776896184617988e-07 4.843308644143362e-07 7.791072571034162e-07 4.802156887875011e-06 1.4254177434999705e-06 6.775327733910978e-07 1.9803209741932962e-05 3.385256599179423e-05 7.750692384005908e-08 1.5276778078414047e-05 5.596072446369034e-05 7.060667372994655e-08 8.351742429568889e-07 3.3252489110807666e-07 0.0 1.7648840275942254e-07 5.688029442242532e-07 0.0 2.5342704692605126e-06 4.603046519434226e-07 2.291567007144447e-06 2.4881140317142594e-06 5.5805981107827445e-06 7.117277149915283e-06 3.6463107976101985e-06 4.371572693796076e-06 1.592651196602182e-07 3.7698161418140064e-07 0.0 0.0 0.0 0.0 0.0 0.0 0.0 0.0 0.0 0.0 5.956163796451632e-08 0.0 0.0 0.0 0.0 3.0315410488253424e-07 0.0 2.592422419111754e-07 6.191222369964808e-07 0.0 9.330978885903742e-07 3.331100854977921e-07 3.3481973656984215e-06 1.5710050971334906e-07 7.384313122512673e-07 1.238229957454493e-07 6.467461918322945e-07 0.0 0.0 0.0 0.0 3.8298942536742034e-07 0.0 0.0 0.0 2.2157566300136808e-07 0.0 0.0 0.0 2.042311297060161e-07 0.0 0.0 0.0 0.0 0.0 2.0206231985630694e-07 0.0 0.0 7.048840437084296e-07 4.4285240992801097e-07 1.934856331039544e-07 0.0 0.0 0.0 0.0 1.3215621655592956e-07 0.0 0.0 0.0 2.488149210062396e-06 0.0 0.0 0.0 7.16592178969597e-08 2.733506088031408e-06 3.3498610884784967e-06 1.6985978647862168e-06 8.60466961575967e-07 0.0 0.0 9.748250363042125e-08 0.0 0.0 0.0 0.0 0.0 0.0 5.614902902910991e-08 0.0 0.0 3.2977141435361803e-06 4.472599187694007e-06 3.87146108686344e-06 7.077725656037787e-05 3.652073268832014e-06 8.97726189650028e-05 2.0468163768266927e-05 2.7417304352790134e-05 1.9068467547282677e-05 6.759026498337427e-07 1.389669128940518e-05 8.851804441499359e-06 6.229604582828867e-08 1.59453749045077e-07 0.0 1.8367517185845926e-06 7.36165267278388e-07 0.0 0.0 3.0774016572016768e-06 7.876706306869706e-07 1.291037703123529e-05 3.7337160933687212e-06
7.609965492789572e-06 0.0001939735120253599 0.0006603004585030987 2.4830598029982087e-07 0.0007741426699482656 2.0473643366757475e-06 0.00020486108195136293 0.00015207082321753768 0.0 2.6801545381816192e-05 0.00032401136868746795 4.44182890775129e-05 0.0006937887576989132 0.0003932949184444977 4.673592206579557e-06 1.917744357256606e-06 0.0 0.0 0.0 6.261357370348169e-08 6.307945375260547e-08 0.0 1.4949435724718523e-07 8.722586525485619e-08 6.646283935500033e-08 0.0 5.767456406602357e-08 0.0 0.0 0.0 1.2961321695723718e-05 4.985773072740196e-06 1.1140423939707619e-05 1.6109528321048776e-07 1.275689000282058e-07 1.185884232965754e-07 1.0197513513226696e-05 7.461000351838643e-07 1.3485663136690785e-06 2.05133538048402e-07 0.0 0.0 0.0 4.7244390746894004e-07 0.0 0.0 1.8254917443487105e-05 2.292606385591119e-07 0.0 0.0 0.0 0.0 2.1093451234325293e-07 8.213447001469231e-08 4.1891730157827304e-07 9.721673492023993e-08 2.4045010341822097e-06 5.519843153425443e-06 2.2402853848792345e-06 5.4272984798448194e-06 1.6160471335065766e-06 1.4966292745849104e-06 2.95879064575268e-07 2.1379076014943915e-05 3.0222214501540866e-07 4.745614670886363e-07 0.0 0.0 1.9618003962810644e-07 0.0 1.3081285865449917e-05 4.358169638515051e-07 0.0 1.2501057606375339e-05 2.349604452804294e-05 1.946703254301788e-05 1.364864878998625e-05 3.4187500257288757e-06 2.6363443989498627e-06 1.1990331617814238e-05 2.492604427041335e-07 6.002198693661225e-06 1.076097935600364e-06 0.0 5.89934315396746e-07 2.3258327064058281e-07 1.17350198713855e-07 0.0 1.1016152990791642e-07 0.0 9.922165343115037e-08 0.0 6.523455089575994e-08 0.0 5.030964678926088e-08 1.7942919579887927e-05 1.3598267911322776e-05 0.0 3.9616519170492995e-06 2.6288898805749114e-06 4.884196101429706e-07 5.816833660691923e-07 1.2014466804208104e-06 9.652406963055766e-08 2.0658276803287896e-06 1.235723725603182e-05 7.13856410774893e-07 1.3519867473611802e-05 5.407489426439884e-06 6.124144194901522e-06 5.77821258608299e-06 2.5270708131662836e-05 1.2938223057717422e-05 9.809945684828637e-06 9.09755802716528e-06 3.306497224834329e-07 2.497455909371815e-07 0.0 0.0 0.0 0.0 0.0 0.0 0.0 0.0 0.0 0.0 0.0 0.0 0.0 0.0 0.0 0.0 0.0 1.7456950853250412e-06 1.4760436291795207e-07 0.0 0.0 0.0 3.7204641917823213e-06 0.0 2.804291516855957e-06 4.1535374347352175e-07 0.0 0.0 0.0 0.0 0.0 0.0 0.0 0.0 6.546881985900077e-07 5.370579952552123e-07 0.0 0.0 0.0 6.006765728891429e-08 0.0 0.0 0.0 0.0 3.7333036229560535e-07 2.9781472036233175e-07 0.0 0.0 3.8253747206293484e-07 1.5654647403656092e-06 4.6106033955771475e-07 0.0 0.0 0.0 0.0 0.0 0.0 0.0 0.0 7.785060146138342e-06 0.0 0.0 0.0 0.0 2.3627355118181856e-06 2.07059189219799e-06 1.2297688084596575e-06 6.515483360063071e-08 1.6900886095429956e-07 3.7232660929884496e-07 0.0 0.0 0.0 0.0 0.0 0.0 6.437375155682218e-08 0.0 0.0 0.0 7.095292865518136e-06 2.162676621719008e-06 7.517700134151622e-07 5.341026138556189e-05 1.944706087774624e-06 2.9614531239780845e-05 7.659380764799186e-06 2.460438269198135e-05 1.0087418059253384e-05 2.65700842510146e-06 1.1393631691774758e-05 3.900626648618043e-06 0.0 2.1124150098321044e-06 0.0 4.073074659230113e-06 2.1807175968871168e-07 0.0 0.0 1.5716065964687725e-06 9.845591078333182e-08 3.0096281603982708e-05 3.3003166682674535e-05
0.00086831164633483 0.00035972343362337104 7.570245912902478e-07 0.0006531580938970862 0.00013672134648094682 0.00019287526696518833 0.000968865306890134 3.3455758129815178e-06 2.6801545381816192e-05 0.0 1.2193366545747947e-05 0.0004839574862169071 0.0019377757350012193 5.3468197180730725e-05 1.1638982552895416e-06 4.47574422999933e-07 0.0 0.0 0.0 5.437891029588756e-08 6.633968659810977e-08 0.0 0.0 0.0 0.0 0.0 0.0 7.374331622958948e-08 0.0 0.0 2.318778025440211e-05 5.91491751620917e-07 1.5973709751165115e-05 0.0 0.0 1.2415089733309317e-07 2.5662446392235035e-05 7.199560014911522e-08 3.813777195493374e-06 1.6717005026545338e-07 0.0 0.0 0.0 1.4083497569214084e-07 0.0 0.0 5.910312710391817e-06 2.0297048344494024e-07 0.0 0.0 4.2912638069166645e-08 0.0 5.645129075690157e-07 0.0 3.079992041217208e-07 1.501718543713444e-07 1.762963350192251e-05 1.5222982402870307e-05 2.7226862821631286e-06 1.651695523544291e-06 1.455261292288124e-07 2.0603935197451774e-07 0.0 9.661346296911332e-06 2.6326821740449825e-07 5.422204891903399e-07 1.0082313393652038e-07 0.0 1.1541895211131301e-07 0.0 7.701423174914013e-05 1.0879771729055459e-07 0.0 9.846511099631644e-06 1.4457106390300028e-05 2.8999110377632932e-06 3.2159540736936894e-06 7.194215531528527e-07 2.1584774703904607e-07 8.978487033605465e-07 4.8026526333713966e-08 6.567563724892191e-07 1.4259107588216904e-06 0.0 5.3810096954168845e-08 9.169002902568945e-08 4.0557291651415864e-08 4.541795383747969e-08 1.0071067832740702e-07 0.0 0.0 4.8642751489146755e-08 0.0 0.0 0.0 0.00011292525241334682 3.395861147422685e-05 0.0 1.1482521669834637e-05 0.00020386958095112116 0.0 8.89274242604263e-07 3.4561239337195966e-06 1.606962258510579e-07 5.995306301126981e-06 2.167590374862603e-05 1.6722612063310852e-06 3.597603665368071e-05 1.3690085402405433e-05 1.745573176842877e-05 7.980924256042284e-06 5.348257976465385e-05 2.6380979097547204e-05 1.689831037064495e-05 1.2924657809133057e-05 0.0 0.0 0.0 0.0 0.0 0.0 0.0 0.0 0.0 0.0 0.0 0.0 0.0 0.0 0.0 0.0 0.0 0.0 0.0 2.15562918475342e-06 3.3089652789504913e-06 0.0 0.0 0.0 3.0488188735846447e-06 0.0 1.388197267520364e-06 0.0 1.823852375773065e-07 0.0 0.0 0.0 0.0 2.2017237700499208e-07 0.0 0.0 0.0 3.8094207975194227e-07 0.0 0.0 0.0 0.0 3.909357461816181e-07 3.284759707321939e-07 1.1900369998633882e-07 0.0 2.2940447690768007e-07 3.36431785324499e-07 0.0 0.0 3.2288244214794945e-07 0.0 3.982531565166296e-07 0.0 0.0 0.0 0.0 0.0 0.0 0.0 0.0 6.326778847836922e-06 0.0 0.0 0.0 1.320245878909293e-07 3.803947596389366e-06 1.5207332589825938e-07 1.4287745503287862e-06 4.0388405139386536e-07 0.0 1.1082281245814394e-07 1.7775223580974293e-07 0.0 0.0 0.0 0.0 0.0 0.0 0.0 0.0 0.0 1.2854374242537682e-05 1.406664958524703e-06 8.021003125012878e-07 0.00010811875192697524 5.606374674380761e-07 1.1720388185184304e-05 2.5630662160143055e-06 0.000434560319355837 2.1101680951074954e-06 6.729516401857885e-07 1.466024963101683e-06 6.049272232075202e-06 0.0 2.1236769708170427e-07 1.5417145561636832e-07 4.109156906365807e-05 4.4484442432068245e-07 0.0 0.0 2.3240228479350871e-07 0.0 0.00045040476200979316 0.00011419559045202653
0.00014260993791693854 0.0002826137563092087 0.0013994378500152716 1.836500932540262e-07 0.0006077329485084213 1.1560900841672906e-07 0.00024023742746349128 0.0004429772221316763 0.00032401136868746795 1.2193366545747947e-05 0.0 2.8102118796912685e-05 0.0007328662281392301 0.0011521612285733025 1.0976631757618405e-05 7.350477849080967e-06 4.595984879852692e-07 5.2826363652826e-08 0.0 4.0597435207451713e-07 1.3599213859767758e-06 0.0 6.333035204801998e-07 4.962793977381776e-07 2.6291694999273013e-06 1.2359824148848387e-07 6.782835428858695e-07 9.354291866403337e-08 1.8512467771424394e-07 1.268384498821688e-07 0.00024721260661800877 0.00019925937005858173 0.00011069073299564478 8.969232169563486e-07 3.2109094671785954e-06 3.1987193371788126e-06 4.4445256729751226e-05 1.1224426405692956e-05 9.735811715801695e-06 2.9711091367693883e-06 2.351621774584328e-07 4.898518388446486e-08 1.7559688657729005e-07 2.0477249195005535e-06 5.3725399706295e-08 1.265578744930055e-07 4.0711176143795374e-05 1.73528774986943e-06 2.8994863053466375e-07 2.2167311216262152e-07 3.500672336438721e-07 1.290296528718224e-07 2.207995566295425e-06 0.0 1.2321028176586763e-06 4.6637103821831556e-07 8.820486127507716e-06 2.5605224161985648e-05 7.283214569126603e-06 1.4107181801147859e-05 6.784064311868165e-06 1.397964231946514e-05 1.0900230773312611e-06 7.790812417256379e-05 8.590748626367595e-07 9.935503387895482e-07 3.5803841617057827e-07 1.0993725747445922e-06 1.875873100079293e-06 7.3299378413514e-07 3.24971082796789e-05 4.6770635523215004e-07 0.0 3.532429899861127e-05 7.39818779549038e-05 4.672950175565848e-05 3.791779458089209e-05 1.4818908975336494e-05 2.8994516892052e-05 0.00015326059381133307 1.5000906223701495e-06 7.054343457048877e-05 5.115285695413015e-06 0.0 1.2446076383399451e-06 4.28828506268948e-07 5.214400310776768e-07 4.53429311109837e-08 2.3320821428062012e-07 0.0 1.9685648083105335e-07 0.0 1.0865852689788142e-06 3.841894560432262e-07 1.7167164216250206e-07 1.1814574397686738e-05 6.65722051103391e-06 5.1237235523079555e-08 8.102106944578305e-06 6.12860071323201e-05 0.0 0.0 3.503676574979861e-07 8.468852463283758e-08 1.0656897154540074e-06 9.173314628416646e-07 0.0 1.9766894561431667e-06 1.088059853439032e-06 2.3078356613652735e-06 1.3031778970871324e-06 4.106471416192576e-06 4.658563108733971e-06 2.535668023792651e-06 3.67587466996914e-06 0.0 0.0 0.0 0.0 0.0 0.0 0.0 0.0 0.0 0.0 0.0 0.0 0.0 0.0 0.0 0.0 0.0 0.0 0.0 2.741940482265796e-07 7.068322421271911e-07 0.0 0.0 0.0 1.2082949050074075e-06 0.0 7.571356342480097e-07 1.1530802330719592e-07 2.377648425035602e-07 0.0 0.0 0.0 0.0 0.0 0.0 0.0 0.0 0.0 0.0 0.0 0.0 0.0 0.0 0.0 0.0 4.153004242087008e-08 0.0 0.0 0.0 8.693606720249156e-08 1.3873490821591522e-06 1.0643264403100553e-07 2.0001466983111005e-07 0.0 1.2028509367231656e-07 0.0 0.0 0.0 0.0 0.0 0.0 2.2708324340405018e-06 6.111121661281889e-08 1.2343979622981182e-07 0.0 0.0 1.6554201191467263e-06 5.315975317693291e-07 1.364870545775798e-06 5.626206016284799e-07 2.952798435564753e-07 0.0 3.26668157514252e-07 0.0 0.0 0.0 0.0 0.0 4.588911349266514e-08 0.0 0.0 0.0 1.6570912856957086e-06 4.471273735457625e-07 6.504945171235963e-07 7.751356097553122e-05 2.0091512234105212e-06 6.557692016411257e-05 1.5650161365193117e-05 2.8748841620542656e-05 1.537456619988941e-05 9.856298595066408e-07 1.512228565128754e-05 1.5308997873249712e-06 0.0 5.638357766877996e-07 6.388414181883204e-08 2.1536600438972797e-07 0.0 0.0 0.0 2.2299946002947354e-06 6.570391167976293e-07 1.1092947867004456e-05 4.773484441326567e-06
6.328584069767132e-05 0.00018613419390044287 4.284464383013124e-06 0.00035860373178279396 3.0638199286361604e-05 6.247424716831819e-05 0.0002780107989295017 3.304620747247893e-05 4.44182890775129e-05 0.0004839574862169071 2.8102118796912685e-05 0.0 0.0003754589383222843 4.44924362788498e-05 5.608864403420188e-06 6.1446659713427715e-06 1.1654424068833253e-07 0.0 0.0 0.0 1.304434695419106e-07 0.0 0.0 6.988557466996106e-08 4.930103227416205e-07 0.0 5.7415654087320545e-08 0.0 0.0 0.0 5.580301225691612e-06 4.484971226282825e-06 8.177918506528771e-05 2.732927243438172e-07 2.6618446726767895e-07 1.9472362462298387e-07 0.00012300985005472164 5.494529711163473e-06 1.880966611918284e-05 1.1075494526260213e-06 4.022230587884562e-07 0.0 5.8551711158145046e-08 1.460458346239147e-06 0.0 6.321428347605579e-08 1.2817892007690359e-05 1.1522052453862811e-07 0.0 1.0300558514675647e-07 0.0 1.8469048957069564e-07 3.929675122028124e-06 8.768134780951983e-08 2.4627221896804737e-07 0.0 1.5834485530961963e-06 3.1024320031814987e-06 9.720581184337453e-07 3.2695170280073503e-06 1.144968660588031e-06 4.978124502682268e-06 1.499909731651112e-07 1.3197538148679442e-05 1.8929829429942e-07 1.493832809946105e-07 5.3234134740458536e-08 4.8547361849897583e-08 4.5657079087016883e-07 5.5984723883349587e-08 0.00011708298410031669 8.931519325132816e-07 0.0 7.4070887199740236e-06 1.5295527395972358e-05 1.5707453305268126e-05 1.561595152035875e-05 5.346293731373677e-06 1.5461930367041072e-06 2.9919345195732346e-05 6.994867452392119e-07 9.21894822800154e-06 7.372917592250775e-07 0.0 3.877499534033823e-07 1.0623838306634758e-07 0.0 4.7879529734312544e-08 1.0330516236133986e-07 5.280977332314756e-08 0.0 4.896529261189742e-08 1.248312815931798e-07 5.089354268126925e-08 6.076475554512761e-08 0.00018614151018826709 1.489693107933093e-05 0.0 2.6353406459531028e-05 1.2465944026162465e-05 4.187562831061961e-07 1.0734402770369622e-06 3.722907189173499e-06 9.910082227400642e-07 7.890458434483037e-06 1.3838267996340787e-05 1.1385212960371682e-06 2.1365126482384295e-05 7.489695015540162e-06 1.149982689146864e-05 6.213382703063905e-06 3.754895683516323e-05 1.8549178941405918e-05 2.0036873548165487e-05 1.8623437846840444e-05 1.1596116289744362e-07 1.7178443547614725e-07 0.0 0.0 0.0 0.0 0.0 0.0 0.0 0.0 0.0 0.0 0.0 0.0 0.0 0.0 0.0 0.0 0.0 1.100391914470239e-06 2.548007462003139e-06 0.0 0.0 0.0 4.6605598795285e-06 0.0 2.43621284529951e-06 5.264044446574551e-07 9.26038241941218e-08 0.0 0.0 0.0 0.0 4.5051059267409233e-07 7.041006690789256e-07 0.0 1.3555227796927425e-07 2.134892281012564e-07 0.0 0.0 0.0 0.0 0.0 0.0 0.0 0.0 3.6341247486032085e-07 1.0570761142668397e-07 4.864708837636029e-07 1.168906304099959e-07 5.628438243240473e-07 5.74231777637785e-07 5.146135717859792e-08 0.0 0.0 0.0 0.0 0.0 0.0 0.0 0.0 7.98930595410049e-06 0.0 0.0 0.0 0.0 4.302301460746412e-06 3.4859401046586593e-06 2.028634287301359e-06 5.665903945030639e-07 4.5819688099874875e-07 0.0 0.0 0.0 0.0 0.0 0.0 0.0 0.0 0.0 0.0 0.0 9.928558651158796e-06 3.4615383695047062e-06 1.4507079364696621e-06 6.598062016178021e-05 3.2968830812216546e-06 2.2481468819252693e-05 1.0208148951446183e-05 6.869116737391747e-05 5.823168260467553e-06 7.590449776199986e-07 6.538352668153822e-06 8.044257815807714e-06 0.0 1.7397883429220887e-06 3.015994749354591e-07 1.4057173757800372e-05 5.476407991317433e-07 0.0 9.586536505013688e-08 1.3110066111090053e-06 9.911256059815021e-08 0.00023102774283704193 6.629172241393521e-05
