0.0 0.0006009995657889462 0.0001578687585276436 0.0005150137538304468 5.0413759522881126e-05 5.323944340113494e-05 0.00018587340351962196 9.551503526551748e-06 2.506533417760204e-07 0.0004343895561602298 1.1577398463339692e-05 3.239196081006913e-06 1.546840779445614e-05 1.0192092698190746e-05 1.6410569832324432e-06 2.3585421402818012e-07 5.4582948964784956e-08 0.0 0.0 0.0 7.382661143889323e-08 1.2415927558670072e-07 0.0 0.0 0.0 0.0 0.0 0.0 0.0 0.0 0.00015735274923410356 2.485422421664746e-06 1.6077153675616297e-06 5.1272540507957225e-08 0.0 3.0327294608328836e-07 8.48251659744286e-07 8.35810618784327e-07 3.9657982501758194e-07 0.0 4.81788175890545e-08 0.0 3.9719222681850085e-08 5.1028452575479284e-08 1.3472795063477535e-07 1.3013202783491782e-07 1.4448666122277068e-05 1.9469325758133283e-07 0.0 4.081587760736008e-08 1.272621675835831e-07 5.056104932439517e-07 0.0 8.378143440787395e-08 8.695431018965256e-07 4.531143984701747e-07 5.963834914939762e-05 0.000245177730802758 2.574882811667081e-05 5.588191210426904e-06 0.0 9.712711870494643e-07 6.513313733443649e-08 3.3639385086426296e-05 1.2796264320547703e-07 1.2104138282098442e-07 0.0 2.0953124579496976e-07 1.5487704973068562e-07 9.763134198527448e-08 2.9931867090477574e-06 9.484439038045798e-06 5.074049634919322e-07 6.525452455399836e-05 1.8336121018160518e-05 1.488408246165995e-05 2.5996648305085577e-06 1.2808391179708934e-07 7.878426550423432e-07 9.630308025620678e-07 2.850128386785813e-07 1.4696154022257447e-06 2.145332263896026e-06 0.0 0.0 6.149238870849003e-08 5.46380333255872e-08 0.0 5.3681906860585375e-08 1.2159069315298452e-07 6.874582395135885e-08 1.9612834278192554e-07 0.0 0.0 2.363899957110601e-07 1.5818081822867516e-05 1.201025197335017e-05 1.1037362144808214e-06 1.0090183109850546e-06 0.0004060964962652827 1.7524116567095824e-07 2.784436735094935e-06 5.317390578034384e-06 1.784911534422291e-06 1.7211294011007613e-06 8.351478862151057e-06 3.660045704087803e-06 4.64923709177887e-06 1.3014797137193157e-05 2.5725321898803242e-05 1.6648737222568455e-06 6.881558643778412e-06 8.918841610363594e-06 2.1139657130524386e-06 3.8802331221351985e-06 0.0 0.0 0.0 0.0 0.0 0.0 0.0 0.0 0.0 0.0 0.0 0.0 0.0 0.0 0.0 0.0 0.0 0.0 0.0 1.967495462861419e-06 1.5560263875386843e-06 0.0 0.0 9.385636836691163e-08 7.641088658139181e-07 6.095730595485099e-08 8.41107834079629e-07 4.575246157707122e-07 0.0 0.0 0.0 0.0 0.0 0.0 0.0 0.0 0.0 0.0 0.0 6.583861903701873e-08 0.0 1.3381469474209016e-07 0.0 0.0 0.0 0.0 0.0 0.0 0.0 6.783389165592376e-08 7.628585512947855e-07 3.2251861797896435e-06 0.0 0.0 0.0 0.0 0.0 0.0 0.0 0.0 0.0 2.129677729755112e-06 0.0 0.0 0.0 0.0 2.8330580360498185e-06 0.0 3.624166162767104e-06 0.0 0.0 0.0 0.0 0.0 0.0 1.3575189070938015e-07 0.0 0.0 0.0 0.0 0.0 0.0 1.2749211617751667e-06 0.0 6.644285734440338e-07 0.00014837395898625581 9.613242226661366e-07 3.5722214493400344e-05 5.933683829129687e-06 0.0004461152983579592 4.919392726057996e-06 4.5643276161542595e-07 1.6102050933037359e-06 3.8625480107120964e-07 0.0 1.754968208823739e-07 0.0 3.0271190614603436e-05 0.0 0.0 0.0 4.702625094525329e-07 6.046950576436211e-08 0.0001746554552831902 3.797021014082293e-05
0.0006009995657889462 0.0 0.00030922396025172673 9.965775839753738e-05 0.0005045975033330795 1.875788602013166e-05 0.0002867248576702597 3.5899446002054905e-05 4.5543677678840366e-05 0.00018540764214942764 0.0003510929505500162 3.414836177578542e-05 0.0002910753289201377 0.00026062481715352425 5.690374503826165e-06 5.381953258058974e-07 1.6748690831218014e-07 0.0 0.0 1.7116304459925734e-07 2.1416554417846312e-07 3.1199631688602666e-07 0.0 0.0 0.0 1.0409623215358212e-07 0.0 0.0 5.227323681699277e-08 0.0 0.0009784445902376283 1.5386647418787856e-05 1.2461276957800996e-05 0.0 1.897565805666665e-07 1.8259866274118877e-07 4.398070015169214e-06 3.897067383310217e-07 1.2942395004703627e-06 2.927154713762999e-07 0.0 2.826139693694907e-07 1.1479759018143529e-07 2.2812075855093578e-07 9.269073349362783e-08 4.910485427657194e-07 5.113288697144118e-05 7.828037203114184e-07 9.519697580735917e-08 3.069218765496617e-07 1.0264563509214812e-07 0.0 1.0298934665130777e-07 4.4486671454051804e-08 1.4483948227619216e-06 2.1106299815155495e-06 9.375115617628061e-05 0.0006755992974713549 7.129105253159787e-05 1.4912413921011336e-05 4.286723755052813e-07 1.9128107017477665e-06 5.09904950388957e-07 0.00010617300121500084 1.3196007289631046e-07 1.94591685689392e-07 9.748043442553824e-08 5.467591572727737e-07 2.8666555297157434e-07 3.712553252564516e-07 2.8889311865518553e-06 8.315663141806674e-07 0.0 0.00019093392512135258 6.083634368208347e-05 5.560577505975572e-05 1.830955793278658e-05 6.538195308639871e-07 1.973710197517776e-06 1.5218793236264479e-05 3.1012700005295603e-07 4.9085771542555564e-06 4.2881267637695534e-06 7.047299168174391e-08 2.328227962828002e-07 2.859165891335896e-07 5.354122856712118e-07 0.0 1.731133367531996e-07 5.751386068531652e-08 0.0 0.0 8.293195580842533e-07 2.1213451259226803e-07 3.3341049974959226e-07 4.6175791180199615e-06 1.3468869745811135e-06 0.0 3.5145441960345844e-07 0.0003612178306609632 1.3867690084613345e-07 6.051788564642058e-07 7.269296131499833e-07 3.804847950908684e-07 1.2635140075265726e-06 3.7051318122053543e-06 1.6071100162094286e-06 1.7220452037168679e-06 3.4728685524630107e-06 5.41237033973858e-06 0.0 2.6483892322630963e-06 3.0209488905323897e-06 9.099745422115174e-07 1.5930006311513257e-06 7.650966100904573e-08 0.0 0.0 0.0 0.0 0.0 0.0 0.0 0.0 0.0 0.0 0.0 6.494865496128817e-08 0.0 0.0 0.0 7.238026474090579e-08 0.0 0.0 1.402329357518723e-06 8.76232959914263e-07 0.0 0.0 1.217772198941626e-07 5.814440275785349e-07 0.0 6.780996293969835e-07 5.434866700955752e-07 6.515108409002094e-07 1.1771656331686987e-07 0.0 0.0 0.0 0.0 0.0 0.0 0.0 0.0 0.0 0.0 0.0 0.0 0.0 0.0 0.0 4.5212994352937566e-08 4.4461265376143336e-08 0.0 0.0 0.0 6.162699287001962e-07 1.6598407196878528e-06 5.982041017829339e-08 0.0 0.0 0.0 0.0 0.0 0.0 0.0 0.0 1.1651716142463276e-06 1.7786443931777864e-07 0.0 0.0 0.0 2.8402596762676256e-06 0.0 2.0253572767327264e-06 0.0 0.0 0.0 0.0 0.0 0.0 0.0 0.0 0.0 0.0 0.0 0.0 0.0 1.4194054569477242e-06 2.1190495365138634e-07 1.021935296548253e-06 0.00011014871882185499 2.9792537293617625e-06 9.925388490516249e-05 1.774413556066938e-05 0.00025986387452453795 7.791237626287163e-06 5.930427059123796e-07 5.117880225863203e-06 1.8044079777613116e-06 6.624659277157578e-08 1.5696540225125399e-07 9.998142603334697e-08 5.545322228174257e-06 0.0 0.0 0.0 1.382775628191791e-06 0.0 5.6233430183221424e-05 7.5231764077397705e-06
0.0001578687585276436 0.00030922396025172673 0.0 3.064575809127151e-06 0.0005820153294832128 1.7115045950461253e-06 0.00013462341347655765 0.0005689323841983038 0.00017416868278952058 9.473030525253492e-06 0.0007192945954960699 8.126403395090934e-06 0.0001898623935961879 0.0010209070048921424 8.975898008755782e-06 5.048229109444198e-06 3.131191336066869e-07 3.8824104876629094e-07 7.003466257659086e-08 8.549227646168277e-07 1.4309961434625294e-05 1.5282682685802645e-06 6.004218855149876e-06 4.264060659896904e-06 7.628687425567803e-07 1.706932579994616e-06 1.1154008193153181e-07 2.521998188243892e-07 4.849348077529875e-07 0.0 0.0016330943580174328 0.00010860528394163693 0.00026094509392538467 2.7882987909284126e-06 1.1169071651571643e-05 5.281634537510561e-06 3.933162136738634e-05 8.704597825424911e-06 5.702933807982e-06 4.5910281110169685e-07 1.656027395822039e-05 8.836886189754003e-06 1.9531400721837334e-06 1.1744267566254254e-06 8.021457133931125e-07 3.3763646969193876e-06 3.666402243187363e-05 8.50371232560386e-07 9.657703256148887e-07 2.8063966025950636e-06 4.461639385693184e-06 2.6494981009770916e-06 5.092960738123971e-07 6.6540662400883226e-06 1.612345489842908e-06 1.2737293563701171e-06 6.251276500841991e-05 0.0007669636711294031 4.352150237357983e-05 8.278174163017922e-06 6.171040164409283e-06 7.298621303983475e-05 8.629343179234147e-06 0.00019771522022067785 5.212225499602466e-08 1.0679793002954469e-07 1.348552129814595e-06 3.147415222335767e-06 7.901381099072816e-06 1.6811431830805606e-05 3.4405349207490615e-05 1.178073111537546e-05 0.0 0.00010547649516609917 4.169789265599394e-05 3.7889085017573435e-05 2.9089610909102604e-05 3.707575544035098e-06 0.00025142831601234514 0.0005363847794951824 9.371080167497007e-06 0.00030762542386073016 1.7443831700948104e-06 0.0 3.360936541591309e-07 1.9896758556419897e-07 3.4313710703232623e-06 0.0 2.0114935871443555e-07 0.0 2.9775544139616294e-07 8.161591136248943e-07 5.608700086407408e-05 8.513789531082925e-06 6.715196836811851e-06 3.8143835871339284e-05 1.46267917601888e-05 1.526217142778393e-07 5.704743689619743e-06 0.00018782540113080508 8.868227469937224e-07 1.602237116487999e-06 2.628714749804867e-06 4.456909268479064e-07 4.428824269051268e-06 6.989224408036593e-06 6.153229494716357e-07 5.3385798105217505e-06 1.109890098173307e-05 6.917881712490492e-06 1.500171911552304e-06 1.232760707246101e-05 6.201080261129551e-06 3.2041297045432875e-06 7.559180616195516e-06 1.1413993271216494e-07 0.0 1.5072073158184588e-07 0.0 0.0 0.0 0.0 0.0 0.0 0.0 1.0793609348901306e-06 0.0 1.0717574453052401e-06 3.2289821518633893e-07 7.502351902740179e-08 1.0212894422465392e-06 3.059109496638617e-07 5.224545437966507e-07 0.0 9.546241393136037e-06 8.100297287127958e-06 0.0 1.3550632235740372e-06 1.1390813763454296e-06 9.45986565133007e-06 6.165775510479993e-06 1.3418198515970705e-05 7.37499603932354e-06 2.169207909550517e-06 7.103474033324818e-07 1.553853198113188e-07 0.0 1.3208145506392445e-07 0.0 2.765431704536918e-07 0.0 1.237605451913552e-07 9.510311572593065e-07 0.0 9.182673027089072e-08 1.6162439904679927e-07 1.3105754163599693e-06 1.4716515884150914e-06 0.0 0.0 0.0 7.673433443453326e-07 8.837458158498334e-07 0.0 1.2315846220701732e-06 4.770776479157261e-06 2.48686243606381e-05 7.183889293459054e-07 0.0 0.0 0.0 4.4325751732938965e-08 0.0 0.0 1.4078142484201425e-07 3.6611121914799504e-07 1.0834000976459407e-05 1.2407447537555797e-06 1.6701405210252423e-07 0.0 9.700372973674943e-08 1.9951155878514905e-05 2.2118246089253344e-06 4.027508568516283e-05 2.9349246664515446e-07 4.744394853287504e-07 5.239029872823611e-07 0.0 6.592878964571657e-08 0.0 0.0 0.0 0.0 0.0 1.0942376350471001e-07 6.457916951270706e-07 5.98050861546856e-08 7.098875502645233e-06 5.849635587220699e-06 1.3282615189521006e-05 0.00012693258858335427 5.687795184091984e-06 9.076919570801571e-05 2.269609505196844e-05 7.73656609066207e-05 8.535398453106256e-06 6.549667838982334e-07 1.1793244150415543e-05 3.430834899860992e-06 0.0 2.837310518125598e-06 6.367739134865058e-07 9.454298623137914e-06 4.5840106430224594e-07 0.0 6.047568255152903e-08 2.3762998092967293e-06 2.5110841460480185e-07 1.7453529890204733e-05 9.688783870671697e-06
0.0005150137538304468 9.965775839753738e-05 3.064575809127151e-06 0.0 4.262640587696407e-05 0.0002635457429705771 0.00011335744245724977 1.3308705698256986e-07 0.0 0.0008654265278915633 3.116325591625751e-07 7.497239078083563e-06 9.786567061150197e-05 1.0414404428668156e-05 2.957042762795208e-07 1.5066221809945522e-07 0.0 0.0 0.0 0.0 5.877358017104751e-08 0.0 0.0 0.0 0.0 0.0 0.0 0.0 0.0 0.0 1.0677972025815023e-05 4.5443492043156046e-07 7.849039327875438e-07 0.0 1.8996998113715905e-07 0.0 5.538333826899556e-07 0.0 0.0 0.0 0.0 0.0 0.0 0.0 0.0 0.0 3.1789610397930424e-06 0.0 0.0 0.0 5.089324034551007e-08 0.0 0.0 0.0 1.5895927264336935e-07 0.0 3.9922445532102105e-06 2.3295191891702536e-05 2.1391809221218235e-06 2.8188442265948104e-07 0.0 2.772847474832612e-07 0.0 3.525420932882223e-06 0.0 0.0 0.0 4.2554970817918774e-08 0.0 0.0 7.153431136581619e-08 0.0 0.0 5.2574622793911345e-06 2.656464682554552e-06 1.4627232522441372e-06 9.244427357003837e-07 5.414407818947022e-08 0.0 0.0 0.0 6.011976157219157e-08 1.0709524142372084e-07 0.0 0.0 0.0 0.0 0.0 0.0 0.0 0.0 0.0 0.0 0.0 0.0 4.070828749782392e-06 0.0 0.0 0.0 0.00016576220210574234 0.0 8.92329601746539e-07 1.0124694051614694e-06 0.0 4.966697947620482e-07 2.888889993409717e-06 3.0165208898509777e-06 1.6095144376376769e-06 4.808511957184374e-06 9.05857747200761e-06 7.925951685703273e-07 1.56793993000093e-05 1.2034102544918143e-05 1.6316201873962995e-05 1.238429332229551e-06 0.0 0.0 0.0 0.0 0.0 0.0 0.0 0.0 0.0 0.0 0.0 0.0 0.0 0.0 0.0 0.0 0.0 0.0 0.0 8.335686721947527e-07 1.668329403156404e-06 0.0 0.0 0.0 1.0683896154429612e-07 7.189782883234119e-08 5.615843157665315e-08 0.0 0.0 0.0 0.0 0.0 0.0 0.0 0.0 0.0 0.0 0.0 0.0 0.0 0.0 0.0 0.0 0.0 0.0 0.0 0.0 0.0 0.0 0.0 0.0 8.296607360249147e-07 1.3003414279472305e-07 0.0 0.0 0.0 0.0 0.0 0.0 0.0 0.0 1.386703365900686e-06 0.0 0.0 0.0 0.0 3.8919249677368615e-07 4.449348950879726e-07 1.3251006118967426e-06 4.759897278584049e-08 0.0 0.0 0.0 0.0 0.0 0.0 0.0 0.0 0.0 0.0 0.0 0.0 5.968298321629193e-07 9.300033730582916e-08 5.628997879641514e-08 2.0825480067040443e-05 0.0 2.8849847219076105e-06 1.145356813006363e-06 0.0002288526597700892 3.859227397888351e-07 0.0 1.9769746076939335e-07 1.2835431004718122e-07 0.0 1.5609373701671299e-07 0.0 6.806446229688176e-06 2.2900996690942451e-07 0.0 0.0 0.0 1.87747124052478e-07 7.897158859228465e-05 1.4306124771764806e-05
5.0413759522881126e-05 0.0005045975033330795 0.0005820153294832128 4.262640587696407e-05 0.0 4.064544554664409e-06 0.0003617227765838908 0.00018392281400623415 0.0005391708780743335 0.000300033917557462 0.0006887750942369302 3.224944840396406e-05 0.00047538427924146353 0.001424985113799657 5.716128351451702e-06 9.168168410650135e-07 5.6632856008793375e-08 0.0 0.0 4.3015661290474366e-08 3.5089697111410907e-07 0.0 8.716480234084122e-08 1.179502808867353e-07 0.0 5.9538278653569096e-08 0.0 0.0 0.0 0.0 9.680209075189183e-05 2.038316176645673e-05 1.6290391172812012e-05 0.0 1.6582053432083434e-07 6.21169081951239e-08 5.410492456654e-06 5.403190616192887e-07 1.487709636248344e-07 1.2960890113960677e-07 5.694565611177973e-07 4.834115613652647e-07 9.911194932099167e-08 1.5784444992590247e-07 1.2355210701847335e-07 2.329552739521142e-07 3.992087708683403e-05 7.187635117359761e-07 0.0 1.3589755629980926e-07 2.0355043838725067e-07 7.340282443025975e-08 0.0 6.864533103143376e-08 6.498691434793768e-07 5.986236165865826e-07 2.8723160508330594e-05 0.00012992287004885784 2.3097132922888184e-05 7.554696552652365e-06 3.012476631901001e-07 2.9556282392192225e-06 2.7050350009896154e-07 7.386680311371626e-05 3.0561070713518134e-07 1.396369675247311e-07 4.6009760582695414e-08 4.632972776821691e-07 3.101180406537486e-07 3.716521641745388e-07 5.227055865119069e-06 7.407197797505137e-07 0.0 8.245543169892668e-05 4.354675440748359e-05 4.2782655505779666e-05 1.9636642568909756e-05 4.4671958469488766e-07 2.659063371365322e-06 7.042363947116698e-05 2.602575468912794e-07 9.17155497618438e-06 2.847768386679135e-06 0.0 5.391858614310926e-08 1.444997677186292e-07 8.956866680985072e-08 0.0 0.0 0.0 0.0 0.0 1.6136503645259124e-06 1.4578148163391133e-07 1.5541304982895344e-07 1.2806991425381472e-05 2.1844261676909226e-06 0.0 7.644030538680491e-07 2.2498759868066178e-05 0.0 0.0 2.4310914235863994e-06 3.04130174060696e-07 1.7835182015072296e-06 3.6277184094779157e-06 7.803908680492013e-07 2.0273115003636485e-06 5.5474913463369256e-06 6.275655792723355e-06 4.0670350929117576e-07 5.424656982860906e-06 5.779212625767683e-06 1.6951940939710428e-06 3.874032877155668e-06 0.0 0.0 0.0 0.0 0.0 0.0 0.0 0.0 0.0 0.0 0.0 0.0 9.621678346282688e-08 0.0 5.89401961654741e-08 1.725463041966337e-07 0.0 0.0 0.0 3.0280776586402124e-06 1.5832806353023807e-06 0.0 5.8379427762230215e-08 0.0 2.3876614894615842e-06 5.00152913002622e-07 1.7516803976229322e-06 5.395170010005307e-07 2.1912662692856182e-07 0.0 0.0 0.0 0.0 0.0 0.0 0.0 7.30946577913101e-08 2.1027095318881966e-07 0.0 0.0 0.0 0.0 0.0 0.0 0.0 0.0 2.425570764981074e-07 2.3255331537733704e-07 0.0 0.0 0.0 4.164918232892699e-06 3.492677670534585e-07 0.0 0.0 0.0 0.0 0.0 0.0 0.0 0.0 2.3979327002247115e-06 0.0 0.0 0.0 0.0 5.7158038517100525e-06 7.444375372738894e-07 5.501922824152349e-06 1.8347919127216654e-07 0.0 0.0 0.0 0.0 0.0 0.0 0.0 0.0 0.0 0.0 0.0 5.540957694636232e-08 3.4901331487399885e-06 1.1855726817019072e-06 1.4511733111199257e-06 8.569279538185354e-05 2.2237942570587362e-06 7.102800897193848e-05 1.2701011561450303e-05 4.714070710413221e-05 6.795087502499368e-06 2.338887769512481e-07 5.3769654281604855e-06 1.425199707036111e-06 5.5263605574390254e-08 1.0981812078716111e-06 0.0 2.9576928019357517e-06 0.0 1.2152421624555484e-07 0.0 3.5987848269537616e-07 1.0881316581489429e-07 2.1050538213760316e-05 4.771821461370327e-06
5.323944340113494e-05 1.875788602013166e-05 1.7115045950461253e-06 0.0002635457429705771 4.064544554664409e-06 0.0 1.5616037249371425e-05 3.0105856351565375e-07 0.0 0.0003222054255407852 3.7612206129563776e-07 1.534189261186713e-05 9.61984352597597e-06 3.840841832684894e-06 0.0 0.0 0.0 0.0 0.0 0.0 0.0 6.446979888092956e-07 0.0 0.0 0.0 0.0 0.0 0.0 0.0 0.0 1.873572455959691e-06 0.0 2.188680080824322e-05 0.0 0.0 1.0043746862645021e-07 1.756165843298658e-05 2.6223458182530336e-07 1.54480416123063e-06 0.0 0.0 0.0 0.0 0.0 0.0 0.0 7.130506519576979e-07 0.0 0.0 0.0 3.0260991122717045e-07 5.305484951819453e-06 1.088651976022367e-06 0.0 0.0 6.418981001115953e-08 1.2452060684624306e-05 4.12244932210588e-06 2.798800858019824e-07 0.0 5.802502171202253e-07 9.8894449530501e-07 0.0 0.0 0.0 5.043734627487049e-08 0.0 4.8666617779543376e-08 1.8573771995798252e-07 0.0 1.604433596856788e-05 3.657849394519847e-05 1.1004405534309777e-06 1.4047296552644495e-07 0.0 6.522756267488861e-08 9.427897593245105e-08 0.0 5.846228582374464e-07 5.266478309340289e-07 0.0 6.138878642710427e-07 0.0 4.873323447282126e-08 0.0 0.0 0.0 5.792625077901482e-08 5.193306795542321e-08 1.5373055154001897e-06 1.3148262559520312e-07 1.5264768736209442e-06 0.0 5.975032068034957e-08 3.781678970768177e-07 3.80724739770806e-05 6.196808539279096e-05 3.7698108027922535e-06 7.382257686984986e-06 7.208279497810024e-05 0.0 2.044121447537697e-06 7.709404928915673e-07 9.867157147950119e-08 1.1050176313511762e-06 1.380414867999563e-06 4.333232725845855e-06 1.0541688953250831e-06 2.3624509981645757e-06 1.075237716282819e-05 0.0 2.2306883815154485e-06 2.777743871681461e-06 5.982373620781875e-07 1.3127232958103277e-06 1.0300467941153107e-07 0.0 0.0 0.0 0.0 0.0 0.0 0.0 0.0 0.0 0.0 0.0 0.0 0.0 0.0 0.0 0.0 0.0 0.0 3.2847718196359027e-07 1.2826017476236408e-06 0.0 2.2149376921842115e-07 1.4532031501581033e-07 0.0 0.0 1.0527473169320718e-07 0.0 0.0 0.0 0.0 0.0 0.0 0.0 0.0 0.0 0.0 0.0 0.0 0.0 0.0 0.0 0.0 0.0 0.0 0.0 0.0 6.77547466560019e-08 0.0 0.0 0.0 4.1336322161709e-07 1.4696633269301349e-07 0.0 0.0 0.0 0.0 0.0 0.0 0.0 0.0 6.187772630908665e-07 0.0 0.0 5.3503444015524726e-08 0.0 1.5274065062994067e-06 0.0 3.6003471959057466e-07 0.0 7.441634172255889e-08 0.0 4.2645863071057904e-07 0.0 0.0 0.0 0.0 0.0 0.0 0.0 0.0 0.0 6.745356406749241e-07 4.3844576517992727e-07 6.551224791232704e-07 5.543489303713102e-07 4.127115312562143e-07 4.2207592064398057e-07 6.245033675782605e-08 3.302811718025649e-05 2.513794558697954e-06 0.0 0.0 0.0 0.0 5.213394546124107e-07 0.0 7.707546484800603e-06 0.0 0.0 0.0 0.0 0.0 3.521271019983045e-05 1.41426629139534e-05
0.00018587340351962196 0.0002867248576702597 0.00013462341347655765 0.00011335744245724977 0.0003617227765838908 1.5616037249371425e-05 0.0 3.754426714952817e-05 0.0006397988529441178 0.0006147312249287979 0.00027423145697880614 0.0001931153479289388 0.0015660187204761724 0.0012307098731379796 7.015176485099788e-06 1.2298295321166123e-06 9.793587856047893e-08 0.0 0.0 5.785385918288359e-08 6.348317638582208e-07 1.8841778160562995e-07 1.894538131561032e-07 2.3565973696688626e-07 0.0 0.0 0.0 0.0 2.0950742978108446e-07 0.0 6.44285841156678e-05 1.7792413757259887e-05 6.378652082799838e-05 0.0 3.750809712447832e-07 6.20774405345491e-08 3.817662903286642e-05 1.3677321635179307e-06 5.840746836654629e-07 3.917368613092035e-07 5.07704734243375e-07 8.78537185467514e-07 1.0678695684046179e-07 5.129504734000809e-07 3.9599745096417726e-08 9.223617175685379e-08 4.0560255062149845e-05 3.0693997444869445e-07 5.264985920678554e-08 1.2432053166751076e-07 2.1215105537373975e-07 6.954245039526855e-08 1.5366802445646217e-07 0.0 7.390251777544486e-07 1.0958583471174737e-06 2.946955499069114e-05 0.00012337842979652934 2.3861949557213794e-05 7.861119336935986e-06 8.09883213923339e-07 6.217675392401397e-06 3.648762068109316e-07 6.615973441476064e-05 6.2694389743842e-08 9.366626834998922e-08 5.4372025224790014e-08 2.725922413989202e-07 2.7865774592571893e-07 3.400571508353163e-07 2.192963688840185e-05 4.172448212594673e-07 0.0 9.061359343401556e-05 4.383369151193851e-05 4.459549592504717e-05 2.0334374740642203e-05 6.325488774883575e-07 1.3920754146761548e-06 1.0084572014169752e-05 3.704736209518362e-07 9.984448168198636e-06 1.7911865342524486e-06 0.0 2.600592956120843e-07 1.2339063252227547e-07 2.516656708886099e-07 0.0 0.0 0.0 0.0 5.949818632498518e-08 1.990184868334941e-06 7.09504070942046e-07 5.078724292098172e-07 6.710629844877424e-05 6.383627465205375e-06 0.0 1.1920687047995917e-06 4.866459579909085e-05 2.7201555488221376e-07 1.0671478103873373e-06 6.793359509158816e-06 4.786080565808456e-07 5.739770428058791e-06 1.1656114954112262e-05 5.5357687609535835e-06 6.153199126240836e-06 1.744348862279357e-05 2.1738035401105852e-05 3.143757262577262e-06 1.817966761215641e-05 1.5967420085515688e-05 5.1507633046371845e-06 8.587433503574545e-06 2.1352225407340202e-07 0.0 0.0 0.0 0.0 0.0 0.0 0.0 0.0 0.0 0.0 0.0 0.0 0.0 0.0 0.0 0.0 5.836240883521312e-08 0.0 5.403045736897855e-06 4.625532574580718e-06 0.0 8.849231359463642e-08 0.0 4.323925072039223e-06 7.639986403043129e-07 4.289472215663302e-06 1.1280618395172502e-06 1.8693793435546227e-07 1.1566086389677714e-07 0.0 0.0 0.0 0.0 0.0 0.0 8.048794003867717e-08 3.990667200962623e-07 0.0 0.0 0.0 1.2082676786093572e-07 0.0 0.0 7.521740199884083e-08 0.0 2.207007903114877e-07 2.8248499945130466e-07 0.0 0.0 9.055698595569065e-07 1.324518893526332e-05 4.937340123783687e-07 0.0 0.0 0.0 0.0 0.0 0.0 0.0 0.0 9.937455368006853e-06 2.8382459781266057e-07 0.0 0.0 5.5217419456486836e-08 1.2358374933621724e-05 6.237972437344383e-07 1.4402875768688026e-05 1.2664990120020463e-07 2.6167593641962883e-07 5.702195428553707e-07 0.0 0.0 0.0 0.0 0.0 0.0 0.0 0.0 7.218699770086031e-08 0.0 1.248229796675668e-05 3.1514530370318036e-06 2.409899474011609e-06 9.890598726657329e-05 2.7018069132924484e-06 7.769496537618038e-05 1.5398697889351358e-05 0.0001092361916677429 6.105949591865624e-06 5.717692786613255e-07 6.480685990994617e-06 1.64156199455549e-06 4.84766400752381e-08 1.6432492010065241e-06 9.93713044890766e-08 1.1753395477301656e-05 0.0 0.0 6.357983262104512e-08 1.13042933127173e-06 2.5585272881912814e-07 6.683668603540612e-05 2.1418385184363433e-05
9.551503526551748e-06 3.5899446002054905e-05 0.0005689323841983038 1.3308705698256986e-07 0.00018392281400623415 3.0105856351565375e-07 3.754426714952817e-05 0.0 8.599622073382616e-05 9.579677940871e-07 0.0005579364670678909 7.565624857373062e-06 7.722937800005224e-05 0.0005879997152295453 1.0112034062333392e-05 4.181699030349093e-06 9.780453140921217e-07 5.066505392692525e-07 4.856702604150832e-07 2.0354534712456117e-06 3.0653094244790045e-05 1.5301408660124598e-06 1.223293800227765e-05 7.85035004735422e-06 3.3930543496344534e-07 2.4101507652835763e-06 9.395940801025848e-08 9.423804750976268e-07 3.8576847300043454e-07 0.0 0.00019809934543677153 0.00015583425459108653 0.00019559440862675954 8.424531972967302e-06 2.235208102244319e-05 8.211587781427547e-06 4.253691696453307e-05 9.58924833091592e-06 6.227647500764165e-06 1.2950053652910548e-07 2.365985323019157e-05 1.3914033863480289e-05 4.125377599736835e-06 4.889416747358968e-06 2.1934312550291485e-06 1.6738736231032727e-05 3.707406472614882e-05 7.535287414312151e-07 1.743193885203336e-06 4.270584290699606e-06 7.125066866870681e-06 4.706876471419245e-06 0.0 8.152682387569966e-06 2.0323672399745108e-07 3.679471883196569e-07 1.4182612800757992e-05 8.78253043822293e-05 1.0245695486261253e-05 5.006391462811188e-06 3.419523889445121e-05 9.278546335318193e-05 2.2200133137109933e-05 9.096496662712042e-05 3.6554664594869574e-07 1.629037234977389e-07 1.5398460489298055e-06 4.323792349744675e-06 1.599791301412286e-05 3.417230431770489e-05 2.4310971513115296e-05 7.933378258824047e-06 6.098155923634268e-07 4.050562613674593e-05 3.0509685164888535e-05 3.3424093361930204e-05 3.3719576252372656e-05 1.1723890956953801e-05 0.00044718407818122906 0.0007324746076764464 5.090556614614312e-05 0.0008108478200010184 1.148690203130294e-06 0.0 4.7412061633579875e-08 3.041975508395234e-07 5.432983340013246e-06 5.8380685834863923e-08 8.529443012461671e-07 1.8619159150213109e-07 1.2471478847888343e-06 8.297673576806216e-07 8.649944931990004e-05 1.3294019683470177e-05 7.956234734596005e-06 1.2365577679021398e-05 6.107033639854948e-06 2.471057342080458e-07 2.8011619633083655e-06 6.6806194836648816e-06 3.627831015715248e-07 0.0 1.2802359900873407e-06 0.0 3.3494105868449854e-06 2.231097993365414e-06 6.482916077628635e-07 1.496701264830373e-06 3.5958625295361254e-06 1.538542576473591e-06 3.556384415600863e-07 5.174817421873352e-06 3.0499141607610052e-06 1.4295226586526082e-06 2.40672367495828e-06 0.0 0.0 0.0 0.0 0.0 0.0 0.0 0.0 0.0 1.945303546484988e-07 1.1337071215745443e-06 0.0 7.996326390460511e-07 1.734375962379221e-07 0.0 9.733227584187278e-07 3.6896614415511226e-07 7.817381983152852e-07 0.0 4.146550643275658e-06 1.97377923425355e-06 0.0 9.379530728743774e-07 7.241747049172456e-07 5.696987947036328e-06 1.595643457343662e-06 5.9990062758173475e-06 2.8529633049434087e-06 1.3906557364970174e-06 1.2044866723579832e-06 1.4803589100551346e-07 5.331990519685169e-08 0.0 0.0 0.0 0.0 7.949172998170694e-08 4.165496050801115e-07 0.0 0.0 3.038408348281744e-07 6.965977396814646e-07 1.3467370629955457e-06 0.0 0.0 0.0 1.3405110318953317e-07 2.472942572658683e-07 1.1035939823802883e-07 4.2187096401238024e-07 2.5762465554127274e-06 1.4126215676108939e-05 4.1453561863078003e-07 0.0 0.0 0.0 4.710552000511545e-08 1.2276564999501953e-07 0.0 0.0 9.755504293785556e-07 5.211673148928268e-06 1.0347556726171206e-06 0.0 5.1844286468591745e-08 3.0590775206258437e-07 6.175801860120171e-06 1.7661165277328703e-06 1.234653609009577e-05 0.0 1.3918785306772874e-07 2.889138336073949e-07 0.0 1.4617661254366595e-07 6.806550806975853e-08 0.0 0.0 0.0 0.0 0.0 3.2827068331935207e-07 1.6190148080775776e-07 2.389935800843322e-06 3.4095629971493445e-06 6.04179221653955e-06 0.00010751239452799065 5.887985437155531e-06 7.424763559334222e-05 2.1241208434630743e-05 1.8715409429859807e-05 9.108544076333775e-06 4.2587506410915696e-07 8.438250612896634e-06 3.3040841868543956e-06 0.0 1.8661578432655513e-06 7.177919170932106e-07 1.8566638199768199e-06 6.167863893578719e-07 0.0 0.0 2.2420503019372294e-06 0.0 7.016980714147297e-06 3.2799845256415656e-06
2.506533417760204e-07 4.5543677678840366e-05 0.00017416868278952058 0.0 0.0005391708780743335 0.0 0.0006397988529441178 8.599622073382616e-05 0.0 1.6481960269106e-05 0.00030602505999255224 1.5614945076329674e-05 0.0007997751753205898 0.0010045046620729154 4.990290391514849e-07 1.3774178594143763e-07 0.0 0.0 0.0 0.0 1.3215205128556795e-07 0.0 0.0 0.0 0.0 0.0 0.0 0.0 0.0 0.0 1.8966569224500432e-06 7.066528983112911e-07 3.6034397245293085e-05 0.0 1.3202871211607937e-07 0.0 1.6078797867340855e-05 6.243128307305629e-07 0.0 7.821525803573195e-08 6.327379771628042e-08 1.0386842490411052e-07 0.0 0.0 0.0 0.0 1.9484269171086307e-06 0.0 0.0 0.0 0.0 0.0 0.0 0.0 0.0 0.0 4.3856603779737126e-07 2.2614170895337465e-06 3.644295604478113e-07 1.9928830235133136e-07 0.0 1.2940870596346038e-07 5.736384426036247e-08 1.7883503012342187e-06 0.0 0.0 4.613609204299683e-08 0.0 0.0 4.2328356116464543e-08 3.585656445873331e-06 0.0 0.0 1.5683822421290949e-06 9.830171647208385e-07 1.8615008253134191e-06 8.100787830615716e-07 1.1913185134671273e-07 6.301131483984224e-08 3.5239450433188814e-05 0.0 2.094803178789973e-06 7.40733858806411e-08 0.0 0.0 0.0 0.0 0.0 0.0 0.0 0.0 0.0 5.670775938188426e-08 0.0 0.0 2.127535297584525e-06 6.261455105664844e-07 0.0 2.957622087769799e-07 5.705808499581713e-07 0.0 4.086133945983757e-07 0.0 8.863808402445174e-08 1.229404128834109e-07 5.952609675373016e-07 0.0 2.0843095206909913e-07 8.73616535774004e-07 5.985354466628365e-07 0.0 4.188404068236282e-07 4.2127639801202875e-07 1.1789733262842566e-07 3.1215425305294223e-07 0.0 0.0 0.0 0.0 0.0 0.0 0.0 0.0 0.0 0.0 0.0 0.0 0.0 0.0 0.0 0.0 0.0 0.0 0.0 2.0362276882707336e-07 2.6115580201513066e-07 0.0 0.0 0.0 6.483877454799559e-08 2.3182899316340351e-07 4.4410509134665666e-07 0.0 0.0 0.0 0.0 0.0 0.0 0.0 0.0 0.0 0.0 0.0 0.0 0.0 0.0 0.0 0.0 0.0 0.0 0.0 0.0 0.0 0.0 0.0 0.0 8.675415782292216e-07 5.496354651463562e-08 0.0 0.0 0.0 0.0 0.0 0.0 0.0 0.0 2.5607703705408724e-07 0.0 0.0 0.0 0.0 5.813004413025976e-07 0.0 4.958055862288465e-07 6.242147971679045e-08 0.0 0.0 0.0 0.0 0.0 0.0 0.0 0.0 0.0 0.0 0.0 0.0 3.040457434083894e-07 5.358643399993339e-07 5.367035399706327e-07 4.351285928353703e-06 2.7158961866616426e-07 2.1104523093341923e-06 5.712786041243332e-07 1.7971067095485148e-06 4.941234208049631e-07 0.0 0.0 0.0 0.0 2.1258517343021604e-07 7.056016563132118e-08 5.990505749866468e-07 7.313182772200528e-08 0.0 0.0 0.0 0.0 1.1700709029149105e-06 6.879847603840263e-07
0.0004343895561602298 0.00018540764214942764 9.473030525253492e-06 0.0008654265278915633 0.000300033917557462 0.0003222054255407852 0.0006147312249287979 9.579677940871e-07 1.6481960269106e-05 0.0 8.493348152883374e-06 0.0004270413514503605 0.002024084426611868 0.00036564466919341133 5.811547757121685e-07 2.6793565590925616e-07 0.0 0.0 5.3637900528252165e-08 0.0 0.0 4.775096193857711e-07 0.0 0.0 0.0 0.0 0.0 1.3251520181424145e-07 0.0 0.0 1.155974511388228e-05 1.9937334194573913e-06 9.719053884097253e-05 0.0 1.1342899062488783e-07 6.097522475326581e-08 0.00018028083054705125 8.51214599897284e-07 9.384578701503446e-07 0.0 1.88878445868339e-07 0.0 0.0 0.0 0.0 0.0 7.127021986004691e-06 0.0 8.139989417565105e-08 4.9085892326265013e-08 0.0 2.96951428143838e-07 0.0 8.869831425179048e-08 1.3204808119266918e-07 0.0 1.2857795853661997e-05 3.263090360988629e-05 3.376534030001239e-06 9.131944218584111e-07 1.4079082107199724e-07 3.5866794554983836e-06 0.0 9.825172826647585e-06 4.438624405874304e-08 0.0 0.0 0.0 0.0 9.882622704729205e-08 8.67532384513986e-05 5.40946079777959e-06 1.5073326862510541e-07 1.1746980835777467e-05 6.229586553262252e-06 5.57786433868635e-06 2.856653170821763e-06 2.3298680002918874e-07 1.1900940768031407e-07 2.5130245920362786e-06 0.0 2.5029886321190393e-06 2.446928251578276e-07 0.0 0.0 0.0 0.0 0.0 0.0 1.0831289847407e-07 0.0 2.9340135685028906e-07 2.7435034548483266e-07 2.1083247730930536e-07 7.847422879273439e-08 0.00019965232872570993 1.376250768147287e-05 1.4660534447667917e-06 2.7073127764394043e-06 0.00023526068244310525 1.2707468986180656e-06 2.5773598666957105e-06 1.692673407847716e-05 1.7590383096824e-06 1.2105708212591153e-05 3.097495942071672e-05 1.7220695142231915e-05 2.0475146550838847e-05 5.044532940971414e-05 8.258876963874446e-05 6.1627151352225035e-06 5.483890442309758e-05 4.055188479913625e-05 2.5212735287966e-05 2.4169914832464965e-05 0.0 0.0 0.0 0.0 0.0 0.0 0.0 0.0 0.0 0.0 0.0 0.0 0.0 0.0 0.0 0.0 0.0 0.0 0.0 1.161743100726364e-05 7.903318421721028e-06 0.0 0.0 0.0 8.406889474386356e-06 9.587610263558831e-07 5.493726791093598e-06 1.4982482486024418e-06 4.1827802214651466e-07 0.0 0.0 0.0 6.364572417523552e-08 0.0 6.280592137746629e-08 0.0 0.0 2.3190818621471068e-07 0.0 0.0 0.0 0.0 0.0 0.0 0.0 0.0 1.9627644151977474e-07 3.0672881918838844e-07 0.0 5.070284328366023e-08 1.3306550375210213e-07 1.650569900762711e-05 7.456226679046876e-07 0.0 0.0 0.0 0.0 0.0 0.0 0.0 1.2655662035638457e-07 2.1640790208789587e-05 0.0 0.0 0.0 0.0 2.7414373173568512e-05 2.4851556185319373e-07 1.4357005116865817e-05 3.2965977897589037e-07 1.5038668271944244e-07 3.519796649280311e-07 0.0 0.0 0.0 0.0 0.0 0.0 0.0 0.0 6.842165620109927e-08 0.0 2.6527654816025237e-05 2.3591014933533324e-06 4.545376438094257e-06 3.6075857937544916e-05 5.6668226196693115e-08 1.0125623330460231e-05 3.5272173295539235e-06 0.0002870279546543542 1.8237914173469935e-06 0.0 1.022295393629805e-06 2.1466991772857796e-06 1.0520777427192436e-07 2.004949093303812e-06 4.4936536386326657e-07 5.2330551578947185e-05 4.705741707376873e-07 0.0 0.0 2.268995238565345e-07 0.0 0.0003705028824195405 0.00010564856606736269
1.1577398463339692e-05 0.0003510929505500162 0.0007192945954960699 3.116325591625751e-07 0.0006887750942369302 3.7612206129563776e-07 0.00027423145697880614 0.0005579364670678909 0.00030602505999255224 8.493348152883374e-06 0.0 3.0407688057502445e-05 0.0003530407898379972 0.0014400278023868564 3.175281129288064e-06 1.846246135486329e-06 1.2404654703675127e-07 1.3919972612820933e-07 0.0 1.4459523271632724e-07 2.263255426328212e-06 7.11136271661817e-07 9.27596269489081e-07 4.6946297808396555e-07 7.963895942631275e-08 4.132932850099176e-07 0.0 5.05528460792603e-07 4.6539272870284084e-07 0.0 7.980287937545359e-05 2.4468045022246893e-05 0.0003558995140846824 1.7837229440917492e-07 2.3059725137835687e-06 1.5828839623799883e-06 9.53918175917725e-05 1.701452487679266e-05 6.30967024573289e-06 1.3417498402918356e-07 2.587455209388584e-06 3.073227849832543e-06 2.7745378352018453e-07 3.315601981601832e-07 5.4806663109889254e-08 2.1120809935662203e-07 1.0548460205946984e-05 0.0 0.0 8.735322055927761e-08 4.2686422808571686e-07 6.143971390624598e-07 5.164650347198818e-07 1.3797401217103517e-06 0.0 1.2078145977289123e-07 4.948118281030197e-06 2.6318489962043293e-05 3.852905482432895e-06 2.0099862719750184e-06 1.5440857930201674e-07 3.6376699911625414e-05 1.4414204655966558e-06 2.281759384903117e-05 1.0808316480087806e-07 4.695855265897503e-08 1.0587894728539151e-07 0.0 4.3495121507795623e-07 1.8769956584910842e-06 5.430885302517552e-05 1.0199175053028658e-06 8.242363330809913e-08 1.5863299220474672e-05 9.550028742170268e-06 1.1115725807363334e-05 7.194427399089454e-06 1.20796143402582e-06 3.01695478031862e-05 0.0004810232216872874 1.8195551679028363e-07 0.00010037173818418648 6.732074130186571e-07 0.0 0.0 0.0 3.334878013236412e-07 0.0 0.0 0.0 2.8368887012237614e-07 0.0 6.45637911473508e-06 2.16063165898469e-06 2.0797264407159355e-06 1.2772281668826423e-05 1.2145995232283428e-06 0.0 3.37844821372327e-06 3.990077191107261e-06 0.0 0.0 1.0364336925169442e-06 0.0 8.428439175261434e-07 2.0423826207939115e-06 4.242423610339939e-07 6.145892572375656e-07 1.7316982508811462e-06 2.249766384654529e-06 3.397131946509224e-07 3.587404031074167e-06 2.2752558885045243e-06 7.415196212689315e-07 2.3719509186687774e-06 0.0 0.0 0.0 0.0 0.0 0.0 0.0 0.0 0.0 0.0 1.6836618313883194e-07 0.0 8.875447321630063e-08 0.0 0.0 0.0 7.548342320456129e-08 7.072613511619986e-08 0.0 2.3385715520823368e-06 5.627187041344373e-07 0.0 0.0 8.546451717638615e-08 1.1550674344668638e-06 4.5873683427790526e-07 1.9818638492546783e-06 1.2442717167010997e-06 1.0409769990498814e-07 2.0582994368691068e-07 7.635526753972029e-08 0.0 0.0 0.0 0.0 0.0 8.523139806468337e-08 1.3420775070566074e-07 0.0 0.0 0.0 2.92041179391095e-07 2.512286391708604e-07 0.0 0.0 0.0 0.0 0.0 0.0 0.0 0.0 3.4919479796704194e-06 4.4525530172525434e-07 0.0 0.0 0.0 0.0 0.0 0.0 0.0 0.0 3.287893879767218e-06 2.9442244005162155e-07 9.444040237726362e-08 0.0 0.0 3.0615322081714397e-06 2.430734366847046e-07 3.5165909229505465e-06 2.470355879221011e-07 1.631228683929305e-07 0.0 0.0 0.0 0.0 0.0 0.0 0.0 0.0 0.0 0.0 6.079561741157312e-08 1.7008415820237533e-06 9.759084864603858e-07 2.0498758368178112e-06 3.2517824070776956e-05 6.681702256108344e-07 2.201240390127772e-05 4.578883105905321e-06 8.003693222604418e-06 1.6585814282962824e-06 7.340631907646448e-08 2.5328629122452013e-06 7.763639348077839e-07 8.561114379452158e-08 6.196881906755176e-07 1.9188309025548285e-07 1.2381069118023933e-06 2.2467433409551168e-07 0.0 0.0 3.627004619253982e-07 1.6601549189598137e-07 4.27068754875834e-06 1.337636126248539e-06
3.239196081006913e-06 3.414836177578542e-05 8.126403395090934e-06 7.497239078083563e-06 3.224944840396406e-05 1.534189261186713e-05 0.0001931153479289388 7.565624857373062e-06 1.5614945076329674e-05 0.0004270413514503605 3.0407688057502445e-05 0.0 0.00048618427779086466 0.00014329831624697117 9.821020916121274e-07 4.523519802443017e-07 0.0 0.0 0.0 0.0 2.449617425515902e-07 0.0 0.0 0.0 0.0 0.0 0.0 0.0 1.7711536190379225e-07 0.0 3.5989512944257246e-06 1.7828392572742647e-06 8.786571897834958e-05 0.0 7.502743303115106e-08 0.0 0.00018103406053554674 6.445920713247994e-06 7.4416781436417616e-06 0.0 4.871565116044211e-07 0.0 0.0 0.0 0.0 5.908630295498659e-08 1.8521070940024567e-06 0.0 0.0 7.009411961345682e-08 0.0 3.5676346864447106e-07 0.0 2.3036137280664468e-07 0.0 2.569821984725007e-07 1.3694367689387562e-06 2.3322600288310324e-06 5.38316463348277e-07 1.690293490441825e-07 0.0 1.088631334020897e-05 5.257651095125577e-08 4.460832428201431e-06 0.0 0.0 0.0 0.0 0.0 3.705506691640352e-07 0.0001151941128733557 2.0625931688750246e-06 0.0 1.8865705478929932e-06 9.416455553690771e-07 1.740749113716346e-06 1.8340840153448937e-06 1.2305659239648754e-07 3.3072983964378225e-07 1.3568661211613407e-05 0.0 5.867874932058641e-06 6.426320631807461e-08 0.0 0.0 0.0 0.0 0.0 0.0 0.0 0.0 0.0 9.505979390742277e-07 2.852149646467559e-07 0.0 0.00027826558009221974 1.0113826558106268e-05 0.0 4.621444598606719e-06 1.440030617717522e-05 6.441681873397338e-07 2.519585720392757e-06 1.1119674377531919e-05 1.8633377904592495e-06 1.012818684565695e-05 2.6674444367671676e-05 5.767727165234257e-06 1.5433347948612606e-05 3.730688736954085e-05 5.2526110997695286e-05 4.476076328308365e-06 4.2837962667750694e-05 2.6402354787446227e-05 1.1767707529998097e-05 1.9691031757215718e-05 7.188986540730212e-08 0.0 0.0 0.0 0.0 0.0 0.0 0.0 0.0 0.0 0.0 5.968954878284911e-08 0.0 0.0 0.0 0.0 0.0 0.0 0.0 1.0509317796462767e-05 7.901558753780943e-06 0.0 0.0 0.0 9.930984969402465e-06 1.39194424313086e-06 4.856825327388927e-06 1.576197817423843e-06 1.8064554429212843e-07 0.0 0.0 0.0 6.866803312684131e-08 0.0 0.0 0.0 6.583056824582458e-08 8.15642609284141e-07 0.0 0.0 0.0 0.0 1.1170992173708226e-07 0.0 0.0 4.211396394011139e-08 4.738676782118073e-07 3.72554735186453e-07 7.569105935613911e-07 0.0 8.69710914807277e-07 1.4904944643313938e-05 8.943508614282837e-07 0.0 0.0 0.0 0.0 0.0 0.0 0.0 0.0 2.0767302044475612e-05 1.3342795098322687e-07 0.0 0.0 0.0 2.8540466470142015e-05 0.0 1.7294107292999234e-05 1.8351837936104498e-07 5.679070044124605e-08 1.4692084987265877e-07 0.0 1.2099936843698795e-07 5.678700834753073e-07 0.0 0.0 0.0 0.0 0.0 0.0 0.0 2.615406465648308e-05 4.2305054907648265e-06 4.05782878821337e-06 1.3347963715005966e-05 0.0 5.9919705133499555e-06 7.088180107357468e-07 6.080608009400179e-05 1.616552829826337e-07 0.0 8.505195933967004e-07 6.793418625467677e-07 0.0 1.2988088770639875e-06 5.209353686717565e-07 2.088389839458324e-05 2.3530924142578168e-07 0.0 0.0 1.5803524450375809e-07 3.591175671673712e-07 0.00016103953243698906 5.265627659597531e-05
