0.0 0.0011888476563426302 0.0002864339961492141 0.00032402893970972434 0.0001344695344271013 0.00011406895182553421 0.0002494176262541168 0.0001330596349521034 0.00026836818626456394 0.0003970998689129875 0.00027080944964083563 4.8642738892101414e-05 0.00022543204430311025 0.00021703868486709329 4.197244413702994e-06 4.979693133561136e-07 2.714508028387077e-07 9.713111261198868e-08 0.0 0.0 0.0 0.0 0.0 4.304833002006611e-08 4.355359926271991e-08 4.5165970486777784e-08 0.0 0.0 0.0 5.0780912361729975e-08 0.0002662355060395796 2.5741200506907504e-06 4.033477648037511e-06 4.4398264466304776e-08 3.7809891489358125e-08 3.5269957448392224e-08 2.7706648092914028e-06 1.9711772657215574e-07 5.005095252731516e-07 0.0 5.7728129502439606e-08 7.590799978716367e-08 0.0 1.1314902275763013e-07 0.0 3.6416761363848417e-08 8.623804332308518e-06 5.277986665037596e-07 6.711577607274043e-08 1.577532527150916e-07 0.0 4.1481343139621125e-07 1.2687351864894858e-07 0.0 3.6215857994171447e-06 4.521485544445636e-07 7.46318850645652e-05 0.0001809337786296682 1.592766932616404e-05 1.5043139665369232e-05 3.1844368048808706e-07 5.779725101922155e-07 4.5823803059529245e-08 1.975684045002728e-05 7.789013476795042e-07 4.692201800215651e-07 0.0 1.4968765307333883e-07 1.9020413243614942e-07 4.168734609721452e-08 1.7310006479652805e-05 1.8620409919967823e-06 6.081318458585805e-08 0.00010735016450814195 1.991675641845459e-05 2.9134910739615836e-05 3.6907187122402446e-06 6.412358842144157e-07 4.267272399698006e-07 6.938017531940546e-06 1.4812757875045843e-07 4.881392943237096e-07 3.564341333512216e-06 6.288834435779831e-08 3.4340481345451863e-07 4.3904886758427975e-07 2.5900083082323145e-07 2.2767897094902647e-07 1.317475024170031e-07 2.7526476120302697e-07 5.5023621016222016e-08 1.3061265653924897e-07 9.053268614120376e-08 0.0 0.0 0.00015093622836329874 4.093809410767652e-06 1.2982144032976897e-07 5.244132929528513e-07 0.0004639170048584903 0.0 1.529977659195976e-07 0.0 0.0 0.0 2.099972731394113e-07 6.301347351408907e-07 0.0 0.0 7.91940267101721e-07 0.0 6.708945964762735e-07 5.157285666896243e-07 1.0297491696642445e-06 2.2526704411112773e-07 7.653098857381717e-08 1.2307572705205e-07 0.0 0.0 0.0 0.0 0.0 0.0 0.0 0.0 0.0 0.0 0.0 0.0 0.0 0.0 3.506153353454969e-07 0.0 3.5243657883175605e-07 0.0 0.0 0.0 0.0 2.7988175019318776e-07 1.0625694871840323e-06 0.0 2.66624004925429e-07 1.1411081147665142e-06 3.6052393710660173e-07 0.0 0.0 0.0 0.0 9.9265762840946e-08 0.0 0.0 0.0 0.0 0.0 0.0 3.866563426938344e-08 7.033632789991529e-07 0.0 0.0 0.0 0.0 0.0 0.0 0.0 5.94261146564788e-07 1.1778496039813397e-07 4.226097503910474e-07 0.0 0.0 0.0 0.0 0.0 0.0 0.0 0.0 0.0 2.5066275214975214e-06 9.047416106937139e-07 0.0 0.0 0.0 5.0519493422106765e-08 0.0 1.0837550211728827e-07 1.149378733871898e-07 8.215379215606276e-08 1.4516571955519881e-07 0.0 0.0 0.0 0.0 0.0 0.0 0.0 0.0 0.0 0.0 4.91399446301117e-06 8.319371182100263e-07 1.7417469480460725e-06 0.00018594114617182818 1.619105597494101e-07 5.7611788329911544e-05 1.2439145776381706e-06 0.0002713550732455808 9.307549301486698e-06 2.3742364768311514e-07 3.261312503405219e-06 4.6160801230957865e-06 0.0 6.085437393744574e-07 1.0622854416388667e-07 8.474190460015581e-07 0.0 0.0 4.73562271521513e-08 9.297601172634912e-07 0.0 6.58262989236502e-05 4.422518208017126e-06
0.0011888476563426302 0.0 0.0006647899725515349 0.0004085482136821288 0.0007270122432254175 2.0270642667386987e-05 0.000362763518751097 8.730948168406864e-05 0.0014808354538941534 0.0005323824033163962 0.0002010634811046711 1.059531041284485e-05 0.0002785280716385116 0.000397666908470307 4.006513877831709e-06 1.2767884315737486e-06 3.2808652344732176e-07 1.3624285662053273e-07 4.4314142949383917e-08 4.9025338172334444e-08 0.0 0.0 0.0 0.0 3.870300391775318e-08 0.0 0.0 0.0 0.0 0.0 0.0005132191835647876 5.120666889628105e-06 1.6158970405466246e-06 0.0 0.0 4.173537806901835e-08 1.343804240949062e-06 2.0979120461555377e-07 2.0385431052814085e-07 0.0 0.0 1.0945454173763071e-07 7.072981977542435e-08 5.119215052718542e-07 1.253954146450839e-07 1.9225436141669255e-07 1.5678640296736162e-05 7.18129994370182e-07 1.6528320407846186e-07 6.793050871563347e-08 0.0 0.0 5.47769107751927e-08 0.0 3.008872901125571e-06 9.906359988089044e-07 5.427746301439037e-05 0.00011575030713011772 1.2475718697853568e-05 1.7274640274050824e-05 9.612655002332911e-08 1.6701590188607066e-07 5.148776352245072e-08 4.745835315272245e-05 7.613264822918343e-07 2.826691719037438e-07 1.1250089086977167e-07 0.0 1.1632777203253721e-07 0.0 1.766291488581029e-06 0.0 0.0 9.653321914434454e-05 3.63405856819823e-05 4.0933113887827306e-05 1.7995921539186824e-05 2.3475438075166475e-06 7.870540161978621e-07 2.101111717313119e-06 8.086604918470437e-07 9.236044941188315e-07 4.292571760921429e-06 0.0 4.3726302675846544e-07 2.0862362868317017e-07 2.7487718964895154e-07 0.0 7.534681500999124e-08 3.3906572551391036e-08 4.426243302238083e-08 3.555008775092624e-08 7.416201076114814e-08 4.360961782993937e-08 0.0 3.9708350110691205e-05 0.0 0.0 1.8289592930038079e-07 0.00038489431785183875 5.2595464966841474e-08 1.0647245691097838e-07 4.783030246407886e-07 2.0263965302256353e-06 0.0 0.0 0.0 0.0 3.94207639310613e-06 9.393186544958249e-07 0.0 1.6971703839298844e-07 0.0 8.511705009829116e-08 0.0 0.0 0.0 0.0 0.0 0.0 0.0 0.0 0.0 0.0 0.0 0.0 0.0 0.0 0.0 0.0 0.0 0.0 0.0 0.0 0.0 0.0 0.0 0.0 0.0 4.948495581079377e-07 0.0 3.2605297015329736e-07 1.846439664916007e-07 9.324046045181723e-08 0.0 0.0 0.0 0.0 0.0 0.0 0.0 1.2279491298704684e-07 9.351741547384393e-08 0.0 0.0 0.0 4.9125214638093e-07 0.0 0.0 0.0 0.0 0.0 6.404263531618133e-08 0.0 0.0 0.0 7.629772566134732e-08 0.0 0.0 0.0 0.0 0.0 0.0 0.0 0.0 0.0 7.718806245122616e-07 0.0 0.0 0.0 0.0 0.0 0.0 0.0 3.8992969159911625e-08 0.0 0.0 0.0 0.0 0.0 0.0 0.0 0.0 0.0 0.0 0.0 0.0 4.197835353075283e-07 3.2058687618680696e-07 2.994921764514463e-07 9.687887436058409e-05 1.2835463401766018e-06 8.675784059493084e-05 3.3130215530692196e-06 7.082844225203657e-05 1.569085051165681e-05 2.327851716915273e-07 7.433851461349987e-06 1.36140480519008e-06 9.159860626430746e-08 0.0 0.0 1.1536560271696346e-07 0.0 0.0 0.0 8.372051614701053e-07 0.0 1.4442862729768025e-05 2.2552966509892724e-07
0.0002864339961492141 0.0006647899725515349 0.0 4.1625148065707856e-07 7.510359103650456e-05 1.7242994560542498e-07 1.2963338051702468e-05 0.00043632472980120865 0.0009238441537197436 3.0898767952629496e-06 0.0005473175691573154 7.266389968010462e-07 3.926121082195088e-05 0.00014588196256497523 1.2330724996075706e-06 4.4521095368926424e-07 8.356273624004792e-08 4.7854334060996054e-08 0.0 1.5831255480382166e-07 1.0288714684301306e-07 0.0 0.0 5.913309589973222e-08 9.751927426244161e-08 0.0 5.37246346794409e-08 3.298551952785346e-08 0.0 0.0 0.0024269954077862266 0.0002189365056785418 1.3519446579426308e-06 9.968191504179033e-08 1.947639726215847e-07 0.0 3.374523208406411e-07 0.0 1.0588273519787985e-07 0.0 2.4734995233554394e-07 1.6206812797100554e-07 3.30731073146064e-07 1.449251506875794e-07 0.0 1.2688044993973151e-07 4.1642319495627725e-06 2.5258845955471916e-07 9.115304915508766e-08 2.815791421286465e-07 4.060599604661113e-08 0.0 0.0 6.86567643683434e-08 1.030841110227612e-06 3.4018569097190254e-08 4.434734748521171e-05 0.0002200534873532289 9.60264806054217e-06 6.326411189244843e-06 9.794239646938672e-07 2.011187267549132e-07 4.4180359670664304e-08 6.052563181692305e-05 2.4835666612210865e-07 1.4947041642915224e-07 4.600530921195021e-08 4.3094981978119495e-08 6.468532083302992e-07 1.1902401292506415e-07 2.3816515217554748e-07 0.0 0.0 5.372629135784852e-05 1.903484179941745e-05 1.606329811413205e-05 5.664425536922015e-06 1.147149821210496e-06 1.5884448766056831e-07 1.5139995786824917e-05 6.604504026364409e-07 2.11008375806811e-06 1.359502122159325e-06 0.0 1.7717056759217236e-07 1.032850247893743e-07 3.031296959989035e-07 0.0 0.0 0.0 3.620251579018884e-08 0.0 5.545003777183117e-07 4.301634617196693e-08 0.0 3.0710526895997806e-07 0.0 0.0 1.444720659467931e-07 0.00016533717964772307 0.0 0.0 0.0 0.0 0.0 0.0 0.0 0.0 0.0 0.0 0.0 0.0 0.0 0.0 1.4846809870448944e-07 0.0 0.0 0.0 0.0 0.0 0.0 0.0 0.0 0.0 0.0 0.0 0.0 0.0 0.0 0.0 0.0 0.0 0.0 0.0 0.0 0.0 0.0 0.0 0.0 5.006844747991562e-08 0.0 9.145430428349431e-08 4.717859565372206e-08 5.355005357339676e-08 0.0 0.0 0.0 0.0 0.0 0.0 0.0 0.0 0.0 0.0 0.0 0.0 2.732139858369491e-07 0.0 0.0 0.0 0.0 0.0 0.0 0.0 0.0 9.224188000421175e-08 0.0 0.0 0.0 0.0 0.0 0.0 0.0 0.0 0.0 0.0 1.3251156794871354e-07 0.0 0.0 0.0 0.0 0.0 0.0 0.0 0.0 0.0 0.0 0.0 0.0 0.0 0.0 0.0 0.0 0.0 0.0 0.0 0.0 0.0 0.0 9.655095732905182e-08 1.565203440281117e-05 2.989715522141662e-07 2.414941217857134e-05 9.937507273101606e-07 1.3322098477979508e-05 4.639178630896664e-06 0.0 1.6952338093849632e-06 2.1418964875844773e-07 0.0 0.0 0.0 0.0 0.0 0.0 0.0 2.6129628699835265e-07 0.0 5.446404020842524e-06 0.0
0.00032402893970972434 0.0004085482136821288 4.1625148065707856e-07 0.0 7.226727642226322e-05 6.237738899016212e-05 0.0007664057234260262 3.464144298677132e-07 0.00010271005955082081 0.0007754704751970085 4.089539117449166e-07 0.00016612848060940498 0.0004655560309513505 5.836190320583016e-05 2.6471322289994787e-07 4.1041187441687104e-08 0.0 0.0 0.0 0.0 0.0 0.0 0.0 0.0 0.0 0.0 0.0 0.0 0.0 0.0 2.712873498887935e-06 0.0 1.389560473290067e-06 0.0 0.0 0.0 2.0042768081049933e-06 0.0 1.2666005987045897e-07 0.0 0.0 0.0 0.0 0.0 0.0 0.0 1.1628345079906466e-06 0.0 0.0 9.571228675533325e-08 0.0 0.0 0.0 0.0 5.227970907856443e-07 1.416146475659387e-07 5.829039478042338e-06 9.72017484284745e-06 1.3705799421316204e-06 2.27678905070542e-06 0.0 0.0 0.0 4.4446565197347625e-06 0.0 4.427473450241901e-08 0.0 0.0 3.2846035106354744e-08 0.0 1.5619403450028898e-06 9.56461928388541e-08 0.0 1.056814812360218e-05 3.1094463706164317e-06 3.500194173082147e-06 1.3387347916587258e-06 8.854486687753441e-08 6.168236845003673e-08 6.116854124880819e-08 7.346627776550751e-08 6.060311027548045e-08 5.084228488274879e-07 0.0 0.0 3.784529414980298e-08 4.236605059739114e-08 3.369142466104846e-08 0.0 1.5928020046355452e-07 0.0 0.0 0.0 0.0 0.0 3.4603537253014775e-05 8.973477592837305e-08 0.0 2.0043571361452015e-07 7.247784340067194e-05 0.0 5.398145461396354e-08 0.0 0.0 0.0 0.0 0.0 0.0 6.330168657589282e-08 0.0 0.0 3.7262723218362175e-07 0.0 6.470940051187416e-08 2.139777167372522e-07 9.268125515138192e-08 8.061591357470299e-08 0.0 0.0 0.0 0.0 0.0 0.0 0.0 0.0 0.0 0.0 0.0 0.0 0.0 0.0 0.0 0.0 0.0 0.0 0.0 0.0 0.0 1.223007275652396e-07 4.704179632685093e-08 1.3260532146206025e-07 1.4472600408789559e-07 3.69245171290155e-07 0.0 0.0 0.0 0.0 0.0 0.0 0.0 0.0 0.0 0.0 0.0 0.0 0.0 0.0 0.0 0.0 0.0 0.0 0.0 0.0 0.0 0.0 0.0 4.1318370384536856e-08 0.0 0.0 0.0 0.0 0.0 0.0 0.0 0.0 0.0 4.193480816473957e-07 0.0 0.0 0.0 0.0 4.9341364443396054e-08 0.0 1.1551855320023998e-07 0.0 0.0 0.0 6.695293445018453e-08 0.0 0.0 0.0 0.0 0.0 0.0 0.0 0.0 0.0 1.3701293332978572e-06 3.400830641574725e-07 3.841312859504274e-07 1.4392965229149797e-05 0.0 9.903141296470446e-06 2.1216707937477213e-07 0.00024927922662958086 1.7454183403744774e-06 0.0 7.123795832268601e-07 5.750665727758805e-07 0.0 1.698499849212892e-07 0.0 1.5266535120469832e-07 0.0 0.0 0.0 1.8709889855438407e-07 0.0 9.321592892774682e-06 4.3073229589432714e-07
0.0001344695344271013 0.0007270122432254175 7.510359103650456e-05 7.226727642226322e-05 0.0 4.769009587701342e-06 6.718496284044404e-05 5.508092156001603e-07 0.001754386888314666 0.0002607192880285395 3.436483138834749e-05 0.00010067801927639702 0.00011166654718242422 0.00022299296172635086 2.33403031947442e-06 1.0951832616050977e-06 2.109437408958196e-07 0.0 8.964264283841211e-08 0.0 0.0 0.0 0.0 0.0 3.624423154521166e-08 0.0 0.0 5.460503349699449e-08 0.0 0.0 2.511575172085566e-05 3.926113299479532e-06 7.07748772243773e-07 0.0 0.0 0.0 1.1769350545067663e-06 2.1466803271059173e-07 5.0321008729470724e-08 0.0 0.0 3.7943125260339985e-08 0.0 2.814965692244411e-07 9.149232959450572e-08 5.214028835000804e-08 9.902009728905899e-06 3.1068854959595736e-07 4.471378806267447e-08 1.1086529045498186e-07 0.0 0.0 0.0 9.458067860214756e-08 1.7476293066127172e-06 3.71079262641987e-07 1.715950072820168e-05 2.266675539382232e-05 3.896766026972448e-06 7.89374313869373e-06 1.1306491372952146e-07 1.1744201137012588e-07 0.0 2.9008835184257172e-05 1.150722842287235e-07 1.556983279411532e-07 4.263723891037457e-08 3.9188000695968446e-08 6.999953335856996e-08 0.0 1.8375839293470307e-06 4.964202947542526e-07 0.0 3.3933233692699085e-05 1.8242980452242363e-05 2.021527567272314e-05 1.4988187086961333e-05 2.8675384837726643e-06 6.922127835063374e-07 5.184566009758641e-07 6.490524194740355e-07 2.0304603147896331e-07 1.7101694015970538e-06 0.0 1.4993771968265267e-07 1.7624996728807783e-07 1.6823629924974502e-07 0.0 0.0 0.0 0.0 0.0 3.7945957098511206e-08 0.0 0.0 9.841456249170188e-06 1.7199580951498176e-07 0.0 0.0 1.642049215611383e-05 0.0 9.964110784785662e-08 0.0 0.0 0.0 1.0286882887768722e-07 1.4630295704049335e-07 0.0 1.3186279913143183e-07 1.8500484320955272e-07 0.0 0.0 5.709883698781731e-08 4.2028101465355927e-07 4.5982453124483357e-07 0.0 1.0896742186133778e-07 0.0 0.0 0.0 0.0 0.0 0.0 0.0 0.0 0.0 1.8125203006986978e-07 0.0 0.0 0.0 0.0 0.0 0.0 0.0 0.0 0.0 0.0 0.0 0.0 5.46386115419738e-07 0.0 2.0292130571130734e-07 1.271830663486703e-07 6.827448182624372e-08 0.0 0.0 0.0 0.0 4.398103822760941e-08 0.0 0.0 0.0 0.0 0.0 0.0 0.0 0.0 0.0 0.0 0.0 0.0 0.0 0.0 0.0 0.0 0.0 4.8542842278766506e-08 0.0 0.0 0.0 0.0 0.0 0.0 0.0 0.0 0.0 8.800010707397537e-07 3.9237615624721345e-08 0.0 0.0 0.0 1.126668328399616e-07 0.0 7.607054167822632e-08 0.0 0.0 0.0 0.0 0.0 0.0 0.0 0.0 0.0 0.0 0.0 0.0 0.0 1.224153270917261e-06 3.3121916402750714e-07 4.4337591318770355e-07 6.870712886311701e-05 1.1182696427693072e-06 4.9200579958400494e-05 3.2735505340328905e-06 2.667985841581513e-05 9.71244783051604e-06 4.724637868205416e-08 7.268081384049275e-06 4.847630594611443e-07 0.0 4.520060196306797e-08 0.0 0.0 0.0 0.0 2.2204131504684648e-07 1.4912758947928358e-06 0.0 4.265453145055096e-06 8.798537620773984e-07
0.00011406895182553421 2.0270642667386987e-05 1.7242994560542498e-07 6.237738899016212e-05 4.769009587701342e-06 0.0 1.536188553140224e-05 6.112252622017811e-08 9.470102875833158e-06 0.00013923043053617703 5.787021425075298e-06 2.9156949484278036e-05 6.202926683386686e-05 1.8076235551337087e-05 7.510686746077984e-08 0.0 0.0 0.0 0.0 0.0 0.0 0.0 0.0 0.0 0.0 0.0 0.0 0.0 0.0 0.0 1.2145113989631767e-06 0.0 4.527570986710015e-06 0.0 0.0 0.0 9.626480835568794e-06 2.2315350621923084e-07 1.5313392019931746e-06 0.0 0.0 0.0 0.0 0.0 0.0 0.0 2.2913383327334698e-07 7.350064385453801e-08 0.0 0.0 5.7739731608993346e-08 2.453632879747848e-06 0.0 7.27147541234705e-08 1.1311655184585423e-07 0.0 5.431913276999558e-06 4.093283097876405e-06 3.23282670604297e-07 1.4200495729209368e-07 0.0 2.4883522616650497e-06 0.0 2.56509244096578e-07 0.0 1.8815085618542423e-07 5.134350837468343e-08 5.372734475169299e-08 1.2241955236912094e-07 0.0 8.82242823305111e-05 2.941202587758183e-05 3.838944615409323e-06 1.949381194291838e-06 1.3362758631760317e-06 3.1086781400658456e-07 8.889492516189958e-08 9.754872288165989e-08 0.0 2.0347325688516376e-06 0.0 1.3557440231298691e-06 5.0175713888085944e-08 8.520462789399438e-07 1.0150702069322897e-07 1.1720805595301834e-06 1.3514898029127117e-07 1.2693727778198293e-06 1.6751679910778604e-06 3.3062667104697668e-06 2.6756485271633764e-07 1.8789350703748371e-06 7.893501311578277e-08 0.0 2.2250591135029796e-07 0.0004256836146557208 4.558184803054155e-05 3.9447045387500196e-06 7.929279688572209e-06 6.271948470446417e-05 0.0 0.0 0.0 0.0 0.0 8.890330203269712e-08 0.0 0.0 0.0 2.484921947123362e-07 0.0 1.4939309507048592e-07 1.1982068674548492e-07 7.861793029120721e-07 6.176242798078254e-08 1.0106763305724658e-07 1.017743843074696e-07 0.0 0.0 0.0 0.0 0.0 0.0 0.0 0.0 0.0 1.5319239156925726e-07 0.0 0.0 0.0 0.0 2.0207062402243475e-07 2.0911299030125684e-07 0.0 0.0 0.0 0.0 0.0 0.0 5.229731393271243e-07 5.461477477052725e-08 3.5993995712492204e-07 1.3750488138088344e-06 4.8572921583001964e-08 0.0 0.0 0.0 6.565957432330922e-08 5.876695514742885e-08 0.0 0.0 0.0 0.0 0.0 0.0 0.0 3.6425107949276337e-07 0.0 1.3002011235458838e-07 0.0 0.0 0.0 0.0 0.0 0.0 0.0 2.856558057802478e-07 1.3313227440493357e-07 0.0 0.0 0.0 0.0 0.0 6.64666325910921e-08 0.0 0.0 1.9865838110425206e-06 2.8410055838329095e-07 6.72845561255077e-08 0.0 0.0 5.840040226432213e-08 1.2815819280692388e-07 2.4719962762503695e-07 1.9794573794464327e-07 8.906094830936894e-08 0.0 0.0 0.0 8.023228848528953e-08 0.0 0.0 0.0 0.0 0.0 0.0 0.0 3.8735865791795636e-06 1.3980212345615226e-06 2.7415275986058842e-06 6.470111997040746e-05 0.0 1.8640556809399461e-06 2.594877821005594e-07 5.858172493423612e-05 5.064102018051221e-07 4.286049516205194e-08 9.839262564325863e-07 1.8974378701215782e-06 0.0 6.22055953557838e-07 1.802708964929377e-07 8.721731238279665e-07 0.0 0.0 5.275140652064502e-08 0.0 0.0 2.44708703585982e-05 2.101748740402506e-06
0.0002494176262541168 0.000362763518751097 1.2963338051702468e-05 0.0007664057234260262 6.718496284044404e-05 1.536188553140224e-05 0.0 1.0608386158652108e-06 0.0005541888363857844 0.0011495589788697164 1.0547472114418747e-05 0.00046022913212800113 0.0005003705572453051 0.0002720950588767706 3.0539772955236906e-06 5.389561682202315e-07 4.891154792087991e-07 0.0 8.48180991557394e-08 2.350727193263092e-07 0.0 0.0 5.613830370664458e-08 0.0 4.411720999166636e-08 0.0 0.0 3.5230998598667295e-08 8.424919629261408e-08 0.0 1.6260111322873605e-05 5.154486777333865e-06 1.1432807203691343e-05 0.0 0.0 4.7108424140052574e-08 1.5894432447434813e-05 1.766364960263328e-07 8.817742416655693e-08 0.0 0.0 3.415610838618547e-08 0.0 3.225349217057539e-07 0.0 4.270459419688808e-08 1.3126432987958902e-05 2.3415515692578753e-07 5.522031356430429e-08 1.1613681184926458e-07 0.0 0.0 0.0 0.0 2.364711422104384e-06 2.887874503776585e-07 2.199538178895329e-05 2.826801995561574e-05 5.455977426005808e-06 1.2563427616718451e-05 3.845210992462966e-07 1.2412242064873872e-07 0.0 3.4108671593705676e-05 2.971751489754156e-07 2.2935802930814403e-07 0.0 0.0 2.7586835798650356e-07 3.577681589240119e-08 1.5681385859070354e-05 2.2138387899388308e-07 0.0 5.0825363531927036e-05 2.5262424446648408e-05 2.6755885424616154e-05 1.7067178922921453e-05 3.2031782627069615e-06 8.035413402062691e-07 5.022280014458432e-07 5.510019054839256e-07 7.21018138351304e-07 2.5738600367425022e-06 0.0 4.077618702293911e-07 3.8530796934912347e-07 1.6242160818991938e-07 0.0 4.579930937655985e-08 0.0 3.682775256304221e-08 0.0 1.6349995155898048e-07 3.071290226808233e-08 0.0 9.43352772198611e-05 5.728582447992226e-07 0.0 1.7734678473261755e-07 2.497282996298059e-05 3.604195025366026e-08 0.0 8.936296962640541e-07 0.0 0.0 4.516956201939646e-06 3.149028961578944e-07 6.540168783173405e-05 1.7221906701554033e-06 1.5507601511146118e-06 0.0 5.587662093149657e-05 3.0401706669587975e-07 1.2407327030380047e-06 1.162350619594516e-06 0.0 1.6674784826495483e-07 0.0 6.836150386980304e-08 0.0 0.0 8.08133679403308e-08 0.0 0.0 0.0 0.0 0.0 0.0 0.0 0.0 0.0 0.0 0.0 0.0 0.0 0.0 0.0 0.0 0.0 1.4180927321559832e-06 1.9325808725493333e-07 5.729475835174488e-07 6.213932441039138e-07 5.513969890585524e-07 0.0 0.0 0.0 0.0 5.1060127858768773e-08 0.0 0.0 1.0183342516724666e-07 1.2654882826440828e-07 0.0 0.0 0.0 5.793905554981069e-07 0.0 0.0 0.0 0.0 5.7478752900000996e-08 0.0 0.0 0.0 0.0 4.77940196545927e-07 1.3463136897993953e-07 0.0 0.0 0.0 0.0 0.0 0.0 0.0 0.0 2.854237680202569e-06 1.6174782740396108e-07 0.0 0.0 0.0 2.6285459727650676e-07 0.0 3.538689207054382e-07 1.5938940575982226e-07 0.0 2.0658522973000383e-07 0.0 6.821317424704845e-08 0.0 0.0 0.0 0.0 0.0 0.0 0.0 0.0 4.771956663265133e-06 1.5773989405709888e-06 1.2373831442783444e-06 0.00010940661975791827 1.6855629602643216e-06 6.928776197113166e-05 3.7031444559600112e-06 6.690195178418353e-05 1.6537917710351655e-05 9.234353269128852e-08 9.194710197970954e-06 2.6564556893193674e-06 0.0 5.433234340434144e-07 0.0 4.598416815062168e-07 0.0 0.0 0.0 2.222013448133307e-06 0.0 9.950457662456192e-06 2.584042689876792e-06
0.0001330596349521034 8.730948168406864e-05 0.00043632472980120865 3.464144298677132e-07 5.508092156001603e-07 6.112252622017811e-08 1.0608386158652108e-06 0.0 0.0001382714345591003 4.813305038021037e-06 0.0011649038177250662 4.821677031937423e-07 3.077716892458994e-05 0.0003535347740826487 1.1237677880234827e-05 1.4343218028264455e-05 2.5170442212172483e-06 8.1744979598939e-06 7.814731906356959e-07 1.5762418009145387e-05 3.7689516605325904e-06 0.0 1.0063112034583758e-06 7.553402449073345e-07 1.270602616725543e-06 4.276081726840767e-07 1.1886898555231518e-06 6.555546134022476e-07 1.3327570841329732e-07 1.106198228507686e-07 0.0012896098832931415 0.0015695895315649996 2.084116391509944e-05 1.5012336650076565e-06 5.476869732050306e-06 6.642711143259692e-06 6.3012728306663795e-06 5.847722254062004e-06 4.060825442974717e-06 1.5733713517070123e-06 1.9443704517855524e-06 8.46728551438204e-06 9.121349041660117e-06 3.275762341080413e-05 2.073985324038975e-07 1.4237054272936168e-05 3.3011479066424124e-05 3.0521922602262646e-06 3.1003233557326982e-06 2.021587178246369e-05 1.0068956111818742e-06 1.169665435556356e-07 9.319477231784705e-07 1.70056957010711e-06 3.046778762892445e-06 8.441503335678138e-07 4.671069969992674e-05 0.00014715622085373673 9.871781579884194e-06 1.59521104562116e-05 7.619497869517709e-05 8.688556841077978e-06 6.572614115988516e-06 0.00032946170009973466 9.002746560491761e-07 9.616689887785425e-07 2.4596161791392727e-07 2.2970149256299533e-06 3.7293910077298464e-05 1.1124288591463278e-05 2.203625885779137e-06 9.489612164567846e-07 0.0 8.033322193230387e-05 6.774525546058224e-05 5.75971489317367e-05 0.00015973719746526839 0.0003972650693880516 0.0006122947358602923 0.0007677505068148309 0.00017665223602918447 0.000603484869310121 4.661720549803262e-06 0.0 1.1110150416155931e-06 2.6607574919110884e-07 1.6148116004100184e-05 3.0757187596219714e-08 7.513088032447872e-08 0.0 0.0 1.1265516204494062e-07 1.917639956668812e-05 3.1518150376199835e-06 3.3156694279142154e-06 8.923003964578083e-07 8.229065361477466e-07 1.199249620831282e-07 3.1191464404354684e-06 9.930884921501033e-05 0.0 0.0 0.0 0.0 0.0 0.0 0.0 0.0 0.0 0.0 0.0 0.0 0.0 1.5092558472937211e-07 2.8152512177138247e-07 5.030624945118737e-07 1.9229534345399737e-07 0.0 0.0 0.0 0.0 0.0 0.0 2.446131571475308e-07 0.0 1.564711762300584e-07 0.0 6.411687506043192e-08 0.0 2.0124792663954751e-07 0.0 3.571843475412972e-07 1.1137840579391381e-07 1.3508067897723188e-07 4.9152321292799407e-08 0.0 1.8939231280870704e-07 2.129080843147156e-07 1.6931365288043758e-07 9.061736653247151e-07 0.0 7.274834809168538e-07 2.647857956999872e-06 1.0977148406306873e-06 3.764678447954247e-08 7.508154014959468e-08 3.9378530015219416e-08 0.0 0.0 2.094429509645546e-07 0.0 0.0 3.549470548868945e-07 0.0 0.0 4.2619763939873655e-08 3.6272254628958894e-06 1.364769999942642e-07 0.0 8.482961384060758e-08 0.0 0.0 0.0 0.0 0.0 2.105812187768574e-07 5.8901322278119797e-08 0.0 0.0 0.0 0.0 0.0 0.0 0.0 0.0 0.0 8.636813871799984e-07 1.919246068187965e-07 4.748695691628275e-08 0.0 0.0 7.712273659669864e-08 3.405421528947343e-08 3.4691825977475845e-07 0.0 7.915366099575042e-08 1.6191573323987284e-07 0.0 1.1197126532108294e-07 0.0 0.0 0.0 0.0 0.0 0.0 0.0 0.0 1.5298354116247732e-07 4.870857162692838e-07 1.8445635705664707e-06 0.00018096256241009005 4.213964163873454e-06 0.00013391131169333408 1.9398274989720027e-05 3.156406890377786e-05 2.8795228709952013e-05 9.757785803169136e-07 2.281111571299956e-05 2.297450135758248e-06 0.0 8.983574735074315e-07 0.0 0.0 0.0 0.0 0.0 6.62887795723561e-06 3.008786156958084e-07 6.890198038543447e-06 2.295005890996523e-07
0.00026836818626456394 0.0014808354538941534 0.0009238441537197436 0.00010271005955082081 0.001754386888314666 9.470102875833158e-06 0.0005541888363857844 0.0001382714345591003 0.0 0.0005074463050108131 0.0005558801620524276 9.769895805674982e-05 0.000457300586942375 0.0010074714928151242 6.378939954587811e-06 2.8445520255950383e-06 1.0657616650542804e-06 2.0622476202065203e-07 8.427521985508061e-08 2.089204315500199e-07 0.0 0.0 4.728017965233161e-08 0.0 0.0 0.0 1.0755156209758497e-07 1.3573176759138373e-07 0.0 0.0 0.00010796480260054834 1.537230776678798e-05 4.0390941188552995e-05 0.0 0.0 0.0 2.1597668279660373e-05 5.526017129628887e-07 8.091509025253568e-07 0.0 0.0 0.0 3.952135831619043e-08 1.0815342356060338e-06 4.613079367494861e-08 1.957449375995518e-07 2.1979263337624863e-05 6.311124342944618e-07 9.153844765583657e-08 2.5292922304058846e-07 3.066604174686487e-07 0.0 0.0 4.386831733070132e-08 2.8818050315808315e-06 4.3320903966765557e-07 2.3943998055985372e-05 3.698682809685108e-05 6.609372605598975e-06 1.4681701547208019e-05 2.468802324968786e-07 3.4380963205827194e-07 4.0507768416286094e-08 5.119538753989157e-05 3.8039620692409896e-07 2.1918398408767766e-07 4.4360785540828085e-08 4.940081118957031e-08 2.0727000691512314e-07 1.8009338051602152e-07 1.64667199441489e-05 1.1343442771000586e-06 0.0 5.263679640364577e-05 3.5017519900522183e-05 4.469306220439705e-05 3.812543486176199e-05 9.817244825845821e-06 1.3205049848583342e-06 3.027166269735764e-06 8.604681781499692e-07 1.685570416085218e-06 3.515288829051097e-06 0.0 4.7301717233448177e-07 2.4092739331846194e-07 3.498453188947629e-07 0.0 3.6684983583929246e-08 0.0 4.944161838350401e-08 4.963302504181354e-08 3.733958811094175e-07 0.0 3.067473645793347e-08 5.335471213370908e-05 6.517797481423847e-07 0.0 1.1587350678677567e-06 3.492014928683602e-05 0.0 6.969414443331798e-07 0.0 0.0 0.0 8.357989586804025e-08 5.338465986206339e-07 2.5441651256584207e-07 1.5924494454665326e-07 1.4615250026079716e-06 8.331965399896893e-08 9.608221723770526e-07 9.300259947090773e-07 2.545150549142351e-06 1.1346068075439694e-06 4.3461229197547067e-07 6.100450694468508e-08 0.0 0.0 0.0 0.0 0.0 0.0 0.0 0.0 0.0 0.0 0.0 0.0 0.0 0.0 3.11826133645791e-07 0.0 4.7985166857828325e-08 0.0 0.0 0.0 8.507192989305682e-07 0.0 3.008488177020682e-06 2.1834375241243142e-07 7.615036954150543e-07 2.1547349053708846e-06 5.813040663290584e-08 0.0 0.0 0.0 0.0 1.9206283299246386e-07 4.867147704464781e-08 0.0 4.163976996705677e-08 1.3261736067704173e-07 0.0 0.0 0.0 4.5081546116160553e-07 0.0 3.793777692650613e-08 0.0 0.0 0.0 0.0 0.0 1.6045615951114178e-07 1.1270811148655671e-07 1.292675758698802e-06 6.091145280482281e-08 0.0 0.0 0.0 0.0 0.0 0.0 0.0 0.0 6.788983783708518e-06 0.0 0.0 0.0 0.0 3.1002711400088e-07 3.9612306842312174e-07 8.55059273576844e-07 1.7073035876121834e-07 0.0 1.3165432026681553e-07 0.0 4.3656126166652195e-08 0.0 0.0 0.0 0.0 0.0 0.0 0.0 0.0 8.476129650966664e-06 2.6244147236374494e-06 3.871850081650836e-06 0.0002013287936219587 4.003274820082585e-06 0.00010322758774598493 8.177789923373799e-06 6.468476932708223e-05 2.3168499734792853e-05 1.1257602356409616e-07 2.20252658774427e-05 5.230188393254664e-06 0.0 1.0463597239050443e-06 2.155713360097595e-07 8.739583308465605e-07 0.0 0.0 0.0 4.667674210121083e-06 0.0 1.1995160730744504e-05 4.654554235185347e-06
0.0003970998689129875 0.0005323824033163962 3.0898767952629496e-06 0.0007754704751970085 0.0002607192880285395 0.00013923043053617703 0.0011495589788697164 4.813305038021037e-06 0.0005074463050108131 0.0 3.915867975612193e-05 0.0009062921782267555 0.0030040472533475982 0.00032757855049858793 1.691948770951442e-06 6.679349602895894e-07 2.439351707540569e-07 0.0 0.0 0.0 0.0 0.0 0.0 5.1791407136194776e-08 0.0 0.0 5.0437604280370504e-08 0.0 0.0 0.0 8.003194620672364e-06 6.201638279444938e-06 2.4693919792422984e-05 0.0 0.0 6.884443999400172e-08 3.568642601270554e-05 0.0 1.1767238967919283e-06 5.97522162768001e-08 0.0 5.105661850253451e-08 0.0 5.558449357308891e-08 0.0 0.0 7.3989179837248714e-06 3.886756524975202e-07 0.0 1.3026581100182778e-07 0.0 1.6501777935231864e-07 0.0 0.0 1.2170392719337397e-06 1.5595245029223596e-07 2.282582096468124e-05 2.2439093738611437e-05 4.4672553189366265e-06 6.463257218029239e-06 6.741157046800328e-08 7.473754206135998e-08 7.076565642209392e-08 1.782822986142704e-05 2.0339441938469387e-07 1.706990867754158e-07 0.0 0.0 3.5519384006079717e-08 4.727738215839397e-08 0.00021438187240675296 8.092777407756003e-06 4.233507959196305e-07 3.59521778895293e-05 1.345434467115733e-05 1.8174788955451126e-05 7.701382113454056e-06 1.1085136605379553e-06 3.513317529363793e-07 3.086494790569138e-06 2.3251473895168325e-07 7.656461345184233e-07 1.832633841879502e-06 0.0 2.4993931085087637e-07 2.079786939312405e-07 0.0 1.367066005625501e-07 0.0 5.843775005727049e-08 0.0 1.580380319779751e-07 0.0 0.0 0.0 0.0003535058090833171 1.9866486129913758e-05 1.2290638500273274e-07 3.4450906267899103e-06 0.0001988575962331707 0.0 1.1373337740367644e-06 0.0 7.061067650683135e-08 0.0 1.0802839181704797e-06 2.5909571145188114e-06 9.488121687273273e-07 8.863494680676616e-07 1.0503567192379424e-05 4.682020639494423e-07 6.045446424866823e-06 4.192481118277657e-06 1.1922498398410337e-05 5.104697501640145e-06 7.930823283907361e-07 6.432745985100907e-07 0.0 3.3671541223110626e-07 0.0 0.0 9.403512357347035e-08 0.0 1.9971103155215014e-07 0.0 0.0 1.744422804074851e-07 3.5419198129998356e-07 0.0 0.0 0.0 8.272024096758655e-08 8.443938216952896e-08 2.41465664247411e-07 0.0 0.0 0.0 2.253457298725292e-07 0.0 9.505830679381995e-06 9.050293716605153e-07 3.9934416757249215e-06 7.10407710615296e-06 1.2406379004644314e-06 6.178407109236239e-08 0.0 0.0 4.211814143038853e-08 1.360415994115835e-07 1.9785289611458875e-07 0.0 4.919846558063597e-07 2.417378828874027e-07 0.0 0.0 0.0 1.46948656107731e-06 4.804370192071042e-08 3.400820962745253e-08 0.0 0.0 1.197495254934469e-07 3.9865012962089036e-08 0.0 0.0 7.260801099653224e-07 3.3816976875853183e-06 0.0 0.0 0.0 0.0 0.0 0.0 0.0 0.0 0.0 2.9588454103931153e-05 8.244808227389352e-07 0.0 0.0 0.0 2.19561671995761e-06 4.892492312654878e-07 4.407703473163106e-06 3.849684453778671e-07 2.0903300570338435e-07 1.0959307888272239e-06 1.5297563574434114e-07 1.1586889248288011e-07 0.0 0.0 0.0 0.0 0.0 0.0 0.0 0.0 4.671051573972275e-05 1.2394289203728899e-05 1.1456918182621218e-05 0.0002928744596239271 5.154960655947e-07 4.3365093374580646e-05 2.84253023988433e-06 0.0003397923965257815 1.3146736252930568e-05 1.570661338776808e-07 8.022359920685426e-06 3.040627369084044e-05 8.423282970419782e-08 2.822575646938872e-06 5.806373760662391e-07 1.0142422086730553e-05 2.550535262886203e-07 0.0 5.588829517030751e-07 1.8580055102034812e-06 4.081501317903418e-07 0.00015154091116764175 3.10026427334762e-05
0.00027080944964083563 0.0002010634811046711 0.0005473175691573154 4.089539117449166e-07 3.436483138834749e-05 5.787021425075298e-06 1.0547472114418747e-05 0.0011649038177250662 0.0005558801620524276 3.915867975612193e-05 0.0 1.490323151096066e-05 0.000371367278293136 0.0012028428346345158 2.2517179668606315e-05 2.519473742606025e-05 2.322119161651225e-06 2.2352038193813344e-06 5.43946831838668e-07 6.8725107738457834e-06 5.2211808436843215e-06 1.3488018358582819e-07 2.7857341317047616e-06 1.5805389058395424e-06 5.338477753789655e-06 2.3079474195388334e-06 2.965958563571829e-06 7.191578735712587e-07 1.437025459263449e-07 9.535935979080084e-07 0.0009470918255708743 0.00046446748308622216 0.0005593468402561718 1.5286543165531597e-06 1.5207561044616117e-05 1.5803179181806048e-05 0.00012804640642285673 1.7150201096535508e-05 1.5328751373153525e-05 2.262765391561742e-06 6.362596498573993e-06 1.0280459944720665e-05 3.357624381157509e-06 6.483784023373059e-06 3.7001208739325497e-07 2.0813224543860516e-06 5.0530432494497476e-05 9.435264475535486e-07 1.1012487998250014e-06 4.988243320972507e-06 5.393634180835037e-06 7.694502392098997e-07 1.4104137143299374e-06 1.4437109764662606e-06 3.5423945502188107e-06 5.058216696513878e-07 4.374909662522821e-05 0.00012889798727186495 1.1007518955887733e-05 2.010866696599303e-05 1.276503735985907e-05 2.5811112278260393e-05 1.0327920731330936e-05 0.0001396795200153898 6.398273491390308e-07 8.355719713960738e-07 3.7940423618036167e-07 3.347909977304245e-06 2.7611337358938054e-05 1.1422984006672616e-05 9.707988097527168e-05 1.3447223222597314e-05 0.0 8.684900896473631e-05 6.494776457023976e-05 7.420253198938179e-05 0.00011105313007123351 4.580497816082649e-05 2.9390034565428453e-05 0.00039783400957711445 9.223414162393899e-06 8.31987898032739e-05 5.313885758890457e-06 0.0 7.748972939821585e-07 4.720933343058186e-07 5.780613212581253e-06 0.0 9.889546019196983e-08 3.3393139372188065e-07 2.3810534013161575e-07 2.2368792434960957e-07 3.6161226371993235e-05 1.4957647844749393e-05 4.375962566805824e-06 8.938720362325787e-05 1.0957046264289427e-05 4.5655211587826516e-07 1.3455282075158262e-05 0.00012277799681595996 1.6601673134208773e-07 3.7279943104873463e-07 0.0 9.572279921302071e-08 0.0 1.262311191258998e-07 1.222994018778223e-06 1.8256721439610215e-07 1.8024539433838141e-07 1.922273025316929e-06 1.470785247682598e-07 1.3296089699144453e-06 1.3900056151462804e-06 4.151341974837312e-06 2.5136425872328273e-06 2.559394526544631e-06 1.786299758441415e-06 7.502028877005439e-08 1.3432461877415545e-07 9.214022107272883e-08 4.564795746124766e-08 3.22638734957345e-07 0.0 0.0 0.0 5.902697908672688e-07 0.0 8.249790108250595e-07 0.0 1.4643557448859207e-06 1.7482122843672162e-07 9.384573011169088e-07 2.291461035313546e-07 4.5106532794992375e-07 5.8387726119917325e-08 8.85550952147438e-08 4.1657866880406315e-07 7.606438375714021e-07 9.271387905110748e-07 8.219835448605521e-06 1.3531903014402107e-06 5.056252128296363e-06 2.0176258197391447e-05 4.740095342902617e-06 7.543404936335832e-08 2.2742424289055095e-07 2.3015057557612558e-07 0.0 6.125540718221471e-07 1.2132340963266147e-06 5.80140046585955e-08 2.528250913242857e-07 1.1887702428852185e-06 0.0 5.310568290133802e-08 0.0 1.1203311410295585e-05 1.662203645475621e-07 0.0 6.103663441412484e-08 0.0 3.518000022174056e-07 9.565367363737479e-08 0.0 2.1042843689254586e-07 1.947692510180701e-06 4.959916144014283e-06 2.64450692456037e-07 0.0 0.0 0.0 0.0 5.2509036141862675e-08 0.0 0.0 6.385080716045931e-08 1.4412335117762467e-05 2.69382547506604e-06 0.0 1.025993889984148e-07 8.659140433628637e-08 1.9883017345852716e-06 4.598132007699457e-07 3.0011151538272807e-06 5.103726802465826e-07 3.304413920243836e-07 7.433106775332639e-07 0.0 4.1245806014445753e-07 0.0 0.0 0.0 0.0 0.0 5.192741966789591e-08 0.0 8.227212365186133e-08 1.514668949044414e-05 1.2616984582849411e-05 2.1689648172484007e-05 0.00042691403182778436 7.328814009551896e-06 0.00019841095649067485 4.2733156762979055e-05 7.348378350531956e-05 4.186957873320901e-05 1.355859001379586e-06 4.9811973754001e-05 2.2416707502115786e-05 3.21412889349339e-07 7.080081161672459e-06 9.137528475858623e-07 3.948148547274308e-06 8.801792548681239e-07 9.70504198984632e-07 7.098799412163239e-07 1.5020203196784724e-05 2.549634476082698e-07 2.242003121215635e-05 9.308234175460112e-06
4.8642738892101414e-05 1.059531041284485e-05 7.266389968010462e-07 0.00016612848060940498 0.00010067801927639702 2.9156949484278036e-05 0.00046022913212800113 4.821677031937423e-07 9.769895805674982e-05 0.0009062921782267555 1.490323151096066e-05 0.0 0.0005553006552229656 4.946227933117991e-05 1.2124990235724765e-06 1.1755077893352525e-06 5.788155456058054e-08 0.0 0.0 5.787346805466714e-08 0.0 0.0 0.0 7.781378004335005e-08 0.0 2.061648250885981e-07 0.0 0.0 0.0 0.0 1.948665972504726e-06 5.403343273820904e-07 6.458276311295347e-06 0.0 0.0 0.0 2.301523578232957e-05 8.241730109841121e-07 1.4930109404971425e-06 0.0 6.478819117929831e-07 7.56829951017753e-08 0.0 1.5007073802162372e-07 0.0 1.5705557146474446e-07 2.5742218282659495e-06 0.0 0.0 0.0 0.0 2.758420190815285e-07 2.3221113592657895e-07 5.825240359509141e-08 6.321981616737485e-08 7.972599203783052e-08 1.6179817948485538e-06 2.901531887913228e-06 7.674352442908366e-07 9.956770110738117e-07 0.0 1.2712283592952916e-06 0.0 3.24232365157563e-06 6.946399123509127e-08 0.0 0.0 0.0 3.1830847660697726e-08 0.0 3.3202627562251824e-05 1.571433684391021e-06 0.0 4.201323081808957e-06 2.8172186458693392e-06 2.624011943832291e-06 3.6646516262631332e-06 8.462518322447289e-07 0.0 1.026330357318613e-06 2.3180945201469322e-07 4.3188207839149804e-07 2.409384365506688e-07 8.862197904859596e-08 0.0 3.131227158862195e-08 6.822289678736287e-08 0.0 1.5208788726079522e-07 5.5678952704326097e-08 0.0 5.645435183312757e-08 1.3163334530668954e-07 2.064202119319183e-07 0.0 0.0004261198032980635 5.2954333608676405e-06 5.886977054292343e-07 9.877038161536858e-07 1.3756910981225903e-05 4.02020454153072e-08 1.235711744683322e-06 0.0 4.953713906378004e-08 0.0 6.934600193274757e-07 1.4493565190533584e-06 8.933634129320704e-07 3.3436657887255047e-07 5.406749085313014e-06 2.6811813207537386e-07 4.0199482461263105e-06 2.107620495967575e-06 9.682138401182192e-06 3.940725774897423e-06 1.0442339719547946e-06 5.694983671584642e-07 4.822115857576857e-08 5.7361888839638434e-08 0.0 0.0 0.0 0.0 4.289266634233448e-08 0.0 0.0 0.0 0.0 3.738360149519301e-08 2.72785326090665e-07 5.910256075385069e-08 4.4566388856430426e-07 4.7595449101372597e-07 0.0 0.0 0.0 1.930310468931528e-07 2.8442368142189744e-07 0.0 6.2485097970615575e-06 9.608519956606375e-08 1.9339638711259275e-06 3.5545000058603453e-06 8.347609635414259e-07 0.0 0.0 0.0 3.343053961814774e-08 2.801753840239363e-07 4.959114412224909e-07 0.0 0.0 3.9106423462317396e-07 0.0 0.0 4.610293425708555e-08 1.9107098495130667e-06 4.2510049724507905e-08 0.0 0.0 0.0 0.0 0.0 1.183002987456413e-07 0.0 1.4688379608589931e-06 3.432710620222702e-06 1.6476287020606592e-07 0.0 0.0 0.0 0.0 4.3530785324994315e-08 0.0 0.0 8.374428610331169e-08 2.5084546060012568e-05 2.348533127509991e-07 0.0 0.0 0.0 1.6885802760302512e-06 2.6504625893325517e-07 2.566446471742427e-06 3.881591651792885e-07 2.8875450176881513e-07 5.917439608952839e-07 0.0 2.0565844746385965e-07 0.0 0.0 0.0 0.0 0.0 0.0 4.3414142941048694e-08 0.0 2.8246830753038298e-05 8.3927467505004e-06 9.921682930178792e-06 0.00010091589515333728 1.1325471869766358e-07 1.2036146427271288e-05 2.562212065025859e-06 8.864755777830439e-05 3.63222574602194e-06 4.56430068960831e-07 2.902633682149438e-06 1.6482624296647214e-05 0.0 3.1356970171555745e-06 3.369574360453495e-07 3.741806050098641e-06 2.415551340981657e-07 0.0 3.3348411315657424e-07 1.152007079336783e-06 5.273449323447377e-07 2.6580492667543537e-05 1.6003155856638558e-05
