0.0 0.0004994635176676674 0.0002497342216074129 0.0004035207127805028 0.0007321817805810128 3.6059892577251192e-06 0.000383597802304445 5.551328439826666e-05 0.00020434836001897522 0.0003044796302020416 0.00010534855201677346 8.047900651853983e-05 0.00046007807398459405 4.121379702790343e-05 1.9502875262777375e-06 2.773909426019915e-07 8.248095147673533e-08 0.0 0.0 0.0 1.1226468996306957e-07 0.0 0.0 0.0 0.0 0.0 0.0 0.0 0.0 0.0 0.00038673676484757725 8.156610433501258e-07 2.1258639265300254e-06 0.0 0.0 5.20898116991394e-07 6.038291875434987e-07 4.2805599919242586e-08 0.0 2.3372797598807352e-07 0.0 1.1217496735626e-07 0.0 0.0 0.0 4.760309454877957e-08 1.9279258871631606e-05 1.1232562416083646e-06 1.6860003058676324e-07 0.0 5.338733691765659e-07 0.0 1.5830785890469628e-06 0.0 1.4993735576170977e-06 3.0880658844765416e-06 3.2701373321716684e-05 0.0003672920952024485 2.4711406852045226e-05 6.662521325174862e-06 1.7571151478846013e-07 7.004858231884597e-07 1.908734297258832e-07 2.953446367699795e-06 6.725825138501295e-07 4.2295932906421306e-07 3.6993893365220614e-07 4.13234718808295e-08 8.283752431706944e-08 6.661877024310555e-08 2.864482228270378e-06 2.835935581778125e-07 0.0 5.993569998292462e-05 3.994747626766135e-05 4.888916421614981e-06 3.5683921456497163e-07 0.0 6.96483674443116e-07 1.2634630351296072e-06 0.0 2.5515875671281635e-07 1.974332923491377e-06 7.610664367877162e-07 1.487965587231585e-07 1.8986408200273365e-06 1.1045550125156478e-07 7.654729693328584e-08 0.0 7.718400126273596e-08 0.0 0.0 0.0 2.0648723899463726e-07 0.0 2.6192620614129653e-05 1.1826479838474577e-06 5.208365097570262e-07 0.0 0.0003841881681848736 0.0 0.0 0.0 0.0 0.0 9.092149685598834e-07 6.970661534816705e-07 7.201932517536985e-08 6.881111225376998e-07 0.0 1.7171222205930134e-07 1.6509849465866946e-06 9.569773601425306e-08 7.586442034218218e-08 0.0 0.0 0.0 0.0 0.0 0.0 0.0 0.0 0.0 0.0 0.0 0.0 0.0 0.0 0.0 0.0 0.0 0.0 0.0 0.0 0.0 0.0 0.0 0.0 0.0 0.0 0.0 6.729789343588992e-08 0.0 4.209740427646172e-07 0.0 0.0 0.0 0.0 0.0 0.0 0.0 0.0 0.0 0.0 0.0 0.0 0.0 0.0 0.0 0.0 3.233050157104059e-07 0.0 0.0 0.0 0.0 0.0 0.0 0.0 0.0 4.8757639091466045e-08 2.9811043873857987e-07 8.38367125039574e-08 0.0 0.0 0.0 0.0 3.108997416404879e-07 0.0 0.0 0.0 0.0 0.0 0.0 0.0 0.0 0.0 0.0 0.0 0.0 0.0 2.4636019409815863e-07 2.409664670734399e-07 0.0 9.220529251801299e-08 0.0 0.0 0.0 7.846915392261456e-07 0.0 0.0 0.0001179191928728574 2.2999504149292984e-06 6.631512750203237e-05 6.4241760644965144e-06 0.00020909818259599885 1.5987685407996674e-05 4.530092935182392e-07 3.7411655259847894e-06 0.0 0.0 0.0 0.0 3.301248569610312e-06 0.0 0.0 0.0 8.234937184584102e-07 0.0 9.754907642282394e-05 5.802142177198666e-07
0.0004994635176676674 0.0 0.00047035089273915394 0.00048185116535396337 0.0011405940245829975 7.037690447711915e-06 0.0002663985768668813 0.00042857197994014117 0.001143577119079136 0.00034119209107693753 0.0009568958038379985 2.856342800636873e-06 5.052156057070832e-06 6.201962819666166e-05 1.1549950577804825e-05 1.5223576795051223e-07 8.75926117882566e-08 1.0773152899541894e-07 1.0981677195981971e-07 3.707902371649811e-07 8.540563378175997e-07 0.0 3.759176992053935e-07 9.279909729943771e-07 3.2102199362521103e-07 1.895962910786323e-07 6.372602381741893e-08 1.4340583597775977e-07 8.023503809363494e-08 1.1644196868446346e-07 0.0006393031863402868 3.082144214276416e-05 2.0473354790582854e-05 1.1220363676462827e-07 1.516901908259953e-06 9.887783824540498e-07 2.1718282124606955e-05 4.6825466889583715e-07 7.256390503521902e-07 7.61217583250805e-08 2.7129556028958817e-07 7.561029732832244e-08 1.8370119275367702e-07 1.2242258362518025e-07 5.855984090839907e-07 2.5718897064406163e-07 4.6073307025104705e-05 1.2619131625433585e-06 1.3817029401339403e-07 2.058337575209324e-07 3.5022297995668907e-07 1.235412953090679e-07 0.0 0.0 1.5486370315095044e-06 2.337897135379339e-06 1.4080271940190061e-05 0.0001621941649414399 2.1221468675051743e-05 1.2682864098697389e-05 1.313775170276146e-07 1.0396299066900382e-06 7.446603366356875e-08 2.319827365612579e-05 1.252373709533429e-06 5.715165793820546e-07 4.691037835765361e-07 8.704559495066292e-08 4.231479041656359e-08 5.461481326708286e-07 2.6928969272581943e-06 0.0 0.0 0.00010500976626576156 5.690203321616498e-05 3.0207169616006533e-05 9.286623174447198e-06 4.147711267608642e-07 2.2389033893066043e-05 4.054457931859671e-05 8.581013658223292e-07 5.678127949799705e-06 1.950209149702438e-06 4.3740016234156915e-07 4.5118013610340987e-07 1.3499719877604847e-06 1.142809242413231e-07 3.755845831537243e-08 4.942328594558627e-08 0.0 0.0 5.580166746827469e-08 2.5465514195724335e-07 0.0 0.0 6.432975778101298e-06 2.376737293384203e-06 0.0 3.791587001291931e-07 0.0002921334552068353 0.0 0.0 8.515630512949555e-08 0.0 6.429509206522162e-07 1.5261964422753938e-06 0.0 1.1757325074122546e-06 3.202289848362289e-07 9.067941124804826e-08 0.0 4.108871402228387e-06 6.492101220241135e-07 1.2433155459722293e-06 1.299170720825692e-06 5.242957462126266e-08 1.4842653295412891e-07 0.0 0.0 0.0 0.0 0.0 0.0 0.0 0.0 0.0 0.0 0.0 0.0 0.0 0.0 0.0 0.0 0.0 5.881207005578878e-07 0.0 0.0 0.0 0.0 8.528595890029592e-07 0.0 4.882147573518902e-07 0.0 0.0 0.0 0.0 8.961221320034547e-08 0.0 0.0 1.2742846599300644e-07 0.0 0.0 0.0 0.0 0.0 0.0 0.0 0.0 0.0 0.0 2.2109570715638945e-07 0.0 0.0 0.0 0.0 0.0 7.198011269741902e-07 0.0 0.0 2.3039264069362504e-07 1.856766390630844e-07 0.0 6.904251355198285e-08 0.0 0.0 0.0 2.0608854849923316e-06 0.0 0.0 0.0 0.0 2.3327667861094507e-07 0.0 0.0 0.0 0.0 0.0 0.0 0.0 0.0 1.2463723299504507e-07 3.41137321387219e-08 0.0 1.5119800793848426e-07 0.0 0.0 0.0 9.8265503303234e-07 3.3288575610184774e-07 1.3110718651207255e-07 3.9745360871539865e-05 2.55936190849604e-06 0.00010680603365384579 2.40318218703161e-05 0.0003486649845014578 2.3880995444909568e-05 7.329156450633219e-07 1.6189013347393431e-06 1.4156929505879375e-06 8.929558556998332e-08 6.050860843711229e-08 0.0 3.042031671408618e-06 0.0 0.0 0.0 0.0 0.0 5.239515331724979e-05 1.8422273018130768e-06
0.0002497342216074129 0.00047035089273915394 0.0 9.588175335863441e-05 3.601147291568157e-05 0.0 4.1265561685281266e-05 9.148789417462234e-05 0.00015999863079425974 4.6178949062226395e-06 0.0003865044059919052 3.4910217308060035e-06 0.00010442943239188816 0.00019575328590044978 4.36878530220615e-05 4.100114848802611e-06 2.5071254778217635e-06 2.8815984073971715e-06 2.5527676714550385e-06 1.7736606891251888e-05 3.188591020965215e-05 7.691693253616993e-08 5.970286524940828e-06 1.3871184992954948e-05 5.482528277585767e-06 7.09903447209636e-06 1.1810462843216089e-05 1.6540077119786935e-06 9.423021423566134e-07 4.871255262317873e-06 0.0019221023264369458 0.00014587356661007264 0.00013615799551662452 3.311461017863545e-05 8.716899269604374e-05 7.386698049200848e-05 8.040864722936188e-05 1.933586456227915e-05 2.4031667657147113e-06 2.509340927032227e-06 7.428990849073126e-06 1.8738476654942649e-06 8.062540911533599e-06 1.5381806147065125e-05 1.88601129250299e-05 1.1690802230127961e-05 9.731502655976587e-05 1.910573360992094e-06 4.89398698182474e-06 3.314238780765501e-06 2.6711725387056713e-06 5.770842229661118e-07 5.369253111929227e-07 9.46744812090148e-07 1.9407591305763702e-06 1.4140155834103375e-06 1.1887361071187245e-05 0.00013626818971580518 2.3163086935873764e-05 1.9818653134684678e-05 4.14248373809624e-05 3.4701130115020245e-05 2.2762016384064136e-05 0.0003474454393557966 9.366570351860376e-07 1.017535496270147e-06 4.6134469380328497e-07 4.4169565750337544e-07 5.5402871823094444e-06 2.2585011195387185e-05 1.502905491389584e-05 1.6594226757467097e-06 0.0 0.0001435995470546483 0.0001526123779332145 0.00010017305886174746 6.350588689674511e-05 1.5354985224942542e-05 0.0004425444252561412 0.00013385008311772302 3.1863319558616835e-05 0.00026895402252951223 1.5261361459992747e-06 4.4316367713396875e-07 3.6694683141757865e-07 1.958708146652274e-06 8.005194833805113e-07 1.4206964568439382e-07 8.961003607325382e-08 3.6168817210909455e-07 6.210657836477648e-07 1.8948075117797782e-07 8.921012970309065e-06 1.2579269832983483e-06 9.220577437320267e-07 8.604400591541549e-06 8.750648807397274e-06 0.0 4.458292196688353e-06 0.00022903778253427346 0.0 0.0 0.0 0.0 2.3028678861836227e-07 7.178573231391794e-07 0.0 2.8088613559905856e-06 1.2493333008283323e-06 9.042389143938773e-08 2.2897657168529948e-07 4.041795084146504e-06 9.635560529642973e-07 1.1883677961299041e-06 6.860310196220991e-06 1.4388977855627866e-07 5.900209540477426e-07 0.0 2.3514727752291418e-06 0.0 0.0 0.0 5.616151770423069e-08 0.0 1.9381278539930618e-07 7.57228758679329e-08 0.0 4.1254070687539996e-07 0.0 0.0 0.0 0.0 8.360754841842261e-08 1.8930255839768567e-07 1.524594993626377e-06 0.0 0.0 0.0 0.0 3.000061323566926e-06 1.5132953255595206e-06 6.631981393977026e-06 1.809172168460212e-07 3.412058099818943e-06 0.0 1.7677917713387602e-07 3.886700923899412e-07 6.757382673728077e-08 6.876452017334397e-08 4.5760353889762267e-07 9.569278870752864e-08 0.0 2.2543025794935602e-07 0.0 0.0 2.0000822972137371e-07 1.757783884854594e-06 0.0 0.0 0.0 9.971633416428915e-08 0.0 0.0 0.0 7.061035250889785e-07 8.188306165576764e-07 7.010123648870716e-06 0.0 0.0 9.926028456350901e-08 1.3800217142131618e-07 4.772981270950145e-08 1.73466014981474e-07 5.594107383204686e-08 1.4226765500321383e-07 0.0 6.745173255259859e-06 2.545265353923775e-07 0.0 3.297564948604459e-07 1.8750417338674863e-07 1.1707071674587544e-06 8.095923015821341e-07 2.3591770817739094e-06 0.0 0.0 0.0 0.0 0.0 0.0 4.1501044296950385e-08 4.992756398360648e-08 0.0 0.0 2.996034797240814e-07 0.0 2.6333750919212215e-07 5.079660429328754e-06 3.973513956417414e-06 3.2783337412297208e-06 5.017598449685567e-05 5.547476922134934e-06 0.00015744232224018152 6.379246135158582e-05 4.761555562050995e-05 2.3021027446214137e-05 5.411783367697953e-07 5.214530994610134e-06 1.6816324465908284e-06 0.0 9.446419102060036e-07 3.4030716878118927e-07 7.863694409313653e-06 2.769421500915169e-07 0.0 4.654855036950629e-07 1.629779923797037e-06 1.1764508423026572e-06 8.361754010520845e-06 1.9069920103362892e-07
0.0004035207127805028 0.00048185116535396337 9.588175335863441e-05 0.0 0.00010671000121380363 1.0024930767377613e-05 0.001045127117411287 7.155277498239539e-05 2.2750429237679648e-05 0.00010959369029917961 7.101042635397727e-05 4.757848768297431e-05 0.00044928501105881424 3.1503000815055034e-05 1.4605826112681604e-06 1.2811794029362977e-07 0.0 0.0 0.0 0.0 0.0 0.0 0.0 0.0 0.0 0.0 0.0 0.0 0.0 0.0 7.341540521514127e-05 2.0307948106026882e-07 1.3363441054441373e-05 0.0 4.563440981867298e-08 0.0 8.674407814298146e-06 0.0 0.0 0.0 4.814270213127101e-08 9.12999548957535e-08 0.0 0.0 0.0 0.0 1.2073899911103548e-05 3.645680235436738e-07 1.3849866954639593e-07 0.0 1.854989300888126e-07 7.409131029414792e-08 0.0 0.0 4.091917430774907e-07 5.014217604241414e-07 5.167958789247561e-06 6.885826193233948e-05 7.938869156370478e-06 3.530190151195687e-06 0.0 0.0 0.0 4.234087122862319e-06 3.296576033492181e-07 2.4798705036656794e-07 1.3689091191080682e-07 5.385578794937013e-08 0.0 0.0 4.968486940434656e-06 0.0 0.0 3.163867692516365e-05 1.874131631146092e-05 6.6335612196182616e-06 1.5801176376773884e-06 0.0 1.5511582227148707e-07 1.811672821319682e-07 0.0 9.439586473504159e-08 6.688398099848695e-07 5.4208689326275526e-08 1.0515494980404287e-07 5.556499658610127e-07 1.0829341896647751e-07 0.0 6.616556885518726e-08 0.0 4.9921906574497335e-08 0.0 0.0 5.5774824037467184e-08 0.0 1.3908964733999714e-05 5.781390176320503e-07 0.0 0.0 0.00019149326984160158 0.0 1.867559283596349e-07 0.0 0.0 1.1048694240023036e-06 4.881266355967755e-06 2.1047689618066787e-06 4.4617451826823034e-06 2.5998834640947867e-07 1.767695829483592e-07 1.045917773568642e-06 1.0049021849145226e-05 9.919875926403174e-07 9.781476113253054e-07 3.28715784412026e-06 0.0 0.0 0.0 0.0 0.0 0.0 0.0 0.0 0.0 0.0 0.0 0.0 0.0 0.0 0.0 0.0 0.0 0.0 0.0 1.6182269637702108e-06 4.157284813336362e-07 0.0 0.0 0.0 5.601136772547716e-07 0.0 2.9622215944772927e-07 0.0 0.0 0.0 0.0 0.0 4.341915256995353e-07 0.0 0.0 0.0 0.0 0.0 0.0 0.0 0.0 0.0 0.0 0.0 0.0 1.0758791273893732e-07 0.0 0.0 0.0 0.0 0.0 7.992286928198308e-07 0.0 0.0 0.0 4.2503720569178756e-08 6.419602575956069e-08 0.0 0.0 0.0 0.0 4.0128391416626803e-07 0.0 0.0 0.0 0.0 5.935598741352295e-07 0.0 3.8400298738455484e-07 0.0 0.0 0.0 0.0 0.0 0.0 0.0 0.0 0.0 0.0 0.0 0.0 0.0 2.188393607305595e-06 0.0 0.0 4.871139986949865e-05 8.090852728727886e-07 3.2734734719887084e-05 4.009217795075304e-06 0.00029824734599064886 7.125017407076716e-06 1.0661343767570265e-07 5.972527576853755e-07 5.014077027379205e-08 0.0 0.0 0.0 1.112721325717904e-05 0.0 0.0 0.0 0.0 0.0 0.00013727573388034068 4.4710996813326394e-06
0.0007321817805810128 0.0011405940245829975 3.601147291568157e-05 0.00010671000121380363 0.0 4.93413597167285e-06 0.0006582288759095886 1.773480319607971e-05 0.0011348974083567873 0.0005994370657069058 0.000128433381850123 1.5250063504755268e-05 4.183706783552225e-05 0.000624675801070514 1.6761619137997115e-05 1.4476193644952842e-07 2.544382954169207e-07 0.0 0.0 8.432686652751206e-08 2.3795079100030381e-07 0.0 0.0 0.0 0.0 1.096638502407689e-07 1.442905962375078e-07 6.112374048038005e-08 7.807766121226188e-08 1.9096001539688323e-07 0.00022958225599971642 1.8714027361636893e-06 4.1276936530561024e-05 0.0 2.0110850215322696e-07 1.2994253276455723e-07 5.6950723177036845e-05 0.0 0.0 5.3332056227337365e-08 0.0 0.0 0.0 1.182444075216518e-07 0.0 5.1306805209462266e-08 4.810886268983421e-05 1.2934007409802622e-06 4.251786682311463e-07 3.8012923841602007e-08 7.93512247671219e-07 0.0 0.0 0.0 2.083196515656181e-06 2.6627147003825196e-06 1.2363999934546282e-05 0.000112064942863746 2.1256006104214466e-05 1.4219907624114228e-05 0.0 2.2999748432316657e-07 0.0 3.5423726130849184e-05 1.3048478684401333e-06 7.592727337705245e-07 5.020171578637718e-07 1.4061006144586533e-07 1.408500838552282e-07 8.614649608506933e-08 1.1475861534375986e-05 4.274243123996063e-07 0.0 9.832699621501956e-05 5.8397026284827095e-05 4.507987567336472e-05 1.349028781782645e-05 2.1066378810533915e-07 6.068554215125307e-07 3.1807254942576486e-06 0.0 5.864035988600337e-07 2.03484370515392e-06 6.998529541922195e-07 2.2037247177919958e-07 2.402456035162483e-06 9.122689238335502e-08 0.0 4.440072787670324e-08 0.0 0.0 0.0 4.859103424569399e-08 4.610757210659291e-08 5.420929408380098e-08 4.345464671771821e-05 2.0416834776519197e-06 0.0 9.612087275966693e-07 6.312540055486276e-05 2.243865166903182e-07 5.30093396641092e-07 4.450221122261871e-06 2.518066910940506e-07 1.260652859565284e-06 1.3639073498717477e-05 9.607532632451076e-07 1.6386186563573664e-05 3.7807280180830463e-06 9.472433780957988e-07 1.7317218202782792e-06 3.648227165122388e-05 6.344224599157395e-06 7.99136116147667e-06 1.6834891774373234e-05 1.9058824168352204e-07 5.921307345610312e-08 0.0 0.0 0.0 0.0 0.0 0.0 0.0 0.0 1.0091414032918405e-07 0.0 0.0 0.0 0.0 0.0 0.0 0.0 0.0 3.765222101458496e-06 9.078670693804921e-08 0.0 0.0 0.0 4.8201355027585435e-06 7.090113709444944e-07 2.2705481379817173e-06 0.0 4.862187453849557e-07 0.0 0.0 0.0 0.0 0.0 0.0 0.0 0.0 0.0 0.0 0.0 1.0728172985628909e-07 0.0 0.0 0.0 4.916621327566684e-08 5.227554951235244e-07 0.0 0.0 0.0 8.082599934419158e-08 0.0 4.610550929818187e-06 0.0 0.0 1.530013129445156e-07 9.864955359436202e-08 0.0 0.0 4.244222258133165e-08 0.0 0.0 5.475279759230466e-06 2.999751597975677e-07 0.0 0.0 0.0 3.6448154282736686e-06 0.0 1.513231006670442e-06 0.0 0.0 0.0 0.0 7.282989534255901e-08 0.0 1.2117103597541002e-07 1.1427019467232302e-07 0.0 0.0 0.0 0.0 0.0 1.5804500225577014e-05 9.406444122411139e-07 1.4196870970256385e-07 2.4572864320020758e-05 2.477904916854768e-06 0.00010053699753169188 2.5402497127203184e-05 0.00011075894961576594 1.76446186481606e-05 1.022867616060498e-06 9.863703550375112e-07 1.4427889905646693e-06 7.770734672028473e-08 5.945258084615398e-08 1.0053637600482548e-06 1.0009102772501648e-05 1.8184965150708277e-07 0.0 3.5200312079866447e-07 1.8105617373839385e-06 0.0 0.00013455981596049372 1.1135103419367199e-05
3.6059892577251192e-06 7.037690447711915e-06 0.0 1.0024930767377613e-05 4.93413597167285e-06 0.0 9.975227521616014e-06 4.954205798258974e-07 2.683555733273418e-06 1.2421633474985755e-05 0.0 1.1947271859252962e-05 3.214763736270215e-05 3.4809893574945483e-06 0.0 0.0 0.0 0.0 0.0 0.0 0.0 2.841679685804788e-07 0.0 0.0 0.0 0.0 0.0 0.0 0.0 0.0 9.124410807435723e-07 0.0 3.369765427921165e-07 0.0 0.0 0.0 2.7514669522833226e-06 4.104179533377749e-07 0.0 3.004404797459639e-07 0.0 0.0 0.0 0.0 0.0 0.0 1.465137395243592e-07 0.0 0.0 0.0 0.0 5.118193877726673e-07 4.0956641463284744e-05 0.0 1.0677570777559865e-07 0.0 4.307715618074724e-06 8.802355341724422e-07 0.0 0.0 0.0 0.0 0.0 0.0 0.0 0.0 0.0 0.0 6.66601200512012e-08 0.0 1.7885209350121005e-05 1.2392818624383453e-05 8.965163402701799e-07 1.1057685462778659e-07 0.0 0.0 0.0 0.0 0.0 4.6278444589663985e-07 0.0 0.0 0.0 0.0 0.0 0.0 0.0 4.0118979828866064e-07 0.0 1.0984661771911656e-06 0.0 7.884511021705508e-08 0.0 3.0396998512436105e-07 0.0 6.220537576792999e-06 3.800902379543527e-05 1.0945656659463814e-05 4.0848576474891444e-06 7.098299966379893e-05 0.0 0.0 0.0 0.0 0.0 9.793263266607027e-07 0.0 0.0 0.0 0.0 0.0 4.380080138845627e-07 0.0 0.0 0.0 0.0 0.0 0.0 3.999851056912984e-07 0.0 0.0 0.0 0.0 0.0 0.0 1.6546589617020468e-07 0.0 0.0 0.0 1.0379437022492433e-07 0.0 0.0 1.5506014946419168e-07 0.0 0.0 0.0 0.0 0.0 5.654727107058366e-08 0.0 8.470643576045949e-08 1.9628069161418793e-07 6.630568532134419e-08 5.275509725940895e-07 0.0 0.0 0.0 0.0 0.0 1.1321912219141205e-07 0.0 0.0 0.0 0.0 0.0 0.0 5.002367400038331e-07 1.8151576292644552e-07 0.0 0.0 0.0 0.0 0.0 0.0 0.0 1.15749970008879e-07 0.0 0.0 0.0 0.0 0.0 0.0 0.0 0.0 0.0 0.0 0.0 4.129183018676514e-07 0.0 0.0 0.0 0.0 0.0 8.731046704183001e-08 0.0 0.0 0.0 0.0 0.0 0.0 0.0 0.0 0.0 0.0 0.0 0.0 0.0 1.6665533327127945e-07 3.142056896208604e-07 7.659658272078013e-08 4.2249608885743855e-05 1.2119265898319128e-06 1.1576252945710129e-07 0.0 6.250147550884794e-06 0.0 0.0 0.0 2.974202192206187e-07 0.0 6.341679373717467e-08 0.0 1.438684161794826e-06 6.642642613671765e-08 0.0 0.0 0.0 0.0 1.730602313435787e-05 5.777392768093828e-07
0.000383597802304445 0.0002663985768668813 4.1265561685281266e-05 0.001045127117411287 0.0006582288759095886 9.975227521616014e-06 0.0 4.5336597115719995e-05 0.0016314392133363895 0.0011466183369654086 0.0004544081164338165 7.637603135001986e-05 9.83924347365743e-05 0.000468455034342173 3.0599458144344403e-06 2.2203936689745584e-07 0.0 0.0 0.0 0.0 0.0 0.0 0.0 0.0 0.0 0.0 0.0 0.0 7.094394924525825e-08 0.0 1.7413142531687686e-05 1.1663763310474922e-07 1.1856775833896606e-05 0.0 0.0 0.0 2.3819520153027147e-05 0.0 0.0 0.0 0.0 0.0 0.0 0.0 5.586232269724761e-08 0.0 8.782996659266637e-06 1.5214238558525832e-07 1.4178817982706035e-07 0.0 0.0 0.0 0.0 4.821881964458843e-08 2.371984453270013e-07 3.4767119582385684e-07 1.5034988115846557e-06 1.6728738358189673e-05 2.9076684313628537e-06 2.4463945019933704e-06 4.718699405963288e-08 0.0 0.0 4.751871971522614e-06 6.279399102748724e-08 1.0313981189265804e-07 4.198021124184891e-08 0.0 0.0 0.0 5.839430745886241e-06 2.6773442024011735e-07 0.0 1.6926278732417766e-05 6.644331073272881e-06 7.503227375304951e-06 1.8498871879421838e-06 0.0 1.849613825835692e-07 1.1154378543843268e-06 0.0 0.0 4.633780329653554e-07 8.809791596323936e-08 9.758652252109272e-08 4.482969331416411e-07 0.0 0.0 0.0 0.0 0.0 0.0 0.0 5.385695844780651e-08 0.0 3.4006045954835904e-05 1.2271865340133823e-07 0.0 2.237556492464041e-07 1.7544756208479814e-05 0.0 1.9139635848598857e-06 3.337145220573965e-06 1.1808288107842901e-06 8.704558012434939e-07 1.4292599412346279e-05 5.63004051470294e-07 1.8669802692331664e-05 1.6822805515750488e-06 1.1046747467023657e-06 9.47268425982005e-06 3.2825535293329944e-05 5.781989892899363e-06 5.497736856394189e-06 1.03697219791104e-05 0.0 0.0 0.0 0.0 0.0 0.0 0.0 0.0 0.0 0.0 0.0 0.0 0.0 0.0 0.0 0.0 0.0 0.0 0.0 2.9180237959145036e-06 4.0541313612352585e-07 0.0 0.0 0.0 1.6707402992595801e-06 0.0 1.203295213410584e-06 0.0 0.0 0.0 0.0 0.0 8.934774298030816e-08 0.0 0.0 0.0 0.0 0.0 0.0 0.0 1.353600560224875e-07 2.680711726402622e-07 0.0 0.0 0.0 4.0372176588296505e-08 0.0 0.0 0.0 0.0 0.0 2.163305288181823e-06 7.664223996312163e-08 0.0 4.259005653384572e-08 4.751931417236535e-08 0.0 0.0 0.0 0.0 0.0 4.320181527865308e-06 8.081985032573914e-08 6.096992137919467e-08 0.0 0.0 2.71719160942549e-06 5.320582187263584e-08 9.242512382934844e-08 0.0 0.0 0.0 0.0 7.812208552958376e-08 0.0 0.0 0.0 0.0 0.0 0.0 0.0 0.0 1.2996266447929735e-05 2.588028538881345e-07 0.0 1.7038730846492126e-05 4.191645302152117e-07 1.8194412325523143e-05 5.0135277436763066e-06 7.068991621541663e-05 2.0459452897703884e-06 4.88881309391468e-07 1.6966852398606896e-07 2.451169530856252e-07 0.0 0.0 0.0 1.785747275097331e-05 6.491316518089386e-07 0.0 0.0 0.0 0.0 0.0001467830374730007 1.058397629457929e-05
5.551328439826666e-05 0.00042857197994014117 9.148789417462234e-05 7.155277498239539e-05 1.773480319607971e-05 4.954205798258974e-07 4.5336597115719995e-05 0.0 0.00011474139869685058 4.400100161503616e-05 3.9764594041450315e-05 6.836487463705237e-05 0.00040602938376105 0.0009282952307855591 4.544636664636293e-05 3.4225880442123777e-06 1.2092931361215131e-06 8.394808425968003e-07 1.4519241065947378e-06 1.1692808725859225e-05 2.8797363113760105e-05 0.0 7.993718869165432e-06 1.1953262591201832e-05 9.65822053271064e-06 8.098106568949414e-06 1.6507042977372698e-05 2.8784323651932377e-06 4.711346881018589e-07 4.905357905934741e-06 0.0010894932615773197 0.0004821440670902667 0.000112410206036055 1.858048502335785e-05 8.494270789283226e-05 0.00014126890118829557 3.50059846028947e-05 1.941758860704034e-05 2.837672484407861e-07 4.130587031550945e-06 3.90158992542141e-06 1.290694224757464e-06 4.931822231807023e-06 6.854780855247437e-06 1.1413598504849207e-05 3.5701143156058e-06 8.08391950441506e-05 1.4161712669706392e-06 4.482666995571957e-06 2.6196575291360086e-06 1.0750821740206604e-06 7.535993512593874e-07 1.4546180360576832e-06 2.947059581998333e-07 7.447089357307662e-07 1.1376627051499675e-06 4.9693380644710045e-06 4.086881443187297e-05 1.0526781039475991e-05 9.021189286948883e-06 2.1715288988432042e-05 4.344708907462752e-05 2.9922817871368225e-05 0.00025545411903191595 6.507398269223037e-07 3.2992455502594053e-07 1.324156789107724e-07 1.1837480104746391e-07 3.0495339928415427e-06 1.5593318250010568e-05 6.2689973045241e-06 4.030509945866904e-06 1.2846473166869724e-07 5.3951241394557364e-05 7.704175909728707e-05 5.396490908240421e-05 5.8982156888604374e-05 1.9444521947734418e-05 0.00026860677301745507 6.702368550771918e-05 1.5419329369475903e-05 0.0002905964692426299 5.399107142748325e-07 9.11839702056932e-08 1.0236031455729318e-07 9.607680661486663e-07 3.8882913191415284e-07 1.7861537314596944e-07 0.0 5.513707679391022e-07 3.602499533686913e-07 1.6671779887116725e-07 4.54525043734071e-06 6.789301775921859e-07 7.155696541751918e-07 3.030240871561846e-05 6.600635836017073e-06 0.0 8.525774520598554e-07 0.0001129562158587289 0.0 0.0 1.3261181855342337e-06 8.200778918881536e-08 3.167024057039227e-07 3.9970720595253444e-07 4.1129517168593124e-07 2.221743222458406e-06 2.0710768510080613e-07 1.1986002310341046e-07 1.1613447640423107e-06 8.180249301001299e-06 1.453182774776663e-06 1.7676081747573536e-06 8.370221532767724e-06 1.836676848949389e-06 1.2505192498440668e-06 0.0 6.275305401517346e-07 0.0 0.0 0.0 0.0 0.0 5.962465972294686e-08 0.0 5.5823926446873096e-08 3.1696494850320147e-07 0.0 0.0 0.0 3.0185338060518836e-07 0.0 0.0 8.881874635630858e-07 0.0 0.0 1.457433954867668e-07 0.0 5.18323404745024e-06 1.4816417158210785e-06 6.066867288877141e-06 4.1762234780368974e-07 1.8980154929426875e-06 0.0 0.0 3.736405842356408e-07 1.6615340013179344e-07 0.0 5.15465076825859e-07 0.0 0.0 2.750581119066674e-07 0.0 0.0 7.680164624350997e-08 1.0283927705513147e-06 0.0 0.0 0.0 8.183954174357096e-08 0.0 1.2412155040059313e-07 0.0 1.5449744794755058e-07 1.0492032573346849e-06 5.908390708085169e-06 0.0 0.0 0.0 0.0 0.0 2.2691964307807463e-07 1.4547942467939566e-07 0.0 0.0 1.0451941772877674e-05 1.2930037391239359e-07 6.907630194017949e-08 1.9393454064665785e-07 2.5962509782639574e-07 1.3359938408100427e-06 2.7384624415389023e-07 1.3223712483662953e-06 0.0 0.0 1.6045262795724502e-07 7.578026930792982e-08 1.6364805747525508e-07 0.0 0.0 1.7518354586208775e-07 4.4516263875696285e-08 1.960026475139501e-07 1.1910204343096758e-07 0.0 1.4789551292849903e-07 5.713634145894952e-06 3.7970044504182933e-06 3.1935455929734177e-06 5.402232643568414e-05 5.832319148536367e-06 0.00011915537104320256 6.0642151188967446e-05 1.6469658068860486e-05 1.4390192817398178e-05 8.996602639553281e-07 2.497857736515531e-06 3.549590971597179e-06 9.349950873745053e-08 7.159544750444574e-07 3.5288124823393975e-07 2.031427894190309e-07 0.0 0.0 1.7145635890443282e-07 3.09815722359756e-06 7.112167928850189e-07 4.903330126640244e-06 3.03903972914211e-07
0.00020434836001897522 0.001143577119079136 0.00015999863079425974 2.2750429237679648e-05 0.0011348974083567873 2.683555733273418e-06 0.0016314392133363895 0.00011474139869685058 0.0 0.0024519916685132553 0.0002229190716457023 0.0004892976939371752 0.0006285129677140027 0.0002536913586285977 4.833837890421695e-05 3.249846224416812e-07 3.8224636575782764e-07 0.0 0.0 7.983592777945835e-07 7.586798450992095e-07 0.0 3.93135458088157e-07 1.3597271207139617e-06 8.197106558070643e-07 1.1027581608576627e-06 5.712442082975721e-07 2.905534472253531e-07 7.428267898517219e-08 2.5212290124663715e-07 0.0002681038888011696 1.1362551710260736e-05 0.00014381803621005 6.85919262772391e-07 3.816807430672555e-06 8.795625498537907e-06 0.0001532410139896311 3.1926622568201005e-06 4.5640097660741466e-07 2.644554873636563e-07 1.192841066594227e-07 1.2198040052920973e-07 1.6715711424596874e-07 1.6866491521675297e-07 6.115011141998544e-07 2.0529738831744825e-07 9.289492069626246e-05 1.2805091872366142e-06 4.4074424125933734e-07 1.1354164913389351e-07 1.0065607000443066e-06 4.1089801376314655e-08 3.862712806977587e-07 6.271042134079159e-08 1.4733131473452395e-06 2.8740675336057217e-06 8.967634964773464e-06 7.914988062022352e-05 2.07368645776365e-05 2.1968134762201354e-05 5.027118603907443e-07 2.9629559964095657e-06 6.811919005075003e-07 7.368613278716294e-05 1.459981275499796e-06 3.189176871429432e-07 4.3314052344853054e-07 0.0 1.8472997114103656e-07 2.963617062713138e-07 3.706730807279528e-05 8.473218017126848e-06 0.0 0.000135446943256803 6.760098912501055e-05 8.39086317281065e-05 2.8990234974483026e-05 1.352023504763272e-06 5.57085765571314e-06 1.4992937518632071e-05 2.571688224643102e-07 8.745529675404071e-06 2.5467246572426784e-06 6.35108214372332e-07 1.3113573496893574e-07 2.2810167541095784e-06 0.0 5.441541105512358e-08 0.0 0.0 4.716768863875562e-08 0.0 2.1786599764083942e-07 7.32653597775048e-08 5.6064631646990544e-08 0.00038583938402008024 8.077706923215548e-06 0.0 1.3888473972765906e-06 3.995752191442507e-05 9.848232409259109e-07 5.92471859943334e-06 1.996555595569261e-05 1.1868760895126202e-07 7.381581214505908e-06 5.551675164873491e-05 9.271246831999554e-06 7.092634738341194e-05 7.48324189873781e-06 3.217356336463856e-06 1.534996556190646e-05 0.00016109651386814647 3.507801355346888e-05 3.0500590768794357e-05 6.945577792341818e-05 4.778447264548325e-07 8.558705284590892e-07 0.0 2.2750051073044827e-07 0.0 0.0 0.0 7.814514434878032e-08 6.697272116694226e-08 0.0 0.0 0.0 0.0 0.0 0.0 0.0 0.0 0.0 0.0 1.80707951819154e-05 2.886883106394204e-06 0.0 1.942223662121623e-07 0.0 1.7957606527798287e-05 6.136651746272989e-07 9.784512944134596e-06 1.2917814266234449e-07 1.3716190531863006e-06 0.0 0.0 0.0 1.3355508812834428e-06 5.416597393667074e-08 1.1613772882921963e-07 0.0 0.0 1.7690530614371823e-07 0.0 0.0 2.3650656760292195e-07 5.014532000121424e-07 5.922729501210506e-08 0.0 0.0 1.6638647368210577e-07 5.498513478205064e-07 1.8536777573901687e-07 0.0 1.7559076226810238e-07 1.7293859228770518e-07 2.4220538726902872e-05 9.257258088136601e-07 0.0 2.0343366218213134e-07 3.2119853990436933e-07 1.0636793733365749e-07 0.0 6.602570989868637e-08 0.0 0.0 3.1644225626181344e-05 2.7457984000290657e-06 5.162771452310467e-07 0.0 0.0 1.9308973125429097e-05 7.982232034496937e-08 3.0765992135944447e-06 1.887453855353257e-07 4.785743176385318e-07 1.1342615995483795e-07 0.0 2.489450799267716e-07 0.0 2.4271719719137067e-07 2.3702704143764015e-07 4.564719166159819e-08 9.665980769572362e-08 0.0 0.0 5.539541477263936e-08 8.122222034540454e-05 6.779098814168284e-06 5.976648839421645e-06 6.360731673137369e-05 4.349647596977672e-06 0.000166391088223928 6.654315348852751e-05 8.230478373286965e-05 2.8691153837489497e-05 1.4025289399232549e-06 6.6676598016055565e-06 7.311450831903837e-06 6.078754211616174e-08 2.868177316259246e-06 1.4042193932733735e-06 6.569206032992818e-05 5.064980833878685e-07 0.0 7.174328262745824e-08 3.8272161192313045e-06 1.377827880207157e-06 0.00032189005598735014 4.5110813679375776e-05
0.0003044796302020416 0.00034119209107693753 4.6178949062226395e-06 0.00010959369029917961 0.0005994370657069058 1.2421633474985755e-05 0.0011466183369654086 4.400100161503616e-05 0.0024519916685132553 0.0 0.0002623982982346928 0.0001485748981178501 0.0035658531475345873 0.0007312678222338678 7.778657307744914e-07 5.598360584356327e-08 0.0 0.0 0.0 0.0 0.0 0.0 0.0 0.0 3.242706418054616e-07 0.0 0.0 0.0 0.0 0.0 1.3970403529740893e-05 3.2972405254545105e-07 1.6733078976066203e-05 0.0 0.0 0.0 1.7104523279954104e-05 5.161284607163356e-07 0.0 4.755312362953388e-07 0.0 0.0 0.0 0.0 0.0 0.0 3.232836150973275e-06 4.985578511782655e-08 0.0 0.0 0.0 0.0 4.829534683235858e-07 9.69087727131404e-08 2.048925792365511e-07 1.0168530761734336e-07 7.131071322531178e-07 9.975736953748816e-06 1.2373501006912482e-06 4.1934962503461704e-07 0.0 0.0 0.0 1.3163136575467412e-06 0.0 9.516589663971766e-08 0.0 0.0 0.0 0.0 5.06807327514094e-06 6.78129717410158e-06 0.0 5.056984932763449e-06 2.403438157482169e-06 2.1526376619589786e-06 4.947610390719537e-07 1.3217123201731996e-07 1.9498551948769396e-07 3.468390845837769e-07 0.0 0.0 5.005269416811634e-08 1.0711130138229156e-07 0.0 1.3704295185436897e-07 0.0 0.0 0.0 0.0 0.0 0.0 0.0 0.0 0.0 4.154255482228467e-05 4.326451505626143e-06 6.809187685990339e-07 0.0 8.580633061682881e-05 0.0 1.1227346089801948e-06 5.9637340044641015e-06 3.1501135930126265e-06 8.152594191954738e-06 2.336196523663457e-05 8.620612626954487e-06 2.6847645362711228e-05 3.3500296928020735e-06 5.9511163941745e-06 1.5638499786180884e-05 8.505235238302891e-05 1.3665511656146383e-05 1.6608150870308055e-05 2.8251199682674717e-05 3.387551541828017e-07 2.5002505201407665e-07 0.0 1.5059744860074935e-07 0.0 0.0 0.0 2.2271880222315651e-07 0.0 0.0 0.0 0.0 0.0 0.0 0.0 0.0 0.0 0.0 0.0 8.452162993711814e-06 1.6278112117553e-06 0.0 0.0 0.0 2.5880283984215322e-06 1.0590960135926498e-07 1.2660864342584386e-06 0.0 1.3792081787832672e-07 0.0 0.0 0.0 1.3654511936107171e-07 0.0 0.0 0.0 0.0 1.6934842387701224e-07 0.0 0.0 3.3154684244878654e-07 2.365451160180932e-07 0.0 0.0 0.0 0.0 0.0 4.840642401264134e-07 0.0 5.500746867254895e-08 0.0 5.079139834542531e-06 2.1112603354450914e-07 0.0 3.91853692070421e-08 0.0 0.0 0.0 0.0 0.0 0.0 1.3480502751326298e-05 2.8908015254847322e-06 2.96720167515792e-07 0.0 0.0 5.3762137969157035e-06 1.0113442033158677e-07 6.338280402324698e-07 3.843698372011604e-08 1.5352145123634865e-07 6.65125123950515e-08 0.0 1.9569428360254874e-07 0.0 0.0 0.0 6.449297340954594e-08 7.17892363960703e-08 0.0 0.0 0.0 5.268449920415662e-05 3.165617250575195e-06 7.146018587563676e-07 2.140132807734586e-05 3.092381683884557e-07 8.023534889998638e-06 2.544561224982728e-06 9.395034718945376e-05 7.433139903175556e-07 0.0 0.0 2.4031150374871457e-06 0.0 9.206375038476059e-07 2.3255477370031117e-07 2.162157974198144e-05 0.0 0.0 4.016520788427837e-07 0.0 0.0 0.00023253666864118708 6.470861599078359e-05
0.00010534855201677346 0.0009568958038379985 0.0003865044059919052 7.101042635397727e-05 0.000128433381850123 0.0 0.0004544081164338165 3.9764594041450315e-05 0.0002229190716457023 0.0002623982982346928 0.0 8.794967973382269e-05 0.00021045474950359108 0.0003176650800750382 6.214380851778878e-05 1.7078958095865692e-06 1.1368457050447015e-06 6.310448056404905e-07 3.3039859128602626e-07 1.6941422110561612e-06 4.36465808063072e-06 1.0420194558379278e-07 7.788426915862392e-06 6.388741803333504e-06 9.209424272739365e-06 4.70880172971023e-06 5.418614977920193e-06 8.154994677459686e-07 8.20446025351378e-07 2.661795191925857e-06 0.0009611564630038026 3.620957191028842e-05 0.00021824481225344488 2.9069518990400426e-06 2.623534518434381e-05 0.0001439840988419297 9.631963386232097e-05 4.9115456366721126e-05 8.109798611502112e-07 5.7745272864783835e-06 7.885914917530092e-07 3.4326409363614227e-07 7.208392615457177e-07 7.260143511675063e-07 2.211486324136885e-06 1.2020973682290746e-06 0.00012440799548804507 2.0536993385970403e-06 1.6114855482558188e-06 3.8047613513594687e-07 4.897275797609665e-07 5.521244284723147e-07 7.400071683650173e-07 3.808523450383819e-07 1.3274510828253315e-06 2.4324212126114397e-06 9.532505274557359e-06 9.350958173876274e-05 2.2698090544458648e-05 2.3198587954464267e-05 2.1846868182340245e-06 0.0001629864097109776 4.565097810699001e-06 0.00014989382016873564 1.176779303672211e-06 7.228295770869285e-07 4.675179532783217e-07 0.0 4.693004546254772e-07 3.2602386001290196e-06 1.571720831483706e-05 2.3235931903334523e-05 0.0 0.00013839472054552425 9.148615449400966e-05 0.00010479612689895784 4.903125053753526e-05 6.246242576919639e-06 0.00012417017185999485 2.6881227376426917e-05 1.2857702148536013e-06 4.3616188186239246e-05 2.131000908624387e-06 5.830763204964893e-07 2.440057130834231e-07 2.5405652642724516e-06 4.0608277827897554e-08 1.6830146764893584e-07 7.14593509200855e-08 1.571629421018151e-07 0.0 1.1572805047482717e-07 1.173820642577911e-06 4.038520345556106e-07 2.99320160577557e-07 0.00014714577031106258 1.4072311099404659e-05 9.782671660355966e-08 2.5276914045635e-06 7.930369025597823e-05 2.278392412729506e-07 7.782645664117016e-08 2.136362006054361e-06 0.0 3.465658921995579e-06 9.687836421721198e-06 7.465838713394418e-07 1.985370180244945e-05 3.1754446657087796e-06 1.4988202239896089e-06 5.3530506238818635e-06 4.261366733669492e-05 1.0691856675860863e-05 1.1792313320758032e-05 4.896174122140353e-05 2.1671016515970673e-06 2.368459419195643e-06 1.0333564408438637e-07 1.006062898764301e-06 0.0 0.0 1.0165888166431152e-07 7.424951486280822e-08 0.0 0.0 7.943912256686916e-08 0.0 3.0361902287319855e-07 0.0 0.0 0.0 0.0 0.0 2.2518004049861232e-07 6.529432032217276e-06 6.019015638985397e-07 0.0 8.005005096008576e-07 0.0 2.544123545574574e-05 1.6184614614269536e-06 1.928518838261059e-05 3.0499341823552777e-07 5.591155358836518e-06 0.0 0.0 5.3394685697006285e-08 2.479978084176967e-06 2.5327979458951926e-07 1.4939888785452922e-06 0.0 1.9354704323763475e-07 1.154404395007027e-06 0.0 0.0 1.6050157039853127e-07 6.999815880687156e-07 0.0 0.0 0.0 3.632402296257581e-07 1.423346075137744e-07 1.3764009723833105e-07 0.0 5.289625546917422e-07 2.397878925880208e-06 3.567575032396268e-05 4.249772215485848e-07 0.0 3.684130953005174e-08 0.0 0.0 4.995415380641945e-08 0.0 0.0 4.137182126957467e-08 5.2031755893585684e-05 7.185639218319269e-07 3.037087883982841e-07 6.121070071087977e-08 1.1081049391900982e-07 9.920808848771916e-06 9.194408369678557e-07 6.159836323821566e-06 5.342281121376778e-07 4.90613725110531e-07 7.462705015963943e-07 2.7403131166166536e-07 5.128591766486517e-07 0.0 4.7678245620554687e-07 1.2888674317494764e-07 0.0 7.300365973710022e-08 7.392651191762933e-08 0.0 0.0 3.74827966487694e-05 1.5598272837235252e-05 1.2213423215472837e-05 7.993456892497228e-05 6.4946976159710345e-06 0.00020868270859663194 9.228775203766335e-05 4.7632609494004977e-05 2.9197367528773943e-05 2.347422835032641e-06 7.2247416655154165e-06 9.211307967578008e-06 1.0119985119418007e-07 5.458204013021325e-06 1.2641838787883256e-06 1.5228719243373283e-05 1.7153695162343866e-07 5.230647720237061e-08 3.2671198941082195e-07 3.2862793460271466e-06 1.0564047060462017e-06 1.9865069878346596e-05 5.80967850551283e-06
8.047900651853983e-05 2.856342800636873e-06 3.4910217308060035e-06 4.757848768297431e-05 1.5250063504755268e-05 1.1947271859252962e-05 7.637603135001986e-05 6.836487463705237e-05 0.0004892976939371752 0.0001485748981178501 8.794967973382269e-05 0.0 0.0005851282061204476 0.00018236676985832671 7.257178131919738e-07 0.0 7.384387472802133e-08 0.0 0.0 0.0 0.0 0.0 0.0 0.0 4.4781031402336436e-07 0.0 0.0 0.0 2.310016900466851e-07 7.377007089994643e-08 6.31575728124584e-07 0.0 2.209820432525955e-05 0.0 7.900533584634885e-08 1.7482711660289512e-06 3.218947646255417e-05 1.7207415835757063e-05 3.554217339355318e-06 5.376173246948202e-06 0.0 0.0 0.0 0.0 0.0 0.0 1.937050023917896e-06 0.0 0.0 0.0 0.0 0.0 4.631121160092508e-06 0.0 6.120945608087578e-08 0.0 4.740665369786433e-08 6.204986771553415e-07 1.2154446399322795e-07 2.0790590260783013e-07 2.43320171657546e-07 4.4571299151510025e-07 1.4291277131475998e-07 4.2924347375778897e-07 0.0 0.0 0.0 0.0 0.0 0.0 1.0545093140265197e-06 3.302430700460147e-05 0.0 1.3931893846362893e-06 6.172025184435582e-07 1.1897769904107468e-06 4.503883680427703e-07 2.643892215455117e-07 6.428163523486482e-07 7.357037222414323e-05 0.0 1.944776519211355e-07 0.0 0.0 0.0 4.3856176889148844e-08 0.0 7.540806641180858e-08 0.0 0.0 0.0 0.0 0.0 0.0 0.0 8.27291399152595e-05 6.42495645141069e-06 0.0 8.975222198064621e-07 3.741973400103913e-06 5.7994650912082224e-08 0.0 3.589918400030253e-06 6.147483538803197e-08 1.4002083058216377e-06 1.1309075312067888e-05 1.360140564171658e-07 1.50995021543263e-05 2.0432346455897712e-06 4.471271526109745e-07 2.6250530080067202e-06 4.139460379651699e-05 9.093481252423375e-06 9.123198974797898e-06 2.6574152757348254e-05 4.1392532849240163e-07 3.919288146600675e-07 1.2782212412546635e-07 6.391478619859157e-07 0.0 0.0 0.0 0.0 0.0 0.0 0.0 0.0 0.0 7.701795435455191e-08 8.217771434848525e-08 7.651670790748191e-08 0.0 1.0010527908971197e-07 0.0 7.511297068543279e-06 6.419649083760605e-07 0.0 0.0 0.0 8.100874657291629e-06 1.2118756341333163e-07 2.7559426378760855e-06 3.106385956360099e-07 5.196089300135714e-07 0.0 0.0 0.0 1.0536237227128816e-06 1.2475683452527384e-07 0.0 0.0 0.0 9.470140774521128e-08 0.0 0.0 0.0 6.849235587691818e-08 0.0 0.0 0.0 0.0 9.984851855270888e-08 3.4355074870321034e-07 0.0 4.5784319064914737e-07 1.2595498793803814e-07 1.1936778555362248e-05 1.8110895229322226e-07 0.0 0.0 0.0 0.0 0.0 0.0 0.0 0.0 2.1918503763504913e-05 1.3941094744405084e-06 1.491566469604632e-07 0.0 0.0 4.430121291899161e-06 8.309599378178959e-08 2.2740479985363823e-06 5.672536162734568e-07 4.909673639014512e-07 3.0306575557395464e-07 7.22569441612767e-08 5.878534601582176e-08 0.0 0.0 0.0 0.0 6.844669863457668e-08 0.0 0.0 0.0 3.0817457020869404e-05 5.805576634202371e-06 2.638572405406655e-06 9.368106631058113e-06 1.0034438070697159e-07 4.401217315644251e-06 3.025845211386513e-06 5.2318458112232424e-05 1.6183559136812844e-06 0.0 0.0 2.2585675636627915e-06 1.0756953201182479e-07 8.330012948942557e-07 8.631227846060675e-07 1.0982435054702912e-05 3.4178735379219797e-07 0.0 1.1372091877274716e-07 0.0 4.7392685749856935e-07 0.00014399997808122722 1.5250504236433179e-05
