0.0 0.0017361743563825782 0.0003370910796235018 0.0007569810946478693 0.00013393308336058198 1.849108074873028e-05 0.0002914778151207957 3.8324531574283534e-05 1.2848202699813304e-05 0.0006357914051873209 0.00014799148820742337 4.325623348692088e-05 6.763188463909508e-05 0.00011463564971937783 1.4174299389675794e-06 9.846795792248936e-07 8.693068989082993e-08 6.03629046729196e-08 0.0 0.0 0.0 3.096500112257929e-07 3.549131112813832e-07 7.733213420982882e-07 3.5318445894855155e-07 3.96808890852309e-07 2.518126778102391e-07 3.9904907285959623e-07 1.1565890439138569e-06 2.876259072703996e-07 8.858187277265097e-05 4.3398150400475517e-07 2.0826245673247936e-05 0.0 6.857395579613419e-08 1.2771090635752038e-07 9.551033536645468e-06 6.966803090056699e-07 1.5793754320402562e-06 7.008360189654829e-07 1.3540245490670199e-06 7.090837290322628e-07 0.0 1.3691922570752845e-07 0.0 0.0 4.92859335329876e-06 4.2858730677687604e-07 1.3814167657530818e-07 4.40146246599205e-07 1.487743147428938e-07 3.532451962214144e-07 2.780475901564535e-07 4.3767042830608514e-07 6.170733408757692e-06 5.260995992178831e-06 8.538831102531476e-05 0.00023181200718988275 1.1885868703244622e-05 1.2402541989455582e-05 2.224004355522443e-07 1.3167652824037445e-06 0.0 2.3819099009954047e-06 7.099734882306102e-07 3.8877943028278085e-07 4.6495133503051464e-07 2.8751662073403874e-07 1.252842758501591e-07 3.983993807738492e-07 1.024491791630285e-05 1.1416117320263988e-06 7.5191216528016e-08 0.00010746254593287488 1.1519222633253214e-05 1.2188266404521382e-05 1.1217049635725745e-06 1.348476977066426e-06 2.1799050097444e-06 5.736726727992777e-05 4.9658057403479613e-08 6.125146262969225e-06 4.983293078927214e-06 0.0 4.923989348939982e-07 1.3039413221248204e-06 2.1669103267332375e-07 0.0 2.3463104902057297e-07 1.526171401663692e-07 4.841422294291558e-07 0.0 5.459339916049102e-07 6.757752066831713e-07 1.3156898728581495e-07 2.692860089368311e-05 6.205494116243823e-06 2.1332707737354582e-07 1.1315747876701494e-06 0.00034282982592664945 2.541421105607935e-07 3.3380496233150892e-06 5.970522243023676e-07 0.0 0.0 5.560728320337886e-06 1.1399583709596304e-05 0.0 4.961341796709897e-06 3.065459129143517e-06 0.0 2.316783408856311e-06 2.595950199105281e-06 3.072577392561235e-06 0.0 2.5230023701388733e-07 0.0 0.0 0.0 0.0 0.0 5.232828846757166e-08 0.0 0.0 0.0 0.0 0.0 0.0 0.0 0.0 0.0 0.0 0.0 0.0 4.975277010067798e-08 0.0 0.0 0.0 0.0 8.629057477612283e-07 0.0 0.0 0.0 0.0 0.0 0.0 0.0 0.0 0.0 0.0 0.0 0.0 0.0 0.0 0.0 0.0 0.0 0.0 0.0 0.0 0.0 0.0 0.0 0.0 0.0 0.0 3.788676406039347e-07 0.0 0.0 0.0 0.0 0.0 0.0 0.0 0.0 0.0 3.772351989070099e-06 0.0 0.0 0.0 0.0 1.6498654162523101e-07 0.0 1.4574614017970092e-07 0.0 0.0 6.37505154967142e-08 0.0 0.0 0.0 0.0 0.0 0.0 0.0 7.168382237961814e-08 0.0 0.0 2.0513418573713387e-06 3.297790415126952e-07 0.0 1.4051330934834757e-05 3.6624959081101232e-06 6.83435726372533e-05 1.9260718757911365e-05 0.00013749130029570158 7.132547126171217e-06 9.501911885398565e-08 2.475645482247241e-06 4.019492927389869e-07 9.344511833838963e-08 3.3942707404020796e-07 0.0 4.398105642295627e-06 1.7652534642465532e-07 0.0 0.0 1.5499369413401463e-07 0.0 0.00010563099400339476 6.687929118350591e-06
0.0017361743563825782 0.0 0.00028073458253774296 0.0004656406087919306 0.00043585272530748527 0.00017240333694925816 0.0013431950198337377 1.863807985941608e-05 0.0003879350544380771 0.0007242283548706718 0.0007100852963129493 4.330629158714926e-05 0.0004960411077214549 0.0010968005687207788 7.569364941742893e-06 1.3595235631754363e-06 9.86887705688967e-07 3.20740154907386e-07 1.180116324186003e-07 1.427788323195589e-07 0.0 1.2829080537158798e-07 1.8903423911140475e-07 1.9487679545334329e-07 6.269460676610258e-08 8.166842214782471e-07 1.2439828738462094e-07 2.196918025513891e-07 5.635175270141824e-07 1.9714570233367504e-07 0.0005248765265502231 2.263626275351179e-06 1.0675470081191218e-05 0.0 0.0 6.471085729088698e-08 6.359968428605317e-06 2.215729883607136e-07 7.945781493848286e-07 1.8212145474572828e-07 4.0249844345473845e-07 1.00087807787863e-07 2.466758050533525e-07 5.245307426893899e-07 1.1795777220305689e-07 0.0 4.898337986833437e-05 1.4321264175475749e-06 2.5283452482972327e-07 5.549474192922507e-08 3.838612514001249e-07 2.4979792436129525e-07 0.0 5.007507456609422e-07 1.8690891595521665e-05 1.7163272763123165e-05 5.955684527633995e-05 0.00032521987278057624 1.707246670905961e-05 4.654567905893934e-05 1.4563739293578976e-07 4.508306438989497e-07 0.0 5.411190279905024e-05 2.9724899299205394e-06 1.4622952612265585e-06 2.0455592142634e-07 5.256740599402602e-07 1.4737360830593693e-07 8.995597902369948e-07 6.243443237180165e-06 2.1441662069566472e-07 0.0 0.00027928463876052286 0.00010113551413485966 6.667827694228475e-05 6.321921764764998e-06 1.9035303479105284e-06 9.419241890607332e-07 3.706197937294459e-05 3.7684443967805764e-07 1.112916023917545e-06 1.7699365495872982e-05 0.0 1.2658221514932176e-06 4.431739129331931e-06 6.457711578338181e-07 0.0 5.889705257089851e-07 5.992476191502864e-08 9.637101371559682e-07 5.754314722703458e-08 3.3677407444847094e-07 4.395147610265622e-08 3.2710879750558433e-07 1.4777347372519229e-05 2.130445631993755e-06 0.0 5.643385242680139e-07 0.00022878351113504608 0.0 8.0216426410291e-07 3.787322773361746e-06 5.790237208499602e-07 8.419888457199296e-08 1.6828624501853576e-05 8.838389864808503e-06 1.4055332165550915e-06 1.666061838845831e-05 7.380067648717512e-06 0.0 7.21503414119141e-06 1.42508269470083e-05 1.3678924820246224e-05 1.6216647009542319e-06 2.5689515105913255e-07 7.239772478160458e-08 0.0 8.769272306537337e-08 0.0 0.0 0.0 0.0 0.0 0.0 0.0 0.0 0.0 0.0 0.0 0.0 0.0 0.0 0.0 7.754307521580156e-08 0.0 0.0 0.0 0.0 1.3040132507946009e-06 0.0 0.0 0.0 0.0 0.0 0.0 0.0 4.357193415665913e-07 0.0 0.0 0.0 0.0 0.0 0.0 0.0 0.0 0.0 0.0 0.0 0.0 5.3329439600003456e-08 1.0605029845629074e-07 7.51045759602058e-08 0.0 0.0 0.0 5.581457255231573e-08 0.0 0.0 0.0 0.0 0.0 0.0 0.0 0.0 0.0 2.646762652983719e-06 0.0 0.0 0.0 1.2053235867259738e-07 0.0 0.0 0.0 0.0 1.5777461820917665e-07 0.0 0.0 5.451134861857929e-08 0.0 0.0 0.0 0.0 0.0 0.0 0.0 0.0 7.152495855891967e-06 4.5091644748487786e-07 0.0 9.852658216556165e-05 6.023720336868955e-06 0.0003449874725335979 6.185878390982124e-05 0.0001609185927362512 5.630592126477871e-05 2.1701039864203973e-06 2.2999455306827696e-05 8.918707094900638e-07 2.567006865160852e-07 4.692314705443386e-07 5.231531869987168e-07 9.001201590985698e-06 1.289965450430547e-07 0.0 0.0 1.3280943930413396e-06 0.0 0.00020129088879948376 1.698907575792115e-05
0.0003370910796235018 0.00028073458253774296 0.0 2.3143987788763716e-05 0.00032752636749041773 2.2398967034610864e-05 8.228269149930294e-05 0.0013451918825102068 0.0004212837116604038 1.436893732603162e-05 0.00307164536198554 1.1596442284001045e-05 0.00018638314605653658 0.0011524666939162643 8.886156781064035e-06 7.667687563370206e-06 3.5652033221188503e-07 0.0 5.969199466502879e-08 1.347614864156224e-07 7.325675337042784e-07 4.27249044796961e-06 1.8181889183544533e-06 3.4305315394521527e-06 5.8804721906879085e-06 4.707641323522069e-06 2.9730313191393542e-06 3.8794505728189315e-06 8.361783280952804e-06 4.348557324434167e-06 0.0014032550871828045 7.529870071018077e-05 0.00010276924266554203 5.5013153771580665e-08 3.7126838009309735e-07 2.834250650040502e-06 7.852252946105047e-05 7.5705956588853435e-06 1.6200468471180736e-05 6.203181500789022e-06 5.979947344995473e-06 5.989243512928378e-06 5.691392797698268e-07 1.1458821041897117e-06 2.0242826602445189e-07 0.0 1.4716153198149893e-05 7.501498438411047e-07 6.246471286627512e-07 9.426902043707256e-07 8.750468775119518e-07 1.5623384328569396e-06 1.5240454849406622e-06 5.369937152711924e-06 5.547062304513552e-06 5.6679400433283405e-06 2.9808322827922167e-05 0.000591801993799816 6.1098234242520285e-06 9.617159212578135e-06 1.3393221598417746e-06 1.1565561936692887e-05 1.5087266283589155e-07 7.167788876913899e-05 5.917875910069606e-07 1.0505061721936003e-06 1.4776953352512405e-06 1.789420539509408e-06 7.784072970192373e-07 3.084951246418562e-06 3.958679613428713e-05 6.81911638581178e-07 0.0 8.737536123251666e-05 4.7618993410223884e-05 2.025232770582335e-05 1.1409018920065781e-05 8.688989716277841e-06 6.466420352386272e-05 0.0011377328249697683 1.4757920513944948e-06 8.111586347913817e-05 6.21420824956456e-06 0.0 2.560094128252911e-07 2.2951807684219225e-06 9.616200596519804e-07 5.2798685228298445e-08 8.838421074741151e-07 1.920939687544185e-07 8.218561353013499e-07 2.535210484326198e-07 4.4827748157698576e-06 2.8961928230376674e-06 1.364761576995522e-06 1.831987142369999e-05 1.8594855828427412e-06 0.0 5.419966920672161e-06 0.0001605301217035916 6.037956233810808e-08 5.526290398797468e-07 0.0 0.0 0.0 3.9879585132556146e-06 1.1681954069570491e-06 1.8670418509594826e-06 1.4997346386250386e-06 1.6378936761028893e-06 7.888763915156756e-08 2.261368564182104e-06 7.0449244981812945e-06 1.0346802995994856e-05 2.8006967064833698e-06 3.9346350878450116e-07 3.0435560035847957e-07 2.49348672178939e-07 1.444391757135329e-07 0.0 0.0 0.0 0.0 0.0 0.0 0.0 0.0 0.0 0.0 0.0 0.0 0.0 0.0 0.0 3.221233321825555e-07 8.106142778677876e-08 1.1909517017999851e-07 0.0 0.0 5.612275532135928e-07 0.0 2.550625490280229e-07 5.641037939934969e-07 2.3075400656974448e-07 1.0762732763828467e-07 0.0 0.0 0.0 0.0 9.292834674132225e-08 9.009199634534271e-08 0.0 5.43693723310831e-08 0.0 0.0 0.0 0.0 1.5289556607233638e-07 0.0 0.0 0.0 0.0 3.457577935933385e-07 0.0 0.0 0.0 4.31477012610666e-07 5.636354163437021e-07 5.179597661927171e-08 0.0 0.0 0.0 0.0 1.0539997216262279e-07 0.0 1.7115785927322842e-07 6.773835355360824e-06 0.0 0.0 6.507703254994111e-08 8.380178067522758e-07 3.493353906756776e-07 5.8184525580375976e-08 5.267823231818955e-07 0.0 1.8706662413691033e-07 3.580776189758778e-07 0.0 0.0 0.0 0.0 0.0 0.0 1.1403671485964806e-07 2.640967286888305e-07 1.2559726824498673e-07 0.0 9.711779418964195e-06 2.413576476294569e-06 2.468981428188078e-06 7.012408897089662e-05 2.891842790908014e-06 9.316584873311368e-05 2.0947517604643135e-05 3.829963015527768e-05 1.7830127360821112e-05 1.1515826540437775e-06 1.8472114217248105e-05 4.086209853364089e-06 0.0 1.3303796685261073e-06 8.289727161266247e-07 0.0 0.0 0.0 0.0 1.3484940359651967e-06 0.0 4.336790931317996e-05 7.804341944712824e-06
0.0007569810946478693 0.0004656406087919306 2.3143987788763716e-05 0.0 1.6750931071902778e-05 0.00024632328268590166 0.0003488263702383896 1.8838625550413858e-07 2.195234017967221e-05 0.0008288658603064509 5.901064740678215e-06 9.709261127723469e-05 0.00020632042131783196 0.00010636087321600899 1.0126996660670153e-06 1.9782100002493713e-07 0.0 0.0 0.0 0.0 0.0 0.0 5.946341663877878e-08 0.0 0.0 0.0 0.0 0.0 0.0 0.0 4.447072982558122e-06 4.736563305799827e-08 7.21091817492798e-08 0.0 0.0 0.0 0.0 0.0 7.083915234441156e-08 0.0 0.0 5.024361683110003e-08 1.1239424146028965e-07 9.190842823163847e-08 0.0 0.0 4.840432312984346e-06 2.7228666543405175e-07 7.51684972156921e-08 0.0 1.077421451580105e-07 5.785291681018234e-08 0.0 5.716959444726765e-08 3.0807552620986e-06 2.0296072499173214e-06 1.3267624105827101e-05 3.871095249748121e-05 3.0470821737391244e-06 4.704692718324086e-06 0.0 1.1413477548437455e-07 0.0 1.955824052631881e-06 2.292259925999252e-07 1.376201764620412e-07 1.3316836043258775e-07 1.2234564109098645e-07 0.0 0.0 4.092082510853404e-07 1.7054207358238327e-07 0.0 4.184325859110877e-05 7.355736658750303e-06 7.825476923677792e-06 2.420352021517628e-07 0.0 0.0 3.62133318229466e-07 4.2503963395398976e-08 2.909841633275684e-07 2.162374475997091e-06 0.0 2.452351909751127e-07 2.482430665704962e-07 1.601707635929373e-07 0.0 1.4689301244640014e-07 0.0 0.0 0.0 1.7653623150346149e-07 0.0 0.0 1.5851916053326843e-05 1.2959377044494856e-06 9.961407172828724e-08 7.056551535539839e-08 5.981274392712472e-05 0.0 3.483203905131357e-07 2.507047502242246e-06 4.360688203314005e-07 6.069118191007553e-07 7.371441264749862e-06 8.553142608274793e-06 2.2364206365953784e-06 9.646214421662689e-06 5.517417597009329e-06 1.0748809872224461e-06 6.92123030239041e-06 8.07073661578748e-06 6.503044398121675e-06 0.0 0.0 0.0 0.0 0.0 0.0 0.0 0.0 0.0 0.0 0.0 0.0 0.0 0.0 0.0 0.0 0.0 0.0 0.0 0.0 0.0 0.0 0.0 0.0 0.0 0.0 0.0 0.0 0.0 0.0 0.0 0.0 0.0 0.0 0.0 0.0 0.0 0.0 0.0 0.0 0.0 0.0 0.0 0.0 0.0 0.0 0.0 0.0 0.0 0.0 0.0 0.0 0.0 0.0 0.0 0.0 0.0 0.0 0.0 0.0 0.0 0.0 0.0 0.0 0.0 0.0 0.0 0.0 0.0 0.0 0.0 0.0 0.0 0.0 0.0 0.0 0.0 0.0 0.0 0.0 0.0 0.0 0.0 2.00326268863022e-06 0.0 0.0 3.457166615424776e-06 5.720697992562153e-07 3.454148799159524e-05 7.4013623359057216e-06 8.111035434790341e-05 1.8327633485815562e-06 4.2202417806393233e-07 1.3685743314719988e-06 7.871638920702996e-07 0.0 5.840432823988335e-08 0.0 5.84872511412618e-06 0.0 0.0 0.0 0.0 0.0 0.00010535506424920329 1.0063839673186296e-05
0.00013393308336058198 0.00043585272530748527 0.00032752636749041773 1.6750931071902778e-05 0.0 1.4107209614159157e-05 0.0004127194927057054 4.24111135868957e-05 0.0019102335796808013 0.00042078814474908626 0.0005570649468639046 3.2796132856954254e-05 0.0005074483812495502 0.002120085151609337 7.105022860493071e-06 1.0653530184516103e-06 3.18181259690964e-07 0.0 4.9196129691384017e-08 0.0 6.337578490223699e-08 0.0 6.789853730336336e-08 6.546199244360555e-08 6.780439841333153e-08 5.529553247548764e-07 5.268972658174696e-08 4.488093887402314e-07 4.076954235909066e-07 0.0 0.00010814233142607304 3.8636968610060685e-06 8.839415271158153e-07 0.0 0.0 0.0 9.74929823198336e-07 1.5310006576928907e-07 2.405986219810473e-07 6.234758717486432e-08 9.537821428175917e-08 0.0 5.925751478145667e-08 3.654175488478095e-07 0.0 0.0 4.171120698453815e-05 8.568543601253808e-07 4.7676658113969097e-07 6.890343759690595e-08 4.2330376373101043e-07 0.0 1.3038551216196495e-07 2.4045376802903917e-07 7.0297634385703485e-06 7.650648402702749e-06 1.9733143430822865e-05 8.998007357059936e-05 9.414352962947153e-06 3.0879204241134856e-05 0.0 3.071943193268985e-07 0.0 5.214760849408643e-05 1.3526043504437585e-06 7.006734632781035e-07 2.555133284865969e-07 2.0665684518007784e-07 1.2131592903041487e-07 5.967262155449723e-07 4.293391408526094e-06 7.450536596209678e-08 0.0 0.00010207382435264085 6.014398593962345e-05 4.988538380529749e-05 1.295396991287686e-05 2.8542824135411642e-06 3.47700381083824e-07 4.7585141781548815e-06 6.333438104798136e-07 7.725604090803424e-07 6.72025766866034e-06 0.0 8.123753481483595e-07 2.3717440830010194e-06 3.570862613943338e-07 7.756751163528555e-08 2.975016894709596e-07 0.0 8.366747614640485e-07 0.0 1.660282044064895e-07 2.3914516411382386e-07 3.924009430278896e-07 2.1279427213736945e-05 4.597957639258096e-07 0.0 1.9651656807611325e-07 1.5627073119126196e-05 8.214272209158592e-08 0.0 7.93391727567033e-07 0.0 3.687192007694504e-07 6.365575430633873e-06 3.141886576539989e-07 3.1933981173782333e-06 4.734124409624988e-06 4.967921725461237e-06 0.0 1.1419663206950278e-05 1.991244557249968e-05 2.884913192698055e-05 1.2666858434517126e-06 8.384751483213785e-07 2.3162622366328532e-07 0.0 0.0 0.0 0.0 0.0 0.0 0.0 0.0 0.0 0.0 0.0 0.0 0.0 0.0 0.0 0.0 0.0 4.927909789332828e-07 6.914992444682789e-07 0.0 0.0 0.0 2.9272952250905993e-06 0.0 0.0 0.0 0.0 0.0 0.0 0.0 0.0 7.184374200550309e-08 0.0 0.0 0.0 1.3636207189182228e-07 0.0 0.0 0.0 0.0 0.0 0.0 0.0 0.0 0.0 6.939953919295857e-08 0.0 0.0 0.0 1.50160468912386e-07 0.0 0.0 0.0 0.0 0.0 0.0 0.0 0.0 0.0 6.109629537830485e-06 0.0 0.0 0.0 0.0 0.0 0.0 3.494373471490612e-07 0.0 0.0 0.0 0.0 2.6439270964262254e-07 0.0 0.0 0.0 0.0 0.0 0.0 0.0 0.0 1.846763642457993e-05 3.306808221868985e-06 7.567060350959744e-07 0.00022586048155791692 6.709706161648896e-06 0.0002635074836028639 7.864105305457748e-05 6.478086097568258e-05 8.940446140084365e-05 3.697234806609588e-06 8.033375317149878e-05 3.344469921501297e-06 0.0 4.0059801137646656e-07 3.176327345544542e-07 2.8740213110412237e-07 0.0 0.0 0.0 4.508306378588743e-06 0.0 6.491196715081667e-05 2.0116802076521118e-05
1.849108074873028e-05 0.00017240333694925816 2.2398967034610864e-05 0.00024632328268590166 1.4107209614159157e-05 0.0 8.41110473358084e-05 1.2058085098681275e-06 1.055085960164214e-06 0.0009555880985727028 9.754539800819273e-06 0.00010587459153145915 8.278142341446406e-05 1.6755842369413773e-05 3.617982795592918e-07 6.347093334773472e-08 0.0 0.0 0.0 0.0 0.0 2.0090196053311348e-07 0.0 0.0 0.0 0.0 0.0 0.0 9.945237028014827e-08 0.0 5.4475088751426565e-06 0.0 1.6683825704362839e-06 0.0 0.0 0.0 5.536436275914231e-06 0.0 6.437944741174885e-07 0.0 0.0 0.0 0.0 7.950849850578013e-08 0.0 9.223938122221317e-08 6.021560966756678e-07 0.0 0.0 0.0 0.0 3.5548340700693927e-06 6.862337051615565e-07 0.0 3.564804202562625e-07 5.30560450768757e-07 4.8015418471539505e-05 1.0918084263402716e-05 2.4805980895598902e-06 4.788439787996001e-07 0.0 1.4126371391079852e-07 0.0 4.536813955605079e-07 1.7298636699605936e-07 0.0 0.0 0.0 0.0 0.0 6.137914855602346e-05 1.5070461206045275e-05 9.710485699520597e-07 8.456988641218569e-06 5.785752625060901e-07 1.0810730654725897e-06 0.0 6.322720767515559e-08 0.0 5.184337179692728e-07 2.3544495781444466e-07 1.2146278483599658e-07 2.9088225862625985e-07 0.0 0.0 4.880548608673294e-07 4.904232779904928e-08 3.271294502492407e-07 2.3232994853815972e-07 1.846453852597449e-06 0.0 8.589034729748842e-08 0.0 0.0 0.0 8.105304866624216e-05 0.00018613713586348207 6.493705207594299e-06 1.0945432499710914e-05 8.20510758457717e-05 7.093582806612711e-08 3.921578084198354e-06 3.995188181550437e-06 1.868190690565039e-06 6.348448555128049e-07 7.195507466056186e-06 1.5054796701832282e-05 1.7419228790310267e-06 8.470339654165821e-06 1.1901904447751353e-05 0.0 1.1841471111484495e-05 1.5755165374275137e-05 1.0207515931285672e-05 0.0 0.0 0.0 0.0 0.0 0.0 0.0 0.0 0.0 0.0 0.0 0.0 0.0 0.0 0.0 0.0 0.0 0.0 0.0 0.0 0.0 0.0 0.0 0.0 0.0 0.0 0.0 7.513420684456597e-08 0.0 0.0 0.0 0.0 0.0 0.0 0.0 0.0 0.0 0.0 0.0 0.0 0.0 0.0 0.0 0.0 0.0 0.0 0.0 0.0 0.0 0.0 0.0 0.0 2.419151513381045e-07 0.0 0.0 0.0 0.0 0.0 0.0 0.0 0.0 0.0 9.980824548484571e-07 9.328692013400437e-08 0.0 0.0 0.0 0.0 0.0 1.745999084340725e-07 0.0 0.0 0.0 0.0 0.0 0.0 0.0 0.0 0.0 0.0 0.0 0.0 0.0 9.135419712214968e-06 0.0 8.650193082156497e-08 7.359946336784149e-07 0.0 6.488373482003799e-06 2.7663406797372032e-06 2.8098613465964183e-05 2.019172609736914e-06 0.0 9.951118335755034e-08 6.500275558511729e-07 0.0 1.3647183300553905e-07 6.485949060438317e-08 1.493806095769173e-05 0.0 0.0 0.0 0.0 0.0 1.2995819951819365e-05 1.0819332999193305e-05
0.0002914778151207957 0.0013431950198337377 8.228269149930294e-05 0.0003488263702383896 0.0004127194927057054 8.41110473358084e-05 0.0 2.3389045854526626e-06 0.00021807665296054806 0.0010435335113003253 6.130201868668268e-05 0.0002530442178957099 0.0010497806899401874 0.0006161500626153007 2.7663866188252454e-06 6.991279460325344e-07 1.5186540963478615e-07 0.0 0.0 0.0 5.1349856647463766e-08 0.0 9.033737872432752e-08 0.0 6.667761802614096e-08 4.5499718285115417e-07 0.0 4.115075179734244e-07 2.337375794901716e-07 1.8381221423386933e-07 3.062353708486989e-05 1.1327923288194666e-06 6.162301325388184e-07 0.0 0.0 0.0 2.2314305851293568e-07 0.0 7.730591596809082e-08 1.2686773771249393e-07 6.918558246360669e-08 0.0 6.033636717005133e-08 1.3162083270476597e-07 0.0 0.0 1.7135690668037052e-05 4.973805906551618e-07 7.932620040039953e-08 0.0 0.0 0.0 0.0 6.62949835615199e-08 5.1182928290614835e-06 6.380676477781006e-06 1.815261595793707e-05 7.476584359838506e-05 7.726096585611572e-06 2.0223600300261468e-05 0.0 0.0 0.0 2.1388676905637722e-05 9.168935814699488e-07 7.509541963727667e-07 2.0617873869448915e-07 5.710267904010022e-08 0.0 3.951902843796076e-07 7.467616894105205e-07 8.878837549236324e-08 0.0 8.412916165147539e-05 3.677144973392237e-05 3.2846098082394105e-05 3.6093295678042884e-06 2.097244553958016e-06 1.078462890015704e-07 4.2960883022089035e-07 1.3261603867723151e-07 5.655981129710545e-07 6.248234561535618e-06 6.824550943686602e-08 2.868492484846184e-07 1.1638071713502539e-06 3.6342130823008135e-07 0.0 1.2016375875468914e-07 0.0 1.138599779380095e-07 0.0 2.8558265329407034e-07 0.0 1.44272072712217e-07 1.6979817875437834e-05 6.871751587769688e-07 0.0 1.6494164660737255e-07 2.6541592228001972e-05 5.163419319868038e-08 0.0 1.819186920018978e-06 4.6262660059578266e-07 1.2210228904021654e-06 9.185169190474532e-06 2.4656545460084666e-06 2.773072097894853e-06 7.405093493277375e-06 4.559435755225382e-06 7.727802807692833e-08 7.345136300471589e-06 1.4898330161188892e-05 1.7625807412199093e-05 1.7610724506849972e-06 1.0647174903427642e-07 0.0 0.0 0.0 0.0 0.0 0.0 0.0 0.0 0.0 0.0 0.0 0.0 0.0 0.0 0.0 0.0 0.0 0.0 1.2111430699797415e-07 4.5272246455538366e-07 0.0 0.0 0.0 9.973816076380945e-07 0.0 0.0 0.0 0.0 0.0 0.0 0.0 0.0 0.0 0.0 0.0 0.0 0.0 0.0 0.0 0.0 0.0 0.0 0.0 0.0 0.0 0.0 5.5642033483106185e-08 0.0 0.0 0.0 3.0650821852928257e-07 0.0 0.0 0.0 0.0 0.0 0.0 0.0 0.0 0.0 3.393791115268952e-06 0.0 0.0 0.0 0.0 0.0 0.0 0.0 0.0 0.0 6.054740309149521e-08 0.0 1.2896993851075288e-07 0.0 0.0 0.0 0.0 0.0 0.0 0.0 0.0 1.1639642879497016e-05 7.370258126144499e-07 2.260432050485532e-07 5.7337435075538954e-05 1.4810876443908578e-06 0.00014369389582720077 2.736165698047273e-05 4.925691101365418e-05 2.3491747509274374e-05 1.4004223980950385e-06 1.2691576390545913e-05 1.7885455482955054e-06 0.0 6.692779277355144e-07 9.590025368747593e-08 3.756182646723368e-06 0.0 0.0 0.0 3.947642131439123e-07 0.0 0.00010530793134025185 1.610470305570589e-05
3.8324531574283534e-05 1.863807985941608e-05 0.0013451918825102068 1.8838625550413858e-07 4.24111135868957e-05 1.2058085098681275e-06 2.3389045854526626e-06 0.0 1.5991365997298877e-05 5.003548523678681e-06 0.00034861687854851806 3.236642109953358e-05 0.0003487769191139706 0.0004766993564892898 6.120455842388293e-06 6.334364725714011e-06 2.6180995181388317e-07 4.5258047963920826e-07 1.4640685108878166e-07 6.093000735573908e-07 1.4915322606187178e-05 2.379452914794632e-06 6.880985016576157e-06 7.672350001144505e-06 6.951056332959262e-06 1.115821171204191e-05 5.289860718855781e-06 4.647632915190912e-06 6.7039388387608736e-06 6.485751985719811e-06 0.0007712539628957903 0.000709938420997924 0.0001260867342184781 6.719466142660307e-07 2.9891530570629595e-06 3.927292681542151e-06 8.060936144267515e-05 7.0803465119553715e-06 1.0104369550097805e-05 6.221022295954193e-06 2.0563478089045152e-05 8.199276600156901e-06 3.854435233675985e-06 2.4850839112140557e-06 2.6399037158905667e-07 3.4584879595848243e-07 2.591954375119504e-05 9.7477560281506e-07 1.0686801983206532e-06 1.1251438114934372e-06 1.386036819455165e-06 1.2608258442347787e-06 1.1140881048705164e-06 3.872387459604297e-06 2.941430839522834e-06 2.413321835342807e-06 8.801397936198424e-06 0.00011995401045652697 2.2385002173111246e-06 7.633097427614422e-06 2.80838028601588e-05 2.993236520386164e-05 4.397007090632428e-07 0.0002757023304797434 4.104897091758041e-07 7.284329553798167e-07 1.598281441966552e-06 1.456519318288016e-06 2.045290469735491e-06 2.853139833179497e-05 5.985892964870335e-05 1.0027069091769305e-06 0.0 3.368825567487874e-05 3.985516815780076e-05 2.0250444880564975e-05 0.00015665268588422153 0.00014248384059637896 0.0005917664992404212 0.0008325508184353876 8.917052618145647e-05 0.0002975843887342306 3.5625979269502396e-06 0.0 5.119112691644001e-07 1.2390309050558206e-06 2.0291961882690877e-06 1.4999856037594635e-07 7.920727951228197e-07 7.360403139060801e-08 7.460174054290842e-07 1.105669676385837e-07 1.4239882330315692e-05 3.0965303644071916e-06 9.657318927780798e-07 3.9702572813678035e-05 1.1342490957851616e-06 1.127279124848112e-07 4.028672448523059e-06 2.5105664855696723e-05 2.573630325598736e-07 0.0 0.0 0.0 0.0 5.9354767071516135e-06 2.38588350268078e-06 7.241504254075161e-08 1.5074180891587942e-06 1.166593018086897e-06 0.0 5.951527016868832e-06 5.9532864649577125e-06 1.729002775419894e-05 3.1350482274753995e-06 5.673965583755656e-07 3.65007466554665e-07 0.0 7.244918622433141e-08 0.0 0.0 0.0 0.0 0.0 0.0 0.0 0.0 0.0 0.0 0.0 0.0 0.0 0.0 0.0 3.110754129426096e-07 0.0 0.0 0.0 0.0 1.5980350284604035e-06 0.0 7.475852278103751e-08 1.4906833698650825e-07 0.0 9.187386174277799e-08 0.0 0.0 0.0 0.0 8.344499687061079e-08 0.0 0.0 4.500586618572929e-08 0.0 0.0 0.0 0.0 1.2853668389962662e-07 0.0 0.0 0.0 6.309750999815578e-08 3.453385001851519e-07 0.0 0.0 0.0 1.0847361555084058e-06 5.479741521997476e-08 0.0 0.0 0.0 0.0 0.0 0.0 0.0 0.0 8.345980924960974e-06 2.8459399648911475e-07 2.27257044494495e-07 0.0 8.735918147103976e-08 3.941120748276131e-07 0.0 8.14498598609518e-07 0.0 3.330989603481947e-07 2.5223610435576076e-07 2.2303489370487032e-07 1.7174563195706268e-07 0.0 0.0 0.0 0.0 0.0 0.0 1.360907085597773e-07 0.0 1.3558044242595984e-05 3.239372841864503e-06 1.5717483224673128e-06 9.856923436966564e-05 1.78714236111328e-06 0.00010861255721815021 2.398639301139826e-05 2.1331806950704225e-05 3.134659797558397e-05 4.872912055010971e-07 2.626678734725957e-05 4.01875833341517e-06 1.2752102364312623e-07 1.6782688364820673e-06 4.938031532033879e-07 1.0257449390243063e-07 0.0 0.0 1.1755535649137827e-07 4.218262698150177e-06 6.83453605125258e-08 2.178069552914778e-05 9.87464724449919e-06
1.2848202699813304e-05 0.0003879350544380771 0.0004212837116604038 2.195234017967221e-05 0.0019102335796808013 1.055085960164214e-06 0.00021807665296054806 1.5991365997298877e-05 0.0 2.3737401726168613e-05 0.0002595382394349979 1.1092048919845676e-05 0.00013104741293139214 0.00024790989896037634 2.683844224941965e-06 1.5626627288215144e-06 0.0 0.0 0.0 0.0 0.0 8.31598362805309e-08 0.0 0.0 0.0 0.0 1.7409537230410553e-07 5.093823844942229e-08 0.0 0.0 1.1520478507309861e-05 9.105917507347671e-07 1.3179053768429347e-06 0.0 0.0 0.0 1.403814029883338e-06 0.0 4.5732068769910065e-08 0.0 1.510799021384891e-07 0.0 1.153206968387767e-07 6.137092854833123e-08 0.0 0.0 1.2067529515951453e-05 2.3084483636130454e-07 0.0 0.0 1.5840720825275657e-07 0.0 0.0 2.3211601769484545e-07 1.7033993641779452e-06 9.581758144922809e-07 2.343911734646512e-06 9.158958403915352e-06 1.5527773083862922e-06 4.6395563636046695e-06 0.0 1.406236557453742e-07 0.0 7.315132316337332e-06 1.495146424749189e-07 0.0 9.580833236799753e-08 0.0 6.839707650128889e-08 5.3513101036697054e-08 2.636722848220316e-06 6.318492714709362e-08 0.0 1.6784579132778243e-05 1.0325667128275931e-05 8.157443848773165e-06 4.65277234203684e-06 3.6305243607734445e-06 0.0 1.130777454569014e-06 1.7728171487130643e-07 0.0 2.4283555140771153e-06 0.0 1.5818759973853114e-07 2.622424427869005e-07 6.501235628502511e-08 0.0 5.310949456728936e-08 0.0 0.0 0.0 0.0 0.0 0.0 1.7942714328145594e-05 2.9611173005394176e-07 0.0 3.1919648419916503e-07 2.8074946042998866e-06 3.6243815220811343e-07 0.0 0.0 0.0 0.0 4.8517110537071326e-06 0.0 2.1048278686696986e-06 3.7053116817712996e-06 2.677967822605879e-06 0.0 6.891019195440724e-06 1.7639263928006882e-05 1.9673905671402426e-05 1.1354278769075287e-06 3.4088052759309186e-07 2.2663332041878925e-07 0.0 0.0 0.0 0.0 0.0 0.0 0.0 0.0 0.0 0.0 0.0 0.0 0.0 0.0 0.0 0.0 0.0 1.1368607553748694e-06 0.0 0.0 0.0 0.0 1.1595396854801312e-06 0.0 0.0 0.0 0.0 0.0 0.0 0.0 0.0 0.0 0.0 0.0 0.0 3.556485896957e-07 0.0 0.0 0.0 0.0 0.0 0.0 0.0 0.0 1.2246340961899736e-07 1.3578039536984023e-07 0.0 0.0 0.0 3.893298968721099e-07 5.815724946256848e-07 0.0 0.0 0.0 0.0 0.0 0.0 0.0 0.0 8.384756638849604e-06 0.0 0.0 0.0 0.0 0.0 0.0 6.824131762451244e-07 0.0 3.9809567715217644e-07 2.6432594092300145e-07 0.0 0.0 0.0 0.0 0.0 0.0 0.0 0.0 0.0 0.0 1.87302803554955e-05 8.559132214567595e-07 2.439757903772785e-06 8.573246573542932e-05 2.9792126244835214e-06 7.495218540052644e-05 1.947044864247211e-05 1.568800272093401e-05 2.556314437149379e-05 7.131807337731638e-07 2.4267883250408766e-05 1.584105169197944e-06 0.0 8.352689684207053e-07 5.312192072819997e-07 6.501905127721353e-07 7.601668947774666e-07 0.0 6.061920319395572e-07 2.1754091184216117e-06 0.0 2.3914614562608243e-05 1.5375406563683802e-05
0.0006357914051873209 0.0007242283548706718 1.436893732603162e-05 0.0008288658603064509 0.00042078814474908626 0.0009555880985727028 0.0010435335113003253 5.003548523678681e-06 2.3737401726168613e-05 0.0 2.2000508823502256e-05 0.001245843380477919 0.002430582877068357 0.00016220843977531713 1.1071324704839512e-06 1.0214426407479663e-06 6.103713240796133e-08 0.0 0.0 0.0 0.0 9.234399791739308e-07 0.0 6.124747803506958e-08 6.763536258787567e-08 3.861761965983086e-07 6.600919307785872e-08 1.238015193027245e-07 9.940779624915593e-07 8.796016897706319e-08 3.998950881058895e-06 3.388497852015972e-07 1.6956499879465256e-05 0.0 0.0 6.763434008939096e-08 7.456017201893903e-05 1.2340398742347104e-07 1.3762731755694406e-06 1.3222591020472847e-07 8.332035559962001e-08 3.543340104201412e-07 0.0 0.0 2.3394206192976589e-07 0.0 3.3704946047075716e-06 1.1530912577997441e-07 2.33634924093773e-07 0.0 0.0 4.2725631575348584e-07 3.348302530568604e-07 1.6233953033685621e-07 1.7526457731830064e-06 1.2247203786675974e-06 7.636876172151848e-06 2.1679611255600288e-05 1.7974571057962543e-06 3.4307347103325095e-06 0.0 9.386882963032475e-08 0.0 3.5359139220522338e-06 1.8564216726046566e-07 0.0 5.069816270814318e-08 4.1667329249127907e-07 0.0 7.1745569207947e-08 0.00019654547261983035 1.9279428098667074e-06 0.0 2.0310357169724224e-05 7.002016561597623e-06 3.1121956797160284e-06 2.951857416202532e-06 1.0202314848212542e-06 0.0 7.939277583760665e-07 7.909157798437249e-08 2.9663924435660855e-07 1.6768861898706685e-06 1.198787664238536e-07 1.1681598222840433e-07 3.251898784821344e-07 2.1827049945719066e-07 6.838516029531879e-08 1.041653548571762e-07 0.0 2.376072314772684e-07 0.0 1.6036767868087647e-07 2.0421086054527928e-07 1.1540294972321556e-07 0.00012907517499964507 1.7003240532974726e-05 2.6364972427740494e-07 1.635538219255879e-06 7.115096395626318e-05 5.992529775600672e-07 2.9432596708211348e-06 7.415010045987141e-06 2.326247370084868e-06 2.913033994346624e-06 5.8435210722789606e-05 4.5827434088630764e-05 2.2046802161967847e-05 4.926128290222824e-05 0.0001151439681747841 2.060874455428563e-06 6.454349109759832e-05 0.00012026820353637904 9.704187233970298e-05 9.365040548860576e-06 4.990087835904504e-07 5.459705383756462e-07 0.0 6.383835976527226e-08 0.0 0.0 0.0 0.0 0.0 0.0 0.0 0.0 0.0 0.0 0.0 0.0 0.0 0.0 0.0 2.355972026616184e-06 1.5787808038708006e-07 0.0 0.0 0.0 3.152383149065328e-06 0.0 5.19122886262343e-07 0.0 0.0 0.0 0.0 0.0 0.0 0.0 6.68374686225923e-08 0.0 0.0 1.1927367166653275e-07 0.0 0.0 0.0 0.0 0.0 0.0 5.651766321926917e-08 1.0366397682379506e-07 0.0 1.342831814704122e-07 6.713576551388063e-07 0.0 0.0 9.128602175524601e-07 6.083993775081627e-07 0.0 0.0 0.0 0.0 0.0 0.0 0.0 0.0 1.663951940834295e-05 0.0 0.0 0.0 6.746019177151125e-08 4.73448685729463e-07 0.0 4.680529525966869e-07 6.63342384432217e-07 1.9098426883769706e-07 4.008502190406957e-07 0.0 2.8371482468014175e-07 0.0 0.0 0.0 0.0 0.0 0.0 0.0 0.0 7.797437102183477e-05 4.885907644033449e-06 1.2335774029158253e-06 1.2654610179714184e-05 9.20430192326105e-07 2.4587982803543945e-05 4.652998974295931e-06 0.00013613693861982406 4.156606069719316e-06 1.744755519094952e-06 3.278849282161988e-06 5.292732438207787e-06 0.0 2.7906103154809862e-06 1.4750852201951094e-06 1.445867130121975e-05 1.1793406059262542e-07 0.0 0.0 2.7075418180840876e-07 0.0 0.0003796716892507726 0.00010052713986249358
0.00014799148820742337 0.0007100852963129493 0.00307164536198554 5.901064740678215e-06 0.0005570649468639046 9.754539800819273e-06 6.130201868668268e-05 0.00034861687854851806 0.0002595382394349979 2.2000508823502256e-05 0.0 6.350829598597477e-05 0.0012254348839338277 0.0017622990332102932 1.1425905262510327e-05 7.225407491863488e-06 4.151425734305317e-07 5.2084545537634116e-08 2.625035768197582e-07 0.0 0.0 2.918199026798068e-06 2.2173428426093032e-07 4.141989885313582e-07 1.4329854327619449e-06 1.4853995809018594e-06 9.95442303360043e-07 2.1841248307906418e-06 3.703370988275898e-06 1.4081958888962077e-06 0.00031408916620011637 4.73855361980925e-05 0.0003237344196328339 5.4616092155343375e-08 1.9801007164348683e-07 5.683111207122624e-07 0.00013927498457556807 3.4945275797010586e-06 9.483660675736101e-06 2.8185325315293233e-06 3.014665054351767e-06 1.3222475741318786e-06 1.202936031192353e-07 1.1208114595274568e-06 0.0 2.6479591919278725e-07 3.329112964123691e-05 3.3964156574766995e-07 3.8849691006853506e-07 5.050585749206468e-07 5.766979811741019e-07 1.1663578434354016e-06 1.8092166494668792e-06 3.283519416718127e-06 4.742455075813562e-06 4.1558086244453505e-06 1.4858694763363252e-05 8.111783093016775e-05 6.152577891147517e-06 1.4311361804000241e-05 3.003525878200641e-07 1.3880391860036889e-05 0.0 2.790698821137805e-05 6.555137089132474e-07 4.803185769308546e-07 7.059503061545732e-07 6.912945721977424e-07 2.0253490787063919e-07 8.529425354687118e-07 7.590694309318528e-05 6.075979802991255e-07 0.0 6.0447055676950706e-05 3.604734331046441e-05 3.6643437574488065e-05 1.749127083662106e-05 1.5079883443295582e-05 1.0240278568874084e-05 0.00027732513810534355 7.158099872397529e-07 3.890373908168604e-05 4.765970375164644e-06 0.0 5.958077918743354e-07 1.971948448188679e-06 5.384390690829146e-07 0.0 4.954502731464935e-07 6.53548544483645e-08 4.0573866780918075e-07 0.0 5.534597012542782e-07 5.2590489436612e-07 7.643006922064604e-07 4.757195028267953e-05 6.661426324344391e-07 0.0 4.798610450993756e-06 3.311932337986548e-05 5.784319617163373e-07 0.0 2.601383523078976e-07 0.0 0.0 1.2649014054135751e-05 3.4905584390428283e-06 4.175186692153118e-06 5.942519253909382e-06 2.190778677122316e-06 1.5696181820058164e-07 1.7724289047440976e-05 2.3210689670635755e-05 3.995106656926522e-05 8.655951254330235e-06 4.157338493581197e-07 1.035208214272867e-06 5.115537916139759e-08 6.944429183761027e-08 0.0 0.0 0.0 0.0 0.0 0.0 0.0 0.0 0.0 0.0 0.0 0.0 0.0 2.232973953833806e-07 0.0 5.130497370975621e-07 1.3751877222412608e-07 0.0 0.0 0.0 2.296552012233763e-06 0.0 1.5911434404451727e-06 0.0 0.0 0.0 5.491260808724559e-08 0.0 0.0 0.0 0.0 0.0 2.9060730576366923e-07 2.3439725495774878e-07 0.0 0.0 7.224639932019918e-08 0.0 0.0 7.15324192601e-08 0.0 0.0 0.0 5.617913467979405e-07 0.0 0.0 0.0 1.7513885012803296e-06 4.1675819869457084e-07 0.0 0.0 4.199945315146956e-08 0.0 0.0 0.0 0.0 6.027642805001409e-08 1.9347601903779818e-05 0.0 0.0 0.0 1.8434117815464106e-07 0.0 0.0 1.848174152368819e-06 3.000045414160015e-07 8.770399039466791e-07 7.364950150993489e-07 2.44768884208325e-07 4.586363887029549e-08 0.0 0.0 0.0 0.0 6.549448373511926e-08 0.0 1.9975424265585307e-07 2.3979128392638363e-07 3.5658064184740696e-05 5.4409743548155886e-06 1.086184065134906e-06 0.00018943517841292945 3.2817449978708383e-06 0.0001683896009773983 4.9252982850593455e-05 4.154633240865417e-05 5.695811911896435e-05 1.5033799104383138e-06 6.224935593526402e-05 7.228007731396277e-06 7.741824411386846e-08 1.6447082445276138e-06 2.27366555376515e-07 5.405974943548168e-08 0.0 0.0 0.0 3.918659489546615e-06 6.633620880211616e-07 5.964924725207854e-05 2.4828176132148797e-05
4.325623348692088e-05 4.330629158714926e-05 1.1596442284001045e-05 9.709261127723469e-05 3.2796132856954254e-05 0.00010587459153145915 0.0002530442178957099 3.236642109953358e-05 1.1092048919845676e-05 0.001245843380477919 6.350829598597477e-05 0.0 0.0006409576747368154 5.164076825654231e-05 2.5831024538721528e-06 2.3031498800091515e-06 5.3891930253792526e-08 0.0 0.0 0.0 0.0 2.1751703887542868e-06 3.335291949216022e-07 2.6157173555297093e-07 2.546137886803809e-07 3.548104860853618e-07 1.9100791141869493e-07 3.117553571776189e-07 1.031486268016253e-06 2.1309753724956545e-07 2.4456014782988692e-06 1.563475468429355e-07 1.247089483966165e-05 0.0 0.0 6.74446774063163e-08 3.817951744810345e-05 2.4893154888357035e-07 1.9890177445182274e-06 2.3095766065613592e-07 9.172306996518093e-07 8.399220095633564e-07 5.67665790423849e-08 1.5525410335781986e-07 0.0 0.0 4.454357071932634e-06 0.0 5.3971706707302065e-08 1.5962723014734254e-07 2.669559839137366e-07 3.135503252244138e-07 1.3857431639304167e-06 7.231011952746022e-07 3.588855955528021e-07 1.0972083072791372e-07 9.6782280726395e-07 2.4443166334518206e-06 6.844355488177988e-08 1.3471155354341521e-06 0.0 5.986340078865989e-07 0.0 3.3502113065796584e-06 5.123534544584945e-08 6.232288326632526e-08 3.538074107574692e-07 3.4057112904314956e-07 2.2274170844313786e-07 4.77566615017415e-07 6.75142307991737e-05 2.1303836435624083e-06 0.0 3.173665648244175e-06 2.9440758619006543e-06 3.637678868958127e-06 4.097696920603052e-06 3.094910597377138e-06 2.570779366848877e-07 5.568996838464549e-06 3.4818224104486306e-07 1.8807331488138615e-06 9.59182703696378e-08 0.0 5.60816819455169e-08 1.767533118146824e-07 0.0 0.0 1.775865963076895e-07 9.579258502846424e-08 2.4498916575952773e-07 0.0 6.613131132305254e-07 3.5489774791807414e-07 8.263441011822967e-08 0.00012251967410814037 4.402435746490678e-06 0.0 3.2775633846160775e-06 8.083124236702467e-06 6.477753713511235e-07 6.226908517727207e-07 1.1536510174765676e-06 0.0 2.441400502287992e-06 3.0648612501191736e-05 7.172455975469266e-06 1.2377892890286785e-05 1.4401523403586323e-05 1.4194495141224578e-05 9.490094175801482e-07 3.75708880386366e-05 7.285160543493946e-05 7.995040978322364e-05 1.3965984405729272e-05 1.9075880835324066e-06 1.2371437999725678e-06 0.0 3.8241684070303875e-07 0.0 0.0 0.0 0.0 0.0 0.0 0.0 0.0 0.0 0.0 0.0 8.882136293293077e-08 0.0 0.0 0.0 2.0141679801173903e-06 4.649965363664845e-07 0.0 0.0 0.0 7.118353419156289e-06 0.0 2.1939261604327557e-07 1.3557448056949933e-07 0.0 0.0 0.0 4.9322591613685227e-08 8.055469134361669e-08 6.801984358984476e-08 0.0 0.0 5.8712691348322085e-08 5.712653647521012e-07 0.0 0.0 1.890735513738232e-07 0.0 0.0 0.0 4.851411457336758e-08 0.0 0.0 1.039661924297404e-06 0.0 0.0 0.0 3.062050291768899e-06 1.4177048055433777e-06 0.0 0.0 0.0 0.0 0.0 0.0 0.0 5.2587446532893424e-08 3.547898255327507e-05 0.0 0.0 0.0 2.0260608153098998e-07 7.70123173926249e-07 0.0 2.103367572574212e-06 2.0949096937682474e-07 1.220809175275831e-06 9.262838235777924e-07 3.561833218885145e-07 3.283458092695079e-07 5.309810902508982e-08 0.0 0.0 0.0 0.0 0.0 0.0 0.0 6.348995055544985e-05 8.959405287142885e-06 3.978100777937595e-06 3.450629413304213e-05 9.72324471173121e-07 2.0544924133544406e-05 5.733930171339515e-06 1.4713726722958759e-05 4.8840809181328715e-06 6.000491026461157e-07 7.487961399768999e-06 8.234223497282734e-06 2.5469488100746785e-07 4.0643002347242725e-06 1.487512640892887e-06 2.5788082147821825e-06 3.2144593340790907e-07 0.0 3.013166313176121e-07 8.384882768567762e-08 0.0 0.00013564674235375454 6.292761165424177e-05
