0.0 0.0005323216099485962 0.00010948637350642542 0.0005071094144440974 1.6361177605662783e-05 5.92672696701484e-05 0.0007190666489616606 9.414840152114652e-06 2.534431693719828e-05 0.001799356737291033 5.497943747516486e-05 3.684843749146863e-06 2.443486646032667e-05 3.8970257297728053e-05 0.0 0.0 0.0 0.0 0.0 0.0 0.0 0.0 0.0 0.0 0.0 0.0 0.0 0.0 0.0 0.0 0.00013786837352878372 8.902462484077493e-08 0.0 0.0 0.0 0.0 1.3368717418602333e-07 0.0 0.0 0.0 0.0 0.0 0.0 0.0 0.0 0.0 8.264095612116075e-07 3.782641558049802e-08 0.0 0.0 0.0 7.681627722499341e-08 0.0 0.0 4.096556130451177e-07 9.488302196448607e-07 5.8484116825001466e-05 0.0002739194357739697 1.293624287589524e-05 9.92059654916149e-07 0.0 0.0 0.0 4.067958651663339e-07 3.52205115153565e-07 2.0640788987808877e-07 2.3221398389320795e-07 0.0 0.0 0.0 2.1638787060758562e-06 1.019824845505126e-06 0.0 5.6155825041399384e-06 1.6775161708386537e-06 9.670438825782952e-08 1.5255872787517207e-07 3.702133350852238e-08 0.0 9.917619633772511e-08 0.0 0.0 1.3199686102019838e-06 3.870695014939569e-08 3.924439985689835e-08 4.657069269074198e-07 0.0 0.0 3.734440380914531e-08 0.0 0.0 0.0 0.0 0.0 0.0 2.607695534168918e-05 1.2829016318626413e-06 0.0 2.8790788870915245e-07 0.0002858317566394613 0.0 5.677996884260378e-06 0.0 0.0 3.7989821323962343e-07 1.74760889964183e-06 4.682991689618556e-06 0.0 3.225386109276075e-05 1.5827809878243607e-05 7.772554268998466e-08 3.3660984485245808e-06 8.112047591539989e-06 6.433342576226525e-06 9.567836190086564e-06 0.0 0.0 0.0 0.0 0.0 0.0 0.0 0.0 0.0 0.0 0.0 0.0 0.0 0.0 0.0 0.0 0.0 0.0 0.0 1.261451705231147e-06 0.0 0.0 0.0 0.0 1.0521749620870158e-06 0.0 6.169458923659866e-07 0.0 0.0 0.0 0.0 0.0 0.0 0.0 0.0 0.0 2.9556406143146624e-07 0.0 0.0 0.0 0.0 0.0 0.0 6.121995923452817e-08 0.0 0.0 0.0 0.0 1.414151603942097e-07 0.0 0.0 1.5738640184188049e-06 4.423097678212455e-08 0.0 0.0 0.0 0.0 0.0 0.0 0.0 0.0 5.147593575410377e-06 0.0 0.0 0.0 0.0 2.0246939607888375e-06 0.0 0.0 0.0 0.0 0.0 0.0 0.0 0.0 0.0 0.0 0.0 0.0 0.0 0.0 0.0 1.0811717276289298e-05 1.8082473834228653e-07 9.155224576141459e-07 6.991736351277502e-05 1.9564938556956939e-07 3.507927784179629e-06 6.078195395305997e-07 0.0001741785134310348 2.4122984204859714e-07 0.0 0.0 1.1741839218304492e-05 0.0 3.7725343031053405e-07 0.0 3.605586563211391e-05 0.0 0.0 0.0 0.0 0.0 0.00014249127335652295 5.4934720026268475e-06
0.0005323216099485962 0.0 0.0005551065889657586 0.0002565026320208001 0.0018137283003893724 2.866941331209053e-06 0.003672948357622948 9.473241046710067e-05 0.0015232301693055834 0.0007547484974271622 0.0006057550054665962 4.398313926232454e-06 0.00041445229468650523 0.000564295610324532 9.187167194222526e-07 4.768767848677785e-07 6.371040211625477e-07 3.704171354232642e-08 0.0 1.146651870811363e-07 9.636555545902145e-08 0.0 0.0 6.701094230311179e-08 2.1184121632180927e-07 0.0 6.275149951879619e-08 1.830347812753083e-07 0.0 0.0 0.00047639431066693526 1.117914730237686e-05 1.9905264096960606e-06 1.582692911574529e-07 3.7094864324663426e-08 4.7505375429670345e-08 2.467270205608197e-06 1.7427902988378763e-07 4.7157335068347275e-08 1.4400264658344888e-07 4.389975996972456e-08 4.172088834949365e-08 0.0 3.1287718702468343e-07 0.0 2.451399044038058e-07 2.0428831798641414e-05 2.4087672672089254e-06 2.018341363564648e-07 0.0 4.811990772241396e-07 0.0 0.0 9.841490029286958e-08 7.269567328342423e-06 1.2203684625927965e-05 6.924487914773672e-05 0.0005680547409847511 3.7574823057153786e-05 1.575790269970578e-05 3.5735026414667144e-07 8.219683722253311e-07 4.4687932036791056e-08 5.5748836143595106e-05 6.930898444189209e-06 3.674683718717641e-06 3.6736453449918354e-06 1.0473919850791353e-06 4.5162870136557325e-08 0.0 3.4928245482565497e-07 0.0 0.0 5.675430117641179e-05 7.71200303659856e-05 7.5297659477663096e-06 8.474716698685571e-06 1.408542441742008e-06 1.1946273545950327e-06 9.927874052524512e-06 8.421048044992086e-08 2.420490679269098e-06 1.9700872101309396e-05 1.2510283357631228e-06 1.460280391793418e-06 9.402893455681032e-06 4.107884733391388e-07 5.430791711402021e-08 8.627302593389454e-07 0.0 1.690401115141678e-07 0.0 1.1454998054989847e-07 1.5280340617534708e-07 4.395759902439636e-08 1.4769674070654314e-06 2.265759807621338e-07 0.0 6.494842865066023e-08 7.998116039303951e-05 9.399576544267255e-08 0.0 0.0 0.0 8.405104775199759e-08 3.913989889532667e-06 0.0 0.0 8.386230042288218e-06 2.607308766634604e-06 1.2529449863776447e-07 5.617744921614099e-07 1.8387897249854016e-06 2.005064003400548e-06 3.7246856463233975e-06 0.0 0.0 0.0 0.0 0.0 0.0 0.0 0.0 0.0 0.0 0.0 0.0 0.0 0.0 0.0 0.0 0.0 0.0 0.0 7.446963383400232e-08 5.16315345220272e-07 0.0 0.0 2.2834576623525064e-07 1.312434395437455e-06 8.158476499557454e-08 1.3591841691278972e-06 0.0 1.1058473176686296e-07 0.0 4.340693727029724e-08 0.0 0.0 0.0 0.0 0.0 0.0 5.608014693365192e-08 0.0 0.0 0.0 0.0 0.0 0.0 0.0 0.0 4.611490773574127e-08 5.6381194536735764e-08 0.0 0.0 0.0 9.558467595437883e-07 7.441354747795694e-08 0.0 3.20545943022786e-08 0.0 0.0 0.0 0.0 5.3009210659837464e-08 4.8176348548002165e-08 2.1083468787250448e-06 0.0 0.0 0.0 5.1120913678924886e-08 3.471683269495277e-07 0.0 6.007588324122504e-08 5.96617001207512e-08 0.0 0.0 0.0 0.0 0.0 3.7328519486616205e-08 0.0 0.0 1.1589432004544886e-07 0.0 0.0 0.0 5.350780952299139e-06 2.352304528958068e-07 5.812258157632357e-07 3.5974080918001484e-05 3.79465345015654e-06 0.00011943976734610759 2.1202591548692125e-05 3.597847717345392e-05 6.2849296683209054e-06 7.62127106951358e-07 1.8236163064507315e-06 8.871844607491869e-07 0.0 2.7507266445774546e-07 0.0 3.3007675582406942e-06 0.0 0.0 0.0 4.856362420772469e-07 0.0 5.4581083632265756e-05 9.65791999900197e-07
0.00010948637350642542 0.0005551065889657586 0.0 4.5941756044757847e-07 0.0008213730818008436 0.0 9.560151998158114e-05 0.0015833784394834471 0.00042976897642542903 8.173053526623148e-05 0.0016691574939497191 4.043270032706541e-06 8.256210864699933e-05 0.0008307456553269161 1.6951556166916062e-06 2.9671004731609776e-06 1.6105099128780592e-06 1.0659397453812323e-07 4.8524911575059126e-08 9.911809398527761e-08 5.785903543613704e-07 0.0 3.554684985225237e-07 0.0 1.6551789385626265e-06 1.9748696039538962e-07 1.3324166648987425e-07 1.4373026306956034e-07 0.0 2.5359720187182434e-07 0.0013485814181096922 8.236601760102501e-05 2.4929654921298415e-05 3.851752995691967e-06 4.614264871079451e-06 2.289553697508255e-06 1.2287063881194672e-05 2.4934973913630386e-06 1.915426790740752e-07 5.299120737968647e-07 1.4719147345388653e-07 2.4088036337405146e-07 3.796473808451682e-07 1.147571778222274e-06 1.1041732153931717e-07 1.2201598586422763e-06 6.219142907411996e-06 4.811336064637895e-07 9.771683501236168e-08 2.454664486631411e-07 4.633451615785039e-07 0.0 0.0 0.0 8.339882064933337e-07 7.205504723795085e-07 1.0093655500380597e-05 0.0004981946454887898 6.415142198041315e-06 2.0424279777010827e-06 3.4287262727553233e-06 2.501317410361364e-05 2.950514509217393e-06 7.632599518797925e-05 3.561541337901272e-07 3.3115474486163103e-07 5.727878647870063e-07 3.917491400195948e-07 7.114822435105653e-07 7.606163711211891e-07 2.2525501975117658e-06 6.192663474528377e-08 0.0 6.32485385980671e-06 9.340043449390667e-06 4.104969913049486e-06 6.236917236392649e-06 4.462845358013275e-06 0.00010646119537579036 0.000305477392812962 2.8973760154198614e-06 9.033945128078557e-05 1.8439157711354069e-06 1.0428337936350012e-07 2.1737915843847565e-07 7.654867688853342e-07 0.0 0.0 1.1912598585697747e-07 0.0 5.2262274168302366e-08 3.658693540658151e-08 1.7917707391438325e-06 1.7682932427975236e-07 5.806391490207618e-08 6.809587061249963e-07 0.0 0.0 0.0 4.585970326207121e-05 0.0 5.827048890534205e-07 1.5242559744609772e-07 1.6954540745449257e-07 3.5182580130419474e-07 0.0 1.7325815760043258e-07 0.0 7.855097257126047e-07 2.751215195565207e-06 6.380795237023108e-08 7.314778507726098e-07 1.5675909017545244e-06 1.581880897304399e-06 3.187060924396237e-06 0.0 0.0 0.0 0.0 0.0 0.0 0.0 0.0 0.0 0.0 0.0 0.0 6.199497427244388e-08 0.0 0.0 0.0 5.0832618333784404e-08 0.0 0.0 6.052479062253493e-07 0.0 0.0 0.0 5.536785571362021e-08 1.5940595590784226e-06 2.6993820456836963e-07 7.3406847688607e-07 4.0737210610285314e-07 0.0 0.0 0.0 0.0 0.0 0.0 4.8900232729800565e-08 0.0 0.0 5.243662052382038e-08 0.0 0.0 0.0 1.8300739830663374e-07 4.933764107198321e-08 0.0 0.0 0.0 0.0 1.6521048073471458e-07 0.0 0.0 6.814912749991044e-08 7.75056120228366e-07 1.0500547940813173e-07 0.0 0.0 0.0 0.0 0.0 0.0 0.0 5.658672792431488e-08 1.992155448753695e-06 1.6812789082638046e-07 0.0 0.0 4.947454412590368e-08 3.911246998708491e-07 0.0 3.3674097657632755e-07 0.0 2.812785262245089e-07 0.0 0.0 0.0 0.0 0.0 0.0 0.0 0.0 0.0 0.0 0.0 4.246341747205229e-06 2.625696944905711e-07 1.3962649922144613e-06 2.1655348722710426e-05 1.0472721020650152e-06 2.6097839130945066e-05 7.717993232336176e-06 5.86427050326424e-06 7.414891592216363e-07 1.2275905502231372e-07 1.2572325902345092e-06 3.0047895848461654e-07 0.0 1.3299330595065676e-07 5.83155214705883e-08 3.005739005186862e-06 0.0 0.0 0.0 6.336679694701638e-07 6.246734620135131e-08 1.0070464923943286e-05 1.2779575873527372e-06
0.0005071094144440974 0.0002565026320208001 4.5941756044757847e-07 0.0 5.458930934165585e-07 6.786907464055113e-05 0.0007145110589702877 1.3923409986560452e-07 1.843102932782537e-05 0.0005144860964124348 1.4775958713473462e-06 2.41051801664584e-07 3.056065778191829e-05 2.0423948717391133e-05 0.0 0.0 0.0 0.0 0.0 0.0 0.0 0.0 0.0 0.0 0.0 0.0 0.0 0.0 0.0 0.0 5.3571557863959216e-05 1.7720719588608246e-07 8.0970565951359e-08 0.0 0.0 0.0 7.641620607933449e-08 0.0 0.0 0.0 0.0 0.0 0.0 0.0 0.0 3.479276148576162e-08 1.3447239142327546e-06 1.6407352557080842e-07 0.0 0.0 0.0 0.0 0.0 0.0 7.202750373622937e-07 5.305951939812374e-07 1.2431990871953044e-05 0.00010068988633749886 6.040524683026571e-06 1.3927735851120962e-06 9.310926541073697e-08 0.0 0.0 1.6338345707602902e-06 3.2148043005680046e-07 0.0 1.760758682209051e-07 0.0 0.0 0.0 8.507009660001046e-08 0.0 0.0 4.361755819967404e-06 3.901255677311514e-06 4.5902548255081226e-07 1.6303572363345643e-07 3.5051288462975834e-08 0.0 0.0 0.0 0.0 1.8260333328740077e-06 4.28073532175428e-08 3.52989848630277e-08 5.303568426873146e-07 5.284903915621517e-08 0.0 4.3135206106121676e-08 0.0 0.0 0.0 0.0 0.0 0.0 2.5412427450310966e-06 0.0 0.0 0.0 0.00012724110097763944 3.6962786457921126e-06 4.155941682292828e-06 9.458157662456825e-06 7.202158212995529e-06 1.0373119677000995e-07 3.8127152727995536e-06 1.4057458656803085e-06 1.7992926260707129e-06 9.875870387859594e-06 1.656055569643754e-05 0.0 4.199942988747994e-07 8.853135964389173e-07 8.436811329140721e-08 3.0049997514886333e-07 0.0 0.0 0.0 0.0 0.0 0.0 0.0 0.0 0.0 0.0 0.0 0.0 0.0 0.0 0.0 0.0 0.0 0.0 0.0 6.545689280989222e-07 8.448642830832546e-08 0.0 4.435475424543461e-08 0.0 0.0 0.0 4.5763452362968966e-08 0.0 0.0 0.0 0.0 0.0 0.0 0.0 0.0 0.0 1.2098231770195442e-07 9.232235874492094e-08 0.0 0.0 0.0 0.0 0.0 4.708174109799351e-08 1.24045897357319e-07 3.898548382774688e-08 2.1251718423824464e-07 5.973472163253803e-07 0.0 0.0 0.0 2.884498026893897e-07 4.433144178177623e-07 3.978265517699835e-08 1.0985935818421384e-07 0.0 0.0 0.0 0.0 0.0 0.0 0.0 0.0 0.0 0.0 0.0 4.1104103485331514e-08 0.0 0.0 3.300165242964744e-07 5.834653991347661e-07 0.0 0.0 0.0 3.7884010986481834e-08 0.0 0.0 0.0 5.758094032542418e-08 0.0 0.0 0.0 8.462335258326071e-07 0.0 0.0 2.5921033751043636e-06 1.733242060439622e-07 4.947204389738328e-06 6.161614536255909e-07 3.328437185098465e-05 1.9988526516786706e-07 2.02661602669194e-07 1.9998236309984358e-07 1.066925736604031e-06 0.0 3.8405494631250386e-07 0.0 2.579594754059555e-06 0.0 0.0 0.0 0.0 0.0 2.2555484478802118e-05 1.2682089872067966e-07
1.6361177605662783e-05 0.0018137283003893724 0.0008213730818008436 5.458930934165585e-07 0.0 0.0 0.0007577291204889621 3.543095179495043e-05 0.001353443918596984 0.00011648786545017318 0.0011525485346041845 7.120753669432705e-07 0.00015907978592040033 0.00017481271469836025 3.299960971048598e-07 1.9974096619732117e-07 2.666934131662306e-07 0.0 0.0 0.0 8.443900719997351e-08 0.0 0.0 0.0 0.0 0.0 0.0 0.0 0.0 0.0 6.108862455523149e-05 3.1470104089253477e-06 7.315170782113745e-07 8.9029867217384e-08 0.0 6.049050650126424e-08 3.0441502051272287e-07 9.917792938726382e-08 0.0 4.4140893574471225e-08 0.0 0.0 0.0 0.0 0.0 8.972527987104699e-08 3.4358273351700736e-06 5.253514262167633e-07 6.151984754143536e-08 4.6906042885238974e-08 0.0 0.0 0.0 0.0 4.1312200292897215e-07 1.4244146800821545e-06 4.919491508950732e-06 3.161884946365347e-05 2.4610460348214764e-06 1.6219980506914497e-06 4.483196377974363e-08 1.273793965309695e-07 4.05542355543771e-08 8.263416814731004e-06 3.7690659443828945e-07 1.5256813585838203e-07 5.148201950464986e-07 7.993355390733415e-08 0.0 0.0 4.048048466845336e-07 0.0 0.0 4.141368107178872e-06 9.381463488592863e-06 1.2304821925011408e-06 1.9953217145415895e-06 9.242036839456858e-08 1.3098278771418313e-07 3.158704960405448e-06 7.72537170057164e-08 4.872539043130798e-07 1.925186496551084e-06 1.3495045726482818e-07 1.2263249524817968e-07 1.1547073817683626e-06 3.6658811769534846e-08 4.7273421878715865e-08 3.261830108572837e-08 0.0 3.681698692584275e-08 0.0 0.0 0.0 4.955536868341386e-08 6.515561649142712e-08 5.585899252131939e-08 0.0 0.0 1.7646741952211987e-06 0.0 4.673672276636487e-08 0.0 0.0 0.0 1.554449391453242e-07 0.0 0.0 7.960963869593841e-08 5.475634073478998e-08 0.0 1.2001458441148366e-07 3.4727236493929406e-07 2.335194653528435e-07 2.0411555263579382e-07 0.0 0.0 0.0 0.0 0.0 0.0 0.0 0.0 0.0 0.0 0.0 0.0 0.0 0.0 0.0 0.0 0.0 0.0 0.0 0.0 0.0 0.0 0.0 0.0 0.0 0.0 1.3398107345098733e-07 0.0 0.0 0.0 0.0 0.0 0.0 0.0 0.0 0.0 0.0 0.0 0.0 0.0 0.0 0.0 0.0 0.0 0.0 0.0 0.0 0.0 0.0 0.0 0.0 0.0 0.0 0.0 0.0 0.0 0.0 0.0 0.0 0.0 0.0 8.97065338553794e-07 4.995921638373639e-08 0.0 0.0 0.0 0.0 0.0 0.0 0.0 0.0 0.0 0.0 0.0 0.0 0.0 0.0 0.0 0.0 0.0 0.0 0.0 4.359091246477143e-07 0.0 1.0397700685763875e-07 9.039586370165249e-06 7.452857756038687e-07 2.060094611603759e-05 5.2207082946098075e-06 3.2394278063778497e-06 1.8231576810236073e-06 5.7617330435918914e-08 4.611505706880809e-07 0.0 0.0 0.0 0.0 0.0 0.0 0.0 0.0 1.3909288187201635e-07 0.0 5.18686740960071e-06 6.66163493231148e-08
5.92672696701484e-05 2.866941331209053e-06 0.0 6.786907464055113e-05 0.0 0.0 6.807503393389651e-07 0.0 4.692805143543492e-07 0.00025983856042688727 5.271347224026102e-08 2.420836179396359e-05 1.2184606354011247e-05 3.911446008598941e-06 0.0 0.0 0.0 0.0 0.0 0.0 0.0 2.5906286442625696e-06 0.0 0.0 0.0 0.0 0.0 0.0 4.007042235466038e-07 0.0 9.679109256905686e-06 0.0 2.827204022196742e-06 0.0 0.0 0.0 4.483632367652411e-06 2.5853423951704013e-07 2.2587000475890173e-06 1.5912263531873584e-07 0.0 0.0 0.0 0.0 0.0 0.0 1.0912687949143793e-07 0.0 8.28816126460571e-08 0.0 0.0 3.9763399149609395e-06 8.633331145718267e-06 1.0696033570885518e-07 0.0 1.1822878493185862e-07 5.4388806254152e-05 1.8301535217875458e-05 2.9173584617229377e-06 5.8907882518689475e-08 0.0 1.0114767183685914e-07 0.0 0.0 3.7931671813704255e-08 0.0 0.0 0.0 0.0 8.764077888941429e-08 4.169173423955886e-05 3.038456577786653e-05 4.227436707540753e-06 2.10578023628808e-07 0.0 0.0 4.919470967794409e-08 0.0 0.0 2.3356444604449818e-07 0.0 0.0 1.3495582932541634e-07 6.168891458005935e-07 5.381846226823154e-08 2.732955616643542e-07 0.0 1.399113143201661e-06 0.0 3.4981072094252963e-06 7.47713023482587e-08 1.3766978097316847e-07 0.0 0.0 1.3893709604477763e-07 7.768596460146011e-05 3.494693438226483e-05 5.3765266214396414e-06 6.022586531741796e-06 9.855126950858485e-05 0.0 2.0207821339455497e-06 0.0 0.0 8.146735776650981e-08 0.0 3.808496943766426e-06 0.0 1.965591619108419e-06 6.070151270995343e-06 7.802474327882091e-08 9.195544661376871e-07 3.4916675077951555e-06 3.390762639735501e-06 3.0516553863997124e-06 0.0 0.0 0.0 0.0 0.0 0.0 0.0 0.0 0.0 0.0 2.3125078954200512e-07 0.0 0.0 0.0 0.0 9.727592127292616e-08 0.0 1.2930404432420128e-07 0.0 2.0854038965125303e-07 1.1086746249035544e-07 0.0 0.0 0.0 2.896388082867194e-07 0.0 4.6180110482534546e-07 0.0 0.0 0.0 0.0 0.0 0.0 0.0 0.0 0.0 0.0 2.0019345717925312e-07 0.0 0.0 0.0 6.858595029927844e-08 0.0 0.0 0.0 0.0 0.0 0.0 6.196593685058157e-07 0.0 0.0 3.0799078900839145e-07 0.0 0.0 0.0 0.0 0.0 0.0 0.0 0.0 0.0 1.6678489257755923e-06 2.5380466479981953e-07 0.0 0.0 0.0 3.186779435495089e-07 0.0 4.265661013218171e-07 0.0 0.0 0.0 0.0 0.0 0.0 0.0 0.0 0.0 0.0 0.0 0.0 0.0 5.893679450077573e-06 2.318311174887743e-07 1.304875363875111e-07 3.3149042987658312e-06 1.403047825863808e-07 2.041940703904033e-07 6.04263718788805e-08 4.151642880027879e-05 3.927508544424033e-07 1.4378546914647497e-07 0.0 9.807828312519507e-07 0.0 0.0 0.0 6.658667715712214e-06 0.0 0.0 0.0 0.0 0.0 7.566173583282355e-05 1.5578584295798006e-06
0.0007190666489616606 0.003672948357622948 9.560151998158114e-05 0.0007145110589702877 0.0007577291204889621 6.807503393389651e-07 0.0 3.2750336710861846e-05 0.0010769809799789994 0.0008410853421459691 0.00034058600339454976 2.6311520346790123e-06 0.0008502891670802879 0.0012770839191732694 1.5818344743697044e-06 4.583784773897058e-07 8.930116885250159e-07 3.4748323108928584e-08 0.0 0.0 0.0 0.0 3.798630413725686e-08 0.0 1.251908536297529e-07 4.9494295388900035e-08 0.0 1.1967308719637804e-07 5.1798469241649645e-08 0.0 0.00012266944864693224 5.990139163965044e-06 5.516127994193649e-07 9.316117437072875e-08 4.66627478808409e-08 4.634274676772297e-08 1.1423767008972199e-07 3.391436316568306e-07 0.0 4.206449587662255e-08 0.0 0.0 0.0 0.0 1.5761932291391528e-07 1.2594753213898954e-07 2.007237255774667e-05 2.37503004292711e-06 3.1650984552408595e-07 1.997026465464104e-07 2.0283462074638082e-07 6.013806867410494e-08 6.3872102711885e-08 4.389834130558972e-08 5.395175810332649e-06 8.233976576745446e-06 3.203002457995172e-05 0.00023475692975828726 2.244245954254808e-05 1.1424986553181697e-05 4.918299803568747e-07 3.3842814942494987e-07 5.032706695531904e-08 4.234120842250454e-05 5.4925650007367635e-06 2.4472974089721094e-06 3.5199590286728828e-06 7.843236183557167e-07 1.6825270969134074e-07 5.136083689986676e-08 9.962819216264601e-07 0.0 4.66535992655891e-08 3.605577572181822e-05 5.976069443334334e-05 7.665924411296315e-06 7.88695308911638e-06 1.2865090078808485e-06 7.569026345910446e-07 1.1523190331886436e-06 2.1767031862060868e-07 6.967430973236748e-07 1.603400139433241e-05 6.077888044275569e-07 1.5951627924779493e-06 7.691951412145256e-06 2.873199880039683e-07 8.489502322824604e-08 5.923088561943234e-07 3.86787026208605e-08 1.8324802103509914e-07 4.966642925713852e-08 1.252920660807022e-07 1.448575390928457e-07 0.0 7.694514419500988e-07 0.0 0.0 9.678341295890267e-08 2.1274550927076254e-05 1.26153399954042e-06 1.8782766142341006e-07 2.7232481145295183e-06 3.765448621996473e-06 2.1245978139332069e-07 1.7044618254867134e-06 1.3036384931000463e-07 2.0139379637039135e-07 2.1070063951664724e-05 3.885657748095854e-06 1.3670921959972284e-07 2.805958583621359e-06 1.226705457065884e-06 8.563327639492705e-07 1.8836209892576213e-06 6.193167670119791e-08 0.0 0.0 0.0 0.0 0.0 0.0 0.0 0.0 0.0 0.0 0.0 0.0 0.0 0.0 0.0 0.0 0.0 0.0 5.439233824055032e-07 0.0 0.0 0.0 0.0 7.449929531089126e-07 0.0 1.3723962903908823e-06 2.4922512265694727e-07 0.0 0.0 0.0 0.0 0.0 0.0 0.0 0.0 8.980293699561346e-08 1.1170510310071645e-07 0.0 0.0 0.0 0.0 0.0 0.0 4.164711781448217e-08 0.0 2.540981199954006e-07 3.368156706184628e-07 4.055710039136961e-08 0.0 0.0 6.920300435594263e-07 1.46537261007397e-07 6.017869512791639e-08 4.459826931961538e-08 0.0 0.0 0.0 4.433176481277868e-08 0.0 0.0 1.3039227368032951e-06 0.0 0.0 5.529675352472386e-08 4.01945236349364e-08 4.847162953681601e-07 0.0 1.4745086106114372e-07 1.608991879376704e-07 1.4851275670988263e-07 0.0 7.197339014859311e-08 0.0 8.325630502999085e-08 3.477883028255389e-08 3.853512280692595e-08 0.0 0.0 0.0 5.405835012081552e-08 0.0 1.7562641105812019e-06 2.2466591259200512e-07 4.0137694936356206e-07 3.416383416523453e-05 3.957096706636822e-06 0.00011205789335784324 2.3684285874523112e-05 3.1094956058694293e-05 6.06386985848622e-06 4.7404133112107657e-07 2.4171684390227232e-06 1.1164423730056915e-06 4.7568578685295194e-08 9.134053705854051e-08 0.0 8.965664639353426e-07 0.0 0.0 0.0 6.386875018453476e-07 0.0 3.406673183579216e-05 8.456534179556207e-07
9.414840152114652e-06 9.473241046710067e-05 0.0015833784394834471 1.3923409986560452e-07 3.543095179495043e-05 0.0 3.2750336710861846e-05 0.0 0.0002639699956844244 4.1410474525370954e-05 0.0012970854374114323 4.022445383274931e-06 4.0329716416540695e-05 0.00047504622310789844 6.657218544403749e-06 7.123129051579431e-06 4.882464801416713e-06 1.3682885189148328e-06 4.436443338605539e-08 4.471737580178786e-07 3.2758808057427598e-06 6.884027237171626e-08 1.4099394761610596e-06 7.835052083075266e-07 8.855960520751814e-06 1.014973147777783e-06 8.3445476229227e-07 8.707899928849008e-07 1.931798174856761e-07 1.5319784589245963e-07 0.0009378195202973005 0.0005736217543432897 7.460321155294507e-05 1.9608735878372638e-05 2.3594831875852127e-05 1.2464447966028228e-05 1.8032505516387474e-05 8.251064706529678e-06 3.1415059724330956e-07 7.480867687804919e-07 1.3358617001540405e-06 8.250389941137414e-07 1.5489831370682868e-06 2.99249419963133e-06 1.2014698978922044e-06 9.365135607557111e-06 2.930829488797549e-05 1.3662348159133242e-06 1.5495817897542823e-06 3.59044634456133e-06 1.724124192080321e-06 6.042052824018661e-08 5.4866961168949266e-08 2.8831434187850937e-07 2.0061442473674186e-06 2.7369305386724713e-06 1.2247879764738962e-05 0.0002526486149609382 1.0909201640979696e-05 8.613208192718582e-06 3.5310501146194366e-05 0.00015509628360250256 1.2758823780317153e-05 0.00018529430245827402 1.691542660332481e-06 1.7211719638051793e-06 1.6865736457618766e-06 2.515477589890284e-06 2.3915102102875748e-06 4.349313950803467e-06 5.497228413045744e-06 0.0 6.421371782151707e-08 1.8160536956105646e-05 5.2076267374085465e-05 1.527585131579219e-05 3.684024278833899e-05 6.508971156483434e-05 0.0006699531778278563 0.0008230818955927388 2.2600904119287447e-05 0.000670621120298404 6.419051602152082e-06 4.880892106118173e-07 1.0272255643675482e-06 2.6473260672875773e-06 7.51794307988363e-07 0.0 4.118935694721831e-07 6.791420300688965e-08 3.959903838188455e-08 0.0 1.1060033455726292e-05 3.9528129540011535e-06 6.059561104351313e-07 1.600629384827214e-07 0.0 0.0 6.515080639474829e-08 1.0839142030713905e-05 0.0 0.0 0.0 0.0 0.0 1.6143099442717408e-07 0.0 1.7544599706430808e-07 5.792229921095211e-07 1.791834264644496e-07 3.988659570728951e-07 0.0 3.5714218030750367e-07 3.790619048374112e-07 6.384037650885631e-07 5.364943688567353e-08 0.0 0.0 2.432381713766965e-07 0.0 0.0 0.0 0.0 0.0 0.0 0.0 0.0 2.731471363853829e-07 0.0 0.0 6.841681881164665e-08 0.0 5.12800791492549e-08 6.728383669328152e-08 0.0 2.5843792754857324e-07 0.0 1.4212764417530127e-07 0.0 5.194082255952746e-07 3.2115856228034723e-07 8.091170710903351e-07 6.085199194736434e-07 6.235497699838313e-08 5.358189511147568e-08 0.0 0.0 0.0 0.0 0.0 0.0 0.0 0.0 0.0 0.0 9.145946905681387e-08 1.0706569804713519e-07 1.7068014227148412e-07 0.0 0.0 0.0 0.0 4.5615797328237113e-08 0.0 0.0 0.0 2.6037648296610747e-07 0.0 0.0 0.0 0.0 0.0 0.0 0.0 9.049438446337052e-08 1.1830195813460279e-07 8.925354260767362e-07 5.3481743711264335e-08 2.103154567991544e-07 0.0 8.318343835301539e-08 2.971878816913969e-07 0.0 3.097027786548295e-07 0.0 1.356625716430703e-07 0.0 0.0 0.0 6.135958958182696e-08 3.21481416441005e-08 0.0 0.0 0.0 1.4952211069800447e-07 0.0 5.671128349149946e-08 1.3466268065560407e-06 2.051429209075558e-07 1.406060376838312e-06 6.50466217048929e-05 3.224039080999359e-06 0.0001045121426335517 3.4478009249170986e-05 1.1582390958303729e-05 8.405633374958148e-06 2.5613866596775864e-07 5.1007714537788765e-06 1.0296657256267296e-06 0.0 2.469430029402772e-07 0.0 1.6303419650635732e-06 0.0 7.185383723914712e-08 8.310805659280923e-08 4.194473346860313e-06 6.119969316543304e-08 1.195300907638585e-05 5.017394436543263e-07
2.534431693719828e-05 0.0015232301693055834 0.00042976897642542903 1.843102932782537e-05 0.001353443918596984 4.692805143543492e-07 0.0010769809799789994 0.0002639699956844244 0.0 0.0007652060039862632 0.0009412804739859445 4.4963830379494545e-06 0.0006711235567777267 0.00048750527870797125 1.9870308487765474e-06 8.034903976232516e-07 9.599268886832054e-07 9.018941490237376e-08 6.160284528804957e-08 0.0 0.0 0.0 0.0 0.0 3.4984485494477e-08 5.9044640169360686e-08 9.351429205632388e-08 1.4181386396336184e-07 6.365868218048697e-08 4.998428861969278e-08 0.00016732504085147394 1.0030991356776074e-05 1.146290080018439e-06 9.108385709557386e-08 0.0 9.845432815232886e-08 6.759466325435186e-07 1.1150224984870507e-07 1.4438486849780465e-07 5.0269589443861667e-08 0.0 4.6923330152632725e-08 0.0 3.3268757019623723e-07 0.0 2.2576123133898997e-07 2.2974467458780022e-05 1.116527673625389e-06 1.301496762185462e-07 8.690279059243606e-08 2.72950826279589e-07 5.284130920509818e-08 7.877267401419563e-08 6.167021808009289e-08 3.7874984038381323e-06 6.586697058751727e-06 1.822817095133191e-05 0.00011426827596071505 1.4528770537076e-05 8.101052732284863e-06 3.728507928344036e-07 3.596131395468089e-07 7.29564497275011e-08 3.166737919711467e-05 3.015398296299207e-06 1.7207135898863782e-06 1.5324955403877478e-06 5.973709563531879e-07 0.0 0.0 1.85553688218517e-07 4.878249932587936e-08 0.0 2.0736153056774512e-05 4.02343745274653e-05 7.183209756706785e-06 8.098813188211509e-06 1.494941917022163e-06 8.812321331264431e-07 2.5180533475390513e-06 3.294936325980784e-07 1.1734993428978024e-06 9.74528382006987e-06 4.42596271169584e-07 5.369410004807034e-07 4.954068704224714e-06 1.678824855099591e-07 0.0 4.731840414229755e-07 0.0 1.4297596209994027e-07 0.0 1.1341631857309757e-07 2.437593987973609e-07 6.591031044280198e-08 1.4111646989569117e-06 0.0 0.0 0.0 1.0387047991792834e-05 0.0 5.4150508272134165e-08 0.0 0.0 5.7888766863778366e-08 0.0 0.0 0.0 4.6699302257709094e-07 2.919493154334294e-06 1.0203217945129785e-07 4.0292392204134113e-07 8.106059649945718e-07 1.3821699431236922e-06 1.4552352487972732e-06 4.233783040635771e-08 0.0 0.0 0.0 0.0 0.0 0.0 0.0 0.0 7.458469889180841e-08 0.0 0.0 0.0 0.0 0.0 0.0 5.717906146369321e-08 0.0 0.0 1.4493686246005255e-07 0.0 0.0 0.0 0.0 1.1299370992380076e-06 0.0 2.674631936871724e-07 6.813270872219481e-08 1.6818443304126139e-07 0.0 0.0 0.0 0.0 0.0 0.0 0.0 0.0 1.5369653973930367e-07 0.0 0.0 0.0 0.0 0.0 0.0 0.0 0.0 0.0 0.0 3.1112661049974133e-07 0.0 0.0 1.2272889092176036e-06 1.9641443459018327e-07 0.0 0.0 0.0 0.0 0.0 0.0 0.0 0.0 1.150585441335144e-06 0.0 6.36217025973601e-08 0.0 0.0 5.833225934948888e-07 0.0 1.2134802652297339e-07 0.0 0.0 0.0 0.0 0.0 0.0 0.0 0.0 0.0 0.0 0.0 0.0 0.0 2.820547540041199e-06 2.332797071842386e-07 4.076487966967743e-07 4.1675699684034706e-05 2.855258376620537e-06 0.00011043499258679793 2.6310892833524056e-05 3.0493176043543103e-05 9.34638115064144e-06 4.278113701169819e-07 4.677402514470516e-06 7.920091959378336e-07 0.0 0.0 0.0 2.518122803134395e-06 0.0 0.0 0.0 1.144859626430959e-06 0.0 2.6780739249464955e-05 8.460881500920531e-07
0.001799356737291033 0.0007547484974271622 8.173053526623148e-05 0.0005144860964124348 0.00011648786545017318 0.00025983856042688727 0.0008410853421459691 4.1410474525370954e-05 0.0007652060039862632 0.0 0.00018034544811891884 0.0006034925306543757 0.006874535843083153 0.0013298646141965788 3.4057440041567814e-06 1.3247151538713767e-06 1.1923378035933794e-06 1.5933453894056027e-07 0.0 0.0 4.964310578999101e-08 4.4139938628807055e-08 1.0640620392586113e-07 4.623233854371128e-08 7.310670079970521e-07 0.0 2.834302310160303e-07 1.197816680552299e-07 6.427452388843763e-08 0.0 0.0002321722443932425 3.229844722287397e-06 4.889655978084675e-05 1.743733690838455e-07 5.7491780624894645e-08 1.7673744907529712e-06 8.898136091349505e-05 2.6425463009406334e-06 8.771992734044205e-06 2.071781537665889e-07 1.569073067811119e-07 5.31963328522041e-08 0.0 5.764886171999719e-07 4.405692909274017e-08 2.230022793504955e-07 3.576058751403178e-05 3.6049612789378354e-06 5.697220529952744e-07 1.173099425015028e-07 6.362082310419286e-07 0.0 0.0 0.0 1.0848743581017018e-05 1.770245604057086e-05 0.0002232728049252437 0.000756049551605436 7.862883307763939e-05 2.358686307828424e-05 3.2836922730651187e-07 2.6118556873620107e-06 1.9054431678563518e-07 3.403096600039388e-05 9.589502793103297e-06 4.039485620372704e-06 6.389950521175283e-06 1.4442181310555534e-06 5.103968828002481e-08 6.237257079154566e-08 0.00023139995008590985 4.603671615598826e-07 5.703392937182718e-08 7.336064148334999e-05 7.37828924052852e-05 9.578781777289278e-06 9.805633666611636e-06 1.179300343071316e-06 1.2753465379774803e-06 8.678205915035652e-06 5.516556010271889e-07 3.672717629033456e-06 2.9796179339373783e-05 2.2714407754476643e-06 2.2636679736001603e-06 1.283037373655476e-05 4.6371399460447357e-07 4.3082452235357025e-08 1.102495548773198e-06 0.0 1.7417442207047685e-07 0.0 5.7076740804195347e-08 1.6388217489476014e-07 5.249438884177632e-08 0.00017130195084148764 1.93000415970057e-05 0.0 9.313738757809233e-06 0.0008110261238702754 6.631702062222651e-07 7.584777298291609e-06 2.3169302134224624e-06 1.2813818771011996e-06 4.044998908778982e-06 3.4990086506235498e-06 1.136390766653751e-05 3.2172046252667015e-06 4.5691462471516486e-05 7.767704045345685e-05 7.5013788517609044e-06 3.125142247138506e-05 4.402469614366848e-05 4.367235212518386e-05 5.52135163736246e-05 2.585922789924069e-07 0.0 0.0 0.0 0.0 0.0 0.0 6.593405440042712e-08 0.0 0.0 0.0 0.0 9.539098428601716e-08 0.0 0.0 0.0 5.278415786849733e-08 1.4465975923528884e-07 0.0 1.6782766534112766e-06 2.6227710699870467e-06 0.0 0.0 2.820894087071854e-07 1.9451377283133765e-05 2.055082092380971e-06 1.7515117633572548e-05 3.934022916517404e-06 1.627082637266324e-07 0.0 0.0 0.0 0.0 0.0 0.0 0.0 1.427072529654591e-07 6.734513398739562e-08 4.4484155277655894e-08 0.0 0.0 0.0 0.0 7.874382522357561e-08 0.0 3.4401477412140114e-08 4.6395638182101805e-08 5.595084571879638e-07 1.630162372401628e-06 2.73979463882419e-07 4.12694780673874e-08 1.3625557557002415e-05 3.6068770649924964e-06 8.457409467818676e-08 1.296733626826381e-07 0.0 0.0 0.0 4.5489379027534774e-08 0.0 0.0 3.8709737140632387e-05 7.55975555263108e-07 0.0 0.0 0.0 1.386918847827468e-05 0.0 4.867003407817032e-06 4.1587797611576527e-07 1.0909934247391543e-06 2.8814550119737613e-07 1.415285709988281e-07 5.073393275551846e-08 0.0 0.0 0.0 0.0 5.607220477238741e-08 0.0 5.7076442138061735e-08 0.0 8.874159801731967e-05 3.912570887433521e-06 1.4620124231163687e-05 0.00015907724245602727 7.141458909393214e-06 0.00018890875416013438 5.195521420766785e-05 0.00046465695765760684 1.8307540442807307e-05 3.0760927917697538e-06 7.989385410450053e-06 3.1741257130109915e-05 3.0112896602632965e-07 1.657052141114337e-06 2.563140773038322e-07 6.270762203696215e-05 1.4088339320288147e-07 3.4915062909600656e-07 7.213706822841349e-07 1.5685715877236332e-06 0.0 0.0004978532170179825 3.2194369298301693e-05
5.497943747516486e-05 0.0006057550054665962 0.0016691574939497191 1.4775958713473462e-06 0.0011525485346041845 5.271347224026102e-08 0.00034058600339454976 0.0012970854374114323 0.0009412804739859445 0.00018034544811891884 0.0 9.19225183188503e-06 0.0005685423737116865 0.0008992606860677091 5.640465841626429e-06 4.15709113034672e-06 3.3304609570376013e-06 3.060947620763619e-07 3.0369916887799264e-07 4.484380432001582e-08 2.640184885365479e-07 0.0 2.9939096491754117e-07 7.222638394269968e-08 1.6392401409026693e-06 4.916005733276914e-07 2.220409831011684e-07 2.8485600026099326e-07 1.5169429769858624e-07 5.275244424088477e-08 0.0006581637925467563 0.00016369630939516822 9.628663494527113e-05 1.795138144783287e-06 3.1868622524700963e-06 3.0575337135931185e-06 3.607900127756153e-05 1.4514953561874925e-05 7.714681810877511e-07 6.211619971223828e-07 3.11083052402039e-07 1.591997776372035e-07 8.071749356090145e-08 1.5075072610534594e-06 3.755780390549207e-07 8.249046336517745e-07 3.286877471927996e-05 1.441496917104973e-06 2.950531419222303e-07 6.49448222570964e-07 5.394854315888865e-07 0.0 1.8974955834435825e-07 1.7649337596702456e-07 2.5164331466410823e-06 5.151666332212074e-06 1.736574383222389e-05 0.00017301423222579104 1.4349125695013963e-05 1.0174024244248105e-05 1.5771333986893418e-06 8.357085722314903e-05 1.6601013258480238e-06 6.152709462801053e-05 2.6965769949704545e-06 1.2256242306446261e-06 2.1087150692258454e-06 9.781192048477186e-07 4.931227999443705e-07 1.1017796814191977e-07 1.0604933330380584e-05 0.0 6.153357046431302e-08 2.058269068896817e-05 4.7501861264994556e-05 1.4328451632260975e-05 1.9632253584612098e-05 7.382932244901996e-06 9.635229725671793e-05 0.001035010047291188 2.739101442587624e-06 0.00019776914570932916 9.403115828336805e-06 3.011345738759707e-07 1.0459787440925153e-06 4.0221378927359766e-06 3.294573426979312e-07 3.776659982759957e-08 5.123732469924119e-07 4.64516852399717e-08 2.632377005966542e-07 3.3020598473028215e-08 9.868910370526459e-07 4.2542594728642687e-07 4.2577761486934677e-08 1.1306603192806404e-06 2.0331125652732781e-07 0.0 9.068898902834855e-08 1.2425690769231661e-05 2.0752290094080678e-07 3.530025262216869e-07 2.5635974571355774e-07 0.0 3.6863490028815523e-07 0.0 0.0 0.0 3.119271614920841e-07 1.7686896277743229e-06 2.9774298806914283e-07 5.379074054928429e-07 1.3008760789422925e-06 1.1584228926111303e-06 2.018973482576883e-06 0.0 0.0 6.319279445053382e-08 0.0 0.0 0.0 0.0 0.0 0.0 0.0 0.0 0.0 0.0 0.0 0.0 0.0 0.0 0.0 0.0 1.0741853278586685e-07 5.6913331130913466e-08 0.0 8.852161605426317e-08 0.0 1.1304686502893706e-06 0.0 4.343629340036273e-07 3.187895464380552e-07 6.308757751550308e-08 0.0 0.0 0.0 0.0 0.0 0.0 0.0 0.0 0.0 0.0 1.0415079124924739e-07 9.60909515982183e-08 5.980494197037664e-08 0.0 0.0 0.0 0.0 0.0 0.0 0.0 0.0 0.0 1.3052818563426435e-06 5.662720111524196e-08 0.0 0.0 0.0 0.0 0.0 5.912718991677445e-08 0.0 0.0 1.4927544273120494e-06 1.1609570354569725e-07 0.0 0.0 0.0 5.49328233391271e-07 0.0 1.9281696957183215e-07 0.0 5.168038215414912e-08 0.0 0.0 0.0 0.0 0.0 6.409764673041865e-08 0.0 0.0 0.0 0.0 0.0 1.655663716925533e-06 2.669344603149912e-07 4.7336886074225895e-07 9.116078556908987e-05 4.1095347891132696e-06 0.00013922893246008975 4.4791297595476763e-05 3.964335618012576e-05 1.3273673205346571e-05 7.032625310220475e-07 1.0148083905700638e-05 9.205385474691581e-07 0.0 8.040584331007305e-08 6.845070169854566e-08 2.095265867964914e-06 0.0 7.939470911460194e-08 4.2991190082439293e-08 2.8305060317423797e-06 5.090695161866876e-07 2.191620401464659e-05 1.0494552650460086e-06
3.684843749146863e-06 4.398313926232454e-06 4.043270032706541e-06 2.41051801664584e-07 7.120753669432705e-07 2.420836179396359e-05 2.6311520346790123e-06 4.022445383274931e-06 4.4963830379494545e-06 0.0006034925306543757 9.19225183188503e-06 0.0 0.0011909400048208852 0.00014627606540898043 4.552471936586786e-06 4.79840222161512e-06 1.3926052277985213e-06 0.0 1.1241022633354056e-07 0.0 0.0 0.0 6.016864265462857e-08 1.0418085435348977e-07 5.367063907660684e-06 3.5961054193740965e-07 3.108016617463304e-07 8.367365165359084e-08 0.0 0.0 5.869301329935061e-06 5.262043227718275e-06 6.226205942947239e-05 9.953043362833968e-07 1.437985082810993e-06 5.3640075745888755e-06 0.0003136529308394038 1.499127091363584e-05 2.8168738966886247e-05 2.647474429689468e-06 4.98142336249372e-08 3.790602661034937e-07 0.0 1.2058680357272423e-06 5.347527130176276e-08 2.5733511856934185e-07 1.0735047074312382e-05 2.416077529531027e-07 1.0258341888857652e-07 0.0 0.0 1.7525920497661543e-07 1.0444992896100289e-07 7.334584748869958e-08 9.54478133775791e-07 2.1693314772568045e-07 6.625471517271866e-06 4.466790057780352e-06 2.182254973069975e-06 2.644249617479743e-06 6.848688549361909e-07 4.247157915292507e-06 9.854780161358084e-07 4.8888548006794156e-06 1.8540411543282174e-07 1.443605782955403e-07 1.708015480899039e-07 0.0 1.3292565414156753e-07 1.465241393466041e-07 0.00016286151214534687 3.101296582298375e-06 8.514924312542762e-08 3.1109987909481615e-06 7.278911943244427e-06 5.300113476688175e-06 7.072853068322415e-06 4.106012367890815e-06 2.7714146169196537e-06 1.55307958438209e-05 7.148147798789164e-07 4.3081955977997055e-06 1.5332607112327055e-06 3.916945037662246e-08 1.2115056891045546e-07 3.211237146232401e-07 1.2995131278308346e-07 0.0 4.0892659652160155e-08 0.0 0.0 0.0 3.637022758280458e-07 4.545834329344927e-07 0.0 0.000257998056201102 8.026229937537273e-06 0.0 1.0306064418145395e-05 3.4501553929678094e-05 9.530336703887522e-07 4.123563652216895e-06 4.868123146450261e-07 5.176228348166745e-07 3.7172306763297246e-06 0.0 4.023252571729112e-06 8.109114847300251e-08 2.154250962359842e-05 6.192455939291742e-05 3.965614912347017e-06 1.9440354408209337e-05 3.721865970794151e-05 3.823261701753222e-05 7.625182337536813e-05 6.70391595720518e-07 1.6618932361939357e-07 1.4100548477446342e-07 1.0455000962449835e-07 0.0 0.0 0.0 9.063657312189306e-08 0.0 0.0 0.0 0.0 9.38995525056078e-07 7.937921777382768e-08 1.1210832596004886e-07 0.0 0.0 9.17064816686124e-08 5.9335886807479724e-08 3.0240185200729486e-06 3.0038379795269114e-06 0.0 2.8793403771511703e-07 0.0 3.695211539205305e-05 3.8742717344510845e-06 2.7586778691802187e-05 5.825878327570624e-06 3.789450831511611e-07 0.0 0.0 0.0 1.301159799979807e-07 0.0 0.0 0.0 9.69496214482423e-07 1.033207587656594e-06 0.0 0.0 5.250664201289105e-08 2.6273165799099525e-07 6.746170023550503e-08 6.741415730280905e-08 9.789207343646308e-08 6.184852962151686e-08 2.759772298609493e-07 1.2263071386188515e-06 1.145874989110112e-06 2.026454746979769e-07 2.4894669901348747e-07 2.161942169798578e-05 3.566314486435465e-06 1.7481838162298352e-07 4.155249173774334e-08 4.151406598175877e-08 0.0 5.000003932842525e-08 4.984129041875533e-08 0.0 0.0 5.690023838964796e-05 2.8620687229225374e-06 1.61542279000499e-07 0.0 0.0 1.302571584969025e-05 4.253099272829566e-08 6.695906108763182e-06 1.0422389135738517e-06 5.23740931968138e-07 3.7242047781289517e-07 2.1101328236079189e-07 6.995498594724585e-07 3.90411889914901e-08 0.0 0.0 6.377715439010722e-08 0.0 0.0 6.021963596713166e-08 0.0 0.00010554016876070105 1.034993229943517e-05 2.9612832404830998e-05 0.00010132021918085096 1.8947554710004127e-06 3.954875694011096e-05 1.7599791867861487e-05 7.594341939748308e-05 2.88203673500576e-06 7.579895592477471e-07 2.356945910709876e-06 2.4339936785533167e-05 0.0 3.339225161466668e-06 6.558303405845739e-07 3.759498225093091e-05 1.7024219947411492e-07 0.0 3.613237301781999e-07 3.8288291752698166e-06 1.250417956501564e-07 0.00036554514133972226 3.824025687758189e-05
