0.0 0.0010156494994070123 0.00045824286774103683 0.00033061951766262526 0.00019613511354302313 1.9533943898133258e-06 0.0006871730809887591 0.0002412154859526393 0.0001552231295817836 0.000608667200880874 0.000223789799907623 1.5053699251425688e-05 0.0007023698795197672 0.0002935253738893556 3.5373024358990965e-07 1.284226332035066e-07 1.1290593221093177e-07 0.0 0.0 5.209139572293127e-08 2.1667940428293546e-07 8.153801620144412e-08 0.0 0.0 3.524942207277805e-07 0.0 0.0 1.793978558182322e-07 0.0 0.0 0.0003748125872373884 3.9543830337247907e-07 8.702056107126568e-05 0.0 3.2967907471040865e-07 4.859809102727916e-07 3.6394568790161595e-05 1.8586970648656777e-06 2.461846590796798e-06 4.693490774296368e-07 0.0 0.0 0.0 5.4145256365373765e-08 0.0 0.0 3.5121990661767667e-06 2.2557307100839274e-07 0.0 0.0 0.0 0.0 7.497961499781207e-08 0.0 2.539238929870483e-07 1.9007063134225176e-07 3.2354745216787377e-05 0.0004452893075919422 1.9889731076078024e-05 2.8525737741024105e-06 4.506543580426016e-07 1.4791730221563219e-05 0.0 3.12919062052325e-07 4.091870190013197e-07 1.0912623711440947e-07 1.1470821399771139e-07 1.1562590738311692e-07 0.0 7.164201886617197e-08 3.9701117713140896e-05 3.826997728400623e-07 0.0 4.15316749608785e-05 3.517238652964068e-07 2.6095808885305474e-07 4.831740401493261e-07 4.4875931922435094e-07 6.665810431951981e-08 5.717736262790299e-05 0.0 9.586899072962326e-06 1.4846500277558408e-06 6.091193412437056e-08 1.766196553217965e-07 3.55699687273979e-07 0.0 1.168279191668385e-07 1.228441955949227e-07 0.0 5.8606950176476403e-08 0.0 0.0 0.0 0.0 2.548934580227694e-06 6.759807340940793e-06 0.0 4.972536033742113e-06 0.00022649035057899482 0.0 0.0 7.415855332369617e-08 0.0 0.0 5.634025547413837e-07 0.0 0.0 0.0 0.0 0.0 2.2833006839582126e-06 5.777270658130329e-07 7.169255189971298e-07 8.595506559124166e-07 0.0 0.0 0.0 0.0 0.0 0.0 0.0 0.0 0.0 0.0 0.0 0.0 0.0 0.0 0.0 0.0 0.0 0.0 0.0 0.0 0.0 0.0 0.0 0.0 1.2003219677704617e-06 9.891024729384035e-07 1.1075785977997005e-06 3.3936292081049745e-07 0.0 0.0 0.0 0.0 0.0 0.0 0.0 0.0 0.0 0.0 0.0 0.0 0.0 0.0 0.0 0.0 0.0 0.0 0.0 0.0 0.0 0.0 0.0 0.0 0.0 0.0 0.0 0.0 0.0 0.0 0.0 0.0 0.0 4.75585887216791e-06 0.0 0.0 0.0 0.0 0.0 0.0 0.0 0.0 0.0 0.0 0.0 0.0 0.0 0.0 0.0 0.0 0.0 0.0 0.0 0.0 1.0214204914768956e-06 2.3328522170479674e-06 2.6887826980734657e-07 1.775906750645052e-05 5.71286882392238e-07 1.3279812660218937e-05 1.0753554588563009e-06 0.0005218874878196104 9.439031874712007e-06 4.046412786792684e-07 1.8093427549811065e-06 0.0 0.0 1.088963965141009e-06 0.0 0.0 0.0 0.0 0.0 1.0640207012937406e-05 0.0 0.00019766234156125945 6.140743608912456e-07
0.0010156494994070123 0.0 0.0005420466802347238 0.0005407944457622941 0.00185246438871611 3.9281765716931775e-05 0.00189471832359885 0.0001804311770483607 0.0014873676006115202 0.0010873675349357228 0.001376940172800603 6.0405718394585636e-05 0.0011822800691370136 0.0008785675071086133 4.162531684607138e-07 1.4315494681699264e-07 3.890648505485598e-07 0.0 0.0 0.0 2.731007697212763e-07 0.0 1.4179560000482357e-07 0.0 4.711674086007813e-07 7.243310433517972e-08 0.0 1.5479835967184585e-07 0.0 0.0 0.00031671238904338017 5.669450333290125e-07 1.903822670843167e-05 0.0 2.327437367019631e-07 1.2513422197714509e-06 1.0031793949732726e-05 4.9943273882292796e-06 4.6512605688689434e-07 7.559633436833251e-07 2.2612459213280298e-07 0.0 0.0 0.0 0.0 0.0 6.235113132943824e-06 4.5924453821854723e-07 5.745914386184482e-08 4.8000064233557967e-08 2.3914065036176077e-07 0.0 0.0 0.0 1.702489458112371e-07 2.626040167964572e-07 6.845040234796685e-06 0.00016486062705723924 1.5586799602319313e-05 2.138123684916823e-06 0.0 5.56980382073885e-06 6.708229165082207e-08 8.025356584883814e-07 1.9566241507021074e-07 5.1193896728208156e-08 1.3050361910770237e-07 1.257875355459522e-07 0.0 0.0 1.1877657714603917e-05 6.642335834452461e-06 0.0 3.4250312005217736e-05 2.0365515866529134e-06 1.2661203987809287e-06 8.952512799446277e-07 2.451090264360411e-07 1.0359137213262267e-07 3.7104741618293025e-06 1.5020616824638798e-07 1.8064024837364454e-06 2.059161219452465e-06 0.0 1.1148673310947199e-07 4.968424337656484e-08 7.030074888711002e-08 0.0 2.506376338599814e-07 0.0 0.0 0.0 3.2765970572681637e-07 1.2827418891324747e-07 0.0 1.0981377972487907e-05 5.1655309019628e-07 0.0 0.0 0.0002779939860280554 2.3392164937890605e-07 2.77995613688936e-06 1.3741146286627578e-06 0.0 2.2578256903904912e-07 1.6955621313222915e-06 5.4516092108899536e-06 5.672514919681989e-06 8.544447620397543e-06 1.4777455620772956e-05 1.530929629022975e-06 3.752867137349618e-05 1.5891965179752335e-05 2.8067842011890314e-05 7.012536306700816e-05 1.4721185848427983e-06 2.3588938600119485e-07 2.781984316514399e-07 5.096442407230095e-07 0.0 0.0 0.0 0.0 0.0 0.0 0.0 0.0 0.0 0.0 0.0 0.0 0.0 0.0 0.0 4.0065996506893013e-07 0.0 0.0 0.0 0.0 1.4441987959637288e-05 6.005817846262264e-07 1.6377096108421666e-05 1.051491025515034e-06 3.432098871568934e-07 0.0 0.0 0.0 0.0 0.0 0.0 0.0 6.153726439509248e-07 4.775218434548933e-07 0.0 0.0 0.0 0.0 0.0 0.0 0.0 0.0 0.0 4.6674988814202905e-08 1.0235691616297829e-07 0.0 0.0 4.324103900708342e-06 3.871236059231702e-07 6.352314292909001e-08 0.0 0.0 0.0 0.0 0.0 0.0 0.0 1.3235911256326503e-05 1.429221886929137e-06 0.0 0.0 0.0 5.412641045337706e-06 0.0 4.3250485716771356e-07 9.330058296978824e-07 8.883070927906858e-08 9.350345850182445e-07 6.209094813149449e-08 3.148789241638196e-07 0.0 0.0 0.0 0.0 0.0 0.0 0.0 0.0 6.805794658188776e-05 8.356660687294417e-06 6.202120529645288e-06 5.893452904957398e-05 8.051586164837136e-07 3.8800564299305906e-05 8.594344856025071e-07 0.0003720494585796428 3.788480039932308e-05 4.452697044854098e-07 5.493949739565236e-06 5.874164430936534e-06 7.927399673023663e-08 4.5940069382249185e-06 4.335117032312705e-07 9.572858469793197e-06 1.3137036545953972e-06 0.0 8.610036558383407e-07 3.1641587969089165e-05 5.166866515109569e-08 0.00020808461889483803 1.734520211693708e-05
0.00045824286774103683 0.0005420466802347238 0.0 6.551034323451634e-05 0.00022621282217660132 4.0231181516507855e-06 0.00014973547063520617 0.0015321280674808516 0.0004795797637505643 4.5284464420909846e-05 0.002190278166464492 9.701158009324792e-08 0.00012547841262385836 0.0009955889746071425 2.3807022801108742e-06 1.7025780751435708e-06 1.4001466900541643e-06 0.0 0.0 1.260036816060647e-07 1.054391693927596e-06 0.0 6.619476470028323e-08 0.0 2.017396270960001e-06 8.958470144697586e-07 2.706919353433607e-07 5.634427833292676e-07 1.0946875580674476e-07 0.0 0.0019702848483482767 4.2010080797015264e-05 0.00014986026709874032 0.0 2.2287178741179758e-06 1.0411447092868923e-05 2.8031379467614706e-05 2.247602787720618e-05 5.186356765334706e-06 1.220205968565535e-06 3.773117752439573e-07 8.253506543243649e-08 2.4731162171942686e-07 0.0 0.0 6.013476045796728e-08 6.5124727915294185e-06 4.7594929914386894e-08 2.3425675411670477e-07 5.99009330424035e-08 4.400408290762732e-08 5.366752236067159e-07 1.552509012492624e-07 0.0 1.056179498228542e-07 1.1010677640477945e-07 4.909236270610006e-06 0.0004823656905037337 9.438241560174124e-06 2.123234682054859e-06 7.317514857243707e-07 3.0224798948512797e-05 6.099080938951481e-07 7.437531562810548e-07 2.1940094634760536e-07 5.598599960570144e-08 3.644321993576792e-07 2.3192072767584536e-07 2.305688548907682e-07 1.3441532965181116e-06 8.38994676504991e-06 2.067799467684765e-06 0.0 1.702028558690392e-05 1.0417508213459557e-06 2.2362031197596084e-06 5.182714806595456e-07 2.933799087623147e-06 6.593303079940836e-05 0.0010290243455932404 1.653229161776887e-07 2.2663216372519185e-05 8.749411644904347e-07 5.4459370751131986e-08 0.0 1.7336423343979733e-07 1.6168547289218057e-07 2.2742111306419263e-07 0.0 0.0 0.0 0.0 2.8386107095840705e-07 6.040081129281306e-07 0.0 3.379191620460015e-06 5.1869247413332294e-08 0.0 8.104699915354988e-07 0.0003373652578082791 1.2587225787314823e-07 0.0 6.782915370701666e-08 0.0 4.887980728274031e-07 4.7470844044103597e-07 1.2976417451027682e-06 1.303378078416982e-06 7.957933751928935e-07 2.282230346209721e-06 4.997757265817994e-08 4.504959146755083e-06 3.7090554583264242e-06 4.712053699503062e-06 1.3323835851205205e-05 7.41071862828454e-08 0.0 5.161454979083868e-08 6.687493620797236e-08 0.0 0.0 0.0 0.0 0.0 0.0 0.0 0.0 0.0 0.0 0.0 0.0 0.0 0.0 0.0 0.0 0.0 0.0 0.0 0.0 4.3414546568634185e-06 1.1274939814988865e-07 1.969815933670512e-06 1.3277692028931246e-06 4.559013202969378e-07 0.0 0.0 0.0 0.0 0.0 0.0 0.0 0.0 2.1981634306164482e-07 0.0 0.0 0.0 7.338732183422398e-08 0.0 0.0 0.0 0.0 0.0 0.0 0.0 0.0 0.0 2.0253618717721665e-07 0.0 0.0 0.0 0.0 0.0 0.0 0.0 0.0 0.0 6.498022768865507e-06 5.160978203236423e-07 0.0 0.0 0.0 5.249540217987608e-07 0.0 0.0 5.40141380012802e-08 1.6652540854185292e-07 2.516699757172283e-07 0.0 6.052712935913138e-08 0.0 0.0 0.0 0.0 0.0 0.0 0.0 0.0 1.7395304094851295e-05 4.421596271498149e-06 1.413112114628051e-06 4.768161076207407e-05 5.995964745737541e-07 3.5790650302982987e-05 4.162057702133516e-06 0.00014986827866506945 2.0784825551635106e-05 2.162105630188402e-07 7.4788954118571415e-06 1.1561883183730865e-06 0.0 1.8033044319252173e-06 1.1152391802121932e-07 1.9989400095813363e-06 6.343617689195247e-07 0.0 0.0 5.065178436765508e-06 0.0 3.630654052507054e-05 2.3450337448353003e-06
0.00033061951766262526 0.0005407944457622941 6.551034323451634e-05 0.0 3.576950400008585e-05 2.5064174682760274e-05 0.002135232513349502 4.511330451985149e-06 2.8360135852905527e-05 0.001295850390398663 3.089780081674784e-05 7.691250920761216e-05 0.0029120312270968667 5.015776629513859e-05 0.0 0.0 0.0 0.0 0.0 0.0 0.0 0.0 0.0 0.0 0.0 0.0 0.0 0.0 0.0 0.0 2.4663222274479913e-05 0.0 0.0 0.0 0.0 0.0 0.0 0.0 0.0 0.0 0.0 0.0 0.0 0.0 0.0 0.0 6.379668831581744e-08 0.0 0.0 0.0 0.0 0.0 0.0 0.0 0.0 0.0 1.6986380063485107e-07 1.5402858038633816e-05 5.273024732464802e-07 7.6176685813858e-08 0.0 0.0 0.0 0.0 0.0 0.0 0.0 0.0 0.0 0.0 1.8600813968548162e-07 0.0 0.0 3.7941798911836725e-07 1.5941003462941466e-07 0.0 0.0 0.0 0.0 0.0 0.0 0.0 6.518280245743094e-08 0.0 0.0 0.0 0.0 0.0 0.0 0.0 0.0 0.0 0.0 0.0 0.0 6.860957729866309e-07 0.0 0.0 0.0 1.4282217419591264e-05 0.0 1.066106137573077e-07 1.8166545461252794e-07 0.0 0.0 2.5507639997913424e-07 0.0 0.0 1.4524213270950278e-07 0.0 7.061204987486043e-08 3.983578996460156e-07 4.887772426688436e-08 6.780123498692843e-08 5.382586010018843e-07 0.0 0.0 0.0 0.0 0.0 0.0 0.0 0.0 0.0 0.0 0.0 0.0 0.0 0.0 0.0 0.0 0.0 0.0 0.0 0.0 0.0 0.0 0.0 0.0 0.0 0.0 0.0 0.0 0.0 0.0 0.0 0.0 0.0 0.0 0.0 0.0 0.0 0.0 0.0 0.0 0.0 0.0 0.0 0.0 0.0 0.0 0.0 0.0 0.0 0.0 0.0 0.0 0.0 0.0 0.0 0.0 0.0 0.0 0.0 0.0 0.0 0.0 0.0 0.0 0.0 0.0 0.0 0.0 0.0 0.0 0.0 0.0 0.0 0.0 0.0 0.0 0.0 0.0 0.0 0.0 0.0 0.0 5.045767802700364e-07 0.0 0.0 5.987503576380207e-07 0.0 4.315179601985714e-07 0.0 7.916938156657383e-05 2.9913875827147487e-07 0.0 0.0 0.0 0.0 7.81751345300577e-08 0.0 0.0 0.0 0.0 0.0 5.686956126698408e-06 0.0 4.845369243839761e-05 2.3023368006832165e-07
0.00019613511354302313 0.00185246438871611 0.00022621282217660132 3.576950400008585e-05 0.0 7.721035487409397e-06 0.00013216017194379615 7.987049622929914e-06 0.0006495985165658712 0.00027656516800390966 0.00017539879049746827 1.4953404245627568e-06 0.0001818448538500149 0.0006142688730220082 3.530487354678645e-07 7.634147484521228e-08 1.2578078739557042e-07 0.0 0.0 0.0 1.342706914585366e-07 0.0 0.0 0.0 2.0243859931108802e-07 2.672880090985471e-07 0.0 1.367330104348783e-07 0.0 0.0 3.800616021208797e-05 1.5625216056517393e-07 5.249734537685951e-06 0.0 0.0 5.729551022597129e-07 3.2933505921023644e-06 4.4853149906431986e-07 0.0 0.0 0.0 0.0 0.0 0.0 0.0 0.0 3.305015450859469e-06 1.2431127752902433e-07 5.684246904513626e-08 0.0 0.0 0.0 0.0 0.0 1.6545779408253647e-07 1.0690912930286605e-07 3.080974895816068e-06 4.301415616413914e-05 7.273483361226666e-06 1.4159159911358426e-06 0.0 5.754010664828669e-07 0.0 1.9892677274481474e-07 2.7815452361954227e-07 0.0 1.075413378811729e-07 0.0 0.0 7.425025407940276e-08 1.0253083061597044e-05 3.526453843023774e-06 0.0 1.582338378248937e-05 6.713927347317743e-07 6.548048850112113e-07 1.264606285042052e-07 9.773402265570211e-08 5.741023979576243e-08 8.008359455837761e-07 1.25586888205114e-07 0.0 5.532527959142717e-07 0.0 0.0 4.9628110579658105e-08 0.0 0.0 0.0 0.0 0.0 5.140049625807001e-08 0.0 5.4405630844345774e-08 0.0 1.022050897377938e-05 4.881785796066405e-07 0.0 6.158006108471663e-08 8.706924175254499e-05 5.110746533681303e-07 1.7124326274217133e-06 4.704338726397767e-07 0.0 1.6015089944216914e-07 8.987483837287997e-07 5.409729243478224e-06 2.583211369559592e-06 4.629953043748426e-06 8.314183673773435e-06 8.08550888652794e-07 2.2944753031064102e-05 1.0462766656376825e-05 1.5073407545002479e-05 3.644935830966471e-05 7.08024047845526e-07 1.1286874229313811e-07 1.1042577669170428e-07 0.0 0.0 0.0 0.0 0.0 0.0 0.0 0.0 0.0 0.0 0.0 0.0 0.0 0.0 0.0 0.0 1.7131824230210262e-07 0.0 0.0 0.0 0.0 9.933867534706498e-06 2.0488005308654615e-07 9.49439229875072e-06 2.7263780054946413e-07 0.0 0.0 0.0 0.0 0.0 0.0 0.0 0.0 4.177520688249536e-07 5.613522333736592e-07 0.0 0.0 0.0 0.0 0.0 0.0 0.0 0.0 0.0 1.139742224864956e-07 0.0 0.0 0.0 2.7165843717936467e-06 3.6444482961243674e-07 0.0 0.0 0.0 0.0 0.0 0.0 0.0 0.0 8.422311715272253e-06 1.0481082097673716e-06 0.0 0.0 0.0 2.300702186404401e-06 0.0 2.4595718583865565e-07 1.8736769675159433e-07 0.0 4.909702013131456e-07 0.0 2.350738960565855e-07 0.0 0.0 0.0 0.0 0.0 0.0 0.0 0.0 3.930359727998265e-05 8.1623626300887e-06 1.8305662586209068e-06 3.553606277095608e-05 6.081862392478588e-07 2.4440608868139466e-05 3.00722365944772e-07 0.0001558065299648003 2.1488909125195825e-05 4.0509908161132236e-07 3.6403261924685276e-06 1.3172583028815258e-06 0.0 1.754709614351599e-06 3.7327709217425734e-07 4.256829787376268e-06 5.173448514815351e-07 0.0 4.5015447428554113e-07 1.5346866827733943e-05 0.0 9.201402537706836e-05 1.1473818840064288e-05
1.9533943898133258e-06 3.9281765716931775e-05 4.0231181516507855e-06 2.5064174682760274e-05 7.721035487409397e-06 0.0 4.317435805016264e-05 0.0 5.0307171445920145e-06 0.00016545865086735684 4.134606556779714e-07 3.419821122566106e-06 6.811072916242019e-05 1.1978667183326721e-05 0.0 0.0 0.0 0.0 0.0 0.0 0.0 0.0 0.0 0.0 0.0 0.0 0.0 0.0 0.0 0.0 0.0 0.0 7.222197032859989e-07 0.0 0.0 0.0 4.595346436063598e-07 0.0 0.0 0.0 0.0 0.0 0.0 0.0 0.0 0.0 7.357319633249805e-08 0.0 0.0 0.0 0.0 0.0 4.114648050997896e-07 0.0 0.0 0.0 1.4048912054557461e-05 2.6273394272032754e-06 0.0 0.0 0.0 0.0 0.0 0.0 0.0 0.0 0.0 0.0 0.0 0.0 1.371785105576617e-05 1.7235169550162316e-06 1.0876924093624032e-07 0.0 0.0 0.0 0.0 0.0 0.0 7.890425515824567e-08 0.0 0.0 0.0 0.0 0.0 0.0 0.0 0.0 0.0 0.0 0.0 0.0 0.0 0.0 0.0 2.4654485497244794e-05 2.5738396669648422e-05 1.0642457105587873e-06 1.569507543231633e-07 2.392007084496139e-05 0.0 0.0 0.0 0.0 0.0 0.0 8.847260876709074e-07 0.0 4.9931286754300545e-08 1.1737572680612027e-06 0.0 5.456413328278513e-07 3.3612205651107254e-07 3.71172820645803e-07 3.508276128072067e-07 0.0 0.0 0.0 0.0 0.0 0.0 0.0 0.0 0.0 0.0 0.0 0.0 0.0 0.0 0.0 0.0 0.0 0.0 0.0 0.0 0.0 0.0 0.0 0.0 0.0 0.0 0.0 0.0 0.0 0.0 0.0 0.0 0.0 0.0 0.0 0.0 0.0 0.0 0.0 0.0 0.0 0.0 0.0 0.0 0.0 0.0 0.0 0.0 0.0 0.0 0.0 0.0 0.0 0.0 0.0 0.0 0.0 0.0 0.0 0.0 0.0 0.0 0.0 0.0 0.0 0.0 0.0 0.0 0.0 0.0 0.0 0.0 0.0 0.0 0.0 0.0 0.0 0.0 0.0 0.0 0.0 0.0 2.9050536089801785e-07 0.0 0.0 0.0 0.0 0.0 0.0 6.58610505720557e-05 0.0 0.0 0.0 0.0 0.0 0.0 0.0 0.0 0.0 0.0 0.0 3.075604599599599e-07 0.0 0.0002717090915995158 5.351723985021948e-07
0.0006871730809887591 0.00189471832359885 0.00014973547063520617 0.002135232513349502 0.00013216017194379615 4.317435805016264e-05 0.0 6.672676720019803e-06 0.00010461797577928804 0.001157240005119993 0.00012017536541039364 0.0002910539043610238 0.0038695300662170114 0.00043320277495927415 1.9170095043336168e-07 6.57240211386026e-08 1.1662408798056794e-07 0.0 0.0 0.0 0.0 0.0 0.0 0.0 1.6934878860594073e-07 1.3407889981356286e-07 0.0 0.0 0.0 0.0 4.9328765246886996e-05 6.147393290363906e-08 1.2207572243694926e-06 0.0 0.0 2.5851078801554486e-07 3.5983417588830844e-06 1.7097584375487798e-07 0.0 0.0 0.0 0.0 0.0 0.0 0.0 0.0 2.3415769096873826e-06 0.0 0.0 0.0 0.0 0.0 4.651940590195244e-08 0.0 4.842341054908565e-08 4.136132900289646e-07 3.1102359621832684e-06 5.8597519621299807e-05 6.6775354733974315e-06 9.159293948667066e-07 0.0 1.8400829928841685e-07 0.0 3.5075677224633745e-07 2.2220075794582e-07 5.0570533833673196e-08 3.1627773864483853e-07 4.326623674077808e-08 1.4630834547586154e-07 5.175801306505194e-08 1.4396580857169774e-05 1.97525279528433e-06 0.0 1.237176492978646e-05 1.6541128791262089e-07 5.352357900662036e-07 7.243765483124573e-08 7.724698852002528e-08 0.0 1.0462141045767517e-06 0.0 4.387834454146791e-07 1.0393798827383589e-06 0.0 0.0 2.522093071189534e-07 0.0 0.0 4.0090258310175676e-08 0.0 0.0 0.0 0.0 0.0 0.0 1.9108732354792906e-05 7.176843354918347e-07 0.0 5.427149433495165e-07 6.952068910487068e-05 9.634057465629248e-07 3.5607439484387697e-06 1.4447440229861551e-05 6.2601624073300814e-06 5.422365555551706e-07 8.089586611583532e-07 1.009597981809823e-05 2.939090408453546e-06 6.023356693342603e-05 1.013149230489925e-05 1.1365240479672597e-06 2.7960089333753455e-05 1.3495574476243438e-05 2.505003095003179e-05 4.570292296801568e-05 6.935609994492005e-07 1.3791221967780696e-07 4.7599129987213505e-08 1.0507668108121976e-07 0.0 0.0 0.0 0.0 0.0 0.0 0.0 0.0 0.0 0.0 0.0 0.0 0.0 0.0 0.0 5.715654438373352e-07 3.4136995489606264e-07 0.0 0.0 0.0 1.0327063915296037e-05 4.7408399123445887e-07 6.252412156616671e-06 6.279255102390112e-07 0.0 0.0 0.0 0.0 0.0 0.0 0.0 0.0 3.745107321583585e-07 4.977447711040984e-07 0.0 1.918659347005209e-07 0.0 0.0 0.0 0.0 0.0 0.0 0.0 4.860557006041737e-07 0.0 0.0 0.0 1.6868239924425752e-06 9.338956544236623e-08 0.0 0.0 0.0 0.0 0.0 0.0 0.0 0.0 9.894253509087746e-06 7.563604483042669e-07 6.711115651365666e-08 0.0 0.0 3.6002383245454494e-06 0.0 1.3872642306852303e-07 4.235186837130991e-07 1.8488034754386642e-07 4.2553156986676236e-07 0.0 2.3786033650519363e-07 0.0 0.0 0.0 0.0 0.0 0.0 0.0 0.0 4.393589495055943e-05 9.135107591507851e-06 2.2191036120611406e-06 2.0678668495682615e-05 2.13404674080445e-07 1.3398578079488547e-05 3.980049783895162e-07 0.00018839070342885835 1.4433971482376808e-05 1.2273764690595786e-07 1.350716068000143e-06 1.3226677939373224e-06 0.0 1.4371082670589651e-06 2.9620285229916715e-07 7.80398818725856e-06 6.146113644814518e-07 0.0 3.7060798844434153e-07 4.1963753107667585e-06 3.9695664221441344e-08 0.00015185746467882418 1.2938887157129503e-05
0.0002412154859526393 0.0001804311770483607 0.0015321280674808516 4.511330451985149e-06 7.987049622929914e-06 0.0 6.672676720019803e-06 0.0 8.296582370508834e-05 6.5835234461488596e-06 0.000713156971714881 1.3327910382403274e-07 0.00010904244051029701 0.00042427560495372546 6.54537148640584e-06 1.867080905826168e-06 4.92618147694407e-06 0.0 0.0 1.691772544278325e-06 4.452639565430743e-06 3.8004257348819387e-07 3.8239879932578186e-07 7.729014063893514e-07 4.857018917756693e-06 2.4063136884396497e-06 8.276274041712554e-08 1.7541526216186077e-06 0.0 0.0 0.0024157686350460943 0.00031633362181024156 0.000231382447814165 8.874168175207408e-08 3.883789551275573e-06 2.1209293747163752e-05 5.982974285926222e-05 3.9452008710553994e-05 9.367137531089278e-06 2.4807495617089665e-06 8.924415163264137e-07 7.070396088451062e-08 4.920499909776129e-06 1.496562260289736e-06 6.708578086507731e-08 2.0333413092962417e-07 2.921329272393707e-05 1.896295290811833e-06 6.497282384633194e-07 9.035654717832625e-07 9.916706848116476e-07 0.0 1.091907099844141e-07 0.0 1.261470352478645e-06 9.180834465193423e-07 1.0688537170856441e-05 0.00042167391247777955 3.7558403944344095e-05 1.0113505941060448e-05 1.610312070231901e-05 8.451410415033894e-05 1.5568530441920264e-06 0.0002329914870385602 1.0411840417924926e-06 2.92301657956473e-07 1.53672701858061e-06 1.8063380108664408e-06 1.2016487552576429e-06 7.097742407195817e-06 1.349876070955984e-05 1.8187861406543145e-06 1.5643361973063146e-07 0.00010164348916197337 4.175276894206498e-05 1.06740153164345e-05 0.00014504261773633248 0.0001717840212575571 0.00021894268408577524 0.0007376016134438891 2.3012738558638677e-05 0.0004008930030009597 4.779817118816413e-06 2.2616326884634093e-07 5.50233414120291e-07 6.865942650628265e-07 1.5328861370834636e-06 0.0 4.6807725633057906e-07 6.258077474158396e-08 5.126680478618994e-08 4.830262967055458e-08 8.781833954404936e-07 1.2176212868000386e-06 1.0311318958617403e-07 8.768488736118128e-07 0.0 6.540940114217038e-07 3.6977797595948195e-07 0.0002681199138438692 0.0 0.0 7.882669648327236e-08 0.0 0.0 1.2490197597160026e-07 5.36546317915077e-07 5.431964048562767e-07 1.1058656088603679e-07 2.2957675714014867e-06 0.0 3.175150755941154e-06 1.7505219364955737e-06 2.6987993010756496e-06 1.1030585475059351e-05 2.529645492966161e-07 0.0 3.7782368352417575e-07 0.0 0.0 0.0 0.0 0.0 0.0 0.0 0.0 0.0 0.0 0.0 0.0 0.0 0.0 0.0 0.0 8.814339914938808e-08 0.0 0.0 0.0 0.0 3.749775014198996e-06 1.0503409965158554e-07 2.0865197529501384e-06 8.827051568008766e-07 9.198980481860101e-08 0.0 0.0 0.0 0.0 0.0 0.0 0.0 6.120413704557329e-08 9.653665147687955e-08 0.0 0.0 1.1577141813025757e-07 5.994612762819446e-08 6.55299267123413e-08 0.0 0.0 0.0 0.0 0.0 0.0 0.0 0.0 1.872696778648813e-06 0.0 0.0 0.0 0.0 0.0 0.0 5.420230026270296e-08 0.0 0.0 2.0639523161146564e-06 5.866250227201498e-07 0.0 0.0 0.0 6.998609434895848e-07 0.0 6.439075582753798e-08 1.4741375558457114e-07 5.51423156084587e-08 1.1189777956929646e-07 0.0 4.769805847253514e-07 0.0 0.0 0.0 0.0 0.0 0.0 0.0 0.0 1.4716542430130973e-05 1.5925636152381902e-06 1.5730496263416057e-06 0.00012639920969538017 3.1336915367069345e-06 0.00015709918261910458 8.866613761024364e-06 0.000389147103142825 0.00010403376982831047 2.284692735270711e-06 2.036099574965495e-05 7.997087791979457e-07 0.0 8.419502582415866e-07 2.9837756390478863e-07 7.470625683721538e-07 2.662220266103171e-07 0.0 7.387537480211741e-07 3.5493525900139756e-06 1.6255324097806308e-07 8.532858029548642e-05 9.476584370425419e-07
0.0001552231295817836 0.0014873676006115202 0.0004795797637505643 2.8360135852905527e-05 0.0006495985165658712 5.0307171445920145e-06 0.00010461797577928804 8.296582370508834e-05 0.0 8.357562661193912e-05 0.0004984471332335076 3.5919391258154146e-07 6.055278208736613e-05 0.00011698861966007725 6.069673921305069e-08 0.0 0.0 0.0 0.0 0.0 0.0 0.0 0.0 0.0 1.6155614669265428e-07 0.0 0.0 0.0 0.0 0.0 3.3174172717156506e-05 4.82616056219172e-07 9.837689211016097e-07 0.0 5.2551406321393485e-08 1.3816874450719178e-07 7.472108825052097e-07 3.473528059531537e-07 8.941713756417001e-08 6.247676411808166e-08 6.276566805478769e-08 5.6002114068667886e-08 0.0 0.0 0.0 0.0 3.0797388128813836e-06 1.254764348000528e-07 0.0 0.0 5.038291723129465e-08 0.0 0.0 0.0 1.3654446270789213e-07 4.66077175643293e-08 2.734123805832912e-06 2.9367913526656534e-05 5.646724940676458e-06 9.62101240987723e-07 0.0 3.175134311079134e-07 0.0 2.3019899317366665e-07 9.892865552721103e-08 1.0409379395514571e-07 4.7132296147675406e-08 0.0 0.0 0.0 4.596120621120374e-06 1.3733761166917538e-06 0.0 1.2417923695108557e-05 7.175822221598716e-07 6.031236346597746e-07 2.3521322934262005e-07 1.868015529660083e-07 5.942744616736295e-08 1.8176535527203663e-07 0.0 0.0 6.298318677278947e-07 0.0 0.0 1.5168158524754125e-07 0.0 0.0 0.0 0.0 0.0 0.0 0.0 0.0 0.0 3.571187707357698e-06 4.5996153920869803e-07 0.0 0.0 6.493169881572906e-05 0.0 1.6689269214512174e-07 4.2214197092639426e-07 4.926135361245764e-07 3.106997515804195e-07 2.4653202512662535e-07 3.220415886936251e-06 2.1028336968486417e-06 2.9835491454901184e-06 4.9892631616822015e-06 1.1185334940677204e-06 1.1998931448403067e-05 5.347437382685439e-06 9.467174254935775e-06 2.7387549478026394e-05 3.3582421177571534e-07 0.0 2.429393609250671e-07 1.1872511559103458e-07 0.0 0.0 0.0 0.0 0.0 0.0 0.0 0.0 0.0 0.0 0.0 0.0 0.0 0.0 0.0 1.188916967869562e-07 0.0 0.0 0.0 0.0 5.168917952825613e-06 4.808387095488993e-07 4.762612404049383e-06 5.678091770373904e-07 0.0 0.0 0.0 0.0 0.0 0.0 0.0 0.0 1.879134358925543e-07 3.389418822823036e-07 0.0 0.0 0.0 0.0 0.0 0.0 0.0 0.0 0.0 5.807059737228622e-08 0.0 0.0 0.0 9.517179150594536e-07 0.0 0.0 0.0 0.0 0.0 0.0 0.0 0.0 0.0 4.800816301522529e-06 8.30723803987212e-07 0.0 0.0 0.0 1.074008697244473e-06 0.0 2.3737329826288058e-07 1.5791140709469697e-07 0.0 4.3483468612328166e-07 0.0 3.557333679533323e-07 0.0 0.0 0.0 0.0 0.0 0.0 0.0 0.0 2.365032083226742e-05 4.254817496942113e-06 6.800019178593886e-07 3.1769168154788854e-05 4.660694362957484e-07 1.9525010428333852e-05 8.264853748340279e-08 0.00012054251204823634 2.142334092225365e-05 4.2954300485755083e-07 4.194126584766929e-06 1.6584260085019418e-06 0.0 1.4733518944278454e-06 2.454882144173572e-07 6.2306529259284656e-06 4.410633841130482e-07 0.0 1.7554026163558966e-07 1.4677780348485814e-06 0.0 5.6348559723969095e-05 6.258945424964968e-06
0.000608667200880874 0.0010873675349357228 4.5284464420909846e-05 0.001295850390398663 0.00027656516800390966 0.00016545865086735684 0.001157240005119993 6.5835234461488596e-06 8.357562661193912e-05 0.0 1.8623048338106678e-05 0.0002300157782676346 0.005208552407618618 0.0001893159555036105 0.0 0.0 0.0 0.0 0.0 0.0 0.0 0.0 0.0 0.0 8.070314284564931e-08 2.3788335430597636e-07 0.0 0.0 0.0 0.0 3.263772693566882e-05 0.0 3.2148663592449183e-06 0.0 0.0 2.2166066061901446e-07 5.457177581339475e-06 4.06144038705188e-07 1.868361898002005e-07 7.41424688970074e-08 0.0 0.0 1.72751788732193e-07 0.0 0.0 0.0 7.455089118737336e-07 0.0 0.0 0.0 0.0 0.0 0.0 0.0 0.0 5.627800228505307e-08 4.4861079984339767e-07 1.7160640599474564e-05 6.693694960744096e-07 1.3165790574923984e-07 0.0 8.472122786831253e-07 0.0 0.0 0.0 4.782593892589659e-08 4.2418958402308275e-08 0.0 0.0 0.0 5.696755294583562e-05 4.5936095382472456e-06 0.0 2.4292379662658657e-06 0.0 6.549804320360154e-08 0.0 0.0 0.0 0.0 0.0 0.0 1.6580127894180333e-07 0.0 0.0 0.0 0.0 0.0 0.0 0.0 0.0 0.0 0.0 0.0 0.0 0.0001198160311382866 2.554571047924723e-06 0.0 0.0 2.7569379841815387e-05 1.6729652989830698e-07 2.7516444722046843e-06 1.3268444910308386e-06 0.0 0.0 1.0492358216913206e-06 9.765376982674329e-06 4.42398699900668e-06 6.842316505089791e-06 1.6669313492092087e-05 1.6778971005879757e-06 3.479695054496704e-05 2.0677945094462297e-05 2.3486405851587064e-05 4.829773914880728e-05 1.5484770927604686e-07 0.0 0.0 7.643761095792052e-08 0.0 0.0 0.0 0.0 0.0 0.0 0.0 0.0 0.0 0.0 0.0 0.0 0.0 0.0 0.0 6.455141487071356e-07 0.0 0.0 0.0 0.0 5.253329234342298e-06 1.9681260426287035e-07 5.81217066518142e-06 1.2508807624256142e-06 0.0 0.0 0.0 0.0 0.0 0.0 0.0 0.0 0.0 2.609338245467489e-07 0.0 0.0 0.0 0.0 0.0 0.0 7.202682363141112e-08 0.0 0.0 1.160136506975208e-07 0.0 0.0 0.0 1.6997987282625375e-06 5.2136570284537115e-08 0.0 0.0 0.0 0.0 0.0 0.0 0.0 0.0 6.261314248518012e-06 5.476370332246447e-07 0.0 0.0 0.0 2.315610993185437e-06 0.0 0.0 2.731190893476278e-07 6.087104473837804e-08 2.2295165487531396e-07 0.0 1.584938030095221e-07 0.0 0.0 0.0 0.0 0.0 0.0 0.0 0.0 5.456252568864109e-05 6.0639844946444715e-06 1.6862004943847911e-06 2.8567757772604633e-05 2.465405504234355e-07 5.2782604211029215e-06 2.876689500954703e-07 0.00039063295980294526 2.5023634368374656e-06 0.0 1.3432897134869169e-06 1.967105577616249e-06 0.0 1.3326735213039687e-06 1.1275030925031107e-07 1.234797129195165e-05 5.406491783290267e-07 0.0 1.0618658661948634e-07 8.909797693358302e-06 0.0 0.0010336531602921023 3.934066068998082e-05
0.000223789799907623 0.001376940172800603 0.002190278166464492 3.089780081674784e-05 0.00017539879049746827 4.134606556779714e-07 0.00012017536541039364 0.000713156971714881 0.0004984471332335076 1.8623048338106678e-05 0.0 1.432039099544211e-06 0.0008553566960189789 0.002215684564502882 2.26960665938495e-06 6.191794467880384e-07 6.076184484730475e-07 0.0 0.0 7.051589373796714e-08 4.897390843763681e-07 0.0 0.0 0.0 1.6236894889101731e-06 5.997004551609787e-07 0.0 2.9601332338711073e-07 0.0 0.0 0.00036862289676570394 1.2691356415758478e-05 0.0003240744702676555 0.0 1.0272760888376192e-06 4.594965811347e-06 5.7134522560887843e-05 2.7408341850948708e-05 1.2528601431115443e-05 2.3140893253227286e-06 5.879529465798366e-07 0.0 0.0 3.391771364210564e-07 0.0 0.0 1.0198815782853663e-05 1.1319874586978036e-07 5.0442769520585384e-08 0.0 8.702867278855655e-08 0.0 0.0 0.0 4.163481081283617e-07 2.138948761440053e-07 3.1644773046008875e-06 7.489390503775801e-05 9.482586537312077e-06 2.569448041281668e-06 3.395508277635601e-07 6.374994814828072e-05 2.000069273500557e-07 9.947161030523162e-07 1.41785207452752e-07 1.0038036389319523e-07 2.3708163349165265e-07 2.1265489349927082e-07 9.583675114081184e-08 2.1723360364210398e-07 2.173671698627063e-05 2.233903487275185e-06 0.0 2.2542265443602136e-05 1.5453060628066115e-06 2.854415032965505e-06 1.3884782219376934e-06 5.453693543336086e-07 3.1641946482099355e-07 0.00015567385841978268 2.7641028693934726e-07 2.464665685685272e-05 1.0497527510359552e-06 0.0 5.1112893893396075e-08 0.0 1.0977232745904312e-07 0.0 9.56047259019078e-08 0.0 0.0 0.0 8.420395110406639e-08 1.3332007330676567e-07 0.0 6.99444030444128e-06 1.200526509815303e-06 0.0 1.3421118258402053e-06 0.00011330767645058201 0.0 0.0 2.627684103501556e-07 0.0 5.641987864259644e-08 6.566745431748364e-07 1.3790019665646294e-06 9.75999927750937e-07 1.8920375933865275e-06 1.3154035777539462e-06 9.378057770498925e-08 6.715477289329825e-06 3.266526644274546e-06 5.452642558962503e-06 1.690676218641795e-05 4.281726747798495e-07 0.0 0.0 5.676169148240665e-08 0.0 0.0 0.0 0.0 0.0 0.0 0.0 0.0 0.0 0.0 1.1738825093269663e-07 0.0 0.0 0.0 8.632659482235824e-08 1.1747687797598899e-07 7.833464218258947e-08 0.0 0.0 0.0 5.009115724506654e-06 3.675043248552371e-07 3.944259486555986e-06 1.0552845973718365e-06 0.0 0.0 0.0 0.0 0.0 0.0 0.0 0.0 1.5976308604311733e-07 0.0 0.0 0.0 0.0 0.0 0.0 0.0 0.0 0.0 0.0 0.0 0.0 0.0 0.0 1.5445272671812143e-06 0.0 0.0 0.0 0.0 0.0 0.0 5.18988331468308e-08 0.0 0.0 1.6240084091003575e-06 3.3305589321463097e-07 0.0 0.0 0.0 9.760582632082057e-07 0.0 0.0 1.657946259063008e-07 0.0 6.465183615903507e-08 0.0 7.036243338933822e-08 0.0 0.0 0.0 0.0 0.0 0.0 0.0 0.0 1.6363984682508104e-05 5.482781861058352e-06 1.7124722252477665e-06 8.34188506036733e-05 1.1282172100106061e-06 4.852114132782336e-05 2.16688160358479e-06 0.00015079971445848547 3.676311721607678e-05 3.37549825963759e-07 1.1306497675412247e-05 1.2805599638141679e-06 0.0 6.187166953792394e-07 2.197683951504013e-07 8.15010410430358e-07 4.337787908183003e-07 0.0 4.788168625723998e-08 2.5146402747398712e-06 8.351909393706174e-08 2.7135943494598726e-05 1.7130000877974709e-06
1.5053699251425688e-05 6.0405718394585636e-05 9.701158009324792e-08 7.691250920761216e-05 1.4953404245627568e-06 3.419821122566106e-06 0.0002910539043610238 1.3327910382403274e-07 3.5919391258154146e-07 0.0002300157782676346 1.432039099544211e-06 0.0 0.0003091711704629168 4.6451546141278485e-06 6.429352238948581e-07 0.0 1.3991708113928784e-07 0.0 0.0 0.0 2.1682077502980482e-07 0.0 0.0 0.0 1.7369430710108745e-07 0.0 0.0 1.290935184953515e-07 0.0 0.0 3.5242185332279666e-07 0.0 2.187566671905148e-05 0.0 0.0 3.2893776435953554e-07 1.9952127252863132e-05 4.290361962366751e-06 8.290969345625915e-06 5.571543281650896e-07 7.961749160159598e-08 0.0 0.0 0.0 0.0 0.0 1.1808648175233094e-06 0.0 0.0 0.0 0.0 0.0 5.982654319472366e-08 0.0 0.0 0.0 6.266377999490694e-08 7.000377970924673e-07 1.3445419309087526e-07 2.757761660513625e-07 0.0 1.1657712716152946e-05 0.0 0.0 0.0 0.0 0.0 0.0 0.0 0.0 6.736807285590873e-05 5.709782546331996e-06 0.0 3.902930840026816e-07 0.0 4.20944569711294e-07 0.0 5.723524343604881e-08 0.0 5.248760926763629e-08 0.0 2.88158546427431e-06 0.0 0.0 0.0 0.0 0.0 0.0 0.0 8.630745170139402e-08 0.0 0.0 0.0 0.0 0.0 0.00023801808983886803 2.60412581992642e-06 0.0 1.2367813782610993e-06 9.445356403445659e-07 9.824218391028197e-08 1.918015659562788e-06 2.06504717848386e-06 0.0 9.417083755885673e-07 7.386298083274425e-07 5.452928279053776e-06 4.02586187550651e-06 8.17342508626703e-06 2.043329554548079e-05 2.316333040270236e-06 3.829631980536962e-05 2.1022474102346496e-05 2.8197748251986685e-05 6.96310314107468e-05 6.180947842381248e-07 0.0 2.085242845708062e-07 5.117812768243484e-08 0.0 0.0 0.0 0.0 0.0 0.0 0.0 0.0 0.0 0.0 0.0 0.0 0.0 0.0 0.0 1.0425291614211417e-07 5.454741108580062e-07 0.0 0.0 0.0 8.389750763320017e-06 2.236128885099363e-07 6.666533615409285e-06 2.552834700773461e-07 0.0 0.0 0.0 0.0 0.0 0.0 0.0 0.0 5.309493228929432e-07 5.669988308053309e-07 0.0 0.0 0.0 1.533364489835486e-07 0.0 0.0 0.0 0.0 0.0 6.1173880001269e-07 0.0 0.0 0.0 1.5572371631289253e-06 0.0 5.002945031575102e-08 0.0 0.0 0.0 0.0 0.0 0.0 0.0 1.0179216933963608e-05 1.1035081615474886e-06 6.953846820838154e-08 0.0 0.0 1.897039524693732e-06 0.0 0.0 7.085763198768784e-07 3.935737563821032e-08 4.5556945447108047e-07 0.0 4.1798528049682525e-07 0.0 0.0 0.0 0.0 0.0 0.0 0.0 0.0 8.442863226783372e-05 8.538036221742843e-06 1.1065595469953197e-06 1.7584980670254793e-05 1.6243327608507525e-07 4.969696544221105e-06 5.732506892681992e-07 2.55891698943078e-05 2.807651802573573e-06 0.0 1.7479743545390384e-06 2.5027366776358043e-06 0.0 2.9767932407427103e-06 4.3982488826405805e-07 5.0091718923458846e-06 7.30779509276158e-07 0.0 4.768880579720091e-07 1.8689455028770063e-07 8.763136071196651e-08 0.0002608296263416866 2.7505113351074585e-05
0.0007023698795197672 0.0011822800691370136 0.00012547841262385836 0.0029120312270968667 0.0001818448538500149 6.811072916242019e-05 0.0038695300662170114 0.00010904244051029701 6.055278208736613e-05 0.005208552407618618 0.0008553566960189789 0.0003091711704629168 0.0 0.0013999903765445018 5.487564757816741e-06 1.0273912629443195e-06 2.476840935890574e-06 0.0 0.0 0.0 1.4432268470487712e-06 0.0 0.0 8.289643689505193e-08 7.761944276837297e-06 1.2796112529660283e-06 0.0 1.4682831048695855e-06 0.0 0.0 6.355574844987225e-05 6.225594841800169e-07 0.0006784911911062959 0.0 2.699281863912591e-06 1.3996036546787982e-05 0.00014622810442112359 4.0071961841794176e-05 7.672393790715411e-05 8.849420800453992e-06 4.885267250949915e-07 7.46868714236114e-08 0.0 6.075405343687885e-08 0.0 0.0 2.6846833323804225e-05 3.870376471025436e-07 4.862047856683563e-08 1.619956675437037e-07 1.7082616547421157e-07 3.0010497526344576e-07 1.5962207072553359e-06 0.0 4.554560975591786e-08 9.777059682980363e-08 3.0214088422393805e-06 5.05585009203817e-05 9.063230769047087e-06 5.070507650863202e-06 2.6544369854964225e-06 4.781524829881155e-05 0.0 7.92735912404882e-08 3.341559093084768e-07 1.0023525863580307e-07 6.781896740405173e-07 4.5557378970715656e-08 2.8740858562859083e-07 1.3006468746829973e-06 0.0002486573808054093 3.4818975351416295e-05 4.6943466079679257e-07 2.676038929464527e-05 1.6307387079210569e-06 6.746047772203623e-06 2.5225825724066157e-06 7.349718602763827e-07 3.4878677289113137e-07 0.00017579071124735756 1.1883573920166917e-07 7.350954745771068e-06 2.470445539062798e-06 5.013966343059082e-08 1.4686823921267045e-07 3.1046136115367407e-07 0.0 0.0 4.442530665953346e-08 0.0 2.1919825153383975e-07 0.0 3.7730411599315314e-07 4.997306271108877e-07 0.0 0.0008210669470895444 7.377529858056582e-06 0.0 5.467967423255687e-06 7.827274631006934e-05 5.53620051984286e-07 1.6480749190086747e-05 8.449613665428855e-06 2.9849375924492974e-07 2.980685306560018e-06 6.0535658961141325e-06 2.629413671464949e-05 1.7349425232594704e-05 3.1900132144930363e-05 8.221084153646325e-05 1.0468004587723681e-05 0.00016138517662087073 9.484575473539138e-05 0.00011987139614285766 0.00029035910476310164 3.476839138636046e-06 4.939200541303817e-07 5.864936640658349e-07 1.3721102978421826e-06 5.037807137849828e-08 0.0 0.0 8.746875431678907e-08 0.0 0.0 0.0 0.0 0.0 0.0 0.0 0.0 0.0 0.0 0.0 6.863978578431849e-07 2.432806931844347e-07 0.0 0.0 0.0 4.990361606878725e-05 6.539559446653775e-07 3.5914735429868414e-05 5.013523708447248e-06 8.593001984111197e-07 0.0 0.0 0.0 0.0 0.0 0.0 0.0 1.9351754225372714e-06 2.6162462163796384e-06 0.0 7.43574135060134e-08 0.0 0.0 0.0 0.0 0.0 0.0 4.936801944290538e-07 1.6967615049196248e-06 4.6176531780331455e-08 0.0 0.0 1.1899848566602145e-05 5.268391536514287e-07 5.458804015738674e-07 6.017063879163629e-08 4.4262179635543184e-08 0.0 0.0 5.3156452092600006e-08 0.0 0.0 4.65669009512315e-05 6.118938197447342e-06 5.213887306582465e-08 0.0 0.0 1.689333415310758e-05 0.0 7.660525894230374e-07 3.669258712018552e-06 4.822563968243834e-07 2.297526132883104e-06 5.288371267932321e-08 1.6345708013039631e-06 0.0 0.0 0.0 0.0 0.0 0.0 0.0 0.0 0.0003445291492599546 3.7260432741239814e-05 7.075887631108368e-06 0.00041947277667714973 3.01330760760938e-06 0.00013573303152293213 8.627842534350656e-06 0.0003591485644052447 8.627213741898323e-05 5.42844795183902e-07 4.7916401551195534e-05 1.0784353985417952e-05 5.7180437241405545e-08 1.5509178577039596e-05 1.6259479041125727e-06 3.7024507649613545e-05 5.075461857028222e-06 0.0 2.4443211761901316e-06 5.746830507671357e-06 3.439583186085959e-07 0.0009669939018286126 0.00012978447082406138
