0.0 0.0008237136002236688 0.0001398352657677052 0.001394416401194431 6.23723121965123e-05 3.411876803974619e-05 0.0006991980814827598 6.043299561348267e-06 3.350315325299664e-05 0.0017865039916850503 2.977858712236927e-05 5.2342910079009957e-05 3.956958744880113e-05 1.5576026902615736e-05 1.7650137813807354e-07 1.706470134894474e-07 0.0 0.0 0.0 0.0 0.0 0.0 0.0 0.0 0.0 0.0 0.0 0.0 0.0 0.0 0.0004493940972883082 3.852215853227051e-06 5.00818860653678e-06 5.9019742080541675e-08 0.0 0.0 1.5526378285665785e-07 0.0 2.496009935215483e-07 0.0 5.7840314297502516e-08 0.0 0.0 6.251760840794696e-08 0.0 4.760920651999435e-08 1.5984543978792982e-06 2.0803044204852123e-07 0.0 0.0 0.0 0.0 0.0 0.0 2.911714879863506e-06 1.2724999947655599e-06 8.271219275191032e-05 0.00030966939509997443 8.626051976485678e-06 6.908243229145578e-06 0.0 9.192350413747548e-07 0.0 1.9591936756650445e-05 8.772575959583022e-07 6.043535493959282e-07 1.9840378886070102e-07 1.7661805949628862e-07 0.0 0.0 1.3540731317286947e-06 1.3099801472796504e-07 0.0 3.9899059643974234e-05 3.617704896584874e-05 6.764595611874243e-07 5.519828078019543e-07 4.908114079062925e-08 1.5452492006546934e-07 7.402040001699113e-07 0.0 0.0 3.3465597342885817e-06 0.0 6.004390705800803e-07 1.1132408492805448e-06 0.0 0.0 2.462680166981483e-07 5.31234175685596e-08 0.0 0.0 0.0 0.0 0.0 3.8505475138578254e-05 2.6987483037409074e-06 2.3516014051859447e-07 0.0 0.00032662022021208453 0.0 0.0 0.0 4.3354773180426704e-07 0.0 2.499338944085448e-07 6.8099241002920514e-06 0.0 5.190131596201378e-07 5.8816186612223e-06 3.499243754707439e-07 1.4124661407671906e-06 2.5177435065785194e-06 4.614002493222184e-07 1.9988373233449667e-06 0.0 0.0 0.0 0.0 0.0 0.0 1.3971668072388014e-07 0.0 0.0 0.0 0.0 0.0 0.0 0.0 0.0 0.0 0.0 0.0 0.0 2.6145869888400967e-06 0.0 0.0 0.0 0.0 7.217889771200059e-07 0.0 0.0 1.3092539891785964e-06 0.0 0.0 0.0 0.0 0.0 0.0 0.0 0.0 0.0 0.0 0.0 0.0 0.0 0.0 0.0 0.0 0.0 0.0 0.0 0.0 0.0 0.0 0.0 0.0 0.0 0.0 0.0 0.0 7.634082706253742e-08 0.0 0.0 0.0 0.0 1.3731567526702937e-06 0.0 0.0 0.0 7.180291353765951e-08 3.9893805652850307e-07 0.0 0.0 0.0 0.0 0.0 0.0 0.0 0.0 5.068437495716559e-08 0.0 0.0 6.587220311220905e-08 0.0 0.0 0.0 3.2287534182920503e-06 4.62092772570546e-07 1.0279674260712338e-07 0.00011919120319139407 8.690712917698114e-07 1.0538962612132364e-05 3.1009573700571707e-06 0.00014490541593980684 4.455290576927706e-06 5.941350105746852e-07 3.7022651102517826e-07 7.953294416315639e-06 0.0 1.899199877026992e-07 0.0 5.223538922768099e-06 0.0 5.7228430540720455e-08 0.0 9.723558121328695e-08 0.0 0.00014177960592004284 3.4540645192519303e-06
0.0008237136002236688 0.0 0.0010080779588504782 0.00014641665925920394 0.0015512679661359879 2.5936415444235403e-05 0.0013970663875989167 0.00018358457267362264 0.0017059541123591886 0.00032399430437006396 0.0005996505162121724 1.5424224523444817e-06 0.00015350895016964835 0.00043522042975543057 5.051753608857906e-07 1.1917866594708522e-06 4.7294281774155956e-07 5.264891910947042e-08 0.0 0.0 0.0 0.0 5.6961645621291494e-08 4.5901004828133634e-08 0.0 0.0 0.0 3.7694186727581535e-08 4.960884240188607e-08 0.0 0.0009341150886859684 7.657839713980147e-05 3.6316652964839076e-06 5.211658444881997e-08 0.0 0.0 3.7788709984136134e-07 4.4192832545277855e-07 8.448282771620174e-08 4.240549122112354e-08 0.0 4.3110669390499935e-08 8.877635693449046e-08 3.1468404896858385e-07 0.0 9.789335206670004e-08 1.489114137194741e-05 7.535071997502277e-07 4.0124664531844545e-08 0.0 2.1054915817876e-07 0.0 0.0 0.0 3.5145012392217985e-06 3.592091073510832e-06 3.849494993848911e-05 0.00013416425056499593 8.005437959773064e-06 1.1103327011428985e-05 1.3709115787439262e-07 4.420998704408248e-07 4.912484709643242e-08 6.43398157068551e-05 2.954006531088738e-06 5.238219753251363e-07 5.400977149643079e-07 3.4290308186617815e-07 8.97698474149119e-08 4.69970105753137e-08 4.463672256447169e-07 5.488630326909825e-07 4.5351925132516565e-08 5.0918233900785075e-05 9.493106780561314e-05 5.950836104712968e-06 1.3819174276199804e-05 1.2421067654439056e-06 1.3989911473534015e-06 2.0316764401108027e-05 0.0 2.504334493398429e-07 8.006959240091754e-06 1.8111445203065358e-07 1.5266586963345422e-06 3.38948882795812e-06 9.583625098915551e-08 0.0 7.69849926315959e-07 4.161904918440442e-08 7.812254900451709e-08 7.718684721880272e-08 9.437868188631824e-08 5.024340728817033e-08 0.0 1.4201103555543157e-06 2.7362529562183444e-07 8.318652854753096e-08 8.949807201356773e-08 0.00024645556177975496 0.0 0.0 1.265827458026116e-07 4.7256738238449524e-07 2.0864586845928291e-07 2.852016210543844e-07 3.609483545458973e-07 0.0 4.18552568827279e-07 1.8098681921144507e-06 0.0 9.768688049194077e-07 4.777643698079282e-07 1.0319368318593851e-06 6.733269230301379e-07 0.0 0.0 0.0 0.0 0.0 0.0 0.0 0.0 0.0 0.0 0.0 0.0 0.0 0.0 0.0 0.0 0.0 0.0 3.938994162365917e-08 7.142407216537693e-07 1.9930897541044338e-07 0.0 0.0 0.0 8.475164638143384e-07 0.0 0.0 1.6878969004469163e-07 0.0 8.388346767106182e-08 0.0 0.0 0.0 0.0 0.0 0.0 0.0 0.0 0.0 0.0 0.0 0.0 0.0 9.096473981008721e-08 0.0 8.018905417694892e-08 0.0 0.0 0.0 0.0 0.0 5.787079107554497e-08 1.2666658861346445e-07 0.0 0.0 0.0 0.0 0.0 0.0 0.0 0.0 3.5608805950886686e-07 0.0 0.0 0.0 0.0 4.7579354117749087e-08 0.0 0.0 0.0 0.0 1.8375065261116545e-07 0.0 0.0 0.0 0.0 0.0 0.0 0.0 0.0 0.0 0.0 1.4959674904503735e-07 6.787190595614281e-07 1.808995310225519e-07 2.139554251833711e-05 1.991889642741997e-06 5.340195058010781e-05 1.2402220490946103e-05 6.490496633101424e-05 5.573005284658138e-06 6.821448557288811e-07 2.1854718976341787e-06 2.3449669146499684e-07 1.3993304051099272e-07 2.974191940040334e-07 5.990103042042351e-08 2.8947279942891864e-07 0.0 1.3760851656483518e-07 0.0 0.0 0.0 5.6297987928901636e-05 1.4318390739260027e-07
0.0001398352657677052 0.0010080779588504782 0.0 4.614747210667587e-06 0.0011057649913824498 2.3384639049883855e-06 0.00020713487693526164 0.0007523035000412666 0.0008306525754851839 9.098508477420176e-05 0.0013228638600303953 1.469106545040829e-06 4.841398657793952e-05 0.0007442384160067861 1.3164971420541983e-06 2.902660503289507e-06 2.438846249730254e-07 0.0 0.0 0.0 6.018280488344728e-08 0.0 5.782818873854263e-08 1.1737994424291154e-07 5.994068280800725e-08 0.0 6.826182502191693e-08 1.8906837983549525e-07 0.0 0.0 0.0021727955039691593 0.00014217569742016518 4.963410637046044e-05 1.7085136535361984e-07 1.265216791349692e-07 6.865997317971952e-08 8.380073475605546e-06 5.099051464504831e-06 1.008393195060301e-06 8.30016137733927e-08 1.7161070586117123e-07 0.0 0.0 4.287512497834941e-07 5.387421136682912e-08 6.528786518679251e-07 7.715762749474297e-06 2.4031239910774485e-07 1.901356416736932e-07 0.0 0.0 0.0 1.0088860492629354e-07 0.0 5.55240452328085e-07 6.509572937082595e-07 4.513024159159588e-06 2.404054172114266e-05 1.5155804191873452e-06 2.501605536816336e-06 7.382481855151649e-06 1.1171940502545278e-05 7.112028076391636e-08 3.8117030735325514e-05 5.366226519268869e-07 0.0 4.6022007047843775e-08 0.0 5.6119150021156695e-08 0.0 4.581913993121918e-06 3.874692504180138e-07 0.0 6.925144864801272e-06 2.0785261970837047e-05 4.507283860729968e-06 1.160645354195431e-05 2.6790724895024497e-06 1.822621660929025e-05 0.00013124776895145126 1.041797825047492e-06 1.183005274021217e-05 1.5429184691462625e-06 5.351439445361912e-08 2.94531284012471e-07 4.534054837206708e-07 3.167575783687341e-07 0.0 2.7845191056151514e-07 0.0 5.276719307841458e-08 5.814245788979398e-08 0.0 0.0 0.0 2.387566849162831e-06 6.890542525941128e-08 0.0 9.311422543085785e-07 6.661025136444995e-05 5.296201190052418e-07 0.0 1.2788508965291313e-07 0.0 1.073315718060525e-06 2.282652965863462e-06 3.192228945326953e-07 2.2913475571954872e-07 2.093493119498141e-06 4.7041383198679565e-06 7.503505502715233e-07 2.7652810919220798e-06 9.401965313444069e-07 1.7984393234326698e-06 3.1967311336975223e-06 0.0 5.870352288603968e-08 0.0 0.0 0.0 0.0 0.0 0.0 0.0 0.0 0.0 0.0 0.0 0.0 0.0 0.0 0.0 0.0 0.0 4.708863451118283e-06 6.930872225530953e-07 0.0 0.0 0.0 6.011631058034242e-06 3.4663063930885846e-07 1.9892920199892728e-06 6.432560797450984e-07 0.0 0.0 0.0 0.0 3.656293858622003e-07 0.0 0.0 0.0 2.5045326648471017e-07 3.032429280428989e-07 0.0 0.0 0.0 0.0 0.0 5.651039384949182e-08 0.0 0.0 0.0 4.198838194672055e-07 0.0 0.0 0.0 1.0507676394211325e-07 1.008249819374525e-07 0.0 3.501423912110577e-07 4.6693921370401856e-08 0.0 0.0 0.0 6.274193124870484e-08 0.0 2.533581418525531e-06 0.0 0.0 0.0 0.0 4.5115146447051016e-07 0.0 7.224422144621956e-07 2.3067962884689713e-07 4.2862262384481104e-07 5.078675720473263e-07 0.0 0.0 0.0 0.0 5.6705443419178635e-08 0.0 0.0 0.0 0.0 0.0 9.196269955436705e-07 2.688468091974074e-06 3.3036871059085283e-06 4.062252282145193e-05 1.1150787446841908e-06 3.583577505236699e-05 1.6516517474240456e-05 6.082502294295403e-06 1.5653868358088803e-06 2.3092981351415302e-07 6.699426614265849e-06 1.8129059070527149e-06 0.0 1.7244236854122473e-06 2.920554891938266e-07 1.4855470882192222e-06 1.0226912696065021e-07 0.0 0.0 1.994144813467812e-07 0.0 6.528824478917936e-06 1.1587042073950106e-06
0.001394416401194431 0.00014641665925920394 4.614747210667587e-06 0.0 5.133374843117504e-06 0.00015086562036222153 0.0006426933560357297 7.083066043082077e-07 3.031997529089696e-06 0.0008814559229656502 5.889007117204617e-06 2.3936599524939905e-05 2.55408511073133e-05 1.8826855805886716e-06 7.376637634347498e-08 0.0 0.0 0.0 0.0 0.0 0.0 0.0 0.0 0.0 0.0 0.0 0.0 0.0 0.0 0.0 6.621615377676467e-05 8.190045692588585e-07 6.271751838125788e-07 0.0 0.0 0.0 6.184708761977681e-08 0.0 2.050797596670299e-07 0.0 0.0 0.0 0.0 0.0 0.0 0.0 1.4055955208060884e-06 1.084503568635666e-07 0.0 0.0 5.220967978507318e-08 0.0 0.0 0.0 9.089872745270637e-07 8.746310641537222e-07 2.0602532595691508e-05 5.8316150499835015e-05 5.416239979809644e-06 4.363943741752051e-06 0.0 0.0 0.0 9.81506274712701e-06 8.959704281656169e-07 8.833426267438283e-08 0.0 5.6317131442412905e-08 0.0 4.551619026072462e-08 0.0 0.0 0.0 2.433156752189545e-05 2.7196767318809825e-05 5.295123236909808e-07 8.129723977663649e-07 5.1681724803927636e-08 5.637969570707608e-08 1.4326875463408335e-07 0.0 0.0 2.461779346537859e-06 0.0 3.534511214410003e-07 3.1729102152264765e-07 0.0 0.0 0.0 0.0 0.0 0.0 0.0 6.420160875097322e-08 0.0 2.457386473700883e-06 3.328831872999181e-07 0.0 0.0 0.00015506526463057222 1.4031428075318593e-06 4.579988657959892e-06 8.685133305547027e-06 5.90061923565841e-06 0.0 1.6464212043259758e-06 2.6094861371915817e-06 1.7501926292237465e-06 5.68960173907598e-07 2.35912467657137e-06 0.0 1.314501532943752e-06 1.5477577209091429e-06 3.288046650545147e-07 0.0 0.0 0.0 0.0 5.2095373769564764e-08 0.0 0.0 0.0 0.0 0.0 0.0 0.0 0.0 0.0 0.0 0.0 0.0 0.0 0.0 0.0 2.1809441618872407e-07 0.0 0.0 0.0 0.0 1.8601324571738167e-07 0.0 0.0 0.0 0.0 0.0 0.0 0.0 0.0 0.0 0.0 0.0 2.0582518745301346e-07 9.565020962390496e-08 0.0 0.0 0.0 0.0 0.0 0.0 0.0 7.364131115662079e-08 0.0 1.6189326390797755e-06 0.0 0.0 0.0 0.0 5.808359463529096e-08 1.6763961697304487e-07 0.0 4.1842675257968336e-08 0.0 0.0 0.0 0.0 0.0 8.333358262115565e-08 0.0 0.0 0.0 0.0 0.0 0.0 0.0 2.042667635610811e-07 4.595262034648075e-07 0.0 5.2045839956321175e-08 0.0 0.0 0.0 0.0 0.0 0.0 0.0 0.0 0.0 4.143128218923322e-07 8.582248933154104e-08 5.437570276799094e-08 5.0780398661152235e-06 4.787907486047973e-07 9.059830763530596e-06 1.6408926235851512e-06 6.933407751395967e-05 1.0904936400064726e-06 0.0 1.0079365908496023e-07 7.218144000736608e-07 1.3019908065083985e-07 4.335174541025657e-07 1.3920512691856654e-07 1.9347874469616345e-06 0.0 0.0 0.0 2.847090799445413e-06 2.8805939179279177e-06 4.626674180118483e-05 1.164632510806518e-06
6.23723121965123e-05 0.0015512679661359879 0.0011057649913824498 5.133374843117504e-06 0.0 6.152039203282272e-07 0.00040027841235697735 9.502614548299113e-05 0.0008102723420332779 0.00014478801038258284 0.0003153180308236074 9.317315320419326e-06 0.00027438642544563765 0.0004207183767670282 8.174032534643364e-07 1.3708923407302333e-06 5.634752474412596e-07 0.0 0.0 0.0 0.0 0.0 5.435535173657244e-08 9.181325294507897e-08 0.0 1.337389430372995e-07 0.0 0.0 9.408414391515052e-08 0.0 0.0002253079313930616 4.92505617246049e-05 7.196307135899302e-07 4.340000423002445e-08 4.1361788258113725e-08 0.0 3.162682736067732e-07 1.2659397099357407e-07 1.315176062405519e-07 0.0 3.8609408534701846e-08 4.7397271657009676e-08 0.0 3.5275708928449615e-07 8.537405629975333e-08 4.197561753368412e-08 1.8334850464771253e-05 9.920327031933549e-07 3.9673145816769265e-08 1.0855011220832316e-07 1.1223786116947042e-07 0.0 1.8222244986515576e-07 0.0 2.688955290598835e-06 3.691980894335815e-06 1.2402148956934932e-05 3.486412663765225e-05 4.528876440798859e-06 9.26575314548271e-06 2.2334426290519e-07 3.105455934333439e-07 1.1699234713118901e-07 4.03872477844755e-05 3.2735741376172596e-06 1.2097367238904243e-06 7.56451032095799e-07 2.4898738820686176e-07 8.461164368230131e-08 0.0 8.110957096229718e-07 4.5225887186268234e-08 0.0 3.3425651358419064e-05 7.116238563628897e-05 8.832336752032272e-06 1.7749691557572806e-05 3.338192238958425e-06 3.929638648892488e-06 4.941312931980319e-07 2.779965279556369e-07 3.670522251924345e-07 8.123171712443252e-06 1.2201083773025411e-07 2.2147102556919185e-06 1.7189695162406143e-06 3.3394662596747376e-07 3.637549599499563e-08 6.181934836764804e-07 4.498723537341112e-08 7.8505013113762e-08 0.0 0.0 0.0 0.0 1.3630868017153945e-06 1.706947872868569e-07 9.263779547881345e-08 3.809051605154013e-08 1.834412406964146e-05 1.8410098625139786e-07 0.0 0.0 0.0 1.8639619168186137e-07 3.991047920131261e-07 2.7224994504788487e-07 1.293591866165267e-07 1.105307783771361e-06 1.8817059666341195e-06 8.984430196649543e-08 2.6078314417908627e-06 1.002136415685925e-06 5.513447771775495e-07 6.261591049541328e-07 4.5133425274736815e-08 0.0 0.0 0.0 0.0 0.0 0.0 0.0 0.0 0.0 0.0 0.0 0.0 0.0 0.0 0.0 0.0 0.0 0.0 5.629207135063417e-07 6.185293322506641e-08 0.0 0.0 0.0 8.094713394308078e-07 0.0 4.408514808034325e-08 1.925789327551855e-07 0.0 0.0 4.493776942710201e-08 0.0 0.0 0.0 0.0 0.0 1.1084348070709354e-07 2.1059019731403824e-07 0.0 0.0 0.0 6.628334552573286e-08 0.0 7.83254168450556e-08 0.0 0.0 0.0 0.0 0.0 0.0 0.0 0.0 7.319159770200263e-08 0.0 0.0 0.0 0.0 0.0 4.8289350839473346e-08 0.0 0.0 4.4557883356474715e-07 0.0 0.0 4.374736982298907e-08 0.0 4.382700805102796e-07 0.0 0.0 0.0 3.684505374125488e-08 0.0 0.0 0.0 0.0 0.0 0.0 0.0 0.0 0.0 0.0 0.0 6.438719676510147e-07 6.784808059012535e-07 7.03580672228055e-08 2.3895427338798863e-05 2.055343633867234e-06 6.98728993577026e-05 1.568149246491431e-05 3.970007896807264e-06 5.473249516864365e-06 6.011269426811651e-07 2.8618389154697497e-06 2.5934045965231846e-07 4.243613540427104e-08 5.781150252158589e-08 0.0 2.644763577857976e-07 0.0 4.032437429769877e-08 0.0 6.307545651149843e-08 0.0 2.4179393657223054e-05 3.8143606544596547e-07
3.411876803974619e-05 2.5936415444235403e-05 2.3384639049883855e-06 0.00015086562036222153 6.152039203282272e-07 0.0 2.075117961033101e-05 4.1839710830270377e-07 2.926991473444383e-06 0.00041300162058815375 4.029338354073921e-07 0.00011498486217590619 6.257878363553771e-05 1.7019587872024278e-05 0.0 0.0 0.0 0.0 0.0 0.0 0.0 0.0 0.0 0.0 0.0 0.0 0.0 0.0 0.0 0.0 8.408494071036304e-06 2.18835726714016e-07 1.0914881195343525e-05 0.0 0.0 0.0 7.445555139921245e-06 6.772807691924447e-07 1.7567024527255507e-06 0.0 0.0 0.0 0.0 0.0 0.0 0.0 8.255705820579474e-08 0.0 0.0 0.0 0.0 5.422261215676763e-07 1.7901822340315193e-07 0.0 6.080927550667959e-08 6.296022750568118e-08 9.214265924145866e-05 1.2493983848120952e-05 1.0951354080389496e-06 7.163865067168256e-07 1.546135814286701e-07 4.176106581219525e-06 0.0 0.0 6.111945001955081e-08 0.0 2.661348265880736e-07 2.74195590521169e-07 0.0 0.0 1.7428348147098993e-05 3.0934748604574853e-05 2.310796799935425e-06 3.3915734287175144e-06 1.1516649313150392e-06 0.0 0.0 0.0 3.200276515927986e-07 2.0822990749341126e-07 0.0 1.1633740316181997e-06 1.892564572087802e-07 3.215494182911888e-07 0.0 6.168431103966497e-08 6.124354244701086e-08 1.3755582467690724e-07 0.0 2.6161348616859493e-06 0.0 0.0 0.0 0.0 0.0 6.455646851850623e-05 3.0246461085459684e-05 6.463515974039035e-06 3.1403089849606995e-06 0.00036906801833639567 3.393929881794112e-07 0.0 0.0 0.0 0.0 7.858677014749526e-08 2.756938788798e-06 0.0 5.455395572384092e-07 2.2213912350780114e-06 0.0 6.186146590851513e-07 1.38825931280886e-06 7.091932903316118e-07 7.898038117450493e-07 0.0 0.0 0.0 0.0 0.0 0.0 0.0 0.0 0.0 0.0 0.0 0.0 1.4464256236638914e-07 0.0 0.0 0.0 0.0 0.0 0.0 1.6049614252634018e-07 0.0 0.0 0.0 0.0 7.219545679156674e-07 0.0 0.0 0.0 0.0 0.0 0.0 0.0 0.0 0.0 0.0 0.0 0.0 0.0 0.0 0.0 0.0 0.0 0.0 0.0 0.0 0.0 0.0 0.0 0.0 0.0 0.0 0.0 0.0 0.0 0.0 0.0 0.0 0.0 0.0 0.0 0.0 1.7704108767227052e-07 3.9777052808130887e-07 0.0 0.0 0.0 1.0603571467734827e-07 0.0 9.608285680673338e-08 0.0 0.0 0.0 0.0 0.0 0.0 0.0 0.0 0.0 0.0 0.0 0.0 0.0 4.0074348891515777e-07 4.37402121236329e-07 0.0 5.6027240229759554e-06 0.0 1.255141510578205e-06 2.0428580702289532e-07 0.00014176076176531733 3.893683663210205e-07 0.0 1.4806676592311312e-07 0.0 6.527265756411496e-08 0.0 0.0 6.110923378368092e-07 0.0 0.0 0.0 0.0 0.0 7.039436838188491e-05 2.3099527343468725e-07
0.0006991980814827598 0.0013970663875989167 0.00020713487693526164 0.0006426933560357297 0.00040027841235697735 2.075117961033101e-05 0.0 5.1789512177757225e-05 0.0005496000898461835 0.0011418565062866523 0.00014942666770697123 4.654857668840261e-05 0.001654893926252169 0.000453299405810858 1.5767683107480848e-06 2.2228205421271014e-06 9.686479564612683e-07 1.8236109070113643e-07 0.0 4.2314160425166734e-08 0.0 0.0 0.0 8.707727203416114e-08 4.3011660582022635e-08 0.0 8.770446657136116e-08 0.0 0.0 0.0 0.0004210981434981757 4.378099207961282e-05 5.122963876652476e-06 3.56020210672239e-08 0.0 0.0 2.5744270063555503e-06 5.871742746357532e-07 1.2297446902173683e-07 4.429034601896551e-08 0.0 0.0 0.0 5.831578506353963e-07 0.0 1.1278939764811555e-07 3.18520377086485e-05 2.1531290865570402e-06 6.310525054818006e-07 9.106066745973928e-08 5.192919275779642e-07 9.003780417007615e-08 1.1451027688333657e-07 0.0 7.2457383275512666e-06 8.158102905058868e-06 5.081794232580584e-05 0.00014758495658220998 1.280356276303746e-05 2.0207595227083488e-05 9.663125783300564e-08 2.394199145334593e-06 4.495020264949819e-08 8.164558695395898e-05 5.666068911217327e-06 1.348771518376841e-06 1.3423230488460347e-06 6.013872146371154e-07 2.6464005735621834e-07 0.0 3.225676675341999e-06 2.5058942112865783e-07 0.0 8.773738209113829e-05 0.00015930952379140923 1.148698361736633e-05 2.6887186438014453e-05 4.422412972144658e-06 5.418586334286392e-06 1.2471486950199083e-06 2.433374523382672e-07 5.09403308023063e-07 1.826720021131822e-05 1.2168280968915311e-07 3.233217474494368e-06 4.417586845846905e-06 9.62077577556061e-07 0.0 8.653148003907321e-07 6.026746662197615e-08 3.9202209466847667e-07 0.0 7.820857939289123e-08 9.847864555855404e-08 4.195361959798898e-08 2.1202179559608072e-05 3.309297688004051e-07 3.5258632929065865e-07 2.6313357655370353e-07 7.763367324076016e-05 1.024027194015983e-06 1.3576086053867249e-06 1.1156683015768688e-05 1.5227419616217924e-05 1.4764109727093392e-06 8.98439399190223e-06 8.088356732903999e-06 1.366351146970189e-07 1.0950221869895005e-05 1.5293716707060122e-05 7.512799064988639e-07 1.2825958645551821e-05 9.102756798663625e-06 6.870557093698661e-06 6.463767154087991e-06 0.0 0.0 0.0 0.0 0.0 0.0 0.0 0.0 0.0 0.0 0.0 0.0 0.0 0.0 0.0 0.0 0.0 0.0 0.0 6.652994120851512e-06 1.2623328312137165e-06 0.0 0.0 0.0 5.324498882989302e-06 0.0 4.200983617778128e-06 1.964744676473897e-07 4.268299006727527e-08 0.0 0.0 0.0 6.361869512628822e-08 0.0 0.0 0.0 1.421405980578104e-07 4.389852622657979e-07 0.0 0.0 0.0 0.0 5.432083008923516e-08 2.034867372119012e-07 4.2350532577584093e-08 1.566670516252201e-07 4.680391557333983e-08 3.54026026767417e-07 0.0 0.0 0.0 3.622703481359611e-07 1.1287485161999291e-06 4.811186523242918e-08 0.0 3.597665333223023e-08 0.0 3.9721304193474124e-08 3.9349615091192955e-08 0.0 0.0 3.2538598858093446e-06 0.0 0.0 0.0 0.0 4.6599167818716263e-07 0.0 0.0 6.222605386721884e-07 5.059252565782938e-07 4.0510684868456097e-07 3.051374063720497e-07 4.7687122285236215e-08 0.0 0.0 0.0 0.0 0.0 0.0 0.0 0.0 3.6681524064393444e-06 2.783079417187317e-06 1.8595968241801509e-06 4.9740003727080705e-05 5.209886857735566e-06 0.0001268043720593151 2.831183512786864e-05 2.4923474130725514e-05 1.2298675630760158e-05 5.161514507897459e-07 5.614621582969465e-06 4.688292291035582e-06 1.9508138570569247e-07 2.0493143964885412e-06 3.1323984965183854e-07 5.1693384479004655e-06 5.833977421509232e-08 1.3186686984545072e-07 0.0 5.99360615222156e-07 0.0 7.23787441234029e-05 2.9666368119158657e-06
6.043299561348267e-06 0.00018358457267362264 0.0007523035000412666 7.083066043082077e-07 9.502614548299113e-05 4.1839710830270377e-07 5.1789512177757225e-05 0.0 0.00033925193623258717 4.7108059050358614e-05 0.0008296122165861922 3.975156547137731e-06 4.126708915380743e-05 0.0011191872524030626 3.7621587205540366e-06 1.2785121007202062e-05 1.5186256854531853e-06 1.52313910353918e-07 4.323900531114966e-07 1.6405395797920018e-07 8.296163879164708e-07 0.0 7.097386373458327e-07 6.248701942323948e-07 4.909955354239909e-07 2.5771860732342395e-07 4.6427212461939506e-07 3.4356671416049886e-07 1.6919770153030486e-07 0.0 0.000747094636236848 0.0008987740862761171 0.00031569007427046465 2.6647016887492628e-06 1.5387130447823119e-06 4.3092235826203533e-07 4.9649334072701724e-05 2.5914198723641363e-05 9.40911264725711e-06 6.534606470267641e-07 7.75617179229722e-07 1.93112556887591e-07 1.0552267096659975e-06 3.020773301837675e-06 9.751911931171467e-07 2.6488554744139338e-06 3.8424693140043704e-05 1.712915190718476e-06 3.3902489150019507e-07 1.0522967628952204e-06 1.982759863741563e-07 5.4669240832990724e-08 1.414432743549841e-06 5.9024981407883294e-08 2.2607403434294268e-06 2.9174089382884357e-06 8.199483277545875e-06 3.625299309710587e-05 4.064333061091284e-06 1.3197772975900485e-05 2.849153530311396e-05 6.276124866218678e-05 1.6095185541796618e-06 0.00020250285197943648 2.5380925698559128e-06 6.96398631264718e-07 6.384653664137561e-07 1.7668824295546246e-07 2.6382192598556083e-07 1.1664751252243416e-06 3.015045691810125e-05 1.1716856593403423e-05 0.0 2.7716573399496694e-05 0.00010620595292150466 1.7807277674004992e-05 8.419046675793583e-05 0.00012847527135121208 0.0002615426476351473 0.0010049616744526586 1.061515522685893e-05 0.00011718743865621468 8.269754941112166e-06 0.0 1.509338439329147e-06 2.260605980472549e-06 8.737745065247638e-07 1.448918466656477e-07 2.9507382586006684e-07 7.282654598591333e-08 1.6752152850705496e-07 1.8414080151962438e-07 7.816433060405847e-07 4.595220047637945e-07 2.7743447662661015e-07 9.262914552130201e-06 1.218038091941859e-06 6.251314728812064e-08 2.645232936527894e-06 1.3964361291999111e-05 1.7747212188428946e-06 1.8216115018770494e-07 7.600600780352648e-07 0.0 5.050945395108606e-06 3.759347577114292e-06 5.203623768998514e-07 1.5114554035673628e-07 3.2370876995444747e-06 1.2067439993003637e-05 1.921385681970146e-06 1.1171030940840495e-05 5.428565198766299e-06 5.3734629578424205e-06 9.697738001324142e-06 7.475702003221822e-07 1.365152254950342e-07 0.0 0.0 0.0 0.0 0.0 0.0 0.0 0.0 0.0 1.768690133221353e-07 0.0 0.0 3.772480602618639e-08 0.0 0.0 0.0 0.0 2.9918113187496516e-05 5.907405232338913e-06 5.282143233244858e-08 0.0 5.082208330146658e-07 1.833224521603733e-05 1.8998179819194343e-06 1.1174099073738788e-05 3.783834826721419e-06 7.57114607834341e-08 0.0 0.0 0.0 5.837655356911654e-07 0.0 0.0 0.0 6.937533998574586e-07 1.0566557610829674e-06 0.0 4.9674496874299095e-08 0.0 8.476562923216725e-08 6.40044100616946e-08 0.0 0.0 0.0 1.1616557856200367e-07 1.2721700528769066e-06 0.0 2.906507703350977e-07 3.415758557354662e-07 2.2216448628610767e-06 2.365600847122598e-06 3.853413777011967e-07 0.0 0.0 0.0 1.221974650133723e-07 0.0 0.0 1.131378174407957e-07 8.614536559364589e-06 4.2208480749476576e-07 0.0 0.0 0.0 1.2972519073192982e-06 0.0 5.928756310183699e-07 7.579637046249694e-07 2.2439450552600606e-06 1.135199281895352e-06 6.397000740771578e-07 2.1056556161682308e-07 0.0 0.0 0.0 0.0 7.320171439970199e-08 0.0 0.0 0.0 4.645578706554244e-06 1.79937687979548e-05 1.4486317379072362e-05 0.00013970570973530742 4.227878722878025e-06 0.00014459936828401172 6.505199514004144e-05 6.48320775510494e-06 7.921137461100797e-06 3.722682922733802e-07 2.3932390236685143e-05 8.061113443283465e-06 0.0 6.395131169607378e-06 2.9179668633078457e-06 5.646738919730191e-06 0.0 1.0924721421249683e-07 1.7351709257509156e-07 1.5935992924005238e-06 1.271110672652033e-07 2.5857429716051354e-05 9.960799197792222e-06
3.350315325299664e-05 0.0017059541123591886 0.0008306525754851839 3.031997529089696e-06 0.0008102723420332779 2.926991473444383e-06 0.0005496000898461835 0.00033925193623258717 0.0 0.0004526221839592136 0.0012062616508403687 4.46282934007204e-06 0.0005084479482019848 0.0006139534201173997 1.5652956068133253e-06 2.802422393881251e-06 8.347066817322124e-07 4.6831564562445744e-08 5.521922994552978e-08 4.21286077018444e-08 3.744131679195149e-08 0.0 5.4762290924620944e-08 9.899168338750156e-08 0.0 4.6406052456662046e-08 2.9242165392764133e-08 0.0 0.0 0.0 0.0001607270779411387 5.718295614291798e-05 1.095716334972239e-05 4.663026218586246e-08 0.0 4.247022722768997e-08 2.529160607133862e-06 1.4014013917622658e-06 1.6201905843815422e-07 2.03217857466428e-07 1.5675714045627599e-07 0.0 1.0086663413737218e-07 2.4237520779447885e-07 6.36949775606403e-08 0.0 2.7374813857378607e-05 1.026611367804525e-06 2.3804177508094891e-07 7.178208065100619e-08 1.3505629452904505e-07 0.0 1.620577606886553e-07 0.0 2.8873181692714334e-06 3.2952954589986225e-06 1.1250621223152403e-05 2.8231689053821296e-05 4.468122809391757e-06 1.3050325321562678e-05 9.10591495026381e-08 3.4618225785594094e-06 0.0 4.128453292863357e-05 3.215020734128052e-06 5.130190388555745e-07 5.845020027795668e-07 2.1537245894980705e-07 3.530732247764456e-08 4.6759901604100366e-08 2.4228630912323066e-06 3.9077491984921146e-07 0.0 3.681997378708666e-05 7.113358336852986e-05 1.1662438819922749e-05 2.864104802384519e-05 6.9462466108399475e-06 9.815543301578885e-06 1.807323442228146e-05 5.7208658640476164e-08 1.5251051565996609e-06 8.468513241954034e-06 4.800645883426185e-08 2.0907371880718245e-06 2.3523553412232807e-06 2.2731477718660443e-07 7.909111195990511e-08 7.013460380366121e-07 0.0 9.718247307482763e-08 8.537359706683003e-08 0.0 2.2107940756782461e-07 1.0545365617603766e-07 7.442019611969667e-06 7.53870020906404e-07 2.6228628276130116e-07 3.067305826588966e-07 1.4992192771551664e-05 1.4392910262122165e-06 7.333703970971038e-07 1.1164169539471326e-07 9.50402125679014e-08 2.6998870113632604e-06 4.757486652981835e-06 5.954233819805166e-06 2.983335878345531e-07 6.293220456976625e-06 1.575235835552327e-05 9.307374868624332e-07 1.2387279630565619e-05 1.0313649773778966e-05 7.285993945857649e-06 8.198865403401006e-06 7.223827539786697e-08 0.0 0.0 0.0 0.0 0.0 0.0 0.0 0.0 0.0 0.0 0.0 0.0 0.0 0.0 0.0 0.0 0.0 0.0 9.340951201955748e-06 2.3893291181791586e-06 0.0 0.0 5.375208255600666e-08 5.2473240527423635e-06 0.0 1.6843141914024902e-06 7.89659255174614e-07 0.0 0.0 0.0 0.0 0.0 0.0 0.0 0.0 7.404327796060328e-07 4.396766046294656e-07 1.8938953974282722e-07 5.690165125121385e-08 0.0 0.0 0.0 3.673988713958937e-08 0.0 4.674402074143276e-08 6.819482225973901e-08 5.130573112821571e-07 0.0 0.0 0.0 1.0610440868353337e-06 1.2861054239029515e-06 0.0 4.687850133433002e-08 0.0 0.0 0.0 0.0 0.0 0.0 3.870128099928502e-06 1.0330573556677609e-07 0.0 0.0 0.0 8.726445130167974e-07 0.0 0.0 4.6856155015037905e-08 1.0284880378500692e-06 0.0 1.1636525665662178e-07 1.600460309190398e-07 0.0 4.916984287399065e-08 4.0497430456152746e-08 0.0 0.0 0.0 0.0 0.0 3.6150976837818623e-06 2.9732898708451156e-06 3.1522211205095035e-06 6.564134613122678e-05 3.3929177754135638e-06 0.00010275890396562579 3.173039147018811e-05 1.0593515228162921e-05 8.065139318885562e-06 5.987881847766166e-07 1.0377747161540892e-05 2.765795740459605e-06 1.2994207309443791e-07 1.969221048262592e-06 5.548238126928686e-07 2.0812613080656384e-06 8.405961403726569e-08 0.0 0.0 3.481020668397159e-07 1.0923486243042203e-07 3.520832965183033e-05 4.415439253261161e-06
0.0017865039916850503 0.00032399430437006396 9.098508477420176e-05 0.0008814559229656502 0.00014478801038258284 0.00041300162058815375 0.0011418565062866523 4.7108059050358614e-05 0.0004526221839592136 0.0 2.1732566927880968e-05 0.0005109632288107244 0.003457647566848297 0.0005178213906332167 3.091146204772357e-06 4.819856564842511e-06 2.064556463897619e-06 1.7756769888811337e-07 4.0022438830673035e-08 0.0 0.0 0.0 5.7944385979291795e-08 1.541016928131464e-07 4.9187691877758096e-08 0.0 5.310342577944761e-07 0.0 3.0602250883364917e-07 1.888520833908549e-07 0.0002900400573349666 4.023524810707713e-05 4.5258457668288236e-05 0.0 4.471114363503422e-08 5.943313269938156e-07 2.6243764272045067e-05 8.231006952821724e-06 9.826470454898622e-07 1.8221167938265422e-07 4.9147754449049546e-08 5.4786750167806444e-08 0.0 8.17295417429915e-07 4.4008806827981255e-08 9.31246773912135e-08 5.885826795739167e-05 3.8443665807596355e-06 9.010270486707025e-07 0.0 6.04401402371428e-07 0.0 1.5445920225058412e-07 0.0 1.4255584836638885e-05 1.3383357680384579e-05 0.00013593288490481046 0.0002751811832947541 2.97430972536735e-05 3.933011053011473e-05 4.4458032998009897e-07 1.646942840216852e-05 0.0 9.662139553451018e-05 1.1948556511120937e-05 2.4547260581981497e-06 2.276257446114935e-06 8.088517618258874e-07 4.5529174562628756e-07 0.0 3.4362874833915915e-05 3.130797787001812e-06 0.0 0.0001665401150313262 0.00022983052821500043 2.332373191478212e-05 4.951790415506497e-05 6.6286505726914444e-06 1.0172032468243902e-05 2.2598961828271663e-06 4.746420202779086e-07 1.583805301974595e-06 3.225365052322523e-05 8.262264571616578e-07 5.700239537196111e-06 7.540907938540424e-06 1.4168188431656502e-06 2.4459991984010123e-07 1.621622146875088e-06 0.0 4.689233691381561e-07 1.3343739214956916e-07 9.145291571870465e-08 3.5918898118544096e-07 1.173263972316092e-07 0.0001844400738700434 2.1732343297282936e-05 7.522076474931645e-07 2.4033579284005907e-06 0.0007328505367522788 2.6597114149593222e-06 4.371126429713496e-06 2.3052323261827397e-05 2.008279886115679e-05 5.1773063020002615e-06 1.7586980907925558e-05 5.740390653996783e-05 2.0941236033194324e-06 2.987248583572158e-05 7.172788320752831e-05 3.6373155400159385e-06 4.3086624805235165e-05 3.402688231396401e-05 3.0761638953403126e-05 2.0035163797334763e-05 9.452252359171102e-08 6.315973367073194e-08 0.0 0.0 0.0 0.0 0.0 0.0 0.0 0.0 0.0 0.0 8.031915056587899e-08 5.692828676076491e-08 0.0 0.0 1.1361419807620109e-07 0.0 0.0 1.494850241900256e-05 9.65531668805836e-06 0.0 0.0 0.0 1.4298577603066346e-05 1.8215790162377464e-07 4.397559478625626e-06 2.389542595883786e-07 8.914131092219412e-07 0.0 0.0 0.0 7.706104002013165e-08 0.0 1.7448648576931138e-07 0.0 6.183811108657665e-07 1.553803017866764e-06 0.0 0.0 6.967595928668899e-08 1.6447848375220277e-07 0.0 8.215853768474499e-07 0.0 1.8226589601437674e-07 4.305409551391994e-08 2.178542803522331e-06 7.368136893602654e-07 0.0 0.0 1.186606512096094e-06 2.5705241373099607e-06 1.4800134219827734e-07 4.2658856585375264e-08 0.0 0.0 0.0 0.0 1.4129917023077805e-07 5.250682384652484e-08 1.317664635663033e-05 0.0 0.0 2.1155383991667673e-07 4.590791820652569e-08 3.0866893741363298e-06 0.0 4.5242082046619363e-07 5.189359451465522e-07 1.9521332852768657e-06 3.673027989634481e-07 3.82017228103741e-07 1.1632656797950761e-07 3.875697387256627e-08 0.0 9.204205047905e-08 0.0 5.579695853642073e-08 0.0 7.497550722150356e-08 0.0 2.6589556094141644e-05 7.885264931481668e-06 4.374839569957062e-06 0.0001770407163745342 1.1778473363269894e-05 0.0002560618228427278 6.948328549631947e-05 0.0005103559941380305 2.7819179123830042e-05 2.7963787981214535e-06 2.5178889621596142e-05 1.4104195355372864e-05 2.7134905221286373e-07 4.056507573722171e-06 8.515722053920694e-07 2.9751393081520848e-05 1.1771793062553146e-07 1.947790339881353e-07 0.0 2.020257091576368e-06 2.0494368193894126e-07 0.0006178315405261465 2.4754128277939476e-05
2.977858712236927e-05 0.0005996505162121724 0.0013228638600303953 5.889007117204617e-06 0.0003153180308236074 4.029338354073921e-07 0.00014942666770697123 0.0008296122165861922 0.0012062616508403687 2.1732566927880968e-05 0.0 3.6740117118008003e-06 0.00013069664727550966 0.001029784461355488 1.1966207216754762e-06 4.653901215155768e-06 5.703060430852108e-07 0.0 1.0999319850734308e-07 0.0 0.0 0.0 0.0 1.71212458165198e-07 0.0 0.0 7.600953688411928e-08 5.299248867856663e-08 5.108639605469566e-08 5.425453314317575e-08 0.0003742475308725375 0.0003624153981578287 7.083780684616802e-05 0.0 0.0 7.056981658283592e-08 1.2175905574682839e-05 6.275078670729388e-06 5.234587560162779e-07 7.742424575560316e-08 0.0 0.0 0.0 3.168482757399691e-07 0.0 2.1382317899617992e-07 1.227691436063893e-05 3.969752384585651e-07 6.806468515064828e-08 0.0 1.2490429697482553e-07 0.0 0.0 0.0 1.5215103876009782e-06 8.519738871549272e-07 3.4244963663505617e-06 1.2537218689117007e-05 1.4573245104054168e-06 3.7305048629244727e-06 5.077326435326615e-07 1.2874580186937714e-05 0.0 3.248037824690414e-05 8.954567456007922e-07 4.245266778950963e-08 1.7356431438810063e-07 9.447214822847996e-08 1.4931996506392877e-07 0.0 4.555364692675492e-06 2.3199869963431614e-07 0.0 1.1073503703738523e-05 3.165364294156563e-05 4.880548392094616e-06 1.6757186152131892e-05 1.5449835237760815e-05 6.00352776913245e-05 0.00020404383601925146 2.9815675827454223e-07 5.8052577523338504e-05 2.7102151982660757e-06 0.0 8.276640394522917e-07 8.287452818789919e-07 8.947198396395477e-08 4.675323254667243e-08 2.1452525790888192e-07 0.0 4.326769990349275e-08 0.0 0.0 1.843478816345628e-07 0.0 1.910224412611008e-06 0.0 0.0 5.092343487652203e-07 1.5132747735601277e-05 7.374930599966912e-07 5.143657405342501e-07 0.0 0.0 5.798967675179189e-07 5.169995069540455e-07 0.0 0.0 2.480724220318613e-07 1.3012079387968957e-06 6.447978174200738e-08 1.6984614113267353e-06 5.357520820381901e-07 1.7763709871041706e-06 9.003501981597765e-07 0.0 0.0 0.0 0.0 0.0 0.0 0.0 0.0 0.0 0.0 0.0 0.0 0.0 0.0 0.0 0.0 0.0 0.0 0.0 2.5658903413800534e-06 7.685501274757008e-07 0.0 0.0 0.0 1.4242961301785042e-06 0.0 4.00482952278163e-07 8.384633993344065e-08 0.0 0.0 0.0 0.0 5.7978604487655084e-08 0.0 0.0 0.0 6.624807281765404e-08 0.0 0.0 0.0 0.0 0.0 0.0 0.0 0.0 0.0 9.716954216157856e-08 0.0 0.0 0.0 0.0 0.0 1.8882219479291123e-07 0.0 0.0 0.0 0.0 0.0 0.0 0.0 0.0 9.133684833002344e-07 0.0 0.0 0.0 0.0 6.522887072288288e-07 0.0 1.2244946851447224e-07 0.0 1.673965854806828e-07 0.0 5.0929428884175034e-08 0.0 0.0 0.0 0.0 0.0 0.0 0.0 0.0 0.0 5.18881126761344e-07 1.0304548306601364e-06 7.117867392678652e-07 3.539731900062063e-05 1.2196808020419493e-06 4.480766075199459e-05 1.6660793763285935e-05 2.1941454343808973e-06 2.7381244955236414e-06 8.470145425892587e-08 5.738045650072031e-06 1.1223585638022598e-06 2.1958784165527668e-07 6.758402437390859e-08 1.0145572817755688e-07 0.0 0.0 0.0 0.0 3.74401906532854e-07 0.0 7.896314930739504e-06 4.48204876727399e-07
5.2342910079009957e-05 1.5424224523444817e-06 1.469106545040829e-06 2.3936599524939905e-05 9.317315320419326e-06 0.00011498486217590619 4.654857668840261e-05 3.975156547137731e-06 4.46282934007204e-06 0.0005109632288107244 3.6740117118008003e-06 0.0 0.0013979495600289626 0.00012593847609852887 3.285379660998694e-07 2.7772152344555032e-06 7.650920040251252e-08 0.0 0.0 0.0 0.0 0.0 0.0 0.0 0.0 0.0 0.0 0.0 0.0 0.0 1.8495895415525472e-06 2.103580951128044e-06 8.101246125162499e-05 0.0 0.0 0.0 6.644463990104464e-05 1.1117724567589969e-05 3.0071413050576666e-06 0.0 0.0 0.0 0.0 3.8348449312928384e-07 0.0 8.331441699885934e-08 1.4912151581327093e-06 1.3481789156161435e-07 0.0 0.0 0.0 0.0 0.0 8.46744613168532e-08 7.717193459106703e-08 1.6532524139582274e-07 4.0443778432080465e-06 1.6725759897578255e-06 0.0 6.343621179818916e-07 3.942130700609705e-07 2.3846592745007806e-05 0.0 2.1078686302165805e-06 1.0273031445165734e-07 0.0 0.0 7.589230806596606e-08 0.0 0.0 8.336036814377863e-05 2.149433137007977e-07 1.7375818759758982e-07 7.21236065204822e-07 2.059168023852026e-06 1.1958245565692777e-06 1.6585123683234686e-06 6.464615798432393e-07 7.2648500476659715e-06 8.394156212893113e-06 0.0 1.0198662871939255e-05 1.7527139853777364e-07 0.0 0.0 2.8540499111023806e-07 0.0 0.0 0.0 0.0 0.0 0.0 0.0 0.0 7.618148454931013e-08 0.0002017407472018748 4.011079596902879e-06 0.0 7.12772031422602e-07 8.13296436136611e-05 5.016699907376632e-07 1.7289826286378886e-06 7.054475694350346e-07 2.3097619241983593e-06 2.573234217835344e-06 1.0354047964679059e-05 2.7013484696938893e-05 7.623213454740276e-07 1.5268257851796704e-05 3.781348925611339e-05 1.0683966231114635e-06 2.507834654080666e-05 2.226514060230126e-05 1.857929539463086e-05 1.600866814934958e-05 0.0 6.262456669668267e-08 0.0 0.0 0.0 0.0 0.0 0.0 0.0 0.0 0.0 0.0 0.0 0.0 0.0 0.0 0.0 0.0 0.0 1.093319565316992e-05 3.224275847520847e-06 0.0 0.0 0.0 5.859921054810074e-06 0.0 2.141992568268906e-07 7.040488635867002e-08 0.0 0.0 0.0 0.0 0.0 0.0 5.894188965777199e-08 0.0 4.3281377353021005e-08 1.2034939861847916e-07 0.0 0.0 0.0 0.0 0.0 0.0 0.0 0.0 0.0 1.3647201371296025e-06 0.0 0.0 0.0 1.717891461297603e-07 1.3976700269845611e-06 5.2902755017801184e-08 0.0 0.0 0.0 0.0 0.0 6.424442826216589e-08 0.0 8.390511740413848e-06 7.098289094176117e-08 0.0 5.5774309078154615e-08 0.0 1.4948758055646882e-06 0.0 2.0014053086074044e-07 8.856092692438016e-08 9.707531299507341e-07 1.0939630881861812e-07 2.745044167442753e-07 0.0 0.0 0.0 0.0 0.0 0.0 0.0 0.0 0.0 1.6961561968807757e-05 3.208659738289093e-06 1.5567758112955083e-06 3.465891069619451e-05 9.479472791208115e-07 1.467460658768205e-05 1.0054060441553457e-05 8.024900985382501e-05 4.944561111331322e-07 7.694616392237363e-08 2.9372295624672178e-06 3.130530536062766e-06 0.0 7.271573783220785e-07 9.582132478803291e-08 1.4080361248094217e-05 0.0 1.3372027510585606e-07 0.0 8.698565619707947e-08 0.0 0.00013544469968711182 1.0908120273233077e-05
