0.0 0.0011695579050727334 0.00011459583498180158 0.0008190215795105356 6.642289883178807e-05 6.709301054702269e-05 0.0003965726947007848 4.336050235557231e-05 0.00012690609335647073 0.0008978815701327201 9.465275339477224e-05 0.00019508568638150744 0.0005104566476389752 0.00019992884446016687 1.815235317020703e-06 1.141536789258367e-06 1.9525522421771894e-07 1.5564150227166166e-07 6.602669451155179e-08 7.492444893890417e-08 3.6888775012804e-07 0.0 1.4465770892803862e-07 3.424242465229768e-08 9.651146704255215e-08 0.0 6.036135240484477e-08 0.0 1.440458845875326e-07 0.0 0.0002493804376233649 3.465680466799443e-05 1.2879868945239804e-06 7.122670946468217e-08 4.85529146038767e-07 0.0 7.495252341383676e-06 1.5878691624311504e-07 0.0 0.0 0.0 0.0 1.8940407014321094e-07 1.646216394825142e-07 6.001729743121564e-08 1.1629456870391099e-07 2.1685941208105225e-05 1.0948287084483598e-06 2.6905674219592866e-07 4.883728553838645e-07 1.5976344551134262e-07 2.9640317892079378e-08 0.0 0.0 9.536786500323265e-07 4.583876595295148e-06 6.728613238732709e-05 0.0002774746562733678 3.5571345300299205e-06 1.3162742743609003e-05 1.6713157831822646e-07 2.562152863902073e-07 8.328869606016153e-08 1.1883410723474973e-05 3.4383646406798723e-06 1.6507677375971782e-06 6.092706362687425e-07 4.625183836297196e-07 6.286387566147113e-07 6.921188221605146e-07 3.1063268291242094e-06 0.0 0.0 6.792186766734691e-05 2.0596650504238367e-05 1.6704742483588817e-05 3.2650705095259435e-06 4.4845578804295775e-07 2.1861112097719998e-07 2.0318825856934034e-06 3.286702080137047e-08 2.510543807601653e-07 5.038220728165133e-06 3.171668842807841e-07 1.834862351792472e-06 2.9340362637465076e-06 5.41290651719008e-07 3.624211342421327e-08 7.74449630629055e-07 6.166482577526819e-08 2.0033994841678603e-07 1.0807818173600366e-07 7.994799764897246e-07 1.344170679611571e-07 7.127410654961485e-08 1.1565784493466496e-05 2.1223317256793994e-06 0.0 4.0657195726332814e-08 0.00042156093777634055 3.951693396756387e-08 2.0424077278145164e-07 1.1694463597229033e-06 7.542268542311662e-06 0.0 6.314734634363809e-07 5.38546982951675e-07 6.041622265491812e-07 1.2299824178001725e-06 4.271549159133152e-06 3.341589114085626e-07 4.806778181194558e-06 6.493944693775598e-07 3.108183137301202e-06 2.991502200895419e-06 0.0 0.0 0.0 0.0 0.0 0.0 0.0 0.0 0.0 0.0 0.0 0.0 3.948951606046819e-07 0.0 8.507616141094071e-08 0.0 0.0 0.0 0.0 0.0 1.3445295362269016e-07 0.0 4.62248018549723e-07 0.0 2.1197970682467343e-06 2.792069875257672e-07 1.259440905554164e-06 1.325912225177311e-06 3.0314363530638146e-07 0.0 0.0 0.0 0.0 4.120305249208096e-07 0.0 0.0 3.16656281176853e-08 0.0 0.0 0.0 0.0 5.498211633809512e-07 0.0 0.0 0.0 0.0 0.0 0.0 0.0 0.0 0.0 1.0473159681463874e-06 0.0 0.0 0.0 0.0 0.0 0.0 4.851874321263568e-07 0.0 4.513528411736128e-08 3.898087010107901e-06 0.0 0.0 2.8599315392744847e-08 0.0 1.6613785425918925e-07 0.0 5.503328516492301e-07 9.219541249813953e-08 1.8515769761877383e-07 0.0 0.0 4.2507059473986224e-08 0.0 0.0 2.7513818261386078e-08 3.111690825432238e-08 0.0 0.0 0.0 0.0 2.826306393722147e-06 1.3297707744327648e-06 2.3610474492357864e-06 8.647739829945588e-05 1.442116062566674e-06 4.4911167448344806e-05 1.8285091500497497e-06 0.0001447582783772873 6.858427281450545e-06 0.0 2.0744236874964177e-06 9.828365165880467e-06 3.6090219353261637e-08 0.0 0.0 7.488988784344266e-06 0.0 0.0 5.344166911809467e-07 2.8100775554456247e-07 2.1724960144237918e-07 3.99753261309595e-05 1.5311676989680824e-06
0.0011695579050727334 0.0 0.0008147411228420708 0.0007804598604731931 0.0012004452664160653 3.105912518295697e-05 0.0015277141792896325 4.119536793547849e-05 0.0022317563527789012 0.0005691436919098208 0.0001325586575401274 0.00018524861361961234 0.0013364645735391499 0.0010029334701938937 7.703048847585931e-06 3.3776277201287433e-06 5.83489550562213e-07 2.956438156355846e-07 1.1651830354844704e-07 1.174148330540819e-07 1.5825475454081105e-07 0.0 0.0 3.837180777874598e-08 0.0 3.32281374523159e-08 7.815864671662289e-08 0.0 0.0 0.0 0.0009408887001532265 1.0731805163025988e-05 6.428306771690114e-06 0.0 9.06273008217036e-08 0.0 3.092869447924879e-05 2.8281431978785983e-07 7.642601544377212e-08 4.2747910977498816e-08 2.963545924957361e-08 6.039791810270239e-08 1.1244328570892897e-07 8.40691618853404e-07 1.6264217817403837e-07 1.534478845026248e-07 8.454500412807562e-05 2.063472223369039e-06 3.925245829151491e-07 3.1042679251041725e-07 2.889624905787419e-07 0.0 0.0 0.0 1.6141270114765947e-06 6.609865243947915e-06 5.298680120967246e-05 0.00022349650347776808 5.846327604954816e-06 2.7788061576966083e-05 1.4283425518683481e-07 6.336292480356022e-07 2.4191060221257667e-07 1.273879027616899e-05 4.879128069037406e-06 2.4987393681248963e-06 8.032009703124733e-07 5.777119069674988e-07 3.900956436401151e-07 1.8451226212120737e-07 1.259960301093705e-05 0.0 0.0 0.00010739339084348131 4.521519563438929e-05 4.8020776225371785e-05 1.528139215940432e-05 2.280626344817685e-06 6.249122067505028e-07 1.889541063124023e-06 2.770035815743148e-07 3.090227663646571e-07 7.684343889982311e-06 4.3404130114909103e-07 2.99144919857491e-06 3.5942537629868042e-06 6.731116882457697e-07 1.521739796903455e-07 1.3533978320594306e-06 0.0 4.1934968064347066e-07 3.387317360940246e-08 3.4852383667634447e-07 2.1890697150362183e-07 7.227062309823993e-08 3.307700554292661e-05 6.304263377163541e-07 0.0 0.0 0.0001816794761822278 1.2298495705338506e-07 4.7998477226599e-08 1.2504343482086609e-06 4.775131041383583e-06 7.752774084622817e-08 1.5391899196495978e-06 9.983109677089925e-07 4.449633906010224e-07 1.8590148633588876e-06 4.723218593387968e-06 8.715389983277209e-07 7.101375377464399e-06 1.0430629283721986e-06 2.6103148710552016e-06 5.5224389609467115e-06 0.0 0.0 0.0 0.0 0.0 0.0 0.0 0.0 0.0 0.0 0.0 0.0 0.0 0.0 6.16189479204222e-08 0.0 0.0 0.0 0.0 1.439373334275109e-07 4.7137779847722724e-08 0.0 0.0 0.0 2.5822410182835218e-06 3.1979104028129847e-07 2.4434923793746664e-06 1.1939776457345288e-06 7.805463877800325e-08 0.0 0.0 0.0 0.0 0.0 0.0 0.0 0.0 1.3441207331138644e-07 0.0 0.0 0.0 4.693460235658811e-08 0.0 0.0 0.0 0.0 0.0 0.0 0.0 0.0 0.0 5.998858022067437e-07 0.0 0.0 0.0 0.0 0.0 0.0 0.0 0.0 0.0 8.06334976168173e-06 4.0892887635093903e-08 0.0 0.0 0.0 5.935253067127197e-07 0.0 0.0 5.576672893796772e-08 0.0 0.0 0.0 0.0 0.0 0.0 0.0 0.0 0.0 0.0 0.0 0.0 8.087488056148305e-06 2.8813384577154577e-06 1.6492937530762553e-06 7.433625303056631e-05 1.6140469567323415e-06 0.00012022495148839193 7.35246875469056e-06 0.00010295666639690922 1.838330146388318e-05 1.5049245821138214e-07 1.0172021374890244e-05 6.147715345958505e-06 0.0 1.5393700424624455e-07 6.625177004046715e-07 5.823668406856681e-06 0.0 0.0 0.0 5.621444228260798e-07 0.0 3.431988285870629e-05 3.4444895426533696e-06
0.00011459583498180158 0.0008147411228420708 0.0 1.08444582934758e-05 0.0005473164641614561 1.983839770098446e-06 0.00010276035402584048 0.0008862667188162797 0.0021290799530050124 8.372478387998825e-06 0.0010350750065641378 4.766044815612334e-06 0.00016219274639786246 0.0015495857688950995 1.5928093930907395e-05 1.067685441690823e-05 4.215131250561004e-07 1.1394186873528384e-07 2.1219732510419193e-07 1.0771613010745632e-06 2.147692103296555e-06 0.0 1.7018141419708974e-06 6.762046468195447e-07 1.3335339536578058e-06 1.9387869758341337e-07 1.439083980265915e-06 0.0 1.431713636617534e-07 5.701567497025163e-08 0.0017536507629965135 0.00023798091737831328 5.2872083572860774e-05 6.302156132689032e-07 7.4777638414386566e-06 1.3645083812801708e-06 2.002858299685727e-05 4.573124485986626e-06 9.755776282888583e-07 3.315923212063611e-07 1.3748601633326504e-06 3.271457836070184e-07 6.121917048098537e-07 9.676111242856074e-07 2.1525722812505238e-07 6.54196877219949e-07 5.5669451313064243e-05 9.813769751705247e-07 1.4198040881220655e-07 6.49357785035067e-07 1.608336577411437e-07 0.0 1.1565118489040442e-07 4.564068421996701e-08 6.644314557353415e-07 2.6322351590457492e-06 2.930902352806516e-05 0.00016322711783984647 2.6528540861191366e-06 1.1367387295971748e-05 1.7372489886149395e-06 1.591572145998254e-05 2.0729910853561694e-06 0.0001338456033077198 2.2862382910509455e-06 6.772968936731456e-07 4.424736936976077e-07 5.127801953705898e-07 1.1975631039771447e-06 4.338861272774152e-06 5.337643488293401e-06 2.006094598341623e-07 0.0 4.7529050255560325e-05 2.8686026468549465e-05 3.4088920518662824e-05 1.527163630909875e-05 3.0266495455440874e-06 2.5657315594004743e-06 0.00014117318443447095 1.789261572682782e-07 1.9422125251266154e-05 2.7225544323501646e-06 1.0289797464943196e-07 1.2268691189058654e-06 1.6425164560845086e-06 6.71016661274929e-07 8.743919214415724e-08 5.256260352402756e-07 0.0 1.9133015294086999e-07 1.9489091573670572e-07 5.650360918053078e-06 2.7494731204393687e-06 4.4338131647664714e-07 2.7497508241241266e-06 2.2937160196693965e-07 0.0 3.777756223254e-07 6.31253546720899e-05 0.0 2.725762687465546e-08 4.1889887443575094e-08 0.0 6.022033023377058e-08 6.294459655194501e-07 3.982717232634941e-08 9.601895001108148e-08 1.2398709330644498e-07 2.6916715694485665e-07 4.839706532591084e-08 8.363075809329416e-07 3.205636541466351e-07 6.997353563209991e-07 2.292521132184254e-06 0.0 0.0 0.0 0.0 0.0 0.0 0.0 0.0 0.0 0.0 1.6196321833255922e-07 0.0 0.0 0.0 0.0 4.4736638142617574e-08 0.0 0.0 0.0 1.0907255978742103e-07 0.0 0.0 9.12845168634279e-08 0.0 1.8907167938412155e-06 2.0296113540764527e-07 1.0638252823408546e-06 1.9301419142236554e-06 2.6254730427797826e-07 0.0 0.0 0.0 0.0 0.0 0.0 0.0 0.0 0.0 0.0 0.0 0.0 2.0891564053462113e-07 2.7870994174175245e-07 0.0 0.0 0.0 0.0 0.0 0.0 0.0 0.0 8.785701456449789e-07 0.0 0.0 0.0 0.0 0.0 0.0 2.974056682139882e-08 0.0 0.0 4.219696140524756e-06 5.2012338097256467e-08 0.0 0.0 4.6378821690536636e-08 4.0169987897604997e-07 0.0 6.472195656294194e-08 0.0 0.0 0.0 0.0 0.0 0.0 0.0 0.0 0.0 0.0 0.0 4.320958908509579e-08 0.0 2.636942425465681e-06 1.4729496850508345e-06 1.942630546927819e-06 4.783307109142498e-05 1.4197126102144467e-06 6.895695047652051e-05 1.0016356953947563e-05 2.6168142898677633e-05 8.950125367413078e-06 8.091919485366158e-08 8.386831263601694e-06 8.050512941698103e-07 0.0 0.0 1.0947369151196372e-07 9.635611491454611e-08 0.0 0.0 0.0 1.281342794944919e-06 0.0 8.22195870518429e-06 1.4559464214079576e-06
0.0008190215795105356 0.0007804598604731931 1.08444582934758e-05 0.0 5.48461513917085e-05 9.77930472048996e-05 0.0003530349594812859 2.486897697382815e-06 3.9320348441819285e-05 0.0019225722085393483 1.5245211920604318e-05 0.0004884706793673137 0.001011817635799732 0.0002001385081551273 5.119766210429727e-07 3.0756926540595994e-07 7.7828085399935e-08 0.0 0.0 0.0 0.0 0.0 0.0 0.0 0.0 0.0 0.0 0.0 0.0 0.0 1.5635552782449282e-05 3.0816898509988965e-07 2.092678819880888e-06 0.0 0.0 0.0 1.1647987090490809e-05 0.0 0.0 0.0 0.0 2.5182783960680726e-08 0.0 1.489360460534994e-07 0.0 0.0 1.158241623734955e-05 1.7990004741681237e-07 3.045398280124376e-08 1.0743077268621028e-07 8.435660774154559e-08 0.0 0.0 0.0 5.457464146621914e-07 6.177494507011648e-07 9.783500186073898e-06 3.352949475662996e-05 7.267882199176865e-07 4.067884162979463e-06 6.347157811371917e-08 7.788907453004312e-08 6.198025266652119e-08 8.630653753215376e-07 6.319127755833305e-07 1.9982798524020587e-07 1.5007630202472514e-07 6.749677099393744e-08 7.037142633245765e-08 3.425193358575448e-08 5.008720023177362e-06 7.395219666509199e-08 0.0 1.567035790388174e-05 4.7172441328120834e-06 5.537240463747285e-06 1.7377120557329017e-06 6.909134042405428e-08 7.848894180632413e-08 0.0 0.0 0.0 1.0239524289361273e-06 4.338171351325874e-08 2.7026919198087323e-07 4.307431857444116e-07 8.128985226955134e-08 0.0 7.40578193282609e-08 0.0 0.0 0.0 0.0 0.0 0.0 2.5066977238460933e-05 1.1645203311155413e-05 0.0 5.031001011115747e-07 0.0001708804766936398 1.8366445649478089e-07 1.7225441204229636e-06 3.2345308016350087e-06 3.169170249293039e-05 0.0 5.960355181417159e-06 3.740627715759159e-06 2.150995210457234e-06 1.1628683032460379e-05 2.044466534893205e-05 2.7281847164140145e-07 8.125585502548486e-06 2.183085420556326e-05 6.8065724368722726e-06 2.6573632680859394e-06 0.0 0.0 0.0 0.0 0.0 0.0 0.0 0.0 0.0 0.0 0.0 0.0 0.0 0.0 0.0 0.0 0.0 0.0 0.0 0.0 1.2362368189462583e-07 4.138542492296575e-07 0.0 0.0 5.009846933073998e-07 1.7285599677201818e-07 1.2061049794801363e-06 2.945835203610351e-07 7.582152912927332e-07 0.0 0.0 0.0 0.0 0.0 0.0 0.0 0.0 4.0697934242828474e-08 0.0 0.0 0.0 4.807439416685023e-07 0.0 0.0 0.0 0.0 0.0 6.29837895050325e-08 0.0 0.0 0.0 4.599890131177557e-08 0.0 6.031140880090966e-08 0.0 0.0 0.0 0.0 0.0 0.0 0.0 2.903593294639949e-06 0.0 0.0 0.0 0.0 4.316903113994759e-07 0.0 1.0840589268767181e-07 6.742666937708083e-08 0.0 3.020888324103168e-08 0.0 0.0 0.0 0.0 0.0 0.0 0.0 0.0 0.0 0.0 5.163328194338186e-06 3.372040041064067e-07 1.0354279522053477e-06 3.514961686416768e-05 7.21707358903697e-08 1.5662972668884736e-05 1.3209323307479963e-06 8.488258325468747e-05 3.401971162744909e-06 0.0 1.6298138087145923e-06 3.220154923441745e-06 0.0 3.120422896966995e-07 0.0 4.989780221540058e-06 0.0 0.0 0.0 6.177755091143657e-07 0.0 2.5445394074271144e-05 1.210201935002106e-06
6.642289883178807e-05 0.0012004452664160653 0.0005473164641614561 5.48461513917085e-05 0.0 5.113360236421335e-06 0.000940629161524978 9.587895376885033e-06 0.0020808557022254895 9.91007394685924e-05 7.003628613731414e-05 1.6906552760246118e-05 0.0003560488007104966 0.0011125836290659151 6.573589859384805e-06 3.246837734420806e-06 6.802163257864204e-07 4.063525804388121e-08 3.9425273752334454e-08 7.086455394973462e-08 0.0 0.0 0.0 3.94744128877665e-08 0.0 3.0082928938645684e-08 1.2938156971066987e-07 1.1656316858323527e-07 0.0 0.0 0.00012156156815233143 7.803534024418278e-06 4.24297587610966e-06 0.0 8.264450777815192e-08 3.028538009311029e-08 8.805065638372619e-06 2.1887282789258814e-07 0.0 0.0 0.0 3.257208470677224e-08 0.0 3.274378838054549e-07 2.2288276480896458e-07 1.0254733923919878e-07 3.87443098611696e-05 4.2306987578525927e-07 3.221656750386056e-08 3.805137755640753e-08 6.550113350225298e-08 0.0 0.0 0.0 4.955527483485802e-07 1.731024242840146e-06 1.1231720088297528e-05 2.6463078463715665e-05 1.791862164701209e-06 8.514871466002919e-06 6.684270048193544e-08 5.294595302212714e-07 5.884471803128862e-08 2.56818831939561e-06 1.0672783071264865e-06 7.219011837250409e-07 1.516263999729905e-07 9.886104463162972e-08 6.780137807320172e-08 0.0 3.148280107528315e-06 0.0 0.0 2.1433918545325874e-05 1.1397986010759251e-05 1.7715909347023783e-05 6.8315006875773455e-06 7.9457393111148e-07 2.748823645236657e-07 1.4512038133555518e-06 6.507087886039166e-08 3.265888685825022e-07 1.599728975674238e-06 1.0063408453101444e-07 4.63861673850386e-07 9.824623189319893e-07 3.1595069284916894e-08 6.55046581160541e-08 4.0332214469408986e-07 0.0 1.5773086034395022e-07 0.0 1.3724353910887113e-07 3.388647917119015e-08 0.0 8.14302727676358e-06 0.0 0.0 1.0448671312978754e-07 1.1135285643326596e-05 9.4780768809126e-08 1.0727781949485537e-07 2.427068741075773e-07 2.7440796539614297e-07 1.7429901938377467e-07 5.125429524002545e-07 2.0472227611823685e-07 5.242172517340156e-07 6.437658463386051e-07 2.170739390890658e-06 3.6344826689421877e-07 4.059978546824315e-06 5.001027440699398e-07 1.9806959679577705e-06 4.958486665892571e-06 0.0 0.0 0.0 0.0 0.0 0.0 0.0 0.0 0.0 0.0 0.0 0.0 0.0 0.0 0.0 0.0 0.0 0.0 0.0 3.0774764906208003e-07 0.0 0.0 0.0 0.0 1.6523452988847533e-06 3.4113143091333295e-07 8.484307042408804e-07 7.543771055079839e-07 0.0 0.0 0.0 0.0 0.0 0.0 0.0 0.0 0.0 0.0 0.0 0.0 0.0 0.0 0.0 0.0 0.0 0.0 0.0 0.0 0.0 0.0 0.0 3.5658281115087103e-07 7.217924647262666e-08 0.0 0.0 0.0 0.0 0.0 0.0 0.0 0.0 4.503543403658061e-06 0.0 0.0 0.0 0.0 5.398345376845619e-08 0.0 4.423760144374635e-08 0.0 0.0 0.0 0.0 0.0 0.0 0.0 0.0 0.0 0.0 0.0 0.0 0.0 4.414465917195007e-06 9.151332796209356e-07 1.95048843032053e-06 4.8991850951178214e-05 6.226124541207252e-07 5.503440575771626e-05 6.277003255857775e-06 3.0737447747955426e-05 8.95434757983848e-06 0.0 1.179752452883822e-05 3.2294705761062537e-06 9.193497884225262e-08 4.531245528318361e-08 0.0 3.2529818423563705e-06 0.0 0.0 0.0 0.0 6.373280755679436e-08 1.3553426526069128e-05 1.3463498429914973e-06
6.709301054702269e-05 3.105912518295697e-05 1.983839770098446e-06 9.77930472048996e-05 5.113360236421335e-06 0.0 1.7016528547173528e-05 1.2192731999742147e-06 2.5170869319147254e-06 0.00032174865927445936 2.1873727263480865e-06 4.649174754159653e-05 6.977913176995391e-05 3.214612447404379e-05 0.0 4.365458459945529e-08 0.0 0.0 0.0 0.0 0.0 5.95695383649842e-07 0.0 0.0 0.0 0.0 0.0 0.0 0.0 0.0 3.325389766235415e-06 0.0 1.9318630528826224e-05 0.0 0.0 0.0 2.1214063406409413e-05 1.6119097776375817e-07 1.1223887547109547e-06 2.1082625033556882e-07 0.0 0.0 0.0 0.0 0.0 0.0 1.3450211532954066e-06 1.4438833351792727e-07 0.0 0.0 0.0 4.347370723566437e-06 0.0 5.5705444643157e-08 5.250040161424452e-08 1.454684598092082e-07 7.708563580166896e-05 4.218770778925845e-06 1.9864672163172626e-07 3.4679290983496237e-07 0.0 5.29735998265559e-07 0.0 7.985941467045574e-08 0.0 6.155472065990074e-08 3.353424639903729e-08 0.0 0.0 0.0 4.320650759453886e-05 2.815378147481773e-05 2.1021817776993394e-06 1.3144774346370435e-06 4.245181419111436e-07 7.678101813409443e-07 0.0 0.0 0.0 2.9147707391786204e-07 0.0 5.010363181926308e-07 8.6642476055217e-08 9.023692235240301e-08 0.0 2.0101837001674873e-07 3.797159337979851e-08 7.269280267046914e-07 4.672260349212734e-07 4.095387080403256e-06 6.893725576800624e-08 1.3123594658450078e-06 0.0 0.0 1.6068939454588453e-07 0.0001704772793081204 8.699462140074244e-05 6.921031784312793e-07 1.501633503493526e-05 0.0001674180960463871 2.865896181283353e-07 5.311831734395522e-07 2.2605739487718193e-06 5.767168494585114e-06 9.814191634665891e-08 4.105224407741811e-06 2.0288169587923306e-06 3.071139541746234e-06 3.913283370936205e-06 2.053876832408965e-05 1.365209032833516e-06 2.1352702770715345e-05 4.993918806860173e-06 1.2469555419437697e-05 1.6757882868834947e-05 8.66195718530531e-08 0.0 0.0 0.0 0.0 0.0 0.0 0.0 0.0 0.0 1.9154183812049e-07 0.0 1.161732270734453e-06 0.0 8.775332609826219e-07 0.0 6.436724382853332e-08 3.6008821609611985e-07 4.235600286053383e-07 3.048183130155258e-07 2.664917638245048e-07 0.0 4.293407424917129e-07 0.0 7.0605878752032015e-06 8.383331544917625e-07 4.071970747224038e-06 4.763848014694545e-06 1.9961770961672915e-06 0.0 0.0 0.0 0.0 2.780225783875653e-07 0.0 0.0 0.0 2.4450852183293704e-07 0.0 0.0 0.0 1.2604385246297658e-06 0.0 0.0 0.0 0.0 9.276113905715843e-08 3.525556591872838e-08 4.3821341081311985e-08 3.279629760237555e-07 1.862910027506316e-07 2.2732645783083072e-06 4.3825331592339676e-08 0.0 0.0 0.0 0.0 0.0 4.3364304583351274e-08 0.0 0.0 1.7928234738883623e-05 3.763322408859659e-07 0.0 0.0 0.0 1.407781592827525e-06 7.567185284487105e-07 1.2702230666806833e-06 5.234429073932658e-07 6.918992254093576e-08 0.0 0.0 0.0 0.0 0.0 0.0 0.0 0.0 0.0 0.0 0.0 2.3922319967967163e-05 4.3800097151662245e-06 6.234885472326111e-06 9.592131585036749e-05 1.6051132341709658e-07 1.551018150269512e-06 1.8448804125296834e-07 5.07470506937063e-05 2.435867473532961e-06 0.0 6.905894928109773e-07 3.5712088887982105e-05 5.215531356415641e-08 3.6438332552173754e-07 7.79121147394719e-08 3.1442626404394976e-05 6.19676936978047e-08 1.920109659536777e-06 0.0 0.0 0.0 5.7492151530613935e-05 4.461919442248859e-06
0.0003965726947007848 0.0015277141792896325 0.00010276035402584048 0.0003530349594812859 0.000940629161524978 1.7016528547173528e-05 0.0 4.065338665478408e-06 0.0009127037415290644 0.00039178328495405784 2.1702153915052e-05 0.00015913373873018946 0.001992445544578041 0.0003363769003801665 5.12327365837772e-06 2.8162327494201647e-06 2.8862046703277155e-07 1.0182915721753904e-07 3.164226669960962e-08 4.115349491727643e-08 7.404124959211555e-08 0.0 0.0 0.0 6.779277778402533e-08 0.0 0.0 0.0 0.0 0.0 0.00010839907354674281 2.743509190298312e-06 3.4727974465653177e-06 0.0 5.972678012584092e-08 5.3627658763471525e-08 2.339807014104632e-05 5.090064365166024e-08 1.0019623952626293e-07 3.296669387014278e-08 2.6788277378563668e-08 0.0 1.4150385382484655e-07 4.25660764987533e-07 1.4228938838034888e-07 2.5105472801275654e-07 4.828703802984904e-05 8.754182843504145e-07 1.7566694572890382e-07 1.5369662442750178e-07 0.0 0.0 0.0 0.0 7.851048969774206e-07 3.0988442216068518e-06 2.0196244747409833e-05 6.531124221068033e-05 2.2343368770064177e-06 1.4163392987080198e-05 1.423392335960498e-07 2.831853649691431e-07 1.3494496424413197e-07 4.348183320673882e-06 2.2855679459675008e-06 9.573332260094575e-07 3.1245460584845167e-07 1.8886712503646267e-07 1.5179240696800445e-07 9.872189183700505e-08 9.71859937995761e-06 0.0 8.695700298350434e-08 4.565381539439713e-05 2.049822519360511e-05 2.313274711658684e-05 8.206338146378073e-06 1.0757459458130142e-06 2.453415807993222e-07 6.062074748610678e-07 1.0151632893317718e-07 1.8871675019559772e-07 3.163571358020946e-06 1.527661350653294e-07 1.3563130899071816e-06 1.4101147656254383e-06 4.0536743930632164e-07 9.734676578815083e-08 5.234041974106574e-07 0.0 1.7685817548675202e-07 0.0 4.947850538949529e-08 8.823736669398075e-08 4.3932635536804463e-08 1.817638728021492e-05 9.40063417065088e-07 0.0 9.780660027386546e-07 2.751972553147933e-05 8.077922312167586e-08 9.199450054078559e-07 5.2586326547801606e-06 4.900837746884478e-06 1.2366117070562177e-07 1.9753472420824413e-06 6.18702210529522e-07 1.8736316509310959e-06 4.108578943011253e-06 1.4927960648156322e-06 4.5844953820501077e-07 7.2892027211731365e-06 2.394598195920451e-06 2.856395197017128e-06 4.9570648054324786e-06 0.0 0.0 0.0 0.0 0.0 0.0 0.0 0.0 0.0 0.0 0.0 0.0 0.0 0.0 0.0 0.0 0.0 0.0 0.0 0.0 6.176012172512793e-07 0.0 0.0 0.0 1.95681162220494e-06 0.0 1.3841758044220728e-06 8.198154875732281e-07 0.0 0.0 0.0 0.0 0.0 0.0 2.1412474482432724e-07 0.0 0.0 7.942817325248095e-08 0.0 0.0 0.0 2.2529843614124153e-07 0.0 0.0 0.0 0.0 4.22646829528438e-08 2.8783802013155965e-08 0.0 0.0 0.0 2.3701370838699718e-07 0.0 0.0 0.0 0.0 3.88474136090233e-08 0.0 0.0 0.0 0.0 7.48335955940082e-06 3.975109507115189e-08 0.0 0.0 0.0 4.1802458501169937e-07 0.0 0.0 9.103075913860757e-08 3.436775100624785e-08 8.194635644346359e-08 0.0 0.0 0.0 0.0 0.0 0.0 0.0 0.0 0.0 0.0 5.590323471290253e-06 1.7039178097437165e-06 1.8847489021268473e-06 4.982965276579878e-05 1.1298935314124912e-06 6.27962361378307e-05 4.467810981799728e-06 5.1623999172643946e-05 8.82213275887325e-06 0.0 7.612068228827726e-06 3.91155053420557e-06 0.0 3.692434322759325e-07 4.484878915450178e-08 5.180568246629255e-06 4.7672369424393755e-08 0.0 0.0 4.523570580484486e-07 0.0 2.3273949676700895e-05 4.239422903346956e-06
4.336050235557231e-05 4.119536793547849e-05 0.0008862667188162797 2.486897697382815e-06 9.587895376885033e-06 1.2192731999742147e-06 4.065338665478408e-06 0.0 0.00023074462544476047 4.313903728419237e-06 0.0007429289935133351 6.286304428089227e-07 2.6076353719623354e-05 0.0004482523901954569 5.8870262131570475e-05 4.014438368789959e-05 3.5758664431159354e-06 2.4427885244161668e-06 2.1523366414296516e-07 8.010788399875091e-06 2.2985460320671488e-05 5.000061123551121e-07 1.2752800870680207e-05 9.944468522838781e-06 1.2803466007624491e-05 3.6273000674072605e-06 1.2029873732068124e-05 8.464408774425562e-07 7.885603930439935e-07 9.826433330264879e-07 0.0009136828051711354 0.001451924801609321 5.379411905333674e-05 5.2084719109059705e-06 6.489961614821515e-05 1.8219675857689434e-05 1.1282517984248096e-05 1.4890020533223918e-05 2.107317576967035e-06 1.1065636757035817e-06 1.1721769975473724e-05 5.277148799574837e-06 3.175710990295827e-06 5.300201504309361e-06 9.32880983368913e-07 5.908006323727504e-06 0.00020326762381608262 1.4678140709845212e-06 7.371166926399789e-07 2.4781813100900955e-06 1.4099470281550112e-06 3.314590745995591e-07 3.710636782713247e-07 5.800974251997698e-07 1.1419495221132287e-06 3.1046854326821637e-06 3.5703011276968895e-05 0.0001453079563105495 4.667536738770841e-06 3.456743612309071e-05 8.988981340798475e-05 0.00014299637904132233 2.0149753810879554e-05 0.00041795197505336895 3.211393815802817e-06 2.0175295928927883e-06 6.102132331712629e-07 1.6360597745164822e-06 4.941986197957869e-06 2.9274902766251976e-05 9.647198586981397e-07 1.2211319620695185e-06 2.1505363971835147e-07 8.819361832224392e-05 8.345836440257815e-05 0.00011089664353163848 0.00011986086307147397 0.0003357897665323039 0.0002703456018461777 0.0006989456178532827 2.575076547674514e-05 0.0005615419024416134 4.810266993253486e-06 3.1611838691302197e-07 2.1421704166930727e-06 2.6560689390337517e-06 1.3206219853196615e-06 3.537845282322509e-08 7.93776500260956e-07 3.992312979239545e-08 5.864783449337023e-07 4.0408355387581595e-07 3.431843295181191e-05 1.6065761199203184e-05 3.0379265734446117e-06 1.1783919453009274e-06 4.8355264795240294e-08 0.0 8.50530401759073e-08 1.8210147246585805e-05 3.856106044097187e-08 9.434403790643803e-08 4.4256361764988114e-08 0.0 0.0 1.90278585281447e-07 0.0 5.1574186352716016e-08 1.7979196794156046e-07 1.3815295892007e-07 4.7188846235036175e-08 3.5064796052055934e-07 2.3085560617200562e-07 4.7341589627950573e-07 1.3102548315524765e-06 0.0 0.0 0.0 0.0 0.0 0.0 0.0 0.0 0.0 1.9893578336998935e-07 9.270491191758486e-07 0.0 0.0 0.0 0.0 7.630463966680161e-07 2.7026817337327227e-07 0.0 0.0 0.0 0.0 0.0 1.416867315082516e-07 0.0 1.2864964603584334e-06 3.0123509744589484e-07 1.62518563775363e-06 1.6448975786777289e-06 7.546460265959552e-07 5.282168434169445e-07 1.0365739870384462e-07 0.0 4.812440548504065e-08 0.0 0.0 5.897988610242884e-08 0.0 0.0 0.0 0.0 2.630500363231746e-07 8.768696091928734e-07 1.3221530682947849e-06 2.5697053473221027e-08 0.0 0.0 0.0 0.0 0.0 3.3888221221689534e-07 0.0 6.865323671612229e-07 7.114552180885021e-08 0.0 0.0 0.0 0.0 0.0 0.0 4.9967448613047796e-08 4.5297819165217167e-07 2.793953599026743e-06 6.193630785109975e-08 1.4406335718041514e-07 4.7404553757171374e-08 7.433008937809739e-07 5.43321416704068e-08 0.0 4.794414550741924e-07 0.0 6.170103843299135e-08 3.873051970549707e-08 4.7419965984679284e-08 0.0 0.0 0.0 7.177694566436017e-08 0.0 0.0 4.01337934706429e-08 1.665687715747456e-07 1.5401133655717112e-07 6.949806031092148e-07 2.559958412726817e-06 2.624465897408094e-06 0.00012251335817075806 7.414851626480221e-06 0.0002034798331431045 2.707749747558345e-05 3.169677310131162e-05 2.361026205190386e-05 5.341341317474545e-07 2.5709640693829615e-05 1.3434322614451564e-06 4.9990650873685813e-08 1.0237029829309818e-07 8.854446241681555e-08 3.138625183294622e-08 0.0 0.0 3.80449041893525e-08 1.8862689077443105e-06 2.763016987211564e-07 9.816522272519888e-06 8.424238594670898e-07
0.00012690609335647073 0.0022317563527789012 0.0021290799530050124 3.9320348441819285e-05 0.0020808557022254895 2.5170869319147254e-06 0.0009127037415290644 0.00023074462544476047 0.0 4.917441422629958e-05 0.0004403395745159973 1.4552174357794301e-05 0.000397976909517559 0.0007073599755346273 4.6578749881299605e-06 2.362105302167111e-06 5.714730309060133e-07 0.0 1.2622653394866762e-07 5.706475333648023e-08 0.0 0.0 0.0 0.0 0.0 0.0 0.0 0.0 0.0 4.289324197447601e-08 0.0003543134661254171 1.2570209271322468e-05 3.8131442081608548e-06 0.0 1.1633965945288353e-07 0.0 8.80919018600673e-06 1.9727726448142402e-07 0.0 0.0 0.0 0.0 0.0 1.1254144244138617e-07 8.661512412611361e-08 7.437061288736367e-08 2.1291218594419357e-05 2.8772290011002034e-07 3.371775203087815e-08 6.467294764723159e-08 6.327525886126154e-08 0.0 0.0 0.0 2.5714344047870355e-07 1.253576752657657e-06 1.0816301047994336e-05 3.962899649659405e-05 1.3830529110804092e-06 6.4489499485694566e-06 0.0 4.968144182945616e-07 5.377368426563121e-08 2.4805283787792013e-06 8.731219984590061e-07 4.84438706345526e-07 1.9973666649002448e-07 1.9856504782226657e-07 1.0016441672004737e-07 1.8481948227622074e-07 2.150098233863888e-06 7.080427668743852e-08 0.0 1.9501105008566253e-05 9.817972836300415e-06 1.310324341103665e-05 4.599393117225031e-06 6.978396436562157e-07 1.0143141120576102e-07 2.2709728518434217e-05 2.553554050549204e-08 2.0256661016365095e-07 1.6563091698511303e-06 8.312607767168377e-08 4.794538664605576e-07 8.854956413613521e-07 9.215544661865939e-08 0.0 4.1121263221134685e-07 0.0 0.0 4.775837231615758e-08 1.2576381408329688e-07 0.0 6.856853717908423e-08 4.401866597727386e-06 0.0 0.0 0.0 2.0553627812285413e-05 4.15391767952805e-08 0.0 4.4101339526943734e-08 5.368037170682175e-08 1.734646842641167e-07 4.0143536220844447e-07 0.0 2.097475940802575e-07 1.4350298120507292e-07 1.3658865342141123e-06 3.876771798182503e-07 1.7945163001754336e-06 1.7981074562543176e-07 1.1186334783761356e-06 1.6464900009293232e-06 0.0 0.0 0.0 0.0 0.0 0.0 0.0 0.0 0.0 0.0 0.0 0.0 0.0 0.0 0.0 0.0 0.0 0.0 0.0 0.0 5.382748526710067e-08 0.0 0.0 0.0 9.562104947190029e-07 2.712617787876741e-07 6.241746596093384e-07 2.563956059795235e-07 8.374863790480233e-08 0.0 0.0 0.0 0.0 0.0 0.0 0.0 0.0 3.301771685088233e-08 0.0 0.0 0.0 2.673121972654268e-07 0.0 0.0 0.0 0.0 0.0 0.0 0.0 0.0 0.0 8.050525240227373e-08 0.0 0.0 0.0 0.0 0.0 0.0 0.0 0.0 0.0 1.6479974186403536e-06 0.0 0.0 0.0 0.0 2.614531837072704e-07 0.0 0.0 0.0 0.0 3.788370085518403e-08 0.0 0.0 0.0 0.0 0.0 0.0 0.0 0.0 0.0 0.0 1.3633467634870408e-06 1.3141098098937834e-06 7.254706017917132e-07 3.1279969841282346e-05 4.5846304633080986e-07 3.720777831058207e-05 4.295765319205769e-06 1.72040359526011e-05 5.363072355696637e-06 6.131843552796294e-08 4.979705005920102e-06 1.649959748820995e-06 5.3403142600605166e-08 0.0 0.0 1.346420740395542e-06 0.0 0.0 0.0 1.4565862979702928e-07 2.315054778214252e-07 7.048208219043486e-06 3.543789552179358e-07
0.0008978815701327201 0.0005691436919098208 8.372478387998825e-06 0.0019225722085393483 9.91007394685924e-05 0.00032174865927445936 0.00039178328495405784 4.313903728419237e-06 4.917441422629958e-05 0.0 7.550920676299916e-06 0.0009717540257586561 0.0026824983102237835 0.0005005354158300192 8.138290395485159e-06 2.8724109408472643e-06 6.412349218712957e-07 3.030418382092594e-08 3.021058188495716e-08 1.7529447391822485e-07 3.812513400678694e-08 0.0 0.0 0.0 3.7809426998443677e-07 0.0 0.0 0.0 0.0 0.0 2.542241008214311e-05 1.8666809736143146e-06 0.00013262022325133177 3.6282044578434294e-08 2.0238114255466958e-07 0.0 0.00020710777946494668 2.4299247344812858e-06 5.748871402512537e-07 5.578088526860392e-08 0.0 0.0 0.0 1.1275321443415402e-07 7.833267524649449e-08 5.803544876117502e-08 7.260109050625207e-05 7.327138046913554e-07 1.3640285794810827e-07 6.137235228029617e-08 3.1749012146156844e-08 0.0 1.1622974243266968e-07 9.365912847056229e-08 8.539351005590905e-07 3.6165606067743773e-06 4.373082799765509e-05 7.844541630998171e-05 3.501214066582268e-06 1.828247449211282e-05 9.337447973397956e-08 1.3935484499181187e-06 0.0 2.044079954499121e-06 2.4196302520001323e-06 1.180025152369363e-06 3.903679417595363e-07 7.40526597335094e-08 2.297465045457573e-07 7.308505775064821e-08 0.00025704071363013105 0.0 1.105933988111028e-07 4.553873675089786e-05 1.790903457304095e-05 2.4022480828241922e-05 4.590043992304497e-06 1.0607078164154528e-06 3.148771904010659e-08 2.6813682985830833e-06 3.7990255312806074e-08 4.5778756480278646e-07 3.5229590527834425e-06 2.8161867702833126e-07 1.1375731787314337e-06 1.420101808024937e-06 2.1532695644537342e-07 0.0 3.734326528113947e-07 0.0 1.625344777828652e-07 0.0 2.3270522973661678e-07 4.010013311946536e-08 0.0 8.99604717025766e-05 1.3419094207996635e-05 0.0 2.2732510994096014e-05 0.0003401199636503626 3.730181865873484e-07 9.32907860719475e-07 1.9874311330819987e-05 5.0987078172607396e-05 2.1352185645050245e-07 7.132354180469412e-06 1.648258156142258e-06 2.9637383925998277e-06 3.370626957413219e-06 1.0766509187654048e-05 2.0474563001250637e-06 2.203678496121181e-05 3.861118030453476e-06 1.3540538544203723e-05 2.0006412695682347e-05 4.673512599932181e-08 0.0 0.0 0.0 0.0 0.0 0.0 0.0 0.0 0.0 0.0 0.0 1.2325668220603046e-07 6.039759689405548e-08 0.0 0.0 2.4727088436476494e-07 0.0 6.129187070473309e-08 2.733746342853033e-07 6.986959888026148e-07 0.0 5.856172105953153e-07 0.0 8.360403292618028e-06 7.080613217378437e-07 6.6425945081994565e-06 3.873089928151701e-06 1.1331709997568504e-06 0.0 0.0 0.0 0.0 0.0 0.0 0.0 0.0 1.4893075045148295e-07 0.0 0.0 5.963617034969999e-08 1.2998617698482132e-07 2.017470824732378e-07 0.0 0.0 0.0 0.0 7.390480536770249e-08 4.155121777888175e-08 0.0 2.77106039898246e-07 3.1872993590821138e-06 2.1689183867271082e-07 0.0 0.0 0.0 0.0 0.0 0.0 0.0 0.0 2.864786840052817e-05 0.0 0.0 4.880234671891879e-08 0.0 1.7860415775360449e-06 9.589192790697741e-08 4.219355694084303e-08 9.463750396506667e-08 2.0345895961621875e-07 3.293731051338067e-08 0.0 0.0 0.0 0.0 0.0 0.0 0.0 0.0 0.0 0.0 2.184726444859344e-05 6.253505752385357e-06 7.196134237528787e-06 0.0002826647695445731 1.7475886515519851e-06 0.00010996695321504123 1.2599117111961214e-05 0.0004118855563397867 2.6371035833676357e-05 2.599057161973837e-07 4.399238816699193e-05 2.6505922106445028e-05 0.0 1.09616130184233e-06 9.373107920746728e-08 1.8841833104175847e-05 0.0 1.7055397831908256e-07 0.0 8.348826443936455e-07 7.559900214500048e-07 0.00016337202885796477 1.3048338759806611e-05
9.465275339477224e-05 0.0001325586575401274 0.0010350750065641378 1.5245211920604318e-05 7.003628613731414e-05 2.1873727263480865e-06 2.1702153915052e-05 0.0007429289935133351 0.0004403395745159973 7.550920676299916e-06 0.0 9.4263241951529e-06 0.0003345157619138423 0.0011457846537188373 2.0632157200337306e-05 1.6810587081676303e-05 9.633093707604108e-07 7.092921527599515e-08 1.0167338259888031e-07 1.7984226747940158e-07 5.976605236827009e-07 6.245710455484675e-07 5.532345116642625e-07 1.1309222845766697e-07 1.543753027050048e-06 2.3612677607485271e-07 1.4569746942060517e-06 4.188130046574805e-07 1.2431731894562804e-07 6.245269560444663e-08 0.0006268965119143116 0.00022153115868163133 0.00012854026837992924 8.02619122551906e-08 2.098460208016044e-06 1.122803773645375e-06 4.80449119675318e-05 1.2926378307860706e-05 9.056503611707696e-07 4.699164785476841e-07 9.497679173937243e-07 3.1384607013172374e-07 1.6221282060137103e-07 1.2181303338210113e-06 1.333903867374396e-07 3.6892642827916096e-07 6.267212787073254e-05 5.792111700301782e-07 1.4172418848776e-07 1.3318384668371314e-07 3.199578430635007e-08 1.2288893013682075e-07 0.0 0.0 7.488399372264755e-07 1.731843023937488e-06 1.7310393905769302e-05 6.962955624378476e-05 2.279593088944907e-06 8.782972771631769e-06 3.6343479928122183e-07 4.617032586102221e-05 5.150630454804891e-07 2.1561674431774255e-05 1.4156244488643503e-06 8.124341953400222e-07 3.557826022796172e-07 2.4048786349280603e-07 5.70258306616596e-07 1.7302158069762516e-06 8.640321181436123e-06 2.4547425443934864e-07 0.0 3.0799926455672725e-05 1.905777506521671e-05 2.7694105443354233e-05 1.5631897474347938e-05 4.086682152446048e-06 4.518684777038539e-06 0.0007070392281809662 0.0 0.00010626048719060065 2.664516344469296e-06 4.1026556732548614e-08 1.1190400388161882e-06 8.520072699233892e-07 4.3976309784581907e-07 7.39786573125445e-08 4.413611050765892e-07 0.0 1.385410947163855e-07 5.6404886599976126e-08 2.2622408798544075e-06 1.624326155758823e-06 5.70672454525767e-07 3.850271410564707e-06 0.0 8.312126243575191e-08 1.2121157858272385e-07 2.994889372120894e-05 0.0 0.0 0.0 4.0206332800690003e-07 0.0 2.696131334477864e-07 8.06146369685144e-08 2.531120144144725e-07 4.547842726356127e-07 3.5374920396240696e-07 1.6041901789080172e-07 6.9895240590353e-07 3.9844851245146615e-07 9.64630918628208e-07 2.631681933580015e-06 0.0 0.0 0.0 0.0 0.0 0.0 0.0 4.259612686986776e-08 0.0 0.0 0.0 0.0 0.0 0.0 0.0 5.522931504022126e-08 5.4707816886239955e-08 4.709303056379825e-08 0.0 2.8875513448142603e-07 0.0 0.0 0.0 0.0 7.865099156868376e-07 0.0 1.1524534847200475e-06 9.118641713827107e-07 2.998946532495907e-07 6.335099754518262e-08 7.330436223087435e-08 0.0 5.032197035853124e-08 0.0 0.0 0.0 0.0 0.0 0.0 0.0 9.583779701554628e-08 5.788985443098279e-07 4.991585845307586e-08 0.0 0.0 0.0 0.0 3.637817567077595e-08 0.0 4.4714347420031556e-08 1.3517794468890977e-07 2.966409832828182e-07 0.0 0.0 0.0 0.0 0.0 0.0 0.0 0.0 4.115848088573232e-08 3.028926269539523e-06 0.0 0.0 0.0 0.0 2.8119475685248846e-07 2.119386740116067e-07 0.0 0.0 0.0 0.0 0.0 0.0 0.0 0.0 0.0 0.0 0.0 0.0 0.0 0.0 1.8783698922821667e-06 2.4249755082433205e-06 2.8452428385844024e-06 5.944087078711392e-05 1.1874629440460495e-06 7.109461410728965e-05 1.0812119290495812e-05 1.82234822785434e-05 8.860115718987869e-06 0.0 1.2230967264908246e-05 1.2592148643736676e-06 0.0 3.369836086742898e-08 0.0 4.3878034696866497e-07 0.0 0.0 0.0 2.305487951962956e-06 7.223932580094576e-07 7.136807003340655e-06 9.853825453855665e-07
0.00019508568638150744 0.00018524861361961234 4.766044815612334e-06 0.0004884706793673137 1.6906552760246118e-05 4.649174754159653e-05 0.00015913373873018946 6.286304428089227e-07 1.4552174357794301e-05 0.0009717540257586561 9.4263241951529e-06 0.0 0.0004128501155420734 4.955757368463105e-05 1.702880988744335e-06 9.106192476929421e-07 4.016908012145609e-08 0.0 0.0 0.0 0.0 0.0 0.0 0.0 6.25040774128638e-08 0.0 0.0 0.0 0.0 0.0 4.835286811573098e-06 7.856266092704997e-07 4.2919534184165374e-05 0.0 0.0 0.0 0.00020089351748317177 2.5543068478666674e-06 7.584127680538282e-07 0.0 0.0 0.0 0.0 2.2747729567515067e-07 4.7121884360358705e-08 0.0 8.962214520736278e-06 7.859435611793828e-08 3.189678548635909e-08 0.0 0.0 0.0 6.451646405453237e-08 0.0 3.911790312119821e-08 4.4023751144219964e-07 4.510135779963658e-06 9.14489265543976e-06 5.068890464788858e-07 3.2475017681884046e-06 0.0 3.3708865431940288e-06 0.0 3.4341614750591006e-07 3.0196251928025315e-07 1.014630835358537e-07 2.7476161611637676e-08 6.5112210600064e-08 0.0 0.0 0.00014698003012298823 4.2603879283967174e-08 0.0 4.789723463398973e-06 2.171711596864125e-06 2.7946905297945584e-06 1.3016323616168299e-06 2.1727535890333443e-07 0.0 2.9947597745600714e-06 0.0 6.878577029760362e-07 4.863293288660766e-07 0.0 2.8922361584603974e-08 8.99376282377847e-08 1.027061552118025e-07 3.3723079464382093e-08 6.391250209144636e-08 0.0 0.0 3.066360761548907e-08 1.0705928186410161e-07 0.0 0.0 0.00018539788911086137 2.7395110715451244e-06 0.0 2.260080404451433e-06 2.195379944270775e-05 3.813328691887494e-07 6.400982339204448e-07 1.0978009938529071e-06 1.0410500196941343e-05 3.142712896110121e-07 2.3324895755460344e-06 4.0879490919501e-07 2.4585318196507595e-06 3.227540239464352e-06 8.179856125528583e-06 1.456009054200331e-06 1.878475512340941e-05 3.0358992260038036e-06 1.0920460128304287e-05 1.617771712168785e-05 4.421862987717827e-08 0.0 3.838894180035209e-08 3.2051318677004155e-08 0.0 0.0 0.0 0.0 0.0 0.0 0.0 4.251811946901725e-08 0.0 0.0 1.5811013541164596e-07 0.0 0.0 2.796551893390525e-07 0.0 3.783875884607141e-07 5.275777510667115e-07 0.0 0.0 0.0 6.750337241038549e-06 6.13047665084631e-07 2.3200380641438747e-06 2.0570256323825597e-06 2.806045692421883e-07 0.0 0.0 0.0 0.0 0.0 7.487754379514241e-08 0.0 0.0 1.0837286317870167e-07 0.0 0.0 0.0 4.7558619314326916e-07 0.0 0.0 0.0 0.0 0.0 1.0738277948432934e-07 0.0 0.0 0.0 1.4540183100764116e-06 0.0 0.0 2.8882117903050834e-08 0.0 0.0 0.0 0.0 0.0 0.0 2.2481105564116277e-05 5.693797141541846e-08 0.0 0.0 0.0 1.0319052888063143e-06 5.4499557932186856e-08 4.858885582582436e-08 1.2936017026973473e-07 2.52853942076206e-08 1.5342140649254275e-07 0.0 0.0 0.0 0.0 0.0 0.0 0.0 0.0 0.0 0.0 2.0772968354693148e-05 5.345033440138102e-06 4.995729792786467e-06 2.487573273247792e-05 1.7685093816399626e-07 1.2622799148354388e-05 2.4802206695767887e-06 5.6652848334689835e-05 2.5403743099504113e-06 3.9741859888487866e-07 2.0685557611217524e-06 9.899731676344612e-06 4.3663943924920683e-07 7.229349431140767e-07 1.0010055118097512e-07 1.1616986763612681e-05 4.634260903281347e-08 0.0 0.0 2.5396689820621707e-07 2.3744002460571953e-07 5.5407675566424965e-05 1.1466628255194597e-05
