0.0 7.733661387861191e-08 0.00010980780398524287 1.926521303277589e-07 7.408044531586656e-07 1.866597224800691e-06 0.002077350061429015 0.0002924253197152526 7.617619163320342e-08 0.00015564310737728853 8.236106950572821e-07 3.535319307716349e-07 0.0 0.0025077497510199893 0.0 1.1771869718670935e-07 0.00010877250660833418 5.416992037310803e-07 6.5534027056551035e-06 5.5038626384400374e-08 3.507014807663085e-05 1.8087170055348786e-07 0.0001892336101580431 3.421681431405643e-06 0.0 1.81677519717032e-05 8.145882941824804e-06 1.1350433103739895e-05 0.00201317933204175 0.0015139633372702477 5.4839872447500164e-08 3.4746438683744204e-06 8.320677269090567e-06 2.199130651298777e-05 0.0 5.075909649661161e-06 9.472225865721926e-07 1.1367088291374632e-05 3.7442301592084196e-06 6.930949062172825e-08 0.0 0.0 0.0 0.0 6.53668261477284e-08 8.757348630133373e-07 0.0 0.0 0.0 5.376883717002916e-07 6.864597656842192e-08 2.9788342494307526e-07 0.0 0.0 0.0 0.0 0.0 0.0 1.1325562522994756e-07 2.0648421349358133e-07 0.0 5.063349941939274e-08 0.0 3.036155193050814e-07 6.634675871016566e-08 3.8841513336563173e-07 2.1418311722633065e-06 0.0 3.207156617120829e-07 1.3290389771534493e-06 7.265089034582164e-07 1.4558997670213074e-07 4.2482183905762436e-07 0.0 0.0 6.643660893915907e-08 5.953706402640995e-08 0.0 5.218504008520723e-07 0.0 0.0 1.9313887666444048e-07 0.0 0.0 0.0 0.0
7.733661387861191e-08 0.0 2.7452842940794833e-05 3.0651155003053625e-07 1.6594595937296397e-06 3.174548736146951e-07 1.4551463747191857e-06 1.5220661434578195e-06 0.0006431407595879195 2.1966631151012005e-07 3.8231397503176154e-05 5.147667769171624e-06 0.00015854952172104448 6.428820310247837e-08 1.5406185434285892e-05 3.4378423605894315e-05 5.673053076039039e-06 4.4257244295088246e-07 1.661474218926509e-06 1.6635913733217952e-07 3.1102952636137567e-06 0.0016820017361312137 6.186907978673248e-06 0.0005100542271508153 0.0014142314275530383 9.188510818781489e-05 0.004662536273580757 8.82338769383897e-06 2.2629389136123245e-07 2.5296339137407455e-07 1.2074025395913449e-05 6.326829092411529e-08 8.459226270828745e-08 4.971928366001909e-06 1.0534919922402161e-06 7.951080005295617e-06 5.384136180912832e-05 1.9085508908862338e-05 3.4731658321074785e-06 3.62302832356138e-05 6.144950560266552e-08 9.16691622315115e-05 0.0 6.001267248387388e-08 1.0462766233055582e-05 6.596432499153755e-05 2.264127855366489e-06 0.0 8.0344382983959e-08 2.649248385379632e-07 2.6496750338682414e-07 5.970712104238177e-06 2.5426701825940426e-07 2.548360672190451e-06 2.957961443479379e-07 1.3235018960821153e-05 2.129110173106442e-07 0.0 6.053252713554913e-06 1.0231216374156513e-05 4.118083970192612e-07 3.186996462650489e-06 5.969189689243267e-07 4.377156784860732e-07 6.016125557531449e-06 9.658097661469342e-06 6.074960542889635e-06 4.635566239584567e-06 9.809789874381188e-05 0.00045361097626948454 2.754253723480923e-06 3.0786925050222325e-07 1.693394983817073e-07 3.103378649959481e-06 0.0 0.0 2.279848021543368e-06 1.472620595758883e-07 3.5486234834270727e-06 1.3896975644404742e-05 4.2220622977606505e-06 1.1385639916597323e-06 1.8229326286932686e-07 0.0 4.717426326816084e-06 0.0
0.00010980780398524287 2.7452842940794833e-05 0.0 3.293755285878219e-07 0.0 6.946253057873506e-05 0.0003046816314251195 0.000665465722908847 0.0 5.0718312310178916e-05 5.799314363136794e-06 1.130380559826204e-07 4.5498244917013645e-06 0.0005550772365682049 0.0 3.564962789599259e-06 0.0023940273219405137 2.2851725960822007e-05 0.00016198869960254856 1.8602286461736024e-07 0.0003800217882528021 1.046465377435008e-06 0.004220513131868144 6.490808310128325e-06 6.326775854749862e-08 0.004524870551257463 0.0035220959675153784 5.3191477293034976e-05 0.0001790161105281254 0.0004263726564664552 1.1036954807923678e-06 2.57681235896733e-06 5.804147058574564e-06 0.0002782741414654891 6.3076863470154595e-06 0.0005915995883124762 0.00066154309394314 0.0007205784688906607 0.00027850474828459125 3.429809279384411e-05 8.063289748642242e-07 3.166589864506322e-06 4.028455345300876e-06 1.4084936840913823e-07 0.00016213821582877901 0.0007271796315836069 0.0 0.0 1.550436591430979e-07 8.541218667659427e-07 1.0738804055199499e-06 6.979132414963128e-07 0.0 2.6420851646025676e-07 0.0 1.0253193501999814e-07 1.477550389219586e-06 0.0 1.4446917233674695e-05 0.000136861034324633 4.985312963271545e-07 2.0621389235489737e-05 0.0 2.7425604353528586e-06 4.773569205976855e-05 0.0002495863512724091 5.424285741728631e-06 1.6456847924197853e-07 0.000157309586557518 0.0010355755480479989 3.268087307700612e-06 6.803132254660548e-07 3.937337027896274e-06 0.0 0.0 0.0 1.4060019798633948e-05 5.785312867457604e-06 5.558968105642658e-05 6.607890695838849e-06 5.8578151000391594e-05 2.638203494143945e-05 7.987465075015112e-07 2.2139826807337465e-07 2.2001967415446749e-07 0.0
1.926521303277589e-07 3.0651155003053625e-07 3.293755285878219e-07 0.0 7.981372571023539e-06 4.936287711967586e-05 0.0001340400553553573 3.78021729935579e-05 0.000653673955357279 0.0026389100947444323 1.6408759185006277e-06 0.0017094482961686572 1.2792850152745136e-06 2.4248386537873885e-05 8.726859387671346e-05 1.4139915654318338e-06 7.20988312052089e-08 3.3167460167699814e-07 2.54215760665151e-07 0.002307259991614994 6.166629262996376e-07 1.3843448939591946e-07 1.0363999569016935e-06 0.0011209339124246683 2.1226023079445313e-06 6.563162887588236e-07 4.512257770051382e-06 0.0030984572328424153 7.074240952550512e-05 1.2064340152994073e-06 1.166219406466994e-07 1.921762103832744e-06 8.818551570642984e-06 3.925255192166466e-05 6.464730962352295e-06 0.0003503496464631482 9.114855975880877e-06 7.209374470155416e-05 6.65693347167344e-05 0.00021717320893890923 1.824134174697332e-06 3.0864773315389345e-06 1.6391241892830302e-06 1.5390858082662638e-07 4.48741286947304e-07 1.7439592275765922e-07 0.0002593291702839064 7.580970637225141e-08 3.5504019323468645e-05 0.00013041092292853204 1.1838943022023845e-05 0.00012290027238218615 8.638456791570088e-05 2.842504412919567e-07 7.4463255690951e-05 1.417670549371548e-07 9.08718612619535e-06 6.730894365749066e-06 6.118345739342668e-08 0.0 3.825161015745285e-07 5.2428495912022755e-08 0.00016378767937905446 7.444022356544227e-08 2.727597103246229e-06 8.232918575035245e-08 0.0002316649798085149 3.3584099041920943e-07 1.2758204343422483e-07 7.529582190403509e-07 0.000339288731592603 4.134517544385717e-06 1.6671438010657861e-06 0.0 5.468981602712269e-07 7.183433202512588e-07 4.5230448597784215e-06 1.3424302664905576e-06 1.884988134395747e-05 3.8729042705324516e-07 1.693368449512701e-05 4.441916785724892e-06 0.0001564222411582507 1.1524347281699093e-06 1.4173431564321613e-06 0.0
7.408044531586656e-07 1.6594595937296397e-06 0.0 7.981372571023539e-06 0.0 0.0002607358371036277 2.3217358947520303e-06 0.00012448927664269598 6.665072668614083e-05 6.9480701727465725e-06 6.120297102786571e-05 0.0001408500973354659 2.002579942417849e-06 6.982486364298469e-06 0.0015675273855474297 1.0381092781187982e-07 9.14762720307667e-07 5.093940946790587e-06 2.3441840684917943e-06 1.4522935379502297e-05 3.3441313765334683e-07 2.6789181778753358e-06 3.970593932005549e-07 4.12285979192982e-05 3.2951195710080597e-07 3.926205588567608e-06 3.3728099491484668e-06 1.1282626227438918e-05 5.89867626626264e-06 1.802174704011814e-07 8.637997825018861e-07 7.525475940138114e-05 0.0 0.0002207178047877523 1.2495279877331964e-07 6.178237956947044e-05 1.998332753849128e-06 0.0001835387389199505 8.088948717513105e-05 0.0013248097216350223 8.186811002571166e-05 1.5679328220408032e-07 2.314945048068494e-06 0.0 0.0 0.0 7.849966064734132e-08 0.0 2.8585706519171213e-07 6.756666143357016e-07 0.0 0.0 0.0 0.0 0.0 0.0 0.0 0.0 0.0 0.0 0.0 0.0 0.0 6.012542891729624e-08 0.0 0.0 3.496959984693421e-07 0.0 0.0 0.0 1.653224081236903e-06 0.0 8.614593381456279e-08 0.0 0.0 0.0 0.0 0.0 5.18980563990153e-07 0.0 0.0 0.0 0.0 0.0 0.0 0.0
1.866597224800691e-06 3.174548736146951e-07 6.946253057873506e-05 4.936287711967586e-05 0.0002607358371036277 0.0 0.001414617649023885 0.0038266151928116237 8.925899862275586e-05 0.0032622584823239703 0.00010243146230839164 0.0029130197507748245 1.5546413224975213e-05 0.0005177654932616906 0.0010333576344944658 3.208642321479039e-07 1.1687505074986107e-05 1.4063662366145092e-05 1.2763202995595584e-05 0.00023093362569409837 1.8987197744388948e-05 7.215222484388737e-07 3.5721136354219676e-05 0.0002392687943013951 1.8524827064997705e-07 2.817863365885718e-05 3.284308350610372e-05 0.0002953178170664424 0.00020289089316847685 1.0829527755441927e-05 7.758888334041602e-07 0.0006564709184858076 4.447098991081494e-06 0.0005324268991920997 2.9036906302654546e-06 0.000453712178332386 1.2341046574788975e-05 0.00046694046384979885 0.0002494776255277314 0.0015646509851496321 0.00015805533678944582 6.7344499457230244e-06 8.587171605264223e-06 1.4744713983968598e-07 0.0 1.0042267427554675e-06 1.106958118198003e-05 0.0 4.202117783839896e-06 7.0986829084756e-05 4.416239495626463e-06 2.1388105499986425e-05 5.472495493861164e-06 1.1544944652800878e-07 1.4485976566568998e-06 1.0301830308908378e-07 3.28378265298523e-06 2.416803414589082e-07 7.525299594119808e-07 0.0 1.188165044700418e-07 0.0 1.2233648320544893e-05 3.58422524501456e-07 6.02111219387091e-07 1.2191284936948137e-06 5.8594568094259435e-05 0.0 4.2077512297488217e-07 2.9906251165886924e-06 6.764254218420094e-05 3.1070927427360746e-06 3.94436230708997e-06 0.0 3.493013392774381e-07 1.990747358415023e-07 3.007567708206944e-06 1.683514774306725e-07 1.6576059727645737e-05 7.900282753366889e-07 1.22635993666732e-05 3.6728203074046826e-06 2.1383313162432172e-05 5.869605654309088e-07 0.0 9.07209169401187e-08
0.002077350061429015 1.4551463747191857e-06 0.0003046816314251195 0.0001340400553553573 2.3217358947520303e-06 0.001414617649023885 0.0 0.0023334805805547776 0.00010712401875028813 0.008062606055114796 9.456046902980737e-06 2.1526824026317267e-05 4.413341914470861e-06 0.0026347259736579118 8.39154161232106e-06 1.7872181961328154e-05 1.818707331544426e-05 3.6894579779807357e-06 4.6424416967903955e-06 2.922982982363759e-05 0.00033710146747926024 5.487209748430705e-06 0.00041799738917299936 0.0005122164862723271 1.6489956612789058e-07 3.4734875458959575e-05 0.00035866496322741533 0.008837314947726304 0.0011392853973970817 0.002573813767843386 2.0343986451070278e-07 1.8726210297928495e-05 0.00013130764245262584 0.0004354819441191633 4.428463279774176e-05 0.0016132155496347395 5.7857032424187343e-05 0.0005984146017375108 0.0004988058409076081 5.504488856242365e-05 1.0213593423902001e-05 9.831825909230136e-07 1.0289950866423344e-05 4.3633326453144274e-07 1.3014632647296718e-06 5.252646353012941e-06 2.017015670150454e-05 0.0 1.3860107055298062e-05 0.00017915507105698824 1.6194972655669593e-05 7.816054382685034e-05 1.0128549612423348e-05 1.3558278275978084e-06 4.822019455977001e-06 0.0 9.677523733964838e-06 2.016715008588186e-07 1.0087316356974534e-05 7.597134198404207e-07 2.450272764988242e-07 7.650313625543992e-08 1.912563163602867e-05 4.93508040882411e-06 3.45145747039614e-06 1.5026336632960417e-05 0.00014472002821721446 4.272832683350119e-07 7.559098177426664e-07 1.1753370355086116e-05 0.00015892135866991605 6.2022513062649715e-06 1.1049165454043887e-05 6.647572928054564e-08 1.841967791983032e-06 1.362534703544987e-06 5.490830866768161e-06 3.0415059983459477e-06 4.353791422878785e-05 4.300766250929694e-07 3.214648531424015e-05 9.203558909915462e-06 2.5861368018476264e-05 8.06902895536905e-07 1.8377474557436623e-07 1.5831466513555e-07
0.0002924253197152526 1.5220661434578195e-06 0.000665465722908847 3.78021729935579e-05 0.00012448927664269598 0.0038266151928116237 0.0023334805805547776 0.0 4.338050253977381e-05 0.001780861802719188 0.00011610933420459108 0.0005891829476183329 1.5952995378817733e-05 0.0029290977115566654 9.503058301033921e-05 1.3485779928811833e-06 0.00031433021678668044 1.8007645242816384e-05 3.657248380095732e-05 0.00016931755235586636 0.00011764642279730984 1.285400757038405e-06 0.00048232589685595834 0.0008454628243361041 1.4669510649892794e-07 0.0001723666245934282 0.00011313555203179391 0.000418373818636065 0.00020141870545561697 0.0004975184619184516 2.3354584624438334e-07 0.0003316915628177385 1.890648487272677e-06 0.0006345427121261322 1.5478182838405677e-06 0.00044359675660429374 1.9931208867090296e-05 0.00040478906060563825 0.00020710220664691727 0.0006186936681758538 0.0003193100275582289 5.906730274538667e-06 6.291889612005187e-06 5.463702107863951e-07 1.449299254318181e-06 1.0495065933347974e-05 2.3343574212060533e-05 0.0 1.1516323838378823e-05 0.0002731905073813674 1.3270714425363151e-05 5.644576085027971e-05 1.0185789032371505e-05 7.981336439463163e-07 3.875774420282382e-06 0.0 1.3248367762768275e-05 0.0 2.926971016066433e-06 2.83920257111308e-06 1.984868893173217e-07 5.97993898023052e-07 2.1154030648843917e-05 3.7277776062559263e-06 1.5152683618683553e-06 6.739284621228206e-06 0.00018791185229973748 0.0 2.0967527099511357e-06 1.4628925679724058e-05 0.00016715859833580035 1.023585872627393e-05 2.5308251484503383e-05 0.0 1.0166573117880428e-06 1.2633648996483322e-06 7.890871609685582e-06 2.405991219101592e-07 5.3529248139349775e-05 1.1859228565197325e-06 3.257795222685771e-05 1.54007456380363e-05 3.1019944380662764e-05 1.554526621488457e-06 3.992386675410634e-07 2.2131566563832082e-07
7.617619163320342e-08 0.0006431407595879195 0.0 0.000653673955357279 6.665072668614083e-05 8.925899862275586e-05 0.00010712401875028813 4.338050253977381e-05 0.0 0.00011053142478291527 3.5364385595033997e-06 0.00015650364478857307 7.520727739874369e-06 1.120976870818524e-05 0.0004223546216649108 2.9500682661792562e-05 7.283538639633203e-07 1.80872195570342e-07 4.405872572469226e-07 0.00013786086273523027 1.5113349710214206e-05 0.0010874957370381694 2.1952393672392507e-06 0.004832414105990252 0.00012810348025316527 7.323363917709852e-06 0.0005669033189776391 0.0009136105945727537 9.844495552723369e-06 6.743745401630532e-05 1.6259283008441307e-06 2.401651644509993e-06 1.435535511498049e-06 6.506218408955707e-06 0.0 9.085593830698532e-05 7.674849785044409e-06 1.2327950955282856e-05 4.18742841087223e-06 0.00034621371812539823 2.5103129109075195e-06 3.6497075688682896e-06 4.0443093668370915e-07 2.048585888855772e-06 4.291370672259472e-06 2.1229114646498116e-06 0.00011837143621749203 5.863565234496519e-08 1.8226798660825982e-05 0.00015438208259042853 1.6996645455304244e-05 0.00021168850730077923 2.5573358881521164e-05 6.517772177050432e-07 1.74350996148772e-05 1.878107454762107e-06 1.7027275697246203e-05 2.000454666944172e-06 5.6283126775484414e-05 3.629504296561968e-07 2.1418560165054192e-07 5.470265190754948e-07 6.97705289212269e-05 3.357980227694728e-05 3.2440156678131265e-05 1.1476552984136306e-06 0.0007767190571601305 1.1372847653693345e-06 1.0836687427041552e-06 6.847562413012751e-06 0.0003523595763831263 1.925236063933404e-05 5.006379248895337e-05 1.4536834925059385e-07 1.2368008895950912e-06 4.912513318960069e-06 8.08938600979807e-06 1.0201125761295159e-06 6.869540064359728e-05 3.2325864595018106e-06 3.4396714786872155e-05 1.3370406579450224e-05 8.01632202695349e-05 1.286530553618442e-06 5.20451698040959e-07 9.444876744928133e-08
0.00015564310737728853 2.1966631151012005e-07 5.0718312310178916e-05 0.0026389100947444323 6.9480701727465725e-06 0.0032622584823239703 0.008062606055114796 0.001780861802719188 0.00011053142478291527 0.0 2.911484559488308e-05 0.003832460287005906 1.0361904690380085e-05 0.0009595752037503191 1.3829219222463122e-05 1.0620029431023304e-06 5.069958972668268e-06 7.612161817322283e-06 9.31933317622921e-06 0.0036023393724082123 3.227876407291631e-05 1.0287783598576528e-06 3.04515434261038e-05 0.00018266822112829222 8.938408843378842e-07 1.651918129640347e-05 3.550490078036689e-05 0.001552560285844173 0.0007112435015597683 1.1346050523391602e-05 6.607518919501523e-07 3.859377390942032e-05 1.4541545995790094e-05 0.00033735285356947825 1.7263325119250126e-05 0.0013673409666098268 5.26179875558757e-05 0.0005859753477136193 0.00041198257609194696 7.44531966262473e-05 2.4865834444154907e-05 2.6153587283115605e-06 1.768775009955983e-05 1.7302663141963324e-07 5.477586723525925e-07 1.3759737106388443e-06 0.00021106532833686963 1.436988442004541e-07 3.3933343482279974e-05 0.00022653417638560872 2.0827947057055532e-05 9.517310218734658e-05 7.359561444223197e-05 5.15455754450646e-07 3.2499232806746966e-05 4.237393492769478e-07 1.3763185375114375e-05 7.729536870072888e-07 9.018717529109662e-07 1.4941543426099153e-07 7.294615529038541e-08 6.03232955598353e-08 0.00014482320068536384 3.766809596473992e-07 1.9266191671756544e-06 2.1566972288881316e-06 0.00023457346628348228 0.0 2.3653188130785228e-07 1.703220451935308e-06 0.00038282543443108935 5.647750266190754e-06 1.978445489094549e-06 0.0 2.069851584080297e-06 6.32420232750487e-07 7.990632272237274e-06 1.6298895051003084e-06 3.282429054148477e-05 3.958822944911269e-07 2.8097252967429057e-05 6.971295905884877e-06 8.886205174782025e-05 1.1387176850529962e-06 7.834200992122638e-07 5.590406528445551e-07
8.236106950572821e-07 3.8231397503176154e-05 5.799314363136794e-06 1.6408759185006277e-06 6.120297102786571e-05 0.00010243146230839164 9.456046902980737e-06 0.00011610933420459108 3.5364385595033997e-06 2.911484559488308e-05 0.0 5.0540938720944605e-05 0.001303709456555303 5.294105776992438e-05 2.110349253823832e-06 7.583115834792215e-07 0.00011924209342177435 0.001304421597281682 0.00035073431051757233 1.6547394062828707e-05 6.459603236869471e-06 8.600488156396303e-06 1.533266646977576e-05 1.4779640579926824e-05 6.426172048533788e-05 0.0018766824994933412 0.00011599977874628625 5.763699717101188e-06 0.00020314426467322734 6.115429240137292e-06 5.962312266913926e-05 0.0001513517771142822 2.7374698968437055e-06 0.003961912198909092 1.2063102246601085e-05 0.0002822631155133873 0.0017439561316571273 0.0027478343462662936 0.00048526615057054197 3.019784274915524e-05 3.361054528466261e-05 0.00028153058798486804 6.340646974197605e-07 0.0 2.856086026897145e-06 4.7010254377452626e-07 2.578757051358629e-07 0.0 0.0 2.9738791307209935e-06 0.0 8.720664472164618e-07 0.0 3.3644589316939606e-05 0.0 0.00021641892972536388 2.1558662076693487e-07 0.0 6.949578507780964e-08 3.2973916983684784e-07 2.4126258272580395e-06 2.4792226115092693e-07 0.0 0.0 3.2831481020878604e-07 1.814435337494346e-07 3.376361601677384e-06 1.800365077903157e-05 2.117613015792948e-05 4.239241336981256e-05 1.7553587091918244e-06 4.6221508532005974e-07 7.977141031525368e-07 3.4708781789637266e-05 7.633743636847811e-08 0.0 1.0834333995497828e-06 5.448584012940853e-07 8.644325191157856e-06 9.092770444483484e-05 5.236246934982771e-06 3.4623043310733298e-06 0.0 0.0 4.2225273273343444e-05 6.924608083070343e-07
3.535319307716349e-07 5.147667769171624e-06 1.130380559826204e-07 0.0017094482961686572 0.0001408500973354659 0.0029130197507748245 2.1526824026317267e-05 0.0005891829476183329 0.00015650364478857307 0.003832460287005906 5.0540938720944605e-05 0.0 9.41359007327785e-06 0.00044587803181079724 0.0007049282371491717 5.283373258670592e-08 1.2634250441961075e-06 1.3318134153946354e-05 9.851117827488195e-06 0.0036041627986340887 1.3539138169115248e-06 8.684629678239085e-06 1.4605548634877359e-06 0.0005836737714689808 5.536622704406765e-06 1.401147244967688e-05 1.0209830394506409e-05 0.00041147715130765856 0.00042433443581022743 1.114410951854551e-06 5.908581086516584e-07 9.960242059332534e-05 3.999543171430435e-07 0.00034232550171800583 2.294320152161629e-06 0.0006139083771631741 1.622588465560095e-05 0.0004611106885918539 0.00017651820698458514 0.0009966428222240795 3.717860950429199e-05 1.0170551334838494e-05 3.3384959272072737e-06 0.0 1.3973020068155342e-07 0.0 5.9665706951672176e-05 0.0 8.550913441988231e-06 1.567802952501136e-05 1.2498322923393124e-06 1.2739110674744523e-05 1.1542055827839632e-05 1.6888919182344742e-07 4.4292443603303364e-05 0.0 2.7385173151472642e-06 5.089125189335174e-07 6.989276524496369e-08 0.0 1.5567105097596432e-07 5.1222574145767956e-08 3.673195730988831e-05 0.0 1.0234100795335747e-06 0.0 4.473134469304604e-05 0.0 0.0 0.0 5.0686255840620765e-05 5.20403200399166e-07 2.1037373837528825e-07 0.0 6.813885001425843e-07 0.0 1.360053660392247e-06 4.321909961859441e-07 1.093371767936525e-05 0.0 5.894116217702174e-06 1.2094261353342058e-06 0.0001302149153544784 3.705282924281727e-07 5.811617045032104e-06 0.0
0.0 0.00015854952172104448 4.5498244917013645e-06 1.2792850152745136e-06 2.002579942417849e-06 1.5546413224975213e-05 4.413341914470861e-06 1.5952995378817733e-05 7.520727739874369e-06 1.0361904690380085e-05 0.001303709456555303 9.41359007327785e-06 0.0 1.165053599745804e-05 6.90273683746414e-08 2.2675285137449882e-06 2.8567620751507957e-06 2.9884927992667682e-05 1.101843689521674e-05 3.5802636951805785e-06 1.352696165580812e-05 1.5538903109462694e-05 2.6481757272874744e-05 7.468875429570635e-06 0.0010973805516389411 0.00026573422478828814 0.000895489944295315 5.365435522927256e-06 9.486112825708996e-06 3.4446339199104392e-06 0.0003123524036489272 1.3457048585532199e-05 1.478527547819652e-07 0.0002948038450362825 9.664978869276625e-05 0.0013799292230698144 0.0026605434828188552 0.002321516816796071 0.0005252926647947341 0.00011615392297381531 0.0001783348251222476 0.0009098327845015986 5.622234729854365e-06 0.0 1.8348589567463424e-05 5.084669804149563e-07 0.0 0.0 8.473437270716519e-07 7.323303203425697e-07 1.8338195110161166e-06 1.2936634943079392e-06 6.703311639029866e-07 0.0002106054015650271 4.4680364621119146e-07 0.0018572769607312582 1.2665874453587536e-06 0.0 2.490058203548072e-07 2.3761090130057968e-07 1.0149123708393053e-05 3.6091914574119536e-06 3.214791878498031e-07 1.3984319061349187e-07 2.385961940549524e-06 6.458917708576065e-07 1.5595336142285513e-06 0.00034580385478502797 0.00012804522736559778 0.0003147265826799482 1.939229072408531e-06 9.254872464423042e-07 0.0 0.0002866446821979227 2.887411090373448e-06 0.0 5.315723432002226e-06 2.360135481325079e-05 0.0001391103413100075 0.0006303289884900191 9.161658404904074e-05 5.537075761577545e-05 8.886647051109857e-06 1.528214138838736e-05 0.00018016854023607723 6.804379136736497e-07
0.0025077497510199893 6.428820310247837e-08 0.0005550772365682049 2.4248386537873885e-05 6.982486364298469e-06 0.0005177654932616906 0.0026347259736579118 0.0029290977115566654 1.120976870818524e-05 0.0009595752037503191 5.294105776992438e-05 0.00044587803181079724 1.165053599745804e-05 0.0 2.0244034123596636e-05 7.475612931183186e-07 0.0005277294046628752 1.5047582331372027e-05 5.2505106583684796e-05 0.00012809460760843176 8.982561995903448e-05 3.4757399197489115e-07 0.000561132179068491 0.00017096569761554964 2.5739811661098245e-07 0.00013802027666934988 8.150863060753686e-05 0.00017216444370621653 0.002375482303656403 0.0014883109864758477 2.9161879518538114e-07 6.751674942121567e-05 4.136074848728903e-06 0.0002957384897255985 1.763199271804318e-06 0.00036426377090171077 1.7122096530570968e-05 0.00028412897288879977 0.00015207977169407884 0.00027188090104268773 7.947830392437209e-05 5.967991865205549e-06 3.890245644926401e-06 7.267361815738426e-07 1.553233021029408e-06 6.096916053440319e-06 1.725806062901645e-06 0.0 9.166527740461993e-07 3.410794455683388e-05 2.5844914199961814e-06 1.1633983012123807e-05 7.351649596381724e-07 1.790102176933849e-07 1.4223493832971224e-06 0.0 3.361265488304591e-06 0.0 2.1635498639489973e-06 2.423519812605747e-06 0.0 1.6568056729455534e-07 2.7793914545482994e-06 3.2322892158908215e-06 9.264072632855112e-07 2.31120615774949e-06 4.452154328755352e-05 0.0 1.988859789100702e-06 9.762999555058029e-06 3.168501620997931e-05 2.312331256339384e-06 1.0486674267537797e-05 0.0 9.360633282303192e-08 2.628898802903125e-07 1.6451830181186083e-06 5.890948632872471e-07 1.8394456965221834e-05 6.144626464326212e-07 8.945593508659626e-06 4.4136605045161925e-06 3.3403279752444384e-06 5.091481936557827e-07 2.0216167962368688e-07 0.0
0.0 1.5406185434285892e-05 0.0 8.726859387671346e-05 0.0015675273855474297 0.0010333576344944658 8.39154161232106e-06 9.503058301033921e-05 0.0004223546216649108 1.3829219222463122e-05 2.110349253823832e-06 0.0007049282371491717 6.90273683746414e-08 2.0244034123596636e-05 0.0 1.6418384647635564e-07 0.0 1.2319409262006115e-07 1.4042775414853617e-07 7.243666475521522e-05 0.0 3.026037693942463e-05 1.2492638542117896e-07 0.0005910631751462218 2.2866956737459e-06 3.498414166751959e-07 2.0116106637787734e-05 8.568973565443461e-05 4.104249598741332e-06 8.245003524234267e-08 8.068690662718935e-08 0.00014137234130273677 1.2244950788196657e-07 1.1649547411440599e-05 0.0 3.7792707654871015e-05 5.198982411782288e-07 5.7841545700486915e-06 5.504554382463939e-06 0.0008922029970369407 0.00010846071458743152 5.160729750881514e-07 0.0 0.0 0.0 0.0 3.5982576418873702e-06 0.0 0.0 5.639371167270708e-07 2.466408399744779e-07 3.990469932791712e-07 0.0 0.0 9.92955876792871e-07 0.0 0.0 0.0 6.519927228254885e-08 0.0 0.0 0.0 2.929685221497405e-06 1.779989169402954e-07 1.092619973698248e-07 0.0 3.160322684944832e-06 0.0 0.0 0.0 2.8838931130005217e-06 0.0 9.921330467020331e-08 0.0 0.0 0.0 0.0 1.0246281759124585e-06 2.2232660680369552e-07 0.0 1.359944625925171e-06 1.359250498348417e-05 7.012337958738802e-06 1.1639216409695076e-07 0.0 0.0
1.1771869718670935e-07 3.4378423605894315e-05 3.564962789599259e-06 1.4139915654318338e-06 1.0381092781187982e-07 3.208642321479039e-07 1.7872181961328154e-05 1.3485779928811833e-06 2.9500682661792562e-05 1.0620029431023304e-06 7.583115834792215e-07 5.283373258670592e-08 2.2675285137449882e-06 7.475612931183186e-07 1.6418384647635564e-07 0.0 1.2549466752499321e-05 6.113311791533876e-07 4.354314073348293e-06 5.606200368074229e-08 0.0009879715362995493 0.001159300625946489 0.002545668178829147 0.0010787984915191652 1.7892376673578883e-06 3.977490763665541e-06 0.0023756230446581508 0.0010905242348014936 7.005630527065159e-06 1.3538562142285952e-05 6.753870792521735e-08 0.0 3.5081316091167073e-06 5.246914167119517e-05 2.9761997295713716e-05 0.0011301938814752125 0.0003158780198697676 0.00025373417018118347 0.0002763157304012539 7.304067951521514e-05 9.48553883031679e-07 1.3619134200333013e-06 4.918418860689801e-06 7.122148668281511e-07 3.1528825956372928e-06 1.5514035321359807e-05 0.0 0.0 2.980186392637756e-07 4.212182587937127e-06 1.1545660045554487e-06 6.9121351480670015e-06 0.0 1.3943673974652506e-07 1.6486370542578864e-07 6.619160361619073e-08 2.7695227191550327e-06 0.0 0.001814157283141657 1.680857164246085e-06 1.4213694927644185e-07 9.781669167080904e-07 0.0 0.0005392340335132567 0.0005070268665439442 0.0010614686901195777 0.00014723746122639308 0.0 8.143885310649937e-07 6.747510986900888e-05 0.00012469498847578813 1.8175936225451505e-05 0.00016953330279452226 0.0 0.0 5.288315072634904e-06 9.816162441162932e-06 4.54863873486696e-06 8.289841170186846e-05 1.1883166422110013e-05 2.3665555351670386e-05 1.852951868997199e-05 2.3234408915766163e-06 1.9286897105971575e-07 9.985055014044895e-08 1.5488636053274522e-07
0.00010877250660833418 5.673053076039039e-06 0.0023940273219405137 7.20988312052089e-08 9.14762720307667e-07 1.1687505074986107e-05 1.818707331544426e-05 0.00031433021678668044 7.283538639633203e-07 5.069958972668268e-06 0.00011924209342177435 1.2634250441961075e-06 2.8567620751507957e-06 0.0005277294046628752 0.0 1.2549466752499321e-05 0.0 0.00011839393213233839 0.00231483159633253 8.566522201353111e-07 0.0003557193685191442 1.253162775073784e-06 0.0012610033943750482 8.930703574476544e-06 7.479083559727016e-08 0.0012986839938911169 0.004201279190805952 1.0382182061105503e-05 0.0011812802319422346 0.001505573542917983 1.2204218606553465e-06 5.154980681177387e-06 8.275204171403336e-05 0.0014775653420349196 3.624972113714412e-06 0.0003634111916802512 0.0004733169324944864 0.0011425662706959158 0.0002701257203527646 1.7914699299836508e-05 6.291345864010751e-07 1.4412860569127973e-06 2.9917296532992593e-06 8.062381532814038e-08 3.299841746928192e-05 0.0001907387585634647 0.0 0.0 0.0 8.763166479160402e-07 4.308312876270187e-07 7.595110093167579e-07 0.0 0.0 0.0 8.089157274651703e-08 8.076188953866591e-07 0.0 9.36341931187771e-06 6.879669721735816e-05 7.18136968272645e-07 3.0450849823431703e-05 0.0 6.343788547292615e-06 2.887936205186294e-06 3.680220803302842e-05 2.423286113280928e-06 2.1495913553466197e-07 0.00011791984565089216 0.00032427787154016744 1.8655704197461328e-06 3.6474127454521064e-07 3.4844457858323213e-06 0.0 0.0 0.0 5.992921212857222e-06 2.8197252503632685e-06 1.4652298671036521e-05 1.336207148099055e-06 1.6043702071028252e-05 5.9186994411634974e-06 9.40189807406159e-08 0.0 0.0 0.0
5.416992037310803e-07 4.4257244295088246e-07 2.2851725960822007e-05 3.3167460167699814e-07 5.093940946790587e-06 1.4063662366145092e-05 3.6894579779807357e-06 1.8007645242816384e-05 1.80872195570342e-07 7.612161817322283e-06 0.001304421597281682 1.3318134153946354e-05 2.9884927992667682e-05 1.5047582331372027e-05 1.2319409262006115e-07 6.113311791533876e-07 0.00011839393213233839 0.0 0.0003490108474394908 3.7849408262983365e-06 4.707895870063024e-06 7.063781698009045e-08 6.849520737047421e-06 2.353500159597167e-06 2.640667441002333e-06 0.0022938484390665095 0.0003151934368904362 2.5350885324761354e-06 4.110203723106317e-05 5.61891507678107e-06 9.232712785571867e-05 1.889699025332596e-05 3.6243295958476734e-06 0.00095179733339725 2.7487766561981954e-06 0.00031436286559527417 0.00047366602870998743 0.0012266707728620474 0.00021018271082022617 8.627312512625015e-06 4.868356918938106e-07 4.806079595716299e-07 1.6438188964377282e-06 0.0 8.913886735819126e-07 1.1975392302365953e-06 5.887645936461414e-08 0.0 1.2552699964421962e-07 8.369459867802601e-07 0.0 6.303922420985562e-08 0.0 1.9630658291337207e-07 5.181393715760091e-08 2.0608479256643855e-05 0.0 0.0 4.515550281257166e-08 1.1799989431267543e-06 3.2641653218551974e-06 2.1772723289014534e-06 6.260039643864701e-08 1.5511885500522117e-07 0.0 2.7772264469671243e-07 1.2661714350625378e-06 4.994554390891412e-06 4.2376665421982234e-05 5.5767446082573274e-05 6.153357394140339e-07 0.0 0.0 1.4327719145929654e-05 0.0 0.0 0.0 5.18057824554248e-07 3.5302034065983775e-06 9.921437456040403e-07 5.702973501171949e-07 0.0 0.0 0.0 0.0 0.0
6.5534027056551035e-06 1.661474218926509e-06 0.00016198869960254856 2.54215760665151e-07 2.3441840684917943e-06 1.2763202995595584e-05 4.6424416967903955e-06 3.657248380095732e-05 4.405872572469226e-07 9.31933317622921e-06 0.00035073431051757233 9.851117827488195e-06 1.101843689521674e-05 5.2505106583684796e-05 1.4042775414853617e-07 4.354314073348293e-06 0.00231483159633253 0.0003490108474394908 0.0 3.5008369893846955e-06 5.5017154481966314e-05 3.998179773594955e-07 0.00013919989690590337 2.8293805961326465e-06 3.2461957850832784e-06 0.001448201057232426 0.000910239089768231 3.646015242823366e-06 0.0001819289159550955 0.00013519061420314856 2.9396365920155177e-05 1.3572739665664604e-05 2.6436206662553114e-05 0.002351780907188486 7.644215106630643e-06 0.0006671547375398918 0.0004119825533632014 0.001431323177687133 0.00029648854588965165 1.8388469138615035e-05 4.557740194136338e-07 7.028934753064627e-07 4.01203365151227e-06 0.0 5.567103423238956e-06 1.2017625842107869e-05 0.0 0.0 0.0 2.7299487882210516e-07 0.0 1.350107940538224e-07 0.0 1.282267375071339e-07 0.0 5.72691631759312e-06 1.7375428751531093e-07 0.0 1.077082590159768e-06 8.724785422095592e-06 2.7262070165303594e-06 1.466360728436923e-05 0.0 5.285773810214864e-07 6.736735363818975e-07 1.6986693603779187e-06 8.490218388770948e-07 7.877051495653696e-06 8.872095792047469e-05 0.00011029697789858705 6.384166380927722e-07 4.5873622828852037e-08 3.1946121428421316e-07 3.0780952485078534e-06 0.0 0.0 6.020957664552959e-07 4.888536075517687e-06 5.320190291304919e-06 6.981758152476324e-07 1.347223944326288e-06 8.001147947959179e-08 1.740258089297671e-07 0.0 0.0 0.0
5.5038626384400374e-08 1.6635913733217952e-07 1.8602286461736024e-07 0.002307259991614994 1.4522935379502297e-05 0.00023093362569409837 2.922982982363759e-05 0.00016931755235586636 0.00013786086273523027 0.0036023393724082123 1.6547394062828707e-05 0.0036041627986340887 3.5802636951805785e-06 0.00012809460760843176 7.243666475521522e-05 5.606200368074229e-08 8.566522201353111e-07 3.7849408262983365e-06 3.5008369893846955e-06 0.0 1.8396365801581002e-06 1.4022031406683722e-07 1.3035907350893993e-06 0.00014586218233728857 1.2259865412512827e-06 4.673102669472057e-06 2.7195766767267867e-06 0.0014536437781443273 0.00017983635957773624 3.5299495423417085e-07 1.4604847905830557e-07 2.1944733786261796e-05 1.349372733100535e-06 0.0001124530649304731 3.328277728594878e-06 0.00046943915004300524 1.1628106480249712e-05 0.0001957198616372205 0.00011708773011796389 0.00030419702814248853 1.2029242472673102e-05 6.414853456408494e-07 6.916682634407303e-06 1.2401288318657082e-07 0.0 0.0 0.00012041432399535979 0.0 2.057499153925142e-05 0.00010444457865185967 8.256448827598292e-06 4.0522060849087124e-05 3.0986243250296585e-05 1.9273950080251134e-07 1.862529506927418e-05 0.0 7.29378062707442e-06 2.76826822969743e-06 0.0 0.0 7.338306370379171e-08 0.0 6.990488775006404e-05 8.590765324885803e-08 7.035017763006537e-07 0.0 0.00011241449361881735 0.0 1.4191722250282594e-07 0.0 0.00017067795542343806 1.658793800730816e-06 1.515522006636419e-06 0.0 6.51013168530647e-07 3.855805360997615e-07 1.7219513199588956e-06 0.0 1.7728898940625104e-05 3.766873808565918e-07 1.73250279800827e-05 3.3939008053541103e-06 9.301745009781653e-05 5.644965044521097e-07 0.0 1.2227639581810985e-06
3.507014807663085e-05 3.1102952636137567e-06 0.0003800217882528021 6.166629262996376e-07 3.3441313765334683e-07 1.8987197744388948e-05 0.00033710146747926024 0.00011764642279730984 1.5113349710214206e-05 3.227876407291631e-05 6.459603236869471e-06 1.3539138169115248e-06 1.352696165580812e-05 8.982561995903448e-05 0.0 0.0009879715362995493 0.0003557193685191442 4.707895870063024e-06 5.5017154481966314e-05 1.8396365801581002e-06 0.0 0.00012118389804352505 0.005544995792729429 5.500999973251541e-05 4.603698025870035e-07 2.0838354683674093e-05 0.000286248580489546 0.0011334627350783428 0.00014998293323413266 0.006921273349191833 0.0 2.2009467854780757e-06 2.9594839369297915e-05 0.0025347982014999864 0.00018864038257182972 0.004674966173840893 0.0011006496283545739 0.003504058891204279 0.0021822058477422514 0.00031537834146061044 4.1189814310791645e-06 2.459521248933264e-06 2.6961459935349624e-05 3.4442392887383573e-07 3.2342280147795736e-07 1.2985007154139482e-05 7.659152431672554e-07 0.0 6.260657947935321e-08 8.016168160304329e-07 4.6221265226552206e-07 3.1398130812652745e-06 5.6345031902071566e-08 1.5416504158679432e-07 0.0 0.0 2.978715328636505e-06 0.0 0.0005494202692469693 1.701282493641213e-06 4.903233938491397e-08 7.060351277909686e-07 0.0 0.0005036720969283176 0.00017706239388150675 0.00010031948734449928 0.00010472106858317035 0.0 9.09552168231211e-07 5.906462391031092e-06 0.00010678082156657821 1.7844657627917858e-05 0.00023505281628380831 0.0 2.991383673877991e-07 5.399940551324585e-06 1.406225205845773e-05 1.779606206151721e-05 0.00013001895136525781 1.4131743892740646e-05 2.0035129002158152e-05 1.0193966047665811e-05 3.3776085211130954e-06 0.0 3.36504014125632e-07 1.9612190426702212e-07
1.8087170055348786e-07 0.0016820017361312137 1.046465377435008e-06 1.3843448939591946e-07 2.6789181778753358e-06 7.215222484388737e-07 5.487209748430705e-06 1.285400757038405e-06 0.0010874957370381694 1.0287783598576528e-06 8.600488156396303e-06 8.684629678239085e-06 1.5538903109462694e-05 3.4757399197489115e-07 3.026037693942463e-05 0.001159300625946489 1.253162775073784e-06 7.063781698009045e-08 3.998179773594955e-07 1.4022031406683722e-07 0.00012118389804352505 0.0 0.00018149139157727366 0.002808322836212153 0.0004031885609376528 1.1355689669033937e-05 0.0025889755320465716 9.227416201434152e-05 2.3233515877341505e-06 1.191613624913369e-05 2.2970773540093544e-06 6.064866173210294e-08 5.95230606534027e-07 2.7637695118572013e-06 5.434668622174459e-07 1.584699082117658e-05 1.4349597027563673e-05 8.329029987348265e-06 2.774365609138015e-06 5.584111451882349e-05 1.0275525300079158e-07 7.724019804494354e-06 6.034706103880345e-08 9.867765907428098e-08 6.189121049588976e-06 1.1991176265007399e-05 2.34466652312575e-06 0.0 4.85977921085024e-07 2.6559145391856033e-06 4.447850515395487e-07 1.3850149880006841e-05 6.087592116784805e-07 3.389050466768464e-07 0.0 4.1281296460914055e-06 1.3281185913825868e-06 0.0 0.0005558796427960186 3.15107377603251e-07 4.208180073123482e-07 4.5512434248239124e-07 3.1516514513613296e-07 0.00010750273556948747 3.143953472282704e-05 0.00021514694663832498 6.046746878896099e-05 1.3989144775181326e-06 2.9120830339309474e-06 9.424812053524118e-05 3.006338451999982e-05 2.150623059200046e-06 3.486609790303871e-05 7.480957058420754e-07 1.1593811689246307e-07 1.0835139145081024e-06 1.769720138163605e-06 4.2399140625510223e-07 1.643135485975866e-05 7.963554967066076e-06 5.654236971717136e-06 2.9978944951311145e-06 1.6327834670289104e-06 0.0 8.934943818799399e-07 0.0
0.0001892336101580431 6.186907978673248e-06 0.004220513131868144 1.0363999569016935e-06 3.970593932005549e-07 3.5721136354219676e-05 0.00041799738917299936 0.00048232589685595834 2.1952393672392507e-06 3.04515434261038e-05 1.533266646977576e-05 1.4605548634877359e-06 2.6481757272874744e-05 0.000561132179068491 1.2492638542117896e-07 0.002545668178829147 0.0012610033943750482 6.849520737047421e-06 0.00013919989690590337 1.3035907350893993e-06 0.005544995792729429 0.00018149139157727366 0.0 0.00025884402766640296 1.8484459841535172e-07 0.0003193831317780048 0.006104933830312 0.002278288887641239 0.0005144525415958071 0.0037906277756416134 3.813171847637565e-07 2.982218306064757e-06 1.947490800964477e-05 0.0028339694652001358 0.0001555357677825416 0.005896090745455096 0.0032641265039831187 0.004527388520500652 0.0031832859509892666 0.0005698473377717353 1.3574555167996917e-05 1.3610957208388556e-05 7.455362282494943e-05 3.984231132639868e-07 3.197952580085342e-05 0.0004464288350469513 5.83583196194405e-07 0.0 3.744418349672452e-07 9.272766450415093e-06 2.499214464919178e-06 2.3573201719706323e-06 4.975518354317198e-07 2.2658148681353652e-07 0.0 1.3751367398778714e-07 2.272840908534224e-06 0.0 0.00137413495617872 1.3620002908212293e-05 6.689033391569454e-08 1.669816000113712e-06 0.0 0.0002674402426972154 0.00029742439720589927 0.0020046720963698555 5.5478068153966974e-05 7.998109665267749e-08 5.7063351139285875e-06 0.0009492516220832827 4.0008153427966675e-05 2.1599290725094643e-06 5.304919547660918e-05 0.0 0.0 1.029156478014677e-06 1.2919261532689034e-05 4.854834807387385e-05 0.00017444780717867884 1.234511332971437e-05 5.47366061036074e-05 4.68075348511941e-05 2.8257607807169106e-06 6.089855744799239e-07 6.089708687433802e-07 2.431228579315816e-07
