0.0 0.0 5.940022724408172e-05 1.7809398095740203e-06 7.575798024260916e-07 1.2126691212521687e-05 0.0013528031986747401 0.00028497586237383215 3.1353459368403576e-07 1.3383897343189469e-05 1.0768946866331143e-05 2.874815721505781e-06 4.7603617914463885e-07 0.004047850504005555 1.3579226401872176e-07 1.1621077346090463e-07 0.0001021310419663195 5.517900679190283e-06 1.9180740639761766e-05 2.5885976739385824e-06 1.3509693881339834e-05 4.239846370125619e-08 6.342681496293707e-05 2.141212987685592e-05 0.0 1.5487577025047978e-05 7.66444445552389e-06 3.528402798541665e-05 0.002440828899716804 0.0014206350324022894 1.5176711820089455e-07 2.8866556725251333e-06 3.179898208694491e-05 0.00013105071702585898 1.7660160084597645e-07 7.543524738305724e-06 2.7221811549215668e-06 4.140991421911267e-05 5.446601683367605e-06 3.6598753775619393e-06 5.042640485723685e-07 2.207431473379198e-07 9.707433476121678e-08 0.0 0.0 0.0 0.0 0.0 0.0 5.144177172328681e-07 0.0 2.107254222535902e-07 0.0 5.805997571727298e-08 0.0 0.0 0.0 0.0 0.0 0.0 0.0 0.0 0.0 0.0 0.0 0.0 8.929977285577427e-07 0.0 4.647994350486937e-08 1.1410925011131958e-07 1.37065536956435e-06 0.0 0.0 0.0 0.0 0.0 0.0 0.0 5.287393071777028e-07 4.603083530007581e-08 0.0 0.0 0.0 0.0 5.8100454274660766e-08 1.4968930383090838e-07
0.0 0.0 2.441200364212946e-06 0.0 0.0 3.3102094452441117e-07 2.028732652539042e-07 1.690524077858239e-07 0.0001670766513294808 8.169881641234286e-08 1.5847700168892573e-05 5.980733368893069e-07 0.00032343679701806767 2.924309657946065e-07 1.2128843912994743e-06 1.2218715800934634e-05 6.606566670026091e-05 2.5636811110608567e-06 1.0884611565218466e-05 4.3608567241135895e-08 3.218254883809161e-07 0.0008574719043026669 1.039305224140725e-06 0.00024535804917002893 0.0013278657086993253 0.00014408537703163143 0.0027558181372266195 2.6079768604782265e-06 2.535940439357644e-07 1.4619263651854112e-07 1.4643229447212662e-05 4.3881432779659856e-07 0.0 9.634323944824536e-06 7.82542833823168e-08 1.4167562692796856e-05 6.386737877645405e-05 3.1796353605182575e-05 1.2957732514402911e-05 5.204725456207437e-06 0.0 0.00015221576709293467 0.0 2.4155360286867864e-07 0.00010429430315142405 5.417337322037225e-05 0.0 0.0 5.010615918272851e-08 3.8799081779351585e-06 7.753934166908705e-07 4.654134393416805e-06 0.0 8.790350666281173e-06 0.0 2.840325517050401e-05 4.72926493479259e-07 0.0 3.050629356749792e-06 2.964002693188685e-05 1.40138839006207e-06 8.827714786944854e-06 0.0 4.119701164252069e-07 3.6922614847594652e-06 5.1491967720320444e-06 3.166403279814662e-06 2.910480384981899e-05 0.0001304039208868014 0.0010344903271419775 1.6349673195956587e-06 0.0 7.616106261402967e-07 2.0612134914481505e-06 0.0 0.0 4.2562114325064545e-06 0.0 1.0110970235558788e-05 1.721383858996242e-05 1.8658688260584938e-05 7.796772973863969e-06 2.5327136561111105e-07 0.0 1.2700028793071977e-05 0.0
5.940022724408172e-05 2.441200364212946e-06 0.0 5.329044388070726e-06 9.481852164719488e-07 4.602588066753077e-05 0.0003467769970209316 0.00039275402465479507 4.945094688466639e-07 1.9456339719812622e-05 9.346503219638199e-06 1.3915708810001521e-06 7.647541122501879e-06 0.00035823164292267005 2.6084690755677896e-07 1.4714274954174671e-05 0.0018927621822464875 8.31280083687087e-06 0.00010560471904434968 1.8046997926183744e-06 0.0007053623420219002 5.77096818154055e-06 0.005077066723298074 5.08220620918777e-05 1.4279795679951607e-07 0.006968885095076737 0.002027234006973717 9.924072477516417e-05 7.5473313977282e-05 0.0001607967830038916 4.870253510111601e-07 2.5428785405122435e-06 3.982824238538645e-06 0.0003422450837604572 1.8612616827082617e-05 0.0008458650875160648 0.0027625576182359673 0.0010354649493913494 0.0005690400209622616 1.5710762687442553e-05 6.748080414102338e-06 1.769103505407154e-05 1.521219261874989e-06 5.828341750843414e-07 1.2930903405300308e-05 0.00013463648625746663 0.0 0.0 0.0 1.7151756609514884e-05 1.714292864448493e-06 5.139831593867084e-08 4.8447329529701066e-08 2.8024485904169596e-07 0.0 3.449400688477752e-06 4.912729569293052e-06 0.0 7.860657998474e-06 6.645618882387651e-05 6.086531072061073e-07 7.45829864865423e-06 0.0 4.504818690306257e-06 1.340525076252748e-05 7.07035068687723e-05 6.744795251883737e-06 1.010436795436575e-06 5.175424669964675e-05 0.000981746566749989 1.1046356667113013e-05 9.424226106169455e-07 2.462086118814513e-06 6.544660229041823e-08 0.0 3.041384275006479e-07 1.0550701409627339e-05 7.304116051275254e-06 1.776878697570837e-05 6.392284886552472e-06 3.5554132576022025e-05 1.8038709694549848e-05 0.0 0.0 1.3000202020133705e-07 0.0
1.7809398095740203e-06 0.0 5.329044388070726e-06 0.0 1.5603454811428814e-06 3.233866134563804e-05 0.00010879724489949971 1.8325466059072362e-05 0.0007312757476346276 0.0015610169503096362 1.8147189418624745e-06 0.0013857007397702252 3.0764406624766883e-06 4.222004471816221e-05 2.2900873926989682e-05 5.643528267221498e-07 1.3896991529696809e-06 6.902396967409022e-07 9.326835963014185e-07 0.002545750291368592 7.974124883057485e-06 6.695760107162782e-08 3.441474679724098e-06 0.0013852895385263978 0.0 8.549071466966379e-06 8.226675280328041e-07 0.002287458347166197 5.777871605369606e-05 2.2242313521934696e-06 0.0 2.5910792047977407e-06 4.488100061929641e-06 2.7318760731595076e-05 9.09800764452481e-07 0.00010224344190436639 1.577324367963465e-06 8.751714241031235e-05 2.8840777071378857e-05 0.00014739765702764473 1.5158599282793759e-05 1.0372924132084721e-05 6.178383310125175e-06 0.0 3.7080841391027183e-07 1.2665837866336623e-07 0.00011975308219929214 0.0 3.7533299790809366e-05 0.00020694156169928787 1.0551828240345498e-05 7.24022747745838e-05 0.00015121883804381588 6.263871190446732e-07 0.00014720055255890242 1.6522853571362932e-05 2.403314576526882e-06 8.809617560331569e-06 0.0 0.0 1.7127966244395421e-07 0.0 3.980404075071366e-05 0.0 9.291817340864725e-07 9.512645470787992e-08 0.00014538386546683181 4.6700607219599584e-08 5.375497616036482e-08 1.1237038422297807e-06 0.00026272305890785307 6.991298500808498e-07 2.2565843216246214e-07 0.0 0.0 0.0 1.3439736706468033e-07 7.403434591669435e-07 5.1881741646741345e-06 5.964585674204079e-08 3.188564398437313e-06 1.6359905880397543e-06 3.241647368792855e-05 3.9973478160217036e-07 2.6678746082431426e-06 9.760991300711822e-07
7.575798024260916e-07 0.0 9.481852164719488e-07 1.5603454811428814e-06 0.0 0.0006772240821588276 7.208585532722162e-06 0.00016263780629250602 5.257164818272416e-05 1.0790215511497427e-05 0.00013244982979000443 8.669502883411623e-05 3.2629472408813344e-05 2.242326466110114e-05 0.0007803426869308756 0.0 6.977875196744459e-07 1.4160975452120424e-05 3.6175045402445296e-06 4.215099081566015e-06 8.144296475869042e-07 4.388498854767295e-07 1.182438954587665e-06 7.972942147314174e-06 2.7030299651686434e-06 2.103089685271315e-05 3.6807007655429777e-06 6.8488235851277265e-06 2.3986208670337036e-05 1.2643450036144604e-06 4.077108443614272e-07 0.0002635670300868221 7.687777391331606e-07 0.00033379284188118506 0.0 3.228685592069952e-05 1.687863963539042e-05 0.0002644915332476479 4.4026873807175456e-05 0.0008098788491110573 7.8928079865427e-05 2.0561590403552743e-05 2.343665477795119e-06 0.0 0.0 0.0 0.0 0.0 0.0 6.696596463320865e-07 0.0 0.0 9.679309987184467e-08 7.148944959651467e-07 0.0 1.1751325788386776e-06 0.0 0.0 0.0 0.0 0.0 0.0 0.0 0.0 0.0 0.0 2.7113057228611304e-07 0.0 1.4065114208161048e-07 3.481380172973891e-07 4.541467817153301e-07 0.0 0.0 0.0 0.0 0.0 0.0 0.0 7.984674873382979e-08 2.1471508041734706e-07 3.932063521631017e-07 0.0 2.494284074822808e-07 0.0 8.647395465261108e-07 0.0
1.2126691212521687e-05 3.3102094452441117e-07 4.602588066753077e-05 3.233866134563804e-05 0.0006772240821588276 0.0 0.0013839244532811276 0.003538561294061719 3.273340325079498e-05 0.004813119497936441 0.00014945288993574319 0.002468108719887076 3.5217941723116004e-05 0.00071323317679979 0.0015696261390572453 7.022666140794331e-08 2.1265932524014246e-05 2.5645106903025636e-05 1.2009999312347969e-05 0.0001883286908700296 7.681099653213739e-05 9.963523261638217e-08 4.3544258160410694e-05 7.490106738416584e-05 4.99583680252848e-06 7.193408801990464e-05 1.1219617737187348e-05 0.00028210723708117986 0.00020285560910385215 3.163544198025047e-05 1.6841000366287121e-06 0.0003249889969884552 8.075231743577509e-06 0.0005366322371769148 1.7563687347343506e-06 0.000210504876080285 2.679883086379177e-05 0.0005392791582459549 0.0001499593572212332 0.0023683241290434844 0.00019827912083514087 2.957681135885688e-05 8.791361904627693e-06 0.0 0.0 0.0 2.6746336589368024e-06 0.0 2.8730478413532306e-06 1.868696637313434e-05 1.8142430833829618e-06 4.439412902350734e-06 6.407453531221471e-06 7.940166484175442e-07 1.3681526866520103e-05 4.5877107634904595e-06 1.8685690202475335e-07 6.123320206549974e-07 0.0 0.0 6.085364071546451e-08 0.0 1.6178609608268099e-06 0.0 0.0 8.060846193806871e-08 1.3023687441384203e-05 2.054281268329679e-07 1.5562251167601608e-07 9.312550135303594e-07 1.9425645699679347e-05 1.9102178587348008e-07 1.0554957516891627e-07 0.0 0.0 0.0 4.2828405571573404e-08 1.0276120001728799e-06 2.8790288994228327e-06 1.1655726034055553e-06 1.9882345968987625e-06 1.5243670640766738e-06 5.091121794393284e-06 3.191969217093243e-07 4.496694800534694e-06 3.418864267640098e-07
0.0013528031986747401 2.028732652539042e-07 0.0003467769970209316 0.00010879724489949971 7.208585532722162e-06 0.0013839244532811276 0.0 0.002768452491115713 3.3861586253041447e-05 0.004859578330117555 3.2157957253807434e-05 7.9831633678479e-05 6.437740863041652e-06 0.0037488622565685628 9.622963063398324e-06 1.9691398795191895e-06 0.00011923561822746664 1.0166514867236001e-05 1.4899856507616387e-05 5.774279419005294e-05 0.0010394234949825214 1.7568187151887598e-07 0.0004839390672896549 0.0007394464008964324 5.853750420744378e-07 0.0002665928671724049 3.6063453495601027e-05 0.012287491940915145 0.0011503846553431063 0.004010455802814539 6.347398701335496e-07 2.352950646741346e-05 0.00010881840209355027 0.0003512023548017356 2.1980780790749756e-05 0.0007437499423337271 3.3800708721949334e-05 0.0007789588207079218 0.000297450948292047 0.0002548755240322114 8.99741396125956e-05 6.5617040019709875e-06 1.647712507862103e-05 0.0 1.5751841954649783e-07 1.1893493637467211e-07 7.264565050304019e-06 0.0 3.2941943440752457e-06 5.4612175491054704e-05 2.192146977751285e-06 1.850459814868181e-05 9.825624815839438e-06 5.482051783472986e-07 3.7441821431350456e-06 1.1255982062956328e-06 1.039150646842676e-06 0.0 2.2854832867843446e-06 1.1998083699463723e-07 0.0 5.12826656743568e-08 3.1608383851590585e-06 1.3833962270728568e-07 1.5586493724675609e-06 1.3755324413647983e-06 5.75088280164256e-05 0.0 4.000006093213392e-07 5.119217116615028e-06 6.887354630273648e-05 1.7073350296112163e-07 6.731342835523896e-07 0.0 0.0 4.794179140618448e-08 1.2231708425961648e-07 5.7857096323114664e-06 8.193043345951512e-06 9.542741054354157e-07 2.341258412352269e-06 2.1609752620109974e-06 2.399054347304232e-06 3.3645447298457156e-07 4.1357418732802284e-07 0.0
0.00028497586237383215 1.690524077858239e-07 0.00039275402465479507 1.8325466059072362e-05 0.00016263780629250602 0.003538561294061719 0.002768452491115713 0.0 3.674104088360747e-06 0.0016432677803351243 0.00023902070502895625 0.00023072333186015462 4.322020579560378e-05 0.0065967739977239315 0.0001511275958903248 2.0079782834304758e-07 0.00031916959925815477 4.725938695406355e-05 5.2684601717532706e-05 9.873577978524574e-05 0.0003116402042457545 2.905307661472545e-07 0.00037471888990617134 6.439777455898275e-05 6.657719487450909e-06 0.0001990256929361854 4.043308062784847e-05 0.0002229173681734869 0.0012757929523643523 0.000722032215986948 2.2340685370453917e-06 0.0005454991633123743 2.015470048116261e-05 0.0005852901015114526 3.7113540176554876e-06 0.00026816153944556184 5.504574974454928e-05 0.000447055848228914 0.00013975980227958008 0.0010966791439026796 0.00015722654878880813 3.37586936505493e-05 7.145891213746836e-06 0.0 0.0 6.093253299154805e-08 5.035966541119743e-07 0.0 6.401351778505925e-07 9.829606203069894e-06 9.239523969456447e-07 3.911622131894519e-06 1.5487950475247388e-06 8.317108653871227e-07 1.4036601294506025e-07 3.3540630297180097e-06 1.8302948421927576e-07 1.0800797597521172e-07 1.1698696755256906e-07 2.1094219558065393e-07 7.603495616095943e-08 0.0 2.7666855070799983e-07 0.0 6.415545672650829e-08 1.1761443150621897e-07 1.045476849453803e-05 9.430594570432315e-08 6.538279221366344e-07 2.2849442519598777e-06 1.2313993891992743e-05 2.514823160375778e-07 4.498176563515731e-07 9.887158193733311e-08 0.0 0.0 8.058346774111566e-08 1.656609631094002e-06 6.190147487353795e-06 1.3444502469954688e-06 2.7940821535000417e-06 1.7227789192076231e-06 3.573664722648416e-07 1.302682107145939e-07 2.3400584709063635e-06 1.0299497835234657e-06
3.1353459368403576e-07 0.0001670766513294808 4.945094688466639e-07 0.0007312757476346276 5.257164818272416e-05 3.273340325079498e-05 3.3861586253041447e-05 3.674104088360747e-06 0.0 6.233673718476673e-05 1.87966276172064e-06 0.00031753042613230913 3.4205510864710596e-05 5.407267818517523e-06 0.0002757369505422089 7.703156685826603e-05 7.689981901888033e-06 7.12267793437645e-07 5.223567259793567e-06 0.00029611168409005104 1.1157476250790371e-05 0.00121207805226495 2.9063955188428307e-06 0.004301594970760763 6.987799340251655e-05 0.00010449627391235102 0.0005631190560976692 0.000577862696072324 5.003891244248781e-06 7.607825254774738e-07 2.8676315147361555e-06 6.859088307374254e-07 7.663626227491673e-07 3.6038845477516573e-06 2.502215371107318e-07 2.3330064693899975e-05 5.982393935326305e-06 1.1533765746202906e-05 5.5586271484445325e-06 0.0003463594481735018 1.4682728147942554e-06 4.750183846458089e-06 0.0 1.066222106255543e-07 3.365270981857613e-06 1.53465958638507e-06 7.358557248979423e-05 1.5165321089200728e-06 2.4718830095937008e-05 9.692980387986105e-05 7.5799079834004356e-06 2.9322869626961467e-05 7.895530081530164e-05 8.138743024665252e-07 0.00019793559667095458 1.96862288250581e-06 2.1334472802716026e-06 2.355180109811999e-05 6.964561175522539e-05 5.434203565924913e-07 2.9177913288487855e-07 7.600948492837584e-07 3.360047855056859e-05 1.961716412364266e-05 9.895088498123347e-06 6.148936082048811e-06 0.00042577313366088846 7.15367957687972e-07 8.053165402980584e-06 1.4656084013651159e-05 0.0002980994793819044 2.7196827541373188e-06 7.532206898152587e-06 2.6787995269609805e-07 0.0 1.8807860339691285e-07 9.073483729057064e-07 3.5716053644627767e-07 1.3009879401908914e-05 1.7677741472051016e-06 4.5741127702135585e-06 2.6319086381017608e-06 4.805022554170867e-05 8.146045336348554e-07 2.990631196072256e-07 5.106602665829592e-07
1.3383897343189469e-05 8.169881641234286e-08 1.9456339719812622e-05 0.0015610169503096362 1.0790215511497427e-05 0.004813119497936441 0.004859578330117555 0.0016432677803351243 6.233673718476673e-05 0.0 4.215815168203354e-05 0.0020793890809746264 6.543223097452629e-06 0.0005773639295313347 2.9157593010224546e-05 5.6217703479134664e-08 5.240198296555013e-06 1.5168316703142028e-05 8.287045540375936e-06 0.003811622051204438 3.928192006976051e-05 0.0 1.6117786928554483e-05 0.00028789050116099905 1.0841932040305862e-06 4.913025067200421e-05 9.36341060514736e-06 0.001813591974938292 0.00035441851865234764 1.1810178847418358e-05 4.6413803440977383e-07 2.8719777327188203e-05 1.3845158177332545e-05 0.00019420140615874611 6.43780347589792e-06 0.0002885041227795538 1.17195409351998e-05 0.000553784139637372 0.00011259384887016673 0.0002973847152139261 9.384723575646222e-05 8.773845989928658e-06 1.4472256152797446e-05 5.33334750418599e-08 6.659831064828143e-07 0.0 4.0015714945118945e-05 1.0170180422915331e-07 1.722145786017422e-05 0.0001327423450591103 6.357199784316153e-06 2.5188186440863043e-05 5.5357716816905094e-05 6.946630559392492e-07 3.083664348190204e-05 5.350371925524123e-06 2.1549912591340644e-06 2.434857345709891e-06 6.764061883487352e-08 0.0 1.1686142536009095e-07 1.1112847599202186e-07 1.4781970034577367e-05 0.0 9.38954970691126e-07 2.735640522261754e-07 9.627201503362432e-05 4.718208128845246e-08 2.3278206003842227e-07 9.725576461104178e-07 0.00014612878847577096 8.481362403553253e-07 4.275724968643989e-07 0.0 4.1598182397858586e-08 4.83339370796578e-08 3.501999111821326e-07 6.558815219310055e-07 6.123323556606021e-06 3.460460462389496e-07 3.00392060210126e-06 1.267542543341799e-06 7.162182447530777e-06 1.70905208771536e-07 1.5431686901473196e-06 1.0323480994535777e-07
1.0768946866331143e-05 1.5847700168892573e-05 9.346503219638199e-06 1.8147189418624745e-06 0.00013244982979000443 0.00014945288993574319 3.2157957253807434e-05 0.00023902070502895625 1.87966276172064e-06 4.215815168203354e-05 0.0 3.0053423550806375e-05 0.0016083661196341285 0.00030929472961033054 5.2843699163611375e-08 1.8671395227722318e-06 0.0001482305119448907 0.002826414277222884 0.001114960776705325 1.4796665534003486e-05 6.00596597173554e-05 5.525373519532971e-06 5.457941808726523e-05 1.0310813012324809e-05 0.0002019834043819733 0.002218294928441219 0.0002583153333133937 1.5349868139160157e-05 0.00021649099880166874 3.5312758810954646e-05 0.00017655546620139352 0.00028997375922539887 1.1531046446273719e-05 0.004085786323030311 1.225884854994493e-06 0.00031111530110396527 0.0024692219018246464 0.002266906967899432 0.0005028069941496926 3.888720180025245e-05 8.592287346272665e-05 0.0007297887023716703 5.870018111507713e-06 0.0 1.3184891910616492e-05 2.9515761037431605e-07 5.107214475604298e-08 0.0 9.59151922121598e-08 5.673153221946334e-07 1.0513288686134405e-07 1.1833727402559176e-06 1.8856028973890234e-07 0.00010436586468280254 0.0 0.0006827462952709942 1.0245726888415399e-07 0.0 0.0 1.0029826196918619e-07 7.634071774464763e-06 5.001480763138187e-07 0.0 1.6135690064190218e-07 7.396258215848794e-07 3.737860155110557e-07 1.0529238310689422e-06 8.155718325999583e-05 7.976219631034503e-05 0.00011427395572103813 7.851911882105994e-07 2.0037125968584602e-07 3.952136764137009e-08 4.564602411117427e-05 5.239570635766271e-08 0.0 1.8869921401586086e-06 4.869869527305106e-06 7.756910271018997e-06 0.000127743294371823 8.103294410471827e-06 1.2692425385452743e-06 6.670963903153495e-07 0.0 5.792399301337463e-05 1.87415689829456e-06
2.874815721505781e-06 5.980733368893069e-07 1.3915708810001521e-06 0.0013857007397702252 8.669502883411623e-05 0.002468108719887076 7.9831633678479e-05 0.00023072333186015462 0.00031753042613230913 0.0020793890809746264 3.0053423550806375e-05 0.0 3.993877007436882e-06 0.00028526553301308954 0.0009094082673859171 1.7655360010053094e-07 1.4723993235194024e-06 8.307395274431574e-06 4.39895500106887e-06 0.0037899815025534446 1.941328578754173e-06 3.117491407893383e-06 1.3724152991230573e-06 0.0002922968514995587 9.783250531978196e-07 2.2009570635938745e-05 6.660396788175146e-06 0.00039100977841820337 8.962494026435098e-05 1.6248332225183506e-06 5.939087347849251e-07 1.7918279062357353e-05 3.09583237313139e-07 9.247616280704312e-05 6.946845456996933e-07 0.00013545244202540108 7.527556773351707e-06 0.0002455551757885082 3.654858226718669e-05 0.0015161379550308017 3.34944441589938e-05 2.5532313603559112e-05 6.218365966589867e-06 0.0 0.0 0.0 4.401540553869921e-05 3.9593091260656135e-07 2.4408241803214893e-05 0.00010328434007629759 4.769652303500439e-06 3.038470312120136e-05 8.773523097015164e-05 5.159727298840673e-07 0.00018294606747250961 2.369556535697277e-05 1.0627824863837506e-06 1.3466821843989917e-05 0.0 6.684004034908467e-08 0.0 0.0 2.2578626528382028e-05 8.155629622845078e-08 0.0 0.0 4.0823445017085545e-05 9.480391532564318e-08 5.850338689703218e-07 3.8820214419189515e-07 9.814466483124434e-05 4.962721000634733e-07 4.86613807432516e-07 0.0 4.5849893678464906e-08 6.258607125420759e-08 5.57971865360811e-08 0.0 5.114785806822839e-06 2.6793377744450863e-07 2.828145040938926e-06 2.2301751273812664e-06 7.646646884476823e-05 0.0 1.409556004240255e-06 1.7905349991907436e-06
4.7603617914463885e-07 0.00032343679701806767 7.647541122501879e-06 3.0764406624766883e-06 3.2629472408813344e-05 3.5217941723116004e-05 6.437740863041652e-06 4.322020579560378e-05 3.4205510864710596e-05 6.543223097452629e-06 0.0016083661196341285 3.993877007436882e-06 0.0 2.63272950140848e-05 1.615368349309923e-07 9.14503374751251e-07 9.786525732797424e-06 2.773526366682638e-05 6.626827860325053e-06 3.7433696078824012e-06 1.8665347218705437e-06 0.00012914654496464092 4.47917292289028e-06 3.152229796696722e-05 0.001628837702128975 0.0008080225554526274 0.0025975902190283453 6.5523414830095e-06 1.3751150467666078e-05 1.3979721626899274e-06 0.0009664785803680901 4.254867799514894e-05 1.5967518794475267e-07 0.00023309465054540166 6.0893882298841695e-06 0.0007466925302795532 0.0032670210338346883 0.0015971160102811735 0.00025506667084310283 6.477742417218817e-05 5.6991517190019324e-05 0.0014062717538621382 6.680876012703599e-06 0.0 3.228412665165194e-05 2.034361981740373e-07 4.6242749502067836e-08 1.583031778943449e-07 5.487397747334559e-07 2.389325487363656e-06 7.481678315428085e-07 1.104802324280577e-07 0.0 0.00021230210732819707 2.266675547247365e-06 0.0010255143665471255 3.1188194310903825e-07 8.857625376402253e-07 5.469798992079102e-08 3.6978507985447976e-07 2.0726233554795513e-05 1.32906390271663e-06 0.0 5.764430168934243e-07 2.544797887196514e-06 9.887532180404832e-07 1.173286748130868e-06 0.00024010305095496218 0.00020671952003857845 0.00020916739003246136 3.411315140191642e-06 2.4911187350005316e-07 6.56358958950752e-08 6.64759303645198e-05 1.1259163226776058e-07 0.0 4.2456937733094135e-06 3.0082966081802034e-05 9.035724258939354e-05 0.0002871628794740559 8.990094847964525e-05 4.3174119587891155e-05 6.093800739995481e-06 6.611520624454949e-06 0.00021316201256245146 4.7633192116611525e-06
0.004047850504005555 2.924309657946065e-07 0.00035823164292267005 4.222004471816221e-05 2.242326466110114e-05 0.00071323317679979 0.0037488622565685628 0.0065967739977239315 5.407267818517523e-06 0.0005773639295313347 0.00030929472961033054 0.00028526553301308954 2.63272950140848e-05 0.0 7.293462583584948e-06 5.815764413121273e-07 0.00042153501787259556 8.222359016786608e-05 0.00010327590013884224 0.00016765665080138042 0.0001811769595514353 3.8766732009455524e-07 0.00033154994684958365 0.0001420446821703249 6.952009730491647e-06 0.0002413539077027923 6.0446319909483246e-05 0.00030849333133340734 0.004710428908042333 0.001589812361987263 3.1286721157407858e-06 0.0005205812835692998 0.00010251018857710047 0.001126417784145708 3.0879047202258053e-06 0.00037744052336552447 5.087586807148352e-05 0.0005732209270368155 8.218815189330415e-05 0.00033230407169829846 5.628969237037022e-05 1.848519037473994e-05 3.158856495089732e-06 0.0 1.0530114226841133e-07 1.9041171287898246e-07 9.928396302998878e-07 0.0 2.6149086320338447e-07 1.0719205438711177e-05 9.736002545670104e-07 3.5475541195179816e-06 9.292825136526921e-07 6.204573037102387e-07 3.4486801909976116e-07 2.474192765943139e-06 2.603878533906593e-07 0.0 0.0 7.664732170533196e-08 1.3699683687851598e-07 5.576380176096624e-08 2.2237767364656602e-07 6.511364994595488e-08 5.323073870327237e-07 0.0 1.3120836141214424e-05 0.0 1.2637726573455989e-06 2.7824380070813712e-06 2.112418465540475e-05 0.0 3.172257610821732e-07 4.8739849630915475e-08 0.0 0.0 0.0 5.422644251570637e-07 5.31254285722015e-06 1.0903320312143082e-06 1.6187582432345967e-06 1.4325566939941261e-06 6.756572115326899e-07 7.417204557063047e-07 1.0482658328644555e-06 2.2318184533763015e-07
1.3579226401872176e-07 1.2128843912994743e-06 2.6084690755677896e-07 2.2900873926989682e-05 0.0007803426869308756 0.0015696261390572453 9.622963063398324e-06 0.0001511275958903248 0.0002757369505422089 2.9157593010224546e-05 5.2843699163611375e-08 0.0009094082673859171 1.615368349309923e-07 7.293462583584948e-06 0.0 0.0 3.88625050172613e-07 5.869900662711004e-08 5.74735310385824e-07 8.36887464463619e-05 7.052706957891257e-07 7.997640269555837e-06 2.466644761612551e-07 0.0001911110463954891 3.248977869576789e-07 1.6819325349287695e-06 7.3116490536843564e-06 1.487305142397333e-05 3.1520387180679626e-06 3.752774002544464e-07 6.304399458343609e-08 0.00010213158948049087 1.0115516616688552e-07 1.3320563171228348e-06 0.0 1.3406395099990136e-05 1.2516292676667888e-06 1.4479931192951491e-06 2.960904157266291e-07 0.0006352645101145423 4.5034896894949764e-05 0.0 1.921657111403032e-06 6.446292703175558e-07 0.0 0.0 1.0179007434645932e-06 0.0 2.0691117889087035e-06 1.523070499758514e-06 2.3114178305753087e-07 1.5195865997104332e-06 4.256298580277795e-06 7.275073025986522e-07 1.1163974294294815e-05 7.392535639745465e-07 0.0 9.622775398507548e-07 0.0 0.0 0.0 0.0 1.0128081333807848e-06 0.0 0.0 0.0 2.171384777693736e-06 0.0 4.650707973074596e-08 0.0 1.7894359839724971e-06 5.828820793419975e-08 0.0 0.0 0.0 0.0 0.0 0.0 2.3346476054981653e-06 0.0 0.0 5.6772647210309656e-08 8.163083389481568e-06 0.0 0.0 0.0
1.1621077346090463e-07 1.2218715800934634e-05 1.4714274954174671e-05 5.643528267221498e-07 0.0 7.022666140794331e-08 1.9691398795191895e-06 2.0079782834304758e-07 7.703156685826603e-05 5.6217703479134664e-08 1.8671395227722318e-06 1.7655360010053094e-07 9.14503374751251e-07 5.815764413121273e-07 0.0 0.0 1.4121298820187945e-05 9.186252327649511e-07 5.1049340368766785e-06 2.18669343000459e-07 0.0026344730122537367 0.0009037387415220639 0.0016095041016236406 0.002229105126766866 6.575646703664605e-07 5.568923651839118e-05 0.0011303245050568382 0.0018126744877828619 1.4579298332315409e-06 1.9946421888899618e-05 5.991076975696655e-08 1.9247549406488566e-07 5.821689728265208e-07 4.620806684268187e-05 2.2496413763970453e-05 0.000957188716974431 0.00025212979473125723 0.00024946734407988553 0.0003659649127898918 1.9307574251829123e-05 1.2664479704213745e-06 1.0635517912472555e-06 2.7489749687908256e-06 8.560013768924346e-07 1.1511625650339795e-06 3.5030116662612922e-06 0.0 0.0 5.06171237795181e-08 1.1447893782727556e-05 6.967109050613754e-07 2.700497978914679e-05 0.0 4.964508070278828e-07 0.0 3.544280254089757e-07 4.865642011302558e-07 0.0 0.0013615429933750622 1.0553933395495475e-06 5.791300937604772e-08 7.96111008513648e-07 4.71022017493083e-07 0.00017728226609411583 0.00042512335200823134 0.0005272142084428602 0.00025661049186789635 0.0 4.465370603211142e-06 0.0001854486897171866 0.0003473302152378126 3.5505469970655754e-06 9.752716615963551e-06 0.0 0.0 4.554401040437678e-07 8.229509358271926e-07 6.919285657444125e-06 1.4236864426115608e-05 4.650597745424043e-07 4.385792681036974e-06 6.635385474288277e-06 1.6784395225738628e-07 1.7176367221191124e-07 0.0 0.0
0.0001021310419663195 6.606566670026091e-05 0.0018927621822464875 1.3896991529696809e-06 6.977875196744459e-07 2.1265932524014246e-05 0.00011923561822746664 0.00031916959925815477 7.689981901888033e-06 5.240198296555013e-06 0.0001482305119448907 1.4723993235194024e-06 9.786525732797424e-06 0.00042153501787259556 3.88625050172613e-07 1.4121298820187945e-05 0.0 0.00010878327215343827 0.0009328154044958459 9.934603246702368e-07 0.00043685911023283284 2.639731811713331e-05 0.0032098234999731975 4.0925122537267875e-05 8.717206850942715e-07 0.0016727546860121577 0.002052684993096051 2.818093167282141e-05 0.00029932961746496754 0.00044795239999256413 9.07983555882504e-07 3.1221849213233737e-06 2.3347187938031957e-05 0.0009095062443099147 2.5086854408718776e-06 0.00017213804824253509 0.0007845425671246511 0.0005601571533419571 0.0001870483325560596 6.021079741868978e-06 2.5411740026636455e-06 2.691620531472783e-05 5.330078961024221e-07 0.0 5.730890222156561e-06 3.055618520730834e-05 0.0 0.0 0.0 2.7990271681422385e-06 0.0 0.0 0.0 0.0 0.0 5.50661896406548e-07 2.0783764692517896e-07 0.0 1.0128308311683516e-06 2.4520349213441556e-05 3.3253288888595646e-07 7.701794905797572e-06 0.0 5.171822660757456e-07 1.207656968476387e-06 2.446934764757367e-06 4.3120389200679027e-07 6.252565407407751e-07 6.982632409097273e-05 0.00015297160768366016 9.481620516834818e-07 3.07745310885033e-07 2.3418113298398674e-07 6.097076145368827e-08 0.0 0.0 3.897183795584083e-06 1.1546955271931886e-06 5.892571229142396e-06 2.4572603939560448e-06 1.236110822341503e-05 3.856408804550325e-06 2.2440666905465297e-07 0.0 0.0 1.2583247406262902e-07
5.517900679190283e-06 2.5636811110608567e-06 8.31280083687087e-06 6.902396967409022e-07 1.4160975452120424e-05 2.5645106903025636e-05 1.0166514867236001e-05 4.725938695406355e-05 7.12267793437645e-07 1.5168316703142028e-05 0.002826414277222884 8.307395274431574e-06 2.773526366682638e-05 8.222359016786608e-05 5.869900662711004e-08 9.186252327649511e-07 0.00010878327215343827 0.0 0.0018265123494570763 5.453715782109489e-06 1.761145352325405e-05 1.3236050905961483e-06 2.2299259638752207e-05 3.4711761145302815e-06 7.082436281528075e-06 0.0020648206328254468 0.00014441465565368894 5.314717491297478e-06 6.738312389768066e-05 1.3176492652413148e-05 1.1025902842030223e-05 3.950699363153905e-05 3.47448640216923e-06 0.0008227026695109259 1.2829638200598936e-06 0.0002345116013545201 0.00036513532879712624 0.000749528310700305 0.00031313874532252226 6.779539925901676e-06 6.562387255164437e-06 6.555273716051732e-06 4.960412665357456e-07 0.0 1.0681390330260569e-06 2.912210861063981e-07 0.0 0.0 0.0 2.122017240257499e-07 0.0 3.4626119471164063e-07 0.0 3.2636766611662833e-06 0.0 1.2159439835922332e-05 0.0 0.0 5.8999133825636747e-08 1.8346091007179313e-07 2.68933410239725e-06 1.117584717852643e-07 0.0 0.0 0.0 0.0 4.2953578022842743e-07 4.928740648850858e-06 3.0719528293655955e-05 2.9232685720667884e-05 3.175686014952891e-07 0.0 0.0 3.6893615905647118e-06 0.0 0.0 5.0322168326500516e-08 2.454277466229289e-06 1.601714192420598e-06 1.9475071897832002e-06 9.843310359931657e-07 5.016863618418564e-07 0.0 0.0 1.554915538168973e-06 0.0
1.9180740639761766e-05 1.0884611565218466e-05 0.00010560471904434968 9.326835963014185e-07 3.6175045402445296e-06 1.2009999312347969e-05 1.4899856507616387e-05 5.2684601717532706e-05 5.223567259793567e-06 8.287045540375936e-06 0.001114960776705325 4.39895500106887e-06 6.626827860325053e-06 0.00010327590013884224 5.74735310385824e-07 5.1049340368766785e-06 0.0009328154044958459 0.0018265123494570763 0.0 3.4859966158172604e-06 4.8816036871824605e-05 1.3399063996350494e-05 0.00018693711260578378 1.502210674513554e-05 1.231679849870625e-06 0.0022749706786188693 0.0006027610973197662 6.528537061548886e-06 9.208441917889043e-05 4.894428249392033e-05 3.029090719451349e-06 1.5214993612960561e-05 6.87107281639961e-06 0.0009697574349251743 2.0362459251249756e-06 0.0002391799473533804 0.000506636101344436 0.0007837264152858096 0.000343104562800427 5.555294035654136e-06 3.461622268001539e-06 1.0870703012483254e-05 7.844428289164066e-07 1.5985181463242392e-07 2.5481921346502427e-06 4.581889898308247e-06 0.0 0.0 0.0 4.810371335475886e-08 1.8845073364336357e-07 0.0 0.0 1.0557369711625361e-07 0.0 1.515342912354389e-06 3.1253000913547e-07 0.0 4.003918981832431e-07 2.9334515903830523e-06 1.3412543051059218e-06 3.0248256002275346e-06 0.0 2.908242241097814e-07 4.3900299230086896e-07 5.285492378112199e-07 3.365684057662352e-07 1.6271393077003796e-06 2.6371571149464348e-05 3.763896622426972e-05 7.1197174188334e-08 0.0 6.40360588764559e-08 3.0995683417398783e-07 0.0 0.0 8.047713858320392e-07 1.1277633614125377e-06 2.3397885559644378e-06 1.3760173002253011e-06 2.117708759421151e-06 9.672386640942615e-07 0.0 0.0 0.0 0.0
2.5885976739385824e-06 4.3608567241135895e-08 1.8046997926183744e-06 0.002545750291368592 4.215099081566015e-06 0.0001883286908700296 5.774279419005294e-05 9.873577978524574e-05 0.00029611168409005104 0.003811622051204438 1.4796665534003486e-05 0.0037899815025534446 3.7433696078824012e-06 0.00016765665080138042 8.36887464463619e-05 2.18669343000459e-07 9.934603246702368e-07 5.453715782109489e-06 3.4859966158172604e-06 0.0 4.780960116642507e-06 3.972699083949654e-08 1.7303395788766615e-06 0.0003006646970957463 5.694880342352002e-07 1.3220886580085936e-05 2.413265223300056e-06 0.0019540733491821747 9.814436015368171e-05 1.4981154401825938e-06 2.3461288110572062e-07 1.0628461301155563e-05 2.7200958646776618e-06 6.58687697844725e-05 6.02759003932267e-07 0.00012506344118276425 2.7950255763686948e-06 0.00022049390970995417 4.001305016465026e-05 0.0003622044146928012 4.0840917570172047e-05 1.0918063102164523e-05 9.254017215038046e-06 0.0 2.2463351570692468e-07 1.4070842109287974e-07 5.6000397489300175e-05 0.0 2.166483399461296e-05 0.00016768166737192206 7.278910947452747e-06 3.958336834050387e-05 0.0001002088405595777 4.604016837096399e-07 8.418006376335939e-05 7.227359787136723e-06 2.1437206594025926e-06 4.484479928842023e-06 0.0 0.0 0.0 0.0 2.181632905970252e-05 0.0 9.273771499788543e-07 1.967506750353733e-07 0.00010654375931796565 0.0 1.1662220511371305e-07 6.340509434580839e-07 0.00019348616490110412 1.090069615303371e-06 1.4554117798143587e-07 0.0 5.316931457657259e-08 0.0 4.066585022166451e-07 1.2675355190307339e-06 6.738331998016616e-06 0.0 2.7775365084321714e-06 2.5545334819847864e-06 2.5553409469970762e-05 6.494076235309654e-07 1.990489863891897e-06 2.0825865286834895e-06
1.3509693881339834e-05 3.218254883809161e-07 0.0007053623420219002 7.974124883057485e-06 8.144296475869042e-07 7.681099653213739e-05 0.0010394234949825214 0.0003116402042457545 1.1157476250790371e-05 3.928192006976051e-05 6.00596597173554e-05 1.941328578754173e-06 1.8665347218705437e-06 0.0001811769595514353 7.052706957891257e-07 0.0026344730122537367 0.00043685911023283284 1.761145352325405e-05 4.8816036871824605e-05 4.780960116642507e-06 0.0 1.4012711141714813e-05 0.010587825022592631 0.00017698908234602674 7.185279713842762e-08 0.0001821392965046072 0.00018837268469371602 0.001989619825510005 5.1158512543251216e-05 0.007046167781364326 1.518998622419697e-07 3.0798793522061915e-06 1.5044505327926807e-05 0.0019436432246647906 0.00010565102736309392 0.0025629637342930063 0.00031113414540079586 0.0031450597624395485 0.0018351318127725457 8.237834799070953e-05 8.267982046444995e-06 2.008824056796796e-06 1.157936893218254e-05 9.234388734926817e-07 1.0805366101371283e-07 5.683073594710719e-07 8.96303558460823e-08 0.0 0.0 8.49439762986902e-06 1.1337468857100352e-07 9.849144648495123e-06 7.466174194294057e-08 0.0 0.0 1.055713918299905e-06 3.9990915819459396e-07 0.0 0.00013898524319280368 7.593134680085384e-07 0.0 1.9887249169681434e-07 1.1274242338495562e-07 5.966710759099918e-05 3.998391160487153e-05 2.290002380781333e-05 0.0001049898202014893 0.0 5.223054434912196e-07 5.616516259724916e-06 0.00013981147692110937 3.1233620067417375e-06 5.615288151563546e-06 0.0 0.0 4.2430235200533114e-07 4.7646550349310424e-08 3.063454041305881e-05 1.8579814761025208e-05 1.1621865072402708e-06 1.9696889297761913e-06 1.0030839847459876e-05 1.0308187602733687e-06 0.0 0.0 0.0
4.239846370125619e-08 0.0008574719043026669 5.77096818154055e-06 6.695760107162782e-08 4.388498854767295e-07 9.963523261638217e-08 1.7568187151887598e-07 2.905307661472545e-07 0.00121207805226495 0.0 5.525373519532971e-06 3.117491407893383e-06 0.00012914654496464092 3.8766732009455524e-07 7.997640269555837e-06 0.0009037387415220639 2.639731811713331e-05 1.3236050905961483e-06 1.3399063996350494e-05 3.972699083949654e-08 1.4012711141714813e-05 0.0 0.00019244864226185498 0.0024580312260456473 0.00038397990237787084 0.00018438508971678027 0.0019018874785675963 5.4734777669715274e-05 1.0337965123951038e-06 6.216589008866095e-08 9.110661848279459e-06 2.953542216129173e-07 0.0 9.650243824123846e-06 4.588716420983243e-07 3.190698478696781e-05 2.461301897324726e-05 3.798330376122266e-05 2.00518862190364e-05 3.0022922760979574e-05 2.162914091509693e-07 3.1511880191929715e-05 5.029591206926279e-07 5.349491069197594e-08 9.28811285815166e-06 9.320228398149801e-06 0.0 0.0 4.6666133676269716e-07 3.515457348324622e-06 0.0 6.56494587089041e-05 7.635324236144166e-08 2.674864561935738e-06 0.0 1.0575792719610599e-05 7.024798134987791e-08 0.0 0.0005366869377720061 3.7277559152147855e-06 2.3128349660350398e-07 2.854033783906042e-06 0.0 2.679809137751469e-05 4.2360246516608824e-05 0.0002348225004768663 5.7314134156157693e-05 3.922270049607182e-06 1.8730653423543333e-05 0.0005622592049930645 6.05769440366362e-05 7.388787127724364e-08 1.6368550645991612e-06 9.312531532457806e-07 0.0 0.0 1.3652324624800406e-06 5.149144518104845e-07 3.973935185159496e-06 4.1873123658897255e-06 2.242191191773251e-06 2.1570143649274895e-06 4.535631540941374e-07 0.0 2.074468941494327e-06 2.0057915613628956e-07
6.342681496293707e-05 1.039305224140725e-06 0.005077066723298074 3.441474679724098e-06 1.182438954587665e-06 4.3544258160410694e-05 0.0004839390672896549 0.00037471888990617134 2.9063955188428307e-06 1.6117786928554483e-05 5.457941808726523e-05 1.3724152991230573e-06 4.47917292289028e-06 0.00033154994684958365 2.466644761612551e-07 0.0016095041016236406 0.0032098234999731975 2.2299259638752207e-05 0.00018693711260578378 1.7303395788766615e-06 0.010587825022592631 0.00019244864226185498 0.0 0.00039369314064430905 2.2544471556856506e-07 0.0012002943494430775 0.007532856796157939 0.0014426508741733279 7.958406561346804e-05 0.0016062233520618113 2.9155984315626864e-07 2.88397541155552e-06 1.0007910859712023e-05 0.0020725585052219727 0.0001605144326384844 0.0045769728029559495 0.004355072733704568 0.004156538061968214 0.004018664709949508 0.0001151342342935661 1.200887747583779e-05 8.857468622339672e-06 1.781373189883199e-05 0.0 2.9024512523946953e-06 1.9395009753616744e-05 9.541727662400177e-08 0.0 0.0 6.313560726933582e-06 1.263496100184254e-07 1.194723810803707e-06 1.6151394802735866e-07 2.508110466275633e-07 8.577869451865278e-08 2.6134283858408566e-06 3.039436032159054e-07 0.0 0.0008071719751302535 5.226270855370159e-06 1.2169874419132747e-07 5.202050779951072e-07 0.0 3.715290041730705e-05 0.00022770069661379506 0.0004202153652113145 5.1492140271363895e-05 1.5152473315502597e-07 5.377751443431802e-06 0.000522104195771191 6.14043068187387e-05 3.344369364663477e-07 1.4761022354112596e-06 0.0 0.0 0.0 1.056059653346701e-06 3.5154903872874993e-05 8.754662021343936e-06 2.9875413482963665e-06 4.499904652103953e-06 2.738196295457451e-05 3.040307008135952e-07 0.0 1.7256693846156013e-06 2.785779398524095e-07
2.141212987685592e-05 0.00024535804917002893 5.08220620918777e-05 0.0013852895385263978 7.972942147314174e-06 7.490106738416584e-05 0.0007394464008964324 6.439777455898275e-05 0.004301594970760763 0.00028789050116099905 1.0310813012324809e-05 0.0002922968514995587 3.152229796696722e-05 0.0001420446821703249 0.0001911110463954891 0.002229105126766866 4.0925122537267875e-05 3.4711761145302815e-06 1.502210674513554e-05 0.0003006646970957463 0.00017698908234602674 0.0024580312260456473 0.00039369314064430905 0.0 7.665037296571114e-05 0.0002734855790776107 0.001679096003261809 0.004512511246081679 0.00038309052670829703 8.593268303277329e-05 2.9009211992048447e-06 6.503294559059227e-06 7.574116397244923e-05 0.00020682778344860813 3.100367145236294e-05 0.0014446682362339095 7.862116389796755e-05 0.000564175147526375 0.0002835779193774712 0.0007474995426984995 5.168880864617447e-05 2.606615872806923e-05 2.2779178204795918e-05 3.1375872439801287e-06 7.098443721566467e-06 5.009868234393183e-06 0.00015407532929838591 5.603178849090958e-07 7.148303853482253e-05 0.0009217461463515837 6.267511658142979e-05 0.0006724318119133361 0.0002201034882385409 4.00082689939934e-06 0.0001416697367961321 2.1993649749306914e-05 1.5502410127640245e-05 1.0788199229320466e-05 0.00015368664559521592 2.9247467206152362e-06 1.3712426019693525e-06 2.0114940321680646e-06 6.24054062167746e-05 5.542320734429675e-05 6.848108692044341e-05 2.878899535541994e-05 0.0016662015686553962 1.4911010345544213e-06 1.8177886630574083e-05 5.441545385112489e-05 0.0018538839633436383 2.4624172375050276e-05 5.522861146544922e-05 8.662149258750045e-07 4.780050896765423e-07 1.829670446550809e-06 4.945751118054651e-06 9.503929342824915e-06 0.0001269000333352645 6.717521874403856e-06 4.27419081433714e-05 2.5288071827722097e-05 7.002840139371666e-05 5.749018691516032e-06 4.797295306403761e-06 5.648172016109255e-06
