0.0 7.406778303152568e-07 0.00018186970838662773 4.544632590259292e-06 0.0 1.756145808458963e-05 0.0008137236180612982 0.00039663894846044613 4.869146527653053e-06 4.196634258833612e-05 9.935534477760082e-06 6.311689133335637e-06 7.364200140011996e-07 0.002285336068192805 6.36904518028936e-07 9.907593003755001e-07 6.21933988806545e-05 3.005093132867384e-06 1.2830457510751619e-05 6.687403808104843e-06 7.447150672882901e-05 2.5744427036687065e-06 0.0002741516726331943 2.6357809598529183e-05 1.3618788131445253e-07 4.902786729260023e-05 4.1514193225330324e-05 3.501855623724574e-05 0.0020863723412380187 0.002637035137214062 1.657654530460911e-07 7.812603473417324e-06 3.710716401942466e-05 0.00016057937848220082 1.2245050062131152e-06 4.691288048799419e-05 9.058776972277022e-06 0.00011308847317911659 1.3159049572931381e-05 7.144263430795275e-06 2.479486766146237e-06 9.956602436728274e-08 1.955470372138267e-07 5.788726665804641e-07 2.8539959456228605e-07 2.5155368505359535e-07 6.179555186854728e-07 0.0 1.2880682743585277e-07 1.0180834865716946e-06 1.2996867768649443e-07 1.323576047105648e-06 0.0 0.0 0.0 8.846928984565071e-08 1.228638259209153e-06 0.0 2.3767677732036552e-06 7.606559400518381e-08 0.0 0.0 4.737838112919554e-08 2.0261844783315672e-06 8.010634979578074e-07 2.1701959574712434e-06 5.491426142549379e-06 0.0 6.813215308846382e-08 3.3470629590103017e-06 3.7984407235089918e-06 1.0962192633375745e-06 1.5235232616343846e-06 0.0 0.0 3.437522299074098e-07 2.552899789245949e-07 7.191266493210288e-08 1.491848194717303e-06 6.984616120494742e-08 1.0094297981076707e-06 0.0 0.0 4.0665646405801636e-07 0.0 0.0
7.406778303152568e-07 0.0 0.00028302214344236423 1.4785240652520115e-07 8.753414417902699e-08 5.172641070139825e-07 2.0555176967583354e-05 1.492833512743442e-06 4.773306817113283e-05 8.932852260429964e-07 0.00010588327871204165 3.314970131491557e-07 0.0004236540188578314 2.557112069846766e-06 1.3472871686388135e-07 0.00018135551813464466 0.00044029386571584403 1.3740510981845428e-06 2.3918941773069178e-05 5.193859435692786e-08 2.4497636872057525e-05 0.002168159964280257 0.0001633014836617767 0.00014278375800746317 0.0007958718097984967 0.00035895347695829547 0.005448349311760506 1.195797437518737e-05 1.6679034053074447e-06 1.315137952053267e-05 4.495279306790316e-05 2.2988400562200032e-07 4.125808334574859e-07 5.254178199762556e-05 5.201632345520869e-06 0.00025276245055683817 0.0004068730845379636 0.00029441460903773437 9.722982004233502e-05 3.5696527711395675e-06 3.225713143786243e-06 4.162006148735285e-05 1.3126921235986575e-06 0.0 0.00011462453757448065 0.00018299875099686027 6.964902393720161e-08 0.0 0.0 5.403900207648751e-07 4.889529699391658e-08 1.316959499670613e-06 0.0 1.861664502955913e-06 0.0 1.2712331232795149e-05 0.0 0.0 1.1017526591008334e-05 6.801175027857182e-05 4.982228208124915e-07 6.8022705441918495e-06 0.0 1.5831304064931308e-06 7.512816657658582e-05 1.3198903716616343e-05 8.247669381272855e-07 3.570864397609072e-05 9.654465063932638e-05 0.000749693253625865 5.483451020924529e-07 1.6513700536572378e-07 6.601942449428817e-07 1.3796377535852955e-06 0.0 0.0 6.336045681759577e-06 5.952610667646002e-07 2.770268098442679e-05 1.2602456589186831e-05 1.736165287502624e-05 1.5258935233948545e-05 2.039204316119525e-07 0.0 2.7016694291688015e-07 5.183584251050223e-07
0.00018186970838662773 0.00028302214344236423 0.0 2.0085613347428185e-06 1.0214257555412912e-07 8.861587702885825e-06 0.0005361513348236499 0.00019762535968276685 5.92113336412807e-07 2.1242842412739007e-05 2.2909673854483464e-05 1.6101808586798954e-06 1.1443867157231587e-05 0.00036287380402616346 3.3239545032761863e-07 9.180697594261077e-06 0.003333603206802535 8.955048921515678e-06 5.8724390127540775e-05 2.0834287465065144e-06 0.0010771256598099824 0.00011365583281563936 0.006815460667929706 1.5733465148331636e-05 1.7194104682641968e-05 0.004943532602398181 0.005702068957561469 0.0003720144353614265 0.000117773887134822 0.0008797864175466465 1.2479696120372703e-06 1.3731847001090689e-06 9.489231909337525e-06 0.0003752757705653566 4.1400941261670904e-05 0.0015143321979109179 0.0019324783088464975 0.0015414211038084521 0.0005571979993451856 2.602024338933153e-05 6.343815632809851e-06 2.9059070925070914e-06 7.938353253153464e-06 4.949651982608565e-07 0.00036119878048780104 0.0006110723314898726 0.0 0.0 0.0 2.287272687778198e-06 4.172869107480403e-07 2.382531468281813e-06 1.0282141658156577e-07 8.558708545259556e-07 0.0 5.940780569556486e-06 7.398147838843543e-07 0.0 9.575689852312585e-06 0.00018723518090888407 8.888304566174885e-07 1.1993197360454987e-05 5.121084960223139e-08 9.871041420850051e-06 0.00019781250405700868 9.196874693512188e-05 5.609866566591154e-06 1.6834530259495403e-05 0.000170922061845675 0.0013655355707096724 5.6694698196135276e-06 2.0821310912191267e-06 6.4981485116374406e-06 7.286072732126639e-07 0.0 7.903910431706855e-08 2.6343054079474987e-05 5.0158051553184e-06 0.00010645896893276249 2.774103679975575e-05 6.632890729613172e-05 5.826492561405588e-05 3.8005621099044556e-06 8.307355050375838e-07 1.0093283730050425e-06 2.19304309133022e-06
4.544632590259292e-06 1.4785240652520115e-07 2.0085613347428185e-06 0.0 6.202146253431521e-07 3.40112259559504e-05 0.00046805458583612384 3.815349772416874e-05 0.00039744927374732393 0.0024784095574600156 1.036988382528657e-06 0.0007078934270338795 2.162599182908539e-07 2.8860727306728825e-05 1.5775784559600477e-05 8.632266626226751e-07 2.975930002831733e-07 3.642902607207629e-07 3.4349176333595296e-07 0.0015523782853546502 8.348989801278323e-07 1.7707978419062066e-06 2.211149833442318e-06 0.0014185222676825911 4.685020859770259e-08 6.899524903694823e-07 2.759941260823988e-06 0.0022018877129837324 3.703121775869871e-05 2.5010875342921975e-06 4.078945304606654e-08 1.3495519309409342e-06 3.6369163981242583e-06 1.0917927066564785e-05 7.54539120776188e-06 0.0001959504437366967 2.6477565524649523e-06 6.754727395969992e-05 2.7438670415102336e-05 6.420211505810263e-05 6.21100776022841e-06 7.097920531867008e-08 2.2260434492560444e-06 1.1247600351276828e-06 0.0 2.7811748172251156e-07 0.00013637282955121253 1.2680797863916257e-07 7.342552158284326e-06 4.4675404112576506e-05 3.279237589847699e-06 4.1941341910300186e-05 4.634724643278793e-05 0.0 0.0001063675751263642 0.0 1.7502002426699254e-06 4.149218499705814e-06 2.468328187848341e-06 0.0 4.590726698125212e-08 0.0 7.987150606007965e-05 1.6028521256509207e-06 6.721986326424571e-07 1.08776752066678e-06 0.0002660169937422883 4.6611161449549384e-08 0.0 3.965820261465834e-07 9.712033060049543e-05 2.507857336596032e-06 2.0994407885164926e-06 0.0 0.0 2.8371566530733886e-07 1.0377794484023407e-06 0.0 1.4026643989083942e-05 1.4933251159270858e-07 2.9967680692658218e-06 6.764620391231616e-07 5.949918767503671e-05 7.791318050418768e-07 0.0 5.135251080916258e-08
0.0 8.753414417902699e-08 1.0214257555412912e-07 6.202146253431521e-07 0.0 0.00025792811723112264 6.261043283431556e-07 2.583590059913061e-05 2.8612835475479384e-05 1.3728956524806096e-06 1.9580908139087833e-06 3.9542705748930144e-05 5.103398974321771e-06 2.472185803886566e-06 0.0007634918852838787 0.0 0.0 3.024224581990966e-07 3.045399036498446e-07 2.656645383963673e-07 0.0 7.834768336849412e-08 5.869106959957262e-08 6.834807519863161e-06 0.0 7.141445994989685e-07 2.8679904735725476e-07 4.2514510131021177e-07 8.572883579117358e-06 0.0 7.092029985840411e-08 2.1010521217229587e-05 6.25415199117365e-08 0.0001890969843311643 6.696886232635806e-08 1.9735948497292935e-05 1.0168640772479227e-06 2.8521014520600715e-05 2.735373476944817e-06 0.0011202298504909105 0.00010064364172496951 2.6315914110959345e-07 1.2616516840472066e-06 0.0 0.0 0.0 2.7330668497782727e-07 0.0 0.0 0.0 0.0 7.59723167955241e-07 7.080549273166366e-08 0.0 9.1683745343237e-07 0.0 0.0 0.0 0.0 0.0 0.0 0.0 1.363711291051841e-07 0.0 0.0 0.0 5.060786132504643e-07 0.0 0.0 0.0 1.0820287276120846e-07 0.0 0.0 0.0 0.0 0.0 0.0 0.0 1.01640265932723e-06 0.0 0.0 0.0 1.1919553032956246e-06 0.0 0.0 0.0
1.756145808458963e-05 5.172641070139825e-07 8.861587702885825e-06 3.40112259559504e-05 0.00025792811723112264 0.0 0.00021367874088507123 0.0028192242920192785 1.6741501272059646e-05 0.0021407793538843313 7.545159355395559e-05 0.00242564085441697 1.3443858848351114e-05 0.0005237965410039281 0.00035349974565320824 2.1301326326968383e-07 2.9298789384305267e-06 2.3952166380161754e-05 1.919623668323937e-05 0.0001895484182224094 2.0019774238956416e-06 2.3340690736293803e-07 8.592425283450486e-06 2.5746755799440283e-05 1.8890367293909616e-06 2.8669539476146612e-05 1.332042032424307e-05 5.876563652146339e-05 0.000324112317534804 1.668633499077994e-05 2.602106764630814e-06 0.0004966986204122523 9.933937543938948e-07 0.00029664484691261533 5.844533745513566e-06 0.0002889272425020324 1.8825768469900758e-05 0.00045972754273445335 4.3971044932007045e-05 0.001172160231689879 0.00044281722567312176 1.508944405760279e-06 4.894641084225963e-06 0.0 0.0 5.031091052687269e-08 8.297299997983744e-06 6.049539614790771e-08 2.330439132064994e-06 4.267053319632539e-06 2.1872056559791338e-07 2.851416771231899e-06 2.8769902653776216e-06 2.387910317626789e-07 1.0974746739893343e-05 5.180487028631639e-07 0.0 8.003839694135356e-07 2.48134295519964e-06 0.0 0.0 0.0 6.70164949250218e-06 3.550312300528661e-07 4.907631690271342e-07 3.2335153058187144e-07 2.4550920151127256e-05 2.1101417302362897e-07 2.220371549952461e-07 5.664986853813054e-07 7.500251033597051e-06 9.551815850674929e-08 4.740960748906866e-07 0.0 0.0 4.9367666075625797e-08 0.0 7.297848790574437e-08 5.61977877508367e-06 4.589888091280853e-07 7.252905283055709e-07 0.0 1.8029242132894894e-05 4.730153475342267e-08 6.275886935596235e-08 0.0
0.0008137236180612982 2.0555176967583354e-05 0.0005361513348236499 0.00046805458583612384 6.261043283431556e-07 0.00021367874088507123 0.0 0.0011587334777856712 8.547725498603625e-05 0.004003297091898458 9.538897270202754e-06 3.8550010069665616e-05 3.126996415513161e-06 0.003494963436491627 1.6403228817331658e-06 0.0001460067579192603 3.0868008767497636e-05 2.874027472962113e-06 7.118974331262289e-06 0.0001589434888931768 0.0003278667901571194 0.00024150149030885117 0.0008114310881409927 0.0012740017847501488 1.5879341357284449e-06 7.152470843487665e-05 0.0005240623644160063 0.00970019561615776 0.0009143467475414283 0.0018459208046965137 3.451450080597709e-07 8.352200316649668e-06 0.00010816244869062135 0.0001864272668990568 7.01166837945938e-05 0.0013768639805497632 8.65839003521464e-05 0.0006617340343781207 0.0002730373612252003 8.207028874247515e-05 3.3216022548660335e-05 2.9725878525406376e-07 7.346633556960023e-06 6.222739944461986e-06 2.2082730624784415e-06 1.0261158992199557e-05 1.8856310979695212e-05 0.0 2.636913483008944e-06 0.00010594381880906089 7.334819529576532e-06 5.227879385177453e-05 1.3537644411232662e-05 5.657174166225227e-08 1.1139291531352855e-05 1.0702245137129438e-07 7.440142852659985e-06 7.085956101991117e-08 0.00016925708159825603 3.698182439258902e-06 1.5279120417208084e-07 7.683736561920917e-07 1.6857982567771403e-05 0.00011360873700802178 7.579540595386318e-05 9.27035927606506e-05 0.00028332525804586003 6.199275461408693e-08 1.1463762887718818e-06 5.035738142261079e-05 0.0001769403674806144 2.8585625732189694e-05 5.957228392066229e-05 1.2028954967816794e-07 7.27823491743543e-08 1.9842594848308887e-06 7.662564399136223e-06 1.284175893704146e-06 6.0259350117141246e-05 4.865405719906642e-06 1.536534215722666e-05 1.0351762362947949e-05 1.7356091498146267e-05 1.7765216732850139e-06 5.12674469702652e-08 5.527006767526851e-08
0.00039663894846044613 1.492833512743442e-06 0.00019762535968276685 3.815349772416874e-05 2.583590059913061e-05 0.0028192242920192785 0.0011587334777856712 0.0 1.6834288396802115e-05 0.0009595195609193675 0.00012091114171484373 0.0009172611548710973 1.1930883318583713e-05 0.004890461199209706 0.0001503967514524358 4.957137964651762e-06 4.954393106069789e-05 3.768356948273396e-05 3.9045139371647235e-05 0.00010978683295959795 5.593344050697351e-05 1.4625085038106155e-05 0.00019874226551124687 0.0001829124406408325 2.0724307934215853e-06 9.00428496147013e-05 6.365873882842626e-05 0.00017565901527993755 0.0012241874069271826 0.0005412396625204416 3.617277197356131e-06 0.0008261778214830309 1.0050156330990554e-05 0.000494318505045916 1.2996418938834618e-05 0.000401777659072876 3.8490003964516757e-05 0.0004569619407587514 5.3235023541933886e-05 0.0005173751239995512 0.00016219046702270522 1.911555835872345e-06 4.190268840836635e-06 1.0196283532696531e-06 7.011233662155298e-08 6.931303609682435e-07 2.337424736900175e-06 0.0 1.6121277303853788e-06 2.5355908514909903e-05 2.4564444470762426e-06 1.1035584863183556e-05 9.801340468929989e-07 6.518553859886343e-07 1.3327904178257972e-06 5.80842668316614e-07 2.0898577778171333e-06 0.0 1.7893906301834344e-05 1.7747485100741753e-07 0.0 7.39190191209098e-08 1.2448712028336726e-06 8.164311709526151e-06 4.403834470682628e-06 9.524106626404533e-06 6.439414726780599e-05 1.1741939197146719e-07 3.897449699637707e-07 4.693983959456621e-06 3.288972068690559e-05 5.481241906562433e-06 7.736083222073662e-06 0.0 0.0 4.572091390614858e-07 2.4010193525393794e-06 0.0 9.316252063859914e-06 6.321197773538299e-07 1.4051123721699871e-06 1.628296452571246e-06 1.8340026395922613e-07 6.715245387550721e-08 0.0 0.0
4.869146527653053e-06 4.773306817113283e-05 5.92113336412807e-07 0.00039744927374732393 2.8612835475479384e-05 1.6741501272059646e-05 8.547725498603625e-05 1.6834288396802115e-05 0.0 0.00011020726298042098 9.226119973624914e-07 9.896179628853358e-05 1.803923630730819e-06 2.1050241327870597e-05 0.00045745262357424845 1.428874892543593e-05 7.676573127582442e-07 1.4581955019934534e-07 4.523956454501685e-07 0.0002741873797940083 7.00705684596456e-06 0.0013968079178677244 4.179446748828822e-06 0.005275700211934273 2.8573176545651976e-06 7.725520111109857e-07 7.5219163628477205e-06 0.00034350259971439694 3.548052205974768e-05 0.00011034019203193697 1.375355616363196e-07 5.095783235753032e-07 1.609257069318138e-05 2.5074387534295846e-05 6.088400534005988e-06 0.00018945196711583448 1.0545311668579943e-05 5.0996433391289495e-05 2.0924099786309303e-05 0.0003941826371010782 4.5025338309708994e-06 3.993487002925126e-07 1.26348500907348e-06 1.673197316039804e-05 2.2909433892692376e-06 4.513758758735747e-06 0.0001236964065983675 1.441541552524115e-07 8.632600035060523e-06 0.00013646391742080393 1.381780751335846e-05 0.00023254486693695178 3.235722351491762e-05 3.844892597947986e-07 0.00010323507631309388 5.419110412687964e-08 1.7696768309740435e-05 1.217061664946199e-05 0.00024251143642800964 2.3181555306831185e-06 1.5174877314028185e-07 4.349849363787471e-07 7.720580046876904e-05 8.601969116739619e-05 8.682093774126556e-05 2.8702328768450233e-05 0.0008847360117287329 0.0 2.2147558469654247e-07 1.9007048051350804e-05 0.000322694642372124 5.827143334558233e-05 6.891455631959476e-05 0.0 0.0 5.107277690579055e-06 9.503324563945973e-06 1.2208083714233606e-06 5.5019908155677995e-05 4.7366182452512254e-06 1.3560746057276218e-05 6.107683506929196e-06 7.332545803364434e-05 1.6724377261600828e-06 5.8109340325096424e-08 1.9304470919863822e-07
4.196634258833612e-05 8.932852260429964e-07 2.1242842412739007e-05 0.0024784095574600156 1.3728956524806096e-06 0.0021407793538843313 0.004003297091898458 0.0009595195609193675 0.00011020726298042098 0.0 1.7571848407840263e-05 0.002817469796601121 2.7968805090996176e-06 0.0006684918276576099 2.7593089172148885e-06 9.565585499234102e-06 2.155541597516138e-06 5.7125866440096956e-06 7.798165943176456e-06 0.005177022173511484 8.571387292850049e-06 1.2147617791277644e-05 2.7249380333556966e-05 0.0008065621177486046 5.85396174162842e-07 1.4022172363218883e-05 2.507823238625664e-05 0.0027240992863724893 0.00018645490542367935 3.3430299218238874e-05 6.827942042225468e-07 1.503367565071584e-05 9.958275918182743e-06 0.0001072142656913617 4.650847567021772e-05 0.0006476432166591424 1.5786104559700553e-05 0.0006573343633006811 0.0001656765811291989 0.0002447061727546263 6.500368838253258e-05 4.1652890297551225e-07 1.5196131745568454e-05 4.4966716941220946e-07 2.2023006610248422e-07 2.298874923145213e-07 8.153845920253483e-05 6.894845246694074e-08 6.462364050195447e-06 6.561259589729492e-05 4.159671873979536e-06 3.510309201819776e-05 3.412687603153141e-05 5.705305255518013e-08 8.938604411773075e-05 1.2017238944321206e-07 1.9607375613829685e-06 3.6805120984578944e-06 9.386942471184215e-06 2.5853913437901645e-07 0.0 0.0 5.963387475211609e-05 6.785822248195814e-06 3.22013746410068e-06 5.353144494191369e-06 0.00025768414917303736 0.0 8.00619820426878e-08 2.3267110392876706e-06 0.00011083761548756542 5.301186100986534e-06 5.178106779870667e-06 0.0 0.0 2.834443089602972e-07 2.5141759805309936e-06 1.1968974853259724e-07 1.4963365771682693e-05 7.635848436166828e-08 3.6359048357798836e-06 1.3360595890233174e-06 4.1338783110149626e-05 3.2561914526038523e-07 4.330137355804977e-08 4.7502608055049535e-07
9.935534477760082e-06 0.00010588327871204165 2.2909673854483464e-05 1.036988382528657e-06 1.9580908139087833e-06 7.545159355395559e-05 9.538897270202754e-06 0.00012091114171484373 9.226119973624914e-07 1.7571848407840263e-05 0.0 4.1509434061918426e-05 0.0012167611868469951 0.00010019909039697398 4.493454250381693e-06 3.35714478363535e-06 8.638963896322952e-05 0.0022497841251940794 0.001160110418521206 3.5194534347733654e-06 2.799138592666768e-06 3.38075858552356e-05 1.1123524290352157e-05 4.592667144822176e-06 0.00061453319392967 0.002239173601923465 0.0008845432751375697 3.4848124325066717e-06 8.91987409311923e-05 1.0470929373605943e-05 0.00019581322904080434 0.00011291013711505648 1.8133229025559934e-06 0.0029802875507266673 3.3349091059692445e-06 0.0002266093342406908 0.002031535868356458 0.0017614663292214526 0.00025718824149150463 4.275328450687006e-05 0.0001305927068312104 0.00043032102170469956 8.844709839823433e-06 0.0 6.3224593669307395e-06 5.567400427771078e-08 5.4497327399130815e-08 0.0 0.0 2.3386211717030408e-07 1.9260205066587514e-07 0.0 0.0 0.0001947294735123518 6.246210762491829e-08 0.0007183861889015434 7.217653225647629e-08 0.0 6.390192338741538e-08 6.25952362568422e-08 7.227945303560997e-06 1.9658296384528205e-06 3.5469325005061187e-08 3.283297213064585e-07 6.67543742617222e-07 1.4205201114360697e-07 4.916747263185339e-07 9.058647813236348e-05 7.54682580494421e-05 0.00011925294296979183 2.896616014551481e-07 1.691551484002247e-07 2.9060203854598495e-07 8.923320622379931e-05 5.499298611362963e-08 0.0 4.217454124077963e-07 5.688147372577981e-07 5.873729872264944e-06 6.198742482807136e-05 3.7417965920533087e-06 4.206137965284513e-07 0.0 2.3231758604603914e-07 3.929144846957209e-05 8.493890726676897e-07
6.311689133335637e-06 3.314970131491557e-07 1.6101808586798954e-06 0.0007078934270338795 3.9542705748930144e-05 0.00242564085441697 3.8550010069665616e-05 0.0009172611548710973 9.896179628853358e-05 0.002817469796601121 4.1509434061918426e-05 0.0 1.1180103177278661e-05 0.00035225224404779467 0.00037070914353808543 2.2225781106805992e-07 2.202980119998958e-06 1.4997920989854756e-05 1.6243854324351446e-05 0.0024067958779584973 1.0654081390786984e-06 1.08682345774311e-06 1.6024762503754928e-06 0.0004029863526855936 8.684840097364926e-07 2.1390519285576064e-05 1.0580803170095297e-05 0.00046032685251010504 8.379283051434963e-05 4.103680073229516e-06 1.3893841191031515e-06 2.6005794566217406e-05 1.0015433416003793e-06 0.00013838765853087365 7.421832515532725e-06 0.0009900822573150813 2.1707522306164265e-05 0.000474058591507621 3.6778605653754544e-05 0.0009878010574716925 3.5895465581640306e-05 6.490687939070608e-06 3.646310587235687e-06 3.374501273001126e-07 2.494459262239707e-07 6.141698381884842e-08 0.0001098133667142366 9.646590455632136e-08 1.9482889179016967e-05 6.028874431831126e-05 3.842143950657168e-06 3.7890665665101096e-05 5.260851978881752e-05 2.2424260669325131e-07 0.00024486119116140097 3.9488179292097484e-07 2.8555645030050952e-06 1.4548217946796256e-05 4.794759154057668e-06 0.0 0.0 5.072771351580077e-08 0.00010367468130121916 1.2364089427922456e-06 2.6161681167614575e-07 1.9744351598147647e-06 0.00026110515496871606 0.0 1.3180314448179766e-07 4.3381645650148105e-07 9.917506215694712e-05 4.0681128016296235e-06 2.9624172195653577e-06 0.0 0.0 5.428430276318682e-07 1.7800844428176642e-06 4.432465233515619e-07 6.0349961144699136e-05 4.606290769716404e-07 5.694978916349026e-07 5.800903734815969e-07 0.00024396744682143715 2.5310773501213693e-07 0.0 0.0
7.364200140011996e-07 0.0004236540188578314 1.1443867157231587e-05 2.162599182908539e-07 5.103398974321771e-06 1.3443858848351114e-05 3.126996415513161e-06 1.1930883318583713e-05 1.803923630730819e-06 2.7968805090996176e-06 0.0012167611868469951 1.1180103177278661e-05 0.0 6.434561634654998e-06 2.907026533609147e-07 5.969281960545977e-06 2.473614742559801e-05 2.35307699234714e-05 2.6647242678391533e-05 1.083032371235769e-06 6.588067844058513e-06 8.90869494988324e-05 1.5776348892243613e-05 8.159897384915412e-06 0.003789515830041662 0.0002782144128099617 0.0028742475918591987 4.973098434714382e-06 4.755673441391541e-06 2.622394997660741e-06 0.0005289824973681234 7.89703256648904e-06 4.889732762399744e-07 0.0004304020541822328 4.021378627048823e-05 0.000789493947247536 0.00408449980879825 0.0028668575591580575 0.00028390514465244723 3.163241349540201e-05 0.00010374500290896211 0.0009321397822735335 3.113548920973477e-05 0.0 2.176016666110662e-05 6.986229902570696e-07 0.0 0.0 3.5917671921162414e-08 1.6132129920790606e-07 1.8645569108354265e-07 0.0 0.0 0.0005119754406518565 5.447868570753557e-06 0.0017462259632135971 4.209904984610263e-08 0.0 1.008955399214353e-06 1.339705732249312e-06 1.0252268527848357e-05 2.2120769171555775e-06 0.0 9.783380114703062e-08 1.3780388063220035e-06 2.5509032158025933e-06 6.451959751528195e-07 0.00039916949289089596 0.00014457100761568848 0.00022124164207442467 1.6146248979319415e-07 1.442553921063826e-07 7.318752903640678e-07 0.00015264332568902425 8.855343699543458e-08 0.0 1.96461288507206e-06 3.8303491925699274e-05 0.0001937058273188824 0.00030537084312639467 1.83903254549688e-05 2.09895363986901e-05 6.592708279860759e-07 8.6423249893398e-06 0.00013944266733941266 6.401762592298633e-06
0.002285336068192805 2.557112069846766e-06 0.00036287380402616346 2.8860727306728825e-05 2.472185803886566e-06 0.0005237965410039281 0.003494963436491627 0.004890461199209706 2.1050241327870597e-05 0.0006684918276576099 0.00010019909039697398 0.00035225224404779467 6.434561634654998e-06 0.0 7.920104199148859e-06 1.0045042728095987e-05 0.0001001669517431843 2.8394236399835538e-05 5.759206173112056e-05 7.115885218268469e-05 0.0001225062098117187 1.930336618261884e-05 0.00044521251859563237 0.00017020042001832176 1.2911315915569995e-06 0.00012848986746077546 0.00011056065440915956 0.00019839872543552992 0.0038346523358540187 0.0018514881687800172 3.229622757377486e-06 9.495146344118727e-05 1.9154305452978835e-05 0.0005792367740476461 1.7232827104046165e-05 0.00041187338974491277 4.6813942678042635e-05 0.0006986433819450138 8.325915892446701e-05 0.00022623472080010468 2.5914977214038814e-05 1.038696530382594e-06 3.4276494059044075e-06 2.1826656876667784e-06 6.205950595099747e-07 1.1170989286325492e-06 1.7205241309509486e-06 0.0 1.858260934494214e-07 2.212898748998396e-05 1.405681476507342e-06 5.775050928771257e-06 1.3369024069082911e-06 3.597709629294444e-07 3.798505783881877e-06 4.917822490407119e-07 2.116748255476508e-06 1.1813836679415377e-07 2.2615237589794914e-05 5.699344852870132e-07 4.6511303721610634e-08 2.291139867666683e-07 1.0217597905064683e-06 1.5442849588621228e-05 6.388011924114946e-06 1.1385793756030576e-05 5.4922383155991364e-05 0.0 4.803984189473485e-07 7.191361325517556e-06 2.892643827106573e-05 5.6676766406595896e-06 1.2304756324000295e-05 4.1948929726682226e-08 0.0 5.7384742596865477e-08 1.4259237727725415e-06 5.8454236419323016e-08 9.424863166111422e-06 9.199604741017203e-07 2.735696192436387e-06 2.124328636036584e-06 1.023013133696888e-06 2.2086263888386223e-07 8.10956390501148e-08 0.0
6.36904518028936e-07 1.3472871686388135e-07 3.3239545032761863e-07 1.5775784559600477e-05 0.0007634918852838787 0.00035349974565320824 1.6403228817331658e-06 0.0001503967514524358 0.00045745262357424845 2.7593089172148885e-06 4.493454250381693e-06 0.00037070914353808543 2.907026533609147e-07 7.920104199148859e-06 0.0 0.0 0.0 9.15078380224289e-07 2.2137084478060197e-07 7.898706043851149e-06 1.1565343950267315e-07 3.204559048780279e-06 1.5620763083554175e-07 0.0001787859426654866 1.891513995780565e-07 7.409029266009646e-07 7.172408151964733e-07 4.937153790034528e-06 1.0320640104582284e-05 4.840979674989282e-07 1.1831217350548885e-07 0.0002531490196164446 8.471968761305713e-08 4.573624520418274e-05 5.967182136806488e-07 0.00029471345145254033 3.4739356706333802e-06 1.0760588229086109e-05 1.1100914255676972e-06 0.0006005433724419548 0.0002074474973190639 2.1141838299586042e-06 6.449786420780419e-07 1.0734502363019016e-07 0.0 0.0 8.859126683173816e-06 0.0 2.679359925290162e-06 3.895874091115549e-06 3.271828163622564e-07 9.232048455848306e-06 2.652373277121114e-06 0.0 3.013549690202205e-05 6.736790037135018e-08 3.384674762445161e-07 2.0085525320719117e-06 2.5834826661002894e-07 0.0 0.0 0.0 1.1233577422334069e-05 7.459603045324531e-07 0.0 1.4272427165276454e-07 2.2518506205523547e-05 0.0 0.0 8.214324282762566e-08 6.572140587606806e-06 6.12808677625814e-08 1.723110675686077e-07 0.0 0.0 0.0 1.0290535911324398e-07 0.0 7.501896077227193e-06 1.5567649297846113e-06 5.1851332919575376e-08 0.0 4.328759543420866e-05 0.0 0.0 0.0
9.907593003755001e-07 0.00018135551813464466 9.180697594261077e-06 8.632266626226751e-07 0.0 2.1301326326968383e-07 0.0001460067579192603 4.957137964651762e-06 1.428874892543593e-05 9.565585499234102e-06 3.35714478363535e-06 2.2225781106805992e-07 5.969281960545977e-06 1.0045042728095987e-05 0.0 0.0 8.59050965283738e-06 3.378579352771145e-07 1.9381025100981768e-06 4.825560718558646e-07 0.0007305483713072751 0.0024454027360001755 0.0021219031984473545 0.0017002991087426646 1.1080270126283454e-05 4.069571773739175e-06 0.00249075491719828 0.00035718275119516314 3.323240647998504e-06 2.568491326316231e-05 6.108080118203455e-07 1.6130313730484506e-07 7.707352560589111e-07 4.271250909881076e-05 2.96189380031246e-05 0.0009944817953007204 0.00027861289872573453 0.0002547223237172184 0.00030958781763790996 3.15233515621706e-05 1.1103002137903809e-06 8.816472029692971e-07 3.974950517775096e-06 4.000108137898091e-06 1.3427626031589824e-05 3.312025225153903e-05 0.0 0.0 1.8063632351118892e-07 9.470095831752387e-06 1.862011559817336e-06 1.1220379345806606e-05 3.4234273445581384e-07 1.1221288017982715e-07 1.1701845507045425e-07 3.558441941562203e-07 3.866809230971338e-06 0.0 0.0009486651962022127 8.94769223765347e-06 5.441817702348788e-08 9.902529196722632e-07 0.0 0.0002616607066018124 0.0006851591414720556 0.0007768243826025104 3.0667544478923465e-05 4.408366254270756e-07 3.9157052768675215e-06 0.000357647912158032 7.970130384809373e-05 1.1160086190102003e-05 5.656235589112972e-05 0.0 6.39549031073406e-08 1.1546612390400046e-06 9.141764592179586e-06 6.868982230205889e-06 0.00013864769256830158 4.89543187959451e-05 4.665074047191416e-05 5.5071801599003756e-05 5.43255117856586e-06 9.484167222447299e-07 5.864112723080829e-07 1.3132227106237976e-06
6.21933988806545e-05 0.00044029386571584403 0.003333603206802535 2.975930002831733e-07 0.0 2.9298789384305267e-06 3.0868008767497636e-05 4.954393106069789e-05 7.676573127582442e-07 2.155541597516138e-06 8.638963896322952e-05 2.202980119998958e-06 2.473614742559801e-05 0.0001001669517431843 0.0 8.59050965283738e-06 0.0 3.280346282360663e-05 0.0009869290527005203 2.3708848635247609e-07 0.00023839735055421597 2.4992101410737383e-05 0.0009295149069934128 6.775588756538464e-06 3.740372722179788e-05 0.0021621319034934986 0.004056364640032714 1.4130692578200209e-05 0.00011927481279028494 0.00037431035871750545 6.400969856741207e-06 4.166523539895095e-06 1.666992659531452e-05 0.001738514465994599 1.060609590364584e-05 0.00028088640745742923 0.0007097571864538327 0.002358569430031572 0.0003702863733368189 6.9352055296329066e-06 2.9907620490574573e-06 4.260864730965554e-06 1.4265454967019562e-06 1.7399185798181354e-07 0.00011616004776989017 7.564278773383768e-05 0.0 0.0 0.0 5.211143035996953e-07 9.633186332764609e-08 4.706759610089611e-07 0.0 2.4771028137975526e-06 0.0 6.298465565484566e-06 1.2037817796446644e-07 9.836086464839074e-08 2.8772101725481686e-06 4.6015497064129026e-05 1.877668028760333e-06 1.0543371389669825e-05 0.0 2.168131250291056e-06 9.373137354122606e-06 5.99653158799682e-06 1.3554289558031093e-06 6.526075715575831e-06 0.00011044045745326656 0.0004809478037672367 1.0199405841294872e-06 8.885030962949194e-07 1.1730101344030998e-06 3.59317022572806e-06 0.0 0.0 2.506050783802707e-06 1.1179988185995628e-06 1.439669932400889e-05 6.271306178710693e-06 9.949711639646182e-06 6.466832741836862e-06 2.1948159762604348e-07 0.0 3.051485361128569e-07 0.0
3.005093132867384e-06 1.3740510981845428e-06 8.955048921515678e-06 3.642902607207629e-07 3.024224581990966e-07 2.3952166380161754e-05 2.874027472962113e-06 3.768356948273396e-05 1.4581955019934534e-07 5.7125866440096956e-06 0.0022497841251940794 1.4997920989854756e-05 2.35307699234714e-05 2.8394236399835538e-05 9.15078380224289e-07 3.378579352771145e-07 3.280346282360663e-05 0.0 0.000577289514738178 1.3928549619056402e-06 1.0506897050099772e-06 2.676076451287054e-07 4.181877575093158e-06 1.307163690233698e-06 8.164154100384061e-06 0.0034730934205636495 0.00011703630903554331 1.8269158429190916e-06 2.4968682291518116e-05 3.941872388599661e-06 2.611196265924257e-05 3.238318200212157e-05 6.186466777228721e-08 0.0006128864714816329 2.6862075561366773e-06 0.00010795279780209633 0.0003514905383882141 0.0005323122515056018 9.958427492318422e-05 1.345841770485157e-05 1.7853149419898346e-05 3.868055503378498e-05 8.438017583966366e-07 0.0 3.2932376997793094e-06 0.0 0.0 0.0 0.0 0.0 0.0 0.0 0.0 9.116734068546761e-06 0.0 2.6725564187011948e-05 0.0 0.0 0.0 4.295618035833375e-07 2.5727012890031466e-06 3.166672692863567e-06 0.0 0.0 5.7909407974026896e-08 6.289906549725679e-08 6.024375270916826e-08 1.194038790325552e-06 1.8610649682231166e-05 2.685726062724399e-05 7.559187035161494e-08 0.0 8.525616354727893e-08 1.026649514183824e-05 0.0 0.0 2.924134939891223e-07 2.2831460930553196e-07 1.225831357143645e-06 1.3173234498028414e-06 3.3337349622628125e-07 5.2126466516848046e-08 0.0 0.0 7.061258983099697e-07 0.0
1.2830457510751619e-05 2.3918941773069178e-05 5.8724390127540775e-05 3.4349176333595296e-07 3.045399036498446e-07 1.919623668323937e-05 7.118974331262289e-06 3.9045139371647235e-05 4.523956454501685e-07 7.798165943176456e-06 0.001160110418521206 1.6243854324351446e-05 2.6647242678391533e-05 5.759206173112056e-05 2.2137084478060197e-07 1.9381025100981768e-06 0.0009869290527005203 0.000577289514738178 0.0 1.2832620937983075e-06 3.406521406663935e-05 1.1901058911938815e-06 0.00013956593598138465 2.606131140332814e-06 1.7262024319365862e-05 0.00534181887908675 0.0015058415872165679 3.2550812029471037e-06 8.614661815397183e-05 5.9721249551991484e-05 3.1219731253211345e-05 3.6090795326702976e-05 6.534402432491682e-06 0.0018029629420786089 8.162330183698289e-06 0.0002756946406306415 0.0002688565750216974 0.0018237284551025365 0.0003706332341659116 1.239403619619455e-05 5.8127414569760995e-06 9.176660123000313e-06 2.9895378966859952e-06 3.4905880404509427e-07 1.9124709240537768e-05 2.611425903913438e-06 0.0 0.0 0.0 4.980790602237959e-08 8.925873105157473e-08 1.609033749117588e-07 0.0 2.3440498541507128e-05 7.256035080676718e-07 5.087179792901804e-05 5.744130313364027e-08 0.0 4.0555070781486846e-07 5.022474977123433e-06 1.3986570936764787e-05 2.3086309102156345e-05 0.0 5.784832865100606e-07 8.513724850744866e-07 3.428410900369456e-07 7.11529629216598e-07 2.0102931855581183e-06 0.00016636175471050927 0.00019001334659587749 2.2526160076722463e-07 1.310747531338872e-07 1.648472702204291e-07 3.431962925405377e-05 0.0 0.0 1.1298839998831253e-06 4.1456046452168967e-07 2.8567722245426707e-06 3.9086001914280656e-06 2.5124139976534496e-06 1.0545670339565047e-06 0.0 0.0 6.096763836639143e-07 0.0
6.687403808104843e-06 5.193859435692786e-08 2.0834287465065144e-06 0.0015523782853546502 2.656645383963673e-07 0.0001895484182224094 0.0001589434888931768 0.00010978683295959795 0.0002741873797940083 0.005177022173511484 3.5194534347733654e-06 0.0024067958779584973 1.083032371235769e-06 7.115885218268469e-05 7.898706043851149e-06 4.825560718558646e-07 2.3708848635247609e-07 1.3928549619056402e-06 1.2832620937983075e-06 0.0 6.52564633266576e-07 2.03541285311487e-06 1.9030690994131152e-06 0.0006803615559240116 2.728708443203458e-07 2.090328088440699e-06 1.4623097132285752e-06 0.001485446168548238 4.230754238743898e-05 2.368343973181374e-06 1.826032232368567e-07 2.7568118151461193e-06 2.7027504225287986e-06 1.8966121258632195e-05 1.0622203510495905e-05 0.0003492313056407658 2.515879352598343e-06 0.00013457767434240996 4.064233391716961e-05 9.930790202770792e-05 1.5942717489895117e-05 2.0089980184268957e-07 5.8544046989036166e-06 2.3815528494524542e-06 0.0 1.0940393193326246e-07 0.00013167035826190416 1.2494625671218145e-07 7.459222369708346e-06 6.752697316721064e-05 6.123242299373261e-06 4.189114916672935e-05 4.7801362688688156e-05 1.8758250662212812e-07 0.0001065397087982199 0.0 2.8038517129125206e-06 5.62172417353879e-06 3.1831579674436606e-06 0.0 0.0 3.69976831142524e-08 0.00010234068078010105 9.285949325561714e-07 8.13538302682364e-07 1.622833607493884e-06 0.00033495120102000755 0.0 0.0 8.272241887737908e-07 0.00013571264782889772 3.0425360547487117e-06 1.505347563220669e-06 5.6309228909738536e-08 0.0 5.473124436213817e-07 1.1090153553193227e-06 7.240521345139525e-08 1.834778199505895e-05 3.920668370868271e-07 2.7980341705336695e-06 4.143396652162019e-07 8.046613770927405e-05 1.1092349064543655e-06 1.9070586859447861e-06 0.0
7.447150672882901e-05 2.4497636872057525e-05 0.0010771256598099824 8.348989801278323e-07 0.0 2.0019774238956416e-06 0.0003278667901571194 5.593344050697351e-05 7.00705684596456e-06 8.571387292850049e-06 2.799138592666768e-06 1.0654081390786984e-06 6.588067844058513e-06 0.0001225062098117187 1.1565343950267315e-07 0.0007305483713072751 0.00023839735055421597 1.0506897050099772e-06 3.406521406663935e-05 6.52564633266576e-07 0.0 0.0003656370465709505 0.007583444142312638 0.00042229235115737125 1.288567264255787e-06 0.00012680040247373548 0.0008843111032437075 0.0021566893367333732 9.994990991363377e-05 0.006950241284907462 2.2309452314876044e-07 1.0583317942983674e-06 1.3939196942647782e-05 0.0016641716797402724 0.00011502308558366377 0.0033452317563935144 0.0005488124014127429 0.0026064918017282617 0.0011378226150679156 0.00014432492512003858 5.261406581524721e-06 1.5980350389456676e-06 1.1133906252906999e-05 3.5431136514141975e-06 2.284506811642881e-06 9.395373911646566e-06 0.0 0.0 1.504762940646179e-07 8.582761902851573e-06 2.3100805554226927e-06 7.035389341077249e-06 3.2794950812718987e-07 0.0 0.0 5.344523430038116e-08 4.7173277996747976e-06 0.0 0.00036377171917882276 5.308585345414729e-06 1.2982179871786822e-07 3.117397231798727e-07 0.0 0.00031320885814691175 0.00011877748088488938 0.00018918078855328018 1.8128878996050368e-05 2.0418285842486186e-07 1.6144210696521396e-06 4.6401743551476587e-05 8.871257732754699e-05 1.111932832190673e-05 8.086534531719796e-05 0.0 4.307275374856252e-08 2.2888335392425727e-06 6.909191750524444e-06 3.99369369995077e-06 6.92278142600105e-05 1.3523785737428064e-05 1.4572706207894835e-05 1.3548984903211237e-05 1.7559347387444007e-06 1.0769629971695215e-07 1.0540655518107178e-06 6.231856884224927e-07
2.5744427036687065e-06 0.002168159964280257 0.00011365583281563936 1.7707978419062066e-06 7.834768336849412e-08 2.3340690736293803e-07 0.00024150149030885117 1.4625085038106155e-05 0.0013968079178677244 1.2147617791277644e-05 3.38075858552356e-05 1.08682345774311e-06 8.90869494988324e-05 1.930336618261884e-05 3.204559048780279e-06 0.0024454027360001755 2.4992101410737383e-05 2.676076451287054e-07 1.1901058911938815e-06 2.03541285311487e-06 0.0003656370465709505 0.0 0.0006648108811590056 0.004206267866249976 0.000236262981045822 1.640502967764928e-05 0.0020579005692063215 0.00020291671113779994 5.279211601962893e-06 7.853350399045538e-05 1.5006955542183627e-05 2.421273136065033e-07 6.667614794144456e-07 3.862493353042083e-05 6.61719380316908e-06 0.0002356052664572082 0.00022784530818175988 0.0001679434903622391 0.00010474470762183492 1.2381053410653168e-05 1.3083915380081487e-06 5.662676576259506e-06 2.761464814500058e-07 2.2615267251235513e-06 8.503021405727164e-05 6.167873632097515e-05 8.452336840849785e-07 8.06267116449433e-08 5.744997484895942e-07 5.787725661754519e-06 1.8344218734442845e-06 1.984037965678905e-05 1.438567592052398e-07 9.207865992416323e-07 7.957861678397886e-08 2.0272342060450148e-06 1.9363888252783e-06 3.034828547005751e-07 0.0006589262618958381 9.9648597881063e-06 0.0 1.1535847268165217e-06 0.0 0.00015404529228699146 0.0003711373739612252 0.0003689916300106166 2.6679446568525685e-05 2.6946159320461516e-06 9.194335820703326e-06 0.0004426177748334709 4.785894109004497e-05 4.8866993562759624e-06 3.311382328161384e-05 6.81331806805906e-07 0.0 3.4783154557078777e-07 5.518159363009807e-06 4.793240061056302e-06 0.00011241217718758617 3.636694206187943e-05 3.496243037071287e-05 5.349141796140721e-05 6.345445002693095e-06 4.322967537381605e-07 8.769206024827419e-08 2.0274149902337542e-06
0.0002741516726331943 0.0001633014836617767 0.006815460667929706 2.211149833442318e-06 5.869106959957262e-08 8.592425283450486e-06 0.0008114310881409927 0.00019874226551124687 4.179446748828822e-06 2.7249380333556966e-05 1.1123524290352157e-05 1.6024762503754928e-06 1.5776348892243613e-05 0.00044521251859563237 1.5620763083554175e-07 0.0021219031984473545 0.0009295149069934128 4.181877575093158e-06 0.00013956593598138465 1.9030690994131152e-06 0.007583444142312638 0.0006648108811590056 0.0 0.0002529385174511221 1.0244799430891238e-05 0.0006118133050915677 0.008488101980924317 0.001461099773090543 0.00021690916690356152 0.0029429350831395207 1.3795177246044978e-06 1.9158516374915425e-06 1.6067407900312672e-05 0.0018321428519366024 0.0001729477776994362 0.004739564119056022 0.0024225642729602914 0.004256835201870622 0.003125665608294939 0.00023674018741413587 1.920253398550591e-05 5.493294858323213e-06 3.4165657432058394e-05 1.5742244443666016e-06 3.440178862078812e-05 0.00022111218772071628 3.0819156337996867e-07 0.0 2.0455731365063636e-07 6.200052858792915e-06 1.4887674195020533e-06 3.481993417049307e-06 1.3264476330467266e-07 8.5925569224626e-07 0.0 7.307603467679743e-07 1.3699390763631515e-06 5.769618772317387e-08 0.0006269048566419962 2.8936093806606477e-05 5.882148499541512e-08 1.971343769012192e-06 7.298031309924711e-08 0.00012853168586256632 0.00047094941177782426 0.0007904067746894576 1.819617465395332e-05 1.8882490847320058e-06 1.8229650753067235e-05 0.0008053912710127869 3.1560215997974426e-05 2.87872112584129e-06 2.1466900728089192e-05 7.296405005220686e-08 0.0 2.0110062632869989e-07 1.0639422140459154e-05 1.419147374399452e-05 0.00017412000420787994 5.9662066858746443e-05 5.707905177366421e-05 8.513988681237984e-05 8.953421061714054e-06 4.6818616380656506e-07 7.708985658614243e-07 1.8845681850745783e-06
