0.0 1.3478502408447315e-07 9.765709636542353e-06 5.130877635398632e-06 2.577525442106687e-07 8.679471084447583e-06 0.0021071838652224413 0.0005134364599818146 1.6929184665576632e-06 5.8402444036214374e-05 2.1374777876380228e-06 1.6928228215164942e-06 0.0 0.0032543684766990688 0.0 8.678989119144346e-08 0.00013411804661893277 2.4259109299302303e-06 5.051649838036313e-05 5.8439502037891494e-06 7.201541808416873e-06 0.0 8.474334944658464e-05 2.4701562888768802e-05 5.328098452251765e-08 3.307278224412672e-05 1.132638986577828e-05 6.739204987143665e-05 0.0013553912237357737 0.0008598547505350807 2.6764838764378254e-07 3.5536177437056456e-06 1.6513055282190066e-05 3.0789585337178324e-05 3.9587582477676957e-07 3.975861098745155e-05 6.277717761548265e-06 3.9107507161489735e-05 1.5378641428988477e-05 8.315750065593622e-07 0.0 1.0258072622513793e-06 4.090015602907946e-07 2.1229334876952228e-07 4.032961780000403e-08 0.0 1.1236816361677478e-07 0.0 0.0 9.088637519436512e-07 4.6532077961608894e-07 5.387781132075316e-07 0.0 9.548618545351504e-08 1.6377335301897328e-07 0.0 3.0468398280629955e-07 2.163877106078718e-07 7.474336607925579e-07 5.133909037331176e-08 0.0 9.882382110926009e-08 0.0 9.040313454820324e-07 5.183434967858892e-07 6.192149530771652e-08 3.1508124307750004e-06 5.010172760628138e-08 3.563767168013167e-07 8.865400872833042e-07 4.518906599857301e-06 6.209458686354001e-07 1.6619632173769428e-06 0.0 0.0 1.0178372207063297e-07 1.607263660854603e-07 2.482447472384174e-07 1.4295826004816122e-06 4.421852223366238e-07 1.283643451393168e-06 7.989686898712804e-08 7.684639331499628e-07 0.0 0.0 0.0
1.3478502408447315e-07 0.0 0.00012047578923996944 0.0 0.0 0.0 1.954796652388807e-07 1.0061599401160164e-07 0.00018734649479593338 0.0 8.541801991011992e-06 9.300697558810902e-07 9.586183046310827e-05 3.15134874862716e-07 1.5373699018994396e-06 2.30092993670187e-05 0.00010857852864742927 1.722970527644799e-06 7.571029273843988e-06 0.0 2.871518806998812e-06 0.001258360257191889 1.0399917299983701e-05 0.00021298385685337835 0.0008826796194763601 0.00024518297315604683 0.0037832067056834816 6.194824654358013e-06 3.238763569208944e-07 9.551325649041873e-07 4.406100087362519e-05 0.0 0.0 9.016366508396388e-06 3.0883131926295504e-07 5.2304535821435736e-05 3.3812120748031244e-05 3.766417559201837e-05 1.2063483970551223e-05 2.727013576423168e-06 0.0 0.00013752670916957667 1.8325444523872603e-07 6.516055214144456e-08 8.83365077876052e-05 5.3799992197003344e-06 0.0 0.0 0.0 2.931124091790829e-07 0.0 2.079245822695819e-06 0.0 7.2286827109454735e-06 0.0 3.815778102471513e-06 7.092632867690755e-08 1.4728013678055062e-07 2.8736862729327555e-06 1.0656772996852941e-05 1.5623827420100282e-06 7.924891975161022e-06 0.0 2.0813425447633268e-07 1.4212994862862902e-05 1.5765218319276234e-06 5.830936928612457e-06 1.5123469022004124e-05 7.428907019822198e-05 0.0004549509698956826 5.696713782235998e-07 0.0 1.957710786368951e-07 1.6980798388121509e-06 0.0 0.0 2.946506945795989e-07 0.0 3.3883685929254572e-06 1.2786354980850701e-05 3.34702060111749e-06 9.453789814507747e-07 1.641318269688878e-07 5.7863985542341756e-08 2.0437250010462734e-06 0.0
9.765709636542353e-06 0.00012047578923996944 0.0 2.8159128522588114e-06 1.3508524261055527e-07 2.694743206033611e-05 0.0006642771117680619 7.396668471680312e-05 5.6389649409672735e-06 2.9467362739558694e-05 1.3181965039152355e-06 7.124691597022696e-07 4.1705500525055355e-06 5.500065043184419e-05 8.126541150606334e-08 2.601555052254005e-05 0.001313111129334355 2.0094386575947176e-06 4.456956197533698e-05 1.614687209059855e-06 0.0006066154321062416 3.758165072164358e-05 0.0027531426485243185 6.48487763699423e-05 1.316881882395525e-06 0.0036626362503236237 0.00459353665146016 0.0001343644413050408 1.535283385603759e-05 9.363105024884457e-05 1.0585883527820056e-06 7.595731954643321e-07 8.783038931397224e-07 5.6550844082892034e-05 6.424135097987322e-06 0.0008678411061199624 0.002325644211886399 0.00031409345356831414 0.00012340073629214725 2.4679454472770136e-05 1.720324666156445e-06 1.91602409997227e-06 2.710135974325276e-06 4.704188654857802e-07 0.0001543439267023436 0.00010136811162575935 7.257275891776695e-08 0.0 7.914559395861537e-08 3.2990354317227723e-06 1.0306286566246278e-07 1.5372139572516533e-06 6.779488292468476e-08 3.6714137955857124e-07 0.0 8.49814931560791e-07 1.2275380043753164e-06 2.4484133810882166e-07 1.4483932927362992e-05 0.0002634357506046793 2.7141268134476893e-06 4.354203324240893e-05 0.0 1.2658305940306419e-06 1.9293142316942366e-05 2.0281180478250852e-05 9.600724196697928e-06 6.603483094782919e-07 0.0004448115053009495 0.0009675101891486817 5.843875784179228e-06 3.734836459234313e-07 1.6320535563338842e-06 3.3783805341356235e-07 0.0 0.0 6.7916873734276555e-06 1.274295373235806e-06 5.1898537741054894e-05 0.0001059518858274375 4.883373360818369e-05 2.092813961005154e-05 1.1745058006831871e-06 8.228295345592304e-07 1.160808697153297e-06 2.4344053157160556e-07
5.130877635398632e-06 0.0 2.8159128522588114e-06 0.0 1.4757311284273797e-06 6.496813343172154e-05 0.00016893539547771432 4.282408406778237e-05 0.00032091988026852736 0.0019406725164329548 2.808440194454925e-06 0.0014447569763553257 3.281583065994279e-07 4.434291790316329e-05 1.3426083152963092e-05 8.799379371471178e-08 6.812750212645238e-07 1.9843940796536395e-06 1.1385428071552755e-06 0.002398093100122445 1.0747664960994458e-06 7.66929304565317e-08 1.2554338690324886e-06 0.0006210632241393912 5.231573276828355e-08 3.2521967157440333e-06 1.8371029118571004e-06 0.003159814026476645 7.489795188303436e-05 7.494920468618104e-07 1.0154672557544466e-07 2.495642350488121e-06 1.8284966752032534e-06 1.2542702747653104e-05 3.980682562393487e-06 9.019975578591852e-05 2.172261753318733e-06 6.546023952448533e-05 2.9786620144341423e-05 2.9802772212971793e-05 5.8468875392438986e-06 9.494954507473852e-07 1.7543480709190682e-06 1.0015437514101347e-06 2.6826158569625465e-07 0.0 0.00010147482724542487 6.035928161205173e-08 7.857653287873311e-06 2.761456172664136e-05 3.7270917812701993e-06 3.428717091403342e-05 1.405226996934615e-05 1.030975145606588e-07 3.29615857947254e-05 0.0 4.280486596346336e-06 3.6145525081977968e-06 1.528710069801404e-07 0.0 4.842817030276792e-08 1.4081585920212615e-07 1.8542755353356204e-05 6.032340241866138e-08 4.870285130758706e-07 0.0 6.044166505147648e-05 0.0 2.4183538246642047e-07 5.776340001422471e-07 0.0001023295837200948 1.922146771894275e-06 3.672730817127433e-07 5.74439438353793e-08 1.823849861610842e-07 0.0 7.567485323362435e-07 7.100336408369095e-08 1.7691163065432736e-05 0.0 6.100399634472081e-06 1.2257464409422868e-06 5.83545493143368e-05 9.105528526073734e-07 0.0 0.0
2.577525442106687e-07 0.0 1.3508524261055527e-07 1.4757311284273797e-06 0.0 0.0004927793984817117 3.5306989606538975e-06 2.2605640134585097e-05 9.226265303723553e-05 9.740676036619935e-06 1.1036869873140356e-05 8.612266367692226e-05 1.0780737612558526e-05 6.363552425052166e-06 0.0007457504038228046 0.0 8.631343382515455e-08 2.93758356553971e-06 1.25814938415646e-06 3.6701041898848713e-06 1.012050086246293e-06 2.095614627698667e-06 3.508962476141805e-07 6.3163118908774394e-06 1.3716520654330666e-06 1.449763442967139e-06 8.685945738146399e-07 3.5274294795663946e-06 3.207114773478648e-05 4.048550339362055e-07 7.816827509056292e-07 0.0002452398603856285 1.5630802020339788e-07 0.00013068055085875798 1.675492077092627e-06 7.648589713833469e-05 7.967457978138994e-06 0.00019019911006805954 0.0001296496999086121 0.0009452324277597727 0.0001200293973052373 9.590727166216985e-06 1.8992855363734323e-06 0.0 0.0 0.0 2.085122295514582e-06 0.0 0.0 9.250863789497948e-07 1.061128151468037e-06 1.20337641118797e-07 3.6690995913975605e-07 3.8278139554353566e-07 7.594557798765089e-07 6.603013235584391e-08 0.0 7.113857541830962e-08 6.51109617813039e-08 0.0 5.90534879335509e-08 0.0 5.178744022631482e-07 0.0 9.115738613398147e-08 0.0 1.7744714605117821e-06 2.4048236438007575e-07 5.8897702277759395e-08 1.9091117413130231e-07 1.312608109448129e-06 7.604753955362377e-07 3.432061076896499e-07 6.413297173990387e-08 0.0 0.0 0.0 0.0 9.251546395126996e-07 7.161050151275969e-07 7.775430498502256e-07 7.195282641867724e-08 4.0817588382287146e-06 0.0 3.9289247628175466e-07 0.0
8.679471084447583e-06 0.0 2.694743206033611e-05 6.496813343172154e-05 0.0004927793984817117 0.0 0.0013869143600411314 0.002267661227423102 0.00013760199174261972 0.00451121811698519 3.4494018518224476e-05 0.0018777769424231782 1.1348883738939621e-05 0.0005966797946804289 0.0005939101278295652 5.332381393737502e-08 2.8382625741928217e-05 1.2543899313831488e-05 1.2547925244758367e-05 0.0005104178411116112 1.677034303223289e-05 6.951052465199639e-07 1.852324890191335e-05 0.00010722739912477626 1.6621191847378704e-06 5.3112006282649554e-05 5.261685243827643e-06 0.0005505311638062727 0.0004916566722057248 9.015976758449876e-06 1.748546918664864e-06 0.0003076101890675015 8.985328685587752e-07 0.0002513756491433815 4.303027811266753e-06 0.0002597799575151223 1.90518080091027e-05 0.0002870576961023894 0.00010789712104576908 0.0008925852266305593 0.00011661087494934566 7.078684833153029e-06 3.470326543274694e-06 3.188507108322453e-07 6.470000533116109e-08 0.0 3.658535125302746e-05 0.0 3.186856249018894e-06 1.882519011761075e-05 1.8559051915425246e-06 1.1152911334797128e-05 9.425415452087023e-06 1.159145743101597e-06 2.0967974104068015e-05 4.819332209226513e-07 3.958704432763134e-06 3.1834584424643366e-06 2.4670880129153244e-07 1.3406364712194452e-07 1.8035852341298195e-07 5.029447511523421e-08 1.1089804228616535e-05 1.6862586439682903e-07 3.3474261556253486e-07 3.3543167929497487e-07 3.479666621106321e-05 5.06024804635155e-08 3.0508193598261916e-07 1.8630553000161703e-06 5.976862174229552e-05 3.2795188350764726e-06 2.94000600163525e-06 2.266674818520899e-07 0.0 1.1488205417877568e-07 1.5685343201908142e-06 1.1703881465176657e-07 1.7353442643381843e-05 4.3327192292989087e-07 2.7897699008379486e-06 1.4432646224851817e-06 3.655193567844474e-05 0.0 0.0 7.586011524806256e-08
0.0021071838652224413 1.954796652388807e-07 0.0006642771117680619 0.00016893539547771432 3.5306989606538975e-06 0.0013869143600411314 0.0 0.003286434822519786 0.00034746136878273663 0.005253598682872074 1.9192529347564184e-05 3.5993017148359006e-05 2.0720646880701333e-06 0.0034264433605238976 1.4987327474438382e-05 1.3269142128847357e-06 0.0005842199647798433 1.2493805838666822e-05 0.00010764882987286834 0.0001595170618091841 0.0007117144025711616 2.985216817511518e-06 0.0008648755590424569 0.0014478738108871182 5.49818558935547e-07 0.0006933960963449283 0.00017476884207224432 0.010165517713966088 0.001612120603988558 0.004043893368081538 1.8820104997159641e-06 2.06997662349527e-05 3.115633244308959e-05 0.0001092190400481755 1.8237112849456767e-05 0.0005568655241352219 8.355788492962957e-05 0.0003585468360504446 0.0002058846752341484 5.787236188035728e-05 1.0871071461802562e-05 2.222553673205487e-06 4.572332289807814e-06 2.811532062557127e-06 5.835504443054932e-07 1.088269152420253e-06 7.415527475545241e-05 0.0 8.05230747803413e-06 9.930196235597553e-05 7.917147433475758e-06 0.00010272796535334053 1.601120623193779e-05 2.0126552511309596e-06 7.903945934490905e-06 1.6268671087705742e-07 2.013938051917211e-05 1.7768673941560743e-06 6.031174830547595e-06 1.539294522704117e-06 4.781414019219203e-07 5.318044896331307e-07 1.2296577973168607e-05 7.8357755314032e-07 1.9263463145079307e-06 4.707116772562401e-06 0.00015692363804588455 4.673615478581585e-08 1.8402369241943745e-06 3.0444942479404164e-05 0.0002855830466040706 1.9166080669680292e-05 2.158216123816594e-05 5.562967104582396e-08 4.1242815196737516e-07 1.7512440096451098e-06 7.368597944853541e-06 2.393618365015368e-06 5.1197083190881556e-05 1.4060537575765186e-06 3.487112587561328e-05 8.226912580860925e-06 5.4652338061553704e-05 1.9157080125309427e-06 7.090833305446203e-07 1.1555328128076447e-06
0.0005134364599818146 1.0061599401160164e-07 7.396668471680312e-05 4.282408406778237e-05 2.2605640134585097e-05 0.002267661227423102 0.003286434822519786 0.0 2.1224016397894187e-05 0.0018466431146268504 7.870206806657066e-05 0.00026940844768758905 1.4663621488795997e-05 0.002807786217393781 0.00011098395384122617 1.625117893990895e-07 0.0003308501553789176 2.0940022792845573e-05 0.0001216498688134 0.0002312653313121854 3.165106295235014e-05 2.2262790789788662e-07 0.00014733579583861673 0.00011526395229429463 5.807602006728656e-06 0.00019621858725947047 2.671540051793541e-05 0.0003205442531644611 0.0010573076966198377 0.00042472666125793984 2.870246318357603e-06 0.00016418837873293245 2.3418261308018716e-05 0.0003995736943140264 5.280238008291087e-06 0.0002043024022643053 3.971983484635857e-05 0.00041213842432740713 0.00013756484730229504 0.0002740382910574946 7.1499034697472e-05 1.1169821193342248e-05 1.8954626155101886e-06 1.4560124643128402e-06 4.1219745836910555e-08 0.0 1.3792403335085353e-05 0.0 1.0492597700715697e-06 1.9377193866302085e-05 4.033317308812898e-06 1.1051105857321931e-05 4.410080914153365e-06 2.2876423193247272e-06 3.615700699169142e-06 7.059652249778273e-07 3.650991050566315e-06 4.164659315833566e-07 9.493830964047153e-07 2.7829608907605493e-07 3.551242195106342e-07 2.01012722920908e-07 3.2854407682490476e-06 5.787550489088433e-07 6.858071410606339e-07 2.673385501020426e-07 3.22343582447889e-05 4.2710973392624387e-07 1.0940994910619912e-06 4.210388918801855e-06 5.7920834038445175e-05 5.85359573325479e-06 7.661876235680056e-06 3.4803583778603035e-07 0.0 3.1101580869686436e-07 2.1239875516203925e-06 1.9532451176554286e-07 1.116150132398336e-05 1.123434649675582e-06 6.849857831181188e-06 1.5678570370080504e-06 1.2566955553033397e-05 2.4841802579911045e-07 0.0 0.0
1.6929184665576632e-06 0.00018734649479593338 5.6389649409672735e-06 0.00032091988026852736 9.226265303723553e-05 0.00013760199174261972 0.00034746136878273663 2.1224016397894187e-05 0.0 0.00020406296404199283 1.8070492267803078e-06 0.0005025508418995434 1.0665241868209196e-05 1.8942532076998396e-05 0.0006251216600482753 2.8573847669697993e-05 2.6652557671591523e-06 4.5519119523814727e-07 8.494392183360615e-07 0.0003685148401730821 8.428608125185733e-06 0.0016468293684225237 7.173334573080874e-06 0.005536417431686505 0.00012992247032934834 6.7859012837721555e-06 0.00011235809607334437 0.0005622096905834087 3.462296993676028e-05 1.3915908312506335e-05 6.134548389280151e-06 3.4609591703031615e-06 5.837008442967525e-06 9.682140010845118e-06 2.105835261492036e-06 8.014052533140434e-05 3.8351503154593295e-06 3.558721625969187e-05 1.7029270247153007e-05 0.0002583715415415608 4.460759616136073e-06 1.553957424239307e-05 6.676826707457643e-07 6.917258360962571e-06 9.35204657482729e-06 7.816371012756342e-07 0.00018060302515933294 6.706123329440226e-07 1.0625750119291769e-05 6.168577949304268e-05 9.536131242190768e-06 7.965163100184858e-05 2.790876243602173e-05 1.4700195492343696e-06 3.413294220627415e-05 2.1427576316414386e-07 1.6973387899972934e-05 1.0429892045535305e-05 0.00013179668679165702 1.6920730834105934e-06 1.2872081957562624e-07 3.670543541548099e-07 3.422332594872022e-05 3.122102357515326e-05 8.046912444330812e-05 1.392639666610504e-05 0.00047056665829603206 2.3417257023729863e-07 1.2784071825527732e-06 3.231850472372581e-05 0.00039000063760891336 2.8707201409994136e-05 5.2239378998035144e-05 8.577884595731458e-08 1.4594641729390035e-07 3.052525415850454e-06 7.177762662900872e-06 8.96375960450361e-07 6.016602256907021e-05 2.6595108488591376e-06 2.127088415641056e-05 1.013811294322079e-05 6.801347362079519e-05 2.1430293413887255e-06 0.0 1.1326924393077745e-06
5.8402444036214374e-05 0.0 2.9467362739558694e-05 0.0019406725164329548 9.740676036619935e-06 0.00451121811698519 0.005253598682872074 0.0018466431146268504 0.00020406296404199283 0.0 4.918340476191307e-05 0.0017335547093980217 7.16904806941736e-06 0.000846207348432596 2.3620442470677103e-05 1.2010621691445809e-07 1.893044505511104e-05 2.5841242522753354e-05 2.1757451051372944e-05 0.00368514763489729 1.7504466269382368e-05 1.8466866767184582e-07 1.7605604200041688e-05 0.0003186532375663893 1.7593819315940918e-06 5.291201266055716e-05 1.0940461727181351e-05 0.002495733751351566 0.0005733841183767258 7.91234313831295e-06 3.96472277565266e-06 5.177803470662121e-05 2.0966942439086425e-06 0.00012176067092101456 1.761496556160163e-05 0.00033455913223317814 2.881018859546729e-05 0.00043469077897648206 0.0001446740831058424 0.00012781513330518824 3.364700087667008e-05 7.039426071861218e-06 6.948538215012885e-06 1.1027694759345219e-06 1.2820105581849695e-07 7.99612456027427e-08 0.00010858863084354343 0.0 8.81329234827415e-06 4.642430337197957e-05 5.9398091762575926e-06 4.515668973572969e-05 2.538376911857315e-05 9.334656053199075e-07 2.8981686021845023e-05 5.238807601847195e-07 7.869957682101126e-06 4.2676920222289105e-06 1.2179560527797984e-07 1.3518610788887187e-07 2.541853430427091e-07 1.0677623725607973e-07 2.3783404593543604e-05 2.704397419490559e-07 6.000111996784036e-07 1.7154142930492192e-07 9.474489107552237e-05 2.8750399686278383e-07 4.177666640167041e-07 3.5006620189483185e-06 0.00016912311542510353 5.588376319305935e-06 2.2759509111600594e-06 2.656482229286495e-07 6.096565815086176e-08 8.837875875930292e-08 3.4491922220135617e-06 2.418770610820807e-07 2.1626142527309185e-05 1.344410430119478e-06 8.753255805268522e-06 1.2392003510747325e-06 5.828184819966781e-05 8.687778499433582e-07 1.3414108000871378e-07 0.0
2.1374777876380228e-06 8.541801991011992e-06 1.3181965039152355e-06 2.808440194454925e-06 1.1036869873140356e-05 3.4494018518224476e-05 1.9192529347564184e-05 7.870206806657066e-05 1.8070492267803078e-06 4.918340476191307e-05 0.0 2.1801973435699225e-05 0.0021874593074920736 6.034546854657509e-05 1.4638952457516607e-06 2.9969712319322305e-07 0.00040841269817758815 0.00220129775356486 0.0008952864530493609 1.9806242920221434e-05 2.002196352691971e-06 4.142940362081612e-06 9.215821825236699e-06 1.0878552568895291e-05 0.0004890475105782243 0.0014593017241255764 0.0004367932092502811 2.1999194771169103e-05 0.0001258622057399718 8.60860209131225e-06 0.0004540918244318667 8.742194050070634e-05 3.9741856006036536e-06 0.0027403001184806695 4.206059400232823e-06 0.00043090559294762094 0.002115249798310605 0.001977566908303064 0.0006253325651168055 3.3987678175048926e-05 4.123096978968423e-05 0.0010605294858365346 7.056691894554063e-06 2.625659208447737e-07 2.478983608441491e-06 5.161381718296738e-08 1.2957900422810716e-06 0.0 0.0 2.1158640487310877e-06 2.634989275083454e-07 5.722019099476751e-07 0.0 0.00043700116600533785 6.403888898435549e-07 0.0003237309277764831 8.635451319241706e-07 0.0 4.7524365168824125e-08 4.816808400592484e-07 8.008158207792021e-05 1.1458530224599882e-05 0.0 5.406361504362918e-08 5.335615934441486e-07 6.725344553030744e-07 2.937966846026266e-06 0.00017799466303443256 0.00020396247215637492 0.00013975896804724303 4.899258166177559e-06 5.740053637105682e-07 1.0270211396295308e-06 0.00013711905361279685 0.0 0.0 1.2038585733384367e-06 4.636152747640739e-06 1.2522177180239652e-05 0.00021810581210411346 6.938793364762593e-06 4.223358486322197e-06 1.2633091286357674e-06 1.4660459493867722e-07 1.6643599724798722e-05 0.0
1.6928228215164942e-06 9.300697558810902e-07 7.124691597022696e-07 0.0014447569763553257 8.612266367692226e-05 0.0018777769424231782 3.5993017148359006e-05 0.00026940844768758905 0.0005025508418995434 0.0017335547093980217 2.1801973435699225e-05 0.0 3.1123514875252828e-06 0.00026390564534548467 0.0004562778993642278 0.0 1.1713989381217086e-06 7.3352376124178085e-06 6.028013070321787e-06 0.002935254241477883 7.129329507063429e-07 1.0820148941811004e-05 1.0960777035253333e-06 0.00039024593042371773 1.2738638992473457e-06 7.116992856388378e-06 2.222650086707962e-06 0.0009135253251338787 0.0001914327166984354 5.83091370063919e-07 1.1820220601487602e-06 3.452590898481459e-05 2.419537292930676e-07 5.683372333576544e-05 4.647810120162046e-06 0.00042042245180681456 1.0858017624739697e-05 0.00015107135798652504 4.1486970117194946e-05 0.0005413123104768947 1.898980001457901e-05 2.3951993019111286e-06 2.2003949703103193e-06 6.928886255611025e-07 7.89029161494959e-07 0.0 0.00011179771688380659 3.4105554411891474e-07 1.2073139467300699e-05 3.507352108313682e-05 5.060975105385115e-06 2.8668506911290257e-05 2.262939588935031e-05 5.799267971940173e-07 0.0001424452753538316 2.780977844183474e-07 4.955286596716245e-06 8.427282131952902e-06 3.9550395007304605e-07 1.3126154571495816e-07 9.778703431414216e-08 1.2050558209110848e-07 3.227542559301371e-05 6.930464061878702e-08 2.274495445446502e-06 0.0 7.584768579148909e-05 1.1337233055438646e-07 3.9390395306558247e-07 1.609171697280061e-06 0.00010424638363286001 2.4881429744581366e-06 3.019270903943526e-06 6.541924725833713e-08 2.2503521325529812e-07 4.731275060987579e-07 2.356988782409074e-06 0.0 5.2803833072891964e-05 2.714625185210532e-07 7.4532290692444465e-06 1.0855251398740576e-06 0.0001326063384602557 2.9050972537376454e-07 1.6948859508469113e-06 7.314437904950869e-07
0.0 9.586183046310827e-05 4.1705500525055355e-06 3.281583065994279e-07 1.0780737612558526e-05 1.1348883738939621e-05 2.0720646880701333e-06 1.4663621488795997e-05 1.0665241868209196e-05 7.16904806941736e-06 0.0021874593074920736 3.1123514875252828e-06 0.0 7.053873186054715e-06 1.5663558913803081e-07 1.611898981597137e-06 1.1103650148653134e-05 0.00010175792692177074 7.344585705717263e-06 3.4131894729160176e-06 1.928319378659075e-06 4.168242308313535e-05 2.7694124333888e-06 1.1012314203152934e-05 0.00250695213382558 0.0008418881345321974 0.0024575458448341755 5.135432555403838e-06 1.6897284095423826e-05 8.068339594775813e-07 0.0011584667413327252 1.7970258100636938e-05 4.0904583956121943e-07 0.0004061470929095698 2.386390319423199e-05 0.0005775536181697575 0.0021100413370072437 0.0019685550523710488 0.00014271256928018053 7.665639620098255e-05 0.00011908406014625211 0.000776927141317376 1.5129636889293281e-05 4.091930017940796e-08 3.7558882371517154e-06 5.92807026355633e-08 1.5303373150082795e-07 0.0 0.0 1.5059758045301397e-07 4.379972104280819e-07 3.5456732733730194e-07 0.0 0.0005732545478698625 2.719603868092471e-07 0.00035202150969134045 5.664933326749395e-07 0.0 1.467651401333851e-06 3.4183192095491537e-07 7.410273604398312e-05 5.333152213424749e-06 0.0 5.012579218028246e-08 6.067981969356335e-07 2.0902429923171834e-07 1.4501156708029902e-06 0.00035016820760379634 0.00019814723097422697 0.00012674004880238696 2.238469404021786e-06 1.2919925487803523e-06 7.073565184940489e-08 0.00017626300648265143 2.8945773970109203e-07 0.0 6.249589348386225e-06 2.5860410745226907e-05 0.00011890293520950146 0.00024557664762688176 3.026555661601525e-05 2.0671992574570803e-05 2.1500716987164903e-06 1.588052620322767e-06 4.3098987623538344e-05 3.292814752592825e-07
0.0032543684766990688 3.15134874862716e-07 5.500065043184419e-05 4.434291790316329e-05 6.363552425052166e-06 0.0005966797946804289 0.0034264433605238976 0.002807786217393781 1.8942532076998396e-05 0.000846207348432596 6.034546854657509e-05 0.00026390564534548467 7.053873186054715e-06 0.0 5.248333752930984e-05 6.559926480827613e-07 0.00031332952001740495 2.269932672750987e-05 0.00013063104989943715 0.00023002926062009574 1.8773209021349797e-05 4.871668777517103e-07 0.000163984339805603 0.00013006833973394863 2.983447274469705e-06 0.0001458341283158678 2.7391512482387415e-05 0.0003304995588122852 0.004767191236561216 0.0005540275529418721 2.9250635289557573e-06 3.361263504857792e-05 2.2280819228938945e-05 0.0003421700631070168 2.8170043360855075e-06 0.0001803968693785211 3.694383313361408e-05 0.00024882573388760226 6.866447380290435e-05 0.00029220784818584144 2.1524218407736496e-05 3.915172651843137e-06 1.6085476196325468e-06 7.063825903195518e-07 1.5438106751613666e-07 5.7714302150714114e-08 1.011619329614569e-05 0.0 1.6349566214428025e-06 1.5105970060264717e-05 1.5290725488353668e-06 8.736481400331528e-06 2.0975805637087323e-06 8.415320354116326e-07 3.5706869084435796e-06 1.7789472668577048e-07 3.955726467282785e-06 1.8790535476775344e-07 2.434545126461939e-06 3.424819180830309e-07 0.0 3.2059879752586937e-07 1.7467677831060588e-06 1.3462751412264774e-06 7.105952800569302e-07 1.8494271308723993e-07 3.2388293048275576e-05 1.9740796178704648e-07 1.2368402776962124e-06 3.848910285180888e-06 4.334848760121554e-05 6.68908814734832e-06 9.439690642937302e-06 0.0 2.0670397763730774e-07 1.0703848319417931e-07 1.5134605078703592e-06 7.825256734623101e-07 1.2973733152234924e-05 1.6226143795492868e-06 5.224928728827011e-06 2.1756912371354012e-06 1.2894823297977638e-05 1.9497706126056954e-07 0.0 0.0
0.0 1.5373699018994396e-06 8.126541150606334e-08 1.3426083152963092e-05 0.0007457504038228046 0.0005939101278295652 1.4987327474438382e-05 0.00011098395384122617 0.0006251216600482753 2.3620442470677103e-05 1.4638952457516607e-06 0.0004562778993642278 1.5663558913803081e-07 5.248333752930984e-05 0.0 3.0082088618029456e-07 5.395212758588088e-08 7.395549828614012e-07 2.8151775142849696e-07 3.559753366661247e-05 5.543419417430158e-08 2.41401901469018e-05 4.1289263950780417e-07 0.00015674981413507985 1.6886811141335431e-06 4.0632868530549695e-07 2.2848756655614326e-06 2.340124813117593e-05 1.668999973265326e-05 0.0 1.012436906197485e-07 0.00027009869530470316 1.9692958894577808e-07 3.0000233141806096e-06 1.5710668241727245e-07 0.0004015953041002734 1.365877926675806e-06 5.129493965927094e-06 1.6283544599500449e-06 0.0007741702466719705 5.9397405371423224e-05 4.213814511100185e-06 1.7899043137136399e-07 2.419734897266504e-07 0.0 0.0 2.7678475573343345e-05 0.0 3.2321460801308266e-06 9.392987278357557e-06 2.427239557887537e-06 1.6121535580642715e-06 8.397137060549072e-06 0.0 2.8603935693260033e-05 0.0 1.3507983536853806e-06 3.4448419966300285e-06 1.4004843588672126e-06 0.0 0.0 0.0 8.114338878450699e-06 2.4771314614875684e-07 1.2285934424455803e-06 1.6408879313575196e-07 1.7623733265982303e-05 0.0 1.0168666881465689e-07 2.756277794323092e-07 2.0516372353734937e-05 7.79669666198194e-07 2.817766097014599e-06 0.0 0.0 9.18553307049627e-08 8.711148959813643e-07 0.0 3.223363946848114e-05 1.4986935169263386e-07 1.2951338255375587e-06 4.5647522215551763e-07 6.134307405871427e-05 1.834185476900312e-07 0.0 1.1391348176317396e-06
8.678989119144346e-08 2.30092993670187e-05 2.601555052254005e-05 8.799379371471178e-08 0.0 5.332381393737502e-08 1.3269142128847357e-06 1.625117893990895e-07 2.8573847669697993e-05 1.2010621691445809e-07 2.9969712319322305e-07 0.0 1.611898981597137e-06 6.559926480827613e-07 3.0082088618029456e-07 0.0 1.208032555339135e-05 1.7530703355420454e-07 1.259038262970554e-06 0.0 0.002030942819139655 0.0016426300059581543 0.0024015341507126957 0.0009415071702691414 1.9162249772718666e-05 5.022420691120475e-05 0.002375749404079658 0.0004812014371050632 9.726585007710914e-06 1.6583343795554044e-05 7.225654655415859e-07 6.299151900069974e-08 2.7515616223659097e-06 2.7180868645275024e-05 1.4462458317807681e-05 0.0009440526166612246 0.0003542501087209324 0.0001511968104493137 0.00024545432343757646 2.3161199773299652e-05 5.953152310610744e-07 4.459377460874003e-06 7.08070936906958e-06 5.037756168161187e-07 4.115051860267987e-06 8.77762646157186e-06 6.353329179247462e-08 0.0 5.786860388122506e-08 2.3562825865321387e-05 2.2626586050332934e-07 1.9142677797646532e-06 0.0 9.079899243716883e-07 8.377345721951025e-08 5.8521110811536986e-08 5.480368605772137e-07 1.486746404208481e-07 0.0020178483024418962 5.682532423161049e-06 5.517417790964649e-08 5.833802888018314e-07 0.0 0.00023375528623133604 0.0004693280884958503 0.0007994541582526987 5.549032502218325e-05 0.0 3.7574488344287707e-06 0.00031778090972805416 8.254132647396267e-05 3.180345371644031e-06 0.00010419133690974701 0.0 0.0 1.6096697018471069e-07 2.3477232703085854e-06 1.0088927853673709e-06 1.7912013298983954e-05 2.821807798433108e-06 4.906837901304112e-06 5.500581341294623e-06 1.8369338655118752e-06 1.2068324807374065e-07 4.159248742555562e-07 0.0
0.00013411804661893277 0.00010857852864742927 0.001313111129334355 6.812750212645238e-07 8.631343382515455e-08 2.8382625741928217e-05 0.0005842199647798433 0.0003308501553789176 2.6652557671591523e-06 1.893044505511104e-05 0.00040841269817758815 1.1713989381217086e-06 1.1103650148653134e-05 0.00031332952001740495 5.395212758588088e-08 1.208032555339135e-05 0.0 0.00014425041215297896 0.0015525293859924203 1.618852632748629e-06 0.00036249668984178886 6.445686839480273e-05 0.0015069433123012777 1.6832644707683274e-05 4.542558850834194e-06 0.0013488001032073607 0.0033415685090827053 9.10407330528356e-05 0.000432300519605047 0.0008150685306422415 2.342767266498982e-06 5.157654400833901e-06 2.766105247728391e-05 0.0022186783208178766 7.032714444380355e-06 0.0006574357901527031 0.0017909584406412805 0.0014276722355729711 0.0003372815070175336 1.7746417170889253e-05 3.4210327372731957e-06 1.5082357103023564e-05 2.2858898187104986e-06 1.7388427476519793e-07 8.110449641648064e-05 1.318034715933105e-05 8.443260017282416e-08 0.0 0.0 1.011671280248721e-06 0.0 2.1345338464444632e-07 0.0 2.586087804541142e-07 0.0 8.00317146401597e-07 0.0 0.0 2.967387996595655e-06 4.8246756734979135e-05 1.220747600146779e-06 1.9370954562395656e-05 0.0 8.588725805562939e-07 6.810858162486259e-06 3.254189373765719e-06 2.6473387965389965e-06 2.4091808194057576e-07 0.0001839106619519551 0.0003353727228792249 2.6217413996480596e-06 2.437231701257416e-07 1.0167598038856093e-06 7.084626977236508e-07 0.0 5.0737400312811175e-08 1.0117285135811607e-06 3.0648318618321e-06 9.95798071841309e-06 4.4557938225836954e-05 8.059205224571993e-06 4.265958831570947e-06 2.260741048015793e-07 2.528975722424243e-07 5.741585903523551e-08 1.0451374332132628e-07
2.4259109299302303e-06 1.722970527644799e-06 2.0094386575947176e-06 1.9843940796536395e-06 2.93758356553971e-06 1.2543899313831488e-05 1.2493805838666822e-05 2.0940022792845573e-05 4.5519119523814727e-07 2.5841242522753354e-05 0.00220129775356486 7.3352376124178085e-06 0.00010175792692177074 2.269932672750987e-05 7.395549828614012e-07 1.7530703355420454e-07 0.00014425041215297896 0.0 0.0009731464238412667 8.981325547298919e-06 1.7195999049357508e-06 7.342023697363834e-07 7.046650001832047e-06 5.844098494108068e-06 2.1642150776324095e-05 0.0018001752932683994 0.0004305555317448887 1.5545384748676276e-05 5.463384632351745e-05 9.142533197293353e-06 0.00019510540468993342 2.37712207796014e-05 3.615125591055886e-06 0.0007753925919902392 1.369228807878889e-06 0.0004468343789864846 0.0007680477467263058 0.0008851069667210394 0.0004609149538311789 1.2605668585661195e-05 2.429120338542536e-06 4.477259161391528e-05 1.7261669102701405e-06 0.0 6.216948837062788e-07 0.0 5.750002106888921e-07 0.0 0.0 2.7416386064438575e-07 0.0 5.109800929807832e-07 1.2748000819652806e-07 1.2031166894370566e-05 6.935842533915943e-08 3.410968477405997e-05 2.591272154924336e-07 0.0 1.1459022815868072e-07 5.3333580588456173e-08 2.869237443742749e-05 1.153220116772125e-05 6.390624158492185e-08 0.0 0.0 1.249247115765716e-07 2.297050057335205e-06 2.0619601294106537e-05 8.57764613499571e-05 7.717186006126556e-05 2.7624557083920844e-06 2.952170051358343e-07 4.762930139930071e-07 3.404841078500579e-05 0.0 0.0 2.0249417625449334e-07 1.5127349857594066e-06 7.2327520731854745e-06 1.4109152743366447e-05 1.533607708406988e-06 8.68070623268326e-07 1.189202978999596e-06 0.0 1.606423274598784e-07 0.0
5.051649838036313e-05 7.571029273843988e-06 4.456956197533698e-05 1.1385428071552755e-06 1.25814938415646e-06 1.2547925244758367e-05 0.00010764882987286834 0.0001216498688134 8.494392183360615e-07 2.1757451051372944e-05 0.0008952864530493609 6.028013070321787e-06 7.344585705717263e-06 0.00013063104989943715 2.8151775142849696e-07 1.259038262970554e-06 0.0015525293859924203 0.0009731464238412667 0.0 6.4406917331038695e-06 5.532460883241971e-05 3.801125850750077e-06 0.00017599696941451642 6.569006521195651e-06 8.174522640472042e-06 0.0028156269687992074 0.0010578023175873996 2.3669567241689946e-05 0.0002518239909862164 0.00022331040361804296 1.2524939196736442e-05 1.4663593846902124e-05 1.6756419660381905e-05 0.0022488007189109347 3.0801903219226994e-06 0.0006712333817675451 0.0005828563112382356 0.0016608452391053815 0.0005132271828663844 1.4980760586455224e-05 1.6912683567877919e-06 3.086597275316116e-06 2.5575850750126056e-06 2.527400187470767e-07 7.043874637578779e-06 2.951991980324677e-07 8.383725843552631e-08 0.0 0.0 1.0424094599308776e-06 2.478930039495968e-07 6.535995460101777e-07 5.030488530534008e-08 1.113672484439998e-06 1.947760196692451e-07 2.4664835556370177e-06 2.727164845949215e-07 0.0 3.0367977044240376e-07 2.5336510864362095e-06 3.7956526308407783e-06 9.976667172430635e-06 0.0 1.276670584923502e-07 5.042778838828227e-07 1.1677300653588894e-07 1.3974760864843225e-06 1.8656847588304412e-06 4.823294207958257e-05 8.915600795030686e-05 1.5815032744563215e-06 4.21840565099591e-07 1.2565952676959359e-06 4.0836954780710604e-06 0.0 1.1665983452010535e-07 2.200787703249491e-07 2.407184425072205e-06 3.389107943554394e-06 1.5280157055787144e-05 8.290261756138423e-07 1.5586077118067946e-06 1.2383013497703318e-07 0.0 8.186113179572866e-08 0.0
5.8439502037891494e-06 0.0 1.614687209059855e-06 0.002398093100122445 3.6701041898848713e-06 0.0005104178411116112 0.0001595170618091841 0.0002312653313121854 0.0003685148401730821 0.00368514763489729 1.9806242920221434e-05 0.002935254241477883 3.4131894729160176e-06 0.00023002926062009574 3.559753366661247e-05 0.0 1.618852632748629e-06 8.981325547298919e-06 6.4406917331038695e-06 0.0 5.713792967255101e-07 0.0 1.3526205420049405e-06 0.00036230534358606503 3.434439142869046e-07 7.781513766908332e-06 1.516653544092772e-06 0.0022874549234825187 0.00021074762249067362 1.3525684153439374e-06 1.2299473274168464e-06 1.6245106812299055e-05 1.3731897035090343e-06 5.0781886700592834e-05 1.2614618241237298e-05 0.00022890950288742077 1.1559857556365226e-05 0.00018425729435983602 6.454681854715256e-05 0.0002054245348149735 1.8630266682078557e-05 4.588436778191112e-06 3.6256824172068195e-06 5.106501315951878e-07 4.2482959566564194e-07 0.0 0.00015362959941077448 1.3349596999166254e-07 1.1946703563316548e-05 4.718848495039996e-05 6.1963686710413725e-06 3.744583779917358e-05 3.3149892028879274e-05 6.480524251076986e-07 9.125014024264493e-05 4.361119779972413e-07 7.864663547745837e-06 4.808960192341386e-06 2.0732770323111966e-07 1.4894198924486142e-07 9.129326750629058e-08 4.550842617653798e-08 3.392602207144948e-05 0.0 4.7131823777150077e-07 0.0 0.00010132672863678501 6.176893870361968e-08 2.5782346978224086e-07 2.566228303803803e-07 0.00016235701896396475 7.06972123549323e-06 2.092050155893277e-06 7.201303895824958e-08 4.7793413692967434e-08 7.043444416598655e-07 2.916915272527143e-06 9.010850080519865e-08 3.302718391554842e-05 6.956479278374207e-07 9.671362068470813e-06 1.8885934345339775e-06 9.649372960443249e-05 7.750980368914889e-07 5.906330909617293e-07 3.7153982115715123e-07
7.201541808416873e-06 2.871518806998812e-06 0.0006066154321062416 1.0747664960994458e-06 1.012050086246293e-06 1.677034303223289e-05 0.0007117144025711616 3.165106295235014e-05 8.428608125185733e-06 1.7504466269382368e-05 2.002196352691971e-06 7.129329507063429e-07 1.928319378659075e-06 1.8773209021349797e-05 5.543419417430158e-08 0.002030942819139655 0.00036249668984178886 1.7195999049357508e-06 5.532460883241971e-05 5.713792967255101e-07 0.0 8.27391197793467e-05 0.009407302123491994 0.00041913942865133075 4.336766786922542e-07 0.00016096701442612588 0.00045828636121665 0.0033219883138556863 6.989576984426712e-05 0.004558874840112308 2.825676437065773e-07 5.792642889101565e-07 3.9706531036025356e-05 0.002262514126937351 6.161777107629856e-05 0.002905353847400566 0.00045542015430946907 0.0027822147736708213 0.0018036706733120939 7.523292845531656e-05 4.2874050989105065e-06 1.9764843187875883e-06 2.1745955544058452e-05 1.7465852451544568e-06 5.627673363598671e-07 1.7750461749305755e-06 4.6523362929004634e-07 0.0 2.9122536348240205e-07 8.204836364526633e-06 0.0 2.563004813043426e-06 0.0 0.0 0.0 9.145242530657162e-07 8.866531949451851e-07 1.062687802364174e-07 0.00037528824552269955 2.173006384753196e-06 0.0 5.774489902436855e-07 0.0 0.00012312516755931324 5.468214868951191e-05 5.3948502379133674e-05 5.1064851460875e-05 5.0349331138806604e-08 2.5129904893932736e-06 2.224955404379287e-05 6.55426104035426e-05 4.124846739999169e-06 0.0001015061656955961 0.0 0.0 6.310878695309954e-08 1.4188214544758519e-06 4.94726687774401e-06 1.4701624974222748e-05 9.895621904268359e-07 6.0026196488030195e-06 2.4597999940286796e-06 1.3212986156445016e-06 1.200094135030446e-07 3.3046792803261917e-06 8.700596736859495e-07
0.0 0.001258360257191889 3.758165072164358e-05 7.66929304565317e-08 2.095614627698667e-06 6.951052465199639e-07 2.985216817511518e-06 2.2262790789788662e-07 0.0016468293684225237 1.8466866767184582e-07 4.142940362081612e-06 1.0820148941811004e-05 4.168242308313535e-05 4.871668777517103e-07 2.41401901469018e-05 0.0016426300059581543 6.445686839480273e-05 7.342023697363834e-07 3.801125850750077e-06 0.0 8.27391197793467e-05 0.0 6.814603734501358e-05 0.0031167207451893494 0.0007747666589477921 0.00010025501788732085 0.0037073884225313513 0.00015968377635510646 2.0648256160046043e-06 1.0197785311277849e-05 2.526987495736571e-05 0.0 3.077516084148879e-07 8.387527194501978e-06 1.269050356050199e-06 5.392524300116031e-05 3.1306699133097106e-05 3.5962217128362096e-05 1.3441316228938533e-05 2.2612347348145356e-05 3.200187228055522e-07 6.558850650141314e-05 2.3793011132115386e-07 3.0351829893005263e-07 3.171280571794307e-05 8.158324925997203e-06 2.108267460453134e-07 0.0 0.0 8.069483981295863e-06 7.29462916808601e-08 4.518291607466606e-06 1.482192570648572e-07 2.2280156728226128e-06 0.0 3.1655376484652696e-07 3.069458559151703e-07 1.5182284847190315e-07 0.000731617124949037 1.1201396685435e-05 5.23679832159105e-07 1.4898376249861348e-06 0.0 4.303681583319077e-05 0.00024782436884319384 0.00022095521557139074 4.7427673237297316e-05 1.0559878872935606e-06 1.928764279142906e-05 0.0004531315586627897 2.9801894982214046e-05 9.533052434145247e-07 1.9994398021128113e-05 6.388503773116183e-07 0.0 6.448936365179721e-08 6.178819339123949e-07 1.4572115970762785e-07 1.006444866262109e-05 7.285156565127361e-06 7.490469911715093e-06 4.301455543220208e-06 5.767953362997e-07 0.0 6.564588656075097e-08 0.0
