0.0 0.0 2.599294934122386e-05 7.256874039161641e-06 6.221592533539951e-07 3.123125056893089e-05 0.0013167566816942463 0.0009905727828529178 6.565620061806954e-07 2.5502914654778445e-05 1.3731837837654543e-06 1.745613429318025e-05 0.0 0.0031934922408618145 6.101423508403495e-07 1.53065921808232e-07 9.888042551295225e-05 1.0420317070078656e-06 1.3537651094547583e-05 4.565068197828758e-05 9.296788126102695e-05 4.058412863660074e-08 8.083209688582662e-05 2.2021791934959424e-05 0.0 3.4398001457736084e-05 9.0209623844289e-06 6.476397494578009e-05 0.0011480026327785045 0.002156512367865641 0.0 8.686870334046226e-07 4.3000828704137015e-06 2.759187655017264e-05 7.447104791409798e-07 1.1324974124819642e-05 1.5394542724470172e-06 8.448187611804247e-06 2.2041778176221236e-06 8.708265007829496e-07 1.4521563189406178e-06 0.0 3.765145312038205e-07 0.0 0.0 0.0 2.6975874886308895e-07 0.0 0.0 2.2942658857784725e-07 6.552203501018718e-08 4.7043391480700823e-07 0.0 0.0 0.0 0.0 0.0 0.0 2.413591698417887e-07 0.0 0.0 5.043486499217307e-08 0.0 0.0 6.354657600172685e-08 0.0 1.436146042852532e-06 4.929375575408957e-08 0.0 3.1330084201750295e-07 3.599029268534758e-06 7.252794670594607e-08 2.2684373048682892e-07 0.0 0.0 0.0 1.289440609463313e-07 3.3120673884089464e-07 3.616058249430503e-07 0.0 2.593195370422519e-07 0.0 6.257691849671191e-08 0.0 0.0 0.0
0.0 0.0 1.2888750539529899e-06 0.0 0.0 0.0 0.0 0.0 0.00015749590694633618 0.0 1.4880139709305751e-05 0.0 0.0002605481604895337 5.645705458132466e-08 4.503154662902259e-07 3.107553673794512e-06 8.650713598211241e-06 1.023910188597754e-06 1.0892494519904193e-05 0.0 5.155033720811411e-08 0.0010113821843719536 1.6698029612833909e-06 2.148562743456622e-05 0.0011445575682317093 9.774364917124362e-05 0.0024763908643074786 8.967460942277361e-08 0.0 0.0 1.378893544543694e-05 0.0 0.0 6.146928879847195e-06 1.0715153774092605e-07 7.15140290241506e-06 1.21686050207175e-05 9.916908119876216e-06 5.521066175417798e-06 3.993781908718902e-07 0.0 7.682187311130032e-06 9.549070375037329e-08 0.0 2.008993285963634e-05 1.8191970963560933e-05 0.0 0.0 0.0 5.096475208299313e-08 0.0 4.3557112600518196e-08 0.0 1.4629777929921008e-06 0.0 1.0930367874465125e-06 7.179030535731818e-08 0.0 1.1965752930946449e-06 3.673991810679654e-06 9.180223636048874e-07 3.738526178858803e-06 0.0 1.762830287853102e-07 2.3578886760681988e-05 1.2063770337607906e-06 1.7867397050277782e-07 2.8164606975984043e-06 3.1962096219121954e-05 0.0006302349818361969 1.5676093780933767e-07 0.0 2.5700794695903724e-07 3.5013026396770764e-07 0.0 0.0 1.1029658874119006e-06 1.3375737683032995e-07 1.5596094363942735e-06 3.3016880810995835e-06 3.872085552642652e-06 9.996215543722271e-07 0.0 0.0 9.793442735538966e-08 8.579467432565913e-08
2.599294934122386e-05 1.2888750539529899e-06 0.0 9.897748066123196e-06 1.3116898469646747e-06 4.214839286994343e-05 0.00022571613023037175 0.00023215677385349825 2.1708057722566615e-05 2.026067467134038e-05 3.1146445150386023e-06 1.2992690194159382e-06 0.0 0.00010248409541060741 2.1931522759711795e-07 7.92766626526831e-05 0.0012063740399767002 4.401993546815511e-06 2.518587164071293e-05 2.5365122905046204e-06 0.0002726253615594446 1.853529786821576e-05 0.005294206742240158 0.0006381228755659632 5.301314056686653e-08 0.0035116790493909516 0.0017506420544292417 0.00038413723274519107 4.575831086455123e-05 0.0002081050267485186 0.0 2.785732768945046e-06 2.9330223902158712e-06 0.0003934356888121202 1.2478954729595105e-05 0.0010612073095816314 0.0010566002447757997 0.001107293294798582 0.0007392206553563274 3.3148499372986364e-05 7.615377751245526e-06 3.50240771551648e-07 4.297280954770385e-06 2.5884458116079666e-07 7.754564355536533e-06 0.00015290477933227757 0.0 1.5212896864941004e-07 2.8632327716700797e-07 7.720489173363907e-06 1.440053141248344e-06 5.7495257350780325e-06 0.0 8.34818484745667e-07 0.0 0.0 1.5715281853160985e-06 0.0 1.997686784448759e-05 1.7343920545877034e-05 0.0 1.0265383004199774e-06 9.115017746738542e-07 3.4830738321357617e-06 1.861805402085208e-05 5.1407766620126685e-05 2.1597831854623823e-05 1.0927512668175405e-07 1.802983919495913e-05 0.000697941073675382 2.893850458916231e-05 4.4800311675539183e-07 8.715857474241524e-06 0.0 0.0 0.0 9.168111566136667e-06 6.92000275714446e-06 1.9880172322356243e-05 2.8008827669946027e-06 2.9463227184084217e-05 6.57908470030669e-06 2.093464731972215e-06 0.0 1.4736331388451674e-07 0.0
7.256874039161641e-06 0.0 9.897748066123196e-06 0.0 2.6455224017511265e-06 0.0001410424067382762 0.00011542225764577855 6.870202882923244e-05 0.0006170548161065313 0.0011158204611723275 2.4168853811047194e-06 0.00039960315340753586 7.062054341056467e-08 3.8097958447390983e-05 3.899879202820743e-05 8.05772490736526e-08 3.5096417797506786e-06 1.8076367536674192e-07 6.776291166832082e-07 0.002397005906880615 7.2248350573803935e-06 7.249369764990585e-08 1.0337191595382491e-05 0.0008591556535886947 0.0 6.892470729938606e-06 1.0149287662803181e-06 0.0016403072155643807 0.00010379683349619973 1.0439462476738061e-05 3.653611141214651e-08 3.0461098571139543e-06 1.7340652400672568e-05 5.5479890085071405e-05 3.4956416283194863e-06 0.000256923604009662 3.805540665334166e-06 9.760294309965506e-05 2.9783644102522196e-05 5.240309203042111e-05 3.450241321846012e-05 2.507875294372455e-07 7.893080987092868e-06 3.3341127205238134e-07 1.0498367203335488e-07 0.0 6.404488702970763e-05 2.2473461168001144e-07 1.0689452928520812e-05 5.75193324279478e-05 1.668903717846799e-05 0.00013707751804844457 5.142910467421107e-05 2.391374789223567e-07 2.784917057444606e-05 4.64995378534004e-08 3.950857924389543e-06 5.299672096478886e-06 6.705131287425358e-07 0.0 0.0 0.0 5.551883474936795e-05 1.2823737646784012e-07 1.0560512023354028e-06 3.206149620376988e-07 0.00018407848666122513 0.0 1.1447957858303877e-07 3.944648264536807e-07 0.0002967497432550962 4.945041797793502e-06 5.888595855711918e-07 0.0 6.107411968755433e-07 0.0 2.134627194076969e-06 8.001903812408706e-07 1.1674536400082513e-05 1.2550603821191112e-07 1.2401851639880986e-05 1.4806928868127623e-06 2.4267730607262518e-05 6.283941078298723e-07 0.0 1.3902112863112025e-07
6.221592533539951e-07 0.0 1.3116898469646747e-06 2.6455224017511265e-06 0.0 0.0006311685770096373 5.368884273727843e-06 0.00014514526575588372 3.3251359868984625e-05 1.950990631207079e-06 5.051626654855979e-05 3.1622240918972424e-05 3.0001018872245197e-06 1.787016871688936e-05 0.0006050367154952831 5.1251810048495436e-08 8.660118908818716e-07 3.5538357478339445e-06 3.59031979625692e-06 7.054644297872746e-06 2.807620035583301e-06 4.696894752603891e-07 4.119522624854527e-06 1.8757555886044942e-05 4.4272395103605424e-07 9.48164820682202e-06 2.447155732784069e-06 1.1877501360585506e-05 5.581831108341789e-05 6.3310248445869734e-06 2.7079999389987885e-07 0.00022356791906435103 3.6393003888177546e-06 0.000358177758409221 3.0206391253828456e-06 6.843163732813732e-05 1.8765674519709514e-05 0.00047850788058356785 6.627541689317188e-05 0.001325016222368035 8.847123161829751e-05 7.132279446119453e-06 3.7877764615376694e-06 0.0 0.0 0.0 1.871903429897361e-07 0.0 0.0 3.6758602718029203e-07 2.6818588769271443e-07 0.0 0.0 1.8064201932796134e-07 4.888798001650897e-07 4.428244898958253e-07 0.0 0.0 0.0 0.0 0.0 0.0 0.0 0.0 5.783700029373646e-08 0.0 7.936928892243792e-07 0.0 6.816427779385306e-08 1.3338385197996565e-07 2.2786563015261066e-06 5.994967672585849e-08 0.0 0.0 0.0 0.0 0.0 1.4551550542130865e-06 1.7910502123265127e-06 3.24615576209132e-07 7.18690376329689e-07 5.761747527315946e-07 9.093651570824295e-08 0.0 6.115660829939443e-07 0.0
3.123125056893089e-05 0.0 4.214839286994343e-05 0.0001410424067382762 0.0006311685770096373 0.0 0.0023111215393537147 0.004250796772837022 6.848408210764687e-05 0.0033384494384997893 8.185090784343896e-05 0.0015755550131546527 1.2514261369941917e-06 0.000786199852364002 0.001212188706432029 1.9567660285131906e-07 3.819403161366686e-05 1.1305098140448997e-05 1.1811932766767055e-05 0.0005887045511028595 6.284954793214312e-05 6.439484659402053e-08 6.399602698350137e-05 0.0002861136741680123 2.222483071710915e-07 4.627375416990793e-05 8.678267059648724e-06 0.0005772866479082884 0.001383905083114218 0.00013736617233332427 8.162237616168152e-07 0.00020578102123870964 2.181879575583356e-05 0.000798655917395061 3.7709755594471973e-06 0.0003570889275496359 3.562373449851433e-05 0.0007662506835597165 0.00014537170527008944 0.0011592582061203203 0.00025006790645064054 6.947212537230893e-06 1.2833529584625617e-05 1.499421129646954e-07 7.146256880361914e-08 3.705029260107821e-07 4.525113192646354e-06 3.710829848350415e-07 1.365694562220427e-06 1.597758858623508e-05 3.5913931041613505e-06 1.8746572888431314e-05 5.398325119905887e-06 6.093633120051477e-07 5.933886678386472e-06 0.0 1.929870941583226e-06 1.614930012180398e-06 8.223029727506143e-07 0.0 4.705362048294939e-08 0.0 3.941262828297043e-06 1.2109708238868806e-07 2.1064747723178858e-07 3.315972776195286e-07 4.2147243753283415e-05 0.0 9.163643516866809e-08 8.968145591598918e-07 5.897903357430126e-05 1.6773330162562657e-06 6.0257754431990205e-06 5.719790700937245e-08 2.1284714774091605e-07 0.0 4.199319747528765e-07 3.865743917794424e-06 7.347187487489354e-06 2.8750848989889226e-07 4.015193474770716e-06 1.6624884725973605e-06 7.159098156548451e-06 7.090641132275262e-07 8.01508464826226e-07 0.0
0.0013167566816942463 0.0 0.00022571613023037175 0.00011542225764577855 5.368884273727843e-06 0.0023111215393537147 0.0 0.0028716228327498768 5.2009803085767066e-05 0.005407837850395589 6.113319750276116e-06 0.00037618839710778503 0.0 0.0028459553228239697 8.966165384174504e-06 1.7941317499454468e-07 5.357922644354662e-05 1.9563550472140246e-06 4.824478871645999e-06 0.00027883584900061976 0.0003008496935951214 1.1156379312336933e-07 0.00036001152940095545 0.0006946581688162523 1.4730503518937314e-07 8.38458239360286e-05 7.483714060870173e-06 0.007095765196642912 0.000791290033852952 0.0046983597326173444 3.823976416068453e-08 9.284159316460662e-06 6.644559978903726e-05 0.0001653763438860908 6.375556411035015e-06 0.0004402640966638951 1.2519941625656078e-05 0.00027066125475637133 7.000682159834239e-05 8.194943176746402e-05 7.695160097424445e-05 3.87347828368621e-07 1.1345797296512671e-05 3.150946962358081e-07 5.995220577348428e-08 1.1209149033913145e-07 1.998237338577604e-05 7.674100825126241e-08 6.052184499525855e-06 7.682215586324889e-05 1.8952269541109434e-05 2.6053049665869737e-05 1.971593959352254e-05 3.6272443819190263e-07 9.248441237669054e-06 0.0 6.702855704934215e-06 1.1402402595312776e-06 1.892259317644958e-06 7.385616122843793e-08 2.3295211046146642e-07 5.5415757931317884e-08 1.3422764671096043e-05 4.6213515838893504e-08 8.640694606455387e-07 8.353355975653157e-07 0.0001113442141706674 0.0 4.498784571831326e-08 1.5957669169342455e-06 0.00022041639453166306 8.716838169601625e-06 4.383113715963422e-06 0.0 1.1825517829961683e-06 2.9237268904139104e-07 4.3188401825489565e-06 1.5436219586014029e-06 2.6935411344580148e-05 3.2709879129835753e-07 1.723844864599217e-05 1.814270099043984e-06 1.4730304679019391e-05 1.836906129679099e-06 2.3975392137783905e-07 5.264056687435571e-08
0.0009905727828529178 0.0 0.00023215677385349825 6.870202882923244e-05 0.00014514526575588372 0.004250796772837022 0.0028716228327498768 0.0 2.6887797643274525e-05 0.0012809771843911772 5.8712006097334256e-05 0.0008760661833314926 8.575492772469238e-07 0.004256340400141238 0.00020641258597963076 5.802452217053802e-07 0.0003347743892459451 8.739454491361223e-06 2.8635086406274997e-05 0.0006047183032378741 0.00033830491486872515 2.941621819428721e-07 0.00035235691309606996 0.0005056410729271968 5.67295745783028e-07 0.00020031716939805083 4.164780681984362e-05 0.0005282308750380871 0.001778113186271517 0.0015052644876720183 3.514144044896655e-07 5.39218382175887e-05 2.002582476501518e-05 0.0005623065253462768 4.486389071625431e-06 0.0002509648328150881 2.4741610069273632e-05 0.0005031563954696383 0.00010581056729207499 0.0004301774812086469 0.00013034546727578426 4.671866287154678e-06 7.4632071934033055e-06 8.762509466477529e-07 3.754955535834443e-08 0.0 7.15684183684717e-06 0.0 2.9725524516179526e-06 5.007905612411413e-05 7.870337394513833e-06 2.5195369597044645e-05 1.0235429520805316e-05 4.863640097627134e-07 3.6581136423067614e-06 1.52723881020148e-07 2.5368693802320753e-06 5.674022828359291e-07 2.655733752279533e-06 0.0 0.0 1.34408956826514e-07 4.102151813310224e-06 2.635246685854646e-07 1.645121344024746e-06 7.713428842904293e-07 8.681662488575937e-05 0.0 3.068061149947716e-07 2.5639593144289755e-06 0.00013089962762746456 3.1586054310144856e-06 1.1443346217378074e-05 0.0 0.0 1.8244652798888823e-07 2.625782414520235e-06 2.993138792378798e-06 1.6361082024362273e-05 7.794681613133434e-07 8.623007335845266e-06 2.056825795972123e-06 4.97691122278407e-06 1.337591272557129e-06 1.0426363595299553e-06 0.0
6.565620061806954e-07 0.00015749590694633618 2.1708057722566615e-05 0.0006170548161065313 3.3251359868984625e-05 6.848408210764687e-05 5.2009803085767066e-05 2.6887797643274525e-05 0.0 1.3534015887204837e-05 1.4690254868836944e-06 0.0004227389151419336 8.627809827700362e-06 8.185731377360878e-06 0.0004995862329792773 0.0001006062888923054 5.786095789553573e-06 2.872179001146939e-07 6.185125311025673e-06 0.00047801489567827376 2.2729125327992832e-05 0.0013820132183095695 4.604388976115815e-05 0.004218440440482237 7.073927842883068e-05 2.274191208218908e-05 0.001172885908243168 0.00048718461448735655 2.0081558784788246e-05 3.192553013149079e-05 1.0666176001825402e-06 1.3593129013225285e-06 3.501374817074187e-06 1.2877309559409845e-05 1.5636129003526083e-06 0.00010439432097198622 1.0946096504602163e-05 1.795483365163128e-05 6.884472535715561e-06 0.0002192018486777576 2.5092418353951187e-06 5.551028753798396e-08 1.3502335318661388e-06 1.1324566988705131e-06 2.0787508987849898e-06 1.0745560226138132e-06 6.151583809883971e-05 4.91511443806009e-07 8.01852875398295e-06 5.1368269252010865e-05 1.5808201850046248e-05 0.0001273714215874429 4.4199904473255266e-05 4.5171335496881077e-07 4.152011311856881e-05 6.950860559398055e-07 4.717897361331972e-06 1.616025766304172e-05 0.00013296350079529222 8.729866281946515e-07 5.6844478133655694e-08 3.8815998445575105e-07 4.387071725267673e-05 1.452781529375646e-05 1.718576568254683e-05 3.375537304037013e-05 0.0005717637096330155 7.146908128558844e-07 3.452030329214589e-06 1.6448815998951324e-05 0.00042548538442805495 7.133226194729502e-06 1.9101121638234077e-05 0.0 8.078032090669441e-07 4.2250493416623406e-07 2.571575703567012e-06 5.614330262873184e-07 1.950965294647592e-05 1.0534460805146289e-06 1.2881045106532812e-05 2.1264955538817488e-06 4.3787158492398404e-05 6.439873048858873e-07 7.189763135510535e-08 1.5046146727261913e-07
2.5502914654778445e-05 0.0 2.026067467134038e-05 0.0011158204611723275 1.950990631207079e-06 0.0033384494384997893 0.005407837850395589 0.0012809771843911772 1.3534015887204837e-05 0.0 3.7505746244212625e-06 0.002066918849420408 0.0 0.00034682223179644537 9.646824432633109e-06 0.0 1.0827991152835085e-05 8.943731765829252e-07 1.3325111089686843e-06 0.003288230561242183 2.380418737764464e-05 0.0 2.7076887042965146e-05 7.668683600319143e-05 0.0 1.1310572330394876e-05 1.9283471977620038e-06 0.003882357399789357 0.00013555488888837339 3.9375808671218085e-05 0.0 5.319257391525555e-06 4.31196767258547e-06 3.383389184006928e-05 8.491883490224932e-08 8.34936860911983e-05 2.0063337804022605e-06 4.876280609091422e-05 6.620042552873203e-06 3.658511766016278e-05 1.3061682661317516e-05 0.0 2.214310782420764e-06 0.0 0.0 2.1507342486333128e-07 9.65005249648803e-06 0.0 7.198168827140615e-07 5.312502533889885e-06 9.427425543698134e-07 4.0388921293743734e-06 4.423616933509289e-06 0.0 2.8593497877065125e-06 0.0 1.8037643246066983e-07 1.9888399561289052e-07 4.340865086889925e-08 0.0 0.0 0.0 2.232014521333718e-06 0.0 1.2524616566505692e-07 0.0 9.900009558206138e-06 0.0 0.0 0.0 1.8048669952701965e-05 8.339759469071024e-07 3.6571053559955903e-07 0.0 4.886141764312147e-08 1.5016366638469473e-07 1.8538220297033773e-07 3.382997736467012e-07 9.868049050634459e-07 0.0 8.366433880005672e-07 1.298664591780008e-07 2.060671588926289e-06 0.0 0.0 0.0
1.3731837837654543e-06 1.4880139709305751e-05 3.1146445150386023e-06 2.4168853811047194e-06 5.051626654855979e-05 8.185090784343896e-05 6.113319750276116e-06 5.8712006097334256e-05 1.4690254868836944e-06 3.7505746244212625e-06 0.0 7.837496936894686e-06 0.0009121840245706891 2.800257008353479e-05 3.7504010749795947e-07 1.5828052492327416e-06 7.750245567634489e-05 0.0020825353980321428 0.001861282922482717 1.213993131652818e-05 7.042566683469449e-06 6.072170991480434e-06 2.1562398172030386e-05 1.1515817190465931e-05 0.00013230347142057666 0.0038633485321568645 0.0004534738281547834 1.569596754224943e-05 0.0001098539664092047 1.001147544105714e-05 0.00036236728378202695 7.229748940880096e-05 5.430169165940394e-06 0.0036369437394671894 2.6184721396846943e-06 0.00029188043600782533 0.003281024202894311 0.002379191938243473 0.0009762725719836711 1.1852680365521405e-05 5.0465506118455684e-05 0.0005488890120103162 3.505481452166353e-06 0.0 1.3771959062095824e-05 4.937964752024945e-08 8.543594772189827e-08 0.0 2.2865924013626214e-07 1.2525073011675588e-06 4.960405883779908e-07 4.7671564145710447e-07 0.0 0.00045016808745182305 0.0 0.0006552803694306334 1.0948084221749625e-07 6.808861576727341e-07 3.0500482478658134e-07 3.4752243245304924e-07 5.304988552747398e-06 2.197813572498255e-06 0.0 0.0 6.217215806483999e-07 1.2589001842534642e-07 2.4507370891083485e-06 8.285528643685552e-05 2.7182657411023085e-05 5.907947927221589e-05 1.9027393370870336e-06 3.653460061955606e-07 9.522669477285414e-08 3.75058145395585e-05 3.783377459691982e-07 0.0 2.330504034458393e-05 6.278664283100703e-06 5.2839140431215845e-06 9.67570110284838e-05 2.2583819892050774e-05 1.308785692912089e-06 1.6476440026716219e-07 4.674876849227123e-07 0.000108295962829573 0.0
1.745613429318025e-05 0.0 1.2992690194159382e-06 0.00039960315340753586 3.1622240918972424e-05 0.0015755550131546527 0.00037618839710778503 0.0008760661833314926 0.0004227389151419336 0.002066918849420408 7.837496936894686e-06 0.0 0.0 0.00032409544510017476 0.0004615180380823292 0.0 1.5841809737213465e-06 1.3143630097518938e-06 1.7291865221268569e-06 0.002516120670632063 1.3587660592899722e-06 2.327734999752204e-06 1.672893922001059e-06 0.00021508073688932948 5.940457110938352e-08 3.8889956756733014e-06 1.6517480128630445e-06 0.0007793872265432031 0.00021627119627060651 1.0390856113179335e-05 1.9713300985784006e-07 1.3938886244168697e-05 3.987524440280727e-06 6.818004509703612e-05 9.08127693341798e-07 0.0001706788614523947 2.9370974417059814e-06 0.00010775060358575044 1.5463306191158444e-05 0.0005513489826191267 2.7080440944744722e-05 6.923428982572173e-07 4.382194270745089e-06 0.0 0.0 0.0 1.472122328558757e-05 5.107722834249056e-07 2.543706133296258e-06 1.0361315944738775e-05 2.7262740740044747e-06 7.95261900159376e-05 1.82806197123722e-05 1.2125862954544253e-06 3.272256102440865e-05 5.1052535104884796e-08 4.863537682258264e-07 4.880764640393881e-06 0.0 0.0 5.4525426253947456e-08 0.0 2.4200815258716756e-05 0.0 0.0 3.289891917254443e-07 3.406757264435957e-05 0.0 0.0 6.426301169154491e-08 5.2502548310341995e-05 5.593522800031367e-07 0.0 0.0 6.687230312290859e-08 1.3669461126826006e-07 6.292609813001834e-07 2.0482862897040395e-07 1.364149137161468e-06 1.2287731071774404e-07 2.2890732533038465e-06 5.186889988118339e-07 1.566874705979381e-05 4.691120855767727e-08 0.0 0.0
0.0 0.0002605481604895337 0.0 7.062054341056467e-08 3.0001018872245197e-06 1.2514261369941917e-06 0.0 8.575492772469238e-07 8.627809827700362e-06 0.0 0.0009121840245706891 0.0 0.0 2.158878887985863e-07 0.0 0.0 1.0150065289648239e-06 2.122379083891112e-05 9.853553382828212e-06 2.7375982018015715e-07 9.269009687076943e-08 9.1379748340711e-05 2.5124383082746674e-07 1.2470262761571095e-06 0.0010589027452406479 0.0008850725334980983 0.002925498098905669 1.9691370898609054e-07 1.002140810233449e-06 3.997755905217073e-08 0.001214276436157724 1.4767442729573082e-06 0.0 0.00016278735953111821 4.004608702618379e-06 8.185438554199051e-05 0.001394143783913887 0.00016675408718143305 3.9490147212999416e-05 4.7050692538890497e-07 1.0422736365885468e-05 0.0001380041839631894 1.6692221909340705e-06 0.0 2.4717589783222495e-05 5.684199406326174e-07 0.0 5.629277708539861e-08 1.7794354025787587e-07 0.0 3.7770674489990507e-07 4.293978755902771e-07 1.0687156921942431e-07 0.0006567789307393879 0.0 0.0010657072526010546 6.854066349109427e-08 8.024408575886732e-08 0.0 1.9573013313051216e-07 1.9320803795249776e-05 5.447939039817427e-06 0.0 0.0 2.424939656774535e-06 0.0 6.401763729730465e-07 0.00018494931247997626 8.897161998609014e-05 0.0001974811037997567 1.2721793801517058e-07 1.835393235693391e-07 0.0 8.198876524886973e-05 3.0867383141305154e-07 0.0 1.954703790728572e-05 8.419978913205501e-06 1.2050049848705575e-05 0.00012902773019207365 2.6556588242666303e-05 2.85663504678646e-06 1.224714317537297e-07 7.719270353054537e-07 0.00010215525082805556 0.0
0.0031934922408618145 5.645705458132466e-08 0.00010248409541060741 3.8097958447390983e-05 1.787016871688936e-05 0.000786199852364002 0.0028459553228239697 0.004256340400141238 8.185731377360878e-06 0.00034682223179644537 2.800257008353479e-05 0.00032409544510017476 2.158878887985863e-07 0.0 1.4111988081273308e-05 2.759176176237836e-07 0.00016255680709975447 4.225474347009858e-06 1.688079416303175e-05 0.00042423340352271274 0.00016050727830664786 3.699495290996856e-08 0.0001777212344830745 0.00019636015534408777 7.898047623724187e-08 8.455392784434311e-05 1.9450160197872205e-05 0.0002726668174058205 0.0038491566480177535 0.0014009830799981298 2.4199587785820245e-07 0.00020278313046169508 3.122398113120986e-05 0.00032040293991248266 8.233177328338416e-07 7.626173524495678e-05 9.647250938450575e-06 0.0001502596274544369 1.9362300080581157e-05 4.6067796840991436e-05 2.5317006111282617e-05 7.195899873261177e-07 1.3259520202645374e-06 0.0 0.0 0.0 7.968265008924597e-07 0.0 9.124097801913387e-07 1.3965488625172576e-05 2.6353767843410403e-06 5.692946707405304e-06 2.953536192287088e-06 0.0 1.314741371498009e-07 0.0 9.88374562527717e-07 2.6351838651964194e-07 1.4264915805006757e-07 0.0 0.0 0.0 1.6195390871919933e-06 2.9713057970380634e-07 3.6341271149861075e-07 3.6984658653867256e-07 3.0416326653000593e-05 0.0 2.0328936431754231e-07 5.555719068013318e-07 5.1737900806828133e-05 1.8352250060997173e-06 5.835286186154254e-06 0.0 2.19369023315712e-07 0.0 1.1573661110617382e-07 4.963984301837482e-07 7.960992500217157e-06 3.082538325475696e-07 3.148014531635976e-06 6.051127350244957e-07 1.9972489288849095e-06 5.259665803611563e-07 2.3522650584862193e-07 0.0
6.101423508403495e-07 4.503154662902259e-07 2.1931522759711795e-07 3.899879202820743e-05 0.0006050367154952831 0.001212188706432029 8.966165384174504e-06 0.00020641258597963076 0.0004995862329792773 9.646824432633109e-06 3.7504010749795947e-07 0.0004615180380823292 0.0 1.4111988081273308e-05 0.0 1.4633708092051435e-07 9.799048668220856e-08 5.703653091356522e-08 2.0933549875265526e-07 4.90391186491867e-05 7.754438935419579e-07 1.7387378513174635e-05 1.0523532812475197e-06 0.000495902991114233 1.0125113691025551e-07 4.6018085342606774e-07 6.8996792788103875e-06 2.7870203177826447e-05 2.6775176815156663e-05 3.001894067699935e-06 0.0 0.00012732034093419485 3.8319581788552494e-07 1.0426341703922288e-05 8.879793681457746e-08 3.358406020584145e-05 0.0 7.643029417888047e-06 2.1858202498513943e-06 0.0005316390591358932 5.113592466229165e-06 0.0 1.832767339552834e-07 0.0 0.0 0.0 1.0257629040032216e-06 0.0 4.998699351492728e-07 6.942568711777724e-07 6.077758295477703e-07 9.368154193674763e-06 3.214424251302841e-07 0.0 4.597220163522357e-06 0.0 0.0 8.549124759709774e-07 1.9042470365711317e-07 0.0 0.0 0.0 2.0501278271614e-06 7.65312963778725e-08 8.673831139606354e-08 1.7086987515502258e-07 3.6512849298444334e-06 0.0 0.0 2.1188204694561755e-07 7.717131748354259e-06 0.0 0.0 0.0 8.868823660881506e-08 0.0 0.0 1.2665262582429774e-07 5.128169410105321e-07 0.0 0.0 2.679936063399874e-07 4.873679812089555e-06 0.0 0.0 0.0
1.53065921808232e-07 3.107553673794512e-06 7.92766626526831e-05 8.05772490736526e-08 5.1251810048495436e-08 1.9567660285131906e-07 1.7941317499454468e-07 5.802452217053802e-07 0.0001006062888923054 0.0 1.5828052492327416e-06 0.0 0.0 2.759176176237836e-07 1.4633708092051435e-07 0.0 7.887587795741209e-05 9.479124770290235e-07 1.6052050082017402e-05 0.0 0.0018199228684897414 0.0013017616235649814 0.003071721492447806 0.0003968285808243779 4.3287468197050385e-07 5.047236295274787e-05 0.002375598355485453 0.00026359742495383505 3.435874887267446e-07 8.917263907670455e-05 5.639034081188394e-08 1.7124347005189538e-07 5.6296614896737457e-08 6.653962206727495e-05 1.2230830243067917e-05 0.0007162204914928932 0.00022458612542474116 0.0001738982366609709 0.00024077787102842773 3.54842252489448e-05 8.156008232693261e-07 0.0 2.7396811195275194e-06 4.338288923770464e-07 4.577470461946721e-06 4.705865926379789e-05 7.68927835514033e-07 0.0 1.5873356177752944e-07 9.513811532215983e-06 1.3101397877761744e-06 4.94153131194595e-05 6.505316358966727e-07 0.0 0.0 6.020296490090563e-08 4.063128206598511e-06 0.0 0.0015652880782036952 2.7611679855760634e-06 2.3789420132151294e-07 9.999822754581535e-07 0.0 0.00017993816615515383 0.0007394152631784909 0.0007738722824879357 0.0001107260011274676 0.0 5.107598144090455e-06 0.00045835683438667844 0.0002012307407447474 2.512226679338937e-06 0.00010016929016684202 5.8327849359324015e-08 0.0 1.175046918959776e-07 3.848865997724432e-06 4.592146949284896e-06 1.8460566070330122e-05 3.728990909857952e-06 9.323537192606198e-06 6.8809936869266075e-06 7.623170819798166e-07 5.158247380892168e-08 0.0 7.59157792736352e-08
9.888042551295225e-05 8.650713598211241e-06 0.0012063740399767002 3.5096417797506786e-06 8.660118908818716e-07 3.819403161366686e-05 5.357922644354662e-05 0.0003347743892459451 5.786095789553573e-06 1.0827991152835085e-05 7.750245567634489e-05 1.5841809737213465e-06 1.0150065289648239e-06 0.00016255680709975447 9.799048668220856e-08 7.887587795741209e-05 0.0 4.5698213791538016e-05 0.0017011513207187711 2.7208496244530134e-06 0.0004434947120181912 9.954472995511985e-05 0.003258373071946241 6.432955063227349e-05 4.560166695971111e-07 0.003345705578864447 0.004800594006546781 0.00012283360671024165 0.0003482293578030502 0.0005997539716417606 1.274079483863561e-07 1.9106542017714716e-06 2.033355419621955e-05 0.0007148063814844033 4.273579538859626e-06 0.0003016678471859763 0.0009774704681769582 0.00040112660680487357 0.00019082319337069683 1.0261707885093764e-05 3.746547208243649e-06 7.157335731092547e-06 2.943920819573682e-06 0.0 1.1763274369712428e-05 6.154519229748663e-05 0.0 0.0 0.0 4.41204653324798e-07 1.7210634349790007e-07 6.826634956616463e-07 4.864345134169344e-08 2.7371813513423175e-07 0.0 3.3351766532560686e-07 5.753232747465393e-08 0.0 2.54388698600811e-06 1.9101833978046465e-05 5.643454568878924e-07 4.35395724017695e-06 0.0 1.8394882946783485e-06 1.739212990425838e-06 2.317798957809149e-06 3.087716638969303e-06 1.1543477885734742e-06 0.00011320773514594225 0.000276772464779542 4.01844768809329e-06 0.0 1.9331577007256843e-06 0.0 0.0 9.701960520662253e-08 2.750457889159891e-06 2.217063654448096e-06 6.23147684429309e-06 2.8920903368844654e-06 1.1658643632542568e-05 3.0228495498743702e-06 3.047620362145054e-07 0.0 0.0 0.0
1.0420317070078656e-06 1.023910188597754e-06 4.401993546815511e-06 1.8076367536674192e-07 3.5538357478339445e-06 1.1305098140448997e-05 1.9563550472140246e-06 8.739454491361223e-06 2.872179001146939e-07 8.943731765829252e-07 0.0020825353980321428 1.3143630097518938e-06 2.122379083891112e-05 4.225474347009858e-06 5.703653091356522e-08 9.479124770290235e-07 4.5698213791538016e-05 0.0 0.0008720564993132416 2.113470523583241e-06 3.5443561658074194e-06 1.0661845616064865e-06 1.375176545367533e-05 2.017328254583317e-06 1.6694849276457943e-05 0.002476359343548201 0.0001754170353092868 3.0468128991739993e-06 1.686619138674056e-05 2.698836698065013e-06 3.5380139860710866e-05 8.423225764271356e-06 5.651781882152554e-07 0.00038614723568705943 1.8731275110681935e-07 0.00016141442842722913 0.0005322525458572863 0.000553498904921812 0.00031410397722769794 2.2762237779891474e-06 7.121776211789768e-06 2.2533934187999255e-05 9.255339631660792e-07 0.0 2.721624847596827e-06 1.2192279063190032e-07 0.0 0.0 0.0 9.553694181935676e-08 0.0 0.0 0.0 1.549799672084902e-05 0.0 4.474446370852994e-05 0.0 0.0 0.0 1.5984732707065593e-07 1.1029610818527457e-05 9.496611833232182e-06 0.0 0.0 1.2108361133908946e-07 7.944461914976637e-08 2.9419507799529914e-07 3.6376874433485085e-05 6.686133091983061e-05 0.00010804159537423492 2.698523236252432e-07 0.0 0.0 1.0141978442351929e-05 0.0 0.0 2.0627397415855583e-06 2.479471228687947e-06 2.7050949849413413e-06 3.5983831263596355e-06 2.2544332676991995e-06 1.027351864810596e-06 5.476599914435707e-08 6.329057444613659e-08 1.3290711175587067e-07 0.0
1.3537651094547583e-05 1.0892494519904193e-05 2.518587164071293e-05 6.776291166832082e-07 3.59031979625692e-06 1.1811932766767055e-05 4.824478871645999e-06 2.8635086406274997e-05 6.185125311025673e-06 1.3325111089686843e-06 0.001861282922482717 1.7291865221268569e-06 9.853553382828212e-06 1.688079416303175e-05 2.0933549875265526e-07 1.6052050082017402e-05 0.0017011513207187711 0.0008720564993132416 0.0 2.13939827191629e-06 5.3824270856058236e-05 1.710621080650589e-05 0.00042209831799958346 9.77666641608635e-06 1.2595674660962127e-05 0.0035200725024471208 0.0014150368759506843 1.2422261931645807e-05 8.578838157590056e-05 3.631536482469968e-05 5.510236063525805e-06 8.925178572906675e-06 6.014377674401448e-06 0.0011587983035358665 3.7147908346312805e-06 0.0005587685981227607 0.0013599800925619614 0.0015784668848320145 0.0007950915281416243 6.004192126794809e-06 1.5362195202565235e-05 2.8848637252301145e-05 1.98848467286404e-06 0.0 2.573164266952617e-05 3.5228403594908547e-06 0.0 0.0 0.0 6.773873419421782e-08 0.0 2.3421931078832152e-07 0.0 6.1994894941619865e-06 0.0 9.195532879305713e-06 0.0 0.0 3.992946511937555e-07 4.73285350013903e-06 1.640828304850589e-05 2.8391559333859055e-05 0.0 4.3340886401829773e-07 4.0518722156209776e-07 9.052338619325831e-07 3.5644890512782875e-07 5.383261508740703e-05 0.00015650888143163731 0.0002681093687245221 5.267609556950805e-07 0.0 5.479517683317567e-07 2.7576929709117933e-06 4.8587565287816814e-08 0.0 5.492633125225367e-06 4.936514733997339e-06 5.550274887466381e-06 5.57532748578113e-06 1.0122552975004563e-05 2.7517517403399337e-06 0.0 0.0 4.031051370209361e-07 6.030192218424597e-08
4.565068197828758e-05 0.0 2.5365122905046204e-06 0.002397005906880615 7.054644297872746e-06 0.0005887045511028595 0.00027883584900061976 0.0006047183032378741 0.00047801489567827376 0.003288230561242183 1.213993131652818e-05 0.002516120670632063 2.7375982018015715e-07 0.00042423340352271274 4.90391186491867e-05 0.0 2.7208496244530134e-06 2.113470523583241e-06 2.13939827191629e-06 0.0 3.226453032229679e-06 4.394171217255574e-08 5.632920716851673e-06 0.000646225780699939 0.0 5.516536429920502e-06 1.3797764653004561e-06 0.0030043010689288128 0.00037588634254608695 2.4747987888673533e-05 9.662404519932047e-08 1.2442223877829114e-05 1.4930922277793228e-05 0.00013291598443282692 1.222590492650335e-06 0.00039726612593104154 6.280229376481944e-06 0.00020371400682045785 2.4493637543116838e-05 0.00016348110542038918 5.9116839344395204e-05 4.3673140586666795e-07 1.1703899372976302e-05 1.148493946551063e-07 0.0 0.0 4.142982113027934e-05 1.8444284242361543e-07 7.330444049342531e-06 3.9605170356175744e-05 1.2325767384007568e-05 0.00010729618328714399 3.7321249473350714e-05 9.994473265854234e-08 2.415778187280096e-05 0.0 3.6327510845048598e-06 5.5971016494279716e-06 3.45695372503016e-07 0.0 0.0 0.0 3.8481731135141294e-05 0.0 6.613445827073998e-07 1.5433419863932426e-07 0.00011236673890937184 5.121863749669239e-08 4.376272859648501e-08 3.0176819682432103e-07 0.00018930735336893055 3.944195067312914e-06 1.7144519588597482e-06 0.0 4.34019669573168e-07 1.759538913014394e-07 1.8850794362284794e-06 1.9323700793498508e-06 7.78450967298275e-06 2.638466355188512e-07 8.460079448120141e-06 1.318850487711242e-06 1.6195862653588553e-05 2.619633171624483e-07 0.0 0.0
9.296788126102695e-05 5.155033720811411e-08 0.0002726253615594446 7.2248350573803935e-06 2.807620035583301e-06 6.284954793214312e-05 0.0003008496935951214 0.00033830491486872515 2.2729125327992832e-05 2.380418737764464e-05 7.042566683469449e-06 1.3587660592899722e-06 9.269009687076943e-08 0.00016050727830664786 7.754438935419579e-07 0.0018199228684897414 0.0004434947120181912 3.5443561658074194e-06 5.3824270856058236e-05 3.226453032229679e-06 0.0 3.052652570787723e-05 0.0076757512947497695 0.0011503915024649476 0.0 9.852188834813053e-05 8.10367834660076e-05 0.0035771167499900644 0.00033902724414642925 0.005862358891892552 4.420521976453974e-08 3.961662362392807e-06 2.2483258492050588e-05 0.001674242581798017 9.011880191360879e-05 0.0027291340610642568 0.0004476295597352468 0.0021481462099983725 0.0016928907264901936 0.00014216899906234137 1.848311883041317e-05 8.609247742557851e-07 1.9983073832428617e-05 1.2563337133587967e-06 2.7028948757198707e-07 6.577030951421581e-06 1.1430801256356143e-07 0.0 6.34027436069938e-07 1.1985601217452934e-05 3.2790980636472928e-06 3.341162415711429e-05 2.452153282045624e-06 3.5330043253995317e-07 7.914625641510995e-07 0.0 2.6683140314884196e-06 1.033306481638912e-07 0.00024552416203694766 2.0382159501707325e-06 1.0912375249004127e-07 2.5033014048281203e-07 5.359968274849426e-07 7.915695642851555e-05 4.164264444377404e-05 5.96187536090175e-05 0.0001584657444266383 0.0 2.0667561752079574e-06 1.217197644028223e-05 0.0002655869675464916 6.533518690706503e-06 0.000126317843443453 0.0 4.582496785576672e-08 4.6313190545948104e-07 2.0960920474762356e-06 2.455863671780701e-05 1.8537597495092643e-05 6.768008904523456e-07 3.124204989722569e-06 2.01007478746624e-06 2.993362229681213e-06 3.5292433808872133e-07 0.0 0.0
4.058412863660074e-08 0.0010113821843719536 1.853529786821576e-05 7.249369764990585e-08 4.696894752603891e-07 6.439484659402053e-08 1.1156379312336933e-07 2.941621819428721e-07 0.0013820132183095695 0.0 6.072170991480434e-06 2.327734999752204e-06 9.1379748340711e-05 3.699495290996856e-08 1.7387378513174635e-05 0.0013017616235649814 9.954472995511985e-05 1.0661845616064865e-06 1.710621080650589e-05 4.394171217255574e-08 3.052652570787723e-05 0.0 0.00024786874038697454 0.0018088088666920533 0.0006196028720837712 9.838797198047231e-05 0.0031331588675297737 1.7034728628366528e-05 1.574163224369355e-07 1.981646430389886e-06 6.868332205380978e-06 8.125956842713093e-08 0.0 8.229772718525923e-05 8.694762289835702e-07 8.223092428347971e-05 2.465188069085446e-05 0.00010275713727619447 4.987848077444495e-05 1.0747627656212368e-05 4.554442863955294e-07 7.20081610589958e-07 6.621725766787869e-08 0.0 5.801939244351475e-06 1.3676430728623706e-05 0.0 0.0 1.5529105975321808e-07 2.213241253341139e-06 4.292122375958907e-07 1.8979858224880762e-05 6.114966558439607e-08 2.605317508598669e-07 0.0 1.0435067021457701e-06 3.292477518219271e-07 3.768787066886177e-07 0.0003826916274337995 1.2040398619553089e-06 3.0183760554101313e-07 5.857732221164822e-07 0.0 2.51881186589752e-05 6.227221020460276e-05 0.00012960212263351425 2.0664339682731125e-05 9.503757915364935e-07 6.622690546843891e-06 0.000584242980298171 3.111307681859151e-05 3.513754586308917e-07 7.71183778070166e-06 4.915234881188274e-07 0.0 0.0 5.042875214396855e-07 5.443229315346312e-07 4.1771105434503895e-06 1.106320783373921e-06 2.464297473812004e-06 1.7796351936545383e-06 7.980514041881035e-07 1.3679092153090755e-07 1.9947436233388707e-07 0.0
8.083209688582662e-05 1.6698029612833909e-06 0.005294206742240158 1.0337191595382491e-05 4.119522624854527e-06 6.399602698350137e-05 0.00036001152940095545 0.00035235691309606996 4.604388976115815e-05 2.7076887042965146e-05 2.1562398172030386e-05 1.672893922001059e-06 2.5124383082746674e-07 0.0001777212344830745 1.0523532812475197e-06 0.003071721492447806 0.003258373071946241 1.375176545367533e-05 0.00042209831799958346 5.632920716851673e-06 0.0076757512947497695 0.00024786874038697454 0.0 0.0010520043268432316 5.652205036797578e-08 0.0011179067946167265 0.003978437587095913 0.0019712832269240003 0.00023384304977017888 0.00228269851888859 1.5391146058669084e-07 9.459225397759043e-06 1.926151595849028e-05 0.0018439681755445278 0.00011679058145162528 0.005169597289177717 0.002111937170317452 0.004281128201779673 0.003949058628726192 0.00031481235821788047 2.7266008144230884e-05 3.3355678814398135e-06 2.8426961768336347e-05 7.028761751657685e-07 7.593051632171001e-07 7.078661219479472e-05 1.3467207437004494e-06 4.858634131724573e-08 1.2206809215998458e-06 1.9443723366132144e-05 3.594189017924879e-06 1.636742822329353e-05 1.2443340091063383e-06 5.510747734837736e-07 5.411937549165422e-07 0.0 5.082699566988112e-06 1.7810550990567692e-07 0.0013000797279182354 4.7580960092851905e-06 2.641436253419393e-07 1.1085407157573218e-06 5.047275572932813e-07 0.00012977051337471085 0.00038290039723694883 0.0008352240034383676 8.356909487384276e-05 2.391948101463052e-07 3.822862064596649e-06 0.0006491950511666372 0.0001374327125975632 3.3579995053028995e-06 5.9984726807964304e-05 0.0 9.607947783496415e-08 2.78892249523982e-07 3.3584287982340733e-06 4.261584163112732e-05 3.1125511589082116e-05 5.882314475607706e-06 1.3174454708787436e-05 1.1421147597695811e-05 3.7564652519206564e-06 1.1473848891206454e-07 4.890575265906642e-07 6.866640066066457e-08
2.2021791934959424e-05 2.148562743456622e-05 0.0006381228755659632 0.0008591556535886947 1.8757555886044942e-05 0.0002861136741680123 0.0006946581688162523 0.0005056410729271968 0.004218440440482237 7.668683600319143e-05 1.1515817190465931e-05 0.00021508073688932948 1.2470262761571095e-06 0.00019636015534408777 0.000495902991114233 0.0003968285808243779 6.432955063227349e-05 2.017328254583317e-06 9.77666641608635e-06 0.000646225780699939 0.0011503915024649476 0.0018088088666920533 0.0010520043268432316 0.0 7.118897134387253e-06 0.00015894487594268327 0.0010250121624607047 0.006681639029633471 0.00047943112666923716 0.0009346134107722523 3.669521062775883e-07 1.7149851938050126e-05 8.911132315020203e-05 0.0003405329040126033 4.1533323746308465e-05 0.002052362858751758 8.333860914518852e-05 0.0005660934272513483 0.0003035370177771478 0.0004075345898977415 9.76851841487005e-05 2.500692799115209e-07 3.3398798656138817e-05 1.0013472920475906e-05 2.6328378269776135e-06 1.2412373510268615e-05 7.677766732010374e-05 1.013268512873837e-06 2.1521486996245203e-05 0.00028753652407108483 6.115462447904487e-05 0.0006357035165108411 7.986385346866704e-05 2.7754096758021523e-06 3.248814509675738e-05 6.146141715616998e-07 3.1157985928347515e-05 1.2697904727323138e-05 0.0002555419565763106 2.0977573884712354e-06 7.134772497213147e-07 4.5208825494273834e-07 6.475045677700121e-05 7.18832006904591e-05 6.622739009073855e-05 7.193070341597522e-05 0.0018384851934604356 5.011339096500745e-07 3.4388660464570125e-06 8.219394905787853e-05 0.002228229887792661 5.432076772370652e-05 0.00032482293178801963 0.0 2.6854650186554878e-06 3.447460126328601e-06 1.9654682159541357e-05 1.2789980011241418e-05 0.00018929985126988797 3.827368934378901e-06 8.286623327572407e-05 2.0166213901958987e-05 6.497543495513818e-05 4.7618827862125436e-06 8.47503959063816e-07 1.2627296600577884e-06
