0.0 5.742306484210488e-08 3.268051173355394e-05 1.4522957171821643e-06 0.0 8.864567991150565e-05 0.0016495802581539558 0.001271407711435939 0.0 0.00014459405862535 2.199869309865003e-06 9.17365154067233e-06 0.0 0.0013354234555336222 1.6182740734258654e-06 1.0662359312913669e-07 2.770928262626452e-05 9.128550008841103e-07 3.438645334414133e-06 3.0304917108034733e-06 8.829583613485522e-05 1.013323839920469e-07 3.423571923811823e-05 1.3723615423483827e-05 0.0 1.8858872566515002e-05 5.922887636659559e-06 5.528451579313591e-05 0.0011583077194587403 0.0034764805131635933 0.0 1.5582223081029916e-06 4.054568101860016e-06 6.967225360922565e-05 6.153970637491998e-07 4.424654081194799e-05 5.236211031021457e-06 3.493966139561444e-05 1.6519645265871414e-05 1.1596907061844084e-05 3.583122566327903e-07 0.0 3.1391167895246354e-07 0.0 0.0 1.064859857947605e-07 1.122586819375147e-07 0.0 2.970671779779518e-07 8.394149662130042e-07 0.0 0.0 2.5668919686325384e-07 0.0 0.0 0.0 0.0 0.0 5.890345040390573e-07 0.0 0.0 0.0 0.0 4.868070397160887e-07 1.3845372174780677e-07 1.3075649456181125e-07 2.1210926252169045e-06 0.0 0.0 6.67128759267154e-07 7.316037770688499e-06 0.0 7.855050093376295e-08 0.0 0.0 0.0 0.0 1.1980313100951282e-07 1.0230211660519664e-06 6.293635841974496e-08 0.0 1.362525807227487e-07 1.1662880332148038e-06 1.110779784223735e-07 0.0 0.0
5.742306484210488e-08 0.0 2.25447223727392e-05 0.0 0.0 4.094112470084216e-07 3.0410352769753727e-06 5.221952209819323e-08 0.00011382073989623233 3.248758626809157e-07 1.0004712797902406e-05 4.231966670874316e-07 0.00011878944934979025 8.446830963520183e-08 1.8480694472963898e-07 0.0004191701956984238 4.522939186819894e-05 2.026511025826047e-06 3.163201600322567e-06 1.7447152286745842e-07 6.034318386624057e-06 0.001146456435142782 0.00013876581629148924 0.00012293217239506474 0.0008343760154128089 0.00037224073814728063 0.005979720208756811 2.6823297496221075e-05 5.314314048122274e-07 8.248313880617945e-07 6.98151198525415e-05 0.0 4.8472850857660106e-08 1.4712225725406256e-05 1.009325652666924e-06 2.5760251792253443e-05 5.0996043467092716e-05 4.022798329631243e-05 8.005517291609972e-06 1.2899300777915551e-06 2.568578260803231e-07 5.2450860324318124e-06 0.0 0.0 3.038855916700583e-05 7.978183377776901e-05 0.0 0.0 0.0 3.007886685842722e-07 0.0 7.049753781537622e-07 0.0 1.7724816791577315e-05 2.5311946171911984e-07 3.5890986939155045e-05 6.536326283191103e-08 0.0 1.182165231240871e-06 8.32342258188245e-06 1.0955723408017904e-06 2.7375422706757445e-06 0.0 1.1264403793962903e-06 1.2249832509102751e-05 1.3674081125045317e-05 2.931614393147831e-06 8.751826610191661e-05 0.00011920706745558147 0.0011606204097400416 1.9088382258702153e-06 0.0 1.3652270379879767e-07 7.892573744954497e-06 0.0 7.737626265803758e-08 1.1054808618653583e-06 7.14723464214561e-07 7.883646722633158e-06 2.669665240426819e-05 1.3469750734590271e-05 5.93847779018872e-06 0.0 0.0 8.486691062491243e-06 0.0
3.268051173355394e-05 2.25447223727392e-05 0.0 2.1414862783012171e-07 0.0 4.424700272123804e-06 3.758246609949832e-05 7.47408297354006e-05 3.266076169245351e-06 7.706399393421866e-06 1.321002837412169e-06 2.1235162060106847e-07 3.024674035314113e-07 4.080012567673543e-05 0.0 3.099236348449074e-05 0.0016319962041149174 5.460836392994315e-07 3.6583799641990277e-05 2.7425900930150665e-07 0.00046733768315862127 0.00011451585734858757 0.00816086563716251 3.743035687345095e-05 7.147173543033165e-07 0.0033391919953730826 0.003872183505797722 0.0007126450585492503 3.239675005295994e-05 0.0010151115486185978 0.0 1.0750481132809382e-07 3.0810842805356397e-06 0.0004612829244495908 1.8683833747055056e-05 0.0007450751209562973 0.0016890079213708093 0.0009881354518880196 0.00041330592502059657 2.9554137601589366e-05 2.428327215497633e-06 1.9821530095274508e-06 3.6571885050734615e-06 2.1294908325534244e-07 3.9585135562659556e-05 0.0003954079027794268 1.6011588340509105e-07 0.0 2.082654159594443e-07 1.4334829148002428e-06 2.0842520963819658e-07 3.361022396006105e-07 1.4918205423569243e-07 1.4605494836169092e-06 0.0 1.7384501126849822e-06 3.180853419902874e-07 0.0 2.2416648029548368e-05 1.0660299861163696e-05 0.0 5.038590913422763e-07 0.0 5.939278933884215e-06 3.20051896006414e-05 0.00022806314259883378 6.211894645723799e-06 4.641357443180164e-06 6.254936799470648e-06 0.0007580646957638448 7.83257132258151e-06 3.654098068633447e-07 2.773299815576016e-06 7.220125709957965e-07 0.0 2.8856329950980053e-07 8.987183831067843e-06 7.660881585971014e-06 6.181678847087853e-05 0.0001663798996280025 5.9066172281454775e-05 2.4853242947278307e-05 4.543222882734836e-07 0.0 0.0 1.1234013875422979e-07
1.4522957171821643e-06 0.0 2.1414862783012171e-07 0.0 1.5143850945722717e-07 4.62707243125849e-05 0.00013459635422063994 2.3964722698061354e-05 0.0002193374525431686 0.0022498705656802424 1.163861536130054e-06 0.0028223218139811343 0.0 9.517308204533367e-06 1.53158833920215e-05 9.873496105692337e-08 0.0 6.083315623864197e-07 2.839878123090877e-07 0.0012140916843566137 0.0 4.761295321565598e-07 3.3470548789056663e-07 0.0011095845308866186 0.0 7.794898883831332e-07 4.678588183013358e-07 0.001412401278629271 1.3310648299129965e-05 1.3960532561899818e-06 1.439760111947681e-07 4.2734015323028765e-07 3.097227888025035e-07 7.898678204944539e-06 5.7672045198617506e-06 0.0001272965296064306 1.378674302645878e-06 6.042051102861185e-05 4.357785669027485e-05 0.00011720539315829725 6.054431256787169e-07 0.0 1.2998317132884803e-06 0.0 0.0 0.0 1.1960258942268627e-05 0.0 7.127775974479198e-06 2.248729227499926e-05 1.0442568905705695e-07 3.2618870927647644e-07 5.4246407236918045e-05 0.0 2.336837723455851e-05 0.0 5.8723453285305986e-08 3.935938264473284e-07 2.1727665972400475e-07 0.0 0.0 0.0 2.1541257303604996e-05 8.55815007977299e-08 0.0 6.264388866831568e-08 5.7454565559842084e-05 0.0 0.0 0.0 4.3528854656104386e-05 1.6404628097671803e-07 0.0 0.0 0.0 0.0 5.3610939552391994e-08 0.0 0.00015542112463564682 0.0 5.164714474618354e-08 0.0 2.185419257107467e-05 9.095577006157764e-08 0.0 1.8503561964111924e-06
0.0 0.0 0.0 1.5143850945722717e-07 0.0 0.00016908574221449795 0.0 0.00011464099972736965 1.8213779048318914e-05 4.92413849601928e-07 6.325056688871946e-07 1.829062144339886e-05 1.102793220240799e-07 2.074042287361733e-05 0.0007454146042734494 0.0 0.0 0.0 0.0 5.505241841270556e-07 0.0 2.0129914648850262e-07 0.0 8.233472602876883e-07 0.0 4.380283119684252e-07 0.0 0.0 8.677800079073644e-05 0.0 0.0 0.00045901124106726847 0.0 0.00012606556349576385 0.0 7.717730522819875e-06 6.594763034307859e-07 8.41494500937913e-06 4.099870311776087e-06 0.0004709851421153646 0.00020346082630079518 0.0 1.1695152796674434e-06 0.0 0.0 0.0 0.0 0.0 0.0 0.0 0.0 0.0 0.0 0.0 0.0 0.0 0.0 0.0 0.0 0.0 0.0 0.0 0.0 0.0 0.0 0.0 0.0 0.0 0.0 0.0 0.0 0.0 0.0 2.8184793506074616e-07 0.0 0.0 0.0 0.0 3.322050088805175e-07 0.0 0.0 0.0 0.0 0.0 0.0 0.0
8.864567991150565e-05 4.094112470084216e-07 4.424700272123804e-06 4.62707243125849e-05 0.00016908574221449795 0.0 0.000987885354856395 0.004469054065308081 6.19706339083714e-05 0.002658916668255612 6.116959914912719e-05 0.001681042739949592 2.0827375620495612e-06 0.0007012850424268694 0.0013245947171496193 5.847115641697078e-07 1.6872778467071245e-06 2.070094925253208e-05 1.208171995436155e-05 0.00014026210123766055 6.859428052976766e-06 2.5967201046665486e-06 9.247286583343978e-06 0.0003618878867926235 5.491878988719772e-07 2.2825369803405775e-05 8.537350468585842e-06 0.0004942197839356347 0.0003062633820243478 0.00011387391830606785 1.2881613538183112e-06 0.00033507117962000126 1.41489689845724e-06 0.00024959425152619273 1.0925533825234457e-05 0.0002588252772870834 1.3326532876715495e-05 0.00041639549272873077 0.00011060778037471969 0.0015653930038033296 0.00014341821493794573 1.5056835973081694e-06 1.5784336947350033e-05 0.0 0.0 8.277394024851017e-08 4.777570097149576e-06 0.0 2.5015397946395457e-06 1.792541743221269e-05 0.0 2.3392762340994186e-06 1.9142216756007027e-05 5.469443047969481e-08 7.1728862941827685e-06 4.658816726890682e-07 0.0 1.4306214180345289e-07 4.57468827565185e-07 0.0 5.1114603148831895e-08 0.0 3.6134195275515093e-06 5.330773499023561e-07 0.0 1.2074773628767554e-07 5.173404499115783e-05 5.0575249650433534e-08 6.961977886616825e-07 5.417853340722263e-07 4.311427870112126e-05 2.801888124953738e-07 2.4877988209148843e-07 2.2892292187755728e-07 0.0 0.0 0.0 2.507341177032255e-06 3.609123642022487e-05 2.71948180203169e-07 6.685578068413846e-07 7.249554855787917e-08 6.667674884484991e-06 7.909377084193612e-07 0.0 5.465796080947257e-07
0.0016495802581539558 3.0410352769753727e-06 3.758246609949832e-05 0.00013459635422063994 0.0 0.000987885354856395 0.0 0.0031888521505954027 0.0002544232831091188 0.0030816564065536335 1.328054256512849e-05 1.0747300729009609e-05 1.0296276397494924e-07 0.001369702362055379 1.437626717271837e-06 5.302789737197193e-06 1.1141688176595042e-06 6.3585383676659866e-06 3.7385821817057463e-06 2.5001649788108496e-05 3.7660480492553204e-05 1.2235480197592036e-05 9.808723716343751e-05 0.0045576309412924025 2.5497822238444325e-07 1.2188398346027982e-05 3.206996692731827e-05 0.0077789930166284 0.0015487891583532613 0.005418115229644259 3.483403918227206e-07 6.679620332959071e-06 1.0599460792610936e-05 0.00010199835929106986 1.873603674639327e-05 0.00045085481310186697 3.303389380313857e-05 0.00040398745467797227 0.00019980957506514046 0.00032775138355624106 5.373806760899575e-06 5.4912723308657394e-08 7.474796989467891e-06 0.0 6.534833038216105e-08 0.0 1.0665420972105056e-05 0.0 3.6331547402006764e-06 3.9644316795628245e-05 0.0 1.1368556690649353e-05 5.246097351874183e-05 0.0 9.602319416615411e-06 0.0 0.0 2.4869330334917716e-07 4.233660385937179e-06 0.0 4.206482361072916e-08 0.0 7.526220476796372e-06 1.4761141228500381e-06 6.325196263511079e-07 2.961218286772638e-06 0.0001334288667988481 0.0 1.3793768124408486e-07 1.3573759710367389e-06 0.0001298401458205124 4.022238984156592e-07 1.5171285747190237e-07 0.0 0.0 0.0 1.3385843150143007e-07 1.5073453675017477e-06 4.404767759174059e-05 8.225530844909742e-08 3.3437732932423866e-07 0.0 1.377924363473226e-05 0.0 0.0 4.5006244082095365e-07
0.001271407711435939 5.221952209819323e-08 7.47408297354006e-05 2.3964722698061354e-05 0.00011464099972736965 0.004469054065308081 0.0031888521505954027 0.0 6.692985139814798e-06 0.0019283478851702238 5.2129238015374366e-05 0.0011066587367862554 1.4491175146837526e-06 0.003975889353800405 0.00032889357620547816 7.641071728406179e-07 4.642986302618488e-05 2.1424273853301974e-05 1.9394957238564735e-05 0.00010073371431397354 0.00016968073551130975 5.81437092869748e-06 6.741451324802623e-05 0.00012214220243592075 3.17403129233805e-07 4.876015592494766e-05 1.8411708032764177e-05 0.0003676536983697199 0.0005003746478074845 0.0015561771718447257 1.070726131064344e-06 0.00016691302713550956 6.9663609982787536e-06 0.00038761863567378526 1.1187048409001583e-05 0.00025155314758322977 2.6520508490361434e-05 0.00028317666170995815 7.99539026538719e-05 0.0007906463695345048 7.412600954260484e-05 3.8078957144872745e-07 6.293987218203556e-06 0.0 0.0 5.409873189979498e-07 1.7074443410912646e-06 0.0 8.437672683224885e-07 8.419135091178446e-06 2.4740637404379477e-07 2.6512550621294997e-06 8.77356220691552e-06 1.9890540459460027e-07 1.7625368951209391e-06 2.0373612575431598e-07 1.1060391864215062e-07 0.0 1.8357662700188676e-06 0.0 0.0 0.0 1.0329622169763222e-06 4.2520577923533627e-07 4.529585734168622e-07 7.575168015758459e-07 3.0437386054720557e-05 0.0 6.480406468845317e-07 1.0796442138488767e-06 3.754720733135256e-05 0.0 3.596508081882805e-07 0.0 0.0 0.0 0.0 4.4605620235103173e-07 1.041424285451827e-05 2.346154958508753e-07 2.9012178620372966e-07 8.038348644017669e-07 2.4151282948988204e-06 1.877594965059726e-07 0.0 0.0
0.0 0.00011382073989623233 3.266076169245351e-06 0.0002193374525431686 1.8213779048318914e-05 6.19706339083714e-05 0.0002544232831091188 6.692985139814798e-06 0.0 0.00011896608370757257 3.9097016556001793e-07 0.0004479305076705453 3.341266972983857e-07 2.9396165135714523e-06 0.00030512710530317274 0.00019282207066700195 1.4445872278264361e-06 8.067344809470654e-08 2.6020306748557225e-07 0.0003651750718558966 9.340635410209414e-05 0.0012918289721022096 5.0299868315435525e-05 0.0034165723424547877 3.12447000585825e-05 3.4849973050808234e-06 0.00013408921576660215 0.0004549455803608788 4.774624309608315e-06 2.705684968985138e-05 2.989192740734216e-07 1.0945326765711708e-06 6.402896654793983e-07 2.709145875776837e-05 3.7274032670965886e-06 0.00017538792863892882 4.741367573046642e-06 4.0899770360243914e-05 3.381062179930909e-05 0.0002943761769595265 9.720785850709163e-07 5.514199924474022e-07 7.971761357966563e-07 1.8284204927275243e-07 1.0359419513577866e-06 1.907435013254026e-06 1.7009592136976644e-05 0.0 1.2066447540050073e-05 4.7137046976922406e-05 1.1542420008685251e-06 0.0001745086081654044 6.402192050729433e-05 0.0 5.8809026587556144e-05 0.0 8.045279320005656e-07 6.877754762086602e-06 0.00010316046020210899 2.161097100090686e-07 0.0 1.0541315037933674e-07 1.4974147155596644e-05 1.8461614901457204e-05 5.3396129559169215e-05 2.8653252061997178e-05 0.0010629676741524706 2.4222330600245675e-07 4.639188225358039e-07 8.95164454433037e-06 0.0006555399338412452 9.014935667596616e-07 1.5542280207927943e-06 0.0 0.0 5.483371825632668e-07 6.249253186700488e-07 1.2839304049459849e-06 0.00011873601943260822 5.331193869583702e-07 8.58626529135652e-07 3.544883188480053e-07 5.603187422161101e-05 8.305361125252749e-07 0.0 2.7904216241888766e-06
0.00014459405862535 3.248758626809157e-07 7.706399393421866e-06 0.0022498705656802424 4.92413849601928e-07 0.002658916668255612 0.0030816564065536335 0.0019283478851702238 0.00011896608370757257 0.0 3.0306135558668207e-05 0.0013700688226976438 9.235319299520428e-07 0.0007997640721152541 9.627447392926433e-06 1.2437627737756321e-06 1.000817835255992e-06 1.3484587438564438e-05 6.772256036117045e-06 0.0011260033349620295 4.98992930530709e-06 2.6569861805429007e-06 1.8538795525623855e-05 0.0015830374793526529 2.809262354498436e-07 1.3493205873535148e-05 8.248062009276765e-06 0.005086267062477402 0.0004142273705198572 0.00016126361603651808 6.301541850460956e-07 1.6093842266644945e-05 1.2860909518940678e-06 0.00013959314247331033 2.5261737737932993e-05 0.0004550486115991924 1.325926992547947e-05 0.0007431913248884845 0.00031308744842434 0.0003679810281959199 2.678033244868748e-05 5.899285270520049e-07 2.1173121410342224e-05 0.0 0.0 5.9472641068873586e-08 3.360102517235419e-05 0.0 1.3200004913061139e-05 6.305536950259352e-05 0.0 3.4094015745578317e-06 0.00013116500250394156 3.2033171802490435e-07 4.184325696565709e-05 5.777328842123809e-08 2.1131154470976252e-07 1.004135651392969e-06 7.994309097092817e-07 0.0 1.1072750784682829e-07 0.0 2.8556489120293657e-05 3.9888059831554294e-07 2.9441383852176795e-07 8.127238579421988e-07 0.0001684976464138228 0.0 4.402590773964768e-07 5.193406617821064e-07 0.00014186881543701125 6.754606112342534e-08 8.869372492124504e-08 1.6855939075022516e-07 0.0 0.0 0.0 4.6756753586599225e-07 0.0002502455374589346 0.0 2.28993753515286e-07 0.0 4.080181832581378e-05 9.951046912481522e-08 0.0 3.0861249443122844e-06
2.199869309865003e-06 1.0004712797902406e-05 1.321002837412169e-06 1.163861536130054e-06 6.325056688871946e-07 6.116959914912719e-05 1.328054256512849e-05 5.2129238015374366e-05 3.9097016556001793e-07 3.0306135558668207e-05 0.0 3.252575648044415e-05 0.0013470115584300272 4.7062344519756586e-05 2.779950033638088e-07 2.646229209471034e-06 0.00017774999727726706 0.002064227183751467 0.0022524627604509793 5.601384726648012e-06 1.305145434415215e-05 7.528971713497113e-07 2.7519676877078193e-05 5.614586498538739e-06 0.0006908458847842766 0.0009188844086614018 0.0006300421512868911 1.178716409290288e-05 0.00010478215782130262 2.0614068479108278e-05 0.0005841324668123168 3.179512074254639e-05 9.203878341915117e-06 0.003665555295896354 1.0093978926175288e-05 0.0002671895562517977 0.0023984554113256366 0.0019381997596433366 0.00038901745838157805 8.824581748945262e-05 5.6551410032224944e-05 0.0008140035084626499 1.7009871918912389e-06 0.0 3.0724413950867776e-06 2.8780986078798438e-06 1.2759684712719232e-07 0.0 1.7355686048766267e-07 6.464748759630835e-07 1.6815268732488154e-07 2.6077559216877505e-07 7.324058680172515e-07 0.00032224578808544085 2.3725282820625337e-07 0.0005061223527709404 4.428405170637817e-08 0.0 1.0872579562476166e-06 2.1583835195095963e-07 2.3084923506491028e-05 3.5198925118412096e-06 0.0 3.1159766490039227e-07 2.890874605622258e-07 3.6605612237462278e-06 3.7130652380450697e-06 5.4108542948274486e-05 0.00016694150879876979 8.910726226498222e-05 3.801779489668133e-06 5.338679680840837e-08 6.0949540947976e-08 0.00012157766137874351 0.0 0.0 5.547743423870025e-07 9.389938290776289e-06 4.773682497122916e-05 0.00014128122435833756 7.965307632050145e-06 3.1882329143710898e-06 4.1182953254579e-07 7.81383289211922e-07 0.00017189272174149132 6.991314300460518e-07
9.17365154067233e-06 4.231966670874316e-07 2.1235162060106847e-07 0.0028223218139811343 1.829062144339886e-05 0.001681042739949592 1.0747300729009609e-05 0.0011066587367862554 0.0004479305076705453 0.0013700688226976438 3.252575648044415e-05 0.0 9.102507552147639e-07 0.0001843514836319084 0.0007918926553896282 2.9388719450541162e-06 6.812314700703639e-07 1.2464408780887354e-05 6.058961684475773e-06 0.00244335283534051 4.4228425514433737e-07 1.2860079463665164e-05 1.52757431297869e-07 0.0009555537092530265 4.436859727822436e-07 1.3025703588054627e-05 3.1582854487371923e-06 0.00036600583329414867 0.00013570134059135526 3.159138856006812e-06 1.0032706786246888e-06 4.8418246511538466e-05 6.068481842680908e-07 0.00011927578694899235 3.2572249878223064e-06 0.000593875709529139 6.620005151127487e-06 0.000181253524716836 4.17829391548656e-05 0.0021030541824258917 1.4725389849843865e-05 2.0488586025266287e-06 8.02965170535401e-06 0.0 0.0 0.0 3.4865779239532484e-05 0.0 8.795088659210857e-06 1.4880767904406505e-05 5.458565065988816e-07 1.3750653817376438e-06 8.03320145718843e-05 0.0 3.2454862060127436e-05 0.0 7.886994096007435e-08 4.492171411002257e-07 7.365957938188339e-07 0.0 9.177173787506305e-08 0.0 1.6779457186372327e-05 7.794739636144647e-08 0.0 4.346761936630735e-07 4.5944880561964036e-05 0.0 4.0637673792264333e-07 3.5714544558250645e-07 3.180717930237735e-05 1.3703892629987583e-07 0.0 0.0 0.0 0.0 8.965351831211051e-08 0.0 0.00021229371395191783 1.9959877118905604e-07 3.9971353521585976e-07 2.2132613556583762e-07 2.4409454587983382e-05 1.4665230831745669e-07 0.0 2.320442372023421e-06
0.0 0.00011878944934979025 3.024674035314113e-07 0.0 1.102793220240799e-07 2.0827375620495612e-06 1.0296276397494924e-07 1.4491175146837526e-06 3.341266972983857e-07 9.235319299520428e-07 0.0013470115584300272 9.102507552147639e-07 0.0 9.044046968043754e-07 0.0 1.363993650571483e-06 5.985820940123681e-07 8.136802553490627e-06 8.267479125213443e-06 1.3129410608551443e-07 6.640180474550036e-08 2.8166905072598155e-06 9.972216064967187e-07 3.1391525390053195e-07 0.002165610771824363 0.0003460316942817522 0.0008637254548332864 9.784287068256795e-08 1.6946054285961168e-06 3.0148761643098504e-07 0.0007414241514958826 5.418745647760137e-07 3.580841402798628e-07 0.0010973809217020513 1.4401069989086173e-06 2.5257026784033476e-05 0.0009564744853010119 0.00046195264118526364 5.062163344463794e-05 4.52207369362584e-06 1.0095259420574145e-05 0.0007446653673462625 1.658627671228102e-06 0.0 3.4460466078993087e-06 1.6847585743034115e-06 0.0 0.0 0.0 0.0 0.0 0.0 8.100264664592712e-08 0.00023705069293357753 0.0 0.00033931726399479435 2.4184535815939424e-07 0.0 9.997314713704237e-07 0.0 9.235787379387517e-06 1.2711099955153854e-06 0.0 0.0 0.0 1.5697556105641234e-06 4.3867282093927936e-08 6.409341909600124e-05 8.603182316110845e-05 3.408871407159325e-05 3.4891981507237785e-07 0.0 2.0756677144165845e-07 8.710464714536494e-05 0.0 0.0 1.56651182401842e-07 3.791232049552509e-06 2.0639303201201993e-05 0.0001321017420946988 4.58622211543851e-06 2.736153899510627e-06 6.638572397909809e-08 3.9809769768837267e-07 0.0001600748876166176 1.1113893887016302e-07
0.0013354234555336222 8.446830963520183e-08 4.080012567673543e-05 9.517308204533367e-06 2.074042287361733e-05 0.0007012850424268694 0.001369702362055379 0.003975889353800405 2.9396165135714523e-06 0.0007997640721152541 4.7062344519756586e-05 0.0001843514836319084 9.044046968043754e-07 0.0 3.00130057851601e-05 3.674332686361325e-07 4.472167033363123e-05 2.4195688559762086e-05 2.687557661378689e-05 3.151277188142902e-05 0.0002094957849887845 1.7786035133953873e-06 6.411217254991197e-05 5.438038468169063e-05 0.0 5.1817507953897235e-05 1.660570058378623e-05 0.0002140253965015787 0.0019871328022690077 0.0013191367360828135 6.514629685034058e-07 8.216967582437566e-05 1.431047583910484e-05 0.0005207180386970989 6.4347374605908855e-06 0.00019889779985240413 2.6846604476318196e-05 0.0002336195524789769 5.7930747021910946e-05 0.0002676116579924573 2.201249159220579e-05 2.5386162527139183e-07 1.7074631994839842e-06 0.0 0.0 3.002306300239696e-07 5.490722352188354e-07 0.0 0.0 5.053741443671458e-06 0.0 5.915811670448797e-07 4.304738448086218e-06 3.8947500094623875e-07 1.637722406242402e-07 2.1725934830881288e-07 6.117478867590805e-08 0.0 1.7888192893289416e-06 6.319666663836972e-08 0.0 0.0 9.572335417178894e-07 8.875427847494529e-07 1.427397031540344e-07 1.072544761312623e-06 2.0561207754324535e-05 0.0 7.109155075309594e-07 4.1238300383910576e-07 2.766656129485723e-05 2.6057442009110734e-07 7.899802376614226e-08 1.6495577376494337e-07 0.0 0.0 1.1314795568611925e-07 3.6927754101192046e-07 5.953563949705836e-06 3.819585621340154e-07 9.576747683083976e-08 2.1768347581437846e-07 1.9505107498463635e-06 1.89814627985376e-07 1.418283037268392e-07 0.0
1.6182740734258654e-06 1.8480694472963898e-07 0.0 1.53158833920215e-05 0.0007454146042734494 0.0013245947171496193 1.437626717271837e-06 0.00032889357620547816 0.00030512710530317274 9.627447392926433e-06 2.779950033638088e-07 0.0007918926553896282 0.0 3.00130057851601e-05 0.0 3.62194810566086e-07 0.0 0.0 0.0 4.240817699766242e-05 2.992148291133657e-07 2.849924611150263e-06 1.2267677826538868e-07 3.519210335050871e-05 7.224703983451534e-08 1.1035759822033172e-07 2.0679050505144904e-07 2.8946388612740173e-06 5.331489129961259e-06 9.601596735446795e-07 0.0 0.00010309489991847248 0.0 3.612483965808642e-06 2.406758084822265e-06 4.16877905383782e-05 3.7000800906742075e-07 1.179913039957396e-06 2.3174539754344546e-07 0.0006429124806509942 1.773319416888309e-05 0.0 0.0 0.0 0.0 0.0 1.6288059224346413e-07 0.0 4.7600423131007967e-07 1.203449917381565e-06 0.0 0.0 1.1680437183774566e-06 0.0 8.629821331971704e-07 0.0 0.0 0.0 2.361317418250821e-07 0.0 0.0 0.0 8.027462255492456e-08 0.0 0.0 7.266542142354915e-08 6.43113090131501e-07 0.0 0.0 0.0 1.2771817523138258e-06 0.0 0.0 0.0 0.0 0.0 0.0 0.0 6.614178464602356e-06 0.0 0.0 0.0 2.4986053905995885e-07 0.0 0.0 0.0
1.0662359312913669e-07 0.0004191701956984238 3.099236348449074e-05 9.873496105692337e-08 0.0 5.847115641697078e-07 5.302789737197193e-06 7.641071728406179e-07 0.00019282207066700195 1.2437627737756321e-06 2.646229209471034e-06 2.9388719450541162e-06 1.363993650571483e-06 3.674332686361325e-07 3.62194810566086e-07 0.0 5.795031408633606e-06 1.055497822945491e-06 1.9394329001024176e-06 5.780546728712415e-08 0.000717650520314925 0.002228772148573039 0.0008464495478499399 0.001244539411930108 5.6543749438506795e-05 1.0539074095820119e-05 0.0029068963492809123 0.000687075303216411 6.81190061338556e-08 7.735014140082215e-06 1.1578255808115423e-06 0.0 1.582458779031161e-07 0.00014129320816058785 1.8039002047222327e-05 0.0009068595958895427 0.0002525484781721964 0.00035135721116846943 0.00031422337557625974 1.6917065495734376e-05 7.120285166961311e-07 1.5043143271989131e-05 2.0180717477528097e-06 9.598412778365312e-07 8.502552812408388e-06 3.93081569668642e-05 9.120662308422023e-08 0.0 2.5240645241000457e-07 1.975748461029986e-05 3.18372269488893e-07 3.0079669250104582e-05 1.1474834250471818e-06 6.942860845321107e-06 3.14631673493441e-07 5.910254597840452e-07 1.6601566396841618e-06 0.0 0.0009244297609476731 2.4231150842118165e-06 0.0 2.520091045154242e-07 8.433123962635348e-08 0.00021545297391849865 0.00021082175079010208 0.0011579241678390815 0.0003087704017247167 1.2873014076436784e-06 2.007285067779177e-06 0.00031215213651617684 0.00022036950037509446 5.111336227352417e-06 9.319391578575244e-06 1.1150045928519244e-07 0.0 2.1826703127067573e-06 8.930281742324431e-06 2.8093430573261036e-06 0.00048342594324135595 3.690281008087545e-05 3.2437595359952684e-05 3.121270640100601e-05 4.392458950811671e-06 1.5337988392245873e-07 3.1665475263845368e-06 4.316248866546441e-07
2.770928262626452e-05 4.522939186819894e-05 0.0016319962041149174 0.0 0.0 1.6872778467071245e-06 1.1141688176595042e-06 4.642986302618488e-05 1.4445872278264361e-06 1.000817835255992e-06 0.00017774999727726706 6.812314700703639e-07 5.985820940123681e-07 4.472167033363123e-05 0.0 5.795031408633606e-06 0.0 0.0001424177173443711 0.002014932439788062 5.627064024950239e-08 0.00021387827317110352 2.5068257800191847e-05 0.002707575971842761 1.592491188295063e-06 7.859425569815805e-07 0.0027729778559956383 0.0023785834396187703 8.271607293245484e-06 0.00010371857805259307 0.00040301424750996244 4.413592964807775e-06 8.358088142645464e-07 1.21803940178031e-05 0.0014563023791686004 1.03494632312081e-05 0.0006032140088173838 0.0008067414880316105 0.0020701471230136228 0.0003847243731657108 2.6622611693822815e-05 1.9246985891408335e-06 3.697894068429526e-06 1.952343463223397e-06 0.0 2.4759281256882328e-05 5.967167465593947e-05 0.0 0.0 0.0 6.899758103787725e-07 7.570121965726727e-08 5.897266833174272e-08 0.0 8.712450644987813e-07 7.230925693071679e-08 4.863296303178575e-07 2.6997114725593154e-07 0.0 1.5426206844071189e-06 5.458469053716874e-06 1.6451950443575636e-07 1.3837571984757042e-06 0.0 9.241164794605661e-07 4.3578519151984916e-06 1.2555690038054068e-05 2.246400396263097e-06 1.8547550768440555e-06 1.890848722328618e-05 0.0002075475134694099 4.3460818471767416e-06 1.3107848688438e-07 3.598967039496016e-07 4.0590594759492664e-07 0.0 0.0 1.354495425214409e-06 5.117610243879393e-06 1.0043610880514898e-05 4.0701585149520725e-05 8.855848030254672e-06 3.6552074595178465e-06 3.417249785883885e-07 0.0 6.88351873968934e-08 1.139448657764473e-07
9.128550008841103e-07 2.026511025826047e-06 5.460836392994315e-07 6.083315623864197e-07 0.0 2.070094925253208e-05 6.3585383676659866e-06 2.1424273853301974e-05 8.067344809470654e-08 1.3484587438564438e-05 0.002064227183751467 1.2464408780887354e-05 8.136802553490627e-06 2.4195688559762086e-05 0.0 1.055497822945491e-06 0.0001424177173443711 0.0 0.0012794949797386573 1.8691776480008039e-06 4.918271130918403e-06 3.0952089740195176e-07 8.986420785485582e-06 2.401372787385285e-06 2.353154425164121e-06 0.0016138006096509398 0.0002057918692409958 5.4996394231542525e-06 5.005545807936824e-05 7.523144459313569e-06 2.239084115109944e-05 1.1927330979597677e-05 4.245693871299055e-06 0.0007751003584977723 4.62205374626257e-06 0.0002307524603930438 0.0005268223875842561 0.0008707118167798539 0.00018533810506022227 2.4623328568803175e-05 4.134659609074971e-06 1.1058161014288235e-05 1.09313595519402e-06 0.0 4.2615536344117247e-07 6.725762694670653e-07 0.0 0.0 0.0 2.9422399361288914e-07 0.0 2.2914589897180707e-07 1.9184338284794027e-07 9.834879230661548e-06 4.8616169442405e-08 1.0524827845435377e-05 4.2629535407426096e-08 0.0 4.2885371691012555e-08 0.0 5.51257157679493e-06 4.953017836502663e-07 0.0 0.0 0.0 1.7733427194831368e-07 5.94666065565341e-07 1.5537595335982879e-06 4.70779254174202e-05 2.3263682739739602e-05 1.8120755614959975e-06 0.0 5.2769184446839764e-08 1.3049916758987929e-05 0.0 0.0 6.572637355717203e-08 4.676705268698903e-06 1.4719373372575737e-05 3.066663226023526e-06 3.70024089833823e-07 4.6102236494461636e-07 0.0 0.0 3.6849415505846695e-07 0.0
3.438645334414133e-06 3.163201600322567e-06 3.6583799641990277e-05 2.839878123090877e-07 0.0 1.208171995436155e-05 3.7385821817057463e-06 1.9394957238564735e-05 2.6020306748557225e-07 6.772256036117045e-06 0.0022524627604509793 6.058961684475773e-06 8.267479125213443e-06 2.687557661378689e-05 0.0 1.9394329001024176e-06 0.002014932439788062 0.0012794949797386573 0.0 1.0333696917237945e-06 1.2993999054944825e-05 6.977185195707386e-07 7.562908417964549e-05 1.183121995675737e-06 1.06308787102176e-06 0.0020747562390748247 0.0001901149248017719 4.1922314914219396e-06 4.430840798139934e-05 2.1440619094362335e-05 1.11201964337955e-05 7.396648546693614e-06 4.500174519411526e-06 0.0017975070807253095 5.3339017735805854e-06 0.00035312488689544095 0.0007902731207115149 0.0020572903700629684 0.0002458814940586768 1.953795666277926e-05 3.674703505974602e-06 1.0799738972930532e-05 9.726413382293986e-07 0.0 2.368173778651693e-06 2.744346254837462e-06 0.0 0.0 0.0 3.922556172201987e-07 0.0 0.0 1.5800847101848105e-07 2.0687492582510813e-06 0.0 1.6202318796524005e-06 0.0 0.0 1.4161434850153292e-07 2.9617815555902965e-07 1.8782668862990414e-06 1.2563782845160325e-06 0.0 1.7267153434837962e-07 1.870294097782662e-07 7.230197010323582e-07 7.253765191293018e-07 1.561741196652417e-06 4.024679632402441e-05 4.368762559638017e-05 1.0596575285194013e-06 0.0 0.0 2.536283735597299e-06 5.4429160666478136e-08 0.0 5.393180955793078e-08 2.9124340384385025e-06 8.927749249112771e-06 1.0905998866009638e-05 8.141232832800708e-07 2.5258722778396564e-07 0.0 0.0 1.2049699159679262e-07 1.1587593139143064e-07
3.0304917108034733e-06 1.7447152286745842e-07 2.7425900930150665e-07 0.0012140916843566137 5.505241841270556e-07 0.00014026210123766055 2.5001649788108496e-05 0.00010073371431397354 0.0003651750718558966 0.0011260033349620295 5.601384726648012e-06 0.00244335283534051 1.3129410608551443e-07 3.151277188142902e-05 4.240817699766242e-05 5.780546728712415e-08 5.627064024950239e-08 1.8691776480008039e-06 1.0333696917237945e-06 0.0 7.256538354341912e-08 6.981139434932675e-07 2.4267964704007153e-07 0.001178652619294935 0.0 2.269225282696691e-06 7.810712850775928e-07 0.001290368954835195 3.97947864984922e-05 9.52362789806348e-07 5.265323913112291e-08 2.379366585725708e-06 1.9021748346661697e-07 1.9500714151617054e-05 6.6246824116831195e-06 0.0002691504095430695 2.1511636497225873e-06 9.50921533459469e-05 4.81982223633926e-05 0.0003551381763138311 4.600051180216847e-06 1.974652941810746e-07 4.164863140655785e-06 0.0 0.0 0.0 2.3831190085160248e-05 0.0 1.4248447530494286e-05 4.054197606375363e-05 1.5204549230653905e-07 1.6417533183539013e-06 9.368228125582995e-05 0.0 3.242805335989817e-05 5.07886155509673e-08 7.723921864881156e-08 5.768887371415757e-07 1.629172560441997e-07 0.0 0.0 0.0 2.072833438388781e-05 0.0 3.709468034299959e-07 0.0 0.00010647642994557381 0.0 1.6525935402164227e-07 0.0 7.317619082884191e-05 0.0 0.0 0.0 0.0 0.0 6.034073812510198e-08 1.4462930890461907e-06 0.0002777506281427329 2.0403295477575351e-07 1.0069968318299445e-07 0.0 4.594191410472303e-05 1.430509186331533e-07 0.0 3.3868857239683523e-06
8.829583613485522e-05 6.034318386624057e-06 0.00046733768315862127 0.0 0.0 6.859428052976766e-06 3.7660480492553204e-05 0.00016968073551130975 9.340635410209414e-05 4.98992930530709e-06 1.305145434415215e-05 4.4228425514433737e-07 6.640180474550036e-08 0.0002094957849887845 2.992148291133657e-07 0.000717650520314925 0.00021387827317110352 4.918271130918403e-06 1.2993999054944825e-05 7.256538354341912e-08 0.0 6.704027056780722e-05 0.007611166768111825 0.0007132530621914003 1.5866589400173946e-06 7.556747163099538e-05 0.0003107059516462253 0.0031705863840326156 0.0004135132149783927 0.0056781997089308395 1.1489239601212053e-07 1.610382052736211e-06 2.383016781034368e-05 0.0018167709472983336 6.313604421166996e-05 0.0024324294840492376 0.00019822471801161457 0.001920834366145919 0.0010546379319680563 5.5534808870579254e-05 3.864294710538879e-06 1.5888211466080347e-06 9.7865619355442e-06 6.194746105165929e-07 2.442466746099312e-07 2.614938781012393e-06 4.7404533309940736e-07 0.0 1.1341257464212393e-06 2.5440741969955914e-05 6.654801578822787e-07 1.5035945380549517e-05 3.4277485720396156e-06 6.06454190324789e-08 3.9895568522479067e-07 6.758659453461549e-08 1.3556127503168848e-06 0.0 0.00024656381486525626 1.098581056095596e-06 0.0 2.6342685598844404e-07 2.2741975371337526e-07 0.0001104970688176412 3.4094718641034345e-05 0.0001315169686124285 0.00021910467977921593 8.39369640204767e-08 2.823462524885896e-07 1.1774736721929458e-05 0.0002782204447802605 5.310694957028444e-06 2.8894397124662775e-06 0.0 0.0 2.9319970425892623e-06 4.051172460186907e-06 1.2541378077957189e-05 0.00010908897121908038 1.6478095187116563e-06 5.846822227292704e-06 4.00775305192026e-06 7.837089692945264e-06 0.0 4.260064896037928e-07 0.0
1.013323839920469e-07 0.001146456435142782 0.00011451585734858757 4.761295321565598e-07 2.0129914648850262e-07 2.5967201046665486e-06 1.2235480197592036e-05 5.81437092869748e-06 0.0012918289721022096 2.6569861805429007e-06 7.528971713497113e-07 1.2860079463665164e-05 2.8166905072598155e-06 1.7786035133953873e-06 2.849924611150263e-06 0.002228772148573039 2.5068257800191847e-05 3.0952089740195176e-07 6.977185195707386e-07 6.981139434932675e-07 6.704027056780722e-05 0.0 0.0002532651040591087 0.002852270908300706 0.00031880920868968243 3.908744895065257e-05 0.0031611311838082023 0.0003594508189070975 5.353372591737154e-06 3.5082355075103703e-06 5.9927246155038985e-06 2.0930207290041577e-07 0.0 2.0176932734173946e-05 1.4251476482160796e-06 4.892249999548492e-05 1.846163575748757e-05 5.166121719775965e-05 1.9845928058523423e-05 3.553581440124636e-05 1.2124080439177345e-06 6.523627547659668e-07 0.0 6.809659012614907e-08 2.2526754059756443e-05 0.0001709057995300468 1.233448168944386e-07 0.0 0.0 4.866768929733359e-06 1.2855998580279578e-07 3.774061378549449e-05 1.003966588848861e-06 1.1460068371635473e-06 4.764910222386965e-07 2.802575485635439e-06 3.8348117801568957e-07 0.0 0.0005989978728658772 2.423205744894831e-06 9.912701369509216e-08 2.563241361663192e-07 2.0104686781990302e-07 5.467752521326967e-05 0.00020897191714709998 0.0005640883507264442 0.00021702249159351916 6.093854887098607e-06 5.592428554416787e-06 0.0011469283269184985 9.962043302808794e-05 5.46278363470765e-07 3.5918491272279176e-06 1.1594537508265475e-06 0.0 6.245362343220942e-08 3.861932012194021e-06 9.198866919047039e-07 3.2273676953785055e-05 1.644356045645304e-05 1.607555324832093e-05 1.2795783502662396e-05 4.815449154898294e-07 0.0 0.0 2.097191155089003e-07
3.423571923811823e-05 0.00013876581629148924 0.00816086563716251 3.3470548789056663e-07 0.0 9.247286583343978e-06 9.808723716343751e-05 6.741451324802623e-05 5.0299868315435525e-05 1.8538795525623855e-05 2.7519676877078193e-05 1.52757431297869e-07 9.972216064967187e-07 6.411217254991197e-05 1.2267677826538868e-07 0.0008464495478499399 0.002707575971842761 8.986420785485582e-06 7.562908417964549e-05 2.4267964704007153e-07 0.007611166768111825 0.0002532651040591087 0.0 0.0005558522091973376 6.455926073793847e-06 0.0005489637026987698 0.006234969077093538 0.0036110057284786347 0.00010823926587101756 0.003822964480703384 1.752615863905767e-07 9.093907093749128e-07 1.3746885722447121e-05 0.002393939059338561 0.0001240397233771918 0.004164562189420229 0.002318610063746503 0.004579590436710459 0.0030345695647260714 0.0001094233828939057 9.575218844626029e-06 1.7715068358854888e-05 2.119137696281906e-05 5.26230033036779e-07 5.469995877938779e-06 7.420863065274009e-05 0.0 0.0 3.220685187952152e-07 7.944520422682842e-06 3.9750119702012445e-07 9.221601799121444e-06 0.0 6.2643958217305385e-06 2.034591257781646e-07 5.655609486950384e-07 1.0916551597048406e-06 0.0 0.0004138693707006858 1.6886298834000557e-06 6.169505845152665e-08 3.4226366042987704e-07 2.874642174756492e-07 0.00011049938723429597 7.142835482650129e-05 0.0008113139210696895 0.00012405125989493958 5.365350006746871e-07 2.1576925535469344e-06 0.0003419933530771717 9.830861856553389e-05 1.6890177154328684e-06 6.143513502731216e-06 3.009982818726517e-07 0.0 1.68353621072678e-07 7.727984496531878e-06 4.024088201227217e-05 0.0004101551654268681 7.84162031043111e-05 3.015231011055159e-05 2.843381988625201e-05 1.1697732739196818e-06 2.095789688780779e-07 2.2922545608278497e-06 1.277145110179442e-06
1.3723615423483827e-05 0.00012293217239506474 3.743035687345095e-05 0.0011095845308866186 8.233472602876883e-07 0.0003618878867926235 0.0045576309412924025 0.00012214220243592075 0.0034165723424547877 0.0015830374793526529 5.614586498538739e-06 0.0009555537092530265 3.1391525390053195e-07 5.438038468169063e-05 3.519210335050871e-05 0.001244539411930108 1.592491188295063e-06 2.401372787385285e-06 1.183121995675737e-06 0.001178652619294935 0.0007132530621914003 0.002852270908300706 0.0005558522091973376 0.0 2.8862423963455206e-05 7.539066439522438e-06 0.001412002481186414 0.007073691504095903 0.00010958387423352334 0.00016504776324098878 4.733117104230661e-07 1.2185864121674808e-06 1.7175319146204883e-05 0.00018959278162770056 5.459364286578914e-05 0.0010916100169636076 4.0292542785153723e-05 0.0005942534303044996 0.0004067491702058278 0.00027039947726244934 4.618010722660342e-06 9.403880874238926e-07 1.0873573194375477e-05 1.4420286396605111e-06 1.2355281127300198e-06 1.0123788316481604e-05 6.912124403814956e-05 2.2075069459166508e-07 2.8382713971310303e-05 0.00038076420229558655 1.5788933684908716e-06 0.0003157947964886328 0.000386126438349235 2.91334456254508e-07 6.686389081132645e-05 9.744173984294064e-08 4.458131011157825e-06 1.1667464758885557e-06 0.00029748623167888876 6.873911402583946e-07 2.235410867236157e-07 9.737611246294543e-08 6.711387568491359e-05 9.69209434103058e-05 9.615723342502877e-05 0.00016213741497458464 0.0021211028934687423 1.2722193257339992e-07 3.293417701401087e-07 4.8663429584212446e-05 0.002262373121321488 1.1260316280673622e-05 1.5168117879541702e-05 1.1190633072262197e-07 2.1737981755881268e-07 3.2600547910484176e-06 3.2602950882244005e-06 1.8712558541450128e-06 0.0005621247912904833 4.656286941973013e-06 8.780779576405517e-06 5.790401417557979e-06 0.00012868943360636831 2.528936831655656e-06 6.304470751247526e-08 7.013363509828677e-06
0.0 0.0008343760154128089 7.147173543033165e-07 0.0 0.0 5.491878988719772e-07 2.5497822238444325e-07 3.17403129233805e-07 3.12447000585825e-05 2.809262354498436e-07 0.0006908458847842766 4.436859727822436e-07 0.002165610771824363 0.0 7.224703983451534e-08 5.6543749438506795e-05 7.859425569815805e-07 2.353154425164121e-06 1.06308787102176e-06 0.0 1.5866589400173946e-06 0.00031880920868968243 6.455926073793847e-06 2.8862423963455206e-05 0.0 0.0002629170212825733 0.003772917001615609 3.3906414604105334e-06 1.2500890105440288e-07 5.6778226542701355e-08 0.00048786729054732276 4.43464391001058e-07 0.0 0.0006472256503172708 1.2148129093167176e-06 1.356554468770317e-05 0.0003633638173668066 0.00026691518627177486 8.496253134254183e-06 1.4761603415119742e-06 7.558118035435515e-06 0.00040946365573410465 5.192393932531868e-07 0.0 5.254918271903488e-05 8.163672803492461e-07 0.0 0.0 2.2125206264186022e-07 9.93363799870597e-08 1.6944680985910459e-07 2.6807062686389874e-07 0.0 0.0005325656209766686 0.0 0.0011501155365440674 4.128386385536476e-07 0.0 7.13899514517024e-07 5.761415296625744e-07 3.291506392465774e-05 5.12834992953569e-06 0.0 0.0 9.520050133369322e-07 2.2165660723189763e-06 6.991986390697378e-07 0.0003241884881024167 0.0004701047022931004 0.0005283853902175842 7.555390406391834e-07 5.305578651683943e-07 6.382568850086456e-08 0.00018396674326618434 2.638139730316432e-07 0.0 3.443780550150599e-06 3.453231304530595e-06 2.218498441815019e-05 0.00017300448387811156 3.789009443672594e-05 5.684446162053548e-06 2.9523957785997375e-07 0.0 0.0003434658555361533 3.136608510627892e-06
