0.0 8.908716352786819e-07 0.00010580750830559858 5.109308191089362e-07 1.639514916044924e-06 1.4505780770039138e-05 0.001267270707836864 0.00046890266584513314 5.663772703162232e-06 1.562474130487078e-05 9.939705074738734e-06 4.090385634340293e-06 1.6700314000256075e-07 0.00263768828557027 2.41702357447278e-07 9.068677704821493e-07 0.00015198391281449065 5.023264139185174e-06 9.183956936836573e-06 3.56653752985126e-06 0.00011120865607266729 5.384309288508985e-07 0.00026330260640455464 2.269751940641111e-05 0.0 5.688845782223153e-05 4.155353339262187e-05 5.3155505848966795e-05 0.0019367308777622828 0.002247198409870075 1.7008070186198115e-07 6.211336364122408e-06 5.051909843582081e-05 0.0002333435678930408 3.2139471321466503e-06 0.00011869224742652834 8.940547280509718e-06 0.00024309092559795885 3.471715598198849e-05 1.4145327053761187e-05 9.600670788800219e-06 4.654972673218208e-07 7.283692087683682e-07 0.0 4.595640168594414e-08 0.0 0.0 0.0 0.0 3.889673341852783e-07 0.0 9.118623901500232e-07 0.0 0.0 0.0 6.367475748466824e-08 0.0 0.0 5.320874861364168e-07 0.0 0.0 0.0 0.0 1.0188196614957618e-06 0.0 2.518430538770933e-07 2.2042127123560854e-06 0.0 5.212285202108768e-08 4.429738129505507e-07 1.1427677383376015e-06 0.0 0.0 0.0 0.0 1.7821774077392506e-07 0.0 8.818794517687975e-07 1.0137664674673774e-07 0.0 4.9571126643568534e-08 0.0 4.4483512245272564e-08 0.0 0.0 0.0
8.908716352786819e-07 0.0 7.821595453061019e-05 2.1034546765611696e-07 4.4239999701158856e-07 1.9732875668559647e-06 3.1284455112998815e-05 1.2539434537429412e-06 0.000240577029017083 5.257288555270423e-06 0.00018980553427407054 3.90008830367261e-07 0.0013526070414812017 1.3441567718832127e-06 9.041807827572735e-07 0.00018310632156714725 3.036077473523282e-05 4.048780695390773e-06 1.0515174498086708e-05 3.5183914139884803e-07 1.1275764854055777e-05 0.0014156990816280566 2.381444610430294e-05 0.0006515200949219211 0.0014479167850184836 0.00041647903448655563 0.006447118917887732 9.89446608465253e-05 1.477347587888582e-06 2.4934599939600915e-06 8.257706976539544e-05 2.836048272689453e-07 6.193206012922051e-07 3.370737121587378e-05 6.837210312653893e-07 3.9777466500250046e-05 9.70316332452669e-05 5.678701348831264e-05 7.569008992365126e-06 2.1751034951195115e-06 2.3695657614778214e-06 0.00014333405228889422 0.0 0.0 7.630862934680853e-05 5.3038175711689674e-05 0.0 0.0 4.5502709851389705e-08 2.059503410751718e-07 2.0422315155232838e-07 2.690651302866168e-06 0.0 3.8328200819685655e-06 0.0 2.625714359749921e-05 6.553572726301871e-08 0.0 6.664620470355781e-06 4.9088745766683545e-06 1.9958307812074885e-06 1.1641805765415493e-05 0.0 8.55174859493732e-07 3.730273778040389e-05 3.5376718210522476e-05 5.399958871812399e-06 3.529178481286454e-05 8.552144314207846e-05 0.0007133704736915267 4.868976731270828e-07 2.1366144470899198e-07 2.225280050683865e-07 7.285027967625899e-06 0.0 0.0 3.4572302320158087e-06 1.5399141886570873e-07 1.0755630901608086e-05 1.000216469983481e-05 1.1827529088109098e-05 2.4423951613918356e-06 3.3671411034661513e-07 0.0 1.6235402917060366e-06 2.3436022748592993e-07
0.00010580750830559858 7.821595453061019e-05 0.0 7.293518095321599e-07 4.97405849937834e-07 1.1860401758407082e-05 0.0008910316547160243 6.455649497294395e-05 2.2801995726931693e-06 3.865054159954003e-05 8.523867225466768e-06 4.889262126151776e-07 1.4272490008085664e-06 0.00023905338892491596 4.363256752977762e-08 7.21013551078993e-06 0.0014368434668254376 2.4116816174335037e-05 5.134429342191419e-05 3.883984707476963e-06 0.0006067434145229228 3.4749167355327407e-05 0.006512272242154431 1.1774800515975373e-05 2.504714096025819e-07 0.00418370029538849 0.0035766703677410343 0.00034515318916183247 6.637746051634137e-05 0.001259075766261875 1.2155890856770065e-06 7.392876263631966e-07 9.810312714548388e-06 0.0004836788167766112 3.3480685872235456e-05 0.0010044764197005432 0.0013028920093748628 0.0012439954903964167 0.0004581505594251419 4.909641438243993e-05 2.5953705894950015e-06 6.525630449202788e-06 6.936320056984284e-06 0.0 6.907193552284919e-05 0.0001811836190868209 4.505573036229087e-08 0.0 0.0 2.372166765476038e-06 3.871761085881301e-07 4.516408038558699e-06 1.2436219271745387e-07 2.0747193795252818e-07 0.0 2.895706800187907e-07 3.489357271983893e-07 3.263279615869805e-07 2.527639018466714e-05 1.2746709301167486e-05 7.169195601759637e-08 4.0994598928862405e-06 0.0 5.037195223922481e-06 5.216637302107353e-05 0.0001664703148266722 1.841232921715979e-05 5.143287741339244e-07 1.6658666173973632e-05 0.0007948596920524161 3.2534347255604124e-06 7.467712046320905e-08 4.1554107305624786e-07 2.0479621337906467e-07 0.0 6.220836759540836e-08 3.7342355730702313e-06 3.988457571027637e-06 1.8437512444017683e-05 4.022366906709484e-06 1.8589811829176544e-05 1.0689310509374408e-05 1.0612803460930658e-06 0.0 6.368367990159758e-08 6.829639025906616e-08
5.109308191089362e-07 2.1034546765611696e-07 7.293518095321599e-07 0.0 1.4882003342548736e-06 2.7317208072024372e-05 9.938346680813347e-05 2.7373099779089e-05 0.000219992936417181 0.002123554464308705 1.5036868146568498e-06 0.0007821780378514311 1.5057263615701816e-07 8.198415049499986e-06 3.598661203193576e-05 3.124016217835263e-07 6.707684146075434e-07 4.289257885530334e-07 5.681264422104492e-07 0.002524689213835651 1.6004010076384305e-07 9.110813800104017e-07 2.179812869971353e-07 0.001016472663031695 0.0 9.036198837901003e-07 2.1508032926125377e-06 0.002215414715126466 1.8369870264780666e-05 2.0129966788694485e-06 3.646624278099649e-08 1.4522330599078114e-06 9.157784277406106e-07 1.1641913185342152e-05 7.554743316992964e-07 0.00016777325057366015 6.270328696934238e-07 3.5629536566700976e-05 7.760569916464982e-06 8.828859096194989e-05 5.739270615051588e-06 3.172139180212772e-07 1.6400867123070836e-06 0.0 0.0 7.08778433378439e-08 1.2321170921267965e-05 5.909069965855217e-08 1.2695979387758214e-06 6.664553970350438e-06 1.606559267269498e-07 1.3488903589640233e-05 5.8521403950402675e-06 6.560305380522372e-07 8.572950441500227e-06 0.0 1.0176523480353894e-07 1.895358707008543e-06 8.03070124832208e-07 0.0 0.0 0.0 3.447387813103908e-06 6.481406650221503e-07 1.2879555876141456e-07 6.516018161449542e-07 4.6734109209739115e-05 0.0 0.0 6.863497171554596e-08 2.2187023430064312e-05 2.3488927827786303e-07 6.37047801110053e-08 0.0 0.0 5.377366714830772e-08 1.5921896214741239e-07 6.438152191575172e-07 2.8835830320106935e-05 0.0 6.143846829146231e-07 5.370054439500466e-08 1.8800905014037483e-05 0.0 0.0 0.0
1.639514916044924e-06 4.4239999701158856e-07 4.97405849937834e-07 1.4882003342548736e-06 0.0 0.0006995735938197044 4.241709959857618e-06 9.927355673570293e-05 1.774753861283407e-05 1.2401403481968416e-05 9.023125871278404e-05 9.555672060735775e-05 1.5598609647492673e-06 9.951276329527396e-06 0.0012620642672620981 0.0 1.1016488620499144e-06 9.770088566284035e-06 7.104723295931581e-06 1.0600223480242778e-05 1.1694509578775542e-07 5.0841144962577954e-08 8.907732273664405e-08 1.1491531795032185e-05 7.893041794726661e-08 1.0328812483403348e-05 3.298339461749012e-06 5.796713318170696e-06 8.56219865209483e-05 6.831164199217202e-07 3.8347927872861183e-07 0.00020671732021391957 0.0 0.0003451985811179838 1.029732180589022e-07 5.193646511323438e-05 2.579298643613465e-06 0.00013259921826438414 5.4503507488166e-06 0.0011282735108543208 8.671641441124565e-05 2.652093548492991e-06 1.7788145002666192e-06 0.0 0.0 7.532068431660226e-08 0.0 0.0 1.47020061993134e-07 0.0 0.0 0.0 0.0 0.0 0.0 0.0 0.0 4.016304639591599e-06 0.0 0.0 0.0 0.0 0.0 0.0 0.0 0.0 3.789146635582982e-07 0.0 5.518655986828018e-08 4.6451733954987914e-08 1.889196348292209e-07 0.0 0.0 0.0 0.0 0.0 0.0 3.091859670426421e-05 1.1750961748019571e-06 0.0 0.0 0.0 6.059087153559172e-08 0.0 0.0 0.0
1.4505780770039138e-05 1.9732875668559647e-06 1.1860401758407082e-05 2.7317208072024372e-05 0.0006995735938197044 0.0 0.0007445954213010664 0.005337616737688566 5.739620804983146e-05 0.0025144433024062575 0.0001917716420802871 0.001602028471632046 5.352416713978244e-06 0.00036156341696049913 0.0009812821897356664 1.2469332227584476e-06 1.0251628272046635e-05 4.699879113439112e-05 4.429214833859155e-05 0.0001820363475017237 1.7067797330442661e-06 5.493764825395243e-06 6.45425629922317e-06 8.396261967895634e-05 3.3828309683087557e-07 6.421990286264922e-05 3.36901396880488e-05 0.00021786885665924665 0.0004955022187242385 2.1760418765343306e-05 2.293775272710988e-06 0.0006719282783350999 5.463572643270726e-06 0.0003568773080499804 4.793136187371698e-06 0.00033130980118056694 1.0277219794676385e-05 0.0005896967294378178 3.876615987219873e-05 0.00206452946947775 0.00022841677342968114 3.928096617856659e-06 6.65745384694869e-06 0.0 0.0 0.0 4.930530656384001e-07 0.0 1.0717354102571005e-07 4.166627616069894e-06 0.0 4.5037044282645285e-06 1.3438819054433572e-06 1.0438024960959471e-07 1.7681659129859397e-06 9.385167443645791e-08 0.0 1.029601547445428e-06 1.6696312688252307e-06 0.0 0.0 0.0 1.8508976314686029e-06 2.2264962918414243e-06 2.7645682147408554e-07 1.1628043247160024e-06 3.058838817076063e-05 1.2702016952100866e-07 2.5376166844197325e-07 7.254253898321665e-07 1.02508482698788e-05 1.5450828066547692e-07 0.0 0.0 0.0 0.0 5.883256928358976e-08 4.108084663213309e-07 9.698562388026342e-06 7.20083844941354e-08 5.847448170641722e-07 6.751728779938195e-08 4.142042183679802e-06 0.0 3.6419275028951454e-07 0.0
0.001267270707836864 3.1284455112998815e-05 0.0008910316547160243 9.938346680813347e-05 4.241709959857618e-06 0.0007445954213010664 0.0 0.0011478195356082815 0.0004910412478348008 0.00744873734339545 1.682799441556355e-05 7.332403920618778e-05 2.3442567360076787e-06 0.0030491610235061865 2.1758866193866258e-05 0.00011016333784459649 0.0001341476862285554 1.0526515965173765e-05 1.5266654485543675e-05 0.0001678456776771011 0.00016720335305408861 0.00016837912613794397 0.0006357366058406479 0.0016046925798159847 2.6176831239032287e-06 0.00024485609407164273 0.0006285893494429462 0.009332154433230261 0.0009929070440736838 0.006605432073722418 3.307332612165166e-07 1.6589690563792517e-05 0.0001889494400733757 0.00038476879671356135 5.8150971537427226e-05 0.002915124337124359 8.784502717937916e-05 0.0011214503261144262 0.00035449692628830776 0.0007449953834944404 8.946156322819973e-05 3.5021353788595797e-06 2.40221708490461e-05 3.1028187951485287e-07 9.284543374767826e-07 2.2388378088038758e-06 3.585763800243639e-06 1.5478743285204143e-07 2.0246907792863433e-06 8.443433305602338e-05 1.8484557563497217e-06 0.0001093139562357504 1.4819146050183315e-05 3.7772612295873737e-07 1.3638365829143785e-05 0.0 1.5461819252239088e-06 7.0953159288426324e-06 5.537507753889364e-05 4.7580903896326194e-07 1.33385444157751e-07 1.2846724368424668e-07 1.1355057578128809e-05 8.650391853284594e-05 1.529431395562516e-05 4.2488298264400907e-05 0.0006960403481158858 0.0 5.676283100197747e-07 1.6712803980263063e-05 0.0002444000077403766 2.9670489862621878e-06 6.244116379413792e-06 9.602094545216118e-08 0.0 3.796266910954013e-07 1.5723100659004504e-06 7.952250557747301e-06 9.425333209064268e-05 1.1353423051079016e-06 7.639631019929886e-06 2.6613285710725067e-06 4.7421547633488476e-05 4.2163842132554975e-07 0.0 0.0
0.00046890266584513314 1.2539434537429412e-06 6.455649497294395e-05 2.7373099779089e-05 9.927355673570293e-05 0.005337616737688566 0.0011478195356082815 0.0 3.787866912362278e-05 0.001845946590102045 0.00021846168879234785 0.0004044468469113459 5.017416095937857e-06 0.00472994591395678 9.886867242196532e-05 8.55231152851421e-07 7.036724864746014e-05 5.953203541468506e-05 6.07941179736821e-05 0.00023927965661357768 2.5764911528614548e-05 3.002026268052353e-06 8.468278611785258e-05 0.0001628211585757088 4.6361131850929716e-07 0.0001123411309575006 5.343764603909745e-05 0.00017218055218076118 0.0017169369120042038 0.00023439177641301266 3.3931458534630504e-06 0.0004913302508587082 2.5056091787058977e-05 0.00045548491331145026 7.907635826241507e-06 0.00033983842252363324 1.4951640884069141e-05 0.0005895242900969068 5.596009323530928e-05 0.0006265476720020475 5.64192832461038e-05 3.489943732368939e-06 6.167201527984401e-06 0.0 1.8848441127774146e-07 0.0 5.032075078168069e-07 0.0 7.429110460107911e-08 4.065883594816046e-06 0.0 5.382355383731873e-06 1.1418984074700663e-06 1.7922877754179637e-07 2.445568936024939e-06 0.0 0.0 2.795482522786492e-07 5.092539945763831e-07 0.0 0.0 5.997091662138717e-08 5.284530198646828e-07 2.185015833674369e-06 2.5867858468475635e-07 1.2902565482772048e-06 3.3997965816033174e-05 1.2157615123174726e-07 2.200920956491929e-07 6.985952677373318e-07 1.2386647641115929e-05 0.0 3.14323756783203e-07 5.1216364326900544e-08 0.0 0.0 1.25653031253708e-07 9.627371117727947e-07 9.272531154721728e-06 0.0 1.200476964130105e-07 1.374647731778312e-07 4.984797755587873e-06 0.0 0.0 0.0
5.663772703162232e-06 0.000240577029017083 2.2801995726931693e-06 0.000219992936417181 1.774753861283407e-05 5.739620804983146e-05 0.0004910412478348008 3.787866912362278e-05 0.0 0.00014223711638186262 4.270921355567563e-06 0.0003043699025658304 1.4126252210597042e-05 2.6492325721447023e-05 0.00035622552742710687 0.00016029702006816986 7.582285436759071e-07 5.507528202293346e-07 6.130455998620601e-07 0.00038311995067416007 9.283375006670305e-05 0.0024480480700369476 1.5499077917640268e-05 0.007550319566234539 2.627494356541362e-05 1.7398380086538464e-05 0.00016451922649446233 0.0014822403207751876 1.914965254543678e-05 3.565393424007975e-05 1.8382381815383895e-06 2.0447993385835644e-06 5.341614765656786e-06 1.21901925324037e-05 7.75486245168289e-07 9.967326072403724e-05 3.4642139085435574e-06 4.045527990220259e-05 7.823587857133871e-06 0.00017546417761382072 4.069410741958296e-06 7.096692220987055e-06 4.956401670924139e-07 4.2034388315951454e-07 7.356652706858217e-07 2.1207602791128067e-06 8.396744657211885e-06 5.553094948219038e-07 3.82419424020482e-06 9.583027878943104e-05 1.992562466287223e-06 9.100491162526708e-05 2.4218246769971747e-05 2.0412398579463245e-07 1.6512053369914733e-05 3.4478557882720074e-07 1.1797871672349865e-06 6.324841995113696e-06 0.00040206468755036136 1.447695932501452e-06 0.0 3.3311470656015307e-07 1.8163009840911935e-05 0.00019394892949187913 2.660132004030939e-05 0.00023995340460772048 0.001246520610690876 1.8164888420330725e-07 1.565614926896571e-06 1.6576870346095506e-05 0.0003183638895846473 4.353888065872834e-06 1.338742969974865e-05 1.4963097771392267e-07 2.437955452592074e-07 4.769255917110872e-07 2.646757386918167e-06 7.790802395061605e-07 6.009440354740323e-05 8.811725462216636e-07 1.0375991651930862e-05 3.7497954132855423e-06 4.699404476510808e-05 5.272139313466186e-07 5.1252311587407804e-08 7.14750554219508e-08
1.562474130487078e-05 5.257288555270423e-06 3.865054159954003e-05 0.002123554464308705 1.2401403481968416e-05 0.0025144433024062575 0.00744873734339545 0.001845946590102045 0.00014223711638186262 0.0 3.22860985712544e-05 0.002488178384221568 1.4453814538167603e-06 0.0009115427695089659 6.122116244262641e-05 4.937108624267486e-06 2.070936985927349e-05 1.3505029320149678e-05 1.5044306623699765e-05 0.003957901147587255 6.085116315139456e-06 1.9644196849335606e-05 2.2537719520257023e-05 0.00045439511731657336 6.855286420039196e-07 3.663644355843091e-05 5.6898613836099256e-05 0.004274670337360955 0.0004226636179914873 7.513616246454631e-05 5.375691279059348e-07 2.6092348076239002e-05 2.060472978066981e-05 0.00024847755856382837 1.970122590696593e-05 0.0007828807716571977 1.6448140917749775e-05 0.0006477476066832721 0.00012079951293082488 0.00027522320500339285 7.48068783662346e-05 1.7472447268340446e-06 1.6588696281755683e-05 0.0 0.0 1.2999805417038196e-07 2.502755714734005e-05 2.501222668417117e-07 3.4153618391069986e-07 1.4497801710172047e-05 4.990895660108272e-07 1.9614264529804232e-05 6.7547334654374125e-06 5.979453275834988e-08 1.5706696455756146e-05 4.0473173294168746e-08 2.937555996834017e-07 2.205496931877605e-06 6.434821251741104e-06 0.0 0.0 0.0 4.477791452232221e-06 7.174895973406933e-06 2.5225710740778573e-06 5.91206386232309e-06 9.291730591785167e-05 0.0 0.0 1.4355694569866837e-06 3.5327447907458894e-05 7.671244509472184e-07 3.659010347415086e-07 0.0 0.0 0.0 6.54387454441946e-08 3.551155689987074e-06 3.066428648264284e-05 0.0 1.0742904806076606e-06 3.003340416869489e-07 1.9819849111516963e-05 0.0 1.8011571804977354e-07 0.0
9.939705074738734e-06 0.00018980553427407054 8.523867225466768e-06 1.5036868146568498e-06 9.023125871278404e-05 0.0001917716420802871 1.682799441556355e-05 0.00021846168879234785 4.270921355567563e-06 3.22860985712544e-05 0.0 3.3352090985723914e-05 0.0018713642759947953 0.00010020181680715056 1.037240263772026e-06 2.1433234214398824e-06 0.00015052810582635002 0.0018367243849216383 0.000937823545005011 1.2133651219254797e-05 5.696885401408525e-06 2.0363496357830442e-05 2.586110533749494e-05 1.3245437141569634e-05 0.00022088289970561753 0.000957005997473182 0.0010497892307471774 9.477746098247255e-06 0.0002523393362640768 6.987805650575491e-06 0.0005903124907712668 0.0003018356913738247 8.070770553453801e-07 0.0047049587253085974 1.688700125010281e-05 0.0007197384750114157 0.00376951933590603 0.0027840643898431683 0.00033557451366885327 9.557477425937153e-05 7.859291205641521e-05 0.00089315445978537 1.890202126807258e-05 0.0 1.3375374230246436e-05 7.872286386334669e-07 0.0 0.0 0.0 3.9653354000810377e-07 1.281069609685158e-07 2.775502356695561e-07 0.0 5.722900925877184e-05 0.0 0.0004615100067023573 0.0 0.0 1.6872083965769106e-07 5.071938570393801e-08 1.8364927738588036e-06 3.4900078543075068e-06 0.0 1.1000057336408772e-07 2.2974812863134544e-06 2.093560910819795e-07 1.4008652795523605e-06 0.00011918953708718497 5.1617834550598174e-05 0.00021969627822087423 5.602721991164185e-07 0.0 0.0 5.481164623300026e-05 4.539710800717239e-08 0.0 2.456181785105926e-07 2.121517930439572e-06 2.7215926391152882e-05 0.00011601342634880227 3.5135439582015078e-06 3.1215811073270413e-07 4.4083083879880144e-07 0.0 8.473384850142273e-05 0.0
4.090385634340293e-06 3.90008830367261e-07 4.889262126151776e-07 0.0007821780378514311 9.555672060735775e-05 0.001602028471632046 7.332403920618778e-05 0.0004044468469113459 0.0003043699025658304 0.002488178384221568 3.3352090985723914e-05 0.0 1.3956690879264612e-06 0.00012118038601263397 0.0010446843239358273 1.1297205552599918e-07 2.0212084047575797e-06 1.1133697954224243e-05 1.2279357638283306e-05 0.00358177239939126 1.5002997027950298e-07 1.1181318662926436e-06 5.371773591381614e-07 0.000620307101185794 7.877494389896619e-07 1.7521539755847734e-05 7.580881574719664e-06 0.00037130817083163155 0.00015239456190180628 1.3311122207319353e-06 6.905643981203891e-07 3.2776620916527354e-05 8.886377831372633e-07 0.0001314934002219624 1.5864471763377936e-06 0.0005696623822855415 6.211569381066959e-06 0.0003868309708538263 2.8994630977695976e-05 0.0011344974382793544 4.6249516559028066e-05 1.2250639570098518e-06 4.754811084086646e-06 0.0 4.035188068913391e-08 8.335623540251135e-08 5.274380288608233e-06 7.54195775485928e-08 3.757502190107136e-06 5.2639662600956155e-06 4.908717325603125e-08 1.1748977182233993e-05 1.908773988689785e-05 1.1011893911771145e-07 3.391350817732547e-05 0.0 2.2916776908887132e-07 1.970112007739476e-06 4.323093781134426e-07 0.0 0.0 0.0 1.7231036248338673e-05 4.3247667977735615e-06 0.0 2.6060715577095446e-06 4.4690813832259864e-05 0.0 0.0 1.3547065779287666e-07 9.855136947390266e-06 2.499978196583065e-07 0.0 0.0 1.083733821089717e-07 0.0 6.358772098747584e-08 1.835077865195257e-06 2.4724629549446427e-05 0.0 8.218599546405058e-07 0.0 2.10970166981526e-05 1.278729584515509e-06 0.0 0.0
1.6700314000256075e-07 0.0013526070414812017 1.4272490008085664e-06 1.5057263615701816e-07 1.5598609647492673e-06 5.352416713978244e-06 2.3442567360076787e-06 5.017416095937857e-06 1.4126252210597042e-05 1.4453814538167603e-06 0.0018713642759947953 1.3956690879264612e-06 0.0 2.248804182112974e-06 6.785761640695924e-08 8.895913647666299e-06 1.1982959670426133e-06 1.4782417544343032e-05 1.4155532951032702e-06 6.040907001086076e-07 2.9767804610793994e-06 0.00011003318357719848 6.020265403908521e-06 3.715060949285603e-05 0.0029053292328337288 0.0003898507167656414 0.0015974330380155374 6.226592741364946e-06 4.270496570123922e-06 7.065159735044141e-07 0.0007568014200742551 5.488982040331479e-06 5.900854995791224e-08 0.00021475860123491516 1.634717221585138e-05 0.000257370233433881 0.0030545886968049423 0.0005391345556188718 0.00014406464673351189 8.934682198805966e-06 5.27853991303419e-05 0.0009542713914830022 1.5670721595488075e-05 0.0 3.48335945868862e-05 2.517785996811584e-07 0.0 0.0 0.0 5.003810130633824e-08 3.259201698010226e-07 3.004143061070243e-07 0.0 0.0001328091472940963 8.652923352401577e-08 0.0011267463803126512 1.3714840816618247e-07 0.0 8.713829188988004e-07 5.646686024616272e-07 2.289414734495252e-06 5.677621828593572e-06 0.0 0.0 6.97127496180078e-06 1.508962921645928e-07 5.788102039732657e-07 0.000365942088652148 0.0001589647654719462 0.0005889246998414983 0.0 2.359584414187843e-07 0.0 0.00014019508037926699 0.0 0.0 2.111476627494412e-06 2.8678680380581166e-06 2.438943844713767e-05 0.00023514882821309215 8.18973595322683e-06 8.435189425414198e-07 2.2202140218147266e-07 7.347388587493119e-08 0.0001812024684317634 0.0
0.00263768828557027 1.3441567718832127e-06 0.00023905338892491596 8.198415049499986e-06 9.951276329527396e-06 0.00036156341696049913 0.0030491610235061865 0.00472994591395678 2.6492325721447023e-05 0.0009115427695089659 0.00010020181680715056 0.00012118038601263397 2.248804182112974e-06 0.0 3.6627584755721044e-06 2.0090973362782364e-06 0.0002196643455421327 3.4817711460252964e-05 4.443935622306089e-05 6.819415610458761e-05 0.00011954370272826538 4.936657023041082e-06 0.00031873446375952155 9.171941025747123e-05 2.3019840904138522e-07 0.0001546249268416314 9.723609879536788e-05 0.00013960914151882393 0.0045315805826719804 0.00120028230286025 1.316038719437391e-06 0.0001222495299535593 6.121093155512098e-05 0.0005636272781425672 9.307391873907802e-06 0.0003862046620438666 2.613354952408219e-05 0.0005657142967341056 8.67693605746224e-05 0.00010305102962443267 2.516900424531977e-05 7.737773223341632e-07 6.736620798542075e-06 0.0 1.0917838197712397e-07 9.448292236790563e-08 4.259152306848462e-08 0.0 2.0182538453220034e-07 2.740987767554685e-06 0.0 3.090200395802648e-06 1.5498302417746414e-07 0.0 4.713059250048702e-07 1.4548138932706016e-07 3.872345000204277e-08 1.5981141063151858e-07 1.8065357926177073e-06 0.0 0.0 0.0 1.819945550613556e-07 3.4763690477893648e-06 0.0 2.473574147895821e-06 1.4881151270398126e-05 0.0 3.256914236702655e-07 2.0965055510663414e-06 6.018939596217716e-06 0.0 1.7649547164669368e-07 0.0 0.0 0.0 6.167912640880436e-08 1.5110499757628721e-06 4.373699676681606e-06 1.4615007034409373e-07 2.432415005001858e-07 0.0 1.5702812650863365e-06 0.0 0.0 0.0
2.41702357447278e-07 9.041807827572735e-07 4.363256752977762e-08 3.598661203193576e-05 0.0012620642672620981 0.0009812821897356664 2.1758866193866258e-05 9.886867242196532e-05 0.00035622552742710687 6.122116244262641e-05 1.037240263772026e-06 0.0010446843239358273 6.785761640695924e-08 3.6627584755721044e-06 0.0 2.5029376017496766e-07 9.231449879514925e-08 1.263418269077353e-07 2.496899813413299e-07 0.00011077837448366294 5.134159100848774e-07 4.472663078441443e-06 3.1160879597462363e-07 0.0002683680235094835 1.0736160616178989e-07 6.370330249903012e-07 1.8636144051276653e-06 6.35757674164548e-05 5.343391439127912e-06 1.4820356758695734e-06 5.470582079077474e-08 0.0002374982093582016 2.573539604274938e-07 3.3519916906963593e-06 1.1062257184775964e-06 0.00022212653280261277 2.1209527307927745e-07 5.497427070622785e-06 1.827632123200664e-06 0.0007621909264578313 1.96937572354798e-05 0.0 0.0 0.0 0.0 0.0 1.5337564516780582e-07 7.439519448761592e-08 0.0 2.4363781111416688e-06 0.0 1.970591294590962e-06 7.901370404276567e-07 0.0 1.3401688397716106e-06 0.0 0.0 1.3651000960821328e-06 1.1734771331854005e-06 0.0 0.0 0.0 1.0202807651329833e-07 1.7619434567517279e-06 4.284594560056243e-07 1.3197591283702671e-06 1.2650891103640436e-05 0.0 0.0 0.0 4.842114466075675e-06 0.0 0.0 0.0 0.0 0.0 0.0 1.8071910026517914e-05 5.352738230845693e-06 0.0 2.3591530395952982e-07 0.0 5.102000335901999e-06 0.0 0.0 0.0
9.068677704821493e-07 0.00018310632156714725 7.21013551078993e-06 3.124016217835263e-07 0.0 1.2469332227584476e-06 0.00011016333784459649 8.55231152851421e-07 0.00016029702006816986 4.937108624267486e-06 2.1433234214398824e-06 1.1297205552599918e-07 8.895913647666299e-06 2.0090973362782364e-06 2.5029376017496766e-07 0.0 1.770135882220075e-05 4.884950620163633e-07 2.1082047100083152e-06 7.245370941621202e-07 0.0011955801973926733 0.002506329028675252 0.002011958886785922 0.0008180806721661594 1.636280722089617e-05 1.5200796166243302e-05 0.002408883873652942 0.0015140103797287273 2.3515120347994205e-06 8.329841095807711e-05 1.2359034989457333e-06 6.175301447401984e-08 1.0524043369314757e-06 3.292230055523877e-05 1.6093020787118747e-05 0.001415182152350177 0.00015482064382007048 0.00028611092124101523 0.0002555251785370083 5.673318510322925e-05 2.9532781279734913e-06 3.5705249027251814e-05 1.3311506330434462e-05 0.0 1.735538657685487e-06 3.708098203851995e-06 0.0 0.0 4.788557008875677e-08 1.8815302711314366e-06 5.688296145287423e-08 3.519578441510392e-05 2.7617716903485644e-07 5.833825641001321e-06 8.216874757348356e-08 1.309648503098764e-06 9.333426385205018e-08 0.0 0.0005799987639893497 1.4186838352131694e-06 0.0 2.3686034097472614e-07 0.0 7.751965958515376e-05 0.000247138102569171 0.0003816161025000197 0.00010217171598724705 6.432604762847021e-07 1.524997068585452e-06 5.369001811950047e-05 1.66536936288879e-05 2.2907853745312054e-07 3.948199147989302e-06 4.217415480390457e-07 3.6923266895614156e-07 2.485691503132532e-07 1.760373484695053e-07 8.579645670101598e-07 0.00011315128544964221 3.3141108640427262e-06 7.762212402758657e-06 1.770763971466601e-06 4.633054729898758e-06 1.1850714443953823e-06 6.050686268698909e-06 1.4287898835461137e-06
0.00015198391281449065 3.036077473523282e-05 0.0014368434668254376 6.707684146075434e-07 1.1016488620499144e-06 1.0251628272046635e-05 0.0001341476862285554 7.036724864746014e-05 7.582285436759071e-07 2.070936985927349e-05 0.00015052810582635002 2.0212084047575797e-06 1.1982959670426133e-06 0.0002196643455421327 9.231449879514925e-08 1.770135882220075e-05 0.0 0.0002881710313947843 0.002691751361932716 2.205414203526495e-06 0.00041382124802540656 1.4118183534571629e-05 0.0027835414365003012 6.04147540757645e-06 2.4810951704499874e-06 0.0038026617471222644 0.0030048093588462494 2.9671354302959632e-05 0.0002512889622473835 0.0009690132167715173 6.36906610395297e-07 4.552038523399124e-06 4.308317911135885e-05 0.002454473965179597 4.551865820499724e-06 0.00026676811470940156 0.0007747338610578281 0.0010886377297589802 0.00011542931657263004 1.25976040479386e-05 7.616415361466658e-07 2.1416681899029438e-06 1.3588053794704802e-06 0.0 1.1495213012528693e-05 1.490584880418385e-05 0.0 0.0 0.0 1.1772157752079346e-07 0.0 1.8120322254398922e-07 0.0 0.0 0.0 8.200267600847305e-07 0.0 0.0 2.2506189793170224e-06 4.3789682705476423e-07 7.041086120861652e-08 5.2606881379831875e-06 0.0 5.208760511431094e-07 2.0336573752457537e-06 5.516312306827335e-06 1.643301492725773e-06 2.8738309004916604e-07 1.7192588135163317e-05 0.00010450604651202147 2.4865275223991215e-07 1.3207086601929878e-07 0.0 3.131793914805144e-07 0.0 0.0 3.5872920721341627e-07 2.6192491835360783e-07 3.313683024817894e-06 1.9435941739703955e-06 2.1182966915349878e-06 4.114179681947814e-07 0.0 0.0 0.0 0.0
5.023264139185174e-06 4.048780695390773e-06 2.4116816174335037e-05 4.289257885530334e-07 9.770088566284035e-06 4.699879113439112e-05 1.0526515965173765e-05 5.953203541468506e-05 5.507528202293346e-07 1.3505029320149678e-05 0.0018367243849216383 1.1133697954224243e-05 1.4782417544343032e-05 3.4817711460252964e-05 1.263418269077353e-07 4.884950620163633e-07 0.0002881710313947843 0.0 0.0009871393107171676 4.406432063439442e-06 2.625108411537004e-06 9.540183872754924e-07 2.2405560150581596e-05 2.619405023440805e-06 5.239079929460965e-07 0.0014787266725348385 0.0003028152158375882 3.1700482286049185e-06 5.221634923851198e-05 1.0985820884751974e-05 3.229334368766448e-05 4.50064984666856e-05 7.858532685965728e-07 0.000523936456273678 6.5037540268545014e-06 0.00035868348751337173 0.0005402962557888926 0.0009438548039036132 0.00012277854320787645 2.598174339925037e-05 2.0652814298256714e-06 6.08336907817774e-06 1.237049391139018e-06 0.0 7.631929689889173e-07 5.763109827261622e-07 0.0 0.0 4.8848056215554605e-08 0.0 0.0 8.296971555448785e-08 0.0 2.4376211008838713e-06 5.639849287975693e-08 1.4636451865637837e-05 4.9776260101908154e-08 0.0 0.0 0.0 0.0 5.534148662523256e-07 0.0 0.0 3.847288986852356e-07 1.4938582404241055e-07 5.447073377083164e-07 4.880612309592415e-07 1.610752215989377e-05 3.4430497321262636e-05 4.1083022357901455e-08 0.0 0.0 5.9157118092841685e-06 0.0 0.0 0.0 5.448383105757353e-07 2.512434234073434e-06 5.1180103400506125e-06 9.888922399606259e-07 0.0 1.9223123653789457e-07 0.0 6.219542075778877e-08 0.0
9.183956936836573e-06 1.0515174498086708e-05 5.134429342191419e-05 5.681264422104492e-07 7.104723295931581e-06 4.429214833859155e-05 1.5266654485543675e-05 6.07941179736821e-05 6.130455998620601e-07 1.5044306623699765e-05 0.000937823545005011 1.2279357638283306e-05 1.4155532951032702e-06 4.443935622306089e-05 2.496899813413299e-07 2.1082047100083152e-06 0.002691751361932716 0.0009871393107171676 0.0 4.532210198924832e-06 1.2436072018266997e-05 1.7072381922120502e-06 8.046085962399152e-05 3.273249293086427e-06 3.027691238226314e-06 0.00246465466650888 0.0004134164680666147 4.379077594421014e-06 6.653968702364126e-05 3.337004058145026e-05 1.4853932112259029e-06 3.717270135237425e-05 2.1408484475140994e-06 0.0014246925359141056 5.095547778374961e-06 0.0003674489844812516 0.00039019419806257525 0.0010398796192935883 0.00012173312811745014 2.0118697876909947e-05 5.42948232812114e-07 3.29995502026306e-06 1.272907834398915e-06 0.0 2.277201069420909e-06 9.098047650760307e-07 0.0 0.0 0.0 0.0 0.0 0.0 0.0 1.0852881210517177e-06 5.598553430508355e-08 3.230980302323636e-06 1.6919996971356615e-07 0.0 1.9360600179171677e-07 3.721379572374783e-07 7.198064137732851e-07 2.011499232249463e-06 0.0 0.0 1.667073189492225e-07 5.550223796582223e-07 7.473356427002049e-07 4.327650186934519e-07 3.223790751664945e-05 5.6564547600438955e-05 8.777726685838223e-08 0.0 0.0 1.4943513103564724e-06 0.0 0.0 1.0310623300249689e-07 4.944627179157388e-07 2.2005254656950014e-06 1.8885625169664032e-06 3.135471122813875e-06 0.0 0.0 0.0 0.0 0.0
3.56653752985126e-06 3.5183914139884803e-07 3.883984707476963e-06 0.002524689213835651 1.0600223480242778e-05 0.0001820363475017237 0.0001678456776771011 0.00023927965661357768 0.00038311995067416007 0.003957901147587255 1.2133651219254797e-05 0.00358177239939126 6.040907001086076e-07 6.819415610458761e-05 0.00011077837448366294 7.245370941621202e-07 2.205414203526495e-06 4.406432063439442e-06 4.532210198924832e-06 0.0 1.0480592916154287e-06 2.1400012994923358e-06 3.1639334349572436e-06 0.0007395649050773995 1.0525892101568965e-07 8.864021013403898e-06 5.52981603765956e-06 0.0025053151234847343 0.0001608388015400395 1.1425207628504152e-05 2.0040429364169364e-07 1.2343873884214814e-05 6.867601251881896e-06 0.00010857278675219347 1.4258378418000675e-05 0.0007946023684655385 9.035848082385274e-06 0.0003577324751630243 6.758539734527077e-05 0.0004172373561630914 5.102723027780612e-05 1.802628561713955e-06 1.5069807428868687e-05 0.0 0.0 0.0 4.049385485929427e-06 3.959330837481343e-07 1.3436892969677784e-06 1.7943743195758486e-05 9.53577657211473e-07 2.9617569088934517e-05 9.216105222609993e-06 0.0 2.1508688731236137e-05 0.0 5.996197553831366e-08 5.04557338835202e-06 1.2041576589745739e-06 0.0 0.0 0.0 5.697375734884155e-06 3.877454461457749e-06 3.6164392563080465e-07 6.285177539983605e-07 0.00011145612241224805 0.0 0.0 5.298094586981257e-08 3.912364165459409e-05 1.429277525363746e-07 2.3323866847822922e-07 0.0 1.3624727765538183e-07 1.7205874569677642e-07 4.724421630683726e-08 1.173281385064366e-06 5.679484591815059e-05 0.0 9.986192983681188e-07 2.2097432855560192e-07 3.932080094732962e-05 1.075356716897171e-07 1.642755870131016e-07 0.0
0.00011120865607266729 1.1275764854055777e-05 0.0006067434145229228 1.6004010076384305e-07 1.1694509578775542e-07 1.7067797330442661e-06 0.00016720335305408861 2.5764911528614548e-05 9.283375006670305e-05 6.085116315139456e-06 5.696885401408525e-06 1.5002997027950298e-07 2.9767804610793994e-06 0.00011954370272826538 5.134159100848774e-07 0.0011955801973926733 0.00041382124802540656 2.625108411537004e-06 1.2436072018266997e-05 1.0480592916154287e-06 0.0 0.0002584986679366041 0.007839514380364704 0.0005701677551724825 1.3461113822405748e-06 6.855450026926526e-05 0.0006131205589476978 0.0014912239789679612 0.00010428825131154916 0.005034531079895813 1.2114567261412437e-07 4.2694335444112145e-07 2.2742323308088723e-05 0.0012613938185462759 3.231609096030444e-05 0.0037611746222260775 0.00012434440726059997 0.0027236786318603403 0.001368723737035533 0.00020332737869156771 9.30668327347477e-06 2.0747941157800897e-05 2.0746404930399718e-05 0.0 2.6721836059080777e-07 7.174473491365488e-07 0.0 0.0 0.0 7.901627810405135e-07 1.805082222636286e-07 2.458411243610322e-05 2.036109132221376e-07 2.991118094437464e-06 5.165849136515221e-07 0.0 0.0 0.0 0.0002514337437944324 1.4021570887281128e-06 0.0 0.0 0.0 6.76889083909426e-05 0.0001012471856690041 0.00016135615479325195 5.149222536238394e-05 0.0 1.50890833064059e-06 1.4149719029496987e-05 1.1500790452683492e-05 1.7769027660424924e-07 4.48183072370684e-06 0.0 0.0 0.0 1.2185599070574134e-06 4.6949272972931725e-06 6.563588794486684e-05 2.4028238428548625e-06 2.8022811655599803e-06 1.4640276961773865e-06 4.949846307741285e-07 0.0 4.865142093001883e-06 0.0
5.384309288508985e-07 0.0014156990816280566 3.4749167355327407e-05 9.110813800104017e-07 5.0841144962577954e-08 5.493764825395243e-06 0.00016837912613794397 3.002026268052353e-06 0.0024480480700369476 1.9644196849335606e-05 2.0363496357830442e-05 1.1181318662926436e-06 0.00011003318357719848 4.936657023041082e-06 4.472663078441443e-06 0.002506329028675252 1.4118183534571629e-05 9.540183872754924e-07 1.7072381922120502e-06 2.1400012994923358e-06 0.0002584986679366041 0.0 0.0004544800298006833 0.004389460959819621 0.0001687138049105928 7.632536201072999e-05 0.0030471237325083787 0.0007795639696130142 2.902212212768872e-06 1.5380848352204663e-05 1.395651670173982e-05 1.6185663765253134e-07 1.087788801991298e-06 1.2767905887610959e-05 7.501414366997079e-07 0.0001211014564085306 7.066036499143618e-05 4.019913817344488e-05 1.274366937025478e-05 1.8033566566946653e-05 2.4492921486126745e-06 4.431788361666426e-05 1.0808521044152801e-06 6.665977260112734e-08 1.3386913965383995e-05 1.4848703083152251e-05 0.0 0.0 1.1481916382566407e-07 3.6036433792630783e-06 5.501393984656013e-07 5.303326763573277e-05 3.0488970084127365e-07 9.966398198534802e-06 5.63910114891601e-08 2.7077385003309364e-06 4.863606182925152e-07 5.502102850148287e-08 0.0009746065435173871 6.106135054294189e-06 2.4718953932839573e-07 1.6729883449944133e-06 1.443883969864486e-07 0.00010894772249938783 0.00024196738914000673 0.0008076375893483685 0.00011196191475171573 5.292800756488262e-07 7.414332761200559e-06 0.00046709563937558275 2.4723945061938483e-05 1.5781028424280115e-07 3.460883663090053e-06 3.5446609507073646e-07 0.0 2.0451138295143347e-07 4.12017921588826e-06 1.1708745537646133e-06 0.00011566775940317774 3.0142893648097767e-06 1.6050365041314515e-05 8.498409714552716e-06 5.00543554860524e-06 0.0 8.350041154303884e-06 6.660571246093072e-07
0.00026330260640455464 2.381444610430294e-05 0.006512272242154431 2.179812869971353e-07 8.907732273664405e-08 6.45425629922317e-06 0.0006357366058406479 8.468278611785258e-05 1.5499077917640268e-05 2.2537719520257023e-05 2.586110533749494e-05 5.371773591381614e-07 6.020265403908521e-06 0.00031873446375952155 3.1160879597462363e-07 0.002011958886785922 0.0027835414365003012 2.2405560150581596e-05 8.046085962399152e-05 3.1639334349572436e-06 0.007839514380364704 0.0004544800298006833 0.0 0.00024440691976877646 5.199190472628642e-06 0.0011380515835221977 0.004700235320204395 0.0026357102548652408 0.0002508480625753114 0.004601762533204045 7.436642249294052e-07 1.261698490013759e-06 4.4593034957878584e-05 0.0020810936674942756 9.675630716281028e-05 0.005873977730310861 0.0020291235101811485 0.005227548543861431 0.002139540976905775 0.00028005402278619466 9.086430611653139e-06 1.793601923488453e-05 3.492026768785005e-05 0.0 2.7258761798595073e-06 5.073672502127932e-06 0.0 0.0 0.0 1.1704880787153354e-06 6.476733170364968e-08 2.569571928663026e-06 3.109474246196602e-07 4.291034178212119e-06 0.0 3.3752024884956385e-07 6.332287080060013e-08 5.136539407557614e-07 0.0002870449176425703 1.546842523800502e-06 0.0 1.14718633199504e-06 0.0 1.2745527681974197e-05 0.00012710542139668572 0.00023812114092508998 2.2413637028510776e-05 8.09768246685931e-08 1.8886722365620319e-06 0.00013030343862110858 5.333694858800677e-06 0.0 8.80202642169159e-07 1.5410997128077448e-07 0.0 0.0 6.458683830230452e-07 1.0403707027114237e-05 4.078380960269651e-05 1.784774293986056e-06 8.5289650054472e-06 4.467444509841872e-06 1.0129279469374645e-06 0.0 2.5304447934267497e-06 0.0
2.269751940641111e-05 0.0006515200949219211 1.1774800515975373e-05 0.001016472663031695 1.1491531795032185e-05 8.396261967895634e-05 0.0016046925798159847 0.0001628211585757088 0.007550319566234539 0.00045439511731657336 1.3245437141569634e-05 0.000620307101185794 3.715060949285603e-05 9.171941025747123e-05 0.0002683680235094835 0.0008180806721661594 6.04147540757645e-06 2.619405023440805e-06 3.273249293086427e-06 0.0007395649050773995 0.0005701677551724825 0.004389460959819621 0.00024440691976877646 0.0 6.32969902961923e-05 3.707538798176358e-05 0.0008409233509335781 0.004792615069679852 8.826951929203023e-05 0.00010666777945178124 4.819444336876482e-06 5.678823726685927e-06 2.9035855612623492e-05 7.020967602056531e-05 8.95083639891855e-06 0.0010001748124209378 2.0962371916443555e-05 0.00023408574910401288 6.986268378616882e-05 0.000543329980399046 1.9488925440696654e-05 6.841577286956153e-06 6.860437615057879e-06 3.0476481687009404e-07 2.381930756716452e-06 4.61709859250909e-06 5.8478596807236006e-06 7.484833828417658e-07 3.7077414415710607e-06 0.0001310578887638748 3.0210246098910916e-06 0.0003220696151797083 2.691617408358327e-05 1.2399945727037463e-06 2.1703632109994835e-05 8.664487215397134e-07 2.164496805866111e-06 8.349980284007631e-06 0.0001718690146297258 1.695657115298308e-06 3.783994779782795e-08 4.953681416397064e-07 1.5479288504610185e-05 0.00024922267284577086 4.627985391522252e-05 0.00012670520846473 0.0013592527041899158 3.6663370703410085e-07 1.667648177665043e-06 1.8353408562341702e-05 0.0004498102948953248 3.867453406452721e-06 1.8095655452553014e-05 6.047691099200004e-08 1.3651411392000077e-07 6.779440014970785e-07 3.373746002862493e-06 3.1490373329639812e-06 0.00015359921216779286 1.904851363443585e-06 1.3240879158480355e-05 4.671345797336469e-06 6.269019120575788e-05 6.073201222508107e-07 1.8687820972845946e-06 8.255166784225882e-07
