0.0 6.357023266099844e-08 1.6501590679056628e-05 2.9807607392539226e-06 5.791101439630866e-07 1.3190305535942127e-05 0.0011399771575929035 0.00024972489329516223 7.459049525819554e-06 4.1043406296574184e-05 1.2509472888861595e-06 1.5878068838157236e-06 7.124463781440096e-08 0.0025564143476259353 7.102704283968155e-08 2.859715105951901e-06 3.401133362724172e-05 8.011433366056054e-07 1.024119665788593e-05 8.19320489170942e-06 2.3294509089349775e-05 2.0364513264306958e-07 2.1512602878266332e-05 7.131805761300627e-05 0.0 6.968925395732866e-06 6.582398481775908e-06 6.186168331376509e-05 0.0019461351592158374 0.001524484712623037 4.81617466907329e-08 1.203747907790269e-06 8.486898829699882e-05 0.0001052067256070306 0.0 1.5850177398804406e-05 3.8013411131594644e-06 7.706454724994593e-05 1.334625985032527e-05 8.508616403851331e-07 3.8911054758015e-07 1.2558349516707456e-07 1.7029399587879137e-07 2.5015947248089417e-07 0.0 1.0141271591369614e-07 0.0 0.0 0.0 1.6732284550714857e-06 1.0405154343286524e-07 3.768699896626119e-06 5.46665294936162e-07 0.0 0.0 0.0 2.534989799417217e-07 0.0 1.5166609564138453e-06 0.0 0.0 0.0 2.2955945162924253e-07 4.5010983600939607e-07 8.57281700020708e-07 1.6499614190681144e-07 1.0172880749791058e-05 0.0 0.0 3.2756338063118294e-07 6.131114253328351e-06 5.586479095796322e-07 6.576422265825143e-07 0.0 0.0 0.0 0.0 0.0 1.5542521508877915e-06 2.860936976210774e-07 4.132442500179113e-07 6.334731739455498e-08 2.8066848710062275e-07 0.0 0.0 0.0
6.357023266099844e-08 0.0 3.876312486036852e-05 1.2990102342898222e-07 8.925526277037841e-08 8.024461347802056e-08 2.1685844311629575e-06 3.847994177125596e-07 0.00018283041468624767 5.2707745958500775e-08 7.337276347994128e-05 1.3275290632612793e-07 0.0003055863082347497 3.8867240833855976e-07 1.0819221454075985e-06 0.00013674200473511107 5.045094892608684e-06 2.1807026636774554e-06 9.620249842311634e-06 0.0 5.51020502677167e-06 0.001511534759985554 1.0406889332550475e-05 0.00030245283965782014 0.0014086672151617094 0.00018968860110120766 0.004239623796320375 7.893785986479534e-06 4.5657396980079036e-07 5.698755632616111e-07 1.5752296295015525e-05 1.7303825852704118e-07 1.0762447869308477e-07 1.2386733973582534e-05 0.0 8.113938059454123e-06 2.2936547858455134e-05 2.1329565969968213e-05 4.0620173112100515e-06 1.562404514857489e-06 0.0 1.4779396254066532e-06 2.248381223129356e-07 0.0 0.0001254903369911679 1.9604565008480466e-05 0.0 0.0 0.0 1.3312645400427264e-06 0.0 1.8490620105668472e-06 0.0 1.2974538878647524e-06 0.0 2.1271960858301778e-05 1.0262506499832641e-07 0.0 1.4528842237343159e-06 2.7511541609101773e-06 2.932511112744534e-06 7.757435092432545e-06 0.0 1.378840592009753e-07 1.5802403583167454e-05 3.619151254785329e-06 2.798044568542591e-06 3.555659799204732e-05 0.00012344685438289124 0.000755000399521575 1.2731277585714292e-06 3.810019025294022e-07 1.5550062402797541e-06 1.9263251912181094e-06 0.0 0.0 2.70093212298799e-06 0.0 4.8648353046410055e-06 2.356694257034054e-05 1.1436436361760179e-05 5.9811936702235885e-06 3.524009890570595e-07 2.5380965523764403e-07 1.3706002945228024e-06 0.0
1.6501590679056628e-05 3.876312486036852e-05 0.0 1.7007827622429145e-06 4.0172211736287514e-07 4.8115596055620466e-05 0.0006937435781622837 0.0002450005030018844 1.1358714190289206e-05 6.262142904326918e-05 6.379462707593837e-06 8.871995715745064e-07 1.4055597207777015e-06 0.0001052660345916896 7.021071677426704e-08 2.6302869197158994e-05 0.0021526511958316315 1.559128647255749e-05 0.0001705421666939687 1.1952882143602834e-06 0.0008032110942138502 1.086038052788075e-05 0.009425391842303241 0.00011181726554056376 1.10746643975663e-06 0.0031755502958200526 0.005520383878161019 0.0005877452501457117 6.381899229367937e-05 0.00033618300559102335 1.4584687745135085e-06 1.582234150858443e-06 3.207321971048979e-06 0.0010208716798200156 1.5750098973226882e-05 0.0010199361702357948 0.0039717399591954776 0.0020494833668901155 0.0008837555322776057 1.7612819919919045e-05 4.584459788822074e-06 1.28391025914897e-06 3.0288602657938487e-06 4.488051914292054e-07 7.238706667514193e-05 9.334302466757215e-05 4.736640149313977e-07 0.0 1.561522308875377e-07 5.190622913989454e-06 6.380210320108918e-07 2.5386473264897164e-06 3.7329922299956254e-07 3.372754038162937e-07 0.0 7.399049324563896e-07 7.682956902749718e-07 1.0265240997597632e-07 3.9224969525043404e-06 4.750292608562409e-06 2.9560890718835037e-07 1.6033984861310343e-06 1.563039211615918e-07 1.2807315170250205e-06 6.544675168101038e-06 2.340024083295543e-05 1.431921682417863e-05 1.1653348852100882e-06 4.2007024758157695e-05 0.00046406967268748634 9.686072185852438e-06 1.2795293954577106e-06 3.5455242374264446e-06 5.8301256142002e-08 0.0 3.5002053027006944e-07 2.5864685786407722e-06 3.0234661302381765e-06 1.2320957158190315e-05 0.00014984811235863263 1.1065810581221287e-05 4.785553994417937e-06 1.4372359983142284e-07 0.0 1.7418724326769116e-07 6.67172835255026e-07
2.9807607392539226e-06 1.2990102342898222e-07 1.7007827622429145e-06 0.0 3.916143148675639e-07 0.00037926977435972164 0.00021349672858019366 5.9727854307888537e-05 0.0002515171061876895 0.0014403619446513043 4.239584377192628e-07 8.820277753471755e-05 0.0 3.199058579447899e-05 3.3502206447782103e-06 4.2410631126229747e-08 2.0799622665850944e-07 4.1640989794561415e-08 1.2955225517476865e-07 0.0016009104490750587 2.1747670149510895e-07 2.599035082908972e-07 1.0885224712319383e-06 0.0008488608152769535 0.0 1.335407613956285e-06 6.126964681884601e-07 0.0028960415903023133 5.349452314020261e-05 4.960529698310072e-06 4.898890335001415e-08 7.28384109220978e-07 6.50543776053529e-07 1.6011512415832747e-05 8.778649875635285e-08 5.295289721897839e-05 2.73368328946319e-06 4.719229246394335e-05 1.2156986419900086e-05 1.170058709858872e-05 2.6122276756374997e-06 0.0 5.008952672150587e-07 1.760772645106702e-07 2.443253058407672e-07 5.8506640881988296e-08 2.4915991358578654e-05 0.0 9.434527033478431e-06 4.069097836734428e-05 1.0798498727800457e-05 7.424770450043779e-05 3.0967509008308705e-05 2.8230632734201487e-07 4.999261253943122e-05 1.004979727127096e-07 1.3130480924966672e-06 2.0925580365884367e-06 1.8162190484061011e-07 0.0 0.0 0.0 2.8632732261823863e-05 1.7807374115606524e-07 3.4487952576807786e-07 3.250300295477073e-07 8.694840227199803e-05 0.0 7.820419898862818e-08 8.087891988895878e-07 5.6119627995404244e-05 2.4873694295853557e-06 1.0108264922841161e-06 0.0 3.213491848923025e-07 4.721856388685819e-08 1.2021893762453843e-06 2.895955896380037e-07 6.421445212201414e-06 2.721975169653522e-07 3.5710719189177225e-06 6.789600820121058e-07 1.0837538202339164e-05 3.759227670720089e-07 6.118686588846972e-08 2.594563848610307e-07
5.791101439630866e-07 8.925526277037841e-08 4.0172211736287514e-07 3.916143148675639e-07 0.0 0.0001844788372728945 3.1619234013044806e-06 8.137715650148055e-05 1.1966660075818201e-05 2.7955214367151135e-06 5.707336368052679e-05 8.971352704394946e-05 2.4220905860633166e-06 1.643598821887688e-05 0.0001956994519445599 0.0 1.5995354669213554e-06 1.1774949414961424e-05 1.9459634487253327e-05 4.77405451017868e-06 2.5640043903550704e-07 4.2207423244736096e-08 7.767052333464005e-07 9.142811646302625e-06 4.877330513695573e-07 2.4789447013769427e-05 1.5248195853575005e-05 3.1054302677843306e-06 6.656721331745443e-05 9.145011277130917e-07 1.4870698697349474e-06 0.0002099798178712791 0.0 0.00021502389177181742 7.628283676628041e-07 5.9753440516057566e-05 1.5636920535432017e-05 0.0003752249644622517 0.00011754133921468812 0.00022523677387432402 2.7111210285390668e-05 4.768217047270854e-06 1.2057451733919681e-06 0.0 8.86483281863884e-08 5.1201136825860624e-08 0.0 0.0 1.6920999883200342e-07 4.3818709117046603e-07 0.0 4.5946957987820834e-07 0.0 0.0 9.279694131671926e-08 1.5085316663180376e-07 0.0 0.0 0.0 0.0 1.0709089226138019e-07 0.0 1.1224834918723577e-07 0.0 6.043379263918117e-08 0.0 1.4699999946233526e-06 0.0 2.0362173244693863e-07 3.6256669516214373e-07 5.564828565168856e-07 0.0 3.2433043596996457e-07 5.834401261687423e-08 0.0 0.0 0.0 7.076868319495733e-07 1.2094172073468707e-06 3.372286736452735e-07 5.339609174558782e-08 0.0 1.0328830049551408e-07 0.0 0.0 0.0
1.3190305535942127e-05 8.024461347802056e-08 4.8115596055620466e-05 0.00037926977435972164 0.0001844788372728945 0.0 0.0010753923753383007 0.003951623665029648 0.0001572656066719697 0.0032132041028534964 2.8763640877458008e-05 0.0022756255440446005 2.428443700071585e-06 0.00035210742994509233 0.000597690207198131 5.25847067771922e-07 1.4735950648581545e-05 8.055794900241817e-06 1.7738868271444847e-05 0.0005070601712731176 1.4957242131423943e-05 1.0554647725140757e-06 1.6387061824823968e-05 0.0006378949421462203 4.5290246457053157e-07 3.257784222620903e-05 1.4039450527199376e-05 0.001145108085668903 0.0003485315176016324 5.323448798360617e-05 7.569106336143937e-07 0.0001190084616130479 1.2424430669276138e-06 0.00018975348858522707 2.625235165172909e-07 0.00020287538607041323 2.2552416058871373e-05 0.0005702755565485262 7.825685696011831e-05 0.0009230561579743148 2.347179549342126e-05 1.1409111979587384e-06 2.4027589756311387e-06 1.9065486796518322e-07 1.869505405004219e-07 0.0 1.6258008136334602e-05 2.3478885228254962e-07 8.961926044226523e-06 4.344174572900187e-05 1.1003212070102921e-05 5.080584773014841e-05 2.098657020336061e-05 3.1285287315010106e-07 2.4383181053343975e-05 1.8074525294565024e-06 1.8257441591684534e-06 3.1187437897523874e-06 1.6073479889958573e-07 0.0 6.743720078285761e-08 5.78972692078452e-08 1.9554509663394085e-05 3.2130012502832243e-07 1.413405139438609e-07 1.2129036672132683e-07 6.185698962683405e-05 0.0 1.6741497040639827e-07 6.934499171758173e-07 4.539409496196164e-05 2.713895922519078e-06 1.4088041445466068e-06 5.902750074630019e-08 4.589922654450725e-08 5.361990336552827e-08 8.086894434197624e-07 4.0932596256035384e-07 1.602481493784983e-05 2.496661145593607e-07 3.2421514838760734e-06 1.0484221230882732e-06 1.4853385765867052e-05 4.918346245292723e-07 6.472222121852862e-07 1.2438869313154653e-07
0.0011399771575929035 2.1685844311629575e-06 0.0006937435781622837 0.00021349672858019366 3.1619234013044806e-06 0.0010753923753383007 0.0 0.0030225434738550307 0.000148520948094722 0.005007247227817304 4.823796804838901e-06 4.547336747800685e-05 3.773430453839718e-07 0.0026587904712961834 1.0267772142907987e-06 1.4778729478592628e-05 0.0002149801418316016 4.593072779353351e-06 4.2015677047800355e-05 0.0002195784434580996 0.0004953846278162085 1.7431852609232232e-05 0.00044381296852590886 0.0009647692897432849 3.032491972102709e-07 0.0002405463622304978 4.86250294946991e-05 0.01023604817384686 0.0006544817520065221 0.0043530744401083215 5.511324894480983e-08 8.690231117210659e-06 2.0100668597087014e-05 0.00026047759747976695 6.0464607165770216e-06 0.0006450093941630401 0.00012107209076165867 0.0006715116336425725 0.00022636326862244727 5.523069778002144e-05 1.7511059522115053e-05 4.542248668635496e-07 5.4452676650173524e-06 2.7101699793038574e-06 4.4901667715589697e-08 9.679166872652752e-07 2.289872210024995e-05 3.351050139391774e-07 1.0360381795911776e-05 0.00012418793906525345 2.4369929090620915e-05 8.122252935204286e-05 3.143005733939335e-05 5.963469101822324e-07 1.837119506296635e-05 0.0 9.431002930895821e-06 1.2672277078839432e-06 1.2706527650574002e-05 5.673776780358547e-08 1.6052937698364796e-07 2.3759806957937116e-07 2.371228381974104e-05 1.5362700109719765e-06 7.625935635270747e-06 8.249261558905799e-06 0.0002548979048002161 0.0 6.390104947437077e-07 1.180465648234764e-05 0.00017465137485645914 1.2526702649479221e-05 9.36700508391817e-06 0.0 6.143641235429458e-07 6.843263479961455e-07 5.607677599898995e-06 3.849207980202995e-06 6.539023591972773e-05 1.8608115815624242e-06 2.0344611986116826e-05 5.617520197417716e-06 1.8388711553436473e-05 3.37688874335675e-06 1.0881211155290147e-06 1.8270186333986812e-06
0.00024972489329516223 3.847994177125596e-07 0.0002450005030018844 5.9727854307888537e-05 8.137715650148055e-05 0.003951623665029648 0.0030225434738550307 0.0 2.2460321276273053e-05 0.0012934212172950844 6.594381006784027e-05 0.0008681342926783005 4.0145966340669376e-06 0.003576304979878037 0.00015222406638687715 1.3179421412835862e-06 0.0002419897826672671 2.0299143831252464e-05 9.89956999937147e-05 0.00047347317750472676 0.00010166546098599497 1.000754680240506e-07 0.00011983715996316804 0.00036909395322761557 4.5524366968341177e-07 0.00012151197859478044 6.842616204513309e-05 0.0002730774246888367 0.0006143342293400811 0.0005937599812496535 2.1646121394398723e-06 0.00014975109285708744 6.2446141102691185e-06 0.00031527070613966696 7.270831367986621e-07 0.0001670731091341716 5.487765966950778e-05 0.0007916025963792964 9.258179793077397e-05 0.0003684325581630823 1.3742117477863586e-05 1.1653432745831408e-06 1.1929032820671306e-06 5.957730498030826e-07 5.328218876089044e-08 5.8640850197520606e-08 4.470954413317843e-06 6.656275218262258e-08 1.4421446118128082e-06 2.5958090157987786e-05 6.515372723770814e-06 1.3619667047968066e-05 8.448080051023315e-06 4.0738086307991496e-07 5.504250831376173e-06 2.342792856461674e-07 1.4068462937148076e-06 5.759750918434582e-07 1.1163347505920632e-06 0.0 7.090841850914519e-08 0.0 6.833451432813538e-06 2.1238318307515115e-07 2.903287737532463e-07 0.0 4.2811261893968765e-05 0.0 3.963981617422895e-07 1.4344678604438007e-06 3.2527533018941934e-05 1.6628949904199823e-06 2.4895531821517015e-06 5.426645099115918e-08 4.4472983557661196e-08 1.2633814219830949e-07 8.308604951973212e-07 2.8659829920260526e-07 8.087897957701426e-06 5.11229595174769e-07 2.7693150469314072e-06 4.315131817461486e-07 1.9449432381761076e-06 5.318491664462419e-07 2.6139214491632356e-07 0.0
7.459049525819554e-06 0.00018283041468624767 1.1358714190289206e-05 0.0002515171061876895 1.1966660075818201e-05 0.0001572656066719697 0.000148520948094722 2.2460321276273053e-05 0.0 0.00011708660542970206 3.500459371414485e-06 0.0007989644171194861 8.948773671746842e-06 2.081545836546372e-05 0.0004883951848971911 5.443409001276387e-05 1.3241468488935152e-06 2.2054595218060395e-07 7.482924095352797e-07 0.0005837005096350896 1.1950286985434676e-05 0.0010748719888808169 5.0825663722575165e-06 0.004985998299745205 8.903858862745468e-05 1.4103653490424035e-05 0.00043656885970687776 0.0003538231177524398 6.658068423413978e-05 6.481844327113043e-05 9.59496074021626e-07 1.5570297314498971e-06 5.2513756308551265e-06 2.5839221680586053e-05 9.931620208737644e-07 0.0002842611918585457 1.3616182248627502e-05 8.706412492451553e-05 3.3174274546074485e-05 0.0005323875438997799 5.75716460401222e-06 9.00389648730317e-08 7.39953426419775e-07 9.4892992508976e-06 8.451495451123774e-06 7.954193512243657e-07 4.2768998673751505e-05 6.733544194231293e-08 1.620468085727522e-05 0.0001342064223097205 2.3929315215297245e-05 0.00028233343798311994 4.9018190031740944e-05 1.5621011425707036e-06 5.358830459571993e-05 2.3525431997914464e-07 1.5682905146875773e-05 5.76115782166533e-06 0.00010430299894162823 2.884452417791325e-07 2.1803424576221678e-07 2.945485416547248e-07 4.9599096715951664e-05 1.9739409537103826e-05 0.00010264987135829976 7.863649582290908e-06 0.0006988641142504223 3.082871086681255e-07 6.321321258475302e-07 6.701482125323529e-06 0.0002480262326023208 2.442187340363165e-05 3.841208404024053e-05 2.0179864443928275e-07 5.024774344037672e-07 1.30235728433814e-06 7.237505448909438e-06 9.438111022388231e-07 7.34880249854339e-05 2.8195870989003296e-06 2.1471318071262974e-05 8.137247091890692e-06 3.158012454032012e-05 6.948543676199012e-06 8.948764220793844e-07 8.156379963816877e-07
4.1043406296574184e-05 5.2707745958500775e-08 6.262142904326918e-05 0.0014403619446513043 2.7955214367151135e-06 0.0032132041028534964 0.005007247227817304 0.0012934212172950844 0.00011708660542970206 0.0 2.2253560249517356e-06 0.0010967992532885528 1.0274990597408374e-07 0.0004308725820001321 3.225143758694044e-06 1.1591909644115033e-06 1.2581093941446138e-05 1.181684827367815e-06 4.398398009663211e-06 0.0040275376005375575 2.310118454608701e-05 1.3084023914576705e-06 2.238889355928956e-05 0.0006984609371943684 6.090406264257617e-07 2.3162870540430818e-05 4.3406800731146805e-06 0.004022364570638669 0.00022171769306054794 9.522296077299428e-05 0.0 5.914699491148814e-06 1.3043280930543635e-06 6.913729678961801e-05 8.768558670136983e-07 0.0001548936215193914 1.560762726943115e-05 0.0002067929204299374 3.6232692324532374e-05 2.895283405723193e-05 7.621002308025749e-06 7.606964672874616e-08 1.610459426124969e-06 6.302164779819916e-07 0.0 1.8687518071609486e-07 2.0468985176876606e-05 0.0 5.743367765760191e-06 4.1402564320483085e-05 8.712574417563444e-06 4.5425504704448644e-05 2.4014391950688327e-05 1.989944045892993e-07 1.686803790743226e-05 0.0 2.1765005750062404e-06 1.1454637525859514e-06 1.0617579671498677e-06 0.0 0.0 0.0 2.1272603085255718e-05 1.921822088867697e-07 6.861166757292185e-07 5.092493602895129e-08 7.331807511494605e-05 0.0 4.6988816506663516e-08 4.643788129759798e-07 5.885592046249993e-05 2.2502688196741657e-06 1.2664994020796681e-06 0.0 2.6563555672294835e-07 2.02909573397593e-07 6.107850831653595e-07 0.0 9.417871893281635e-06 1.595928032378155e-07 2.7587198511894458e-06 7.799874361433405e-07 7.5757583076262166e-06 1.40247714870959e-06 0.0 6.117939765288198e-08
1.2509472888861595e-06 7.337276347994128e-05 6.379462707593837e-06 4.239584377192628e-07 5.707336368052679e-05 2.8763640877458008e-05 4.823796804838901e-06 6.594381006784027e-05 3.500459371414485e-06 2.2253560249517356e-06 0.0 1.4773615852113578e-05 0.001979900047929711 3.644709493420697e-05 6.26338324029396e-08 2.0542583510923585e-06 4.576527825785302e-05 0.0014626115349222688 0.0009963378674909024 2.678865568679402e-06 2.375160127539166e-06 2.293531914369053e-05 1.4565961123745436e-05 7.445994628684675e-06 0.0009605447181594963 0.0014909230812346728 0.0005978245223825117 3.010205612915619e-06 5.057805294245373e-05 1.6348922053748542e-05 0.00036411810994527806 9.530117707482047e-05 3.3258042398826905e-07 0.0028962911659223454 8.324261393278579e-06 0.000374574975661194 0.0029283651582317203 0.0023792957291319137 0.0006435865980271494 1.6838338395025516e-05 2.80681768291905e-05 0.0006643902443494959 2.43084281705556e-06 3.5524534175869836e-07 1.3256443189380812e-05 2.119664365283115e-07 3.902423652925352e-08 4.325823373269704e-07 1.5786209870880525e-06 6.415160795220832e-07 2.315392065316584e-06 4.167250921849729e-07 3.4233401401780445e-07 0.00020356700843846722 2.2262705368356904e-07 0.0008510726013815308 1.5838098659542375e-06 0.0 0.0 0.0 1.4900925728246504e-05 1.4194475864122774e-06 1.754329102661771e-07 0.0 1.567338527792258e-06 2.3766041778067753e-07 5.905364204925417e-07 0.0002104125532000384 2.6051705738540234e-05 0.00010979171182797907 5.629616624171334e-07 4.325469949760232e-06 1.2201799509715265e-07 8.768306147116642e-05 3.4659758345145816e-06 4.363830909485685e-08 1.0794041678192617e-05 1.0123633419879612e-06 3.450736257479901e-05 0.0003804742240544708 6.045177309791782e-05 5.351269874376996e-06 8.124628892396619e-07 1.3465307908225995e-06 0.00013443798286433576 0.0
1.5878068838157236e-06 1.3275290632612793e-07 8.871995715745064e-07 8.820277753471755e-05 8.971352704394946e-05 0.0022756255440446005 4.547336747800685e-05 0.0008681342926783005 0.0007989644171194861 0.0010967992532885528 1.4773615852113578e-05 0.0 1.6023698069000602e-06 0.0002574539975284954 0.0007489792079601303 1.9326144328110598e-07 1.1132395510924301e-06 3.683824869686486e-06 8.181356044400726e-06 0.002575617733550307 5.340824580332757e-07 1.1893312183764409e-06 1.0736566302335564e-06 0.00030637442487424494 1.9661377231453558e-06 9.422026698273223e-06 7.613523539251721e-06 0.00014801274204446566 0.00035398074941683945 2.64926191239824e-06 6.552072926346111e-07 4.649973075873114e-05 0.0 0.00016031390212452724 0.0 0.00045703689400139783 1.1990183729153367e-05 0.0005384758111754474 2.644628450508605e-05 0.001421680624360186 2.753759839046471e-05 2.1422039546597567e-06 2.1043339364189897e-06 1.7507218374756827e-07 1.1845475036828761e-07 7.580772149720812e-08 4.047483072676816e-05 4.270083940859356e-07 1.5143360847617846e-05 2.9641054358960055e-05 8.618145249574005e-06 0.0001836875121215995 5.3258125515142066e-05 1.000332782759055e-06 0.00014578529372804956 3.216746686089008e-06 1.887505319155507e-06 1.482554423729443e-05 7.307155329279562e-07 0.0 0.0 0.0 5.8204693834438803e-05 1.9156928484392887e-07 3.345124499257681e-07 2.0074297546752847e-07 7.423191955839072e-05 0.0 1.319919930817367e-07 4.1732393067286116e-07 5.443719417166781e-05 3.303079786891284e-06 1.7222214477761638e-06 8.985807082375329e-08 1.901318808103139e-07 0.0 4.371883881483749e-07 0.0 3.3716455516646396e-05 3.279169487137997e-07 2.3963298863700137e-06 3.920744003125158e-07 7.566489648556142e-05 6.965927349386454e-07 0.0 1.6312344878788703e-07
7.124463781440096e-08 0.0003055863082347497 1.4055597207777015e-06 0.0 2.4220905860633166e-06 2.428443700071585e-06 3.773430453839718e-07 4.0145966340669376e-06 8.948773671746842e-06 1.0274990597408374e-07 0.001979900047929711 1.6023698069000602e-06 0.0 2.101020823883719e-06 0.0 2.4183935698690137e-06 1.77479365021554e-06 0.00013240931929253455 2.7909031690499176e-05 3.2037260156134664e-07 0.0 7.295075090587484e-05 5.271856787797887e-07 1.2942985814606209e-05 0.0027817235965009726 0.00053675840720639 0.002240529413492799 3.3962692732104243e-07 1.7336770685233269e-06 2.0663996946566978e-07 0.0003953007657473276 3.472021920600834e-06 5.4854045819052975e-08 0.0006922450097831453 6.96298243573604e-07 4.040638735472763e-05 0.0010274120724919934 0.0006484906791700354 7.266658603292874e-05 1.7085619829262064e-06 6.141482341182674e-06 0.0004763852184935248 6.887313430105813e-08 1.7581956081495675e-07 1.83734030501224e-05 4.146022710031159e-07 0.0 1.911862857997176e-07 6.948811128255339e-07 1.356913802756114e-07 7.744685876624103e-07 3.100591169184371e-07 1.1436290491587869e-07 0.00017231525087414568 1.0185876124096944e-07 0.0007149254761433143 1.3259941962748476e-06 0.0 0.0 1.300598886616734e-07 1.871375947700883e-05 1.9937249640791412e-06 5.1084160629173586e-08 0.0 1.0087670065316105e-06 3.3746857832154694e-07 7.292506765194981e-07 0.00035298927414736725 4.648685784200945e-05 0.00017440739675335195 1.936761492812751e-07 1.4084057216131896e-06 5.708836594074446e-07 0.00010352069258528957 1.9284326752546466e-06 0.0 7.566938201607877e-06 8.968261272471466e-08 6.3725698648605505e-06 0.00026889197229721876 3.534145439130766e-05 3.3569491491526183e-06 1.8481003182697926e-07 7.671382087640764e-07 0.00010033098670734606 0.0
0.0025564143476259353 3.8867240833855976e-07 0.0001052660345916896 3.199058579447899e-05 1.643598821887688e-05 0.00035210742994509233 0.0026587904712961834 0.003576304979878037 2.081545836546372e-05 0.0004308725820001321 3.644709493420697e-05 0.0002574539975284954 2.101020823883719e-06 0.0 3.4642058585496177e-06 5.236626749530787e-06 0.00020268850926634727 1.3902726398991432e-05 8.104712750434951e-05 0.00017197836254633628 7.618930281585609e-05 1.0551045458054813e-06 0.0001011897423181848 0.00033853003436214147 4.6365840499606516e-07 7.241109878396561e-05 5.266141059195474e-05 0.00023737165951325618 0.0033042364560250267 0.0014135742318127308 1.7101310517880075e-06 0.00012205793369273133 1.632012512800665e-05 0.00045550077871673596 1.2008286496770439e-06 6.7231320450262e-05 2.569752350507425e-05 0.00048009492456255534 4.9003076627820285e-05 3.618224463271532e-05 4.577404916769555e-06 5.220372101728707e-07 7.233940514740111e-07 1.1042907749753317e-06 2.3706946059450465e-07 0.0 2.716023010674034e-06 0.0 1.8350051678407755e-06 1.3132912166103393e-05 2.616405339708588e-06 1.0997229046822375e-05 2.8753420708583994e-06 1.1377972989555066e-07 1.8670665097521513e-06 1.2864696292678258e-07 1.7253428150149832e-06 0.0 1.5538393243385038e-06 0.0 2.2076741758493937e-07 0.0 2.400194826337186e-06 9.055636943918588e-07 2.6058316316665863e-06 3.208877032838392e-07 4.283599682654729e-05 0.0 3.3778948526545096e-07 9.193554188852254e-07 2.398851092070138e-05 2.8987009810298807e-06 4.86549963063277e-06 1.0980862780291283e-07 0.0 0.0 8.822214720919342e-07 0.0 8.104080240448597e-06 7.770242236634728e-07 1.7947761909049626e-06 1.3199906807837095e-06 1.8456292327743974e-06 5.021930879428208e-07 0.0 0.0
7.102704283968155e-08 1.0819221454075985e-06 7.021071677426704e-08 3.3502206447782103e-06 0.0001956994519445599 0.000597690207198131 1.0267772142907987e-06 0.00015222406638687715 0.0004883951848971911 3.225143758694044e-06 6.26338324029396e-08 0.0007489792079601303 0.0 3.4642058585496177e-06 0.0 0.0 6.542711773921801e-08 1.2083915806745797e-07 1.0835194184245951e-07 1.398303616952043e-05 4.031705833073884e-07 3.82865775034237e-06 0.0 8.780132609958814e-05 1.7195145676124652e-07 2.1436011343138616e-07 1.5616529534302279e-06 3.879466069542165e-06 1.929344047836032e-06 2.7577622689003614e-07 0.0 0.00010831730414101947 8.620965185936837e-08 6.73673363889861e-06 2.4933275086285856e-05 9.225845060871048e-05 1.8928567932415162e-06 7.330628786818899e-06 1.596647221812993e-06 0.0005834138822601626 4.077385618238081e-06 0.0 0.0 1.140746136734132e-07 0.0 0.0 4.318170199715262e-06 0.0 9.59404455954515e-07 2.079426313284478e-06 1.2894239319113202e-06 2.4328289980277236e-05 4.973682165794961e-06 0.0 1.2602712062905232e-05 0.0 0.0 1.4094236446021998e-06 1.3867099974206924e-07 0.0 0.0 0.0 5.615807930921445e-06 0.0 1.3083447439488966e-07 0.0 6.834984688842071e-06 0.0 2.144781594693438e-07 5.812751970258338e-07 4.005019543063083e-06 9.379129062182503e-08 0.0 0.0 0.0 0.0 5.187426525680532e-07 8.580554364899657e-06 4.053814908409651e-06 7.186047232117718e-07 3.281741455773746e-06 6.573023871657162e-06 8.216231894986014e-06 0.0 0.0 0.0
2.859715105951901e-06 0.00013674200473511107 2.6302869197158994e-05 4.2410631126229747e-08 0.0 5.25847067771922e-07 1.4778729478592628e-05 1.3179421412835862e-06 5.443409001276387e-05 1.1591909644115033e-06 2.0542583510923585e-06 1.9326144328110598e-07 2.4183935698690137e-06 5.236626749530787e-06 0.0 0.0 2.4916425462164177e-05 3.320011607041698e-07 5.8993030997547656e-06 3.9455672120658247e-07 0.0019485046446656995 0.0018914909420384841 0.0021751886908432166 0.0013565721071027508 1.719166178139891e-05 6.588018309228534e-05 0.002069369940091329 0.0010525609775106852 6.31659741276014e-05 0.0001614965266360288 3.7197632502719133e-07 3.020838922269178e-07 2.396755178841968e-05 0.00010031968865480396 1.398570335815992e-05 0.0008766512932381792 0.00027287705555886804 0.00034795334642306804 0.00021229975760465056 1.688787840294171e-05 2.674772500551255e-06 1.0190804746518749e-06 5.830140769596423e-06 4.860823313132392e-06 1.1044679472987999e-05 1.7408251365555645e-05 1.1018430566307777e-06 1.6587164382567196e-07 1.8806133314691005e-07 3.1761233350939615e-05 2.424286284502073e-06 5.106616462262787e-05 1.4580469142080086e-06 4.931741649359263e-07 6.334219165697707e-07 1.0345252443507924e-06 3.8048823125490967e-06 3.412053108240217e-07 0.001244079664438908 7.338040779322732e-07 6.285463277080956e-08 6.374826746654132e-07 1.3328518746886917e-07 0.00012897363756259481 0.0005477286072711502 0.0003639667879279381 0.0002948714311673377 5.917547755586679e-08 2.5630515128891804e-06 0.0002568886904270376 0.00017011659615002778 2.4309799525315407e-05 5.129661804023188e-05 0.0 3.0559031970992565e-07 1.8702917424687665e-06 6.010560424819223e-06 6.866285778414862e-06 0.0002007158294927469 1.272521878545263e-05 1.3687334760303451e-05 9.937617040818834e-06 2.041973888376113e-06 4.6919905923787324e-07 1.3167167517013066e-06 5.300155948202665e-07
3.401133362724172e-05 5.045094892608684e-06 0.0021526511958316315 2.0799622665850944e-07 1.5995354669213554e-06 1.4735950648581545e-05 0.0002149801418316016 0.0002419897826672671 1.3241468488935152e-06 1.2581093941446138e-05 4.576527825785302e-05 1.1132395510924301e-06 1.77479365021554e-06 0.00020268850926634727 6.542711773921801e-08 2.4916425462164177e-05 0.0 5.673783161817155e-05 0.0014609135741286744 8.781348395340563e-07 0.00014430965902815783 4.3857728252209185e-06 0.0037541185196679574 4.366878418848618e-05 3.932318363861373e-07 0.0022946320660231574 0.002309126465096684 0.00011983757546225518 0.00011908555533332035 0.0005061134641394739 3.875151077506281e-06 3.6165631930932473e-06 4.953012725049898e-06 0.0007785195971909078 2.6873447753532576e-06 0.0002656546870834325 0.0007629866388113984 0.000658157151029417 0.00020456484236116445 4.240675854866987e-06 1.8757997025265717e-06 2.4396889999385357e-07 4.1021359210072193e-07 3.9138554232343047e-07 4.1493557612684116e-06 1.6857075256324468e-06 0.0 0.0 0.0 4.81626058682784e-07 0.0 4.785416732543722e-07 0.0 2.1355029728814335e-07 5.0306654518434943e-08 6.009681205305212e-07 0.0 0.0 9.666631141811065e-07 1.5276538604848234e-07 1.7662734467285154e-07 5.079890129208506e-07 0.0 0.0 2.3371201367175363e-07 6.198515459528845e-07 2.8943746916354055e-06 2.740318445023412e-07 1.2020065007178919e-05 2.8947826489611815e-05 1.4152247329068252e-06 3.1893509839186103e-07 5.949880341501434e-07 3.0567974026523765e-07 0.0 0.0 1.2451513267321785e-07 1.2483819830070498e-06 2.511581102385371e-06 1.2365733761874434e-05 2.2384594573566123e-07 8.282955652083874e-07 0.0 0.0 0.0 2.642297605094206e-07
8.011433366056054e-07 2.1807026636774554e-06 1.559128647255749e-05 4.1640989794561415e-08 1.1774949414961424e-05 8.055794900241817e-06 4.593072779353351e-06 2.0299143831252464e-05 2.2054595218060395e-07 1.181684827367815e-06 0.0014626115349222688 3.683824869686486e-06 0.00013240931929253455 1.3902726398991432e-05 1.2083915806745797e-07 3.320011607041698e-07 5.673783161817155e-05 0.0 0.0008980619104488979 1.0111423928665532e-06 2.7691803625898282e-06 1.3551418110284469e-06 2.0059160759158696e-05 2.8161631152857376e-06 1.3646655999791915e-05 0.001327163062978715 0.00019051765567129495 2.4038131245195433e-06 1.568993644937505e-05 8.841752653751617e-06 0.0001804438423636033 1.7392473862829593e-05 0.0 0.0006068198787400178 2.314125212156411e-06 0.00015602968155721924 0.0007518392052109007 0.0005535728808835095 0.00019289566534377696 3.485509326885983e-06 3.607035529582226e-06 1.7023869272682508e-05 2.2407965028935872e-07 0.0 1.6827658669431196e-06 6.758074126221333e-08 0.0 1.2035339230135054e-07 0.0 0.0 0.0 0.0 4.793122274621826e-08 3.3522758524048316e-05 0.0 5.501566450511381e-05 3.2266149184916097e-07 0.0 0.0 1.43007462955268e-07 2.724896629409208e-05 3.1223118632242843e-06 0.0 0.0 8.177347861361806e-08 0.0 4.882273097752491e-08 1.288792065068932e-05 4.321606244447715e-05 0.00010403871933642918 1.1465701212942127e-07 1.9460762579109238e-07 0.0 2.6455620923110634e-05 4.521715936256037e-08 0.0 1.450978435757245e-06 3.630581860247802e-07 9.587442465797784e-06 6.077111410813197e-05 4.265380460130425e-06 1.7620443931004872e-07 8.750875309212616e-08 0.0 1.1750800321679746e-06 0.0
1.024119665788593e-05 9.620249842311634e-06 0.0001705421666939687 1.2955225517476865e-07 1.9459634487253327e-05 1.7738868271444847e-05 4.2015677047800355e-05 9.89956999937147e-05 7.482924095352797e-07 4.398398009663211e-06 0.0009963378674909024 8.181356044400726e-06 2.7909031690499176e-05 8.104712750434951e-05 1.0835194184245951e-07 5.8993030997547656e-06 0.0014609135741286744 0.0008980619104488979 0.0 1.6453515432543683e-06 1.8771109057707374e-05 2.1413596020575814e-06 0.00026048000878633234 1.2138464980848018e-05 8.86569171116871e-06 0.0031045803903194317 0.000797705045685641 2.14737414724046e-05 7.653364113412243e-05 0.00010739266386735328 4.622098906402018e-05 4.1088000663744115e-05 1.407936305004414e-06 0.0019683782633944154 1.638270400196131e-06 0.00045792180981296584 0.0011075352486343637 0.0013455705956093727 0.00029625842190515207 8.780031904023828e-06 4.055632833090712e-06 2.8145718358582537e-06 5.478301620694198e-07 0.0 7.850197158576108e-06 1.304532391430434e-07 0.0 0.0 0.0 1.060399570274487e-07 0.0 1.9407358498664742e-07 0.0 6.712379739169522e-06 0.0 9.256255892150632e-06 0.0 0.0 3.958564668224993e-07 4.829458132219238e-07 1.2097278896649168e-05 1.2992608167254947e-06 1.299116516204464e-07 0.0 0.0 1.1336335510822585e-07 1.056236099155545e-06 4.231535684559646e-06 4.3668043114807896e-05 9.143471233186711e-05 6.428771985032452e-07 1.2953110618903336e-07 3.527909317428765e-07 6.8856762631622135e-06 7.310308015192175e-08 6.255781171280835e-08 6.532498755222461e-07 7.822059110483757e-07 7.785834537031793e-06 2.58818752937312e-05 9.7354586983956e-07 8.787210795050515e-07 2.494646952541997e-07 0.0 1.2303644268014504e-07 0.0
8.19320489170942e-06 0.0 1.1952882143602834e-06 0.0016009104490750587 4.77405451017868e-06 0.0005070601712731176 0.0002195784434580996 0.00047347317750472676 0.0005837005096350896 0.0040275376005375575 2.678865568679402e-06 0.002575617733550307 3.2037260156134664e-07 0.00017197836254633628 1.398303616952043e-05 3.9455672120658247e-07 8.781348395340563e-07 1.0111423928665532e-06 1.6453515432543683e-06 0.0 7.64997142451361e-07 6.74870496031415e-08 1.194416074799702e-06 0.0009262375365258689 0.0 3.3540731679775857e-06 2.6969437671232005e-06 0.0015440833611490594 0.00025661420002956567 4.2577895852093534e-06 4.966290748114945e-08 8.050238041415818e-06 5.394899769314833e-07 8.705120958177188e-05 8.093633814603173e-07 0.0002653153065665792 8.320348364152824e-06 0.00028188398148141266 3.585856915026668e-05 9.073188591686035e-05 1.2496459393344695e-05 2.409376348694566e-07 3.1274683866206914e-06 1.2319487419340224e-07 0.0 5.0669826388519376e-08 5.3592482970264765e-05 0.0 1.808303807112307e-05 8.273821664550327e-05 1.985640908854972e-05 0.00017284735712468842 6.343049961867427e-05 2.601809235022218e-07 7.858759591052555e-05 1.5431192545754942e-06 4.677804348426854e-06 4.928753574429172e-06 5.801836119542809e-07 0.0 0.0 0.0 6.57724031272405e-05 5.17879199788136e-07 0.0 1.3511959348842245e-07 0.00015929152242049262 0.0 1.0853496318229528e-07 5.911562633930206e-07 0.00011286896463290115 3.588748100752793e-06 1.0110621547712583e-06 0.0 1.7933252300410385e-07 0.0 1.5001617197656051e-06 9.93992696856453e-07 2.3989593327443583e-05 6.1133088809312e-08 5.9524740415461604e-06 1.9912471579978497e-06 3.5570689999092835e-05 1.7000639776128816e-06 0.0 7.681102607596121e-08
2.3294509089349775e-05 5.51020502677167e-06 0.0008032110942138502 2.1747670149510895e-07 2.5640043903550704e-07 1.4957242131423943e-05 0.0004953846278162085 0.00010166546098599497 1.1950286985434676e-05 2.310118454608701e-05 2.375160127539166e-06 5.340824580332757e-07 0.0 7.618930281585609e-05 4.031705833073884e-07 0.0019485046446656995 0.00014430965902815783 2.7691803625898282e-06 1.8771109057707374e-05 7.64997142451361e-07 0.0 5.096848851942747e-05 0.008000996352384977 0.0002729822932423397 5.882804928817133e-07 0.00018957982756342203 0.00023040014334198676 0.003598349625679678 0.00016252835155557537 0.004359214635446978 1.4313750030291103e-07 3.729354356609479e-07 4.410787930640239e-05 0.0011094200885038887 2.1884998490197044e-05 0.0015719811780281027 0.00023175455928843176 0.002023891964848277 0.0006878775005734918 4.079734928947584e-05 7.584633557972595e-06 1.4142944708114226e-07 1.0251306620717087e-05 1.2826086506048174e-06 1.2042127889329634e-06 2.120146475413993e-06 0.0 1.9525221135261696e-07 2.7614003488195707e-07 6.3070835216999465e-06 5.248985275003718e-07 9.49520992151523e-06 1.6136558433485195e-06 1.955182713760927e-07 9.077734536016006e-07 0.0 2.988103886026263e-06 2.005875386836966e-07 0.0001345306099982981 0.0 0.0 0.0 2.0956514268584316e-07 2.7855576617041224e-05 5.21803065414601e-05 1.8916557832351556e-05 8.033246743047557e-05 0.0 8.955130395953068e-07 2.2395338939878762e-05 4.718702613517823e-05 6.8470738497625045e-06 1.8382480558298183e-05 0.0 0.0 1.4465424607832356e-07 1.4687530182052423e-06 1.2708792760644849e-05 2.9696275765139726e-05 4.480315375731731e-06 3.922546099112207e-06 6.269169045151862e-06 1.0503762563249237e-06 1.0552095596071119e-07 7.391729131876273e-08 6.484099260060637e-07
2.0364513264306958e-07 0.001511534759985554 1.086038052788075e-05 2.599035082908972e-07 4.2207423244736096e-08 1.0554647725140757e-06 1.7431852609232232e-05 1.000754680240506e-07 0.0010748719888808169 1.3084023914576705e-06 2.293531914369053e-05 1.1893312183764409e-06 7.295075090587484e-05 1.0551045458054813e-06 3.82865775034237e-06 0.0018914909420384841 4.3857728252209185e-06 1.3551418110284469e-06 2.1413596020575814e-06 6.74870496031415e-08 5.096848851942747e-05 0.0 0.00018924710621366303 0.003108128780223772 0.0006055170855717793 4.2406351492654386e-05 0.0029482443538694923 6.327624413374625e-05 4.049911652428479e-06 6.498294199054504e-06 7.689397669390272e-06 2.307190934759857e-07 5.394829961139262e-07 8.737900088403095e-06 8.760996090245658e-07 4.7879497577180224e-05 2.146483927362405e-05 3.3271915786493703e-05 2.127864479284102e-05 1.0707443281539206e-05 5.293344611677681e-07 1.6196707098968453e-06 0.0 2.2054730786363486e-06 2.704893777432156e-05 4.0919010391308046e-05 3.554528207439519e-07 0.0 1.6423975173651788e-07 1.030990864682927e-05 7.870663114685368e-07 6.680606122186949e-05 3.0317966991966614e-07 4.93637596216512e-07 2.468904175787973e-07 1.3957690580632097e-06 1.1782811707373645e-06 0.0 0.0004945734328995383 8.104215329594988e-07 1.7866801526324307e-07 4.6894893943626325e-07 0.0 2.6743874770699523e-05 0.00020357359534790373 0.00021940263463700403 9.622709019523633e-05 2.0559602331061798e-07 3.168483073160538e-06 0.0005052787756076372 4.937689991607731e-05 3.990939597548492e-06 7.552868285338865e-06 5.550698894753817e-07 0.0 4.62478874015276e-07 2.2017019212027963e-06 0.0 5.795894208733946e-05 1.286585403029015e-05 1.1846764476444794e-05 1.0015840678699431e-05 7.842178487589284e-07 6.22111955331198e-08 1.3142406020151867e-07 0.0
2.1512602878266332e-05 1.0406889332550475e-05 0.009425391842303241 1.0885224712319383e-06 7.767052333464005e-07 1.6387061824823968e-05 0.00044381296852590886 0.00011983715996316804 5.0825663722575165e-06 2.238889355928956e-05 1.4565961123745436e-05 1.0736566302335564e-06 5.271856787797887e-07 0.0001011897423181848 0.0 0.0021751886908432166 0.0037541185196679574 2.0059160759158696e-05 0.00026048000878633234 1.194416074799702e-06 0.008000996352384977 0.00018924710621366303 0.0 0.0003602143863236811 7.312542702942723e-07 0.0014015351785645997 0.0035099466270744144 0.002159958189226597 7.332090759199652e-05 0.002197079136167946 1.5647765181808466e-06 1.6301254838087145e-06 1.1512564651487069e-05 0.0013819429032234686 9.423004586893141e-05 0.004475423625988266 0.0035352520056646576 0.004427245390399929 0.002695874042481828 9.926096785549346e-05 2.746899697519307e-05 1.1128747228271736e-06 2.9423692762472075e-05 9.73810513046218e-07 7.092869195991637e-06 5.594834510269321e-05 0.0 0.0 6.577249885118489e-08 8.5295020434076e-06 3.66115164515623e-07 9.265046108703973e-06 1.6220941192997878e-07 0.0 7.356740778600452e-08 2.540878180986597e-07 6.745050977349026e-07 7.937446489617427e-08 0.000495922743794757 9.757047806089887e-07 2.4537362223544947e-07 4.3756848746837013e-07 6.828367654492869e-08 3.077121480047316e-05 0.00019670791381501233 0.00032828483025647433 5.145802279108389e-05 1.0273005401598926e-07 2.5153804515821353e-06 0.000475533631624678 3.495028083039028e-05 3.3282686213148336e-06 6.013874578281136e-06 4.6691772392953347e-08 0.0 0.0 8.916543534493067e-07 2.6811626343720146e-05 0.00014065594412642778 4.146570150287719e-05 1.5016298137863711e-05 2.7160559997872517e-05 0.0 5.723069696247847e-07 5.256562890502092e-07 2.4302750246178253e-06
