0.0 7.154379686805049e-08 2.1043797591292235e-05 2.0932525834288727e-06 5.805172937192937e-07 1.9228141634534934e-05 0.001461494693632277 0.0006378066687655328 3.066890107092761e-06 8.309306696861553e-05 6.26341342411717e-06 2.45860313531056e-06 8.710915369841763e-07 0.0030664727880084404 2.1624970653289623e-07 6.319723507402636e-07 4.537279038112136e-05 1.9462382592416298e-06 5.647834809459876e-06 6.481301113231178e-06 3.528517239425941e-05 1.416964566791255e-07 9.384378772166107e-05 8.500989068859347e-06 0.0 1.6024577922790045e-05 1.4699570129575763e-05 2.0052106637953188e-05 0.0023954643238924375 0.0017449240142097288 9.534828228379068e-08 5.79769675268562e-06 4.7689659339176346e-05 0.00014494609568065442 1.8041715617436948e-06 5.99200374813388e-05 1.95049431586988e-06 0.0001747760909036818 2.921062486445293e-05 7.126808613678851e-06 4.965678686754456e-06 8.98867956329758e-08 6.804148980472232e-07 0.0 0.0 0.0 0.0 0.0 0.0 4.6669703757150024e-07 0.0 2.6892752550051254e-07 0.0 0.0 0.0 0.0 0.0 0.0 2.5230918855666823e-07 0.0 0.0 0.0 0.0 0.0 0.0 9.142993723490426e-08 2.006996290276773e-06 0.0 0.0 1.27702950760748e-07 2.181801799494523e-06 0.0 0.0 0.0 0.0 0.0 0.0 0.0 3.868747179926945e-07 0.0 0.0 0.0 0.0 0.0 0.0 0.0
7.154379686805049e-08 0.0 6.874038566239449e-05 2.745713132291832e-07 1.23892022832469e-07 0.0 6.3469567237646905e-06 1.8431351946217312e-07 0.00017364286140369783 4.971393948559907e-07 7.729211116283308e-05 6.163159179253171e-07 0.0008592937703377333 5.768815685101061e-07 6.683186511907316e-07 5.5803479373018386e-05 3.1296541692375844e-05 2.1441191986723946e-06 4.4461996032360675e-06 0.0 2.0469278387185476e-06 0.0014913662095493046 8.241165841805865e-06 0.00035193572808996776 0.0015554240355334745 0.0003273520282593087 0.0072165794077327745 2.6731063049917282e-05 8.240383609733058e-07 1.7635511193495847e-06 6.250777441054356e-05 9.892241382933748e-08 6.337141993006416e-08 9.4463194403899e-06 2.539638203009828e-07 3.1823481610053585e-05 0.00013063651729613418 4.69149094073769e-05 1.0771627361944049e-05 5.930207913503887e-06 5.500037527275909e-07 0.000341040499675118 1.2300156923687303e-07 0.0 7.40433964272588e-05 0.00014379866509974995 0.0 0.0 0.0 9.269094320800847e-07 5.574206939952041e-08 1.439884539415805e-06 0.0 2.6364338873402706e-06 0.0 8.413479505336395e-06 6.139222720868762e-07 9.302731516344599e-08 6.225775685393307e-06 4.867694523705961e-06 8.885847221212916e-07 9.660309800933483e-06 1.6428191963738624e-07 1.216432054867373e-06 4.1278285872884494e-05 4.384280655833139e-05 4.757826252313902e-06 1.4571196119047634e-05 4.911944225877675e-05 0.0006481097149288658 1.682077966374327e-06 1.152768950858392e-07 3.5188480442495194e-07 2.206428391787805e-06 0.0 1.4647821563856287e-07 3.3341369813813154e-06 6.836862133724407e-07 6.352307909218779e-06 8.35340625991659e-06 1.2273056845696111e-05 3.205683393895893e-06 7.776702099364726e-08 0.0 8.12762988885648e-07 0.0
2.1043797591292235e-05 6.874038566239449e-05 0.0 2.4124991264067242e-06 8.190591742510832e-08 6.142848887425684e-06 0.0007074134270748876 3.237124366262898e-05 3.0887517218809554e-06 2.8729539434046174e-05 1.017376860118694e-05 4.628056184141794e-07 9.352397300391682e-06 7.272944995667358e-05 1.5555462291140734e-07 3.9456474575697916e-05 0.0011792186960857536 8.00659769235611e-06 4.260678514433918e-05 2.0403705797201454e-06 0.0007310062350728026 3.645431791015713e-05 0.007793048811273328 0.00011562819447382371 1.449423544649659e-06 0.003952599391868436 0.0027654508379642887 0.0007368127799512694 3.695963815760336e-05 0.0007423281680030967 9.190860597433104e-07 8.527190696320085e-07 9.350252752403488e-06 0.0006039209767543842 2.4233079075594203e-05 0.0011712912707560134 0.0011091152102354598 0.0010266555116359899 0.0005763056464639096 4.0346358454429635e-05 3.082477855733128e-06 6.733637141353322e-06 7.176221089516958e-06 8.107028874308779e-08 5.3967327609670945e-05 0.00020118334573609876 0.0 0.0 0.0 2.2817471421490026e-06 3.5486679394301445e-07 1.0936988067309294e-06 3.182298767179879e-07 2.0732236479410687e-07 0.0 5.488872660428455e-07 1.8672450938882605e-06 0.0 1.9786747228639465e-05 1.103676372819039e-05 6.4890359228497e-07 3.7969558626217103e-06 0.0 1.9517779965671173e-06 1.867459005225118e-05 0.0001142733255215588 6.819513525164782e-06 7.171227243055466e-07 1.677571488752343e-05 0.0005357123196590183 3.7708963867601786e-06 2.0748792253484357e-07 2.431603105331207e-07 9.854918691267287e-08 0.0 0.0 4.37342376044302e-06 5.897361406065638e-06 1.6602473422592596e-05 3.2472415455708408e-06 1.922716239063413e-05 8.282955429798279e-06 6.312636292551265e-07 2.9388734041659254e-07 0.0 2.242092543492524e-07
2.0932525834288727e-06 2.745713132291832e-07 2.4124991264067242e-06 0.0 2.102725659075131e-06 6.31935487735015e-05 0.00026829105579210914 3.822140358642688e-05 0.00017487115970525637 0.0018391643660542808 2.6935805645903753e-06 0.0006222118705916518 1.0837543239387932e-06 2.893061040886659e-05 4.3249754422370914e-05 1.2857559763877988e-07 1.8002816297494322e-06 1.0140019150337755e-06 1.5572328270163067e-06 0.002195094986426508 4.107179128109842e-07 8.577600383657002e-07 1.9680266734312886e-06 0.0010041171318520554 1.0756141387837282e-06 3.8034093439288894e-06 2.1266659825139283e-06 0.0023981984238939753 3.413085225385336e-05 1.0621119366048997e-05 0.0 2.4265631960540476e-06 2.091762932610072e-06 2.589402988953529e-05 7.65202246869853e-07 0.00025685270695678333 1.3232440256754313e-06 8.336723438954733e-05 2.0438651990529633e-05 0.00014465322649366073 1.1124808250555493e-05 2.8081160637668475e-07 7.826455119847444e-07 0.0 0.0 0.0 2.6743208773393824e-05 0.0 1.07161093519054e-06 9.391415569835465e-06 2.4942258936561816e-07 1.1772713489482948e-05 4.333334113619277e-06 0.0 9.460612368343788e-06 0.0 1.420446176390252e-07 2.3061495573640225e-06 2.2961956611044036e-06 0.0 0.0 0.0 1.0449633534385195e-05 6.845184125544281e-07 2.674063970509716e-07 1.3061133159331374e-07 6.47795964383354e-05 0.0 0.0 8.877703453525205e-08 2.9612050374271585e-05 5.056773078410018e-08 1.0579922532214515e-06 0.0 0.0 0.0 0.0 5.073309468353067e-07 1.7216271683330444e-05 0.0 2.45626568383136e-07 1.8677589263823761e-07 1.8283071697039525e-05 0.0 0.0 0.0
5.805172937192937e-07 1.23892022832469e-07 8.190591742510832e-08 2.102725659075131e-06 0.0 0.00044607126634593774 5.778241917072951e-06 4.4207837468253456e-05 1.593705932249526e-05 1.3597377907034166e-05 2.5127495132793817e-05 8.646496095605882e-05 8.246371607041153e-06 4.516221063089348e-06 0.0008413951049819233 7.843125315226575e-08 9.010806469925305e-07 4.46605199795042e-06 5.32891628991999e-06 1.0223108610198258e-05 7.68135022670047e-08 4.824150169631308e-07 4.5573054414988294e-07 6.886575675717609e-06 0.0 1.05157005374175e-05 2.5843516477479977e-06 2.390217138886191e-06 3.941805646875995e-05 9.179818941456414e-07 5.253390867056788e-07 9.19436936364976e-05 8.433235540517202e-08 0.0001838764224158453 7.601319241271811e-06 9.816307365748102e-05 3.9011915058939024e-07 0.00014398261420540427 1.3062884429207059e-05 0.0011987858380578926 0.00018070787489219014 2.3309652194852257e-06 2.6329743536762703e-06 0.0 0.0 0.0 0.0 0.0 0.0 0.0 0.0 2.9494065994855125e-07 0.0 0.0 0.0 0.0 0.0 0.0 0.0 0.0 0.0 0.0 0.0 0.0 0.0 0.0 1.0019410814928448e-06 0.0 3.015082702296633e-07 0.0 5.601359555215483e-07 0.0 0.0 0.0 0.0 0.0 0.0 3.139563429808727e-06 9.513802175566373e-07 0.0 5.453967962481102e-07 2.3939139515742324e-06 0.0 0.0 0.0 0.0
1.9228141634534934e-05 0.0 6.142848887425684e-06 6.31935487735015e-05 0.00044607126634593774 0.0 0.0005822370047117722 0.004715159814367506 3.777057638172131e-05 0.0021149780466988605 0.0001036890552190956 0.002467124532625851 3.1918896010272795e-05 0.00037357347850045745 0.00129848073137229 1.7210400100675648e-07 8.107404035714591e-06 2.0729432021454128e-05 2.2083602664337226e-05 0.0002867612517997631 1.8800964507303392e-06 7.11281614759744e-07 9.479379426357394e-06 7.431240789703187e-05 3.8904690602463924e-07 4.787725496668667e-05 1.4337449368209107e-05 0.00016931701710625987 0.0002532160288606188 3.76585446804713e-05 1.255581626290691e-06 0.0002920240072541172 5.6424357718857566e-06 0.00029404775140186084 3.46122387778826e-06 0.0004001943620636264 7.125079955352297e-06 0.00043714186499225875 4.665216539992551e-05 0.0016066225716377057 0.00016024361276485773 8.207640081469721e-06 4.215675132542935e-06 0.0 0.0 5.4375519581913937e-08 7.800734575902249e-07 4.8213508500389306e-08 5.684986893309466e-07 4.498931842954212e-06 0.0 3.382547309437962e-06 1.3314819594292705e-06 9.316595093653018e-08 1.5573211955008597e-06 0.0 0.0 3.6239869016826487e-07 6.508915329781707e-07 0.0 0.0 0.0 2.1943343737139437e-06 2.1759663678509498e-07 7.515786678572386e-07 1.210990521314578e-07 1.8265442717042397e-05 0.0 5.7191943511413584e-08 2.1259415379090736e-07 1.2004916704366281e-05 5.632054051382854e-08 6.346052336353741e-07 0.0 0.0 0.0 7.165365073868155e-08 1.1914301834508852e-06 6.1392076687381815e-06 1.9091254066750292e-07 5.917512175130707e-07 1.7164738701319582e-07 3.070416504235671e-06 8.408987327238463e-08 7.17439949134711e-08 0.0
0.001461494693632277 6.3469567237646905e-06 0.0007074134270748876 0.00026829105579210914 5.778241917072951e-06 0.0005822370047117722 0.0 0.0010612912745023451 0.0005800881197401622 0.006943620969915079 2.32635203281275e-05 0.00015010976139571565 7.225977802401885e-06 0.0030986007077176653 2.5881652007741283e-05 1.620648927759848e-05 0.00018941361135205775 8.317760307320744e-06 2.0167871971929627e-05 0.00019985680235677715 0.0001793712572682328 6.417686992213977e-05 0.0005235620755599377 0.0020305620924196597 1.117761897638309e-06 0.00032749280760136477 0.00013527785028347 0.009909716839974781 0.0014776002652902279 0.006332226372373382 1.0993088723505772e-06 2.021799517437246e-05 0.0002851108511579515 0.00041761831195573265 5.7599257237354595e-05 0.002572738397032149 5.342196264420576e-05 0.0010664416609146798 0.0004046649328810826 0.000433635708507415 8.038462165795158e-05 1.3779510413583874e-06 2.435734622451727e-05 9.238739086158506e-07 8.805386245540955e-07 5.860307369032212e-07 8.643445897491504e-06 2.2907568350516343e-07 2.700646731571976e-06 0.00011675717064037513 2.2245740098769026e-06 0.00014633139262868188 2.2056914546208726e-05 0.0 6.8988751341847675e-06 5.842116814290505e-08 1.8721863638383759e-06 6.530784482406933e-06 3.07688469550821e-05 5.839219396871089e-08 0.0 4.8949701301010316e-08 1.9172344390993576e-05 1.1244509593075561e-05 4.559814403294911e-06 9.586844738503312e-06 0.0007255355183111153 1.126389307232884e-07 1.8030335877109154e-07 1.2014759287059603e-05 0.00032448763014861535 2.633746575846806e-06 2.377814175439767e-05 0.0 1.399987835322194e-07 1.6376913482806322e-07 1.8698553593483686e-06 6.7146220233644884e-06 8.932410895345124e-05 1.211826613018342e-06 7.8566497016404e-06 3.028643400602116e-06 5.301334373059991e-05 4.388857228668847e-07 0.0 0.0
0.0006378066687655328 1.8431351946217312e-07 3.237124366262898e-05 3.822140358642688e-05 4.4207837468253456e-05 0.004715159814367506 0.0010612912745023451 0.0 3.2956022369117884e-05 0.001687536570777571 0.00014546465648022366 0.000265646990447097 2.7029885652773065e-05 0.005595562221412986 0.000306717119515451 5.746459151079804e-07 7.10515574125681e-05 3.925342870327139e-05 4.9554931697534594e-05 0.00017481135906781205 2.979289949049362e-05 1.6829988970028278e-06 9.98716983359281e-05 9.593515347186512e-05 2.489571191002325e-07 9.332064915952565e-05 3.75280389099877e-05 0.00012192430746464398 0.001047556419045613 0.0004430662573369671 2.496585334744291e-06 0.0006393820175517414 3.065155220338972e-05 0.00039807672395350443 3.7050666038932195e-06 0.0003657430738051369 9.215804485185986e-06 0.00048681908823088206 6.0033480441472094e-05 0.000850070366861332 0.00018983805008629533 4.976611717045314e-06 3.1984146274340654e-06 5.5030993566534426e-08 0.0 7.61426386952784e-08 4.5583798481396883e-07 0.0 0.0 3.471771830944947e-06 5.440904549528268e-08 6.919857831681829e-06 1.6768770746390843e-06 0.0 2.759264052205915e-07 7.69074289744377e-08 0.0 6.722023323914559e-08 3.8762657113042395e-07 0.0 0.0 0.0 6.216244465203003e-07 0.0 5.633619692702391e-08 0.0 2.0687318218181396e-05 0.0 4.552703672432443e-08 2.9836298314479907e-07 1.1116407101637022e-05 0.0 3.5577187981049147e-07 4.2942194297071664e-08 0.0 1.7454781799785834e-07 3.034594830964206e-07 6.993290145133418e-07 7.675979182322271e-06 7.66482113523575e-08 3.6465502651624344e-07 2.88692201137927e-07 4.440719234715505e-06 0.0 0.0 0.0
3.066890107092761e-06 0.00017364286140369783 3.0887517218809554e-06 0.00017487115970525637 1.593705932249526e-05 3.777057638172131e-05 0.0005800881197401622 3.2956022369117884e-05 0.0 0.00011214709384166864 3.5955756363635165e-06 0.00021088291812107625 1.6880951399381424e-05 2.9696893889986057e-05 0.0002550744350930844 0.00024851268298269215 1.6183580833430563e-06 7.737210229307656e-07 1.3483264511035699e-06 0.00016658749719809253 0.00014737231701755294 0.0022101964629218313 3.437998216639005e-05 0.007524186625910188 2.9070038396458486e-05 3.0830015091931e-05 0.00020720077849006852 0.0011652042960836086 3.1401861795354215e-05 9.406540221785471e-05 3.4667127612002104e-06 2.2256384183872293e-06 7.330123717553641e-06 1.7090756832069184e-05 2.288396318811341e-06 0.0001274022162273193 2.4377160282600816e-06 4.823697489360611e-05 1.0971362075631928e-05 0.00025796205394433997 3.973942973338888e-06 5.4887235791987475e-06 9.075760141098979e-07 4.82520695790243e-07 1.748065937873256e-06 8.763267825784485e-07 9.942044013449551e-06 4.184339818206302e-07 2.2683382561167324e-06 9.779663129248001e-05 2.4933908888763412e-06 0.00012701316470677292 2.253113775501629e-05 0.0 5.846894398206425e-06 3.8375613313635017e-07 2.676094073648977e-06 6.48653398878195e-06 0.0005230447239553856 1.0125861358026478e-07 5.885412878841012e-08 1.055376172522156e-07 2.3892625512856248e-05 5.2354680048046345e-05 3.3603761045782854e-05 0.00011698065097685864 0.0010410870009969642 6.018283638825815e-07 7.459897874443183e-07 3.979543950783447e-05 0.0003874141460501999 4.339334600742713e-06 3.929957055046907e-05 0.0 5.5599953115532855e-08 1.6713303488243986e-07 1.6478458349769802e-06 2.443649596969824e-07 4.9398146978882993e-05 2.6258962462271622e-06 9.480563068852573e-06 3.7978297847714936e-06 4.0961521157843765e-05 5.632991591935432e-07 0.0 0.0
8.309306696861553e-05 4.971393948559907e-07 2.8729539434046174e-05 0.0018391643660542808 1.3597377907034166e-05 0.0021149780466988605 0.006943620969915079 0.001687536570777571 0.00011214709384166864 0.0 3.1759067885015574e-05 0.002673592825232063 5.003580183067839e-06 0.001304978087937134 7.951894968649281e-05 1.3447128842315538e-06 2.2201949368077848e-05 1.1006498796521748e-05 1.6670013776508764e-05 0.0026252748428048553 1.1993059588620805e-05 4.714557013595179e-06 3.015228244156741e-05 0.00038316880068052126 3.008555782994177e-07 4.5248745258972195e-05 2.096423220758005e-05 0.003424008026945138 0.00047984652392389534 0.00017797837025589254 8.135619368281824e-07 2.8965135283799386e-05 2.8333617463454835e-05 0.000239120068488682 1.004330504808419e-05 0.0008503449183744955 1.1561812249132381e-05 0.0006379576240757477 0.00014965147356481813 0.0002247031624605444 5.730485825006346e-05 2.047190893927622e-06 1.346048886778212e-05 0.0 0.0 0.0 7.614438067725183e-06 7.454084244060687e-08 3.7731647773691435e-07 1.2361210900170968e-05 5.179467483730868e-07 1.6185007246466138e-05 5.2074840151657345e-06 0.0 1.3028303469784588e-05 0.0 1.1056344360532537e-07 2.307673008770108e-06 3.0116662649700076e-06 0.0 0.0 0.0 4.545221488262022e-06 1.4099038462010109e-06 5.80418626924858e-07 8.837051400087309e-07 8.856153699576993e-05 0.0 5.645355724337997e-08 9.077909778402443e-07 4.0450291544383674e-05 1.5653652330136875e-07 2.456223682265735e-06 0.0 0.0 0.0 0.0 1.5369556942163111e-06 2.6275120614460997e-05 7.502059574960941e-08 9.98453605643791e-07 5.606612026788181e-07 1.5399435617561703e-05 1.093295259737884e-07 0.0 0.0
6.26341342411717e-06 7.729211116283308e-05 1.017376860118694e-05 2.6935805645903753e-06 2.5127495132793817e-05 0.0001036890552190956 2.32635203281275e-05 0.00014546465648022366 3.5955756363635165e-06 3.1759067885015574e-05 0.0 2.506502487089423e-05 0.001948186047234648 0.00010003293646245445 1.4670517045489534e-06 2.6793603310502328e-06 0.0002602174063299122 0.0017823102738056885 0.001326460548447584 1.6498665085607156e-05 3.7520501657621103e-06 1.3670250038730322e-05 2.402534492358958e-05 1.1231961896095122e-05 0.00038074512256902783 0.0023287875331564015 0.00046419086552851075 8.328919455064886e-06 0.00012919691635949825 9.477735049759918e-06 0.0004251334985012286 0.00011358363866018252 4.769696203179068e-07 0.0032246143933511973 7.478318040882769e-06 0.0005324853131210785 0.0029393712527295925 0.0032417611538717228 0.0004061421000764797 7.443340496666235e-05 6.973323898473396e-05 0.00043867696816787013 5.5479793911214895e-06 0.0 4.8360584688990195e-06 7.938101277017621e-08 0.0 2.41699390605903e-07 6.28364375444389e-08 2.2463909548385762e-07 8.116903793969805e-08 1.1572979313371157e-07 4.4710172194659854e-08 0.00015022920404053212 0.0 0.0004670343779369145 9.27429491824261e-08 0.0 0.0 4.837306265411126e-08 7.740400370642955e-07 4.885799395881619e-07 9.765353020833076e-08 0.0 6.012151896809801e-07 7.556940522015153e-07 1.2369642675231037e-06 3.590197181283072e-05 3.6054221979047025e-05 0.00011231089961014923 7.675850509364498e-07 1.0087071907650133e-07 0.0 5.938420988091183e-05 8.248852434380443e-08 0.0 2.012118533844949e-05 7.805195515728134e-07 3.2912648630707934e-05 0.00012230071423218185 9.613396174967443e-06 2.517507231208151e-06 4.5931944530426865e-07 2.4912511359099285e-07 0.00011815459650968337 0.0
2.45860313531056e-06 6.163159179253171e-07 4.628056184141794e-07 0.0006222118705916518 8.646496095605882e-05 0.002467124532625851 0.00015010976139571565 0.000265646990447097 0.00021088291812107625 0.002673592825232063 2.506502487089423e-05 0.0 4.426379153098112e-06 0.00017416317052432206 0.0011083617410890625 3.858237763520632e-08 1.719846759871205e-06 7.2870285377333445e-06 9.427855861737934e-06 0.002839190001956433 1.7687802200959713e-07 6.870944607076823e-06 7.248651934024052e-07 0.0005749780306811047 5.299829672072567e-08 1.7985827570622976e-05 5.9486872329331785e-06 0.00036863878410850904 0.00012126847531700916 5.694096961870684e-06 6.266766886562753e-07 2.2135494009481994e-05 6.527353561917122e-07 7.243719794234892e-05 1.8007284771233327e-06 0.0005440443360212818 2.3209693098882426e-06 0.00020655467674633786 1.8819928736063475e-05 0.0009846811085852424 2.129704705144498e-05 9.950521615890504e-07 7.990302112958875e-07 0.0 0.0 1.0554270656748243e-07 2.015946517846219e-05 0.0 1.7936297377392413e-06 1.078702851674565e-05 9.193929058223746e-07 1.0616505927265105e-05 4.338406261766314e-05 0.0 6.262792526085063e-05 0.0 2.6089655461824607e-07 2.4497440892789552e-06 6.131565691055343e-06 0.0 0.0 0.0 7.256762560341871e-06 7.556642147664432e-07 4.7262063169418995e-07 6.145871713107182e-07 5.089249191996849e-05 0.0 4.1049608615665806e-08 0.0 2.8723592402390647e-05 1.4324227438977563e-07 2.0519875323654643e-06 0.0 4.554480812667076e-08 0.0 9.705929908952188e-07 0.0 2.8855609723051955e-05 1.758102350101067e-07 1.2686341072216776e-06 4.626127149231774e-08 2.143950540647932e-05 1.1378911597357825e-07 0.0 0.0
8.710915369841763e-07 0.0008592937703377333 9.352397300391682e-06 1.0837543239387932e-06 8.246371607041153e-06 3.1918896010272795e-05 7.225977802401885e-06 2.7029885652773065e-05 1.6880951399381424e-05 5.003580183067839e-06 0.001948186047234648 4.426379153098112e-06 0.0 7.831985455477188e-06 6.8155604691807756e-06 1.6925418818693297e-05 6.190785834608172e-06 3.1565038038687394e-05 1.169261967435803e-05 3.318366788440265e-06 1.1515524204781107e-05 9.901915940922177e-05 1.843238845570563e-05 3.3755840341280114e-05 0.0040214835272849 0.00028885377397227727 0.0016054963297518876 1.2167719351934965e-05 9.472472619295818e-06 7.190586770743297e-06 0.00047913083097541893 1.236459020943202e-05 0.0 0.0001710036958567984 0.00010530387430168693 0.0012172100056645622 0.004024752874171272 0.0016851560282229627 0.0003265019334124956 8.850153187340513e-05 7.499892935342092e-05 0.00042196044471262754 2.201269785709494e-05 0.0 3.925928309133906e-05 9.717160893735066e-07 0.0 1.7928323240467223e-06 9.088257765024585e-07 2.5682872025269186e-07 1.3569402290241e-06 1.1638415665092996e-07 1.1924285289605715e-07 0.0004213523955535215 0.0 0.0012944998006552968 2.5879222673913363e-07 8.783883123375806e-07 5.438729610833254e-06 5.300763955777285e-08 5.823770303623375e-06 3.6918326027430803e-06 0.0 1.5671028908348942e-06 1.3975604948421219e-06 8.120212947588872e-07 7.10740385504493e-07 0.00014898381295777507 0.00017778377386322186 0.0005074488906767771 6.6256521363491e-07 5.420838128898799e-07 5.77806874301692e-08 0.0001918320784755876 9.03548658831693e-07 0.0 7.348812015568657e-05 4.84168815565364e-05 0.00017715768361514743 0.00032185880565478367 8.395037766007472e-05 3.271444238318705e-05 9.355207661875472e-06 1.4445572206546188e-05 0.0002953484255719423 6.75839277937612e-07
0.0030664727880084404 5.768815685101061e-07 7.272944995667358e-05 2.893061040886659e-05 4.516221063089348e-06 0.00037357347850045745 0.0030986007077176653 0.005595562221412986 2.9696893889986057e-05 0.001304978087937134 0.00010003293646245445 0.00017416317052432206 7.831985455477188e-06 0.0 3.2851348055906653e-06 3.4514430260955373e-07 0.00015215654088109035 3.36263365145345e-05 5.461464184842963e-05 0.00017675374082287498 7.271319377336365e-05 1.695975724889602e-06 0.0002361576630128422 7.474082917546027e-05 4.4574691247693204e-08 0.00010622775668399306 6.379314572573197e-05 0.00013400756068909097 0.005374338499416214 0.0015235682614489663 2.1655496028803184e-06 0.0002485743491445514 8.295103975353099e-05 0.0005092893444653946 7.184737597556108e-06 0.0003561336003425336 6.5543143920047914e-06 0.0004974246114589645 7.28520431525043e-05 0.00016055562624505885 2.705577223710031e-05 2.3748784763243274e-06 4.604383930672989e-06 0.0 4.89506391162368e-08 1.0526756178220419e-07 8.655526786152199e-08 0.0 1.1716277087587557e-07 4.141981404077938e-06 6.414823739520978e-07 4.070848201550828e-06 1.5620178918725151e-06 3.4815260196482806e-08 3.0692187336914407e-07 1.349620133855252e-07 7.350051890877425e-08 3.0267239321921885e-07 9.657374231307176e-07 0.0 0.0 0.0 4.373352749387983e-07 7.116205505999888e-08 1.3369335342756417e-07 3.261632441862639e-07 2.0817092814549206e-05 0.0 0.0 4.7593259875893226e-07 1.3606522967090285e-05 1.0363172950546333e-07 1.575171876587095e-07 0.0 1.751327635687511e-07 0.0 1.6010640132513515e-07 7.113329827058944e-07 7.838948678599096e-06 0.0 3.215648222177357e-07 2.9784519534629706e-07 2.5139109923363024e-06 0.0 0.0 0.0
2.1624970653289623e-07 6.683186511907316e-07 1.5555462291140734e-07 4.3249754422370914e-05 0.0008413951049819233 0.00129848073137229 2.5881652007741283e-05 0.000306717119515451 0.0002550744350930844 7.951894968649281e-05 1.4670517045489534e-06 0.0011083617410890625 6.8155604691807756e-06 3.2851348055906653e-06 0.0 0.0 5.9429821772256524e-08 1.4197034188830456e-07 2.2630778268483026e-07 0.0001319222057929887 2.2148004723581636e-07 9.012503923333076e-06 3.208572112000007e-07 0.00028771643379272075 1.5797009041527764e-06 4.807722785993664e-07 1.3815026496428457e-06 4.952540996088947e-05 3.496166688703372e-06 1.583282079122304e-06 0.0 0.00014688715203205226 1.7640807455938535e-07 2.6617980418798386e-06 5.28677682229375e-06 0.00026713486134753267 3.437726526466804e-05 1.1662076217452994e-05 1.912090860823366e-06 0.0006856491433183332 2.0113081939979564e-05 2.7996629936304855e-05 3.2897851527010017e-06 0.0 0.0 0.0 3.166900233552217e-07 0.0 7.660632750412507e-08 2.861010153127866e-06 0.0 1.3215524895285842e-06 4.3491654352402677e-07 0.0 1.0022634898111903e-06 7.970252251242605e-08 0.0 1.4841270478776664e-07 3.156658553583284e-06 0.0 0.0 0.0 9.069797362780255e-07 0.0 9.437521383739318e-07 2.8850690219047703e-07 1.5754878822564653e-05 0.0 0.0 2.0841932608735856e-07 6.351719455669595e-06 0.0 5.362772298552821e-07 0.0 8.337433202631184e-08 0.0 2.1164140885992437e-06 7.367647894309015e-07 1.2775528477429924e-05 1.8973462041477007e-06 1.935803024412124e-06 1.8780182404166974e-06 6.578930809591451e-06 3.7737974298752816e-07 2.6336740894004507e-06 0.0
6.319723507402636e-07 5.5803479373018386e-05 3.9456474575697916e-05 1.2857559763877988e-07 7.843125315226575e-08 1.7210400100675648e-07 1.620648927759848e-05 5.746459151079804e-07 0.00024851268298269215 1.3447128842315538e-06 2.6793603310502328e-06 3.858237763520632e-08 1.6925418818693297e-05 3.4514430260955373e-07 0.0 0.0 2.0703167864476474e-05 6.99293997513002e-07 1.2406287314717012e-06 2.825177669475862e-07 0.0012046690711598543 0.003077412185962664 0.0021842624550953535 0.0005724139650283141 1.0229769476197664e-05 4.874942387875195e-05 0.003049356016378184 0.0007851930740083422 1.2537561552186322e-06 0.00010320293036597692 5.122618733505392e-07 4.0514194599601505e-08 2.217536930862974e-07 7.571241541077815e-05 2.4643324451172344e-05 0.0016119063013845351 0.00019212217321275 0.00036787734019147456 0.000293530890056895 7.360503610458179e-05 3.213917442975782e-06 9.778070678184727e-06 9.564776204006592e-06 7.85175478487552e-08 7.756124235904205e-07 2.340608820546182e-06 1.2480195473260176e-07 0.0 4.280403567181817e-07 1.0017947823175122e-05 1.7779182288802825e-07 5.4820538863568594e-05 8.060490558857253e-07 0.0 0.0 5.8118814944319406e-08 5.1910441260171e-07 5.893340752830976e-08 0.0007861712624550066 5.466611124342902e-07 0.0 2.406160609866966e-07 7.056538483681852e-08 0.00010556973402561418 0.0003697862808720935 0.00022349563684080694 0.00010606705377528716 0.0 1.5313836356187714e-06 8.486579224383673e-05 0.00013448797741407817 3.5525669749027564e-07 2.181992926237682e-05 0.0 0.0 0.0 6.585082540020703e-06 3.320107583429981e-06 8.975651430639656e-05 2.390103474895958e-06 2.593089484104514e-06 1.809615292687816e-06 3.4986423247056518e-06 0.0 0.0 0.0
4.537279038112136e-05 3.1296541692375844e-05 0.0011792186960857536 1.8002816297494322e-06 9.010806469925305e-07 8.107404035714591e-06 0.00018941361135205775 7.10515574125681e-05 1.6183580833430563e-06 2.2201949368077848e-05 0.0002602174063299122 1.719846759871205e-06 6.190785834608172e-06 0.00015215654088109035 5.9429821772256524e-08 2.0703167864476474e-05 0.0 0.00025257633993860804 0.002369076503157753 3.5193270127759055e-06 0.0004924588115507632 1.5216351161850581e-05 0.0028159714605355732 1.28193141835504e-05 2.0578455108136045e-06 0.0043756943510998 0.0026732452121975762 4.9462206696330606e-05 0.00016162228042653824 0.0008382044948528039 3.1714979492163904e-06 5.234004958901309e-06 2.8127928074328746e-05 0.002157826198605655 7.513619701497013e-06 0.00034627092627641937 0.00022036839789225907 0.0008862400319210316 0.00011359524358995814 1.715334946904604e-05 1.4724266610684938e-06 4.859471320321829e-06 1.296348501273179e-06 0.0 6.376715437292546e-06 1.1369050191653453e-05 0.0 0.0 0.0 1.6739910758067356e-07 7.55591371243997e-08 2.853380245401665e-07 0.0 5.6712908278504966e-08 0.0 2.7974445897502663e-07 0.0 0.0 2.6534850240491834e-06 1.0447377653211136e-06 2.382295998331077e-07 2.3643361461350865e-06 0.0 5.909996272775179e-07 1.1514295859106142e-06 8.281417334348568e-06 1.5182998104700894e-06 4.869956518336604e-07 8.506637981218504e-06 5.347047516273077e-05 3.70666908683268e-07 0.0 1.6235534109695493e-07 5.005991364873842e-08 0.0 0.0 3.351976891326142e-07 9.267398091653954e-07 2.090116980561494e-06 3.5671048374351115e-07 1.3933878645298988e-06 5.537095276331103e-07 5.3944038251640646e-08 0.0 0.0 0.0
1.9462382592416298e-06 2.1441191986723946e-06 8.00659769235611e-06 1.0140019150337755e-06 4.46605199795042e-06 2.0729432021454128e-05 8.317760307320744e-06 3.925342870327139e-05 7.737210229307656e-07 1.1006498796521748e-05 0.0017823102738056885 7.2870285377333445e-06 3.1565038038687394e-05 3.36263365145345e-05 1.4197034188830456e-07 6.99293997513002e-07 0.00025257633993860804 0.0 0.0009352833166420152 5.451979419467247e-06 2.4151151992581936e-06 8.303752451652226e-07 1.495171402721778e-05 3.0070187313053508e-06 1.593232663599282e-06 0.0021776663205500357 0.0002997159743712414 2.914659042485339e-06 3.9964738436792276e-05 6.622887574778803e-06 0.00010845773997481921 2.8422213601673116e-05 1.0352515602616843e-07 0.0005155486587639013 3.6017101054991217e-06 0.0002649859774118358 0.00027133661040267963 0.0007139606792257859 8.273411128851325e-05 1.927254500773749e-05 3.5500727317046437e-06 4.592454057731155e-06 8.737120713248189e-07 0.0 2.7770859160744797e-07 1.1858715132447793e-07 0.0 0.0 0.0 0.0 0.0 4.654879622336825e-08 0.0 1.050680931922254e-06 0.0 3.8042607173121493e-06 0.0 0.0 6.210291300471331e-08 0.0 0.0 8.981314378443508e-08 0.0 0.0 0.0 6.640597418776714e-08 2.0025606832337378e-07 2.6273632835348734e-07 4.389468201555209e-06 7.119394395606914e-06 0.0 0.0 0.0 1.4502538838968455e-06 0.0 0.0 0.0 1.3516376922443926e-07 4.369491771948349e-06 1.0228295422933364e-06 3.1964352134039907e-07 0.0 2.1525386447975606e-07 0.0 2.2596772068153088e-07 0.0
5.647834809459876e-06 4.4461996032360675e-06 4.260678514433918e-05 1.5572328270163067e-06 5.32891628991999e-06 2.2083602664337226e-05 2.0167871971929627e-05 4.9554931697534594e-05 1.3483264511035699e-06 1.6670013776508764e-05 0.001326460548447584 9.427855861737934e-06 1.169261967435803e-05 5.461464184842963e-05 2.2630778268483026e-07 1.2406287314717012e-06 0.002369076503157753 0.0009352833166420152 0.0 7.422963968008751e-06 1.6337858120612182e-05 1.818753313243867e-06 0.00012621042681747362 5.817768890456448e-06 1.1070085158600641e-06 0.002355922156368017 0.00039815861462456524 5.574860410779034e-06 6.464216479253462e-05 3.499380034883461e-05 1.6531689448329744e-05 3.199359074466054e-05 9.610246504871668e-07 0.001710773755043013 4.293005881108436e-06 0.00041965741116210895 0.0002630785650953622 0.001026773153010468 0.00011137011677135849 2.792592871344498e-05 1.1367930997468678e-06 1.2500862488025908e-06 2.422059595445135e-06 0.0 1.1038419062315141e-06 1.0599606449796798e-06 0.0 0.0 0.0 6.078493730714333e-08 0.0 6.761911469953733e-08 0.0 7.419062181873068e-07 0.0 2.2371590075750926e-07 0.0 0.0 2.5088843772766635e-07 0.0 9.56391266453082e-08 1.190171046829973e-06 0.0 0.0 0.0 2.603489333085851e-07 9.268782212754341e-07 0.0 5.464757938672744e-06 1.0670607553790014e-05 9.784227042755324e-08 0.0 0.0 2.936346090228361e-07 0.0 0.0 0.0 1.2589745162149139e-06 3.1431607438327594e-06 4.472257725347586e-07 3.627078631277863e-07 1.612416874774543e-07 0.0 0.0 0.0 0.0
6.481301113231178e-06 0.0 2.0403705797201454e-06 0.002195094986426508 1.0223108610198258e-05 0.0002867612517997631 0.00019985680235677715 0.00017481135906781205 0.00016658749719809253 0.0026252748428048553 1.6498665085607156e-05 0.002839190001956433 3.318366788440265e-06 0.00017675374082287498 0.0001319222057929887 2.825177669475862e-07 3.5193270127759055e-06 5.451979419467247e-06 7.422963968008751e-06 0.0 2.1698745320309757e-06 3.9219181641384764e-07 4.3989791056855305e-06 0.0006349686187502041 1.0403147030281997e-07 1.590852593126734e-05 5.388263295544703e-06 0.0015965544986383596 0.00017273080813805534 1.7500183930508955e-05 4.499904204311472e-07 1.740791325173328e-05 4.995914626591292e-06 0.00010955368608505018 2.592883262852513e-06 0.0006147112724702703 8.525331660095528e-06 0.0003590665259793103 7.932060826409021e-05 0.00030437566002586395 3.6211805645641165e-05 8.719680646122461e-07 7.183432664945624e-06 1.0709142012598668e-07 0.0 0.0 1.0451375524206444e-05 7.825118478095348e-08 9.256344271546707e-07 1.2242891194914305e-05 6.837439105903918e-07 1.406154881176594e-05 5.477557441003452e-06 2.4246857174380057e-07 1.8971853150787486e-05 0.0 1.3140626144885245e-07 1.7116501331503745e-06 1.6871673954345757e-06 0.0 5.939662546758661e-08 0.0 5.10352627911363e-06 1.4042980968857528e-07 9.873951239278032e-08 4.2407641972320076e-07 6.324298551481811e-05 0.0 0.0 1.1246380648245887e-07 2.6079107339939656e-05 1.042999562075988e-07 7.085085853850133e-07 0.0 0.0 0.0 3.4493525221622115e-07 5.8870448342916274e-08 2.3304575801031268e-05 7.131641395280086e-08 4.0083396814987006e-07 1.0075775354279659e-07 1.7615466479953538e-05 4.2443391959623456e-07 1.2196938390077156e-07 0.0
3.528517239425941e-05 2.0469278387185476e-06 0.0007310062350728026 4.107179128109842e-07 7.68135022670047e-08 1.8800964507303392e-06 0.0001793712572682328 2.979289949049362e-05 0.00014737231701755294 1.1993059588620805e-05 3.7520501657621103e-06 1.7687802200959713e-07 1.1515524204781107e-05 7.271319377336365e-05 2.2148004723581636e-07 0.0012046690711598543 0.0004924588115507632 2.4151151992581936e-06 1.6337858120612182e-05 2.1698745320309757e-06 0.0 0.00031276358663251766 0.010122586878579394 0.00041899562233391636 1.3405321510388172e-06 0.00014919323725293737 0.0005029781079228895 0.002221032821257186 6.051147824669669e-05 0.004126156365532519 2.1209994478611241e-07 2.5181035718226323e-07 1.2418240436843853e-05 0.0012142831681692416 3.892424205266449e-05 0.0032217986090901604 0.00012630647073499246 0.0018893224137909392 0.000898050147188649 0.00015673857461093784 6.945636967497161e-06 7.772285786202313e-06 1.562652339568888e-05 8.929630949681193e-08 4.6934471361892786e-07 7.110399448769644e-07 1.1285668435583589e-07 0.0 5.031444219468619e-08 5.2330676851748245e-06 2.806515774294799e-07 5.040282998096766e-05 7.388440238858575e-07 0.0 0.0 0.0 5.08848669328293e-07 6.910179115522707e-07 0.00029531923830180043 9.855148632573865e-08 0.0 0.0 8.153384413888967e-08 9.20241347453976e-05 0.00011950708950510995 3.675317415664367e-05 7.205261321218283e-05 0.0 4.588648795933366e-07 1.5200779312906023e-05 0.0001135191648835787 1.2773646882629057e-07 2.0784889287356322e-05 5.4871604217161866e-08 0.0 0.0 9.130437727433826e-06 6.024572965191183e-06 4.023587294758594e-05 2.712834546864139e-07 7.979328419156753e-07 1.315022517421751e-06 2.3413571892490948e-06 1.839138249669908e-06 1.1449943527612214e-06 0.0
1.416964566791255e-07 0.0014913662095493046 3.645431791015713e-05 8.577600383657002e-07 4.824150169631308e-07 7.11281614759744e-07 6.417686992213977e-05 1.6829988970028278e-06 0.0022101964629218313 4.714557013595179e-06 1.3670250038730322e-05 6.870944607076823e-06 9.901915940922177e-05 1.695975724889602e-06 9.012503923333076e-06 0.003077412185962664 1.5216351161850581e-05 8.303752451652226e-07 1.818753313243867e-06 3.9219181641384764e-07 0.00031276358663251766 0.0 0.0008229334505776942 0.004558133072649555 0.00020510588293676498 0.00010923213690355001 0.0036890512911532366 0.0004716923498224987 1.0707529441278676e-06 5.116765619532299e-05 1.7316910836600345e-05 0.0 6.733702576527873e-07 2.4741760268388266e-05 1.7852070936249143e-06 0.0001384445188648895 6.053794084184473e-05 7.182894451217578e-05 3.0625248565960606e-05 6.320571576458693e-05 1.6572336518398025e-07 3.630718883897964e-05 1.3092232210937451e-06 0.0 3.383427569884546e-05 1.5742872095861204e-05 0.0 0.0 5.2598873760328626e-08 5.489663277903516e-06 3.526101319102501e-07 2.933662632017543e-05 2.57082734766026e-07 5.710038880943835e-07 0.0 8.336133131749001e-07 9.562523873973866e-07 0.0 0.0006843254716410666 2.3010251740860434e-06 0.0 1.924423998236504e-07 0.0 5.031650036557572e-05 0.00013756790450264526 0.00026380411712658645 0.00010201885897140175 5.008184282938596e-07 2.8623636637823026e-06 0.000268849304274808 6.0558413936826e-05 0.0 9.616783673435092e-06 4.3686827434731083e-07 0.0 5.5977931890939245e-08 2.506556986710604e-06 9.78277503795863e-07 3.800443555070766e-05 4.763685721849013e-06 7.761977909819696e-06 3.929748952670975e-06 2.544687431580556e-06 7.742798705557526e-08 0.0 5.4774844444483976e-08
9.384378772166107e-05 8.241165841805865e-06 0.007793048811273328 1.9680266734312886e-06 4.5573054414988294e-07 9.479379426357394e-06 0.0005235620755599377 9.98716983359281e-05 3.437998216639005e-05 3.015228244156741e-05 2.402534492358958e-05 7.248651934024052e-07 1.843238845570563e-05 0.0002361576630128422 3.208572112000007e-07 0.0021842624550953535 0.0028159714605355732 1.495171402721778e-05 0.00012621042681747362 4.3989791056855305e-06 0.010122586878579394 0.0008229334505776942 0.0 0.0004109155304676189 3.081158184905107e-06 0.001834986559941785 0.004789813255028238 0.0029666781290273686 0.00018663408037118782 0.0038265061696801817 1.074433005630964e-06 1.500028968542821e-06 4.6100813151304404e-05 0.0029373745836488176 0.00015999999379204835 0.004870151881147977 0.0009085541275470398 0.004267279862888553 0.002088804745442817 0.00031745812259572834 1.1800138510640336e-05 1.0149595413126315e-05 3.9584730339105333e-05 1.1030450850498704e-07 1.8801606537961793e-06 8.495949979680023e-06 0.0 0.0 1.3934699017806946e-07 3.6239093887036357e-06 2.0876019641675275e-07 2.7133822819672796e-06 3.4304975704575366e-07 0.0 0.0 5.574954053002771e-08 2.78505605060833e-07 6.736833741449552e-08 0.0002666120355938622 9.586450836488622e-07 0.0 7.123139923675864e-07 8.533824110623576e-07 1.4363752301295825e-05 9.773368924281504e-05 0.00020642876581725212 1.7085477705354918e-05 1.9620488312102462e-07 1.5672828061735968e-06 0.00013994028085263004 1.6956453086494394e-05 4.915170827036154e-08 1.0031583931242207e-06 0.0 8.521527508765138e-08 0.0 2.7757852919205565e-06 2.7533172002656085e-05 3.0657921730614565e-05 1.6388116607806328e-06 7.334880857882405e-06 4.272278171255156e-06 1.462193095751814e-06 3.354953218637628e-07 0.0 2.876862393129495e-07
8.500989068859347e-06 0.00035193572808996776 0.00011562819447382371 0.0010041171318520554 6.886575675717609e-06 7.431240789703187e-05 0.0020305620924196597 9.593515347186512e-05 0.007524186625910188 0.00038316880068052126 1.1231961896095122e-05 0.0005749780306811047 3.3755840341280114e-05 7.474082917546027e-05 0.00028771643379272075 0.0005724139650283141 1.28193141835504e-05 3.0070187313053508e-06 5.817768890456448e-06 0.0006349686187502041 0.00041899562233391636 0.004558133072649555 0.0004109155304676189 0.0 6.177012868693021e-05 0.00010920047333818845 0.0009375931068098599 0.005037181970640396 0.00011127787476461572 0.0001570076645001138 7.592498939957976e-06 6.413151830787364e-06 2.7134391634037007e-05 7.690896679521354e-05 1.052290364111782e-05 0.0010506727057720113 3.8373714900942684e-05 0.00025262719372069384 9.40905559015444e-05 0.0006773669699165644 1.5940919095293582e-05 1.126291961227592e-05 4.491259192042813e-06 1.0152697078069454e-06 2.4709391136367687e-06 3.216250107281023e-06 1.3652011000118579e-05 4.427268178389346e-07 4.264061599284133e-06 0.00015107255354342104 5.058058422846402e-06 0.000397281976605049 2.4020062029918755e-05 1.149749460503009e-07 9.543271700624032e-06 4.2005992976031866e-07 5.4508668900488405e-06 9.189856452379885e-06 0.00021470423801519517 3.285654166878313e-07 0.0 4.954443703504147e-08 1.9928636722222635e-05 6.072782903323055e-05 6.289383764761534e-05 4.4932498449447356e-05 0.0013131549375317508 1.8457920761692478e-07 7.691865215063355e-07 3.4822212365941563e-05 0.0007038844513285722 7.242828721445811e-06 8.088037006289734e-05 2.233669510910801e-07 2.402078955479538e-07 1.0594430102137879e-06 6.666758316019667e-06 1.524361895181079e-06 0.0001335717828662651 2.362521697334874e-06 1.4559099330691137e-05 6.385736211325719e-06 6.731248886579063e-05 5.85089590274525e-07 0.0 2.4179740995468007e-07
