0.0 0.0 1.4852811045338385e-05 2.3463814406112238e-07 0.0 7.183052515268788e-06 0.0005180577753897509 9.860363580909944e-05 4.7669541141415057e-07 1.0720292196279255e-05 4.189038327135939e-06 2.0494930909448773e-06 9.90203046040076e-08 0.0031969760267112363 0.0 2.608194029830983e-07 5.210343982690832e-05 4.922616287755652e-06 2.5002497036344102e-05 2.3007274344018206e-06 4.5275853893310676e-05 0.0 5.3210060473796645e-05 1.1515277721953115e-05 0.0 2.2462377718117745e-05 1.1558292262932914e-05 1.592997370166851e-05 0.0018128123687726273 0.0009266998792449739 4.289792165904814e-08 2.2844957396910842e-06 3.574342143770971e-05 2.9366429205129082e-05 3.244374137866502e-07 2.8085602007361874e-06 8.540367247697588e-07 1.3010469454082446e-05 1.975211730071874e-06 5.264211321434063e-07 2.4322172275072575e-07 7.375887178309954e-08 4.7496672599924154e-08 0.0 0.0 0.0 0.0 0.0 0.0 8.817168688726262e-07 1.9266133976656155e-07 4.2184343444924673e-07 0.0 0.0 0.0 0.0 0.0 0.0 1.0906162666365162e-07 0.0 0.0 0.0 9.470352168353831e-08 2.7585241451247197e-07 7.17153577404302e-07 0.0 5.7724597182982394e-06 0.0 1.0431969433202703e-07 1.5180136297198816e-07 4.6868079613389e-06 8.558180617296866e-08 2.0952408719040493e-06 0.0 0.0 2.7281551551998136e-07 2.7299784042631806e-07 0.0 2.0283646127651286e-06 8.120096244625836e-08 7.603766518445131e-08 7.584940790882574e-07 1.4577137491276217e-07 0.0 0.0 0.0
0.0 0.0 2.34084611807825e-06 0.0 1.4011086308884643e-07 3.506287200032442e-07 4.0145965058293257e-07 8.788479680885906e-07 0.00023766089588972273 3.4879560226383047e-07 8.86369913160886e-06 1.193037249280154e-06 0.00021873621745308354 5.2191405346287e-07 4.39540717978633e-06 1.6062606147542325e-05 0.00010506557400295253 5.077874530356389e-06 0.00013502864741274072 1.0987102927564622e-07 1.3035909289643572e-06 0.0014469181235963959 1.539990348887153e-06 0.00026723238360166547 0.001160845080049876 0.00023942821065549966 0.0026534299811021064 7.931460881861291e-06 1.0940621054048446e-06 5.165182655248198e-07 6.466902926803472e-06 3.116526109495667e-07 1.350883954066033e-07 1.0065658616667995e-05 2.035045587369984e-07 4.848097417768805e-05 4.965707934279208e-05 4.874143296466121e-05 1.0616370519941691e-05 2.1481680227733637e-05 1.3112093087146411e-07 0.0001459503101819196 2.847067789556941e-07 0.0 3.166985011827212e-05 1.3203398249110522e-05 1.9363693207398017e-07 0.0 0.0 2.9885997122268116e-06 0.0 1.6069476413177787e-06 3.255394085028051e-07 4.339667200595755e-06 0.0 1.9943115247600527e-05 5.278013550536375e-07 0.0 1.6869178734340623e-06 5.884954289702125e-06 5.905788761714023e-07 5.693831428899689e-06 6.819775375149854e-08 0.0 3.370788633126105e-06 1.476448023981838e-06 2.3753643318191567e-06 1.6147712169660487e-05 7.852740903829038e-05 0.0011066453046573812 1.2719822554536056e-06 1.43267380705596e-07 5.527031282181994e-08 7.016827393828188e-06 0.0 0.0 1.7413297119127287e-06 0.0 6.782303349821727e-06 1.3844139486550402e-05 8.658250577654508e-06 1.5187134051839317e-06 8.619243608521472e-08 0.0 1.2328854821127847e-06 0.0
1.4852811045338385e-05 2.34084611807825e-06 0.0 3.3505514988277928e-06 0.0 2.616789827147208e-05 0.0007680364514775515 0.0004975320727687607 9.906276149408754e-07 6.735731670981404e-05 6.439334437913576e-06 9.614784372857926e-07 4.496727473862112e-06 0.00033137738931975026 5.062535214026312e-07 4.573637977299801e-06 0.0017888243683518116 1.8256714061874035e-05 7.066147266743498e-05 3.418105273091354e-06 0.00014020629350624706 4.9398751025103175e-06 0.004614145158455735 7.471381667680474e-05 3.6907724235608077e-06 0.00316321543471353 0.006025953916441562 0.0004495581945074258 5.3641908673038e-05 5.289870980637767e-05 2.616776079099072e-06 3.414947449326304e-06 5.417934973745811e-06 0.0003848118295046754 3.289787302237224e-05 0.0017067003869789229 0.00229206949965157 0.0009103049357489297 0.0004934616269654541 6.158479966239694e-05 1.895201848354051e-06 1.8584814153652973e-05 6.964161648632663e-06 6.376990357085637e-08 3.439483251645011e-05 0.0004498652988048535 5.388759892676712e-07 0.0 0.0 3.0529598742618926e-05 2.9136439248419576e-06 5.31986112801605e-07 9.843027164572869e-08 3.615923613815095e-07 0.0 1.3632505736162298e-07 6.127613282087393e-06 0.0 3.38345363351065e-05 7.6208013417905575e-06 3.183959680903393e-07 2.1743471408773415e-06 0.0 8.184551351362324e-07 6.735017879541361e-05 0.00019084821433120358 8.127156817185023e-06 2.2900994359245443e-07 2.7628652209150877e-05 0.001972854060499481 1.3048216518518913e-05 6.308688401725288e-07 5.206812329234925e-06 1.8863326771755378e-07 2.9339052917264005e-07 9.101150559096477e-08 1.3403175566684262e-06 7.896768403377062e-07 2.439653961846019e-05 3.936352680252683e-05 1.424588415283311e-05 1.3773644757515515e-05 6.590782720346583e-07 0.0 1.1593271096756198e-07 0.0
2.3463814406112238e-07 0.0 3.3505514988277928e-06 0.0 2.298453873036111e-07 8.273685367383869e-06 2.2006796160487844e-05 3.4662588601407316e-06 0.00010097371109246158 0.0011751861721395157 3.9418342586903784e-07 0.0008249066325313131 5.820939581937288e-08 4.255147121814844e-06 7.603736034209016e-06 8.987320665025643e-08 3.7834820112515185e-07 1.8082000022144014e-07 5.808177285040149e-08 0.0011216056554024072 0.0 1.0325143247724739e-06 2.5288471355940274e-06 0.0005528203978370739 0.0 4.808751886809633e-06 9.638686049479865e-06 0.0018888283984105458 2.0165463816255074e-05 1.7783462077877504e-06 4.301154911873852e-08 6.289688669904822e-07 2.8282106400107657e-06 7.85900202952883e-06 1.257079843869386e-07 4.260546888481563e-05 4.518374816663261e-07 2.484156026004988e-05 1.1798203964011226e-05 0.00010404613054982223 1.3050064290423588e-06 2.2336685749862674e-06 2.1863644011087856e-06 1.3433704755140024e-07 9.362276025000967e-08 0.0 8.866310194252944e-05 8.140549708340933e-07 3.96243549206077e-06 3.285487473196118e-05 2.9229503319549294e-06 6.91863930068345e-05 3.677226728682878e-05 1.124421691806232e-07 2.2888440934439753e-05 0.0 1.2334448261678357e-06 5.407121130087859e-06 2.16196792499667e-07 0.0 1.4021904640334187e-07 0.0 6.038366969314516e-05 8.249009732772617e-08 1.1292511956135043e-06 1.09139705306495e-07 0.00014845750310533992 0.0 0.0 6.823858186348425e-07 0.00011981578268220966 1.5260943934109314e-06 1.3518533617054309e-06 0.0 5.885414857687419e-07 0.0 1.0019295561713734e-06 0.0 3.7224913605481626e-05 2.3450648356820257e-07 7.301167800046244e-06 1.0785141737475133e-06 8.11540083424527e-05 2.131635961213042e-07 1.1967446637820346e-06 0.0
0.0 1.4011086308884643e-07 0.0 2.298453873036111e-07 0.0 0.0005174154929903471 6.025245364044218e-07 1.0341922438125315e-05 4.8461899254891636e-05 5.320631227099986e-06 7.513073299984013e-06 3.524603667815137e-05 8.906203980775129e-07 4.2691005440950616e-07 0.00048744396531799373 0.0 1.636338646190659e-07 1.9884942609994574e-06 2.0549206246127e-07 4.289007907577906e-06 0.0 1.040772821384098e-06 2.6275241315833747e-07 9.052177979850575e-06 7.974748359460005e-08 2.290231859267611e-06 6.522110205875838e-07 1.3146992476639032e-06 7.924255010537044e-07 0.0 3.1305470347108375e-07 0.00016467990675527613 0.0 5.582279418763984e-05 0.0 1.2453992119180476e-05 1.0268251707164557e-06 5.70005447125954e-05 7.2864403639584095e-06 0.0005734631593851707 1.1788727534345995e-05 1.961850391142282e-06 2.86883671950785e-06 0.0 0.0 0.0 0.0 0.0 0.0 0.0 0.0 1.54744963530899e-07 0.0 0.0 3.7293857769029085e-07 0.0 0.0 0.0 0.0 0.0 0.0 0.0 0.0 0.0 0.0 0.0 9.479634380092877e-07 0.0 0.0 0.0 8.616972064057126e-07 0.0 0.0 0.0 0.0 0.0 0.0 0.0 1.8909233828382792e-06 0.0 0.0 0.0 1.2027805276480024e-06 0.0 0.0 0.0
7.183052515268788e-06 3.506287200032442e-07 2.616789827147208e-05 8.273685367383869e-06 0.0005174154929903471 0.0 0.0009128370144740375 0.00318823090989615 0.00010808439913670659 0.005527618015493364 7.884371342756907e-05 0.0017103821339140067 1.4397375125104583e-05 0.00046268544511813046 0.0012784219042527613 5.57067166914356e-07 1.96074978034793e-05 1.525646477574416e-05 8.422973533571063e-06 0.0001443068065196816 3.436000576517636e-06 4.97657871074605e-07 2.117727962379671e-05 6.133053245747145e-05 2.95560758950789e-06 6.507963059103233e-05 1.9239932686405688e-05 0.00015946384759566408 0.0002566079483453282 2.2446429487357945e-05 2.7858920044259755e-06 0.00042082435224845505 4.607029219494376e-06 0.00031286776824825373 1.7901553438930107e-06 0.00017009859496725698 8.4945434719789e-06 0.0003357719908069812 5.8308805367334066e-05 0.0018312289436125241 0.00031761552047900705 8.700282307159649e-06 1.1913369902665736e-05 0.0 2.3473952870625957e-07 3.4144117982804507e-07 7.167097839355554e-06 1.183564161270688e-07 1.6806527972868735e-07 1.2200033328987567e-05 7.439353482407212e-07 8.982303194942165e-06 5.7414756627665725e-06 6.999688930778169e-08 3.899423400104655e-06 1.2169195048537146e-07 4.1657205806711066e-07 1.0746443949646034e-06 3.8660549206142196e-07 0.0 0.0 0.0 5.2823772394378344e-06 8.612121937247347e-08 7.576651475125012e-08 2.0604102431188224e-07 2.260652446037564e-05 1.8883927446942736e-07 4.6038802708395726e-08 1.129097018016979e-06 2.009573114474721e-05 1.6867186206969039e-06 3.3463082397766068e-06 6.254056869846743e-08 6.815067287316211e-08 0.0 2.1251608891658938e-07 0.0 1.5919530960419113e-05 0.0 2.1955273402970507e-06 8.808033018639834e-07 2.0759605117024582e-05 1.2076492382316064e-07 1.9467891690423526e-06 1.8624760831366762e-07
0.0005180577753897509 4.0145965058293257e-07 0.0007680364514775515 2.2006796160487844e-05 6.025245364044218e-07 0.0009128370144740375 0.0 0.003191791597410042 8.627014579139977e-05 0.004234498547270482 2.6028916634989024e-05 2.547485147318507e-05 3.3462141784928802e-06 0.0036717608159460174 8.135400540552337e-06 1.445825023564105e-06 0.00017904894603866736 1.6109879029678902e-05 2.599544914871318e-05 2.7399033217164777e-05 0.00020001061269592734 1.7750540851846383e-06 0.0011456156058575202 0.0008469494575758275 4.912039430007982e-07 0.0004461737260696217 0.0001905172230820224 0.010376343396685224 0.0016845003657472947 0.004212052326242161 4.027027059664275e-06 1.569548300723774e-05 0.00016697487427661924 0.0004464532321158401 1.5718154165639253e-05 0.0008333461706636779 4.742123819291468e-05 0.000965664608308548 0.00038930544098500903 0.000389468571163864 5.949389951202307e-05 2.714320532875405e-06 2.466723060004219e-05 4.866971136420171e-07 5.37158013524581e-07 3.882663024193554e-06 2.5156603791999635e-05 2.911395779410411e-07 3.2627641589161196e-06 4.114404449860941e-05 3.95057854943923e-06 4.119361052317254e-05 2.014750460087136e-05 8.527208901331484e-08 1.7877682257707946e-06 0.0 7.125583765075243e-08 7.357941742604746e-07 4.083192843200765e-06 0.0 0.0 2.0333954122594648e-07 2.1650655729093977e-05 1.3285581249017636e-06 2.9164150356795967e-06 2.7735457808838537e-06 8.824810487976058e-05 9.713698016126516e-08 9.202817198302631e-07 2.579694715285142e-05 7.740468163666047e-05 3.724894878087927e-06 1.3504341191962446e-05 0.0 1.828033994397992e-07 1.2262735361431767e-07 2.044303633504861e-06 1.5470275000862203e-07 2.3553986181146338e-05 3.876774900213115e-07 5.8408111100693296e-06 1.7052323611554729e-06 1.5198453769338852e-05 3.791617975523445e-07 1.3557849127441406e-07 3.539298702866316e-07
9.860363580909944e-05 8.788479680885906e-07 0.0004975320727687607 3.4662588601407316e-06 1.0341922438125315e-05 0.00318823090989615 0.003191791597410042 0.0 8.8780219475133e-05 0.0018168571225421145 0.00015458531670815474 0.000405184215284592 1.2171372367984079e-05 0.003361105370880922 9.572787047150168e-05 8.05214899597771e-07 0.0004647580625674461 5.3523989500287855e-05 0.0001487058497818993 0.00015209100338193555 0.00011068569007601847 3.6551456992471246e-06 0.0005704160368461869 4.6270026413344814e-05 1.7858806182035688e-06 0.0006600324444216498 0.00012352456308030284 8.708903830387683e-05 0.00026276393373242006 0.00062655278778713 4.60556211353424e-06 0.0002382403114773294 1.7411508868140174e-05 0.0002799186593409528 1.6395922169521987e-06 0.0001477160811325026 3.41655209679581e-05 0.00023423978290689038 4.4919085952549604e-05 0.00028497896376903997 2.1490485185535878e-05 7.324488824906097e-06 7.774922479962283e-06 0.0 3.9399254587739486e-07 1.5122889975502012e-06 2.6743314526013535e-05 1.0001172326105985e-07 3.723926702172425e-06 0.00012134810609314374 5.333905009438813e-06 5.017129521121561e-05 2.6551551191112623e-05 1.7027798797999356e-06 1.2523815651722675e-06 2.4638213648505493e-07 2.8428837723317997e-06 2.2608432248120167e-06 4.750535457884027e-07 1.630252962628266e-07 2.084601598129479e-07 2.0749305188765126e-07 3.595210119417081e-05 4.892481961699603e-07 8.542192841129696e-07 6.970516722491088e-07 0.00015551681608357725 1.5581521623850114e-07 8.842260318546905e-07 8.229386216526397e-06 0.0001402411713610382 6.909442448526747e-06 2.057341581278946e-05 6.018927476339539e-08 2.971880641860251e-07 4.773960874134964e-07 4.769072969497419e-06 1.003534771499086e-06 4.656504842221754e-05 8.463841767753322e-07 1.9283666494601095e-05 4.394753644204844e-06 6.0490528372318146e-05 5.191332488465344e-07 0.0 6.741713849919495e-07
4.7669541141415057e-07 0.00023766089588972273 9.906276149408754e-07 0.00010097371109246158 4.8461899254891636e-05 0.00010808439913670659 8.627014579139977e-05 8.8780219475133e-05 0.0 0.00011964186489802054 1.4875828489330745e-06 0.00028789837255244227 8.973509765480193e-06 9.12922751179724e-06 0.000333276271763772 5.485730530572527e-06 4.425296106253162e-06 8.262025668040562e-07 8.865580852205685e-06 0.00014754844555323743 1.8638780900701278e-06 0.0011287556605906544 2.3158536141220666e-06 0.0032933223550017606 9.090018475568184e-05 1.1658402862736678e-05 0.0004867552642499994 0.0004976319033727908 1.4756502821855524e-05 1.4077135802197979e-05 7.041858021685621e-07 2.3323114697134365e-06 1.0699917942457948e-06 9.05983434581696e-06 1.4448310781985174e-06 4.5151549497375785e-05 5.2543300416140225e-06 2.913094372805817e-05 7.24928018804913e-06 0.00042520057509784904 5.320119871901006e-06 2.654980213573818e-06 2.2225409803659353e-07 2.209007981547183e-06 1.8398668718883128e-06 9.571999531639196e-07 4.0513484229460704e-05 1.0523115885124055e-07 2.049332978002087e-06 0.00012238425103015382 1.812268843952237e-06 0.00012556653907939082 2.2888677827319523e-05 2.3677722387685692e-06 4.427585162779905e-06 1.3065955761411237e-06 4.508924331345465e-06 2.2280358234652597e-06 1.2758889390660134e-05 3.8702107793658886e-07 1.971463106777178e-07 1.8453473064229103e-07 2.0291813930683495e-05 6.24212997944856e-06 1.051677386158497e-05 1.3716029119595871e-06 0.0005127688404746195 1.4676108032002103e-06 2.059224565602159e-06 7.735842545142995e-06 0.0001914812153970763 1.982552233655515e-05 9.498631772382185e-05 2.873546318156905e-07 5.375274860386713e-07 2.3844619821985057e-06 7.80070989982011e-06 2.099582501411987e-06 5.910406459247696e-05 3.163574989059343e-06 2.1244278512027055e-05 1.0030036532715936e-05 7.819893419730708e-05 1.3353027360937531e-06 0.0 1.8509008554925654e-07
1.0720292196279255e-05 3.4879560226383047e-07 6.735731670981404e-05 0.0011751861721395157 5.320631227099986e-06 0.005527618015493364 0.004234498547270482 0.0018168571225421145 0.00011964186489802054 0.0 7.016188445430001e-05 0.002858571534153136 6.61306656670423e-06 0.0007862157843462835 3.558529534743027e-05 2.618839398964288e-07 1.980350911593865e-05 3.054067406153748e-05 1.2052347814207346e-05 0.003415907861354902 3.7188430501871777e-06 1.8063520442487146e-06 5.660817691845191e-05 0.00022165064672284866 1.5168411588138109e-06 0.00011480594605314734 5.3116069770454094e-05 0.0012250758363761254 0.0009790156678175252 2.6153121480840353e-05 4.906510139572998e-06 5.287763334713553e-05 2.445126495857948e-05 0.00035069558029834837 3.3574046468502e-06 0.00047841975891705073 1.4902622056435287e-05 0.0008169716533473619 0.0002004904124460082 0.00039144912552052175 5.7748979317511745e-05 5.102537375133708e-06 1.9453641727824483e-05 4.5712706970026255e-07 3.6687725323551704e-07 8.314041926342207e-07 0.0001730558566689264 4.988252699575036e-07 1.1925042804898417e-05 0.00014033507234576103 9.322855992980077e-06 0.00011643609299076886 0.00010885965077474222 2.5797415092573987e-06 2.6011030385291558e-05 1.328385456561921e-07 4.6707193624308464e-06 6.791851762771068e-06 7.961118981037323e-07 0.0 3.8454898947166556e-07 0.0 0.00013528987172169691 2.5718880190918307e-07 3.3633516330922195e-06 3.6559320898332237e-07 0.0003661293964728415 2.409155932655722e-07 7.518806855639799e-07 4.355914215570175e-06 0.00035343960035874464 8.176543724533655e-06 8.956810127325668e-06 8.723763009579526e-08 2.7944356693074033e-07 1.4803192540406368e-06 6.381360491140526e-06 1.1019639342211868e-06 5.801843290405834e-05 1.1546863275522583e-06 2.2031068586002406e-05 4.622152213850106e-06 0.00011410597022743625 5.644717327927262e-07 0.0 2.3286871500592676e-07
4.189038327135939e-06 8.86369913160886e-06 6.439334437913576e-06 3.9418342586903784e-07 7.513073299984013e-06 7.884371342756907e-05 2.6028916634989024e-05 0.00015458531670815474 1.4875828489330745e-06 7.016188445430001e-05 0.0 4.552970215582035e-05 0.000878708709678911 0.00020485211758356522 1.2148724839331017e-06 2.1716574205685493e-06 0.0002954763157338119 0.0006498474259394927 0.00021320354701888171 2.5104757935814712e-05 3.7467708794527275e-05 2.925836097309042e-06 7.430078365174535e-05 7.374950978839881e-06 7.72971521666078e-05 0.0005609725509910716 0.0001535376341017763 1.012097676577586e-05 0.0003455560404563399 1.8315448767468244e-05 8.848804881776972e-05 0.00021698248705384938 3.210301636999735e-06 0.0040285717793193945 7.564677488963608e-06 0.00027306751996252225 0.0018726103456373502 0.0022900156819073234 0.0005479232675503372 3.94669668859848e-05 3.1259959533453385e-05 0.000636410999271768 3.0555651131963155e-06 0.0 1.7154856253132554e-05 4.6849458999485455e-07 3.811063286254124e-07 0.0 0.0 5.113066515674385e-06 2.825207518534293e-07 4.785845171446407e-06 1.4106725836534803e-06 0.00010541669245786519 0.0 0.00039752226815024477 4.7930462684451e-08 0.0 7.618350836402965e-07 0.0 2.359459144413747e-06 5.748933226263446e-08 3.651646360495565e-07 2.1448474838162169e-07 6.611641101198455e-06 1.2322555837221934e-07 1.328345371949737e-05 0.00010250007128891222 2.660652614696365e-05 0.00010806697159810548 6.866186947373459e-06 2.842658627344289e-07 1.308543355839451e-06 4.358941154344601e-05 0.0 0.0 9.067566062771756e-07 1.653527915060466e-06 9.199244659427945e-06 9.156318982303578e-05 1.3443600793319487e-05 1.6891560943712578e-06 2.3241693431008113e-06 1.8320125072359912e-06 5.23754711585258e-05 0.0
2.0494930909448773e-06 1.193037249280154e-06 9.614784372857926e-07 0.0008249066325313131 3.524603667815137e-05 0.0017103821339140067 2.547485147318507e-05 0.000405184215284592 0.00028789837255244227 0.002858571534153136 4.552970215582035e-05 0.0 3.6689701626403085e-06 0.0002509061138183249 0.0005256554123663321 0.0 1.8928222061632753e-06 1.884542302860162e-05 5.106756457417069e-06 0.002038950354494434 4.7077205119936435e-07 6.978928734322037e-06 1.7986163158185113e-06 0.0003677064903346175 6.573763831266175e-07 2.8644210581840674e-05 1.105930023021207e-05 0.0006216229139514646 0.0003028972608756023 2.6918374151745e-06 2.3959288218610078e-06 4.2048289783596785e-05 3.9062577187527034e-07 0.00011456291359909994 0.0 0.0002427144173892132 4.342006035885501e-06 0.00018501080735246629 1.3686786170912235e-05 0.0015864072432520307 1.2118752137033173e-05 6.344207560447029e-07 8.82166035039139e-07 0.0 0.0 0.0 6.586665379201255e-05 3.160940807962468e-07 4.612250709198123e-06 1.7067174621923927e-05 5.978452433729108e-07 4.9470775346828285e-05 1.794332224561997e-05 2.2845662791417435e-07 4.234491080824433e-05 9.138476258602765e-08 1.8873380764569903e-07 1.0430545642246033e-05 2.604924714586654e-07 0.0 0.0 0.0 4.497798506537475e-05 0.0 1.0747236569554797e-06 2.1366849128196542e-07 7.524207406739743e-05 0.0 2.7130740171292196e-07 2.04163523578798e-07 4.482325963452883e-05 7.723237559109816e-07 1.731510081548223e-06 0.0 3.4859484987492017e-07 0.0 2.2943509300360967e-07 0.0 6.513923590586884e-05 1.551624249010613e-07 3.558062572585013e-06 1.9312775751005563e-07 0.00014820452155223378 0.0 0.0 1.818795804694257e-07
9.90203046040076e-08 0.00021873621745308354 4.496727473862112e-06 5.820939581937288e-08 8.906203980775129e-07 1.4397375125104583e-05 3.3462141784928802e-06 1.2171372367984079e-05 8.973509765480193e-06 6.61306656670423e-06 0.000878708709678911 3.6689701626403085e-06 0.0 7.4323461493458406e-06 5.780902415311196e-07 9.425203049862647e-07 1.6812756774561133e-06 3.660690060624035e-06 2.664395131468665e-06 1.1641040177561762e-06 1.2555719384506598e-06 6.067838041822448e-05 7.226336208386533e-06 9.563660809240657e-06 0.0013436838820625671 0.0001206286258451186 0.0028880961810538227 4.191412517739079e-06 1.6072748936113946e-05 2.4837747970398285e-06 0.000866977654263165 2.193299076228822e-05 7.967991367768316e-08 0.00020918149404359422 7.122071847110821e-05 0.0010498175705357144 0.0024028334558120154 0.001372076238591261 0.0002236181794098381 5.250669755622099e-05 4.732598172395366e-05 0.0009470459153323774 1.743368891478075e-05 0.0 5.0476982531240886e-05 2.3329223080140154e-07 6.043890314728058e-07 5.783666723758254e-08 1.3552896183316703e-07 1.7008762672645054e-06 3.4825064072496433e-07 5.97971805049873e-06 2.0639733114880228e-07 0.0002686474274171338 0.0 0.001036540996660273 4.900742847334614e-08 0.0 1.4460844447111444e-06 1.3728260175093127e-07 3.7393554170972827e-06 4.520582170078658e-07 0.0 1.0583995903950004e-06 1.8330654908768772e-05 1.4731261651078765e-06 1.6619509011419912e-05 0.0005875142547394202 0.00011252747940470144 0.00038843523582255123 1.6975444950598537e-06 2.8663663725739934e-07 9.430317569369696e-07 0.00017508227934058773 0.0 0.0 2.085632111926257e-06 4.764310507938035e-05 0.00010654233892604905 0.00016242911513797642 3.5248341873610244e-05 1.7986684947685613e-05 9.741457537578084e-07 3.3501022954490777e-06 7.823250297147628e-05 0.0
0.0031969760267112363 5.2191405346287e-07 0.00033137738931975026 4.255147121814844e-06 4.2691005440950616e-07 0.00046268544511813046 0.0036717608159460174 0.003361105370880922 9.12922751179724e-06 0.0007862157843462835 0.00020485211758356522 0.0002509061138183249 7.4323461493458406e-06 0.0 5.728843645789649e-06 9.407735493259241e-07 0.0004912103390304065 9.11418974975812e-05 0.00023476063964632834 0.00014064328151440809 0.0002621882940409312 5.822442359514539e-07 0.0006221717813128529 3.5940626350163594e-05 3.155609192467266e-07 0.00043825312808826465 0.00012835632733908166 9.888972407618022e-05 0.002591719091780927 0.002548439571431163 5.794460104426167e-06 0.00012158182155692786 5.5658410638551e-06 0.0006037247861897314 3.397962330319476e-07 8.274135919704912e-05 2.7275591113544992e-05 0.0002779841138944414 2.702053833670186e-05 7.1420425159922e-05 5.627026509273778e-06 3.4038241973699793e-06 3.869833789986936e-06 1.9430924493274096e-07 1.218155917486979e-07 8.867704347923223e-07 1.364385422985786e-06 4.1838286337003177e-07 1.5593889471402992e-07 1.3006967030439319e-05 5.68343141470096e-07 4.972649682694656e-06 2.2005686782870754e-06 4.487275462844023e-08 1.2115277172274107e-07 2.4552138103390114e-07 5.569212653116202e-07 2.3024155585162347e-07 5.480453773305939e-07 0.0 0.0 0.0 3.3983736516762607e-06 4.153954156731634e-07 5.021613736625013e-07 2.759339948235508e-07 2.3358161807906408e-05 0.0 5.243551776542681e-07 3.6823857867306002e-06 2.2080625515903294e-05 7.622189535554524e-07 4.799161424071706e-06 0.0 0.0 2.3230710844897665e-07 1.3808432376437337e-07 1.4671543359996083e-07 6.050896535144581e-06 1.2256575253464795e-07 1.600834204894919e-06 1.31658183530504e-06 5.472059779623338e-06 0.0 4.698794979213543e-07 0.0
0.0 4.39540717978633e-06 5.062535214026312e-07 7.603736034209016e-06 0.00048744396531799373 0.0012784219042527613 8.135400540552337e-06 9.572787047150168e-05 0.000333276271763772 3.558529534743027e-05 1.2148724839331017e-06 0.0005256554123663321 5.780902415311196e-07 5.728843645789649e-06 0.0 3.355084012048594e-07 1.972032825594227e-07 1.8323299198790784e-07 6.097894374451597e-08 5.064711274956556e-05 1.5391247595709224e-06 2.1782200972102044e-05 3.8900652382607386e-07 0.0003253676856208285 1.8196527161249144e-06 8.700092067217887e-07 1.1214445425863472e-05 2.904456593055091e-05 4.887478539222491e-06 2.3000090900488282e-06 1.7285833046259673e-07 0.00013474199529148596 1.094920378802106e-07 3.528673599498378e-06 3.706394033890184e-05 0.00022719630410773404 5.621526504841997e-06 2.1689016973486786e-05 3.160967031401421e-05 0.0007122861503179305 5.6583199358916186e-05 7.973471236677439e-08 2.354567708338204e-06 0.0 0.0 0.0 8.486633504853913e-06 1.5280768139483706e-07 1.932925108144713e-06 9.270729541905011e-07 1.4119808456069246e-07 5.851687436736143e-06 4.109175470829361e-06 0.0 9.206730187894837e-06 0.0 0.0 3.4035412878808546e-06 7.210340509741491e-08 0.0 0.0 0.0 5.741877509896654e-06 7.722665458711821e-08 8.68325455041144e-08 0.0 1.3807841387125455e-05 0.0 1.4319310514982656e-07 3.0158527011808204e-07 5.368567919107099e-06 0.0 0.0 0.0 0.0 0.0 0.0 5.537953450560811e-06 2.5756233769806544e-05 0.0 0.0 9.206104598677271e-08 4.292012207192703e-05 0.0 1.2560996149215625e-06 0.0
2.608194029830983e-07 1.6062606147542325e-05 4.573637977299801e-06 8.987320665025643e-08 0.0 5.57067166914356e-07 1.445825023564105e-06 8.05214899597771e-07 5.485730530572527e-06 2.618839398964288e-07 2.1716574205685493e-06 0.0 9.425203049862647e-07 9.407735493259241e-07 3.355084012048594e-07 0.0 2.0068362031394736e-05 1.2858778983473283e-06 8.615781682918094e-06 1.318385012106492e-07 0.0026327696741792485 0.0015641139547408784 0.001112612849681091 0.0011919172798013572 2.2533836220864604e-06 2.7846356683796056e-05 0.00264660921470647 0.001124034295484169 4.128849926859297e-06 3.4183036126410675e-05 5.948680811287553e-07 0.0 1.9341271888001452e-06 4.9452487930984035e-05 2.1664987175252375e-05 0.0009247736836733581 0.00019075767668579657 0.00023548400324070534 0.0003119781342563496 3.5057142660811156e-05 1.0786732112576571e-06 1.2257584820512902e-07 7.5896717791055045e-06 1.1010838098187412e-06 6.32369185560238e-06 1.1963155125706453e-05 7.605017518261696e-07 0.0 0.0 1.3465009702655689e-05 5.587223879995053e-08 4.1667980227761914e-07 1.8278328624446187e-07 5.0109910669351046e-08 0.0 5.915043287574566e-08 6.531675676898706e-07 0.0 0.0018501832291713438 1.2488632705248614e-06 6.506598224927138e-08 8.124697905560929e-08 4.111590222732997e-07 0.0002779245800828515 0.00042024532867279343 0.0009216289722641137 8.538534843316089e-05 7.962262177103853e-08 3.6663777968951458e-06 0.0003139795148834499 0.00014574842190169808 9.458590730849467e-06 0.0001231328341675756 6.64120518002418e-08 1.8472534642729773e-07 1.55056048611109e-06 4.97699272254506e-06 1.452051175747699e-06 0.0001462557938730527 2.986577031807716e-06 6.682480794791006e-06 8.418144617716587e-06 1.6690769083819285e-05 1.1660794870542278e-07 8.036645499411131e-07 0.0
5.210343982690832e-05 0.00010506557400295253 0.0017888243683518116 3.7834820112515185e-07 1.636338646190659e-07 1.96074978034793e-05 0.00017904894603866736 0.0004647580625674461 4.425296106253162e-06 1.980350911593865e-05 0.0002954763157338119 1.8928222061632753e-06 1.6812756774561133e-06 0.0004912103390304065 1.972032825594227e-07 2.0068362031394736e-05 0.0 0.0001960277162679413 0.0022684602991805717 2.0620490387378814e-06 0.00023150688013333443 3.004299950451137e-05 0.002428163345264524 8.566745804971852e-05 3.9059482248662633e-07 0.001443715615437443 0.003894730949731507 9.887643322088299e-05 0.00023457576054280245 0.0001432127864045258 3.4789919008044305e-07 4.269370927956896e-06 1.619652417825351e-05 0.0006097151244390302 1.4710785860042288e-06 9.9170417366549e-05 0.0005980683587622542 0.000134147700676443 5.3878596212158265e-05 6.124180813663345e-06 3.887083275642488e-07 2.9361906940148793e-06 2.855646020853076e-07 7.075994040060471e-08 1.0248074008195742e-05 2.5292232612777643e-05 0.0 0.0 0.0 2.3464532341131004e-06 0.0 5.090497467555952e-07 6.600798682290369e-08 9.040465643847133e-08 0.0 4.3723887050159686e-07 0.0 0.0 3.429965758314553e-06 2.7116719878684463e-06 7.710877377270614e-08 1.1882326106664515e-06 0.0 3.4421069054098586e-07 1.7726990179322543e-06 2.3478559964542587e-06 3.269214816037345e-06 4.5912866940676137e-07 3.9712729044852396e-05 0.00014889729933978928 4.682862057553767e-06 5.172518743231918e-07 2.1714394128814376e-06 2.2380519193729714e-07 0.0 9.980055145550853e-08 9.826496536798697e-07 0.0 3.7127799432679144e-06 2.4419498888616705e-05 3.2644946044681968e-06 4.0627898429531886e-07 3.4643616629889753e-07 0.0 0.0 0.0
4.922616287755652e-06 5.077874530356389e-06 1.8256714061874035e-05 1.8082000022144014e-07 1.9884942609994574e-06 1.525646477574416e-05 1.6109879029678902e-05 5.3523989500287855e-05 8.262025668040562e-07 3.054067406153748e-05 0.0006498474259394927 1.884542302860162e-05 3.660690060624035e-06 9.11418974975812e-05 1.8323299198790784e-07 1.2858778983473283e-06 0.0001960277162679413 0.0 0.0005234355955722169 1.1498829653170945e-05 2.8186990593271298e-05 1.7241466351533822e-06 7.530847299073271e-05 5.6857880671931615e-06 1.851888273837872e-06 0.0009173206431522208 0.0001461303959928323 7.986298360952187e-06 0.00011836610924338795 1.432835462444535e-05 4.963648765435157e-06 3.066991730933607e-05 7.202476812268836e-06 0.001432095402200143 3.319599349038371e-06 0.0005663824332256362 0.000945614306482733 0.0012392415897485172 0.00046164419627825465 2.6098765553695625e-05 8.085455963697757e-07 1.074635104938302e-05 2.346822472190316e-06 0.0 3.287198438904541e-06 4.0570405576994917e-07 1.1674634088573663e-07 0.0 0.0 2.0353815689020135e-06 0.0 2.580272151540824e-07 2.0624846745476416e-07 1.4191505057371235e-06 0.0 5.286149849718122e-06 0.0 6.613552048258954e-08 1.2230162032279846e-07 3.908040443727777e-07 3.5544687185608585e-06 6.1586433765557294e-06 0.0 0.0 5.146215149194916e-07 1.5233370213183776e-07 2.3800620448908007e-06 4.007078993474567e-06 5.321070954019266e-05 0.00010748360597615925 2.513495505746212e-06 0.0 1.0046317314042716e-06 3.5648675977874192e-06 0.0 2.1226929759100673e-07 2.3509669886627274e-07 3.297388725131169e-07 3.2748860412543e-06 1.947058781123111e-05 1.423333700572595e-06 5.115353692984913e-07 6.794142940393342e-07 0.0 1.4237177974821845e-07 0.0
2.5002497036344102e-05 0.00013502864741274072 7.066147266743498e-05 5.808177285040149e-08 2.0549206246127e-07 8.422973533571063e-06 2.599544914871318e-05 0.0001487058497818993 8.865580852205685e-06 1.2052347814207346e-05 0.00021320354701888171 5.106756457417069e-06 2.664395131468665e-06 0.00023476063964632834 6.097894374451597e-08 8.615781682918094e-06 0.0022684602991805717 0.0005234355955722169 0.0 3.245225664691488e-06 0.00014314423267512604 2.4119174870276914e-05 0.00043753151424140907 1.816269679274023e-05 2.3721705982788977e-06 0.0011455422947378399 0.0011140737372850008 1.9930515992246503e-05 0.000291484380246059 7.926763103296172e-05 6.117980256032489e-07 5.949500566334225e-06 2.8784125485472268e-05 0.0018119369569606922 3.0183151442429103e-06 0.0004177488402226473 0.001166944670578835 0.000956315047689348 0.0002418350698175391 1.4820776958209843e-05 5.279912526431404e-07 1.15853943303581e-05 1.3305453011586553e-06 8.35227657110161e-08 2.0070236558872855e-05 4.495124989910047e-06 0.0 0.0 0.0 9.658029975565403e-07 0.0 2.915230422431919e-07 0.0 6.354996680317783e-07 0.0 2.05692289413884e-06 0.0 0.0 1.0944370406702309e-06 3.879289150103232e-06 2.321365146894117e-06 1.1260246993339834e-05 0.0 1.2671065973518342e-07 3.8059652517526917e-07 4.833126712862457e-07 1.6798233559039463e-06 1.4021784035586568e-06 9.079261228320818e-05 0.0001804696922855055 2.8079776772003304e-06 0.0 1.9228381043855387e-06 1.495473313142837e-06 0.0 0.0 5.788818976438423e-07 3.3005897931964994e-07 4.547007180089289e-06 4.033539584676661e-05 2.7909500469736067e-06 1.1288972554726497e-06 4.834610288943326e-07 0.0 6.850731461990278e-08 0.0
2.3007274344018206e-06 1.0987102927564622e-07 3.418105273091354e-06 0.0011216056554024072 4.289007907577906e-06 0.0001443068065196816 2.7399033217164777e-05 0.00015209100338193555 0.00014754844555323743 0.003415907861354902 2.5104757935814712e-05 0.002038950354494434 1.1641040177561762e-06 0.00014064328151440809 5.064711274956556e-05 1.318385012106492e-07 2.0620490387378814e-06 1.1498829653170945e-05 3.245225664691488e-06 0.0 4.466932072823294e-07 5.346179234811942e-07 1.9136944746090413e-06 0.00012529522052518087 9.224421188888111e-07 2.091777924825718e-05 1.0685571339769561e-05 0.0020431730743301064 0.0002599561422762436 4.167072373458789e-06 1.9335572020552396e-06 1.6050009787297634e-05 2.6517961552061537e-06 0.00010593321640197208 5.658982700099269e-07 0.00018266497162508036 4.0018177574175545e-06 0.000269941363975124 5.9414824717130495e-05 0.0005100283396317332 2.4306825884702844e-05 2.743993591356757e-06 7.72873552431291e-06 0.0 4.912614879504183e-07 0.0 0.00012050157672923996 0.0 1.0745412062718995e-05 0.00010123477478611024 6.211245868449806e-06 8.717233437285148e-05 6.390044338109201e-05 8.026932630854992e-07 3.5844134410038036e-05 1.596684914096954e-07 2.120266621241758e-06 9.920133675843674e-06 3.446933551319995e-07 0.0 5.447350654030027e-08 0.0 9.019656153130873e-05 6.597096812406628e-08 2.402990860580966e-06 0.0 0.000229597847194094 0.0 5.59383857222519e-07 8.690842751065668e-07 0.00020828007504397687 4.2751924681437774e-06 3.7493688932659533e-06 0.0 9.071279580074814e-08 0.0 4.363579244537249e-06 7.778550967383104e-07 7.089135405010185e-05 6.369992825718347e-07 1.1486536058846519e-05 2.7952069815091347e-06 0.0001302998743875571 1.0006921313662064e-06 0.0 0.0
4.5275853893310676e-05 1.3035909289643572e-06 0.00014020629350624706 0.0 0.0 3.436000576517636e-06 0.00020001061269592734 0.00011068569007601847 1.8638780900701278e-06 3.7188430501871777e-06 3.7467708794527275e-05 4.7077205119936435e-07 1.2555719384506598e-06 0.0002621882940409312 1.5391247595709224e-06 0.0026327696741792485 0.00023150688013333443 2.8186990593271298e-05 0.00014314423267512604 4.466932072823294e-07 0.0 0.0001286172463107544 0.009525779751333183 8.373488192504937e-05 1.7037909204512549e-06 3.218038649995162e-05 0.0003120470154717357 0.002839755864587421 0.00046796408049945196 0.0040429791527083194 3.8860401059757117e-07 2.1358488178949575e-06 9.357121896825802e-05 0.0029767272113807174 6.245876949405108e-05 0.0027388837536359597 0.0002659269774242612 0.002726886548202744 0.0014822054109571382 9.407380888880578e-05 7.037158909435169e-06 2.9441490518877185e-06 2.4633424594362114e-05 1.5912308965047613e-06 8.666149589507138e-08 2.6653739203042604e-06 6.300726925469894e-07 0.0 1.1125870951121654e-07 1.4728416246079251e-05 4.605394919109354e-07 8.696810881281027e-07 8.156256904502847e-07 2.9660996518102035e-07 6.080140432739373e-07 0.0 5.087428279535535e-07 0.0 0.00025664021044278384 6.306512976379456e-07 0.0 4.1992620596899847e-07 6.259800796543312e-07 0.00017076274249759705 4.428520625448375e-05 5.258266983212357e-05 7.315310761190334e-05 1.1054115777813264e-07 8.913225141890873e-07 1.45734418804849e-05 0.00014240593688823934 1.0690792740164023e-05 0.0001388708842092908 6.994922791908954e-08 0.0 1.6196540864205013e-06 6.3374728253735296e-06 3.957410058566005e-06 9.227275056314544e-05 1.2447509128376683e-06 7.010594119229077e-06 7.193547018691576e-06 1.7211322428450806e-05 2.795336874422446e-07 0.0 8.590396188335976e-07
0.0 0.0014469181235963959 4.9398751025103175e-06 1.0325143247724739e-06 1.040772821384098e-06 4.97657871074605e-07 1.7750540851846383e-06 3.6551456992471246e-06 0.0011287556605906544 1.8063520442487146e-06 2.925836097309042e-06 6.978928734322037e-06 6.067838041822448e-05 5.822442359514539e-07 2.1782200972102044e-05 0.0015641139547408784 3.004299950451137e-05 1.7241466351533822e-06 2.4119174870276914e-05 5.346179234811942e-07 0.0001286172463107544 0.0 0.00010076103981377658 0.00344026333594617 0.0005504963173343845 5.5232351459752925e-05 0.0028195059796842854 0.0003485917474452394 2.4180883236447046e-06 4.579777953465333e-06 2.514584833428708e-06 6.582351105127464e-08 4.816123973877844e-07 1.8439618849680194e-05 3.2941087299847833e-07 4.348367591737443e-05 2.3710316957562676e-05 5.346630542168575e-05 9.804187687562333e-06 0.00012209600698204873 2.8003036614864036e-07 2.0243886519399637e-05 7.715401636824948e-08 1.316144986377485e-07 1.1763949975512678e-05 1.2717922384129336e-05 3.3524496783816894e-06 0.0 0.0 6.3839149264878945e-06 8.464865884772526e-07 7.833108045087308e-06 5.3156047963182e-07 1.7581317580479535e-06 0.0 4.24786115122517e-06 3.132113407941801e-07 0.0 0.0006230621336044553 6.218739215200396e-07 5.1164117475326026e-08 1.7953316877529402e-07 2.701211064737008e-07 7.744845787793013e-05 8.132618973830099e-05 0.00013287688340107916 5.362770157889604e-05 2.8581514440088096e-06 9.695131825068818e-06 0.0006230131722186399 5.2834727383919565e-05 3.0106946508395364e-06 4.2659159502438065e-05 1.7920134905596838e-06 0.0 2.4787026361826487e-07 1.8210776048415536e-06 7.825872757517152e-08 1.0803848761833609e-05 3.008807821007338e-06 3.078763765728941e-06 1.8832299944518406e-06 1.2193018895837993e-06 1.7448377434347434e-07 2.5618556093546346e-07 0.0
5.3210060473796645e-05 1.539990348887153e-06 0.004614145158455735 2.5288471355940274e-06 2.6275241315833747e-07 2.117727962379671e-05 0.0011456156058575202 0.0005704160368461869 2.3158536141220666e-06 5.660817691845191e-05 7.430078365174535e-05 1.7986163158185113e-06 7.226336208386533e-06 0.0006221717813128529 3.8900652382607386e-07 0.001112612849681091 0.002428163345264524 7.530847299073271e-05 0.00043753151424140907 1.9136944746090413e-06 0.009525779751333183 0.00010076103981377658 0.0 0.00027656573000472604 7.650620997742831e-07 0.0010482007840736994 0.007553433429081042 0.0021992038401999763 0.0001457459473572278 0.0017844874541471532 1.3543527602056146e-06 3.241309050630777e-06 1.934325289447521e-05 0.0021893463814995845 0.00017004855571511735 0.006417629649642185 0.0020939795312071995 0.004236610437175667 0.004421872978988704 0.00030001411668947924 1.2622403424014593e-05 8.751468617992421e-06 5.6847516307022695e-05 3.200339599258289e-07 2.947524615412024e-06 4.887483490306006e-05 1.0214408664640325e-06 0.0 0.0 1.399616708110621e-05 1.1512968875977189e-06 1.1462772071094273e-06 5.084682986523846e-07 4.221782772878863e-08 0.0 5.52156696797343e-07 1.403713053387169e-06 0.0 0.001313414768308033 3.404332724441584e-07 5.224908016649313e-08 2.104239816916826e-07 7.614613280017228e-07 0.00013250699471316119 0.0001486536743521235 0.000879921100172212 3.193425933031299e-05 0.0 2.2796037603173886e-06 0.0008327992872261999 4.3090113749222615e-05 1.5598601243244656e-06 5.375244249256987e-05 0.0 0.0 9.145083880514466e-07 2.6072168820535086e-06 1.2138859620297485e-05 0.00010433766008187347 3.5452968186742813e-06 7.356794821596767e-06 8.172911813590217e-06 1.3316467369475318e-05 1.2722299733630248e-07 2.736490227081309e-06 6.461570269366609e-07
