0.0 2.397615309165326e-07 2.6518068472678146e-05 1.390958627683518e-06 6.097404571153759e-08 2.820789703045853e-05 0.0009917086382566392 0.0005874497551662 7.105806575255993e-06 8.20447835331451e-05 5.444917674001692e-06 4.6980074639565435e-06 4.613764368935368e-07 0.0024401427595207854 0.0 2.0229830479622243e-07 0.00012428467452787933 1.2637487137688633e-06 7.86030733947983e-06 1.078461068209969e-05 4.6691536596423346e-05 2.0557110147155353e-06 0.00016935954623903523 2.6355273954051407e-05 1.3581145452933228e-07 1.774446376381542e-05 4.57842068219623e-06 1.9469282581817012e-05 0.0016659537022817097 0.0016113174004918386 2.171346923595991e-07 2.3588093583019377e-05 1.3602297789938997e-05 8.332509038543706e-05 1.7431049437962191e-06 3.1115447885356484e-05 2.1793012613645217e-06 4.354353543869194e-05 9.153932632873218e-06 2.1124679971012077e-06 5.959666549050448e-08 0.0 3.9894253107563196e-07 5.1390386810983876e-08 0.0 6.370826323249285e-08 2.935482215087178e-07 0.0 1.0796121509756206e-06 5.2158001994929305e-06 2.9063552066639724e-06 5.272803997522923e-06 1.937521794627185e-06 3.7034104702585526e-07 0.0 2.1431217718587513e-07 2.4361627974346754e-06 0.0 4.553297903456501e-07 2.0677188638704927e-07 0.0 4.1700832367286016e-08 1.2187105642014683e-07 8.513431116650671e-07 2.859205919043394e-07 1.1576708070160314e-06 1.211387251395776e-05 0.0 8.190924834076253e-07 2.7816856823494904e-06 1.5625290220906125e-05 2.9705635505741233e-06 2.468956266389676e-06 0.0 6.921719434948826e-07 2.3031816049557818e-07 1.990318966307163e-06 0.0 1.074279760372893e-05 0.0 3.901558579907388e-06 4.4146403773125113e-07 5.8409017390661684e-06 0.0 2.391999165992739e-07 1.738285595050344e-07
2.397615309165326e-07 0.0 0.0002229560806750686 1.221674429435638e-07 4.250537062675331e-07 5.232654511462265e-08 6.5084030954074645e-06 1.8083831290976746e-06 0.00031441573708111263 7.690510652614725e-07 5.157845038582012e-06 1.9776460082147923e-06 0.0003835002699261547 1.746416238948268e-07 3.86495452274718e-06 0.00011182524254061457 0.00033846962248211234 1.1559148609772392e-06 1.2809503612933342e-05 6.269182810914746e-08 1.6915957626640644e-06 0.0017133644781729615 5.266042846186197e-06 0.00041624874248710124 0.0007411699763587938 0.0002075016829055383 0.004276731593819306 1.9674312277056883e-05 6.810655591161161e-07 1.1503130624634015e-06 1.058330474992763e-05 2.7791174062761154e-07 2.88944023619337e-07 0.00029411449927453594 8.82304550815665e-07 0.00010969897337610786 6.250193269855923e-05 7.487535646722641e-05 1.9037738263715773e-05 9.039224621751533e-06 0.0 8.953871537797322e-05 1.988972699156314e-07 7.111588686510804e-08 1.4564863080745715e-05 5.42656216800108e-05 0.0 0.0 0.0 4.3213601054247927e-07 9.855641544736159e-07 1.1891982970547368e-06 1.0038719037949481e-07 6.734149780577386e-07 0.0 1.5882647758748317e-05 2.830926014086154e-07 0.0 1.6170235131510245e-06 1.5789501972792557e-05 6.944605938463766e-07 1.798222647497628e-05 0.0 2.3388093235480558e-07 4.640681013838318e-06 1.2284724925852383e-06 7.249277556279441e-06 9.251837059609239e-06 0.000263604172006259 0.0017368143757169143 1.3636959530840202e-06 2.216635446435276e-07 3.046406569434589e-07 4.0799566970436455e-07 0.0 0.0 5.351251317716458e-07 0.0 5.197449952693194e-06 4.387332317278116e-06 3.83404962133779e-06 1.6054067671216718e-06 1.5744849641276235e-07 0.0 9.44024282875315e-07 0.0
2.6518068472678146e-05 0.0002229560806750686 0.0 8.84340955860228e-07 0.0 6.533747128142315e-06 0.0010071512650274967 0.0002509990551206279 1.188816717717156e-06 0.00010044070220055167 1.2183073803619301e-06 1.7094764216495927e-07 3.920740877793773e-07 0.00016493013996464952 0.0 6.488655652210896e-06 0.0021499027296458294 1.0351735130202172e-06 1.4066146389887341e-05 1.8914225017825174e-06 0.00023652367759400812 0.00021679200144896185 0.004557459102094828 1.6476426107424027e-05 2.470877607104838e-05 0.0037978394579519102 0.006912036712748134 0.00032272802545606054 3.5923742949204987e-05 0.0009478057604409913 1.2326168585503432e-06 1.1319493423383015e-06 1.6418462792506823e-06 0.00011700719280796283 9.281339841017442e-06 0.0005848627179990173 0.00013040346539856457 0.00023265205750785977 0.00010268717806817857 1.949544561846747e-05 4.677168255250976e-07 6.375312434538061e-07 5.209687753957309e-06 2.806996965885973e-06 0.00014564046272666338 0.0013786583718565163 4.539154945067957e-07 0.0 2.3749948477033698e-07 3.6796741963887016e-05 6.29468281232514e-06 1.738395988043526e-06 2.9270807729496804e-07 2.1020524431169225e-07 0.0 1.094619297052354e-06 1.3748356562620624e-05 0.0 2.0897265930437224e-05 0.00021141931430649426 2.9279967003380487e-07 1.4946419588631074e-05 0.0 6.51873758875249e-06 0.0001620538037112019 0.0002577615093785249 1.6662463550578718e-05 8.419792951234578e-07 8.258780845112759e-05 0.0027991917542804176 1.3142421648347726e-05 1.4517520296234946e-06 8.994071007193578e-06 5.2074067705785967e-08 2.1987851357251286e-07 0.0 1.1624143410062086e-05 3.369870002217772e-06 0.0001091846819853297 7.388046784319161e-06 8.979561320564952e-05 8.84948806322942e-05 1.533328102527829e-06 1.3286663687121012e-07 3.546937943333645e-07 2.1379997774479095e-07
1.390958627683518e-06 1.221674429435638e-07 8.84340955860228e-07 0.0 5.573825968877629e-06 5.7498191020019115e-05 6.837977099027763e-05 5.3765580079181817e-05 0.00034802247598068 0.0018624636784294734 1.986685414781608e-06 0.0005733090453086223 6.476891338833993e-07 1.878452302955618e-05 3.648695417323289e-05 9.650949124004565e-07 5.924435991063017e-07 8.72789712032565e-07 6.666081445000701e-07 0.0027113264248475716 2.5578897033517137e-07 1.5112330094363822e-07 6.5809422806214e-07 0.0011399654372605684 1.7301743031244097e-06 1.2783330538826706e-06 3.940335814818633e-06 0.0012902102286260846 3.792778642460468e-05 1.1171097624224872e-06 1.5052808892432196e-07 4.241730579883052e-06 7.593747897102332e-06 2.1623024134507187e-05 3.562845355627549e-06 0.00013897553954627008 2.3683465854065446e-06 5.2125450045129235e-05 2.0536230537498428e-05 8.568779546768411e-05 1.5966151730958869e-06 1.581268123290932e-07 1.5340746678192227e-06 2.709214590507697e-07 0.0 6.593658991825432e-08 9.872452459356586e-05 9.367639450240071e-07 2.154696125045808e-05 0.00012935658565852297 1.3784726288175067e-05 2.6875041865388695e-05 0.0001682896233457173 2.0636130953107866e-07 0.00012466833333111578 2.2118975236037875e-07 5.182023482182122e-06 1.6165577493108364e-06 3.1344265370054873e-07 0.0 0.0 0.0 6.869027229262881e-05 3.454683143323789e-07 7.663178180025807e-07 2.152490850645201e-07 8.74116752698652e-05 0.0 9.498107660168387e-08 1.1499496175140434e-06 0.00012608441343244138 8.318306670818736e-06 2.2271009594034815e-07 0.0 2.171046640804521e-06 1.8351831561104363e-07 2.0250560946682612e-06 3.081756869175559e-07 7.026569705259159e-06 0.0 7.854662396646217e-06 5.178385261983811e-06 2.021908362490004e-05 0.0 5.787504389908078e-07 0.0
6.097404571153759e-08 4.250537062675331e-07 0.0 5.573825968877629e-06 0.0 0.00020943886773005314 2.0319477633748626e-06 1.1397056948984773e-05 0.00010712660269028435 1.2825648826946744e-05 3.418804401574289e-05 0.00022015178247979618 5.771378866507145e-06 9.203909553324287e-07 0.0010960493872051902 7.25044878815395e-08 5.24469032699436e-08 3.917147597851295e-06 1.7549335494009472e-06 1.810887461857076e-05 2.165780853555802e-07 3.5168578636072937e-06 6.643658384306893e-07 1.7187502165159187e-05 6.504283130582033e-07 2.537072061098611e-06 2.258895979230338e-06 8.281831639488288e-06 2.1726151493348294e-05 3.9267492351371516e-07 4.6860950086847437e-07 0.0002614068505051499 7.539848207126715e-07 0.00020801317128911766 1.717626622986766e-07 2.4021237277301874e-05 4.349446741788793e-06 0.0002487947691773525 7.678316023066023e-05 0.0011723592292037213 4.488908986546845e-05 2.1802971687865535e-06 7.888459561754407e-07 0.0 0.0 0.0 6.699543120121824e-08 0.0 0.0 5.224910374311226e-07 0.0 7.244918522686399e-07 1.7041288698460022e-07 0.0 1.6868400935491788e-07 3.257054763110644e-07 0.0 0.0 1.2804702938878482e-07 0.0 0.0 0.0 0.0 6.925563194701773e-08 0.0 0.0 7.697333345200953e-07 0.0 9.554026716625733e-08 1.7350491812999365e-07 2.3209461330846284e-06 4.401895737780836e-07 4.921060823395319e-07 0.0 0.0 0.0 0.0 0.0 1.3063439032671034e-06 0.0 1.7061037146163196e-07 2.1061127805823405e-07 0.0 0.0 0.0 0.0
2.820789703045853e-05 5.232654511462265e-08 6.533747128142315e-06 5.7498191020019115e-05 0.00020943886773005314 0.0 0.00034155872755302775 0.0032183686473285906 7.554649358576879e-05 0.0021405053322961377 6.115863785232181e-05 0.0019765016442704173 1.3748388782931046e-05 0.0003248995800157382 0.001515723539979681 6.448798713479838e-07 5.719961563485024e-06 9.55197212772861e-06 6.275953790435442e-06 0.0002589824295947212 4.738039711920286e-06 2.0288219594997453e-06 7.438429152554584e-06 0.0001015912476046324 1.2103636431820666e-06 1.282422264064142e-05 6.636616739719849e-06 0.00013744286824267043 0.00036503555085093186 1.8111373519004087e-05 2.7526183165060976e-06 0.00043682952966544677 1.1227540199847383e-05 0.00028260233689508807 6.295054609138149e-06 0.00045239519629704136 1.5417110488069233e-05 0.00044164058111825565 0.00029299306796868555 0.0018605777337343228 8.039461363438434e-05 1.5150520788735137e-05 9.461935639778035e-06 3.970982759692236e-07 5.2776453731201236e-08 2.5064495287795266e-07 1.871454321683433e-05 0.0 3.0115771596388364e-06 5.7179896367303044e-05 5.234500794606631e-06 2.5838735398283623e-05 2.5370844831164942e-05 6.617182900442148e-07 1.7517030926791173e-05 2.0736342206438047e-06 3.216320585715399e-06 1.5977166906898673e-07 7.765704783036516e-07 1.5087057621309893e-07 0.0 0.0 5.243770735439843e-06 1.2748041536818484e-07 6.057332443516713e-07 5.676144254720727e-06 5.214585004854053e-05 0.0 1.2899193907574548e-07 3.30855262071377e-06 7.750415473336739e-05 1.1359168420854812e-05 1.05596395863742e-05 4.6630589326139826e-08 1.467524567880611e-06 1.080059110756515e-06 3.7437817506171344e-06 0.0 2.4258726161483548e-05 3.2947958266266784e-07 1.0347877326381471e-05 3.3228893423389594e-06 1.0524094876555207e-05 6.240515181626855e-08 7.724315534160034e-07 4.225972386284684e-07
0.0009917086382566392 6.5084030954074645e-06 0.0010071512650274967 6.837977099027763e-05 2.0319477633748626e-06 0.00034155872755302775 0.0 0.0018968370338583909 0.00030622956685457043 0.005533660064339107 7.060303205956155e-06 1.6260932432610504e-05 2.2203843602177603e-06 0.004387423947575608 1.4166578307445507e-05 2.050338700682588e-05 0.000261717279361267 1.9414766969483196e-06 1.2254219475627298e-05 5.0645263473605204e-05 0.0004546258519427869 3.4713031271118105e-05 0.0007466473880750726 0.0012862320398556069 2.357637859700481e-05 0.0004752293648389061 0.00040164901225526794 0.008835898050893926 0.0008548636200883229 0.004192527407497844 7.558849971585066e-07 1.2729913388712612e-05 0.0001577630911480277 0.00019254538357587917 4.2110837944368225e-05 0.0009399778889090402 3.392941212429106e-05 0.0005479841465602147 0.00025480575265866823 6.095400890955886e-05 3.7270439271697143e-06 3.729192136843638e-06 9.722153437890714e-06 1.691626331626503e-06 1.1038095698577407e-06 9.288672918083948e-06 4.773730407749914e-05 0.0 6.679259913433339e-06 0.00015229413958425364 1.427003799816579e-05 0.00014007698164244722 4.560008112990912e-05 1.0767155496346532e-06 8.02093660225992e-06 1.0909935000134114e-06 1.2927531541222118e-05 0.0 9.445240062682366e-06 1.7090291917173005e-06 4.914120976421057e-07 4.895731922943715e-07 8.832596387419238e-06 1.3731250975606423e-05 1.6777831202925715e-05 2.5602051656587367e-05 0.00017782716056129977 5.226253825799614e-07 1.6996354644694764e-06 3.8750276362435635e-05 0.000217908211633863 3.0476194506643103e-05 4.536339166176421e-05 5.0824701198005864e-08 1.226777764375258e-06 1.672536490202439e-06 1.3198817925347512e-05 1.9772901275045834e-06 6.480425927053478e-05 6.268443889766439e-07 2.3194199074335814e-05 8.805104167840159e-06 3.793847659319266e-05 1.4580094247015692e-06 8.421113268631402e-07 0.0
0.0005874497551662 1.8083831290976746e-06 0.0002509990551206279 5.3765580079181817e-05 1.1397056948984773e-05 0.0032183686473285906 0.0018968370338583909 0.0 0.00011962243114809196 0.0025775153663997077 7.664220588493863e-05 0.00043550641093940555 1.600814934936925e-05 0.004113348853002032 4.923320934344316e-05 4.551770178274946e-06 0.00045757145104997524 1.1038189661799637e-05 3.5972109752103e-05 0.00024218650836547626 9.169188213980684e-05 1.8321987646969325e-05 0.0004951021606889642 0.0005584763525754791 3.3995330442842916e-06 0.00016776607781225528 4.935194480965867e-05 0.00023320985595183871 0.0005397134937018751 0.0009109937125626061 3.981117938379634e-06 0.0002629484722898469 4.761428813086828e-05 0.0005137313703731959 1.346272617800209e-05 0.0006308709030228032 2.543763720363845e-05 0.0006357620694251671 0.0003561279521596083 0.0007092542038109868 4.914076788403695e-05 2.183054466749288e-05 9.30862064620021e-06 2.0938484816515074e-06 3.394656720228042e-07 1.799130972597354e-06 4.9058760889212893e-05 3.287944939366357e-07 9.858369583019495e-06 0.0003900480584053203 3.959859194826029e-05 0.00016626543708147696 7.681917953560663e-05 2.5844976907698495e-06 1.4341186953845007e-05 1.1625992855119303e-06 3.719122021647279e-05 0.0 2.7193459490260277e-06 5.016422440583433e-07 7.620641434548362e-08 3.765636724774975e-07 1.147084773040676e-05 4.367266133481169e-06 5.087689357299932e-06 2.0582033862364102e-05 0.0002966059667242445 4.930558471417616e-07 2.36883385101506e-06 1.8511464064153783e-05 0.00042090581531371515 5.590064807092283e-05 5.100581247987876e-05 5.27030106003842e-08 7.097867864414117e-06 3.2424874919992637e-06 2.5651208454467747e-05 1.2883636307096766e-06 0.00012122162235174782 2.7452815258091003e-06 5.246305340756137e-05 2.1072307583868644e-05 5.059212213665382e-05 3.072741011439778e-06 8.921903417130339e-07 9.489222418731161e-07
7.105806575255993e-06 0.00031441573708111263 1.188816717717156e-06 0.00034802247598068 0.00010712660269028435 7.554649358576879e-05 0.00030622956685457043 0.00011962243114809196 0.0 0.0003063885222745071 3.0037857421881647e-06 0.00044750112599544406 2.995406576506666e-05 2.6394619926144942e-05 0.0005284423231342258 0.00011219394050020194 2.3138326320306143e-06 4.2527084711249566e-07 9.054975962636267e-07 0.0003327654867223693 3.4709922608539455e-05 0.0017305670356168056 1.7756484660141427e-05 0.003817760747602658 6.355510764345978e-05 3.856119936599589e-06 0.0003589338847175705 0.0007396830199606488 1.8981719829593383e-05 7.064595936786183e-05 1.3212440693901508e-06 5.70399239686446e-06 1.2687666085726165e-06 2.2961362581530988e-05 1.701045609108677e-06 6.423104039069428e-05 4.643497030158688e-06 3.708660000100524e-05 9.589915565081489e-06 0.00044616631098851886 4.8655098044611e-06 2.9376918823017176e-06 1.7801336447098512e-07 8.019206446167282e-07 2.994916253240917e-06 4.347855717471177e-07 0.00023237826186622916 1.602492054222177e-06 3.3018840293339835e-05 0.00015212467313654562 1.8831474368495917e-05 0.00021756651403947736 0.00021240871766239162 1.0901576972467794e-06 0.000302610948065504 1.40413686401425e-06 1.3178776469915874e-05 6.339488411003027e-06 7.990424154352636e-05 9.983362619340742e-07 0.0 1.8518639015138516e-07 9.412652444146356e-05 0.0001480028269843845 3.4491780327563564e-05 3.402340842294733e-05 0.00075148730509824 9.622619450310863e-07 2.5122964269055663e-06 2.346303164667674e-05 0.0004304095173337216 3.1559076261941614e-05 6.987700550002944e-05 1.4506856507360258e-07 1.0305738544353162e-06 3.110021482041682e-06 7.01717856537684e-06 6.932985128748594e-08 5.240325772419925e-05 7.564030638313659e-07 1.900781220453094e-05 6.461524187482042e-06 7.386640899320665e-05 3.098067431064458e-07 4.6550717353035523e-07 5.790122195006103e-07
8.20447835331451e-05 7.690510652614725e-07 0.00010044070220055167 0.0018624636784294734 1.2825648826946744e-05 0.0021405053322961377 0.005533660064339107 0.0025775153663997077 0.0003063885222745071 0.0 5.1653337863965377e-05 0.0016011684267706132 1.1301278830634672e-05 0.000897189054732569 3.553114242386436e-05 1.0167639622811555e-06 2.57209551683874e-05 1.3300188379302615e-05 9.18920104630094e-06 0.002399158931698888 2.8994531059279563e-05 7.086307656125971e-06 3.5487109777801054e-05 0.000618687379165979 3.4662138442303415e-06 7.924799669203233e-05 4.835244757779826e-05 0.005282826698222894 0.0007211426505948555 2.8148848460300528e-05 3.552948918482122e-06 8.970275336543636e-05 6.884832302880221e-05 0.00030750440088471394 2.6452774093512594e-05 0.001170637052439759 2.799989387770738e-05 0.0006266652284922618 0.00020872828522370266 0.0001981726785563295 2.1090474679435247e-05 3.631653141240493e-06 1.4197624699698466e-05 9.327573829066277e-07 2.488898363181017e-07 9.329783743602523e-07 0.00016466348192842653 4.330230127064939e-07 3.254135122040854e-05 0.00038226882879692893 3.099440792117577e-05 8.051089410167123e-05 0.00026904565957556765 5.206426501498063e-07 0.00017866157995111097 6.65507311796958e-07 1.390968196750438e-05 1.5078778432192454e-06 1.1792814273317277e-06 4.0923824057274774e-07 1.5768096435437585e-06 6.906462349364417e-08 7.377971890106514e-05 7.780010555204339e-07 7.143230370687016e-06 4.5424856530711835e-06 0.00020085760131574883 4.7491031422267383e-07 2.2844702532504912e-06 7.561903606987374e-06 0.00033079804068351806 2.1748972909401018e-05 1.6057945405361702e-05 4.561641434266103e-08 3.620225904514501e-06 1.5748534506347649e-06 1.310073243629551e-05 8.964864414451436e-07 3.8936413293598903e-05 8.457578114112656e-07 2.0953521184602204e-05 6.46100373510599e-06 3.543190556857798e-05 6.020788569239112e-07 5.199546506375824e-08 3.262483436432679e-07
5.444917674001692e-06 5.157845038582012e-06 1.2183073803619301e-06 1.986685414781608e-06 3.418804401574289e-05 6.115863785232181e-05 7.060303205956155e-06 7.664220588493863e-05 3.0037857421881647e-06 5.1653337863965377e-05 0.0 2.268344226835267e-05 0.0010959469876950948 9.440068508807276e-06 7.753319254616981e-08 2.422965517332845e-07 7.744206516023866e-05 0.0015387337236027591 0.00030398409889517556 1.5083690655945073e-05 4.264734195931587e-06 2.0579246619070116e-06 1.7795112820945208e-05 4.714131571916345e-06 8.712913255972512e-05 0.001071560123912185 0.00024729028599952875 7.167828340383778e-06 0.0002310697583384403 9.760713303660041e-06 0.00036601173612126476 0.00012469905280212742 5.3229822873042326e-06 0.0036120890711017943 5.064799904949305e-06 0.0003045894221980978 0.001413656942471232 0.0027008385714583655 0.0004949667175877688 1.584625368912844e-05 2.710371942688261e-05 0.00047773994542393817 1.8634362209555234e-06 0.0 4.461982020338504e-06 1.6059746139458352e-06 0.0 0.0 0.0 1.8410205837177417e-06 5.688136085039257e-07 2.931203618121713e-06 3.885725299440119e-07 0.00020321255785851853 4.78197577315131e-08 0.0007521790352452704 4.245043248621787e-07 0.0 2.8253497467819204e-07 5.183334188277088e-07 0.00010128294100463024 1.1802753972735908e-05 0.0 4.6729676293059594e-07 7.575249721484865e-07 8.037722470801782e-07 6.677224120985607e-06 8.312324031507974e-05 0.00010218347336658803 0.00033901940693052316 9.259876879368081e-06 1.4529655382893503e-06 1.4673168176504476e-06 6.815713722542458e-05 0.0 0.0 1.8986804463207336e-06 1.7257335544408368e-06 1.7357770966324815e-05 9.263629613700127e-05 1.376915740221775e-05 5.756855154455014e-06 1.1678720928920526e-06 1.3731209608197954e-07 0.00019564596365085374 4.799992207946603e-07
4.6980074639565435e-06 1.9776460082147923e-06 1.7094764216495927e-07 0.0005733090453086223 0.00022015178247979618 0.0019765016442704173 1.6260932432610504e-05 0.00043550641093940555 0.00044750112599544406 0.0016011684267706132 2.268344226835267e-05 0.0 4.535529007245892e-06 6.914672851537629e-05 0.0010086795214446528 6.72070853093329e-08 4.7651116672425543e-07 4.515216666060846e-06 2.0078979613046362e-06 0.0023013198628694643 4.2429366004087435e-07 8.109731512433874e-06 2.74164059648691e-07 0.000480394541048275 1.7615814350077943e-07 4.1140281190902945e-06 3.107180954238112e-06 0.000286923315291807 0.0001448777573845723 4.767378275522925e-07 1.2569213220702873e-06 5.1452532537553966e-05 2.016972776729362e-06 0.00010636394319783198 1.2131877145800416e-06 0.00042011351424291513 3.4941918492926722e-06 0.0001647601715033496 4.5622709007217206e-05 0.00162115839666127 1.1595851032481138e-05 8.522672254017904e-06 1.4961966489591506e-06 0.0 0.0 0.0 6.650382800760889e-05 5.212471120007993e-07 2.1348739808021958e-05 9.538835469600534e-05 8.875154375928465e-06 1.7215357928616305e-05 0.0001450331718958883 5.276416831099703e-07 0.00030977783676225065 1.4685327272392931e-07 2.7411402760974476e-06 4.368083626831913e-06 1.4730416682236902e-07 0.0 0.0 4.961625311467953e-08 6.587284868513638e-05 2.129118569256909e-07 9.003042133945738e-07 8.442470677183053e-07 8.932121389991881e-05 0.0 0.0 1.100895899514346e-06 8.69712485906733e-05 5.882290725401151e-06 6.881735049441954e-07 0.0 5.495904378524785e-07 2.2039546159028648e-07 3.5608917500840596e-06 3.558381404363326e-07 1.2391116231056818e-05 4.213534615911665e-08 4.7912660133888775e-06 2.1976120964997124e-06 9.165724347972788e-05 2.2543287958874594e-07 5.048095066607109e-08 0.0
4.613764368935368e-07 0.0003835002699261547 3.920740877793773e-07 6.476891338833993e-07 5.771378866507145e-06 1.3748388782931046e-05 2.2203843602177603e-06 1.600814934936925e-05 2.995406576506666e-05 1.1301278830634672e-05 0.0010959469876950948 4.535529007245892e-06 0.0 9.567037778705323e-07 3.960681392235555e-07 2.7764032027883223e-06 1.8003222946040145e-06 4.3094181941382165e-05 5.299402369834255e-06 3.0367899330387087e-06 8.610868752210199e-07 9.312052237867404e-05 1.698029296453764e-06 3.824038118340982e-05 0.0018196196251512077 6.65115259678956e-05 0.002160552073510033 2.2393135414638304e-06 2.873569083163538e-05 1.0652750108060117e-06 0.0008439327782617301 2.1915268030820858e-05 8.994065002983631e-07 0.0009387368195307131 5.8013145978730286e-06 0.00016958584195555517 0.0012164017012973889 0.0013315615110034175 0.00033613202788100897 6.80055677256899e-06 1.8142721799737103e-05 0.00044201124297957924 2.438913284918711e-06 5.876812637202946e-08 1.8673312603902825e-05 1.9250539651549295e-07 0.0 0.0 3.98197948162808e-08 4.388369561669022e-07 2.308896029968023e-07 1.7159107963330812e-06 3.950195218392811e-08 0.0004578014893488421 1.822897602732979e-06 0.0022365361035088936 5.4969942301443035e-08 0.0 2.924608925705665e-07 7.246739038714307e-07 0.0001023078190364503 9.970865491759105e-06 0.0 0.0 1.5129014720815487e-06 1.4024544790597025e-06 2.158781634153124e-06 0.0005657966752351525 0.00010439968497972404 0.0007331027649756239 1.4598012361921837e-06 3.3900841985413373e-07 0.0 0.00012067689004268417 3.5711576630234386e-07 0.0 2.463365993067179e-06 3.227572273496903e-06 1.5024833607908591e-05 0.00023945156463570818 3.1597873389127645e-05 3.997149331140565e-06 4.691876248606173e-07 1.101279061710823e-06 0.0004619111253541104 3.2617035740302205e-06
0.0024401427595207854 1.746416238948268e-07 0.00016493013996464952 1.878452302955618e-05 9.203909553324287e-07 0.0003248995800157382 0.004387423947575608 0.004113348853002032 2.6394619926144942e-05 0.000897189054732569 9.440068508807276e-06 6.914672851537629e-05 9.567037778705323e-07 0.0 7.992535083514102e-07 2.1162310538801295e-07 0.00037035777401280717 2.044699620895304e-06 2.113268567559576e-05 9.399612924851175e-05 7.770768342558443e-05 5.138675468250935e-06 0.0004886031753148146 8.669161647267269e-05 5.7988659684294576e-08 8.531724581811949e-05 1.795585756013071e-05 6.242897058562402e-05 0.001929521663411436 0.001586040127517239 3.8233907180179677e-07 0.0002165230104765828 1.2723461769999034e-05 0.00016007008629382935 2.2842702194574486e-06 8.684751468435966e-05 5.085732601258445e-06 9.378416861368386e-05 2.4631405151978693e-05 2.623910051237762e-05 1.4559289963939479e-06 4.106675735711187e-07 9.353886841597177e-07 9.100072525784861e-07 4.660912941225483e-08 7.435524069981688e-07 1.935487162688982e-06 0.0 3.642123201123077e-07 2.4846266634470934e-05 4.951313389081997e-06 1.755164212274627e-05 4.963370322082542e-06 6.902565472519653e-07 1.6478649403966854e-06 0.0 3.9596119960233155e-06 0.0 9.57778527646396e-07 5.163733524803575e-07 5.278686026745576e-08 7.777229936327029e-07 4.680516724757397e-07 1.2117229460891155e-06 9.249485159586022e-07 4.580198993726833e-06 4.42243580175526e-05 0.0 1.9641233669008507e-06 6.698291504889021e-06 5.6945607883026906e-05 1.0357702839272495e-05 1.0585956460928606e-05 2.961809952771753e-07 1.2121104154881673e-06 8.925415994098794e-07 4.929638567857261e-06 3.878799682976127e-07 2.2589351294948656e-05 0.0 1.0289999523894164e-05 3.5470687917341047e-06 1.2131677652310174e-05 1.1966184503853e-06 1.4262001553396953e-07 0.0
0.0 3.86495452274718e-06 0.0 3.648695417323289e-05 0.0010960493872051902 0.001515723539979681 1.4166578307445507e-05 4.923320934344316e-05 0.0005284423231342258 3.553114242386436e-05 7.753319254616981e-08 0.0010086795214446528 3.960681392235555e-07 7.992535083514102e-07 0.0 1.7757915888004534e-07 0.0 0.0 0.0 7.44425290365223e-05 0.0 1.935467407772865e-05 9.346460646007171e-08 0.0001490072592734981 9.007469002174372e-07 6.391011959623626e-08 4.1748276241689006e-06 3.91173125827232e-05 1.261597303752108e-05 0.0 5.3039760025661485e-08 0.0001567969732103318 0.0 5.194691353057316e-07 5.99141504576258e-08 2.264411055340405e-06 6.245708176391082e-08 1.9860606725510042e-06 6.588015453018098e-07 0.0004114700288986217 1.4093287275670592e-05 0.0 0.0 0.0 0.0 0.0 6.91740005653708e-08 0.0 5.4882291490050314e-08 1.0427052236584387e-06 0.0 6.111331104027798e-06 3.9394477206341777e-07 0.0 6.729387658268541e-07 0.0 1.3601161008075176e-07 0.0 0.0 0.0 0.0 0.0 2.8753883682903594e-07 4.1869091028971896e-07 3.469278243834133e-07 0.0 3.474973575610936e-06 0.0 5.698742533328438e-08 0.0 2.3245956273476266e-06 0.0 1.6028639499638647e-07 0.0 0.0 0.0 2.543721365951536e-07 0.0 8.65467368727947e-08 0.0 0.0 0.0 7.646219064533771e-08 0.0 0.0 0.0
2.0229830479622243e-07 0.00011182524254061457 6.488655652210896e-06 9.650949124004565e-07 7.25044878815395e-08 6.448798713479838e-07 2.050338700682588e-05 4.551770178274946e-06 0.00011219394050020194 1.0167639622811555e-06 2.422965517332845e-07 6.72070853093329e-08 2.7764032027883223e-06 2.1162310538801295e-07 1.7757915888004534e-07 0.0 1.6562799730519866e-05 8.175389340353731e-08 1.5769328135565904e-06 0.0 0.0010603737439679527 0.0021946935962526425 0.0010137299443069296 0.00266184359512516 1.6605139832414075e-05 5.7258215049771605e-06 0.0019131694197263313 0.0018939843916556715 1.7196546799726302e-06 0.00011108971746553171 5.764419952932089e-07 1.0764475442278439e-07 3.241892763208505e-07 6.293139982255976e-05 2.72917005370533e-05 0.0007991356410110052 0.00025421216628109813 0.00036459633679385264 0.00030332851836879944 1.7564057371624558e-05 0.0 1.111346029072651e-06 6.361370628597648e-06 2.0979512404963407e-07 3.323677571824864e-06 3.706319160303847e-05 9.227519910388431e-07 0.0 5.242574775200023e-07 1.8815951758331623e-05 8.232376293873305e-07 8.973971648043945e-06 5.552402776558041e-07 0.0 0.0 3.714129392848166e-07 9.421935886081063e-07 7.061692864748483e-08 0.0009818928158180239 1.7873420678333132e-06 0.0 2.785395077928852e-07 8.90963040106073e-08 0.0003885796357172139 0.0010114924469476567 0.0013812107713529066 0.00011434514702446545 3.0304115139391906e-07 9.890587492518163e-07 0.00048736525469562187 4.5185109671679685e-05 3.2487774840777383e-06 2.4242190460746322e-05 0.0 5.5103290553573096e-08 3.945861000678911e-07 7.399232121395285e-07 1.9670278064373153e-06 1.3564129696966348e-05 1.27030768532116e-06 5.505897982659732e-06 4.458708656725732e-06 2.7835515115182617e-06 8.055119459855853e-08 0.0 0.0
0.00012428467452787933 0.00033846962248211234 0.0021499027296458294 5.924435991063017e-07 5.24469032699436e-08 5.719961563485024e-06 0.000261717279361267 0.00045757145104997524 2.3138326320306143e-06 2.57209551683874e-05 7.744206516023866e-05 4.7651116672425543e-07 1.8003222946040145e-06 0.00037035777401280717 0.0 1.6562799730519866e-05 0.0 1.3491201508958805e-05 0.001155186424956411 6.961152140860977e-07 0.00013486510202463298 8.07549555943434e-05 0.0013425413486899515 3.4752267744381545e-05 3.4852014390576113e-06 0.0009866871513486732 0.00587088301401586 7.902585831254954e-05 0.0003438886403839036 0.0007782410552792241 2.4189165376409994e-06 5.006717487510039e-06 1.3054504619874385e-05 0.0018513041018149493 1.3973455660644524e-05 0.0009790265691637763 0.0002848931200347968 0.0017726071187335547 0.00031446516642750924 1.9923505535249603e-05 8.769972591803049e-07 8.130044161819806e-07 1.0011398079137058e-05 5.849176035018847e-07 6.667809036177037e-05 0.0005267729319672882 6.438974106166738e-08 0.0 0.0 9.662834647845428e-06 1.8652006101767462e-06 1.6495871289255503e-06 2.6953829150189636e-07 2.008332661538981e-07 0.0 4.208224809204837e-07 3.106803004822135e-06 0.0 6.3139946268797435e-06 0.00013946186735274362 3.653017493824562e-07 3.677354386927137e-05 0.0 3.532417454073544e-06 1.816420378993777e-05 2.9930772683697427e-05 9.9320875339075e-06 1.6316589309038376e-06 0.00024216631235681024 0.0012326143115287164 6.766822556541534e-06 1.012811993575908e-06 3.7909833715099766e-06 8.627582448474297e-08 5.128531694183138e-08 2.46583504367348e-07 4.927315353346594e-06 9.698399048276892e-07 4.811049676278043e-05 5.405968261331013e-06 3.0105316547030654e-05 2.485718784338356e-05 1.1939453669842717e-06 1.444749739626755e-07 0.0 0.0
1.2637487137688633e-06 1.1559148609772392e-06 1.0351735130202172e-06 8.72789712032565e-07 3.917147597851295e-06 9.55197212772861e-06 1.9414766969483196e-06 1.1038189661799637e-05 4.2527084711249566e-07 1.3300188379302615e-05 0.0015387337236027591 4.515216666060846e-06 4.3094181941382165e-05 2.044699620895304e-06 0.0 8.175389340353731e-08 1.3491201508958805e-05 0.0 0.0001587691940952422 3.2611306171591867e-06 1.7720190196483554e-06 2.566709195265549e-07 6.243342270349599e-06 1.8140108849754349e-06 1.69742387918001e-05 0.002475613986515729 0.00031204392191536606 2.3583750690021136e-06 3.1986807647988894e-05 3.618811509746966e-06 0.00019745298079555345 1.439541965678572e-05 1.5750063943756374e-06 0.0009839585964749801 3.63450187251469e-06 0.00027307035554467176 0.0005502343658396673 0.0011490549156508798 0.0001869301244337907 3.064382919089318e-06 8.164781598381796e-07 1.5226646161466106e-05 8.016091067853167e-07 0.0 2.4567903596420266e-06 4.733327594254749e-07 0.0 5.717900833399775e-08 0.0 5.954856788776735e-07 0.0 5.474060278911959e-08 0.0 2.3540973856049677e-05 0.0 0.00011533310695763727 4.7256686118683825e-08 0.0 2.8028523373793685e-07 8.602645609995515e-07 5.588363951772495e-05 1.3117292701785227e-05 0.0 1.0746131401350965e-07 6.638025309110054e-07 0.0 1.079962453630199e-06 4.740343154773058e-05 0.00014989528063883413 0.0005918373610441107 1.0101655790643161e-06 6.049186732019678e-08 4.350865280146084e-07 3.9498865175315755e-05 5.976617598050035e-08 0.0 4.624201801377958e-07 1.1568461451408625e-06 3.047861022708043e-06 5.907385876404229e-06 4.104759072420163e-06 5.304722229217052e-07 8.706333026929629e-07 0.0 4.0608896777053054e-07 0.0
7.86030733947983e-06 1.2809503612933342e-05 1.4066146389887341e-05 6.666081445000701e-07 1.7549335494009472e-06 6.275953790435442e-06 1.2254219475627298e-05 3.5972109752103e-05 9.054975962636267e-07 9.18920104630094e-06 0.00030398409889517556 2.0078979613046362e-06 5.299402369834255e-06 2.113268567559576e-05 0.0 1.5769328135565904e-06 0.001155186424956411 0.0001587691940952422 0.0 1.853640877507261e-06 1.0383511060598541e-05 2.8568126896612033e-06 6.154796684803519e-05 3.318889218195746e-06 6.4822876015981425e-06 0.0021484783674103557 0.0014388065319070518 6.029602570611152e-06 5.4607662899365026e-05 3.992401948824695e-05 1.2404789871782559e-05 5.69511041246381e-06 2.5590251915327803e-06 0.0027470980303893385 5.960227881801459e-06 0.001044396690018583 0.0007012951567442577 0.0027226288590814916 0.0003362386504282004 8.099225545245024e-06 5.977857478819281e-07 2.179202659909129e-06 5.605333935721629e-06 3.1883971930899466e-07 1.5805547881434958e-05 1.2954578532272225e-05 0.0 0.0 0.0 8.584213864987358e-07 5.042340080835646e-08 8.433458883133097e-07 0.0 4.0297140845949225e-06 0.0 1.4672794325018864e-05 8.585780096255529e-07 0.0 9.994193825983326e-07 1.8214761535894964e-05 1.1756806082627656e-05 8.51311739249541e-05 0.0 2.1331434445951265e-07 1.07734961018602e-06 1.4489598208707087e-06 2.2226091901551423e-06 9.244193411168434e-06 0.0004604395305292616 0.000605113394612353 1.6672273912161751e-06 9.712629368300685e-07 1.1015337155506427e-06 6.967585746944714e-06 0.0 0.0 2.208120236314594e-07 5.259983483497848e-07 3.6512204543336503e-06 2.9316069617691196e-06 3.558382408869933e-06 3.764272216697324e-06 0.0 0.0 1.1710603854490382e-07 0.0
1.078461068209969e-05 6.269182810914746e-08 1.8914225017825174e-06 0.0027113264248475716 1.810887461857076e-05 0.0002589824295947212 5.0645263473605204e-05 0.00024218650836547626 0.0003327654867223693 0.002399158931698888 1.5083690655945073e-05 0.0023013198628694643 3.0367899330387087e-06 9.399612924851175e-05 7.44425290365223e-05 0.0 6.961152140860977e-07 3.2611306171591867e-06 1.853640877507261e-06 0.0 1.1187359749109558e-06 7.964723758059508e-08 9.792444000819481e-07 0.0006355183079603545 1.1739072104436503e-07 3.6805713916313166e-06 2.572838074377067e-06 0.0012766662909768317 0.00016368875485543719 1.083027671298084e-06 1.124362338177283e-06 2.6130090637280357e-05 6.193761620145245e-06 7.915670066313964e-05 4.749354390636961e-06 0.0003797330757519345 7.646852550537797e-06 0.00016579087883160034 4.470420653191655e-05 0.00030980143339486276 7.70892545798873e-06 1.637674764972533e-06 2.4009090673061877e-06 4.902832529024651e-07 0.0 0.0 7.265774973900076e-05 7.062128531439944e-07 1.4818866536781314e-05 0.00012545441307775678 9.178269876031127e-06 1.9402341527145816e-05 0.0001220765090126684 2.91001367299735e-07 0.0001380912812795674 4.2811097539639225e-08 3.0085301486532095e-06 2.0471027735851923e-06 0.0 5.6179314987442036e-08 0.0 0.0 4.890536852579661e-05 5.316500373584559e-08 3.9097013121291434e-07 1.306649821188443e-06 6.98889303137765e-05 4.623288841850021e-08 0.0 1.784143300250987e-07 0.00010904123459879665 7.4259488276289225e-06 7.672549617880806e-07 0.0 1.4750024841460477e-06 2.5517988927576455e-07 5.947482188298839e-06 0.0 1.676929506558405e-05 2.3774216443480242e-07 1.1248019692453878e-05 2.735441702503867e-06 2.31177237261759e-05 2.4555323825340475e-07 0.0 6.460888330994617e-08
4.6691536596423346e-05 1.6915957626640644e-06 0.00023652367759400812 2.5578897033517137e-07 2.165780853555802e-07 4.738039711920286e-06 0.0004546258519427869 9.169188213980684e-05 3.4709922608539455e-05 2.8994531059279563e-05 4.264734195931587e-06 4.2429366004087435e-07 8.610868752210199e-07 7.770768342558443e-05 0.0 0.0010603737439679527 0.00013486510202463298 1.7720190196483554e-06 1.0383511060598541e-05 1.1187359749109558e-06 0.0 3.788447648680085e-05 0.006470315675635109 0.00012715251406325974 4.361354022329585e-06 3.600537504998733e-05 0.0011487495758345085 0.0022361771042394333 0.00034159878473101913 0.005774280916607763 1.0625859998873378e-07 2.832734327641754e-06 2.331256043793906e-05 0.001634719343689394 0.00010917240909101843 0.003610745241485157 0.0006688411925266941 0.0035265458099576715 0.0018456580447590149 7.39650861594801e-05 1.6396128767625938e-06 2.9544655103217724e-06 2.9329399325247436e-05 2.369824416288316e-07 8.078944682405292e-07 3.1297870177720293e-06 1.0357090177755829e-07 0.0 0.0 1.7147524822613417e-06 4.252184149115497e-07 5.510141068033658e-06 0.0 2.1898962415366013e-07 0.0 0.0 4.2373458742972826e-07 0.0 0.00013618214251543754 1.6960165353639678e-06 0.0 6.49309874854817e-08 0.0 0.00022936190546200976 0.0001262379539681922 8.257914539589808e-05 7.410876219682966e-05 7.53494865005022e-08 1.465413551585805e-06 2.187162989331276e-05 3.936894601195726e-05 4.305755510018572e-06 4.5277124074994637e-05 0.0 7.25579930781797e-08 3.4559585623192236e-07 3.348341355729157e-07 3.603529981168446e-06 8.761428334699637e-06 5.3071204126431934e-08 5.469076719970419e-06 3.5885966663273556e-06 2.2891454819328517e-06 0.0 1.2724495521446504e-06 3.0333813529437145e-07
2.0557110147155353e-06 0.0017133644781729615 0.00021679200144896185 1.5112330094363822e-07 3.5168578636072937e-06 2.0288219594997453e-06 3.4713031271118105e-05 1.8321987646969325e-05 0.0017305670356168056 7.086307656125971e-06 2.0579246619070116e-06 8.109731512433874e-06 9.312052237867404e-05 5.138675468250935e-06 1.935467407772865e-05 0.0021946935962526425 8.07549555943434e-05 2.566709195265549e-07 2.8568126896612033e-06 7.964723758059508e-08 3.788447648680085e-05 0.0 0.00033581476147397874 0.003193234513840224 0.00024691669001625943 1.9303528737260576e-05 0.0026291821707325213 0.0001426098923370674 3.5421837391242285e-06 3.555727475076925e-06 4.388476815579055e-06 1.92693878482551e-06 4.050912073382042e-07 7.385015409392063e-05 8.310464735056602e-07 6.958310647741779e-05 1.7649563359748167e-05 6.043792925350279e-05 1.4754621223984055e-05 5.289038589794691e-05 7.475543651269311e-07 1.0181602770712429e-05 1.5122297311175574e-06 2.811061515430233e-07 4.487087756710451e-06 9.114953639385429e-05 1.5527245886185426e-06 0.0 6.945311642404943e-08 9.626413974020252e-06 5.484102453224338e-07 1.324216717588721e-05 1.4979654176769838e-06 7.062606242820839e-07 8.212393232998119e-08 2.6924690962825475e-06 1.48005589815124e-06 0.0 0.000432918704009833 5.665119300061299e-06 1.1604411905798016e-07 1.4056887392088233e-06 3.37869229457427e-07 9.268866850892491e-05 7.130875725518727e-05 0.00039709423563818146 7.400131665433086e-05 2.675270234741933e-06 6.727666607419508e-06 0.0012087079320177298 2.0425582338759166e-05 1.513788523709904e-06 5.5508074716724975e-06 1.3009985659439887e-07 2.352059336441825e-07 3.186867717631728e-07 1.8302094253528647e-06 4.455211371848397e-07 1.1158712289857751e-05 1.0794089476598352e-06 7.369822667782789e-06 7.431474884822583e-06 2.9525670917625e-06 0.0 0.0 0.0
0.00016935954623903523 5.266042846186197e-06 0.004557459102094828 6.5809422806214e-07 6.643658384306893e-07 7.438429152554584e-06 0.0007466473880750726 0.0004951021606889642 1.7756484660141427e-05 3.5487109777801054e-05 1.7795112820945208e-05 2.74164059648691e-07 1.698029296453764e-06 0.0004886031753148146 9.346460646007171e-08 0.0010137299443069296 0.0013425413486899515 6.243342270349599e-06 6.154796684803519e-05 9.792444000819481e-07 0.006470315675635109 0.00033581476147397874 0.0 0.00021084427687778466 4.531722201540753e-05 0.0009049405666629171 0.005872865618382836 0.0017809189588169896 0.0004261278577645881 0.00407046116856073 1.2017342959981204e-06 6.5473062589197605e-06 1.59740463728783e-05 0.0018783276912246784 0.00021346866651281884 0.004527104958900272 0.0019145852070710546 0.00535597150147112 0.003291870485027551 0.00018198442201315028 2.355934376682724e-06 9.19444543451496e-06 5.6727036730998953e-05 5.2563178714697426e-08 2.671054697200725e-06 0.0004321544691884788 3.096332868840566e-07 0.0 1.4692591681539962e-07 3.620464971379634e-05 8.865650438325021e-07 2.4778403397074776e-06 7.177581003716076e-07 0.0 0.0 5.840162034098312e-07 1.6284145610045061e-06 0.0 0.0007970014606910992 5.799374880394373e-06 1.7846602787083547e-07 1.8774082914624356e-06 0.0 0.0001563738177894503 0.0005436685946832166 0.0018732671676717741 5.902090550192839e-05 6.590767991369792e-08 6.732773876676672e-06 0.0010740750304201417 3.0394185681638448e-05 3.3770172265371697e-06 1.181647655652411e-05 0.0 8.830375590728083e-08 1.9626182507278614e-07 2.095128725322617e-06 7.158097703902808e-06 3.231345313701721e-05 3.5420837032029607e-06 2.1512595690613034e-05 3.132278560574953e-05 2.411073338635707e-06 0.0 0.0 3.014120851934975e-07
