0.0 0.0 7.051700929365335e-05 1.1679817172617054e-06 0.0 6.572622952080419e-06 0.0029482147924344247 0.0004797313572909728 6.902410333212421e-08 1.1596110220422204e-05 4.704742842516589e-06 8.60513972952647e-07 0.0 0.0024222160096681097 0.0 1.9956444892031017e-07 4.85420654270079e-05 9.933017582355775e-07 4.882080483711038e-06 2.0922281259972495e-06 4.406532357862309e-05 2.1050100800128496e-07 9.881622103551896e-05 2.556984758788751e-06 0.0 8.649475709530566e-06 1.7445713259929885e-05 4.431913452097051e-05 0.00246366898601768 0.0016987145736191993 0.0 1.83125875359089e-05 4.532898485629164e-05 9.009750197733355e-05 1.6953567627002177e-06 4.545596705484341e-05 3.3897703140689525e-06 6.102701149333285e-05 1.7469249896049378e-05 6.606687910723398e-06 6.614943891474574e-07 0.0 2.2720839185333492e-07 0.0 8.853785516277305e-08 5.1683463520378455e-08 1.0902758742259538e-07 0.0 0.0 5.01804976068536e-07 0.0 1.3692185649958066e-07 0.0 0.0 0.0 0.0 7.970289566934398e-08 0.0 2.2107799030693182e-07 0.0 0.0 0.0 0.0 1.6798104344069636e-07 0.0 1.3675909011565687e-07 3.088628480680545e-07 0.0 0.0 1.112309848582757e-06 5.876677876634674e-07 1.0278267896146142e-07 4.603316036642927e-07 0.0 0.0 0.0 6.902922037619337e-08 4.847324502206102e-08 1.4866727839785513e-07 5.613332945672445e-08 0.0 0.0 0.0 0.0 0.0 0.0
0.0 0.0 4.8056484095726527e-05 7.673543652958212e-08 0.0 0.0 2.8122934416600445e-06 7.151679912002158e-07 0.0002559424804936015 1.6533170257635525e-07 5.233052462099103e-06 1.9660677134097983e-07 0.00011818057566057888 3.7122248448642685e-07 4.6059214910221655e-06 0.00010599928540615636 1.4139752086644186e-06 1.6060946282402636e-07 2.2821881747320576e-06 0.0 1.321888233522727e-05 0.0013844303951423634 9.816048381698925e-06 0.0004761277513226898 0.0006684160741673348 0.00012248109579239167 0.004037623259250195 9.968461375516442e-06 1.019869947082536e-06 4.705797419176222e-07 1.386714028459976e-05 0.0 5.521738727080437e-08 2.753643406339595e-05 0.0 3.954683886017974e-06 1.64409221669658e-05 2.339635709917733e-06 1.0815767905277179e-06 5.649977964928344e-06 2.1352015972909218e-07 7.438451396062606e-05 0.0 4.990708776349579e-08 2.2037225233175456e-05 2.351356703152051e-05 0.0 0.0 0.0 0.0 7.784702732904373e-08 2.682542517602678e-07 1.9314030467746197e-07 6.174368616247913e-07 0.0 1.8947127442894459e-06 0.0 2.8793410301545006e-07 2.3715090942816154e-06 4.508355447035162e-07 0.0 3.3942747444037906e-07 8.654632423744929e-08 1.4023231423618104e-07 4.180020727705477e-06 3.3665259325259443e-06 1.1353045392610848e-06 3.6638719069437956e-06 4.583668967103997e-05 0.0006700940210926448 5.537014452507483e-07 0.0 0.0 4.364341506695048e-07 0.0 0.0 3.333366864732323e-07 0.0 9.879422767987503e-07 6.478719806591504e-06 1.2920607025543871e-06 6.560013598223908e-07 0.0 0.0 7.231553227865389e-07 0.0
7.051700929365335e-05 4.8056484095726527e-05 0.0 6.633924861550121e-06 5.154646510837432e-08 2.257654160149701e-05 0.00013410715454011834 0.0002637082548388444 4.689950725617584e-07 8.931608348603334e-06 2.8708512796817085e-06 4.338415019541236e-07 3.011211432995059e-07 0.00019633473275012498 0.0 1.243576521155997e-05 0.004116273544262176 9.879713882542268e-06 9.466291855310749e-05 1.7994699993052656e-06 0.0007105937727777933 4.7590013888451145e-06 0.004019099695904643 2.3332060217753543e-05 4.7405317924831594e-07 0.005823314775523719 0.005551802304058724 5.5537270647950374e-05 0.00025993596842161816 0.00028373143493818856 1.27470750074755e-07 4.40948871223322e-06 1.870864994066162e-05 0.0004193414821432605 2.617229487824015e-05 0.0015265775603846557 0.0018633306633609162 0.0011359997226279709 0.00019604106125934966 6.0190979034351485e-05 4.870314950437179e-06 1.0462819137924084e-06 6.368919406275176e-06 7.456270306751071e-08 0.0001331775051768275 0.00023202914945900875 0.0 0.0 0.0 1.1126566066405444e-06 2.2785483638494697e-07 0.0 6.336886458031138e-08 7.835906242928188e-08 0.0 1.5893232987422613e-06 5.936376463034291e-07 0.0 1.417123055355933e-05 9.362024022187374e-06 0.0 1.7949190456411865e-06 0.0 7.47055084107754e-06 8.796731932567764e-06 6.832309072958337e-05 3.977446025318517e-06 1.9324181621479753e-06 3.838955164318815e-05 0.001231732675225554 3.7404404912864088e-06 4.82874488939666e-07 1.196705678484187e-06 1.4079921832086803e-07 0.0 7.008893583603566e-08 6.772344645676384e-07 4.810867434241501e-06 1.5773988699368625e-05 0.00014353653620189903 4.963813248975173e-06 2.8025434232799693e-06 0.0 0.0 0.0 0.0
1.1679817172617054e-06 7.673543652958212e-08 6.633924861550121e-06 0.0 1.5163563040959232e-06 1.1859326898940612e-05 0.00012148784032251906 3.1709632918516585e-05 0.0007760662965732929 0.0026315382350643396 9.888141192893977e-07 0.00036049799554892546 0.0 1.8886146210222208e-05 9.467790280717911e-05 9.113056044411765e-08 4.592881139334758e-07 3.1526561907921254e-07 3.5902488733082157e-07 0.0045942766693661515 2.402657316049043e-06 2.8789732208558914e-07 6.1468204307883835e-06 0.0015718279879278708 0.0 1.1670391586144154e-06 3.456057042492852e-06 0.0018116255793329144 4.645214565354546e-05 9.738998460169262e-07 0.0 1.549905872841913e-06 1.3024081314783068e-06 4.196206546397832e-05 5.407517183283458e-06 0.00021149868773011747 2.0344078298155583e-06 7.938413784608792e-05 4.600842887006104e-05 0.00022608702129049905 1.0347879854725533e-05 0.0 9.923022420144227e-07 1.3217440573250966e-07 1.7095080568541217e-06 2.4408826708377677e-07 0.00015673940821564058 3.816776715705267e-07 6.175321639598421e-06 4.963099105428379e-05 4.208131204948067e-06 7.045678763743939e-05 7.896436113152484e-05 9.352525004391595e-08 7.014037028313163e-05 0.0 1.8166399186883952e-06 1.2129347958107496e-05 0.0 0.0 7.00725926238556e-08 0.0 7.204705211548967e-05 0.0 1.7718003153779343e-05 4.525995803779328e-07 0.00016403065531752573 1.1971942517633191e-06 0.0 1.1064320184139367e-06 7.812302903354466e-05 2.4789776845932515e-06 4.4924186830579596e-07 0.0 4.049606223980831e-07 0.0 1.029408661130906e-06 1.4409143570990224e-07 2.0764179596918832e-05 0.0 4.674405724448855e-06 6.658719289728196e-07 8.722356636017813e-05 6.946689603662647e-07 0.0 0.0
0.0 0.0 5.154646510837432e-08 1.5163563040959232e-06 0.0 0.0002503647754154369 2.7677673652092726e-07 1.2213915113258228e-05 1.0728583482163325e-05 3.4398892326627355e-07 7.475439293386333e-07 2.8088267387248495e-05 5.534885527208412e-08 1.1022625499579127e-07 0.0005150301179236479 0.0 0.0 0.0 0.0 1.4343740263674547e-06 0.0 8.903773989408378e-07 0.0 1.1441292707580951e-05 0.0 0.0 1.1039858102752105e-07 9.632488275677108e-07 2.1490279504439796e-06 6.394533701526034e-08 0.0 0.0005730921554070916 0.0 2.004914900444359e-05 0.0 5.307590981041668e-06 0.0 2.3651348507911424e-05 7.003267524186385e-06 0.0013957580609406076 1.1917899422356606e-05 0.0 0.0 0.0 0.0 0.0 1.1432545982287886e-07 0.0 0.0 0.0 0.0 0.0 0.0 0.0 0.0 0.0 0.0 0.0 0.0 0.0 0.0 0.0 0.0 1.0481286619589252e-07 0.0 0.0 2.1862566434170848e-07 0.0 0.0 0.0 4.3249310427594196e-07 0.0 0.0 0.0 0.0 0.0 0.0 0.0 0.0 0.0 0.0 0.0 9.967300428738343e-08 0.0 0.0 0.0
6.572622952080419e-06 0.0 2.257654160149701e-05 1.1859326898940612e-05 0.0002503647754154369 0.0 0.0003471881266897773 0.003702548667670993 1.1905919351788674e-05 0.0035690410960557313 7.30397779408426e-06 0.0022376083733521477 2.873308226651015e-07 0.00029450062693181067 0.0005408075712820784 0.0 4.917515023985471e-06 8.86530639305722e-07 1.7004950886252605e-06 0.00020993089711163795 7.036709217289037e-06 2.4531137550436754e-07 1.7672315765047325e-05 3.1534790723956344e-05 0.0 3.790029508637991e-06 6.622043568207879e-06 0.00013891371189597262 0.00047036672276045495 3.151155351758823e-05 1.900494012007601e-07 0.0009785076708199022 2.9654687575607086e-07 0.00015482939634284455 4.3625396632009745e-07 6.724310039676622e-05 2.7586728549686287e-06 0.000101497502210461 3.416518584141216e-05 0.0011620057604214593 6.589580240007319e-05 4.284449393527073e-06 1.5554319236358918e-06 8.520028927604448e-08 1.5027590561481141e-07 0.0 1.645330116246341e-06 0.0 5.230840341321629e-07 8.075416322012144e-07 6.731541962845892e-08 4.7604689013884265e-07 7.83373611150043e-07 0.0 5.101274505447569e-06 0.0 9.148019031235192e-08 0.0 5.431046474530173e-07 0.0 0.0 0.0 1.7925993494551056e-06 0.0 1.9876734747215915e-07 5.5422569424784195e-08 2.0603322501360944e-06 0.0 0.0 4.0554139819747457e-07 1.982695056423709e-06 1.0514324623167625e-07 0.0 0.0 0.0 0.0 0.0 0.0 1.7207804001959938e-06 0.0 0.0 0.0 2.5977911532166858e-06 0.0 0.0 0.0
0.0029482147924344247 2.8122934416600445e-06 0.00013410715454011834 0.00012148784032251906 2.7677673652092726e-07 0.0003471881266897773 0.0 0.003779208426717258 9.620771910843958e-05 0.003471899920039808 8.481855752741295e-06 1.2372921596759181e-05 3.9353023810584076e-07 0.004619236272343698 8.321432052540914e-06 9.5859913714436e-06 1.2791439705584062e-05 2.6120464547722775e-06 5.40547499971357e-06 4.791118816614921e-05 0.0002710552455763867 1.649299526554418e-05 0.000283089074386457 0.0006468255986627643 6.17764474279599e-07 1.0718610754883088e-05 0.00022592486972638215 0.0089590066732905 0.0010245222101672373 0.0030728024283008305 4.1277597605091255e-08 2.6572520918627822e-05 8.219544000405009e-05 0.0004487896605447925 5.339063165218776e-05 0.0017912994351820634 3.335828970082364e-05 0.0007543771108258337 0.0003567546181789293 0.0002274335217027576 4.8365299015018714e-05 4.5604417776977424e-07 1.540305028479891e-05 1.3290833474791504e-06 1.7932581340691833e-06 1.9714423632272584e-06 5.194581503554112e-05 7.560019245498464e-08 4.14161504932805e-06 0.00018914029314483398 1.1400802756205675e-05 6.063661858195466e-05 4.145425293893333e-05 6.561352384039546e-08 1.1531164966872814e-05 0.0 8.653204620507885e-06 1.7261784770247368e-06 4.997458914590437e-06 3.365875628455141e-07 0.0 9.059689974096821e-08 3.0322967126029172e-05 2.4331091281343086e-06 3.4133993093529126e-06 3.893069767240406e-06 0.0002509763638002766 1.2272650181145523e-07 2.3066781823002976e-07 1.2824489827332274e-05 0.0003280364502205015 1.3931712111415255e-05 3.2014243999003174e-05 6.761756889730335e-08 5.889609029905454e-07 4.827938519832976e-07 5.3257834085344395e-06 1.642386810772929e-06 6.321548228519961e-05 1.5548441771693246e-06 8.48169627153448e-06 5.111697241073618e-06 1.1357478358377838e-05 3.3808926777317904e-06 1.1081747374226264e-07 2.4829093540905827e-07
0.0004797313572909728 7.151679912002158e-07 0.0002637082548388444 3.1709632918516585e-05 1.2213915113258228e-05 0.003702548667670993 0.003779208426717258 0.0 3.2958991805640673e-06 0.0019090161388406004 9.497963789133742e-06 0.00027100977328190596 4.941929814051754e-07 0.003996431103225199 6.341281349683319e-05 1.1070007021508552e-06 7.0963477902474e-05 2.3186019653834683e-06 7.60866544748031e-06 0.00010943292821177942 0.00011979278436673387 1.1539789348689608e-06 0.0002483247584089686 4.2328498760719186e-05 3.905512003485041e-07 2.8576220185626085e-05 7.9733705195879e-05 0.00042156807468282724 0.0005248497646294465 0.0006526279007911913 1.9183543668369163e-07 0.001265145821960179 4.429549417768405e-06 0.0001972812431869903 4.154445554345115e-06 0.00017378510090016662 7.492980981685508e-06 0.0002057381613800857 7.637634661314959e-05 0.0006176177534621074 9.607682060022518e-06 2.2624108124585175e-06 5.5896763461983704e-06 0.0 2.344483956880265e-07 2.528168999710209e-07 1.9036390317063163e-06 0.0 0.0 4.005149793284626e-06 5.259414420146146e-07 2.689885301792776e-06 2.5785822223088425e-06 0.0 9.601789492244628e-07 0.0 2.6388909117842347e-07 5.177958127554723e-07 8.318005155944372e-07 0.0 0.0 0.0 1.055987954311593e-06 4.278529504388888e-07 4.7597747064812916e-07 1.2412824554430322e-06 7.99162223212637e-06 0.0 0.0 3.2146670414804855e-06 9.615535399895351e-06 2.797166045242585e-07 1.032904929354653e-06 0.0 0.0 0.0 2.462980381981582e-07 2.961506311828088e-07 2.4260900491963204e-06 4.8356897537907344e-08 8.059870298304849e-07 4.6356355219499224e-08 9.486924732527181e-07 2.7770093733749627e-07 0.0 0.0
6.902410333212421e-08 0.0002559424804936015 4.689950725617584e-07 0.0007760662965732929 1.0728583482163325e-05 1.1905919351788674e-05 9.620771910843958e-05 3.2958991805640673e-06 0.0 0.0002324401641189027 6.341220324581571e-07 0.00018377523777194954 5.7185695692559274e-06 1.2771616194186884e-06 0.0002844961525681274 2.9035170622514505e-05 8.705584432793232e-08 5.198107880969904e-08 3.105814960837252e-07 0.0006244129344659796 4.692497746051314e-05 0.0014632801364360898 4.78513625630545e-06 0.006705684662300721 7.940007142931752e-05 9.221694340523363e-06 0.000219870151006604 0.0008869668166208105 2.4554629351503453e-06 7.5355455332788975e-06 9.80372006060202e-07 3.486898463528757e-07 0.0 3.525399016080404e-06 1.1705367974749668e-06 1.9451097550829835e-05 6.370411538066228e-07 5.757078106310862e-06 1.9643230798608103e-06 0.00010581454992033334 5.908929352248814e-07 2.1837263477982264e-06 8.957318634118384e-08 2.0204084370293867e-06 1.9304764005679427e-06 9.402567780847479e-07 0.00021113402540055715 1.74833449462308e-06 7.216458056642127e-06 0.00013173329661817954 1.025654957726974e-05 8.107481666453639e-05 0.0001365529553038297 0.0 0.00010673300072405463 0.0 1.2125854178786139e-05 1.853743756221336e-05 0.0001296882924866062 4.618649937987664e-07 4.747097012238601e-08 2.112651140878916e-07 0.00011419196460190217 0.00013628102432101773 1.6186945808336636e-05 1.2855776526929209e-05 0.0008079663284097466 3.641316537995434e-07 9.00369963469299e-07 9.523830755840425e-06 0.0004984276942877771 2.8495434560852273e-05 6.243556354904184e-05 1.115459824330107e-07 3.7854799865279077e-07 1.1638529719480653e-06 6.199045617837303e-06 4.42553330399025e-07 4.4468776992225275e-05 6.904517067248948e-07 1.2580563935021906e-05 6.018576454453237e-06 8.080541623406563e-05 2.7221971811533136e-06 0.0 3.8028459548375503e-07
1.1596110220422204e-05 1.6533170257635525e-07 8.931608348603334e-06 0.0026315382350643396 3.4398892326627355e-07 0.0035690410960557313 0.003471899920039808 0.0019090161388406004 0.0002324401641189027 0.0 2.1787629638631574e-05 0.0031746109556868595 5.03100401897655e-07 0.00046449701598611886 1.3839889083501497e-05 1.0256920728311416e-06 3.181638434378874e-06 5.108065806304834e-06 1.3665984887501653e-05 0.005944421158007406 5.286664015641295e-06 2.3161769999395944e-07 9.308299882797595e-06 0.0004933830058004885 0.0 6.731482777443316e-06 1.0724967137453069e-05 0.003231444240637051 0.0007535566816266119 7.269134986001194e-06 5.532313995002272e-07 5.683056803040533e-05 5.761088115316204e-06 0.0004860136630116506 8.83859942614603e-06 0.0005371755288947695 1.2215401718989785e-05 0.0006311350840030608 0.00020953616230351817 0.0004030537212312022 4.807744660630803e-05 1.3660121451194889e-07 8.236565445882664e-06 0.0 6.537901005880504e-08 6.264036024079126e-08 8.28061396070688e-05 0.0 2.4209022019459798e-06 5.200241885892484e-05 4.2489029897088885e-06 4.6748911317745314e-05 6.35399303832949e-05 0.0 6.946455217807153e-05 0.0 1.4729556553494933e-06 1.0331560178337505e-05 1.8146689125053114e-07 0.0 0.0 0.0 4.561186642654354e-05 3.33641159297802e-07 9.781938031045976e-07 1.9550457049143423e-07 0.00011688839816236385 8.899024363027331e-08 9.991171265271764e-08 3.927530522280166e-07 7.348281071129325e-05 1.870998969680109e-06 1.4019552634435538e-06 0.0 2.203476192906211e-07 9.633310614247366e-08 9.141159407396655e-07 2.991308307180081e-07 1.4955884700636448e-05 0.0 2.624246262351682e-06 7.530442165119202e-07 4.99720105255479e-05 1.0770803838572188e-07 0.0 5.219627487968288e-07
4.704742842516589e-06 5.233052462099103e-06 2.8708512796817085e-06 9.888141192893977e-07 7.475439293386333e-07 7.30397779408426e-06 8.481855752741295e-06 9.497963789133742e-06 6.341220324581571e-07 2.1787629638631574e-05 0.0 1.1028247825642727e-05 0.0007713948229194469 3.831423893201259e-06 2.1739127318704346e-07 6.025397104343025e-07 3.648844933386438e-05 0.002283156836273985 0.0007277067775771898 9.617628305729448e-06 1.3772659217716988e-06 2.3497976721015135e-06 5.149454412437384e-06 1.6824736078249579e-06 0.0003181100956952616 0.0020504088545720465 0.0004979496575375844 2.0497380065091698e-06 3.984086243926711e-05 4.215641406984767e-06 0.000361561682113444 1.5590935267734212e-05 2.51035585570415e-07 0.0029571075131430624 8.8917671196275e-06 0.00023031917547266574 0.0018138401096028664 0.003006191607058773 0.0007773610226683919 5.777261829762649e-05 8.507654409520398e-06 0.0005987029102160613 7.866997115511231e-07 0.0 8.077191927601682e-07 3.5519018059712753e-07 0.0 0.0 0.0 9.521009772087146e-08 0.0 0.0 0.0 0.00014420857559182667 0.0 0.0006455065181313062 0.0 0.0 0.0 0.0 2.8376985994907176e-06 1.950762878267767e-07 0.0 0.0 1.7248115300618045e-07 0.0 7.757018480195617e-08 9.067568023287814e-05 4.640336794005006e-05 0.00015676181360646394 6.27338028610164e-08 0.0 0.0 8.311258804577196e-05 0.0 0.0 9.739539213373968e-06 1.2437369396173188e-06 6.856266922737565e-06 0.00012774244334128163 1.8225163564642716e-06 8.895779478295936e-07 0.0 7.526479980460258e-08 0.00011115639286709281 0.0
8.60513972952647e-07 1.9660677134097983e-07 4.338415019541236e-07 0.00036049799554892546 2.8088267387248495e-05 0.0022376083733521477 1.2372921596759181e-05 0.00027100977328190596 0.00018377523777194954 0.0031746109556868595 1.1028247825642727e-05 0.0 2.614136166805064e-07 0.00018445850970888822 0.0010169065684199163 0.0 1.0048026498255207e-06 2.3963595097097213e-06 5.1323002662555734e-06 0.00323057502399934 3.409147850708628e-07 8.798895036762378e-07 3.658566197981974e-07 0.0002071641409369944 8.039905385052981e-07 3.836517283995263e-06 1.6805298968948042e-06 7.297630368517008e-05 0.00045411852210335446 1.8103761150198887e-06 9.484625674215266e-08 6.376126772201697e-05 2.174332755904443e-07 0.00019747209310317753 1.0790483876930172e-06 0.00043892378623008253 3.814954182122291e-06 0.00019981233376431719 4.357186603741479e-05 0.0016284897624796598 1.2227222887064213e-05 4.099276326465261e-06 5.662653026678125e-07 0.0 6.456324619397667e-08 0.0 5.418078114779444e-05 5.312890141405424e-07 6.174848260807291e-06 1.8630618878146426e-05 2.0457841501005223e-06 1.37133918206023e-05 4.888496474622954e-05 5.748757518527081e-08 0.00012027721932132395 0.0 8.558903363768921e-07 2.240008083716394e-05 3.253955736301935e-07 0.0 0.0 0.0 4.870580823083482e-05 6.43164750032512e-07 0.0 1.709105250629111e-07 4.248434751023335e-05 1.2685544728158073e-06 5.151964849051879e-08 6.309676924291727e-08 2.3079405662097325e-05 2.0875264980117197e-06 1.992762670931851e-07 0.0 5.309257910361926e-07 0.0 1.4588407374612505e-06 0.0 2.8819518622163616e-05 0.0 2.8811746506662924e-06 8.586198051039318e-07 0.00014593894033304732 4.454839607454185e-07 1.2346610004175656e-06 0.0
0.0 0.00011818057566057888 3.011211432995059e-07 0.0 5.534885527208412e-08 2.873308226651015e-07 3.9353023810584076e-07 4.941929814051754e-07 5.7185695692559274e-06 5.03100401897655e-07 0.0007713948229194469 2.614136166805064e-07 0.0 1.3390594208536815e-07 1.9358486528588027e-07 1.245781111698381e-06 8.898720473267307e-07 1.1797108912396917e-05 4.82300018069574e-07 2.7479788942507747e-07 5.180757185470366e-07 3.21481779891039e-05 1.6694258111865283e-06 8.713113667100986e-06 0.002907445904329562 0.0011909855392486092 0.0013978592103109488 4.975626158418951e-07 7.694566915384345e-07 1.4327287835672996e-07 0.0005653049299018415 7.85046079583481e-07 0.0 0.0006379078928159783 2.3499603210022827e-06 4.373679386336406e-05 0.001201664887416038 0.0005015581348970115 0.00014287284601778133 3.1057568980514874e-06 7.82042795043516e-06 0.0007805295432970502 8.957861145219181e-07 0.0 1.1461454152745634e-05 6.145782397497418e-07 0.0 0.0 0.0 0.0 0.0 0.0 0.0 0.00031006932805782434 0.0 0.001230869278816456 5.000472496746468e-08 0.0 1.0109277515762808e-07 1.5573272837210655e-07 7.919930195132876e-06 7.453598652789803e-08 0.0 0.0 4.544191768820423e-07 5.049285355110023e-07 1.2142673345684225e-07 0.00033594703450884767 0.00014338977459599654 0.0004129440695518396 0.0 0.0 0.0 0.0002167585136371884 0.0 0.0 1.8483696677122813e-05 1.382599321948194e-06 7.0054622661594245e-06 0.0002819658828260215 5.0546739549642905e-06 4.994649683503847e-07 0.0 0.0 0.0003204679078070996 0.0
0.0024222160096681097 3.7122248448642685e-07 0.00019633473275012498 1.8886146210222208e-05 1.1022625499579127e-07 0.00029450062693181067 0.004619236272343698 0.003996431103225199 1.2771616194186884e-06 0.00046449701598611886 3.831423893201259e-06 0.00018445850970888822 1.3390594208536815e-07 0.0 1.1869761678765622e-05 1.1960757555651005e-06 0.00010087410991669254 6.653786411382037e-07 5.846941950327877e-06 8.926519061017285e-05 9.550097962417878e-05 1.3599691336352328e-06 0.00022237020768197543 1.944914607295779e-05 1.3860978484592466e-07 2.564762479976409e-05 5.613740100514669e-05 0.0002181363500723883 0.002476241170632043 0.0012564876979370783 0.0 0.00012142793390841888 1.866779978158296e-05 7.138120547585373e-05 2.4019525520092177e-06 0.00010723372874509822 8.484302287222118e-06 9.22305704025269e-05 3.910128720085426e-05 0.00012155975100436584 3.30100237902587e-06 2.7896530845273645e-07 9.458767022705195e-07 0.0 0.0 4.310510551185936e-07 3.962518485152026e-07 0.0 0.0 1.4071486019435679e-06 1.9732918831259799e-07 5.27730614732898e-07 1.0648799322960787e-06 0.0 7.562072894554002e-07 0.0 0.0 0.0 6.550243133423696e-07 0.0 0.0 0.0 7.819160107040015e-07 4.255722064454158e-07 3.473202016286145e-07 5.292131955786002e-07 3.6406232524949404e-06 0.0 5.528420472720378e-08 1.960621812234657e-06 4.761690295425205e-06 1.6949356943715007e-07 1.6042818196517563e-07 0.0 0.0 0.0 1.223529532431801e-07 6.22955689380373e-08 1.156063451535575e-06 0.0 2.667106057815161e-07 2.4088797373641313e-07 0.0 0.0 0.0 0.0
0.0 4.6059214910221655e-06 0.0 9.467790280717911e-05 0.0005150301179236479 0.0005408075712820784 8.321432052540914e-06 6.341281349683319e-05 0.0002844961525681274 1.3839889083501497e-05 2.1739127318704346e-07 0.0010169065684199163 1.9358486528588027e-07 1.1869761678765622e-05 0.0 7.003767837078524e-08 0.0 4.756505237311979e-08 0.0 8.189615279019958e-05 0.0 1.8806968398985726e-05 4.355936413713251e-08 0.0007142184863135437 1.121129152358022e-06 3.9095851444567084e-07 5.451053525073508e-06 5.828410982941545e-05 2.8205619082598274e-05 8.643939716180727e-08 0.0 0.00015095994215822794 0.0 5.802789727031334e-06 0.0 0.0001655056777539367 7.432453425444235e-08 2.77988945985749e-06 5.664548160499445e-07 0.0010767764005762518 2.7062016390484726e-05 1.973414474622242e-06 0.0 0.0 0.0 0.0 5.257832035184956e-06 0.0 0.0 5.88446957701237e-07 6.51651123952415e-08 6.968915545494146e-07 5.302278662564591e-06 0.0 8.181050874094103e-06 0.0 0.0 2.3515658936572183e-06 6.000943464337993e-07 0.0 0.0 0.0 6.059971648344907e-06 2.3437746632121435e-07 2.940603708953007e-07 1.2043892639010077e-07 8.656314373504066e-06 0.0 0.0 0.0 4.592214783584047e-06 0.0 0.0 0.0 0.0 0.0 0.0 0.0 4.727996335530925e-06 0.0 5.249998885009811e-08 0.0 2.9276415671070175e-05 0.0 1.087761560667355e-07 0.0
1.9956444892031017e-07 0.00010599928540615636 1.243576521155997e-05 9.113056044411765e-08 0.0 0.0 9.5859913714436e-06 1.1070007021508552e-06 2.9035170622514505e-05 1.0256920728311416e-06 6.025397104343025e-07 0.0 1.245781111698381e-06 1.1960757555651005e-06 7.003767837078524e-08 0.0 9.32873082344097e-06 0.0 2.349296989354997e-06 6.338804479311479e-08 0.0016796255889438545 0.0013316407228694284 0.0021546192008686455 0.0013519580239936097 2.0032466000521744e-05 1.4814293715472895e-05 0.002710056899264267 0.0003099426878266284 1.3671746409347368e-06 5.864602962351122e-06 1.8467488627136618e-07 0.0 0.0 0.00010833463639229213 1.4230455691548173e-05 0.0016110865476021998 0.0008524451656890122 0.0003622668566263579 0.00038898952958637005 3.275288176970544e-05 2.6711464079329975e-06 1.3482004222244791e-05 7.6016647002656734e-06 1.9925495477868621e-07 1.0453948798596191e-05 6.159386163584693e-06 6.95737983102692e-08 0.0 0.0 7.861859881744405e-07 2.473214296070743e-07 7.460416939962809e-07 1.3256350123825002e-07 0.0 0.0 0.0 7.224303124830629e-07 0.0 0.001666655421801815 3.1865159672811225e-07 0.0 0.0 0.0 0.00022406653786005592 0.000664529422591857 0.0007792991267541506 7.287537782311662e-05 2.597951643908392e-07 8.2506156000941e-07 0.00024070042072171183 9.45745285526705e-05 2.9204916371718725e-07 9.164851034255727e-06 0.0 0.0 0.0 4.331406231257349e-06 4.2770096204659713e-07 0.00016850285093332874 5.351034328387971e-06 2.7186063607462143e-06 1.040081709847232e-06 3.3231233300781648e-06 0.0 6.5261673105415595e-06 1.5283258969069516e-06
4.85420654270079e-05 1.4139752086644186e-06 0.004116273544262176 4.592881139334758e-07 0.0 4.917515023985471e-06 1.2791439705584062e-05 7.0963477902474e-05 8.705584432793232e-08 3.181638434378874e-06 3.648844933386438e-05 1.0048026498255207e-06 8.898720473267307e-07 0.00010087410991669254 0.0 9.32873082344097e-06 0.0 6.832584354264842e-05 0.0023180133317776686 1.2917501249570034e-06 0.00038398543501217054 1.0062501902325416e-06 0.002551897516262435 3.49921946586025e-06 7.168266009726333e-08 0.001452500022194575 0.0022106147435839926 7.828975211087762e-06 0.0002843991789547038 0.0005993465337269341 5.219099074846047e-07 2.9633794284359816e-06 3.2258296429373556e-05 0.003586996940418627 1.758389849981596e-05 0.0008473652346528556 0.0005979752357818963 0.002670963480508573 0.0003257751987492179 2.820683744818041e-05 3.0547599364672283e-06 3.855549811770787e-07 4.112537633507967e-06 0.0 3.6346935992012363e-06 6.632725863283604e-06 0.0 0.0 0.0 0.0 6.249161351332224e-08 0.0 0.0 0.0 6.02639283934709e-08 7.854887169491452e-08 7.016124889333586e-08 0.0 1.0482706860392119e-06 3.2109296630135763e-07 0.0 0.0 0.0 6.467627891267807e-07 1.2353090374986073e-06 2.9534902360299273e-06 3.3066519785862595e-07 3.5195351098410236e-07 7.568458347677919e-06 4.4154690582027867e-05 9.852918046151425e-07 0.0 2.2897691364376794e-07 0.0 0.0 0.0 0.0 4.367161337372924e-06 3.2286938687588817e-06 1.799924202234821e-06 1.1304540601186153e-06 2.9020831581577017e-06 0.0 0.0 0.0 0.0
9.933017582355775e-07 1.6060946282402636e-07 9.879713882542268e-06 3.1526561907921254e-07 0.0 8.86530639305722e-07 2.6120464547722775e-06 2.3186019653834683e-06 5.198107880969904e-08 5.108065806304834e-06 0.002283156836273985 2.3963595097097213e-06 1.1797108912396917e-05 6.653786411382037e-07 4.756505237311979e-08 0.0 6.832584354264842e-05 0.0 0.0006231293397474908 2.0492153283053667e-06 9.956535186204214e-07 0.0 4.830979166626855e-06 2.036981894436365e-07 2.9635774876298076e-06 0.0015857402977615636 0.00032646610635150006 1.1801128668152866e-06 6.264993333389168e-06 1.9646933389007554e-06 3.635825720834657e-05 1.8123798489639982e-06 5.164929767851546e-08 0.0004146119831242107 7.6126242773425025e-06 0.0001396349114005372 0.0005341954958549565 0.0006885830546074143 0.00026340771063138567 8.380957647170921e-06 3.3467982351682247e-07 1.6452099183605747e-05 5.129937279702619e-07 0.0 1.3984068631577384e-07 0.0 8.32919538291237e-08 0.0 0.0 0.0 0.0 0.0 0.0 9.954395643908945e-07 0.0 3.8878355054415225e-06 0.0 0.0 5.921615270312331e-08 0.0 6.460734588924939e-08 0.0 5.024015685815255e-08 0.0 0.0 0.0 0.0 1.8423361954250597e-07 4.344006878306729e-06 1.0166477809825138e-05 0.0 0.0 0.0 1.5997152407281086e-06 0.0 0.0 0.0 1.6563470555612354e-06 1.999515411207023e-06 4.3573099223279313e-07 6.304607743730034e-08 1.1305666786004156e-07 0.0 0.0 6.873995944453668e-08 0.0
4.882080483711038e-06 2.2821881747320576e-06 9.466291855310749e-05 3.5902488733082157e-07 0.0 1.7004950886252605e-06 5.40547499971357e-06 7.60866544748031e-06 3.105814960837252e-07 1.3665984887501653e-05 0.0007277067775771898 5.1323002662555734e-06 4.82300018069574e-07 5.846941950327877e-06 0.0 2.349296989354997e-06 0.0023180133317776686 0.0006231293397474908 0.0 6.158946223980359e-06 1.0156631081052649e-05 8.523758800203142e-07 6.337805624912095e-05 1.5192912900214951e-06 4.938011402745987e-07 0.0024976243926937 0.0005498411991891098 2.5706997857747084e-06 2.4126091382897173e-05 2.2056888132046544e-05 1.1290610667051748e-06 1.4161502874383553e-06 2.2513841002856475e-06 0.0027330812002533023 1.6886587856746548e-05 0.000629348584975113 0.0006145758958868353 0.0024049639981430972 0.0006640822738425955 1.9480828316580287e-05 1.1538818937832208e-06 2.482552701340437e-06 2.6752243831189174e-06 0.0 2.755182708922607e-06 7.69739273335188e-08 0.0 0.0 0.0 0.0 0.0 0.0 0.0 0.0 0.0 2.9379928851584784e-07 0.0 0.0 1.0500944597221535e-07 0.0 0.0 2.3158275963352137e-07 0.0 0.0 9.87879036051726e-08 0.0 2.6084480240674935e-07 3.9913940170489156e-07 3.7887613663134866e-05 7.799591219929765e-05 1.054100026123758e-07 0.0 0.0 0.0 0.0 0.0 2.971525971452994e-07 2.786208160793427e-06 2.1226319440382284e-06 8.664588381392648e-07 6.101139364390579e-07 8.003963458965374e-07 0.0 0.0 0.0 0.0
2.0922281259972495e-06 0.0 1.7994699993052656e-06 0.0045942766693661515 1.4343740263674547e-06 0.00020993089711163795 4.791118816614921e-05 0.00010943292821177942 0.0006244129344659796 0.005944421158007406 9.617628305729448e-06 0.00323057502399934 2.7479788942507747e-07 8.926519061017285e-05 8.189615279019958e-05 6.338804479311479e-08 1.2917501249570034e-06 2.0492153283053667e-06 6.158946223980359e-06 0.0 3.8144027292480543e-07 3.872188385304037e-07 1.5655001560184029e-06 0.00043045484560068825 4.495429036602852e-07 3.5897971984420992e-06 1.2946521851406777e-06 0.0012025909284843906 0.0002850922243305071 2.017698046261294e-06 1.924373246410962e-07 2.420243757162804e-05 1.3291905660870652e-06 0.000223899398579067 5.455079942559449e-06 0.00036265219737917803 5.330753890192541e-06 0.0003297739522635235 0.00011421726509529575 0.0005983641337201321 3.274582871637961e-05 6.130604313625567e-07 4.177860665019196e-06 0.0 6.95741333548213e-08 0.0 0.00014495541790306325 2.017270440212583e-07 8.581692110828379e-06 6.860644381194961e-05 4.264278597573525e-06 6.203938208163871e-05 8.933199938152127e-05 0.0 8.714459199495564e-05 0.0 1.9945240697621303e-06 1.611497972665563e-05 6.950354773501724e-07 0.0 1.1144684405539907e-07 0.0 7.757372368610645e-05 0.0 1.582606899922927e-06 4.3842868394211407e-07 0.00014187409147472797 9.688075169225424e-08 0.0 0.0 8.759714209752054e-05 2.7674483853907173e-06 1.0912764826053237e-06 0.0 3.747396777653852e-07 0.0 1.7900132623914728e-06 0.0 2.8355609717357463e-05 1.0080348811860367e-07 3.2210815869144765e-06 1.4000460708047268e-06 0.00013801890244937394 6.140359853713908e-07 3.0176600572463534e-06 0.0
4.406532357862309e-05 1.321888233522727e-05 0.0007105937727777933 2.402657316049043e-06 0.0 7.036709217289037e-06 0.0002710552455763867 0.00011979278436673387 4.692497746051314e-05 5.286664015641295e-06 1.3772659217716988e-06 3.409147850708628e-07 5.180757185470366e-07 9.550097962417878e-05 0.0 0.0016796255889438545 0.00038398543501217054 9.956535186204214e-07 1.0156631081052649e-05 3.8144027292480543e-07 0.0 0.00016366349714972062 0.008810288833863188 0.0008064710413866636 1.908278467590757e-06 3.375618159677283e-05 0.0003825675677845735 0.0017599883430276615 9.278579175780796e-05 0.008288057620276082 6.81136349909652e-08 1.4824637041188858e-06 1.813484003514893e-05 0.001965267845159384 7.799701208529395e-05 0.005296827148026916 0.0007788329514165397 0.0029575056734140494 0.0016133055163944368 7.656956075816536e-05 1.08406795990485e-05 2.64523689056819e-06 4.226207446822365e-05 1.4906778717450818e-07 5.467678505370642e-07 1.4323721134122425e-06 8.514334040463553e-08 0.0 0.0 1.6479958220790015e-06 3.540612588567413e-07 2.8690603925796125e-06 1.6079283662352109e-07 0.0 0.0 0.0 8.160268095334308e-07 0.0 0.0003561015437378559 0.0 0.0 0.0 0.0 0.0002740535670230787 0.00017413294897318955 5.9658133481543754e-05 7.787693002921538e-05 0.0 4.320853594072082e-07 1.1714056924438006e-05 0.0001289437809019185 2.092961616844001e-06 2.614952213934832e-05 0.0 0.0 0.0 4.485442881433161e-07 4.570681626861827e-06 4.361330967787845e-05 4.645048707423164e-07 1.861846322682826e-06 9.316597263307106e-07 1.420858607612472e-06 5.622238690942164e-07 0.0 0.0
2.1050100800128496e-07 0.0013844303951423634 4.7590013888451145e-06 2.8789732208558914e-07 8.903773989408378e-07 2.4531137550436754e-07 1.649299526554418e-05 1.1539789348689608e-06 0.0014632801364360898 2.3161769999395944e-07 2.3497976721015135e-06 8.798895036762378e-07 3.21481779891039e-05 1.3599691336352328e-06 1.8806968398985726e-05 0.0013316407228694284 1.0062501902325416e-06 0.0 8.523758800203142e-07 3.872188385304037e-07 0.00016366349714972062 0.0 0.0001969528422180395 0.003828906642455014 0.00041342058459059355 2.440592168935899e-05 0.002800402457611013 9.692672798076593e-05 3.6341100386159567e-06 9.34080059892432e-06 5.605624627875956e-06 7.74265072550489e-08 6.900383531233334e-08 8.639989806335828e-06 2.1016048090192194e-07 1.4777634132657049e-05 7.5686050101672e-06 5.99561243558073e-06 2.0119101494473567e-06 4.59638693587747e-05 0.0 1.354620372318706e-05 0.0 0.0 5.147310546762024e-05 8.755061493049664e-06 8.64755123537918e-08 0.0 0.0 1.0553649541961756e-06 4.316469775424788e-07 2.1800562045055995e-06 0.0 1.242705524544063e-07 5.708888957312882e-08 2.1850872509055362e-07 2.5977600158294757e-07 0.0 0.000919659298159907 2.4718204237092564e-07 0.0 1.309472985334329e-07 0.0 0.00011757031374322846 8.320223834457485e-05 0.00034763528173744127 5.704223303104428e-05 1.6706128218200469e-06 1.9748216399851154e-06 0.0002253054944666765 4.7744536305364067e-05 3.169274400578569e-07 3.4715515998759572e-06 6.88320314279576e-08 0.0 0.0 2.3673867757316576e-07 0.0 1.3745633453738814e-05 4.066141830055873e-06 1.0926538377055125e-06 7.765395899367656e-07 0.0 0.0 5.513516472697097e-07 0.0
9.881622103551896e-05 9.816048381698925e-06 0.004019099695904643 6.1468204307883835e-06 0.0 1.7672315765047325e-05 0.000283089074386457 0.0002483247584089686 4.78513625630545e-06 9.308299882797595e-06 5.149454412437384e-06 3.658566197981974e-07 1.6694258111865283e-06 0.00022237020768197543 4.355936413713251e-08 0.0021546192008686455 0.002551897516262435 4.830979166626855e-06 6.337805624912095e-05 1.5655001560184029e-06 0.008810288833863188 0.0001969528422180395 0.0 0.0002628409424094402 1.0437928765169712e-06 0.0002575362546068478 0.00875460165012806 0.0005617412089467655 0.00020106732308819376 0.002478983642701401 1.416292890231959e-07 4.205943324861502e-06 1.8721444865687734e-05 0.002666869234545365 0.00012587440127031105 0.007453453418356131 0.003005716867408047 0.004676852550631648 0.00309267708900261 0.000298124608406093 2.354855784009545e-05 6.058292396347094e-06 5.047292724629396e-05 0.0 8.40819537686745e-06 2.8618702864514372e-05 9.968343374565667e-07 0.0 0.0 1.4836235478606982e-06 2.8358646047733217e-07 7.535539411101171e-07 0.0 0.0 0.0 1.2014828176795603e-07 5.910114583230098e-07 0.0 0.0008034962707741481 5.077970172685866e-07 1.5893714668356672e-07 0.0 0.0 5.482144640890198e-05 0.00024200535343129549 0.0005045266855423046 2.9826535672810056e-05 1.4659545252267979e-06 6.519261694223592e-07 0.0004327058417977046 4.063932107240122e-05 2.570904236922393e-07 2.569235867345684e-06 0.0 4.748671286510892e-08 0.0 1.3912798128493997e-06 2.337770922430381e-05 5.447486857897636e-05 7.341547910509685e-06 3.1050703743592284e-06 3.873344985205412e-06 6.64223440156614e-07 0.0 1.593866877074965e-06 0.0
2.556984758788751e-06 0.0004761277513226898 2.3332060217753543e-05 0.0015718279879278708 1.1441292707580951e-05 3.1534790723956344e-05 0.0006468255986627643 4.2328498760719186e-05 0.006705684662300721 0.0004933830058004885 1.6824736078249579e-06 0.0002071641409369944 8.713113667100986e-06 1.944914607295779e-05 0.0007142184863135437 0.0013519580239936097 3.49921946586025e-06 2.036981894436365e-07 1.5192912900214951e-06 0.00043045484560068825 0.0008064710413866636 0.003828906642455014 0.0002628409424094402 0.0 0.00012263215789962866 1.353390100906664e-05 0.0015002759177366815 0.005855077466402096 6.792782318974768e-05 1.0699502141535628e-05 1.3161315432805246e-06 3.5995538654984823e-06 1.0534665913285933e-05 9.038289126468245e-05 2.4573525946917823e-05 0.0011104343860886354 7.7056130727598e-05 0.0002133842462566163 0.00011415773904813801 0.0006975027639161921 1.905854577770433e-05 5.816466558938348e-06 5.928481895276638e-06 6.93460923293924e-06 6.02766231445272e-06 7.536355614440022e-06 0.0002859774820876957 7.451842671238318e-07 1.597318895486075e-05 0.00046577428349484535 3.958021847431323e-05 0.0005613680544213423 0.0002137475167284337 3.2704365343097196e-07 7.351764298722909e-05 0.0 4.6742936890316e-05 1.4115090214274381e-05 0.00035428593801032417 3.0967356494358374e-06 2.8174848873759006e-07 6.738998444622316e-07 0.000138097591339233 0.0003884038687590862 0.0003258313656222909 7.627765238277976e-05 0.0015347390246586608 6.71014549559849e-07 2.562492664962178e-06 6.093957556054102e-05 0.0016834740546432343 8.657605268834645e-05 0.00023797225450865187 2.4126292340008817e-07 2.200931912440722e-06 3.571555771771383e-06 2.4038470801396077e-05 3.531990556413715e-06 0.00019022863324912078 5.939995518559558e-06 4.4000034186455145e-05 1.7780183449986538e-05 0.00012933314073605438 1.0517207790319537e-05 2.1978485061297777e-06 1.2429957340434123e-06
0.0 0.0006684160741673348 4.7405317924831594e-07 0.0 0.0 0.0 6.17764474279599e-07 3.905512003485041e-07 7.940007142931752e-05 0.0 0.0003181100956952616 8.039905385052981e-07 0.002907445904329562 1.3860978484592466e-07 1.121129152358022e-06 2.0032466000521744e-05 7.168266009726333e-08 2.9635774876298076e-06 4.938011402745987e-07 4.495429036602852e-07 1.908278467590757e-06 0.00041342058459059355 1.0437928765169712e-06 0.00012263215789962866 0.0 0.0002522746099343573 0.001507124979291359 3.0058719149920664e-06 1.437386381477204e-07 5.827577097517673e-07 0.00022958728881052818 0.0 0.0 0.0003268901630513579 3.614856137767251e-06 0.00011058470971561646 8.404978690703909e-05 0.00013729426629058406 3.250977867284426e-05 1.3467950808963621e-05 2.637692223325145e-05 0.00044021762661967825 5.856720447494882e-06 0.0 6.116819568219534e-05 1.1225259748520584e-06 8.651376834992777e-08 0.0 0.0 0.0 6.073285152718098e-08 1.2828177110111797e-07 0.0 0.00017203536898910686 0.0 0.0012512454739458281 1.2680048692134488e-07 0.0 4.5371833721470515e-06 0.0 1.2641045677184098e-06 0.0 0.0 3.527865970873995e-07 1.6639264551760228e-06 2.7220865729388265e-06 1.9777088146179725e-07 9.756329109126513e-05 5.936270653353989e-05 0.00043707156408826745 7.197542985913882e-07 0.0 0.0 0.00012148959117832404 0.0 0.0 3.964939449206677e-05 1.4933382299185918e-06 0.00011678645745471316 5.750993375688145e-05 3.820619685420839e-06 5.908195474142775e-07 4.533611305532416e-06 2.9988854485075627e-07 8.654544481511953e-05 3.700710912644159e-06
