0.0 2.1273874405464854e-07 8.745900391200377e-05 1.4475606685500233e-06 0.0 3.0034316976677648e-06 0.0013677030336655123 0.00011854225344198354 1.2415750478381412e-05 7.749092229203809e-06 2.5134704721862657e-06 5.45506809617961e-06 5.7508720384605334e-08 0.003668197273050862 0.0 2.1396255937958033e-06 0.00010607298237533024 8.481960988633083e-06 3.3227276299073524e-05 1.855935492967555e-07 3.725771745523307e-05 4.80982815043305e-07 0.00010679726714648233 0.00011814944402961108 0.0 4.024446318738229e-05 2.6804192630744502e-05 6.31267422410872e-05 0.002939461676558293 0.0017531578372351935 4.8894580566912316e-08 5.97615342665092e-07 3.189118496850054e-05 0.00011450833293563477 7.664798642697085e-07 1.5491211361765897e-05 2.55065022118895e-06 2.4428630147508678e-05 5.57477746527419e-06 1.823636258696476e-06 3.404626703375286e-07 0.0 9.725932293437299e-08 3.140667481150324e-07 0.0 3.9526545455933534e-07 0.0 0.0 8.016982141986737e-07 2.112035435905697e-06 2.291745965512064e-06 6.7865534201884805e-06 6.864466642745826e-07 0.0 5.396062856583598e-07 0.0 1.6497750224422432e-06 0.0 3.1399944442359874e-06 5.464252608266658e-08 0.0 0.0 0.0 3.9209896036758325e-07 1.0974191300090516e-06 2.0812642356211152e-07 1.0826619683307983e-05 0.0 2.813809967550579e-07 9.646084691705814e-07 1.5445041000742747e-05 2.5318220317642287e-06 2.4988390066419006e-06 5.376008283635118e-08 0.0 1.7494277927289562e-07 8.757491695988473e-07 0.0 7.151086731344007e-06 6.162314794790096e-07 3.5841405895638125e-06 8.703874161903788e-07 1.04578092385366e-06 0.0 0.0 0.0
2.1273874405464854e-07 0.0 4.133807672787107e-06 6.133201253949006e-07 0.0 2.571921512623696e-07 4.45381636777745e-07 4.7479869778096943e-07 0.0004177679958599976 1.4828920572122475e-07 0.0001596720208998212 4.6865226530172005e-06 0.0007470842139128342 9.244758528485143e-07 2.5377851910755387e-06 2.738253977576708e-05 3.790775157611648e-06 1.4369245796759088e-05 1.1044324695033878e-06 3.5336468926691586e-07 1.7149228829474786e-06 0.0012949626141014552 2.8990075769266283e-06 0.0003239973707677048 0.0008927578087881983 7.925555328581527e-05 0.003186959752216734 4.781642453191245e-06 1.8464425437888222e-06 7.636914460860723e-07 6.479758041479435e-05 6.821434646012732e-07 2.629362096604249e-07 1.1047800301603773e-05 1.746011813953683e-07 2.0630958892794178e-05 1.8365187829498033e-05 3.761070370974594e-05 3.2050057702596137e-06 1.3206759334155442e-06 2.642168524514348e-07 5.324576173641878e-05 8.997645128966525e-08 5.033413092413767e-08 3.1130430849704135e-05 3.0085389166161367e-05 0.0 0.0 4.705816013521521e-08 5.059801641352202e-07 5.022358695230271e-07 3.2774789483842563e-06 0.0 5.179497867684008e-06 0.0 2.5195587224059718e-05 3.927571663029899e-07 1.3996951612436479e-07 4.1653020331236946e-06 1.8832382278365768e-06 1.6289649178969684e-06 1.4424544519799938e-06 0.0 2.3594528409485889e-07 2.0391904281727147e-05 4.892732664245608e-06 2.32228385854444e-06 1.3107583641092766e-05 0.00010880619494104635 0.000904600761072814 1.0212002222884834e-06 2.647496914551035e-07 6.158131817209791e-08 9.759613391719556e-06 4.409688971991597e-08 0.0 2.154003447068147e-06 8.474087093614894e-08 5.994620489757734e-06 1.1676413930729124e-05 8.815119882989352e-06 2.3177969851739078e-06 9.719143132166308e-08 0.0 2.6109356561986902e-06 0.0
8.745900391200377e-05 4.133807672787107e-06 0.0 1.5371634078703353e-06 4.970860041242868e-08 9.993009038501818e-05 0.00023998479433976698 0.0005120996566603703 2.988402176077079e-06 5.4291527757544324e-05 1.4715353005152286e-05 7.211037861570012e-06 4.661154457702858e-06 0.0005573327608821592 4.696765697736707e-07 6.096653577295634e-06 0.0025900346750452716 3.9216759644141256e-05 0.000128525728757088 2.7467330035466865e-07 0.000222719065604711 1.9986009071214552e-05 0.004686179915775252 1.383982923351295e-05 2.530293858499899e-07 0.003136724887600661 0.003909835902718535 5.1130576975479635e-05 0.00015134277039464115 0.00026752759934518203 2.98805493533705e-07 2.70020161327806e-06 1.0610263319940398e-05 0.000618519785079464 2.7851398518767805e-05 0.001403743678463611 0.000628172507073177 0.0010011717051921834 0.00038755651947623433 1.5511374748686707e-05 3.87159043218208e-06 2.542762064964783e-06 5.3705481156658406e-06 3.003101963729273e-07 0.00010986617841802725 0.00027582009033634547 0.0 0.0 1.917139954867709e-07 4.223345183655695e-06 1.0578642972252638e-06 1.1990916483403724e-06 0.0 2.0882177447348855e-07 9.49773105099446e-08 1.3632925783277964e-07 1.3444252855963645e-06 0.0 2.303252575872055e-05 1.1954785631539785e-05 1.7467175727176616e-07 2.415927056237176e-06 0.0 4.529492015980127e-06 9.347115602007578e-05 0.000126441300314808 4.220933845432644e-06 1.0754575902962597e-07 4.04750443376839e-05 0.0010786189833360902 3.859164768764326e-06 1.4335914817625406e-06 3.58620732910512e-06 6.145186997780314e-08 0.0 0.0 4.711533583808091e-06 2.225449952575627e-05 5.0290138311309164e-05 1.4694617346718944e-05 4.8328240259981915e-05 2.6851506656920307e-05 1.5135043119457503e-06 0.0 1.6788059968516918e-07 0.0
1.4475606685500233e-06 6.133201253949006e-07 1.5371634078703353e-06 0.0 0.0 7.70893883853783e-05 0.00011678416196451328 1.967344233269783e-05 0.00044719099041966304 0.0010819861814305193 7.671899575286674e-07 0.003508586877618176 4.784041387246091e-06 3.4694932479813813e-05 2.1979009479086987e-05 3.1862957433041853e-07 4.5413624040015015e-07 1.8569295568455587e-07 4.779925326333665e-08 0.001449643583308154 4.221805538962586e-07 1.8240402614842062e-06 2.182721531715799e-06 0.0005807967600565761 0.0 2.669976398980461e-07 1.3016073588923833e-06 0.0022316367781840536 2.965318192932814e-05 5.503138683764065e-07 5.085114712188515e-08 2.053226801742662e-06 3.830583898105285e-07 1.3845917430553851e-05 1.3879695166549407e-06 5.233525573298259e-05 1.5641585877406143e-06 3.905861986597191e-05 1.591452774327131e-05 2.176898396850947e-05 4.218823984630174e-06 0.0 9.512868525567237e-07 2.634317897335327e-07 1.8040205670815075e-07 0.0 5.319387281750261e-05 0.0 2.4763923820737875e-05 1.2592585237279693e-05 1.1600910763350551e-05 0.00015270972187760793 8.927791196260967e-05 7.334617242513371e-07 9.66709794014524e-05 3.6613474202761176e-06 1.9149382804296003e-06 8.027421298335993e-06 1.3402793643606804e-07 0.0 1.472922001265693e-07 0.0 2.7746927503602393e-05 5.926020666149864e-08 3.2071889798335173e-07 0.0 8.323638965419434e-05 0.0 0.0 2.8500289991648785e-07 0.00014256911193557178 2.2604829583174828e-06 3.6222267080562814e-07 0.0 7.433825180504622e-08 0.0 3.7345720487349985e-07 7.669804878885823e-08 5.304547710222411e-06 0.0 3.835727082388588e-06 1.1510551373990242e-06 9.03897848902948e-06 0.0 0.0 3.2908380644994773e-07
0.0 0.0 4.970860041242868e-08 0.0 0.0 8.928647862978905e-05 0.0 1.6931451730919033e-05 2.828511740544973e-05 2.726411059364515e-07 2.065410450933386e-06 4.075078321475294e-06 3.123801729052258e-06 3.9410549854282505e-06 0.0006939126973695259 0.0 0.0 5.20461450190896e-07 1.596926711387376e-07 1.5944684998427552e-07 1.0743044964563689e-07 0.0 3.6588840849954636e-07 5.647926896364946e-07 0.0 1.591722109800321e-07 1.215750294300971e-07 5.093560435562494e-08 9.69660522912708e-05 1.335595830690146e-07 0.0 0.00012024492092655368 0.0 4.1754360055737985e-05 1.8575317435483717e-07 5.756543064627689e-06 3.119446055400283e-07 2.9989849396895298e-05 2.4813789433693886e-06 0.0005096853683006886 1.0048503924240958e-05 0.0 0.0 0.0 0.0 0.0 0.0 0.0 0.0 0.0 0.0 0.0 0.0 0.0 0.0 0.0 0.0 0.0 0.0 0.0 0.0 0.0 0.0 0.0 0.0 0.0 0.0 0.0 0.0 0.0 0.0 1.9383979727029295e-07 0.0 0.0 0.0 0.0 0.0 0.0 0.0 0.0 0.0 0.0 0.0 3.573536950314485e-07 0.0 0.0
3.0034316976677648e-06 2.571921512623696e-07 9.993009038501818e-05 7.70893883853783e-05 8.928647862978905e-05 0.0 0.0013308976862769217 0.003927233475389102 0.00017526092762121072 0.003962464376118397 3.526971621414422e-05 0.004571089239940185 4.252255858736252e-05 0.0004480014814375952 0.00107669624276211 7.832733771764089e-06 1.0047938477342234e-05 7.2495847871033134e-06 3.0200120863684567e-06 0.00010889725932525284 4.826323106111064e-05 6.075856687262318e-07 0.0001303964170772388 0.00021393836930168984 4.281291481226832e-07 1.4208239427557013e-05 3.362741235431509e-05 0.0005989977549286875 0.00028459404503514477 2.803531688704764e-05 4.0938774989053754e-07 0.0005753397324479041 1.0292108881385438e-06 0.0002318598648923173 6.386467817286735e-06 0.00023846244109934162 1.3518090771146564e-05 0.0004094986859168104 8.924832508816382e-05 0.0015469827957373423 0.00014808315428413988 3.3462799356087247e-06 5.553319879186638e-06 2.3215966490554743e-06 4.0258809635613594e-07 3.0749166953477073e-07 1.6551757327046714e-05 0.0 4.0031781851118024e-05 3.541933300772721e-05 6.208808755196276e-05 5.631998297112106e-05 0.00010105691914365882 3.551651996527606e-06 1.6010676097579422e-05 5.473914564764759e-07 1.43711259082249e-05 2.5922603642906695e-06 8.292719119812599e-07 0.0 1.24985403327732e-07 0.0 9.435706846196023e-06 1.512303610410263e-07 1.0532695341807483e-06 1.475002098817334e-06 8.918690669973296e-05 0.0 7.469367575083636e-07 4.816269619366193e-06 0.000157288395779001 1.2024149406722529e-05 1.8044554557838105e-06 0.0 5.097271641138031e-07 2.6089310936584047e-07 3.046782032880295e-06 1.4609987974018812e-06 1.7470375762002846e-05 7.436553042374746e-07 1.749122134441064e-05 2.8470745195990664e-06 1.2785392816986858e-05 9.027017009084874e-07 6.267745075477996e-07 1.1738978119906109e-06
0.0013677030336655123 4.45381636777745e-07 0.00023998479433976698 0.00011678416196451328 0.0 0.0013308976862769217 0.0 0.002556399295703478 9.147202688531305e-05 0.003996992201876812 1.7421194036970516e-06 0.00010614344794368439 4.193352732160592e-06 0.005138149068223789 2.1777057064592978e-06 0.0001839151609814629 2.339486297921289e-05 2.065988597438139e-06 3.5899966906475952e-06 0.00010402631677081048 0.0002591604129938501 1.1102732918089053e-05 0.001018705816064766 0.0016778436985417295 0.0 2.2232098703758623e-05 0.00024898693755607984 0.012079461709807898 0.0002350779729208246 0.003197893069938211 9.127279449092516e-08 6.762770729959126e-06 6.148554575398393e-06 6.885629922110913e-05 5.424162408375508e-06 0.0001396800414859356 7.70973690980532e-06 0.00015079048974600204 5.240216749659454e-05 2.8257891973998485e-05 1.0031524361050743e-05 0.0 3.3971841307027693e-06 8.73291911896355e-07 1.7038072837077908e-06 2.020306422101339e-06 4.9322053104463855e-06 0.0 2.750751617668216e-05 1.6528837146451412e-05 3.065015633841066e-05 4.27992146553869e-05 4.008385828864371e-05 2.74293755598497e-07 8.860883949471335e-06 9.149984310378751e-07 9.044261896546696e-06 8.414015931220199e-07 5.218806541670103e-06 6.120277368399855e-08 7.139509172855955e-08 1.0542743604367458e-07 6.910945997971984e-06 2.0355181781849754e-07 2.6987188361461626e-06 5.679135509234983e-06 6.388254867947224e-05 0.0 2.2091283766968246e-07 1.7602824680324506e-05 0.00010753774154760315 7.347162077109576e-06 2.745692290035755e-06 0.0 4.70247292347878e-07 2.416939175586967e-07 2.125841064091454e-06 1.0893780045189976e-06 2.1838109810727744e-05 4.2641392472881887e-07 1.8739812385196858e-05 5.204105935233072e-06 4.030720948443602e-06 1.2514846179542074e-06 7.727909058431861e-08 1.4323954439241842e-06
0.00011854225344198354 4.7479869778096943e-07 0.0005120996566603703 1.967344233269783e-05 1.6931451730919033e-05 0.003927233475389102 0.002556399295703478 0.0 5.677265900161879e-05 0.001945143332399634 8.059056362203988e-05 0.0010593261313689018 5.1951300191342485e-05 0.0025910725623430808 0.0002496317392366917 6.751966467322371e-06 9.997467923358754e-05 2.2286828687879246e-05 2.060756942187186e-05 1.4265073659161383e-05 0.0002661393044290836 1.3417408108814473e-06 0.0006463856035978205 0.000226787215280276 5.648353128738909e-07 8.474217792777361e-05 7.967762563138673e-05 0.00023878411442188762 0.000489098843983051 0.0005360641367740722 1.510549182416718e-06 0.000595694679597252 1.1909889071811674e-06 0.00026741710898687166 4.613752952386394e-06 0.0002910034924793382 3.683713186043227e-05 0.00044374693477800323 7.175661097033949e-05 0.0006541160472764602 0.00014413645908670987 5.441743837507468e-06 5.501301220858891e-06 1.5700419239715321e-06 3.2602067751288165e-07 1.2337145180052034e-06 3.988079174433869e-06 0.0 1.8630584719719203e-05 2.2378625078390387e-05 4.408881634105625e-05 3.1566518375401986e-05 3.736029360392346e-05 1.276008662985192e-06 5.6287267422745935e-06 2.299642503729445e-06 1.0979262701422869e-05 9.101311308182303e-07 1.7333189059184478e-06 5.448553464178811e-08 0.0 5.162531662504125e-08 2.5381958918608677e-06 5.502748916859069e-07 1.2534554583767788e-06 2.200093845733067e-06 6.946180357676812e-05 0.0 2.6220340145308857e-07 1.0991797925848605e-05 9.665482347249871e-05 9.718980970563455e-06 6.38560948176713e-06 4.187623551167411e-08 1.1206379307190942e-06 8.080000127886971e-07 3.629089011292229e-06 2.16955431091048e-06 1.9690451878606974e-05 8.942470637532048e-07 1.7792069140556793e-05 3.087575779972259e-06 2.8865072310466765e-06 2.525393557874946e-07 1.0366966875857327e-06 7.851333697482373e-08
1.2415750478381412e-05 0.0004177679958599976 2.988402176077079e-06 0.00044719099041966304 2.828511740544973e-05 0.00017526092762121072 9.147202688531305e-05 5.677265900161879e-05 0.0 0.00013213492363927463 6.263312309435262e-06 0.0012474006839851524 2.2406637615301082e-05 8.990412387212351e-05 0.00047072172797367197 0.0001015048050760617 1.8434405029533574e-06 1.8236084748790904e-06 4.1708417540587784e-07 0.00017522194281883254 3.480964878080567e-05 0.0012475649731117724 1.537053513439666e-05 0.004231449344385219 4.8853216979339086e-05 9.292884105490332e-06 0.0004906560885195099 0.0006275666355178426 0.00010687476386923187 8.541854377223961e-05 4.1810466915191045e-06 2.975353130402673e-06 7.984155407695585e-06 3.3380187102035067e-05 1.0794840381628063e-05 0.00037039888809951377 4.157020661813033e-05 7.884485002302908e-05 4.3924976583812686e-05 0.00027421414706927587 1.0224691619430464e-05 1.1801256287281423e-06 2.4007763207264955e-06 1.020248372677512e-05 2.773638551800708e-06 6.637948298578002e-07 4.6729321128548957e-05 5.050441200259547e-07 4.5057891851278076e-05 6.52343955616554e-05 7.126861158286788e-05 0.00014900159294939865 0.00013598431566235565 1.4119097976419138e-06 0.00012665427695384224 1.5990633135337551e-06 3.1787344919902867e-05 3.976840971450236e-05 4.323935157012064e-05 0.0 4.3263894746861217e-07 5.385696069840404e-07 3.234704881536006e-05 1.2256128104563405e-05 6.21440159796298e-06 4.0295008408634025e-06 0.0004416239329685044 1.0439591149327923e-06 3.2566187840094184e-06 7.709148199287976e-06 0.00036909177404541483 5.100513438211418e-05 3.881344696119046e-05 6.697969996239326e-07 4.2107597516814855e-07 2.0544269461668175e-06 6.280109532619018e-06 3.7184990491794248e-06 9.255630327787159e-05 1.7357446572869306e-06 3.4954043913377354e-05 1.1368820639022843e-05 6.932490416191353e-05 1.8184504300730748e-06 3.3829711950461563e-07 8.796385115226162e-07
7.749092229203809e-06 1.4828920572122475e-07 5.4291527757544324e-05 0.0010819861814305193 2.726411059364515e-07 0.003962464376118397 0.003996992201876812 0.001945143332399634 0.00013213492363927463 0.0 6.2367684446104825e-06 0.002504550557378518 8.07391448005247e-06 0.0005470894533474932 4.941823136974172e-06 7.77192978850044e-06 5.032687729239678e-06 2.2219594272395574e-06 1.090927938889577e-06 0.0022853046332146957 3.095660846141392e-05 1.1328424715847483e-06 9.181068561649774e-05 0.00036926191844589265 0.0 8.744631692538667e-06 2.7121268290734755e-05 0.002464817715132825 0.0002980871341058223 3.2765563441638075e-05 4.313548016290787e-08 1.2043292182566282e-05 2.2643010110935277e-06 0.00014301209074273592 1.614053060751809e-05 0.0003903577978448034 1.7741517769977716e-05 0.000411553710660318 0.00012006253084760303 0.00010370741778250479 4.054932311363378e-05 1.364347312473903e-06 7.911772772823921e-06 9.084567875785815e-07 2.812648137192081e-07 2.6170877100156846e-07 2.788747898160002e-05 1.505343179610254e-07 6.02972141116938e-05 2.512135250633097e-05 3.7265864503625285e-05 7.066790046116525e-05 0.00010409224044260907 1.0095320108134003e-06 2.508766520807488e-05 0.0 6.615599549607691e-06 3.0459110441805973e-06 5.519327115099299e-07 0.0 1.4954504439636397e-07 0.0 1.7655927852931355e-05 4.7744048595038385e-08 9.966848420269187e-07 1.194604914247673e-06 8.450638799332938e-05 1.8798199108819285e-07 5.231742911577722e-07 3.2212035163274877e-06 0.00017218790095981933 5.684447557339283e-06 1.4754787244435513e-06 0.0 5.837413501661016e-07 1.619149629166507e-07 2.15818119117837e-06 1.3193262341426767e-06 1.4079931285632299e-05 8.361335525923659e-07 8.70931876029957e-06 2.2196499179944895e-06 5.317384272790893e-06 1.1573131141181811e-07 5.888060366186955e-07 2.3415408675343826e-07
2.5134704721862657e-06 0.0001596720208998212 1.4715353005152286e-05 7.671899575286674e-07 2.065410450933386e-06 3.526971621414422e-05 1.7421194036970516e-06 8.059056362203988e-05 6.263312309435262e-06 6.2367684446104825e-06 0.0 2.515215940394617e-05 0.00232506852849992 8.822322283278665e-05 3.815608846808869e-06 5.104837972716398e-07 0.00013151097744245826 0.0013918572116394384 0.0005753642532937655 1.0874209230580972e-07 2.5539663884045443e-06 1.5076967648027198e-05 8.290426087557214e-06 5.7816735380045735e-06 0.0006021263197781401 0.0011793636332175805 0.000495693287301596 2.073107100137367e-06 0.00018113927524513707 3.7447120785046706e-06 0.00023390896376498805 0.00012182126295667855 8.422404909428638e-06 0.004729402659193957 3.0481627995509714e-06 0.0004318696296918817 0.0022538462587164253 0.002968194675198684 0.0004078194302973499 3.227966071311863e-05 4.675166922755605e-05 0.0008155028906821168 4.321547075654777e-06 0.0 1.3314869510271931e-05 4.115380519110222e-07 5.7312579211071326e-08 0.0 1.2520554671446267e-07 6.190739754466599e-07 1.5930020646432473e-06 2.2122355511933985e-06 0.0 9.77889121303827e-05 0.0 0.0008391655700016525 3.506631424661226e-07 6.057890606520313e-08 2.191113084453876e-07 0.0 3.647322121404153e-06 1.0526524278676576e-06 1.4985935225973093e-07 4.6158408452761345e-08 1.934068517047856e-06 0.0 1.6372637875680853e-06 0.00011022390422544328 0.00011196410539353318 0.00018725558829793375 2.1611296944589897e-06 7.384831501649361e-07 1.4944508089723217e-07 0.00010322083025020438 6.196462216359477e-07 0.0 1.590964607211164e-06 3.4315659399826985e-06 6.005302369384807e-06 0.00020641319116597066 6.429402108509805e-06 1.5239737211285216e-06 0.0 2.3423357641113926e-07 0.00010507799143452712 7.994128084597718e-08
5.45506809617961e-06 4.6865226530172005e-06 7.211037861570012e-06 0.003508586877618176 4.075078321475294e-06 0.004571089239940185 0.00010614344794368439 0.0010593261313689018 0.0012474006839851524 0.002504550557378518 2.515215940394617e-05 0.0 3.597544489833109e-05 0.0009110656641259759 0.0005469048695266101 4.005147558896588e-07 2.758488094845693e-06 7.471974121740795e-06 2.9717211317086307e-06 0.0007934635207690173 2.909429112519758e-06 1.3155554315824577e-05 6.397424129111575e-06 0.0002563663300937548 9.641627083562346e-07 6.654577426079117e-06 1.0606620820541866e-05 0.0006839119425416459 0.0005306981115962945 7.859682470823056e-06 5.104477707388726e-07 6.678984446920549e-05 1.3466186497904458e-06 0.00020375750132153284 7.726926280278857e-06 0.0004695628327815476 2.4096746147567405e-05 0.0005847492140167668 0.00011831195677720691 0.0003968619692742315 6.417740703078155e-05 3.7354043055355392e-06 7.227502527273753e-06 1.2404867211449096e-06 4.6248131654745466e-07 0.0 0.00011001706695750211 2.981383991402375e-07 7.382541642396239e-05 4.032661932341402e-05 3.803165492574016e-05 0.0003140683814810454 0.00022633045882710889 1.6540353118814094e-06 0.00013182780071835373 4.128931209774276e-06 6.792497443569663e-06 2.6733103870057974e-05 1.134418345396563e-06 0.0 0.0 0.0 4.687376560345833e-05 6.128737441611158e-08 1.0133236514476857e-06 8.511795089673305e-07 0.00017764874631316768 1.3161440775255383e-07 3.089971362918036e-07 5.527203825217929e-07 0.00027518463020990795 5.396291078084635e-06 8.836927837237364e-07 0.0 4.748236074103499e-07 0.0 2.3619052745734164e-06 3.043727716431562e-06 2.5173726939331414e-05 1.0977665226885343e-07 1.1068443838302026e-05 3.1526147674175995e-06 5.3402330342458305e-05 3.7620593815995887e-06 1.1994324696384677e-06 4.346003465423313e-07
5.7508720384605334e-08 0.0007470842139128342 4.661154457702858e-06 4.784041387246091e-06 3.123801729052258e-06 4.252255858736252e-05 4.193352732160592e-06 5.1951300191342485e-05 2.2406637615301082e-05 8.07391448005247e-06 0.00232506852849992 3.597544489833109e-05 0.0 2.9649741636019687e-05 1.5478391474552492e-05 2.7849029715150796e-06 3.011255473768826e-06 6.466620732910017e-05 6.015333530315126e-06 1.282137672651659e-06 4.6529152580317705e-06 6.790196225576194e-05 1.0833317098471981e-05 2.499951410251893e-05 0.0033084038428209785 0.0001819926147718089 0.001872091369620311 8.005838712503718e-06 3.900055219832079e-05 1.1896093433645021e-06 0.0007132513744364308 6.428646894297645e-05 3.9579800656625757e-07 0.00047405678732831934 5.1085296709542535e-06 0.0011105662226563006 0.0038342142792772227 0.0036908025126869697 0.0005364324405514109 0.0001832517900373587 0.00012952468999822062 0.00045464438669333234 1.3403652574222607e-05 0.0 2.6578607047105524e-05 1.644235900823894e-06 2.803077082692895e-06 1.1200974778605627e-06 4.5592831814629615e-06 7.751585783553653e-07 4.729599341052479e-06 3.600700833625224e-06 3.816132573665837e-06 0.00010423921354877945 1.1668130934510412e-05 0.0006376123611109912 9.158958065560899e-07 6.32606473049309e-06 8.765101794570682e-08 4.027529422226798e-07 2.1605840587768593e-06 1.0598825300958718e-06 1.2498978171633235e-06 6.664887459215689e-08 1.9216404859069424e-07 3.035246992116131e-07 4.44529592817695e-06 0.00012484729827753026 0.00010971098029742202 0.0001810487469750736 4.7987551195637335e-06 5.541651874518035e-07 1.0330317138096248e-06 6.511477513200847e-05 2.1688907828736424e-06 0.0 3.7289571219907088e-06 9.572932707188125e-06 0.0008908429178580117 0.0001751005316223393 0.00018026194610358168 6.74910634764421e-05 6.978552149368001e-05 3.603261881168766e-05 9.321214853842202e-05 4.640102182770558e-06
0.003668197273050862 9.244758528485143e-07 0.0005573327608821592 3.4694932479813813e-05 3.9410549854282505e-06 0.0004480014814375952 0.005138149068223789 0.0025910725623430808 8.990412387212351e-05 0.0005470894533474932 8.822322283278665e-05 0.0009110656641259759 2.9649741636019687e-05 0.0 7.36056362527171e-05 9.64844147100325e-06 0.0003304977326023198 4.0742592141903914e-05 9.014238244706759e-05 2.002442926658157e-05 0.00021354056246983752 3.7278385184068836e-06 0.0006219359731998707 0.0006546023940564751 3.641858889322553e-07 0.00017168622188930776 0.00011579722601789594 0.000501597608709295 0.004752603594774364 0.0017616031549561532 1.0671281217073167e-06 7.824651349974535e-05 2.4350330251702445e-05 0.0004918494174799869 6.534651804936043e-06 0.00047935125029363064 5.20409484702936e-05 0.0005352280717292915 6.680278595018753e-05 0.00026121878606087055 8.265808554602216e-05 2.7361743214935916e-06 4.17634982938202e-06 3.075617026496744e-06 5.759035745325669e-07 1.6504740241210574e-06 1.9583730602142496e-06 0.0 1.5748879733482607e-05 2.5743036088326572e-05 3.294203715862926e-05 3.889488414926949e-05 1.6420830124562587e-05 6.037204218675483e-07 1.3879821740555702e-06 4.6478461315706867e-07 1.2480006964976868e-05 5.7935606942329173e-08 3.401051990075954e-06 0.0 0.0 0.0 2.083593442128182e-06 1.482304161259194e-06 3.421771889011478e-06 1.7445303367482263e-06 9.653613525893089e-05 0.0 4.663357714843613e-07 6.497615199781217e-06 0.0001169112946521751 1.6574687628497874e-05 9.323763423358081e-06 0.0 3.384278971691332e-07 2.4266267507652344e-07 2.594518585528921e-06 8.008618887971973e-07 3.911902071165861e-05 1.5712965682337408e-06 2.1697307932289326e-05 5.461386549022012e-06 4.544003639280125e-06 7.833606330504812e-07 5.173047645350098e-07 5.930370777129606e-07
0.0 2.5377851910755387e-06 4.696765697736707e-07 2.1979009479086987e-05 0.0006939126973695259 0.00107669624276211 2.1777057064592978e-06 0.0002496317392366917 0.00047072172797367197 4.941823136974172e-06 3.815608846808869e-06 0.0005469048695266101 1.5478391474552492e-05 7.36056362527171e-05 0.0 4.86409725154311e-07 5.764534349756279e-08 3.606910704625018e-07 2.8067333452736383e-07 1.488367212320449e-05 4.605581977750708e-07 7.102218748622628e-06 4.6538567297559776e-07 4.2141240136430375e-05 0.0 1.0428669952399128e-06 3.0542237065777084e-06 6.071629537506292e-06 5.370860952670882e-05 3.98842092425085e-07 1.0383451124868484e-07 0.0003818091496590714 2.3460039201749545e-07 2.7608854111674077e-05 6.000067768196658e-07 0.00011180055305931069 5.040511036860757e-06 4.821423941233531e-05 5.230657333722447e-06 0.0006980413007403841 1.534812630181336e-05 6.061248215221998e-07 5.4969226296726e-07 1.619804234980961e-07 0.0 0.0 5.286696364870904e-06 0.0 3.7591060753440053e-06 1.0254192686069603e-06 3.0319655641684843e-07 0.00014557056950079548 1.0443686896779453e-05 0.0 3.846482626483516e-05 9.761587418650126e-08 1.519499462953215e-07 1.800560829743474e-05 0.0 0.0 0.0 0.0 2.3107756097706694e-06 0.0 1.1252835175109838e-07 1.3013969607334123e-07 1.7388130087206754e-05 0.0 0.0 0.0 9.01584371083752e-06 0.0 0.0 0.0 0.0 0.0 0.0 1.1094434580206024e-06 1.0945851266127736e-05 1.6201600265358187e-07 3.5175811946484594e-07 7.475793390032471e-08 3.8589917477110465e-05 0.0 8.981139439610192e-08 1.4599687914019182e-06
2.1396255937958033e-06 2.738253977576708e-05 6.096653577295634e-06 3.1862957433041853e-07 0.0 7.832733771764089e-06 0.0001839151609814629 6.751966467322371e-06 0.0001015048050760617 7.77192978850044e-06 5.104837972716398e-07 4.005147558896588e-07 2.7849029715150796e-06 9.64844147100325e-06 4.86409725154311e-07 0.0 1.7438808149967256e-05 9.560155038040238e-07 2.7513634639218198e-06 1.272762113583327e-07 0.002150225544562944 0.0014847060208997868 0.0025101233477500687 0.002681564062062624 1.3716987932231876e-06 2.707007475227375e-06 0.0011700363025850442 0.0015095520427734794 2.6184246071233877e-05 0.0001823922544661774 3.3999885405139425e-07 1.7508068120959114e-07 1.565049426063819e-05 0.0001139491881309425 5.555894463691426e-05 0.0024012491175122355 0.0004561975495282982 0.00048558907394086724 0.00047513177312550817 9.096334273068417e-05 3.923068080539964e-06 1.7560267426856622e-06 5.012637414816451e-06 1.132271892930968e-05 3.914751961520274e-06 2.826557721508179e-06 1.1266691209209469e-07 0.0 2.048898527838897e-06 7.875507450322622e-06 4.0612351600238506e-06 2.9940938102988446e-05 1.8838273477463432e-06 1.848331218731085e-07 1.3766690324229388e-07 0.0 1.0554392848734028e-05 0.0 0.0015183181873918315 3.570257717047841e-07 3.152454015475234e-07 1.5681390384697763e-07 0.0 0.00014917236033962287 0.0008961184925418437 0.0006152420813957453 8.526278510478305e-05 0.0 9.388249980051264e-07 0.00014426359919830225 0.00011478561188578177 3.899903226144103e-05 4.368446105379244e-05 4.775395420333319e-08 1.9950977252288653e-07 3.996322341412921e-06 6.731107636638294e-06 2.738128428317625e-05 0.00023022211391088987 5.13128710666802e-05 3.2190132166677825e-05 3.1449513794483226e-05 1.0190665897143221e-05 1.8496675262292957e-07 3.12721986874421e-07 5.805551840355922e-07
0.00010607298237533024 3.790775157611648e-06 0.0025900346750452716 4.5413624040015015e-07 0.0 1.0047938477342234e-05 2.339486297921289e-05 9.997467923358754e-05 1.8434405029533574e-06 5.032687729239678e-06 0.00013151097744245826 2.758488094845693e-06 3.011255473768826e-06 0.0003304977326023198 5.764534349756279e-08 1.7438808149967256e-05 0.0 0.00016585152476964702 0.001482151663381243 1.2167935696799199e-07 0.00011298296874059268 2.0416101104041174e-06 0.0026052751855186436 1.696103287387099e-05 4.102755785463903e-07 0.0018041505483047309 0.002329156569206713 1.2683334102327713e-05 0.00029012936335361664 0.00046292753646374405 1.863955110583783e-07 8.567344660532216e-07 4.494035025302066e-05 0.0010520833999290474 9.609021180606006e-06 0.0002793354264905033 0.0009894722098477754 0.00035477871318810605 0.00010494349051479118 4.603944716178923e-06 1.22702713506571e-06 4.222650474266457e-06 1.035437096850187e-06 2.1983721606918658e-07 9.991519698851671e-06 2.4442638078856937e-05 0.0 0.0 0.0 1.7414285181174067e-07 2.501280724314678e-07 1.2861281260615452e-06 0.0 0.0 0.0 0.0 1.6635651190393658e-07 0.0 1.9232607007160927e-06 2.248459449090767e-06 0.0 4.521313866425779e-07 0.0 4.6123264012935686e-07 2.8091733873918813e-06 2.302596763827157e-06 2.1142292770208428e-06 2.9260196178557645e-07 3.449489600495298e-05 0.00010705970813903613 2.479348812795422e-06 5.357727139553018e-07 6.046966328597037e-07 6.985385167118293e-08 0.0 0.0 2.536783150376198e-07 2.949387386759405e-06 4.411161556518453e-06 6.81723630566541e-07 2.0184575257522498e-06 4.466286207591465e-07 4.7861945170286367e-08 0.0 0.0 0.0
8.481960988633083e-06 1.4369245796759088e-05 3.9216759644141256e-05 1.8569295568455587e-07 5.20461450190896e-07 7.2495847871033134e-06 2.065988597438139e-06 2.2286828687879246e-05 1.8236084748790904e-06 2.2219594272395574e-06 0.0013918572116394384 7.471974121740795e-06 6.466620732910017e-05 4.0742592141903914e-05 3.606910704625018e-07 9.560155038040238e-07 0.00016585152476964702 0.0 0.0012371351361208677 2.219698087021958e-07 1.5641324119491169e-06 3.2310889293365256e-06 1.6793576468038774e-05 2.6145775858242696e-06 1.3602006830315418e-05 0.0012975205497519368 0.0005035824801031443 1.2326393311203677e-06 7.276427038646949e-05 1.075687734675498e-05 3.282772853229527e-05 2.4100589776818213e-05 8.175980753699459e-06 0.0008485963450366691 4.968983846438537e-06 0.0006705448297938721 0.0010527174618073362 0.0011873770372107478 0.0003547246542150404 1.2645733974840587e-05 8.271650988310056e-06 5.8158997397588194e-05 2.2647753913922577e-06 0.0 3.8004936524688104e-06 3.936928516663223e-07 0.0 0.0 0.0 0.0 2.635791625628629e-07 2.932937674430261e-07 1.973173874941754e-07 5.733726114229772e-06 0.0 4.1370047519689015e-05 0.0 0.0 0.0 0.0 2.3600208750385682e-06 1.0234141953812882e-06 0.0 0.0 2.0718156274397173e-07 5.071906531038713e-08 5.382541553542278e-07 6.401840831777589e-06 9.613715167288923e-05 0.0001128492175492105 5.762081371681737e-07 6.226155532833916e-08 0.0 2.5474916527499955e-05 0.0 0.0 5.401361745042961e-07 2.8199017014043223e-06 4.884805615741749e-06 9.101102194333773e-05 1.907519064227601e-06 8.36311435708174e-07 0.0 0.0 2.5229320627499025e-06 0.0
3.3227276299073524e-05 1.1044324695033878e-06 0.000128525728757088 4.779925326333665e-08 1.596926711387376e-07 3.0200120863684567e-06 3.5899966906475952e-06 2.060756942187186e-05 4.1708417540587784e-07 1.090927938889577e-06 0.0005753642532937655 2.9717211317086307e-06 6.015333530315126e-06 9.014238244706759e-05 2.8067333452736383e-07 2.7513634639218198e-06 0.001482151663381243 0.0012371351361208677 0.0 6.170584099575781e-08 7.620978599324038e-06 6.200466918313721e-07 8.34119622942534e-05 3.544213559984671e-06 9.78385498974658e-07 0.0023848392091206103 0.0003458891840173963 3.1863113297598447e-06 0.00014822952944525057 5.218375104103677e-05 3.1752342345101328e-06 5.84949506442079e-06 3.702579140863356e-05 0.0015423044838586565 2.9918218309430302e-06 0.0003811733747098646 0.0008255673889983488 0.0006460115112986907 0.0001354437828414655 4.9137278015021106e-06 1.210951316189156e-06 1.5681944951043365e-05 2.0269876219491612e-07 6.067163555810689e-08 3.2599739532387553e-06 6.114576465027284e-06 0.0 0.0 0.0 0.0 0.0 5.3252258975572634e-08 0.0 3.7004507523106284e-07 0.0 3.964207321068235e-06 0.0 0.0 5.386114452009243e-07 2.123415321164052e-07 2.4633324064659344e-06 2.217619884492952e-06 0.0 1.0845728179922691e-07 7.921642920138366e-07 6.045940863898529e-07 2.757755704471855e-07 2.6442610853217603e-06 0.00012250305986848784 0.0001335749058970597 2.275146153884498e-07 1.7018953493674397e-07 4.924377541714116e-08 4.0705048299543426e-06 0.0 0.0 1.955178250417022e-07 2.867880298090442e-06 1.471492938951336e-06 1.7724107534405044e-05 2.3363301461637622e-06 6.107082102103645e-07 0.0 0.0 0.0 0.0
1.855935492967555e-07 3.5336468926691586e-07 2.7467330035466865e-07 0.001449643583308154 1.5944684998427552e-07 0.00010889725932525284 0.00010402631677081048 1.4265073659161383e-05 0.00017522194281883254 0.0022853046332146957 1.0874209230580972e-07 0.0007934635207690173 1.282137672651659e-06 2.002442926658157e-05 1.488367212320449e-05 1.272762113583327e-07 1.2167935696799199e-07 2.219698087021958e-07 6.170584099575781e-08 0.0 2.213781311449532e-07 1.031072028275304e-06 6.084418306675403e-07 0.0001948196465539678 0.0 1.2133911810447027e-07 9.368275555164788e-07 0.0013180911882214408 1.85842374631867e-05 5.234123971644018e-07 0.0 1.243737786524992e-06 5.377338597965975e-08 6.690571946047379e-06 1.577272456694866e-06 2.918408281811114e-05 1.1467421629541725e-06 2.497099395277448e-05 9.403623682490196e-06 1.3132690601839143e-05 2.6186436375536178e-06 0.0 7.769829913496534e-07 1.0274485635139303e-07 0.0 0.0 1.4094632356328768e-05 0.0 9.599916871447984e-06 4.817895515022707e-06 6.288665336127441e-06 5.3817150493382896e-05 2.9415193612467345e-05 0.0 1.6745506517755923e-05 2.7685258651422613e-06 9.822047757074154e-07 5.444955605435981e-06 0.0 0.0 0.0 0.0 6.300645816944884e-06 0.0 2.0909288088542577e-07 0.0 3.2676229947471393e-05 0.0 0.0 4.7701011744683844e-08 5.457608034690392e-05 7.998426367341473e-07 3.9828572812928366e-07 0.0 6.610053354363646e-08 0.0 6.892111730969106e-07 6.602439330678879e-07 1.6943111015951192e-06 7.955176717340482e-08 9.872619073927118e-07 1.7351931339509566e-07 8.503521682522356e-06 6.914641313212955e-08 6.007716400312625e-07 0.0
3.725771745523307e-05 1.7149228829474786e-06 0.000222719065604711 4.221805538962586e-07 1.0743044964563689e-07 4.826323106111064e-05 0.0002591604129938501 0.0002661393044290836 3.480964878080567e-05 3.095660846141392e-05 2.5539663884045443e-06 2.909429112519758e-06 4.6529152580317705e-06 0.00021354056246983752 4.605581977750708e-07 0.002150225544562944 0.00011298296874059268 1.5641324119491169e-06 7.620978599324038e-06 2.213781311449532e-07 0.0 5.699719680656223e-05 0.006967657391685278 0.00021565996093811154 5.821513755288441e-08 1.2531148582349997e-05 0.0002374970660196557 0.0016394397130506085 0.00010843906672348406 0.005521222957814849 1.1923946256866286e-07 2.3035397844896866e-06 6.187350932758465e-05 0.0014974689837603857 9.98776561976069e-05 0.00294975289087504 0.00047049810740188927 0.002020272879934805 0.0011686623251600488 0.00011620760678919098 7.706786507281529e-06 1.0871413629037592e-06 7.12318830518383e-06 7.143454441160427e-06 1.8041752076813895e-07 4.1378478061779213e-07 0.0 0.0 1.916163448437727e-07 4.721524949263073e-06 1.6747875570384808e-06 1.596908610755806e-05 6.378956694597209e-07 3.962596492740912e-07 1.8619674470872177e-07 3.5110685631838047e-07 6.870900379648973e-06 0.0 0.0002196935700825341 2.146162008005554e-07 4.3574627390464e-08 5.221286649378266e-08 0.0 4.912845351924985e-05 0.00013295587914101894 2.5324857383299256e-05 5.0467653598580975e-05 0.0 3.426579759801895e-07 7.091066717678293e-06 7.258887455750902e-05 3.0385011144336174e-05 3.541704203931607e-05 0.0 0.0 2.04464461141572e-06 3.814032086683572e-06 2.9765821019617994e-05 9.558954397702587e-05 5.656407903456584e-06 2.1015559041788547e-05 1.3493306249134614e-05 2.190748096341509e-06 2.1558887075932347e-07 6.551292036678922e-07 4.311094194108172e-07
4.80982815043305e-07 0.0012949626141014552 1.9986009071214552e-05 1.8240402614842062e-06 0.0 6.075856687262318e-07 1.1102732918089053e-05 1.3417408108814473e-06 0.0012475649731117724 1.1328424715847483e-06 1.5076967648027198e-05 1.3155554315824577e-05 6.790196225576194e-05 3.7278385184068836e-06 7.102218748622628e-06 0.0014847060208997868 2.0416101104041174e-06 3.2310889293365256e-06 6.200466918313721e-07 1.031072028275304e-06 5.699719680656223e-05 0.0 7.672283670629495e-05 0.004021607192209456 0.00020497800547636887 1.8304027193689283e-05 0.002079521084223544 6.518844471515848e-05 4.714201176361448e-06 8.277934250286686e-06 1.3015782532017471e-05 1.1512525025292712e-07 6.634845526105058e-07 8.468943263588908e-06 1.7449824579169405e-06 5.021892116600452e-05 1.1354035984744495e-05 1.6837891504829816e-05 1.3475352097750021e-05 5.878310955871436e-06 2.0552147648975946e-07 1.558629975267836e-06 0.0 1.8891549147776548e-06 9.893892652894758e-06 7.3019711093660375e-06 0.0 0.0 5.675422282020601e-07 2.4946712609918607e-06 2.1505260552096624e-06 1.1637815113651723e-05 6.166290965891302e-07 7.452618698190046e-07 5.442889076921693e-07 3.2401207886982157e-06 1.6405837152851677e-06 0.0 0.0005558040553063932 2.6594951089764925e-07 4.116046984643172e-08 3.465596629845981e-07 4.177280357244996e-07 4.872472863722189e-05 0.0001634732131108121 0.00016996117500620296 2.4023691796810545e-05 6.094581536755594e-07 5.7880202853497485e-06 0.0004491818692294102 2.8188484077286507e-05 8.864033485531802e-06 1.2969740369908666e-05 1.482468825642501e-06 0.0 1.5435409313960322e-06 2.7770283505639427e-06 3.3382931791199723e-06 6.044267080302537e-05 1.8335056880970033e-05 1.2262061150319033e-05 8.820929950639107e-06 2.4656998341867716e-06 1.1006571708014912e-07 1.488097460701977e-07 1.054169100159425e-07
0.00010679726714648233 2.8990075769266283e-06 0.004686179915775252 2.182721531715799e-06 3.6588840849954636e-07 0.0001303964170772388 0.001018705816064766 0.0006463856035978205 1.537053513439666e-05 9.181068561649774e-05 8.290426087557214e-06 6.397424129111575e-06 1.0833317098471981e-05 0.0006219359731998707 4.6538567297559776e-07 0.0025101233477500687 0.0026052751855186436 1.6793576468038774e-05 8.34119622942534e-05 6.084418306675403e-07 0.006967657391685278 7.672283670629495e-05 0.0 0.0004301684649011735 1.8041420764393295e-07 0.000893585231727861 0.004578152497681837 0.0016234148143270115 0.00016145380785849477 0.003461169851344619 9.94330320718594e-08 3.0446056289277697e-06 2.2235078523448933e-05 0.0013970484091785057 0.00014779650519620868 0.004564798800622301 0.002304067192278293 0.0030849090778094254 0.002044981711632175 0.00013595810583642053 1.2387606353462446e-05 4.938864255384732e-06 1.1414587064786908e-05 2.5113987144224344e-06 1.3961264271838861e-05 7.448260250376869e-05 2.2177673586152516e-07 0.0 2.9502852560808445e-06 1.3186541671085217e-05 2.7124120122537745e-06 9.972227925270536e-06 7.781300244935439e-07 1.0370565393004459e-07 0.0 0.0 3.138894018519621e-06 0.0 0.0007869844953318935 8.989635218593191e-07 1.5429630507853238e-07 1.715056429286492e-07 0.0 3.6514717170423006e-05 0.00031139530320434657 0.0006137873492018472 3.227458750539499e-05 0.0 1.4809328190552077e-06 0.0008237725229986203 4.20720561098423e-05 1.1356975932989744e-05 1.6122680806884364e-05 0.0 1.0545677724046434e-07 1.338608832269003e-06 4.231253003377538e-06 6.403670698976218e-05 0.00017468675901375998 7.241919048715097e-05 6.623283659586176e-05 7.607822999776682e-05 1.2344985509112502e-05 7.43315917923112e-08 1.8539571146598479e-07 6.821536023392896e-07
