0.0 8.752579992734389e-07 7.104272354015627e-05 6.538270962324387e-07 0.0 3.6974731350403626e-06 0.00045706244591655075 0.0002875974591044605 6.851269529456215e-07 1.81432487105877e-05 1.0723322043151387e-05 2.566364794470146e-07 1.0748622912000958e-06 0.002371433821832607 1.4239303979166042e-07 1.3435775167807625e-07 0.00014659100642206216 6.772934620177498e-06 3.952903989376526e-05 3.729564872193572e-07 1.7758064010077016e-05 2.915767716432032e-06 4.7090624841729455e-05 5.430899815285946e-05 7.00669698278446e-08 6.345079291343048e-05 2.1548931810418655e-05 9.682568639608249e-05 0.0014012999375433552 0.0010807592400731724 1.9117578387713028e-07 1.1663169725065781e-06 5.285942184104725e-05 0.00017776614395826162 1.36047658234133e-06 4.412309730807218e-05 1.8132033089517022e-05 8.871225565132669e-05 1.96423479663173e-05 1.2656209712387127e-06 5.695606985332247e-07 4.919518081689357e-07 2.5820648565127425e-07 0.0 7.80864534741173e-08 2.8663186895293374e-07 0.0 0.0 0.0 1.8544646476571449e-06 1.3394295146040452e-07 2.875845813994012e-07 2.925647318831614e-07 0.0 0.0 0.0 6.564518159573473e-08 1.5445544027472608e-07 7.436228736006502e-07 0.0 0.0 0.0 0.0 9.794461339558003e-07 1.254610434682948e-07 8.220606508046368e-08 5.9714084982352315e-06 0.0 0.0 4.085569741603935e-07 8.164433144858187e-06 2.8366130438015633e-07 1.0361853689122253e-06 0.0 0.0 0.0 1.6928040896228474e-07 2.0019495755164575e-07 1.887199846934628e-06 1.168008802418414e-07 0.0 0.0 0.0 0.0 0.0 0.0
8.752579992734389e-07 0.0 1.3640554967801707e-05 0.0 7.725467872721043e-08 4.245648832800555e-07 4.878746291627046e-06 1.4873459906271477e-06 0.000519819975497802 1.4884767667386579e-06 7.96194586809597e-05 1.2997567863555046e-06 0.0006115123153991143 8.874116250575192e-07 4.369233981783625e-06 8.071142461457663e-05 9.3568571289888e-06 3.1752692297132763e-06 6.892261753523664e-06 0.0 3.4717656964003103e-06 0.0009233200799654286 1.3171199539300603e-05 0.0005281957562763995 0.0007716180971609738 0.000289129913851285 0.004116403640331851 3.82010956052873e-05 2.948581325024311e-06 3.5110530973681e-06 5.923973436996657e-05 7.319847081233179e-07 4.829549187933295e-07 1.8106714735179525e-05 2.760520711806626e-07 7.77956605666967e-06 3.0234906749208225e-05 3.735941829640018e-05 1.4265967743859605e-06 8.866731215717593e-06 1.012452422950769e-06 3.580190755418486e-05 1.566415668748109e-07 0.0 2.050468771009966e-05 2.9794789810327325e-05 0.0 0.0 8.235524967341925e-08 2.2199165464075404e-06 1.430485612034164e-07 1.1367353535333392e-06 6.42722187849894e-08 4.9849858317987416e-06 0.0 4.9328424549984726e-05 3.4366043102427456e-07 0.0 4.474596608691927e-07 1.466978534141188e-06 1.273481907342456e-06 1.2883154918593155e-06 0.0 1.2818976760334834e-06 8.175208218797172e-06 1.394201783029671e-06 7.374350453409813e-06 7.632293980981494e-05 0.0002489458833172468 0.001274459167431229 5.6158091522991515e-06 7.63525645223024e-08 3.4163097458757194e-07 9.545900114369942e-06 1.1201437279650726e-07 0.0 4.135812047402552e-07 0.0 2.4210372147127133e-06 6.294812046573936e-06 1.9377235728252727e-06 2.761540435194494e-07 2.668021522833992e-07 0.0 1.4165015367922278e-06 0.0
7.104272354015627e-05 1.3640554967801707e-05 0.0 6.527281924633398e-07 2.1604385936245656e-07 1.5342722217724718e-05 0.0006652100699454165 0.0004524851514673947 3.638976060180297e-07 0.00014520101309090203 6.078197224489073e-06 9.85860305175686e-08 5.5358089550352145e-06 0.0005672629622504911 0.0 3.6871508351436886e-06 0.00035684964055866764 1.3145516374754462e-05 5.1760571299478596e-05 6.220689578595472e-07 0.0007198069009199644 2.640375471225314e-05 0.0025181288486560613 1.3120536403640574e-05 1.662779481009332e-06 0.00289199597847261 0.005001234049955927 0.00023924204079424388 6.850844659398253e-05 0.0005060479595791358 1.7433837489600775e-07 4.3675501259439326e-07 5.140291715248732e-06 0.00028524108312352265 7.394052287992634e-06 0.0004747979550648167 0.002966556923235861 0.0005287788650384462 0.000129868004629244 1.0905015261583196e-05 1.4779291190842846e-06 2.0293358907622593e-05 2.155063044104066e-06 3.824430229384364e-07 0.00014105071530572967 0.0005284905018619378 0.0 0.0 3.364730382142549e-07 1.9560782293463067e-05 1.5295595312468713e-06 3.8816501117163595e-07 1.3568554723693832e-06 6.383811317103508e-08 0.0 7.226160689411496e-08 2.0499400320771368e-06 0.0 3.4310453259329336e-05 3.1270108730639694e-06 0.0 7.111927915376966e-08 0.0 1.675044546008119e-05 5.2246549330303895e-05 0.0001233924679338336 2.1419472902423864e-05 2.1817380347586515e-07 5.3327111986352374e-05 0.0013236438759542523 2.495648518696508e-05 7.852472763605582e-07 2.58609606846526e-06 0.0 5.8169204001839605e-08 0.0 8.949475207394553e-07 3.7256749665465173e-06 1.2004003450483674e-05 0.00039512892038003246 5.0190691042455715e-06 4.174169863127706e-06 3.4360907129474466e-07 5.902454656197066e-08 0.0 0.0
6.538270962324387e-07 0.0 6.527281924633398e-07 0.0 1.6657264107196302e-06 6.464396714520284e-05 8.532622199666404e-05 4.809323020990484e-05 0.00045979830425040875 0.0016131552640529436 4.012019318714427e-06 0.0031897818760541776 5.821598809862116e-07 1.5633116143762625e-05 5.172300128376736e-05 1.5484514012476757e-07 0.0 9.867054131459246e-07 1.1804660607549438e-06 0.001007129062381886 3.1847020972927516e-06 1.156732851385699e-06 7.700882922294525e-07 0.0004759936452193188 6.504094232794186e-07 1.7600711783356463e-06 4.249491071216353e-06 0.0014214866434036815 1.6276172308742207e-05 1.2133903724568908e-07 5.18780825330553e-08 1.4707098347749236e-06 1.2163223501832654e-06 2.155799356994872e-05 1.708381508999107e-06 7.80672434170864e-05 1.4740921871381184e-06 3.045242476786454e-05 1.0013861641535726e-05 0.0001898160762204375 2.5651444118182115e-06 0.0 7.667812409691478e-07 0.0 0.0 0.0 4.646913174118795e-05 1.3178376908246964e-07 1.0725780868651087e-05 2.2857873731723143e-05 2.276116662248575e-06 4.299360684208525e-05 7.799761428368465e-05 0.0 0.00010491445648222408 0.0 1.0185543457889046e-06 6.927401147525505e-06 1.9770013139110714e-07 0.0 2.2149549541997895e-07 0.0 2.4932169822437035e-05 5.093897054909426e-07 1.8596263244210583e-07 0.0 3.411594665044168e-05 0.0 5.227593365684353e-08 6.126342081116921e-07 7.215581393071871e-05 5.896903839923315e-07 0.0 0.0 3.614557583476123e-07 0.0 1.0371726404605471e-06 2.4256309459707074e-07 1.4008216264032993e-05 0.0 1.0833971250007692e-06 2.4259110681807225e-07 5.538974318767148e-05 0.0 0.0 0.0
0.0 7.725467872721043e-08 2.1604385936245656e-07 1.6657264107196302e-06 0.0 0.00011930649536988252 1.769804225430925e-06 2.257585449712895e-05 2.5233049993379185e-05 4.464912277669828e-06 2.5685870989326763e-06 3.7216735675664285e-05 1.074448309941185e-06 2.0090518478601536e-05 0.0006512214191473591 0.0 6.477982953963977e-08 8.661604785441505e-08 0.0 2.2983841317947236e-06 0.0 4.3044498323562535e-07 0.0 1.0087417519361073e-05 0.0 2.3137263136481317e-07 4.5501572879849703e-07 2.3024358177162574e-06 0.00010434669857533089 6.830446473280758e-07 0.0 6.72496143646282e-05 0.0 1.7142547809458748e-05 1.3208102716643636e-07 2.2811696071509252e-05 2.037782038512999e-07 3.220012591894475e-05 1.975242854280743e-05 0.0012683970736610483 1.2811140474410868e-05 0.0 9.72207438887041e-07 0.0 0.0 0.0 6.049242238277038e-08 0.0 1.2480344352962577e-07 5.878202844784541e-07 0.0 1.4918125007125164e-07 0.0 0.0 1.5370710832599147e-07 0.0 0.0 1.0111283438363409e-07 0.0 0.0 0.0 0.0 0.0 0.0 0.0 0.0 5.798448138790276e-07 0.0 0.0 0.0 5.082152946819549e-07 0.0 0.0 0.0 0.0 0.0 0.0 2.109678621598702e-05 1.6461834493471488e-06 0.0 0.0 2.167405260286266e-06 0.0 2.1728546789291323e-07 0.0 0.0
3.6974731350403626e-06 4.245648832800555e-07 1.5342722217724718e-05 6.464396714520284e-05 0.00011930649536988252 0.0 0.0009018763760368611 0.0037307201403587666 2.3953767176040864e-05 0.0022446815316059274 0.00010527169903299421 0.0018339201455293522 2.528933569280533e-05 0.00045483901049112865 0.0009393216225523667 7.738548703499197e-08 3.3515177468962496e-06 2.186315054468695e-05 2.0826646461929076e-05 0.00011610818446484565 2.1311944972498468e-05 7.880925162967878e-07 8.567393881663621e-06 3.135443264223222e-05 3.3076330083783804e-06 3.307260396509965e-05 8.168161423486198e-06 9.306983596967655e-05 0.00029294308370901 1.2389242096909444e-05 2.202051588432614e-06 0.0001620502200302449 2.382054763336316e-06 0.00047032734717321713 8.319764425608223e-06 0.00037217270126714737 1.8690735654451692e-05 0.00040126945286131745 0.00011092903006016354 0.002113509508101449 0.00020430457978159398 5.022159270322037e-06 1.3310563863658244e-05 0.0 5.55770041235786e-07 1.8792124176216025e-07 9.550218603645858e-06 5.609615980213838e-07 5.814063781031266e-06 1.4292678529238035e-05 6.22387278988131e-07 5.11282227712549e-06 1.6881034875990465e-05 1.3768500152652788e-06 1.8967346245928677e-05 5.653474047495812e-07 6.720488280838406e-07 5.375533122166728e-06 2.0922599894434246e-06 0.0 0.0 0.0 6.172241257038314e-06 9.365383461901752e-07 1.0420619966742188e-07 1.0494297855055182e-06 1.1749870848846657e-05 0.0 1.863349713242673e-07 1.477053067882743e-06 2.9781859174670182e-05 7.52290177572789e-07 1.2175405681021011e-06 0.0 6.241130837154544e-07 1.7367674721279051e-07 3.5034551954927446e-07 1.3863531313073382e-06 2.6877313999749823e-05 2.5808800961722823e-07 1.6226360047288366e-06 8.36008744542661e-07 4.129617263740497e-05 4.715229824574823e-07 1.1500052392651658e-06 0.0
0.00045706244591655075 4.878746291627046e-06 0.0006652100699454165 8.532622199666404e-05 1.769804225430925e-06 0.0009018763760368611 0.0 0.0019676969091893793 0.0001624097325048165 0.007139032546332725 6.700870512611828e-05 1.2179705578496293e-05 2.053790530003335e-05 0.004377164859987537 9.458144075920653e-06 1.403197056039302e-05 5.2676602295700945e-05 1.976082413446186e-05 3.252872965426605e-05 6.951122155845986e-05 0.0016054749260329892 4.4136261739693184e-05 0.00039287611158104547 0.0008575726744285767 1.929572485858621e-06 0.00028033543846185785 0.00027193611177119643 0.00820620678300086 0.0010687346408539105 0.003555700491864037 1.0838202105906983e-06 9.328452085557647e-06 0.00011875486346021524 0.0006716818571411095 9.005021515411224e-05 0.0019618029862539816 0.00018912924237544378 0.0010279124063227159 0.0004637633545361279 0.0002596313996426086 6.047385830221085e-05 3.15539419732565e-06 2.73290064753144e-05 2.4474353973061864e-06 7.259250105115295e-06 1.3442592937230322e-05 4.023987128023863e-05 1.9064971063112055e-07 1.7369159536615268e-05 0.00025043916342558316 1.4248063806321212e-05 5.063497698429792e-05 7.719476042844355e-05 1.5021817686125007e-06 2.5719843252153043e-05 1.5142613959649364e-06 1.3642314402519775e-05 7.800858534259677e-06 2.99769911567509e-05 4.0069533882870253e-07 3.32358177526567e-07 5.243078391186863e-08 1.7432553161116252e-05 8.622840952951122e-06 1.0205033584448378e-05 3.5465241251281546e-05 0.00027409792275771307 6.125482988587727e-08 2.457403509511945e-06 6.447831077243356e-05 0.0005032240794954192 1.2947337209959144e-05 1.1802664215974043e-05 6.698730174906011e-08 2.9434809935397284e-06 4.2942279339301e-07 7.222646590050947e-06 5.772350576321998e-06 7.699412100616802e-05 1.073211015551381e-05 1.905510637917177e-05 4.453627064261422e-06 6.72705954558983e-05 2.3571063724216527e-06 6.906803745618624e-06 1.4855911631507609e-06
0.0002875974591044605 1.4873459906271477e-06 0.0004524851514673947 4.809323020990484e-05 2.257585449712895e-05 0.0037307201403587666 0.0019676969091893793 0.0 1.2600297314478883e-05 0.002129640090926464 7.991633955539483e-05 0.0005696645419102149 1.5036505342727023e-05 0.00549748884107277 0.00017053853650875544 5.322775626390904e-07 0.00022068875696316587 2.334426485779934e-05 6.972453985122821e-05 0.00010229035447252528 0.00014085392994648505 4.281039249635627e-06 0.0001556001127849987 0.00014935901839390365 2.5703218451571125e-06 0.000346926858153739 7.93591029266418e-05 0.00022896779126742924 0.0005118884679456344 0.000679309682873993 1.6029223455309264e-06 0.00021147398898998154 5.003569193808394e-06 0.0006024139914269322 9.464880936049176e-06 0.0002977444299734921 0.0001351755148643357 0.0003397040773478413 0.00010281163932892124 0.0007220654268365352 0.0001982943104736991 5.20027384011741e-06 7.331095163721865e-06 4.7802310603338e-07 1.0909132507308679e-06 2.819394033562588e-06 1.4009802903241793e-06 0.0 1.1078466598778268e-06 3.712270848205658e-05 2.055820869574514e-06 7.4654588827836635e-06 3.549602678752532e-06 1.3429914583974567e-06 9.156861331671443e-07 1.1071405785383717e-07 2.3467525785319357e-06 8.514652549547549e-07 3.219551359588612e-06 0.0 9.838655419393481e-08 0.0 1.7834372595077104e-06 5.447013562133961e-06 1.2347871355849883e-06 1.7821815418982536e-06 4.128299816276338e-05 0.0 1.418079066880774e-06 6.137670775967363e-06 8.13559572664171e-05 2.639582332174981e-06 3.696811531303308e-06 0.0 3.1171571373092215e-07 0.0 6.207050035951695e-07 1.9274574697829725e-07 1.4572722689130772e-05 3.807566867552223e-06 4.5174531564588355e-06 8.655735485205266e-07 7.578001847962484e-06 2.4200988077037786e-07 8.398798332951498e-07 0.0
6.851269529456215e-07 0.000519819975497802 3.638976060180297e-07 0.00045979830425040875 2.5233049993379185e-05 2.3953767176040864e-05 0.0001624097325048165 1.2600297314478883e-05 0.0 0.0007236774186618389 8.836235806390566e-06 0.00018073442370314597 4.0871922531221434e-05 9.487233577306433e-06 0.0004357121235307877 1.15090430129219e-05 2.0107243594447798e-07 7.314145452027412e-07 1.1820290411550988e-06 0.0004399535807075571 1.3018640271121588e-05 0.0018681438734888547 3.0389933952007183e-06 0.006544065492320214 5.7647002783271964e-05 9.345598098314574e-06 0.0004296321391275566 0.0013627165489186815 1.0782161691813512e-05 6.227690488269682e-06 1.0370476649590498e-05 1.6656945814803114e-06 8.758438421412812e-07 1.1856429529105695e-05 9.674782920795824e-07 6.82133606903707e-05 8.273193780130783e-06 2.134708484063433e-05 4.6750984219495074e-06 0.0002267391324703499 1.679918089612784e-06 2.7760973553272173e-07 7.506927913262199e-07 3.9010805596492805e-06 1.3856063941730317e-06 1.7832223858015288e-06 0.00013465671003058254 1.842388631386028e-07 1.0713175120160312e-05 0.00014581743381470916 1.1868490162361961e-05 3.777949691879996e-05 0.00020057449719815441 1.241116302716901e-06 6.647404666358181e-05 3.300082716263494e-06 1.6509963061919536e-05 5.075008819936103e-06 5.55898179642223e-05 1.9084821474055304e-07 6.019515998849434e-07 1.2557803005102759e-07 5.3840047740173996e-05 5.313016371657436e-05 2.9199940838626058e-05 3.0157476003925926e-06 0.001313406121346655 1.5366556173389232e-06 3.894266511460251e-06 8.505086584407147e-06 0.0009918303033694645 2.784483678379951e-05 2.413675960789186e-05 1.0953774476169303e-06 1.4989035102180983e-06 2.029510277254574e-06 1.1222324482806542e-05 2.419701512130963e-06 4.373028073565989e-05 1.2074039706963376e-06 2.085458789807396e-05 4.817198753428093e-06 3.979089948146171e-05 1.9461875642985303e-06 5.696998257378911e-07 7.613009844580941e-07
1.81432487105877e-05 1.4884767667386579e-06 0.00014520101309090203 0.0016131552640529436 4.464912277669828e-06 0.0022446815316059274 0.007139032546332725 0.002129640090926464 0.0007236774186618389 0.0 0.00010289293178563876 0.0014565842443068347 1.4126130458844585e-05 0.0005459541454945216 4.613699366242024e-05 1.818423627952114e-06 1.1797271415638014e-05 2.9620533249890433e-05 3.6367519829833495e-05 0.0011138758279043248 0.00020567585064269674 7.125273121368613e-06 6.203322097359188e-05 0.001031981094802731 1.0029842922522586e-06 0.00011150572690432417 5.987799045481586e-05 0.0021779540614512375 0.00042310455867569256 0.0001146103345738086 1.1526143748274591e-06 1.838463982251667e-05 1.911394769927604e-05 0.0005253967005999461 7.462107190129204e-05 0.0010085208951279472 5.078188196004539e-05 0.0009828584132703687 0.0002966394065326594 0.00042589337369429604 0.00010422145313832138 1.2732639924736259e-06 2.7411835092729965e-05 9.155164889728693e-07 1.4919964407658597e-06 2.3582870140221466e-06 0.00020764869282904395 1.3247181034087363e-06 4.142982902992685e-05 0.00021433161643895457 1.1081841657140334e-05 0.00011854330584257611 0.0003403292058063215 1.7563757394750102e-06 0.0001760733504097395 2.3507705003642144e-07 7.149923052101944e-06 2.022399760726021e-05 5.69238951187697e-06 0.0 2.1893856728137126e-07 0.0 0.00010119254194921268 3.379990998576933e-06 2.3401451761476207e-06 8.96757329563002e-06 0.00020982233457044516 0.0 7.432208702122684e-07 1.3134720209035466e-05 0.0004852454362610984 3.884287015248796e-06 1.7683160336857806e-06 0.0 1.4279351972517812e-06 9.312792899614598e-08 3.967203615654957e-06 4.404565318646346e-06 7.506856419120236e-05 2.344711196906262e-06 8.36684974595827e-06 9.975253526151454e-07 0.00020057877338413953 4.785007266139986e-07 2.4295290555730663e-06 2.2278475202476356e-07
1.0723322043151387e-05 7.96194586809597e-05 6.078197224489073e-06 4.012019318714427e-06 2.5685870989326763e-06 0.00010527169903299421 6.700870512611828e-05 7.991633955539483e-05 8.836235806390566e-06 0.00010289293178563876 0.0 5.726143046622738e-05 0.001195101731248499 0.0002114050790460486 1.0284673918780866e-05 3.260825827496081e-07 4.045226604135431e-05 0.0014757045258092195 0.0005366248683511156 1.3767210498541705e-05 4.837489294839804e-06 1.301600104481138e-05 1.2232638886997877e-05 2.7226806911390732e-05 0.0003487915983176749 0.0011062419013501263 0.00011812392774121682 4.617457850559535e-05 0.0002059576132845803 1.958214752428426e-05 0.00019563003050045643 2.9878806780007734e-05 1.6093226327657406e-06 0.0029832665085852486 4.489694625893072e-06 0.0002483553756411468 0.0030506972191306097 0.0029014550947483635 0.00039710889990692065 0.0001094638184846247 5.0518207277170545e-05 0.0008051090065399221 1.1236030959764002e-05 2.705323274474926e-07 2.337920410019576e-06 6.942052880094397e-08 2.199262507036898e-07 0.0 2.5603787806374266e-07 6.034503935541136e-06 6.988568061470034e-07 1.4834592793981826e-06 1.4204117966774867e-07 8.522488639112984e-05 1.743872059107678e-07 0.0005889280607461923 3.852321091233851e-07 1.4238518545032988e-07 0.0 0.0 1.4100506790934026e-05 1.8222705550265468e-06 0.0 4.698936041376891e-07 7.167324441104463e-07 8.171882772094765e-08 9.226223901180446e-06 8.79031872352879e-05 7.795686018983651e-05 4.49421269015081e-05 1.742802311228306e-05 1.1685944776631183e-07 3.564933711272637e-07 7.762334310424662e-05 2.9561095675126816e-07 1.77827479252043e-07 3.0135341943240813e-06 1.3187741725621583e-06 1.0986578094422548e-05 7.219698735060928e-05 1.4698403874461019e-05 4.236329034211613e-06 2.6403912670720066e-06 1.0140574576016696e-06 5.391200948364166e-05 1.8814143630566964e-07
2.566364794470146e-07 1.2997567863555046e-06 9.85860305175686e-08 0.0031897818760541776 3.7216735675664285e-05 0.0018339201455293522 1.2179705578496293e-05 0.0005696645419102149 0.00018073442370314597 0.0014565842443068347 5.726143046622738e-05 0.0 8.526527384528251e-06 0.0001780743329434258 0.0005639668934283154 0.0 4.6110110004904817e-07 1.08964041353085e-05 8.084081305380418e-06 0.0014220586430715558 3.4402749217220047e-07 2.94506686168209e-06 3.195667025987241e-07 0.0003741195749895781 1.6526318252656823e-06 1.4030782102765053e-05 2.0773308741055153e-06 0.001663348033924034 0.00010461125438120456 3.6922141745962975e-07 9.06628310386203e-07 2.118965058872843e-05 3.247240020041162e-07 0.00013235918442139832 4.280236061817624e-05 0.00022723599815560304 6.591560498729941e-06 0.00013046504247656482 2.0269969383157352e-05 0.0010230408536882145 1.3543330645398463e-05 6.530470116721054e-07 2.065687541046295e-06 0.0 0.0 0.0 3.6458219093521736e-05 1.4515678902089251e-06 1.2378204228203699e-05 3.109886364918899e-05 2.445950155728274e-06 3.233867394256576e-05 6.33432787429701e-05 3.686240995906728e-07 0.00010241939152576288 1.0112159532668047e-06 1.578252898675078e-06 1.0289733819564525e-05 2.1712430542942855e-07 0.0 0.0 0.0 2.352800751334592e-05 6.982934630935338e-07 1.9887215237306804e-07 7.240885663713303e-08 2.0190583337914676e-05 0.0 0.0 0.0 5.37422670430506e-05 4.433441392674172e-07 1.3569467838765835e-06 0.0 6.277509464227512e-07 1.7155207125515236e-07 1.1788179565360025e-07 2.0978440774733286e-05 3.4469115508766876e-05 5.908210355837964e-08 1.2496254614420415e-06 2.1479643670372218e-07 0.00010470300935696841 4.5891860368721254e-07 5.660700807797135e-07 0.0
1.0748622912000958e-06 0.0006115123153991143 5.5358089550352145e-06 5.821598809862116e-07 1.074448309941185e-06 2.528933569280533e-05 2.053790530003335e-05 1.5036505342727023e-05 4.0871922531221434e-05 1.4126130458844585e-05 0.001195101731248499 8.526527384528251e-06 0.0 1.3706080777776914e-05 8.677630922380135e-06 3.7026568710092577e-06 1.7278151848747447e-06 1.6691258649532253e-05 8.576640414573491e-06 3.132829311650862e-06 1.2273251382397387e-05 9.170112009228407e-05 6.425665291724198e-06 3.401218235325876e-05 0.0021317571573443916 0.00018332226326776342 0.0016930688705274386 3.530074703846448e-05 2.4041748950175684e-05 1.916923432648494e-05 0.00043783415304953145 1.1855571686566189e-05 7.400211456527065e-08 0.00037895084729547924 3.7482041317305654e-05 0.0014124921688836308 0.003436976521463125 0.0013501904874955748 0.0003275012167352823 0.00018730946467341396 8.93878272951743e-05 0.0008894411301528243 1.6597137074519308e-05 0.0 1.518539444961464e-05 5.509928584261656e-07 3.518699131030266e-07 0.0 3.0920940107511087e-06 6.4017688461537874e-06 1.3814430568737902e-06 6.351578393375649e-07 1.1900516282240434e-07 0.00025200796836580714 2.3266037409319873e-06 0.0020828569156411338 1.3825337662660499e-06 1.4068598107826143e-06 6.510601937725164e-08 0.0 5.427574891567729e-05 4.7158145707084185e-06 7.261499957243273e-08 1.466889468784039e-06 8.447373602695028e-07 3.5472399396248573e-07 5.034768778360334e-06 0.00035254314777381746 0.0003707244694365801 0.00022915331206922542 1.9781607684258266e-05 1.2276447950852715e-06 3.4293628948899157e-06 0.00034198108644525584 3.893419904460234e-06 0.0 1.023868458555731e-05 1.9952475944105177e-05 0.00034589055395199485 0.00025314770724341136 0.00021674670390390324 6.786354663195403e-05 2.6441208694438907e-05 4.175062504230692e-05 0.0001519479685097037 1.2438066732411753e-06
0.002371433821832607 8.874116250575192e-07 0.0005672629622504911 1.5633116143762625e-05 2.0090518478601536e-05 0.00045483901049112865 0.004377164859987537 0.00549748884107277 9.487233577306433e-06 0.0005459541454945216 0.0002114050790460486 0.0001780743329434258 1.3706080777776914e-05 0.0 7.263801423409028e-05 8.60576755453764e-07 0.0004063976755238392 5.464976750141384e-05 0.00014325946881923424 3.9339122370580056e-05 7.815803342954705e-05 3.6252754644003715e-06 0.00022067375837043178 0.00012564433038526416 1.5269682355757095e-06 0.00039968982863295994 0.00010966162157493648 0.00020783389856160033 0.005544866056976796 0.002538889741690161 3.731166597484803e-06 0.00020726283141955684 4.785185301548557e-05 0.0011245237405169352 6.019291886713724e-06 0.0003418198529335068 0.00014251145613750164 0.0003690064083235314 8.236397417519536e-05 0.00048431375088253323 4.85379445869097e-05 4.559742457947771e-06 6.397500864124013e-06 3.534252450988492e-07 8.869464804276116e-07 2.5870583306413695e-06 1.0372010789232431e-06 0.0 1.0560806166503122e-06 1.850535820396334e-05 7.997488521222958e-07 3.7380095343243845e-06 7.543555388856838e-07 6.529295413768885e-07 3.4899019069266273e-07 4.075329979340487e-07 1.129599057045061e-06 2.0817433616480736e-07 2.0252188519316223e-06 0.0 1.3138423693806733e-07 0.0 8.761508175780284e-08 5.034285051508254e-06 5.927152919864979e-07 1.1689875203974575e-06 2.818136439531831e-05 0.0 7.025510524887419e-07 4.894230258709168e-06 5.22015168474237e-05 1.1636236997073973e-06 4.914539032729077e-06 0.0 3.911615716985245e-07 0.0 6.776383221994124e-07 2.68542449228324e-07 1.178133790724553e-05 3.1087457507659487e-06 2.768772161929939e-06 1.2946162061608348e-06 4.638598876333909e-06 5.910159621365375e-07 1.7166269151109813e-06 0.0
1.4239303979166042e-07 4.369233981783625e-06 0.0 5.172300128376736e-05 0.0006512214191473591 0.0009393216225523667 9.458144075920653e-06 0.00017053853650875544 0.0004357121235307877 4.613699366242024e-05 1.0284673918780866e-05 0.0005639668934283154 8.677630922380135e-06 7.263801423409028e-05 0.0 9.24894859875515e-08 5.736779298910093e-08 1.5910699672615006e-06 6.766766586773673e-07 7.857158271405258e-05 6.0715635100613e-07 3.1749377142491035e-05 1.1835215575772066e-07 0.0004617820011699994 5.124385184603025e-06 1.4259567844552628e-06 8.339401069157997e-06 6.771540346718812e-05 3.498308449161207e-05 9.259758902288541e-07 1.4641229303057877e-07 0.00022919310028023763 8.544216481885096e-07 3.27300145166189e-05 1.6216772674278612e-06 0.00020351858500661119 4.186400044793597e-06 3.290115265450746e-05 1.0017521204255569e-05 0.0007563319161482296 9.4816291221074e-05 1.7532460622302661e-06 4.776988845703332e-07 0.0 0.0 0.0 3.6158829413156327e-06 2.8670297947737046e-07 2.6747968021857825e-06 1.2201233638433889e-05 1.3479115710623634e-06 1.4450170055575625e-06 1.2245965707125881e-05 1.3582228940381046e-07 1.109232622102397e-05 6.35162623780851e-08 1.0915308893134015e-06 2.05611732785665e-06 0.0 0.0 0.0 0.0 1.8119387293463928e-06 1.4407572705861858e-06 0.0 0.0 5.835679627600929e-06 0.0 1.2063911964848536e-07 7.319737024669899e-08 1.3490585553734862e-05 2.6678433154919737e-07 1.4515878708869926e-06 0.0 6.801975970619539e-08 0.0 0.0 0.0 3.340155064299392e-05 0.0 5.492398652258339e-07 0.0 3.1146073403378336e-05 6.442667153371545e-07 9.102420573920756e-06 0.0
1.3435775167807625e-07 8.071142461457663e-05 3.6871508351436886e-06 1.5484514012476757e-07 0.0 7.738548703499197e-08 1.403197056039302e-05 5.322775626390904e-07 1.15090430129219e-05 1.818423627952114e-06 3.260825827496081e-07 0.0 3.7026568710092577e-06 8.60576755453764e-07 9.24894859875515e-08 0.0 7.650943056529459e-07 3.986374535077693e-07 2.873244015535937e-07 0.0 0.0020254451034989146 0.0029169530630416022 0.003332435372858899 0.000777151142748002 2.8742072834508754e-06 1.637112025145855e-06 0.0017319537939488802 0.0005425052000983554 3.224560566346063e-06 4.3980318763798164e-06 4.7122105966104234e-07 0.0 4.2791319856774043e-07 9.292465892986491e-06 7.439841086472172e-06 0.0003198508880367111 0.00010001772336581141 6.848996179437808e-05 5.830078237031782e-05 5.548447059580881e-06 1.5651647691065659e-07 1.2568452390423521e-06 1.7021619817672437e-06 8.897109116435543e-07 2.6544900971143225e-06 1.1275969820874371e-05 2.770640791149433e-07 1.0966853965962352e-07 1.968301481471666e-07 1.0133704503385662e-05 7.730093169810572e-07 6.747098808423289e-06 1.1582313543484556e-06 1.2584393302969485e-07 1.758181854842439e-07 9.087073497471712e-08 1.2988176322262973e-06 0.0 0.0006886708556043506 6.527083506730151e-07 0.0 7.920368563606499e-08 0.0 0.00035137944986495217 0.00033594925886694464 0.0004953229484167781 0.00017172778602673883 5.163421289751329e-07 2.7595067786008727e-06 0.00010290723720401501 0.00010951982132718903 5.376416098598492e-06 4.0089666643016636e-05 0.0 7.27405301459787e-08 1.6634218032962663e-06 6.053424291896962e-07 1.2731855113203428e-06 0.0002221457215880653 3.9600815815011195e-06 2.415937850653099e-06 1.916797960024661e-06 1.8561809984394759e-06 0.0 2.61917978977159e-06 3.642394949598377e-07
0.00014659100642206216 9.3568571289888e-06 0.00035684964055866764 0.0 6.477982953963977e-08 3.3515177468962496e-06 5.2676602295700945e-05 0.00022068875696316587 2.0107243594447798e-07 1.1797271415638014e-05 4.045226604135431e-05 4.6110110004904817e-07 1.7278151848747447e-06 0.0004063976755238392 5.736779298910093e-08 7.650943056529459e-07 0.0 7.679918157518073e-05 0.0014730982942459557 1.0990212968648755e-07 0.0003991586219858151 8.247866196942229e-07 0.003001174845098367 3.0240287677036837e-06 2.3820144763123695e-06 0.0006648144043878876 0.0010926471170822946 1.3615662658799834e-05 0.0003984025761926751 0.0005716593868508593 2.1273392498417597e-07 5.036162809004929e-07 5.05600091401522e-05 0.001936132473701164 6.882936844823621e-06 0.0004124264296026031 0.0006590178193275967 0.0013939485656455789 0.0002702687497561547 6.291897544757022e-06 8.44146512653679e-07 4.7599703223160524e-06 1.5112093521793193e-06 0.0 1.2969683131923182e-06 1.943119519687069e-06 0.0 0.0 0.0 3.074540151742128e-07 0.0 0.0 1.2583683538710216e-07 0.0 0.0 0.0 0.0 0.0 2.2079981150432174e-07 3.2274063235194045e-07 0.0 8.374358113131695e-07 0.0 4.343435334473765e-07 2.909958367808461e-07 3.017021804439571e-07 4.3779287280580954e-07 8.344283648607656e-08 2.6022374975561556e-05 3.1036358829615746e-05 1.2954213815103336e-06 0.0 0.0 7.877318152496468e-08 0.0 0.0 0.0 3.3681644630061784e-06 8.731207851050667e-07 5.040846175538741e-06 2.1659983657631262e-07 6.52868464294578e-08 0.0 0.0 0.0 8.251072731790427e-08
6.772934620177498e-06 3.1752692297132763e-06 1.3145516374754462e-05 9.867054131459246e-07 8.661604785441505e-08 2.186315054468695e-05 1.976082413446186e-05 2.334426485779934e-05 7.314145452027412e-07 2.9620533249890433e-05 0.0014757045258092195 1.08964041353085e-05 1.6691258649532253e-05 5.464976750141384e-05 1.5910699672615006e-06 3.986374535077693e-07 7.679918157518073e-05 0.0 0.00015872614485866666 2.9304283473949464e-06 5.572269358253437e-06 7.571018763811711e-07 2.6509930095866014e-05 5.031222332523353e-06 8.77530699057747e-05 0.0011199292646386478 0.0006292408567672219 1.0378556254867193e-05 4.699134649173207e-05 9.416285719152203e-06 0.00014706360791573667 2.0276260351370694e-06 2.074799731194788e-06 0.0007998836280506006 3.7983481744509813e-06 0.0003148108978071758 0.0007718557437348301 0.0011665876533960182 0.0002847676383944678 1.844643914503682e-05 2.8644603858951533e-06 4.0238755714729605e-06 2.0682733434677584e-06 0.0 2.3708681267008412e-06 4.77855588258343e-08 0.0 0.0 1.3242180021706753e-07 1.190964470309793e-06 0.0 4.638650858663667e-07 0.0 4.9063394547831736e-06 0.0 6.754320511774e-05 0.0 0.0 7.209388797131233e-08 0.0 2.4954774525790978e-05 4.188664259829898e-06 0.0 0.0 4.3256896954378084e-07 0.0 2.282357453672821e-06 2.1340670233594284e-05 0.00014317842754100002 9.269394206895196e-05 2.982748432986379e-06 0.0 4.899570497218307e-07 3.645981004782903e-05 0.0 0.0 1.1425620774924885e-06 8.682226262820257e-07 4.549564304371443e-06 1.8191990430107418e-06 1.314595102634093e-06 6.719061089547854e-07 1.4477290521482163e-07 0.0 0.0 0.0
3.952903989376526e-05 6.892261753523664e-06 5.1760571299478596e-05 1.1804660607549438e-06 0.0 2.0826646461929076e-05 3.252872965426605e-05 6.972453985122821e-05 1.1820290411550988e-06 3.6367519829833495e-05 0.0005366248683511156 8.084081305380418e-06 8.576640414573491e-06 0.00014325946881923424 6.766766586773673e-07 2.873244015535937e-07 0.0014730982942459557 0.00015872614485866666 0.0 3.115889896806325e-06 3.9759971910949125e-05 4.0129393063350947e-07 0.00027236148710756017 4.557522773195428e-06 7.55989393988466e-05 0.0007683117340128085 0.00044683745271707927 1.2564859659048867e-05 0.00014948659974315488 6.97047211976858e-05 2.0151368110680942e-05 2.286267742293475e-06 1.2946206424269169e-05 0.0028949439839642617 3.2269553550177527e-06 0.0004120401939672762 0.0005122902588405587 0.0018110501589761057 0.0003572830845880418 1.2437841154770897e-05 1.375616313757711e-06 1.9085127314443943e-06 2.086849516839399e-06 0.0 2.2266976255199113e-06 5.439654259822685e-07 0.0 0.0 0.0 1.4604325392962271e-06 6.599850722479723e-08 1.5820483941814936e-07 0.0 3.151000536256122e-07 5.6041999329431623e-08 2.9381001998096215e-06 1.6074535964614824e-07 0.0 1.2441825513661683e-07 6.636825752678236e-07 3.6485959233434628e-06 1.7676376676349113e-06 0.0 3.3182572502284244e-07 6.833687873741694e-08 1.427933717378933e-07 1.845114360813988e-06 4.100988498496084e-06 4.9817960817737466e-05 4.7252564180988664e-05 4.054634177862282e-06 0.0 8.591342913007082e-08 2.8590971255452973e-06 0.0 0.0 1.8412480277693897e-07 1.306435361524279e-06 2.3696077060650512e-06 2.3984646662658954e-06 7.736240628671494e-07 2.3921719787180775e-07 1.0797011784814864e-06 0.0 0.0 0.0
3.729564872193572e-07 0.0 6.220689578595472e-07 0.001007129062381886 2.2983841317947236e-06 0.00011610818446484565 6.951122155845986e-05 0.00010229035447252528 0.0004399535807075571 0.0011138758279043248 1.3767210498541705e-05 0.0014220586430715558 3.132829311650862e-06 3.9339122370580056e-05 7.857158271405258e-05 0.0 1.0990212968648755e-07 2.9304283473949464e-06 3.115889896806325e-06 0.0 1.3256521378483806e-06 8.4811576151587e-07 1.4922437711008197e-07 0.00021238521059101635 6.010721483283135e-08 3.902575240804487e-06 2.165780958552942e-06 0.0009274147402737959 2.7788297211946784e-05 2.1571368488338912e-07 1.8431096982340344e-07 3.1902746758390678e-06 8.018904532276552e-07 3.53906319195037e-05 3.3662892581704354e-06 0.0001066427855900619 3.569099016946444e-06 5.5217346779512525e-05 1.3560579401560617e-05 0.00034061901457435183 4.7295142373772355e-06 2.836050356872949e-07 1.5489143763552526e-06 0.0 7.477621737418807e-08 0.0 5.394281577162993e-05 4.312856755334819e-07 1.7847710095193628e-05 4.0470341184376775e-05 1.8224750217304645e-06 5.333642771888291e-05 0.00010550240050131387 3.8969686156041965e-07 8.032014577373064e-05 0.0 1.8335397101383179e-06 1.0418975717855425e-05 1.762526646583347e-07 0.0 0.0 0.0 3.540027747689933e-05 0.0 0.0 0.0 4.32102121335974e-05 0.0 0.0 1.7430583685027612e-07 9.648416101449347e-05 0.0 8.828583676035404e-07 0.0 5.415172373679964e-07 0.0 4.844676122520386e-07 0.0 3.351698110829671e-05 0.0 3.8537438764304877e-07 9.578155652853749e-08 9.743456447617906e-05 1.007438240180731e-07 3.0333646293784943e-07 0.0
1.7758064010077016e-05 3.4717656964003103e-06 0.0007198069009199644 3.1847020972927516e-06 0.0 2.1311944972498468e-05 0.0016054749260329892 0.00014085392994648505 1.3018640271121588e-05 0.00020567585064269674 4.837489294839804e-06 3.4402749217220047e-07 1.2273251382397387e-05 7.815803342954705e-05 6.0715635100613e-07 0.0020254451034989146 0.0003991586219858151 5.572269358253437e-06 3.9759971910949125e-05 1.3256521378483806e-06 0.0 0.00032555997377578386 0.005188378493864354 0.00039933711347778814 1.7878033920687207e-06 5.7886636500695914e-05 0.0011455122129043086 0.0030318471476642695 7.64012825159642e-05 0.005102563737176924 3.020314976504037e-07 7.238442197282295e-08 1.9842968672272156e-05 0.0019619139645912645 0.00011143535133311515 0.004249756922246215 0.0009168088928170143 0.0038847356235783494 0.0021123679411977386 9.299106277857314e-05 7.378393422928164e-06 5.545750865349863e-06 2.6486620527637663e-05 2.1125088022722e-06 9.432171895559712e-07 6.923088271230103e-06 0.0 0.0 1.2792266109054916e-07 1.559925941159239e-05 3.9082119136495996e-07 1.0803283145910274e-05 6.900318837434439e-07 1.9414893463546773e-07 6.31419072290333e-08 4.6606469894522395e-07 3.1316200160722083e-06 0.0 0.00042520506895147583 1.3345610490226202e-06 5.217732814851731e-08 2.0682650724631987e-07 0.0 0.000548840321122718 0.00014368411804808277 0.0001607252412105963 0.00026944500276389875 0.0 1.9801006513678103e-06 1.8535197435753755e-05 0.00017125653592038256 1.3361138096795033e-05 8.684087643057409e-05 0.0 1.2816702210134756e-07 2.9388808734455545e-06 4.072924764509605e-06 1.8301175908618282e-05 0.00024315417145908799 1.9063537645819227e-06 7.243527404370581e-06 3.782527213022684e-06 5.826804887600711e-06 1.4830167303672976e-06 4.038213034603982e-06 0.0
2.915767716432032e-06 0.0009233200799654286 2.640375471225314e-05 1.156732851385699e-06 4.3044498323562535e-07 7.880925162967878e-07 4.4136261739693184e-05 4.281039249635627e-06 0.0018681438734888547 7.125273121368613e-06 1.301600104481138e-05 2.94506686168209e-06 9.170112009228407e-05 3.6252754644003715e-06 3.1749377142491035e-05 0.0029169530630416022 8.247866196942229e-07 7.571018763811711e-07 4.0129393063350947e-07 8.4811576151587e-07 0.00032555997377578386 0.0 0.0008397143368971147 0.0029024848366072174 0.00014141532074115704 1.662122373403766e-05 0.00434606495083931 0.0003210311389316167 2.0049163494116968e-05 2.255947475199654e-05 2.0428926764259622e-05 4.3726401701570653e-07 2.902197852332168e-06 8.352636836397361e-06 5.662604671400269e-07 2.4196024214733822e-05 1.2852253080626902e-05 1.4206697792234146e-05 3.7893987463696346e-06 5.796583650820141e-05 3.199162016310042e-07 4.055855719508485e-06 6.218888348245213e-08 1.7728465805991566e-07 3.7072594862935734e-06 6.944048973300607e-05 6.297240192250118e-08 0.0 3.0347498190998594e-07 1.2797710374483595e-05 3.6503489548576546e-07 6.265990804469216e-06 1.0910669563593213e-06 5.321922424617708e-07 0.0 6.075916060358889e-06 1.522843858683007e-06 0.0 0.0011378719958225064 6.712717367938313e-07 1.455250493926411e-07 2.419321323696704e-07 0.0 0.00030367123566442107 6.349393187744978e-05 0.0007186822499207556 0.00032607832865156337 2.5231389106698654e-06 6.640835365192091e-06 0.0005767199681413576 0.0001281253375937196 3.7633675482963674e-06 1.7910445827612755e-05 5.404729500065401e-07 6.413371896978293e-08 8.621116805298247e-07 1.1727946776850562e-06 1.0191921661972716e-07 1.362767420721202e-05 5.0449426982551164e-06 2.8795036430116788e-06 1.1870719162171551e-06 2.2982293437997208e-06 1.1073340635321241e-07 8.960185751214585e-07 0.0
4.7090624841729455e-05 1.3171199539300603e-05 0.0025181288486560613 7.700882922294525e-07 0.0 8.567393881663621e-06 0.00039287611158104547 0.0001556001127849987 3.0389933952007183e-06 6.203322097359188e-05 1.2232638886997877e-05 3.195667025987241e-07 6.425665291724198e-06 0.00022067375837043178 1.1835215575772066e-07 0.003332435372858899 0.003001174845098367 2.6509930095866014e-05 0.00027236148710756017 1.4922437711008197e-07 0.005188378493864354 0.0008397143368971147 0.0 0.00010372584628367888 5.694888169423524e-07 0.0010321211368346202 0.0061733968192144925 0.0007630322826075291 8.840818556417321e-05 0.0022748392575527147 5.852256028199019e-07 5.703705816982888e-08 1.4648610492161763e-05 0.0019938627079768806 0.00015283990529378806 0.0069117190100189355 0.005083928194563288 0.004964073989353871 0.0033999632109961405 0.00028227821747190204 1.5484695146039848e-05 1.6980490621554956e-05 4.927463097559198e-05 2.626844611592927e-07 3.704385446307593e-05 0.0002239734650002387 0.0 0.0 5.694199860925945e-07 2.323713578473655e-05 6.944638874085163e-07 2.7071786087849484e-06 1.5178828507616238e-06 0.0 0.0 6.620791162744212e-08 1.3548043733909288e-06 0.0 0.0014716681847802443 1.2081289551365436e-06 0.0 1.0895581565466497e-07 7.790451053073429e-08 0.0003605200895727921 0.000481680056193355 0.0015303960637370925 9.838461866871553e-05 7.287254534035492e-08 3.835312385773234e-06 0.0010669634808877484 8.455521392754016e-05 1.6903373092079382e-06 2.257170007259143e-05 0.0 0.0 1.7328623319322085e-07 6.183772402325785e-07 2.6113436274098196e-05 0.0006271108709419926 0.00012075229983062928 3.1490295180346123e-06 7.040393040992923e-06 1.6347874418336565e-06 1.721686945203919e-07 6.33609485253522e-07 7.134375048191816e-08
