0.0 6.883344036827306e-08 1.6032804647408306e-05 2.0153326230540397e-06 9.206974193935346e-07 2.6377270542566474e-05 0.0008296194697770026 0.0003884691701693803 1.0473937964259154e-05 7.526575893347115e-05 4.610878735482691e-06 2.735828701528151e-06 1.1094086806880727e-06 0.002506489674859142 2.095888357346918e-07 9.625159594182097e-07 0.00010340925798321191 1.4239506466647063e-06 9.16023732629084e-06 8.585872081813029e-06 4.6293550279018247e-05 1.9694361952320653e-06 0.0001420854032542522 2.554980880991951e-05 0.0 1.3253837616262439e-05 4.261228882221804e-06 1.2704673444200652e-05 0.0017008673298981912 0.0014619685970011322 2.5006215954513585e-07 2.9958271236142914e-05 1.785459861565648e-05 9.626356807098361e-05 4.00136609865231e-07 3.127407036732448e-05 1.5960099611201295e-06 4.5531274227533064e-05 8.457575620245427e-06 2.5547335598168313e-06 6.368317147603029e-07 1.1400737921453986e-07 6.358164573840236e-08 4.049825318637142e-07 1.0714997048385432e-07 2.8200943163661257e-07 0.0 0.0 0.0 3.657873975891445e-06 5.588471998697583e-07 4.840492080228715e-06 4.529750505637089e-07 0.0 2.8398607916938037e-06 0.0 6.217503269937202e-07 0.0 5.492597201792278e-07 0.0 0.0 6.950137345475617e-08 0.0 4.517178398969306e-07 1.6879266857446863e-07 1.2815556651266614e-06 1.231416600407536e-05 8.432264551381462e-08 5.727860141190525e-07 2.3733292299342687e-06 1.3179193010851061e-05 3.008568154488036e-06 2.2541910308284925e-06 0.0 0.0 0.0 6.979705058757771e-07 0.0 1.0929129824953073e-05 0.0 1.0988166168535228e-06 1.8716769112374346e-06 1.924245996770809e-06 0.0 0.0 0.0
6.883344036827306e-08 0.0 0.00019984754913897148 7.367641092632433e-08 4.566234389532429e-07 0.0 5.151393490191328e-06 1.3757280795799344e-06 0.0003202555107890058 9.264216237143493e-07 1.4100436195051291e-06 9.242139005124986e-07 0.0004502250392109051 7.367641588352404e-07 2.359061108909443e-06 8.06468571029062e-05 0.00030724464164816757 9.274998337134845e-07 1.4060812184450825e-05 0.0 2.2712477864076764e-06 0.001766073556002496 3.44209566069932e-06 0.0004198160522404094 0.000623966079383352 0.00019548620648974973 0.004041521661478146 1.4370843255050303e-05 9.388730301960969e-08 1.2960527820846376e-06 1.4724528959055104e-05 3.25825113020228e-07 7.938169781046872e-08 0.00028969830455441594 8.322537317524877e-07 0.0001351318167273633 6.342289154791993e-05 9.163307275445224e-05 3.814892238551532e-05 1.1525450075971146e-05 0.0 0.00010061485331323697 8.529812937035046e-07 6.47734251824785e-08 5.1748488504167935e-06 4.780952335305787e-05 1.044537533846745e-07 0.0 5.9500101053023004e-08 7.645417929895825e-07 1.6641780766516038e-07 9.787475433499146e-07 7.118329029852057e-08 6.462598929321197e-07 0.0 1.1639856681356255e-05 2.537935734030476e-07 0.0 2.443064495510179e-06 1.3103109753637727e-05 4.921036958254268e-07 1.3411194181490204e-05 0.0 5.491686564208881e-07 3.6124547281118103e-06 8.198651520569894e-07 3.6926835312717793e-06 7.2913557608935035e-06 0.00020797475323057715 0.001389018139320882 1.4345844653735837e-06 1.4865100186826507e-07 1.2729596139348147e-07 8.555211874170163e-07 0.0 0.0 8.041917869428945e-07 0.0 5.897031997409115e-06 4.31668922778285e-06 3.9912129719710925e-06 2.9158231961918834e-06 1.2344114834496288e-06 0.0 5.615628682578832e-08 0.0
1.6032804647408306e-05 0.00019984754913897148 0.0 2.979304126885469e-07 0.0 4.356359866566264e-06 0.0009368721379453168 0.00019866983627906014 1.4909421289037786e-06 7.973914733697773e-05 1.267785143993676e-06 1.1357418478638908e-07 6.264172750171743e-07 0.00014049368297156634 0.0 1.0915003121395764e-05 0.0021671839207445275 1.8429976997354397e-06 2.023081889970397e-05 3.3338734402956526e-07 0.00023415402172437334 0.00015409681441882103 0.004503384387855775 1.853413869159938e-05 5.10129390232261e-06 0.0038629897940021004 0.006982201672804278 0.0003723646355745708 2.9544270086132696e-05 0.0008207821254640052 2.0497033823705712e-06 7.228121126759993e-07 1.6495898387368296e-06 0.00010822523067462037 7.057094999490808e-06 0.00040311036848721804 0.00011336634172004347 0.00025322517955174667 0.00011877680210776724 1.9463644395156494e-05 9.829895907216254e-08 7.612043697367198e-07 3.054906085767491e-06 2.2741574643388187e-06 0.0001371448032107604 0.0013818413835419204 1.295761931739024e-07 0.0 5.372008247690835e-08 4.0219878808257165e-05 7.236224592458152e-06 1.84084737709279e-06 2.3948923050139675e-07 7.514175610465791e-07 0.0 8.442568243470244e-07 1.4063935895198507e-05 0.0 2.1612470413460337e-05 0.00019995355804597738 1.7630481661399585e-07 1.6899172763548952e-05 3.9295438253135065e-07 7.643012955905001e-06 0.00017252756540664274 0.00027831345948381225 2.2071748013393223e-05 3.509589925010525e-07 8.427939102938166e-05 0.0027539775060026394 1.4530827936893175e-05 1.2959273801853555e-06 7.946218809065948e-06 1.2258490573246148e-07 9.296520286523254e-08 7.467156495123754e-08 1.2249243897221202e-05 4.804719874800524e-06 0.00012336392524831853 9.321330090980836e-06 9.007520495204186e-05 8.099640283972064e-05 5.32945553113887e-06 2.7247713320511384e-07 8.87144605652623e-07 2.91600301289086e-07
2.0153326230540397e-06 7.367641092632433e-08 2.979304126885469e-07 0.0 3.825582607850525e-06 6.432719155742565e-05 3.917457126114259e-05 3.7468464182804256e-05 0.00033552390839155187 0.0015085708193992792 2.4800864452997663e-06 0.0006262391983143549 4.5029136374005794e-07 1.1310860626914972e-05 2.9394893338789848e-05 2.4485586285668328e-06 0.0 8.342450617480972e-07 2.1900641312562892e-07 0.0021299063727129894 2.256503572111213e-07 1.1896775227686293e-06 4.4796444276500063e-07 0.001247863135034692 6.340352592701226e-08 6.234175972190101e-07 2.402561500952964e-06 0.0014656490922617085 3.037682271033399e-05 6.896880890819739e-07 8.42139417510329e-08 5.334112450366022e-06 3.1611862087949517e-06 1.748328644799129e-05 1.4724984327418799e-06 0.00012200348155764583 1.2419253626958177e-06 4.854117678010031e-05 1.56361849762497e-05 6.618585101861465e-05 1.7088284818251807e-06 7.13548551666258e-08 8.781124581641901e-07 2.1923520695756159e-07 0.0 0.0 8.729669099369496e-05 0.0 1.903917287675093e-05 9.318920036241655e-05 1.5183634220034082e-05 3.695851870925644e-05 0.00011436390764758734 1.211152180471978e-07 9.727886754151444e-05 0.0 5.038132642371001e-06 7.659302931835849e-07 7.256027834954621e-08 0.0 0.0 0.0 7.816471633304244e-05 2.639531940158614e-07 0.0 5.274778343051298e-07 8.316531093156391e-05 0.0 0.0 1.002231144360701e-06 0.0001285630888505391 5.628153562386471e-06 3.75654387840332e-06 0.0 1.0065089293289593e-06 6.509795398015284e-08 3.911147760214186e-06 5.127095280181635e-07 6.5260266959547e-06 0.0 6.755675347402225e-06 1.3942763764685615e-06 1.926895627251254e-05 3.265913054310651e-07 0.0 0.0
9.206974193935346e-07 4.566234389532429e-07 0.0 3.825582607850525e-06 0.0 0.00023094492851619955 2.1669342645758237e-06 1.699205235557551e-05 9.668039439392311e-05 1.5499640733461224e-05 2.6772307070991783e-05 0.00021913785942619986 5.659992771337897e-06 1.9077775158922904e-06 0.0011838672546164153 0.0 3.6213536527651397e-07 3.4531977898763193e-06 1.09821109491116e-06 1.8736118366896574e-05 5.208876758362941e-07 1.7157883863793415e-06 5.960627740660795e-07 1.1003228768514978e-05 6.541273616058689e-08 1.3337246283802907e-06 1.999602448431476e-06 4.4829768670105635e-06 2.1138895292495223e-05 6.656212887803609e-07 1.6526831580371729e-06 0.0002533751182701259 1.1846150245288388e-06 0.00021945364194283907 0.0 2.0836273397457985e-05 4.210830581126116e-06 0.000278778898185141 9.599251467603581e-05 0.0010534543025886142 4.702678978116827e-05 6.406931140205966e-06 1.0491880201539914e-06 0.0 0.0 0.0 6.052401064937961e-08 0.0 0.0 2.6296934240624566e-07 0.0 0.0 8.849801092320857e-08 9.865708243082567e-08 1.331279314223669e-07 8.953573585378334e-08 2.610067222233136e-07 0.0 0.0 0.0 0.0 0.0 0.0 0.0 0.0 0.0 1.9765999360243256e-06 0.0 0.0 1.7031463183709843e-07 1.7128940185687859e-06 0.0 1.3112145527508394e-07 0.0 0.0 0.0 0.0 0.0 0.0 1.168801527005916e-07 0.0 4.5764959072915245e-07 0.0 0.0 2.663469227898431e-07 0.0
2.6377270542566474e-05 0.0 4.356359866566264e-06 6.432719155742565e-05 0.00023094492851619955 0.0 0.0003161091356897136 0.0029608993438336026 8.377148894786589e-05 0.002278571130806586 4.909133741412508e-05 0.0018147689736372338 1.1637716421828983e-05 0.0003266472544344924 0.0012496714377017997 4.751302936524465e-07 7.317301717388157e-06 9.008149482623276e-06 4.265606043790963e-06 0.00026476758990475125 4.678607742265458e-06 8.230223124629027e-07 8.19947568933774e-06 9.734720772144728e-05 6.6740777584501e-07 1.0564178369862367e-05 6.035488148227684e-06 0.0001214319015577604 0.00021963805442733124 2.1556298175891233e-05 3.4847239173481277e-06 0.00034049832810247044 1.1026723595676452e-05 0.00022120673310437047 6.465211129512058e-06 0.00045305923079268885 1.3005281675151064e-05 0.00042225923966684553 0.0002622830441837761 0.001694245656283988 0.00011028956488487754 1.2387813800519772e-05 1.5403715834519957e-05 4.412860423284192e-07 1.0531509352375134e-07 0.0 1.6538841723629517e-05 0.0 3.263612982291771e-06 4.759515155176078e-05 3.0799296866213243e-06 2.77142269829668e-05 2.464806124346902e-05 1.0375881118633172e-07 2.2592465653466852e-05 2.700740543898672e-07 4.799097525680454e-06 7.902934005637028e-08 6.922038412329863e-08 0.0 0.0 0.0 6.482942628607455e-06 0.0 0.0 1.0446368456227258e-06 4.381595475411227e-05 0.0 2.1378957056681651e-07 1.6737211817784305e-06 6.95884139879583e-05 7.296302024240211e-06 6.853992915039384e-06 6.361541570799564e-08 4.1915977979172646e-07 3.1446365366119407e-07 2.7903904669407423e-06 2.2643571491861332e-07 2.0956466217918818e-05 3.491589417754002e-07 3.9703206479552405e-06 2.011942546713988e-06 7.61425925294456e-06 0.0 2.5238455802878197e-07 0.0
0.0008296194697770026 5.151393490191328e-06 0.0009368721379453168 3.917457126114259e-05 2.1669342645758237e-06 0.0003161091356897136 0.0 0.002012072718141008 0.00030348147150762876 0.005444933760097796 7.83417934279832e-06 7.908165796059529e-06 2.0691793657963054e-06 0.00416318845135591 8.920025255996529e-06 2.8058793731290104e-05 0.0003638094157917605 3.0066628662261562e-06 1.8365946656405732e-05 1.513494316325935e-05 0.0005184003667357903 3.232845100077048e-05 0.0007608775260221199 0.0011304054419879672 9.911772517872877e-06 0.0005807433143018819 0.00038674109457041266 0.00888464150830172 0.0007391292108534401 0.0032841564368014855 1.8219120868771398e-06 2.4503937312701832e-05 0.00018047762797877774 0.0002206276000824275 2.6357897325703578e-05 0.001130385926926555 4.648477131331832e-05 0.0006653798043456217 0.0002596136509306505 6.671301058163338e-05 6.550080081311299e-06 1.3921969951667336e-06 1.0802627038389676e-05 2.096607559317907e-06 2.3763669828392967e-07 6.106361998681742e-06 3.3243185503798656e-05 0.0 2.787509125125685e-06 0.0001282533643026627 1.6511164316426485e-05 9.882754722386791e-05 3.3878798803699615e-05 1.6880427566688565e-06 1.6705413425652494e-05 4.917145518363841e-07 1.5684548911229994e-05 1.9870395011434308e-07 1.1768275856495617e-05 1.2140002175315672e-06 4.5143145103103945e-07 3.4988397036264213e-07 5.5757542800086975e-06 1.416198735272975e-05 1.3473147463394436e-05 2.295460353547552e-05 0.00020787498110234025 1.3502492972107016e-07 4.106216122953892e-06 3.946307548235243e-05 0.00025326955580471115 4.275527059892331e-05 4.7887115017499286e-05 0.0 2.1537049476258143e-06 1.654755073033619e-06 1.5021800395935684e-05 1.3806154857133772e-06 7.90807619353113e-05 1.3942103694480495e-06 3.28250173507936e-05 8.785736535254622e-06 4.189086035168035e-05 2.959566155456019e-06 0.0 1.115171947742459e-06
0.0003884691701693803 1.3757280795799344e-06 0.00019866983627906014 3.7468464182804256e-05 1.699205235557551e-05 0.0029608993438336026 0.002012072718141008 0.0 0.000175294380541499 0.00263940753017211 8.141197607790886e-05 0.00030720362225067875 1.6017354348653887e-05 0.0037628282254461983 5.2510707330502516e-05 2.948111317707712e-06 0.0005062814525566021 1.4449611861655804e-05 4.535753323265417e-05 0.00018887049860988905 0.00010688523291594444 1.1859296307976191e-05 0.0005343330281361138 0.0004264901587162987 8.719259759059557e-07 0.00016412954575890408 4.3011979924733736e-05 0.00017002429371130222 0.0005071070174511061 0.0010266834096160327 3.6582880889140123e-06 0.0003360608679074664 5.57787005020685e-05 0.0005518533144285969 1.3808246600928983e-05 0.0006936346088071263 2.8461680667995767e-05 0.000703864650311992 0.0003439125124943514 0.0007976908819126433 5.484113238605311e-05 1.9518869697000765e-05 1.6659013479804896e-05 5.025986210440759e-06 6.522693154570519e-07 1.5556930140805808e-06 3.794276452301814e-05 0.0 7.063612077396496e-06 0.0003234418602887287 1.9160689216144273e-05 0.00011852449534345457 6.007522242679625e-05 2.767730394075076e-06 2.475704799752825e-05 4.648332060789465e-07 2.2103043131546157e-05 4.4881509823212624e-08 3.1489774381719684e-06 3.340938098105764e-07 4.246898563593768e-07 3.587478971861465e-07 8.070945308956371e-06 4.24668893505849e-06 2.650235952815128e-06 1.7377467237764727e-05 0.00030470653126436553 1.5506717025437683e-07 3.8922469835480825e-06 2.243035921770448e-05 0.0004304168227212761 5.2540564738721446e-05 6.078830157359721e-05 5.710966309699063e-08 5.664397182252441e-06 3.287221985201839e-06 1.6339095293486125e-05 2.609049791315454e-06 9.266078554110507e-05 3.888967468014082e-07 4.586202003618928e-05 1.1406806086795268e-05 5.917373746990607e-05 2.7043098344472766e-06 2.3690867326013553e-06 4.1338082129369975e-07
1.0473937964259154e-05 0.0003202555107890058 1.4909421289037786e-06 0.00033552390839155187 9.668039439392311e-05 8.377148894786589e-05 0.00030348147150762876 0.000175294380541499 0.0 0.00040018730132367677 2.281387006237143e-06 0.0008707931609108133 3.063999068391866e-05 3.7825407464827807e-05 0.0005282746176181448 0.0001465123934545575 1.4376432901905326e-06 9.533828757175897e-07 9.65035299819153e-07 0.0003680013009776101 3.4630513564120645e-05 0.0016482938042963837 2.1180002520122884e-05 0.004307299200273247 4.841107237823309e-05 7.314697425837419e-06 0.0003437323742752157 0.0008049256597654377 2.1725279305758294e-05 7.959733600469171e-05 2.179203909611023e-06 6.4724397714879744e-06 2.640647249077597e-06 3.184384948519998e-05 4.746770988301543e-07 8.303132520630691e-05 5.891832501235994e-06 4.0943213787290514e-05 9.355087759092403e-06 0.0005086509649830073 2.4225227980417634e-06 4.0378660400614204e-06 1.2240514775723475e-06 1.9897853131189124e-06 1.8090975197591969e-06 3.698967269974738e-07 0.00024988538229213825 1.6081643932080283e-06 3.299984725178327e-05 0.00015810592278253581 1.9332344530264504e-05 0.0001405828976486623 0.0002179366415044162 1.1404891749737334e-06 0.00041711101027713967 1.3295666322359711e-06 1.1081437840738332e-05 3.7859641607534056e-06 0.00010065073938172885 1.6587804107009538e-07 2.4820012857041295e-07 5.070692681542851e-07 0.00011808138210782557 0.0001900293626560268 2.5627483332047163e-05 3.279397891262748e-05 0.0008776607514627397 6.410794171528928e-07 2.7308785372466085e-06 2.5573907797700043e-05 0.00048072230140433015 3.586274080242881e-05 7.321688694212705e-05 2.2222275868263284e-07 2.1392847854732083e-06 2.8267772736131932e-06 8.955273565495132e-06 1.1277955711547328e-06 5.4468851150673116e-05 1.9571430873894014e-07 2.1419202257788737e-05 5.502330179106999e-06 6.48670681184327e-05 1.314330263340868e-06 2.1427587566981992e-07 8.059470855950208e-07
7.526575893347115e-05 9.264216237143493e-07 7.973914733697773e-05 0.0015085708193992792 1.5499640733461224e-05 0.002278571130806586 0.005444933760097796 0.00263940753017211 0.00040018730132367677 0.0 5.561864583600562e-05 0.0015082204635111323 1.2429778196612307e-05 0.0008452661235887293 4.6156344055596143e-05 1.8604314732305737e-06 3.0634734523139826e-05 1.5361713157406112e-05 1.0226461098750245e-05 0.0016728794098457595 3.045381028660773e-05 4.354435035497906e-06 3.123005238643467e-05 0.0006217474915784534 2.272117786393292e-06 7.445309377077585e-05 3.923404264475648e-05 0.005054500996021816 0.0007241414283824133 2.2519604801033835e-05 4.011143111153213e-06 0.00012141273102935322 8.798140859778986e-05 0.00034362492504239967 2.332710007729108e-05 0.001451969784987256 2.790925286250515e-05 0.0007693224284278902 0.00022565176575365496 0.0002485193109977138 2.7268419955453242e-05 3.741292893395587e-06 1.8861274026817247e-05 2.5433433830186595e-06 1.9233847100169594e-07 7.091889080781646e-07 0.00016630562471084103 7.43867215876811e-07 3.840656949911053e-05 0.00038113640680887686 3.553213003933189e-05 0.00010113488229912942 0.00023960461060928382 3.1173225836638545e-06 0.00016578323011493651 3.877963171079617e-07 1.7745054748616495e-05 1.5576515159745385e-07 1.2622405199515455e-06 3.795263848309209e-07 0.0 1.5039327833812382e-07 7.28326868026562e-05 1.2673445099527568e-06 3.209158277139602e-06 6.740013105481593e-06 0.00022570749153438016 4.75685332235793e-08 5.446008790838859e-07 6.803743867599955e-06 0.00041625925984086675 2.538266358658479e-05 2.4579992668507364e-05 1.0799419303107213e-07 3.2999182849748263e-06 1.368649408147617e-06 1.0687744061367098e-05 5.565040917310918e-07 5.605989253342145e-05 3.020502765275445e-07 2.0967585682041823e-05 8.459610093131274e-06 4.7335754199670354e-05 9.6039916651163e-07 4.4533804210363504e-07 2.499076588836622e-07
4.610878735482691e-06 1.4100436195051291e-06 1.267785143993676e-06 2.4800864452997663e-06 2.6772307070991783e-05 4.909133741412508e-05 7.83417934279832e-06 8.141197607790886e-05 2.281387006237143e-06 5.561864583600562e-05 0.0 1.4767882358688069e-05 0.0012550547387859528 1.854938384617763e-05 1.2679249293985256e-07 5.445096055978668e-07 8.320210884643328e-05 0.0018156503375608083 0.0003313104591735017 1.330028982624771e-05 9.235718485842836e-06 8.718221378253329e-07 2.5661156620993512e-05 2.827603634988598e-06 0.00010441212909442635 0.0008790745103775772 0.00024252909782750178 6.659034861432514e-06 0.0001874810727618015 1.2311528281932545e-05 0.00036661053554544974 0.00012910134705744215 3.486748002994008e-06 0.0036638680871365686 6.756304049972988e-06 0.000282502103515227 0.0013737470401360215 0.002568231411099754 0.00047157948506577245 2.2401737193220772e-05 1.9295283414784114e-05 0.0005136274732879924 6.727157351660666e-06 2.5545356035802126e-07 6.218991192490872e-06 3.059488765209413e-06 5.7310848758547e-07 0.0 0.0 7.379483499505571e-07 4.0431457589784785e-07 2.4304461457957316e-06 0.0 0.0002511878285767667 0.0 0.0008532583135763751 8.462725704577311e-07 0.0 0.0 1.2703731263574293e-06 0.00010160028899982749 1.4853503088886735e-05 0.0 0.0 3.2840780262000285e-07 1.1680896960095463e-06 5.0496009751421615e-06 8.355278580477775e-05 0.00015008566750587699 0.00038733479182979745 5.029095217371512e-06 1.2148310175073117e-06 1.7097653429949482e-06 9.11361953248955e-05 5.828177771121213e-07 0.0 1.1779388243262745e-06 1.220615406045616e-06 1.3845751385781793e-05 9.727164536296432e-05 1.3702038738620109e-05 5.556112268525587e-06 2.1964721278893705e-06 9.258203268314166e-07 0.00017286922555049872 3.5804425090779092e-06
2.735828701528151e-06 9.242139005124986e-07 1.1357418478638908e-07 0.0006262391983143549 0.00021913785942619986 0.0018147689736372338 7.908165796059529e-06 0.00030720362225067875 0.0008707931609108133 0.0015082204635111323 1.4767882358688069e-05 0.0 3.3139366546527138e-06 5.676168997457995e-05 0.0010596270437142831 1.1941791100500545e-07 6.040404832345148e-07 3.6008329967028003e-06 1.9036783998406183e-06 0.002804004120010024 1.0193549212797189e-07 2.4680134714424965e-06 4.889557901300149e-07 0.0005506082904957827 5.692806943258563e-08 2.096823883885999e-06 2.6934333188679456e-06 0.00029327975582693855 8.781887537763987e-05 8.059050714210168e-07 1.086387731311299e-06 4.542387799480821e-05 2.8361908623649934e-06 7.814657292115852e-05 1.1450116358790912e-06 0.00041557200485597723 3.4075112079437634e-06 0.00014178255470460532 3.241330141645611e-05 0.0015572723990810945 6.947405779729403e-06 6.5130540704312e-07 2.7996701045304074e-06 0.0 0.0 0.0 7.949596770391277e-05 9.765524305014339e-07 2.2958966931282454e-05 9.550335989247048e-05 1.1419287781767135e-05 6.593645400468447e-05 0.00013025438105923243 1.0419662877517976e-06 0.0003343152160994036 2.7753086482791095e-07 3.2026465644492747e-06 2.8303649324932712e-06 0.0 0.0 2.4150378688417747e-07 0.0 7.349530343737252e-05 9.196257490847623e-08 0.0 2.4221634239434855e-07 0.00010288056930712326 5.707685406149145e-08 0.0 3.97616003471751e-07 0.00011969938143269307 8.804628583436033e-06 1.1433522247219277e-06 0.0 1.0074839723760455e-06 9.841447707790535e-08 4.5060456724305166e-06 0.0 1.007836478464812e-05 1.5124702862314936e-06 7.033542806089211e-06 1.4213085240538567e-06 6.332641628160275e-05 7.717752853947378e-08 6.746673278676228e-08 2.7172970951495624e-07
1.1094086806880727e-06 0.0004502250392109051 6.264172750171743e-07 4.5029136374005794e-07 5.659992771337897e-06 1.1637716421828983e-05 2.0691793657963054e-06 1.6017354348653887e-05 3.063999068391866e-05 1.2429778196612307e-05 0.0012550547387859528 3.3139366546527138e-06 0.0 1.665251100657215e-06 3.2292618839918634e-07 2.3247218697564906e-06 1.9233174217509886e-06 3.643193057408586e-05 5.513115177153554e-06 4.102318783995832e-06 1.0090635192329424e-06 0.00011431425049360435 1.4736805151407122e-06 4.346239880671602e-05 0.0021692889304484515 6.337380629462572e-05 0.001996178186952544 2.958728308630251e-06 2.3134778216721586e-05 2.1731092270646207e-06 0.0009579374024750685 2.4277648227936875e-05 3.08402481784709e-07 0.0008564497249871005 5.880106325442711e-06 0.00013209919620183795 0.0011671054384586605 0.0014515627165687193 0.00026976161349103443 5.122697222109162e-06 2.0241058384617048e-05 0.0004051181679322662 7.4424324845399155e-06 0.0 2.4965123598485005e-05 2.6842263271331506e-06 0.0 1.0304899815155941e-06 0.0 7.507457804104887e-07 1.099502392045666e-07 7.106623937410381e-07 4.896091909949398e-08 0.0004974789272748631 0.0 0.0022158675876844 0.0 0.0 1.2653554221367006e-07 8.892728077449551e-07 9.938971010776327e-05 6.149506509546152e-06 0.0 5.3605910541543416e-08 1.41248986409e-06 1.1817649855232203e-06 1.7188740792186205e-06 0.00050279987751351 0.0001254508598238777 0.000660454620190292 1.2689325031152823e-06 7.549868096496477e-07 6.290120525577362e-08 0.00013073188184383199 1.4505828283127085e-07 0.0 2.1087817401267317e-06 1.014789378495808e-06 1.9710105366479623e-05 0.00022220920713244999 2.743483683269015e-05 3.762109387509075e-06 0.0 2.5365701017799753e-06 0.00030969688115003487 2.1250929976971764e-06
0.002506489674859142 7.367641588352404e-07 0.00014049368297156634 1.1310860626914972e-05 1.9077775158922904e-06 0.0003266472544344924 0.00416318845135591 0.0037628282254461983 3.7825407464827807e-05 0.0008452661235887293 1.854938384617763e-05 5.676168997457995e-05 1.665251100657215e-06 0.0 8.717574082370486e-07 1.337479215240147e-06 0.0003810177220181343 3.930873331017945e-06 2.4509225847807885e-05 6.07372066181627e-05 8.167002804600291e-05 6.474028576868608e-06 0.0004926228880360112 8.269843349072899e-05 2.463462617222596e-07 8.02026909847553e-05 1.705928056316602e-05 4.846367940159703e-05 0.0019606168998619784 0.0017051662192709082 2.8323525178964977e-07 0.00034080115583950504 1.2603457386650735e-05 0.00019398480847510017 1.5275328938377054e-06 9.601296855861833e-05 6.32641998639124e-06 0.00012020020687141512 3.09238212458193e-05 6.101550825509133e-05 2.9987134969870365e-06 7.384209464897975e-07 4.799583010938894e-07 1.3161853885550966e-06 1.813349519662596e-07 1.0984199036018735e-06 1.652202511768279e-06 0.0 5.51117667184051e-07 2.4277439506950465e-05 2.8435994201838826e-06 2.1170607383593628e-05 2.412465825781646e-06 4.0806295100516693e-07 6.300578500973475e-07 6.085541470170351e-08 3.896455531689568e-06 0.0 6.594561796792595e-07 2.1125946922931133e-07 0.0 1.9641491739785378e-07 4.77909048126496e-07 1.1715595985175589e-06 3.2662368738474463e-07 3.1957494828681324e-06 5.8302460353307454e-05 0.0 1.7785398575118068e-06 7.926068821890725e-06 6.067427843048766e-05 9.040913018655708e-06 1.0803522842506303e-05 0.0 6.511830747944161e-07 5.432708319007116e-07 1.971827025950842e-06 0.0 3.004424210860874e-05 0.0 8.95924178478232e-06 1.4930080533150586e-06 8.489952414624053e-06 1.3963867173890813e-07 0.0 0.0
2.095888357346918e-07 2.359061108909443e-06 0.0 2.9394893338789848e-05 0.0011838672546164153 0.0012496714377017997 8.920025255996529e-06 5.2510707330502516e-05 0.0005282746176181448 4.6156344055596143e-05 1.2679249293985256e-07 0.0010596270437142831 3.2292618839918634e-07 8.717574082370486e-07 0.0 0.0 0.0 3.865028311791305e-08 0.0 7.326902772560705e-05 0.0 1.703774304435735e-05 2.861419668406687e-07 0.00015391165138760288 8.324079349819799e-07 1.1640884884650192e-07 4.889937470267326e-06 3.157586286565482e-05 8.312327266938277e-06 0.0 2.0048687943490573e-07 0.00014280009310962995 8.284240280643779e-08 4.995214206505154e-07 0.0 7.402724052828695e-06 0.0 6.628846171184649e-07 1.5596572752344815e-07 0.0005030686823150511 1.0332805730198619e-05 6.829540116663916e-08 0.0 0.0 0.0 0.0 1.2938853647295125e-07 0.0 0.0 2.3678406680074223e-06 1.5723441982735894e-07 2.8653804785869555e-06 3.523283540910137e-07 0.0 2.699764471279342e-07 0.0 0.0 0.0 0.0 0.0 0.0 0.0 0.0 0.0 1.4309020972867778e-07 9.949709135830537e-08 2.63049247508079e-06 0.0 0.0 0.0 2.5626672490520025e-06 1.1523443104103894e-07 2.8928049198897125e-07 0.0 0.0 0.0 0.0 0.0 9.613480584237267e-08 0.0 0.0 0.0 0.0 0.0 0.0 0.0
9.625159594182097e-07 8.06468571029062e-05 1.0915003121395764e-05 2.4485586285668328e-06 0.0 4.751302936524465e-07 2.8058793731290104e-05 2.948111317707712e-06 0.0001465123934545575 1.8604314732305737e-06 5.445096055978668e-07 1.1941791100500545e-07 2.3247218697564906e-06 1.337479215240147e-06 0.0 0.0 1.6861554260535214e-05 3.0766428611243936e-07 2.8602486253102447e-06 4.1368516284893657e-07 0.0013882941275811338 0.0020892960601591004 0.0007739161081209093 0.002452353415029185 1.1797201067125701e-05 8.706907050423677e-06 0.0021547923941158354 0.002317323259332869 5.926842556277711e-07 0.00012237754863184128 9.03782416846155e-07 2.2561048225944592e-07 2.7379656816771683e-07 5.940123808283603e-05 3.48946628001314e-05 0.0008545797073573699 0.0002668956786030472 0.0003900050954268877 0.0003410092162409249 2.7439887037074706e-05 3.414623782808742e-07 5.726257402265534e-07 8.769128169827259e-06 0.0 2.8746234710312056e-06 2.7949437833635978e-05 5.158903113872244e-07 0.0 3.981396439148953e-07 1.239579223038878e-05 9.537951393233486e-07 7.881758995402132e-06 2.87558459960008e-07 0.0 0.0 2.067165808479924e-07 9.6348049701518e-07 0.0 0.0009996763329652226 1.7705630978377741e-06 0.0 3.5638277145438697e-07 1.6175655279489103e-07 0.0003971489884876908 0.0012041758368407597 0.001201627013532781 0.00011699053481484652 7.130506962879728e-08 3.69212030568248e-06 0.0005261727217563279 4.5775165874629436e-05 1.6768267796810874e-06 2.4577238871627148e-05 0.0 0.0 5.96913269377523e-08 2.4628352035237483e-06 1.342207727870543e-07 1.1507369506126372e-05 1.6099053769927366e-06 5.423199429997852e-06 2.4802316416787414e-06 1.3932332062447866e-06 0.0 0.0 0.0
0.00010340925798321191 0.00030724464164816757 0.0021671839207445275 0.0 3.6213536527651397e-07 7.317301717388157e-06 0.0003638094157917605 0.0005062814525566021 1.4376432901905326e-06 3.0634734523139826e-05 8.320210884643328e-05 6.040404832345148e-07 1.9233174217509886e-06 0.0003810177220181343 0.0 1.6861554260535214e-05 0.0 2.8547746497528305e-05 0.0012202810259232045 1.1542749871611534e-06 0.00018343075557074478 7.27964215122011e-05 0.001472889195081213 3.020194639088905e-05 2.4631996873509395e-06 0.001041166226372276 0.005607050553307369 9.080204652448742e-05 0.00032977830975780114 0.0008409561336350067 1.3727552774305615e-06 8.140588328672482e-06 1.2548185883705335e-05 0.001952694554785539 1.4483245927712893e-05 0.0009784878330154887 0.00022165393795923994 0.001893372494777816 0.0003288607285714102 1.9220772813920102e-05 5.853957955044939e-07 8.078847100518142e-07 6.324082247281163e-06 5.808202506168975e-07 6.832412907690829e-05 0.0004708459019724853 0.0 0.0 0.0 1.0284022515268389e-05 1.377177477065536e-06 1.0354593606657883e-06 0.0 6.908965018376314e-07 0.0 1.251236314534613e-06 3.460248098499938e-06 0.0 6.436139105693248e-06 0.00013268883370152345 6.674088969347869e-07 3.869668899333412e-05 0.0 4.386377445720454e-06 2.5066859323091854e-05 3.2952870959020114e-05 1.1404468790019932e-05 1.1695102883517078e-06 0.0002520427079135941 0.001220915675345197 7.520583668110562e-06 1.6587123140301094e-06 4.206530484946013e-06 5.04265639977474e-07 0.0 2.3250726259537655e-07 6.064728598625867e-06 3.0735922766986248e-06 4.2739852388503814e-05 3.6793617358549015e-06 2.836166278086429e-05 2.7079149903356512e-05 2.124334538517859e-06 0.0 0.0 3.8468992224012354e-07
1.4239506466647063e-06 9.274998337134845e-07 1.8429976997354397e-06 8.342450617480972e-07 3.4531977898763193e-06 9.008149482623276e-06 3.0066628662261562e-06 1.4449611861655804e-05 9.533828757175897e-07 1.5361713157406112e-05 0.0018156503375608083 3.6008329967028003e-06 3.643193057408586e-05 3.930873331017945e-06 3.865028311791305e-08 3.0766428611243936e-07 2.8547746497528305e-05 0.0 0.00044530797746921607 3.1449321954412556e-06 3.362606094223556e-06 4.1646026424813625e-07 8.938172477297779e-06 1.384979674672265e-06 1.0842912308923189e-05 0.002394080780460976 0.0003848885369835228 2.012805534168655e-06 3.242488254077318e-05 4.0782035327870764e-06 0.00024863095965361066 2.0041714296053577e-05 1.05789284374677e-06 0.0010308680626593607 3.4979651201377063e-06 0.0003457540425274138 0.0006101719289267505 0.0012646087667209777 0.00018296922912954517 5.5256364534583415e-06 8.236562582256522e-07 2.1737836960282366e-05 1.5024299091506528e-06 0.0 2.731163633427349e-06 7.758649789537643e-07 0.0 0.0 0.0 3.217880382293152e-07 0.0 1.0143910293682604e-06 0.0 3.0648552431288636e-05 0.0 0.00012354814567564173 0.0 0.0 1.93901132873796e-07 9.060098468233968e-07 5.747290718192376e-05 1.6685590842450764e-05 0.0 0.0 5.602454085486956e-07 1.4169323272320228e-07 2.659293065523856e-06 4.264687320252222e-05 0.00020997665466807004 0.000672852037375487 1.2310945258050327e-06 5.0038637191890625e-08 2.2333546697839307e-07 4.239278207511428e-05 0.0 3.8373374705771063e-07 4.376886864030978e-07 1.1662263532835203e-06 3.6488064301839814e-06 6.743352900563845e-06 3.4122364297562107e-06 1.5110661670452314e-06 0.0 0.0 1.6120560390129036e-06 0.0
9.16023732629084e-06 1.4060812184450825e-05 2.023081889970397e-05 2.1900641312562892e-07 1.09821109491116e-06 4.265606043790963e-06 1.8365946656405732e-05 4.535753323265417e-05 9.65035299819153e-07 1.0226461098750245e-05 0.0003313104591735017 1.9036783998406183e-06 5.513115177153554e-06 2.4509225847807885e-05 0.0 2.8602486253102447e-06 0.0012202810259232045 0.00044530797746921607 0.0 1.6980318534255001e-06 1.8106393110579478e-05 3.1999178929450352e-06 9.702107017138338e-05 4.833537800189588e-06 8.536075451296862e-06 0.0022003762421725606 0.0014475240218183325 7.32924258187364e-06 6.369851561063347e-05 4.50881993377503e-05 1.7764015023118598e-05 7.083682722684037e-06 2.178269145718048e-06 0.0024747100073060574 7.74417131927697e-06 0.0010755566206763203 0.0006354059880748253 0.002702253907338825 0.00028487277252114507 7.710948224140487e-06 7.974354097551601e-07 1.4360464808390166e-06 4.563774150391504e-06 3.469480268995938e-07 1.5885883357415293e-05 1.242661909145882e-05 0.0 0.0 1.3161442971828817e-07 8.908306077481269e-07 2.1902625336408802e-07 5.688040252564084e-07 6.145411096141326e-08 3.6584498232738055e-06 0.0 1.559706687075718e-05 8.198873908174532e-07 0.0 6.180854311292122e-07 1.1797190809535572e-05 1.1256955251940041e-05 8.399917698870297e-05 0.0 6.851118501864199e-07 1.745786289263986e-06 1.1257560800575021e-06 1.9881879584754307e-06 9.071084515047101e-06 0.0004522598464484351 0.0006118039957204524 1.2070864378139242e-06 4.867930935542884e-07 1.2262156498682902e-06 7.385566017846576e-06 0.0 0.0 2.466779898991788e-07 2.153059764272686e-06 6.07540794349407e-06 4.522969102217372e-06 3.4980937937887853e-06 1.68113325539587e-06 0.0 0.0 4.806695601056795e-07 0.0
8.585872081813029e-06 0.0 3.3338734402956526e-07 0.0021299063727129894 1.8736118366896574e-05 0.00026476758990475125 1.513494316325935e-05 0.00018887049860988905 0.0003680013009776101 0.0016728794098457595 1.330028982624771e-05 0.002804004120010024 4.102318783995832e-06 6.07372066181627e-05 7.326902772560705e-05 4.1368516284893657e-07 1.1542749871611534e-06 3.1449321954412556e-06 1.6980318534255001e-06 0.0 1.6795877606876262e-07 7.715797429330461e-08 8.160460796556033e-07 0.0007028055441554884 4.7187827913704426e-08 2.9207336685568157e-06 1.5436220917413375e-06 0.0011218199866350528 0.0001282918148830844 7.447709896452499e-07 5.085445994207365e-07 2.8621789161620782e-05 5.876024098189062e-06 7.185688007226468e-05 3.409310274855938e-06 0.0003462014762333136 3.385546481478876e-06 0.0001613324857534745 3.54321932672403e-05 0.0002174929866222695 7.462763016741146e-06 6.926716521679083e-07 5.459844178836425e-06 0.0 1.2010506277337087e-07 1.483981389252131e-07 7.573728842785113e-05 8.054085125411127e-08 1.4273246452808653e-05 0.00012342305593122406 1.1126495312084455e-05 3.504661397761669e-05 9.742728913180746e-05 1.589838994896931e-07 0.00012327419212058627 7.530190721113415e-08 3.728360447882201e-06 1.322567844170073e-06 2.62815657776106e-07 0.0 0.0 0.0 4.2480190985451954e-05 3.6833043111667656e-07 5.551377425932509e-07 7.627332387598431e-07 7.980968883007182e-05 0.0 4.8971066105940194e-08 1.016057971655725e-06 0.00014264210883327142 7.3198863250428915e-06 2.7032402385359134e-06 5.321469978155231e-08 2.0799702018988076e-06 4.826831174220608e-07 3.1319458422878363e-06 1.8720899718083755e-07 1.4851027032465564e-05 3.3328895886860367e-07 1.2294547291430809e-05 1.2132947126846506e-06 3.272440455775356e-05 0.0 1.352480753959385e-06 5.563215714516675e-07
4.6293550279018247e-05 2.2712477864076764e-06 0.00023415402172437334 2.256503572111213e-07 5.208876758362941e-07 4.678607742265458e-06 0.0005184003667357903 0.00010688523291594444 3.4630513564120645e-05 3.045381028660773e-05 9.235718485842836e-06 1.0193549212797189e-07 1.0090635192329424e-06 8.167002804600291e-05 0.0 0.0013882941275811338 0.00018343075557074478 3.362606094223556e-06 1.8106393110579478e-05 1.6795877606876262e-07 0.0 2.7902716680314498e-05 0.006055223751736298 0.00010485039955015883 4.444895632284972e-06 4.968726599298227e-05 0.0013088233885688654 0.001614199178249931 0.00028303113983973 0.005534641750793243 1.5096223902614343e-07 3.507700309126132e-06 1.6473233612789384e-05 0.0016922619967198046 0.0001322339694621571 0.003654954670155699 0.0007027990032639583 0.0037508639676112464 0.0017478645430393047 0.000109101396249804 1.661320502702453e-06 2.317867381960393e-06 3.2990025132578406e-05 0.0 5.399067541664286e-07 3.282331635254425e-06 3.0716267470207963e-07 0.0 0.0 9.511453406794373e-07 1.246910673523175e-07 7.609110529935976e-06 0.0 6.362228333618418e-08 0.0 0.0 7.57887755282871e-07 0.0 0.0001343269556155048 8.89230431314051e-07 0.0 1.917232253214764e-07 0.0 0.00023326922227075094 0.00012274078589109177 6.279181763204146e-05 8.399769572786306e-05 2.0041550338580382e-07 1.105986306285413e-06 2.9857945865354247e-05 4.644448207702505e-05 5.5869778300723056e-06 4.5459736836834094e-05 0.0 4.4136221542153066e-08 4.135989533330643e-07 1.7228364451969466e-06 2.5834458968524596e-06 1.3449956581212224e-05 0.0 1.7371158152518417e-06 2.0850844456769207e-06 1.4067314322119282e-06 1.3414157961536136e-06 0.0 0.0
1.9694361952320653e-06 0.001766073556002496 0.00015409681441882103 1.1896775227686293e-06 1.7157883863793415e-06 8.230223124629027e-07 3.232845100077048e-05 1.1859296307976191e-05 0.0016482938042963837 4.354435035497906e-06 8.718221378253329e-07 2.4680134714424965e-06 0.00011431425049360435 6.474028576868608e-06 1.703774304435735e-05 0.0020892960601591004 7.27964215122011e-05 4.1646026424813625e-07 3.1999178929450352e-06 7.715797429330461e-08 2.7902716680314498e-05 0.0 0.00037475225103837494 0.003254047251662827 0.00023002853907874685 1.8698269274019328e-05 0.0024910470192677347 0.0001276544387267084 2.887750639161719e-06 3.2374931424848466e-06 5.993708270547374e-06 4.2991553417333235e-07 2.660118771023609e-07 6.872815794269528e-05 5.370330044933607e-07 7.367104349929181e-05 2.296689464137215e-05 6.146732696256228e-05 1.773279297790235e-05 3.919741721374378e-05 0.0 1.5849121885590136e-05 9.453835035865004e-07 2.3843807918611805e-07 7.626132466907171e-06 8.846359427928901e-05 6.56352442633102e-07 0.0 8.102800975810777e-07 6.322048697197102e-06 5.510747035156444e-07 1.0026830056962756e-05 2.3041882487103422e-07 8.732556226999238e-07 2.0435526453353452e-07 2.2434374194824457e-06 7.691955396089337e-07 0.0 0.0004950709559818864 8.724060009995953e-06 2.4593596955668533e-07 1.4065418765221722e-06 1.0356524397805565e-07 6.608959541344223e-05 0.00015507789906065827 0.0004919400420989246 5.635154453830331e-05 8.206692289131639e-07 8.607636438266367e-06 0.0010152651511891554 1.624894278284668e-05 1.6774857593022812e-06 3.247703029102536e-06 5.707748743908288e-07 1.6517743241118172e-07 1.350954363536107e-07 2.5827279685004687e-06 2.653105324899545e-07 1.9486399722520857e-05 1.0130709690358504e-06 7.666286810170366e-06 7.855513803267926e-06 4.0716982530166576e-06 2.8621388436850616e-07 6.167823358594396e-08 0.0
0.0001420854032542522 3.44209566069932e-06 0.004503384387855775 4.4796444276500063e-07 5.960627740660795e-07 8.19947568933774e-06 0.0007608775260221199 0.0005343330281361138 2.1180002520122884e-05 3.123005238643467e-05 2.5661156620993512e-05 4.889557901300149e-07 1.4736805151407122e-06 0.0004926228880360112 2.861419668406687e-07 0.0007739161081209093 0.001472889195081213 8.938172477297779e-06 9.702107017138338e-05 8.160460796556033e-07 0.006055223751736298 0.00037475225103837494 0.0 0.00017873152309410276 2.2367027563546536e-05 0.0009938234271872515 0.005794573490947574 0.0019331394175177716 0.0004142907370211176 0.00408741565039219 1.6961108660935192e-06 1.1308805322350722e-05 1.4952230845732243e-05 0.0018636722727566148 0.00024265769980891288 0.004484808091898696 0.001985376026531548 0.0052246892913025075 0.0034421870259087866 0.00019720021538634246 1.6175270333866876e-06 8.915591834024099e-06 6.295896353413117e-05 4.0218874944813717e-07 2.378424541022789e-06 0.0003304252491112156 3.4007958649297857e-07 0.0 0.0 2.1038530878039138e-05 5.470149476295259e-07 4.014505061104859e-06 2.938353501009308e-07 7.639716616397892e-08 0.0 1.9136813348108637e-07 1.1208703250528794e-06 0.0 0.0007608390875487051 6.217908955720291e-06 0.0 2.2863618192408453e-06 0.0 0.00014264837176698855 0.0006389681872348731 0.0015889924315256989 5.961884997467663e-05 0.0 7.517260513966349e-06 0.0011248571419305914 3.223630952815159e-05 2.248232896254218e-06 9.161950961586172e-06 0.0 7.575269207172996e-08 1.5199912123277064e-07 2.936044639494051e-06 9.31389524475066e-06 3.335230433291059e-05 3.851022777447388e-06 2.2477049605882026e-05 1.7345470870330144e-05 4.0032235461239325e-06 8.307148186801427e-07 7.011352660501413e-08 0.0
