0.0 0.0 3.585726387578907e-05 1.152930099759089e-06 0.0 1.7155391507140141e-06 0.0013181226701590252 5.4823230377574066e-05 4.312508574464323e-07 1.7876727756400793e-05 1.2914488053452112e-07 3.5127238184369945e-07 5.103528235594914e-08 0.0018551391064613046 0.0 2.2714489674635144e-07 5.5398269894674833e-05 1.5127955468765085e-07 2.232284705133689e-06 1.693260434531194e-06 7.430575506977683e-05 0.0 0.0002783397709173288 6.53017022462468e-06 0.0 7.586303351343256e-06 8.5477926407498e-06 2.4529177453959067e-05 0.0011456177292696495 0.0014135981543891166 0.0 6.943602192804788e-07 1.5488381969132935e-06 1.2822845505300805e-05 0.0 1.8374812241944356e-06 3.212089534233691e-06 6.100624693573842e-06 1.6872662172092723e-06 6.153869686579076e-08 0.0 8.782318634143377e-08 7.046264683356062e-08 0.0 0.0 6.083652185976139e-08 0.0 0.0 0.0 0.0 0.0 1.5127120936745573e-07 0.0 0.0 0.0 0.0 0.0 0.0 4.006528644256227e-08 1.1168960263125281e-07 0.0 0.0 0.0 9.929459919644678e-08 6.480732242041847e-08 5.998959141480001e-08 4.6689295955266767e-07 0.0 1.249259311526928e-07 6.254172517266058e-07 7.960988605431127e-08 0.0 6.153639200516383e-08 0.0 0.0 0.0 0.0 0.0 5.203207969946426e-08 1.1696172044618117e-07 6.87697110237534e-08 0.0 0.0 0.0 0.0 0.0
0.0 0.0 5.90882681013635e-06 0.0 6.671494345416544e-08 6.224574422175083e-08 0.0 2.326651124246481e-07 0.00020989109047352128 5.818775094037009e-08 5.543632627165067e-05 7.542908995552072e-07 0.0005025230956966503 2.0224836846936368e-07 1.5943758457373266e-06 1.9033890956131614e-05 2.3433955878362e-05 4.687853873214657e-07 5.343084885213926e-06 8.416782634069388e-08 2.2779117065053256e-06 0.0009025811127662184 7.013417185561673e-06 0.0003829656709756925 0.0006283907593987129 0.00021754152826125608 0.004809619883240618 4.420481828444335e-06 4.950093546064967e-07 6.437712018440114e-07 6.845759448052268e-06 0.0 7.667379936241484e-08 6.80981042317888e-06 2.785760232356526e-07 1.557946275062457e-05 8.631192699984445e-05 2.858158666169471e-05 3.890192211331046e-06 2.2765062354216013e-06 0.0 6.67073127505199e-05 0.0 1.7984811792644479e-07 0.0003045221576699664 2.3842085679302757e-05 0.0 0.0 0.0 4.012263788187985e-07 2.3739414549443959e-07 1.0809382641358395e-06 0.0 2.028859795470388e-06 1.2061383482685456e-07 1.3989000319122083e-05 4.312625542221309e-07 0.0 6.530695466299115e-07 4.0950205502381035e-05 8.123385439762094e-07 1.2548822455925658e-05 0.0 5.656915472544346e-07 8.082738211289706e-06 9.116990355317357e-06 2.5964644554417984e-06 5.565768875914308e-05 0.00019953138198153708 0.001100232464945785 2.375853666100242e-07 4.030367880437905e-07 3.996682891151599e-07 3.7671643093856475e-06 0.0 0.0 6.513314022332528e-06 0.0 2.47684146334319e-05 4.022136042094043e-05 2.320793132419257e-05 3.606324984623335e-06 1.1434457472328322e-07 0.0 7.654478988460247e-07 2.510921517108461e-07
3.585726387578907e-05 5.90882681013635e-06 0.0 2.4604885011060596e-06 2.1950340180608963e-07 0.00011463641282441013 0.0005894929061954134 0.0005474254217305895 1.8334919965082558e-06 5.588212810229818e-06 8.064841552576383e-06 4.635460510531752e-07 3.3386881983872263e-06 0.00032192706272663813 3.0932165669100894e-07 2.1935953264094623e-06 0.0027238528164977346 6.676821399662911e-06 5.564019603509429e-05 2.303621411562549e-07 0.00024227791486108278 1.3538256091163866e-05 0.00717919623687742 2.6043967089421312e-05 2.695867924024389e-07 0.0032559251152529185 0.005186909915957151 0.0003788020374845436 9.252271309113743e-05 7.226943951663822e-05 0.0 3.4066204923958506e-06 8.763089166253537e-06 0.0002614911419856133 8.368192722602334e-06 0.000609033406262113 0.0014905405999726465 0.000904550110999794 0.0002950844973434757 1.2708996840156597e-05 7.482547086829574e-07 4.536581338944324e-06 1.1802673343260844e-06 2.564314711084074e-07 0.00022241211199847198 0.00027517438139508434 0.0 0.0 1.855868602630594e-07 2.360086533973301e-06 7.540919014949223e-07 3.92057286540233e-07 1.1951395376774906e-07 7.396423421614022e-07 0.0 3.8254446820126735e-07 7.520456164396146e-07 0.0 5.355341103112412e-06 0.0001855909789470841 2.0977397752599513e-07 4.058270814039031e-05 0.0 3.404497637361824e-06 2.1308051168780974e-05 7.882305869163159e-05 4.314588001690721e-06 3.504095764751785e-06 0.0002099272360504804 0.0009983680611816666 6.090535585601354e-06 4.2272478992413346e-07 3.53183138742245e-06 6.529992366212971e-08 0.0 6.221210815195538e-08 1.5083888321021035e-05 2.5286080219224816e-06 8.562773018893298e-05 0.00015792508170495747 7.596583396243583e-05 1.2004068803542976e-05 1.3456090318505491e-06 0.0 0.0 4.6836047372143116e-07
1.152930099759089e-06 0.0 2.4604885011060596e-06 0.0 1.5764931298628608e-06 9.490385957959993e-05 5.764889615150047e-05 4.164939851265783e-05 0.0004854152190598872 0.0026004443189104323 1.6678762518392147e-06 0.003352472949805091 5.857750365635087e-07 6.09694034759882e-05 1.843487421695837e-05 0.0 3.2013968075659604e-07 2.721316956400402e-07 6.564275443312978e-07 0.002175126391612851 2.0779300861461011e-07 8.420566054948837e-08 1.3966265260134288e-06 0.0007251314800617247 0.0 1.0281444123198495e-06 1.5965479142495353e-06 0.0019065172834775795 0.0001660065119352802 1.886876856923167e-06 0.0 4.769854997291779e-06 1.9547153556477342e-05 2.9980291505622362e-05 3.3815987098391473e-06 0.00029198041582036345 4.394906777421561e-06 8.234882178084608e-05 2.797400959567624e-05 4.385709087231982e-05 4.4017576110908405e-06 1.3980850951278542e-06 1.2790196366634248e-06 0.0 0.0 1.9923657416156827e-07 9.860597586150304e-05 3.9711565205099917e-07 5.7042308744813285e-06 5.9576168799336644e-05 1.892415778034987e-06 0.00017376994403355445 4.3728206997652145e-05 1.8348567405479092e-07 3.9350167170699336e-05 0.0 2.5635977661548436e-06 6.923669824740189e-06 8.632026825909465e-08 0.0 9.418397449881276e-08 0.0 8.80341238580743e-05 6.705239386513741e-08 0.0 2.1714240919926125e-07 0.00022756075806899104 8.534017723529384e-08 4.822607275380202e-08 1.7871955938375658e-07 0.00018104567685045149 3.738451135741668e-06 1.4768402777123349e-06 0.0 0.0 0.0 6.208496059386719e-07 7.632608369802481e-07 2.0538242250198416e-05 4.190416148026304e-07 4.934917426456778e-06 8.3098656373493e-07 5.172164207472773e-05 9.880532667521921e-07 0.0 1.0080836109925928e-06
0.0 6.671494345416544e-08 2.1950340180608963e-07 1.5764931298628608e-06 0.0 0.00019406078216383413 2.7573950965870447e-06 9.461475332629056e-05 0.00010744079299603636 5.795888016163442e-06 4.235747689000588e-05 4.060778401661479e-05 4.243739208385698e-06 1.3547641315084008e-05 0.001045817692486445 0.0 3.085747681727833e-07 1.6278760777093637e-06 2.4829258567692073e-06 3.2038390621892125e-06 4.569048695448338e-08 4.4086344724379477e-07 7.662239273878908e-07 1.9927925579016836e-05 0.0 3.512512637541967e-06 8.354693608610773e-07 6.509829159300883e-06 0.00017948278818003826 1.6879822409782187e-07 0.0 0.0001621610134096403 0.0 0.00015502981260522825 1.9896559938052832e-06 3.77404818958214e-05 1.383554015069065e-06 0.00016286795009701178 2.7308115036231185e-05 0.0013195248050471484 2.7308877129773856e-05 3.5954744690786036e-06 1.8399851730377678e-06 0.0 0.0 0.0 9.488477129226315e-07 0.0 0.0 2.8711767992583125e-07 0.0 1.020041486633974e-06 6.203594781103205e-07 0.0 2.8398344577697637e-07 0.0 0.0 1.0872668861600474e-07 0.0 0.0 0.0 0.0 8.662155744514213e-07 0.0 0.0 3.5476314422099445e-07 7.79704708329871e-07 0.0 0.0 0.0 1.620106024071854e-06 0.0 0.0 5.6039589477419317e-08 0.0 0.0 0.0 0.0 4.3866007888106557e-07 0.0 0.0 0.0 1.1467591019789803e-06 0.0 0.0 0.0
1.7155391507140141e-06 6.224574422175083e-08 0.00011463641282441013 9.490385957959993e-05 0.00019406078216383413 0.0 0.001248451171282664 0.00452513714984869 0.0002042366159228576 0.0045680891248652475 4.842414146135565e-05 0.0022652711833583954 1.0190046094104855e-05 0.00043970251915614547 0.0011561242248646515 0.0 2.8978556688104295e-05 4.711334887800904e-06 7.984917068725818e-06 0.0001760144786495785 1.4134602316115173e-05 4.4597141037618104e-07 9.134785840448735e-05 0.0002496996426811486 6.091129106811942e-07 1.827648680528289e-05 1.4733038289207899e-05 0.0005341141054114162 0.00029873049133922677 1.6800285777529565e-05 1.9817138360679674e-07 0.0002868150610194341 4.701556391156543e-06 0.00012330581918223733 1.6828225086378394e-06 0.00027674151011532964 1.600295748159303e-05 0.00026348785730889864 7.800786951327921e-05 0.0013813715984225317 5.665075833161942e-05 1.2805501950420646e-05 9.346385697596725e-06 0.0 1.9861632362340107e-07 7.21195805635819e-07 4.753439932780161e-06 0.0 1.191549521259491e-06 3.058980508182904e-06 0.0 8.63439415688302e-06 3.0790614221630122e-06 0.0 3.5035529269560007e-06 5.699383313561815e-08 0.0 7.823610445230889e-07 2.3218038612341223e-07 6.387787561311422e-08 0.0 0.0 5.465821610353289e-06 0.0 6.041125547493706e-08 7.183750403718897e-07 1.4553274604441152e-05 0.0 1.48249160781769e-07 1.838872948430849e-06 1.409745706073674e-05 0.0 2.698241616883651e-07 0.0 0.0 0.0 0.0 8.65273686100529e-08 4.543481789834379e-06 9.044332289538332e-08 8.742570411070766e-07 2.016299484922727e-07 1.0900104746554201e-05 0.0 0.0 0.0
0.0013181226701590252 0.0 0.0005894929061954134 5.764889615150047e-05 2.7573950965870447e-06 0.001248451171282664 0.0 0.003427002240710697 9.800442082792724e-05 0.0017065618352537146 4.309396189453452e-06 4.05016948098049e-05 7.76142291441929e-07 0.0036315448356328034 1.1613937133980599e-05 6.397628414627299e-07 2.3378047183801105e-05 9.257014401441376e-07 2.328207156038846e-06 1.3306359540003028e-05 0.0002831942830456251 3.3043601569058373e-06 0.0006537009797050685 0.00111303183034198 1.0121964779881172e-07 2.0418011837560483e-05 0.00011275128540766065 0.01103013181903196 0.0012572052429757018 0.002781235724375364 0.0 1.3289389607734295e-05 0.0002195527114573254 0.0002269511609219875 2.7890213192921777e-05 0.00107114058601016 3.478318857719945e-05 0.0005636514263685613 0.00015481690045412324 7.979529228876195e-05 2.1195287403101795e-05 1.6340606381047256e-06 8.384034813657451e-06 2.118263967248321e-06 3.5369218367499364e-07 2.854721595677273e-06 1.7545572982075173e-05 0.0 1.5311758735367007e-06 7.219166432708174e-05 3.4963907763890144e-06 8.494348672811285e-05 1.0076444170562485e-05 5.73906054849505e-07 6.601046946725568e-06 0.0 5.687007556497209e-06 1.5509077657647307e-06 3.12362877954074e-06 2.1776770455992314e-07 1.7269188238443455e-07 7.201007067705314e-08 1.2686454875963599e-05 8.223127460228167e-07 1.3624239622421224e-06 5.512221829747962e-06 0.00022381900242948163 1.2782184741651981e-07 4.069470742534975e-07 1.053752819928469e-05 0.0002747306017699703 9.886933187086299e-06 2.7710376089720443e-05 4.6867718038676076e-08 7.035878934333127e-07 7.081624969212682e-07 3.229172498749089e-06 4.379824216339637e-06 5.5218371520595144e-05 1.1835680436974323e-06 1.3098699699806921e-05 4.75817602154575e-06 2.3126738806372737e-05 2.0871823219599685e-06 2.9228675322347927e-07 4.513215328279734e-07
5.4823230377574066e-05 2.326651124246481e-07 0.0005474254217305895 4.164939851265783e-05 9.461475332629056e-05 0.00452513714984869 0.003427002240710697 0.0 1.150346933483182e-05 0.002531602454632415 6.471286902417566e-05 0.00025601120180253616 9.129663317888072e-06 0.004066730157602265 0.000171152915219616 2.1237180632173398e-07 0.00022034112316081695 7.171548451960752e-06 1.742898491167924e-05 0.0001090416614107294 0.00015126255863362833 2.2288953997421195e-07 0.0006884600152557753 0.00012535894632999134 7.268825710133977e-07 7.63560980164505e-05 5.475717831282014e-05 0.000525332863229502 0.00015973410741383908 0.0002428412658262904 1.031571497042579e-07 0.0001556473214999202 4.515851387187198e-06 0.00011923486336077085 2.7248758493602765e-06 0.00013031218768849972 3.087043796974386e-05 0.00025074082440825027 6.994149188477008e-05 0.00027147244776554624 9.280511090255833e-05 1.069141274429931e-05 5.051128009287931e-06 6.085515281649579e-08 7.560966402614805e-07 2.3566871702953905e-06 1.0554732623683396e-06 0.0 3.6179586196842075e-07 2.9133707381649473e-06 2.4400507374713695e-07 5.199083084749062e-06 6.328454647424253e-08 1.7920692765108524e-07 6.469730805164021e-07 0.0 3.6350498668025055e-07 0.0 5.53920800425076e-07 1.0690689923543414e-06 0.0 2.7149372354593016e-07 1.798138535077403e-06 9.559443944722861e-08 1.3221705866289432e-06 1.8982157481317933e-06 1.1884991177923126e-05 9.771135201746182e-08 1.0500054077925166e-06 8.11153177674763e-06 1.4280075997440536e-05 3.9945593227083314e-07 1.0688821104916719e-06 0.0 0.0 1.7035047717310415e-07 0.0 2.833826454402222e-07 1.3768815415498654e-06 1.0832477070452106e-06 1.3008235593967586e-06 3.464916305237179e-07 1.8017805872519043e-06 0.0 0.0 1.8024240588689047e-07
4.312508574464323e-07 0.00020989109047352128 1.8334919965082558e-06 0.0004854152190598872 0.00010744079299603636 0.0002042366159228576 9.800442082792724e-05 1.150346933483182e-05 0.0 0.00010497937607903853 1.2067804557843586e-06 0.00039180611082948477 2.9651788152021892e-06 1.1758145533058057e-05 0.00044163338348240797 0.00010531821532533148 2.8014265542698553e-06 2.676554054333499e-07 2.2396935149860673e-07 0.00034970305815920904 6.446998468106871e-05 0.0006770987009753499 2.360240453977107e-05 0.006196214794211097 5.7225540500055684e-06 6.602223205691671e-06 0.0005591512985289001 0.0010070254191235962 2.570191572585741e-05 8.244622241178013e-05 5.984652150319717e-08 3.2930216811992965e-06 3.517335672078926e-06 1.2166052354412472e-05 9.405031610143657e-07 0.00014418927606825652 1.1481705174864134e-05 2.6502980255747845e-05 6.48305376195052e-06 0.0002942549074116056 1.5972124823969682e-06 8.853627219704658e-07 3.354148113759684e-07 5.563393796610822e-06 2.33328298831654e-06 7.734862374765431e-07 5.030417336435603e-05 9.064099605279089e-07 2.3680936354705943e-06 3.3136821363127404e-05 1.9482672469831414e-06 5.032387506604572e-05 2.279026387670331e-05 4.419352936716012e-07 3.153158791087107e-05 1.991597964318068e-07 3.790341693862774e-06 9.379931074262365e-06 0.00015734866007504592 6.161910475103965e-07 6.572274799224222e-08 5.089041245795192e-07 4.389912935856873e-05 9.055507231855542e-05 1.1840674450619589e-05 4.605890112574627e-05 0.0005954068955758478 2.0829763197799273e-07 2.111993656630042e-06 4.787178039696323e-06 0.0002911022091418633 1.5362139962562264e-05 7.003288062778411e-05 1.660834079459421e-07 3.608364049349944e-07 1.5672999110245015e-06 3.7724215122436276e-06 1.2571041790588688e-06 4.115195942728812e-05 3.101093804406413e-06 1.0806699905103402e-05 5.19420494522793e-06 3.964678638377069e-05 1.985600411219967e-06 4.653206291030127e-07 2.755331054697315e-07
1.7876727756400793e-05 5.818775094037009e-08 5.588212810229818e-06 0.0026004443189104323 5.795888016163442e-06 0.0045680891248652475 0.0017065618352537146 0.002531602454632415 0.00010497937607903853 0.0 1.5892439293016768e-05 0.00519825528473746 3.8484773737681645e-06 0.0008490360805326063 3.263587049724659e-05 5.528267403150029e-08 2.6447009314270697e-06 2.796268601532749e-06 5.872867609381684e-06 0.0021374374199182697 1.2061969340626447e-06 2.638798006969096e-07 4.146170377503499e-06 0.0005181593890155297 8.024912425383374e-08 7.635390646245838e-06 3.867336562662419e-06 0.003307760024721052 0.0008563200328254845 6.4678670862374544e-06 4.650334622840854e-08 3.5714762100571266e-05 5.917229395142543e-05 0.0001806428175523553 6.264769972441377e-06 0.0005890026361085555 1.223272197678064e-05 0.0003630408728887152 7.786065614431972e-05 0.00011523234291618285 2.366096636410342e-05 2.2097445166241344e-06 5.8266603358282325e-06 1.0279443206267163e-07 0.0 6.752011593950314e-08 3.556436820425884e-05 0.0 1.5432818403931936e-06 2.820872902880974e-05 1.245436147480987e-06 4.567408993295385e-05 1.5142013444821545e-05 8.052100373186801e-08 8.550798939454539e-06 0.0 1.1068853737574685e-06 2.520870306890707e-06 6.953036206861366e-08 5.6954054690648535e-08 0.0 0.0 2.443692913120547e-05 5.708799923568761e-08 2.0067292567389614e-07 6.950857799982437e-07 0.00010031784490189227 0.0 4.5810888483423716e-08 3.4457067814474606e-07 9.13794366061269e-05 1.5461316672841439e-06 1.2511399053259423e-06 0.0 2.6995295949530357e-07 0.0 1.0870757552005757e-07 6.583751829197052e-07 1.1503293412816623e-05 1.0632420067822956e-07 9.813613743902271e-07 5.237158880567649e-07 1.77341624015242e-05 3.6568888132258075e-07 0.0 9.530786060295112e-08
1.2914488053452112e-07 5.543632627165067e-05 8.064841552576383e-06 1.6678762518392147e-06 4.235747689000588e-05 4.842414146135565e-05 4.309396189453452e-06 6.471286902417566e-05 1.2067804557843586e-06 1.5892439293016768e-05 0.0 2.1768045347291584e-05 0.0010381256435171582 0.00012063355969866524 4.643471982640608e-06 9.47503610713015e-07 0.0007112877148630132 0.002370713525843478 0.00147911110550418 5.381087227319441e-06 1.0530954317354752e-05 2.0329970006965804e-06 3.697111814068582e-05 6.194240817835273e-06 0.00028311993441945384 0.0013153410218999428 0.0002046474626840978 7.316313643432343e-06 0.0002485033021346921 4.590232077576011e-06 0.0001366873860069909 0.00023909883985648197 1.9507343141366116e-07 0.003380132658696346 3.918883441761097e-06 0.0001187481230111698 0.0019949649456527684 0.0026357681539606933 0.00015647055308568765 1.6646349016446216e-05 8.52983614699224e-05 0.0007304614930631669 9.422085383677611e-07 0.0 6.388765668900738e-06 3.7793378658880417e-07 6.349951000618314e-08 0.0 0.0 5.173432620097713e-07 0.0 1.0238394265674421e-06 0.0 4.180639216962444e-05 1.2887028461360508e-07 0.0002561719086409306 0.0 0.0 0.0 3.6847649265592787e-07 1.7458149493060967e-06 2.408691227123049e-07 0.0 0.0 5.274375167203602e-07 1.344718250256211e-07 2.226901754097287e-06 3.938415807535623e-05 2.845146959643551e-05 5.913598222066997e-05 2.0114311528187525e-06 9.586737727963241e-08 1.3628456655005694e-07 2.936462536268093e-05 6.064728809849288e-08 0.0 7.259875795205676e-07 1.5446072097304698e-07 1.1977079724445408e-05 0.00017893495086324638 1.2585910477851689e-05 2.4845354883306414e-07 7.913393233484933e-08 0.0 0.00012465752622069494 0.0
3.5127238184369945e-07 7.542908995552072e-07 4.635460510531752e-07 0.003352472949805091 4.060778401661479e-05 0.0022652711833583954 4.05016948098049e-05 0.00025601120180253616 0.00039180611082948477 0.00519825528473746 2.1768045347291584e-05 0.0 4.684992812088066e-06 0.0002275326053057452 0.00037683802537791326 1.0167902847281332e-07 9.626851279284881e-07 2.394307901173905e-06 5.563367980603868e-06 0.0019324284899912352 1.7719264801587754e-07 4.647221571458714e-07 5.600250983609197e-07 0.00044550308273496404 5.971393321968346e-08 6.189920019484614e-06 2.570460535709513e-06 0.0007146109342499715 0.0001826326156361144 2.786480324910048e-07 5.40342901750285e-08 5.134854285089885e-05 1.2361758838532345e-06 7.543550334781011e-05 6.159350472677361e-07 0.0003429331393230017 5.768115574520207e-06 0.000174006875756586 3.612881375875371e-05 0.00041784032463069483 5.971571129422255e-06 1.6024839926380916e-06 1.2294122781831574e-06 0.0 0.0 0.0 1.515098079907796e-05 0.0 3.83630369967084e-06 3.7548316704620225e-06 9.858333253440028e-07 6.085966967695329e-05 1.2167741311593817e-05 0.0 1.7695724962097724e-05 0.0 0.0 5.474271174533993e-06 0.0 0.0 4.31158596384228e-08 4.834250741377218e-08 2.598947317946259e-05 0.0 7.36811573488765e-08 0.0 3.6120989913275415e-05 0.0 0.0 0.0 2.1623866962360086e-05 1.666432734875822e-07 0.0 0.0 0.0 0.0 5.641854305900011e-08 5.934408148568048e-08 6.392033114586232e-06 0.0 6.494042420179292e-07 0.0 3.101441373469124e-05 0.0 1.1821993131896542e-07 0.0
5.103528235594914e-08 0.0005025230956966503 3.3386881983872263e-06 5.857750365635087e-07 4.243739208385698e-06 1.0190046094104855e-05 7.76142291441929e-07 9.129663317888072e-06 2.9651788152021892e-06 3.8484773737681645e-06 0.0010381256435171582 4.684992812088066e-06 0.0 1.3516210730360025e-05 1.6313729471833538e-06 1.621836288432257e-06 3.382270788382772e-06 6.932561736753264e-05 6.351726346955025e-06 9.73405120940642e-07 6.487895874304952e-06 2.2791140119644473e-05 2.6529809668369364e-06 5.329701833498393e-06 0.002776317807146191 0.0005210626718804689 0.002402665948640876 6.19836202623116e-06 1.3856246493305677e-05 2.0340597335173157e-06 0.000989950458899176 2.56299382093768e-05 0.0 0.00023945271664067798 1.0192068080127803e-05 0.00039436399419153363 0.0015127428961063632 0.0026980261667595698 0.00014030261806278972 5.204727711551426e-05 0.00010679613981261861 0.00038909780766496033 7.97663849149308e-06 0.0 2.368447396690333e-05 5.435239347614274e-07 0.0 0.0 5.588544212341561e-08 2.103834838073963e-06 1.8674440595597918e-07 1.490651363213377e-07 0.0 7.279702945990676e-05 1.8312609619783413e-07 0.0004046956199362933 2.655812856581239e-07 0.0 2.8133287957498794e-07 5.8084071410468055e-08 3.691329663523493e-06 1.277797817501628e-06 0.0 4.3434850781258105e-07 7.522503766514667e-07 1.681290995388368e-06 1.001640490704928e-06 8.06167213324052e-05 6.647965218432645e-05 0.00013547098074329596 8.664044946262103e-07 8.185048497186133e-08 0.0 5.549137335207965e-05 0.0 0.0 3.0628465747791207e-06 4.517382281103371e-06 0.0001086511976609245 0.000295327891597798 6.223271182243708e-05 2.24982286864738e-05 1.3676117241180207e-05 6.791652296058647e-06 0.00017028904545626596 0.0
0.0018551391064613046 2.0224836846936368e-07 0.00032192706272663813 6.09694034759882e-05 1.3547641315084008e-05 0.00043970251915614547 0.0036315448356328034 0.004066730157602265 1.1758145533058057e-05 0.0008490360805326063 0.00012063355969866524 0.0002275326053057452 1.3516210730360025e-05 0.0 5.2110301538083634e-05 4.1095655570644466e-07 0.0003695823861321306 1.8479297304956204e-05 4.775989557890861e-05 0.00016040282884564473 0.00022332901839229068 2.845198354507684e-07 0.0009479213648279672 0.0001857033819432777 1.7486955625497066e-07 8.979771704799922e-05 6.439652500201086e-05 0.0004258967762985175 0.0015323602897926282 0.0010964112388368503 4.811319259658101e-07 0.00016487914794932918 4.603381879747997e-06 0.0003288680801809228 2.5941803150415206e-06 0.00019314227809785826 3.7222371773754465e-05 0.0005345004348017922 9.45192793314904e-05 0.00011760802372165588 3.159734308370533e-05 8.266143379855457e-06 5.4707399124628255e-06 2.158905014147221e-07 5.51094233811269e-07 2.0363606978322376e-06 2.181259394827799e-06 0.0 2.3789655023347734e-07 9.694650279440413e-06 2.72216559981151e-07 1.0300068239827788e-05 2.1565393883001527e-06 4.889753980379156e-08 6.667000886350079e-07 0.0 6.658708366278485e-07 1.7335197016503635e-07 4.999410311794015e-07 4.6816388243737905e-07 0.0 4.1188553213402916e-08 9.274011298227547e-07 2.0659053773862005e-07 6.743052036237756e-07 5.712162041012525e-07 2.821467431096148e-05 0.0 9.240506895555325e-07 5.066914889523441e-06 3.131571540148063e-05 8.220881397066204e-07 3.780938379922574e-06 0.0 0.0 0.0 1.899621873827294e-07 0.0 7.849133186108991e-06 7.195837320196736e-07 1.4027290365063372e-06 2.275257592856284e-07 2.5463808570944063e-06 1.780579938268685e-07 0.0 1.0411679488957218e-07
0.0 1.5943758457373266e-06 3.0932165669100894e-07 1.843487421695837e-05 0.001045817692486445 0.0011561242248646515 1.1613937133980599e-05 0.000171152915219616 0.00044163338348240797 3.263587049724659e-05 4.643471982640608e-06 0.00037683802537791326 1.6313729471833538e-06 5.2110301538083634e-05 0.0 0.0 3.618239357980298e-07 6.127177362207056e-07 1.1290062461856536e-06 3.499526126905737e-05 0.0 6.425911547532297e-06 4.0629504564542794e-07 0.0005056882514832922 5.975478177851555e-08 1.3135036874185416e-06 3.908054238337503e-06 5.634586593108295e-05 2.5112941099802813e-05 1.0506880424410201e-07 0.0 0.00020388643676619994 1.1761881739573134e-07 1.9941638523709178e-05 7.466955135869773e-07 0.00029138153809407674 2.1856832376957336e-06 3.469011372280141e-05 7.693225949501838e-06 0.0009198208172353622 7.525373486547933e-06 2.753135847422724e-06 6.756949444257041e-07 0.0 0.0 0.0 5.437201560134333e-06 0.0 0.0 2.1293100549210445e-06 0.0 1.1780878204868777e-05 1.939073232419089e-06 0.0 5.108454295049999e-06 0.0 0.0 6.8499767158266e-07 0.0 0.0 0.0 0.0 6.722605758730138e-06 0.0 0.0 0.0 1.1378721207213205e-05 0.0 0.0 0.0 9.647490839739192e-06 0.0 0.0 0.0 0.0 0.0 0.0 4.466356414181479e-07 1.6146701749161311e-06 6.683779879731063e-08 0.0 0.0 2.692476222832114e-05 0.0 0.0 0.0
2.2714489674635144e-07 1.9033890956131614e-05 2.1935953264094623e-06 0.0 0.0 0.0 6.397628414627299e-07 2.1237180632173398e-07 0.00010531821532533148 5.528267403150029e-08 9.47503610713015e-07 1.0167902847281332e-07 1.621836288432257e-06 4.1095655570644466e-07 0.0 0.0 1.0791765721384254e-05 6.704915608473289e-08 1.6505668935646847e-06 0.0 0.00254605795987134 0.0016321907171627556 0.0014613914388885562 0.0007943705277891896 1.8298142268336994e-06 1.21051656038383e-06 0.0009476752569491216 0.0006756229427395458 2.0139414713874567e-06 0.00015657153926835224 0.0 5.6026763790393273e-08 0.0 4.541843798295673e-05 2.353115946331162e-05 0.0008545397447499921 0.0003267216600734942 0.00025746180115577454 0.00026381142424293074 9.03579576390693e-06 1.1887686441957984e-06 4.522976287600208e-06 2.931080483656956e-06 1.5071157901567542e-07 1.7167381564594018e-06 4.375514609106482e-06 0.0 0.0 1.1288449255409234e-07 1.566893028647059e-06 3.7135462856634715e-07 6.816074411109754e-07 0.0 5.942152166688066e-07 0.0 0.0 3.6235584510499083e-07 0.0 0.0015518553954685676 4.537492538938331e-06 0.0 4.943340578816219e-07 0.0 0.000374961559737155 0.0005105762485366205 0.0011008941440366576 0.00016495455038678588 7.85219291211023e-08 2.3964795463443663e-06 9.709343665589448e-05 0.00011669307793714635 6.067338986112673e-07 4.308035867767131e-05 0.0 0.0 5.302832434680864e-08 3.050642431835447e-06 3.099361493894229e-06 0.0002113934653300013 4.866635961742497e-06 1.0744307077063107e-05 9.60739257575844e-06 1.8613110998196895e-06 9.843918623720529e-08 2.5823171621162104e-06 7.476670593792021e-07
5.5398269894674833e-05 2.3433955878362e-05 0.0027238528164977346 3.2013968075659604e-07 3.085747681727833e-07 2.8978556688104295e-05 2.3378047183801105e-05 0.00022034112316081695 2.8014265542698553e-06 2.6447009314270697e-06 0.0007112877148630132 9.626851279284881e-07 3.382270788382772e-06 0.0003695823861321306 3.618239357980298e-07 1.0791765721384254e-05 0.0 0.0002993721040155747 0.0027233245306551093 7.053250410169484e-07 0.0003915575735452219 9.752260341367597e-06 0.0037458102157918055 8.700064641768563e-06 2.8115697363109634e-06 0.0008369487919902862 0.00290814223551773 1.7114689420632937e-05 0.00048457006755966736 0.0001245499928775884 7.531900385383523e-08 8.782918372205931e-06 2.498243797430843e-05 0.001757933493544001 4.1234613618728525e-06 0.00036784587765342004 0.0010266399538380038 0.0015091520372931628 0.0003544516686798872 7.136125284175257e-06 1.6197596364462062e-06 1.144332376550194e-05 1.3541900828422598e-06 5.217960645891205e-08 6.212991399188095e-05 2.284300907949678e-05 0.0 0.0 0.0 2.2670449589404313e-07 3.0500498200256483e-07 4.830142523301258e-07 3.583474847237092e-07 6.007164719700057e-07 0.0 4.448243580708434e-07 3.8101975193874735e-07 0.0 1.804298361339167e-06 3.573085550375117e-05 3.979274960886958e-07 2.136879610770929e-05 0.0 1.2623815376878416e-06 1.2147066284508639e-06 6.684354385841484e-06 1.1742566497941397e-06 3.985270726542124e-06 0.00010210320571691554 0.00025683298557520546 5.388313953182288e-07 2.858978755571672e-07 6.305408236260269e-07 1.8311503051492624e-07 0.0 0.0 4.187148882653032e-06 2.070739410968941e-06 1.5441685398755302e-05 6.465326292158687e-05 1.786187202025941e-05 2.7534231396762435e-06 2.2525090888481617e-07 0.0 8.080160091404228e-08 8.93811937286214e-08
1.5127955468765085e-07 4.687853873214657e-07 6.676821399662911e-06 2.721316956400402e-07 1.6278760777093637e-06 4.711334887800904e-06 9.257014401441376e-07 7.171548451960752e-06 2.676554054333499e-07 2.796268601532749e-06 0.002370713525843478 2.394307901173905e-06 6.932561736753264e-05 1.8479297304956204e-05 6.127177362207056e-07 6.704915608473289e-08 0.0002993721040155747 0.0 0.0007180292860341378 1.0288732304171736e-06 1.4850254649715381e-06 5.7174639260240545e-08 7.54127383413135e-06 1.1333577760113335e-06 1.4019601350011917e-05 0.001235763149352343 0.00012541689726042215 1.1069762040813586e-06 3.0643355112162716e-05 8.783620096431395e-07 1.4421265734666286e-05 2.127488993555315e-05 2.463530525150513e-07 0.0003762365815029049 2.408773810122519e-06 0.00011539012753232761 0.0006566626278187354 0.00084951235312836 0.00017620166634922205 2.3735942010360976e-06 3.542820437634319e-06 4.467621659974956e-05 3.743888991850862e-07 0.0 1.912710891179991e-06 5.6672042449483916e-08 0.0 0.0 0.0 1.3446561601332e-07 0.0 2.5240128510812784e-07 0.0 2.2060745826917433e-06 0.0 2.146332667366496e-05 0.0 0.0 0.0 8.089675089169228e-08 8.200754319236431e-07 1.3869765763068222e-06 0.0 0.0 3.270904230783573e-07 7.06861242384293e-08 6.509770350076421e-08 1.0668878325780984e-05 2.1622160675605898e-05 4.58259036273323e-05 8.216598040941245e-07 0.0 0.0 1.3376611958460497e-05 6.97193449606983e-08 0.0 1.5724431055978993e-07 3.45935449623216e-07 1.2382094843354318e-06 5.5563856326847646e-06 2.919741035832328e-07 0.0 0.0 0.0 1.4441284178299775e-07 0.0
2.232284705133689e-06 5.343084885213926e-06 5.564019603509429e-05 6.564275443312978e-07 2.4829258567692073e-06 7.984917068725818e-06 2.328207156038846e-06 1.742898491167924e-05 2.2396935149860673e-07 5.872867609381684e-06 0.00147911110550418 5.563367980603868e-06 6.351726346955025e-06 4.775989557890861e-05 1.1290062461856536e-06 1.6505668935646847e-06 0.0027233245306551093 0.0007180292860341378 0.0 2.040041321143761e-06 2.7917605160089002e-05 9.567454158565968e-07 0.00010038155789765413 1.8897623268373838e-06 3.422474879960811e-06 0.003155807710152591 0.0004931829429615221 3.5987356587138276e-06 9.761820662570496e-05 1.2836669079383408e-05 2.54049822560151e-06 3.2431620557234114e-05 2.0832868527114346e-06 0.0016767154599527532 5.445593765428044e-06 0.0002786857171190484 0.0007045717286914423 0.0012926545236914277 0.0002836657091721322 3.1122087321511276e-06 1.7010497815768768e-06 4.726214817139207e-06 6.743549227601569e-07 0.0 1.1442566897093994e-05 1.1647876159674236e-06 0.0 0.0 0.0 2.9363355227682253e-07 5.342585400748982e-08 2.2030271022425405e-07 0.0 5.312794567567826e-07 0.0 3.4651654144169448e-06 1.7850782971238945e-07 0.0 0.0 2.2219908722278273e-06 8.769560956185126e-07 6.6074243157680664e-06 0.0 1.4053699520844085e-07 1.5090543033785983e-07 4.871861950986238e-07 7.303423902447931e-07 8.96195218836064e-06 5.6190590053815e-05 7.208232650937433e-05 5.607295390292664e-07 0.0 2.416192176522871e-07 3.1041384390583113e-06 0.0 0.0 6.976731742038651e-07 1.955554059935363e-06 3.179932306918591e-06 1.5379008520161725e-05 2.380747771093029e-06 4.007319940539831e-07 0.0 0.0 1.757425339769151e-07 0.0
1.693260434531194e-06 8.416782634069388e-08 2.303621411562549e-07 0.002175126391612851 3.2038390621892125e-06 0.0001760144786495785 1.3306359540003028e-05 0.0001090416614107294 0.00034970305815920904 0.0021374374199182697 5.381087227319441e-06 0.0019324284899912352 9.73405120940642e-07 0.00016040282884564473 3.499526126905737e-05 0.0 7.053250410169484e-07 1.0288732304171736e-06 2.040041321143761e-06 0.0 2.7155413206144327e-07 7.011727679603992e-07 7.546200124856463e-07 0.00021058855241979214 0.0 2.439782903258925e-06 5.833625138583784e-07 0.0006675355241520486 0.00022399515258276416 1.4802464109383787e-06 0.0 1.205806410315906e-05 1.2371840788893431e-05 5.610868056362714e-05 1.1727847140560103e-06 0.00027073191834995063 4.127119661746841e-06 0.00013050966832732773 2.397787983187679e-05 0.00010295453351060718 7.30072859921476e-06 9.229684085376089e-07 1.110695469086862e-06 6.360190853531502e-07 0.0 0.0 2.166283496267167e-05 0.0 2.2401623659717606e-06 1.908219931397773e-05 1.115712221671751e-06 5.5435304838169295e-05 1.1086554016674832e-05 7.497160491178984e-08 1.1112177073867841e-05 0.0 6.009045376216366e-07 2.1075770850486093e-06 0.0 0.0 0.0 4.978244165163241e-08 2.0521078987945022e-05 0.0 0.0 0.0 6.501346671283675e-05 6.032410587235435e-08 0.0 0.0 5.921473843025016e-05 1.418972314424459e-07 6.577774047726508e-07 0.0 0.0 0.0 1.5354533067970222e-07 1.024780233044979e-07 5.649528703901671e-06 0.0 1.296170735681234e-06 7.58449118995381e-08 1.9757376554564013e-05 6.577900932655918e-07 3.895393203812512e-07 0.0
7.430575506977683e-05 2.2779117065053256e-06 0.00024227791486108278 2.0779300861461011e-07 4.569048695448338e-08 1.4134602316115173e-05 0.0002831942830456251 0.00015126255863362833 6.446998468106871e-05 1.2061969340626447e-06 1.0530954317354752e-05 1.7719264801587754e-07 6.487895874304952e-06 0.00022332901839229068 0.0 0.00254605795987134 0.0003915575735452219 1.4850254649715381e-06 2.7917605160089002e-05 2.7155413206144327e-07 0.0 0.0003298819041198236 0.007999807918270343 0.00019409332660381469 3.1596338697569003e-06 7.718717833470323e-06 0.0007150333428722069 0.0045395043938601595 0.0002564452859412669 0.00584753331395548 0.0 1.4092709326153254e-06 1.4330978256411729e-05 0.0029840791916579405 0.00011747509289979064 0.0038443537396828584 0.0009335204013444584 0.0035149350703716667 0.001999197055780937 5.379763816721713e-05 5.7055167123229875e-06 1.1331163301011692e-05 1.5344822407921116e-05 1.8314486042882248e-07 8.698227362102077e-07 5.903132036544041e-06 0.0 0.0 0.0 9.271422132258312e-07 0.0 1.2803161403652306e-06 6.803305718426399e-08 5.3939442024365385e-08 0.0 1.7429575571413197e-07 8.903900424197259e-08 0.0 0.0002557228110830169 6.537280794135561e-06 0.0 1.2776243493006338e-06 0.0 0.0002947919085476746 8.892749824030544e-05 0.00011187633648110391 0.00012662987066112039 0.0 3.4242482115043914e-06 1.9456559437683456e-05 0.0001297598488652284 1.1301103920208853e-06 6.747079753136495e-05 0.0 0.0 3.2061917800328035e-07 2.6334505500023825e-06 1.8134464260763262e-05 0.00010510192214359813 5.670512970374129e-06 7.781569454209973e-06 6.530070413967972e-06 1.0197355046262555e-06 7.967753136181323e-07 6.886717456405513e-06 2.3245216368584062e-07
0.0 0.0009025811127662184 1.3538256091163866e-05 8.420566054948837e-08 4.4086344724379477e-07 4.4597141037618104e-07 3.3043601569058373e-06 2.2288953997421195e-07 0.0006770987009753499 2.638798006969096e-07 2.0329970006965804e-06 4.647221571458714e-07 2.2791140119644473e-05 2.845198354507684e-07 6.425911547532297e-06 0.0016321907171627556 9.752260341367597e-06 5.7174639260240545e-08 9.567454158565968e-07 7.011727679603992e-07 0.0003298819041198236 0.0 0.0005338415906306929 0.0032774621478259057 6.156302391710048e-05 3.3292143314088894e-05 0.003009357724744317 0.00014635793128570796 1.1627698555222893e-06 0.00016057286269846902 8.377922644700963e-07 0.0 3.077820646698508e-07 4.2837615530796746e-05 5.4670781121797556e-06 0.00031850345281257377 0.00011329371092345989 0.00012813242960854341 0.0001020773082950716 1.2883714698951937e-05 0.0 1.7282780487619532e-06 9.660045466531909e-07 2.487568261573939e-07 4.1599248226225666e-05 4.416295875807867e-05 0.0 0.0 0.0 9.51297340747991e-07 1.3681672280637092e-07 2.858635503810823e-06 1.4976142374120776e-07 1.0947027663652992e-07 4.851978255463142e-07 6.139207519532046e-07 6.386022735801104e-07 8.916568926000303e-08 0.0007023452179953649 1.0674422687618234e-05 0.0 2.1939147847961522e-06 8.094373398603658e-08 7.874378086622059e-05 0.00014239665923055357 0.0003176044505408266 9.94319904175239e-05 4.1751789339321775e-06 1.0256206220759708e-05 0.000729264257533057 4.584053027679065e-05 8.819203067887022e-07 1.5329369113143217e-05 6.069567802018242e-07 0.0 0.0 2.9193449800281023e-06 9.011069230860672e-07 3.833588293584395e-05 8.575363383569192e-06 1.751846303890861e-05 7.519342732481278e-06 7.338657420970072e-07 1.8887824827629358e-07 1.2118381431643623e-06 8.641759766277964e-08
0.0002783397709173288 7.013417185561673e-06 0.00717919623687742 1.3966265260134288e-06 7.662239273878908e-07 9.134785840448735e-05 0.0006537009797050685 0.0006884600152557753 2.360240453977107e-05 4.146170377503499e-06 3.697111814068582e-05 5.600250983609197e-07 2.6529809668369364e-06 0.0009479213648279672 4.0629504564542794e-07 0.0014613914388885562 0.0037458102157918055 7.54127383413135e-06 0.00010038155789765413 7.546200124856463e-07 0.007999807918270343 0.0005338415906306929 0.0 0.0002115994246965526 1.314964537874608e-07 0.0006327830173738564 0.006730129038572235 0.0020332322517097553 0.000910141144579208 0.0016094608451324842 5.913647939635446e-08 6.059945522398653e-06 2.6944221845168204e-05 0.0017542810116791716 0.00013772739841714715 0.004981219301419293 0.004052844707470382 0.004058434164924949 0.00361640797732236 7.986012431003747e-05 5.1523682793176245e-06 8.0061103405871e-06 1.747674543786488e-05 1.573071336911979e-07 3.0394333172155592e-05 0.00031328633012855424 0.0 0.0 0.0 5.358707869475741e-06 1.0546591957864668e-06 6.61869257554194e-07 0.0 1.3380222381518672e-07 0.0 1.0347060290985896e-07 9.867520514135268e-07 5.171214701322319e-08 0.001165067774132446 3.336255265122088e-05 3.607548097329361e-07 3.5938844837101327e-06 0.0 0.00016721458808728116 0.0003627467726727184 0.0011469114013364996 6.945766340906485e-05 1.1552579227560106e-06 2.6943246128675793e-05 0.0011530959523791452 4.725129662493179e-05 4.885189297983456e-07 1.4853567177377189e-05 4.764679620905885e-08 1.0657684162572474e-07 0.0 9.705764129231603e-06 2.7931649506893084e-05 0.00024384918601560887 5.329588296769483e-05 6.466847999950916e-05 3.4832584746945026e-05 2.787940191488534e-06 1.705203548089036e-07 2.3766952067775807e-06 8.574965689275609e-07
6.53017022462468e-06 0.0003829656709756925 2.6043967089421312e-05 0.0007251314800617247 1.9927925579016836e-05 0.0002496996426811486 0.00111303183034198 0.00012535894632999134 0.006196214794211097 0.0005181593890155297 6.194240817835273e-06 0.00044550308273496404 5.329701833498393e-06 0.0001857033819432777 0.0005056882514832922 0.0007943705277891896 8.700064641768563e-06 1.1333577760113335e-06 1.8897623268373838e-06 0.00021058855241979214 0.00019409332660381469 0.0032774621478259057 0.0002115994246965526 0.0 1.0881715329805921e-05 1.6128598919096973e-05 0.0023430775129656203 0.005639156404330427 0.0007248755613162699 0.0015717404848757273 5.361194014446681e-08 1.104090259475608e-05 0.0001618800130062107 0.00029474482798281273 4.781488272120183e-05 0.002224364104052247 0.00017821718610528246 0.0007176568373572207 0.00023104361825122572 0.00038343641744662275 2.5384554899531716e-05 6.813600942872266e-06 9.511697600485772e-06 2.0761207944649266e-05 3.0195355506751285e-06 3.960950080236235e-06 0.0001376747265779107 4.811670946895259e-07 1.0115338125266508e-05 0.00019384685176999017 7.915836460226277e-06 0.0008093928829167876 8.288081393735509e-05 1.406802442563203e-06 5.0958338374395515e-05 1.7497506634594887e-07 1.847124651302261e-05 1.4258594163300493e-05 0.00014269962945572377 5.022041510939685e-06 7.336754166628059e-07 2.2456618339845838e-06 0.00011838768482970557 0.00014076847988727937 0.0001577955284525097 3.659661227374375e-05 0.001566908809710265 4.7188480553139467e-07 5.007848923966913e-06 2.0741496839285015e-05 0.0013705684215674536 6.225855934287242e-05 0.0003273562921070495 2.5994476075444896e-07 1.3937459598077908e-06 6.501167873288474e-06 1.8071532981218066e-05 1.2422807870109841e-05 0.00021715926702436348 1.104185579965906e-05 5.5685182924144093e-05 2.092533931987625e-05 0.00010980348193324814 6.192195892961319e-06 7.180820878824089e-07 1.5373971117907134e-06
