0.0 4.4002163934849546e-07 2.937862918621202e-05 1.4416275398142707e-06 0.0 3.5943156863520163e-06 0.00044042174370877445 0.000433945907605918 2.1500992923172388e-06 2.0716751947770868e-05 2.72448384936756e-05 1.5824748008821598e-06 1.8802305405219136e-06 0.0026602381569067416 7.126398280279498e-08 6.821238999957774e-07 0.00010125762454567646 8.513237498730671e-06 5.2676783496183346e-05 3.4729739046061673e-07 1.6731769008301333e-05 4.501555205491291e-06 2.1065042345631154e-05 4.265659772297461e-05 1.8354032553637618e-07 2.7727125426110396e-05 7.0730470117809375e-06 6.644843197217854e-05 0.0017594542214322327 0.0006184418352657773 6.703035768773521e-07 2.8389659926223754e-06 0.00017491623986731772 0.000204371481906492 5.453322466643868e-07 3.8517865955032233e-05 1.1483033031765755e-05 7.560790939254442e-05 1.0715428295962008e-05 2.074779089021786e-06 1.331974185423685e-06 8.752672949958494e-08 8.85201423996528e-08 0.0 0.0 6.24273496435253e-08 5.7001700236231964e-08 0.0 8.138416439772142e-08 3.6312951285464163e-06 3.809605242351207e-07 2.9660472044899368e-06 2.6629079649566014e-07 8.829768488068126e-08 0.0 9.324740297505694e-08 7.188681023975126e-07 0.0 1.6946558690441816e-07 0.0 0.0 0.0 0.0 3.0240595513932004e-07 1.661244122989348e-07 7.252365177050209e-08 1.1581365765685348e-05 5.260590019264971e-08 7.691671243361009e-08 3.5573572310560524e-07 1.448873038517895e-05 6.981194489628901e-07 4.102680025055579e-07 0.0 0.0 5.3242224935669585e-08 6.062095800432964e-08 0.0 7.74081849097698e-06 0.0 2.16739173969426e-06 1.2383373038208084e-07 2.827567619702621e-06 0.0 0.0 0.0
4.4002163934849546e-07 0.0 4.26909100448659e-06 0.0 3.0900670415329856e-07 4.1410462650983785e-07 5.56121134011429e-06 7.053030462283615e-07 0.0005551964420434663 1.0758339695362074e-06 5.002311291141937e-05 2.0459980854362396e-07 0.0005763221965351304 1.1340441510730945e-06 5.195392205288841e-06 3.3917866908512e-05 1.4341018714231995e-06 7.011038192616053e-07 2.4349878194469708e-06 1.6794883969477252e-07 2.899611717689973e-06 0.0014506541460537802 1.9404727386256404e-06 0.000630981878298761 0.0007893618816935459 2.9600200650766897e-05 0.002376173439413776 2.782356984829904e-05 1.953148784730825e-06 1.0564388340816704e-05 5.824680435049132e-06 1.7960108289775235e-07 2.7368079796985646e-07 2.1037339306284457e-05 0.0 4.449781946301568e-06 4.0944154308588286e-05 2.3531339472663463e-05 2.2811063022324117e-06 9.11069238823425e-06 4.6880815323390984e-07 5.278358971963253e-05 7.110321991677359e-08 0.0 8.841124853849865e-05 5.793547544917999e-05 5.02003997359558e-08 0.0 0.0 1.4938832588733376e-06 1.6480673424634991e-07 1.1949326041740605e-06 1.471496158548166e-07 8.376033023465157e-06 5.920020175028183e-08 2.790319649286678e-05 9.968113538574724e-08 4.924705478088358e-08 4.421730045950366e-06 8.705762816505687e-06 6.813907327463218e-07 5.957300421924229e-06 0.0 9.397310631383261e-07 1.636423140333434e-05 4.4445430974114805e-06 8.126991132614765e-06 1.650883091278457e-05 0.00014140591812074774 0.0012801002772637403 3.0617647131463917e-06 1.7092009430835493e-07 0.0 1.7733038474097057e-06 0.0 7.412461240193036e-08 6.579023744371492e-07 2.684887348147112e-07 9.381129786755975e-06 1.4834028996588778e-05 8.599263687519899e-06 3.756242205329952e-06 2.400596064533042e-07 0.0 3.3696809501318668e-06 0.0
2.937862918621202e-05 4.26909100448659e-06 0.0 2.2438406037895747e-07 0.0 1.9995220171823645e-05 0.0008629948660738688 0.0005023380399737438 5.714898519009778e-07 0.00017333799664332307 4.338374433228757e-06 5.489138559732038e-07 1.4903471422037447e-06 0.0006134580997834674 2.196516995096441e-07 3.7183889593365526e-06 0.0004079118576155517 8.229301140604857e-06 9.553931347948535e-05 1.2437337481882435e-07 0.0005792816160653799 2.525058958521093e-05 0.002387620528034105 1.1144155987754645e-05 6.227308828057017e-08 0.0038845228113018075 0.004314005436037395 0.00039988386927022163 6.0836589460243154e-05 0.0012836441076863256 1.0824208414254148e-06 7.806246552585308e-07 6.385300353139405e-06 0.0001383306841080987 1.7010376586559654e-05 0.0007460534950282855 0.003563941902272066 0.0005899819978094644 0.00016968906270247537 2.0162262199986926e-05 2.9058168695256647e-06 1.5853554892343728e-06 2.8917646181436193e-06 5.923966189523473e-07 7.813361927111963e-05 0.0005721878741920451 5.953574882501515e-08 0.0 1.875910357291652e-07 1.2286253219060182e-05 1.5135670502375627e-07 2.555127792626511e-06 7.972363710932661e-07 5.52993433288852e-07 2.4901711027043924e-07 1.5723559213940707e-06 6.224174760527617e-07 0.0 4.5951407696669875e-05 2.3494558500386647e-05 3.60694902875961e-07 1.8138150493971875e-06 0.0 1.4725503681230778e-05 7.616289702723513e-05 0.00019686594559198243 4.296001649195532e-05 0.0 9.211580224323347e-05 0.0012974033006002991 2.758605594631822e-05 4.148630519286006e-07 5.456502544951891e-06 6.71499109198594e-08 0.0 5.7794895061441466e-08 2.546572446083009e-06 3.6851120151310755e-06 4.300899406018205e-05 0.00015128890054958655 1.7165586302309378e-05 1.1013683742754748e-05 3.1337794438937255e-07 0.0 7.229646341354056e-08 1.953871233253063e-07
1.4416275398142707e-06 0.0 2.2438406037895747e-07 0.0 5.406981831468303e-06 1.9213677409594727e-05 8.31524413197608e-05 1.626651411539278e-05 0.0002312540955668135 0.001958112679209266 4.154414401262584e-06 0.00306260392551307 5.172894610610461e-07 8.276016205837872e-06 7.076549487236305e-05 2.9731874988183396e-07 0.0 8.031039032966288e-07 7.839722412758805e-07 0.0013890285695919032 7.201834420644629e-07 5.813706530936084e-07 3.126711526881011e-07 0.00040829744151115995 0.0 1.0430888300930901e-06 4.077793906870551e-06 0.0011665911215790479 1.2267783793257961e-05 2.8066307329827143e-07 4.568394980694764e-08 3.1188728527318395e-06 8.78161472994674e-07 4.869484776155216e-06 1.0251145247837847e-06 5.342390952467375e-05 1.26586201310308e-06 1.0398539317355509e-05 5.717137444408062e-06 0.0001594479635287817 2.549181719501394e-06 1.381934772223586e-07 3.658647401036731e-07 0.0 0.0 5.825684111614859e-08 5.343332619010952e-05 0.0 4.1561554893152774e-06 7.589653488519702e-06 1.6365122030894348e-07 3.399072918014914e-05 6.598037107508017e-05 0.0 5.238293238296481e-05 0.0 1.0325994088458213e-06 1.2776312026211735e-06 0.0 0.0 1.3220990432144026e-07 0.0 2.4715035989683066e-05 8.878571812773344e-08 0.0 2.3323586375871522e-07 3.7514734562064875e-05 0.0 0.0 4.2414260416273743e-07 4.069048821734172e-05 8.507947782068294e-07 0.0 0.0 4.689076855596602e-08 0.0 6.123863423454879e-07 0.0 1.2731920577388149e-05 0.0 3.0513367972985535e-07 0.0 4.6530985668543343e-05 0.0 0.0 0.0
0.0 3.0900670415329856e-07 0.0 5.406981831468303e-06 0.0 0.0002119058878129077 1.0091698571056447e-06 6.660617556530579e-05 4.934325980014213e-05 1.1337399316075311e-05 4.424893854681263e-06 0.00011097063152492563 2.304303641916237e-07 2.3692125413635366e-06 0.0007736760178147323 0.0 5.855215354016664e-08 0.0 3.0261849592075243e-07 7.3401363692237534e-06 0.0 7.218282553112784e-07 0.0 2.825553542923995e-05 0.0 1.5863124701763576e-07 4.773987062231778e-07 7.025763484549478e-06 1.2020113931030325e-06 1.38436376467007e-07 0.0 8.488549133628632e-05 0.0 9.003508774574704e-06 0.0 2.7219445648675116e-05 3.616108922331519e-07 2.3624252653198428e-05 1.9097295636642276e-05 0.0010151435798251565 2.7985463967795092e-05 1.5806550277297928e-06 1.1424334767420658e-06 0.0 0.0 0.0 2.8162116260801373e-07 0.0 8.73898686093132e-08 0.0 0.0 1.2208771775231802e-07 0.0 0.0 4.7088122446338386e-07 0.0 0.0 0.0 0.0 0.0 0.0 0.0 1.7352222641415476e-07 0.0 0.0 0.0 1.0415116317850516e-06 0.0 0.0 0.0 0.0 0.0 0.0 0.0 0.0 0.0 0.0 0.0 6.409750396195192e-07 0.0 0.0 0.0 6.310615550947171e-07 0.0 3.905184389765914e-07 0.0
3.5943156863520163e-06 4.1410462650983785e-07 1.9995220171823645e-05 1.9213677409594727e-05 0.0002119058878129077 0.0 0.0007578791577714615 0.004063682638640519 2.583088254439929e-05 0.0024087330345866818 0.00015421867397719336 0.00116172187634099 1.849804365948088e-05 0.0004102327761902725 0.0014899790675675661 0.0 8.214785375233226e-06 3.445565937086586e-05 3.818008174586073e-05 3.517849621380325e-05 1.3311256235739763e-05 4.855735266865612e-07 7.2531713073381504e-06 8.105974520010827e-06 7.048661150427219e-07 4.865706864103172e-05 1.1673245654608763e-05 3.3494323832183835e-05 0.0004107479587681291 1.4282495851337327e-05 3.6880320595498057e-06 0.00035462543912877 2.8072236196218664e-06 0.00020539774626820762 1.2132753453438056e-05 0.0006963957762422176 2.3780842719340202e-05 0.0003712996064269056 0.00018207864799328166 0.002218969422693844 0.00016193420610757466 1.1483946097014515e-05 9.095903031743317e-06 0.0 0.0 2.735231439202285e-07 1.3571664568606252e-05 7.059038806753361e-08 4.981633908908025e-06 9.529151611441558e-06 2.5980256032576464e-07 4.953785074145595e-06 2.7648383006701916e-05 2.6098444530579555e-07 2.4034528319661525e-05 3.4207628446577264e-07 4.6199913020380995e-07 2.6983153271591125e-06 5.03182498664036e-07 0.0 0.0 0.0 1.0690905343934455e-05 0.0 0.0 6.796329966494634e-08 1.5723433783656132e-05 6.018138205497541e-08 2.0642143348114754e-07 1.3417946616736023e-06 1.928337801264198e-05 1.399609088337603e-06 3.195842000872619e-07 1.2088809438260445e-07 0.0 0.0 1.4600442866090842e-07 1.1551326543922409e-06 4.491379395999942e-05 3.4380543278449095e-07 1.9080228440231414e-06 4.6503668863821274e-07 6.0413701235520706e-05 0.0 6.906688116623417e-07 9.165688623168661e-08
0.00044042174370877445 5.56121134011429e-06 0.0008629948660738688 8.31524413197608e-05 1.0091698571056447e-06 0.0007578791577714615 0.0 0.0016740293499148023 0.00021441632310870872 0.00581964206106434 9.177606021280421e-05 1.6538791800881514e-05 1.0365981884047154e-05 0.0041822892322365855 8.625675113478557e-06 9.480871062356477e-06 8.527272693414266e-05 2.9852190342538343e-05 7.048120351215445e-05 2.368963032011826e-05 0.0011612660052454568 3.1171158014800995e-05 0.00046096820516468447 0.0006910933174011229 6.291909457089771e-07 0.00034526099793621886 0.0005827485211924401 0.007550528513143196 0.0014415728038024587 0.0022891144857174754 2.5090373692194594e-06 2.54633077775735e-05 0.00024410983769154946 0.0005122425607590334 0.00011744174097996279 0.002685220077395066 0.00022478706460775757 0.0012018227732361962 0.0007052843573862931 0.0005589066212327106 0.00011091271085715702 3.6655198488348173e-06 2.98543277283839e-05 2.6589140563586124e-06 1.979995880318323e-06 1.4021427972071629e-05 0.00011167375584454272 2.7302422974579926e-07 1.4785045760367575e-05 0.00017439495831339936 1.2914414626289086e-05 6.248275045071352e-05 0.00020494598091828277 2.9844416307405573e-06 5.5982200260963635e-05 1.1109991173391879e-06 3.319602535729318e-05 4.4611500824082256e-06 2.585909873548998e-05 1.1654098142027965e-06 6.185618521020021e-07 1.3077067527143132e-07 5.23858136930843e-05 1.3851456554958197e-05 1.0476337898540499e-05 3.781152776090162e-05 0.0004224364363175839 2.0163050033195745e-07 3.84653555591947e-06 5.784475670614397e-05 0.00048604688333777236 3.027377303845073e-05 9.123912868186447e-06 6.616779796424775e-08 1.5193903468529382e-06 2.2545083100456687e-06 1.3871842258502222e-05 1.3237457244663905e-05 0.00018950076760868722 5.708335206693761e-06 3.6119830143424885e-05 9.280240881948053e-06 0.00017503176279493035 3.1798652581129067e-06 1.0404932625881964e-06 2.72338217236648e-06
0.000433945907605918 7.053030462283615e-07 0.0005023380399737438 1.626651411539278e-05 6.660617556530579e-05 0.004063682638640519 0.0016740293499148023 0.0 3.229952591722013e-05 0.0013918488711490754 0.00010710380555355033 0.00033119241954918013 1.1337738976726316e-05 0.004917996425991263 0.00014611538223881218 1.3781580316171396e-07 0.0005234800533463342 2.319906924215008e-05 0.0002733498818831455 3.7393529898026214e-05 8.397340533494874e-05 2.2093117536962547e-06 0.00013050236621834903 3.403521063654466e-05 1.4181008842451784e-06 0.00040902384522571944 6.251485820660702e-05 7.536875019071634e-05 0.0006895044988618857 0.0006555399930996878 1.8218252997763572e-06 0.00038801525738456924 4.414616920148706e-06 0.0003215733314770615 9.62042055994694e-06 0.0003008361024484844 6.744173005255555e-05 0.0003269116176300884 0.00016454598345487964 0.0006435375710564556 0.00012313987375155838 8.293351609223843e-06 5.092003300408982e-06 0.0 4.925092235357943e-07 1.707748454170488e-06 2.1026099285776134e-06 0.0 7.10867656116882e-08 1.4372323038667988e-05 1.1274030277360404e-06 2.9981217499007464e-06 4.955527257049366e-06 3.433915790771225e-07 8.085407355038184e-07 7.236496594763626e-08 2.033166867844983e-06 6.946736552544276e-07 3.0048596932164366e-07 1.95055847521444e-07 0.0 1.1190337698312664e-07 9.670046280011669e-07 5.66717779025908e-07 1.0120877253388997e-07 9.239661853260477e-07 4.265051162605611e-05 6.402880138099258e-08 1.0178841102444522e-06 6.45576012051725e-06 2.7332200635068728e-05 2.577648586433281e-06 1.6578939462750042e-06 0.0 0.0 4.486442674193359e-07 1.1949447511637948e-06 5.181992147232102e-07 1.6838100242099635e-05 6.072390103899283e-07 2.6461132648139713e-06 7.238571224916858e-07 5.236873440825599e-06 7.88399287377997e-08 2.798990790073605e-07 0.0
2.1500992923172388e-06 0.0005551964420434663 5.714898519009778e-07 0.0002312540955668135 4.934325980014213e-05 2.583088254439929e-05 0.00021441632310870872 3.229952591722013e-05 0.0 0.0007514776572989095 8.783009448569603e-06 0.00011376369438125862 3.9576760023744e-05 1.5274008513456917e-05 0.00025678802105417027 6.127003418499e-05 8.499518104604052e-07 5.506823423361993e-07 2.3345769725762805e-06 0.0002451172623785651 3.036773176572041e-05 0.0020527974136456523 1.4221492294695282e-05 0.006368580500679465 8.44327846171849e-05 6.310749965318369e-06 0.0003513830447719523 0.0013584967947257822 3.013371384938634e-05 3.553849481842716e-05 2.2199299708814117e-06 1.602385582358707e-06 4.575702169976334e-06 1.5284012546220852e-05 2.2842616585327667e-06 7.58087479731247e-05 6.852016430691797e-06 1.9289406988070918e-05 1.1506717080061999e-05 0.0002239855949026084 8.24364825385492e-06 3.4627205792079615e-06 4.804856230672766e-07 5.815820611772591e-06 2.703768459130679e-05 1.2159529383705507e-06 0.00010777497009338074 1.7025643433287262e-07 3.6309726881456952e-06 8.800989339421626e-05 4.460602994786378e-06 3.201015719640263e-05 0.00011510068047502117 1.9651341735450625e-06 5.1226215397963064e-05 2.267145450640334e-06 2.0835957431763892e-05 3.5594003673449495e-07 5.5981275418181064e-05 2.935765579093952e-07 1.0611230863836291e-07 6.078178847375092e-08 4.3827246350023015e-05 6.798958988233015e-05 1.3876536988934498e-05 1.3326459531543703e-05 0.000977064726493818 6.529370040273666e-07 1.6357047211334955e-06 9.418188202405893e-06 0.0005304303953425996 4.07477330871562e-05 3.761463991664354e-05 3.062737395964943e-07 4.4593534903620097e-07 4.862093472574182e-06 1.2465458222684728e-05 2.01344422954252e-06 5.87541353119777e-05 1.73782299952375e-06 3.172885279718975e-05 6.540249998955351e-06 3.055080121067661e-05 2.3904280113632154e-06 1.7783636318290895e-07 8.430228989845178e-07
2.0716751947770868e-05 1.0758339695362074e-06 0.00017333799664332307 0.001958112679209266 1.1337399316075311e-05 0.0024087330345866818 0.00581964206106434 0.0013918488711490754 0.0007514776572989095 0.0 0.00015816308566907742 0.002293616526901678 1.756575751608748e-05 0.000531085053146143 0.00010101292359517118 1.3166603411998168e-06 4.0996462066865244e-05 4.7668795773912265e-05 7.976361708101064e-05 0.0011557189705867746 0.00013254453464087122 6.6113576072875575e-06 6.413529958633859e-05 0.0007354536886110441 4.852776375508644e-07 0.00015187202751502007 0.0001361302993375562 0.0027467556898718 0.0005473574058950774 0.00013671298929971513 4.065613359725323e-06 5.441214481091732e-05 2.5265836733630262e-05 0.0003421335179590481 5.7987037041666926e-05 0.0016390598374509517 5.823349756653751e-05 0.0008634313345880592 0.0003814009455717071 0.0004952336971124851 0.0001318217893734406 2.7668890445971326e-06 2.7328910066913064e-05 5.358548372688267e-07 3.7948751249630296e-07 2.098279900698772e-06 0.0003160424727429353 7.793255761575867e-07 2.9420602352305228e-05 7.357942884325122e-05 8.245636593523216e-06 0.0001923225191091316 0.0005468959636295606 1.1195822136266718e-06 0.0002462717004963793 4.078356804502405e-07 1.0526204904859402e-05 1.0406846885132895e-05 3.5672558652551255e-06 6.053968671322081e-08 0.0 0.0 0.00018155842577761711 1.337716206242392e-06 1.7990286710814079e-06 7.536035517903066e-06 0.0002979818218592097 7.968343264586325e-08 1.2139665315874944e-06 9.910047566496455e-06 0.0003842467492562378 7.763057804428904e-06 8.554993577932414e-07 1.1392950928861955e-07 0.0 5.542169496431952e-07 4.1030329906252365e-06 5.737237495448691e-06 0.00015696193431979314 7.730879797844037e-07 9.77033568852393e-06 1.3537373287680109e-06 0.0003094110457629651 6.54960960147384e-07 3.2039648046459125e-07 1.839257176212845e-07
2.72448384936756e-05 5.002311291141937e-05 4.338374433228757e-06 4.154414401262584e-06 4.424893854681263e-06 0.00015421867397719336 9.177606021280421e-05 0.00010710380555355033 8.783009448569603e-06 0.00015816308566907742 0.0 6.339666152824761e-05 0.0014035513422357077 0.00014942453860937346 1.4915379175547489e-05 2.2653713683718302e-07 8.402540873814277e-05 0.0010064551349574975 0.0007106436219087312 1.0325889392760715e-05 2.8638912370903616e-06 1.427990234287335e-05 8.87554586066148e-06 1.2247859292351241e-05 0.0002425980134189496 0.0010376218209742238 0.0003311310202286541 2.6309767896185815e-05 0.00034797241202562704 2.2076138676560856e-05 0.00029976768882536897 0.00010941422308267911 3.4507586913946337e-06 0.004537638793288619 1.3451678586456068e-05 0.00034327555450721893 0.0028788698101825183 0.0018353607683025074 0.0003557870698729918 9.21379401545522e-05 6.41527222128604e-05 0.0005360880203003889 7.077765454975441e-06 4.981744966456231e-08 1.2513057413954682e-05 7.646131746312916e-08 7.118040106052303e-07 0.0 7.768907354942349e-08 6.0558839082795255e-06 5.808389519591282e-07 1.4469857319773855e-06 1.202111781485181e-06 9.912491691316724e-05 3.3450705632071374e-07 0.0003884967553574052 1.118440995831115e-06 5.570870364127507e-08 2.1065049176060097e-07 1.9559924508965957e-07 5.747461372506799e-07 5.118262758334719e-07 0.0 1.3337026173583648e-07 2.341617491278693e-06 0.0 1.2028194607817702e-05 9.417380943475167e-05 5.800890411476355e-05 5.779960280843655e-05 1.2673028222529777e-05 1.2810310170899334e-06 1.452881662725369e-07 2.3225147549530843e-05 0.0 7.329484144071789e-08 2.3428056254704305e-06 9.97136754411107e-07 2.296158125615032e-05 0.00010254570215496368 9.487810561898345e-06 4.364438597656704e-06 9.356854217005264e-07 8.027185337395205e-07 9.493573840850198e-05 0.0
1.5824748008821598e-06 2.0459980854362396e-07 5.489138559732038e-07 0.00306260392551307 0.00011097063152492563 0.00116172187634099 1.6538791800881514e-05 0.00033119241954918013 0.00011376369438125862 0.002293616526901678 6.339666152824761e-05 0.0 8.371455342975876e-06 0.00013379518114810276 0.0008224201063683367 0.0 7.643739879680754e-07 1.6567607902779383e-05 1.4717138036785115e-05 0.0018763384983550286 1.4850756009703666e-07 2.0835203439816166e-07 1.877004307257348e-07 0.00036140905964944324 4.857263687981193e-07 1.206281208227604e-05 2.6627976868702734e-06 0.001680002290716905 0.00014690676993121783 1.669521453953636e-06 1.3111267295640307e-06 6.138246683010524e-05 2.3211962929330606e-07 5.475910970006176e-05 3.8953241159046e-06 0.00028490601677195364 6.900611548964296e-06 0.00010412270749887871 3.146212351058469e-05 0.000841540713988637 2.878739831782938e-05 1.3799064321936977e-06 8.204550040536061e-07 0.0 0.0 0.0 0.00010451089798709721 6.129032382098397e-07 1.5080151964904872e-05 5.2235444579777105e-06 8.719536583730278e-07 2.2157332390937784e-05 0.00013207423149327123 6.067333063365937e-08 0.00010969603907020667 7.863018590912142e-08 1.4638554046382572e-06 5.08312029602629e-06 2.491171697467085e-07 0.0 0.0 0.0 6.35038635561308e-05 0.0 0.0 0.0 3.132368068215578e-05 0.0 0.0 5.6942217833237237e-08 4.393664956473405e-05 7.874911647285499e-07 0.0 0.0 0.0 0.0 4.1486806211131e-07 2.7269211590777864e-07 5.4701738940395584e-05 0.0 1.2860811641164974e-06 6.865832284352261e-08 0.00014827936498621196 2.126313612104292e-07 6.986457839754217e-07 3.199116641873723e-07
1.8802305405219136e-06 0.0005763221965351304 1.4903471422037447e-06 5.172894610610461e-07 2.304303641916237e-07 1.849804365948088e-05 1.0365981884047154e-05 1.1337738976726316e-05 3.9576760023744e-05 1.756575751608748e-05 0.0014035513422357077 8.371455342975876e-06 0.0 1.1917960006902204e-05 2.2098732771323122e-06 7.487687511573806e-07 1.14974381541007e-06 4.226633175755765e-05 1.195828731220589e-05 1.5449461354304772e-06 3.5742873638264367e-06 0.00012790088827930983 1.8905171575028894e-06 4.06679080717932e-05 0.0023488680809091674 0.0002629109459559625 0.001224690430633605 5.7894223420491075e-06 2.2853333059765093e-05 4.814007054552414e-06 0.000276386328617929 1.3633525567106191e-05 1.804968828406258e-07 0.0007354453452826375 1.976111551444864e-05 0.00026398158408217867 0.0017096597955666998 0.001123210860049139 0.00023033176094388227 1.0376540501684757e-05 3.157035450023631e-05 0.0009643202279608713 9.687790797255898e-07 0.0 4.101665654092659e-05 1.284335737209534e-07 0.0 0.0 0.0 9.509679928325003e-07 8.01338895225946e-08 6.681672295633709e-07 5.483842769574791e-08 0.0003277334282445041 0.0 0.0015086380685324875 2.878287384349803e-07 0.0 0.0 0.0 7.487494952950934e-06 3.2749746918874823e-06 0.0 0.0 4.185314360700548e-06 0.0 2.03706676793377e-06 0.0004883944362645491 0.00025043820745120044 0.0002983642248429813 1.3914456128742754e-06 3.3721539348660986e-07 0.0 0.00012022437593847015 0.0 0.0 3.632530544084694e-06 2.8402854638878367e-06 2.1233847570630008e-05 0.0003122520901118388 2.342422450121037e-05 1.3515682467584751e-05 4.327016903210316e-07 7.569091067901729e-06 0.00044546839123986063 0.0
0.0026602381569067416 1.1340441510730945e-06 0.0006134580997834674 8.276016205837872e-06 2.3692125413635366e-06 0.0004102327761902725 0.0041822892322365855 0.004917996425991263 1.5274008513456917e-05 0.000531085053146143 0.00014942453860937346 0.00013379518114810276 1.1917960006902204e-05 0.0 3.8846118420007484e-05 4.2773172874561854e-07 0.0006286193711210092 3.8129639192550296e-05 0.000305979943140224 1.939250877163482e-05 7.488477796708375e-05 4.65753040236672e-06 0.00017683446167715777 4.9716518650790714e-05 1.1605536810949837e-06 0.000350683494514831 4.991053240283639e-05 8.946252290778237e-05 0.003189179728635215 0.002321182667862833 2.394558357328837e-06 3.053692547812388e-05 1.3892952834559765e-05 0.0004526127439784577 1.2696252595573548e-06 0.00017709406956124742 6.110323539398841e-05 0.00025971572062207464 7.051000011849426e-05 0.00017158436745901297 1.4497530302529859e-05 3.1132061378428137e-06 2.182583163347626e-06 1.41960526369265e-07 2.694053414336208e-07 1.236748661390394e-06 8.385469450287039e-07 0.0 5.98121198748331e-08 9.564417701810562e-06 1.5718242563040707e-07 3.646418910227644e-06 3.234408242723397e-06 9.479662175555424e-08 3.413851360687882e-07 6.78911187916744e-07 1.6815388772994067e-06 6.38854479787745e-08 1.3305760290585495e-07 7.981852735661875e-08 0.0 0.0 1.3715824822001884e-07 1.3237880334769251e-06 1.2777133299686807e-07 3.3617669520307743e-07 3.037736250833357e-05 0.0 7.192582613648911e-07 5.16808020349372e-06 2.605431673811549e-05 1.9507643612837664e-06 1.962294134355084e-06 0.0 0.0 2.8732538177840035e-07 8.963237367501037e-07 0.0 9.706595364632452e-06 4.7387442115412007e-07 2.1986965867752104e-06 7.448220878614523e-07 2.2616948133973334e-06 0.0 8.717150484214906e-07 0.0
7.126398280279498e-08 5.195392205288841e-06 2.196516995096441e-07 7.076549487236305e-05 0.0007736760178147323 0.0014899790675675661 8.625675113478557e-06 0.00014611538223881218 0.00025678802105417027 0.00010101292359517118 1.4915379175547489e-05 0.0008224201063683367 2.2098732771323122e-06 3.8846118420007484e-05 0.0 0.0 1.9277826441844067e-07 1.7072667106851828e-06 9.81204607684181e-07 0.00013499175970092475 0.0 1.7612231020227162e-05 6.73149000211519e-08 0.00045904443494694964 1.6226623234399232e-06 1.68759594038933e-06 4.612865281323747e-06 8.826751235742045e-05 4.281658326473087e-05 2.707723778959017e-07 2.5199805634356124e-07 0.0001630523450326418 0.0 1.253685747591512e-05 8.685118385684765e-08 0.00010058748030792816 2.7045001589192464e-06 2.7281290253695033e-05 1.7071449375636515e-05 0.0007454580046981045 0.00016698340906162626 2.9884408919438147e-07 1.737336092666695e-07 0.0 0.0 0.0 1.671624041106608e-06 0.0 6.055012654627485e-07 6.862469784931344e-08 0.0 4.919077087492612e-07 4.454890620552408e-06 0.0 4.102452345592579e-06 1.124110472628415e-06 0.0 0.0 0.0 0.0 0.0 0.0 2.13329468444819e-06 0.0 0.0 0.0 3.2858624541990724e-06 0.0 0.0 6.778929043255286e-08 2.8653859476060937e-06 0.0 0.0 0.0 0.0 0.0 0.0 0.0 7.009931190043065e-06 0.0 2.970530930536734e-07 0.0 1.1104954421395166e-05 0.0 0.0 0.0
6.821238999957774e-07 3.3917866908512e-05 3.7183889593365526e-06 2.9731874988183396e-07 0.0 0.0 9.480871062356477e-06 1.3781580316171396e-07 6.127003418499e-05 1.3166603411998168e-06 2.2653713683718302e-07 0.0 7.487687511573806e-07 4.2773172874561854e-07 0.0 0.0 1.9094429199376314e-06 1.8836528016905464e-07 6.317386506500912e-07 8.434763340364024e-08 0.0018774566158741802 0.0017738438412571319 0.002770993029752256 0.001097010118698343 2.8904421777141245e-06 1.3061383627760564e-06 0.0026131829165778804 0.0006949749489174663 6.588289356403021e-06 3.94645295386e-06 0.0 1.220720113701911e-07 1.3010674766568561e-06 7.112941416122397e-06 1.1357108775614802e-05 0.0005454130768927115 0.00017996558406166386 6.558270069039704e-05 8.603093700065454e-05 1.1708921642803468e-05 7.716151662902249e-07 8.320330181557427e-07 1.3949961383247183e-06 8.557842803959217e-07 5.7526461817103594e-06 2.5345524937664153e-05 3.8190817866792494e-07 0.0 2.243626814968025e-07 1.3151998801489087e-05 1.09693380433873e-06 4.154157980381848e-05 4.3574435355490364e-07 6.25691936831466e-08 0.0 3.420088740794186e-06 2.693340625734589e-06 1.8964856277667196e-07 0.0014753066080198203 7.93297651099601e-07 7.026499201945893e-08 3.486767811683917e-07 0.0 0.0005161887790543179 0.0006729913127666806 0.0011958867124746229 0.0003515098589077403 5.218857359964062e-07 2.789148916919292e-06 0.00031122359607463953 0.00018136359565414567 8.200121011987553e-06 3.8268442145883694e-05 0.0 0.0 2.4877811284074257e-06 2.629250742476805e-06 1.9164010139255768e-06 0.00021628680249102117 3.0278371660782845e-06 7.845640344156225e-06 4.834795645270792e-06 1.2757537808287277e-06 0.0 4.388066159747344e-07 1.1081915902701008e-07
0.00010125762454567646 1.4341018714231995e-06 0.0004079118576155517 0.0 5.855215354016664e-08 8.214785375233226e-06 8.527272693414266e-05 0.0005234800533463342 8.499518104604052e-07 4.0996462066865244e-05 8.402540873814277e-05 7.643739879680754e-07 1.14974381541007e-06 0.0006286193711210092 1.9277826441844067e-07 1.9094429199376314e-06 0.0 6.411290408764958e-05 0.001137282647435675 2.9398528428949436e-07 0.0002801023012184092 1.3134772171332404e-06 0.001511070142119688 9.356897754231452e-06 2.2296179926787284e-07 0.00041886328382321895 0.0017152506773394814 2.8833457531222378e-05 0.0003927648041943271 0.0007924390092353642 6.995473104850431e-07 2.9575466005003196e-06 4.875068957745779e-05 0.001815959617236032 7.006735238647196e-06 0.000428566788454798 0.0011496984664080981 0.0017075365747376788 0.00037442929256053685 8.518168730512408e-06 3.0601318621613504e-06 1.2726612004957205e-06 1.1965942051374012e-06 0.0 1.7445207320681923e-05 3.842075351148604e-05 8.571423282660213e-08 0.0 0.0 8.863998759206439e-07 0.0 3.553481187907416e-07 0.0 0.0 0.0 8.148315470460498e-07 5.3574829879729104e-08 0.0 4.846688778238665e-07 8.976645148087598e-06 0.0 3.453013444825165e-06 0.0 1.9035480930518458e-07 1.282156605097883e-06 1.476857378447595e-06 2.5173504833411915e-06 0.0 9.261131259775112e-05 0.00020454189842787689 2.998019550283482e-06 2.5858525263308833e-07 4.301872544348871e-07 0.0 0.0 0.0 4.5919795146874937e-07 2.2339996948251004e-06 1.0015108002593871e-05 3.580883555015929e-05 1.8292809517651753e-06 6.949041326701821e-07 3.678209235903133e-07 0.0 0.0 0.0
8.513237498730671e-06 7.011038192616053e-07 8.229301140604857e-06 8.031039032966288e-07 0.0 3.445565937086586e-05 2.9852190342538343e-05 2.319906924215008e-05 5.506823423361993e-07 4.7668795773912265e-05 0.0010064551349574975 1.6567607902779383e-05 4.226633175755765e-05 3.8129639192550296e-05 1.7072667106851828e-06 1.8836528016905464e-07 6.411290408764958e-05 0.0 0.0002506377814404886 3.169554045279943e-06 1.7558822211221968e-06 1.0669670680249214e-07 1.0941729909156244e-05 2.4466866997014127e-06 2.3178427257848236e-05 0.0007598147897251696 0.00036973971507414747 6.192817712028618e-06 5.874695413419794e-05 8.896983472790928e-06 0.00013702996469045663 6.6212988055118606e-06 1.165674745635799e-06 0.000723343892869082 3.8037877714248994e-06 0.00024671313764750995 0.00042159551454144534 0.0010950641434454569 0.0003064888864208586 1.352186152321698e-05 2.362372695797542e-06 5.935584487837483e-06 2.8758891198224536e-07 9.54228765719953e-08 1.8343680759225816e-06 2.545348623350586e-07 9.815083995721011e-08 0.0 0.0 4.590649248100295e-07 0.0 4.14032834916949e-07 2.150979705772744e-07 5.654104799813172e-06 8.540136674086105e-08 5.587504305439119e-05 2.0342451069229922e-07 0.0 0.0 0.0 2.4662808664663063e-06 1.9058775576781398e-07 0.0 0.0 4.300039727600331e-07 0.0 3.875616625294824e-06 1.2175065685448345e-05 8.473704402003194e-05 6.02966112831545e-05 2.7324643765674723e-06 6.390355582437634e-08 0.0 1.6131861278422248e-05 0.0 0.0 1.2828497584690632e-07 1.5049940959656176e-06 1.2386093094335515e-05 6.511813242680882e-06 4.5587604263778544e-07 2.0952594904256933e-07 0.0 0.0 3.3355042681240844e-07 2.386605399650506e-07
5.2676783496183346e-05 2.4349878194469708e-06 9.553931347948535e-05 7.839722412758805e-07 3.0261849592075243e-07 3.818008174586073e-05 7.048120351215445e-05 0.0002733498818831455 2.3345769725762805e-06 7.976361708101064e-05 0.0007106436219087312 1.4717138036785115e-05 1.195828731220589e-05 0.000305979943140224 9.81204607684181e-07 6.317386506500912e-07 0.001137282647435675 0.0002506377814404886 0.0 3.3083371786549396e-06 2.3575661188935082e-05 1.3600593683465363e-06 0.0002553340301946642 5.446212949795761e-06 4.169180610889622e-05 0.0015220448913991957 0.000872833748806916 1.3341349028610985e-05 0.00022630281711140746 0.00010292227136669293 3.4295976481090834e-05 4.27285651723754e-06 1.7827506577451466e-05 0.0030164256942160593 1.1209964174448252e-05 0.0007042085260209707 0.0008392795547826942 0.002330864512647788 0.0005506663649266167 1.448817097935609e-05 2.848690716711375e-06 3.886219032469975e-06 2.2714012764516913e-06 1.524921692192049e-07 9.323887665333091e-06 3.33790419520307e-06 6.80334196950787e-08 0.0 0.0 1.0631524131311555e-06 0.0 7.567038983570687e-07 7.715078528623713e-08 2.451372923636423e-06 1.2271602259855475e-07 2.2487272868469034e-05 2.6191467673811644e-07 0.0 2.3255900249246074e-07 1.4005728501473733e-06 5.763261609953883e-06 5.631399926847429e-06 1.377190732942777e-07 7.241081002053971e-08 8.622911921119779e-07 2.1067304208835347e-07 4.568255673285417e-06 1.0004668917462819e-05 0.00015364456948575205 0.00021649297350547804 4.8102890979871645e-06 4.575369767782474e-07 1.631977582236985e-07 6.486709195064669e-06 0.0 0.0 4.806651335884185e-07 3.1357692118245352e-06 4.1208432611108546e-05 6.282731455672258e-06 1.451952634277565e-06 2.55801055353632e-07 9.141510391535989e-07 0.0 1.474300779531059e-07 7.335836082546415e-08
3.4729739046061673e-07 1.6794883969477252e-07 1.2437337481882435e-07 0.0013890285695919032 7.3401363692237534e-06 3.517849621380325e-05 2.368963032011826e-05 3.7393529898026214e-05 0.0002451172623785651 0.0011557189705867746 1.0325889392760715e-05 0.0018763384983550286 1.5449461354304772e-06 1.939250877163482e-05 0.00013499175970092475 8.434763340364024e-08 2.9398528428949436e-07 3.169554045279943e-06 3.3083371786549396e-06 0.0 4.4166829536934757e-07 0.0 6.975860267044935e-07 0.00021129774613159585 1.98763738665675e-07 2.3109304601003206e-06 2.1311669562704703e-06 0.0012003623813726671 2.491324257080032e-05 3.644605417825904e-07 1.4597406118657236e-07 5.747955677493358e-06 2.701958644617559e-07 1.0966725485415686e-05 1.121730996286226e-06 0.00010484549609627977 1.5654857849482597e-06 2.5550449543016372e-05 8.852600336725526e-06 0.0002621927254917691 5.6722227018249344e-06 3.5268456238559114e-07 3.353386385170424e-07 0.0 0.0 0.0 5.705390280770538e-05 0.0 6.960546850849268e-06 7.461338496632143e-06 5.134992758635884e-07 3.646164686708516e-05 8.765019935193104e-05 4.121973193379747e-07 7.097372354002312e-05 0.0 1.9369475073889856e-06 2.147896767338117e-06 1.5615454519641183e-07 0.0 0.0 0.0 3.93516175244296e-05 0.0 0.0 8.415209210005204e-08 4.0712590597814414e-05 0.0 0.0 1.7369937602186164e-07 4.94719159845711e-05 1.1411387680343125e-07 1.2267519771948075e-07 0.0 0.0 0.0 1.3335925465277964e-07 0.0 2.5294113993081066e-05 0.0 4.880168513193755e-07 0.0 8.94172834314685e-05 0.0 0.0 0.0
1.6731769008301333e-05 2.899611717689973e-06 0.0005792816160653799 7.201834420644629e-07 0.0 1.3311256235739763e-05 0.0011612660052454568 8.397340533494874e-05 3.036773176572041e-05 0.00013254453464087122 2.8638912370903616e-06 1.4850756009703666e-07 3.5742873638264367e-06 7.488477796708375e-05 0.0 0.0018774566158741802 0.0002801023012184092 1.7558822211221968e-06 2.3575661188935082e-05 4.4166829536934757e-07 0.0 0.00019719632218969857 0.0054583606450242786 0.00014728618324389944 4.705270230186218e-06 3.472863245349464e-05 0.0015289010899807822 0.0028970532149670855 7.308403629561065e-05 0.004040024700771796 1.3232386345028027e-07 3.944143967003863e-07 1.4442745572098073e-05 0.001138516235352115 0.00010948286905578271 0.005489923216994149 0.0007913124514056269 0.003541318452006776 0.002656458852690727 0.00015058160075631492 8.478340895819808e-06 1.2559449534164258e-05 2.2655621459468405e-05 2.81518934155165e-06 8.699156043558004e-07 1.731961430429035e-05 1.6818442641555638e-07 5.7675105737973745e-08 1.6010606548600976e-07 1.6633047165209846e-05 2.239659489173981e-06 3.973366949353906e-05 2.2911547958623297e-07 5.102994969945073e-06 0.0 7.736611690163882e-06 8.351096884553113e-06 1.1409870207738322e-07 0.0003495876493348861 6.331930138761084e-07 0.0 7.666133729334794e-08 0.0 0.000518688089000618 0.00014794766296538566 0.00014087152635595244 0.0003906713184842974 0.0 2.491842850188831e-06 3.663384735143162e-05 0.00024853086947482364 1.9192715431411235e-05 7.354871866250561e-05 0.0 0.0 6.410709647939407e-06 6.1734339549152794e-06 1.5229364753273862e-05 0.00028903064410511816 8.337234785824903e-06 9.742507074714741e-06 5.570171988812298e-06 1.8652408713393623e-06 4.8387659762733505e-08 7.1454639268352645e-06 8.42842672079337e-07
4.501555205491291e-06 0.0014506541460537802 2.525058958521093e-05 5.813706530936084e-07 7.218282553112784e-07 4.855735266865612e-07 3.1171158014800995e-05 2.2093117536962547e-06 0.0020527974136456523 6.6113576072875575e-06 1.427990234287335e-05 2.0835203439816166e-07 0.00012790088827930983 4.65753040236672e-06 1.7612231020227162e-05 0.0017738438412571319 1.3134772171332404e-06 1.0669670680249214e-07 1.3600593683465363e-06 0.0 0.00019719632218969857 0.0 0.00016741789178629487 0.0025154363676689433 0.00028946781450896013 1.2025342016137594e-05 0.002567960553890204 0.00024974769291892334 6.879269336660972e-05 4.9388199490010925e-05 4.006372197929167e-06 0.0 1.8457719568894246e-05 8.531852472142832e-06 1.1949388488802071e-07 5.538965028626589e-05 1.9066330756590404e-05 1.3966203377334652e-05 6.808673732056079e-06 3.678593443926876e-05 1.1676363493111077e-06 7.679540153747797e-06 1.6344792944217164e-07 5.371373719534856e-07 1.2006112804237488e-05 0.00010680914371437266 1.4749871565400133e-07 1.005438149571304e-07 0.0 9.811216386980679e-06 5.757778023550671e-07 2.1128410194878215e-05 3.9663095199331817e-07 2.155268084255033e-06 0.0 8.321662367513179e-06 1.4679364868109425e-06 3.3747750894461785e-07 0.001050455143810914 2.668179353000939e-06 0.0 2.734598993746417e-07 2.1714530154252265e-07 0.00013792850637922333 0.0001284109534894376 0.0004991166643967043 0.00024519973678034705 3.5787402583262185e-06 7.0077676606856605e-06 0.0010049333421424291 9.509158444899472e-05 3.8033409054794805e-06 1.047536507604959e-05 1.1678479889805415e-06 0.0 1.3416402110771281e-06 1.0750881686965382e-06 5.119103045272949e-07 1.6509057127940573e-05 6.0027947146889356e-06 4.8226494259871324e-06 5.630489407240067e-06 1.28148378081338e-06 1.5102561845341352e-07 6.457478288786276e-07 7.597898825502496e-08
2.1065042345631154e-05 1.9404727386256404e-06 0.002387620528034105 3.126711526881011e-07 0.0 7.2531713073381504e-06 0.00046096820516468447 0.00013050236621834903 1.4221492294695282e-05 6.413529958633859e-05 8.87554586066148e-06 1.877004307257348e-07 1.8905171575028894e-06 0.00017683446167715777 6.73149000211519e-08 0.002770993029752256 0.001511070142119688 1.0941729909156244e-05 0.0002553340301946642 6.975860267044935e-07 0.0054583606450242786 0.00016741789178629487 0.0 0.00023447621447564567 7.760987166201826e-07 0.0005539831842950375 0.005919010690660462 0.0015068846132312538 6.575809062912185e-05 0.002482159853537189 4.5384721150185823e-07 7.321374406422473e-07 9.315619998794983e-06 0.001003512540900365 0.00014422306918311927 0.007840531412079221 0.007189048058173875 0.0052494860826450725 0.0035941155142879366 0.000342775593648401 2.831844714460469e-05 1.1973333769466564e-05 2.6717998718752784e-05 3.857220000330929e-07 3.2512187844149532e-06 0.0002052975072048227 0.0 7.378234753725121e-08 6.468200395173695e-08 1.1718949784818907e-05 6.865306891001765e-07 1.023097902363764e-05 4.6711252177596095e-07 7.004473321376275e-07 0.0 9.493635178642797e-07 1.6446063244678283e-06 5.301461215495694e-07 0.0014816348226935907 2.3946190156829893e-06 0.0 6.944186135256042e-07 0.0 0.00032276195792826153 0.0003535497483188969 0.0014230667375383535 0.00020047524884792605 0.0 4.48098638247257e-06 0.0008650337084920061 9.737785660553982e-05 2.697603345052731e-06 1.5346410551152155e-05 0.0 0.0 1.227115494785962e-06 2.494789544994906e-06 2.0541590274231842e-05 0.00030348637022258225 2.091736369142781e-05 8.291186773254043e-06 7.2245826280863604e-06 3.3312862980277677e-06 1.1928328735461225e-06 8.667886826445456e-07 1.5709474382854374e-06
