0.0 1.6633668028884442e-07 1.8135302541364176e-05 1.6977859166953472e-06 1.049312220635637e-07 2.248013795608974e-06 0.001124083897634678 0.00015695749541183546 4.844200382892269e-06 1.0369998010064303e-05 1.3599165390860008e-06 0.0 6.497963663089486e-08 0.0015229362791521982 0.0 5.358257553123727e-07 2.9755425059944408e-05 4.2354020230371355e-07 1.0678063388460054e-06 1.1665162474531734e-06 3.2128297473334426e-05 4.2490297041303574e-07 0.00010711228042045529 2.339921391404923e-05 0.0 7.170569534691802e-07 2.3766786268760136e-06 7.53783567381368e-05 0.0015050101851669627 0.0011913552195671631 6.383972316227417e-08 3.955704783683568e-06 2.0074872771323334e-06 2.4875843017575237e-05 3.935732662610597e-07 3.613953789440979e-06 9.271077137615114e-07 1.2434974089755564e-05 3.5058345105965865e-06 0.0 0.0 0.0 0.0 0.0 0.0 0.0 3.6472472503462336e-07 0.0 0.0 5.056149305589869e-07 2.1279892810531203e-07 1.883770212944863e-06 0.0 0.0 0.0 0.0 0.0 0.0 0.0 0.0 0.0 0.0 0.0 1.215337170681551e-07 2.9518106263772805e-07 0.0 2.6642027182390168e-06 0.0 0.0 3.6429473539239237e-07 1.983306568801308e-06 0.0 2.575240492916459e-07 0.0 0.0 0.0 0.0 0.0 0.0 0.0 0.0 0.0 0.0 0.0 0.0 0.0
1.6633668028884442e-07 0.0 0.000565292985480498 9.162214056778879e-08 0.0 1.508678471077559e-07 4.2780537919777106e-07 8.811828837717787e-07 0.00018967113749545462 5.277114873799445e-07 0.00013153148008789215 6.5893736311291e-07 0.0003188881567930812 5.978526025669987e-07 1.8405823574478077e-06 5.183764898867903e-06 0.0004226881962257877 7.09079739277005e-06 4.396226401509594e-05 1.5396463732497694e-07 4.397691322245655e-06 0.001008117120456594 2.1418583975922477e-05 0.0003735714713232052 0.0010228224857009522 0.00039675564692087716 0.002842920416473807 4.668749714610398e-07 2.7276394765452385e-06 1.3632688586410644e-06 5.954608903524388e-06 5.213867342247282e-07 0.0 0.0001651372394648235 4.179418668808393e-06 0.0002369771732508852 0.00025450228277237467 0.0006835812485939344 0.00010885103177008384 6.837719381424237e-06 2.5249872666707956e-06 0.00011125007978963191 3.8860830981995626e-07 4.3584455816273137e-07 0.00016262579932674532 0.00016919348834932123 0.0 0.0 4.4052192827824994e-07 1.580222111428833e-06 4.811484464299238e-07 5.198499158422559e-07 2.937116438057303e-07 5.071008731173908e-07 0.0 6.265902772041157e-06 1.59590929423208e-06 0.0 1.8753295974221027e-06 2.1157399343460587e-05 9.966684270678338e-07 4.6209176237819644e-05 1.5983494806591684e-07 2.6631969329111365e-07 7.005314807027211e-05 1.4170511779613744e-05 4.475953462892951e-06 3.948093730582482e-06 0.0002957729203333084 0.001623061106852633 1.969500907525142e-06 8.724702684355804e-07 5.014941512244177e-06 8.223005927111268e-07 0.0 7.656710878262941e-08 9.791640821992254e-06 1.0816810025220328e-06 1.814730592364392e-05 1.8891324555756195e-05 2.339025450783315e-05 1.0329477508950665e-05 9.360492383555316e-08 0.0 9.986733520224806e-07 9.741262301915264e-08
1.8135302541364176e-05 0.000565292985480498 0.0 2.2809408483393803e-06 3.1525631455482003e-07 0.00018128929427420654 0.00044371553313851697 0.0003057433043637781 1.0671756309248745e-06 2.948220226709862e-05 8.900727151417944e-06 6.626880253537005e-07 4.453129553255425e-06 0.00011614613366549272 0.0 9.02279592730194e-06 0.004868076328561323 2.8728714661117262e-05 0.0004143426226532272 7.288312507634324e-07 0.00015671991557486718 0.00011170745807017721 0.006466806700556024 6.965115985005373e-05 1.3550974366140449e-06 0.004044262532838829 0.0030680285496965426 5.875237468091829e-05 0.0001692276685586932 0.0008109098947265081 5.3786337626448456e-08 4.135919754028614e-06 1.5012393153193658e-05 0.0006159697544259278 1.5227161440037482e-05 0.0006250129475914958 0.0013965087876463885 0.001665679950987662 0.0003078269676544425 2.959040618810583e-05 6.374251300948557e-06 8.869031326645492e-06 4.7488658887165495e-06 1.1788315197282829e-06 0.00016960110319392283 0.00037830772881523677 0.0 0.0 3.355855888118256e-07 9.49516318200229e-06 2.1955972232483085e-06 1.603233400017304e-06 6.629563402110727e-07 5.828314382971287e-07 0.0 2.1905097792935753e-07 6.296843958281889e-06 0.0 1.6060028713494146e-05 3.723299755546743e-05 4.3896276053073524e-07 7.677531151615425e-06 0.0 6.0094639795865395e-06 0.00016714200899100562 0.00019929779500117427 8.75169944995774e-06 8.274325064174609e-07 7.650035048906152e-05 0.0018725501966723422 8.93267253078733e-06 5.955456975927689e-07 1.3067789922908121e-05 8.843006335078964e-08 1.3135051990440873e-07 1.8678967747827677e-07 1.3440276422137033e-05 2.728229090816135e-06 4.050899345912742e-05 2.992360168885281e-05 5.3008999914466146e-05 2.0032834654069374e-05 2.4241841326155015e-07 2.5349059862326974e-07 3.7994422194709614e-07 0.0
1.6977859166953472e-06 9.162214056778879e-08 2.2809408483393803e-06 0.0 3.506978817257049e-06 8.439266336802528e-05 0.00023432551269064828 8.067538991774038e-05 0.00042984796595301193 0.0022601545695213406 4.104033605535417e-06 0.0002325685329763028 2.007740245106205e-06 3.836555232125151e-05 3.685616061947224e-05 4.229644971444417e-07 6.765524488989255e-08 6.469235117238762e-07 3.120423778802323e-07 0.0009255070343076269 5.636055644932035e-06 3.692561559796983e-07 2.6472626077726546e-06 0.0009376640613683831 2.413737260867839e-06 1.2816159779791415e-06 3.539335250280558e-06 0.0014381525862611892 0.00012514890217608034 1.6815569175484418e-06 1.4419620219963105e-07 3.7681345984299767e-06 3.87493558956681e-06 3.5503150311088556e-05 4.291347792844036e-06 0.00015659139039917493 6.140773996924707e-06 6.880215137206095e-05 4.127980296790906e-05 2.586908335451017e-05 9.261771217726867e-06 0.0 1.7561257843531045e-06 0.0 0.0 0.0 7.947629666175771e-05 0.0 1.3452789979129012e-05 3.998828888375664e-05 1.0911515685903437e-06 4.9314349096406394e-05 0.00015395430344079835 6.514441061290746e-08 5.9145600171462994e-05 0.0 4.5980322659045113e-07 2.8799266707481577e-06 4.998929020241396e-07 0.0 0.0 0.0 0.00011544904997266382 0.0 3.4781747031815657e-07 4.043744475994918e-07 0.00015798967725153478 0.0 1.3205242948386282e-07 9.747966099662588e-07 9.567846914744905e-05 4.298934872430369e-07 0.0 0.0 0.0 0.0 1.8771658770608356e-07 9.736361842855478e-07 6.465877813407864e-07 0.0 1.5644312599482818e-06 2.450624437900972e-07 3.2897448368480494e-06 1.2949251926019424e-07 0.0 0.0
1.049312220635637e-07 0.0 3.1525631455482003e-07 3.506978817257049e-06 0.0 0.0005391428464691161 4.864070518013538e-06 1.701013056375816e-05 0.00013574517003560812 1.8620438600165052e-05 9.416949339839842e-05 7.088974087158715e-05 8.353950633241274e-06 1.3850227997491726e-06 0.0007757616695429545 0.0 3.6959574172144685e-07 8.73915652514393e-06 4.502299471643713e-06 1.0813536857669553e-05 9.764709112905149e-07 4.548014259137679e-07 1.1936986240791533e-06 2.9747763855230273e-05 1.0191345658119273e-06 1.0350416978916708e-05 6.466548975969506e-06 3.238254237500931e-06 2.0957233115710003e-05 1.3305024103542312e-06 1.1234143653891911e-06 4.489034287985838e-05 8.715161257434357e-08 0.0006365193400968902 4.963962078074364e-06 0.00015887652258683496 1.1593484168206535e-05 0.0003891544461675428 0.00012800550406007026 0.001406086005502391 0.000155869522112527 3.0120212109727294e-06 6.450002436916276e-06 0.0 1.1540082125702082e-07 0.0 2.5121179516660055e-06 0.0 0.0 1.8150208076824769e-06 0.0 1.7694446213973092e-06 3.476450527148473e-06 0.0 1.6607925522215876e-06 0.0 0.0 0.0 0.0 0.0 1.6564810471226536e-07 0.0 3.955129472580292e-06 0.0 0.0 0.0 2.010649581821347e-06 0.0 2.0382901550437235e-07 1.798133740348158e-07 2.2326098911407667e-06 0.0 0.0 8.074811744607933e-08 0.0 0.0 0.0 7.9461205115892e-07 3.367585923339068e-07 0.0 9.202137254204631e-08 0.0 3.846948140566769e-06 0.0 0.0 0.0
2.248013795608974e-06 1.508678471077559e-07 0.00018128929427420654 8.439266336802528e-05 0.0005391428464691161 0.0 0.0019057837421569172 0.002076802445771504 3.763162921204118e-05 0.003455929822879812 8.359365170297682e-05 0.003183902433562668 1.0906487685828135e-05 0.000145059581511049 0.00022687122678507744 3.60539800306591e-06 1.1480065879938471e-05 9.351574156190755e-06 4.601718372188093e-06 0.000423460993113382 0.0002628863787265477 9.697187192068758e-07 0.00014350753826930765 0.0004060530414502576 3.754947461289568e-06 1.5620498576230858e-05 4.039200854341863e-05 0.0006999344801663682 0.00012854892947281033 9.636346443242952e-05 9.645710166353162e-07 0.00020042056822148344 2.164473083198961e-06 0.00021070448619035225 8.542648793131841e-06 0.0002184720460478916 1.6057375353423655e-05 0.00022187190043391572 8.931462517419647e-05 0.0004968638093968528 4.0433607362788736e-05 1.9850338067559863e-06 6.669088219575183e-06 0.0 7.012803146298724e-08 4.2864096428607893e-07 4.2164336919841864e-05 0.0 9.328138352143345e-06 0.00010799773107976066 5.204258329397523e-06 2.638474620174678e-05 8.129272817392882e-05 3.7456763674311984e-07 1.4037643073785359e-05 0.0 4.184516826826139e-07 2.0354133865241002e-07 1.2209004372508569e-06 1.0046798410603535e-07 0.0 2.4124807227997924e-07 2.9407391620315303e-05 7.438043721523367e-07 1.3071170614494864e-06 9.371005904017029e-07 0.00018715141200524092 6.797693303433174e-08 3.999740455980035e-07 5.6231820645373475e-06 9.179364601134463e-05 1.1034692850776415e-06 5.376745968172322e-07 0.0 6.690121022236273e-07 0.0 1.5377886708100918e-06 0.0 3.2176202301574548e-06 1.6869731533056956e-07 1.4830907645142564e-06 3.5585899231876577e-07 2.091862461688721e-06 0.0 0.0 0.0
0.001124083897634678 4.2780537919777106e-07 0.00044371553313851697 0.00023432551269064828 4.864070518013538e-06 0.0019057837421569172 0.0 0.0035179258063535754 0.00014403673745652272 0.004070222047539289 2.4157744078877403e-05 8.83421775160442e-05 3.86915384024832e-06 0.0028300509332497073 9.344868180485298e-06 1.5106423646854194e-05 2.477518138157282e-05 1.6709398823042664e-05 1.595503988470411e-05 3.596722152089076e-05 0.0007604060039133694 3.0376344939001724e-06 0.00042491395832899034 0.00258639665811807 5.190934880833155e-07 2.73922661002182e-05 0.0001275965087787404 0.009715693894808797 0.0010869072347769605 0.0020662219594019637 4.967734748875011e-07 2.482229626066898e-05 7.07094605305475e-05 0.00015470487009073782 2.1540558668275013e-05 0.000508503626216379 2.6771684209378324e-05 0.00025254608884826336 0.00014546858122284624 3.557702869061256e-05 2.301654135489088e-05 6.2586051052832e-07 6.267181845852083e-06 7.722781821022901e-08 8.082453768380236e-08 4.133497119068569e-07 3.780024129412494e-05 0.0 9.884267347391611e-06 0.00020853366242085355 3.6804596422180344e-06 7.705806010148368e-05 5.8983387915526674e-05 4.27243221044615e-07 1.5135426684656276e-05 1.849723391527336e-07 1.62223953009286e-06 1.0207633323683778e-06 1.4691606933702121e-06 0.0 9.665391612553551e-08 0.0 2.7030378881880836e-05 1.8385612761973447e-06 1.8836764489182574e-06 4.018494938701812e-06 0.0003672483541234047 7.657248711445997e-08 5.77241173567049e-07 1.1174024373135637e-05 0.0002363014537298592 1.6327080429697886e-06 2.746539360604276e-06 0.0 9.647409559459188e-07 1.002828310389579e-07 2.8970479937216423e-06 1.5118050604481696e-06 1.1964396099553618e-05 4.6128037211500943e-07 8.068537435945229e-06 4.003140813090984e-06 1.0710879285449248e-05 2.9374859720547096e-06 0.0 0.0
0.00015695749541183546 8.811828837717787e-07 0.0003057433043637781 8.067538991774038e-05 1.701013056375816e-05 0.002076802445771504 0.0035179258063535754 0.0 1.679101185079823e-05 0.0024371431039699257 3.1474759566648474e-05 0.0005909711828283048 1.3902697085801414e-06 0.0024308087380956037 2.0107298254672426e-06 3.1151856883055244e-06 0.0001014097028623018 5.32206984145786e-06 6.3744698795491995e-06 0.00029122480361428685 0.00036778786650685857 1.6414171703779189e-06 0.0006194536437291562 0.0002494126766696695 5.031312808206108e-07 1.8042122393916536e-05 4.588698140659628e-05 0.0007290988262918811 0.0006038314106675354 0.001103157772231143 3.7812174491836834e-07 7.0916368518548e-05 4.235024368291172e-06 0.00012800630397776587 4.1868298822689474e-06 8.438182312189244e-05 8.055199939817129e-06 8.424749386881705e-05 1.680226086612539e-05 0.00025535521202764655 2.4865179963513397e-05 6.40100501387748e-07 1.1444742727126743e-06 1.235015794589004e-07 5.529622707420085e-08 2.6246659246673465e-07 4.298542035878418e-06 0.0 7.505308973454573e-07 1.9644734293077792e-05 8.881749494550606e-07 1.0670705180855976e-05 3.831652585522083e-06 0.0 1.0286319276879327e-06 0.0 4.3623730418830607e-07 0.0 7.396467139691616e-07 8.375135663993491e-08 0.0 0.0 3.1419363819135086e-06 3.5536543718439484e-07 1.4753252521130937e-06 1.3569816899076892e-06 4.905524785396798e-05 0.0 3.162017773649017e-07 5.542141482991468e-06 3.5716539657552e-05 6.915822398000484e-07 4.5985191913130123e-07 0.0 1.74919773679385e-07 0.0 2.0167462085056522e-07 1.1784768533570847e-07 1.7185245033049816e-06 5.656404845642219e-07 2.0783196410866382e-07 1.675740267648944e-07 2.385492434726842e-06 7.043876804579999e-07 0.0 0.0
4.844200382892269e-06 0.00018967113749545462 1.0671756309248745e-06 0.00042984796595301193 0.00013574517003560812 3.763162921204118e-05 0.00014403673745652272 1.679101185079823e-05 0.0 0.00023101868770967828 4.181906312357534e-06 0.0003370783125307539 4.1525530972275565e-06 1.2473270288551756e-05 0.0008948005504963342 0.00011821313214172944 4.8163083699942745e-06 1.3021247234417762e-06 1.296780424204026e-06 0.0004731008898131987 9.905846513483046e-05 0.0009095821090554128 3.44929481373567e-05 0.0041545279936882245 4.4258750329642896e-05 3.1830729160900033e-05 0.00048660004029382113 0.0005221364315924666 7.991825275150654e-05 8.495202111964861e-05 0.0 2.7057233068438454e-06 1.0293089473061892e-05 2.0057114488783594e-05 3.2296301995624256e-06 0.0003358855682144445 1.637512136700889e-05 4.793685762797035e-05 2.616034951875828e-05 0.0002215106448074629 8.756065356084376e-06 1.7621242644691234e-07 2.1933732138103223e-06 6.533316189048122e-06 1.8030771195609669e-06 2.142152207340021e-06 9.551481099356359e-05 2.881198561024787e-07 1.3785545180876903e-05 0.00016733835381813918 1.067983422285305e-05 3.1086689787597186e-05 0.00014787384776550832 9.498744906047703e-07 5.8647604803484566e-05 8.699341719742347e-07 2.422899736918604e-05 5.115455883130981e-06 0.00012467771989568428 5.23479826545829e-07 1.4962619796624142e-07 8.653821649160971e-08 8.907282400172615e-05 0.00011511599761009468 2.4971270173485796e-05 3.651249189847672e-05 0.0010214401295686511 0.0 2.2500515496881115e-06 3.570430347338021e-05 0.000556177790398106 3.545247901805707e-05 5.5503668193337867e-05 2.6204057533494484e-07 7.850329759146572e-07 4.502885624611948e-06 5.425391201002596e-06 3.1022268480386197e-06 6.03076566422613e-05 2.5476924003761637e-06 2.2489920598531252e-05 7.483295104491699e-06 1.88204014524213e-05 2.848310237608641e-06 0.0 0.0
1.0369998010064303e-05 5.277114873799445e-07 2.948220226709862e-05 0.0022601545695213406 1.8620438600165052e-05 0.003455929822879812 0.004070222047539289 0.0024371431039699257 0.00023101868770967828 0.0 8.544985712925242e-05 0.003447964999208632 1.2391572421605373e-05 0.0005426689944331539 1.434681427448104e-05 3.870279684852885e-06 1.3141920918950644e-06 2.2228440322896185e-05 1.015093522643032e-05 0.0016278942328509045 0.00010808078929190447 5.472389908131215e-07 4.602958002058884e-05 0.0008100218375518697 3.661098925647496e-06 2.9450363096470186e-05 3.9593783701691615e-05 0.0036724749913372113 0.0010421704644700117 1.2319737930653854e-05 1.477588677800792e-06 8.56611616479205e-05 1.3665489131191248e-05 0.000354928664773465 2.5016571905095173e-05 0.0006603850343672715 3.8825889259412304e-05 0.000622588639411118 0.00021586684676630643 0.00011745720131402483 7.538874992241761e-05 3.857693083724545e-06 1.1179606905848074e-05 0.0 1.8469891221758186e-07 1.0440670158305946e-07 0.00011803613753010672 2.0503589719190493e-07 2.0168235824653856e-05 8.211235080469518e-05 2.201111951704115e-06 6.196658194417294e-05 0.0002380993292623537 2.1723613706681287e-07 7.030266213801803e-05 1.984432924613651e-07 1.3677459524594075e-06 1.5215475997045137e-06 6.60782929692942e-07 0.0 0.0 2.4846372214006176e-07 0.00012586672062146054 1.7471594342313673e-06 1.4889080427733142e-06 1.7730425123887067e-06 0.00029233223252310956 6.095096256019401e-08 7.528578512497289e-07 3.3918186470614995e-06 0.0001531774586183153 2.0897400867470886e-06 0.0 0.0 6.970714770930102e-08 7.622614384489658e-08 9.868406226141923e-07 2.23305507856423e-06 3.238401023359257e-06 2.227371800643968e-07 3.2606273524046804e-06 2.010504414787652e-07 9.328801191603353e-06 9.351447786693066e-07 4.818937074939645e-07 0.0
1.3599165390860008e-06 0.00013153148008789215 8.900727151417944e-06 4.104033605535417e-06 9.416949339839842e-05 8.359365170297682e-05 2.4157744078877403e-05 3.1474759566648474e-05 4.181906312357534e-06 8.544985712925242e-05 0.0 5.282282081610274e-05 0.0014637026375524474 2.6546310768078588e-05 1.9191951972809426e-07 5.534760345588517e-07 6.471223312386368e-05 0.002350438002948367 0.000452183562977132 3.564859215624047e-05 4.6281645510379274e-06 1.6038989419559295e-05 1.6897106911919436e-05 2.377018578450828e-05 0.0008330490065703342 0.0024963379469068853 0.0010458674968134058 1.121447251172329e-05 0.00020464245188734075 6.826037522211417e-06 0.0004019259127446835 0.0001531506723318658 1.2547321626707296e-06 0.0030749357144872935 6.606114455763357e-06 0.0002961045708416735 0.0019491933749296076 0.0017855744371294024 0.000404303686708775 2.720743707497096e-05 3.9897923616737e-05 0.00033019265601382295 1.3637606245482123e-05 0.0 9.034965468084769e-06 0.0 0.0 0.0 6.190144692167787e-08 1.394201274473355e-06 2.012020571855765e-07 1.3569616835782964e-06 2.483724023256438e-06 2.0793223415950835e-05 0.0 0.00012406871802188272 1.506979077971535e-07 0.0 1.1527232705199983e-07 0.0 3.6555160148543046e-06 1.7456563502371596e-06 0.0 0.0 4.4692251591227704e-07 8.123908991615537e-08 4.877876083438245e-06 2.8968374101976435e-05 2.180980691649867e-05 4.8374661363316686e-05 7.42746499011948e-06 7.940845486330438e-08 7.766591262577305e-08 1.7638055336618943e-05 0.0 0.0 1.159177327292551e-06 3.252102701778338e-07 1.5923850347334745e-05 6.199602326809349e-05 8.671871160381707e-06 3.995042935757936e-07 2.024837605215098e-06 4.056910845319348e-07 0.00012841100731834443 0.0
0.0 6.5893736311291e-07 6.626880253537005e-07 0.0002325685329763028 7.088974087158715e-05 0.003183902433562668 8.83421775160442e-05 0.0005909711828283048 0.0003370783125307539 0.003447964999208632 5.282282081610274e-05 0.0 3.975563437930158e-06 0.00011532186358624112 0.0003964599433293392 1.528211986527208e-07 4.792124386738421e-07 1.3269961432393774e-05 6.67430495649709e-06 0.0019947661991662983 2.772395334099222e-07 1.923960692162267e-06 6.696524964671343e-07 0.0001302852582780052 1.2641999596969102e-06 1.4009493076687171e-05 1.1861923499347639e-05 0.00017021941495479805 0.00023139098903453983 5.162613224423196e-07 8.931432234216397e-07 9.651301251145716e-05 3.013963587525711e-07 0.00017019241486102048 1.843099059964077e-06 7.708567141338581e-05 1.2553698986337913e-05 0.00020442133899011453 2.0569418525191377e-05 0.0003939006098332454 2.410486830880511e-05 6.628490771040799e-07 5.327106787669278e-07 0.0 0.0 0.0 9.184798802117554e-05 0.0 3.133500037105727e-06 5.010075256179785e-06 1.7077170596712698e-07 9.511178505350649e-05 7.937393194236808e-05 0.0 9.097926345200524e-05 7.286770044665974e-08 0.0 9.001124764578296e-06 0.0 0.0 1.2936078208083184e-07 5.900133857194335e-08 6.526717093576326e-05 0.0 2.0769893825969456e-07 0.0 4.8969679281479364e-05 0.0 5.064621722496483e-07 7.174013956848196e-07 3.216137114152057e-05 0.0 0.0 6.318810364797629e-08 7.450516818549757e-08 0.0 4.263804727180224e-07 9.74240527730547e-07 1.4437370312528231e-07 0.0 0.0 9.808728948410655e-08 5.692467067513777e-05 0.0 2.552584083702427e-07 0.0
6.497963663089486e-08 0.0003188881567930812 4.453129553255425e-06 2.007740245106205e-06 8.353950633241274e-06 1.0906487685828135e-05 3.86915384024832e-06 1.3902697085801414e-06 4.1525530972275565e-06 1.2391572421605373e-05 0.0014637026375524474 3.975563437930158e-06 0.0 1.408502141659008e-06 0.0 5.949909945530413e-07 1.0468755221366178e-06 0.00013300398135901377 4.335746097832908e-06 5.9607735634438085e-06 1.415588759480886e-06 3.1834507550837696e-05 4.387943244905049e-06 1.1700340465634848e-05 0.002947978878132003 0.000319061766687356 0.0023299224138194066 6.213526712896895e-06 8.423174535173061e-06 9.679828386457011e-07 0.00045105913554702924 8.176489810775199e-06 0.0 0.00033485213432039526 1.3907071000849904e-05 0.000895125160113348 0.0040398126228561836 0.0036061954338475312 0.0005446644108858554 9.489956711304077e-05 7.119063284931564e-05 0.0006901612297513084 1.3799614880970384e-05 0.0 2.223540560874701e-05 0.0 7.722298836174356e-08 0.0 0.0 1.5800251313568094e-07 0.0 0.0 0.0 3.669272033595167e-05 0.0 0.00019191055533227726 8.207145865552695e-08 0.0 8.674571892372964e-07 0.0 7.385415594343923e-06 2.204388937337983e-06 0.0 1.1148894644840408e-06 0.0 1.3127660671483013e-06 2.1309246041636418e-06 6.0852482940040646e-05 2.780059060771729e-05 4.5463221992007284e-05 3.3196025501538945e-06 1.831709015191172e-07 0.0 2.079335457802145e-05 0.0 0.0 1.2286693736791158e-06 8.992538635891572e-06 0.00022541717008761237 0.00011162934240653354 2.826551836745178e-05 1.7298067151872244e-06 4.9075699258958185e-05 3.285179570338171e-06 0.0002674119975586921 0.0
0.0015229362791521982 5.978526025669987e-07 0.00011614613366549272 3.836555232125151e-05 1.3850227997491726e-06 0.000145059581511049 0.0028300509332497073 0.0024308087380956037 1.2473270288551756e-05 0.0005426689944331539 2.6546310768078588e-05 0.00011532186358624112 1.408502141659008e-06 0.0 8.766610060220548e-08 2.281889618024776e-06 0.00010722082057772826 6.093151019897911e-06 6.898304638720278e-06 8.551097264746633e-05 0.00017253987397490081 1.3845805570955135e-06 0.0005289508389407016 0.00014441930887109218 6.579214814314152e-08 1.0591776792696817e-05 2.0502713839214096e-05 0.000392505102529401 0.0026280103198788175 0.0020008395852107747 4.5664029886695735e-07 5.055682905173654e-05 1.357619241622948e-05 0.00013134399595594786 4.388477797838196e-06 0.00015841745083999888 1.6050312703791447e-05 9.38779194923931e-05 2.168835786289366e-05 4.0762869439189217e-05 2.082784694896795e-06 6.302426794523945e-07 1.8603268952081302e-06 2.2629477084263257e-07 7.91398151759899e-08 0.0 1.3145755083786917e-06 0.0 1.8831839108743614e-07 1.0251025252260776e-05 2.1028723649028262e-07 6.062231985994224e-06 1.0375816901822911e-06 0.0 0.0 1.098663154503051e-07 6.200394940623854e-08 0.0 9.792409225858411e-07 0.0 0.0 6.788908517273907e-08 2.797960515569808e-07 6.82591463531671e-08 0.0 3.8947851325997736e-07 2.6346050909428428e-05 0.0 5.8589715134151506e-08 2.150695639527123e-06 1.9315458073262112e-05 2.877772936404397e-07 1.4022162030193487e-07 0.0 0.0 0.0 0.0 4.799806934377287e-07 1.8521109182282138e-06 0.0 7.810400224874407e-07 9.44746373681204e-08 0.0 3.446861256501944e-07 0.0 0.0
0.0 1.8405823574478077e-06 0.0 3.685616061947224e-05 0.0007757616695429545 0.00022687122678507744 9.344868180485298e-06 2.0107298254672426e-06 0.0008948005504963342 1.434681427448104e-05 1.9191951972809426e-07 0.0003964599433293392 0.0 8.766610060220548e-08 0.0 2.1903709011805645e-07 0.0 0.0 0.0 4.406399927263337e-05 5.905760178048004e-07 8.324979167844567e-06 5.928853936166237e-07 0.0005014348076961394 3.2380884198030386e-07 2.5485376078858753e-07 4.974664857240621e-06 2.7764753190531104e-05 5.6532343882541626e-06 0.0 0.0 8.699917925459236e-05 2.244159757570336e-07 1.0792389800070087e-05 8.983572711776317e-07 0.00010128261825947775 3.376701556782129e-07 7.163264269043226e-06 4.7942190073577755e-06 0.0005950880813876036 7.59170497620242e-05 0.0 6.039374182216003e-07 0.0 0.0 0.0 1.7561395134769912e-05 0.0 1.3075240147912234e-07 3.9147257504934285e-06 6.62886789327866e-07 2.3898730135817238e-05 2.734453535420171e-05 0.0 3.6711455898660574e-05 0.0 0.0 4.942843935664842e-07 0.0 0.0 0.0 0.0 2.029428250528611e-05 9.126024806164594e-08 0.0 0.0 1.274306631188474e-05 0.0 0.0 1.0152471448403723e-07 8.64246115858773e-06 0.0 0.0 0.0 0.0 0.0 0.0 0.0 3.9942891705395056e-07 0.0 0.0 0.0 1.3013763301650795e-05 0.0 0.0 0.0
5.358257553123727e-07 5.183764898867903e-06 9.02279592730194e-06 4.229644971444417e-07 0.0 3.60539800306591e-06 1.5106423646854194e-05 3.1151856883055244e-06 0.00011821313214172944 3.870279684852885e-06 5.534760345588517e-07 1.528211986527208e-07 5.949909945530413e-07 2.281889618024776e-06 2.1903709011805645e-07 0.0 6.29839111903672e-05 9.031203324969295e-07 9.24642171961145e-06 1.1215933793831487e-07 0.0005551185192748471 0.0014029774084463053 0.00317496507737817 0.002135686121299971 3.6473492256477735e-07 1.2172467553856095e-06 0.0009166723783385974 0.00024310337742143207 1.2086456807939873e-05 7.357755254420802e-05 0.0 2.8038828576773977e-07 4.698542339450932e-06 6.843611236910476e-05 1.4625720254720713e-05 0.000648970947087863 0.00021739076563523948 0.00037276635605029126 0.0004647436411868789 2.0321667676972586e-05 3.893806435959044e-06 6.056001428197177e-07 3.908752995843819e-06 1.8866537549675437e-06 4.1470041338258704e-07 4.788175210802273e-06 0.0 0.0 5.820591684221529e-07 1.029100091770982e-05 1.5935107179880852e-06 2.7815748605269056e-05 3.8534351862162423e-07 2.6935034067698105e-07 1.4242413771292288e-07 0.0 3.311831973600682e-06 0.0 0.0008354812752569296 4.19524963412427e-07 0.0 0.0 8.044279327561567e-08 0.00015080970514140917 0.0005492448075750621 0.0010798147850594752 6.242284414098712e-05 0.0 2.476419556370017e-07 0.00038531841599266637 8.46141876650358e-05 6.645250574263813e-06 5.439394752939639e-06 0.0 2.0938737234897818e-07 3.8253833516615846e-07 2.644075152725981e-06 3.1300496402084304e-06 5.099897096551264e-05 1.9136717559275712e-05 1.7598309171511712e-05 2.4102658314980373e-05 2.7537529283576797e-06 1.0868257123980593e-07 0.0 1.6839923327029356e-07
2.9755425059944408e-05 0.0004226881962257877 0.004868076328561323 6.765524488989255e-08 3.6959574172144685e-07 1.1480065879938471e-05 2.477518138157282e-05 0.0001014097028623018 4.8163083699942745e-06 1.3141920918950644e-06 6.471223312386368e-05 4.792124386738421e-07 1.0468755221366178e-06 0.00010722082057772826 0.0 6.29839111903672e-05 0.0 0.00013904065264725563 0.0011902039612157818 4.2163124063413423e-07 0.0003720189146531271 4.585695320549649e-05 0.0020322556843931383 4.6942564123136624e-05 3.6285875487415375e-06 0.002150812890984437 0.003619826934397716 2.3445078719725705e-05 0.0004670839426889572 0.00025962301093302267 2.536577369412554e-07 3.373080112957379e-06 0.00015527043804769853 0.0009396427005782211 4.152897688545464e-06 9.011490967738596e-05 4.974398113282149e-05 0.00035959211782701247 9.439618987205294e-05 1.8595965709963524e-06 1.0838344280110943e-06 0.0 6.146802260218873e-07 2.536826636455117e-07 3.4648734644651174e-05 3.825421200739953e-05 0.0 0.0 0.0 1.1939617736079357e-06 8.249969102102125e-08 1.5931946957298518e-07 0.0 0.0 0.0 3.0026318151144116e-07 6.993923976804856e-07 0.0 7.12874221609512e-06 1.2827671449414826e-05 2.960942394815833e-07 1.819361051178662e-05 0.0 1.235640948450631e-06 5.144392192342794e-06 1.712267673688212e-05 1.7248729796961435e-06 1.5910894781992675e-07 8.984286064422379e-05 0.00023266787489747593 1.3489786469425333e-06 3.2637704868020216e-07 2.1933490752180577e-06 8.019641242696628e-08 0.0 0.0 2.5035450025548085e-06 8.300182486091591e-08 8.561528564359866e-06 1.0503977139062627e-05 7.5258587699667975e-06 3.6663214189819864e-06 0.0 0.0 0.0 0.0
4.2354020230371355e-07 7.09079739277005e-06 2.8728714661117262e-05 6.469235117238762e-07 8.73915652514393e-06 9.351574156190755e-06 1.6709398823042664e-05 5.32206984145786e-06 1.3021247234417762e-06 2.2228440322896185e-05 0.002350438002948367 1.3269961432393774e-05 0.00013300398135901377 6.093151019897911e-06 0.0 9.031203324969295e-07 0.00013904065264725563 0.0 0.0006587097060265899 8.748766240904385e-06 3.4149114200397437e-06 2.249668782864369e-06 2.24540643731589e-05 6.841079140117486e-06 0.00012446841913577803 0.0028968009849181385 0.000633929855512802 3.162548460573343e-06 3.1076749240528186e-05 1.988628976630983e-06 7.282061579272342e-05 2.0596103762903455e-05 7.912668033114516e-07 0.0011256389744153245 3.153875575666637e-06 0.0002623348589616782 0.001004540372699388 0.0011180355156465848 0.000175895104948786 6.587959838093441e-06 3.484660406910621e-06 3.9087576244042426e-05 2.0912778849444684e-06 0.0 1.7644528968389323e-05 8.081681258876611e-07 7.753732789437467e-08 0.0 1.8458252192172007e-07 3.1887744419979056e-07 3.3751064820132944e-07 6.894464296790023e-07 2.5741328228134164e-07 2.042674706409046e-05 1.8366753987539889e-07 6.0478738369120355e-05 2.7861889447170376e-07 0.0 3.195932149651406e-07 1.0436776565565497e-06 2.38039321488794e-05 1.37606127415084e-05 1.2508248951222116e-07 0.0 5.310334805985971e-07 2.388064587311776e-07 1.516171547008639e-06 2.0698976212793095e-05 0.00011528695085872401 0.0002045301807919271 1.3968411674139495e-06 5.395235874243603e-07 1.9631367008446463e-07 2.296067968408853e-05 3.0216321834523033e-07 0.0 3.941525647850041e-06 4.835104872930383e-07 8.863306017860735e-06 2.79576146318904e-05 1.6296796438331285e-05 1.1820565432215547e-06 4.067371061720047e-07 1.2036063366985858e-07 2.8305788573782226e-06 3.1226047189850167e-07
1.0678063388460054e-06 4.396226401509594e-05 0.0004143426226532272 3.120423778802323e-07 4.502299471643713e-06 4.601718372188093e-06 1.595503988470411e-05 6.3744698795491995e-06 1.296780424204026e-06 1.015093522643032e-05 0.000452183562977132 6.67430495649709e-06 4.335746097832908e-06 6.898304638720278e-06 0.0 9.24642171961145e-06 0.0011902039612157818 0.0006587097060265899 0.0 4.553773749617505e-06 2.718325001381829e-05 5.906324881589888e-06 0.00022008959648204057 8.420714001611393e-06 5.9481703161122e-06 0.0030692715421057194 0.0010827106604277556 3.581186222887132e-06 5.041587604220662e-05 1.1830002194669541e-05 2.753749600182042e-06 7.886289685146714e-06 1.039364450094229e-05 0.001743032899357529 3.0193593589966037e-06 0.0003020991175706212 0.0005059234358476509 0.0007630184027896952 0.00013580428974008102 7.567486035919701e-06 6.908188734605386e-07 6.996213282386313e-07 1.0136481082112578e-06 1.7473637788904427e-07 3.7505380961117064e-05 6.645811811177952e-06 0.0 0.0 5.74110137753786e-08 5.55991656083674e-07 0.0 6.839795044755158e-07 0.0 4.0520707726783335e-07 0.0 3.426274796806899e-06 1.7971021656528965e-07 0.0 9.17045312863518e-07 4.100829158155208e-06 4.62754277860275e-06 4.321234937340173e-05 0.0 1.3671969259560476e-07 6.353259858191752e-07 3.2744793472108035e-06 1.0968575207055904e-06 3.047972254737728e-06 0.00018886821002675277 0.00021868415182085065 7.781594518599701e-07 3.555988780861648e-07 1.5598762175939627e-06 1.4449270058081158e-06 0.0 0.0 2.8175714843228977e-06 6.053333562605982e-07 1.3954675366718536e-05 2.2724260847909693e-05 1.0095684054866634e-05 3.996771686035625e-06 1.2029845802386508e-07 0.0 4.945403915114564e-07 0.0
1.1665162474531734e-06 1.5396463732497694e-07 7.288312507634324e-07 0.0009255070343076269 1.0813536857669553e-05 0.000423460993113382 3.596722152089076e-05 0.00029122480361428685 0.0004731008898131987 0.0016278942328509045 3.564859215624047e-05 0.0019947661991662983 5.9607735634438085e-06 8.551097264746633e-05 4.406399927263337e-05 1.1215933793831487e-07 4.2163124063413423e-07 8.748766240904385e-06 4.553773749617505e-06 0.0 2.816381967724573e-06 4.117182987851392e-07 1.8970669349275897e-06 0.0003009659795433879 2.617335258382306e-06 1.057170313297895e-05 7.928868207597855e-06 0.000943055106489065 0.0002700962574501982 1.690311462572594e-06 7.573657080611269e-07 4.047599851161401e-05 2.277211481097591e-06 0.0001176441193259557 6.0723715366660395e-06 0.00020705347612593033 1.3455229878001728e-05 0.00021427096007171822 5.621495259390348e-05 0.00013608789231930377 1.9845792636976793e-05 2.7844133656768565e-06 2.8511369610168338e-06 0.0 9.646841160311072e-08 0.0 0.00010793572964911773 2.813753214853473e-07 1.8994866799661654e-05 3.991421725171734e-05 2.5129771747889624e-06 0.00010583052507445566 0.00022982429063732234 0.0 9.029289114899865e-05 0.0 5.882868133998822e-07 3.6492721124042206e-06 1.5594744189306537e-07 0.0 3.989845496929646e-07 7.069603123002262e-08 0.00016318952490684954 1.335900626037312e-07 2.8818010939422385e-07 4.1474932425175896e-07 0.00021182689000979113 6.821821245536369e-08 4.229297137152168e-07 2.0995832008086643e-06 0.00013429063781905814 2.1668513495839445e-07 0.0 5.6014931959193077e-08 0.0 0.0 5.425326309565281e-07 8.083537954875977e-08 2.502828454327629e-06 0.0 1.378726067170285e-06 8.976857571606414e-08 1.7240534502596203e-05 1.0140640396395957e-06 0.0 0.0
3.2128297473334426e-05 4.397691322245655e-06 0.00015671991557486718 5.636055644932035e-06 9.764709112905149e-07 0.0002628863787265477 0.0007604060039133694 0.00036778786650685857 9.905846513483046e-05 0.00010808078929190447 4.6281645510379274e-06 2.772395334099222e-07 1.415588759480886e-06 0.00017253987397490081 5.905760178048004e-07 0.0005551185192748471 0.0003720189146531271 3.4149114200397437e-06 2.718325001381829e-05 2.816381967724573e-06 0.0 0.00034490610249463574 0.007361398413515922 0.0007222581940591884 7.08315146038828e-07 6.362243962133611e-06 0.0004759440979415795 0.004419414523657937 0.00027771103081263785 0.007625530209661598 5.23861128972291e-08 3.657652884666474e-06 4.1759829664721715e-05 0.0017127636232772143 4.458405351715945e-05 0.0010390059796129515 0.000127156946360836 0.001479462705538382 0.0009460850698256745 2.6271137185051808e-05 1.6218291367487835e-05 5.113462513602148e-07 1.0459244115456054e-05 2.06596079899862e-06 7.769130900217527e-07 2.414452184945307e-06 1.5125156499096872e-06 0.0 4.992949699766889e-07 1.8572819739425883e-05 3.7885221556987503e-06 4.408494626161381e-05 3.079526283252767e-06 1.7941412076023428e-07 1.1746312928474307e-07 0.0 3.910247447881694e-06 0.0 0.00019268214208988468 2.0712518208007616e-07 0.0 0.0 1.3192539275351712e-06 0.00010893382381870307 9.951012628059029e-05 0.00014893538385340335 9.738474029319595e-05 0.0 2.652090624430239e-07 3.505962589977796e-05 0.0001198527998951902 5.4951441657089955e-06 6.094787726150162e-06 0.0 0.0 1.5884266181842322e-07 1.344152142607959e-06 3.882990589347482e-06 2.431379787861369e-05 2.493225799624609e-06 3.430128211811058e-06 3.8039456245146263e-06 1.760327566157615e-06 2.8181255323776596e-07 0.0 0.0
4.2490297041303574e-07 0.001008117120456594 0.00011170745807017721 3.692561559796983e-07 4.548014259137679e-07 9.697187192068758e-07 3.0376344939001724e-06 1.6414171703779189e-06 0.0009095821090554128 5.472389908131215e-07 1.6038989419559295e-05 1.923960692162267e-06 3.1834507550837696e-05 1.3845805570955135e-06 8.324979167844567e-06 0.0014029774084463053 4.585695320549649e-05 2.249668782864369e-06 5.906324881589888e-06 4.117182987851392e-07 0.00034490610249463574 0.0 0.0008688807399514171 0.002976890450819504 0.0003272010964692716 0.00010666970777152564 0.0027980125525597435 2.3957865075346902e-05 1.5927159901164136e-05 5.1730109233077e-05 1.314380163106541e-06 1.7065102365596282e-07 9.813158404054192e-06 7.464700771984083e-05 1.0664630371028615e-05 0.0008967257953158091 0.00044864990377331174 0.00045115055849761636 0.00038765229519143016 2.42798536502071e-05 5.109396260434686e-06 4.781852268174604e-06 8.352737297555546e-06 6.716850053414666e-07 1.656621691565038e-05 4.0980666573541525e-05 7.247312898331121e-07 0.0 5.298901005022321e-07 5.410402077745225e-06 6.469000387667385e-07 8.88060962900771e-06 1.0076656672392732e-06 0.0 0.0 1.7372791457791893e-06 5.151703517933569e-07 0.0 0.000888593120777552 2.479250981824751e-06 2.2910709523174667e-07 4.561719366908937e-07 9.887921423312854e-08 0.00010717735679250795 0.00011763206144679682 0.0006281569140487216 3.0685785540871305e-05 6.385142236527587e-07 5.5687956488557974e-06 0.0013937404030887625 3.216609248083007e-05 1.167239617109139e-06 1.0400100176539474e-06 2.2233764456052114e-07 0.0 0.0 2.330308801165735e-06 1.7938403564999357e-06 3.7387522423266234e-05 1.859766001229209e-05 1.5594424583268775e-05 1.7346109590856094e-05 3.712480025353593e-07 2.039873248380262e-07 2.3384251938054905e-07 0.0
0.00010711228042045529 2.1418583975922477e-05 0.006466806700556024 2.6472626077726546e-06 1.1936986240791533e-06 0.00014350753826930765 0.00042491395832899034 0.0006194536437291562 3.44929481373567e-05 4.602958002058884e-05 1.6897106911919436e-05 6.696524964671343e-07 4.387943244905049e-06 0.0005289508389407016 5.928853936166237e-07 0.00317496507737817 0.0020322556843931383 2.24540643731589e-05 0.00022008959648204057 1.8970669349275897e-06 0.007361398413515922 0.0008688807399514171 0.0 0.0008009696719602623 3.519558943086867e-07 0.00023707464574911533 0.008436374063031491 0.0013669761762932482 0.0009340324342846954 0.003924513297126878 3.788367701723755e-07 1.2099550165078429e-05 0.0001246292751734547 0.0023622354911248906 6.80727651307034e-05 0.003012159126199265 0.0018243847483648472 0.004764064036862678 0.003694944107786735 0.0001523055620315082 6.029086887703785e-05 4.274784602262456e-06 2.973863493571007e-05 1.3428200096897467e-06 4.862251007054938e-06 9.271931762530609e-05 1.171561319738228e-06 0.0 1.2584672277492114e-06 1.2600046654386066e-05 2.851819418075321e-06 1.820405079108398e-05 1.3662446417171788e-06 9.836417239684058e-08 0.0 6.144656785075775e-08 3.287137134022223e-06 1.8702102562320574e-07 0.0008209695456887612 1.6928082546109286e-06 0.0 1.682177545091201e-07 4.6148301807323877e-07 8.855937359252647e-05 0.00035053209241049416 0.001740181103257983 4.5356671444755926e-05 4.3700173554402e-07 2.0851724825266426e-06 0.0012077427906381174 5.637121441260474e-05 3.1070959104207086e-06 6.855839604395843e-06 0.0 0.0 0.0 4.988727810456446e-06 1.0073697844374582e-05 7.370100962196489e-05 2.836635067762599e-05 3.435075525193726e-05 4.532126105646692e-05 4.052110306079828e-06 2.3399253756305428e-07 0.0 0.0
2.339921391404923e-05 0.0003735714713232052 6.965115985005373e-05 0.0009376640613683831 2.9747763855230273e-05 0.0004060530414502576 0.00258639665811807 0.0002494126766696695 0.0041545279936882245 0.0008100218375518697 2.377018578450828e-05 0.0001302852582780052 1.1700340465634848e-05 0.00014441930887109218 0.0005014348076961394 0.002135686121299971 4.6942564123136624e-05 6.841079140117486e-06 8.420714001611393e-06 0.0003009659795433879 0.0007222581940591884 0.002976890450819504 0.0008009696719602623 0.0 6.0276277579933347e-05 6.0116733466492435e-05 0.002801700513909849 0.007080338256013553 0.0008417387258047718 0.0009340526030130847 5.637538988850901e-07 2.463003189401909e-05 9.910857422710818e-05 0.000271880603325691 6.929114427521815e-05 0.002739010714378049 0.00025625433494429835 0.000645297101968409 0.0005187986288792248 0.00022487375666162962 6.881117249064097e-05 3.4006648793306606e-06 1.8128444923326493e-05 6.965969415505196e-06 1.2814810771691449e-05 1.2875768688807457e-05 0.00012041486614277297 0.0 2.5877099007267184e-05 0.0003704737259515266 1.8190496654684732e-05 0.0006046764285298116 0.00022057622281801574 1.7574827161736287e-06 5.247537515891667e-05 1.5987126511847558e-07 1.9810193543791672e-05 3.3051248902783666e-06 9.679898402752298e-05 2.010057086681619e-06 4.126794439588258e-07 6.813234339387818e-07 0.00011582924298239625 8.374723500592487e-05 5.4442407507983045e-05 4.9172467738876795e-05 0.001353133485319581 4.2521687861410423e-07 6.203237362370895e-06 0.00010441492066456167 0.0010297083732837985 2.3432469103597196e-05 4.074608814393921e-05 5.238477097681197e-08 1.4536574388654082e-06 2.388293358117492e-06 6.679150098615236e-06 9.06576466104009e-06 0.00010062183432334443 3.5164505122425358e-06 3.656837104086989e-05 1.4207530081441923e-05 3.1648002126184285e-05 9.947969166930708e-06 0.0 1.2685438466135293e-06
