0.0 0.0 3.269907756277334e-05 3.152679098545242e-06 0.0 1.173553363270689e-05 0.0014034236999651885 0.00035402470250497524 7.818523719745526e-07 3.052510968606616e-05 1.5665502226452608e-06 6.37941703092557e-06 9.117037591218046e-08 0.0043357382691689445 0.0 2.334279322790781e-07 0.00014785477954447582 2.4329048695206726e-06 8.604585690266572e-06 4.161203843101935e-06 0.00015987130195323194 3.258419461877738e-07 0.0004715316773902937 2.247045568613895e-05 0.0 2.1750234055744282e-05 1.4644599247219752e-05 3.90242592908723e-05 0.0027079446869190792 0.0018656316018583572 0.0 6.47525347873262e-07 1.1058907410328795e-05 2.1865287295399986e-05 0.0 5.681169712647025e-06 4.952574117379161e-06 1.618168767507611e-05 2.9396639964955272e-06 6.105932367685367e-07 1.509661667113315e-07 0.0 0.0 0.0 0.0 1.8447488090915567e-07 0.0 0.0 0.0 1.4510077855892716e-06 0.0 4.5148564986235585e-07 0.0 0.0 0.0 0.0 5.132633159058389e-07 0.0 1.4085911656979716e-06 0.0 7.675844956570652e-08 1.2692017515579993e-07 0.0 1.3575440376443251e-06 7.589604622681155e-08 9.63213941082253e-07 4.7133900458904026e-06 0.0 4.556781951324355e-07 1.097965655601998e-06 5.928065498242648e-06 5.945141748245027e-07 2.553550314419161e-07 0.0 0.0 9.872688514101542e-08 1.1558717318046345e-07 0.0 1.3590176413531062e-06 8.711362214321623e-08 3.837943781201742e-07 3.7848740579626746e-07 5.779846729265725e-07 0.0 0.0 0.0
0.0 0.0 2.432376181474303e-06 1.0253892895316651e-07 1.2034060381233073e-06 5.126448674375078e-07 4.433873461866916e-07 6.428664073485319e-07 0.00040738561869730586 2.566090290758667e-07 4.492021187191235e-05 1.0108720487160378e-06 0.00029931846626051145 1.3609265395176737e-06 3.547233560778949e-05 6.23662440548633e-05 9.948788229341229e-06 6.409183285974526e-06 1.4852620865410767e-05 6.723160295634496e-08 2.232457029052723e-06 0.001845465614401698 2.2320125130605154e-06 0.0006886058847810107 0.0008629734487150128 0.0001212568063096685 0.0039921267210159895 1.3916124746629329e-05 1.5670844151609582e-06 1.1630718986877711e-07 1.7844519255478663e-05 0.0 0.0 1.694436247591387e-05 5.865042271833308e-07 2.7595660485413133e-05 0.00018879892323126675 3.583656820719114e-05 3.980256703264764e-06 1.503008516809737e-05 0.0 3.948890421182274e-05 5.231516956228956e-08 0.0 0.0001449277053746033 2.2787179571903693e-05 1.8045332072539428e-07 0.0 0.0 7.264241605450225e-07 3.1861375721492645e-07 3.4360632963515452e-06 6.743293740303715e-08 3.6630875281827615e-06 1.6691183774488261e-06 2.2241642946802995e-05 3.054091517697895e-07 1.4501655397702598e-07 2.725091250002217e-06 4.1970323631876804e-05 4.535545168790676e-06 4.08567696182558e-05 1.9061732516238517e-07 1.3669674739150758e-07 3.584672648464546e-05 6.022889849597618e-06 9.823613284669556e-06 9.902670599794075e-06 0.0002212799401582491 0.0009272718413167881 2.351958332247192e-06 1.2455946912746348e-07 2.81906224081449e-07 5.193349917977784e-06 0.0 0.0 5.083576307039574e-06 1.0652294785360768e-06 5.656177198226177e-05 0.00017544608529792885 1.7519573009379965e-05 3.8614104465112996e-06 8.078495975932699e-07 0.0 1.1660304798199548e-06 5.960771960658374e-07
3.269907756277334e-05 2.432376181474303e-06 0.0 5.487069867689166e-06 5.083259601250343e-08 1.3090040567544582e-05 0.0005740832369337973 9.142303974692108e-05 1.50386926917261e-06 7.634983000903305e-06 7.867415488753157e-06 9.0916960212162e-07 9.536503797719101e-07 0.00016993856800830547 2.484542726716992e-07 2.6292457484556932e-06 0.0015266259389775563 8.922252186309625e-06 9.487273784725329e-05 7.136909733195883e-07 0.00031245468362061713 4.056669450999702e-06 0.00465546969760923 1.9401224222221573e-05 2.382275158252717e-07 0.008098382883529709 0.002843112883383965 0.00017694668861114923 2.8922912483578824e-05 6.159275075760702e-05 2.1469422053775902e-07 4.2647179823614923e-07 1.6470012190644058e-06 0.00031246623069136815 3.0378275818226358e-05 0.0017054442777790114 0.0006691984838438341 0.001080263510893834 0.0003165858537841139 6.199109864986488e-05 1.7411775896888348e-06 1.7063666107012345e-06 1.048425830719978e-05 8.507167997010927e-07 1.5309938174051052e-05 5.2717753794819956e-05 5.989707084612001e-07 0.0 0.0 1.7614268653183081e-06 3.654395956523701e-07 2.24862970710068e-07 1.9671528863431654e-07 0.0 0.0 0.0 1.7957514885103967e-06 0.0 9.998200599312058e-06 3.534527569425662e-05 3.951058838478323e-07 5.1716304419992934e-06 0.0 2.319779098773969e-06 1.4440148931646582e-05 0.00010136972093544075 9.991551058101888e-06 6.107680884800949e-07 6.972654598572196e-05 0.0006171600201135437 4.446639044845893e-06 3.372629102395594e-07 1.92439815196119e-06 3.798087994377023e-07 0.0 0.0 8.312785414201796e-06 2.922578765708865e-06 7.279420925222707e-05 5.604493247209238e-05 2.44136813811632e-05 1.4753809976012533e-05 8.586624592260106e-07 1.0425993977225388e-06 8.383436500018926e-07 6.482741855106517e-07
3.152679098545242e-06 1.0253892895316651e-07 5.487069867689166e-06 0.0 2.6756109259166726e-06 8.204489168177353e-05 0.00013107222812323293 4.748816075458211e-05 0.0008031447655307843 0.0029111440279573544 1.2562360451885365e-06 0.001042351043533449 1.916300676326969e-06 4.713335138352892e-05 0.00011471864250633581 2.5392068127483956e-07 1.84152339434022e-06 3.9325412783834365e-07 2.919849037722251e-07 0.0023213621158372968 3.4959819619348543e-07 3.0213489351660103e-07 1.1559742422409368e-05 0.0018134400941719187 4.737480802752486e-08 4.733391729832931e-06 9.790950547948878e-06 0.0022892812079956526 9.004986025138501e-05 1.2344801134999993e-06 5.525607000339954e-08 6.881274225513681e-07 6.434601783579851e-06 1.7946836816489082e-05 2.2885079495338676e-06 0.00020321312352545331 3.978405206246212e-06 6.143802148907489e-05 3.8040527482321265e-05 0.0001013555973462566 1.133924848652503e-05 6.120413681716099e-07 3.2752643417803807e-06 7.051435319402265e-08 5.21800660286461e-07 5.856253979826857e-07 0.0002583015953253673 1.9228254568612357e-07 4.034772585928032e-05 0.0001488392215900715 1.5950461541471283e-05 5.709113341236034e-05 0.00012714034182563082 1.0282473347598505e-06 0.00014209529994995413 1.8657642820466437e-07 1.8614343880468495e-05 1.7935852908761e-05 1.2368874160102369e-06 0.0 1.530859965782577e-07 0.0 0.00015775336597393926 6.158056153889317e-07 1.9206354440984444e-06 9.228771314866453e-07 0.0002168835034750359 0.0 3.2561865952344575e-07 1.0709863655364884e-06 0.0002758762742410765 1.451943187894489e-05 1.1564621144101396e-06 1.0696295740353096e-07 1.1646637810035388e-07 5.7640599550077524e-08 1.1314497277242127e-05 2.9575081072019237e-07 1.9281253485188654e-05 3.994367083911157e-07 2.0036917977738087e-05 5.302259013524252e-06 6.593419585527874e-05 1.1766235957601081e-06 0.0 7.163886265555088e-08
0.0 1.2034060381233073e-06 5.083259601250343e-08 2.6756109259166726e-06 0.0 0.00032108859778005703 2.5523268813634048e-06 2.2717407669119904e-05 1.5477155431051996e-05 5.602765350149464e-06 2.3039701377474156e-05 6.151251387008887e-05 4.065483634804225e-06 7.182434882675722e-06 0.0006760497927560542 0.0 2.6543883988277466e-07 1.7633730581776427e-06 2.7709320948418605e-07 6.066424019025016e-06 0.0 1.3359254149249221e-06 4.0671380287772915e-07 1.6450326311494122e-05 4.760779262568586e-07 1.31771870596501e-06 3.025205193473004e-06 5.773689978499107e-06 9.817848613350027e-06 1.0641205814858943e-07 2.7103475854489536e-07 2.6984907480419238e-05 4.443657774648623e-08 0.0001033482680295186 4.774536715172324e-07 2.585448739341196e-05 4.157453720010018e-06 8.958662904887304e-05 2.3859064533850428e-05 0.0010293418718022487 7.951533066542927e-05 1.9941091006810637e-07 5.466978747975283e-08 0.0 5.4055161863545376e-08 0.0 1.3614802584908332e-07 0.0 0.0 6.076300047427861e-07 0.0 1.0670161001490705e-07 0.0 0.0 6.38085525866117e-07 0.0 3.699313593518672e-07 0.0 0.0 0.0 0.0 0.0 6.325464465950233e-07 0.0 0.0 0.0 1.8622699033845118e-06 0.0 2.135510783198858e-07 0.0 1.7469598249711262e-06 0.0 3.943371768635726e-07 0.0 0.0 0.0 0.0 0.0 0.0 1.6812630789037785e-07 0.0 2.426043532089105e-07 5.813259806500776e-07 0.0 0.0 0.0
1.173553363270689e-05 5.126448674375078e-07 1.3090040567544582e-05 8.204489168177353e-05 0.00032108859778005703 0.0 0.0014589205505550476 0.005026625311722138 4.795691740103959e-05 0.003346343550959059 3.263212976281409e-05 0.0017047253679340596 1.2912940548376456e-05 0.0011458598975649771 0.0010411025516017683 2.9032517677453514e-07 2.1703372239453303e-05 5.178253821477176e-06 5.475109618849197e-06 0.00020191689279039997 7.638999235357964e-06 1.8410510021686885e-07 6.17044006229086e-05 0.00016686977138652163 8.234494898283229e-07 1.490934675274842e-05 1.0321434641742595e-05 0.0006073559335234403 0.00045860890994518924 2.2059694037321348e-05 1.170863520617753e-06 0.0003737960372389689 3.3497799663189346e-06 0.00013521359442428152 2.6318040536248297e-06 0.00022721388248182978 1.525655263872387e-05 0.00021936904595053856 8.850255727938159e-05 0.000712504853985313 0.0002104320769362435 3.91045522444564e-06 2.5457392134525933e-06 5.596640043071116e-07 0.0 6.609443321536366e-07 1.923479302459759e-05 0.0 4.6221058708200995e-06 4.509074873976234e-05 2.9569432224364446e-06 1.3658909478136712e-05 1.0827572146698215e-05 3.968902876229527e-07 1.0610468715871917e-05 0.0 6.064286917016097e-06 2.355574586207334e-06 1.887111690187541e-06 5.751675956871324e-07 0.0 0.0 1.0703925715461488e-05 7.984510025658055e-07 1.3988886101535318e-06 1.0178377120738905e-06 8.580806148950655e-05 0.0 4.7387554758881913e-07 1.3142736705478038e-06 8.661175945510205e-05 5.444095811757611e-06 2.1448002263140065e-06 0.0 2.386343796422655e-07 5.053328565954253e-07 2.8899404726256693e-06 0.0 6.5930354432410285e-06 1.2380296791180322e-06 1.1222037881555494e-05 2.8961480476276345e-06 1.3740269510854254e-05 0.0 0.0 0.0
0.0014034236999651885 4.433873461866916e-07 0.0005740832369337973 0.00013107222812323293 2.5523268813634048e-06 0.0014589205505550476 0.0 0.0018845196310543816 0.00018255194632591645 0.0014877654370582384 8.170653413722404e-06 2.672830157747339e-05 3.277159531664145e-06 0.0045346501869053535 2.2515012629010946e-05 8.030911024118901e-07 0.00013229183815906858 3.6074355266980702e-06 1.3862065039657249e-05 2.5363298447669726e-05 0.0005270191101650795 8.594353501906009e-07 0.00200177743259511 0.0005210143299830914 1.4165018979241422e-07 0.00023853871537600992 0.0003027097158700751 0.009827762490294286 0.0012724219060465743 0.00422560071951309 2.0955857618957863e-07 6.342430425939282e-06 0.00013121416352040988 0.00023715954875417922 2.056633033420928e-05 0.0012114366509357788 4.949263496798577e-05 0.000685233956216267 0.00036284201984812715 5.798904841745275e-05 4.502079100915817e-05 1.4484637613992055e-06 1.7201078409882106e-05 9.150414738020445e-07 5.970160345606549e-07 1.6719567940822793e-06 4.652014760202515e-05 0.0 9.752861502447001e-06 0.00012027274925592287 1.3950511607896742e-05 4.311244009243798e-05 2.852375481056292e-05 0.0 1.3375478844349936e-05 0.0 1.2715306170218123e-05 5.185497506133063e-06 8.702050012833954e-06 1.3082380837660638e-06 1.9969080996236276e-07 3.0238214231413776e-07 2.7145923549645382e-05 6.728462850521455e-06 2.816256829110444e-06 1.1379890467693818e-05 0.00017663707343563745 7.609039156599455e-08 1.489469810868655e-06 3.655213039367024e-05 0.00018137058601939561 1.1753035120291668e-05 4.770045699263557e-06 6.256001929663229e-08 1.7965845200885063e-07 8.39793722013105e-07 6.990653779919067e-06 1.1057382289310332e-06 2.4588214960658153e-05 1.7588430696046651e-06 2.0063009840833434e-05 4.911194114180376e-06 2.4895552179569522e-05 1.66609452695304e-06 0.0 0.0
0.00035402470250497524 6.428664073485319e-07 9.142303974692108e-05 4.748816075458211e-05 2.2717407669119904e-05 0.005026625311722138 0.0018845196310543816 0.0 4.51561790717029e-05 0.0016237469585210476 1.955721871619188e-05 0.0007091166382393456 5.328092294232796e-06 0.0052932258968207075 0.00023462635372293296 4.859179330330594e-07 0.00024217797334880886 1.0564959200689979e-05 2.710634787793274e-05 0.00017492933298745412 0.00012193323054100317 1.078016470216501e-06 0.0007119997864594597 0.00040596212692584305 7.900677176666781e-07 7.451067089187789e-05 3.602594333886983e-05 0.00046034395503806544 0.0004399175604028351 0.0004208103757141965 2.8738052643649437e-07 0.0004295522914868301 9.951788606503597e-06 7.767303805706619e-05 3.329504339273675e-06 0.0001541087928578348 2.3994964143618886e-05 0.0001424681516509737 5.4621099117119397e-05 0.00024676982500741794 5.9063684439484594e-05 1.585452818363334e-06 1.1127055775538492e-06 3.243686620227387e-06 1.5444481623380748e-07 8.523502227038719e-07 1.6204673686038496e-05 0.0 3.711449339723659e-06 8.962183975301193e-05 1.4086783697699633e-05 3.9425143798720364e-05 1.604849538510667e-05 5.088775743408693e-07 6.685911661128526e-06 0.0 1.6993395267309966e-05 2.905309760790516e-06 1.0567325961999352e-05 9.76015133491035e-07 0.0 4.602745911700295e-07 1.20528021764098e-05 8.368794476640837e-06 2.6053862230784786e-06 2.719453714050131e-06 0.0002469771067432216 0.0 2.3092709391563053e-07 8.814800016914771e-06 0.00021107945733673888 1.5261710880943146e-05 1.1900817270676049e-05 5.626679125008347e-08 6.692809622067083e-07 1.2408032787100807e-06 9.417839348954869e-06 0.0 2.9922629573820786e-05 5.960371728468444e-07 2.577595640258555e-05 1.0708785545406231e-05 3.0467069532809447e-05 9.996373100904309e-07 0.0 0.0
7.818523719745526e-07 0.00040738561869730586 1.50386926917261e-06 0.0008031447655307843 1.5477155431051996e-05 4.795691740103959e-05 0.00018255194632591645 4.51561790717029e-05 0.0 8.344565378493636e-05 1.8324036851298268e-06 0.00024374121940521943 5.591409243264438e-06 1.8896327323974193e-05 0.00050815566668313 5.193985468602505e-05 1.7980410231e-06 1.626252539603116e-06 2.5649283078621483e-06 0.0003172508671739298 1.2205482356078087e-05 0.0013730157113571266 5.941563303313764e-06 0.003648139492298865 3.83242004987942e-05 2.0985635911613694e-05 0.0004947627154785563 0.0006356938645954702 1.4990024220326078e-05 3.100410434270862e-06 1.15831374274804e-06 6.111983453797904e-07 1.3468253111002684e-06 5.948539716619337e-06 5.38316264220085e-07 3.075923722946601e-05 4.659331721419232e-06 9.786341742232919e-06 8.087327409992656e-06 7.325020915422724e-05 2.0125468040214665e-06 4.787133851905706e-07 4.1284903186235045e-07 2.722117304506344e-06 4.978185271410948e-06 8.843991545542677e-07 0.00021608336683178782 0.0 1.6944584752148774e-05 0.00013393465635351567 1.5080189423234015e-05 3.730317573545731e-05 8.047648743786002e-05 6.55795026945528e-07 8.961728960691906e-05 1.6414729772872634e-06 1.7038600559336235e-05 5.569742258547459e-06 0.00018812521439587102 1.323032685635224e-06 4.532394744682437e-07 6.095868818901663e-07 9.935110382526106e-05 4.950358970822761e-05 3.4885321642671226e-05 2.694353808490554e-05 0.000843380942790219 1.235768436552354e-06 4.433260474094796e-06 1.214762897905926e-05 0.00041989960116713175 1.944926862030787e-05 2.7198442979157607e-05 1.0416950925684253e-06 2.3787744762618926e-07 3.5997140694251548e-06 7.871681215377542e-06 0.0 2.9402573611445544e-05 3.055817458828939e-06 2.17719036230751e-05 6.6933882297044025e-06 3.324756681586246e-05 5.74255947592823e-07 4.1938206727672897e-07 3.4025149419494925e-07
3.052510968606616e-05 2.566090290758667e-07 7.634983000903305e-06 0.0029111440279573544 5.602765350149464e-06 0.003346343550959059 0.0014877654370582384 0.0016237469585210476 8.344565378493636e-05 0.0 1.6332677059777674e-05 0.003408035512017508 5.020684644377903e-06 0.0008072985742962612 4.19539727644172e-05 6.851708075616414e-08 7.778336384397522e-06 4.587812275471681e-06 3.536202820194139e-06 0.0027666215561685317 3.062814635182498e-06 5.60133084312872e-08 2.3600779888135792e-05 0.00016794747596599163 6.625154769557352e-07 9.921724172636728e-06 1.0181201307461928e-05 0.005376614806581644 0.0005357124374616825 1.0931752312155353e-05 3.3310270600662825e-07 1.2336436088899172e-05 6.006099146221451e-06 0.00015489452985309547 7.747372051870212e-06 0.0005472488087134823 2.0815165520535757e-05 0.00039233187807044995 0.00012333114596170915 7.261074252454178e-05 3.864379049133598e-05 1.5749440386265274e-06 1.0812260540556876e-05 6.843520387238036e-07 0.0 1.9496478713747926e-07 7.098013697836888e-05 4.1090980987172646e-07 9.788390692481883e-06 8.101887492651164e-05 1.4177549956557845e-05 1.4833909674937587e-05 4.4754578917182596e-05 2.8605258506646927e-07 3.418843813053569e-05 5.48849177534804e-08 8.325190853869508e-06 2.1793350078834055e-06 1.1990709602922602e-06 0.0 0.0 1.2596716511470202e-07 4.5903053101828874e-05 5.674130349952994e-07 2.7354616811583857e-07 7.179062331890727e-07 8.155397780264403e-05 0.0 5.975343666173493e-08 1.573151296072824e-06 0.00011542778880884979 3.919473285185339e-06 3.3650702513050575e-07 8.196402876209475e-08 1.3385407382253096e-07 0.0 3.907437834132212e-06 3.1518137587598205e-07 1.0159510470044526e-05 0.0 1.5273393779672865e-05 3.2498941733427937e-06 1.9772145959264497e-05 2.911792632214046e-07 0.0 0.0
1.5665502226452608e-06 4.492021187191235e-05 7.867415488753157e-06 1.2562360451885365e-06 2.3039701377474156e-05 3.263212976281409e-05 8.170653413722404e-06 1.955721871619188e-05 1.8324036851298268e-06 1.6332677059777674e-05 0.0 2.1163430497050985e-05 0.002596283418998034 6.727004991637692e-05 4.973604980232256e-06 1.5084380990904505e-06 0.00036315657494014704 0.0012119529630309693 0.00040970827152302683 6.296883324241807e-06 1.1923238575613188e-05 2.4090855096250777e-05 2.3478214185949153e-05 7.644985515372373e-06 0.0005755938188467745 0.0008640991944022903 0.00024824067949458505 1.2908629345132387e-05 0.0004148588610380041 8.047577353481692e-06 0.00027347416602021933 7.806704668021714e-05 5.135070902122995e-06 0.003788331814336168 1.3979045682562274e-05 0.0005493640812117514 0.002595203928800085 0.0022479672164029555 0.0005019084108956103 1.3776095716071716e-05 2.0213024814087974e-05 0.00043740169517736524 4.413517562222572e-06 0.0 4.3832012286646e-06 6.627532087483177e-08 7.210149342223176e-08 0.0 0.0 9.937435810341216e-07 0.0 4.1057251247921483e-07 1.6998431615992435e-07 0.00010300618608952611 0.0 0.0006147915075402927 2.197438835429858e-07 0.0 1.3205733697199903e-07 2.7566242317829765e-07 2.6079731485699095e-06 2.1686602952074106e-06 0.0 1.51704699427681e-07 6.649794218779781e-07 2.1421769180677232e-07 4.44420099172172e-06 0.00011221582485025769 4.2023379872996165e-05 0.0001620733948302453 2.671922409837659e-06 1.3328131719170473e-07 4.3032794346259367e-07 0.00010124009360463512 8.724432137184583e-08 0.0 9.276562087871325e-06 5.284655578352488e-06 1.3745962230114479e-05 0.00039688177436837685 7.374593827673513e-06 4.3246532051258994e-06 5.685467149246138e-08 0.0 0.00015002343791731384 0.0
6.37941703092557e-06 1.0108720487160378e-06 9.0916960212162e-07 0.001042351043533449 6.151251387008887e-05 0.0017047253679340596 2.672830157747339e-05 0.0007091166382393456 0.00024374121940521943 0.003408035512017508 2.1163430497050985e-05 0.0 1.4412949098032007e-05 0.000424557006845916 0.0012712137281916513 1.705628508420525e-07 3.76858559272758e-06 5.7416224248356465e-06 4.337117917240334e-06 0.0023919328170545293 2.020197582303203e-06 1.8401532666297233e-06 6.5530952363144915e-06 0.00016286114092762844 1.136357155096108e-06 4.8025529538764744e-06 5.827550116540173e-06 0.00031545048825424264 0.00028387122476405827 4.748259626136946e-06 5.863172211365843e-07 2.2444183937423717e-05 7.035391852296998e-07 9.223708515913914e-05 1.512484296242958e-06 0.0003862828607337362 1.6727058848741893e-05 0.00022271024617456637 5.46620503808865e-05 0.0008937666380511593 1.779754037893243e-05 2.577026887043956e-06 2.5546894732834855e-06 0.0 1.3519534045859523e-07 6.591378411937726e-08 0.00010626239857291086 7.861771631233578e-07 1.5846690818797217e-05 5.509530128510818e-05 1.0521114636097566e-05 1.7999600405146422e-05 8.832262955705011e-05 0.0 0.0001408128351339547 9.940197966911214e-08 6.982594981480525e-06 2.498689179329114e-05 2.9274847106312347e-07 7.738630925396165e-08 2.5069496740721077e-07 0.0 7.85158276330197e-05 2.59254493814327e-07 0.0 2.493161142556065e-07 7.437761342675325e-05 0.0 1.1359969862505261e-07 3.9636695813552397e-07 9.860191021394917e-05 8.7484494646447e-06 1.0914186638591589e-07 0.0 9.764618162524805e-08 0.0 3.3780653440263435e-06 0.0 9.370799266649295e-06 8.750324518895143e-07 1.532499242710059e-05 4.012139005453876e-06 0.00010158737626500811 4.942036148269556e-07 2.2375646148335958e-06 1.828529556448257e-07
9.117037591218046e-08 0.00029931846626051145 9.536503797719101e-07 1.916300676326969e-06 4.065483634804225e-06 1.2912940548376456e-05 3.277159531664145e-06 5.328092294232796e-06 5.591409243264438e-06 5.020684644377903e-06 0.002596283418998034 1.4412949098032007e-05 0.0 2.582897935425025e-05 3.0406541341177937e-06 8.366044445223954e-06 1.0857542008748125e-05 0.0001291023109026072 7.658518320697427e-06 4.373163805135582e-06 1.568317798940292e-05 0.00011255526787688811 1.1181721342560318e-05 1.3264135868716342e-05 0.0032214888065209375 8.653447261295854e-05 0.0006426091071127734 1.502515183579547e-05 6.090517035674209e-05 8.578059907920835e-06 0.00034986759869631064 1.619765732976465e-05 0.0 0.000586242320746357 5.1053363592374233e-05 0.001299365472091558 0.002699419753934917 0.002108205102316061 0.00023923828540112338 5.5117899561105246e-05 6.656936768204755e-05 0.00041610683739168634 7.111890636091281e-06 0.0 1.65008393528171e-05 5.345386151337712e-07 5.3769389076235895e-08 1.5153273674177378e-07 1.1166166580407783e-07 9.401318153005685e-07 2.2439851241579728e-06 8.010928523744427e-07 1.5708897872206908e-07 0.0002409382151787757 4.050017159378748e-07 0.0015908011849495318 9.328537176800483e-07 1.6848590403769309e-07 1.3630060798791517e-07 4.1447106655947027e-07 4.480756245480417e-06 3.3570555725196062e-06 1.286835058233625e-07 4.053260966134292e-07 2.6293496366508195e-06 5.948883182373432e-08 8.390040002854421e-07 0.00044956275509076555 0.00011830100717057192 0.000446411905631863 1.3703615136522305e-06 5.237224715202261e-07 0.0 0.0002583541058871758 1.2305536795926602e-06 0.0 3.137263931412819e-05 2.817121337936215e-05 0.00015220308740950084 0.0006360564538536104 0.0001138866466366262 3.835739779280654e-05 1.5694295452555448e-06 6.269582104795231e-06 0.00020153014427047112 1.4113448266357168e-06
0.0043357382691689445 1.3609265395176737e-06 0.00016993856800830547 4.713335138352892e-05 7.182434882675722e-06 0.0011458598975649771 0.0045346501869053535 0.0052932258968207075 1.8896327323974193e-05 0.0008072985742962612 6.727004991637692e-05 0.000424557006845916 2.582897935425025e-05 0.0 8.646893321665192e-05 1.8570354193405754e-06 0.000475191025654765 1.9511682083564627e-05 4.657455159184949e-05 0.00015977312567917287 0.00040310702778156534 1.0284418442482176e-06 0.001606512785523474 0.00026977455755640076 2.8921348335179753e-06 0.0001188861469459588 6.260931331139317e-05 0.00043165417964359244 0.002952896148661631 0.0020522750812076596 2.2820598449076608e-06 0.00020511507578657725 1.0059508317182984e-05 0.00037503178093276746 3.0424171474302656e-06 0.0003434773415669338 4.6376843510707223e-05 0.00040087777702382127 0.00011818904412686474 0.00019926483823914617 0.0001225246852011857 7.797396326228543e-06 3.7574145549289214e-06 2.5677811769193756e-06 0.0 3.39308604133477e-06 5.562327282393443e-06 0.0 1.19198144455066e-06 4.217529996168851e-05 7.376807313769721e-06 1.7265824243370156e-05 1.2609643267062012e-05 3.442557421113627e-07 1.8845863169926178e-06 1.9736406822422365e-07 1.0539927650133897e-05 1.9833322179047426e-06 1.5187073351924507e-05 9.026841517320105e-07 0.0 7.575448251080967e-07 5.415979960032658e-06 1.1417745640732832e-05 4.780021643451259e-06 2.3489969277490307e-06 0.00014697844368239996 1.6173410518096535e-07 1.1273068153311753e-06 1.1075902078186371e-05 0.0001330512421743204 1.4792118817272742e-05 1.0774846979893383e-05 0.0 2.7428225683321564e-07 7.962062624648308e-07 6.479432534587474e-06 3.5641092357981964e-07 2.40045913218577e-05 1.5343782919868785e-06 2.052528018332554e-05 8.062963107633643e-06 2.086262414678475e-05 1.1911735971052444e-06 4.333303232450189e-07 0.0
0.0 3.547233560778949e-05 2.484542726716992e-07 0.00011471864250633581 0.0006760497927560542 0.0010411025516017683 2.2515012629010946e-05 0.00023462635372293296 0.00050815566668313 4.19539727644172e-05 4.973604980232256e-06 0.0012712137281916513 3.0406541341177937e-06 8.646893321665192e-05 0.0 2.3972395086176705e-07 4.994397622492971e-07 6.092595465292868e-07 3.9438831480625074e-07 0.0001251766666403926 0.0 6.966115203288851e-05 7.192875850560442e-07 0.0006994223502509821 2.4364981973113503e-06 1.8542599192657436e-06 4.265788039890691e-05 7.960557723891196e-05 6.11740004239393e-05 1.7855275769165043e-07 1.8881499629629392e-07 0.0001439904507625646 1.0406228445595505e-07 1.9609192801987125e-05 4.867384746820924e-07 9.609094055917324e-05 2.4954072797489894e-06 3.0966560921801216e-05 1.1507173766380523e-05 0.0008416553884274837 4.731395615558765e-05 1.2646950320438944e-06 3.8846663296766436e-08 3.75754000867916e-07 7.385433678077094e-08 0.0 2.2470817729933e-06 0.0 1.0945155388555847e-06 4.58630966842584e-06 0.0 1.1416901943105473e-06 2.7787083195783164e-06 5.6198548962358026e-08 1.1001138424229712e-05 0.0 6.548424582833487e-08 7.466944764522163e-07 7.855969431762665e-07 1.2608668760773236e-07 0.0 5.133291907975448e-08 4.047815692650624e-06 0.0 1.077362167918468e-07 1.1451913833399645e-07 5.895608571769765e-06 0.0 1.2742811839298139e-07 5.298259321659657e-07 7.828918251649773e-06 5.751521072996144e-07 5.435130960888077e-07 9.727118463664696e-08 0.0 3.5557377732881283e-07 8.902972901042471e-07 9.01502186408072e-07 2.641353706027588e-06 5.500828498519274e-08 4.021537122624825e-06 1.180694298562013e-06 1.3462008883311654e-05 0.0 3.336842427949569e-07 0.0
2.334279322790781e-07 6.23662440548633e-05 2.6292457484556932e-06 2.5392068127483956e-07 0.0 2.9032517677453514e-07 8.030911024118901e-07 4.859179330330594e-07 5.193985468602505e-05 6.851708075616414e-08 1.5084380990904505e-06 1.705628508420525e-07 8.366044445223954e-06 1.8570354193405754e-06 2.3972395086176705e-07 0.0 1.8518472301088157e-05 1.141482224589033e-06 2.3755032201149045e-06 0.0 0.0015437451006226983 0.0006643267515438441 0.0019358482819343305 0.0015661484162464094 1.0190462878045508e-06 8.502144426430553e-06 0.0021516042612422757 0.0007503010137509282 1.8133661467443113e-05 1.5456867963378883e-05 0.0 6.126044655348556e-08 8.913590311061959e-06 2.5724127563284452e-05 9.801390315720665e-06 0.0012142744511890427 0.0004710314917013192 0.00019362946877906929 0.00018927591391088914 7.372615351411637e-05 9.42151120206775e-07 3.4045517561020686e-06 8.726710283468527e-06 3.882521136936799e-06 1.3027072462431469e-05 1.6245696278098008e-05 2.066511512388715e-07 0.0 1.0614907291587803e-07 7.020976854536889e-06 1.737277503549522e-06 5.2292472107355064e-06 1.136713004994252e-06 2.1181834506035407e-07 8.243544333403766e-08 1.9683166675851968e-07 6.558370965576904e-06 0.0 0.0023398535312458804 9.259929259533258e-06 4.2528980737789354e-07 2.79357537324985e-06 8.906251069694013e-08 0.00042211878964916027 0.0005227691660762556 0.0013734822364391906 0.00014437223255130415 1.1575699937353763e-06 5.406471746179638e-06 0.0010120537668604859 0.00016538217780448202 4.4784478162253245e-05 8.891460091874078e-05 4.438288272428619e-08 1.109359440196554e-07 1.2478514791962163e-05 1.8942138942963437e-05 1.057293638780164e-06 9.872695620302135e-05 1.6144790969126642e-05 3.53296725263334e-05 2.45603726653734e-05 9.394707730370111e-06 1.3687593483019804e-06 1.0302913021691206e-06 1.2942316496789517e-06
0.00014785477954447582 9.948788229341229e-06 0.0015266259389775563 1.84152339434022e-06 2.6543883988277466e-07 2.1703372239453303e-05 0.00013229183815906858 0.00024217797334880886 1.7980410231e-06 7.778336384397522e-06 0.00036315657494014704 3.76858559272758e-06 1.0857542008748125e-05 0.000475191025654765 4.994397622492971e-07 1.8518472301088157e-05 0.0 0.00016232323821356874 0.0007405093435291806 1.8588530323196431e-06 0.00018642453977123032 9.614181125238763e-06 0.0022638731654312672 2.4448140613982277e-05 3.860621198992392e-06 0.0015988596270274905 0.002393426916284604 4.64986366173978e-05 0.000520886039424882 0.00042260705712972486 2.0174362391836132e-06 1.4328595465689549e-06 5.6473906206667614e-05 0.0014713502843677582 3.5985577514993885e-06 0.00027146569507328417 0.0013075070396631927 0.0006748536863482767 0.0001142504712268143 9.75432619467893e-06 1.073411618672014e-06 3.256402673925697e-05 8.418358363604679e-07 2.0421492199452765e-07 1.2428839294495992e-05 1.4609812573254766e-05 0.0 0.0 0.0 6.200930170012187e-07 0.0 4.716294614645296e-08 0.0 3.6782743371706e-07 0.0 8.675956402461732e-07 5.369116651807982e-07 0.0 4.593490870606503e-06 3.7257810470931144e-05 1.6209128651138543e-06 3.1250040256827224e-05 0.0 4.04231023113256e-06 1.5726035703687867e-06 7.97590414352118e-06 2.4806163074006915e-06 1.350648586364414e-06 0.00012897301538661136 0.00028755496984701827 3.5407371167712754e-06 8.119678817721844e-07 5.556058607417169e-07 1.0512192398356382e-06 0.0 5.88481925742852e-07 2.4900647636549524e-06 1.0183225285148256e-06 3.422458017702334e-05 0.0001215094858443667 1.160627224150262e-05 2.9040124824881957e-06 1.580443525114268e-07 0.0 0.0 2.197191116071325e-07
2.4329048695206726e-06 6.409183285974526e-06 8.922252186309625e-06 3.9325412783834365e-07 1.7633730581776427e-06 5.178253821477176e-06 3.6074355266980702e-06 1.0564959200689979e-05 1.626252539603116e-06 4.587812275471681e-06 0.0012119529630309693 5.7416224248356465e-06 0.0001291023109026072 1.9511682083564627e-05 6.092595465292868e-07 1.141482224589033e-06 0.00016232323821356874 0.0 0.0008876868177259757 1.9421967094449486e-06 9.125401988017653e-06 4.220326862995893e-06 1.8020366393227295e-05 3.47569844113769e-06 3.3638766328481085e-05 0.0013319672962123976 0.0003281333214186633 4.55590826911259e-06 8.230023169174117e-05 6.0138312111794555e-06 0.00015593225922538504 8.80555298630119e-06 4.163616770457569e-06 0.0009605701650558884 1.2803402031900595e-05 0.0007174609323813743 0.0008975260896172196 0.0008240944232386832 0.00019914796917391362 7.0988143041146035e-06 1.4150012789073165e-06 1.602395137951576e-05 3.103128580620554e-06 0.0 1.6102516053754867e-06 0.0 0.0 0.0 0.0 0.0 0.0 0.0 0.0 1.2556464461218065e-05 1.0340394044021857e-07 0.00015404225007592618 5.6359447993215464e-08 0.0 7.57572270851781e-08 8.649451780769783e-07 1.2606296651848203e-05 1.0871506369575319e-05 0.0 2.2206000665275365e-07 7.663428712238826e-08 2.5099560116737645e-07 1.5050337434889768e-06 1.9324014424409814e-05 0.00010719684378624414 0.000253483108008877 1.333278917870478e-06 6.975780419271078e-07 0.0 8.222507498438557e-05 0.0 6.281800345084938e-08 1.0461354483910292e-06 1.4355723343597062e-06 1.0363226907442675e-05 4.5433483209241686e-05 2.7259450336850343e-06 1.9622088588099426e-07 3.099062776759873e-07 0.0 8.986948268003673e-07 0.0
8.604585690266572e-06 1.4852620865410767e-05 9.487273784725329e-05 2.919849037722251e-07 2.7709320948418605e-07 5.475109618849197e-06 1.3862065039657249e-05 2.710634787793274e-05 2.5649283078621483e-06 3.536202820194139e-06 0.00040970827152302683 4.337117917240334e-06 7.658518320697427e-06 4.657455159184949e-05 3.9438831480625074e-07 2.3755032201149045e-06 0.0007405093435291806 0.0008876868177259757 0.0 1.2133487475727446e-06 2.282411706710168e-05 1.1533898698164917e-05 0.00011677978693496916 6.1995552163156605e-06 1.168838687896557e-05 0.0019840985844973478 0.0009382879868832509 6.664016658602937e-06 0.00010393399675758918 2.408664921477138e-05 1.2150367600283926e-05 4.7480370544335115e-06 1.1646195767224229e-05 0.001862912305264259 7.08056058282819e-06 0.0005299290199331896 0.0006181291525920958 0.0010552876615548133 0.00015118808504629451 6.537538219846486e-06 7.50692515881688e-07 1.2877095684868327e-05 1.7102518395154507e-06 0.0 2.027393808511579e-05 1.7564351360320064e-06 0.0 0.0 0.0 1.9546911544483736e-07 6.283681129965802e-08 3.7633182788467005e-07 0.0 2.6619358141917483e-06 0.0 2.6727157012629257e-05 4.941804223710349e-08 0.0 4.5329196572975577e-07 2.6381808230278955e-05 1.0216509231691332e-05 8.927900267934889e-05 0.0 9.676449951177233e-07 2.0814965966195773e-06 6.470035139672939e-07 1.2577966734995345e-06 6.763555538692104e-06 0.00027479352812580975 0.0003912568840353985 1.0193177613739918e-06 1.192722457743578e-07 1.0025197697740231e-07 2.01542915864958e-05 0.0 1.2350247604948832e-07 1.207553307400483e-06 7.223156523619976e-08 2.0258339542551815e-05 0.00014877659003456015 7.738208164642573e-06 1.304972886547872e-06 3.5866121192323786e-07 0.0 6.108144369143388e-08 0.0
4.161203843101935e-06 6.723160295634496e-08 7.136909733195883e-07 0.0023213621158372968 6.066424019025016e-06 0.00020191689279039997 2.5363298447669726e-05 0.00017492933298745412 0.0003172508671739298 0.0027666215561685317 6.296883324241807e-06 0.0023919328170545293 4.373163805135582e-06 0.00015977312567917287 0.0001251766666403926 0.0 1.8588530323196431e-06 1.9421967094449486e-06 1.2133487475727446e-06 0.0 8.626489352573591e-07 6.770900714965015e-08 4.339301619378913e-06 0.0003577333726166137 4.239460712085392e-07 1.888894456118574e-06 2.2196752500208534e-06 0.0014686216114992738 0.0001596118331863674 3.0552218708703983e-06 1.798274964870296e-07 4.739630205006978e-06 9.020075944522898e-07 4.499267791149176e-05 2.0001496885412976e-06 0.0002391177018696496 7.391457675926396e-06 0.00013470833983766515 3.944162303813793e-05 0.0001872310703498737 1.307287467749631e-05 1.1239228251718844e-06 2.031784701807517e-06 0.0 0.0 3.4053671252279036e-07 0.00016983823931894236 0.0 2.8277945108928575e-05 0.00017420924137780475 1.6578607436597115e-05 2.8465111409052386e-05 0.00010652175474437794 7.117895311757664e-07 0.00011710262479422301 0.0 1.841559014713303e-05 1.4943948897495468e-05 3.378303374935219e-07 0.0 0.0 0.0 0.00010537669478617078 1.6098978711779458e-07 1.100488446183081e-06 1.9816781923554018e-07 0.00016209766537423777 0.0 5.531707878371856e-08 2.4267296027260197e-07 0.00023916524126824074 1.1743959366585186e-05 1.5139097531719828e-06 0.0 5.951096934756091e-07 2.639346788913187e-07 7.68406701778831e-06 2.2128586815435964e-07 1.5231415886779186e-05 4.01614099905482e-07 2.1171936718746184e-05 8.691630577674509e-06 8.198692013922826e-05 1.779758510046587e-06 4.2025850719479684e-07 0.0
0.00015987130195323194 2.232457029052723e-06 0.00031245468362061713 3.4959819619348543e-07 0.0 7.638999235357964e-06 0.0005270191101650795 0.00012193323054100317 1.2205482356078087e-05 3.062814635182498e-06 1.1923238575613188e-05 2.020197582303203e-06 1.568317798940292e-05 0.00040310702778156534 0.0 0.0015437451006226983 0.00018642453977123032 9.125401988017653e-06 2.282411706710168e-05 8.626489352573591e-07 0.0 5.0346429659742e-05 0.006681986640968806 0.00010646642464674002 9.795018226758023e-08 2.534107466891819e-05 0.0004010758969224381 0.00227603066578054 0.00040860540296108625 0.005685679851727888 1.1073120256544048e-07 7.894343498613359e-07 7.521473207881048e-05 0.0022865545805281474 4.1747235365548915e-05 0.0037873557940848704 0.0011108300402087117 0.0028232773080384918 0.00125644165827857 0.00023195006734136 4.514957610873583e-06 6.324050455691023e-06 2.8359908200216435e-05 4.215845572014381e-06 5.86385729710765e-07 7.898779185303598e-06 0.0 0.0 0.0 6.7432496607759815e-06 9.052023351926426e-07 1.2937167866416945e-06 1.5084410537757754e-06 1.209179653749521e-07 9.634300270690117e-07 1.111409451943582e-06 5.4536151111522364e-06 1.0984346188794487e-07 0.0006804918167976401 6.550055904726707e-06 5.673516432002162e-07 2.0713908140745255e-06 4.719539661639124e-08 0.0003998126908219891 9.315119457198387e-05 0.00036006139527285303 9.763498464823046e-05 0.0 2.7214416372799804e-06 5.113280585192794e-05 0.00015417307889486546 4.190414295212636e-05 7.173906871452971e-05 0.0 4.631854669013753e-07 1.2252377053274639e-05 1.9286637396059315e-05 3.752892179230355e-06 8.992186037949512e-05 7.835124706789522e-06 2.9138575910210574e-05 1.5703206703244533e-05 6.859126283685491e-06 4.455789165428575e-07 1.1356589337717645e-06 2.5368195546774917e-06
3.258419461877738e-07 0.001845465614401698 4.056669450999702e-06 3.0213489351660103e-07 1.3359254149249221e-06 1.8410510021686885e-07 8.594353501906009e-07 1.078016470216501e-06 0.0013730157113571266 5.60133084312872e-08 2.4090855096250777e-05 1.8401532666297233e-06 0.00011255526787688811 1.0284418442482176e-06 6.966115203288851e-05 0.0006643267515438441 9.614181125238763e-06 4.220326862995893e-06 1.1533898698164917e-05 6.770900714965015e-08 5.0346429659742e-05 0.0 4.1738814432122334e-05 0.003035452099438524 0.0003427761342485446 9.188233092032547e-05 0.0026942907130603896 6.528266331209929e-05 1.1242347815780356e-06 7.950976426443828e-07 1.1636832311065571e-05 5.611490948110633e-08 0.0 1.065673738455556e-05 3.7230965487728573e-07 1.7724034501688736e-05 2.4995426409147538e-05 2.531132816284004e-05 2.5758251581581783e-06 3.22823966870594e-05 9.95204771416779e-08 2.5524453481947894e-05 0.0 8.183507972855018e-07 2.249957540861795e-05 2.5184651005080574e-05 2.3386578746214597e-07 0.0 0.0 2.3237195874992796e-06 1.0899155935478415e-06 4.7343496132809354e-06 1.104288762447924e-07 5.54422635116816e-06 4.47766356905536e-06 1.9132184408843873e-05 1.4057597564108263e-06 0.0 0.0006260617670609284 2.0443060432020218e-05 2.551692484889838e-06 1.2855616807821512e-05 2.6781130628825594e-07 4.488061690355111e-05 0.00025564659713420493 0.00024767429834149027 6.0199631648406794e-05 1.2208238078000039e-05 0.00013073075998811068 0.001814611426484369 2.471675478122849e-05 4.848973617409647e-06 1.1811390534824788e-05 7.218589856823616e-06 5.0792058459398206e-08 1.6926194119499029e-06 5.5787284634020426e-06 6.997334082686451e-07 4.489324888733252e-05 1.7939800171376e-05 1.8941512017101654e-05 9.614510299070513e-06 1.5431561258663867e-06 6.601998499412812e-08 3.474076107324278e-07 2.218310769042311e-07
0.0004715316773902937 2.2320125130605154e-06 0.00465546969760923 1.1559742422409368e-05 4.0671380287772915e-07 6.17044006229086e-05 0.00200177743259511 0.0007119997864594597 5.941563303313764e-06 2.3600779888135792e-05 2.3478214185949153e-05 6.5530952363144915e-06 1.1181721342560318e-05 0.001606512785523474 7.192875850560442e-07 0.0019358482819343305 0.0022638731654312672 1.8020366393227295e-05 0.00011677978693496916 4.339301619378913e-06 0.006681986640968806 4.1738814432122334e-05 0.0 0.0003686435137365361 2.2485804623452653e-07 0.0019629206250647638 0.0048904684095314255 0.0020445882698307207 0.0005681471002785064 0.0036126939874334247 1.1240217487661128e-06 1.353314806855341e-06 5.822242487619526e-05 0.0021522160178699765 0.0001013872344423936 0.006461450694150162 0.0033189750657665 0.004164425987578372 0.002454423640083091 0.0005834885072848369 9.793531016905707e-06 4.59462903363244e-06 7.176110829236168e-05 1.4503652619071822e-06 8.845942447659734e-06 6.98795095671338e-05 3.983794782087626e-07 0.0 2.698755588889974e-07 9.552367032667313e-06 1.1568486820923834e-06 1.738724650057487e-06 1.704154040192704e-06 2.3241667116396444e-07 4.3113703114629326e-08 1.3800050411498472e-07 2.6343155981628806e-06 0.0 0.0009537337455508112 2.0773940032788416e-05 5.692527533979091e-07 3.529590891033827e-06 0.0 0.00015849744890617014 0.00013082018855148952 0.0010184434221861213 6.532233236281145e-05 1.0185938014574856e-06 1.763912086893098e-05 0.0013600002840609986 6.286669845605317e-05 8.587566359905935e-06 2.958969067410947e-05 1.904163372528607e-07 0.0 3.3251336775471407e-06 1.578918301228981e-05 8.675040822082508e-06 9.567250317045455e-05 2.2792662311526838e-05 3.514865883312123e-05 2.962528834718421e-05 5.768869562597492e-06 8.081903931872956e-07 4.823492859842438e-07 2.872479121340431e-07
