0.0 0.0 2.8863114437171092e-05 5.1635096696364775e-06 0.0 7.789142912174819e-07 0.00033511212162598244 0.0001563577839944558 4.4077989117651635e-07 1.6450853141902596e-05 4.668058245555081e-06 1.9813255714444122e-07 0.0 0.0009255962218730494 0.0 0.0 3.731709946751063e-05 2.71105503018283e-06 1.5343166847885218e-05 1.0908346382220362e-06 1.1204053031409513e-05 0.0 0.00010757653705201717 1.0517999850253982e-05 0.0 2.3808425313256923e-05 5.066123256650166e-06 2.9518880267638787e-05 0.0014401015993128318 0.0009755832645364766 0.0 9.940660313830756e-07 1.648259050919103e-05 5.099950258946676e-05 1.660513661084424e-07 9.322179333823007e-06 1.981419154866536e-06 1.5048029382441047e-05 4.834752909950239e-06 8.12525589227556e-08 3.389888064406736e-07 0.0 1.442416860299748e-07 0.0 0.0 8.166972889082861e-08 0.0 0.0 0.0 0.0 0.0 6.822917839790957e-07 0.0 0.0 0.0 0.0 0.0 0.0 0.0 0.0 0.0 0.0 3.3712956393403435e-07 9.629263658366391e-08 7.898970115209919e-08 1.0389671173363014e-07 1.1314135236464544e-06 0.0 0.0 5.15434629130594e-07 1.4611185909170063e-06 2.447556691250395e-07 6.583662990179898e-07 0.0 0.0 0.0 0.0 0.0 1.4287362274468037e-06 0.0 0.0 0.0 1.1059217210165686e-06 0.0 0.0 0.0
0.0 0.0 0.0001256978705274022 0.0 4.249495799604202e-06 3.5471708649536515e-07 9.256808994277634e-06 1.5605484158528886e-06 0.0006297799729608589 4.6884687415445205e-08 2.8314295041480576e-05 1.8805856971668855e-06 0.00047915713933884143 7.270047829996949e-07 6.0638654935626936e-05 0.00010097515740914044 0.00015766071653311575 2.0425505097114332e-06 4.5390743519129864e-06 5.46289527323768e-08 3.6596136563418935e-06 0.001021620668131835 1.7999933116156952e-05 0.0006451996035021065 0.0010649684912230409 0.00011788806705439327 0.0033606429000547344 1.4712781024566653e-05 5.024566639784204e-07 9.522170730342586e-07 1.0684411905235118e-05 2.57292115166165e-07 0.0 7.207410685070428e-05 9.365535027003987e-07 7.554474891418596e-05 8.167166928133607e-05 0.00016550473815459053 6.486841903207185e-05 6.44598330190441e-05 7.794746961810729e-07 3.0567719079590205e-05 0.0 7.278461563949434e-08 1.5773932786452157e-05 7.699784304916103e-05 3.5491557422085197e-07 0.0 0.0 7.43064323327124e-07 4.204770597555774e-07 9.317873879851239e-07 6.917147126015025e-08 6.23553727454911e-06 0.0 2.4045066149099074e-05 2.611705769892783e-07 0.0 4.865194802286663e-06 1.3090381128202513e-05 7.26445995304852e-07 3.0402639089673682e-06 0.0 5.036974126427855e-07 2.9444905707390157e-05 5.277745082492915e-06 8.654176095522774e-06 1.4402260065588243e-05 6.441134208022715e-05 0.0010779219434565084 6.661885489391166e-07 4.3447362914130006e-07 9.406102577318994e-07 8.176057628313345e-06 0.0 0.0 1.9455930239050046e-06 7.477593825573867e-08 1.3880700114070587e-05 6.057215918096976e-06 1.0368456596014014e-05 7.794079779167954e-06 0.0 0.0 3.469031695396077e-07 0.0
2.8863114437171092e-05 0.0001256978705274022 0.0 1.5365608201834851e-06 4.800925168263119e-07 0.00011814904197506303 0.0006750556668078879 0.0007802962960091413 3.4507669925306153e-07 1.9596742243477784e-05 1.9000369308290337e-05 4.477611328921122e-07 9.05593040965281e-07 0.0003369827271197609 2.6462741542685585e-07 1.1644478835584592e-06 0.0029055589189559486 1.7130323147619927e-05 0.00013017840717772676 1.2320864116958197e-07 0.0004178116974857424 1.002527848964532e-05 0.0047239498952996554 5.969521369874949e-06 3.058278442648247e-07 0.003264682642988637 0.0026667115443891414 2.621939662515244e-05 0.00017741542892584403 0.00012939451304569755 2.8673232056412984e-07 4.005843027139298e-06 7.380973443075652e-06 0.000902697517985144 6.799396017521104e-06 0.0007306841185180444 0.001994080843826295 0.0014374511827594293 0.0006496458046737259 2.0158470208788727e-05 4.345848720947577e-06 2.7400678165870175e-06 1.7416054511625032e-06 7.750184710259834e-08 5.556575933526497e-05 0.0004705912385665022 0.0 0.0 1.244314243969409e-07 8.896621313645805e-06 2.4408675443960284e-06 8.981540600239169e-07 1.3958230441228424e-06 1.7768045608647242e-06 0.0 9.183177683907009e-07 9.720296586018573e-07 1.716812825588817e-07 2.041776439358282e-05 4.799949646456503e-05 6.019752205301813e-07 4.723390259634289e-06 1.1313552782578925e-07 4.272583008168572e-06 6.576808917009343e-05 0.00024262805310582336 1.3585471673702274e-05 1.2195637527522067e-06 6.064332318424067e-05 0.0013913815352549304 3.933768473106671e-06 4.157996766561813e-07 2.0301511473533135e-06 6.234852079042091e-07 0.0 0.0 4.064427563123289e-06 1.62457023782548e-06 2.8964197020656137e-05 9.40491071664953e-06 3.3448393773066436e-05 2.054592842682393e-05 1.3568396014328462e-06 2.800688508153465e-07 0.0 4.852024031191879e-07
5.1635096696364775e-06 0.0 1.5365608201834851e-06 0.0 1.168282968431504e-06 2.5470719407009884e-05 7.39157076586505e-05 2.5874724309484616e-05 0.0009629923354335395 0.0014798582980208503 1.2011434885525838e-06 0.0020100844780898655 7.008653235201032e-08 1.8631603629474054e-05 3.7429643188799865e-05 5.949920342979085e-08 1.1282940873086801e-07 6.273010847466642e-07 2.4960933451801575e-07 0.0018729314902143036 3.2683750275513376e-07 5.000989944202271e-07 4.86306286265833e-07 0.001122128059704268 0.0 7.446453956090313e-07 1.767570387898972e-06 0.0008712539769508409 8.130952332064336e-05 1.5420639494038594e-06 1.4745864699318675e-07 1.5863722423340127e-06 6.846067628593258e-06 4.3704184826192776e-05 6.951716724528041e-06 0.0002784773458979327 1.2167920813653072e-06 6.327712919717342e-05 5.041422336380056e-05 8.045621740354912e-05 4.1101245634660325e-06 9.025726469244974e-08 1.752658880732203e-06 9.348711637841315e-08 0.0 0.0 0.00020092460888732208 3.487294690881042e-07 5.3639245344610695e-06 9.014067978174782e-05 4.18942220966164e-06 0.0001147434231975844 0.00022678042242590396 1.6400294963692685e-06 0.00019114952235681844 0.0 2.575728777636179e-06 1.3598160854414298e-05 1.0174376183973731e-07 0.0 2.950412735240656e-07 1.0369927215005939e-07 0.0002756209233729621 0.0 1.1843711500667693e-07 7.800523978576422e-08 0.0002549728973771176 2.232218827639746e-07 6.496503112903192e-08 9.980304645569311e-07 0.00014740774570738056 5.653082947856805e-07 6.755704036780365e-06 0.0 0.0 6.625678778574155e-08 6.422518170832596e-06 0.0 8.455245113665212e-05 0.0 2.063785074794784e-05 8.573093449415801e-07 7.61682002637864e-05 4.437310414527044e-07 0.0 0.0
0.0 4.249495799604202e-06 4.800925168263119e-07 1.168282968431504e-06 0.0 0.00014734711553985235 5.258455761620377e-07 2.814968687667891e-05 6.394108509000579e-05 4.43811597561637e-06 3.22791506971543e-05 4.163698796124628e-05 3.421484406808855e-06 1.15604846788853e-06 0.0006209233969050914 0.0 3.790846502089043e-07 5.960730115123707e-06 1.328570518196856e-05 1.9967541682801107e-06 0.0 5.2450242640382695e-06 9.325948793629566e-07 2.3253092991350208e-05 8.107685144727611e-07 9.018703771382363e-06 6.738839983505529e-06 1.0705924946923144e-06 2.5091263406285635e-05 2.0884161281064159e-07 8.385099047326635e-07 0.00024969918168888376 0.0 0.000872131766974596 1.9263985053345554e-06 3.5007861938764394e-05 4.3388550912379315e-06 0.00018228298527723675 8.345216812983829e-05 0.0012283256492191153 0.00011393592900257411 5.0599894732442005e-06 1.511122686213884e-06 0.0 0.0 0.0 0.0 0.0 0.0 4.5504683849209206e-07 0.0 1.354845978595655e-07 1.993508632407194e-07 0.0 6.98838236025172e-07 1.4705823781032482e-07 0.0 7.852588175467227e-07 0.0 0.0 0.0 0.0 4.5842914028553323e-07 0.0 0.0 2.2338672086550198e-07 0.0 0.0 0.0 2.1067702313117838e-07 5.893468462774693e-07 2.3423996955738816e-07 0.0 5.863878325655483e-08 0.0 0.0 0.0 0.0 1.939623020973203e-06 3.553140483724841e-07 3.124169575929685e-07 1.451028033835804e-07 6.705845794462438e-07 0.0 5.406037415892917e-07 0.0
7.789142912174819e-07 3.5471708649536515e-07 0.00011814904197506303 2.5470719407009884e-05 0.00014734711553985235 0.0 0.0012866445478958274 0.002055424570018102 3.690871436574015e-05 0.004740397684988329 7.550022891555965e-05 0.002105165289983327 6.738565209070892e-06 0.00018598142957994233 0.0007412488255972246 1.0386687051672339e-07 1.8013772075351916e-05 1.98819699681781e-05 2.8201231778534323e-05 0.00035350013251638694 3.3981825710305786e-06 8.092598019248567e-07 9.164163823266934e-05 4.1190700449490134e-05 1.2299572133617282e-06 3.8934933453750924e-05 3.668327763105383e-05 9.525192230386512e-05 0.00016589213451328178 1.0720852541408372e-05 1.7094219311220578e-06 0.00028541661219994035 2.850762326230023e-07 0.000540167484264488 1.6499332868920957e-05 0.0005728549746186352 1.4749768971043634e-05 0.0004267118505491451 0.00020673929369657162 0.001508480142695487 0.00014982255503040955 1.7090581106289716e-05 9.23910746612635e-06 1.315879040583796e-06 0.0 1.417149037534712e-06 5.676271921041513e-06 0.0 2.320894858797686e-07 2.2212070121497527e-05 7.286935293355489e-07 3.203335915079635e-06 9.080112717839714e-06 6.065473388792206e-07 1.2299326100087678e-05 0.0 1.9462688145911194e-06 1.2995246688436191e-06 2.345258561934213e-07 6.825903763716597e-08 2.8291691325131136e-07 6.541544758955827e-08 1.0921034035775382e-05 0.0 2.814939444034159e-07 7.521554842053672e-07 1.1116589055438138e-05 6.975698894521644e-08 1.1447907502423782e-07 2.244819551813856e-06 9.469995245442447e-06 9.68446032934215e-07 9.315164162662764e-06 0.0 3.3672214500568805e-07 0.0 1.148372772869443e-06 2.513155426136294e-06 3.381003697660097e-05 1.6274745347351994e-06 2.713866787069618e-06 7.950945528314888e-07 2.0159119705815194e-05 4.4476201470940875e-07 4.3742292975528316e-06 3.3756273774863155e-06
0.00033511212162598244 9.256808994277634e-06 0.0006750556668078879 7.39157076586505e-05 5.258455761620377e-07 0.0012866445478958274 0.0 0.003543728105025495 0.00014988790976639427 0.004417305535686284 1.1192560269124347e-05 1.0095564278044042e-05 2.0968190533918107e-06 0.005549384837209241 5.354505708294579e-06 2.4619137892047514e-05 5.487352671724607e-05 4.2458949009372e-06 7.970368243031469e-06 2.112874477983698e-05 0.0002210638941720702 4.8634676047934745e-05 0.0009526424952370599 0.0016045317501339554 4.357175696586496e-07 6.60265772863268e-05 0.0012990686949259738 0.008631537849100682 0.000953363511326054 0.0018009318559240547 4.892702324103005e-07 1.2628858499020034e-05 8.996158522380953e-05 0.0005126229399983554 2.5262438654464297e-05 0.001332082314589902 4.8737245712405335e-05 0.0006718463170196829 0.00038990631001869255 0.00014440414133499432 3.354206357915802e-05 1.460455098113192e-06 1.373666910456576e-05 1.5150693754359255e-05 2.455942248681958e-06 1.5910325340803626e-05 4.810091524075535e-05 3.7513677388314525e-07 9.434488878391638e-06 0.0004404371633063847 3.6961791290629965e-05 7.811586930112298e-05 0.0001434966394189199 6.958450353387076e-06 3.740473406770632e-05 2.959140342641152e-07 5.28368308816566e-05 9.586505064601515e-06 1.533411517018096e-05 2.7910631079177453e-06 6.837546533606586e-07 1.2616581755037935e-06 7.480738269818922e-05 1.6707148573703702e-05 9.947714308926417e-06 4.312929979151553e-05 0.0003670187495298234 1.408737357181547e-07 4.079950696668555e-06 7.133426295052857e-05 0.00039231697452854096 6.007048352025785e-05 0.00022583492037128134 1.6343060344384944e-07 2.0811626919978276e-06 2.2444597593159256e-06 3.853924243192595e-05 3.727674296365321e-06 0.0003916566103524627 1.8918704151385064e-06 0.00011042814199897876 1.9940749050684264e-05 0.00021184052990186423 2.1496525086683998e-05 0.0 1.1109772082697238e-06
0.0001563577839944558 1.5605484158528886e-06 0.0007802962960091413 2.5874724309484616e-05 2.814968687667891e-05 0.002055424570018102 0.003543728105025495 0.0 7.334142836937449e-06 0.0022850604135191744 9.296024974128674e-05 0.0003643055503996689 5.353154596451984e-06 0.0016422469800052343 4.816407963995602e-05 3.918089270755818e-07 0.00023706342892969895 3.362807861986977e-05 8.301735210450923e-05 0.00014122458331131726 4.830449080835578e-05 3.6897665887573896e-07 0.0013541521327164888 0.00011148132075873072 8.663924005051868e-08 0.0002118010073585251 0.0001018919962208311 0.00014306405517703645 0.0006305098282725108 0.0006770957428964144 1.9572181271495736e-06 0.0006209142553053477 5.712689502835338e-06 0.0005178234297557758 2.408631238790432e-05 0.00031976800371024777 4.32438906145933e-05 0.00042855730317903595 0.00016001433971809953 0.0005980392025927555 6.797312054810459e-05 5.464474619168196e-06 4.949882340433913e-06 1.5940438064408417e-06 5.692584950460047e-07 3.6559113060743104e-06 7.426238921968705e-06 0.0 9.619146480377607e-08 6.13566862721482e-05 1.5697000464570636e-06 6.165975325369322e-06 1.9272608889953622e-05 9.103268861891649e-07 5.74526359090717e-06 0.0 4.976214136326479e-06 3.7010592033638086e-06 1.3071843998550605e-06 2.385204388612174e-07 0.0 1.33591440136445e-07 8.730003965130815e-06 1.0748360039511095e-06 2.3321581633722418e-07 2.041657061211029e-06 3.207960763978231e-05 0.0 1.3537316235152953e-06 1.0355387167437167e-05 2.6909493737014848e-05 4.930516215895355e-06 2.1161650517084887e-05 4.1630301716938756e-07 0.0 1.413535191232275e-07 1.4893133144124505e-06 2.5508211884423693e-06 1.9045159452453053e-05 4.2378915026880765e-07 8.587428132309868e-06 9.304325436190543e-07 1.32123363955775e-05 1.0790168570883924e-07 1.4762088608217996e-07 7.839521497670072e-08
4.4077989117651635e-07 0.0006297799729608589 3.4507669925306153e-07 0.0009629923354335395 6.394108509000579e-05 3.690871436574015e-05 0.00014988790976639427 7.334142836937449e-06 0.0 0.0001266250148790922 2.7553440961114987e-06 0.0001174739232854547 5.9059886564505774e-05 3.5688671133117186e-06 0.0005875864091118637 4.408363440526927e-05 3.1322053148110536e-07 5.423584781813505e-07 3.400537281129244e-07 0.000404121638422211 2.7812425877645684e-05 0.0013132933452333591 5.4471068222486434e-06 0.0041545290493596905 0.00010397199176174944 4.997432322888141e-06 0.0003759470694152786 0.000662192183457805 7.562409293947571e-06 2.281564972953884e-05 3.592488490092711e-06 1.7126677705292856e-06 6.59741356872053e-08 9.52837219715708e-06 0.0 5.168128875642532e-05 5.30444809610457e-06 1.185240714685383e-05 2.1836215664450686e-06 0.00019953684070474217 3.347930620998236e-06 4.522615222893878e-07 6.782891149675573e-07 4.8678828025437686e-06 8.187849978963033e-07 1.6942945067205633e-06 0.0001445980014949505 1.2069620705479294e-07 2.4034652972987533e-06 0.00023562405381043897 1.2504408857821738e-05 2.6056333943234772e-05 9.027360456568385e-05 2.7348395376848526e-06 7.174684004609413e-05 3.0517932993069157e-06 1.9615017906777496e-05 3.3014671301232023e-06 1.5886165375587614e-05 2.5435947574019733e-07 1.0803281015963847e-06 7.782848701400273e-07 0.0001411531439597422 4.960533382630735e-05 1.5761490028173073e-06 5.270511802959637e-06 0.0008207818311305286 1.6869526377876828e-07 2.314677053300379e-06 9.104322974896808e-06 0.0003343484405408737 3.2489125645425156e-05 0.00012037134563154043 2.7160461444485294e-06 6.739691767179082e-07 9.731734944521295e-07 1.1541812106532746e-05 2.1164790418275004e-06 4.526904793010028e-05 2.004758866035501e-06 2.693876317590678e-05 6.000872015480841e-06 3.113570826529031e-05 5.385588537041363e-06 0.0 0.0
1.6450853141902596e-05 4.6884687415445205e-08 1.9596742243477784e-05 0.0014798582980208503 4.43811597561637e-06 0.004740397684988329 0.004417305535686284 0.0022850604135191744 0.0001266250148790922 0.0 3.587546838640007e-05 0.002191530161889373 2.357815377973211e-06 0.0004958156871512205 4.978529364673971e-05 1.94547963961184e-07 4.0302803610597535e-06 1.2167978684366466e-05 1.623964611940884e-05 0.0021690001635520334 1.2679927563416405e-06 2.0626882753801112e-07 9.909889461442541e-06 0.00024961284049581256 1.0386560420952158e-07 1.7590665014106167e-05 2.4179786362195625e-05 0.003671110210334983 0.0006999149256894444 7.41821002683749e-06 1.5391723914497365e-06 3.4562336634861126e-05 1.4083159448472113e-05 0.0006045093219911708 2.029913656417464e-05 0.0011400555777483234 1.986706954475639e-05 0.0007456193058950808 0.00026910611702730687 0.00019395387810959937 7.014971509132315e-05 1.4129058270675036e-06 1.4239507984639301e-05 8.694269468332007e-07 1.946409592855812e-07 3.319403508461836e-07 0.00013977707060318652 9.42742946710563e-08 2.3629907802499316e-06 0.0001648860107474072 3.9236140220530965e-06 4.734809818929195e-05 0.00023394460672246115 3.339305095980559e-06 0.00014113965974204453 1.11236617178939e-07 5.640409413389951e-06 1.2799242983407018e-05 1.1903456538432687e-07 3.3959517313869626e-07 3.8841317491800403e-07 4.708385999022026e-07 0.0002124047790895569 0.0 6.72445406022566e-08 5.827754659928751e-07 0.0001908640633010317 0.0 4.743157656531403e-07 6.265866788049774e-07 0.00011466613088401053 3.7151876821210868e-06 1.709471161067324e-05 7.946822773541732e-08 2.606451875540442e-07 0.0 7.060378469635962e-06 1.4710274068297624e-06 0.0001374692782724337 9.253141963072717e-08 3.0300908906251618e-05 8.254157523376766e-07 9.67787777709784e-05 2.325479497937036e-06 6.546690614064502e-08 8.810710162294567e-07
4.668058245555081e-06 2.8314295041480576e-05 1.9000369308290337e-05 1.2011434885525838e-06 3.22791506971543e-05 7.550022891555965e-05 1.1192560269124347e-05 9.296024974128674e-05 2.7553440961114987e-06 3.587546838640007e-05 0.0 3.502522602687409e-05 0.0012562756109462917 6.685750660661945e-05 1.30611555595039e-06 3.827099046586948e-06 0.00010145500282532432 0.00171486039345788 0.0007965236494347881 1.1460329829049581e-05 4.658048383544613e-05 5.967709407579902e-06 0.00013674605444560252 8.887594492555955e-06 0.00014374247554213698 0.001447249412363039 0.0005234307346833426 4.693290023620739e-06 0.00020240374980421487 2.3680274754093575e-05 0.0005014879778356184 0.0001596424341096368 3.844789099244207e-05 0.00393558270322512 9.840694267078935e-06 0.0002893461002464277 0.002874393102690806 0.0029374777895984435 0.0004903076938409466 5.112905200072849e-05 3.578693747784164e-05 0.00021500401142049156 6.640331887930889e-06 2.7931829583436165e-07 1.1584393697110056e-06 2.7775636044219027e-07 3.461469612320887e-07 0.0 3.559964219589599e-07 3.467096801705255e-06 3.300882888230785e-07 6.729628988230019e-07 1.5423678631323057e-06 7.491178506488521e-05 2.2601521891229064e-07 0.00043288327873560736 0.0 0.0 1.9431395797863826e-07 2.0583729660286983e-07 4.545211995895964e-06 1.2074451074613932e-06 4.639001565243954e-07 7.048443073699702e-07 3.872972167970671e-07 8.748034500761129e-07 1.8610527805246766e-06 2.191110933607713e-05 1.997578832111563e-05 0.00010139035031122433 1.1295532661969642e-06 1.487268228281449e-07 9.144489580101189e-07 7.413943942214349e-05 0.0 0.0 8.818868595435533e-07 1.3093596547780558e-07 1.383090641073544e-05 0.00010560973019537073 4.7433011855757845e-06 6.962952824840016e-07 8.333858234680454e-07 0.0 3.840734699449247e-05 0.0
1.9813255714444122e-07 1.8805856971668855e-06 4.477611328921122e-07 0.0020100844780898655 4.163698796124628e-05 0.002105165289983327 1.0095564278044042e-05 0.0003643055503996689 0.0001174739232854547 0.002191530161889373 3.502522602687409e-05 0.0 2.0601162963704937e-06 0.0002546884340703794 0.0004968079418416053 0.0 7.134376198089392e-07 1.1513691265185585e-05 1.580640604896292e-05 0.0027192171681687345 5.525643877860124e-08 2.5023673045249177e-06 9.158877817830169e-07 0.00011292297542540573 1.194813697865576e-06 1.7075955903118662e-05 5.729342827415072e-06 0.00023154736962196706 0.00018522307487223074 9.071794298403469e-07 1.2705658783476463e-06 3.13111364322914e-05 0.0 0.00024136346817661358 4.326505204972433e-06 0.0008743146885814353 8.52505952893062e-06 0.00030754244578604843 6.144907784783079e-05 0.0004653530696675524 3.2194699242302525e-05 3.160801049815257e-06 5.44556011574196e-06 6.629995985015005e-07 0.0 0.0 7.850347307334552e-05 2.113038262252041e-07 2.217316222565179e-06 1.6599083956468224e-05 1.8757884464711603e-06 5.111731819900167e-05 7.895424480655418e-05 2.2041753401145375e-07 0.00018827254668421782 4.742660049971032e-08 6.63495616249465e-07 1.6863392708296228e-05 0.0 0.0 0.0 1.0832698944789052e-07 0.00013779132078202956 2.1847297464992972e-07 0.0 0.0 4.7802997718788955e-05 0.0 9.35418379233384e-08 5.748216149772268e-07 3.5340407138637044e-05 6.870688164441033e-07 3.9563981558678345e-06 0.0 6.143008003372175e-08 0.0 1.113648485683407e-06 1.0881222224238251e-07 0.00011434795670578018 7.162875698488982e-08 5.358935445338348e-06 4.454333424926144e-07 0.00010726447773846831 7.506895320534627e-08 3.3322483927897242e-06 0.0
0.0 0.00047915713933884143 9.05593040965281e-07 7.008653235201032e-08 3.421484406808855e-06 6.738565209070892e-06 2.0968190533918107e-06 5.353154596451984e-06 5.9059886564505774e-05 2.357815377973211e-06 0.0012562756109462917 2.0601162963704937e-06 0.0 3.4149013926232634e-06 5.328461719841104e-06 2.836395003912124e-06 1.738172022808628e-06 4.6034424714377694e-05 2.8276741074655257e-06 8.050475709282195e-07 3.2876230772430877e-06 9.028143823608342e-05 3.005408049143153e-06 3.366652221256027e-05 0.002096040242918813 0.00036432855649343155 0.0019808759972631414 2.740196315940302e-06 3.18997376085932e-06 3.2547139536905297e-06 0.0008729302372652915 7.4808310095105175e-06 7.670220493232797e-08 0.0005728983998401442 8.251851668073934e-06 0.00042479432014491236 0.002153839120216744 0.0014055532752682775 0.000358346893172522 1.864513690590467e-05 1.9283287729727754e-05 0.0005673169764959466 1.379168044413131e-05 0.0 2.1085996729146673e-05 4.5221733907630723e-07 0.0 0.0 1.8162507131548235e-07 2.0364035320484054e-07 1.042446901070668e-07 8.159771300428693e-07 3.1452970341888324e-07 0.00033138647268127517 9.672462282027103e-08 0.0019614641682070247 3.736923110118834e-07 0.0 6.613213003857427e-08 2.1888022284022637e-07 1.8483596979739496e-05 1.719787139327079e-06 0.0 0.0 1.0468634059155863e-06 0.0 5.667510692473398e-07 0.00022054123571565448 0.00012060876206394416 0.000648528806454532 3.449564996660806e-07 7.590068037505973e-07 3.408519948933501e-07 0.0003914786131421979 4.925207481429999e-08 0.0 1.3854632046809385e-06 2.732162222784024e-07 4.800726958935508e-05 0.0004543884591078996 1.6697618720377673e-05 2.5497972486447677e-06 2.408335538510721e-06 1.1836718070152437e-06 0.0002406361598261043 6.62132638112417e-08
0.0009255962218730494 7.270047829996949e-07 0.0003369827271197609 1.8631603629474054e-05 1.15604846788853e-06 0.00018598142957994233 0.005549384837209241 0.0016422469800052343 3.5688671133117186e-06 0.0004958156871512205 6.685750660661945e-05 0.0002546884340703794 3.4149013926232634e-06 0.0 8.78416091252483e-06 1.9953097765497036e-07 0.0001544986812653665 2.6483206807647183e-05 7.297677122190325e-05 9.536649601993886e-05 5.748745434880669e-05 0.0 0.0010097532242604262 6.537807454815295e-05 2.687921195902724e-07 0.00011224314050504898 4.616899225920149e-05 0.00010352044297596301 0.0034806435457018655 0.002145601477426078 1.6274479138276187e-06 5.789813772700769e-05 1.540542775349689e-05 0.0004188269690832997 1.1196709018765563e-05 0.00023353952397439233 2.417229622623749e-05 0.00026655043937052185 5.69820221237537e-05 0.00013454165424347657 1.2716678236174273e-05 1.1839831383634039e-06 2.7504485904109014e-06 6.951857649817168e-07 3.5853634489974884e-07 1.0398491074164816e-06 1.8830266394660907e-06 0.0 6.7395111642643e-07 3.891407607937277e-05 2.0653794295484127e-06 2.8009118287797343e-06 1.282499114447579e-05 2.1829020905318506e-07 2.3333993056826657e-06 7.54458669354816e-08 2.6962827409246876e-06 0.0 6.880893130243694e-07 2.683691208148919e-07 0.0 0.0 8.9518278162876e-06 1.0779051199914617e-06 1.29152246101812e-07 9.948531432775885e-07 1.4991025117218671e-05 0.0 3.235006172829098e-07 4.391783440825448e-06 1.807976942192843e-05 3.7980347352335446e-06 1.294500964004141e-05 0.0 0.0 1.6296210772095055e-07 1.2930245100393634e-06 9.239833121808421e-07 2.179630227800216e-05 2.6618081865926636e-07 2.8516440270040633e-06 5.449779935096361e-07 8.90674936669981e-06 8.177425851902699e-07 3.59948770673076e-07 0.0
0.0 6.0638654935626936e-05 2.6462741542685585e-07 3.7429643188799865e-05 0.0006209233969050914 0.0007412488255972246 5.354505708294579e-06 4.816407963995602e-05 0.0005875864091118637 4.978529364673971e-05 1.30611555595039e-06 0.0004968079418416053 5.328461719841104e-06 8.78416091252483e-06 0.0 0.0 0.0 3.8879686125744363e-07 9.232011848888351e-07 3.381720004485404e-05 0.0 9.1992895772632e-05 3.754399904312218e-07 0.0006639627053516843 9.254750362928025e-06 1.7958193634097046e-06 4.442967618712003e-05 1.6594847433241297e-05 7.345942837600308e-06 0.0 2.0541961442064773e-07 0.0001153997235804293 0.0 2.6017565360152145e-05 0.0 0.00044442841374606315 4.876934522932534e-07 8.854772649345853e-06 1.2012206668937668e-06 0.0008770407036985027 5.3858259416596425e-05 1.6251319944652978e-07 2.0308185007341396e-07 0.0 0.0 0.0 5.549139956626262e-06 1.8237306996844543e-07 0.0 0.0 0.0 3.304018796047631e-06 9.380792662881987e-06 0.0 2.5146393717072748e-05 1.74855075251864e-07 3.4018279659304196e-07 1.459560459189164e-06 0.0 0.0 0.0 0.0 9.84064139519621e-06 0.0 0.0 0.0 2.2364852205399232e-06 0.0 1.7944869236699333e-07 3.7227857150411833e-07 3.104424185270086e-06 0.0 3.926691338262557e-07 3.4677276361143427e-07 0.0 0.0 0.0 0.0 3.59927920142448e-05 1.30889980029756e-07 7.818401770050398e-07 0.0 2.8113189987061012e-05 1.4918137873783141e-06 1.2538797483487537e-06 1.3012855852045325e-06
0.0 0.00010097515740914044 1.1644478835584592e-06 5.949920342979085e-08 0.0 1.0386687051672339e-07 2.4619137892047514e-05 3.918089270755818e-07 4.408363440526927e-05 1.94547963961184e-07 3.827099046586948e-06 0.0 2.836395003912124e-06 1.9953097765497036e-07 0.0 0.0 5.958631791920267e-06 1.8429529015325712e-06 2.0766486909838126e-06 5.712186579681809e-08 0.000766905900254649 0.0012476334935006066 0.0007810170479284304 0.0008865654910036854 3.5845492561512052e-06 2.3122387811545624e-06 0.002066965889668672 0.0009077119925881172 1.7717286182446711e-06 3.0063797098984846e-05 1.0150601859099284e-07 7.96724541564632e-08 1.3448640346276724e-06 4.691936375843834e-05 1.1344501838063779e-05 0.0007661892224867006 0.0001494889820111914 0.00017404049910340239 0.00034631276821987805 2.0929251445179245e-05 9.578387988010358e-07 3.970604974933578e-07 2.6881321095640495e-06 1.405254168171634e-06 1.3204700160018787e-06 1.2776194058107568e-05 7.638678535642229e-08 0.0 7.13221067049251e-08 1.4412532615202243e-05 2.1801566037219598e-06 9.697563616222799e-06 2.473099093998396e-06 1.1001384723120612e-06 4.86890063371337e-07 7.728513309030722e-08 4.3173036382314475e-06 1.2423613800988575e-07 0.001099353409255174 1.2055151794021831e-06 9.954476958511173e-08 1.1257889712164095e-06 6.514137507801884e-08 0.00045332789648714 0.0004419746703473541 0.0014422818644822405 0.0002680479326927249 0.0 1.9379991550962305e-06 0.00011482863474977705 0.00016892004440507142 1.7075370394919043e-05 0.00013588578000203467 0.0 0.0 3.2124323735801426e-06 6.055032685912882e-06 1.7214384608309865e-06 0.00011279894047373105 4.479287986054513e-06 1.5529790692965018e-05 1.7348913537878083e-05 5.902636446289849e-06 1.9901953182712743e-06 3.2810130769601987e-06 9.94590927575055e-07
3.731709946751063e-05 0.00015766071653311575 0.0029055589189559486 1.1282940873086801e-07 3.790846502089043e-07 1.8013772075351916e-05 5.487352671724607e-05 0.00023706342892969895 3.1322053148110536e-07 4.0302803610597535e-06 0.00010145500282532432 7.134376198089392e-07 1.738172022808628e-06 0.0001544986812653665 0.0 5.958631791920267e-06 0.0 0.0001952566651130429 0.0016717197327849947 5.07804483228985e-07 0.0003920112733766517 2.2238973159477114e-06 0.0022411229526630248 8.73974865909331e-06 4.167586757623117e-06 0.001992310863556194 0.002906143579858511 6.208775176086815e-06 0.0003838752230596851 0.0013801271145462903 4.387611271615081e-07 7.037126484625477e-06 5.70250115838181e-05 0.0013267298068819788 1.2067728026771254e-06 0.0002550321735444846 0.0023126853922006943 0.0012164552349514573 0.0003530909177794621 7.482865400799795e-06 1.3962702734731072e-06 3.3076389359442886e-06 8.481111455343527e-07 1.0641393125653408e-07 3.3547205327068054e-05 0.0001609278104277112 6.349707754776707e-08 0.0 0.0 9.261842536948678e-07 1.1588304926410537e-06 5.063569850146175e-07 6.282334520369496e-08 3.378026180686313e-07 0.0 9.285378539962107e-07 7.467531473469927e-07 0.0 5.103014560648299e-07 3.3827039436778706e-05 2.6304834457430876e-07 1.19317207807707e-05 0.0 8.180085239308308e-07 2.060551147212156e-06 4.0920392256644925e-06 3.073267901220146e-06 1.6953585462462239e-06 0.0001472600783852916 0.0004979354361302338 7.796378933002337e-07 2.9646585964070956e-07 1.7984966688250867e-06 6.412629184247225e-07 0.0 0.0 1.2888721037582482e-06 1.4926921587603858e-06 1.3197319580975865e-05 1.0005802841390616e-05 1.4629323336304927e-05 5.749234393558824e-06 2.2117448692657832e-07 0.0 0.0 0.0
2.71105503018283e-06 2.0425505097114332e-06 1.7130323147619927e-05 6.273010847466642e-07 5.960730115123707e-06 1.98819699681781e-05 4.2458949009372e-06 3.362807861986977e-05 5.423584781813505e-07 1.2167978684366466e-05 0.00171486039345788 1.1513691265185585e-05 4.6034424714377694e-05 2.6483206807647183e-05 3.8879686125744363e-07 1.8429529015325712e-06 0.0001952566651130429 0.0 0.0010685291765263273 4.253692834914417e-06 1.0727453108414014e-05 2.1836704591826857e-07 4.6345132508209704e-05 2.869475733432791e-06 2.2034518665595952e-05 0.0014174319543863083 0.0002744115852168602 1.4106920659715798e-06 5.964472936474607e-05 2.935791963196259e-05 0.0001087091651919209 3.8027375535596205e-05 7.414361662338364e-06 0.0007685794189476086 3.351424950665891e-06 0.0002369460056050614 0.0003807222841745528 0.0011580859706700841 0.0003294152033580494 1.3755090307824656e-05 2.7334587980479133e-06 5.640547070942512e-06 4.5363841083476175e-07 0.0 4.550998289429024e-07 8.237367333279311e-07 0.0 0.0 1.5179800195326422e-07 3.48943228383591e-07 3.6148699718995863e-07 4.14757320862831e-07 0.0 1.2823536423093378e-05 0.0 5.94753750520955e-05 3.3232738554848655e-07 0.0 1.1494836752470194e-07 0.0 1.4263323476354618e-05 3.1261040949453432e-06 0.0 0.0 8.878093071857925e-08 0.0 5.207322703654443e-07 1.585435387004382e-05 7.739190377871855e-05 0.00016806329860003378 6.824680520445049e-07 3.403389839667184e-07 4.5197634231917146e-07 4.8594522082088765e-05 0.0 0.0 1.3366756085026466e-07 1.4504399361090977e-07 4.571784802773837e-06 3.401155969423186e-06 2.7058646835840382e-06 6.154818143978094e-07 7.585687895122913e-07 3.4147696255334164e-07 9.33951265114197e-08 0.0
1.5343166847885218e-05 4.5390743519129864e-06 0.00013017840717772676 2.4960933451801575e-07 1.328570518196856e-05 2.8201231778534323e-05 7.970368243031469e-06 8.301735210450923e-05 3.400537281129244e-07 1.623964611940884e-05 0.0007965236494347881 1.580640604896292e-05 2.8276741074655257e-06 7.297677122190325e-05 9.232011848888351e-07 2.0766486909838126e-06 0.0016717197327849947 0.0010685291765263273 0.0 5.8680921928917625e-06 6.963301483794287e-05 2.4222972299070706e-07 0.0003197128129724192 3.980827246934669e-06 6.02456200524419e-06 0.00289591099763161 0.000858118370519357 3.640243301293883e-06 0.0002504756267664266 0.0002208908549813458 3.5457133501070355e-06 7.49744385115013e-05 4.749058813138846e-05 0.0025799232227268704 4.5945951026779536e-06 0.00031894514459420884 0.000497228680557422 0.0017830680906662335 0.0004699778163082851 1.808448061116167e-05 2.417273172683229e-06 1.252744909445155e-06 1.41771696920066e-06 0.0 3.348848736404096e-06 4.874283700885748e-06 0.0 0.0 0.0 9.565332977313266e-07 1.3659521567372611e-07 1.216027881568518e-07 0.0 4.4391922987961614e-06 4.1854531997595084e-07 1.0716011586514648e-05 1.8005720277608425e-07 0.0 2.696538866970115e-07 1.6517009597370525e-06 7.481762513625107e-06 9.846687362331958e-06 5.249579706971123e-07 2.4146209894747695e-07 2.8800827446579605e-07 1.1833011204811986e-06 8.996131968820044e-07 5.37563683267907e-06 0.00010164499870420098 0.00016457053287868568 1.3779778968154253e-06 9.468368657242124e-08 7.082979112700508e-07 1.3977417542179153e-05 0.0 0.0 5.284969815638262e-07 0.0 6.639017797788737e-06 1.6997230471268413e-06 1.7989267295159107e-06 8.850913329155198e-07 1.5191039501719548e-07 0.0 1.5741082562784018e-07 0.0
1.0908346382220362e-06 5.46289527323768e-08 1.2320864116958197e-07 0.0018729314902143036 1.9967541682801107e-06 0.00035350013251638694 2.112874477983698e-05 0.00014122458331131726 0.000404121638422211 0.0021690001635520334 1.1460329829049581e-05 0.0027192171681687345 8.050475709282195e-07 9.536649601993886e-05 3.381720004485404e-05 5.712186579681809e-08 5.07804483228985e-07 4.253692834914417e-06 5.8680921928917625e-06 0.0 1.6276739046072764e-07 0.0 8.030195775730809e-07 0.0004378247168226624 5.7203179792982385e-08 4.797508401097259e-06 2.1059379734313e-06 0.0011485315126821074 0.00014791688655732446 1.1334896983306704e-06 4.625214135740929e-07 9.733875421052113e-06 1.192174320010843e-06 0.00014892984878996343 6.689317322081538e-06 0.0005445278608299765 7.482078692036793e-06 0.00023598434378687617 8.643349543622045e-05 0.00021902570701075755 2.54042154332127e-05 5.830500127767746e-07 5.100333593850297e-06 2.1947257573854844e-06 0.0 0.0 0.00015860607816043526 4.93616601858586e-07 4.804418402361623e-06 0.00012629892967664033 4.2664834767124635e-06 6.412639055277856e-05 0.0002465341919319809 2.3527426272061425e-06 0.00019157156700055 0.0 9.967973991048018e-07 2.2723554360658848e-05 1.7014284736216057e-07 0.0 3.983666246025829e-07 4.741429028632776e-07 0.0002451928865905229 0.0 3.11064152598048e-07 1.1345330927804897e-07 0.00017211977651419445 3.027633049527488e-07 2.2451196523925258e-07 4.1141636613375615e-07 0.00011208144791535375 4.705690362979921e-06 1.410871518301616e-05 0.0 3.090807361020489e-07 7.554601428707128e-08 5.465102707540317e-06 9.355739215966507e-07 0.000163765892242928 0.0 2.0037086074418126e-05 3.5066360726305644e-06 0.00013491406425956536 2.272641952535612e-06 1.040674402978718e-07 0.0
1.1204053031409513e-05 3.6596136563418935e-06 0.0004178116974857424 3.2683750275513376e-07 0.0 3.3981825710305786e-06 0.0002210638941720702 4.830449080835578e-05 2.7812425877645684e-05 1.2679927563416405e-06 4.658048383544613e-05 5.525643877860124e-08 3.2876230772430877e-06 5.748745434880669e-05 0.0 0.000766905900254649 0.0003920112733766517 1.0727453108414014e-05 6.963301483794287e-05 1.6276739046072764e-07 0.0 0.00010073902761599459 0.009424398119882224 3.6556824008909995e-05 4.530236495159627e-07 2.474570934241653e-05 0.0007264565171177901 0.001054506071274801 0.0002083108765568716 0.0038926633024650983 2.4099441897303765e-07 8.019443689333364e-07 0.0001123749463050064 0.003485901266232245 6.242696322395379e-05 0.00371305050545404 0.0011471013454089547 0.0028734025765761503 0.0024101569567864306 9.603013663073426e-05 7.630640856986906e-06 3.864741142702247e-06 1.809513780040255e-05 1.7744836568998966e-06 5.008851957118081e-07 9.602776718499336e-06 7.037842801884771e-08 0.0 0.0 7.423297759868421e-06 1.3311811252673993e-06 1.0296636000602128e-05 9.507949057066515e-07 5.081057434035755e-06 0.0 0.0 8.030065469399832e-06 4.076367521559655e-07 0.00018569357465195882 2.299953059196681e-06 1.1364778940209178e-07 1.0116277013580493e-06 0.0 0.0003851635912917451 5.873402844840272e-05 0.00019960342155808894 0.0002314148738268664 0.0 5.795566506247346e-07 1.1524356711508259e-05 0.00018510731168582022 2.825993692672224e-05 0.00023266573841239854 8.529132006090867e-08 7.499385691982481e-08 5.874803564148931e-06 6.887678635013491e-06 4.050189318770955e-06 0.00019774327227589593 5.372418273418004e-06 1.388291679194153e-05 1.858169347330357e-05 1.3004533491405764e-05 3.3322353455570942e-06 3.548409910980243e-06 1.8998694168828502e-06
0.0 0.001021620668131835 1.002527848964532e-05 5.000989944202271e-07 5.2450242640382695e-06 8.092598019248567e-07 4.8634676047934745e-05 3.6897665887573896e-07 0.0013132933452333591 2.0626882753801112e-07 5.967709407579902e-06 2.5023673045249177e-06 9.028143823608342e-05 0.0 9.1992895772632e-05 0.0012476334935006066 2.2238973159477114e-06 2.1836704591826857e-07 2.4222972299070706e-07 0.0 0.00010073902761599459 0.0 0.0002443452834428564 0.0037442360275460416 0.00020717340200794194 6.519283083089872e-06 0.0016692275445842006 9.075646316696866e-05 4.1833015209155413e-07 1.0785026490983238e-05 3.412922287263019e-06 1.1206992320133971e-07 6.669026798028345e-08 6.299478650443956e-06 1.500400033159116e-06 4.0634069868652657e-05 1.9101541382227035e-05 3.8569727644299757e-05 2.2969861426844214e-05 0.00010179108351222002 1.9661974688334422e-07 2.571967551197796e-06 0.0 1.2938618568622732e-07 1.3222970743861517e-06 2.3317362601660134e-05 1.002622867534818e-07 0.0 3.6140761348230054e-07 6.599949289608208e-06 5.660818140343485e-07 3.5174758662155903e-06 7.838667617712684e-07 5.652984299205874e-07 0.0 5.205961319072526e-06 7.092639708688088e-07 0.0 0.0005917098570482992 9.389254383711881e-07 3.769754614256914e-07 8.013676537432762e-07 0.0 9.784588987486769e-05 0.00021424608254296137 0.00041623790739981964 0.00010548475066863524 1.1429620413902918e-06 3.237618597785598e-06 0.0008493240508541282 3.8307210266603646e-05 1.6044717039664409e-06 2.0514494679215075e-05 1.5370428421540978e-06 0.0 7.313157432735639e-07 2.7199959226064528e-06 1.9893371414063023e-06 2.1401842813443206e-05 1.9709792629929464e-06 1.1289352798261157e-05 9.63383073994296e-06 1.065556248668814e-07 0.0 0.0 4.570904970632896e-07
0.00010757653705201717 1.7999933116156952e-05 0.0047239498952996554 4.86306286265833e-07 9.325948793629566e-07 9.164163823266934e-05 0.0009526424952370599 0.0013541521327164888 5.4471068222486434e-06 9.909889461442541e-06 0.00013674605444560252 9.158877817830169e-07 3.005408049143153e-06 0.0010097532242604262 3.754399904312218e-07 0.0007810170479284304 0.0022411229526630248 4.6345132508209704e-05 0.0003197128129724192 8.030195775730809e-07 0.009424398119882224 0.0002443452834428564 0.0 0.00032542475773485267 2.889992779450682e-06 0.0010515534566542437 0.003655946586872684 0.0009873300235833675 0.0006619438496835423 0.004228120469734979 2.806670837423909e-07 6.468180663118411e-06 7.431668285237524e-05 0.0024462967471141723 0.00010631723105399762 0.004693493091935079 0.0032272743608894035 0.00468620163151428 0.00507034249182433 0.00019582143173188052 2.9486716515270315e-05 1.1655574769443213e-05 2.256068404835323e-05 8.364767702651401e-07 4.3341401267967105e-06 7.472879748021958e-05 1.6795249634993863e-07 0.0 8.469769421557171e-07 5.0270570444221324e-05 6.176077260244446e-06 1.2034441790294175e-06 5.58187310141955e-06 5.355814396474549e-06 7.958220012630822e-08 1.1174587234274986e-06 3.907865134864352e-06 0.0 0.0013162602346646671 8.068576456192721e-07 5.35917143377936e-08 4.4988877561286224e-07 0.0 0.0003612982982705065 0.00032094652585848996 0.0029125542654556548 0.00012972784857303131 0.0 3.853746797983188e-06 0.0006842631051545185 8.394029829212081e-05 5.259984080587653e-06 8.238247436704045e-05 0.0 4.585031362591789e-08 9.672711464725175e-07 7.538224059500203e-06 6.477959708627956e-06 0.00015226911982370303 1.2754869117580335e-05 5.481757647017439e-05 6.956413678950655e-05 6.589846316076614e-06 5.834335520917826e-06 8.736902683455728e-06 6.65013797170769e-06
