0.0 1.0550948523079338e-06 0.0001250584069100683 1.5824945233252916e-06 7.979191974323813e-07 4.0095341227503645e-05 0.0008944842981308824 0.0004725349831836586 1.3171038533447105e-07 3.396318521169183e-05 2.6539586107097034e-06 3.7901823760540794e-06 2.393492188869942e-07 0.0034960273290303833 4.795667369520336e-07 2.2564711529967759e-07 5.187538051663951e-05 1.918107189352883e-06 8.156053094029029e-06 4.462853403377244e-06 1.9105414783960543e-05 0.0 0.00016900856298400217 2.8941120962929084e-06 0.0 2.1078593475178666e-05 1.4316072419316163e-05 7.045065197447344e-06 0.0018268955296788338 0.0010470147915048135 0.0 1.629952974544379e-05 7.02412765894599e-05 0.00010666121056767992 1.2623555492105946e-06 8.856547776021498e-05 6.610812028063027e-06 7.238655023535765e-05 2.0797940664385033e-05 9.136821051833173e-06 4.462002581937795e-06 0.0 5.227882729191737e-07 0.0 0.0 1.7838018501201624e-07 0.0 0.0 1.8287822664659285e-07 8.850297642584693e-07 3.0158698777446495e-07 5.344554937111722e-07 7.157125085832127e-08 1.5105234870586558e-07 0.0 0.0 5.045739858563524e-08 0.0 8.95976978103339e-08 0.0 0.0 0.0 0.0 2.8752566171769125e-07 0.0 0.0 4.0211963002760955e-07 0.0 8.651918164681538e-08 1.15577707286185e-06 1.8030024837767486e-06 0.0 0.0 0.0 0.0 0.0 6.319408254727835e-08 0.0 3.4421380759213525e-07 1.3007639662837622e-07 1.8048055882049662e-07 0.0 0.0 6.075336833708877e-08 0.0 0.0
1.0550948523079338e-06 0.0 0.00016141511706352786 6.101105583791144e-07 0.0 6.991012164357411e-07 1.3040270428335867e-05 7.536709579008945e-06 0.00035903643116956617 1.4774652486941924e-06 0.00014728987760710563 5.675728370867621e-07 0.00044088331540310623 7.308400993883953e-06 5.470975480616292e-06 0.0001376443685649935 0.0014687740765584646 4.657390074990507e-06 0.00023203804131756927 0.0 5.577067921109473e-06 0.0012471734499804067 5.700293404898864e-05 0.0005056731939098716 0.0012990605730391553 0.0007991158877182833 0.0031782393975800624 2.4857935898570213e-05 1.1454374476909237e-05 8.461671147039197e-06 1.4395703430532492e-05 6.838891387250751e-07 2.6307954480074694e-06 0.00022367550179981955 3.065061862433048e-06 0.00031621155131206365 0.0001722489217799844 0.0003382471770940152 7.176544727329983e-05 1.2483264635946546e-05 2.4748977843140343e-06 0.00015389760517154797 1.6040011245781225e-06 0.0 8.658015782552292e-05 0.00014277560668254807 9.293020537889807e-08 0.0 2.855239703650532e-07 3.986243188268973e-06 7.313089536463521e-07 2.3743104126437505e-06 4.727986686925462e-07 1.0757434596949564e-05 1.2480249516621137e-07 3.944031576350182e-05 3.926324799553011e-07 0.0 4.69426324494307e-06 5.328281117578008e-06 2.7640206511689947e-06 4.992571666170796e-06 1.3870430914126906e-07 5.2992902549808886e-08 1.5022250641642289e-05 8.124996532234787e-06 3.859570008413802e-06 6.0971064130878284e-05 0.00016301973549178117 0.001159448355911774 3.913241251218443e-06 3.6733335725114384e-07 3.6517100571611503e-07 8.91140672503209e-06 9.810631625741847e-08 0.0 3.7242352811306936e-06 9.886927793768489e-07 8.507647370722484e-06 6.773759606905648e-05 1.092994857881059e-05 2.0548539326416924e-06 1.0189835974408587e-07 0.0 3.7817888485402907e-06 0.0
0.0001250584069100683 0.00016141511706352786 0.0 8.096136346160809e-06 4.4813155816363757e-07 9.237098243903573e-05 0.00118531234087602 0.0009367065176548463 1.6263419663314745e-06 0.0001092538948679945 2.0741253196037816e-05 2.822405684913104e-06 2.6264819844980935e-06 0.0009773303912014942 1.2839424682359443e-07 9.658461253642521e-06 0.0019035464363194893 1.1652505819706281e-05 0.000121569222728459 3.388680818387089e-06 0.0004281936293318502 0.00010895632277842438 0.0048822050411117075 3.505748986027131e-05 2.005960301377111e-06 0.0025606427226245185 0.004526283608995296 0.00015450464621132512 0.00013271898774155455 0.00032090317197171295 2.4130317290342617e-07 1.1302819641986855e-05 2.338964325978324e-05 0.0006965698073771138 1.367904077255532e-05 0.0011826521571698305 0.0030386167172692115 0.0010137677302898556 0.00031552112873645176 3.9518253493757035e-05 7.788865639185506e-06 9.514535653643822e-06 3.0809968247337352e-06 2.4019010654549827e-07 5.496594186259059e-05 0.000511068059126076 0.0 0.0 3.941645439298286e-07 1.4271904498542689e-05 2.2371004624711616e-06 4.7200874438531996e-06 1.4999292870701522e-06 1.3936916143053634e-06 5.27572019160264e-08 1.2281265240963451e-06 2.9408992781776285e-06 0.0 1.60393951591913e-05 1.263668773863351e-05 6.677990793564247e-07 5.6009587579032535e-06 0.0 5.335387343369682e-06 6.042737185188141e-05 4.0079158487338474e-05 1.1148083612266366e-05 6.127449014926989e-06 7.658970505972791e-05 0.001273824010779305 1.8964533636520365e-05 6.321841784685735e-07 4.286961063832726e-06 5.693020491642632e-07 0.0 0.0 9.231829353925486e-06 6.113308524125842e-06 2.4908476088518665e-05 0.00016480301096484306 1.69818624193594e-05 4.081768313053826e-06 6.730841809595059e-07 1.6113123873533707e-07 0.0 0.0
1.5824945233252916e-06 6.101105583791144e-07 8.096136346160809e-06 0.0 7.90932541644876e-07 0.00016804071552945442 0.00012633310746352152 5.105397772308485e-05 0.00037504525664048877 0.002983717259339623 6.334492917900969e-07 0.0009700181679020618 0.0 1.633854821295527e-05 4.6039324710550526e-05 1.2402458156883266e-06 4.281815843268066e-07 3.7753789778363526e-07 1.387333713634969e-07 0.0013637493961926473 1.3203594332406018e-06 1.1537507441556788e-06 3.223236426573031e-06 0.0009198631647346102 7.626470119871197e-08 1.1818712084722323e-06 7.291610312237934e-06 0.0026819601587003525 3.9984286395318914e-05 3.685149302343065e-07 0.0 3.0762860444788695e-06 7.508353704779387e-06 3.0393462344269744e-05 2.0374522446280478e-06 0.00013261897041911544 1.3596602398960996e-06 4.895790679390672e-05 1.82902194209033e-05 0.00010122265014267677 6.372029739318188e-06 1.5721989132791997e-07 3.3999757293474334e-06 2.857416167461664e-07 2.9544330889304297e-07 3.8934732045275726e-07 5.893878404529725e-05 0.0 1.7809456466525167e-05 0.00012933041226756377 2.4285262680902223e-05 8.287998649308689e-05 0.00021247341101936058 4.3641160850760714e-07 2.4768697526706222e-05 1.293593432071896e-06 9.616978449626289e-06 2.488522699072731e-07 3.6601736286710345e-07 6.544230511431217e-08 0.0 0.0 6.35955190820419e-05 2.952558580524201e-07 2.009126708835624e-06 6.48042819175485e-07 0.00019835800062034808 0.0 1.3092683865258048e-07 9.935851517096676e-07 0.0001483781049646165 4.6858737283904355e-06 6.255555625575554e-08 0.0 3.212027805479701e-07 7.878962095580769e-08 1.99427235564332e-06 3.0340699835467774e-07 5.854588496453936e-06 1.1576743560376847e-07 2.7671836340353667e-06 3.1838286297460794e-07 1.0676311690499908e-05 2.9618112864677574e-07 0.0 0.0
7.979191974323813e-07 0.0 4.4813155816363757e-07 7.90932541644876e-07 0.0 5.285382536417683e-05 1.7832913148802455e-06 4.016137684936576e-06 5.935831406525177e-06 5.203194538943146e-06 1.7432971997921494e-05 2.3747434422186814e-05 2.9860559600055133e-06 1.7129018636687387e-06 0.0004179503248209269 7.424693150915805e-08 3.118630209794394e-07 1.551283096054214e-06 1.122933041503947e-06 1.3120140717529706e-06 0.0 0.0 4.4661815944814687e-07 0.0 0.0 4.003790133191579e-06 2.1190356675624727e-07 6.793967538268694e-08 2.919218786483559e-06 4.653052668900967e-07 1.388128021912883e-07 3.3600713612398005e-05 0.0 0.00013779532934158375 0.0 1.204440271451581e-05 7.150747539336025e-06 0.00021084141084827163 3.679545192344458e-05 0.0008162323105572516 2.2636523946024877e-05 4.4772187346667355e-07 0.0 0.0 0.0 0.0 0.0 0.0 0.0 3.9071523559563375e-07 0.0 0.0 0.0 0.0 0.0 0.0 0.0 0.0 0.0 0.0 0.0 0.0 0.0 0.0 0.0 0.0 0.0 0.0 0.0 0.0 0.0 0.0 0.0 0.0 0.0 0.0 0.0 0.0 0.0 0.0 0.0 0.0 0.0 0.0 0.0 0.0
4.0095341227503645e-05 6.991012164357411e-07 9.237098243903573e-05 0.00016804071552945442 5.285382536417683e-05 0.0 0.0008719326435951101 0.002569277151606553 4.345037961152677e-05 0.003432487797462084 8.37341133981448e-05 0.0020591540082279397 7.742279872593394e-06 0.0005507509734280092 0.0011230460143885962 6.060078969940404e-07 1.4004636984534765e-05 1.8111118928368442e-05 1.356179602703152e-05 0.00012086786651911145 9.155616016681419e-06 7.637624188936336e-07 4.73337358711686e-05 0.00018985785220468752 1.4906702049795016e-06 3.4299648300033745e-05 2.2264832206441396e-05 0.0002054886061623138 0.0005576859030400333 6.44027960390933e-05 1.0307041778131397e-06 0.0006688607158695681 1.3787100222398574e-05 0.0003523423390302616 5.808309336799074e-06 0.0004726795904893746 3.495224155463982e-05 0.0006117057582846438 0.0001314291206747123 0.002230158778260119 0.00014785647389833786 1.2145296998626528e-05 5.952269424165249e-06 0.0 5.392797881087076e-08 9.220780860847717e-07 7.934729006459368e-06 0.0 1.1983795366845648e-05 9.954896080263461e-05 1.9743793532227995e-05 1.4658406786103897e-05 5.955365053927279e-05 2.217462387675121e-07 9.350119659458539e-06 0.0 8.733938127028283e-06 1.0784342213626377e-07 1.9155126986368799e-07 0.0 0.0 9.763092373858112e-08 1.0968528885771887e-05 9.86181370744431e-07 2.045712587536107e-07 9.666127486480006e-07 6.00420313682909e-05 0.0 1.1866580836572215e-07 1.8058523406621242e-06 8.435012857177281e-05 3.6667503977352777e-06 4.1593666588366495e-06 0.0 7.771416006881889e-07 1.7785455200185372e-07 2.0015798538309487e-06 1.7357638396514987e-07 7.5973954902720634e-06 1.0716019383049009e-07 2.643192101998058e-06 3.403072792510692e-07 2.7262424231069143e-06 9.254704525674803e-08 0.0 0.0
0.0008944842981308824 1.3040270428335867e-05 0.00118531234087602 0.00012633310746352152 1.7832913148802455e-06 0.0008719326435951101 0.0 0.003379032852222289 0.00012865296446144304 0.006432197976564722 8.249150320955e-06 4.132994519763721e-05 1.6155528799490514e-06 0.004317111346288179 1.0395195406739083e-05 2.1333825444886743e-05 2.4537090438488013e-05 2.768723276459841e-06 7.716963562871413e-06 5.591240407948906e-05 0.0004443174899669549 4.337810543726226e-05 0.0011505409913880615 0.00035319135934366153 2.9560746166667058e-06 8.848597183037887e-05 0.0005712044197269388 0.009291359139157195 0.0006949157329133358 0.0020148677121549913 6.627625982153195e-07 3.5884254306150225e-05 0.00019642824325432438 0.00037094359300417576 3.167686021366078e-05 0.0019519166117620574 7.758809461856331e-05 0.0006366073932034112 0.00029635922708886773 0.000152724051883479 5.349117381281181e-05 2.5992760735271088e-06 1.6189652608322766e-05 1.3716393745113005e-06 1.4044022356442535e-06 1.5409937847939267e-05 1.3318561916327328e-05 1.627253592759443e-07 2.882454291897431e-05 0.0006531406874808475 9.985417604476946e-05 6.322706562693212e-05 0.00011610754496623112 4.74184736637506e-06 6.426090168541654e-06 1.5147254714707638e-06 6.805659949769189e-05 1.7338901787702312e-06 2.0087566400176478e-05 6.858115076542775e-07 8.125587917414059e-07 1.6982954016727459e-07 1.1503771567565804e-05 1.3756316270457448e-05 1.2359256912240495e-05 2.4762177817752762e-05 0.00025043634811475603 1.2695259700906342e-07 2.896122514196169e-06 5.085887973864603e-05 0.0006365201345168158 2.715216755551694e-05 7.689070784657534e-05 2.216646250701976e-07 4.498516534348372e-06 1.3292474078024513e-06 1.94097097223915e-05 4.069685962709732e-06 8.049411473621417e-05 5.0751162513962036e-06 2.2224749740325287e-05 3.241729608477849e-06 1.6097415619232764e-05 2.2774641541229104e-06 6.178909163656371e-07 6.700122626792639e-07
0.0004725349831836586 7.536709579008945e-06 0.0009367065176548463 5.105397772308485e-05 4.016137684936576e-06 0.002569277151606553 0.003379032852222289 0.0 5.043649626475252e-05 0.0023246487372493877 2.3875269287753372e-05 0.0004464050868882402 1.8527787876514256e-06 0.004903603561918743 0.00018948315896038023 3.9366350392596307e-07 0.00012750815220088766 6.673343080006959e-06 3.318853026402323e-05 7.856090859402312e-05 7.884909639447198e-05 2.272920287010762e-06 0.0004756123426998045 0.0003378358895203951 9.495789899445522e-07 0.00011494943457831065 9.745948229463141e-05 0.0003536967370246275 0.0006501394661752634 0.0006486558515047207 2.4791302993346406e-07 0.00018858467512662734 4.6858674387204525e-05 0.00018545288718049946 4.366009652938993e-06 0.00023883559238847417 4.003887823254821e-05 0.00021772406125013927 6.246443362648451e-05 0.00046301245835074717 2.6271390149203613e-05 8.152516150628317e-07 2.2376160434410825e-06 3.1501807554544446e-07 1.4303499908823522e-07 1.9884115973474626e-06 7.879797641861027e-06 7.845474511911225e-08 1.7039449163429263e-05 0.00022110305379634596 4.322405535827511e-05 1.8410142296030883e-05 6.309587909579089e-05 9.242385553259901e-07 3.99360604166252e-06 7.149693770160579e-07 2.3250030093452547e-05 6.517246696347394e-08 9.813598997876104e-07 1.832252634809924e-07 0.0 0.0 7.968762337074498e-06 1.2616596671600459e-06 4.307058930775347e-07 2.056945318743604e-06 7.991959980245749e-05 0.0 1.4854261590623487e-06 6.618650126151288e-06 0.00017604855078012796 9.56867934233982e-06 1.4586468813165698e-05 0.0 1.263264376835202e-06 4.1801364011925355e-07 4.653616135031215e-06 4.3524464547508976e-07 1.7031421880030686e-05 1.2813400097998084e-06 6.136487834149581e-06 5.360570448776051e-07 6.177376547805125e-06 8.136643732713308e-07 0.0 2.821248778848299e-07
1.3171038533447105e-07 0.00035903643116956617 1.6263419663314745e-06 0.00037504525664048877 5.935831406525177e-06 4.345037961152677e-05 0.00012865296446144304 5.043649626475252e-05 0.0 0.00020327972560051812 1.2846242222424823e-05 0.0003716506075020478 3.317503469537058e-05 1.806855221383845e-05 0.00018549048501385898 6.189810027248039e-05 1.0020995747172449e-06 4.163315050968839e-07 2.5381579984456664e-07 0.00021038621866805772 0.00015605294588154545 0.00217488890225343 2.644583565030694e-05 0.00507270471648741 0.00011881925976687339 2.431660857884888e-05 0.0003767814830415254 0.0005490006214245243 1.0390625359975072e-05 2.1411784787028473e-05 5.0915369391218e-06 5.950659210505314e-07 2.244335822487644e-06 1.145869425250859e-05 3.6639241237247035e-07 0.00016156751965746663 8.055463544416695e-06 1.6526742973540578e-05 1.004795970454932e-05 6.106689217192483e-05 2.4367897951298515e-06 4.177392810140419e-06 2.4032661226648485e-07 1.5765620259834155e-06 3.5585269197834087e-06 2.878528231062484e-06 2.0566718076561008e-05 2.715291799452315e-07 1.3030881842460103e-05 0.00018697698343489433 1.9038260734652388e-05 4.236527102761507e-05 8.031908681300081e-05 1.6390093651275116e-06 9.267311666431564e-06 3.669453672222071e-06 1.947224100592656e-05 1.5548158806696508e-06 0.00012642579401040145 4.337991177411126e-07 2.2384362652874427e-07 1.3021256235388412e-07 1.5956954888520754e-05 0.0002295940959233912 2.9151571433356355e-05 6.425448120586817e-05 0.0006806819167409052 1.305778160474861e-06 2.245584975731549e-06 3.451646521043814e-05 0.0006651028943124572 1.7141452000334745e-05 4.6709847577454296e-05 5.107730889282829e-07 1.1097599511716974e-06 1.5839290529446515e-06 5.0042074053524495e-06 3.235483305164019e-07 4.5349082298050044e-05 4.028914872707427e-06 1.1776925019244896e-05 2.02737372908635e-06 6.627002533922031e-06 8.869441901048921e-07 8.951818814301124e-08 1.1168034502612754e-07
3.396318521169183e-05 1.4774652486941924e-06 0.0001092538948679945 0.002983717259339623 5.203194538943146e-06 0.003432487797462084 0.006432197976564722 0.0023246487372493877 0.00020327972560051812 0.0 2.2103976078250552e-05 0.002764390361045368 3.2968309215408608e-06 0.0005278720928232351 0.00015243448920044367 1.3407225952060694e-06 6.377195482798341e-06 6.025115633431565e-06 6.2889819804940994e-06 0.00205077893330848 1.772783911795492e-05 4.9336821875405635e-06 5.6068829268341414e-05 0.0007510384748877925 3.0913563637847753e-07 2.2097021677686293e-05 5.202175451770271e-05 0.005398361812859101 0.0007673258076748508 2.250349817731273e-05 3.9058675179695755e-07 7.694258012895466e-05 6.651221056387256e-05 0.0005302969532561313 1.9336410481468415e-05 0.000991080988844084 2.3026223629907872e-05 0.0005879767783070508 0.00015526396422903027 0.0005739909834531139 8.420648568786964e-05 2.452539962496627e-06 1.2546474323793551e-05 1.9566145549653111e-07 2.351337184227376e-07 1.4331199143379252e-06 5.697038944524317e-05 5.836117493094769e-08 3.1812494181312435e-05 0.0002624169902354174 5.1356057669811215e-05 9.864759631284077e-05 0.00034159575830854306 1.2754549245810723e-06 2.6815212892842393e-05 9.834204744151928e-07 2.023591849493509e-05 3.3730669596424724e-07 1.0362099759017017e-06 7.428057135167243e-08 6.95564228687792e-08 0.0 7.238656547602456e-05 8.312492597183781e-07 1.5452020601078858e-06 2.9276696352640786e-06 0.00031565026618875463 1.9492378061043706e-06 8.426455336786294e-07 5.162706418801112e-06 0.000268879707165884 7.254237215889886e-06 2.3387498765402052e-06 0.0 1.524312530939121e-06 1.9895713022156293e-07 2.6170997501320715e-06 1.881465782985007e-06 1.3443539834378171e-05 8.264753191439939e-07 4.483890116096017e-06 4.3866027454700453e-07 6.91523816040155e-06 5.904824715661962e-07 1.0073485579600458e-07 9.270680371199938e-08
2.6539586107097034e-06 0.00014728987760710563 2.0741253196037816e-05 6.334492917900969e-07 1.7432971997921494e-05 8.37341133981448e-05 8.249150320955e-06 2.3875269287753372e-05 1.2846242222424823e-05 2.2103976078250552e-05 0.0 8.741722831043965e-06 0.0011710362917931713 6.379218738241033e-05 3.1773022391423416e-06 1.1896798649230237e-06 9.725625289948306e-05 0.0022216956530805316 0.0008380194329637865 5.421468463015734e-06 2.7295055026132215e-06 3.466620121983701e-05 1.1646515668493402e-05 1.5362828946564636e-05 0.000402097101237341 0.0017204094320677293 0.0005317744018302646 4.763700462440513e-06 0.0002799956646152173 4.783211171973729e-06 0.00029060423872561813 0.0002815263583340534 2.2902432094051605e-06 0.0034357949412940204 8.001129339993292e-06 0.0004050703708444802 0.003305803945232601 0.0028383987532738537 0.0006240543829297208 5.567033954830434e-05 9.673854223730304e-05 0.000510244911293408 1.1628282307191473e-05 0.0 3.09148957795533e-06 6.310686040280559e-07 0.0 0.0 0.0 1.8693466392171478e-06 3.1074043474810614e-07 1.2760811321958284e-07 3.904076382367704e-07 0.00024091522440813999 0.0 0.000997311661072732 2.489114192656358e-07 0.0 9.832035572997446e-08 7.082625670723961e-08 4.83559081433081e-05 5.697743344200729e-06 0.0 0.0 1.9690627256621372e-07 1.1760579608489281e-07 8.760219585365049e-07 0.00023840827434831616 0.00011660279139293643 0.00023856681852696136 1.2327088895371248e-06 1.254149058629889e-07 1.5972980200924313e-07 0.00013440565232658892 8.039261094368695e-08 0.0 2.081213678633046e-06 4.898223457909289e-06 6.245844659928806e-06 0.00042050265491004336 3.0512078449238454e-05 2.7887094425690133e-06 4.977690502610377e-08 0.0 5.171559116614678e-05 0.0
3.7901823760540794e-06 5.675728370867621e-07 2.822405684913104e-06 0.0009700181679020618 2.3747434422186814e-05 0.0020591540082279397 4.132994519763721e-05 0.0004464050868882402 0.0003716506075020478 0.002764390361045368 8.741722831043965e-06 0.0 2.461560417035895e-07 6.997683427034647e-05 0.0011049510575542908 0.0 5.766181310058628e-07 2.270777980426567e-06 1.240020482452911e-06 0.001422979487615171 1.4767129076842873e-07 3.827415241513287e-06 1.38097898625571e-06 0.00019324881359448687 8.717870881849003e-07 2.781868270354121e-06 3.334888438642594e-06 0.00021505001013850253 0.00010618576979412193 2.271062463020346e-06 5.3899172817119615e-08 3.357565896122549e-05 1.1094355659201364e-06 9.023330177665965e-05 2.259462245975017e-06 0.00035309284451544515 5.075404222639242e-06 8.249163671936876e-05 1.151942148554105e-05 0.0012920166844773654 1.4715885071616032e-05 4.182553867595931e-07 1.5626105775959296e-06 0.0 0.0 1.398413180793606e-07 9.499382287239375e-05 0.0 1.0995895708226269e-05 5.556141501938515e-05 9.693925043786213e-06 3.097814250719761e-05 0.00021054974735288295 7.542904651409842e-08 0.00010267201071959804 0.0 2.3780761730016687e-06 6.259613791900146e-07 7.800658771636474e-07 0.0 0.0 0.0 7.549681928126589e-05 0.0 2.809772502473654e-07 6.523163603171955e-08 0.00010334843027591407 0.0 0.0 6.275742044094243e-07 6.84846357117779e-05 1.6001043378466432e-06 8.389677582376489e-07 0.0 3.279584217263354e-07 0.0 5.300088111037711e-07 0.0 9.25657053419406e-06 0.0 2.940917288083061e-06 1.341235549834104e-07 8.699694487035912e-06 8.904265765499406e-08 0.0 0.0
2.393492188869942e-07 0.00044088331540310623 2.6264819844980935e-06 0.0 2.9860559600055133e-06 7.742279872593394e-06 1.6155528799490514e-06 1.8527787876514256e-06 3.317503469537058e-05 3.2968309215408608e-06 0.0011710362917931713 2.461560417035895e-07 0.0 3.927321656441793e-06 2.895736269477356e-07 3.2136165107300018e-06 7.048977550058785e-07 3.3936788090835173e-05 6.702795523422526e-06 3.0455801116451763e-07 2.8677358482021585e-06 9.315531912998605e-05 1.0702146823467536e-05 4.575193692931814e-05 0.0031338460866835232 0.00023323434287530692 0.002936036579447893 5.5654914051982425e-06 8.32526399517655e-06 1.3904759025749589e-06 0.0007427583391183003 1.3985302786857208e-05 5.115324023092382e-07 0.00038743644869240545 2.14966395331277e-05 0.0013027002175880673 0.0024966335854230367 0.001205053637087254 0.00020437133250323286 7.715601404985311e-05 5.231989428639056e-05 0.0008745297987078561 1.4791166530527526e-05 0.0 1.54598093998227e-05 3.688498307083555e-07 0.0 0.0 0.0 1.3440601731419906e-07 0.0 7.399154316616708e-07 0.0 0.00022084788171265307 0.0 0.0009252342974730742 2.1300886742034142e-07 0.0 0.0 1.7368818334801332e-07 2.8407552423800065e-05 3.2061823864001534e-06 0.0 0.0 4.3639433772278027e-07 0.0 2.9653441351403136e-07 0.00043605113955559523 0.00011372558149187913 0.00020451882215757615 4.890247262527e-07 0.0 0.0 0.00011811655589921505 0.0 0.0 2.1423209773360535e-06 1.6612798667437787e-05 0.00010144679348753873 0.0004970415514051307 2.2095905713975587e-05 6.165339707580479e-06 3.180431316082781e-06 4.913489698377962e-07 9.758602299943666e-05 0.0
0.0034960273290303833 7.308400993883953e-06 0.0009773303912014942 1.633854821295527e-05 1.7129018636687387e-06 0.0005507509734280092 0.004317111346288179 0.004903603561918743 1.806855221383845e-05 0.0005278720928232351 6.379218738241033e-05 6.997683427034647e-05 3.927321656441793e-06 0.0 1.4594724085706399e-05 3.0144554965530094e-07 0.00021381501796744422 1.6977890397541437e-05 4.835952332508869e-05 6.833048235300477e-05 0.00010766363588763067 4.1939723890864225e-06 0.0007270814326271611 6.732871301244678e-05 2.710471107035866e-07 0.0001476994664721556 0.00010214450289552612 0.00012274435954300655 0.0036571193895348257 0.002012893888746115 6.663055137105288e-07 0.0001813804142452855 0.00016274773215118476 0.0007072512804847743 1.8788091519359227e-06 0.00020547847894611537 5.021470637598575e-05 0.0003162917752704675 5.752209180091092e-05 9.971833001602472e-05 2.4230994445456642e-05 3.958152342978837e-06 2.351632921164248e-06 0.0 1.7019498110476345e-07 1.1533144905366643e-06 8.252882224661694e-07 0.0 1.4154578686270819e-06 4.370367508524712e-05 6.892208497663173e-06 4.325614844309732e-06 9.047178144479108e-06 3.693398873800159e-07 6.116450713065833e-07 6.230497958790964e-08 4.839374187440022e-06 0.0 5.734375619965386e-07 1.3107647608300034e-07 0.0 0.0 8.331323271412235e-07 3.939545499107228e-07 9.38702288205494e-08 1.0700662920591697e-06 1.3671575580522671e-05 0.0 5.911444920380484e-07 4.93092655375004e-06 4.157130096143549e-05 2.758907237427746e-06 4.254250635915563e-06 0.0 2.8675910988226794e-07 5.7384274298527664e-08 1.0030187746676893e-06 8.952295990564354e-07 4.870731827549377e-06 9.723299450848196e-07 1.7828187113098274e-06 5.458546600967282e-08 6.58478103306228e-07 2.031859200743154e-07 0.0 0.0
4.795667369520336e-07 5.470975480616292e-06 1.2839424682359443e-07 4.6039324710550526e-05 0.0004179503248209269 0.0011230460143885962 1.0395195406739083e-05 0.00018948315896038023 0.00018549048501385898 0.00015243448920044367 3.1773022391423416e-06 0.0011049510575542908 2.895736269477356e-07 1.4594724085706399e-05 0.0 0.0 2.587213285241721e-07 8.163723633475909e-07 4.3674450842854925e-07 6.266877299600293e-05 1.6616969086472545e-07 1.647895345049218e-05 2.5452984455213976e-07 0.0002893798974894461 1.0745809146326746e-06 8.190582487902613e-07 6.525937360199736e-06 1.8568631158889884e-05 2.040443730325704e-05 1.3197606470003284e-06 0.0 0.00027017071034979214 6.555679489618147e-08 2.1837772907770207e-05 1.0348054299415916e-06 3.224676775535295e-05 1.3881371722259857e-06 2.7678585004233513e-05 5.020888583816954e-06 0.0006750348668211367 2.9803379584199805e-05 2.9807058699912817e-07 0.0 0.0 0.0 0.0 1.415242858442797e-07 0.0 7.963055296154807e-08 2.5713607890907804e-06 1.7858141306073495e-07 1.4477166150144486e-06 8.815843289162499e-08 0.0 2.9895549273894897e-06 0.0 0.0 0.0 0.0 0.0 0.0 0.0 1.633232437890786e-07 0.0 0.0 0.0 1.1653380315178735e-06 0.0 8.218014949194277e-08 7.62733144175072e-08 2.4582436083890022e-06 0.0 3.318898288669993e-07 0.0 0.0 0.0 9.309750286433064e-08 0.0 0.0 0.0 0.0 0.0 0.0 0.0 0.0 0.0
2.2564711529967759e-07 0.0001376443685649935 9.658461253642521e-06 1.2402458156883266e-06 7.424693150915805e-08 6.060078969940404e-07 2.1333825444886743e-05 3.9366350392596307e-07 6.189810027248039e-05 1.3407225952060694e-06 1.1896798649230237e-06 0.0 3.2136165107300018e-06 3.0144554965530094e-07 0.0 0.0 5.7644982191069405e-06 1.070823348658541e-07 3.278968529798556e-07 0.0 0.002596182960520017 0.0026331833431562754 0.000727444122133992 0.0014805795371469407 1.817965228020428e-05 1.0044400725499606e-05 0.0017601974953399483 0.0008340118258343965 6.067522505739302e-07 3.677855990343601e-05 6.857165700761722e-07 0.0 4.5945764030367235e-07 5.0542387694005695e-05 5.068769186233893e-06 0.0005224230693330214 0.00035799176710753564 0.0001993153123393473 0.00020468754214959957 1.2952702730197384e-05 2.019427916488439e-06 3.353984688759731e-07 3.139386258709186e-06 0.0 1.1921414223343024e-06 2.574555019512639e-05 0.0 0.0 1.900543732475939e-07 1.4340556676334622e-05 6.278025236920882e-07 3.573200285005668e-05 1.1359731344743526e-06 1.9495846803322367e-07 1.471460125361571e-07 1.3868225673886844e-06 7.516847890664769e-07 0.0 0.0006384790127961709 2.0193808739256024e-07 2.1892268472076837e-07 1.516742152189292e-07 0.0 0.0001459429443391264 0.0005683349658323078 0.0006391961244945535 3.3192992098603055e-05 8.599113417600667e-08 2.6622461384736506e-06 0.00020031081934260173 5.027652347930779e-05 5.505405960442912e-07 1.082495758077194e-05 5.654777701642328e-08 6.234639005172843e-08 8.92474039177973e-08 9.564907136850213e-07 3.1192396590812767e-06 0.0001901058634341847 5.266967643645693e-06 3.4308427707633518e-06 2.879611599554463e-06 2.35585626616187e-07 0.0 6.041822296774564e-07 0.0
5.187538051663951e-05 0.0014687740765584646 0.0019035464363194893 4.281815843268066e-07 3.118630209794394e-07 1.4004636984534765e-05 2.4537090438488013e-05 0.00012750815220088766 1.0020995747172449e-06 6.377195482798341e-06 9.725625289948306e-05 5.766181310058628e-07 7.048977550058785e-07 0.00021381501796744422 2.587213285241721e-07 5.7644982191069405e-06 0.0 0.0002370618000200311 0.002310581276097386 5.374616746047169e-07 0.00016793326551165186 6.302753381072951e-05 0.001949030453776223 7.811423782397023e-06 4.1037544459008875e-06 0.001619975833641274 0.001576141071885007 8.430028955351472e-06 0.00022285159997543892 0.0005400217104055661 8.020481419462048e-07 5.255908482593838e-06 7.187412812401014e-05 0.0014977208369327775 3.5237483141513626e-06 0.00037051477373122743 0.00027831821073436616 0.0006667655898913025 0.00014027264092133547 1.2469171049739053e-05 2.2208442487902826e-06 2.242833086818763e-06 2.036826800771251e-06 0.0 2.868099894665437e-06 9.100836891218038e-06 0.0 0.0 0.0 1.0217613752847378e-06 8.834813065889002e-08 5.147881103193683e-07 6.786540854419616e-08 5.430353239649094e-07 2.45199121964885e-07 6.619358671801555e-07 7.61448996034209e-08 0.0 1.1800621270220469e-06 1.5106879709583148e-06 7.628765828473433e-08 2.2621624013728533e-06 0.0 3.8575553923055e-07 1.8339016325917911e-06 8.955513530386391e-07 5.785506258873672e-07 4.329466554539186e-07 1.6175562229898705e-05 6.768384019201496e-05 7.798066577121817e-07 0.0 5.505556346848879e-07 9.10593334460511e-08 0.0 0.0 1.2534405376169779e-07 1.9359428594215455e-06 8.058199926579166e-07 1.961836126688571e-06 9.455536947770437e-07 3.154285979124286e-07 0.0 0.0 0.0 0.0
1.918107189352883e-06 4.657390074990507e-06 1.1652505819706281e-05 3.7753789778363526e-07 1.551283096054214e-06 1.8111118928368442e-05 2.768723276459841e-06 6.673343080006959e-06 4.163315050968839e-07 6.025115633431565e-06 0.0022216956530805316 2.270777980426567e-06 3.3936788090835173e-05 1.6977890397541437e-05 8.163723633475909e-07 1.070823348658541e-07 0.0002370618000200311 0.0 0.0007447901824624429 1.354908246276243e-06 1.2576215556412291e-06 4.680073686388626e-07 1.0102235646559084e-05 1.4319137237111116e-06 1.3384158899674595e-05 0.002734873849478007 0.00016072499296452647 1.209071551401319e-06 4.260405132319801e-05 2.898132291528236e-06 0.00010316842555308478 4.1955032344974444e-05 1.4029412849269643e-06 0.0006060434651036664 2.166304120438582e-06 0.0003082437918581746 0.0008178128740195889 0.0009297266030685664 0.0002512938213095181 1.4476948543183137e-05 1.561787419469775e-05 2.3519585501094158e-05 2.331238661931151e-06 0.0 1.3067783286239584e-06 1.6142880869131245e-07 0.0 0.0 0.0 5.959854905612794e-07 0.0 1.4683980965150366e-07 0.0 1.3727667556643784e-05 0.0 5.6394824679360156e-05 1.0840601117672624e-07 0.0 0.0 0.0 1.5021594489788046e-05 4.833820302164834e-06 0.0 0.0 1.9854285804937098e-07 0.0 0.0 1.1595219658740724e-05 7.128793342412107e-05 8.188954262366256e-05 5.903046834956291e-07 0.0 7.299182588063985e-08 2.9995386955534516e-05 0.0 0.0 4.3981208067962826e-07 1.749716288315538e-06 3.9911208471742615e-06 7.343653779877041e-06 8.943951959493815e-07 1.4999117846942023e-07 0.0 0.0 8.332785596893853e-08 0.0
8.156053094029029e-06 0.00023203804131756927 0.000121569222728459 1.387333713634969e-07 1.122933041503947e-06 1.356179602703152e-05 7.716963562871413e-06 3.318853026402323e-05 2.5381579984456664e-07 6.2889819804940994e-06 0.0008380194329637865 1.240020482452911e-06 6.702795523422526e-06 4.835952332508869e-05 4.3674450842854925e-07 3.278968529798556e-07 0.002310581276097386 0.0007447901824624429 0.0 1.1809638738712491e-06 4.666409135055564e-06 1.7535180241370853e-06 0.00013257823178143522 1.3745841788297233e-06 5.557056270121806e-06 0.002150276372612911 0.00038224300421366164 2.213874858860133e-06 7.487458709074616e-05 3.0303401976669942e-05 6.692862521018262e-06 2.18042028776608e-05 1.586022543076554e-05 0.0011762777841126883 2.067471687170359e-06 0.00046366372346475393 0.0007446922417880405 0.0009540152380512905 0.0003231038279517192 1.3574287125853139e-05 2.5465280662714207e-06 4.0640877942553035e-06 1.2423375664230704e-06 0.0 3.468357403779979e-06 1.4195353999115522e-06 0.0 0.0 0.0 3.827447068046582e-07 0.0 8.544837327766779e-08 0.0 6.918165078001312e-07 0.0 4.872275456297654e-06 0.0 0.0 0.0 3.376750342545116e-07 1.1912114607878338e-06 2.127467974270723e-06 0.0 0.0 2.1733823680515836e-07 2.4530145567652097e-07 2.4689019049164583e-07 1.3314199394919602e-06 4.323773106047438e-05 5.795199733970398e-05 2.264188064870479e-07 0.0 9.739038432856465e-08 3.3107035205420985e-06 0.0 0.0 2.6474287018918805e-07 9.827079917158341e-07 1.5892233442806004e-06 1.1343815072339228e-06 7.644811989005555e-07 8.635916696308723e-08 0.0 0.0 5.932394850485171e-08 0.0
4.462853403377244e-06 0.0 3.388680818387089e-06 0.0013637493961926473 1.3120140717529706e-06 0.00012086786651911145 5.591240407948906e-05 7.856090859402312e-05 0.00021038621866805772 0.00205077893330848 5.421468463015734e-06 0.001422979487615171 3.0455801116451763e-07 6.833048235300477e-05 6.266877299600293e-05 0.0 5.374616746047169e-07 1.354908246276243e-06 1.1809638738712491e-06 0.0 7.034693896523729e-07 3.7053323209069674e-07 1.9194969775382267e-06 0.00045849952164236035 1.4471125268156942e-06 2.302800311696899e-06 3.413027278687232e-06 0.0009571128773984808 0.00012974248947821948 2.994344177615359e-06 0.0 1.4132669298780018e-05 5.9113314407301095e-06 0.00011472284864679961 4.92363494665544e-06 0.0002689213084016587 6.268113506407663e-06 0.00011525343177432411 2.7529528980864686e-05 0.0002542706132550348 2.0757291741163963e-05 1.836224166344552e-06 4.030754317232107e-06 9.078198582985595e-08 2.3750115128857766e-07 3.749293982684131e-07 2.3141264894298653e-05 0.0 1.3446639321857017e-05 9.394649221104095e-05 1.703294072360131e-05 4.513382457241895e-05 0.00017758528398401367 4.108925875682237e-07 1.6827592998941218e-05 0.0 6.677165851200954e-06 1.7517913743443516e-07 2.251934036519496e-07 0.0 0.0 1.0172711042714662e-07 3.684447112144518e-05 3.3932121352313475e-07 1.053113205906131e-06 4.139650380153023e-07 0.00011608246085371126 0.0 0.0 7.67736261412023e-07 9.339282775624766e-05 2.4340175951828125e-06 3.2072725991489437e-07 0.0 2.436481611401974e-07 0.0 1.3945774010769464e-06 6.610580678385879e-07 3.0933404542120497e-06 9.000834336408576e-08 1.0404629103609167e-06 0.0 1.0247966134730398e-06 6.318771625512534e-08 9.969522846148873e-07 0.0
1.9105414783960543e-05 5.577067921109473e-06 0.0004281936293318502 1.3203594332406018e-06 0.0 9.155616016681419e-06 0.0004443174899669549 7.884909639447198e-05 0.00015605294588154545 1.772783911795492e-05 2.7295055026132215e-06 1.4767129076842873e-07 2.8677358482021585e-06 0.00010766363588763067 1.6616969086472545e-07 0.002596182960520017 0.00016793326551165186 1.2576215556412291e-06 4.666409135055564e-06 7.034693896523729e-07 0.0 0.00045624870846252993 0.006655324323856154 0.0006682609605978333 2.8362166708206256e-06 1.398033994183834e-05 0.0006003479392149057 0.0012635289697920224 4.784775070365503e-05 0.006673098310570293 7.283873429325457e-08 2.3192230738876625e-06 1.4500156102396438e-05 0.002247630235415542 3.699472105618382e-05 0.003736478097583816 0.0009427218577752288 0.003229293500416556 0.0024235745880153495 8.302673831782143e-05 2.7854899209182583e-05 4.652169882959044e-06 1.7091729632554424e-05 4.718766797936812e-07 2.9183524238015013e-07 2.253020854240969e-06 0.0 0.0 1.983565011072451e-07 1.080766454841485e-05 5.984993629290508e-08 0.00012492286117863456 5.14209275407986e-07 7.853070208005538e-08 0.0 6.507764271719493e-07 3.7147697084526096e-07 0.0 0.00018631864543929016 3.5645712362180307e-07 0.0 2.1201825856441553e-07 0.0 0.0002677469945929784 0.0001905314265901428 0.00012425233434511688 9.088902112215894e-05 1.4433987709836142e-07 2.7023802494102337e-07 3.0590779577747846e-05 0.00014784800062463816 2.870987683220313e-06 2.7244215354369163e-05 0.0 0.0 2.3843844491145756e-07 9.58924396394513e-07 6.683113535007544e-06 2.5990195464456378e-05 1.3274892271246654e-06 2.4288901135126965e-06 1.931825159395875e-06 1.6901095916865963e-07 7.086957902969255e-08 0.0 0.0
0.0 0.0012471734499804067 0.00010895632277842438 1.1537507441556788e-06 0.0 7.637624188936336e-07 4.337810543726226e-05 2.272920287010762e-06 0.00217488890225343 4.9336821875405635e-06 3.466620121983701e-05 3.827415241513287e-06 9.315531912998605e-05 4.1939723890864225e-06 1.647895345049218e-05 0.0026331833431562754 6.302753381072951e-05 4.680073686388626e-07 1.7535180241370853e-06 3.7053323209069674e-07 0.00045624870846252993 0.0 0.0010798751787542025 0.003769211380957918 0.0003970235718828134 3.725102179921564e-05 0.0021287714945064404 0.00037912396478728 1.4884162566915066e-06 1.0880742516338382e-05 8.361312020739517e-06 5.8276599823738536e-08 5.945740559971217e-07 0.00015946722449141864 2.634181246171726e-06 0.00018549543947725015 9.90809272272428e-05 0.00016711244988536154 4.141963786751794e-05 2.2977390118713372e-05 1.0167253376159956e-07 1.0455677631145597e-05 1.4695063240967305e-06 6.010932820584519e-08 1.7968390486942753e-05 0.00027860056155156533 4.083268683536768e-07 0.0 3.951620463172732e-07 1.8240478156272818e-05 9.277313830814667e-07 1.392470138171671e-05 2.307453849524566e-06 2.3289565728579504e-06 6.577929385044667e-07 6.225680444593121e-06 1.3033746141762122e-06 9.04842877596422e-08 0.0009216937055414588 6.419338607309034e-06 3.1100401993861763e-07 2.5590688438527084e-06 2.8307397772752293e-07 0.00015410565010005097 0.00030034320017167216 0.0007589534843782198 4.2968060665376354e-05 9.739355993561098e-06 1.3442404160784639e-05 0.0015832075297950764 5.941852742221918e-05 1.3810288374768498e-06 6.726941386390201e-06 1.7120658788435878e-06 2.5857509597601047e-07 0.0 5.488647095475247e-06 3.243645561840191e-07 2.8501073561030924e-05 4.0255061691955906e-05 1.1339187226343825e-05 3.0461199456259156e-06 2.610153568588951e-07 1.6000156680112772e-07 5.883267671891507e-07 0.0
0.00016900856298400217 5.700293404898864e-05 0.0048822050411117075 3.223236426573031e-06 4.4661815944814687e-07 4.73337358711686e-05 0.0011505409913880615 0.0004756123426998045 2.644583565030694e-05 5.6068829268341414e-05 1.1646515668493402e-05 1.38097898625571e-06 1.0702146823467536e-05 0.0007270814326271611 2.5452984455213976e-07 0.000727444122133992 0.001949030453776223 1.0102235646559084e-05 0.00013257823178143522 1.9194969775382267e-06 0.006655324323856154 0.0010798751787542025 0.0 0.0005179527961590364 3.8102741477154355e-06 0.0007015702430795784 0.005361422788403717 0.0016690536908203775 0.0002371469330351835 0.0038465912818728557 3.5849036064190524e-07 7.676477938493292e-06 5.478647523434488e-05 0.002192363082319311 0.00010126970347696423 0.00520693628107437 0.0043747686413169624 0.003908742593383945 0.003029223910428419 0.0001556657473768657 3.8264565498561164e-05 2.0517331289245687e-05 2.8136588794305185e-05 2.0500335851481927e-07 4.550047599236165e-06 0.00023500246915996681 7.810379636571868e-07 6.265603723840579e-08 1.3605117166891525e-07 2.9680860902721548e-05 1.2006083790165618e-06 2.893103516951316e-05 1.8727166694751428e-06 8.887210705340094e-07 1.5114043709968856e-07 1.08528035061306e-06 1.4284591331283194e-06 1.4514173426139797e-07 0.0007469884343565923 3.2427855506678745e-06 0.0 1.8661400876547872e-06 0.0 0.00010490859668514284 0.0005341676653844938 0.0007457858308446866 5.695628732465642e-05 3.224233692441881e-07 6.43880839419803e-06 0.0009610318823318946 0.00010725843712550568 1.773255658478754e-06 1.5419556797998037e-05 1.60456332927587e-07 1.4971526474720063e-07 0.0 6.338993107912773e-06 3.823886326933344e-05 0.00018005172256255683 1.456485267916653e-05 1.7041743965376888e-05 5.294688775881238e-06 6.499255515303228e-07 1.3910464642630248e-07 6.33002498311241e-07 0.0
