0.0 6.212065021314903e-08 9.271257758509372e-05 1.4606001330882875e-06 0.0 5.743390168110621e-06 0.0010413711306376857 0.00040276997120306565 6.017066620761576e-07 5.268682398823742e-05 7.1320208428715085e-06 6.740513029327917e-07 1.6912672368596846e-06 0.003169148307612164 0.0 1.7426897129399421e-07 3.257413749501809e-05 1.4429439702193674e-06 3.388540681437101e-06 3.088550921481403e-06 2.509981040778088e-05 0.0 0.00010087421628088655 1.1448453954794072e-05 1.3908756345609938e-07 1.2421762053711204e-05 3.0787349425729125e-06 2.8015781920959315e-05 0.0014491489811702372 0.0021243155964220085 4.582693556464371e-07 2.851436936042582e-06 4.530900193236077e-06 2.138220023258395e-05 2.9155112950896686e-07 1.738898695463898e-05 2.138303743917936e-06 1.9341758523410627e-05 6.9246787970194115e-06 1.4925796759561276e-06 1.1518671850060146e-06 1.069402360097732e-06 5.1946274469551545e-08 0.0 4.857399202860429e-08 9.937980104227266e-08 7.549218734523012e-08 0.0 0.0 1.0796459845606752e-06 8.02394092472504e-08 2.0383392855216604e-07 0.0 0.0 0.0 3.9987617786247204e-08 0.0 6.458355808818991e-08 4.837827541186431e-08 1.749327483945452e-07 0.0 0.0 0.0 0.0 0.0 2.1323097327325624e-07 9.765479265218825e-07 4.667124948518342e-08 1.6555736303264298e-07 1.1452602454983778e-06 2.31006151290336e-06 0.0 1.4619379077608515e-07 0.0 0.0 0.0 0.0 0.0 3.0557639953848037e-07 0.0 1.4898906652759714e-07 5.073652627762508e-08 0.0 0.0 5.096980660596645e-08 0.0
6.212065021314903e-08 0.0 3.792204483455395e-05 0.0 3.951438398119326e-07 2.041128221797682e-07 2.6798285591164117e-06 8.7595157704056e-07 0.0004212197190581565 1.6841922183136747e-07 0.00011203175699656526 5.594595160658853e-08 0.00031226233691392975 2.543083005099109e-07 6.505761370573731e-06 6.715949547449729e-05 1.2154973682389965e-05 3.2832978056639632e-06 1.1019934310368587e-05 5.7770551610414824e-08 4.384446035562956e-06 0.0012184593644153615 6.942006772973257e-06 0.0005782073148126555 0.001041429767811058 0.00011572537853775009 0.0029715732711581982 1.8419325092580694e-05 8.83488192897808e-07 1.0753690496899553e-06 1.6644576593329284e-05 5.482824332150265e-08 4.7105729303457284e-08 1.5601095445523418e-05 2.5556294146559116e-07 1.5470931745245373e-05 0.0001234656917001223 3.634554427986646e-05 6.6556649048946195e-06 8.963768614590604e-06 1.5721662954962017e-07 9.252339723044069e-05 0.0 1.7700917091941578e-07 7.362287490634965e-05 7.045958618892152e-05 6.247132525786585e-08 0.0 1.701504521847137e-07 5.360599671448747e-06 2.164750016309342e-06 2.63573762768478e-06 8.079333962741481e-07 3.552107353300494e-06 0.0 4.9729240460997344e-05 3.524171378387075e-06 1.0415694217618092e-07 1.4578082002504369e-06 6.539465056261318e-05 6.805269401517979e-06 5.2225065790389e-05 0.0 2.102982490343148e-06 8.293891930486542e-06 1.0471445194790433e-05 3.169694717209698e-06 6.830529718542081e-05 0.00029213129822981904 0.0010638603058605288 2.8489730942545666e-06 8.325649798904828e-07 2.417285756178136e-06 4.650357338903876e-06 0.0 0.0 8.885904869665934e-06 1.319550381363229e-07 5.73420153132696e-05 4.982604900788982e-05 4.2897240265243105e-05 1.6804310563655207e-05 1.4538683925014463e-06 0.0 1.4752361048925751e-06 3.4744494898003416e-07
9.271257758509372e-05 3.792204483455395e-05 0.0 2.637512043782138e-06 0.0 1.4131057048753644e-05 0.0004378226024117349 0.0011230419405732764 4.792456552141044e-06 5.0635176282020155e-05 2.2040089633407334e-05 1.2928617245381918e-06 1.440070800559397e-05 0.0006050573813169369 5.7164590526337013e-08 4.920506689845125e-06 0.003859163604273755 9.042664914728595e-06 0.0002526333736793283 8.02211472284399e-07 9.785674140318274e-05 2.0982243277434022e-05 0.004385585606744594 9.723137535161962e-05 1.6596060871903928e-06 0.003905104705702193 0.005532309178839127 8.223132602575054e-05 0.0003182840847796618 0.000588813437222543 2.388568012609366e-06 1.998818726272854e-06 1.6439174040423887e-05 0.0006606105319002754 2.0131355766120185e-05 0.0007981563813591598 0.0025325363805901897 0.001052644000696457 0.0003719706534784656 2.04131598221806e-05 1.570711914676165e-06 1.1127057953898394e-05 5.80989994026368e-06 1.3194622781160467e-07 9.079285064982842e-05 0.0009660331571320281 2.0803375375393225e-07 0.0 2.1203104044484528e-07 1.965166022647161e-05 4.662760556717696e-06 2.600287082826684e-06 2.699955348558336e-06 2.433187946985048e-06 4.34995851578798e-08 1.531003649433697e-05 5.571008526703537e-06 0.0 1.1597752718615298e-05 0.00011661388619745932 8.937604359178136e-06 4.972555849672488e-05 0.0 8.382884538046789e-06 5.540745066862776e-05 0.000325487791168224 7.913368260176575e-06 1.2313147551091658e-05 0.0002659882073449172 0.0019203436615085698 1.4157911490593825e-05 1.0998427463498793e-06 6.36273021423791e-06 3.223381607548749e-06 0.0 5.824166431974249e-08 2.0853496347878005e-05 2.5856324111159133e-06 0.0001453459959979901 0.00015394881677562885 7.891617103837296e-05 3.68234507824225e-05 4.049651302731561e-06 3.598134573924386e-07 9.99283339002317e-07 6.646055988717782e-07
1.4606001330882875e-06 0.0 2.637512043782138e-06 0.0 4.006184042713829e-06 6.177786145429538e-05 5.203065237189451e-05 5.914007533488701e-05 0.0005888875039680005 0.002049127013652045 4.366923697475428e-06 0.0007103240184708983 5.817107500233848e-06 2.2769220297109302e-05 8.818773049004699e-05 3.6006074023054627e-07 1.599339544920158e-07 5.03122143595525e-07 4.947788897844414e-07 0.0040657396311242515 2.83688111067063e-07 3.593313913064342e-07 1.3129095705019108e-06 0.000879986388592913 3.3639100039018976e-08 1.9947686611291624e-06 1.0066307416169498e-06 0.001727613316463416 6.174957001416772e-05 2.2465233374159773e-06 2.1586174118200384e-07 1.6867188487408894e-06 2.441207878268836e-06 1.7316525837516804e-05 1.6095343616066785e-06 0.0001733320741983038 6.620366393028492e-07 5.3880629834191474e-05 1.7078403578602e-05 0.00013807144427307934 2.9682944452649317e-06 9.240388859895462e-07 1.0966334162608807e-06 6.144944510277944e-08 1.9654162061818586e-07 7.320816400639525e-08 0.00018929326382865653 0.0 1.5190544827905807e-05 6.912172736832513e-05 2.1873680343826434e-05 0.00012115969865539612 0.00018524361427623868 1.2691006529567935e-06 9.251675842037971e-05 0.0 9.742746719418282e-06 3.1263400833858013e-06 5.402541152690287e-07 7.678481567502017e-08 0.0 0.0 0.00015566439078302773 9.67118204123959e-07 1.0533654353358712e-06 2.850863550585244e-07 0.00014671406531071795 1.7839827184100639e-06 1.6989882139414766e-07 4.273508523376523e-07 0.00023945044113218158 1.7190131264660557e-06 2.6871285857483548e-06 0.0 2.4993088959130746e-07 9.91452404491249e-08 4.357008847488703e-06 5.305410987197846e-07 3.772989868153602e-05 3.0408412102471915e-07 9.06822721065761e-06 1.2120815704013116e-06 2.9326505482598328e-05 6.707368426931715e-07 2.8775479182139377e-07 1.943371716126783e-07
0.0 3.951438398119326e-07 0.0 4.006184042713829e-06 0.0 6.232990056482083e-05 0.0 1.632315269874145e-06 4.252060627443933e-05 6.093125606694491e-07 0.0 5.253619597247264e-05 6.56313589669647e-08 3.781857552446073e-06 0.0005818051466256004 0.0 0.0 7.651979467524742e-08 0.0 5.666696257421708e-06 0.0 8.739869271996541e-07 0.0 1.3944578553815266e-05 0.0 0.0 8.073358651462591e-07 8.369838169620964e-07 1.3700705465994901e-05 1.3832933435559437e-07 1.0615253174990727e-07 0.00026301856498181893 0.0 1.4966176453805835e-05 0.0 4.002775909765876e-06 0.0 4.247877894086576e-06 3.624876955484885e-07 0.0004089427760320288 1.4313269494164583e-06 0.0 1.3867345963978006e-07 0.0 0.0 0.0 0.0 0.0 5.6916713942232195e-08 0.0 0.0 0.0 2.66784332611488e-07 0.0 6.218215858754202e-08 0.0 0.0 0.0 0.0 0.0 0.0 0.0 0.0 0.0 0.0 0.0 1.0356919857996377e-07 0.0 0.0 0.0 7.718320686940433e-08 0.0 0.0 0.0 0.0 0.0 0.0 0.0 4.80274012148443e-07 0.0 0.0 0.0 0.0 0.0 0.0 0.0
5.743390168110621e-06 2.041128221797682e-07 1.4131057048753644e-05 6.177786145429538e-05 6.232990056482083e-05 0.0 0.00035158722690651674 0.003841646782361764 2.0147102760382233e-05 0.002697618740692824 3.5919553783103826e-05 0.002720141835498841 3.111565606411755e-05 0.0003804155988097072 0.0009909329146197833 9.212522690338262e-08 2.1112940436843523e-06 5.612213104221633e-06 1.3879134605205934e-06 0.0003066204169471566 1.751305004467817e-06 1.1457123459660882e-07 7.399752874497561e-06 6.984251741914872e-05 5.923991493035555e-07 1.0441021520014165e-05 3.483292056163191e-06 8.942298089513695e-05 0.0004346628978512958 1.0083816481560052e-05 2.1585561013609778e-06 0.0007673611823237527 1.4656121285959152e-06 9.612078165886896e-05 4.261670681633932e-06 0.00039110505048301094 4.781619970249846e-06 0.00025080980913450436 8.929258906960651e-05 0.001958664353856418 0.00013967114362188894 1.8341855514595038e-05 6.7380622499518385e-06 8.996111551655693e-08 9.529542851268284e-08 4.7675641965197303e-08 4.35023002779217e-06 0.0 4.637270688523054e-07 3.621843444099897e-05 4.064318826569229e-06 4.947022616063824e-06 1.1202444244171091e-05 3.365885972025874e-07 9.934960080153694e-06 3.697765647035685e-08 2.9839003846511062e-06 0.0 5.024065745264304e-07 7.23159555031463e-08 0.0 0.0 6.3243659134700265e-06 5.891444904185867e-07 1.5228692661871322e-07 4.284201332148448e-07 1.0870016572530177e-05 2.82974876780405e-07 1.3642696290342173e-07 9.613619851180201e-07 3.511249911853576e-05 5.058655995466498e-07 5.432821951151136e-07 4.438175564286426e-08 1.116062619097114e-07 5.893343407011775e-08 1.4848822198746188e-06 4.6991067674125025e-07 6.0462826007174916e-06 1.821625033322686e-06 3.3284548513274695e-06 1.6876081225308506e-06 5.026993689229482e-06 5.010455076931866e-07 1.1941862608699008e-06 5.3475362142709405e-08
0.0010413711306376857 2.6798285591164117e-06 0.0004378226024117349 5.203065237189451e-05 0.0 0.00035158722690651674 0.0 0.003944905883002523 0.0004474488514629293 0.0052619189590163646 1.2080783490336116e-05 2.1431554391390687e-05 3.752715710336698e-06 0.002861433854086546 2.381860080618525e-06 2.3005958614507836e-05 1.2346901355435504e-05 2.144203838093238e-06 2.2216949424637204e-06 2.4223902464886256e-05 0.000243552864365763 7.246225519717978e-06 0.0008738883706923778 0.0015782851053084848 2.373049242557399e-07 6.789543468230477e-05 0.00022313423241348155 0.009919400526304575 0.0006288402815369806 0.0025084120786266805 5.436161432218166e-07 2.452811450106424e-06 5.1580379296649614e-05 8.310381118377775e-05 7.642496518272116e-06 0.00026784066402145716 2.482857100103739e-05 0.00022450962537898415 9.244624341399815e-05 9.580232814871538e-06 7.543039777644377e-06 9.957989870044064e-07 3.5935872588777836e-06 1.3986411827941252e-07 2.2050922055984125e-06 3.7354601435626615e-06 1.76150753521366e-05 0.0 6.277152988274665e-06 8.95539295338081e-05 3.630052390401725e-05 7.215307583560315e-05 4.643842114598237e-05 1.4829132128039733e-06 3.4227703929892006e-05 2.7823242340092444e-07 1.5120121957296346e-05 2.1039853273323464e-06 6.099321544090154e-06 9.954742512379404e-07 3.9484010781011605e-07 1.1572607365350651e-07 3.26537267802303e-05 1.6248138705763538e-06 4.078341631934368e-06 6.921650859424969e-06 0.00012008997255529341 4.971109385156506e-07 2.6036245785555375e-06 2.4617037065151385e-05 0.0002880154041303481 4.579945285604298e-06 3.157353075803665e-06 0.0 5.269233301408566e-07 1.1705823557094062e-07 6.526441552931996e-06 3.2849138307392987e-07 2.5563935691559227e-05 2.233215832078777e-06 1.2938748320961704e-05 3.2692514236348527e-06 1.4925567901403646e-05 2.206429977178549e-06 1.0480191422772821e-06 3.976689642271652e-07
0.00040276997120306565 8.7595157704056e-07 0.0011230419405732764 5.914007533488701e-05 1.632315269874145e-06 0.003841646782361764 0.003944905883002523 0.0 6.298768959783128e-05 0.0021780094632301394 4.633566605666003e-05 0.00036291013978595574 4.576191220467024e-05 0.004594307434393445 7.631919170521919e-05 4.508318573338613e-06 0.00036299081780959624 7.732177982516439e-06 3.84972188434734e-05 0.000296601160035728 0.00017196496793539845 2.0556312934562723e-06 0.0007322179657900708 0.0007246236303877044 2.4072111606863315e-07 0.00023880353927935403 6.8288764516768e-05 0.0006768359211539396 0.0004996675536197877 0.0012752076876479399 1.766549779296658e-06 0.0008366933703052845 1.2129102119014681e-05 0.0002174560064159185 5.493432810436035e-06 0.00041301769831787467 2.3974332860456935e-05 0.000316151478690366 0.00011133050421034934 0.0005976288113484661 0.00010278251275219672 2.7249807363719838e-05 6.8865884512730995e-06 0.0 1.2355921151886077e-06 6.689956544154221e-06 1.894435311746523e-05 0.0 6.5758297315289096e-06 0.00037913582500962985 4.709498086810724e-05 4.63433859019135e-05 6.119446254184121e-05 3.6720849544439255e-06 4.1106203154775563e-05 8.045307461993882e-07 2.511593811073934e-05 1.5479166946562255e-06 4.830148243836671e-06 1.2791314380343178e-06 1.0451698418248826e-07 3.2173642763708517e-07 4.196313076062296e-05 7.68896252337276e-06 3.90790947201342e-06 6.299925367628277e-06 0.00012973560986868218 3.7590504389516276e-08 5.448970991856366e-06 2.5672314433723922e-05 0.00039230869051608405 7.031358825701386e-06 2.426215075016024e-05 3.8478780562504867e-07 7.88599894778405e-07 1.3071369152461023e-07 1.1073619320511979e-05 6.460943057001603e-07 3.434810310924798e-05 2.7847921980025422e-06 2.0164577805982604e-05 5.953382309540643e-06 3.969235810687029e-05 2.5290034073108556e-06 1.979701134942608e-06 3.901098849796915e-07
6.017066620761576e-07 0.0004212197190581565 4.792456552141044e-06 0.0005888875039680005 4.252060627443933e-05 2.0147102760382233e-05 0.0004474488514629293 6.298768959783128e-05 0.0 0.00010953934868157208 3.275090494946812e-06 0.00012224023587125308 4.786802253346428e-06 7.963769279764256e-06 0.00044120175004077434 2.1967774692220267e-05 3.3921710238244895e-06 4.2580471920649253e-07 1.3482691485253588e-06 0.00015106483227043718 1.7446522645690817e-05 0.0015129722667656105 2.608490974865711e-05 0.004124988542688779 5.602895099153233e-05 1.1984145082596113e-05 0.000702350067251314 0.0007216846668586322 3.9030797992024135e-05 7.364911720534408e-05 1.920467271582783e-06 5.57829837306557e-06 1.0011672999991796e-05 1.2256345482698135e-05 2.2294400466615014e-06 0.00014891117033074283 1.2442804770571994e-05 3.0063237264001337e-05 1.3981374808513784e-05 0.0004702863462628077 2.7036396878147677e-06 1.1519040127199739e-06 7.096501080218336e-07 1.0521550933979478e-06 5.465505219092397e-06 2.5081946201880925e-06 0.00010252827798341765 3.605132458062026e-07 1.3096319079797072e-05 8.746127741359961e-05 3.740931056484229e-05 0.00019654308798101473 0.0001272195717710988 1.9853476284513015e-06 5.624632701075425e-05 3.334317842562804e-06 2.1558159153422354e-05 5.090113926290981e-06 1.681802770425161e-05 1.2097930815977902e-06 1.3969313798679367e-07 1.0921711491435168e-06 7.876093874505498e-05 1.857885047560842e-05 1.802198867559077e-05 9.389697027787406e-06 0.0005677563777530434 2.8822120466006264e-06 4.725674541263433e-06 2.384529130609682e-05 0.0006029700510627055 2.00235523483646e-05 4.275151489367237e-05 3.765125048063688e-07 5.492909788245934e-07 1.740842018690768e-06 7.1733267221155155e-06 1.236466520589223e-06 7.348719847549577e-05 2.3794366692220035e-06 1.7776142841955434e-05 5.615220804973337e-06 5.037983968456901e-05 1.4313521465122127e-06 1.152448258237045e-06 7.297185433649753e-07
5.268682398823742e-05 1.6841922183136747e-07 5.0635176282020155e-05 0.002049127013652045 6.093125606694491e-07 0.002697618740692824 0.0052619189590163646 0.0021780094632301394 0.00010953934868157208 0.0 9.42389062350226e-05 0.0017593950151432473 3.055260290968115e-05 0.0005507188006501792 1.2717784415283606e-05 2.5546819475733754e-06 3.0498621354336455e-06 2.382114330076333e-05 7.588161640765127e-06 0.0022459236615414795 9.1439537544958e-06 3.6771962446922965e-07 4.529614010452024e-05 0.0005073284181096064 2.0480874258575484e-06 3.56758655358342e-05 1.7992434606768308e-05 0.0024315586533627718 0.001095693471321643 3.16151179120771e-05 5.772321109786349e-06 1.6988893793538815e-05 2.4065686607209826e-05 0.00030788941794974355 2.265493706333801e-05 0.0008387576943370121 1.3561800757751361e-05 0.0006968522019785725 0.00020955499790949333 6.509908557100423e-05 3.9375914191892646e-05 1.138901489652854e-05 6.65908869170839e-06 1.8626680284340262e-07 8.723576387046216e-07 5.540649904223083e-07 0.00010325586997292252 6.65552277385412e-08 1.568255656756292e-05 0.0002113238275404447 6.455950379885875e-05 5.1047354910960404e-05 0.0001907254029885804 2.7475643579974875e-06 0.00013745343773716772 8.4474733656307e-07 2.827170365199825e-05 1.7664986707544965e-06 1.5967545171001813e-06 1.716930413944528e-07 7.996954055880503e-07 3.775775212266341e-08 0.0001413749745271409 1.8594506611270768e-06 1.995338184145092e-06 1.582188372299101e-06 0.00015462172582877533 9.79649633964042e-07 1.8275341975865806e-06 5.925204182125622e-06 0.0004217962390304954 6.456377054418228e-06 4.894061762659494e-06 0.0 3.604231232041445e-07 1.1046489964997836e-07 8.519400352564742e-06 1.9670801824313186e-06 5.4315809932575025e-05 1.100633149061605e-06 2.0286350072435838e-05 4.545558402683415e-06 3.790357809397911e-05 2.5612139637579955e-06 3.7365207563667814e-06 2.7378865208985754e-07
7.1320208428715085e-06 0.00011203175699656526 2.2040089633407334e-05 4.366923697475428e-06 0.0 3.5919553783103826e-05 1.2080783490336116e-05 4.633566605666003e-05 3.275090494946812e-06 9.42389062350226e-05 0.0 3.7433928164503425e-05 0.0019026855581045546 0.00013323134644820754 4.780053612645659e-07 1.3341666574995173e-06 0.0002109774621855861 0.0018641459532774654 0.000437691024374475 3.710160984108365e-05 1.298567722528538e-05 8.873627482709533e-06 3.116960392128449e-05 1.3183223711524922e-05 0.0005688093826763243 0.0012031234038667922 0.0003985552587697959 1.348671285885894e-05 0.00046101673323420937 2.8794929614487435e-05 0.0004965377075095827 9.017808039450766e-05 3.2833395812612325e-06 0.005490353372195142 1.9851371733271533e-06 0.00013475357599019186 0.0016445908478503934 0.0025400208809986525 0.00020477268776209306 6.3422240489356496e-06 1.4846687112879828e-05 0.00032080319131635695 1.3998231084197157e-06 0.0 1.5745194283951634e-05 1.8672944910590205e-06 5.268061457095217e-08 0.0 0.0 4.259477359181014e-06 8.499482917342927e-08 3.670304740045814e-07 0.0 3.29710489785121e-05 2.2184148390888317e-07 0.00034203402754481106 1.4162429375012015e-07 0.0 1.33769655785572e-07 1.1804937792869396e-06 4.590072944052172e-06 3.564045547393886e-06 6.214255634801706e-07 1.1306908938504278e-06 2.2597508787740393e-07 1.7705150624598392e-07 1.3449359883792555e-06 0.0001602781473766572 2.7770380261901113e-05 9.016470653187043e-05 5.408887295453526e-06 4.135861131038079e-08 1.9365031572891486e-07 2.259654746658459e-05 0.0 0.0 8.128939770893342e-07 1.4799320481689452e-06 9.694698269907842e-06 6.562937449466631e-05 9.337637459159776e-06 6.583489293009123e-07 1.975026974722509e-07 0.0 7.250424220822503e-05 1.3561252584851915e-07
6.740513029327917e-07 5.594595160658853e-08 1.2928617245381918e-06 0.0007103240184708983 5.253619597247264e-05 0.002720141835498841 2.1431554391390687e-05 0.00036291013978595574 0.00012224023587125308 0.0017593950151432473 3.7433928164503425e-05 0.0 1.738772255089104e-05 0.00011997963075279533 0.0007094120372023509 5.329348042618858e-07 3.094548720889935e-07 7.803784918711024e-06 2.1406656778643353e-06 0.001316386631765933 9.350988586273202e-08 2.790417981527158e-07 8.1103458418856e-07 0.00013706210033491016 4.1718012875042256e-07 9.15742964248688e-06 2.3641514887410847e-06 8.854487302436523e-05 0.0001353641554965843 2.527813784634291e-06 1.8895207818090278e-06 2.954356510323717e-05 2.3186513475716066e-07 8.354956345226084e-05 2.4481734001572036e-06 0.0005559334589965976 4.696958220211112e-06 0.00017975491613863562 5.878631224816328e-05 0.00135448001967191 1.9661963825465115e-05 8.05940253119476e-06 1.7964809417682848e-06 0.0 0.0 0.0 4.793676701092928e-05 0.0 3.4818925102599335e-06 2.1631884606259063e-05 9.411547229927051e-06 4.027327736595686e-05 5.007441769609889e-05 1.6403449113789281e-07 4.956033969879257e-05 9.386486865835527e-08 3.674897526140032e-06 1.4312713166534958e-06 1.3536208873480155e-07 0.0 0.0 0.0 5.086823987761044e-05 7.226826409289547e-07 3.4950772153182425e-07 0.0 4.232481619709432e-05 2.2387409292704686e-07 8.974639624472353e-07 4.525079630100123e-07 4.6489194292781315e-05 3.552406329149479e-07 9.746013735641821e-07 0.0 9.293884446511202e-08 0.0 1.2359552991008165e-06 1.2133077919522324e-07 2.2831706537142918e-05 1.3984918185667149e-07 2.9034548558624575e-06 1.2446785472576538e-06 1.7545197382638746e-05 1.4939563286217967e-06 3.6714775430115527e-07 0.0
1.6912672368596846e-06 0.00031226233691392975 1.440070800559397e-05 5.817107500233848e-06 6.56313589669647e-08 3.111565606411755e-05 3.752715710336698e-06 4.576191220467024e-05 4.786802253346428e-06 3.055260290968115e-05 0.0019026855581045546 1.738772255089104e-05 0.0 5.580686810658162e-05 1.8526090249595017e-06 1.1573579593496728e-06 4.123410209444299e-06 2.884550039285904e-05 4.151451571179785e-06 2.48977019329283e-05 5.478120212496725e-06 1.6810870291078783e-05 1.0071605665281151e-05 2.0141323991398115e-05 0.002487855990353852 9.537397649729795e-05 0.0010277808655143779 1.8668305249486483e-05 8.689096312289409e-05 1.1966697711125576e-05 0.0007133139506469166 2.3906770803405852e-05 1.5855187740002592e-06 0.0005948886845064077 1.0865984573345418e-05 0.0009193201805883112 0.0022322153111349998 0.0031953494176983673 0.0003419002418331442 7.410447418121077e-05 0.0001334829059923463 0.000566998950249836 1.4926094124255759e-05 0.0 3.788575445144501e-05 4.0595995292836373e-07 1.984013394607732e-06 0.0 2.4296082492757606e-07 1.7445594311454555e-05 8.423531764341896e-07 3.960465223656627e-07 2.5737313570716143e-06 0.00012077050963334888 1.0129662804477714e-06 0.0013800646855070791 7.470983267495001e-07 0.0 3.1701439046111097e-07 3.9735029580260766e-07 1.3608988337414472e-05 8.07515666587091e-06 0.0 0.0 8.844045254246182e-07 4.5244491460693916e-07 5.886300305405541e-06 0.0007000801899294161 9.427950813870658e-05 0.00039838262312261424 9.416796739295678e-06 1.673901233330177e-06 1.0538585908653436e-06 0.00010372653525134736 2.92827473117814e-07 0.0 5.0745474895681805e-06 1.595861580948843e-05 0.0003180539678124811 0.00017837875998068706 4.212042211558027e-05 7.949193601010523e-06 2.4850533810816308e-05 5.578875537468786e-06 0.00014429489139279 4.973135079507742e-07
0.003169148307612164 2.543083005099109e-07 0.0006050573813169369 2.2769220297109302e-05 3.781857552446073e-06 0.0003804155988097072 0.002861433854086546 0.004594307434393445 7.963769279764256e-06 0.0005507188006501792 0.00013323134644820754 0.00011997963075279533 5.580686810658162e-05 0.0 2.078840313925436e-05 8.649747257499608e-07 0.000271010282686608 1.5302669875380535e-05 2.7978368535330148e-05 0.00012409677853147713 0.00012412651210950607 5.323255033565739e-07 0.0005881850010990664 0.00010767980735666821 2.006132155483712e-06 0.00012039932117158833 2.9390544266364418e-05 0.00017147014445281569 0.003330837466943685 0.0031151826155338892 5.032023602259548e-06 0.0001855222323778663 1.702667096919589e-05 0.0003595171001766784 2.7809493533042857e-06 0.00029798089028172317 2.2240560983554695e-05 0.00036189501070840263 9.018255114106003e-05 0.00021525886957481912 0.0001286737273975037 2.8382191729389106e-05 6.685649294220947e-06 2.2761515038834299e-07 3.529660631256615e-07 3.1948411806556613e-06 7.376204861863906e-07 0.0 5.4501565510837594e-08 2.3708008235683752e-05 4.823391272137374e-06 4.4822859625464565e-06 2.80462631086942e-06 2.888668780740691e-07 1.7294903497773282e-06 1.648062341446873e-07 1.0122207859619346e-06 4.2548700324947197e-07 1.3107533076949852e-06 5.588349478481361e-07 5.837800324433971e-08 1.7190365423238184e-07 1.7208606568165952e-06 1.4238025393688498e-06 2.8821218343181834e-07 1.6526662448164024e-06 1.2217664634910664e-05 2.287024570229182e-07 1.463552139228487e-06 7.660861793222414e-06 3.568222050747672e-05 3.5750644495077627e-07 2.351323838404535e-06 0.0 0.0 0.0 2.4524311898119425e-06 3.8276349049628277e-07 6.464880390808942e-06 2.3348797090311444e-06 2.325999786149308e-06 1.915346221634584e-06 2.787114415908101e-06 4.478121681701416e-07 1.0360870619122046e-06 5.110694956160149e-08
0.0 6.505761370573731e-06 5.7164590526337013e-08 8.818773049004699e-05 0.0005818051466256004 0.0009909329146197833 2.381860080618525e-06 7.631919170521919e-05 0.00044120175004077434 1.2717784415283606e-05 4.780053612645659e-07 0.0007094120372023509 1.8526090249595017e-06 2.078840313925436e-05 0.0 5.1727930563951144e-08 0.0 7.798165916878966e-08 0.0 0.00012887370850828025 0.0 2.10496539137937e-05 0.0 0.000370006090472912 3.8781774711222876e-07 2.8032010236032444e-07 1.3763106741594811e-05 1.9585020825960686e-05 2.2381642349161674e-06 0.0 9.532355722929815e-08 0.0005206395158265592 0.0 1.3539079403444386e-05 0.0 8.07134073456543e-05 4.1114775291483695e-07 3.412563121861904e-06 1.5245255206462017e-06 0.0006075857930749159 7.047878944666644e-05 0.0 0.0 0.0 5.363395417249175e-08 0.0 3.734028232317705e-06 0.0 3.6272557431588077e-07 1.0038137879516876e-06 1.1898910373854978e-06 3.911112345114699e-06 3.7684056462269076e-06 0.0 1.0909657983828818e-06 0.0 0.0 2.5083418135317e-07 0.0 0.0 0.0 0.0 3.226736408499478e-06 1.0561749857307316e-07 5.577729434518356e-07 1.6066967381588903e-07 2.3846431258209812e-06 0.0 4.010403529566897e-08 1.4446770931380794e-07 3.1515259876465963e-06 0.0 0.0 4.697473100040742e-08 0.0 0.0 0.0 0.0 1.6704467696398833e-06 0.0 5.289695458381217e-08 0.0 3.769458806281792e-07 0.0 0.0 0.0
1.7426897129399421e-07 6.715949547449729e-05 4.920506689845125e-06 3.6006074023054627e-07 0.0 9.212522690338262e-08 2.3005958614507836e-05 4.508318573338613e-06 2.1967774692220267e-05 2.5546819475733754e-06 1.3341666574995173e-06 5.329348042618858e-07 1.1573579593496728e-06 8.649747257499608e-07 5.1727930563951144e-08 0.0 1.3015692591453659e-05 6.558056708933498e-07 3.072666889406237e-06 3.9234340898449735e-07 0.0011811342756224044 0.0010098201556468565 0.002289081629617828 0.0014104795079974866 5.581110483990044e-06 8.724173441940338e-06 0.0027041736663842913 0.0005627921010236465 6.485574677727066e-06 2.485645680441405e-05 2.582552022865964e-07 7.576069041788201e-08 4.631782756119873e-06 2.6970097100347136e-05 5.532265988088474e-06 0.0005088515699586865 0.00018726296267335195 8.146962106814478e-05 0.00012710425220626077 1.0102208731751666e-05 2.3268805124708512e-07 3.2785521825467373e-07 3.828242888494209e-06 6.44589561612886e-07 6.341459866913036e-06 8.378521748123365e-06 2.620047701071851e-07 0.0 9.292043029888975e-07 3.214507829319497e-05 1.605616064780377e-06 1.571708420539426e-05 6.098634771701925e-06 7.545150275623118e-07 6.921439278657369e-07 2.4204095466419917e-07 2.455983105156446e-06 0.0 0.0010570471088335823 1.455509524992151e-06 2.7316610322698413e-07 1.0932301074991553e-06 0.0 0.0001834733253475082 0.00041386843996868097 0.0007534961836294318 9.173235828586211e-05 4.5630485733445754e-07 3.873126087371088e-06 0.0005540947218572853 0.00013056865923707139 8.904467456925337e-06 6.731101861183159e-05 0.0 0.0 2.040937078880576e-06 4.393025043644038e-06 1.589765817470935e-06 3.683073783632289e-05 6.77480905674153e-06 6.402822334412086e-06 2.9743633828657488e-06 3.2097686168035842e-06 0.0 7.486895814840165e-08 0.0
3.257413749501809e-05 1.2154973682389965e-05 0.003859163604273755 1.599339544920158e-07 0.0 2.1112940436843523e-06 1.2346901355435504e-05 0.00036299081780959624 3.3921710238244895e-06 3.0498621354336455e-06 0.0002109774621855861 3.094548720889935e-07 4.123410209444299e-06 0.000271010282686608 0.0 1.3015692591453659e-05 0.0 0.00014715063010207756 0.001574307181998098 5.49477523302648e-07 0.0003030165560703658 7.502493296438306e-06 0.0013061076299682502 2.1281250409411416e-05 2.235447253233176e-06 0.0009241305057097665 0.002447314541169846 1.5154873276562407e-05 0.00059202716240805 0.0006162546165532565 1.772339013053981e-06 8.79124670069169e-07 7.227793584409791e-05 0.001263732282507817 2.304611141119352e-06 0.00019857266161501957 0.001583307081237923 0.0008420118408841264 0.00011603727854553573 3.2701179773631414e-06 8.808605483403995e-07 6.089825578811998e-06 1.4374641832690837e-06 2.6738486648606056e-07 2.754621241314197e-05 0.00018269155477794525 0.0 0.0 4.254824326422648e-08 5.44472102294968e-06 1.0703783826518195e-06 2.913169028979425e-07 8.796350998962457e-07 2.427287416777529e-06 0.0 5.798377476603247e-06 2.2342450567481513e-06 0.0 4.206909525425252e-06 5.1870466959787816e-05 5.4942825537307774e-06 2.743674910423308e-05 0.0 6.355816660586428e-06 7.534081792626053e-06 4.943264561386389e-05 3.5624018543735683e-06 8.209173929199431e-06 0.00018113581890927808 0.00042630382441411564 9.436730211844268e-06 7.50456965402221e-07 4.29401415678133e-06 2.621859637586832e-06 0.0 0.0 7.232032995770463e-06 2.1759950274131882e-07 4.2408437558801953e-05 5.575587164325432e-05 2.3066007248904692e-05 7.579768218509712e-06 1.991065148824905e-06 8.168917616610054e-08 0.0 8.020989821573542e-07
1.4429439702193674e-06 3.2832978056639632e-06 9.042664914728595e-06 5.03122143595525e-07 7.651979467524742e-08 5.612213104221633e-06 2.144203838093238e-06 7.732177982516439e-06 4.2580471920649253e-07 2.382114330076333e-05 0.0018641459532774654 7.803784918711024e-06 2.884550039285904e-05 1.5302669875380535e-05 7.798165916878966e-08 6.558056708933498e-07 0.00014715063010207756 0.0 0.0014037011601001823 9.959793726047113e-06 3.53762095291623e-06 7.293538874574815e-07 1.074693936988742e-05 2.91948653586801e-06 7.989270849702923e-06 0.00170985010799764 0.00037632336770858566 3.7264312522840795e-06 6.306442850642649e-05 9.100420279429677e-06 7.542643661857833e-05 8.479617478189849e-06 9.642702024909288e-07 0.0008122435087156294 3.5108754820210898e-06 0.00017289759502016235 0.0005613198416395711 0.0008837110819197389 0.00011487159892679318 1.184541834353037e-06 3.710800505447961e-07 9.27406951596943e-06 9.31689170188552e-07 0.0 5.162757889348431e-06 8.275067711527431e-07 0.0 0.0 0.0 9.6259971668249e-07 7.492524650590298e-08 9.209021753653986e-08 4.853700041601058e-08 5.134041358011074e-06 1.7845513415297164e-07 4.19453234615659e-05 6.37250199308631e-08 0.0 1.1267544382923795e-07 1.6016721997670727e-06 7.427627208062225e-06 6.897840070893589e-06 1.0191881973232414e-07 1.0738076956327643e-07 3.6982228933020373e-07 2.775219970380447e-07 2.3474439155057268e-07 1.1630893248285049e-05 3.798062627311299e-05 7.794316061957787e-05 3.85498890674894e-07 0.0 2.394449518205559e-07 1.0046903394966884e-05 0.0 0.0 5.743643465719375e-07 1.1194398834380687e-06 5.8494224508339685e-06 1.1603524668797737e-05 3.0775481030807094e-06 5.320629593908832e-07 6.904224417500836e-08 0.0 1.3449285696467181e-07 0.0
3.388540681437101e-06 1.1019934310368587e-05 0.0002526333736793283 4.947788897844414e-07 0.0 1.3879134605205934e-06 2.2216949424637204e-06 3.84972188434734e-05 1.3482691485253588e-06 7.588161640765127e-06 0.000437691024374475 2.1406656778643353e-06 4.151451571179785e-06 2.7978368535330148e-05 0.0 3.072666889406237e-06 0.001574307181998098 0.0014037011601001823 0.0 2.3910002590700228e-06 2.4349741037910146e-05 3.4495583958892706e-06 0.00015738209508921587 5.668123366127426e-06 5.412463854349338e-06 0.0028138113389236667 0.0010339910228205264 4.425526779931522e-06 8.604540356963873e-05 6.043623641625102e-05 1.556123394000545e-05 2.554532125666759e-06 1.1628295556976225e-05 0.001679925926336861 6.807241528847534e-06 0.0005020659709724087 0.0012545705768612803 0.0013457117381788617 0.00017754217176555012 5.012408461060963e-06 1.7968044653033398e-07 1.967227180952021e-06 1.2240482055464526e-06 4.736850520117828e-08 3.0978870503371264e-05 2.3860458201242368e-05 0.0 0.0 0.0 1.8908635260118904e-06 3.668513946454701e-07 6.141837239559488e-08 4.696410573024266e-07 1.1881455045569597e-06 0.0 1.3392697716799614e-05 1.0979401089489786e-06 0.0 1.0125639587785833e-06 3.213149960365085e-05 8.451205427221657e-06 4.408461959006957e-05 0.0 1.4313430176675065e-06 1.3829356734411981e-06 4.801768700461822e-06 1.6703462502980207e-06 2.1894417627850522e-05 0.00017454766333864543 0.0002589794758730172 1.6024891262257653e-06 3.3474552922430786e-07 1.918031849199527e-06 3.0917127085966495e-06 0.0 0.0 4.673867645574285e-06 9.493075281365599e-07 2.166824526168071e-05 6.338944183677642e-05 1.7595232367096464e-05 5.030762918701374e-06 6.363007066863647e-07 2.520054442902287e-07 2.2174003993132724e-07 0.0
3.088550921481403e-06 5.7770551610414824e-08 8.02211472284399e-07 0.0040657396311242515 5.666696257421708e-06 0.0003066204169471566 2.4223902464886256e-05 0.000296601160035728 0.00015106483227043718 0.0022459236615414795 3.710160984108365e-05 0.001316386631765933 2.48977019329283e-05 0.00012409677853147713 0.00012887370850828025 3.9234340898449735e-07 5.49477523302648e-07 9.959793726047113e-06 2.3910002590700228e-06 0.0 5.148532471254189e-07 9.975922638144556e-08 1.0262028393231658e-06 0.00045305327711525715 5.6079381144875396e-06 1.1726377491117252e-05 4.847044649946113e-06 0.001663047859123965 0.00024486528888289437 4.237778101499017e-06 1.8248849833503694e-06 1.0458181376170433e-05 2.0741473056715965e-06 0.00010130208431072714 7.160049179304184e-06 0.00044414849841482466 6.4527279409985335e-06 0.0002420270251047874 7.55316253923399e-05 0.0003047412555826497 1.5573896395980428e-05 5.22999555080003e-06 2.7104146914562983e-06 0.0 3.511939416091881e-07 0.0 7.767750092228813e-05 0.0 1.1011073368804095e-05 0.00015554717088773936 4.103744041034386e-05 3.350338460029004e-05 0.00012706903174725386 2.378791087962324e-06 9.922888158381122e-05 1.1305736661251142e-06 1.6142460243083237e-05 1.917787714452175e-06 7.914448163540749e-07 0.0 3.9532551371735444e-07 0.0 0.00010205869111780717 1.3989393700742077e-06 5.291090390383288e-07 9.575557794956711e-07 8.676062053807981e-05 4.2997472351555144e-06 1.0158201793392218e-06 1.0884472577448785e-06 0.00022686843733780467 4.862717623873853e-06 5.798469383535724e-06 9.93005050273815e-07 1.6911152038677146e-07 1.2390030777073282e-07 6.825417210186686e-06 1.682834720141268e-06 3.7677888251574506e-05 5.81605128486102e-07 1.1953128243198974e-05 2.9123429056426305e-06 3.4218265044632675e-05 2.9099456932882334e-06 7.331290822211871e-07 3.6975716281614057e-07
2.509981040778088e-05 4.384446035562956e-06 9.785674140318274e-05 2.83688111067063e-07 0.0 1.751305004467817e-06 0.000243552864365763 0.00017196496793539845 1.7446522645690817e-05 9.1439537544958e-06 1.298567722528538e-05 9.350988586273202e-08 5.478120212496725e-06 0.00012412651210950607 0.0 0.0011811342756224044 0.0003030165560703658 3.53762095291623e-06 2.4349741037910146e-05 5.148532471254189e-07 0.0 3.922872924113197e-05 0.0079386888640169 0.00033648162253054677 2.0622148727698336e-06 2.0309460364387655e-05 0.00025973226123499423 0.0033575409169100397 0.0003295948491768744 0.0057413646134814224 2.5173415184836095e-07 5.190815875971841e-07 0.00016571636609855395 0.002179470571232525 4.687336368721093e-05 0.0033223503484558427 0.00044319814916552065 0.0028643123209349253 0.0016332519638375786 5.98118142600172e-05 6.5720169823308866e-06 2.9885347793515313e-06 2.8943700869006885e-05 1.2823616389136014e-06 7.483668186860204e-07 8.836917550020208e-07 8.858677969724767e-07 0.0 6.048782738322013e-07 4.9555176223837405e-05 2.7980076108616417e-06 3.196698010552881e-05 9.414325172624841e-06 1.083702237650931e-06 1.6966915425759316e-06 1.072711538471919e-06 6.654895397712594e-06 1.7502237002341817e-07 0.00016216324228921544 1.4321901911553566e-06 1.669835501950956e-07 1.9456909683947823e-06 1.9051002098179438e-07 0.00024787622438443715 5.9140665821466056e-05 0.0001579823783442215 0.00013376490326324998 1.2277743204001537e-07 3.336008271433408e-06 7.295856495278294e-05 0.00024404662268348901 2.801349330845871e-05 0.0001439892154140075 9.593115420729522e-08 0.0 4.964456411779526e-06 1.0536051921342224e-05 3.2138502525352183e-06 0.00016989016697723254 6.418369118760867e-06 1.003843996943992e-05 3.100479918696693e-06 4.6786655770953765e-06 1.1593514769972632e-06 9.118454151340748e-08 1.2705064053611772e-06
0.0 0.0012184593644153615 2.0982243277434022e-05 3.593313913064342e-07 8.739869271996541e-07 1.1457123459660882e-07 7.246225519717978e-06 2.0556312934562723e-06 0.0015129722667656105 3.6771962446922965e-07 8.873627482709533e-06 2.790417981527158e-07 1.6810870291078783e-05 5.323255033565739e-07 2.10496539137937e-05 0.0010098201556468565 7.502493296438306e-06 7.293538874574815e-07 3.4495583958892706e-06 9.975922638144556e-08 3.922872924113197e-05 0.0 0.0001307901636216904 0.0022794224288234517 0.00016780559161474763 1.8532114671708183e-05 0.0028988355155577733 6.828393318084969e-05 2.2348148797295063e-06 3.816994011856527e-06 2.6609472539536176e-06 1.0302350271459739e-07 1.1232946432578202e-06 5.677584399349418e-06 1.2041052547088984e-07 2.939426076686236e-05 2.450847507194346e-05 1.552047547601626e-05 7.071942564468778e-06 3.5984027176570124e-05 0.0 3.398540746344127e-06 0.0 0.0 9.853894711468284e-06 5.858366396851888e-05 3.814973518967617e-07 0.0 3.4331100484453585e-07 1.2120823564962726e-05 4.2971298419938375e-07 1.7695900015576276e-05 3.217418270147468e-06 3.732137262644134e-07 0.0 4.634556254999968e-06 7.91684405233636e-07 6.912639530039712e-08 0.0004951866198116998 8.122597691579273e-06 3.133669531368875e-07 2.539953883290987e-06 0.0 4.425134253525073e-05 0.0002164307873302171 0.00017778704055303803 3.41265349556904e-05 4.024846400947744e-06 9.587713538201952e-06 0.000895684062675746 3.82907588444092e-05 8.456235695880833e-07 1.3929453245628935e-05 8.655469979335543e-07 0.0 6.099768047264873e-07 3.254033376653165e-06 1.009837811141761e-07 2.220387595727298e-05 1.153091743140415e-05 9.890024486284992e-06 6.628496563152421e-06 1.5194889032342547e-06 0.0 4.808649007429889e-07 1.420593085582769e-07
0.00010087421628088655 6.942006772973257e-06 0.004385585606744594 1.3129095705019108e-06 0.0 7.399752874497561e-06 0.0008738883706923778 0.0007322179657900708 2.608490974865711e-05 4.529614010452024e-05 3.116960392128449e-05 8.1103458418856e-07 1.0071605665281151e-05 0.0005881850010990664 0.0 0.002289081629617828 0.0013061076299682502 1.074693936988742e-05 0.00015738209508921587 1.0262028393231658e-06 0.0079386888640169 0.0001307901636216904 0.0 0.0003325805623917519 8.368748676640451e-07 0.00034540404379335393 0.0060893543832349 0.0009332335801544082 0.00034770439961257535 0.0035711792917978917 7.956651227003161e-07 1.3248817658309211e-06 4.666843211713291e-05 0.0019114768766052182 0.00010202624040347386 0.004950935029955828 0.003153823064064424 0.003828930601722452 0.0036889696573064222 0.00017099482054124711 6.745385503803493e-06 7.361806883246811e-06 5.538727799993785e-05 1.9049108295842671e-07 8.502696740728459e-06 0.00015487832190064568 6.861262874451327e-07 0.0 6.428474799329562e-07 5.2956230327911785e-05 4.933768758151409e-06 2.5615623754553408e-05 6.637597279142096e-06 3.299295472064189e-07 7.223134360612431e-07 9.562699173963071e-07 4.3553996319377695e-06 1.9170828080716128e-07 0.0009731937838406417 6.17760641264059e-06 6.989643592609036e-07 3.3560238973995e-06 3.0669895056435557e-07 0.0001226114660684093 0.0002686374062210433 0.0008827261329450368 9.403538577961752e-05 1.6149162670553892e-06 1.2971778045877161e-05 0.0014016357296753599 0.00014476655385215495 1.1427268612104453e-05 5.843969671595487e-05 5.860557804473964e-07 0.0 1.8995230175998558e-06 8.0684218668737e-06 1.2118902258579612e-05 8.72666543532893e-05 2.1267144909454033e-05 1.7798935127262085e-05 1.0931981302570529e-05 6.90181026173853e-06 3.594312148522063e-07 2.887579194987366e-07 3.781847440209559e-07
