0.0 5.709135710315473e-07 4.1641754700947044e-05 8.092426849893616e-06 8.352731961091907e-08 3.3797513836829815e-06 0.0006761363280334881 0.00022934458850142972 5.345971120123255e-06 8.640380141252337e-06 2.261008223504752e-06 3.922150374813553e-07 7.774192367145447e-08 0.0018468015179921176 1.6352606568809153e-07 0.0 5.827114205991036e-05 6.952947010223922e-07 7.167283981094228e-06 2.09708720333775e-06 2.8049242101171998e-05 4.826893473555853e-07 0.00013139908393164615 2.636122785233401e-05 5.8631292708219425e-08 5.525861761661459e-06 1.9896421861592084e-05 5.250522835856825e-05 0.0016676941268792232 0.001295680373093043 5.099392981559138e-08 7.251959907495899e-07 4.7541060356776615e-05 0.00010879078701055177 6.908252430206614e-07 3.247590884038615e-05 6.4143759263284295e-06 4.807373597134899e-05 1.617969506832624e-05 3.28510754909338e-06 4.097659600894224e-07 0.0 3.951413825987491e-07 0.0 6.368823976216923e-08 5.27092622897162e-07 4.4023880033464786e-07 0.0 3.716949437435149e-07 1.4775062123179827e-06 5.806312593526506e-07 1.1515130315225586e-06 0.0 0.0 1.5385507722002982e-07 0.0 4.493745887787539e-07 0.0 1.309208560339218e-07 0.0 0.0 5.7461439752329196e-08 2.0863668472218184e-07 1.427330512728687e-07 2.0523795523668194e-07 2.8531641483994045e-07 2.8980026601062378e-06 0.0 5.057826619117626e-08 1.8027603341797794e-06 5.698720861019774e-06 6.403974830991904e-07 1.049644984621408e-06 0.0 0.0 2.2294882627520675e-07 2.88268119797146e-07 0.0 2.326526203863769e-06 2.1623479825746955e-07 8.833653533659887e-07 1.3523058979785789e-07 1.1980875608656202e-06 0.0 0.0 0.0
5.709135710315473e-07 0.0 0.0002705195912682488 0.0 9.138520466322629e-08 1.9177176559339849e-07 5.935321544959551e-06 7.029464435281376e-07 0.00015990212736307567 1.4374809137441446e-07 3.211083422255488e-05 5.384367247112934e-07 0.00021097744352612733 8.514876019785916e-07 1.360618722081556e-06 0.00020846260550639396 0.00021987153336933403 5.168857790326397e-05 9.580768785264919e-05 0.0 3.722605062319326e-06 0.0013175996778693898 2.452057056394897e-05 0.00029424016232758765 0.0005695005055173471 0.001113930639008067 0.007033110282896928 1.9507363462016877e-05 2.609679868582063e-06 1.2958531948643228e-06 3.097456058822494e-05 0.0 1.8831236853058582e-07 3.202473188858433e-05 0.0 4.4486172942370535e-05 8.576910646271278e-05 2.481144884942977e-05 1.3155031796723144e-05 7.1021622169495685e-06 1.2775571966172126e-07 7.751502380924827e-05 0.0 0.0 1.03853153065464e-05 0.00013106421548992212 0.0 0.0 5.897606452714094e-08 2.0210209946900099e-07 1.7479963023396353e-07 3.110266000045254e-06 0.0 4.2027890149577495e-06 0.0 2.860926867837375e-05 1.5824597915546882e-07 0.0 8.845007432172011e-08 4.9075137369604326e-05 2.1061470634621227e-06 2.8761049019340532e-05 0.0 2.8580502971407727e-07 1.1819397819273368e-05 8.028867510484997e-06 1.8327239546810205e-06 1.801537884582437e-05 0.00019901909485358187 0.0008627359889011491 7.889024735379725e-07 3.1863990128927283e-07 2.0751572245088926e-06 3.8535390310171315e-06 0.0 0.0 4.47693911797895e-06 4.953584643034027e-07 2.474238991801651e-05 1.73272802965342e-05 1.6933064767067457e-05 3.247420428792946e-06 1.4214979894059866e-06 0.0 4.713504577601751e-06 0.0
4.1641754700947044e-05 0.0002705195912682488 0.0 1.2307230156741381e-06 5.892479740031748e-08 2.9509018962198123e-05 0.0001322247913429977 0.00014575512463954835 5.7041862871053636e-06 3.3934949413604235e-06 5.322470285871483e-06 6.110232442533446e-07 4.775013075523946e-06 0.0001489602793655639 0.0 1.2959551754142301e-05 0.002468690848242914 3.3623722578269124e-06 7.082735847117251e-05 3.887007888160056e-06 0.00032128851651512264 6.241066316506601e-05 0.004022605972172451 2.476439515258711e-05 4.279838506555658e-06 0.0024722859333345844 0.005653666458045622 3.500767779616683e-05 0.00017388684268016317 0.00018811413480252054 3.2504192089955585e-07 3.526696832607647e-07 1.4402277863784201e-05 0.0002301268328491297 4.1313535526843925e-06 0.0008731405986766421 0.002237390084524557 0.0004924959039328918 0.00026159887688313667 3.547494352252636e-05 2.5908513032713403e-06 1.690468303435366e-05 4.4410645275781545e-06 3.6540039583924345e-07 0.00016666417399244875 0.0006190584766925885 0.0 0.0 7.936528188772899e-08 2.0707499877917654e-06 5.327173978281805e-07 2.201013672565597e-06 0.0 2.620916503903966e-07 0.0 0.0 1.5535253352927495e-06 5.583160184672119e-07 3.391976291023869e-05 0.00015204050239133284 5.767618869025186e-07 1.1641979681303184e-05 4.0510842008494257e-07 6.9465487914613415e-06 0.00016159290225258434 0.0003713192956887548 4.2089363725582115e-06 1.5890690433921502e-07 5.35244070514557e-05 0.0010751317183719056 7.551105761444483e-06 1.824258841194602e-06 1.3650257236570764e-05 5.8864812828558706e-08 6.695839214865618e-08 0.0 1.8729107465291765e-05 2.051650269276048e-06 0.00018623315535319345 0.0001248262723070317 6.064331122046539e-05 1.5970754831952397e-05 9.025504194215469e-06 1.1362187384102439e-07 3.814082003491905e-07 7.536967749811287e-07
8.092426849893616e-06 0.0 1.2307230156741381e-06 0.0 1.8617913571920058e-06 0.00020144986149546324 0.00035434836928564714 3.947538500961472e-05 0.00045618603254394993 0.002525740536152188 7.045950364534349e-07 0.000538569640433641 0.0 3.867977002005604e-05 5.2897577431979265e-05 1.2035183517916968e-07 3.2947948097777357e-07 4.437752466805072e-08 8.493993776690895e-07 0.0017748514916231563 1.048148795782775e-06 9.219278000287757e-07 1.8281514671162717e-06 0.0007659075151549091 7.394221778784499e-08 5.203182922669118e-07 1.2512946163728134e-06 0.0025511133050609945 0.00013003043160438865 1.5874987302026534e-06 8.158012291389008e-08 4.513029793610212e-07 2.8537998550368543e-05 4.4119007581972636e-05 2.7122449096167584e-06 0.00031297372115905465 6.165600308635062e-06 6.986354150776424e-05 5.1889532741098195e-05 0.0002672804793309053 3.3806579875286873e-06 3.400256081120048e-06 5.033136411506951e-06 4.600646788852062e-07 0.0 0.0 0.00012989117668330043 0.0 7.744332766825963e-06 6.43237096000293e-05 1.2460844800365e-05 4.810815801227365e-05 0.00010490419377975602 5.139329202652881e-07 3.9190754337564915e-05 1.2712696351819683e-07 5.752460394956272e-06 8.144875696242754e-07 0.0 0.0 1.8257180069611734e-07 6.631687266470014e-08 0.00013340985670954054 0.0 1.7633619460703348e-07 1.208822750193777e-07 0.00016956967068855683 0.0 1.6794631079344427e-07 5.423683705838578e-07 0.00020092372467366682 4.0927187022190835e-06 2.830070932905101e-06 0.0 3.6957243359795145e-07 1.6509669691834287e-07 3.4123074012959037e-06 8.253880723654489e-08 5.977134281060278e-05 1.7304502546185386e-07 7.216847181114945e-06 1.4366849411568617e-06 5.9212977923348855e-05 1.0421668819399004e-06 5.700717223689136e-07 1.2017514007817837e-07
8.352731961091907e-08 9.138520466322629e-08 5.892479740031748e-08 1.8617913571920058e-06 0.0 0.0003810958815652429 1.8494033048503916e-06 4.481155994270219e-06 3.41760268704831e-05 4.303236420733852e-06 9.102351745575795e-06 0.00010827122456559924 3.971808851502181e-06 3.192193420855859e-06 0.0007906084339193727 0.0 2.1607822314451973e-07 1.5764447180528486e-06 5.991258036647014e-07 5.0021155244768126e-06 5.6258302006685985e-08 7.67764291056331e-07 2.269383242823418e-07 8.228151742802708e-06 9.047566650052915e-07 2.3991292406699084e-06 1.6499188424158783e-07 4.308575363054244e-06 3.106333055940758e-05 3.6682088576458936e-07 5.876021913068364e-08 0.0001363140384843986 0.0 5.8181346537639944e-05 0.0 1.2347520357194563e-05 2.799305630724349e-06 8.03361845332383e-05 6.069221665485477e-05 0.000988854432977039 7.044423096336115e-06 9.471407571499457e-07 1.3278613012506867e-06 0.0 0.0 0.0 5.507272011067565e-07 0.0 0.0 5.025440581253376e-07 0.0 3.5535799833564873e-07 6.243011850528278e-07 0.0 1.3138584725793793e-07 1.3088700294183754e-07 0.0 0.0 0.0 0.0 0.0 0.0 2.3231657070479523e-07 0.0 0.0 0.0 1.361787641770315e-06 0.0 1.2229336449423421e-07 0.0 2.9463036345802034e-07 8.786156336806144e-08 0.0 0.0 0.0 0.0 0.0 0.0 9.216955155749734e-07 0.0 0.0 0.0 3.4581985184097613e-07 0.0 0.0 0.0
3.3797513836829815e-06 1.9177176559339849e-07 2.9509018962198123e-05 0.00020144986149546324 0.0003810958815652429 0.0 0.0022270469029807994 0.001932498034908687 4.224917207212201e-05 0.006752914647673422 2.9989316246834486e-05 0.0029233649893794247 1.2812828725194278e-05 0.0003099627659835849 0.0009571044247753696 2.8278984695059943e-07 5.751056907176819e-06 4.091583951056272e-06 7.160091408623937e-06 0.000527234068780151 4.139886976632413e-05 3.4944823803371896e-07 6.819635897003783e-05 9.447742026026589e-05 2.0344022830932654e-06 1.1954255667914172e-05 7.827287675644689e-06 0.0008228391984949003 0.00026177021406103114 3.985469285839549e-05 3.988453060775102e-07 0.0006577107314115796 1.6738590995005395e-06 0.00031449749652424 7.687936638469477e-07 0.00034441108034619826 1.084376738846315e-05 0.0002602238795307363 0.00014535924898426858 0.0015775757460116135 8.58804773431573e-05 1.117802289266081e-05 9.237323679606164e-06 9.330318749215636e-07 6.767553755293909e-08 4.843850207400731e-07 2.8648481174269246e-05 0.0 3.953159504763351e-06 3.637862001685467e-05 7.254387330090445e-06 1.5040475412062416e-05 2.0392785334678823e-05 1.7564302009080948e-06 1.7211453712047104e-05 3.126952816351675e-07 3.234862498371425e-06 1.3039657054299708e-06 8.561314975133374e-07 5.71094416303692e-08 1.2945417199247134e-07 0.0 3.433522320754999e-05 6.151569867769749e-07 4.4612583897089106e-07 9.381012985578878e-07 4.7706617558458825e-05 0.0 2.98236987321122e-07 1.8485486719921956e-06 7.066667775969889e-05 5.2051834042269355e-06 7.573345548464433e-06 1.247711000933455e-07 0.0 5.789776038441996e-08 1.8413232448692406e-06 5.276775780509128e-08 5.470726308272702e-05 3.667706770356856e-07 8.311917519986332e-06 1.942103112722941e-06 4.661596736823781e-05 4.120808118983281e-07 0.0 5.5191332627894043e-08
0.0006761363280334881 5.935321544959551e-06 0.0001322247913429977 0.00035434836928564714 1.8494033048503916e-06 0.0022270469029807994 0.0 0.003031331917543585 0.0008642214199799874 0.003942489368987417 6.42084409841559e-06 8.087422436394347e-05 1.8040820802716147e-06 0.00448359510945583 2.6704685485148835e-05 1.5523135530951304e-06 1.4135920111171698e-05 2.3115653947304923e-06 7.788202156216865e-06 6.138912122603719e-05 0.0004426038633855006 2.7708071160524874e-05 0.0002957675020745674 0.002212276052671328 6.306442680617062e-07 1.2861920309879858e-05 4.9246565793912484e-05 0.00832444709276281 0.0013405976751083976 0.0029561493688149082 3.1183349807378365e-07 4.711684117538386e-06 0.00015221178250958767 0.00027594666266599456 1.6562930720421605e-05 0.0011117266723531672 3.492255898237357e-05 0.0004238973567173744 0.000285783961732575 0.0001891923615674902 1.8885936687590416e-05 3.790648911920782e-06 1.4917520971184727e-05 5.149395343723602e-06 4.805485576873285e-07 2.359314740550723e-06 5.853084228887683e-05 4.410656333026562e-07 1.6595995061007858e-05 0.0002892169793508074 5.690167251390048e-05 0.0001224478957678079 8.476259988991201e-05 4.496445516771221e-06 2.774005337005179e-05 5.782204504771708e-07 3.0194839382958935e-05 3.0899426223345723e-07 7.959524985780842e-06 3.4201773197590437e-07 9.998318358505735e-07 4.3164514103191306e-07 0.00010141466114588347 2.7961360417815895e-06 3.6831924718653823e-06 1.4149356120832918e-05 0.0003326800698585838 0.0 7.71546796670298e-07 5.021699785902256e-06 0.0005604382128504442 4.70080048190613e-05 5.2853662656608605e-05 4.1894369863038816e-07 1.1045647260865483e-06 2.606510118012035e-06 1.9591729804420126e-05 4.601899202059478e-06 0.000160711129537826 8.783669935899923e-07 5.5440572746715836e-05 1.310944919478223e-05 7.559401457228025e-05 8.031662572550073e-06 8.528277944341716e-08 1.375512476753521e-06
0.00022934458850142972 7.029464435281376e-07 0.00014575512463954835 3.947538500961472e-05 4.481155994270219e-06 0.001932498034908687 0.003031331917543585 0.0 3.211235762212624e-05 0.0014988808802068247 0.00016058385698984915 0.0008052284262764509 3.447861087011557e-05 0.004497576316911136 8.991087474998963e-05 2.3254425138833579e-07 6.944704192104732e-05 2.992193925309478e-05 3.721435115515345e-05 0.0003367766238012235 0.00015894505465198437 1.5259092830878348e-06 0.0004297372331240641 0.00011187251082371582 5.7366981648326275e-08 6.242801223346392e-05 4.838047400033419e-05 0.00028832954507005933 0.00035336546020541855 0.0005529542652420248 1.6595848882177927e-06 0.00012444829947342014 3.421161843589533e-06 0.0004931064293078064 1.298371968148294e-06 0.00018471274204374496 5.168976554564697e-05 0.0006921425554184384 0.0004045217727197591 0.0005988730582414587 6.188507414500671e-05 6.197554395017255e-06 1.828176414024481e-05 8.306142014592943e-07 1.0110164636884866e-06 2.461122250219133e-06 4.147531321301663e-06 0.0 1.1534467245219905e-06 2.631330584688072e-05 6.307445353625672e-06 8.046725305924405e-06 4.557493184068119e-06 1.2776020872876034e-06 3.525839707561245e-06 1.3593392545549001e-06 3.7079655734096843e-06 0.0 1.8135726614252916e-06 7.65929701641427e-07 0.0 1.7449780434442727e-07 6.871905116541828e-06 7.08987466027251e-07 1.10051434152322e-06 2.04944832193489e-06 2.5804274946111813e-05 1.27862497934613e-07 5.096218257040266e-07 4.59049039198632e-06 5.140590395870626e-05 4.788562341583257e-06 6.528419240665274e-06 0.0 1.1794095070383851e-07 4.065250622385407e-07 1.653521905265289e-06 4.074473543568603e-07 1.9998408151874627e-05 8.08503930019275e-07 4.075111324770251e-06 2.298702497115265e-06 7.803997499075426e-06 6.756578950933254e-07 0.0 1.236323577797573e-07
5.345971120123255e-06 0.00015990212736307567 5.7041862871053636e-06 0.00045618603254394993 3.41760268704831e-05 4.224917207212201e-05 0.0008642214199799874 3.211235762212624e-05 0.0 7.495146737351652e-05 1.657087387167874e-06 5.0307664489705005e-05 6.893233362263703e-06 2.2543719382031806e-05 0.00047407171291034475 0.00011003311583387046 8.484078465144417e-06 1.8354882397859e-06 4.894834773262313e-06 0.00023984966793512424 4.313155645745742e-05 0.0013697805151279305 4.461608786678155e-05 0.00226522923169808 2.0184450632259662e-05 7.68631187670286e-05 0.0003994681366681844 0.00157138241347205 5.6377874866209987e-05 9.497298277117513e-05 1.0294084372504105e-06 1.1271045819512076e-06 1.740314636891323e-05 3.455242764950168e-05 2.4554023706750367e-06 0.00018357350121952278 9.261034452038419e-06 5.706303667409975e-05 3.731287197431615e-05 0.0003883319988721525 4.294909592410123e-06 2.69075385831142e-06 3.682048432348412e-06 4.4658886824841845e-06 9.117486867111296e-07 7.933728387379202e-07 0.00015510769367112876 0.0 8.156069203152872e-06 0.00019613098940798177 3.0471970090935713e-05 6.92096173655682e-05 6.252610594735572e-05 1.5677597289158252e-06 2.0523153003137934e-05 5.273898919404821e-07 1.980085636575189e-05 1.625716973348849e-06 0.00018789910909614878 1.3059166456230901e-06 7.738887862189699e-07 2.847073667956119e-07 9.224067975069184e-05 5.651725793686706e-05 1.565688205916946e-05 5.0025750141171594e-05 0.0007984508574725513 4.789654550884855e-07 1.1024213399544287e-06 2.937956769688959e-06 0.0006200771381260788 4.571570227810112e-05 8.328897952038422e-05 2.9460628099500825e-07 3.889955369953148e-07 4.72111978191724e-06 1.1307249884492893e-05 2.203672123092282e-06 6.296978145437021e-05 1.7714870948456257e-06 2.070041876830415e-05 1.061458266412702e-05 3.672184811287925e-05 2.0673918528195823e-06 1.78508538089135e-07 4.4156405008856245e-07
8.640380141252337e-06 1.4374809137441446e-07 3.3934949413604235e-06 0.002525740536152188 4.303236420733852e-06 0.006752914647673422 0.003942489368987417 0.0014988808802068247 7.495146737351652e-05 0.0 1.497249987344394e-05 0.0039306089196244 1.610991316249946e-06 0.0004369154487341831 2.055551254977149e-05 5.990667262911596e-08 3.926550525999778e-06 4.843985197452657e-06 1.1381121572833154e-05 0.005015694721515738 5.126840028992774e-06 7.628593674828975e-07 6.98102552757506e-06 4.749774541669597e-05 2.956573379085236e-07 1.1025508080889319e-05 3.547844916062932e-06 0.0022993272353743414 0.0005283707579790434 5.120982370022925e-06 9.97976485152336e-08 7.045888325732146e-06 3.068775983026102e-05 0.00020812228673248575 6.253825877467001e-06 0.0006583925145526203 1.7926979220065572e-05 0.0003730228163899571 0.0001386880005293195 0.0001753734185362691 2.8477016076212476e-05 1.1785577886848048e-06 1.9965056333729263e-05 3.0873226964494106e-07 0.0 1.216088990808929e-07 7.50610143371597e-05 0.0 3.550792741965692e-06 5.973027915589047e-05 8.741086161085665e-06 1.8456445146491236e-05 6.063470723265882e-05 1.034210096640597e-06 2.5640541184169867e-05 8.578184795218042e-08 4.886975006034394e-06 1.643385294705486e-07 0.0 5.931627428606342e-08 5.144225049030362e-07 0.0 5.19526196387871e-05 8.381440613632139e-08 0.0 3.187291456104197e-07 7.839009456068235e-05 0.0 1.0405467614827793e-07 2.070214026555513e-07 0.00011013847141140673 4.64517341728223e-06 2.834485124808558e-06 8.250643485879173e-08 0.0 7.013816882311645e-08 1.7280721909062864e-06 1.626077381302556e-06 3.096756791479626e-05 1.5066712533405125e-07 5.678592212884983e-06 1.831160987711568e-06 2.274093578635855e-05 1.4253171635547808e-06 0.0 4.1266454181310774e-07
2.261008223504752e-06 3.211083422255488e-05 5.322470285871483e-06 7.045950364534349e-07 9.102351745575795e-06 2.9989316246834486e-05 6.42084409841559e-06 0.00016058385698984915 1.657087387167874e-06 1.497249987344394e-05 0.0 2.5663476674912102e-05 0.0013842274585466035 6.713216385031737e-05 3.5069405325106804e-05 5.537765185065929e-07 0.00040471145982205666 0.0018434999428506452 0.0013235461335154171 1.3371499997790844e-05 3.845798231886422e-06 2.739414255334132e-06 4.195271370947062e-06 4.117514853897393e-06 0.0002043343545507564 0.0013553536898359795 0.00014809519645460963 5.569982108669461e-06 0.0004100919417998955 9.135195605712634e-06 7.353326014136689e-05 0.0001050321407305453 1.4394246432755744e-06 0.003071456585289443 2.570839151900684e-06 0.00019290290104472375 0.0018695610849760365 0.00124864283545793 0.0003414832004162625 0.00010875993431494279 3.0573195612092815e-05 0.0009667998903011712 2.0014659632953923e-05 0.0 6.079122483236994e-06 8.038793463362288e-07 8.09416952031677e-08 0.0 0.0 4.717972440185928e-07 6.74037430526536e-08 2.5321826120986944e-07 3.9546635247038337e-07 6.537914836435301e-05 1.3741391872043708e-07 0.000371130707057512 4.869690080200077e-07 0.0 0.0 6.124979366652619e-07 1.4572840529021544e-05 1.8703657359257386e-06 7.904105341601683e-07 2.6192364145164345e-07 4.244355846639719e-07 3.5621488876182216e-07 1.0794130882655478e-06 0.00014114743579753014 3.8912028712557345e-05 0.00011465175205053774 2.6086008683993312e-06 1.006744347367857e-07 1.6076905381029624e-07 4.6825134133049184e-05 6.797807773072667e-08 0.0 3.3768813734893473e-06 3.957466913180133e-06 8.898211891215337e-06 0.00012564609554732757 1.7741962775650126e-05 5.280513186901391e-06 2.49652737597022e-07 0.0 8.953171239703326e-05 0.0
3.922150374813553e-07 5.384367247112934e-07 6.110232442533446e-07 0.000538569640433641 0.00010827122456559924 0.0029233649893794247 8.087422436394347e-05 0.0008052284262764509 5.0307664489705005e-05 0.0039306089196244 2.5663476674912102e-05 0.0 2.6935451455977112e-06 0.0003236316260599514 0.0010320267379942418 0.0 3.185686395658856e-06 8.153413747944432e-06 1.5630487982107645e-05 0.004278472188710102 4.054959136405865e-07 2.8375345152013544e-06 1.987671345478306e-06 0.00020819189622894104 6.511958061239513e-07 1.6800402278153177e-05 3.085457601191016e-06 0.00018713184890229483 0.00027120892292410844 1.2782950720221317e-06 4.1451820324569935e-07 2.6921019269680722e-05 8.717115580639915e-07 0.00013382685891535234 1.0297098929613643e-06 0.0005688568196388352 2.2682231881296496e-05 0.00025179327626855826 3.862458963637214e-05 0.0010654518156281783 1.6254253054724514e-05 4.525547627434679e-06 9.445757365692849e-06 3.132813421108838e-07 0.0 0.0 0.00011913371287561227 6.724748389494487e-07 1.4449498099278849e-05 1.649704323927158e-05 1.4280146074420675e-05 3.795254288549166e-05 0.00023651408803783842 1.7166964779266986e-06 0.0002215191933142586 2.225676726795158e-07 3.9227202777761985e-06 2.9706719797338256e-06 8.198548410338163e-08 9.925048807340627e-08 2.2166565174894047e-07 5.0365304016638347e-08 0.00012749848985341662 5.294315258863826e-07 2.922609129150461e-07 0.0 8.071027050737199e-05 0.0 2.0836745540306146e-07 2.519116872261452e-07 7.985649031643733e-05 2.648524730220813e-06 3.1889779480170753e-06 0.0 3.6321989278697225e-07 0.0 3.5535676214773356e-06 6.269382955662826e-07 0.00011571631032587547 0.0 8.961760646644757e-06 1.7647485933311626e-06 0.0001178457726702713 6.415971693205829e-07 0.0 0.0
7.774192367145447e-08 0.00021097744352612733 4.775013075523946e-06 0.0 3.971808851502181e-06 1.2812828725194278e-05 1.8040820802716147e-06 3.447861087011557e-05 6.893233362263703e-06 1.610991316249946e-06 0.0013842274585466035 2.6935451455977112e-06 0.0 1.872913920158801e-06 1.4973598334071178e-06 2.6229334193053458e-06 3.779203110058261e-06 2.711431248749758e-05 1.2673951944135222e-05 1.1102925357943675e-06 6.061467853274138e-06 3.13724967513445e-05 5.459738536712706e-06 9.568869445295184e-06 0.0009819923178222766 0.00011928718665325073 0.0014953487762017278 3.439640092223267e-06 1.2176865778179244e-05 5.355890503634144e-07 0.000694049861939897 1.0045572327175457e-05 0.0 0.0004112340732496088 2.2646105543390494e-05 0.0004752693010012403 0.0026507515190527056 0.0019481638577321459 0.0002042412341313795 5.52214859206018e-05 3.8308974897026733e-05 0.0012413676470477025 1.4332233741176236e-05 0.0 9.89546104323169e-06 0.0 0.0 1.3325613961508376e-06 7.613194923577144e-07 2.4722715546781966e-07 3.202503501791957e-07 5.393285161999051e-07 0.0 6.42161880815363e-05 0.0 0.0005754992638908526 1.1406224036861147e-07 0.0 5.528096798275513e-07 0.0 3.439839374474348e-05 3.539836576878748e-06 5.6687563176789674e-08 0.0 7.4498674925883e-07 3.3786094140378054e-06 1.8638612081307238e-07 0.00028452885317408437 0.00011515637220571364 0.0003018354972920055 2.798528787506365e-07 7.377401750326104e-07 5.600852009761871e-08 0.00011478164158904003 0.0 0.0 4.978507369718733e-06 1.6218831036316974e-05 6.115186417897367e-05 0.00014768197597234435 3.2761428535405864e-05 1.1592635178618143e-05 3.4612623457672864e-06 2.223723664592415e-06 9.121077544619535e-05 6.288680521596582e-07
0.0018468015179921176 8.514876019785916e-07 0.0001489602793655639 3.867977002005604e-05 3.192193420855859e-06 0.0003099627659835849 0.00448359510945583 0.004497576316911136 2.2543719382031806e-05 0.0004369154487341831 6.713216385031737e-05 0.0003236316260599514 1.872913920158801e-06 0.0 1.3873644150950447e-05 2.746485250208892e-07 0.00011613083777837196 1.5931787832236457e-05 3.608328905132536e-05 0.00021604574258077229 0.00013075645359911478 8.934867657487672e-07 0.00047569611884149796 9.835283443675759e-05 8.230598576310827e-08 4.077948938602731e-05 5.210599774872389e-05 0.0002542127666816508 0.00347832615446588 0.0013130408516931003 8.275800926640488e-07 5.672600219235713e-05 1.4330744507523936e-05 0.00035037375778602584 2.064979294719955e-06 0.00018530968039959863 3.634287060416646e-05 0.0003524062196242709 8.457273729689733e-05 0.0002189989571210247 6.064116116069122e-06 7.827931609110104e-07 6.697684737583171e-06 1.1078800454739168e-06 5.552533068592183e-07 1.7675650579748646e-06 4.386690882943141e-06 0.0 6.175541381482633e-07 1.5278166488300463e-05 4.145583540660955e-06 6.238927805782831e-06 3.1750488318077864e-06 1.109443148001724e-07 2.3188764321679438e-06 2.7826406966645754e-07 2.034083939939641e-06 0.0 9.454046769483236e-07 7.213633389721129e-07 1.0077329848730199e-07 0.0 6.742096881769386e-06 1.3579190930978747e-06 1.5433555442188502e-06 1.3018366832696199e-06 1.8171834099120105e-05 4.918773987590403e-08 1.9006907445718641e-07 3.303357441858694e-06 3.728063715961674e-05 3.4960365412273982e-06 7.080685905008368e-06 0.0 0.0 2.804351670544564e-07 1.0144675499814265e-06 1.508070215556446e-07 1.3604910735572695e-05 6.123803554342924e-07 5.506782212664719e-06 1.196431918905901e-06 3.9360870614355484e-06 1.1766722710389629e-07 0.0 1.9262625246567522e-07
1.6352606568809153e-07 1.360618722081556e-06 0.0 5.2897577431979265e-05 0.0007906084339193727 0.0009571044247753696 2.6704685485148835e-05 8.991087474998963e-05 0.00047407171291034475 2.055551254977149e-05 3.5069405325106804e-05 0.0010320267379942418 1.4973598334071178e-06 1.3873644150950447e-05 0.0 2.408409805436361e-07 4.106790603085668e-07 3.3520356960876884e-06 2.2974583268985442e-06 6.567488790276204e-05 1.6112363796855283e-07 1.5014623834320555e-05 2.1357385554257972e-07 0.0002566473917939624 1.5728265039504581e-06 5.944086841993906e-06 4.715724830534516e-06 0.00010028835182744507 0.0001239251773703605 1.1075316292207788e-06 1.3166595774187885e-07 0.00044342357432091377 8.124990693394604e-07 4.138087144900919e-05 0.0 0.00015606513453785513 4.8464632145960425e-06 3.195390570897553e-05 9.708528387630734e-06 0.0009297126412971428 3.1108171187910263e-05 5.87424146878842e-06 7.803830741444561e-07 0.0 0.0 0.0 6.075286041039381e-06 0.0 9.965158438852158e-08 3.455104362477363e-06 1.1759383111849698e-06 1.7251358457533747e-06 4.475484399569153e-06 0.0 4.465024805588984e-06 1.4824585500327086e-07 1.1466227378238198e-06 4.16443502054733e-07 4.317833688429925e-07 0.0 0.0 0.0 7.397611113033296e-06 4.566805167090062e-07 0.0 0.0 6.464611803399449e-06 0.0 0.0 7.271192144730467e-08 5.364679518166712e-06 5.8558148548532e-07 5.802353559652599e-07 0.0 0.0 2.1503467407831712e-07 4.951191516703104e-07 0.0 2.054551076242256e-05 0.0 1.5542595141256232e-06 2.0805725617825837e-07 1.5509755108036002e-05 0.0 0.0 5.907713996434476e-07
0.0 0.00020846260550639396 1.2959551754142301e-05 1.2035183517916968e-07 0.0 2.8278984695059943e-07 1.5523135530951304e-06 2.3254425138833579e-07 0.00011003311583387046 5.990667262911596e-08 5.537765185065929e-07 0.0 2.6229334193053458e-06 2.746485250208892e-07 2.408409805436361e-07 0.0 8.366856385606983e-06 3.09332469899763e-07 1.136809663345365e-06 2.5991639761746136e-07 0.0009301220549723524 0.002985117888253098 0.002809449055995531 0.001039401941775343 5.428922822465518e-06 4.1860047280235915e-05 0.0017506605365521385 0.000893957062189749 1.0302980076675259e-06 3.7171840107396258e-06 7.73761298800574e-08 7.921516143795492e-08 3.2714508165418396e-06 0.00010148835349834177 1.6282967593625585e-05 0.0008708776374326449 0.00014386753016672608 0.0002968127370591668 0.0002413086162973787 3.306446951789189e-05 7.823998644150478e-07 6.470495724193545e-06 5.894015511909823e-06 3.6010906995491793e-06 8.333602435379603e-07 5.8521609524071606e-06 2.5870127338503224e-07 0.0 3.593134242718196e-07 6.385173067131953e-06 3.5407673205390773e-06 1.5226725531349688e-05 3.0591661418033766e-06 1.0250567377482662e-06 1.844855979001706e-06 1.6128561456054156e-07 5.654245458006167e-06 7.627292731730738e-07 0.001207366784287371 3.144752801366775e-06 2.3161850774576546e-07 5.224812196571753e-07 1.5782872949830885e-06 0.00035837836450126995 0.0004570546195757964 0.0008418672676111928 0.0001863840663740757 1.5571989093415054e-07 8.354953345415555e-07 7.448908567910252e-05 0.0001991782237242986 4.173885015008364e-05 0.00014892847702633173 6.589298690472103e-08 0.0 6.78953587716511e-06 1.2186773201272265e-05 2.183619043526206e-06 0.00019428567578397613 2.201464294604062e-06 1.03290344445013e-05 9.742096384854668e-06 2.965099219064714e-05 2.022610833496303e-07 4.828168139188498e-07 1.0921034618060698e-07
5.827114205991036e-05 0.00021987153336933403 0.002468690848242914 3.2947948097777357e-07 2.1607822314451973e-07 5.751056907176819e-06 1.4135920111171698e-05 6.944704192104732e-05 8.484078465144417e-06 3.926550525999778e-06 0.00040471145982205666 3.185686395658856e-06 3.779203110058261e-06 0.00011613083777837196 4.106790603085668e-07 8.366856385606983e-06 0.0 0.0001353377764194367 0.0011907201084884838 3.3251687654173133e-06 0.0002640913917422485 2.273499135440063e-05 0.0022602369272147066 1.3813680622019283e-05 4.80699562394675e-06 0.0017589851854025364 0.004118568224182003 5.966717600162662e-06 0.00030158870937688816 0.000793289891399514 2.689095661598102e-06 2.1825378926580456e-06 3.2747777246043626e-05 0.0017910873535124552 6.192086007503004e-06 0.0009273686240196846 0.001516305411359721 0.001099846268509081 0.00039836878421817067 2.5844006453235497e-05 1.9396127389141864e-06 1.0496382432001749e-05 4.315855401945725e-06 2.3048826389823264e-07 6.998142946557915e-05 0.0001393397314207641 0.0 0.0 0.0 9.29397284327222e-07 1.5031583107277684e-07 1.208543948369333e-06 1.0858611038681871e-07 9.200818914912912e-08 0.0 4.0184228752503765e-07 3.586242299574279e-07 0.0 3.4820701881809516e-06 4.878725646181855e-05 3.989033198393494e-07 1.3850194547329021e-05 0.0 9.48368118130738e-07 1.5223912221044611e-05 3.417906770505822e-05 9.4865043925861e-07 8.235551148645783e-07 5.017398384284703e-05 0.0002812258985751581 1.5463640168437918e-06 4.26303896826389e-07 2.3443539157760983e-06 3.860670959372129e-07 0.0 0.0 5.561685473362251e-06 1.182533407601977e-06 3.697894780080522e-05 5.204185876700625e-05 1.5897845214286757e-05 3.039841959508141e-06 2.046297513037978e-06 0.0 2.0927515414316707e-07 7.346323798442609e-08
6.952947010223922e-07 5.168857790326397e-05 3.3623722578269124e-06 4.437752466805072e-08 1.5764447180528486e-06 4.091583951056272e-06 2.3115653947304923e-06 2.992193925309478e-05 1.8354882397859e-06 4.843985197452657e-06 0.0018434999428506452 8.153413747944432e-06 2.711431248749758e-05 1.5931787832236457e-05 3.3520356960876884e-06 3.09332469899763e-07 0.0001353377764194367 0.0 0.0014326598914384703 4.1922206171500485e-06 7.74699154060719e-07 7.773417364392812e-06 1.1178404823110142e-06 2.583364321517629e-06 5.463084905219739e-05 0.0009024005679664714 0.0001869529574144618 5.560031750074623e-06 7.510180773022389e-05 2.117180861775794e-06 6.645325672574816e-05 1.6543586199159452e-05 1.9000925672647906e-07 0.000616452039244282 2.0033398839240273e-06 0.00019788365483535143 0.0003882190661978396 0.0003409559586687481 0.00021074594727116193 1.7352435010487084e-05 1.1445504729036399e-06 1.022324618555339e-05 3.696661591654631e-06 0.0 9.962163417786983e-06 5.304876245279197e-07 0.0 0.0 0.0 3.076362073578124e-07 7.311945157046441e-08 0.0 3.565386281807024e-07 2.822393079774813e-07 7.394442843177595e-08 6.905753172111873e-06 0.0 0.0 0.0 2.64748552423573e-07 2.935531839282614e-06 4.1661001620194125e-06 7.138743811946996e-08 0.0 0.0 8.336679766434722e-08 4.255326375698432e-07 2.1528731824989668e-05 4.4333906395297295e-05 6.640354820717168e-05 3.9820973812668433e-07 0.0 9.625036271481655e-08 3.7214218047277135e-06 0.0 0.0 2.9512491683083016e-07 1.3174350024878363e-06 1.1698031851190873e-06 5.935306325927394e-06 8.027524288821576e-07 1.5773500236666234e-07 5.260077598156081e-08 0.0 1.0301655984381134e-07 0.0
7.167283981094228e-06 9.580768785264919e-05 7.082735847117251e-05 8.493993776690895e-07 5.991258036647014e-07 7.160091408623937e-06 7.788202156216865e-06 3.721435115515345e-05 4.894834773262313e-06 1.1381121572833154e-05 0.0013235461335154171 1.5630487982107645e-05 1.2673951944135222e-05 3.608328905132536e-05 2.2974583268985442e-06 1.136809663345365e-06 0.0011907201084884838 0.0014326598914384703 0.0 1.0043907000614087e-05 8.991236017236666e-06 1.498730552039942e-05 3.3620436195376605e-05 8.705545138084439e-06 3.96244849760979e-05 0.002940282361781059 0.0005409612161438328 5.49072454874932e-06 0.00011820221592272221 3.5532259164054906e-05 2.1960552566228176e-05 1.6050239097578684e-05 4.999556724981856e-06 0.0024663026401072485 4.810496574858925e-06 0.000982919822263593 0.0007851917694824691 0.0012499175321673283 0.0004766019507918657 3.655068465301584e-05 1.3348904711593747e-06 6.170009782065035e-06 5.113120897888012e-06 0.0 2.5912343301792107e-05 6.733715407787543e-06 7.038154299305364e-08 0.0 7.752638067440278e-08 5.091984665361159e-07 5.7904491378087113e-08 4.756121454723362e-07 2.1693504579151606e-07 9.462172293650895e-07 0.0 5.7897544742361035e-06 5.289601164956707e-08 0.0 3.37221896381168e-07 4.465054586716658e-06 4.019580819926223e-06 1.8184432506744832e-05 5.297076165437414e-07 0.0 6.650044526665683e-07 5.42052404915216e-07 6.112111124909963e-07 1.0802463268871731e-05 0.00010743759174027979 0.00015305561277988532 2.0544037149263698e-06 3.048480066309723e-07 3.7512227604176294e-07 5.243287658438551e-06 0.0 0.0 6.503645831507782e-07 1.3915756151409195e-06 7.130152154736874e-06 1.88978680542641e-05 3.14011462013804e-06 4.2725357173226856e-07 3.2588715330726317e-07 0.0 1.6783618005817611e-07 0.0
2.09708720333775e-06 0.0 3.887007888160056e-06 0.0017748514916231563 5.0021155244768126e-06 0.000527234068780151 6.138912122603719e-05 0.0003367766238012235 0.00023984966793512424 0.005015694721515738 1.3371499997790844e-05 0.004278472188710102 1.1102925357943675e-06 0.00021604574258077229 6.567488790276204e-05 2.5991639761746136e-07 3.3251687654173133e-06 4.1922206171500485e-06 1.0043907000614087e-05 0.0 7.074017461094138e-07 2.24528805818119e-07 1.962189388444461e-06 0.00013323366864371824 6.61815656147767e-07 1.0981664330275615e-05 2.508983702798333e-06 0.0009978736442813334 0.0003349559426213282 1.778890557011766e-06 1.4696750322614636e-07 7.568995746779245e-06 1.4300940819811804e-05 0.0001729736916527048 4.121508111041968e-06 0.000933969298407495 1.7314802301224538e-05 0.0003442140042291269 0.00011782790858179595 0.00048576907596614667 2.7528643057125854e-05 2.1971886068421763e-06 1.9745390517029065e-05 2.931426292896669e-06 1.7738183961394427e-07 0.0 0.00020193080660826083 2.6909300998133033e-07 1.492179748793809e-05 0.0001928636961818064 4.29265702601535e-05 7.440911776212342e-05 0.00017500727475666336 1.5626298253983704e-06 9.689687574101326e-05 7.860654613760337e-08 1.4929940728539894e-05 2.0875295625089777e-06 4.799739049685012e-07 1.2666969912037336e-07 6.804656441818878e-07 3.158981136574172e-07 0.00024918822741746725 2.898823226107253e-07 1.960456181037193e-07 1.3307249558430197e-07 0.00027476936707678754 0.0 1.143915434151774e-06 4.142096724314102e-07 0.0003806135986479023 1.5390209891988708e-05 1.2466530237659553e-05 1.274484714380147e-07 6.606521796483097e-07 4.229006000671073e-07 7.034166255943653e-06 1.184311922782265e-06 0.00014494923746543424 4.96703787121313e-07 2.3816783596059052e-05 6.001734710979819e-06 0.00012166237353568146 3.2647934675575304e-06 4.963308452336204e-07 1.0610244254557379e-06
2.8049242101171998e-05 3.722605062319326e-06 0.00032128851651512264 1.048148795782775e-06 5.6258302006685985e-08 4.139886976632413e-05 0.0004426038633855006 0.00015894505465198437 4.313155645745742e-05 5.126840028992774e-06 3.845798231886422e-06 4.054959136405865e-07 6.061467853274138e-06 0.00013075645359911478 1.6112363796855283e-07 0.0009301220549723524 0.0002640913917422485 7.74699154060719e-07 8.991236017236666e-06 7.074017461094138e-07 0.0 0.000129808785155002 0.009224444256254452 0.00033520267874533353 3.3713056498274384e-06 1.4639849017802778e-05 0.000122105194691382 0.0017099613793388156 0.00012376764709239144 0.004711248046563074 0.0 7.796039889998435e-07 2.289206218861061e-05 0.0036879180302709894 0.00011712169900884685 0.004278169167013399 0.0004888264167130412 0.00350795035321934 0.0019323790067825892 0.00019618420343953046 5.1877344215012704e-06 1.3090179939689383e-05 2.603765592101423e-05 4.8405870988348825e-06 4.167808963709132e-07 3.89010150707282e-06 1.967240011179807e-06 0.0 1.4645076416452746e-06 1.170883298444459e-05 6.142558198640314e-06 1.6415281765348607e-05 2.460791863227111e-06 7.464648931949981e-07 2.036003623504539e-06 0.0 1.0882469163045197e-05 4.6579245209654587e-07 0.00027793371364430593 2.806146864616208e-06 2.0189026868534284e-07 7.69798724768107e-07 5.700085605178823e-06 0.00024909737740240045 7.070911549645535e-05 9.891151052949639e-05 0.00020440059418644186 0.0 5.872548908032297e-07 1.0842535460208576e-05 0.00028059789233002183 4.866933601692268e-05 0.00016620466977957917 2.130405898320637e-07 7.790877515041351e-08 7.2743073330629085e-06 1.3638964824199862e-05 1.61354754691409e-05 0.0002950441605586005 5.642060513789493e-06 1.3803059353846536e-05 8.978133561940548e-06 3.5734308004732024e-05 1.343572884687668e-06 1.9814471315047624e-06 9.33567549399759e-08
4.826893473555853e-07 0.0013175996778693898 6.241066316506601e-05 9.219278000287757e-07 7.67764291056331e-07 3.4944823803371896e-07 2.7708071160524874e-05 1.5259092830878348e-06 0.0013697805151279305 7.628593674828975e-07 2.739414255334132e-06 2.8375345152013544e-06 3.13724967513445e-05 8.934867657487672e-07 1.5014623834320555e-05 0.002985117888253098 2.273499135440063e-05 7.773417364392812e-06 1.498730552039942e-05 2.24528805818119e-07 0.000129808785155002 0.0 0.0006545896623283259 0.0026010903331469474 0.00012961416881726153 0.0002426817543183577 0.004200612765924759 0.0002943433463280679 5.607352981756978e-06 7.502752435376861e-06 6.23143262796247e-06 0.0 6.808889814519105e-06 8.226236037354129e-06 2.9050308602513145e-07 3.977433406411562e-05 1.4804087653800694e-05 1.2708931546998513e-05 9.441788342210991e-06 6.936289016751887e-05 0.0 7.565298575149282e-06 3.9804591846245607e-07 7.1249656608203e-07 1.3947445106505588e-06 4.502521024794279e-05 9.09527943682776e-08 9.23668452717963e-08 4.898847847995523e-07 6.984258487441542e-07 4.110342857621147e-07 1.0054245981548558e-05 1.6146981229506267e-07 6.171567905430214e-07 9.235475972313598e-08 3.2217515837126266e-06 5.771615963513944e-07 0.0 0.0006159179412523949 5.0179643763888275e-06 1.2518874495524595e-07 7.098245336510054e-07 1.048036777658113e-07 7.169361092746947e-05 3.539789873376059e-05 0.0003561323182808548 7.882167677135521e-05 1.3865611812723775e-06 2.422695226352249e-06 0.0003208088216883091 3.699038833674705e-05 7.500708747200515e-06 3.403152745735777e-05 5.825395977260536e-07 0.0 1.1935268251674284e-06 4.854466637182993e-06 7.313423160210467e-07 2.953560612388734e-05 4.912107305934782e-06 6.311986386438452e-06 3.726658611648848e-06 5.580046013027336e-06 0.0 3.434293845393092e-07 1.7190497970255158e-07
0.00013139908393164615 2.452057056394897e-05 0.004022605972172451 1.8281514671162717e-06 2.269383242823418e-07 6.819635897003783e-05 0.0002957675020745674 0.0004297372331240641 4.461608786678155e-05 6.98102552757506e-06 4.195271370947062e-06 1.987671345478306e-06 5.459738536712706e-06 0.00047569611884149796 2.1357385554257972e-07 0.002809449055995531 0.0022602369272147066 1.1178404823110142e-06 3.3620436195376605e-05 1.962189388444461e-06 0.009224444256254452 0.0006545896623283259 0.0 0.0002690578235477011 1.1910655599083594e-06 0.0002550535307601403 0.006849935088425782 0.001073231791253612 0.0004448136699412256 0.0026746964732343413 5.392110913824214e-07 1.7527936968554452e-06 2.8574486333771033e-05 0.0027446882805834956 9.432383765533793e-05 0.0068974952062590055 0.003386404486479112 0.00460104154272025 0.003011510197417598 0.00034009573063947937 1.4932928497233115e-05 1.391204411528431e-05 3.953383517550652e-05 3.000369770302369e-06 7.380272401815031e-06 0.00012302985720915308 6.345954499786322e-07 0.0 9.063191627342875e-07 5.101938027094921e-06 2.4526095557503696e-06 3.353051288850217e-06 9.149893186590859e-07 8.132140249549439e-07 1.859099230841854e-06 1.417834806426463e-07 2.93710591160955e-06 1.668271827309605e-07 0.001552455355574798 1.823341084545989e-05 1.1798858382401131e-07 7.056639140767525e-07 2.1432392077181566e-06 0.0002199553085469681 0.0004971844805752398 0.001818986975165629 5.879104788981553e-05 0.0 3.6839618958703625e-06 0.000586011217715491 7.902104230740277e-05 2.2118658346762645e-05 7.57796246580117e-05 0.0 7.092450112589907e-08 3.963521204756615e-06 1.5338091813237742e-05 2.5859455647836465e-05 0.0005371824754285347 2.4133524814900767e-05 2.2959827971531e-05 1.698289629442286e-05 4.315917531467751e-05 4.5213474456761135e-07 0.0 7.81957016126821e-07
