0.0 0.0 0.00020304038292712765 5.3644130043423055e-06 0.0 3.407665842410218e-05 0.0014149847864320308 0.0008785229706573341 1.2051902199889132e-06 9.505670989043958e-05 6.825682149058916e-06 8.658420473395382e-06 1.4553415106145502e-07 0.003939859050351512 1.2945890138076645e-06 4.584024090818028e-06 0.00016462259962198722 2.780982721323751e-06 3.466889979345611e-06 6.4812163018207966e-06 0.00011883767499917739 1.9637515475002655e-06 0.00014228225529987272 7.091832092669704e-05 1.0793167003852504e-07 4.742720658713312e-05 3.556645675241009e-05 0.00014956002131454746 0.0033292691366403897 0.003122275897048562 4.57097218895764e-08 4.656377273012704e-06 0.00012249468022046064 0.00016794745154782612 3.1921460007517124e-06 6.915543356315395e-05 9.165776549257524e-06 0.00011153094563588172 2.856723003553519e-05 8.680247100112153e-06 2.203414275808771e-06 5.739071366405963e-07 5.934009746559903e-07 4.513558075626397e-08 1.2319533656136798e-07 8.575109310913532e-07 3.486530079002178e-07 0.0 5.501348664227527e-08 1.2908649020573362e-06 8.497455814642513e-08 3.189693915699006e-06 5.7950135567210133e-08 0.0 0.0 0.0 0.0 0.0 3.238282289663568e-06 2.8156975252516773e-07 0.0 0.0 0.0 0.0 1.1165199805756318e-06 4.0239600462776144e-07 7.239269708269034e-06 0.0 2.2450500912536097e-07 1.084193322941461e-06 3.2113547297463134e-06 2.746410475485684e-07 1.445073920495628e-06 0.0 0.0 1.418539521663258e-07 4.4649237652167426e-07 0.0 2.4406764156092495e-06 0.0 4.947739427591981e-07 3.2570462035322215e-07 0.0 0.0 0.0 0.0
0.0 0.0 6.2574029881746225e-06 0.0 8.601440653954434e-08 3.485116238743053e-07 4.876681044640148e-06 6.377198078048259e-07 0.00010803278994226514 6.499722293885222e-07 7.713035717237844e-05 9.629951216532247e-08 0.0004453403302155796 3.539916103018334e-07 5.060703087982409e-07 0.00012671484437850713 3.14506735084435e-05 9.158944375245957e-06 2.3163852029868654e-05 0.0 1.5385062802082453e-05 0.001016125148571183 7.465879102931848e-06 0.0002589623645543296 0.0004880030187474182 0.0005706892068449113 0.004127388134051877 9.652087552727604e-06 1.3665629995967634e-06 3.5832260811532116e-06 5.755067268454285e-05 2.0628151307355073e-07 2.195432907960603e-07 4.07987180924596e-05 1.0975587905555105e-07 1.2669693126487304e-05 5.984741796159643e-05 3.51229457633314e-05 5.808475512346536e-06 5.821605389234448e-07 1.4834395335390602e-07 6.050916378538286e-05 7.430249345242656e-08 0.0 0.0002259134660817472 2.72332388629424e-05 0.0 0.0 0.0 2.1499306756243134e-07 0.0 8.294692107375185e-08 0.0 7.5183104840981804e-06 0.0 4.019476491262982e-05 0.0 0.0 2.1962220077938585e-06 3.839035634566893e-06 2.2051882768878886e-06 1.5123748883710177e-06 0.0 7.352004664820618e-08 6.6022801348310965e-06 1.9556696253703685e-07 7.153046499706339e-07 1.9010632597196685e-05 0.00013833697100161787 0.0004601826677738082 2.3196203333300477e-07 1.1252557226908733e-07 0.0 1.2577352801355738e-05 0.0 0.0 2.1026841469812949e-07 7.764771663101785e-08 1.7650747186525095e-06 4.06262145232376e-05 3.933768248624353e-06 1.4775903803619925e-06 0.0 0.0 1.2896623933087231e-06 0.0
0.00020304038292712765 6.2574029881746225e-06 0.0 8.055682058396398e-06 0.0 3.0868378994983085e-05 0.00048660315203512484 0.00035332636485352776 1.46986728271914e-06 7.667039607504574e-05 7.057017793026648e-06 2.7696104611184896e-06 2.3430906352551721e-07 0.00038183522480370784 8.837009282872826e-07 2.6037266018553704e-05 0.0019389273939201118 7.1249184188357325e-06 2.7833191536800922e-05 3.3283192874626424e-06 0.0013418522451020005 1.822360767379239e-05 0.004732719488788908 0.00011377981695688266 1.0038209522898763e-07 0.0048595647216310624 0.005152258567491886 0.0002464937203455117 0.0002147025540842717 0.001230875948751598 2.568282018391018e-07 1.7094901763742472e-06 1.4966438217408794e-05 0.0004281495471713173 9.9171689802627e-06 0.00041817114542996224 0.0005787900875160255 0.0005933692763993798 0.00018009899591777716 2.230277417796261e-05 4.204931317861168e-06 2.433987381946898e-07 2.554269932671691e-06 0.0 0.00010202931921266078 0.00018530812399577523 1.0568643978095428e-07 0.0 5.3004787316524134e-08 1.3683242911950207e-06 0.0 1.057328687601901e-06 0.0 3.8255928744096473e-07 0.0 8.010556223325425e-08 5.719558948589972e-08 0.0 2.103424246826174e-05 4.54124856950052e-06 0.0 9.092253600857773e-07 0.0 1.4102106977033406e-06 2.652568479134717e-05 2.740877612749707e-05 5.539446538192183e-06 1.1731416866495729e-07 5.9682710468114104e-05 0.0007031372612855626 2.8702901099688497e-06 0.0 0.0 2.0361093281120682e-07 0.0 0.0 4.5008558491449764e-07 2.88452104884414e-06 7.338849235337694e-06 4.341993604361199e-05 4.5896209920606645e-06 7.426516537782931e-07 9.263564039524888e-08 1.8251269345828399e-07 0.0 0.0
5.3644130043423055e-06 0.0 8.055682058396398e-06 0.0 0.0 3.232469565399929e-05 0.00018200143617314756 2.581487969372834e-05 8.458663680393927e-05 0.0018659969844385634 3.010146807546602e-07 0.0005260376976462725 0.0 1.8586651670301524e-05 4.1109227337676245e-06 1.6400145151441688e-07 4.951524590667568e-07 4.0241278992411355e-07 7.154479382709979e-08 0.0028153877513761643 5.489326301906088e-06 7.644701145462299e-07 2.514202743022312e-06 0.0011853809846323739 0.0 1.9831582399032795e-06 1.061008366281704e-06 0.0013933592393781296 3.2502891137736535e-05 1.894922449490362e-06 0.0 4.684248217174693e-07 2.624370952381627e-06 1.8991413948316256e-05 1.7270120713788901e-06 8.811123781547934e-05 4.885221333743873e-06 3.963290450252388e-05 2.312500959891147e-05 1.3918569717103786e-05 5.655475841817981e-06 7.871699298470201e-07 0.0 0.0 4.803289710717937e-07 0.0 1.9343352416676573e-06 0.0 2.099372327353789e-06 7.910901680252192e-06 1.0099402594902622e-07 6.050075745411195e-05 3.1044527973103697e-06 0.0 4.8345841370567925e-06 0.0 1.335428727989124e-07 4.2158967839991644e-07 1.3895096308204556e-06 0.0 0.0 0.0 5.822940571981722e-06 9.98229735234887e-08 1.2538116825117948e-05 0.0 9.975197245490247e-05 0.0 5.466698362227437e-07 5.838381283529721e-07 2.6473813701177664e-05 3.3924194992963686e-07 0.0 0.0 0.0 5.8729718800827366e-08 4.292014308724834e-07 1.2210458247363677e-06 4.7326059305271725e-06 5.246109452943492e-07 1.6287015356230102e-06 1.2230829259098838e-06 1.2245889397341064e-06 0.0 0.0 0.0
0.0 8.601440653954434e-08 0.0 0.0 0.0 3.3349813849481156e-05 7.545192353360157e-07 1.1451434147752385e-05 1.8080689022212732e-05 2.2418779231918014e-06 2.638479059827681e-05 1.9895791693816033e-06 1.1533508009102797e-06 2.156835689326789e-06 0.0002758855646011177 0.0 1.7334772120010173e-07 2.5451673289812448e-06 1.4761066164813568e-06 4.85312600488826e-08 2.0456717448794956e-07 0.0 2.2807930363435062e-07 8.03955035294401e-07 8.32341682272619e-07 2.7490994064629766e-06 4.011395080280438e-07 0.0 2.159079707339471e-06 2.1479505642784164e-07 4.144220895909853e-07 9.155837482276045e-06 0.0 0.00018749625589162727 1.5099245071428197e-07 1.8441464603087646e-05 4.534882556147439e-06 0.0001446541635256188 3.533262392453896e-05 0.00034409686506480224 0.00016143220655359393 3.5150735207887716e-06 3.4250091281642613e-07 0.0 0.0 0.0 0.0 0.0 0.0 0.0 0.0 2.129123351181581e-07 0.0 0.0 0.0 0.0 0.0 0.0 0.0 0.0 0.0 0.0 0.0 0.0 0.0 0.0 9.006726574034883e-08 0.0 0.0 0.0 0.0 0.0 0.0 0.0 0.0 0.0 2.3084315516385654e-07 0.0 2.0707343829646743e-07 3.665615111856824e-07 1.226298911374538e-07 0.0 5.170943779086307e-07 0.0 0.0 0.0
3.407665842410218e-05 3.485116238743053e-07 3.0868378994983085e-05 3.232469565399929e-05 3.3349813849481156e-05 0.0 0.0014444144353081092 0.003741416933765181 5.840071296798941e-05 0.004090176698973201 0.00011696137850149669 0.0023353845148394916 1.2649466395756976e-05 0.0006381556217666858 0.0002124024350700352 1.6897753399112464e-06 8.300185216115005e-06 2.520360496044354e-05 1.3452915524032919e-05 0.00026173313693546974 2.9857288202936968e-05 2.123189717899103e-06 1.3085274604226232e-05 9.027273859062931e-05 3.5306356811386685e-06 3.30235923116805e-05 1.0947177342989729e-05 0.00025623934859637297 0.0007636300475971602 2.145163247935496e-05 4.200274524461234e-06 0.00040888118824199756 6.158336302737894e-06 0.00042245071754350687 1.670154297317043e-05 0.0004838294487083379 6.575091801947818e-05 0.0007612547056161775 0.00016048510688088677 0.0007130459997874952 0.00023073323013845804 3.165927056675079e-05 8.394084299654989e-06 5.113097171141635e-08 1.1925091123406915e-07 0.0 3.2059211594119536e-07 0.0 1.1139095400685713e-06 3.886542547684854e-06 3.4349933488815316e-07 5.451485471584005e-06 1.3617457770400974e-06 9.54897488065952e-07 1.4839186279914368e-06 1.0729020158771502e-07 1.5243177675177491e-07 0.0 1.3153720313085936e-06 9.762523081175339e-08 0.0 0.0 7.408393333518877e-07 2.986183160132732e-07 1.0173709102126511e-06 4.2470083331740685e-07 3.913506199091468e-05 0.0 0.0 8.046504152344328e-07 1.425337436870653e-05 8.222314024047805e-07 6.833263457003358e-07 0.0 0.0 5.6290510270599756e-08 3.9530700651403354e-07 5.123455087822617e-07 5.098899716951932e-06 1.4423822643536447e-06 3.0743918349183467e-06 1.1914225304753288e-06 5.149416552993944e-07 9.614957894937432e-07 2.5796235047575303e-06 0.0
0.0014149847864320308 4.876681044640148e-06 0.00048660315203512484 0.00018200143617314756 7.545192353360157e-07 0.0014444144353081092 0.0 0.0021189992774965334 5.956055460290906e-05 0.006947513443906315 8.971411930813786e-06 2.939436172790721e-05 5.373395261705536e-07 0.0030159580371361566 7.499095703424374e-06 4.130635387235302e-05 3.745198287461431e-05 4.961507832998217e-06 3.13988659370426e-06 3.4228116269469806e-05 0.0007099924041520482 3.6603847991956604e-05 0.00028644400117657567 0.0009461174714742703 2.158800270574781e-06 7.456923958570982e-05 0.0001263371561248871 0.010673613919420531 0.0007135670616138389 0.0038464859350964423 5.353347022103521e-07 9.83886993018015e-06 7.743719677095765e-05 0.00029270030807105793 1.9528907701626875e-05 0.0005573665895677339 3.530689398382351e-05 0.00043908521169812504 0.00018538433628321105 5.981681450052626e-05 2.9858659824620168e-05 1.7528984298659157e-06 5.649008333977489e-06 5.530053000501076e-07 1.8886496644508829e-07 3.0668098683526704e-06 2.099076587327132e-06 0.0 5.040993479922068e-06 3.343686447245177e-05 1.91967369336292e-06 4.124202424556042e-05 9.270719386569487e-06 4.86200689185214e-08 3.0300922115556407e-06 0.0 3.5044309938255445e-06 3.2701050400060864e-07 3.1722081451147834e-05 2.261498378754031e-06 9.043071012129966e-08 0.0 1.8437905852994408e-06 4.763073076091397e-06 1.239212910356343e-05 1.8811622529865225e-06 0.00025983298663455714 0.0 3.7280901519209136e-06 6.065177058457861e-06 9.672383867269066e-05 5.00744546169948e-06 9.98614051704702e-06 0.0 5.685978810650452e-08 4.4485524934476925e-07 5.0024131802179e-06 2.889813519123339e-06 3.311362050399997e-05 2.1972578949143094e-06 1.02572619308768e-05 7.049502340047155e-06 2.958045333576839e-06 7.114046505549341e-07 5.3351556171329365e-08 2.4748882381333524e-07
0.0008785229706573341 6.377198078048259e-07 0.00035332636485352776 2.581487969372834e-05 1.1451434147752385e-05 0.003741416933765181 0.0021189992774965334 0.0 6.052483794952428e-06 0.0012494960824586824 8.736396983055378e-05 0.0003243237007445679 8.453910539297485e-06 0.0036477127947763415 6.088041438865857e-05 3.053683527974454e-06 0.00011366665485343575 1.930091171596553e-05 1.1958818594440273e-05 7.83430272535506e-05 0.00020518198509378478 3.3273801174393114e-06 0.0001401772723595457 0.00010490921607462894 1.883818061997172e-06 9.377479911355061e-05 4.481425189371907e-05 0.00028679969792147 0.0009080958050840897 0.00058882485713417 2.60151955397096e-06 0.0004627898059205692 1.8914364856347204e-05 0.00035559974991146914 8.942547652190509e-06 0.00029707973857810813 4.268577619391449e-05 0.00047094102985716595 0.00010767913681794014 0.00028845599906362243 0.00012311453854958195 1.5982411619259992e-05 3.5826023477496707e-06 1.2779485616293012e-07 1.1485800779675907e-07 1.234795535799182e-06 3.0557553738046224e-07 0.0 2.8161816595883157e-07 2.863300609002037e-06 3.655602255433522e-07 3.223586683959124e-06 1.4057114985252415e-06 1.3655849900108193e-07 4.93011018925697e-07 2.918342070342796e-07 2.0043125264918325e-07 0.0 4.015895849649751e-06 2.2505162179994188e-07 6.16599533276112e-08 0.0 1.0247660622047963e-07 4.0392115664884825e-07 2.1624358598125307e-06 2.0641051692922227e-07 2.688164616834609e-05 0.0 3.2421993535737543e-07 1.5448055174811706e-06 1.3177179308679798e-05 2.1510990601565722e-07 1.2943697358887293e-06 6.349835610959344e-08 0.0 6.051163288004495e-08 7.305130495808365e-07 2.805070910195769e-07 6.833733898699896e-06 7.72767959444839e-07 1.2392064129146443e-06 1.5877565184052382e-06 0.0 0.0 1.032965185506862e-06 0.0
1.2051902199889132e-06 0.00010803278994226514 1.46986728271914e-06 8.458663680393927e-05 1.8080689022212732e-05 5.840071296798941e-05 5.956055460290906e-05 6.052483794952428e-06 0.0 4.6894750572792383e-05 4.5474242651786995e-06 0.0005884739911803845 1.2808871620776025e-05 4.260897461944315e-06 0.0008511255352788344 1.4054647479872016e-05 1.066816799484795e-06 1.0914903928678305e-06 7.298683309773917e-07 0.00015598595839037407 2.4559031468439297e-06 0.0011222217576718912 2.99408101194426e-06 0.0047773325886239166 4.922069644767766e-05 4.054225019461902e-05 9.487987762380585e-05 0.0002330461160934852 1.0248632789949875e-05 2.2883474038157094e-05 1.8370855108690943e-06 1.5554106080313788e-07 2.224059598517248e-06 4.997172822151061e-06 5.151573585276939e-07 0.00014227883773812808 8.409603535081544e-06 7.742263635442141e-06 6.265786262929558e-06 0.0002075935739152173 6.069866222137155e-07 1.0293721918818342e-06 6.662373438226965e-07 1.2344390403495611e-06 2.014702954244394e-05 6.76369039380552e-06 9.680944235729857e-06 5.350595035301547e-08 1.0713950265298758e-05 5.586565683760491e-05 3.9110740793302685e-06 0.00016547615089594197 2.667172220539689e-05 7.476374261006604e-07 3.940350927365456e-05 1.3412203377149214e-06 3.6728981741503267e-06 4.388953513927193e-06 4.775305508043237e-05 1.1464830756696745e-06 4.5255931856096385e-08 8.866378206157189e-08 1.0598478160013538e-05 7.447374499699162e-06 4.568114087774349e-05 4.048332878840202e-06 0.0009990825711435653 0.0 5.114903578294745e-06 5.646627203431711e-06 0.00021950813759856358 6.483734754894848e-06 1.0780379194790988e-05 4.95834742943897e-08 3.0695123010653567e-07 1.1003387878505999e-06 7.923349344852227e-06 1.194904040524159e-06 5.500441475515216e-05 2.092449922232517e-06 1.3385705044988588e-05 9.75224850394415e-06 3.370502049665298e-05 1.683124950134184e-06 0.0 1.7748126150264983e-07
9.505670989043958e-05 6.499722293885222e-07 7.667039607504574e-05 0.0018659969844385634 2.2418779231918014e-06 0.004090176698973201 0.006947513443906315 0.0012494960824586824 4.6894750572792383e-05 0.0 2.4504779772711958e-05 0.0019599973292925674 1.6287886669175374e-06 0.0006804341733721996 4.491014197017324e-05 2.841129005548394e-06 9.021076969144192e-06 8.731303330244521e-06 7.086393922963694e-06 0.001923699999740201 6.393152255009324e-05 4.223193190531678e-06 2.238696297233553e-05 0.0005744164428748557 1.0676710455492715e-06 2.0133981613787763e-05 1.6839427780236224e-05 0.0020150435838734793 0.0006664331028974122 4.191404740037845e-05 9.697262903706928e-07 2.5064452534192542e-05 1.4307709418201511e-05 0.00034162993232454296 3.529260743440711e-05 0.0007149753883302616 3.803299059489803e-05 0.0006345294788613237 0.00017782323435872917 0.00015558089456405697 7.940315779703654e-05 4.017037693655136e-06 1.0018690318420443e-05 2.760729617108169e-07 2.696450761422365e-07 2.913447798646435e-07 1.9802353003226067e-06 0.0 4.456104802967156e-06 1.1470373794176334e-05 1.5644084909448679e-06 1.6506126782398264e-05 1.052216309664243e-05 1.9278033607600065e-07 5.45613518146479e-05 0.0 6.984771779961794e-07 5.153235458476473e-07 5.199518090164002e-06 1.223866976313642e-07 0.0 0.0 2.6095956344168266e-06 4.908729339348606e-07 1.9590796177433854e-06 9.360088275165911e-07 0.0001316455721325593 0.0 5.294321100332122e-08 7.762717337551091e-07 4.817800629004546e-05 1.2116809609322325e-06 1.315999582806272e-06 0.0 0.0 5.400911597988194e-07 2.2946712071835775e-06 8.172263677974895e-07 6.5483062436332015e-06 2.1023356504388924e-07 4.097380531348567e-06 2.4016415908884807e-06 1.8307828874239309e-06 2.377409860767363e-07 3.223489165062234e-07 0.0
6.825682149058916e-06 7.713035717237844e-05 7.057017793026648e-06 3.010146807546602e-07 2.638479059827681e-05 0.00011696137850149669 8.971411930813786e-06 8.736396983055378e-05 4.5474242651786995e-06 2.4504779772711958e-05 0.0 1.5223453460520765e-05 0.0021743988436923405 9.676294397465659e-05 9.019208782841628e-06 1.5325453833473167e-06 0.00037265908931642916 0.002344411713263514 0.0008912328239750855 3.5943282111982434e-06 3.21621662161808e-06 2.4295180073338934e-05 1.500487995847671e-05 6.598497150455475e-06 0.0008697337324066279 0.0015663427521584632 0.000472820099446164 3.6447893221563193e-06 0.0003338652610749307 1.0296970212518323e-05 0.0002930465257410209 0.00024013796599422327 6.903328538902224e-07 0.003049416326414326 3.35991065175519e-06 0.0002676593989171123 0.0028770796604335644 0.0021310406060025375 0.00047681460703880273 6.421976673684328e-05 5.3672367441101434e-05 0.0008282055354669735 3.1565264326012523e-06 0.0 5.361858126650182e-06 0.0 0.0 3.648488716519725e-07 2.411393046269275e-07 5.17866482450356e-08 3.794133019597048e-07 0.0 4.767676103566949e-08 0.00011791465017587593 1.2303361163893787e-07 0.00039920118266800725 2.474782620104273e-07 0.0 0.0 5.658001248595981e-08 9.237730361191723e-06 6.813538084986844e-07 0.0 0.0 1.1051769717440814e-06 0.0 2.582764860799649e-07 5.877894714941341e-05 8.881705618147968e-05 0.00010206276105923066 2.5921856740007516e-07 4.31483873230042e-07 0.0 7.052011285589547e-05 4.5365894399042364e-07 0.0 2.663649132877486e-06 1.3934069551839508e-06 4.156476047430858e-06 0.0001870085745932617 3.093371996093714e-06 8.823960612074604e-07 1.0799193865448582e-07 6.891613814743298e-07 2.3662774556221297e-05 0.0
8.658420473395382e-06 9.629951216532247e-08 2.7696104611184896e-06 0.0005260376976462725 1.9895791693816033e-06 0.0023353845148394916 2.939436172790721e-05 0.0003243237007445679 0.0005884739911803845 0.0019599973292925674 1.5223453460520765e-05 0.0 1.7016411365099597e-06 0.00017984200419412507 0.000538204337622174 0.0 2.3597223296801074e-06 6.082503660333678e-06 4.064083409636992e-06 0.0022922560671551737 9.763441189636885e-07 2.838288014199457e-06 1.0888553686071426e-06 0.0002692930944816863 1.5834041106288741e-07 6.021061696318232e-06 2.197800329162119e-06 3.5125011633844245e-05 0.00022068696299798484 3.1766163228376905e-06 6.10288507637537e-07 1.716800166253916e-05 2.3085501989138886e-07 0.00013714907796031682 1.2782758553404349e-05 0.0002769182006812278 1.156068434410251e-05 0.00020254267922233083 2.9261466217741933e-05 0.00042631633185248027 2.4187446939422938e-05 1.5900951631085015e-06 2.3587758098255623e-06 0.0 0.0 0.0 7.174622883760724e-07 0.0 1.6966631387817795e-06 5.0283860519454644e-06 3.044306770807081e-07 9.185595266994037e-05 9.10684409443061e-06 0.0 2.024875653269717e-05 0.0 2.458765572018831e-07 8.15998090731543e-06 4.333637261965047e-07 5.791365845034377e-08 0.0 0.0 8.414142394712498e-06 8.559971379003249e-08 0.0 7.287649256347356e-08 9.056607081735322e-05 0.0 6.116897982984936e-08 5.847904183022826e-08 2.272079890186632e-05 3.2725523428958855e-07 0.0 0.0 0.0 0.0 7.323886787806598e-08 6.025368244011386e-08 1.1031978292395722e-06 2.760430326253964e-07 5.144110022583084e-07 2.302475658867265e-07 2.590372651999549e-05 0.0 2.2351393211223096e-07 0.0
1.4553415106145502e-07 0.0004453403302155796 2.3430906352551721e-07 0.0 1.1533508009102797e-06 1.2649466395756976e-05 5.373395261705536e-07 8.453910539297485e-06 1.2808871620776025e-05 1.6287886669175374e-06 0.0021743988436923405 1.7016411365099597e-06 0.0 5.564387574751699e-06 4.454554394253349e-07 2.7686850075983485e-06 5.643501558846968e-07 4.663568341191533e-05 5.549329507825544e-07 4.1250595518498074e-07 5.427096851202159e-07 9.501928467875485e-05 6.845912564250093e-07 1.944042090016012e-05 0.0027176457027766198 0.00034019616267354127 0.0013741691764300994 1.0918169091195455e-06 2.3020853112404985e-05 2.1964637695146464e-07 0.00022883859605052744 1.529953028674924e-05 4.895519258620718e-08 0.0007474734736400664 2.1307148569061604e-06 6.357002068180625e-05 0.0010018839684219876 0.00041913028997265573 6.027485267440436e-05 1.168636993711272e-05 2.0761292225521037e-05 0.0007558969648482698 1.5676064597778099e-06 0.0 1.3746464713956185e-05 9.821309322087256e-08 0.0 4.9637686458524865e-08 3.4230621865111845e-07 0.0 3.1300859350215766e-07 0.0 9.643240570439669e-08 0.0001795480043211424 5.5757356377853644e-08 0.0006391813871553734 1.1399917524669991e-07 0.0 0.0 1.927586922548585e-07 1.5951275701099256e-05 7.263986283846818e-07 0.0 0.0 9.696417840158856e-07 1.2255582488380347e-07 1.5198654402178064e-07 0.00012278077524497432 0.00014997544993011503 0.0001749275253347659 1.0057129611135497e-07 1.1885170944699685e-06 0.0 0.00012232206753488086 6.249793144749124e-07 0.0 2.72302229599284e-06 5.282426018951375e-07 1.0709982377782986e-06 0.0002599813692556594 5.783056283359383e-06 5.481515812861044e-07 2.2166665703399662e-07 2.3332606178148807e-07 2.9786343608735668e-05 0.0
0.003939859050351512 3.539916103018334e-07 0.00038183522480370784 1.8586651670301524e-05 2.156835689326789e-06 0.0006381556217666858 0.0030159580371361566 0.0036477127947763415 4.260897461944315e-06 0.0006804341733721996 9.676294397465659e-05 0.00017984200419412507 5.564387574751699e-06 0.0 5.129406983526616e-05 3.464167907311205e-06 0.00019251086045642146 3.0192598940531325e-05 2.117371886695923e-05 5.39129497955639e-05 0.00021102030549064463 1.8735443295193054e-06 0.00017713698251055246 9.105702531055147e-05 1.2464881341025814e-06 0.00011006308313655555 6.317421845893734e-05 0.0002793908418349416 0.004668701544625376 0.0014071916966925358 2.9026671425825475e-06 0.0003610664587376608 2.6926462551659846e-05 0.0006922966444634176 6.2386646173557496e-06 0.00030374759178560846 4.208538838379866e-05 0.0004983186302986656 7.492950519806861e-05 0.0001800768190477399 5.092143293450791e-05 1.0129854315366535e-05 3.1265370976552493e-06 8.667394412086016e-08 9.039461004122942e-08 7.660237352317301e-07 1.5705588487958268e-07 0.0 5.704765074687662e-07 1.7527316602866066e-06 0.0 2.3466304523740998e-06 2.224969636482309e-07 4.598554816899761e-07 8.990922527876141e-08 1.6305971382277903e-07 2.84148961022183e-07 0.0 2.846201892461126e-06 0.0 0.0 0.0 2.0807929610652735e-07 7.359900435770843e-07 1.6457176071300054e-06 6.143782615592541e-08 1.4998095517800788e-05 0.0 7.682258496612526e-07 1.59788161247833e-06 5.241539502094716e-06 5.953723807472532e-07 1.412332035578766e-06 0.0 0.0 5.4881571489823834e-08 5.738736519550101e-07 4.5566233139270595e-07 3.4335709035927444e-06 1.9758434802695086e-07 1.2580037064712948e-06 6.25417183055839e-07 3.682390767521215e-07 5.523517902849114e-07 2.8676494253836026e-07 2.6477656226345053e-07
1.2945890138076645e-06 5.060703087982409e-07 8.837009282872826e-07 4.1109227337676245e-06 0.0002758855646011177 0.0002124024350700352 7.499095703424374e-06 6.088041438865857e-05 0.0008511255352788344 4.491014197017324e-05 9.019208782841628e-06 0.000538204337622174 4.454554394253349e-07 5.129406983526616e-05 0.0 0.0 8.56854142537816e-07 1.8360248204546019e-06 1.0488794934516804e-06 2.8097739388066607e-05 3.512700584827536e-07 4.899217245061911e-06 4.4366406124527396e-07 0.00014725693346723882 1.3093365885459383e-07 2.8235297535702158e-06 1.467341580038845e-06 5.359111418363353e-06 7.609306773276687e-05 1.1533113695430742e-06 1.8149876992435854e-07 6.932915671039162e-06 0.0 3.454042085891179e-05 5.055082567054914e-07 0.0003715962525173638 2.123403389901321e-05 6.109415566064969e-05 8.783293222799423e-06 0.0006050665652886987 1.5874531903937444e-05 4.065185411830052e-06 1.1358181269486247e-06 0.0 0.0 0.0 2.8811520198486016e-07 0.0 6.84592187085455e-07 1.7254165852911722e-06 0.0 6.027227902123432e-05 1.4508263756660453e-06 0.0 5.518352718283224e-06 0.0 0.0 7.626773236713381e-07 2.3222692793164853e-07 0.0 0.0 0.0 1.30774108336775e-06 0.0 2.9551894946143246e-07 0.0 5.309444133084551e-05 0.0 0.0 9.970713254735625e-08 9.193713128844045e-06 0.0 1.470589642266871e-07 0.0 0.0 1.0776792152620198e-07 1.5972741966546092e-07 1.599954326924915e-06 4.0559578705541904e-06 5.885599462823768e-07 6.251830384328553e-08 5.137717292116275e-07 1.0576703612100797e-05 0.0 1.2754953406935895e-07 0.0
4.584024090818028e-06 0.00012671484437850713 2.6037266018553704e-05 1.6400145151441688e-07 0.0 1.6897753399112464e-06 4.130635387235302e-05 3.053683527974454e-06 1.4054647479872016e-05 2.841129005548394e-06 1.5325453833473167e-06 0.0 2.7686850075983485e-06 3.464167907311205e-06 0.0 0.0 2.8631367554921246e-05 6.068874138101696e-07 2.0909099894145e-06 0.0 0.0022329706640837727 0.001899120845099676 0.0021147625963419962 0.0011603990768737171 1.3626796876387535e-05 4.6867957684214284e-05 0.0019150784302442911 0.000756179176465373 3.3585032793475344e-05 2.7444080659927624e-05 7.470124088629652e-07 1.5661272346565803e-07 7.338967395806016e-06 0.00010744456743914264 7.32855068667972e-05 0.0021398956106885186 0.0006195653886405625 0.00042693315110991505 0.0004868073636352784 7.679642773294963e-05 3.1495286105755283e-06 2.7090690375589366e-06 2.0907700839455424e-05 1.2724972586339818e-06 2.085171219247995e-05 3.2366665423820484e-05 1.838703647800283e-07 0.0 0.0 1.2706342959614596e-06 2.6067536121824723e-07 9.57142184744867e-06 1.6284215404620522e-07 1.4016135285422027e-07 0.0 1.6110793750800068e-07 1.4218951252852859e-06 0.0 0.0017011029605157255 1.2236344877889905e-06 0.0 0.0 0.0 9.112912780861662e-05 0.0007161305770161247 0.00031769343814859024 3.9864285994643274e-05 0.0 4.546404967677276e-06 0.00032963247139591406 6.275173226817085e-05 3.300425670980402e-06 5.516079539576567e-06 0.0 0.0 2.46830746653027e-07 1.7434694268528887e-06 7.011375591745585e-06 2.362983358155825e-05 5.776737146657075e-06 2.9453015232776435e-06 2.5516928718526277e-06 7.201651458517311e-07 9.921884603334371e-08 8.822794661577357e-08 0.0
0.00016462259962198722 3.14506735084435e-05 0.0019389273939201118 4.951524590667568e-07 1.7334772120010173e-07 8.300185216115005e-06 3.745198287461431e-05 0.00011366665485343575 1.066816799484795e-06 9.021076969144192e-06 0.00037265908931642916 2.3597223296801074e-06 5.643501558846968e-07 0.00019251086045642146 8.56854142537816e-07 2.8631367554921246e-05 0.0 0.00010593555657806382 0.0005480598651334573 6.092686588987719e-07 0.0003520230568805149 2.814238923565931e-05 0.0027509308540113867 2.4035104119491948e-05 4.1940624399596156e-07 0.0009751947249587307 0.004486504592434999 1.9417122009184993e-05 0.00034077202666217554 0.0013831555669184153 3.2713119395629573e-07 4.686756659683178e-06 3.288073569458534e-05 0.0020893171132184384 1.0172242471943313e-05 0.0003972804043546705 0.0009424600002331208 0.0015011981900263647 0.0005053440071780829 1.9234003011922908e-05 4.90559679355871e-06 1.9064430999242784e-06 2.303235340285191e-06 0.0 5.091369926551691e-05 1.424274158742859e-05 0.0 0.0 0.0 1.0900098934576819e-07 0.0 3.7412680699783105e-07 0.0 3.2101445919683517e-07 0.0 9.168617631286196e-07 0.0 0.0 2.593075499929972e-06 2.6383933374098906e-06 7.711197597949356e-08 2.3634965395981376e-06 0.0 3.5053655010014094e-07 2.622697519902092e-06 1.3829021802845878e-06 3.7587273553980246e-07 1.040784112539949e-07 6.537166017599392e-05 0.0002301407881163256 4.879117871634158e-07 6.835751088512482e-08 0.0 7.026876147146575e-07 0.0 0.0 1.0761816632889295e-07 1.246394552615271e-06 3.750895790473343e-06 2.6900266261767514e-05 1.4705173848353186e-06 6.897704104428239e-07 0.0 0.0 0.0 0.0
2.780982721323751e-06 9.158944375245957e-06 7.1249184188357325e-06 4.0241278992411355e-07 2.5451673289812448e-06 2.520360496044354e-05 4.961507832998217e-06 1.930091171596553e-05 1.0914903928678305e-06 8.731303330244521e-06 0.002344411713263514 6.082503660333678e-06 4.663568341191533e-05 3.0192598940531325e-05 1.8360248204546019e-06 6.068874138101696e-07 0.00010593555657806382 0.0 0.0007066104801997944 9.286438766490735e-07 2.076122195827105e-06 3.0523823549007098e-06 7.016144338824557e-06 1.3375957684513756e-06 1.697962409967382e-05 0.001005657156913929 0.00020157381719574912 1.7037257085251494e-06 6.898644469037774e-05 4.611031522878331e-06 4.965759067007077e-05 3.2707413125080366e-05 3.160709818122766e-07 0.0005563854393511854 4.8837291509656646e-06 0.00032417320738796035 0.0005659271838974315 0.0008922983424746125 0.00028753651386653517 1.7774719941937968e-05 3.379553688957935e-06 1.4878634575594526e-05 1.247677685194215e-06 0.0 2.1606678435959735e-06 0.0 0.0 0.0 0.0 0.0 0.0 7.924473234269933e-08 0.0 8.124298307203374e-06 0.0 2.4113571800474707e-05 5.159266997237872e-08 0.0 9.798198398272828e-08 0.0 2.4705509929633316e-06 0.0 0.0 0.0 1.3663907987785434e-07 0.0 0.0 7.599108118847419e-06 3.3681408939562624e-05 3.981679742269503e-05 0.0 0.0 0.0 1.532124847481989e-05 0.0 0.0 0.0 7.704332998773322e-07 1.2005374904729271e-06 7.215721689037734e-06 4.3834310798380906e-07 4.239882480906678e-07 0.0 0.0 1.3913594640217624e-07 0.0
3.466889979345611e-06 2.3163852029868654e-05 2.7833191536800922e-05 7.154479382709979e-08 1.4761066164813568e-06 1.3452915524032919e-05 3.13988659370426e-06 1.1958818594440273e-05 7.298683309773917e-07 7.086393922963694e-06 0.0008912328239750855 4.064083409636992e-06 5.549329507825544e-07 2.117371886695923e-05 1.0488794934516804e-06 2.0909099894145e-06 0.0005480598651334573 0.0007066104801997944 0.0 7.453651589639779e-07 4.1821979916253945e-06 3.2365560338516405e-06 2.1079147202273834e-05 1.6480705267327252e-06 1.6716713502059409e-06 0.002569128571158076 0.0005640566404514983 2.003261887210157e-06 4.7836307613692433e-05 1.5616385571914007e-05 1.0534272683324437e-06 1.2658103573772055e-05 8.051524182516346e-07 0.001352067320144747 3.981808320407678e-06 0.0002498864456908526 0.00023608425981127835 0.0007602793972125199 0.00024214410037683162 1.1444590266509669e-05 2.233905496842842e-06 8.317147798509439e-07 7.48687903113335e-07 0.0 2.1271439528647643e-05 1.057837114562489e-06 0.0 0.0 0.0 0.0 0.0 0.0 0.0 9.531642976405469e-07 0.0 2.3039547455825833e-06 0.0 0.0 1.3150301782499902e-07 0.0 2.455081874794949e-07 1.775494097103869e-07 0.0 0.0 5.136537882837194e-08 0.0 1.4258627693975587e-07 9.144596903364968e-07 3.9107897959723326e-05 7.765563943407454e-05 0.0 0.0 0.0 2.426511143180507e-06 0.0 0.0 0.0 1.7371374995352194e-06 7.53151269477953e-07 5.922058639420305e-06 2.0706204128546696e-07 2.117156966892815e-07 0.0 0.0 0.0 0.0
6.4812163018207966e-06 0.0 3.3283192874626424e-06 0.0028153877513761643 4.85312600488826e-08 0.00026173313693546974 3.4228116269469806e-05 7.83430272535506e-05 0.00015598595839037407 0.001923699999740201 3.5943282111982434e-06 0.0022922560671551737 4.1250595518498074e-07 5.39129497955639e-05 2.8097739388066607e-05 0.0 6.092686588987719e-07 9.286438766490735e-07 7.453651589639779e-07 0.0 2.0201454517601093e-06 0.0 7.159329125883461e-07 0.00031184217204299964 0.0 1.857820165048845e-06 9.226836932944867e-07 0.001115376844684686 7.666200293529006e-05 2.016379369609974e-06 1.289039027396743e-07 4.35969500753898e-06 1.0596885131823922e-06 4.0496960615808334e-05 3.1833613297600982e-06 0.0001236583377994536 7.281206260671229e-06 8.479958284805605e-05 3.051974609650743e-05 5.383140261643668e-05 1.2169020457371276e-05 6.062558580862642e-07 8.28986699090889e-07 0.0 0.0 0.0 1.6592835771850688e-06 0.0 6.566798953502647e-07 1.3297632394579241e-06 2.430115548134389e-07 1.2554497093271314e-05 3.5496471459133456e-06 1.9670502185660853e-07 5.1533063318489e-06 5.451104931686553e-08 1.1942465838041483e-07 0.0 4.469445725008519e-08 0.0 0.0 0.0 7.158895963103556e-07 0.0 0.0 0.0 2.9178277057685626e-05 0.0 0.0 1.3223942318653854e-07 9.894037138065013e-06 4.390446732363437e-07 0.0 0.0 0.0 0.0 0.0 0.0 1.3925923647997101e-06 0.0 3.097041332511022e-07 2.2947422523702417e-07 1.0973084381229131e-06 2.0963117955919452e-07 6.268544091415563e-08 0.0
0.00011883767499917739 1.5385062802082453e-05 0.0013418522451020005 5.489326301906088e-06 2.0456717448794956e-07 2.9857288202936968e-05 0.0007099924041520482 0.00020518198509378478 2.4559031468439297e-06 6.393152255009324e-05 3.21621662161808e-06 9.763441189636885e-07 5.427096851202159e-07 0.00021102030549064463 3.512700584827536e-07 0.0022329706640837727 0.0003520230568805149 2.076122195827105e-06 4.1821979916253945e-06 2.0201454517601093e-06 0.0 0.00012936846820320183 0.007882212133103795 0.0005218240399931255 3.2864800057812147e-06 5.262417874587682e-05 0.00042675705871356325 0.002489961808993921 0.00014484079993255984 0.009749803457946501 2.532672658869758e-07 1.2763394115371892e-06 2.403560979265214e-05 0.0020189360318077086 0.0001556061302763494 0.003308863057631549 0.00023175492173763 0.0025362487273989176 0.0013360416365373888 0.0001431657439564438 5.884304451199438e-06 2.1051185447129094e-06 3.583466645424226e-05 5.015223573306236e-07 6.700862881608509e-07 3.433433681289442e-06 0.0 0.0 1.7229077251786412e-07 7.301577806939573e-07 1.3504146997527273e-07 3.347331224726468e-06 3.872022330907235e-07 0.0 0.0 0.0 3.589175483164478e-07 0.0 8.803404037623522e-05 4.840056859560224e-07 0.0 0.0 0.0 1.6085404264766244e-05 4.583682311734998e-05 5.9101408546972925e-06 1.3977672268024525e-05 0.0 2.1035884148515902e-07 6.668784996670489e-06 1.904369807513694e-05 1.291616742064427e-06 2.297412570138614e-06 0.0 0.0 1.3004348452428328e-07 4.2522131591023404e-07 1.8124249410051617e-05 7.237900625618432e-06 1.5632834417810697e-06 2.4228052055582735e-06 1.9818661801429798e-06 1.7645469053189385e-07 0.0 0.0 0.0
1.9637515475002655e-06 0.001016125148571183 1.822360767379239e-05 7.644701145462299e-07 0.0 2.123189717899103e-06 3.6603847991956604e-05 3.3273801174393114e-06 0.0011222217576718912 4.223193190531678e-06 2.4295180073338934e-05 2.838288014199457e-06 9.501928467875485e-05 1.8735443295193054e-06 4.899217245061911e-06 0.001899120845099676 2.814238923565931e-05 3.0523823549007098e-06 3.2365560338516405e-06 0.0 0.00012936846820320183 0.0 0.0001616945852286509 0.004264531294348091 0.0005014404014388368 0.00024070773664585626 0.0018492312788086303 0.00014866679986353073 1.4521983008877282e-05 3.0186432892699774e-05 1.924201495315988e-05 8.283371935519199e-08 2.329898838425586e-06 1.5439487013620772e-05 6.063709497614221e-07 4.152307581112186e-05 3.309108565422901e-05 2.614443691901747e-05 8.024634061398417e-06 5.988985400661894e-06 9.871444907111785e-07 1.2629721990541185e-05 3.045870662165811e-07 1.7916650907449358e-06 8.956233897938045e-05 1.3349640191609337e-05 2.1559056875020063e-06 0.0 4.1740667946043446e-07 5.693826297027687e-06 3.022761504219919e-07 1.5729949474883798e-05 5.214487281403871e-07 1.6758343232416716e-06 0.0 4.728851679696246e-06 9.871526614326328e-07 0.0 0.0009455514449173377 1.3337604356188213e-06 6.804830253139747e-08 1.3013161568221267e-07 6.116511400953512e-08 8.460681477283486e-05 0.00012620820611866074 0.00013241499890407382 5.372812160937068e-05 1.2446256105108852e-06 9.607533696794132e-06 0.00016218561183610226 6.0228922481441434e-05 3.1678058892558836e-06 1.032634355286034e-05 2.892439785630599e-07 0.0 7.774907891691903e-07 1.3616726557647465e-06 6.050382965015138e-07 1.6206806514550427e-05 5.1684581663944554e-06 3.9849683851110705e-06 2.1321201541796527e-06 6.622215105897905e-08 0.0 1.341447991577871e-06 6.97718236333993e-08
0.00014228225529987272 7.465879102931848e-06 0.004732719488788908 2.514202743022312e-06 2.2807930363435062e-07 1.3085274604226232e-05 0.00028644400117657567 0.0001401772723595457 2.99408101194426e-06 2.238696297233553e-05 1.500487995847671e-05 1.0888553686071426e-06 6.845912564250093e-07 0.00017713698251055246 4.4366406124527396e-07 0.0021147625963419962 0.0027509308540113867 7.016144338824557e-06 2.1079147202273834e-05 7.159329125883461e-07 0.007882212133103795 0.0001616945852286509 0.0 0.0005717124040426898 1.3399119723063452e-06 0.0010843753565094448 0.0038801544034745426 0.0013419476044442794 0.00016146608515433844 0.0031992772766337566 3.6261510044943204e-07 2.5443267898747225e-06 1.833291231616492e-05 0.002553839943377093 0.00026802190333101276 0.005581705294900573 0.002303537318686314 0.005493300330936052 0.003457946286000299 0.00034916316411382164 2.1751478615694666e-05 7.0724751824871045e-06 6.694482417723644e-05 1.00781811504245e-06 4.4209075208009235e-06 1.4498091571168788e-05 0.0 0.0 0.0 6.85902117912627e-07 0.0 1.0754029486717285e-06 1.0068651664719007e-07 0.0 0.0 0.0 0.0 0.0 0.0002680726867654779 4.0007264661890164e-07 0.0 1.49155221996247e-07 7.684661843693565e-08 7.609560037006065e-06 9.087248042694327e-05 8.40836299191092e-05 6.943710258374035e-06 0.0 2.113168542803199e-06 0.0001232848909234324 7.781523789761051e-06 7.436534310002435e-07 5.782438281869666e-07 0.0 0.0 0.0 3.2303886997996226e-07 3.318661703744313e-05 5.91635515894339e-05 2.46953392427436e-06 2.9677582023437556e-06 7.750673765716718e-06 9.687136530572302e-07 0.0 2.759391136482083e-07 6.728033966728783e-07
7.091832092669704e-05 0.0002589623645543296 0.00011377981695688266 0.0011853809846323739 8.03955035294401e-07 9.027273859062931e-05 0.0009461174714742703 0.00010490921607462894 0.0047773325886239166 0.0005744164428748557 6.598497150455475e-06 0.0002692930944816863 1.944042090016012e-05 9.105702531055147e-05 0.00014725693346723882 0.0011603990768737171 2.4035104119491948e-05 1.3375957684513756e-06 1.6480705267327252e-06 0.00031184217204299964 0.0005218240399931255 0.004264531294348091 0.0005717124040426898 0.0 6.89217958709152e-05 8.904171988014264e-05 0.001169678400827005 0.008241428113313038 0.0005254386924253153 0.0003067214016432972 3.455160541206402e-06 1.7687745735735206e-06 0.0001256344439932355 0.0002635425027034773 4.951611608373796e-05 0.001479140030162773 0.00012190449424811011 0.0004273558538486632 0.0002783036476546634 0.00014546110397644545 1.8323486424898615e-05 2.691287438177368e-06 1.3884222982223338e-05 9.478337709852937e-06 1.3143427938763447e-05 3.8020874219167386e-05 4.552420561123033e-05 4.366143751833095e-07 7.914768308809236e-05 0.00033578763174590433 2.7036733145599768e-05 0.001067014524877992 0.00013342991990316106 1.1755482457023072e-06 8.486884813468545e-05 7.770259409805643e-07 2.4949414679844053e-05 1.0685125792693172e-05 0.000359086717200431 8.404875799106225e-06 6.738380142770288e-08 3.625750009157527e-07 4.159853110173723e-05 6.962952705912485e-05 0.00018709907071210819 2.7002702515505577e-05 0.003580377527768161 5.0848346838121516e-08 1.9267895403146228e-05 6.706550968484389e-05 0.0012371957531455045 4.869578699901102e-05 7.03078313462907e-05 1.63807139158523e-07 3.5691858035812964e-07 9.420594245335088e-06 5.3888840662059235e-05 1.1502753513773783e-05 0.00038796614104102045 1.014482967282843e-05 0.00011601114414248056 7.628298827338031e-05 7.726229972920059e-05 7.036574402158177e-06 2.5118530687996096e-07 5.3680502449057694e-06
