0.0 2.723954373946458e-07 9.411510775231417e-05 1.161119895343454e-05 0.0 9.978660749406143e-06 0.0005824738131563616 0.00014909110769998027 5.41647911082449e-06 8.647869976581168e-05 2.294372157353436e-06 3.494261507080068e-06 6.742347175210379e-08 0.0027127768914396093 0.0 8.772996598427562e-07 9.055520117994193e-05 1.5264602871937102e-06 1.867334848283722e-05 1.0333523476266887e-05 2.997767474242501e-05 6.80001512600682e-07 8.062521248385447e-05 3.078092674672101e-05 0.0 1.9727275364795293e-05 2.1766105175215052e-05 7.635138341010823e-05 0.0015167638376688958 0.0015419516873653256 5.203984627797202e-08 2.4381774211360224e-06 4.490930508717426e-05 0.00015025195730147234 2.5252045580993318e-06 0.000124218048943554 7.333735820402635e-06 7.254209889155887e-05 3.234975870862976e-05 6.187855595840532e-06 4.795088605734042e-06 5.500459591295413e-07 1.6128764085319384e-06 0.0 9.216088722459668e-08 2.0753133559761984e-07 0.0 0.0 0.0 1.6234956234298744e-06 4.386174655319223e-07 1.279050627685121e-06 5.606730286788186e-08 0.0 1.5958068825911663e-07 0.0 1.0038576342653878e-06 0.0 1.7498983670672274e-06 0.0 0.0 0.0 9.33471008736213e-08 2.174738177838464e-06 4.169921733844629e-06 7.197352708472353e-07 8.282354829736067e-06 0.0 0.0 1.087968447205515e-06 2.509709129214968e-05 1.7596851257806484e-06 3.0147263620181433e-06 0.0 0.0 0.0 7.863708042520453e-07 6.724774848940544e-07 7.222372994036358e-06 2.202448586175241e-07 1.6788308258701398e-06 4.1838385435049304e-07 5.506784711806325e-07 9.929293996899524e-08 8.217929405573056e-07 0.0
2.723954373946458e-07 0.0 0.00018265825403973208 1.2915929124629057e-07 0.0 3.122346884476054e-07 6.172422325255216e-06 6.245078632204505e-07 0.0002379141728952933 8.402894176346602e-07 3.688490275061479e-05 0.0 0.0003031866512027573 1.0937536154241706e-06 1.2073415662711542e-06 0.00010005983987461629 0.000526628145263976 1.3611728061572909e-05 7.897753337138755e-06 0.0 4.185985424514157e-06 0.0013462047002438312 3.949456347214906e-05 0.0005700149719713891 0.0011648160789972948 0.0002662379039593612 0.004983690730538491 3.304094265422051e-05 1.4018621387044959e-06 5.798740538069318e-06 9.241032652210156e-05 0.0 1.539430134809527e-07 5.971909747732196e-05 2.3380630860129937e-06 0.00017230488158092303 7.319030883727002e-05 0.00026610135918922413 0.00010272431858421893 3.565718212769863e-06 1.807517840930253e-07 8.548030990733219e-05 7.851745071271545e-07 0.0 3.585681196265013e-05 5.7474916747324916e-05 0.0 0.0 0.0 1.29270037431205e-06 0.0 7.965252212566184e-07 0.0 7.001462200775419e-07 0.0 2.47271998801204e-06 1.0078456611898536e-07 0.0 3.651859582607663e-06 4.6656993105498806e-06 6.403668539533467e-07 4.62877028846707e-06 0.0 2.2855635544523007e-07 2.2353943068325988e-05 6.5892929250598355e-06 2.886211552979219e-06 3.5977446518192504e-06 6.002396938080911e-05 0.0007921363564540871 3.722155671916059e-06 1.8566756900153905e-07 4.856707470593948e-07 9.25455686518349e-07 0.0 0.0 1.6989153599725993e-06 2.713826126078961e-07 6.025569559395501e-06 2.943188362886465e-06 5.1149976453493824e-06 3.587776146151586e-06 3.515562461269192e-07 0.0 1.75145586573503e-07 0.0
9.411510775231417e-05 0.00018265825403973208 0.0 1.487362516204909e-06 1.440253504288767e-07 2.5730521281688838e-05 0.00032372228545402123 0.0003680902527998836 1.6891420915128816e-06 0.00010872677100536725 1.7128094449095147e-05 5.955538734419982e-07 1.3559730074183604e-06 0.00029308432531720204 0.0 3.7286552957015086e-06 0.004113086491842589 2.127928748287557e-05 0.000423452377592832 3.7499744861719984e-07 0.0011069613843197785 0.00011934375909254093 0.006259019848632205 8.608570333232467e-06 2.017435964103234e-06 0.0037186619580057484 0.005339771253609085 2.2289283573597905e-05 0.00010480874496337932 0.0010662031086139665 5.185474533384045e-07 2.0609800054061625e-06 7.690224352559987e-06 0.0006476684982491136 1.3055015013776622e-05 0.0010400727893719256 0.001187150301152509 0.001515392224427917 0.0005628872856359802 3.200850084886352e-05 8.947947197069542e-06 4.314844220359202e-06 3.337792731971742e-06 6.512366503138259e-07 6.072653410033376e-05 0.00041833213531320123 0.0 0.0 3.014828096127051e-07 6.053810452408075e-06 3.4738977149503994e-07 8.491931903654545e-08 0.0 3.3066761958713383e-07 0.0 0.0 7.571813606687358e-07 0.0 4.916935295763651e-05 2.0497160003711558e-05 6.766659936069823e-08 3.7374185302929058e-06 0.0 6.1965220818515636e-06 0.0001282019972608843 7.287488299020661e-05 8.744678796305556e-06 2.8210368869684e-07 3.843657338931653e-05 0.0020366708911578055 1.0010627977972427e-05 1.2505862363606452e-06 2.2761232997481372e-06 0.0 0.0 0.0 8.717536352088568e-06 3.7779069460398434e-06 3.9674860708008866e-05 4.912492240626656e-06 2.4142529083118338e-05 1.9302242579855047e-05 2.601679398665956e-07 5.799028672292442e-07 0.0 9.920088560589718e-07
1.161119895343454e-05 1.2915929124629057e-07 1.487362516204909e-06 0.0 6.48002410866137e-07 3.9146849563094374e-05 0.00022550660249971884 4.3104291496782054e-05 0.0009142415799669068 0.0023687504201753257 1.1252968785534106e-06 0.0008870209764532182 0.0 8.10934413104298e-05 2.8054510694740046e-05 2.6737680396496196e-07 2.3723690846718913e-07 5.34410388504177e-08 4.3632987531123973e-07 0.001548800077534232 9.358962581979485e-07 3.7937815434321873e-07 6.962934085075882e-07 0.0007950222645350115 0.0 1.8257183437964616e-07 3.1776946924830954e-06 0.003646264662158193 0.0001083488449057631 5.065090520202022e-06 0.0 1.1278878675125493e-06 1.324897835075209e-05 2.5321667436219598e-05 5.596071402723925e-06 0.0002299248742126329 3.923380538744843e-06 5.764470687913795e-05 3.198020106796086e-05 4.8355769036856495e-05 1.7259061121520228e-05 8.192618023795439e-07 3.833580387265087e-06 9.92595770074991e-07 0.0 1.5580368116187654e-07 8.71539031128753e-05 0.0 7.075340729598017e-06 7.757563896360521e-05 6.729398809357253e-06 0.00011912580127671354 0.00017032053191569629 6.477255576232837e-07 5.393621108620242e-05 0.0 6.444221527650578e-06 1.4859485127792185e-06 9.211921407130816e-08 0.0 0.0 6.059953444718444e-08 7.440591772467573e-05 0.0 4.4315691635206553e-07 2.691938678222303e-07 0.00015322221977750813 0.0 0.0 4.925516366962538e-07 0.0002202611546778136 4.581077559138506e-06 1.341620051990497e-07 0.0 2.7965318899936813e-07 0.0 1.956938716083316e-06 2.2597045856808723e-06 1.397656670396531e-05 0.0 4.4624460814335365e-06 2.0219728097403257e-06 2.7512056669148547e-05 6.570411643383365e-07 0.0 1.1652249648821166e-07
0.0 0.0 1.440253504288767e-07 6.48002410866137e-07 0.0 6.194459437212391e-05 2.0988873788121812e-07 4.2065548941350734e-05 3.0433556795145822e-05 5.158614118561598e-07 6.291853154257623e-07 6.264053640840025e-05 0.0 7.633097629764577e-07 0.0009031728877536969 0.0 0.0 5.217488469509891e-07 3.0273926056090346e-07 1.6945028397315958e-06 0.0 1.1191992496650063e-07 2.8039816870905284e-07 5.166733638326002e-06 1.2726036696546188e-07 0.0 0.0 9.414421552609709e-07 4.671313581692978e-05 1.0738454077356082e-07 0.0 7.932027838987922e-05 0.0 5.4903696909404e-05 0.0 3.706265966417122e-07 2.1195417490515144e-06 2.894778817196707e-05 6.415509922539212e-06 0.0005013363526397689 6.324625985583115e-06 6.79623262505264e-07 0.0 0.0 0.0 0.0 0.0 0.0 0.0 0.0 0.0 0.0 0.0 5.341923058448496e-07 0.0 0.0 0.0 0.0 0.0 0.0 0.0 0.0 0.0 0.0 0.0 0.0 0.0 0.0 0.0 0.0 0.0 0.0 0.0 0.0 0.0 0.0 0.0 0.0 0.0 0.0 0.0 0.0 0.0 0.0 0.0 0.0
9.978660749406143e-06 3.122346884476054e-07 2.5730521281688838e-05 3.9146849563094374e-05 6.194459437212391e-05 0.0 0.0017145104727063591 0.002567625798958695 4.0083866651200845e-05 0.003402262767010732 4.582840212794614e-05 0.0020095776214914193 3.901487924512039e-06 0.0006276257583994087 0.000470671861240542 8.558984134377832e-07 4.2268497882153925e-06 5.935289062016209e-06 7.724139148524806e-06 0.00017630294596287114 1.5305483639004797e-05 1.5200925355259852e-06 1.3816123675677062e-05 8.591561631717467e-05 1.4290664865675586e-06 1.0184633315514958e-05 1.402359695430603e-05 0.0006249492075012677 0.0006297112552595271 3.658039401355533e-05 4.2816897077215886e-07 0.0005545350421812509 1.1533758137386148e-05 0.0005691381963394739 7.443336335745692e-06 0.0003318279790085269 2.6589359328939632e-05 0.00041001428852043367 0.00015182053421449398 0.0012422648942675817 0.00020872649822150068 5.2413926394225154e-05 1.7499917597025946e-05 4.1742723895417466e-07 0.0 0.0 2.9823700764901584e-06 0.0 7.896823536065561e-07 1.885797416435327e-05 1.2924876926419768e-06 6.667083739875243e-06 6.057529690915271e-06 3.077163264131974e-06 4.703134823230434e-06 0.0 8.830694853417106e-07 0.0 0.0 0.0 0.0 0.0 1.7557319535660232e-06 3.9638973573411547e-07 9.943910393520904e-08 1.1534485599317109e-07 1.9342917659655945e-05 0.0 6.073688087076016e-08 5.493300127919576e-07 2.984684423358241e-05 2.2433896097094776e-06 3.1619750863751496e-06 0.0 4.173439513008746e-07 6.329415885895928e-08 1.9649070179241402e-07 8.090055779494672e-08 1.4102944612827636e-05 2.1758072706689226e-06 4.2873684300180865e-06 2.791475860212155e-06 4.64601071539362e-06 1.5913156496524672e-06 1.8710237674457196e-06 5.711687882042752e-07
0.0005824738131563616 6.172422325255216e-06 0.00032372228545402123 0.00022550660249971884 2.0988873788121812e-07 0.0017145104727063591 0.0 0.002235900687895348 0.00016581257200085713 0.004881251376999096 3.565794916592823e-06 3.521437828941062e-05 0.0 0.0035122397419895027 6.407242919109862e-06 1.4442754176552259e-05 1.854151863946158e-05 1.1865908873510334e-06 3.1933957837066104e-06 9.548899357316294e-05 0.00042173413160842804 2.4121827379684488e-05 0.00020318294916157444 0.002069429368882684 4.978954390056965e-07 2.217648694832496e-05 0.00016944834791646665 0.009638914299437569 0.000596550592654751 0.0015083441244014377 0.0 9.479624323315744e-06 8.444908462470512e-05 0.00014217346769403232 1.9787275482302916e-05 0.0008783488388934642 1.6130771997164372e-05 0.0002750619506691201 0.00016135549115461802 0.00014229464050580966 5.523317037271085e-05 2.487096610037161e-06 1.9953653117584e-05 4.169900545348323e-06 0.0 2.407601648698206e-06 2.2031668331876132e-05 0.0 1.066978673089592e-05 0.00015717255339836524 1.3785032252954748e-05 3.856758621698282e-05 7.369609922241814e-05 1.9377114631648503e-06 1.2334460796549662e-05 0.0 1.1553519340411524e-05 1.985597362173349e-06 6.044963480488255e-06 0.0 5.3234677070938446e-08 6.546618746068812e-08 1.9078402847228597e-05 8.112103301919729e-07 4.280868605833941e-06 2.673633635665438e-06 0.0001760864611165638 8.729850514721111e-07 1.43705255057576e-07 8.791661297991042e-06 0.000265165978874577 1.824914912674833e-05 9.054204622258402e-06 0.0 9.659129133852573e-07 5.967359520349965e-07 4.937173915934934e-06 8.542282858148754e-07 6.332283228078734e-05 1.0203563269635775e-06 2.2949104947254666e-05 6.039644068166486e-06 3.7429207951831885e-05 6.866589782197913e-06 0.0 9.351040626003012e-07
0.00014909110769998027 6.245078632204505e-07 0.0003680902527998836 4.3104291496782054e-05 4.2065548941350734e-05 0.002567625798958695 0.002235900687895348 0.0 1.9996235699707486e-05 0.00218960407892603 1.8594140839463283e-05 0.0004907448227484128 2.2588772469947724e-06 0.0024908699623729528 0.000108816020793598 5.801066971422676e-07 0.00011801468370322985 3.698482241551155e-06 2.3096074941463954e-05 0.00020280506863556654 0.00011436165310061581 2.8821302526810496e-06 0.0001612132192976697 8.763302594006342e-05 5.88465111703778e-07 4.6656027555253294e-05 5.7584181541086135e-05 0.000258444199888391 0.0002657141499768204 0.0005683016268788491 6.825629451960005e-08 0.0003190458649451881 1.5568469164990563e-05 0.00023971404027160292 2.4791601129357745e-06 0.0001691279015297421 1.654409517834891e-05 0.00020050246582026439 8.154775038001767e-05 0.00038701413231322107 0.00012008270388346592 2.284572636664501e-05 6.369627414185601e-06 1.276139973478713e-06 0.0 4.708465125510627e-07 2.878026463738933e-06 0.0 7.335908660374695e-07 3.004925091506445e-05 8.229904205232823e-07 4.908821268878636e-06 6.176347915766345e-06 3.3627367145101836e-06 2.3281818368703714e-06 0.0 3.484737607915169e-06 0.0 8.647643939071155e-07 7.1068191270907e-08 0.0 0.0 1.8323316425204558e-06 2.334671616680836e-06 1.6724780992168664e-06 2.5069163783595967e-07 3.744194505346913e-05 0.0 2.305850696524513e-07 2.622535150043999e-06 5.637520275656823e-05 4.648426658535409e-06 6.466172047331073e-06 0.0 5.358226714337434e-07 6.907858413610677e-08 1.280250703058603e-06 5.34458371772513e-07 1.4627031643338475e-05 8.725245694823789e-07 5.760657869569522e-06 1.3877053198348261e-06 4.1841285741840094e-06 3.9184613030685346e-07 1.1372178687193253e-06 3.676951156342058e-07
5.41647911082449e-06 0.0002379141728952933 1.6891420915128816e-06 0.0009142415799669068 3.0433556795145822e-05 4.0083866651200845e-05 0.00016581257200085713 1.9996235699707486e-05 0.0 0.00020994470705226585 2.909525863992544e-06 0.0005452839247637801 1.026005821354606e-05 2.845731222586512e-05 0.0005062839222771776 8.470348061777925e-05 2.2178769885385674e-07 1.3322016260809131e-06 7.340796482333412e-07 0.0007954808746542878 3.164895831389084e-05 0.0015308377145632412 2.0303798635093193e-05 0.006654205361570749 3.8084531655352795e-05 2.555408678935388e-05 0.0002571707395827384 0.0010802352352015253 3.8957163144871324e-05 0.00017583996536309034 9.49090971235798e-06 1.0860221848423968e-06 5.277580838846645e-06 1.5096567655946607e-05 2.0705719619234404e-06 0.0001278667752534425 3.0476344184736947e-06 2.869147025763977e-05 1.3118442897219303e-05 0.00023033889670217547 5.296791023661512e-06 3.836838591464191e-06 2.6527069675877638e-06 1.4282888594663572e-05 1.2460458861902548e-06 4.915301507756046e-07 9.061156017044401e-05 0.0 1.4147473095619035e-05 0.00017411919055731304 1.9818251920163504e-05 0.00011003370292282377 0.0001275480137700789 8.608050093329042e-07 5.1634362776879684e-05 6.385588618029167e-08 2.4164423188121933e-05 8.69372096613007e-06 0.00030881035672545567 8.255614624804775e-07 5.755642159028141e-08 2.6448843311602984e-07 5.529112901892352e-05 0.00015373946820250702 3.1626938021249615e-05 7.555081259373585e-05 0.0008001005453756097 3.9167972607231124e-07 1.363593930338546e-06 2.036771322831596e-05 0.0005852410040866943 6.483613498588896e-05 9.084610262068368e-05 0.0 8.077935128686169e-07 3.2360433976509395e-06 1.2874487945050993e-05 2.4384651398984338e-06 7.080676231979988e-05 2.4628529916157214e-06 2.872372617274754e-05 1.1928724646466767e-05 6.05584376161077e-05 5.8246695388534515e-06 0.0 5.907620717854568e-07
8.647869976581168e-05 8.402894176346602e-07 0.00010872677100536725 0.0023687504201753257 5.158614118561598e-07 0.003402262767010732 0.004881251376999096 0.00218960407892603 0.00020994470705226585 0.0 1.178714939493797e-05 0.0016155422076147854 3.2408717647378996e-07 0.0009782425142959151 1.411902596790908e-05 1.5174523364674669e-06 9.400767851774358e-06 2.3546071812353324e-06 6.825663128716531e-06 0.0028623781025592454 6.468811652036385e-05 3.6098707769336012e-06 4.3287829140459186e-05 0.00035931293407569036 2.5215526682174185e-07 1.4217632102443602e-05 2.9445476222760943e-05 0.0034775526514301516 0.000677220114905771 7.708186992437992e-05 1.6450255355734317e-07 1.997940896900674e-05 3.6967462546074224e-05 0.00017314193745317385 1.962142220731796e-05 0.0006922572620925515 1.2319559066399136e-05 0.00027846755277719193 0.00010553369483803015 0.00020002275532634314 5.478755333263612e-05 5.320861258108451e-06 2.1385235697763782e-05 1.8449814974082068e-06 0.0 2.0390671948949866e-07 7.772750812918232e-05 0.0 5.6893417557846285e-06 0.0001291521082336241 1.4027051001796937e-05 7.459504428759456e-05 0.0001506121179344533 2.652665827201741e-06 4.6272885190002766e-05 2.3447310642544447e-06 1.072047167181252e-05 1.3566068636070487e-06 3.81653774407626e-07 0.0 6.063604122432633e-08 0.0 6.293903729029948e-05 7.04286887267553e-07 3.553007886353554e-07 5.649481976084729e-07 0.00015829522688691174 0.0 2.674437517928522e-07 1.9473919910181287e-06 0.00023239187428419694 7.933050918322593e-06 1.5499142565472777e-06 0.0 7.091210708044802e-07 3.5899433700723765e-07 1.24677820656766e-06 1.1495237270254095e-06 4.170496878591847e-05 1.8228466451415088e-06 1.4003686302730923e-05 2.54610254961234e-06 3.989887093593593e-05 1.967283052398723e-06 2.951445067777933e-07 1.808125879901528e-07
2.294372157353436e-06 3.688490275061479e-05 1.7128094449095147e-05 1.1252968785534106e-06 6.291853154257623e-07 4.582840212794614e-05 3.565794916592823e-06 1.8594140839463283e-05 2.909525863992544e-06 1.178714939493797e-05 0.0 1.1381323495565757e-05 0.000969729608979965 5.003363082261115e-05 2.031877114508571e-06 4.152717750154173e-07 0.0002147825066663611 0.0013457498845956658 0.0022957728097389766 3.686873643626165e-06 2.4665041043417143e-06 9.079788399629824e-06 8.155306963593073e-06 6.028863566532424e-06 0.0008695974032445393 0.0010783101239774636 0.00037864117763856367 6.067761691541959e-06 0.00018675181971078374 7.515272541750282e-06 5.053574081727252e-05 7.633708575005727e-05 2.273658141619196e-06 0.002390419580961099 6.070816794106229e-06 0.00036100586307692874 0.0034570131732484014 0.003386490907930051 0.000578063339049589 3.2955363945268696e-05 4.9775247931688137e-05 0.0009718210773888656 1.7846657446222183e-05 0.0 9.245116639805968e-06 7.502273059566277e-07 0.0 0.0 0.0 8.923524954980857e-07 0.0 6.330163421910934e-07 0.0 0.00039278369756269794 8.060320034401871e-08 0.0008782675285741008 0.0 0.0 0.0 2.0680718366658772e-06 5.581454141455484e-05 1.9607989565795745e-05 1.1307178734631212e-07 0.0 2.9345138902542185e-06 6.804430691330456e-08 2.3930206102272914e-06 0.000246810833207528 0.00028899270606981 0.0004496715958960589 3.0781050109225802e-06 6.780456702023252e-07 6.094758299273534e-08 0.00011485667212915329 1.9901102821612088e-07 0.0 9.884223660472145e-06 2.398463282410616e-06 1.4141088202531114e-05 0.0005988707169683707 1.4363022940262569e-05 2.687276109286023e-06 1.4890579185024188e-07 1.0973222763060605e-06 0.0003343278490901208 0.0
3.494261507080068e-06 0.0 5.955538734419982e-07 0.0008870209764532182 6.264053640840025e-05 0.0020095776214914193 3.521437828941062e-05 0.0004907448227484128 0.0005452839247637801 0.0016155422076147854 1.1381323495565757e-05 0.0 5.657598612063016e-07 0.00035500889876470234 0.0004599298195572956 0.0 5.012912731192158e-07 1.7842715677182159e-06 4.409997108997594e-06 0.0012081825844753064 4.4410493415553443e-07 7.446846739260237e-07 3.4926355795891317e-07 0.00022733285044350418 0.0 3.195068731574586e-06 2.2262992765186998e-06 0.00019656738895295554 0.00027312865625227407 3.407204173454664e-06 2.620961956736833e-07 3.1482954461280574e-05 2.198942532778745e-06 9.817853239879249e-05 1.518056406567e-06 0.000186620960857745 4.258689460567582e-06 0.00011304879523730025 3.0007254372045602e-05 0.0008108961513380168 1.9087750507959513e-05 5.879985204864712e-06 3.806481058094441e-06 0.0 9.83681537509803e-08 9.670110053734046e-08 1.6400781062444365e-05 0.0 5.2014633580332905e-06 1.6146010783258795e-05 3.4064814135614055e-06 3.7437692558918804e-05 2.9881792207021084e-05 0.0 4.6191340526358974e-05 0.0 5.479666418076127e-07 0.0 0.0 0.0 0.0 0.0 1.486840133990547e-05 0.0 7.965692747553972e-08 0.0 2.028506645982233e-05 7.945539970363755e-08 0.0 1.7944661182275566e-07 3.8714132240867286e-05 4.827751325307567e-07 0.0 0.0 0.0 6.830624756048768e-08 0.0 4.474958218426958e-07 6.801352327854092e-06 1.392631735649791e-07 1.6798864773246256e-06 1.5900869661431417e-07 8.066150458511485e-06 1.5683494751646085e-07 5.178142482740718e-07 1.0203116820442557e-07
6.742347175210379e-08 0.0003031866512027573 1.3559730074183604e-06 0.0 0.0 3.901487924512039e-06 0.0 2.2588772469947724e-06 1.026005821354606e-05 3.2408717647378996e-07 0.000969729608979965 5.657598612063016e-07 0.0 3.921831271086909e-06 0.0 2.0226483928478064e-06 1.2841015888459623e-06 4.73889766078075e-05 8.176786458357296e-06 1.214630721817922e-07 3.1882342611186767e-07 4.1902965860272255e-05 7.983926096255281e-07 1.6670354866643725e-05 0.002644083947213267 0.00015026920198076146 0.0015330364972951673 1.7675211009408509e-06 6.415543858347713e-06 2.4831153184640013e-07 0.00022876159279251206 5.259784931172762e-06 0.0 0.00011133827189037428 7.893861741089408e-07 5.453420662224816e-05 0.0012615008922283477 0.0007890455341858864 0.00010603599570023034 6.465094620847512e-06 2.7131553427646455e-05 0.0005600762325045315 7.753797432189812e-06 0.0 1.6930380318149466e-05 0.0 0.0 0.0 0.0 0.0 1.2773245741626205e-07 0.0 5.426554751590317e-08 0.00018792747943089551 0.0 0.0003394323926539858 1.6073120161355776e-07 0.0 0.0 8.901042420751588e-08 2.2073651257559183e-05 4.417994449098293e-06 0.0 0.0 0.0 0.0 1.705996252396159e-07 0.00012176334491075997 0.0001282918934571051 0.0001496889876695193 5.815729508621942e-08 1.0529416633136836e-06 1.5182308854026718e-07 5.455542712858014e-05 0.0 0.0 4.371089096023115e-06 0.0 1.8578604813224489e-06 0.0002329240511265874 6.223061140257254e-06 4.7494163547150575e-07 0.0 0.0 0.00011786885548059288 0.0
0.0027127768914396093 1.0937536154241706e-06 0.00029308432531720204 8.10934413104298e-05 7.633097629764577e-07 0.0006276257583994087 0.0035122397419895027 0.0024908699623729528 2.845731222586512e-05 0.0009782425142959151 5.003363082261115e-05 0.00035500889876470234 3.921831271086909e-06 0.0 3.6169173141777295e-05 1.444405755500981e-06 0.00016897721348475448 9.689710590770483e-06 4.031095710484581e-05 0.00020334945125666538 7.189467770045309e-05 2.98915181765007e-06 0.0001717164595011735 0.00014631540549975852 1.576866913423309e-06 5.40393664910932e-05 6.126569302392716e-05 0.0003456652303423985 0.0028268672422728314 0.0015079657755730036 3.075399579644524e-07 1.3239807383018052e-05 4.8298420604674134e-05 0.0005183628327206213 4.302605588484073e-06 0.00032763546159828174 2.7212868678772913e-05 0.0003682373125238311 0.00011600359872084487 0.00031810549025024134 7.482356612558632e-05 3.234503493499896e-05 6.6817586040382184e-06 3.072587712219855e-06 3.533487489244556e-07 6.865042107953998e-07 4.370596887498315e-06 0.0 1.5904201460829803e-06 4.433114096212644e-05 1.5341464912111651e-06 8.308791166702685e-06 6.064609933265011e-06 1.5271484856435125e-06 2.957721295894716e-06 0.0 2.4545458449060574e-06 0.0 3.0087189174308564e-06 4.67883143711976e-07 0.0 0.0 2.420136445407631e-06 3.6860721221574796e-06 4.969221880736969e-06 3.898198942005843e-07 5.606410588792837e-05 1.0479873871921567e-06 2.3827607346307234e-07 4.705716315246476e-06 9.81647208766521e-05 7.4711066046393915e-06 1.0180597935844886e-05 0.0 2.7226624377656914e-07 1.5544082755166335e-07 2.0736503351753503e-06 7.304450268537231e-07 2.27824640467399e-05 1.8796864067793368e-06 8.420342504701149e-06 4.1752544751235895e-06 5.267901635579871e-06 2.1776575616075954e-06 1.1121570244142903e-06 3.625562576500489e-07
0.0 1.2073415662711542e-06 0.0 2.8054510694740046e-05 0.0009031728877536969 0.000470671861240542 6.407242919109862e-06 0.000108816020793598 0.0005062839222771776 1.411902596790908e-05 2.031877114508571e-06 0.0004599298195572956 0.0 3.6169173141777295e-05 0.0 0.0 0.0 7.10577021098752e-08 2.398632849034342e-07 6.209054526075805e-05 0.0 9.174173272484001e-06 0.0 0.0004590897165544385 1.695405327928816e-07 2.8329746373082094e-07 8.72457127989407e-07 2.77154579146971e-05 2.590482927502832e-05 3.076184907920992e-06 0.0 0.00027423994488559616 1.0783621988397478e-07 6.424659015044828e-05 0.0 2.6717024955834557e-05 6.875021669764376e-07 2.035553760961139e-05 7.491145110582752e-06 0.0007571814315121187 7.584492543824943e-05 1.9038896424195812e-06 0.0 0.0 0.0 0.0 1.0590571570126983e-07 0.0 0.0 6.499052893553882e-07 0.0 1.9411578075253884e-06 5.892232248597313e-07 3.636328189977747e-07 1.6272875822249695e-06 0.0 8.299481703918394e-08 0.0 0.0 0.0 0.0 0.0 1.0606678737538065e-07 0.0 2.3673827252078618e-07 0.0 6.515874066856636e-07 0.0 0.0 0.0 1.938684613897501e-06 2.2709747248710957e-07 0.0 0.0 0.0 0.0 0.0 0.0 1.2711383152849393e-07 0.0 0.0 1.5385403645978642e-07 0.0 0.0 1.4052941961043183e-07 0.0
8.772996598427562e-07 0.00010005983987461629 3.7286552957015086e-06 2.6737680396496196e-07 0.0 8.558984134377832e-07 1.4442754176552259e-05 5.801066971422676e-07 8.470348061777925e-05 1.5174523364674669e-06 4.152717750154173e-07 0.0 2.0226483928478064e-06 1.444405755500981e-06 0.0 0.0 2.30184777655547e-06 3.733945767518865e-07 2.2366930575465944e-07 6.047228127502094e-08 0.0008475466903891414 0.002472736993488602 0.002151063677549808 0.0017503724495201707 8.77650706548315e-06 4.612415174103136e-06 0.0016381826227798975 0.0006625416726851682 1.1834262937819755e-05 4.368873081373877e-05 1.347348869073302e-06 0.0 4.496297424328215e-06 4.0879286473248565e-05 2.7497053121796968e-05 0.0017268317238318196 0.00040949328341658575 0.0001755157476830753 0.00033284393800156047 3.574508849194707e-05 3.918040504908446e-06 1.1198699401116333e-06 7.670593482003812e-06 3.2329046995036646e-06 9.771736436123e-07 5.868758938325663e-06 0.0 0.0 1.74557387073164e-07 7.310803679478738e-06 8.560909623705354e-07 4.754251447377777e-06 4.624596218235824e-07 0.0 0.0 0.0 3.6478662524494046e-06 0.0 0.0015759190989414243 2.040425419054278e-06 6.320302632986429e-08 0.0 7.825810058526521e-08 0.0003983593398726438 0.00027283572871717154 0.0007711610310939441 0.00010062883977216916 7.170153424342202e-08 2.516056074121464e-07 0.00019433196507411826 0.00014942656830895282 3.209593301114319e-05 7.319342964616782e-05 0.0 6.727317761763654e-08 1.4861837124198756e-06 6.2574171994880475e-06 4.326516496191891e-06 6.0857684005596104e-05 3.448817559053922e-06 9.526082362061866e-06 1.2226592268485625e-05 2.3651397456920895e-06 9.8832757110975e-07 6.567088202076946e-07 1.6906811486128497e-07
9.055520117994193e-05 0.000526628145263976 0.004113086491842589 2.3723690846718913e-07 0.0 4.2268497882153925e-06 1.854151863946158e-05 0.00011801468370322985 2.2178769885385674e-07 9.400767851774358e-06 0.0002147825066663611 5.012912731192158e-07 1.2841015888459623e-06 0.00016897721348475448 0.0 2.30184777655547e-06 0.0 6.375144647392167e-05 0.0011817114835159135 5.592177431216857e-07 0.00024189517373882262 3.8499413474056275e-05 0.0017696369026588088 4.367905454802362e-06 8.904463984102612e-06 0.0026157212091050537 0.003044122424125876 4.044310110494846e-06 0.00015437105821919646 0.000619326661167721 1.0905897110311177e-06 2.263366554150878e-06 1.1274606438859686e-05 0.0019412559486665184 1.1573524829447718e-06 0.0003585793168059027 0.00031853578475222994 0.0006903753163810941 0.00017636123063332381 6.498374671048938e-06 1.496412286717633e-06 3.2668146956753134e-07 8.609417056826608e-07 0.0 1.4441254974353992e-05 2.2896314348807e-05 0.0 0.0 0.0 1.9692642232371862e-07 0.0 8.914804434638416e-08 0.0 6.528804768297847e-07 0.0 1.504703093601887e-07 0.0 0.0 8.006515917103676e-07 3.3040364953656743e-06 0.0 3.5136343618708436e-06 0.0 9.193008657971244e-08 4.440215262630166e-06 2.420851125811987e-06 9.605496772900449e-07 2.989647560034809e-07 3.163073856786201e-05 0.00021860749278446238 1.3670662776518755e-06 0.0 0.0 0.0 0.0 0.0 1.4770425405505366e-06 0.0 9.010105970231747e-06 9.33675806428306e-08 5.61247688558946e-06 1.5338630492501989e-06 0.0 8.194390183681407e-08 0.0 0.0
1.5264602871937102e-06 1.3611728061572909e-05 2.127928748287557e-05 5.34410388504177e-08 5.217488469509891e-07 5.935289062016209e-06 1.1865908873510334e-06 3.698482241551155e-06 1.3322016260809131e-06 2.3546071812353324e-06 0.0013457498845956658 1.7842715677182159e-06 4.73889766078075e-05 9.689710590770483e-06 7.10577021098752e-08 3.733945767518865e-07 6.375144647392167e-05 0.0 0.0013403433932825495 6.587395579529709e-07 6.99896459760876e-07 5.744825370566725e-06 9.575450238756296e-06 3.197490867524869e-06 2.2826237055772806e-05 0.0009381023758154257 0.0006612813139721666 8.716028087959008e-07 2.3774481099594322e-05 4.412762786966647e-06 6.594201880771798e-05 7.164553248559111e-06 4.448676906959147e-07 0.0004995046646289833 2.9370492661312416e-06 0.0003025421822265925 0.0006593290951194957 0.0009450506601350534 0.0002961645368898937 5.800224988968425e-06 2.903480656470434e-06 3.326802224234591e-05 2.29734887958858e-06 0.0 1.0920122441096122e-05 4.0335584858241457e-07 0.0 0.0 0.0 8.292777634360513e-08 0.0 6.192119806382938e-08 9.373496521868991e-08 5.219858418706987e-06 7.985150972189378e-08 2.3688996529152055e-05 0.0 0.0 1.9102847851676521e-07 1.1321761552251527e-06 6.889385568916165e-06 1.3630760800673849e-05 0.0 0.0 0.0 0.0 3.7519011974427924e-07 2.2314352213901e-05 0.0001142962342365741 0.00017697935163857157 1.4790417472716682e-07 5.8878974781627094e-08 5.4487579495880066e-08 7.560117903758291e-06 0.0 0.0 9.796514170835634e-07 8.096296048264899e-07 1.2001494320424894e-05 5.334457107261615e-06 1.6153768075047936e-06 1.7282070264421248e-07 0.0 0.0 1.8096436311986363e-07 7.890652233773504e-08
1.867334848283722e-05 7.897753337138755e-06 0.000423452377592832 4.3632987531123973e-07 3.0273926056090346e-07 7.724139148524806e-06 3.1933957837066104e-06 2.3096074941463954e-05 7.340796482333412e-07 6.825663128716531e-06 0.0022957728097389766 4.409997108997594e-06 8.176786458357296e-06 4.031095710484581e-05 2.398632849034342e-07 2.2366930575465944e-07 0.0011817114835159135 0.0013403433932825495 0.0 1.6938001685857004e-06 5.001669704479215e-06 1.1797746336253976e-06 0.00016242362260898872 1.784603237336172e-06 4.318033590050008e-06 0.003069537808618514 0.0008311261339637934 1.945708808153322e-06 6.680833300693811e-05 7.615225610177054e-05 9.37471778573878e-06 5.983073930755124e-06 3.228598058203142e-06 0.0016903857942739738 3.3473688276653728e-06 0.0005350241424063712 0.0004815440817458462 0.0012165168927501557 0.0003870083913255833 9.533731037757605e-06 3.924328761834782e-06 8.816283987653778e-06 2.983907662370429e-06 0.0 1.0244278693115684e-05 4.379498846865296e-06 0.0 0.0 5.860164742478499e-08 1.6034015044044033e-07 7.127267614552315e-08 0.0 0.0 1.4865368882393877e-06 0.0 2.320308519123829e-06 0.0 0.0 0.0 1.6250272217881208e-06 1.0232139243931917e-06 1.206762118328517e-05 0.0 1.2097907022799364e-07 2.588163533031489e-07 1.868550876859764e-07 6.266600670145629e-08 2.5354209960565287e-06 7.633689250706071e-05 0.00011817625432854844 1.1124643040445728e-06 0.0 0.0 1.5648046861664459e-06 5.6129573096933636e-08 0.0 5.635821921144372e-07 8.607946130395614e-07 1.5660309961731628e-05 2.6265766345426518e-06 2.232210637262761e-06 3.012918247673386e-07 6.136456380204738e-08 0.0 4.201677546674069e-07 9.65612026962165e-08
1.0333523476266887e-05 0.0 3.7499744861719984e-07 0.001548800077534232 1.6945028397315958e-06 0.00017630294596287114 9.548899357316294e-05 0.00020280506863556654 0.0007954808746542878 0.0028623781025592454 3.686873643626165e-06 0.0012081825844753064 1.214630721817922e-07 0.00020334945125666538 6.209054526075805e-05 6.047228127502094e-08 5.592177431216857e-07 6.587395579529709e-07 1.6938001685857004e-06 0.0 2.397788583990063e-07 2.7697753403492056e-07 5.93486526276345e-07 0.00029659635015494843 0.0 1.6976117908919e-06 1.0604975299741612e-06 0.0017360434318778794 0.0002036397743834278 4.249408009610819e-06 9.141024258591105e-08 7.701916409210338e-06 9.51107623885387e-06 5.5623101175370415e-05 2.7258552044587884e-06 0.0002006145329111906 6.443411173975935e-06 7.619416304213326e-05 2.516827591995092e-05 0.0002118016450495114 1.5473170175927006e-05 1.3069755945968335e-06 8.20455652196453e-06 1.190959583818593e-06 9.505297278107027e-08 0.0 7.93261413176798e-05 0.0 9.764663305483093e-06 7.501645188944504e-05 4.5639657295217184e-06 0.00010484136028621728 0.00012239338653959066 3.263115140230315e-07 4.575084457721325e-05 0.0 5.275074985119032e-06 1.2125901009954758e-06 0.0 0.0 0.0 0.0 5.823591899262984e-05 0.0 0.0 8.894083209438879e-08 0.00012036246080567341 1.4991183240795516e-06 0.0 7.740978064443843e-07 0.00017396050024046173 2.8810099506520217e-06 7.415243767095034e-07 0.0 0.0 0.0 1.535088922290003e-06 1.4566367331234645e-07 9.545831550941014e-06 2.7730123658275513e-07 5.2574190143884565e-06 1.6082078911758187e-06 2.4700311590328067e-05 2.50374206300988e-07 6.366256986716556e-08 1.7282500877229676e-07
2.997767474242501e-05 4.185985424514157e-06 0.0011069613843197785 9.358962581979485e-07 0.0 1.5305483639004797e-05 0.00042173413160842804 0.00011436165310061581 3.164895831389084e-05 6.468811652036385e-05 2.4665041043417143e-06 4.4410493415553443e-07 3.1882342611186767e-07 7.189467770045309e-05 0.0 0.0008475466903891414 0.00024189517373882262 6.99896459760876e-07 5.001669704479215e-06 2.397788583990063e-07 0.0 0.00012527253466415947 0.009319641985637155 0.0004829645158435077 5.883091575280829e-07 2.005656173392415e-05 0.0006033032858232317 0.0018262871154594502 6.215801767866978e-05 0.0048747214760988065 3.5826009084723877e-07 1.3585279001732961e-06 2.720391221096053e-05 0.0034188057417062043 0.00013629293727274373 0.004601634233693684 0.0004385803290874133 0.003276770490097661 0.002348060792141282 0.00010993272625744716 1.5203442084282572e-05 2.705209935252932e-06 3.009648461895966e-05 6.140574216606689e-06 0.0 2.1231642683049838e-06 0.0 0.0 4.1467003638364395e-07 9.081944342570345e-06 1.5029126778834562e-06 3.99951709164876e-06 2.1115632317649503e-07 7.675272073060254e-07 0.0 0.0 4.3347410981897625e-06 0.0 0.00019924019220485224 8.865718826839418e-07 0.0 0.0 0.0 0.00018775226711155611 5.218853788760586e-05 5.103657234156796e-05 9.398790686954709e-05 0.0 3.7066075240000214e-07 1.6455850844143016e-05 0.00019187963719799312 3.9918436657364705e-05 6.828569838001288e-05 0.0 2.3231432955409285e-07 1.873182643050087e-06 7.887274943871057e-06 9.754823250491994e-06 7.627445006709997e-05 3.131084580453103e-06 8.398763626846867e-06 9.286976364280736e-06 2.690552261387881e-06 3.4485711321984977e-07 2.2058223715443914e-07 1.4051065447201933e-06
6.80001512600682e-07 0.0013462047002438312 0.00011934375909254093 3.7937815434321873e-07 1.1191992496650063e-07 1.5200925355259852e-06 2.4121827379684488e-05 2.8821302526810496e-06 0.0015308377145632412 3.6098707769336012e-06 9.079788399629824e-06 7.446846739260237e-07 4.1902965860272255e-05 2.98915181765007e-06 9.174173272484001e-06 0.002472736993488602 3.8499413474056275e-05 5.744825370566725e-06 1.1797746336253976e-06 2.7697753403492056e-07 0.00012527253466415947 0.0 0.00037260683660867913 0.003965082432041296 0.0003260582168795504 6.940087144879672e-05 0.002394625527870028 0.00020476971169908095 3.7324337349162616e-06 3.5957808408844404e-05 2.997154858360513e-05 0.0 1.5688832004339595e-06 5.716199123080559e-05 2.756614444346972e-06 0.00019173184704034859 6.453774749543744e-05 0.00010807560075545069 8.01453990680955e-05 1.6418923811383847e-05 1.7260666999365987e-06 6.060282186560325e-06 1.419639076931052e-06 8.8066964252445e-07 1.4120096571061422e-05 4.456161682426494e-05 1.0014678504851284e-07 0.0 6.59166397400588e-08 6.942587136212251e-06 6.813974508170661e-07 8.45927539644061e-06 3.9159899961210567e-07 5.521763634557125e-07 0.0 5.347088212651828e-07 1.6249724738418407e-06 0.0 0.0012072299363524283 8.080118203655061e-07 1.93935598863236e-07 2.8218408767624914e-07 1.3953675199986812e-07 0.00017751377388481324 9.98419781768465e-05 0.00044481887267414083 7.979718861017347e-05 4.612936675052012e-06 2.0955649443870193e-06 0.0006314398220456191 5.4159991764754496e-05 1.0719485270327048e-05 2.1098560025229167e-05 0.0 0.0 7.609050079472508e-07 4.100878121724917e-06 6.143414125185523e-07 2.088614135645014e-05 2.3873797730599445e-06 8.019332880065298e-06 7.980168997057801e-06 1.578239268134577e-06 7.512508154153323e-07 0.0 8.519141940885473e-07
8.062521248385447e-05 3.949456347214906e-05 0.006259019848632205 6.962934085075882e-07 2.8039816870905284e-07 1.3816123675677062e-05 0.00020318294916157444 0.0001612132192976697 2.0303798635093193e-05 4.3287829140459186e-05 8.155306963593073e-06 3.4926355795891317e-07 7.983926096255281e-07 0.0001717164595011735 0.0 0.002151063677549808 0.0017696369026588088 9.575450238756296e-06 0.00016242362260898872 5.93486526276345e-07 0.009319641985637155 0.00037260683660867913 0.0 0.00112737826013832 1.2903456505280998e-06 0.0005049976575799157 0.006370985116320951 0.001098564096272523 0.0001177153874071344 0.001857136334308517 1.672686909770659e-07 3.675868680788904e-06 1.1586825701495444e-05 0.002339178315579547 0.00019411068584052245 0.006474267002697396 0.00245609946982307 0.0036549901452081657 0.0035958491816983316 0.0002961718675866238 3.501600138132293e-05 1.1927861426638483e-05 5.7281595375353676e-05 5.13338436259443e-07 1.1058259408202188e-06 4.762798565660957e-05 0.0 0.0 1.0714169665580507e-07 5.1884720824202864e-06 6.690669923490648e-07 1.3059940759966673e-06 0.0 2.4113808455177863e-07 0.0 6.63151203282593e-08 8.088178972387033e-07 0.0 0.000937418602735819 1.7758428572042545e-06 0.0 0.0 0.0 0.00013799579779875864 0.00012255230385439943 0.0005206164566379863 2.3159109349398073e-05 1.0916050334699117e-07 7.611217855711655e-07 0.0004070422225441109 3.116389022925232e-05 6.823701210816235e-06 1.8687153030125395e-05 0.0 0.0 9.04867081265821e-07 2.742516166335494e-06 1.8847698310626505e-05 7.842525333337703e-05 6.432367519526965e-06 8.84062397829706e-06 1.673132269968034e-05 5.261892519374191e-07 5.31489191371233e-07 2.2978346411406875e-06 1.3334493181397507e-06
3.078092674672101e-05 0.0005700149719713891 8.608570333232467e-06 0.0007950222645350115 5.166733638326002e-06 8.591561631717467e-05 0.002069429368882684 8.763302594006342e-05 0.006654205361570749 0.00035931293407569036 6.028863566532424e-06 0.00022733285044350418 1.6670354866643725e-05 0.00014631540549975852 0.0004590897165544385 0.0017503724495201707 4.367905454802362e-06 3.197490867524869e-06 1.784603237336172e-06 0.00029659635015494843 0.0004829645158435077 0.003965082432041296 0.00112737826013832 0.0 7.37690413761127e-05 3.573777775199437e-05 0.0015918872721482073 0.006303530550008174 0.0003652076097807041 0.000690651337808061 1.3272599227780827e-05 3.4245433871629517e-06 8.177152825787581e-05 0.00013261464118209735 2.7139526387535027e-05 0.0013162235756867264 3.6433688267022126e-05 0.0002720712382148519 0.0001844416773881976 0.00035582496688148745 4.248648289843855e-05 5.650067203819034e-06 1.4638457951766409e-05 3.7064423896089253e-05 7.412628906252169e-07 5.827647170214388e-06 6.934817581000448e-05 0.0 2.1170226113342208e-05 0.0005506718677014446 4.39566364014345e-05 0.0003334958141876553 0.00015238103606847169 5.333674437933703e-06 3.694650772931137e-05 2.8484467999039304e-06 5.819407445202215e-05 3.3049622004850287e-06 0.00012206525081578606 1.429798630985133e-06 5.697426777646627e-07 3.320955287272402e-07 5.210921208720546e-05 9.289435832064251e-05 0.0001250601374722554 3.0738781551859454e-05 0.0012416021327077938 2.0170378354346952e-06 1.6637805025301734e-06 3.550763320266639e-05 0.0014846370074702454 0.00016426098735763494 0.00019743858189753976 1.2326234943281883e-07 2.8116674854228187e-06 7.5266279188152674e-06 3.127107751905543e-05 6.681221208051284e-06 0.00024589510515233214 6.075905180945552e-06 0.0001038183509004642 3.585993982949225e-05 0.00012776581679502057 2.1683691485068568e-05 2.4150228327714374e-06 3.831015811831677e-06
