0.0 2.6422707509780616e-07 0.00010076000424482642 2.9661009280055977e-07 6.784290619382677e-07 2.406726094065169e-05 0.0007994086139338206 0.0002733416775450344 0.0 9.62699210471343e-06 3.6265428374156016e-06 1.3549804815001132e-06 0.0 0.0033486645378025693 2.639903529887934e-07 1.0040016832532751e-07 4.93717168213612e-05 1.9252397408540108e-06 1.8834962194935577e-05 1.6177934798842591e-06 2.842558730887801e-05 6.231266012295543e-08 0.00019732763547921866 6.706090738107602e-06 0.0 2.6511773916546134e-05 9.010600197781866e-06 1.229175346330131e-05 0.0019926736014087686 0.0011508316890777306 5.831339369387848e-08 9.546069350462859e-06 7.246789009628805e-05 0.00015120100489754114 3.561776558272156e-06 7.760590294022365e-05 1.2501821868147195e-05 9.262640495444277e-05 3.6607833628294036e-05 6.479686013010354e-06 6.4027793239899e-06 2.648965802017263e-07 2.0603403155117754e-06 0.0 0.0 7.647761944472552e-08 0.0 0.0 0.0 4.727515960507749e-07 0.0 6.967924263638769e-08 0.0 0.0 0.0 0.0 5.280937239141518e-07 0.0 0.0 0.0 0.0 0.0 0.0 0.0 4.3673376704514964e-07 1.3592607204219417e-07 5.371468964937842e-07 0.0 1.532552946290184e-07 6.939725600264589e-07 7.57070175790107e-07 0.0 2.4420692832209737e-07 0.0 2.48140266028453e-07 0.0 0.0 0.0 1.1911258555111225e-06 6.938593509228835e-08 0.0 5.5373923716386296e-08 4.233890862484241e-07 0.0 0.0 0.0
2.6422707509780616e-07 0.0 0.00010760209831512348 5.215443421368961e-07 0.0 2.0008278649783906e-07 7.868258834721185e-06 1.8798327297936991e-06 0.0003601346831645664 8.261938154065629e-07 8.273079723481915e-05 4.0692739867162215e-07 0.00040684219641444274 1.2806370648973294e-06 5.492537809342579e-06 0.00020389616593497872 3.1963002116842284e-05 7.068944415253964e-07 5.995396794899851e-07 1.2563975276592113e-07 8.58627213741162e-06 0.0014956432569272068 3.821221869230029e-05 0.000625894035364225 0.0014346672663775534 0.0001698388369473634 0.004011940010178813 3.724989148422873e-05 5.842898999549652e-07 1.6432295648948717e-07 1.6460088957014808e-05 0.0 1.254004068896903e-07 5.45149645349186e-05 0.0 3.188349889234434e-05 8.460953603529158e-05 0.00013567664967637687 1.6250060400932247e-05 3.986026507801939e-06 2.911325509965458e-07 9.18534375546868e-05 0.0 0.0 4.6001298235022706e-05 6.500670094584434e-05 1.4027720524983973e-07 0.0 0.0 1.6193067818346818e-06 3.214558397454453e-07 2.140637733796188e-06 5.092372776393705e-08 4.756955011029089e-06 9.111621893070672e-08 2.835312444039021e-05 1.2123025626999192e-07 0.0 1.8207855415302932e-06 7.5354726457470685e-06 1.3551186856903023e-06 4.1315316433111015e-06 0.0 0.0 3.931694640238569e-06 4.1576270872365555e-06 1.2271950606508e-06 6.735470990435715e-05 7.579438102225559e-05 0.0006586046752567211 1.587708022013033e-06 1.0944268334412851e-07 4.3582894013056814e-07 4.011732922081997e-06 0.0 6.847514376698156e-08 3.185664502675924e-06 1.0181250064001738e-07 1.0012250579377804e-05 6.992906025433656e-05 9.463814716533933e-06 1.4440247415674739e-06 1.657859289452394e-07 0.0 4.90748943515704e-06 0.0
0.00010076000424482642 0.00010760209831512348 0.0 5.801458359855099e-06 6.264184302406669e-07 8.48892414754875e-05 0.0013923422503277184 0.000930969574012884 1.4740654697036824e-05 0.0001191504936920879 1.035994079367353e-05 1.7927905666057242e-06 5.116697583676824e-07 0.0010697769686411392 4.2103189664716917e-07 7.3071901205606145e-06 0.0021195100539201784 1.8458292017694048e-05 0.00011249203244402881 2.2993232038232116e-06 0.0004905659580757677 0.00043002639754311753 0.004737203271295524 9.321903460125283e-05 3.9666378525701264e-07 0.0023830186172090814 0.004445998407745111 0.0001854887232332898 0.00011872689279518154 0.0002322768407006064 7.15489121536807e-07 8.929191078812944e-06 7.347541084399856e-06 0.00036769221143889734 9.208119047556671e-06 0.0007873637621415907 0.004074623308256566 0.0007168593504596727 0.0003990155372082395 2.8960874461006722e-05 4.013370047684248e-06 1.1524618301399599e-05 5.641149819780265e-06 6.640962723188677e-07 0.00015376884960475537 0.0005614276623052529 5.999766586007714e-08 0.0 7.981935355974541e-07 1.759950188521367e-05 5.616552389223575e-06 4.5329346021318765e-06 1.6313677713772096e-06 3.389349993977233e-07 0.0 2.151591211601328e-06 7.30540327773497e-06 0.0 3.603259577781251e-05 3.2208330765389817e-05 6.983492188091717e-07 6.357057002062589e-06 8.772185988313874e-07 1.7933301020384294e-06 3.5575785598761314e-05 8.432664928690197e-05 1.5989786296392772e-05 7.1668721202707494e-06 0.00012375894423846022 0.0018009138378259565 2.748405596029789e-05 8.570575285147665e-07 3.0040987597633774e-06 1.5107507263057422e-06 0.0 0.0 1.47808280237108e-05 9.292654791395875e-06 5.126342234155483e-05 0.0002348148821937027 3.779994269875236e-05 1.0523088159074043e-05 1.172713958560741e-06 8.091450921741392e-07 2.1380483575232427e-07 2.8073479569071913e-07
2.9661009280055977e-07 5.215443421368961e-07 5.801458359855099e-06 0.0 3.9424471967365746e-07 0.00012635150316015777 4.888223325147675e-05 4.380707642165784e-05 0.0003991014379323249 0.001780768929380131 7.926818274695015e-07 0.0007965162919492482 5.171912590257442e-08 1.1855804952984894e-05 5.2275026282791166e-05 1.682981980045286e-07 0.0 3.332624337888463e-07 4.6701014340969013e-07 0.0012766940734385555 6.405537969092228e-07 6.721112694357945e-07 2.6420735813235063e-06 0.0006738245795315557 0.0 1.9408351646814094e-06 4.294290753292609e-06 0.0023041616747892834 4.486055048795271e-05 2.0988939605731987e-07 0.0 1.2560988100887168e-06 5.9381431642033305e-06 2.3990475422840794e-05 3.6873699148046465e-06 0.00011791563836860393 2.5348748067894283e-06 3.724986580094087e-05 1.8256262591866548e-05 4.5630048077431754e-05 5.799503538577393e-06 0.0 2.177228428202787e-06 0.0 0.0 2.446613323058842e-07 6.729037417633376e-05 0.0 6.089294981308159e-06 6.83484433527333e-05 1.4014525872057032e-05 0.00017535216901517375 0.00012738622828772537 5.2003243092647445e-08 2.4382371392936703e-05 0.0 5.032570048313337e-06 7.029370884633561e-07 2.6002921004077106e-07 1.3393991371230322e-07 0.0 0.0 2.765543784467258e-05 2.015547868156587e-07 3.3517229258570026e-07 4.843283738934149e-07 0.0001470649054666703 0.0 7.959939106253687e-08 7.908084720132886e-07 0.00013451360516982485 2.544100622296178e-06 3.241122535097723e-07 0.0 4.5046178548953545e-08 1.9211573884630265e-07 1.2312613645712591e-06 3.830397998997016e-07 4.468824479855848e-06 4.6178070771015996e-07 1.4688375695531634e-06 3.604839374308746e-07 1.4330214943870035e-05 0.0 0.0 1.0071845183933921e-07
6.784290619382677e-07 0.0 6.264184302406669e-07 3.9424471967365746e-07 0.0 8.708126493753053e-05 1.8133379663337186e-06 8.41720946253239e-06 1.923356259281255e-05 8.837236289063887e-06 1.328452656030474e-06 5.845810011928055e-05 9.455641265861238e-08 2.815402750216514e-06 0.00101936547261401 0.0 3.365826702177085e-07 3.5704857544915755e-08 2.2043818524932268e-07 3.406413881532759e-06 4.089854262390834e-08 8.458083057861441e-08 5.555801563575815e-07 4.036923749376581e-06 0.0 5.481541686956587e-07 2.161205564498422e-07 3.34181215895189e-07 1.5225921371188347e-05 6.512053598756193e-07 6.783869143916432e-08 5.557711808530029e-05 0.0 4.322667992939993e-05 0.0 1.1776978345003662e-05 1.2672748349690465e-07 8.053496686576173e-05 1.063744606646101e-05 0.0013080017341443179 4.1892973339617535e-05 1.015280049392637e-06 1.7056322837964396e-06 0.0 0.0 0.0 1.2774326374433844e-07 0.0 0.0 2.0257015127484484e-07 0.0 6.194600179695495e-08 3.317298956579994e-07 0.0 0.0 0.0 5.873951929764778e-08 0.0 0.0 0.0 0.0 0.0 0.0 0.0 0.0 0.0 4.8672889149758326e-08 0.0 0.0 4.730685270581878e-08 9.010639401356526e-07 0.0 0.0 0.0 0.0 0.0 0.0 0.0 0.0 0.0 0.0 0.0 5.5228665463512754e-08 0.0 0.0 0.0
2.406726094065169e-05 2.0008278649783906e-07 8.48892414754875e-05 0.00012635150316015777 8.708126493753053e-05 0.0 0.0007421397401462205 0.002231202221288167 4.83360422293821e-05 0.004095978483766556 0.00014116638233446264 0.001389379736409705 5.000065252445765e-06 0.000434394108866218 0.0005909670384636811 2.767961769957004e-07 1.3533952496165947e-05 2.3059986088677104e-05 3.493163854547811e-05 0.00014303461534637246 8.864466658076024e-06 3.473986368130728e-07 4.759798745762553e-05 0.00017501760514505293 8.267706331854772e-07 4.125760866606452e-05 2.00432784953423e-05 0.0002150416452853516 0.0005917456077187584 5.0300697073586214e-05 1.4816153541388166e-06 0.0009692240604361181 8.091685292496175e-06 0.000663560755393551 7.662771455750514e-06 0.0003003002288112009 2.4270246801317816e-05 0.00039537507492251443 5.939110180135992e-05 0.0023797322266461184 0.00017032835984986022 6.870886574872436e-06 6.9911644227589474e-06 2.7782556355510134e-07 1.2777033299301497e-07 7.785719290259097e-07 2.0493006968959015e-05 0.0 4.822845428660654e-06 7.116416360984784e-05 2.18857706207809e-05 3.44122804609601e-05 6.476159739645161e-05 1.5786311733991595e-07 8.456347457352942e-06 0.0 7.447257481783111e-06 1.0319582336087485e-07 7.077674725869689e-07 0.0 0.0 0.0 1.3754590276501268e-05 1.0624934835596352e-07 1.5420937094466138e-07 3.432006427183056e-07 6.829913335172951e-05 0.0 0.0 2.073237206703275e-06 9.340957472248251e-05 2.5480132566153044e-06 9.616452245410401e-07 1.114440442305237e-07 4.398875543580324e-07 4.0533009793681756e-07 4.053376237041006e-06 2.193329761185758e-06 6.590386470141242e-06 3.8423590320889666e-07 2.800014216886151e-06 8.16032117904388e-07 6.8052820331674426e-06 2.098343065040899e-07 0.0 6.779013023934043e-08
0.0007994086139338206 7.868258834721185e-06 0.0013923422503277184 4.888223325147675e-05 1.8133379663337186e-06 0.0007421397401462205 0.0 0.0032173817259913114 0.00010433087665849247 0.005999765073508665 1.4530336121482745e-05 9.218853125373533e-05 7.641551215054266e-07 0.004187196594259799 1.2778076344743795e-05 1.3374572984749216e-05 2.226971800040013e-05 4.260901967714593e-06 1.0583255879937834e-05 3.242941209620191e-05 0.00045097637537655836 2.0617950524927183e-05 0.0014522126518547625 0.0002998827452371219 2.6300289795729475e-06 0.00015450590250605406 0.00040252158606912577 0.009461982492820197 0.0006373598936771193 0.00249558575718337 3.066012310960312e-07 2.6559040994565846e-05 0.00014231101471944309 0.00029267218190139705 4.3984503207627617e-05 0.0013557927477378337 7.625482794339649e-05 0.0004161781691916007 0.00025608839411036784 9.509577979744027e-05 3.9022265318537255e-05 6.223930886313676e-07 1.42477382121084e-05 2.6352184709256487e-06 2.0560432204388024e-06 8.234114292732093e-06 3.1707386054587346e-05 0.0 2.2325538193944008e-05 0.0006622839801268851 0.00012237623217194253 0.00010208952631300908 0.00010088319816384838 2.199846085407735e-06 1.1150592843280536e-05 6.724074683809263e-07 6.374577680799944e-05 2.1188503531509302e-06 1.673928568506891e-05 8.162330439906976e-07 1.076768784479824e-06 2.5134879879394703e-07 1.6208384444206214e-05 1.0415783587937218e-05 8.601720606378928e-06 2.0548064927061388e-05 0.0003408145225564395 8.895719783163645e-08 2.591315633591012e-06 6.319264266221533e-05 0.0007860559141111331 3.9759905862446866e-05 3.3581366837207924e-05 4.7019482331145807e-07 6.0883174440211605e-06 3.3467317272650426e-06 2.8259223434268488e-05 1.1387401570065677e-05 0.00011587613880815601 6.6443953562613215e-06 4.291335617178612e-05 1.3023903900955145e-05 3.115426387585809e-05 3.956028131283137e-06 2.2119465461587406e-07 1.423302146832773e-07
0.0002733416775450344 1.8798327297936991e-06 0.000930969574012884 4.380707642165784e-05 8.41720946253239e-06 0.002231202221288167 0.0032173817259913114 0.0 3.0703629136795036e-05 0.0022880726379408364 2.6159448666915572e-05 0.0005171605382434305 7.876260048696661e-07 0.003752304076960025 3.2500802976562036e-05 1.1771812161688708e-06 0.0001179329225904765 8.877648777615844e-06 5.841094452269256e-05 6.205963081320622e-05 0.00010730352474834838 3.1978126595960317e-06 0.0004966993500603534 0.00030034159169371397 5.807280236457471e-07 0.0001754153572990608 8.440097099649072e-05 0.0003333997103650128 0.00043417919868608427 0.0005564859960056861 3.6156357701814177e-07 0.00035392252163535205 3.135940297721081e-05 0.00020059610071306385 5.1420353897273756e-06 0.00021866068713789747 5.67402365926021e-05 0.00014558774062390948 6.196693400870617e-05 0.00031424741737509534 2.9166940875293632e-05 1.956975457501105e-06 3.918854310586281e-06 6.988010038049161e-07 9.416400222463715e-07 2.8858174505754195e-06 2.0692283006776963e-05 0.0 9.906483268196987e-06 0.0002005069507806523 5.348047477695344e-05 2.22775073535363e-05 6.791097238356668e-05 7.959525420843121e-07 7.4207187120021236e-06 2.6198330010466275e-07 2.4057112462348282e-05 8.928820207643954e-07 1.4847703553622149e-06 2.2800186334009359e-07 7.533838449779253e-07 9.020085393467539e-08 8.66075868553429e-06 1.1817594605640796e-06 1.0934790656369863e-06 2.6398579365559473e-06 9.735139032970212e-05 1.400413529507245e-07 1.7449042245620202e-06 1.48237518828371e-05 0.0002087257359690984 1.1403667442884114e-05 3.3244687804479436e-06 1.1760067338485552e-07 1.1933090640161871e-06 1.211478604209924e-06 1.147167848094153e-05 2.4243664103747426e-06 2.332494936465918e-05 1.846677268331085e-06 1.2138641132921041e-05 2.1850543993798027e-06 9.357793454317288e-06 1.4288648583191074e-06 1.2254721058400416e-07 0.0
0.0 0.0003601346831645664 1.4740654697036824e-05 0.0003991014379323249 1.923356259281255e-05 4.83360422293821e-05 0.00010433087665849247 3.0703629136795036e-05 0.0 0.0002629610255716863 6.8945234150976e-06 0.0003326609349820417 4.3879214836716374e-05 1.8075496849438415e-05 0.00020375400593062231 8.585260084442976e-05 7.91676182419043e-06 2.1563499224335565e-07 3.177068348288946e-07 0.00035225701645643607 0.00013645994291918863 0.0015091744785022667 2.6454431163789352e-05 0.0053560002003186415 0.00020882041070457812 3.5010988477929566e-05 0.0005230562795371983 0.0008899724515009754 1.4145729760503519e-05 2.6889824324382123e-05 9.115712341384547e-06 1.1345538546861585e-06 1.0934513464204742e-06 9.168539748471726e-06 2.5419196838993628e-06 0.00012097546947589071 8.199658049684548e-06 1.082971932692391e-05 8.781584943781967e-06 6.607377245873633e-05 2.849851160195806e-06 3.7268517999602537e-06 6.620926986743265e-07 2.50501782694989e-06 9.956245823643708e-07 9.613549852274583e-07 4.3160480294349824e-05 1.2687418983988214e-07 8.078567072919183e-06 0.00020985129079926061 5.366232204674307e-05 4.239303273209885e-05 6.655122280608651e-05 1.6167859867267273e-06 1.5211656254690642e-05 1.5085932727761575e-06 3.640529519640539e-05 7.447494141762845e-07 0.00018539998202550493 3.26626161826176e-07 3.032047190300083e-07 6.409445613952383e-08 2.254806317978545e-05 0.00014493167505307745 1.7848641811331406e-05 4.852828715411488e-05 0.0007812598896529944 7.226267361530868e-08 3.036880671329265e-06 3.1842208012885756e-05 0.0006949541975208462 2.6001556081181e-05 2.631764721067116e-05 6.442088336817975e-08 2.0600649681083054e-06 5.525769274029363e-06 1.7408251836615743e-05 6.3317756189551655e-06 9.765637162349973e-05 4.364254399869585e-06 2.8697765923203634e-05 9.803405605165254e-06 2.7030919260856594e-05 1.619144265979942e-06 1.0677417348721668e-07 7.40775367455058e-08
9.62699210471343e-06 8.261938154065629e-07 0.0001191504936920879 0.001780768929380131 8.837236289063887e-06 0.004095978483766556 0.005999765073508665 0.0022880726379408364 0.0002629610255716863 0.0 5.14232205087244e-05 0.002360087739123046 2.2695890009961207e-06 0.000636075284998101 0.00013879694635945684 7.93487825818867e-07 3.842479261800999e-06 1.3472337891939918e-05 1.993155199229552e-05 0.0017085422455161733 9.83251663699258e-06 8.156650485693147e-07 5.657610238486036e-05 0.000583126027938996 4.088802796041729e-07 3.330844419131937e-05 4.205772312902873e-05 0.005847826695194437 0.0011412734043177934 9.063302638994324e-06 6.954060019582757e-07 7.009549331706637e-05 4.8846600313350746e-05 0.0005959869375085216 3.558102830145136e-05 0.0011553904506010466 3.973690204310168e-05 0.0006219113864692406 0.00023544359749557372 0.0005041382655753546 0.00011035766512677076 1.8207108191250923e-06 2.1140597159942084e-05 4.4427136278693534e-07 7.362155563388294e-08 2.328521364794713e-06 9.039944025625724e-05 0.0 1.8618137087689626e-05 0.00017268173525346892 4.205693251006535e-05 0.00018798381512901148 0.0002618132025662892 8.470338631524706e-07 4.102691986914688e-05 6.320226536433162e-08 1.172633638307557e-05 2.990111265556563e-07 1.1056684716187687e-06 1.5690522246323967e-07 0.0 0.0 5.14296772318517e-05 1.8814220349682925e-07 4.26108322271553e-07 1.9720191159863063e-06 0.00029601815092964064 2.405566038163295e-07 7.979104411508868e-07 5.75111518718513e-06 0.00027960502899729555 6.179821335311489e-06 5.6399926619702696e-08 0.0 9.572766330061676e-07 2.670130570826258e-07 3.0627900954160464e-06 3.3179241539500723e-06 1.0754867042856066e-05 4.031030500570866e-07 6.500788924953953e-06 1.4771618701137876e-06 3.310667507760997e-05 3.019102698522987e-07 8.473199589211018e-08 0.0
3.6265428374156016e-06 8.273079723481915e-05 1.035994079367353e-05 7.926818274695015e-07 1.328452656030474e-06 0.00014116638233446264 1.4530336121482745e-05 2.6159448666915572e-05 6.8945234150976e-06 5.14232205087244e-05 0.0 2.1776721029381135e-05 0.001117856738780437 4.8272423110014006e-05 6.393543558240257e-06 1.2897279642864692e-06 0.0002463112120644793 0.0017247528446062998 0.0007081773021589342 7.940518072109486e-06 1.1485957029311306e-05 3.075140196386796e-05 2.4494823389125585e-05 1.02069309001358e-05 0.0003973000382119755 0.0010236148484870354 0.0005705507098108527 2.077590765342365e-05 0.00010538667621889827 1.1338307984455251e-05 0.0003119446566729991 3.945221083584645e-05 2.006842246760263e-06 0.0038467429941253413 5.275866830498787e-06 0.00046108067174835095 0.003310848415378022 0.002939621276732506 0.0007757231495479741 9.193644906660174e-05 3.723043301002553e-05 0.001769780817006577 1.3027704970206984e-05 0.0 2.806845550887086e-06 6.490781346295583e-07 3.8218753435463725e-07 0.0 1.1856456612648389e-07 2.278434532748202e-06 4.6592176749004645e-07 5.833312451894225e-07 6.865038656544069e-07 0.00024491722792599604 6.111717332736903e-08 0.0008405238591173627 7.61945727899109e-08 0.0 0.0 6.396114582480201e-08 3.0013822717660236e-05 8.219694383526866e-06 0.0 0.0 5.860288076527442e-07 1.8901668742768057e-07 1.6635596364070615e-06 0.00014227287669535822 0.0001182618635028276 0.00016920112817914932 2.2624300688685903e-06 2.720073716968557e-07 0.0 9.979840779654807e-05 0.0 0.0 4.428252670327812e-06 1.2068277980746498e-05 3.97219761052615e-06 0.00020277852695794267 3.1866736064155185e-06 1.4406050074888594e-07 1.1461507958692236e-07 1.999341589264067e-07 9.892164636884298e-05 1.2844417758807186e-07
1.3549804815001132e-06 4.0692739867162215e-07 1.7927905666057242e-06 0.0007965162919492482 5.845810011928055e-05 0.001389379736409705 9.218853125373533e-05 0.0005171605382434305 0.0003326609349820417 0.002360087739123046 2.1776721029381135e-05 0.0 3.7943017962962904e-07 0.00010528700443750564 0.0012934793860080538 0.0 5.696945759009697e-07 4.3929744712647075e-06 5.320797482044163e-06 0.0018466843803030364 2.982151405784618e-07 1.0726171101516836e-06 1.2544561263056367e-06 0.00023928285805930346 3.0440602686106224e-07 5.946780390822499e-06 4.075484128295947e-06 0.0002989051417489885 0.00021440229940109356 6.252903680496584e-07 6.100983161726125e-07 2.7941230842992412e-05 6.791997756366836e-07 0.00015972313051925717 2.615724974926143e-06 0.00035677615181607463 6.76612823839348e-06 0.00011516478764232472 2.6450690613233832e-05 0.0011820098204846036 2.362847712726176e-05 5.041076158259228e-06 4.895139372419694e-06 0.0 0.0 2.1703951538566956e-07 0.0001910802817737063 0.0 7.780718624120942e-06 6.736229725609254e-05 1.4074144902977908e-05 0.0002811401717404261 0.0001988712340888256 2.6824316900297603e-07 7.727468309726619e-05 0.0 3.7235406535227375e-06 3.0333691101771917e-07 1.0227954076319349e-07 1.5629386558471637e-07 1.3824333163414605e-07 0.0 4.901057496354723e-05 2.961484483662529e-07 2.0387391028596225e-07 2.820377709170938e-07 0.00013988653627086274 0.0 1.6226167430367336e-07 4.97992967902916e-07 0.00013981075015984486 1.4239664904274114e-06 1.5115450300132444e-07 0.0 1.3132678493831232e-07 2.39246775252631e-07 3.768265150564069e-06 3.039161852927174e-07 4.384198691575556e-06 1.0269661938819426e-07 1.2261400099202492e-06 1.99571089761027e-07 4.168897584463851e-05 0.0 0.0 8.124125760664738e-08
0.0 0.00040684219641444274 5.116697583676824e-07 5.171912590257442e-08 9.455641265861238e-08 5.000065252445765e-06 7.641551215054266e-07 7.876260048696661e-07 4.3879214836716374e-05 2.2695890009961207e-06 0.001117856738780437 3.7943017962962904e-07 0.0 1.674737257531928e-06 9.87372896592658e-07 4.578124930165043e-06 9.123386167517139e-07 2.1450889348091942e-05 2.4083122335140695e-06 1.7035415140992677e-07 2.054031092070545e-06 0.00015079529537132203 1.61544968631126e-06 3.756020224903282e-05 0.0032215873792903246 9.748411104951997e-05 0.0020668231162471198 1.967405782886333e-06 2.339647901315218e-06 1.3016771545821235e-06 0.0008831585414793352 1.0742918622007628e-06 4.992061233094412e-08 0.00039389662758329325 3.2558756197270742e-06 0.00010912195276812476 0.0011449947736390613 0.0006819806802496018 9.453249190192251e-05 4.694058455168659e-06 1.8005924058151782e-05 0.0005519725536880328 9.512388108033934e-06 0.0 5.51289403728097e-06 3.577061278357507e-07 0.0 0.0 0.0 0.0 0.0 1.8691599616266706e-07 0.0 0.00030033509432370113 0.0 0.0009252335474060419 0.0 0.0 0.0 6.087728262515848e-08 3.829938547248319e-05 8.322534129655769e-06 0.0 0.0 2.3318390395856355e-07 1.3453922228999432e-07 1.3226111370177805e-07 0.0002566199513981769 0.00021158298386840356 0.00024024260622845816 7.364531291410385e-08 0.0 0.0 0.00018199778675064978 0.0 0.0 2.3179814194665298e-06 1.578157710064433e-06 1.1540800163485712e-06 0.00019315846458566963 1.3715903287670898e-05 1.5819663686465875e-07 0.0 6.191832559302027e-08 8.327673222693674e-05 0.0
0.0033486645378025693 1.2806370648973294e-06 0.0010697769686411392 1.1855804952984894e-05 2.815402750216514e-06 0.000434394108866218 0.004187196594259799 0.003752304076960025 1.8075496849438415e-05 0.000636075284998101 4.8272423110014006e-05 0.00010528700443750564 1.674737257531928e-06 0.0 1.0183305114143012e-05 8.67315645877826e-08 0.00024394449918229102 1.7314745112453034e-05 0.00012785929141670505 8.280031617435896e-05 0.00019230657281034405 2.430817126078741e-06 0.0010313750366583842 0.00011327070018118119 1.4620722025083513e-07 0.00022355781915398787 9.016274385920745e-05 0.00014292030800743896 0.0029450407435161405 0.002143712316575858 4.5526041677271617e-07 0.0002876559602670381 2.6135400989668295e-05 0.0004847578209905361 5.629773212914244e-06 0.00022718273863221557 7.640694819823861e-05 0.00018876000517443757 5.8920009214754914e-05 0.0001446185036484022 1.5766111541346287e-05 1.4599455985550745e-06 2.4624284168979236e-06 0.0 5.035982618408235e-07 1.8255510340122165e-06 3.2243074657437954e-06 0.0 8.844657163008279e-07 4.5745079351496257e-05 8.292444513902063e-06 5.454269213410403e-06 6.588617816856644e-06 1.1398202525271549e-07 1.1885753339330465e-06 0.0 3.885073116485959e-06 0.0 1.3494660635797875e-06 1.6091344984593042e-07 0.0 1.260821275655768e-07 5.385066387639053e-07 4.700278819404267e-07 5.883555682451143e-07 1.235737774300013e-06 2.178085709970205e-05 1.9309749614505548e-07 1.144196108408424e-06 1.1635639030181408e-05 4.9303669925151796e-05 1.91965649325158e-06 2.2440991024720732e-06 0.0 2.9850265576214524e-07 4.961873572560236e-08 2.5036743195381297e-06 8.44863362474424e-07 7.181112055294015e-06 1.8108932079041616e-06 3.2933166536711076e-06 4.4356724689577727e-07 1.2521003513402586e-06 6.962983074336737e-08 0.0 5.726512461302251e-08
2.639903529887934e-07 5.492537809342579e-06 4.2103189664716917e-07 5.2275026282791166e-05 0.00101936547261401 0.0005909670384636811 1.2778076344743795e-05 3.2500802976562036e-05 0.00020375400593062231 0.00013879694635945684 6.393543558240257e-06 0.0012934793860080538 9.87372896592658e-07 1.0183305114143012e-05 0.0 0.0 6.215356615770217e-08 9.201561813594464e-07 1.40635664422763e-06 0.000157658026336183 7.027707922809847e-08 2.057088018882584e-05 6.771473874960295e-08 0.000501615047368193 3.4390259268723557e-06 2.6786442796608143e-06 1.3177845810135514e-05 3.073890200229855e-05 4.5429874085153244e-05 2.8417056724775606e-06 3.125076465295893e-07 0.0002243183261948103 8.205561951271917e-08 4.217472197043136e-05 0.0 1.3134160721584108e-05 9.385663434692083e-07 1.7137500652019457e-05 1.2784172622472932e-06 0.0007690970628059067 4.244372150126944e-05 2.4356469319221467e-07 1.7069771676106753e-07 0.0 2.5349009393197537e-07 0.0 4.204651982939519e-06 0.0 0.0 5.293973395500114e-07 2.37590967854285e-07 1.1560347993928762e-07 1.760816010674976e-07 0.0 4.229817069596149e-06 0.0 0.0 0.0 3.3798355162847375e-07 0.0 0.0 0.0 1.232238653341143e-07 0.0 8.761848393266226e-08 0.0 9.934740012888106e-07 4.9868089194829084e-08 2.0036562286894218e-07 0.0 8.590390988364071e-07 0.0 0.0 0.0 0.0 0.0 0.0 0.0 1.3493288773539297e-07 0.0 0.0 0.0 0.0 0.0 0.0 0.0
1.0040016832532751e-07 0.00020389616593497872 7.3071901205606145e-06 1.682981980045286e-07 0.0 2.767961769957004e-07 1.3374572984749216e-05 1.1771812161688708e-06 8.585260084442976e-05 7.93487825818867e-07 1.2897279642864692e-06 0.0 4.578124930165043e-06 8.67315645877826e-08 0.0 0.0 9.286390310593437e-06 2.8815375318583337e-07 8.808139054715538e-07 0.0 0.0018201112832689425 0.0016169962029419058 0.00074596137846418 0.001170193247551933 3.468518838698885e-05 1.6779018711105287e-05 0.0027099359446151336 0.0012451313265281411 4.937687074609161e-07 1.2608909961761409e-05 2.3372057714320547e-06 6.403695310278715e-08 3.9965608423783653e-07 3.839428138819397e-05 7.977355434088813e-06 0.0005995370972490208 0.0004997660740884831 0.00018596772748646342 0.00034037186608653155 1.7663296615376724e-05 2.262360809060712e-06 4.457070222560727e-07 4.640911383385818e-06 0.0 5.6535656630859e-07 1.0659055002260388e-05 1.474805167988409e-07 0.0 1.298351900019238e-07 1.3645735240547197e-05 1.4439601318971242e-07 5.993342380388887e-06 1.2811783877415826e-06 0.0 0.0 2.58757117844931e-07 4.6414947725307157e-07 0.0 0.0011236606291144277 2.388797823843622e-07 1.3331814301088685e-07 0.0 1.5109832857531028e-07 0.00019594045371771344 0.00045006635213162437 0.0009074760420534484 6.696693545677265e-05 3.0973015713920785e-07 7.020754557347806e-07 0.0002514925214643551 7.997149052736338e-05 8.343163009542784e-08 6.785217291907374e-06 1.9733715031057009e-07 0.0 7.90661450244744e-08 1.5696394084424515e-06 2.15566288731478e-06 0.00018467674886936137 2.7530777072504584e-06 3.991491227078728e-06 2.547263628638139e-06 3.267481598330557e-07 0.0 0.0 0.0
4.93717168213612e-05 3.1963002116842284e-05 0.0021195100539201784 0.0 3.365826702177085e-07 1.3533952496165947e-05 2.226971800040013e-05 0.0001179329225904765 7.91676182419043e-06 3.842479261800999e-06 0.0002463112120644793 5.696945759009697e-07 9.123386167517139e-07 0.00024394449918229102 6.215356615770217e-08 9.286390310593437e-06 0.0 0.0001232590324938194 0.0014841423923646596 4.512954409261347e-07 0.0006222202191522262 1.0993625128321593e-05 0.0019069646248793203 2.83330406397792e-05 4.68289179747184e-07 0.0021643878315236384 0.002402216840271674 1.62434116266471e-05 0.00018235200129906526 0.000764501141804199 8.186833701594333e-07 3.974829908572112e-06 2.4931433733969624e-05 0.0008947583414312236 1.8660276997191627e-06 0.00017042827518041372 0.0007915156906645055 0.0005090941879420507 0.00018923135759524315 8.847014419517992e-06 1.0652419490186584e-06 3.3216057199245193e-06 4.4281954970541687e-07 0.0 9.166356697679443e-06 1.675337091818898e-05 0.0 0.0 0.0 4.935191580455036e-07 1.458515157945322e-07 6.661063790959898e-07 6.936775988877193e-08 0.0 0.0 5.095442058329628e-07 2.3549082141525125e-07 0.0 9.141230030812732e-07 6.94842021522029e-06 6.277444793252002e-08 1.9021795367990977e-06 0.0 9.331635049536942e-08 1.2323258637313002e-06 1.2198940293052436e-06 6.809215882245549e-07 1.980768892182864e-06 5.076729393542565e-05 0.00015019836259811987 1.181041403818686e-06 1.8004478472335632e-07 5.495424044086842e-08 2.990335504459795e-07 0.0 0.0 1.699414466861245e-06 1.4012346682838365e-06 5.598324662571039e-06 7.193780384340335e-05 4.581281823941846e-06 2.1189165925200433e-06 8.373667720563755e-07 0.0 0.0 0.0
1.9252397408540108e-06 7.068944415253964e-07 1.8458292017694048e-05 3.332624337888463e-07 3.5704857544915755e-08 2.3059986088677104e-05 4.260901967714593e-06 8.877648777615844e-06 2.1563499224335565e-07 1.3472337891939918e-05 0.0017247528446062998 4.3929744712647075e-06 2.1450889348091942e-05 1.7314745112453034e-05 9.201561813594464e-07 2.8815375318583337e-07 0.0001232590324938194 0.0 0.0004884383860623083 1.924572097238854e-06 4.997139881035292e-06 1.6928851958534869e-07 1.9657070981613004e-05 8.499489163235559e-07 1.7288205018840505e-05 0.0016741055538117668 0.0001386202002092902 2.015917446558672e-06 2.17748408205876e-05 8.560487774783063e-06 4.648138936345494e-05 4.813599397242552e-06 1.1186862807235393e-06 0.0005848148651925204 5.186376338837336e-06 0.00033921046669636276 0.0006908198860750239 0.0012151561667552806 0.00041557532706855134 2.2573704343985668e-05 2.7411947945573194e-06 3.654610387939845e-05 3.4101610751418856e-06 0.0 9.698925660424407e-07 0.0 4.911620544694034e-08 0.0 0.0 2.3988757662993545e-07 0.0 0.0 4.926551261709475e-07 1.9606391895051494e-05 0.0 7.207844997230828e-05 0.0 0.0 7.083653426329061e-08 5.298952149119695e-08 2.075592871269704e-05 7.159840424126189e-06 0.0 0.0 6.546615590614726e-08 0.0 1.6691670570779598e-07 1.8925317554827255e-05 0.00012300368071517723 0.00011557020940484304 6.328673967665201e-07 0.0 0.0 5.486946131274989e-05 0.0 0.0 2.6834263319850154e-07 4.1870742050057366e-06 1.9329867552765447e-06 1.4813201277558499e-05 3.3011551415081313e-07 3.4256107436821845e-07 1.34691467697099e-07 0.0 3.353880580111948e-07 0.0
1.8834962194935577e-05 5.995396794899851e-07 0.00011249203244402881 4.6701014340969013e-07 2.2043818524932268e-07 3.493163854547811e-05 1.0583255879937834e-05 5.841094452269256e-05 3.177068348288946e-07 1.993155199229552e-05 0.0007081773021589342 5.320797482044163e-06 2.4083122335140695e-06 0.00012785929141670505 1.40635664422763e-06 8.808139054715538e-07 0.0014841423923646596 0.0004884383860623083 0.0 2.74525764791324e-06 8.001736644720443e-05 7.029897836497808e-07 0.000372787662484466 3.021078146721119e-06 1.2136750653679865e-06 0.0012246100163895825 0.00033737398110530027 8.880113415024901e-06 0.00013591544557467705 0.00013958986291611922 2.6890378770841642e-06 7.024274066268338e-06 2.1520533267843983e-05 0.0017506809774293871 3.1317599794060155e-06 0.0004124028347853537 0.0005106312867681612 0.0017306304304536616 0.00043765739329725115 2.6783333226224772e-05 2.43725510528067e-06 4.33677208707523e-06 2.654881054145878e-06 0.0 2.282421774772323e-06 1.0862598107593155e-06 5.68000678475796e-08 0.0 0.0 8.146037371191721e-07 9.919059730024781e-08 1.5340255535632626e-07 0.0 9.464856901724681e-07 0.0 5.274692634928987e-06 0.0 0.0 0.0 4.2703085603047536e-07 2.1274827432447346e-06 1.8649276482743568e-06 0.0 0.0 3.054119476699332e-07 1.665230020289952e-07 7.680270898222599e-07 2.0366357830482157e-06 3.3190286882612723e-05 4.527301799739086e-05 7.359709151364097e-07 1.583945807456062e-07 0.0 3.889648335663228e-06 0.0 0.0 1.128098321573497e-07 4.496824654523101e-06 1.1522323346218591e-06 2.8007098067286435e-06 4.036877152417789e-07 1.0394994854196087e-07 0.0 0.0 0.0 0.0
1.6177934798842591e-06 1.2563975276592113e-07 2.2993232038232116e-06 0.0012766940734385555 3.406413881532759e-06 0.00014303461534637246 3.242941209620191e-05 6.205963081320622e-05 0.00035225701645643607 0.0017085422455161733 7.940518072109486e-06 0.0018466843803030364 1.7035415140992677e-07 8.280031617435896e-05 0.000157658026336183 0.0 4.512954409261347e-07 1.924572097238854e-06 2.74525764791324e-06 0.0 1.2765707609768704e-07 0.0 1.011126893520166e-06 0.0003551167721037007 0.0 2.7537756627847055e-06 1.6431765590620557e-06 0.0013076895940545997 0.00017056240404359909 7.219008033268634e-07 9.151453929280928e-08 9.888085861705992e-06 2.8122280779077424e-06 0.00011539419952485867 7.308826945074825e-06 0.00031165516390960544 6.216885665103124e-06 0.0001273115496310947 4.9000886351824935e-05 0.00028723684055425653 2.517638010584641e-05 6.020677150484594e-07 5.6294908640190175e-06 0.0 4.154173550051322e-07 5.672366412852193e-07 7.067031300882928e-05 0.0 9.35653015102475e-06 8.259626138184772e-05 1.9348036925688047e-05 0.00015849064165219517 0.00015154328319766757 3.523424881157249e-07 2.7313856615933007e-05 0.0 4.744108105231642e-06 3.9910225429192624e-07 1.7177752361946885e-07 0.0 0.0 0.0 2.9298504406236834e-05 0.0 3.3208840071100514e-07 1.954296141928929e-07 0.00013055498068945202 0.0 0.0 1.1998726877357193e-06 0.00013772837965768864 2.8657149920641963e-06 9.121222300334353e-08 0.0 7.7236538138598e-08 8.334102649083559e-08 2.5651397991584984e-06 1.0342526774180056e-06 6.064552870778801e-06 0.0 1.2196989816045045e-06 9.276150688638634e-07 1.508148219248768e-05 6.308674935285795e-07 0.0 0.0
2.842558730887801e-05 8.58627213741162e-06 0.0004905659580757677 6.405537969092228e-07 4.089854262390834e-08 8.864466658076024e-06 0.00045097637537655836 0.00010730352474834838 0.00013645994291918863 9.83251663699258e-06 1.1485957029311306e-05 2.982151405784618e-07 2.054031092070545e-06 0.00019230657281034405 7.027707922809847e-08 0.0018201112832689425 0.0006222202191522262 4.997139881035292e-06 8.001736644720443e-05 1.2765707609768704e-07 0.0 0.0002991386266836384 0.007603515165608332 0.00022585963312775042 1.8408808886287296e-06 3.482518147982779e-05 0.0006728158762342768 0.0008720526113622555 5.379256120131308e-05 0.007234851522548856 3.181320332726633e-07 1.0242398870690159e-06 7.84585105021864e-06 0.002237060973791787 5.79820958834558e-05 0.0040895839742461915 0.0018891576507901963 0.0030331231435230845 0.0035139317868234806 0.00010008538520831443 3.412293258782279e-05 5.179520654938446e-06 3.446852458168712e-05 0.0 6.192152190543462e-07 3.0726155301468796e-06 0.0 0.0 0.0 8.312464082397568e-06 5.876090897444454e-07 1.924508235031516e-05 1.6447628199020077e-07 0.0 6.895650707841391e-08 0.0 2.773827586296723e-07 0.0 0.0003733717080443066 6.937631939166384e-07 6.497669667182328e-08 0.0 0.0 0.0002484531047810239 0.00028914122039944986 0.00014305603605913337 0.00013393356030060754 0.0 8.202076833296565e-07 3.789616084976582e-05 0.000168076861666483 0.0 1.4020365388595292e-05 0.0 0.0 0.0 7.403599424246974e-07 3.077097830209143e-05 6.445783889526742e-05 2.6269730888861047e-06 1.6610191702137339e-06 3.7836892075041453e-06 0.0 8.430873970516736e-07 0.0 1.0362099790876724e-06
6.231266012295543e-08 0.0014956432569272068 0.00043002639754311753 6.721112694357945e-07 8.458083057861441e-08 3.473986368130728e-07 2.0617950524927183e-05 3.1978126595960317e-06 0.0015091744785022667 8.156650485693147e-07 3.075140196386796e-05 1.0726171101516836e-06 0.00015079529537132203 2.430817126078741e-06 2.057088018882584e-05 0.0016169962029419058 1.0993625128321593e-05 1.6928851958534869e-07 7.029897836497808e-07 0.0 0.0002991386266836384 0.0 0.00045489696451342674 0.003242775542324713 0.0006574750682833344 0.00010308795500477007 0.003250629881228428 0.00028042568923506816 9.241405797742871e-07 3.1805494135236805e-06 1.3727196493149442e-05 0.0 2.334702434651328e-07 2.410585058724035e-05 1.392940409618901e-06 5.372855124577134e-05 5.5632688695974535e-05 2.9646882329515054e-05 1.6356595070830452e-05 1.090368816132811e-05 2.2949444278658584e-07 1.780626107918802e-05 0.0 8.307155747293656e-08 8.36001805430818e-05 0.00025198178926881407 1.757757816425658e-07 0.0 5.102367752366911e-07 2.129208079040609e-05 2.134827293760215e-06 1.2747381475118377e-05 1.6720617987541869e-06 3.594963500162212e-06 0.0 1.8006061846553723e-05 2.898225231412389e-06 0.0 0.001030933772510384 2.1235640948114603e-05 4.269723828211607e-07 4.648361630141364e-06 7.62178043608531e-08 0.0001255715451508269 0.00020136011229204031 0.0005763271093633507 6.708829236118705e-05 6.566910080211267e-05 6.139510367912089e-05 0.002415611734409995 6.172036017232993e-05 1.9884455953789628e-07 3.052160177334406e-06 1.9761249006735938e-06 1.7298619138042422e-07 0.0 1.027850240942491e-05 6.742311347519538e-07 4.0973113859016625e-05 1.944507687500428e-05 2.6016543785082253e-05 8.305747343461031e-06 9.624198045922422e-07 5.7116434912311784e-08 4.006740194153953e-06 0.0
0.00019732763547921866 3.821221869230029e-05 0.004737203271295524 2.6420735813235063e-06 5.555801563575815e-07 4.759798745762553e-05 0.0014522126518547625 0.0004966993500603534 2.6454431163789352e-05 5.657610238486036e-05 2.4494823389125585e-05 1.2544561263056367e-06 1.61544968631126e-06 0.0010313750366583842 6.771473874960295e-08 0.00074596137846418 0.0019069646248793203 1.9657070981613004e-05 0.000372787662484466 1.011126893520166e-06 0.007603515165608332 0.00045489696451342674 0.0 0.00031295607313196915 2.208224075223237e-06 0.0009985986561610633 0.004506430832024398 0.0014359311839566027 0.0002720234588476361 0.003248105311174194 5.293969046450627e-07 8.33543758982366e-06 1.9310775411904333e-05 0.0018407534061597995 7.398593816919525e-05 0.004920652768896355 0.00623407448786062 0.0034933095823881082 0.004698444056419136 0.00020234933978582632 2.624854955065142e-05 7.808401557134395e-06 3.948348677671676e-05 1.9053147570160925e-07 1.5512986920504846e-05 0.00026907731971984505 3.795017716750343e-07 0.0 1.2170638590659636e-06 5.1675347510184395e-05 4.046606344117222e-06 1.9387037089094077e-05 3.1193434861325458e-06 1.1855104870717654e-06 0.0 2.904450953103464e-07 3.620871237200127e-06 0.0 0.0012127631305724276 4.108844300951678e-06 5.301688704873968e-08 9.273952411393971e-07 6.682712833598062e-07 8.555578892705788e-05 0.00033448525779668697 0.001198701422961694 8.947181265639584e-05 9.919343087325987e-07 1.0703814841302772e-05 0.0014139586330953336 0.00014250765211724957 7.292215487703708e-07 1.0823281978573117e-05 2.2333388515018975e-07 1.2795051745869373e-07 7.791650963633906e-08 1.1454710035905547e-05 4.87445751059574e-05 0.00014572360312814153 2.410004663732438e-05 2.4720201313197246e-05 1.4619063570022075e-05 3.822811822938705e-07 3.307152385167519e-07 2.918742216469025e-07 9.802587405581451e-08
