0.0 5.9520647576459427e-08 5.896855956775744e-05 4.903715061989695e-06 0.0 8.101662618589911e-06 0.00140921887255792 0.0008477135370055802 3.995005918846651e-06 3.1243868316836706e-05 2.6367204248070243e-06 5.2018222770356534e-06 0.0 0.00312832615578415 5.9588984431716434e-08 7.074709193353739e-07 0.00010927306925621907 2.2236398564635205e-06 1.8538794985370032e-05 8.022592006244676e-06 2.6667116272039537e-05 2.332877423642762e-06 0.00016895276551708493 5.577785762197759e-05 0.0 6.583304186907605e-05 7.552160123090644e-06 9.966541307279627e-05 0.002433110667594141 0.002306446687145628 0.0 3.6243079377536934e-06 3.297029329813978e-05 0.00011585157549293189 1.368837046357428e-06 3.0372611589091802e-05 2.5346527617282752e-06 7.791843689061985e-05 1.7302114047215043e-05 6.101010744883071e-06 1.4829419454085187e-06 0.0 1.6882882205920196e-07 0.0 0.0 6.030812423407319e-08 0.0 0.0 1.6813789400504303e-07 1.315156911272831e-06 3.965980960512642e-07 1.5699915129657073e-06 3.3160529412943883e-07 0.0 0.0 0.0 9.427992273183104e-07 0.0 3.849927440164348e-07 0.0 0.0 0.0 2.810365407926289e-07 2.2286624360789955e-07 4.057713096370885e-07 0.0 4.2190459582187935e-06 0.0 1.7384348368126104e-07 3.0635508329089547e-07 4.246212604023033e-06 5.658245375029754e-08 9.088079310215399e-07 0.0 0.0 0.0 0.0 0.0 9.473952380272879e-07 0.0 2.2053080443282768e-07 0.0 0.0 0.0 0.0 0.0
5.9520647576459427e-08 0.0 1.1281651355617466e-05 6.622934934255661e-08 8.526760859123468e-08 0.0 1.527993384820711e-06 2.9646223632700925e-07 0.00031951265509989673 1.7955134900125635e-07 3.5737801537981746e-05 7.246110630703151e-07 0.0007838203105287715 7.083033009910853e-07 3.4987980576219165e-06 0.00010276719874510441 1.1899883257523086e-05 2.0188978893956962e-06 9.837995849016627e-06 8.08606789415866e-08 5.523238199504173e-06 0.001987052447497281 1.0565206009012622e-05 0.0002948358304150276 0.0016410318531212503 0.0001650748229121328 0.005449332879388876 1.944152658641664e-05 7.978971733751509e-07 1.5949287760250709e-06 4.4765161689702455e-05 2.2140784170101847e-07 4.4650706336314127e-07 9.842748177749187e-06 0.0 1.1750511402776513e-05 0.0001881400525462877 1.6587157912032143e-05 3.860888166741693e-06 1.8747796492588651e-06 0.0 9.30890284192965e-05 0.0 1.2600199069638052e-07 0.00010750826182001223 6.023285963854322e-05 5.081588513370238e-07 0.0 0.0 1.0353047495466696e-06 6.084119119113424e-08 4.287290016047702e-07 0.0 3.642490612092985e-07 0.0 7.274243957514702e-06 1.836561427774337e-07 0.0 6.682420215833966e-06 3.529730519799126e-06 2.570601085695838e-07 1.4356107473563251e-06 0.0 3.4721754049821883e-07 1.3932319757057558e-05 8.662346614481653e-06 2.774904175637739e-07 1.642036205556485e-05 6.63011298391395e-05 0.0011210001988019543 3.7637294829332357e-07 1.1524346390105494e-07 2.8057137946152454e-07 1.8992950557608312e-06 0.0 0.0 1.6243836959491084e-06 0.0 4.339245467730275e-06 5.393905237826565e-06 3.74026504458241e-06 7.975339432204542e-07 7.658855261030684e-08 0.0 1.9410877109375537e-06 0.0
5.896855956775744e-05 1.1281651355617466e-05 0.0 1.7396502280199605e-06 0.0 5.167054664087739e-06 0.0007485296691405374 0.00010961836672747576 1.1202940126134195e-06 1.768803346143347e-05 7.764222145183991e-06 7.388431574658434e-07 8.796144971150062e-07 0.00014533190675689595 5.19816137927099e-07 1.861957202920727e-05 0.0010813109915160993 1.159252757158511e-05 9.280112889536344e-05 1.260302653105366e-06 0.0004322628767680893 1.1544556164279107e-05 0.0058706528453609545 2.421220030698122e-05 2.930500539579221e-07 0.004797673034909987 0.0035256694142738057 0.00029694958271706353 4.7581521501829924e-05 0.000267418955953664 1.6941004641848133e-07 1.2126318905546519e-06 4.945420494546022e-06 0.0002662322735849958 1.1140184495062321e-05 0.0005876044140570452 0.0007951663375556175 0.0007044546765959782 0.00015282761422885345 7.952038627188797e-06 4.275705482516562e-07 8.813470673372459e-07 1.0922485890371863e-06 3.6334563582525195e-07 2.2332055941819166e-05 0.00012862684445458784 0.0 0.0 1.013667492087454e-07 7.2204692585205354e-06 1.7528848630663163e-07 1.4973567459434799e-06 5.73896578495148e-08 0.0 0.0 0.0 8.451120538180162e-07 0.0 3.5857234311406297e-06 2.9659407039784626e-06 6.790206701613363e-08 4.113426467215145e-07 0.0 2.053179018542045e-06 2.653853873057638e-05 2.2949331460265353e-05 5.737704189862597e-06 2.7208723392878096e-07 1.9237072867560604e-05 0.0004731805741006754 5.699922710139626e-06 2.2469870835732145e-07 2.8378555952030003e-06 0.0 0.0 0.0 3.6916328692955993e-06 4.049960585899139e-06 1.026970234346476e-05 7.014158053224596e-06 3.998085451972624e-06 2.6193771928537945e-06 3.2308630215191387e-07 0.0 0.0 0.0
4.903715061989695e-06 6.622934934255661e-08 1.7396502280199605e-06 0.0 8.445430805272907e-07 3.7426484426903116e-05 0.00033897452728213004 8.400007749595012e-05 0.00047441813850037604 0.0031161529793209933 3.169261604244847e-07 0.00021856961937387107 5.515115642337464e-07 5.915581335267628e-05 4.61904116127845e-05 0.0 7.089588370694207e-07 0.0 5.547811499838583e-07 0.002339936771934082 4.377975563589746e-07 8.491908127746315e-07 1.2052675851682815e-06 0.001306104628909512 0.0 1.9607606046323386e-06 8.889102577551106e-07 0.0021481063672954986 6.204806936058811e-05 3.7644544157557106e-06 1.9444421137759402e-07 3.790941371445267e-06 3.5680115552865483e-06 4.419742454634214e-05 3.937450455928952e-06 0.0001494826587931508 2.555625874109752e-06 8.08542534847333e-05 4.3385954560629636e-05 9.856111235478924e-05 6.336289903116846e-06 5.331422715181166e-07 3.565867701418068e-06 2.911912530479819e-07 2.69838996591969e-07 0.0 8.112594294340353e-05 1.8636014272481773e-07 3.510761059808208e-06 3.91448590481763e-05 4.760438560664838e-06 0.00012487138614186838 6.915577924899398e-05 0.0 2.943062607068095e-05 0.0 3.2727376180562115e-06 1.0530309110403172e-05 2.201014091559763e-07 0.0 0.0 0.0 6.837727170881422e-05 1.287947875108822e-07 6.141502698188464e-07 0.0 0.00030319045640408597 1.1338101053089693e-07 4.339131051686294e-08 4.1144293091372697e-07 0.00020311327246088417 9.495565644757296e-07 0.0 0.0 0.0 1.6693951297515172e-07 4.936726953417032e-07 2.737767799361356e-07 6.2293092809889605e-06 0.0 1.641318569341592e-06 7.655110528133628e-07 1.6488894590209035e-05 5.015946425597163e-07 1.1945940053495738e-07 0.0
0.0 8.526760859123468e-08 0.0 8.445430805272907e-07 0.0 0.0001040454662446015 7.356382613063046e-07 1.4691366526793996e-05 5.9451470852782596e-05 3.199893229432021e-06 1.0546544254507343e-05 7.429689139737258e-05 8.500425748102937e-06 7.2151962489833535e-06 0.0006611237873360965 0.0 3.8856747904958537e-07 2.005387329943578e-06 3.0757715595463237e-06 3.771556658420333e-06 5.405696818572702e-07 3.2998184570229997e-07 1.466621345165422e-07 1.2797632557329526e-05 1.816571632499198e-06 1.4604548129314944e-06 7.847355096001463e-07 2.1404272269406417e-06 3.534657771242022e-05 1.0182431103265095e-06 7.85871185733352e-08 0.00010742430500821434 0.0 7.816266081482102e-05 3.2105066086013056e-06 2.1717755853589447e-05 3.5508250102397915e-06 7.743361206973686e-05 6.505312530014652e-05 0.0007726431417826605 2.1520520424839607e-05 6.326395544252642e-06 1.966311964889542e-06 0.0 0.0 0.0 3.1234495179112646e-07 0.0 0.0 1.7482270670701255e-07 0.0 1.577051999125676e-07 0.0 0.0 0.0 0.0 0.0 0.0 0.0 0.0 0.0 0.0 0.0 0.0 0.0 0.0 1.2010952494535091e-06 0.0 0.0 0.0 9.497907479634394e-07 0.0 0.0 0.0 0.0 0.0 6.791441679982906e-07 9.001063689236548e-05 7.042597729487474e-07 0.0 6.906259234810248e-07 1.0072671660308466e-05 4.1894082386357146e-07 0.0 1.553569849200337e-07 0.0
8.101662618589911e-06 0.0 5.167054664087739e-06 3.7426484426903116e-05 0.0001040454662446015 0.0 0.0014673762347807927 0.003377582845951219 5.664997768117269e-05 0.006085309566285336 1.1997578717899691e-05 0.0032615462573512034 2.2953966614125512e-05 0.00016934908195026345 0.0007443459160403475 7.267843028776184e-08 3.897333448706836e-06 2.892255264950518e-06 8.25487363246146e-06 0.0005160569016534465 7.428797234929722e-07 6.744053164802514e-07 4.688745250333621e-06 7.62885449261704e-05 4.594623241693332e-07 7.794837271953777e-06 2.644624702014794e-06 0.00014898657750032345 9.69752480861976e-05 1.010856915117394e-05 7.633158670715503e-08 7.58263270155992e-05 2.7772994621659397e-06 0.00016366165075018633 6.071662749043364e-06 0.0001947201448963223 1.3216151275250075e-05 0.0002152918877698193 8.584050559320061e-05 0.001538033128507853 0.00010679009280832996 1.2023159312728642e-05 3.5921867894125473e-06 0.0 0.0 0.0 1.0480917950765765e-05 0.0 7.993874498815148e-07 1.1475017119665982e-05 7.256573656321592e-07 2.145085999697176e-05 5.0275703049053035e-06 7.264728825853574e-08 8.665115792399778e-06 0.0 2.0931449500341262e-06 6.7078976637316114e-06 0.0 0.0 8.788201675483919e-08 0.0 8.500901695362079e-06 1.5282938892965882e-07 2.1811653342434783e-07 0.0 4.238772881308027e-05 0.0 0.0 1.465618659109309e-07 3.7236265722332566e-05 7.152493659115409e-07 6.78285969735434e-08 0.0 0.0 0.0 0.0 4.016880565437893e-07 3.99645971751064e-06 0.0 7.913548014261442e-07 7.072024920847959e-08 1.6088261388075622e-05 0.0 1.1591711680553482e-07 0.0
0.00140921887255792 1.527993384820711e-06 0.0007485296691405374 0.00033897452728213004 7.356382613063046e-07 0.0014673762347807927 0.0 0.0035795765860855175 9.320781655687251e-05 0.004225621691406915 4.571934636809013e-06 5.7351563208995765e-05 4.120470369231422e-06 0.004699655248989854 9.56970220678418e-06 5.0690092949049405e-06 0.0001153686121720386 4.521427006328864e-06 2.7372501506702162e-05 5.2347367555824995e-05 0.00032061183495177883 1.431156379366328e-05 0.0007969113375727722 0.0006897132617264843 4.426258437947812e-07 0.0003055115516898651 0.00022484642129892758 0.010336826516177348 0.0008181350595479059 0.004198881848656292 0.0 1.1733092419941387e-05 3.1309880890327344e-05 0.000276352039872521 2.721726689218827e-05 0.000647582717818694 7.672563685631029e-05 0.00047917973544685206 0.00023697222329043145 0.00020100356340113618 2.33691038448903e-05 1.5545572084319227e-06 7.335487963632083e-06 5.887773768421457e-07 1.836418098585104e-06 6.4653339879230824e-06 1.2863576890082278e-05 0.0 9.196431335037721e-07 0.000110105019981374 1.4284964936568071e-05 4.999073594670814e-05 1.5034980341180803e-05 2.484055651168323e-07 3.668769767215153e-06 0.0 2.2441414159682875e-05 1.1820499190834135e-06 2.2777762944941978e-06 2.102273440465533e-07 3.141345533872091e-07 5.7588574054211045e-08 1.4984829552946622e-05 1.8233473046951782e-06 3.3958629586213246e-06 2.5112033488610205e-06 0.00016218124521239334 0.0 1.45847521066661e-06 2.5320922447579226e-05 0.00022253516614882478 3.9734909226873605e-06 4.2917296723643665e-06 0.0 1.5856815676477484e-06 6.100470347027906e-07 4.278467547749003e-06 2.4760174279052515e-06 2.9847304200635087e-05 4.936318636420557e-07 1.3962629596862663e-05 3.654499599948392e-06 4.624541073282365e-06 1.7570272413335551e-06 0.0 4.433822771383099e-07
0.0008477135370055802 2.9646223632700925e-07 0.00010961836672747576 8.400007749595012e-05 1.4691366526793996e-05 0.003377582845951219 0.0035795765860855175 0.0 6.0865680342006453e-05 0.0023394520575988225 4.26112599161518e-05 0.0009567390439889594 4.9776340454547e-05 0.005703378371649728 6.579412944115559e-05 6.068412968667861e-07 0.00017102224255608042 1.8304765093223578e-05 5.881088858303231e-05 0.0006990792682479804 3.3350574155458275e-05 9.292405642377474e-06 0.0001764442191354033 0.00045906207012426316 3.633106189669641e-06 0.0001370692871915085 2.5003545400552582e-05 0.00032822073710164524 0.00038407740003902657 0.0007298663049549941 2.9449682826029733e-07 3.8378931152495595e-05 6.403188878825235e-06 0.0003384239636586134 8.403706892203075e-06 0.0004784166772470807 3.6612708821781416e-05 0.0004504477628564844 0.00015710915985757678 0.0003620952635802216 0.00010330425971157577 2.7687664848506985e-05 1.2731435368340807e-05 1.2115445069075414e-06 2.164009162286954e-07 4.787424199269178e-07 1.1304092486838773e-05 0.0 9.145399607689512e-07 7.578195498054734e-05 9.549439744702938e-06 3.351345257429152e-05 9.136435202604618e-06 2.506437802690635e-07 3.1019059982717513e-06 3.717115673788529e-07 1.3726682983996153e-05 3.2816162163036515e-07 6.223631045797873e-07 0.0 0.0 1.317861680159208e-07 1.1434625414184067e-05 8.929052075569977e-07 9.104302520178574e-07 3.442295007213738e-07 0.00013964638811072086 0.0 1.5299166623043407e-07 3.423849205068281e-06 0.00016260617533065067 3.287804473661904e-06 1.30731394136317e-06 0.0 6.253767271647588e-07 0.0 2.6084295979879733e-06 2.3917401503909007e-06 1.5810391031520646e-05 8.464340365955364e-07 8.128477339720862e-06 2.320893987422278e-06 1.5179468487733182e-06 4.87111162264271e-08 7.048299827765025e-07 4.1553222121722983e-07
3.995005918846651e-06 0.00031951265509989673 1.1202940126134195e-06 0.00047441813850037604 5.9451470852782596e-05 5.664997768117269e-05 9.320781655687251e-05 6.0865680342006453e-05 0.0 0.000121467747989075 2.264834017326818e-06 0.00037617371025648545 1.2907696702753295e-05 4.699435221541719e-05 0.000893324808385098 3.337297795157414e-05 1.3099131785682595e-06 4.4125030545548874e-07 6.48723523045153e-07 0.0003403435828630276 1.6407532168183294e-05 0.0011421518986258394 5.8515106678468395e-06 0.0040608168726599895 5.004835118424149e-05 7.091842608872484e-06 0.0001229812778080811 0.0006235507481819458 4.884344800861406e-05 6.182442818753658e-05 2.275967978585591e-06 3.834298245964514e-06 6.566910413286895e-06 3.384783920908357e-05 3.5209499742621587e-06 0.00031818140844672697 7.384435892286291e-06 5.974130355688661e-05 2.695612564510761e-05 0.00037296721929669244 7.6469034552196e-06 1.6052127323776921e-06 6.478499511979655e-07 2.053546114173843e-06 9.302284775730059e-07 8.462221497408632e-06 5.2911614482497236e-05 8.156700655774523e-07 4.123095636060539e-06 9.734142111070097e-05 1.0904072082323169e-05 5.5006544493230954e-05 2.2169944804603894e-05 3.2350929653119993e-07 3.0317233828944886e-05 4.135039731699558e-07 1.8789968016476624e-05 1.821816574724023e-05 0.00012061316507473885 2.8679566005295034e-07 5.687041101219705e-08 1.2611162684932156e-07 4.392660311068904e-05 9.121959112436363e-05 1.7038450285376014e-05 8.3592354354176e-06 0.0007598513946220391 2.7995339670104825e-07 5.755757282394927e-07 5.151587596518202e-06 0.0004063882003950882 9.66081311267336e-06 6.7936366319257e-05 0.0 1.0535893134980988e-06 2.3928027305599457e-06 5.109397550552456e-06 1.98073822677193e-06 4.3306519556927905e-05 2.184612846241984e-06 1.460789198002431e-05 6.037663784138796e-06 3.485832828664695e-05 8.580627945098559e-07 9.194471631667056e-08 0.0
3.1243868316836706e-05 1.7955134900125635e-07 1.768803346143347e-05 0.0031161529793209933 3.199893229432021e-06 0.006085309566285336 0.004225621691406915 0.0023394520575988225 0.000121467747989075 0.0 5.047394175614983e-06 0.002757804738447232 3.0218452392910815e-06 0.0005462768789484982 3.708005245110609e-05 1.3846460060245996e-07 1.0196314673464174e-05 2.199426479326583e-06 6.595262183716694e-06 0.003761160407136748 3.835649728982599e-06 3.105082890504442e-07 1.3863367176499479e-05 0.00047870003566670536 1.0332477546112225e-06 1.4742828584615126e-05 9.222774488744475e-06 0.002711247311647696 0.0003486809641638211 3.5238349416636105e-05 1.061135810666063e-07 2.1214429038265825e-05 9.08009121346183e-06 0.00020292237064753775 1.1997717194460413e-05 0.00036586736612038295 9.456253410124608e-06 0.0003284171551898095 0.00011974986001786047 0.0002378015794050041 2.1226773971930504e-05 2.6451043796671627e-06 6.724067624669507e-06 2.6555908735114966e-07 4.1965293930431437e-07 0.0 6.239763409255873e-05 1.5104671817558276e-07 2.13434997475847e-06 3.812365003104668e-05 4.834093382412465e-06 7.274934055322567e-05 2.4745642568617386e-05 9.588214116900923e-08 1.632931530412627e-05 0.0 3.455185139406756e-06 6.337427631485879e-06 2.2645001367422077e-07 8.047403771186592e-08 0.0 5.947192386106369e-08 4.754218566388746e-05 0.0 1.013281422366444e-06 7.715332790977146e-08 0.00022036557112274104 0.0 0.0 2.1845438339673413e-07 0.00017252515633580398 9.966131318100617e-07 2.4035029530756626e-07 0.0 3.2196658150281724e-07 1.3983042329366214e-07 5.453565037383132e-07 2.008154253000064e-06 6.89068796561606e-06 8.52044101188446e-08 3.3539402124753345e-06 1.1976956714492701e-06 1.1773665792455988e-05 3.799071841409858e-07 0.0 9.643635914391805e-08
2.6367204248070243e-06 3.5737801537981746e-05 7.764222145183991e-06 3.169261604244847e-07 1.0546544254507343e-05 1.1997578717899691e-05 4.571934636809013e-06 4.26112599161518e-05 2.264834017326818e-06 5.047394175614983e-06 0.0 7.3280498297112944e-06 0.0010956070624255855 4.072705118106381e-05 1.0802645865035259e-06 1.341659110658375e-06 0.0001495826325470269 0.0020378793033901366 0.0014172766955719617 5.3049221419976815e-06 7.2220676436929216e-06 8.122286375489533e-06 3.211357691061154e-05 5.62381018272147e-06 0.0004785717042428709 0.0010649085612737226 0.0004458432570186153 3.6598683008259656e-06 8.682648632759014e-05 1.1344277545161792e-05 0.0003548044323071416 0.00012709496369868684 2.248501560875731e-06 0.0019558334864470893 6.1630559958224724e-06 0.0008110154459851139 0.00328807746776066 0.004474004224868162 0.0012061440860963286 9.4871039906901e-06 2.9968964644876136e-05 0.0006831792763716694 1.1253061315412671e-05 0.0 2.2669992871853657e-06 2.928772972655971e-07 4.506350344153242e-08 0.0 9.994292877442498e-08 5.463620940977854e-07 1.005939655205429e-07 4.2889526387992266e-07 0.0 0.00015826536956360809 0.0 0.0008739839113068485 4.1815931167868904e-08 0.0 0.0 5.1065129434612684e-08 7.581221398205482e-06 6.307009854467364e-07 0.0 0.0 1.792134834422689e-07 2.748465818970768e-07 9.380141823098058e-07 0.00014871293968532826 5.678229046329276e-05 0.0001500890738172565 1.2945539183237879e-06 0.0 0.0 9.506939524853469e-05 1.9978210793563415e-07 0.0 3.0426869659762823e-05 6.143977538729264e-06 4.820611168753314e-05 0.00023904019960989777 1.294803359535427e-05 2.784708901153893e-06 5.994871695310081e-07 0.0 0.00017815277668397438 0.0
5.2018222770356534e-06 7.246110630703151e-07 7.388431574658434e-07 0.00021856961937387107 7.429689139737258e-05 0.0032615462573512034 5.7351563208995765e-05 0.0009567390439889594 0.00037617371025648545 0.002757804738447232 7.3280498297112944e-06 0.0 5.690031681612548e-06 0.000282210424447118 0.0009306721991340843 0.0 3.1718820574119563e-06 3.489572717246098e-06 8.222956507534678e-06 0.0023751989097124133 2.0909346037248656e-07 2.2938498211303797e-06 7.045047943198354e-07 0.00028287414807095357 2.778271868651427e-07 1.7217322076748695e-05 2.255530208804953e-06 4.004649981833916e-05 0.00012118316499513714 2.544451715006447e-06 0.0 3.511679527821087e-05 4.649545488615294e-08 0.00011134932808515147 1.1617223673554955e-06 0.00013540730694306652 5.694185001673839e-06 0.00015435552974301452 2.6704543754071263e-05 0.0008528405951624598 1.62653496955932e-05 3.2632743715927592e-06 5.90456129647713e-06 7.347120846800189e-07 0.0 5.404402507207871e-08 4.3226304365902405e-05 2.2843989374394576e-06 1.990960158842786e-06 1.2597689548909554e-05 2.9357400119461266e-06 7.535581632139385e-05 4.367311777352134e-05 0.0 0.000179076719048909 5.9371979248936335e-06 2.2701878330002313e-06 6.503604300867975e-05 0.0 0.0 0.0 0.0 5.981714628543328e-05 0.0 0.0 0.0 0.00013266785323976698 5.675952689205214e-07 7.721812193057247e-07 2.6573164557408587e-06 6.0571797321895275e-05 1.2582800422121973e-06 0.0 0.0 5.8654811879007906e-08 0.0 1.946649742821055e-06 0.0 3.101014039430665e-06 4.906051067477944e-08 4.310977992237609e-06 2.1507524981775484e-07 0.0001551762943775229 3.141476980875665e-07 1.1805222399296685e-06 0.0
0.0 0.0007838203105287715 8.796144971150062e-07 5.515115642337464e-07 8.500425748102937e-06 2.2953966614125512e-05 4.120470369231422e-06 4.9776340454547e-05 1.2907696702753295e-05 3.0218452392910815e-06 0.0010956070624255855 5.690031681612548e-06 0.0 2.0536283885679058e-05 4.5161920358919425e-07 2.766191140866164e-06 1.3371923752198678e-06 3.851228150868084e-05 7.981381411908162e-06 4.542601630084139e-06 3.890462126734736e-06 0.00011089186622851052 1.1059300888230346e-05 1.881301562235118e-05 0.0028749722686126538 0.0002160985007627721 0.0018830237278503203 5.272497008173054e-06 2.0467373090201077e-05 3.2328293855640587e-06 0.000450562285621923 6.226465462474491e-05 3.557982969808221e-07 0.0002342776222090545 2.054432792274438e-05 0.001037894299081618 0.002476407261915147 0.0019333853147242431 0.0005323294198061841 7.276008401297315e-05 0.000118941174910969 0.0003625706741952841 1.3125606365610787e-05 0.0 2.6868681684584365e-05 1.330449450473038e-06 0.0 0.0 7.473787751513303e-07 9.428286028660655e-07 1.4851939235296215e-07 4.0903256694661813e-07 0.0 0.00019653672778234755 0.0 0.0010007154310754073 0.0 0.0 0.0 4.186190748502395e-07 7.206031493726451e-06 3.257342578768652e-07 0.0 6.854821476500406e-08 3.387260432852359e-07 4.0002750161469314e-07 9.277520679810192e-07 0.000374261595387483 8.470615818917236e-05 0.0002323661130977216 7.502012228768753e-07 0.0 2.46616114191228e-07 0.0001129356654174811 0.0 0.0 5.1483903611731604e-05 1.4371397877399091e-05 0.00018230588152028028 0.00024843985286508865 1.2013843107663281e-05 5.912486319451116e-06 1.1998590906587012e-05 2.8288318103630175e-06 0.00019559200134972209 0.0
0.00312832615578415 7.083033009910853e-07 0.00014533190675689595 5.915581335267628e-05 7.2151962489833535e-06 0.00016934908195026345 0.004699655248989854 0.005703378371649728 4.699435221541719e-05 0.0005462768789484982 4.072705118106381e-05 0.000282210424447118 2.0536283885679058e-05 0.0 7.394958432743697e-06 7.168643560097542e-07 0.00024100509956639896 1.8444446506011867e-05 7.047486354734798e-05 0.0002938384411743877 5.313436932866626e-05 1.2187157878244751e-05 0.0003076284882176297 0.00031581836333568 1.7586271851660627e-06 0.00018730861468785462 2.687693093224351e-05 0.00035224624813663257 0.0034413277896454767 0.0015402856413013334 2.512905774596512e-07 3.0495915954760696e-05 1.690235446888415e-05 0.0005048693019277693 8.967683539416962e-06 0.0005222566714597976 4.058692959486393e-05 0.000403608816022384 9.047062610600227e-05 0.00014880029314744706 4.856823521432592e-05 9.123258736753992e-06 5.951337429682415e-06 3.5926813938333454e-07 5.846624517751792e-08 1.075251062703355e-06 3.699674002057564e-06 0.0 8.006359833985796e-07 4.5094280645574934e-05 6.102387592496866e-06 2.2644809184629105e-05 3.89380118196646e-06 3.1611059151594917e-07 9.564032388357752e-07 0.0 7.696824897007982e-06 0.0 9.769783239753438e-07 6.978685079029799e-08 0.0 0.0 5.296000724758939e-06 1.3876270837862356e-06 1.3036608784633847e-06 2.5666201638350436e-07 6.757086329000236e-05 0.0 6.067931498556353e-07 1.5238058677563559e-06 9.443539610450007e-05 9.265043813359534e-07 2.308499922192806e-06 0.0 4.923127228214902e-07 9.626623658719825e-08 1.6802546837003799e-06 1.1789427405224204e-06 1.3385193051846139e-05 7.621567954499211e-08 6.4959240540358855e-06 1.3365036760496823e-06 1.623854198323725e-06 9.333068624860225e-07 1.9953992332596714e-07 0.0
5.9588984431716434e-08 3.4987980576219165e-06 5.19816137927099e-07 4.61904116127845e-05 0.0006611237873360965 0.0007443459160403475 9.56970220678418e-06 6.579412944115559e-05 0.000893324808385098 3.708005245110609e-05 1.0802645865035259e-06 0.0009306721991340843 4.5161920358919425e-07 7.394958432743697e-06 0.0 1.1348073360546566e-07 1.9571961619515233e-07 2.4817139202018945e-07 2.1403969681521517e-07 6.473017900723778e-05 1.2906935380412516e-06 9.979261268337682e-06 7.67708638891762e-07 0.0006438332661508532 5.698919327881993e-06 8.780986118228467e-08 1.2573882288460554e-06 2.9912697793822765e-05 1.200512839992984e-05 2.838176783098689e-06 7.414313957260091e-08 0.00014105571847680904 1.0545866325678595e-07 6.027621118764038e-06 8.438383094930402e-06 2.6197069112963277e-05 2.4265970745637724e-06 2.3718386365859322e-05 2.8970427908263824e-05 0.0008806898966089126 0.00013042409242677906 0.0 8.352095327703094e-08 0.0 0.0 2.450614598263152e-07 6.806040454367534e-06 0.0 1.4923566318158876e-06 1.3984072343929788e-06 1.5354153034807032e-07 1.3605628346782259e-05 3.7542648518600424e-06 0.0 3.293167084854382e-05 0.0 0.0 1.709693994162855e-05 0.0 0.0 0.0 0.0 9.348713364097009e-06 8.099014644680592e-07 1.78010888834516e-07 6.981732051745834e-07 2.5974703755176458e-05 0.0 0.0 3.1389810464678894e-07 9.02233488341652e-06 0.0 4.3329435866469366e-07 0.0 0.0 0.0 1.4110327190862137e-07 0.0003129252365693024 2.618481711440834e-06 2.586251072421691e-06 1.815015217887454e-05 6.13317492003687e-05 8.03922251591882e-05 0.0 0.0 1.6545034831300744e-06
7.074709193353739e-07 0.00010276719874510441 1.861957202920727e-05 0.0 0.0 7.267843028776184e-08 5.0690092949049405e-06 6.068412968667861e-07 3.337297795157414e-05 1.3846460060245996e-07 1.341659110658375e-06 0.0 2.766191140866164e-06 7.168643560097542e-07 1.1348073360546566e-07 0.0 8.087579295705205e-06 5.241489325058384e-07 9.73669327504062e-07 2.1771418609613692e-07 0.002854698156591301 0.0026378238976193283 0.002407385217226863 0.001375885358597323 5.198571473140005e-06 1.2626295128955756e-05 0.0018222043869023557 0.0007264797253682629 6.049803424081115e-06 0.00014229896497717787 5.705789912088301e-07 0.0 3.209832160780164e-06 0.00011753743716287146 8.294845832884556e-05 0.0016161984526156142 0.0006139920240911904 0.0005569463933659669 0.00056289611209594 5.693954357903265e-05 8.900640559099956e-07 1.7851015676639736e-06 7.404399891736422e-06 1.3545121077740002e-06 4.819799128651294e-06 4.442001506297457e-05 0.0 0.0 0.0 3.784721860353813e-05 1.0861649255663821e-06 2.559719349935234e-05 5.804461306717803e-07 0.0 0.0 7.183684214626588e-08 1.7221615678818676e-06 0.0 0.0015556367958481448 1.151226791718188e-06 1.4535546817248177e-07 1.3524898086128566e-07 2.6593964980639666e-07 0.0005269527609295841 0.0009157083689777242 0.0006842446260771246 0.00014960673900787284 0.0 1.8772981166964624e-06 0.00023736467751190175 0.000270363866939921 3.6175706605520365e-06 0.00018354808379630077 0.0 0.0 1.4374565282587178e-06 3.3371993974635018e-06 8.868813997521758e-06 2.8068060838853117e-05 4.226780144043046e-06 7.601382427881558e-06 4.279812505176712e-06 3.9370334727822015e-07 0.0 1.0237152906495448e-07 1.4390300476066333e-07
0.00010927306925621907 1.1899883257523086e-05 0.0010813109915160993 7.089588370694207e-07 3.8856747904958537e-07 3.897333448706836e-06 0.0001153686121720386 0.00017102224255608042 1.3099131785682595e-06 1.0196314673464174e-05 0.0001495826325470269 3.1718820574119563e-06 1.3371923752198678e-06 0.00024100509956639896 1.9571961619515233e-07 8.087579295705205e-06 0.0 0.0001375567791993846 0.001215640081798794 2.8290485472484347e-06 7.81331887392446e-05 6.020711521294891e-06 0.001937530803619878 1.613499678310087e-05 6.370709539997119e-07 0.0006203461465831922 0.001457963014708911 3.0113131671074774e-05 0.0002687570933964709 0.00036700569779998907 2.508366852412248e-07 1.5812343029914783e-05 3.636741845972743e-05 0.001911911907791604 9.22940211420659e-06 0.0005264808673115884 0.0006815009291450524 0.0014158890277006378 0.00031645067477812175 1.0640563027892256e-05 1.885000989038875e-06 8.629255698986154e-07 1.7490394199432765e-06 1.561588116418321e-07 1.4953147094692184e-05 2.929691517043195e-05 0.0 0.0 0.0 1.7005867763247852e-06 2.3843443704611443e-07 3.0727619427178645e-07 0.0 0.0 0.0 0.0 3.7417675461796597e-07 0.0 2.8812023540180593e-07 2.607052181463235e-06 3.7822279729863305e-07 4.460040317866201e-07 6.980568460009852e-08 1.0153916611316389e-06 1.1049041246975625e-06 2.8335164776597015e-06 1.614520406376658e-06 1.811585457988624e-07 4.637550965125813e-05 0.00016388329152325137 1.2939279032681532e-06 9.368944928339109e-08 2.7717275223995995e-07 0.0 0.0 0.0 3.927521022016483e-07 3.2807675726273385e-06 4.546283897079067e-06 9.565156940853223e-06 1.061264592360829e-06 1.1263732390984118e-06 8.669378260233838e-08 0.0 0.0 0.0
2.2236398564635205e-06 2.0188978893956962e-06 1.159252757158511e-05 0.0 2.005387329943578e-06 2.892255264950518e-06 4.521427006328864e-06 1.8304765093223578e-05 4.4125030545548874e-07 2.199426479326583e-06 0.0020378793033901366 3.489572717246098e-06 3.851228150868084e-05 1.8444446506011867e-05 2.4817139202018945e-07 5.241489325058384e-07 0.0001375567791993846 0.0 0.0010099987423438255 1.3517816521688216e-06 8.780663787315359e-07 1.0682769678783835e-07 7.2544811603041145e-06 1.8459839802197855e-06 8.878807539125019e-06 0.002799442342796251 0.000158566009772804 1.179248248297287e-06 2.9905076049739672e-05 5.973678349448981e-06 4.277894522461515e-05 3.0199857390623e-05 1.011190433053749e-06 0.0005398581533248005 3.939605059356737e-06 0.0005073207313753596 0.0007194971114318157 0.0008697961816100796 0.0003110767065177743 5.160589695200363e-06 6.1561120143110466e-06 2.149168821561175e-05 2.053496502022178e-06 0.0 1.1407858419226024e-06 1.0094770343510032e-07 0.0 0.0 6.127390121851047e-08 2.458712357147328e-07 0.0 1.324317494516138e-07 1.199623178097363e-07 1.7284571415872478e-06 0.0 1.7979872696253728e-05 1.5690963380892362e-07 0.0 0.0 0.0 1.5952729022022126e-06 5.365211193427402e-07 0.0 0.0 0.0 0.0 4.548853498959714e-07 1.3935391990458625e-05 1.7549611323928247e-05 4.651848115916596e-05 6.64810360638772e-07 0.0 0.0 7.600719638838122e-06 0.0 0.0 5.718108314759946e-08 2.977893273533008e-06 1.000808806901492e-05 5.33908375308592e-06 2.728877357894761e-07 1.7213468302587306e-07 1.4166284647881413e-07 0.0 0.0 1.1834466759824923e-07
1.8538794985370032e-05 9.837995849016627e-06 9.280112889536344e-05 5.547811499838583e-07 3.0757715595463237e-06 8.25487363246146e-06 2.7372501506702162e-05 5.881088858303231e-05 6.48723523045153e-07 6.595262183716694e-06 0.0014172766955719617 8.222956507534678e-06 7.981381411908162e-06 7.047486354734798e-05 2.1403969681521517e-07 9.73669327504062e-07 0.001215640081798794 0.0010099987423438255 0.0 4.98048346319588e-06 9.762801954309774e-06 1.7898254872180492e-06 7.295072444421276e-05 6.7221237365035375e-06 8.124623461648804e-06 0.0024629541371167987 0.000692572518956496 6.806192161354919e-06 0.00011207418501386717 5.14672140350735e-05 4.282632178487241e-06 7.044812877768794e-05 6.369556786144515e-06 0.0015733805542690613 6.827600958206836e-06 0.0005848210705993085 0.000506226903879206 0.0014628326924421748 0.00042986652827798786 8.3627355366086e-06 7.610347555145639e-06 4.2379154301629225e-06 1.1416576265061842e-06 5.0375521046023194e-08 5.228970322829111e-06 2.362676168402985e-06 0.0 0.0 0.0 5.072767951832419e-07 0.0 7.462838943490351e-07 2.0567611364286376e-07 1.449209085350948e-07 0.0 2.336680232215947e-07 1.505786213679164e-07 0.0 3.3503249159102903e-07 1.4011871306972088e-06 2.7233498815061516e-07 1.2418761419766782e-06 0.0 6.755517681504306e-08 5.106854809581234e-07 4.871849804076217e-07 1.2045175735044532e-06 1.3929206624414895e-06 3.829748614226556e-05 7.43453271399198e-05 1.3118681540032257e-06 0.0 1.691582760490676e-07 3.588660726139455e-07 0.0 0.0 0.0 2.1007772514417747e-06 7.974175185831304e-06 1.7081049110740736e-06 3.967881642620045e-07 1.2932772457959975e-07 6.459642945741332e-08 0.0 0.0 0.0
8.022592006244676e-06 8.08606789415866e-08 1.260302653105366e-06 0.002339936771934082 3.771556658420333e-06 0.0005160569016534465 5.2347367555824995e-05 0.0006990792682479804 0.0003403435828630276 0.003761160407136748 5.3049221419976815e-06 0.0023751989097124133 4.542601630084139e-06 0.0002938384411743877 6.473017900723778e-05 2.1771418609613692e-07 2.8290485472484347e-06 1.3517816521688216e-06 4.98048346319588e-06 0.0 2.787546208105929e-07 1.7353491573702257e-07 1.3198381547127822e-06 0.000644250478342709 4.5660268161775736e-07 3.929633463687983e-06 1.2581930689774222e-06 0.0013542805395361304 0.00021846578965072056 5.6125343366318435e-06 1.1895887320569789e-07 2.4733720689080627e-05 2.1145960515195063e-06 0.0001666910825078417 6.98034088524106e-06 0.00025431299023307016 5.706926684479126e-06 0.00024656985854919043 8.104510928643297e-05 0.0002398359822633879 1.969944381257806e-05 1.7771455065714357e-06 4.143637545119423e-06 2.7279613852967366e-07 0.0 0.0 7.012499871095762e-05 0.0 2.5113166426697134e-06 4.016621738494556e-05 3.5747627409320217e-06 9.377025039553843e-05 2.82472757874359e-05 0.0 2.1856214193573755e-05 0.0 4.152565908786773e-06 1.3157038461485458e-05 1.380118150327198e-07 0.0 1.901434005045463e-07 0.0 6.964582183010843e-05 1.1878062483421178e-07 3.5763218530648817e-07 0.0 0.00024301243558258391 0.0 0.0 9.093380053511678e-08 0.0001720846811260492 4.854309006757064e-07 0.0 4.201864270996082e-08 9.426414805229545e-08 0.0 8.956924971057366e-07 7.528830482862648e-07 8.50721557812835e-06 6.811750501811698e-08 2.21036666016576e-06 5.564821157743692e-07 2.5882566196234036e-05 1.792703537545659e-07 0.0 0.0
2.6667116272039537e-05 5.523238199504173e-06 0.0004322628767680893 4.377975563589746e-07 5.405696818572702e-07 7.428797234929722e-07 0.00032061183495177883 3.3350574155458275e-05 1.6407532168183294e-05 3.835649728982599e-06 7.2220676436929216e-06 2.0909346037248656e-07 3.890462126734736e-06 5.313436932866626e-05 1.2906935380412516e-06 0.002854698156591301 7.81331887392446e-05 8.780663787315359e-07 9.762801954309774e-06 2.787546208105929e-07 0.0 0.00016006575817879314 0.006966744502975223 0.0009225549145872481 3.802169990133214e-07 7.653169871589642e-05 0.00048670096575748767 0.0031729222917098905 7.832351097781367e-05 0.0068279757284628595 0.0 2.7108692742712033e-07 1.968626182387507e-05 0.0022832287093235404 0.00013725120947816904 0.0019175066668019253 0.00032475804474330555 0.0024017686837112646 0.001049616930117729 8.327729879891409e-05 1.8822702684614764e-06 2.5624309530266906e-06 1.1166892307695551e-05 1.395033904225185e-07 2.1216324148163293e-07 1.822375168377446e-05 0.0 0.0 0.0 2.5791633434805667e-05 9.669690996534915e-07 1.1351636613450156e-05 7.645520923691896e-08 0.0 0.0 0.0 1.04976412256557e-06 1.3672317199519676e-07 0.00014817083513889406 1.3125684703868492e-07 7.05963045556238e-08 0.0 0.0 0.00015801260556914902 9.88489602403125e-05 2.182128180946887e-05 8.784422616215006e-05 0.0 7.879092169706551e-07 2.37456959719699e-05 0.00011374827266916013 1.8690648946611333e-06 0.000107009661483043 0.0 7.276502424857444e-08 7.036343242062901e-07 2.2036071928395077e-06 1.0345428931050251e-05 2.6000389050401302e-05 1.5199640303337304e-06 4.794109069122018e-06 5.373085081958338e-06 3.3697110629025365e-07 1.0608863211359598e-07 0.0 2.3936657294959764e-07
2.332877423642762e-06 0.001987052447497281 1.1544556164279107e-05 8.491908127746315e-07 3.2998184570229997e-07 6.744053164802514e-07 1.431156379366328e-05 9.292405642377474e-06 0.0011421518986258394 3.105082890504442e-07 8.122286375489533e-06 2.2938498211303797e-06 0.00011089186622851052 1.2187157878244751e-05 9.979261268337682e-06 0.0026378238976193283 6.020711521294891e-06 1.0682769678783835e-07 1.7898254872180492e-06 1.7353491573702257e-07 0.00016006575817879314 0.0 0.00017547519346425034 0.003205751355978228 0.00034647103565860204 4.684910908507519e-05 0.0025956042817253224 0.0002611064585089206 2.880465447048978e-05 0.00010337869147343851 1.786462243139901e-05 9.490676283822396e-07 7.341003537052896e-06 1.9380945540795303e-05 3.932352104649441e-06 9.153528938793104e-05 2.4143992264592187e-05 3.668856706159406e-05 1.8698600425243114e-05 2.5629688050703247e-05 1.294147736691679e-06 5.834900073692618e-06 1.1835060193688486e-06 5.795976688391489e-07 1.504520193554197e-05 2.728800767414608e-05 4.139783919030746e-06 0.0 0.0 1.5051983265674192e-05 5.976660726094052e-07 1.8335835011039127e-05 7.16845870300714e-08 3.226448012814528e-07 0.0 8.313252218593753e-07 1.054358605787629e-06 0.0 0.0006278535655181678 7.484740612052566e-07 8.998014992642414e-08 1.5422923717131166e-07 6.434669054169114e-08 0.00016175267442518197 9.961265029491944e-05 0.000249336172826804 5.116109270923654e-05 7.558968163461808e-07 2.6750809363740382e-06 0.0003370984369140108 8.27773312520462e-05 1.3315312463236133e-06 2.7186404616476314e-05 3.1836195136853767e-07 0.0 3.8241771280303114e-07 1.3408242663196716e-06 1.8799110077642158e-06 1.1624237524604088e-05 2.459574332563212e-06 3.5939009726408886e-06 2.030618364067094e-06 0.0 0.0 0.0 0.0
0.00016895276551708493 1.0565206009012622e-05 0.0058706528453609545 1.2052675851682815e-06 1.466621345165422e-07 4.688745250333621e-06 0.0007969113375727722 0.0001764442191354033 5.8515106678468395e-06 1.3863367176499479e-05 3.211357691061154e-05 7.045047943198354e-07 1.1059300888230346e-05 0.0003076284882176297 7.67708638891762e-07 0.002407385217226863 0.001937530803619878 7.2544811603041145e-06 7.295072444421276e-05 1.3198381547127822e-06 0.006966744502975223 0.00017547519346425034 0.0 0.0001736283003305706 1.505518087769543e-06 0.000638418977509311 0.005525510158681663 0.0008181512788196544 0.00022883464474722235 0.003263392175293591 7.461667610409106e-08 1.4474194214084608e-06 2.069313458135326e-05 0.002620247185903042 0.00026938643345861474 0.0049447228645442915 0.0028713222976425373 0.005534790632539219 0.0026595617404402603 0.00017358360501122517 9.23062292955116e-06 9.560773609317814e-06 1.692152367636517e-05 1.1120886594210615e-06 1.2646742126004318e-05 8.569562818427174e-05 0.0 0.0 0.0 1.2587654671639873e-05 1.4839347859281974e-07 3.4071199553145487e-06 0.0 0.0 0.0 1.8513844413950995e-07 4.773523704618949e-07 0.0 0.00048109373273046526 1.8085357472263082e-06 8.408785354979442e-08 7.930015362354976e-08 0.0 8.410515287948752e-05 0.0002448517856819189 0.00028853863092842595 1.869543575290577e-05 3.76130041504467e-07 6.541472389099254e-06 0.0005447615108717227 4.216814761713089e-05 8.857014649452681e-07 1.5546256356894663e-05 0.0 0.0 5.01949902765659e-07 1.2082030877079673e-06 3.435210712520414e-05 3.571516066446588e-05 3.6064615755088014e-06 6.278714302310378e-06 7.89391402472329e-06 8.181381830975936e-07 0.0 0.0 5.88695328973354e-07
5.577785762197759e-05 0.0002948358304150276 2.421220030698122e-05 0.001306104628909512 1.2797632557329526e-05 7.62885449261704e-05 0.0006897132617264843 0.00045906207012426316 0.0040608168726599895 0.00047870003566670536 5.62381018272147e-06 0.00028287414807095357 1.881301562235118e-05 0.00031581836333568 0.0006438332661508532 0.001375885358597323 1.613499678310087e-05 1.8459839802197855e-06 6.7221237365035375e-06 0.000644250478342709 0.0009225549145872481 0.003205751355978228 0.0001736283003305706 0.0 3.993512420070262e-05 4.51555386017004e-05 0.0005811399401481682 0.004546183044326609 0.0006241117395118425 0.0002532587332830956 2.2723180797658515e-06 1.3324446037497308e-05 0.00012955522377935708 0.00034636720790975434 9.337860701504095e-05 0.001716433698086617 6.840170428811734e-05 0.000685374996671557 0.0004123949214766528 0.0005859254226102224 2.3679223445670727e-05 2.853601875951155e-06 1.7608254160101993e-05 7.6240706872628805e-06 4.336509562010205e-06 2.5663414437125776e-05 0.00015526300953974656 2.356952887934389e-06 1.6569307273862987e-05 0.0006442582336691602 7.023639376248807e-05 0.0008859421812139721 8.274872441468083e-05 2.1968085771665398e-06 3.087492372966521e-05 4.761576418922215e-07 0.00011399560644762216 2.0271085669710288e-05 0.00011117148019060146 1.4166175333851563e-06 8.020522547223787e-07 9.71029061169043e-07 0.00013288354281468945 9.456625998994226e-05 0.00011984091304030824 2.7625129986054707e-05 0.0018585600690514245 6.657578857131874e-07 3.831519908320406e-06 4.351080572761419e-05 0.0016750902691493592 3.3164088597744555e-05 0.0001325688657592559 5.68899670011872e-08 5.9973258680176695e-06 4.966761536442461e-06 2.7361300200935075e-05 1.1679351684151267e-05 0.0001571403793366243 4.730219902476836e-06 7.49244211303385e-05 2.0115253096022943e-05 4.4682148256943096e-05 5.849765337393739e-06 2.9407872807379265e-07 1.4740188500123791e-06
