0.0 7.500087629624509e-08 4.2319232045365506e-05 1.2959505120174627e-06 1.932708718337382e-06 2.4808186457052733e-05 0.0010646320097188518 0.0007293908787909847 8.44375469779578e-06 3.5884531222545936e-05 5.597140589198054e-06 5.6785118791320655e-06 3.037558575603497e-07 0.003678326606224041 0.0 4.602271636038844e-07 8.230264940335361e-05 2.9973913906636247e-06 3.540935711558309e-06 1.8646630148964342e-06 2.5193533001759883e-05 5.573417663292099e-07 6.175674884125315e-05 4.317434848461412e-05 0.0 1.852903677593568e-05 1.3685825620342892e-05 4.764071261051234e-05 0.0020652966297298484 0.0014792460933120849 2.036730921136782e-07 6.332673180070887e-05 2.5385310574558806e-05 0.00015810377675117574 1.3490029911807397e-05 9.574699196362337e-05 9.20831657188063e-06 0.00011102971786695377 4.5454544259049025e-05 1.8468849425169285e-05 1.2634771810990008e-05 1.5291992896624706e-07 1.4005465211896209e-06 1.368380989389726e-07 1.328564667144948e-07 7.299551475241309e-07 9.141909657613315e-08 0.0 0.0 6.227548169542121e-06 4.782488561781182e-07 3.703848656075654e-06 8.472539490317152e-08 8.674516933395002e-08 1.2044457047292274e-06 0.0 2.1755072258146335e-07 0.0 9.167328138520035e-07 1.6325749790815174e-07 0.0 0.0 1.5045765244205807e-07 3.2619984405214415e-07 4.596546423768545e-07 1.9528335630896047e-07 2.1041233599283387e-05 0.0 1.5295383084187155e-07 2.1112409344550907e-06 1.4448639745494559e-05 1.7076187129727437e-06 5.475170900915009e-06 0.0 8.377677824176057e-08 1.3831848830434082e-07 4.4222117936140195e-07 6.481890133572652e-07 8.414565733659849e-06 0.0 9.535046348236408e-07 3.8132707904626005e-07 2.458426281323208e-07 0.0 0.0 0.0
7.500087629624509e-08 0.0 0.00034045128222475645 0.0 0.0 7.288090527730468e-08 5.971885510055939e-06 4.674086743544816e-07 0.00016392801670018974 3.9836924429372365e-07 1.0117770235251752e-05 2.5193764892201194e-07 0.0002047835672642538 1.1335642667890597e-07 8.283331828355507e-07 0.00011306363470852075 8.369137966782262e-05 2.7585866638441574e-06 2.6094600283243192e-05 0.0 8.900428563320575e-06 0.000873262198430125 1.02307516187933e-05 0.00026902097516611455 0.0011646044430091472 0.000416395821688957 0.00420814183961984 1.0334882355955583e-05 3.948928668881881e-07 3.255045031942857e-06 8.697001838568541e-06 0.0 1.0495574698513441e-07 3.5751890799127344e-05 3.4276598147078575e-07 2.8583458192975237e-05 4.4411237617114873e-05 4.760518700475633e-05 1.2698735555760382e-05 1.5174272921069364e-06 0.0 7.882872805459515e-05 0.0 0.0 3.6613025401182124e-05 9.387873902623353e-05 0.0 0.0 5.189371430823344e-08 1.009338373084221e-06 6.317037102615361e-08 7.102538321738618e-08 0.0 5.2743138496736845e-06 0.0 5.513250568571745e-05 1.2158362065516083e-07 0.0 1.8882801558453485e-06 1.0285566639499205e-05 9.179844101116105e-06 1.1644749258794211e-05 0.0 2.2461747922208454e-07 3.101385311301297e-06 2.2266813615061414e-06 1.933944325503435e-06 0.00014883992149616445 0.00015784639008884621 0.001000097528229128 8.925445129454016e-07 1.4911877687610347e-07 2.537093544044718e-07 1.916813870296694e-06 6.788285264016695e-08 0.0 1.662238202291699e-06 0.0 7.812350963831955e-06 1.7609480993962396e-05 9.038484116182466e-06 4.624182524380216e-06 2.946686816771563e-07 0.0 7.250301422119253e-06 0.0
4.2319232045365506e-05 0.00034045128222475645 0.0 8.265149210460157e-08 5.536315730027117e-07 7.663807860596095e-06 0.0006458355814220771 0.000370899511169932 2.5207773249304424e-06 5.9048565158496006e-05 1.8119166175925377e-06 3.6693659035379893e-07 1.9284889535352116e-06 0.0002797981076060157 0.0 4.090907328342253e-06 0.003059176481275874 4.54422888004176e-06 2.1167259453765258e-05 1.9096601446654015e-07 0.001613523714141617 0.0002789304889377666 0.004622932843560909 2.1165956530934654e-05 5.128898186627928e-06 0.0031727497848042584 0.008274961917674484 0.00015404893219711434 7.349456005169373e-05 0.0003662039846805297 1.0370818617266968e-06 5.466737895552219e-06 1.8190936728727552e-06 0.00022228396205286233 2.1292057680627024e-05 0.000852089070454668 0.002440925287750725 0.0006597609659751454 0.000203027342212877 3.1806489488083435e-05 2.388583724739847e-06 3.826694371332437e-05 5.959872840976274e-06 4.371557662811234e-07 0.00018275994348578261 0.001404740274991536 6.621039891747672e-08 0.0 4.7937431247394504e-08 4.237195430700574e-06 1.2881749012340461e-06 1.8098971745233755e-06 3.931288812358136e-07 3.6696249029417823e-07 2.2931010152842455e-07 2.1927040473796666e-06 1.3980326462883589e-06 0.0 1.7251655200201597e-05 0.00020611657708478998 1.3319148047304325e-06 3.67343877797463e-05 0.0 1.0038832017241105e-05 0.00013469067448922828 0.00012085403021587392 1.500864132464981e-05 8.754862502401805e-06 0.0004040623348212119 0.002342359491300656 7.684462001795876e-06 3.4496814808198115e-07 9.45117530657056e-06 4.587384006409177e-07 1.2228346086642406e-07 3.8863175780516885e-07 7.88332638756891e-06 5.001895804985273e-06 8.165087333333311e-05 0.0006349118695637007 5.1884839817251386e-05 3.5276333176916624e-05 5.221278048298779e-06 0.0 6.354909675530981e-07 7.643659990689409e-07
1.2959505120174627e-06 0.0 8.265149210460157e-08 0.0 8.040788379765533e-07 1.6578207646129596e-05 6.079419151902159e-05 4.742399905066489e-06 0.0006198506205524063 0.001050665371683431 1.9411296916912154e-07 0.0016300983960464163 0.0 3.4021502541352754e-06 7.123066485520922e-05 1.7173405941203195e-07 1.820424595759921e-07 1.8997162960135714e-07 0.0 0.0004795800326643892 1.1255447783339831e-07 4.813384808432383e-07 0.0 0.0003505827317750266 0.0 1.4769189345603145e-07 3.0206598944137056e-07 0.0011819668519920362 1.6282247316872515e-05 1.1028406908849147e-06 0.0 2.1665450807293775e-06 6.94339035268308e-07 7.5613621017300244e-06 1.6912441383911401e-06 0.00010901720252584477 5.940900740596759e-07 9.44996997421379e-06 6.378497173048822e-06 0.00014857592496665087 3.748944249501087e-06 9.435458435540645e-08 4.906838725047814e-07 3.6281728185565177e-07 8.291269461535669e-08 0.0 4.989996155292745e-05 7.97920294269466e-08 4.544758180967175e-06 3.514686829037894e-05 2.382486487409615e-06 1.664129887546379e-05 6.650151842070568e-05 2.895834137670641e-07 0.00018216448625399525 0.0 8.823728173595606e-07 6.2125504382986854e-06 1.3099086051458073e-07 0.0 0.0 0.0 4.747670607862649e-05 3.6819138514857393e-07 0.0 0.0 5.968034902692364e-05 0.0 5.951684501388448e-08 8.884202564123101e-08 6.348511701562465e-05 3.5295125347938547e-06 1.6166391720583523e-07 0.0 9.349891641848195e-07 2.1137471074377064e-07 7.465195654446562e-07 0.0 6.316508836971105e-05 0.0 3.6048599078720072e-06 1.4239774100430757e-06 3.779327802712847e-05 2.8229920330474493e-07 0.0 8.330554620065406e-08
1.932708718337382e-06 0.0 5.536315730027117e-07 8.040788379765533e-07 0.0 9.635812629856884e-05 2.084645515299818e-06 1.149593470770465e-05 8.643765223098501e-06 5.347855257164978e-06 8.49293609637325e-07 3.5069693937118454e-05 6.421030467998433e-08 1.6861832573526418e-05 0.0005789078885456176 0.0 1.597778740543494e-07 1.0282755461582466e-07 9.488358974208248e-08 5.8538007187947406e-06 0.0 1.7888058016710283e-07 1.3894823210019976e-07 1.6913882180041497e-06 0.0 2.517141634233272e-07 0.0 1.407361469869092e-06 3.327656645008112e-05 1.2204752602226168e-06 5.6894744722057284e-08 0.0001574203124847192 0.0 3.689276727643529e-05 5.970672328011154e-07 1.607831106094554e-05 4.2507650247232284e-07 3.062731196937869e-05 1.5140061956702737e-05 0.0009314893733227383 1.1995415590785472e-05 0.0 6.33576351179005e-07 0.0 0.0 0.0 0.0 0.0 0.0 0.0 0.0 0.0 0.0 0.0 3.776654078072361e-07 0.0 0.0 0.0 0.0 0.0 0.0 0.0 0.0 0.0 0.0 0.0 2.598369784904807e-07 0.0 0.0 0.0 5.513256364713312e-07 0.0 0.0 0.0 0.0 0.0 0.0 3.4076942026457954e-07 5.987389611105378e-08 0.0 0.0 1.738523216797191e-06 0.0 0.0 0.0 0.0
2.4808186457052733e-05 7.288090527730468e-08 7.663807860596095e-06 1.6578207646129596e-05 9.635812629856884e-05 0.0 0.0011798685080323015 0.002619767614776096 7.521471738075464e-06 0.0028941702046880184 1.3884617917052969e-05 0.0022875886450610954 7.003593026685291e-07 0.000186600928493119 0.0009609199014068012 2.383434177154072e-07 6.200985796991276e-06 5.6804387290188e-06 2.217276620292422e-06 0.00014307387350095415 1.494780311250131e-05 1.8268157105429808e-06 4.7861026871061425e-06 1.595108701181523e-05 0.0 7.343938801123565e-06 5.652900460685381e-06 0.00013695005721665705 0.00012929609259840043 2.573901539853552e-05 4.358916754496562e-07 0.0003542065284350538 2.3021061657338517e-06 0.00031821567746020827 4.148591528681316e-06 0.00010296785290022853 2.9669675626863453e-06 0.0001586011897765685 3.3254960409948784e-05 0.0011310428322755313 0.00010155779662753789 3.136497109088711e-07 4.1034639812492186e-06 1.7886690030578558e-07 0.0 2.0713424031844786e-07 6.131570334186173e-07 0.0 2.616707829309594e-07 5.103680667585705e-06 2.3436954114389224e-07 1.7010101981023023e-06 7.292334419240587e-07 0.0 1.6710039260621656e-07 0.0 2.535075686137882e-07 0.0 1.0467099541033109e-06 0.0 0.0 0.0 5.042180063566435e-07 6.384257836534194e-08 1.353221911906361e-07 0.0 8.624149081117174e-06 0.0 0.0 7.168564273138085e-07 5.912101224872767e-06 9.579367934660722e-07 1.4349389329082755e-06 0.0 0.0 5.6895640293992946e-08 1.722762923961977e-07 1.37297500474809e-07 2.758950597411653e-06 5.044861585056192e-07 1.0704635220030444e-07 1.1127892189001083e-06 1.4103965945040674e-06 7.67561659451243e-08 0.0 7.948662148544724e-08
0.0010646320097188518 5.971885510055939e-06 0.0006458355814220771 6.079419151902159e-05 2.084645515299818e-06 0.0011798685080323015 0.0 0.003159817297996785 0.00038741543216855436 0.00883322617892738 7.617724778209385e-06 1.4094653210409763e-05 1.5680944758706843e-06 0.0037893801361621312 1.5049396474954742e-06 1.8135364184022005e-05 0.00021025133879311127 3.937042575461743e-06 4.105902914690904e-06 4.9542122168862525e-05 0.0005841983843726503 5.580068264222299e-05 0.0005222264468753181 0.000744357322078039 3.5207756753068743e-06 8.744251162044816e-05 0.00022356420667356183 0.009568997844783775 0.0006273078373952749 0.0033426805379004366 6.007406539439353e-08 4.982605901948668e-05 8.844051143936007e-05 0.0002477780312594281 5.127691607635025e-05 0.0008043284005239233 2.3209278718226403e-05 0.0003073202421169788 0.00017322767041933647 0.00010897948958414879 4.4594524850035686e-05 1.526441886362604e-06 1.2061658785547229e-05 1.0138409071127148e-05 1.0682332613002269e-06 6.834425161487e-06 5.1741829803716325e-05 0.0 1.0018304299453626e-05 0.0002759473204026406 2.300351616722963e-05 0.0001615823071474675 0.00010148664765987125 5.920842212946371e-07 3.3406801407581266e-05 8.387137123632092e-07 1.4043468618915907e-05 1.4576322197598e-06 2.033224124287094e-05 1.2547926274909226e-06 1.9012304842637918e-07 2.740426793475971e-07 4.742706750848731e-05 2.0187802429391866e-05 4.491520016157687e-06 5.866362445116721e-06 0.0005880551238471264 2.877078040286287e-07 1.2664413585252326e-06 1.4820330076461449e-05 0.0004832518631595049 3.3149948524036866e-05 6.878064556288405e-05 1.2799711130303293e-07 1.8067716687686527e-06 1.787364244304791e-06 8.584447580150263e-06 8.965353749342481e-06 0.00021435961639291323 1.3148978005765014e-06 2.486584016764524e-05 1.4328976643032549e-05 5.186280864464334e-05 2.7436033110081477e-06 0.0 4.049051596252007e-07
0.0007293908787909847 4.674086743544816e-07 0.000370899511169932 4.742399905066489e-06 1.149593470770465e-05 0.002619767614776096 0.003159817297996785 0.0 2.1858227905540787e-06 0.002055496230297943 1.0095136002413666e-05 0.00046001314793658166 6.918565904641278e-07 0.0026946539280818943 0.00012710799268858094 1.2370196755439591e-06 0.00029542867203264983 4.453184468374209e-06 8.863695345977227e-06 5.041568233448219e-05 0.0001662799298752324 3.1872762438222757e-06 0.00023524474461236806 2.6113579530286755e-05 1.680663788853197e-07 0.00010251278007999815 4.9300498589074824e-05 0.00012033610272268044 0.00038206839074895235 0.0011967855798365708 4.219991426648617e-07 0.0001846471098165727 8.09594403573503e-06 0.0001835229218230044 8.373139997000935e-06 0.00014650902197624145 1.986338483170387e-05 0.00017359360840220344 5.1779813852948636e-05 0.00015966749290571088 1.6164488907847546e-05 3.718035446931348e-07 2.0704430967138457e-06 5.382020462283555e-07 0.0 1.3326973062313575e-06 4.371482837776009e-07 0.0 0.0 9.16149835927053e-06 1.7566981820303539e-06 2.8672284147578084e-06 6.958780398168646e-07 0.0 1.685115318716597e-07 0.0 7.314710463167482e-07 0.0 6.904594355544596e-07 5.575153147367621e-07 5.738326130152204e-08 2.524975873633457e-07 4.3670025600534744e-07 2.6886638013253255e-06 2.590993720106906e-07 8.929670616960854e-07 2.508674014119598e-05 0.0 1.0721864412043091e-06 4.499753568694685e-06 1.8025821675811183e-05 1.8493227094761682e-06 7.147581300312829e-06 0.0 0.0 6.487246370205454e-07 4.401584980791858e-07 3.110467848121864e-07 8.597995537154954e-06 8.879590323875845e-07 9.058114887331367e-07 1.1839651701491772e-06 1.2035564734428699e-06 3.7700417122425964e-08 5.1541190327198914e-08 0.0
8.44375469779578e-06 0.00016392801670018974 2.5207773249304424e-06 0.0006198506205524063 8.643765223098501e-06 7.521471738075464e-06 0.00038741543216855436 2.1858227905540787e-06 0.0 0.0003126925884813554 4.911407619613382e-07 0.00020763401878664932 5.544812612058218e-06 1.551720371464347e-06 0.00016423449786822958 2.2494948766510992e-05 1.8987059296671964e-06 1.9183932248388126e-07 3.4597260813144035e-07 0.0004914648710927066 1.6941201687018187e-05 0.0014956492213241558 7.195987205239769e-06 0.006115110426326781 6.691768022101603e-05 1.1226256580274058e-05 7.030995410784486e-05 0.001194490614992797 1.6392374136514892e-05 4.1788751821870114e-05 5.936098862992127e-07 1.044266981632195e-06 3.1566271033795632e-06 1.231804368349879e-05 2.5231540206004594e-06 5.526530356859377e-05 3.9790396825377525e-06 1.564729273421884e-05 1.1945497046947758e-05 8.109526409569207e-05 4.723027967640577e-06 6.790944212615813e-06 9.311874792293743e-07 1.0145437877906996e-05 1.6651819100779835e-05 1.933859766496842e-05 0.00010491974545901821 1.2194275843494024e-07 1.1021681996494224e-05 0.00013718872908537988 1.1480520007123685e-05 0.00012045336632821094 0.000136612064866452 6.034502874367539e-07 0.00014983458126163093 6.248381931127177e-07 8.72120532389731e-06 1.2049431712068312e-05 0.00010123161154251122 1.7613519902490017e-06 2.8339937760482787e-07 6.057566001083477e-07 8.986349343463026e-05 6.231000801753361e-05 5.240092756388462e-05 1.0194560692646293e-05 0.0008873369794187138 3.3025438971354986e-06 3.790475318853217e-06 6.128649880820772e-05 0.0004481213958630796 3.248254258780003e-05 8.628515144311825e-05 6.978489070642369e-08 1.2995284025019055e-06 5.830334817556461e-06 7.0539019010733034e-06 8.69789037578665e-07 7.128125656912593e-05 1.5399481276265302e-06 1.2841237623282834e-05 6.453099524311561e-06 9.841062006492082e-05 3.74971424433993e-07 7.341230184104895e-08 2.7807068876476313e-07
3.5884531222545936e-05 3.9836924429372365e-07 5.9048565158496006e-05 0.001050665371683431 5.347855257164978e-06 0.0028941702046880184 0.00883322617892738 0.002055496230297943 0.0003126925884813554 0.0 2.1444206938597616e-05 0.0022526564921573284 1.2371526142420884e-06 0.0009201391425671637 1.669566709085314e-05 2.9539247754212646e-06 1.7170714201237654e-05 9.536576061226134e-06 5.6379213259931885e-06 0.0013929308240713532 8.532698079343048e-05 6.698729727258601e-06 2.3371232648492163e-05 0.00048141543696800736 5.540451033440035e-07 1.9251521151929712e-05 2.8668708151228287e-05 0.002601623095796032 0.0007267628128795566 8.094238002094827e-05 9.613045111286543e-07 0.00013908144170883993 1.761272498836207e-05 0.0005039611984576774 4.546654296168435e-05 0.0006976956997731041 1.9519589067887138e-05 0.0007206502560793858 0.00025566854742835446 0.0004748848367484999 0.00019911701760663423 9.871714272928638e-07 2.6018937919603827e-05 2.1012560775643276e-06 6.362495348940422e-07 4.708046562673528e-07 5.314826834192712e-05 2.084322778041363e-07 6.682746607170074e-06 0.00013152410465218394 8.151465420893749e-06 6.0352570126574796e-05 8.217429791423563e-05 5.510469926971291e-07 5.993499067171314e-05 5.75773406956993e-08 4.839606612887537e-06 1.7802601467923123e-06 3.4604535902206188e-06 3.578323269580731e-07 0.0 7.125645421036596e-08 5.2357797070223294e-05 2.811399131967608e-06 1.2701682721797699e-06 4.467927113863211e-07 0.00020279269791474114 1.7227579087591376e-07 4.446974671085244e-07 1.7343348373135059e-06 0.0001706595079399821 7.068597233496944e-06 1.0758686783572633e-05 0.0 2.2816182158181747e-07 2.4140811413569815e-07 2.7015436616660116e-06 5.661597256761819e-06 9.883212581013918e-05 7.101420021062559e-07 6.9238008584446966e-06 3.713586066440594e-06 4.06384729184019e-05 1.0541775821759133e-06 2.2184726476567794e-07 4.1790499526024697e-07
5.597140589198054e-06 1.0117770235251752e-05 1.8119166175925377e-06 1.9411296916912154e-07 8.49293609637325e-07 1.3884617917052969e-05 7.617724778209385e-06 1.0095136002413666e-05 4.911407619613382e-07 2.1444206938597616e-05 0.0 1.5401947381359513e-05 0.0020778260215435166 1.422844883206817e-05 2.1864600929770743e-06 8.443145655145214e-07 8.83238153308981e-05 0.0010944488405094767 0.0003463650987609469 3.0192318512279766e-06 4.1279569064718756e-06 4.227651889270406e-06 1.0018973193176654e-05 2.374797662024623e-06 0.0004366648800675733 0.0017654156063301402 0.0002260839483053715 2.3938949141042884e-06 5.244136092623735e-05 6.919125462464537e-06 0.00019590745746875937 2.3806701667722503e-05 6.335320741025055e-07 0.004765455008425098 3.3613194011346214e-06 0.00019781422203680885 0.0024233857376615175 0.0020777857134582434 0.00046589098345077535 1.461559616147854e-05 3.8905736045615336e-07 0.0008323982951845446 2.5276491200385295e-06 0.0 1.6887277961891955e-06 3.0158637484694625e-07 0.0 0.0 0.0 4.469312518869083e-07 0.0 1.889336706836445e-07 0.0 7.927952742496366e-05 0.0 0.00047732804125334846 7.450861174822955e-08 0.0 0.0 3.918840452009631e-07 3.6736444241281424e-05 4.684138602649946e-06 0.0 5.561773078755851e-08 2.2436172178869827e-07 1.9560472334235328e-07 8.744643305680495e-07 5.6258195054140444e-05 8.840602617026528e-05 0.0001894400213870973 2.6865831727815197e-07 0.0 0.0 8.370399806145885e-05 0.0 0.0 1.215991646494622e-06 7.57591883991876e-07 6.473129438438604e-06 0.00020497689398395343 7.468638559851002e-06 1.8906542812239102e-06 0.0 0.0 5.50635323757327e-05 0.0
5.6785118791320655e-06 2.5193764892201194e-07 3.6693659035379893e-07 0.0016300983960464163 3.5069693937118454e-05 0.0022875886450610954 1.4094653210409763e-05 0.00046001314793658166 0.00020763401878664932 0.0022526564921573284 1.5401947381359513e-05 0.0 1.2559208690154693e-06 0.0001378231353541159 0.0009883340358620542 0.0 1.4684262617173116e-06 5.130962502328926e-06 2.158702960296159e-06 0.002542535790904705 4.903008319100392e-07 7.123743629252621e-06 5.561649131599955e-07 0.00020750272624825037 6.580582519111343e-07 6.931383348095903e-06 2.6330618370816957e-06 0.0007738538919696025 0.0001811998324202516 1.5786140653306523e-06 3.7749056529823687e-07 0.0001853859156843608 5.524721655748041e-07 0.0003361781466011837 4.227800007912846e-06 0.00033024477130230587 1.075329907206415e-05 0.00033309891370054127 6.980823512332891e-05 0.0011298576805979477 7.831599248745139e-05 1.9548776433427167e-06 3.1791195716580948e-06 0.0 0.0 1.0806655192653282e-07 2.8939844851891888e-05 0.0 2.5109640372332535e-06 1.1720136928131605e-05 1.1137453762772175e-06 6.4763631964510445e-06 3.5478093542312996e-05 2.427745957065695e-07 5.527656950979348e-05 0.0 1.794365243576036e-07 1.6641278411645067e-06 1.3429592844240322e-07 0.0 0.0 0.0 1.8201985520600017e-05 2.611187479119578e-07 1.1458326171784963e-07 0.0 1.667815141433399e-05 7.528329938401571e-08 0.0 2.718779745104704e-07 2.0658765583980388e-05 7.679663191525123e-07 4.1276709906535565e-07 0.0 7.726168943564733e-08 2.074655437224669e-07 5.837345936790579e-08 1.6661444004920359e-06 7.781229748167163e-05 3.112237140037957e-07 2.0053020823333035e-06 9.64682998043762e-07 4.312375552137454e-05 9.428528499902493e-08 0.0 0.0
3.037558575603497e-07 0.0002047835672642538 1.9284889535352116e-06 0.0 6.421030467998433e-08 7.003593026685291e-07 1.5680944758706843e-06 6.918565904641278e-07 5.544812612058218e-06 1.2371526142420884e-06 0.0020778260215435166 1.2559208690154693e-06 0.0 4.7125203027209323e-07 0.0 9.19270509623397e-06 5.464823328434583e-06 3.758175384095078e-05 5.155225431244927e-06 2.291635008804164e-07 4.5229630766435045e-06 7.608128025477085e-05 1.4585706949646113e-05 1.826145385696001e-05 0.003389855278736987 0.0003726932194398475 0.0011740829942974607 2.0011145357315185e-06 2.8183597678117128e-06 3.0133971015542274e-06 0.00021366195489323217 7.149514920723402e-07 2.624720735310943e-07 0.0010968095188888577 3.100011271551075e-05 0.0011264219381077068 0.0024874231370217675 0.001705131430002384 0.00028807390529217094 3.45859482216022e-05 1.3225101136687417e-05 0.0008649833305263481 5.128069303456455e-06 0.0 5.056579145271618e-06 3.339387139969004e-07 1.2696268989446624e-07 0.0 2.589000311313914e-07 4.2692225832028296e-07 0.0 2.828229516841586e-07 0.0 0.0003002216425877811 2.0701009165886676e-07 0.0017829741772657076 1.8240856938329061e-07 0.0 4.671530011048572e-06 7.157133192951303e-07 8.625185010668882e-05 6.6464268440444e-06 0.0 4.575085833474283e-07 6.109743320634436e-07 7.131940620065343e-06 9.95548034013005e-07 0.0003763073880298874 0.0002836035415957423 0.000555398793711678 2.798057071428787e-07 5.303630737304907e-08 3.131597838036076e-07 0.0002933182997178929 2.5613591104200696e-07 0.0 6.425432127938599e-06 1.5390903604689886e-05 0.00011440875226757539 0.0006807854379605236 6.799437694160275e-05 0.00010979884312242348 2.664778378369506e-06 0.0 0.0002749454674302541 0.0
0.003678326606224041 1.1335642667890597e-07 0.0002797981076060157 3.4021502541352754e-06 1.6861832573526418e-05 0.000186600928493119 0.0037893801361621312 0.0026946539280818943 1.551720371464347e-06 0.0009201391425671637 1.422844883206817e-05 0.0001378231353541159 4.7125203027209323e-07 0.0 1.4689295574726445e-05 3.5053400228204785e-07 0.00026964714336415315 9.827486269293736e-06 1.0780812353940567e-05 3.234234852558013e-05 6.890019247384319e-05 4.533805833236456e-07 0.00022934178157515595 2.79002698522321e-05 0.0 7.424155496433251e-05 4.1614987796418675e-05 6.492407869198712e-05 0.0026179464184928666 0.0019163302521643564 5.489342131208321e-07 0.0006354045800169827 5.515859850542457e-06 0.0004267187561391175 2.224853960405003e-06 0.00017138617196811126 1.2438249489120234e-05 0.00020987052073476392 3.452207895519317e-05 3.886468851794057e-05 2.6370255318958734e-05 2.648791380454498e-07 8.049653735913841e-07 1.328391015746623e-07 0.0 1.845319758161762e-06 1.9491058344646062e-07 0.0 1.2208787691139485e-07 2.625564489454408e-06 1.2694510981736917e-07 5.646992748766034e-07 1.5432398873553886e-07 0.0 0.0 0.0 7.078987018760553e-08 0.0 1.827979730166357e-06 6.763455352986084e-07 1.8092906663413873e-07 0.0 4.703957202100909e-07 1.2248512754604025e-06 1.5798099404477805e-07 3.1544602670812295e-07 1.2076144500403609e-05 0.0 1.6393691101913444e-06 3.1839890425545696e-06 7.492423414556306e-06 8.962168280568807e-07 2.000424305007125e-06 0.0 0.0 0.0 5.574566771642747e-07 4.076752979579928e-07 3.602781133162107e-06 8.850394589216077e-07 6.440800890157118e-07 8.443411013109755e-07 4.917871633952005e-07 0.0 0.0 0.0
0.0 8.283331828355507e-07 0.0 7.123066485520922e-05 0.0005789078885456176 0.0009609199014068012 1.5049396474954742e-06 0.00012710799268858094 0.00016423449786822958 1.669566709085314e-05 2.1864600929770743e-06 0.0009883340358620542 0.0 1.4689295574726445e-05 0.0 0.0 7.145541447159255e-08 1.2639594331527757e-06 2.2571721916977874e-07 0.00025551282126055067 0.0 7.460676043204611e-06 5.69230447952242e-08 0.00012064109897871671 1.9925726870335285e-07 6.198212439077377e-07 3.2881727841418654e-07 2.3860379840457554e-05 9.234807849453369e-06 3.5017340024215366e-07 0.0 0.00022469215979707802 0.0 9.46890862990715e-05 0.0 7.891857973012517e-06 1.5502853517732398e-07 1.80750898463535e-05 2.9375243725450366e-06 0.0007457968193198526 6.31645192606131e-05 0.0 0.0 0.0 1.2799298271640958e-07 1.3707058045775104e-07 0.0 0.0 0.0 0.0 0.0 4.199787637230266e-07 0.0 0.0 0.0 0.0 0.0 0.0 4.895106956583629e-07 0.0 0.0 0.0 0.0 2.1999652953775556e-07 8.380470217471449e-08 1.4539131692268582e-07 2.0357425231699889e-07 0.0 1.0110017546632028e-07 5.166330245619833e-07 5.553664033107208e-07 0.0 1.0010170231525105e-07 0.0 0.0 0.0 0.0 0.0 0.0 0.0 0.0 0.0 0.0 0.0 0.0 0.0
4.602271636038844e-07 0.00011306363470852075 4.090907328342253e-06 1.7173405941203195e-07 0.0 2.383434177154072e-07 1.8135364184022005e-05 1.2370196755439591e-06 2.2494948766510992e-05 2.9539247754212646e-06 8.443145655145214e-07 0.0 9.19270509623397e-06 3.5053400228204785e-07 0.0 0.0 4.185129220281813e-06 0.0 5.480671203727244e-07 0.0 0.0014864516616906877 0.001996344436265613 0.003414374158077648 0.0007320280887515914 6.352945658513345e-05 1.0679875826334048e-05 0.0019526921627949778 0.0003779812477109594 5.542603285349397e-06 4.272584192617024e-05 2.539679194558764e-07 1.317674512407301e-07 2.3602622653151122e-06 3.862394351661105e-05 2.884088163644413e-05 0.0007684736963694734 0.00020325200549164795 0.00014084728857463398 0.00031560183758807614 3.9610507602840025e-05 3.2939088149211466e-06 4.66139897890647e-06 5.609054861789147e-06 9.801954726907995e-07 7.1443477930605285e-06 4.886452525537607e-05 8.160489091770986e-08 0.0 2.1190595506028584e-07 1.1634476703896976e-05 1.566973609381028e-06 6.071601055186113e-06 1.8822963874793648e-06 1.4383303071035374e-07 1.6324552411137194e-07 6.079940701652468e-07 1.4086653017052042e-06 0.0 0.0015122590056859267 3.7266868151213506e-06 2.1970521789852349e-07 2.76483394977435e-07 0.0 0.00022837837285955234 0.0005635199333697214 0.0012133259103199784 5.3338246589805083e-05 2.3572490687589815e-06 5.404952772806848e-06 0.00039989363150521717 5.663196109248335e-05 4.098750778699797e-06 4.722382962403363e-05 1.4761632509610029e-07 1.5311453674786637e-07 1.0981045661717998e-06 8.992971463862316e-06 7.880689958126111e-06 0.00023571117306532755 7.772475784599569e-06 2.4113750332830876e-05 3.081894489835428e-05 2.2539263121191927e-06 2.390002436066006e-07 0.0 7.692160494879912e-07
8.230264940335361e-05 8.369137966782262e-05 0.003059176481275874 1.820424595759921e-07 1.597778740543494e-07 6.200985796991276e-06 0.00021025133879311127 0.00029542867203264983 1.8987059296671964e-06 1.7170714201237654e-05 8.83238153308981e-05 1.4684262617173116e-06 5.464823328434583e-06 0.00026964714336415315 7.145541447159255e-08 4.185129220281813e-06 0.0 0.00031711133453248057 0.0015139015960295569 1.3786131226476457e-07 0.00039637283002400496 1.3461978315074041e-05 0.0027558273694098133 2.2710428608849168e-05 2.4464932863530138e-05 0.0023569389339126827 0.004514515405260361 6.335453711963772e-05 0.00022720259451995225 0.0006905105549438387 4.139021030535885e-06 1.1303360409483541e-05 5.318155888671474e-06 0.0022541681566544884 1.4286413968845592e-05 0.0007136697163460363 0.0010486786385597703 0.0024571911769804954 0.00031646958193193487 2.0694817821857444e-05 3.3378059629379965e-06 7.348656418842632e-06 3.560603398182394e-06 5.798215891320099e-07 3.1693133777862075e-05 0.00012125521895346982 0.0 0.0 0.0 1.3830618180258694e-06 3.298212369433617e-07 1.4585463882467056e-06 6.368985648315353e-08 2.7135725316419925e-07 0.0 1.5641606000196757e-06 4.700647033890913e-07 0.0 5.040893735683805e-06 4.8383641975836295e-05 4.108043107724151e-06 6.236906895374218e-05 0.0 2.047346260670252e-06 3.2511981698611173e-06 5.323696577300148e-06 6.260617230434331e-06 5.300476174718732e-06 0.00028627606937150476 0.0007822997144803075 3.141521791557355e-06 6.373168640933847e-07 2.391910953595217e-06 6.051349478049273e-07 0.0 4.742252664084547e-07 3.800588076849972e-06 3.983428732825061e-06 2.638130585271862e-05 0.00014785719069066879 1.5980336100173063e-05 9.247168994528918e-06 4.1127693901016935e-07 0.0 1.921783098951083e-07 0.0
2.9973913906636247e-06 2.7585866638441574e-06 4.54422888004176e-06 1.8997162960135714e-07 1.0282755461582466e-07 5.6804387290188e-06 3.937042575461743e-06 4.453184468374209e-06 1.9183932248388126e-07 9.536576061226134e-06 0.0010944488405094767 5.130962502328926e-06 3.758175384095078e-05 9.827486269293736e-06 1.2639594331527757e-06 0.0 0.00031711133453248057 0.0 0.0011750402872418735 1.0479865874197367e-06 5.2069781780526275e-06 6.594730943665317e-07 2.168433707605898e-05 1.4271160045816375e-06 2.1131354685240987e-05 0.0020423531315920773 0.0005008241715909216 2.1352662009686655e-06 2.5003817966951673e-05 9.379334979758878e-06 0.00013513177569319414 8.631855504490702e-06 2.3093958123178203e-07 0.0007514640614471265 2.119292224669603e-06 0.00018565374290640475 0.0003997279373710093 0.0007621229765824646 0.00032135908863092254 5.668726269085548e-06 9.247140658632872e-07 4.803167228218419e-06 3.6308801325180235e-07 0.0 1.4946293890197478e-06 5.210360950279448e-07 0.0 0.0 0.0 8.038968935821045e-08 2.1825616459518412e-07 4.946683884708921e-07 0.0 1.94867218062192e-06 0.0 1.2080702294355037e-05 0.0 0.0 0.0 1.4290632421634874e-07 6.482970932173903e-06 1.4710140392147042e-06 0.0 0.0 2.3586844645903024e-07 0.0 2.3860616956561103e-07 1.1683902347330594e-05 2.6291094578189237e-05 5.402861240674725e-05 1.1606675871783457e-07 5.808470906440974e-08 0.0 5.190440461609364e-06 0.0 0.0 1.6508319294475305e-07 1.5062280486271347e-07 2.567803014690877e-06 1.251060962827267e-06 8.808409908200677e-07 8.981124045716218e-08 0.0 0.0 3.9059340513946326e-07 0.0
3.540935711558309e-06 2.6094600283243192e-05 2.1167259453765258e-05 0.0 9.488358974208248e-08 2.217276620292422e-06 4.105902914690904e-06 8.863695345977227e-06 3.4597260813144035e-07 5.6379213259931885e-06 0.0003463650987609469 2.158702960296159e-06 5.155225431244927e-06 1.0780812353940567e-05 2.2571721916977874e-07 5.480671203727244e-07 0.0015139015960295569 0.0011750402872418735 0.0 3.183266383170386e-07 9.959692904533857e-06 1.4525777237014168e-06 6.280615511617249e-05 1.949685524744981e-06 2.0244429483184495e-05 0.002870853249985742 0.0008461672394676147 2.0448995491863045e-06 1.9948685358426254e-05 2.494255657467428e-05 1.044977091366844e-05 2.5146725603180908e-06 4.5499285461225935e-07 0.001756123719543685 3.2037724370727423e-06 0.0002728713920863171 0.00021860089801833962 0.0008207473308490648 0.00027321752181358894 6.734899123856273e-06 5.585140252143943e-07 0.0 5.544971791014062e-07 0.0 7.653961432259429e-06 1.784143113856638e-06 0.0 0.0 6.039738029674646e-08 7.08324053766898e-08 0.0 3.2833850565738176e-07 0.0 1.5544073290757545e-06 0.0 4.77745034274273e-06 0.0 0.0 0.0 3.4899209876713484e-06 8.3492464019512e-06 1.7306379844265613e-05 0.0 0.0 1.8809391974673261e-07 1.580583893714579e-07 2.5499724058226955e-07 3.6931437772600566e-06 0.00010529135809016394 0.0002195307672112018 5.789326712958301e-08 8.553582481490986e-08 1.4733973665949053e-07 8.561455006591425e-07 0.0 0.0 1.04061909772312e-06 4.472642434440261e-07 2.7623055666077303e-06 6.144872788056138e-06 2.285062110829604e-06 8.210517889469696e-07 6.210133128441388e-08 8.550154232121275e-08 6.4319105923304e-07 0.0
1.8646630148964342e-06 0.0 1.9096601446654015e-07 0.0004795800326643892 5.8538007187947406e-06 0.00014307387350095415 4.9542122168862525e-05 5.041568233448219e-05 0.0004914648710927066 0.0013929308240713532 3.0192318512279766e-06 0.002542535790904705 2.291635008804164e-07 3.234234852558013e-05 0.00025551282126055067 0.0 1.3786131226476457e-07 1.0479865874197367e-06 3.183266383170386e-07 0.0 4.5537439064614963e-07 0.0 6.356492419812876e-08 0.00011601516197518024 0.0 1.0041486680528512e-06 1.0670153640692013e-06 0.0017101041494081077 6.704700858209e-05 4.602158435746176e-07 0.0 1.9468583420621747e-05 2.3219791801356255e-07 7.017250652742506e-05 9.100721140048714e-06 0.00020959047864140863 2.191203341964938e-06 9.934447817996308e-05 3.014655350122173e-05 0.0005221274283045689 2.737553060307307e-05 3.60629722022727e-07 3.167231104972327e-06 0.0 1.0009047184317784e-07 0.0 1.6355169843855528e-05 0.0 2.7128342937839877e-06 2.4091165450484303e-05 7.87139829182499e-07 1.1479832525805137e-05 3.187579015647783e-05 0.0 5.0329677162805097e-05 0.0 2.0383111936401353e-06 2.4977469761473524e-06 1.443046657588313e-07 0.0 0.0 0.0 2.163073589564323e-05 0.0 0.0 0.0 3.256192658121951e-05 0.0 0.0 2.2255231272774698e-07 3.933341021269922e-05 1.4324734278472582e-06 4.6503456688735846e-07 0.0 2.5168949489435934e-07 0.0 3.287823779758538e-07 1.9842107318702548e-07 5.7268227625332735e-05 0.0 1.2269162314953349e-06 1.839012083815948e-06 3.433732705915018e-05 1.8067773332611458e-07 0.0 0.0
2.5193533001759883e-05 8.900428563320575e-06 0.001613523714141617 1.1255447783339831e-07 0.0 1.494780311250131e-05 0.0005841983843726503 0.0001662799298752324 1.6941201687018187e-05 8.532698079343048e-05 4.1279569064718756e-06 4.903008319100392e-07 4.5229630766435045e-06 6.890019247384319e-05 0.0 0.0014864516616906877 0.00039637283002400496 5.2069781780526275e-06 9.959692904533857e-06 4.5537439064614963e-07 0.0 0.00013841211901581207 0.011677789640432567 0.0005523477716718042 6.819527640265307e-06 0.0001373763831091475 0.0012104989175208119 0.004236640718288669 0.0001428697534691881 0.005757167598294032 0.0 4.332092796577957e-06 6.969367128656638e-06 0.0018602473236904375 0.0001509776825769536 0.0034944645927362807 0.0006711483618331516 0.0025193886078980487 0.0021822999191195404 0.00017836288930640404 1.8143123871536403e-05 3.2889471807167724e-06 3.0317471237858683e-05 2.1480580937559707e-06 1.5023491250700985e-06 1.549165584598134e-05 1.9381751103182742e-07 0.0 0.0 4.601064118486553e-06 4.615611180020525e-07 6.669338301175174e-06 2.793086109842703e-07 0.0 0.0 9.112844900349136e-07 6.113538038040218e-07 0.0 0.0003439718337160185 3.5649929007335304e-06 0.0 5.541678101327682e-07 2.6451410292447413e-07 0.00021367885102204198 8.094008774188889e-05 0.00013928089564961825 6.689044135581427e-05 3.773419048347767e-07 4.086106203018048e-06 3.7480203810745455e-05 6.548705632833028e-05 6.526365856882815e-06 7.068851908631644e-05 0.0 4.8112976780363236e-08 4.876113228141867e-06 5.999812438697997e-06 3.3039324670925913e-05 0.00018256543721724224 4.338648439120247e-06 1.011296381261955e-05 1.8592055777393267e-05 4.502583911850852e-07 2.61173798718843e-07 1.1624248784305013e-07 2.18163419165527e-07
5.573417663292099e-07 0.000873262198430125 0.0002789304889377666 4.813384808432383e-07 1.7888058016710283e-07 1.8268157105429808e-06 5.580068264222299e-05 3.1872762438222757e-06 0.0014956492213241558 6.698729727258601e-06 4.227651889270406e-06 7.123743629252621e-06 7.608128025477085e-05 4.533805833236456e-07 7.460676043204611e-06 0.001996344436265613 1.3461978315074041e-05 6.594730943665317e-07 1.4525777237014168e-06 0.0 0.00013841211901581207 0.0 0.00017454308714563753 0.0032200340909681923 0.0006222471902443436 0.00010626375424180433 0.002426234312759204 0.00014301038075089829 6.498975035512883e-06 4.630651151362093e-05 4.315739274653631e-06 3.043443020563956e-07 2.8399725247335635e-07 9.221336651919283e-06 9.854124702769078e-07 4.9357807835833724e-05 1.1653520714225063e-05 2.25935646119942e-05 1.365492103143911e-05 2.1235005136129897e-05 0.0 2.4336436224590686e-05 2.8698020556521963e-07 4.0623306891280317e-07 5.7294070701372014e-05 0.00014540761222571754 0.0 0.0 4.1377495781031064e-07 4.4104664527571494e-06 1.467209600375557e-06 4.507033650570381e-06 8.536542434271152e-08 5.124158390069876e-07 0.0 6.324369266476975e-06 4.423364529031006e-07 0.0 0.0006388649548640413 6.256136827331721e-06 2.727998807389003e-07 7.946344677046813e-07 0.0 8.00764878138875e-05 0.00016910365513989075 0.00034893019150628886 3.059396876943912e-05 2.779580784748868e-05 1.461693705655921e-05 0.0007763161788063021 2.1636544011007616e-05 1.5829272203742736e-06 1.2142783802154653e-05 3.6758041701834614e-07 7.06004701567921e-08 4.022406987808167e-07 1.7951507362872257e-06 8.752268697705284e-08 2.6493711047666058e-05 7.898268781422444e-06 9.396730403356359e-06 7.786337236560335e-06 8.102984776010919e-07 0.0 4.871159452581228e-07 2.3027328914522873e-07
6.175674884125315e-05 1.02307516187933e-05 0.004622932843560909 0.0 1.3894823210019976e-07 4.7861026871061425e-06 0.0005222264468753181 0.00023524474461236806 7.195987205239769e-06 2.3371232648492163e-05 1.0018973193176654e-05 5.561649131599955e-07 1.4585706949646113e-05 0.00022934178157515595 5.69230447952242e-08 0.003414374158077648 0.0027558273694098133 2.168433707605898e-05 6.280615511617249e-05 6.356492419812876e-08 0.011677789640432567 0.00017454308714563753 0.0 0.00027919751033313867 6.158549187987839e-06 0.0005894091665014554 0.0069939956543112495 0.000840870323200296 0.00013690900902625902 0.0025126269533700665 8.361375638674008e-07 6.049352697427945e-06 6.445241803015222e-06 0.0023361640753207713 0.0003634808499347827 0.005769877742679495 0.0035986766771334356 0.0041652768357064605 0.004382093303898066 0.0005095880020864934 4.5320507253886796e-05 1.714198653725006e-05 8.137453437619746e-05 7.09124381627202e-07 3.8140865445494965e-06 0.00030283018508922376 4.6213671104082166e-07 0.0 6.548847838013977e-08 8.476584448433197e-06 1.0927906856136912e-06 3.0253883306417525e-06 1.4341709978848844e-06 0.0 8.283111696773724e-08 1.343247748144509e-07 5.735840559801969e-07 0.0 0.0007306941829382007 1.663857628304507e-05 1.865561824324643e-07 2.8618640552875463e-06 4.316297784657727e-07 7.578881478752407e-05 0.00019923053832598478 0.000855326145893934 2.5012256180065277e-05 7.685615655174092e-07 1.631909524354724e-05 0.0008552886433623862 2.2535776516354886e-05 1.1969628071551214e-06 2.1454732756760395e-05 0.0 8.472625465222975e-08 6.933784000315199e-07 3.1020145759661704e-06 9.925071513430479e-05 0.0001487265880498614 2.9214382670573413e-05 3.572351479041601e-05 5.529018455409187e-05 7.514967181195311e-06 6.942660819784285e-08 1.4277890224134277e-07 1.1580382327538396e-06
4.317434848461412e-05 0.00026902097516611455 2.1165956530934654e-05 0.0003505827317750266 1.6913882180041497e-06 1.595108701181523e-05 0.000744357322078039 2.6113579530286755e-05 0.006115110426326781 0.00048141543696800736 2.374797662024623e-06 0.00020750272624825037 1.826145385696001e-05 2.79002698522321e-05 0.00012064109897871671 0.0007320280887515914 2.2710428608849168e-05 1.4271160045816375e-06 1.949685524744981e-06 0.00011601516197518024 0.0005523477716718042 0.0032200340909681923 0.00027919751033313867 0.0 0.00013872793427787357 3.0352026101848605e-05 0.0016460052997167693 0.0037758143872999718 0.00031452578294331084 0.0005213864645763523 1.383857699371513e-06 7.206197907461271e-06 4.331697226036262e-05 0.00016533595132714192 5.4760139274062746e-05 0.0007774480300589153 2.718940991936148e-05 0.0002177415070948435 0.00016532465479320488 0.00020548471703005778 2.2619156247256834e-05 9.851718036784235e-06 9.780824642958726e-06 2.564973962949441e-05 2.3333107107849738e-05 3.5875769775131466e-05 0.00010607765594291326 1.5376609667607801e-07 1.5054955912381887e-05 0.0004450476044216954 4.043033808242689e-05 0.0005071168422588945 0.00018091328013686867 8.89914554009839e-07 0.00010182901674624942 1.632351238344831e-06 2.9903037667491164e-05 5.916556695252685e-06 0.0002643753448043844 5.919140814338721e-06 7.27378439295863e-07 1.2224793307995035e-06 9.994387989565104e-05 0.00019321870383709109 0.00012595984433731407 4.96955836680897e-05 0.0014375724057546634 8.710928501599803e-06 8.430808892015619e-06 0.00011928375001609283 0.0010142115042996215 9.447027385892425e-05 0.0002751334536037412 8.730318229562216e-08 2.5823618440400843e-06 1.3122111331304008e-05 2.728955881831774e-05 1.1006906707408168e-05 0.0003795133400427692 4.658781956507518e-06 4.7022757080273145e-05 2.5218519158748253e-05 0.00010363159188135194 5.510553237550606e-06 9.396218772065237e-07 2.271912754982039e-06
