0.0 0.0 2.2252514441448943e-05 5.118057038601205e-07 0.0 1.1490632753247385e-05 0.0005719242852156798 0.00021872368049027414 0.0 9.48435262702585e-06 1.014688873387082e-05 1.2201913028854598e-06 6.168882400353225e-08 0.0026490225926333916 0.0 1.667843811153337e-06 7.605341815280903e-05 3.0771674048886403e-06 7.422999891326095e-06 1.775032018446212e-06 8.6103540510614e-06 3.0982356597475733e-07 3.453674016152232e-05 2.7942984772409914e-06 0.0 1.8935227785497063e-05 1.1934985152203373e-05 8.728209230382257e-06 0.0020627515594321072 0.00122214117758823 5.329649725108693e-07 4.8350250153296165e-05 4.122135123251041e-05 5.476369070348808e-05 3.502446155280515e-07 7.304101324376706e-06 8.60966814856836e-06 4.2510535076810115e-05 4.357902100084163e-06 5.998753272616719e-07 5.138303927180092e-07 1.0756088612822007e-07 4.335427272818262e-07 0.0 0.0 8.959735754284302e-07 0.0 0.0 0.0 0.0 0.0 0.0 0.0 0.0 0.0 0.0 0.0 0.0 7.805460068042111e-08 1.3684321291047545e-07 0.0 0.0 0.0 0.0 2.658909186691757e-07 3.7083749369232674e-07 1.2125525178652629e-06 0.0 5.177078345473119e-08 2.125985026191453e-06 3.096668879642719e-07 0.0 0.0 0.0 0.0 0.0 0.0 0.0 1.808220189008317e-07 5.865066562884053e-08 0.0 6.45860194986864e-08 0.0 0.0 0.0 0.0
0.0 0.0 1.5948529561713796e-05 4.079774661686347e-07 0.0 1.4333677841954737e-06 2.5868922414528637e-05 7.527948263281011e-07 0.0002544635852520614 3.6738466322974865e-06 3.716782200671029e-05 7.411302282665312e-08 0.0003431581588921987 1.041395986368738e-06 3.44907359166155e-06 0.00019606875175505613 7.923614359089776e-05 1.7096669728722478e-06 2.8912444101092887e-06 5.5283889346180514e-08 6.07866324545705e-06 0.0013656618230518994 1.2991066840200616e-05 0.0006133728155042532 0.0012753924172676917 3.2629487063838225e-05 0.003100698148163825 7.261907539063157e-05 1.4760913250490874e-06 1.1544276633508184e-06 3.1833100325368915e-05 0.0 1.7363004016239206e-07 2.7993056937924388e-05 7.493710054838434e-07 6.020510116141022e-05 0.0001915821188950868 0.00010868427126984725 1.1643449763026939e-05 2.1991968235606296e-06 7.595645822553236e-08 3.45852831661798e-05 1.0909277848192952e-07 2.849324992210571e-07 0.00012333840534364986 9.489273218630879e-05 3.8090813305606087e-07 0.0 0.0 2.7956169879583334e-06 4.1580985454273373e-07 2.88879607052119e-06 9.743241123203e-07 1.6107916567168763e-06 1.0019269576834162e-07 6.963969584130937e-06 2.782798458876474e-06 8.627961463468457e-08 9.327106641705666e-06 2.239142094917325e-05 2.529611121810163e-07 1.113095276587848e-05 4.973815119578874e-07 3.4869807898263954e-07 3.890506806373184e-05 2.3829528209092332e-05 1.2832151637631813e-05 2.0149765933020323e-05 8.892998583244689e-05 0.0014282782512305926 4.212443076659094e-06 3.9643738184111594e-07 1.3615923169046543e-07 4.339643660902187e-06 4.769845073782735e-08 0.0 2.76877653902963e-06 2.8408599194030087e-07 1.5754110809912555e-05 4.2829629246411276e-05 1.4722905897446046e-05 9.322208759226944e-06 5.014109308958197e-07 0.0 3.043500717012294e-07 0.0
2.2252514441448943e-05 1.5948529561713796e-05 0.0 1.3703308482325397e-06 1.8905955121234064e-07 1.6920474043020052e-05 0.0005083750310583294 0.0001519105721690678 1.6193294491068997e-07 2.424069229308991e-05 1.5990537570755252e-05 3.222133944668186e-07 2.9694852499321727e-06 0.00019747928103385325 2.4776765448160283e-07 1.9661682933285353e-06 0.002903799438933767 1.1399602568439832e-05 9.434680656666611e-05 1.1010073406547237e-06 0.0006084019717116267 1.9472313194748693e-05 0.006002301984646966 1.8890155859384905e-05 2.422770612792259e-06 0.0038207140753192263 0.0034608786023163697 0.00018402410828822919 8.130142090579768e-05 0.00042016481894415977 8.349352543621182e-06 7.722624212974485e-06 5.344561386895938e-06 0.00024236922445357886 1.0581914182554265e-05 0.0009600609586433759 0.0041058804997875994 0.0013176869243049503 0.0001951997117802157 2.2642774561492037e-05 3.6532296519836794e-06 8.680025427571859e-06 2.897228610039544e-06 7.145449917808971e-07 2.417202305098649e-05 0.00039598824903409554 0.0 0.0 6.507365784605111e-08 1.2716960313391898e-05 3.7199687968405297e-06 4.934017549194743e-06 2.818554862079041e-07 2.837378925644885e-07 2.4012988023552467e-07 5.0886981817785e-07 8.849759029769121e-06 5.6106908161691666e-08 1.9064433669383393e-05 4.2309331186864396e-05 1.0290207579472872e-06 9.601207200133875e-06 6.815529555190003e-08 2.3331543525700857e-06 0.0001165691261889527 0.0002458739857990124 2.605878504984469e-05 7.149267756053308e-07 4.817327835752157e-05 0.0021113113966674305 1.1254096102807293e-05 1.5771433593140868e-06 2.2907285729367475e-06 8.597612168339231e-07 2.97120967068953e-07 0.0 9.157772656276224e-06 2.8007757143359304e-06 3.135930361104505e-05 3.566744114182764e-05 2.7377905953873338e-05 1.8695848922465093e-05 1.2057805237953473e-06 0.0 0.0 4.000900828582353e-07
5.118057038601205e-07 4.079774661686347e-07 1.3703308482325397e-06 0.0 2.616901671004336e-06 2.065323471178055e-05 8.232857153909611e-05 1.0017909223277094e-05 0.0006981410263330531 0.001242841375657248 1.957152404780153e-06 0.0013839831208765033 1.3198930793015582e-06 5.2570924842018355e-06 7.488130448134135e-05 2.793656447157935e-07 6.097113707655612e-07 1.527983104583494e-07 2.252217601687054e-07 0.0013057352155901084 2.1848953524716882e-07 3.7950281208371636e-07 1.119220712146212e-06 0.0009328125010268142 5.097843361171949e-07 5.640752642325691e-07 2.2038488272128502e-06 0.0014384668157978323 3.994762515681491e-05 1.3509447340913216e-07 1.9589495531419887e-07 4.56914837183937e-06 3.596009287887557e-06 1.450866827979529e-05 5.044562497227238e-06 0.00012964226222007358 2.0475397773580125e-06 5.9852462338863594e-05 3.116902163683283e-05 8.828977113179613e-05 3.6798911297171587e-06 6.586639354807177e-08 2.0533021885782734e-06 1.8404807296445864e-07 2.6589305653665787e-07 0.0 9.171092430249274e-05 0.0 4.335177828205285e-06 1.8687590548953884e-05 1.594289766469617e-07 3.2030054347343517e-05 6.230282809989379e-05 1.1781516550096713e-07 5.601335807288395e-05 0.0 4.160623234560508e-07 2.557142843972165e-05 3.937526895714883e-07 0.0 1.5289883836211253e-07 0.0 0.00012901310648730268 3.2193409190724306e-07 6.174222295958659e-07 2.1886279166772462e-07 0.00016169133988584768 0.0 0.0 1.172586204357351e-06 0.0001649074605748407 2.5087713339902257e-06 3.2096752712277867e-07 0.0 1.9311141575333163e-07 9.360275334810934e-08 9.150225803568771e-07 0.0 3.3737576714239456e-06 6.58046400626017e-08 5.697213758629001e-06 1.2955224769880446e-06 4.455245778183758e-05 1.6290672148827432e-07 0.0 0.0
0.0 0.0 1.8905955121234064e-07 2.616901671004336e-06 0.0 0.00017522621367088408 2.413486576298688e-06 5.796550068002876e-06 2.9278659862213464e-05 7.098482100329961e-06 7.182943625127903e-06 0.0001034302068162239 3.530850913532892e-07 1.2873613503757251e-06 0.0008055757588745658 0.0 5.459644261490483e-08 2.596430591121419e-07 1.2173704128142846e-07 7.672483346907981e-06 0.0 1.7766482582957612e-07 0.0 5.743574722568706e-06 6.611183517465573e-08 4.4599392420255023e-07 0.0 1.1952777423966003e-06 1.2858173487876274e-07 3.8352790715458343e-07 1.1656101542456197e-07 2.6058982479700616e-05 0.0 1.92911962383775e-05 0.0 1.3206724619554828e-05 5.717199534571453e-07 3.8757429434271084e-05 1.555706057186823e-05 0.0006217016796845564 5.633829457304793e-06 0.0 0.0 0.0 0.0 0.0 0.0 0.0 0.0 0.0 0.0 0.0 0.0 0.0 4.7214654134317085e-07 0.0 0.0 0.0 0.0 0.0 0.0 0.0 0.0 0.0 0.0 0.0 0.0 0.0 0.0 0.0 1.6069866938095303e-07 0.0 0.0 0.0 0.0 0.0 0.0 0.0 0.0 0.0 0.0 0.0 0.0 0.0 0.0 0.0
1.1490632753247385e-05 1.4333677841954737e-06 1.6920474043020052e-05 2.065323471178055e-05 0.00017522621367088408 0.0 0.0010621092105445454 0.0022940648420269215 2.562451026138506e-05 0.005199889279159578 5.997688716891309e-05 0.0014468126380243246 2.0416792969821437e-06 0.000594988465201029 0.0011893497741248908 2.5553713018880146e-07 1.7460111532581275e-05 6.031985098994353e-06 7.044055391557912e-06 0.0001776684881329474 5.860997647546315e-06 8.930601594152684e-07 1.4589035948805209e-05 1.2699488260485633e-05 1.6836119515882433e-06 2.335005823222111e-05 1.0504283890409434e-05 0.0001430406316381789 0.00019742881074767712 3.496062943442506e-05 2.5549486057778053e-06 0.0007798329381523174 1.0514102694599179e-05 0.00012056832489798448 9.552955928151023e-06 0.00017824756708754414 9.60829130280114e-06 0.0002673256234508263 6.0778370800054364e-05 0.0013652386826583324 3.0232616029710077e-05 1.5556859283422216e-06 1.568579262730915e-06 0.0 0.0 4.334218234553436e-07 1.7279643629568867e-06 0.0 8.497411963963149e-08 2.8918595142928944e-06 0.0 3.564534555941785e-06 1.4245500033634374e-06 0.0 9.580599316787136e-06 0.0 4.0788698584093696e-07 0.0 7.058724495633621e-07 0.0 0.0 0.0 2.38136658540809e-06 4.493421616043423e-07 2.0040204925460721e-07 9.713534231180618e-07 1.2146605590878046e-05 0.0 5.3554591202597275e-08 2.0196101872278556e-06 1.4432069141703339e-05 3.8130283232757295e-07 1.8892762513474926e-07 5.626235078158698e-08 0.0 0.0 0.0 0.0 2.0383547967281186e-06 7.984501857014579e-08 4.891208642049154e-07 1.0390576647302986e-06 4.372895610509008e-06 1.7129315606936635e-06 5.225401370385406e-08 0.0
0.0005719242852156798 2.5868922414528637e-05 0.0005083750310583294 8.232857153909611e-05 2.413486576298688e-06 0.0010621092105445454 0.0 0.0015532940449489185 8.377367001474972e-05 0.0032827900794655347 3.536787929965724e-05 2.6369788201249526e-05 9.443376273413324e-06 0.0031133439130258084 1.1744376044156288e-05 1.609938038319311e-05 0.00021134542984745572 7.5657865523213854e-06 2.2020477990025804e-05 3.522726864682308e-05 0.0005592997809083316 2.3319022416903557e-05 0.0007046744637886381 0.00027031688359903486 2.293601086290554e-05 0.00033544547007139535 0.00022347574642032482 0.008179011529010757 0.0008704349289323607 0.004294131508058174 7.874099323846664e-06 8.967416166753072e-05 0.00014787027707699685 0.0003205517944520708 8.701144997667978e-05 0.0017979969967075635 0.00012736221926634293 0.0009253402538619297 0.00043603932144697916 0.0001455902181273647 3.377288534851825e-05 4.5986557442704475e-06 2.365974397994693e-05 7.796322990885651e-08 3.3343079717881487e-07 6.025429763554672e-06 2.7788523160940352e-05 0.0 1.460019274518014e-06 4.677428189109375e-05 1.0412452647057408e-06 4.086202622740775e-05 4.3502457997924435e-05 8.086132964574642e-06 1.555841647721697e-05 0.0 2.306629670278407e-06 2.9901838663001346e-06 2.2453361431866393e-05 3.950936779799556e-07 9.51556698034972e-07 3.983639453892786e-07 5.040697863349988e-05 4.960414184053962e-06 7.5847318044953035e-06 2.346862666510135e-05 0.00035329918151423784 1.1820679234003767e-07 1.8026034495914664e-06 3.884173382781459e-05 0.0004044289200738087 8.359202060102319e-06 8.582079506186022e-06 0.0 4.2381101010666383e-07 2.5410658398457065e-07 3.552910356756914e-06 3.6639872326916298e-06 5.822282353522748e-05 1.1402208921704216e-06 1.9124555957953582e-05 7.680990142225015e-06 1.1134573182288913e-05 3.64079523712214e-06 0.0 0.0
0.00021872368049027414 7.527948263281011e-07 0.0001519105721690678 1.0017909223277094e-05 5.796550068002876e-06 0.0022940648420269215 0.0015532940449489185 0.0 2.596375199095286e-07 0.0006110415897287574 6.224025493677818e-05 0.0001981546775687739 8.7276292064782e-07 0.0031256847108688483 9.593779097341386e-06 6.937172209421543e-07 0.00024437600254248346 1.3284088111453301e-05 3.2707190657161734e-05 5.852587012545988e-05 3.462110099797616e-05 1.0302062957138419e-06 0.0001638575871376925 5.636826703393713e-06 5.342553540262361e-07 0.0001226472001611203 4.784620107788331e-05 3.5810453642651416e-05 0.0003073379942652746 0.0006499623610749181 2.2290523635546627e-06 0.0008796470376285637 1.8394323126126134e-05 0.00012020341812544728 5.688280532952929e-06 0.00016290685273248048 3.938507368671007e-05 0.000224194325768595 5.718250145625023e-05 0.00013647112612002687 1.4530019150306747e-05 1.331500083293378e-06 1.5161598871833694e-06 0.0 1.6254889942807768e-07 3.411674451887881e-06 5.9495732957577794e-08 0.0 0.0 5.093709535685121e-07 6.524244910193271e-08 1.4652306774690508e-07 1.369586858315718e-07 0.0 5.396000869078073e-07 0.0 0.0 0.0 6.382649374299246e-07 0.0 4.1807122498484026e-07 6.020933146368232e-08 0.0 0.0 7.957880232660654e-07 1.8936302731739757e-06 7.326143780980115e-06 0.0 6.317100111131059e-07 1.4782312778545343e-05 1.0747672510416112e-05 4.470987243808339e-08 6.25771460469558e-07 6.18711724678374e-08 0.0 0.0 0.0 2.1992315789484962e-07 1.2735770988211672e-06 2.0927384633689247e-07 0.0 2.91441078335706e-07 0.0 1.1220994971127675e-07 0.0 0.0
0.0 0.0002544635852520614 1.6193294491068997e-07 0.0006981410263330531 2.9278659862213464e-05 2.562451026138506e-05 8.377367001474972e-05 2.596375199095286e-07 0.0 7.627448435584735e-05 3.950128766166504e-06 0.00029442272913859506 2.7294168464225378e-05 3.4665539674102665e-07 0.00013698532141423494 0.0001531293719247838 1.5480529472511925e-07 1.1138880403669272e-07 5.527593551650481e-08 0.0005031729643550826 6.255203384528644e-05 0.0016774804496564194 1.3208164744047144e-05 0.005090371063299896 0.0001392950050703272 1.356969040094661e-06 5.7611122002364375e-05 0.0007475891020624948 1.2758719451394577e-06 2.800993736709028e-06 3.489683864547563e-06 7.804238114330209e-07 1.434542131248567e-07 1.2353718065223488e-06 7.802930726139186e-08 1.783930874994529e-05 8.41712244544108e-07 4.588449424525251e-06 8.306131665801871e-07 8.284309047756167e-05 6.60354880361891e-07 1.0363977324155816e-06 1.4762038338349695e-07 3.5862309066405605e-07 1.307108595659077e-06 6.077643270084603e-07 8.501981453150375e-05 3.509903422115148e-07 5.854293234957089e-06 2.6204573224641848e-05 6.172795660487624e-07 3.948714339001768e-05 5.1506546242741114e-05 5.706361107978004e-07 2.644441880460132e-05 3.3070744681013807e-07 6.440734953019348e-07 1.2838328133327232e-05 0.00032890172264759686 3.8011927599917204e-07 0.0 1.3865716338653764e-07 0.00010270045730288773 7.345533196983452e-05 6.889420537816433e-05 2.5766088180930142e-05 0.0007429211640496398 7.658795941151465e-08 3.123701151037591e-07 1.1267948645791032e-05 0.00038084929088884654 5.51211941813198e-06 1.7641589571962495e-05 1.218867722253489e-07 1.72734510336857e-07 6.555640196095479e-07 3.512364829568645e-06 2.3338271510986505e-06 3.154939098316229e-05 8.308847118494992e-07 1.252513759854141e-05 5.965948514348462e-06 2.074747703245255e-05 1.6361965737578963e-06 7.840379105052087e-08 8.85358630190524e-08
9.48435262702585e-06 3.6738466322974865e-06 2.424069229308991e-05 0.001242841375657248 7.098482100329961e-06 0.005199889279159578 0.0032827900794655347 0.0006110415897287574 7.627448435584735e-05 0.0 5.878960612183909e-05 0.003260794676398866 4.272616204760873e-06 0.0003818934585863124 4.846563204856763e-05 2.498544169034326e-06 9.432835732381411e-06 8.25295169075168e-06 7.624053123784947e-06 0.00283589762214276 9.57479932642909e-06 3.305642136998408e-06 2.0978341864308317e-05 0.00017629838891643947 3.5593912960126144e-06 3.253513385482774e-05 2.519898616161979e-05 0.004415057974922353 0.0006406657530742291 1.5681257167517273e-05 3.319838230874419e-06 0.0001466125673188706 3.7292364900792364e-05 0.00030184847367473346 3.775724109631479e-05 0.0010819679650584512 3.1390813339039194e-05 0.0008660220934208344 0.00032104056072708827 0.00023275705563273927 6.346407698843177e-05 4.210206321775595e-06 1.150844013046768e-05 0.0 8.606796174294085e-08 4.4218022130788024e-07 4.978275406655548e-05 0.0 2.1975738171398936e-06 2.4688595168502703e-05 9.646716687153398e-08 1.8282298553190513e-05 3.7243575255216775e-05 0.0 4.542209463082839e-05 1.681361459000943e-07 3.949442237956154e-07 1.401311884406047e-05 2.944908690358857e-06 7.543408855635125e-08 0.0 0.0 6.515909932437958e-05 2.003501002780929e-06 8.635078115468969e-07 2.80503816082942e-06 0.00014364849830205594 4.774052220503285e-08 1.9297502542338066e-07 4.08350864979989e-06 0.00016581561352114994 4.124597367801993e-06 8.818491422286599e-07 1.4468310588130836e-07 0.0 1.302767910435555e-07 9.00054612033582e-07 5.09134239896227e-07 1.0246705955130957e-05 1.3630672449169348e-07 4.781705445153756e-06 1.925397283291527e-06 2.7665320902298007e-05 0.0 1.9025458865121244e-06 2.0567069731766205e-07
1.014688873387082e-05 3.716782200671029e-05 1.5990537570755252e-05 1.957152404780153e-06 7.182943625127903e-06 5.997688716891309e-05 3.536787929965724e-05 6.224025493677818e-05 3.950128766166504e-06 5.878960612183909e-05 0.0 6.873770127297055e-05 0.0006098281732677581 6.646712161171026e-05 5.1982307994205806e-08 2.634997046650439e-06 0.0004443810777142473 0.001364952587046893 0.0010132394750662925 1.5117749641470003e-05 1.2787892012920708e-05 1.9225161699345902e-05 4.415948545400717e-05 1.400352953372787e-05 0.0008977389449035524 0.0007439124453538048 0.00020577045942365562 1.3038042318705688e-05 0.00016824233069346844 2.0218417691138088e-05 0.00034512705200793597 0.00024687695413480907 4.224081595143986e-06 0.005491296033715989 1.5352843323612814e-05 0.0009037400757415135 0.0034444109760322374 0.003636786701583722 0.0007487193170609991 8.54921415602033e-05 0.00016067871430526894 0.0005354241712183544 4.7565160676716286e-06 0.0 2.3026904352546513e-05 8.233908405521228e-07 0.0 0.0 0.0 2.2789182830167258e-07 0.0 6.401507611656737e-07 0.0 0.0007240002833925406 2.0827713882423196e-07 0.0008562723866964714 1.8168482691976336e-07 0.0 7.023684847600775e-08 0.0 4.22033863841564e-06 6.507589478544099e-07 0.0 3.0498796643461617e-07 2.9731520977759516e-06 3.4923958517294163e-07 3.2976591753686224e-06 4.4985810226880465e-05 7.084714386965277e-05 0.00012739708763228366 1.7241418238106913e-06 0.0 0.0 0.00014749622678963473 1.1896896014697083e-07 0.0 1.2908211138663381e-06 2.964266206010116e-06 2.7459890512516164e-05 0.00025611063250604346 5.7093202735530785e-06 7.173769522352817e-07 2.460717913019181e-06 3.352279447384487e-06 8.700142656694006e-05 0.0
1.2201913028854598e-06 7.411302282665312e-08 3.222133944668186e-07 0.0013839831208765033 0.0001034302068162239 0.0014468126380243246 2.6369788201249526e-05 0.0001981546775687739 0.00029442272913859506 0.003260794676398866 6.873770127297055e-05 0.0 5.847077057804916e-06 0.00010043176814621003 0.0009378178612915915 0.0 2.239103348977191e-06 8.156408804063397e-06 6.946036646303399e-06 0.0038059706393880955 8.415380103498153e-07 2.5035968443495803e-07 6.98043586865655e-07 0.0002157595218915977 1.6118777214748803e-06 1.5197633434458439e-05 4.9172515701428045e-06 0.0004354564523742172 0.00026498123928548413 1.1054936856486304e-06 1.976550832717188e-06 0.00019183191131062443 8.32341301531332e-07 0.000203261504738449 2.2556764225906912e-06 0.0002301719370720402 1.1028448911020648e-05 0.0005129366168944184 0.00010643008176417298 0.0017985557273712779 3.2374719686273255e-05 4.788392369746318e-06 2.705695602304445e-06 0.0 0.0 6.201018599728809e-08 1.582920880003025e-05 0.0 9.096602776540694e-06 2.2383367851050416e-06 0.0 6.192928564229536e-06 2.234129105722575e-05 0.0 4.8606943741440554e-05 0.0 0.0 2.2926064877661156e-05 0.0 0.0 0.0 0.0 3.8550401660390225e-05 0.0 0.0 0.0 4.891943064507617e-05 0.0 2.7997701866157776e-07 3.375164945757386e-07 4.470364950293261e-05 9.986660880667963e-07 0.0 0.0 0.0 0.0 0.0 0.0 7.517997705487033e-06 0.0 7.282725397095716e-08 1.3114591238972357e-07 6.0358466949338334e-05 0.0 0.0 0.0
6.168882400353225e-08 0.0003431581588921987 2.9694852499321727e-06 1.3198930793015582e-06 3.530850913532892e-07 2.0416792969821437e-06 9.443376273413324e-06 8.7276292064782e-07 2.7294168464225378e-05 4.272616204760873e-06 0.0006098281732677581 5.847077057804916e-06 0.0 5.094504838432524e-07 7.714813917234704e-06 1.733235398372147e-05 1.520624365763832e-05 3.208942588343671e-06 5.879988384555602e-06 5.095448347940652e-07 2.734800449986604e-06 0.00013319947563879516 6.77125846701686e-06 7.058115922976107e-05 0.0038223218392100912 6.1011194175228335e-05 0.0008028214016620853 1.9893279794230862e-05 2.373747462351115e-06 3.828398667940632e-07 0.0003384122169136333 2.0146053712649416e-06 3.097730673788838e-07 0.00026026397158889224 1.0990425971197141e-05 0.0010369348488981156 0.002309765323989833 0.0013513835377374534 0.000481098370260754 0.00013036325094900716 0.0001086988587819899 0.0011557259619269468 9.331268676614637e-06 0.0 2.4374800202826646e-05 2.913652141226519e-07 0.0 0.0 0.0 0.0 0.0 1.991157108357171e-07 0.0 0.00054644657549157 2.1123049726133526e-06 0.0004276941952989079 0.0 0.0 2.2439013372914784e-07 0.0 1.92803738116966e-06 6.425451526906676e-07 0.0 0.0 4.9502690562530585e-08 1.8482429935586648e-07 5.747683840243729e-07 5.551871128250358e-05 6.741896484816401e-05 0.00011483815221797897 1.4563916182374026e-07 1.581720268866868e-07 0.0 8.010061511941312e-05 0.0 0.0 1.5347527201254228e-06 1.6645961497874086e-06 0.00018422304588221444 0.00027206992641102537 6.509802299740422e-06 3.619044011817316e-06 3.557007671638595e-05 6.484750965123707e-06 0.00024653580747306143 1.1127593666665916e-06
0.0026490225926333916 1.041395986368738e-06 0.00019747928103385325 5.2570924842018355e-06 1.2873613503757251e-06 0.000594988465201029 0.0031133439130258084 0.0031256847108688483 3.4665539674102665e-07 0.0003818934585863124 6.646712161171026e-05 0.00010043176814621003 5.094504838432524e-07 0.0 2.815006202609052e-06 2.828797782275973e-06 0.0003656487689066271 1.30537253214761e-05 3.5728912545109336e-05 3.4720654094332543e-05 4.2892822876428735e-05 8.680521757774444e-07 0.00023957615711124803 8.715818194576666e-06 5.813356843021346e-07 0.00013810161080923746 6.831860137674706e-05 3.6381827626578215e-05 0.0026453642615923956 0.0020021236882616688 2.977823085530974e-06 0.0006739387858087286 1.9575862278287904e-05 0.00020055826457922858 3.4832999796623435e-06 0.0001224412797464411 5.623396894223666e-05 0.0002338679393395654 5.221458288804585e-05 3.103803957413662e-05 7.059992427534918e-06 4.3796563416673096e-07 1.1268804747403899e-06 0.0 6.101535563656315e-08 3.2658056157116143e-06 1.404731674989055e-07 0.0 0.0 1.6952446500999334e-06 0.0 5.435648403681649e-07 1.3305758306366233e-07 8.398215714991924e-08 3.7657399780927146e-07 4.804702902804384e-07 0.0 0.0 8.811072661132696e-07 1.8230195265160662e-07 6.37450714755855e-08 1.6719410442104456e-07 0.0 3.419079350996722e-07 1.1530577274946608e-06 2.674739766494571e-06 4.135129220989691e-06 0.0 1.1998927204301943e-06 2.2981891941777133e-05 5.69685572398536e-06 2.664991640284007e-07 2.982908338256529e-07 6.578730849526498e-08 0.0 0.0 0.0 0.0 1.7793684159017444e-06 6.928399412048817e-07 2.5083700245768554e-07 0.0 4.911807095515118e-07 0.0 0.0 0.0
0.0 3.44907359166155e-06 2.4776765448160283e-07 7.488130448134135e-05 0.0008055757588745658 0.0011893497741248908 1.1744376044156288e-05 9.593779097341386e-06 0.00013698532141423494 4.846563204856763e-05 5.1982307994205806e-08 0.0009378178612915915 7.714813917234704e-06 2.815006202609052e-06 0.0 7.647842679387257e-08 6.021664754302094e-08 0.0 5.69234652426554e-08 0.00013862026150350955 0.0 1.0700386214858394e-05 1.8563377700698775e-07 0.000294208777064633 2.100479160090787e-06 1.3757058923046604e-07 6.902150410376122e-07 4.3710062979981446e-05 1.2546510192674408e-06 0.0 1.2751756220465726e-07 0.00019305083138054864 9.925768157602508e-08 7.681196259925157e-07 0.0 1.1235654043671349e-05 0.0 1.0199086132190978e-06 5.520267605231168e-07 0.0008168043257311044 3.105112326296241e-05 5.2384070651526695e-08 0.0 0.0 0.0 0.0 0.0 0.0 0.0 0.0 0.0 4.002953983566923e-07 1.4047082506999442e-07 0.0 1.2643994912269307e-05 0.0 0.0 0.0 0.0 0.0 0.0 0.0 7.558235147119386e-08 0.0 0.0 7.528636311663551e-08 1.9406392395882553e-06 0.0 0.0 0.0 1.2211434039736e-06 0.0 0.0 0.0 0.0 0.0 0.0 0.0 1.6929202306166407e-06 0.0 6.925835495253401e-08 0.0 9.815767631763428e-06 0.0 0.0 0.0
1.667843811153337e-06 0.00019606875175505613 1.9661682933285353e-06 2.793656447157935e-07 0.0 2.5553713018880146e-07 1.609938038319311e-05 6.937172209421543e-07 0.0001531293719247838 2.498544169034326e-06 2.634997046650439e-06 0.0 1.733235398372147e-05 2.828797782275973e-06 7.647842679387257e-08 0.0 4.313711669279122e-06 6.544247809130618e-08 3.931615872622048e-07 9.586449681399798e-08 0.0012934642486754772 0.001794158659791614 0.001629061773003238 0.0017739961662470395 7.094414651817994e-05 6.265052527986001e-06 0.0015137226300275491 0.0016300406655257841 4.56671481321836e-05 0.00018654228259313432 4.267319636068281e-06 4.7167184651994304e-07 2.841178421547769e-06 3.7171169125040734e-05 1.3147619542772287e-05 0.0009410406902276979 0.0004931060323864762 0.00014786682446112326 0.00014714961076896327 4.164721236527929e-05 1.6731453815734156e-06 1.2938089782065858e-06 5.300090763087454e-06 8.528931992226886e-07 2.6125372366000224e-06 9.333270807561231e-06 1.4155860653959723e-07 0.0 1.0816652834298737e-07 1.3736461392112573e-05 1.0911740607356283e-07 1.2374767965707935e-05 2.1934572028901505e-06 1.3064052533014754e-07 0.0 1.9101638584096858e-07 2.192143766098447e-06 0.0 0.0020296286590712714 1.746610674674062e-06 6.55187795042769e-08 3.235179950069964e-07 4.148462940035679e-07 0.00039361711557400183 0.0007048329712441247 0.001190531405558323 0.0001962919066385805 0.0 1.5733977994412828e-06 0.0002948269972041317 0.0002994606896563658 1.264244273624607e-05 5.168889107307262e-05 6.499219025424915e-08 6.27016838470572e-08 1.364415529349698e-06 2.109073551820474e-06 1.503673473608811e-06 4.3759923251943666e-05 1.5103988709918332e-05 1.0725388458743186e-05 1.1622074609870573e-05 1.6553786960334323e-06 9.55480122064679e-08 0.0 0.0
7.605341815280903e-05 7.923614359089776e-05 0.002903799438933767 6.097113707655612e-07 5.459644261490483e-08 1.7460111532581275e-05 0.00021134542984745572 0.00024437600254248346 1.5480529472511925e-07 9.432835732381411e-06 0.0004443810777142473 2.239103348977191e-06 1.520624365763832e-05 0.0003656487689066271 6.021664754302094e-08 4.313711669279122e-06 0.0 0.0003961843408737685 0.002216837303314642 1.054531365059893e-06 0.0005775915106538922 1.0423206200712918e-06 0.003558507773004378 9.199222228660884e-06 1.2230903518676e-05 0.002222608835219068 0.002228423577640878 3.9411978813149374e-05 0.0005772129793040344 0.0008042929704788884 8.188325276387304e-06 2.006192973827517e-05 5.111509909684735e-05 0.0015535234173928425 3.3592304487487025e-06 0.0002901249684034371 0.0015279449268388015 0.0010735437021396302 0.00015649314654924567 5.947123456052534e-06 2.3263070999493864e-06 3.1694504394036756e-05 8.217792574833367e-07 2.9771284751386793e-07 2.5373207552773985e-05 0.00012150364671057998 0.0 0.0 0.0 1.5027002505503873e-06 3.611640965794361e-07 7.119240344348936e-07 0.0 2.979260486548576e-07 5.8208945305745874e-08 1.4489199358385465e-06 1.7742452150256288e-06 0.0 2.3386062916844217e-06 2.7332213961960178e-05 7.982187344722058e-07 1.2633788432083776e-05 0.0 5.981881086073111e-07 3.9095891672486635e-06 1.4223670633775652e-05 3.746741973136192e-06 2.663504085617254e-06 9.846603325036211e-05 0.0006890236628016018 1.002508706321089e-06 2.591223018683412e-07 3.961922891722636e-07 2.696351071782044e-06 0.0 0.0 1.6131853222493476e-06 1.7666317595235363e-06 8.198544214764958e-06 4.112960982772474e-05 9.130162338404445e-06 4.909556739302103e-06 8.619156497808287e-08 0.0 0.0 9.693165768936847e-08
3.0771674048886403e-06 1.7096669728722478e-06 1.1399602568439832e-05 1.527983104583494e-07 2.596430591121419e-07 6.031985098994353e-06 7.5657865523213854e-06 1.3284088111453301e-05 1.1138880403669272e-07 8.25295169075168e-06 0.001364952587046893 8.156408804063397e-06 3.208942588343671e-06 1.30537253214761e-05 0.0 6.544247809130618e-08 0.0003961843408737685 0.0 0.0021194594249667876 2.204219067355082e-06 3.615875575889489e-06 4.504804416698187e-07 2.0367202775099453e-05 4.5928991570343973e-07 1.787486850944958e-05 0.0033468364557108408 0.00012077027081245288 1.638279634821166e-06 3.559076975745222e-05 1.2190550323351968e-05 0.0001444416480644857 1.4244577862690983e-05 2.2826412970112606e-06 0.0005589928375111209 3.833585920610036e-06 0.0002093546157404827 0.00044705420289342776 0.0006447407825164275 0.00023012939106242984 7.592325702320396e-06 2.5473237790668725e-06 3.90666352568187e-06 6.2791896640494e-07 0.0 3.975802176099436e-06 1.2786653798580709e-06 0.0 0.0 0.0 0.0 0.0 0.0 0.0 2.555287847242646e-05 0.0 3.984595389504966e-05 0.0 0.0 0.0 6.711339600749156e-08 2.0126600602634736e-06 2.377919203900436e-06 0.0 0.0 1.4452196762947173e-07 1.7199599143550527e-07 6.799015431367097e-07 1.5221118955623323e-05 0.00015533689409767405 0.00014985923491334414 0.0 0.0 0.0 0.00010583016304582232 0.0 0.0 2.5539564587817057e-07 2.7782235307618473e-07 1.8507611768361957e-06 1.4486933074458056e-05 1.5087705748532072e-06 7.646577085903864e-07 0.0 0.0 0.0 0.0
7.422999891326095e-06 2.8912444101092887e-06 9.434680656666611e-05 2.252217601687054e-07 1.2173704128142846e-07 7.044055391557912e-06 2.2020477990025804e-05 3.2707190657161734e-05 5.527593551650481e-08 7.624053123784947e-06 0.0010132394750662925 6.946036646303399e-06 5.879988384555602e-06 3.5728912545109336e-05 5.69234652426554e-08 3.931615872622048e-07 0.002216837303314642 0.0021194594249667876 0.0 2.0855169595975843e-06 2.3018661722243314e-05 5.300089275003335e-07 0.00011356599665262614 1.8494368662006949e-06 2.7332676030128933e-05 0.00506825549947413 0.00044204752135033735 4.69700596327092e-06 9.179612822082622e-05 3.8928162431356645e-05 1.2322769629724129e-05 1.1225229332540281e-05 9.420314812101509e-06 0.0012089929610309218 4.055376319238675e-06 0.0004687558120964259 0.0008170088662666377 0.0011499761959722376 0.0003024411658915963 1.0414448476709791e-05 2.956430259871558e-06 9.20163221899758e-06 5.782669780873975e-07 0.0 1.499901896731061e-05 3.9581777128956316e-06 0.0 0.0 0.0 3.0516254958664083e-07 0.0 7.165629621997e-08 8.651694600226484e-08 8.900463009328233e-06 0.0 1.756939764969055e-05 7.07664459823425e-08 0.0 3.1271678254956936e-07 3.4655119435245975e-06 1.5694916107147103e-06 9.238459529357375e-06 0.0 0.0 2.757599727722736e-07 6.570126273846456e-07 9.139178684207783e-07 2.188908183483243e-05 0.0002546725536801629 0.00032136735164479214 3.530116257232639e-07 1.4969652545726046e-07 8.244622169973311e-08 7.438795175859311e-05 0.0 7.96779440258634e-08 1.2935012255643623e-06 1.1597297191029143e-06 3.3339797950911054e-06 1.7746194160386647e-05 4.096964006686899e-06 3.5328049966097513e-06 5.455011947878547e-08 0.0 0.0 0.0
1.775032018446212e-06 5.5283889346180514e-08 1.1010073406547237e-06 0.0013057352155901084 7.672483346907981e-06 0.0001776684881329474 3.522726864682308e-05 5.852587012545988e-05 0.0005031729643550826 0.00283589762214276 1.5117749641470003e-05 0.0038059706393880955 5.095448347940652e-07 3.4720654094332543e-05 0.00013862026150350955 9.586449681399798e-08 1.054531365059893e-06 2.204219067355082e-06 2.0855169595975843e-06 0.0 6.692134170503753e-07 0.0 9.781894689812656e-07 0.00028841689556574705 7.48472663139212e-06 5.382694380768179e-06 1.8438049290729812e-06 0.001744389911845543 0.0001638182025487562 1.1867718736225065e-06 5.260451567370366e-07 3.932905611172767e-05 4.337784582570511e-06 8.356862249176457e-05 1.3073800831698678e-05 0.000579300813599674 1.2428866670256305e-05 0.00029409871966670564 0.00013133151110249504 0.00035576810932372055 2.5852424150232978e-05 3.599026087642469e-06 4.48069811176179e-06 2.1907784589459942e-07 0.0 1.5601571277683747e-07 0.00012194834272460434 0.0 7.3389352798763055e-06 3.5006061284365816e-05 3.8766937762343895e-07 3.644658252156396e-05 0.0001004415545334298 8.024889502889838e-08 9.489922862009e-05 0.0 1.5235429583844465e-06 4.527006578821228e-05 0.0 0.0 0.0 0.0 0.00017606781298949739 1.071726461846504e-06 1.1044038104326378e-07 7.607209800457849e-07 0.00022681971919363483 9.369350642437892e-08 0.0 7.78739288176311e-07 0.00026085632523653525 2.3360775434107406e-06 0.0 0.0 2.3952051179394507e-07 0.0 1.4909198466540233e-06 1.752674942354184e-07 1.4101158545339288e-05 6.110121929358172e-08 4.862120536316095e-06 1.2084320089263544e-06 9.780704456759657e-05 0.0 1.960929001836029e-06 0.0
8.6103540510614e-06 6.07866324545705e-06 0.0006084019717116267 2.1848953524716882e-07 0.0 5.860997647546315e-06 0.0005592997809083316 3.462110099797616e-05 6.255203384528644e-05 9.57479932642909e-06 1.2787892012920708e-05 8.415380103498153e-07 2.734800449986604e-06 4.2892822876428735e-05 0.0 0.0012934642486754772 0.0005775915106538922 3.615875575889489e-06 2.3018661722243314e-05 6.692134170503753e-07 0.0 8.270010754589194e-05 0.01249197108365437 0.0001476610721598395 5.676608807329418e-06 0.00012190919019657064 0.0007615652824471415 0.0024323431290486906 0.00010649336490786513 0.006973824183157369 1.7620407713312386e-06 1.6129987221161287e-06 1.5012426769681919e-05 0.0015892593652106022 9.069943211657126e-05 0.004424028900166742 0.0009653672614637592 0.004184225570898365 0.0015069628915095972 0.00021991871535407856 6.969063263985161e-06 3.862491529471479e-06 3.937684178184336e-05 1.026155285517642e-06 4.1017921297073654e-07 8.709145260381434e-06 8.291709804295525e-08 0.0 0.0 1.5443982972850873e-05 8.618243592294322e-08 1.3446824292886025e-05 7.776008877805821e-07 0.0 0.0 0.0 3.2675159016753373e-06 0.0 0.0005966567850547041 2.032935783981815e-06 0.0 3.2930494958771373e-07 1.0180906798116848e-07 0.0003720395177342734 0.00016282446639513632 8.331698151475933e-05 0.00018354635083546434 7.705662167809483e-08 1.198761058528593e-06 6.49743685376738e-05 0.000383429667134028 2.0261698946666984e-05 8.110758021250632e-05 0.0 0.0 3.2040606014912754e-06 6.2277795023387355e-06 7.360365704728547e-06 5.31012272068719e-05 3.414705454623571e-06 6.533429822636023e-06 4.096499255153518e-06 2.6105740324900406e-06 0.0 3.2303776098115525e-07 1.094857129097415e-07
3.0982356597475733e-07 0.0013656618230518994 1.9472313194748693e-05 3.7950281208371636e-07 1.7766482582957612e-07 8.930601594152684e-07 2.3319022416903557e-05 1.0302062957138419e-06 0.0016774804496564194 3.305642136998408e-06 1.9225161699345902e-05 2.5035968443495803e-07 0.00013319947563879516 8.680521757774444e-07 1.0700386214858394e-05 0.001794158659791614 1.0423206200712918e-06 4.504804416698187e-07 5.300089275003335e-07 0.0 8.270010754589194e-05 0.0 0.00015443548682920856 0.003082459714275359 0.0006720805243911135 3.511093801168853e-06 0.0005435467920978013 0.00015810622648626007 1.557141291056582e-05 0.00014420681186100574 1.3114451202635762e-05 3.02876571607943e-07 5.813413999891182e-07 4.068941755042671e-05 2.1074902543829903e-06 0.00013000409720594156 0.00012108111824848926 2.1796974646134866e-05 1.2385988573215652e-05 1.966504727488591e-05 1.0073118969132828e-07 8.556277306784073e-06 2.2396492271666596e-07 7.70770056228311e-08 9.311046010515537e-06 2.2151471600415215e-05 6.82144856018957e-07 0.0 0.0 3.1786149205717916e-06 3.381084632628385e-07 1.6388087939242815e-05 1.6304772969220696e-06 7.25487066842651e-07 7.350198259676856e-07 3.374451708242038e-07 1.160515347298034e-06 0.0 0.0008898311911334268 2.156279976167737e-06 0.0 6.275177251787125e-07 7.961610470481334e-07 5.739455812417747e-05 0.000348853382388455 0.0004711348716941933 7.867670832938026e-05 4.196676905629316e-07 1.1273725773401148e-06 0.0015870541673248322 6.1008114727533086e-05 3.454850217895613e-06 1.2224558680957647e-05 2.715083158914053e-07 0.0 5.591660185670245e-07 1.9422359097277757e-06 3.580454091889102e-07 1.6303439629805267e-05 4.363457406896216e-06 4.606954103524485e-06 4.910947712897368e-06 3.794599504478542e-07 1.3809145236488862e-06 0.0 0.0
3.453674016152232e-05 1.2991066840200616e-05 0.006002301984646966 1.119220712146212e-06 0.0 1.4589035948805209e-05 0.0007046744637886381 0.0001638575871376925 1.3208164744047144e-05 2.0978341864308317e-05 4.415948545400717e-05 6.98043586865655e-07 6.77125846701686e-06 0.00023957615711124803 1.8563377700698775e-07 0.001629061773003238 0.003558507773004378 2.0367202775099453e-05 0.00011356599665262614 9.781894689812656e-07 0.01249197108365437 0.00015443548682920856 0.0 0.00039964748786656983 5.0901143003854825e-06 0.0008281899163350205 0.005576362653462704 0.0017430838231410255 0.00017837254965633503 0.002202064208816119 7.393719806697535e-06 8.658037977937778e-06 1.9064338099086023e-05 0.0015035344911847309 0.00012551175722249185 0.0064984767165297405 0.005487044048951227 0.004735955273828346 0.0022948915776112872 0.00034036881717502883 2.1005283956201122e-05 9.283906685306217e-06 5.2881387919162894e-05 0.0 5.081887814391133e-06 0.00012881068322272347 1.1294802339069501e-07 0.0 1.0009358375054699e-07 1.1921982726407966e-05 9.43929147849329e-07 1.8123839366178773e-06 7.865334877393445e-07 3.1267528465656643e-07 0.0 2.7522946877803834e-07 1.10746864602426e-06 0.0 0.0015669594118146158 3.4823068259031334e-06 0.0 1.1593870947535811e-06 0.0 0.00012397491752655902 0.00043325925614939794 0.001821099769015435 6.265379266736527e-05 7.850256614360909e-08 5.123567037062266e-06 0.0014813315055254544 6.394845353963692e-05 3.163640137545209e-06 8.880423257245619e-06 0.0 0.0 8.398149613573336e-07 1.438255651186197e-06 2.5080628342780117e-05 5.372980333288362e-05 2.4813301358759136e-05 1.8094552069757103e-05 1.8983925510792927e-05 1.188018655476464e-06 1.7197508204866744e-06 2.589529009391815e-07 2.901520485301733e-07
2.7942984772409914e-06 0.0006133728155042532 1.8890155859384905e-05 0.0009328125010268142 5.743574722568706e-06 1.2699488260485633e-05 0.00027031688359903486 5.636826703393713e-06 0.005090371063299896 0.00017629838891643947 1.400352953372787e-05 0.0002157595218915977 7.058115922976107e-05 8.715818194576666e-06 0.000294208777064633 0.0017739961662470395 9.199222228660884e-06 4.5928991570343973e-07 1.8494368662006949e-06 0.00028841689556574705 0.0001476610721598395 0.003082459714275359 0.00039964748786656983 0.0 0.00033475852623233207 2.6851965472422757e-05 0.0012996080839086511 0.003870804166696106 9.648737808219309e-05 9.688400577836119e-05 1.4049106878987667e-05 2.436164428777244e-06 2.5856302999926234e-05 5.4757959325439885e-05 4.809366698420228e-05 0.0012474823041972803 0.00010771853872951774 0.00022704754523738762 0.000144876354349208 0.00023053248537053164 9.55480901804714e-06 1.997165522745193e-06 7.234371451319603e-06 1.8935597636571474e-06 3.1118321038553806e-06 9.73487940606013e-06 0.0002039774197422952 4.104650454520024e-07 8.116847084984744e-06 0.00018522638894647182 5.697237146819035e-06 0.0004999231726102251 0.00016141097175375612 1.2871121279726143e-05 8.314893497879812e-05 5.042700940092365e-07 1.3038193638008939e-05 3.2000305632536456e-05 0.0003055578600155042 3.1283734584143796e-06 5.203894704285316e-07 9.650277058767944e-07 0.00025433637260671596 9.675649838406285e-05 0.00020016129910802025 0.00010037425765384265 0.0025184472313772416 2.7953672625747685e-07 2.4862896037788526e-06 0.0001388386259153494 0.002049767456729323 4.742348628038592e-05 0.00011209870846421741 3.3433363907268016e-07 2.1605798213036347e-06 4.355892725256381e-06 2.231519652750891e-05 6.800349179905385e-06 0.00021051610977784364 5.015041186541938e-06 9.188410591191502e-05 3.977135379140581e-05 7.266557077549613e-05 9.202907856046037e-06 4.894785739568765e-07 1.0797507168078636e-06
