0.0 6.249809777677632e-07 3.959085237118435e-05 2.1816265560704433e-06 0.0 2.219141935848905e-06 0.0013591409243413045 0.00018694074729813626 1.768672443856606e-06 6.9719182889567775e-06 1.0450801057233485e-05 1.7723945835603165e-07 3.7063534887583985e-07 0.0028054193585575417 0.0 0.0 3.05668966323058e-05 7.656707332709312e-06 2.6952402222830772e-05 1.3448171707043582e-07 5.333517473139924e-06 0.0 1.1694544883309173e-05 9.270633660529066e-06 0.0 2.6309620068457e-05 1.3795219574878593e-05 5.8617682396695565e-05 0.0011181230222983716 0.0009563773921665947 4.5923732347818367e-07 2.3962080873271676e-06 2.514774833868868e-06 1.790801480521763e-05 0.0 6.652729613858874e-06 7.147140664734023e-06 1.244967084555316e-05 1.9864683909860936e-06 1.2940615411326442e-07 0.0 0.0 0.0 0.0 0.0 0.0 1.4488550155767125e-06 0.0 0.0 6.863296222745581e-07 0.0 0.0 1.2404883492192344e-06 0.0 2.39459087628997e-06 0.0 7.535948506506343e-07 0.0 4.106624738511796e-07 2.2451465046818287e-07 0.0 6.818194907176122e-08 5.293279622115032e-07 1.163015128006168e-07 2.870946907951775e-07 4.6780032829335056e-07 1.3962753788669898e-06 0.0 2.666879106473823e-07 1.7688174895610536e-06 2.839296722690224e-06 0.0 1.2276791521254806e-07 0.0 0.0 0.0 0.0 0.0 1.3322877930899908e-07 0.0 2.475710270079721e-07 0.0 5.954859847121166e-07 0.0 0.0 0.0
6.249809777677632e-07 0.0 3.6298972028250096e-05 7.567503054103795e-08 2.360296994015258e-06 6.803869753892237e-07 7.5266694311674e-07 1.395665419929652e-06 0.00042158718202653036 1.208471119221474e-07 9.47049207103979e-05 4.681565661160998e-06 0.00038061787083127436 1.4163072335877178e-06 2.5787291653880143e-05 2.7957015111106038e-05 8.940203419046256e-05 4.219284338408059e-06 5.364850254591464e-05 4.544255869210251e-08 3.3718308814485943e-06 0.0017839057523955624 2.2508625156117564e-06 0.0007660816241273814 0.0015175484984325369 0.0002126569885087049 0.003549221326783596 8.363854392496283e-06 1.4539943369766182e-06 1.653560428216351e-06 1.972565596986758e-05 2.2837438887597117e-07 1.066954704793466e-07 1.943162028559463e-05 1.032156205812812e-06 0.00011344661179613444 8.261600774353382e-05 0.00013917774169027822 3.862540076561807e-05 2.9495659210177288e-05 5.575748237468772e-07 6.513628439582667e-05 6.758966628934929e-07 0.0 2.98433226036344e-05 2.214055288238132e-05 1.4770111407445988e-07 0.0 0.0 4.578435432454556e-07 0.0 1.1156595189837626e-06 4.1508633070579753e-07 1.0634629973221753e-06 0.0 1.4363416984716788e-05 5.937781828610885e-08 5.826156610233862e-07 3.5369897605539806e-06 3.723077454830124e-05 2.3395553632237967e-06 2.2756378582651146e-05 0.0 6.270143890904786e-07 1.1202456880681766e-05 2.487766325024403e-06 7.590314719300362e-06 8.305269942637272e-06 0.00017218730027838264 0.0013770300138857576 1.959630539348743e-06 1.1330229652449488e-07 1.1744264753057635e-07 7.1052663450319685e-06 6.222977287761728e-08 0.0 3.8317834318334415e-06 4.920647645404942e-07 2.0109948600557374e-05 2.471196892379176e-05 1.2471395251666242e-05 4.269388998556952e-06 7.396163051813244e-07 0.0 5.055869785017117e-07 0.0
3.959085237118435e-05 3.6298972028250096e-05 0.0 7.901853082304114e-07 2.3281631814792014e-07 2.899160110055442e-05 0.00021635927718880523 0.00047927976729875046 7.113530168760884e-07 1.4315389618832959e-05 2.643719394560815e-05 6.546853215394259e-07 6.268943150467041e-06 0.00042547842441538757 7.823835223070392e-08 4.1459234535778245e-06 0.0036949648442587755 4.5802140586357476e-05 0.00015911773486028112 2.1212870261562213e-07 0.0006943599279444108 6.73818220833879e-06 0.005457726326761085 1.5820922913576533e-05 0.0 0.004959443593526251 0.00598223573366326 0.0005199724272008687 6.78207341040909e-05 0.000244978213687837 1.0834946542087494e-05 4.159023413409586e-06 7.06862318217594e-07 0.00036285820652925716 2.1849523092029822e-05 0.001214516808557748 0.0012921055146652195 0.0015536502059619978 0.0005471012966575251 0.00010813604898723289 7.554191958295857e-06 3.907337305292678e-06 9.250634469237161e-06 7.337432923536946e-08 5.090931355895155e-05 0.00046683868429124847 1.2128242429397527e-07 0.0 2.533389560362091e-07 3.521934581418144e-06 4.3341028257908236e-07 4.76554828252447e-07 2.835929193281739e-07 0.0 0.0 4.395958674294074e-07 5.976606454622665e-07 2.8281668464584497e-07 3.1548847514248726e-05 0.000174534169023719 5.938579878518869e-07 4.650671223161933e-06 0.0 7.99225287032717e-06 2.1345301543473025e-05 0.0002631079627745962 3.055757127684489e-05 5.255535004238234e-08 5.981975364934925e-05 0.0016140296792216985 1.0315385824357633e-05 1.3793218829955187e-07 1.5725971184451176e-07 2.2560443743253013e-07 0.0 0.0 6.216128964435745e-06 1.12279119309908e-05 5.299527973266839e-05 2.3485301078475156e-05 3.6028024941343825e-05 2.635787284051636e-05 3.7593940077558574e-06 2.8247777632267964e-07 0.0 2.839152642392685e-07
2.1816265560704433e-06 7.567503054103795e-08 7.901853082304114e-07 0.0 3.576350772585206e-06 7.451134934167445e-05 0.00010315103098260833 3.549820168380139e-05 0.0003751123463012567 0.001149297010083721 7.334258852761521e-06 0.002669796494197945 1.3495285405888043e-06 4.049612297853275e-05 6.0779464826617046e-05 0.0 1.1992062665541567e-06 8.488831176538862e-07 1.995331907663804e-06 0.002812642834406972 1.2683496361467173e-07 2.3044235582505303e-07 1.3620192365762013e-07 0.0006289274677888924 0.0 2.8821443686081247e-06 2.642270768521934e-06 0.0013629403738926447 0.00012392486240167503 4.626508445747516e-06 6.56602634512541e-07 6.216245243984794e-06 1.3256200359076335e-05 4.3333633903405156e-05 3.580851042139269e-06 0.0001856874526510145 2.015611304597857e-06 0.00013049390335314795 5.1723194432209807e-05 0.00017268796685709605 1.3552729083415995e-05 2.3400362012149566e-07 1.3400566660639828e-06 0.0 3.0323570021227707e-07 0.0 0.0002677233375656578 0.0 4.1828004290756915e-06 1.8319130821293558e-05 3.96407789033619e-06 2.6713120429061553e-05 0.00012948250559105924 2.4605219182591727e-06 6.748092633358738e-05 0.0 2.102488201021231e-06 8.553928237640181e-07 0.0 0.0 1.8419578843647871e-07 0.0 0.00015402973238259996 0.0 2.315401690339152e-07 0.0 0.0002179161795356408 0.0 4.517116053144271e-07 1.965502016436767e-07 0.00013563817950647527 1.5224908869108247e-06 0.0 0.0 2.988711549876476e-07 0.0 3.172050793657752e-06 1.838053957054925e-07 4.5123008286462114e-05 4.489625720108354e-07 1.98751645068746e-05 3.123308373155258e-07 3.0498768671758858e-05 1.3436626747427819e-06 0.0 0.0
0.0 2.360296994015258e-06 2.3281631814792014e-07 3.576350772585206e-06 0.0 0.00024007516553216767 7.920326366288521e-07 0.00012580668015501085 0.00013257706100370224 7.076256904123679e-06 5.884644721394833e-06 2.8068873075721582e-05 2.1753644961405345e-06 3.692123007731708e-05 0.0010444088747591663 0.0 1.7405177682843246e-07 4.987160349492368e-07 7.319210615643978e-07 4.7093570466873245e-06 1.064202433663627e-07 2.6806702382425664e-06 9.828341371794307e-08 2.0555645896089013e-05 3.791226360845358e-07 6.959753858917767e-07 4.459165519166344e-06 3.084591569728009e-06 0.0002193492060603544 1.8450036986045305e-07 4.5495159407358143e-07 0.0008953519251586062 2.64827832936781e-07 7.893616686825143e-05 3.737801633662094e-07 3.35780750129425e-05 1.1654491475502055e-06 9.233145996246237e-05 7.676131702904871e-06 0.0007392935552894576 5.0224598423781474e-05 1.148928266852183e-06 6.054652444328463e-07 0.0 0.0 0.0 0.0 0.0 0.0 5.972949374433152e-08 0.0 1.7840624617541773e-07 0.0 0.0 0.0 0.0 0.0 0.0 0.0 0.0 0.0 0.0 3.124294543738714e-07 0.0 0.0 0.0 6.553768529048256e-07 0.0 0.0 1.734855404273693e-07 0.0 5.4709942210762225e-08 0.0 0.0 0.0 0.0 0.0 0.0 0.0 0.0 2.5661653922563033e-07 0.0 0.0 0.0 0.0 0.0
2.219141935848905e-06 6.803869753892237e-07 2.899160110055442e-05 7.451134934167445e-05 0.00024007516553216767 0.0 0.0004447552832126966 0.0035512054917315205 9.790039876616592e-05 0.0043164533548602155 3.038750961588465e-05 0.0026129681212257888 1.5339510737003593e-05 0.00024275260274149227 0.0002815163280724234 3.046196600288813e-07 9.808070116953596e-06 4.603949877567102e-06 4.717078638486653e-06 0.0002773618997552902 2.348012440622457e-06 2.6816993323024244e-06 1.119465424222983e-05 0.00026287916712373205 2.167144389006928e-07 2.5930111162671598e-05 2.0341846798912214e-05 0.00029742282738426184 0.0004410479803754595 2.6419775667205033e-05 1.415969017387044e-06 0.0007513831826574343 7.5864262711763514e-06 0.00018262525201621127 2.439879403567167e-06 0.0001637759053346051 9.683502362451068e-06 0.00018975722402936662 3.8915402100563515e-05 0.0013452783086556072 0.00010871495333002139 6.100189036623958e-06 4.940065614210076e-06 0.0 7.028874617195284e-08 9.543270554101587e-07 1.3656667936949175e-05 0.0 1.3233242305517095e-06 5.128953208931307e-06 9.919380490888587e-07 3.476731087181466e-06 7.413843638699664e-06 1.2676441464826584e-07 3.60017094936634e-06 0.0 5.824396480357895e-07 5.713445620985227e-08 1.7046038886595525e-07 0.0 0.0 0.0 8.793772611146142e-06 4.945861281606663e-08 0.0 1.2153693763632587e-06 5.1593817825488915e-05 5.033812821473091e-08 2.3852621285377096e-07 1.9499798536415318e-06 2.487047739095793e-05 1.6563190888546843e-06 3.6096582614902525e-06 0.0 8.722119795510388e-07 0.0 7.560154970811242e-08 0.0 3.4639311936398296e-06 5.2331666746875286e-08 3.0654932605175225e-06 3.968172911774804e-07 1.4113707545760226e-06 0.0 2.0151226780008063e-06 0.0
0.0013591409243413045 7.5266694311674e-07 0.00021635927718880523 0.00010315103098260833 7.920326366288521e-07 0.0004447552832126966 0.0 0.0015589526485046631 7.36658507772659e-05 0.0049365815500910385 1.787485772670896e-05 4.490017440645151e-06 4.509486935444865e-06 0.0028182680929050414 3.013384249279107e-06 4.391959174670735e-06 7.920035325810375e-05 4.704334171183505e-06 1.856079190643178e-05 5.71779748195127e-05 3.6185586454240415e-05 2.835283998477474e-06 9.567265474880064e-05 0.0010370776155860764 1.3682099603617637e-07 0.0001037378818035372 0.00026618839428119433 0.010687351421971327 0.0009278398340310132 0.0040425912299025075 2.7377982633571646e-06 1.1849468188644808e-05 2.934350719003187e-05 7.420444693096742e-05 2.9224161069007526e-06 0.00022090320954570465 3.4812990864167136e-05 0.000243472220060345 6.888699568236973e-05 1.4610581100138946e-05 1.0454639993350254e-05 5.097264977726102e-07 1.5047829448483335e-06 0.0 1.9383329292333136e-06 4.566761637058965e-06 4.612824043425637e-05 5.4468857827035975e-08 4.9646718282667645e-06 1.614625930581008e-05 6.287268225182824e-06 1.939736088468422e-05 2.9736115770482683e-05 3.1089971217308607e-07 4.086700361799594e-06 4.243436264648819e-08 1.768015254242811e-06 3.4366394730246246e-07 5.277505396031656e-06 1.7716537807967787e-06 0.0 6.923963878130417e-07 2.6625438531800452e-05 3.478483416569607e-06 3.300041881058572e-07 3.34713677080597e-06 0.0001400517993793146 0.0 1.0565809530754916e-06 2.471058818991947e-05 9.057114471946135e-05 3.5201423049773622e-06 4.6820633269371985e-06 0.0 1.9086890080522048e-07 0.0 9.953396083482556e-07 0.0 1.4873130103434885e-05 5.0081460678256634e-08 1.6943514449239058e-05 1.047598112103864e-06 7.657704015831382e-06 4.479369237110205e-07 0.0 0.0
0.00018694074729813626 1.395665419929652e-06 0.00047927976729875046 3.549820168380139e-05 0.00012580668015501085 0.0035512054917315205 0.0015589526485046631 0.0 2.085079658078428e-05 0.0010914458735961166 0.00010787324389267415 0.00042183471291637486 1.984812138893508e-05 0.005067288527309868 4.463306262870253e-05 1.337659554768686e-07 0.00019335721038105013 5.601504396707392e-05 0.00016744281781920102 9.190609623358903e-05 4.32273392401695e-05 8.083904972310281e-07 0.00011804236376795636 0.00017259121989887002 4.7152889909231433e-07 0.0002764051192741719 0.00015700695915187162 0.00047088016472015957 0.0005334561410048807 0.00026434554728380094 4.3294173852507026e-06 0.0008025052017986425 1.1114925503724906e-05 0.0002792001640641138 3.7257346889274827e-06 0.0003285401514844264 8.733754405188074e-05 0.0002589232661110933 4.685885064255625e-05 0.0005583703049060982 9.126365384303748e-05 6.782863515463788e-06 5.324717435679566e-06 2.6266372928248827e-07 1.0465116877260421e-06 3.498534407140507e-06 7.634849263781858e-06 0.0 7.642092471208812e-07 6.4528269490954535e-06 4.514044217475235e-07 4.186276606862927e-06 6.2771697421645916e-06 0.0 7.995436657551825e-07 4.1951867125928095e-08 0.0 6.907896952554249e-08 2.139285074480022e-06 9.65997725857848e-07 1.9330815731042727e-07 2.0014696023904917e-07 2.949226793472933e-06 7.73399199064497e-07 2.0354123587462985e-06 7.806906334678404e-06 4.587401085321581e-05 6.239844877270737e-08 1.4217958362367125e-06 2.819363723260562e-05 2.8425198584152353e-05 1.1449648051261225e-06 6.255749198618647e-06 8.066969239925928e-08 0.0 1.032710087975926e-07 5.37907037338597e-07 0.0 6.814162607481745e-06 4.6702245390451833e-08 5.335311692276454e-06 8.894660763995375e-07 2.3434046574140743e-06 0.0 0.0 0.0
1.768672443856606e-06 0.00042158718202653036 7.113530168760884e-07 0.0003751123463012567 0.00013257706100370224 9.790039876616592e-05 7.36658507772659e-05 2.085079658078428e-05 0.0 0.00014466399825196048 9.458195374313319e-06 0.00020102822810671428 2.4209878637231468e-05 3.3728423881709626e-05 0.0004689636978860982 2.255645072522313e-05 3.605213851865169e-06 5.1905390583712936e-08 2.3932627764023454e-06 0.0002807446752320766 9.227710873278358e-06 0.001235047839678849 7.595267681521095e-07 0.0045699497138627695 9.764680786863135e-05 1.1857688842347248e-05 0.0003221317231802245 0.0003280079118401258 1.0602430468458667e-05 3.6853460324320024e-05 2.137566522451755e-06 1.2045658228160912e-05 2.766359107894562e-06 1.2207861093691963e-05 0.0 6.589901452668504e-05 6.80213902585499e-06 2.8979827987066545e-05 9.143466977159593e-06 0.0007003542400449131 9.600596356931229e-06 2.3266520909398925e-06 6.008022458902507e-07 7.417844486922197e-08 8.891532233691695e-06 7.372379703077814e-07 0.0001128402194432276 5.0302654709180624e-08 3.113719737863173e-06 1.4192239827263594e-05 2.9797041281597116e-06 1.9791068026905558e-05 3.208248536480141e-05 8.297011269725527e-07 5.190568334855636e-05 1.5840154939070084e-06 3.3949079919583e-06 5.152272110799641e-07 1.638366853098854e-05 3.61584471966252e-07 1.6493794647694822e-07 9.805374787008474e-08 6.0276069292093266e-05 8.849424879614289e-06 1.7600972986782518e-05 4.386769901632129e-07 0.0005670741870303786 1.048515985346874e-06 1.671385876637288e-06 1.3001948437034696e-05 0.0001322325760981285 3.9176598102414555e-06 7.48664541925803e-06 3.135865257440317e-07 1.2341390521505715e-06 0.0 1.5782314292162233e-06 0.0 2.3349962870218205e-05 9.465014907720045e-07 1.2047184925616834e-05 1.1583689721010261e-06 1.426348502136815e-05 3.724286055759443e-07 0.0 0.0
6.9719182889567775e-06 1.208471119221474e-07 1.4315389618832959e-05 0.001149297010083721 7.076256904123679e-06 0.0043164533548602155 0.0049365815500910385 0.0010914458735961166 0.00014466399825196048 0.0 8.557746035504325e-05 0.00125916784785918 2.475369801361943e-05 0.0005596683770297257 2.037412377089614e-05 9.177433735016397e-08 5.4737694124513165e-06 1.3529905248151412e-05 1.2965801356687537e-05 0.0024531468391655 1.332824312781162e-06 0.0 7.1756230380274e-06 0.00035641474399747137 7.394325867613549e-07 3.2885958388169675e-05 3.752237659919291e-05 0.004299992553373845 0.0009055908311684302 1.86535144634772e-05 4.649743963193285e-06 6.625939220139914e-05 2.386340030303342e-05 0.00032125515294099044 2.124385591714698e-05 0.0009642659224434479 2.1275750415707057e-05 0.0011103255914027973 0.00027409680263384414 0.00011545090087088706 0.00011898557836901631 4.385555107840279e-06 1.1367246718886503e-05 0.0 8.877521583244322e-07 1.2176853192161537e-06 0.0002863088103640838 0.0 4.587885340259103e-06 4.3680092198726296e-05 5.765980100415485e-06 3.9007762781512786e-05 0.0002027437454036128 1.716503012998119e-06 5.731345967159384e-05 1.0754684055351847e-07 5.10025265070608e-06 6.424871081995745e-07 1.1997968222978708e-06 0.0 0.0 1.0185717780599144e-07 0.00017689547633537237 3.8345907757143194e-07 0.0 6.979553909043025e-07 0.00035783501716125634 1.0770265425810172e-07 4.178428733898972e-07 5.138782803846839e-06 0.00021297183331610894 6.2605866001471655e-06 2.7257458591358395e-06 0.0 5.825928239516499e-07 0.0 2.0954708869289814e-06 7.84764049396886e-07 4.284960078074682e-05 1.1678388890776848e-06 2.7247864876540728e-05 1.3656029696045134e-06 1.492223793490805e-05 9.391647844285592e-07 0.0 1.0007927256097683e-07
1.0450801057233485e-05 9.47049207103979e-05 2.643719394560815e-05 7.334258852761521e-06 5.884644721394833e-06 3.038750961588465e-05 1.787485772670896e-05 0.00010787324389267415 9.458195374313319e-06 8.557746035504325e-05 0.0 6.972077514557902e-05 0.0020048080954068784 0.00016382280503392794 6.915817150833321e-07 2.887453999668658e-07 0.00018998142670784962 0.0007544779624306429 0.00047054940334410726 1.854919904481045e-05 3.782378689316978e-05 1.8029922020069546e-05 4.3578677628797857e-05 3.7833901434618006e-05 0.0005418600347072728 0.0016458130665490069 0.0014066126667739186 3.255478810436692e-05 0.0003061852991240708 0.0002061878356376383 0.000453759575374341 6.672896895860755e-05 2.4631799362669422e-05 0.0036446296584141916 1.3666364540379446e-06 0.0001342867700977668 0.0019540404275585595 0.0024633795751468923 0.0002027454491656072 1.1455199170691148e-05 6.816976881498984e-06 0.0001356585844746286 9.040004645506073e-07 4.303601908441129e-08 2.045338813382556e-05 5.995184982812537e-07 1.966950691191566e-07 0.0 0.0 3.7113231064761665e-07 0.0 9.039751976239444e-07 0.0 3.77944796583907e-05 4.362658671005676e-08 0.0005315359995410175 0.0 0.0 1.5489884638029237e-07 1.1253367518957224e-06 4.173619094502669e-06 1.0426376078273146e-06 0.0 3.9506692230798505e-07 1.009902224997336e-06 2.8369037492774624e-07 9.186486284307796e-06 0.00017622040407651022 4.5728225976799705e-05 0.00031960102423862183 4.94851257117385e-06 1.2909289590904287e-07 5.436165637045809e-07 3.859959021386897e-05 0.0 0.0 1.274690191084512e-07 1.0457888742063172e-06 1.1268571647011904e-05 0.000219685886209522 9.616952726351039e-07 2.606352459907313e-07 3.740205467159958e-07 0.0 0.00010541993303527709 0.0
1.7723945835603165e-07 4.681565661160998e-06 6.546853215394259e-07 0.002669796494197945 2.8068873075721582e-05 0.0026129681212257888 4.490017440645151e-06 0.00042183471291637486 0.00020102822810671428 0.00125916784785918 6.972077514557902e-05 0.0 2.1420562417420712e-05 0.0001354541201909299 0.00032201323970225653 0.0 7.378208473534679e-07 8.980541966467448e-06 6.532763410491823e-06 0.002065335009851527 1.7291343732278396e-07 1.0694764281391048e-05 2.965183365613227e-07 0.0009731159010596714 1.8099015509314994e-06 1.924744758077996e-05 2.145807769620276e-05 0.00016252378736403994 0.000317053628584533 2.4243199938881515e-06 3.4508514479434956e-06 6.466993369284259e-05 7.111090035963256e-07 0.00033993378829922597 5.2543704323990156e-06 0.00020316238628532396 6.689356513321593e-06 0.0007060386630360464 0.00010076977131526532 0.0009555485171368289 9.291666575081216e-05 4.499989571207172e-06 3.4779336990233727e-06 0.0 1.5605321164062547e-07 0.0 4.8013492267697196e-05 0.0 4.93920437025109e-07 1.848673112238611e-06 5.6453336980749e-07 3.0916947575074086e-06 1.444235587481673e-05 4.3441005797374426e-08 4.385092374941759e-05 6.364721597629846e-08 4.397625412190933e-07 1.0271606320163722e-07 0.0 0.0 0.0 0.0 4.368428266474761e-05 0.0 0.0 0.0 3.1893833477890046e-05 1.3322535731281803e-07 4.622317929227976e-07 1.0990453354211168e-06 1.7354913418653723e-05 1.8266575215789653e-07 0.0 0.0 5.208227095228572e-08 0.0 2.442625983251969e-07 0.0 1.2920369937305923e-05 0.0 3.445176955451608e-06 1.3086066527266078e-06 1.113960695119937e-05 0.0 0.0 0.0
3.7063534887583985e-07 0.00038061787083127436 6.268943150467041e-06 1.3495285405888043e-06 2.1753644961405345e-06 1.5339510737003593e-05 4.509486935444865e-06 1.984812138893508e-05 2.4209878637231468e-05 2.475369801361943e-05 0.0020048080954068784 2.1420562417420712e-05 0.0 9.865813471638428e-06 1.750216448082072e-06 3.2861439723152432e-06 1.1883427680700689e-05 4.7422223109070756e-05 8.870656577686959e-06 4.971374348415187e-06 6.442975574600059e-06 5.4795783124576125e-05 8.361137357233372e-06 5.126085088378325e-05 0.0024735344033818773 0.0007771421702590737 0.00365583442861479 1.1726453907530122e-05 2.327464098255389e-05 8.75291945728536e-06 0.00031754595514663374 3.567186747906579e-05 1.3720515075329092e-07 0.0005478918167866941 2.493202723814643e-05 0.000960332160035102 0.003139771095513238 0.0025467436688530005 0.0002946822199234425 3.176309089762588e-05 0.00014962884594469072 0.0006892590849429247 8.798363011089204e-06 0.0 3.799448325718905e-05 4.677967815368924e-07 0.0 0.0 0.0 0.0 0.0 1.373924554371398e-06 7.010924464936085e-07 0.00011365325350016176 0.0 0.0017646443933368738 5.258070133075684e-07 0.0 4.864277268661816e-07 7.477069378813001e-08 1.2268008445251212e-05 1.22538036084025e-06 4.289771340542785e-08 1.6672519359330802e-06 2.9681500937190085e-06 2.400117899163449e-07 9.918386098008756e-06 0.0008221302500262661 0.00012251481756665226 0.0009980233326557092 6.737274844663912e-06 2.194464840131736e-07 1.0935692206817967e-06 0.00015141311252614068 0.0 0.0 3.5443473464209988e-06 9.291480235507227e-06 8.314353641599467e-05 0.0005134006603888284 6.293263093155714e-06 1.0228775522824242e-06 6.511731628881809e-06 0.0 0.0001442863118799536 0.0
0.0028054193585575417 1.4163072335877178e-06 0.00042547842441538757 4.049612297853275e-05 3.692123007731708e-05 0.00024275260274149227 0.0028182680929050414 0.005067288527309868 3.3728423881709626e-05 0.0005596683770297257 0.00016382280503392794 0.0001354541201909299 9.865813471638428e-06 0.0 2.3868922582045873e-06 4.888249480693417e-07 0.0002981885506419066 0.00011908318204715606 0.0003416229142110219 4.486865502342942e-05 5.266075427963606e-05 8.217242518817337e-07 9.361076632539867e-05 0.0002723207212058567 3.6397173611107974e-07 0.00029947569940617756 0.00015022286821212314 0.0005790369088976559 0.0039416703869554525 0.0013369026738392653 6.552449979262823e-06 0.00022238629341968767 2.3005553985240152e-05 0.0002724132051796649 3.3409268784949247e-06 0.0001986245267181021 8.760482034387846e-05 0.0002069848142053551 3.146094615474818e-05 8.383694012125819e-05 1.5101474478552685e-05 1.4729161995090201e-06 1.956370401804783e-06 0.0 7.87993968219362e-07 3.507727920692995e-06 3.701863735901626e-05 0.0 2.2756273653316857e-06 1.392773684632539e-05 6.765671424473174e-07 9.486248453433012e-06 2.607532954722513e-05 2.3050986895804134e-07 3.6365016204027068e-06 0.0 2.281310439548371e-06 1.3349825556728983e-07 1.5594932197531687e-06 0.0 0.0 1.1939511022661712e-07 2.4112985391639175e-05 1.7828872080588225e-06 1.912888522164135e-06 7.284546014145836e-06 0.00012176451358021965 0.0 2.2382397935460066e-06 2.1388667393085182e-05 7.038837830367951e-05 2.9940601714941903e-06 5.169448707751993e-06 0.0 0.0 0.0 2.493874617912375e-06 0.0 1.5093876042970079e-05 0.0 1.2790296131538453e-05 1.3040373313294682e-06 3.8015899000434795e-07 8.486035328426406e-07 0.0 0.0
0.0 2.5787291653880143e-05 7.823835223070392e-08 6.0779464826617046e-05 0.0010444088747591663 0.0002815163280724234 3.013384249279107e-06 4.463306262870253e-05 0.0004689636978860982 2.037412377089614e-05 6.915817150833321e-07 0.00032201323970225653 1.750216448082072e-06 2.3868922582045873e-06 0.0 0.0 7.000679418296697e-07 0.0 1.1623567501992545e-07 6.980198116458807e-05 0.0 4.926965081966281e-05 0.0 0.0004255911097129302 8.332188018103496e-06 4.946769833474656e-07 3.243482788355222e-05 2.1040460511184255e-05 2.536630372539077e-05 2.0373793530441776e-07 1.6534174202631013e-07 0.00029529457931386894 2.200865755279946e-07 1.049644909610252e-05 9.445342053668113e-07 5.094114733193181e-06 4.032453505974804e-07 2.923500368767099e-06 7.20661981212927e-07 0.0006033126125543845 0.00014806905945808252 0.0 6.121897105081662e-08 0.0 0.0 0.0 3.223630280691981e-07 0.0 0.0 9.685684529611245e-08 4.388043763474384e-07 0.0 8.376402769318616e-07 0.0 3.2022544191482553e-07 1.7735830737270103e-07 0.0 0.0 6.936395764499419e-08 0.0 0.0 0.0 2.263986138309471e-07 1.8490380895187944e-07 1.1776258635060614e-07 1.2131974543982467e-07 6.731907957547486e-06 0.0 0.0 4.974398412779896e-07 1.1655806330006891e-06 5.736580335097312e-08 1.7374381202455345e-07 0.0 0.0 0.0 0.0 1.5232811036556747e-06 1.1952893285296476e-06 0.0 2.2881682446554395e-07 9.615260917579386e-08 0.0 0.0 0.0 0.0
0.0 2.7957015111106038e-05 4.1459234535778245e-06 0.0 0.0 3.046196600288813e-07 4.391959174670735e-06 1.337659554768686e-07 2.255645072522313e-05 9.177433735016397e-08 2.887453999668658e-07 0.0 3.2861439723152432e-06 4.888249480693417e-07 0.0 0.0 1.2296445578091604e-05 1.9532846286304674e-07 3.4831303863870352e-06 1.2835399128401174e-07 0.0022137059958140864 0.0010218667181070657 0.0025191967923948685 0.001269989327078858 4.191291833373546e-06 4.406977751517559e-06 0.0029431965987838722 0.0006722269949444979 3.1983030829329684e-07 4.3718746684394955e-05 0.0 0.0 7.230940521202502e-08 1.1960447754763219e-05 8.579735061433373e-06 0.0012673563677312622 0.00037059606214964237 0.00023797635910198896 0.00032203306761551047 5.162960418228724e-05 4.601554224778858e-07 2.3466519595018728e-06 1.1735854353825628e-05 8.363298425054248e-07 2.4448037154813298e-06 3.655755146250735e-06 1.7867424966833823e-06 0.0 2.883013840804456e-07 4.73869752413937e-06 6.692459539059989e-07 1.5409266798377666e-05 2.6879786834126896e-07 1.1097222308493923e-07 0.0 2.4076111796550726e-07 1.6749251355971776e-06 1.716774966639062e-07 0.0035196291985365334 1.9829007342106736e-06 3.741899919661301e-07 5.127644194395646e-07 0.0 0.0006181825004382277 0.0006279817770557538 0.0013448253446472183 0.00032356866733211463 0.0 3.03341952005505e-06 0.001115292177591377 0.0002810434938629875 6.402785497849975e-06 9.418729996151346e-05 0.0 5.863403909880946e-08 1.0977330206790701e-06 1.6606503052623427e-06 1.178353637732056e-06 8.304391694743616e-05 2.371483981343365e-05 2.366972680010294e-05 1.8851626654882895e-05 8.946778181700104e-06 1.167509997222508e-06 2.4933992812553533e-06 3.3872910086811176e-06
3.05668966323058e-05 8.940203419046256e-05 0.0036949648442587755 1.1992062665541567e-06 1.7405177682843246e-07 9.808070116953596e-06 7.920035325810375e-05 0.00019335721038105013 3.605213851865169e-06 5.4737694124513165e-06 0.00018998142670784962 7.378208473534679e-07 1.1883427680700689e-05 0.0002981885506419066 7.000679418296697e-07 1.2296445578091604e-05 0.0 0.00010282022636226729 0.0010060461527386215 1.7840316875524106e-07 0.0005116744570652376 1.8300972242138493e-05 0.001778858516497021 2.663318168039343e-05 2.8118067936399707e-07 0.0011177434336440343 0.0034623092669849574 0.000139077385853887 0.00014440434786657026 0.001636741146376893 2.023470441632572e-06 3.1623679732676533e-06 4.764049760097871e-06 0.0013306323342826584 1.3894144963397452e-06 0.00023515437483128174 0.0014915208299847262 0.0005273549384127926 9.564206816272712e-05 7.160538697661952e-06 1.1687988659438456e-06 7.147722475376387e-06 9.100264394193362e-07 0.0 3.494122014567192e-05 9.94779332815019e-05 0.0 0.0 0.0 2.0593111404431812e-07 3.036725275303309e-07 1.1569134592948308e-07 0.0 0.0 0.0 3.8623087665517214e-07 0.0 0.0 8.245047004172793e-06 6.053364218419602e-05 1.7601311057429533e-06 1.4815690192479117e-05 0.0 4.4832756655665795e-06 5.5466376664736875e-06 1.860471421361563e-05 6.685273299552093e-06 0.0 0.00010205044037530237 0.0005698776526013898 4.280396449310772e-06 8.704458017721029e-08 2.1700656924897924e-06 1.064999449843597e-06 0.0 0.0 2.6440765695708865e-06 1.020447982521615e-06 2.1027221895156543e-05 1.604791596557221e-05 9.249097814722912e-06 6.857606126307563e-06 4.1839837149565293e-07 0.0 4.404854973219923e-08 0.0
7.656707332709312e-06 4.219284338408059e-06 4.5802140586357476e-05 8.488831176538862e-07 4.987160349492368e-07 4.603949877567102e-06 4.704334171183505e-06 5.601504396707392e-05 5.1905390583712936e-08 1.3529905248151412e-05 0.0007544779624306429 8.980541966467448e-06 4.7422223109070756e-05 0.00011908318204715606 0.0 1.9532846286304674e-07 0.00010282022636226729 0.0 0.0007513997020142744 2.385753752351902e-06 1.1807307989678463e-05 1.1806168426333902e-07 6.246035593927142e-05 3.6940067928655044e-06 3.3528980275357505e-05 0.0008236777074141213 0.00010495680135538463 1.0165956073465817e-05 9.950459281208652e-05 0.00012149710562751298 3.735107385566807e-05 7.53788996950459e-06 5.380847402338556e-06 0.0003245799765292588 1.1942247817576186e-06 0.00025327389298119483 0.0005862959476701102 0.000634753140736206 0.0001521594806644553 3.3686749395296707e-06 4.616982318324908e-07 9.288310165972124e-06 5.686413989902678e-07 0.0 6.403054965196817e-06 3.5966462517131165e-07 0.0 0.0 0.0 0.0 0.0 2.1705015395485238e-07 0.0 3.7377481174440407e-06 0.0 3.890401007922499e-05 0.0 0.0 4.473011512781848e-08 5.672565599107559e-07 9.872625632306854e-06 3.6596692147888623e-06 0.0 3.86250161029484e-07 4.4296321563844225e-07 9.891518788093514e-08 1.5411200588618851e-06 1.280227047444238e-05 7.930473094106038e-05 0.0002601943822766873 7.965845480263244e-07 0.0 4.718077531647921e-08 2.203788107343238e-05 0.0 0.0 3.369620628373582e-07 2.5578650315889963e-07 5.282794070336064e-06 3.656658948910836e-05 1.5961671211651694e-06 1.506234988130623e-07 0.0 0.0 8.40145510830451e-08 0.0
2.6952402222830772e-05 5.364850254591464e-05 0.00015911773486028112 1.995331907663804e-06 7.319210615643978e-07 4.717078638486653e-06 1.856079190643178e-05 0.00016744281781920102 2.3932627764023454e-06 1.2965801356687537e-05 0.00047054940334410726 6.532763410491823e-06 8.870656577686959e-06 0.0003416229142110219 1.1623567501992545e-07 3.4831303863870352e-06 0.0010060461527386215 0.0007513997020142744 0.0 2.9149371857229646e-06 5.782887220218399e-05 4.9979514094859425e-06 0.00019415802590357163 1.4096462416799288e-05 7.648756820653309e-06 0.0021207744037644756 0.000854085956349762 3.5081240167509495e-05 0.000348968281995141 0.0007330203037953004 5.831006912569158e-06 6.98624685235491e-06 2.3046834181648656e-05 0.0016776898783049767 1.6741573727317828e-06 0.0004416915208614159 0.0007719172493089633 0.0011389249144158464 0.00018656267235727484 6.319729738410457e-06 8.625402687665965e-07 1.5910924879691131e-06 1.447377230090513e-06 4.477720025061842e-08 3.492883196698678e-05 1.3275068699449718e-05 0.0 0.0 1.6565647061951574e-07 2.9297473178510247e-07 0.0 4.705198647027774e-07 1.8987553274194974e-07 5.505389649305316e-06 0.0 1.565215667719316e-05 2.8361662675136903e-07 1.0474840812102903e-07 2.699476415322476e-06 2.711149895252794e-05 1.4057722803034649e-05 4.3233116867824043e-05 0.0 1.9284115820451756e-06 3.153954336209402e-06 1.185401325010895e-06 5.01679250459112e-06 3.2357827337443594e-06 0.0004400760063946739 0.0007395240306592283 1.8699978547438994e-06 3.35543877117978e-07 5.503707138144815e-07 1.635288229282532e-05 5.9602731361493497e-08 0.0 5.418517897758146e-06 7.859043286278002e-07 2.0450088224487448e-05 4.99143020909263e-05 1.4244966238498756e-05 6.752379018942986e-06 5.299851815301264e-07 0.0 5.926632002616656e-07 0.0
1.3448171707043582e-07 4.544255869210251e-08 2.1212870261562213e-07 0.002812642834406972 4.7093570466873245e-06 0.0002773618997552902 5.71779748195127e-05 9.190609623358903e-05 0.0002807446752320766 0.0024531468391655 1.854919904481045e-05 0.002065335009851527 4.971374348415187e-06 4.486865502342942e-05 6.980198116458807e-05 1.2835399128401174e-07 1.7840316875524106e-07 2.385753752351902e-06 2.9149371857229646e-06 0.0 4.3695816782101166e-08 3.639147681920174e-08 8.48061247444362e-07 0.00027913576390798127 7.936476227744356e-08 4.995527679694311e-06 5.573610966185575e-06 0.0005420689841467092 0.0001408479859717607 7.547319752288195e-07 9.6679047345404e-07 1.60084364520708e-05 1.431087265813606e-06 9.168700833734755e-05 2.2613244787868423e-06 0.00022767769851863426 4.313744024881149e-06 0.00026747222605585106 5.926518575622233e-05 0.00032649994121969084 3.832093012282914e-05 1.4842050500390728e-06 3.2796599549403314e-06 0.0 0.0 6.441464020665434e-08 0.00015264163254174266 0.0 3.0029567258815584e-06 1.1184100523811656e-05 1.9347415769166298e-06 1.2447936689578767e-05 7.872756767250067e-05 4.463836463750421e-07 7.14168815374805e-05 0.0 3.1235144058419915e-07 5.585380740850786e-07 0.0 0.0 7.314846679368322e-07 0.0 0.00012254868316768794 0.0 4.1476471059250524e-07 9.917947767626404e-08 0.0001247299703698628 0.0 5.071438738857356e-08 2.0049196993387755e-07 7.020071922341013e-05 1.5966212188701995e-06 0.0 0.0 9.07764618762985e-07 0.0 3.9543702664147437e-07 8.897840606418877e-08 2.6538595106777224e-05 0.0 4.9639961444270814e-06 7.320681242266637e-07 1.965113796910994e-05 0.0 0.0 0.0
5.333517473139924e-06 3.3718308814485943e-06 0.0006943599279444108 1.2683496361467173e-07 1.064202433663627e-07 2.348012440622457e-06 3.6185586454240415e-05 4.32273392401695e-05 9.227710873278358e-06 1.332824312781162e-06 3.782378689316978e-05 1.7291343732278396e-07 6.442975574600059e-06 5.266075427963606e-05 0.0 0.0022137059958140864 0.0005116744570652376 1.1807307989678463e-05 5.782887220218399e-05 4.3695816782101166e-08 0.0 2.7012514080091093e-05 0.012307749168662273 7.322969075143786e-05 4.615973542367376e-07 0.00014471187334792567 0.0014164203621852612 0.002964001860655647 5.331071577902716e-05 0.0037961302957346993 9.427058613239201e-07 2.377716953711639e-06 6.184642969640261e-06 0.0012466335434644278 4.069012219787231e-05 0.00457750437989824 0.0009806751778488306 0.0035196265904585793 0.0015918245232724754 0.00016593917907165042 3.7579339322880872e-06 7.249135845229755e-06 3.8360365102852463e-05 1.0174852823905046e-06 8.850273998062502e-07 8.580033826652033e-06 6.448128061179716e-07 0.0 1.0624582255754509e-07 3.0720232906709445e-06 4.520873595061943e-07 7.889459289406492e-06 1.484546780320894e-07 5.167960418638624e-08 0.0 1.5284328119688397e-07 1.7454830817725211e-06 5.269458340314298e-07 0.0004801423181780815 1.1431930131347027e-06 9.383207692697905e-08 0.0 0.0 0.0004094338826479577 4.8008141614269267e-05 0.00010621906401482791 0.00018588547660125824 0.0 1.6752765793577418e-06 6.681344559799435e-05 0.00021175547768301822 8.237805573094552e-06 0.0001068685908197076 0.0 8.589518750507778e-08 6.302160259462537e-07 1.5929175852743082e-06 1.3798240134073607e-06 3.403998655811506e-05 2.4667852525262015e-06 3.4021281454682766e-06 2.0294180076374166e-06 1.5379289998953468e-07 0.0 3.3931432637749683e-06 1.0801117691864983e-06
0.0 0.0017839057523955624 6.73818220833879e-06 2.3044235582505303e-07 2.6806702382425664e-06 2.6816993323024244e-06 2.835283998477474e-06 8.083904972310281e-07 0.001235047839678849 0.0 1.8029922020069546e-05 1.0694764281391048e-05 5.4795783124576125e-05 8.217242518817337e-07 4.926965081966281e-05 0.0010218667181070657 1.8300972242138493e-05 1.1806168426333902e-07 4.9979514094859425e-06 3.639147681920174e-08 2.7012514080091093e-05 0.0 3.257429339348433e-05 0.0030339483604600384 0.0005261524323468081 2.3960675944817017e-05 0.0033518900482319976 4.597333896493977e-05 1.8150265813386732e-06 5.558045045208271e-06 4.564290162697355e-06 3.165617702239896e-07 1.75503133929196e-07 4.782005083967614e-06 3.669215978155455e-07 4.2291755307400926e-05 2.3577828403509284e-05 3.0488827645122196e-05 1.2197606033555071e-05 6.608647707684215e-05 2.1462619543604517e-07 2.4916842076624405e-06 1.5679952762023268e-07 0.0 0.00011166613110094896 1.2060231336555231e-05 0.0 0.0 0.0 1.4608947744527753e-06 1.4331298618691273e-07 6.0815650422244124e-06 0.0 5.757911966152204e-08 0.0 2.0838930945668757e-06 3.195594715538855e-07 0.0 0.00046600196053896056 3.8744989447356095e-06 6.977280301510937e-08 5.969594986440557e-07 0.0 4.762191275754239e-05 4.280404281285711e-05 7.515768664115009e-05 4.844548884107449e-05 9.540597713681715e-07 1.2762129496802435e-05 0.00041623688785174325 2.4801807578703195e-05 9.521152160973337e-07 3.4639884348433094e-06 7.101701468628448e-07 0.0 0.0 3.291968049409291e-07 0.0 8.86602740106148e-06 6.018621076168141e-06 2.641487734404485e-06 1.6580949444665696e-06 5.351701354867443e-07 0.0 0.0 0.0
1.1694544883309173e-05 2.2508625156117564e-06 0.005457726326761085 1.3620192365762013e-07 9.828341371794307e-08 1.119465424222983e-05 9.567265474880064e-05 0.00011804236376795636 7.595267681521095e-07 7.1756230380274e-06 4.3578677628797857e-05 2.965183365613227e-07 8.361137357233372e-06 9.361076632539867e-05 0.0 0.0025191967923948685 0.001778858516497021 6.246035593927142e-05 0.00019415802590357163 8.48061247444362e-07 0.012307749168662273 3.257429339348433e-05 0.0 7.172807787909512e-05 2.0624160078809097e-07 0.0009795790395140179 0.005340568480325392 0.0009236879213771438 2.064734163149391e-05 0.002058270328455464 8.693867272234803e-06 1.926247662560816e-06 9.627040248287755e-07 0.001138890901437277 4.894735054601314e-05 0.006324143021290934 0.003188768089094491 0.004700429431684236 0.0034139459036639595 0.0005294468678812206 1.0544539361959559e-05 6.7742820698914214e-06 7.090427806771027e-05 0.0 8.158434403485716e-06 8.58218168533001e-05 3.932309560062392e-07 0.0 2.6884169781492445e-07 3.733048498789536e-06 2.1796105250425674e-07 2.2009493446658266e-07 1.233659446909772e-07 6.987515397032959e-08 4.9678318635109796e-08 1.7274315142601844e-07 1.7492303131444093e-07 6.419677905742747e-08 0.0010029997063058767 6.083342965292321e-06 7.471457423895419e-07 7.930882808639419e-07 0.0 0.0001999712468989049 0.00013417468124940545 0.0008603408317957187 6.856301875535162e-05 9.283017169615253e-08 4.845570142330739e-06 0.0013566551081144718 5.200553201659689e-05 5.814569053894806e-07 1.5495456663717075e-05 0.0 0.0 6.20323902367863e-08 2.231306223304743e-06 5.207337774266194e-06 8.753058091499743e-05 2.6007771898581647e-05 3.5606148514715816e-05 2.7473163170075334e-05 1.1121049673843422e-05 5.754176524626534e-07 4.499176416394169e-07 1.6607383058151747e-06
9.270633660529066e-06 0.0007660816241273814 1.5820922913576533e-05 0.0006289274677888924 2.0555645896089013e-05 0.00026287916712373205 0.0010370776155860764 0.00017259121989887002 0.0045699497138627695 0.00035641474399747137 3.7833901434618006e-05 0.0009731159010596714 5.126085088378325e-05 0.0002723207212058567 0.0004255911097129302 0.001269989327078858 2.663318168039343e-05 3.6940067928655044e-06 1.4096462416799288e-05 0.00027913576390798127 7.322969075143786e-05 0.0030339483604600384 7.172807787909512e-05 0.0 0.00022335369671562446 3.469591065415395e-05 0.0024913168862316995 0.002613732304638621 0.00044873172131462257 0.0006152197051566129 5.624758815335194e-06 2.9236631637003497e-05 0.0001344891521472875 0.00020594274171702734 3.116720744746324e-05 0.0019445293505088452 7.095044136949557e-05 0.0009743475298281027 0.00035425065910771845 0.0007186942449775602 9.698125238611197e-05 1.4255756621222254e-05 1.0273579255427193e-05 4.670320954975775e-06 6.789137187010945e-06 6.560630172019097e-06 0.0005526381042389536 3.758235525406369e-07 2.998155794158522e-05 0.00022288507980458094 5.480975061687895e-05 0.0005385717255856936 0.00031359116184485257 1.2050129354308265e-05 0.00011371083712307521 4.401013898355543e-06 5.737505497608057e-05 8.153033955854658e-06 0.0004575525643394746 2.4819093438924238e-06 3.4995162556714946e-06 2.703148740029697e-06 0.0003347647186815179 0.00023747918759333339 0.0001758529935906951 9.560749685815264e-05 0.0038348811152149674 2.2230198209360943e-06 8.22811361549937e-06 0.00010758068388781505 0.0018014721181497811 7.453761428520636e-05 0.0002741747652391274 8.620956973998936e-07 9.780340734314671e-06 1.938409466693036e-06 3.378846093627217e-05 7.02513774983787e-08 0.00030205400829548057 4.891944719704929e-06 0.00019597704283247616 2.236152505685675e-05 9.978226552355643e-05 7.5274237139818646e-06 1.157456082139955e-05 1.8021275806090296e-06
