0.0 0.0 1.0260795013596252e-05 2.253722571237307e-06 3.323990396609647e-07 1.2941377805654742e-06 0.0007560690318452085 0.00016176722697706138 4.880356328634849e-06 4.191316316764505e-06 5.383297837016275e-06 5.367393533852123e-07 2.558804402784474e-07 0.003050204778401929 0.0 1.839961466982686e-07 6.263208943712503e-05 5.731508147883835e-06 2.3013759452573147e-05 3.718294543513933e-07 1.9193020583953955e-05 2.0159921374509334e-07 1.413672019295217e-05 2.8189787515927667e-05 0.0 9.777599747129678e-06 5.7738168511365094e-06 0.00010642813108717977 0.0015680397997110394 0.001121126119025547 0.0 7.520362967768317e-07 3.4962137614381176e-05 8.296551090058726e-05 5.55292404098461e-07 1.463394145993738e-05 2.3325817587784267e-06 6.10356388953564e-05 8.122734480572614e-06 2.5624681955926704e-07 6.738481320908267e-07 0.0 4.865727291776495e-07 0.0 0.0 7.022725943910804e-08 0.0 0.0 0.0 4.5122834289264775e-07 0.0 1.499305543531328e-06 1.4312667847107325e-07 0.0 0.0 0.0 7.833221607478415e-08 0.0 4.069211365988801e-07 0.0 0.0 0.0 0.0 4.119656153301477e-07 1.7406525746196181e-07 0.0 3.0144815151478065e-06 0.0 8.471689608449443e-08 3.932919210512129e-07 4.1451777163260964e-06 1.12869669783895e-07 7.076584871536912e-07 0.0 0.0 0.0 0.0 0.0 4.6524454724153926e-07 0.0 2.0717030940660933e-07 5.2809475483874945e-08 0.0 0.0 0.0 0.0
0.0 0.0 4.706943406599671e-05 2.2219289398380203e-07 0.0 4.116440046716774e-07 2.2340367228566495e-06 2.6247147717360147e-07 0.00018735599836523374 1.8424546998095156e-07 6.540004046430709e-06 4.94877802863634e-06 6.98817476374618e-05 3.752157593613097e-07 1.6241378939988149e-06 0.00017985525941306422 5.7672952847435156e-05 1.177283239119044e-06 3.6581128952800274e-06 0.0 1.4178489866290878e-05 0.0011358895328565384 1.165830598693288e-05 0.00031495306091106453 0.0012387596301240234 9.617675051769877e-05 0.003660850390716107 1.9278953209605602e-05 5.300899910830397e-07 1.494638278534879e-06 3.0537616191992494e-06 1.0609227352688448e-07 5.944941725572947e-08 7.120932242970764e-05 2.5461741981792945e-06 8.958785607989921e-05 1.7692849622054347e-05 0.0001305153285001973 2.269245818170761e-05 3.1708140550923745e-06 4.0362073061810044e-07 6.474303835075881e-05 1.1688365983292914e-06 3.100826010436795e-07 2.6640540090302744e-05 6.163812200261485e-05 0.0 0.0 7.20379174433135e-08 2.5031578113518185e-06 9.580785272225271e-07 6.036045344470321e-07 0.0 6.25113712964612e-06 0.0 3.7043957416799965e-05 7.077610535995958e-07 0.0 4.126258434055398e-06 1.7603101369294483e-05 1.1890349075207134e-06 8.723393339276817e-06 0.0 7.890664050812969e-08 4.4558223077160625e-06 1.4230086165711565e-05 2.3946617493881136e-06 2.552510221487566e-05 6.505418973038211e-05 0.0008572229117645413 1.5509666808493042e-06 2.9826325423535686e-07 4.561900754335544e-07 1.4667814918203105e-06 0.0 0.0 6.129967111635807e-06 1.354236518002979e-07 3.556286838904241e-05 1.4896469295686851e-05 2.1777555840012545e-05 1.1519137163630357e-05 2.7667354706622787e-07 0.0 4.715781917814915e-06 0.0
1.0260795013596252e-05 4.706943406599671e-05 0.0 1.3522248295959733e-06 3.8135387640501626e-07 0.0001021066995916699 0.0016257949982705006 0.000536380617032976 3.16077092986045e-07 0.0001995337840362502 2.670902513830582e-05 9.905413159418036e-07 6.64613055379335e-06 0.00021245536161765017 1.58975737315632e-07 1.622053449721907e-06 0.002090989547360004 2.0480026225362465e-05 9.906165548727235e-05 3.1040636846334724e-07 0.0009148874189334986 8.911338747864194e-06 0.005245947703766784 3.9576020918321785e-05 1.005443754992099e-06 0.005910321550613396 0.004466204907806214 0.0010130360135732783 7.130888072976675e-05 0.0002847046595370542 1.2227921792458488e-06 1.2235134618119976e-06 6.464263358312938e-07 0.0006305447239981265 1.8706069585874562e-05 0.000861130720661228 0.0007427032814676156 0.001350825782519067 0.0004338476402846251 6.576886466819095e-05 2.79883049150106e-06 1.3328881064065572e-06 7.235762238590157e-06 1.5207499415527018e-06 6.93160843479601e-05 0.0007005726027246138 1.8573428096929522e-07 0.0 7.463156839618584e-08 1.8926631521002377e-05 1.4148006954806108e-05 3.039839514636845e-07 1.9270237416836284e-06 5.400065342698165e-07 0.0 1.8541943013222155e-06 8.797097048746693e-06 0.0 1.1719550462604976e-05 6.376880631104743e-05 1.3817134193000709e-06 3.861002970698089e-06 0.0 2.2915594981596344e-06 4.7835772909881556e-05 0.0001581489405681499 5.953008890349992e-06 3.0788863634875586e-06 9.33184719511143e-05 0.0012854280564114685 6.7119526432591655e-06 1.976694834178592e-06 2.8178177223011453e-06 6.56212954204101e-07 2.0552524085848283e-07 0.0 3.262907633288275e-05 3.3643595468870653e-06 0.00011414231641832361 3.277351458384323e-05 0.00010656416398392199 6.148354504096093e-05 1.3309231787770583e-06 0.0 6.089369597911528e-08 1.4621549478258822e-06
2.253722571237307e-06 2.2219289398380203e-07 1.3522248295959733e-06 0.0 2.286763739155568e-06 8.743227033848586e-05 1.837335924242566e-05 6.74205940503944e-05 0.0013876406678304588 0.001322973201809604 6.263035584429246e-06 0.0050559271435803525 1.5462636583560569e-06 7.453930984643959e-05 0.00010800592785622106 0.0 2.262154650723476e-06 3.811567425226419e-06 3.7082001920380705e-06 0.0015280508088104177 2.1952377749236028e-07 1.8875746927452812e-07 3.413850437974354e-07 0.0010125944016967604 1.8674559515814384e-07 5.653819499220742e-06 2.7465868513917506e-06 0.003558549460411461 0.0001184219578293458 6.116918655743709e-07 5.631552505725624e-08 5.03921100875936e-06 1.2833934209390016e-06 5.07096940518051e-05 1.1164448195365966e-05 0.00016741663385260968 4.413769385367661e-06 0.00016480448882441397 3.40460135793155e-05 0.00014942501269819087 2.016530539751615e-05 2.476116972559359e-06 5.307533711530741e-06 0.0 1.9625249722012238e-07 0.0 0.00016499317845489647 7.362704948234263e-07 5.717975636274628e-06 3.538018430021033e-05 2.524294860350898e-06 8.246088637563434e-05 0.0001084952216583096 1.9070299871525403e-07 5.681117358949648e-05 0.0 8.771853155009062e-07 1.627146242436396e-07 1.2300601268275668e-07 0.0 0.0 0.0 7.500423808840196e-05 0.0 1.0219211868446116e-06 0.0 0.0002630592427703651 1.2960851291139812e-07 4.8839182007593e-08 4.2100192138432924e-07 0.00038433224485321456 1.3956521321898947e-06 0.0 0.0 1.8445351091280978e-07 0.0 1.3664034832241709e-06 0.0 8.725023074139171e-06 0.0 5.068646447595045e-06 1.5447323536852574e-06 1.9166497802577645e-05 2.968975938893162e-07 0.0 0.0
3.323990396609647e-07 0.0 3.8135387640501626e-07 2.286763739155568e-06 0.0 0.00021227637530222193 2.5248617086857127e-06 1.8992920981885865e-05 2.8190890431267727e-05 5.223048302187207e-06 0.00012787344563920753 1.6325291478104054e-05 1.6687761652467128e-05 1.0642799197819288e-05 0.0009613455635999105 0.0 1.2974459990021762e-06 1.7287462090390165e-05 1.499483770088583e-05 1.6700621604898174e-06 1.4776653023077645e-07 1.9495985020471445e-07 6.237815545905486e-08 2.6527762819376253e-06 4.809128475502864e-07 1.3742730574425949e-05 4.372109993855426e-06 4.209730874708343e-06 7.13470377943345e-05 4.835470295751319e-07 6.235245412513069e-07 2.27166662687217e-05 1.614416539810734e-07 0.0006216000491125404 9.448659759907201e-07 3.558581145331123e-05 1.0008904075052816e-05 0.00020813333247559317 1.356292215312146e-05 0.0004465191517922533 6.760201786051172e-05 3.962128586164855e-06 7.585874272588328e-07 0.0 0.0 0.0 0.0 0.0 0.0 0.0 0.0 0.0 1.7016364691124697e-07 0.0 0.0 0.0 0.0 0.0 0.0 0.0 0.0 0.0 0.0 0.0 0.0 0.0 8.98860862609824e-07 0.0 1.1862986824127586e-07 8.996448600774048e-08 6.072904097886621e-07 0.0 0.0 0.0 0.0 0.0 0.0 0.0 3.9403200247132073e-07 0.0 0.0 0.0 0.0 0.0 0.0 0.0
1.2941377805654742e-06 4.116440046716774e-07 0.0001021066995916699 8.743227033848586e-05 0.00021227637530222193 0.0 0.0006887262249665231 0.003750252259161017 9.53237721032043e-05 0.002689549578705633 0.00013873159320925438 0.003300050212472736 3.0953657554181535e-05 0.0004292837374692256 0.0002668530629589772 2.4873596833044584e-07 4.190994197515576e-05 5.66021824587178e-05 5.172944822545048e-05 0.0001490592369939564 2.1725236481124607e-06 1.3277803176597116e-07 2.1501626755419502e-05 8.317652880443925e-05 3.4349442293501225e-06 0.00017970538451159132 4.248291085215378e-05 0.0003771776457886938 0.000502064953832052 2.855528088281664e-05 2.0423927473798547e-06 0.0004232255962624529 1.5943796247316922e-06 0.00023946730255771945 5.462367323546476e-06 0.00020093855462134983 8.760058788644622e-05 0.00041688845508501624 9.447405826122185e-05 0.0007849142255895771 0.0002122417414864485 2.2636279444270012e-05 2.4332446371206623e-06 0.0 3.8190634070429145e-07 1.5860732029644427e-06 1.6382291502608405e-06 0.0 0.0 6.1257425271509526e-06 2.1128448122429461e-07 5.497683528433209e-06 2.314365960518163e-06 8.630445803513724e-08 1.958434638714738e-06 2.988925853348796e-07 0.0 5.701808052079692e-07 1.273156976464175e-06 1.0755042980568506e-07 5.261646434971507e-08 0.0 2.465813512322709e-06 0.0 1.1871409082120005e-06 6.166914532839261e-07 2.2459399237806056e-05 1.9420036637516567e-07 9.978166961193503e-07 5.651170160778167e-06 2.974595550285816e-05 1.1418111902979618e-06 5.616198223094145e-07 6.294954101165259e-08 0.0 0.0 3.6516751023879145e-07 0.0 5.812589664695125e-06 0.0 9.98387309289758e-07 2.1347772587330779e-07 0.0 0.0 0.0 0.0
0.0007560690318452085 2.2340367228566495e-06 0.0016257949982705006 1.837335924242566e-05 2.5248617086857127e-06 0.0006887262249665231 0.0 0.004072860339099917 4.400433802938446e-05 0.004576845117075564 2.2015953949664543e-05 4.555518880647791e-05 8.249603860336008e-06 0.005923964452402053 8.001661170721427e-06 2.2452926231883284e-06 0.0004618145907060571 1.942830379441215e-05 5.65354103940269e-05 1.0200288969063195e-06 0.0001420914097180576 1.0921479271415917e-06 0.0008125384481702223 0.0001479201595301312 6.53151691255499e-07 0.0007157482320513464 0.00010149900469841235 0.006363974136324188 0.0007416662521517009 0.0015829544100865066 2.284837569917606e-07 9.75353932439593e-06 6.268482014650819e-05 0.00028160803339487224 5.228859653026841e-05 0.0012317036152294555 4.339532340086619e-05 0.0006595746142203647 0.0002915109871332324 0.00018578518893268183 5.390853885265218e-05 2.7845068663785233e-06 1.708160002336613e-05 1.1290723372647148e-06 5.860457042184255e-07 9.731783040134475e-06 1.4626181488017928e-05 0.0 1.00426481276467e-06 5.3236434265728375e-05 7.636101779927541e-07 2.4704754120063714e-05 1.4168685905194466e-05 2.1055292977361904e-07 9.607912263286932e-07 5.155161521169341e-08 9.531704393681544e-08 0.0 5.252902773133335e-06 1.0796866167753049e-06 1.6783331497516811e-07 4.901453893287546e-07 5.437646695528938e-06 1.2665949439974914e-07 1.918736650574469e-06 8.52135453454889e-06 0.00010618131247533313 6.023200713063045e-07 3.64233929775337e-06 2.6010366317589963e-05 0.0002481055847103555 1.7146080961903275e-06 1.1774652807378375e-06 0.0 0.0 3.173500927932852e-07 1.2206041935487965e-06 7.015191714403562e-07 3.8407273397184415e-05 7.817731757000245e-07 5.5364176089242955e-06 3.5625469670099704e-06 4.6388239131589425e-06 0.0 1.7288112550152224e-06 1.8080455797226496e-07
0.00016176722697706138 2.6247147717360147e-07 0.000536380617032976 6.74205940503944e-05 1.8992920981885865e-05 0.003750252259161017 0.004072860339099917 0.0 6.265854657023587e-06 0.0033973306893149064 0.00012878603521960616 0.0006856828095924693 2.0274937030125942e-05 0.0027297702656079205 0.000149898337257922 3.724212552736812e-07 0.000575692977929878 7.111278987989907e-05 0.0001877238540904854 0.000117812904429774 2.1903118800721814e-05 5.754622111208697e-08 0.00015882734304971404 4.3370659979778734e-05 2.0965232116627785e-06 0.00047740857713184554 9.424741131349138e-05 0.0002783444368363447 0.0008650088894884466 0.0003882913158695151 2.255799042672919e-06 0.0001511691227593813 2.9694131709448165e-05 0.00035951956287013563 7.642879602471991e-06 0.00020215973554381654 2.947106097567102e-05 0.00028567448379419896 6.323054017332655e-05 0.00025773097598260334 0.00017599400502563232 5.594402703505707e-06 2.477992202558787e-06 0.0 8.453607086213307e-07 2.4952984849145835e-06 5.029469277187598e-07 0.0 5.350162700152225e-08 4.248478718796814e-06 0.0 2.9221703083512875e-06 5.506636104881455e-07 0.0 6.668822914621135e-07 1.6088125904718004e-07 8.712987713557697e-08 0.0 1.0752413546794832e-06 2.8917656607077806e-07 2.474864227736436e-07 5.756347942233361e-08 0.0 2.401256627090879e-07 2.390042228584747e-07 2.1069230888324863e-07 1.2338565245737258e-05 8.140002527899669e-08 1.7689629016237867e-06 4.834007184408633e-06 1.6575616641783543e-05 4.641790565620264e-07 2.06589750654821e-06 7.783409287221369e-08 0.0 0.0 3.3760682868775046e-07 0.0 4.024859327762669e-06 1.1190956917698154e-07 7.453614627450579e-07 5.759230911516088e-07 7.84710676009506e-08 0.0 0.0 0.0
4.880356328634849e-06 0.00018735599836523374 3.16077092986045e-07 0.0013876406678304588 2.8190890431267727e-05 9.53237721032043e-05 4.400433802938446e-05 6.265854657023587e-06 0.0 0.00019705883609579054 7.418032161741663e-07 0.0005456538941341898 6.3853489771002385e-06 9.75305524335481e-06 0.00046451426158599117 0.0002990653930106335 1.4927079266152215e-06 3.3800097152073506e-07 8.35005515660618e-07 0.00045553305715906946 0.0001619103535542364 0.00120428879415933 3.242544255049103e-05 0.006521396319765638 0.00010463674571954532 2.807624016307502e-06 0.00019080957882621627 0.0016726359247918221 3.874043843738586e-05 9.241327896846969e-05 6.103770178468337e-07 1.2190886488512078e-06 5.613716525352154e-06 1.1181068024105517e-05 2.88229948386849e-06 0.000112608325284088 1.0384449945497355e-05 2.729325999036933e-05 1.4483770807837034e-05 0.00030493617480632296 3.7772670337603073e-06 1.8551260643661562e-06 6.675281084896929e-07 9.094060531479557e-07 2.451059898236367e-06 7.134667083682222e-07 8.526941591931536e-05 0.0 6.762745973310939e-06 4.414694540956308e-05 2.58924497253082e-06 2.211348363221848e-05 6.573079146406987e-05 5.078597764863045e-07 2.743961290080693e-05 1.2966607986443002e-06 2.397292035736667e-06 1.629762279810777e-06 0.00047733388086061343 2.216354661793054e-07 3.658955669766071e-07 1.1235164613309435e-07 4.255177075453843e-05 9.478985017635305e-05 4.070518556158921e-05 4.401002675505492e-05 0.000738708727027795 1.4349974202333762e-06 1.8747434577373022e-06 4.969498312023534e-06 0.000589607016370009 1.2815138693979104e-05 2.242643334971699e-05 3.5914173048672716e-07 5.215070522710825e-07 1.370745060397146e-06 3.1113088406095817e-06 5.2235412339685e-07 5.0275989558247114e-05 5.280904919643671e-07 8.80691305140806e-06 3.6443976160971827e-06 1.541271648011233e-05 5.484037003927283e-07 7.289096503455164e-08 4.3442052983417357e-07
4.191316316764505e-06 1.8424546998095156e-07 0.0001995337840362502 0.001322973201809604 5.223048302187207e-06 0.002689549578705633 0.004576845117075564 0.0033973306893149064 0.00019705883609579054 0.0 3.764775445168036e-05 0.004145615312123335 7.466565598580688e-06 0.0007643500028764579 1.6764734526535428e-05 1.9549649966209813e-07 6.557357258390719e-05 2.6224903870006726e-05 4.0519331827282526e-05 0.0015956355871173298 3.212509735905538e-06 3.61282503794829e-07 4.524585815115126e-05 0.00011379963499221982 1.3890382234964458e-06 0.00019260862343953544 3.65796253905783e-05 0.0038676717317166183 0.0007260809069648074 1.2625968827483766e-05 9.147781190031637e-07 2.7874883599736965e-05 2.557383975054291e-06 0.00029064683947293494 3.5613235874826066e-05 0.0005612513804600387 3.28367794298358e-05 0.0009109827433296757 0.00016150867235549028 0.0003997352379616597 0.00010436789079479693 7.028823090933095e-06 3.471283557009811e-05 1.502480718080626e-07 9.159052947411884e-07 1.995269832363908e-06 5.730185887397607e-05 0.0 2.083201032807995e-06 1.2872598682629308e-05 3.07032231638425e-07 2.590746904730926e-05 3.3365489292123904e-05 0.0 9.434477497608115e-06 0.0 0.0 6.765123905937399e-07 1.4459642259305855e-06 3.2645760573232157e-07 4.553760690185896e-08 9.816612125787245e-08 2.1744138783649128e-05 5.834147087976977e-08 3.2761216938308546e-07 7.757217975983279e-07 9.299448739497586e-05 2.245685558910349e-07 8.565673706435604e-07 7.1150599085475896e-06 0.00013119419776650636 8.208460913944851e-08 1.140790177014727e-07 0.0 0.0 0.0 6.118890214042177e-08 5.241602821692817e-07 7.98974614981756e-06 7.744176154980815e-07 6.158404189511831e-07 4.0898437624123704e-07 5.978262740642735e-06 0.0 0.0 7.214069914327111e-08
5.383297837016275e-06 6.540004046430709e-06 2.670902513830582e-05 6.263035584429246e-06 0.00012787344563920753 0.00013873159320925438 2.2015953949664543e-05 0.00012878603521960616 7.418032161741663e-07 3.764775445168036e-05 0.0 7.891431007334684e-05 0.000711235544400632 8.987462145870264e-05 2.2172895333587598e-05 7.390081549584008e-07 4.52422441073533e-05 0.0020077031892817487 0.0004594678208773408 1.158889928860568e-05 1.3290419377026846e-05 2.3280681893964634e-06 2.1898000591146407e-05 4.987400945181405e-06 0.000188362002156403 0.0017591197097122854 0.0007817130474854436 1.7873553939168613e-05 0.0003700442613954719 3.39889338517222e-05 0.0001474177003469931 0.0002020682867924796 3.0103231698219183e-06 0.0022013585142248286 7.2595712572520475e-06 0.00027651175139108104 0.0012877275406859598 0.0015058871235351116 0.00032058271111542807 2.919940847840963e-05 0.00018361946949894901 0.00031936344204569445 9.68820032833498e-06 0.0 1.0007218745555451e-06 2.341150858020978e-07 0.0 0.0 0.0 7.763513059658945e-08 0.0 0.0 0.0 7.116261205963584e-05 1.0892348476154528e-07 0.0004024136367649934 0.0 0.0 3.105611108034238e-07 5.335452153759148e-07 1.986518373686284e-05 3.921990627181658e-06 0.0 5.033212080895236e-08 2.2021664652351748e-07 1.2848921293931137e-07 1.4910128093894467e-06 2.5240738750532545e-05 3.414741293462762e-05 6.456169713066714e-05 1.7933920123435922e-06 2.207903956500302e-07 7.732443880547251e-08 1.6288417466974e-05 8.056444281072278e-08 0.0 7.290636371860738e-07 0.0 1.4869747615344928e-06 0.00019563776991364445 5.807231632560036e-06 2.418255796781773e-06 1.454034712373113e-07 0.0 6.311008966942261e-05 0.0
5.367393533852123e-07 4.94877802863634e-06 9.905413159418036e-07 0.0050559271435803525 1.6325291478104054e-05 0.003300050212472736 4.555518880647791e-05 0.0006856828095924693 0.0005456538941341898 0.004145615312123335 7.891431007334684e-05 0.0 1.527008268277454e-05 0.00047321133381161525 0.00039018506618415725 3.723549950113769e-07 3.7665192807169993e-06 4.522449189035111e-05 5.084199174204154e-05 0.0022237677154366598 4.496698529011586e-07 3.402746348306964e-05 2.348620751890388e-06 0.00027948695048925156 4.345474271631985e-06 3.552245033810896e-05 2.90297397469935e-05 0.0007326041066717894 0.0004590619111393441 9.5602085379674e-06 1.2066926913036682e-06 5.936765374654766e-05 1.7186015695736464e-07 0.0002169623085440675 1.2253454270129794e-05 0.0002818566174107239 6.02513250423039e-05 0.0005510875224797199 5.1321917375415574e-05 0.00045994183181893676 4.739440412272033e-05 5.518807421611051e-06 6.356248114814213e-06 0.0 1.0876566555471155e-07 0.0 4.41316528795208e-05 0.0 3.835534309522487e-07 5.195373324954708e-06 6.109708067036107e-07 7.607992880068935e-06 2.4074705388852364e-05 1.572290097651575e-07 3.695748923062321e-05 1.326020045986571e-07 6.43676984446776e-07 1.073039563178367e-06 3.968518685511899e-07 0.0 0.0 3.5318272591842716e-07 1.4700242076045619e-05 5.048803227398332e-07 5.90800556511093e-07 0.0 3.6562079821687624e-05 0.0 5.866682484842785e-07 1.0191008564912946e-06 4.3329779250810104e-05 7.169958787592927e-07 1.7020472582588838e-06 0.0 2.580504290484048e-07 4.139578549003673e-07 5.469486969527035e-07 0.0 4.886155965011267e-06 0.0 2.414170186222449e-06 3.530802565478797e-07 5.338815038283967e-06 0.0 1.6108428160513672e-07 0.0
2.558804402784474e-07 6.98817476374618e-05 6.64613055379335e-06 1.5462636583560569e-06 1.6687761652467128e-05 3.0953657554181535e-05 8.249603860336008e-06 2.0274937030125942e-05 6.3853489771002385e-06 7.466565598580688e-06 0.000711235544400632 1.527008268277454e-05 0.0 9.242668962518157e-06 5.715273412865707e-06 5.894755112283133e-06 1.427659392685081e-06 1.346032305191079e-05 4.802155637007095e-06 1.1559848424349295e-06 6.411291741658498e-07 2.1566535234933184e-05 3.102248396556794e-06 1.5602163906157304e-05 0.0016716046260748217 0.00030872990140162873 0.002321845945565107 1.2962860852330293e-05 3.516536232121758e-05 5.366275436770333e-07 0.0001732344466653414 3.095731861621772e-05 0.0 0.0010555896317562784 5.157281393730966e-07 0.00013684867135104273 0.0014979216181318347 0.001136707320344005 0.00014716564959286696 7.667590683339175e-06 0.00010191142472348965 0.000870093379444708 2.645589217543543e-05 0.0 8.413851338235496e-06 1.189223866813876e-06 0.0 0.0 0.0 3.733452143030348e-07 5.5252085622248126e-08 2.4865307019604753e-07 0.0 0.0001740779534245698 7.332641976303497e-08 0.0009052192543511179 2.0372417643197135e-07 0.0 3.025945583031374e-07 5.44004325396198e-07 4.5361744999009574e-05 9.016553455941138e-06 0.0 1.4786372376669233e-07 5.619887044461834e-07 8.366228628632567e-08 2.7831590172501984e-07 0.00016398780242895904 0.00010291608750301224 0.00020107568560920891 4.3610771642533043e-07 4.139515281194772e-07 5.50605643837882e-08 5.0275956527301656e-05 1.4620582016807427e-07 0.0 1.6641264497865821e-06 7.727991076118243e-08 7.062741284055828e-06 0.0004890151157092683 1.4857916640597077e-05 3.303693150746547e-06 0.0 1.6429145303630802e-07 0.00024948498160774416 0.0
0.003050204778401929 3.752157593613097e-07 0.00021245536161765017 7.453930984643959e-05 1.0642799197819288e-05 0.0004292837374692256 0.005923964452402053 0.0027297702656079205 9.75305524335481e-06 0.0007643500028764579 8.987462145870264e-05 0.00047321133381161525 9.242668962518157e-06 0.0 3.997600603752996e-05 9.206796549599895e-07 0.00047542763212749445 5.7002186883260075e-05 0.0001767359578222699 9.804029572942523e-05 5.5332560472945464e-05 5.269325939861161e-07 0.00011100785983216481 6.622233831344814e-05 5.892456203218114e-07 0.00017317991966510688 6.445120016410241e-05 0.0004279779253175668 0.003100134012150489 0.001590506565313957 6.141069822833123e-07 5.045481272376517e-05 3.636964836669239e-05 0.000513454167063832 8.558280548525739e-06 0.0002531463996741388 2.3698709012778304e-05 0.0003712000995654834 4.883204522570156e-05 0.0001658749254638325 2.7855597094051906e-05 3.6672171878496045e-06 2.354428656554841e-06 2.4255631991651994e-07 2.4014544075795464e-07 8.016282306489836e-07 1.287192275113765e-06 0.0 0.0 2.48583580700882e-06 2.9193188970009895e-07 3.85111080186731e-06 8.282753528958969e-07 0.0 2.508286175853727e-07 7.914684714856936e-08 1.7200483722563203e-07 0.0 2.8464077402921363e-06 0.0 0.0 3.048781083583715e-07 0.0 6.764849182676467e-07 4.3062282790169364e-07 0.0 1.2686801142292444e-05 7.128502629672036e-08 1.8360255846102048e-06 2.1415771764729635e-06 2.0376506917296028e-05 3.537467421852116e-07 5.274407454951542e-07 6.250718971213893e-08 0.0 0.0 1.3712772950361104e-07 2.007517543178969e-07 5.2245621712797166e-06 0.0 1.3084718602819169e-07 3.767251207807101e-07 2.2603584147408194e-07 0.0 6.341668451326677e-08 0.0
0.0 1.6241378939988149e-06 1.58975737315632e-07 0.00010800592785622106 0.0009613455635999105 0.0002668530629589772 8.001661170721427e-06 0.000149898337257922 0.00046451426158599117 1.6764734526535428e-05 2.2172895333587598e-05 0.00039018506618415725 5.715273412865707e-06 3.997600603752996e-05 0.0 0.0 6.192030164705992e-08 4.080641347759982e-06 2.4422723034680512e-06 7.053149335961657e-05 1.1747377670880268e-07 1.6133710415900074e-05 0.0 7.866354203922573e-05 2.500511963401436e-06 2.7532793067111935e-06 4.085769336622465e-06 4.121862668995956e-05 3.2580619231039854e-05 6.596332566923828e-08 6.482398596688714e-08 0.00013639482278387328 0.0 3.6301268649672566e-05 6.596588508213474e-07 9.453532871932432e-05 7.5297246535372294e-06 5.574026681412289e-05 2.0025001965879776e-05 0.00041358316970848124 0.00012405351897055753 9.008955008974768e-06 2.9385886170905853e-06 0.0 0.0 0.0 1.4720331082605476e-06 0.0 0.0 0.0 0.0 6.568434797525841e-07 2.6375609225836637e-07 0.0 1.1111716751586627e-06 0.0 2.0221283129874948e-07 0.0 0.0 0.0 0.0 0.0 0.0 0.0 0.0 0.0 4.652758190127008e-06 1.9817794050323912e-07 6.236752359710538e-08 7.954527817994244e-08 2.371104945166285e-06 0.0 0.0 0.0 0.0 0.0 0.0 0.0 2.374051975743445e-06 0.0 0.0 2.0681795118390647e-07 0.0 0.0 0.0 0.0
1.839961466982686e-07 0.00017985525941306422 1.622053449721907e-06 0.0 0.0 2.4873596833044584e-07 2.2452926231883284e-06 3.724212552736812e-07 0.0002990653930106335 1.9549649966209813e-07 7.390081549584008e-07 3.723549950113769e-07 5.894755112283133e-06 9.206796549599895e-07 0.0 0.0 3.380101514729939e-06 2.9026155201442134e-07 1.6724832621055646e-06 0.0 0.002559392006645251 0.002729848190630857 0.001277832134037481 0.002656930696500811 3.8599218774762704e-05 5.785625515434867e-06 0.0011136611539379257 0.001579893125895284 2.2323520391214423e-06 0.00012539370039075872 2.427745031128738e-07 1.8127453776257704e-07 1.685996616104056e-07 2.200089157263223e-05 1.0849589431878373e-05 0.0006397907352989588 0.00030110808616825793 0.00012493590496748082 0.00024160414850497695 1.5053911900782565e-05 1.392141157097301e-06 1.3339873539863762e-06 2.5321645780720233e-06 2.911098766784973e-07 4.750085048494368e-06 7.247850939970092e-06 6.994149322319108e-07 0.0 6.35810309827066e-07 5.873401922890866e-06 5.707116343645877e-07 8.583882460401465e-06 2.9439544405782575e-06 4.609280028487239e-07 0.0 1.3146168949999924e-06 4.1382804826509316e-07 0.0 0.001965475784336262 1.2113754377092598e-06 2.1493762106720298e-07 4.82926650511812e-07 0.0 0.00019356678463275568 0.0004558571211017468 0.0007124982729133442 0.00014678424489962283 5.36721888262248e-07 3.8085258727960008e-06 0.0001753243307709245 0.00017787646702099416 2.9689489477231873e-06 1.0218577945260132e-05 0.0 0.0 2.985291056527735e-07 1.7704188631553805e-06 2.149858540136047e-06 5.7817483834906444e-05 6.070264652689144e-06 1.6239374895210356e-05 2.3593386702998883e-05 2.5410392958631103e-06 4.5869980262977606e-07 1.2682436212165054e-07 5.431868327097086e-07
6.263208943712503e-05 5.7672952847435156e-05 0.002090989547360004 2.262154650723476e-06 1.2974459990021762e-06 4.190994197515576e-05 0.0004618145907060571 0.000575692977929878 1.4927079266152215e-06 6.557357258390719e-05 4.52422441073533e-05 3.7665192807169993e-06 1.427659392685081e-06 0.00047542763212749445 6.192030164705992e-08 3.380101514729939e-06 0.0 8.363679819319596e-05 0.0005975947810260762 8.988931422764334e-07 0.0004777364269248204 2.60194501230385e-06 0.0019316269319808069 7.446049521226676e-05 1.7948585930751329e-06 0.0017127124244715813 0.003790965194923679 0.0002524117983309935 0.0003605516399879979 0.0007340004652171329 3.356448935116544e-07 3.958083266099445e-06 1.2843679249965258e-05 0.001190571753003884 4.351170792875697e-06 0.00019039989699729876 6.918125065687099e-05 0.0005488475240890536 0.0001859865146007323 2.788583132379548e-06 9.870363088733454e-07 3.1514136251446157e-07 3.4915745402461696e-07 1.52556502699419e-07 2.7263124435616033e-05 7.513345863331725e-05 0.0 0.0 7.317844315328984e-08 3.2104739221619295e-06 3.6788578653526295e-06 3.4535583531250656e-07 3.1789239794539397e-07 4.5192554654953823e-07 0.0 1.2460816885819052e-06 2.7843612026946806e-06 0.0 1.7012590823302748e-06 2.4463346248050447e-05 1.000615619246066e-06 1.636681660595592e-05 0.0 2.1316997166691372e-07 1.9322699767725415e-06 7.761756721648104e-06 2.262878250436195e-06 1.7761954631274645e-06 0.0002512731379029028 0.00033911229636392475 2.8669548707867244e-06 4.131093867335893e-07 1.0442072324337515e-06 6.372493507018298e-07 0.0 0.0 5.485067665656893e-06 1.6273331673677254e-06 1.892701056650698e-05 5.619229645922071e-06 9.879061247553097e-06 5.311449279829557e-06 1.4325275403609596e-07 0.0 6.123403796086142e-08 0.0
5.731508147883835e-06 1.177283239119044e-06 2.0480026225362465e-05 3.811567425226419e-06 1.7287462090390165e-05 5.66021824587178e-05 1.942830379441215e-05 7.111278987989907e-05 3.3800097152073506e-07 2.6224903870006726e-05 0.0020077031892817487 4.522449189035111e-05 1.346032305191079e-05 5.7002186883260075e-05 4.080641347759982e-06 2.9026155201442134e-07 8.363679819319596e-05 0.0 0.00034065844990928103 7.15004542411962e-06 1.0033491925085016e-05 2.0362599103914475e-07 3.1574409251811875e-05 5.481022649479557e-06 8.480268364579708e-06 0.0007851145836991005 0.0002495893579392708 1.1584167468496682e-05 0.0001258156699846278 3.7343396814960066e-05 5.059807917808863e-06 3.818796134948748e-05 1.8291861909652723e-06 0.0007229632901337207 5.938086457996771e-06 0.0004179480979365688 0.0009904522296627872 0.0007310343804904865 0.0002727991128841662 1.1509102606353878e-05 1.669264375367044e-05 1.1807889611686109e-05 1.3974444809375945e-06 6.784067022318629e-08 9.014551044561754e-07 4.162342720271796e-07 5.8176843735927535e-08 0.0 0.0 2.170954416521662e-07 6.692621613750484e-08 0.0 0.0 9.057833164627947e-06 1.8287092512939142e-07 4.3947867310375684e-05 2.716120759267791e-07 0.0 8.471481951598344e-08 2.3509757705118748e-07 2.5627821731735957e-05 1.3754911349671873e-05 0.0 0.0 1.5202650079367098e-07 6.934162829318559e-08 1.245417317499094e-06 6.476535743151405e-06 7.024387044243143e-05 7.877351500567417e-05 7.929421176149723e-07 2.6100744150468744e-07 0.0 7.933680450302444e-06 8.152176621828618e-08 0.0 1.5100019015039899e-06 1.1864040640440225e-06 3.7427859555097355e-06 4.1599815859028046e-06 4.799271772942812e-06 1.6368183245496866e-06 0.0 0.0 0.0 0.0
2.3013759452573147e-05 3.6581128952800274e-06 9.906165548727235e-05 3.7082001920380705e-06 1.499483770088583e-05 5.172944822545048e-05 5.65354103940269e-05 0.0001877238540904854 8.35005515660618e-07 4.0519331827282526e-05 0.0004594678208773408 5.084199174204154e-05 4.802155637007095e-06 0.0001767359578222699 2.4422723034680512e-06 1.6724832621055646e-06 0.0005975947810260762 0.00034065844990928103 0.0 8.955189404532285e-06 6.131892112170883e-05 1.4546172067231114e-06 0.00014627520490626743 8.60924675712672e-06 3.4808714081018414e-06 0.002145334531308155 0.0010150257550653444 2.9625471976450095e-05 0.0002943490324646002 0.00018174253028526544 1.5487898250529905e-06 2.679855407673039e-05 8.490456334685939e-06 0.002888181661213743 6.509083295540204e-06 0.0005595136509046177 0.0004561491778936663 0.0010951222136427704 0.0005136481619638825 1.2661612720790466e-05 5.7747220155325685e-06 2.459541228693989e-06 1.6021612613384774e-06 2.6061360678044536e-07 6.19777107471196e-06 4.444093772794085e-06 5.779798394070354e-08 0.0 0.0 1.063483448130945e-06 1.9789078315524654e-07 5.90693841148834e-08 2.6561703951827963e-07 6.714541537519537e-06 6.725096275208016e-08 2.7394861600077887e-05 4.4928562019594584e-07 0.0 2.7936549736995484e-07 2.8547245871086175e-06 3.0204736772815986e-05 5.017867929976584e-05 0.0 2.525768603555534e-07 5.2449558045312e-07 6.623468168147602e-07 1.0490389599680018e-06 8.02923919499607e-06 0.00023135154178087955 0.00024335303605812155 6.635599844366113e-07 6.20231171123592e-07 2.0301666590454474e-07 5.979019818691692e-06 7.380666421720612e-08 0.0 2.391079803768057e-06 1.588736954987231e-06 8.770056243719574e-06 1.1514938932994656e-05 1.0886263970032016e-05 3.7836062276341586e-06 2.3080938288334813e-07 0.0 2.885980138244168e-07 9.271678341831671e-08
3.718294543513933e-07 0.0 3.1040636846334724e-07 0.0015280508088104177 1.6700621604898174e-06 0.0001490592369939564 1.0200288969063195e-06 0.000117812904429774 0.00045553305715906946 0.0015956355871173298 1.158889928860568e-05 0.0022237677154366598 1.1559848424349295e-06 9.804029572942523e-05 7.053149335961657e-05 0.0 8.988931422764334e-07 7.15004542411962e-06 8.955189404532285e-06 0.0 5.5946558507133306e-08 6.024218442666802e-07 1.4132381604011931e-07 8.425155353334876e-05 5.005392225023088e-07 5.65306894210339e-06 3.3617379846586584e-06 0.0009925868034557919 0.00011325868313812143 1.8395869249305246e-07 2.2909084939314452e-07 7.827903287605766e-06 0.0 5.2538311267219035e-05 4.671108593921725e-06 8.331712562734983e-05 5.072578375201887e-06 0.00014502243507588845 2.3923517471421705e-05 0.00012272234521495945 1.5276891907086717e-05 1.5623989544430485e-06 4.552170874398699e-06 0.0 1.8560634408981446e-07 0.0 3.5208367502172295e-05 0.0 1.294909808219443e-06 4.577537226589126e-06 3.3518823414862e-07 1.3612328605530642e-05 2.6004625981594804e-05 0.0 1.282860427423984e-05 5.4747146041333706e-08 0.0 1.381593028974447e-07 0.0 0.0 0.0 0.0 2.118079577245303e-05 0.0 3.3056884840661947e-07 0.0 4.868497157716394e-05 0.0 7.397587922684396e-08 2.2341279779131048e-07 6.738087005449973e-05 0.0 0.0 0.0 0.0 0.0 0.0 0.0 1.5391453545478277e-06 0.0 8.002926214570039e-08 0.0 2.1076170088099022e-06 0.0 0.0 0.0
1.9193020583953955e-05 1.4178489866290878e-05 0.0009148874189334986 2.1952377749236028e-07 1.4776653023077645e-07 2.1725236481124607e-06 0.0001420914097180576 2.1903118800721814e-05 0.0001619103535542364 3.212509735905538e-06 1.3290419377026846e-05 4.496698529011586e-07 6.411291741658498e-07 5.5332560472945464e-05 1.1747377670880268e-07 0.002559392006645251 0.0004777364269248204 1.0033491925085016e-05 6.131892112170883e-05 5.5946558507133306e-08 0.0 0.00017807134225525275 0.006322372560742175 8.084447168731861e-05 6.5232708041292465e-06 6.61134392283666e-05 0.00055524134048107 0.0015557062188501667 0.00016606967411604591 0.004390940093611664 1.7659962491624652e-07 3.354106422333468e-07 6.588462076820515e-06 0.00221751383610544 8.024899642899457e-05 0.003675929441656579 0.0006655789640639601 0.0033969159237212834 0.002540383408744453 5.670843120083783e-05 6.7154379735747835e-06 2.925826875376373e-06 2.0373947639460947e-05 5.379453543132998e-07 4.283236993619595e-07 8.537766356121928e-07 4.930278268073537e-07 0.0 2.890625953807339e-07 3.730022576176453e-06 2.749985117773944e-07 4.4009139828164015e-06 3.3846341573092626e-06 2.697514156722698e-07 0.0 6.389848639382111e-08 7.154020237931013e-07 0.0 0.0005786287121684885 7.039330894796696e-08 6.762313700965908e-08 0.0 0.0 0.00018653958430836252 9.109033777295405e-05 7.171374247597222e-05 0.00012269934272368937 6.909379490620256e-08 5.184695010336487e-07 9.842316507033513e-06 0.00014711414600041244 1.383625044117121e-06 8.925656088412518e-06 0.0 0.0 7.454389668661293e-08 5.201064363551072e-07 2.4143563683162624e-06 2.8527931724248315e-05 7.855136411577536e-07 1.5860632253059875e-06 2.1263723392435912e-06 6.832448873877024e-07 0.0 0.0 1.0241532067678326e-07
2.0159921374509334e-07 0.0011358895328565384 8.911338747864194e-06 1.8875746927452812e-07 1.9495985020471445e-07 1.3277803176597116e-07 1.0921479271415917e-06 5.754622111208697e-08 0.00120428879415933 3.61282503794829e-07 2.3280681893964634e-06 3.402746348306964e-05 2.1566535234933184e-05 5.269325939861161e-07 1.6133710415900074e-05 0.002729848190630857 2.60194501230385e-06 2.0362599103914475e-07 1.4546172067231114e-06 6.024218442666802e-07 0.00017807134225525275 0.0 0.0003558926036728381 0.0031487986280593076 0.0005738595440589339 1.0655136889049159e-05 0.0022121098964430286 0.00011681193646918787 1.7387014021461703e-06 2.4629767644161525e-05 1.6967939704342358e-06 0.0 1.3601918379283718e-07 8.154859105174682e-06 5.628803247195795e-07 2.8132343878144155e-05 1.0262654167072394e-05 1.153900367347147e-05 1.1199374072903318e-05 1.339322825808447e-05 4.103200107572227e-07 6.527454667612081e-06 6.779448345648804e-08 0.0 1.7594425947211765e-05 0.0001124353955761688 3.588858904931073e-07 0.0 5.893114036486653e-08 2.0746127168653813e-06 1.5180238755919135e-07 4.169755077999048e-06 8.17318854069224e-07 1.7934293357081099e-06 2.597108692683136e-07 7.523326973870991e-06 1.9054184940160092e-07 0.0 0.0008516226082257095 1.944479144450118e-06 6.950984975764558e-07 4.5677270906558657e-07 0.0 2.8999516875066722e-05 0.000153399012963223 0.00029918261412551145 2.170869464610358e-05 4.10038084504784e-06 9.143849650726226e-06 0.0006731577798775875 1.650940408990698e-05 7.052116563476128e-08 1.5688017622205525e-06 2.3768386293891416e-07 0.0 3.1989093897249743e-07 4.637189999835561e-06 2.5926438509098303e-06 5.937971134160665e-05 1.0287417900769208e-05 2.9709305136468467e-05 3.0745631770299756e-05 1.0031639782137934e-06 1.6697336237156428e-07 2.79697634373682e-07 2.229272943851786e-07
1.413672019295217e-05 1.165830598693288e-05 0.005245947703766784 3.413850437974354e-07 6.237815545905486e-08 2.1501626755419502e-05 0.0008125384481702223 0.00015882734304971404 3.242544255049103e-05 4.524585815115126e-05 2.1898000591146407e-05 2.348620751890388e-06 3.102248396556794e-06 0.00011100785983216481 0.0 0.001277832134037481 0.0019316269319808069 3.1574409251811875e-05 0.00014627520490626743 1.4132381604011931e-07 0.006322372560742175 0.0003558926036728381 0.0 0.00012720812962486883 2.0865055117331104e-06 0.001599755828567505 0.006294417971719463 0.0018499273760401523 6.774115870500804e-05 0.0016240680098290124 2.402225270329228e-07 1.0348326398629963e-06 4.5024036815207546e-06 0.0016224360821018701 0.00011360398364892165 0.006168953890593122 0.003672767462725194 0.004740955644083083 0.0049896116884908075 0.00022789988315872993 1.1054673427252284e-05 5.745636440504975e-06 2.7950442756936733e-05 0.0 6.908172337449883e-06 0.00011940666109661437 7.433231461455008e-08 0.0 4.6062619978379416e-08 4.120025102968929e-06 1.2862249107377308e-06 5.236724616165796e-07 1.2682882843221623e-06 3.544754868918632e-07 0.0 1.5490684482108832e-07 2.416712881054116e-07 0.0 0.0013721945527762872 3.413436086584397e-06 1.884620942865135e-07 6.609667428885064e-07 0.0 6.696298571665386e-05 0.0003853452853246993 0.0009310438210095955 2.3784707531494162e-05 8.568031582449126e-07 5.3184756912605075e-06 0.0009443384430405182 3.062277055606396e-05 2.5028264045236047e-07 1.2899492827895001e-06 9.377251591409512e-08 0.0 0.0 1.2354862649229472e-05 9.759638066830614e-06 0.00010501993248843195 2.1834751403831017e-05 7.757810599091637e-05 6.39230452098802e-05 3.2379013319095103e-06 4.767074333381495e-07 4.7479008529569144e-07 7.779346894555091e-07
2.8189787515927667e-05 0.00031495306091106453 3.9576020918321785e-05 0.0010125944016967604 2.6527762819376253e-06 8.317652880443925e-05 0.0001479201595301312 4.3370659979778734e-05 0.006521396319765638 0.00011379963499221982 4.987400945181405e-06 0.00027948695048925156 1.5602163906157304e-05 6.622233831344814e-05 7.866354203922573e-05 0.002656930696500811 7.446049521226676e-05 5.481022649479557e-06 8.60924675712672e-06 8.425155353334876e-05 8.084447168731861e-05 0.0031487986280593076 0.00012720812962486883 0.0 8.723405465677199e-05 8.783979587470017e-05 0.0017447372527996808 0.003478015217887872 0.00025585094429413346 0.0003769849191317579 2.5647249697319826e-06 2.6164094304596977e-06 4.9294907678738275e-05 0.00013663189739342898 3.5781225514891695e-05 0.0007803870016807219 4.904322492040873e-05 0.00032703545107171084 0.00017735099356248177 0.00010612625081779639 1.919262786348599e-05 2.3757947443076116e-06 8.366629271293816e-06 5.244181586350693e-06 2.6539096000133618e-05 5.527905083511664e-05 0.00014952187191923853 1.215934649391787e-07 1.0060152937549344e-05 0.0002649530218572991 1.593731293030294e-05 0.000601363945694691 0.00014749561063135872 2.190643983310567e-06 1.9453314259901676e-05 2.223817085080626e-06 1.0101728620558984e-05 8.70577357948922e-07 0.00017661521911007172 4.516531594281801e-06 1.1580677925954697e-06 1.089089572233039e-06 4.802015204840873e-05 4.469059636377633e-05 5.906138767583509e-05 2.906041557675773e-05 0.001578392052541967 1.885790177556842e-06 1.0360040279393667e-05 0.0001741133168967142 0.002204141312045778 4.217099999714223e-05 6.716640325313573e-05 2.9732286836729455e-07 9.148809007031212e-07 3.420857240183146e-06 9.521666185527496e-06 1.9473444966658463e-06 0.00022799670176429222 5.383479502995644e-06 5.5768927030259155e-05 2.1583140219584418e-05 3.493234725537749e-05 2.983767825994255e-06 1.3757902861865975e-07 7.315087839457377e-07
