0.0 0.0 1.9699995084780928e-05 1.6509602872185832e-07 2.4623498413461336e-07 5.179355705546481e-06 0.0006544981374857492 9.334486307010421e-05 0.0 8.259242902577994e-06 1.0381389089524823e-05 1.755092903128401e-07 0.0 0.0021596845185444993 0.0 9.00028068072283e-08 8.497619199829035e-05 4.1398146723549835e-06 1.561661095966971e-05 4.6154942180306587e-07 9.999677353018842e-06 5.06203123730411e-08 5.1519020639365026e-05 7.176625476409936e-07 0.0 1.3446988712549034e-05 2.2395085223843822e-05 4.9914465966316335e-06 0.0025187941570864367 0.0018506717804492702 5.159582627169377e-07 2.7311688987257373e-05 1.6210098145568033e-05 5.516642923452873e-05 1.6975982052810603e-07 9.028379711947256e-06 6.155926652578022e-06 4.8375476043172353e-05 5.595959137941588e-06 1.026463442376103e-07 2.34703272302632e-07 0.0 0.0 0.0 1.7207617330473877e-07 5.253994710704606e-07 0.0 0.0 0.0 0.0 0.0 0.0 0.0 0.0 0.0 0.0 0.0 0.0 5.845458721346271e-08 1.4076181698148873e-07 0.0 7.641883786320795e-08 0.0 0.0 6.123919476587222e-08 4.3261604017969306e-07 7.086778535033163e-08 6.460522957931058e-08 4.5114029563889494e-07 3.988453173951867e-06 5.2913860604451785e-08 0.0 0.0 9.631813540017668e-08 0.0 0.0 0.0 0.0 2.914627867794248e-07 6.85630030854584e-08 2.1992692196148538e-07 0.0 0.0 0.0 0.0 0.0
0.0 0.0 1.0903635704682216e-05 1.3707497724725964e-07 0.0 1.262300429456668e-06 9.247899951043263e-06 0.0 0.00014495432221587254 8.680816607855219e-07 0.00016672471323768952 0.0 0.0005229350102257862 3.4216934975591615e-07 0.0 0.0002018852295509099 5.152389480246782e-05 5.141773663062693e-07 7.120412489520489e-06 0.0 1.0714456719438605e-05 0.0008683598548328686 7.073206635891279e-06 0.0003321605273786602 0.000995606999157319 1.592024591396596e-05 0.0026286016549422397 4.395970588825363e-05 6.756414808533169e-07 9.150932868403801e-07 3.5384884897041397e-05 3.951867407524872e-08 7.110698885704382e-08 4.812179843046278e-05 3.1232413365609906e-07 4.4633344509179726e-05 0.00027784016680498926 5.007767279965052e-05 1.3314845175693988e-05 3.5745150983062945e-06 2.4484447490932565e-07 6.636587018464108e-05 4.939066727084433e-07 1.239325003912472e-07 0.00016345699264659608 0.00018348050919341692 5.64387717863968e-07 0.0 4.5578496245290986e-08 3.1430591774057293e-06 9.250933349924821e-07 1.742010446040862e-06 4.533728544654497e-07 4.902790484510166e-06 1.5886428061426188e-07 1.861384066749826e-05 1.9251148438678735e-06 0.0 1.4636593892372016e-05 2.3456175206356917e-05 2.984716644380366e-06 2.3113795897761756e-05 5.665126253437775e-08 2.0815745709751488e-06 4.887953800715939e-05 2.1354497974703783e-05 1.4519620407173817e-05 3.47316260176257e-05 0.0001424463865264112 0.0013345033379209136 4.246420400129302e-06 1.0690135507338245e-06 5.381421502029165e-08 3.3243381334372124e-06 1.428823610975765e-07 0.0 7.92450514273807e-06 9.86510421854099e-07 3.200280996419512e-05 2.7239476017755576e-05 3.5026629485926864e-05 1.1243811272188838e-05 2.6396555241615323e-07 7.709627359829851e-08 1.1191470766984332e-06 1.6477489817690928e-07
1.9699995084780928e-05 1.0903635704682216e-05 0.0 1.2038159427093774e-07 0.0 1.1447491361290603e-05 0.0005956193770514648 9.465270759904093e-05 1.8999574470191431e-07 1.6003366046355034e-05 1.103319144122615e-05 1.0756092091646828e-07 2.6543027500517146e-07 0.00017343536945449152 6.14446563736886e-08 5.124221160543115e-06 0.002366073724983021 8.378327090806604e-06 0.0001440884746732915 0.0 0.000767173842471744 1.284004678346295e-05 0.007278652703175306 1.3236300974477146e-05 3.053380699496294e-07 0.003062771193345229 0.0036587373167196193 0.00023372733259973964 4.847392026191736e-05 0.0003999687077924518 4.030068371934457e-06 4.620482615515234e-06 4.348762698236137e-06 0.0002635043671651728 1.227150084147901e-05 0.0007595906806824313 0.002754743751524291 0.000897640199529079 0.00028394703944443047 1.3474115010343314e-05 3.1989816786015704e-06 5.57962176347562e-06 3.608917489626828e-06 6.597857913506329e-07 4.242237421699009e-05 0.0009805003910948078 0.0 0.0 2.852882978710483e-07 2.5278970571135364e-05 4.5057278844883025e-06 2.9077316039945544e-06 2.0542518964870676e-06 3.3200778044353255e-06 9.828676499226306e-08 4.2756967978591106e-07 1.0830758767622319e-05 0.0 3.8893715716050535e-05 9.83023693831306e-05 1.241699798989433e-06 1.998302155744968e-05 0.0 4.691297969949005e-06 0.00013637199049360162 0.0003140408639196572 3.680942150677866e-05 1.137953565087848e-06 0.00010363370411158821 0.0023898013879854753 2.1390010610536525e-05 1.804827420103526e-06 2.450744719356679e-06 1.2849052874725876e-06 2.242882776675186e-07 0.0 1.1860859797269678e-05 9.381989041591704e-07 8.236351562598396e-05 2.350280640932564e-05 5.512988346922055e-05 2.0445777463793975e-05 9.698897760786561e-07 0.0 4.4684848963503567e-07 5.4946716305528e-07
1.6509602872185832e-07 1.3707497724725964e-07 1.2038159427093774e-07 0.0 2.703056971880129e-07 3.908051712032161e-05 2.4442821355596303e-05 3.14432370988025e-06 0.0005119256869232066 0.0013967585660110934 1.758581376243419e-06 0.0015631966273816585 1.0714675231339078e-07 7.004713283813286e-06 3.5514797217365025e-05 3.1236634901920396e-07 0.0 6.121101127135915e-07 4.433426390441011e-07 0.001364993603231304 0.0 6.270965847060648e-07 0.0 0.0007122892103484362 0.0 8.066903995377078e-07 1.0387917177324783e-06 0.0013364887064218516 2.0057096939752142e-05 3.7131995887335987e-07 2.647336961876171e-07 3.0014697323551413e-06 2.4211878687753907e-06 9.346451104761859e-06 6.0289594978431765e-06 8.805049511004713e-05 2.446736452397712e-07 4.256484894005799e-05 6.82259875448324e-06 0.0001975614408471424 4.634759648344922e-06 2.4390707531840603e-07 1.3871584803375176e-06 0.0 1.2880561426061062e-07 0.0 6.138559828913229e-05 9.815266572776868e-08 1.4136072519455542e-06 4.794942196655923e-06 2.181388075486408e-07 4.5743736865611326e-05 5.50256179009669e-05 0.0 7.275298316961916e-05 0.0 6.061777108947517e-07 5.069301664970005e-06 0.0 0.0 0.0 0.0 6.769477680413002e-05 5.81795918228757e-07 1.587396135962206e-07 2.817802185636522e-07 0.00016216196062146553 6.872077884430983e-08 4.6452467868213375e-08 4.2399131631296166e-07 0.00012777150445747782 7.478366911753287e-07 2.8085413622125776e-07 0.0 0.0 0.0 1.6339907098311626e-07 1.7033121856505826e-07 6.739084638570856e-06 0.0 1.6111372703327709e-06 8.248008554345446e-08 4.7486147912582e-05 0.0 1.0805789936105632e-06 0.0
2.4623498413461336e-07 0.0 0.0 2.703056971880129e-07 0.0 8.681630742059196e-05 1.5041985592941397e-06 1.0172028649793e-06 1.478352128701408e-05 4.345467812301295e-06 7.984415400188948e-07 4.1666249522654075e-05 0.0 5.383203389784496e-07 0.00080544550904166 0.0 5.064824730777994e-08 0.0 1.0885733561413603e-07 2.0264804467839705e-06 0.0 0.0 0.0 6.295810970341539e-07 0.0 0.0 6.618512181508535e-08 2.4478488207030434e-07 2.0538523158462836e-06 1.5154024435776488e-07 0.0 3.949431262323848e-05 0.0 4.666399798874678e-06 1.5107649043146553e-07 2.679064416222627e-05 2.5722455345124576e-07 5.353277321206162e-06 1.100500636200886e-06 0.0008739166537221004 4.218417760891834e-06 3.400754018974718e-07 6.993973334358387e-07 0.0 0.0 0.0 0.0 0.0 0.0 0.0 0.0 0.0 0.0 0.0 0.0 0.0 0.0 0.0 0.0 0.0 0.0 0.0 0.0 0.0 0.0 0.0 0.0 0.0 0.0 0.0 0.0 0.0 0.0 0.0 0.0 0.0 0.0 0.0 1.790969196021172e-07 0.0 0.0 0.0 0.0 0.0 0.0 0.0
5.179355705546481e-06 1.262300429456668e-06 1.1447491361290603e-05 3.908051712032161e-05 8.681630742059196e-05 0.0 0.0009981350518457753 0.002963509201810397 1.3228435385446833e-05 0.00484616693157861 6.152658310800958e-05 0.0014292254123986353 7.058947438220351e-07 0.0007946653112920601 0.0005981565529256312 9.153613913001675e-07 1.1890960208640426e-05 1.5805967145962243e-05 1.26147719369566e-05 0.00020831866814058413 4.426567255031459e-06 9.325430513199578e-07 9.470432134006839e-06 2.451269527812666e-05 2.821552073443897e-07 2.8431364958994987e-05 1.3871817074705361e-05 0.0002541268331866838 0.000196782142836416 1.7307430726443748e-05 5.0900100734156035e-06 0.0004423555782486765 1.1734449293415464e-05 0.00017763145764726704 1.8156426831700074e-05 0.0004103313574215112 1.0789974273048096e-05 0.0003572592042311619 4.679713730236824e-05 0.0019080707053754473 0.00010307662396787048 2.0394514825206204e-06 6.117810159545112e-06 0.0 5.4559644697688564e-08 1.4962889567317566e-07 4.916409302475219e-06 0.0 7.124006059641636e-08 2.2659004790892725e-06 4.832730684856094e-08 3.43433281634767e-06 9.88594111827946e-06 5.5727036249685796e-08 5.771573362448476e-06 0.0 0.0 0.0 1.1955316769904159e-06 0.0 0.0 0.0 9.823604881251977e-06 2.632761843646828e-07 4.793543915867389e-07 9.222138803588424e-07 3.2129249068704575e-05 6.634388891859662e-08 6.60962003699275e-07 2.215548126454171e-06 3.3506106718236896e-05 1.9607190235056637e-07 1.944706817324207e-07 9.707922398154327e-08 0.0 0.0 1.4822314723727793e-07 1.9005741538487042e-06 4.06703796241102e-06 2.1384292762475611e-07 9.896214242086837e-07 0.0 6.634533852498863e-06 0.0 0.0 0.0
0.0006544981374857492 9.247899951043263e-06 0.0005956193770514648 2.4442821355596303e-05 1.5041985592941397e-06 0.0009981350518457753 0.0 0.0016215460293376128 3.7506628229015626e-05 0.0031155239346674995 4.4897283501518696e-05 2.1346340018595838e-05 1.12195476014953e-06 0.003754461906028487 5.015371484332791e-06 2.5704206343384463e-05 0.00021996459019668388 2.06683194154823e-05 6.262326237828228e-05 5.652701712726054e-06 0.0006351670339453203 1.2208584237278032e-05 0.0006480008677366267 0.00046093510480879965 3.2544528828041916e-06 0.0004835017839312434 0.00019357298002464082 0.007516877366069369 0.0011605325548114925 0.004174965343707602 8.11250779985556e-06 8.596614840292483e-05 0.0002258949561264528 0.0003561760757089329 0.00014635860262590507 0.0025974203312653732 0.0001322485773328177 0.0012781619917321516 0.0005160797679822904 0.00028337665192416494 4.647542931362704e-05 3.3230840281718508e-06 2.05472239987856e-05 0.0 1.0863632834719617e-06 9.864942365244062e-06 1.0017121317770356e-05 0.0 2.116054699636416e-07 3.2547698714098466e-05 1.0866488739490518e-06 1.559077910835596e-05 3.2170369249223624e-05 1.7097627061579788e-06 6.018986244941264e-06 9.820291315344584e-08 1.9248818236021233e-06 8.636062099924546e-08 2.5648907922596343e-05 1.0367912927503538e-06 4.6216144326279336e-08 6.851930034355914e-07 2.4014093061638484e-05 5.3309399308738965e-06 8.2849479413723e-06 3.8233850038239726e-05 0.00028638883367104024 1.1167015669084207e-07 2.832380053580979e-06 5.2408559680340806e-05 0.000301983402324608 2.8346028147384143e-06 7.321027633995844e-06 9.185089395394563e-08 3.758380374867993e-07 3.7183783153477435e-07 5.1569988573617325e-06 1.4202877036308516e-05 4.231352268110402e-05 2.932134587557164e-06 1.0286444845663721e-05 3.9308432196246604e-06 8.189822245257991e-06 1.622906246398699e-07 6.982655506945787e-07 1.3189672532077682e-06
9.334486307010421e-05 0.0 9.465270759904093e-05 3.14432370988025e-06 1.0172028649793e-06 0.002963509201810397 0.0016215460293376128 0.0 6.229883656026744e-07 0.0007974754673430682 5.5356078468091545e-05 0.00010725442871148791 2.8754907383994575e-07 0.004262000838854372 1.291110871679062e-05 4.0842048644203443e-07 0.0001697677186017642 1.8620068971225867e-05 5.141228235542292e-05 1.7232486094068657e-05 2.583976234182183e-05 1.369668627906003e-07 0.00013632248613139968 2.093918407548246e-06 1.4684620930330032e-07 9.647632980315435e-05 5.0914207134499705e-05 2.5646125880238695e-05 0.00025720989659773464 0.00047794473332730134 3.2291462668758817e-06 0.00026144138425928466 2.5953703962190058e-05 0.0001485957833255827 7.289713038881541e-06 0.00021654967409925248 1.876385835841649e-05 0.0002563474794007383 5.4809399874349267e-05 0.00021479509195570669 2.4249386100798646e-05 5.985610977139452e-07 2.560836640876908e-06 0.0 2.935519262544644e-07 2.840186697402543e-06 2.9551096078801854e-07 0.0 0.0 1.2445583268438307e-07 0.0 9.314850260686061e-08 0.0 1.5462021473006056e-07 5.132248975529111e-07 1.1808490557542226e-07 0.0 0.0 2.0293379832937087e-07 1.6791328914125634e-07 0.0 1.0207392229358247e-07 1.34858902239209e-07 4.1219061721791916e-08 5.099680553739011e-07 1.8398703394698268e-06 3.5083068427037827e-06 0.0 1.5667251453504476e-06 1.1032904551870475e-05 4.748294068467058e-06 0.0 5.084544891611327e-08 2.1821033632208816e-07 0.0 0.0 0.0 6.622254543779809e-07 1.0417019076686185e-06 4.5743526548585506e-07 2.0752428490148515e-07 0.0 0.0 0.0 0.0 0.0
0.0 0.00014495432221587254 1.8999574470191431e-07 0.0005119256869232066 1.478352128701408e-05 1.3228435385446833e-05 3.7506628229015626e-05 6.229883656026744e-07 0.0 8.96498529843409e-05 1.1548947853145382e-05 0.00020787637714455787 4.131752823131958e-05 3.764798499389681e-07 0.00013896268624749385 9.831432016240021e-05 4.1655366616957575e-07 2.1133416715101004e-07 7.036577818332506e-07 0.00040180946761049057 9.437406598490633e-05 0.001980658350798296 6.3100636157307885e-06 0.005659776929638869 8.082215603815255e-05 3.037782169863631e-06 0.00021964503894337492 0.0008059072878873906 3.760945186113527e-06 6.0185407838565674e-06 6.5104442058888015e-06 3.334071868062398e-06 9.199811623382548e-07 3.415231084533894e-06 1.4514890857377815e-06 6.462182746033932e-05 5.506782352790946e-06 1.0566152788465692e-05 3.776836379503608e-06 0.00014873938069582523 1.9370351989869656e-06 1.3562343049710144e-06 6.459492538372237e-08 5.958421830264568e-07 7.928564851077961e-07 5.806490192904578e-07 6.420860472669887e-05 5.091714846134144e-07 2.190763359420053e-06 1.9146673360223553e-05 6.291369095017244e-07 5.8135341992591965e-05 4.392606441546629e-05 3.0649583062443695e-06 5.694946627308746e-05 8.356857438203651e-07 1.2287653706442727e-06 8.819127654407511e-06 0.0001246729940839859 3.745622094720306e-07 0.0 2.467312896226075e-07 6.706185945603878e-05 3.37823386195306e-05 2.6203112975044128e-05 5.6571386638894724e-06 0.0009419004301001195 1.2030370859031049e-07 1.1454689996065677e-06 6.98619416959774e-06 0.00037198185299792063 1.5248132462326806e-05 2.6407515077828252e-05 4.957943521347678e-07 1.6015628129556114e-07 2.7506368482717424e-06 8.088555946856049e-06 6.451432472122381e-07 7.727906690927681e-05 5.419657625759803e-06 1.4037829474933605e-05 2.8260488924178435e-06 4.0769304095072185e-05 3.9102892547173615e-07 8.842240080889259e-08 3.8121485213059727e-07
8.259242902577994e-06 8.680816607855219e-07 1.6003366046355034e-05 0.0013967585660110934 4.345467812301295e-06 0.00484616693157861 0.0031155239346674995 0.0007974754673430682 8.96498529843409e-05 0.0 0.00010668443186785144 0.0032379215336761527 1.4090849257458718e-06 0.0005415977228933709 3.285949007236084e-05 1.7909683711066377e-06 8.271507757202462e-06 2.7449077962071495e-05 2.2963315556421322e-05 0.0035387065557817236 8.147402354001188e-06 1.5802768775027928e-06 1.2147046984247851e-05 0.00011508764185434131 7.229217757831707e-07 4.532628144484203e-05 1.8834354762178143e-05 0.0036468776116254133 0.0005012095276597657 1.5285671974677467e-05 6.4799131022979615e-06 0.00014311120723065743 2.6263549238524286e-05 0.00030554510091754906 8.192848911679177e-05 0.0014170852801012788 2.6776552396879506e-05 0.0010960224474187916 0.00011404196985733728 0.0006518500881522839 7.806303462188793e-05 2.6642807860107137e-06 2.1733774353657405e-05 0.0 2.9937214331466586e-07 6.984684145452204e-07 4.4946625026315175e-05 7.832870314885366e-08 4.988100044997003e-07 1.218350981670094e-05 6.383697581924214e-07 2.6257702725504275e-05 6.56933589975647e-05 2.5659572978494826e-07 3.360807741043619e-05 1.6119748986815767e-07 9.331829751520082e-08 4.78456438829969e-06 2.4250471156473187e-06 4.45240058250806e-08 0.0 0.0 6.121292567367478e-05 1.2516842859248127e-07 6.589635143718693e-07 2.610040799313169e-06 0.00019621579641506973 4.960309868286758e-08 8.567820429994623e-07 3.7408712961389516e-06 0.00018822652940667805 1.9139677809999938e-06 1.218875191701239e-06 6.66329925185504e-08 2.4639391766825e-07 0.0 1.4315549717421946e-06 6.855963171764482e-06 8.677470381844745e-06 1.2704646954371918e-07 2.708255778650704e-06 5.151214484285274e-07 3.3313583941927904e-05 5.624020110938001e-07 9.78982056438247e-07 0.0
1.0381389089524823e-05 0.00016672471323768952 1.103319144122615e-05 1.758581376243419e-06 7.984415400188948e-07 6.152658310800958e-05 4.4897283501518696e-05 5.5356078468091545e-05 1.1548947853145382e-05 0.00010668443186785144 0.0 5.0463605819203744e-05 0.0005900273363299225 7.857673053116781e-05 1.2610411322950042e-07 4.567949527138377e-06 0.00031732614107271806 0.0019023104505495488 0.0009241601778682706 9.530421673704179e-06 1.3574919729264727e-05 4.875292969386508e-05 3.841412298205208e-05 2.225525651183241e-05 0.0005919561422864371 0.0007911595058814775 0.00046723312557322104 1.4611219282501395e-05 0.00014564414026545756 2.555556368730791e-05 0.0003058011861771951 0.00011255046121339878 4.020689444628285e-06 0.006086998444614278 8.454176929397491e-06 0.0003096874496260486 0.0024756704084257183 0.0031559431332972105 0.00038626471928309976 6.48940898041504e-05 6.171730577246451e-05 0.0007769518045893956 7.287113150678064e-06 0.0 1.4250612615318506e-05 2.2105758202300864e-06 0.0 0.0 0.0 2.0660087991328143e-07 0.0 6.648576734423362e-07 1.035889755233405e-07 0.0006250252123379558 0.0 0.0008960325780951448 0.0 0.0 1.624664616853703e-07 1.104649511289468e-06 3.3513939553094927e-06 1.4097763343754011e-06 1.5078845053709563e-07 6.116997430590278e-08 1.2929591089746963e-06 3.537147667469172e-07 3.5412201873106707e-06 7.8671017868088e-05 6.465020140880455e-05 9.934799414654145e-05 2.648896166123753e-06 1.3218446419370254e-07 1.469430390738503e-07 5.1520302516753064e-05 0.0 0.0 1.1999736825643761e-06 8.698264273867995e-08 4.868676172882512e-06 0.00016510830036755555 5.576706175414544e-06 1.033030290305041e-06 0.0 0.0 0.0001579325001602486 0.0
1.755092903128401e-07 0.0 1.0756092091646828e-07 0.0015631966273816585 4.1666249522654075e-05 0.0014292254123986353 2.1346340018595838e-05 0.00010725442871148791 0.00020787637714455787 0.0032379215336761527 5.0463605819203744e-05 0.0 2.431359430407779e-07 0.00010797603133315304 0.0005959787843254769 0.0 1.7073847416725429e-06 1.2750800206201037e-05 1.0799270054034464e-05 0.004925504718779978 2.2839851564069084e-07 1.1397544548218379e-07 8.60331190749317e-07 0.00023671087778226604 1.745907407426418e-07 1.581690719869853e-05 4.879456166872795e-06 0.0005055727152260083 0.00014877019197005997 7.439596869326327e-07 2.7740680246240353e-06 0.00012955564737718506 1.0172968328753032e-06 0.0001481615885400879 2.6282786183960784e-05 0.00027592828571404703 4.057144581497095e-06 0.00041016786704551407 1.6071817693214435e-05 0.0022006234197059094 4.215891551666662e-05 5.451474872415136e-07 5.342900171334342e-06 0.0 0.0 2.125191785880193e-07 2.6741210453230564e-05 0.0 1.20602895685034e-06 6.733287678311653e-07 5.613081020602002e-07 1.870372212141777e-05 3.18475994869352e-05 2.3425199339964304e-07 6.882362265427314e-05 0.0 9.285349580272086e-07 6.507701484457291e-06 0.0 5.767254290848427e-08 4.181717541191231e-08 4.332371176090684e-08 3.793141857274245e-05 6.041191041116254e-08 3.146804368989132e-07 6.183022432152576e-08 5.4572645271154453e-05 0.0 8.036129002909691e-07 9.005378218380166e-07 5.2332931143164025e-05 2.494287080503815e-06 7.97510294724568e-08 0.0 3.295669567469628e-07 0.0 4.962382791678712e-07 1.3472750095176871e-06 8.207233260462728e-06 4.9396895375579423e-08 1.7942323806351776e-06 2.6570850275823693e-07 5.1991951414235966e-05 0.0 0.0 0.0
0.0 0.0005229350102257862 2.6543027500517146e-07 1.0714675231339078e-07 0.0 7.058947438220351e-07 1.12195476014953e-06 2.8754907383994575e-07 4.131752823131958e-05 1.4090849257458718e-06 0.0005900273363299225 2.431359430407779e-07 0.0 7.185538171428159e-07 0.0 1.6215172683305646e-05 3.7759922639979584e-07 9.17365651411268e-06 3.6020536254308886e-06 1.0200525177663602e-07 1.762592942860524e-06 0.00018067814597433934 1.3933589287274058e-06 7.438742035720601e-05 0.0023406373228160612 4.034756541050611e-05 0.0011684602872007919 5.492939972132916e-06 4.276504164869469e-07 2.0449173626078154e-07 0.00032381331415376447 1.0945432770993326e-06 0.0 0.0007542949665305972 6.838517104928126e-07 3.932775555148059e-05 0.0020153433483301054 0.0004314622893493126 2.56137393882839e-05 2.198582279272386e-06 2.843453725828835e-05 0.0012033642069991112 2.368194914062879e-06 0.0 2.9623647970590813e-05 5.304899390655118e-07 0.0 0.0 0.0 0.0 3.906915716076097e-08 1.1955444740198381e-06 5.7173531121929704e-08 0.0007757447213845341 0.0 0.0009760688995377895 0.0 0.0 3.972381295334373e-07 1.5285292579116453e-07 9.480809446690738e-06 2.667665772150167e-06 0.0 0.0 1.5406096247421422e-06 3.5605748422623636e-07 1.243921974023383e-06 0.00016154836126304576 0.0001748722960923978 0.0001999054571978126 2.2478095063712427e-07 0.0 0.0 0.0001406487263400598 1.236482630634374e-07 0.0 7.607212266633396e-07 5.812424005761438e-07 4.394079537379976e-06 0.0001619966997509406 9.741558859947676e-06 1.4522948463356256e-06 0.0 0.0 0.0001771089493388277 0.0
0.0021596845185444993 3.4216934975591615e-07 0.00017343536945449152 7.004713283813286e-06 5.383203389784496e-07 0.0007946653112920601 0.003754461906028487 0.004262000838854372 3.764798499389681e-07 0.0005415977228933709 7.857673053116781e-05 0.00010797603133315304 7.185538171428159e-07 0.0 2.3241750467958235e-06 5.44861426418417e-07 0.00048324374588904764 3.382948695707931e-05 0.00010750012544069784 2.912035598834269e-05 6.058695632382587e-05 5.62314895777307e-07 0.0003289055979087198 5.730551328668798e-06 1.0389486323963335e-07 0.00014852124260464973 0.00013255289019681307 4.318363090725549e-05 0.003022167286468562 0.002584317801358801 3.831281773538276e-06 0.00017096611248797102 2.8375142239561253e-05 0.00028504954347241134 1.0101104462720402e-05 0.00019473388693071883 4.120333313425237e-05 0.0004116564853390728 7.370859661296009e-05 0.00010554761557769901 1.2825414930651089e-05 9.528343352187289e-07 1.6216868599047086e-06 0.0 7.848973912913926e-07 5.356338021864376e-06 1.2707143406252474e-07 0.0 0.0 2.3465427310289514e-07 6.616140914026624e-08 3.4413359065795746e-07 1.9747352621379187e-07 5.665834666884462e-08 3.8956812484480275e-07 5.038985368400326e-08 1.1587315775063128e-07 0.0 6.891352627596178e-07 5.253522736577332e-07 0.0 5.462676307281365e-07 1.2164975202775455e-07 0.0 1.605011104049491e-06 3.8727494818673715e-06 3.7564612546201575e-06 1.5087015687451404e-07 4.364527676084402e-06 2.468956087627402e-05 3.956895999693748e-06 0.0 2.537223172884687e-07 2.0394189454311107e-07 0.0 0.0 1.3060018688592886e-07 5.320746360666454e-07 2.0925020980354793e-06 2.883297867039213e-07 7.538585564226477e-07 4.779288452020144e-07 0.0 0.0 7.414263816334403e-08 0.0
0.0 0.0 6.14446563736886e-08 3.5514797217365025e-05 0.00080544550904166 0.0005981565529256312 5.015371484332791e-06 1.291110871679062e-05 0.00013896268624749385 3.285949007236084e-05 1.2610411322950042e-07 0.0005959787843254769 0.0 2.3241750467958235e-06 0.0 6.242208602780614e-08 0.0 0.0 2.568698040209718e-07 7.770655327631282e-05 0.0 4.3193023590373326e-07 0.0 0.00010022550130250581 0.0 1.2746102165969422e-07 0.0 7.253866262009703e-06 4.2216422830641073e-07 0.0 0.0 0.0002948364010993621 4.272235630138792e-08 4.949334525127797e-07 4.3834673954072226e-07 2.6345151633093318e-06 0.0 9.93030821305873e-07 3.1365857040132163e-07 0.00068599398679779 4.318850994024844e-05 0.0 0.0 0.0 0.0 0.0 2.1774516050363075e-07 0.0 0.0 3.0540881722509676e-07 0.0 3.068516795789522e-07 3.4707390444678984e-07 5.3624933315098295e-08 2.777975818439925e-07 0.0 0.0 0.0 0.0 0.0 0.0 0.0 2.231577178258752e-07 0.0 0.0 0.0 1.1596801894224171e-06 0.0 0.0 4.778799002729707e-08 1.1447190509894625e-06 0.0 0.0 0.0 0.0 0.0 0.0 0.0 0.0 0.0 0.0 0.0 0.0 0.0 0.0 0.0
9.00028068072283e-08 0.0002018852295509099 5.124221160543115e-06 3.1236634901920396e-07 0.0 9.153613913001675e-07 2.5704206343384463e-05 4.0842048644203443e-07 9.831432016240021e-05 1.7909683711066377e-06 4.567949527138377e-06 0.0 1.6215172683305646e-05 5.44861426418417e-07 6.242208602780614e-08 0.0 4.8058175768163196e-06 2.377855944049601e-07 9.318511614902831e-07 0.0 0.0022043773055990612 0.0015545554099168446 0.0018957931430909141 0.001929734023243247 4.7475581499095216e-05 1.6431816199392892e-05 0.002443243312679666 0.001952226887319903 2.0413221933102493e-06 4.482712252320254e-05 3.7145906877004172e-06 2.672209618488669e-07 5.108854833497763e-07 8.302989307058833e-06 5.009404461429828e-06 0.0006508096899460582 0.0002599878378529792 0.0001231577372269694 0.00017561239263220467 1.8964530298981146e-05 5.419752603090696e-07 8.026972089772715e-07 4.6099146263693276e-06 7.93557868690709e-08 8.455464950227968e-06 2.3496910144552287e-05 4.43963709237384e-07 0.0 1.541747898258292e-07 7.963969864508328e-06 4.771153202770175e-07 1.1852167401466754e-05 6.454156462928696e-07 6.027418694978592e-07 1.12142836337126e-07 3.612221366406487e-07 6.660248660017921e-07 0.0 0.001650909779185038 6.953380943565402e-06 0.0 1.2838440530142536e-06 6.545422727650724e-07 0.0003953814512636483 0.0009463221565070179 0.001088363456960077 0.0002231103520111872 3.617504654555919e-07 2.806503808840311e-06 0.00033819728005395695 0.0001848886710397987 1.596937961457045e-05 7.513804247723025e-05 7.275963276588285e-08 0.0 5.437194404250575e-06 1.4054726611799937e-05 8.744857617601244e-07 0.00010261659640484212 3.877105566441891e-05 2.8160972631308672e-05 2.078104489474398e-05 1.8913822940034488e-06 1.430250423676661e-07 1.862792188985838e-07 4.7306336902818705e-07
8.497619199829035e-05 5.152389480246782e-05 0.002366073724983021 0.0 5.064824730777994e-08 1.1890960208640426e-05 0.00021996459019668388 0.0001697677186017642 4.1655366616957575e-07 8.271507757202462e-06 0.00031732614107271806 1.7073847416725429e-06 3.7759922639979584e-07 0.00048324374588904764 0.0 4.8058175768163196e-06 0.0 0.00021773115286147625 0.0026008682368419576 3.5753530414251205e-07 0.0005531139235896255 3.0468355815528554e-06 0.004251510641037684 7.5918945878373e-06 2.1363746601693975e-07 0.0014488841682872677 0.002365197107989436 5.328249902305496e-05 0.0005360815002693002 0.0009526408246398272 3.6215180699946337e-06 1.564635605176791e-05 4.84525105133054e-05 0.0010624164303952176 4.111392234834546e-06 0.0002561792236960863 0.002229915677249793 0.0006850021303363932 0.00011923921560016979 5.540953373674798e-06 1.4532158489411502e-06 2.6616471743603745e-05 1.4575644401801766e-06 5.752438029839604e-08 5.302513258068575e-05 0.0003058826946653749 5.4426952853167484e-08 0.0 0.0 2.28711978822125e-06 2.914114141413783e-07 4.6057493723855816e-07 4.775886366994333e-07 1.971965184659063e-06 0.0 2.8849653159931177e-06 9.57882475691243e-07 0.0 7.386890503671656e-06 6.241693145526843e-05 1.7024911026270656e-06 2.52366781581185e-05 0.0 8.308369215132137e-07 6.914791640636548e-06 1.5665767204320096e-05 5.5962781266031855e-06 4.699443921379645e-06 0.00019088193318246024 0.0007035997537992124 1.5954645743709778e-06 1.4087943966357139e-07 6.200401355287482e-07 3.2506554972862547e-06 4.035713457468168e-08 5.7469548808178824e-08 3.6223531620930508e-06 1.304289881756616e-07 2.221350639328884e-05 2.3553145339009328e-05 2.051149539815691e-05 6.760080674453559e-06 3.548538905039248e-07 3.3912006403347416e-07 7.294350476839242e-07 7.015809835138119e-08
4.1398146723549835e-06 5.141773663062693e-07 8.378327090806604e-06 6.121101127135915e-07 0.0 1.5805967145962243e-05 2.06683194154823e-05 1.8620068971225867e-05 2.1133416715101004e-07 2.7449077962071495e-05 0.0019023104505495488 1.2750800206201037e-05 9.17365651411268e-06 3.382948695707931e-05 0.0 2.377855944049601e-07 0.00021773115286147625 0.0 0.001305763969665469 3.4312911466124873e-06 6.710724952443777e-06 2.3583502609952265e-07 2.316616520261404e-05 1.1571701192159456e-06 2.2481847556513067e-06 0.0032626682641073153 0.00014120895631138585 4.315973163170341e-06 4.1845522894369544e-05 1.5016743863053704e-05 0.0001649000582912316 2.1407451664569864e-05 1.806419624550532e-06 0.0007825548960324714 5.1368685692829375e-06 0.00030387015866071437 0.0004787089309355693 0.0012097239884779505 0.00025127814999620807 1.7317437464363278e-05 2.8069347217612186e-06 5.558981569673146e-06 5.372845846105051e-06 0.0 1.500709438548851e-06 1.5642089968263535e-06 0.0 0.0 0.0 4.909575815395208e-08 0.0 0.0 7.211070723487751e-08 2.048412186841139e-05 0.0 2.428594679416545e-05 0.0 0.0 6.952450610018719e-08 2.1704329210252656e-07 4.380151260687026e-06 2.219343590789574e-06 0.0 0.0 0.0 1.6258269503771075e-07 8.96428039738666e-07 4.3447940344109165e-06 6.245584170060384e-05 4.1243621120728e-05 5.967103513032684e-07 0.0 0.0 2.515126237903122e-05 1.7660669799711895e-07 0.0 1.7783190592745147e-07 2.2316352117198597e-07 2.1592422389923534e-06 8.832490115708802e-06 1.27698988518214e-06 2.2025428640004346e-07 0.0 0.0 5.955584377529306e-07 0.0
1.561661095966971e-05 7.120412489520489e-06 0.0001440884746732915 4.433426390441011e-07 1.0885733561413603e-07 1.26147719369566e-05 6.262326237828228e-05 5.141228235542292e-05 7.036577818332506e-07 2.2963315556421322e-05 0.0009241601778682706 1.0799270054034464e-05 3.6020536254308886e-06 0.00010750012544069784 2.568698040209718e-07 9.318511614902831e-07 0.0026008682368419576 0.001305763969665469 0.0 2.094714645448482e-06 4.224229974833833e-05 1.9307295124871497e-06 0.0001998973454405366 3.7004414894882224e-06 1.728424725962479e-06 0.005999819929993316 0.0005995755545071822 1.276196240697423e-05 0.00012964670143083407 7.122689996782253e-05 1.5835992327298274e-05 1.3197062282907372e-05 1.2273616483142493e-05 0.001968459112484507 1.5043827836943494e-05 0.0007993082540799241 0.0010854062696927821 0.001737964423460027 0.00029650552321511557 1.843838908864042e-05 1.9610547926655532e-06 5.48363963964443e-06 6.5831742394186945e-06 0.0 2.0504236360100463e-05 1.3308345746438009e-05 0.0 0.0 5.056362120707514e-08 2.616324842660594e-07 0.0 5.751738770049816e-07 0.0 1.8099483328719675e-05 4.66752237368835e-08 3.071795915002617e-05 1.611979819224414e-07 0.0 4.856068566268978e-07 4.520403461388537e-06 8.460300259132548e-06 2.1323053506202953e-05 0.0 2.4766709365515133e-07 1.6385379535150498e-06 9.783402982567713e-07 1.8278212397946217e-06 1.622372798771987e-05 0.00034783974875451674 0.0002989838133141763 7.716880529415358e-07 3.0801107524883917e-07 6.743789925749017e-08 4.576143385480605e-05 1.3355106536967612e-07 0.0 1.7499502411988147e-06 7.283957856201851e-07 1.4227825498225076e-05 2.1221673033116962e-05 1.5207138786793273e-05 5.924236604931317e-06 5.947146804338555e-08 0.0 1.908978791964864e-07 7.121814247251425e-08
4.6154942180306587e-07 0.0 0.0 0.001364993603231304 2.0264804467839705e-06 0.00020831866814058413 5.652701712726054e-06 1.7232486094068657e-05 0.00040180946761049057 0.0035387065557817236 9.530421673704179e-06 0.004925504718779978 1.0200525177663602e-07 2.912035598834269e-05 7.770655327631282e-05 0.0 3.5753530414251205e-07 3.4312911466124873e-06 2.094714645448482e-06 0.0 4.631050658931834e-07 0.0 3.2498849294238343e-07 0.00015857321148899964 0.0 3.831438728000639e-06 4.859370720858646e-07 0.0017491840060046122 6.501640953511997e-05 9.098981560047479e-07 3.94735635515716e-07 2.0961264280618384e-05 2.97241124231209e-06 4.414524740200346e-05 1.4527323958386853e-05 0.000409424440825022 2.6271570522936884e-06 0.00018231365590900756 1.8934615421019723e-05 0.0005375655470999739 1.8345794067505704e-05 7.731741183851094e-07 7.98573481118829e-06 0.0 0.0 0.0 0.00011146542698482834 3.890272052290706e-07 2.2577977235122585e-06 1.3884030028457043e-05 4.987154975148133e-07 6.6351090313941e-05 0.00010360018375289754 2.6104185993158063e-06 0.00010068175734904663 0.0 1.966051444722542e-07 1.452492014657934e-05 0.0 0.0 0.0 0.0 0.00011724639461148084 7.676465795545114e-08 0.0 8.986632180306721e-07 0.0002801664650985817 0.0 0.0 3.405311997401692e-07 0.00027003378958277794 2.329350850028636e-06 0.0 0.0 0.0 0.0 4.205753271355887e-06 2.1805492676545394e-06 1.5231287551957426e-05 8.05697354396175e-08 1.5545237621105288e-06 1.3307132691524872e-07 8.667240361992626e-05 0.0 4.671357748691426e-06 0.0
9.999677353018842e-06 1.0714456719438605e-05 0.000767173842471744 0.0 0.0 4.426567255031459e-06 0.0006351670339453203 2.583976234182183e-05 9.437406598490633e-05 8.147402354001188e-06 1.3574919729264727e-05 2.2839851564069084e-07 1.762592942860524e-06 6.058695632382587e-05 0.0 0.0022043773055990612 0.0005531139235896255 6.710724952443777e-06 4.224229974833833e-05 4.631050658931834e-07 0.0 0.00020805010724979587 0.012403854762633828 8.596435845778061e-05 4.334339425787919e-06 0.00017757151995055376 0.0008724849246825372 0.0018919243253362379 7.454939298091092e-05 0.006570664349930485 1.3991293325274747e-06 2.304912083989071e-06 3.0107890932340295e-05 0.0012193105581041635 4.42678965307536e-05 0.004506495501595252 0.0010271446604890556 0.004011439440758048 0.0023290741276252003 4.730688082541279e-05 4.9603581040787415e-06 1.505887980642639e-06 2.8839290409883247e-05 9.898904512702529e-07 9.086106091383255e-07 1.2741563692429533e-05 0.0 0.0 8.376462581348167e-08 1.841814333423507e-05 5.298145583806654e-07 2.2269225889530235e-05 1.5786805303928839e-06 3.0246263496532194e-07 1.323774471601623e-07 5.3351611632685104e-08 1.1168910512242015e-06 0.0 0.000633750047807261 5.845372709533871e-06 2.2661929800346116e-07 1.2922815140455729e-06 0.0 0.00034519170206222504 0.00024018176723976877 0.00014331549324119307 0.00037979270545384226 2.2455444285454086e-07 3.005718867122074e-06 7.385970602399395e-05 0.0003951566754289285 3.970121194131092e-05 0.00014529905081593695 0.0 1.8964271746163333e-07 1.2478881334370221e-05 2.1512560391355963e-05 4.309147216098616e-06 0.00012285280895502304 3.539144293502783e-05 2.3104742080851356e-05 7.698445371961968e-06 3.096966325239934e-06 0.0 0.0 2.3678009594839413e-07
5.06203123730411e-08 0.0008683598548328686 1.284004678346295e-05 6.270965847060648e-07 0.0 9.325430513199578e-07 1.2208584237278032e-05 1.369668627906003e-07 0.001980658350798296 1.5802768775027928e-06 4.875292969386508e-05 1.1397544548218379e-07 0.00018067814597433934 5.62314895777307e-07 4.3193023590373326e-07 0.0015545554099168446 3.0468355815528554e-06 2.3583502609952265e-07 1.9307295124871497e-06 0.0 0.00020805010724979587 0.0 0.0001831702030467392 0.003193806390987377 0.0003433192067689932 5.867623118417354e-06 0.001118733198458036 0.00014862735425203447 5.699328946698092e-07 1.1615885810778445e-05 2.1674460697553327e-05 0.0 1.7980990264115924e-07 1.2444325233974766e-05 1.610679080961533e-06 7.807277906231182e-05 4.3747275992191774e-05 2.362664658803191e-05 1.367739181754303e-05 3.39166112173825e-05 0.0 1.0661270731106985e-05 4.6702927116665317e-07 7.468789219842821e-08 1.4535139448331384e-05 2.1236149367830802e-05 2.8916171554454267e-06 0.0 0.0 2.387569692587557e-06 2.2677244266317185e-07 6.4165727561436555e-06 1.2606885934909607e-06 2.265399502703629e-06 6.377659496975765e-07 2.2250692719205187e-06 3.5788470610049686e-07 1.342301075172811e-07 0.0005833974291082777 7.750583979334168e-06 0.0 1.4315666507953401e-06 1.2797671046842016e-06 8.824133031382925e-05 0.00047381374726657085 0.0003193196056901184 5.916687139793615e-05 6.608336390380136e-07 3.583942746222646e-06 0.0008662777252318975 3.145987775237345e-05 2.7096980982976293e-06 1.7362623503900763e-05 1.0719552936509073e-06 0.0 7.577407670338311e-07 4.882474579806979e-06 1.9562660045990595e-07 6.241910083215411e-05 2.3150287258509152e-05 1.8802220357592596e-05 1.9988092589300524e-05 6.579243210510084e-07 0.0 6.10379735082066e-08 4.1199722541223836e-07
5.1519020639365026e-05 7.073206635891279e-06 0.007278652703175306 0.0 0.0 9.470432134006839e-06 0.0006480008677366267 0.00013632248613139968 6.3100636157307885e-06 1.2147046984247851e-05 3.841412298205208e-05 8.60331190749317e-07 1.3933589287274058e-06 0.0003289055979087198 0.0 0.0018957931430909141 0.004251510641037684 2.316616520261404e-05 0.0001998973454405366 3.2498849294238343e-07 0.012403854762633828 0.0001831702030467392 0.0 0.0004112825601770861 3.333359847423646e-06 0.0010468732632336142 0.00686885734712415 0.001998545433544364 0.00012786401970792984 0.002348393358134555 8.733160702161557e-06 7.526485352412551e-06 1.4457554286239808e-05 0.0007459335143727071 8.153618687422932e-05 0.005066929227545817 0.002615303875772101 0.003866017337082821 0.0033204993457807974 7.07720592177415e-05 9.171677934893535e-06 4.318503114540702e-06 4.98492293587301e-05 2.375939573516881e-07 9.454268664549698e-06 0.0002820956378309122 1.7878485949900086e-07 0.0 1.1765193036817788e-07 1.3894426770049058e-05 6.042285970438879e-07 1.503929116157257e-06 7.56537133513011e-07 8.664138898255048e-07 0.0 2.413423364337961e-07 3.007122144432415e-06 0.0 0.0014973441543027158 2.269600334382915e-05 4.5948071343493863e-07 3.98980037154605e-06 1.0946551470879515e-07 0.00026681759322586695 0.0006721808098979781 0.002419847342326554 0.00010040648769970324 9.027811769144431e-07 1.783088842467909e-05 0.0017754693060106934 6.478023597205525e-05 3.986425508699875e-06 2.567976415467319e-05 5.075425352891637e-07 1.8735824690814775e-07 8.774338254039253e-07 9.30953865047095e-06 6.140819667084548e-06 0.00014215753542628395 5.091330098035576e-05 5.293694668070303e-05 4.351442219636561e-05 1.4410465939515204e-06 7.76486841287736e-08 3.41429687244168e-07 9.05858665307043e-07
7.176625476409936e-07 0.0003321605273786602 1.3236300974477146e-05 0.0007122892103484362 6.295810970341539e-07 2.451269527812666e-05 0.00046093510480879965 2.093918407548246e-06 0.005659776929638869 0.00011508764185434131 2.225525651183241e-05 0.00023671087778226604 7.438742035720601e-05 5.730551328668798e-06 0.00010022550130250581 0.001929734023243247 7.5918945878373e-06 1.1571701192159456e-06 3.7004414894882224e-06 0.00015857321148899964 8.596435845778061e-05 0.003193806390987377 0.0004112825601770861 0.0 0.00015965624225162018 3.290971704884084e-05 0.001526609473086612 0.0037088478990215117 5.4426653380247086e-05 3.5535391881674075e-05 1.3539679586581816e-05 3.878704814863051e-06 2.0652392627753668e-05 3.8065885532036414e-05 2.462152947995337e-05 0.001169474514432615 5.697635178628887e-05 0.0001888589141530418 0.00013029372879550617 0.0009780064070510001 8.412945229840308e-06 3.1544751226133304e-06 4.670864051814745e-06 3.4016196003484944e-07 5.141560230899091e-06 2.0030780686322408e-05 0.00021611786302008242 3.53782804105778e-07 5.487305878223573e-06 0.00014334002926031454 6.0346271816934795e-06 0.0005460679679004563 0.00028345483650244325 6.873881404484567e-06 0.00011907337931919464 1.419575067200636e-06 9.244068139815698e-06 8.06963739310352e-06 0.00023140417885502622 3.9220928410132746e-06 4.5843987390305484e-07 1.6718083992822442e-06 0.00025412241318968485 8.749609528731808e-05 0.00013374738831016254 0.00010501699161172993 0.0030652622047443873 4.378887274537482e-07 7.381636058586557e-06 0.0001460927213397323 0.002152268155888708 4.732219409742861e-05 7.577327567880775e-05 6.08816645052861e-07 2.5827408063567392e-06 6.854993260410377e-06 2.8378511711518585e-05 2.6579044716309555e-06 0.0002515192565373347 1.5107640171697263e-05 5.9681514102872964e-05 1.7805321222591003e-05 0.00010098320825527982 1.528605757880577e-06 4.223558454604286e-06 7.768331787605866e-07
