0.0 0.0 0.00015054894707668283 4.447778342346867e-07 0.0 7.838718012637368e-06 0.0015254355574421511 0.00016223582857309986 7.352804291762264e-08 1.264685060827327e-05 3.7953921278177625e-06 9.554864555067155e-07 4.3983734145279226e-08 0.0017918876390177392 0.0 5.721763049872393e-08 7.560045717456313e-05 2.9236660641004075e-06 9.340989155882142e-06 2.6310447119022976e-06 0.00011225412794986084 2.7375303231331586e-07 0.00021153081178037017 3.4571753447474757e-06 0.0 9.33064442124221e-05 5.6183570064971604e-06 3.5082751445562696e-05 0.0022438563381692723 0.0012469190187970002 1.0855941050522374e-07 4.230880324746682e-06 1.4655139607518769e-05 2.0471229505164464e-05 0.0 9.442103528528232e-06 1.9365416830844067e-05 1.7399486926870143e-05 4.125573215817621e-06 9.06454605042036e-07 9.046986672900363e-07 6.582266019412717e-08 0.0 0.0 0.0 1.751551602523078e-07 2.0467485897326226e-07 0.0 0.0 7.175860379024604e-08 0.0 1.5797900209606362e-07 0.0 0.0 0.0 0.0 0.0 0.0 3.557679998477153e-07 1.3696095567561767e-07 0.0 0.0 0.0 1.2557537364427874e-07 0.0 1.7735570468663998e-07 1.0652552577030249e-06 0.0 2.0226287820714625e-07 2.4718757832637313e-06 1.2692417782124907e-06 0.0 0.0 0.0 0.0 1.4604020720040674e-07 0.0 0.0 2.457670618737047e-07 1.220370066842144e-07 0.0 0.0 0.0 0.0 0.0 0.0
0.0 0.0 3.6294781557049667e-06 1.927048431456697e-07 2.031635198070034e-07 8.315607542034485e-07 1.8218326405579555e-06 3.378969306942298e-06 0.0005114737140082843 3.5765240039028e-07 0.0002363722544740018 3.4875339622125716e-07 0.0005037035587040508 1.1840652758926632e-06 1.2586935323084525e-05 3.0198929608298936e-05 1.445584911701811e-06 6.660405429128762e-08 2.534753473929061e-06 0.0 1.392220326077178e-07 0.0011580613324477136 1.2478994910695415e-06 0.00030994104606441134 0.0009491557839624861 6.49424559297587e-05 0.002992266891732345 5.694443404263531e-06 3.648348844322186e-07 8.643862606908517e-07 4.861202727847595e-05 2.519144298181381e-07 2.8633413317281654e-07 3.8513818485703396e-05 1.0565299179706496e-07 4.9606806135639085e-06 1.5247510235221346e-05 1.2033627517734115e-05 2.419752772934151e-06 1.850345336000861e-05 0.0 3.7924258029478295e-05 0.0 0.0 0.0003168454000599577 4.673747889324244e-05 1.8140237446269133e-07 0.0 0.0 2.0290880717319907e-07 0.0 9.83199458494336e-07 1.3250680400502988e-07 4.659345977003508e-06 0.0 7.65586642131311e-06 1.8777741633976832e-07 0.0 7.45094358441577e-06 2.0494135854743968e-06 8.360980671562738e-07 1.2536967819317276e-06 0.0 6.629123780948724e-07 1.805746038201759e-05 1.030242089010754e-06 4.631547507913061e-06 9.166374881498765e-06 6.488328294459585e-05 0.0011435880565223014 1.4718707114609106e-06 4.8994394134233945e-08 3.738013075993494e-07 3.007514486455019e-06 0.0 0.0 8.253637986631797e-07 0.0 1.801568625979839e-06 1.2898649082048271e-05 3.897490203483703e-06 3.8744089232142993e-07 2.774646642610522e-07 0.0 1.7776756454194941e-06 0.0
0.00015054894707668283 3.6294781557049667e-06 0.0 7.140772145880833e-06 0.0 7.713569820512753e-05 0.00021286225298888187 0.0004094903236983453 2.1297341943108802e-07 4.312512448399363e-05 2.105871696101315e-05 1.7930740519151787e-06 9.806531110817955e-07 0.0006470540864928488 7.063039211447911e-08 2.318020792254382e-06 0.0035782025167754175 3.118844510206767e-05 9.305785921378283e-05 4.674016835123949e-06 9.549439274231574e-05 1.092002157392661e-06 0.005224849131638745 6.524927064276624e-06 3.6891525971283424e-07 0.005318699958963786 0.003668711992916774 8.957603851434594e-05 0.0002159580805668536 0.000253868024530031 5.231280052137432e-08 3.6953903204310647e-06 8.516604454592127e-06 0.0007264244397779962 1.737713189676681e-05 0.0012675634371988008 0.0031862340054687097 0.002051810819586949 0.0007882900372586058 1.5397343949426024e-05 1.547838707358066e-05 4.052276094352813e-06 4.088421545105913e-06 6.753727494959766e-08 4.004414203174692e-05 0.00033096902515112947 8.73638050206177e-08 0.0 0.0 1.7038870898689406e-06 8.40501784399198e-07 7.300714547543371e-08 0.0 0.0 0.0 0.0 7.032870587893582e-07 0.0 1.606722444727006e-05 1.343526818881087e-05 1.3987805165489523e-07 2.600596681778495e-06 0.0 1.4903779454496884e-06 4.730997917531586e-05 1.3488748742462112e-05 5.0198661174576365e-06 6.557244096184983e-07 3.900320573897533e-05 0.001324634103672695 2.8137192075232086e-06 2.2046141802755235e-07 9.210862093116407e-07 1.4676221921284908e-07 0.0 1.706257963340974e-07 2.0409821323368663e-06 9.203874699954166e-06 1.2130893323329134e-05 6.830920357201322e-05 1.0230667431220098e-05 9.741009822892476e-06 5.08528912096266e-07 0.0 0.0 0.0
4.447778342346867e-07 1.927048431456697e-07 7.140772145880833e-06 0.0 7.648693244432301e-07 7.725556415470081e-05 0.000155707040355135 2.0603942205143983e-05 0.0003545452795189683 0.0010648413015474803 2.6560570523491096e-06 0.0009069595354860795 2.660987710697224e-07 1.865553917153242e-05 5.36387564086738e-05 1.4601042748037509e-06 5.40628975304526e-07 6.273313367608772e-07 6.268451234732429e-07 0.001723230473545666 1.9279855024036832e-05 1.5610978061457308e-06 6.4907667351252955e-06 0.0010300566306553592 0.0 1.9104164186730236e-06 2.74443174289237e-06 0.003454725215010385 5.1420540775075394e-05 1.3550176057863845e-06 9.5524931063886e-08 2.374853621571406e-06 1.1283661462808821e-05 2.544451961641555e-05 2.189892208664161e-06 0.0001102847849541146 1.530026375978101e-06 4.9721570993969806e-05 1.930778411294231e-05 0.00013604732763405306 5.8597698348670405e-06 1.5963558170876177e-06 1.5080663769447378e-06 0.0 2.665546182462289e-07 7.617821111342087e-08 0.00021051635582699778 5.497716113927693e-08 7.663486309972348e-06 4.016178833124135e-05 3.5106346636911704e-06 9.169516303229372e-05 0.00014698728652122957 1.1015099497619818e-07 6.90186944249093e-05 0.0 1.997848102058071e-06 2.6319215663156556e-06 1.2292919913933889e-06 0.0 5.1693822377707664e-08 0.0 0.00010349489819945063 4.202363482623961e-07 1.3179973338152123e-06 1.33352030048497e-07 0.00024639162612754916 0.0 0.0 1.509698621326942e-06 0.00022697383907539342 1.9119662767040025e-07 6.232314364143326e-08 0.0 3.680097208685358e-07 0.0 1.6212277711919424e-06 3.260561541860105e-07 3.873071935536926e-06 8.727286646682431e-08 3.298466225819254e-06 5.115775546122e-07 3.177613078047602e-05 4.3172475644904334e-07 6.747423071667093e-07 1.1870183941805636e-07
0.0 2.031635198070034e-07 0.0 7.648693244432301e-07 0.0 0.00019973647793829487 9.151282920273721e-07 1.1755653148591175e-05 1.81896315649988e-05 1.1149663751452634e-06 6.0056892926366025e-06 2.7421504478503683e-05 1.388907028642436e-06 1.0551421962788814e-06 0.0003506310958075311 0.0 1.4537283980783148e-07 5.96774648526722e-07 4.839094496894413e-07 3.02314822432021e-06 1.9263374122800638e-07 1.0829939079232914e-06 3.240247564204116e-07 7.454009555028267e-06 0.0 8.938532840753888e-07 2.511805102317322e-07 1.434934183967481e-06 1.6960696856747176e-06 1.4082998649771383e-07 6.075775503428103e-08 0.0001302516554829182 0.0 5.524568420213018e-05 1.327111469219044e-06 3.77449973326544e-05 4.932304956681626e-06 9.06413827892532e-05 4.488838157125467e-05 0.0008882746941197881 6.140581770896562e-05 1.9134839663100764e-05 1.2164083239128029e-06 0.0 0.0 0.0 6.885504913124263e-08 0.0 6.698398978501516e-07 5.9324440236433223e-08 7.463511535414995e-07 0.0 0.0 8.391187082990157e-08 3.1914479613628513e-07 0.0 2.660068698438977e-07 5.9570353009304253e-08 0.0 0.0 0.0 0.0 6.12268159829016e-08 0.0 0.0 0.0 3.0589996686437726e-07 0.0 0.0 0.0 3.7687333385831726e-07 0.0 0.0 0.0 9.586886741703125e-07 0.0 3.264624976509664e-06 2.013198350985253e-06 1.3379313396276175e-06 2.767966337831774e-07 3.870969104311015e-06 2.9552727159504926e-06 8.898026158150912e-07 1.5700013959889939e-06 1.4964948434262605e-06 5.723508801675515e-07
7.838718012637368e-06 8.315607542034485e-07 7.713569820512753e-05 7.725556415470081e-05 0.00019973647793829487 0.0 0.001701626707370896 0.0032528857366236137 3.940812033899495e-05 0.002478567537875879 5.6493793080358245e-05 0.0023343221939472274 6.104995707290597e-06 0.00043214478156069846 0.001785885970055213 2.35925340945874e-06 1.191503404482866e-05 1.0064742286519452e-05 6.2206193130126024e-06 0.00035432720478060874 0.00010590505058774291 1.4894266896701282e-06 5.477639187269051e-05 0.00012198388168409088 5.749144797813497e-07 4.436887165902204e-05 9.05697757483878e-06 0.0006786573209011619 0.00020146189001927378 1.8930551554620203e-05 8.548655341636995e-07 0.00023317382151217606 1.7201377259469825e-05 0.0002465978696306387 6.621153168099891e-06 0.0004348230910846264 2.3505446033189153e-05 0.0003723183768607668 0.00019236759333270164 0.0025546698481235986 0.00017859200133538036 3.700042341148979e-05 9.94493190429319e-06 5.3888974250868725e-08 1.7117848991474696e-07 7.523780316969218e-07 2.146470057836484e-05 1.6232767527014484e-07 4.547543899631415e-06 1.7328955042867538e-05 6.6695712252686075e-06 8.515611983667261e-06 3.305432233681683e-05 5.05966898294901e-07 2.386776241579692e-05 0.0 1.9476898893663816e-06 9.257204765198326e-07 1.7588586107886815e-06 0.0 0.0 0.0 2.4019850152664794e-05 1.4813800017638902e-06 7.633416558028472e-07 7.874439476264258e-07 4.389237761606672e-05 0.0 1.6299875753819352e-07 3.459789726309546e-06 5.013109003434261e-05 3.9128053967687826e-07 5.151913335443748e-07 0.0 2.6961433908005325e-06 0.0 1.809468442090021e-05 3.248770047768704e-06 1.0950286652425077e-05 1.8836207382744825e-07 1.569142718900721e-05 1.6246328108718163e-05 3.742136552617479e-05 1.024734604372127e-05 7.657815932038703e-06 7.112094781192759e-07
0.0015254355574421511 1.8218326405579555e-06 0.00021286225298888187 0.000155707040355135 9.151282920273721e-07 0.001701626707370896 0.0 0.0022705852688504583 2.95655400965554e-05 0.005830348446067368 2.9856493413743084e-05 9.520630719714779e-05 1.0183688636644479e-06 0.0032167339686009423 7.834460909146461e-06 1.664668388945212e-05 1.9876687596659505e-05 8.703588026010164e-06 5.801536309755521e-06 0.00016393165717933433 0.0005804340709474915 6.754587959981651e-06 0.0002668447376777295 0.000625185628154648 1.8748880646589152e-07 7.242570474236558e-05 2.9997905657040133e-05 0.009552668431742073 0.001169500645051812 0.0031887893744882937 1.59133701233405e-07 2.6943785832840287e-05 0.00023641009271761282 0.0003776044142652612 5.2095410670239414e-05 0.0016055071131018288 3.0904350775168997e-05 0.0006724267683906098 0.0003108240045294669 0.00016357170638948314 6.708776559431267e-05 3.6680114245556462e-06 2.2957758514870848e-05 2.1346286426093524e-07 4.1635307308982877e-07 1.7274382899022623e-06 3.354879142789069e-05 0.0 6.825410634849534e-06 0.0001221947560830393 9.902286176420173e-06 2.2694658814699186e-05 8.97531225777512e-05 8.468339933626174e-07 1.796720641586212e-05 0.0 8.892030093489472e-06 9.946397250904396e-07 1.1977909091141772e-05 7.076950421473421e-08 0.0 0.0 4.668509959645009e-05 1.0010002493939456e-05 2.2892840015422054e-06 4.634207886024676e-06 0.00023184034728413597 0.0 1.7130395284350463e-07 1.3714228074472014e-05 0.0003218360058089584 2.132684001166772e-06 7.4207818952956605e-06 5.954139695306037e-08 4.863212626869876e-07 6.77918917156478e-07 3.4630537397296743e-06 2.1456565308653766e-05 4.1289167040053905e-05 8.663876838053187e-07 9.97596451201488e-06 9.521583369171818e-06 3.9515265863900506e-05 1.9324175769288366e-06 3.027738392361492e-07 3.301480615585527e-07
0.00016223582857309986 3.378969306942298e-06 0.0004094903236983453 2.0603942205143983e-05 1.1755653148591175e-05 0.0032528857366236137 0.0022705852688504583 0.0 1.228691252888848e-05 0.0007902224353823694 6.281114320896384e-05 0.0009190705968308537 8.550008862507471e-06 0.004534452491548929 0.00028769985434145325 3.6725502394366203e-06 0.000308359663775922 2.30305985588563e-05 5.292050090227714e-05 0.00027994074645373737 0.00020249102420459464 2.0284498189769028e-05 0.0003430217439611666 0.00020020217009403452 5.133587934623169e-07 0.00034571642709833037 3.3795769694953834e-05 0.0004591033357212037 0.0004992511292097875 0.0003886880047542159 5.137534091053481e-07 0.00023442282352236326 7.5937466091837424e-06 0.00022571426339916832 3.4637045699346584e-06 0.0003298346623206418 7.311565803856307e-05 0.00028001948477328055 0.00015070196145528438 0.0008475345108419344 9.200681670214806e-05 3.4781764689115175e-05 5.281774532960281e-06 0.0 2.6806272587027486e-07 1.6194148560380576e-06 3.944874598549185e-06 6.213507108023435e-07 3.1172024082227415e-06 3.880293159338869e-05 4.362150862133546e-06 5.847498151178558e-06 1.353318123356458e-05 1.4364008607437738e-07 2.827401010007524e-06 9.589289547126272e-08 2.8431324251307274e-06 0.0 3.216746383171524e-06 6.767910330288712e-08 0.0 0.0 1.1743754330549e-05 3.922615484133886e-06 6.029200631656645e-07 1.7468696970300517e-06 7.349680479340296e-05 0.0 4.5349423429898714e-07 1.0845619372876213e-05 0.00011918897145431265 1.498385870827331e-06 5.961431093105676e-06 0.0 2.2853476515842453e-06 0.0 1.4549101734650209e-05 1.8972420601893971e-06 1.4835450703357982e-05 1.1969638068696326e-06 1.7920951322968106e-05 1.3001705559635942e-05 1.536074380590396e-05 9.337132340209721e-06 5.369283849253744e-06 9.93635602238954e-07
7.352804291762264e-08 0.0005114737140082843 2.1297341943108802e-07 0.0003545452795189683 1.81896315649988e-05 3.940812033899495e-05 2.95655400965554e-05 1.228691252888848e-05 0.0 2.65538233988877e-05 1.593049400960379e-05 0.0002991830956476117 2.892582905711405e-05 2.9409561371155238e-06 0.0005010750481483783 1.6623253750419843e-05 1.746047035859218e-07 0.0 4.789323953428069e-07 0.00021234250864803444 7.369135855004419e-06 0.002055939261217899 3.998368246137846e-06 0.00420752133327311 5.0890559495687474e-05 1.0056447412975675e-05 0.0007084321328792759 0.0004554265823438328 4.1963349427608e-06 4.693891982129793e-06 6.2264540841721725e-06 8.029185090693154e-07 5.194232837332853e-07 5.351484366948977e-06 9.169967984951959e-08 9.31639463906385e-05 5.902314633967386e-06 6.892779773736308e-06 2.571292785366628e-06 0.00019655062383242542 5.878737709420033e-07 9.050549478148755e-07 2.4403670483410443e-07 5.833427413215649e-07 7.3614025228360994e-06 2.865360062966747e-06 0.00010160517180369374 0.0 3.991635130210029e-06 2.5295689349993586e-05 2.7249015400494363e-06 5.9009179506378515e-05 4.488386793763712e-05 9.944622578995439e-08 1.8560957207681843e-05 5.146625989132839e-07 1.3080590632738278e-06 0.0 6.777916309428712e-05 1.9819355168519676e-07 4.701489277954971e-08 0.0 4.6753902541456953e-05 3.93682549557444e-05 7.54799724505652e-05 9.849578041247609e-06 0.0010135496542368716 5.992041491249095e-07 2.22760408259726e-06 2.834328766236597e-05 0.00034995120350058925 2.0860412510308844e-06 1.0705306377209703e-05 2.981988702283904e-07 0.0 4.676588188042364e-07 1.5516705347009182e-06 4.784819047770636e-07 1.9054284270139872e-05 6.210848375641601e-07 2.2399967513914837e-06 8.863558944335072e-07 1.0415667175251043e-05 7.793500528402467e-07 0.0 0.0
1.264685060827327e-05 3.5765240039028e-07 4.312512448399363e-05 0.0010648413015474803 1.1149663751452634e-06 0.002478567537875879 0.005830348446067368 0.0007902224353823694 2.65538233988877e-05 0.0 7.198665151126296e-05 0.0038183553474152817 3.882435283162168e-06 0.00041166420524909084 2.0365176297449728e-05 4.8227221778732705e-06 5.519240142365577e-06 2.1285304292580652e-05 1.967392160447857e-05 0.0026970891719441405 9.031607180313671e-05 2.8416801444955166e-06 3.969745117033891e-05 0.0002949555150350401 1.217282026673743e-06 3.0767572040127085e-05 1.4902280110783363e-05 0.005138369516396634 0.0006360337568899558 1.1873036339034329e-05 1.162088468046405e-06 5.9061975672116317e-05 4.067838960382952e-05 0.0003018659345913807 1.719569985522869e-05 0.0005423860875084154 1.936354489710403e-05 0.0005315828976816266 0.00011458436506217569 0.0001236770230932095 6.964232427572646e-05 5.241803052067312e-06 1.1762646645333758e-05 3.0068140566707305e-07 1.900117821188676e-07 3.9418796499645563e-07 0.0001264555019973639 9.271227501377835e-08 6.796738111483048e-06 4.607555400494371e-05 5.0669398091264e-06 2.3597626725500643e-05 0.00010225561880129734 1.0079722613739279e-07 2.9011362662823604e-05 0.0 1.9180121726251554e-06 8.678199081074628e-07 2.221986272148807e-06 0.0 6.956393525034549e-08 0.0 6.656573141221237e-05 7.638388699152705e-07 1.4468272699168558e-06 1.6226138431594413e-06 0.0001420134695247961 0.0 0.0 4.619642398549519e-06 0.00017437202733777847 7.733792293595753e-07 8.553711886329779e-07 0.0 1.9994864659985822e-07 0.0 2.493780866051924e-06 7.99754891556928e-06 1.2436720394749946e-05 1.5409025447253006e-07 6.010283211503766e-06 2.553046279713227e-06 3.126588771299061e-05 9.451809715220281e-07 1.7902994274020414e-06 1.094939094002558e-07
3.7953921278177625e-06 0.0002363722544740018 2.105871696101315e-05 2.6560570523491096e-06 6.0056892926366025e-06 5.6493793080358245e-05 2.9856493413743084e-05 6.281114320896384e-05 1.593049400960379e-05 7.198665151126296e-05 0.0 9.855648820043804e-05 0.0014041123459491653 6.464533727741165e-05 3.0386777938815348e-06 4.636837007253948e-06 0.00018616864804521177 0.002926416698147462 0.0007343941743264055 5.980264417665164e-05 1.6250430725317746e-05 4.619086247338537e-05 4.030476018311887e-05 1.6093083112245022e-05 0.0006050299949486338 0.0014333040022279405 0.00020507203682582482 2.100777274857761e-05 0.0002438264817327163 4.042472271545995e-05 0.00018859955211935855 0.0002106049035708208 9.798768586918491e-06 0.004299665736312245 2.3242387468273e-06 0.00024853896849606684 0.0028899727238839625 0.002407696166638749 0.000428483233272497 3.166968425932192e-05 3.714816897421841e-05 0.0012303543472507025 2.0562017175096276e-06 0.0 4.488555664812652e-05 0.0 6.562870374951717e-08 0.0 3.283364286358797e-07 3.9723752624503366e-07 1.5740706226486992e-06 1.9627893282762512e-07 7.694012448348848e-07 0.0004789623074362346 4.0449544223153147e-07 0.0005099615780172142 1.497677835534546e-06 0.0 0.0 9.386609136888364e-08 6.550368896256531e-06 2.322500241028597e-07 4.119665401418366e-07 3.31718842726876e-07 5.573567240241904e-07 2.4002253023222104e-07 4.009676726527908e-06 2.3382881146694655e-05 3.3982873816078225e-05 0.00010266054746192095 3.438457193710582e-06 1.8815734264616949e-06 0.0 6.20036871952062e-05 1.1227576993158673e-06 0.0 4.24109012312595e-05 1.7017537127798617e-06 1.1066328265522128e-05 0.00042441695937157523 8.055348242839876e-05 7.061878660383076e-06 2.2927647399985547e-07 4.2461395752027246e-07 0.0003069292130511964 4.6150187207336715e-07
9.554864555067155e-07 3.4875339622125716e-07 1.7930740519151787e-06 0.0009069595354860795 2.7421504478503683e-05 0.0023343221939472274 9.520630719714779e-05 0.0009190705968308537 0.0002991830956476117 0.0038183553474152817 9.855648820043804e-05 0.0 7.897936495038524e-06 0.00037355431233972684 0.0008585628460174501 3.319258291970713e-07 1.9063849559194748e-06 2.3612231159250927e-05 1.5675595931612544e-05 0.002462722081380323 1.3932575592542543e-06 1.3372299671437462e-06 1.643919273145409e-06 0.00025076793883796244 2.65934086246047e-06 2.6171129198688658e-05 6.3199258594847546e-06 0.0006638399371111979 0.00028802118405957445 9.299640746408729e-07 8.767671497347841e-07 0.00010406885291518926 1.9469930266614456e-06 0.00025341108373812444 5.587475402471732e-06 0.0003729794277307399 1.2230686802097078e-05 0.0003924770531489673 7.007113646994209e-05 0.0012188519530172645 6.086820273995636e-05 1.6586038395557953e-05 5.226573932047502e-06 0.0 9.617377201297122e-08 0.0 0.00016134358218038017 1.9268231022895403e-07 1.759913923825293e-05 2.4391446426023326e-05 4.054067487195891e-06 6.471283680842754e-05 0.00016074663535336705 5.591324185225252e-07 0.00018481245704208147 4.1271721261828085e-07 1.3860993217651362e-06 9.678700280488663e-06 2.0053560890812766e-07 5.920434190741839e-08 3.587464831455686e-07 1.370016555317453e-07 0.00013047655505069042 2.541924234143564e-07 4.684839206083109e-07 4.388772658398502e-08 0.00012783960959863018 5.181713067869072e-07 2.389988184029703e-07 1.930628988217568e-06 0.00011106961837486153 1.0327161081972757e-06 0.0 5.200552759245783e-07 6.131083448264108e-07 0.0 1.2207710173464801e-05 1.2066699735892343e-06 1.9519421511362548e-05 0.0 9.723574829789e-06 5.0357928231850285e-06 0.00016725127150417154 2.282464636591569e-06 5.559554010948014e-06 5.456353731729111e-07
4.3983734145279226e-08 0.0005037035587040508 9.806531110817955e-07 2.660987710697224e-07 1.388907028642436e-06 6.104995707290597e-06 1.0183688636644479e-06 8.550008862507471e-06 2.892582905711405e-05 3.882435283162168e-06 0.0014041123459491653 7.897936495038524e-06 0.0 3.0832246392367483e-06 2.2451667355988606e-06 3.195991893185203e-07 6.814047006533893e-07 2.7522673455824742e-05 8.668416296047015e-07 4.011400628472062e-06 7.781119687292415e-07 7.654869168185102e-05 1.0164209028008797e-06 1.6113706646879168e-05 0.0034066060362025656 0.0001463369977653376 0.0017897010696653235 1.5560323577352775e-06 7.674890298612481e-06 4.0362388850608014e-07 0.0005593204536753279 1.6271857324155983e-05 0.0 0.0009068253312835699 5.968060891555942e-08 3.147254154604591e-05 0.0007288539026162717 0.0010614898097603656 7.971983862368269e-05 4.137148120685453e-06 2.1159339404256766e-05 0.0006316501246485518 1.5338600196154457e-07 1.8255734123084647e-07 8.039278772450796e-05 5.821047171279053e-07 0.0 0.0 2.1229964088245375e-07 3.6028564393298056e-07 1.414499972169825e-06 1.1192267101783829e-07 3.2250700609809376e-07 0.0005349596838481265 2.904325515636616e-07 0.0006560491786482222 1.4558456014783701e-06 0.0 6.656027867804761e-08 0.0 7.407847753442517e-06 5.926274534214618e-08 1.1873083941368753e-07 0.0 3.589157536434843e-07 0.0 7.405368581364208e-07 3.875107441235791e-05 8.811306640361057e-05 0.0002437822982780777 1.2967605451412183e-06 1.7492868826163204e-06 6.846064120167874e-08 0.0001369675376120917 1.2984821382702934e-06 0.0 2.8400911328753942e-05 3.203746252347601e-06 2.871970799711898e-06 0.0002490127304558249 6.130069135868701e-05 2.42814112552721e-06 3.241921375246725e-07 0.0 0.000126063967607863 0.0
0.0017918876390177392 1.1840652758926632e-06 0.0006470540864928488 1.865553917153242e-05 1.0551421962788814e-06 0.00043214478156069846 0.0032167339686009423 0.004534452491548929 2.9409561371155238e-06 0.00041166420524909084 6.464533727741165e-05 0.00037355431233972684 3.0832246392367483e-06 0.0 9.813331909380203e-06 1.6924337173519467e-06 0.0005206058532924612 3.195308523866664e-05 8.509697389420539e-05 0.00017952434107288646 0.0003284353559295164 8.229672086660947e-06 0.0006826840555209876 0.00010016346062832297 4.5891528417102096e-07 0.0004855676884613937 4.5884211862005976e-05 0.0003267045475285516 0.003741966997356383 0.0013608278639167266 3.5507277887806896e-07 0.0003022063242889997 1.588735365604771e-05 0.0002511022615527488 2.3952129606530683e-06 0.00018196096637881597 9.286246580740585e-05 0.00022266992517762707 5.0120215551270085e-05 0.0001120982137194923 1.083003823844662e-05 6.461621963207364e-06 2.548782828978098e-06 0.0 1.0331425239732577e-06 2.3264150487033006e-06 2.9125433155005475e-06 2.307118339764585e-07 1.7185478818751948e-06 1.5119981232532532e-05 2.505408462234132e-06 1.6713806592287862e-06 7.299086888835408e-06 9.955972522189172e-08 1.995990476580343e-06 0.0 1.1845438117709857e-06 0.0 1.8243201371529154e-06 5.561329961093692e-08 0.0 6.704457860508869e-08 3.36656605275022e-06 3.206947955722019e-06 3.3053612623838347e-07 1.7705788631552784e-06 3.706907780142261e-05 1.059919961537081e-07 4.44879398131232e-07 1.1170407052873153e-05 5.8710291674545904e-05 1.315737151648818e-07 2.407893360533422e-06 6.498507560956397e-08 1.9857845672363029e-07 0.0 2.2727340076166994e-06 1.6569303688437134e-06 7.084487116894505e-06 6.755563282561993e-07 5.1492310235888795e-06 3.1404556113312583e-06 4.169894572226087e-06 1.5336938328636216e-06 6.752076132949584e-07 1.4220277279228345e-07
0.0 1.2586935323084525e-05 7.063039211447911e-08 5.36387564086738e-05 0.0003506310958075311 0.001785885970055213 7.834460909146461e-06 0.00028769985434145325 0.0005010750481483783 2.0365176297449728e-05 3.0386777938815348e-06 0.0008585628460174501 2.2451667355988606e-06 9.813331909380203e-06 0.0 5.7366040173336e-07 0.0 2.482847608057127e-07 4.761804475480165e-08 9.316774092023213e-05 3.844961464840589e-07 4.7829745421945136e-05 2.2962254860336734e-07 0.00044549561944184294 1.7013365242752176e-06 4.0268902611248023e-07 1.8700432047551758e-05 3.166436413822256e-05 3.32114347543327e-06 0.0 7.39823921604705e-08 0.00010549575779127541 0.0 6.468716692303843e-06 2.512279687645275e-06 3.0876158069912046e-05 5.5748688327455425e-06 9.036445561953928e-06 1.901982760577148e-06 0.0007549718010926767 6.3447170050613076e-06 7.674653209667481e-06 0.0 0.0 0.0 2.0544514039992047e-07 4.461829774940788e-06 0.0 7.15735950026903e-08 3.069298821362196e-07 2.3812280283246117e-07 3.224664452502097e-06 5.277130491235655e-06 3.047937568381883e-07 9.56070993958601e-06 0.0 7.841997468754895e-08 2.083390843165701e-07 1.965387544138279e-07 0.0 0.0 0.0 3.4779422815638776e-06 6.39740662577385e-08 8.820455723555767e-08 0.0 7.603242434061755e-06 0.0 0.0 2.425176323356772e-07 2.5570322971568184e-06 6.776928290362677e-08 0.0 0.0 2.959781815822169e-07 0.0 2.342642287856492e-06 0.0 3.7157291757692566e-06 6.338966841189271e-08 2.4642631725648275e-06 1.8814028138152208e-06 8.450108762818947e-06 1.7579260811770995e-06 2.7001249064541678e-06 1.0387859950239052e-07
5.721763049872393e-08 3.0198929608298936e-05 2.318020792254382e-06 1.4601042748037509e-06 0.0 2.35925340945874e-06 1.664668388945212e-05 3.6725502394366203e-06 1.6623253750419843e-05 4.8227221778732705e-06 4.636837007253948e-06 3.319258291970713e-07 3.195991893185203e-07 1.6924337173519467e-06 5.7366040173336e-07 0.0 1.0017500147217664e-05 1.2950626672978273e-06 5.865003790827868e-06 5.427615934405514e-07 0.0007794735604502906 0.0018300509411311784 0.0016062967599905834 0.0010524538738034312 3.921859347195455e-07 3.7074911997375654e-06 0.0014936893399814114 0.00041899235237046297 4.682609489890087e-06 6.538200325128271e-05 1.9103700386524625e-07 4.317320543818282e-07 2.156206005474464e-06 4.225863081039711e-05 1.5663851848120063e-05 0.0009008902231269945 0.00026986395470098907 0.0001890258313676748 0.00022651273497460996 2.4833256637977804e-05 2.3374873668699865e-06 1.4696529747426668e-06 4.176807839641917e-06 5.64238055494417e-08 4.156496598211411e-06 1.0927330339767705e-05 6.559413463626765e-07 0.0 5.359855247643843e-07 1.0751196773188964e-05 1.50074861551271e-06 3.217621776799978e-05 3.0933963437650053e-06 0.0 6.54899823103602e-07 6.13391969577071e-08 2.833152655835264e-07 6.73503408179793e-08 0.0023538298930611827 9.049409091268214e-07 0.0 5.23770622747788e-07 1.3375045004357215e-06 0.0004064890101619203 0.0007851795205117721 0.0017646004370820883 0.00022048002503191177 2.623787826494157e-07 1.452905613078299e-07 0.0004387669990006766 0.00014767795678439897 1.684335440610505e-06 7.15742422698104e-05 0.0 8.656402029261898e-08 8.935204152550115e-07 3.2568278962793213e-06 8.849010541292602e-06 2.7410340542719946e-05 3.5382770560833674e-06 6.584602664102028e-06 3.8090757597783864e-06 5.434244662332529e-06 0.0 0.0 1.4999275481432892e-07
7.560045717456313e-05 1.445584911701811e-06 0.0035782025167754175 5.40628975304526e-07 1.4537283980783148e-07 1.191503404482866e-05 1.9876687596659505e-05 0.000308359663775922 1.746047035859218e-07 5.519240142365577e-06 0.00018616864804521177 1.9063849559194748e-06 6.814047006533893e-07 0.0005206058532924612 0.0 1.0017500147217664e-05 0.0 9.023318091989406e-05 0.0012861909471275862 2.199579469463746e-06 0.00022116093124421052 1.2044849078027084e-06 0.0021589189819366957 3.311051021581779e-06 1.823555276248857e-07 0.0005337682301642559 0.0030612934953588174 1.2647954673258462e-05 0.0007244518350257165 0.0014575582754510752 3.7893838520011354e-07 5.1093158290510685e-06 3.852224387121099e-05 0.0009957526988982539 2.224525089948157e-06 0.00016139097452448032 0.00035365677746907294 0.0005855634253580968 0.00011383859382466253 2.1802935136914544e-06 1.1189300953470345e-06 1.797663504942794e-06 2.036904489287244e-07 0.0 2.8566242017483535e-06 9.629740147093068e-06 0.0 0.0 5.4149075451354375e-08 7.764367755931764e-08 0.0 1.663774008308599e-07 0.0 6.6016177244864e-08 0.0 1.0378729345553955e-07 0.0 0.0 5.063786143485791e-07 1.4979974666158707e-06 6.387598555626077e-08 2.8757466590604267e-07 2.6946303819375555e-07 9.963001226364466e-08 7.298292488679603e-07 1.6301696442250306e-07 7.731059263704452e-07 7.983202681642364e-08 1.5581835111026703e-05 7.576890583816737e-05 6.384262078167275e-07 0.0 0.0 0.0 0.0 0.0 1.5598595143212576e-07 4.904930239042493e-07 1.5147485671226506e-06 1.4940619798671468e-05 9.477815321495423e-07 2.9057497509592477e-07 0.0 0.0 0.0 0.0
2.9236660641004075e-06 6.660405429128762e-08 3.118844510206767e-05 6.273313367608772e-07 5.96774648526722e-07 1.0064742286519452e-05 8.703588026010164e-06 2.30305985588563e-05 0.0 2.1285304292580652e-05 0.002926416698147462 2.3612231159250927e-05 2.7522673455824742e-05 3.195308523866664e-05 2.482847608057127e-07 1.2950626672978273e-06 9.023318091989406e-05 0.0 0.0013323422022377923 1.6006662286421192e-05 4.632036081944141e-06 1.4215629690396815e-07 2.4346759006584604e-05 2.4660352280829945e-06 8.640099258301906e-06 0.002048402561338965 7.616781254983588e-05 5.765534289146101e-06 6.457411002863775e-05 1.7322809252746562e-05 1.2555441215983324e-05 2.6265974015943153e-05 3.8558667813795405e-06 0.0007502164948810935 3.670757788053757e-06 0.0005367892976908181 0.0012572752916044766 0.0012067320705928272 0.00037650355099143486 7.145973538761165e-06 3.312638288009327e-06 5.019958653008434e-05 2.5345223407682887e-06 7.166677845972674e-08 1.507675252485753e-06 5.81212587785719e-07 5.005094066928198e-08 0.0 0.0 4.0853902027251143e-07 1.802890302777976e-07 7.031574615637031e-08 1.316913528882067e-07 3.786784861208096e-05 5.396071129240324e-08 7.279082167771948e-05 1.3624015399357156e-07 0.0 0.0 1.0219048019747399e-07 4.9889374423649195e-06 5.896739716349935e-07 0.0 0.0 0.0 6.603601388099409e-08 4.161896864753242e-07 3.832557208031582e-06 5.13185571695024e-05 9.16426123359404e-05 9.257698723801596e-07 8.909806068222019e-08 1.4823775177293184e-07 5.026569607053828e-05 6.974170602246271e-08 0.0 9.242288301880726e-07 2.0228805627497857e-06 2.1162194989088276e-05 1.0574771453072905e-05 2.792317150830034e-06 2.210292986582556e-07 1.9350583420957482e-07 0.0 5.846004943001303e-07 0.0
9.340989155882142e-06 2.534753473929061e-06 9.305785921378283e-05 6.268451234732429e-07 4.839094496894413e-07 6.2206193130126024e-06 5.801536309755521e-06 5.292050090227714e-05 4.789323953428069e-07 1.967392160447857e-05 0.0007343941743264055 1.5675595931612544e-05 8.668416296047015e-07 8.509697389420539e-05 4.761804475480165e-08 5.865003790827868e-06 0.0012861909471275862 0.0013323422022377923 0.0 1.2225221453333645e-05 2.2772360280541808e-05 8.688424974850924e-07 0.00011018706708811933 2.316870135540674e-06 2.22792330624063e-07 0.0013606042277900866 0.00042729749753294414 6.2366759714752415e-06 0.00016769179231081058 8.852610852403119e-05 1.105679837563548e-06 1.031440612094661e-05 1.4081572684834689e-05 0.00235206411431645 4.679932358888432e-06 0.0006096233453519702 0.0007468037342679468 0.0020091046600290955 0.0004779582062868119 3.4399365729643e-06 1.0954195871808616e-06 9.55230991908837e-07 1.7695850021479768e-06 0.0 4.194697277855996e-06 2.0605241788419277e-06 0.0 0.0 0.0 0.0 0.0 0.0 0.0 3.461943183698631e-07 0.0 7.602429303743476e-07 3.231701672929556e-07 0.0 0.0 4.2213846436703026e-07 2.4667173391372606e-07 1.6267006935079522e-06 0.0 0.0 1.684602715914593e-07 7.333746581134648e-08 2.51086847435925e-07 4.0723731991764606e-07 3.7609079062634374e-05 9.603745522868616e-05 5.968303556808645e-07 0.0 0.0 1.5539277529559139e-06 0.0 0.0 6.986078975107945e-08 2.2480995538898192e-06 1.4622363596753937e-05 7.304068373071184e-06 9.041881994606012e-07 3.393125075608655e-07 0.0 0.0 0.0 0.0
2.6310447119022976e-06 0.0 4.674016835123949e-06 0.001723230473545666 3.02314822432021e-06 0.00035432720478060874 0.00016393165717933433 0.00027994074645373737 0.00021234250864803444 0.0026970891719441405 5.980264417665164e-05 0.002462722081380323 4.011400628472062e-06 0.00017952434107288646 9.316774092023213e-05 5.427615934405514e-07 2.199579469463746e-06 1.6006662286421192e-05 1.2225221453333645e-05 0.0 5.922203869538604e-06 3.621798948872845e-07 2.9286953823510143e-06 0.0003476140841220936 2.87443268363854e-06 1.711496659962242e-05 3.7142839973368324e-06 0.0019043169932297698 0.0002691102819592944 2.0346958879670734e-06 1.019519053022854e-06 4.986207189043445e-05 1.031972156050398e-05 0.00019819846270263875 1.2534404531273677e-05 0.0005021371228175797 1.0593891833250307e-05 0.00038448165844175115 8.725504211882082e-05 0.0003304803737108321 7.605258637587218e-05 1.123146109918511e-05 1.2886752429019542e-05 0.0 3.5168593489793276e-07 0.0 0.0002444533059729971 2.5766828459871325e-07 1.5765255493725327e-05 9.613778793560975e-05 7.2848170255581426e-06 7.157554781685894e-05 0.00027124290905895457 2.588420734026003e-07 0.00011303977016291021 4.937911143164888e-08 2.6713249109305763e-06 6.160479441631796e-06 6.909280835162295e-07 0.0 6.340279430523213e-08 0.0 0.00020557697066518444 4.4023806866515074e-07 5.507714561457254e-07 0.0 0.00029781873452684174 3.5020279682935386e-07 3.371727073322584e-07 1.0571551954246623e-06 0.0003588342702586522 1.2166323109314013e-06 9.556654965265752e-07 0.0 6.230014057327329e-07 0.0 5.026097473543687e-06 3.452651289506151e-06 2.113594850309736e-05 1.2495551271837594e-06 1.0240524697503714e-05 5.456699706470378e-06 0.00011140220904693368 1.0010497547032922e-06 8.210875807398908e-06 0.0
0.00011225412794986084 1.392220326077178e-07 9.549439274231574e-05 1.9279855024036832e-05 1.9263374122800638e-07 0.00010590505058774291 0.0005804340709474915 0.00020249102420459464 7.369135855004419e-06 9.031607180313671e-05 1.6250430725317746e-05 1.3932575592542543e-06 7.781119687292415e-07 0.0003284353559295164 3.844961464840589e-07 0.0007794735604502906 0.00022116093124421052 4.632036081944141e-06 2.2772360280541808e-05 5.922203869538604e-06 0.0 4.053163310872049e-05 0.004684688786221472 0.0006535899871035433 0.0 1.299843668492178e-05 0.00018831570922162312 0.003587822574443115 0.00018637720438583166 0.005135043258021007 1.246783630356101e-07 3.085331013575074e-06 3.1888312166606404e-05 0.0029572820395665244 6.463786778928069e-05 0.0027877716834019913 0.0010854681358738313 0.0022834514666218307 0.0013159468800566163 0.00010470032308259384 1.5241748970662274e-05 2.1102046865091638e-06 2.0626402609887085e-05 1.422259328438909e-07 1.3875531043284959e-06 4.229472806363681e-07 1.6574771585685028e-06 6.738914329147266e-08 5.028031785235757e-07 7.91042714467198e-06 7.437066615156449e-07 1.2196158196968171e-05 2.5424468651943077e-06 0.0 6.334676279852164e-07 0.0 3.7114799174562315e-07 1.3938691875367686e-06 0.0002742018213782135 4.552704201195622e-07 0.0 2.876357296709482e-07 7.009503781496395e-07 0.00019239191765424383 7.276498813808508e-05 0.00018203101700669275 0.00012284964808493193 0.0 0.0 1.58622865671243e-05 0.00012425774534938864 2.683176821679543e-06 5.449335332538483e-05 9.895552669032361e-08 0.0 1.3807740917133785e-06 1.3686849082728842e-06 2.141176152972844e-05 2.9860813825902138e-05 5.284454939443535e-07 2.397572302033175e-06 2.43153741647562e-06 7.868374219051258e-06 1.2202166384906022e-07 2.470133426776903e-07 1.1542611814845249e-07
2.7375303231331586e-07 0.0011580613324477136 1.092002157392661e-06 1.5610978061457308e-06 1.0829939079232914e-06 1.4894266896701282e-06 6.754587959981651e-06 2.0284498189769028e-05 0.002055939261217899 2.8416801444955166e-06 4.619086247338537e-05 1.3372299671437462e-06 7.654869168185102e-05 8.229672086660947e-06 4.7829745421945136e-05 0.0018300509411311784 1.2044849078027084e-06 1.4215629690396815e-07 8.688424974850924e-07 3.621798948872845e-07 4.053163310872049e-05 0.0 0.00011310611274589103 0.003179590424518865 0.0001361551597318579 2.084129485836795e-05 0.002941500445579117 6.370735077739528e-05 2.916676829478392e-06 1.5012877849493915e-05 1.1053507411392965e-05 6.873479262043342e-07 1.2984022165192476e-06 6.012723473257359e-06 1.1495114455609457e-06 2.478306640945072e-05 6.048209805239228e-06 8.718536589047443e-06 2.5774174286588377e-06 8.095497369477436e-05 9.126323870314749e-07 4.112776496395561e-06 0.0 1.6794364026433024e-07 3.6439493093100376e-05 2.1099449216447154e-05 4.527687191190285e-07 0.0 3.750724660855376e-07 4.184094296257723e-06 7.035041992525143e-07 5.717329838515456e-05 1.0952291179258085e-06 9.601915609962471e-07 8.990378122199691e-08 1.151344137433614e-06 3.510179124090375e-07 0.0 0.0009414843511504049 9.77926080914105e-07 6.163639498456015e-08 1.8208157752841473e-07 2.64864685442963e-07 6.924781544934581e-05 0.00019012740820516778 0.0003027769249075852 0.0001545249624497418 2.4464287304857135e-06 4.89348651721275e-06 0.0006857594275485972 6.652372115173674e-05 1.0433102899346147e-06 1.0279383085864642e-05 9.40941339929316e-07 6.774140136512737e-08 8.792853799339293e-08 5.532859954363362e-07 0.0 6.589522832920045e-06 4.738562261212968e-06 3.2534553405890437e-06 8.263723673817639e-07 1.248236969531098e-06 0.0 1.0071815920715532e-07 0.0
0.00021153081178037017 1.2478994910695415e-06 0.005224849131638745 6.4907667351252955e-06 3.240247564204116e-07 5.477639187269051e-05 0.0002668447376777295 0.0003430217439611666 3.998368246137846e-06 3.969745117033891e-05 4.030476018311887e-05 1.643919273145409e-06 1.0164209028008797e-06 0.0006826840555209876 2.2962254860336734e-07 0.0016062967599905834 0.0021589189819366957 2.4346759006584604e-05 0.00011018706708811933 2.9286953823510143e-06 0.004684688786221472 0.00011310611274589103 0.0 0.00025756153261493296 4.805354919332592e-07 0.0006435063520708346 0.0034601065028525965 0.0013336428868098908 0.0003405578880028655 0.005194944619488985 5.557664617293251e-08 4.0518828568087485e-06 1.7091210729922962e-05 0.002212998890936487 0.00010019994621387331 0.005323109558999625 0.004608139522480754 0.004145046545918296 0.003484933405895112 0.00020712706759461278 4.5447177889414605e-05 7.688861226259858e-06 1.9445129298587595e-05 8.667785526169588e-08 3.7318355496514e-06 8.382294233131503e-05 4.6678150103006665e-07 0.0 1.469442880559441e-07 7.666501095193108e-06 6.96192006139207e-07 4.34502817022269e-06 1.8849559364204451e-06 0.0 1.289926979779498e-06 0.0 1.112085321447058e-06 0.0 0.001432714943088169 1.0040534911653853e-06 0.0 6.59997798644141e-08 3.899803412501613e-07 0.00011365313318442 0.00023310607492596326 0.001233055448310591 5.6939458562117645e-05 0.0 1.1396565280373066e-06 0.0008344190649147226 4.458355816731351e-05 1.4296456832490324e-06 2.0043384756395365e-05 0.0 0.0 0.0 9.142682384379292e-07 5.313072659608911e-05 5.242185961858112e-05 4.815835721472686e-06 7.317829829675727e-06 1.9062592876739434e-05 4.120845237879745e-06 1.404460153709854e-06 1.834578550070314e-07 0.0
