0.0 5.9118965487410174e-08 6.589823016237793e-06 1.2884257953291145e-05 4.4982148655626086e-08 1.5385258667784538e-05 0.0012101877929690946 0.0006048824321576927 5.209014323067805e-06 7.707554360057745e-05 5.749483130615175e-06 1.2573823025212818e-06 3.338525973115805e-07 0.0040347034818338364 0.0 8.718446905546313e-07 1.259646703371982e-05 1.0834405708528596e-06 4.551358538175253e-06 3.6937632782256395e-06 1.4276344329673601e-05 8.895063416858962e-08 3.774557160648828e-05 2.9152364828216223e-05 0.0 4.362657257457239e-06 1.202067278619323e-05 6.810488590707399e-05 0.0010263466388157941 0.0022957137613274967 1.1716459734290187e-07 4.540357923031197e-06 2.56148622661692e-05 4.8694959221536204e-05 1.0913449442654195e-06 2.837641671299073e-05 3.533092174147507e-06 5.833718613786072e-05 1.2584395961404034e-05 1.3853922004333344e-06 1.466975103023659e-07 0.0 5.323966537094886e-07 1.0515394853510514e-07 7.678793267746521e-08 5.5820664918552114e-08 2.682746047109953e-07 0.0 0.0 2.1391016524968975e-06 5.985736209652629e-07 5.361606124983296e-07 3.142118701949153e-07 0.0 0.0 0.0 1.2366779453648204e-06 0.0 7.163874703468845e-07 5.3335831573379304e-08 0.0 0.0 6.410774671964901e-08 1.5700082510237624e-06 3.143093272356211e-07 6.11075416428106e-08 3.779532757986246e-06 0.0 2.102719984188092e-07 6.405604109868979e-07 6.493516573882365e-06 3.2214628227422567e-07 7.457519676329949e-07 0.0 0.0 0.0 4.310669161683745e-07 0.0 1.0185005421476024e-06 0.0 1.2694439067863508e-07 1.5630776735866713e-07 6.029026935479256e-07 0.0 6.129920097026278e-08 0.0
5.9118965487410174e-08 0.0 2.141434184055863e-05 0.0 0.0 0.0 1.2627751300520612e-06 6.684859608484579e-07 0.00043837482516187443 2.5740089285207393e-07 1.4029755832970172e-05 0.0 0.00020045709210858163 3.3709000685844786e-07 3.140808734856672e-07 6.890245346852064e-06 1.0389008003612647e-05 3.585688919617839e-07 1.2446907934457435e-05 0.0 1.3972412178740017e-06 0.0010075819091095609 6.067010056937982e-07 0.00039527329665545933 0.0005401425343584157 0.0001302751081579654 0.001329784582358685 4.659632650169694e-06 1.6794476755687576e-06 6.673351198190718e-07 9.477873807591208e-06 1.449690111149395e-07 3.1205234451165313e-07 1.1703769202354597e-05 2.0661298046349522e-07 1.6892724412531968e-05 1.2004736422321141e-05 2.3182690094178615e-05 2.2582621170723258e-06 9.602151362794821e-07 0.0 1.1645658871557735e-05 8.531281850853098e-08 0.0 4.2626830317943024e-05 2.5903818662456303e-05 7.724444047074644e-08 0.0 0.0 0.0 1.1798869248028353e-07 4.6146491560730123e-07 1.5790130488986197e-07 2.2454459059531469e-07 0.0 2.3117320395125004e-06 2.9029637349585777e-07 0.0 3.245853884675542e-07 2.3331845297032445e-06 5.841034273940437e-07 1.2950646376058817e-06 0.0 1.8497576514150847e-07 1.4167968681489582e-05 1.3627782948316448e-06 1.015463171492109e-06 1.3313590413929598e-06 2.4552025983063792e-05 0.0001443889059779129 4.5437187883935443e-07 0.0 2.2189766193782104e-07 8.212298832546505e-08 0.0 0.0 3.925561105863555e-07 8.988291418703016e-08 2.174042178563516e-06 3.1837137152381607e-06 1.2502088711892522e-06 2.023683244928458e-07 0.0 0.0 0.0 0.0
6.589823016237793e-06 2.141434184055863e-05 0.0 1.0800860376286153e-05 5.5678640588980994e-08 3.84672921981886e-06 0.0004988151355657633 2.205573587897219e-05 1.0597007295134302e-05 2.8488341377725142e-05 6.158248065809402e-06 6.773058765644697e-08 6.510236384155434e-07 2.9872004907668213e-05 0.0 1.0543949309629734e-05 0.0021114556271864763 7.257044897742026e-06 0.00012263505587328563 1.1580704303523935e-06 0.00018526273950683625 2.7324756998027686e-05 0.008473848066996983 0.00011870963183110693 1.1195908375753407e-06 0.004637600549432479 0.006258257696314754 0.00048624548074906 2.0273559200026888e-05 0.0003564026064222087 0.0 1.1763103713209207e-07 6.038936312275804e-06 0.0001766617948044111 1.2997043329144981e-05 0.0005638823386464683 0.0005088086614064297 0.0004959023284163079 0.00021850094757691429 1.0556139433850493e-05 1.7037437108203794e-06 1.6099441463443397e-06 3.3149119551398567e-06 6.038873494096863e-07 0.00027083586439710086 0.0014947375091138658 0.0 0.0 0.0 8.238182263408747e-06 1.214230310582176e-06 1.4115946435781175e-06 4.953132754360322e-07 3.6616747909857136e-07 0.0 3.8081689112848986e-07 1.6011099553916642e-06 0.0 1.7850572229214493e-05 7.217030217033423e-05 7.73017687505467e-07 4.594068254732031e-06 7.921875566471943e-08 1.3608123053125753e-05 6.578746232713469e-05 0.00010712254842395109 9.566986836852086e-06 1.12013045579648e-06 0.0001597626512890341 0.0027552857147871233 1.3886395409054678e-05 1.725888796237165e-06 4.821410420557355e-06 2.8458573637122556e-07 0.0 0.0 1.8531369311189675e-05 2.249693816677756e-06 5.7501273349302114e-05 3.379729363844741e-05 4.988101399788117e-05 1.566668318154697e-05 4.57258716410463e-06 9.261557991592833e-08 0.0 0.0
1.2884257953291145e-05 0.0 1.0800860376286153e-05 0.0 3.432957662915377e-07 3.130467011818655e-05 0.0001886966879996532 4.3481382043903714e-05 0.0004687746455178707 0.0007094396139991702 1.5725780184582775e-06 0.001965922429011804 3.2752505119505738e-06 4.567100915499431e-05 1.918605083981684e-05 5.913768746029516e-08 2.7343550711114503e-06 1.4987753339784358e-07 6.107479496366502e-07 0.0015375528586390212 1.0282507222186379e-05 0.0 1.1862202898627035e-05 0.0009075415311826649 0.0 4.030840109040647e-06 2.7005208294917804e-06 0.0016196004451465825 9.588532881590718e-05 3.1627013694937905e-05 0.0 2.583045877797374e-06 5.204411322968796e-06 2.1000630667906237e-05 4.558846370888382e-06 8.64298005608812e-05 3.5547810194316985e-06 6.524543294000878e-05 1.314740839042538e-05 3.0001531031998495e-05 1.276037667151971e-06 5.4206239147308515e-08 1.7242665262233745e-06 1.593852585668049e-07 0.0 3.255394774788083e-07 0.0001384787552442214 1.1459318825617048e-06 1.66180076397623e-05 8.377622089932295e-05 3.066537353315843e-05 9.702281183897943e-05 0.00024690998115718606 1.1459194274177153e-06 6.576361795323353e-05 0.0 2.0998269857817202e-05 2.104819125620265e-05 1.711818359255869e-07 6.39625104618285e-08 5.898091681125003e-08 0.0 0.0001595912496572896 2.669834630868652e-07 9.310789535597684e-07 9.739818461878947e-07 0.00015440126437458505 0.0 7.867599689151377e-08 1.876203544445938e-06 0.0001223577267750322 1.7010054634739455e-06 1.3003758107829426e-06 0.0 4.224108908756941e-07 0.0 5.133672065020167e-07 3.441566629890394e-07 8.32666555487943e-06 6.996237101889365e-08 6.349610325586595e-06 1.5366430865432563e-06 6.796476677556972e-05 1.4190738683235384e-07 4.091491531890375e-07 3.1921847406012927e-07
4.4982148655626086e-08 0.0 5.5678640588980994e-08 3.432957662915377e-07 0.0 0.00028691649174814423 1.0308325622207996e-06 0.00020429998122906807 1.9392637821505555e-05 6.811753686091594e-06 1.9047745894608085e-05 1.6937358480954394e-05 3.250406336161524e-06 1.1509171988371242e-05 0.0010918566633137663 0.0 1.1126827864617055e-07 1.3842846561967501e-06 9.648490172842055e-07 1.2446132674904684e-06 0.0 1.785488929989193e-07 6.917409958792054e-08 2.753023229923e-06 0.0 8.55089495538682e-07 6.394773273683379e-07 1.3004350030517697e-06 9.806104559750209e-06 8.080795245332567e-07 0.0 2.9374535539743337e-05 0.0 0.00023253618562537847 1.936592838262422e-06 3.648959079673935e-05 2.6333657908271567e-06 0.00015135211001085874 4.0589389395762156e-05 0.0007041156879466465 0.0002263015838760221 4.406923535113444e-06 1.514907079445936e-06 0.0 0.0 0.0 0.0 0.0 0.0 0.0 5.017966239836733e-08 1.6578990059709895e-07 0.0 1.7898677160835386e-07 0.0 0.0 0.0 0.0 0.0 0.0 0.0 0.0 0.0 0.0 0.0 0.0 0.0 0.0 6.291763451419985e-08 0.0 8.472512129030675e-08 0.0 0.0 0.0 0.0 0.0 0.0 0.0 1.062224928251228e-07 8.301342155826757e-07 7.20484006461907e-07 1.0225540669745563e-06 7.40712223805865e-07 5.968029634351584e-08 5.640005751784701e-07 0.0
1.5385258667784538e-05 0.0 3.84672921981886e-06 3.130467011818655e-05 0.00028691649174814423 0.0 0.00044642172681629087 0.005996608213154723 9.939349474949884e-05 0.003832399018568649 8.012848047019384e-05 0.0015269832595663092 1.3747139005047031e-05 0.0009446842639879961 0.0008315586399096276 1.4562311780476782e-06 1.8548381510428908e-06 8.791903586839892e-06 1.0914121592172526e-05 0.00012624415421461877 5.5098442081200225e-06 9.331805717455025e-08 8.639545698952378e-06 3.999745977328914e-05 6.529072202052792e-07 1.3259606069060994e-05 9.585596899019224e-06 8.625505147892803e-05 0.00030900887274134907 2.330056053059837e-05 9.425153381470418e-07 0.0003410667544841334 1.0426048788148706e-06 0.0002730772888868031 6.281098154447552e-06 0.00024030571816448427 1.4480970261432022e-05 0.0003463314689141773 4.685043441150581e-05 0.0010251327975161172 8.487968419548794e-05 1.51630657546956e-05 3.737533402187537e-06 1.0420949887740839e-07 1.0376552117310916e-07 6.663418524207931e-08 9.814415488334148e-06 0.0 3.3895270718887256e-06 2.7138733512597643e-05 6.299329309007913e-06 5.1662041159825315e-06 2.7082866799334423e-05 1.1103736384541573e-06 9.696275935152799e-06 4.793038473338882e-07 4.95814490415498e-06 1.0464475601807003e-05 7.567497098856722e-08 0.0 5.052960198114187e-08 0.0 1.4095396133409983e-05 1.0630173894641619e-06 1.175480730254095e-07 2.1173402890104525e-07 1.9422713917926517e-05 1.0986169675194703e-07 2.1733132064656455e-07 8.460243312567808e-07 3.279556837300493e-05 6.078920957529592e-07 1.760674079105061e-06 6.0355350872506e-08 5.715172367320424e-07 0.0 5.119894641546638e-07 0.0 8.004498102429228e-06 2.1053588509056796e-06 4.063737934392052e-06 9.610175401947527e-07 6.4540845444527e-05 5.107006708069651e-07 1.4331937297429746e-06 0.0
0.0012101877929690946 1.2627751300520612e-06 0.0004988151355657633 0.0001886966879996532 1.0308325622207996e-06 0.00044642172681629087 0.0 0.001466975176405513 0.0001246799740787798 0.007927310414675016 1.0329074850002099e-05 1.7470683292707738e-05 3.6539198079248433e-06 0.003419906687531555 2.167598864917099e-06 4.590580164891724e-06 6.946070870347412e-05 2.5294346733399344e-06 1.2208746234865138e-05 8.690609277224248e-05 0.0008214219273211436 2.9047264340442425e-06 0.0006099095308124513 0.0013282624116997877 1.305742718052749e-06 6.293485010344225e-05 8.940804174431296e-05 0.008303882196658334 0.0008843122203175334 0.003111555444961755 3.8422809097531513e-07 1.288823894564061e-05 7.773906247141581e-05 0.0002171234113318596 5.1822652243670884e-05 0.0007623492207524188 2.199206860895505e-05 0.0006418545935611994 0.00016897286034429982 6.872102498548824e-05 1.9078032604301982e-05 2.6496420266713615e-06 1.531444118867661e-05 8.574712545375216e-07 1.3768769396805895e-06 9.480428693091499e-06 1.1686117147751179e-05 6.286204674262986e-08 1.3438724105039285e-06 8.350312911599963e-05 2.493042237220114e-05 3.135940202507997e-05 5.2688451778342534e-05 4.5886563412098317e-07 4.179177551393366e-06 4.697728071346452e-08 3.357968549598026e-05 2.6450683086515587e-07 5.480782588530217e-06 5.33433781772418e-07 1.6942798748665418e-07 6.646444554052487e-08 2.2799139898504385e-05 4.392763114177836e-06 2.143218102567067e-06 3.4676917155276947e-06 8.209945979474388e-05 0.0 7.01397907977734e-07 1.8973227075036945e-05 0.00012207854762038225 3.6168721998256578e-06 4.749769246018672e-06 0.0 8.05625051047659e-08 4.5712143574203546e-07 1.2695931222663918e-06 2.2499201220045915e-06 2.4570926564141087e-05 7.744995962547576e-07 7.055455034023758e-06 3.6432742357606696e-06 9.977890016920514e-06 2.398803952609438e-07 2.9020170726391984e-07 0.0
0.0006048824321576927 6.684859608484579e-07 2.205573587897219e-05 4.3481382043903714e-05 0.00020429998122906807 0.005996608213154723 0.001466975176405513 0.0 2.5167887140464254e-05 0.0018876729366494077 0.00011654072159298653 0.0006677951558227458 2.580510839158615e-05 0.006152332769252598 5.385409967918788e-05 4.586515055710217e-07 2.1805818232913467e-05 1.0330676845611018e-05 1.9645645221200713e-05 0.00012275996207422387 3.3847067102555307e-05 2.1516834677988617e-06 7.642918891028551e-05 7.218061863048588e-05 1.0517399774811891e-06 2.184783157130649e-05 2.9328299290133913e-05 0.00021729102439073842 0.0004941908623020855 0.0006991425170711311 1.4317493327468277e-06 0.0005257550580393492 8.611854430706139e-06 0.0004114743443392276 8.00613313093579e-06 0.0002018589299562303 1.820433662968057e-05 0.0003780235218328712 6.566553417610606e-05 0.00021778584410700444 5.757561307532291e-05 1.843734673539766e-05 2.8135737910880782e-06 2.0212504590961624e-07 5.495840136713978e-08 5.044247807049536e-07 1.1759413707283907e-06 0.0 7.501224883653115e-07 3.291106404886062e-05 7.246612290696027e-06 8.511111633795709e-06 1.0029936063017251e-05 4.5312711032152765e-07 1.8947466807347833e-06 6.205238315575375e-07 1.2179223228919917e-05 1.6506708398127803e-06 1.2042394935604561e-06 0.0 4.472680999558179e-07 0.0 3.1586681122909714e-06 3.136193793522193e-06 7.283512535527131e-07 4.4411681648055427e-07 2.803047184106811e-05 6.027148385710444e-08 5.365677957801271e-07 2.1770079339254745e-06 5.018523433729253e-05 1.007857332535096e-06 2.5415065415001654e-06 0.0 7.410134741251877e-08 2.4087931208413236e-07 3.749908387154284e-07 3.2010610827590287e-07 7.068164277225806e-06 2.598925526154195e-06 3.2546262888351264e-06 1.4100505554667272e-06 2.612316568934555e-06 4.023715634632756e-07 1.3420312225982755e-06 1.8674053770529843e-07
5.209014323067805e-06 0.00043837482516187443 1.0597007295134302e-05 0.0004687746455178707 1.9392637821505555e-05 9.939349474949884e-05 0.0001246799740787798 2.5167887140464254e-05 0.0 0.00018546628252984773 2.063309110659165e-06 0.00053898649547625 1.0815394269532176e-05 2.3323328687269835e-05 0.0003751754338349531 5.795089015751511e-05 1.4626816228885708e-05 3.75089195096044e-07 4.959343577933618e-06 0.00044102443051189397 4.2354150004041335e-05 0.000838862252499424 1.2835279894663739e-05 0.004046238477939462 6.129763269276287e-05 6.263615699291484e-05 0.0005290864712366134 0.0006132975543628824 0.00013041471334883045 4.284382081731423e-05 7.939458446847293e-07 2.590305642191939e-06 2.3065066273178657e-05 2.9582086014255464e-05 1.2068691763045357e-05 0.00018854243391066674 1.0590813080798867e-05 9.220786651607967e-05 2.4452298034140667e-05 0.00027445501370059654 3.2518724957559655e-06 2.8368578262621084e-07 1.66718524013668e-06 8.757878653040054e-06 2.676458194359617e-06 2.331278967617855e-06 7.781709000854426e-05 6.706841224597517e-07 1.2783714242400037e-05 0.00012039057684695584 3.429140195186305e-05 7.515765516595247e-05 0.0001471890472530893 2.032456362849876e-06 7.302317122418598e-05 3.815575582139974e-07 7.508103013870701e-05 4.223469229691928e-05 0.0001263636893541933 1.8222136572167015e-06 3.07766336749197e-07 1.1337560549904677e-06 9.999576917917475e-05 9.536980409653026e-05 6.164352563851211e-06 2.7543748746395648e-05 0.0005910427126220042 1.7000502824070867e-07 4.42286178688558e-06 1.5193576360770146e-05 0.00036282119294620853 3.0228716359367397e-05 7.395265084446849e-05 1.2939224402322954e-07 1.225694221394547e-06 2.336439454965499e-06 5.814463129983091e-06 3.020501950933071e-06 4.74325767282998e-05 1.8690519577948135e-06 2.0133657933615797e-05 5.628286360630562e-06 0.00012250007681554063 2.5142709173953907e-07 1.4959501290278627e-06 3.844856305199721e-07
7.707554360057745e-05 2.5740089285207393e-07 2.8488341377725142e-05 0.0007094396139991702 6.811753686091594e-06 0.003832399018568649 0.007927310414675016 0.0018876729366494077 0.00018546628252984773 0.0 4.929108915038838e-05 0.0024994953755911736 1.7610113219354657e-05 0.0011183674276095095 2.58424737735911e-05 2.595330493378419e-07 8.915068726382407e-06 9.920847655835394e-06 1.6267271320341464e-05 0.001345311178795671 2.992738439996647e-05 5.085860478806296e-07 4.4620987891025815e-05 0.0003833787036267041 1.3852709904694622e-05 1.9169421823617755e-05 2.3339658394581775e-05 0.0014676799307606673 0.0009504302182265757 9.12612099960149e-05 1.2312079423358257e-06 6.970416923887021e-05 1.0561177446805177e-05 0.00035519237017295517 4.373119188337515e-05 0.0011300549534090645 1.745319377594898e-05 0.0009101192610444113 0.00012928046774244266 0.0001639079467981778 2.7438843690180582e-05 1.70126496443612e-05 1.9672881626874696e-05 4.548705092872222e-07 5.777145238121717e-07 5.58749072490665e-07 7.275306482467506e-05 1.5990795206735556e-06 1.9715481395558683e-05 0.00025419573705329256 8.167317561104174e-05 5.92899840003531e-05 0.0002835622200283915 4.247487274694847e-06 4.687430599757689e-05 1.8369486599968487e-07 7.880519393595085e-05 1.5210857087917454e-05 1.485012142915861e-06 0.0 4.4126830006850856e-08 0.0 0.00012987930459520318 2.2047502111611226e-06 5.634876230994192e-07 1.0771059203079298e-06 0.00022339403639468994 3.7469502012365666e-08 1.775078899229977e-06 1.7320777894047925e-06 0.00031725627667916566 6.124609262886087e-06 7.306999735869365e-06 4.9400680577653386e-08 5.353704460296894e-07 1.932093897501075e-07 2.4140588737841286e-06 3.467120977290627e-06 4.279686994221979e-05 8.249374976843785e-07 2.4522843070356856e-05 7.1764205416056085e-06 6.90027143370101e-05 2.3400379780366395e-07 5.595991699716305e-07 0.0
5.749483130615175e-06 1.4029755832970172e-05 6.158248065809402e-06 1.5725780184582775e-06 1.9047745894608085e-05 8.012848047019384e-05 1.0329074850002099e-05 0.00011654072159298653 2.063309110659165e-06 4.929108915038838e-05 0.0 4.203769604733191e-05 0.001376747102141971 0.00015896439217445368 7.687708652676533e-07 2.3823449259285586e-07 0.0003019226541155066 0.0014657805316090008 0.00046608156096964365 1.0252956029786365e-05 1.0349291704257675e-05 2.385199562848324e-06 4.071843756018726e-05 3.589986961404803e-06 0.00047900714752461957 0.0015411446675453128 0.0003131667445912415 8.379589899187155e-06 0.0002658251471188733 3.446405959387425e-05 0.00019695054874121486 0.0003123912781439139 5.572418516054836e-06 0.0037268689472470745 9.049142969664346e-07 0.00015011478708888855 0.0021662922491648287 0.0025228464034801525 0.0003052914140441792 9.478860922362486e-06 1.1694221824146991e-05 0.0005154801019462752 2.977761039415372e-06 5.400843433047245e-08 1.4924315101664257e-05 1.0468155668598782e-06 0.0 0.0 6.534723696871927e-08 1.0711778998793765e-06 1.3788771465850617e-06 2.5522774502422505e-07 9.941234128453012e-08 0.00025087195183587726 5.642453954872594e-08 0.0006851070805576205 1.3104943055213864e-06 0.0 0.0 2.0233754708259804e-07 5.6372770481477395e-05 7.0943407465774785e-06 0.0 3.865353867709057e-07 9.657058955025864e-07 3.4486769111442307e-07 1.2382073478264925e-06 0.00010769702741541004 0.00016653728841763339 0.00022731765727105588 2.2932023861846844e-06 6.181540280694037e-07 2.9454168612739377e-07 4.7606923680404974e-05 6.684600512939129e-07 0.0 9.18522964659096e-06 0.0 8.970090356341545e-06 0.00028612921910551713 2.485185387141051e-05 1.5558967834434847e-06 1.4975959496133398e-07 9.00739454040691e-08 0.00019677939316101834 0.0
1.2573823025212818e-06 0.0 6.773058765644697e-08 0.001965922429011804 1.6937358480954394e-05 0.0015269832595663092 1.7470683292707738e-05 0.0006677951558227458 0.00053898649547625 0.0024994953755911736 4.203769604733191e-05 0.0 6.926007594797967e-06 0.00018123374745565888 0.0004800389817123899 0.0 1.472398525955419e-06 6.451598915263081e-06 7.898848435594538e-06 0.0013517058587878207 4.900487894204813e-07 0.0 8.288364895056344e-07 0.0001680667071316626 2.6674876891720358e-06 8.715187847603045e-06 7.656922252598452e-06 0.00030289242007389453 0.00024243042458981526 2.3781275499351744e-06 1.0013848902682662e-06 5.8256814974459404e-05 2.1796453445689226e-07 0.00015780696959716682 2.3440481239881805e-06 0.00024459900535190465 6.337715584562893e-06 0.00029918891566324286 2.084996963100646e-05 0.0007854687369644475 7.804977805421574e-06 3.0489667621348534e-06 1.189794281653399e-06 0.0 1.226424446144435e-07 0.0 5.887806277821314e-05 1.5166205789284374e-06 1.8314981123310224e-05 1.1685722301842668e-05 4.367495003116763e-06 5.365372182945687e-05 0.0001442771236479945 2.376071601800338e-07 9.496507877851362e-05 2.2901380317630868e-07 2.567960521452589e-06 6.739242220322158e-05 0.0 0.0 0.0 0.0 0.00010813696402147584 2.0965444811191117e-07 2.1720659076621196e-07 0.0 6.612086605747341e-05 5.972160174080336e-08 1.0399337893193231e-07 3.651985010154766e-07 2.8458941663430186e-05 1.5318680805488718e-07 6.122300403952083e-07 0.0 0.0 0.0 2.7357306222099754e-07 5.058794915595902e-07 3.383854838005767e-05 2.6428447621006673e-07 4.911573329236316e-07 8.375848434602489e-07 0.0003058828069427353 1.4797716036098146e-07 4.084929683816318e-06 0.0
3.338525973115805e-07 0.00020045709210858163 6.510236384155434e-07 3.2752505119505738e-06 3.250406336161524e-06 1.3747139005047031e-05 3.6539198079248433e-06 2.580510839158615e-05 1.0815394269532176e-05 1.7610113219354657e-05 0.001376747102141971 6.926007594797967e-06 0.0 1.8471561622634168e-05 1.4016778864842105e-07 4.1029811702480236e-07 1.9596555323231665e-06 7.339619022089219e-05 1.277531546757847e-05 1.3399323809460723e-06 1.7077353382211578e-06 3.9636351884165474e-05 2.8914228163820226e-06 1.2436361689389972e-05 0.003064331515067556 0.0013582215651821428 0.0032719122251304977 5.4195408668003845e-06 2.7249036021520157e-05 3.625023802493194e-06 0.0006077160835445337 3.574790363137027e-05 1.4870966914873544e-07 0.0006532621231522274 1.8003284774650501e-06 0.0004405612446308554 0.0018089446772135583 0.0021495229090988045 0.00028515243142944365 2.4829796500185406e-05 5.138319264820699e-05 0.00031130197472622545 9.960989264453922e-06 0.0 0.00012160215921890753 6.076259553782121e-07 0.0 0.0 3.599802060969616e-07 2.9664757011072413e-06 2.4897140592946793e-06 1.45823669534019e-07 1.4814605354100171e-06 0.00035219642086892797 1.9159210893153108e-07 0.0012564995361076783 7.543345932275575e-07 2.2901982018856257e-06 7.303253153612353e-07 7.902381089154903e-07 0.0001175278429629912 1.6090039564172637e-05 0.0 1.7689305833492234e-06 2.0822267113873733e-06 1.2244468262331738e-07 6.269108186888871e-07 0.00039974898318475763 0.00043400764031682466 0.0005855157117742318 1.35726438831229e-06 1.0313379484244183e-06 2.464314119991823e-06 9.562118847676169e-05 1.943828741598903e-06 0.0 9.098559663488726e-06 5.301919968655132e-07 0.00017466907734218465 0.00043831399487744693 6.17367342224655e-05 9.08566989921264e-06 6.812452222671134e-05 6.977343704824922e-06 0.00013531060213293827 0.0
0.0040347034818338364 3.3709000685844786e-07 2.9872004907668213e-05 4.567100915499431e-05 1.1509171988371242e-05 0.0009446842639879961 0.003419906687531555 0.006152332769252598 2.3323328687269835e-05 0.0011183674276095095 0.00015896439217445368 0.00018123374745565888 1.8471561622634168e-05 0.0 1.6847977915914383e-06 1.411708345838147e-06 4.27125445346937e-05 2.1225805060530312e-05 4.497188352922544e-05 7.310367083973564e-05 5.211977038518119e-05 5.618677691694341e-07 0.0001203572234738208 8.784569365665934e-05 8.847195586212634e-07 3.93045470481405e-05 6.643153001031115e-05 0.00023068144029192433 0.005127466050899015 0.00228345984190919 1.6774234791290717e-06 0.0006616257180734207 2.9612650302357482e-05 0.00047997089803032293 8.59606459500079e-06 0.0002452442936177792 1.8257791638067234e-05 0.0005548665867865275 6.828745956029797e-05 9.752364705432425e-05 2.0755795127439443e-05 8.007186793291585e-06 2.6874721639875723e-06 2.9443188814459185e-07 2.2080274057925728e-07 4.3876246071258454e-07 5.206830939895271e-07 1.0568587954130106e-07 7.920485872182695e-08 1.5574238743874598e-05 3.0945377214771634e-06 4.648374559719546e-06 1.2095781715497593e-06 2.064762915036273e-07 1.6581379377446549e-07 5.602370553531563e-07 5.178286098147939e-06 9.366109824920688e-08 1.5189154124424203e-06 1.973400686624216e-07 0.0 4.0674583501402585e-07 3.3563309761736505e-07 5.214169053926265e-06 6.011309118429335e-07 1.2602747081484512e-07 1.6493885909473296e-05 3.605308233879508e-07 1.4842175332798092e-06 3.0766756067662344e-06 3.47880556184897e-05 2.147435928230406e-06 4.233558219657473e-06 1.1505118424287385e-07 1.107952436976415e-07 8.008661154009489e-08 4.3799492406286603e-07 1.886216712919465e-07 5.092682386004287e-06 1.0700196892590626e-06 3.5901628073388405e-06 1.2424688699892608e-06 1.0835276426588925e-06 8.534464229362625e-07 7.593552903201682e-07 0.0
0.0 3.140808734856672e-07 0.0 1.918605083981684e-05 0.0010918566633137663 0.0008315586399096276 2.167598864917099e-06 5.385409967918788e-05 0.0003751754338349531 2.58424737735911e-05 7.687708652676533e-07 0.0004800389817123899 1.4016778864842105e-07 1.6847977915914383e-06 0.0 0.0 0.0 6.236878735255698e-08 1.7738518284368044e-07 4.915235830706254e-05 0.0 0.0 0.0 0.00012836557586873645 0.0 5.168695965606524e-08 1.432496769863323e-06 7.679785039813762e-06 1.8827678478607015e-06 4.330923509848417e-07 0.0 0.00010853205902215982 0.0 1.3823578275775402e-06 8.013320591256653e-08 3.925394949246403e-06 2.5002168398353117e-07 3.44680165181747e-06 2.5015706319043513e-07 0.0005700088455843715 0.00013446237636747217 1.668764031348401e-07 0.0 0.0 0.0 1.4372959224205254e-07 1.0097719629645768e-06 0.0 6.768650358434277e-07 0.0 0.0 0.0 7.568703641859573e-07 0.0 6.049934375721307e-07 0.0 2.1922563741427194e-07 3.5996294019821636e-06 0.0 0.0 0.0 0.0 1.362055111342242e-06 3.2625639413931596e-07 0.0 0.0 1.0435514055195023e-06 0.0 0.0 0.0 0.0 0.0 0.0 0.0 0.0 0.0 0.0 1.0116387713512325e-06 2.0287279451177575e-05 0.0 2.310349411465399e-07 1.993139234800122e-07 1.5412272597463917e-05 0.0 7.314243694008132e-08 0.0
8.718446905546313e-07 6.890245346852064e-06 1.0543949309629734e-05 5.913768746029516e-08 0.0 1.4562311780476782e-06 4.590580164891724e-06 4.586515055710217e-07 5.795089015751511e-05 2.595330493378419e-07 2.3823449259285586e-07 0.0 4.1029811702480236e-07 1.411708345838147e-06 0.0 0.0 8.0273171110625e-06 5.037335951585334e-08 1.0904545049656414e-06 6.520367805120674e-08 0.001807027841913105 0.002084406713980447 0.0025185111960610014 0.0010949125584442455 6.437006882546936e-07 7.853410560714838e-06 0.0015720217335521579 0.0005916725248218757 2.109676154983236e-05 6.449664086801245e-05 1.5463748615516609e-07 0.0 8.745798141224024e-06 2.7689475537036037e-05 2.8009145797354925e-05 0.0006360670193098222 0.0001689908418820719 0.00019459830445440793 0.00027656394423355963 1.5622118105343343e-05 1.088570976708043e-06 7.101408480488439e-08 7.969890817487297e-06 5.2000736531248506e-06 9.677476861714613e-07 1.270202682366448e-05 4.452005496223825e-07 4.29132657288481e-07 9.809218167307103e-08 1.0881822759320354e-05 5.290832142521484e-07 1.2341134262210649e-05 3.3073619751839104e-06 1.3692307018038168e-07 6.66806154493293e-08 0.0 9.500400245249047e-06 2.2845447406526423e-06 0.0009947920249742598 5.559039321720903e-07 0.0 9.902271832823397e-07 1.0607967193734584e-06 0.00027239599570823454 0.0004946243037111574 0.0007360258161827715 5.0927360127152195e-05 1.5758523687488223e-07 1.6280856595560681e-06 0.0002912412903320872 8.133943058477606e-05 1.3139921253630038e-05 4.644240568595445e-05 0.0 4.369751297060562e-08 1.336424662655352e-06 2.828866552346356e-06 4.440923758478616e-06 9.940028844169156e-05 3.195064698222091e-06 1.057587211847294e-05 1.1204537142481672e-05 3.493032404033253e-05 6.256495051717666e-08 1.4115776560464872e-07 0.0
1.259646703371982e-05 1.0389008003612647e-05 0.0021114556271864763 2.7343550711114503e-06 1.1126827864617055e-07 1.8548381510428908e-06 6.946070870347412e-05 2.1805818232913467e-05 1.4626816228885708e-05 8.915068726382407e-06 0.0003019226541155066 1.472398525955419e-06 1.9596555323231665e-06 4.27125445346937e-05 0.0 8.0273171110625e-06 0.0 0.00010529386542576275 0.0026229331654624584 2.6754216373061545e-07 0.0005348076858833569 2.6541181466824964e-05 0.003347054309917527 4.6115455176276385e-05 5.954339646702621e-07 0.0014717198191856419 0.005554108565699796 4.041665796862144e-05 6.0757528492603936e-05 0.0005896721249340476 2.964170739312846e-07 3.5046011250607353e-06 1.5006625834333517e-05 0.0013638683893044351 4.986793266349788e-06 0.00030232846579687734 7.912404221029855e-05 0.0006455067879748007 9.226051469879652e-05 5.4700331426064556e-06 4.826692879095866e-07 3.2109830860024094e-07 8.089041764048682e-07 2.2542912708473213e-07 2.3406418987044515e-05 6.201974182428592e-05 0.0 0.0 0.0 9.598957135838862e-07 5.724348346695736e-07 4.0571000242882393e-07 0.0 1.8017505658351004e-07 0.0 1.455375295527055e-07 4.04712431046691e-07 0.0 2.2404665963404348e-06 2.205698890214562e-05 6.901296821095542e-07 7.289167277962606e-06 0.0 3.1959094746085894e-06 1.895216682195521e-06 2.390251397800908e-06 1.3196170917960817e-06 5.083853987228887e-07 9.979328652431145e-05 0.00020109562246671298 2.4905060208743302e-06 3.883741800056081e-07 1.2560625033595483e-06 8.382543163717034e-08 0.0 0.0 3.3419164346125664e-06 1.0532751971018022e-06 1.4341551519433029e-05 6.392699217410834e-06 9.62448617324449e-06 8.254526909755857e-07 6.572065574699705e-07 2.477216935403034e-07 0.0 0.0
1.0834405708528596e-06 3.585688919617839e-07 7.257044897742026e-06 1.4987753339784358e-07 1.3842846561967501e-06 8.791903586839892e-06 2.5294346733399344e-06 1.0330676845611018e-05 3.75089195096044e-07 9.920847655835394e-06 0.0014657805316090008 6.451598915263081e-06 7.339619022089219e-05 2.1225805060530312e-05 6.236878735255698e-08 5.037335951585334e-08 0.00010529386542576275 0.0 0.00043675565932684696 1.171334384269542e-06 3.231784404135102e-06 2.735168891647243e-07 1.079044897510422e-05 9.96473662828014e-07 2.003867758937027e-05 0.001662874187699167 0.0001597679185230327 1.2183784945034497e-06 3.0478679561275126e-05 9.823516208661771e-06 5.5415385289527046e-05 2.551362931473267e-05 9.89009113025884e-07 0.00045811800418529727 9.284730483636383e-07 0.00018959919361809325 0.0005449795261605353 0.0009067895004663136 0.00017891675253966374 8.552458878939553e-07 2.525801597058449e-07 5.736136544490595e-06 9.870511965100293e-07 0.0 3.429613606644201e-06 2.0161460270340896e-07 0.0 0.0 5.27416748105646e-08 4.2697137575110914e-07 2.6561292616521847e-07 8.797418656791032e-08 0.0 1.3199509256999712e-05 0.0 5.128142795491117e-05 1.8835308628292066e-07 0.0 0.0 7.020960955277384e-07 2.6788726290183e-05 1.3860533041304136e-05 0.0 1.296227605448814e-07 2.7253146244018336e-07 1.961639818769949e-07 3.387532468014644e-07 1.1796150379315691e-05 0.0001358386166066159 0.00015290546294355987 2.734153065806226e-07 5.2887571298080816e-08 2.0904987042633165e-07 1.0502341370113928e-05 0.0 0.0 1.378288585715019e-06 2.682857643772574e-07 4.586912057179464e-06 2.9826866430895873e-05 7.191352556926958e-06 1.6592386227300218e-06 1.1179297567618693e-07 0.0 3.5178340089252845e-07 5.7815654224023904e-08
4.551358538175253e-06 1.2446907934457435e-05 0.00012263505587328563 6.107479496366502e-07 9.648490172842055e-07 1.0914121592172526e-05 1.2208746234865138e-05 1.9645645221200713e-05 4.959343577933618e-06 1.6267271320341464e-05 0.00046608156096964365 7.898848435594538e-06 1.277531546757847e-05 4.497188352922544e-05 1.7738518284368044e-07 1.0904545049656414e-06 0.0026229331654624584 0.00043675565932684696 0.0 1.9909111737056352e-06 3.2057992500776776e-05 7.948715948530391e-06 0.00020377237582657232 1.0569284228798399e-05 9.469953670748563e-06 0.002699377588516312 0.0017136739419176047 6.671824654345189e-06 6.333617175536819e-05 0.00011588105539796413 7.352380288536239e-06 3.388453607995272e-05 6.967367762599806e-06 0.0015391203490773343 2.22955464112249e-06 0.0003697350866215679 0.00035431163125337125 0.0011680648980125052 0.00018835916342960904 4.16446770158022e-06 3.489039214921583e-07 2.6175289931619916e-06 4.131873071549132e-07 7.262374621589134e-08 3.456692212781456e-05 1.0067260264533228e-05 0.0 0.0 4.383569369270492e-08 1.4805972261975187e-06 1.0447271639744857e-07 2.3099827520116821e-07 4.846602016349908e-08 4.397057501504214e-06 0.0 8.273455277581318e-06 3.420084468620243e-07 0.0 2.443610351688874e-07 2.1639159259477063e-05 1.1455409066698537e-05 4.218020466430684e-05 0.0 5.794264851379227e-07 6.893193590067442e-07 1.4377027773718797e-06 5.070839468090777e-07 4.9654380654657185e-06 0.00030720532188616134 0.00034460972814483377 1.5442151217398484e-06 1.4813600805696114e-07 1.356506626630877e-06 2.6648943890098798e-06 0.0 0.0 4.163274909199087e-06 1.1628948964730103e-07 1.5346783268358253e-05 1.791941788058844e-05 1.8911491676366365e-05 3.3147064809521226e-06 2.387008181801528e-07 0.0 9.277505679296409e-07 0.0
3.6937632782256395e-06 0.0 1.1580704303523935e-06 0.0015375528586390212 1.2446132674904684e-06 0.00012624415421461877 8.690609277224248e-05 0.00012275996207422387 0.00044102443051189397 0.001345311178795671 1.0252956029786365e-05 0.0013517058587878207 1.3399323809460723e-06 7.310367083973564e-05 4.915235830706254e-05 6.520367805120674e-08 2.6754216373061545e-07 1.171334384269542e-06 1.9909111737056352e-06 0.0 8.519109035356796e-07 1.4990839645951135e-07 2.2415268003234313e-06 0.0002273821912299478 1.1059807769764612e-07 2.310226922797203e-06 2.097339247782767e-06 0.0011945371040482107 0.00010795739413500027 4.722979109224474e-06 0.0 9.973564042064212e-06 6.469787643820081e-07 4.724778868608923e-05 4.376356145716261e-06 0.0001297902034429392 2.284978415204879e-06 0.00012054244350253687 1.4127854706160428e-05 7.754654646916737e-05 2.9196820606070333e-06 1.3694690018982599e-06 2.0548471572089326e-06 0.0 4.3228157464326763e-07 0.0 6.720262228244588e-05 8.725357226422578e-07 1.2675240037982085e-05 4.747211087920375e-05 1.8414578910625448e-05 5.133021414722017e-05 0.00015911471442429936 3.9533705516565164e-07 4.523352786108424e-05 0.0 1.4517159338954181e-05 2.4221199471833122e-05 1.4055559329644714e-07 0.0 5.3105950299759034e-08 0.0 0.00010076702339673178 4.8977366278425414e-08 6.8524016016665e-07 7.14121405003589e-07 9.210578480903441e-05 0.0 1.1066526053019655e-07 3.052674422959101e-07 6.796088403610542e-05 3.21088688518253e-06 1.6215854305410712e-06 0.0 3.4117995495175013e-07 0.0 5.234015522891353e-08 0.0 1.0250870414140929e-05 0.0 9.755741296395484e-06 1.109176552795598e-06 9.88892177353374e-05 0.0 1.0632236951844316e-07 0.0
1.4276344329673601e-05 1.3972412178740017e-06 0.00018526273950683625 1.0282507222186379e-05 0.0 5.5098442081200225e-06 0.0008214219273211436 3.3847067102555307e-05 4.2354150004041335e-05 2.992738439996647e-05 1.0349291704257675e-05 4.900487894204813e-07 1.7077353382211578e-06 5.211977038518119e-05 0.0 0.001807027841913105 0.0005348076858833569 3.231784404135102e-06 3.2057992500776776e-05 8.519109035356796e-07 0.0 0.00012739707396471108 0.008488854911331655 0.00027318143330487657 8.096462567388052e-07 2.0107785337658178e-05 0.000666558658605446 0.00531444776854931 0.00018413992292258237 0.006084509094829928 0.0 1.1240296974343773e-06 0.0001153944572365941 0.0015007097633760313 0.00021982818926532835 0.002518041708076957 0.00039384824053508314 0.002898230985284958 0.001993073783175485 6.841931553172897e-05 6.1516742193989285e-06 5.53812752396286e-06 4.1348028797238856e-05 8.990784920685655e-06 5.976459946739748e-07 3.798950984126646e-06 9.824270690607564e-08 0.0 3.396752200990334e-07 2.0630023879278672e-05 6.831238648963398e-06 1.4279672297753057e-05 4.412134513973169e-06 9.714396406665687e-07 4.7396335282071937e-07 0.0 1.7733806849571335e-05 1.2891627729797062e-06 0.0003389072307744227 1.000734392715147e-06 3.039859935574749e-07 2.014963245162667e-06 1.2085455187735241e-06 0.0003791299141185262 0.0001326313953738049 0.00015866332725476742 7.800748632729491e-05 1.2065039243891533e-07 1.2305768127100506e-06 1.7788650617219252e-05 0.00012075001482246333 3.439026942520816e-05 8.295783223069679e-05 0.0 2.626629485085827e-07 4.142461589161169e-06 7.451358205818608e-06 2.036209507433182e-05 5.6981975021076405e-05 5.384944994910162e-06 1.6227697659151237e-05 1.4604202505293287e-05 1.877453064833169e-05 0.0 1.4209890340743936e-07 5.283273369019753e-07
8.895063416858962e-08 0.0010075819091095609 2.7324756998027686e-05 0.0 1.785488929989193e-07 9.331805717455025e-08 2.9047264340442425e-06 2.1516834677988617e-06 0.000838862252499424 5.085860478806296e-07 2.385199562848324e-06 0.0 3.9636351884165474e-05 5.618677691694341e-07 0.0 0.002084406713980447 2.6541181466824964e-05 2.735168891647243e-07 7.948715948530391e-06 1.4990839645951135e-07 0.00012739707396471108 0.0 0.0003998748926564662 0.002840396699346802 0.0002945625018777907 0.00010520052958164332 0.0034863507967983318 7.6025349948851e-05 8.148764436432236e-06 1.3956808431451013e-05 2.731572467035892e-06 2.3318176543798025e-07 2.4065974573964465e-06 2.0890932204916732e-05 3.0110859263156306e-06 0.00010591426661519332 2.956702041483822e-05 8.586217901839077e-05 3.333958411648695e-05 2.7697218164879578e-06 2.1448077715091256e-07 9.780835927642996e-07 4.3679469071462206e-07 8.069107145497195e-07 2.9794795555729187e-05 0.00011754458916817686 3.585544882479898e-07 0.0 1.4108336307115544e-07 1.3455352293274632e-06 3.6354501462791083e-07 9.47016917685886e-06 6.126062214317808e-08 9.11552089299545e-08 0.0 2.261207837139627e-07 1.7842696713192855e-06 0.0 0.0005082894162998548 2.3242024580051562e-06 0.0 4.813801305433529e-07 2.8115896581000894e-07 4.204146149431417e-05 0.00014420171671955596 0.0003402413635942261 5.371055899115259e-05 4.0274296943318376e-07 8.864416357365956e-06 0.0010205653012618566 2.3666078129547814e-05 2.357791972105075e-06 3.766712688984358e-06 0.0 0.0 4.1639451030099934e-07 1.946400503997742e-06 1.1652444434003173e-06 2.1039662608846724e-05 3.1486400797272676e-06 9.346476074825942e-06 9.58054857577486e-06 1.7403103969027793e-06 0.0 1.0768456970187802e-07 0.0
3.774557160648828e-05 6.067010056937982e-07 0.008473848066996983 1.1862202898627035e-05 6.917409958792054e-08 8.639545698952378e-06 0.0006099095308124513 7.642918891028551e-05 1.2835279894663739e-05 4.4620987891025815e-05 4.071843756018726e-05 8.288364895056344e-07 2.8914228163820226e-06 0.0001203572234738208 0.0 0.0025185111960610014 0.003347054309917527 1.079044897510422e-05 0.00020377237582657232 2.2415268003234313e-06 0.008488854911331655 0.0003998748926564662 0.0 0.0001272070348337946 1.308665476401875e-07 0.0005949735180179926 0.008849356807030287 0.0010959653174273762 0.0001341887883555096 0.0025711812720837736 0.0 3.000238862754752e-06 4.888723937546211e-05 0.001404818672806946 0.00020528499873610605 0.005149713082347424 0.0032005420811094774 0.0031594123234323845 0.0036094102238843863 0.00014964356745082993 1.2804254466454145e-05 6.806904338233471e-06 6.0251085946453415e-05 3.4336079641839914e-06 8.098385213362921e-06 0.00016868896551510792 0.0 0.0 0.0 9.266813630530463e-06 3.386110518828151e-06 3.028691490042042e-06 5.591803652196648e-06 7.321345481496156e-07 0.0 0.0 6.11304975438259e-06 1.9655737242512764e-06 0.0009888753052762892 4.014843321660569e-06 8.326084602710531e-08 1.2506730804727133e-06 0.0 0.00018802917206611777 0.00041856390737465333 0.0008399674533631205 2.330764773236333e-05 0.0 6.300444968716538e-06 0.0007896793526839682 5.123194250084057e-05 7.590356385070237e-06 2.8793279358265274e-05 0.0 2.1091086879166505e-07 9.610090250160826e-07 2.469270878299415e-06 2.906304224561873e-05 0.00021085259219718672 3.6894311400359033e-06 1.7397116988303007e-05 2.880693769414574e-05 3.4877925181761644e-05 6.725146289195706e-07 2.9625932542852796e-07 5.477585035444116e-07
