0.0 6.673397049359625e-08 2.546521641621392e-05 1.0799842061579632e-05 8.489969706081248e-08 1.253108947114765e-05 0.001725959197320325 0.0005909703367473387 1.506700227096296e-05 0.0001224122439443816 4.638897233795209e-06 2.0357131562164984e-06 6.29670846001886e-07 0.003634561041673781 1.8624883586991274e-07 2.5159048563045924e-06 2.267915993572267e-05 6.014505231060076e-07 2.3389743976732313e-06 8.95016820406779e-06 4.166665830973273e-05 3.7280600383162936e-06 8.414942034437833e-05 0.000115508640025027 0.0 3.7734347962734406e-06 2.567523965245195e-05 0.00015103456575877488 0.003593341492942041 0.0017133911616477738 1.5245624354898194e-07 1.4283316862289235e-05 9.194684486202447e-05 0.00031864874935094283 1.1722458266427421e-06 6.278074637064372e-05 6.669349047675953e-06 0.0001514738909777844 5.467438723039479e-05 2.3925961676067357e-05 1.6431816231687134e-05 1.9421900833836546e-06 4.28459774787826e-06 0.0 7.22977631056001e-08 0.0 1.569662305382539e-06 0.0 9.74069615388612e-08 9.043345943134409e-06 3.759559500198663e-07 2.903850093616079e-06 1.4512716149087113e-06 0.0 7.667057320461214e-07 0.0 3.968202996849464e-07 0.0 2.311042906512116e-06 0.0 0.0 0.0 1.3706849163048524e-07 0.0 1.2450086111540843e-06 9.142985306405302e-07 1.0967463990689613e-05 0.0 9.033636093999303e-08 2.9467021365914583e-06 9.087660449202773e-06 1.053303181341572e-07 0.0 0.0 0.0 0.0 2.980775948609813e-07 0.0 6.408869601251589e-07 0.0 4.4892835884440086e-07 1.4677048404365448e-07 0.0 0.0 1.0207681740112925e-07 0.0
6.673397049359625e-08 0.0 2.1624643903098214e-05 0.0 0.0 0.0 1.192705528313165e-06 1.5954738424684667e-07 0.0002718637041510172 0.0 2.5501341637101118e-05 3.3536160179006653e-07 0.0003206366104751672 4.279223334442708e-07 1.103765632661119e-06 5.6270645736152254e-05 7.128532366017703e-05 2.063497128708397e-05 7.578420855834921e-05 0.0 1.300961255298794e-06 0.001105827940881436 6.165422830809487e-06 5.508874084751214e-05 0.0008919512939851958 0.0011616972049545214 0.00389178913720088 4.5578515605118794e-06 9.789337374156394e-07 1.9396291004008686e-07 6.766740554533278e-05 3.605369857316152e-07 7.383986600800521e-08 2.775167385659507e-05 0.0 3.0923208553653136e-05 9.49337961806717e-05 3.664267440835967e-05 1.093553850275263e-05 4.678805754555054e-07 1.8573155251515755e-07 0.00011887959148761132 0.0 0.0 0.00019116554967408972 4.088860338195587e-05 0.0 0.0 0.0 6.734582277020019e-08 8.361646376116551e-08 0.0 0.0 1.2750543448484977e-06 0.0 2.340464125334301e-05 0.0 0.0 5.523086747929795e-07 6.492203550162875e-05 2.0094351832467322e-06 1.2792496667722319e-05 0.0 5.571305032545466e-07 6.456194854115358e-06 2.1898566522538824e-05 1.1051428650691637e-07 2.25954348118882e-05 0.00023049402903231982 0.0005474244520936824 5.341582795594465e-07 0.0 2.65573183161192e-07 3.172511967349127e-06 0.0 0.0 1.1428990207647131e-05 3.097958822270191e-07 4.8185299268009774e-05 2.9225683046019646e-05 3.3383855063392326e-05 5.318557679803711e-06 3.031954152661038e-06 0.0 2.9597375242872115e-06 0.0
2.546521641621392e-05 2.1624643903098214e-05 0.0 5.972308433331538e-07 0.0 1.8788526770214823e-06 0.00031840379635908646 1.668671361124693e-05 6.597756586252966e-06 5.3489099731349105e-06 3.34453878236285e-06 0.0 2.3675881432387768e-06 4.282632554801254e-05 0.0 4.419626404221466e-05 0.004546229162218198 5.51668440443552e-06 4.7036008081289396e-05 1.092653291622855e-07 0.0001699001708727667 1.2768293848083092e-05 0.004637737661534776 0.00011398276641191553 3.7277060567929855e-07 0.003580347137603414 0.0067143738311318335 0.0003046390655188428 5.152347654574359e-05 0.0002882921691991865 1.1595286160744933e-06 1.4013531075097517e-06 3.0518405482589137e-06 0.0003185125227218163 1.709630346389339e-05 0.0004755906686172985 0.0001223183676475422 0.0002125264441490145 8.220032337115221e-05 2.9914053948702905e-05 4.681766076211869e-06 1.3274000095134467e-06 6.1444948430374315e-06 0.0 0.00014499345280705265 0.0002100821665663829 0.0 0.0 0.0 3.898975174101329e-06 0.0 6.87461627896157e-08 3.941526476240813e-07 0.0 0.0 4.810818861245826e-07 1.4135261060099076e-07 0.0 2.147632637553435e-05 1.7656985326131167e-05 1.8093157807536889e-07 3.0253773456953575e-06 0.0 6.6095293611923215e-06 4.3212252841264e-05 0.00011336855323059072 2.237720592006373e-06 4.409058761603836e-06 5.864622558008204e-05 0.0007002135234918508 3.4554903034901486e-06 0.0 1.6715942963154171e-06 3.674973508905685e-07 0.0 0.0 1.70360538095868e-05 0.0 9.548298091019937e-05 4.644571193469513e-05 3.692516482329789e-05 2.000289275132506e-05 1.046834310450938e-06 0.0 3.9045384773441334e-07 5.017063175119252e-07
1.0799842061579632e-05 0.0 5.972308433331538e-07 0.0 0.0 1.5104716828935833e-05 0.0004091952892773012 2.8119566617798687e-05 0.00021525725650146184 0.0008059562835156445 5.262329453762903e-07 0.001245827467674595 8.278314845895774e-08 3.2587686060961694e-05 1.3847474966536883e-06 0.0 8.67238375105358e-08 0.0 0.0 0.0010140318039009958 4.4010311492580203e-07 0.0 4.083325760254414e-07 0.0008901864396419365 0.0 6.818363624682921e-08 7.726376107402736e-08 0.00192233643753904 1.718061971220222e-05 1.1818323949617465e-06 0.0 6.046681758692627e-07 2.189984148348789e-07 1.746895695614923e-05 5.240720049547373e-06 3.2913439810224415e-05 1.2995685708906887e-06 2.385406205167569e-05 8.72314737894872e-06 1.005349475189073e-05 3.866266796000734e-06 0.0 4.7277821592084267e-07 1.939133496772012e-07 0.0 0.0 1.9877856065125193e-05 0.0 0.0 1.7030120911932123e-05 6.065823200295369e-07 5.492873680135806e-05 8.85405664972537e-06 0.0 3.124479447281523e-05 0.0 0.0 8.467188430225513e-07 0.0 0.0 0.0 0.0 1.111902728293095e-05 0.0 0.0 0.0 6.636759389202379e-05 0.0 0.0 0.0 5.1828390226097955e-05 2.8931324724110445e-07 0.0 0.0 0.0 0.0 0.0 0.0 1.2563330903884143e-06 0.0 9.213802861756677e-07 0.0 0.0 0.0 2.523288147062614e-07 0.0
8.489969706081248e-08 0.0 0.0 0.0 0.0 0.00013219937802421786 9.212770426819845e-07 4.955932770216559e-06 3.7248409623601484e-05 3.7740636658611746e-07 2.669710079569967e-06 5.6277210154703125e-06 1.3398386617482738e-06 1.0405118078767169e-07 0.0006768548003873313 0.0 0.0 1.1735462213828043e-07 1.320056790048426e-07 2.476902382506245e-07 1.734633750575761e-07 0.0 1.5760181990250044e-07 1.9301022887536838e-07 0.0 9.360530026570661e-08 0.0 3.255185838995506e-07 0.00014349157109880734 1.800079708040408e-07 0.0 5.5898465986799805e-05 0.0 1.2145977959703322e-05 0.0 5.843029023432478e-06 9.108812722252933e-07 4.550351099349057e-05 1.3631653147730173e-05 0.0005032514274875048 2.395394514091891e-05 5.334659495124595e-07 3.8645129034940214e-07 0.0 0.0 0.0 0.0 0.0 0.0 0.0 0.0 2.933472583286261e-07 0.0 0.0 2.8322498492117167e-07 0.0 0.0 0.0 0.0 0.0 0.0 0.0 0.0 0.0 0.0 0.0 1.267172068451195e-07 0.0 0.0 0.0 0.0 0.0 0.0 0.0 0.0 0.0 0.0 0.0 0.0 0.0 0.0 0.0 0.0 0.0 0.0 0.0
1.253108947114765e-05 0.0 1.8788526770214823e-06 1.5104716828935833e-05 0.00013219937802421786 0.0 0.001338076256543673 0.0051258161477014735 9.49899997907714e-05 0.002904989114806931 2.768521795506569e-05 0.0025991779364827198 1.3162122271853399e-05 0.0008850003793231093 0.0007000918324619783 1.70337827610954e-07 2.317066438023984e-06 8.180740727905058e-07 5.937158585591795e-06 0.00014099237129250978 2.9167140311480314e-06 0.0 4.510833122025029e-06 1.3244303569937746e-05 6.74362970796249e-07 6.658604930145435e-06 3.6622776965084528e-06 1.61490076463251e-05 0.0007054401551451481 1.3899171345533326e-05 1.5507068844087316e-07 0.0005605374759671744 1.3786526379050963e-06 0.00020035387352848328 3.7351360219763545e-07 9.698228387068966e-05 9.428621735148584e-06 0.00036852626787289486 8.850485341238028e-05 0.001512988056870599 0.0003629738347803007 5.493213882229124e-06 3.9457725920059615e-06 0.0 0.0 0.0 6.545049317971838e-07 0.0 8.548331340498381e-08 2.747292245696879e-06 5.325179676327922e-07 2.7060344871286663e-06 4.617235936333488e-07 0.0 1.6426386291606684e-06 0.0 0.0 0.0 0.0 0.0 0.0 0.0 1.997897888743882e-07 0.0 0.0 0.0 6.827668323046798e-06 0.0 0.0 0.0 2.576955276157946e-06 0.0 0.0 0.0 0.0 0.0 0.0 0.0 6.961707639444491e-07 3.1462115638404437e-07 1.004052126604685e-07 4.77832742788535e-07 1.148421872615427e-07 0.0 0.0 0.0
0.001725959197320325 1.192705528313165e-06 0.00031840379635908646 0.0004091952892773012 9.212770426819845e-07 0.001338076256543673 0.0 0.0017180839734002018 0.0004960127664243909 0.007600871437145938 8.925423488484559e-06 8.534494231980372e-06 2.737400438367559e-06 0.004154695429022276 1.3740140681531473e-06 2.3838599593861887e-05 1.9945922028190654e-05 7.940659450002066e-07 4.804729184447797e-06 0.00017945460001038196 0.00035792499709099427 4.401064447815375e-05 0.0005141151031054261 0.0014428908729375127 9.707939924862992e-08 7.834780203755546e-06 0.00011922141129472495 0.008227174714128054 0.000999011322386748 0.00361899374721146 1.3301628003096116e-07 2.76514079532679e-05 6.142951356493893e-05 0.0004959975792099369 5.6833970989805244e-06 0.0006576720417386079 2.759012718465095e-05 0.0004894089978704873 0.0002021420608041114 0.000158610424919025 6.57243229329738e-05 2.7269073906992037e-06 2.3416631221058933e-05 4.078813903606653e-06 3.0359197459122814e-07 1.1505466734567937e-06 4.4356026517631996e-05 0.0 1.582140864670019e-06 0.0003028158771469522 1.3933433444027046e-05 0.00010277852759648482 3.374061886511598e-05 1.513344551593003e-07 1.1509520655607818e-05 0.0 1.1600907940255217e-05 1.4297106582439158e-06 3.232111823155101e-05 1.9475373736989248e-07 0.0 0.0 1.1102097736479678e-05 2.6373959051186513e-06 1.2544277649292596e-05 1.164725261120622e-05 0.0003684806992744571 0.0 2.2838212956522888e-07 9.674499289551695e-06 0.00032080398057354655 1.442732594990376e-06 5.4324696164394525e-06 0.0 5.255404544407994e-08 3.190479901611874e-07 1.964590938371942e-06 1.986764940569745e-07 1.877867525875204e-05 3.3196893250117427e-07 5.0026215012331265e-06 4.190354591731508e-06 2.299527271624103e-06 1.1177938163885606e-06 2.9285251277179073e-07 0.0
0.0005909703367473387 1.5954738424684667e-07 1.668671361124693e-05 2.8119566617798687e-05 4.955932770216559e-06 0.0051258161477014735 0.0017180839734002018 0.0 1.4397208138159607e-05 0.0015814782991236211 2.783002180507468e-05 0.0004193543109798925 1.264764272775912e-05 0.0042466619642272 4.9598400722221046e-05 7.398101148136114e-07 7.336731156788222e-06 1.129533917554251e-06 6.0003693794050945e-06 0.00017500456878574944 2.6195112809343246e-05 8.393352405430539e-07 4.487192070071147e-05 9.109875435065464e-05 7.423461064487936e-07 6.741957486482563e-06 1.6933822669943844e-05 0.00010728981399505477 0.0010769917370038345 0.00032257893439097135 3.9952249584833406e-07 0.0006244447937684244 2.7986529040152024e-06 0.00018849920660544416 4.1960112639360703e-07 0.00011921172729500952 1.3288247160967766e-05 0.0002479490535099386 6.546963637768729e-05 0.0006256444393832413 9.042256150105206e-05 3.4718912440582015e-06 5.401190819843855e-06 0.0 1.983970039109679e-07 0.0 2.5002538137013243e-06 0.0 3.078062009141688e-07 1.6417775491952706e-05 9.883616562624326e-07 6.819712647973282e-06 2.11987113045963e-06 0.0 7.195271223499605e-07 0.0 5.447669591362847e-07 0.0 1.6252735843441207e-06 0.0 0.0 8.280873643476382e-08 8.081974560174276e-08 0.0 0.0 1.0220129817732607e-06 2.1572548735130142e-05 0.0 0.0 6.835265230164015e-07 1.3933821413246795e-05 8.069311294180643e-08 4.8048508362678e-07 0.0 5.0876300125520696e-08 0.0 0.0 1.1382231503538744e-07 1.3948700248012746e-06 0.0 3.0238459351747733e-07 6.344007467945431e-07 5.872905013051601e-07 0.0 3.258714593143938e-07 8.712604268140905e-07
1.506700227096296e-05 0.0002718637041510172 6.597756586252966e-06 0.00021525725650146184 3.7248409623601484e-05 9.49899997907714e-05 0.0004960127664243909 1.4397208138159607e-05 0.0 7.828948447318101e-05 9.190158519632899e-07 0.0003569221209051683 1.5761844705900864e-06 3.7881364331337816e-05 0.0007715854989248961 6.35917411749672e-05 1.1761109450233057e-06 0.0 3.9753182909339756e-07 0.00014025646214069462 8.891917656458905e-06 0.0021507115616769216 1.0646317615568292e-05 0.005310646201090474 1.3333951998449855e-05 6.19606967747287e-06 9.650877699743837e-05 0.0013385269398139847 5.8510075989734145e-05 5.3233255583277114e-05 4.760358461254704e-07 1.0325135912012988e-06 1.6000008239763305e-05 6.102961707035593e-05 1.5370550792250768e-06 0.0002779948793968168 2.615307822744876e-05 5.587256250863759e-05 2.7370854421398495e-05 0.0003221105239091172 6.667949538913808e-06 6.176248488644883e-07 5.418985309595722e-06 1.5704979354680968e-05 7.123405747692894e-07 1.6568273997260544e-07 0.00011781960956973314 3.558609691803857e-07 3.316734326082931e-06 0.0007487644841986259 2.7994972867705564e-05 0.0002802166434625249 7.730199102491507e-05 3.328654434669723e-07 0.00015904317197692398 3.2479837991926473e-07 3.683858059008292e-05 4.967185656748133e-05 0.00015245201658565236 6.754796576796197e-08 0.0 6.158716736523556e-08 4.198793860777432e-05 1.762768915186531e-05 7.04845602317777e-05 1.3380384018451094e-05 0.0014482570373446175 0.0 3.651139284828871e-07 3.2600687380516743e-06 0.0007925306720963465 1.1603068646047695e-05 4.911486850418223e-05 0.0 6.781578077153635e-07 0.0 5.1775521124092975e-06 6.32261948653338e-07 4.972811127979209e-05 1.479369779856168e-06 1.1800883005649211e-05 8.51977017195517e-06 2.487627591615344e-05 1.8258448354966504e-06 0.0 4.088420361766951e-07
0.0001224122439443816 0.0 5.3489099731349105e-06 0.0008059562835156445 3.7740636658611746e-07 0.002904989114806931 0.007600871437145938 0.0015814782991236211 7.828948447318101e-05 0.0 1.1657836058102695e-05 0.0009757174707202526 4.401104299897788e-06 0.0008052385861380271 1.8442081398503305e-06 7.644689326949846e-07 2.7597424852558305e-06 9.853423957836927e-07 3.4843666626680117e-06 0.0014899328138427155 7.325269168160724e-06 3.9770586352879225e-07 1.1203403710243921e-05 0.00019963979799912494 6.377559290620291e-07 4.845002104261576e-06 5.4540249721732065e-06 0.0009373181996448362 0.00034456870500983665 2.724687717594121e-05 6.266635381982472e-08 3.0984188105472354e-05 2.373930575876416e-06 0.0003145939070400287 2.946220449818189e-07 0.0002898176956886472 1.1330099565843839e-05 0.00035860617446420624 0.00012135366143471027 0.00015309118669784883 6.276486469101827e-05 8.485809531591926e-07 1.0122723868450589e-05 0.0 0.0 0.0 3.965597766176264e-05 0.0 3.5931873798016423e-07 2.913778731005415e-05 2.638491958051398e-06 3.1338301369649746e-05 4.991089597165525e-05 0.0 7.026540826227323e-06 0.0 5.720644959625736e-07 7.690845222056283e-07 6.303774213851549e-07 0.0 0.0 0.0 4.854613911964628e-06 0.0 0.0 1.7105537022723796e-07 6.503383730509173e-05 0.0 1.0718149455622158e-07 0.0 3.5234797064202884e-05 3.7420584509668275e-07 0.0 0.0 0.0 0.0 7.873533447853994e-08 0.0 1.997211276942472e-06 0.0 4.530116018141127e-07 0.0 2.467986008657568e-07 2.4723669355816004e-07 0.0 0.0
4.638897233795209e-06 2.5501341637101118e-05 3.34453878236285e-06 5.262329453762903e-07 2.669710079569967e-06 2.768521795506569e-05 8.925423488484559e-06 2.783002180507468e-05 9.190158519632899e-07 1.1657836058102695e-05 0.0 4.850060070121039e-06 0.003357270742029398 4.480459044055218e-05 8.701273427106984e-07 1.7675802872360827e-06 0.0006033446926166358 0.0030305394597647827 0.000912973943431323 1.1199350412646997e-06 4.01033187281461e-06 6.57929758675791e-07 1.034365332409049e-05 3.911023946565419e-06 0.0004343855007704052 0.002599402903673345 0.0001261251635231136 3.938382071320798e-06 0.00017351097736379548 5.178365759091906e-06 0.0006521576504377962 8.114530956960778e-05 7.831610797432395e-07 0.0026172600870630405 8.616860022252864e-06 0.00027940141373759467 0.0022853210537127264 0.002544602181792097 0.0005035968398946882 8.961187819027944e-05 0.00017392391978762305 0.0003935701107076973 4.999005525404523e-06 0.0 4.556816725654863e-06 2.8934893767421736e-07 0.0 0.0 0.0 4.843025119733158e-07 0.0 6.705428475672731e-07 7.297938065970311e-08 9.510877216240594e-06 0.0 0.0002868240646480213 0.0 0.0 2.8607405217754737e-07 2.460656665826007e-07 2.132185777880085e-06 4.172929059541185e-07 0.0 0.0 2.1690850668779325e-07 1.5460826136225656e-07 1.2324572900407207e-07 6.818805860254299e-05 7.300821114219446e-06 1.654319719104607e-05 6.735758707167834e-07 0.0 0.0 1.2457909020080208e-05 1.2032739924677194e-07 0.0 0.0 3.675919801456061e-06 2.2475516974439138e-06 7.505869346084675e-05 7.68633632173478e-07 1.0401714616541149e-07 2.8284615953138857e-07 0.0 1.238144149621193e-05 0.0
2.0357131562164984e-06 3.3536160179006653e-07 0.0 0.001245827467674595 5.6277210154703125e-06 0.0025991779364827198 8.534494231980372e-06 0.0004193543109798925 0.0003569221209051683 0.0009757174707202526 4.850060070121039e-06 0.0 1.0167187645532112e-06 0.00016338160117468955 0.0002396883795153289 0.0 7.00142122367081e-08 1.60456424404885e-07 1.2504262968934936e-06 0.0008753127918476178 2.446708705128817e-07 1.0505784138618256e-06 4.1917235853074157e-07 6.217985689591737e-05 0.0 1.4171967571150817e-06 6.593608418068247e-07 0.0002808837884387417 7.65565121712591e-05 5.054919569715674e-07 0.0 1.761741885433059e-05 0.0 4.8022723626935346e-05 5.901839818330345e-06 4.423865451953529e-05 3.14111893321208e-06 4.698913586363783e-05 9.700088572576879e-06 0.00026989129889152977 7.533959034219083e-06 5.519764400324479e-07 4.55180231365414e-07 0.0 0.0 0.0 6.998227157832595e-06 0.0 4.31544221925392e-06 4.955549868984677e-07 4.201101105830366e-07 4.545383784776373e-05 8.692088195160933e-06 0.0 5.9258517625300296e-05 0.0 0.0 6.0837966852115e-06 0.0 0.0 0.0 0.0 5.202914710236185e-06 0.0 0.0 0.0 2.3764971497347132e-05 0.0 7.598563598437888e-08 0.0 5.87077239571042e-06 0.0 0.0 0.0 0.0 0.0 1.0849621373607975e-06 0.0 3.3911153740922066e-07 0.0 0.0 0.0 4.475443128082168e-06 0.0 0.0 0.0
6.29670846001886e-07 0.0003206366104751672 2.3675881432387768e-06 8.278314845895774e-08 1.3398386617482738e-06 1.3162122271853399e-05 2.737400438367559e-06 1.264764272775912e-05 1.5761844705900864e-06 4.401104299897788e-06 0.003357270742029398 1.0167187645532112e-06 0.0 9.614588285434731e-06 0.0 2.4020600001194414e-06 3.711106479255819e-06 0.00013753929040832803 1.8639634441656064e-05 7.605822351438367e-08 9.602183419785722e-07 1.386970938907159e-05 4.522135740533892e-06 2.642819000734004e-06 0.002212909361549272 0.00016916324145320786 0.0005891584640627962 2.314025330227154e-06 3.056610419118887e-05 1.2091515846991833e-06 0.0003969603294836757 3.295677882918264e-05 0.0 0.000556620778957888 3.004689181008674e-05 0.0015771929380670507 0.00555021279299255 0.002498849858483708 0.0008430507868478336 0.00011257208821342404 0.00023970238149434133 0.000675600682181939 2.3400868773222256e-05 0.0 2.3088628827028957e-05 0.0 0.0 0.0 0.0 2.158077343589322e-07 0.0 6.836572650368746e-07 0.0 2.8204688025921548e-05 0.0 0.0011396981686561068 0.0 0.0 0.0 0.0 7.47196022020927e-06 5.03147395841263e-07 0.0 0.0 8.541937296169431e-07 3.3099353253896916e-07 1.96229178802186e-07 0.0003249554534751721 2.8074350874664734e-05 6.418734107142536e-05 0.0 0.0 0.0 4.112124547710495e-05 7.944866717897214e-08 0.0 1.1645786514714524e-06 1.6461663589856252e-05 0.00013525110758622378 0.0003404362008192456 2.842353499774846e-06 2.4213997368032262e-06 0.0 0.0 0.00015646576855254214 0.0
0.003634561041673781 4.279223334442708e-07 4.282632554801254e-05 3.2587686060961694e-05 1.0405118078767169e-07 0.0008850003793231093 0.004154695429022276 0.0042466619642272 3.7881364331337816e-05 0.0008052385861380271 4.480459044055218e-05 0.00016338160117468955 9.614588285434731e-06 0.0 3.440748673099585e-07 2.3405085097799434e-06 2.4404596236881616e-05 3.301941231482185e-06 1.2802387596868555e-05 7.892421115997337e-05 6.734441912526276e-05 3.5332169474935535e-06 0.00011462514256608824 0.00020045925555216035 6.17333747931451e-07 1.6632618106454457e-05 3.668833778018173e-05 0.00022604210292992538 0.003042083905382872 0.0010733934358968988 5.877825586832429e-07 0.00024328970863105514 9.136829517839548e-06 0.0005289599528295833 2.1133677489849116e-06 0.000152810194366048 1.954305543127053e-05 0.00030283200281734564 7.351211510281789e-05 0.0002887698711228622 4.3756767500411436e-05 4.604525261860709e-06 3.5317112389114654e-06 0.0 1.6796407862456903e-07 2.800990285496021e-07 4.4485586657859275e-06 0.0 8.299551458040415e-08 3.223826331341194e-05 6.390945951549537e-07 1.1375939455817573e-05 4.6368416619363285e-06 0.0 4.988543341514164e-07 0.0 5.956039454855113e-07 0.0 4.62626366513792e-06 0.0 0.0 1.4455467393858762e-07 1.8200654791041857e-06 6.764602999255766e-07 9.224388856054466e-07 1.5525620495249553e-06 3.0908471173400544e-05 0.0 2.0779815493292682e-07 1.4359015137998297e-06 2.7018424409619087e-05 2.125363817056602e-07 0.0 0.0 0.0 0.0 1.8375291887957432e-07 0.0 2.1812835125764526e-06 0.0 5.5773240725866e-07 8.530758964029821e-08 7.770127724929175e-08 0.0 0.0 1.3638018379609555e-07
1.8624883586991274e-07 1.103765632661119e-06 0.0 1.3847474966536883e-06 0.0006768548003873313 0.0007000918324619783 1.3740140681531473e-06 4.9598400722221046e-05 0.0007715854989248961 1.8442081398503305e-06 8.701273427106984e-07 0.0002396883795153289 0.0 3.440748673099585e-07 0.0 0.0 0.0 0.0 0.0 4.637963979917335e-06 0.0 1.2259747422865182e-05 1.1610662342098528e-07 4.532376378272921e-05 0.0 1.1675812801011026e-07 2.7189355396273596e-07 3.767148590816066e-06 2.4844728703903847e-05 0.0 0.0 0.00037707552983942547 0.0 9.091716039460871e-07 0.0 2.3453357280063903e-06 0.0 1.2643034800563472e-06 1.3674302759449223e-07 0.0006338199020364062 2.0410170052949806e-05 0.0 0.0 0.0 0.0 0.0 5.54452983365443e-06 0.0 0.0 2.2486084600632727e-06 0.0 0.00012405527517501022 0.0 0.0 3.294422144793563e-05 0.0 0.0 6.96652300555115e-06 0.0 0.0 0.0 0.0 1.5052312795262409e-06 0.0 3.082828867364427e-07 0.0 3.442896456863732e-05 0.0 0.0 0.0 2.8245424049886407e-06 0.0 0.0 0.0 0.0 0.0 0.0 2.695965487927062e-07 0.0 0.0 0.0 0.0 9.094562371612684e-06 0.0 0.0 0.0
2.5159048563045924e-06 5.6270645736152254e-05 4.419626404221466e-05 0.0 0.0 1.70337827610954e-07 2.3838599593861887e-05 7.398101148136114e-07 6.35917411749672e-05 7.644689326949846e-07 1.7675802872360827e-06 0.0 2.4020600001194414e-06 2.3405085097799434e-06 0.0 0.0 2.8838514953811442e-05 2.45951737410784e-07 8.741192680470775e-07 0.0 0.002739288665132815 0.0015052850620123934 0.003169944282264101 0.0009072809651135658 9.417338952851508e-07 1.9717438481886628e-05 0.0022351216389713178 0.0005483826059445457 1.1134295216488019e-05 0.00011841668349984929 0.0 1.3837433311677254e-06 1.871819154519073e-06 0.0002479556307928661 8.128717063480687e-05 0.0023201055064785846 0.0006867932479934139 0.0005478198389404827 0.0004938447201006199 0.00013415773462021195 7.807124123546495e-06 1.6528422317068383e-06 2.587634229151808e-05 1.8218137968242385e-05 2.6995851038580658e-06 8.608737063357432e-06 8.45756877250421e-08 0.0 0.0 5.4224993384238354e-05 1.0195319402658446e-06 2.4665679776064115e-05 2.5627516435170127e-06 7.980681169231773e-08 0.0 7.016782858022176e-07 3.629310931470611e-06 0.0 0.0014124344062172991 1.1285697060467541e-07 0.0 0.0 1.6310490391903662e-07 6.750016130868936e-05 0.0003982247785544207 0.0005603313626768762 6.060992132141097e-05 0.0 1.6085893626946889e-06 0.00016735041808184768 9.224020575565379e-05 9.36937457710973e-06 1.0173055517416467e-05 0.0 1.3986572597385805e-07 9.707452164548702e-07 4.183647364522361e-06 1.8407556870748687e-06 4.0480822546239764e-05 5.199788546050298e-06 1.123363943985405e-05 4.487477628395225e-06 8.010429453600934e-07 1.6050649558877053e-06 1.7669999188285838e-06 7.848876480190415e-07
2.267915993572267e-05 7.128532366017703e-05 0.004546229162218198 8.67238375105358e-08 0.0 2.317066438023984e-06 1.9945922028190654e-05 7.336731156788222e-06 1.1761109450233057e-06 2.7597424852558305e-06 0.0006033446926166358 7.00142122367081e-08 3.711106479255819e-06 2.4404596236881616e-05 0.0 2.8838514953811442e-05 0.0 7.7974552124912e-05 0.0038648741212727535 5.924713055373427e-07 0.0006654020110225975 4.189571331524336e-05 0.003305543050500054 1.735241299755255e-05 1.0691688056350584e-06 0.003629438200176433 0.004821890757833669 3.099071125947384e-05 0.00014407493521673037 0.0004095194115802642 1.8524029823885654e-06 3.020370740138917e-06 8.918257370392037e-06 0.0029030069110554464 3.381358440266066e-05 0.0007084280725690946 0.0002658853832841287 0.0006032374393188811 0.00027453602233714236 5.3879378203910596e-05 1.1585625067530194e-05 1.6006398382546033e-06 9.37411281058615e-06 8.024330890705749e-08 6.834514600156537e-05 6.358146778703247e-06 0.0 0.0 0.0 2.5540671234098155e-07 0.0 0.0 0.0 0.0 0.0 9.015875410944312e-07 0.0 0.0 4.7102027438678217e-07 1.357903700937913e-05 6.030082891746352e-07 7.509393571892091e-06 0.0 0.0 2.363531024539884e-06 6.205584489519139e-06 5.518779829717552e-07 1.8825574767116075e-06 3.9166618176075634e-05 9.38857299670575e-05 2.0228394279487153e-07 0.0 0.0 7.036325984589627e-08 0.0 0.0 1.2058886451739276e-06 1.5046828374312328e-06 1.3342350639796704e-05 3.929607373207171e-06 3.1846157368667966e-06 2.8117640232704745e-06 1.5607872865830495e-07 3.701823655024783e-07 2.820461414457983e-07 4.3781226374104597e-07
6.014505231060076e-07 2.063497128708397e-05 5.51668440443552e-06 0.0 1.1735462213828043e-07 8.180740727905058e-07 7.940659450002066e-07 1.129533917554251e-06 0.0 9.853423957836927e-07 0.0030305394597647827 1.60456424404885e-07 0.00013753929040832803 3.301941231482185e-06 0.0 2.45951737410784e-07 7.7974552124912e-05 0.0 0.0002913069454840461 1.297021913688436e-07 3.306586665810301e-07 1.3081285431848123e-06 7.205242456120346e-07 8.436486680360179e-07 7.301909444504006e-06 0.0008907846984354395 6.050774797761119e-05 2.512594793206916e-07 9.700476039020057e-06 2.7478700633512227e-07 0.0001578143057451048 2.562631466508295e-06 7.696712289498118e-08 0.0002969403763051493 2.2324203950969293e-06 0.00015303680925271256 0.0002737407174232922 0.0005672088486905633 7.077813835170204e-05 3.5143202038978525e-06 3.2529478933137785e-06 8.810745585144706e-07 1.989110815622831e-06 0.0 5.791340782712859e-06 0.0 0.0 0.0 0.0 0.0 0.0 0.0 0.0 6.653331651893798e-06 0.0 6.053595715562633e-05 0.0 0.0 0.0 2.9689439398862754e-07 1.344894450249985e-05 7.799432560359491e-07 0.0 0.0 0.0 3.430520454612319e-07 0.0 1.766808623067828e-05 6.181341871427003e-05 7.480264799433058e-05 0.0 0.0 0.0 1.6702903492912626e-05 0.0 0.0 1.5291993762456663e-07 0.0 1.2930290632431593e-06 2.1029918817768886e-06 1.9145113413584622e-06 8.78017180867684e-07 0.0 8.286235923237263e-08 3.2982424181851425e-07 0.0
2.3389743976732313e-06 7.578420855834921e-05 4.7036008081289396e-05 0.0 1.320056790048426e-07 5.937158585591795e-06 4.804729184447797e-06 6.0003693794050945e-06 3.9753182909339756e-07 3.4843666626680117e-06 0.000912973943431323 1.2504262968934936e-06 1.8639634441656064e-05 1.2802387596868555e-05 0.0 8.741192680470775e-07 0.0038648741212727535 0.0002913069454840461 0.0 3.8465479255575326e-07 5.405234960203434e-06 2.8284416384357154e-06 2.2227638466472365e-05 2.3455642399595706e-06 3.609114577466305e-06 0.002080487320137138 0.0005871897311571506 3.750236085138834e-06 4.25132388623825e-05 6.0385744730189466e-06 1.322807832631963e-05 8.240464518136684e-06 1.2217131825657338e-06 0.0015486649604668963 5.631758405216417e-06 0.0002803077259975313 0.0002772175971897093 0.000886287586190044 0.0001375891897968098 9.128477594492015e-06 2.380337873395874e-06 9.776505242270551e-08 2.479075295713962e-06 0.0 7.418480690461317e-05 1.2063554363532122e-06 0.0 0.0 0.0 1.0095077216978235e-07 0.0 0.0 0.0 5.163944202972454e-06 0.0 3.32269071681102e-05 0.0 0.0 1.1011452550056467e-07 1.4830886646644404e-05 1.0545721270717046e-05 1.7971703444653555e-05 0.0 0.0 0.0 3.7916932247854916e-07 6.96175684451193e-08 1.377943565398173e-05 0.00022068538143781648 0.00010851185484716978 5.9103511419631045e-08 0.0 0.0 1.0522528401846236e-05 0.0 0.0 9.117013209296183e-08 1.2664719621265205e-06 3.8272084503175665e-06 2.8474111170425507e-06 1.120576429989143e-06 1.8302273310835973e-07 0.0 0.0 3.9701254133603135e-07 3.036072522954099e-07
8.95016820406779e-06 0.0 1.092653291622855e-07 0.0010140318039009958 2.476902382506245e-07 0.00014099237129250978 0.00017945460001038196 0.00017500456878574944 0.00014025646214069462 0.0014899328138427155 1.1199350412646997e-06 0.0008753127918476178 7.605822351438367e-08 7.892421115997337e-05 4.637963979917335e-06 0.0 5.924713055373427e-07 1.297021913688436e-07 3.8465479255575326e-07 0.0 0.0 1.0284299393066395e-06 6.980498679293136e-07 0.00017459624491111058 0.0 4.5843444939302175e-07 2.895140226865832e-07 0.001894111268306018 4.051734988112769e-05 1.4313523779449797e-06 6.159627097308064e-08 3.3662374394759114e-06 3.651644072509824e-07 3.5247957227637083e-05 2.5981161835578204e-06 3.0287390741138454e-05 2.6058534927094305e-06 3.5994606028974895e-05 1.084547869574345e-05 2.186903521642822e-05 5.380995022245625e-06 3.8220750746755926e-07 0.0 0.0 0.0 0.0 1.6493016240978827e-05 0.0 4.496472757166557e-07 3.2871031953593526e-06 3.081748769208316e-07 6.1983429649959515e-06 1.5571483908463298e-07 0.0 1.178664138321029e-06 0.0 0.0 3.2525643619352567e-07 0.0 0.0 0.0 0.0 1.6713443694320005e-06 0.0 0.0 0.0 8.9358065990271e-06 0.0 0.0 0.0 4.657732967129498e-06 0.0 0.0 0.0 0.0 0.0 0.0 0.0 0.0 0.0 0.0 0.0 0.0 0.0 0.0 0.0
4.166665830973273e-05 1.300961255298794e-06 0.0001699001708727667 4.4010311492580203e-07 1.734633750575761e-07 2.9167140311480314e-06 0.00035792499709099427 2.6195112809343246e-05 8.891917656458905e-06 7.325269168160724e-06 4.01033187281461e-06 2.446708705128817e-07 9.602183419785722e-07 6.734441912526276e-05 0.0 0.002739288665132815 0.0006654020110225975 3.306586665810301e-07 5.405234960203434e-06 0.0 0.0 8.866290922612232e-05 0.008772176104215077 0.00015265579995232215 9.839404267681754e-07 1.5702522825207488e-05 0.00038736318604710735 0.0021675176099651234 0.00010394017930060847 0.008254173386483975 6.133313112128177e-08 5.422874514326055e-06 1.4463129588190116e-05 0.0029765185803228124 7.263882469212072e-05 0.0018215208542139043 0.00011420335493476014 0.0015122557641035373 0.0008790885154269884 0.00016032783601781388 1.3452122445969231e-05 9.489194440163606e-07 3.384186353365655e-05 5.986804956790114e-07 5.10049445621244e-07 2.1469374235800165e-06 6.217596297849461e-07 0.0 0.0 7.219371128125842e-06 6.434147531503305e-07 2.182182658091502e-06 4.3977756374186924e-07 0.0 0.0 2.228153846491786e-06 9.296182669440076e-08 0.0 4.111983213193147e-05 2.5103984975366327e-07 8.136504366723776e-08 0.0 0.0 5.9752934580773874e-06 1.90020673978507e-05 1.26215479464621e-05 4.76705109453581e-06 0.0 1.7798857874747224e-07 1.1736521899255225e-05 1.0775977798278399e-05 1.295135978645843e-06 1.4562152828935368e-06 0.0 0.0 1.6950030239289445e-07 3.026162863704535e-07 2.2116445408126764e-06 2.1263287471994173e-05 1.3278514760627355e-06 1.181397928964368e-06 7.873583745622521e-06 0.0 1.5581566925075802e-06 2.5005902784887705e-06 8.127564865152664e-07
3.7280600383162936e-06 0.001105827940881436 1.2768293848083092e-05 0.0 0.0 0.0 4.401064447815375e-05 8.393352405430539e-07 0.0021507115616769216 3.9770586352879225e-07 6.57929758675791e-07 1.0505784138618256e-06 1.386970938907159e-05 3.5332169474935535e-06 1.2259747422865182e-05 0.0015052850620123934 4.189571331524336e-05 1.3081285431848123e-06 2.8284416384357154e-06 1.0284299393066395e-06 8.866290922612232e-05 0.0 0.0002717881716508003 0.0026909429311201263 0.00015138516031763168 0.0001158075178960656 0.0015781483459500222 0.0001648180482479987 1.0699581380425151e-05 3.2834719109896045e-05 1.620232625740256e-06 0.0 3.203969638442612e-06 3.639657097320078e-05 2.390088460840906e-06 8.86720183712134e-05 4.641700626816437e-05 3.6537695138885465e-05 1.9078680948147325e-05 9.826513585787873e-06 3.946856712374671e-07 2.758443186568701e-06 7.044685483104217e-07 3.553196746912362e-05 1.8000502614219837e-05 1.5863822891945425e-05 6.64940119937328e-07 0.0 0.0 7.064736666741096e-05 3.6067497242734477e-06 1.9691304879534347e-05 4.017898137375524e-06 0.0 3.792585552650189e-07 0.0 6.998781874579255e-06 0.0 0.0017123328702423868 4.4624032086935544e-07 0.0 1.9989886457633765e-07 1.3326227184972047e-07 0.00011612321176984553 0.0002987687345542611 0.0004781418594196097 7.880115154544986e-05 1.872984188397863e-07 6.207910970803819e-06 0.00024460199531751195 0.00013725084691763525 2.7550732441217214e-05 3.0143253660015392e-05 0.0 0.0 2.1175768402831035e-06 7.13059104838766e-06 0.0 2.7233339906613108e-05 2.415377009733878e-07 1.1563689870797975e-05 5.075098655020563e-06 1.00986457239945e-06 1.2650462419456165e-06 0.0 3.067129099007387e-07
8.414942034437833e-05 6.165422830809487e-06 0.004637737661534776 4.083325760254414e-07 1.5760181990250044e-07 4.510833122025029e-06 0.0005141151031054261 4.487192070071147e-05 1.0646317615568292e-05 1.1203403710243921e-05 1.034365332409049e-05 4.1917235853074157e-07 4.522135740533892e-06 0.00011462514256608824 1.1610662342098528e-07 0.003169944282264101 0.003305543050500054 7.205242456120346e-07 2.2227638466472365e-05 6.980498679293136e-07 0.008772176104215077 0.0002717881716508003 0.0 0.0004988851248223467 9.599343000286433e-07 0.0001206091353326078 0.007590836261923321 0.0011944054967250267 0.00022052475076445813 0.0037155009596553453 3.1678571679693475e-07 8.403591044800275e-06 1.5007309197028208e-05 0.0028197759200339345 0.00034992968969535504 0.00571562294261649 0.0010619100214289128 0.0030465684232426652 0.0023191211029443127 0.0006627457531392074 2.6866207853070615e-05 8.075672611106427e-06 8.987556832768742e-05 6.253926530912738e-07 3.860880517038022e-06 2.8461660424738132e-05 2.448468356103231e-07 0.0 0.0 7.851147069479213e-06 7.322944832056095e-08 1.366275378041878e-06 1.1695704586373785e-06 3.5813152159890095e-07 0.0 2.5568205424506296e-06 5.212687238850935e-07 1.891682650319895e-07 0.0004518905471564531 3.0016492208831713e-07 1.2669637178386587e-07 4.829819793555171e-07 1.365806508719418e-07 8.847016798941807e-06 7.010953814567128e-05 0.0003089882451456608 1.2957666059404826e-05 6.377213380336929e-08 1.2909003809666358e-06 0.00024705147366460567 1.3814091393014967e-05 5.197551585810657e-07 4.823348455707477e-07 4.0564126665081693e-07 0.0 4.269535500217882e-07 1.1942919224799533e-06 1.61240201734524e-05 9.344351401066916e-05 1.1889105338573902e-05 1.6546236636328354e-05 1.9515172035716553e-05 2.2486558551350444e-06 1.625447960667586e-06 7.714664061169911e-06 3.3265135382742795e-06
0.000115508640025027 5.508874084751214e-05 0.00011398276641191553 0.0008901864396419365 1.9301022887536838e-07 1.3244303569937746e-05 0.0014428908729375127 9.109875435065464e-05 0.005310646201090474 0.00019963979799912494 3.911023946565419e-06 6.217985689591737e-05 2.642819000734004e-06 0.00020045925555216035 4.532376378272921e-05 0.0009072809651135658 1.735241299755255e-05 8.436486680360179e-07 2.3455642399595706e-06 0.00017459624491111058 0.00015265579995232215 0.0026909429311201263 0.0004988851248223467 0.0 2.7448360614633137e-06 1.3163502735438895e-05 0.0009569118190849431 0.006772319297622358 0.0005739538358852218 0.0002399281774685766 1.5250153366282678e-07 1.0701409657050164e-05 0.00022081976616842466 0.0007542088626815679 2.1613993298658743e-05 0.0015482454194122475 5.880225519082085e-05 0.0007432237425987582 0.0003730454890243292 0.0001808956893538787 7.105949487809434e-05 1.0340827300760454e-06 3.3134835725211065e-05 1.8178433501031283e-05 1.0680817356437788e-06 4.079009450175755e-06 8.752223796947851e-05 3.395136514099417e-07 4.010582108067659e-06 0.0008029344721831935 3.810763208094416e-05 0.0005868025131191175 7.965051845235793e-05 3.6617543060942375e-07 0.00010433743881585346 5.817829526326408e-07 2.9216172792480976e-05 1.1606729690768456e-05 0.0001938659086047257 0.0 5.2974329790209e-08 2.2209479453648346e-07 2.930907707472049e-05 3.102018055982541e-05 0.00010936624242061908 1.9486487546135113e-05 0.0010491865587233474 0.0 7.636903865209758e-07 1.606869707931972e-05 0.0008921931340291864 1.4478469093668516e-05 3.684038415691522e-05 0.0 2.763586859074924e-07 2.4056632992746753e-07 8.666084838756242e-06 1.6133238990873639e-06 7.04171975626404e-05 3.3611088636743043e-06 2.0430438934150934e-05 1.1301521363230277e-05 1.1858580478914904e-05 3.3728114845222757e-06 2.3269148121609425e-07 9.09005064233499e-07
0.0 0.0008919512939851958 3.7277060567929855e-07 0.0 0.0 6.74362970796249e-07 9.707939924862992e-08 7.423461064487936e-07 1.3333951998449855e-05 6.377559290620291e-07 0.0004343855007704052 0.0 0.002212909361549272 6.17333747931451e-07 0.0 9.417338952851508e-07 1.0691688056350584e-06 7.301909444504006e-06 3.609114577466305e-06 0.0 9.839404267681754e-07 0.00015138516031763168 9.599343000286433e-07 2.7448360614633137e-06 0.0 0.00036661051388906554 0.003274935514914731 1.5098044145829211e-06 2.5108763229858094e-06 1.8678770509893983e-07 0.0001958525698794694 2.0235963547300138e-06 0.0 0.00011590785485848192 4.372744630798323e-06 0.0003617746369383012 0.0006176763296797043 0.0007152784161994544 0.0004302732981649555 5.791954129911812e-06 7.21301602015557e-05 0.00043262442857398435 1.2660353938526913e-05 0.0 0.00015118032324187231 1.8746518513701781e-06 0.0 0.0 9.358486742571267e-08 0.0 0.0 1.7779075292456484e-07 0.0 9.315949015399302e-06 0.0 0.0004537226422220673 0.0 0.0 1.1598647993070581e-07 7.294927976136293e-07 7.651196811081413e-06 1.313630661870325e-06 0.0 0.0 0.0 3.521063275724928e-07 1.585881200608441e-07 0.00014658983591760456 7.125111823465881e-05 9.975308156480563e-05 0.0 4.537796969390563e-07 0.0 1.378449494717135e-05 0.0 0.0 1.1906823218583172e-07 4.943135712024567e-06 0.0001465709647217625 6.440582370453153e-05 4.959398496293592e-06 1.227667049355417e-06 0.0 0.0 3.198026737545206e-05 0.0
3.7734347962734406e-06 0.0011616972049545214 0.003580347137603414 6.818363624682921e-08 9.360530026570661e-08 6.658604930145435e-06 7.834780203755546e-06 6.741957486482563e-06 6.19606967747287e-06 4.845002104261576e-06 0.002599402903673345 1.4171967571150817e-06 0.00016916324145320786 1.6632618106454457e-05 1.1675812801011026e-07 1.9717438481886628e-05 0.003629438200176433 0.0008907846984354395 0.002080487320137138 4.5843444939302175e-07 1.5702522825207488e-05 0.0001158075178960656 0.0001206091353326078 1.3163502735438895e-05 0.00036661051388906554 0.0 0.010488376140693942 8.980766747309725e-06 5.081642700729455e-05 1.7123621892762275e-05 0.0003409236670628705 1.1277802761006417e-05 1.705557034932899e-06 0.0013603784704785044 3.6077561214170324e-05 0.00172921093202382 0.0022178405901846793 0.002597678751001004 0.0005848770430115014 2.9208181068327065e-05 1.4932924683212404e-05 6.4246617531282985e-06 1.353954921205695e-05 1.200816420570807e-07 0.0009296718533338891 2.612220651899012e-05 0.0 0.0 0.0 1.3073996713363792e-06 1.4899709378954497e-07 9.318175457552998e-08 1.0746356562197813e-07 7.945201319059491e-05 0.0 0.0007817478792889687 1.552552342585221e-07 0.0 1.628017678555396e-06 0.0001945600323641241 0.00013043361126214206 0.00011583961029241793 0.0 5.865820019635321e-07 2.9222349503255924e-06 2.759511150379775e-05 9.205562085550585e-07 0.000304189236646931 0.001398974104320458 0.001671455187187744 6.500381373378872e-07 1.7640477890780914e-07 3.994982217953097e-07 0.00017503170674799465 0.0 0.0 1.0826216205652597e-05 5.5949593966823065e-06 8.176916271412377e-05 8.038857756730605e-05 5.52448214699622e-05 1.521444105233334e-05 1.176360054056828e-06 5.209085749691369e-07 3.858944042894146e-06 3.521441296672192e-07
