0.0 0.0 0.00016524305258705627 1.3255261275012134e-06 9.010533694044547e-07 6.225122813907794e-06 0.0008114692844197811 0.00041612698439355783 1.85679709038211e-06 1.1928356887107252e-05 6.935843310270238e-06 7.709482239713505e-07 3.379758796165014e-07 0.003953607657080191 1.4871296247346027e-07 7.85512980092733e-08 0.00012374118920585548 4.622201547154464e-06 1.2497897617900307e-05 4.431365080233564e-06 2.74883378420745e-06 3.0026814269985114e-07 6.719295563457155e-05 3.6812919481771124e-05 0.0 3.8328138386313445e-05 1.5921722442660395e-05 4.0800433404479435e-05 0.001722791268038634 0.0012916477802664488 3.3395211167402925e-07 7.532236621794409e-06 4.435661869165682e-05 6.728336736853907e-05 1.4230624095851576e-06 1.0137282493372222e-05 3.658865938434697e-06 7.251156028258758e-05 8.105693568021525e-06 1.3172612792231342e-06 1.560818169119411e-06 6.842117106877456e-08 2.2148028499079582e-07 1.4443591966429465e-07 7.494888522299413e-08 2.068974740534238e-07 0.0 0.0 0.0 7.023973961843743e-08 0.0 4.2525316965256433e-07 0.0 0.0 0.0 0.0 0.0 0.0 4.7458668573831284e-07 0.0 0.0 0.0 0.0 3.034061641032899e-07 1.9400448327018353e-07 0.0 1.3658102988382723e-06 0.0 1.328921889268274e-07 6.162229519544899e-07 2.657314190898553e-06 0.0 4.971133619898935e-07 5.9566963461428125e-08 0.0 0.0 1.3367028146888794e-07 0.0 3.6288408149642305e-07 2.177347682512464e-07 5.481221904391848e-07 7.321004609121649e-08 1.82672843339102e-07 0.0 0.0 0.0
0.0 0.0 2.5397886141830267e-06 0.0 7.109255971438059e-07 4.026045092184134e-07 1.282120132335937e-07 6.344544037202067e-08 0.0002600718489069548 8.415095504106297e-08 3.688395652571727e-05 1.2425919594799995e-06 0.00017608411199040031 6.435859897288035e-08 1.1374525771971096e-05 0.0001054582636164496 3.105757457413408e-06 1.4833488802987166e-05 2.0088810092946362e-05 3.3611006813910726e-07 4.969309926176661e-06 0.0011169198595545162 3.876661549081593e-06 0.00048165491798615495 0.000917487614091305 0.00024992415321473224 0.0038498391225572576 6.553339195217212e-06 2.7318375700829816e-07 1.5200820945676261e-06 4.0803190153636044e-05 3.458499106480638e-07 0.0 4.5876986014766315e-05 0.0 4.489297555107346e-06 3.6339880958445745e-05 2.0365964047157278e-05 2.460698899030468e-06 1.8692576591884176e-05 2.159115870462336e-07 0.00014035841552515672 0.0 0.0 1.6574751948581534e-05 5.934766361769433e-06 7.402737715776402e-07 0.0 0.0 2.4264636492371935e-07 0.0 1.8841571596158516e-07 0.0 2.935274613854736e-06 1.4746638399234176e-06 5.821818355806353e-06 0.0 0.0 9.18194707104668e-07 3.6040601486914694e-07 6.174557589445699e-07 4.599548685093658e-06 0.0 1.1177395577860601e-07 3.446931165645619e-06 4.115950311939276e-07 4.879106121984288e-07 3.1057699455815225e-06 3.837853421874632e-05 0.00015100539853550674 8.724196694047368e-08 0.0 0.0 3.7573354332602523e-06 0.0 0.0 1.1002865689956716e-07 1.9496044974841595e-07 4.954303821651475e-07 1.1403831813426526e-05 1.507325078165855e-06 4.250286769433456e-07 0.0 0.0 4.290954354426102e-07 0.0
0.00016524305258705627 2.5397886141830267e-06 0.0 8.974419134794528e-06 2.0825564936232577e-06 0.00010650602519900248 0.0006570000455005039 0.0005184045493703532 4.3800944011337057e-07 3.778762408328889e-05 1.468446908117244e-05 9.252704798159951e-07 7.333799780150012e-07 0.0005105598894344173 2.048355678900615e-06 2.3918801769487857e-06 0.004818619109426815 4.8787083213095064e-05 0.00020517404091142125 9.62525841088642e-06 0.00022270872448638168 1.534023523136515e-06 0.006074863252848573 2.0680879750499963e-05 0.0 0.003701760001724924 0.003392293835429292 0.0004352252430288782 0.0002658726402475366 0.0008573866436722505 1.6891933658191677e-06 1.038604013948945e-05 9.820943240353046e-06 0.0006778052817186684 3.396962891857569e-05 0.0008793208093289026 0.0019286489587337736 0.0016267796606758381 0.000345345706188589 3.37738169290096e-05 1.2198009973596966e-05 8.605555595603702e-06 3.382370386224877e-06 5.600424082375713e-07 1.6275243483323343e-05 0.0001453428406865142 0.0 0.0 0.0 9.349538642353772e-07 0.0 2.981181906380173e-06 1.221545311292197e-07 0.0 0.0 0.0 4.222298303293322e-07 0.0 4.132479815667158e-06 9.669222258255476e-06 1.1471884951431973e-07 5.323059153732645e-06 1.1603097489359039e-07 6.095814132984511e-07 1.713819080363399e-05 8.675454181405666e-06 5.7842000556889795e-06 2.5013292275703314e-07 6.970086397518064e-05 0.0006802256513752894 6.556569089145524e-06 1.354705252429737e-06 1.110030851629415e-06 1.291521322721586e-07 0.0 0.0 1.2660855376028583e-06 1.0881760875369083e-05 2.413850082357263e-05 5.28538006297879e-05 1.460031187443568e-05 6.554757315255392e-06 7.030163749517908e-07 0.0 0.0 0.0
1.3255261275012134e-06 0.0 8.974419134794528e-06 0.0 2.385179318225596e-06 4.658838264064522e-05 0.0001442723662367855 3.11039754106331e-05 0.00046170476654577516 0.0042346251701131325 4.57372767982286e-06 0.0003563226578945247 1.8419705952475837e-07 3.5588491524755514e-05 4.118175092028673e-05 0.0 6.355547275355064e-07 6.107476133423013e-07 1.7645067421545146e-06 0.002176938376642154 9.402894987612755e-07 3.103299932072003e-07 2.0658697790313548e-06 0.0011297735156630012 5.0121447944336515e-08 6.523299452318733e-06 1.0795437471295638e-06 0.0015558763055074517 4.090786095001363e-05 3.401007386302546e-06 1.0784626706209114e-07 3.0418844710826346e-06 1.2695060981011573e-06 1.2860322303788578e-05 5.322233011428749e-06 7.268911425575565e-05 1.8285068175427556e-06 6.625496998716419e-05 1.429889108549004e-05 9.333415486160307e-05 1.1401162867103274e-05 4.2301513870847475e-07 2.028456333585571e-06 1.7541441150568954e-07 0.0 0.0 6.435829543072663e-05 5.330475050151495e-07 4.127585285972504e-06 2.042546746862719e-05 4.216746690948939e-06 8.251934548614719e-05 2.2350294298825728e-05 7.549195764682724e-07 2.7730638947969224e-05 0.0 1.7307910478544308e-06 9.929650485669506e-08 0.0 0.0 1.912519763356589e-07 6.372261072170952e-08 4.986591039512604e-05 0.0 2.5651485873425375e-07 1.6150366800489855e-07 0.0001409989764248845 0.0 8.092207599841622e-08 1.2070305179921298e-07 9.500263015861746e-05 4.253283950078659e-06 1.3790560232834298e-07 0.0 6.459940596917268e-08 5.459856937315048e-07 1.0295245945858856e-06 1.6373203622256643e-06 7.488342986752903e-06 0.0 6.871345331974477e-06 4.1184457635580026e-07 2.8435940358294706e-05 1.0351603967706536e-06 2.2352755295076106e-07 0.0
9.010533694044547e-07 7.109255971438059e-07 2.0825564936232577e-06 2.385179318225596e-06 0.0 0.0007540672224129011 2.0700251319747926e-05 8.409689997746984e-05 7.107364320971622e-05 1.7753694171205033e-05 8.534679257280367e-05 0.00011319295610324033 9.133480378956728e-06 5.672226735770234e-06 0.0009147911054473292 0.0 1.1415159743950502e-06 6.172146753919337e-06 5.975986800653956e-06 1.7827553642633638e-05 1.4928482517385365e-07 3.5374098617693624e-06 2.4131443557301406e-06 2.508158171968713e-05 1.1443392899024597e-06 1.2084637958551678e-05 2.5088637133792003e-06 5.8437175028787855e-06 2.2129240352079742e-05 1.9322504143763067e-06 1.909084740737557e-06 0.0002129781326856387 1.2172096436125614e-06 0.00029812297362670286 2.5618146067403665e-06 4.888659136728288e-05 6.87458199011575e-06 0.0002855875928686209 5.2807187915608487e-05 0.0016876368019543438 2.3802834681646913e-05 1.0713779684380554e-05 2.1488241940215955e-06 6.29796382981052e-08 9.226444327098257e-08 0.0 2.054600305921716e-07 0.0 2.6222126651477386e-07 3.0294141040626695e-06 0.0 2.436524850217717e-06 0.0 0.0 6.152622561090561e-08 1.1416737586694721e-07 0.0 0.0 8.032401909899514e-08 0.0 0.0 0.0 4.0208933803129745e-07 0.0 0.0 7.22864341680017e-08 1.4305277969034876e-06 0.0 0.0 1.7459262306129897e-07 2.3653372327598017e-06 1.8249144267524241e-07 0.0 6.23620296263374e-08 0.0 0.0 0.0 0.0 4.867215467805338e-07 0.0 0.0 0.0 0.0 0.0 0.0 0.0
6.225122813907794e-06 4.026045092184134e-07 0.00010650602519900248 4.658838264064522e-05 0.0007540672224129011 0.0 0.0021072909678519474 0.002951467251899117 3.728840324524692e-05 0.0037969586683962637 5.4121518090854884e-05 0.0030522179581943904 7.895574329273973e-06 0.00033642694595135373 0.0006500151010778908 2.8804060229865253e-07 1.3679216065911764e-05 8.53576996911353e-06 1.0971145415645154e-05 0.0003787861790239268 3.555370481146372e-06 7.438304891368282e-07 2.1684151028968097e-05 0.00011752334129791263 3.7633785242858886e-07 6.10044788019576e-05 1.3554610793951813e-05 0.0005676467545816415 0.00010160752088478205 6.617208106528316e-05 2.4559636657898786e-06 0.00018613967009244848 2.033994833607155e-06 0.00010314492326930202 4.687756204107475e-06 0.00011428606357908951 1.1931015476522287e-05 0.00021890975589575768 3.797085841719688e-05 0.001281128657575928 3.75942889830827e-05 5.19591772816435e-06 7.357826244289286e-06 7.458259776301369e-08 0.0 6.403068941434255e-08 4.741001982647622e-06 0.0 1.1765088261887976e-06 2.882039319083514e-06 1.6718842116997289e-06 5.484952218144128e-06 2.887872313553098e-06 7.552072255124579e-08 2.707655686352893e-06 4.695080811560709e-08 3.260776899114856e-07 3.0226413863599303e-07 3.544178037858748e-07 0.0 0.0 0.0 7.032361408310222e-06 0.0 1.9842572103470987e-07 4.69366469084729e-07 2.8436319433314073e-05 8.717377677260565e-08 6.219467142798909e-07 1.339282603306413e-06 2.2549508327226724e-05 1.9018682084588463e-06 1.9518198406591957e-07 0.0 3.74114897611061e-07 0.0 1.200276606120774e-07 4.196925096024732e-07 5.7245792170219954e-06 3.8033212271919184e-07 3.5781534160285026e-06 7.756043925441661e-07 2.528514102166059e-06 2.417671694716572e-07 0.0 0.0
0.0008114692844197811 1.282120132335937e-07 0.0006570000455005039 0.0001442723662367855 2.0700251319747926e-05 0.0021072909678519474 0.0 0.002684917754474787 5.386949879757409e-05 0.002695863246442785 3.459656628490883e-05 1.3788182913907037e-05 4.126265744316232e-06 0.002536529944813245 3.1237300854250556e-05 3.5129039554928346e-06 3.756399486924101e-05 9.243430006709518e-06 2.0139634557265652e-05 0.00012138070885560654 4.307376881593193e-05 1.9864563001282012e-06 0.0002689747130661271 0.0012594191725903948 6.405460062806564e-07 0.00020543638837896856 0.00010666764879604646 0.012934996741874144 0.0005299745135956095 0.0021499534518161913 1.630082126616996e-06 3.7903343960205e-05 1.3687918888098813e-05 0.00012930881691796236 3.740537645521569e-05 0.0004523718305296615 4.2975315067057473e-05 0.0004896621806300806 0.00015169445546766908 0.00011523126398272568 6.480411598910916e-05 2.288451275862407e-06 1.1067048388946044e-05 2.458716867921084e-06 5.291385460135922e-07 4.769655269940686e-07 2.6151888383443165e-05 3.357061537930768e-07 3.476542966779935e-06 3.888487725544438e-05 8.856570743246507e-06 5.705550979027702e-05 1.5816133697421605e-05 1.4744157156014766e-06 5.489122038282729e-06 2.1773619416560648e-07 6.668769611518215e-06 2.7577214170741907e-07 3.846597707722986e-06 1.637258515093206e-07 5.255656461024672e-08 8.391683867852072e-07 2.9319486777437936e-05 3.403872936276927e-07 4.724296066418927e-06 2.5408307241565503e-06 0.00016997144471679807 0.0 8.173723622452513e-07 7.809085311083192e-06 0.00014573792725256008 6.066217204999624e-06 4.196478647820458e-06 7.835142642630069e-08 7.30023568439622e-07 1.2350476292801743e-06 3.859467736718043e-06 1.619715754591272e-06 5.332230136587892e-05 7.890787808786273e-07 2.2742920949474474e-05 5.489003382925141e-06 3.289363575402146e-05 4.613209863134863e-06 1.9050085945458862e-07 8.013804941986923e-07
0.00041612698439355783 6.344544037202067e-08 0.0005184045493703532 3.11039754106331e-05 8.409689997746984e-05 0.002951467251899117 0.002684917754474787 0.0 1.3447962274654485e-05 0.0014013301387926153 0.00010061371946640085 0.0006283964287315349 1.073439425007068e-05 0.003576799775035926 0.00010832684489193229 4.2201950542400454e-07 0.0001776558553884861 1.7045728051703957e-05 2.7202270984343764e-05 0.00027146414737192425 4.0100947837055795e-06 1.0454801043534766e-07 0.00010784563487966117 0.00012345175731202118 1.998151380764972e-06 0.00017646490246846986 3.719332764987323e-05 0.00027953208926101696 0.0003853057691477916 0.0007829255783915695 3.254184445404031e-06 0.0001898361683947787 3.650442509196948e-06 0.00013885937802870783 2.2568478478747387e-06 0.00017612975345899785 2.2524654609483755e-05 0.0002416182579214311 3.2303811688310165e-05 0.0004675210294326716 1.3326108626678528e-05 5.0117308073473905e-06 3.7255956452345614e-06 6.633665680488374e-08 0.0 2.5008010810699815e-07 2.775620818547854e-06 6.467185358240766e-08 9.723413235336948e-07 5.385388575082548e-06 2.330615056047484e-06 7.089219986991439e-06 2.0596805241721662e-06 0.0 1.33692259832861e-06 1.1132871782548865e-06 1.3338637380070838e-06 0.0 3.8125729249190325e-07 0.0 0.0 0.0 1.2789013970755177e-06 1.1727770104057325e-07 3.4297564788024363e-07 8.040360135845892e-08 2.4623746330790044e-05 1.332273650667305e-07 9.6633111987805e-07 2.982514111272336e-06 1.9562421293378286e-05 1.8435552072791967e-06 5.765067157102983e-07 0.0 3.146359501089773e-07 0.0 3.714449871464268e-07 5.300711701215171e-07 7.07962594295719e-06 5.150227093430794e-07 2.778624327005182e-06 1.030587996860673e-06 1.7914395394486328e-06 4.816233701282318e-07 5.493818056341201e-07 0.0
1.85679709038211e-06 0.0002600718489069548 4.3800944011337057e-07 0.00046170476654577516 7.107364320971622e-05 3.728840324524692e-05 5.386949879757409e-05 1.3447962274654485e-05 0.0 3.019312648657108e-05 8.061954472157533e-06 0.0004964069827811401 2.0747932043783048e-05 1.5730424786320932e-05 0.0009988308526358374 3.308571116799072e-05 1.3625912794098665e-07 2.1584894373597064e-06 2.2819427481216943e-06 0.0006332967139645841 8.472215943586934e-06 0.0013002966805936446 3.2853111257758806e-06 0.005508915831515279 0.0001707032078601616 3.575778508469587e-05 0.00015094790563806133 0.000493500512393449 3.843947001432358e-05 4.5740567468584986e-05 8.6484923380838e-06 6.961175714060642e-06 1.0187982070935938e-05 1.6898658113006592e-05 1.3682364591381839e-05 0.00015031630989831627 6.903662686358001e-06 6.53469362848964e-05 2.738261731900646e-05 0.0003037472905736688 6.968749430274916e-06 7.3887964089937916e-06 2.6078625471957627e-06 5.0226966165170406e-06 1.080380383351241e-06 1.958743339925265e-07 9.701105860146962e-05 1.5526454470876221e-06 8.2300021280083e-06 7.677380800733001e-05 1.7470713042893827e-05 3.379961084698199e-05 3.441015527513961e-05 2.1119063527672965e-06 4.014376742113466e-05 2.058982130601421e-06 8.867080757114905e-06 7.874230801656856e-06 0.0001226979090336382 1.7254175733164937e-07 5.172131117028849e-07 2.1097370651037625e-07 7.621043651023919e-05 5.173382280255962e-05 2.918857003301252e-05 5.899734462249703e-06 0.0008263845115104145 5.907412737059667e-07 2.4058966309405005e-06 1.6554325294046808e-06 0.0002912612575552952 3.541701772146086e-05 7.065183535362332e-05 9.696923349370553e-07 1.2108958013890706e-06 5.933719324526002e-06 6.649203854047007e-06 4.625234563412517e-06 0.00011970156758724349 2.6128294940570814e-06 4.48574396542578e-05 1.630943016068866e-05 7.085516727046343e-05 7.2115968795699735e-06 8.283250184966767e-08 1.8337677412603844e-06
1.1928356887107252e-05 8.415095504106297e-08 3.778762408328889e-05 0.0042346251701131325 1.7753694171205033e-05 0.0037969586683962637 0.002695863246442785 0.0014013301387926153 3.019312648657108e-05 0.0 5.775292020321982e-05 0.0034057770246898635 5.219349535271176e-06 0.0005233278670073299 2.9578643013126337e-05 7.886810268885869e-07 6.28507848111634e-06 1.2174860578724292e-05 2.6135644011843016e-05 0.003755785942762861 3.2343215446332362e-06 5.040979015543168e-07 1.1717279560770424e-05 0.00047407347220221536 5.866203913541585e-07 4.5135056863179605e-05 2.033043372206392e-05 0.0035880071149371347 0.00024658395096255196 2.0612624021017963e-05 2.414054880702699e-06 5.175779747200895e-05 3.5786921224142027e-06 0.00010774297607381783 1.164313429246398e-05 0.00030806292317718076 1.4869662286498927e-05 0.0004325446297728434 5.955389000875026e-05 0.0001481980277699277 6.674885165887815e-05 1.9675964413072355e-06 1.714185207978887e-05 6.462229316325924e-07 1.4043105904177172e-07 7.794554320207906e-08 1.6415142265280107e-05 0.0 8.875159668190196e-07 1.218595949522341e-05 3.3672938943043567e-06 1.8455139564039706e-05 7.202655528804958e-06 3.198754648134915e-07 2.5884799877509285e-05 1.7791769804175447e-07 1.209003333939671e-06 1.6394615274074056e-07 2.3315662576375163e-07 0.0 1.3470648480783835e-07 0.0 1.5940003928289422e-05 0.0 4.477118384156968e-07 7.500420664062304e-08 5.706308359275657e-05 1.1147471674011988e-07 0.0 1.300340298573053e-06 4.598585529672814e-05 2.2649020972283613e-06 9.982126163892209e-08 0.0 0.0 0.0 1.7816466031960834e-07 5.192260308574999e-07 1.1871007083466201e-05 7.404952399275755e-08 7.274779865434457e-06 2.862410628552186e-07 6.233540516653176e-06 1.1193605331710694e-06 7.339093931224332e-08 5.87661425548877e-07
6.935843310270238e-06 3.688395652571727e-05 1.468446908117244e-05 4.57372767982286e-06 8.534679257280367e-05 5.4121518090854884e-05 3.459656628490883e-05 0.00010061371946640085 8.061954472157533e-06 5.775292020321982e-05 0.0 0.00010169208638255922 0.0010043976878288028 9.818331077136511e-05 7.632609927953887e-07 1.303404989412728e-06 0.00015072325325688087 0.0017284864785906803 0.0007779260585413922 5.0196349530813064e-05 4.405203849766677e-06 2.2629611664512178e-05 1.3347235192038069e-05 3.255087493206448e-05 0.0003425000296342683 0.0016327371694125842 0.0007344114404728726 2.884779629629553e-05 0.00045535763734106153 1.8095610900067924e-05 0.00047019044707390106 0.0005028442628434609 8.263833625837246e-06 0.002784012782021782 6.192428726353577e-06 0.0003807307493535976 0.002648109638928942 0.0020771203690412906 0.0002948852652360731 3.1368359525361856e-05 9.390174065619678e-05 0.0007818702651564172 1.338203328219817e-06 1.4884652142704613e-07 6.067453904076231e-06 0.0 6.359282663535671e-07 4.535940142446327e-08 5.970837763006524e-08 1.437036943724456e-06 7.144325802309542e-07 2.7818785477428972e-06 2.1546907659834237e-07 0.00017585301149762285 2.571880526939235e-07 0.0004963620677271066 5.244783990889681e-08 0.0 3.6275782464520087e-07 0.0 6.894274197266459e-06 1.951013564742203e-06 4.0417366961576846e-07 0.0 7.214702186133985e-07 7.384051336436675e-08 7.082762513074129e-06 0.00014515880300463435 5.950654732283262e-05 7.557669567770485e-05 5.971195423938349e-06 1.5238128599440261e-06 4.792014266782605e-07 8.249130700644149e-05 9.654419582487523e-08 0.0 3.0711062364323966e-07 2.9106407710912097e-06 8.728620763342902e-06 0.00012508650530951797 4.438064244097693e-06 6.271494951977407e-07 2.088422801714812e-06 5.159158087287596e-07 0.00013625155611753412 0.0
7.709482239713505e-07 1.2425919594799995e-06 9.252704798159951e-07 0.0003563226578945247 0.00011319295610324033 0.0030522179581943904 1.3788182913907037e-05 0.0006283964287315349 0.0004964069827811401 0.0034057770246898635 0.00010169208638255922 0.0 1.1627784984053275e-05 0.00032199963570939133 0.0009674524113326888 0.0 3.1074976209709794e-06 2.0414944824506682e-05 3.169495233064175e-05 0.003355574183001415 4.719064589608884e-07 5.6417100067578054e-06 3.286346283782595e-07 0.00013648815730076772 7.934113785291252e-07 4.573829139465172e-05 1.2332780802156005e-05 0.00015050037386573478 0.00017805260185331948 1.3512708285932474e-06 5.663366083638911e-06 0.00010039282197950353 4.0436580269554124e-07 0.00011357994001496079 1.936602310077735e-06 8.786595647243988e-05 8.257900457078046e-06 0.0003805846558110269 1.2649852604723e-05 0.0010903418260640783 3.386826606590851e-05 1.158353299034606e-05 3.4082147744614096e-06 0.0 0.0 1.1510352162813149e-07 2.2287406390968503e-05 0.0 8.390773073934813e-06 5.563853103669755e-06 2.0860060341817352e-06 4.1924319586852296e-05 5.19479622368521e-06 0.0 2.4126661197844945e-05 1.103970198007336e-07 4.6364017461959257e-07 3.8025510406091925e-06 0.0 0.0 0.0 1.1334832761385364e-07 2.5773858412144405e-05 0.0 0.0 0.0 7.717571047446373e-05 2.265746862684219e-07 2.1084366921004985e-07 2.692892195320483e-07 3.105398871413301e-05 1.605501981454034e-07 9.750156791975438e-08 0.0 0.0 0.0 5.971899333412686e-08 3.5424059459981385e-07 2.148339378064736e-06 0.0 1.4240988108268128e-06 0.0 3.157714420468251e-05 1.1070093746213786e-06 0.0 0.0
3.379758796165014e-07 0.00017608411199040031 7.333799780150012e-07 1.8419705952475837e-07 9.133480378956728e-06 7.895574329273973e-06 4.126265744316232e-06 1.073439425007068e-05 2.0747932043783048e-05 5.219349535271176e-06 0.0010043976878288028 1.1627784984053275e-05 0.0 6.228243513750136e-06 1.4192088379687972e-06 3.8299401152752555e-06 6.246315486382369e-07 3.143837846138047e-05 5.428387646765795e-06 4.89464478268804e-06 1.0411656224121086e-07 0.00012805467169289407 9.719824701112147e-07 2.575550363654704e-05 0.0020486438416799247 0.0003244102246083878 0.0025611864667979506 3.2018302337722093e-06 2.3952186814038106e-05 1.4813208606602844e-06 0.0009417696921448542 4.5545584168685815e-05 1.3516292456148916e-07 0.0005465428281447122 5.979205089364683e-07 5.7365104945369225e-05 0.0013272631560566656 0.0006615480070651472 4.017455866657077e-05 1.1202527699039336e-05 4.316465000048734e-05 0.000489930223991193 1.1174652138929491e-06 0.0 9.112242546607248e-06 1.810336406075393e-07 7.043149719051398e-08 2.3423365795302695e-07 1.1938214765893542e-07 1.758332497454319e-07 2.343469039700168e-07 5.786956109648905e-07 3.450439950154823e-07 0.0003949916717953641 5.122445055035032e-07 0.0009700771017346255 1.0442589228786956e-06 0.0 1.5033262358153294e-07 1.7512311394753633e-07 1.3054944619005374e-05 3.7557960546827526e-06 0.0 0.0 1.135616581030798e-06 2.9475178240906114e-07 7.015507278178933e-07 0.0006031531457811247 0.00015500724601830745 0.0001678989582587351 9.784701165793585e-07 2.8916991124856014e-06 7.187437029007685e-08 0.0001904575013518779 2.333996670308366e-06 0.0 9.458637156540871e-06 2.3823417993932966e-07 8.501160797382852e-06 0.00020921912973433684 6.402797637123713e-06 4.778097342628111e-07 5.631755328176738e-08 6.0365267451518e-08 0.0001373562375677136 0.0
0.003953607657080191 6.435859897288035e-08 0.0005105598894344173 3.5588491524755514e-05 5.672226735770234e-06 0.00033642694595135373 0.002536529944813245 0.003576799775035926 1.5730424786320932e-05 0.0005233278670073299 9.818331077136511e-05 0.00032199963570939133 6.228243513750136e-06 0.0 5.025972530435858e-06 9.648375583139214e-07 0.00028258152583886085 2.076030354571591e-05 4.481199528914263e-05 0.00021758055332970973 3.4507684280493336e-06 1.5321923750790274e-07 0.00012987145365305462 0.00024674181660543255 8.935241153311916e-08 0.0001728458033760903 5.309730041967942e-05 0.0003021539467854784 0.004025833025714707 0.0016165754508875758 3.523560072301644e-06 0.0002600224344613488 4.98824595825614e-05 0.00020750919078108812 3.902672627214263e-06 0.000165584927753814 1.8159350517736167e-05 0.0002413122415627358 2.8003804442109974e-05 8.816249050064066e-05 4.578728894298675e-06 3.4049134833265262e-06 3.648900679670566e-06 5.555307999789564e-07 5.8293799542857776e-08 2.3606501406207572e-07 1.1281487173914438e-06 0.0 4.356688803449193e-07 2.6203872816408315e-06 9.95526858484919e-07 8.963139096725112e-06 7.358704160985408e-07 0.0 1.3801779032702657e-06 1.2650956282735424e-07 6.160830651887795e-07 0.0 8.93499113622821e-07 0.0 4.9274338102590556e-08 6.23834437138804e-08 2.2879552403445148e-06 5.294949129661919e-07 9.57461709283434e-08 0.0 2.661678001865137e-05 0.0 1.266278984959568e-07 2.1197507948072796e-06 1.9439186127215682e-05 2.70897094772887e-06 2.0161017244246176e-06 1.8884298790120822e-07 7.755746614685936e-08 1.4495679958327933e-07 7.697733720272017e-07 3.147695090625631e-07 1.2423610389924182e-05 1.4860680543284422e-07 2.402905052464171e-06 5.573339016710763e-07 1.901796182023163e-06 2.0283809377294774e-07 0.0 0.0
1.4871296247346027e-07 1.1374525771971096e-05 2.048355678900615e-06 4.118175092028673e-05 0.0009147911054473292 0.0006500151010778908 3.1237300854250556e-05 0.00010832684489193229 0.0009988308526358374 2.9578643013126337e-05 7.632609927953887e-07 0.0009674524113326888 1.4192088379687972e-06 5.025972530435858e-06 0.0 0.0 3.023315219697569e-07 2.48599141273979e-07 0.0 8.939407982075018e-05 0.0 7.249454901770867e-05 6.783635386030336e-07 0.0006586450908476522 9.27317436713504e-06 2.5812354537618203e-06 7.549977277389476e-06 3.606432593630318e-05 3.6592949001589538e-06 1.223266851697806e-06 7.142358446446879e-07 0.0002960794412934163 2.0735364486237321e-07 8.713888906296689e-07 2.345410698657777e-06 1.4915697748935072e-06 1.3291150220104267e-07 3.5911795927948465e-06 7.081648950075324e-07 0.0010267516151595151 1.962282936363275e-06 3.152017052274353e-06 1.9264277565172268e-07 1.8594595109905325e-07 4.5010879538058246e-07 0.0 7.09553103320492e-06 3.4162821462866865e-07 1.6448192458453858e-06 1.8591229140106974e-06 1.2981844632190158e-06 1.1559960738286402e-05 2.965170826547965e-06 0.0 8.781733282320733e-06 0.0 0.0 4.83972302703424e-07 8.920626799728059e-08 0.0 0.0 0.0 4.799460452464143e-06 4.3070944871195404e-07 1.241077800811289e-07 1.101119688638518e-07 4.097969631317315e-05 1.5153933786115169e-07 7.126473861964028e-08 0.0 7.27096036352989e-06 0.0 0.0 0.0 0.0 0.0 0.0 3.56825437347962e-07 2.321943314733946e-07 7.929945142420018e-08 1.7188341114926657e-07 0.0 2.1200723014521534e-05 0.0 0.0 0.0
7.85512980092733e-08 0.0001054582636164496 2.3918801769487857e-06 0.0 0.0 2.8804060229865253e-07 3.5129039554928346e-06 4.2201950542400454e-07 3.308571116799072e-05 7.886810268885869e-07 1.303404989412728e-06 0.0 3.8299401152752555e-06 9.648375583139214e-07 0.0 0.0 7.379958195984536e-06 1.367799368179747e-07 6.110796788576395e-07 1.6263482404671744e-07 0.0004202315539806208 0.0015566223176760063 0.004136399536430047 0.0011902267500751838 2.4539028080034087e-05 6.8705974119832544e-06 0.001342206267942868 0.0006694162576783919 7.081656333368536e-06 0.0001286356293672956 1.820734061951758e-06 1.1834663951666585e-07 1.2218938296265025e-05 4.643911279010936e-05 9.696298531458464e-05 0.0014396263295829146 0.0006016465691506906 0.0003326788129837169 0.0005150669817359885 2.2650242950443636e-05 3.747771632818841e-06 1.1878585818290086e-06 1.192870346041318e-05 3.938488805004184e-06 6.138064229195442e-07 4.801842450014318e-06 0.0 0.0 4.3266201261603897e-07 3.0143936033843176e-06 8.908568689414295e-07 4.223442533599727e-05 0.0 1.4908625416686143e-06 0.0 7.797760344025367e-07 1.4886438747430238e-06 7.424964422271817e-08 0.0014132710403312989 4.0222785470135945e-07 7.150195799510491e-08 4.7092244104286034e-07 0.0 0.0002746851970791041 0.0006964892094041663 0.0008831860595695282 8.4117079081093e-05 1.5361391639437674e-07 7.096203932847742e-07 0.00023210762243306587 0.000107605880852619 1.544300647131697e-05 0.00012159114944267683 1.6903549481332397e-07 1.7406880504831262e-07 5.625324931408987e-06 1.0120263104333586e-05 1.5438138282979763e-05 0.0002273421248350824 1.611624387316761e-05 5.9208309788744536e-05 7.042669300086686e-05 5.869148756533016e-06 4.70900697117476e-07 1.0580037934663097e-07 2.7039034409213807e-06
0.00012374118920585548 3.105757457413408e-06 0.004818619109426815 6.355547275355064e-07 1.1415159743950502e-06 1.3679216065911764e-05 3.756399486924101e-05 0.0001776558553884861 1.3625912794098665e-07 6.28507848111634e-06 0.00015072325325688087 3.1074976209709794e-06 6.246315486382369e-07 0.00028258152583886085 3.023315219697569e-07 7.379958195984536e-06 0.0 0.00016669169155655086 0.001673224143322418 2.683335935479568e-06 0.0004907380090939146 1.2298549870701233e-06 0.002161197877704911 5.7694338371513445e-06 2.566336206548359e-07 0.0019065010127398239 0.0031655000078930217 4.3037347175114444e-05 0.0003441158759824896 0.001275045978519479 1.065855324482667e-06 1.3650279503731732e-05 2.717158204445718e-05 0.001264715943074467 8.144555498884607e-06 0.00024113089398754525 0.00034938743580084473 0.0012367463639971644 0.00019056791268156655 6.7278178669159835e-06 3.9031797097626246e-06 1.4045447143919019e-06 6.095639166695771e-07 0.0 4.787508615902846e-06 6.659210261350448e-06 0.0 0.0 0.0 0.0 2.1550425253551023e-07 1.9848267641826032e-07 0.0 5.1728417907161476e-08 0.0 1.6370931394740053e-07 0.0 0.0 6.046607502979098e-07 1.9522710791238105e-06 0.0 3.1892609153998532e-06 0.0 7.34145856408077e-07 1.8614811683107276e-06 2.1389854001602482e-06 6.546572505935326e-07 0.0 2.24007826533103e-05 7.15780239548311e-05 9.626546508847563e-07 0.0 0.0 6.747582029460377e-08 0.0 0.0 6.719471726296093e-08 7.321698283474049e-08 6.1088438643878985e-06 1.814200852699102e-05 1.7604356044236032e-06 2.1824542928646462e-06 0.0 0.0 0.0 0.0
4.622201547154464e-06 1.4833488802987166e-05 4.8787083213095064e-05 6.107476133423013e-07 6.172146753919337e-06 8.53576996911353e-06 9.243430006709518e-06 1.7045728051703957e-05 2.1584894373597064e-06 1.2174860578724292e-05 0.0017284864785906803 2.0414944824506682e-05 3.143837846138047e-05 2.076030354571591e-05 2.48599141273979e-07 1.367799368179747e-07 0.00016669169155655086 0.0 0.0013166051868074978 9.750178718580242e-06 1.6105730911056354e-06 4.816675399821677e-06 1.3555288529524833e-05 8.16031751562563e-06 1.4956563480205052e-05 0.0022378026404339304 0.0005505820452578072 6.008045267853056e-06 7.5268871853309e-05 1.745051837092454e-05 0.0001026866660025826 4.906103753219378e-05 2.4444030625782213e-06 0.00045281594446138325 1.798072547990653e-06 0.00019129348700647168 0.0006629279343018069 0.000810251292347528 0.00019534177505347073 5.87922694669958e-06 4.016730233047624e-06 7.1951469936225544e-06 3.3991980176914404e-07 0.0 2.3925172917230452e-06 1.4114469619521345e-07 2.171325147995983e-07 0.0 8.546505437295312e-08 0.0 7.251336260281768e-08 0.0 0.0 4.543524520034515e-06 0.0 1.788967019678962e-05 0.0 0.0 0.0 0.0 3.02581314763732e-06 4.436733135282048e-06 0.0 0.0 0.0 0.0 1.919611256646876e-06 3.5339798679088027e-06 4.36665269668466e-05 4.372067331940536e-05 8.662954991632796e-07 0.0 0.0 1.1018089812220574e-05 5.794642955168314e-08 0.0 1.547565152720747e-07 5.014169592824982e-07 3.30341345363837e-06 1.6936762944237597e-05 1.5659381404413802e-06 2.1271559537357888e-07 1.8447392033431926e-07 0.0 1.4578105419983719e-07 0.0
1.2497897617900307e-05 2.0088810092946362e-05 0.00020517404091142125 1.7645067421545146e-06 5.975986800653956e-06 1.0971145415645154e-05 2.0139634557265652e-05 2.7202270984343764e-05 2.2819427481216943e-06 2.6135644011843016e-05 0.0007779260585413922 3.169495233064175e-05 5.428387646765795e-06 4.481199528914263e-05 0.0 6.110796788576395e-07 0.001673224143322418 0.0013166051868074978 0.0 1.825659438588773e-05 1.5054502519665374e-05 2.8237687249013993e-06 0.00012824477384944054 1.461434729156605e-05 3.84836668895903e-06 0.003074448278829596 0.0007061258577855379 1.3550070091458381e-05 0.00016405384120576777 6.49273740713901e-05 1.2167979922856598e-05 5.815207646332177e-05 7.575423023611012e-06 0.0018687694197431141 4.5709472077138205e-06 0.0004776721612182176 0.0006692793527025855 0.002106678020986442 0.0003782714476933327 1.1178145476878869e-05 3.1153168532510306e-06 2.078235348957495e-06 1.0697301782514336e-06 0.0 1.019029760362388e-05 1.9986310867725053e-07 0.0 0.0 0.0 0.0 0.0 5.32801770748951e-07 0.0 6.747897100715246e-07 7.18496020054092e-08 1.2901165382810508e-06 0.0 0.0 9.593235170368773e-08 6.310442457999802e-07 9.98943481226835e-07 1.1639653660883138e-05 0.0 0.0 4.202297342551015e-07 2.7430305411111513e-07 1.7637741215646989e-06 4.3729900492420365e-07 7.30200884899098e-05 6.474757646003462e-05 1.9712294072264766e-06 0.0 1.825012261730582e-07 1.159302708336553e-06 5.407676692309585e-08 0.0 6.071645239790941e-07 3.2042600578093737e-06 8.435027366358065e-06 1.3577750435773243e-05 2.468611678396741e-06 8.455168822797479e-07 6.155449931066205e-07 0.0 0.0 0.0
4.431365080233564e-06 3.3611006813910726e-07 9.62525841088642e-06 0.002176938376642154 1.7827553642633638e-05 0.0003787861790239268 0.00012138070885560654 0.00027146414737192425 0.0006332967139645841 0.003755785942762861 5.0196349530813064e-05 0.003355574183001415 4.89464478268804e-06 0.00021758055332970973 8.939407982075018e-05 1.6263482404671744e-07 2.683335935479568e-06 9.750178718580242e-06 1.825659438588773e-05 0.0 8.626634263434251e-07 5.885888128467677e-07 2.8264983410897374e-06 0.0005781483284147345 7.688069928220412e-07 2.4798364356439556e-05 9.398173130565237e-06 0.0016032124463716203 0.0001808559525070817 6.9805187244259755e-06 1.8944522663701418e-06 5.053474075746262e-05 2.391465915843395e-06 8.559600236063375e-05 1.073859717070526e-05 0.0003931954994837726 9.920783257079074e-06 0.00036587844398173753 5.345937216385421e-05 0.00037409234195982365 6.454495034543064e-05 5.389915579156709e-06 2.382705757183232e-05 3.5450744863671247e-07 0.0 0.0 7.73265243162324e-05 1.0997138690146042e-06 6.7419146440336975e-06 4.278598245771577e-05 6.029505832085123e-06 0.00014461556197784564 2.052050951188078e-05 1.9686092464571666e-07 2.5132352039856162e-05 0.0 4.06155683979539e-06 5.3605388661379596e-06 8.823244460576296e-08 0.0 0.0 0.0 5.727525246922212e-05 0.0 4.3080523362106827e-07 1.6446130870457155e-07 0.00020797128181393012 8.148430743384354e-08 1.359794356004189e-07 1.877145923483996e-07 0.00013654071093743283 5.29060740311486e-06 8.759045635053741e-07 5.0222895915464457e-08 0.0 0.0 1.540027921646152e-06 7.253231356285043e-07 1.3662721616334774e-05 0.0 8.780478350823145e-06 4.067437858654667e-06 4.783271831070819e-05 2.89867708066534e-06 0.0 2.0398923798794953e-07
2.74883378420745e-06 4.969309926176661e-06 0.00022270872448638168 9.402894987612755e-07 1.4928482517385365e-07 3.555370481146372e-06 4.307376881593193e-05 4.0100947837055795e-06 8.472215943586934e-06 3.2343215446332362e-06 4.405203849766677e-06 4.719064589608884e-07 1.0411656224121086e-07 3.4507684280493336e-06 0.0 0.0004202315539806208 0.0004907380090939146 1.6105730911056354e-06 1.5054502519665374e-05 8.626634263434251e-07 0.0 5.1372122341619496e-05 0.0042953951024389285 0.0002748522993740319 1.0977513186355702e-06 2.2728928837515443e-05 0.000130064611452735 0.0017866392383054789 2.9015894579717726e-05 0.004589132352662046 2.362383920547492e-07 7.022067194655316e-07 1.122209580597086e-05 0.0014196204246170357 0.0003288413723813026 0.002988795136843068 0.0006192857798294416 0.00286609934085213 0.0019382617481071402 3.8192420217804336e-05 1.1962740858245953e-05 1.1751287948096447e-06 2.6137784634060935e-05 1.700166801854595e-06 0.0 9.332537835871672e-07 0.0 0.0 0.0 0.0 1.3526054641365797e-07 1.0668342238248409e-05 0.0 0.0 1.0356020191935876e-07 0.0 6.29185832839088e-07 0.0 0.00015535112689853147 6.357351894301254e-08 9.036245619404015e-08 6.362085828488191e-08 0.0 6.165645146683978e-05 4.207291737502601e-05 4.942688113192836e-05 2.511832953714588e-05 0.0 7.14488591770835e-07 3.545984777915978e-06 3.4247786117713574e-05 6.137112408525154e-06 3.128921187546108e-05 0.0 0.0 2.03254174060894e-06 2.9162320502418306e-06 1.4249029341713087e-05 7.040500206773754e-05 1.6855360781649523e-06 1.1244821298324318e-05 1.5170060096065836e-05 2.557121186789198e-06 0.0 0.0 2.376251774980057e-07
3.0026814269985114e-07 0.0011169198595545162 1.534023523136515e-06 3.103299932072003e-07 3.5374098617693624e-06 7.438304891368282e-07 1.9864563001282012e-06 1.0454801043534766e-07 0.0013002966805936446 5.040979015543168e-07 2.2629611664512178e-05 5.6417100067578054e-06 0.00012805467169289407 1.5321923750790274e-07 7.249454901770867e-05 0.0015566223176760063 1.2298549870701233e-06 4.816675399821677e-06 2.8237687249013993e-06 5.885888128467677e-07 5.1372122341619496e-05 0.0 0.00019689415378860547 0.003487592666464667 0.0011911303907535082 0.00010267561442035093 0.002997387633585124 4.443883482299523e-05 1.7130423822742427e-06 1.922026103508831e-05 3.489271069089095e-05 0.0 7.80667915925418e-08 2.9526335937859255e-05 4.863063042807045e-06 3.4409613676329766e-05 1.60250066261253e-05 1.6853031040562267e-05 1.4670665352290655e-05 0.0001283832764176662 7.47320599749786e-08 0.00010642526610856754 3.180499442970196e-07 4.133803013449039e-07 3.2920703201271264e-05 3.492094256213468e-05 1.4121596486651504e-05 0.0 0.0 9.502716097018829e-07 3.1127496339924645e-07 1.05108504285027e-05 0.0 9.968788891685592e-07 1.447270357608909e-05 3.111471684887982e-06 6.912178064237051e-07 0.0 0.0005611381763173835 5.905809014730972e-07 1.8007307162281368e-07 4.372938036351677e-07 2.0614877260023743e-07 6.414676934224622e-05 0.00013021089117100663 0.0003391633905898411 1.604320502306489e-05 2.8479546377275803e-06 1.0382005745694061e-05 0.00046173240333880893 2.2541047514675483e-05 2.552378966060801e-06 2.697820092933492e-05 1.5360876077519584e-06 6.035388043435057e-08 1.0493883275629264e-06 3.1339354280794415e-06 2.3412593798848594e-06 7.137791651242986e-05 1.5883730771181096e-05 2.4636636429149137e-05 2.7134021968330443e-05 1.5236359298515234e-06 1.0295722688400246e-06 2.0298966694709697e-07 1.055361213872649e-06
6.719295563457155e-05 3.876661549081593e-06 0.006074863252848573 2.0658697790313548e-06 2.4131443557301406e-06 2.1684151028968097e-05 0.0002689747130661271 0.00010784563487966117 3.2853111257758806e-06 1.1717279560770424e-05 1.3347235192038069e-05 3.286346283782595e-07 9.719824701112147e-07 0.00012987145365305462 6.783635386030336e-07 0.004136399536430047 0.002161197877704911 1.3555288529524833e-05 0.00012824477384944054 2.8264983410897374e-06 0.0042953951024389285 0.00019689415378860547 0.0 0.00015683149614657303 1.445502648024604e-06 0.0003944206593560325 0.0064999257960901766 0.0013936106815106398 0.0001534362572486072 0.0023071693546281554 2.913383717802765e-07 3.646119121633865e-06 7.2765664092669445e-06 0.0014420611384390765 0.0003095152553308355 0.0050465753280344704 0.004426279362241576 0.005313061088292081 0.004780664368287087 0.0001212765581627604 1.754793208019223e-05 9.185857476260308e-06 4.051581191646701e-05 6.453531086496515e-08 2.0948832999914035e-06 6.68749297785858e-05 0.0 0.0 3.539043934253886e-07 2.9960663058163467e-06 4.865384817041827e-07 4.1255368407451674e-06 0.0 3.605377064331082e-07 0.0 1.0185434149728302e-07 4.1189955271230287e-07 0.0 0.0005882120420694862 7.479021495338571e-07 1.1478796322814338e-07 4.247688459152526e-07 0.0 6.914827072116514e-05 0.00032367365382476583 0.000459815288437029 1.2346488715682108e-05 0.0 4.261899664629031e-06 0.0005260065941693973 2.039323045259295e-05 2.3826772799988995e-06 2.757216395758616e-05 0.0 0.0 3.2954665030717386e-07 4.271771812707776e-06 4.468137061105126e-05 0.0001212118494789772 1.868429355178054e-05 3.6512075990238616e-05 5.566693783870902e-05 5.764575444998026e-06 7.46561323187965e-07 2.480338753304118e-07 1.4181721474847278e-06
