0.0 1.9796234573537877e-07 2.8862264703104283e-05 4.798786958456148e-07 0.0 2.5143170971332814e-06 0.0006850243322409224 0.00011829691876334419 1.0270552853783397e-05 2.1499422593571443e-06 9.08141414581002e-06 1.2576099827379694e-07 9.374072247559426e-08 0.0019366731493713142 7.24655565909666e-08 6.128438146231132e-07 0.00018472626859268135 3.839529183467337e-06 7.786457862079621e-05 5.543154848846281e-07 2.7647733246509376e-05 1.0417143904789208e-05 6.545607597521283e-05 7.3760356746281e-05 0.0 7.165426249075013e-05 1.2251168136437438e-05 3.428899980040896e-05 0.002009742532670817 0.0016121544150494893 2.880113395448694e-07 1.9098671475943474e-06 4.0298200224754954e-05 0.0001134068938675087 4.897584804367815e-07 3.7698082326059764e-06 4.932598665872479e-06 7.029961604468755e-05 4.887416233053832e-06 1.496960518190133e-07 8.147739889329882e-08 0.0 0.0 0.0 1.6647117477649072e-07 2.761381976963467e-07 0.0 0.0 0.0 1.0718681537804566e-06 8.493269011555067e-07 2.5217089675647787e-06 0.0 0.0 0.0 0.0 9.364679328178375e-07 0.0 2.6804431756318034e-06 7.257834983401864e-08 9.37771012940494e-08 6.028510925074755e-07 0.0 2.5263565606312784e-06 0.0 7.374342229186005e-08 2.1517134401451042e-05 0.0 3.4926291340260508e-06 5.272075699996666e-06 1.9991575281114347e-05 4.166403907303068e-06 6.312778241401992e-06 0.0 0.0 3.831070386769419e-07 4.413282679028501e-06 6.690557459824844e-07 2.5475241711858827e-05 2.955685515072364e-07 1.2582486086172594e-05 9.917516485743781e-06 4.752751931906508e-06 2.573033042468586e-06 0.0 0.0
1.9796234573537877e-07 0.0 2.498781301812179e-06 6.542975777571898e-08 1.678292022386962e-06 8.377353468845177e-07 2.664610916821355e-06 6.902831248661188e-07 0.000291505190254942 0.0 2.8057412275696075e-05 1.8859755376818921e-06 0.0005579671846959653 6.744588214345968e-07 3.6786544869172435e-05 5.459916621605591e-05 4.884923522780789e-06 1.7707253860495453e-06 3.4216713132876573e-06 0.0 4.7338757928770475e-06 0.0010591659865657468 3.5457342287155445e-06 0.0004425793544251162 0.00046508375689870455 0.00012270636640245583 0.004753955226960032 1.8170795422019236e-05 1.0187879451481171e-06 8.602806529463382e-06 0.00010107079461312571 6.84787560049253e-07 2.706469762477124e-07 8.282162718109362e-06 1.0682644019533494e-07 1.7104315557333066e-05 4.1230529663980586e-05 1.7063746726868706e-05 8.507579131247158e-06 2.6345129103278794e-05 4.666563883991416e-07 4.048277074730228e-05 3.6934896954499797e-07 0.0 5.2762230101786096e-05 3.333209905145673e-05 3.8048375371976877e-07 0.0 0.0 1.912614788208972e-07 3.7868113152301386e-07 1.2817982053964117e-06 9.155922722317781e-08 6.994575743176715e-06 0.0 6.956008932327594e-05 3.330208436200995e-07 0.0 5.1812801095468805e-06 2.787620505252838e-05 7.197971528140056e-07 1.0730284231596139e-05 2.3430136241979563e-07 2.4424374027067026e-07 4.6920947746087364e-05 2.4710457314109873e-06 6.330026055163983e-06 1.128027770687413e-05 0.0001838263018090611 0.0014876927256208684 4.3578025430259307e-07 1.1688196452997698e-06 4.4433151051393733e-07 1.4780220451099964e-05 0.0 7.210464905957223e-08 6.047804733935904e-07 8.777278327829159e-07 1.630743088720195e-05 4.843686748950337e-06 1.3114290903481427e-05 3.207143281512428e-06 7.792902028468766e-07 0.0 5.985157443324206e-07 0.0
2.8862264703104283e-05 2.498781301812179e-06 0.0 8.647796401315199e-08 0.0 0.00016575432542242116 0.0003537076064848492 0.0004048676111362946 0.0 1.5294568251564584e-05 1.4450458248103337e-06 8.991285782294449e-07 2.312686664983617e-07 0.00033712843884394145 0.0 3.806162891386294e-06 0.002020189054128258 4.509279549952753e-06 3.189688280130379e-05 3.9235083077347516e-07 0.0004500877271868788 1.1400605872896965e-06 0.005668896498534029 3.892710020926547e-06 1.0421213053746338e-07 0.004732169816658395 0.005163216211277878 0.00018056330908086579 2.1439398334180628e-05 0.00035934723065163835 1.0110536352068481e-07 7.470355941234499e-07 1.4291670526555558e-06 0.00015585598222577675 1.0938797290421583e-05 0.0006775379577138629 0.00036432022722922123 0.0005850847140618398 0.00033422716408582114 4.381156785251466e-05 1.5433750197972166e-06 7.626811328769205e-07 6.353756428103175e-06 7.6660101026812e-08 4.512821389130432e-05 0.0002548638342054666 0.0 0.0 0.0 3.9818813856912495e-07 3.2212731290343997e-07 7.022516367325532e-07 0.0 1.0091712104597621e-07 0.0 0.0 2.860566845343354e-07 0.0 8.895243552277223e-06 4.332928623421557e-05 0.0 3.5123803348860863e-06 0.0 2.4838352045511204e-06 2.7377297120142155e-05 2.552004618706254e-05 2.5630552310913106e-06 0.0 3.009690320829052e-05 0.0004905223673543525 9.779124868172095e-07 2.0985362226569433e-07 1.2211942879422242e-06 7.148395039534517e-08 0.0 9.422476175999005e-08 2.8300761217433103e-06 2.7669550806049527e-06 2.5848977582822436e-05 3.705969998385458e-06 1.6848934187061016e-05 9.959023662854193e-06 6.740237035016603e-07 0.0 0.0 0.0
4.798786958456148e-07 6.542975777571898e-08 8.647796401315199e-08 0.0 3.0226070183392623e-07 8.778160782838645e-06 0.00017247043017616813 1.3357788460055176e-05 0.0006749941344247551 0.00046236760135541727 6.801179267522069e-07 0.0010804024707512167 1.39830590392569e-06 3.3541860144555905e-05 2.5860393168489762e-05 4.102590454660055e-07 2.7861911669480886e-07 4.230915940725201e-07 4.807875792308753e-07 0.000785973143829902 6.29219148694406e-07 5.770638237591639e-07 1.8771750925343954e-07 0.0008396534116396403 1.4657031428325636e-07 1.069340094559776e-06 4.127023592539517e-06 0.0017201716660450873 5.0280332158871696e-05 6.280177222942162e-07 1.5166795592194113e-07 2.189552827364419e-06 3.0332060557542257e-06 2.334054797356726e-05 1.1703658356331417e-05 0.00030033911347281746 6.0301143543346266e-06 0.0001003452120191985 8.014930991009973e-05 2.1044638864424352e-05 1.5960071530301562e-05 7.393297523987018e-07 1.1395138900677157e-06 2.795041697648838e-06 0.0 7.9470324950702e-08 0.00018967355457465205 0.0 4.961023334280912e-06 5.271799875218013e-05 3.829539446484505e-06 0.00010584712104926191 0.00025722623491895066 6.143006489861331e-07 0.0001105952516075184 0.0 1.096210529194492e-05 9.099777866892544e-06 0.0 0.0 0.0 1.5825546241813762e-07 0.00027675193119995107 0.0 1.0779034952864165e-07 1.980200483525072e-07 0.0003693397110113206 0.0 2.8562448208110536e-07 1.0347482761063603e-06 0.0002973573179762396 2.1794556141575834e-05 6.623881652888717e-06 0.0 5.97251421184021e-07 2.5843910548745447e-06 1.0084580617350298e-05 1.6429610950013715e-06 3.1578680624600505e-05 3.9866341151351556e-07 2.6922129771578243e-05 7.911140954768537e-06 2.7425482546810824e-05 1.2847107795737566e-06 1.1905467851672416e-07 1.6950907179431589e-06
0.0 1.678292022386962e-06 0.0 3.0226070183392623e-07 0.0 0.00012572288309314287 4.824384074244755e-07 8.878965603188482e-06 8.253325834701918e-05 8.682281949040738e-07 3.174615990857671e-06 9.411391706237667e-06 3.966124610939006e-07 1.3460099444087645e-06 0.0005794788777326608 0.0 7.007477367756347e-08 2.524181931184314e-07 0.0 7.133077029552452e-07 0.0 7.065947800844069e-06 0.0 1.2577910569137681e-05 1.4237174489334503e-07 5.582012770344108e-07 5.234078272881323e-06 2.306154239162902e-06 0.0 8.101138483582634e-08 1.8700524661562814e-07 6.258221023884088e-05 0.0 1.66846461294591e-05 0.0 2.6799321308459613e-06 8.104866914456578e-08 1.65583147917115e-05 2.6936051933460503e-06 0.0007141017608090893 7.720529493591236e-06 3.5384578182457387e-07 0.0 0.0 0.0 0.0 0.0 0.0 0.0 0.0 0.0 0.0 0.0 0.0 0.0 0.0 1.6407327928665663e-06 0.0 0.0 0.0 0.0 0.0 0.0 0.0 0.0 0.0 1.0972161104842399e-07 0.0 0.0 3.625506678957481e-07 0.0 0.0 0.0 0.0 0.0 0.0 0.0 0.0 0.0 0.0 0.0 0.0 0.0 0.0 0.0 0.0
2.5143170971332814e-06 8.377353468845177e-07 0.00016575432542242116 8.778160782838645e-06 0.00012572288309314287 0.0 0.0016970628203335336 0.004780681952172043 0.0002941698556653628 0.0031871047860034325 0.00012644273417735625 0.0024995496028655307 2.6892265323865552e-05 0.00040736455948198555 0.0009093356965434428 9.030864165594863e-07 4.674349052137813e-05 2.3790758568810452e-05 2.8708819901607362e-05 0.00023786976785155402 0.00019502826928822096 6.9425354105323555e-06 0.00012184729277402874 0.0001233920178251124 6.359097019750449e-07 0.00022944879791573334 9.083265102282112e-05 9.671409716626429e-05 0.0001809668327612326 4.236128202508215e-05 4.320296453844693e-06 0.0006262994094420949 1.9281134882797454e-06 0.0007257415795829152 6.292388933578252e-06 0.00016645044424311124 1.7046024386445526e-05 0.0005131139953537873 0.00011960562815989108 0.0017393862750940206 0.0001974074986331681 1.4363901620865546e-05 2.977279269255648e-07 8.625721344219257e-07 4.718918436690091e-07 1.434874964894534e-06 1.0766168289164903e-05 0.0 5.950396487246037e-06 2.6914715726585224e-05 2.3149805206348295e-06 3.5561424917656596e-05 2.7093733404592373e-05 1.0767042878349456e-06 1.11788238489993e-05 1.6460910365991624e-07 7.629167036372147e-06 2.3681169990205505e-06 1.5777937801514608e-06 1.02351827614554e-06 5.845868161491383e-08 4.974140724259718e-07 2.4202505225358704e-05 2.6064103546649025e-06 7.255275281773447e-07 4.501064389843969e-07 0.00024389368181638982 0.0 1.485327510374919e-06 6.8227911315110356e-06 0.00017768530144785023 3.3065691695150236e-05 2.2414746089420645e-05 5.652241004723976e-08 3.5531206313787863e-06 3.785075410751584e-06 8.322536092028063e-06 7.183687767170642e-08 5.644397215534591e-05 1.0219949628749432e-06 3.750281802295745e-05 1.1149010009238106e-05 5.4340508020726376e-06 3.5506203239427532e-06 2.350392275466347e-07 0.0
0.0006850243322409224 2.664610916821355e-06 0.0003537076064848492 0.00017247043017616813 4.824384074244755e-07 0.0016970628203335336 0.0 0.003143522361636694 0.00017683151839019507 0.005727741745513727 1.0141667018488904e-05 1.8896852134639442e-05 5.452983205880259e-06 0.005346906438743385 1.48559276529583e-05 9.04161637017407e-06 5.527498460130106e-05 4.2565705302707554e-06 1.1678120525280325e-05 3.214296669684102e-05 0.0009445064325283873 7.581892768257461e-05 0.0005001221856632654 0.0020763244713944222 2.7315514453346654e-07 0.00037388778039686713 0.000802943261826528 0.012243205440015201 0.0007506575825845855 0.0013731184624995113 6.462272662425664e-07 1.785369550062913e-05 3.177811363083901e-05 0.00027732487028162987 4.889632838940784e-05 0.0007769848271751264 3.398730223890355e-05 0.0008783589786507531 0.000478680684810496 4.891559363552326e-05 5.5765919845965834e-05 1.1262869740737128e-05 6.711913995454529e-06 7.17569147699915e-06 8.315977894560793e-07 3.0505782649754397e-06 5.7062248682814674e-05 0.0 4.679823863813894e-06 9.510785164254988e-05 8.236488733422087e-06 8.342768264451012e-05 0.00016871506467777914 2.065753086219878e-06 5.562309110211609e-05 0.0 4.63517193884698e-05 3.6160925949848423e-06 1.3851435623245342e-05 1.8190223721063716e-06 2.2080326253360853e-06 6.288819928697e-07 0.00011607509739166135 6.4021504210257345e-06 6.0800019435307044e-06 1.3095828090915428e-05 0.0006948725857897065 1.9931619301661238e-07 2.53546721580469e-06 2.7674114382553223e-05 0.0005992166823415613 0.00010684645179928005 9.706012689526094e-05 6.643605599486239e-08 9.759854403049483e-06 1.854502246175942e-05 4.694695434746855e-05 5.925859989143188e-06 0.0004543939366348325 3.9567744088084035e-06 0.000271875417557492 0.00011235802470425406 4.373601443972324e-05 1.8589941889452247e-05 8.404753654600461e-07 9.292611356450537e-07
0.00011829691876334419 6.902831248661188e-07 0.0004048676111362946 1.3357788460055176e-05 8.878965603188482e-06 0.004780681952172043 0.003143522361636694 0.0 1.4774052609499212e-05 0.0012479236186776525 0.00030719663015673157 0.0002109693814042383 3.512013705850148e-05 0.003671253646659188 4.77475542044344e-05 1.4187713774129594e-06 0.0004406445192734968 6.250315895190774e-05 0.00022067949539508944 6.447280859298699e-05 0.00044162412272859335 6.61269621598546e-06 0.00037677951590937153 0.00012576918009494747 1.7381562836346268e-06 0.0007466397770609422 0.00014102307244430923 0.00018354898752376682 0.0004101212358995786 0.0005040201596673811 6.546600743742809e-06 0.0005355574047729841 4.349695230790184e-06 0.000875494740231365 2.0163496756143936e-06 0.00011705023666522623 4.626792679022573e-05 0.0006004271051956938 0.00010097679693041819 0.0004753871454372128 9.26984673815425e-05 8.680781432234333e-06 9.866685480151107e-07 1.0275808130335087e-06 1.0358149436612716e-06 1.6942450198689463e-06 5.155993721207209e-07 0.0 0.0 1.4741609295605497e-06 1.5800186543587611e-07 6.73816425830096e-06 1.3977679581180504e-06 1.4124834986468841e-07 0.0 3.3801884650096133e-07 2.17038203582618e-06 0.0 2.453881003845413e-06 3.6904933435204524e-06 7.348522820507818e-08 2.0909895283124943e-06 5.359839684098492e-07 2.3939652042798633e-06 7.171590765237822e-07 1.3844541862024196e-06 4.782771477666847e-05 0.0 1.358809159529807e-05 2.9898497878797252e-05 4.054484565859943e-05 8.638305639231236e-06 1.8628994098318713e-05 1.6284280057896037e-07 3.633354493598454e-07 1.27767027917434e-06 2.8456961127351886e-06 5.725385216332587e-07 1.8781410073794253e-05 1.1067298033633739e-06 1.6406084735282306e-05 8.825093448773318e-06 5.063936902196698e-06 0.0 2.2239778714232184e-07 6.7168871272039e-07
1.0270552853783397e-05 0.000291505190254942 0.0 0.0006749941344247551 8.253325834701918e-05 0.0002941698556653628 0.00017683151839019507 1.4774052609499212e-05 0.0 6.750412853237989e-05 4.12903358196182e-06 0.0007652750014597905 3.0823992438546334e-05 2.7342759646031463e-05 0.0004981576908888207 3.448081429995816e-07 1.687205922481949e-06 5.729614651995705e-07 9.806011063810496e-07 0.0005875247870801575 1.1169553111103975e-06 0.0014838532854341605 1.3271233922410341e-06 0.0026412977168136197 4.058601970981442e-05 1.7119477141380903e-05 0.0006573154132347732 0.000543327052666651 5.575019660420544e-05 0.0001245906966244894 8.430901606995205e-06 8.838667688451878e-06 3.4885792988781678e-06 1.2342932919905595e-05 4.751860491647274e-06 0.0001065936893009438 2.331166237577756e-05 4.094715661383831e-05 2.5132345680752085e-05 0.00024979907451608995 7.57150844000218e-06 1.9703644361047254e-06 1.0595025197464773e-06 1.7765480273901995e-05 8.736786692899148e-07 4.5132259203976e-07 8.960489890557798e-05 1.6842555117462954e-07 9.90474557515448e-07 5.852619186099827e-05 7.272009592990252e-06 4.362311795087786e-06 6.083181778140683e-05 2.042845823850003e-06 7.795545793427073e-05 2.6180517954802915e-06 4.178995000457485e-05 2.5254437010491202e-05 1.249283425433242e-05 3.773523693077883e-07 1.198919286650977e-07 2.320835331259161e-07 0.00011935316085138751 1.1241912745232568e-05 1.1573788651115593e-05 1.600324711803779e-06 0.0009543909258779913 3.4604473923944036e-07 2.6902877754576376e-06 9.343017721926421e-06 0.0003789801128077 0.00012236079549832182 0.00019266446904994856 7.991867249471006e-07 2.1345227150579277e-06 2.0552441754370516e-05 3.473177770352954e-05 2.3907979783733324e-06 0.0002859076581323834 7.227838727150151e-06 0.00013436922588403848 8.260815810528023e-05 4.47612594758905e-05 1.5518889762766354e-05 1.306899301567631e-07 3.252635730323359e-07
2.1499422593571443e-06 0.0 1.5294568251564584e-05 0.00046236760135541727 8.682281949040738e-07 0.0031871047860034325 0.005727741745513727 0.0012479236186776525 6.750412853237989e-05 0.0 5.356790248547329e-05 0.002038339782407936 1.3075193375323757e-05 0.000652059764009148 2.278193392729418e-05 6.758302909498249e-07 5.224492712929899e-06 1.641325496457822e-05 1.5654616796068508e-05 0.0010968647655521504 2.7918009135922832e-05 1.4080103069893182e-06 1.3459699277084633e-05 8.18108497452996e-05 7.705012902624517e-07 3.9815295340577424e-05 5.162766407431855e-05 0.0015465101744020797 0.00045943589670572823 4.117796820675195e-06 2.9706829416920116e-06 9.240821524210681e-05 4.311963978016657e-06 0.0004579755940860592 3.850203758175375e-05 0.0008857452429928913 3.235252116402262e-05 0.0011290257383810155 0.0005206019629218444 0.00012665330436582617 0.00019359678761334039 1.632570914890748e-05 8.550213997002245e-06 3.6095656269819396e-06 0.0 1.7752165780579273e-06 0.00012054308902250829 1.1749737453391714e-07 3.906251852013289e-06 0.00010690923785876541 8.66571233257603e-06 4.754454862608094e-05 0.0002447098139462201 2.4516122034088813e-06 9.429317873518887e-05 1.2918951783000566e-07 2.6026969982141013e-05 1.0391109581474694e-05 4.5459360106349177e-07 2.7536924738656067e-07 4.668338744453081e-07 2.3679088357595876e-07 0.00020985245570564527 7.772032168990793e-07 2.3477327211455876e-07 1.409367383189203e-06 0.0004892846290922364 0.0 1.150877842887957e-06 3.655322921750587e-06 0.0004086548008668601 4.892627604769748e-05 1.9946904226421375e-05 0.0 1.1962950464513058e-06 6.616072684775985e-06 1.8346518219890655e-05 3.5738247761842907e-06 8.37359572496213e-05 9.298319527401023e-08 8.965845673048399e-05 3.4750762088449744e-05 4.289096398012209e-05 6.928520973219865e-06 1.7264021242045061e-06 8.726067777525939e-07
9.08141414581002e-06 2.8057412275696075e-05 1.4450458248103337e-06 6.801179267522069e-07 3.174615990857671e-06 0.00012644273417735625 1.0141667018488904e-05 0.00030719663015673157 4.12903358196182e-06 5.356790248547329e-05 0.0 6.112290079275713e-05 0.0007416270729482882 0.00024037747505867028 7.716942140093673e-07 8.075540074236479e-07 0.00073705308450038 0.0009154807148834595 0.0008213128198884866 1.846777394627967e-05 1.1372434393502647e-05 5.996933309645044e-06 3.721144715525073e-05 9.820788023446802e-06 8.855952141733923e-05 0.0012436816542280656 0.0001335765150763481 5.8077432294034785e-06 0.0002986682749041518 1.932506524643787e-05 0.00012573041612055428 0.00036237643450501387 3.679777721743773e-05 0.0034369224655935674 3.151941996715653e-06 0.00026231200071921695 0.0006668912226827324 0.0024010699603047195 0.00031002543152726256 3.962765381290433e-05 2.9932166505128828e-05 0.0004197930156259039 6.235942664318436e-06 0.0 9.6944279637464e-06 2.4920574244989896e-07 0.0 0.0 0.0 0.0 0.0 9.555164781924737e-07 1.1719494973435763e-06 4.33087503613463e-05 0.0 0.00035581358090719877 1.2007593722644395e-06 7.165371489798831e-08 4.372894379445771e-07 1.1111158838704564e-07 2.5899497855990954e-05 6.543620033909181e-06 0.0 1.5372968267098355e-07 3.891564953833723e-06 5.084819000719175e-08 4.21842102058942e-06 7.824240867105552e-05 9.635343102265907e-05 0.00010209934867398297 4.070318268479626e-06 0.0 1.374461056118632e-06 7.948742425410692e-05 0.0 1.5412468539423688e-07 2.0866520606931474e-06 1.5718139969422302e-06 8.300448263538939e-06 0.0001701358015711108 7.476402695898214e-06 5.225281340240094e-07 4.427736194550119e-07 0.0 2.7836592429754694e-05 0.0
1.2576099827379694e-07 1.8859755376818921e-06 8.991285782294449e-07 0.0010804024707512167 9.411391706237667e-06 0.0024995496028655307 1.8896852134639442e-05 0.0002109693814042383 0.0007652750014597905 0.002038339782407936 6.112290079275713e-05 0.0 1.475345341698793e-05 0.00024088339547100932 0.0003914025433466206 0.0 1.0212773618246317e-06 1.4556668790723044e-05 1.5088295166743212e-05 0.0014948606411801506 4.927647877842156e-07 5.434045194998185e-06 9.795994500434187e-07 0.0002622747246842706 3.4735638669324827e-07 2.269641281277525e-05 1.0703783023560424e-05 0.0006249134370770503 0.0002293141874365305 1.6676729199043242e-06 3.065678638875103e-06 0.00011771875253003998 4.735900707963378e-07 0.00028755071327399377 1.4091132449028597e-05 0.00015265427797066591 1.245962045776074e-05 0.00046963919882097243 9.865887506887621e-05 0.0005619745734892291 9.131128479888156e-05 6.4326355972539815e-06 1.3304428250940912e-06 4.3962935419497614e-07 0.0 0.0 5.644622435346882e-05 1.090193346748909e-06 1.27489837938045e-06 1.004531048383859e-05 6.253340580508325e-07 4.5356027923309644e-05 3.610122211958816e-05 0.0 5.044049393207458e-05 7.003242459349753e-08 1.5076859113015276e-06 7.133670294846197e-06 0.0 0.0 0.0 0.0 8.095767649554908e-05 0.0 0.0 0.0 7.44687856476835e-05 0.0 7.32365318158389e-08 2.3985357510686556e-07 6.0562186869737756e-05 5.5121727176590335e-06 4.164288323782995e-07 0.0 7.023563054391533e-07 0.0 2.9158405992142008e-06 0.0 1.0080963795616719e-05 2.7338318877891387e-07 8.457789847449586e-06 3.657084070502232e-06 3.105873067017698e-05 0.0 9.469250221926835e-08 0.0
9.374072247559426e-08 0.0005579671846959653 2.312686664983617e-07 1.39830590392569e-06 3.966124610939006e-07 2.6892265323865552e-05 5.452983205880259e-06 3.512013705850148e-05 3.0823992438546334e-05 1.3075193375323757e-05 0.0007416270729482882 1.475345341698793e-05 0.0 8.813829726762234e-06 2.9625798981961766e-06 2.2884417248018723e-06 7.618430568418047e-07 4.5951492075829974e-05 7.60655985945276e-06 4.883990091653426e-06 1.4067669394732128e-06 9.629497436595925e-05 4.927224222819193e-06 4.073326761939318e-05 0.0019463420303346762 0.00018706226284624495 0.0008574121524289596 7.472723554542107e-06 5.205019154296872e-06 2.118149012859235e-06 0.00022924959804836693 3.7000900643859125e-05 9.464461073862704e-08 0.0003796098233042789 1.1552930473457334e-05 0.0013643501636999224 0.0018591993297094702 0.001136997116753558 0.0003373005379642243 0.0001376289251798874 0.0001405793769412156 0.0002925489666721758 1.970392567996284e-05 0.0 3.7426411354730596e-05 8.429153334116397e-08 1.286153126092227e-07 0.0 0.0 8.410501229303981e-08 6.914365602812408e-08 6.484028454592846e-06 0.0 0.00018461370544864116 0.0 0.0016398237971308577 7.454726482396407e-07 2.7265573181512297e-07 4.7287384290711653e-07 1.187905181445086e-06 8.040664447266721e-05 1.3202216756409627e-05 0.0 5.884131096268881e-08 1.48327556590608e-05 6.692507746591044e-07 9.897983095098895e-06 0.000253254431038122 0.0004379773901185416 0.0004546870457602975 1.5632371830188507e-06 4.81641108303481e-07 1.7540064233905797e-07 0.0004386195606539795 7.037982937416877e-08 0.0 1.6055584366916637e-05 1.8215610534246182e-06 0.00011363168145744583 0.00034703878925967436 0.00012033740344167435 3.373207446864e-05 5.442810634488317e-06 2.493656460638416e-06 0.00011195871865832538 0.0
0.0019366731493713142 6.744588214345968e-07 0.00033712843884394145 3.3541860144555905e-05 1.3460099444087645e-06 0.00040736455948198555 0.005346906438743385 0.003671253646659188 2.7342759646031463e-05 0.000652059764009148 0.00024037747505867028 0.00024088339547100932 8.813829726762234e-06 0.0 3.5704925719380477e-06 5.93303908925876e-06 0.001011211903390907 6.174245550434094e-05 0.0005170652768694727 0.00010757868735869056 0.00024079669070158083 2.7024477059800847e-05 0.0004131353749469118 0.00040313091135865843 2.4875945016982743e-07 0.000813080216106402 0.00011605197808038265 0.00042578326822325616 0.0022802696581598206 0.0022928474484927848 5.183049333082765e-06 0.000286821342646041 4.978972899033063e-05 0.0008072433699068133 1.6556345459798006e-06 7.062104447829862e-05 4.960857856428978e-05 0.0005425378868484485 6.108066297951649e-05 7.544033554283575e-05 2.226407047124676e-05 2.4534238606075943e-06 1.5679835441794386e-07 1.0715088034933422e-06 1.4065040637031475e-06 2.8206963618227123e-06 2.386498949314076e-07 0.0 1.2868605826662224e-06 3.302885615137585e-06 6.224718629648005e-07 8.664659993658584e-06 1.0371829553976666e-06 0.0 0.0 3.1932363139561507e-07 5.269395040786973e-06 0.0 8.197644394278524e-06 5.082979143965894e-06 0.0 4.637982028439894e-06 9.21417709149305e-07 1.2978587338298348e-05 7.32524823754624e-07 1.4588721689047586e-06 8.7815911218333e-05 1.6226210766954708e-07 2.133532529590623e-05 4.589979478967239e-05 7.796339139237184e-05 1.65240353972575e-05 4.1559084843453016e-05 2.141047001416527e-07 1.3614852012365725e-06 3.3496432030332158e-06 5.2663535884759765e-06 0.0 5.3206600826994655e-05 1.0010157231557581e-06 2.3651866011127475e-05 1.5504954734961712e-05 2.3638852946564994e-06 7.989256601576038e-07 4.105919325507998e-07 3.23012165969617e-07
7.24655565909666e-08 3.6786544869172435e-05 0.0 2.5860393168489762e-05 0.0005794788777326608 0.0009093356965434428 1.48559276529583e-05 4.77475542044344e-05 0.0004981576908888207 2.278193392729418e-05 7.716942140093673e-07 0.0003914025433466206 2.9625798981961766e-06 3.5704925719380477e-06 0.0 0.0 3.372029947795812e-07 2.34364761665361e-07 1.63870741010943e-07 6.338040276530716e-05 0.0 0.000144376601255409 0.0 0.000518718278841757 4.078364887990217e-06 2.141703257987688e-06 0.00011623171771773402 5.8051343581600566e-05 5.1330818368567075e-06 8.578509578317725e-07 1.1091581392474687e-06 0.0002649916630487848 8.830141248644593e-08 1.926004215827945e-05 3.537955121881309e-07 5.1840367702377994e-06 8.458382709750403e-07 8.766126115454021e-06 1.3683184438653096e-06 0.0003324282337719642 2.865477062433718e-05 2.368260534156277e-07 0.0 0.0 1.9912108473645133e-07 0.0 1.045055193400209e-07 0.0 0.0 0.0 0.0 1.0874616318178012e-06 1.6265796613087126e-06 0.0 0.0 3.9531919708295266e-07 1.0570311481977709e-07 0.0 1.6727601633304033e-07 0.0 0.0 1.1311703045704218e-07 1.5362512242420874e-06 0.0 0.0 0.0 3.349790987007968e-06 6.419966912537597e-08 4.0298302803868595e-07 4.3544748164788964e-07 2.2793686524504798e-07 6.853466405971552e-08 6.741516960459129e-08 9.984168715105969e-08 0.0 0.0 0.0 0.0 9.675057417071264e-07 0.0 0.0 0.0 0.0 0.0 0.0 0.0
6.128438146231132e-07 5.459916621605591e-05 3.806162891386294e-06 4.102590454660055e-07 0.0 9.030864165594863e-07 9.04161637017407e-06 1.4187713774129594e-06 3.448081429995816e-07 6.758302909498249e-07 8.075540074236479e-07 0.0 2.2884417248018723e-06 5.93303908925876e-06 0.0 0.0 6.87707092073645e-06 3.8866269919240204e-07 2.181827094704745e-06 0.0 0.0018152039751954565 0.001340948986907918 0.0018445428717152065 0.0012277311608197598 2.4947978759187744e-06 1.083453974606371e-05 0.0018124674671062561 0.0010724918205075047 1.946472038614732e-05 0.0003740851208847117 6.385849531191387e-07 0.0 3.556706338078085e-06 3.1595682766907836e-05 8.260840443843933e-05 0.002085636846817656 0.000544405760779609 0.00046246763803144315 0.0005343624785591807 0.00017759352205215704 1.2970566420781209e-06 1.6558552567489895e-06 1.2305487976194656e-05 3.612818670481404e-07 1.7292835136944767e-06 9.970022961801371e-06 7.973483756858862e-08 0.0 0.0 1.1161110956521449e-05 3.321723146449429e-07 3.923467078075488e-06 1.4399640839790592e-07 0.0 0.0 1.52425990596102e-07 1.1118584356558e-06 0.0 0.0017998851999596742 1.2309776776198832e-06 9.36405016168742e-08 3.560439938207006e-07 0.0 0.00023254458619615453 0.000759543481128863 0.0009597845868232376 7.811257147891112e-05 0.0 1.6915417632039164e-06 0.00027134602401105795 5.580992911164152e-05 9.678333684903959e-06 8.674154463277497e-05 7.000659324428808e-08 6.222335200111746e-08 2.8345289746960286e-06 5.024380250663111e-06 7.462830510986064e-06 0.0001611931688216133 1.22282730036572e-05 3.900075442583866e-05 4.246886622133925e-05 3.3337945160418944e-06 4.771105324429528e-07 0.0 8.972278546182624e-07
0.00018472626859268135 4.884923522780789e-06 0.002020189054128258 2.7861911669480886e-07 7.007477367756347e-08 4.674349052137813e-05 5.527498460130106e-05 0.0004406445192734968 1.687205922481949e-06 5.224492712929899e-06 0.00073705308450038 1.0212773618246317e-06 7.618430568418047e-07 0.001011211903390907 3.372029947795812e-07 6.87707092073645e-06 0.0 0.00018972804761181465 0.0024850373518857586 8.247399294321408e-07 0.0002790002756059657 1.064869286033233e-06 0.0012845571392808874 1.327471892565445e-05 1.6941175447477133e-07 0.0024235732427067263 0.0038843597546124806 2.4030526555184568e-05 0.0007105225350271452 0.0010330254055882979 1.4877668713495088e-06 5.760345673811362e-06 6.819432999396288e-05 0.001361395284504047 2.9027830412472583e-07 9.947968384706558e-05 0.0008821895381768198 0.0002977673696196535 2.5239288561027713e-05 2.608694812122999e-06 5.301759795935698e-07 3.347867039063559e-07 1.9758644288685863e-07 0.0 3.449926209730615e-05 0.00013304666719270118 0.0 0.0 0.0 6.417934783380321e-07 3.737022583682133e-07 5.696555898246718e-07 0.0 0.0 0.0 8.808424009467592e-07 8.677574096093343e-08 0.0 8.112045432471256e-06 8.153005734246754e-05 7.449978628669413e-07 4.068036313557865e-05 0.0 5.4981367077868e-07 1.536485702443775e-05 7.882699131796916e-06 4.900952044122751e-06 2.7889094786328997e-07 0.00022451349616235336 0.0005972313071004667 2.1452768798743456e-06 3.942959482846959e-07 1.590893035448474e-06 1.545272066719828e-06 0.0 8.704187550097761e-08 1.798916229005331e-06 0.0 3.4020659053187935e-05 6.6893261920470465e-06 2.952473730585969e-05 7.665004779605438e-06 8.776521497158559e-07 0.0 0.0 0.0
3.839529183467337e-06 1.7707253860495453e-06 4.509279549952753e-06 4.230915940725201e-07 2.524181931184314e-07 2.3790758568810452e-05 4.2565705302707554e-06 6.250315895190774e-05 5.729614651995705e-07 1.641325496457822e-05 0.0009154807148834595 1.4556668790723044e-05 4.5951492075829974e-05 6.174245550434094e-05 2.34364761665361e-07 3.8866269919240204e-07 0.00018972804761181465 0.0 0.0008392146083562714 5.243247904328528e-06 4.02909289785649e-06 4.821116896141457e-07 1.1600326461854727e-05 2.8607277241006794e-06 1.522640033594612e-06 0.001537450652140641 0.00044793599767378365 3.5443427936370694e-06 6.087504428058306e-05 9.465823080506936e-06 0.00012439177401128273 3.2104107695720156e-05 9.62117391417621e-06 0.0005355212828252069 3.4405795126434477e-06 0.0005809511932481458 0.00037058364684696023 0.001151409320460082 0.00021165636220603755 8.634727828208202e-06 2.722061195698497e-06 8.712194392713722e-06 1.8862127711611585e-06 0.0 1.0837826944457685e-06 2.4271776525665594e-07 0.0 0.0 0.0 1.0056819882279553e-07 0.0 3.070306156923486e-07 9.69431629987859e-08 2.3874957896374485e-06 0.0 1.1432446578031262e-05 0.0 0.0 0.0 2.1468037902299727e-06 1.4734262087735986e-05 1.037188250028219e-05 0.0 4.941846065004486e-08 7.312930485042456e-07 5.259688080459575e-08 1.2609686850130812e-06 1.209375868553246e-06 0.00011113619665769153 6.464886872579109e-05 4.724165703135425e-07 3.122691904259977e-07 2.258335953977971e-07 1.288078803423575e-05 0.0 0.0 2.6567597389307537e-07 6.508731030559324e-07 8.483697675761464e-06 4.6099304419294794e-07 1.0941374783441525e-06 1.6839150075976264e-07 4.5550103665934164e-07 5.181395708814769e-07 0.0 0.0
7.786457862079621e-05 3.4216713132876573e-06 3.189688280130379e-05 4.807875792308753e-07 0.0 2.8708819901607362e-05 1.1678120525280325e-05 0.00022067949539508944 9.806011063810496e-07 1.5654616796068508e-05 0.0008213128198884866 1.5088295166743212e-05 7.60655985945276e-06 0.0005170652768694727 1.63870741010943e-07 2.181827094704745e-06 0.0024850373518857586 0.0008392146083562714 0.0 4.666324784804147e-06 5.985135402596138e-05 2.1778466738450309e-07 0.00019082626740355154 6.556588893630033e-06 1.0852225832048965e-06 0.0038906202252921495 0.000300367594674666 8.937971275563435e-06 0.00063261605647034 0.0001969912613169601 8.541759862086726e-06 2.565525972279473e-05 0.00012907291740330105 0.003131926218614581 2.3692494738281567e-06 0.0008365705004310813 0.0005738006328032247 0.00216148037115871 0.000275803971102859 1.528524655247705e-05 2.482920400652462e-06 3.331039845439513e-07 1.4713099187720946e-06 0.0 2.1518209307972497e-05 5.709531464565939e-06 0.0 0.0 0.0 1.3494332648586698e-07 2.8163377246365545e-07 1.1155384227995354e-06 3.287942289074814e-07 2.0741061942908206e-07 0.0 8.363488870273854e-06 3.0332171753739256e-07 1.2235695183137115e-07 2.928828996629264e-06 2.194242305824356e-05 5.789181877603569e-06 8.737062160954431e-05 0.0 3.18120239782995e-07 1.879009227783133e-06 8.543480039890612e-07 3.4768339605154876e-06 1.3811299721616527e-06 0.0005946165470059558 0.0006429995925907795 9.075090500177712e-07 8.765329438235699e-07 1.7546439482533865e-07 4.715487971822337e-06 0.0 1.891791397298335e-07 3.0366083359930753e-07 6.4655746272765875e-06 8.24793159325282e-06 4.23848820770735e-06 9.21063949020891e-06 2.718894646422069e-06 0.0 1.1169895306827904e-07 0.0 0.0
5.543154848846281e-07 0.0 3.9235083077347516e-07 0.000785973143829902 7.133077029552452e-07 0.00023786976785155402 3.214296669684102e-05 6.447280859298699e-05 0.0005875247870801575 0.0010968647655521504 1.846777394627967e-05 0.0014948606411801506 4.883990091653426e-06 0.00010757868735869056 6.338040276530716e-05 0.0 8.247399294321408e-07 5.243247904328528e-06 4.666324784804147e-06 0.0 1.3184368896127197e-07 0.0 4.67537758810379e-07 0.0004021015608245669 1.3785763204023868e-07 7.997691547062841e-06 2.93932589275007e-06 0.004038280008888143 0.00010856412178812604 5.253191336926327e-07 1.1095745304472724e-06 3.1445057602453584e-05 8.322555833706351e-07 0.00012040920275144968 7.320948900023262e-06 0.0002184349363414562 7.4960420886090295e-06 0.00025298974446162116 0.00010176944988623481 9.954613065451376e-05 5.159974584861622e-05 3.5295056785995146e-06 1.975588045372577e-06 3.402434281652467e-06 0.0 0.0 0.00014205539947422186 1.7272810169555151e-06 5.885372812011501e-07 5.1354354329757094e-05 3.8253812559910075e-06 7.493747191146464e-05 0.00017349505816548362 0.0 8.389058091986482e-05 0.0 1.0153637600047415e-05 1.2349000674978605e-05 0.0 2.5706583593714464e-07 0.0 0.0 0.00019112730710148931 0.0 2.0172629968970909e-07 0.0 0.0002832259829675667 7.779592415838176e-08 0.0 5.09969481302833e-07 0.00023915757089537436 2.2070900064674685e-05 4.913978188542138e-06 0.0 1.4119961508402952e-06 2.693192225098529e-06 6.724723658042867e-06 7.922367735761148e-07 2.895847085173908e-05 9.676622721209987e-07 2.35555786967317e-05 7.517465934008245e-06 3.478437391765448e-05 1.1024035747690395e-06 5.8931651031822934e-08 0.0
2.7647733246509376e-05 4.7338757928770475e-06 0.0004500877271868788 6.29219148694406e-07 0.0 0.00019502826928822096 0.0009445064325283873 0.00044162412272859335 1.1169553111103975e-06 2.7918009135922832e-05 1.1372434393502647e-05 4.927647877842156e-07 1.4067669394732128e-06 0.00024079669070158083 0.0 0.0018152039751954565 0.0002790002756059657 4.02909289785649e-06 5.985135402596138e-05 1.3184368896127197e-07 0.0 0.00015693540021824155 0.01291058678737456 5.317367277728555e-05 3.6883532769361527e-07 0.0001593333522663919 0.0010074120888322014 0.0015152373516339967 0.00014732550026508193 0.007334553866922571 2.806610420629087e-07 1.1691872892808612e-06 2.509489460756845e-05 0.0019185368760897732 5.809959381052721e-05 0.0019066615790350678 0.00031931756359576506 0.0030279765180424743 0.0006812715070756248 0.00010262022724849482 1.7714405890431695e-06 2.440789713877769e-06 1.1476195316241353e-05 3.182684267506765e-07 9.193708533368546e-08 6.08317441332053e-06 0.0 0.0 0.0 1.2517088130011692e-06 2.853642083518024e-07 3.7700960640862947e-06 0.0 2.990004591891793e-07 0.0 9.983181631191649e-08 3.1017212716737144e-06 0.0 0.0007688296930023824 8.330175932466482e-07 0.0 1.7159290643691515e-07 0.0 0.0003031891287742088 0.00014544493278802396 0.00037396546729900025 8.912406236021867e-05 0.0 7.92752490094797e-07 6.435009715663498e-05 7.11193683196992e-05 1.7372382965893537e-05 0.00016127569100206286 8.656290099190834e-08 9.960197103634333e-08 6.122365649772188e-06 8.915219384380867e-06 3.537799427304623e-06 0.0001836998730962813 9.323065168883443e-06 5.593009543371409e-05 3.398949422689777e-05 5.557897240644699e-06 1.692057350366844e-06 0.0 9.713887626586213e-07
1.0417143904789208e-05 0.0010591659865657468 1.1400605872896965e-06 5.770638237591639e-07 7.065947800844069e-06 6.9425354105323555e-06 7.581892768257461e-05 6.61269621598546e-06 0.0014838532854341605 1.4080103069893182e-06 5.996933309645044e-06 5.434045194998185e-06 9.629497436595925e-05 2.7024477059800847e-05 0.000144376601255409 0.001340948986907918 1.064869286033233e-06 4.821116896141457e-07 2.1778466738450309e-07 0.0 0.00015693540021824155 0.0 0.0001277955804639566 0.004122949422439748 0.0001505035784129673 3.55018520899495e-05 0.0021944039484274144 0.00030976306333425414 5.027324379186775e-05 0.00030097261103822907 2.4442491922463027e-05 2.1954237228793515e-06 5.768616208133687e-06 1.4969182755758032e-05 8.048809861737593e-06 0.0001454397725829769 4.75143039570276e-05 6.618735768518764e-05 3.547685431419989e-05 0.0001149174573224541 6.007845651673599e-06 4.274304497786213e-06 5.793595799449284e-07 3.0532993578089823e-07 1.8259843087855705e-06 1.8234809147222168e-05 4.522876705500822e-07 0.0 6.292809210425924e-08 2.8237271422839294e-06 2.5602012898974855e-07 5.474575696357322e-06 2.057711944427984e-06 9.245016100487939e-07 9.645808588321814e-07 9.259424764389154e-06 3.213244818338348e-06 0.0 0.000361126134948334 1.958086326164601e-06 2.6467872062633235e-07 8.350761756558027e-07 1.2052795598628047e-06 9.628642537844878e-05 0.00010143792211151477 0.00011559303065814727 0.00018043263822073243 9.00853527270604e-07 5.819393028590723e-06 0.00035567426449548394 6.892735036966413e-05 2.2846452602636804e-05 0.00012029826454455117 1.1900828905540608e-06 0.0 7.697337295319863e-06 9.01462196844669e-06 2.443343042247648e-06 0.00010381246146953427 4.0984605184485615e-06 3.872961170361073e-05 2.7638427622362005e-05 2.31562703074738e-06 1.3048019870603273e-06 1.3679396752892966e-06 7.832353444120516e-07
6.545607597521283e-05 3.5457342287155445e-06 0.005668896498534029 1.8771750925343954e-07 0.0 0.00012184729277402874 0.0005001221856632654 0.00037677951590937153 1.3271233922410341e-06 1.3459699277084633e-05 3.721144715525073e-05 9.795994500434187e-07 4.927224222819193e-06 0.0004131353749469118 0.0 0.0018445428717152065 0.0012845571392808874 1.1600326461854727e-05 0.00019082626740355154 4.67537758810379e-07 0.01291058678737456 0.0001277955804639566 0.0 0.00010857916770822813 2.915104972936966e-07 0.0014648441599820255 0.011815136335625384 0.0018583493656963957 0.00017055425210955766 0.0043355889293738795 9.202179394978219e-07 1.359886617842288e-06 4.0700199641583824e-06 0.0015771683629723868 0.00028547856452083744 0.0054173390987740586 0.0009217211398241897 0.0056670045271133215 0.00309220039080872 0.0006900909778675522 3.671742415886514e-06 3.5542132098864494e-06 4.937123953072721e-05 7.223713422869728e-08 2.783089156242913e-06 0.00010133440716371923 0.0 0.0 1.7078765691221542e-07 1.2086341346942912e-05 1.148294916926313e-06 6.178915299156277e-07 0.0 0.0 0.0 2.2799142849750934e-07 5.152159417623097e-07 0.0 0.0015207501892302855 3.066830770782233e-06 3.7314453605573753e-07 1.0659492175282427e-06 0.0 0.00015019194896635286 0.0003981372303431218 0.001146267968382441 4.2318520972788154e-05 0.0 6.103806243283823e-06 0.000986562058710839 3.42454057169543e-05 2.8296957163194753e-06 4.817970373623499e-05 0.0 0.0 9.023488449707067e-07 4.032712455961803e-06 1.9678643903653352e-05 0.00013165530885701543 2.1180703789883977e-05 3.818453942374652e-05 5.1822328927926996e-05 4.46849509837064e-06 8.550163652737482e-08 1.3051069283268412e-07 0.0
