0.0 8.772586176556577e-08 0.00017323834701087724 3.7112385312080595e-06 5.343044035799328e-06 6.119678267929324e-05 0.0015269872898737854 0.0011499936426286991 5.530080593354348e-06 4.001737662598178e-05 1.964701668595635e-06 7.303562976444189e-06 2.0462470629550747e-07 0.0028089160587230384 5.770691047967067e-07 6.768361852531174e-08 0.00018787406073835462 1.9506206809960634e-06 3.447977053384573e-05 5.108470053404543e-06 0.00011790858858997838 2.72188700099882e-06 0.00017777498753588847 4.85937313479652e-05 0.0 9.175067097943284e-05 1.5651982799670916e-05 8.73339206476644e-05 0.0021411022357112866 0.0016891480407125793 6.756544432163058e-08 1.3161559068311474e-06 8.001821747867151e-05 0.00010566008785806113 5.855449096131278e-07 6.417800063996353e-05 4.028270741478378e-05 6.829780943262486e-05 2.0809126021077715e-05 2.4331204645813087e-06 2.344813211011536e-06 0.0 8.472889958054867e-08 1.6082439747152685e-07 1.6380712108688252e-07 4.229931722083654e-07 1.775661807484011e-07 0.0 0.0 1.7166654345597562e-06 0.0 1.188590438285215e-06 0.0 0.0 0.0 5.8735368685793245e-08 0.0 0.0 1.5873050126230592e-06 1.4182446788881633e-07 6.259810897516918e-08 0.0 0.0 2.2615635131842005e-07 7.052971407926065e-07 1.73576186945494e-07 6.120312441183094e-06 0.0 5.338746461244026e-07 1.9369322266690555e-06 8.850042756305088e-06 7.056377309336133e-07 6.915652647526399e-07 0.0 0.0 0.0 5.046590315815847e-07 0.0 1.2418094671355198e-06 3.1931648859738226e-07 3.377590008884644e-07 7.701691256446731e-07 0.0 2.167901816858114e-07 0.0 0.0
8.772586176556577e-08 0.0 3.5589560136130114e-05 0.0 4.281580701774248e-07 0.0 2.620498851487108e-06 5.984494230516951e-07 0.00012529021833602552 1.191180273157475e-07 6.453498136923569e-05 3.445488385919562e-07 0.0002847631001853826 6.962006251814158e-07 0.0 0.00011663715785224029 4.7687972184239497e-05 2.8396737171141313e-06 2.1955264060238413e-05 0.0 3.4119031696048013e-06 0.001233439294110387 1.6596860710496783e-05 0.00010811352075310992 0.0010640514714416172 0.00018674931142531443 0.00418757252886325 1.1087618683494673e-05 3.427339442917387e-07 2.2434128422002706e-07 7.934509767365316e-06 7.808054408606813e-08 1.864063774202322e-07 5.1017557354156733e-05 0.0 9.451452033874174e-05 0.00042848058671543434 0.00027360212752110773 6.839429405375069e-05 1.4398600915294692e-06 0.0 0.00011414837453345768 7.817778008796903e-08 5.8900539056120487e-08 9.922789974608221e-05 3.6029988471448556e-05 0.0 0.0 0.0 3.851404975917471e-07 1.1854257483168733e-07 5.276476303457599e-06 7.2601903875384e-08 2.9435469166844782e-06 0.0 3.2843914294424327e-05 3.6911969742234166e-07 0.0 7.640936671960917e-06 2.2603494203666804e-05 3.615957355569887e-06 2.2055397250657816e-05 0.0 5.115733086568923e-07 2.4395654119377685e-05 5.4423793429860645e-06 1.3125576069953799e-06 4.1995810165680284e-05 0.0002241337584249114 0.0009172540427617355 8.38681745885506e-07 1.5011330507934312e-07 8.563449828388862e-07 1.889314751840215e-06 0.0 7.621525690078324e-08 4.2601617014134005e-06 2.341170595849388e-07 1.1042317864433897e-05 6.519958311781521e-05 1.3023501427850453e-05 4.415914052781202e-06 5.46714913201318e-07 0.0 3.399872303993214e-06 0.0
0.00017323834701087724 3.5589560136130114e-05 0.0 3.1555226992833295e-06 2.060945976830245e-06 4.446502769022638e-05 0.0005403208481980374 0.00036796539177131617 2.529522261073072e-06 1.2855680698855707e-05 9.472449688594674e-06 3.8856279804238315e-06 3.4779801748764655e-06 0.00024321480393927022 4.797747563575626e-07 7.382209385184122e-06 0.002725593961990187 1.8772440360071022e-05 0.0003415733382020024 3.351299112078211e-07 0.0004031310538652492 1.753431684588007e-05 0.00412284249051408 7.939272610882337e-05 1.6602465982147566e-06 0.006182736678930776 0.004262549118098513 0.00017577018619432125 0.0002061420322534531 0.00028162206830160025 3.9581472966455065e-07 1.6540554815039293e-06 1.0549860546488562e-05 0.0005888139484154235 1.3756090608707444e-05 0.0010553214320218626 0.003275454642164949 0.001350112027670748 0.0004905236502514176 1.0901561358388962e-05 3.150047144754351e-06 3.841801159422638e-06 9.888361078113491e-07 4.5416570140330136e-07 5.5146995611499246e-05 0.00017600941898832578 0.0 0.0 1.0744262729953303e-07 3.8821636880417116e-06 4.5016280698232027e-07 5.654972256988907e-07 2.929488743381163e-07 3.5287574075200096e-07 0.0 8.2514331493447e-07 5.097893304188177e-07 0.0 7.366294618912297e-06 3.586870327061388e-05 6.672649979909105e-07 5.701173739637133e-06 0.0 6.882418818770067e-07 2.1242432879497155e-05 1.3383154436472949e-05 4.544997928517824e-06 4.021247073283796e-06 9.45932500362023e-05 0.0008038507618849233 6.6042440946327365e-06 6.551431220488315e-07 3.2720889221367e-07 1.4557711599203392e-07 0.0 0.0 5.039937008419365e-06 1.531818007719277e-07 2.1480433770623063e-05 0.00016701351012835995 1.7965123961458863e-05 4.700029212847614e-06 5.569500947327128e-07 0.0 1.7001869216459878e-07 0.0
3.7112385312080595e-06 0.0 3.1555226992833295e-06 0.0 2.1944788378206357e-06 0.00011517104456846632 0.00031555845484899497 6.187284413133214e-05 9.316892257024803e-05 0.001569299973077931 2.4106392639614626e-07 0.0005212254027896406 1.4904672167119573e-06 1.161699124595452e-05 8.781475250426621e-06 1.8029091175064e-07 5.056866327087568e-07 6.696148013861248e-08 1.1947670695718447e-07 0.0009679669821264543 6.624187596058418e-07 2.398338255556475e-06 1.4398495607149445e-06 0.00027036528256915455 6.614470557261904e-06 1.4655455627740283e-06 5.95405973220377e-07 0.0013352911970105218 5.387803552726326e-05 1.5308971859903843e-06 0.0 8.551031810933607e-07 4.32428140693987e-06 1.9064288480408645e-05 3.2288523994513883e-07 0.0001697170838947884 1.877300993248003e-06 3.610748452323744e-05 1.8680555186976017e-05 4.6202639892418786e-05 5.347553688023971e-06 1.3317226378291476e-06 1.6772578479036009e-06 1.9081943546476867e-07 0.0 0.0 4.994781496331786e-05 0.0 1.539216091050867e-05 7.468096995273236e-05 6.660367105438366e-06 5.3407366202902744e-05 4.8372504824914975e-05 0.0 3.7517703077406936e-05 0.0 1.1881185955871869e-06 2.133945499181643e-06 6.957576299045146e-07 0.0 0.0 2.0930742823564324e-07 3.720416207160029e-05 0.0 1.227948466424636e-07 3.6392426848421625e-07 0.0002049262739873692 0.0 1.3507404791770217e-07 0.0 0.0001191681807815371 2.5411577644591084e-06 4.2595472064158584e-07 0.0 3.922244575383079e-07 1.8484842906989696e-07 2.118986731410151e-06 4.5060169459973504e-07 2.609817209828539e-05 0.0 9.239714303472695e-06 2.3770195670050528e-06 0.00010048808799754164 1.4615508540494758e-06 3.350327897464251e-06 1.5278578487556432e-06
5.343044035799328e-06 4.281580701774248e-07 2.060945976830245e-06 2.1944788378206357e-06 0.0 0.00054775639949626 2.8830029484891457e-05 0.0003216172262666358 7.338363566257806e-06 6.681538318152635e-06 0.00010053045426418131 5.780398761092903e-05 3.9318319187809855e-05 0.00016351410263906188 0.0005366889874561898 9.238703824176173e-08 3.5512986481002065e-06 1.738871949275314e-05 2.699318207502684e-05 1.0194113971408389e-05 1.7640553292543683e-06 8.752015294326555e-08 3.016703492829045e-06 1.547499279715891e-05 2.2623188436318686e-06 2.182205933804622e-05 4.419756773167673e-06 2.060319810056511e-05 5.4799102427144425e-05 5.971510610073639e-06 7.283672079720222e-07 9.712791411434525e-05 8.752296708498085e-07 0.00046183816789183905 2.4558257597493288e-06 0.00018651643757948292 2.2693516222399724e-05 0.00077565818914992 0.0004920977416294774 0.000571209906414631 0.00013304338279692164 1.1544113284651044e-05 7.76043986147277e-06 6.724070717895316e-08 9.3405974774705e-08 1.151591519957031e-07 3.289268269890674e-07 0.0 0.0 3.562072703210453e-06 0.0 1.0579969186939475e-07 8.728444635769792e-08 0.0 0.0 6.049411641540813e-07 2.4198877679107347e-07 0.0 3.227916030823791e-07 0.0 0.0 0.0 0.0 0.0 0.0 0.0 4.118818945466979e-06 9.392398420813718e-08 6.672188806264139e-08 4.142570839687295e-07 5.695896399426729e-06 5.377207928518395e-07 2.705904295421477e-07 0.0 0.0 0.0 2.9282279585217864e-07 0.0 2.6139390377777555e-06 1.7134901594688922e-07 0.0 2.81684664860329e-07 0.0 0.0 0.0 0.0
6.119678267929324e-05 0.0 4.446502769022638e-05 0.00011517104456846632 0.00054775639949626 0.0 0.001449462966442106 0.006148558647583575 2.7841371388823425e-05 0.002343333376841686 4.6132114212930066e-05 0.001224436327491615 1.0683994843871519e-05 0.0005074934950140547 0.0006395091035400325 1.0724382645458035e-06 1.8283668175513197e-05 9.379994987524473e-06 2.3938909108979557e-05 0.0006322647066341951 2.0211521003464617e-05 6.007986389331123e-07 2.853822509730352e-05 7.33192937484721e-05 6.017045506480044e-07 4.0021298724912986e-05 1.1074213899589661e-05 0.0008313956783984838 0.00032491491582598714 2.70728603702887e-05 1.0367758068036855e-06 0.00010554866164530246 1.1622707952680145e-05 0.00021317711141747238 6.356935222425548e-07 0.00038281215315770636 2.3455434546200846e-05 0.0006668905505455817 0.00018355221388984647 0.0006605024813477026 5.685608237481016e-05 4.833847077274499e-06 4.7196879527542475e-06 0.0 0.0 0.0 5.032502500219799e-06 0.0 1.4799278017756814e-07 1.21301493163015e-05 2.7767367361055284e-07 4.475796401447986e-06 2.1690791007019973e-06 0.0 0.0 7.469891835110915e-08 0.0 0.0 1.1691606806465767e-06 2.1166643930506608e-07 6.767189787192191e-08 0.0 1.2044856339293932e-07 2.952614471321454e-07 3.0987143412911103e-07 0.0 1.5317287900464285e-05 0.0 1.635969441974728e-07 2.0096207912979997e-06 1.5747943491791523e-05 7.782461172091243e-07 3.566210819609401e-07 0.0 0.0 1.8546123558241017e-07 1.842677728922088e-07 3.4203624450414627e-07 3.5359783865455628e-06 3.5302116275941353e-07 9.810488346050375e-07 8.770710575788762e-07 1.1250944502417693e-07 0.0 0.0 0.0
0.0015269872898737854 2.620498851487108e-06 0.0005403208481980374 0.00031555845484899497 2.8830029484891457e-05 0.001449462966442106 0.0 0.0027651843275309095 0.00022093801018152834 0.003470374916051158 6.562340853047061e-06 0.0005204947851470984 4.287897363765215e-06 0.0021910051858598993 6.3168986948443785e-06 1.490663555923473e-05 6.501723641135934e-05 2.4943056818688417e-06 2.039716038902888e-05 0.0008720106129323589 0.00037845102091553767 3.1172076281043736e-05 0.000454279523334399 0.001077404310773442 1.8996873474178606e-06 0.00020491930215862721 0.00016101600554305337 0.008405118380686484 0.0012590597097053824 0.0012803938095928725 1.2669342527343885e-07 8.720716923626035e-06 0.00016458885199527448 0.000369915581681272 1.0738843285460461e-05 0.001098761194811313 0.00012155244826433473 0.0005972207549549259 0.00030412637835205004 0.00015294580797827351 5.021071495575125e-05 1.7074545709901988e-06 1.2503313271090943e-05 2.520626492507999e-06 8.635593659112265e-07 6.221113827335886e-06 2.3342327392287608e-05 0.0 8.577512820292727e-06 0.0002559831802508587 1.214694497804949e-05 0.00010670039240109222 2.0348017846873955e-05 5.108429500141298e-08 3.5054740629582063e-06 1.6685648555289354e-07 3.7144678575682206e-06 1.5963925279178516e-06 1.1881045490703542e-05 4.6054480278071315e-07 6.221005364389668e-08 4.4158593498159286e-07 9.004716012689417e-06 2.3747698137534555e-06 5.2064029947810765e-06 3.339184987368576e-06 0.0003860015178563304 0.0 2.5036597704404366e-06 3.172634054904915e-05 0.00042490109315680274 1.6683855216327256e-05 1.2559686444283798e-05 0.0 6.852796471881751e-08 4.2237783494314475e-06 1.1493459429904814e-05 1.215294367164917e-06 6.670699301296287e-05 3.1670830107775683e-06 2.715028408876132e-05 1.3100680587533824e-05 3.7157612449999336e-05 1.6812782196257612e-06 3.456695868224877e-06 0.0
0.0011499936426286991 5.984494230516951e-07 0.00036796539177131617 6.187284413133214e-05 0.0003216172262666358 0.006148558647583575 0.0027651843275309095 0.0 1.844391866087297e-05 0.0013593331252517462 7.035380591181745e-05 0.0005523048991501819 1.3351687464124042e-05 0.0042040212296187394 0.00026863031321631465 9.454927366084874e-07 0.00023951448134034863 1.7686677243119108e-05 8.209318146063488e-05 0.00048687132001543515 0.00016568765373679747 4.114816801483789e-06 0.0002967483586314292 0.00011830247611640281 1.0267500517239102e-06 0.00023129559925467213 4.198669017420268e-05 0.0005590770077361817 0.0008774315588142453 0.00048463631808986785 8.748226274675935e-07 4.623138137345348e-05 2.1622119580318762e-05 0.0003234765553560181 1.1852121549606797e-06 0.0003065333868794897 0.00010828749421787211 0.0006594379196140263 0.00017688193231135335 0.00034411123004638485 4.287303971868283e-05 4.02671257095896e-06 3.9173966287646175e-06 8.876868888054507e-07 6.48720001570483e-07 2.8346592276141206e-06 1.7722936600067407e-06 0.0 1.6942722869530556e-07 2.1230901198192052e-05 8.277803977650029e-07 1.1061386493634095e-05 1.3126481927360698e-06 0.0 0.0 4.0508864481980363e-07 6.267418608733428e-07 0.0 2.207543540104985e-06 6.818467941998158e-07 0.0 0.0 8.420226751815891e-07 8.528247877784464e-07 1.1430544853413935e-06 6.078457829941096e-07 2.8104347605000574e-05 9.322392449117644e-08 1.4936301095792738e-06 1.2760189563560117e-05 3.1560923309374204e-05 6.778420928036276e-07 1.3192472118828983e-06 6.407958672720821e-08 0.0 2.2590729483952217e-07 7.014886048223403e-07 0.0 5.329838241336135e-06 1.4398324092617536e-06 1.2550346298056418e-06 1.041494396707965e-06 2.4770236031309855e-06 1.873823612638362e-07 1.9166275968049363e-07 0.0
5.530080593354348e-06 0.00012529021833602552 2.529522261073072e-06 9.316892257024803e-05 7.338363566257806e-06 2.7841371388823425e-05 0.00022093801018152834 1.844391866087297e-05 0.0 8.379601189814062e-06 2.849407956734743e-06 0.00020310407615009492 1.972486613963668e-05 9.078266869836666e-06 0.00010395866535046688 2.0992177971195813e-05 4.656808138319192e-07 1.2164912068251767e-07 9.149006809188824e-07 0.0001048818880013921 5.6857107764120686e-06 0.002172014436239508 2.0638321768658923e-05 0.00466130457616377 4.4332428744129495e-05 9.102337117541343e-06 0.0002079276260754752 0.0005440006726133899 5.902766278834765e-05 2.920806738995624e-05 1.1232187704805004e-06 1.382301374739946e-07 7.406405499079843e-06 2.105720700490396e-05 6.086265443961209e-07 0.0005671427092504218 6.117136848637295e-05 4.566109226673844e-05 2.1179886550729545e-05 0.0002324082537322162 3.653556021805606e-06 3.4659660854991743e-06 2.4693494386732673e-06 3.0829464732168253e-06 6.177788392583641e-07 5.5994834549841e-07 3.3319203950709434e-05 0.0 2.1742728460921843e-05 0.0001271197972671147 6.798629116770101e-06 0.00014661042401099527 5.395357698483267e-05 0.0 0.00010948112419151865 0.0 2.9885745714523307e-06 6.519548782080415e-06 0.0001090220339149117 2.2356806175555836e-07 0.0 0.0 9.62745260094517e-05 2.2507733759946144e-05 6.560043056965583e-05 1.1841761395497785e-05 0.0010569540920677399 1.0830452485057919e-07 1.1264279041395818e-06 3.909406673172622e-06 0.0003936202633471921 1.2980790468347387e-05 1.1347070122991184e-05 0.0 0.0 3.535717337873285e-06 5.078166624976027e-06 8.7405330036771e-07 7.053689981733257e-05 2.00398478625743e-06 1.5626541827970514e-05 7.284928194091768e-06 0.00017028442342057815 5.608167254495828e-07 4.748484976059636e-07 2.032819617803619e-06
4.001737662598178e-05 1.191180273157475e-07 1.2855680698855707e-05 0.001569299973077931 6.681538318152635e-06 0.002343333376841686 0.003470374916051158 0.0013593331252517462 8.379601189814062e-06 0.0 1.41303049394236e-06 0.00222737999773143 1.2650967959295415e-06 0.00016500466643514267 9.308673952593552e-07 2.417256150439639e-07 2.542617889293746e-06 6.886750671546301e-07 2.109509111891434e-06 0.0046667209688186695 8.575638419237961e-06 5.407597943644111e-07 9.700336337163677e-06 0.00013870525403587874 4.052629537450696e-07 9.831308556299288e-06 3.049772951023746e-06 0.0019195132151969873 0.00026950515059580933 9.343248398966344e-06 0.0 3.2064927253198277e-06 2.2234859669213275e-05 8.820183420175031e-05 1.2545117918974773e-06 0.00028862516535228686 5.642055514376605e-06 0.00013047554063965085 6.182833865783938e-05 3.5011518241787504e-05 1.591791023588748e-05 1.1825063033933869e-06 4.527145008538649e-06 4.279494040377781e-07 0.0 0.0 0.00023066169502297727 1.532051235885299e-07 4.779898696947939e-07 8.025473481846726e-06 4.613953993310814e-07 1.908638283034736e-06 8.535408041726417e-07 0.0 4.356302182629987e-06 0.0 2.5599661645440916e-07 9.44276069591861e-08 1.3419464344293218e-07 0.0 0.0 0.0 9.366851346096467e-07 8.609887313848098e-08 0.0 0.0 1.4230335769140913e-05 0.0 8.464567010504501e-08 8.550824156897564e-07 1.58149846022665e-05 4.32814200946896e-07 0.0 0.0 0.0 4.7092575191587157e-07 2.226813207639656e-07 0.0 2.3824059083045648e-06 0.0 1.0280430017293845e-06 3.4783147072071487e-07 2.1154289700263567e-06 1.1530152781813615e-07 0.0 0.0
1.964701668595635e-06 6.453498136923569e-05 9.472449688594674e-06 2.4106392639614626e-07 0.00010053045426418131 4.6132114212930066e-05 6.562340853047061e-06 7.035380591181745e-05 2.849407956734743e-06 1.41303049394236e-06 0.0 6.373510635619048e-06 0.0016424764630915054 0.0001218678905289697 4.2201111080607447e-07 9.802842125526175e-07 6.836566892513323e-05 0.00251066420530941 0.0013051236667241698 1.7454348694021533e-06 1.4799739142030868e-06 3.4482671686848075e-05 6.276244710011229e-06 3.8445969450346435e-06 0.000630465231678006 0.0011755806133639318 0.0002306692187493434 1.8937209522657294e-06 0.0002939622672291124 3.11604299160581e-06 0.000145232819428904 0.00010627580746146199 6.688550028713467e-07 0.004773343346590774 7.617107734439782e-07 0.000359008491220668 0.002724524005966495 0.0025948878821808537 0.00043786649718683134 9.310360986118082e-06 0.00017256264569985862 0.0005622451445492268 1.0863605740493562e-06 0.0 6.037594171801791e-06 0.0 0.0 0.0 2.0750168730163667e-07 1.2621083946598477e-06 8.71425444959749e-08 3.136332207872675e-07 0.0 4.6612836303193736e-05 0.0 0.0005096962742171728 1.1660895337362709e-07 1.4440023698959016e-07 7.959201960137446e-08 4.2170338194095726e-07 2.8046735774988986e-05 4.792604388805773e-06 9.066043887213557e-08 0.0 3.9387190053228146e-07 1.3736415201182514e-07 1.1169789148099998e-06 0.00020037171570850328 0.00010812223891971018 9.772641144198823e-05 1.5533703589007061e-06 2.515722870317391e-07 0.0 4.1704526690535124e-05 3.783113408976923e-07 0.0 1.2977631307920656e-06 3.0402267997486236e-07 1.7424127611329277e-05 0.00027359184138879994 9.903724815689093e-06 1.5452153810511051e-06 3.317358440042259e-07 3.579390877018626e-07 9.59624887081796e-05 1.0863874614454637e-07
7.303562976444189e-06 3.445488385919562e-07 3.8856279804238315e-06 0.0005212254027896406 5.780398761092903e-05 0.001224436327491615 0.0005204947851470984 0.0005523048991501819 0.00020310407615009492 0.00222737999773143 6.373510635619048e-06 0.0 2.5560761665768025e-06 0.00011285030596461056 0.0004994733151154469 1.2947047462612933e-07 1.1444271002428654e-06 2.2470202213458883e-06 4.136331275305148e-06 0.0013809486682371849 2.539300416115715e-06 2.101891145350062e-05 1.448315669085175e-06 0.00032509236901154 5.125632955709299e-06 3.844776250295727e-06 1.8889075702194594e-06 0.0008787656619296145 0.00015679992097314107 3.6363194383588152e-06 1.31654179477959e-07 7.270045556259313e-06 2.842180929773047e-06 8.970110345635985e-05 6.708731779326445e-06 0.0006576425343216279 6.8721565128622125e-06 0.0002446870666509609 6.988743889668224e-05 0.0008133813089269055 2.9768202495722732e-05 3.946774293436423e-06 4.810526966198038e-06 0.0 0.0 7.497925623686378e-08 1.1917096778900179e-05 7.68298753255938e-08 1.1617285091720509e-05 2.5793905274236906e-05 1.8293231354814238e-06 0.00010384250800759343 1.7421440357782758e-05 9.406860146976102e-08 3.429301165308457e-05 0.0 1.0237575625430932e-06 3.4866700815694253e-06 5.808398325261726e-07 0.0 0.0 0.0 2.3484763076945718e-05 4.027920336401003e-07 1.1980934838211848e-07 1.3553268883512227e-07 0.00010335977813583189 0.0 0.0 9.347598272123735e-08 4.413526592220164e-05 7.481689161519759e-07 4.873713788682965e-07 0.0 0.0 5.708971489349971e-07 7.809201492266709e-07 0.0 3.594380706002727e-05 0.0 3.4317306099016328e-06 1.050990915409992e-06 0.0001180261065407486 0.0 1.5934272124844055e-06 0.0
2.0462470629550747e-07 0.0002847631001853826 3.4779801748764655e-06 1.4904672167119573e-06 3.9318319187809855e-05 1.0683994843871519e-05 4.287897363765215e-06 1.3351687464124042e-05 1.972486613963668e-05 1.2650967959295415e-06 0.0016424764630915054 2.5560761665768025e-06 0.0 1.1685513113366292e-05 3.7229224723912344e-07 6.078810017308225e-06 2.4116389409034734e-06 8.65314698062733e-05 2.358350136643609e-05 2.240288088358833e-06 2.8349121004641516e-06 0.00018695781256738902 6.087847514936845e-06 1.6170315533552407e-05 0.002579993291582625 0.00045029338331096163 0.00261073992986388 5.545622762325973e-06 3.951410081417255e-05 1.9627735766791908e-06 0.0006045647944969108 2.456011897450271e-05 1.1598385350519956e-07 0.0003498394879992522 1.7098366037136892e-06 0.0008155079639673843 0.0035960541442358294 0.0022361727170480037 0.00042045300228170477 3.4726685554577136e-05 9.668839879027816e-05 0.0006309887252268825 4.09019123968813e-06 0.0 1.7810284611468237e-05 1.7480336848424484e-06 0.0 0.0 4.275187416135173e-07 1.0562652489321431e-06 1.9618312539201742e-07 1.622561843928001e-06 7.522341610917697e-07 8.116848379460937e-05 0.0 0.0009317292072851787 7.053038404247252e-07 0.0 3.4748487707738164e-07 1.8130181563696772e-06 5.788248147343962e-05 1.1507064758435219e-05 0.0 2.793091145369651e-07 1.184090003608963e-06 9.352030940292643e-07 6.875921755483879e-07 0.0003680567493866443 0.00023875061189803986 0.00019510554508823269 9.848818042373195e-07 3.287791931650083e-07 3.849985512962074e-07 8.114221771162091e-05 6.476664510944411e-07 0.0 6.9230416258752656e-06 7.618039511573004e-07 0.0001328678315564527 0.00048466539963277485 6.721229835909174e-05 2.8470276826029693e-05 1.2079757927172582e-05 1.3305041845730959e-05 9.645844305635566e-05 2.1468908818572617e-06
0.0028089160587230384 6.962006251814158e-07 0.00024321480393927022 1.161699124595452e-05 0.00016351410263906188 0.0005074934950140547 0.0021910051858598993 0.0042040212296187394 9.078266869836666e-06 0.00016500466643514267 0.0001218678905289697 0.00011285030596461056 1.1685513113366292e-05 0.0 8.167566186811922e-06 9.079760063305e-07 0.0001806262181184075 2.9769843510624578e-05 0.00010695918342571035 5.5311264098777637e-05 0.00012313057074735194 3.134564724454724e-06 0.00020925518791591066 7.985468229747904e-05 1.3767947560361026e-06 0.0001729581840906809 2.4056662899636803e-05 0.00015457278093996936 0.0035015471936272646 0.0006360672395958441 1.4025490996963266e-06 0.00016216940789408492 6.0001422847797254e-05 0.0009701469022292173 1.5452276102248403e-06 0.00012440825959318493 6.890208412409023e-05 0.0007690999567759158 0.00010125177705830351 4.403764131695239e-05 2.6373885559267216e-05 4.438619367697585e-06 1.3633397471071084e-06 3.265680134032737e-07 2.925746872947007e-07 8.768792664153398e-07 1.08693375053459e-06 0.0 0.0 9.481288794169452e-06 4.2295017508520957e-07 5.741154996487596e-06 6.83089899337294e-08 7.997936892867279e-08 1.5845965937685879e-07 2.932738731466024e-07 0.0 3.658958512328891e-07 1.0523480870916648e-06 1.4209458599676265e-07 7.449814168244683e-08 2.1013778765111478e-07 0.0 5.52004107366562e-07 1.0079382796059595e-06 1.5269309297197006e-07 1.4772565661263232e-05 3.028130828721598e-07 1.671818013226044e-06 5.759242778809824e-06 2.521022576536215e-05 1.0058396704499285e-06 2.3921493161026592e-06 1.4653587432608558e-07 0.0 8.252701636065616e-08 1.0607794334060747e-06 0.0 2.155496650650024e-06 7.945940440731197e-07 7.260071798619096e-07 9.510032309285522e-07 1.4070613883274186e-06 0.0 3.0573333747852576e-07 0.0
5.770691047967067e-07 0.0 4.797747563575626e-07 8.781475250426621e-06 0.0005366889874561898 0.0006395091035400325 6.3168986948443785e-06 0.00026863031321631465 0.00010395866535046688 9.308673952593552e-07 4.2201111080607447e-07 0.0004994733151154469 3.7229224723912344e-07 8.167566186811922e-06 0.0 3.6202106444213527e-07 1.3474235935127879e-07 7.272724673480315e-08 3.877387156440641e-07 2.1508100254459585e-05 0.0 3.986150741861352e-06 3.2313214385247895e-07 0.00013392963194566179 0.0 2.438102867928674e-07 2.1944722517416037e-07 5.904180432936501e-06 7.963190625862944e-06 3.205129974725631e-07 0.0 0.00012495760794070668 0.0 3.402168614010383e-06 0.0 2.5210533207876e-05 1.2807150207838415e-06 8.165753474705804e-06 6.998240005009943e-06 0.000415047522226556 4.381294659134418e-06 0.0 0.0 1.0098920789538277e-07 0.0 0.0 2.841512353883663e-07 0.0 0.0 1.203730219551182e-06 1.2552995540941418e-07 6.463520474549143e-06 3.9519393000214775e-07 0.0 1.2010729390824782e-06 0.0 0.0 5.286153707289742e-07 1.8117416715617827e-07 0.0 0.0 0.0 6.091159779484157e-07 0.0 0.0 0.0 4.479636115146205e-06 0.0 0.0 0.0 1.9122154521221843e-06 0.0 0.0 0.0 0.0 0.0 0.0 0.0 1.7302590572480479e-06 0.0 0.0 9.076546066611552e-08 4.786002323473964e-06 0.0 0.0 0.0
6.768361852531174e-08 0.00011663715785224029 7.382209385184122e-06 1.8029091175064e-07 9.238703824176173e-08 1.0724382645458035e-06 1.490663555923473e-05 9.454927366084874e-07 2.0992177971195813e-05 2.417256150439639e-07 9.802842125526175e-07 1.2947047462612933e-07 6.078810017308225e-06 9.079760063305e-07 3.6202106444213527e-07 0.0 1.6865860167488707e-06 3.058654490893339e-07 6.114356453418218e-07 6.012772207599855e-08 0.0014115522470076823 0.0013548111543537883 0.00223277600520783 0.0015082187836986441 1.0825195767075489e-05 1.1502061777293695e-05 0.0011346407481632969 0.0007225354978793672 6.887589251217836e-06 2.002596913277061e-05 1.5371909941883684e-07 9.82975554010259e-08 7.734082012778968e-06 4.141671509114344e-05 2.9376622422329238e-05 0.0012386280115476273 0.0005171842744568338 0.00022795948070422926 0.0002039631624229384 2.046552923131351e-05 4.7239739350205185e-06 1.6811478261225264e-06 5.007149166816918e-06 1.60845416147886e-06 7.72997312395713e-06 3.868382490465367e-05 0.0 0.0 6.291839286200938e-07 1.1516051320098791e-05 7.65081705440419e-07 3.0466850994669592e-05 1.0749273877042893e-06 0.0 3.174958080268308e-07 7.639952393804893e-08 3.0648160294936106e-07 6.191629674554155e-07 0.0017875509900605467 4.125094723409622e-07 0.0 0.0 1.8806887360383746e-07 0.00011251380515167175 0.0005847149014519133 0.00037524132832841514 0.00016451349885809378 0.0 1.5896011202195088e-06 0.00033836930459714074 0.00017433079541769934 1.1653695775436738e-05 2.0627496668967632e-05 0.0 0.0 2.6398470483869087e-06 2.160346004339343e-06 1.0437378304834304e-06 6.81280633616732e-05 6.096535066637528e-06 2.4674652523046733e-06 2.3325236714683115e-06 3.800199386471036e-06 9.62387253724143e-07 0.0 4.650199249927996e-07
0.00018787406073835462 4.7687972184239497e-05 0.002725593961990187 5.056866327087568e-07 3.5512986481002065e-06 1.8283668175513197e-05 6.501723641135934e-05 0.00023951448134034863 4.656808138319192e-07 2.542617889293746e-06 6.836566892513323e-05 1.1444271002428654e-06 2.4116389409034734e-06 0.0001806262181184075 1.3474235935127879e-07 1.6865860167488707e-06 0.0 6.215250921011064e-05 0.0016904896782233673 5.235208263027982e-07 0.00062515266028942 1.9757838677803286e-05 0.0033471366396036276 1.4281423347307664e-05 2.6625184158674413e-06 0.0017541333396567174 0.0014406900172610163 3.4668118886281544e-05 0.0006674859664867881 0.0007215709468024559 1.1871763913183479e-06 2.4011127376219874e-06 3.8228967739008354e-05 0.001778715717366532 4.186165103966806e-06 0.0003749113932191349 0.0024267061795995213 0.0009800499972646756 0.00028090937531990263 3.8606178883796804e-06 2.701670814178014e-06 5.600687102892475e-06 5.961054947944484e-07 0.0 8.109838828877291e-06 7.70424305597202e-06 0.0 0.0 0.0 6.72278495135685e-07 5.5431823040707996e-08 4.4317601391839014e-07 0.0 2.1022749458965448e-07 0.0 7.326275716745031e-07 1.3856160880842595e-07 0.0 1.0569750149694764e-06 7.2958090878453864e-06 3.728545226280288e-07 5.132953214692315e-06 0.0 1.312588320636803e-07 3.3052873025815985e-07 1.209650443030819e-06 1.0186922111343952e-06 1.0386499955635544e-06 4.767919900857431e-05 9.296793561608026e-05 1.687643620576401e-06 1.0321001004694751e-07 1.8756885986611122e-07 1.4178031548642995e-07 0.0 2.1417808547145607e-07 9.159350606716252e-07 1.520567069141368e-07 5.481300566960358e-06 4.651327426011529e-05 2.1619145871831074e-06 4.6241577749451744e-07 0.0 0.0 6.608635118441351e-08 0.0
1.9506206809960634e-06 2.8396737171141313e-06 1.8772440360071022e-05 6.696148013861248e-08 1.738871949275314e-05 9.379994987524473e-06 2.4943056818688417e-06 1.7686677243119108e-05 1.2164912068251767e-07 6.886750671546301e-07 0.00251066420530941 2.2470202213458883e-06 8.65314698062733e-05 2.9769843510624578e-05 7.272724673480315e-08 3.058654490893339e-07 6.215250921011064e-05 0.0 0.002022747371305605 5.920955403337253e-07 1.1754470042150155e-06 9.819080365045451e-07 8.289410994022564e-06 9.43030584776652e-07 3.3010462769697926e-05 0.002110507470269813 0.0003319984200642624 7.886021192248309e-07 5.242613610301161e-05 4.03136150345015e-06 5.663521928581974e-05 1.6753689663617238e-05 3.5672998430823284e-07 0.0007374458916557439 1.618249724703412e-06 0.00027237006188636005 0.0006135425001453732 0.0007101818808378053 0.00019268180593534127 1.1361995767820977e-06 1.0216295312885741e-05 1.2855309898656527e-05 6.68562949269293e-07 0.0 1.145820890326473e-06 1.8240670198240623e-07 0.0 0.0 0.0 3.146218781427719e-07 1.1348899838437774e-07 0.0 0.0 8.209977632768845e-06 0.0 3.783041978160842e-05 4.911990559393175e-08 0.0 1.467718623258247e-07 5.800794218121448e-07 1.5243856323429046e-05 8.15008577032823e-06 0.0 1.1047861224966945e-07 1.5357217159875195e-07 7.431412643680827e-08 4.707742029788647e-07 9.243044613086618e-06 7.038078210643958e-05 8.136818655223346e-05 3.11483754659641e-07 0.0 8.147530741945604e-08 1.3808526106447841e-05 5.746164864870685e-08 0.0 4.438106374348333e-07 1.7997742130064237e-07 7.870979925690741e-06 2.941091467940725e-05 2.2632577301757375e-06 2.8830008008546793e-07 0.0 0.0 2.0850384562544776e-06 0.0
3.447977053384573e-05 2.1955264060238413e-05 0.0003415733382020024 1.1947670695718447e-07 2.699318207502684e-05 2.3938909108979557e-05 2.039716038902888e-05 8.209318146063488e-05 9.149006809188824e-07 2.109509111891434e-06 0.0013051236667241698 4.136331275305148e-06 2.358350136643609e-05 0.00010695918342571035 3.877387156440641e-07 6.114356453418218e-07 0.0016904896782233673 0.002022747371305605 0.0 1.1358610651562874e-06 3.503114494984949e-05 2.9289489070696203e-06 0.00028511856144598953 5.9908896588534036e-06 9.765409380098577e-06 0.004864470735454655 0.0007647791594541552 8.360057355757054e-06 0.0002163098465252223 9.051778776739762e-05 1.1696616783464854e-05 3.532634909216955e-05 6.078065790377605e-06 0.002098851302098081 6.825960589378142e-06 0.0007130148128933475 0.0014271055679736502 0.002191207251509146 0.0005981873173927262 3.6094272927692643e-06 1.1659676739943612e-05 1.622098698409e-05 1.5335704231363236e-06 0.0 1.3149096942887653e-05 1.931008063391017e-06 0.0 0.0 0.0 8.11509430271286e-07 1.1623149797614904e-07 1.4498838273391367e-07 0.0 1.2903785612652187e-06 0.0 6.949392009687888e-06 0.0 0.0 2.0575576909598934e-07 1.1099641551019283e-05 4.8168165235609045e-06 2.8376595766433773e-05 0.0 4.267369582337251e-07 6.054810646478044e-07 7.277838709540682e-07 7.447620668204847e-07 4.4544101438728515e-06 0.00014866306129859312 0.0001531713382324312 1.812923107498969e-06 1.197323544522051e-07 2.8759503390687126e-07 2.295312344685709e-06 0.0 0.0 2.0384239612813448e-06 1.2086646442508465e-06 1.4672003857312232e-05 6.857302531385474e-05 5.5810135369023836e-06 9.94450078615996e-07 0.0 0.0 6.833465293133694e-07 0.0
5.108470053404543e-06 0.0 3.351299112078211e-07 0.0009679669821264543 1.0194113971408389e-05 0.0006322647066341951 0.0008720106129323589 0.00048687132001543515 0.0001048818880013921 0.0046667209688186695 1.7454348694021533e-06 0.0013809486682371849 2.240288088358833e-06 5.5311264098777637e-05 2.1508100254459585e-05 6.012772207599855e-08 5.235208263027982e-07 5.920955403337253e-07 1.1358610651562874e-06 0.0 2.917154784832654e-06 1.5261339252891925e-06 1.1538345242056028e-06 0.00023798604570386502 6.878526416439598e-07 5.061463301635928e-07 6.600910348803664e-07 0.0006897782998610257 0.00011768044654570604 2.269685669254637e-06 8.003735012219009e-08 3.0332513224966443e-06 5.45236003723876e-06 7.410737685603404e-05 9.970127199925227e-07 0.0005023740673247583 4.659002457916088e-06 0.00015969249927579702 5.857313062151084e-05 0.00020612358306621538 2.568018474110863e-05 1.6387483921073492e-06 9.133657413861793e-06 2.7938870043951106e-07 0.0 1.1045669156683417e-07 7.594093924915508e-05 0.0 6.211799808192645e-06 5.70311935526341e-05 4.51736708060218e-06 3.76037815652978e-05 1.8448929121706947e-05 0.0 1.3505463902914601e-05 7.212046841006963e-08 9.665474833524652e-07 1.4525558005898492e-06 1.2728877423313555e-07 0.0 0.0 0.0 1.6789762403473088e-05 2.2893169243771843e-07 0.0 0.0 0.00013979056687040786 0.0 0.0 4.608731637479854e-07 9.583202278769826e-05 1.8335978513066529e-06 2.812903887947383e-07 0.0 1.346603246517314e-07 4.570641192573744e-07 1.951302651212594e-06 3.776902845065715e-07 2.536186052381716e-05 2.0654200573161877e-07 5.128756934427493e-06 2.7415077499922965e-06 7.599172281608602e-05 9.167125092857575e-07 1.1933270979415616e-06 0.0
0.00011790858858997838 3.4119031696048013e-06 0.0004031310538652492 6.624187596058418e-07 1.7640553292543683e-06 2.0211521003464617e-05 0.00037845102091553767 0.00016568765373679747 5.6857107764120686e-06 8.575638419237961e-06 1.4799739142030868e-06 2.539300416115715e-06 2.8349121004641516e-06 0.00012313057074735194 0.0 0.0014115522470076823 0.00062515266028942 1.1754470042150155e-06 3.503114494984949e-05 2.917154784832654e-06 0.0 4.890843037308769e-05 0.008312535167248301 0.0004802525280720294 1.2957947374040038e-06 6.037833715494273e-05 0.0005851507103785431 0.004421392279890694 0.00011208087037215802 0.004089580920294316 6.289567730756682e-08 1.1378759560648325e-06 1.229514441990787e-05 0.001842900599585219 0.00010303826197583123 0.0034021665381365296 0.0004385204326569912 0.003002911274752831 0.0012662553521787037 7.225366034519687e-05 3.613924905898165e-05 4.955374893637813e-06 2.0952171051347743e-05 2.277338075953514e-06 7.035340464483138e-08 2.5658500658472374e-06 2.676588838092854e-07 0.0 2.9368480695631156e-07 9.879909272495098e-06 6.793144073152745e-08 1.4782764673667954e-05 7.52430400574052e-08 0.0 0.0 0.0 7.28768257726093e-08 4.237083147375022e-07 0.00020947557534089484 4.303432660306545e-07 0.0 5.4524543751684033e-08 0.0 5.315233162301063e-05 5.028243796860929e-05 2.8726053124810343e-05 7.090753832184992e-05 0.0 7.107040993830014e-07 1.290036317198817e-05 8.875104722855237e-05 9.89814531071482e-06 1.703236618378205e-05 0.0 0.0 4.59410824134447e-06 2.2998265637192757e-06 6.502751130684855e-06 1.481779566763169e-05 1.455076644556267e-06 1.4057775126947033e-06 1.9949752819332414e-06 1.9594120597147692e-06 0.0 0.0 6.490363654072847e-08
2.72188700099882e-06 0.001233439294110387 1.753431684588007e-05 2.398338255556475e-06 8.752015294326555e-08 6.007986389331123e-07 3.1172076281043736e-05 4.114816801483789e-06 0.002172014436239508 5.407597943644111e-07 3.4482671686848075e-05 2.101891145350062e-05 0.00018695781256738902 3.134564724454724e-06 3.986150741861352e-06 0.0013548111543537883 1.9757838677803286e-05 9.819080365045451e-07 2.9289489070696203e-06 1.5261339252891925e-06 4.890843037308769e-05 0.0 0.00014068248045195702 0.004221807442619866 0.0005465067195610024 6.332329051547435e-05 0.002117977611309515 0.0001740232869788719 1.0610213977541403e-05 6.7143993768105825e-06 5.725977026824843e-06 1.3069865493833462e-07 1.1636548666885219e-06 3.815091595841287e-05 1.1965655924792057e-06 9.950138590276395e-05 2.7652902719486563e-05 9.092583829637287e-05 3.301884511538686e-05 4.50638237661665e-05 1.0839311304435979e-06 3.677302127287042e-05 0.0 1.3214142096197022e-07 2.852894319887256e-05 7.086157700398022e-05 0.0 0.0 0.0 6.500474613464417e-06 1.7932292599401642e-07 5.126366629608486e-05 2.0214216921605364e-07 2.577964625020857e-07 6.079061310289222e-06 2.0582062420092814e-06 2.663923423021184e-07 5.198732049306513e-07 0.0007080041876542498 8.345166384115445e-07 2.3608109845897832e-07 5.772843175186596e-07 0.0 2.718687895064718e-05 0.00024186890109312905 0.000158835717325869 0.0001432922144560081 2.839519210859778e-06 6.733481375652478e-06 0.0007433047888308511 6.370940754986386e-05 2.5724597540471313e-06 4.104724292000271e-06 3.482277709935042e-07 0.0 8.074287717342378e-07 1.2162963892250243e-06 0.0 1.5677057192384718e-05 9.64809584463288e-06 2.492192518169343e-06 1.603533076798345e-06 2.820047927351021e-06 0.0 5.078053259498715e-07 0.0
0.00017777498753588847 1.6596860710496783e-05 0.00412284249051408 1.4398495607149445e-06 3.016703492829045e-06 2.853822509730352e-05 0.000454279523334399 0.0002967483586314292 2.0638321768658923e-05 9.700336337163677e-06 6.276244710011229e-06 1.448315669085175e-06 6.087847514936845e-06 0.00020925518791591066 3.2313214385247895e-07 0.00223277600520783 0.0033471366396036276 8.289410994022564e-06 0.00028511856144598953 1.1538345242056028e-06 0.008312535167248301 0.00014068248045195702 0.0 0.0003734975743754821 1.6962759607914648e-06 0.0008732348516638727 0.003932699432287547 0.0018848074312899706 0.0002352252827273284 0.0016746013834816862 2.3018100349824228e-07 1.8062991461697785e-06 1.2160553046665257e-05 0.0015571156144214982 0.00018649301299462955 0.0061984769695962155 0.004773190423098589 0.003834247749129292 0.002212677443931812 9.704130880431401e-05 3.7882848155126895e-05 7.966097101049087e-06 2.3911803449027265e-05 8.451882982600787e-07 4.5808314120198725e-06 0.00010501565293033223 0.0 0.0 3.959515759453676e-07 6.6299882037038816e-06 2.437979835627716e-07 7.222018979281424e-06 4.772789286298672e-07 0.0 0.0 0.0 2.5806745941218167e-07 3.934003441855152e-07 0.0006996477196029495 1.8276453244423786e-06 0.0 8.488055861467882e-07 8.08826096774807e-08 2.264303203077638e-05 0.00022030035885102023 0.0001793337675539682 4.440056934964683e-05 4.69806656623316e-07 8.062061273818667e-06 0.0005368275809141705 4.637198833502024e-05 1.0635589908008552e-06 3.444921064823932e-06 0.0 0.0 0.0 1.2295763980360501e-06 1.0049659989249128e-05 4.732394127953263e-05 1.2645366415148132e-05 3.155429600563459e-06 4.176845288679049e-06 1.7409670540843449e-06 0.0 0.0 2.034101424795319e-07
4.85937313479652e-05 0.00010811352075310992 7.939272610882337e-05 0.00027036528256915455 1.547499279715891e-05 7.33192937484721e-05 0.001077404310773442 0.00011830247611640281 0.00466130457616377 0.00013870525403587874 3.8445969450346435e-06 0.00032509236901154 1.6170315533552407e-05 7.985468229747904e-05 0.00013392963194566179 0.0015082187836986441 1.4281423347307664e-05 9.43030584776652e-07 5.9908896588534036e-06 0.00023798604570386502 0.0004802525280720294 0.004221807442619866 0.0003734975743754821 0.0 2.958512016768538e-05 4.8934979795713045e-05 0.0008437392146067824 0.005657042360429734 0.000712932991268762 0.00022528050976429364 5.203064692017261e-07 4.262428028478574e-06 0.0001708756509166829 0.00029098436427801193 1.2104349131753858e-05 0.001410575222020511 5.460218596604394e-05 0.00043462503755098544 0.0002621764493555086 0.0003210776456322098 3.6142136773223024e-05 3.897947552289958e-06 1.269318456790382e-05 1.6051441566379746e-05 8.468192069372016e-07 6.163704970998341e-06 6.0378866978834275e-05 2.529540849219665e-07 3.6474207416160836e-05 0.0005722821562254866 3.231024187647326e-05 0.0006865532020647655 0.00010425460756810249 3.525619540765596e-07 0.00011184236784299154 0.0 1.434842116937113e-05 5.200737772037575e-06 0.0003415307774831073 1.7605078863901967e-06 3.6360590018857877e-07 8.792339081594682e-07 0.00010425743328729554 8.225351187255651e-05 0.00013740638428088532 4.2109751855787765e-05 0.0017763865569400098 1.2218368418116306e-07 2.597492966487165e-06 4.243613658957191e-05 0.0014590963254560072 6.450211483040702e-05 7.44549447897888e-05 0.0 1.0644977736658183e-06 1.493394759451657e-05 3.073696642671274e-05 1.4060655277565412e-06 0.00018349342424772233 4.222722903112566e-06 6.634364648777279e-05 3.0052622155796926e-05 0.0002896390630410616 1.8582130205263283e-06 6.937396246791382e-06 2.5947144755039816e-06
