0.0 3.1658939426480307e-07 0.00010778446610002031 2.9337772886937805e-06 0.0 5.4712653085008645e-06 0.0007796875252984035 0.0006384336355255672 8.248132260657433e-06 3.431446776777991e-05 1.9418673610221877e-06 3.281145331035221e-07 8.906395258044545e-07 0.0033002444667786317 2.4019193851450335e-07 6.823149939274478e-07 0.00014654102242027525 7.921534919147228e-07 1.742929095759077e-05 2.888050927139732e-06 0.00030238750228485595 1.8171652554828922e-06 0.0005252338160302136 2.7787968264242466e-05 1.531799420349772e-06 2.046176826332224e-05 1.3351704474928924e-05 4.4000297409032154e-05 0.0027716649554509545 0.0033074442563160206 4.734488387381809e-08 1.8740946943243452e-06 5.0122710182939724e-05 9.596720908634149e-05 3.2157841542665046e-06 5.923750281932316e-05 5.654441399681569e-06 5.4952372410542886e-05 1.4689979508118928e-05 3.4473181520985326e-06 4.004531589571114e-07 0.0 2.9121398180926667e-07 0.0 0.0 4.624598601715914e-07 0.0 0.0 0.0 4.323249929241196e-07 0.0 7.614664242158612e-06 1.2502847884726367e-07 0.0 8.504969691279553e-07 0.0 6.251602191272238e-08 0.0 2.615123091960299e-06 5.674485120560674e-08 0.0 0.0 0.0 2.206597653337261e-06 1.4267322900491024e-06 1.606363788322944e-07 1.0577418638097226e-05 0.0 1.269525446897685e-07 1.2764603518352122e-06 1.4159709424515514e-05 9.501156703746477e-08 4.2796962929803385e-06 0.0 0.0 0.0 0.0 3.0664324293794436e-07 9.458486021900836e-06 0.0 3.3953228253092294e-07 3.087052227618043e-07 0.0 0.0 1.385254008947948e-06 0.0
3.1658939426480307e-07 0.0 1.720147185816318e-05 1.2979843743401442e-07 9.476708599013254e-08 6.233819973422278e-08 1.1454090326016868e-05 2.5494159700644975e-06 0.0003286501537037426 8.675059912176246e-07 4.052970210973448e-05 2.0666385524603488e-06 0.0003840684873208892 1.8832757133203628e-06 3.2351122657847393e-06 0.0004155063165323738 8.420875364512705e-05 3.4118925149568428e-06 5.4947143525469415e-06 6.242804429656239e-08 2.4019380910567314e-05 0.0014707946826259266 6.634158602343443e-05 0.0007639157627182165 0.0006003063933930245 0.0003249749422633314 0.005845615377341409 6.206925568214872e-05 2.821874512760801e-06 1.1021244352871104e-05 3.5822814605776084e-06 4.432735343254804e-07 1.2225320111970719e-06 9.255825069511632e-05 2.8225769868217657e-07 6.144011918770684e-05 7.40912840957415e-05 0.00035443211643107557 3.2488830568350246e-05 3.1438373026236003e-06 2.6726360492753043e-07 0.00012688047644217283 0.0 2.2620395539138854e-07 0.00012264882290199337 7.949236489200662e-05 6.430259605931746e-08 0.0 0.0 2.2550240902487074e-06 2.909540851206226e-07 1.162925780484148e-06 4.638193525991568e-08 4.488923137726398e-06 0.0 1.3571901704346648e-05 1.5643994166681544e-06 0.0 4.655438410060374e-06 4.2037111420700565e-05 5.285380696253856e-06 3.754226418714939e-05 5.011260491445704e-08 4.040600011837339e-07 7.60056434005714e-06 3.590286001212983e-06 4.161933595274951e-06 8.4824208931264e-06 0.0004322002879114784 0.0011539267760943062 2.3375687330020298e-06 6.428310025158124e-07 4.889110825826987e-07 2.5376659264426723e-06 0.0 0.0 6.881246077234674e-06 1.1906044755572614e-07 2.4573587048908196e-05 1.792805059911134e-05 3.74510403916489e-05 5.245672391258739e-06 3.648390047023789e-07 0.0 7.44419345317342e-07 1.1347383336868662e-07
0.00010778446610002031 1.720147185816318e-05 0.0 1.073300417184494e-05 0.0 1.7991634905408488e-05 0.0011936899415073874 0.00036998939626850996 1.1338371849921086e-05 6.0519517793889086e-05 7.488505082918536e-06 7.657268998578565e-07 1.5103340421804294e-06 0.0004927152216323887 1.5304900287564695e-07 7.716146075680594e-06 0.003526098486934438 4.968273268875306e-06 0.00010219127267907097 1.4724329588676315e-06 0.0007535016038161562 4.483146410631844e-06 0.006578832492013662 0.00039359091434249015 9.340633826351682e-07 0.002260608614949583 0.0015612273124757286 0.000667830046018199 2.9765049061747483e-05 0.000353890277286502 7.140550837257135e-08 6.954993856284212e-07 3.636351898045568e-06 0.0005643544158627391 3.4718099411498065e-05 0.0017496880320800577 0.000692287521861102 0.001611791602983936 0.0005811251657101935 5.9895098663493e-05 3.300300563337222e-06 2.0013829292725407e-06 8.914244193160955e-06 3.555498139556915e-07 5.1664356877590595e-05 0.00034456337729411196 8.622537159755869e-08 7.572792439918561e-08 9.166365246551679e-08 5.4384803956085e-06 2.1477102146839343e-07 4.5098833513753034e-06 7.086783676305836e-08 3.8174346002554946e-07 0.0 0.0 1.8737697923477702e-06 0.0 1.4729372783726677e-05 4.536198120912697e-05 9.304175968002609e-07 1.7342031808997345e-05 0.0 2.34495605678531e-06 1.476158675780665e-05 4.536659642454609e-05 1.1923251651731777e-05 2.2374715645652686e-07 0.00016704808738526874 0.001075243262460815 1.11505103416998e-05 5.928114648684098e-07 3.766897358432481e-06 0.0 0.0 5.069772896172424e-07 1.3831783159598877e-05 4.117668856994713e-06 4.7333191016535796e-05 1.1343323573498864e-05 4.052648857083637e-05 7.259243016343596e-06 1.1507533091734126e-06 0.0 2.0096723658949276e-06 2.1339031253102955e-07
2.9337772886937805e-06 1.2979843743401442e-07 1.073300417184494e-05 0.0 4.4380410709440083e-07 9.980754850694147e-05 0.00010287941479874959 5.264582900699425e-05 0.00035545532916974416 0.001242951055019389 1.6661538109970323e-06 0.0005534273786853636 9.101407743552991e-07 5.507113295986552e-05 8.030005701253523e-06 1.2663748418662638e-07 6.54627039690305e-07 1.0872852780623786e-06 1.4606550310710808e-06 0.0006747049572847845 2.560560007401525e-06 2.6145141030067243e-07 1.7564851973334367e-06 0.0004841687818345652 9.436547297308083e-07 2.4088710303666374e-06 5.001348945299818e-06 0.0014240957890231754 7.579198059391014e-05 8.080935495181464e-07 0.0 4.411290554834757e-06 6.575644794740026e-07 3.869977453463073e-05 4.752276157174102e-06 0.00016124623123514196 5.069950669454714e-06 8.152558482780966e-05 1.5748247544038723e-05 3.318464120057747e-05 1.336791545309367e-05 7.987021701387841e-07 2.528939050995069e-06 1.571725980243508e-07 0.0 0.0 3.540503368367512e-05 1.2507901085719227e-07 6.792750663551756e-06 7.456565536591636e-05 1.6050495248891347e-06 6.554768437645843e-05 7.946036949731827e-05 3.8360641894155103e-07 3.9795426305296505e-05 1.9969994729960721e-07 1.8008340726548368e-06 8.530424809001628e-06 2.3800695805317554e-07 0.0 1.2398466479312367e-07 8.59207393223628e-08 1.9117241062967483e-05 0.0 4.4995689493596235e-07 1.2732126211513507e-07 0.00013168736386445245 0.0 2.145342082357275e-07 9.339475519600519e-07 7.253509831323574e-05 1.4810835206675874e-06 1.9279881186238167e-07 0.0 1.4281359490891453e-07 1.4607819923015158e-07 1.4232547694062983e-06 7.75686266496601e-08 2.326739550359554e-05 0.0 2.2055636763114443e-06 1.5348266113484992e-06 7.571608389757631e-05 5.558123699316396e-07 0.0 5.194009452011168e-07
0.0 9.476708599013254e-08 0.0 4.4380410709440083e-07 0.0 7.494668933749748e-05 1.2525067389134312e-06 0.00011942805799313599 3.4929798079650615e-05 2.813756203981327e-06 7.3865564017238975e-06 1.580763350621822e-05 8.5453342678628e-06 1.3551072288058065e-06 0.0005967433642148347 9.904272167961727e-08 5.551513376307527e-08 1.2494637144330563e-06 1.1284596647765885e-06 1.0218142759620904e-06 6.631967138244743e-08 7.574694946977806e-08 4.2885690035952305e-07 2.1842938696446375e-06 6.812737491468595e-07 1.1101179142663713e-06 4.4543679153447515e-07 2.703173421228884e-07 8.601461070980749e-07 1.2416122456039707e-07 3.331315775720367e-07 0.00013652502833456912 0.0 3.349568374216375e-05 6.95970722862128e-07 1.457373175722633e-05 4.900533896051e-06 7.534095743266963e-05 8.906419697259057e-06 0.0007081868676181729 1.5086078770780749e-05 4.801690644235346e-06 1.3360755083289185e-06 0.0 0.0 0.0 0.0 0.0 0.0 0.0 0.0 0.0 0.0 1.0803756169042659e-07 0.0 0.0 0.0 0.0 0.0 0.0 7.874573621591562e-08 0.0 0.0 0.0 0.0 0.0 2.06726714879392e-07 0.0 0.0 0.0 9.328197475533786e-08 0.0 6.920077473164116e-07 1.171457875658787e-07 0.0 0.0 0.0 0.0 0.0 4.7932875906026e-07 0.0 0.0 0.0 0.0 0.0 0.0
5.4712653085008645e-06 6.233819973422278e-08 1.7991634905408488e-05 9.980754850694147e-05 7.494668933749748e-05 0.0 0.0019012298366385505 0.004460031259615119 4.6564080094477854e-05 0.005363881673122996 5.20947555243308e-05 0.0016720268764794939 4.556788977040402e-05 0.0005444565638759718 0.001111102708590941 2.3285253301650004e-07 2.9085564060405983e-06 1.1516335943001022e-05 1.2298012813057495e-05 0.00037855904336307484 1.1055566740393495e-05 4.3933991873099355e-07 1.0702858600772701e-05 9.4637622113899e-05 2.646667952529495e-06 2.3022363818268044e-05 1.3144635771070301e-05 0.00026323198224641577 0.00044578776925946847 7.35839734139877e-06 3.1029126421864657e-06 0.0003612342953239682 1.8357999209584735e-06 0.00035191726580046295 1.77500765000889e-05 0.000299091782700701 4.261067803540524e-05 0.0004526123342906058 0.0001445637139709092 0.0013238179880049284 0.00032339529369249955 2.2722946932791816e-05 6.1129452453496265e-06 8.79846305435019e-08 1.0132072495689995e-07 0.0 9.803449522020001e-06 0.0 5.229117108212478e-07 1.530719844052539e-05 1.3306485091500172e-07 8.531721265324972e-06 4.5895086815033115e-06 8.762582082370616e-07 2.545495978732012e-06 1.07909407836992e-06 5.211775934171903e-07 1.9277819544242656e-06 2.1455504691118011e-07 0.0 8.695481414059909e-08 7.920446267269003e-08 1.9218089490546926e-06 1.0159887326700481e-07 2.982869696423271e-07 0.0 2.6499774275686262e-05 1.641221629344979e-07 4.84034179095625e-07 1.2085027507829475e-06 1.837241607469641e-05 3.2572147704536485e-07 2.8537980878076447e-06 2.3655531849631565e-07 0.0 0.0 0.0 1.3921695687669662e-06 5.65845344035093e-06 1.0442417581744447e-06 5.533369282056414e-07 2.7746038488878433e-07 9.059887429492137e-06 0.0 0.0 0.0
0.0007796875252984035 1.1454090326016868e-05 0.0011936899415073874 0.00010287941479874959 1.2525067389134312e-06 0.0019012298366385505 0.0 0.0017584585452387316 0.0003755520309498623 0.0031186219534166445 1.2642855103918507e-05 3.801618135822695e-05 8.931997562247332e-06 0.0024845154238420744 8.696320232978421e-06 1.1022397854458406e-05 7.153250207897927e-05 4.947075868604499e-06 1.1131767966764983e-05 1.604055647644701e-05 0.0010329067510416112 3.0111519360792898e-05 0.0007671019185744103 0.0011823895250511326 4.6827619275130325e-06 8.258348904481531e-05 0.00036662331558568134 0.007250344247925193 0.0015431919243841833 0.004987453782344541 7.031143523825376e-07 2.1582206624953825e-05 0.0001791114122705205 0.0005617203395687241 0.00013320298721853106 0.0027977028432634274 7.559067742435923e-05 0.0011004332002054733 0.0003636177672272177 0.0001970036233705282 9.692449934642732e-05 6.783849530903836e-06 2.431639286265159e-05 3.0963219176673735e-06 1.921478699610846e-06 5.147400238279433e-06 2.3880958221939138e-05 3.055360105001263e-07 6.521877900495321e-06 0.0002450921732813252 4.588303323263314e-06 0.0002884674305692108 5.5253895224645067e-05 1.5295521994589028e-06 1.1763705364993323e-05 5.431473404322889e-07 6.871706444548214e-06 4.552380207196293e-06 1.9041433002126094e-05 9.453789923261038e-07 1.6859248554963827e-07 5.911747087076199e-07 1.4828974144599446e-05 8.681515732053421e-06 9.767288254742216e-06 8.651373054747766e-06 0.000510977020897016 2.7742376607300387e-07 2.148479898807365e-06 2.1416233193742497e-05 0.0003563965820687698 1.1249387318564657e-05 7.043187151846124e-05 1.2469670917581392e-07 0.0 2.2242249235445347e-06 6.321153995447729e-06 4.997554168269556e-06 8.779391879077369e-05 1.8077177654806125e-06 1.4202408595070837e-05 9.370203515649264e-06 5.03041410039355e-05 5.751282396170671e-07 4.827440259381929e-07 1.768784123132072e-06
0.0006384336355255672 2.5494159700644975e-06 0.00036998939626850996 5.264582900699425e-05 0.00011942805799313599 0.004460031259615119 0.0017584585452387316 0.0 4.628476193367127e-05 0.0018754650399857092 0.00011031088360460899 0.00027039751805100565 6.323951869447212e-05 0.0058038895354384995 0.00030902977270345124 1.7112583105590873e-06 0.00017506156749236537 2.890707880040978e-05 6.083530417015093e-05 0.00032370847687013027 0.00030448226284320485 4.0223438608094584e-06 0.0004989468810512288 0.00015314894991494017 6.972154412172125e-06 0.0001053776264760113 8.336066797478848e-05 0.00013898377499214855 0.0007728285512734439 0.0007421388884371588 6.127973055263253e-06 0.0006878818505475613 3.6381076497997597e-06 0.0005761169352857328 1.2874323416360783e-05 0.0004293310198364447 7.653381124943524e-05 0.0007123608026858237 0.0001962581259660296 0.0009330812888793636 0.00043104798703283025 3.5279113009029054e-05 8.47155963145894e-06 2.8367983159917843e-07 4.004914758048933e-07 1.069886037550507e-06 3.332899741755373e-06 0.0 1.2058334978179541e-06 4.2460523848153966e-05 8.504044975056341e-07 4.146760238237159e-05 6.227457598646503e-06 9.414806709046317e-07 1.1031415186725572e-06 4.792855810402351e-06 1.030597328709261e-06 6.795490509307891e-07 8.416505984565919e-06 1.6953183507480817e-07 1.6797645554190032e-07 1.2711311095143644e-07 1.1558147914061123e-06 6.447574233775696e-06 7.623383089737646e-06 1.7415721290429859e-06 9.048066656169785e-05 5.349958400168072e-07 1.494165923765834e-06 4.789022245342652e-06 8.07535926477127e-05 3.833417739864569e-06 3.1792634189481424e-05 5.180903223123582e-07 3.49605515106185e-07 6.635299814979772e-07 1.2752134362622782e-06 1.0221825133155824e-06 2.450534341836588e-05 2.53811795411875e-06 3.1595697691471797e-06 1.2998424480803094e-06 1.1587873039963486e-05 0.0 4.2058103910292825e-07 0.0
8.248132260657433e-06 0.0003286501537037426 1.1338371849921086e-05 0.00035545532916974416 3.4929798079650615e-05 4.6564080094477854e-05 0.0003755520309498623 4.628476193367127e-05 0.0 0.00025944322706883676 2.3195565073827374e-06 0.0005354067502746997 2.205748236387608e-05 2.6797419389232033e-05 0.0005006142526267677 7.671066606088166e-05 9.85811094574623e-07 7.710594182247388e-07 5.209359216793473e-07 0.0002728734904564555 8.20862116563238e-05 0.0014972025616233585 1.91254803498594e-05 0.0058167471162193195 6.111353239444252e-05 1.4063251489821597e-05 0.0001895787695994942 0.0009024187579385083 3.6917475694786966e-05 0.00021792065365638572 8.283080870824678e-07 1.1823082290264293e-06 3.651299798217598e-06 1.1247059676744541e-05 3.3290318026604195e-06 0.00014593332350428505 1.301258709451576e-05 2.3828353972872914e-05 1.3595705930458284e-05 0.00016905739837705996 5.202294052353928e-06 5.562844521657743e-06 2.0307119425369057e-07 3.3997929967906316e-06 9.073504499305566e-07 2.8719401950946104e-06 7.797040554043473e-05 1.2219306678326138e-06 1.230262015618689e-05 0.00010905721658531556 3.7829750366400034e-06 0.00013001150278233738 0.00010400995826439477 7.57590952882095e-07 7.096927849724346e-05 7.97173670185753e-07 5.049271168944356e-06 2.2944276020556494e-05 0.000143744731159976 8.139493728991787e-07 1.461291579706355e-07 1.131168021373825e-06 4.516161338850226e-05 9.396824034962489e-05 5.866375996045401e-05 4.2088060266369756e-05 0.0006762879733420072 4.903435637156677e-07 3.060264061427502e-06 1.428448219396771e-05 0.0002945982924125294 1.5384368794213613e-05 7.259836064243867e-05 6.754801973111381e-08 1.9988405930868823e-07 5.468914574334556e-06 7.495707667932233e-06 3.4061627326684856e-06 0.00010862254622347286 7.800131014070183e-06 1.384085546898592e-05 6.739515111079999e-06 0.00014532317722188326 8.274489406761526e-07 3.4282052594688203e-07 3.0465272270166467e-07
3.431446776777991e-05 8.675059912176246e-07 6.0519517793889086e-05 0.001242951055019389 2.813756203981327e-06 0.005363881673122996 0.0031186219534166445 0.0018754650399857092 0.00025944322706883676 0.0 2.869141133361747e-05 0.0021869981746086104 1.136539708716067e-05 0.0008348879071600952 5.6586719343964634e-05 1.4254184311202984e-07 5.087510196186326e-06 1.3278441079510805e-05 1.6974141783061783e-05 0.0012154984410166021 2.148304718802221e-05 5.478594770287907e-07 1.7568540394441372e-05 0.00047984950084620725 1.8984240079392268e-06 3.396995946025511e-05 2.6570279627068108e-05 0.001955712124245118 0.0008006811964631225 1.0898187604780358e-05 2.070608520164019e-06 6.664047598113188e-05 1.0459154043027221e-05 0.00033970699953341486 1.750865227041321e-05 0.0007820892959457244 3.215616746980621e-05 0.0005870516075395398 9.290813778571239e-05 0.00021636458553594038 7.749540940781863e-05 4.888748682719239e-06 1.027606800088391e-05 6.882762197556493e-07 3.0189213161738793e-07 1.3091393333123229e-07 8.342275322554093e-05 1.7117305857109933e-07 7.230099719773009e-06 0.00011542426608764124 3.1357530611667948e-06 9.10059755514317e-05 0.000115170038678894 5.438383994508982e-07 4.7129376835489044e-05 1.3425591723748294e-06 2.7132022115948507e-06 1.2166838009558539e-05 9.634318506954633e-07 2.2377332037370138e-07 3.5751918435882194e-07 3.841591505835797e-07 3.435524138782601e-05 8.322880429481988e-07 8.141910224114716e-07 4.437605005657767e-07 0.00020628293191768559 6.970674737306804e-07 4.451306168061261e-07 2.479625592392802e-06 0.00010161895227316675 3.2792026668526793e-06 4.436965558810804e-06 0.0 3.3814328346349953e-07 4.965876052194234e-07 1.5388111501225904e-06 9.215783489730836e-07 2.195837779738171e-05 3.019759308301935e-07 4.359633692052491e-06 2.574895166947181e-06 6.763837698354501e-05 2.745276924825155e-07 0.0 0.0
1.9418673610221877e-06 4.052970210973448e-05 7.488505082918536e-06 1.6661538109970323e-06 7.3865564017238975e-06 5.20947555243308e-05 1.2642855103918507e-05 0.00011031088360460899 2.3195565073827374e-06 2.869141133361747e-05 0.0 4.894771771142636e-06 0.0013136237506954627 0.0001396427536522378 2.934890090854368e-06 1.7955309142391838e-06 0.0003606969591691228 0.0030138261079985106 0.0015636398601321026 9.529389632908779e-06 6.7836866976360975e-06 8.847552123802105e-06 1.5490484228129473e-05 6.073485155294203e-06 0.0002712730664685307 0.0018617550166066903 0.0011634558266586735 4.45238216026634e-06 0.00010618141811034991 6.6821889684009235e-06 0.0004234532051851753 9.205561346861221e-05 1.1061194978590117e-06 0.0033338711949136585 2.666284547238471e-06 0.00010458498233730525 0.0012628987101202902 0.0008756880151452074 0.00013768876428079305 1.858716579964302e-05 1.1490245681298419e-05 0.0003744477069385953 1.1959412123334873e-06 6.524203004157649e-08 6.833645386173374e-06 0.0 3.635060762518837e-07 0.0 5.6616676460155366e-08 2.918738761620059e-07 8.09466888463211e-07 1.0090679498468372e-06 5.060732342650873e-08 0.0002862166431621531 4.6385722493594355e-08 0.0006866603667733024 1.9073637374768573e-06 0.0 0.0 5.894122003863022e-08 2.848303105117145e-05 1.5825210808944525e-06 0.0 1.1588931500654916e-07 2.505232230577795e-07 1.7204654045700805e-07 1.3442767717503068e-06 0.00016038029474557152 5.864105006707111e-05 9.289038907065612e-05 6.042365442821206e-07 1.1717012676541813e-06 1.2079902785017495e-07 4.7351515222197034e-05 1.1718451958693003e-06 0.0 1.5258771216829478e-05 0.0 1.1055468743499502e-06 7.842549393253021e-05 2.812139550385782e-05 1.3167462766429768e-06 9.093816607033323e-08 0.0 0.00011054591902444001 0.0
3.281145331035221e-07 2.0666385524603488e-06 7.657268998578565e-07 0.0005534273786853636 1.580763350621822e-05 0.0016720268764794939 3.801618135822695e-05 0.00027039751805100565 0.0005354067502746997 0.0021869981746086104 4.894771771142636e-06 0.0 4.689783107589609e-06 6.6975443069066e-05 0.0007942815959184742 0.0 5.120359869885575e-07 2.4360499395023545e-06 2.215766919462567e-06 0.0018756731917139368 3.6300828172374553e-07 7.807422985799891e-06 4.013486841432695e-07 0.00014944277547885245 3.2503623356410516e-06 5.031002247115584e-06 2.951104100584103e-06 0.00026084502244763685 6.23398062814163e-05 4.396106614879192e-07 6.242015067031054e-07 2.018491420476617e-05 5.128418920904285e-08 2.6260478880288098e-05 5.23483547545848e-07 0.00028064083700214427 4.318573562444474e-06 3.787802466942339e-05 9.164096124604083e-06 0.00043439807182302936 9.24374118213005e-06 8.062467441317088e-07 7.514677516923707e-07 0.0 0.0 0.0 6.878258826882399e-05 3.477614434623673e-07 5.2628106771457976e-06 3.453867379293673e-05 2.084858404720366e-06 9.812922763433253e-05 8.920277315531045e-05 4.218318930432791e-07 7.748774328673918e-05 1.302718994302781e-07 3.1288704885087263e-07 1.8894096627859498e-05 7.651638911216202e-08 0.0 6.633835862468347e-08 0.0 2.6649034644673603e-05 0.0 1.9166902493666973e-07 0.0 7.203413869789797e-05 7.066633103873713e-08 1.8647625638155262e-07 0.0 3.7769642229432264e-05 2.9329800937848597e-07 1.443711045385112e-06 0.0 1.2827298238130002e-07 0.0 0.0 0.0 5.4211062232942e-05 1.88104907328857e-06 1.8787211158656524e-06 4.2983748272460303e-07 0.00017330849788195778 0.0 0.0 4.780130420754969e-07
8.906395258044545e-07 0.0003840684873208892 1.5103340421804294e-06 9.101407743552991e-07 8.5453342678628e-06 4.556788977040402e-05 8.931997562247332e-06 6.323951869447212e-05 2.205748236387608e-05 1.136539708716067e-05 0.0013136237506954627 4.689783107589609e-06 0.0 3.0838078272105565e-05 1.2855006075343956e-06 1.547974056629089e-05 1.41481058961628e-06 4.861063832057865e-05 2.1942758307772655e-06 3.072270632344627e-06 4.779893603077193e-06 0.00010758493435123618 6.638145934424626e-06 3.6101348364700184e-05 0.0019225865682861419 4.4497752975310925e-05 0.002090625223371462 9.13821914372206e-06 2.8980398573157416e-05 1.2340464253190111e-05 0.0004429974314104941 4.8626658821336866e-05 7.498035114167507e-07 0.0006773417036896708 3.453544098448698e-05 0.0007940262653223397 0.0009894508204089144 0.0017042028046633639 0.0001484757165251192 4.0525840069300435e-05 0.00017619007258616565 0.0003701771325713193 8.070767128363019e-06 0.0 2.6726096711038298e-05 3.4672738197946084e-07 0.0 0.0 2.226135645166965e-07 0.0 1.1384968163943744e-06 6.881580242820391e-07 8.721588433827037e-08 0.0003593369580120588 3.790743092980849e-08 0.0009758468441424715 1.9905561394327515e-06 0.0 1.147713849671219e-06 2.989579678797252e-07 4.797271917344946e-05 2.484432947689575e-06 0.0 4.604100510587787e-07 5.0091677959120796e-06 1.1458310700099437e-06 1.9450798419841335e-06 0.0004993217128453517 9.401263119567448e-05 0.00017234513105433068 2.902227089547533e-07 8.538562854069287e-07 3.2625057848289134e-07 8.656828864462307e-05 4.938534091980387e-07 0.0 9.62539706904445e-06 4.796891703531712e-06 0.0001034326206940041 7.989410530146434e-05 2.3913674040042422e-05 6.74783977519875e-07 7.231531849742287e-06 1.34399058668141e-06 6.835664283102557e-05 0.0
0.0033002444667786317 1.8832757133203628e-06 0.0004927152216323887 5.507113295986552e-05 1.3551072288058065e-06 0.0005444565638759718 0.0024845154238420744 0.0058038895354384995 2.6797419389232033e-05 0.0008348879071600952 0.0001396427536522378 6.6975443069066e-05 3.0838078272105565e-05 0.0 1.134191515819117e-05 4.451937818185369e-07 0.0002970778526440254 4.918171998102203e-05 0.00011652147814079618 0.00021436941402106454 0.0006170496658155393 3.491964738658934e-06 0.000993103572375657 0.00012012951593308148 5.2302019017352605e-06 0.00017657181988232115 0.00011518951191880705 0.0001608286362742158 0.003732230237444414 0.002371366175304702 7.856837495086684e-06 0.00038440749985449397 1.309977394784094e-05 0.0014795588760651 1.0766123290329008e-05 0.00026136775989236754 6.076901024040024e-05 0.0006226760392174183 7.012739499102779e-05 0.00011368252067043187 2.9767381455390127e-05 7.365697372112821e-06 2.865108865664063e-06 3.9359784815837574e-07 1.461193342776427e-07 1.0947010994455581e-06 1.4865753740006811e-06 0.0 1.8276782561209863e-07 1.5110566325864796e-05 3.9953025189365204e-07 2.2146038728906652e-05 4.716895055589016e-06 1.6469692765302316e-06 2.9528401338305496e-07 3.575705187110968e-06 6.010091366409579e-07 4.186258841614227e-07 5.379908782017227e-06 1.0468649109041311e-07 2.0260035042718841e-07 2.0732839162709653e-07 7.022851882428452e-07 6.786152795740974e-06 6.19652807020278e-06 2.244241355893647e-06 4.866286447748262e-05 1.2598819942231929e-06 3.353501755109056e-06 5.746630375241153e-06 4.001953696950953e-05 1.5162591248196155e-06 1.9877368128881307e-05 1.1090342986977256e-06 0.0 5.234645224752556e-07 2.73360206579305e-07 1.080786802910109e-06 1.488590729510771e-05 6.981850454942454e-07 1.8184037742431278e-06 2.2238413194459402e-06 3.422379885090956e-06 0.0 1.0022206269106841e-07 0.0
2.4019193851450335e-07 3.2351122657847393e-06 1.5304900287564695e-07 8.030005701253523e-06 0.0005967433642148347 0.001111102708590941 8.696320232978421e-06 0.00030902977270345124 0.0005006142526267677 5.6586719343964634e-05 2.934890090854368e-06 0.0007942815959184742 1.2855006075343956e-06 1.134191515819117e-05 0.0 0.0 5.8525953421851557e-08 1.0185742530988853e-06 6.862877309346173e-07 7.35803777512126e-05 6.897107278587562e-08 2.0785265336226117e-05 5.219263188472003e-08 0.000385153153655741 3.774026768046156e-07 1.4399313772835747e-06 2.731816416229325e-06 1.2229354680457312e-05 3.174945568938471e-05 1.0225914100898006e-07 1.97922090013627e-07 0.00020106987028880154 0.0 1.3257897488237217e-05 3.1580658862130597e-06 0.0001137738579362541 1.517204750840037e-06 2.3516718475844655e-05 6.298480307485381e-06 0.0006043768040280093 5.51825836547811e-05 4.812157349053295e-07 0.0 0.0 0.0 0.0 1.8286724405225172e-06 0.0 8.229927979617578e-07 8.580123254131683e-07 0.0 4.940846438177154e-06 4.084421203711288e-06 2.083859366258767e-07 6.536785679104929e-06 0.0 0.0 4.952758932787266e-07 1.1680747024747036e-07 0.0 7.495232383440892e-08 0.0 1.3628051902078272e-07 3.5263961380577724e-07 5.510784345159357e-07 1.0255492751537248e-07 4.825410551056317e-06 0.0 7.190861480710149e-08 0.0 3.267919910969395e-06 0.0 1.4550528501089912e-06 0.0 0.0 0.0 0.0 1.5025161054827738e-05 4.515446277571412e-06 0.0 1.731845988433177e-06 2.2493548992540993e-06 1.4300796872102516e-05 0.0 0.0 0.0
6.823149939274478e-07 0.0004155063165323738 7.716146075680594e-06 1.2663748418662638e-07 9.904272167961727e-08 2.3285253301650004e-07 1.1022397854458406e-05 1.7112583105590873e-06 7.671066606088166e-05 1.4254184311202984e-07 1.7955309142391838e-06 0.0 1.547974056629089e-05 4.451937818185369e-07 0.0 0.0 4.085417699569994e-06 4.1165717416271443e-07 1.443056307359916e-06 0.0 0.0017925387262987752 0.0013469265012989863 0.002328279463816932 0.0016649505057888523 4.44279201912903e-05 1.5809736776668417e-05 0.0016801139667272558 0.0008714886233062534 2.247018545018483e-06 9.168575030726537e-06 4.6940290410543973e-07 4.231844244286604e-07 7.276750917568233e-07 2.059398410268161e-05 2.359296918962523e-05 0.000645887701203444 0.0002631914386119135 9.071544652105997e-05 0.00013575659309589445 1.4092255552213176e-05 2.147586427262005e-06 3.5873647194039604e-06 4.270849737392402e-06 1.2657859981509894e-07 6.301897881375379e-06 2.2573521850255227e-05 0.0 0.0 2.159495445796135e-07 9.512242630161107e-06 1.920290610623011e-07 6.816287707439545e-06 7.880663244420713e-07 2.381580695659767e-07 1.524258073506672e-07 1.0617973420935298e-06 5.686670055959713e-07 5.545528924779829e-07 0.0010055466285307866 3.9512238751844016e-07 0.0 5.346498682190624e-07 0.0 6.06489115885191e-05 0.0005444156336680374 0.00045350384626703064 3.200277544668583e-05 5.557331625174139e-07 5.718142301212741e-06 0.0002417695575370335 4.1637017066573626e-05 1.1159782761046638e-06 1.2611602758254777e-05 0.0 0.0 5.242298459458245e-07 3.584065043165206e-06 1.3934646871122143e-06 0.0001009569050114344 2.5073475961721726e-06 8.28250068173848e-06 4.687796223453269e-06 6.567389025380411e-06 0.0 2.0947454405299797e-06 0.0
0.00014654102242027525 8.420875364512705e-05 0.003526098486934438 6.54627039690305e-07 5.551513376307527e-08 2.9085564060405983e-06 7.153250207897927e-05 0.00017506156749236537 9.85811094574623e-07 5.087510196186326e-06 0.0003606969591691228 5.120359869885575e-07 1.41481058961628e-06 0.0002970778526440254 5.8525953421851557e-08 4.085417699569994e-06 0.0 7.884710414794022e-05 0.0017530132349672437 8.304850530105531e-07 0.00021886316452597267 9.66537151166258e-07 0.0025630894734380853 3.448621335206765e-05 2.263055039282305e-06 0.004269049803116683 0.002208019247533607 2.053767436995383e-05 0.0001222577839569454 0.0003025284832853949 1.7903733820706525e-07 1.19566149045446e-06 1.885505194666437e-05 0.0015467529631043684 8.391256768781906e-06 0.000538059345154589 0.0004990312069295517 0.0006703678981147364 0.00020973845135543103 1.5608819576014582e-05 9.295216937797568e-07 1.9740210549661102e-07 1.8685316792260382e-06 2.8304318517148546e-07 1.8204312537906105e-05 9.130270953745537e-06 0.0 0.0 0.0 7.246636364473244e-07 0.0 5.092530347786697e-07 0.0 4.7227203143940214e-07 0.0 4.060368660422426e-07 4.7581983371564894e-07 0.0 9.080234529125427e-07 1.2189581090132341e-05 1.5009423516433703e-06 2.3863467367711174e-05 0.0 1.9923334855310866e-07 8.56712170758346e-07 7.378463834576154e-07 1.6042579397089723e-06 1.894263340573527e-06 0.00018725670653906088 0.0002574874580931778 1.1620271392759141e-06 1.546532297218118e-07 5.893578900329148e-07 8.045189476740021e-07 0.0 1.298867084274312e-07 1.9491178198700617e-06 6.578061289862954e-08 9.83758657957318e-06 4.483833771318974e-06 7.846826640739374e-06 1.333251067685298e-06 0.0 0.0 1.0147111369482294e-06 6.679414241867002e-08
7.921534919147228e-07 3.4118925149568428e-06 4.968273268875306e-06 1.0872852780623786e-06 1.2494637144330563e-06 1.1516335943001022e-05 4.947075868604499e-06 2.890707880040978e-05 7.710594182247388e-07 1.3278441079510805e-05 0.0030138261079985106 2.4360499395023545e-06 4.861063832057865e-05 4.918171998102203e-05 1.0185742530988853e-06 4.1165717416271443e-07 7.884710414794022e-05 0.0 0.0004698315677946501 4.142439956752343e-06 1.5189453536595137e-06 1.2560048404153103e-06 5.519223213042983e-06 2.463003410441771e-06 3.490977177915741e-05 0.0018796140505617483 0.0003699143902388571 9.947475614015496e-07 2.3078774090492713e-05 2.711125380658643e-06 8.58626955655783e-05 1.5474275565867015e-05 1.1346388521261517e-07 0.0005350140663011413 2.9012993328691166e-06 0.000145280235566135 0.0006717994660665425 0.0004310151502988461 0.00013226405191537705 6.529339533181663e-06 2.0976180972812433e-06 1.827754489756654e-05 1.5689589126340312e-06 0.0 2.8696384638204064e-06 0.0 0.0 0.0 0.0 3.4185979099773546e-07 0.0 0.0 0.0 1.949787032951303e-05 0.0 9.280369020594653e-05 2.1265796288608084e-07 0.0 0.0 0.0 3.646187898214296e-05 2.099306154455984e-06 0.0 0.0 1.527480244808312e-07 6.551880036759641e-08 2.593612973759295e-07 2.092650869159955e-05 9.092564394222862e-05 0.0001429327731963351 2.1267636564128006e-07 6.736141401535001e-08 0.0 2.3205725683928953e-05 0.0 0.0 3.370224534343399e-07 0.0 2.3144744220654123e-06 4.313559429522977e-06 1.6593634877057876e-06 2.3814096922799325e-07 6.13227810424529e-08 0.0 8.705757752599078e-07 0.0
1.742929095759077e-05 5.4947143525469415e-06 0.00010219127267907097 1.4606550310710808e-06 1.1284596647765885e-06 1.2298012813057495e-05 1.1131767966764983e-05 6.083530417015093e-05 5.209359216793473e-07 1.6974141783061783e-05 0.0015636398601321026 2.215766919462567e-06 2.1942758307772655e-06 0.00011652147814079618 6.862877309346173e-07 1.443056307359916e-06 0.0017530132349672437 0.0004698315677946501 0.0 5.885801140313278e-06 3.1911743088735625e-05 5.516902550045497e-07 0.0001752136173500968 6.319100034602222e-06 8.616243444148404e-06 0.001978525989705485 0.000376865607467495 3.4757340419864416e-06 7.29590751785282e-05 4.841688154307062e-05 1.7626367449893213e-06 8.840813208207447e-06 8.219915951761233e-06 0.0021840329966631594 4.0942109049482935e-06 0.00039103517713269737 0.0006532721180670659 0.000789647474855532 0.00022435965333529655 9.540417941808222e-06 6.58643854407754e-07 1.8392824201244229e-06 1.9547764492834248e-06 0.0 1.1611967936259965e-05 4.989005248353751e-07 8.030673436780217e-08 0.0 8.808941067527851e-08 0.0 0.0 4.7184006009942576e-07 1.0966043132772802e-07 1.3518997085865662e-06 0.0 1.2405928396485742e-05 0.0 0.0 0.0 4.986407392744798e-07 1.4560761655385903e-05 1.0295044868703996e-05 0.0 8.494470874987317e-08 8.708027292387012e-08 9.296604301064526e-08 1.0325150113738755e-06 7.0318360230596075e-06 0.0001594078022894635 0.00014003336181279014 3.8134055970465583e-07 6.886602594750188e-08 1.2676439207574158e-07 6.844920176419621e-06 0.0 0.0 8.301972099156439e-07 0.0 3.6390146567049224e-06 3.4218315052115696e-06 2.9386129815664945e-06 3.113344697372342e-07 0.0 0.0 1.128112897304162e-06 1.0042574651926587e-07
2.888050927139732e-06 6.242804429656239e-08 1.4724329588676315e-06 0.0006747049572847845 1.0218142759620904e-06 0.00037855904336307484 1.604055647644701e-05 0.00032370847687013027 0.0002728734904564555 0.0012154984410166021 9.529389632908779e-06 0.0018756731917139368 3.072270632344627e-06 0.00021436941402106454 7.35803777512126e-05 0.0 8.304850530105531e-07 4.142439956752343e-06 5.885801140313278e-06 0.0 7.734124816286621e-07 0.0 7.873133850478275e-07 0.00021173527032140223 1.968016956052426e-07 8.859188643760878e-06 4.6485202054009345e-06 0.0006263502016918929 0.0001957405626870689 9.177433303624309e-07 7.384515273910819e-07 1.844721943845123e-05 3.973947010549849e-07 9.852687853818975e-05 3.5161299343692963e-06 0.00021439961360466783 8.66313582027427e-06 0.00016732335480627871 2.610307263839448e-05 0.00016057135421702562 2.4616323313906063e-05 1.5782733204894739e-06 3.2721046975016912e-06 0.0 0.0 0.0 1.7282278160657985e-05 5.649230495077849e-07 3.154988958879085e-06 2.773629991085098e-05 1.475442467218972e-06 3.150465986159124e-05 2.452304840243044e-05 1.678474051097885e-07 1.4531198802667427e-05 5.005638449732351e-07 5.079344018017785e-07 7.737778838910274e-06 1.561405501762524e-07 0.0 1.360689717930811e-07 0.0 8.968511766810153e-06 0.0 2.6705338678770427e-07 0.0 5.172541282312777e-05 0.0 2.6114862719121634e-07 1.883772076523097e-07 3.209795534559205e-05 9.099264978300871e-07 5.166041175805156e-07 0.0 0.0 1.7071084714812295e-07 1.641441306678782e-07 0.0 1.4624210496957275e-05 3.064433730140853e-07 1.172764337924631e-06 2.1381240239158377e-07 3.9706597601714535e-05 0.0 0.0 0.0
0.00030238750228485595 2.4019380910567314e-05 0.0007535016038161562 2.560560007401525e-06 6.631967138244743e-08 1.1055566740393495e-05 0.0010329067510416112 0.00030448226284320485 8.20862116563238e-05 2.148304718802221e-05 6.7836866976360975e-06 3.6300828172374553e-07 4.779893603077193e-06 0.0006170496658155393 6.897107278587562e-08 0.0017925387262987752 0.00021886316452597267 1.5189453536595137e-06 3.1911743088735625e-05 7.734124816286621e-07 0.0 0.00012138816617844691 0.007113530852190553 0.000309317050927123 6.09512070560782e-06 3.129548916747409e-05 0.000522154743806224 0.002956407345710515 0.00015707170989304918 0.005758898315760776 0.0 6.466401905925368e-07 3.794355037304674e-05 0.0020599334177099156 0.00021378093774746874 0.003870636992607076 0.0004758277597823132 0.0020585629777855495 0.0014470165941030742 0.00010414680992670298 1.1312306134115629e-05 3.1814319133856822e-06 3.4122469524664905e-05 3.0278180259373996e-07 1.1706504525518675e-06 3.864111237414974e-06 1.1833566348791492e-07 0.0 1.2308258306978706e-07 5.084055665652191e-06 4.7294827490654304e-07 1.8351571638381298e-05 2.2598133539479776e-07 4.191021065709662e-07 3.59294396804381e-07 1.6241488688237148e-06 2.6572426335132754e-07 0.0 0.00015588360277805517 7.994848517637133e-08 0.0 1.0778448424495914e-06 0.0 6.738864117170919e-05 0.00014709314094384318 4.6096186389658035e-05 5.1224489728813366e-05 0.0 3.534003201406395e-06 2.4440092955950727e-05 6.501052377234035e-05 4.4652142992292075e-06 3.1971011575549326e-05 0.0 0.0 1.8104694930156458e-06 5.835766453731161e-06 1.0891212271567822e-05 0.00010651613707669165 2.709041188620356e-06 6.347069679902101e-06 3.5128294624558604e-06 4.071203798178704e-06 0.0 1.1691295270661933e-06 6.198616213943813e-07
1.8171652554828922e-06 0.0014707946826259266 4.483146410631844e-06 2.6145141030067243e-07 7.574694946977806e-08 4.3933991873099355e-07 3.0111519360792898e-05 4.0223438608094584e-06 0.0014972025616233585 5.478594770287907e-07 8.847552123802105e-06 7.807422985799891e-06 0.00010758493435123618 3.491964738658934e-06 2.0785265336226117e-05 0.0013469265012989863 9.66537151166258e-07 1.2560048404153103e-06 5.516902550045497e-07 0.0 0.00012138816617844691 0.0 0.0002544655036651187 0.0035556413331687188 0.00027172000106653405 4.122042950091579e-05 0.0014769128083046514 0.00020584336783205977 4.748947152099887e-06 2.849637737822796e-05 1.096554381357195e-06 5.47443010232325e-07 1.29679619645011e-07 8.699706588861225e-06 2.1225020406001028e-07 1.2919558379899914e-05 7.27697559565073e-06 1.2994026533468183e-05 5.68450386053304e-06 1.6967311533792953e-05 2.544582108577084e-06 2.382075081233083e-05 1.419755761101989e-07 1.3883655059020157e-07 8.884186426345591e-06 4.2321134685939705e-05 3.559437618251428e-07 0.0 0.0 6.8334679818352055e-06 5.7920662799756417e-08 1.228673203969325e-05 3.8761288544303296e-07 1.4511919565133107e-06 0.0 1.9768255059502786e-06 4.69613566756261e-07 9.493166707510862e-07 0.0005580992413499642 2.2374390619213034e-06 3.7791931859894806e-07 5.959740050200505e-07 0.0 3.137443062188117e-05 3.5472265691649564e-05 0.00018793469742337486 3.031033803392885e-05 4.326977180606185e-06 9.38052084254729e-06 0.0004299804493913182 1.6746624759971163e-05 5.417248563516009e-07 7.378443035906693e-06 6.013944165460036e-07 0.0 5.404308359485111e-07 4.408331987443461e-06 1.6024226115964294e-06 2.191172601727708e-05 2.9321001575993015e-06 1.178309028946185e-05 4.952255328500422e-06 3.7294327449109306e-06 0.0 6.531226224539697e-06 4.4421435518204427e-07
0.0005252338160302136 6.634158602343443e-05 0.006578832492013662 1.7564851973334367e-06 4.2885690035952305e-07 1.0702858600772701e-05 0.0007671019185744103 0.0004989468810512288 1.91254803498594e-05 1.7568540394441372e-05 1.5490484228129473e-05 4.013486841432695e-07 6.638145934424626e-06 0.000993103572375657 5.219263188472003e-08 0.002328279463816932 0.0025630894734380853 5.519223213042983e-06 0.0001752136173500968 7.873133850478275e-07 0.007113530852190553 0.0002544655036651187 0.0 0.0003347484707012219 7.746396444665045e-06 0.0004975986462602304 0.005567884638647266 0.0016532868593510152 0.00023785784067004007 0.0019210801780299676 1.3935082758603983e-07 3.235017095980677e-06 4.1560270616350816e-05 0.0023998718470655653 0.00024323100295755014 0.00701869712307617 0.0035707023943050537 0.004463739317182032 0.0038498492918262227 0.00023223957111699793 1.4787752581933322e-05 8.0450354981313e-06 5.192526768250918e-05 3.4352730287427973e-07 6.748102676781725e-06 0.0001642585515008063 8.08016706902415e-08 0.0 5.976760153949281e-08 2.0783622410252712e-05 1.4670878252787072e-07 7.016516418348326e-06 5.874230536889975e-07 1.9310323077229986e-07 0.0 7.824745094763887e-07 9.499053366619624e-07 0.0 0.0010631574632952335 5.626143443005782e-06 6.151597885627476e-08 2.9673834756556743e-06 0.0 3.4273662040704635e-05 0.000337463325573581 0.0005774769833564871 2.1585520125484526e-05 2.5819071323108277e-07 1.4314229949924837e-05 0.0006961761751328687 2.5370742458582268e-05 8.121264155276306e-07 8.391945600800429e-06 0.0 0.0 9.399279673279145e-07 5.877575313214297e-06 1.1971311744906571e-05 7.664746993270122e-05 5.919842134595297e-06 1.4937422158852575e-05 9.883248335899193e-06 3.493120631715391e-06 0.0 2.1253889617092007e-07 6.054934969133248e-07
