0.0 1.3477551623724126e-07 0.00011480134180168411 8.358660424686259e-06 1.7034299755460943e-07 1.588205428395444e-05 0.0008049858422497352 0.00017048166004214244 5.061451937533523e-06 0.00011065219335344604 1.399177246189277e-05 5.7499112576563636e-06 3.3198798329719155e-07 0.0032350905683374126 1.1725139193877426e-07 2.0443336432150092e-07 0.00023165527599200788 1.1886492518107377e-05 9.030253195386982e-05 4.929230365765415e-06 0.0002451414703256756 3.539148344286072e-07 0.00033234872144428495 6.016850599106916e-05 6.813919829119204e-08 4.8630395775774147e-05 1.5506026726740548e-05 9.237878352811298e-05 0.0029162686305689617 0.0022641552764104678 0.0 5.403404613214238e-06 3.882521923163294e-05 0.00014084510335849403 1.6250843384797487e-06 8.829093932160038e-05 1.2042472199788206e-05 7.959382210933248e-05 1.582583470997796e-05 4.9937303698227854e-06 2.3251230563011763e-06 9.375642441884351e-08 1.2184820510449206e-06 1.9730614672876855e-07 0.0 2.711331064453203e-07 2.599209223904672e-07 0.0 7.725644827031017e-07 8.495816639066965e-06 9.181112113225731e-07 8.510639240666668e-07 1.404566652413225e-06 0.0 3.5595102497937763e-07 0.0 7.658767446583786e-08 0.0 7.683001237829776e-07 7.330712304091685e-08 0.0 0.0 1.646871915765539e-06 1.3208521911168194e-06 1.5223021233270732e-07 0.0 5.0723538928941694e-06 0.0 2.8256681327427425e-07 6.449087545214548e-07 1.081831937799879e-05 1.4138225323151444e-06 2.7257705186499015e-06 9.771429383798826e-08 0.0 0.0 5.654542379431917e-07 0.0 2.2992167399113433e-06 1.3361210312337596e-07 4.638270782302067e-07 0.0 2.586317302770346e-06 1.849086295389415e-07 0.0 0.0
1.3477551623724126e-07 0.0 6.490611788715505e-05 6.950295133866227e-08 2.423054054594201e-07 8.336214491823213e-07 9.528177624948342e-06 1.0557055063844644e-06 0.0002654151649167323 2.1571221970149747e-06 0.00038749578387061053 5.031061435853044e-06 0.000627204265636917 1.5341184624207686e-06 2.7034337107217592e-06 2.071380547208883e-05 9.118580730898799e-05 1.8251094728706198e-05 4.913192670694142e-05 2.2907622863565486e-07 7.230414707344621e-07 0.0008510544233451025 2.0242969258389326e-05 0.0003206623126628744 0.0009099751609689832 0.0005783577175188585 0.0034571143796893514 1.1525411164589521e-05 6.135256791136671e-07 2.409197501542295e-07 5.271031070330577e-05 4.494459367963076e-07 1.369891808000833e-07 0.00010529641168693471 2.2233088969591674e-06 5.4797256321331765e-05 0.0001920820277356589 0.0001927578055686264 4.244528538713168e-05 2.8603904498102503e-06 0.0 8.827886346384513e-05 1.0336312235713658e-07 1.6188243783510206e-07 9.654441140470023e-05 9.156005762144341e-05 1.2615942473100626e-07 0.0 0.0 1.1288093896186432e-06 7.238200133966659e-08 1.2180732222233485e-06 3.826630620154474e-07 4.471248228301556e-06 7.007059817378976e-08 1.3758519843076483e-05 0.0 0.0 8.629957784741944e-07 1.9450998100822865e-05 1.9781693429034084e-06 2.1110937009236534e-05 0.0 8.481159032699092e-08 8.500865788921113e-06 3.628343738996671e-06 3.081869210675856e-06 2.179070579593381e-05 0.0002989738600217783 0.0010153692367060121 8.036796728934383e-07 7.21016861912835e-08 0.0 2.3709859443237814e-06 0.0 0.0 5.154073907602207e-06 4.006381054839608e-07 8.294385429467934e-06 1.7966958493434365e-05 1.3798975799960368e-05 3.0714187828813044e-06 4.4301851232479056e-07 0.0 1.7988907970681576e-06 3.7613935553873256e-07
0.00011480134180168411 6.490611788715505e-05 0.0 2.5538735887723e-06 9.497428231771526e-08 6.264934672351521e-06 0.0007526547288781382 0.00013652458686305946 1.2355095820612863e-06 3.432182608284635e-05 9.74550231977151e-06 5.667966438388245e-07 0.0 0.0006907967349952892 0.0 9.15403981691243e-06 0.0020223528618373327 6.094040354291931e-05 0.00043302025732032564 3.3173158655109594e-07 0.00046444271345378295 1.6166440783162568e-05 0.008416570323458791 9.331852079423193e-06 0.0 0.0026327298887900484 0.0024027523873517333 0.00025812463940978395 2.7712136191726335e-05 0.00032721096901742433 0.0 1.5662910893506315e-06 1.7804625562750535e-06 0.0008162139401022466 1.1432153909144076e-05 0.00047852598269500126 0.0017959743065475652 0.0007604031862876883 0.0002754099309785829 1.6966132282296495e-05 1.4906077623034779e-06 1.372877664814577e-06 1.7506103341080662e-06 5.015704547061363e-07 8.904121430027829e-05 0.0006306174207018833 5.757014658986291e-08 0.0 6.702463449503238e-08 1.1361083400963629e-05 6.495418236507733e-07 4.4150103047450077e-07 8.235701247542714e-07 3.1146730862524997e-07 0.0 3.7095813045205066e-07 3.4863281898878803e-06 0.0 1.9507605591672093e-05 7.790548074656606e-05 1.4193077777918374e-07 1.0970648852145073e-05 0.0 1.3217037257617937e-05 3.9568187209465545e-05 0.00018177729453217056 6.503048251245914e-06 0.0 0.0001345746082349208 0.0011410546362332784 7.60316302318348e-06 9.811412461523932e-07 6.550463326338618e-06 0.0 1.058533273483572e-07 0.0 2.7187675226516714e-05 4.550795163348071e-06 5.733912622499528e-05 5.9991693243329646e-05 6.727885583446257e-05 2.2565595190859558e-05 7.426865347090717e-07 1.668038644868373e-07 0.0 5.907095750027387e-07
8.358660424686259e-06 6.950295133866227e-08 2.5538735887723e-06 0.0 1.70214978591783e-06 5.822459462138253e-05 0.00010050959182145261 3.7249042834480905e-05 0.0004784815845315658 0.002640723046092032 2.7811591568505136e-06 0.0009906955080828822 2.0195765869594484e-07 3.6410560167651345e-05 2.271242593267662e-05 1.1356614745315168e-06 1.1855620917260205e-06 5.613052699931825e-07 1.0463985922680832e-06 0.0027504393763210476 1.2306734862858887e-06 3.1903321973606124e-06 1.5330346070820574e-06 0.0009185772666579895 0.0 1.9309333449685697e-06 5.762461864167033e-06 0.001202649506086244 4.6098986642638004e-05 1.3556690671408649e-06 0.0 2.1355621953778344e-06 4.3005069933456225e-06 1.9670813897688364e-05 1.2520852124804045e-06 7.942689152971553e-05 4.767171959365395e-06 3.3816716774845806e-05 5.742701204943344e-06 5.778363056925333e-05 8.949825515135757e-07 7.752458483970454e-07 3.812475375729034e-07 1.407906080588522e-07 5.728625833593199e-07 1.865062420336567e-07 0.00010496098738950185 0.0 2.5035502886456375e-05 7.421909976380364e-05 1.8607964373986717e-05 0.0001410362143903429 0.00022674684090069258 3.2327361140457997e-07 0.00011488977075948157 1.1318592257160405e-06 9.796154989975478e-06 6.4046546143874445e-06 4.1084882523568393e-07 1.2961695723397474e-07 1.38630997486475e-07 0.0 0.0001672669333526031 5.118513975724848e-07 1.2213070106405144e-05 9.765263711734964e-08 0.00024287595832713543 1.3070667715531875e-06 2.680554750861484e-07 1.7801435879938245e-06 0.00019116381019713502 4.399695777193472e-06 3.4442069420000193e-07 0.0 5.258295099310772e-08 0.0 2.1995248258545135e-06 0.0 3.6311017803560244e-06 2.377379098778504e-07 4.218758050959809e-06 3.100234382558955e-07 2.573533505604e-05 4.0174954292378735e-07 8.548752366510005e-07 0.0
1.7034299755460943e-07 2.423054054594201e-07 9.497428231771526e-08 1.70214978591783e-06 0.0 0.00033822297473665635 4.302365114810815e-06 6.235565895894818e-05 7.405984435789867e-05 9.85976166879658e-06 8.995080609733517e-05 3.0341048691787455e-05 1.891053286013655e-06 9.828332746083703e-06 0.0006251254839744347 2.9307723247181545e-07 1.5249193365443283e-07 9.831989983479143e-06 5.405138102306575e-06 2.308413174634462e-06 4.959193480324441e-07 1.2072529695669882e-06 4.20064515471673e-07 7.169757030747482e-06 3.103312244842174e-07 9.196949199692153e-06 2.6092777077657778e-06 4.6060357525892585e-06 9.953437922603373e-06 1.7878666606822355e-06 6.022995863258091e-07 4.195243313232833e-05 8.426949612587046e-08 0.0003528585630783715 6.108479105058457e-07 0.00017295485345831017 1.627420998963303e-05 0.0003687135372012725 0.00011523160389200016 0.0010139540282919082 0.00014146545799458907 2.1970267516822952e-06 6.182009496126371e-07 5.62920210673142e-07 0.0 0.0 4.0147350875197407e-07 2.3349927678476908e-07 0.0 1.8223882603441381e-06 4.1532102023925704e-07 7.99916698929398e-07 1.5278826249732934e-07 5.8979618157858486e-08 0.0 1.2254546783105027e-07 3.688080854642496e-07 1.7106503487876918e-07 3.25231616401939e-07 0.0 0.0 0.0 8.514498603216234e-07 0.0 0.0 0.0 4.5584209770449305e-07 0.0 0.0 7.447330724335018e-08 2.6589825901850822e-06 0.0 2.2878716501855543e-07 0.0 0.0 0.0 0.0 2.256204502672768e-07 5.15872001061766e-06 2.508348427168924e-07 0.0 0.0 5.310716989662557e-07 0.0 0.0 0.0
1.588205428395444e-05 8.336214491823213e-07 6.264934672351521e-06 5.822459462138253e-05 0.00033822297473665635 0.0 0.0012588859858745627 0.004159122654625713 8.994289787241014e-05 0.0026369843197169493 5.663311995462006e-05 0.0033320472433856965 2.3010934729665814e-06 0.0006041347861679236 0.0015260431078373618 1.6972587168966254e-06 2.7197559686116325e-06 8.835036963688596e-06 5.330443369987759e-06 0.0002695086682056799 3.170385226839194e-06 5.083267358930405e-06 1.0840307388475977e-05 8.562464412622102e-05 3.235980463685454e-07 1.0896506356922077e-05 2.009308434176729e-05 0.0003080872176694983 0.00012115292985239233 1.1603921321717049e-05 1.738801988539087e-07 0.0001209661064139754 4.900082635135837e-06 0.00015479041664650636 2.2491191578270033e-06 0.00043802707044780364 3.452178833573096e-05 0.0003216510245052313 0.00012177367517200778 0.0014933877784040572 0.00011525576151827816 4.8370950414814086e-06 2.8492106883798125e-06 8.624687032178448e-07 7.699248432081729e-08 1.776469564196479e-07 8.248764794093528e-06 0.0 4.998574174908686e-06 4.409959637897504e-05 9.124954240378364e-06 1.212299389632445e-05 3.113391217984045e-05 0.0 1.2510004281164879e-05 0.0 6.060157564263022e-06 3.4640413814568327e-06 4.854693732042929e-07 0.0 6.172954164877867e-08 0.0 2.2722714633702783e-05 7.860070821959225e-07 1.0452965516606449e-06 5.713890436907299e-07 3.069722037357576e-05 6.295265751057433e-08 4.855004014027302e-08 7.656955358939258e-07 4.987931183547824e-05 2.0225329210219098e-06 2.404132764314953e-06 1.1378265073781589e-07 5.2967750391216084e-08 1.0136196120800815e-07 6.18644665728745e-07 4.918504485550015e-07 1.7958212400571174e-05 4.340011858454628e-07 2.6361313234470994e-06 7.77707312226067e-07 6.233610389318019e-06 5.708195539040707e-08 0.0 0.0
0.0008049858422497352 9.528177624948342e-06 0.0007526547288781382 0.00010050959182145261 4.302365114810815e-06 0.0012588859858745627 0.0 0.0012193296529556695 0.0001469850336793176 0.007614740595884879 2.456858083535921e-05 2.657617232215483e-05 5.677673819211177e-07 0.005432757775310719 4.634770457796789e-06 5.1129091258023454e-05 0.00017357989256189845 1.809981061219542e-05 7.084637348661889e-05 9.951596303325867e-06 0.0007795840170108725 7.305848171908051e-05 0.0010621883594218381 0.0007625657132620309 4.05053399914101e-07 0.00016105666653344695 0.0004844507851059048 0.006704369827779437 0.0007405186230477932 0.004307966592931366 1.832349231297821e-07 2.2887942117384716e-05 0.00011733885653554585 0.00022543552491350777 1.5574813786887385e-05 0.0006448117177321264 6.308600993516566e-05 0.0004925046689931091 0.00013883458305312434 4.6496035362428816e-05 1.0413761234671825e-05 2.385436029908351e-06 5.579639642277463e-06 5.694301594056521e-06 1.0576646260344364e-06 6.925375049674089e-06 1.4478150845405161e-05 9.79682214731162e-08 1.3008271673792325e-05 0.0002722534061017199 4.4164722085061204e-05 4.437726149628108e-05 8.315047032201037e-05 1.947747351176397e-06 3.605820579803175e-05 0.0 3.663501867916597e-05 7.500810957359129e-07 1.2933876223479703e-05 4.996139196291556e-07 6.291612976713292e-07 4.977105814591561e-07 4.080097254057279e-05 1.1371109448090192e-05 8.548869520496402e-06 1.4184795043037862e-05 0.00014157460734083265 7.079430081559853e-08 1.925403349076011e-06 3.788061052503681e-05 0.00024384006377785506 1.3698489440567998e-05 3.112347682872168e-05 5.601501967901037e-08 6.379437077818105e-07 1.452291147965967e-07 5.141596641680802e-06 3.0528707191527156e-06 3.1721000346201864e-05 9.391514651010203e-07 1.4977770773500398e-05 1.8397581451423732e-06 2.8928795901210858e-05 1.4299413905277855e-06 2.3482718775558455e-07 1.9250221156780945e-07
0.00017048166004214244 1.0557055063844644e-06 0.00013652458686305946 3.7249042834480905e-05 6.235565895894818e-05 0.004159122654625713 0.0012193296529556695 0.0 0.0001738010192124412 0.0025007827275889804 0.00019831798380260039 0.0011880947017352565 4.847998462321586e-06 0.005160105394960125 0.0001192652669088655 2.9803225946060738e-06 8.928739945621613e-05 3.3711140978234725e-05 5.8164066661928135e-05 0.0002265447590093 9.695278415572006e-05 5.52793176908004e-06 9.690329723451551e-05 0.0002238517824142885 3.539194045043209e-06 5.7421012762586525e-05 2.8835050152588355e-05 0.00028132613320065367 0.0008648363369487948 0.0002025724497011716 1.1850132296739743e-06 0.0004913801951181031 2.5264138329934983e-06 0.0003960960607655061 1.437312157496057e-06 0.0005363322658963443 8.00602278497866e-05 0.0006122996947222373 0.00016669449328919684 0.0004614390351743843 8.08709827912438e-05 6.031486345405122e-06 2.0094865783126223e-06 2.3528039751454668e-06 1.0403559982806042e-07 1.5349171043567848e-07 1.007372139613298e-05 0.0 7.559270539003232e-06 0.00020472587213079876 2.601183196411735e-05 3.723893410322286e-05 5.2764168772479795e-05 1.389767178745036e-06 2.0212699849726598e-05 6.893770211686457e-07 2.3296686500691104e-05 1.6928072739713832e-06 1.9061013671821892e-06 1.65280605094517e-07 2.5625941734099545e-07 2.1951179867971834e-07 3.523288182734221e-05 2.0386006872890783e-06 3.534878736284718e-07 1.196140917731738e-06 9.451833519397768e-05 0.0 3.6699120170489504e-07 2.4026048509149096e-06 0.0001666320953956241 9.14785116790586e-06 1.3268205496843511e-05 0.0 3.847731527022123e-07 1.9643619367059618e-07 2.7109149659649867e-06 3.0223489860006435e-07 3.506924075633869e-05 1.7237380801916166e-06 9.099568724327976e-06 1.4374991837701633e-06 1.9375757934785937e-05 6.428655207872405e-07 7.724303691217645e-08 2.8860647630269116e-07
5.061451937533523e-06 0.0002654151649167323 1.2355095820612863e-06 0.0004784815845315658 7.405984435789867e-05 8.994289787241014e-05 0.0001469850336793176 0.0001738010192124412 0.0 0.00021492946561082958 1.9491085214272152e-05 0.00044684909191490665 6.8541369568039e-05 0.00015936426688038671 0.0010874741681972766 0.00014091027985454807 3.6468209889779744e-06 4.473308013072778e-06 2.320473396167226e-06 0.00023501439483433842 3.6481075116982376e-05 0.0013033020644952903 3.171966061369616e-05 0.003664997939488409 0.00011528583364231007 7.943876780248119e-05 0.00036219303812634975 0.0009282453176606808 3.866723463184637e-05 3.256350051414494e-05 1.3778170355970439e-05 4.6516647678420774e-06 1.9725122588495677e-06 2.8188029402256747e-05 1.420030694403716e-06 0.00021957944160002753 3.131581700710266e-05 5.978726859195012e-05 1.1939418284730448e-05 0.000366950933595842 7.5773452883700325e-06 8.271483505987492e-07 5.426195533281465e-08 5.17804510712045e-06 1.2732055613765005e-06 1.2228110509349103e-06 8.607944386830265e-05 2.3078153167167571e-07 1.223330275217735e-05 0.0001847293619797619 2.4271331826746865e-05 0.00012158057838430825 9.608018625782088e-05 1.7531735865926453e-06 3.4152267458786144e-05 2.278817753330653e-06 2.9764188746556055e-05 1.244083244826501e-05 0.000378379302464453 3.6382629881921857e-07 4.0096798936727394e-07 4.701608985273057e-07 8.217813786015916e-05 0.00011228520870727795 1.3311579334495134e-05 8.217653700584608e-05 0.0006877524122361672 1.0337086008906115e-06 3.958296202310999e-06 1.2232872212054481e-05 0.0004887270246685879 1.2470573151880526e-05 5.68324243981516e-05 9.729299600602906e-07 5.956633887521127e-07 3.475577618562804e-07 1.9490813016992197e-06 4.7260195222322026e-07 2.561783144619222e-05 5.93947146133434e-06 9.67080370171151e-06 2.1162180387594444e-06 3.838960127103768e-05 1.479963069654105e-06 3.614082575927904e-07 2.280112246927311e-07
0.00011065219335344604 2.1571221970149747e-06 3.432182608284635e-05 0.002640723046092032 9.85976166879658e-06 0.0026369843197169493 0.007614740595884879 0.0025007827275889804 0.00021492946561082958 0.0 5.114475455638086e-05 0.002594154689265891 2.8575602002776337e-06 0.001172230641066393 1.2391483939381756e-05 3.348393903574758e-06 7.660260326141336e-06 1.9363023201874294e-05 1.8481968692168663e-05 0.0018128549796974198 2.1806200501973278e-05 1.2790984504126849e-05 3.173268556040429e-05 0.0005236982601268214 2.757230149820227e-07 3.290308868745143e-05 5.661587305464042e-05 0.004293741610340683 0.0006996272788609072 1.208195736974048e-05 3.6688613570420443e-07 3.871109684721302e-05 2.599377646138173e-05 0.00026642760714035277 1.0169818697619667e-05 0.0006165052302842894 3.814261381390582e-05 0.0006153029802220359 7.298705060079593e-05 5.9276437141486224e-05 1.8755407797268985e-05 2.315996880219459e-06 8.021618477656704e-06 1.3385791688683297e-06 2.015893126362091e-07 6.050228425301091e-07 0.00012554815484677154 7.860417430072582e-08 4.562424012987311e-05 0.00021076193967623958 5.109755621682913e-05 0.00010354364664494941 0.0003685543201864904 1.3449589430508483e-06 0.00010085355010357035 7.483875342995295e-08 3.218034239538048e-05 7.998913039454613e-06 2.5655914209964176e-06 9.058147633710793e-08 2.1783030302480843e-07 4.940591526916728e-07 0.00021288239655237106 1.7183524517962662e-06 1.1662697153843983e-06 2.7576367537774207e-06 0.0002589448810752552 8.078366210456216e-08 4.074061695703804e-07 3.5377624980244576e-06 0.0002838428169778591 1.0435823473907686e-05 2.7771267433725503e-06 0.0 3.998886947784977e-07 1.6311574988175707e-07 5.674582674354388e-06 9.632190176780139e-07 2.0816939189168326e-05 2.4303257862320946e-06 9.912223109332315e-06 1.936796848475646e-06 2.4408305930871162e-05 1.0241645855086287e-06 3.410142873929442e-06 3.5339535124439853e-06
1.399177246189277e-05 0.00038749578387061053 9.74550231977151e-06 2.7811591568505136e-06 8.995080609733517e-05 5.663311995462006e-05 2.456858083535921e-05 0.00019831798380260039 1.9491085214272152e-05 5.114475455638086e-05 0.0 5.5488638593669685e-05 0.0009354398819292557 0.0002606881503294576 9.778772724095626e-07 1.890547566790837e-06 4.545775501162514e-05 0.002934165162890039 0.0006462955910253516 1.2831364664633047e-05 1.5700598395244484e-05 7.146618930585795e-05 1.712194279434926e-05 2.660417435420948e-05 0.000847537920087907 0.0011723484694265048 0.00046968872984410584 2.403078880253078e-05 0.0002881211856735812 1.8011501583913744e-05 0.00015503396027114838 0.0002467153648823806 2.638267837173896e-06 0.0035655102254737964 9.021891798894247e-06 0.0006900563166987128 0.002446880662858715 0.002096183570934416 0.0005447441683869857 2.1356773585324952e-05 2.4818477771176153e-05 0.0005608168333525503 4.1028264476825695e-06 1.6478990481646994e-07 9.996263790813207e-06 7.245501774709535e-07 1.4077400817252644e-07 0.0 6.113455029785358e-07 2.008785394318107e-05 2.7352337949914106e-06 2.0242727605255485e-06 4.594271322556896e-06 0.0002710830224611097 2.581147108747772e-06 0.0006485119961192931 3.4163597534008008e-06 0.0 4.886820374001443e-07 4.143654121229114e-07 3.5311334852972256e-05 2.0122246847095046e-06 1.0513860587565095e-06 9.404922722917101e-07 1.0725975826836793e-06 1.6394353265620825e-07 1.0931252787789139e-05 9.287492107716592e-05 0.00010482357444975234 0.0001331106228711554 1.6150086462356886e-05 6.352685637146034e-07 4.0284225153520556e-06 7.774764416465297e-05 0.0 0.0 4.7193325480131745e-06 4.132719023826829e-06 3.7476167674981326e-05 0.0003059299758582676 2.149743325944896e-05 2.082914630059943e-06 3.332267993296979e-06 7.595890381171934e-08 0.00012920709848671032 7.42299132974584e-08
5.7499112576563636e-06 5.031061435853044e-06 5.667966438388245e-07 0.0009906955080828822 3.0341048691787455e-05 0.0033320472433856965 2.657617232215483e-05 0.0011880947017352565 0.00044684909191490665 0.002594154689265891 5.5488638593669685e-05 0.0 2.790749108354528e-06 0.0003996977522901175 0.0005695335664035783 4.229648504526558e-07 6.742377472056499e-07 1.4550681561831314e-05 7.4524882264166806e-06 0.0022679547571660334 6.941595114791324e-07 2.9731769155239256e-05 1.1541543118860154e-06 0.0002752242141459642 2.5080784458716585e-06 2.0112821739834056e-05 1.4558198601420186e-05 0.00019952704496518906 0.0001805499143158956 9.398331750929903e-07 4.786300512858821e-07 3.216315944359856e-05 6.332264446330023e-07 0.00010791824891843208 3.428566780455811e-06 0.0003216970238027532 1.0481009634568723e-05 0.00017399907327330993 1.4291932041638578e-05 0.0006223676414184819 4.138423567213244e-06 1.6328695896883294e-05 6.89634497040578e-07 6.948614894971031e-07 1.0496863955962602e-07 0.0 4.6989359941285064e-05 7.032354882256361e-07 9.377868496410502e-06 2.847061678109377e-05 6.003644987638093e-06 5.338245882324793e-05 7.12914327058359e-05 2.252535386011428e-07 7.815079206814544e-05 1.9764597810950534e-07 5.306818165745978e-06 1.5922235383490983e-05 0.0 0.0 0.0 0.0 7.127717067680199e-05 1.530937394851779e-07 4.650826078347236e-07 0.0 8.410198275168901e-05 0.0 0.0 4.70752068529332e-07 4.154974419037998e-05 1.8049042946256725e-06 3.003586540380033e-07 9.024779108870789e-08 6.441507729811576e-08 1.249277691203062e-07 2.7900338388812943e-06 2.0798959465047004e-07 1.2306363612485172e-05 9.460011963649495e-07 9.949421198638084e-07 4.731060327734716e-07 6.403215652042261e-05 0.0 0.0 0.0
3.3198798329719155e-07 0.000627204265636917 0.0 2.0195765869594484e-07 1.891053286013655e-06 2.3010934729665814e-06 5.677673819211177e-07 4.847998462321586e-06 6.8541369568039e-05 2.8575602002776337e-06 0.0009354398819292557 2.790749108354528e-06 0.0 4.7492524664528074e-06 8.371963621548888e-07 0.0 2.922597080540824e-07 5.61656582651102e-05 1.2434905658246423e-06 5.632126404523162e-07 1.9436598179046734e-07 0.00020331849125142918 4.923654535890307e-07 6.376552160125878e-05 0.0021697126992163804 0.00044065670127708164 0.0006240993282418872 1.9223216054924575e-06 4.169315964547219e-06 1.4948360171369704e-07 0.0001643644457509412 5.322873475437131e-06 0.0 0.00043887156493355054 6.6457614663101815e-06 0.0003481256599323306 0.0012206577676769892 0.0007921288437768512 0.00017806083493729867 1.2730925995497298e-05 2.8222162312338505e-06 0.0002494134672052131 1.0068350413651248e-06 0.0 2.2213737787553228e-05 5.140619757466172e-07 5.832312329551853e-08 0.0 0.0 7.541235677324768e-07 4.009888879935578e-07 4.757890326991351e-07 6.331427568700784e-08 0.00025073195175427676 0.0 0.0007791322027436919 2.1888113622475053e-07 0.0 0.0 1.4197245956972788e-07 5.4093722599139845e-05 2.8038473379209127e-06 5.913931101828522e-08 1.8429540184954752e-07 1.311692375618592e-06 9.886419789508439e-08 9.626750538802794e-07 0.0001582512477396205 0.0002075048828680115 0.00022065541895154129 4.160471964328805e-07 4.926114676346903e-07 4.763055387394719e-08 0.00012070440399249499 1.8982558869853008e-07 0.0 8.991171950672948e-06 3.0346717770569222e-06 7.510411434114773e-05 0.0002879315395217491 2.1234634299570618e-05 3.5948678566788926e-06 1.2840141337169122e-05 4.5870737219790444e-07 7.059179263841464e-05 0.0
0.0032350905683374126 1.5341184624207686e-06 0.0006907967349952892 3.6410560167651345e-05 9.828332746083703e-06 0.0006041347861679236 0.005432757775310719 0.005160105394960125 0.00015936426688038671 0.001172230641066393 0.0002606881503294576 0.0003996977522901175 4.7492524664528074e-06 0.0 6.688981255417994e-06 2.3131931691888983e-06 0.0004659799829858508 6.768067242529537e-05 0.00024562567672641565 0.00010458356914550305 0.0005359675369465099 4.717846516241793e-06 0.0006472650122987912 0.0003306710892197405 4.913016264705788e-07 0.00022583161420605373 6.808411032054195e-05 0.0003981846042003058 0.0032841165398484152 0.001880065667428118 1.2417738453708194e-06 0.00022538843090721698 7.408172058781437e-06 0.0005065184501331812 1.043329762667793e-06 0.00021505972471454903 6.743770918383777e-05 0.0004961671816041671 3.507567491757521e-05 2.646288286745111e-05 4.6078277365191245e-06 2.680293247141265e-06 1.3261718462881854e-06 2.146478063912332e-06 4.616638439266252e-08 2.3727054935971837e-06 8.300362179015996e-06 1.1395200244060714e-07 8.421912901545524e-06 0.00018092239375620814 2.8553787034345857e-05 3.282446958746372e-05 4.882673229019154e-05 1.500129844341811e-06 2.007857060552175e-05 1.1143116448633809e-07 1.9261505655589395e-05 8.764712802029137e-07 1.9942014536094986e-06 1.248870021442574e-07 6.471577149367622e-08 0.0 2.421708167962639e-05 2.133789018435285e-06 5.032398357302552e-07 1.938115051754779e-06 8.494958875245817e-05 0.0 1.155363088252641e-06 4.867657679275788e-06 0.00014822429074566842 7.938817267677349e-06 1.4624964143574956e-05 0.0 3.780004967799284e-07 1.7392470502318563e-07 2.486574669799197e-06 3.103738743794215e-07 2.2865551064509683e-05 9.846400030386582e-07 9.231826950847753e-06 1.5793870096765429e-06 1.4839845666418153e-05 1.9010905063114286e-06 0.0 4.138350417580403e-07
1.1725139193877426e-07 2.7034337107217592e-06 0.0 2.271242593267662e-05 0.0006251254839744347 0.0015260431078373618 4.634770457796789e-06 0.0001192652669088655 0.0010874741681972766 1.2391483939381756e-05 9.778772724095626e-07 0.0005695335664035783 8.371963621548888e-07 6.688981255417994e-06 0.0 0.0 7.927946726868834e-08 0.0 6.563263321938714e-08 2.2822972666943353e-05 0.0 1.4510883929438759e-05 2.974682754361383e-07 0.00012586520679591252 1.9088997625188143e-06 1.4849856188343377e-06 2.9127007150302317e-06 1.404026950496418e-05 1.4684049125270252e-06 0.0 7.186091234515958e-08 0.0001015245057361729 0.0 1.5672142339867688e-05 1.6209866978401073e-06 0.00010784720872347371 2.700722378191826e-06 2.718930792614408e-06 1.7535497485432142e-06 0.0009730268102452252 4.452489809641064e-05 6.6986444808985615e-06 0.0 0.0 1.0909443516965447e-07 1.4487773277264605e-07 5.5911671886457296e-06 0.0 1.7081955062616426e-06 2.2753094486232007e-06 0.0 1.1163550500142919e-05 7.009920850863441e-06 0.0 9.01455014167848e-06 8.263407425925103e-08 0.0 2.0355678374317007e-06 0.0 0.0 0.0 0.0 1.0766818830187404e-05 0.0 0.0 0.0 1.0768644768833925e-05 0.0 7.380857327745212e-07 7.713827732993323e-08 3.1397971829587597e-06 0.0 5.2546855788170336e-08 0.0 0.0 0.0 2.059819054561574e-06 8.625249494768711e-05 1.1734499766748884e-05 0.0 1.0084419556581006e-05 3.109257970632643e-05 2.002047249106528e-05 1.129745524620613e-06 0.0 1.6096247373363215e-06
2.0443336432150092e-07 2.071380547208883e-05 9.15403981691243e-06 1.1356614745315168e-06 2.9307723247181545e-07 1.6972587168966254e-06 5.1129091258023454e-05 2.9803225946060738e-06 0.00014091027985454807 3.348393903574758e-06 1.890547566790837e-06 4.229648504526558e-07 0.0 2.3131931691888983e-06 0.0 0.0 1.7459526542484032e-05 1.2151286741689944e-06 1.0518438905490958e-05 2.39073028343451e-07 0.0009629560172813127 0.0021211640520366064 0.0016614925859652708 0.0011166484218658804 4.009241493250567e-07 1.0301824262145729e-05 0.0008792170395959181 0.001203162179249243 3.469287864791122e-06 0.0001420285046539415 0.0 2.566503362263582e-07 1.46928304562549e-06 0.00015568183946830345 6.704121216824112e-05 0.0010018893523541742 0.0002785254221354774 0.0005062150116584465 0.0006250859774306859 3.0337652873736143e-05 1.049857088434865e-06 5.21717498710336e-07 1.0708964984523696e-05 5.146715623855033e-06 9.129088122770894e-07 3.79144953249931e-06 3.7391592111234947e-07 0.0 1.345810559851493e-07 1.0728585530581663e-05 7.12200283925042e-07 3.5362605502571983e-06 6.123643665204637e-07 0.0 2.7749283908503857e-07 1.0042360134165971e-07 1.3459085427011162e-06 0.0 0.001366996942598018 9.809602194626704e-07 0.0 5.194851381813539e-08 0.0 0.00045051054822608193 0.0007219355512114244 0.0009253420760165097 2.9378875839979124e-05 0.0 1.5195484029119132e-06 0.0002637072954574621 0.00011008624845519239 5.595247301262009e-06 0.00010603532304867284 0.0 2.622866593201739e-07 5.709528725737835e-07 2.8657370387190596e-06 2.695139349703628e-06 3.116602561916064e-05 3.0789767226716354e-06 8.665777719333211e-06 6.153517811833578e-06 8.435125878159196e-07 1.7742728103792567e-07 0.0 7.750922128520142e-08
0.00023165527599200788 9.118580730898799e-05 0.0020223528618373327 1.1855620917260205e-06 1.5249193365443283e-07 2.7197559686116325e-06 0.00017357989256189845 8.928739945621613e-05 3.6468209889779744e-06 7.660260326141336e-06 4.545775501162514e-05 6.742377472056499e-07 2.922597080540824e-07 0.0004659799829858508 7.927946726868834e-08 1.7459526542484032e-05 0.0 2.1012451402435367e-05 0.0011750385177180804 2.323475653029178e-07 0.00021751196920295816 2.7342132838952227e-05 0.0012028290444393963 1.2482165845475223e-05 1.8570798201048801e-07 0.0022337079161758506 0.0024818726176351505 3.7368976160542046e-05 0.00015181825813622893 0.0004442336649440069 1.1524902287924442e-07 1.683620227198958e-06 1.7483271374264025e-05 0.0005104821624058942 1.3105288896748349e-05 0.0005793156932994614 0.0007412901257372856 0.00043662483985858 0.0003958652991998828 1.2661545340645933e-05 6.138268973291815e-07 1.1149214531005353e-06 2.4108442919773995e-06 3.6321904850997295e-07 1.220930701253823e-05 4.779853408329455e-05 0.0 0.0 0.0 2.149659460104005e-06 3.8731762484455677e-07 6.927179192643218e-08 3.2435638761745446e-07 4.205443623194953e-07 0.0 0.0 1.733484607081418e-07 1.003042224908813e-07 3.5718417005018297e-06 1.5504172673091265e-05 2.2293163283195927e-07 7.935609275252608e-06 0.0 2.849410792948523e-06 1.5418627890032293e-06 5.436418056804685e-06 2.0510373016964576e-06 2.2044443873504816e-07 5.7720332764668085e-05 0.00017621705579609612 3.155340485187652e-06 2.769832874112042e-07 2.184870185972475e-06 0.0 0.0 9.92721518697852e-08 3.4836665770816773e-06 5.095244105860905e-06 8.977098835273113e-06 8.615436165992863e-06 9.825598849609836e-06 2.952909711968034e-06 4.151558917820238e-07 0.0 1.4953444053088738e-07 1.7399261889733758e-07
1.1886492518107377e-05 1.8251094728706198e-05 6.094040354291931e-05 5.613052699931825e-07 9.831989983479143e-06 8.835036963688596e-06 1.809981061219542e-05 3.3711140978234725e-05 4.473308013072778e-06 1.9363023201874294e-05 0.002934165162890039 1.4550681561831314e-05 5.61656582651102e-05 6.768067242529537e-05 0.0 1.2151286741689944e-06 2.1012451402435367e-05 0.0 0.0004161558222831905 3.8135374398312014e-06 6.387037791847356e-06 5.416266198922268e-06 2.5686853733567193e-05 6.475425214402263e-06 2.7612398075096648e-05 0.002050530150025129 0.00026180521413155796 1.0386285807143731e-05 4.2536105070505316e-05 9.658549401839504e-06 3.8129417303953065e-05 3.4290320941875315e-05 8.783716208011445e-07 0.0006721571017951496 8.839730153005468e-06 0.0005630888762961478 0.0007425144299564332 0.0012918083361544036 0.0003052897132156433 1.1873452001789441e-05 1.8959155783458839e-06 9.628189670788329e-06 1.832511641956651e-06 9.488916016118965e-08 9.77573335063391e-06 3.1383619145101684e-06 1.3749632109396182e-07 0.0 8.664183215431445e-08 5.545635943081875e-06 6.616662243053086e-07 7.085893201560072e-07 1.0348986235600855e-06 1.3145090508139874e-05 4.68050821163082e-07 6.917236453143072e-05 4.53391664939579e-07 0.0 3.885407584697407e-07 8.996510275165371e-07 2.0475866498419304e-05 5.119968677320192e-06 1.8629351657758995e-07 3.036922469402585e-07 3.5425910221556107e-07 6.290826236247409e-08 2.4794630040528834e-06 1.2243361923582161e-05 0.00016876150230163853 0.00023467245956677822 4.5419992619442084e-06 1.5078695035940067e-07 7.65087375211032e-07 3.409093607460344e-05 0.0 0.0 3.617942249336766e-07 3.1426817795777473e-06 1.370035291769475e-05 4.4730472372073925e-05 1.208158866841298e-06 1.3593164636192134e-07 1.171821511395195e-06 0.0 1.3007023449381224e-07 0.0
9.030253195386982e-05 4.913192670694142e-05 0.00043302025732032564 1.0463985922680832e-06 5.405138102306575e-06 5.330443369987759e-06 7.084637348661889e-05 5.8164066661928135e-05 2.320473396167226e-06 1.8481968692168663e-05 0.0006462955910253516 7.4524882264166806e-06 1.2434905658246423e-06 0.00024562567672641565 6.563263321938714e-08 1.0518438905490958e-05 0.0011750385177180804 0.0004161558222831905 0.0 2.510701143535038e-06 6.3471389121385e-05 3.4670714380214064e-06 0.00032607874515375586 6.695499619555687e-06 1.942752774891821e-06 0.001577245200403934 0.0005345891591638218 1.6940135306013847e-05 9.350001939944979e-05 0.00012962316444572206 4.1489711474190176e-07 1.5536747023487402e-05 1.0225016867889697e-05 0.0018446622023134275 6.278554781383191e-06 0.0005116987077546851 0.0005920003269370575 0.001253741373577984 0.0003374974604646103 1.2895470507986695e-05 9.99496652612798e-07 1.1150606825376904e-06 1.4004023635408443e-06 0.0 6.502510211538165e-06 8.352433659889336e-06 1.210095653471385e-07 0.0 0.0 4.145274133356421e-06 0.0 6.381306896474467e-07 1.2057304384735867e-06 1.7330275195747997e-06 2.581100293338022e-07 3.5478688223433966e-06 1.7767351268509148e-07 0.0 1.5277720301180073e-06 2.7037127291428e-06 2.1083275594592557e-06 5.5212191622917576e-06 3.7331366231520393e-07 1.289748294000567e-06 2.219942233068825e-07 7.525673794591758e-07 1.0213794416596434e-06 1.1137699725427314e-06 6.247943592251939e-05 8.248378999945675e-05 3.385288154565245e-06 3.9239105280960355e-07 5.322259106450042e-07 3.129088608724369e-06 0.0 0.0 1.077761199811752e-06 2.201426112353169e-06 7.711759781504348e-06 8.457527855518005e-06 3.1332471999899665e-06 9.385375002310136e-08 1.2820490819834315e-06 0.0 0.0 7.764848624913306e-08
4.929230365765415e-06 2.2907622863565486e-07 3.3173158655109594e-07 0.0027504393763210476 2.308413174634462e-06 0.0002695086682056799 9.951596303325867e-06 0.0002265447590093 0.00023501439483433842 0.0018128549796974198 1.2831364664633047e-05 0.0022679547571660334 5.632126404523162e-07 0.00010458356914550305 2.2822972666943353e-05 2.39073028343451e-07 2.323475653029178e-07 3.8135374398312014e-06 2.510701143535038e-06 0.0 2.271510015304763e-07 2.4118466355682475e-06 6.579510649416074e-07 0.00017603630347522736 2.1500314743034154e-06 5.544581694870542e-06 3.0801032811957153e-06 0.0005649286420395795 6.890724169848796e-05 7.383875060959181e-07 1.6343202256881855e-07 7.091598690846916e-06 7.922435058352111e-07 4.1181731775925064e-05 1.8691400860461148e-06 0.0001218814213038369 3.388055233048375e-06 7.884739666116874e-05 1.0513199651855692e-05 0.00010624560305904599 2.0722097950187807e-06 1.6823074106673137e-06 9.14611615116213e-07 7.898023411181192e-08 1.4947265946653096e-07 6.553522323903508e-08 5.4478823028948144e-05 1.5656010927380397e-07 1.7092837318379496e-05 6.15852099225934e-05 1.5399404946334514e-05 4.836202647490767e-05 0.0001442002528962243 3.098141411337622e-07 6.26275155504338e-05 0.0 1.0468852580365726e-05 1.3660798683688936e-05 1.988613269297858e-07 5.4227698638561824e-08 2.077819362009035e-07 5.5327620961951014e-08 0.00011314956714191042 0.0 3.9371706309787555e-07 1.6510709675887373e-07 0.0001146989865428907 0.0 0.0 1.2343236716161942e-07 9.402199972969361e-05 3.734981604150769e-06 2.875772966730338e-07 0.0 1.4287805042559e-07 0.0 7.374897355717361e-07 0.0 6.34614703606827e-06 0.0 3.588342227315399e-06 1.5603954296699636e-06 3.203022045298724e-05 4.035575627524019e-07 1.130067592613093e-07 0.0
0.0002451414703256756 7.230414707344621e-07 0.00046444271345378295 1.2306734862858887e-06 4.959193480324441e-07 3.170385226839194e-06 0.0007795840170108725 9.695278415572006e-05 3.6481075116982376e-05 2.1806200501973278e-05 1.5700598395244484e-05 6.941595114791324e-07 1.9436598179046734e-07 0.0005359675369465099 0.0 0.0009629560172813127 0.00021751196920295816 6.387037791847356e-06 6.3471389121385e-05 2.271510015304763e-07 0.0 0.00015356020795259673 0.00701536286092813 8.068969711576094e-05 0.0 6.749909204187882e-05 0.00048717585875351086 0.0013316220612752292 0.00032484087642942276 0.006682673308650507 6.796656924326745e-08 2.881207098057323e-06 6.386012258153145e-05 0.0025204845378442326 0.00013557046099488357 0.0020819337125614294 0.0006067806450869296 0.002531890041794942 0.0016224612969216136 6.45326133616739e-05 6.106013777692491e-06 5.971400991855062e-07 2.3057351044931245e-05 4.958082251604426e-06 3.149946379215256e-07 1.664814594340649e-06 8.511705843314535e-08 0.0 0.0 9.841941375525706e-06 7.584623419268544e-07 3.6560156118354915e-06 7.09666989394758e-07 0.0 0.0 0.0 7.76146221257607e-07 6.664144001905301e-07 0.0003911518756651774 3.873313870296086e-07 5.2018670320054785e-08 0.0 8.932818047866426e-08 0.000303952808223914 0.00013603622437569155 0.00015492806825958131 1.5784294866669432e-05 0.0 3.2668849401234435e-07 1.6015006703687283e-05 8.88691151475479e-05 1.0062962227327991e-05 0.00011397457287261762 0.0 0.0 1.1505172492587843e-07 1.422558699885147e-06 6.6937062944900095e-06 3.194747398532965e-05 1.04738203117298e-06 3.05302837366434e-06 1.908161418404235e-06 1.0912078671204835e-06 1.8506663487748388e-07 1.4635419895945134e-07 2.148853153265956e-07
3.539148344286072e-07 0.0008510544233451025 1.6166440783162568e-05 3.1903321973606124e-06 1.2072529695669882e-06 5.083267358930405e-06 7.305848171908051e-05 5.52793176908004e-06 0.0013033020644952903 1.2790984504126849e-05 7.146618930585795e-05 2.9731769155239256e-05 0.00020331849125142918 4.717846516241793e-06 1.4510883929438759e-05 0.0021211640520366064 2.7342132838952227e-05 5.416266198922268e-06 3.4670714380214064e-06 2.4118466355682475e-06 0.00015356020795259673 0.0 0.00032087331247682567 0.003069420486877885 0.000341961999705414 0.00012694159486804864 0.0026664326473053003 0.0002546721141661593 2.720147860042502e-06 7.675071721707556e-05 2.9519677532392254e-05 2.5814460132819654e-07 7.283589587724603e-07 6.150288644561867e-05 4.419354892008192e-06 0.00014858186417639167 7.280124297949987e-05 0.00010304342420048795 4.601607128956656e-05 1.6597637018981137e-05 1.5988127935048191e-06 7.513237517688756e-06 1.0668624551835332e-06 3.466794644464745e-07 1.1101371731286826e-05 0.00014364520307445916 6.408150307089234e-08 0.0 0.0 9.5121492179087e-06 1.3687896785764524e-07 1.383917601290268e-05 1.2695402549619414e-06 2.0560745234353903e-06 4.425445851261048e-07 6.819138330676145e-06 1.225807676802785e-06 2.2662939295686282e-07 0.0005541651476763537 4.066445736246579e-06 7.896481771122875e-07 9.469263180661998e-07 8.1245166033586e-07 9.087017654636955e-05 0.00021407369090281002 0.000417679526257592 4.170417017954356e-05 2.7420072102985426e-06 8.702377022584242e-06 0.0009357936111273955 3.447953749948492e-05 1.2237491177053527e-06 1.6125823286025872e-05 1.877912122337854e-06 0.0 1.3701193125959286e-07 2.8142182301445453e-06 1.7769811497782682e-07 2.0860580632264037e-05 9.373843152761061e-06 1.1703911984878425e-05 9.431717417439573e-06 1.1983942079729328e-06 3.6556640033283405e-07 0.0 3.311468246913832e-07
0.00033234872144428495 2.0242969258389326e-05 0.008416570323458791 1.5330346070820574e-06 4.20064515471673e-07 1.0840307388475977e-05 0.0010621883594218381 9.690329723451551e-05 3.171966061369616e-05 3.173268556040429e-05 1.712194279434926e-05 1.1541543118860154e-06 4.923654535890307e-07 0.0006472650122987912 2.974682754361383e-07 0.0016614925859652708 0.0012028290444393963 2.5686853733567193e-05 0.00032607874515375586 6.579510649416074e-07 0.00701536286092813 0.00032087331247682567 0.0 0.00021278345490166226 0.0 0.00046340901381008087 0.005161565495346535 0.0029786585289916763 0.0001354698887406273 0.003807930292285481 7.198353745514191e-08 2.00227344365174e-06 2.0871826127112713e-05 0.0020342548976532275 0.00020335411046417399 0.003303245210495827 0.0024728658011753443 0.004483470228560613 0.004114400817387498 0.00016264134886689378 1.2408702289155622e-05 5.044864951868462e-06 2.3355769692725035e-05 1.3159636356150534e-06 5.644813207372441e-06 0.00010675389057471 0.0 0.0 3.8007965696689157e-07 1.8213033596300285e-05 1.7008520416211215e-06 1.6873089724043215e-06 1.2251410834542212e-06 8.521584951693434e-08 2.3711817634750747e-07 0.0 1.93010419885407e-06 0.0 0.0008907253274359788 5.310211416987692e-06 0.0 1.3445599240604412e-06 4.1687270993448193e-07 0.00014426784485781344 0.0003291425459255086 0.0009606696549906682 2.4671782310883207e-05 0.0 6.585251985220414e-06 0.0007128407254671906 4.692240740394212e-05 3.789575064276075e-06 3.310572219866207e-05 0.0 0.0 2.2197488341791814e-07 7.393870763777752e-06 1.656095227383259e-05 8.460721938765656e-05 9.460930646122499e-06 2.3903896131777624e-05 1.4781624473885303e-05 4.66204933343382e-06 9.624329877476596e-08 1.0340950078753575e-06 0.0
