0.0 4.785162347073271e-07 0.0001744602285322461 6.0060994651343446e-06 1.2972286514677732e-06 4.9769775510495127e-05 0.0010394503092475227 0.001122126901171852 6.971447011102772e-06 3.6248950391866343e-05 8.166374760290512e-07 1.0471611659267004e-06 1.7842370390084526e-07 0.0028204558404140235 1.1019375814500968e-07 1.3280778801396191e-07 0.00010043172177012385 9.089485905455971e-07 1.3256075187837494e-05 8.556217127183894e-06 5.0643539161899e-05 1.3210546254913943e-06 7.983734999252588e-05 3.6559030695996804e-05 6.126643418327318e-08 8.32195700969096e-05 2.174191876263356e-05 6.444080759283508e-05 0.0015576705034063654 0.0016348677615130914 0.0 2.7666719842630466e-06 4.0102664025480845e-05 6.029401409571258e-05 5.274452985227272e-07 2.7294296414344706e-05 7.066542960664967e-06 5.157354409813239e-05 5.652714657718892e-06 3.5618589648505976e-06 2.6389717553754027e-06 0.0 5.874158673416565e-07 7.103448294324885e-08 7.276062675442085e-08 6.502689362878654e-07 0.0 0.0 7.46827033597367e-08 3.1525162160366357e-06 4.4568843278536153e-07 3.4930937370773846e-06 0.0 0.0 6.407480099271708e-08 0.0 2.8758902871336296e-07 9.589766246657634e-08 1.4293191775190078e-06 0.0 0.0 0.0 0.0 9.834308510994584e-07 8.555946949293609e-07 1.4155407612044055e-07 3.769245653055576e-06 0.0 1.7221278595619063e-07 1.4431899032763129e-06 1.1231300079940148e-05 5.548512741754712e-07 4.616810058260312e-06 0.0 0.0 0.0 6.129344079447114e-08 0.0 3.46958554392348e-06 0.0 7.997746928228481e-07 7.15343895561077e-08 1.147592658624192e-06 7.848941569711498e-08 5.953911426990396e-07 0.0
4.785162347073271e-07 0.0 1.2836020325253972e-05 6.966872211692012e-08 1.0749543950975454e-07 1.5343546340457945e-06 1.5484025964602484e-07 2.464436036361704e-06 0.0002605722407954218 2.6875310565479406e-07 7.534449974021239e-05 4.310112313957671e-07 0.00039304297058949085 1.6921026508567803e-06 6.0026297400959525e-06 0.00011365156457831488 0.0001905466020118883 2.0826231645949774e-05 7.288851005673732e-05 3.7106074379286634e-07 4.709807598506356e-06 0.0017416204029703215 8.471429781419238e-06 0.0004085963662643764 0.0007490139175097654 0.0003711714504384877 0.0025360359815918485 1.0401417438164621e-05 2.918870898191411e-06 1.488426905278857e-06 1.4683769623910393e-05 0.0 2.709919862846127e-07 0.0001180636253672673 0.0 5.0780376348939505e-05 0.0006263519184581647 0.00013954118301752399 1.722611222499189e-05 5.415705872266846e-06 2.5934854537265343e-07 4.239318071757872e-05 7.74641364568792e-08 0.0 0.00030810858916964815 2.7425639716986743e-05 0.0 0.0 0.0 1.440569673939011e-07 1.4793652030868357e-07 1.0562800791727115e-06 0.0 1.8799309587791044e-06 6.704941616564127e-08 7.3866209523693355e-06 6.460602497152152e-08 0.0 5.54697447783958e-07 8.775539512836909e-06 2.788720610290579e-06 5.052768704486519e-06 0.0 5.5183764837305506e-08 9.531555977212859e-06 1.1629602077039173e-06 1.9719249290762963e-06 2.2801827549618124e-05 0.00047905988228131425 0.000637798344800095 5.554782289851874e-07 0.0 1.3003525830204792e-07 2.720709123087912e-06 0.0 0.0 5.1968781153465784e-06 5.156219431341533e-07 1.1123661394098726e-05 0.000212054012523279 2.2612791749233744e-05 5.105629827861902e-06 2.463833745678644e-07 2.3140557214850071e-07 5.535486097740449e-07 2.900859957364996e-07
0.0001744602285322461 1.2836020325253972e-05 0.0 4.373500465664274e-06 5.962286295219098e-07 8.826799009062305e-05 0.0004324542731733456 0.0006018491235185964 1.5467827922134028e-05 1.0260029887423464e-05 7.581680719048276e-06 1.4343700844828756e-06 6.125196618227689e-08 0.0004053867128457919 7.762763410199741e-08 1.2420500415544371e-05 0.0009003642020869656 8.450762560321226e-06 0.00012611233181227598 1.981860431461508e-06 0.00033103176157861584 0.00013535665006541775 0.004810503839108049 0.0004315810199454354 8.939615494060807e-07 0.001889206492371326 0.004665808560490776 0.0003360209544556166 0.00029501181442436245 0.0008231390672526724 1.1156737747238346e-07 1.2904533016669856e-06 2.901356782784495e-05 0.0005067524574671696 1.3047276933999538e-05 0.0007658070217442672 0.00202556272388042 0.0009215198265803794 0.00031942839902684614 4.409921081925414e-05 3.595351619288618e-06 1.6350664764596017e-06 6.0416157054611235e-06 2.4472109990989804e-07 6.750964342313089e-05 0.00023027674901662012 8.342861725187991e-08 0.0 1.40348838664252e-07 2.9167934205784172e-06 2.668565485231872e-07 1.233727968164574e-06 2.1821190218252852e-07 7.08865370627219e-08 0.0 5.762724351010112e-08 1.632685676258035e-07 0.0 1.3357668484828628e-05 6.418726333536228e-06 1.251081919835906e-07 1.178185161682121e-06 6.033529171807869e-08 6.0056134044518985e-06 4.8467754509869664e-05 4.791425631211253e-05 4.53327852720625e-06 1.631090400545898e-06 2.009487984282215e-05 0.0010569755380280346 6.922875773950913e-06 1.2557534755220558e-07 2.649879544363006e-06 0.0 0.0 0.0 3.397091863208268e-06 2.5455108551632894e-06 5.695616572959901e-05 6.154437944126535e-05 1.6001519066892693e-05 1.0669313831127568e-05 3.521386833981677e-07 0.0 2.052855767697326e-07 0.0
6.0060994651343446e-06 6.966872211692012e-08 4.373500465664274e-06 0.0 2.4735389701695977e-07 3.80153315314215e-05 0.00013964948390722155 2.7811002529307627e-05 0.0003458904411261556 0.0015648713219840453 3.416475213240375e-07 0.00031868419898274376 0.0 1.5886921199673163e-05 8.830735548988468e-06 0.0 1.9986951923318884e-07 0.0 2.2837041687197865e-07 0.002606403908162854 2.248928187527624e-07 0.0 6.860774137110191e-07 0.000761329411686661 0.0 8.425364565333456e-07 1.5185790990017968e-06 0.0015905108536097862 4.283271483112268e-05 1.3625391762352038e-06 0.0 4.804360368670715e-07 4.097435994342422e-06 1.219027622833312e-05 9.287033507356277e-07 9.050989429451344e-05 6.03215055647612e-07 4.0365732732761e-05 8.654255509486157e-06 4.080667293966077e-05 1.312057297884928e-06 0.0 2.367885544837073e-06 7.107017910291216e-08 0.0 4.461904194467345e-07 7.689915202225047e-05 0.0 2.506345850108262e-06 2.0279771345799204e-05 1.8193593725778411e-06 6.212408416539143e-05 2.376759785086726e-05 0.0 1.7855779466569866e-05 5.6545457905208346e-08 9.99919332491509e-07 1.2068090397593427e-06 1.437077622398578e-07 0.0 0.0 0.0 2.6179317118248468e-05 8.768724442857373e-08 1.4762735608853625e-07 0.0 3.6296315881269736e-05 0.0 0.0 2.3081216541096353e-07 5.759388063027869e-05 1.2777231423248021e-06 1.0734055559824923e-06 0.0 0.0 6.910933000449984e-08 0.0 0.0 1.0410938160408405e-05 3.305463801632275e-07 2.277524986094751e-06 4.371650695044454e-07 2.372585969944223e-05 1.5828090774455754e-07 0.0 0.0
1.2972286514677732e-06 1.0749543950975454e-07 5.962286295219098e-07 2.4735389701695977e-07 0.0 0.0001570253761684166 3.710646152102643e-06 5.176368965785822e-05 6.119645182580379e-06 1.8595806000247142e-06 2.961184643751608e-05 9.067981780726263e-06 1.982790490163108e-06 8.915320011778182e-05 0.0002949225799348746 0.0 5.029401011805843e-07 8.25426625770729e-06 6.276949978960441e-06 2.1384990485655993e-06 7.350832109048978e-07 1.0582187524268021e-07 4.165064553361515e-07 4.686250237476711e-06 2.7529677304258387e-07 7.266507535199294e-06 2.422543081699949e-06 2.8539471312295848e-06 0.00014922821208970355 3.9004787082664414e-06 7.179308344023006e-08 6.367793282943396e-05 6.304641237154831e-07 0.00023811185366622262 4.96577796527487e-07 7.414943908661645e-06 6.220631635137382e-06 0.00016834524574925057 2.5314858354895487e-05 0.0005086525963062397 7.629937773619955e-05 3.008401614775145e-06 1.082502930034545e-07 7.752101217594521e-08 8.813262752676098e-08 0.0 0.0 0.0 0.0 5.415920292221147e-07 0.0 1.4987677789879187e-07 0.0 1.530789008079065e-07 0.0 6.666039849424443e-08 0.0 0.0 0.0 0.0 0.0 0.0 9.45665772153596e-08 0.0 0.0 0.0 3.7900979012728103e-07 1.1453591773726422e-07 7.295997607684837e-08 2.9121889804763317e-07 4.0000030325158405e-07 0.0 2.4925746216248564e-07 4.490798692688159e-07 0.0 0.0 0.0 0.0 0.0 1.7041158058123373e-07 1.1372720653881424e-07 0.0 2.0529610337039024e-07 0.0 0.0 0.0
4.9769775510495127e-05 1.5343546340457945e-06 8.826799009062305e-05 3.80153315314215e-05 0.0001570253761684166 0.0 0.001388507087719923 0.003209864757335763 0.0001496126452855762 0.002157515858270748 0.00010360454155354315 0.0032708362022123016 6.834889998821227e-06 0.000654248947731116 0.001121414046516031 7.186161131891599e-07 1.0748216802264649e-05 2.8122263151621492e-05 2.49224540000232e-05 0.0005079896303844675 3.2455437595245176e-05 1.1408022479113828e-06 3.0878044264300855e-05 0.000182815435228727 3.821155504150473e-07 5.042323046875583e-05 2.100681814347217e-05 0.00062006518155449 0.0001793682637578592 7.248682049408624e-05 7.6401660311697e-07 0.00031893690389204186 4.376063819282508e-06 0.00045127512865207413 1.8891107328838577e-06 0.0001815625097589771 3.718182067754662e-05 0.0009580736674362654 0.00017381782033742943 0.0017437815263906795 0.00011730043251196117 8.621836529435812e-06 6.882860670563919e-06 0.0 9.426760426094596e-08 1.2966586015366815e-07 3.944752259012853e-06 0.0 4.670266785059982e-07 1.3322952407089699e-05 1.1511848197892544e-07 1.0412922084437526e-05 3.5826691163850538e-06 6.321149726864015e-07 1.3063903952454542e-06 7.6680199219423e-07 3.6925927112195555e-07 1.0613338486332495e-06 6.249635180387539e-07 0.0 1.5567772702918933e-07 7.570172787465096e-08 2.9186082774867294e-06 5.044522478510545e-08 0.0 1.6078624356101488e-07 1.0375743127199475e-05 6.104628437570493e-08 7.6535152771007e-07 1.7479751061493028e-06 1.7231149966415047e-05 6.93657100776466e-07 1.6044615417098517e-06 1.6038640769337417e-07 5.4510271372049885e-08 0.0 1.307658656227649e-07 2.825091954673554e-07 6.881809240059533e-06 1.200684701404123e-06 3.13950424414028e-06 8.48179419175202e-07 8.31852304350528e-06 5.9180053185050935e-08 5.74258277469536e-07 0.0
0.0010394503092475227 1.5484025964602484e-07 0.0004324542731733456 0.00013964948390722155 3.710646152102643e-06 0.001388507087719923 0.0 0.002404879830284561 0.000146756000846576 0.0041041983172319 3.6476644166040733e-06 0.00011207551335007499 1.4723457683407885e-07 0.002290273581898339 9.507635380421554e-06 2.134597878698035e-06 8.015954433639478e-06 2.457831804570685e-06 4.711224393420176e-06 0.0001003231006793132 0.0001276482777271744 4.260986267604017e-06 0.00019683040536676844 0.0013211952238386811 1.2731798109377077e-07 3.079088212034377e-05 9.615336929897396e-05 0.009125106474931585 0.0009180835161557273 0.003756661580069428 4.985972514787761e-08 6.340723979666405e-06 9.232355767293217e-05 0.000193931162389547 1.021752327471072e-05 0.0010040416084786657 1.3265116969191056e-05 0.0005054898559616469 0.00011277930696465394 0.00025452353146843755 2.974007163565721e-05 2.0681467923754093e-06 2.334713010837355e-05 1.7799867466055944e-06 2.1437310947075434e-07 2.4672422842432225e-06 1.4772278404883276e-05 0.0 4.812340926768133e-06 0.00012575127569846195 9.945928458291214e-06 5.408850134908893e-05 2.614746951002921e-05 1.6217313048755547e-07 5.315122696405399e-06 5.563963079681253e-07 5.370497971503792e-06 3.3108808408739587e-06 2.7442265549619693e-06 4.2898694081767536e-07 3.1302935852030337e-07 4.8340040731507124e-08 1.715799236142973e-05 9.623567083610662e-07 2.5524010110062455e-06 1.8225979740947753e-06 0.00010669655806655045 8.850405226446404e-08 1.903139270172352e-07 6.769568213604249e-06 0.00018260793725792648 1.0149122944794006e-05 1.7218237875726776e-05 0.0 2.6674405580600173e-07 3.549582426181909e-07 1.7163015610552255e-06 2.0138538374738163e-06 3.19271783465233e-05 1.120620800760159e-06 1.283373702003661e-05 2.5000305069243032e-06 4.935426507764207e-05 1.0638168579476653e-06 8.96649710795087e-07 1.4072197749800855e-06
0.001122126901171852 2.464436036361704e-06 0.0006018491235185964 2.7811002529307627e-05 5.176368965785822e-05 0.003209864757335763 0.002404879830284561 0.0 2.8940230429881177e-05 0.0010475878291471524 0.0001456303629493602 0.00047444367792540533 5.016175042768786e-06 0.004357134095007379 8.297619464259052e-05 6.418841003500457e-07 0.00015212660250947023 3.9612791620113115e-05 6.900409460087964e-05 0.00026941156486958475 0.00019447561641000694 2.5028419452072537e-06 0.00024127114322005047 0.0001943766018726008 1.1924632756327456e-06 0.00022702757876832616 7.869916878069958e-05 0.0005085323095063342 0.0008495914902356676 0.0008480024948266452 6.04313554539514e-07 0.00022323440171486282 1.0439836872185436e-05 0.0008509345070436749 3.030724603089625e-06 0.0001672285597247492 5.875200993502851e-05 0.001068971173434787 0.00017249168208308943 0.00042829351770777693 0.00012481088807857237 8.010921051570333e-06 5.376976749153825e-06 2.5953022400256414e-07 4.6862118634975826e-07 1.0056926918195364e-06 1.8858223462805263e-06 0.0 6.68035840768286e-07 2.5907930962770443e-05 1.086766781632156e-06 1.0828398386027231e-05 2.5313192236035713e-06 8.80862021075076e-07 5.634764966545334e-07 2.6923456884683303e-07 9.480101326267548e-07 5.757071576176784e-07 1.15592449706424e-06 0.0 3.4359488412659337e-07 6.811082895891955e-08 1.6178497642508605e-06 9.079316946784612e-07 1.0797013136629187e-06 1.7724220232536405e-07 2.2522434626459414e-05 1.3278042662813418e-07 1.445372277541474e-06 5.0872253982317704e-06 4.3486619891470135e-05 1.6766593501037161e-06 1.0792955054316821e-05 4.117714970497339e-07 6.936074371882292e-08 2.9888754120654144e-07 1.2169326164376531e-06 3.318633065047692e-06 1.0620726254903028e-05 2.3792760022784708e-06 4.349435193722931e-06 8.635687698849144e-07 7.730034629278881e-06 7.945440269000115e-08 2.948901690952011e-07 1.7605470360066236e-07
6.971447011102772e-06 0.0002605722407954218 1.5467827922134028e-05 0.0003458904411261556 6.119645182580379e-06 0.0001496126452855762 0.000146756000846576 2.8940230429881177e-05 0.0 0.00016999231728402826 1.1249132885023018e-05 0.0003257011640405348 1.819006096749416e-05 1.217226532638611e-05 0.0005213081807382316 0.00016600643914656228 5.213122409734913e-06 2.198509391022471e-06 2.0894639119958343e-06 0.0006736163999572897 4.826547336878146e-05 0.00169030554360993 3.595858999496348e-05 0.006156616230347938 3.196831480989615e-05 5.0507373106399505e-05 0.0003148414743231879 0.0007791649358740775 4.1238822642843366e-05 5.0416671458580285e-05 1.5526885364235056e-06 4.163664845949039e-07 4.840654561721538e-06 9.631209390828218e-06 4.7394582867006403e-07 0.00021711881510058743 1.1152550867155606e-05 3.2019781785614896e-05 6.537781244149005e-06 0.0003436090032188911 2.1403092496643873e-06 3.410389030167595e-07 1.5656198967200875e-06 6.892076451863625e-06 3.1020836222003343e-06 4.895769349622955e-06 6.446976772436239e-05 5.7289128708181925e-08 1.3713598387118697e-05 0.0001845074720373004 1.9134432030945907e-05 0.00011756241493334457 8.975818540163331e-05 2.992795525926222e-07 3.0348228638718023e-05 2.5940871126191577e-07 1.4890150074066906e-05 7.546176716016262e-06 0.00023434075914649353 1.9695826583715046e-06 4.812378712696163e-07 3.986592162717646e-07 8.885582317778913e-05 0.00010572088914975774 4.450805564430523e-05 4.857449930944194e-05 0.0005083433026225121 3.5822261146508195e-07 3.0343472457132865e-06 1.3034094208587896e-05 0.0005939795964571697 3.377821366499888e-05 8.213184434487344e-05 0.0 2.514830168740201e-07 2.497932330884624e-06 7.282975716678623e-06 7.841082242478992e-07 7.21743522165028e-05 2.2921856685943935e-06 3.387649507278244e-05 8.803727105598234e-06 0.0001072233210994407 2.756386265859093e-06 0.0 1.735339987528478e-06
3.6248950391866343e-05 2.6875310565479406e-07 1.0260029887423464e-05 0.0015648713219840453 1.8595806000247142e-06 0.002157515858270748 0.0041041983172319 0.0010475878291471524 0.00016999231728402826 0.0 4.650745461716392e-06 0.0017703037027848698 3.3793730282602137e-07 0.0005996564086713212 1.0066264392052996e-05 1.5517465174429501e-07 1.6419647046403654e-06 1.8570478347834598e-06 5.113444526389955e-06 0.002404286367103838 2.6489730903240998e-06 3.7557149909306913e-07 4.52189029561116e-06 0.0005128111632594561 1.4344003375249322e-07 5.0710381690996315e-06 7.566205483718614e-06 0.0034372258580665505 0.00039315410309588594 1.0342664276057672e-05 0.0 5.312111967119138e-06 2.1945043125257828e-05 0.0001356358825186655 5.526730556334039e-06 0.0005023081820434936 1.1420372232574253e-05 0.0004493172983309862 7.529341236362763e-05 0.0002553793544584112 2.8492525108185684e-05 1.4912673670424763e-06 2.0140728082632318e-05 3.722893380555004e-07 6.155813182781397e-08 8.776904573833834e-07 3.161193964600605e-05 0.0 3.8935862682580605e-06 3.680994894810973e-05 2.6479824283398594e-06 6.058840903587412e-05 2.5888558153918768e-05 0.0 7.602725595309677e-06 0.0 1.321301602092882e-06 1.8914480756232447e-06 2.8647768503589395e-07 9.153546053770486e-08 0.0 5.149746689720131e-08 2.5143389453579032e-05 0.0 2.043911267491205e-07 6.279753942676535e-08 5.285794557640649e-05 0.0 2.811542771369026e-07 4.7229318638629135e-07 7.085267031544653e-05 2.534257165771618e-06 3.6294726233352413e-06 0.0 6.093051120817606e-08 0.0 4.1000175969844205e-07 3.5565154514359456e-07 1.3893926205336755e-05 1.1693621110376055e-07 2.8086236711357663e-06 6.487555260365222e-07 2.6791281227300705e-05 2.982337984823167e-07 7.079356181009845e-07 5.721539876424016e-08
8.166374760290512e-07 7.534449974021239e-05 7.581680719048276e-06 3.416475213240375e-07 2.961184643751608e-05 0.00010360454155354315 3.6476644166040733e-06 0.0001456303629493602 1.1249132885023018e-05 4.650745461716392e-06 0.0 7.52340090405622e-06 0.001030477684992179 2.3490045158292782e-05 6.098054220685135e-07 3.6019799660346073e-07 3.5467141175258113e-05 0.0012988985914009694 0.00038507359502242195 4.937005635884772e-06 1.893269308755039e-06 8.583439309652737e-05 3.1866053535456264e-06 7.457056016846051e-06 0.0005031144419873885 0.0017704747322662175 0.00058553896056444 3.489184941985245e-06 9.595028100186376e-05 3.3476458247183696e-06 0.0003549062361954978 3.8265092316725127e-05 4.0307690884066817e-07 0.004517682654773179 7.018448861370616e-06 0.0006255921555445392 0.003656279127878725 0.00243723152258066 0.0006087244257205336 3.001214445500114e-05 0.00016251059768483754 0.0007804635575991578 1.7966473471522584e-06 0.0 1.1420991236544322e-05 1.9948042380296903e-07 0.0 0.0 7.474977520446287e-08 3.8113686814946797e-07 6.758461070434295e-07 9.242051923647434e-07 2.0648549746640145e-07 0.0003044676049892246 0.0 0.0005805990166121728 4.210901629920665e-07 0.0 0.0 1.1171423472938905e-07 3.021964157531449e-05 1.4296274912520293e-06 0.0 0.0 1.2986791062320806e-06 0.0 5.056743686916774e-07 0.00014471543808297814 9.108580437835937e-05 0.0001224765991517196 4.7675856941329923e-07 1.4009319341198213e-06 2.211907357715981e-07 0.00010950326093681157 4.3586052917141533e-07 0.0 3.6041602456714755e-06 7.673299162829855e-07 1.9583075639198452e-05 0.00034118959655389487 2.2548380743390197e-05 4.33981005109977e-06 8.728538683153624e-08 4.4761239018220765e-07 7.338519372190228e-05 2.270272061043072e-07
1.0471611659267004e-06 4.310112313957671e-07 1.4343700844828756e-06 0.00031868419898274376 9.067981780726263e-06 0.0032708362022123016 0.00011207551335007499 0.00047444367792540533 0.0003257011640405348 0.0017703037027848698 7.52340090405622e-06 0.0 3.817790977079688e-07 5.8329188782878615e-05 0.0006462295284566643 0.0 1.3424248981272353e-06 2.7858044891922233e-06 6.16780505125917e-06 0.0031812120888842443 3.141698568964545e-07 1.1198615587528888e-06 5.393260496424959e-07 0.00020726547935553022 4.0726764770499485e-07 4.930923044297627e-06 4.226708210174728e-06 0.00021004408574936076 7.197833523385331e-05 1.87169458873394e-06 0.0 1.2528084796567811e-05 7.990141580751461e-07 5.380553370704113e-05 2.7464295741946253e-07 0.00041072668560477915 6.501385050962167e-06 0.00028359060644481896 2.308003557411277e-05 0.0006513720990664895 1.651055660673568e-05 3.184777831669026e-07 5.252077504847371e-06 1.1346895976792387e-07 9.052925164879905e-08 1.7857382702841502e-07 8.89254810185308e-05 0.0 9.962090950397801e-06 1.72468766640583e-05 2.071380203490911e-06 6.669737063245312e-05 2.667526733303573e-05 4.882280152390412e-08 2.010770223870813e-05 0.0 8.225390159167955e-07 2.439681928167352e-06 3.154658534788122e-07 3.326555396366495e-07 5.770347145623035e-08 0.0 3.062533288158074e-05 4.571436536064289e-07 9.243096807830908e-07 6.809656021490708e-08 3.6596365178170655e-05 0.0 6.175816639986874e-08 6.682258395922525e-08 4.874396720894778e-05 1.2187196891465374e-06 1.9686166605139203e-06 0.0 6.965468178945012e-08 1.3712133721929498e-07 7.256726972128745e-08 1.2513358995913866e-07 2.3363741691702185e-05 1.8204247316313847e-07 2.2938899378766825e-06 3.8889372383309363e-07 5.390834059570199e-05 2.62528074483773e-07 0.0 0.0
1.7842370390084526e-07 0.00039304297058949085 6.125196618227689e-08 0.0 1.982790490163108e-06 6.834889998821227e-06 1.4723457683407885e-07 5.016175042768786e-06 1.819006096749416e-05 3.3793730282602137e-07 0.001030477684992179 3.817790977079688e-07 0.0 8.298631340308173e-07 9.582698941636202e-08 2.25896510199775e-06 2.2806239765049934e-06 1.238893437202303e-05 4.864206426174386e-06 2.7256507157264835e-07 4.5210975152515623e-07 0.00032213155273973215 9.813459863982838e-07 1.7166212970733464e-05 0.0022346439940082864 0.0005737043612865159 0.0022459219707170776 4.1410168597740874e-07 2.814462250676548e-06 1.1913614428313098e-07 0.0006441709472436536 2.640160469081713e-06 7.726529548275679e-07 0.0006460596756995841 0.0 4.008793529915119e-05 0.0013458592012807727 0.0005256445194556573 9.17781453138588e-05 6.126078996191037e-06 4.983749230633857e-05 0.0006468066685878909 4.115276045575613e-06 0.0 2.5251509962247048e-05 2.911005491190938e-07 0.0 0.0 8.129487141062443e-08 0.0 1.1689400264267465e-07 6.424133609185704e-07 0.0 0.0003823140807135124 0.0 0.0006957684547642493 4.320627736784563e-07 0.0 0.0 0.0 1.559124074336063e-05 9.260260464222762e-07 0.0 0.0 9.142212219331977e-07 0.0 3.2756144250655587e-07 0.00033371598703470104 6.32810505772241e-05 8.78472401370612e-05 1.2970988136731426e-07 7.257682190669501e-07 0.0 7.139825485442363e-05 1.4104313747457482e-07 0.0 2.8638574932153497e-06 2.1210995739633525e-06 5.606918283043633e-06 0.0003808825397866043 1.1017082697092141e-05 4.49209707063447e-07 0.0 2.5032186381052124e-07 0.0001835501548636754 0.0
0.0028204558404140235 1.6921026508567803e-06 0.0004053867128457919 1.5886921199673163e-05 8.915320011778182e-05 0.000654248947731116 0.002290273581898339 0.004357134095007379 1.217226532638611e-05 0.0005996564086713212 2.3490045158292782e-05 5.8329188782878615e-05 8.298631340308173e-07 0.0 5.911737860176298e-07 8.037121323213952e-08 0.00015445823288160585 8.237516390031868e-06 4.0486757488196014e-05 8.62962642046938e-05 0.00012570568794584874 2.203989930062951e-06 0.0001678401634313769 8.30482697086823e-05 5.770836734612072e-07 0.00016090555231044524 5.1559000121906146e-05 0.00022398782292992332 0.0036263420067350277 0.0013659343081046614 2.284065164055361e-07 0.0001525999874734702 5.9824046133839115e-05 0.0007487187768697822 3.1969233710206655e-07 7.720694009104873e-05 2.2623786453145707e-05 0.0005904202069813182 7.141715021195247e-05 8.708669414348915e-05 7.502404698014095e-05 1.819364577559053e-06 1.8128774797149635e-06 4.525309662091834e-07 4.231088403551261e-07 9.358615849806514e-07 5.934925735578887e-07 0.0 8.365172238071311e-07 9.112624642142378e-06 5.933486128170382e-07 6.6365750582762175e-06 7.555601270035757e-07 0.0 4.927605284298924e-08 6.008094260818904e-08 6.780387308934416e-07 2.6415251461444464e-07 1.6156502393053105e-06 1.2202502549381954e-07 0.0 5.631116571171495e-08 5.718980104571563e-07 1.7427045159308045e-06 1.0783365588413618e-06 2.7007586099210164e-07 1.0540154336428988e-05 5.605731717424807e-08 5.281999916388549e-07 2.552220911852426e-06 2.2237096341456294e-05 8.049125098511489e-07 7.831886814551198e-06 6.47912853672146e-08 0.0 5.726214639661613e-08 0.0 4.28642206795952e-07 5.333728472787723e-06 4.2960280041534115e-07 1.625937488586091e-06 3.676341214420243e-07 4.197207956143305e-06 7.221471121800418e-08 6.68494972598357e-07 0.0
1.1019375814500968e-07 6.0026297400959525e-06 7.762763410199741e-08 8.830735548988468e-06 0.0002949225799348746 0.001121414046516031 9.507635380421554e-06 8.297619464259052e-05 0.0005213081807382316 1.0066264392052996e-05 6.098054220685135e-07 0.0006462295284566643 9.582698941636202e-08 5.911737860176298e-07 0.0 0.0 1.1577196226712273e-07 2.1784973074475727e-07 0.0 3.43227310345998e-05 1.482727202995875e-07 3.210422222497072e-05 0.0 0.0003804325755176427 2.834326592487829e-07 1.8566707579513127e-06 7.391717620400512e-06 2.706963879659168e-05 7.944654302257378e-06 3.220965208396739e-06 0.0 0.00015871787420830834 0.0 7.967536352209284e-06 0.0 8.36726752585671e-05 3.1912816282203444e-07 8.851302291107436e-06 5.124820904624471e-06 0.0010242059034672236 8.611919021414215e-05 0.0 0.0 0.0 0.0 0.0 2.7375742925179947e-06 0.0 1.7964187362127675e-07 4.724008634023726e-06 6.441851102794062e-07 1.3880729109122648e-05 5.248260542925142e-06 0.0 1.6637727983288625e-06 0.0 2.188471042874047e-07 4.3741262443717926e-07 3.9822696955473056e-07 0.0 1.0476200304608174e-07 0.0 6.5823607515641175e-06 1.5682444125125045e-07 3.615887034321791e-07 0.0 4.3162655542953975e-06 0.0 0.0 4.2609950300513787e-07 8.417705292112718e-06 2.271847843590279e-07 1.4898238230935586e-06 0.0 0.0 0.0 0.0 0.0 6.2892213418074774e-06 0.0 0.0 0.0 1.1996287531121281e-05 0.0 0.0 0.0
1.3280778801396191e-07 0.00011365156457831488 1.2420500415544371e-05 0.0 0.0 7.186161131891599e-07 2.134597878698035e-06 6.418841003500457e-07 0.00016600643914656228 1.5517465174429501e-07 3.6019799660346073e-07 0.0 2.25896510199775e-06 8.037121323213952e-08 0.0 0.0 5.171593332345109e-06 4.313120997214903e-07 1.3937600969407072e-06 7.708621399753286e-08 0.0017346851362647537 0.002778902769207775 0.0012384025573827845 0.0015101814251989457 3.170525951601295e-06 2.8349708325978965e-05 0.001586559737500664 0.0011560929240549823 7.2731970878588035e-06 4.3316353554650336e-05 4.966696151176189e-07 0.0 5.206469578679546e-06 9.747479314279647e-05 1.8281067318121062e-05 0.0010235539858008923 0.00021243050506105022 0.00017892317417492903 0.0002191158915243228 4.955983777886557e-05 1.7101148406842897e-06 2.0423815570465993e-07 8.169911848769219e-06 1.8050377768654044e-06 1.4598830118708984e-06 7.452076516781289e-06 1.22094123927869e-07 0.0 3.0042307870294214e-07 6.089181661970028e-06 1.9114756963829548e-07 1.6329441995587397e-05 7.474384415024187e-07 0.0 0.0 1.2851490224384411e-06 1.2850498264799813e-06 6.89902958263332e-08 0.0008813311108312331 5.584873569256881e-06 1.322615565823269e-07 1.0783447915567421e-06 0.0 0.0003084363890887449 0.00041674339472185407 0.0003538485158528265 9.458361503853619e-05 0.0 3.132266749355031e-06 0.0001559559022394607 0.00017664248303424066 5.919126241097566e-06 0.0001250589799359787 0.0 0.0 1.2884488055692624e-06 4.090089530286653e-06 2.205953772876047e-06 0.0003620372218390068 3.474999088878057e-06 6.950581641084166e-06 4.401846958580304e-06 8.61834255336451e-06 1.8865502514821452e-07 3.5119208636691067e-06 1.5492873849471077e-06
0.00010043172177012385 0.0001905466020118883 0.0009003642020869656 1.9986951923318884e-07 5.029401011805843e-07 1.0748216802264649e-05 8.015954433639478e-06 0.00015212660250947023 5.213122409734913e-06 1.6419647046403654e-06 3.5467141175258113e-05 1.3424248981272353e-06 2.2806239765049934e-06 0.00015445823288160585 1.1577196226712273e-07 5.171593332345109e-06 0.0 0.00011130180479978608 0.0012976202768493373 1.2916993187658884e-06 0.00018613179193339212 8.580145755003633e-05 0.0011282548509384052 1.63511292860845e-05 1.260493322894467e-06 0.0013213215309137672 0.0018731515785684251 1.3909000900109448e-05 0.0004401272029283072 0.0006583402977902419 5.810275669420595e-07 1.1200572291110048e-06 5.0328765493162514e-05 0.0012338817152955464 4.750893314527372e-06 0.0004507987098206782 0.001371484940712307 0.0012222353180028583 0.00018971758993845488 1.1855957296255422e-05 3.518397094717688e-06 7.837668241357107e-06 1.1490199218195521e-06 8.226784326264294e-08 2.6522135177153953e-05 2.5702383411666242e-05 7.254046236707333e-08 0.0 0.0 6.235936700142936e-07 0.0 1.8514934637405824e-07 0.0 4.9402065875516156e-08 0.0 5.76718965141837e-08 0.0 0.0 3.4484037635344106e-07 3.1847888199626942e-06 1.2096827336999224e-07 1.0210782469267027e-06 0.0 8.417447210579324e-07 2.068608363888551e-06 8.821162854691386e-07 2.044768995907676e-07 1.8083872770436535e-07 3.395874805439004e-05 0.00015325584819737457 1.3556342024765485e-06 1.734724886079336e-07 7.413677810346714e-07 1.1810336131647988e-07 0.0 1.9449870761175284e-07 9.245153334301045e-07 1.6768719330058253e-07 5.535646543351766e-06 3.260337600606524e-05 5.048471212478127e-06 1.6899283732290593e-06 7.271673675878854e-08 0.0 0.0 1.0189621134588473e-07
9.089485905455971e-07 2.0826231645949774e-05 8.450762560321226e-06 0.0 8.25426625770729e-06 2.8122263151621492e-05 2.457831804570685e-06 3.9612791620113115e-05 2.198509391022471e-06 1.8570478347834598e-06 0.0012988985914009694 2.7858044891922233e-06 1.238893437202303e-05 8.237516390031868e-06 2.1784973074475727e-07 4.313120997214903e-07 0.00011130180479978608 0.0 0.0008018385811484242 1.919637690113962e-06 6.134099614662057e-07 1.1039992798539426e-05 1.9801256807206204e-06 3.839917959701127e-06 2.5900483601781964e-05 0.0011778970050796093 0.0002228742455111967 9.20683903506879e-07 3.7422412195906444e-05 1.7564514059026255e-06 8.37646178400022e-06 1.3474452103962191e-05 6.388438907500315e-08 0.0009427215579491691 2.2519613405144545e-06 0.00045725056855202564 0.0008507305032773622 0.0008434973479933266 0.00019439623307402116 7.50278728308686e-06 1.4721062318006795e-05 3.934024750940318e-05 8.225622220655213e-07 0.0 1.1210061623088996e-05 3.13980791178363e-07 0.0 4.698410181650304e-08 5.1589338946524036e-08 1.581560319348164e-07 3.1763252532166316e-07 0.0 9.885969528996094e-08 3.49557082457144e-05 0.0 4.956849477068374e-05 2.2421920864927234e-07 0.0 4.384166366393365e-08 0.0 2.6538001413005003e-05 2.379693168643778e-06 0.0 5.157969685247747e-08 1.0204284990620077e-07 0.0 0.0 1.971304205178262e-05 0.000108003260138598 0.0001542991517383745 1.1342099229401282e-07 4.5157714732724435e-07 6.36520748715687e-08 2.7661215762106337e-05 0.0 0.0 2.4261364189672093e-06 7.729576916547329e-07 7.457146046983249e-06 8.580878224648157e-05 1.0358188475146168e-05 1.496850455390656e-06 5.892408085973207e-08 1.0049593046208985e-07 1.2748398937688514e-06 6.338473031839249e-08
1.3256075187837494e-05 7.288851005673732e-05 0.00012611233181227598 2.2837041687197865e-07 6.276949978960441e-06 2.49224540000232e-05 4.711224393420176e-06 6.900409460087964e-05 2.0894639119958343e-06 5.113444526389955e-06 0.00038507359502242195 6.16780505125917e-06 4.864206426174386e-06 4.0486757488196014e-05 0.0 1.3937600969407072e-06 0.0012976202768493373 0.0008018385811484242 0.0 4.2968090526505945e-06 7.923796304747177e-06 9.92244178489156e-06 0.00011259893064922996 5.972925617010518e-06 5.4083664065051426e-06 0.00136455647377281 0.0008177241140955316 4.320419931190139e-06 0.00010168969182407332 4.856602416149118e-05 1.899357868331846e-06 1.0079679752423216e-05 7.055157353430154e-06 0.0013785037395078208 4.631476767068734e-06 0.0006901496248306736 0.0010506327561513988 0.0014811122599779243 0.0004129287900097435 1.2316488498404154e-05 1.0622768084955624e-05 1.4349956658773818e-05 1.87340470450773e-06 0.0 1.103449784495714e-05 2.8123388661984513e-06 6.679637437596259e-08 0.0 0.0 3.407144203084898e-07 1.899228341572507e-07 2.7959046944843093e-07 0.0 2.9889391743002388e-06 0.0 2.9087823324231364e-06 5.6842151554124076e-08 0.0 3.021434246218775e-07 5.684710284717582e-07 3.178818964089056e-06 2.0829934934192692e-06 0.0 7.257997842891438e-08 3.041038120272785e-07 1.1203596185937025e-07 5.366469422964373e-07 1.973131036459317e-06 6.77867811120073e-05 8.46236800632832e-05 5.82910001127447e-07 5.0967841834193915e-08 1.490463185295463e-07 2.430758269755747e-06 0.0 0.0 5.490033441362289e-07 2.3558876354707414e-06 4.432702636374529e-06 2.907408095399113e-05 3.8001719504408245e-06 2.401797980280822e-06 1.9468965898130105e-07 0.0 6.673980483226195e-08 0.0
8.556217127183894e-06 3.7106074379286634e-07 1.981860431461508e-06 0.002606403908162854 2.1384990485655993e-06 0.0005079896303844675 0.0001003231006793132 0.00026941156486958475 0.0006736163999572897 0.002404286367103838 4.937005635884772e-06 0.0031812120888842443 2.7256507157264835e-07 8.62962642046938e-05 3.43227310345998e-05 7.708621399753286e-08 1.2916993187658884e-06 1.919637690113962e-06 4.2968090526505945e-06 0.0 6.489155148147545e-07 4.3970958604781966e-07 1.5285445239540675e-06 0.0004858135749911877 1.0381450206850788e-07 3.3562855006186494e-06 2.6779252612919158e-06 0.0009301818121916546 0.00014628537426504218 3.744495379343181e-06 0.0 5.2777855874413076e-06 7.222635171380068e-06 7.183817785199099e-05 2.30991787320007e-06 0.0003526019451499838 4.630141448821593e-06 0.0002888854715001465 4.3396275462823656e-05 0.00024394714820290985 2.1521909183382666e-05 9.56555025381777e-07 1.4923588865940248e-05 4.1655803859533006e-07 0.0 1.2367920400033823e-06 3.918447813388128e-05 0.0 4.373366326834747e-06 4.0503514286126524e-05 3.375521609459562e-06 9.953764972057047e-05 3.5466880960217016e-05 6.052296263728342e-08 1.4581752978727524e-05 0.0 6.525018100486104e-07 1.6659676674648876e-06 0.0 0.0 0.0 0.0 3.427527153963937e-05 0.0 2.0294974060754048e-07 0.0 6.57717790440144e-05 0.0 7.114785530711899e-08 1.6033723544369992e-06 8.176174266868311e-05 1.814047225128399e-06 2.6782559258266105e-06 0.0 0.0 2.1749907733263637e-07 4.864919571779422e-07 4.1964578313580265e-07 1.7521984959433893e-05 3.384231739713366e-07 3.906695161667305e-06 5.269575368660289e-07 2.898562663335387e-05 6.708890792785019e-08 0.0 0.0
5.0643539161899e-05 4.709807598506356e-06 0.00033103176157861584 2.248928187527624e-07 7.350832109048978e-07 3.2455437595245176e-05 0.0001276482777271744 0.00019447561641000694 4.826547336878146e-05 2.6489730903240998e-06 1.893269308755039e-06 3.141698568964545e-07 4.5210975152515623e-07 0.00012570568794584874 1.482727202995875e-07 0.0017346851362647537 0.00018613179193339212 6.134099614662057e-07 7.923796304747177e-06 6.489155148147545e-07 0.0 0.00010711192046118434 0.005702029270778251 0.0005885051086228719 1.3698227042436428e-07 2.7341189125244604e-05 0.0002645522721935304 0.0030836206067936813 8.716643824153404e-05 0.005781352701060617 8.233068211144439e-08 5.12394718705003e-07 1.987525874665074e-05 0.002284914240179562 7.805005413039916e-05 0.0033826262907998422 0.000455418850731579 0.0019895041631429445 0.0015670027121314793 0.00021258235308343007 1.3195827603211783e-05 6.560969114691664e-07 3.236760959276727e-05 1.6417187194638703e-06 3.516347187467358e-07 4.809973802399553e-06 5.9566388177055836e-08 0.0 6.598682727016582e-08 3.9660249637655906e-06 5.364466161287964e-07 5.908037006756521e-06 5.625590834815172e-07 1.5539432041914622e-07 0.0 7.17634544127279e-07 1.2461723686923198e-06 5.634547679234436e-08 0.00025238017172556884 2.8453464367992383e-06 7.983322909566433e-08 5.982355410030708e-07 0.0 0.00017654173657943078 7.19687255069168e-05 6.114249655803059e-05 6.104808475003247e-05 0.0 1.6113852602047667e-06 1.970662186054576e-05 0.0001124173090116766 5.488129764438455e-06 0.00011164043980337094 0.0 5.3520775770153224e-08 1.0340890864601995e-06 3.51980833959552e-06 1.484101920666623e-05 0.00013117249396172714 2.45948362552689e-06 5.830913910777275e-06 3.846780287605318e-06 9.436889543089043e-06 0.0 3.1172957702723824e-06 6.397666061027881e-07
1.3210546254913943e-06 0.0017416204029703215 0.00013535665006541775 0.0 1.0582187524268021e-07 1.1408022479113828e-06 4.260986267604017e-06 2.5028419452072537e-06 0.00169030554360993 3.7557149909306913e-07 8.583439309652737e-05 1.1198615587528888e-06 0.00032213155273973215 2.203989930062951e-06 3.210422222497072e-05 0.002778902769207775 8.580145755003633e-05 1.1039992798539426e-05 9.92244178489156e-06 4.3970958604781966e-07 0.00010711192046118434 0.0 0.0004290480023379204 0.003627814897621877 0.0005376116303066492 0.00029448598553737186 0.003989672260897722 0.00013740374645093549 1.7756527235021772e-05 3.80443509686311e-05 1.2152699384057924e-05 0.0 4.211802995616593e-06 6.598131532142082e-05 8.66472852945491e-07 8.251295117867756e-05 0.00012761092293293798 9.627765858849337e-05 2.1880615167990875e-05 4.67249602845568e-05 1.0317163099971766e-07 4.478230933133713e-05 2.003865400769877e-06 1.6106624822255359e-07 4.6056783617700216e-05 4.312775411734068e-05 0.0 0.0 0.0 2.0936480510800625e-06 1.8809471450969807e-07 2.4100301221899882e-06 5.913800996146382e-08 1.1140677439944976e-06 0.0 7.062187800769495e-06 1.619645035655641e-07 0.0 0.0002209109627876124 4.7021386248724505e-06 5.512287238904116e-07 2.1984490210162984e-06 0.0 3.5381365383635666e-05 8.930469535810178e-05 0.0001065680801522347 2.1926309100276817e-05 1.8225449503534013e-05 9.45023445639563e-05 0.0006590180118829096 1.9785699759874937e-05 4.18883678631862e-07 9.882535378619206e-06 8.160325172463788e-07 0.0 9.777896914903096e-08 2.03743973113156e-06 8.013958427833237e-08 2.1141487458268e-05 1.1985162134067632e-05 1.085426276385531e-05 5.0311554452487925e-06 3.3908685524512046e-07 0.0 2.4169339344262255e-06 7.953368752985783e-08
7.983734999252588e-05 8.471429781419238e-06 0.004810503839108049 6.860774137110191e-07 4.165064553361515e-07 3.0878044264300855e-05 0.00019683040536676844 0.00024127114322005047 3.595858999496348e-05 4.52189029561116e-06 3.1866053535456264e-06 5.393260496424959e-07 9.813459863982838e-07 0.0001678401634313769 0.0 0.0012384025573827845 0.0011282548509384052 1.9801256807206204e-06 0.00011259893064922996 1.5285445239540675e-06 0.005702029270778251 0.0004290480023379204 0.0 0.0005907321973604656 1.5940433805906988e-07 0.0003312391883903735 0.003970211686104836 0.0015928220391364777 0.00013950323146320084 0.002069476514276323 9.92584279543009e-08 1.6753459258251633e-06 1.9086737417604488e-05 0.002169569122801802 8.811674649729385e-05 0.004711928133021533 0.003343578392505317 0.002792483230352467 0.002393684693500413 0.00028625837640383275 2.120494378502263e-05 1.1447432594558589e-06 4.0041192983534736e-05 8.608514051979614e-07 1.6631725857503457e-05 0.0001020735031777788 0.0 0.0 1.971735236427695e-07 4.798757077608345e-06 2.2344096918956832e-07 2.652274205074764e-06 4.561618318283727e-07 0.0 7.278279287888981e-08 0.0 5.700094381846817e-07 1.5547801321227922e-07 0.0006108980764323247 2.8314388436400004e-06 1.1018952514908502e-07 4.903039911347666e-07 5.448454826742333e-07 0.00012302764219240074 0.00034011499893085685 0.00034606837915816807 3.329964133702065e-05 1.58730339161465e-07 3.2625723556447925e-06 0.0008667185136149786 6.147154210057216e-05 3.1085302854564864e-06 3.8487418443090195e-05 0.0 0.0 4.434226281630944e-07 2.682619556573854e-06 1.4737110699040691e-05 0.0004996044436863172 1.6462517934902323e-05 1.4731178449277807e-05 1.6677714520028034e-05 2.3666558959704024e-06 1.8245343826231467e-07 2.8913284946837906e-06 0.0
