0.0 0.0 0.00017359618990122922 8.322008873575127e-06 0.0 1.9274323244422906e-05 0.0014439608782531857 0.0002760565059690814 6.721360507051572e-06 3.4361555419758314e-05 8.883063983201205e-06 1.6665316914284256e-06 1.1001414405228216e-06 0.0031601548148587543 7.942516603241699e-08 3.7221532678951646e-07 0.0001313667894441935 9.830738059610399e-06 9.187983175224304e-06 4.744520219227164e-06 2.497547642820182e-05 0.0 9.230988723091062e-05 4.044956866653451e-05 0.0 9.077571282418612e-05 2.503685251968178e-05 6.597040954712978e-05 0.0016966378713192869 0.0011111999227627406 6.897455232379666e-07 5.457374165756327e-06 2.5537129918897258e-05 0.0001255149003996766 3.4949166873720793e-07 9.958625753393817e-06 1.6603403534060456e-05 0.00011552282500337621 7.95347000192558e-06 1.1142344361673805e-07 1.0970099405676973e-07 1.748827060548352e-07 1.6624172205802402e-07 9.115062675415666e-08 6.49605931816514e-08 3.1315100016308936e-07 4.21300323304394e-07 0.0 8.574312671006666e-08 8.802097077144922e-06 1.3974720200688124e-06 7.736506097533632e-07 5.377141455977805e-07 1.0089626396976357e-07 2.2563975215713843e-07 7.410976693482924e-08 6.550745122259991e-07 0.0 7.752700746518284e-07 0.0 0.0 0.0 1.402027289347952e-07 0.0 3.930742576185041e-07 4.1344865980780277e-07 1.3415656304595193e-05 9.045320786499937e-08 6.471957032292463e-07 2.6746576285918533e-06 1.7749407909066122e-05 1.1458621691030714e-06 2.8263249519453226e-06 0.0 1.795198264521739e-07 0.0 4.292693236141379e-07 0.0 2.175509851352334e-06 9.245186458346334e-08 1.4069019258949641e-06 1.2127027944830945e-07 1.3683510379269406e-06 3.0546592528006153e-07 0.0 0.0
0.0 0.0 3.0176869938729052e-06 0.0 0.0 2.4220862552263514e-07 7.89326583937527e-07 1.9568755319235673e-07 0.00031377912976241986 1.261874621515452e-07 2.868279519653745e-05 5.613543519879734e-08 0.00040155227043765486 6.380896457316491e-08 1.988501622335237e-06 2.8942838686762463e-05 3.1333344710688374e-06 1.1971650355060247e-07 0.0 0.0 1.626581097910653e-06 0.0009783636187915468 2.18483721105495e-06 0.00035696563739903134 0.0011881009768772413 3.499070516205467e-05 0.0017766702085956747 3.6781580626273612e-06 6.951878471833508e-08 1.381750848567079e-07 1.2801534221886027e-05 1.0000474020296366e-07 0.0 9.54734085984908e-06 0.0 3.0718059437915227e-06 2.390706408667242e-05 1.3744779016987309e-05 1.3221337647667047e-06 1.4300185139657668e-06 0.0 0.0001513300097883963 0.0 0.0 7.813007933597182e-05 6.505685501625224e-06 1.0907186350250276e-07 0.0 5.554624747991285e-08 1.6781694246232074e-06 3.657071123949168e-07 2.8225191121582346e-06 3.271884729143082e-07 6.138129891898477e-06 5.3487255910597674e-08 2.167143835843597e-05 1.4516067972213324e-07 0.0 3.1434793532496647e-06 5.126757422284453e-06 1.7775188455818523e-07 5.2703204085248314e-06 2.3124124545102486e-07 2.241535469867393e-07 3.610562348223486e-05 3.4027269169979896e-07 5.34985631735406e-06 1.2450080590098071e-05 8.138219155628543e-05 0.0007570178156359788 3.731176668959387e-06 2.747758901723939e-07 0.0 3.265812493248508e-06 1.1573855754498381e-07 0.0 2.3816945323807947e-06 6.384470462013932e-07 5.709321543448488e-06 6.0537745504788715e-06 5.3683762700553e-06 1.0907268875122265e-06 4.7662990910832174e-07 2.1387794859805508e-07 1.5537176199978568e-06 6.61638735892411e-08
0.00017359618990122922 3.0176869938729052e-06 0.0 1.9774271752123208e-07 0.0 6.781147081390837e-05 0.00024243314789599896 0.000770163453425883 3.058206466814978e-07 1.0801964917872697e-05 1.4278586937470632e-05 3.5310968271299975e-07 3.735581874532904e-06 0.000940358209371536 3.5285265162379145e-07 1.3626971273858633e-06 0.0018465453442427977 1.5164512288715827e-05 1.3053282981746194e-05 2.944694382475642e-07 0.0013862299179395582 2.1903637701703903e-06 0.006561369822764138 5.239587261148292e-06 7.056889019276143e-07 0.003516961797709003 0.002390227366743501 6.020178759612033e-05 0.00011641857482501664 0.0006846691164726375 7.505079884741516e-07 4.049144179455308e-06 6.906824277109411e-06 0.0003798563199836027 2.270304530872083e-05 0.0010864068117501387 0.0030041421226194354 0.0014888696603176346 0.00043265159448115055 1.4301874268305562e-05 2.559465178390553e-06 8.116610140291248e-06 2.702750003985128e-06 6.295088012369582e-07 0.00016071879504160144 0.00058272362775222 5.625913479918135e-07 0.0 4.482526913453092e-07 1.753298838577296e-05 3.848674848137111e-06 9.773230024494927e-08 1.3719201190390251e-06 1.581534505840218e-06 0.0 2.750503272321861e-07 4.327395459096476e-06 0.0 2.042405153234999e-05 0.00013681381086077266 9.540367799196095e-07 5.032822956515338e-05 4.5512723643734614e-07 1.0529045410742119e-05 0.00012403688103079807 1.8458091682451868e-05 1.3762729520164893e-05 9.716855889093947e-07 0.00031608459224330773 0.002627258524956528 1.5845114949160635e-05 2.3688359652996138e-06 6.014616582442908e-06 6.494332116448288e-07 0.0 3.353162319415489e-07 2.3573559997265234e-05 3.1631821943430285e-06 6.41923894646117e-05 1.813342569985769e-05 9.076658946835906e-05 2.292166132516954e-05 1.077146411189782e-06 4.0060820434466214e-07 0.0 6.45469099518717e-07
8.322008873575127e-06 0.0 1.9774271752123208e-07 0.0 3.018774488297062e-07 6.300360134547223e-05 0.00016504119090076383 4.0078860977461856e-05 0.000670692227633928 0.0012970752343026866 2.553067355962391e-06 0.0005779825792307695 5.848920640818448e-07 2.3775145515350754e-05 5.0509616287598455e-05 8.578960774786724e-07 3.3680626435238795e-07 1.1508032999660178e-06 6.906933951468265e-07 0.0035032129968483594 2.0095588161791363e-06 1.6633924333379926e-06 3.459566939188351e-07 0.0013032446620672349 2.7682970699369765e-06 3.6929019562561887e-06 9.937640603364488e-06 0.0012312626756277008 7.448309651483234e-05 7.889637535704087e-07 2.7918109973261977e-07 2.1323362110854564e-06 4.489746484270785e-06 2.4577355132801322e-05 1.8571468035303686e-06 0.00013387231130313458 1.4428124485240193e-06 7.414838687658022e-05 3.765284977952327e-05 5.273287443586166e-05 7.79991214538278e-06 7.809529605924029e-07 2.5159945801459196e-06 1.4937740965082137e-07 6.227098481303176e-07 2.069966579947429e-07 0.00015505668305515797 8.39628618992034e-08 1.1759929227878544e-05 3.7060268741557193e-05 9.117014161395707e-06 0.00012061268287234118 0.0001242732857299145 2.2228955331783607e-07 0.00013478372858733592 1.70859941468982e-07 6.258811314524729e-07 2.039224334901427e-06 3.1534243418516834e-07 9.635187840562492e-08 0.0 3.301823556686577e-07 0.00015857144611311328 9.426762904276095e-07 1.3245805913406783e-06 1.119792346760758e-07 0.00016097603195262453 2.9435045093697184e-07 2.4901451948928166e-07 1.3620184021742293e-06 0.00021316869149607803 5.146594192872959e-07 4.6278012263359106e-07 0.0 5.620031091096214e-08 0.0 1.1551038424736309e-06 0.0 2.7936833351766015e-06 0.0 5.868716898472212e-06 2.1987288460118653e-06 1.7561526594810387e-05 3.023045329824178e-07 2.122627574514144e-07 1.1742945629157588e-07
0.0 0.0 0.0 3.018774488297062e-07 0.0 0.00028676550712896184 1.1951075987531381e-06 4.716448925549979e-06 2.294541525242801e-05 5.242153704932848e-06 5.933918049662345e-06 4.264168268957198e-05 2.7436294049703184e-06 9.3199486501749e-07 0.0005755690470453017 0.0 2.179845337362504e-07 2.515600103284414e-06 6.541556675438509e-07 2.8175685806359577e-06 0.0 0.0 6.259102105063984e-08 4.741853134965874e-06 7.497966519846027e-07 3.1330510360073027e-06 1.3499089695686503e-06 1.857259946325873e-06 2.802536705104219e-05 1.1754195722696442e-07 5.605733557357104e-07 3.0184563672743573e-05 0.0 0.0002186864703837438 2.6375619331865398e-06 7.062389609767857e-05 1.741690700316557e-06 6.028337800349806e-05 2.9139097973862618e-05 0.0005278171523450293 3.399152878812194e-05 2.1167198142774737e-06 7.447038707059348e-07 0.0 0.0 0.0 0.0 0.0 2.079946508065297e-07 4.14246408210408e-07 0.0 5.097627202938311e-07 0.0 0.0 6.0809620027771e-07 0.0 0.0 0.0 8.831860437674378e-08 0.0 0.0 0.0 0.0 0.0 0.0 0.0 1.7969066091060028e-07 0.0 0.0 6.754928678797245e-08 3.796997466323572e-07 0.0 0.0 0.0 0.0 0.0 4.3759312505949395e-07 0.0 3.4547092142600324e-07 0.0 2.241071656166585e-07 8.239353464784235e-07 3.058393507244642e-06 0.0 3.3314212814258674e-07 2.408921106252392e-07
1.9274323244422906e-05 2.4220862552263514e-07 6.781147081390837e-05 6.300360134547223e-05 0.00028676550712896184 0.0 0.0014697961197239606 0.0020186421548665195 4.075991367354188e-05 0.002799318350161196 6.963738700056579e-05 0.003772021342549543 1.625279518420403e-05 0.0002187143055845264 0.0009644164984043945 1.0013279926941115e-06 1.8533866789343226e-05 3.514101874661076e-05 2.1885935981115036e-05 0.00019239557228545748 5.810231514520417e-05 1.2763822548078752e-06 1.447643718051468e-05 0.00013392794743495088 2.491238880675727e-06 0.00013456234270927328 4.7952723369600586e-05 0.0006311161206669568 0.0002611380537137568 2.1797179217508562e-05 5.353125271054897e-06 0.0001463394322268064 4.0278456741149645e-06 0.0005625175373675729 1.160013865047877e-05 0.0006587449427154276 2.0108369075758702e-05 0.00043347825866202274 0.00019041156647063977 0.0015173241459149646 0.00023354063993787628 1.2106195154851505e-05 4.8517362099865715e-06 0.0 0.0 7.688956023770586e-07 2.168428803914325e-05 0.0 3.820595437520827e-06 4.9686766298668276e-05 1.134737315230208e-05 9.371012246276308e-06 2.842334226944586e-05 5.6344777277441246e-08 2.085425718635104e-05 1.3739867730626376e-07 1.777251373302319e-06 0.0 1.0789661962448954e-06 1.2094599656849658e-07 1.3090197652665407e-07 0.0 3.447753175657575e-05 8.801110833163944e-07 3.481109638415594e-07 1.0028462031626894e-06 4.657253595672662e-05 1.5035086426999618e-07 6.961966041088749e-07 7.085303584527115e-06 7.666291248211113e-05 7.923012228485396e-07 2.7053041089059736e-06 1.3090381439940696e-07 0.0 0.0 3.0243245929146256e-06 1.8315038739787442e-06 6.257747644672312e-06 7.733789035890932e-07 5.378268095895586e-06 1.722187094995051e-06 6.1630830969089096e-06 3.16339243343115e-06 1.6716145497889116e-06 7.202905178930893e-07
0.0014439608782531857 7.89326583937527e-07 0.00024243314789599896 0.00016504119090076383 1.1951075987531381e-06 0.0014697961197239606 0.0 0.0030297694960453154 0.00010072673249933161 0.004863819852943743 2.9719998576996036e-05 5.542451647646304e-05 7.361589931019485e-06 0.0035653846974590016 9.025990814306427e-06 3.381223441403863e-05 1.6226951551771714e-05 1.6398769758499374e-05 1.0554677735648358e-05 2.6442118423876667e-05 0.0005465936082832759 1.0636686364725163e-05 0.00019811140809512453 0.0008431235599704224 4.325909329673544e-06 0.0002565949700014007 0.00030698951024272115 0.00952829934012567 0.0007766908099947719 0.0031985510449136913 2.7899163378932695e-06 2.0123861804859972e-05 5.776442658110919e-05 0.000290374981809738 2.6527449368751484e-05 0.0011374080714416563 4.250270971279115e-05 0.0008252374853198643 0.00037411401380696104 0.0002045015964264487 6.062379898083135e-05 5.0643743678979236e-06 1.937871783738383e-05 1.47558754428979e-06 3.7347419626981194e-06 7.908298247132633e-06 6.180470355875072e-05 0.0 2.2442443551690324e-05 0.00046924350628052097 0.00013805493352282938 6.909533422344463e-05 0.00012482737893768545 2.4856437940228684e-06 6.493713897515986e-05 8.623474611001219e-07 2.5466837345896152e-05 1.0773299911562148e-06 9.909544863188995e-06 4.4342636573543275e-07 1.2978300464456262e-06 4.791345190395204e-07 0.00011620419352652669 6.171008060033346e-06 8.450583744392817e-06 9.347426550155423e-06 0.0004480314274047217 3.863021629689922e-07 4.509557767829986e-06 6.962290239450332e-05 0.0005867026246981303 1.532892592539103e-05 2.4548581783692652e-05 1.444681445512456e-07 7.071595230533474e-07 9.77926921057362e-07 1.6995577808116107e-05 2.090629237129191e-06 4.5116325399887116e-05 1.2144771788984904e-06 5.072936850807933e-05 7.599083276718926e-06 4.422918357621494e-05 5.7738650391829505e-06 5.72948634043636e-07 7.508593092129883e-07
0.0002760565059690814 1.9568755319235673e-07 0.000770163453425883 4.0078860977461856e-05 4.716448925549979e-06 0.0020186421548665195 0.0030297694960453154 0.0 2.0385223795363354e-05 0.0016987263848419539 0.0001104196372506433 0.0005434950977095143 8.895428110684644e-06 0.003553481815984749 6.501737638925473e-05 1.2729821981884254e-06 0.0003718989330761698 8.213383370759682e-05 5.6956106160343186e-05 0.00016267023947615157 0.00020500854151239714 1.481379072031643e-06 0.00016277434659152823 0.0003288797601098581 1.2876572373697146e-06 0.0006815766793786235 0.00013187558949391545 0.0007169574241354985 0.0014074428591922966 0.0005210350165395259 7.046697855392953e-06 0.00015171311942287203 5.170365621783025e-06 0.0005988990168908863 7.6408306599555e-06 0.0003771313493884008 6.527300469916087e-05 0.0003269646788329064 7.977843152368296e-05 0.00033961258732851914 2.3741167553795117e-05 5.189748645110423e-06 3.3203850867738064e-06 9.930804649613556e-07 5.92241123201086e-07 3.408777401409397e-06 8.87928677595666e-06 0.0 5.4475994016462895e-06 0.00020094371409098757 3.2644355326697564e-05 1.3752543279867064e-05 2.813182799503686e-05 6.430458822342062e-07 1.5709684406330327e-05 4.589850828406196e-07 9.367881942333824e-06 1.1092948641075712e-07 5.064559199690918e-06 7.24459295688433e-07 3.641337218899554e-07 1.2152491452553405e-07 2.8337142473217136e-05 1.7181288407275351e-06 1.661528902127309e-06 4.809375455655581e-06 0.00018568668153772552 3.4624284791576566e-07 1.7178559026702487e-06 1.7498401514250038e-05 0.00020463229180773905 7.5075528362182e-06 1.388164709524709e-05 0.0 1.782579812924364e-07 4.3459590144317716e-07 6.5045115793411755e-06 5.396390282700571e-08 1.755305994560232e-05 6.283686384029561e-07 1.1239693750499454e-05 1.6485216427683302e-06 1.3553575083943693e-05 1.6568844023319972e-06 5.696106823737416e-07 1.4337651192336303e-06
6.721360507051572e-06 0.00031377912976241986 3.058206466814978e-07 0.000670692227633928 2.294541525242801e-05 4.075991367354188e-05 0.00010072673249933161 2.0385223795363354e-05 0.0 0.00016139818203493442 3.2570570109752037e-06 0.0007119794556687003 3.13349726832234e-05 1.0753922979925783e-05 0.0005584846696682866 6.978499101849171e-06 3.011871310662484e-06 4.653873982895895e-07 2.0120256679913704e-07 0.0007626352476919461 4.469819012070562e-06 0.0014355962944991502 1.3017981851476178e-06 0.004876904267101884 0.00017701478469662576 9.377592871262692e-06 0.0007142879120562624 0.0008491868321967905 5.2902727139341167e-05 4.222511348927152e-05 4.0957292185281466e-06 2.319314161049282e-06 8.119574864257494e-06 1.2976797885872856e-05 2.270787467220281e-06 8.826807055444013e-05 9.093080210315041e-06 3.1816485042827966e-05 2.047808107633725e-05 0.00028369343007701237 3.4505670876129607e-06 6.342578927360868e-06 9.889709137118194e-07 4.256821217145833e-06 9.944362804353475e-06 1.2753666686501915e-06 0.00014519350639395067 1.0399953722930238e-06 2.4639410938196695e-05 8.244120067104392e-05 2.310819436640565e-05 0.00011647870296900373 7.424673384758665e-05 1.3910174468410028e-06 0.00017504044344930037 2.5390780865071706e-06 1.2186588808063943e-05 9.732774602016299e-06 4.7894424399367834e-05 8.173422789739048e-07 1.667852061473223e-07 6.818263607748259e-07 0.00013576334518720698 1.681913869493576e-05 6.881931792863237e-05 6.4615705715057026e-06 0.0012552360838868676 3.327458632421882e-06 5.1110901670324165e-06 2.4145534215892877e-05 0.000455098404144748 3.060630140577645e-05 7.770165281854306e-05 1.6434824269089856e-07 1.0297314788813516e-07 1.7952553382447982e-06 6.261885258365032e-06 1.3355699062840596e-06 2.6303843432097644e-05 1.3740454454559228e-06 1.6595426855349582e-05 3.3776065492879256e-06 5.166906156425177e-05 1.499346686163361e-06 5.674384044874058e-07 5.362727151538192e-07
3.4361555419758314e-05 1.261874621515452e-07 1.0801964917872697e-05 0.0012970752343026866 5.242153704932848e-06 0.002799318350161196 0.004863819852943743 0.0016987263848419539 0.00016139818203493442 0.0 2.4266533781867405e-05 0.003708032878900745 7.5362823315301585e-06 0.0004025564207570506 1.8999161345158478e-05 2.080981011156197e-06 1.8173551441452798e-06 1.6987253711654298e-05 9.085766198352789e-06 0.002425876694130135 2.0275129141720384e-05 1.6054380981334327e-06 6.6922567514783904e-06 0.00045314071494549364 3.2647493336948147e-06 5.591297732663432e-05 4.1485129040579214e-05 0.0030327138192412823 0.00038785487351844234 5.757819026662171e-06 3.0345254006463803e-06 2.503080895619684e-05 8.991492148715518e-06 0.000192746589958679 1.1472296692218609e-05 0.0007901063389519282 1.7437323835896537e-05 0.0007536260167342897 0.0002338683706191331 8.778784813034547e-05 8.045044424595033e-05 5.4376071266912924e-06 1.586837529795046e-05 3.49620989596988e-07 4.317964066227945e-07 1.671775090565238e-06 0.00021564735386533286 1.5903761169702547e-07 2.1272924854611266e-05 0.00013523460744735018 4.28785550455765e-05 8.439097372178697e-05 0.00021430771041176634 7.977996517467469e-07 0.00021925834453996753 4.1571373631467915e-07 4.700123919161261e-06 2.9911501246089533e-06 1.2837708102511144e-06 0.0 2.8474737842775044e-07 3.68480414538539e-07 0.00027374468928434626 6.06788559794084e-07 1.4476659953815243e-06 1.1996264534341762e-06 0.00024024782893902709 8.606432786398368e-08 1.6311528721641894e-06 5.531991054009565e-06 0.00038991798509614424 2.1055832901119646e-06 7.439124093430941e-07 1.0925442287148506e-07 2.2900655165184878e-07 0.0 1.2096863150633146e-05 5.184741574084064e-07 7.617255317317346e-06 7.276759557300535e-07 1.651075091078238e-05 9.939252086871956e-07 2.1019997878781684e-05 2.0602096085187275e-06 3.0194456507221184e-07 0.0
8.883063983201205e-06 2.868279519653745e-05 1.4278586937470632e-05 2.553067355962391e-06 5.933918049662345e-06 6.963738700056579e-05 2.9719998576996036e-05 0.0001104196372506433 3.2570570109752037e-06 2.4266533781867405e-05 0.0 3.7536044881030974e-05 0.0007604233539202157 7.068044699178727e-05 3.828922719362958e-06 3.0995637745165554e-06 0.00019668809259810508 0.0011707721416493511 0.0003623432128879953 1.4473656407278782e-05 8.287922756596677e-06 1.0411343151941355e-05 4.522042928602967e-05 1.4511908359861491e-05 0.00011195120806543073 0.0009376021016039287 0.00021258568447150083 1.6588766237051298e-05 0.00012405443421857742 1.3746351494535962e-05 7.088689810057753e-05 0.00017234999263329918 1.2332109308188057e-06 0.00404590668811075 1.1572581702036326e-05 0.0004014248292273491 0.001299340712275125 0.0012632661422603577 0.00031919270785502583 2.97300708293161e-05 5.119005527770054e-05 0.0004476902782111738 1.5173955853006298e-06 0.0 2.9427443317107638e-06 1.4310229413255434e-07 0.0 0.0 1.4278628766019273e-07 6.854469417924085e-06 3.661222005408746e-07 4.768693109712538e-07 1.329500441152096e-06 0.00016660580119389723 3.5890501377503974e-07 0.0002965885235037424 5.970869438169534e-08 0.0 0.0 0.0 1.690964957851685e-06 5.439747574694639e-07 0.0 2.1530137905182256e-07 8.156673031422264e-08 0.0 8.457621549196577e-06 6.327771920145162e-06 1.81203761734121e-05 5.321623707087018e-05 8.980934694001982e-06 1.0968250330272367e-06 2.576320177846019e-07 1.369482473456727e-05 0.0 0.0 2.451112274363479e-05 2.550478706209867e-06 3.7475848420802053e-06 9.25357884712974e-05 1.0777624374322507e-05 5.632594450364797e-06 0.0 1.114108504010073e-06 7.284025023109836e-05 0.0
1.6665316914284256e-06 5.613543519879734e-08 3.5310968271299975e-07 0.0005779825792307695 4.264168268957198e-05 0.003772021342549543 5.542451647646304e-05 0.0005434950977095143 0.0007119794556687003 0.003708032878900745 3.7536044881030974e-05 0.0 1.184550232943207e-05 0.00010172440175381964 0.0006029289591512346 2.1104478602192784e-07 5.341405036908386e-07 2.116544932910953e-05 1.0807521177968634e-05 0.00375708446304047 3.549469534728733e-07 6.966453081833632e-08 1.8310858994556217e-07 0.0003227824898089888 1.43343177735543e-05 4.858305667802956e-05 2.6178461014025792e-05 0.0002291379984081451 0.00012452481107860065 4.883966641597242e-07 4.292032881683857e-06 4.288256463010309e-05 5.343874962473098e-08 0.0001846411056621604 4.6705102794804746e-07 0.00025429828486988384 5.713014858379932e-06 0.0004960488579842532 8.121055436607041e-05 0.001228865433628707 5.970213297663201e-05 5.6614813568866805e-06 2.934212519747501e-06 0.0 0.0 8.65372870747595e-08 6.029008636662084e-05 0.0 1.5349310481727623e-05 2.5772016096581834e-05 5.6748429868167246e-06 4.40747500032057e-05 6.114386130747423e-05 6.350077284737646e-07 0.0002502704200436198 0.0 5.706685635249949e-07 4.340518608093316e-06 0.0 0.0 0.0 7.19870757324428e-08 0.00010203281449477004 5.8400372170866053e-08 0.0 0.0 4.835911170368667e-05 0.0 0.0 2.1392858777312521e-07 6.527809722927686e-05 1.9405307355124084e-06 0.0 0.0 0.0 0.0 6.0514580175216224e-06 6.79347616610267e-07 8.412735366341078e-06 6.706130565847005e-08 4.151790831840251e-06 3.160954305855759e-06 8.54163953691292e-05 6.201528568323072e-07 6.21353157175075e-06 2.4800410329555863e-06
1.1001414405228216e-06 0.00040155227043765486 3.735581874532904e-06 5.848920640818448e-07 2.7436294049703184e-06 1.625279518420403e-05 7.361589931019485e-06 8.895428110684644e-06 3.13349726832234e-05 7.5362823315301585e-06 0.0007604233539202157 1.184550232943207e-05 0.0 5.29568462327813e-06 6.941446108081723e-06 2.796307339062689e-06 2.3231013071588462e-06 6.929955524308436e-06 3.1489969582171594e-06 6.886197580040944e-06 2.2676780536318614e-06 0.00011298951023067276 7.1345077039006854e-06 2.8613838190915058e-05 0.0018894443555775619 0.00023864698451413855 0.0024151911882757267 5.809085905044863e-06 6.436619965829398e-06 1.9032589073126843e-06 0.0002087270286905952 1.480088385027153e-05 0.0 0.0006678071019844483 3.358435577406467e-05 0.0007387103532096719 0.00358570222489789 0.0019599797494350836 0.0003259911276795648 4.619307132624524e-05 0.000133415217483051 0.0008777830627335102 3.5319347575705125e-06 0.0 9.528682719847704e-06 4.90253609327484e-07 1.3782806577665685e-07 0.0 2.1599484910592183e-06 1.2767274280417555e-06 1.715459256799834e-06 7.648286730312127e-07 1.8342115987494547e-07 0.0009462233540633164 3.6474371225531414e-07 0.0016138186037897577 5.58947659611404e-07 0.0 2.429617825874069e-07 6.728279364411828e-07 1.165038812476457e-06 3.775812901120491e-06 1.2012442439149488e-06 0.0 2.7172762193272283e-06 3.1650802823455164e-07 2.497485618800816e-06 7.525968168112654e-05 4.1610851090359724e-05 0.00015972470997785177 2.533926616888382e-06 8.430737613012069e-07 8.731152984232979e-08 4.910197393021318e-05 2.2088663846750985e-07 0.0 0.00011269271464751307 6.427937898798491e-06 0.00010200436574747791 0.00042271933589080085 5.493680880727684e-05 3.95603341954974e-05 7.222781920261742e-06 2.2880138553106282e-05 0.0002456042287770688 6.771440893057396e-06
0.0031601548148587543 6.380896457316491e-08 0.000940358209371536 2.3775145515350754e-05 9.3199486501749e-07 0.0002187143055845264 0.0035653846974590016 0.003553481815984749 1.0753922979925783e-05 0.0004025564207570506 7.068044699178727e-05 0.00010172440175381964 5.29568462327813e-06 0.0 4.276426407794056e-06 1.2765636261376375e-06 0.0005022047453747833 6.350709373429835e-05 5.665691143563339e-05 6.619649844189937e-05 0.00015071683781812638 2.3815816128409827e-07 0.0002860703322027017 9.900229643014651e-05 0.0 0.0006125894481128972 0.00014845438320218042 0.0002916790968667131 0.00530743747920355 0.0015848971411259014 4.077646161269952e-06 0.00012068829943181063 1.320234881814483e-05 0.0006798321339635833 1.9254991330702217e-06 0.00012853880459414915 7.827527940437684e-05 0.0004945833818656841 3.891405942997242e-05 3.095178878832305e-05 8.74939058227077e-06 7.002620982395557e-07 9.976747122923496e-07 3.884410123021108e-07 2.756701966619303e-07 2.0304913137454542e-06 2.5834487281152908e-06 0.0 3.473056526523766e-07 3.802726867587642e-05 8.698011812919138e-06 4.208121559955911e-06 3.538749342562325e-06 6.630709610257726e-07 2.5476551236949653e-06 2.738069285740271e-07 2.8207211583204633e-06 0.0 4.5952457743043015e-06 3.8756624467236173e-07 0.0 2.6096746181466675e-07 3.2351189777440654e-06 1.7235565812921601e-06 1.7782970112708736e-06 4.370219273640313e-06 4.512106805245287e-05 0.0 1.4591971239832202e-06 1.541159527570257e-05 6.670190195127897e-05 2.3283915182302896e-06 8.356751067272565e-06 8.212685492601678e-08 0.0 4.5347227787050984e-07 8.091815777719195e-07 1.2006113140272033e-06 1.091956487373916e-05 2.1796592776632032e-07 6.2702858757153825e-06 6.399262188174838e-07 3.2610899616020192e-06 8.774935339118405e-07 7.686934284008219e-08 0.0
7.942516603241699e-08 1.988501622335237e-06 3.5285265162379145e-07 5.0509616287598455e-05 0.0005755690470453017 0.0009644164984043945 9.025990814306427e-06 6.501737638925473e-05 0.0005584846696682866 1.8999161345158478e-05 3.828922719362958e-06 0.0006029289591512346 6.941446108081723e-06 4.276426407794056e-06 0.0 1.835557750840007e-07 1.8760751108264203e-07 7.260090569703866e-07 5.051947573338993e-07 6.651586093369511e-05 3.0105929246479704e-07 5.659136598031186e-06 0.0 0.00037584195968287193 4.260186693053224e-06 2.10334245678125e-06 6.364366302866774e-06 3.894753591937601e-05 0.000339725339693671 1.3239190847243156e-06 2.6573918147422547e-07 0.00028529502214136066 2.683704890108193e-07 0.00011713576525024648 5.010306798682211e-07 0.0001657289307945296 8.653685914143785e-06 2.9838984946725144e-05 5.528238018180425e-06 0.00150763257372904 4.8804613127427846e-05 1.2558309551734198e-05 1.7908804595650584e-07 0.0 0.0 8.896453890856709e-08 8.825669932076793e-06 0.0 1.531027837807492e-05 2.98670977221073e-06 7.672554225397122e-08 1.6277474382719223e-05 1.1432834295112614e-05 2.757903799851601e-07 6.933186412515064e-05 6.688058814894946e-08 1.3946684229250832e-07 7.457178342731405e-07 1.8242000161637814e-07 0.0 0.0 0.0 1.9530090399436083e-05 6.926029449370908e-08 0.0 0.0 1.323869643555237e-05 0.0 0.0 1.7805068040869376e-07 1.2890296558911399e-05 0.0 0.0 1.0556118368750564e-07 0.0 0.0 5.347730181635278e-06 0.0 1.6176055293785115e-06 3.720555395011514e-07 2.345105531716051e-06 6.078749698334495e-07 6.544533979863016e-05 1.0011144047706047e-07 5.631420878911121e-07 1.8727800561431222e-07
3.7221532678951646e-07 2.8942838686762463e-05 1.3626971273858633e-06 8.578960774786724e-07 0.0 1.0013279926941115e-06 3.381223441403863e-05 1.2729821981884254e-06 6.978499101849171e-06 2.080981011156197e-06 3.0995637745165554e-06 2.1104478602192784e-07 2.796307339062689e-06 1.2765636261376375e-06 1.835557750840007e-07 0.0 8.3722138043636e-06 2.441949314172629e-07 3.214423657457174e-07 6.742330679015971e-08 0.0012268789471720516 0.00044493775417981995 0.002157705281398901 0.0018899201150007663 6.401151824354688e-06 2.4014463250753964e-05 0.001819199495120565 0.001059493814029303 4.808839952957283e-06 3.5209216132713426e-05 1.2166034302318273e-07 9.187491606056891e-08 1.4459061066392949e-06 1.2983719717317869e-05 1.8943772871678994e-05 0.0005327332492282586 0.0003335151099101547 0.0001410808557294916 0.00018748764471870796 9.222202667545377e-06 6.798176336299548e-07 9.566701087175609e-07 3.661113108458105e-06 7.935223637115152e-07 3.948671802297805e-06 1.1895743240267387e-05 8.730361542803683e-07 0.0 3.683286365481362e-07 3.0187836493551944e-05 2.5471951531814324e-06 5.313092551336021e-06 2.4131586747079335e-06 1.0709857819878815e-07 0.0 1.063414703056039e-07 1.270649475206774e-06 0.0 0.002272120872044688 1.6422469099741075e-06 6.485190752657633e-08 1.0752640308199322e-06 4.795141573709038e-07 0.0003024297266657087 0.0004453483302126213 0.0013340857726633628 0.00013303459692628902 6.441696158412785e-08 2.532344009112695e-06 0.0006936564407006999 0.00014345332400510468 7.873869061902541e-06 4.054776264360435e-05 5.9079759176159185e-08 0.0 8.698893971906985e-07 2.1283732072643888e-06 1.6877627296958894e-06 3.253280930773232e-05 8.368563366485203e-06 1.132760970526167e-05 1.4624181179759686e-05 5.618348660119094e-07 0.0 0.0 1.0524674399169909e-07
0.0001313667894441935 3.1333344710688374e-06 0.0018465453442427977 3.3680626435238795e-07 2.179845337362504e-07 1.8533866789343226e-05 1.6226951551771714e-05 0.0003718989330761698 3.011871310662484e-06 1.8173551441452798e-06 0.00019668809259810508 5.341405036908386e-07 2.3231013071588462e-06 0.0005022047453747833 1.8760751108264203e-07 8.3722138043636e-06 0.0 0.0005042534446693069 0.0018211829644001274 7.024396864220017e-07 0.0004691079666374179 7.446198268979003e-06 0.002007487879784435 1.541990164327038e-05 7.2801355421723e-07 0.0025262598977853876 0.0022641351955712714 2.6093293683679774e-05 0.0007111641296995913 0.0006256950069890874 1.1322727625529342e-06 6.05092414140051e-06 6.852298227611909e-05 0.00101054620529207 1.3832554284782982e-06 7.962034104635367e-05 0.0001130141397906768 0.0004315714210138026 9.014795898411936e-05 9.203053803558851e-07 4.6938911703973217e-07 6.883794096964952e-07 7.944786794695953e-07 5.307066796479248e-07 5.255314831317636e-06 3.692083102217241e-06 0.0 0.0 5.9224109928083346e-08 2.155125310962579e-06 1.6970977598262204e-07 2.3366966539050832e-07 0.0 1.4710127800046596e-07 0.0 4.640353506540764e-06 3.8190892150855854e-07 0.0 3.151544784071658e-06 2.7437183564168755e-06 8.897703086189451e-07 7.799933103510897e-06 0.0 2.610297138737758e-06 5.311642023222598e-07 1.0377592592255178e-06 2.671680063436588e-06 2.621594957167555e-07 7.91811602743186e-05 9.455282266147716e-05 5.07083211853264e-06 5.903528225686808e-07 1.8649968125428115e-06 2.3545644528087874e-06 0.0 1.0037274531809335e-07 6.279972166783922e-07 4.370922588871773e-07 4.426534034987263e-06 6.771156616800309e-07 2.488773575706504e-06 7.129569551109207e-07 4.004427639032307e-07 1.7303344726162547e-07 0.0 0.0
9.830738059610399e-06 1.1971650355060247e-07 1.5164512288715827e-05 1.1508032999660178e-06 2.515600103284414e-06 3.514101874661076e-05 1.6398769758499374e-05 8.213383370759682e-05 4.653873982895895e-07 1.6987253711654298e-05 0.0011707721416493511 2.116544932910953e-05 6.929955524308436e-06 6.350709373429835e-05 7.260090569703866e-07 2.441949314172629e-07 0.0005042534446693069 0.0 0.0007303882203614135 8.730621428376384e-06 7.78511112221697e-06 2.1317289117485317e-07 3.1003494675104455e-05 7.295830816013724e-06 3.1634641224286393e-06 0.0013789188614401452 9.831698617625304e-05 9.922658320496763e-06 0.00010372090110468817 1.8075075297094815e-05 8.229631811608718e-06 8.793072204586484e-05 2.593526960498541e-06 0.0011946902709778363 3.41942582484414e-06 0.000249418250287274 0.00040612963177651964 0.000542842423658439 0.00019551662503830038 1.0679157794078914e-05 2.431151277530357e-06 4.3470663387454575e-06 5.045880280963321e-07 0.0 4.535232957829152e-07 2.814341842194512e-07 0.0 0.0 1.6470384116826897e-07 6.419309138050836e-06 1.8088646623920586e-07 3.75838471659523e-07 0.0 3.0240484882145457e-05 1.4484617623898603e-07 0.0002357428384444564 6.602965705106505e-07 0.0 4.12980652089346e-08 1.6954404849815756e-07 3.3033145180005643e-06 3.941831056522903e-06 3.4795043901206794e-07 1.665782720407885e-07 1.3657401463260686e-07 2.1667993511143246e-07 3.0201463187789406e-06 1.2322203652454973e-05 5.1354396392156115e-05 0.00010055383362741196 4.15318575333945e-06 1.9658146101101398e-07 0.0 5.0070412185343515e-05 0.0 0.0 9.033767384156223e-07 1.2927233356064406e-06 1.6790111663573274e-06 2.293996423347075e-06 1.341628172751028e-06 5.996326806360454e-07 0.0 0.0 0.0 0.0
9.187983175224304e-06 0.0 1.3053282981746194e-05 6.906933951468265e-07 6.541556675438509e-07 2.1885935981115036e-05 1.0554677735648358e-05 5.6956106160343186e-05 2.0120256679913704e-07 9.085766198352789e-06 0.0003623432128879953 1.0807521177968634e-05 3.1489969582171594e-06 5.665691143563339e-05 5.051947573338993e-07 3.214423657457174e-07 0.0018211829644001274 0.0007303882203614135 0.0 3.6172743057629026e-06 8.24966620733873e-06 1.5304478306816126e-07 4.48861531744517e-05 2.6938346108354865e-06 1.1826851178131205e-06 0.002558301884763836 0.00026460253882036545 4.4555881719828264e-06 9.957990206630423e-05 1.6471189703098986e-05 2.759599390954441e-06 6.38014719287418e-05 3.600329130941281e-06 0.0012795785641044363 1.4563027933341047e-06 9.448710163150043e-05 0.0001456092268797633 0.00031089425355732274 8.066537657536936e-05 6.648347256462897e-06 1.4124807188689915e-07 6.546741151019381e-07 4.914405641625724e-07 0.0 1.2070322194992687e-06 1.4077926682668412e-07 0.0 0.0 0.0 2.793130031823549e-06 4.4197196652777254e-07 1.7850669212039675e-07 0.0 6.921364011381021e-06 2.2912081471252318e-07 7.091320694604544e-05 3.352023555916273e-07 0.0 2.1386663033179585e-07 1.2401833775186366e-07 6.313597025541902e-06 2.4158019997795088e-05 0.0 0.0 2.2335708230436492e-07 0.0 1.8185496657536544e-06 9.154155935181231e-06 0.00016183831657920738 0.00020025379161767986 1.940366917661455e-06 3.5289572402557525e-07 2.9463542486810005e-07 2.964482413954488e-05 9.686174656639288e-08 0.0 1.0186139832769045e-06 6.025094976734398e-07 1.5558548945810026e-06 3.4807901435730395e-06 2.284996181074223e-06 6.833239998260395e-07 1.224326402768628e-07 0.0 1.2465229621047714e-07 0.0
4.744520219227164e-06 0.0 2.944694382475642e-07 0.0035032129968483594 2.8175685806359577e-06 0.00019239557228545748 2.6442118423876667e-05 0.00016267023947615157 0.0007626352476919461 0.002425876694130135 1.4473656407278782e-05 0.00375708446304047 6.886197580040944e-06 6.619649844189937e-05 6.651586093369511e-05 6.742330679015971e-08 7.024396864220017e-07 8.730621428376384e-06 3.6172743057629026e-06 0.0 4.80347152265935e-07 6.61658685383204e-07 2.1931914031814233e-07 0.0003114356350962714 3.203570177655738e-06 2.3095736236315614e-05 1.2326149058943435e-05 0.001098170827234927 0.00010401536435556366 8.718146386667659e-07 1.4786808954284887e-06 1.4401603307662042e-05 2.1958806096897972e-06 7.903234570024152e-05 2.3630554647942786e-06 0.00023132547818918898 5.3701886438187745e-06 0.00031429308539205735 7.729835864091084e-05 0.00019197725523627536 3.091510956843835e-05 5.181504821030134e-06 5.0471746776003415e-06 5.772025161115529e-08 3.917926662901221e-07 6.346263678841829e-07 0.0002871596631839976 2.5735016145974853e-07 3.8397492669531526e-05 8.373989885920925e-05 3.211077842402859e-05 0.0001674917357345062 0.00025592227443963823 1.683619092086185e-06 0.00035784907468917356 7.944382941095369e-07 2.1939894306536444e-06 5.281460588502302e-06 2.1341769901490665e-07 0.0 4.017087113863147e-07 2.0247085846699044e-07 0.00037163355186127793 3.745028923206859e-07 1.6761769393299526e-06 1.8323669087245198e-07 0.00027241385623794014 2.8669713816288617e-07 1.7661139800342934e-06 1.5615752476108004e-06 0.0003726334266228701 1.3198469048829907e-06 1.781569732411521e-06 6.807337952570862e-08 6.747076935566476e-07 0.0 8.621764416584077e-06 0.0 3.638740053537051e-06 4.22761898587879e-07 1.5470332508819485e-05 2.5706275483891574e-06 5.8213881241234885e-05 6.401774492454003e-07 2.3552167660746773e-06 3.77374805706267e-07
2.497547642820182e-05 1.626581097910653e-06 0.0013862299179395582 2.0095588161791363e-06 0.0 5.810231514520417e-05 0.0005465936082832759 0.00020500854151239714 4.469819012070562e-06 2.0275129141720384e-05 8.287922756596677e-06 3.549469534728733e-07 2.2676780536318614e-06 0.00015071683781812638 3.0105929246479704e-07 0.0012268789471720516 0.0004691079666374179 7.78511112221697e-06 8.24966620733873e-06 4.80347152265935e-07 0.0 4.37617983903094e-05 0.01099010849013971 2.6723358710527334e-05 6.313602008927888e-07 0.00025553851767461805 0.0011884313616500758 0.001186569655351355 8.928455025316545e-05 0.005186539521004896 1.1852852014464593e-07 5.790538838737131e-07 2.3032158740054886e-05 0.0022805802777576966 0.0001269972048346593 0.004006669404559192 0.0013385772575878823 0.0032238696686619273 0.0016818002079554977 5.88768432574695e-05 3.1949784016055407e-06 1.4797021307525302e-06 3.014666446415474e-05 3.652881695002284e-06 2.3064913627193792e-06 1.3780684217360128e-05 5.968404456123722e-07 0.0 3.8188256139002887e-07 2.058473055976409e-05 1.3490620969403157e-06 7.189259583707045e-06 2.3541604357531436e-06 3.5705097890469777e-07 5.8805051020169134e-08 0.0 4.9289283167704164e-06 0.0 0.0008126507594726474 1.944564148597444e-06 1.0869062650089395e-07 1.0942070929252204e-06 2.8780221397281385e-07 0.0008032437846452985 9.424055505618158e-05 0.00047374380484143514 0.0002194393501649458 2.9702956708539386e-07 3.45291222121908e-06 8.079765333652909e-05 0.0003106818044929961 3.5221124001309214e-05 0.0001793590253716701 0.0 3.065984136996398e-07 7.443752646391083e-06 1.0060507260680653e-05 4.809208942789485e-06 6.44436057915393e-05 7.335796965669201e-06 1.3120115793176984e-05 8.158306617243265e-06 2.705498369265259e-06 9.99695662686376e-07 0.0 3.5685728864476946e-07
0.0 0.0009783636187915468 2.1903637701703903e-06 1.6633924333379926e-06 0.0 1.2763822548078752e-06 1.0636686364725163e-05 1.481379072031643e-06 0.0014355962944991502 1.6054380981334327e-06 1.0411343151941355e-05 6.966453081833632e-08 0.00011298951023067276 2.3815816128409827e-07 5.659136598031186e-06 0.00044493775417981995 7.446198268979003e-06 2.1317289117485317e-07 1.5304478306816126e-07 6.61658685383204e-07 4.37617983903094e-05 0.0 5.342816877601025e-05 0.0018375686766547768 0.0005486364090587536 2.5713640262603585e-05 0.0013648668348696124 7.441945985979982e-05 8.129786747066273e-07 5.428021268790636e-07 7.1763648492037126e-06 6.775756042866021e-08 2.017718568544429e-07 4.48864284766273e-06 3.0742551623907715e-07 1.1109282478024407e-05 1.3656404168122934e-05 8.925630132769138e-06 3.9660698951451075e-06 5.6775808351590615e-06 1.40782328619036e-07 2.526486706257174e-05 0.0 1.4828726805202678e-07 7.392322189359968e-06 5.6102885714868775e-06 2.0387180149114837e-06 0.0 6.486692545859407e-08 9.532087967162003e-06 1.3249854097247893e-06 5.2965694505701726e-05 2.057235607481121e-06 3.2208654891636857e-06 0.0 4.5335821255059145e-06 3.797032150690058e-07 9.249230575744475e-08 0.0009672805007922916 1.6209904046108829e-06 0.0 1.0156457749271725e-06 4.876308094274512e-07 0.00011839225355708836 0.0001935008640394536 0.00021906986060677097 0.0001278658904251968 7.054160874583004e-07 7.0111530295746395e-06 0.0004522861025805117 7.604419069825336e-05 1.6598767023629568e-06 8.498389689112812e-06 4.973313489932083e-07 0.0 4.0820687927475963e-07 1.278147378098748e-06 2.3321611746483846e-07 7.032719082941982e-06 4.199038414073738e-06 4.206375772202676e-06 4.0904865290255e-06 1.720100272211662e-07 0.0 1.0631313636755153e-06 0.0
9.230988723091062e-05 2.18483721105495e-06 0.006561369822764138 3.459566939188351e-07 6.259102105063984e-08 1.447643718051468e-05 0.00019811140809512453 0.00016277434659152823 1.3017981851476178e-06 6.6922567514783904e-06 4.522042928602967e-05 1.8310858994556217e-07 7.1345077039006854e-06 0.0002860703322027017 0.0 0.002157705281398901 0.002007487879784435 3.1003494675104455e-05 4.48861531744517e-05 2.1931914031814233e-07 0.01099010849013971 5.342816877601025e-05 0.0 0.0003033075840824788 1.3296495360874816e-06 0.0016141884785796162 0.006398249713356323 0.0014111777558313222 0.00015808847916692575 0.0022774913789076028 5.628521226005769e-07 2.071424232309463e-06 2.4150549423791877e-05 0.0016424067776145876 0.00018768503606764978 0.004425925367332147 0.007337965709087032 0.005239714564817145 0.003301341965641301 0.000116422118506807 1.3029665595277123e-05 4.7124243350514994e-06 2.9221468843273636e-05 1.8916243116577217e-07 6.363999780807314e-06 0.00021121094468090818 8.352566107426241e-07 0.0 5.279449349730892e-07 3.458249429208441e-05 1.019991845649185e-06 1.1500540100087738e-06 1.2226114003806825e-06 5.8840098177155605e-08 1.2657236692524226e-07 3.1131799916833155e-07 1.7991451301456184e-06 1.711896422860426e-07 0.0014799067735101457 3.667602692962522e-06 1.921282833706083e-07 8.460407377579223e-07 1.2310566050821583e-07 0.00016482402102704886 0.00024657160644407265 0.0011350284985758936 6.571824300410848e-05 2.77956247243759e-07 6.960409203398692e-06 0.0016368153156095884 7.656910779966005e-05 5.326652157237942e-06 2.2458259531113825e-05 0.0 0.0 4.4529081388913824e-07 3.3109727862536774e-06 9.121176157799396e-06 4.433275098291554e-05 1.407004582051663e-05 1.9019022657926305e-05 2.423187959077983e-05 2.0716484647454435e-06 4.4032473021586547e-07 8.682178658754157e-08 8.938469814810775e-08
