0.0 7.152189093146547e-07 8.96393529892024e-05 2.293595708078329e-06 0.0 6.12103956018619e-06 0.0019311273042084203 0.0006234057289006425 3.130189438917905e-06 3.4552219957485464e-05 8.02401191722389e-06 3.007153100576033e-07 0.0 0.004009114721982711 0.0 0.0 0.0002278872868147493 1.0173699685828e-05 5.537973192827262e-05 1.4412341874937335e-06 5.044485954152976e-05 3.389854985973879e-07 7.89487358161428e-05 7.803282765222122e-06 4.387807038839806e-08 5.873094283998433e-05 7.841771510608329e-06 3.516746285723143e-05 0.0018526601660225626 0.0013293501395899496 1.3331084112747698e-07 3.4600982676434603e-07 4.0789496875710713e-05 6.211009400642459e-05 0.0 6.077967677730481e-06 4.2786494763522026e-06 1.7967743968314582e-05 4.846840541150143e-06 7.32544423593847e-07 0.0 0.0 0.0 6.173603923983819e-07 6.295234242906063e-08 7.076722222050086e-07 1.411119187106768e-07 0.0 0.0 1.7370314877625448e-06 3.693343426904232e-07 2.851063073153314e-07 0.0 0.0 0.0 0.0 8.148657060188033e-07 0.0 2.750530236490108e-07 2.0983735338085527e-07 6.885859275178593e-08 0.0 0.0 7.536579804867475e-07 2.2361579103928952e-06 1.450100194420768e-07 5.311589959453031e-06 0.0 2.959155108396653e-07 1.17086156881055e-06 3.0992881186679477e-06 1.686219311574124e-06 2.0572200148829556e-06 0.0 0.0 0.0 1.0454267205742226e-07 0.0 2.486327425063177e-06 1.6569719657079883e-07 7.321645992658635e-07 1.1878920919450871e-07 0.0 0.0 0.0 6.576209227923564e-07
7.152189093146547e-07 0.0 7.318537507110372e-05 4.020777376074984e-07 0.0 1.9623756271513246e-07 1.9428782124925285e-05 1.513715022646029e-07 0.0002629544381231146 1.2500859936386453e-06 9.25133876837124e-05 0.0 0.0008249290891929575 1.8847292675916298e-06 1.1988886039386344e-06 0.00011660339700909165 4.168488092368646e-05 9.455554243781587e-06 2.808620933769508e-05 0.0 7.261035662573253e-06 0.0007961565926650246 7.292094715420469e-06 0.0005926686712255722 0.000875277520847865 0.0006223472463697174 0.005221481708925458 5.86568428339091e-05 2.0047255084788263e-06 2.54837915573013e-06 0.0001309826128085974 0.0 7.429418635955981e-08 3.114430314689254e-05 3.223871524372811e-07 3.6087492045827926e-05 0.0001335141938184271 3.344960068343873e-05 1.2660413916110672e-05 3.496718598424682e-06 0.0 6.764255423854034e-05 1.484769014556817e-06 0.0 3.053082958399448e-05 6.626885300966768e-05 0.0 0.0 0.0 1.0520575050222464e-06 0.0 1.3073681958168698e-06 1.4609727713508292e-07 1.8871662168279285e-06 0.0 1.242221780193943e-05 2.0083429797954977e-07 6.608463370614334e-08 3.7797777552652243e-06 1.5527456678153337e-05 2.103307541473719e-06 6.896238341861719e-06 0.0 5.716076213707454e-07 1.527080024276624e-05 1.1783084174560048e-05 6.3421829804285586e-06 3.902663107589014e-06 0.00010287775481913074 0.0005829015350980465 1.640018773722328e-06 5.469977326361614e-08 4.899545936731666e-07 3.4487029762623476e-06 0.0 0.0 1.9209860910707962e-06 0.0 1.3478740403134768e-05 2.5184162911076137e-05 6.723363467783234e-06 3.183808066808453e-06 5.701771769105735e-07 0.0 1.0676656513125511e-06 0.0
8.96393529892024e-05 7.318537507110372e-05 0.0 3.866478815895812e-06 0.0 8.201150435833175e-05 0.002173125764642115 0.0002675200200239715 2.699429052201201e-06 0.00010536387455459178 1.0093959721354015e-05 3.8037742627963676e-07 3.5083895421034284e-06 0.0006503341428259789 0.0 6.85673262844186e-06 0.0020071173549628613 5.4322515689860686e-05 0.00033378833301643453 1.3538075100532847e-06 0.00023705375704084983 6.930727854082688e-05 0.004748795556493459 5.138653040681329e-05 5.177150334831728e-06 0.004800255717570669 0.005351178792982613 0.00036434338889967884 5.5362150456051165e-05 0.0007710038733658484 7.63600360895039e-06 5.973429364690383e-07 3.02623278603951e-06 0.00023864961622195827 7.686385050397172e-06 0.0007312964344450966 0.002360412661389425 0.0004789295138152735 0.0002830596732528 3.480128912529116e-05 1.25426500253565e-06 7.742299413946075e-06 4.670113418839461e-06 1.5740087563739186e-07 8.482872927280062e-05 0.0006240985468522419 7.417254594096812e-08 0.0 0.0 5.658668080771063e-06 1.0200230584206084e-06 3.554259586452596e-07 2.582283277375499e-07 5.029186545869379e-07 1.0530390434155476e-07 2.065097344970337e-07 2.003114643523991e-06 0.0 1.1837609518452907e-05 6.305505109406688e-05 1.3124955475136994e-06 4.7181716656466495e-06 9.643022974549059e-08 2.6033864477683597e-06 1.4437938242823509e-05 0.0001554960004864745 8.38383475079519e-06 7.091802846446694e-08 0.00015086486129605088 0.0013784291906084312 8.69723099975342e-06 1.9636009028868674e-06 4.260784118582609e-06 9.067462811188827e-07 0.0 0.0 2.8203413815839365e-06 1.1414626188265635e-07 5.690186748162653e-05 0.00021417259218166424 2.711645147352614e-05 1.9996878466943597e-05 3.081829939171016e-06 3.485857353323719e-07 6.13964689623012e-07 2.8158143380784404e-07
2.293595708078329e-06 4.020777376074984e-07 3.866478815895812e-06 0.0 1.5045180980302503e-06 4.9052590122931875e-05 3.934677476855803e-05 2.5494606828707025e-05 0.0009417931000878648 0.0019870141271020763 9.761732105484603e-07 0.0006604606836042034 0.0 3.453624444177952e-05 7.037676880245818e-05 2.758488129620584e-07 1.9552547946230475e-07 5.55684373474021e-07 5.319313851322594e-07 0.0026810282903599793 3.188728472238833e-07 1.2766126218764952e-06 6.978130259060215e-07 0.001266376649858981 0.0 2.3519853632485487e-07 6.879839379335595e-06 0.003343981987746115 5.378430720262405e-05 9.762240846033034e-07 0.0 3.9992730387327045e-07 4.328300606662777e-06 3.077444904289441e-05 2.624315031235619e-06 0.00011855721507726014 1.2521999756459734e-06 5.5615588866087364e-05 3.877339535409978e-05 0.00018648268745701663 2.853745460516186e-06 0.0 7.376791844081685e-07 1.2073495575634543e-06 0.0 4.5113920073844815e-07 0.00010264688201970035 0.0 1.1967092778780798e-05 9.812020630780624e-05 4.5028826803829686e-06 5.5546758722084413e-05 0.0001204922979435299 3.7437736214752805e-07 7.903900724323187e-05 0.0 2.5336944504947083e-06 4.744575388987296e-06 0.0 0.0 8.781664991627357e-08 0.0 7.945660625381311e-05 2.867034286400086e-07 1.815722771240871e-07 7.454695765411135e-07 8.729154172641155e-05 0.0 1.0851625367825988e-07 8.153629773826316e-07 0.00016535933185675707 3.990805645558657e-06 1.2358591504529567e-05 0.0 4.5763834205527883e-07 4.2371423518404574e-07 1.6338368630222324e-06 0.0 5.049029773209392e-05 0.0 4.326705812301935e-06 2.7491496197590264e-06 5.72400428089816e-05 1.469625432860865e-06 9.477320364555446e-07 1.6585767062232818e-06
0.0 0.0 0.0 1.5045180980302503e-06 0.0 0.00010156285829336333 1.8513473634935764e-06 1.1208544457559624e-05 2.372500265871982e-05 4.020631738841831e-06 1.2285987465529857e-05 3.1335265898697324e-05 1.1183497273338147e-07 1.5014366282897293e-06 0.00029972262301492853 0.0 2.135182425417997e-07 2.3006726434034043e-06 1.4379390935853384e-06 3.8084358702574554e-06 0.0 8.245783803535963e-08 9.662740761166865e-08 1.0919003211684113e-05 4.933633573410411e-07 7.394363733736772e-07 4.881555516775479e-07 1.3231731159865756e-06 1.8188619230214034e-05 2.570642196399317e-07 0.0 4.503998505596932e-05 0.0 0.00015453189095131028 0.0 1.1203470363439622e-05 1.2290502647983572e-06 0.0001346139816057111 5.8491409396265186e-05 0.0008129979435575516 6.737463717268458e-05 9.386731016032271e-07 1.1935997544877826e-06 0.0 0.0 0.0 0.0 0.0 0.0 0.0 0.0 0.0 1.5263611015276593e-07 0.0 8.184061087780035e-08 0.0 0.0 2.1673801715546835e-07 0.0 0.0 0.0 0.0 0.0 0.0 0.0 0.0 0.0 0.0 0.0 0.0 0.0 0.0 0.0 0.0 0.0 0.0 0.0 0.0 9.635481510988437e-07 0.0 0.0 0.0 4.009629684149702e-07 0.0 0.0 0.0
6.12103956018619e-06 1.9623756271513246e-07 8.201150435833175e-05 4.9052590122931875e-05 0.00010156285829336333 0.0 0.0021437570788063937 0.004792498262940209 1.5920469518063694e-05 0.007397001921185114 2.4235092636102434e-05 0.0021007599174056343 5.048765522630569e-07 0.001822474395072406 0.0009891006911948194 0.0 2.567549899005196e-05 7.054390273356325e-06 1.5357344205058806e-05 0.00030702215008516083 5.146212768888127e-06 2.7956305123145424e-07 1.3012118025375651e-05 9.00383692180561e-06 1.2550309776245458e-07 3.601472829873561e-05 5.920159910651039e-06 5.597011842655261e-05 0.0002446354225537786 2.0399594527898154e-05 2.5903790915916846e-07 0.00038042287082491294 5.730900552932522e-06 0.00016987831460196938 1.1247194030081808e-06 0.0001567810762435044 6.0763323554161595e-06 0.00024373395089369627 0.0001472718468338828 0.001159726195476309 0.0001033627160514014 6.54392220070913e-07 2.762437710386992e-06 8.584561459016252e-08 8.437187890695414e-08 4.17296165933648e-07 2.0226298388528084e-06 0.0 9.772906904922632e-07 6.950282998047947e-06 3.110740279267676e-07 3.5419326813640994e-06 2.987964795187792e-06 0.0 9.42597024361447e-06 0.0 2.455647198696604e-07 1.8587806515148836e-07 0.0 1.47933590950759e-07 0.0 5.8955499249596275e-08 3.3752472765783095e-06 5.088237293081417e-08 0.0 8.286571924501387e-08 4.521459002362018e-06 0.0 4.5872915483192366e-07 1.06247966497489e-06 6.594758107080842e-06 8.214920587318821e-07 1.1790925004442118e-06 0.0 0.0 0.0 5.671369340206583e-07 0.0 9.000993889100813e-06 2.7339152299153127e-07 2.1452897705948315e-07 2.688319989491548e-07 1.0125276832874726e-05 0.0 0.0 0.0
0.0019311273042084203 1.9428782124925285e-05 0.002173125764642115 3.934677476855803e-05 1.8513473634935764e-06 0.0021437570788063937 0.0 0.0014346147999570779 0.0005213803486427892 0.003539417394962971 1.545214593178677e-05 3.4809446818162e-05 1.0160730938667614e-06 0.00416453017934264 2.1238480895817504e-05 7.173910520863248e-06 0.00023215485886055647 1.9876835323191572e-05 8.077168500185614e-05 2.1154298135240522e-05 0.00016583817040682908 2.950241639083108e-05 0.0014073729497234542 0.0005195343534213549 3.9147501172495196e-07 0.0003865319523562969 0.00043716854970634315 0.00819538816680988 0.0017291921512701163 0.0027135216916501473 1.709485176699898e-06 4.801802212658113e-06 0.00024348995327085402 0.0006660979716503236 4.980488034558666e-05 0.0014506876064492454 7.223339722653754e-05 0.0010008303038169148 0.0006699547325117773 0.00018831375179175332 9.439720652670311e-06 1.399309304295633e-06 1.5646532576564235e-05 1.5645534361596777e-05 3.6440212266674593e-06 1.8075647980032104e-05 6.096215173460333e-05 0.0 6.77866352095911e-06 0.0005720866758073112 2.190284108562714e-05 0.00011114286324127324 7.753063154818445e-05 2.531323799528403e-06 2.7923691319106714e-05 1.6133300013516119e-07 4.007840666681971e-05 2.3304052056679387e-06 8.259286665654251e-06 3.2918367650048745e-06 2.8225708957297863e-07 1.0135800227873845e-06 4.3209205507671304e-05 5.78062894571422e-06 1.538592723910851e-05 2.2312629718849584e-05 0.0003185455386439291 2.851084565249857e-07 4.57374762902479e-06 5.1714548726897016e-05 0.0004438741970813912 6.348837948333039e-05 0.00022539558891066706 2.3948232727224173e-07 1.738081930140552e-06 4.918558798742338e-06 1.2658710764416468e-05 2.659565341858923e-07 0.00020480921760055332 7.651410117360496e-06 5.395453221027522e-05 3.513883055295438e-05 8.221501931865063e-05 7.99982074462432e-06 5.021056635169204e-07 9.509219936131671e-06
0.0006234057289006425 1.513715022646029e-07 0.0002675200200239715 2.5494606828707025e-05 1.1208544457559624e-05 0.004792498262940209 0.0014346147999570779 0.0 2.7298420081877922e-05 0.0008202706247045572 5.8334646763177514e-05 0.00033958192016525425 1.9004908278605466e-06 0.004418492637608375 7.165524321759638e-05 5.092664180185129e-08 0.00038084955481133413 2.7480454536034507e-05 0.00013645435019627055 0.00020706803873687694 6.606606224816512e-05 5.206326102320693e-07 0.00010323540089518937 2.0231141357773028e-05 1.7901486307071793e-07 0.00019802063533362437 2.2149268668734454e-05 6.519991476364841e-05 0.00031854905932001396 0.0005670840428517574 5.947103243169756e-07 0.00018776490979080185 4.4087224119394535e-06 0.0002566727624440236 1.3554844712847243e-06 0.00013042416439799302 1.560074508691297e-05 0.00039865045818738236 0.00023630399649855624 0.0005733801975946946 5.875598423911517e-05 7.449839036376566e-07 4.007817415627e-06 3.6658775778879844e-07 1.892878024274957e-07 1.4875939728932036e-06 3.4282603080906112e-06 0.0 1.1562122326174654e-06 3.338825633765838e-05 1.6485377236888715e-06 6.771550780285976e-06 2.8095370703394734e-06 0.0 2.9440809599080845e-06 0.0 2.383939836627787e-06 0.0 7.827392958672214e-07 2.3390444952156518e-07 7.362970082881271e-08 0.0 1.359758473632502e-06 7.858822645148233e-08 4.11631750175444e-07 2.8120903071695673e-07 1.8597561648493906e-05 0.0 1.1102012898000414e-06 4.218249885969103e-06 1.8864384819153954e-05 4.569170858786898e-06 1.4541023225552505e-05 4.838008287318337e-08 5.5777286795558036e-08 4.734099171564005e-07 1.1024648137423708e-06 0.0 9.667305662273244e-06 6.393728764285296e-07 3.252735822096482e-06 1.4123831405363525e-06 4.918461425809448e-06 2.1076142061524268e-07 0.0 4.6519051530535783e-07
3.130189438917905e-06 0.0002629544381231146 2.699429052201201e-06 0.0009417931000878648 2.372500265871982e-05 1.5920469518063694e-05 0.0005213803486427892 2.7298420081877922e-05 0.0 0.00028053484511626227 5.86221812370566e-05 0.00016151880509890538 6.46793693378027e-05 4.762113175694607e-05 0.00026691112306567673 0.00018498295417029493 4.333350708008084e-06 3.150244643371703e-06 2.6631443899932227e-06 0.00047096883052992234 5.028853111343013e-05 0.002085648586963867 5.0188230771157156e-05 0.004852456608607113 5.226923053042612e-05 6.484568208498594e-05 0.0004472861465566711 0.001431985994633014 5.107023306821053e-05 0.00010238773696112822 2.4542527203712252e-05 1.6862400724546e-06 8.152170436231843e-06 3.274667406562551e-05 1.341281290008559e-06 0.00011210132163972461 4.044474318927168e-05 6.116662650690662e-05 2.8109394579179743e-05 0.0001561447866022386 4.287152901106902e-06 7.761440913426321e-06 3.947437374164046e-07 9.25032975685716e-06 1.137459477493244e-06 1.4218134442734074e-06 9.056692753983193e-05 0.0 8.324998500362462e-06 0.00020319972203565692 9.629086388186981e-06 5.583174286783823e-05 9.364976853671004e-05 8.797901220199925e-07 5.072732880091822e-05 1.8270122746445267e-06 2.1957022232785898e-05 6.832475202010841e-06 0.0002062027001954828 8.571322812329944e-07 4.869688768785595e-07 1.0829379391558265e-06 6.097164019223696e-05 8.549348576151907e-05 6.0679729672990005e-05 4.9423383843615446e-05 0.0005537085986921966 2.717429579906552e-07 3.022914176060818e-06 8.420818285888383e-06 0.0003682946950410944 4.848219354888238e-05 0.00012883893719544963 6.678710207367553e-07 4.2354482332905924e-07 4.934428534550565e-06 6.847272332726469e-06 0.0 5.134478288996982e-05 1.655598459144184e-06 2.1024772941085164e-05 1.2706651766181202e-05 4.676883207461744e-05 5.767764075673836e-06 2.934948907488976e-07 1.4402568142041047e-06
3.4552219957485464e-05 1.2500859936386453e-06 0.00010536387455459178 0.0019870141271020763 4.020631738841831e-06 0.007397001921185114 0.003539417394962971 0.0008202706247045572 0.00028053484511626227 0.0 2.4334704879817534e-05 0.003716223521291375 6.917316109566032e-07 0.0010259900646056156 7.87913410205064e-05 1.3285288171693056e-07 7.922832511843503e-06 8.341490068777509e-06 1.5291949063664913e-05 0.0033569133810205697 3.312531876433899e-06 1.7851622259570201e-06 2.8477737138372198e-05 0.000268710725831301 0.0 3.174887241299683e-05 1.9066867476101118e-05 0.002211604021840771 0.0008293959282902416 1.2716381803867676e-05 1.7284181988038075e-07 1.1461580169536501e-05 2.5167681187818854e-05 0.0005115890404068 2.0239478174340978e-05 0.0008173977635027579 1.4087274920652559e-05 0.000774930875820307 0.0003351081499435924 0.0003653766122300818 2.5896160862095868e-05 2.212076985784805e-06 9.65924798036895e-06 3.639966492182833e-06 4.3098043831420275e-07 6.698261187845089e-07 0.00012478444623809275 2.1671497374970124e-07 1.4650299140006335e-05 0.00017726192575900833 5.897280365960624e-06 4.9061839973855326e-05 0.0001645617436350295 3.102252517080326e-07 0.0001093683365408852 0.0 8.410270340612813e-06 1.0071694870824067e-05 8.383875937247115e-07 7.710174902532347e-08 4.08553411332446e-07 0.0 0.00010765955625647348 3.914858345307111e-07 5.028960151679479e-07 1.0688868952600578e-06 0.00012248345657818558 0.0 3.2266345515362646e-07 3.6753763089053487e-06 0.00021393560959933296 1.0368990230819937e-05 2.8223524326082945e-05 0.0 8.104867196272555e-07 9.74446966970079e-07 1.5396179356986796e-06 0.0 0.00010993324148836093 7.080669172862579e-07 7.841847803511187e-06 4.284069043804528e-06 8.312740660853386e-05 1.936605149043951e-06 0.0 9.599664810903608e-06
8.02401191722389e-06 9.25133876837124e-05 1.0093959721354015e-05 9.761732105484603e-07 1.2285987465529857e-05 2.4235092636102434e-05 1.545214593178677e-05 5.8334646763177514e-05 5.86221812370566e-05 2.4334704879817534e-05 0.0 1.9394738365250405e-05 0.00048649280133545165 0.00013111037028589186 5.920063398209985e-07 1.6773644102435924e-06 0.00019088166526350642 0.0015699070906241986 0.0004667249934829257 1.3439732292347891e-05 1.8864450313490253e-05 2.4331896190028666e-05 1.8533696304028284e-05 1.5444813349589265e-05 0.0006420028243766743 0.0007634993397433987 0.0004444021364429062 5.598695322617333e-06 0.0004322362756049959 3.570298288518394e-05 6.482279735714516e-05 0.00015124759994424543 1.5343904821382806e-05 0.005175257394496533 9.621131876425829e-06 0.0007010704360652024 0.003496295125296886 0.004229378253029346 0.0009127958824125922 4.7816690710752724e-05 2.3674535022654266e-05 0.0006457194603358715 7.21496261082871e-06 0.0 1.7692074319448307e-05 8.859674313106958e-07 0.0 0.0 1.065114288981103e-07 1.7607336586076121e-06 2.8588018842545555e-07 1.3430984871699415e-06 0.0 0.0002531701325737206 0.0 0.0010383565809571574 3.3242263644620165e-07 0.0 9.043068029253589e-07 6.548909902256842e-07 7.65079345982429e-05 5.137699612091967e-06 0.0 5.785587754127631e-07 3.192823241813072e-06 6.665578172791725e-07 6.9227088240172825e-06 0.00029344362086377045 0.00015342922135667058 0.00045183707997778694 3.3471688543321754e-07 2.3780473178156162e-07 4.338430360986138e-07 0.00016890102582637443 0.0 0.0 8.027004885581149e-07 8.677592956085549e-06 3.2232508722153554e-05 0.0005774617849915187 1.0293124390462131e-05 2.028678502594205e-06 0.0 1.8770949880689683e-07 0.00012545319114282643 6.169407470937781e-07
3.007153100576033e-07 0.0 3.8037742627963676e-07 0.0006604606836042034 3.1335265898697324e-05 0.0021007599174056343 3.4809446818162e-05 0.00033958192016525425 0.00016151880509890538 0.003716223521291375 1.9394738365250405e-05 0.0 1.481789886786545e-07 0.000492968375958403 0.0007375626686184028 0.0 1.0059412307324229e-06 5.439496903775267e-06 7.491579172381621e-06 0.0037889982016757924 0.0 1.8106378704745823e-07 2.6563210048492056e-07 9.749436849932189e-05 1.002848130212589e-07 3.610529785594657e-06 7.048835661204143e-07 0.0001564601010046538 0.0003025601699065195 3.767625566378098e-07 5.8044731259911793e-08 1.2775630286447646e-05 0.0 0.0001222799365276333 8.029663158973293e-07 0.00040247524978954095 5.222001213459173e-06 0.00018113807298440778 3.059444786630668e-05 0.0010927766031783354 4.231375707228302e-06 2.9537433015303155e-07 1.3153915752039174e-06 4.12531065139997e-07 0.0 0.0 5.0439332598431946e-05 0.0 1.2813848247576884e-05 3.0836212779467685e-05 2.5804905860520163e-06 2.8879805378250567e-05 8.033855442875791e-05 2.913083284771916e-07 0.0001587907301442322 0.0 1.7457487063595648e-06 1.662984645539173e-05 0.0 0.0 0.0 0.0 5.8424396586779165e-05 0.0 0.0 0.0 2.917433149776635e-05 0.0 0.0 6.815512249704643e-08 3.940723064237892e-05 2.54550622396396e-06 3.0747105246363263e-06 5.75341323723063e-08 5.617017645990004e-07 2.0907256197321632e-07 1.5616804009728926e-06 0.0 7.875920461976183e-05 0.0 1.5744530852706055e-06 1.9194461217554785e-06 0.00010784558164752287 4.07836512557235e-07 0.0 2.802032248379541e-07
0.0 0.0008249290891929575 3.5083895421034284e-06 0.0 1.1183497273338147e-07 5.048765522630569e-07 1.0160730938667614e-06 1.9004908278605466e-06 6.46793693378027e-05 6.917316109566032e-07 0.00048649280133545165 1.481789886786545e-07 0.0 2.192302754134496e-06 4.284076727633029e-07 5.206802455249201e-06 2.774304906802198e-06 1.7928772959673313e-05 9.542502358485856e-06 2.1596897176706625e-07 5.820121594201708e-07 0.00015987548466648945 4.7769000516098834e-06 8.947481721017729e-05 0.003138961436918022 0.00010752227294064896 0.002390021905987306 7.089396232577487e-06 4.0907186493495915e-06 8.663115112279354e-07 0.00018586341247028477 2.030386615246029e-06 0.0 0.00038202015074671915 2.0876718109662727e-06 0.00014711963248188547 0.001567302827189815 0.0008463488718482732 9.755548310994167e-05 2.8382786974782713e-06 4.4717607106350825e-06 0.0004747820424651746 2.5948631105054167e-06 0.0 4.9231676075555765e-05 5.253151159291375e-07 0.0 0.0 0.0 2.3720877048795011e-07 5.429809325099068e-08 9.100181942660067e-07 0.0 0.00017864085335673693 0.0 0.0006939462127143101 2.499857895637813e-07 0.0 1.5642433860039184e-07 5.449287224368622e-07 4.0529714855227026e-05 3.3400696189370036e-06 0.0 1.152753322070947e-07 1.1797785992675352e-06 2.513674808996901e-07 2.2067233570542413e-06 0.00027866706922649023 0.00012081157497548441 0.0003136333571198524 9.37146467891422e-08 5.1240491049262446e-08 1.7563360686249778e-07 0.00011738308355059846 7.487929656833785e-08 0.0 1.3827513325740319e-06 1.1177578220674454e-06 9.245005041460236e-06 0.0003140106884696731 1.1403303893255282e-05 2.7522563911913986e-07 1.917517226290089e-06 0.0 8.71683788553712e-05 0.0
0.004009114721982711 1.8847292675916298e-06 0.0006503341428259789 3.453624444177952e-05 1.5014366282897293e-06 0.001822474395072406 0.00416453017934264 0.004418492637608375 4.762113175694607e-05 0.0010259900646056156 0.00013111037028589186 0.000492968375958403 2.192302754134496e-06 0.0 1.871777731075923e-05 2.0505027570652878e-07 0.0006700888470643985 5.907125426358294e-05 0.0002416274683959019 0.0002812646526304378 0.00010916793996661854 9.018735622876737e-07 0.00021750066933192634 2.9887273347731352e-05 5.381050262230267e-07 0.00037234163584715503 3.960939120066869e-05 0.00012323863478919375 0.002002131135226527 0.001288256268407064 1.8652342312029903e-06 6.064812991616058e-06 1.19100138910279e-05 0.0005648848020933503 1.8923212335392556e-06 0.00019632755966552542 2.9099112355401493e-05 0.0004876266350841385 0.00018133758063828968 0.00033811236231130146 1.965143412471039e-05 1.1420437416858515e-06 3.750974423186089e-06 1.6640318851100107e-06 1.443973128965535e-06 3.2693881045312028e-06 4.266162677337188e-06 0.0 3.321053411915816e-07 3.5442650610470606e-05 2.616525576351997e-06 7.944312908929367e-06 3.932546235725382e-06 0.0 2.4162141382587386e-06 1.0529096060521571e-07 4.180634345882042e-06 6.877567688970213e-07 3.0239725648587303e-07 3.8337094405891004e-07 0.0 5.061687686075685e-08 2.7278357056240115e-06 4.1136802356747045e-07 2.4911131938203455e-06 3.0097193053816724e-07 2.649494528802357e-05 0.0 2.4258793279877484e-06 6.306857851454138e-06 3.464315512272972e-05 4.645799143389169e-06 2.131306738680965e-05 0.0 0.0 8.763916882940087e-07 1.5058871930584483e-06 1.8343741943617873e-07 1.313292730177141e-05 1.8943336896296247e-06 2.0315481661073483e-06 3.0145282306609057e-06 6.647754025713263e-06 6.059912995597655e-07 0.0 1.5386159596143234e-07
0.0 1.1988886039386344e-06 0.0 7.037676880245818e-05 0.00029972262301492853 0.0009891006911948194 2.1238480895817504e-05 7.165524321759638e-05 0.00026691112306567673 7.87913410205064e-05 5.920063398209985e-07 0.0007375626686184028 4.284076727633029e-07 1.871777731075923e-05 0.0 0.0 7.281585330682776e-08 0.0 0.0 0.00013763767611455087 0.0 1.224663565895247e-05 5.836247089998666e-08 0.00032657614208616605 1.312774262031104e-07 5.196652194557033e-07 3.2918374841013378e-06 4.761891137290138e-05 1.3254837462334171e-05 0.0 2.8169004161300576e-07 0.00029057772687448734 8.087744176325526e-08 4.723118378695956e-06 0.0 6.21514208195181e-05 0.0 5.346403919918498e-06 4.870384474414479e-07 0.0007445378362323531 4.0004287487532e-05 0.0 0.0 3.7884251083890087e-07 0.0 0.0 8.611165483040866e-07 0.0 0.0 2.378439443540963e-06 1.5030381369108063e-07 5.567165071712887e-07 2.10442939255445e-06 0.0 5.8585929721963715e-06 0.0 0.0 8.053513245536938e-07 1.3950661261389507e-07 0.0 0.0 0.0 1.8058716183186164e-06 0.0 2.719470036320444e-07 0.0 1.190617612976153e-06 0.0 0.0 0.0 2.9747341232004587e-06 2.3032859692267277e-07 1.3214781894631567e-06 0.0 0.0 0.0 6.028734265707586e-08 0.0 7.145406664181993e-06 0.0 1.0652265165077875e-07 0.0 8.656687811931098e-06 0.0 0.0 0.0
0.0 0.00011660339700909165 6.85673262844186e-06 2.758488129620584e-07 0.0 0.0 7.173910520863248e-06 5.092664180185129e-08 0.00018498295417029493 1.3285288171693056e-07 1.6773644102435924e-06 0.0 5.206802455249201e-06 2.0505027570652878e-07 0.0 0.0 7.074137316696535e-06 2.4122412030167444e-07 9.239010584664595e-07 0.0 0.0013563171354483026 0.0017233745145137432 0.0018758956306868533 0.0012295106373915977 5.7818532066349795e-05 7.777246027509677e-06 0.003388571545676519 0.0007578446798941944 2.874658122864559e-07 3.819718029181503e-06 1.2216656975823708e-06 6.883705217682973e-08 9.794412535022595e-07 9.11614898555134e-05 1.841913001709345e-05 0.0009451709966895284 0.0002687432748197012 0.00011370825457509838 0.0002638746701251928 3.49967341507868e-05 1.951408355720706e-07 2.6947706992575897e-05 4.3304749442946066e-06 2.4033460201646664e-07 3.3737702282035287e-06 1.5153428469657678e-05 1.6739533074922786e-07 0.0 0.0 5.529931581920949e-06 8.964475229671787e-07 1.9817224731103794e-07 0.0 1.8467665372284421e-06 0.0 6.567076945231992e-08 1.2348456571095721e-06 0.0 0.0012186848648909428 1.3413389954798034e-06 4.461992302284518e-07 4.3116648230480334e-07 0.0 0.00028865181750968 0.0004017898162718417 0.000958144156464165 0.00015900480019231285 3.289847332120933e-06 2.499493669239295e-06 0.00017754032899652166 0.0001248674984941922 3.787624152085082e-06 1.9922399214241434e-05 2.3860017366598084e-07 0.0 1.3266599985775425e-06 2.300156392740787e-06 3.279109929166497e-07 0.0003239200440900975 8.745160003110874e-06 1.708299993824078e-05 1.6518642635240117e-05 3.6976692849947205e-06 4.1636606313681046e-07 1.2586074208521063e-05 2.4492299656988343e-06
0.0002278872868147493 4.168488092368646e-05 0.0020071173549628613 1.9552547946230475e-07 2.135182425417997e-07 2.567549899005196e-05 0.00023215485886055647 0.00038084955481133413 4.333350708008084e-06 7.922832511843503e-06 0.00019088166526350642 1.0059412307324229e-06 2.774304906802198e-06 0.0006700888470643985 7.281585330682776e-08 7.074137316696535e-06 0.0 0.00010294079906047182 0.002211996105389898 6.150353353797424e-07 0.00032402355261256367 1.9269459621544622e-05 0.0010159583576185495 3.3289276979628326e-05 2.2532055262079735e-06 0.00038911673782273336 0.0021677452613012237 7.933418175748501e-05 0.0005781477175419642 0.0010811590468652484 1.5847863842917529e-06 1.981057805785583e-06 4.7048659010011716e-05 0.0019955559532440605 1.3466419271017321e-05 0.0010449682529685101 0.0015016422826953423 0.0019049821393092674 0.0005124803254393005 2.4978126903593564e-05 8.602480050123468e-07 2.1877866505909246e-06 2.1306413231726567e-06 4.939748398066296e-07 3.668271310234814e-05 0.00018333976347015274 0.0 0.0 0.0 2.1573225733095826e-06 2.3416621679366968e-07 8.008674833941432e-07 0.0 0.0 0.0 1.4957816456227715e-07 1.1044447206181077e-06 3.534641907758158e-07 4.690761243616223e-06 2.9147973679443188e-05 2.9146245751239946e-07 4.937497315066416e-06 0.0 6.2187096657493456e-06 6.000685758682297e-06 2.4638886751931216e-05 9.754512328514873e-06 6.940668161230839e-08 0.00010112222871975467 0.00044409136957824575 8.19292690483328e-06 3.0161873477964003e-06 4.027885313345336e-06 6.307594703136267e-07 0.0 1.9583218622349638e-07 1.9703098183775864e-06 2.6483060687858005e-07 2.7213785348974433e-05 0.0001129942261299787 9.778093295247067e-06 5.4099612971841835e-06 7.999682169080034e-07 0.0 3.892626346981878e-07 0.0
1.0173699685828e-05 9.455554243781587e-06 5.4322515689860686e-05 5.55684373474021e-07 2.3006726434034043e-06 7.054390273356325e-06 1.9876835323191572e-05 2.7480454536034507e-05 3.150244643371703e-06 8.341490068777509e-06 0.0015699070906241986 5.439496903775267e-06 1.7928772959673313e-05 5.907125426358294e-05 0.0 2.4122412030167444e-07 0.00010294079906047182 0.0 0.0004767745426429603 4.526118852480625e-06 4.278118350896452e-06 4.587825186572741e-06 9.871029657470216e-06 2.297396896421765e-06 8.697868931233307e-06 0.0011965726142092936 0.00020858846913072242 2.3202522180650243e-06 0.0001045855275039621 1.874748564593674e-05 3.867575026339786e-05 2.4165127014544766e-05 3.6681718632338103e-06 0.0007564797881181399 2.6706859020322533e-06 0.0005207323172389627 0.0011735626685015895 0.0009420641233676512 0.00030810467056458055 1.515681360009909e-05 1.7863836759377838e-06 4.050142502670042e-05 1.1023750034419488e-06 0.0 7.791513931507405e-06 9.907894036663495e-07 0.0 0.0 0.0 1.2564984191937668e-07 6.767688295028849e-08 4.2118402156038015e-07 0.0 1.285518303940924e-05 7.073463462712431e-08 5.122104431353288e-05 1.3078801238209723e-07 0.0 3.052940194320254e-07 1.2315067467953304e-06 2.50717976289403e-05 3.850403479097104e-06 0.0 2.2940511546911218e-07 8.20702927120922e-07 3.0595632747404383e-07 1.408020681243856e-06 1.6163672147446853e-05 0.00011188712670721153 0.00020933533173446843 4.859387388759709e-07 0.0 3.041192178044168e-07 3.3913861479734695e-05 0.0 0.0 7.750354619411422e-08 2.083825485180229e-06 1.7391241602753537e-05 5.496737922329471e-05 1.876871324829682e-06 3.146465233955421e-07 0.0 0.0 5.355164607492736e-07 0.0
5.537973192827262e-05 2.808620933769508e-05 0.00033378833301643453 5.319313851322594e-07 1.4379390935853384e-06 1.5357344205058806e-05 8.077168500185614e-05 0.00013645435019627055 2.6631443899932227e-06 1.5291949063664913e-05 0.0004667249934829257 7.491579172381621e-06 9.542502358485856e-06 0.0002416274683959019 0.0 9.239010584664595e-07 0.002211996105389898 0.0004767745426429603 0.0 7.828678008291295e-06 2.4312775406990353e-05 6.830923646354752e-06 8.665816276947628e-05 8.559442243952412e-06 9.97325736005882e-06 0.0017531188866368498 0.0011288902125370385 1.121753906559742e-05 0.00028140309955745625 0.00010717130089986266 1.3942243481831556e-05 2.2762778933831224e-05 1.7367192051758555e-05 0.0022136321966970906 8.370629954160931e-06 0.0014287711893112153 0.001620706342984749 0.0019608256336797873 0.0005449778183035073 3.8181315658359795e-05 1.4311760236671453e-06 1.3370996503496615e-05 1.7606862467194488e-06 1.116077705699276e-07 2.0708799401924128e-05 1.5908646061296845e-05 0.0 0.0 0.0 1.098865602628025e-06 3.165482467103022e-07 1.9790917112177558e-07 1.4653678242965033e-07 4.360108247008002e-06 4.0454231549948477e-07 9.971410611264694e-06 5.306182907511061e-08 0.0 1.4908789065341541e-06 8.31970719063214e-06 9.309572220034148e-06 8.915581756362371e-06 0.0 1.1902400873329317e-06 1.2481028912275018e-06 1.24146666507759e-06 2.9132619479240984e-06 6.627511072444668e-06 0.0001398390064905226 0.0002371396134014883 1.252242980038398e-06 7.406244338473112e-08 1.0455357000472194e-06 1.256980636394332e-05 0.0 1.0539001816296623e-07 6.347621632216239e-07 1.666022901622118e-06 1.79637718087272e-05 4.6894988835104885e-05 3.125872226144447e-06 9.060578391722521e-07 2.422939217260411e-07 0.0 2.1552729302363796e-07 3.6172206832751166e-07
1.4412341874937335e-06 0.0 1.3538075100532847e-06 0.0026810282903599793 3.8084358702574554e-06 0.00030702215008516083 2.1154298135240522e-05 0.00020706803873687694 0.00047096883052992234 0.0033569133810205697 1.3439732292347891e-05 0.0037889982016757924 2.1596897176706625e-07 0.0002812646526304378 0.00013763767611455087 0.0 6.150353353797424e-07 4.526118852480625e-06 7.828678008291295e-06 0.0 3.0774189247077774e-07 0.0 7.639728092324451e-07 0.0005207981993540975 1.972185928930677e-06 2.8711157567296222e-06 3.754612546306807e-07 0.0019865408645471767 0.00026539872243016964 6.494276669655286e-07 5.525458042424216e-08 8.449819535129497e-06 1.2538761935417433e-06 0.00017176901112592695 1.9190895105077093e-06 0.0004257076712820378 3.7704292063322557e-06 0.00027652178641658756 9.308699513254684e-05 0.0005151400233049817 1.173843959986008e-05 3.228277848549567e-07 3.379313019702612e-06 2.0376982830480833e-06 0.0 8.818445563763723e-08 0.0001231021123824639 2.46864422089152e-07 1.5655341463800854e-05 0.0001378486282977223 4.8273916360115835e-06 5.469095307686933e-05 0.00017994384271563733 0.0 0.0001408999695729767 0.0 3.5833756891344475e-06 1.411577747245652e-05 8.812700387008908e-07 0.0 8.600216754603316e-08 0.0 0.00011456535077223245 1.193645510030159e-07 3.9465917490421724e-07 4.804269493221638e-07 0.00010783932461952144 0.0 3.230041291230386e-07 2.969429259713762e-07 0.0001750642246184483 4.454759052355771e-06 1.7568545363670275e-05 0.0 3.0099461035583493e-07 3.8823918671662825e-07 2.192977929155366e-06 0.0 0.00017966040466767827 0.0 6.26983826862082e-06 3.2058790925624736e-06 0.00014164748115320106 2.280889063499073e-06 0.0 4.438595206094063e-06
5.044485954152976e-05 7.261035662573253e-06 0.00023705375704084983 3.188728472238833e-07 0.0 5.146212768888127e-06 0.00016583817040682908 6.606606224816512e-05 5.028853111343013e-05 3.312531876433899e-06 1.8864450313490253e-05 0.0 5.820121594201708e-07 0.00010916793996661854 0.0 0.0013563171354483026 0.00032402355261256367 4.278118350896452e-06 2.4312775406990353e-05 3.0774189247077774e-07 0.0 0.00014450126245138428 0.008213136340199672 0.00013486691262855458 1.0657479527446764e-05 1.3255334648860775e-05 0.0010608555483528747 0.0014687491337582604 0.00023733003678650711 0.004887216615216461 5.414564601273597e-07 5.563920734703168e-07 4.799693010218345e-05 0.0022305934905688884 0.00011445525053891938 0.0045150708319427225 0.0007385909354431172 0.002340177436472711 0.002079656698009177 0.00014236479884654048 1.4331258173685157e-06 5.059688088884431e-06 2.5766608334195176e-05 3.0610455628237183e-06 2.301819052840317e-07 5.546360011242599e-06 3.35703057554852e-07 0.0 0.0 6.1567347410484626e-06 1.6371427958958583e-06 5.886709805505271e-07 0.0 0.0 0.0 0.0 5.493478962210385e-06 0.0 0.00027062770126688447 2.395584593883641e-06 3.675170081735363e-07 5.244136921536079e-07 0.0 0.00029190327286336747 9.341496011021652e-05 4.0436626068792875e-05 0.00022067088369614985 0.0 2.4766143023030618e-06 9.504357943149393e-06 0.0001762364857550096 2.678192341555241e-05 8.680901314899768e-05 0.0 0.0 6.916727577589253e-06 4.945660659712265e-06 2.4480465914718154e-07 9.086237466436236e-05 1.8318958001220234e-06 1.1005543833006037e-05 7.887386724138352e-06 6.031639403299629e-06 5.118460917433016e-07 6.071663274199693e-06 3.089093859775882e-07
3.389854985973879e-07 0.0007961565926650246 6.930727854082688e-05 1.2766126218764952e-06 8.245783803535963e-08 2.7956305123145424e-07 2.950241639083108e-05 5.206326102320693e-07 0.002085648586963867 1.7851622259570201e-06 2.4331896190028666e-05 1.8106378704745823e-07 0.00015987548466648945 9.018735622876737e-07 1.224663565895247e-05 0.0017233745145137432 1.9269459621544622e-05 4.587825186572741e-06 6.830923646354752e-06 0.0 0.00014450126245138428 0.0 0.00015701994807403879 0.0037405860170154513 0.0001690962161503267 0.00011998425206652187 0.0030422556082213515 0.000349835121911783 5.8932857083496275e-06 2.2283770624475602e-05 5.183641858169902e-05 1.1479600997577405e-07 6.59609176034908e-07 1.3937796758977087e-05 0.0 3.929115263692409e-05 1.8064350841278367e-05 2.026340722819994e-05 1.027398518562678e-05 2.507732272581854e-05 0.0 1.0189491524905865e-05 2.736767780548577e-07 4.94484646880152e-07 1.3881095223153094e-06 4.592440625616966e-05 2.5741197953741456e-07 0.0 0.0 3.3839864276174596e-06 7.980479869589833e-07 4.951287957165387e-07 8.3986669435232e-08 1.2974695461692288e-06 0.0 2.7735487728311927e-06 1.1789327196339921e-06 0.0 0.0004400662203259465 3.4981037317279317e-06 7.128611899650848e-07 6.560223147963391e-07 0.0 0.00011446450525788349 7.134639421148253e-05 0.0003644792937803009 9.167664819444364e-05 9.619428934804751e-07 4.809090784536119e-06 0.0003927673652997319 5.685303072806063e-05 2.67861703911848e-06 1.1091716785962097e-05 1.0067091974761298e-06 0.0 1.5697992868739192e-06 9.796186481359621e-07 1.9147515651328492e-07 4.4958532829899315e-05 6.739512257457761e-06 1.5316076697224178e-05 2.2999108140268158e-05 2.6452289984612823e-06 1.4566617476547969e-07 1.8916879842661154e-06 0.0
7.89487358161428e-05 7.292094715420469e-06 0.004748795556493459 6.978130259060215e-07 9.662740761166865e-08 1.3012118025375651e-05 0.0014073729497234542 0.00010323540089518937 5.0188230771157156e-05 2.8477737138372198e-05 1.8533696304028284e-05 2.6563210048492056e-07 4.7769000516098834e-06 0.00021750066933192634 5.836247089998666e-08 0.0018758956306868533 0.0010159583576185495 9.871029657470216e-06 8.665816276947628e-05 7.639728092324451e-07 0.008213136340199672 0.00015701994807403879 0.0 0.00014816802033665893 6.149207079292095e-05 0.0002055003174408284 0.0063150362514186485 0.002248487322712208 0.00012047309096991266 0.002689994475665679 6.378859505770479e-07 1.179306266007459e-06 2.007622810343339e-05 0.0017386769852675834 0.00021139185605180218 0.0064787702079437065 0.004372081503946304 0.0043249856030498045 0.00453310357267299 0.0003929171187622365 9.780970969818001e-06 3.6558104584825214e-05 3.9727185939853156e-05 1.0802421475116896e-06 4.302249539539352e-06 0.00025277849795085985 1.6867818268024572e-07 0.0 0.0 1.0576697143772167e-05 7.979689429061716e-07 1.1787732216145163e-06 4.2039702703947057e-07 8.429862640857915e-07 0.0 0.0 2.7743764972989715e-06 0.0 0.000656500946727374 5.556184791908042e-06 8.903105840751133e-08 6.45070079753565e-07 0.0 6.999867297633958e-05 0.00019078164941680167 0.0009838524387307088 7.608171095071438e-05 0.0 5.667728910321369e-06 0.000682008138281491 5.1108286590562004e-05 5.431305910274389e-06 1.5768861824929843e-05 0.0 0.0 7.781543206578862e-07 4.3001207756558485e-06 1.5407492117909206e-06 0.00024689980824436897 1.8605471471237772e-05 3.7228204400611356e-05 5.0907013029679954e-05 7.667778049662268e-06 2.731336824709004e-07 1.2885373468167365e-05 2.495022012320942e-07
7.803282765222122e-06 0.0005926686712255722 5.138653040681329e-05 0.001266376649858981 1.0919003211684113e-05 9.00383692180561e-06 0.0005195343534213549 2.0231141357773028e-05 0.004852456608607113 0.000268710725831301 1.5444813349589265e-05 9.749436849932189e-05 8.947481721017729e-05 2.9887273347731352e-05 0.00032657614208616605 0.0012295106373915977 3.3289276979628326e-05 2.297396896421765e-06 8.559442243952412e-06 0.0005207981993540975 0.00013486691262855458 0.0037405860170154513 0.00014816802033665893 0.0 7.920093603902608e-05 0.00010864623947793918 0.003275549006820043 0.0029726569364825054 0.00012513244059334154 9.09423425945348e-05 3.9305562679629484e-05 8.924417678394113e-07 5.335210320955797e-05 0.00010694224764879669 1.6457685470386966e-05 0.0006794540652957252 8.133346197263361e-05 0.00016547269973307707 0.0001444477805608982 0.0003215091071260718 1.6274043754837595e-06 4.374859270712756e-06 3.168213579311083e-06 2.505031523615975e-05 1.04079642734019e-05 3.3473490756613566e-05 0.00012381216951636842 1.06069378486847e-07 1.2683610319749988e-05 0.0005470367743869272 3.41072020128724e-05 0.00021450971407713918 0.00013355969219090144 2.517324086192535e-06 6.807601423861612e-05 2.4514044083672267e-06 6.511096150097456e-05 6.796156588754111e-06 0.00018474266214848472 5.2779446963749716e-06 1.0058259167467607e-06 2.674789438119556e-06 8.662379710101776e-05 0.00014261368368729939 0.00022544089081225213 7.524865662074676e-05 0.0007808859750525604 3.4072426576585994e-07 8.488086584692028e-06 0.0001030330729207393 0.0007472538845814688 0.00014435393965612153 0.0003563539440908401 3.860217275362079e-07 2.074840265795133e-06 1.4049587018453981e-05 2.2848227090070576e-05 5.268150622744456e-07 0.0002777640757684178 9.961451658510829e-06 6.897000107408399e-05 4.8039907601208414e-05 0.00011954151744709338 8.214139753596265e-06 3.4831677143981973e-06 1.8071809556227427e-06
