0.0 0.0 9.03736526317716e-06 1.0019366422995177e-06 1.664689733005551e-06 1.7310944488225814e-05 0.0013118439205607212 0.00035801169468226054 1.5361449381011715e-06 9.950526742553004e-06 3.6545283300823057e-06 5.794016326267928e-06 0.0 0.004118462097617318 0.0 8.648201992909327e-08 2.0518719132280342e-05 8.866405136579347e-07 4.155740292158239e-06 2.054512468644989e-06 3.853464426875371e-06 6.651195934507896e-07 7.1443524312373925e-06 8.312288403855025e-06 0.0 6.833826395469806e-06 5.066917801206185e-06 2.144707474776187e-05 0.0015331272694364103 0.0005091413823514495 0.0 1.76186738137805e-05 1.3414160677295939e-05 7.500785178054063e-05 2.1969295673786414e-06 3.551930066793905e-05 4.3199607782862895e-06 7.760963090336493e-05 2.9304603710453877e-05 5.76159774093066e-06 2.8647671209790513e-06 0.0 1.748078256741195e-06 0.0 0.0 5.609594797896477e-07 0.0 0.0 0.0 2.586455255490871e-06 0.0 3.37051905485281e-07 0.0 0.0 0.0 0.0 0.0 0.0 4.895724820438397e-07 0.0 0.0 0.0 0.0 9.679997908876325e-07 5.847153088799663e-07 2.1351109475207826e-07 1.0832410098522468e-05 0.0 6.383095573786635e-08 0.0 8.890079828993159e-06 0.0 1.1509092894375304e-06 0.0 0.0 2.441132630875675e-07 0.0 6.820295164825848e-07 1.0398098199152233e-06 0.0 9.471894184971383e-07 1.7998660842243504e-07 1.0377881623489501e-06 0.0 0.0 0.0
0.0 0.0 3.081098407929682e-05 0.0 4.1595295882750577e-07 8.171754710760262e-08 1.6084515951873762e-06 2.5423001440523556e-07 0.00017566297165494705 0.0 3.332508177009701e-05 2.42593775099669e-07 0.0007222122479235856 1.6681536405630485e-07 5.282701470760398e-06 0.000248528339549051 1.3232302898714086e-05 7.298741399022159e-07 4.82229447718725e-06 6.794031957423505e-08 5.343494893115738e-06 0.0013862709391857348 7.2218503685067085e-06 0.0004004872009500593 0.0012166990452584965 0.00029640334817998033 0.004526245496539602 2.5670913578874196e-05 3.3987906953686606e-07 1.34124400762767e-06 2.3713374019879854e-05 1.840360780747163e-07 0.0 0.0001253205740554261 5.673061382363372e-07 1.4560040604363384e-05 2.9183433632165245e-05 2.0069572224882293e-05 2.4376541911321362e-06 1.3211590847432691e-05 1.7821460531207744e-07 0.00023390669290504728 0.0 0.0 9.924797298747679e-06 1.307161575260721e-05 0.0 0.0 0.0 3.532260977754263e-07 3.1004109966180093e-07 2.7437035330458373e-07 0.0 6.397445882735321e-06 6.999950499889216e-08 2.3539305063915914e-05 1.6723464786491558e-07 0.0 1.0936154757581499e-06 3.879574870597625e-06 8.648583524092897e-07 1.4923537075336532e-05 0.0 2.0751751611685093e-07 9.112647062508579e-07 4.79317495145458e-07 7.5546621123079215e-06 2.3742837307824387e-05 0.00035625211962327444 0.0006145634786822721 4.0013107805552197e-07 2.878418287111181e-07 0.0 6.1006415326168305e-06 5.187691599531879e-07 0.0 3.891712082088284e-06 6.620731552219803e-07 1.6834504410869778e-05 1.53287811943452e-05 1.668871635989462e-05 3.753393525698133e-06 2.24148679453984e-07 0.0 3.823897210915313e-06 0.0
9.03736526317716e-06 3.081098407929682e-05 0.0 2.682082977566116e-07 3.5000423530083846e-07 5.820860195851935e-06 0.00027893682007692783 8.749881126489308e-05 1.1255074287314298e-07 1.210677510203686e-06 2.048354972182154e-05 2.90434716432792e-07 7.27666289723961e-07 7.882527272438151e-05 9.01738653967752e-08 5.139574052177335e-06 0.002490665365016383 1.8899365455162453e-05 0.00026767652509360505 2.428416722889936e-07 0.0009128870416456673 9.374600880667865e-06 0.007179384115636978 1.2639735718125579e-05 0.0 0.004418330565856484 0.004949203686416323 0.0002415516107182485 4.898443837808639e-05 0.0003325143282124728 9.54178676642821e-08 1.376234115594198e-06 3.0952358260742045e-06 0.00024067345987007833 5.869075561655598e-06 0.00040243729268606105 0.0029762100163560493 0.0005051573521872701 5.7445239041579245e-05 1.1259297771312414e-05 6.608579154676468e-07 6.353550519818953e-06 5.643795292423679e-07 6.945885536884123e-08 0.00014049881082574768 0.0005235681744731644 0.0 0.0 1.1217922402247528e-07 5.81999925782234e-06 4.6134982839921303e-07 2.568937077105269e-07 0.0 6.283784183663354e-07 0.0 2.11359693698059e-07 6.219157353713098e-07 0.0 9.244119087580234e-06 0.0001322300678803374 1.1482239449731713e-06 0.00012770108133627924 0.0 7.726531616193241e-06 5.539526640987208e-06 3.593308342704668e-05 1.0420512825166977e-05 3.4726983857859185e-07 0.0005983206492019227 0.00170875372425383 9.45377731811823e-06 1.4209102361436103e-06 2.739722641743936e-06 5.688710454356131e-07 0.0 0.0 1.8352160816147135e-05 4.274300298292601e-06 0.00010086536640101908 0.0003687360545447694 0.00010227572360150381 1.9259064714145785e-05 5.411286364036384e-07 2.491596586835841e-07 4.552459833287341e-07 9.258115715977485e-08
1.0019366422995177e-06 0.0 2.682082977566116e-07 0.0 4.3223540732165584e-06 0.00012287947163318915 6.389562811780131e-05 6.27817291758233e-05 0.00016648428930514215 0.002453947951678512 6.7711300904230785e-06 0.0026956885159442772 2.2345888693035566e-07 2.6630195750017244e-05 3.444072245750667e-05 0.0 2.1664872285696025e-07 2.3793205742042003e-06 2.163545225102963e-06 0.0017891450702423842 0.0 7.07835728317939e-08 0.0 0.0008174099022088642 2.3857519247272426e-07 1.480685449196132e-06 3.956110001501735e-07 0.001382274709819421 3.874422625026833e-05 1.030153860677712e-06 0.0 1.1423015989782095e-05 1.929256001759002e-06 2.54336860218901e-05 2.8738037132165687e-06 0.0001273613350956633 4.5072519434341627e-07 5.60912974342317e-05 2.1779112248076427e-05 9.436836309857774e-05 8.948730305607448e-06 2.7703485985650673e-07 1.627349248280239e-06 3.1610227993411713e-07 3.1696286651039036e-07 0.0 2.9480308808300687e-05 4.1576876868210436e-07 2.622088686496362e-06 4.393279683046236e-05 4.8669146757924035e-06 2.9528741163835006e-05 4.299131884714593e-05 1.6039141857294407e-07 1.0552087760674199e-05 8.486137877221748e-08 1.8327379789554303e-06 8.999283751390426e-07 0.0 6.978294436821805e-08 0.0 0.0 2.309213958902587e-05 0.0 3.2743525180607684e-07 0.0 0.00016899743491299006 0.0 0.0 2.0392729787145914e-07 0.00018533095688123404 1.6083262039994423e-06 2.443146376655622e-07 0.0 0.0 9.499472604250422e-08 1.5945462547461924e-06 0.0 2.886030953152685e-05 0.0 7.85218308391555e-06 1.7633933009616716e-06 3.316778668795073e-05 1.3539486527605605e-07 3.276668268494377e-06 0.0
1.664689733005551e-06 4.1595295882750577e-07 3.5000423530083846e-07 4.3223540732165584e-06 0.0 0.0003628406253214354 9.255430776093108e-06 0.00011482006575945741 6.67411520743824e-05 1.8090139535297418e-05 7.812459225051545e-05 0.00011333094448660455 3.9797917924552415e-06 4.435414112405769e-05 0.0007978120427199684 9.173146563636575e-08 1.8783688673970593e-06 1.0918087551899539e-05 1.1146475518490967e-05 8.04898642302713e-06 2.2661608199439505e-07 2.0377676142460853e-06 1.4110062407701134e-07 4.174705948607507e-05 6.820343959623747e-08 5.136983600108889e-06 8.754834033050682e-07 1.004674515548948e-05 0.0001034237873941039 2.7832165673242577e-06 6.899305712223357e-08 2.183567606052057e-05 0.0 0.00038704119601527473 1.6509836747691184e-06 4.212966686465856e-05 1.6952244590839443e-06 0.0001744986139307287 4.081546811345289e-05 0.0014326442523981994 0.00010492343894805661 2.6455999980705438e-06 1.5030768915518729e-06 0.0 0.0 0.0 1.1629879512573777e-06 0.0 0.0 1.0176033768648492e-06 0.0 7.874125528310625e-07 4.708896037083945e-07 0.0 2.61112520648849e-07 1.0153236258763574e-07 0.0 0.0 1.6778747576110876e-07 0.0 0.0 0.0 4.7538151630828924e-07 8.786521758952759e-08 5.609558344831384e-07 0.0 3.1151206216312244e-06 0.0 0.0 0.0 2.3975334286798867e-06 0.0 6.450646944877619e-08 0.0 0.0 0.0 0.0 0.0 2.5209226281729516e-06 3.0299398657860937e-07 9.649770389778032e-08 0.0 9.65991333254124e-07 0.0 0.0 6.313202706263149e-07
1.7310944488225814e-05 8.171754710760262e-08 5.820860195851935e-06 0.00012287947163318915 0.0003628406253214354 0.0 0.0008373044428471439 0.0038907270578169293 6.229004747938363e-05 0.00476684535336799 0.0001525883750748924 0.0020833545444473474 8.149290652427649e-06 0.00028989383125545786 0.0014089576438002533 0.0 4.009839109994625e-06 2.2688101265485276e-05 2.0673710380712506e-05 0.00023438871279831642 1.2393391086094105e-06 1.4562094473034936e-06 2.0523953874161586e-06 0.00017064943606146204 3.7144516643617823e-06 1.5570504881369007e-05 2.647261881865643e-06 0.0006455521563863768 0.00013968338833434947 2.2840860147826908e-05 5.841941649090751e-08 0.00018198957250547323 2.6204461408070958e-06 0.0004203556838503546 9.868074731570366e-06 0.0003123505693508065 1.2370624712521175e-05 0.0003114459797156949 0.00012417997738305782 0.0024078922255095646 0.00017159242733737993 1.495776235140933e-05 9.578659805980323e-06 1.1685773790100091e-07 0.0 1.7326262805866154e-07 1.3233428526045608e-05 0.0 1.7726996622275717e-06 5.162171911648853e-05 4.254641348272522e-06 1.0053007931019782e-05 2.4380134818593305e-05 4.199269681830367e-07 1.0806515295930928e-05 1.1072665111169518e-07 1.2677758545381508e-06 1.9251343125364975e-06 1.1147821768599659e-07 0.0 0.0 0.0 1.4498218257465689e-05 3.6690560493966874e-07 1.6863093103145307e-07 4.6523999161835467e-07 0.00013263398869995638 0.0 0.0 4.1272201577997563e-07 0.00014611308769292252 1.8407038359657235e-06 2.206013066374138e-06 0.0 3.4801000744005075e-07 1.6784623385191178e-07 1.2438848916469852e-06 6.222304781644223e-07 3.524953382183622e-05 3.9396644382099424e-07 9.960332935824046e-06 2.2948326554492337e-06 2.5958949810310275e-05 3.020757289648197e-07 3.4988207666609905e-07 3.6485212450143267e-07
0.0013118439205607212 1.6084515951873762e-06 0.00027893682007692783 6.389562811780131e-05 9.255430776093108e-06 0.0008373044428471439 0.0 0.0035458176536307217 7.59420191139119e-05 0.004243573890587955 2.847309501269509e-05 2.8388878211568452e-05 8.249327895819671e-07 0.006108865750444018 1.7422862668252866e-05 2.907398710889842e-06 6.98029222539511e-05 7.871878061987409e-06 2.056366386533152e-05 3.365514660380318e-05 0.0001752101693224531 9.647894356485491e-06 0.00025213108717062326 0.0002915561946617369 2.43576419778686e-06 0.00010901851154006743 0.00017635935304557157 0.008696027606084112 0.0018238598140110102 0.0020033045118869686 6.823818034807473e-08 5.531327420608301e-05 0.00022113586001133395 0.00046390711720586654 0.00013458907831464956 0.002497396072887313 5.8576785492677266e-05 0.0010476737840821647 0.0007469736284639214 0.00028408152096664444 8.157876959813225e-05 3.5926431425139806e-06 2.9098810313976107e-05 1.0251877190382388e-06 1.5829628682983493e-06 8.280828084596491e-06 2.130187631285466e-05 5.558047057982984e-08 3.812046752638972e-06 0.00022466571463725847 1.3631547693234441e-05 4.996077966419481e-05 3.882171569135801e-05 5.261206070899404e-07 8.25486080088807e-06 2.0633745847433527e-07 1.2178005564109416e-05 1.1742641062051174e-06 1.3478639712952563e-05 5.685542388759226e-07 4.887064888077993e-07 1.399133060628084e-06 1.4904494770596562e-05 2.0915054036359343e-05 1.3964885395099668e-05 1.0262365182657403e-05 0.0005128538096978251 2.6321732553154153e-07 3.5416654884892696e-06 3.7736098418575426e-05 0.0005434483922648943 1.5535272013152928e-05 4.0759481620297206e-05 1.5863717202848845e-07 2.020203579375792e-06 8.618248934332551e-07 8.34885992915345e-06 6.963120529715254e-06 8.388942078737364e-05 3.395010700504775e-06 4.440839457638133e-05 1.408754606047077e-05 5.248530687524587e-05 4.203526361820392e-06 2.8653740972062462e-06 4.047996490744758e-07
0.00035801169468226054 2.5423001440523556e-07 8.749881126489308e-05 6.27817291758233e-05 0.00011482006575945741 0.0038907270578169293 0.0035458176536307217 0.0 4.312248036729762e-05 0.0013722536233389331 0.00019220402146631407 0.0005078561269702174 6.5689527644429265e-06 0.002248116752211629 0.00013048640162551957 1.4559100009030554e-07 6.477989399624818e-05 3.310284428970072e-05 5.8319381679082046e-05 0.00014483028218651825 2.2020502083054605e-05 1.1385121700447302e-06 3.227102258189542e-05 0.0002683374415873502 7.821702710501483e-07 6.18978941873179e-05 2.3263288450142228e-05 0.0006799923925755242 0.00034884351392924345 0.0004222241622492442 1.4741684911834436e-07 0.0006387068160696161 7.032393981198746e-06 0.00045546948429606935 8.773220399212231e-06 0.0002788495922158442 3.320826140884774e-05 0.00048729411518885475 0.0001524314605799097 0.0007183178417474803 6.667331983079014e-05 1.0436030375972065e-05 6.766346643209071e-06 0.0 1.3956928884295637e-07 1.634298330407652e-06 1.2581262582403651e-05 3.698796151782634e-07 3.7804679527455405e-06 0.00021773604733058265 1.2925711971323706e-05 2.0279229703473656e-05 3.530931460501517e-05 4.4094660650451893e-07 8.16979146800481e-06 0.0 5.523026696424426e-06 5.117187775368039e-07 2.0760041251194775e-06 5.752020151696441e-07 6.792926514137775e-07 4.487208560697306e-07 1.3844259640354264e-05 3.4358832829046483e-06 5.7173392163966006e-06 7.292492885957907e-07 0.0004130394067901876 0.0 1.2962901817435506e-06 3.840778690748333e-06 0.00045855845513164003 9.314939039917127e-06 4.2181710398950706e-05 0.0 1.1894765955300104e-06 5.516266859648865e-07 4.413567631521894e-06 1.0879600360816945e-06 5.830873702036047e-05 2.0764075363154383e-07 3.295441941525246e-05 1.465254533677312e-05 4.684029264872135e-05 2.8397736980686956e-06 4.908480001289111e-07 6.193918142333325e-07
1.5361449381011715e-06 0.00017566297165494705 1.1255074287314298e-07 0.00016648428930514215 6.67411520743824e-05 6.229004747938363e-05 7.59420191139119e-05 4.312248036729762e-05 0.0 0.00018466603447352806 4.363819778044223e-06 0.00021701916138916775 6.270408675854688e-05 1.5981834835508928e-05 0.0005732952527442101 5.887403688732987e-07 2.5072787608271747e-07 3.3633432771618263e-07 4.100913917799268e-07 0.00013038107688955524 4.2360093857148844e-07 0.001042896923920674 8.559870331379886e-08 0.004820486199149588 5.150527229698983e-05 1.8006121726222208e-05 0.00014941330180532293 0.0007230063740807345 1.2255344664912234e-05 8.996067111675615e-06 3.457140581315896e-06 3.0088682409801837e-06 2.7715016106487475e-07 7.516347300904568e-06 9.5339491122324e-07 2.30223091739397e-05 1.2293093869413282e-06 1.0260845032629535e-05 5.204159639489371e-06 0.0003858137176633412 3.207717336730329e-06 6.716201067175197e-06 0.0 0.0 2.9504518894891444e-06 3.29483668864531e-07 2.4025708168542915e-05 1.4544297285668022e-07 4.566550581700541e-06 8.490982157327134e-05 4.366994149367522e-06 6.398120398890943e-05 2.780141643804009e-05 4.995872465125664e-07 8.134117975407711e-06 1.22883670674835e-06 1.6672049454572364e-06 1.3429890223925234e-06 2.2136955780413005e-05 0.0 0.0 3.765387646648288e-07 1.4677103509268887e-05 1.2266508669471472e-05 6.718145610162125e-05 6.358969570358922e-06 0.0009589310743292853 1.2003093880301765e-06 1.3678440135621742e-06 3.913634808317543e-06 0.0003561848687733772 7.531450112274183e-06 1.0859393364300465e-05 2.01771675290955e-07 9.606851360092954e-07 2.285756671833413e-07 1.4806193105856466e-06 1.2765466990271121e-06 2.171222679111676e-05 2.473682602540618e-07 1.3825482445842882e-05 7.797508688596701e-06 2.121140212242415e-05 1.4079109260100758e-06 5.158258160599394e-07 8.773441647249371e-07
9.950526742553004e-06 0.0 1.210677510203686e-06 0.002453947951678512 1.8090139535297418e-05 0.00476684535336799 0.004243573890587955 0.0013722536233389331 0.00018466603447352806 0.0 5.014418451576338e-05 0.002533964876281957 1.9251094696909006e-06 0.0004984811798181244 7.513963855657871e-05 2.6596151390669987e-07 2.4031969313493284e-06 1.3569542615131277e-05 1.1807213347263786e-05 0.0017701401843367125 3.8135459462410774e-07 5.248215702392152e-07 2.415305977534534e-06 0.0007562289471100592 2.1053090956041622e-07 7.309878635915878e-06 3.1328310776752126e-06 0.00367310549772883 0.0004523275444270197 6.988191501208936e-06 5.647028090817793e-08 7.973347503397089e-05 5.449678969223054e-06 0.00022646693813227774 3.578739572825387e-05 0.0011069701548412072 1.2421196082423385e-05 0.0005505172139166442 0.0002369057401426771 0.00026132969552184333 8.70172328991583e-05 2.5210740636864303e-06 2.2115629143531408e-05 0.0 3.94368187657027e-07 3.725938237680461e-07 6.85264781425129e-05 2.8787568265632693e-07 1.1771130889690963e-05 0.0001666424262937122 1.2125405107081254e-05 4.83228369018241e-05 0.00012151757819835738 1.3054304241032705e-06 4.287923156494616e-05 0.0 7.767869436966414e-06 5.612829476157182e-06 1.4095711669652465e-07 0.0 1.1769771133149522e-07 0.0 7.16469997883982e-05 4.636570867398538e-07 1.1270316449924577e-06 2.4437545543627644e-07 0.00045537211057025597 1.7535133964871374e-07 2.4303834311385754e-07 6.343969828804869e-07 0.0005292818098660738 5.014812909703351e-06 2.7718318746011923e-06 0.0 5.761794436275523e-07 1.1386414844324944e-07 4.736321018382923e-06 6.548484192664379e-07 0.0001001634158647677 4.173780325594701e-07 2.7943341714634914e-05 7.388202447616299e-06 9.54251381218624e-05 1.8151200082607927e-06 7.714116719801204e-08 3.611564212205835e-07
3.6545283300823057e-06 3.332508177009701e-05 2.048354972182154e-05 6.7711300904230785e-06 7.812459225051545e-05 0.0001525883750748924 2.847309501269509e-05 0.00019220402146631407 4.363819778044223e-06 5.014418451576338e-05 0.0 7.683332377681561e-05 0.00037880176168565564 2.8180331533882586e-05 1.226331760002889e-06 6.794345568210001e-07 0.0001508434169880168 0.002132975146555972 0.000594178544346317 1.6265834445772172e-05 2.100557699298108e-05 1.4646823382512859e-05 3.981447522547939e-05 1.2906027516418057e-05 0.00025245072800107835 0.0007825346811689757 0.0003313110906339087 1.7213254867179366e-05 0.00016692531111448346 3.0274872279630466e-05 0.00016533750434900038 0.00042787331125458407 2.709569226169122e-06 0.004684976065979669 8.658929316720702e-06 0.00041618226109173116 0.0019629103423168797 0.0025856588935225717 0.0006153850467149991 8.13548700336942e-05 4.157052943738378e-05 0.0007565705769443006 6.539755093473623e-06 0.0 6.286855791671081e-06 0.0 0.0 0.0 3.3582449155147137e-07 1.203984670238572e-06 7.340456496759086e-07 1.8343881585377003e-07 3.5766140595775863e-07 0.0003776606710824286 4.598098335188643e-07 0.0010791055671784343 6.025576416516086e-07 0.0 2.247301385356108e-07 2.9816042457342735e-07 7.788225968696451e-06 8.922430391766691e-07 1.3131111666525092e-07 2.9757224701208984e-07 4.734095239998773e-07 0.0 6.7594675983719786e-06 0.00021087980339121821 6.920040089781126e-05 0.00017483849427939212 8.863279748040606e-06 1.7110711949615244e-06 4.886593450231628e-07 0.0001261935393896996 1.1349689607239807e-06 0.0 2.1577641670199163e-05 3.907667474254518e-06 2.392366312955735e-05 0.0003315062560289175 2.6139294173690637e-05 2.559306639099992e-06 1.890655969641264e-06 4.521438765289892e-07 0.00010645845055954657 0.0
5.794016326267928e-06 2.42593775099669e-07 2.90434716432792e-07 0.0026956885159442772 0.00011333094448660455 0.0020833545444473474 2.8388878211568452e-05 0.0005078561269702174 0.00021701916138916775 0.002533964876281957 7.683332377681561e-05 0.0 4.3417056527898735e-06 0.00019397967413331446 0.000608868484798373 0.0 1.8693794884175093e-06 1.5045391425062358e-05 1.7121688829802538e-05 0.002772967031716128 6.513006819192169e-07 1.1699951662156208e-06 5.072270038835698e-07 0.0007352845430558903 1.4806705410367737e-07 8.257153567909337e-06 1.3947880432551967e-06 0.0004906934009143954 0.0002073400696944991 4.375347103601147e-06 4.1551409171307173e-07 0.00011869347847234037 5.71866122439967e-08 0.00017935851514713641 1.000782060527238e-05 0.00043177940398503306 5.7513158882867684e-06 0.0004192769515399022 8.521292825376507e-05 0.0010698464585332731 6.466458555856712e-05 2.811571567663185e-06 6.5103736900655625e-06 0.0 0.0 0.0 1.600554869044772e-05 6.065482469597579e-07 3.766209499799563e-06 9.431898572593744e-06 1.1357675157895914e-06 1.970789908146396e-05 2.1494363322992112e-05 0.0 2.4609255230246515e-05 0.0 6.58536684814274e-07 4.981716375001945e-06 6.523872652390911e-08 0.0 0.0 0.0 1.904653108054495e-05 0.0 1.8123935968848686e-07 0.0 8.05932148284273e-05 0.0 1.0287991225627183e-07 3.236484240358185e-07 6.396666944486199e-05 7.756279184918863e-07 1.3468994391307924e-06 0.0 7.031914770512714e-08 0.0 2.227553019073214e-07 4.742408091774124e-07 2.7063260954561167e-05 3.962754267348941e-07 2.282090911557941e-06 9.716695111429336e-07 3.757552433827035e-05 8.82707252453982e-07 3.108908483985409e-07 6.25011797991315e-07
0.0 0.0007222122479235856 7.27666289723961e-07 2.2345888693035566e-07 3.9797917924552415e-06 8.149290652427649e-06 8.249327895819671e-07 6.5689527644429265e-06 6.270408675854688e-05 1.9251094696909006e-06 0.00037880176168565564 4.3417056527898735e-06 0.0 9.75754873987003e-07 1.4088238709574275e-06 2.2537996525909356e-05 1.2364025812758685e-06 3.676872845246734e-06 3.590182883466595e-06 1.2170226688437736e-06 1.4537356899966898e-06 0.00026042294066048495 1.9829436183270116e-06 9.188246853124303e-05 0.0014444588203475067 6.479046028496647e-05 0.0016991684881841333 6.346444575084966e-06 1.8762505724282815e-06 5.805878247643778e-07 0.0007111473807074335 8.700284763286447e-06 0.0 0.0005946939430771218 1.5353144943682674e-05 0.00012089577491987457 0.00048041671251738814 0.00038590526748891207 6.818738742772205e-05 1.4713596063824043e-05 2.1832443515499778e-05 0.0005486370715871969 4.125036222793805e-06 0.0 8.858812457606318e-06 0.0 0.0 0.0 0.0 1.1333583237266738e-07 2.3965175119969686e-07 2.150195487404519e-07 0.0 0.0003759120414526445 1.2825916552334603e-07 0.0011363037258163738 5.405710107609851e-07 0.0 0.0 6.769502559146502e-08 9.43979890399353e-06 3.6919222970119814e-07 0.0 0.0 5.304712885825837e-07 7.980032839016528e-08 1.996452678805261e-06 0.0005321295707045119 0.00012797110123285782 0.0002572639038257649 2.752373682072468e-07 3.9911724148584824e-07 0.0 0.0002586542092331532 8.688716264564627e-07 0.0 1.1564052191648545e-05 7.271912531590844e-06 2.2783920611352273e-05 0.00024053534287625284 2.040963373955797e-05 4.28973657756119e-06 4.4216240613216205e-07 4.1056588645282663e-07 6.276352842196708e-05 5.877118775175892e-07
0.004118462097617318 1.6681536405630485e-07 7.882527272438151e-05 2.6630195750017244e-05 4.435414112405769e-05 0.00028989383125545786 0.006108865750444018 0.002248116752211629 1.5981834835508928e-05 0.0004984811798181244 2.8180331533882586e-05 0.00019397967413331446 9.75754873987003e-07 0.0 5.6497897251722e-06 3.899865455790502e-07 9.548003637251161e-05 7.089889757936096e-06 3.271750137421503e-05 7.661672625580312e-05 1.7718811331708206e-05 9.291275990416148e-07 4.372772957331999e-05 7.698983713278892e-05 2.1004907523449918e-07 5.49149508159096e-05 3.230526685688073e-05 0.00027143461290771436 0.0025279347702410826 0.0010094272408389443 0.0 0.00020719793506615323 1.2616882551929725e-05 0.0002720102714975244 1.4594778176774124e-05 0.00023790758164329406 3.2103078035107734e-05 0.00036756558859866073 0.00015379576007641785 5.976596097853361e-05 1.556811732003182e-05 1.0037211669560028e-06 4.0697827141398944e-06 0.0 1.0867600273333712e-07 7.59469141107744e-07 3.7238362444243135e-06 0.0 5.319674090114885e-07 4.62167523776e-05 2.4390636905781045e-06 6.375747845516387e-06 8.071243888108639e-06 5.058083625646619e-07 1.0578213243329137e-06 0.0 1.0949975945386306e-06 4.2461700646106607e-07 1.8812571352860129e-06 1.519933761479286e-07 0.0 7.879895778795472e-07 5.41909989872657e-06 4.025241993024652e-06 3.613177227643039e-06 1.5144335170494803e-07 0.0001421932670610047 0.0 4.945374181166976e-07 2.652726690810308e-06 0.0001527055051196416 4.801387757547571e-06 1.1021884050323007e-05 1.9775174815073483e-07 0.0 1.2613319906423147e-06 1.1122070252708613e-06 1.1326661568498148e-06 2.367363823367103e-05 6.27874041988056e-07 1.2067486997882091e-05 4.9423754016427815e-06 9.229329748050453e-06 2.722387971030432e-07 7.010525975433795e-08 1.1444798106077409e-06
0.0 5.282701470760398e-06 9.01738653967752e-08 3.444072245750667e-05 0.0007978120427199684 0.0014089576438002533 1.7422862668252866e-05 0.00013048640162551957 0.0005732952527442101 7.513963855657871e-05 1.226331760002889e-06 0.000608868484798373 1.4088238709574275e-06 5.6497897251722e-06 0.0 0.0 5.938094781616707e-08 4.4184437357252436e-07 5.7319551504938474e-08 6.657333129637604e-05 0.0 3.585646708999273e-05 1.3757430903553438e-07 0.0008409537750053038 2.118716982480102e-06 2.0148687141655309e-07 4.740910696305274e-06 7.250241450024083e-05 2.001987071420263e-06 1.0168205718118933e-07 6.295866086209731e-08 5.5139953772126804e-05 6.292700554346049e-08 1.259288779588303e-05 2.3469796763969208e-07 0.0002535525093557381 5.721072848029151e-07 5.151834501182687e-06 9.049605900023369e-07 0.0007208225984098223 2.317501682991687e-05 1.5421432981361933e-06 2.4658008286933695e-06 0.0 0.0 0.0 6.165150118958847e-06 3.035563445810588e-07 1.3311891979140012e-06 2.826161768021543e-06 1.6345356758240977e-06 7.220808754864899e-06 6.878957251659639e-06 0.0 1.316350415441015e-05 0.0 0.0 2.5509675468391047e-06 1.3830547987471405e-06 0.0 0.0 0.0 9.35836659803364e-06 5.181008592086342e-07 2.4948747145346726e-06 5.858509689777267e-07 2.6122753342029615e-05 0.0 2.0785278623574626e-07 0.0 2.1799394990956303e-05 8.817752881607828e-08 0.0 0.0 0.0 0.0 0.0 0.0 2.1590906858854586e-05 0.0 4.5132996377070594e-07 0.0 3.301708984761363e-05 0.0 2.9497978512106427e-06 0.0
8.648201992909327e-08 0.000248528339549051 5.139574052177335e-06 0.0 9.173146563636575e-08 0.0 2.907398710889842e-06 1.4559100009030554e-07 5.887403688732987e-07 2.6596151390669987e-07 6.794345568210001e-07 0.0 2.2537996525909356e-05 3.899865455790502e-07 0.0 0.0 9.219265972190503e-06 1.493925807265953e-07 8.09184305340156e-07 0.0 0.0018232589961041505 0.0014138695345129629 0.0019911417714280153 0.0011244445023269698 1.8678841252479055e-05 3.5424316191256105e-05 0.003578293520329596 0.0012912203851677812 1.493666201777132e-06 1.96881104288228e-06 1.1381641372663842e-06 0.0 2.659694175196928e-07 1.6335995954404088e-05 2.9545789187587522e-05 0.0010570430289981634 0.0004422793005928481 0.00015660991060444332 0.0002442693475560659 3.932162952382318e-05 1.4903977635645502e-06 2.828554940351817e-06 7.200251706756829e-06 1.6965813100055133e-07 1.2627080762770548e-05 4.566691586406469e-05 0.0 0.0 7.302848498845291e-08 4.018988796640605e-06 2.059829565029348e-07 4.771548336905902e-06 0.0 7.549016210911054e-08 1.1386400132325577e-07 3.666455703508668e-07 7.450928041801762e-08 2.742967279210876e-07 0.0020196743271806896 3.578551977260799e-06 1.028442724378066e-07 1.3369023290613054e-06 0.0 0.00035156317440593137 0.0005356310106525067 0.0011529289346352298 0.0003116360322250438 2.5167325281533927e-07 8.927233839126503e-06 0.0005573256711079597 0.00023206175556866394 2.0040818680567197e-06 1.073466476395175e-05 0.0 0.0 1.1976011827534689e-06 5.990436193029356e-07 4.32685625969601e-06 0.00019348107161813285 7.059463087406381e-06 5.191181919214906e-06 3.233738147596442e-06 1.5263036485383083e-06 1.439453894011717e-07 0.0 0.0
2.0518719132280342e-05 1.3232302898714086e-05 0.002490665365016383 2.1664872285696025e-07 1.8783688673970593e-06 4.009839109994625e-06 6.98029222539511e-05 6.477989399624818e-05 2.5072787608271747e-07 2.4031969313493284e-06 0.0001508434169880168 1.8693794884175093e-06 1.2364025812758685e-06 9.548003637251161e-05 5.938094781616707e-08 9.219265972190503e-06 0.0 0.0001197427851739133 0.002209703865091239 6.136462431274247e-07 0.0009460696682333855 4.9378444082512364e-06 0.002298739665632223 1.777923925078595e-05 4.0846150658344916e-07 0.0003710346825405152 0.004512742595113201 0.000112905347693679 0.00022126833481036912 0.0008560245493902394 6.162283338762307e-07 1.6870079958331093e-05 1.2026660222926914e-05 0.0007891551918246117 1.7876130839860105e-05 0.0007133034343331727 0.004237006197244218 0.001225946115123616 0.0003243100988636577 1.6333136125627244e-05 1.0069114885386156e-06 3.92907608067525e-05 2.7183932872291245e-06 0.0 3.838809434463137e-05 4.882845162178377e-05 0.0 0.0 0.0 6.719277468842715e-07 1.352766829678121e-07 8.095977288690189e-08 0.0 0.0 0.0 2.5751391656381843e-07 2.3550106299177444e-07 0.0 3.1515419701094513e-06 2.0822253437469017e-05 7.723103544614202e-07 4.59942851693336e-05 0.0 1.3620869466634285e-06 1.165260444326182e-06 3.91158651794575e-06 1.9115863306465904e-06 2.7881494639318284e-07 0.00027456959725813683 0.0002891203503448535 1.7618066608699984e-06 5.782292092859486e-07 3.066908995127398e-07 1.5012162568186651e-07 0.0 0.0 4.86071023333959e-06 2.0686174999575733e-06 2.13706477255331e-05 0.000140463994965067 2.228100651998964e-05 5.304733507144949e-06 1.7643363605543932e-07 0.0 0.0 0.0
8.866405136579347e-07 7.298741399022159e-07 1.8899365455162453e-05 2.3793205742042003e-06 1.0918087551899539e-05 2.2688101265485276e-05 7.871878061987409e-06 3.310284428970072e-05 3.3633432771618263e-07 1.3569542615131277e-05 0.002132975146555972 1.5045391425062358e-05 3.676872845246734e-06 7.089889757936096e-06 4.4184437357252436e-07 1.493925807265953e-07 0.0001197427851739133 0.0 0.0008878948780456767 4.359023351577442e-06 1.1173890381203711e-05 0.0 1.825562417449103e-05 2.1348704145044743e-06 1.8144160799577731e-06 0.0005600044794846205 8.693667205030756e-05 5.786660277544706e-06 3.712297364635221e-05 9.001803798368574e-06 8.45860504879408e-06 7.539075563043134e-05 1.3527831354774182e-07 0.00045667226278260653 3.51934716477038e-06 0.00040540186007281565 0.0008476097039126075 0.0008815258833634096 0.0003056014551258287 1.2465467291970235e-05 1.3942269562060258e-06 1.1912865989173987e-05 1.6870937214274178e-06 0.0 6.559514432456044e-07 0.0 0.0 0.0 0.0 6.841490415379768e-08 0.0 0.0 0.0 5.248562995483862e-06 0.0 2.2085134867277945e-05 0.0 0.0 0.0 0.0 7.063024273973023e-07 5.958446912006929e-07 0.0 8.479658876167421e-08 0.0 0.0 1.5245456790406794e-06 1.112297234346977e-06 2.9850022341352767e-05 2.8295685378515012e-05 2.1878184506909996e-06 0.0 1.3800173757046099e-07 7.2003069911811125e-06 7.829672118824958e-08 0.0 0.0 1.6210460474450115e-06 1.5346431417011783e-05 1.6711824525906166e-05 2.8987109973706346e-07 5.863775809083827e-07 8.830615255720594e-08 1.3464141474850246e-07 3.05653850677399e-07 0.0
4.155740292158239e-06 4.82229447718725e-06 0.00026767652509360505 2.163545225102963e-06 1.1146475518490967e-05 2.0673710380712506e-05 2.056366386533152e-05 5.8319381679082046e-05 4.100913917799268e-07 1.1807213347263786e-05 0.000594178544346317 1.7121688829802538e-05 3.590182883466595e-06 3.271750137421503e-05 5.7319551504938474e-08 8.09184305340156e-07 0.002209703865091239 0.0008878948780456767 0.0 4.8678115192737816e-06 0.00012829462952524548 7.474903901102608e-07 0.00022162039662503466 2.353250265633552e-06 2.4904172566199606e-06 0.0011474258460081467 0.0004746016585305995 1.9145282773085658e-05 0.0001148686676953044 0.000112122283709534 2.982588878985205e-06 0.00010907660806495223 3.747856264243255e-06 0.0014855511285421178 4.997278057718467e-06 0.0007564558238600758 0.0015361232126219874 0.0017206809998086172 0.00030227174217557193 1.7301362522171786e-05 9.398766843520522e-07 1.1366940350083592e-05 2.4307827270613805e-06 0.0 9.682337554048901e-06 1.1541311355654522e-06 0.0 0.0 0.0 2.570878774954986e-07 0.0 5.861424014251769e-08 0.0 1.7157524182999334e-06 0.0 7.175963589356096e-06 4.1954670386607895e-08 0.0 7.220847083709911e-08 1.3414910057503667e-06 4.4361098228311425e-07 9.636030310043067e-06 0.0 1.946788855363971e-07 2.3265781382088208e-07 4.334644759467275e-07 1.5765936923192968e-06 2.275229055240105e-06 0.00016760542332642863 0.00012773035819049845 1.1806559917898588e-06 5.926119214132417e-08 0.0 4.833002466979457e-06 0.0 0.0 2.814457542932237e-07 3.510476920292366e-06 7.395843900953892e-06 0.00010708525494927401 2.700324254807245e-06 1.5546614196371158e-06 5.358386019247804e-08 0.0 3.3466084596158235e-07 0.0
2.054512468644989e-06 6.794031957423505e-08 2.428416722889936e-07 0.0017891450702423842 8.04898642302713e-06 0.00023438871279831642 3.365514660380318e-05 0.00014483028218651825 0.00013038107688955524 0.0017701401843367125 1.6265834445772172e-05 0.002772967031716128 1.2170226688437736e-06 7.661672625580312e-05 6.657333129637604e-05 0.0 6.136462431274247e-07 4.359023351577442e-06 4.8678115192737816e-06 0.0 0.0 1.0092841866697716e-07 6.00299026902206e-07 0.00041060002833229637 0.0 2.5249944682376027e-06 4.4911824351928426e-07 0.0004996279799031056 9.925043684687734e-05 1.1235915913072657e-06 0.0 2.6248821543480645e-05 9.146993451029496e-07 5.921313479056704e-05 8.789257144648297e-06 0.00027418189382687284 2.393340504773783e-06 0.00016148733896129627 5.6553726972177774e-05 0.00021018457668003728 2.36458483048811e-05 6.532538919084377e-07 4.225167075368462e-06 0.0 9.413466255954178e-08 0.0 2.0210935409108e-05 1.911283406492969e-07 1.6786457889778843e-06 4.253284514514953e-05 4.352000084193223e-06 1.5317721730801458e-05 3.402910731943237e-05 2.1151986650449472e-07 1.72356649815143e-05 1.8292698948247788e-07 1.4926004768030266e-06 3.0239164299654856e-06 0.0 0.0 0.0 0.0 2.279069880952038e-05 0.0 9.918015091559748e-08 2.2315396031015366e-07 0.00011769766575699047 0.0 4.422475804351608e-07 0.0 0.00014494395178920328 1.677241806531678e-06 0.0 0.0 4.42180836998035e-07 0.0 1.2200571821797623e-06 5.199425399826578e-07 3.92277093622144e-05 1.0645544710896257e-07 5.47462680128204e-06 1.9389602245277686e-06 2.866204399949157e-05 5.897487374832081e-07 1.5978410723909717e-07 0.0
3.853464426875371e-06 5.343494893115738e-06 0.0009128870416456673 0.0 2.2661608199439505e-07 1.2393391086094105e-06 0.0001752101693224531 2.2020502083054605e-05 4.2360093857148844e-07 3.8135459462410774e-07 2.100557699298108e-05 6.513006819192169e-07 1.4537356899966898e-06 1.7718811331708206e-05 0.0 0.0018232589961041505 0.0009460696682333855 1.1173890381203711e-05 0.00012829462952524548 0.0 0.0 6.557434568907611e-05 0.013414342421432501 0.00011515292864380308 1.0009581349616558e-06 0.00022280510383965675 0.0016237957470740794 0.0018062978098543363 7.136961411683012e-05 0.004475708572560765 5.573213085996543e-08 2.659788985859512e-06 6.0032897522025e-06 0.0009289064935923566 0.0001759135322760303 0.003924060807578293 0.0007018716746139335 0.002562265527552825 0.0022623140936413916 0.0002127901068559534 7.062134099931354e-06 7.629895517334752e-06 2.7998676923925312e-05 7.369861329026135e-07 2.1588733193641527e-06 1.563778406821171e-05 0.0 0.0 0.0 2.2134851273856965e-06 0.0 2.3961145258143234e-06 0.0 9.309408284435301e-08 0.0 2.7711531814637523e-07 2.9843760681482416e-07 1.6635735499602845e-07 0.0003074557617050153 1.1337784698219142e-06 0.0 6.734292167596127e-07 0.0 0.0002072236730715249 0.00010284930884967643 0.00010260398662804091 0.00019459758917339808 0.0 3.863387188221393e-06 6.045772420717032e-05 0.00013908389313431268 2.3295234886553163e-06 1.764148914153132e-05 1.0806086134649408e-07 0.0 6.072028246782362e-07 5.245328309049827e-07 1.2073911756612083e-05 3.227455095253014e-05 6.71339106712287e-06 4.467411734723165e-06 3.0583609475221756e-06 5.755152377228222e-07 0.0 2.181896969026001e-06 0.0
6.651195934507896e-07 0.0013862709391857348 9.374600880667865e-06 7.07835728317939e-08 2.0377676142460853e-06 1.4562094473034936e-06 9.647894356485491e-06 1.1385121700447302e-06 0.001042896923920674 5.248215702392152e-07 1.4646823382512859e-05 1.1699951662156208e-06 0.00026042294066048495 9.291275990416148e-07 3.585646708999273e-05 0.0014138695345129629 4.9378444082512364e-06 0.0 7.474903901102608e-07 1.0092841866697716e-07 6.557434568907611e-05 0.0 6.508609568908867e-05 0.002578413974784012 0.000262227642456301 5.8856933170486407e-05 0.0019829240413718687 0.00026139108875241284 4.512199008514457e-06 4.486975097614026e-06 8.721755303955178e-06 0.0 2.3202415166150328e-07 2.4709633665337182e-05 2.475359933935052e-07 1.4554888903545235e-05 1.092398996109203e-05 8.429694208685759e-06 2.1386306135558795e-06 0.0001280776734278551 6.064450831508671e-08 3.88465929589467e-05 0.0 0.0 2.2293960251531808e-05 9.37637094710697e-05 0.0 0.0 8.111922644003523e-08 4.602454885134367e-06 0.0 1.2041910199243521e-05 2.500958404166019e-07 1.6911489737127832e-06 1.0889730389714039e-07 3.976679865395919e-06 4.339927429773117e-07 7.620017627586801e-07 0.0003254647785688128 4.9243311630265e-06 3.046616979601248e-07 4.905946496918213e-06 9.12915523353101e-08 9.38978398808669e-05 0.0001239239603838229 0.00015302575469176383 0.00028348384432093593 3.3577606864022333e-06 3.12325758532415e-05 0.0011577286372885431 0.00010395633186085719 2.4566613954936148e-06 9.850695651052105e-06 3.3229039958366265e-07 0.0 2.9670833388929317e-07 3.9824227842552735e-06 7.133251676015436e-07 2.0039014319231563e-05 5.734800353091324e-06 8.893018121766626e-06 3.36777924738413e-06 4.721299576629802e-06 9.753869227961813e-08 5.208126893585192e-07 1.1481802544217193e-07
7.1443524312373925e-06 7.2218503685067085e-06 0.007179384115636978 0.0 1.4110062407701134e-07 2.0523953874161586e-06 0.00025213108717062326 3.227102258189542e-05 8.559870331379886e-08 2.415305977534534e-06 3.981447522547939e-05 5.072270038835698e-07 1.9829436183270116e-06 4.372772957331999e-05 1.3757430903553438e-07 0.0019911417714280153 0.002298739665632223 1.825562417449103e-05 0.00022162039662503466 6.00299026902206e-07 0.013414342421432501 6.508609568908867e-05 0.0 0.00010418896538761911 5.237872267770912e-07 0.0009609800436312422 0.009329595456941302 0.001177344945820805 8.363801605715337e-05 0.0020727084260052557 1.8416392534921077e-07 1.7964376611919908e-06 3.595120210020642e-06 0.0010507084998266586 0.00021169275000024301 0.006691002978252964 0.004135483529986764 0.003808608870387673 0.0031584217211143434 0.0003314165608102468 1.4498281163522981e-05 1.2854706247301478e-05 4.0696283762758745e-05 1.5360456893187793e-07 9.77755238386193e-06 0.00019003207514604623 0.0 0.0 0.0 2.980478499889419e-06 0.0 1.1141773256993465e-06 1.4555066469204257e-07 0.0 0.0 0.0 1.5244444604850382e-07 3.498420436811564e-07 0.0007919098315591662 4.8893106298279496e-06 0.0 2.829005732359071e-06 0.0 0.00012510226083739417 0.00016852557823643661 0.0006518503879250578 8.8258199003691e-05 0.0 1.6414999521775235e-05 0.0010194360414758812 7.711379102785766e-05 8.986065632959649e-07 4.740044045115928e-06 0.0 0.0 1.2293669517255156e-07 8.391202816510004e-07 2.5969844438161108e-05 0.0001506948505841346 2.8099987413215838e-05 3.9705904993848165e-06 2.1992732420043804e-06 1.6243387727165476e-07 0.0 2.233481178351258e-07 0.0
8.312288403855025e-06 0.0004004872009500593 1.2639735718125579e-05 0.0008174099022088642 4.174705948607507e-05 0.00017064943606146204 0.0002915561946617369 0.0002683374415873502 0.004820486199149588 0.0007562289471100592 1.2906027516418057e-05 0.0007352845430558903 9.188246853124303e-05 7.698983713278892e-05 0.0008409537750053038 0.0011244445023269698 1.777923925078595e-05 2.1348704145044743e-06 2.353250265633552e-06 0.00041060002833229637 0.00011515292864380308 0.002578413974784012 0.00010418896538761911 0.0 7.722475717805901e-05 3.983854899722269e-05 0.0011769122000096803 0.0034456490343115916 0.00014172058524153345 2.9267987669097362e-05 5.632618173751673e-06 1.1556562271904425e-05 3.2718781632833233e-05 7.785998902603688e-05 2.5381929547312264e-05 0.0007381911900040457 5.6505443886223705e-05 0.00018199764496726562 0.0001362696793446899 0.0005516546570474283 1.4255277769580952e-05 1.585675899928183e-05 5.495264418019975e-06 1.9532066136342654e-06 1.5812984344233596e-05 3.0162861348620742e-05 9.808941974366173e-05 1.4210772868097495e-06 1.6074016847952557e-05 0.0005262152297740389 3.375068976866207e-05 0.0005906569842312086 0.00015090524682986084 2.575941974923612e-06 5.8013327343261894e-05 1.914427422057576e-06 3.244375151991706e-05 6.802322978226464e-06 0.00047714714767215454 6.066181624674136e-06 6.741789647673257e-07 2.547065258480485e-06 7.954475716042448e-05 0.00027439556683943794 0.0003584445836002721 0.00016711798027551977 0.00332456130516029 1.0865192286837406e-06 1.1293663600105828e-05 0.00015338896445447596 0.002207434018437313 5.5414052558269757e-05 0.00017510460808292563 9.967838135614179e-07 2.847836948514795e-06 7.456187822688591e-06 2.0042493886895054e-05 5.8604409748007684e-06 0.00027089929914002027 1.0199618235639525e-05 0.00012368453071025365 5.799198735932756e-05 0.00019474525541133902 1.1701153881791099e-05 2.630130265350062e-06 6.174713883000333e-06
