0.0 0.0 4.1550200402479733e-05 4.122260112791347e-07 0.0 3.440382640085553e-06 0.0011887786978980847 0.00010620632978870254 6.766351593658691e-07 1.2375489381487427e-05 4.42485399031507e-06 2.2811570744515274e-07 4.6610394127338194e-08 0.002609836766367824 4.996848267022155e-08 9.910988281714171e-07 5.01404213218344e-05 9.591241717865755e-07 1.2977163672283639e-05 8.204723747344997e-07 7.208934605696842e-06 1.4982856654899585e-07 2.2693895607538077e-05 1.4810650393869189e-05 0.0 1.2930110842843111e-05 1.2784411336553647e-05 2.2346983962201467e-05 0.0022491307543453668 0.00099641502988594 5.963739494514437e-08 4.183391156322506e-07 5.825212472994228e-05 6.50981747158967e-05 1.37889965794503e-07 1.1124976329443773e-05 1.285711492299246e-06 3.358924590878559e-05 7.92887044210173e-06 2.1082022916718915e-07 1.4138110910113037e-07 1.8507480572047438e-07 6.784522076350696e-08 0.0 0.0 0.0 0.0 0.0 0.0 0.0 0.0 5.224149550290394e-07 5.44878191627643e-07 0.0 0.0 0.0 0.0 6.378240968043492e-08 1.415544693783824e-06 0.0 0.0 0.0 0.0 2.1540097244918104e-06 0.0 3.542353101540108e-07 2.414355900216972e-06 0.0 0.0 4.491239358402553e-08 4.140427390073136e-06 2.0442362543216028e-07 1.043357840535566e-06 0.0 0.0 0.0 2.55229453986323e-07 0.0 7.613836573154101e-07 0.0 2.768699242775217e-07 1.585656680896819e-07 2.9203220810370385e-07 6.816576178525383e-08 9.787539386478881e-07 0.0
0.0 0.0 1.6641492567354108e-05 0.0 3.276032339534814e-07 3.1466864974900177e-07 1.632456823213143e-06 1.6483415218311299e-07 0.0002928323193417964 5.7423484635320814e-08 7.517388967380062e-05 9.37563856910626e-07 0.0002063186567919621 1.0475116893007768e-07 1.1322384973078463e-05 0.0001247410900386774 1.7363298282833332e-05 1.7659787946481336e-06 7.664562189845542e-06 1.5149786355100264e-07 9.061366382233592e-06 0.001144426262972929 7.406354220301594e-06 0.0002511083931283729 0.0011427772402510272 8.114793866670205e-05 0.0049343230467149 5.528980255799006e-06 4.6198545685158935e-07 9.260571882069087e-07 3.127265869735124e-05 0.0 0.0 2.0745626073269788e-05 1.3692895357158693e-06 6.589184412776248e-05 0.00017385628634010618 6.635548000799942e-05 1.6868032410465145e-05 1.1402720318688067e-05 0.0 3.778820339593214e-05 7.252283194546697e-07 0.0 4.870047642455297e-05 0.00012944139904891237 0.0 0.0 0.0 6.4356709118828e-07 9.162983591354332e-07 2.1396239966503888e-06 0.0 6.440182415884917e-06 0.0 2.2595801220853623e-05 3.75295782634162e-07 2.3545527432279772e-07 1.0060288624883066e-05 1.2451485992689656e-05 9.40659920304072e-07 7.118643893001862e-06 0.0 4.853871730504671e-07 9.34371165922179e-05 9.727291907218229e-06 4.956175099010076e-06 1.3197472089068922e-05 0.00018108739090954255 0.0016570256414769515 2.50718089893306e-06 2.3313865783125146e-07 9.630900262665036e-07 2.990753233229797e-06 9.016981026632683e-08 0.0 4.608432671824532e-06 5.305193247206472e-07 1.717828131561546e-05 2.7865941533268558e-05 2.185168126995138e-05 8.418872289011731e-06 3.427663201402085e-07 0.0 6.0014586250134596e-06 8.198423281724718e-08
4.1550200402479733e-05 1.6641492567354108e-05 0.0 3.8975639208383393e-07 0.0 2.2851872750215944e-05 0.0005925340655528889 0.0009049830962250129 5.443236435641333e-07 7.805983797591185e-05 4.8823394874796805e-05 1.3173143331947493e-06 2.21857395590008e-06 0.0004432946606997159 6.699652893698476e-08 4.7475462172903495e-06 0.0035352575950560647 2.645895121651518e-05 0.00027448690121782893 2.0291403769184163e-06 0.0014192410112939336 4.535127899611531e-06 0.007178959448038955 3.062676046654236e-05 2.2712635415436295e-06 0.004180600294857359 0.006020476638669491 0.00016733319762189124 0.0001071808256926732 0.0006362107486732871 4.444243557040162e-06 2.314523890893347e-06 1.763909299156504e-05 0.0008047962248992656 3.65171242827506e-05 0.0021590157626417026 0.0019532175732136494 0.0020584432557468313 0.0013585115846685945 5.90411467808282e-05 7.564604282491675e-06 3.219170912090033e-05 1.563466131569387e-05 1.5050582336037774e-07 3.9844599666231e-05 0.00015610832827549873 3.279796700718883e-07 0.0 0.0 1.373320974098436e-06 1.0130269265741674e-06 3.4794631425756167e-06 2.2943578004391954e-07 1.1918578068850277e-06 0.0 1.4846218000614734e-06 1.1872574142368045e-06 0.0 1.3049325040400384e-05 1.6209962144398682e-05 1.7074437100370576e-06 2.923079624887782e-06 5.806527307865106e-07 4.762821960542342e-06 4.805055261380309e-05 1.425859103101219e-05 1.4742957855463055e-05 6.44561058656998e-07 7.446251628238316e-05 0.0006658321143030468 1.1549844228638929e-05 1.7305728857281997e-06 4.8555962895852194e-06 8.198202410816902e-07 0.0 5.673404726511254e-07 2.7598311588995316e-06 5.872940375535223e-06 1.893305859661258e-05 6.99731013910609e-05 1.8543680942897763e-05 6.335210521197673e-06 2.082497990211099e-06 0.0 2.382737354827384e-06 6.428957412020158e-07
4.122260112791347e-07 0.0 3.8975639208383393e-07 0.0 1.220241032959042e-06 3.736304470756681e-05 4.181447028658042e-05 8.818688008303011e-06 0.0003602819607892103 0.001246443355763625 9.890014698026706e-07 0.0026861570802431283 0.0 1.9154101278127567e-05 5.348212843637905e-05 0.0 1.3616421728500593e-07 2.2105563621062085e-07 2.673363286973265e-07 0.001290631115932172 1.5204503030069452e-06 2.419003059598669e-07 1.7821769541616504e-07 0.0005006453406511691 6.088578731391597e-08 2.4288839482720483e-07 9.207505973202087e-07 0.0009864020104254478 3.2826628616084296e-05 5.09995683860615e-07 0.0 4.2912695395885955e-07 2.5681993499103536e-06 2.232024094655171e-05 3.256860801183948e-07 0.00010861012266476003 4.994625808951752e-07 4.5815798017266716e-05 1.7123362284510427e-05 0.00013381888507965888 5.8524810727014045e-06 1.1682943686687631e-07 1.4127695463846407e-06 0.0 0.0 0.0 5.0813209783309217e-05 0.0 6.567306074032764e-06 2.0012972265815798e-05 1.2907809513732176e-06 4.7164227589999436e-05 7.506747604607695e-05 5.72407802848876e-08 8.88401865531026e-05 0.0 1.0699780869580096e-06 7.596882594039157e-06 0.0 0.0 5.418868544291508e-08 0.0 2.827643863094761e-05 0.0 0.0 0.0 0.00014846119455015153 0.0 0.0 8.810405845191342e-08 0.00012921781437629586 9.388266070979946e-07 6.55388567463015e-07 0.0 6.597396275798697e-08 0.0 1.0832270069938909e-06 2.023114616969755e-07 1.653701069723389e-05 2.312142061439716e-07 3.2030434030432792e-06 3.8314760632025875e-07 8.72589089705901e-05 4.6009301088293375e-07 3.609261584511157e-07 0.0
0.0 3.276032339534814e-07 0.0 1.220241032959042e-06 0.0 0.000442864801343794 6.085591047151164e-08 1.182366047754516e-05 5.960437171239019e-05 7.789359151595494e-07 1.7461122951383827e-06 5.4555310808636995e-05 9.543506950505338e-08 5.879283991218583e-07 0.0006739124822055031 0.0 0.0 0.0 5.801396151700381e-08 4.316283742437323e-06 0.0 2.1942782084559435e-06 0.0 7.679381672184804e-06 2.764200943450411e-07 2.5434459545583764e-07 5.942570763840148e-07 1.0380302068363808e-06 1.5013650446224237e-06 7.133184424012954e-08 6.336102927562029e-08 7.318493189198033e-05 0.0 0.00010661380143071607 2.495202030968703e-07 2.993029586543442e-06 4.369751690384851e-07 4.3305892148708255e-05 6.4487747336828345e-06 0.0010124786129166038 0.0001124318996807997 1.0906201183340365e-06 1.3204430554847507e-07 0.0 1.6915766593190984e-07 0.0 0.0 0.0 0.0 0.0 0.0 0.0 0.0 0.0 0.0 0.0 0.0 0.0 0.0 0.0 0.0 0.0 0.0 0.0 0.0 0.0 1.346981029711612e-07 0.0 0.0 0.0 2.0200282302863988e-07 0.0 0.0 0.0 0.0 0.0 0.0 0.0 2.4022118306515575e-07 0.0 1.9167953129777414e-07 6.084463871704124e-07 1.0947491947214153e-07 0.0 8.971588385990791e-08 0.0
3.440382640085553e-06 3.1466864974900177e-07 2.2851872750215944e-05 3.736304470756681e-05 0.000442864801343794 0.0 0.0013084348468846549 0.0035343803737460434 4.401861050606114e-05 0.005355420691403909 6.940193995653563e-05 0.0016789533572182337 4.960358542380313e-06 0.0005806042547146138 0.0009392754500624932 1.3618324330982878e-06 4.917823397940476e-06 1.6147967369820736e-05 1.2488121369962188e-05 0.00027010870525927857 2.704303773997318e-05 1.2989793907827922e-06 5.843627991758322e-06 0.00018338711743341116 2.5621646228770075e-07 2.781683257227624e-05 1.0850462236525443e-05 0.00045963479116619744 0.0004663181122448562 1.3535663067144151e-05 1.3978260731334166e-06 7.596344887483165e-05 1.0252293083977827e-05 0.0005588103378075386 1.4945271345237186e-06 0.0005231017180428479 3.859095478728619e-05 0.0006890215383403215 0.000192436050259233 0.0026306535255458683 0.0003881846583582463 2.5973308130770482e-05 1.362411903931832e-05 0.0 0.0 8.004880209597718e-08 7.64696528608022e-06 0.0 2.027286932123388e-06 7.45026660653702e-06 3.985938935236711e-07 5.564788723922628e-06 3.7587144608548155e-06 2.0033396954251225e-06 1.6981187862588233e-05 1.6071949812573122e-07 2.1781849041601817e-07 2.0296591695381415e-06 6.528322387027153e-07 0.0 0.0 7.812785418414263e-08 4.442871653562973e-06 4.388886981392503e-07 6.951688049556085e-08 0.0 4.198229032071671e-05 0.0 2.0677022762909944e-07 4.988965981859086e-07 3.659441594822405e-05 1.3643510872006357e-07 9.921360303744263e-07 0.0 0.0 0.0 1.5739915278416326e-07 5.260180256157131e-07 1.6075508027576564e-05 3.841337691190924e-06 7.175544290977351e-06 7.665850829264365e-06 3.37229177281083e-05 2.9907374440644994e-07 7.511496546045304e-06 2.3322842544519068e-07
0.0011887786978980847 1.632456823213143e-06 0.0005925340655528889 4.181447028658042e-05 6.085591047151164e-08 0.0013084348468846549 0.0 0.003803716115085907 2.097044669561867e-05 0.0046611235261613815 1.56044297492894e-05 9.88103251767513e-06 9.354330897002926e-08 0.0043211727071843595 2.46631162029511e-06 4.078328728754836e-05 8.932608657969196e-05 4.475230092301965e-06 1.2546147703556239e-05 3.878052598521319e-05 0.001308840450316827 1.5907600253903486e-05 0.00024094538458890272 0.0013695172075364952 9.551854967661139e-07 7.996106922806045e-05 9.660381597364957e-05 0.010033541421262048 0.0011552605603862075 0.0029806616139093937 2.750615447277771e-07 3.4748003432112354e-06 0.00019651968409027396 0.000423284697056122 1.067018180117088e-05 0.0015564085956248348 3.986432067237258e-05 0.0007852017524106934 0.00028194271501455313 6.922340451827972e-05 3.960755645587824e-05 1.4735102919101883e-06 1.3028731174848833e-05 7.461509834872451e-07 3.9029258665387195e-07 2.1203560460113215e-06 4.419579453530544e-06 0.0 1.3664887410029838e-06 2.9246784153640883e-05 2.1327223089682624e-06 1.8748305432639627e-05 3.717180984932143e-06 7.420553320693034e-07 4.509593198622924e-06 0.0 1.911366364123909e-06 6.319658245795035e-07 7.804710776382448e-06 2.8375039577277446e-07 0.0 0.0 1.0742312711842615e-06 3.6187506712568986e-06 2.985099558911964e-06 3.8077794411997774e-06 0.0001407173478126771 0.0 9.613939570332465e-07 9.59958780774346e-06 0.00012515519423487369 4.755087079897689e-06 1.0429357170400553e-05 0.0 1.1946692096913496e-07 1.0199268684165145e-06 1.5691325170523162e-06 2.473412628045287e-06 2.0457146661211873e-05 5.92857767657457e-07 5.684993485972236e-06 1.7808102438522102e-06 1.0975849292120638e-05 1.4677491133752125e-07 4.1802534024364196e-07 3.4989174142355134e-07
0.00010620632978870254 1.6483415218311299e-07 0.0009049830962250129 8.818688008303011e-06 1.182366047754516e-05 0.0035343803737460434 0.003803716115085907 0.0 2.5233294854671753e-06 0.0024671730470712753 5.426872617705406e-05 0.00024033300850589243 5.482309591895653e-06 0.0038108786225421096 5.870651486850052e-05 3.1052979504607623e-06 0.0002794325395286598 1.1430148227686251e-05 5.977767284881572e-05 7.72593283839525e-05 0.00031183779841656624 5.825111631191982e-07 0.00016598961849202746 9.882322827536031e-05 3.746245495748114e-07 0.0001681295840281605 0.00013504285588359535 0.000237320986912194 0.0005297229829199795 0.0006863013332729552 9.765652281039252e-07 1.6393776675556782e-05 1.324862546472991e-05 0.00036524212066873244 3.659065575205728e-06 0.00037410673613734815 4.960682610159692e-05 0.0005589714703640985 0.00021687531411160673 0.0008674020576890753 8.167552834728298e-05 2.8523276264537124e-05 1.6405445848478623e-05 0.0 2.7328510638525606e-07 8.457566061783027e-07 1.010090101509185e-06 0.0 2.695658789898338e-07 2.7607005992052728e-06 3.697576200110714e-07 4.392045463597995e-06 2.0227067436394412e-07 9.990434756990562e-07 1.5000891784609206e-06 4.260152263909545e-08 3.607529292126461e-07 8.327007405406894e-08 3.940042968583389e-06 3.179816085352007e-07 6.797639663270835e-08 1.2875610301225757e-07 4.5654676274430373e-07 3.600638454455525e-06 3.7845703882988007e-07 5.036159780805816e-07 2.238713446287782e-05 8.656925965623909e-08 6.834443094757926e-07 2.326315708051655e-06 2.3511160697192534e-05 1.037015458632744e-06 3.828751803202592e-06 5.3988905731134786e-08 5.9096370083986117e-08 9.180740152772217e-07 5.564413319986629e-07 3.811487810520086e-07 9.287682257889579e-06 4.275482926523264e-06 9.386453473997386e-06 9.35921182957256e-06 3.5412461423532334e-06 3.056950252219294e-07 1.026076871274794e-05 5.714113799149729e-07
6.766351593658691e-07 0.0002928323193417964 5.443236435641333e-07 0.0003602819607892103 5.960437171239019e-05 4.401861050606114e-05 2.097044669561867e-05 2.5233294854671753e-06 0.0 8.376296448764412e-05 3.6046080828523875e-06 0.00025738814498059946 1.0969883314080523e-05 7.431942969748017e-07 0.00045963712113251693 2.163907024462307e-05 1.6438967589048988e-06 2.4332763682606147e-07 7.525826370726141e-07 0.00019666374224509378 4.613705793390207e-06 0.0012709899941853859 1.1288774230967035e-06 0.004516002421304003 0.00013245885184129969 8.397071769967595e-06 0.00031961458261082386 0.0004156427078367675 2.282293152471849e-06 8.43916698697495e-06 3.879114107813683e-06 8.720341559448553e-07 5.838797361953311e-07 2.171954606783946e-06 2.976672224989124e-07 2.4509830502699474e-05 3.4433960200232387e-06 7.298505314713617e-06 2.763559264676462e-06 0.0001947682913353981 4.29013143752308e-07 4.663750625303042e-07 0.0 4.2827629453461895e-07 3.129520046045223e-06 3.400633650302627e-07 1.6261023188117556e-05 1.0319480719875173e-07 1.3980032093435855e-06 2.2490470707290433e-05 2.2092708272985396e-06 2.7851377951527644e-05 7.487929313752293e-06 4.430305074643234e-07 1.1431329290312605e-05 6.338623347663972e-07 1.035913587782592e-06 1.818043010806199e-06 1.4915595649379943e-05 5.857699282969281e-08 6.429173525212176e-08 1.2787808269023617e-07 5.332217472083418e-06 7.653037889369647e-06 6.5991240886730145e-06 1.4595242847708283e-06 0.00036286437849213316 6.801178073274295e-07 3.931988825049114e-06 6.751942936046319e-06 0.00016546334347718354 6.292609804951085e-06 1.160298869626402e-05 2.414937551132659e-07 5.262399125780876e-07 4.836037916684562e-07 1.5177649070938514e-06 1.4125945269548044e-07 1.0732250130841402e-05 1.046074992185607e-06 4.374441943382152e-06 2.225660496968672e-06 5.91589318694238e-06 0.0 3.043217347496276e-07 0.0
1.2375489381487427e-05 5.7423484635320814e-08 7.805983797591185e-05 0.001246443355763625 7.789359151595494e-07 0.005355420691403909 0.0046611235261613815 0.0024671730470712753 8.376296448764412e-05 0.0 3.348958632633989e-05 0.0026723321220212975 4.4219534287211515e-07 0.0008762043499999241 1.685300595136097e-05 2.1104591464147046e-06 1.2466871792391079e-05 9.544670074930364e-06 1.1840658929206898e-05 0.0025374604039972034 8.342834035700411e-05 1.2385071215467424e-06 1.616354655454135e-05 0.00043248245283671635 0.0 2.5712297592450134e-05 1.2566430293535957e-05 0.002236802279570315 0.0005351623051425171 2.8712966171505152e-05 4.102354837897871e-07 1.0971415185671396e-05 2.594156987641315e-05 0.00041284588111933397 5.478097521591397e-06 0.0008225980906900702 2.468382302393314e-05 0.0007266082670922534 0.00014008157484779097 0.0001882692130669901 9.106861767764043e-05 4.235280046621582e-06 1.950055541667503e-05 5.013809281911729e-07 0.0 0.0 1.8530451392409908e-05 0.0 2.70334454107947e-06 2.8540469593044193e-05 1.0232207036043972e-06 2.466693345541974e-05 9.38497110281059e-06 3.0283830315668353e-07 5.04875571241283e-05 2.0842371530599588e-07 7.421955798542144e-07 2.9441101802059035e-06 5.395581622098043e-07 0.0 6.098652589792029e-08 0.0 7.969511838249015e-06 1.2525640992906907e-06 1.927525212002683e-07 5.937229582746837e-07 0.0001361737991996252 0.0 2.190662054150835e-07 1.1690190655513636e-06 0.0001188728372227885 7.874947757323315e-07 2.3018495335830125e-06 0.0 5.840988007839292e-08 4.765127186739719e-07 4.6760335556582545e-07 6.490606683696288e-07 1.5295407197800623e-05 6.395287863735119e-07 2.7555859136075166e-06 1.5610407311157888e-06 4.58067019178456e-05 1.1058226572741944e-07 1.6234926576701845e-06 2.819451651857718e-07
4.42485399031507e-06 7.517388967380062e-05 4.8823394874796805e-05 9.890014698026706e-07 1.7461122951383827e-06 6.940193995653563e-05 1.56044297492894e-05 5.426872617705406e-05 3.6046080828523875e-06 3.348958632633989e-05 0.0 3.1589490361946955e-05 0.0014438797767534718 5.735155635899029e-05 1.1343047914212206e-06 1.4493370999993475e-06 0.0005909435501152162 0.002342728604523388 0.0018233408599666974 9.743033971129483e-06 2.3200187772529318e-05 1.3101897783801556e-05 5.1289732065798324e-05 1.2732537554018198e-05 0.0003479622732168657 0.0012473781900504408 0.0006023368032770029 1.0120019416208431e-05 0.00013742787572031945 5.1489708182537766e-05 0.00012410758556477805 7.501426186581963e-05 1.1374410639642703e-05 0.0025134358007236324 3.5043924726129267e-06 0.0002308000401297257 0.0028834605770644978 0.0018928192788942417 0.00024357887712485638 3.469696582215975e-05 1.373162439347435e-05 0.0009414812295529511 4.382573093368934e-06 0.0 1.1236126509190517e-05 2.070038274426459e-07 0.0 0.0 3.632251673622599e-07 7.700436395086377e-08 5.206905894826926e-07 4.943828564445832e-07 4.88961217538832e-08 0.00021020371691556945 5.312048147995311e-08 0.0009244641103804364 4.478139915313832e-08 0.0 4.548881988265723e-07 5.518838474957662e-07 8.687635783264785e-06 7.00070800497539e-07 0.0 3.4690067033458687e-07 4.771032681309807e-07 5.976246803584871e-07 3.963735034468532e-06 0.00018991872150732306 4.9005226240829154e-05 0.00018349913799694287 2.717799755763266e-06 6.254299649223474e-08 3.203056478697789e-07 6.348736217721133e-05 1.7999334752599119e-07 0.0 6.1298115478997944e-06 3.272327086921547e-06 1.3134432951522496e-05 0.00037197407802931935 2.914375364488358e-05 4.737941719648929e-06 2.7725545569702117e-06 9.64233769047609e-07 0.00016814503146447325 1.0633289976969077e-06
2.2811570744515274e-07 9.37563856910626e-07 1.3173143331947493e-06 0.0026861570802431283 5.4555310808636995e-05 0.0016789533572182337 9.88103251767513e-06 0.00024033300850589243 0.00025738814498059946 0.0026723321220212975 3.1589490361946955e-05 0.0 8.972754227958566e-07 0.0002139072054444267 0.0007458328132231826 0.0 6.771032097370576e-07 8.570327244417405e-06 5.358786814978824e-06 0.002124010028265566 4.0823847290467886e-07 6.009890954537885e-06 8.499115435733986e-07 9.443438961300685e-05 7.773804646517572e-07 1.4082659518834337e-05 5.868679284630439e-06 0.0007451870242625905 0.00019393267323610758 5.392520072303919e-07 3.1393451001013804e-07 1.5078987971759576e-05 6.405744677937384e-07 0.00022029765586837209 1.2966177453336247e-07 0.00031380480363403507 1.3088982726391644e-05 0.000311577129373377 3.4250614344399665e-05 0.0010831484393372648 3.625510055256416e-05 2.155144161503379e-06 4.031272926951528e-06 0.0 1.0814323885322871e-07 0.0 2.4214534009661332e-05 0.0 3.670679703775e-06 6.6553752197210595e-06 2.013902550242128e-07 1.4704927058291833e-05 1.0713085241196757e-05 2.047428076825319e-07 6.152469471841493e-05 0.0 4.926336701368545e-07 7.0997282512173724e-06 0.0 0.0 4.89218456748737e-08 4.827866701086041e-08 2.162258422717614e-05 0.0 0.0 0.0 5.928549049640552e-05 0.0 5.250636923387408e-08 1.0949364390616658e-07 3.8360601655125696e-05 1.787116793703959e-07 0.0 0.0 0.0 0.0 1.5904449186477107e-07 0.0 1.984802421069099e-05 3.412371499642368e-07 1.319381326853624e-06 8.708353284915595e-07 9.171312342986733e-05 0.0 4.876564543018208e-07 0.0
4.6610394127338194e-08 0.0002063186567919621 2.21857395590008e-06 0.0 9.543506950505338e-08 4.960358542380313e-06 9.354330897002926e-08 5.482309591895653e-06 1.0969883314080523e-05 4.4219534287211515e-07 0.0014438797767534718 8.972754227958566e-07 0.0 1.1352089590202989e-06 9.978092839023427e-08 1.8482617434739107e-06 7.470762261545078e-07 9.95958631644568e-06 1.609186520769257e-06 1.6561496995227553e-07 1.0273799390715583e-06 4.034362657744613e-05 7.682993721952053e-07 8.571197970919195e-06 0.0012719150462738751 0.00012122806168291133 0.0015408842545497187 8.362825989724524e-07 3.325588920944147e-06 1.2281807856841607e-07 0.00041058134576609255 1.8476514817520551e-06 0.0 0.0003339178199742761 4.645303437085998e-06 0.00014465947834196025 0.0007232398091924672 0.0004816730831978382 4.709352422791987e-05 6.389224763781396e-06 1.3803334601110978e-05 0.00037321853126745877 1.4426444695748012e-06 0.0 2.6291584963634656e-05 2.797564102902209e-07 0.0 0.0 2.986288213723777e-07 1.0419321385822362e-07 5.3017759170380225e-08 1.435160735844658e-07 1.2788199772586027e-07 0.00013521591945275623 5.545476199937706e-08 0.0008418140419146818 0.0 0.0 1.1296389358292357e-07 2.814478790542225e-07 1.4385483403692987e-05 1.310645237335535e-06 0.0 3.2184821625726336e-07 1.3778685399734895e-06 4.581206594807061e-07 8.523271245854327e-08 0.0003447651737975069 9.285546448306896e-05 0.0003097642312274081 6.429784690093644e-07 9.926918364102478e-08 0.0 8.87030728247678e-05 1.3492165916602635e-07 0.0 4.592765223412002e-06 3.714448326354182e-06 4.6306212277496843e-05 0.0002423550367024925 3.184912544059916e-05 1.1031988717646577e-05 6.923748577247007e-06 2.161778896977847e-06 8.094776733443243e-05 2.6300353901551536e-06
0.002609836766367824 1.0475116893007768e-07 0.0004432946606997159 1.9154101278127567e-05 5.879283991218583e-07 0.0005806042547146138 0.0043211727071843595 0.0038108786225421096 7.431942969748017e-07 0.0008762043499999241 5.735155635899029e-05 0.0002139072054444267 1.1352089590202989e-06 0.0 4.3145500428977025e-06 5.067796812743638e-06 0.0002833447286638184 1.00584139921249e-05 7.081330182383948e-05 9.936036858253119e-05 6.704625596154647e-05 4.4289266272908465e-07 0.00011940998785581545 0.00010124792124654011 1.6863297051902936e-07 0.00010713730793073918 9.370194761664083e-05 0.00021393959503007633 0.0030028358688585577 0.0015208782574823263 6.89139827500842e-07 2.4150786198251433e-05 3.460736326467089e-05 0.0003891204455026409 2.5477435952035687e-06 0.0001413601482221568 2.43493333995634e-05 0.00032486004292573285 7.172698412472156e-05 0.000173633055081102 1.1372004561966374e-05 7.882355694189712e-06 5.420966999354063e-06 0.0 0.0 1.5942136746709456e-07 4.740815823504675e-08 0.0 0.0 1.1931151542425957e-06 3.0444507248365573e-07 2.5215319760884326e-06 2.937127744410035e-07 3.404479497449583e-07 6.651953526969145e-07 5.218483634934296e-08 3.489654383501411e-07 0.0 6.031979799223083e-06 0.0 0.0 0.0 0.0 6.128930842290726e-06 5.69593686531766e-07 1.0248402139329886e-06 2.148218539688433e-05 0.0 3.4282084033764324e-07 1.3712523716865082e-06 2.2673267401761593e-05 1.761867487119658e-06 4.650517377505545e-06 0.0 0.0 3.7822847090558063e-07 3.033526606176174e-07 1.3668280427464187e-07 5.7100620598357855e-06 1.3130262603966583e-06 3.7232048780821502e-06 1.538036634966491e-06 2.9445558572169696e-06 7.28608047540493e-08 1.6303269027149424e-06 1.1909206941200537e-07
4.996848267022155e-08 1.1322384973078463e-05 6.699652893698476e-08 5.348212843637905e-05 0.0006739124822055031 0.0009392754500624932 2.46631162029511e-06 5.870651486850052e-05 0.00045963712113251693 1.685300595136097e-05 1.1343047914212206e-06 0.0007458328132231826 9.978092839023427e-08 4.3145500428977025e-06 0.0 2.6163679080562723e-07 0.0 1.020846587295101e-07 0.0 9.679365217634634e-05 0.0 4.3959366759682476e-05 1.6987008145662048e-07 0.0002591511576055593 4.099034105487899e-06 4.675689105098659e-07 1.2168128729392154e-05 2.4730794923821614e-05 4.269154418603534e-06 6.615653002169385e-08 0.0 9.420030661310182e-05 5.2662934371175355e-08 4.0367512092861864e-05 0.0 4.7188053843629795e-06 5.3846875818781906e-08 9.291196786578924e-06 1.717541062683198e-06 0.0004387957058221528 3.837430996890919e-05 1.2312468109567011e-07 0.0 0.0 1.1978462752121781e-07 0.0 5.585643296171863e-07 0.0 1.0505844479507545e-07 4.1303254087340017e-07 1.2426188403353963e-07 2.2314004552848114e-06 3.506778370316758e-07 0.0 1.3225956880279257e-06 0.0 0.0 2.8812023677112955e-07 7.799147708326762e-08 0.0 0.0 0.0 6.614951440687829e-07 1.110784229094582e-07 1.3677384598874307e-07 0.0 4.28170888550781e-06 0.0 3.056479641551894e-07 2.4450038151370087e-07 1.9710938089203704e-06 0.0 0.0 0.0 0.0 0.0 0.0 7.576624663542319e-07 2.5385120823206225e-07 0.0 0.0 0.0 4.537017801411826e-06 0.0 0.0 0.0
9.910988281714171e-07 0.0001247410900386774 4.7475462172903495e-06 0.0 0.0 1.3618324330982878e-06 4.078328728754836e-05 3.1052979504607623e-06 2.163907024462307e-05 2.1104591464147046e-06 1.4493370999993475e-06 0.0 1.8482617434739107e-06 5.067796812743638e-06 2.6163679080562723e-07 0.0 1.8272846439151144e-06 1.1340181713003038e-07 3.312102397355919e-07 5.93157290058495e-08 0.0015092379978686784 0.0014948071002976956 0.0022233349434104027 0.0015385394676431133 2.5576684568635808e-05 2.9457702561095865e-06 0.0019958986414497877 0.0014280105679517563 2.072671386671738e-05 4.827579048379518e-05 8.490007998434211e-07 0.0 1.0403892855381967e-05 1.72324764884861e-05 5.3732196038869855e-06 0.000665404347991294 0.0002927678694729736 0.00010965888452855706 0.00014315100656823277 1.4475632751749437e-05 1.7131783380987225e-06 3.2275135973785713e-06 1.5113629892321975e-06 7.936560176861849e-07 8.636961678926733e-06 1.1206359586148888e-05 1.7091407590372114e-06 0.0 5.151915933436933e-07 1.153384758258108e-05 8.969634980780526e-07 3.790738574501733e-05 1.4554139045937363e-06 1.0819050514686188e-06 2.3838810935765276e-06 7.742310825857124e-07 1.6453652278848654e-06 7.419451667568859e-07 0.0013650311417867907 3.422534416031334e-06 5.124626401393044e-08 6.976793225575551e-07 7.508154198284168e-07 0.0003069612647583811 0.0006854656260793881 0.0009697250734761869 0.00020676705382543628 1.358467687785255e-07 3.292021530493927e-06 0.00018590519852533887 0.000264158539826291 1.4086381326685787e-05 0.0001028171646324823 0.0 0.0 5.439940870741523e-06 1.2811210952893505e-05 1.3148515419333608e-06 0.00017401047007130986 5.59741189728988e-06 1.0429941034863675e-05 1.2213892709751808e-05 3.166670272274925e-05 3.7893099199422373e-07 2.738959777398473e-06 3.35897541336315e-07
5.01404213218344e-05 1.7363298282833332e-05 0.0035352575950560647 1.3616421728500593e-07 0.0 4.917823397940476e-06 8.932608657969196e-05 0.0002794325395286598 1.6438967589048988e-06 1.2466871792391079e-05 0.0005909435501152162 6.771032097370576e-07 7.470762261545078e-07 0.0002833447286638184 0.0 1.8272846439151144e-06 0.0 6.506818328914906e-05 0.0024179729861916956 5.481678255105611e-07 0.0010053236724581892 4.577046681970194e-06 0.003026047395816099 1.603334961762036e-05 1.3887244660514729e-06 0.0011692928939001893 0.0017772204461555894 2.4975980722838867e-05 0.00018630079213070722 0.0010901735898853763 3.5682024165655315e-07 2.0247744872433483e-06 4.21541912654159e-05 0.0016500309017925866 3.413070585498929e-06 0.0002925570510299658 0.0004375839344748511 0.0005309326315075485 0.00030602115367284964 6.101720203657812e-06 2.102439214082561e-06 8.211608129843911e-06 1.5229233677088798e-06 0.0 7.751137207144283e-06 1.3994483364860287e-05 0.0 0.0 0.0 5.719573842498651e-07 0.0 1.909265288285703e-06 0.0 0.0 0.0 5.809205055145269e-07 2.418123648249572e-07 0.0 2.1360309132349205e-06 3.656757816935877e-06 4.045938771358294e-07 8.277901569185537e-07 0.0 1.6077208298114785e-06 2.0319262211142123e-06 6.735536836128845e-07 5.272529326825812e-06 4.540191334933471e-07 3.611684748838332e-05 7.041040387481818e-05 5.267331687630805e-06 4.904932987917559e-07 6.410738021622571e-07 5.640543425436521e-08 0.0 9.360059106180231e-08 0.0 8.021079989960179e-07 4.41639187668338e-06 7.0163131313429776e-06 2.3598523225318246e-06 1.0114176775902344e-06 0.0 0.0 1.594568930890142e-07 0.0
9.591241717865755e-07 1.7659787946481336e-06 2.645895121651518e-05 2.2105563621062085e-07 0.0 1.6147967369820736e-05 4.475230092301965e-06 1.1430148227686251e-05 2.4332763682606147e-07 9.544670074930364e-06 0.002342728604523388 8.570327244417405e-06 9.95958631644568e-06 1.00584139921249e-05 1.020846587295101e-07 1.1340181713003038e-07 6.506818328914906e-05 0.0 0.0005401696678324222 2.2776159710970954e-06 3.778368742048357e-06 3.798168262596432e-07 1.3224600342611302e-05 2.2041703342089158e-06 1.4951252116547852e-06 0.0016444196667431562 0.0001052216576306108 3.201368150832604e-06 1.736323348113142e-05 9.50837106614852e-06 6.72045750589991e-06 6.131804317160314e-06 1.6533009325195966e-06 0.00036919458125134766 2.943453345284775e-06 0.0001749031450893616 0.0007363383245185446 0.0005668817090367545 0.00013606222576461105 6.304110921642389e-06 9.536817924655305e-07 1.4284937019310858e-05 1.5097549095174005e-06 0.0 1.507358593222372e-06 3.2576279626959953e-07 0.0 0.0 0.0 0.0 7.202564016184107e-08 4.72817804012652e-08 0.0 4.8020800024388285e-06 0.0 2.5505747852692412e-05 0.0 0.0 0.0 1.4389817057827566e-07 2.928906463932684e-06 3.0513561864356185e-07 0.0 5.116248386435965e-08 1.389393163006387e-07 7.795918106334067e-08 1.0923170342794259e-06 5.541125228524029e-06 2.1832378204950573e-05 5.764344744437322e-05 4.5579306798713224e-07 0.0 9.973824603481024e-08 1.0704868799074454e-05 0.0 0.0 6.955161182086056e-08 9.086334652965091e-07 7.97205729280635e-07 1.470742230685165e-05 1.1060491084181619e-06 2.8728251994663496e-07 0.0 7.587471287882733e-08 4.4251474284846386e-07 1.8487356240629292e-07
1.2977163672283639e-05 7.664562189845542e-06 0.00027448690121782893 2.673363286973265e-07 5.801396151700381e-08 1.2488121369962188e-05 1.2546147703556239e-05 5.977767284881572e-05 7.525826370726141e-07 1.1840658929206898e-05 0.0018233408599666974 5.358786814978824e-06 1.609186520769257e-06 7.081330182383948e-05 0.0 3.312102397355919e-07 0.0024179729861916956 0.0005401696678324222 0.0 2.181242095402802e-06 3.8966442398602004e-05 6.268253021658054e-07 0.00017794958595461916 5.544228372043689e-06 2.2550595397163956e-06 0.00229320411670527 0.0005315509002473602 4.946957262544058e-06 6.548978602847387e-05 0.00012289717355332624 6.296736393617582e-06 4.014556805402569e-06 1.5061669188738145e-05 0.0013943554350899642 3.361378454971692e-06 0.000255062183996548 0.0006140900943115422 0.0009540426173531783 0.00023388380467462847 5.9435830202909355e-06 1.5355626509770982e-06 5.839595315563256e-06 1.6380460587056985e-06 0.0 3.7332495208820355e-06 1.9697123819476675e-06 0.0 0.0 0.0 1.685876431961805e-07 0.0 4.3352777252539173e-07 0.0 5.132643555702999e-07 6.343369733643722e-08 2.644039387911357e-06 1.1091134644582116e-07 0.0 5.365085631526425e-07 1.3218285023241034e-06 8.222691623919486e-07 1.9051100081737913e-06 0.0 1.204119121889075e-07 8.298982282117629e-07 0.0 1.4684193263480412e-06 9.209197865322155e-07 3.426845839537265e-05 4.1457485710194754e-05 1.934194650578713e-06 0.0 1.0923159859691663e-07 2.111000655111367e-06 6.096777324015746e-08 0.0 5.098487389859287e-07 1.7591279983971578e-07 1.5186685102181746e-06 1.5824373273465024e-05 1.228566080024263e-06 0.0 0.0 2.6459349344592037e-07 0.0 0.0
8.204723747344997e-07 1.5149786355100264e-07 2.0291403769184163e-06 0.001290631115932172 4.316283742437323e-06 0.00027010870525927857 3.878052598521319e-05 7.72593283839525e-05 0.00019666374224509378 0.0025374604039972034 9.743033971129483e-06 0.002124010028265566 1.6561496995227553e-07 9.936036858253119e-05 9.679365217634634e-05 5.93157290058495e-08 5.481678255105611e-07 2.2776159710970954e-06 2.181242095402802e-06 0.0 1.5893051433177416e-06 6.551375576352311e-07 6.809770548318754e-07 0.00016243795370202938 0.0 4.7331760487923606e-06 1.7567681915229081e-06 0.001039995234154467 0.00010340889688586127 1.2960161724910377e-06 2.3484558110766e-07 3.8265195716549975e-06 2.095721480659255e-06 0.00010242996355713618 7.225185866156982e-07 0.0003166609879524054 6.410580513006036e-06 0.0001913420892285165 4.1610719873901215e-05 0.00030305773948819564 3.1867746317698395e-05 2.4398956250309004e-06 9.476077392823773e-06 0.0 5.767202690203197e-08 0.0 1.2091878342435842e-05 0.0 3.3411514899471463e-06 1.356943426523673e-05 8.02245702612568e-07 1.862273020938476e-05 6.969315189008477e-06 8.296545444599095e-07 2.6406616858867084e-05 5.6960804838232566e-08 2.2130516630815376e-07 2.941503089037254e-06 0.0 0.0 0.0 0.0 6.930413645175647e-06 9.98287958494818e-08 1.6624346420872655e-07 0.0 6.758131605828533e-05 0.0 0.0 6.174197455879576e-08 6.0958338810695904e-05 2.789832411539923e-07 9.641889900716657e-07 5.7100141399610216e-08 0.0 0.0 6.77913565663771e-07 6.417658965957777e-07 8.838848353210549e-06 0.0 7.155212849739533e-07 4.056150160000888e-07 4.2308158863267785e-05 1.5285695748320927e-07 4.854523456929264e-07 0.0
7.208934605696842e-06 9.061366382233592e-06 0.0014192410112939336 1.5204503030069452e-06 0.0 2.704303773997318e-05 0.001308840450316827 0.00031183779841656624 4.613705793390207e-06 8.342834035700411e-05 2.3200187772529318e-05 4.0823847290467886e-07 1.0273799390715583e-06 6.704625596154647e-05 0.0 0.0015092379978686784 0.0010053236724581892 3.778368742048357e-06 3.8966442398602004e-05 1.5893051433177416e-06 0.0 7.654212285549139e-05 0.010028499458906544 0.00028277899553303293 4.48445057776737e-06 7.855571291250901e-05 0.0009830255775859992 0.003960731312415704 7.210547033883238e-05 0.005054947582097598 3.3636028161284135e-07 1.435717316017287e-06 2.7256923885549917e-05 0.0023369641809399704 3.642266367811147e-05 0.003258961571221988 0.0002990888473801072 0.003283867546071946 0.0014151261544852836 5.083075667461122e-05 1.636333141916978e-05 7.078448988322077e-06 1.1446489465422378e-05 1.526746938262815e-06 1.0299634351954369e-06 2.752052087945465e-06 5.038305833186131e-07 0.0 5.243860645868054e-07 7.12372250463079e-06 1.0242703806994984e-06 2.102391843361098e-05 6.739805474867502e-07 4.2577328444691754e-07 7.085948853934333e-07 2.8919373873286605e-07 1.0384748073134506e-06 1.436917099045704e-07 0.0002369622677129493 2.1917667957583137e-06 1.364238877683212e-07 2.0293912940110624e-07 7.958177181131082e-07 0.00020782213952007646 7.712223844822865e-05 9.77388643275061e-05 0.0001491904712422314 0.0 1.9871554098946978e-06 1.917528968477904e-05 0.00021295911065374648 1.5612095816429425e-05 7.935749316133427e-05 2.1175401153110693e-07 0.0 5.384364347505469e-06 9.890781464406425e-06 5.367895594922122e-06 7.94269377850292e-05 3.497635600929267e-06 8.674677204851243e-06 5.386997868188553e-06 1.2910399348101163e-05 6.728427800741254e-08 3.0517968476852885e-06 1.194571031403557e-06
1.4982856654899585e-07 0.001144426262972929 4.535127899611531e-06 2.419003059598669e-07 2.1942782084559435e-06 1.2989793907827922e-06 1.5907600253903486e-05 5.825111631191982e-07 0.0012709899941853859 1.2385071215467424e-06 1.3101897783801556e-05 6.009890954537885e-06 4.034362657744613e-05 4.4289266272908465e-07 4.3959366759682476e-05 0.0014948071002976956 4.577046681970194e-06 3.798168262596432e-07 6.268253021658054e-07 6.551375576352311e-07 7.654212285549139e-05 0.0 0.00016006004821885145 0.0029680193828209482 0.00044290684464525176 1.7032580623929004e-05 0.002489266515038578 9.000502821919558e-05 1.1005241827280826e-06 5.092167038599771e-06 1.050784065980837e-05 4.836471715533993e-08 3.7161353236717293e-07 4.2565039990547865e-06 1.6950197134085392e-07 4.0074841371074804e-05 2.352361042983792e-05 1.5598915633290886e-05 1.0113677635068027e-05 2.566955883390214e-05 0.0 3.4783915920837487e-06 2.0077467111180755e-07 2.5059411631878564e-07 3.0073628460531643e-05 4.7308401175874735e-05 0.0 0.0 1.1928153536361428e-07 5.437436659128981e-06 6.971346084506752e-07 2.424248851312675e-05 3.4479829217248107e-07 1.178929947994061e-06 0.0 3.674062641303003e-06 4.149725559360755e-07 0.0 0.0005752329471439697 2.979544768475368e-06 1.340568435213159e-07 6.678007141536352e-07 0.0 6.742080244023064e-05 0.0003531193448288635 0.0002995886463919885 9.510237162435597e-05 2.178044515256582e-06 9.944865847010451e-06 0.0006514617043308217 7.746859390852494e-05 2.9551140833409823e-06 1.912260376015747e-05 3.635891164926876e-07 6.936585124282386e-08 7.347664711525325e-07 3.05854028083781e-06 2.2126732230777498e-07 2.2843156622944382e-05 6.746498742342132e-06 8.223394290158782e-06 5.01511191627252e-06 2.1980653099087253e-06 0.0 7.827630419044429e-07 0.0
2.2693895607538077e-05 7.406354220301594e-06 0.007178959448038955 1.7821769541616504e-07 0.0 5.843627991758322e-06 0.00024094538458890272 0.00016598961849202746 1.1288774230967035e-06 1.616354655454135e-05 5.1289732065798324e-05 8.499115435733986e-07 7.682993721952053e-07 0.00011940998785581545 1.6987008145662048e-07 0.0022233349434104027 0.003026047395816099 1.3224600342611302e-05 0.00017794958595461916 6.809770548318754e-07 0.010028499458906544 0.00016006004821885145 0.0 0.00022652592315550288 2.095528611731264e-06 0.0006745320620709889 0.006599000592111918 0.000665934261428972 7.483715156907423e-05 0.001468496388070691 9.259987932934754e-07 3.511312126720121e-06 3.974269871581059e-05 0.0015025769455811928 7.499950126222932e-05 0.006845542523605059 0.0034581555199242994 0.004070968518664449 0.003707543314407647 0.00016158594199384128 3.196955507729538e-05 8.822355441107673e-06 3.0821257017170264e-05 4.029027954402314e-07 2.7053819562611684e-06 3.0496088479763207e-05 9.89974842006746e-07 0.0 0.0 4.590521968478829e-06 3.777696456646784e-07 3.26912047114728e-06 3.1037296057367745e-07 1.2398979107364575e-07 3.0678138511219867e-07 0.0 3.574681538445857e-07 5.158900260223232e-07 0.0008780466389150537 2.17953162399936e-06 2.9076761530945574e-07 1.5696534183884486e-07 4.908355075801804e-07 0.00014493878641011213 0.0002927532737040757 0.0006555867006866054 4.785916866971091e-05 2.773595174245491e-07 3.600355229247064e-06 0.00026878181453122133 8.376195019908417e-05 4.944189529923981e-06 4.7224558381702e-05 4.989863698318104e-08 0.0 8.75480516243576e-07 6.230992240628354e-06 1.3993628532354823e-05 0.00013239063858299572 8.807834025630972e-06 8.64128095105094e-06 9.233640412490326e-06 1.678828184860612e-05 7.754670645737932e-07 2.4047944719993784e-06 7.71374800004383e-07
1.4810650393869189e-05 0.0002511083931283729 3.062676046654236e-05 0.0005006453406511691 7.679381672184804e-06 0.00018338711743341116 0.0013695172075364952 9.882322827536031e-05 0.004516002421304003 0.00043248245283671635 1.2732537554018198e-05 9.443438961300685e-05 8.571197970919195e-06 0.00010124792124654011 0.0002591511576055593 0.0015385394676431133 1.603334961762036e-05 2.2041703342089158e-06 5.544228372043689e-06 0.00016243795370202938 0.00028277899553303293 0.0029680193828209482 0.00022652592315550288 0.0 9.509921825467902e-05 1.4724609305177537e-05 0.000787829264514021 0.00452303324892391 0.00022297230897612918 0.00031268972327628126 2.0878436750065652e-06 1.9178165526410637e-06 6.533204991248455e-05 0.00018890079685102333 1.058366785600869e-05 0.0015818882430921946 4.120647968455115e-05 0.0004679662116715288 0.00016941670448976858 0.00022247405960872964 3.877600744140448e-05 7.1177446524610005e-06 1.4379736756350998e-05 1.0126374518953059e-05 7.767243058907462e-06 8.66724914445982e-06 0.00011420212087417432 5.034206859431057e-07 2.5464272864418308e-05 0.0003784678940745564 2.3569921991029822e-05 0.0008010634354898205 6.215533335801378e-05 3.6193302497438425e-06 8.159202160509186e-05 1.651642570199992e-06 1.8137152143067943e-05 1.4513464236916534e-05 0.00022639306120020747 2.3783374434524225e-06 5.149252580263032e-07 9.376741955974328e-07 4.0160987722212426e-05 0.0001365239136102118 9.42905687149906e-05 6.073215653008663e-05 0.0027199643923378845 9.462530184167388e-07 5.644348823935299e-06 3.600564551404582e-05 0.002084029392352509 7.381066700792344e-05 0.00020040258764614265 3.3074389891651947e-07 1.7223171360031138e-06 8.85720769302782e-06 2.7190801570762323e-05 3.3511803758374346e-06 0.00026847402244599585 4.681596530978802e-06 5.7391855643116235e-05 2.4719166255995423e-05 0.00023630296031175349 3.2414974716097486e-06 1.0563880709553647e-06 1.6044236037431014e-06
