0.0 4.4129470534899835e-07 8.745845730656354e-05 2.092883383171434e-06 5.955451767820002e-08 1.6578446580827564e-05 0.0010303112432265209 0.0007038341339311006 8.397615615902662e-07 4.6849547899288695e-05 4.016432676763622e-06 2.225100678110025e-06 2.3692493684683627e-07 0.0037107057815484877 0.0 1.2150021264050972e-06 3.510509563971358e-05 5.832468142110715e-07 5.618081423027709e-06 4.930950362476617e-06 4.937667401515867e-05 6.012201243523978e-07 7.15834919595545e-05 9.990883394853132e-06 9.205197979439067e-08 1.971731717955695e-05 2.4198681876157356e-05 3.112801137545078e-05 0.0017289398254990466 0.0018992211579460811 6.277969659817606e-08 2.635439861792051e-06 0.0002928248557742817 9.586969608370398e-05 1.5623200791455886e-06 3.1527289814484814e-05 3.131845020249104e-06 3.391677093579895e-05 9.78248675783769e-06 1.9519580546985127e-06 1.8254028732419747e-06 2.666555393245033e-07 5.07525643755975e-08 0.0 0.0 9.108527639213192e-08 5.520618170756958e-08 0.0 9.776415401413922e-08 9.557493007226035e-07 0.0 4.451639184280499e-07 0.0 0.0 0.0 0.0 0.0 0.0 4.21056988692273e-07 1.587560895869735e-07 0.0 0.0 1.336291841129122e-07 0.0 0.0 0.0 1.8023546963206126e-06 0.0 3.057594068648851e-07 5.656461520174616e-07 1.5469133487770798e-06 0.0 2.944497694988119e-07 0.0 0.0 0.0 0.0 0.0 1.2219509341498213e-06 5.971353486293803e-08 0.0 0.0 0.0 0.0 0.0 0.0
4.4129470534899835e-07 0.0 0.0003287840682663961 1.1374998929324144e-07 0.0 2.0394857866076233e-06 2.975401709672732e-05 1.092716278881602e-06 0.0001033163005728517 1.373969361150211e-06 0.0002969143453689421 1.7954619295311643e-07 0.00021563165765360666 1.3896333393144431e-06 2.630716991110957e-07 0.0003098230422726586 9.117399037689899e-06 4.27405822289747e-06 1.4703875433279587e-05 0.0 2.8300963381811988e-05 0.0019252365037764605 7.063591590997356e-05 0.0004134876716601047 0.001955518989562939 0.0006726304806866535 0.004021804214492296 0.000142913908170089 1.8553613187281025e-06 2.2792000331086905e-05 2.1836726248477323e-05 6.437559846198915e-08 6.018243888340708e-07 1.3920198398879325e-05 0.0 7.917623755231916e-06 5.128648351276196e-05 1.9996186049977314e-05 5.684436444796977e-06 3.2878062768889847e-07 6.414569724146982e-07 1.471520688326369e-06 1.0417844187233827e-07 3.6005734200212055e-07 0.0001258164427917505 7.226201868879419e-05 6.528532162925657e-08 0.0 0.0 1.6986997941959376e-07 4.046837025811987e-08 2.733185681394269e-07 0.0 1.9977462263546317e-06 0.0 1.2305151163804157e-05 2.6537676946537376e-07 0.0 3.5784827423812186e-06 2.742585032592639e-05 3.775243188517143e-07 1.0714585069144243e-05 0.0 2.1668086261998162e-07 7.684120294460702e-06 1.004709360505211e-05 1.0095992486552607e-06 6.862511136582638e-05 0.00021856152752310848 0.0011325670896991911 1.392365384078607e-06 1.3538431234602888e-07 6.105861787000881e-07 3.3853231501367e-06 0.0 0.0 6.217713286905419e-06 0.0 4.336945161449583e-06 8.44009840481538e-06 1.3188173303538422e-05 1.524372903812879e-06 6.984509561641907e-07 0.0 0.0 2.1615096940384745e-07
8.745845730656354e-05 0.0003287840682663961 0.0 4.319558027477497e-06 6.442338277941284e-08 2.059272446994062e-05 0.000451367037006257 0.00016019692556766297 1.010696671902695e-06 2.2930808317997327e-05 1.2977627020300898e-05 3.9512969385053624e-07 1.5375375324829971e-06 0.0002506913092774435 0.0 1.074354364111867e-05 0.002525247445295577 5.240808568633727e-06 0.0001706586317448192 6.81173769599756e-06 0.0007956935869903872 0.0001369773738238795 0.008245566525217681 2.14675020655621e-05 3.71933483656824e-05 0.004525377197770937 0.0037506171602599255 0.0003851537539406787 0.0001527010951861664 0.0008990863793470745 3.8452658350708073e-07 7.379800754180365e-07 1.71552975646421e-05 0.0014215284793917188 1.2211291066455042e-05 0.0005862905113410049 0.0015262742103106352 0.00149797060368906 0.0003383822522244613 3.2923504055113075e-05 1.3096037338191793e-06 1.800816791903012e-06 9.546384363414185e-07 3.6967164100589987e-07 0.00021173662121162914 0.00014008861571484916 0.0 0.0 4.146552026881089e-08 1.972361027162019e-06 4.603776575773812e-08 8.858897443002176e-07 0.0 2.892739773183876e-07 0.0 2.413827419717775e-07 1.0020313366296848e-06 0.0 5.685816222089657e-06 2.0364681999895e-05 3.443513956717185e-07 4.347770634986212e-06 0.0 1.6155367146535698e-06 4.784297467901581e-05 3.871963194080868e-05 3.828073739045315e-06 4.246328306722922e-06 7.696026103326755e-05 0.0007833829697190393 2.6404014530790144e-06 7.377370193595047e-07 1.1861844258797622e-06 1.692886432069679e-07 0.0 0.0 8.471111070783666e-06 2.0490142461096823e-06 1.4872055488525646e-05 1.3502125727435608e-05 2.2079723481027637e-05 5.387735841169576e-06 1.126791382279531e-06 0.0 0.0 1.8679415513486165e-07
2.092883383171434e-06 1.1374998929324144e-07 4.319558027477497e-06 0.0 4.057066766315893e-07 7.83561416901403e-05 0.00011102895356001969 3.632978126829873e-05 0.00024126544745666414 0.0016876966107910118 1.978394152030187e-06 0.0006194959577210214 2.6473234564877424e-07 3.0505584890955093e-05 2.253786539857842e-05 7.720071648056854e-07 7.48097016221215e-07 4.004468906956112e-07 4.174771188839526e-07 0.002360752062100394 5.429770790537409e-06 0.0 1.942849568075881e-06 0.0011846502958859208 0.0 1.7406814794310616e-06 2.502583466989137e-06 0.003419567120244364 5.291060331623936e-05 3.838027314906119e-06 0.0 2.1142674312473497e-06 2.834145043512297e-06 3.5644575595810476e-05 5.201783264253511e-06 0.00015720292235798508 2.688458247755109e-06 6.303509027214696e-05 2.462448270730883e-05 4.289287257950367e-05 1.4319484278321239e-05 5.940681983945285e-07 4.198576351382042e-06 0.0 6.467716877565939e-08 0.0 0.0001994000655750637 0.0 1.443309155452088e-06 1.2386072826625049e-05 9.69898265823358e-08 4.703330858290376e-05 4.9785706656654245e-05 9.405604996548115e-08 4.245609720005017e-05 0.0 7.06448697353724e-07 1.3270600750691954e-07 3.132722459265089e-07 0.0 0.0 0.0 5.1391806793049926e-05 8.152519720741044e-08 5.7780078838522784e-08 7.125681088043503e-08 7.567014781704028e-05 0.0 0.0 7.134447808102614e-07 8.20006476793665e-05 1.3606532418380566e-06 4.874995111348119e-07 6.087959935947814e-08 6.449790170464487e-08 0.0 1.6442210251542752e-06 1.1764709774935723e-07 4.7075382153484715e-06 0.0 2.9886248468556674e-06 2.234822813808172e-07 1.953918793312265e-05 0.0 0.0 0.0
5.955451767820002e-08 0.0 6.442338277941284e-08 4.057066766315893e-07 0.0 0.0002225643449548346 3.64640653764731e-07 2.0511686748651606e-05 1.9714657098384993e-05 1.8779885547787139e-06 1.240816500547192e-05 5.765202893080392e-05 3.31651975428078e-06 4.78740682665977e-07 0.0005814957927098543 0.0 0.0 3.9152581293541767e-07 7.11564433055546e-08 2.274644803758756e-06 1.2176808291050471e-07 1.1563463558569603e-07 2.2915398043796174e-07 9.954075828321908e-06 5.407844802675379e-07 5.096640555363854e-07 1.2415836111114838e-07 2.6289194230209833e-06 2.155283159581998e-06 1.1094033705526016e-07 0.0 0.00013220540040887447 0.0 0.00023237456267476963 2.0304465400761876e-06 3.027755474023972e-05 3.511554468767534e-06 7.428965049057631e-05 2.6725439864106885e-05 0.0006380158537320013 0.0001673488149736054 7.96277734294933e-06 1.4022717867690511e-06 0.0 0.0 0.0 0.0 0.0 0.0 0.0 0.0 1.2482660735827121e-06 0.0 2.189182498724971e-06 0.0 7.219250574709528e-08 7.91276549701867e-08 0.0 0.0 0.0 0.0 0.0 1.0878680246125824e-07 0.0 0.0 0.0 9.105614641596518e-08 0.0 0.0 0.0 1.0394569410106425e-06 0.0 0.0 0.0 0.0 0.0 1.455179058812881e-07 6.2684474143276444e-06 0.0 0.0 1.470789674404608e-06 2.8779181033335915e-07 1.7971703275730012e-06 5.899544198467473e-07 4.825975538556613e-07 0.0
1.6578446580827564e-05 2.0394857866076233e-06 2.059272446994062e-05 7.83561416901403e-05 0.0002225643449548346 0.0 0.001296826417945881 0.005869946751141184 9.233839350090792e-05 0.0041351022212193335 8.6292241120451e-05 0.0029671630856226107 2.0070198810085605e-05 0.0007915293722760379 0.0013005668893130934 4.837519823582015e-06 4.331891315667555e-06 9.611975898434136e-06 9.978466724054588e-06 0.00045700379014106384 2.046601187299685e-05 4.294413817107709e-06 1.010835215250622e-05 0.00016303329449125732 2.0660063698938293e-06 2.0277709160808435e-05 2.4759026614510296e-05 0.0009206793683643977 0.0005416322780787352 2.3699313060503832e-05 7.62069445955282e-07 0.00015113718191225138 6.026141795170919e-06 0.000491547495033462 6.017909992859174e-06 0.0004557179592692293 2.9260184325991022e-05 0.0005502764779072209 0.00017765905991146152 0.0023422794453368573 0.00016780636946808284 2.839905490146789e-05 1.360620580334224e-05 5.379602753464476e-08 1.6175257645525223e-07 0.0 5.855513095128775e-06 0.0 1.048902026107528e-07 7.259361136819108e-06 7.364932448476936e-07 1.3072295082780298e-05 9.714996245331716e-06 4.417001370299594e-06 4.4777652946959835e-06 4.4613065874523196e-07 1.360811020322034e-07 0.0 4.684644990868623e-07 0.0 5.769279145147613e-08 0.0 8.84328195053891e-06 1.1273957041844178e-07 0.0 2.1388864653078735e-07 2.3377808429830125e-05 0.0 5.892108097328136e-07 1.5632807613136865e-06 4.310499129901874e-05 8.20930992591043e-07 4.0406952849344034e-07 2.0035405649904e-07 2.603941694853763e-07 0.0 2.3152363714210078e-06 2.552865628598378e-06 6.547150782841742e-06 2.1400071613636387e-07 5.256910731039564e-06 3.7601609649346673e-06 1.3633840581556051e-05 2.192476187640992e-06 2.6791275168873887e-06 0.0
0.0010303112432265209 2.975401709672732e-05 0.000451367037006257 0.00011102895356001969 3.64640653764731e-07 0.001296826417945881 0.0 0.0019084679118442837 4.174126086198503e-05 0.0024314897289002217 1.2969378208412815e-05 2.6945871496223583e-05 2.9667347690107223e-06 0.0031246400453171564 4.207378362107858e-06 0.00010341854749878393 5.8295476314868105e-05 2.1551941289902387e-06 9.78613963716104e-06 8.044088237542159e-05 0.0006026402199766819 1.6727774352896164e-05 0.0003313737023891302 0.0006014066599184945 1.61127144956541e-06 0.00010581017929993802 0.0003473106138445487 0.008858431406315564 0.0007163335238498148 0.002583005862563732 9.847844137397287e-08 8.148537170644048e-06 5.0525160072288976e-05 0.00032929199218115825 3.209763680717745e-05 0.0009768552771714945 2.591262352226757e-05 0.0004820323737053311 0.00018679304609571832 8.197977570690372e-05 3.639513210161192e-05 3.5126035211604293e-06 8.710338506245127e-06 3.9287199354620885e-07 7.885827980181726e-07 1.667384479177885e-06 7.408264128864929e-06 0.0 7.776706933597996e-08 3.537157262975724e-05 9.101038462617428e-07 3.243307319554304e-05 7.091051620936932e-06 6.959113365903804e-07 1.0604659416688253e-06 5.385381169463314e-08 2.217145663893419e-06 5.222448541857237e-08 1.5816616442015264e-05 2.0235336054336252e-07 6.300374147119179e-08 1.5561687732012042e-07 6.345867725382139e-06 4.655584997193172e-06 5.703437462302195e-06 6.148035495463861e-06 8.282597710968248e-05 1.3002821127342057e-07 9.837607342041365e-07 1.599556786992698e-05 0.00012169949034397926 2.9920362123439534e-06 2.7084567651424594e-05 0.0 0.0 4.369211072658347e-07 3.125636442852e-06 8.933899256447969e-07 2.7208706090782114e-05 2.5726690124705003e-07 4.247581880096048e-06 1.996782549976086e-06 7.2227516762747726e-06 0.0 0.0 0.0
0.0007038341339311006 1.092716278881602e-06 0.00016019692556766297 3.632978126829873e-05 2.0511686748651606e-05 0.005869946751141184 0.0019084679118442837 0.0 3.089848900868792e-05 0.0012559901419479937 1.8095022376059222e-05 0.0005604920744910648 5.1909837706195895e-06 0.004586611419283172 0.00030948259258750346 3.442240338540689e-06 4.662293074519535e-05 1.9110866514091167e-06 9.221594739339723e-06 0.00021105579202889302 8.608383149553505e-05 2.9768534243070065e-06 0.00010406778259320428 0.00011821019266590502 9.371809794403863e-07 3.9431172198691107e-05 4.7526374460463646e-05 0.00031161092793508655 0.0006893138918126453 0.0007166806662105695 1.035900220960909e-07 5.231438290398476e-05 7.4847897862441936e-06 0.00020045203363780597 6.511549608309964e-06 0.00031646346362562553 1.278092299657446e-05 0.0003615537946666684 0.00011987505657360953 0.0008950647476565929 4.841605363033779e-05 7.078258881407771e-06 7.021454320434867e-06 0.0 1.054031354704452e-07 6.521638095910575e-08 1.7788667026977042e-06 0.0 8.719275358982555e-08 6.516379306677523e-06 2.910792975422608e-07 7.034414998255237e-06 1.382793537236659e-06 9.943358343240997e-07 4.33868788626846e-07 1.8842134854868545e-07 2.3675084606840453e-07 0.0 1.9804666050459204e-06 0.0 0.0 0.0 1.6787949927244492e-06 4.6123810342365906e-07 3.039168394833703e-07 4.786554502096625e-07 1.542908066880462e-05 0.0 6.237036341998468e-08 1.8240201673653762e-06 3.7751090741396844e-05 1.1799690766450552e-06 2.0338560105984093e-06 8.238061442079893e-08 0.0 7.788689517711426e-08 1.4351821915226038e-06 5.782228285003614e-07 5.563865722034679e-06 4.674027725702899e-08 4.687191345365113e-06 1.3342746620585912e-06 6.383789343282929e-06 3.484771059430524e-07 1.0331566874522726e-06 0.0
8.397615615902662e-07 0.0001033163005728517 1.010696671902695e-06 0.00024126544745666414 1.9714657098384993e-05 9.233839350090792e-05 4.174126086198503e-05 3.089848900868792e-05 0.0 5.7202737735271146e-05 1.979469856997728e-06 0.0003188143412898966 3.161048018235883e-07 1.2207220831110155e-05 0.0003018658966293962 8.903665259926797e-05 6.092692839284737e-08 6.88285513253413e-07 1.7008088257990342e-07 0.0002984476425334019 1.1321377624223287e-05 0.0015215510118947503 5.836614475519219e-06 0.005093084170329355 8.114175414663135e-06 1.150955243030401e-06 1.6757124949051396e-05 0.00064960712684454 2.508285213563376e-05 3.361232618420033e-05 2.0898045883291005e-07 1.2984037337754009e-06 3.7052321660626695e-06 2.0949652704110736e-05 1.8663032383395534e-06 0.00018698084688799918 5.3548310474843695e-06 4.567588152079027e-05 1.2442910594622316e-05 0.00022009934088800036 3.2028919533837663e-06 7.357471860438459e-07 6.574766053569394e-08 7.44605008032082e-07 1.6401221643371775e-05 1.2642581843987808e-06 4.120713542372069e-05 0.0 2.112317076391365e-06 8.692369643531727e-05 2.9453939893266094e-06 3.0671532676177335e-05 3.393602185503015e-05 9.63503157318659e-07 1.2962040136903216e-05 0.0 3.0038525808626e-06 3.7078098367191186e-07 4.8000360609698455e-05 5.358105675994978e-07 7.931337805112614e-08 1.5745617568009123e-07 2.8849832833232894e-05 1.9212150752144463e-05 0.00018796469220659764 4.2272241243119646e-06 0.00048643208348978515 0.0 1.735457829103367e-07 3.108335997424871e-06 0.00046483625541338596 1.0123816890575082e-05 7.407834640548763e-05 0.0 6.293615844988795e-08 1.25266107821975e-06 7.669670095382246e-06 1.6335824026545748e-07 3.824745299240801e-05 4.764788314836039e-07 9.574495803524679e-06 2.6222361033032016e-06 1.4561766702601135e-05 6.074805508101506e-08 0.0 2.1122866790028305e-07
4.6849547899288695e-05 1.373969361150211e-06 2.2930808317997327e-05 0.0016876966107910118 1.8779885547787139e-06 0.0041351022212193335 0.0024314897289002217 0.0012559901419479937 5.7202737735271146e-05 0.0 2.3907416806314252e-05 0.0032061693291644934 3.411302376072248e-06 0.0009211884252842916 1.2641525051765991e-05 2.582773619587628e-06 4.72014935396313e-06 4.009554632876094e-06 6.151474005725773e-06 0.001959248488797726 1.845000576184941e-05 2.7416896492324233e-07 1.3026288325558158e-05 0.00017604531103986644 2.2860019096145757e-07 1.1271842493510871e-05 1.4447887022978912e-05 0.003314687137743422 0.000318564564877776 5.713148434927525e-05 2.2773190274480084e-07 1.7563709188433298e-05 6.497458267404533e-06 0.00023811270626827085 1.0590123185330143e-05 0.0003729373228444006 1.0667501780470446e-05 0.00035716583142615546 8.278545003649294e-05 9.747107733007784e-05 6.0189101579987676e-05 2.740895030897761e-06 1.2663372390333033e-05 0.0 0.0 0.0 6.214355400066567e-05 0.0 1.0278097412806508e-07 7.44946674515143e-06 4.711556954375307e-07 1.4419292653638077e-05 1.6553404821674997e-05 1.8571327797639641e-07 8.526469206620646e-06 1.0203597355201953e-07 8.239184845230034e-07 6.047454010907691e-08 5.644276683297906e-07 0.0 0.0 4.686725638997336e-08 1.669466112524885e-05 0.0 2.9175524260172735e-07 1.3583001902867636e-07 3.0108190199950388e-05 0.0 2.3824554361907498e-07 6.263152747890773e-07 4.3910801766743523e-05 6.516890303554572e-07 4.4276400543241667e-07 8.949571159015745e-08 0.0 5.618971011155126e-08 8.285663891981277e-07 1.872435598724953e-06 2.631319352423249e-06 1.8338862220446182e-07 2.073256058873655e-06 1.7748087272090253e-07 7.67322082701108e-06 5.7830861468052595e-08 1.8891507334327103e-07 0.0
4.016432676763622e-06 0.0002969143453689421 1.2977627020300898e-05 1.978394152030187e-06 1.240816500547192e-05 8.6292241120451e-05 1.2969378208412815e-05 1.8095022376059222e-05 1.979469856997728e-06 2.3907416806314252e-05 0.0 4.141594143493091e-05 0.0016035953470241286 1.1152297759517706e-05 3.6705746149027564e-06 5.956609994047816e-07 0.00017031316048162667 0.0031242259911817075 0.000864921940721083 1.4892489371084955e-05 2.202378562503135e-06 1.8672855583950445e-05 1.096092475112264e-05 1.0022033761688766e-05 0.0019280628395909921 0.002005106724906549 0.0008242905900551408 1.307165135624558e-05 6.120372434676462e-05 8.232735742497478e-06 0.00033554800647703816 4.13277948776537e-05 1.0461850139204764e-06 0.0030517409640186755 2.159409502329018e-05 0.00031238674088903133 0.0022632944082730897 0.00246614757535286 0.0006127102988105074 6.851355012796399e-05 9.489415922330642e-05 0.0008026593173973149 1.379501050106475e-06 0.0 1.663596206169896e-05 0.0 3.385904281266419e-07 0.0 0.0 1.5299925036082279e-06 0.0 5.275860498326224e-07 6.262006006305773e-08 0.0005062198643795014 1.6239319393309046e-07 0.0005613296721244593 0.0 0.0 7.712803099652864e-07 5.955930677425353e-07 6.947782174324161e-06 1.3313549828407908e-06 0.0 5.469130466191504e-08 2.882727215478905e-07 1.5460425175323713e-07 3.214779083708781e-06 0.0001989091459085872 0.0001443959433360279 0.00015789082243021903 4.7470511248493165e-06 4.993982737623339e-07 0.0 0.00014216370920993 0.0 0.0 7.106171756145669e-07 1.1234655412856191e-05 1.36597510965143e-05 0.0005036296575504434 1.2632277810149868e-05 3.736678779259696e-06 4.2282868352264926e-07 1.326680835756836e-07 0.00021714777199999168 0.0
2.225100678110025e-06 1.7954619295311643e-07 3.9512969385053624e-07 0.0006194959577210214 5.765202893080392e-05 0.0029671630856226107 2.6945871496223583e-05 0.0005604920744910648 0.0003188143412898966 0.0032061693291644934 4.141594143493091e-05 0.0 5.962440476495188e-06 0.00020538242359483146 0.0007573120312241114 2.0722591713690852e-07 5.648715784861696e-07 6.0229306644301e-06 5.487376840122372e-06 0.0032898081099993147 4.929360416220435e-07 4.1895865421362624e-07 9.768461014751014e-07 0.0002409928867354941 6.586746094654775e-07 6.919450188055049e-06 4.195456613788075e-06 0.0006360966889510045 0.00022952253373316199 2.51746015238016e-06 1.8822867725884345e-07 2.3686002667106458e-05 8.732462723143784e-07 0.00027579623126454796 1.3430538306501818e-06 0.00018000140083974757 9.016477550283209e-06 0.0003095268236138636 4.1656339167800117e-05 0.001028854982904994 5.164154178252497e-05 3.5170350182500087e-06 2.895663189012249e-06 8.39913060435619e-07 5.503882995347491e-08 0.0 4.373649008530888e-05 0.0 4.217261865240862e-06 8.645633926088063e-06 2.2393076078437265e-07 6.922118445062192e-05 3.189116597659398e-05 1.0098493267525418e-06 9.277412874497329e-05 2.083237464484992e-07 1.3446053443695174e-06 1.6407006416940748e-06 0.0 0.0 0.0 0.0 7.598858319743019e-05 0.0 6.201175134645091e-08 1.2154577303888555e-07 3.556118726140594e-05 5.1699711071806805e-08 2.5044829653857455e-07 6.03532930433943e-07 4.106286405686881e-05 8.05908513761151e-07 0.0 2.1603358404931112e-07 0.0 0.0 1.7439353781613894e-06 0.0 5.134240422792886e-06 2.1683248451507888e-07 8.904322691742046e-07 8.863090814226319e-07 7.909327809139222e-05 0.0 8.627986394246795e-08 0.0
2.3692493684683627e-07 0.00021563165765360666 1.5375375324829971e-06 2.6473234564877424e-07 3.31651975428078e-06 2.0070198810085605e-05 2.9667347690107223e-06 5.1909837706195895e-06 3.161048018235883e-07 3.411302376072248e-06 0.0016035953470241286 5.962440476495188e-06 0.0 9.448818836297516e-07 5.920290713512478e-07 3.187687397847028e-06 7.203761729144896e-07 8.879154290612835e-05 3.859482071466846e-06 3.5047925489746626e-06 1.1165260803994825e-06 1.611228967051308e-05 2.2078520981501774e-06 4.778446044848704e-06 0.003102411225461155 0.00014301451729161778 0.0015529606347184435 2.253685703873601e-06 9.859848431587296e-06 9.269460380339492e-07 0.0004154135928482657 2.0416676735034075e-05 7.774818612219835e-07 0.00046261078052869817 5.086826039659904e-05 0.0004328450732058469 0.001289035368516595 0.0009572270949503883 0.00020128785176476218 5.538629489323679e-05 0.00012917319496430282 0.0005462828329684928 1.88679456216023e-05 5.687770584265651e-08 1.0333712119665611e-05 6.180169722937786e-08 0.0 0.0 1.4677329218731616e-07 9.678807011969609e-08 6.372889740478587e-07 1.1701960147593428e-07 0.0 0.0004889939725735311 5.952204895230079e-08 0.000522575926709241 4.619691583620015e-07 0.0 5.287074021536917e-06 1.3434943938535117e-07 5.877313912689102e-06 1.20067938225193e-06 6.337914573318327e-08 2.0137153678850713e-06 1.245541834274004e-07 4.892710501021786e-07 1.2640730437532984e-06 0.00027780980802509926 0.00012617064037366942 0.00014013680330320023 1.3838049979326282e-06 7.552343607843679e-07 0.0 0.00013681986256293047 0.0 0.0 1.486541682356012e-06 3.0082008249560876e-05 0.00017028941762327142 0.00043133141597008034 2.575122197802159e-05 1.2616877420944858e-05 3.8772757084730015e-06 1.7591368492512007e-06 0.00022073143004235432 3.2371242938467973e-06
0.0037107057815484877 1.3896333393144431e-06 0.0002506913092774435 3.0505584890955093e-05 4.78740682665977e-07 0.0007915293722760379 0.0031246400453171564 0.004586611419283172 1.2207220831110155e-05 0.0009211884252842916 1.1152297759517706e-05 0.00020538242359483146 9.448818836297516e-07 0.0 7.232841341051266e-06 3.842347915464353e-06 0.00011161090207227553 1.4886228267853603e-06 1.9954481809102634e-05 0.00012983155792773137 0.00012108687768364795 3.0185316524657123e-06 0.00019062072413139543 9.66794537821475e-05 5.683728646260331e-07 6.331707740356433e-05 7.180044814187598e-05 0.00027179355178183956 0.0042117085714360614 0.001975866750725869 4.6065931844240126e-08 0.00015785432453887792 2.3416909397498197e-05 0.00026257969118037436 4.122083888722171e-06 0.00028364892358101235 1.1893926614651778e-05 0.00018546899305903295 4.391416826829499e-05 7.639511851975243e-05 6.7228430619006955e-06 1.2020848072130097e-06 3.8088388901107387e-06 0.0 4.425367981809689e-07 4.336270122856567e-07 7.136422674467692e-07 0.0 0.0 3.692995234025823e-06 1.1047157495216309e-07 6.185082689067407e-06 9.64813985737873e-07 2.1904858580246974e-07 1.3140583519557397e-07 0.0 3.8841673144931946e-07 0.0 1.6466736239488192e-06 1.278847544534882e-07 0.0 0.0 4.78969948949815e-07 6.685214191646898e-07 5.218788796358143e-07 4.2932985680539646e-07 1.217339223736692e-05 0.0 5.1737959034036484e-08 2.285931336484482e-06 2.2004136750621658e-05 5.146111556651123e-07 2.810240477284566e-06 0.0 0.0 5.076470692437871e-07 9.76158159065552e-07 8.164949385592606e-08 5.155827839283093e-06 2.7059954613988283e-07 1.796901632049387e-06 1.055553373400046e-06 3.939335518947972e-07 0.0 1.1323815977959083e-07 3.808941509495943e-07
0.0 2.630716991110957e-07 0.0 2.253786539857842e-05 0.0005814957927098543 0.0013005668893130934 4.207378362107858e-06 0.00030948259258750346 0.0003018658966293962 1.2641525051765991e-05 3.6705746149027564e-06 0.0007573120312241114 5.920290713512478e-07 7.232841341051266e-06 0.0 0.0 4.215558323562272e-08 4.680012701206068e-07 5.936259247997509e-07 5.564580238677205e-05 0.0 1.0354340281364758e-05 0.0 0.0005346418324641177 0.0 4.64463196208814e-07 4.97597034688318e-07 4.47677171517871e-05 1.4545519206142141e-05 6.718368796821606e-08 1.4258298900346832e-07 0.00030661615482024306 0.0 7.92541963864785e-05 9.134188432918427e-08 3.062180039516439e-05 5.238778842590921e-07 1.609029016863207e-05 4.13887560138755e-06 0.0007567846492071622 0.0001022120096566744 0.0 0.0 6.749164866528076e-08 0.0 0.0 4.518157907328111e-06 0.0 0.0 9.338543049895388e-07 0.0 1.2263521905342083e-05 2.7849204288299756e-06 5.916231056343955e-07 2.9446497188457144e-06 2.10448278217737e-07 0.0 0.0 1.5111945838078627e-07 0.0 0.0 0.0 3.8772398599807885e-06 6.788251207683194e-08 0.0 0.0 5.792763422668239e-06 0.0 0.0 0.0 2.8301246269072794e-06 0.0 0.0 0.0 0.0 0.0 1.0206146125575093e-07 5.8742807734036125e-08 2.434027905623491e-06 0.0 4.19487120052725e-07 0.0 2.590788013509242e-05 0.0 0.0 0.0
1.2150021264050972e-06 0.0003098230422726586 1.074354364111867e-05 7.720071648056854e-07 0.0 4.837519823582015e-06 0.00010341854749878393 3.442240338540689e-06 8.903665259926797e-05 2.582773619587628e-06 5.956609994047816e-07 2.0722591713690852e-07 3.187687397847028e-06 3.842347915464353e-06 0.0 0.0 8.670197710813331e-06 1.6848598152067846e-07 5.416525798079198e-07 3.441793803323096e-07 0.0014909422324266626 0.001652723518565273 0.002361807736505523 0.0012368033414366093 1.6907029824421408e-05 3.931672103914079e-06 0.003866462318084939 0.0009199471442730099 2.3381818018057632e-06 6.55990021747434e-05 2.8175779540537324e-07 1.0920371960536519e-07 2.893169462891456e-07 8.245173355132031e-05 5.529251685776226e-05 0.0011926481932132743 0.00011241464454548698 0.0002746474781812689 0.0004567236209424691 5.625033014977981e-05 1.5371968159439632e-06 3.3007185920581316e-06 6.263076362711087e-06 2.218308397843543e-06 9.920898836297031e-06 1.9231289782243045e-05 3.0094277638018646e-07 0.0 7.288366795829073e-08 1.2164515186805284e-05 5.007029455926678e-07 6.359724528962847e-05 7.650075621264572e-08 5.714991238564553e-08 0.0 0.0 1.5460663522678691e-06 8.22511168697517e-08 0.0014187502853336103 1.6925411339784939e-06 0.0 2.9848134261399206e-07 0.0 0.00021626081508627454 0.0008619747355174494 0.0006153037273894992 0.00015209670615764384 0.0 8.345975124571196e-07 0.0002614412355723819 0.0002115249045899673 7.623861021676204e-06 4.2430217816677264e-05 0.0 0.0 1.2673411588307677e-06 3.981677711222694e-06 3.266189246426949e-06 0.00023741297047179347 7.125743535788806e-06 1.1080089035814294e-05 9.185429660642452e-06 4.0111824599961023e-07 0.0 0.0 9.426184656139663e-08
3.510509563971358e-05 9.117399037689899e-06 0.002525247445295577 7.48097016221215e-07 0.0 4.331891315667555e-06 5.8295476314868105e-05 4.662293074519535e-05 6.092692839284737e-08 4.72014935396313e-06 0.00017031316048162667 5.648715784861696e-07 7.203761729144896e-07 0.00011161090207227553 4.215558323562272e-08 8.670197710813331e-06 0.0 0.00035958379825568276 0.0015505508210091193 1.1751529916808902e-06 0.00043955290362059226 1.6457074824737267e-06 0.002329132126988959 7.1464036494049265e-06 9.969614410593242e-07 0.0045101590791130335 0.0021830466112704085 3.650437412660273e-05 0.00014618292717098047 0.0004964472945738189 7.034381623062887e-07 6.175376484209505e-07 3.0784527759390106e-05 0.0008432308168603396 1.5363337823615593e-05 0.0007696635893644317 0.0010510904494467528 0.0011481278308136207 0.0005300104834348256 2.8703144843230074e-05 2.800845440620402e-06 1.812468085087835e-06 2.0448760832042114e-06 5.814459729978961e-08 3.6121565272409774e-05 1.2482251632341786e-05 0.0 0.0 0.0 0.0 0.0 1.8330792618205902e-07 0.0 1.246661504915233e-07 0.0 7.808256231806755e-07 0.0 0.0 2.713358512006547e-07 9.527495989746682e-06 1.4963160649756476e-07 4.9149290806678e-06 0.0 0.0 1.0099341736529904e-06 3.0311556333720323e-06 3.0608654281379147e-07 3.872348033797263e-06 5.003802437413023e-05 0.00015528845858583156 4.2178335133369423e-07 3.943156951811258e-08 5.317925135495732e-07 4.2801728107981144e-07 0.0 0.0 1.6812158857015093e-06 4.074167678379098e-06 4.360712330332674e-06 2.0800155586882184e-06 4.678504242592311e-06 1.0491573584288961e-06 6.801573803513565e-08 0.0 0.0 0.0
5.832468142110715e-07 4.27405822289747e-06 5.240808568633727e-06 4.004468906956112e-07 3.9152581293541767e-07 9.611975898434136e-06 2.1551941289902387e-06 1.9110866514091167e-06 6.88285513253413e-07 4.009554632876094e-06 0.0031242259911817075 6.0229306644301e-06 8.879154290612835e-05 1.4886228267853603e-06 4.680012701206068e-07 1.6848598152067846e-07 0.00035958379825568276 0.0 0.0010359735859502475 2.3919224425996076e-06 3.4455763934837207e-07 2.406854190700437e-07 4.118097458456567e-06 7.117080731238871e-07 1.8157013967755876e-05 0.0009742477376702812 8.593825805320247e-05 2.6619622251978933e-06 4.750214311308044e-06 2.539383917143474e-06 3.0608677049683525e-05 2.0738687194495567e-06 6.953382734222385e-08 0.0002830582892087861 1.196965076496152e-06 9.135177853764502e-05 0.0007795581156421836 0.000557904190517151 0.00015714277209907083 5.43942528168938e-06 3.932050838722487e-06 1.5466020193881785e-05 2.4743345475008364e-07 0.0 6.855123104005633e-06 2.478160697270993e-07 0.0 0.0 0.0 1.6247514096122846e-07 0.0 1.2026070713449892e-07 0.0 1.989998703539088e-05 0.0 4.538167654645304e-05 4.390663442054033e-08 0.0 0.0 5.275808899466723e-07 4.855857947503994e-06 8.849384098110392e-07 0.0 7.262742917047175e-08 2.541373278768446e-07 0.0 5.055497929929424e-08 7.652972036287524e-05 0.0001409152093746461 0.00020215373271004856 2.43855545534358e-07 3.8881623295293016e-08 0.0 4.615064295929572e-05 0.0 0.0 4.911431945405982e-07 6.384706617602845e-07 2.048672274463255e-06 5.406487814195367e-06 2.5669360264373087e-06 6.212801858897606e-07 2.6902758155302123e-07 0.0 4.5112263921741385e-07 0.0
5.618081423027709e-06 1.4703875433279587e-05 0.0001706586317448192 4.174771188839526e-07 7.11564433055546e-08 9.978466724054588e-06 9.78613963716104e-06 9.221594739339723e-06 1.7008088257990342e-07 6.151474005725773e-06 0.000864921940721083 5.487376840122372e-06 3.859482071466846e-06 1.9954481809102634e-05 5.936259247997509e-07 5.416525798079198e-07 0.0015505508210091193 0.0010359735859502475 0.0 2.9586294536329428e-06 1.329312112214118e-05 9.254754869447955e-07 8.456717042272882e-05 1.8666894709790553e-06 3.6427355330966e-06 0.003173381593763501 0.0004172187091746107 6.707683267759326e-06 2.84690505632126e-05 3.218047316914004e-05 2.6828090709028554e-06 1.4351050516378146e-06 4.306632246564651e-06 0.0008524233768927263 7.751736695058552e-06 0.00045473958825328794 0.001793176655641261 0.0015152811644983618 0.0005248028020107653 1.650762713795876e-05 2.759395096486739e-06 7.0011035169613445e-06 1.5549985496233015e-06 0.0 5.319909656753924e-05 1.7590149479710431e-06 0.0 0.0 0.0 5.1022662666298435e-08 0.0 2.1642994778443867e-07 4.737618192965523e-08 3.950604615524911e-06 0.0 1.3856756514183113e-05 4.549693341932331e-08 0.0 1.7047339485803002e-07 1.4289248158781806e-05 2.118167673370291e-06 1.2586859956699642e-05 0.0 1.369590455521404e-07 3.7917344793331335e-07 5.569902710664825e-07 6.185818936704961e-08 3.089998651177276e-05 0.0001694165392778962 0.0003319656852881157 1.9856261218468132e-07 2.927829212540136e-07 2.349580605118315e-07 1.0093995032356113e-05 0.0 0.0 1.6448425945316746e-06 2.412926145966292e-06 4.3125537694162704e-06 6.794375426277168e-06 4.7440874717545115e-06 1.4566190689554647e-06 1.9487739538848886e-07 0.0 7.054584586370121e-08 0.0
4.930950362476617e-06 0.0 6.81173769599756e-06 0.002360752062100394 2.274644803758756e-06 0.00045700379014106384 8.044088237542159e-05 0.00021105579202889302 0.0002984476425334019 0.001959248488797726 1.4892489371084955e-05 0.0032898081099993147 3.5047925489746626e-06 0.00012983155792773137 5.564580238677205e-05 3.441793803323096e-07 1.1751529916808902e-06 2.3919224425996076e-06 2.9586294536329428e-06 0.0 4.846861957059386e-06 0.0 3.7912174325103186e-06 0.0008021451857624023 1.8711365789795465e-07 4.97214092809148e-06 4.129927813629497e-06 0.002775364454219681 0.00018506944905609136 8.062200958121942e-06 9.26767730750941e-08 1.1796987187193936e-05 4.166742726230465e-06 0.00015908830331073557 7.63665480302653e-06 0.0004502193082628805 6.296504757668827e-06 0.00027631961650685026 7.546674751235632e-05 0.00022225956157444094 6.44817013567463e-05 2.1366153607847182e-06 1.5170798143678585e-05 0.0 6.41765326870945e-08 1.0202226170883092e-07 8.718477125446405e-05 0.0 1.4513777076678875e-06 1.9976155052789587e-05 5.406587726486193e-07 5.0028483265114445e-05 4.192748741325874e-05 3.71305856458473e-07 1.6822151816997432e-05 0.0 3.731506182270969e-07 0.0 0.0 5.5522870733173136e-08 0.0 5.061626627534098e-08 4.192594189616362e-05 4.2734475680324024e-07 2.2787751981236945e-07 1.279029822222977e-07 6.608072288842514e-05 0.0 1.3311329395769517e-07 5.485008148948561e-07 9.145625627751241e-05 1.7330998514606385e-06 5.559471537729269e-08 0.0 0.0 0.0 2.9282181399690413e-06 9.713228291213568e-07 8.547587270368982e-06 0.0 4.433585658010773e-06 1.2920426198134324e-06 2.6447939799043657e-05 2.1026225981741093e-07 0.0 0.0
4.937667401515867e-05 2.8300963381811988e-05 0.0007956935869903872 5.429770790537409e-06 1.2176808291050471e-07 2.046601187299685e-05 0.0006026402199766819 8.608383149553505e-05 1.1321377624223287e-05 1.845000576184941e-05 2.202378562503135e-06 4.929360416220435e-07 1.1165260803994825e-06 0.00012108687768364795 0.0 0.0014909422324266626 0.00043955290362059226 3.4455763934837207e-07 1.329312112214118e-05 4.846861957059386e-06 0.0 7.818710381821085e-05 0.010524054869695109 0.0002742600274149234 3.1745857624427465e-06 8.186105650954437e-05 0.0006689502614327818 0.003861540378745484 0.00012261933543556444 0.00782506478697153 2.3626126805020655e-07 3.140048102750498e-07 2.514215433160767e-05 0.0023839143980078914 0.00018610999355996323 0.0030132298722729167 0.00041969186591456773 0.002225812877479762 0.0015760656023945969 0.00016409902574379562 1.0538266610444123e-05 2.143497213061835e-06 1.6214724956892438e-05 3.5851490525226606e-07 8.285354339840851e-07 4.048510814062372e-06 3.01844353654372e-07 0.0 0.0 1.4520615074027075e-06 1.758055996702684e-07 8.235315135850346e-06 6.528860295577491e-08 0.0 0.0 0.0 1.211725795706358e-07 0.0 0.00012946440686435133 7.71493432122654e-08 0.0 6.440854298023353e-08 0.0 5.1978486498251246e-05 7.958072594624435e-05 3.0350137301371714e-05 3.568967603834327e-05 9.705519880989792e-08 7.46686525712322e-07 1.6267833411166768e-05 5.264689875178433e-05 1.8752635812731976e-06 7.841367416828309e-06 0.0 0.0 2.4747462719457287e-07 2.5500160057017454e-07 1.1128344248203297e-05 5.7910060315503236e-05 6.422534159872353e-07 1.981276436430652e-06 4.592106849737272e-06 7.134369302365664e-07 1.6391559818455042e-07 2.9881098057436867e-07 8.24907111288063e-08
6.012201243523978e-07 0.0019252365037764605 0.0001369773738238795 0.0 1.1563463558569603e-07 4.294413817107709e-06 1.6727774352896164e-05 2.9768534243070065e-06 0.0015215510118947503 2.7416896492324233e-07 1.8672855583950445e-05 4.1895865421362624e-07 1.611228967051308e-05 3.0185316524657123e-06 1.0354340281364758e-05 0.001652723518565273 1.6457074824737267e-06 2.406854190700437e-07 9.254754869447955e-07 0.0 7.818710381821085e-05 0.0 0.0001416223760221404 0.003856462316835276 0.0002679556974933316 3.36209138750846e-05 0.002015952727553936 0.0002981393834735202 4.694890658111117e-06 4.3483929389705864e-05 1.55474539528241e-06 3.9563472281497755e-07 8.921979837870014e-07 9.42038044891439e-06 2.6128986826310413e-06 8.26475342873811e-05 1.0652376659696225e-05 1.8967395483285402e-05 1.4235379827217332e-05 1.8187991486615493e-05 2.1830639199109483e-06 0.0 0.0 8.982413094789831e-07 2.4614562539453636e-05 3.878638805142327e-05 6.695502052646762e-08 0.0 0.0 9.727395927062213e-06 6.57673813080693e-08 2.930645050898936e-05 2.3228074827399396e-07 0.0 0.0 9.954097591720042e-08 1.642098716483754e-07 0.0 0.0005825502738852042 1.6500246212324834e-06 0.0 3.7439200967552417e-07 0.0 6.544286270105697e-05 0.0001313134601281673 0.00024213253411307475 7.39818624076931e-05 3.727018381719992e-06 4.227964444896064e-06 0.00045824360627384953 8.538356836937791e-05 2.5541661946689057e-06 1.1150856412234567e-05 1.1710158541899564e-07 0.0 1.0042857474041772e-06 3.609097555712473e-06 4.03373546833921e-07 2.1382072545081887e-05 3.453620745916447e-06 4.917780893849884e-06 3.363032147512767e-06 5.69676707921421e-07 0.0 0.0 6.952965185422928e-08
7.15834919595545e-05 7.063591590997356e-05 0.008245566525217681 1.942849568075881e-06 2.2915398043796174e-07 1.010835215250622e-05 0.0003313737023891302 0.00010406778259320428 5.836614475519219e-06 1.3026288325558158e-05 1.096092475112264e-05 9.768461014751014e-07 2.2078520981501774e-06 0.00019062072413139543 0.0 0.002361807736505523 0.002329132126988959 4.118097458456567e-06 8.456717042272882e-05 3.7912174325103186e-06 0.010524054869695109 0.0001416223760221404 0.0 0.00026625894158977843 3.401433117997992e-06 0.0008584197308959999 0.006648566621534384 0.00157293666190204 0.0002013229453549965 0.0029796371551544833 1.0383628975295222e-07 6.34200577223801e-07 3.639714700836384e-05 0.002603776514218071 0.0002090402351272443 0.004827941440813435 0.0022555933156166337 0.004202993333244855 0.0033505094334329616 0.00027973422940504353 1.8977366749597798e-05 6.111415021967399e-06 2.3557588388586068e-05 7.908442349330731e-08 1.0918535914791463e-05 6.773174741188097e-05 8.901692503454674e-08 0.0 0.0 3.585180963423052e-06 4.3528997215853067e-07 2.4100745460704314e-06 1.7020254596388807e-07 3.195428280898362e-07 0.0 8.156029099452435e-08 6.465459119838395e-07 0.0 0.0004350976606702431 2.0140730201705987e-06 0.0 8.137243915300619e-07 0.0 1.9147479452841617e-05 0.00023476995109438496 0.0004516478899553666 1.4828487724897972e-05 4.393325131075985e-07 5.369019876600664e-06 0.0007481128139298413 1.888518941082543e-05 6.276154676087136e-08 1.067558299245412e-06 0.0 0.0 0.0 1.8098508744468394e-06 2.2433345280379036e-05 5.440919799997589e-05 4.797754124787853e-06 1.167904289560015e-05 1.8982201558631407e-05 1.2775582457192865e-06 0.0 5.086882013347985e-07 0.0
9.990883394853132e-06 0.0004134876716601047 2.14675020655621e-05 0.0011846502958859208 9.954075828321908e-06 0.00016303329449125732 0.0006014066599184945 0.00011821019266590502 0.005093084170329355 0.00017604531103986644 1.0022033761688766e-05 0.0002409928867354941 4.778446044848704e-06 9.66794537821475e-05 0.0005346418324641177 0.0012368033414366093 7.1464036494049265e-06 7.117080731238871e-07 1.8666894709790553e-06 0.0008021451857624023 0.0002742600274149234 0.003856462316835276 0.00026625894158977843 0.0 3.0227442752325387e-05 9.392848232662572e-06 0.0007138452441157934 0.005005927355976827 0.00026658188465965966 0.0002223493700210582 1.3263329741293074e-07 4.0017502212925365e-06 3.950509686338569e-05 0.0002240377961664998 4.1228253147031405e-05 0.0013077386564023942 2.6577400894553245e-05 0.0003692545533066438 0.00018264724532034027 0.0004844200644979819 3.464292786675908e-05 1.0212572521528145e-06 9.403542526968311e-06 4.124594599809355e-06 1.994539935570427e-06 4.270501121393529e-06 0.00020965175077449394 7.741431853193955e-08 8.13990994387689e-06 0.0004144259961859384 9.985698082724146e-06 0.0007193208611000428 0.00019387669930565266 2.8505759087004523e-06 5.188737824847183e-05 2.754578166580995e-07 2.2118397970586462e-05 4.904137597572242e-07 9.328984462483734e-05 7.512730162599967e-07 2.4098758822580355e-07 2.934805353734758e-07 0.0001615968013318591 4.0159599750178726e-05 5.79829118715799e-05 1.771769722552385e-05 0.0013327530787211963 0.0 5.041680592093248e-07 1.6505035821085653e-05 0.0020162482988480253 5.0085675041073975e-05 0.00011932889963280588 2.5870853154460225e-07 5.180754038319001e-07 4.621308851021121e-06 4.593708590311458e-05 2.5515109575552207e-06 0.00020929501054187593 1.103944822364432e-06 5.5999232101370706e-05 1.2925014317040284e-05 0.00011068625146159755 2.9433647226695162e-06 2.41432158749144e-07 1.4225067430098429e-06
