0.0 0.0 8.198776369438753e-05 1.8558023222138017e-06 6.051860162904496e-08 3.336775897947177e-06 0.0019391914147047814 0.0006787300932114813 3.7747765043409906e-06 1.8502661318988425e-05 4.2279827949621245e-06 2.182336742522494e-07 0.0 0.004201257702272753 0.0 7.524484957448877e-08 0.00015576818232645214 7.532093338456717e-06 4.554460871719651e-05 1.3709637868825857e-06 2.463803881988804e-05 2.1153354391468714e-07 5.668643217104797e-05 1.2081994955218974e-05 0.0 3.063174534100582e-05 4.39528633327475e-06 3.639852735897123e-05 0.0015049815142270458 0.001438959721130913 3.3401746633930826e-07 6.200222582758887e-07 9.390212282163458e-06 5.479401161956206e-05 0.0 8.162778159981422e-06 4.357192790544896e-06 2.801560230670623e-05 2.8889148681595434e-06 5.708721069672695e-07 9.609515086966758e-08 0.0 0.0 0.0 1.7408002940497435e-07 3.291840393196063e-07 0.0 0.0 0.0 1.5836914243997974e-06 6.673383677458734e-08 2.377468433021722e-06 0.0 0.0 0.0 0.0 4.861494416124128e-07 0.0 0.0 0.0 0.0 0.0 0.0 3.092518907177889e-07 0.0 0.0 4.580212581262268e-06 0.0 1.2349907175287338e-07 7.079197377879046e-07 4.4605047645958324e-06 4.002098992036846e-07 1.3270166528060084e-06 0.0 0.0 3.8233314024902516e-07 2.139729049030319e-07 0.0 2.7018021806886035e-06 2.0848132128246976e-07 1.3573590070391458e-07 0.0 0.0 6.457040069859921e-08 0.0 0.0
0.0 0.0 4.099685419977183e-05 3.843060223685822e-07 2.8584431197595924e-07 1.5483625537108386e-07 3.887203034696042e-06 0.0 0.00038656540114187694 6.242126176822559e-08 2.627951887094881e-05 8.007174189882457e-08 0.0007626592698721553 4.166263856976904e-07 1.3289320104101748e-06 4.684848347021862e-05 2.771035363675652e-05 5.010426538239041e-06 3.1902558886606286e-05 8.04779248055339e-08 3.110709171542063e-06 0.0010870403852622022 5.6225179118940435e-06 0.0006824537249347361 0.0009359925555624407 0.00039376226727951447 0.0038247958082297077 2.3754278108262832e-05 5.233686828941258e-07 2.1785291426992377e-07 0.0001321999557855099 0.0 6.493099670660637e-08 9.427655938641302e-06 0.0 2.1045282711679827e-05 0.0001488952460811101 3.0037548026851462e-05 4.509650560773941e-06 5.581122628347587e-06 0.0 4.8143025226547633e-05 0.0 0.0 5.2242327164285984e-05 6.401475789914293e-05 0.0 0.0 0.0 4.162555597320659e-07 0.0 7.841859994403053e-08 9.219257800751498e-08 2.55645833818362e-06 0.0 1.4782655375856805e-05 2.4908701846765456e-07 0.0 1.205207079749406e-06 8.21257018714131e-06 8.953923933922057e-07 4.778108707849499e-06 0.0 2.834710697871796e-07 1.1132316847818996e-05 9.927682437737676e-06 2.513804525898934e-06 3.5968483472040445e-06 7.37342225389864e-05 0.0005417131529955522 9.359933155307153e-07 0.0 2.5794699759739626e-07 2.336643931520212e-06 0.0 0.0 1.633432841663808e-06 1.6228027319357305e-07 1.5863945603262075e-05 2.8249237558076326e-05 8.681286757178182e-06 6.8181234605625035e-06 3.049304494815454e-07 0.0 3.851649700820537e-06 0.0
8.198776369438753e-05 4.099685419977183e-05 0.0 5.074109168178609e-06 1.3874697155197158e-07 6.555878697402077e-05 0.0020848444647973276 0.0003601940631223664 4.7139611027409326e-06 8.91151236607394e-05 1.2577028587127437e-05 5.667585522270638e-07 6.365293270853862e-06 0.0006131878915622462 0.0 4.974181858388841e-06 0.002404561780402066 7.64765757397763e-05 0.0004553818070533125 1.0534134289307625e-06 0.0001422465862596021 8.735052127471127e-05 0.004209083002849198 5.4391103862978136e-05 1.4589137159231988e-06 0.0037881734717696027 0.0037931150290493984 0.0002793731282938323 6.499967872243242e-05 0.000666182272197143 1.680854012958491e-05 4.885116859968736e-07 2.938911874395925e-06 0.00014812384784862755 4.175534842050449e-06 0.0008291485652167604 0.002567934369637771 0.0004459060218115531 0.00016787088967449928 3.888811381594045e-06 1.4735889420550066e-06 1.5088748509211738e-05 4.186412274401251e-06 4.81526000669573e-07 0.00011085009330233661 0.0005963498104024465 2.234229062364771e-07 0.0 0.0 8.50520090023111e-06 9.532063789903396e-07 1.65928731189054e-06 3.9992150878003276e-07 1.3134578477838228e-06 9.60894720034375e-08 1.9967749534189965e-06 2.5675807896170413e-06 0.0 9.533467093737673e-06 2.0352968562279483e-05 3.3648447780731144e-07 2.8195353035971706e-06 9.850739727136438e-08 5.867275670686386e-06 8.56036946078102e-05 0.0001886045429541309 1.5974700143425326e-05 1.2492241158702342e-07 4.9752561931008954e-05 0.0014003304805396512 1.6476619544609052e-05 2.455912091962793e-06 1.220251618948884e-05 4.6920627626837857e-07 0.0 7.999468768248512e-07 1.085954962103925e-05 1.1841023972407312e-07 7.903443515823815e-05 0.0002519579061148988 3.9733864036254824e-05 3.617646358538769e-05 8.627513780803762e-07 4.2541305946264476e-07 1.2400561542283469e-05 5.224390356956104e-06
1.8558023222138017e-06 3.843060223685822e-07 5.074109168178609e-06 0.0 7.416339208447706e-06 3.5701222170018096e-05 4.439176564711782e-05 1.2193493638816054e-05 0.0008138582531611519 0.002025050440784372 2.3666297569333395e-06 0.00047566400072160327 4.47404276977065e-08 1.6699547537653577e-05 5.587864135224438e-05 9.167065460807401e-07 5.292962554707022e-07 3.6293580487323064e-07 7.803127687200756e-07 0.002789190671466809 4.396021066587282e-07 2.2779879340274173e-06 3.164962080099351e-06 0.0014554917591593755 0.0 1.6289206305142484e-06 9.504068970991342e-06 0.00327689727476421 4.844321608627513e-05 7.84224031847241e-07 0.0 2.5935700009430863e-07 5.674261293471434e-06 2.391409727680912e-05 9.898725186972473e-07 0.00011531703113458835 1.6521960116489637e-06 5.315012681260416e-05 2.1230933211072564e-05 0.00031091473796294864 1.821037722869634e-06 7.524762502037872e-08 1.843754979432372e-06 9.579985302506323e-07 2.135879497582588e-07 0.0 0.00013321012028896868 3.7482902242533455e-07 1.2350920345010818e-05 0.00013029817505075866 3.4493182891709273e-06 4.457055818768301e-05 0.00011660402438195625 6.650438498400088e-07 5.946373179488146e-05 0.0 2.5600984074538865e-06 4.020157038797898e-06 9.567629689270234e-07 0.0 5.495224093751762e-08 8.631236797513802e-08 0.00011558072211341583 8.343321479008554e-08 5.108377606579933e-07 8.313240124667511e-07 0.00015473153463028928 0.0 0.0 1.2381241519472434e-06 0.0002131307697689756 3.53224401328012e-06 1.0900728455799107e-05 0.0 6.908602116749755e-07 0.0 2.133922612269313e-06 0.0 2.2740292559665125e-05 0.0 6.096445193626781e-06 1.02353120683352e-06 5.595678072393557e-05 1.6358649880925194e-06 0.0 9.459348267355777e-08
6.051860162904496e-08 2.8584431197595924e-07 1.3874697155197158e-07 7.416339208447706e-06 0.0 0.00018979845242941566 3.0750991049930785e-06 3.860923233385482e-06 4.016480027702964e-05 1.339017442481636e-05 2.4085240368565554e-05 9.900505007636218e-05 7.753979779444215e-07 2.423192552328127e-06 0.0006388428246700102 0.0 3.7717094286741405e-07 4.001428693860017e-06 3.912944747434494e-06 4.956674013781456e-06 0.0 5.874255301222512e-07 2.430232250871839e-07 1.9218050233575896e-05 0.0 3.1568074001585825e-06 4.376007542231908e-07 4.944956913068113e-06 1.1368008772579953e-05 1.3749065437221189e-07 5.625054973376759e-08 0.00010064489693348557 6.223744646644075e-08 0.00018319809608425256 0.0 7.505902339417029e-06 2.9525388138152664e-06 0.00014254532339756106 7.055675655525675e-05 0.0014542942811885309 1.8311252449238354e-05 5.274888403161245e-07 7.197021934533124e-07 0.0 0.0 0.0 0.0 0.0 0.0 6.095621826009839e-07 0.0 0.0 1.5367814258508933e-07 0.0 1.731944862012188e-07 0.0 0.0 0.0 0.0 0.0 0.0 0.0 0.0 0.0 0.0 0.0 3.809920639911803e-07 0.0 0.0 0.0 1.3059570293014275e-07 0.0 6.788462302330472e-08 0.0 0.0 0.0 0.0 0.0 9.544512864480183e-08 0.0 0.0 0.0 0.0 0.0 0.0 0.0
3.336775897947177e-06 1.5483625537108386e-07 6.555878697402077e-05 3.5701222170018096e-05 0.00018979845242941566 0.0 0.0016474663652177551 0.003958759577114825 1.6310296538535885e-05 0.007738465797867605 1.7445658250719194e-05 0.0017326082568312523 1.1038640086124635e-06 0.0013702323277363757 0.0009234876764268755 8.468753236905995e-08 2.164192688132627e-05 8.231142591212351e-06 1.5083096401639338e-05 0.00022022461980949115 2.2321252183913847e-06 7.58063854654057e-08 1.4940394795619168e-05 2.1162967956147196e-05 0.0 2.5374115200280347e-05 3.6527211443550676e-06 0.00015674983157890166 0.00020153332926180505 1.5252430202615653e-05 5.856929440282587e-07 0.000677421785059575 1.9053980965550178e-06 0.00012663776476152 0.0 0.00020827827040101508 5.62365287330215e-06 0.00014566616175483926 7.927494480915345e-05 0.0011039541069325838 7.354585708562672e-05 8.154868703082554e-08 2.663053704714355e-06 5.74500790510665e-07 0.0 4.3481728593491407e-07 6.150932211444802e-06 0.0 9.065871583884251e-07 8.030059352923134e-06 1.512429887567968e-07 8.653552902165406e-07 4.94508970255706e-06 0.0 7.606522058969106e-06 2.55242465549718e-07 7.819200518304607e-07 2.1307520412650198e-07 5.028691075774782e-07 0.0 0.0 0.0 6.182973898410869e-06 1.045850926763344e-06 1.0153330515724786e-07 1.6112922299755205e-07 5.469996214427896e-06 0.0 0.0 1.8174343542721799e-07 7.199036012428057e-06 6.774322365329673e-07 2.5964407478064376e-06 0.0 0.0 5.935561221665536e-07 5.146847006270987e-07 0.0 6.249918469113015e-06 0.0 1.0631362797905566e-06 2.7042315476722234e-07 1.3258591878906681e-05 0.0 1.2319190427800778e-06 0.0
0.0019391914147047814 3.887203034696042e-06 0.0020848444647973276 4.439176564711782e-05 3.0750991049930785e-06 0.0016474663652177551 0.0 0.0012530622608672316 0.0004278357681835685 0.004735623713364807 2.129570341588083e-05 3.7642265698061585e-05 1.2731426206071064e-06 0.0035053179146450272 1.547293826679226e-05 1.1994875600356529e-05 0.00016820567405172697 2.163520863060639e-05 7.460988874265768e-05 3.7357780634715406e-05 0.00017436790198001325 1.9116737396402828e-05 0.0016525959512901237 0.0005332682136682651 0.0 0.0002465876606335137 0.00042018861527643554 0.009751963627438765 0.0015142230796141496 0.0028083122600106934 3.573277948968675e-06 7.86184276889755e-06 0.00015646474367990993 0.0004384400830575171 1.822891143639318e-05 0.0019858966112298415 6.906455497716289e-05 0.0010952329453163107 0.0005002834885571439 0.00019660414139649034 1.897222068876266e-05 2.0155041461876098e-06 2.0141609123605175e-05 6.943604716577783e-06 1.6876833706961613e-06 8.023275475305482e-06 4.9740877751722944e-05 0.0 6.119639762895356e-06 0.0005269938424450766 2.438909334916077e-05 0.00020800589222056328 5.3656557641093935e-05 2.351204604522234e-06 1.2628822146686925e-05 7.549466369979159e-08 3.2883287294899815e-05 1.4722319129820966e-06 6.032058800191637e-06 7.15223863539458e-07 9.881950655961063e-07 1.06154783691877e-06 3.132214427277404e-05 4.76826017808115e-06 5.30167982232872e-06 2.014436326174913e-05 0.0004981665294901498 0.0 1.125189766983956e-06 2.8446711776896275e-05 0.0004361779894542306 4.1431895309021036e-05 9.361304980626031e-05 4.521767641632357e-08 2.3774355315904016e-06 3.023866249490575e-06 1.7026464769535e-05 1.1786495898785962e-06 0.0001784887699761479 3.7667802647680425e-06 5.344518499705603e-05 1.2022584588333934e-05 4.7950106166302915e-05 4.392998022129723e-06 2.350365172112586e-06 1.443367331715685e-06
0.0006787300932114813 0.0 0.0003601940631223664 1.2193493638816054e-05 3.860923233385482e-06 0.003958759577114825 0.0012530622608672316 0.0 8.605444446885068e-06 0.0009761870080274936 3.201160226839757e-05 0.00024333119595765386 9.65776981304454e-07 0.004083955324727068 3.296674024974885e-05 1.3475576038621039e-07 0.00045327227980657614 3.476689984487878e-05 0.00018117692187407755 0.00015152211659769755 4.857148921690039e-05 4.4261353343572494e-07 0.00012740477190667095 1.3043992227131923e-05 1.054116508562864e-07 0.00017440985853150413 1.5091170113745109e-05 6.324788709877115e-05 0.00031300635854870023 0.0008328443282239272 1.6656623271364282e-06 0.00035004812442288605 5.019844589951139e-06 0.00018368012187714003 1.004087088797754e-06 0.00014078084764225146 2.029767098628716e-05 0.00017298740044131638 8.442379933862802e-05 0.0003649235311211986 1.1783977461584967e-05 1.891318227561809e-06 3.2746763719452978e-06 3.555299794257397e-07 5.387601020399843e-07 2.832398519491796e-07 8.22904509397186e-08 0.0 0.0 8.564852051044306e-06 4.6946933574928286e-07 5.7940600919735995e-06 1.5057044302868593e-07 7.189535829113303e-08 3.049894497023149e-07 2.7511413022698316e-07 9.558774657152835e-07 0.0 2.595237628005969e-07 0.0 0.0 5.502991343041988e-08 6.717169415757531e-07 0.0 3.7811300678696554e-07 5.716013333792391e-07 9.989515480942108e-06 0.0 8.490814512433532e-07 2.7942267483800217e-06 7.783093486973262e-06 8.321931629432691e-07 4.527565412123559e-06 0.0 0.0 2.0343305715440057e-07 5.354580092936422e-07 0.0 2.6890429120411986e-06 9.72232668444423e-07 1.259893369783284e-06 6.830945820613882e-08 5.062288928056764e-08 0.0 0.0 0.0
3.7747765043409906e-06 0.00038656540114187694 4.7139611027409326e-06 0.0008138582531611519 4.016480027702964e-05 1.6310296538535885e-05 0.0004278357681835685 8.605444446885068e-06 0.0 0.00015546633334976304 2.603882570067265e-06 0.00016476606935126502 2.1028551412037395e-05 1.6331823712695275e-05 0.00012304832899841413 3.1551905965489386e-05 3.624210436438823e-06 3.5779355550905315e-07 3.823156197469448e-06 0.0002832221236725808 6.103575140552648e-05 0.0017269729795627287 9.370189555645274e-06 0.004786997617539334 3.301657657206534e-05 5.123409627078735e-05 0.0004888954213611726 0.0012836597414810954 4.6098775283378665e-05 0.00014768604467881605 1.2758913874234358e-05 5.565101502920842e-07 9.13279414698015e-06 1.0532678351981476e-05 0.0 9.367607849075829e-05 4.295105066186851e-06 2.962195491486354e-05 1.6574571204831777e-05 7.213521392462111e-05 3.114728029188281e-06 3.64996833394603e-07 8.475937402607245e-07 6.547198513976621e-06 2.9446616184754674e-06 4.418030244515956e-06 0.00015291171787565675 1.7225936089639214e-07 1.1589762184126414e-05 0.00017422908997344534 1.1454555193827009e-05 7.585066069797833e-05 0.00010089437399008319 1.3572257456444136e-06 4.8632756197117726e-05 2.790192585789393e-07 2.753610840833307e-05 6.868211616601076e-06 0.00010044226428453188 1.5389215825745394e-06 4.02445960780193e-07 1.3385001961484316e-06 0.00011499244616107803 9.08506089359179e-05 1.4381697214041673e-05 1.0429455360165483e-05 0.000772065710626349 8.18899041077826e-07 2.850730543554039e-06 7.520540808887202e-06 0.00041270622333523273 4.366261832335857e-05 0.00015104127542430414 3.239521958426449e-07 7.953357894156628e-07 7.389121710345706e-06 1.3237963421321022e-05 0.0 7.00777888518302e-05 2.279713661490716e-06 2.2029318419680145e-05 5.1975418731814204e-06 2.069810452084267e-05 6.647277249534655e-07 7.678894130085845e-08 7.79109412966714e-08
1.8502661318988425e-05 6.242126176822559e-08 8.91151236607394e-05 0.002025050440784372 1.339017442481636e-05 0.007738465797867605 0.004735623713364807 0.0009761870080274936 0.00015546633334976304 0.0 4.419928889456759e-05 0.003878038754839097 2.3918942569459883e-06 0.0008686278257958891 7.2950485977817e-05 8.125831300319477e-08 8.140399635791709e-06 1.6480964861078673e-05 2.3984559725176746e-05 0.003561468058340582 2.658466084619982e-06 3.6490452382395277e-07 2.6055830297752007e-05 0.00025970750110575387 1.1869501886870676e-07 2.8643678401056085e-05 7.964727064333337e-06 0.0021563794672764995 0.0008509666719922597 1.2400424193704732e-05 1.2632240448232506e-06 2.334308144253661e-05 1.5610468061350246e-05 0.0003619003394890225 6.905242723443308e-06 0.0010749400718842053 2.2584563802479546e-05 0.0007951155862546131 0.00016219879640018886 0.00023532571305011154 1.6763878498155747e-05 1.2647772027395807e-06 1.4829576756133378e-05 2.2806057633850473e-06 0.0 7.4624320261445e-07 0.0001405010684073997 1.8109009386504869e-07 1.1192304683414009e-05 0.00022195436964173498 6.198596235454615e-06 4.0874830849395274e-05 0.00012333847066043607 8.197098911938495e-07 4.881939044410798e-05 2.0099973096122573e-07 9.320018216214028e-06 4.308796096810563e-06 1.2127911176172817e-06 0.0 0.0 1.4116428094285653e-07 0.00013194192310501889 9.961847544768821e-07 7.74515082212106e-07 2.3466732851875707e-06 0.00018744254695940817 0.0 4.91890771371851e-07 2.037444837789388e-06 0.00022241620517355208 7.654088146531657e-06 2.4525047630265644e-05 0.0 1.4943790993577665e-06 1.2053082115587207e-06 6.559960506080298e-06 3.877436120633345e-07 3.445060362454186e-05 3.177171206581113e-07 1.0162307559482899e-05 1.8854037683671825e-06 4.9208083734570656e-05 7.549994584522591e-07 0.0 2.4808719008061887e-07
4.2279827949621245e-06 2.627951887094881e-05 1.2577028587127437e-05 2.3666297569333395e-06 2.4085240368565554e-05 1.7445658250719194e-05 2.129570341588083e-05 3.201160226839757e-05 2.603882570067265e-06 4.419928889456759e-05 0.0 2.8473780832634377e-05 0.0004817295381978701 8.345319635682113e-05 0.0 2.5431632645082026e-06 0.00029847892139523325 0.0008049032627321523 0.0006173070495437805 1.8783329152433963e-05 1.5346626548576454e-05 3.505799104932721e-06 2.3743262991400365e-05 5.882970773202701e-06 0.00025401050635495416 0.0008008283268737938 0.000195547244650994 9.137781471274687e-06 0.00027120881807572196 1.2785834359634115e-05 9.052446003064222e-05 7.026144015435706e-05 3.905205196614348e-06 0.005433255303460864 7.424261982687804e-06 0.0006139109540848195 0.003132829270677625 0.0032940302812549858 0.0005555225623212831 2.8477517134692035e-05 9.775017692830555e-06 0.0006767881216727126 8.535406517763349e-06 0.0 5.311304932702131e-06 2.219817219649195e-07 2.2887454583175312e-07 0.0 0.0 2.5251998668507194e-06 1.7720813288779044e-07 8.542274038681846e-07 1.5944711082658124e-07 0.00011838638219116333 4.913609411509851e-08 0.0005177499806644414 2.635110787440284e-07 0.0 7.75751123439903e-08 1.6025219809314162e-07 1.5993715767008822e-05 2.8203295930194907e-06 1.5924001617245453e-07 0.0 1.149398485780396e-06 4.1298878393479273e-07 2.2456842433696567e-06 0.0001569455482686074 0.00014954633964808534 0.00020920763665961933 9.81927996799009e-07 1.3036679663065054e-07 5.510331757548588e-07 0.00011522959911414872 0.0 0.0 3.200472154611469e-07 4.06951399681813e-06 1.8474275714095705e-05 0.0003809626376700637 1.999342376840032e-06 1.6232353255696113e-07 1.5652908620210386e-06 0.0 0.0001530001161031958 1.0267394143237935e-06
2.182336742522494e-07 8.007174189882457e-08 5.667585522270638e-07 0.00047566400072160327 9.900505007636218e-05 0.0017326082568312523 3.7642265698061585e-05 0.00024333119595765386 0.00016476606935126502 0.003878038754839097 2.8473780832634377e-05 0.0 1.0267310040028904e-06 0.00033544536938242626 0.0006936830536863974 1.121288137933374e-07 9.87157172808523e-07 9.36947215887155e-06 1.0705441504297306e-05 0.0027564191162449104 1.0969375194668093e-07 8.344754192971182e-07 2.3273919426541268e-07 0.00010314791752836644 0.0 8.161472756601589e-06 1.3344659215801594e-06 0.0001567701302223338 0.00032574288415269064 6.072595863079473e-07 5.587503670390242e-07 2.5056164662223366e-05 7.463700292938552e-08 0.00011403514265206831 1.3272423637434453e-06 0.0005964169868108625 8.064849435179707e-06 0.00023526583707618364 1.6750253202408253e-05 0.0008774383241803249 7.561257587895205e-06 1.0113616844449103e-06 1.6462113744651778e-06 2.553622336383513e-07 0.0 1.1395853649427526e-07 4.152672377278127e-05 8.441059565870609e-08 8.615768965623535e-06 4.525321010612096e-05 1.626148679926495e-06 4.2442219968505106e-06 6.457822205308746e-05 3.1818782668295903e-07 9.895399510934474e-05 6.692520256893729e-08 2.168358113317043e-06 7.1901941456822245e-06 5.553175483917457e-07 0.0 1.5348150184386792e-07 0.0 6.480517755005197e-05 4.4364409968603153e-07 0.0 0.0 3.3752462346511585e-05 0.0 0.0 3.7449230165070325e-07 4.6149886171231666e-05 1.5320107223086229e-06 9.309854097452148e-06 0.0 2.5493731047308263e-07 0.0 1.2191456969431448e-06 0.0 3.113637598489746e-05 0.0 2.5684957829411622e-06 9.042916286845631e-07 0.00011504685655819314 1.1389694079168645e-07 5.437110975874562e-07 2.389726417749071e-07
0.0 0.0007626592698721553 6.365293270853862e-06 4.47404276977065e-08 7.753979779444215e-07 1.1038640086124635e-06 1.2731426206071064e-06 9.65776981304454e-07 2.1028551412037395e-05 2.3918942569459883e-06 0.0004817295381978701 1.0267310040028904e-06 0.0 3.028417472851455e-06 6.233170364825583e-08 1.085771956640458e-06 6.577623155781276e-07 2.157017158707174e-05 9.788310562945906e-06 6.297310239477512e-07 8.101020893648352e-07 5.9976851459963574e-05 5.51295050272338e-06 3.180763775734647e-05 0.001935102037405617 6.392777906022687e-05 0.001480047708892122 1.402290620567132e-06 5.080158632419853e-06 3.844649106469781e-07 0.00018031796467849918 1.9211085280109535e-06 0.0 0.0007828136530894479 5.392761670090445e-07 8.06670927346815e-05 0.0017251751589206332 0.0017937144665579705 0.00014069047798830224 3.4548228062093686e-06 4.902264140561727e-06 0.0009632269198171572 2.575140536334578e-06 0.0 4.5629137065346255e-05 1.2547615703328103e-07 0.0 0.0 0.0 1.1392774824106461e-06 7.42860090043491e-08 6.657750398599494e-07 9.857617953917532e-08 0.0003039644381390305 5.799664113146316e-08 0.001361657150958634 1.1048914514863436e-07 0.0 1.3430103117163681e-07 3.3200153281484486e-07 3.5833709935203256e-05 8.707705830683434e-06 0.0 7.002647540841688e-08 2.719361507017806e-06 4.012414532567791e-07 1.1812333180444349e-06 0.0005746504296956168 0.0003843028867026092 0.0005306143378512109 1.0944945272034391e-07 1.2816898741716398e-07 2.439915637610535e-07 0.00033128940757667344 6.746434693026097e-08 0.0 5.628272131080145e-07 4.6562267172508584e-07 9.971529919709523e-06 0.0006528997353787773 4.827945953981542e-06 5.061750155621186e-07 2.1351860360302632e-07 0.0 0.00022143998046210794 8.87089071127465e-07
0.004201257702272753 4.166263856976904e-07 0.0006131878915622462 1.6699547537653577e-05 2.423192552328127e-06 0.0013702323277363757 0.0035053179146450272 0.004083955324727068 1.6331823712695275e-05 0.0008686278257958891 8.345319635682113e-05 0.00033544536938242626 3.028417472851455e-06 0.0 7.842891296506447e-06 1.5218161736219914e-07 0.0005525647685646025 5.062948226429673e-05 0.00021999488125215694 0.00018852804368699741 7.044375320806156e-05 3.084424923119356e-07 0.00021963997678784884 3.417468372718405e-05 1.3501236915498152e-07 0.0002536006220332221 2.676060168809874e-05 0.00011939828735110488 0.0017115443901258155 0.001433505192916342 3.067125348931359e-06 0.00011265100169597103 9.180311320308295e-06 0.0003518021512083035 4.1970092547435184e-06 0.0003433573432987793 3.264039179231319e-05 0.00040310882857247686 0.00011502453950173157 0.00029498232558488826 3.36744680938478e-05 1.996719512487625e-06 9.419465909757852e-06 2.951212198670301e-07 5.615794862132285e-07 9.76187698833576e-07 4.899142099868492e-07 0.0 8.486035386572754e-08 1.6577065862780237e-05 7.434075127520653e-07 8.458412573390788e-06 1.068406119681639e-06 1.5286701652415759e-07 8.731577444781889e-07 5.63401566439965e-07 1.5912243604700046e-06 0.0 4.848614667530211e-07 1.7696060630578598e-07 0.0 0.0 7.300000175213002e-07 9.511356524051582e-07 5.735481327061535e-08 5.525048539383916e-07 2.1340085879045163e-05 0.0 1.2293105115660998e-06 3.604999227903321e-06 1.7548588209038513e-05 2.526729545454629e-06 4.685076353501001e-06 0.0 1.1536220025669843e-07 1.9191814807405958e-07 1.5771041755257638e-06 0.0 7.69349896227161e-06 1.7165014172530985e-06 1.2364809120155383e-06 6.440334365107535e-07 4.5338874619438487e-07 0.0 0.0 0.0
0.0 1.3289320104101748e-06 0.0 5.587864135224438e-05 0.0006388428246700102 0.0009234876764268755 1.547293826679226e-05 3.296674024974885e-05 0.00012304832899841413 7.2950485977817e-05 0.0 0.0006936830536863974 6.233170364825583e-08 7.842891296506447e-06 0.0 0.0 0.0 0.0 2.1921156701867094e-07 3.9302610586809836e-05 0.0 5.686175850763121e-06 9.242211618085533e-08 0.00019016692384112035 1.1330810235164772e-07 2.470984914715538e-07 2.8540283331594915e-06 4.289522662298304e-05 4.031825641193795e-06 4.466917392332492e-08 4.838145277714849e-08 0.00023667817255532264 5.185282372756676e-08 2.929497694710787e-05 0.0 1.1079361036299881e-05 1.1052661366814837e-07 1.5237054044422984e-06 3.216893396156142e-07 0.000328641022771354 5.6820045639489585e-05 0.0 0.0 0.0 0.0 0.0 3.757228039843254e-07 0.0 0.0 8.244357716849174e-07 1.4351507561322102e-07 6.385998253161573e-07 1.6974971793964745e-07 0.0 6.176363706117428e-07 0.0 0.0 0.0 0.0 0.0 0.0 0.0 9.354336592645364e-07 0.0 0.0 0.0 8.493266822836561e-07 0.0 0.0 0.0 9.702592904238711e-07 0.0 6.336866062267207e-08 0.0 0.0 0.0 0.0 0.0 0.0 0.0 0.0 0.0 4.5680937527527664e-07 1.9875766258395844e-07 0.0 0.0
7.524484957448877e-08 4.684848347021862e-05 4.974181858388841e-06 9.167065460807401e-07 0.0 8.468753236905995e-08 1.1994875600356529e-05 1.3475576038621039e-07 3.1551905965489386e-05 8.125831300319477e-08 2.5431632645082026e-06 1.121288137933374e-07 1.085771956640458e-06 1.5218161736219914e-07 0.0 0.0 4.638482567821075e-06 3.6160224311513676e-07 1.4471345915926998e-06 0.0 0.0016245299883177846 0.0025067634386324767 0.0018473851613846142 0.001692168126011202 2.9177750023138088e-06 5.616295718137769e-06 0.003087499447523087 0.0010609852110694603 6.762590707522611e-07 6.115624304570473e-06 2.1211967089606108e-07 0.0 2.302788414680244e-07 2.100885020932787e-05 2.0685036049926635e-06 0.0008190109042686499 0.00017150802580635888 9.540822825986132e-05 0.00020337245208203517 7.74936317313686e-06 0.0 4.3249911659099366e-05 7.410335791013342e-06 1.1355079389895345e-07 2.557997782837765e-06 1.3282286936254206e-05 3.2127734586902296e-07 0.0 0.0 5.417580922995444e-06 2.6337654160399523e-07 2.5058432993357353e-06 2.82654280856824e-07 9.893182933468015e-07 0.0 1.627115022998781e-06 1.055554805410888e-06 0.0 0.0009435378982557006 9.855058384928384e-07 0.0 1.8693619870643242e-07 0.0 0.00020409396345829017 0.0006385911049371567 0.0006281776359653532 9.713539584764307e-05 0.0 1.297577178315434e-06 0.00013758693503404477 6.585667125025125e-05 2.249598001998602e-06 3.31323005280985e-05 0.0 0.0 1.2236244027819468e-06 4.938492507668721e-06 2.2139983013800877e-07 0.00011799947162078559 9.121230059718095e-06 8.395678674039788e-06 9.834923044893176e-06 3.1799368064367735e-06 0.0 5.253516777147101e-05 9.337491027815658e-06
0.00015576818232645214 2.771035363675652e-05 0.002404561780402066 5.292962554707022e-07 3.7717094286741405e-07 2.164192688132627e-05 0.00016820567405172697 0.00045327227980657614 3.624210436438823e-06 8.140399635791709e-06 0.00029847892139523325 9.87157172808523e-07 6.577623155781276e-07 0.0005525647685646025 0.0 4.638482567821075e-06 0.0 0.00017667521943448325 0.0016926534869262412 1.1401427736576486e-06 0.0001993115603318094 1.6019073952317462e-05 0.001387646758217632 2.6453635836979492e-05 7.21592736011734e-08 0.0003833599198913176 0.0021501847211203872 4.290762517964559e-05 0.0004840135746603256 0.0008179192951413847 1.4776038564884761e-06 3.4377545578378136e-06 3.0698891551451145e-05 0.0015655685254343083 5.273704919440488e-06 0.0011414721391375176 0.0016432502327329112 0.0012823423538658783 0.0002078445921636722 9.340197335508831e-06 1.4126002502781558e-06 6.207391615481386e-06 5.548685504329425e-06 2.670419018249937e-07 6.191856583407451e-05 0.00010155035429343513 0.0 0.0 6.063271484665757e-08 2.9463462221490166e-06 1.7984409462534092e-07 1.4191521062182904e-06 1.746016372674114e-07 1.109918243901181e-06 0.0 1.4999443002808384e-07 8.966445194087194e-07 0.0 2.745729278765313e-06 1.4174713037858338e-05 5.99661827179483e-07 1.3642514389842258e-06 0.0 2.1641679538707538e-06 1.1045550578464009e-05 1.4864182427207133e-05 5.206076161334462e-06 1.7304116481140897e-07 4.6007291635835146e-05 0.00032534466995904986 4.7564405298411374e-06 1.1411969871868417e-06 3.4129201039676455e-06 0.0 0.0 3.3448723655098853e-07 1.615916146823347e-06 9.923048090972159e-07 1.9011985137900687e-05 0.00012458518049427578 9.553805361258976e-06 3.461737393731149e-06 2.632775493675206e-07 1.6222463630132426e-07 9.68267344110428e-07 3.469516600634068e-07
7.532093338456717e-06 5.010426538239041e-06 7.64765757397763e-05 3.6293580487323064e-07 4.001428693860017e-06 8.231142591212351e-06 2.163520863060639e-05 3.476689984487878e-05 3.5779355550905315e-07 1.6480964861078673e-05 0.0008049032627321523 9.36947215887155e-06 2.157017158707174e-05 5.062948226429673e-05 0.0 3.6160224311513676e-07 0.00017667521943448325 0.0 0.0010678547488492966 5.186332467108252e-06 4.688231627559287e-06 7.09330476137906e-07 2.0310249547012398e-05 1.8377540574997913e-06 1.3375213399743517e-05 0.0019474579290301255 0.00014439991356577804 4.257199913845379e-06 8.691741001617276e-05 9.839821035023028e-06 0.00012286730258383567 1.4678343265480308e-05 1.605486361101137e-06 0.0005904910019613011 4.46367106845205e-06 0.0004464935269457826 0.0013307747436255995 0.0009483545672330989 0.0003179766819174258 7.92863011098995e-06 8.972328059589413e-07 2.0893534659757495e-05 4.348564089241178e-06 0.0 4.654232011488331e-06 4.008739466284581e-07 0.0 0.0 7.165798968111763e-08 4.5398765862317964e-07 0.0 1.5600468609713025e-07 0.0 1.4588315679238195e-05 6.238905619797837e-08 3.29995850203815e-05 0.0 0.0 0.0 2.158446232196616e-07 1.0948021225928729e-05 3.89971382495147e-06 0.0 6.57868058466853e-08 1.4444256644224957e-07 2.7088271901649466e-07 6.949902991144737e-07 1.6114882352436123e-05 0.00012502298869508278 0.00013983468628474217 4.801410171776857e-07 6.313003226416198e-08 3.6855366728258286e-07 3.0717015493056474e-05 0.0 0.0 3.905621053589656e-07 2.080711007818549e-06 1.064079605858124e-05 6.252945392396176e-05 3.8640591513081665e-07 4.977514333069514e-07 7.978533187979045e-07 0.0 6.413269928447246e-07 1.248435793256658e-07
4.554460871719651e-05 3.1902558886606286e-05 0.0004553818070533125 7.803127687200756e-07 3.912944747434494e-06 1.5083096401639338e-05 7.460988874265768e-05 0.00018117692187407755 3.823156197469448e-06 2.3984559725176746e-05 0.0006173070495437805 1.0705441504297306e-05 9.788310562945906e-06 0.00021999488125215694 2.1921156701867094e-07 1.4471345915926998e-06 0.0016926534869262412 0.0010678547488492966 0.0 7.026243973879279e-06 2.2583853692251087e-05 7.357596876191405e-06 0.0001499694611050601 1.3582847702130958e-05 1.3288562823290764e-05 0.0016246493428929746 0.0007388541139375092 1.0822092635222573e-05 0.00024843139742457737 6.881293879563565e-05 2.142994178356306e-05 1.5221049695646827e-05 9.071267166671114e-06 0.0017783060980680009 3.515166950668303e-06 0.0013301086304812416 0.001424766365063084 0.0020888695848652705 0.0005766962888815051 1.0368972459408855e-05 1.3746638321788049e-06 1.1609306942069706e-05 6.4771379253788105e-06 5.3919031214972946e-08 1.5830078388757507e-05 5.637516321503169e-06 0.0 0.0 0.0 1.0696043324617811e-06 5.196616509927627e-08 2.5968141932490915e-07 0.0 1.0175093450815162e-06 0.0 4.350534587836599e-06 1.1731031532092931e-07 0.0 4.814973663863283e-07 4.862167181808325e-06 2.221362131211887e-06 7.303092901758725e-06 0.0 2.912044738345116e-07 1.73119733125463e-07 1.053278959777156e-06 1.7817851155438122e-06 6.628711036227644e-07 6.638906047621902e-05 0.00012313343669089939 1.6915316943890096e-06 1.0786177769525893e-07 1.5549659913528294e-06 3.6213573460504055e-06 0.0 0.0 9.119140668859186e-07 1.1164174623502441e-06 1.4430363018048888e-05 3.497976337926456e-05 1.961791989670677e-06 2.2871074253462703e-07 1.1764310887961838e-06 0.0 0.0 0.0
1.3709637868825857e-06 8.04779248055339e-08 1.0534134289307625e-06 0.002789190671466809 4.956674013781456e-06 0.00022022461980949115 3.7357780634715406e-05 0.00015152211659769755 0.0002832221236725808 0.003561468058340582 1.8783329152433963e-05 0.0027564191162449104 6.297310239477512e-07 0.00018852804368699741 3.9302610586809836e-05 0.0 1.1401427736576486e-06 5.186332467108252e-06 7.026243973879279e-06 0.0 2.7262886640301223e-07 2.303284635611112e-07 4.7056633273687705e-07 0.00047191148881619687 0.0 5.532722687261578e-06 1.155490925441716e-06 0.001731690785037951 0.0002615689835499471 1.2271948339552663e-06 3.9396124672981913e-07 8.281225644269727e-06 1.362992250377738e-06 0.00012062521993741717 3.2112189690397766e-06 0.0004923170143616204 8.771793415774828e-06 0.0002808567650578675 4.6088622606332474e-05 0.00022316493658740201 8.50758084108252e-06 1.4086959977513435e-07 2.991242486734321e-06 6.264059477899834e-07 3.3625185225035864e-07 6.95879885511017e-07 0.00014427456440339065 1.1455544132388169e-07 1.560256729471639e-05 0.0001658793537391249 4.94152614601124e-06 2.9935254461478063e-05 0.00012252271754328327 5.336921538417852e-07 6.477171267522143e-05 0.0 7.001361213653341e-06 5.832602157157191e-06 0.0 2.6741504332832756e-07 1.6362934785455892e-07 0.0 0.00013293737506979515 1.6060066292310481e-06 3.69328056677888e-07 9.2117737749165e-07 0.00014893792879162532 0.0 5.468206847670007e-07 8.474481773219613e-07 0.00019654948524443946 4.1585953479734565e-06 1.628672704012087e-05 0.0 5.792496104219418e-07 7.790323003620317e-07 2.282480933012632e-06 0.0 4.606956723068537e-05 0.0 1.2730507757436784e-05 1.9479327806233217e-06 6.177405349356244e-05 2.550011377301478e-07 0.0 0.0
2.463803881988804e-05 3.110709171542063e-06 0.0001422465862596021 4.396021066587282e-07 0.0 2.2321252183913847e-06 0.00017436790198001325 4.857148921690039e-05 6.103575140552648e-05 2.658466084619982e-06 1.5346626548576454e-05 1.0969375194668093e-07 8.101020893648352e-07 7.044375320806156e-05 0.0 0.0016245299883177846 0.0001993115603318094 4.688231627559287e-06 2.2583853692251087e-05 2.7262886640301223e-07 0.0 0.000278592217556495 0.008865236487612721 0.00029227325115608384 6.889752999923643e-07 8.651321159726596e-06 0.0011834424545964495 0.0017880840328944343 0.000149492351862597 0.0044946163334717215 4.928951148574599e-08 2.2941198653320776e-07 1.6774396182329272e-05 0.002288228494735876 1.599528001871031e-05 0.005439591622016438 0.0004357117166443038 0.002300821506444018 0.0018482422100052347 6.621984477166504e-05 1.981217731375227e-06 1.2154417176323406e-05 3.318459635938083e-05 1.4595364156029352e-06 6.605558818503699e-07 1.0701397631645265e-05 4.299417793162873e-07 0.0 1.499446559653374e-07 6.525305652825627e-06 1.7035637282268276e-06 8.463400841496895e-06 7.128008272919238e-07 2.369830841845616e-06 7.201741072370343e-07 8.175094904977449e-07 4.799094922010051e-06 0.0 0.00031671913651887664 1.9638469594016697e-06 7.580502573687171e-08 1.2030728098504718e-07 0.0 0.00030666413098484195 0.00012587335560168854 5.229593781306866e-05 0.00013963495983157454 0.0 1.6856596547254414e-06 1.0455761532211196e-05 0.00015175969200642616 1.5060073618074215e-05 0.00012849259356209473 1.651842974131925e-07 0.0 1.0187785652852226e-05 1.073808975416478e-05 1.130269376853935e-06 7.154430813332337e-05 3.8239403809093994e-06 1.1451846206668779e-05 3.2872548046960872e-06 2.2572614720080705e-06 0.0 2.7785447496475713e-05 6.590659777056e-06
2.1153354391468714e-07 0.0010870403852622022 8.735052127471127e-05 2.2779879340274173e-06 5.874255301222512e-07 7.58063854654057e-08 1.9116737396402828e-05 4.4261353343572494e-07 0.0017269729795627287 3.6490452382395277e-07 3.505799104932721e-06 8.344754192971182e-07 5.9976851459963574e-05 3.084424923119356e-07 5.686175850763121e-06 0.0025067634386324767 1.6019073952317462e-05 7.09330476137906e-07 7.357596876191405e-06 2.303284635611112e-07 0.000278592217556495 0.0 0.0005401124713632 0.003369178891263437 0.00011606184061544136 9.83375569275179e-05 0.0038422447998669256 0.0002703322951790871 2.3658743837415024e-06 1.0680190521585966e-05 2.7293439268553736e-05 0.0 8.197729825978255e-07 7.779552098001749e-06 3.694815860261795e-07 3.7806001368689094e-05 1.3682347029366261e-05 1.7753936599801873e-05 9.590479239420923e-06 2.328978261949879e-05 3.092038363117178e-07 2.2520697405228615e-07 4.0836391127779074e-07 1.5415415954962273e-07 4.586361889569921e-06 8.546941516432863e-05 7.306721233372384e-08 0.0 0.0 8.208076256342127e-06 6.511607175688591e-08 1.8306295118955598e-06 2.1778732736416756e-07 1.2461538088485155e-07 0.0 6.52223257435722e-07 9.747757207310877e-07 0.0 0.000759283829053552 1.7613147943866526e-06 0.0 6.162312591383511e-07 9.47273519469287e-08 0.00019943964696766785 6.440222358669312e-05 0.0004393649604123185 8.344150546687493e-05 3.599844181094118e-07 5.345662121384708e-06 0.0006186799502159696 5.492203250854669e-05 2.7571426881097946e-06 2.4626482191136918e-05 3.519705860487548e-07 0.0 9.103536184251254e-07 4.83431088324107e-06 7.356214872104686e-07 4.8852953747287594e-05 8.741097760077346e-06 2.015195520603851e-05 2.1982653256250584e-05 7.592965365525351e-07 6.094636022822713e-08 1.476409238990546e-06 5.476347942323037e-07
5.668643217104797e-05 5.6225179118940435e-06 0.004209083002849198 3.164962080099351e-06 2.430232250871839e-07 1.4940394795619168e-05 0.0016525959512901237 0.00012740477190667095 9.370189555645274e-06 2.6055830297752007e-05 2.3743262991400365e-05 2.3273919426541268e-07 5.51295050272338e-06 0.00021963997678784884 9.242211618085533e-08 0.0018473851613846142 0.001387646758217632 2.0310249547012398e-05 0.0001499694611050601 4.7056633273687705e-07 0.008865236487612721 0.0005401124713632 0.0 0.00014619296060491005 3.88628617774399e-06 0.00022653148062222323 0.007194995404740175 0.0017865228140594442 0.00010117887607403126 0.0022863696205789458 1.1194558157514152e-06 2.520843120663012e-07 1.4934592058119615e-05 0.0016936939067693053 5.4016674396782524e-05 0.007901930158661377 0.0037174558007244778 0.003884330570303591 0.0043449937034388 0.00016445195263179674 1.2308282685501272e-05 6.491857169522543e-05 5.023531164336789e-05 7.842970332727088e-07 3.263373936445196e-06 0.00018269734528975976 4.0460791715160003e-07 0.0 0.0 2.5462065617223556e-05 1.213496244840587e-06 5.585962754029919e-06 5.860122922712682e-07 5.310016014031169e-06 4.5941690268966085e-07 2.5263141883795174e-06 2.6556049398396018e-06 0.0 0.0007790499135376097 9.979962888090775e-07 5.7909066615472345e-08 3.2865875619092596e-07 5.613584543416283e-07 6.268149830872209e-05 0.0004899693380046934 0.000940319325102903 7.16910354116292e-05 2.04511009944116e-06 2.032277389456115e-06 0.0005972368392855901 4.401399122073421e-05 5.333850207600531e-06 2.1247864962695315e-05 0.0 1.6149471402828148e-07 9.91318973916475e-07 5.759978048359075e-06 2.4809517168711325e-06 0.00014302851994071146 2.0175694342585746e-05 2.559756341346436e-05 3.517092881761503e-05 3.2852284252571224e-06 7.086530153910652e-07 0.00010966294293761419 2.023993379335758e-05
1.2081994955218974e-05 0.0006824537249347361 5.4391103862978136e-05 0.0014554917591593755 1.9218050233575896e-05 2.1162967956147196e-05 0.0005332682136682651 1.3043992227131923e-05 0.004786997617539334 0.00025970750110575387 5.882970773202701e-06 0.00010314791752836644 3.180763775734647e-05 3.417468372718405e-05 0.00019016692384112035 0.001692168126011202 2.6453635836979492e-05 1.8377540574997913e-06 1.3582847702130958e-05 0.00047191148881619687 0.00029227325115608384 0.003369178891263437 0.00014619296060491005 0.0 5.299630983773655e-05 0.00010174820532502543 0.0033732428394314578 0.0036690431802458745 0.000193737566632191 6.888895592702618e-05 2.0970432595297953e-05 1.2885328799845095e-06 6.950428096708866e-05 0.00010191158836605448 3.665736849805576e-06 0.0007408045128617737 6.635969568281853e-05 0.00021307694534287297 0.00012304565210484846 0.0005789256769943522 3.754813561887081e-06 4.7534006847377806e-06 6.5280991151186275e-06 1.0828718924302335e-05 1.1311344453454098e-05 1.8974879046029006e-05 0.00012619408538887616 0.0 1.1092950495202107e-05 0.000454006632759046 3.173693352924949e-05 0.0004288663058675783 0.00010354392849387556 2.006059007883274e-06 4.2247205714559994e-05 1.0112799327664064e-06 4.6458804756492966e-05 4.67737096386067e-06 0.00012876023770768343 2.1107550456097367e-06 2.0984797243435796e-07 1.2827802644782395e-06 8.832015130276565e-05 0.00011739023243369944 9.658502667532175e-05 5.486835082594571e-05 0.0009544329156476979 3.4249681346117454e-07 1.0059835637717857e-05 6.553282393346983e-05 0.0007628215146084434 7.077439078918558e-05 0.00024265540613321784 3.0073007207524396e-07 2.7012599689396746e-06 1.4299652110119104e-05 2.8251547132976106e-05 4.07626018596018e-07 0.0001793372069080677 1.3193964649553766e-05 5.735672823229856e-05 1.65201718975026e-05 4.420294246914156e-05 3.845563395934425e-06 5.587298935265041e-06 1.0789079910121575e-06
