0.0 3.0210347222979573e-07 0.00019895141425802513 6.57932713421109e-06 1.999759879872404e-07 1.451436926536172e-05 0.0031145621712735804 0.0006730023497941376 5.482679648384794e-06 7.208420285630289e-05 6.259947050018656e-06 2.204570159524066e-06 1.6269559491242156e-07 0.0025837987443852856 0.0 2.013693285428942e-06 0.00029673747545612075 2.5255318868057368e-06 4.175889879834843e-05 4.67862482417758e-06 0.00010306438975622983 5.832388380559833e-06 0.00016719115728801938 0.00013104442456081305 3.7865832627065386e-07 7.088600199966214e-05 2.273904743448658e-05 0.00011701288266161879 0.001438893681936106 0.000985550749677502 0.0 1.0223053805056405e-06 3.953339498699922e-05 0.0001167199078004972 6.94395459998005e-08 1.190446739059429e-05 8.964687949967656e-06 3.85097644553746e-05 8.127356689523273e-06 8.043962264426517e-07 1.2454939655925946e-06 4.201608945807617e-07 6.310403986291987e-08 1.9011526935612283e-07 2.7377929192407814e-07 1.0804619855297993e-06 0.0 0.0 2.5852412969136556e-07 5.668634668949325e-06 1.2671365197424292e-06 3.3759620413393796e-06 9.096481870675014e-07 8.883830703612474e-08 0.0 0.0 1.2508775666551125e-06 0.0 2.380749135587517e-06 0.0 0.0 4.784951716291155e-08 0.0 1.4017529590060468e-06 2.1916023794781376e-06 1.946856765441832e-06 7.950407893185311e-06 0.0 1.3214447514774297e-06 3.1333726019763647e-06 1.7810417282533946e-05 1.036857843880893e-06 2.5659685853135914e-06 0.0 0.0 1.6308121345513305e-07 5.653512101524125e-07 0.0 2.611397815554818e-06 1.266103162798961e-07 1.4803091568525063e-06 9.549382057974677e-07 1.2272621574219083e-06 0.0 0.0 0.0
3.0210347222979573e-07 0.0 0.00010774685520551184 5.725285184294025e-08 1.9907944676713266e-07 4.4455114687994406e-07 1.1407115695571085e-06 1.4301598604073133e-06 0.0003075194529069196 4.891069722265086e-07 4.3062998945697803e-05 2.5509164451975723e-07 0.00017217401518897595 1.4111763971506581e-06 2.2202232045689637e-06 1.997408077556324e-05 4.210619503114233e-05 6.700757014210153e-06 4.7910519486770685e-05 1.6425445587894226e-07 2.0042956425899806e-06 0.0011311475078179451 9.930901422348318e-06 0.00036855879140869173 0.0006435273960278407 0.000589836767381271 0.006344409037268783 7.955463546796592e-06 1.1809710437136597e-06 6.182770821082901e-07 6.2804557963151196e-06 3.167449733159212e-07 4.0750037556283195e-07 3.2132251414693335e-05 3.161205926173151e-07 4.8012700504820065e-05 1.5303948124144068e-05 3.4242797928636286e-05 1.4186810015394251e-05 9.544562569032619e-06 0.0 2.1757637026866182e-05 0.0 7.436458735494962e-08 3.594170570992123e-05 8.342817394104022e-05 0.0 0.0 1.1208978034503138e-07 3.1156094827271843e-06 2.957212457691311e-07 9.43425165874332e-08 1.5836160476302432e-07 7.226222576749553e-06 5.32982177352355e-08 1.3169315175292293e-05 4.475742720870676e-07 0.0 1.0141248274365859e-06 2.186022395632293e-05 5.715697752745865e-06 3.79605285100693e-05 0.0 1.0168869888640138e-06 1.055905451283884e-05 3.2761102997883916e-06 4.526176073145669e-07 1.483380276037392e-05 0.00041648103422357765 0.000588160376380584 8.293778300360091e-07 4.802278674236062e-07 1.1109453413930359e-06 7.471833306352779e-07 1.786871101812833e-07 7.844033911786774e-08 1.4620619831706788e-05 2.1404179649147984e-07 2.875957094356582e-05 3.216046530020499e-05 4.1821575851741635e-05 1.0853565275702841e-05 1.1775735754173479e-06 1.7613240332413752e-07 3.4543832535099084e-06 0.0
0.00019895141425802513 0.00010774685520551184 0.0 1.985666792838589e-07 5.6891387958518706e-08 2.534346512445556e-05 0.0006963750752175491 0.00038135180556296235 6.778515606545846e-07 5.853450317725958e-06 2.3666237629749997e-05 1.0789259263639247e-06 1.1690850233979443e-06 0.00037182191814427506 6.614124954798315e-08 5.6884267548974465e-06 0.00395793582115275 9.991916354840686e-06 0.00018251776989037982 1.6046798689581047e-06 0.0002230432180020836 3.14438884108811e-05 0.0048791819548099765 2.7865017514089847e-05 1.6182385624642794e-06 0.0035392462240193914 0.0031191794155542574 0.0001797899771472555 0.00011580333046351991 0.00025748543584748056 2.1318449798199914e-07 6.099190242774399e-07 6.813423500550431e-06 0.0004010665004803309 6.993629840348503e-06 0.0008088905507222904 0.0021339323967727772 0.0005486998397830317 0.00020521157152244372 2.4404595630443837e-05 4.335103477445644e-07 4.7870559953452405e-06 3.884987116973633e-06 8.187683858706567e-08 0.00011744463345811479 0.0007531850044983991 0.0 0.0 0.0 1.0578147712528311e-05 1.7057078833340234e-06 9.292029670265011e-07 0.0 6.482222220061077e-07 0.0 1.794687962471966e-07 8.322234603203015e-07 0.0 2.0220533012137637e-05 1.6975323687987813e-05 2.8232258794296273e-07 2.964869440093873e-06 0.0 2.1687458938660594e-06 0.00011554462754016232 5.903455567300699e-05 3.3635590965778126e-06 1.273054332311741e-06 0.00012033914536696518 0.0013365251117217827 6.690381088032521e-06 1.2996934374120205e-07 1.4009020410651613e-06 0.0 0.0 2.90383818967858e-07 4.3937465110446274e-06 1.4587751215636125e-06 1.2272823789540669e-05 1.0021953469380336e-05 1.1997153305940068e-05 3.277714036272819e-06 9.514754362925738e-07 0.0 1.546519166005157e-06 0.0
6.57932713421109e-06 5.725285184294025e-08 1.985666792838589e-07 0.0 9.629210743881679e-08 4.8328430328196656e-05 0.00022545500490689537 7.992859040999719e-06 0.00045421128541064303 0.0010570362819796902 3.1195498650945497e-07 0.0019318946384224499 5.932273387650404e-08 1.0792570055576209e-05 1.8283245013727966e-05 4.942647050963448e-07 2.3803990701436776e-07 6.003034237734003e-08 1.0397975297480453e-07 0.0015310459599229551 6.11367236247167e-07 3.2869664904294763e-07 8.886491749999877e-07 0.0005308437718837122 2.584249627663537e-07 1.6242223895671129e-07 3.663694151097309e-07 0.0010876964366245705 3.186285740344154e-05 4.899505748971545e-07 0.0 4.296410666554605e-07 4.056537194679845e-06 1.3758709376404981e-05 8.239308709604329e-07 4.6450156341549235e-05 1.573263247939092e-06 2.1344476004673372e-05 1.1455750991809212e-05 5.871947866985641e-05 1.631082327279896e-06 3.464517510117583e-06 2.997167706140468e-07 1.8197951801273955e-07 2.181916159805106e-07 0.0 3.769964340765483e-05 0.0 1.4019592058434145e-05 0.00010031610901718554 5.076017065583964e-06 0.0001913634146718031 0.00024148619937237425 1.1508400851288919e-07 0.0002012407981231401 1.1646996443360225e-07 3.1970891862633805e-06 2.5566771295009407e-06 1.8082828535291997e-07 0.0 0.0 5.1653467526538893e-08 9.494075164437361e-05 2.549222519843404e-07 2.1069345611360958e-06 0.0 0.00017475528285766057 0.0 1.8876690811945284e-07 3.2191970791672476e-07 0.00011667523881229838 2.2376532059909665e-06 4.773699630308751e-07 0.0 4.152461988969738e-07 1.640421457795904e-07 7.899679455601114e-07 7.317508259836868e-07 3.864332758919386e-06 7.140986754976521e-08 2.3889206909233718e-06 7.202167159176889e-07 1.640381714773923e-05 0.0 0.0 0.0
1.999759879872404e-07 1.9907944676713266e-07 5.6891387958518706e-08 9.629210743881679e-08 0.0 0.0001586769172125997 1.3370285302109786e-06 0.0001989009085155675 3.2044312937551266e-05 2.343667902835755e-06 1.5893176981455309e-06 3.305234277726206e-05 1.36131619162544e-06 2.594731376825788e-06 0.0007123571255056976 0.0 1.753162513649495e-07 1.9721498263816232e-07 0.0 6.346785575184822e-06 1.9627169157737653e-07 5.890361267516e-07 1.826990267413563e-07 6.527947421118331e-06 0.0 4.5606018726393717e-07 5.7337732591236416e-08 1.1986310653714385e-06 1.3776512058131143e-05 1.9840691417538168e-07 6.56158537535423e-08 9.881353753995904e-05 0.0 1.5203601487589148e-05 0.0 9.304468212400787e-06 2.161182381627959e-06 3.6139488946883985e-05 1.649579608427791e-05 0.0012158297771934757 2.5555203816094697e-05 3.9592830185161503e-07 5.8777837254067e-07 0.0 0.0 0.0 0.0 0.0 0.0 0.0 0.0 3.5944212476422973e-07 7.226069398827927e-07 0.0 0.0 0.0 0.0 0.0 0.0 0.0 0.0 0.0 1.3045277339959236e-06 0.0 0.0 0.0 2.016903636294965e-07 0.0 0.0 0.0 5.378721624763486e-07 0.0 0.0 0.0 0.0 0.0 0.0 0.0 0.0 0.0 0.0 0.0 0.0 0.0 0.0 0.0
1.451436926536172e-05 4.4455114687994406e-07 2.534346512445556e-05 4.8328430328196656e-05 0.0001586769172125997 0.0 0.0017142442138234264 0.0032756841417275317 7.48660856865568e-05 0.004413653973557957 4.384255643031425e-05 0.0032442554056198868 1.1907245245170383e-05 0.0008589277164053908 0.0014168885571954246 4.820050402579337e-07 1.2159919183036943e-05 6.318028126230447e-06 6.402211781419282e-06 0.0002478267564745994 2.4895704817224317e-05 1.2183080993860716e-06 1.3918110317742257e-05 0.0001239702037558495 2.806264478378448e-06 1.8926536647662585e-05 1.453365115179635e-05 0.0005332778614117571 0.00026775642639704117 8.041622420880061e-06 7.083737164750374e-07 0.0005348828869874978 5.4285056250475145e-06 0.0004326515115180523 2.633059275275285e-06 0.00022832431627551038 3.084799682314564e-05 0.00047285095344560494 0.00012866488915990845 0.001454962703954244 0.0001290819552622634 1.618969471109323e-05 4.575043613225595e-06 6.095355211121347e-08 5.6253591831571136e-08 3.129213843787922e-07 2.807847026652437e-06 0.0 1.6251720808744235e-06 4.297371918645415e-05 1.0311505703972902e-06 1.6797467320950338e-05 1.9071636014304476e-05 2.7382003999630115e-07 9.905768726693848e-06 6.052614059822988e-07 3.358142259492605e-06 1.3842494506789181e-06 1.4359062880508601e-06 5.545868711660998e-08 3.0738540727027245e-07 2.9751485459395697e-07 4.546384268588046e-06 5.973015507299861e-07 6.610758553032985e-07 1.9753365686518962e-07 2.8988638664251927e-05 7.050623342001954e-07 1.2150939334614942e-06 1.718814737145706e-06 4.103043842224223e-05 8.488195898077264e-07 7.565998003331549e-07 9.755347254978432e-08 0.0 0.0 6.381419616365981e-07 1.6983304160790611e-06 4.757327125730059e-06 2.158774767292783e-07 1.6504665684640931e-06 2.0520058154156092e-07 5.88590235695154e-06 0.0 3.425422270812676e-07 5.2528348265903135e-08
0.0031145621712735804 1.1407115695571085e-06 0.0006963750752175491 0.00022545500490689537 1.3370285302109786e-06 0.0017142442138234264 0.0 0.002836288228603177 0.00012817675854258356 0.005419787920229896 8.891192718773401e-06 0.00013993881992654312 5.652068922184832e-06 0.0036049974386799196 6.051675088067698e-06 1.2443616326000299e-05 0.0001469393377284356 1.7783468983049107e-06 1.5945802688736456e-05 0.00010405489043251309 0.0012314296342809958 1.2565492132476073e-05 0.0006305919150252376 0.0012641162436141473 1.3914892373655243e-05 0.00017600733537379988 0.00014866908886100266 0.010034414870751717 0.001203052623890563 0.0038064916093098785 9.421388688268653e-08 6.036094728374375e-06 0.00012146814212895048 0.00028638446116731076 1.0159437568370167e-05 0.000761998827465641 4.7873881410827084e-05 0.00048059902670499505 0.00022084313455557843 6.703127947409155e-05 2.9672514696772432e-05 2.16261832440873e-06 6.372521733898987e-06 6.247106778035501e-07 1.105263255659015e-06 6.810071611257997e-06 1.0167048981607806e-05 0.0 9.735062650136348e-06 0.00021073856641381068 1.0467857813348088e-05 3.9384851576861965e-05 6.712836637309725e-05 2.839700979812521e-07 5.7872090501825185e-06 3.5422424138382116e-07 1.662453632487333e-05 1.0165927251083586e-07 1.2400108074901162e-05 5.61535989254744e-07 3.448542361966467e-07 4.3588380119437144e-07 1.0663172567220668e-05 3.715506601534633e-06 1.000377329117681e-05 1.0760289903063593e-05 0.00012819535759011093 0.0 3.1032419779163955e-06 2.1683900790232084e-05 0.00019932114853018273 6.122552372459323e-06 7.576504522087377e-06 0.0 2.781071278010679e-07 9.599604413652104e-07 3.446547034687767e-06 3.318332101336105e-06 2.9047272670600815e-05 6.86415744795485e-07 1.0568805891055465e-05 2.1112192875893392e-06 6.280706694833947e-06 2.162178980199382e-06 5.438004141871859e-08 6.894567424819502e-08
0.0006730023497941376 1.4301598604073133e-06 0.00038135180556296235 7.992859040999719e-06 0.0001989009085155675 0.0032756841417275317 0.002836288228603177 0.0 4.892289914752505e-05 0.0010856486038043254 5.315137231886431e-05 0.0005194523769400215 1.6920958144283556e-05 0.005132351122684917 0.00029455879409208944 4.763180803008103e-06 0.00030222293082402625 9.53867288360359e-06 6.305206500561206e-05 0.00011425923857994033 0.00024047257726191848 1.4775390440657722e-05 0.00020756177466731878 0.0006284970944901249 4.611764764467473e-06 0.00021059977048566 8.692290095665738e-05 0.0004694946726862532 0.0003455665149268708 0.00020503141565161498 3.333020371940838e-07 0.00014877119753314478 1.0383190506632212e-05 0.00043246904714569907 1.690113803204454e-06 0.00032766101873781716 6.197858795938156e-05 0.0004372553543613958 0.00013272986135804248 0.0006296389891878055 0.00012426425852697586 1.33763015043259e-05 8.135146980058284e-06 2.137645703790126e-06 1.0945250637213399e-06 3.811341438170455e-06 1.9417698731176928e-06 0.0 4.267396100855724e-06 0.00018671173230768486 1.02146975182392e-05 3.7652451207124796e-05 2.3997315145902647e-05 1.9702675537265814e-06 1.4753113858704413e-06 6.106632386463686e-07 1.3826777459279045e-05 0.0 1.1185935449793616e-05 6.645927932282388e-07 2.3956243268432447e-07 7.767052327089293e-07 3.2985283709732845e-06 4.5290806388283955e-06 1.162404181407546e-05 5.911423180084714e-06 0.00010037638037484173 1.9203951503449013e-07 4.933733219534706e-06 1.3143759150803234e-05 0.00019641388527391198 5.001147704904544e-06 1.4068577277451127e-05 1.43281467873008e-07 7.375431081221259e-08 4.179114170054077e-07 1.7696650327672115e-06 1.0708957520310427e-06 1.3393816322542925e-05 2.8420982927516775e-07 9.650345056471993e-06 2.262439634041962e-06 2.0973343782897105e-06 4.4372389164911437e-07 2.6305287181569466e-06 6.590545875942193e-08
5.482679648384794e-06 0.0003075194529069196 6.778515606545846e-07 0.00045421128541064303 3.2044312937551266e-05 7.48660856865568e-05 0.00012817675854258356 4.892289914752505e-05 0.0 0.00015918329087911246 9.001831571594453e-07 0.0004557313588662377 1.503306270786759e-06 2.556311474709514e-05 0.0003788053083600834 2.777921405784701e-05 1.1880149685901178e-05 2.949504563566012e-07 2.205487770887036e-06 0.0006327129326081465 2.2696103502126155e-05 0.001421501487572199 4.908943672531907e-06 0.003654237918187896 3.119592315307663e-05 8.250088358019686e-06 0.0003059996032779325 0.0006753677289516943 1.87040169818076e-05 2.0948080120783777e-05 2.554277730701272e-07 2.1157640775570095e-06 1.5956892640879644e-06 1.6454887204016086e-05 8.112412335265327e-07 3.0973970853579675e-05 3.0621699282643177e-06 2.0325466072239273e-05 6.374688426425522e-06 0.00025594642854898786 2.1514100660944935e-06 9.396161877997535e-07 1.0690577940729205e-06 1.5370650081530732e-06 3.2373794662183456e-06 6.629071139103692e-06 9.91645364555726e-06 0.0 6.6148657206101205e-06 0.00014236174422698576 1.3209688466592263e-05 4.097211400383649e-05 7.000712079629271e-05 5.760012203691412e-07 1.627548676889549e-05 4.173845798026412e-07 1.5782799913967498e-05 7.636661496859638e-08 3.56948438772472e-05 3.056597463355281e-07 1.7923261190004818e-07 6.155113638951302e-08 1.6140223142213137e-05 2.12792877621638e-05 6.416237159157909e-06 5.176228293387472e-06 0.0002830405897111516 1.8362117878652654e-07 2.358089862183489e-06 1.1572481177180681e-05 0.00023498951894621953 8.043553411168714e-06 2.4340536133640305e-05 0.0 3.843630662208509e-07 1.2255689699900906e-06 4.86342589652804e-06 1.108295260531762e-06 2.9757999823152018e-05 9.813709090966853e-07 1.760467328021465e-05 3.3254247994363277e-06 5.498578318263451e-06 1.2594895927617703e-06 8.114605932440774e-08 9.962094403700145e-08
7.208420285630289e-05 4.891069722265086e-07 5.853450317725958e-06 0.0010570362819796902 2.343667902835755e-06 0.004413653973557957 0.005419787920229896 0.0010856486038043254 0.00015918329087911246 0.0 1.6826986812477644e-05 0.0029366159138657947 5.4695331829013085e-06 0.0007882788725373487 3.5569826882907616e-05 1.0223091586680775e-06 2.942092148308506e-06 2.6206304491171275e-06 3.654563090086876e-06 0.0018299275687387528 9.389225644033134e-06 1.1469587414690902e-06 6.808356325511508e-06 0.0004208820460450591 7.421280804215507e-07 8.564502431408042e-06 7.3114983299607365e-06 0.0024049275146570573 0.0006653731196623819 4.745342843674082e-06 3.073866863356809e-07 1.6892350070490954e-05 3.654222442500028e-05 0.000344789829782868 4.7524155342396276e-06 0.0007547854825046646 2.5572379081801646e-05 0.0005515667673820424 0.00019615863281151452 0.00013188181526336255 5.666561548912485e-05 5.383612756126864e-06 1.047807751644453e-05 2.1397798588604634e-07 1.1684628515469093e-07 1.0826689489387702e-07 4.482128937031519e-05 0.0 2.0852570004418777e-05 0.0002031348143450472 1.1500309793442593e-05 0.00010467681028306555 0.000209421984127873 3.625785112132695e-07 6.864316610426738e-05 6.543929648404534e-07 1.1614830122749475e-05 2.5221541997479154e-06 1.1344900478260478e-06 0.0 1.5026735909214452e-07 1.2154786394402312e-07 6.0405861581929474e-05 5.876977520640805e-07 1.037050126767638e-06 4.419346218077125e-07 0.00019517604650986928 0.0 5.138297766123997e-07 1.7235232720830673e-06 0.00020203486221663687 3.3735876974632685e-06 3.004305924210784e-07 1.054546974115678e-07 5.0460975168332796e-08 3.361683489821342e-07 1.3911930195914828e-06 3.1434805590314494e-06 1.4626485374776231e-05 1.0908098558996454e-07 2.6311927744806257e-06 1.7857603515731901e-06 7.760298546885925e-06 4.810709830655003e-07 5.4766501192910205e-08 0.0
6.259947050018656e-06 4.3062998945697803e-05 2.3666237629749997e-05 3.1195498650945497e-07 1.5893176981455309e-06 4.384255643031425e-05 8.891192718773401e-06 5.315137231886431e-05 9.001831571594453e-07 1.6826986812477644e-05 0.0 1.8323829960836142e-05 0.0019084656756267401 5.56705224465602e-05 1.2408868507031574e-06 6.595238422561949e-07 0.0003496345461156979 0.002097410594093028 0.0010370751307253589 5.003590203288994e-06 8.780689127119293e-06 7.506128257455203e-06 2.7261068439055555e-05 8.799569623150826e-06 0.00047754196365445186 0.0017145516712027233 0.0007217442610387858 5.312683394095187e-06 0.00014775473624676556 9.594026247063035e-06 0.00016279893565907677 5.941665366689347e-05 1.760459266957702e-06 0.002242056018788197 1.4177457902364343e-05 0.0004152602082691766 0.00196450531337619 0.001991713778095591 0.0005838213726096326 2.338629455605909e-05 6.240308324013005e-06 0.0007929029255094913 1.946810241897341e-06 2.876843415844076e-07 1.1560611745359418e-05 2.797131139647692e-06 0.0 0.0 5.819595842313823e-07 1.4515043578806079e-06 8.34367961062e-07 3.5656836979939876e-07 7.892087415284924e-07 0.0002940326813076949 2.769435915159157e-07 0.0009399763598330318 2.174911028490537e-06 1.840012727505701e-07 2.2514030607419126e-07 1.979699490276936e-06 4.231097994102356e-05 1.8923504561618376e-05 0.0 0.0 2.086523068086014e-07 3.5713456778036846e-07 1.0616391359923255e-06 0.00021822408490831908 0.0001306750081167315 0.00012696139483208975 2.1908738877747682e-06 9.044809694357134e-07 1.51924850760102e-07 2.953276504825845e-05 6.122662765643035e-07 6.661643218617857e-08 2.6384069040990356e-05 3.892347853069157e-06 1.5025547915722844e-05 0.00026881043829382124 9.948931503210061e-05 5.766767297396563e-06 1.2099274955676573e-06 4.112413663914706e-07 0.00012425634806824575 2.116813501529801e-07
2.204570159524066e-06 2.5509164451975723e-07 1.0789259263639247e-06 0.0019318946384224499 3.305234277726206e-05 0.0032442554056198868 0.00013993881992654312 0.0005194523769400215 0.0004557313588662377 0.0029366159138657947 1.8323829960836142e-05 0.0 4.9882359184066106e-06 0.00033358792312542857 0.0007207798291126593 6.341059740494351e-08 1.8841328834962258e-06 2.550012027886238e-06 1.7263714900150704e-06 0.0027987953552887092 9.592080557361152e-07 1.4609182842061148e-06 1.0366943006099783e-06 0.00031697055611959294 9.176771364492812e-07 6.6027782647107695e-06 3.7827879214370056e-06 0.0003113902262619576 0.0001737672505759168 9.214600117505633e-07 1.0718557791707491e-07 1.5217585937694448e-05 1.0923572347943843e-06 0.00022023797403833995 6.303081631997682e-07 0.00017790157831005068 1.0486414464776656e-05 0.0002569804676278776 5.89456958358564e-05 0.0010050095671884937 2.281416018655477e-05 5.560147494394705e-06 2.4635781842568514e-06 0.0 2.2982956647974387e-07 0.0 5.150676510968036e-05 0.0 5.19103371162517e-06 2.641048904218617e-05 6.172869575756267e-07 9.917217635261302e-05 7.678833267271954e-05 3.222491262931828e-07 0.00024114432986482506 3.1205536362712246e-07 8.368054120575692e-07 1.8099857372607086e-06 6.352668242972296e-08 0.0 5.6962105517157714e-08 1.3719811472295186e-07 3.818969357747196e-05 0.0 0.0 0.0 5.096393205266157e-05 0.0 8.783891026314654e-07 5.893224357043118e-07 3.0904792955167614e-05 5.155217538515613e-07 6.442358769152386e-08 4.9639962760592707e-08 0.0 0.0 4.276282161806656e-07 8.53801741433362e-08 2.308865236558424e-06 1.901113436092154e-07 1.7226527991998797e-06 0.0 2.1427214697210568e-05 1.195087188361203e-07 5.850028497992063e-08 0.0
1.6269559491242156e-07 0.00017217401518897595 1.1690850233979443e-06 5.932273387650404e-08 1.36131619162544e-06 1.1907245245170383e-05 5.652068922184832e-06 1.6920958144283556e-05 1.503306270786759e-06 5.4695331829013085e-06 0.0019084656756267401 4.9882359184066106e-06 0.0 1.1904560649221015e-05 3.119323667296552e-07 3.908385355658933e-06 5.433322629650992e-06 8.580914120647469e-05 1.1410621166182692e-05 1.969814439886164e-06 4.828620495018528e-06 1.4199050868132193e-05 7.301402278052916e-06 1.1245088614033339e-05 0.0020205702158700395 0.0003344041095603489 0.0018649248183216444 1.8716853239493169e-06 2.3846833277702534e-05 4.807645032512977e-06 0.0003011835660365423 1.9938782338614123e-05 2.3544585413746583e-07 0.00032046227034337565 2.863459633548608e-05 0.0008396296463078915 0.0015760599525153453 0.0019723623197858064 0.0003138331974824531 7.038168430780633e-05 7.170315480785439e-05 0.0005313528786621092 3.616586314769921e-06 4.135430839497942e-07 1.31951058369513e-05 7.377684204133027e-08 0.0 7.69987044960294e-08 7.099328726104986e-07 9.929458508661066e-07 1.081701449105389e-06 5.940011634981742e-07 6.214290239604893e-07 0.0004004388386395079 2.8393631097654026e-07 0.0014857378157637042 1.2703365642929497e-06 1.294824576545195e-07 3.584726777997381e-06 1.154584106358652e-07 3.570623622259061e-05 6.764411081715587e-06 0.0 1.261247682924101e-07 1.3411596507476346e-06 2.2834629188353415e-06 1.1549076951485372e-06 0.0005329314222118207 0.00012209931553562372 0.00012937224838565478 1.3979324447453807e-06 1.3302395781686222e-06 1.8745772564013942e-07 4.69967526106984e-05 6.53445034707821e-07 0.0 2.8841546457129662e-05 1.560425973888475e-05 0.0001259908805613071 0.00033223259869111157 0.00010639224760864447 1.4647100696738112e-05 6.871062944993589e-06 3.741847615521996e-06 0.00021316315968799307 3.334623975599242e-07
0.0025837987443852856 1.4111763971506581e-06 0.00037182191814427506 1.0792570055576209e-05 2.594731376825788e-06 0.0008589277164053908 0.0036049974386799196 0.005132351122684917 2.556311474709514e-05 0.0007882788725373487 5.56705224465602e-05 0.00033358792312542857 1.1904560649221015e-05 0.0 9.323406471518114e-05 3.932461041498842e-06 0.0004851063528542322 1.1830875289873281e-05 8.181941353120317e-05 0.00013772387342760492 0.00018646145316152278 1.0598215378038162e-05 0.00024748731030651075 0.00037329608318745113 4.043884020449049e-06 0.00017616703064284609 6.455499918889229e-05 0.00033862538063167993 0.0027093888160804264 0.00048520199271210495 4.5821086687545486e-07 1.1273003827933161e-05 4.739602858584608e-05 0.0005710894079595165 3.0511999303187775e-06 0.0005607573663438657 5.2508613071308536e-05 0.00047781800090513884 0.00011939802695127965 0.0005537813115952318 8.497818877312872e-05 1.4451324008393277e-05 1.4599546476422149e-05 4.2798619215210797e-07 9.372714444488836e-07 2.743660016866648e-06 1.0897194624779258e-06 0.0 1.0521875264320928e-06 7.703111078898872e-05 4.8234372497132765e-06 1.660694956414656e-05 9.68279242218935e-06 2.773221825781043e-06 5.984895909566744e-07 6.265573137285199e-07 7.228276140860196e-06 0.0 7.959176447381069e-06 3.0015763986291997e-07 1.7834387789841426e-07 7.030571089230273e-07 1.1284905620109258e-06 3.201196014396241e-06 7.2179632972046105e-06 3.876771099356389e-06 4.2523076490566565e-05 1.5104052953412714e-07 3.7990755649453308e-06 6.855912181555353e-06 8.92932987560997e-05 3.8007865707421837e-06 9.583939458540466e-06 0.0 1.755905715391984e-07 3.548698299707955e-07 1.295287445719093e-06 2.447788589140639e-06 1.4807246868317424e-05 2.160938085054432e-06 6.469402108116551e-06 2.1470215926781794e-06 1.9080028759405303e-06 1.0598615007266578e-06 6.484184798345838e-07 2.5591686308489815e-07
0.0 2.2202232045689637e-06 6.614124954798315e-08 1.8283245013727966e-05 0.0007123571255056976 0.0014168885571954246 6.051675088067698e-06 0.00029455879409208944 0.0003788053083600834 3.5569826882907616e-05 1.2408868507031574e-06 0.0007207798291126593 3.119323667296552e-07 9.323406471518114e-05 0.0 0.0 3.032821162452144e-07 1.9227072578499276e-07 3.640210510198585e-07 0.0001385965702956103 1.2458903873185254e-07 1.1286770984503497e-05 0.0 0.0002120682261744115 8.067323803773561e-08 3.495369536906869e-07 2.6317055419639e-06 3.15026378528831e-05 4.409300774359981e-05 0.0 0.0 0.0007215760057450216 0.0 1.9241679229972503e-05 0.0 6.7583247980299e-05 6.29273753487079e-07 1.7740148843115695e-05 4.91900867758668e-06 0.0006309068199006205 4.926952187366969e-05 6.445672335677386e-07 0.0 0.0 0.0 7.935269155421656e-08 4.19632372947242e-06 0.0 1.5737458835930323e-06 6.17758280387978e-06 0.0 2.1750282804165275e-05 1.7867902353621267e-05 0.0 1.852176468341859e-05 0.0 1.0715238616972624e-07 3.2382526349778562e-06 0.0 0.0 0.0 0.0 5.202807331608379e-06 3.9889036152445086e-07 0.0 0.0 1.0655819298899336e-05 8.82575301692401e-08 0.0 7.991499330517288e-08 5.786795429946327e-06 0.0 0.0 6.492494197576862e-08 0.0 0.0 0.0 0.0 0.0 0.0 0.0 6.447194620292708e-08 5.8976833856751535e-06 0.0 0.0 0.0
2.013693285428942e-06 1.997408077556324e-05 5.6884267548974465e-06 4.942647050963448e-07 0.0 4.820050402579337e-07 1.2443616326000299e-05 4.763180803008103e-06 2.777921405784701e-05 1.0223091586680775e-06 6.595238422561949e-07 6.341059740494351e-08 3.908385355658933e-06 3.932461041498842e-06 0.0 0.0 1.680338660444487e-05 2.2341892508908284e-07 2.023686603787055e-06 4.6487491080145466e-07 0.0006246080839031869 0.0020274456733590904 0.0025806681280167603 0.0013781634377271037 1.2851096344745205e-05 2.772905990095326e-06 0.0027637804118627192 0.00048632262046549167 8.40824688163223e-06 0.00013678460551947694 0.0 8.495091979226806e-08 4.6738909047113445e-06 5.482844691605874e-05 2.8182049499844455e-05 0.0009579740281688334 0.0001404435184896411 0.00029574405427503197 0.0003188087207402485 2.4028890508777806e-05 6.327392380542766e-06 6.183194959172336e-06 8.606078747677912e-06 2.1827998660957882e-06 1.410726148908704e-06 1.5872860385219565e-05 7.676936610050547e-07 1.3233373058505616e-07 0.0 1.3320269795906313e-05 1.749969287501497e-06 2.2134650927613976e-05 2.277152418427196e-07 3.290224506159893e-06 1.4054959077886571e-07 3.316050765193117e-07 4.607648367941461e-06 0.0 0.0005100582892043293 1.7959056573382007e-06 2.1006517229771483e-07 5.616703452369346e-07 3.8593634127062813e-07 0.0001298655465797337 0.0005873370937498116 0.0003093841575444622 5.5329464446978874e-05 0.0 1.804921164627947e-06 5.500055037157494e-05 0.0001165211302033275 8.6501591345732e-06 4.9005545083222715e-05 0.0 9.14718313795825e-07 3.1970107106810913e-06 4.954861333577271e-06 6.4620168828379385e-06 4.6145128084564296e-05 2.538366880184341e-06 1.555992724819746e-05 9.174856829872582e-06 9.342690942156818e-06 1.1300909876837383e-06 1.9858031766313997e-05 2.679687289892631e-07
0.00029673747545612075 4.210619503114233e-05 0.00395793582115275 2.3803990701436776e-07 1.753162513649495e-07 1.2159919183036943e-05 0.0001469393377284356 0.00030222293082402625 1.1880149685901178e-05 2.942092148308506e-06 0.0003496345461156979 1.8841328834962258e-06 5.433322629650992e-06 0.0004851063528542322 3.032821162452144e-07 1.680338660444487e-05 0.0 7.859289565967727e-05 0.0019067180864044732 6.668423495153107e-07 0.0008477959067852252 2.9071708954496255e-05 0.0013374313638352272 5.695236408613438e-05 9.308136311259597e-06 0.0019858056820302853 0.0049581670657823694 4.650926049052666e-05 0.0008219544945091445 0.0015320361562013492 4.543541550637299e-07 1.1934388075745396e-06 4.829398249926103e-05 0.001729789502283632 4.972371857086216e-06 0.0005687436328259372 0.0005875889682103044 0.0005319067101418425 0.0002072319439054146 1.1624826702724376e-05 1.4219957039728979e-06 4.449353520553792e-06 2.371187113165644e-06 0.0 5.48641594602728e-05 0.00010332364154131255 0.0 0.0 0.0 2.1588040185347767e-06 1.9851352427717406e-07 5.729536207373756e-07 1.3512415443852808e-07 8.228175379925617e-07 0.0 3.694717882578712e-07 3.8403931016856625e-07 0.0 2.5153536155895663e-06 2.1379764519026607e-05 1.3037997883550936e-06 1.1102544517529326e-05 0.0 5.603985803403e-07 6.0803062735883315e-06 5.857781188923552e-06 1.0506599189368788e-06 2.4716823820405054e-06 0.00015243975621596445 0.0002482550806499468 2.727447336430223e-06 5.78823246977166e-07 9.037509822097126e-07 5.961703698801847e-08 0.0 0.0 7.366207302727163e-06 2.626852679253644e-06 1.5236650584708422e-05 1.4607512805713223e-05 1.5547700415984186e-05 4.019247326682039e-06 6.716572731777592e-07 5.722863027969051e-07 0.0 9.112075744186324e-08
2.5255318868057368e-06 6.700757014210153e-06 9.991916354840686e-06 6.003034237734003e-08 1.9721498263816232e-07 6.318028126230447e-06 1.7783468983049107e-06 9.53867288360359e-06 2.949504563566012e-07 2.6206304491171275e-06 0.002097410594093028 2.550012027886238e-06 8.580914120647469e-05 1.1830875289873281e-05 1.9227072578499276e-07 2.2341892508908284e-07 7.859289565967727e-05 0.0 0.00034998284762994956 5.747912244927691e-07 1.2702849786011317e-06 1.2556956141888467e-06 5.285960328189809e-06 1.9482452991712907e-06 3.738006615552969e-05 0.00211204932110274 0.0006913088453095772 8.886263830383065e-07 2.6061752291492915e-05 2.4325236863328934e-06 6.856229803505109e-05 6.2657507650340535e-06 7.647006922246762e-07 0.0007262861055303586 2.257475369654115e-06 0.00030995955124319866 0.0004300497196952525 0.0004340720790520265 0.0001959949342817374 6.871059781766439e-06 2.979419345338308e-07 1.0555342581392378e-05 4.978220860856037e-07 1.6826423246419727e-07 1.1446797573306085e-05 4.942553974357572e-07 0.0 0.0 2.326320479844314e-07 5.637384660958206e-07 2.6920984551091877e-07 5.356340735026119e-08 2.122452999305204e-07 3.399805855742307e-05 9.170684980941629e-08 9.868007216117337e-05 6.912069368751243e-07 1.215825905698619e-07 2.539439588067048e-07 4.870286040859082e-07 6.813776051808696e-05 3.68261400446341e-05 0.0 2.2333290794036604e-07 2.832798257361826e-07 5.105818015454393e-07 5.1514206820455204e-08 4.8207230783280244e-05 0.00018981725097283342 0.00013251357379818476 2.9180452119233926e-07 6.348542420718121e-07 4.1229701842890433e-07 2.0068399796703022e-05 0.0 0.0 7.740831919130976e-06 1.9689414974228414e-06 1.1764716143248543e-05 2.9296437165373778e-05 3.042905425804434e-05 5.048150903842557e-06 6.63684337021904e-07 0.0 1.123650342370285e-06 1.3841597193210347e-07
4.175889879834843e-05 4.7910519486770685e-05 0.00018251776989037982 1.0397975297480453e-07 0.0 6.402211781419282e-06 1.5945802688736456e-05 6.305206500561206e-05 2.205487770887036e-06 3.654563090086876e-06 0.0010370751307253589 1.7263714900150704e-06 1.1410621166182692e-05 8.181941353120317e-05 3.640210510198585e-07 2.023686603787055e-06 0.0019067180864044732 0.00034998284762994956 0.0 4.567808028760804e-07 4.12023549374295e-05 7.043910683751467e-06 0.00010735992045530034 6.480939376490212e-06 2.3356620887955244e-05 0.0019378724587192791 0.0018289538636277706 4.161478327652e-06 0.00016939011470929228 7.635833715244194e-05 8.082356423383654e-06 3.988537458173935e-06 1.865266931914229e-05 0.00164082794489585 1.7718714230564894e-06 0.0002952448861595443 0.00039935868502680914 0.0005501367100239692 0.0002340262566811337 7.41754578563843e-06 3.237532039043641e-07 9.670281991658135e-06 5.458743105183392e-07 1.8497617148539105e-07 8.237620500688644e-05 1.4710055720561465e-05 0.0 0.0 1.8528828804245895e-07 2.707327735945309e-06 5.494228266004213e-07 1.2264709767550786e-07 5.792684552094631e-08 1.1880159662611364e-05 1.3786280074037036e-07 2.0018527132588773e-05 8.157584793125811e-07 0.0 2.548548108009399e-07 1.9997478507541864e-05 3.222854365987766e-05 6.119217779082904e-05 0.0 4.841046851596551e-07 1.4315644906829893e-06 2.5585659795038714e-06 4.6642184202330063e-07 3.016001154210696e-05 0.000332979107550879 0.0002844171361429122 2.3712544412009503e-07 9.476558764114817e-07 1.2948032358308039e-06 5.762748478802767e-06 0.0 0.0 1.5335196356202065e-05 3.048840030042817e-07 3.203174930281854e-05 5.119714854498697e-05 5.429582827369287e-05 1.2811482729747153e-05 1.1395811758244812e-06 7.004981762305518e-08 6.211048005573824e-07 7.676439447165255e-08
4.67862482417758e-06 1.6425445587894226e-07 1.6046798689581047e-06 0.0015310459599229551 6.346785575184822e-06 0.0002478267564745994 0.00010405489043251309 0.00011425923857994033 0.0006327129326081465 0.0018299275687387528 5.003590203288994e-06 0.0027987953552887092 1.969814439886164e-06 0.00013772387342760492 0.0001385965702956103 4.6487491080145466e-07 6.668423495153107e-07 5.747912244927691e-07 4.567808028760804e-07 0.0 1.7887822173928351e-06 4.812654452829223e-07 2.1435721008561213e-06 0.0004122403965006715 6.616396033820624e-07 1.7491465089995974e-06 1.7745748458647766e-06 0.0007523447941256737 0.00013332576270603088 1.3804298071666266e-06 4.7699271252762406e-08 4.843274471911868e-06 7.217346969698598e-06 8.960555587261711e-05 2.103041228697831e-06 0.0003153024489368289 7.765312566918157e-06 0.00016625408964296543 5.6079851595407625e-05 0.000371159262266852 2.1324306368133575e-05 1.7436200658478524e-06 5.23995549883686e-06 1.3818470706729522e-07 1.4212492217226106e-07 0.0 5.097048251065982e-05 0.0 1.6752049494069174e-05 0.00020751150604391 1.0978888975168918e-05 0.00019422717764653615 0.0002268199125764422 1.9040246873513812e-06 0.0001216369527437208 1.0472477905831941e-07 1.609092722836948e-05 3.340002150472738e-06 9.269386719703386e-07 0.0 5.8043688146006146e-08 5.5366628843579597e-08 7.116952250615229e-05 0.0 5.846680544285505e-07 4.051707104253342e-07 0.00020088321808147536 5.682161985997134e-08 2.3517075668500714e-07 1.386340821011344e-07 0.00018221903388252348 1.6245034740295798e-06 3.2222471582181126e-07 6.159172703830123e-08 7.902626914250364e-08 2.383561411781544e-07 1.5728193482890975e-06 6.744170683341814e-07 7.287795427734114e-06 0.0 2.6047266039430482e-06 3.5337476485126125e-07 1.768625309521647e-05 1.118610293356989e-07 0.0 4.5697886123509305e-07
0.00010306438975622983 2.0042956425899806e-06 0.0002230432180020836 6.11367236247167e-07 1.9627169157737653e-07 2.4895704817224317e-05 0.0012314296342809958 0.00024047257726191848 2.2696103502126155e-05 9.389225644033134e-06 8.780689127119293e-06 9.592080557361152e-07 4.828620495018528e-06 0.00018646145316152278 1.2458903873185254e-07 0.0006246080839031869 0.0008477959067852252 1.2702849786011317e-06 4.12023549374295e-05 1.7887822173928351e-06 0.0 0.0002646393657998498 0.005117372496988533 0.00043517728401181984 3.827363139382956e-06 1.6866655919236488e-05 0.0003866426684676912 0.0018772474565925815 0.00011907463805963999 0.004796777661526721 0.0 1.968138072164468e-06 2.9201434144328916e-05 0.0016105368117540894 8.181681948570547e-05 0.001846876039014231 0.0002227333060692108 0.0022292055158461706 0.0011183421444372003 3.9174489764698626e-05 9.373035475147901e-06 1.0647937884792937e-06 2.187946684602104e-05 2.394929366331505e-06 1.5395945518580487e-07 8.88725045716378e-06 0.0 0.0 7.086558930625836e-07 2.2518563802166917e-05 1.8216450284743335e-06 2.156115567679044e-05 1.0161728571295948e-06 3.0911108099567085e-06 0.0 0.0 6.5775006091299265e-06 0.0 0.0001156780690889756 1.1918228363375327e-06 2.2141226332307168e-07 5.874212181227785e-08 8.391610471423405e-07 7.466578030971003e-05 0.00010704183829289207 3.377996947329349e-05 5.040290837829772e-05 8.478429692540863e-08 1.7235782128618413e-06 9.473013347306606e-06 0.00010707555788101794 1.1671515271249848e-05 4.862976047748052e-05 0.0 0.0 1.4962937897655744e-06 4.0420135053568005e-06 1.5633634440207822e-05 4.6570888166682164e-05 2.5997925992910757e-06 1.6011370407815046e-05 7.206028928216458e-06 5.896690811240284e-06 8.554577572566174e-07 5.045152523631605e-06 6.842680759071598e-07
5.832388380559833e-06 0.0011311475078179451 3.14438884108811e-05 3.2869664904294763e-07 5.890361267516e-07 1.2183080993860716e-06 1.2565492132476073e-05 1.4775390440657722e-05 0.001421501487572199 1.1469587414690902e-06 7.506128257455203e-06 1.4609182842061148e-06 1.4199050868132193e-05 1.0598215378038162e-05 1.1286770984503497e-05 0.0020274456733590904 2.9071708954496255e-05 1.2556956141888467e-06 7.043910683751467e-06 4.812654452829223e-07 0.0002646393657998498 0.0 0.0008862593401216618 0.003283420745029365 0.00019923595030309378 3.919463653056503e-05 0.003969637552674109 0.00013416972656507013 4.1207347813526644e-05 0.00011539684617259802 1.2363489086549044e-06 3.277998962850993e-07 2.38136197321276e-05 6.139760267124842e-05 8.564453797405628e-06 0.0005293975269247235 4.4883109381011996e-05 0.00022532038317918824 0.0001239688249380976 9.69576078666978e-05 3.660916060386064e-06 1.247634250337928e-06 3.8749213149627215e-06 7.887226032031251e-07 1.4643229821736728e-05 0.00012580636454836077 0.0 0.0 0.0 1.0819004608600784e-05 5.113971713069353e-07 5.8315771333245374e-06 5.238281571178404e-07 1.0185555444477547e-06 0.0 1.4195639644963258e-06 1.183762294040165e-06 0.0 0.0006062595911113741 2.168988965488484e-06 7.039102307920015e-08 5.88735625092337e-07 0.0 8.150580865116624e-05 6.035309538161191e-05 0.0003902566815488335 2.4485198913442697e-05 2.1339041521405006e-06 1.612098976187438e-05 0.0006602119513950405 4.8887707168173766e-05 3.980034654414192e-06 1.7581551890317517e-05 8.73422604798636e-08 0.0 7.797086849061749e-07 2.6391006701604623e-06 2.5654490535420994e-06 1.7375390194430652e-05 4.352929472598613e-06 6.475840352722622e-06 2.5001874664703153e-06 3.4688980484088823e-06 5.3965634065352844e-08 1.3645661590827483e-07 0.0
0.00016719115728801938 9.930901422348318e-06 0.0048791819548099765 8.886491749999877e-07 1.826990267413563e-07 1.3918110317742257e-05 0.0006305919150252376 0.00020756177466731878 4.908943672531907e-06 6.808356325511508e-06 2.7261068439055555e-05 1.0366943006099783e-06 7.301402278052916e-06 0.00024748731030651075 0.0 0.0025806681280167603 0.0013374313638352272 5.285960328189809e-06 0.00010735992045530034 2.1435721008561213e-06 0.005117372496988533 0.0008862593401216618 0.0 0.0002211969684950723 3.3072074201073446e-06 0.0008333648016721483 0.00474247857093275 0.0012788835096773047 0.0002266563425730607 0.002873688196945129 4.840126170476601e-07 1.7512524803556076e-06 1.8306564973610268e-05 0.0023012960378218142 0.00014470337764838288 0.004942401093331628 0.0023179590366766106 0.004462315259834529 0.003528242464097005 0.0001415049125763792 1.7407735387419296e-05 7.118286403894955e-06 3.580525484488782e-05 7.011730701738257e-07 4.7547979116303995e-06 0.0001078580524294175 0.0 0.0 2.1511733799601462e-07 1.8672113277922616e-05 6.6955717076418e-07 5.184914033017515e-06 1.0485782695015573e-06 5.347389210523688e-06 0.0 6.58617245614184e-07 2.108499581294506e-06 7.220339972915348e-08 0.0007771325470965725 2.867055633458133e-06 3.359059929889364e-07 9.88536735301894e-07 0.0 7.963516701999276e-05 0.0005645245458596405 0.0006898632756971236 2.10411972189177e-05 1.495593275158273e-07 1.0189648557093642e-05 0.0004970422249557788 5.9827928830128616e-05 4.29673579022298e-06 2.3657846685179708e-05 5.0067510051288875e-08 1.5242865494655218e-07 1.0679931688996987e-06 2.6471791636488897e-06 3.256479695848084e-05 4.3662658015674294e-05 4.005229615956639e-06 1.2644627077902953e-05 1.1374693542200715e-05 1.0326638474404473e-06 5.092332090930993e-07 5.71111992845428e-06 1.8179862372761155e-07
