0.0 0.0 8.019175214570362e-05 1.6427847674133556e-06 0.0 1.4059675987575036e-06 0.0013109429627014995 0.00018165099197428318 1.8130525710937749e-06 7.685866033182425e-06 1.1443867833546546e-06 1.5646968168049754e-07 4.996938059703235e-08 0.002196799130618417 6.891936966883046e-08 0.0 0.00011496203819077356 9.810322200197759e-07 1.456460484687486e-05 3.2964487350765075e-07 3.1625853256936836e-05 5.3595284365024444e-08 0.0001914596844736493 1.4166109270825355e-05 0.0 9.903345598344034e-06 4.691129960351752e-06 4.5563075205844127e-05 0.0016228376294398314 0.001383395466590167 0.0 6.80273296292299e-07 2.5407052148938135e-05 4.2101620185474206e-05 1.2852952937430673e-07 9.692149827579667e-06 6.469186455788319e-06 2.701151670424812e-05 2.960966117331661e-06 4.956203556312844e-07 0.0 8.459070004474509e-08 0.0 2.1534220617326162e-07 0.0 5.2965945144961654e-08 0.0 0.0 0.0 2.7511959816475696e-06 7.596454092211876e-07 6.68099507283444e-07 7.836939572866921e-08 0.0 0.0 0.0 1.1552089493439213e-06 0.0 2.969611765227949e-07 0.0 0.0 0.0 1.7929294568815503e-07 6.188190428283273e-07 1.273593706720916e-07 5.755005045096144e-08 6.183677288425747e-06 0.0 1.1742528832613486e-07 3.7449796902009746e-07 8.433371127951044e-06 7.430749884563235e-07 2.1919127543145775e-06 0.0 0.0 1.3003341810195552e-07 1.1025398312749137e-07 0.0 1.8888143072871083e-06 0.0 1.047065989782373e-06 7.895837497248255e-07 8.007436620754301e-07 0.0 0.0 0.0
0.0 0.0 4.123195373679018e-05 7.165922850394332e-08 6.885032801471391e-07 7.454177225343539e-07 1.2873355771113157e-06 6.489583375683433e-07 0.00025876502979907835 4.259558334822552e-07 6.846998865544825e-05 2.0353811935729203e-06 0.0005515396475798532 1.8205578582932985e-06 8.606329441457164e-06 9.009956512745477e-06 0.00018811762032188952 1.0926812193929874e-06 2.490551630319099e-05 1.253749113186678e-07 1.2706201597482417e-06 0.0010174908089673309 2.1291387450893776e-06 0.0002453605465217507 0.000638183323916178 0.000137677158547846 0.002516975950673801 2.554452289340745e-06 1.4799980040224512e-06 4.85448026682871e-07 2.3057991498121998e-05 3.4273039749149686e-07 0.0 7.77158646781393e-05 8.74008195606421e-07 0.00010334325333167671 4.416461737257704e-05 0.00040017443343094656 4.9050710620180124e-05 1.2951618394155283e-05 9.523204616293156e-07 5.985068953762766e-05 3.587472472894926e-07 1.4013641944229892e-07 1.709115379523146e-05 2.1925719384991516e-05 0.0 0.0 8.941321993683274e-08 8.644617163999176e-07 1.3334754425083607e-07 1.2895453903235183e-06 0.0 5.751959120085371e-07 5.8462923133271215e-08 6.19925476176566e-06 3.315601923256843e-07 0.0 6.178000312159025e-07 6.72051955195273e-06 1.3550153650246157e-06 6.248951508747411e-06 5.005829738716152e-08 3.422648194047874e-07 1.6219993250501905e-05 3.069133537600567e-06 3.1224014867715645e-06 2.789161221431805e-06 7.739489090968367e-05 0.0007651047479114065 1.1974216132417507e-06 4.4969384089902214e-07 1.2227405947837404e-07 1.426029704369201e-06 8.171917258541693e-08 0.0 2.3515625951982443e-06 0.0 1.0123044543978758e-05 1.2748648564185187e-05 1.3813410675039573e-05 1.6385594789609538e-06 0.0 1.513433404849114e-07 6.004093082028322e-08 0.0
8.019175214570362e-05 4.123195373679018e-05 0.0 1.6859476345376716e-06 7.549418790069852e-08 0.0002889480303178604 0.0006354869734867006 0.0009313429244788351 2.943597350542723e-06 2.367720800931029e-05 8.031806788752572e-06 8.205476112065894e-07 1.6031603838483422e-06 0.0008038758282750519 2.2627731824750803e-07 2.0624574671499025e-06 0.00341238010829076 1.5988037551033673e-05 0.00017205727045635489 6.964408388607195e-07 0.0012753136397499593 2.895934694441733e-06 0.005420287135233574 3.9835523023083164e-05 9.59750896849995e-07 0.002620905475597499 0.0029319156772699122 0.00013344266106862736 0.00016327783778878518 0.00028923510180171175 3.605866222350809e-07 3.770816427836144e-06 4.896636774562261e-06 0.0005010659073207833 2.554912469044404e-05 0.001700650248352387 0.0035235866284527772 0.0016351337602132036 0.0002682024219894676 0.00013088723641749202 2.9092204472780955e-06 3.153624417190408e-06 8.307309255209074e-06 1.8216468732661275e-06 6.423458052551263e-05 0.00053677664019468 0.0 0.0 1.7585430930842515e-07 8.072602506905217e-06 4.519628752132051e-06 1.0453225831216056e-06 6.502580689171961e-08 1.5697068026114348e-06 0.0 1.1828160626482512e-06 4.538139357110144e-06 0.0 5.966924794767583e-06 8.474039496949476e-05 1.7558490746913493e-06 1.7041359484120394e-05 0.0 3.759414565607581e-06 1.3778427824275495e-05 0.00011055282815644386 1.680058350631803e-05 7.141779173962163e-07 0.0002595952369157504 0.0016562939630999866 2.0393947409491492e-05 3.2516930624344137e-06 1.4020911317508745e-05 7.586102673623782e-07 1.0643632986253756e-07 2.1808265295108291e-07 1.3804573029488686e-05 7.645969970454577e-06 6.72305709321159e-05 0.0001843956842291351 7.659100020026943e-05 1.305379290294349e-05 2.4286375396090068e-06 1.1524883895373231e-07 2.2327774908326997e-07 3.4576619767069093e-07
1.6427847674133556e-06 7.165922850394332e-08 1.6859476345376716e-06 0.0 2.8501690278539496e-06 0.00014757937603302701 4.364633078709059e-05 7.92900484125002e-05 0.0007312618493499007 0.002372759474859818 3.043950523536622e-06 0.0016118734001634297 3.2654745769617263e-07 7.473984296297768e-05 8.805936817151311e-05 3.6800766564366476e-07 9.251975955015932e-07 2.6847251566552428e-06 3.6671134092649204e-06 0.002457793898065088 7.91523979751772e-08 8.097456986982856e-07 9.451920609771498e-07 0.0028767382451085777 0.0 4.792008261629545e-06 8.3279196555745e-06 0.0017660664398794284 0.0001283218662114924 5.8831164135813956e-06 2.127094369029029e-07 3.475844765446942e-06 9.268115261063108e-06 4.4172906673742666e-05 5.030311581468738e-06 0.00017302142259305735 4.222861554707138e-06 0.00015536459092615866 4.887581075950268e-05 9.474518963549874e-05 6.469627187568882e-06 6.24004289011243e-08 1.452361692108808e-06 2.221222309180573e-06 3.3580616948936636e-07 1.695378537188246e-07 0.00018370544232986066 8.620368803222422e-07 5.775706901095212e-06 0.00011300051713578432 6.605322574127258e-06 0.00019576693594214843 0.00017303367922472094 3.338597393393121e-07 0.0001105997506384886 8.016407939279546e-08 7.684844952317091e-06 6.957919299294275e-06 3.875564285503057e-07 0.0 6.436933335209973e-07 4.974283176378783e-07 0.00025806403173611044 3.731814240369067e-07 5.221496745057736e-07 0.0 0.0002622852615818179 7.75172911248689e-08 5.368853398749014e-07 4.0338030715220526e-07 0.00032173181955895316 8.2550340091232e-06 3.910886531922301e-06 0.0 4.5602682760503565e-07 7.148528832611407e-07 4.838709135086939e-06 1.0722411429759497e-06 1.3984541796231157e-05 1.513531484382752e-07 1.7258428756728502e-05 3.286324682332954e-06 4.627515139985907e-05 5.501100268435906e-07 3.7860646303524616e-07 9.671549891830886e-08
0.0 6.885032801471391e-07 7.549418790069852e-08 2.8501690278539496e-06 0.0 0.0005955289363593481 1.5247634273507618e-06 3.374100873915808e-05 8.440641630538031e-05 2.6187300842127292e-06 1.2934770422436124e-05 0.00012054921678411209 2.909380852556639e-07 1.7809102357200622e-06 0.0007299015771318528 0.0 8.200261747447669e-07 3.704829640040886e-06 9.931943421836778e-06 3.931716521253718e-06 4.2766995754189385e-07 4.54139617029838e-06 5.214589410863947e-07 1.739548624619435e-05 3.0654041635515066e-07 4.502070056941422e-06 4.5519658492546536e-06 1.0032692398625573e-05 1.2400688240682742e-06 4.843530368377126e-07 8.106357065177324e-08 0.00042171924583234773 1.2643909525658898e-07 7.142690595876748e-05 2.448535971896976e-07 8.649426176480207e-06 1.1402627470358301e-06 4.233520338671564e-05 1.2301113656547227e-05 0.000956974507790537 2.0478115974307187e-05 6.203172162947128e-07 0.0 0.0 0.0 0.0 4.966918659462026e-07 0.0 0.0 0.0 0.0 1.2665822150402978e-06 5.448721941485566e-07 0.0 9.617512993771237e-07 0.0 0.0 0.0 1.5064888851879225e-07 0.0 0.0 0.0 3.8653283174831677e-07 0.0 0.0 0.0 1.2879328276400504e-06 0.0 6.797634774256835e-08 0.0 5.872528034992744e-07 0.0 0.0 0.0 0.0 0.0 6.61098403863278e-07 0.0 1.105244673158585e-07 0.0 1.4206620012383652e-07 1.0221705598768675e-06 2.029956368371929e-06 2.401303556235232e-07 1.629972201558624e-07 0.0
1.4059675987575036e-06 7.454177225343539e-07 0.0002889480303178604 0.00014757937603302701 0.0005955289363593481 0.0 0.002371541402178901 0.003921211158354406 0.0001970627124447414 0.006007504421697952 4.7385220100944606e-05 0.0026937421013824825 6.032181762406783e-06 0.00029157420151952563 0.001951292633343796 8.331756737673503e-08 9.747510369458041e-05 2.6103651194018956e-05 3.710575774023142e-05 0.0005732629577611538 5.65759251986257e-05 3.09989314244048e-06 0.0001265349121308911 0.00014367087976691474 2.9476756838604895e-06 9.458890179228097e-05 3.8844797761956656e-05 0.000595898671091427 0.00013063604509187658 3.2330571615202156e-05 2.3609629171923595e-06 0.0006460882529318755 2.1162776930502475e-06 0.0002657219063514367 3.844722807732086e-06 0.00021159598532073188 3.3273064977151594e-05 0.0003277709270497613 0.00018783743437253802 0.0016441845551157623 0.00016527116016855944 6.103106135063545e-06 1.0196641421670227e-05 1.6246231713354964e-06 7.44372272589098e-08 6.52113616105077e-07 2.279652822926493e-05 0.0 2.1042304300758134e-06 6.07428219682253e-05 4.364748711005011e-06 2.6311919720207846e-05 1.7342071402973673e-05 3.8578277720034094e-07 1.6492432508722695e-05 3.5425987764808246e-07 4.764169101845865e-06 8.850095275915644e-07 2.7379692521506403e-06 2.4444412563573784e-07 0.0 4.248208482616828e-07 3.5308017442137945e-05 8.14865984847537e-07 6.153205851869174e-07 1.8183474800452465e-06 0.00012027994752208482 5.755914065608372e-08 1.1393098446178182e-06 4.588674647835302e-06 0.00010001859336834516 9.601710231475315e-06 3.6564704894455364e-06 0.0 4.906028945532464e-07 3.7629487083171465e-07 7.538789045512075e-06 1.8863505028248537e-06 1.3574191153387926e-05 2.2434196738147933e-06 1.2636226435421593e-05 1.988124097297974e-05 1.635916086253059e-05 4.05402341389633e-06 5.116333250074045e-06 6.980888117300373e-08
0.0013109429627014995 1.2873355771113157e-06 0.0006354869734867006 4.364633078709059e-05 1.5247634273507618e-06 0.002371541402178901 0.0 0.002457881260674481 6.120502879908007e-05 0.0033061367372088013 8.03967204578425e-06 3.0320601397116047e-05 5.425845014343428e-07 0.004844107407424623 1.142329486298835e-05 6.075073282517716e-06 4.23428749624386e-05 6.127986037936612e-06 1.1146264012736553e-05 1.0515306388741304e-05 0.0004452201659360555 5.951337272952295e-06 0.00040462456098683264 0.00023659442364394782 1.204111171929202e-07 0.0001456660933407669 0.00010615675255605928 0.009901016824098972 0.0010455146879917562 0.0026884259822374554 2.529431467290327e-07 1.1336338838885016e-05 0.00011122325077426296 0.00023315956112338664 3.331823663453115e-05 0.0009981907188115439 5.207742742431367e-05 0.000854777719936568 0.0003178013558481659 0.00013309263563835734 2.608955398098187e-05 4.900799462387452e-07 1.616589091518237e-05 2.6370228755063893e-06 7.55393678618144e-08 1.6248954460766574e-06 7.122886452037293e-06 6.030071750560433e-08 1.3252325926345108e-06 4.535373319553266e-05 2.698508847334139e-06 2.308097069293512e-05 7.096035696484905e-06 5.6698694137880935e-08 3.5120680417025116e-06 0.0 5.934523302647167e-06 3.961459851850829e-07 1.2827679399278673e-05 5.438639716666128e-07 1.1016662782156843e-07 3.322861564938527e-07 8.115843860563303e-06 4.520052551926172e-06 2.537827018102554e-06 1.2183785332954266e-05 7.432955259953328e-05 3.8613273291740406e-07 2.1070532346465365e-06 1.6079908012617725e-05 7.438933603817197e-05 8.15244143107338e-06 1.5789867670064152e-05 0.0 2.1468668441362365e-07 2.3354479407489157e-07 2.925476982992841e-06 3.345755901293331e-06 1.571818208721919e-05 5.868251782597387e-07 1.0663304159595862e-05 2.992323804982844e-06 5.973060603051107e-06 3.886577712309631e-07 0.0 0.0
0.00018165099197428318 6.489583375683433e-07 0.0009313429244788351 7.92900484125002e-05 3.374100873915808e-05 0.003921211158354406 0.002457881260674481 0.0 3.8242518746309415e-05 0.0015675726625546025 9.047059850280632e-05 0.0006145461091099483 6.545674721185672e-06 0.0022217343787720506 3.638705391622172e-05 5.73880905602694e-07 0.0006192457681108317 4.816943643769214e-05 0.00013758018211689935 0.0004345333023967276 0.00015142159247153548 4.3830411930560775e-07 0.0007542317135733235 0.0001444949570501756 1.2190707862031037e-06 0.00020183721772066082 7.192954021129958e-05 0.0005293966004221701 0.0003501690017752407 0.000661780328156145 1.6260378302126129e-06 0.0009177546373608344 1.7114752746562055e-06 0.0003089806264932601 9.365804125859931e-06 0.0002871133239771623 7.059910422643215e-05 0.0003851231922640901 0.00018236568127584805 0.0005990945744916892 0.00012379179610080908 8.050301603269353e-06 1.3321356493542035e-05 3.911992673589871e-06 1.3277166200352504e-07 7.455633376177509e-07 1.0776371051531085e-05 8.15921464179125e-08 1.800194516035334e-06 8.681039934942436e-05 7.526813106860233e-06 1.901733608032064e-05 1.0035193235842839e-05 5.028584839547726e-07 4.227318546036008e-06 4.890786912596775e-07 1.106051772656958e-05 4.015820347468716e-07 2.200581816838339e-06 2.7794837302643706e-07 0.0 5.815068203205054e-07 1.183059235752468e-05 2.342428981578608e-06 2.4998912403565085e-07 1.8623832626545562e-06 0.00011931158910198715 9.978598771730177e-08 2.3982468688186484e-06 5.996563211951525e-06 0.0001347621711499777 1.2264178771088315e-05 3.065035166889871e-05 1.1943774367878656e-07 7.584011811911362e-07 4.408799115825836e-07 8.702826057704296e-06 1.7221991358610568e-06 2.262211116499637e-05 3.7190403183850817e-06 2.343892476733281e-05 2.8273389314938836e-05 1.2652973235181187e-05 6.340242400079887e-06 7.719353642558038e-06 1.5129925623520674e-07
1.8130525710937749e-06 0.00025876502979907835 2.943597350542723e-06 0.0007312618493499007 8.440641630538031e-05 0.0001970627124447414 6.120502879908007e-05 3.8242518746309415e-05 0.0 0.00019404886858512448 1.1608656064633512e-05 0.00036724184848911645 7.142757774057902e-05 2.9206796824069168e-05 0.0006125918470590662 9.56652087537942e-07 1.67395776546145e-05 1.9438803379729498e-06 1.3815819151802275e-05 0.00031761938026115806 5.448684320787845e-06 0.00141573331343135 5.778782135431781e-06 0.004278486752837595 6.278331449900134e-05 5.3023065302394064e-05 0.00047512448212643475 0.000928344299432235 5.305478961050205e-05 6.983870425001185e-05 5.743324891258183e-06 3.1379375635998667e-06 5.910067936405513e-06 2.3641647233770664e-05 2.1695319820977983e-06 0.00022870336434563775 2.1899120326185503e-05 7.794040501128214e-05 2.4356038639272814e-05 0.0002926256869410241 7.5565052711704685e-06 2.178424653741262e-06 6.763166747508018e-07 1.2126735110161688e-05 5.24322680213741e-07 3.7273562220493617e-07 7.329996633354597e-05 1.3551673214900828e-07 2.2559618471085933e-06 8.521374266946485e-05 1.0341160190442091e-05 3.356005920762171e-05 4.5250952861414916e-05 7.333550776042552e-07 2.7056637848186287e-05 1.8465319225467998e-06 1.931504530704127e-05 1.4859913621868972e-06 4.505277438273774e-05 2.227819721210809e-07 5.120891348459719e-07 8.686018295157894e-07 7.94001758848645e-05 1.5564319267151784e-05 1.2419530216279811e-05 4.189407908567463e-06 0.000700719852975691 7.780746528547364e-07 3.1050597806184543e-06 5.409043157948783e-06 0.00035552948677925855 3.0940735457803645e-05 4.929782150504683e-05 1.0319835756564101e-07 6.425812551591958e-07 2.7034024357555634e-06 6.90439659149346e-06 2.687011016820755e-06 4.8905321425135253e-05 1.820321173175048e-06 2.7975450794379712e-05 1.1382557423702229e-05 2.708525675362472e-05 1.9618927760399218e-06 1.4446841186066584e-07 3.661273408702136e-07
7.685866033182425e-06 4.259558334822552e-07 2.367720800931029e-05 0.002372759474859818 2.6187300842127292e-06 0.006007504421697952 0.0033061367372088013 0.0015675726625546025 0.00019404886858512448 0.0 2.0500097292902908e-05 0.00295229245861159 3.013171276065313e-06 0.0007354233736212005 1.903712434207135e-05 3.8304074221364486e-07 4.387555291183864e-06 1.803368065464404e-05 2.5747234547807967e-05 0.0025427453154576933 8.227752990224715e-06 4.899471475428305e-07 1.6295671659178652e-05 0.0002926967327849351 1.7912884247904404e-06 3.684847714925163e-05 2.664818595868439e-05 0.002148360327988324 0.0005796648661427934 8.179267832817078e-06 1.2968385600108233e-06 1.8642749721368163e-05 1.142925066154003e-05 0.00017701464893217877 6.0503317981565815e-06 0.0002705760054099574 1.8748680252517795e-05 0.0005620052086705256 8.304297376280713e-05 9.989398621094066e-05 1.4657303860994086e-05 4.982189814650832e-06 5.004871449368519e-06 2.368015576315999e-06 2.4926248029733894e-07 2.613207805598907e-07 0.00017871048541946976 3.1793653277997194e-07 3.7166185556442916e-06 0.00016107890838111118 8.196708271349298e-06 0.00011011428471009561 0.0001539873480930696 9.70792186032455e-07 7.365918286219767e-05 3.70581549015743e-08 1.119756664887025e-05 5.153501968747286e-06 7.863712002233549e-07 5.724375902452551e-08 7.729839814560663e-07 4.643247188427022e-07 0.00027021503081425525 6.814972670235769e-07 1.3060449487207743e-06 4.141467980212291e-07 0.0002652021202371614 0.0 9.008385716901167e-07 2.0075216352315048e-06 0.0003369916903977161 8.732311850306051e-06 3.6335072683485982e-06 1.5906174546282034e-07 7.71154410646032e-07 1.5599459724739822e-07 4.789737680338833e-06 1.723012348436474e-06 2.1609011717374984e-05 5.493554061950996e-07 2.2794656032608536e-05 6.594730683153594e-06 3.9986469945105806e-05 7.808562632577688e-07 7.630960449771036e-07 2.631740523331334e-07
1.1443867833546546e-06 6.846998865544825e-05 8.031806788752572e-06 3.043950523536622e-06 1.2934770422436124e-05 4.7385220100944606e-05 8.03967204578425e-06 9.047059850280632e-05 1.1608656064633512e-05 2.0500097292902908e-05 0.0 2.495614989106494e-05 0.0004653948445181816 0.00010620572475909813 6.356015963766493e-07 5.228770207210877e-07 2.1497882493716335e-05 0.001247952753518982 0.0005385750106184622 2.0678751900793314e-05 1.2238963756142668e-05 3.104615202776304e-05 1.749784439545151e-05 1.371254051715007e-05 0.0004241500083496175 0.001262078178063021 0.00025988741737358056 1.1029082254861633e-05 0.00017436440684062509 7.452763696538122e-06 0.00011704233347700603 0.00018220694116940703 2.7858578576887367e-06 0.002849732191900126 1.2257591537338993e-06 0.0002720134620213874 0.0016077410329216769 0.0015085745943918738 0.0002429500622477585 2.8807292422323776e-05 1.2077386173287893e-05 0.00038240008074795896 5.451602192640278e-06 1.7320802117358177e-07 2.0439491452220665e-06 8.732438929922894e-08 2.688330581691494e-07 0.0 0.0 4.747254799499323e-06 8.20556056201856e-08 1.0922388192295442e-06 2.643544962149367e-07 5.5344216961867564e-05 2.806434680417017e-07 0.0004427309698011605 3.524810798905139e-07 0.0 5.070200684329328e-08 0.0 9.826268034915755e-06 3.1781207981626943e-07 1.0768332313222312e-06 0.0 9.370849686018057e-07 4.940664688665583e-08 5.491210445958904e-06 0.00014356743160241856 4.25834526813783e-05 0.00010520840377341332 7.2694323289158e-06 4.373834621091256e-07 1.3662391378796642e-06 6.165918127678399e-05 0.0 1.0058906782552249e-07 7.586908842340123e-07 5.129361732161743e-07 3.5682005050162436e-06 0.00017701612053368896 2.811303922665378e-06 2.6239477016048977e-06 9.128034425113616e-07 3.143322759935183e-07 2.2742862407046133e-05 0.0
1.5646968168049754e-07 2.0353811935729203e-06 8.205476112065894e-07 0.0016118734001634297 0.00012054921678411209 0.0026937421013824825 3.0320601397116047e-05 0.0006145461091099483 0.00036724184848911645 0.00295229245861159 2.495614989106494e-05 0.0 3.786093775512437e-06 0.00028887213871123127 0.00034447992019956435 0.0 1.1564469467083867e-06 1.8283263067402213e-05 1.6373251516570447e-05 0.003944598301400107 5.469429779992585e-07 8.071491634971311e-06 7.125060030416728e-07 0.00040455966686765417 9.881686571615601e-07 2.8975927532009677e-05 1.1814808814083268e-05 0.00026818758363265064 8.375790267775034e-05 1.4760154557346348e-06 1.2212108594837782e-06 2.3489418699724456e-05 1.1872921544795265e-07 9.548352270566339e-05 1.1266197121054074e-06 0.00017824518830065442 1.037643128202789e-05 0.0001947045904476272 4.708434206155152e-05 0.0007480391008766914 3.1789838159757945e-05 2.650768659151829e-06 1.4151668367097082e-06 5.920105084344698e-08 1.562547313534107e-07 1.684763193409013e-07 9.00243013863711e-05 2.2545554996034008e-07 2.566707141904981e-06 3.0150866643674845e-05 3.154067993239268e-06 4.9218392487662944e-05 6.0862167607242803e-05 0.0 8.476854213490144e-05 3.074738907026771e-06 1.638317742880344e-06 5.536216001887711e-06 2.2853265884151773e-07 4.943389459516385e-08 0.0 2.6370239139506533e-07 0.00011122586774925421 1.2635687872265032e-07 5.022164008856136e-07 4.842301339047869e-07 5.586741945469148e-05 5.506057121783448e-08 3.918465663198883e-07 5.302527658164522e-07 6.773042853739764e-05 1.7742943340369888e-06 1.4996245891639563e-06 6.405891601861817e-08 1.633208520743879e-07 0.0 2.8312937724088918e-06 0.0 2.357697620830759e-05 4.909989426879664e-07 7.099423979771249e-06 6.764432759960757e-06 5.866335095476324e-05 7.000890157310564e-07 4.8300444554088225e-06 0.0
4.996938059703235e-08 0.0005515396475798532 1.6031603838483422e-06 3.2654745769617263e-07 2.909380852556639e-07 6.032181762406783e-06 5.425845014343428e-07 6.545674721185672e-06 7.142757774057902e-05 3.013171276065313e-06 0.0004653948445181816 3.786093775512437e-06 0.0 7.3240156280955225e-06 2.5852727195263144e-06 1.1451175121494474e-06 1.7542638627972535e-07 5.6358487610453234e-05 6.803856009852332e-07 2.9102249817557774e-06 4.708672040434151e-07 0.0002165325268740817 7.405661147494373e-07 4.945152390074664e-05 0.002257032812545697 0.00017343969127797047 0.001936546683428837 1.972677569489104e-06 5.861741252464659e-06 4.6770529397106744e-07 0.0006164563238026213 6.779886540081117e-06 0.0 0.0003130484329449898 7.364966654750633e-07 7.585703195568737e-05 0.0008435419408676356 0.00045546955146139696 9.295432935135217e-05 7.610430731180009e-06 1.5096440782057168e-05 0.0002215231075360031 1.4702506851138635e-06 0.0 5.60373909161578e-06 1.6117161223239543e-07 1.5843696088984315e-07 0.0 0.0 4.7220939325499994e-07 1.5458655463465672e-07 3.4556344142808984e-07 0.0 7.127151513286795e-05 5.90420963326257e-08 0.0007261804392591345 0.0 0.0 5.34237501709281e-08 6.37436069254461e-08 1.2073519045025807e-05 1.2986845054070692e-07 0.0 0.0 2.4753074620823913e-06 5.3445664399152325e-08 8.928694931388675e-07 0.0004241797530546261 5.651122087422556e-05 0.00018436301200085083 1.4151332094410324e-06 3.9470793076954174e-07 2.3862899046814897e-07 0.00012496962805476567 0.0 0.0 5.367272088656529e-06 4.390263420201769e-07 2.610290330798694e-06 0.00022776881765551382 6.690786460721489e-06 1.1595053437401963e-05 2.654388458241959e-07 1.1895885594356933e-06 2.0419861285973577e-05 0.0
0.002196799130618417 1.8205578582932985e-06 0.0008038758282750519 7.473984296297768e-05 1.7809102357200622e-06 0.00029157420151952563 0.004844107407424623 0.0022217343787720506 2.9206796824069168e-05 0.0007354233736212005 0.00010620572475909813 0.00028887213871123127 7.3240156280955225e-06 0.0 5.053046948041482e-06 6.797031827555882e-07 0.0005824248839337167 6.209739772772326e-05 0.0001809645888483975 0.0002596634044250472 0.0001797105690372251 1.2069809050179266e-07 0.0009434489769709415 0.00017033397018779268 1.602511203470774e-06 0.00018295720402472092 7.983971403101237e-05 0.000546796730678924 0.0026770837830872598 0.001896653055669535 1.610020346658191e-06 0.00014487629462544375 8.857874578777593e-06 0.0004880841171327821 6.862631729959932e-06 0.00031573811480609804 6.160093727831778e-05 0.000710797911106239 0.0001054286909060963 0.0002857716797617435 7.384111209335901e-05 3.314864192598886e-06 7.046069896993464e-06 4.237459740745542e-06 1.4465161328149612e-07 6.734491979876662e-07 9.562168713471907e-06 0.0 2.0126156319425068e-06 8.2534679080396e-05 7.408752508259517e-06 1.7044772640437546e-05 9.999887791604505e-06 4.958000408492935e-07 3.3804445821770693e-06 1.7589379309732664e-07 1.4481521525035916e-05 3.22328403727166e-07 2.9533448832486584e-06 1.2807755032608767e-07 3.3003709237914624e-07 2.0428248842292088e-07 1.3850845876836514e-05 3.893214249254648e-06 3.240898953529332e-07 1.3179740733889067e-06 0.00011826498470068025 0.0 2.4974153372550133e-06 4.436046709799566e-06 0.00015192812680957268 1.823120792950446e-05 3.218331882884416e-05 6.425279203563575e-08 1.0624187468377408e-06 9.028516569813846e-07 6.664624121177942e-06 1.2907158010011795e-06 2.738476942970076e-05 2.1117717764888527e-06 2.250379183724365e-05 1.5149801221488261e-05 1.4718858541944716e-05 3.493148366040487e-06 1.6610160003418785e-06 0.0
6.891936966883046e-08 8.606329441457164e-06 2.2627731824750803e-07 8.805936817151311e-05 0.0007299015771318528 0.001951292633343796 1.142329486298835e-05 3.638705391622172e-05 0.0006125918470590662 1.903712434207135e-05 6.356015963766493e-07 0.00034447992019956435 2.5852727195263144e-06 5.053046948041482e-06 0.0 4.506009105104433e-07 1.2359917429921197e-06 1.9983000210960912e-07 6.842158682937503e-07 3.365870839284098e-05 2.6813754866971694e-07 5.849396040359975e-05 2.1958507182196065e-07 0.00038599056376240347 2.1955784014825374e-06 4.193688524719417e-06 2.7214998242900688e-05 0.00013387035269605763 4.918791227014384e-06 6.851733276495338e-06 2.6441848652491325e-07 0.00014502741923596985 5.960714210861412e-07 1.4464566975338516e-05 1.0147897943616223e-06 4.9888402969096873e-05 1.4130609900938477e-06 2.239802604458667e-05 1.1152032154483377e-05 0.0006218319969091937 0.00012281361491806345 3.6135719598358174e-06 0.0 0.0 0.0 0.0 1.0459771122506966e-05 0.0 2.2820961104789087e-07 2.2631071644759607e-06 5.304024735919495e-08 1.0206596731038642e-05 6.756283007378764e-06 0.0 1.1253454737996804e-05 5.321879105207521e-08 3.255836057996681e-07 1.0157445064214776e-06 4.075840898820313e-07 0.0 0.0 6.560618270115956e-08 1.7834452950207715e-05 5.190903795251002e-08 6.155943717807573e-07 6.820042263506557e-08 6.635114455811533e-06 2.105666415238446e-07 5.5434605861275644e-08 5.636188772131429e-07 8.139739329727257e-06 2.503635748203597e-07 2.3444091802563002e-07 0.0 0.0 0.0 3.28745363159624e-07 0.0 3.5387171481771333e-06 9.688223794330251e-08 2.6349187736296047e-07 2.562623047512233e-07 1.4696151137010912e-05 0.0 0.0 0.0
0.0 9.009956512745477e-06 2.0624574671499025e-06 3.6800766564366476e-07 0.0 8.331756737673503e-08 6.075073282517716e-06 5.73880905602694e-07 9.56652087537942e-07 3.8304074221364486e-07 5.228770207210877e-07 0.0 1.1451175121494474e-06 6.797031827555882e-07 4.506009105104433e-07 0.0 6.9320287305409946e-06 0.0 3.4911396865017227e-06 0.0 0.0011081183576346339 0.000624043047809518 0.002726142294302227 0.0010446848005326627 5.934922195050186e-07 7.4961503560370105e-06 0.001227846845690643 0.0003724097600440982 2.99982998936767e-06 4.45729627260966e-05 6.128332630163247e-08 6.387114086165325e-08 9.39385237181485e-07 1.482893695927097e-05 1.4594392269357297e-05 0.0005443787690144686 0.0003045218652735827 0.00012208408092593518 0.00013329021515994484 2.0911748896429747e-05 1.1332734368301217e-06 0.0 3.525033671187551e-06 7.199146080259437e-07 9.472934331199309e-07 7.035597839433652e-06 0.0 0.0 8.458825664647617e-08 6.590155515340325e-06 6.750478562078601e-07 1.671643358768538e-06 0.0 8.394824664803591e-08 0.0 5.587138620870015e-08 1.650017039216618e-06 0.0 0.0018726376419094695 9.012218148907838e-07 0.0 2.635645760970798e-07 0.0 0.0002823148580391588 0.0004588324153807058 0.0013052348167055384 6.790678084181578e-05 1.4211398383123267e-07 8.942677087091966e-07 0.00034139424177852864 7.294389369108656e-05 3.570088851008074e-06 3.628101877326589e-05 0.0 0.0 1.0659553711236734e-06 2.1144882206964918e-06 2.3448259934584957e-06 5.764964114243649e-05 7.412624771475781e-06 1.6369345702441698e-05 1.578438055347854e-05 3.466842213419764e-06 2.910042898953217e-07 0.0 9.702941451090573e-08
0.00011496203819077356 0.00018811762032188952 0.00341238010829076 9.251975955015932e-07 8.200261747447669e-07 9.747510369458041e-05 4.23428749624386e-05 0.0006192457681108317 1.67395776546145e-05 4.387555291183864e-06 2.1497882493716335e-05 1.1564469467083867e-06 1.7542638627972535e-07 0.0005824248839337167 1.2359917429921197e-06 6.9320287305409946e-06 0.0 3.189936780128643e-05 0.0010341844391016238 1.1113664433554915e-06 0.0005488824944851902 1.734318017893e-05 0.0031408264675112344 3.608279186948926e-05 2.1130239646523264e-06 0.0005427478960465023 0.0034918001689936027 2.7852267584583584e-05 0.0007034637903922794 0.0005292881162076802 1.824615674701226e-07 4.6679300465009435e-06 4.2257481858037966e-05 0.00045703535994042247 3.282762581802258e-06 0.00022904769687555633 0.0011031132105164911 0.00034378084926771796 7.248905645483559e-05 1.4440668108323838e-05 5.569503966535703e-07 1.0396093987467866e-06 7.500328551805588e-07 1.667585950866258e-07 5.2998458376739144e-06 8.864874483405482e-06 8.898639643735396e-08 0.0 0.0 1.652784054132804e-06 3.397979225165988e-07 5.152050326746682e-07 0.0 0.0 0.0 2.598395085374684e-07 5.531758502790139e-07 0.0 1.5616823505469166e-06 8.592796863399734e-06 1.393863759659715e-06 1.1794832635916628e-05 0.0 3.885310619416717e-07 1.014789672191709e-06 2.5249568834939214e-06 4.4511273257371156e-06 3.7057236718318567e-07 0.00010429752314026278 0.0001403973045038625 3.4382012181338566e-06 6.306869641876344e-07 1.4797238509188712e-06 3.534912227307846e-07 1.3084098413668557e-07 0.0 1.2399232547985942e-06 1.5131888588604955e-06 7.5990377529948395e-06 2.889054552598212e-05 6.195701491829022e-06 1.0182082230741068e-06 2.901485507365964e-07 0.0 8.673018538271097e-08 0.0
9.810322200197759e-07 1.0926812193929874e-06 1.5988037551033673e-05 2.6847251566552428e-06 3.704829640040886e-06 2.6103651194018956e-05 6.127986037936612e-06 4.816943643769214e-05 1.9438803379729498e-06 1.803368065464404e-05 0.001247952753518982 1.8283263067402213e-05 5.6358487610453234e-05 6.209739772772326e-05 1.9983000210960912e-07 0.0 3.189936780128643e-05 0.0 0.00014695937347679786 1.3454580501103518e-05 1.619529304430028e-06 7.885381012534597e-07 7.909824253412345e-06 5.403575542735606e-06 3.979175539198043e-06 0.001312530202116025 0.0007269497931105071 8.504720819890222e-06 8.759671550255718e-05 3.1321065348901e-06 3.308635590157606e-05 9.123873975288527e-05 4.615043576702487e-07 0.00046282213950927885 4.448584572786107e-06 0.00040957350843675563 0.000982186070118986 0.0005752223764628232 0.0002714011139294576 1.8403100509041885e-05 2.736451283340467e-06 1.680238282098544e-05 9.4003410449865e-07 4.697353761515433e-08 3.4726513698972136e-06 1.0578065920831758e-07 1.0011044046493327e-07 0.0 0.0 2.3279624565288e-06 5.1686077860472923e-08 6.016642757318369e-07 1.2233809941987797e-07 3.4007722966340258e-06 2.219751467414511e-07 4.140901363407572e-05 0.0 0.0 1.7754570212854347e-07 3.792197636363595e-07 3.203948552109635e-05 6.545474771033272e-06 2.672814430012513e-07 0.0 4.4433170795267744e-07 7.202905210318042e-08 3.5148020211105397e-06 8.40290303961366e-06 0.00011088270247268454 0.00020939647642298026 4.542256208310934e-06 2.432479905556764e-07 1.720958298046104e-06 2.1933529035623535e-05 1.1130343413741306e-07 0.0 2.5434298105071456e-07 2.730279030244639e-06 5.2515462640004215e-06 8.881405340207439e-06 2.6238288226434964e-06 6.433939065165731e-07 4.3490535231356863e-07 0.0 1.5921452657520286e-07 0.0
1.456460484687486e-05 2.490551630319099e-05 0.00017205727045635489 3.6671134092649204e-06 9.931943421836778e-06 3.710575774023142e-05 1.1146264012736553e-05 0.00013758018211689935 1.3815819151802275e-05 2.5747234547807967e-05 0.0005385750106184622 1.6373251516570447e-05 6.803856009852332e-07 0.0001809645888483975 6.842158682937503e-07 3.4911396865017227e-06 0.0010341844391016238 0.00014695937347679786 0.0 1.356637172916284e-05 4.962960655109821e-05 1.6047424307781175e-05 0.0001733746583241388 2.278390792449368e-05 1.951411364846112e-06 0.0012824673593607604 0.0012224141962931642 1.3846054185758524e-05 0.0003448696773091258 5.466028891061863e-05 2.7087674320592545e-07 0.00016066017832915553 1.5932944226825603e-05 0.002794142390150319 5.478614983675984e-06 0.0009920353544883686 0.0010699330633330492 0.0015500654319248752 0.0002929554035893559 3.032043616994373e-05 6.071089000944253e-07 3.225619830571483e-06 2.6803869183000512e-06 3.3954995958821325e-07 1.4536213524896128e-05 2.9018728585299704e-06 1.685644191197343e-07 0.0 1.1682614034593218e-07 3.2022284955553556e-06 4.4644398376023326e-07 1.0261416432818693e-06 6.454124512758479e-07 1.5587970446120375e-06 1.7567731182851195e-07 3.902732346863134e-06 3.148939178102935e-07 0.0 3.656126466604895e-07 3.690414017849076e-06 2.1226693323863632e-05 3.076499560261507e-05 1.2926668621545153e-06 1.4455569844601245e-07 1.3716212456068574e-06 1.020894808191338e-06 8.65812648395933e-06 4.556414040531945e-06 0.0001972686343617753 0.0002798530765999544 5.8524342873734675e-06 6.654255094851073e-07 1.0377479148646743e-06 3.1711171100852975e-06 0.0 0.0 1.8628796466485022e-06 2.560850155906417e-06 9.700892375306366e-06 1.7730303625853627e-05 9.626407009283748e-06 2.2582339211629348e-06 8.665928598234808e-07 0.0 6.584022971284175e-08 0.0
3.2964487350765075e-07 1.253749113186678e-07 6.964408388607195e-07 0.002457793898065088 3.931716521253718e-06 0.0005732629577611538 1.0515306388741304e-05 0.0004345333023967276 0.00031761938026115806 0.0025427453154576933 2.0678751900793314e-05 0.003944598301400107 2.9102249817557774e-06 0.0002596634044250472 3.365870839284098e-05 0.0 1.1113664433554915e-06 1.3454580501103518e-05 1.356637172916284e-05 0.0 3.1752882887194725e-07 2.267639210127594e-07 8.407859965499583e-07 0.0003924997423484675 2.0618692266522844e-07 2.0529960712707127e-05 8.294024563723831e-06 0.0004967704865652692 0.00012031311426363619 6.283070446421986e-07 7.293940655814938e-07 1.2026207264734042e-05 7.678247460112851e-07 7.677938398483628e-05 1.6000279129073251e-06 8.69612852284862e-05 8.173669396533461e-06 0.00020204899588303823 3.646834019499008e-05 0.00017410002680708046 1.3808529330334162e-05 1.5675821380110936e-06 2.066520670487451e-06 0.0 1.4609540968296922e-07 3.9992470824355546e-07 0.00011396034233866638 2.7079096465544787e-07 5.35531364320917e-06 7.618041799962651e-05 3.540433135327952e-06 8.456517054917096e-05 0.00011754645167402735 1.90608143634368e-07 6.313505645473331e-05 1.5289456623621036e-07 3.6430918034831403e-06 6.2836759586911195e-06 0.0 0.0 7.093471510349711e-07 5.933883865320199e-07 0.00017353694797051625 0.0 2.6503237506873505e-07 0.0 0.0001246251647724972 6.718633599727642e-08 5.258575695569262e-07 9.639594823845436e-07 0.00016780832843885308 4.212702775165687e-06 1.308912326220855e-06 0.0 1.3570201656686286e-06 0.0 2.5213261120184405e-06 1.7049530696611248e-07 1.6188708441021905e-05 6.844722418571143e-07 1.2657984996269201e-05 4.142082269626142e-06 3.951038318422284e-05 1.1845419226552006e-06 6.793774930375833e-07 2.56083837414539e-07
3.1625853256936836e-05 1.2706201597482417e-06 0.0012753136397499593 7.91523979751772e-08 4.2766995754189385e-07 5.65759251986257e-05 0.0004452201659360555 0.00015142159247153548 5.448684320787845e-06 8.227752990224715e-06 1.2238963756142668e-05 5.469429779992585e-07 4.708672040434151e-07 0.0001797105690372251 2.6813754866971694e-07 0.0011081183576346339 0.0005488824944851902 1.619529304430028e-06 4.962960655109821e-05 3.1752882887194725e-07 0.0 3.182780106304258e-05 0.010584495637025147 0.0005248828106207032 1.152434100282036e-06 5.6427433540624794e-05 0.0003821833317781392 0.0021050159584219863 0.0002321485377854607 0.0043138740473750116 0.0 2.1990207220487197e-06 2.812196646856494e-05 0.0019521242778811276 0.00012728688684248562 0.004094659316297531 0.0008206529785993403 0.00425137240611807 0.0020009881235216512 0.00015192033679966313 6.239415253635537e-06 1.263286521277108e-06 2.8235463780376472e-05 1.0995366802415258e-05 1.4194258326047916e-07 3.824835076764973e-06 7.899281352573973e-08 1.2992335064556123e-07 6.599961029123622e-07 1.8463265438506508e-05 4.7181421939872294e-06 1.2882358662925409e-05 0.0 6.33729854039618e-08 0.0 0.0 2.0428896938411674e-05 0.0 0.0004335435464469656 9.100856391634355e-07 1.4684597199964776e-07 3.498231207111267e-07 5.52350145829947e-08 0.0003451467979199037 4.896342472585706e-05 0.00013764898615053431 0.00025395764696542825 0.0 1.3044272549009414e-06 2.1451182219655077e-05 0.00027632555217056747 3.950203215289064e-05 0.00014022731843163808 0.0 3.9723905467191427e-07 3.2025172861416905e-06 6.531962328104698e-06 1.0366877793322603e-05 8.157385571496079e-05 2.6210107979706376e-06 2.064999903222698e-05 1.1121822237897766e-05 4.949663300713052e-06 5.817869597498443e-07 0.0 0.0
5.3595284365024444e-08 0.0010174908089673309 2.895934694441733e-06 8.097456986982856e-07 4.54139617029838e-06 3.09989314244048e-06 5.951337272952295e-06 4.3830411930560775e-07 0.00141573331343135 4.899471475428305e-07 3.104615202776304e-05 8.071491634971311e-06 0.0002165325268740817 1.2069809050179266e-07 5.849396040359975e-05 0.000624043047809518 1.734318017893e-05 7.885381012534597e-07 1.6047424307781175e-05 2.267639210127594e-07 3.182780106304258e-05 0.0 7.534301549119378e-05 0.002620647005819853 0.0002564754051394848 7.764155191911535e-05 0.002085880184089138 5.835714534505586e-05 6.723976929960743e-07 9.954955381093563e-07 1.6548116486284172e-05 3.646667651946908e-07 0.0 1.733475172623296e-05 9.407388607334062e-07 1.9010488452854237e-05 1.2936594919376943e-05 3.292772254873254e-05 3.6382165520021617e-06 5.057775371902672e-05 1.7115865141802072e-07 1.591916502207322e-05 0.0 4.6057213632789706e-07 4.714356839393143e-06 4.1884644750813056e-05 0.0 0.0 0.0 1.580145671950697e-06 1.9156897946113433e-07 7.585072998868595e-06 0.0 3.7630426264381074e-07 1.672796070079989e-06 3.7485469905886114e-06 1.6476842428974846e-07 0.0 0.0006406797170997634 2.7186585373203468e-06 2.5687164246576925e-07 1.4034333289798593e-06 0.0 4.053411192208265e-05 9.761908692008326e-05 0.00025231536030002324 6.550577988900269e-05 1.1207040807305804e-06 6.9221721191913995e-06 0.0008250244342057075 2.373274222946474e-05 5.706955045466763e-07 9.212571221501861e-06 1.2632376838542084e-06 0.0 2.0546113793412044e-07 1.627221603224557e-06 9.301893665375195e-07 3.4087024289439926e-05 6.348873658651058e-06 1.9912568473208873e-05 7.678346482645507e-06 6.142494032036417e-07 0.0 0.0 0.0
0.0001914596844736493 2.1291387450893776e-06 0.005420287135233574 9.451920609771498e-07 5.214589410863947e-07 0.0001265349121308911 0.00040462456098683264 0.0007542317135733235 5.778782135431781e-06 1.6295671659178652e-05 1.749784439545151e-05 7.125060030416728e-07 7.405661147494373e-07 0.0009434489769709415 2.1958507182196065e-07 0.002726142294302227 0.0031408264675112344 7.909824253412345e-06 0.0001733746583241388 8.407859965499583e-07 0.010584495637025147 7.534301549119378e-05 0.0 0.00042319513306312255 1.3007321495126026e-07 0.0006793953145546183 0.005745169167206377 0.0011203512813904297 0.0007141299879897446 0.0018394016169068098 0.0 4.149417007626496e-06 3.0743583779070874e-05 0.0012650955731729533 0.00014856568086217127 0.004934699880174412 0.007304893990795466 0.004568285146482933 0.0024936139148891813 0.00044842556014803957 1.1439052391873822e-05 1.6423494874651807e-06 4.193742313078059e-05 1.293933141853943e-06 2.065554840965473e-06 0.00010780493735581683 0.0 0.0 3.58843074315351e-07 2.374750008012659e-05 2.6785216509684317e-06 3.5377927228023836e-06 8.587892795090418e-07 7.501169004453896e-07 0.0 8.376101209293797e-07 2.875685107644424e-06 5.4748869954918797e-08 0.0012770657465082263 3.1385206004227333e-06 2.918214386326376e-07 1.2111643464571638e-06 0.0 0.00015394959102318226 0.00016911437063493298 0.001266849886804719 5.2097604247474104e-05 0.0 6.515207747648751e-06 0.000795259012818122 6.720844487653302e-05 6.0875952977757985e-06 2.8319483996556952e-05 0.0 1.7040929171142763e-07 3.872414172462976e-07 3.3472747443819475e-06 2.048162131164185e-05 8.076963720457972e-05 2.1312789477938046e-05 3.176181821904484e-05 2.3418216936461408e-05 5.774621971178865e-06 1.611868452934781e-07 5.129087651596545e-07 4.335456088125457e-07
