0.0 0.0 4.790713407596858e-05 4.013948346011043e-06 3.5485008757957e-07 2.3610972485997183e-06 0.0005947135371009335 0.0003624321091602219 1.158738602270885e-06 2.9782205297927052e-05 4.833548817770537e-06 4.910366917782204e-07 1.0601396510233658e-06 0.003678097152104381 1.5379226576883975e-07 0.0 0.00013914466671877633 1.968246246585142e-06 1.4799078419195425e-05 4.15989548957875e-07 6.0749805410525956e-06 1.768458003595635e-07 2.8328796055354245e-05 1.5128858409767794e-05 9.120010766513139e-08 4.1116492041112584e-05 2.657566243221005e-05 5.1886399182300995e-05 0.0019069861463474208 0.002667572309431465 0.0 1.8227691652624993e-06 0.00017602439670295994 8.4206422871101e-05 5.241547041587681e-06 3.902608202937395e-05 2.7140627812795136e-06 8.07925324975661e-05 2.3033305773662203e-05 2.721327248898767e-06 3.907058291429671e-06 2.7697587403934997e-07 2.908750351765159e-07 1.5572098208765723e-07 2.550226029544525e-07 1.7275600825273773e-07 4.833622731606019e-08 0.0 0.0 3.9688627408640645e-07 5.0566007120186924e-08 6.45356354502589e-07 5.645768352318005e-08 5.458959333072087e-08 0.0 0.0 0.0 0.0 4.149372531666441e-07 7.064338853927329e-08 0.0 6.651664714255323e-08 0.0 3.7485529431224433e-07 1.1491468290122562e-07 0.0 2.0834288461634118e-06 0.0 5.501433091010547e-08 1.089427733730697e-06 4.48803362426687e-06 5.739241131169814e-08 4.3043334598433533e-07 0.0 0.0 6.030278574646451e-08 5.5704803602349794e-08 0.0 3.068491689670231e-07 0.0 6.211787765936429e-08 6.232061057158779e-08 0.0 0.0 0.0 0.0
0.0 0.0 0.0002960149450306393 3.767983586108907e-07 7.433391626109967e-08 3.293781327194571e-07 3.0206390335159154e-06 1.3581609908443717e-06 0.00030548010891583816 3.040878693561727e-07 4.973019378591566e-05 1.3667873990678148e-06 0.00017480194789475475 6.741625212909301e-07 3.8100473587236922e-06 7.544027599548265e-05 1.8145983202729254e-05 6.608557623824987e-06 1.373068390473835e-05 0.0 3.891381449154231e-06 0.001292314041907539 7.744500981839535e-06 0.0003308557976490901 0.000644841841289231 0.0004080375501386128 0.006692699016136575 2.9540163131543838e-05 6.616248507149926e-07 3.2868768786885353e-06 4.8003824314925517e-05 4.777179716432234e-08 2.428983006522452e-07 1.1809433562182905e-05 9.929233777724092e-08 3.3741334505813654e-05 4.319785907265838e-05 2.2699222861315598e-05 2.6282209613881857e-06 2.7382837692645928e-06 5.003939201895505e-08 3.0134349071229424e-05 2.4232753938766416e-07 0.0 4.4627459387344115e-05 4.372637145585241e-05 0.0 0.0 0.0 5.098003177013469e-07 0.0 3.833892148932492e-07 0.0 3.1563271312287883e-06 0.0 3.844565691982383e-05 2.00916725714566e-07 0.0 8.350829870098831e-07 3.910781622706656e-06 2.4552642683000902e-06 1.829554550326457e-05 0.0 2.7912108771993973e-07 7.64818854250671e-06 8.919293512806289e-07 1.9675964455720294e-06 2.3702668274030854e-05 0.0001334269830764185 0.0009337349951760341 1.2583192535875103e-06 0.0 9.794062077611663e-07 3.329868391984171e-06 0.0 0.0 2.2944035705747314e-06 1.961193554690492e-07 1.1046527443149224e-05 6.510700843001396e-06 7.50032400997268e-06 2.5789663870846084e-06 0.0 0.0 4.608202261253383e-06 0.0
4.790713407596858e-05 0.0002960149450306393 0.0 2.7070234304889148e-06 4.870600625925809e-08 2.6890095788087943e-05 0.00037179869980192394 0.0005705087450006859 4.7387410055441226e-06 5.270717577650271e-05 6.1192097830951474e-06 3.535876903761078e-07 1.870740880663576e-06 0.00020459687879624018 4.35822507468058e-07 4.279235261848544e-06 0.0016203261443680016 4.603673898467003e-06 6.946275163027459e-05 3.3630129996153683e-07 0.0005284359550982032 9.585079320006211e-05 0.006084456894992863 4.0398616091849265e-05 2.0024012044780224e-07 0.003632361483340409 0.006513944102610652 0.0002562121470088552 0.0001573839193381478 0.0013249429413697829 1.8205715292047835e-07 2.0969992375687327e-06 1.2500677525086687e-05 0.00031479434013112684 2.3783394627209453e-05 0.0008608050640771923 0.0017193747806323223 0.0005717169154693969 0.00011979645943256366 2.7866260702536663e-05 1.7378517450551237e-06 1.4923613075504895e-06 2.8757808032179983e-06 3.4836495706776884e-07 0.0003710724553037982 0.0006797036067519056 2.2258733930848018e-07 0.0 0.0 4.408465777018331e-06 2.1410654668043024e-07 1.1582911108244993e-06 1.4301147900687833e-07 1.1047221424650997e-06 1.100156258300315e-07 5.691116816879601e-07 8.504203901027684e-07 7.796912683793977e-08 1.0092029286417862e-05 4.618079159611434e-05 1.1614259079538617e-06 2.3686509954437615e-05 0.0 1.9620999526559987e-06 9.266054466416766e-05 1.5852129310050552e-05 1.0026728224382966e-05 2.6550367864834214e-06 0.00020284701150862945 0.0016367445401652564 1.1343123302402207e-05 9.623782106569114e-07 4.3802052148558265e-06 8.202292542407519e-07 0.0 0.0 1.7779135412220798e-05 1.4724089160290514e-06 7.600037735178993e-05 1.3696265317018322e-05 6.0217978270226934e-05 1.8620777619018437e-05 8.042301278102075e-07 1.308994499101706e-07 0.0 3.2949895399882966e-07
4.013948346011043e-06 3.767983586108907e-07 2.7070234304889148e-06 0.0 1.1490899672282928e-06 0.00010766798310775116 0.00037992479963622314 5.3454009675263906e-05 0.0005357350764488102 0.002025159296017422 7.204373012702008e-06 0.0029837754200354692 3.4279478754229095e-06 4.389001005519718e-05 5.539877332468983e-05 4.5329083728447837e-07 3.495362129437533e-07 2.3740363937292655e-06 1.1411791807079908e-06 0.0024888498956836132 2.414664290927801e-06 1.8661300189001416e-06 1.364626343112208e-05 0.0014574032311778658 4.326990567608087e-07 3.3602025042065877e-06 1.6150900799023233e-05 0.001841490651233705 6.991377100347917e-05 7.712207630469335e-06 1.0744372184127659e-07 2.535187310048748e-06 5.151884410351203e-06 2.9588354719628896e-05 3.917773223176293e-06 0.00011009737653057068 4.209182455533759e-06 6.764317143701637e-05 2.7673450310822936e-05 6.491638105558955e-05 1.2468772618000803e-05 1.7942023984459437e-06 2.119707190653267e-06 2.098351839781478e-06 3.910940075968212e-07 8.547712948472937e-07 0.0001254250158041126 0.0 9.686462537929902e-06 0.0001444677220822572 1.856167139071579e-05 5.805011010966568e-05 0.0001594860440291877 3.748781854804881e-07 0.00014683535939712144 8.612816926016166e-07 6.870976835402716e-06 8.265558628403763e-07 1.910072961154861e-06 9.42727378430824e-08 0.0 0.0 8.557674935843421e-05 6.164449158005745e-07 9.567185695396197e-07 5.355439802783632e-07 0.00024393299809319697 0.0 9.666799234174297e-08 2.0671955372082914e-06 0.00036466498761501896 7.65013280056338e-06 7.607431179771416e-06 0.0 5.878923482208357e-07 6.15968800859075e-07 3.15117225143165e-06 1.4132087279095337e-06 2.4112162238512886e-05 1.875063303028154e-07 1.2174538542254727e-05 3.781734656414394e-06 8.95559115956247e-06 1.6157145667616557e-07 0.0 4.042351629001079e-07
3.5485008757957e-07 7.433391626109967e-08 4.870600625925809e-08 1.1490899672282928e-06 0.0 0.0002941960535575755 1.6703245302572534e-06 1.6029920688810705e-05 1.338400966754142e-05 4.5160270668623195e-06 1.1525778688277511e-05 6.990987209061061e-05 1.6236121635906654e-05 3.258309376166157e-05 0.0007982777925116261 0.0 1.2631004909370476e-07 2.538467768540584e-06 1.616590930080392e-07 2.690302877563816e-06 0.0 5.575610239764235e-07 2.8177786294610356e-07 6.629332773971784e-06 5.503913285397237e-07 1.1071995793851722e-06 5.38601068718461e-07 1.9814028025111153e-06 6.723087966604872e-05 4.4610827748415224e-07 7.518631288519291e-08 0.0002527334148402202 0.0 0.00015759587606774213 8.900671116466648e-07 2.752498406322202e-05 2.230091706782344e-06 0.00014482980600020938 0.00012876092273906206 0.000569161942775718 4.211028194609528e-05 2.5792322594987106e-06 1.0590178998731063e-06 0.0 0.0 0.0 0.0 0.0 0.0 0.0 0.0 9.964253222378245e-08 0.0 0.0 6.691834557346615e-07 4.9452837297576734e-08 0.0 0.0 1.589603302991703e-07 0.0 0.0 0.0 0.0 0.0 0.0 0.0 2.0274461334047112e-07 0.0 0.0 0.0 3.0411104275474803e-07 0.0 0.0 0.0 0.0 0.0 0.0 0.0 1.1441690411203266e-06 0.0 0.0 0.0 0.0 0.0 0.0 2.0647348624815597e-07
2.3610972485997183e-06 3.293781327194571e-07 2.6890095788087943e-05 0.00010766798310775116 0.0002941960535575755 0.0 0.0018930645032569219 0.0032963507048633495 7.30310553250508e-05 0.005835648910448713 8.252138058207167e-05 0.0027556493225563976 4.737756738704569e-05 0.000766399518670695 0.001179999895578761 7.708717230750048e-08 6.286416872240803e-06 1.7136518820103622e-05 5.289332530737008e-06 0.00028736601962083973 2.7443647726390597e-06 8.034444557759884e-07 1.4774218141370123e-05 5.4981578770447774e-05 1.643073082645252e-06 2.884584450754789e-05 1.3189714252287559e-05 0.0003271220230107737 0.0009150925112374708 4.4437298345147695e-05 7.062861187445429e-07 0.0011116552128110054 2.5836865635205195e-06 0.0003659321331397648 4.81516962388431e-06 0.00020946801546337893 1.154000341735783e-05 0.00029853071298500787 0.00015477566256856006 0.001641843330066947 7.796225494508387e-05 7.758428980051523e-06 7.144997956194625e-06 2.9357164301866403e-07 5.450232313549366e-08 3.6017403860100806e-07 7.2184659173339465e-06 0.0 4.075710796520962e-07 1.3904387268679977e-05 1.2040365399752834e-06 6.169043646596024e-06 7.694807314348894e-06 6.217958297348777e-06 2.459650653974001e-05 3.159371877812766e-07 4.0444502022124166e-07 1.3339937295982218e-06 7.963563821139617e-07 6.462055512449499e-08 0.0 0.0 6.634684913701066e-06 0.0 2.1037518709468893e-07 8.892873321240978e-08 1.8542501280650672e-05 7.459331644719278e-08 1.0163614244924233e-07 1.179051665086443e-06 3.208300299117342e-05 1.508076315757388e-06 5.628899102147404e-06 3.4328743126501886e-08 0.0 2.888925844909229e-07 7.479732320983172e-08 8.307188174397742e-08 6.227015530173348e-06 1.0849027920336058e-06 6.812787111962586e-07 4.867092579182956e-07 4.14142745034693e-06 0.0 3.5461380358320114e-07 1.408150710324972e-07
0.0005947135371009335 3.0206390335159154e-06 0.00037179869980192394 0.00037992479963622314 1.6703245302572534e-06 0.0018930645032569219 0.0 0.004999016650297199 0.00019963816587796322 0.0058282547660394824 3.928108936328608e-05 8.043413203060089e-05 1.6992669475520803e-05 0.003860274439241187 2.667491462272263e-05 1.77459672688683e-06 3.4096440606815336e-05 1.2085256359412155e-05 9.119211389145185e-06 4.7987140917242176e-05 0.0001492490492573181 5.866413481646677e-06 0.00040987303248167127 0.0007137856952903661 1.8587705578907766e-06 0.00015405576107318372 0.00022819424179048935 0.007732455723900703 0.0007241797907196713 0.004263997134598217 4.7305997741441764e-07 1.5167192516178825e-05 9.854505157004808e-05 0.00024632779009643653 5.592501712522305e-05 0.0011838507607661612 4.085046932791716e-05 0.0005257908576306551 0.00029187192384086576 0.00013799422220232745 5.151118507788927e-05 3.1065250720351363e-06 2.6864716549705674e-05 6.6686912963939965e-06 3.2873026498411618e-06 8.371430582831106e-06 2.2590293940493706e-05 3.016724048774182e-07 4.212138314818987e-06 0.00021882261968564446 2.117866334543626e-05 6.645438921762666e-05 3.2894855626289865e-05 1.2959871858122772e-06 1.607478872106951e-05 2.4159069320080537e-07 1.7290586062121717e-05 0.0 1.257702349570681e-05 9.926584245138466e-07 1.2344474760567362e-07 3.748396953655404e-07 1.4279176078679527e-05 4.449537105741793e-06 5.242402306282172e-06 4.9863355998439515e-06 0.00036630316814333243 5.850522643943216e-08 1.649607054260107e-06 2.7595823941280915e-05 0.0005972750452841679 3.151892848397865e-05 0.00010077990557042243 9.012265142123403e-08 1.0401820039154826e-06 3.5407318108549995e-06 6.928010482381996e-06 5.525183379825354e-06 8.647811012656417e-05 3.2630536867279474e-06 3.782652541154396e-05 1.0354528254761719e-05 7.150170925430448e-06 7.655705716876488e-07 2.4423288398388953e-07 1.2535622994882583e-06
0.0003624321091602219 1.3581609908443717e-06 0.0005705087450006859 5.3454009675263906e-05 1.6029920688810705e-05 0.0032963507048633495 0.004999016650297199 0.0 8.504221795956274e-06 0.00276902691157543 2.823261421620039e-05 0.00019648043855247853 1.317232220093913e-05 0.004413306654821955 8.32612736131723e-05 9.819929784233323e-08 0.0003171683027521358 7.144563994641499e-06 2.59867049962989e-05 0.000162614834591519 3.375928570502991e-05 6.494648005087615e-07 0.0002631610849370662 4.3068666731047896e-05 8.631823346302902e-07 0.0002818303330430392 0.00011597455229954384 0.0002218398372713622 0.0010898993749553045 0.0019130350559817338 2.158542808921716e-07 0.0006460897625671766 3.907140566910814e-05 0.00015674172736919237 1.2730160792596328e-05 0.00032461418968948144 1.5694384248303395e-05 0.0001626437247142031 9.847264612982865e-05 0.00045235627572962555 2.3514398335240683e-05 2.189543495792356e-06 6.740923710350587e-06 6.04671479195427e-07 1.1330162900370592e-06 3.054224610784486e-06 7.406847176920299e-07 5.150654732796585e-07 6.882237741725749e-08 1.5043833475059784e-05 1.5065134538545905e-06 4.119273322800123e-06 1.6417331254955377e-06 0.0 8.033427918338517e-07 1.1206010235187044e-07 1.0203688320398963e-06 0.0 6.291991699329538e-06 3.755708397369169e-07 0.0 5.1971540868832084e-08 4.3441274407836276e-07 1.936753525456733e-06 6.900646215101913e-07 2.7164774295786603e-07 4.275808061128343e-05 6.649913360630274e-08 1.2232776424105624e-06 7.0725258447802205e-06 5.801471235050776e-05 4.1365132443719935e-06 2.2227232849599525e-05 4.4011360226583244e-08 0.0 2.385337420619497e-07 1.6745014285606003e-07 1.6782616519186291e-07 6.497017614765336e-06 1.6796554731085146e-06 2.2735714137148845e-06 8.573198652526905e-07 3.187112258962812e-07 8.150900458548616e-08 4.680011779755592e-07 5.303518384496117e-07
1.158738602270885e-06 0.00030548010891583816 4.7387410055441226e-06 0.0005357350764488102 1.338400966754142e-05 7.30310553250508e-05 0.00019963816587796322 8.504221795956274e-06 0.0 0.00014217650667704197 2.1254150779015615e-06 0.0005259349117390644 6.3872612670758484e-06 3.903639459982978e-06 0.00042502260227087965 3.937858039839047e-05 1.0960733045581449e-06 6.188620431499312e-07 2.0597779100531614e-06 0.0002711964612305917 2.1769861678738247e-05 0.0015110553442535043 3.027239081353667e-06 0.005488691566209836 2.4256940872229458e-05 2.6978803165000166e-05 0.000354059196126342 0.00096657678246862 2.117596746986741e-05 4.783706788278267e-05 2.2551664033811655e-06 7.756565531403842e-07 9.62741787397877e-06 9.185233822372749e-06 2.497959496956436e-06 6.0052611383865837e-05 7.137959310979856e-06 1.8430750773530755e-05 9.07873831435313e-06 0.00011013185963461889 3.6060561111251692e-06 9.122472692206746e-07 6.009148256696999e-07 3.5289164020228405e-06 3.821664992744047e-06 1.5993612527067714e-06 0.00011181376713796068 3.8949315138911774e-08 9.421238044576679e-06 0.00010104282350969353 9.322763968809106e-06 6.988899391113707e-05 0.00011030443013745142 3.087129151007302e-07 0.0001886491068004102 2.6474906110401106e-07 8.42846355474594e-06 9.177327200656798e-06 0.0001208277087816485 5.287247043096856e-07 5.5848355865183324e-08 2.4531174375159794e-07 8.797184042284929e-05 2.7136985088789196e-05 2.0321348590840923e-05 3.826541871850673e-06 0.0009211335874182816 2.2902040976587827e-07 2.0763688086522942e-06 1.2402733882157668e-05 0.0005635796680976473 1.5078524132819435e-05 5.659038361023342e-05 2.4756012787406734e-07 4.444918452132853e-07 9.46768817616791e-07 3.520430323296959e-06 3.243384593436624e-06 5.342538165302362e-05 1.7499902008270667e-06 1.3446907626023299e-05 5.617297185305382e-06 1.3422583170110317e-05 8.896392199526288e-07 6.267635427667552e-08 6.125007125916776e-07
2.9782205297927052e-05 3.040878693561727e-07 5.270717577650271e-05 0.002025159296017422 4.5160270668623195e-06 0.005835648910448713 0.0058282547660394824 0.00276902691157543 0.00014217650667704197 0.0 8.591192968147194e-05 0.0023705728213798223 3.058405309471804e-05 0.0006483567425715902 4.643022943670961e-05 0.0 7.115728866825822e-06 2.8256243653224436e-05 1.2156046265539704e-05 0.002500038584280106 6.348318645372502e-06 4.971415893827856e-07 3.710489049370341e-05 0.00025894893681855714 5.013392659408127e-07 4.169509919067941e-05 2.9129384937053836e-05 0.0034319266886632255 0.0005808265331192057 0.00010123503100021016 9.568801197069757e-07 4.038150210221412e-05 6.31292857508416e-06 0.00024299726125115114 1.2442050428538948e-05 0.00031781915555188035 1.4496865899834902e-05 0.0004448613261346018 0.0001246105543958099 0.00017262717476699383 7.639919976790399e-05 4.7706507143595685e-06 1.669440139773939e-05 1.6558670755710997e-06 6.697620698675222e-07 2.2667200550225707e-06 4.354938562729524e-05 6.085733020875087e-08 4.4662275286720355e-06 0.0001419854585544021 1.1506100678033279e-05 2.3298762077279645e-05 5.8121119058948865e-05 2.45827477729371e-07 7.742308193278459e-05 8.902718964496771e-08 6.658925131487926e-06 6.405434463331424e-07 1.2957270228415047e-06 6.223572026456183e-08 0.0 0.0 3.730274918512487e-05 5.151005728167038e-07 3.1433292573997736e-07 1.064878382196615e-06 0.00017763392751543686 2.0171785939424664e-07 3.904092748592931e-07 2.5344416727684535e-06 0.0002707780508051978 8.913609344347616e-06 1.4517054676421677e-05 7.850439954528852e-08 3.9892580013567286e-07 8.711650593737537e-07 1.5756495074018393e-06 4.311249399700591e-07 1.8330541747822677e-05 6.211025210091934e-07 1.2700326842102447e-05 4.178875738723121e-06 3.2935335899862336e-06 2.227001704183308e-07 6.48802386850967e-07 0.0
4.833548817770537e-06 4.973019378591566e-05 6.1192097830951474e-06 7.204373012702008e-06 1.1525778688277511e-05 8.252138058207167e-05 3.928108936328608e-05 2.823261421620039e-05 2.1254150779015615e-06 8.591192968147194e-05 0.0 4.321349473218895e-05 0.0016448104854038022 1.1282138636732915e-05 1.8369304077739082e-06 7.200691954951983e-08 5.7717778068482815e-05 0.0022665915406211 0.0006674642336533772 2.8107982106520217e-05 4.670678296831347e-06 4.841828151336779e-06 1.4559541823138233e-05 8.230076244006496e-06 0.0006219281582733273 0.0025241353925211456 0.00028491163088060914 1.9326957359811524e-05 0.00016982095592005608 1.5398725519610675e-05 0.0002876907143967398 7.716319682158687e-05 5.704894287162856e-06 0.002510510441688721 7.192483220921789e-06 0.00027444314466563096 0.002574260091674629 0.0029471127394212608 0.0005087800877190023 2.588977592755173e-05 0.0001304073828259632 0.0009959403600352395 1.0573329813611472e-05 4.080568514476429e-08 8.974574562821495e-06 5.241710323276263e-07 0.0 0.0 0.0 9.461240395407963e-07 1.3760092141288456e-07 1.3480307678802025e-07 3.046603354445133e-07 6.504384585008483e-05 2.679478139148599e-07 0.000518620901422664 1.866455659307837e-07 0.0 6.506196336305877e-08 0.0 8.740536883428653e-06 6.5323053994420274e-06 0.0 0.0 8.871385142858955e-07 0.0 1.1744645449961701e-06 0.0001675379870009918 0.00011263014974152522 0.00018956730370241385 2.904080633535823e-06 1.548375363131687e-07 5.087775416772281e-07 8.063295519459948e-05 1.1823203728802852e-07 0.0 1.1222137867952609e-06 1.5707796230307282e-06 1.1920222384703715e-05 0.00022344240491616843 5.44864708298583e-06 2.98460470384516e-06 7.349681041869971e-07 0.0 0.00010414059019268594 1.9087762271990334e-06
4.910366917782204e-07 1.3667873990678148e-06 3.535876903761078e-07 0.0029837754200354692 6.990987209061061e-05 0.0027556493225563976 8.043413203060089e-05 0.00019648043855247853 0.0005259349117390644 0.0023705728213798223 4.321349473218895e-05 0.0 2.2629080319104106e-05 9.64452198669648e-05 0.0009814749033144475 0.0 1.7124341386034538e-07 1.1455921909997611e-05 3.5961015765423975e-06 0.0025947291769591054 7.172800733131486e-08 6.461505758275003e-06 2.0540887148434473e-07 0.00015664988885270332 4.017580730470644e-06 9.529962542918281e-06 4.204203561604044e-06 0.0007202265722349209 0.00022105379117516396 1.4901852888106018e-06 8.242316693624952e-07 2.8556684446888078e-05 5.262189833336819e-07 0.00014944008395876155 1.6222331186842067e-06 0.0002522501645877108 8.35058171335892e-06 0.00017438240054260933 4.188176634341664e-05 0.0007591660635385912 3.154792382518153e-05 3.566147796389225e-05 4.785461822720787e-06 1.1811224653075853e-06 7.595873153559875e-08 4.4321850967751334e-07 0.00010410269540829741 3.3203906512212637e-07 1.3804046151548881e-05 7.790167936846631e-05 6.718930793531952e-06 3.616591475730296e-05 0.00010179842359315681 1.745726856898732e-05 0.0002878478655810326 4.4640985928165145e-06 2.840799566448464e-06 1.5072995599132925e-05 2.8051408662794017e-06 0.0 0.0 0.0 6.331474857717306e-05 3.4798452965043955e-07 2.031215205065027e-07 2.1939374673599086e-07 0.00010810949556177185 0.0 7.681975830556034e-07 1.5873514176875526e-06 0.00016223363460298238 1.8559245052741426e-06 1.929476782343626e-05 0.0 7.790543546134526e-07 4.968860488871726e-07 5.54880297311311e-07 1.1787649114417287e-06 1.954199261209543e-05 4.404566250108135e-06 5.814295505188924e-06 3.85569071965646e-06 5.1886744853434374e-05 5.828138727511592e-07 1.570984988312882e-05 2.0010278182897114e-06
1.0601396510233658e-06 0.00017480194789475475 1.870740880663576e-06 3.4279478754229095e-06 1.6236121635906654e-05 4.737756738704569e-05 1.6992669475520803e-05 1.317232220093913e-05 6.3872612670758484e-06 3.058405309471804e-05 0.0016448104854038022 2.2629080319104106e-05 0.0 3.709867805108682e-06 5.466760839245224e-06 2.528310119653249e-07 2.002278132983844e-06 4.354968531776812e-05 2.6275929531333783e-06 9.528117290499139e-06 2.4143670528076616e-06 2.4844090107987293e-05 8.065785156739585e-06 6.99164794154142e-06 0.0022524307457460666 0.0008205982816198323 0.0015887000190946518 1.5136739987355737e-05 4.8049795703782025e-05 9.130455161417343e-06 0.0007170664665315487 5.744053984800154e-05 1.5077178641666865e-06 0.0003886832077294526 8.562144253374691e-05 0.0010833455605572724 0.0018327435283986995 0.0019716819170070817 0.0004948030266548247 0.00012924173434797332 0.00010232082785598102 0.0011277652427678165 2.0968001343674087e-05 0.0 7.077266921516364e-06 4.7404447690329913e-07 7.230308748275348e-07 0.0 1.902338492313318e-06 4.972548056988995e-07 1.706511344399444e-07 1.1090066582450102e-07 1.7660665973456846e-07 0.00013459927852494579 0.0 0.0008395956377362192 4.590293999186754e-07 0.0 0.0 5.698016051752348e-08 1.0638484020525871e-05 5.933616394723967e-06 8.954782756544793e-07 1.3535034428446038e-07 4.93685884924666e-07 8.369461496133102e-07 9.301512635070194e-07 0.00020751872122383536 0.00012689770656145304 0.0002585478343780121 2.1075662291336505e-06 1.2416887435799506e-07 7.306540495703573e-07 0.0001692749501171505 1.6383711787163474e-07 0.0 1.674122263551916e-06 3.7818268042362567e-05 0.00012584088275068887 0.0003245665195371897 3.582156236802103e-05 6.896346161398073e-05 8.729832714573864e-06 2.055791608757781e-06 0.00017444867737406242 9.257344991704468e-06
0.003678097152104381 6.741625212909301e-07 0.00020459687879624018 4.389001005519718e-05 3.258309376166157e-05 0.000766399518670695 0.003860274439241187 0.004413306654821955 3.903639459982978e-06 0.0006483567425715902 1.1282138636732915e-05 9.64452198669648e-05 3.709867805108682e-06 0.0 8.191737044100765e-06 1.2094336306057534e-07 0.0002452509031244667 3.2337560120032665e-06 2.658758123269164e-05 8.845852500468316e-05 1.4883977547826174e-05 8.862889399651183e-08 9.099795745556668e-05 6.835170163396383e-05 5.0963543797886344e-08 0.00011317631875556178 6.016507067241728e-05 0.00022802193839578213 0.0027487014290596677 0.0025287320827616384 2.3313794053758852e-07 0.0002274976847920129 2.6179408947131436e-05 7.910730750444323e-05 4.7335945545176975e-06 0.0002846781136148781 1.617121194343532e-05 5.6585271541726436e-05 3.2231559941500634e-05 9.85000140775448e-05 4.064997836572737e-06 1.3253916694617613e-06 4.1599785720860846e-06 3.665794352302194e-07 4.860328776730124e-07 7.788392111944869e-07 3.8450945191591866e-07 0.0 1.43384720992523e-07 6.047249454433874e-06 3.2339508615358233e-07 1.3405425450029477e-06 9.629027700534306e-07 0.0 1.574796412829764e-06 0.0 3.3874002555910486e-07 1.0780287900780689e-07 1.2362182082265763e-06 5.5006683993689495e-08 0.0 9.217982830799331e-08 5.076498598760828e-07 1.153873096283836e-06 3.684599359294205e-08 0.0 1.146365024605033e-05 5.289308773808156e-08 4.4362997098954434e-07 2.539911822915564e-06 2.0289607384975196e-05 1.274950751401231e-06 4.980862200234104e-06 4.0812866762525535e-08 0.0 0.0 4.3233628780881907e-08 6.073427778418957e-07 2.867197061355626e-06 4.175838719147951e-07 5.856929425026624e-07 4.6722787449492463e-07 1.8758773849777763e-07 0.0 0.0 0.0
1.5379226576883975e-07 3.8100473587236922e-06 4.35822507468058e-07 5.539877332468983e-05 0.0007982777925116261 0.001179999895578761 2.667491462272263e-05 8.32612736131723e-05 0.00042502260227087965 4.643022943670961e-05 1.8369304077739082e-06 0.0009814749033144475 5.466760839245224e-06 8.191737044100765e-06 0.0 0.0 7.082170471389321e-08 2.7268749094111257e-07 1.271556149809895e-07 6.543321065913764e-05 3.3817425672025376e-07 2.4127491056464196e-05 7.111812474746355e-07 0.0004996548344554298 7.815784358167012e-07 1.029186634381296e-06 6.149138890977845e-06 7.900325736206187e-05 2.123127996186712e-05 1.5673444451083446e-06 5.559631273732779e-08 0.00034621268380352486 9.228802397534418e-07 3.8367999962616136e-05 1.3786463514634257e-07 0.0001551902763209301 7.667163276717845e-07 8.51888831085357e-06 3.3031797612343094e-06 0.0013152225082313893 4.602815651284414e-05 7.207780566377207e-06 5.936934401291673e-07 0.0 2.9708046017404493e-07 9.917667673622787e-08 9.93674266825225e-06 0.0 1.2949999631820886e-06 1.0163387064763015e-05 1.4921767441693414e-06 6.917265462593676e-06 6.504396263623327e-06 3.5660145951144976e-06 2.9145289003350612e-05 1.5433155797005917e-06 5.60271983612324e-07 3.210272690198577e-06 2.685126834305734e-06 0.0 0.0 0.0 6.782769932960745e-06 9.241720461202376e-07 3.2646736545058056e-07 0.0 1.2363401980920788e-05 0.0 1.6959571504544938e-07 2.995004861051852e-07 2.0239190288680216e-05 3.4466103103304005e-07 1.694605053586599e-06 0.0 0.0 0.0 7.462911393222048e-07 0.0 5.643650587444118e-06 1.5616092539824327e-06 4.219167711269514e-07 1.5680437279636416e-06 5.295488702727758e-06 0.0 1.2319965542949213e-05 0.0
0.0 7.544027599548265e-05 4.279235261848544e-06 4.5329083728447837e-07 0.0 7.708717230750048e-08 1.77459672688683e-06 9.819929784233323e-08 3.937858039839047e-05 0.0 7.200691954951983e-08 0.0 2.528310119653249e-07 1.2094336306057534e-07 0.0 0.0 2.515453086387531e-06 0.0 1.2489128904010248e-06 0.0 0.0023003373621963514 0.002360432897041678 0.004471484225711962 0.001113178241464707 1.943467346443415e-06 4.183011008052562e-06 0.0025717777898092158 0.0010127846348581293 3.365066568530592e-07 1.48492855170541e-05 0.0 0.0 7.660628996175197e-08 2.908631568646451e-05 1.6515170468847792e-05 0.0005315680951357841 9.269123190374375e-05 0.0001304948858192608 0.00016448302095205668 1.5108354414319009e-05 5.679935919041641e-07 8.933127070647064e-07 2.9194818321254116e-06 6.420026839371759e-08 4.010512657022924e-06 5.280552272276161e-05 1.1058632607183812e-07 0.0 1.0211964877428972e-07 1.1718463132798815e-05 8.15059671768908e-07 1.616931743038155e-05 1.6707858662455796e-07 0.0 1.576285540151479e-07 0.0 1.585097209704052e-06 0.0 0.001532981519720072 4.116662352793986e-06 0.0 4.244048260097684e-07 3.065526669340996e-07 0.000194591229293144 0.0005252838714907053 0.0006503439674578437 0.00010937035256185018 1.0782684570244933e-07 1.4870696032513942e-06 0.00041231297124441255 0.00013470128758138322 1.3031892042497878e-06 6.203576219137726e-05 7.848202325670372e-08 0.0 0.0 1.4492851556667726e-06 7.258873280132788e-07 5.8182105223490036e-05 1.4286253042382685e-06 3.7321580916278146e-06 2.561059723051884e-06 0.0 0.0 5.332290241229555e-07 0.0
0.00013914466671877633 1.8145983202729254e-05 0.0016203261443680016 3.495362129437533e-07 1.2631004909370476e-07 6.286416872240803e-06 3.4096440606815336e-05 0.0003171683027521358 1.0960733045581449e-06 7.115728866825822e-06 5.7717778068482815e-05 1.7124341386034538e-07 2.002278132983844e-06 0.0002452509031244667 7.082170471389321e-08 2.515453086387531e-06 0.0 2.9078775975621356e-05 0.0012305263570234904 2.1441798403738616e-07 0.0004117150084831743 4.6015388794036595e-06 0.0030028533421143 7.435889539984771e-06 4.2898199557389204e-07 0.0030955642598353887 0.002808035441790111 2.524229435195501e-05 0.0004611286371588671 0.001287649499698578 6.414826974348123e-07 2.4250134845830673e-06 5.865304125366077e-05 0.0018712655024635107 6.857928316484883e-06 0.00019614885737937192 0.0005274523601918598 0.0010624184222715928 0.00014934401899347635 8.358956608589858e-06 1.9756813834625993e-06 8.294130749968768e-07 9.405119618622202e-07 9.460182222360772e-08 2.3637204826579377e-05 4.419018499551634e-05 0.0 0.0 0.0 1.3404486767202392e-06 7.750826759003861e-08 6.138806167750781e-07 6.045369125361228e-08 2.1824496249667622e-07 0.0 1.5008962121237317e-07 1.7630716758569985e-07 0.0 2.188566132154155e-06 4.0451005409887275e-06 4.187091013631945e-07 5.906093868692422e-06 0.0 1.4359882969407014e-06 1.1974934950366604e-06 1.2657519686236096e-07 4.765460914279784e-06 1.1413478057032528e-06 6.311027454408103e-05 0.00014850992552126462 4.8333918137998736e-06 3.50769487028137e-07 2.4114157626026653e-06 1.6061817033638558e-07 0.0 0.0 2.5414102600242974e-06 8.142564556870511e-07 9.670790836823202e-06 3.7517763758316104e-06 5.5467957776925005e-06 1.1733243001313468e-06 5.428254656238253e-07 0.0 0.0 0.0
1.968246246585142e-06 6.608557623824987e-06 4.603673898467003e-06 2.3740363937292655e-06 2.538467768540584e-06 1.7136518820103622e-05 1.2085256359412155e-05 7.144563994641499e-06 6.188620431499312e-07 2.8256243653224436e-05 0.0022665915406211 1.1455921909997611e-05 4.354968531776812e-05 3.2337560120032665e-06 2.7268749094111257e-07 0.0 2.9078775975621356e-05 0.0 0.0006166241494754907 8.926628984237472e-06 2.5191887633345606e-06 7.188228396535545e-07 5.8436559227674504e-06 3.0971880555108622e-06 2.026496895926012e-05 0.0017862711974086496 0.0001914611398648737 7.769592703792412e-06 4.636944641889133e-05 7.3984882658423265e-06 2.3558758558854548e-05 1.0333634697549068e-05 2.7799157714252444e-06 0.0007073671047631045 2.3211452529990795e-06 0.0002605338840667001 0.0007009226553470125 0.0010922567592312432 0.00021599716894308245 7.188486484731987e-06 1.1631020670279496e-05 3.2169574078985816e-05 1.459688455546346e-06 0.0 2.858017466426627e-06 2.0401635847018544e-07 8.725501581208243e-08 0.0 0.0 2.8254470945442277e-07 4.0814293169876946e-08 0.0 0.0 9.42677244407738e-07 0.0 8.704986574962604e-06 0.0 0.0 0.0 0.0 9.857787855795249e-07 2.0901933732616894e-07 4.495491724777116e-08 0.0 0.0 0.0 7.088208217244593e-07 1.6825961644203831e-06 1.2349635330738212e-05 1.6613642576630887e-05 6.27911316316369e-07 3.679466581183166e-08 3.7269823458557574e-08 4.127519044259444e-06 0.0 0.0 1.7236485608280907e-07 8.681065674098446e-07 1.2504605111031336e-05 5.503547415725526e-06 4.1527037649204946e-07 6.077794110483639e-07 0.0 0.0 3.565106355023989e-07 0.0
1.4799078419195425e-05 1.373068390473835e-05 6.946275163027459e-05 1.1411791807079908e-06 1.616590930080392e-07 5.289332530737008e-06 9.119211389145185e-06 2.59867049962989e-05 2.0597779100531614e-06 1.2156046265539704e-05 0.0006674642336533772 3.5961015765423975e-06 2.6275929531333783e-06 2.658758123269164e-05 1.271556149809895e-07 1.2489128904010248e-06 0.0012305263570234904 0.0006166241494754907 0.0 4.700931687365013e-06 3.6666928062466514e-05 3.4434559096347646e-06 0.00019006298144315918 2.2160529941879907e-06 3.858207417104006e-06 0.003442046609995271 0.000940211303661574 7.293422988632327e-06 9.507602802756385e-05 7.377355104803679e-05 5.267649136685785e-06 1.998574243181388e-06 1.7480845125963425e-05 0.0022935217003567892 5.0678210076853645e-06 0.0005854551514153926 0.0004990417169170068 0.0016544532921135382 0.00021297202096537114 1.459165768404823e-05 1.5015720164665812e-06 2.316749427864755e-06 1.0641955716764804e-06 6.616241756505505e-08 9.262785366551596e-06 3.254704859663443e-06 0.0 0.0 0.0 1.5359706154140682e-07 0.0 4.315883392909444e-08 0.0 2.889953964240031e-07 9.496190235960072e-08 1.8506070913174115e-06 0.0 0.0 1.539262412700171e-07 4.993734744726288e-07 2.8321359915414934e-07 2.556138449876888e-06 0.0 7.590339150707208e-08 4.0413383076930675e-07 5.482214731000503e-08 2.249651107822775e-07 5.896740759318364e-07 2.645322086659703e-05 3.865336774961263e-05 4.0728892178507825e-07 1.303133109064428e-07 0.0 1.1593884643067711e-06 0.0 5.382974537183978e-08 5.355835535475565e-07 8.685734374010231e-07 2.4409187999397543e-05 2.2294122601426478e-06 1.7170727390317728e-06 5.625861960526685e-08 1.215484076825944e-07 0.0 0.0 0.0
4.15989548957875e-07 0.0 3.3630129996153683e-07 0.0024888498956836132 2.690302877563816e-06 0.00028736601962083973 4.7987140917242176e-05 0.000162614834591519 0.0002711964612305917 0.002500038584280106 2.8107982106520217e-05 0.0025947291769591054 9.528117290499139e-06 8.845852500468316e-05 6.543321065913764e-05 0.0 2.1441798403738616e-07 8.926628984237472e-06 4.700931687365013e-06 0.0 5.187468628410198e-08 7.126596576715983e-08 4.6246287683122274e-07 0.0001827860069316915 3.407797041653072e-07 7.831456124110409e-06 1.5818950396178374e-06 0.001556625259601421 0.00015169478697807753 1.771629002485906e-06 3.951638300007272e-07 1.1890675557805119e-05 1.0973519338195947e-06 7.705918184357923e-05 4.03783872786016e-06 0.00011015191504783923 4.822474233047342e-06 0.00015560560247605186 3.984851483506761e-05 0.00012739420628278338 2.4820573551654097e-05 2.3955316030790758e-06 3.672651252625207e-06 6.842193681828167e-07 0.0 5.08592818111297e-07 8.331680024552909e-05 4.7159999609532133e-07 5.920561460786973e-06 8.681426701613009e-05 1.1736319456856588e-05 2.5956655126252645e-05 6.859976786947303e-05 4.718004406535051e-07 9.276595464186755e-05 5.45534449647405e-08 4.4707325578750575e-06 3.7071979538461435e-06 7.316393270996125e-07 0.0 0.0 0.0 4.745423098502044e-05 7.871458104991122e-08 2.7380821233205376e-07 0.0 0.00011935448168370213 0.0 1.1328476841114142e-07 4.4801106293777663e-07 0.0001919896631482608 3.970474665077473e-06 5.584677560416199e-06 0.0 1.59728050195948e-07 6.818266041761359e-08 1.5012809912276595e-06 3.6332337440636973e-07 1.1676484090306276e-05 7.059696431947764e-07 4.577413075504862e-06 2.6248966542190258e-06 5.582380007193265e-06 5.943569407551301e-07 1.9068046881482864e-06 2.0281895433537402e-07
6.0749805410525956e-06 3.891381449154231e-06 0.0005284359550982032 2.414664290927801e-06 0.0 2.7443647726390597e-06 0.0001492490492573181 3.375928570502991e-05 2.1769861678738247e-05 6.348318645372502e-06 4.670678296831347e-06 7.172800733131486e-08 2.4143670528076616e-06 1.4883977547826174e-05 3.3817425672025376e-07 0.0023003373621963514 0.0004117150084831743 2.5191887633345606e-06 3.6666928062466514e-05 5.187468628410198e-08 0.0 0.0001550811996410878 0.011900985422301358 0.0002075757362664963 3.2819161733595123e-07 5.522282659956283e-05 0.00015608441116876455 0.001961467536504989 6.347342192117816e-05 0.007638057962864422 7.441914219338473e-08 2.4202885197663277e-07 3.8157836162225865e-05 0.0018009523044684077 0.00012292711102170127 0.0023817208925426153 0.00023611231129119483 0.002162947257233871 0.0014335412195946038 7.153703338948511e-05 1.8490273261061072e-06 1.2852208919592342e-06 1.0771585538272747e-05 5.450937279150532e-07 7.716397328299607e-07 3.0541757124725808e-06 2.582552615443229e-07 0.0 0.0 4.770938520647141e-06 3.399070517940393e-07 9.435912496248569e-06 8.088976148943548e-07 0.0 0.0 0.0 1.0274817305293305e-06 0.0 0.00046422470818486487 6.06022786581178e-07 0.0 4.471233188716169e-07 5.198132739627522e-08 0.00014845263655499728 6.111845471919395e-05 8.582622890809581e-05 6.217217213511626e-05 0.0 1.080330145782634e-06 1.1837393941876406e-05 7.565358580593706e-05 1.1119721019197412e-06 5.358625628682512e-05 6.094099243244215e-08 0.0 0.0 6.494657692453052e-07 2.965895327168468e-06 4.665813439211276e-06 3.366258648428338e-07 1.318083795580298e-06 1.1986655747200997e-06 0.0 0.0 0.0 5.577975863892006e-07
1.768458003595635e-07 0.001292314041907539 9.585079320006211e-05 1.8661300189001416e-06 5.575610239764235e-07 8.034444557759884e-07 5.866413481646677e-06 6.494648005087615e-07 0.0015110553442535043 4.971415893827856e-07 4.841828151336779e-06 6.461505758275003e-06 2.4844090107987293e-05 8.862889399651183e-08 2.4127491056464196e-05 0.002360432897041678 4.6015388794036595e-06 7.188228396535545e-07 3.4434559096347646e-06 7.126596576715983e-08 0.0001550811996410878 0.0 0.00024871495020249045 0.004287517906045226 0.000182136107301962 6.150058409984024e-05 0.003984786160880803 0.00046739956835983594 3.736382255883851e-07 8.91227029109775e-06 8.893133297329505e-06 0.0 1.8432392015373333e-07 5.181564106713194e-06 1.0992109964553673e-06 2.3962704855196374e-05 1.4063088969205581e-05 1.4632138769986386e-05 4.281549783216684e-06 6.259699537903434e-06 0.0 1.389650786693533e-06 1.6061400171810994e-07 0.0 2.0240675773705087e-05 6.544962493875808e-05 7.541936343730362e-07 0.0 5.769361209824972e-08 4.922689479264487e-06 2.1858492037281347e-07 8.903086687735255e-06 1.6002999088363904e-07 1.0816670441657822e-07 9.201177158731805e-08 1.0133731888114563e-06 1.396697193242421e-07 0.0 0.0006536635917125996 1.848711693433412e-06 2.141951517488473e-07 7.817663516365176e-07 8.207108536040991e-08 6.818635087287089e-05 0.0001096578207451134 0.000243135520547277 5.67025140642163e-05 7.733306357691266e-08 4.990130899855485e-06 0.00035290331802001566 4.697703155058869e-05 1.0909508965048294e-07 1.6376960788051495e-05 6.041650359350547e-07 0.0 0.0 4.92060440352806e-07 1.7748423588094516e-07 8.411950669949946e-06 5.893309639410479e-07 3.600578775546374e-06 2.4008327544664314e-06 2.5460064572522614e-07 0.0 1.9948395673892503e-07 8.074807347235959e-08
2.8328796055354245e-05 7.744500981839535e-06 0.006084456894992863 1.364626343112208e-05 2.8177786294610356e-07 1.4774218141370123e-05 0.00040987303248167127 0.0002631610849370662 3.027239081353667e-06 3.710489049370341e-05 1.4559541823138233e-05 2.0540887148434473e-07 8.065785156739585e-06 9.099795745556668e-05 7.111812474746355e-07 0.004471484225711962 0.0030028533421143 5.8436559227674504e-06 0.00019006298144315918 4.6246287683122274e-07 0.011900985422301358 0.00024871495020249045 0.0 0.0004017796712113694 1.3095556950464007e-06 0.0003742693719622492 0.005948203337357494 0.0021621895251023905 9.802390072835862e-05 0.003952674527308248 2.0436199909218793e-07 1.6594538989017703e-06 2.262449120242494e-05 0.002153323720244345 0.00020151703516761626 0.004500864772354383 0.002994753131047108 0.0037107503892454103 0.002598267047026863 0.00016504422633239829 5.9257424659593996e-06 7.677861511107825e-06 2.7510366625891026e-05 2.6528687007042046e-07 2.0402052987262516e-05 0.00016294168333405384 5.70610385771331e-07 0.0 0.0 8.37347002116013e-06 3.6609210735392566e-07 1.080329016861308e-06 3.777710540068508e-07 6.758131911521548e-07 7.511538916565592e-08 1.3171683090353304e-07 9.717885860908134e-07 0.0 0.0008102961752997814 4.9900837864597315e-06 0.0 1.0670441681800219e-06 0.0 3.5200804095551796e-05 0.000338466561683033 0.00044002534482509147 3.271967226937306e-05 4.909623012023132e-07 4.943164008341086e-06 0.0007423507203186159 3.584677772974267e-05 3.7940490065195984e-07 1.061131126559537e-05 8.626076412106843e-08 0.0 0.0 1.4398334144196795e-06 8.11269238323632e-06 4.3769676256257854e-05 2.6789225306016844e-06 9.104321098013306e-06 7.85825459204025e-06 0.0 0.0 1.963981914087862e-07 1.9269741186086195e-07
