0.0 6.647108684306948e-08 6.406839574376906e-05 6.065349835079636e-07 0.0 9.881415405367036e-07 0.0008510729011111441 0.00032121170711220496 3.331548685938957e-06 2.9229987508985242e-06 5.567605953492998e-06 2.805124169089642e-07 1.359023715760067e-07 0.0024476347005280143 0.0 1.7469319691003192e-06 0.00011388048016073688 6.447666240970078e-06 4.109835743659307e-05 5.87260450642011e-07 5.894586859197252e-05 9.053047450748357e-08 0.00017694856588196023 3.206834751406833e-05 0.0 0.00010356907922245435 3.556736892961901e-05 2.7099812717459204e-05 0.0022787613691626686 0.0012079537747648737 1.0868711988328782e-07 1.8067277056403572e-07 6.934467622942556e-05 0.00032621458598238373 2.1736785277315718e-07 1.488219583580051e-05 6.065907343238845e-06 0.00013865830502598385 7.894433683856914e-06 2.3122414986094292e-06 3.9273297230027533e-07 2.6051745597963467e-06 3.02560318189602e-07 0.0 1.0762268379225273e-07 5.654980053211057e-07 0.0 0.0 0.0 7.434870733206066e-07 1.3184902091894972e-07 2.5677319514149703e-06 6.582680879967064e-08 0.0 1.286734702727324e-07 0.0 0.0 0.0 1.9267535468366567e-05 3.015739293729564e-07 0.0 0.0 0.0 7.800508542182885e-06 2.820694940011284e-06 1.381091189605163e-06 2.738379195274142e-06 0.0 7.268434908173364e-07 2.7070547464027212e-06 6.739257304588774e-06 3.319802975289273e-07 1.6859024518844312e-07 0.0 0.0 2.1321471030278207e-07 0.0 0.0 1.0611860738970513e-05 0.0 9.391867831438514e-07 1.4763912159129023e-07 0.0 1.1299482362731372e-06 1.0585402217067893e-06 0.0
6.647108684306948e-08 0.0 7.463485549708146e-06 0.0 2.6388919542663864e-07 3.2286414380625065e-07 9.136348448726448e-06 1.6078219532279362e-07 0.0001557075090030176 0.0 1.0261529959741454e-05 8.099263541265746e-08 0.0005698293234410132 6.263983148502607e-07 9.777847579720974e-07 0.0006536682984648495 5.6398959483772135e-06 8.990684827174805e-06 1.462691670420967e-05 0.0 2.7543884610635e-05 0.001402202387100896 2.9193578299278903e-05 0.0003607158476353784 0.0007334343801987637 0.0003066502179801179 0.004009708519682708 2.1154430736816364e-05 2.9490134114704785e-07 1.12995301660051e-06 1.5016029297558127e-05 0.0 9.490113179098656e-08 1.741827971910688e-05 0.0 2.0179561849611337e-06 2.3260253543980277e-06 2.964352212543422e-06 7.441890723293708e-07 3.5040113335004188e-06 0.0 1.0873455183863492e-05 0.0 0.0 1.2592713009678742e-05 7.870597350036412e-06 0.0 0.0 0.0 3.584118185160464e-07 0.0 0.0 0.0 3.59690134586222e-07 0.0 3.274467967074819e-07 0.0 0.0 4.283264012886999e-06 1.3226362952222683e-05 3.393376180624491e-07 1.2908500835867659e-06 0.0 0.0 1.0463555748521113e-05 9.803097179641843e-07 9.855313330260937e-07 2.662309508598392e-06 2.0777776405550265e-05 0.00036681827613922687 2.4814677405687493e-07 8.189633547522436e-08 1.3480012428558032e-07 3.8157102193958124e-07 0.0 0.0 3.7371201100719017e-06 0.0 7.429045839838008e-06 4.317359097849056e-06 5.312743474045794e-06 3.4151220435649677e-06 0.0 0.0 0.0 0.0
6.406839574376906e-05 7.463485549708146e-06 0.0 3.0579060457600057e-07 0.0 9.647523200579552e-06 0.00041603185995419333 0.00037222604584682603 2.9208680935319583e-07 2.1585717014661723e-06 1.0510149748183577e-05 0.0 1.406433323076726e-05 0.0003593886210407146 1.1936158098777713e-07 1.5490052783139573e-05 0.0029905953017183846 1.035057595416372e-05 5.55919754459374e-05 5.277444277182438e-07 2.8354453844410458e-05 4.015676520164144e-07 0.005830688345760662 0.00012234785285593054 1.1368263587406684e-06 0.0031189671632704807 0.001909443133057524 0.00034277812670396846 5.560049901758437e-05 0.0007255595962687594 1.0594776240690993e-05 0.0 1.9638425071940975e-06 0.0004189198430351972 1.2316594611175952e-05 0.0006974022394575831 0.001236232047368413 0.0007401053934506092 0.0004221071278577889 2.225855223293881e-05 5.6819150309379275e-06 2.292812879527256e-06 2.1197467602646622e-06 5.996447118681692e-08 5.084790202691378e-05 9.240480306885173e-05 1.2795966921091177e-07 0.0 0.0 7.09338492329822e-06 1.3200128227990848e-07 2.3120577584951942e-06 7.093591260872868e-08 4.320655158366435e-07 0.0 6.522584230744866e-07 3.579165389130555e-07 0.0 1.0726519667947016e-05 8.449837727425512e-05 2.4368835512001747e-07 9.356220121931958e-06 0.0 3.760658119727765e-06 8.288988550492779e-05 2.37320598651298e-05 3.6785447504474565e-06 2.2590315704934186e-07 0.00015148770646914404 0.0012416712805560436 5.122798638687598e-06 3.995785696980611e-07 1.6603709415785874e-07 4.046129337828928e-07 0.0 0.0 2.447593296476224e-05 6.836951253387762e-07 4.054154256865979e-05 2.4022579342001782e-05 5.805186026628053e-05 1.8317425533041415e-05 8.12568213950065e-07 0.0 0.0 0.0
6.065349835079636e-07 0.0 3.0579060457600057e-07 0.0 2.9072538501058497e-06 0.0001381203870946426 0.00011173444136190041 2.8674919721776514e-05 0.00021245767794870416 0.0009972926601771754 1.66566242181928e-06 0.0009676594993815675 0.0 3.3100864784012946e-05 3.967133074237982e-05 1.131623988959394e-07 8.332134412250082e-08 1.0274525329291306e-06 8.469435629602808e-07 0.0027539610888572094 3.5171324097918567e-07 0.0 6.081205298298754e-07 0.001265898829416388 0.0 6.41502542680449e-07 6.60888411552793e-07 0.0019019374053962056 6.293572513585168e-05 3.2754768938457247e-07 1.1151452979973906e-07 6.435787320845083e-07 9.217421437276804e-07 3.2145294088327283e-05 7.073441119805932e-06 0.00019801174448343668 1.0921481546141585e-06 7.322068819590675e-05 4.00192110831518e-05 0.00014616694069829883 2.1762615086991966e-05 1.1637514386112785e-06 5.842915767554934e-06 9.866050223234322e-08 0.0 2.3735850248192925e-06 0.00012129710308018673 7.512236662179633e-07 1.3182948257052722e-06 3.0225647135837013e-05 3.121439755321679e-06 1.746331405762263e-05 7.168175942817512e-05 2.3241438939105448e-07 4.010180389844039e-05 1.8143986087071126e-06 5.6752736189757e-06 5.701280097452049e-06 6.269305973607739e-06 0.0 3.1862728610071173e-07 2.437963934939373e-07 8.793354774304148e-05 2.431168659908987e-06 6.271335282083399e-07 1.0752005502323993e-06 0.00018636061029999042 0.0 1.9447945191995144e-07 3.6188595614573246e-07 0.00012008355565565965 5.68326667346127e-06 0.0 0.0 1.2648449192045603e-07 1.0529543050365807e-06 2.189015265924653e-06 4.2342739485118944e-07 7.539235569346838e-06 3.56383013859122e-06 6.504741475350736e-06 1.5236981091684004e-07 0.00013557654844426897 0.0 1.6835267283573514e-06 0.0
0.0 2.6388919542663864e-07 0.0 2.9072538501058497e-06 0.0 6.798720054135996e-05 4.6717757379283814e-06 3.359076624597354e-05 0.0001251021938519136 5.204069232285105e-06 5.358966913044761e-05 0.00010611347633308562 1.6821079976088848e-06 1.598690482622285e-05 0.0007888140404244008 0.0 0.0 2.761267630839269e-06 1.7108727745674658e-06 1.2306562945419959e-05 0.0 1.1469017515991164e-06 1.124724350059842e-07 5.5740316611167065e-05 6.787436086910893e-08 1.1652556053144088e-06 3.2460790706295305e-07 4.112240035593052e-06 0.00013536537676356824 0.0 1.026648892457556e-07 0.0006643253248773673 0.0 0.0001484290001350922 0.0 2.362900636105467e-06 2.943232557612169e-06 4.255602173490182e-05 4.563939823765791e-06 0.0012019439459131289 1.5958871320339924e-06 0.0 4.422405319076517e-08 0.0 0.0 0.0 3.6574243070597186e-07 0.0 0.0 2.205620437208187e-07 0.0 1.0996167218948466e-07 3.1534740629724926e-07 0.0 0.0 6.829882815376435e-08 0.0 0.0 0.0 0.0 0.0 0.0 0.0 4.40003388285908e-07 6.524050958162041e-08 6.869829789663201e-08 0.0 0.0 0.0 0.0 3.2443526484566667e-07 0.0 0.0 0.0 0.0 0.0 0.0 0.0 0.0 0.0 0.0 0.0 6.783705844729894e-07 0.0 0.0 0.0
9.881415405367036e-07 3.2286414380625065e-07 9.647523200579552e-06 0.0001381203870946426 6.798720054135996e-05 0.0 0.0012308034060919803 0.0022135342196985025 2.0121339976352452e-05 0.005707579846781843 5.9478341715560296e-05 0.002101799769504898 2.2439642265584527e-06 0.0005489964785963979 0.0008337749712412443 6.678306766910293e-08 1.3645009543652443e-06 1.2573483403955938e-05 8.6596479847754e-06 0.0006976422282261067 9.605832696101837e-06 5.700611798759489e-08 8.670234907374599e-06 3.0124779917460883e-05 5.30018956078638e-07 8.905558289613563e-06 2.6091640950665224e-06 0.0009091373379426916 0.00032918762414893945 3.706276624615584e-06 3.4205992524170707e-07 0.00014067603758187498 1.517561180427009e-06 0.0002269770184483835 1.8483958060526488e-06 6.575868905031603e-05 8.412365959047163e-06 0.00015446979546158754 3.1417619737933654e-05 0.001189396248145451 4.4142403711593796e-05 3.8612798157295596e-06 3.1360078228239216e-06 0.0 0.0 2.167210754714641e-07 2.1991020740461827e-06 0.0 0.0 9.55204054493904e-06 4.8877230797274224e-08 9.366765558827006e-07 1.0428228871380381e-06 7.934994335149511e-08 5.614394017586697e-06 7.815361584636813e-07 6.361301241582528e-07 1.3550581763448228e-07 9.244931651036698e-06 0.0 0.0 0.0 1.348834676073075e-07 1.3178851556165493e-06 7.199710214340423e-07 8.492289214399497e-07 7.2907132271839605e-06 0.0 0.0 1.7906833004777368e-06 2.115076098759555e-05 1.6980980191093778e-06 5.55777596399658e-07 0.0 5.9617188337378e-07 2.1785779665804372e-07 9.252336521942802e-08 4.893892776522004e-07 3.7201401145092343e-06 0.0 4.121324933710514e-06 9.78345132344191e-07 5.758119122170832e-06 0.0 1.1479314509751698e-07 0.0
0.0008510729011111441 9.136348448726448e-06 0.00041603185995419333 0.00011173444136190041 4.6717757379283814e-06 0.0012308034060919803 0.0 0.0020840268978381143 0.00020411498323789817 0.0013462753215238875 1.5542663687639156e-05 3.179831480951189e-05 3.7734677011600604e-06 0.003374628603667785 3.015361982589251e-05 4.418933824511654e-06 4.658077729678651e-05 8.59097942507716e-06 9.813679646718071e-06 3.22387157881381e-05 0.0009930244610188827 1.2002428982138414e-05 0.0003975369624764713 0.001952718866277787 4.985952083031735e-06 4.483258317993281e-05 0.00021368379493164923 0.008335673449696804 0.0018457544480792322 0.0016778229172501153 3.560070163170673e-07 4.8057905496365445e-06 0.00022939058277420546 0.0005970324172289411 0.00013835919171557848 0.002245951860368188 5.50972186193496e-05 0.0013191931841164755 0.0006241928779399363 0.0005680207502066822 0.0001242056413457431 1.196743300877937e-05 4.731836397335258e-05 1.273525825111765e-07 9.307377330318914e-07 7.672400722494203e-06 1.9397325358311088e-05 0.0 3.974333085305498e-07 7.903570479271211e-05 3.1350110353075877e-06 4.586906091887283e-05 1.8383151811159743e-05 3.0425564344031708e-06 4.161274580815177e-06 3.1539676664855955e-06 1.0327457190127858e-05 4.061383144284485e-07 0.00013857947548870714 9.11838669095029e-07 2.431410770597391e-07 4.129395797445873e-07 1.0294679239081071e-05 4.47460854198455e-05 4.3554428711104245e-05 1.628260098109591e-05 0.00021227412891367472 1.2520470803191714e-07 3.2189783583576042e-06 9.553979564237633e-05 0.00028891629343801787 1.5090869051622384e-05 4.77092527161798e-06 1.3098304775539517e-07 5.349641551567477e-08 3.715275184268442e-06 1.061692681983322e-05 5.755457273239834e-06 6.563826561183705e-05 3.503185660876858e-06 3.761659001763094e-05 1.1511244587422183e-05 2.1965071492025106e-05 2.759961773339399e-06 3.4028138758279454e-06 2.5541697114049952e-06
0.00032121170711220496 1.6078219532279362e-07 0.00037222604584682603 2.8674919721776514e-05 3.359076624597354e-05 0.0022135342196985025 0.0020840268978381143 0.0 4.830422510433774e-06 0.0016431414460273855 0.00026349506906825094 9.78357158661049e-05 1.8140729092341133e-05 0.004518127175986123 0.00021925664310916732 1.3305028842628442e-06 0.00019805508977460047 7.998224118538424e-05 0.00010610926110090667 7.614096144117048e-05 0.000166874393975654 6.24037279424505e-07 0.0007586431387232882 2.8087180023480058e-05 3.9114509780025026e-06 0.0002439929967302635 6.722978161549721e-05 0.0002676099781778133 0.0006073838344860104 0.00068612617479299 1.9010508393211997e-06 1.7777614919344566e-05 5.108902916296105e-06 0.0008077944925538894 1.2709863480985344e-05 0.0003148767674966777 8.511201578456743e-05 0.0007060893253090374 0.00014374112054535751 0.0011607159949767213 0.00023516571119375893 3.1221341732469516e-05 1.4150784846314776e-05 0.0 5.296681078190532e-08 2.8713865331532256e-06 6.292604614816938e-07 0.0 3.349836026655241e-07 7.166158574250822e-06 7.125192051345399e-07 5.018042921524917e-06 3.101420959204023e-07 2.355702435016676e-06 3.2177373328080084e-07 5.589933484089528e-07 1.0615151969572059e-06 0.0 3.923065133943725e-05 1.6376069631258966e-07 0.0 0.0 4.361287098026568e-07 1.4749489881693942e-05 1.0808631837186633e-05 6.294231552624924e-06 1.2223381440749632e-05 0.0 1.1342572104734633e-06 2.175770476843537e-05 3.9631292237716875e-05 1.4705002310477356e-06 1.0404804622606514e-06 0.0 0.0 5.182570994269586e-07 1.726185194580637e-06 7.265333993115614e-07 9.217011737435005e-06 2.612373276605103e-06 7.721274144897887e-06 2.308367425105369e-06 6.499691520654641e-07 2.87884961099159e-07 1.5192343743488217e-06 0.0
3.331548685938957e-06 0.0001557075090030176 2.9208680935319583e-07 0.00021245767794870416 0.0001251021938519136 2.0121339976352452e-05 0.00020411498323789817 4.830422510433774e-06 0.0 0.00011251218141975172 6.767400911725484e-07 0.00017242575065918689 7.237901365457448e-06 6.511631474254011e-06 0.0004302198860499961 0.00015605810830870677 6.058907252999481e-08 6.907128740281117e-08 2.639033926022265e-07 0.000280837979969074 9.214712571545032e-05 0.002248820093690296 1.4380405347587133e-05 0.005779710849028934 2.2516580627994807e-05 2.463845554636774e-06 2.7049043602680533e-05 0.00043314955951150654 2.9254694740103206e-05 3.5524281924898656e-05 2.2130661442096366e-07 2.9943403665193184e-06 6.4380821755145e-06 3.8493707805338885e-06 1.021308369231686e-06 0.00010661669562842212 2.5551706643518194e-06 1.2591557737449947e-05 5.02135936785747e-06 0.0004180883246018568 1.1487598033590124e-05 4.362338770048457e-06 1.386764540644902e-07 0.0 1.3142268365353496e-06 4.076571365045203e-06 0.00015405588197444124 2.608194358054147e-06 9.006755633232586e-07 5.16601218323564e-05 3.561050120364288e-06 3.305518449136392e-05 6.411174031094141e-05 6.478090937020206e-07 9.539392203849837e-05 1.603278261978327e-07 9.26621224035025e-06 2.5047927226710684e-05 0.00049921363267493 9.113241094994825e-07 6.199679959958225e-07 1.3409035774072027e-06 6.616719685996121e-05 8.293903118780245e-05 3.4750757753793886e-05 6.983328219787404e-05 0.0009379948898138639 8.058456703113475e-08 2.624744134071005e-06 1.3128866717565455e-05 0.0003248289878961649 1.3468233260575584e-05 6.9073460170696425e-06 9.335953571959348e-08 5.646671705390446e-07 2.7055703357413453e-06 7.1604889522631435e-06 4.270205998237876e-06 4.971229405163268e-05 3.340656151763754e-06 3.427824056721927e-05 1.435874095848351e-05 0.0002015068162576318 6.199546467828702e-07 0.0 8.853553975929132e-07
2.9229987508985242e-06 0.0 2.1585717014661723e-06 0.0009972926601771754 5.204069232285105e-06 0.005707579846781843 0.0013462753215238875 0.0016431414460273855 0.00011251218141975172 0.0 1.787298515795029e-05 0.0013365197969597339 2.027700232700614e-06 0.0008547599088658954 5.721363108143675e-05 1.6409193729579504e-07 1.019156101215028e-06 8.69979634770868e-06 1.101669129666114e-05 0.00192703020026983 2.5774333034919253e-06 0.0 2.2377048143252633e-06 0.0003070386026644881 4.061574456556291e-07 8.095654354428948e-06 5.551641921303458e-07 0.0017310689589740747 0.0005492395380211024 1.4466286447922854e-06 2.8430973243854937e-07 7.107141183109822e-06 1.484523926373352e-06 0.0002731432992762735 2.1596946276395605e-05 0.0004890194104436222 6.772675854215365e-06 0.00042386826905743127 0.0001622910921796939 0.0005520166027792985 9.745699035138964e-05 3.146788452817456e-06 1.8918659490530478e-05 0.0 0.0 9.455488335678612e-07 0.00011949772396751124 6.474008368843566e-07 6.178772771735054e-07 5.407974260981092e-05 2.9254023381802768e-06 1.1060283067256552e-05 6.381251719681297e-05 6.424560642669876e-07 0.000109645236043793 1.8029103861267268e-07 5.636483047534581e-06 3.2617141230695614e-06 9.727967769475445e-06 0.0 0.0 8.248284792364493e-08 4.610777323585257e-05 6.1004853850720276e-06 1.2144608141743374e-07 1.1268259485898922e-06 0.00017326796119720525 0.0 3.3966238279301117e-07 1.1387356086001364e-06 0.00014336936205281824 4.889903935490243e-06 2.830472916173877e-06 0.0 4.1893285568136594e-07 1.2704756291290774e-06 3.555624855422169e-06 2.411858517571188e-06 1.822049860859646e-05 1.043313788080168e-06 8.08893920442935e-06 1.1772028037875236e-06 9.951714510929486e-05 0.0 2.5221155584532027e-06 0.0
5.567605953492998e-06 1.0261529959741454e-05 1.0510149748183577e-05 1.66566242181928e-06 5.358966913044761e-05 5.9478341715560296e-05 1.5542663687639156e-05 0.00026349506906825094 6.767400911725484e-07 1.787298515795029e-05 0.0 8.007640905760234e-06 0.00018772401529488174 0.00025467973758830327 6.525694815551972e-08 1.3229935354341173e-06 8.467189632953618e-05 0.0005828412797400395 0.0005471027073724961 8.894594380678453e-06 3.2665484225197115e-06 5.244185595786298e-07 4.899616078015705e-06 1.280316111543254e-06 4.4181495706478194e-05 0.0005480211497216955 0.00011818374190456448 7.97560388562076e-06 0.00047639017586670844 1.4611824754481732e-05 0.0001821687534756345 0.00026376063767599207 6.50012011369902e-06 0.0032713206885343097 1.2069454859693182e-05 0.0003461992904218054 0.002368237419340066 0.0018651307187137387 0.000663708399396102 0.00012909050816994793 4.719610534537647e-05 0.0005261981402117486 6.01414402450251e-06 0.0 1.9717930048648236e-07 0.0 5.333761839592291e-08 0.0 0.0 8.888435489208917e-07 0.0 1.4672501787018918e-07 0.0 3.633185377935826e-05 0.0 0.00018571550177388756 5.157761491915398e-08 0.0 2.0705797345175614e-06 0.0 1.298075647586802e-05 2.3090786227731323e-07 0.0 4.847790634858915e-07 2.2268179162657673e-07 2.719734331691797e-07 1.3508081330682431e-06 3.734496085233294e-05 2.1044668231710468e-05 6.99207230783688e-05 5.069342255934243e-06 5.891739601500399e-08 0.0 1.5179828950563494e-05 0.0 0.0 1.1839253325497037e-07 1.3692679474010557e-06 1.1020911626533557e-05 0.00010963156417361961 1.3413060651036378e-05 2.432001121192478e-06 1.6985996757880954e-07 4.3156818327148244e-07 3.354261758863979e-05 0.0
2.805124169089642e-07 8.099263541265746e-08 0.0 0.0009676594993815675 0.00010611347633308562 0.002101799769504898 3.179831480951189e-05 9.78357158661049e-05 0.00017242575065918689 0.0013365197969597339 8.007640905760234e-06 0.0 5.877352849236785e-07 0.00017288035365819335 0.001179280623506365 0.0 1.4802130975646885e-07 4.905351528681671e-06 4.610104079931644e-06 0.003770854505751447 1.320774402340398e-07 1.2294027687338525e-06 1.9740272128498408e-07 0.00023776719242006374 0.0 4.396968611985094e-06 0.0 0.0003407976137174913 0.00025357224839369724 1.1876415907854857e-07 1.608906601574541e-07 1.2449504304421958e-05 6.09191630609695e-08 0.00010661160366734312 1.300842728184985e-06 0.000435534996207593 4.998408996308029e-06 0.00010551957815490383 2.2029357800658312e-05 0.0010263869612624022 2.1360951610238893e-05 1.1223515820048719e-06 2.260807268717213e-06 0.0 0.0 0.0 0.00011286099427148052 9.46384736290352e-07 1.6642025425681846e-06 1.0729537983509914e-05 6.602371856705131e-06 5.6399627291538966e-06 4.8666687109767214e-05 3.773515251532645e-07 0.00010801325824343176 0.0 5.843305225388087e-06 6.851735675333209e-06 1.8286053003200911e-06 3.601075751863479e-07 1.724114821902727e-07 1.1319787943779446e-07 6.078274670502406e-05 7.979810598502551e-07 0.0 4.622844346617041e-07 5.577540922747233e-05 0.0 1.7378268240153668e-07 2.949887854342697e-07 3.9543052804526374e-05 2.6859641354314466e-06 5.709801680601844e-07 0.0 8.581125995116542e-08 1.499388656826884e-07 1.6297296332252706e-06 6.080502629845803e-07 9.12825588012293e-06 0.0 3.6380855720169107e-06 4.3101430994626106e-07 0.0002393206625122421 9.71548577931583e-08 0.0 0.0
1.359023715760067e-07 0.0005698293234410132 1.406433323076726e-05 0.0 1.6821079976088848e-06 2.2439642265584527e-06 3.7734677011600604e-06 1.8140729092341133e-05 7.237901365457448e-06 2.027700232700614e-06 0.00018772401529488174 5.877352849236785e-07 0.0 1.3132518267822109e-05 0.0 6.17052449140565e-05 2.6886139294082517e-06 4.3993058380085214e-05 7.797886859903041e-07 8.37758699469897e-07 2.7644275016149975e-06 7.462187525201137e-05 9.136424046331001e-06 2.588528804822722e-05 0.0019095236381788862 0.000948962857841973 0.0010029481345678083 2.2826499332869775e-06 2.1151262624438884e-05 1.6547860414717729e-06 0.00033907336578529025 6.7608531277312205e-06 0.0 0.0003745258673309309 5.685109737605554e-06 0.00011755685374004743 0.0014533714953410214 0.000476235488241666 0.0001309427016981555 1.2967846205071314e-05 3.612957041820893e-05 0.000561980925494915 2.8458179455571716e-06 0.0 1.865727546434226e-05 0.0 0.0 0.0 1.34853035170499e-07 1.1657954946944123e-07 2.8132767099745325e-07 0.0 0.0 0.00020525987951323466 1.6401986047177502e-07 0.0012473072566409344 4.3719075573000576e-07 0.0 1.7245020581729522e-07 5.508455184275927e-07 7.55868604305432e-05 9.65408931742682e-07 0.0 2.080842586624611e-07 2.0179973483403005e-07 0.0 2.0850665314956303e-07 0.00035392395743876766 0.00016390089221652015 0.0005981797352657293 3.833616760423748e-07 6.274568201616929e-07 0.0 0.00012396479018434234 8.838158644013822e-07 0.0 3.2090813698952884e-06 2.5875408247124524e-07 6.533860571760977e-06 0.000503077006903822 2.7878829960763862e-05 3.203275017651762e-06 7.177983378491365e-07 6.689930648635826e-07 0.0001350069703055645 0.0
0.0024476347005280143 6.263983148502607e-07 0.0003593886210407146 3.3100864784012946e-05 1.598690482622285e-05 0.0005489964785963979 0.003374628603667785 0.004518127175986123 6.511631474254011e-06 0.0008547599088658954 0.00025467973758830327 0.00017288035365819335 1.3132518267822109e-05 0.0 1.948608740426275e-05 3.885040085814001e-06 0.000292649633157101 9.830548494710491e-05 0.00017937970760541867 0.00013331505665151565 0.00021045425883350013 8.234528656524035e-07 0.0008311496675162984 4.127726978217845e-05 2.234799272834043e-06 0.0003311031425151638 0.00010471675593256076 0.00023789013657872163 0.0021962931316922606 0.0017144327534085325 2.256073420606875e-06 1.758803044331224e-06 1.2068998997955633e-05 0.0008509736679638757 9.468414261551574e-06 0.00038305699245054004 7.515065616280673e-05 0.0007973756104250415 8.026883807140466e-05 0.0006669721492543111 0.00011350819525200173 1.8345269958133164e-05 9.471928674927025e-06 0.0 3.4442306817693705e-07 2.7422590855043523e-06 8.577399670423741e-07 0.0 0.0 2.025940541135247e-05 8.804233890446897e-07 6.057075207410612e-06 5.372210052317872e-07 5.054165847144272e-07 4.348885173391592e-07 2.963643692652401e-07 9.897452759050901e-07 0.0 5.496072127057535e-05 1.8061996877372513e-07 0.0 1.3939504041252887e-07 8.209931690301773e-07 1.5639012514797054e-05 9.96857495566177e-06 6.452650719065941e-06 2.4264879289715535e-05 0.0 1.8926374284341608e-06 2.5585428029859118e-05 6.515574607868236e-05 1.9994567643267425e-06 2.5402529337541434e-06 0.0 1.8500985646132503e-07 8.320700355142608e-07 1.2386380736039358e-06 1.254894935556946e-06 1.9117021941876976e-05 1.5362388071036991e-06 1.2683030838959694e-05 3.697480291654185e-06 1.4076728495672291e-06 0.0 2.7816574825132343e-06 0.0
0.0 9.777847579720974e-07 1.1936158098777713e-07 3.967133074237982e-05 0.0007888140404244008 0.0008337749712412443 3.015361982589251e-05 0.00021925664310916732 0.0004302198860499961 5.721363108143675e-05 6.525694815551972e-08 0.001179280623506365 0.0 1.948608740426275e-05 0.0 0.0 0.0 0.0 0.0 0.00021773603458409397 6.767293255182697e-08 1.2747932639536302e-05 0.0 0.0006955501707534427 0.0 0.0 1.4659372250936506e-07 3.8655253291004803e-05 2.6086615894334e-05 6.592019378418699e-08 0.0 0.00037528977599253873 1.3609422436200676e-07 5.068062715029148e-07 0.0 2.2694146825458008e-05 0.0 8.144612682190795e-07 2.1944217269234157e-07 0.0004524922842581851 7.444270950444566e-05 0.0 0.0 0.0 0.0 0.0 1.507977377790261e-06 9.947375294712029e-08 0.0 1.4697379324737777e-07 0.0 5.365630159796911e-07 2.177683291617266e-07 0.0 7.588395231207893e-06 0.0 0.0 0.0 0.0 0.0 0.0 0.0 3.52238759623998e-07 0.0 9.768740808134594e-08 0.0 1.9819008979987884e-06 0.0 0.0 0.0 1.1219590645638463e-06 0.0 0.0 0.0 0.0 0.0 0.0 0.0 0.0 0.0 0.0 0.0 1.3159778079703387e-05 0.0 0.0 0.0
1.7469319691003192e-06 0.0006536682984648495 1.5490052783139573e-05 1.131623988959394e-07 0.0 6.678306766910293e-08 4.418933824511654e-06 1.3305028842628442e-06 0.00015605810830870677 1.6409193729579504e-07 1.3229935354341173e-06 0.0 6.17052449140565e-05 3.885040085814001e-06 0.0 0.0 1.2803004653929175e-05 8.911384730141513e-07 3.4979731998443357e-06 0.0 0.0021900371893742434 0.002138726293599362 0.0011594830564418215 0.0004703717223473268 0.00013417649371581358 0.00013623878594949836 0.0024983260141249407 0.0001677575904107884 3.2239737112023557e-06 0.00021317113832294035 1.8629867735048966e-06 0.0 1.2898392030306066e-06 0.0001234407199390531 3.520370234119789e-05 0.0015926589771727586 0.0007639811760152834 0.0002977795554009597 0.0004761965726031744 8.633129309097653e-05 7.192040689832802e-06 4.95680155150606e-05 1.1744365567713236e-05 0.0 1.0761086309393652e-05 1.2067271003828643e-05 0.0 1.254693755181955e-06 0.0 1.1189676358629928e-06 0.0 2.6916750993167433e-06 0.0 7.478159513362916e-06 0.0 2.1839762539136322e-05 6.5459035999296e-08 0.0 0.0022121140248904784 2.086681627579794e-06 5.55587994929661e-08 3.0866032336500356e-07 0.0 9.405879496108284e-05 0.0005502714834022349 0.0012694463069476312 1.3600130501311308e-05 8.96503666497985e-07 6.986301553659856e-06 0.00046973796712848604 6.046021742215847e-05 2.5064850185628705e-07 6.046285502729224e-06 0.0 0.0 2.9424757187274607e-07 2.1730830695252882e-06 8.103147572132215e-06 7.595967832594502e-05 1.6674291995753263e-05 2.8672306033156142e-05 3.7768048338138425e-05 9.479754745238393e-07 7.575803263765645e-07 3.0269261107185164e-05 1.1758212594238756e-06
0.00011388048016073688 5.6398959483772135e-06 0.0029905953017183846 8.332134412250082e-08 0.0 1.3645009543652443e-06 4.658077729678651e-05 0.00019805508977460047 6.058907252999481e-08 1.019156101215028e-06 8.467189632953618e-05 1.4802130975646885e-07 2.6886139294082517e-06 0.000292649633157101 0.0 1.2803004653929175e-05 0.0 5.272144118961557e-05 0.0010267161862020445 4.5566112248672693e-07 0.0002966950926837894 3.211354603996922e-07 0.0017184055057228842 1.905862616189512e-05 8.895658643209883e-07 0.001651007213099596 0.004086672753884251 3.9734812691508805e-05 0.00011167451069020673 0.0011324867422253444 3.556390005332474e-06 1.0131448048325332e-06 5.936943259806725e-06 0.0015014915937345444 1.4070857311478496e-05 0.0006405738571657604 0.00037529795898073696 0.0013205580136514035 0.00040799332051978817 1.866522111226177e-05 3.6692304858753534e-06 3.128599069141536e-06 1.5631047428201921e-06 0.0 6.796702875493095e-06 8.809055891959409e-06 0.0 0.0 0.0 5.029802194617923e-07 0.0 0.0 0.0 2.994387544978467e-07 0.0 1.667806036649979e-07 4.3694750946590846e-08 0.0 2.3359087952935585e-06 1.2642736616535411e-05 9.344191206638541e-08 3.0962271979790947e-06 0.0 1.699706986060106e-07 3.247918222244462e-06 3.287015314822365e-06 3.1521976560579583e-07 2.7922392032831644e-07 4.198408418727305e-05 0.00016804410706268338 5.707437947563961e-07 6.198552318418345e-08 0.0 6.950583106217649e-08 0.0 0.0 4.13494951633016e-06 5.818078922124885e-07 8.601537750012506e-06 7.12116680742646e-06 6.2748394108126155e-06 2.5278339358130035e-06 0.0 0.0 0.0 0.0
6.447666240970078e-06 8.990684827174805e-06 1.035057595416372e-05 1.0274525329291306e-06 2.761267630839269e-06 1.2573483403955938e-05 8.59097942507716e-06 7.998224118538424e-05 6.907128740281117e-08 8.69979634770868e-06 0.0005828412797400395 4.905351528681671e-06 4.3993058380085214e-05 9.830548494710491e-05 0.0 8.911384730141513e-07 5.272144118961557e-05 0.0 0.0002788693101048139 3.4861352992919792e-06 2.536057021238556e-06 1.7150370893174778e-06 5.119035925984158e-06 9.851859890853712e-07 0.0002463824782130803 0.0005473235865542427 0.0004003653957945644 5.131241103452307e-06 0.0001274077141160196 2.061430088750204e-05 0.00010967363480338269 3.655824202558243e-05 1.6595460772468954e-06 0.000742207248397618 9.619512738453154e-06 0.0003308019624074083 0.0007048716980114663 0.0008548979709735103 0.0004268549073991674 4.8808159185067015e-05 5.280672431265133e-06 7.151975347896275e-06 1.1048820392649836e-06 0.0 3.596024165707108e-06 5.8267697953121914e-08 0.0 0.0 5.200620300468731e-08 9.358718938888874e-07 5.7190949047911267e-08 0.0 0.0 1.944987676161965e-06 0.0 5.548421656744465e-06 0.0 0.0 1.0700832841631183e-06 0.0 3.862347797395357e-06 2.3003709390984902e-07 0.0 6.08478895699726e-07 0.0 0.0 5.559689384245385e-07 3.60347547769199e-05 5.852220281052614e-05 0.0001331385850448849 2.2763704972343604e-06 5.786565605692648e-07 0.0 5.707184813361296e-06 0.0 0.0 1.6759561477004167e-07 8.620491891849907e-07 4.04677590190025e-06 1.35774137806593e-06 1.0198886665494384e-06 1.986356639158902e-07 5.517467241907113e-08 0.0 0.0 0.0
4.109835743659307e-05 1.462691670420967e-05 5.55919754459374e-05 8.469435629602808e-07 1.7108727745674658e-06 8.6596479847754e-06 9.813679646718071e-06 0.00010610926110090667 2.639033926022265e-07 1.101669129666114e-05 0.0005471027073724961 4.610104079931644e-06 7.797886859903041e-07 0.00017937970760541867 0.0 3.4979731998443357e-06 0.0010267161862020445 0.0002788693101048139 0.0 4.783654745375447e-06 2.683971141575509e-05 2.3415772172405506e-06 4.037742788017937e-05 1.855166143047397e-06 2.2451893986779562e-05 0.0006927229190340908 0.0005466109160844752 7.281132409772394e-06 0.00018696119697933432 0.00024550416077643233 8.236274864491728e-07 2.978344585815289e-05 8.148076088878122e-06 0.002474331651017332 1.806862480623295e-05 0.0007858900139477463 0.0006486259348443207 0.0017770992836715406 0.0005874513132754305 6.308771216354184e-05 3.6240144106190887e-06 1.1255180034159318e-06 1.211845905677888e-06 0.0 1.3965131787879596e-05 0.0 0.0 0.0 0.0 6.843551873884257e-08 0.0 0.0 0.0 2.69622305517376e-07 0.0 1.2093596891482064e-06 0.0 0.0 1.9024824977807227e-06 4.1681164491609045e-07 5.984518813411157e-07 1.7291564060670756e-06 0.0 4.363873582418766e-07 7.608858979602297e-08 5.332555947465343e-07 2.5810531171353183e-07 5.477570659411589e-06 6.090410327927441e-05 0.00012445215302964947 1.768382959232848e-06 0.0 0.0 9.8044922517369e-07 0.0 0.0 2.759611237487101e-07 1.6362072098803905e-06 3.5684545697685004e-06 1.3650484952443515e-06 7.334467246255811e-07 5.604383064929704e-07 6.839527968853689e-07 0.0 0.0 0.0
5.87260450642011e-07 0.0 5.277444277182438e-07 0.0027539610888572094 1.2306562945419959e-05 0.0006976422282261067 3.22387157881381e-05 7.614096144117048e-05 0.000280837979969074 0.00192703020026983 8.894594380678453e-06 0.003770854505751447 8.37758699469897e-07 0.00013331505665151565 0.00021773603458409397 0.0 4.5566112248672693e-07 3.4861352992919792e-06 4.783654745375447e-06 0.0 3.591255501540255e-07 1.427861173746996e-07 5.040017664953146e-08 0.0007176809106841505 9.286677521028011e-08 3.994812282984058e-06 1.840006024065951e-07 0.0014886738220195892 0.00019984096737825079 0.0 2.748963752503882e-07 5.181968901127594e-06 4.739212639336782e-07 0.00010993669082345203 7.2982330540539066e-06 0.0003230768220934066 3.653364177660423e-06 0.00014390470627871296 5.077845614333874e-05 0.0004770393519951912 4.064083315175995e-05 5.986692374711774e-07 6.784397157425915e-06 0.0 0.0 0.0 0.00019029139647241985 1.091860060548449e-06 8.31170803371779e-07 3.494360281476057e-05 3.2808601176929664e-06 1.5749988057726732e-05 6.093592351850995e-05 2.945749033019055e-06 4.3791193520729004e-05 1.0925923382698013e-06 7.402540387418531e-06 8.2948056292157e-06 6.394709670204794e-06 0.0 5.183856426283516e-08 1.207352903750269e-07 5.277396888468226e-05 3.3104461886142475e-06 3.6970464769451556e-07 6.008558901247633e-07 0.00019195481689094843 0.0 3.839079028273389e-07 5.182891038178926e-07 0.00013077666136091252 6.1096812770355185e-06 8.493256090157835e-07 0.0 0.0 4.1254111664742147e-07 2.772573586082628e-06 1.5748555660399178e-06 1.2046679108940513e-05 1.0329672554498755e-07 1.291900838718063e-05 1.593818118079837e-06 0.00018117097824647208 0.0 0.0 0.0
5.894586859197252e-05 2.7543884610635e-05 2.8354453844410458e-05 3.5171324097918567e-07 0.0 9.605832696101837e-06 0.0009930244610188827 0.000166874393975654 9.214712571545032e-05 2.5774333034919253e-06 3.2665484225197115e-06 1.320774402340398e-07 2.7644275016149975e-06 0.00021045425883350013 6.767293255182697e-08 0.0021900371893742434 0.0002966950926837894 2.536057021238556e-06 2.683971141575509e-05 3.591255501540255e-07 0.0 9.776933870724e-05 0.0059316522074995505 0.0003049857383174098 4.912098410335682e-06 4.207773297246943e-05 0.00043141357995673667 0.0021426406880093968 6.939522058451736e-05 0.009451635600965833 2.994463415319541e-07 1.45370687652411e-07 3.0764768817083834e-05 0.0014237966649083018 0.000122233509993869 0.003781494056710281 0.0004630801706090674 0.003376928456568658 0.0022343083707017904 0.00034152772973910264 2.1135950863952206e-05 4.598842977944627e-05 4.982980058294582e-05 0.0 5.124979454779652e-07 3.865290639324849e-06 0.0 0.0 0.0 4.666384153467084e-07 0.0 1.5545332786402744e-06 0.0 4.0661225810140645e-06 0.0 3.6955834190738883e-06 6.417514122757082e-08 0.0 0.00040598375876821114 2.981718487319071e-07 0.0 0.0 0.0 5.869331902731122e-05 9.76674740368622e-05 0.00013072499158088492 3.640173900675542e-06 0.0 1.8865768460830428e-06 2.7389212804310762e-05 2.3369877355127377e-05 1.8674470867208573e-07 4.782193985929217e-06 0.0 2.0411212398227382e-07 6.938143841473636e-08 9.985320829236657e-07 3.026757710297946e-06 3.211955155929634e-05 6.499832441135205e-06 1.0900351968559845e-05 7.002893331100829e-06 3.663691098055491e-07 1.3494874089485998e-07 1.2989436191652229e-05 1.5360140771699003e-06
9.053047450748357e-08 0.001402202387100896 4.015676520164144e-07 0.0 1.1469017515991164e-06 5.700611798759489e-08 1.2002428982138414e-05 6.24037279424505e-07 0.002248820093690296 0.0 5.244185595786298e-07 1.2294027687338525e-06 7.462187525201137e-05 8.234528656524035e-07 1.2747932639536302e-05 0.002138726293599362 3.211354603996922e-07 1.7150370893174778e-06 2.3415772172405506e-06 1.427861173746996e-07 9.776933870724e-05 0.0 0.00010307109426657807 0.003376873068799757 0.00022397309256842559 4.384847807295065e-05 0.0008849241956104885 8.41370244783356e-05 3.0198155988839305e-06 7.2957196828845035e-06 2.0978111718830425e-06 0.0 5.587927928485354e-07 6.9651330788914865e-06 1.5719985567727561e-07 1.2869843325136474e-05 1.2382965083037294e-06 3.947699813676119e-06 2.2775716536635487e-06 5.342457949816669e-05 0.0 2.479604622851962e-06 1.0048456407943835e-07 0.0 2.4845724020345207e-05 2.6997195819923312e-06 0.0 0.0 0.0 5.526524226681444e-07 0.0 1.0334297223700636e-06 0.0 1.8408738419201513e-06 0.0 1.695566597741185e-06 2.642955728417361e-07 0.0 0.000922712147099501 1.1563883311046829e-06 0.0 1.8680253873205977e-07 0.0 3.536253846227215e-05 0.00021806170719006684 0.0003533951709046411 9.498989855280065e-06 3.4390557046524158e-06 1.6154325220175783e-06 0.0003423466330273554 2.0094340836119495e-05 7.295750016144395e-08 3.4620240024295025e-06 0.0 0.0 0.0 1.8229924422405329e-06 2.1758652944386113e-06 2.3003089381532954e-05 4.442052325728683e-06 8.405473084013307e-06 1.1023902539514443e-05 1.1669722288079281e-07 0.0 0.0 0.0
0.00017694856588196023 2.9193578299278903e-05 0.005830688345760662 6.081205298298754e-07 1.124724350059842e-07 8.670234907374599e-06 0.0003975369624764713 0.0007586431387232882 1.4380405347587133e-05 2.2377048143252633e-06 4.899616078015705e-06 1.9740272128498408e-07 9.136424046331001e-06 0.0008311496675162984 0.0 0.0011594830564418215 0.0017184055057228842 5.119035925984158e-06 4.037742788017937e-05 5.040017664953146e-08 0.0059316522074995505 0.00010307109426657807 0.0 0.00044772393669876106 1.3915775071403275e-05 0.001062478795444092 0.006656898568304697 0.0022328552269319625 0.00011232622177075589 0.004560426684501309 1.3631199058861784e-06 4.2123338327040395e-07 6.7655349525900444e-06 0.0012781466360935701 0.00017928593311843956 0.005992159325685492 0.003328995298976406 0.003987736445769786 0.0041998728914961325 0.00047974504176473415 5.6447157055161075e-05 7.084193402061439e-05 6.805451322863938e-05 0.0 1.0791379144774535e-05 8.749164496804046e-05 0.0 0.0 0.0 2.2061661135612647e-06 1.2096256419673217e-07 4.3690039051290956e-07 0.0 3.300624916768784e-06 0.0 5.50157864863906e-06 3.3719307592758197e-07 0.0 0.0007421321370128561 4.493401060160085e-06 0.0 6.786179713733477e-07 0.0 1.7188447132957574e-05 0.0002158215981983572 0.0005657810167929961 8.89914742927013e-06 2.6978730119440516e-07 1.1163110041336836e-05 0.0011309133222005402 2.540325393401061e-05 9.650291833296481e-08 1.0710128892362585e-06 0.0 0.0 9.711866813635076e-08 1.740803604285663e-06 1.3825260971004693e-05 3.8907635851656516e-05 7.450081769616405e-06 1.1600443468019979e-05 2.0276081295777426e-05 3.6121453833915087e-07 1.5297770392490586e-06 8.286496954111266e-06 0.0
3.206834751406833e-05 0.0003607158476353784 0.00012234785285593054 0.001265898829416388 5.5740316611167065e-05 3.0124779917460883e-05 0.001952718866277787 2.8087180023480058e-05 0.005779710849028934 0.0003070386026644881 1.280316111543254e-06 0.00023776719242006374 2.588528804822722e-05 4.127726978217845e-05 0.0006955501707534427 0.0004703717223473268 1.905862616189512e-05 9.851859890853712e-07 1.855166143047397e-06 0.0007176809106841505 0.0003049857383174098 0.003376873068799757 0.00044772393669876106 0.0 5.691241091116587e-05 4.87685458592831e-05 0.0016860482537139748 0.004733990770704292 0.0003139160197907483 0.0006527874267663894 1.0075064086969923e-06 1.3899258594036111e-06 0.00014547699685199848 0.00018869720669876332 8.025723619207798e-05 0.0016109336064233334 6.553287871790163e-05 0.0005189855835717515 0.00029656566636154395 0.0012151854487770367 2.0830491014392518e-05 1.5245327786259351e-05 2.1679704801435022e-05 4.25457440707223e-06 4.71892626389858e-06 1.951408508744346e-05 0.000358433548292491 3.000384212765788e-06 8.110210466153915e-06 0.0005938375390199606 6.20015944960435e-05 0.0008637184788636811 0.00028598775390586376 1.75905014956914e-05 9.027243220286508e-05 8.052518405900328e-06 0.00010969070901453656 2.0274191906095472e-05 0.0008643754099922972 3.415044313656711e-06 4.9215558814162735e-06 3.192210240833792e-06 0.00022258815385001808 0.0001971129943060572 0.0002221240427203622 0.00011434391523606539 0.002767751305744133 2.70962418724183e-07 1.59404841530984e-05 7.41329344325399e-05 0.0023107278825528496 0.000124106911523805 2.942186538178631e-05 1.3161244777367484e-06 2.3640078868713277e-06 2.0211150473555647e-05 8.705600100029344e-05 3.009497955993511e-05 0.0003070060804708734 1.7679219913717524e-05 0.00023721164881176303 7.100355414682763e-05 0.0004911419910850971 1.2153697681340523e-05 7.533045923115517e-06 1.7159686432170253e-06
