0.0 4.4976685977655173e-07 1.3877924040287105e-05 2.0214948618651475e-06 0.0 3.883079657042656e-06 0.0008771133431378007 0.00013116783680263612 2.6136332892660643e-06 1.1155419540573976e-05 3.3095755229685063e-06 5.62592518218033e-07 3.6360052142986476e-07 0.002938509606497796 6.968777500364237e-08 2.364433927973364e-07 0.00012657863833813446 1.4174324753129399e-05 2.8702016848076757e-05 1.0369994721778064e-06 1.9079289732064093e-05 8.053963808516779e-08 2.1173198688689598e-05 1.16915439226413e-05 7.95009913598152e-08 7.934660669010246e-05 3.569200759800138e-05 4.471598531856328e-05 0.0026913869837920257 0.0017362408503331117 2.579496411777521e-07 6.407233615611278e-07 0.000113579125473919 0.00012337014549928643 9.221650474621784e-07 4.0476666871939286e-05 8.1155502697544e-06 7.582085526287914e-05 1.8710799573035154e-05 3.1236566284749717e-06 9.247823127089984e-07 1.5727340403676368e-07 2.9630136563256235e-07 0.0 1.9659628411624976e-07 1.3743598156462348e-07 0.0 0.0 0.0 5.716980818499556e-07 0.0 1.1398942100242824e-06 0.0 0.0 0.0 1.1527611547138544e-07 0.0 0.0 2.2240162146014277e-06 1.593159395061343e-07 0.0 7.673026220950721e-07 0.0 1.451142900529416e-06 1.0098074457152779e-06 0.0 1.2707832659257504e-05 0.0 4.64335667437994e-06 5.02770244000668e-06 4.773048844245559e-06 8.723581026409464e-07 3.9094698424552625e-06 6.215921344284915e-08 0.0 7.133087355712516e-07 5.959780859259928e-07 0.0 2.6222410420818294e-06 1.6463100963785935e-06 1.3873789904061913e-06 1.8301175155154748e-07 0.0 0.0 0.0 2.184759712163476e-07
4.4976685977655173e-07 0.0 9.607427073938033e-05 9.852840325922175e-07 6.225625592112591e-07 4.715428447089621e-07 2.6965909435985575e-06 5.692003307504582e-07 0.00045884863946119394 7.057505319224804e-07 3.242797684442569e-05 8.824946434572569e-07 0.0003769400887615698 1.0159580177555836e-06 1.2318746919557257e-05 1.0244796511702483e-05 9.008713153553494e-05 6.149408711950954e-07 5.3726582385658415e-06 3.669104614408891e-07 1.5523067811859005e-06 0.0015847257027357202 8.854410645088084e-05 0.0006007370681915475 0.0008260866996696248 0.00011905808028296457 0.0046690982909032884 4.899215909943342e-06 5.13293641794093e-07 1.6580549880848198e-06 2.134298693068183e-05 2.0948085069394697e-07 1.4371099018745615e-07 1.8257671472444702e-05 1.4451045557127023e-06 0.00011784694489346105 4.888529233899417e-05 5.786726296051286e-05 3.854784269953349e-05 2.11853778337604e-05 0.0 5.636864525318625e-05 0.0 0.0 6.740185572278967e-06 4.2393882996337546e-05 1.4739930854964726e-07 0.0 7.064357435010821e-08 3.5853832345815174e-07 2.9780506855938076e-07 2.644820467318219e-06 4.6838386654265813e-07 5.036398727871004e-06 0.0 1.5439623524292476e-05 6.259311256405223e-07 0.0 3.410373161548568e-06 3.579974472666711e-05 1.325379010218834e-06 2.8707254168666855e-05 2.279271413884644e-07 2.1196490022729586e-06 3.546793234169321e-06 6.1117197536300284e-06 6.506509125450294e-06 3.948520978317042e-06 0.00014129992490873364 0.0008548684048152441 2.8562659242387847e-06 7.666178490216147e-07 1.0560558310055643e-06 6.101479721300459e-06 0.0 6.25017590451694e-08 5.179048428131167e-06 1.0326414059919745e-06 5.739114629218958e-05 3.3538190760636464e-05 1.3514001961314892e-05 5.751455443828247e-06 6.692616332109123e-07 0.0 1.8960187770979695e-06 0.0
1.3877924040287105e-05 9.607427073938033e-05 0.0 6.1400388457915776e-06 0.0 8.951522161270934e-06 0.0006290768181155173 9.998140563651882e-05 3.7423141231094513e-07 2.509895009820111e-05 1.7590649018466207e-06 2.3254204261707807e-07 9.88247979146743e-07 0.00011012771337250004 5.914963655883831e-08 1.1581778948428556e-05 0.00047131272099642445 6.563777020357681e-06 1.652192988112108e-05 6.173154109470296e-07 0.0006659151868985411 1.20187671535171e-05 0.005432503317789246 1.872996960787311e-05 1.5256846308507374e-07 0.004876196014611947 0.002669973328133135 0.0003307731213792857 1.4752034134346397e-05 0.0002808876600150434 4.85449889209563e-07 2.428548753988292e-07 1.3154949150947866e-06 0.00013090178159161304 1.037454908350227e-05 0.000669002772738661 0.0016854128088758834 0.0005380409106930385 0.00048235648910935347 1.0591780306276112e-05 3.2031479297309e-07 1.1336913140024277e-06 1.7441925785500991e-06 2.0033289823135524e-07 8.015524432472302e-05 0.00047176982850541003 0.0 0.0 4.5978107055465856e-08 1.4544875082413044e-06 3.8719910140801206e-07 2.2716584486816068e-07 3.052730261297134e-07 3.754733921523376e-07 0.0 5.985757302171157e-07 3.528900848556942e-07 0.0 5.704954286116374e-06 0.0003468527557673631 8.092364860501315e-06 6.070487857308985e-05 5.479260214981788e-08 2.2311966288716286e-06 1.852220001060974e-05 0.00010957974246871057 5.12005166220415e-06 4.105870613463889e-07 0.00040581294595875243 0.0016042185773050672 3.205982766613757e-06 6.991991704788501e-07 1.1946787041279905e-06 6.95165172492274e-07 0.0 0.0 2.8845151767176902e-05 3.9854045832478175e-06 0.00018519231263713597 8.119711979355061e-05 6.289037769090896e-05 1.8644175990301403e-05 1.965739525968877e-06 4.978462834861486e-08 1.602092991592293e-07 4.327274956430119e-07
2.0214948618651475e-06 9.852840325922175e-07 6.1400388457915776e-06 0.0 4.7889419473323146e-06 5.562487054725496e-05 8.065838600063747e-05 3.01981700533116e-05 0.0010001072024455554 0.0009529567229482875 1.880129844109159e-07 0.00042768614059466626 7.432852826008007e-07 1.8026686552998853e-05 9.634530464753762e-05 5.234389638908825e-06 1.3686461881883534e-06 2.3854639038785597e-07 2.518875354008852e-07 0.0021751915584486297 1.7027310228977682e-06 6.147711047880799e-06 1.9196875858245997e-05 0.0015747519003270858 0.0 1.3839925798268816e-05 4.112812199346202e-05 0.0018797591358750323 4.373941856619443e-05 2.295975566629365e-06 0.0 1.3851247343351182e-06 6.547887115779043e-06 1.4782604529117901e-05 5.6529130200118796e-06 0.00011670766741512858 6.794303873889964e-06 6.454455127649854e-05 3.418502821662854e-05 0.00017255596596790163 7.3538369030207315e-06 3.3120956507276015e-07 1.9251969739224754e-06 1.0162446926435653e-06 2.4203301787876533e-07 2.6439021988532687e-06 0.00010594865040362508 0.0 3.9568194908560515e-05 5.814767917633822e-05 4.118747510930528e-05 0.00018803333376664932 0.000273188909323976 2.5944310715897325e-06 7.329708380117076e-05 0.0 3.3573214751229324e-05 3.2563389477270562e-06 3.007420603746155e-06 3.9014660401960606e-07 1.3507141479538563e-06 3.2090394183147885e-07 0.0002021273952259162 3.4298985274231656e-06 1.4971289350700497e-06 6.001664291254169e-06 0.00021721794562908729 0.0 5.5015933765886435e-06 5.636664658972672e-06 0.0002324198466281777 3.107608734361803e-05 4.340094258825424e-06 8.985510381216303e-08 8.763264882204561e-07 8.479210879286317e-07 8.797983522749153e-06 7.543129690491316e-07 1.0287804859860713e-05 4.697451068862402e-07 2.9826207079703806e-05 6.543279811007198e-06 1.7220530139553466e-05 2.3671767131683627e-06 1.7505188578823192e-07 0.0
0.0 6.225625592112591e-07 0.0 4.7889419473323146e-06 0.0 0.000343703964440995 1.7524329715312282e-06 8.557300288192295e-06 8.337931457304695e-05 2.674200243238185e-06 4.189277652167896e-05 8.59210948391846e-05 2.5793103789791664e-05 9.33077505936024e-07 0.0015365059223595462 0.0 5.4194107113145556e-08 5.769964268795677e-06 2.637254839175476e-06 5.2923814069317515e-06 0.0 2.3809995001951014e-06 0.0 1.946347856873689e-05 5.309334226486164e-07 6.436404349250179e-06 2.125239194831634e-06 2.6303986306747724e-06 9.066944707367207e-06 0.0 9.816986296678949e-07 2.468943555595299e-06 0.0 0.0002972075149459647 1.8165075625495814e-07 2.525237499622665e-05 1.3641785086135188e-06 4.860582581783578e-05 9.914865666323738e-06 0.0013060113317831118 2.4212436116586147e-05 5.183246439939128e-06 2.8622793258510826e-06 0.0 0.0 0.0 0.0 0.0 0.0 1.1700234686200612e-07 0.0 0.0 0.0 2.384169582859338e-07 0.0 7.512203599262222e-08 0.0 0.0 2.1730242827104238e-07 0.0 0.0 0.0 0.0 6.450817372800028e-08 0.0 6.509917978464973e-08 6.876538287070215e-07 0.0 0.0 7.399516375175342e-08 2.644818244699004e-07 0.0 0.0 0.0 0.0 0.0 0.0 0.0 0.0 8.672431464816098e-08 0.0 3.2838289212392313e-07 0.0 0.0 0.0 0.0
3.883079657042656e-06 4.715428447089621e-07 8.951522161270934e-06 5.562487054725496e-05 0.000343703964440995 0.0 0.00131559083570494 0.0036717835783699666 8.379925405922555e-05 0.004038576547404401 9.628165845884952e-05 0.0022468115986218396 0.00010650074367708501 0.00026126147437885146 0.0016064959966881735 9.296331426027524e-08 5.610064975577578e-06 3.406328451569155e-05 2.1535395082253086e-05 0.00031308736965304166 1.2154598068681327e-06 9.636228586244974e-07 1.0493205845789747e-05 2.8222631932123778e-05 3.3429726465767545e-07 6.989398069380194e-05 2.8422455760274518e-05 0.00010247216000381296 0.0003137701988546869 1.1803803930941271e-05 5.518070009649237e-06 0.00040965412361181823 2.7880566553124116e-06 0.00037261218682446484 3.0989568589004196e-06 0.00023415923280772298 2.595322190997426e-05 0.0005373066974972112 6.8091250984399e-05 0.0020190206031800934 8.312612555867524e-05 1.5981022955588637e-05 6.2766505451606305e-06 4.3425146008696447e-07 1.9335019819264197e-07 4.4392120787750983e-07 1.4580503720011814e-05 0.0 6.5492862825185825e-06 2.2169659667143126e-05 6.0861887416654985e-06 6.9648187275053505e-06 4.253041676216478e-05 1.0478474660962888e-06 2.206639304684033e-05 0.0 7.990362785858586e-06 1.2663501259394922e-06 3.0022206592710477e-07 1.2240772669840644e-07 2.5149086020759595e-07 3.7003642704829777e-07 2.358379613401144e-05 8.089910052812522e-08 6.135983576006408e-08 8.4710393789027e-07 3.9188202776778385e-05 0.0 1.5963174016378164e-06 1.369387377958045e-06 4.4513578927259144e-05 7.4790897284822016e-06 1.5959158727944434e-06 9.89026342975136e-08 1.5539192462858522e-07 1.1466541537484809e-07 2.987631494223209e-06 2.5008513308716166e-07 6.994374546044694e-06 8.883205497275701e-07 8.896690128050641e-06 5.446686702914183e-06 8.45128964886139e-06 1.350471817973415e-06 2.2805603438700257e-06 2.846272882081592e-07
0.0008771133431378007 2.6965909435985575e-06 0.0006290768181155173 8.065838600063747e-05 1.7524329715312282e-06 0.00131559083570494 0.0 0.003003285846172068 0.00018133665945634087 0.0016227574376265056 1.969529442103967e-05 3.757248175892972e-05 2.6590347354018156e-05 0.004940061477372135 1.2235132887508969e-05 1.278010573162309e-05 0.00028852545021956555 4.447747321325905e-05 6.217059265565713e-05 2.4552929648099666e-05 0.0001301484351695855 2.1776588306891548e-06 0.0010943233015117497 0.00029576387658379263 7.610607593023059e-08 0.001150056720297515 0.0003457650875802777 0.0073812239703810265 0.0016090990906438537 0.0030451163476332634 2.5213002487682525e-06 1.7443282808456855e-05 0.0002633408763815457 0.0004714341293784959 8.934907045276245e-05 0.0024354480192188875 0.00012812157946624962 0.0017805793144061038 0.0008675681443891557 0.00020942798692116283 0.0001758683097136626 5.417224165596732e-06 2.6704603850448218e-05 2.2194074180522817e-06 2.359024464020418e-06 1.1525023064165692e-05 2.855648723088521e-05 1.8856290425512073e-07 1.676635932101832e-05 0.00018438533844598802 4.185158002948948e-05 6.78350012471069e-05 9.15758540260433e-05 5.8183728765978845e-06 2.0259791947476253e-05 3.431017214234664e-07 5.163251325858015e-05 0.0 1.4000644068630048e-05 4.883274812038574e-06 1.0537839573454358e-06 9.805836572529178e-06 4.963265223289629e-05 1.1857756125083773e-05 8.776108727990773e-06 2.9169714256310494e-05 0.0005325454196443262 3.033749867037117e-07 3.129026856535221e-05 7.287932617472366e-05 0.0005191256893977451 6.159880961988394e-05 4.216851970854963e-05 1.309630996447113e-07 8.810376155339447e-07 4.908443605856246e-06 2.641350545153701e-05 2.1780289591249004e-06 8.365995020910853e-05 1.0864682934201688e-05 9.247360927190653e-05 2.9513489203505274e-05 2.429151541646406e-05 9.043967648244909e-06 1.6615782651478851e-06 7.455836342333519e-07
0.00013116783680263612 5.692003307504582e-07 9.998140563651882e-05 3.01981700533116e-05 8.557300288192295e-06 0.0036717835783699666 0.003003285846172068 0.0 6.647000246733014e-05 0.0030303133133386057 0.0002959424039882748 0.0005590321056245326 8.24368514061682e-05 0.0029689666963419277 9.385430239586455e-05 3.4263784316719357e-07 0.00011002407973198912 0.00012413536083259293 8.989139852617958e-05 0.00015046991030737538 1.432855245089747e-05 4.2465912135169563e-07 9.17463118267001e-05 7.800614469355664e-05 1.3904195850805952e-06 0.00040948738589535223 0.00013199706046539437 0.00022276206968846024 0.0008716394482697152 0.00036032290238203807 1.3848455832496264e-05 0.00048046998202903483 2.3772163103850073e-05 0.0009203607783632678 8.768167855518925e-06 0.0004009541373822053 5.2994457888714617e-05 0.0007690028519125674 0.00016140312089533214 0.0006034046726639482 3.910181151538588e-05 9.939317207593745e-06 6.359586089375868e-06 1.1362157795232008e-06 5.163244474859987e-07 1.7724694753391313e-06 8.595833102374718e-06 1.7103093547925023e-07 5.837722943592223e-06 6.626832411064137e-05 1.7333266145188175e-05 2.2113427319331592e-05 2.5716172894282115e-05 2.3039678344836286e-06 7.447922369142962e-06 3.6668399932799334e-07 1.762712430202293e-05 1.5216358956520383e-07 1.8420596872471143e-06 1.0149065469042793e-06 5.831370775260174e-07 2.9675078912561422e-06 1.196271718945326e-05 1.459263551512511e-06 1.9496553249194355e-06 3.7402021189671817e-06 0.000176075357621738 0.0 1.0003522374266655e-05 1.1932710157718005e-05 0.00017669542599807795 2.1886416524723766e-05 6.445288218437889e-06 0.0 4.6353590412862566e-07 1.516671832552301e-06 6.653005973215556e-06 5.78932290383662e-07 2.0789543521376225e-05 3.3836060766648918e-06 2.37721674631071e-05 8.926338174539711e-06 1.1238381223135104e-05 3.243180818425022e-06 1.2661985106361242e-06 1.6175242885745394e-07
2.6136332892660643e-06 0.00045884863946119394 3.7423141231094513e-07 0.0010001072024455554 8.337931457304695e-05 8.379925405922555e-05 0.00018133665945634087 6.647000246733014e-05 0.0 0.00020807508997198112 2.0128932868130413e-06 0.0002505336303369737 2.1258515225560914e-05 1.5766352809216095e-05 0.000664635277161746 0.00015924918498232504 5.741732671307735e-07 2.5761247371206144e-07 5.631941773702603e-07 0.0005839326750021174 3.324208810661964e-05 0.001775568001478503 3.899556244533107e-05 0.002646257595280487 7.175230421014233e-05 2.7406320358589705e-06 0.0003271622720057067 0.0007980473357265246 3.94460038420953e-05 6.062016545369043e-06 2.5428477467257753e-06 4.398467208193189e-06 1.0929022674664292e-05 9.196466646956151e-06 4.033840425658777e-06 8.680084220061958e-05 4.075301237571989e-06 3.223011163819606e-05 1.3914035970742485e-05 0.00024072130239652332 9.511316285822905e-06 8.073073174878219e-07 1.357189089128321e-06 2.08691246946915e-06 7.550861095074169e-07 1.3317307271485256e-06 7.113946723934247e-05 2.444115686630539e-07 2.1763104488640852e-05 3.870191496012492e-05 1.611498128182154e-05 3.5334596864728795e-05 0.00016538852276156769 1.7828060604828955e-06 4.0623523839905224e-05 1.011952148584329e-06 1.714143974807482e-05 4.722356282396387e-06 0.0003423492923756972 1.5309057783393193e-06 6.280490109106164e-07 5.050528318031687e-07 0.00014093246403735457 5.1425456760962776e-05 3.930776636340635e-05 4.845286540853446e-05 0.0006954555029526015 7.278892207966645e-08 4.272571512694018e-06 4.5883303313617286e-05 0.00021899955122584825 4.406527574606727e-05 6.48926964003595e-05 3.1859087448215486e-07 2.7279175060997944e-07 6.209147067461175e-06 1.620234175135999e-05 1.5112246313624781e-06 6.457832350686564e-05 3.2506684141473317e-06 2.988810788464424e-05 1.806267305808559e-05 1.5820041612233988e-05 2.8928084925408267e-06 2.5575941545596737e-07 3.7117306677631466e-07
1.1155419540573976e-05 7.057505319224804e-07 2.509895009820111e-05 0.0009529567229482875 2.674200243238185e-06 0.004038576547404401 0.0016227574376265056 0.0030303133133386057 0.00020807508997198112 0.0 2.379399539800197e-05 0.0018095216997129782 2.267744951049022e-05 0.0005692511306686845 2.515157768867498e-05 8.982049887772213e-07 6.6210917708295184e-06 1.5150908998414275e-05 2.1954654434054796e-05 0.0038145817657538688 5.260990504548183e-06 1.6846904225464303e-07 3.198776679157046e-05 0.0003779195318583428 8.743066045511669e-08 7.454060997506861e-05 3.770987218754812e-05 0.0012510767239767174 0.0010970946422133698 1.6345886436321725e-05 2.003957252709374e-06 2.2284960308809136e-05 2.2458344211306824e-05 0.0002580490074065673 1.6166547075077846e-05 0.0007141348833826621 4.000444084911186e-05 0.001064812834511497 0.0002486629579224826 0.00014279964905482113 0.0001087605636089129 6.1408087447510464e-06 1.2100344320569408e-05 2.6634657705633787e-06 6.309812518235414e-07 3.61723804961392e-06 9.668358360339664e-05 0.0 6.548761970085116e-05 0.00015007807959425352 9.044929304214501e-05 8.768672122248572e-05 0.0004075917809510361 5.534886488496161e-06 0.0001225713058795104 0.0 5.882308435690897e-05 3.2397189578766564e-06 6.369345051468043e-07 4.4264758258149725e-07 9.086221126992564e-07 9.342612720699027e-07 0.0002764311284146369 1.8307988364356834e-06 3.3742572802478173e-07 8.804818850666636e-06 0.00028869262676790576 0.0 9.59159026717355e-06 5.5617222338275666e-06 0.000380674803040238 5.8412674722482546e-05 3.69241054379169e-06 0.0 4.7616281024209184e-07 2.1509395643616174e-06 1.889270424526433e-05 5.646875367345443e-07 2.555378511446047e-05 1.0895628001525975e-06 5.8864344862251485e-05 1.4656588240404825e-05 3.7130537908320586e-05 5.222217883939435e-06 7.693038220059349e-07 4.035994818631716e-07
3.3095755229685063e-06 3.242797684442569e-05 1.7590649018466207e-06 1.880129844109159e-07 4.189277652167896e-05 9.628165845884952e-05 1.969529442103967e-05 0.0002959424039882748 2.0128932868130413e-06 2.379399539800197e-05 0.0 3.120946487838472e-05 0.0007101633427758314 0.00016843410096096156 2.795318687427466e-06 4.0947033491083234e-07 0.0002025463714495627 0.0015797784601172646 0.00041094978148275906 1.012775761414693e-05 2.680918894394577e-06 1.5133916292087962e-06 5.099723629858181e-06 2.8198258715610967e-06 0.00022691064274975314 0.0009121376902396418 0.00019665164922555783 5.630473344645525e-06 0.00039923666676549966 1.6606932039897027e-05 0.00018943809670455056 0.00017958860920616222 2.570652528240324e-06 0.003623795955011696 9.881191785782108e-06 0.0001440104364603988 0.0019631110960629376 0.001324993043248098 0.00021550849696531457 1.9559891074186098e-05 3.5589063313372605e-05 0.000519705831553917 1.2738685073024121e-06 0.0 3.4755647197504003e-06 2.078399343484203e-07 0.0 0.0 6.191445018876083e-08 1.4742116889093217e-06 1.454547488866608e-07 4.438806805441714e-07 2.348199349752729e-07 9.797118999109233e-05 0.0 0.00039041831120082446 5.846324488550839e-07 0.0 1.8323253889198043e-07 3.9083901224146753e-07 1.845139925366055e-05 5.638317707293873e-06 5.9109577824135025e-08 0.0 1.0074365515747436e-06 2.5290316490520313e-07 2.807371143203036e-06 2.7586439029457387e-05 0.00012747848857242074 0.00015519767773036208 2.1805489235193335e-06 1.89664240019907e-07 1.0679511299764755e-06 0.00012400966869376148 0.0 0.0 3.380697201197675e-07 7.580072846140391e-07 1.2048048583910661e-05 0.0001793737668605389 8.502375231694311e-06 4.331180360633432e-06 1.9197741140672613e-06 2.954119740211213e-07 6.991851830675337e-05 7.009890796950154e-08
5.62592518218033e-07 8.824946434572569e-07 2.3254204261707807e-07 0.00042768614059466626 8.59210948391846e-05 0.0022468115986218396 3.757248175892972e-05 0.0005590321056245326 0.0002505336303369737 0.0018095216997129782 3.120946487838472e-05 0.0 2.9861830966830174e-05 0.00018134469870873172 0.0011245673177121614 0.0 1.9197747460305583e-06 1.763432932846916e-05 2.1590553500871393e-05 0.0038688561932826208 4.239391431936191e-07 7.803295394801843e-07 7.507411812796499e-07 0.00023857663333106007 2.3873395881403144e-06 3.355349848944834e-05 1.9012094097873536e-05 0.00013286229377513337 0.0004380628046142766 2.588523792521558e-06 2.2208409343615035e-06 3.176276316398272e-05 8.059392416228645e-07 0.00017936874866784818 3.907403915745763e-07 0.00019308308589618205 1.7873438037219235e-05 0.0005422450492862851 3.688451288577147e-05 0.0010587281414334974 2.868778614378855e-05 3.2443598211892874e-06 1.5039404074478384e-06 9.599102032267664e-08 0.0 6.213133698293965e-07 6.026796792322495e-05 0.0 2.733324217788096e-05 1.4606049709936385e-05 1.5527195452189358e-05 2.193363175367147e-05 0.00016901681240045935 8.3477403733011e-07 0.00015103518853633454 5.2224531161552283e-08 7.2212622066882195e-06 9.983354159849702e-06 2.550283199027478e-07 0.0 2.597577870490592e-07 3.2034257356373736e-07 0.00018119696744318926 6.889124760429881e-08 0.0 8.136522633821886e-07 4.252635535760665e-05 0.0 6.356331680452651e-07 6.868145642523349e-07 4.705756922923332e-05 7.559892766290112e-06 1.1725865139954413e-06 4.426807026171437e-08 5.003423794436778e-07 1.8650096708262547e-07 4.609520439457963e-06 0.0 1.3007075444317542e-05 6.304389843240215e-07 1.0032787751932653e-05 8.468514715624703e-06 7.160683904460892e-05 2.430493928418295e-06 7.359856882210202e-06 0.0
3.6360052142986476e-07 0.0003769400887615698 9.88247979146743e-07 7.432852826008007e-07 2.5793103789791664e-05 0.00010650074367708501 2.6590347354018156e-05 8.24368514061682e-05 2.1258515225560914e-05 2.267744951049022e-05 0.0007101633427758314 2.9861830966830174e-05 0.0 2.9763596919607387e-05 6.444909354291804e-06 1.0548456470862438e-06 4.857942795428406e-06 6.3430948953650205e-06 4.127958887143624e-06 1.2056051844487038e-05 2.6609052358449067e-06 5.187240043863537e-05 4.559708043415911e-06 2.3789902124437576e-05 0.001475034879196988 8.010926580495681e-05 0.0012937104272423838 1.4087539770004728e-05 2.7428964626699623e-05 3.8092061913658094e-06 0.00014487103039860247 8.741438151909126e-05 0.0 0.0004846122306123058 0.00010888689122338166 0.001072777420434472 0.0030331758361766816 0.0015625386795588613 0.00032927090993313795 0.00013858454006883278 0.0001809011001159678 0.0007901866403693833 1.3949376428778752e-05 0.0 1.3826993391639633e-05 5.712894982326347e-07 6.823083736080143e-08 0.0 2.6220918127623376e-07 1.868597369453983e-06 8.310213103004665e-07 1.0387485187331694e-06 1.2503276896294243e-07 0.00038405355032943044 3.9814761618234696e-07 0.0014212245083273175 1.3309554285570768e-06 0.0 3.3587125308070154e-07 8.247048758386553e-07 5.92611348622063e-05 9.085148943221767e-06 1.11672717499658e-06 1.312490135972949e-07 4.473325105023018e-06 3.868431770997038e-07 6.572839206372823e-06 0.0002016173812371846 0.000422536352011298 0.0005593877881574404 4.687791367998558e-06 1.4620820777236078e-06 5.165351964978706e-07 0.0004711391109155525 4.0371771488761984e-07 0.0 7.106608519176461e-06 1.236216447899704e-05 0.00012656255307521468 0.0005865852414435667 4.121139446009596e-05 4.240038117398562e-05 1.4349968289834787e-05 6.179627580362806e-06 0.00013547631948781244 3.307914633143539e-07
0.002938509606497796 1.0159580177555836e-06 0.00011012771337250004 1.8026686552998853e-05 9.33077505936024e-07 0.00026126147437885146 0.004940061477372135 0.0029689666963419277 1.5766352809216095e-05 0.0005692511306686845 0.00016843410096096156 0.00018134469870873172 2.9763596919607387e-05 0.0 1.8297684370463103e-05 1.0404460452330826e-06 0.0003631664348692076 0.00011258747987092853 0.00013002826264118064 6.612043920923259e-05 4.508952882807777e-05 4.417057767080362e-07 0.0001181694608790836 6.105157718455283e-05 6.12504115301433e-08 0.0005015853635951231 0.00017998117875316346 0.0002050096128734134 0.0038183094409372973 0.0021630020969510234 8.602826201863877e-06 0.00010891628346660475 2.388948368507328e-05 0.0005783527275529731 6.018758511521514e-06 0.0002979170400269964 4.9797518448095704e-05 0.0006554454565804472 0.00013993385617210437 0.00010035895622754233 1.248969949588675e-05 3.7510076466717346e-06 3.425461925825705e-06 1.291131883078921e-07 1.5476528658966052e-06 7.04646440453794e-07 1.5105642039227006e-06 0.0 1.4302423954177728e-06 1.6112890244243894e-05 3.3741720597822644e-06 9.201879309417216e-06 4.43468441427589e-06 2.4916348125408364e-07 2.332954223998892e-06 1.1320021062030564e-07 3.171060801551267e-06 0.0 3.543055798931836e-06 1.4858529171394915e-06 5.106905290858696e-08 4.9868824775682485e-06 2.673244959780125e-06 4.434705535607033e-06 1.419324580302648e-06 1.1448918746555112e-06 7.07098240599162e-05 3.598336547588345e-07 1.6415117181487683e-05 2.1340194658891513e-05 5.915805512677755e-05 5.837087562534544e-06 1.1753534556650373e-05 0.0 0.0 1.0293543714261635e-06 2.640326688089126e-06 1.5969294645395584e-07 1.0143024673756147e-05 5.506514203940913e-06 9.373202014182451e-06 4.894722749780335e-06 1.7646632196476853e-06 1.8710581786445617e-06 3.805602796833338e-07 0.0
6.968777500364237e-08 1.2318746919557257e-05 5.914963655883831e-08 9.634530464753762e-05 0.0015365059223595462 0.0016064959966881735 1.2235132887508969e-05 9.385430239586455e-05 0.000664635277161746 2.515157768867498e-05 2.795318687427466e-06 0.0011245673177121614 6.444909354291804e-06 1.8297684370463103e-05 0.0 3.8779469027333226e-07 0.0 7.140145010037508e-07 8.580407548950055e-07 0.00020490644908256712 0.0 3.912694029775862e-05 1.5712800948775496e-07 0.0004382278031978428 2.023464807536765e-06 2.5981339766965954e-06 1.2354783663576574e-05 3.180850922873237e-05 1.7819656116344107e-05 0.0 4.163304039764387e-07 0.00020379261278283142 1.9664476043010615e-07 2.1100241909419926e-05 0.0 1.655917591055408e-05 2.173577177511102e-06 2.988742927213816e-05 2.9465647909584684e-06 0.0007391359684271216 0.0001688348658251945 7.396545975716679e-07 6.733489826567784e-08 0.0 0.0 0.0 9.94040847063741e-07 0.0 3.6592270710675967e-07 0.0 9.220864002747277e-07 3.1971638821688864e-07 2.075941496352887e-06 4.6136766815013423e-07 2.9105768327860525e-06 7.136503568735117e-08 1.5985126400752766e-07 0.0 2.8493888910427706e-07 0.0 0.0 0.0 5.812650212494763e-06 2.1625256097286566e-07 0.0 1.1590345296900691e-07 1.0236276962906883e-06 0.0 0.0 2.679387238914309e-07 1.0686942543276878e-06 0.0 0.0 0.0 0.0 0.0 0.0 0.0 4.081376421119942e-06 0.0 1.9950108836413132e-07 7.06371558385272e-08 7.159747032630122e-06 2.2727008012053408e-07 6.626690178911051e-08 0.0
2.364433927973364e-07 1.0244796511702483e-05 1.1581778948428556e-05 5.234389638908825e-06 0.0 9.296331426027524e-08 1.278010573162309e-05 3.4263784316719357e-07 0.00015924918498232504 8.982049887772213e-07 4.0947033491083234e-07 0.0 1.0548456470862438e-06 1.0404460452330826e-06 3.8779469027333226e-07 0.0 1.5969876425647912e-05 6.271946094302926e-07 1.679992979172903e-06 3.4881586476975316e-07 0.0016071316903011439 0.0006998639630438867 0.0014627323615248045 0.001043389871954926 8.016265177288243e-07 2.3060103209436013e-05 0.0023435938266530873 0.00065097976333504 7.148543634590811e-06 0.0001464790339623506 6.531959826487266e-07 6.646499863783247e-08 2.8605680638223674e-05 6.60102210915415e-05 2.3611583156067623e-05 0.0008198450427722208 0.0004937320691687512 0.00028682105373693134 0.00045333291962416765 6.11431413492698e-06 9.867784452286628e-07 1.0251651168238897e-06 5.252279329004284e-06 3.2923930126995925e-07 2.393878318916145e-06 3.1471889572042436e-05 2.167195044660824e-07 0.0 6.871772853903885e-08 2.122841474494003e-06 3.6290657843999633e-07 1.709690424126359e-05 3.052088754064636e-07 6.180620390403312e-08 0.0 9.123386716525898e-08 6.652843872480341e-07 7.479462741593946e-08 0.0024206942287381653 8.536241155994036e-06 4.199509947891004e-07 2.137755283816484e-06 6.805577063032428e-08 0.0004066012286359513 0.0005871040422413818 0.0007898586581677845 0.00013711642308554845 1.2719987428601134e-07 1.723315605688082e-05 0.0006336195927926707 8.520482724715776e-05 9.958673869361533e-06 0.00014932635595079496 1.658977383657016e-07 0.0 8.535220879194994e-06 1.1553190652799698e-05 4.045358666093026e-06 0.00019074053563194858 3.155684437226274e-05 3.409640722535959e-05 4.3130508370275084e-05 1.1916898014718381e-06 6.5209640090452e-08 0.0 9.113500575044506e-08
0.00012657863833813446 9.008713153553494e-05 0.00047131272099642445 1.3686461881883534e-06 5.4194107113145556e-08 5.610064975577578e-06 0.00028852545021956555 0.00011002407973198912 5.741732671307735e-07 6.6210917708295184e-06 0.0002025463714495627 1.9197747460305583e-06 4.857942795428406e-06 0.0003631664348692076 0.0 1.5969876425647912e-05 0.0 0.00023744665898012352 0.0010395237783363516 1.1944107129984355e-06 0.0009751904165931338 6.255377220395393e-06 0.0012483656981058073 9.697065401442119e-06 1.2668636756510943e-06 0.0009408653184536011 0.0017906648509736875 6.357273668606677e-05 0.0002518328936015145 0.001470191492833488 2.5879892160583537e-06 6.387537254225534e-07 2.542521715571136e-05 0.001397215179006528 3.970171288534751e-06 0.000163328499805899 0.0022116183112566756 0.0006537861423947455 0.0001400473969163622 3.4508999489051056e-06 3.3600040574307064e-07 9.762749233257888e-06 4.007188383889574e-07 5.007616763435572e-07 5.051833757735773e-05 3.50011959475779e-05 0.0 0.0 0.0 8.885427170694885e-07 3.0339742784936e-07 1.064430354972178e-07 0.0 1.7104823493712164e-07 0.0 2.435788486827009e-06 5.735051787481711e-07 0.0 7.064358066974119e-06 0.000107737394726574 2.6489354296910017e-06 0.0001635957850926386 0.0 1.4876662648855558e-06 1.8643529620820687e-06 8.566267641021257e-06 1.622810760432494e-06 1.754372643151571e-06 0.000500063103345528 0.0006318572502927176 1.2398691871581814e-06 6.43625066179505e-07 1.2164546116771399e-06 2.9335809201617418e-06 6.087086383192357e-08 1.7925730919295473e-07 5.2383394568048e-06 1.986869653009901e-06 8.040398037523673e-05 0.00012076666181141149 2.5296017074599665e-05 1.1898849035479523e-05 1.3798055035634009e-06 0.0 2.2798313247676392e-07 5.64680374483845e-07
1.4174324753129399e-05 6.149408711950954e-07 6.563777020357681e-06 2.3854639038785597e-07 5.769964268795677e-06 3.406328451569155e-05 4.447747321325905e-05 0.00012413536083259293 2.5761247371206144e-07 1.5150908998414275e-05 0.0015797784601172646 1.763432932846916e-05 6.3430948953650205e-06 0.00011258747987092853 7.140145010037508e-07 6.271946094302926e-07 0.00023744665898012352 0.0 0.0007402191669312654 3.896142918765951e-06 1.686618386939219e-05 0.0 1.6411683888259783e-05 6.817211034432356e-07 2.569716246671874e-06 0.00018385903591710862 1.8243053748674536e-05 7.807396200336955e-06 0.00015280192564456942 5.465779994622813e-05 5.206078633298035e-06 4.273836254391684e-05 2.151815246238677e-06 0.000939694217797093 9.083497764996038e-06 0.000371593951030426 0.0007086183055243382 0.0009419534911666503 0.00026171885737224566 8.994188780650159e-06 1.3625646592130117e-06 7.620315344592828e-06 1.1980620894517072e-06 7.325923174473036e-08 4.445210958128776e-07 2.812239852929118e-07 7.293514205012432e-08 9.246337540444342e-08 5.0802665332159395e-08 5.703748968744346e-07 0.0 1.5805523721468466e-07 4.887959242127067e-08 3.7067103169392767e-06 0.0 3.337788090192975e-05 1.6578364104663914e-07 0.0 2.2510291031141443e-07 9.010648419486852e-07 1.6380351577901892e-05 7.827201332493972e-06 0.0 6.137422044844323e-08 3.3758538688820837e-07 2.683619501413339e-07 2.2621345296461452e-06 3.928140729466275e-06 0.00011529960752470691 0.00014527303526080544 1.1344487241634084e-06 7.04984291471622e-08 0.0 5.251275099344011e-05 0.0 0.0 1.3918517858743823e-07 1.2841267032029289e-06 7.4321611400299145e-06 1.9889067415575213e-05 9.565860977799357e-06 4.258592308302668e-06 2.5942856856388644e-07 0.0 2.742668776181917e-07 0.0
2.8702016848076757e-05 5.3726582385658415e-06 1.652192988112108e-05 2.518875354008852e-07 2.637254839175476e-06 2.1535395082253086e-05 6.217059265565713e-05 8.989139852617958e-05 5.631941773702603e-07 2.1954654434054796e-05 0.00041094978148275906 2.1590553500871393e-05 4.127958887143624e-06 0.00013002826264118064 8.580407548950055e-07 1.679992979172903e-06 0.0010395237783363516 0.0007402191669312654 0.0 6.525109731264171e-06 3.383848086794521e-05 3.419194341696844e-07 4.322206732022013e-05 3.8602380745147645e-06 3.133086991148058e-06 0.001282848184468939 0.0003397195566272312 1.0711508998689254e-05 0.00018148480056512817 0.00013658205168368565 1.4650563850369485e-06 1.640614148416376e-05 7.745281254418387e-06 0.0025711639374277535 7.616204264280294e-06 0.0004906269180463617 0.000967848868216423 0.001331859060764966 0.0002687240683649067 8.175565489674752e-06 3.857459598440231e-07 1.3894144917371498e-05 2.3779532565426546e-07 1.2441824699313275e-07 7.845726382151758e-06 1.7161265511468995e-06 5.692915828112878e-08 0.0 6.132874058640998e-08 8.963759924161837e-07 1.2055413535762654e-07 4.954359840695587e-07 1.092248261547582e-07 7.576731093011015e-07 3.37116031616695e-07 7.929174650657148e-06 6.385545881988799e-07 0.0 6.74981382544541e-08 5.263143371351254e-06 1.2934025495601798e-05 4.9845842923097087e-05 1.663149889082385e-07 1.4038777894719495e-07 1.0821205854137097e-06 7.312371258952789e-07 3.087225453376933e-06 9.558010166545939e-06 0.00041585070630743886 0.000372529068840614 1.7885501726464835e-06 1.3736503831069845e-07 8.910404079820052e-07 1.8082385179862127e-05 0.0 7.022074791371968e-08 1.5134272856957706e-06 1.2356198487529224e-06 2.9775560453418093e-05 9.587921337187366e-05 2.7874318615745374e-05 1.1738393098671664e-05 4.6456141289591285e-07 0.0 4.205873173431213e-07 0.0
1.0369994721778064e-06 3.669104614408891e-07 6.173154109470296e-07 0.0021751915584486297 5.2923814069317515e-06 0.00031308736965304166 2.4552929648099666e-05 0.00015046991030737538 0.0005839326750021174 0.0038145817657538688 1.012775761414693e-05 0.0038688561932826208 1.2056051844487038e-05 6.612043920923259e-05 0.00020490644908256712 3.4881586476975316e-07 1.1944107129984355e-06 3.896142918765951e-06 6.525109731264171e-06 0.0 6.698038018318216e-07 1.413683718904392e-06 1.1503431384665295e-06 0.00047292639387281645 0.0 9.952607541897884e-06 9.523758533980617e-06 0.002748621405293105 0.00018519319032667873 1.0536524315964004e-06 1.229136782336068e-06 7.660830971563518e-06 2.119845327904821e-06 5.928116698956089e-05 2.517417492065951e-06 0.00012875893600680394 9.024325326169667e-06 0.00022663830717346587 3.06275434703914e-05 0.0005181993858204082 1.599513048292184e-05 2.2831083081076793e-06 1.5808139877555216e-06 1.1972058393712629e-06 0.0 1.979602294347058e-06 0.0001225713997712002 7.933407093717124e-07 7.084270059825585e-05 7.85063642012793e-05 5.9646479245917166e-05 9.859314594722079e-05 0.0004151198908730255 2.2371488074273792e-06 0.00014093993735586524 0.0 4.499061382105667e-05 9.13321269252197e-06 1.0483362273699973e-07 1.1407661474113304e-07 1.6718278801045867e-06 2.3326140600813782e-07 0.00032064134534698206 1.296732152657788e-06 4.494943761187967e-07 4.56569885771418e-06 0.0002012138267321923 0.0 4.2839751055282375e-06 1.3792705358848214e-06 0.0002766437984358661 3.7768087356746065e-05 5.764747312900392e-07 0.0 9.659664751655793e-07 2.788703906102494e-07 1.3187349156847424e-05 0.0 2.084419609421646e-05 3.111822913682492e-07 3.873703983269552e-05 7.437909491076571e-06 3.304313728202532e-05 3.628218076571704e-06 1.220198302061544e-06 8.003152239810551e-08
1.9079289732064093e-05 1.5523067811859005e-06 0.0006659151868985411 1.7027310228977682e-06 0.0 1.2154598068681327e-06 0.0001301484351695855 1.432855245089747e-05 3.324208810661964e-05 5.260990504548183e-06 2.680918894394577e-06 4.239391431936191e-07 2.6609052358449067e-06 4.508952882807777e-05 0.0 0.0016071316903011439 0.0009751904165931338 1.686618386939219e-05 3.383848086794521e-05 6.698038018318216e-07 0.0 8.27381294698674e-05 0.007388337531562645 0.00018012013377673682 1.284773429506465e-07 0.00045844712002418635 0.0003877654862304986 0.001107736956230857 8.731880133509861e-05 0.005580887474591951 4.7108895749147985e-07 0.0 0.00011457193216974791 0.0013059069014174439 8.90570396027542e-05 0.0036862715507677717 0.002408526121048215 0.002127912462619476 0.0017982648027885125 1.651249883489586e-05 1.7814012877560118e-06 9.72692563713153e-07 2.41613354096248e-05 7.645520426860768e-07 1.01593417081403e-06 1.20552123865742e-05 6.313369783746277e-07 0.0 0.0 4.009651867101723e-06 9.955533630841568e-08 1.613454292754827e-05 1.3261194777447575e-07 1.1760239386296564e-07 0.0 6.702962989974009e-08 1.7427342781020525e-06 1.962619798312107e-07 0.0007519018861743156 5.463782006547183e-06 7.679030517132655e-07 2.88271836448475e-06 0.0 0.0004236528733855123 0.00014538284838030364 0.00019439868336129374 0.00020597148463482616 2.4250180137396243e-07 1.1731003564737142e-05 9.5258906083314e-05 0.0001386996512160892 1.887145526613277e-05 0.00025280323447933207 0.0 0.0 1.5099631530888847e-05 1.4205648465347192e-05 2.7748872022598725e-06 8.112890478966481e-05 1.2690490778162857e-05 1.744475545920072e-05 1.145292651161626e-05 4.1519015732865195e-07 6.452963468567772e-08 5.868864727763745e-08 1.657761821601066e-07
8.053963808516779e-08 0.0015847257027357202 1.20187671535171e-05 6.147711047880799e-06 2.3809995001951014e-06 9.636228586244974e-07 2.1776588306891548e-06 4.2465912135169563e-07 0.001775568001478503 1.6846904225464303e-07 1.5133916292087962e-06 7.803295394801843e-07 5.187240043863537e-05 4.417057767080362e-07 3.912694029775862e-05 0.0006998639630438867 6.255377220395393e-06 0.0 3.419194341696844e-07 1.413683718904392e-06 8.27381294698674e-05 0.0 0.00012387934038190278 0.003653644333307038 0.00022181028693304633 1.1408474148819745e-05 0.002166947085778997 8.084433390955475e-05 5.11771633427012e-07 8.212054255115151e-06 3.7949979454195356e-06 5.692113191734997e-08 1.4395090323071677e-06 4.6366638176438335e-06 7.04134674856261e-07 2.081234510105733e-05 5.466686286308518e-06 1.3571683603022728e-05 2.137540179846654e-05 6.170059887766212e-05 3.131487075033575e-07 3.753374486789213e-06 1.152886257652239e-07 0.0 8.13425097511526e-06 4.882486003619501e-05 1.1214335217441755e-06 0.0 1.1573810213683729e-07 1.4858230214063806e-06 8.482719866240544e-07 4.017952275530623e-05 1.874116150160098e-06 7.339303256163488e-07 3.726458163987906e-07 1.8683047274567744e-06 4.88088404759628e-07 0.0 0.00038329720676772854 1.1831135621292436e-05 4.3637257825773457e-07 2.544775535716506e-06 1.2076255642306768e-06 6.64046836394586e-05 0.0001049556760784569 0.00016704843919109518 8.289154892527025e-05 7.778342689441042e-08 1.4016396020349934e-05 0.0008063362223123704 3.726689014591506e-05 4.671069305328019e-06 4.441120790212586e-05 4.4739877292875896e-07 0.0 3.987476391085142e-06 6.991502070803571e-06 3.336395800245882e-07 6.191171306114199e-05 1.1848034818546145e-05 1.743662538035701e-05 1.596794364973593e-05 1.4215926836783443e-06 2.0511604356628053e-07 0.0 5.13781491664951e-07
