0.0 1.0721431441934016e-06 0.00014090003384568657 3.0738918613311864e-06 6.885790360861597e-07 1.3648051145330068e-05 0.0028399882365466866 0.0008638820494431922 2.3078537727855553e-06 3.919020275142677e-05 1.8424459261659052e-06 1.7943178548709895e-06 4.2824056865610285e-07 0.0038823197667927317 2.533817731394861e-07 1.730684786742132e-07 0.00015738101497086 1.95792672437944e-06 1.639922027366972e-05 8.542493320278404e-07 7.986039237126875e-05 2.701316496728674e-06 0.00013541755498176446 3.721835118894733e-05 6.106214853400012e-08 6.0115026694606144e-05 7.546785090980495e-06 6.572964114804506e-05 0.0018470329151231563 0.0019789269773816415 0.0 8.852208227782057e-06 4.2367818440205185e-05 8.596285702548666e-05 6.753223493621295e-07 6.392965918074043e-05 8.364245166864176e-06 6.896933327091284e-05 1.3048110246681199e-05 1.207956108112934e-05 3.9292328184330785e-06 7.535609492996397e-08 8.090657558130713e-07 0.0 0.0 2.7699705855542494e-07 0.0 0.0 0.0 2.1044276769267766e-06 2.2355261902976258e-07 3.010932905001778e-07 0.0 0.0 0.0 0.0 1.3460843949875144e-07 0.0 3.454061276774106e-07 5.7893693357083845e-08 0.0 0.0 0.0 1.721302229292904e-07 1.8860135477374972e-07 0.0 1.885337191915772e-06 0.0 2.2816767190477556e-07 1.2197805480367133e-06 4.9383213725745186e-06 2.734867612045067e-07 1.0561411047675202e-06 0.0 0.0 0.0 0.0 0.0 8.769055231574277e-07 0.0 9.254952624106046e-07 4.897839098105791e-07 0.0 0.0 0.0 0.0
1.0721431441934016e-06 0.0 0.0001287545151271005 3.1824199194049265e-07 0.0 9.228845677294653e-08 2.0765599526145336e-06 1.835216216116887e-06 0.0004883666486745053 1.428617240206585e-07 6.527791572255397e-05 2.809624836658533e-07 0.0004922246122756107 1.1309160146123033e-06 3.8697161005113357e-07 9.817171698085856e-05 0.00012042186787939833 1.5300914682738533e-05 3.4414738446674813e-05 4.4624435103056665e-08 8.649814690827361e-06 0.0019198801791218563 1.8548854100507465e-05 0.0005144562442385061 0.0008732544101135948 0.0004138505541524343 0.007402004970819245 3.332758041596241e-05 5.377705388798919e-06 2.9120786788857338e-05 6.234406907451178e-06 3.9654997721360404e-07 1.1403324618031452e-06 0.00020077493245489582 4.2455135432468505e-07 0.00019512106023321775 0.0004450566912797373 0.00015813651756669013 5.8930744080512266e-05 5.246909130212821e-06 8.688081606442637e-07 5.483283281673773e-05 3.116744269624699e-07 0.0 8.060946211436515e-05 0.00012468613531743227 3.3289385571835797e-07 0.0 0.0 8.189639295181655e-07 1.0573034624247467e-07 4.026588310872526e-06 2.2133171268630048e-07 4.2553776853947955e-06 0.0 2.452447219640955e-05 0.0 0.0 2.8700814578880215e-06 2.6593690275400696e-05 1.809942840159951e-06 1.0071762471594641e-05 0.0 6.534370090815015e-07 3.0834267278298726e-05 9.017112286050685e-06 1.956336313216589e-06 8.243895649495501e-06 0.00030912024223046856 0.0009553619080386547 2.7769449650761364e-06 3.1261281618083655e-07 5.33430910541884e-07 1.1521163191263074e-06 0.0 2.6986885088944593e-07 7.328607555983658e-06 4.0346512789476156e-07 2.6828559190108604e-05 2.1700557425900457e-05 3.119261162089198e-05 8.899316770517854e-06 0.0 1.1971890539880102e-07 1.4819317224793872e-06 1.2768430021535643e-07
0.00014090003384568657 0.0001287545151271005 0.0 3.889986516396932e-06 1.9874328435576159e-07 1.4143974854415164e-05 0.0005933821001315638 0.00028175169097156534 7.710067955773267e-06 1.9035931932177058e-05 2.086962281377708e-05 1.255716408348952e-06 1.8970016947827745e-06 0.0002460596275501311 1.1428715354684981e-07 1.2209269793923518e-05 0.003486834906005525 2.6897840391397196e-05 0.00033793940862968265 7.975107929330579e-07 0.00036704330814152375 4.474904879664262e-05 0.0038082938967804805 0.0001260303443479673 2.1449342101939326e-06 0.004598855255281331 0.0017244144227145518 0.0007857489259687501 0.00011280492525472018 0.0005698201556548367 2.9227166354101975e-07 4.132963375559477e-06 1.1950376251602464e-05 0.0009374404509373496 1.6025878575460112e-05 0.0015282334836905192 0.0017099112706432532 0.0019652675743157375 0.0006926461146799074 2.66625227014315e-05 5.517686505637561e-06 1.052785125241391e-05 6.861316515859874e-06 0.0 6.938357025213705e-05 0.0003987899745265226 0.0 0.0 0.0 5.7242289728328196e-06 5.154610721326213e-07 3.1053957818203046e-06 7.737090993395807e-08 1.72482425979375e-07 0.0 0.0 1.3283290901130466e-07 0.0 8.430973258920578e-06 3.1091196450235485e-05 3.780468248040232e-07 1.5395394364697854e-06 0.0 8.025787203690063e-06 0.0001185413825472733 7.253760235961348e-05 5.584048192235242e-06 6.683676738573978e-07 6.750006397801688e-05 0.0009715123365240791 1.4336852385503004e-05 4.215268335728318e-07 3.1134371146843474e-06 5.419901495655651e-08 0.0 1.5129502667897724e-07 3.866697928090157e-06 6.992626905809778e-06 2.8631908358719115e-05 6.650046873925683e-06 1.6998198007092197e-05 9.632691346320055e-06 3.5621947456372334e-07 0.0 0.0 2.674233212530397e-07
3.0738918613311864e-06 3.1824199194049265e-07 3.889986516396932e-06 0.0 1.7770900412178498e-07 3.837637117614171e-05 0.0002313536731502588 4.407743677544231e-05 0.00039225178862598573 0.0019470191637403211 4.1956905761087827e-07 0.0017036094498196514 0.0 2.108057985673462e-05 1.2067468875124504e-05 0.0 6.957831400891749e-07 3.232699991377892e-07 2.0908557426124414e-07 0.003460243604274942 1.8758243643853006e-06 1.5573281847840406e-07 1.6362839875881534e-06 0.0015667992198271786 6.312936437785935e-08 1.5118140782696393e-06 6.490364772281477e-07 0.001969122858216391 3.787437845458887e-05 1.947074795325751e-06 0.0 2.2580511645187275e-06 2.888602574988942e-07 1.7958967643769175e-05 1.6373400628446312e-06 9.223410934803352e-05 1.2695365323611704e-06 3.3458798972011866e-05 1.1399448849535915e-05 7.824381039039223e-05 5.162333319606229e-06 1.8488526222756708e-07 1.220027240329397e-06 2.7758750336077635e-07 1.9652125183011656e-07 0.0 5.9291945772539934e-05 0.0 1.0387282910816751e-05 9.024816879597329e-05 5.92794755071763e-06 4.748758952695598e-05 9.679274280644292e-05 1.4114913460409958e-07 2.9900736026132886e-05 1.1990064200580282e-07 3.339209301152088e-06 0.0 3.0874154824298765e-07 0.0 0.0 0.0 2.8882216234274595e-05 0.0 2.5066440397935684e-07 0.0 0.00013984823791466156 0.0 0.0 2.0601786650819976e-07 0.00017296576745139017 1.826482752538469e-06 1.923960131258465e-07 0.0 2.4993189337715704e-07 9.573576300043543e-08 8.051936745214235e-07 9.602975494480023e-08 4.872141647820276e-06 1.6478693532160598e-07 1.4423288336247334e-06 5.214200566011031e-07 1.183407153433288e-05 1.1681852329186268e-07 0.0 3.565853502997172e-07
6.885790360861597e-07 0.0 1.9874328435576159e-07 1.7770900412178498e-07 0.0 0.00021788611889389948 3.918208329071655e-06 0.00015535370241452512 5.428294873070064e-06 3.695814468087179e-06 7.398021037797239e-06 1.5208889836017285e-05 2.5994252012715273e-06 1.4557504367992077e-05 0.00024597649617662124 0.0 2.6330934854164365e-07 1.529501215753682e-06 1.547568589882073e-06 9.471428447771997e-07 1.152477076989937e-07 0.0 1.8338114164619564e-07 7.795378804635401e-07 7.510412209415616e-08 2.565834139856003e-06 1.121478949945424e-06 1.0219023801496638e-06 0.0003367741641337325 1.1527910982929767e-06 5.875004645999503e-08 0.0008989585946557344 0.0 0.00017920854762764726 3.9641385098500903e-07 3.4508885225009827e-05 5.682126618557292e-06 0.00018133830820134483 0.00011746970531716207 0.0005402584581846748 0.0001630213512251459 6.821057058621555e-06 3.394063036719323e-06 0.0 0.0 0.0 1.4489977174598101e-07 0.0 0.0 1.1139907185197567e-07 0.0 5.064570161729712e-08 0.0 0.0 0.0 1.5068597067029235e-07 0.0 0.0 0.0 0.0 0.0 0.0 0.0 0.0 0.0 0.0 0.0 0.0 1.2223759099559848e-07 0.0 3.014040208486164e-07 0.0 0.0 0.0 0.0 0.0 0.0 4.705016979352392e-07 4.449942470971127e-07 0.0 7.592086778679975e-07 5.361955251301078e-07 0.0 3.8839150471836054e-07 3.690790152264815e-07 0.0
1.3648051145330068e-05 9.228845677294653e-08 1.4143974854415164e-05 3.837637117614171e-05 0.00021788611889389948 0.0 0.0017264812048114282 0.0034858355103450176 2.335491710885202e-05 0.004057219029175977 1.119340756260936e-05 0.001627529230745138 3.2181908857903654e-06 0.000853223516773578 0.0010733827828536846 0.0 4.2053321763153e-06 4.3859464718641315e-06 4.954888067233764e-06 0.00018847222571109607 4.914294863820022e-06 0.0 8.33767971791777e-06 0.0002005795239836806 4.875550367709344e-07 1.1527727559135014e-05 4.56723121286375e-06 0.0002848057512192999 0.000640840407962424 1.2180389527552729e-05 1.9688053731481802e-07 0.00046642110308645833 6.173638588190784e-07 0.0001688127803897772 4.481963734528791e-06 0.00031741178523413767 1.2444344170143075e-05 0.00026836868789162013 0.00012116245809214328 0.002352082076358987 7.163346554272168e-05 4.959946022535034e-06 1.026212328164794e-05 6.793402045097385e-08 1.4979846403136647e-07 2.811247122948205e-07 1.0442851334110381e-05 0.0 2.8187278256374273e-06 4.7195867302675714e-05 2.054999311512457e-06 5.793863098762302e-06 1.6010597004829162e-05 3.509357113926936e-07 6.17083061850825e-05 0.0 2.4112679376718955e-06 0.0 3.1398944042597e-07 1.1845809022147424e-07 0.0 1.2479798287256884e-07 5.996715308864862e-06 0.0 2.034420083959178e-07 0.0 2.4561177151560756e-05 0.0 2.7625247694864263e-07 5.024746065668069e-07 4.443707707843909e-05 6.514435331443505e-07 2.611164132267683e-07 0.0 3.762507519193515e-08 4.118315603576876e-08 3.7183968400602007e-07 2.9352867472519543e-07 7.477155223688078e-06 5.011795846484364e-07 2.620557863946792e-06 1.1768838140466921e-06 1.055328760361689e-05 3.0287724232772554e-07 9.955663220007766e-07 5.892307809582769e-08
0.0028399882365466866 2.0765599526145336e-06 0.0005933821001315638 0.0002313536731502588 3.918208329071655e-06 0.0017264812048114282 0.0 0.0030303260365957805 8.64548672598283e-05 0.0032762801468232856 8.950908594471171e-06 3.542402334859432e-05 1.5112230286627452e-06 0.00431750793191418 2.2675159457804405e-06 1.2458897305282907e-06 0.00015602631885675908 3.926442893943055e-06 2.211231846639828e-05 9.920105538763312e-05 0.00042750363248326577 4.845067464842456e-06 0.0005836838357431733 0.0008721255473543381 2.9552970025401684e-07 0.00016381178470967659 4.839836004074626e-05 0.007354130077241597 0.0011810601779309 0.005081566423024621 1.416628822317514e-07 3.62579311734435e-05 3.06887304920286e-05 0.00039838338854758894 1.6536833926152453e-05 0.0013769577454799853 4.6746216692672706e-05 0.000614424966899883 0.00021337802724471542 0.0002511946176251518 6.559602949239635e-05 9.831218628933136e-07 1.3987172129494655e-05 1.0011814496804622e-06 7.834698621341819e-07 3.958509338261479e-06 6.827960025679911e-06 0.0 1.7708690066685456e-06 0.00021929684911179773 1.2310374367705016e-05 2.9068208888126774e-05 1.1182124956462663e-05 4.861741664018669e-07 1.765305549895829e-06 2.643804770999664e-07 1.0339182287084258e-05 0.0 4.669515103771941e-06 4.519300319384878e-07 2.843960671548915e-07 6.456382141492009e-07 2.9095193527107917e-06 4.3437484129582814e-07 2.4476410486442523e-06 1.3429790977758326e-06 0.00010445619947896666 0.0 1.3694257803834405e-06 1.0709466807344228e-05 0.00023664414183524195 7.702909278622677e-06 2.6626111012462808e-05 0.0 6.468625577079823e-07 2.6901385754724455e-07 2.5142737322145414e-06 2.4050645633276374e-06 2.5804360553685353e-05 5.192879768345548e-07 8.97289356433558e-06 1.9210719119191023e-06 5.296996399796076e-06 1.433007098355472e-06 5.89347611932138e-08 1.350710042317137e-07
0.0008638820494431922 1.835216216116887e-06 0.00028175169097156534 4.407743677544231e-05 0.00015535370241452512 0.0034858355103450176 0.0030303260365957805 0.0 5.9627336799604316e-05 0.0014168453259557946 2.0010742553876494e-05 0.0008283042273980846 3.989686052773927e-06 0.004739012495426213 0.0001979641294940295 1.3958113446668783e-07 0.000240572436341621 6.957293244308042e-06 3.589964360503092e-05 0.0001540133556424704 7.380109792144327e-05 2.475602825852947e-06 0.000164682043447196 0.0005445100681858662 5.831303062971735e-07 0.0001416508611754343 2.0162696605684717e-05 0.0005738950860992109 0.0010347083812355282 0.0007493994528012818 2.869521461712059e-07 0.0004065331402383759 5.8211191768468425e-06 0.0001689388902727022 2.0866660529189494e-06 0.0002057103487696218 2.8418388738256965e-05 0.0002535795063593841 0.00010316060171861965 0.0005873598558033866 2.2202811463430184e-05 7.461985324448177e-06 8.9708329095457e-06 7.984380871714003e-07 2.1415338157109286e-07 1.157128997732782e-06 6.01346745653231e-06 0.0 1.8928053439302225e-06 0.00021982158822333084 1.0118733903735195e-05 2.2099932693895678e-05 1.1532443524190182e-05 1.0922256252989446e-06 3.288183000009517e-06 1.2365759953235727e-06 1.0610052943762101e-05 0.0 9.717782802379827e-07 2.3807571847367292e-07 0.0 2.354188461519902e-07 2.3357960169899444e-06 3.670357787210275e-07 1.3334282303138504e-06 3.821018731609836e-07 7.253384959940966e-05 5.526975560768293e-08 1.0483949943061527e-06 3.510679931689998e-06 0.00017126317361495312 5.982422799393943e-06 1.0455610235796438e-05 5.237106277401895e-08 2.2947464386742011e-07 1.8437927274384175e-07 3.499900674755466e-06 6.687981882796438e-07 1.250185001261294e-05 8.024693564001213e-07 9.2652863425138e-06 2.247913752178582e-06 3.2122118761342537e-06 1.148370215910474e-06 2.9745434977561304e-07 5.562700145131978e-08
2.3078537727855553e-06 0.0004883666486745053 7.710067955773267e-06 0.00039225178862598573 5.428294873070064e-06 2.335491710885202e-05 8.64548672598283e-05 5.9627336799604316e-05 0.0 0.00011489909422114362 2.8141449857438896e-06 0.00013901997442732105 2.1464590375117066e-05 3.4914829655493345e-05 0.00020680356460103268 9.016340549688844e-05 2.8624364785866773e-06 1.7076670369082512e-06 1.3336399317090074e-06 0.00027466299579955117 4.254398883337348e-05 0.0016853096948550202 2.8263079656252484e-05 0.00673427602767918 6.056078005106023e-05 3.253165261807398e-05 0.00019919663080788673 0.001109386668511407 4.987822215320189e-05 5.51083737592701e-05 6.957992695206607e-07 1.672584806006459e-06 2.7567327436120797e-06 2.0778773317518616e-05 8.130012036222091e-07 0.00018725181087639878 6.376569226454768e-06 2.7837320930351618e-05 1.0599778281096702e-05 9.990520672870834e-05 3.3923757780597886e-06 6.846161553132556e-07 1.697405394160199e-07 1.4079524061232264e-06 3.2976059748859747e-06 3.918975605334945e-06 0.00012788968596414747 0.0 1.4964058000470859e-05 0.00019407536832641322 8.310783905513532e-06 5.560018996910582e-05 0.00013932769784847607 5.475621778360075e-07 0.00012985555325311184 1.1510833598018945e-06 9.5095811101193e-06 1.041836976850414e-07 0.00044808183108559446 1.1126536774928291e-06 4.5559792388724294e-07 7.858370720563364e-07 8.160596143242292e-05 0.00011274357627175522 5.4513353167262434e-05 7.370605397632883e-05 0.0007547167300445761 9.462816949723987e-07 2.162252744078472e-06 5.533142793006571e-06 0.0007923894831102219 1.0933767148777749e-05 3.1257491568736416e-05 1.0001392890305105e-07 5.446917271488632e-07 2.1298938886417844e-07 5.105565228656758e-06 4.30454250749414e-07 2.5558090349912856e-05 7.588528960611987e-07 1.0012482623154325e-05 2.56119835271569e-06 1.4179539608500826e-05 1.2746361480611175e-06 1.745342464956897e-07 6.621359447484017e-07
3.919020275142677e-05 1.428617240206585e-07 1.9035931932177058e-05 0.0019470191637403211 3.695814468087179e-06 0.004057219029175977 0.0032762801468232856 0.0014168453259557946 0.00011489909422114362 0.0 7.034632220720551e-06 0.0018145709783668122 1.5493295467378641e-06 0.0010020249063706719 1.1171072383454433e-05 1.3291300976182363e-07 3.400636895804434e-06 2.7765191514217425e-06 3.632739268901271e-06 0.002152415207692624 8.358998822138936e-06 4.836289696422753e-08 1.330528028396061e-05 0.0010366402734307818 1.1791418593759189e-07 1.2797902843260615e-05 6.263154188390348e-06 0.004401836638812881 0.0004504144501635017 1.0815092577143413e-05 3.241606132053308e-07 4.203342202387633e-05 5.388508958755466e-07 0.00017444040198465256 8.233209615419437e-06 0.0007052086112860857 1.56588607405752e-05 0.000382648201205818 8.325504308739054e-05 0.0002996003402404184 5.797140713943998e-05 8.806323019212128e-07 1.4500352724417384e-05 4.532794276010661e-07 4.183489351497598e-07 4.5251508775354184e-07 5.348787448714384e-05 0.0 9.46572538194801e-06 0.00014593075207215467 7.5283867193954166e-06 3.983761621243235e-05 8.472112744531029e-05 5.571573209419578e-07 9.979334070835501e-05 5.095589390091497e-08 5.329373541094578e-06 0.0 6.68114157734895e-07 2.5140229522976383e-07 0.0 1.6428078316712094e-07 2.5270193111653777e-05 2.0365072749381258e-07 6.647391106930958e-07 3.3451088649117644e-07 0.00012732642381814435 0.0 1.5607489005988777e-07 6.169458366769717e-07 0.00017734328984694777 2.9652824136539847e-06 9.101651866959347e-07 0.0 4.434368872958066e-07 1.795341617040909e-07 1.3691073627988425e-06 1.0565777381129602e-06 1.229772875577551e-05 2.3635334378525825e-07 2.9970528722684758e-06 6.035142246626237e-07 1.005464041896161e-05 6.06260144626612e-07 1.8935572582343294e-07 7.046310863430512e-08
1.8424459261659052e-06 6.527791572255397e-05 2.086962281377708e-05 4.1956905761087827e-07 7.398021037797239e-06 1.119340756260936e-05 8.950908594471171e-06 2.0010742553876494e-05 2.8141449857438896e-06 7.034632220720551e-06 0.0 6.760649618185097e-06 0.0022762891039773384 2.4977587130504146e-05 2.4574096071221867e-07 1.4384127728333223e-07 0.00019961987616210226 0.0031362421937680134 0.0012691439964976766 2.1650821600237075e-06 4.014910519055765e-06 7.610581217776295e-06 1.8158916856519507e-05 3.905376588424634e-06 0.00027871653602755587 0.0017409183115115073 0.00035975987762572716 3.0982500766200393e-06 6.100407204876162e-05 3.7246242437954057e-06 0.0006010473434212126 5.294372842863095e-05 2.3476803381059104e-07 0.0034232819195237994 2.1794363988769077e-06 0.0001718578476515058 0.0015948480815173975 0.001725440368272264 0.00032148007363535207 2.295353736170263e-05 5.2379093512428386e-05 0.0003908720607145192 8.388848176620183e-06 4.594350309655443e-08 1.200771029498033e-05 8.434431426549567e-07 0.0 0.0 2.0537322314253575e-07 6.074938396685564e-07 8.175235633614806e-07 5.0724138120812523e-08 1.7037061749211862e-07 0.00021072207812964692 1.1869607754298867e-07 0.0009879310969303702 9.705900662720458e-07 0.0 8.714583759779322e-08 6.860539145667388e-07 2.539172309318655e-05 5.304641666899534e-06 0.0 0.0 2.0314840852979448e-07 2.7140548476754187e-07 1.9318874944856005e-07 0.0001531777223355042 5.344287235139187e-05 0.00017244545287190398 8.29986270791351e-07 2.7019373359398276e-07 2.306605512454045e-07 3.396436256283289e-05 1.7106548858313936e-07 0.0 1.645197792141876e-05 2.565724391316759e-06 7.740561749238968e-06 0.000178859138139204 5.4877868846402366e-05 5.48370171424672e-06 4.573024840419424e-07 1.4527394953018528e-06 0.00015421970377233138 5.657555550664827e-07
1.7943178548709895e-06 2.809624836658533e-07 1.255716408348952e-06 0.0017036094498196514 1.5208889836017285e-05 0.001627529230745138 3.542402334859432e-05 0.0008283042273980846 0.00013901997442732105 0.0018145709783668122 6.760649618185097e-06 0.0 1.7419705587120747e-06 0.00028583051805217374 0.0007675753636218098 2.463649991149811e-07 9.248111317607722e-07 1.8457233916070793e-06 3.2957648422008523e-06 0.0035535723383082972 2.1721585883355445e-07 8.021929245557196e-07 9.570579654386235e-07 0.00036316376930482937 5.0003498313029305e-08 4.723757384979546e-06 2.581677587804264e-06 0.00090569879201298 0.00031483258427111117 1.0999061001942752e-06 1.929527517155687e-07 3.820615525854211e-05 4.6159446444600136e-08 9.279844644327223e-05 2.172954578073454e-06 0.0005742322775745862 8.657420312146934e-06 0.0001758786874029652 1.7934391879279906e-05 0.0011545103274711338 1.8827139590729967e-05 1.2971791286840093e-06 5.479493242337044e-06 7.025643334852004e-08 0.0 5.948744552707759e-08 7.372342243345242e-05 0.0 1.2550478819960254e-05 6.148736064443775e-05 2.8899780980781623e-06 1.063076067078797e-05 0.00010121089497296685 8.9627993181414e-08 0.00010636005818423262 0.0 2.3349419329355796e-06 5.813154637094535e-07 2.767500284080865e-07 0.0 0.0 0.0 3.9830938106416506e-05 0.0 1.3696684434465363e-07 0.0 7.358561853543065e-05 0.0 6.598522057812248e-08 2.704167969160514e-07 8.259719814702159e-05 1.3396068536763558e-06 3.6912081744069214e-07 0.0 1.169561135572954e-07 0.0 8.836703493723959e-07 4.958490390353204e-07 1.724170192368738e-05 4.35438507854428e-08 1.934443777883126e-06 6.361176117906217e-07 6.167377479491265e-05 0.0 4.24287182016105e-06 0.0
4.2824056865610285e-07 0.0004922246122756107 1.8970016947827745e-06 0.0 2.5994252012715273e-06 3.2181908857903654e-06 1.5112230286627452e-06 3.989686052773927e-06 2.1464590375117066e-05 1.5493295467378641e-06 0.0022762891039773384 1.7419705587120747e-06 0.0 5.199983316792767e-06 7.385899004648738e-08 4.1112228247681614e-07 1.8979813606636662e-06 0.00012443765289560325 1.0556518499339282e-05 3.0387262887768155e-07 1.7322754147993294e-07 5.970541869754764e-05 1.287680453509636e-06 1.0857553370181483e-05 0.0022496942802996754 0.0009370438631537833 0.0022639805052777654 1.6339350176463169e-06 1.0703589946583153e-05 1.3556455107073611e-06 0.00073301241590015 1.4188698560392119e-05 1.872972608322392e-07 0.0008807542833724986 0.0 4.3150613026818326e-05 0.0015020774257634049 0.0007651161123230826 8.269244118863286e-05 6.586381455170863e-06 1.873960490327965e-05 0.00036466780792516416 2.9290722654145368e-06 1.5332636319269872e-07 3.367881285967612e-05 2.454745226919285e-07 0.0 0.0 2.620986609845907e-07 9.773723066003978e-08 7.862108936332872e-07 4.521962238671158e-07 2.36652161628829e-07 0.0004319752870918688 0.0 0.002425170055292448 8.442895728415227e-07 0.0 0.0 2.1312843482435863e-07 4.890468491820977e-05 5.514884355814286e-06 5.737585810521267e-08 0.0 7.032038297811846e-07 2.6432861015387685e-07 2.5159671181393597e-07 0.00048106446720867953 8.94576399822063e-05 0.0003619371992129643 1.574111719566032e-07 5.875943423125066e-07 1.1405625700204247e-07 8.309244807381984e-05 6.188629032385366e-07 0.0 2.9798521370402666e-05 1.5689218466206939e-06 3.996324266914223e-06 0.0003313007003581844 8.433935374580846e-05 3.6220956084726035e-06 0.0 2.1706473352670153e-07 0.00020766912207851646 0.0
0.0038823197667927317 1.1309160146123033e-06 0.0002460596275501311 2.108057985673462e-05 1.4557504367992077e-05 0.000853223516773578 0.00431750793191418 0.004739012495426213 3.4914829655493345e-05 0.0010020249063706719 2.4977587130504146e-05 0.00028583051805217374 5.199983316792767e-06 0.0 1.6861289148616827e-05 2.2781454705371904e-07 0.00021638203722212245 1.0166706324139302e-05 3.945903490573537e-05 6.866186016251768e-05 8.448426982634084e-05 3.6395454635417567e-06 0.0001693513634086219 0.00019900366026249266 6.456984565538948e-07 0.00013467403736271122 2.6390178685630053e-05 0.00027740018740949094 0.003124751326612625 0.0010360926321177923 2.1384802352877117e-07 0.00036911495581467337 9.857072447529225e-06 0.00035486433852949343 5.669820421253524e-06 0.00020149349536166842 2.5026050120038166e-05 0.00035748749424547346 7.387014571104689e-05 0.00034944857558234706 2.213783391730095e-05 3.4979759751813277e-06 7.555548999017255e-06 1.8171001241814736e-07 2.3777805183855581e-07 8.67980166477136e-07 2.1009838159825588e-06 0.0 5.735691947483716e-07 5.2690901375295345e-05 3.6871250757715172e-06 7.270439190963215e-06 2.9827621250641206e-06 7.567167203283407e-07 1.4044818755164996e-06 1.145655874929103e-07 1.739315801110269e-06 0.0 1.123656581695747e-06 5.195618184599362e-07 6.738199931328448e-08 1.3184929732172744e-07 6.836982792947977e-07 1.9817703995420683e-07 5.59419428869133e-07 0.0 2.694054560350836e-05 3.371601925370082e-07 9.013195303458303e-07 3.608440290795238e-06 5.783036015373091e-05 1.0395334587872693e-06 6.010023737403629e-06 0.0 4.159061709162693e-08 0.0 8.950216818295632e-07 2.956049792763751e-07 5.768583174264526e-06 4.889030351333969e-07 2.497087166026611e-06 1.4815174751331162e-06 7.464174714374696e-07 3.041340991832317e-07 1.2586028132836876e-07 0.0
2.533817731394861e-07 3.8697161005113357e-07 1.1428715354684981e-07 1.2067468875124504e-05 0.00024597649617662124 0.0010733827828536846 2.2675159457804405e-06 0.0001979641294940295 0.00020680356460103268 1.1171072383454433e-05 2.4574096071221867e-07 0.0007675753636218098 7.385899004648738e-08 1.6861289148616827e-05 0.0 0.0 4.9262512147141964e-08 2.0856982453193382e-07 5.740189376886293e-08 2.810144399140189e-05 1.7710099087438053e-07 1.1568793148007456e-06 1.4564237210633046e-07 0.00014239164963378284 6.148209769895296e-08 2.1008406406877077e-07 2.8056564209087525e-07 9.85687780987966e-06 3.5145456241918326e-05 4.7334544142046866e-07 0.0 0.0003920665929295539 7.289729719902525e-08 2.6218412528203177e-06 1.0422309904567997e-06 0.00016059368303837033 6.191324249124855e-06 6.944621922056405e-06 1.2581015203967694e-06 0.0004085182981021611 6.617419169604627e-06 0.0 0.0 0.0 0.0 2.7505439846099285e-07 1.8058254388494647e-06 0.0 1.274047108897972e-06 3.0231530536446806e-06 0.0 2.0065824453953985e-07 2.3116465666804827e-06 0.0 2.4419851156301396e-06 0.0 3.533820543828986e-07 0.0 0.0 0.0 0.0 0.0 1.5682723815268686e-06 0.0 0.0 0.0 2.758300977328018e-06 0.0 0.0 0.0 2.8341760253499454e-06 0.0 0.0 0.0 0.0 0.0 0.0 0.0 8.364461623667872e-05 4.134763102279675e-06 0.0 0.0 2.6483662009185913e-06 0.0 2.8625067148154832e-06 0.0
1.730684786742132e-07 9.817171698085856e-05 1.2209269793923518e-05 0.0 0.0 0.0 1.2458897305282907e-06 1.3958113446668783e-07 9.016340549688844e-05 1.3291300976182363e-07 1.4384127728333223e-07 2.463649991149811e-07 4.1112228247681614e-07 2.2781454705371904e-07 0.0 0.0 6.020617929237154e-06 3.2646166618080827e-07 7.270566353615838e-07 0.0 0.0017975523420384128 0.0022867832247469824 0.0031500729948465605 0.0006203981777104619 1.653868325494124e-06 1.294344116864638e-05 0.0020867395125481096 0.0007798772982384207 8.19499721119286e-06 2.1055666946668155e-05 0.0 5.745811111501455e-08 4.394524401341003e-06 4.5424609733956756e-05 6.7191160860170074e-06 0.0007816911366386849 0.0005605197047616746 0.00019126643072783314 0.00010468986271137166 1.8186526347257214e-05 1.520572985223301e-06 1.0421849254344743e-07 1.8723705846957826e-06 0.0 4.317731602431971e-07 7.157930199833279e-06 0.0 0.0 0.0 6.074758486996329e-06 1.2851135172628698e-07 7.756154692559306e-06 0.0 0.0 0.0 0.0 1.3940612992651258e-07 0.0 0.0009765726093456115 4.347683168373929e-07 0.0 1.7168343726002393e-07 0.0 0.00015265722141040612 0.0005167273677378966 0.00044219419903427737 3.552957705107588e-05 7.875200136841696e-08 1.1450433819792376e-06 0.0002278324769001477 0.00020024467271071016 8.975313621399429e-07 1.2801306086567435e-05 5.394144874924039e-08 0.0 1.0524495337956085e-07 4.7343405944512633e-07 1.1102193012310784e-06 1.7452591812818456e-05 1.2094234509210483e-06 1.963228581544209e-06 1.7459913669596302e-06 0.0 7.532508738052854e-08 0.0 0.0
0.00015738101497086 0.00012042186787939833 0.003486834906005525 6.957831400891749e-07 2.6330934854164365e-07 4.2053321763153e-06 0.00015602631885675908 0.000240572436341621 2.8624364785866773e-06 3.400636895804434e-06 0.00019961987616210226 9.248111317607722e-07 1.8979813606636662e-06 0.00021638203722212245 4.9262512147141964e-08 6.020617929237154e-06 0.0 0.00015034557786356234 0.0018161901184037808 2.3768554222879946e-07 0.0005258196145821577 1.4609473742436683e-05 0.0016778621802625447 2.7917262463736228e-05 1.0598427988659424e-06 0.0014888490366524521 0.0023870192962138913 8.481099434761416e-05 0.000308352515967719 0.0007273210512633704 1.2376534471863006e-07 3.4531271253375838e-06 4.894841117296944e-05 0.0012841062580999216 2.5153345040678267e-06 0.0001962267824720982 0.0009779016659702698 0.00047279902242599545 0.00014702723464524972 5.171138933923164e-06 2.703728595438429e-06 4.812571256889907e-06 9.772400761279463e-07 0.0 3.141004655552847e-05 4.40280004516739e-05 4.3219639619170596e-08 0.0 0.0 1.2120040473405887e-06 1.7938326163367454e-07 4.12195709281001e-07 0.0 1.609516551610679e-07 0.0 2.744462892795506e-07 0.0 0.0 7.04186090052142e-07 1.385377084467774e-05 1.1588511430137145e-07 2.0036852624800687e-06 0.0 5.898422520020871e-07 1.8159587218549393e-06 3.720736475203055e-06 1.5561383816499119e-06 4.69764311381292e-07 0.00012015218231257363 0.0001611314882574049 3.962312789176693e-06 9.796245041243636e-08 3.578713127080833e-07 5.3400927182951754e-08 0.0 0.0 1.4671651966711238e-06 6.866453729360552e-07 9.229288821641529e-06 4.450986087315827e-06 9.312243330325097e-06 3.678444534413604e-06 0.0 0.0 0.0 2.6825148226197264e-07
1.95792672437944e-06 1.5300914682738533e-05 2.6897840391397196e-05 3.232699991377892e-07 1.529501215753682e-06 4.3859464718641315e-06 3.926442893943055e-06 6.957293244308042e-06 1.7076670369082512e-06 2.7765191514217425e-06 0.0031362421937680134 1.8457233916070793e-06 0.00012443765289560325 1.0166706324139302e-05 2.0856982453193382e-07 3.2646166618080827e-07 0.00015034557786356234 0.0 0.0010917139806204802 6.66691005481428e-07 2.5985654070563908e-06 2.1086362239152647e-06 1.2017776244804402e-05 1.7561537471758744e-06 4.0690034868585184e-05 0.0022036191957202646 0.00027022667526955434 2.5907202843259225e-06 2.0330899994013048e-05 3.571711460581759e-06 3.108248975642466e-05 1.5082657718529441e-05 4.80296304589959e-07 0.0006257574479765968 4.22777853884899e-06 0.00034617190619764724 0.0006570030838876395 0.0006918788452779864 0.00030939187988394967 5.554092793102817e-06 5.9112630615731e-06 2.1859658671972062e-05 4.2945225476135795e-06 0.0 1.4213959206319341e-05 6.046954562990267e-07 0.0 7.983751586136478e-08 0.0 4.268125487929786e-07 0.0 0.0 0.0 1.0850061939564207e-05 0.0 3.7128925428888646e-05 4.6173836550270336e-08 0.0 0.0 2.962741246123981e-06 1.0309407166778564e-05 1.9481304401303723e-05 0.0 7.33243705090461e-08 3.0994420653818117e-07 3.607768877661982e-07 5.0652462881439556e-08 2.6745039867691958e-05 0.0001448676972140061 0.0002749808868856366 3.215994663691934e-07 1.8501068138333442e-07 1.8600606376224531e-07 5.852652219572998e-06 4.362456885063983e-08 0.0 2.7488413389649396e-06 4.854398459831887e-06 1.1487847981916683e-05 1.2848211311708769e-05 8.417370175241276e-06 3.2090223530084273e-06 1.1392761779944112e-07 8.472257717129223e-08 2.9949935230157163e-06 0.0
1.639922027366972e-05 3.4414738446674813e-05 0.00033793940862968265 2.0908557426124414e-07 1.547568589882073e-06 4.954888067233764e-06 2.211231846639828e-05 3.589964360503092e-05 1.3336399317090074e-06 3.632739268901271e-06 0.0012691439964976766 3.2957648422008523e-06 1.0556518499339282e-05 3.945903490573537e-05 5.740189376886293e-08 7.270566353615838e-07 0.0018161901184037808 0.0010917139806204802 0.0 8.135077687101613e-07 2.7535948809656087e-05 4.1413892162180726e-06 0.0002150737993910794 6.124763707950992e-06 1.135565853586527e-05 0.0025259195600132525 0.0010675757873444879 1.4909460262797976e-05 7.219575499683134e-05 5.201511357483703e-05 1.7383818874233176e-06 2.1285933417570454e-05 6.249356500429839e-06 0.0013402645813603037 2.2686077001568906e-06 0.0003439611432895144 0.0008438878826101165 0.0007646758899142756 0.0002920121381729547 8.873228660146229e-06 5.286718302275018e-06 4.14126087733072e-06 2.100982902523677e-06 0.0 5.227503166765553e-05 1.1429027403083678e-05 0.0 0.0 4.5852878799193136e-08 9.901299069203791e-07 2.8037200132109576e-07 5.106084365274707e-07 0.0 2.081441793877627e-06 0.0 5.628902214174937e-06 2.0233238109112089e-07 0.0 1.700945235023715e-07 1.8813377928086176e-05 3.483146091197664e-06 3.3911886481484784e-05 0.0 1.127242754528476e-07 8.169813650350528e-07 1.5317559451020366e-06 2.4158166125348405e-07 8.71808611546033e-06 0.000318766960592981 0.00038740712241568397 6.122325723735213e-07 2.2048718449630962e-07 1.1709357076638878e-06 1.8012260983014254e-06 0.0 5.3184408230679245e-08 5.571584191781384e-06 2.742886809172648e-06 2.1782337785382245e-05 1.734787152269163e-05 2.735050124049357e-05 5.9857533601539946e-06 0.0 7.038430090777387e-08 3.789667446345906e-07 1.4669589051214905e-07
8.542493320278404e-07 4.4624435103056665e-08 7.975107929330579e-07 0.003460243604274942 9.471428447771997e-07 0.00018847222571109607 9.920105538763312e-05 0.0001540133556424704 0.00027466299579955117 0.002152415207692624 2.1650821600237075e-06 0.0035535723383082972 3.0387262887768155e-07 6.866186016251768e-05 2.810144399140189e-05 0.0 2.3768554222879946e-07 6.66691005481428e-07 8.135077687101613e-07 0.0 2.796460642860079e-07 0.0 7.997208545592035e-07 0.0005606902693452783 5.155881847327081e-08 1.823518111310384e-06 1.1175566075600583e-06 0.0009526464954615686 9.86553104215385e-05 4.509965061587331e-07 0.0 1.079366287766084e-05 5.693832798507147e-08 4.175252372008176e-05 2.0115372966323036e-06 0.0001939168732333029 3.7397788144444854e-06 9.587086409041561e-05 1.6360495352273796e-05 0.0002168614087580419 1.280313574470743e-05 1.9561113812663062e-07 3.2880380561915346e-06 1.0811278882141374e-07 6.487432527560851e-08 4.909832688090813e-07 5.154807401119469e-05 0.0 9.83892358369229e-06 0.0001034802547792959 4.163113575012225e-06 3.95730111829472e-05 8.645665625027832e-05 6.256225990680047e-07 3.8806643994770414e-05 1.0251134216972733e-07 3.613642935480739e-06 0.0 5.565163564380912e-08 0.0 0.0 0.0 3.380006651364062e-05 0.0 6.451752656800869e-07 0.0 0.00011851942675386953 0.0 0.0 7.017275384128659e-08 0.00013656617951880918 9.758926992512068e-07 0.0 0.0 1.7107020186412705e-07 1.0690716491313866e-07 4.145292213296163e-07 7.863223397878964e-07 6.0960230089210266e-06 2.500565992842085e-07 2.177386509554484e-06 1.45880723560084e-06 1.33495504930567e-05 4.65130901736698e-07 0.0 3.2139951480814465e-07
7.986039237126875e-05 8.649814690827361e-06 0.00036704330814152375 1.8758243643853006e-06 1.152477076989937e-07 4.914294863820022e-06 0.00042750363248326577 7.380109792144327e-05 4.254398883337348e-05 8.358998822138936e-06 4.014910519055765e-06 2.1721585883355445e-07 1.7322754147993294e-07 8.448426982634084e-05 1.7710099087438053e-07 0.0017975523420384128 0.0005258196145821577 2.5985654070563908e-06 2.7535948809656087e-05 2.796460642860079e-07 0.0 0.000232441439694744 0.007625699046085147 0.0006814935673510205 1.3506405109949564e-07 3.2412887972720236e-05 0.00031533863744669544 0.0032394067673893767 0.00021514218726295008 0.005458874660977213 0.0 1.2857909950957322e-06 6.312413686957389e-05 0.0016549681585384633 3.757965687347198e-05 0.003783143457661057 0.0009422424711018151 0.002350145605490714 0.0010106622837307076 7.770499010581682e-05 1.1635271135856266e-05 3.094155474242189e-07 1.105196968323566e-05 9.079542700055393e-08 7.274147529536513e-08 8.886812002268973e-06 5.655078366966988e-08 0.0 1.728489106879566e-07 6.291076136289171e-06 4.175929457345693e-07 7.488245640588699e-06 0.0 0.0 0.0 5.954381720189873e-08 8.797117898022379e-07 0.0 0.0003042796947854091 6.528684664340846e-07 8.130453916742297e-08 2.433805913040641e-07 0.0 0.00015702269198818885 0.0001282483708225224 6.06660551444118e-05 4.544926089842869e-05 7.214751012793092e-08 2.2860395863636597e-06 1.9744139180844546e-05 0.00028975826611201696 3.0892232926355206e-06 2.9371029704556093e-05 0.0 0.0 4.5888059896377446e-07 1.6907903001230133e-06 1.12613287862939e-05 6.189815343103414e-05 1.7245274732491537e-06 4.642191684163912e-06 4.0969947141484e-06 2.746485349154163e-07 0.0 0.0 1.804164545366145e-07
2.701316496728674e-06 0.0019198801791218563 4.474904879664262e-05 1.5573281847840406e-07 0.0 0.0 4.845067464842456e-06 2.475602825852947e-06 0.0016853096948550202 4.836289696422753e-08 7.610581217776295e-06 8.021929245557196e-07 5.970541869754764e-05 3.6395454635417567e-06 1.1568793148007456e-06 0.0022867832247469824 1.4609473742436683e-05 2.1086362239152647e-06 4.1413892162180726e-06 0.0 0.000232441439694744 0.0 0.0004876108393692143 0.003055629204280039 0.00015261186316333481 6.979943775746506e-05 0.004521134485215043 0.0004014143720919378 6.390891669848113e-05 0.00026726623943097694 1.7800358334930288e-06 1.727547618574674e-07 2.6132837422777352e-05 5.397305591143836e-05 4.6145465101351873e-07 0.000190752162449474 0.00020410426929266495 6.478280015763225e-05 2.0216665829423424e-05 1.558494650086503e-05 4.135456430084001e-07 2.936464249974018e-06 1.2090306677729743e-06 0.0 3.990460920339339e-06 9.81156195397411e-05 4.85558636931153e-07 0.0 0.0 8.133023372300318e-06 4.076846155346037e-07 7.703859063136313e-06 1.9480476665741398e-07 6.767690263100837e-07 9.106848029840728e-08 3.5556019708624947e-06 1.5944418940150882e-07 0.0 0.0009316126040732739 1.6722793728853252e-06 2.899396572396934e-07 6.222138958631181e-07 0.0 0.00014435864576188586 0.00020997550395204426 0.0004873077088026321 3.424079122055643e-05 2.203158379627062e-07 3.899878045627147e-06 0.0009536326220994866 0.00014947709652515857 3.942745302841293e-07 9.160359085128032e-06 1.6224526309514224e-07 0.0 1.704754316849843e-07 2.1578463268804514e-06 2.1161226826467545e-07 2.2547567141647118e-05 8.498957561320498e-06 1.097862567544618e-05 6.042688418039695e-06 2.988188446215323e-07 0.0 3.5058453859075403e-07 0.0
0.00013541755498176446 1.8548854100507465e-05 0.0038082938967804805 1.6362839875881534e-06 1.8338114164619564e-07 8.33767971791777e-06 0.0005836838357431733 0.000164682043447196 2.8263079656252484e-05 1.330528028396061e-05 1.8158916856519507e-05 9.570579654386235e-07 1.287680453509636e-06 0.0001693513634086219 1.4564237210633046e-07 0.0031500729948465605 0.0016778621802625447 1.2017776244804402e-05 0.0002150737993910794 7.997208545592035e-07 0.007625699046085147 0.0004876108393692143 0.0 0.0002546476436276715 1.623614016755136e-07 0.00039530896456517635 0.004233064740267012 0.0016220164022807799 0.00015492085357928442 0.0025333293514087857 4.7077831330562657e-08 4.135310806385664e-06 3.408578341731214e-05 0.002652412336498743 6.802605053235676e-05 0.00544151626052286 0.0035295077891843297 0.00478186483936467 0.002026542900031566 0.00013264146151886576 1.5004074969829976e-05 3.758160084744562e-06 2.4204385922644872e-05 3.696474118873191e-07 2.503101129040843e-06 4.6134866116987506e-05 0.0 0.0 0.0 7.2346532797231035e-06 3.8841829117013274e-07 1.4782059697927028e-06 1.2585955556651754e-07 7.690829931949945e-08 0.0 0.0 5.209736546679879e-07 0.0 0.000593860435761315 2.083175417874735e-06 1.9044993694545968e-07 1.9760209058148288e-07 0.0 6.151751491065951e-05 0.00034304142296003525 0.0003648204247977527 1.2633041258744464e-05 1.4798863086883803e-07 4.149550320642787e-06 0.0005139553458740619 5.980674017401756e-05 4.072203531862769e-07 3.7014460922503213e-06 0.0 0.0 0.0 1.503261775693996e-06 3.065893760932727e-05 5.0795292838780566e-05 4.097828881462308e-06 1.037665835377474e-05 1.529831571703628e-05 4.1457131134594036e-07 6.750514524946039e-08 0.0 0.0
