0.0 0.0 0.00010953384519358017 7.31240192057293e-07 9.894249010150029e-08 4.005657939639216e-06 0.0014062678449725378 7.817235272024075e-05 7.711804767160074e-08 2.0860514075527393e-05 4.9101740703462e-06 9.452481972353774e-07 7.312298467066166e-07 0.0036219120413052515 2.501705093129209e-07 5.428407969280799e-08 0.00011281250373853361 7.1281690787781595e-06 2.0733778232255263e-05 1.2560468476876e-06 3.373625006548378e-05 4.1349752510147906e-07 0.00010145180909140995 1.434450641067776e-06 0.0 1.426463884535915e-05 9.96290010347324e-06 7.98174825290128e-06 0.00168515203444844 0.0014735283551430218 1.225959833990102e-07 8.975185331320791e-07 2.3265386210858574e-05 7.685306733515827e-05 5.657754607100484e-08 1.4982097536559257e-05 8.520346770588327e-06 3.306747111085777e-05 5.598957981328268e-06 8.476569383080827e-07 3.3809911957737003e-07 4.847503651588367e-08 0.0 0.0 0.0 1.1493493622675859e-07 0.0 0.0 0.0 6.193766997115952e-08 0.0 0.0 0.0 0.0 0.0 6.101101024534103e-08 7.983914036810868e-08 0.0 1.3054680578519685e-06 5.230705187701127e-08 0.0 5.247623461486466e-08 0.0 1.5089626271500459e-06 0.0 0.0 1.765337192943488e-06 0.0 6.671923875255551e-08 6.415277754902948e-07 4.747649316493403e-06 0.0 1.6846005626970067e-06 0.0 0.0 1.592846264733257e-07 0.0 0.0 7.856436811079477e-08 0.0 1.8830012968666314e-07 0.0 0.0 0.0 0.0 0.0
0.0 0.0 4.4815650942851335e-06 0.0 0.0 3.000824678873763e-07 2.678270750276358e-06 1.639492979429606e-07 0.000256512497227822 3.26158251150423e-07 6.915366006221554e-05 1.3929554513910517e-06 0.0007549461289050836 5.919572531103412e-07 4.268122327211781e-06 5.57359378226929e-05 1.7490875549023755e-05 3.0503824112146575e-06 9.806488746595479e-06 1.2301930278657238e-07 2.710047503263609e-06 0.0011598598285525207 1.7665705481381359e-06 0.00044167971013160147 0.001157128811284942 6.241765339208287e-05 0.002951620147574272 1.9864366951074607e-05 5.58142141137963e-07 1.4514275437899055e-06 1.2523531977267191e-05 1.297836723351001e-07 5.747307346290134e-07 4.663742080337196e-05 1.366025271330428e-06 1.8152827939168418e-05 3.140058395188983e-05 5.931042747092735e-05 6.381806904186362e-06 3.875013431902614e-06 2.578596763449009e-07 0.00012192091186403361 0.0 1.1020454345047082e-07 3.8465072004675793e-05 7.570945459861285e-06 0.0 0.0 0.0 1.6293287813509493e-07 0.0 9.235092396545184e-07 0.0 2.5250012775877086e-06 0.0 2.045012341257189e-05 1.8844412064374253e-07 0.0 2.2025866011348933e-06 3.008739735904754e-06 8.351436046911363e-07 3.2623236601926402e-06 0.0 1.0840626712851507e-07 3.316065149817663e-06 4.2807199253146857e-07 2.3580207205766176e-06 2.637597371325578e-05 7.236248402316219e-05 0.0004706917470145453 2.093028774835999e-06 0.0 2.236103766215345e-07 5.393175247099407e-06 0.0 0.0 1.1417988887074866e-06 1.5953670276977837e-07 5.660704775419117e-06 3.6263685468181595e-06 6.153482514596927e-06 1.2427212633838177e-06 7.127939484105505e-08 0.0 1.034183714022754e-06 0.0
0.00010953384519358017 4.4815650942851335e-06 0.0 1.0186093294220368e-07 1.3707684858435173e-06 4.860540649739777e-05 0.0007664350610720633 0.000982881616487922 1.5290890571794258e-06 1.1035258276396537e-05 1.6881802469910772e-05 1.1914861816082312e-06 5.4423839120143156e-06 0.0008521008879014567 7.851525127027735e-07 5.558737726359787e-06 0.003172239183073351 0.00012509506723148262 0.00037076420126450267 7.225714855407322e-07 0.00019499586207302546 8.513435398797187e-06 0.004561608057401154 2.43040318219306e-05 6.553723905148226e-07 0.004465997138109404 0.00578830033380736 0.0001488619164738793 0.00017490442863349532 0.00064551732014409 9.28427774380834e-07 7.352435570931889e-06 6.746673249692888e-06 0.0005540236819441183 2.8565927187080753e-05 0.0015408529879603692 0.0022068380721070842 0.0013940853677985737 0.0004914214596864356 4.273554557136352e-05 3.3609671019056655e-06 3.885103766317037e-06 8.827076298641818e-06 2.0078835354074423e-06 0.00011355647969122855 0.000418162858451673 1.2626606291864107e-07 0.0 0.0 5.8828759794423674e-06 1.528923567228562e-06 6.184842378876108e-07 3.0565602061155987e-07 8.261546479586514e-07 0.0 1.2815540526963089e-06 3.6725868902992503e-06 0.0 7.261723074743238e-06 3.3104192897883986e-05 3.6752981566956136e-07 1.0891673264379724e-05 0.0 1.8924348659451374e-06 4.064172071961374e-05 4.26187012621899e-05 7.191629979798231e-06 2.0508593741783825e-06 0.00014556331189471064 0.0014065239796141567 5.816335147470704e-06 8.104269334534996e-07 2.334704728991334e-06 7.028034816957822e-07 0.0 0.0 3.1834063654557228e-06 1.1353076617750121e-05 3.183910456634253e-05 5.01354052718597e-06 2.055879007269202e-05 1.183526469590188e-05 1.0703009775547471e-07 0.0 2.1306993426500115e-07 2.4297885419681286e-07
7.31240192057293e-07 0.0 1.0186093294220368e-07 0.0 9.390812310756841e-07 4.457391333262481e-05 5.475924414161394e-05 7.301731850298847e-06 0.0005624949983575172 0.0027109704565407107 1.6202948375975601e-06 0.0013870576264195043 2.3933344423764996e-06 1.5561322242390634e-05 3.503337520621559e-05 0.0 6.984682329762792e-08 1.2608201473204467e-06 2.7295386788375084e-07 0.001898690083025664 0.0 0.0 1.7918804703603526e-07 0.0008475411806569518 0.0 5.965508701281641e-07 2.3074119584553725e-07 0.0025333478446553513 2.238410525041818e-05 2.0928764869948458e-07 0.0 1.6328574889394671e-06 5.255532642548458e-07 1.5337707852042473e-05 2.1319286365714135e-06 8.12128872649593e-05 5.288898082422685e-07 2.5812456764238496e-05 1.569999048683027e-05 6.66038247683478e-05 2.599433012910652e-06 1.6580324738722774e-07 9.954094030827762e-07 3.877839043942475e-07 0.0 0.0 9.237980665512454e-05 4.094878201208809e-07 3.3068152255719818e-06 5.907713721395775e-05 7.821591205501607e-07 5.8254990590999326e-05 0.00012738552947991663 0.0 6.876576962170905e-05 0.0 7.873016869953385e-07 9.400523508474393e-07 0.0 0.0 0.0 0.0 8.713485394635746e-05 7.155953948840478e-08 3.5883269212693706e-07 0.0 8.470213615658067e-05 7.742862215165649e-08 1.0180751432182056e-07 5.466822938764036e-07 0.00014465248996965664 6.643176637960595e-07 3.036087743719069e-07 0.0 0.0 0.0 2.2882628530308235e-06 1.851680408923954e-06 1.163723912828689e-05 2.0357275970414788e-07 3.4265724502924688e-06 3.869717202726706e-06 2.2600990063452324e-05 1.098838217306286e-06 0.0 0.0
9.894249010150029e-08 0.0 1.3707684858435173e-06 9.390812310756841e-07 0.0 0.00026052250679202687 3.7782267607329293e-06 3.767417076563767e-05 2.8018370665506682e-05 8.634476932833237e-06 6.370560624030234e-05 4.8666994779003297e-05 6.187396361074668e-06 1.2683508577343808e-05 0.0010554485534655861 0.0 1.2368834505434454e-06 7.997796697050714e-06 4.424651468938092e-06 3.0112156346771285e-06 4.91665425774744e-08 7.26108188884771e-08 2.868148944144074e-07 7.253301574957449e-06 0.0 4.127982368479068e-06 2.1477332894218107e-06 1.7601784170652894e-06 3.080707914763771e-05 2.1917118308025918e-07 5.996927741283665e-07 0.00024599594360145695 0.0 0.0003505620858461638 8.981769110906417e-07 6.347950675487428e-05 2.8365237578743357e-06 7.649442259083265e-05 9.692169824294562e-06 0.0009861829980706426 7.199145820404984e-05 8.140595026572154e-07 5.117877667953536e-06 0.0 0.0 0.0 1.0074030680619116e-07 0.0 0.0 1.9855465840672968e-07 0.0 0.0 0.0 0.0 1.0495544089307953e-06 0.0 0.0 0.0 4.397332076260731e-07 0.0 0.0 0.0 8.680195997249318e-07 0.0 0.0 0.0 0.0 0.0 1.7221111638917686e-07 0.0 3.2336115915428824e-07 0.0 0.0 0.0 0.0 0.0 0.0 9.615130577210573e-08 9.873387695698581e-07 0.0 5.590598581382064e-08 0.0 0.0 0.0 0.0 0.0
4.005657939639216e-06 3.000824678873763e-07 4.860540649739777e-05 4.457391333262481e-05 0.00026052250679202687 0.0 0.0017841631267494957 0.0030187998706279304 0.00018423275622275596 0.0041147561820113815 0.00013674856986121446 0.0020749649963828507 3.643348101452662e-05 0.00058234082783488 0.001265105949459705 6.134853771198307e-07 1.0613273989819888e-05 3.1394338878530636e-05 1.4602240314343026e-05 0.00024839362147453266 1.0026348531431682e-05 5.794796071891213e-07 2.076934259206654e-05 9.45803582374239e-05 3.217408299959601e-07 2.463043905884759e-05 1.4287030083045378e-05 0.0005673353071049707 0.00041920785818426253 1.8754033278055384e-05 3.098350101590089e-06 0.0005659147508404206 7.4119945155222255e-06 0.000529710010854572 6.07089516015147e-06 0.0003824304081314673 2.119011607243004e-05 0.0003914168901617695 9.440701484994058e-05 0.0015382106228357232 0.00028069159593633523 7.788402710349904e-06 9.274830409985197e-06 0.0 0.0 1.2881462084103665e-07 1.5443720155100502e-05 0.0 2.0368790096097993e-06 2.5491894099705443e-05 1.3792697965824525e-06 6.510570566944271e-06 2.7392058218440043e-05 3.4147209219524826e-07 2.4418136625981588e-05 1.9556768900917075e-07 5.701343242476413e-07 9.201155050153672e-07 2.617389490777322e-07 0.0 2.1988656942853206e-07 0.0 1.6803111817994247e-05 2.3035562846917597e-07 5.404444317536102e-07 6.760978682534239e-08 2.2722568489886957e-05 1.0686518628840999e-07 4.720894468532659e-07 2.260873535133723e-06 3.6961292370479146e-05 1.3240084794536055e-06 8.437177330688046e-07 1.2090304263727442e-07 0.0 0.0 2.789739268940637e-07 9.973533939265545e-07 1.0987621581771702e-05 3.904623002317398e-07 2.501527720487162e-06 1.7850928386311193e-06 1.7189457758266636e-05 1.9454630454240146e-07 1.767179529127383e-07 1.0868591649863976e-06
0.0014062678449725378 2.678270750276358e-06 0.0007664350610720633 5.475924414161394e-05 3.7782267607329293e-06 0.0017841631267494957 0.0 0.0020422413903020444 0.00018855478200316983 0.004353874487502175 2.5649405998237184e-05 0.00011396051324515433 1.024228333142829e-05 0.004804157701624785 3.524930954659494e-05 1.8921037739126464e-05 5.715531819609292e-05 1.3808220591974116e-05 1.3302618017540338e-05 1.953610787657543e-05 0.0005604840454385819 1.3818674511380547e-05 0.0005394501841758042 0.001373650436967333 4.794470119153242e-07 8.643931740191595e-05 0.0003530335650458994 0.008978400861224423 0.001452668789499607 0.003748053079733808 1.289262737613173e-06 1.5681293216874793e-05 0.00023180184857709085 0.0004241556952268512 6.513014034567728e-05 0.0023850974291967112 7.21457319998954e-05 0.0009467398578954947 0.0006169374842016034 0.00010015517224251317 2.4260504719797106e-05 3.699529491912678e-06 1.4957361466303269e-05 1.7083146700024247e-06 1.9527888493481855e-06 6.315375528481431e-06 3.7271428791697105e-05 5.685958862068093e-08 1.0130691817599057e-05 0.00038868863620828044 7.58664031965644e-06 0.00012057218172491013 9.41363743625417e-05 1.7765282116517357e-06 2.5422601424264928e-05 2.2470847358713473e-07 1.272443848929362e-05 3.8816509510482666e-06 1.9669645881029467e-05 1.6862333530303164e-06 0.0 4.86385528860609e-07 3.904276043979948e-05 8.36295014485904e-06 7.674645638457502e-06 7.136522305589024e-06 0.00030096063219503056 5.113266240766701e-08 3.6055052235222877e-06 3.63745702412218e-05 0.00041932262567716505 1.5235188232088715e-05 3.5539868930979266e-05 5.346280307382307e-08 4.963624606393714e-07 9.30710134662537e-07 7.421418373204907e-06 6.627158263082053e-06 0.00014959253735544553 2.3527743044028943e-06 3.630834188163251e-05 1.3467877965622795e-05 4.032267311999872e-05 2.797199419783762e-06 2.351454830404358e-06 1.5797943547751562e-06
7.817235272024075e-05 1.639492979429606e-07 0.000982881616487922 7.301731850298847e-06 3.767417076563767e-05 0.0030187998706279304 0.0020422413903020444 0.0 9.494030584613102e-06 0.0018583569526025249 8.158393924659579e-05 0.0002072854943447921 1.2990956245486943e-05 0.003920936620837038 0.00010603068322377286 2.2304389834263104e-07 0.00025638475711290174 2.7729822039298287e-05 5.81349341197795e-05 6.640204957176639e-05 0.00018302577044340804 5.13338979026374e-07 0.0004270809851087775 1.8474079146024153e-05 5.5095125865432655e-08 0.0001270073788998113 8.64390657456146e-05 8.385528654788488e-05 0.00033923515943797586 0.0007644261660894313 1.6215269328069475e-06 0.00013076940236896094 1.0609325279220107e-05 0.00031392750602921867 4.996575546777202e-06 0.00024691109515680555 5.5878431723134126e-05 0.00023906207461104484 6.464690581806893e-05 0.00027852796891548244 0.00013849694071470847 3.317180220924319e-06 5.698337321791117e-06 5.162993738291466e-07 2.742001359462096e-07 1.719097695181562e-06 8.522126487882104e-07 0.0 6.146091452945588e-07 1.1790229355751633e-05 0.0 7.3655072761301235e-06 4.5646608527831976e-06 0.0 2.354467201580235e-06 1.6297805534245352e-07 5.774222572940777e-07 0.0 1.862998698030164e-06 1.753644672366044e-07 1.858639719588255e-07 2.5934139523792247e-07 9.033140770329581e-07 7.425547408298992e-07 2.556367572546377e-07 8.151829815900444e-07 1.8829011839056945e-05 5.842890818704849e-08 1.0538511686665866e-06 8.648945937912035e-06 2.4555963762902147e-05 2.6886340299883884e-06 4.617985259551476e-06 1.0591039877842748e-07 0.0 1.2461032341983202e-07 1.7585437169429996e-06 8.513979454885564e-07 8.182178692572362e-06 6.873386801527674e-08 3.413527097804828e-06 2.5954340495025103e-06 1.9079365636603084e-07 0.0 1.0753748193321794e-06 0.0
7.711804767160074e-08 0.000256512497227822 1.5290890571794258e-06 0.0005624949983575172 2.8018370665506682e-05 0.00018423275622275596 0.00018855478200316983 9.494030584613102e-06 0.0 0.0003604130385692161 4.625588093819806e-06 0.0009047521190916353 5.768807816396709e-05 5.841767795427067e-06 0.0004887569707500317 6.489081704550966e-06 9.075365610338659e-07 4.597650000832933e-07 8.070114977474559e-07 0.0006005789383122483 1.3005743218544212e-05 0.0010904862047883828 4.442009810405635e-06 0.005948006634472211 8.821071746563307e-05 3.398382736664191e-06 0.0003122877936023562 0.0011067766509389079 1.1919747496098631e-05 8.092198374611012e-06 1.9354730026665506e-06 4.222095311303829e-06 2.745559209162535e-06 1.0112964490636643e-05 2.336078921217692e-07 0.00021993804251676868 1.788630065384129e-05 1.9526559209032046e-05 1.2932184177540646e-05 0.0003774407985003715 4.219182807827608e-06 4.808702437189526e-06 8.010407168399248e-07 3.988180157116085e-06 1.1490154503246866e-06 9.794037033389761e-07 0.00015028552600761716 3.101568821106785e-07 7.544761349563579e-06 0.00013761584370022947 2.4421124894986586e-06 0.00011175163167445146 0.00016020229097418314 5.116742888775541e-07 0.00021432019022835593 6.371647278507051e-07 1.2089147731973728e-05 7.4882256643236365e-06 0.00011369447714011901 1.1246487261253877e-06 3.2155033845077693e-07 4.294316553051531e-07 0.00017093481433145692 3.145854208916893e-05 5.603958090194651e-06 4.454514538085519e-06 0.0006457767657932028 2.8568087598223e-07 3.927963337768846e-06 1.1579550675400138e-05 0.0004978889308885068 2.186637588048718e-05 7.43628589062184e-05 5.341644235200756e-07 2.1658015810748042e-07 4.150781865162998e-06 1.0244003318288727e-05 2.8036153281256275e-06 8.768901954231557e-05 2.2713105636056693e-06 2.0511607824637787e-05 1.2367315478298625e-05 6.079787112679102e-05 1.8372039548756895e-06 1.178554235718469e-07 8.067236465864847e-07
2.0860514075527393e-05 3.26158251150423e-07 1.1035258276396537e-05 0.0027109704565407107 8.634476932833237e-06 0.0041147561820113815 0.004353874487502175 0.0018583569526025249 0.0003604130385692161 0.0 8.149230837567874e-05 0.0035687477415574115 2.008639716353965e-05 0.0007645935757625546 8.863486957666147e-05 5.820499295738942e-07 7.348784046478221e-06 2.96744109838156e-05 1.5815237657706347e-05 0.002902445008672076 2.103061098419609e-06 6.387825330762941e-08 5.588998816134119e-06 0.0002450372453349589 4.7187659651303584e-07 2.0907849364244158e-05 1.21781954349959e-05 0.0036839557759084794 0.0006910176422554692 8.625912393022647e-06 2.562235383337715e-06 3.700333513073143e-05 1.4624816932313476e-05 0.00042649502972017336 3.1997486342056795e-05 0.00120468490759659 2.9030114430337572e-05 0.0007206004904511563 0.0002580949913862974 0.0002598808740692737 7.501873087296459e-05 5.9711630594756425e-06 2.09195330253026e-05 1.5007279498957612e-07 6.923779793154167e-07 2.860454356798143e-07 0.00012711825390202236 0.0 1.0452628912091534e-05 0.00021503136018255674 1.7965896177247949e-06 8.590568749346377e-05 0.0002076270322533872 4.794448762799299e-08 9.229850432319385e-05 3.4716537917913796e-07 4.310262839339416e-06 1.6428396508457256e-06 4.83916389631802e-07 0.0 0.0 0.0 0.00013289151051399897 6.473147728873783e-07 1.0063778600549654e-06 2.529771145939941e-07 0.00017197218060579676 6.143227324186486e-08 8.370451364089667e-08 1.2704908155121201e-06 0.00031183043419941484 3.1629489079780028e-06 1.3445890786983403e-06 9.462658096708011e-08 2.1820380364210737e-07 1.321986440843598e-07 3.3568863305866023e-06 5.425711315543683e-06 4.7148302585293976e-05 2.0779306052304776e-07 1.4803564115261528e-05 6.759018458484132e-06 3.169994862043829e-05 1.068208522409993e-06 3.222532913595926e-07 1.211034722171443e-06
4.9101740703462e-06 6.915366006221554e-05 1.6881802469910772e-05 1.6202948375975601e-06 6.370560624030234e-05 0.00013674856986121446 2.5649405998237184e-05 8.158393924659579e-05 4.625588093819806e-06 8.149230837567874e-05 0.0 8.679686040799779e-05 0.001051880884386997 0.0001447905993472378 1.0017094490441705e-05 1.6542957458870284e-07 0.00014418750677231478 0.0027371872339572146 0.00021951765631942187 2.2556491282874366e-05 4.4070442209483375e-06 1.6125816947894494e-05 2.4395609741768973e-05 4.529054489501024e-06 0.00018813149058490307 0.0008041170351245298 0.00010764670233704897 5.4549708081669445e-06 0.0003253869765274499 8.349847050971398e-06 0.0001214017744169896 0.0001574153577161909 3.329002218855041e-06 0.004065564726434777 1.4603985401853232e-05 0.0006079432058025041 0.0028114316273454886 0.0027333748171358765 0.0004464055663903922 3.2434677640361936e-05 1.3662888479640455e-05 0.0006911893638675849 5.084174754102608e-06 0.0 5.360828069464324e-06 0.0 3.5286604381257173e-07 0.0 0.0 1.5083942311577272e-06 0.0 9.121983202734173e-07 0.0 0.00018052697878487625 1.1792250788142319e-07 0.0005382102214203394 3.6463029638107204e-07 0.0 3.965475416870848e-07 0.0 5.199575829800918e-05 4.986806512566419e-06 0.0 1.2113299390953046e-07 1.860168842455039e-06 0.0 4.21863038749746e-06 6.593800420760459e-05 9.85477862708867e-05 0.00011152917325718435 2.112614897035046e-06 1.2258215129666948e-07 2.3485465942367085e-07 9.9214223796488e-05 0.0 0.0 1.1121300672877172e-06 2.6632570828898627e-06 2.3663571531311183e-05 0.00017517582284962415 2.4967093823245793e-06 3.570488026178141e-07 4.750830862482698e-06 0.0 7.465061729582208e-05 0.0
9.452481972353774e-07 1.3929554513910517e-06 1.1914861816082312e-06 0.0013870576264195043 4.8666994779003297e-05 0.0020749649963828507 0.00011396051324515433 0.0002072854943447921 0.0009047521190916353 0.0035687477415574115 8.679686040799779e-05 0.0 1.6579582860986287e-05 0.0003319551417576233 0.0007839504718069007 0.0 3.2252039872549233e-06 2.384015570390211e-05 1.2305674091087914e-05 0.00212366431175697 4.156749579313952e-07 3.959832113264509e-06 5.786346761298691e-07 0.0005279396391725983 7.444580040369085e-07 1.8812658874696256e-05 8.338446977727572e-06 0.00042347243267826045 0.0003239390515881576 1.4055178808487615e-06 2.6247107421132405e-06 4.867101687383896e-05 4.933580574834913e-07 0.0002798566557717171 5.39484578944392e-06 0.00040620972195239087 1.6586147903243936e-05 0.0004527589013402897 8.459721089193832e-05 0.001006574837960685 5.157389631717159e-05 2.21536606503483e-06 4.535452441071819e-06 0.0 0.0 0.0 5.851480801500825e-05 1.3833157875536651e-07 7.72617304077574e-06 6.790750238714465e-05 2.3593269409566122e-06 4.205522650682997e-05 0.00011528145647763551 2.67186134789612e-07 0.00012119856580095019 3.788560529846783e-08 1.7153788288741562e-06 1.4851472796327263e-05 3.28259712416237e-07 0.0 1.2878362441118522e-07 0.0 8.871055183150659e-05 2.033217611309369e-07 8.186488761397739e-08 0.0 4.999007977246754e-05 6.796826451860332e-08 3.647642985870769e-07 1.000059362837719e-06 0.00011289181135927049 1.7274231468456502e-06 7.978432942439052e-07 3.221264013345392e-07 0.0 0.0 1.1785977844543119e-06 2.8648489318047696e-07 3.113496069806266e-05 4.686868447706773e-07 6.859881566306608e-06 1.9912820845196307e-06 7.536906527752478e-05 0.0 8.199213946876031e-06 1.0174398412161116e-07
7.312298467066166e-07 0.0007549461289050836 5.4423839120143156e-06 2.3933344423764996e-06 6.187396361074668e-06 3.643348101452662e-05 1.024228333142829e-05 1.2990956245486943e-05 5.768807816396709e-05 2.008639716353965e-05 0.001051880884386997 1.6579582860986287e-05 0.0 9.278502193258481e-06 5.280107022620452e-06 2.6209552411400545e-06 3.2306347773095455e-06 5.582623008209948e-05 3.845090497606443e-06 8.573810072901593e-06 4.336676215445699e-06 0.00021795289455954763 1.4105104797275302e-05 6.788236614873966e-05 0.0019857665296143375 9.468185342200318e-05 0.0023968610073997042 1.8856728238033458e-05 2.5367740857731045e-05 4.424770058116854e-06 0.00036091261236379814 1.5305343648757498e-05 2.136005703216834e-07 0.0004440234553063456 4.96468978763116e-05 0.0016582597930075885 0.00322508251534479 0.0014294406845211166 0.0003977629903555457 0.00020658186894063584 0.0001723140828878652 0.0005978426584864208 1.7040888204937177e-05 0.0 2.3664921344011412e-05 5.87206700569886e-08 0.0 0.0 3.247207704191414e-07 4.88767831331662e-06 1.4168850557981907e-06 3.912405075432359e-07 1.8241883150593324e-07 0.000598882648141204 3.246227649618519e-07 0.0015939689196674228 3.6505466971856907e-07 1.2056899597896998e-07 3.5000094827233103e-07 3.1886698191659865e-07 6.49727017442126e-05 6.314689201038509e-06 2.8328884151181603e-07 1.1634191976763165e-07 5.350837281809915e-06 2.509698431697279e-07 3.2747510810410238e-06 0.0002566070299517738 0.00023228935594452616 0.00020726111109022015 1.8817297458923894e-06 5.978094369146749e-07 6.322065194375555e-07 0.00027302610160252235 1.2407410063605136e-07 0.0 6.585893088073071e-06 2.3310739982566774e-05 0.00030389141125821523 0.0004386026654694561 5.451249589887055e-05 1.4352620715755272e-05 4.738232320579513e-05 2.103523734894403e-06 0.00012487802919156172 0.0
0.0036219120413052515 5.919572531103412e-07 0.0008521008879014567 1.5561322242390634e-05 1.2683508577343808e-05 0.00058234082783488 0.004804157701624785 0.003920936620837038 5.841767795427067e-06 0.0007645935757625546 0.0001447905993472378 0.0003319551417576233 9.278502193258481e-06 0.0 4.703100499840401e-05 9.500862949781299e-07 0.0005170980295999237 6.280577274179826e-05 0.00011726909464515962 0.00011596388037924444 0.0001899346332393656 1.004220705855751e-06 0.0005462778745768017 2.119218410050206e-05 1.1782187151151432e-07 0.00013245174892104457 8.474860899727323e-05 9.960470554328473e-05 0.002873433591563203 0.0024192219072044136 4.039833700600211e-06 1.9328820010708565e-05 1.426142802650475e-05 0.0005096233235457473 2.524364656167087e-06 0.00023926711478999797 6.187303222013283e-05 0.00027240529942759945 5.8704135987576674e-05 0.00013380073965919498 2.2843629668598862e-05 3.824027324006943e-06 4.083902865826518e-06 1.2193001898202532e-06 2.8431003182991313e-07 1.3078820192356891e-06 3.4814191530262614e-07 0.0 4.9698834841197195e-08 9.302214026250883e-06 8.126813561374929e-07 6.7976571585576754e-06 6.117487727179357e-07 0.0 1.9716241471229535e-06 2.7661725917973484e-07 4.858290551816512e-07 0.0 4.669486396327914e-06 3.682544260608733e-07 1.4136076954580508e-07 5.457664589296156e-07 2.616795316595995e-07 4.0596667917969655e-06 8.643926925304526e-07 1.6979668350153802e-06 2.1529085306923e-05 5.0706906256157654e-08 1.9140637293421984e-06 8.09031702246844e-06 2.9827997501285975e-05 2.1291441682011904e-06 1.0796578040215667e-05 1.2850293693999683e-07 0.0 6.586671529155415e-07 1.0818425614073082e-06 1.1217971774078055e-06 1.1300196997665444e-05 8.143859260084722e-08 1.4131071762188679e-06 1.119595951459999e-06 8.219068493482176e-08 5.647312419820966e-07 0.0 1.5640065492748455e-07
2.501705093129209e-07 4.268122327211781e-06 7.851525127027735e-07 3.503337520621559e-05 0.0010554485534655861 0.001265105949459705 3.524930954659494e-05 0.00010603068322377286 0.0004887569707500317 8.863486957666147e-05 1.0017094490441705e-05 0.0007839504718069007 5.280107022620452e-06 4.703100499840401e-05 0.0 0.0 3.295530238906383e-07 2.6965360117006384e-06 7.099344118618834e-07 6.692615818763797e-05 5.9542743081751325e-08 1.4767709895444858e-05 1.5445726634081205e-07 0.0003640039612146485 1.2486074390546592e-06 2.035019826075818e-06 8.882047434825628e-06 6.476578173857078e-05 4.584151676512156e-05 3.448084341095631e-07 3.795272407933893e-07 0.00046910216636613863 6.97225602229761e-08 7.146015231859953e-05 2.1526325083363497e-06 3.897315108410127e-05 1.4759664184281903e-06 3.782682584890978e-05 1.4963694972401544e-05 0.001049979022873968 8.897931707650275e-05 9.351510517685551e-07 1.2978263027181862e-07 0.0 0.0 0.0 1.2814449807647033e-06 0.0 0.0 1.9884463371266362e-06 0.0 2.2009393685177015e-06 6.127181015672452e-06 0.0 1.0987209281311844e-05 0.0 0.0 3.5447278494117565e-06 6.114546018195731e-08 0.0 0.0 0.0 1.5121918742794375e-06 0.0 3.4573489968670935e-07 0.0 2.344025925610806e-06 0.0 6.045339544765675e-08 2.143159962921343e-07 4.3270448484923865e-06 0.0 0.0 6.661933539293968e-08 0.0 0.0 1.8112121706300087e-07 5.50357859482801e-06 6.15448105291586e-07 0.0 7.97019921611704e-08 1.1965115139531355e-06 3.8295359161702915e-06 0.0 0.0 0.0
5.428407969280799e-08 5.57359378226929e-05 5.558737726359787e-06 0.0 0.0 6.134853771198307e-07 1.8921037739126464e-05 2.2304389834263104e-07 6.489081704550966e-06 5.820499295738942e-07 1.6542957458870284e-07 0.0 2.6209552411400545e-06 9.500862949781299e-07 0.0 0.0 1.1267587782718357e-05 2.7588777129831085e-07 5.316841861192101e-07 1.7852798513490738e-07 0.0010857599624392025 0.001864561843934224 0.0013176468219959717 0.0016645326383715195 4.260540912692879e-06 3.8216978014467634e-06 0.001864933437725371 0.001479902818124062 3.8214460183544285e-06 5.735534297598116e-06 0.0 0.0 1.5352835647150483e-06 2.96015050668698e-05 2.2594556293432615e-05 0.0007480478672407721 0.00031565829904230347 0.00025425886626230315 0.0003421917471754728 3.272527664296205e-05 4.1006472299481683e-07 1.1805080845601347e-06 6.9732043474303565e-06 3.3327193378243963e-07 4.120789734695163e-06 9.221073779537296e-05 0.0 0.0 4.6891268326085663e-07 1.7783055345772987e-05 9.743018447194783e-07 3.4612881030509265e-06 1.028972529889711e-06 1.616119698137148e-07 0.0 6.580424775815876e-08 3.9124815264248145e-06 0.0 0.0013828939920429934 1.745005290223423e-06 8.285206625447708e-08 4.3126025844215204e-07 0.0 0.00011617954323242233 0.00038126479135308357 0.0007093828446764722 6.723995052740913e-05 2.426990344513227e-07 4.204685774020089e-06 0.0006612872789397782 7.368581234434599e-05 6.651486953952686e-07 2.3005184126821206e-05 1.8302845833668155e-07 0.0 1.4622731601236325e-07 5.019668869646546e-06 4.268663823707454e-06 4.4175448382613166e-05 4.25089401384579e-06 2.3930128675911655e-05 2.092644428615164e-05 2.6314786618089173e-07 1.060395591542804e-07 1.707836957288901e-07 1.1961343583651641e-07
0.00011281250373853361 1.7490875549023755e-05 0.003172239183073351 6.984682329762792e-08 1.2368834505434454e-06 1.0613273989819888e-05 5.715531819609292e-05 0.00025638475711290174 9.075365610338659e-07 7.348784046478221e-06 0.00014418750677231478 3.2252039872549233e-06 3.2306347773095455e-06 0.0005170980295999237 3.295530238906383e-07 1.1267587782718357e-05 0.0 0.00031477222838261073 0.002405725108309754 1.7700676689263498e-06 0.00023021289710113533 4.123427173087255e-06 0.0039543639680227225 1.4815169062901153e-05 1.3462787942147862e-06 0.0014276053350030385 0.0025855029923408726 2.675193253711386e-05 0.0005354080563114753 0.0007729370907060903 4.613647732556737e-07 4.7076751548724974e-06 4.5255930885025015e-05 0.0022685973317432416 4.010437578820544e-06 0.0003548670113879398 0.0009457130630005083 0.0009176982954728513 0.00022085130206160887 3.7960753196733737e-06 4.943995660544682e-07 5.946540696946087e-06 1.8657232497428114e-06 6.829498107397729e-08 2.6433640746393107e-05 1.7343603701268233e-05 0.0 0.0 0.0 2.6472686148312754e-07 4.456611252614409e-07 0.0 0.0 7.881530328852098e-08 0.0 1.7843762834285953e-06 3.967260554478578e-07 6.565008578798617e-08 3.857698496531073e-06 2.0873877055242775e-05 5.070399402607446e-07 1.5093007160629505e-05 0.0 1.1986144174662283e-06 1.8353327975195161e-06 1.3587207365914078e-06 2.9652121464184743e-06 1.5756717820583e-06 0.00016209082093580847 0.0002664697462538176 2.246159300470829e-06 2.807323155694242e-07 6.486750101826439e-07 1.3959021052224929e-06 0.0 7.643691865842889e-08 1.2957466415747091e-06 1.1170502978432508e-06 9.042331554512377e-06 2.3410461595252082e-06 8.300945156807454e-06 1.5172248576669136e-06 0.0 0.0 0.0 0.0
7.1281690787781595e-06 3.0503824112146575e-06 0.00012509506723148262 1.2608201473204467e-06 7.997796697050714e-06 3.1394338878530636e-05 1.3808220591974116e-05 2.7729822039298287e-05 4.597650000832933e-07 2.96744109838156e-05 0.0027371872339572146 2.384015570390211e-05 5.582623008209948e-05 6.280577274179826e-05 2.6965360117006384e-06 2.7588777129831085e-07 0.00031477222838261073 0.0 0.0006328014111052063 7.454641296067074e-06 6.044994055222363e-06 5.260421741958736e-07 7.412888446140348e-05 1.4476386532073154e-06 1.3453369005539695e-05 0.0020318014958906052 0.0004772273961815122 2.9497852117909762e-06 0.00011016512680459216 1.3512857173033466e-05 0.0001341895421705413 2.498611477866003e-05 6.924656620066714e-06 0.0012691867969563684 6.379376685823008e-06 0.00048330036116462033 0.0009166056785555974 0.0011382753406476687 0.00034909468405075277 9.853721921035095e-06 9.695222768580714e-07 8.074017425219304e-06 1.3282316726914999e-06 1.688298785849673e-07 3.2429430542686755e-06 1.2809027314476484e-06 0.0 0.0 0.0 8.23493456070848e-07 0.0 2.820800282942231e-07 0.0 8.476874568944676e-06 0.0 4.9531906407161266e-05 6.071851536510789e-08 0.0 1.0614441924836433e-07 7.068350898163804e-08 3.771516230592315e-05 8.444015405412092e-06 0.0 5.5755247199827455e-08 6.002989102452329e-07 0.0 1.558748690216116e-06 9.714364393338055e-06 9.076517495599563e-05 0.0001380205928108789 9.239659724247905e-07 6.872578509096417e-08 2.001579064441209e-07 3.493012494141282e-05 7.471066753164634e-08 0.0 2.641776228138731e-07 3.36066411111048e-06 5.299289168979238e-06 4.586259365591909e-06 1.7755500034723359e-06 9.07480598669655e-07 8.129178450691192e-08 0.0 6.887980442129599e-08 0.0
2.0733778232255263e-05 9.806488746595479e-06 0.00037076420126450267 2.7295386788375084e-07 4.424651468938092e-06 1.4602240314343026e-05 1.3302618017540338e-05 5.81349341197795e-05 8.070114977474559e-07 1.5815237657706347e-05 0.00021951765631942187 1.2305674091087914e-05 3.845090497606443e-06 0.00011726909464515962 7.099344118618834e-07 5.316841861192101e-07 0.002405725108309754 0.0006328014111052063 0.0 3.207953089247471e-06 2.1139837573049097e-05 7.864929587201271e-07 0.0003072267673014214 2.4197483097977895e-06 3.2751496524162056e-06 0.0021116895948799503 0.0006425129702721152 4.012132944459573e-06 0.0001757216763109322 7.348723078644262e-05 1.100174499032731e-06 8.739825584220815e-06 1.971600725661093e-05 0.0019442582586755453 3.2739831239869774e-06 0.00044238225702403477 0.00047642293167264886 0.0008728536384489407 0.00023906563580485712 5.8672221523747556e-06 2.2775690094499347e-07 6.321423548862761e-06 1.3853309398291364e-06 8.738223627866426e-08 8.921710178014086e-06 2.3110976451509184e-06 7.1348171017632e-08 0.0 0.0 7.618590740612091e-07 7.691412024585684e-08 0.0 0.0 4.3911681332732197e-07 1.2331732099841914e-07 4.888679026893125e-06 1.0253188698006447e-07 0.0 9.786196160962644e-08 9.272525330346626e-07 4.443521344987603e-06 5.631340688170364e-06 0.0 3.648490425013889e-07 3.8039886927617993e-07 1.7190992444087215e-07 1.2886335413887092e-06 3.860637328944576e-06 4.82682678907351e-05 0.00011900632666631605 1.0472446657618748e-06 0.0 3.421217928968284e-07 3.5598502677902154e-06 0.0 0.0 1.7982021492384927e-07 4.69335285486997e-07 3.593587292374186e-06 1.569217642276879e-06 1.8568584332562265e-06 5.98223377732704e-07 8.630612962185551e-08 0.0 0.0 0.0
1.2560468476876e-06 1.2301930278657238e-07 7.225714855407322e-07 0.001898690083025664 3.0112156346771285e-06 0.00024839362147453266 1.953610787657543e-05 6.640204957176639e-05 0.0006005789383122483 0.002902445008672076 2.2556491282874366e-05 0.00212366431175697 8.573810072901593e-06 0.00011596388037924444 6.692615818763797e-05 1.7852798513490738e-07 1.7700676689263498e-06 7.454641296067074e-06 3.207953089247471e-06 0.0 2.5487538540657497e-07 6.55594421313696e-08 6.081418469878236e-07 0.00019714013890986256 9.205546613874767e-08 3.836003345230214e-06 1.6231313655474615e-06 0.0015276698174489086 0.00011793689922703309 1.2086714652889122e-06 7.79181803115163e-07 8.09990142129195e-06 9.138458698680333e-07 0.00011130173810417358 5.86839588015373e-06 0.0002646134484704179 6.44526068906327e-06 0.00018529820573404514 5.3873414677967566e-05 0.00023053562374676884 2.2245275834845085e-05 2.7056464936152745e-06 5.185174934849883e-06 7.41791360137412e-08 2.0483583549451542e-07 0.0 6.39652818010651e-05 1.6688370059696343e-07 5.652487159474678e-06 9.14490560265961e-05 1.7108797582974833e-06 6.299239402829415e-05 0.00012683046996800055 1.266260066324881e-07 6.00885515600007e-05 4.7959654997732393e-08 2.3433364640536005e-06 1.212596652201613e-06 0.0 0.0 0.0 0.0 7.562244496533391e-05 0.0 4.183805306207795e-07 0.0 7.910048635542098e-05 0.0 4.364785072095327e-08 4.059608400593243e-07 0.00014430231608642623 1.401751800754048e-06 0.0 5.522436152342377e-08 0.0 7.749616211627972e-08 9.536175344238217e-07 1.665858487982643e-06 2.6106601607056897e-05 1.3847845024478667e-07 4.3124108962865615e-06 1.744946189782714e-06 3.6140311475581976e-05 0.0 0.0 0.0
3.373625006548378e-05 2.710047503263609e-06 0.00019499586207302546 0.0 4.91665425774744e-08 1.0026348531431682e-05 0.0005604840454385819 0.00018302577044340804 1.3005743218544212e-05 2.103061098419609e-06 4.4070442209483375e-06 4.156749579313952e-07 4.336676215445699e-06 0.0001899346332393656 5.9542743081751325e-08 0.0010857599624392025 0.00023021289710113533 6.044994055222363e-06 2.1139837573049097e-05 2.5487538540657497e-07 0.0 8.997589067426845e-05 0.007400634838820368 0.00019339960875663903 1.7228187367465393e-07 7.4167937399461436e-06 0.0010875134545741078 0.0014739525099959046 0.0001572727777682657 0.005468584189460256 2.0623006861850724e-07 1.1641591260016443e-06 6.428822970486502e-05 0.0019046596790359242 9.40379094662872e-05 0.002724239193411957 0.0008976384099523815 0.0033105044294926096 0.00194812183502709 6.091820287309252e-05 1.755430994676896e-06 2.61834619600072e-06 1.9369408950043365e-05 9.979640350850594e-07 1.3855251439723986e-06 7.1211520029405495e-06 0.0 0.0 0.0 3.6270467715256836e-06 3.343000183595092e-07 7.912781834398873e-06 5.239779458907286e-07 0.0 0.0 0.0 1.1890713643854663e-06 0.0 0.00040557735009752894 2.0190167889423796e-06 0.0 2.3144109784664672e-07 0.0 0.00021860367242965896 0.00010348821601465547 0.00013264682603201903 7.47512956612774e-05 0.0 1.0474411640292431e-06 3.225622132778482e-05 0.00012591669466126932 8.505050676317027e-06 0.00011495991478870618 0.0 0.0 1.062245654051409e-06 2.829110071959355e-06 4.3631228622948495e-06 3.4078086245872695e-05 1.2405470241014482e-06 4.342535432186628e-06 5.324916952200044e-06 8.42865761148521e-07 1.3801775525671459e-07 2.9496532303160494e-07 4.2452326781862414e-07
4.1349752510147906e-07 0.0011598598285525207 8.513435398797187e-06 0.0 7.26108188884771e-08 5.794796071891213e-07 1.3818674511380547e-05 5.13338979026374e-07 0.0010904862047883828 6.387825330762941e-08 1.6125816947894494e-05 3.959832113264509e-06 0.00021795289455954763 1.004220705855751e-06 1.4767709895444858e-05 0.001864561843934224 4.123427173087255e-06 5.260421741958736e-07 7.864929587201271e-07 6.55594421313696e-08 8.997589067426845e-05 0.0 0.00017009277844097783 0.0034527252758416215 0.00037505810458597313 8.595088085874654e-06 0.003121340240644985 0.00018128348339704648 1.548734512005144e-05 9.906370756989331e-05 6.863496475905588e-06 5.5037154656797025e-08 5.628334533714215e-06 1.4570355519600797e-05 4.798015947484874e-07 4.0850062380888985e-05 1.1294436055812614e-05 1.922730553012861e-05 1.0860692826039314e-05 1.7376885490800263e-05 0.0 1.5384794024239483e-05 2.985110166478322e-07 3.902455748425011e-07 2.0102797757720514e-05 3.0258075949024844e-05 2.2799808906693107e-07 0.0 0.0 4.18559591167609e-06 9.978839190411384e-08 5.621120119619063e-06 1.0124572730879258e-07 1.1593229538967432e-06 0.0 2.5132420094892007e-06 7.026505361264742e-07 0.0 0.0005508711039034995 2.571841503039204e-06 3.571570107859393e-07 1.294514883153835e-06 0.0 4.982327483679823e-05 5.100615078233798e-05 0.00016821395479561766 2.2143907976134818e-05 2.918539336555693e-06 1.2148470342158934e-05 0.00043568560817669526 2.7495493360325382e-05 5.552032175934503e-07 5.380984073487363e-06 1.4776811711989166e-06 5.714474151133018e-08 0.0 1.266896858120868e-06 7.90582585595974e-08 9.501987300402045e-06 1.0516695517346736e-06 4.647542596048999e-06 4.5565330959762535e-06 0.0 0.0 7.604479381160814e-08 0.0
0.00010145180909140995 1.7665705481381359e-06 0.004561608057401154 1.7918804703603526e-07 2.868148944144074e-07 2.076934259206654e-05 0.0005394501841758042 0.0004270809851087775 4.442009810405635e-06 5.588998816134119e-06 2.4395609741768973e-05 5.786346761298691e-07 1.4105104797275302e-05 0.0005462778745768017 1.5445726634081205e-07 0.0013176468219959717 0.0039543639680227225 7.412888446140348e-05 0.0003072267673014214 6.081418469878236e-07 0.007400634838820368 0.00017009277844097783 0.0 0.0003251107906269976 1.100880899071033e-07 0.0006587512348858988 0.006810812118526134 0.000860601218359973 0.00025707562488894045 0.0023677746673474807 4.023679286935713e-07 2.5903202487585622e-06 2.5073505268238377e-05 0.001564058054991946 0.00016429856508453402 0.004812039313698153 0.004836383849049852 0.004478548406958428 0.0033760285467485354 0.0002480859189288051 6.437492420315126e-06 1.2160113751046743e-05 4.94837917303921e-05 2.0886355667945136e-07 3.192293310928722e-06 0.00013302821732194984 0.0 0.0 2.349298464686486e-07 1.320771110966389e-05 3.073423405073514e-07 2.612416721213756e-06 5.493999434056432e-07 8.70352252437173e-08 0.0 3.220632079228428e-07 2.027628911026535e-06 0.0 0.0007642789403896263 1.6709225232710197e-06 6.609644150983912e-08 2.4137274940038767e-07 3.4554720150507535e-07 5.0686147357111914e-05 0.0001378234301429809 0.00046995183188736507 4.177754590725918e-05 3.792989655392628e-07 6.343244912649433e-06 0.0006273311684515413 4.098656121202753e-05 1.2835585386814618e-06 9.735046017250044e-06 5.3707687944968276e-08 0.0 0.0 3.2323732915004202e-06 3.0158333732806972e-05 5.766172966125283e-05 1.9512996854479177e-06 2.430581047338779e-05 2.1540291179985783e-05 7.054643486817261e-07 0.0 9.689843899428146e-07 1.4007538250700425e-07
