0.0 5.145569331128922e-08 9.988294506824209e-05 4.019931345062623e-07 1.0440220806066391e-07 4.016607566643824e-06 0.001024918896413602 6.593183904775263e-05 1.3377405466214275e-06 7.387410810950769e-06 1.188553056297787e-05 8.377756882414309e-08 2.130118586036077e-07 0.0029945146589678666 0.0 0.0 0.00012944882427675647 9.289437451559569e-06 3.793936570311438e-05 3.2234600610673175e-07 2.677477454750103e-05 1.8694796341799423e-07 7.958723290338887e-05 2.7201133993679672e-06 5.869627764590792e-08 1.3801844819883752e-05 1.744974378800861e-05 1.2110784139407575e-05 0.0025709374060906534 0.0013473351197226444 1.1747187511141896e-07 4.599756989451559e-06 5.064121478039997e-05 9.314610331295252e-05 2.813336090636921e-07 7.228894933301742e-06 1.3201938998557547e-05 3.893945495273745e-05 4.882932807293193e-06 4.1317630504560837e-07 4.784548956856515e-07 1.162063501437594e-07 0.0 0.0 1.6706642098868323e-07 5.356558164722772e-07 0.0 0.0 0.0 8.053528322301522e-07 0.0 3.2815058291801545e-07 0.0 0.0 0.0 4.885745908065542e-08 0.0 0.0 2.6385444959643076e-06 5.342425091555429e-08 0.0 3.56797485177359e-07 0.0 5.422218666318331e-07 2.5249906241507056e-06 4.1957551099671354e-07 6.230517154513002e-06 0.0 1.6353209738364632e-06 2.907856686238784e-06 9.10546686895385e-06 4.0378423316842724e-07 4.277879367611103e-06 0.0 0.0 0.0 5.563482290698541e-07 0.0 2.2350068079841193e-06 0.0 2.626895205019181e-07 0.0 0.0 0.0 0.0 0.0
5.145569331128922e-08 0.0 4.336251332610652e-05 0.0 7.316908004157981e-08 4.809927256521481e-07 1.0146153397527076e-05 1.4864742753695436e-06 0.00021915993176483266 6.037782971574273e-07 0.0002474605368745413 6.959795407310131e-07 0.0004676535679164988 1.5106596899579513e-06 2.0985299587672568e-06 5.5051972140508445e-05 5.671149173478618e-05 1.893068991240359e-06 1.7316489232348645e-05 1.3674076606931143e-07 2.617214548680377e-06 0.0018130245010874828 6.2951229666248975e-06 0.0004828093714332893 0.0011662018214404165 0.00020704091856952627 0.004670247567982634 2.9170529130075455e-05 2.004959564706906e-06 7.020453662734478e-07 2.3828856233120358e-05 7.098680014617679e-07 0.0 3.592348271890926e-05 4.362304400536937e-07 4.9925586974973354e-05 0.00012748860738522394 0.00012068439382305892 2.2993946619216842e-05 3.717121758162737e-06 7.264124287158922e-07 0.00010607552614646823 0.0 0.0 7.221017275908104e-05 2.9929345541598292e-05 0.0 0.0 0.0 5.332713823048596e-07 0.0 8.913178832087142e-07 0.0 5.379508208349304e-06 0.0 4.777948636931194e-05 6.214949767867591e-07 0.0 6.89094419455163e-06 4.400966194266595e-06 2.724070669865092e-06 3.426173243277242e-05 0.0 3.4809727678831876e-07 7.49601422432704e-06 1.3831940180899154e-06 6.071483079966595e-06 4.8348840923539914e-05 0.00020396717207684062 0.0008286616823101441 1.3274283117054307e-06 2.74099839411177e-07 1.2949862629312783e-07 4.972598646465098e-06 0.0 0.0 2.843843270207038e-06 0.0 1.2033202063740877e-05 9.954440596831963e-06 1.2502003207606674e-05 4.410836360369523e-06 0.0 0.0 3.3646519657310143e-06 0.0
9.988294506824209e-05 4.336251332610652e-05 0.0 0.0 1.8644683787679818e-07 4.901746184108728e-05 0.0012056615285678566 0.0006792740709230208 1.3551942680739283e-06 5.65110857636901e-06 3.122650887215569e-05 5.265165385003149e-07 7.672259409942857e-07 0.0005361927193486236 0.0 1.2799202332182447e-05 0.003166621104546187 0.00014673006800791646 0.0004998306982416373 2.0785128850162457e-07 0.00030123895508903846 5.290574904382376e-05 0.005308549727615637 2.2479634906856798e-05 5.169731960808466e-07 0.003929667985589288 0.00482433266288543 0.0001649742006863242 0.0001246429424080368 0.001213822841944916 5.9832372164896164e-06 5.617773438479518e-06 3.789233480599355e-06 0.0005099186394195536 1.5143729913706757e-05 0.001222149338426638 0.002111878330030113 0.0011506595751814117 0.0005555393489042657 3.1284853616157835e-05 8.213117955143693e-06 1.1813122278666452e-05 5.646430304805125e-06 1.1903026200500461e-07 9.098021217744391e-05 0.00047302105754358476 9.611814189187515e-08 0.0 1.6461707408665208e-07 5.283476270260986e-06 2.99787114067647e-06 1.8185198572206478e-06 3.711502413651275e-07 3.120056230885545e-07 0.0 1.0817320442012653e-06 3.931658573216594e-06 1.4598316519690166e-07 1.8121179835332547e-05 3.7519351530645655e-05 7.980414830045372e-07 1.6161877766746122e-05 0.0 1.2398917680830676e-06 4.072922483659447e-05 3.4538966305981995e-05 1.3268909131899393e-05 3.593854384782633e-06 0.00020874608526464674 0.0017603126943003303 7.381893344011705e-06 2.9922509106413447e-07 2.6256578628046275e-06 1.349028944322679e-06 8.535202989726683e-08 0.0 1.2266380553341996e-05 3.738133313488522e-06 5.552878823605168e-05 1.3206166153566588e-05 4.248377540766262e-05 1.6415950860947845e-05 5.665158156205232e-07 0.0 9.725861166778007e-08 9.3881347619726e-08
4.019931345062623e-07 0.0 0.0 0.0 1.011379114213518e-06 2.9150845117174576e-05 4.135252883427231e-05 7.576412592501382e-06 0.0002779923658774961 0.0020818427406645913 2.7074034936308396e-06 0.0014997842636477196 1.4269688293008441e-07 5.378317148221513e-06 2.142628978286757e-05 0.0 0.0 1.6336002704554175e-07 2.9505010109905847e-07 0.001520499299457539 1.120998111578468e-07 0.0 0.0 0.0007269860522410969 0.0 7.996871594306943e-08 1.6922406484575618e-07 0.0021774303401386357 8.092434770818907e-06 1.231554624395929e-07 5.1429039049027676e-08 2.5551516332703732e-06 7.51154687534424e-08 2.8147871751631477e-06 1.6012814365238412e-06 4.8339199107038995e-05 2.446691024060147e-07 1.2601927984720361e-05 2.1021649217516033e-06 8.088437256351371e-05 3.2636907909724616e-06 0.0 7.225161900496751e-07 0.0 0.0 5.219785839360126e-08 4.2561446409155614e-05 0.0 1.8189714704387636e-06 3.6748853133104005e-05 1.1479061341210536e-07 6.200352390387992e-05 7.353806057671552e-05 0.0 2.583258246741991e-05 0.0 7.832689654998068e-07 3.1593980913881094e-06 0.0 0.0 0.0 0.0 4.987955725860631e-05 1.4238284158819687e-07 1.9632080403127296e-07 0.0 0.00011483177081942343 0.0 0.0 1.877463669531236e-07 0.0001120410336815311 1.3395226591434628e-06 2.7563419396256465e-07 0.0 0.0 5.878963494062378e-08 1.6516237955843475e-06 3.922070084490715e-07 5.601720218901561e-06 0.0 2.5258689365711787e-06 7.659590723407201e-07 2.746211559699222e-05 1.9074755680163337e-07 0.0 0.0
1.0440220806066391e-07 7.316908004157981e-08 1.8644683787679818e-07 1.011379114213518e-06 0.0 0.0002384748082861123 2.8421033586627075e-06 8.738117325951892e-06 5.1372849904477974e-05 9.863062909515647e-06 1.812251259464686e-05 0.00012201967473145333 3.64514230986078e-07 1.2022404877565894e-06 0.0016366519415477493 0.0 0.0 1.5183968220614373e-06 5.068176873029228e-07 7.300013625652371e-06 0.0 5.286778707559501e-07 0.0 1.6230482880928323e-05 0.0 1.1540866272776634e-07 7.003493536021931e-07 4.780419070846718e-06 2.5185787975623484e-07 3.2749877590027314e-07 0.0 0.00020752349285199114 0.0 0.0001647012847535496 1.0956986235195238e-07 2.1495659958693936e-05 4.118482467069172e-07 2.5743384419598432e-05 3.9907264974437305e-06 0.0008604455774029571 3.694497852901353e-05 1.0248591675807139e-06 3.8683543730866845e-07 0.0 0.0 0.0 5.7619835080953407e-08 0.0 0.0 5.547592839096831e-08 0.0 0.0 0.0 0.0 0.0 0.0 0.0 0.0 0.0 0.0 0.0 0.0 0.0 0.0 0.0 0.0 1.8346860234167906e-07 0.0 0.0 0.0 1.019071304066047e-06 0.0 0.0 0.0 0.0 0.0 0.0 0.0 9.745700746935993e-08 0.0 0.0 0.0 9.30551263212437e-07 0.0 0.0 0.0
4.016607566643824e-06 4.809927256521481e-07 4.901746184108728e-05 2.9150845117174576e-05 0.0002384748082861123 0.0 0.001389575928601148 0.0031475304268233006 0.00011082622471001649 0.004854488722062574 0.00014939597615144868 0.0025651951989709774 6.263486882987938e-06 0.00023100318351642607 0.0007911775189911565 1.385017800275457e-07 2.0614654287300594e-05 1.6594716520266365e-05 9.275445245956517e-06 0.0001375681329235555 6.958056481392136e-06 1.9639212872722844e-06 1.5890798675706105e-05 7.198789505807341e-05 3.997351223171229e-07 1.5881083607147727e-05 1.2426924249378872e-05 0.00045438451390522795 0.00016008759571250247 2.5425636418110677e-05 2.7261595893856966e-06 0.0004312682047638106 4.929972155389854e-06 0.00020526359438964635 1.343369040902392e-05 0.0003645269299421225 1.2445157982425031e-05 0.0002810514908922132 5.282265221554054e-05 0.001842263396086347 0.00010291233658926366 4.200199853540632e-06 7.884466924302588e-06 3.7238096525282426e-07 8.145740442415754e-08 2.808603236164457e-07 1.2851922426231353e-05 0.0 3.386093180988274e-06 2.6762175463125294e-05 5.694587649627158e-07 1.5789987797413812e-05 3.275053807132685e-05 3.990532844968903e-07 1.7319666325697687e-05 9.816676315562036e-07 8.692497980500879e-07 3.413292664019336e-06 8.15857037126017e-07 5.634034194003297e-08 0.0 0.0 1.7284036538040018e-05 3.2771444711349066e-07 4.747073210420695e-07 1.5663945685686485e-07 7.462481144563098e-05 5.422113751014762e-08 4.412302876108106e-07 1.7870535900715643e-06 7.525485982638383e-05 1.817475050951086e-06 1.8158256168245144e-06 5.897140214785039e-08 0.0 1.8297618573320519e-07 1.169630408942298e-06 1.2179009198383846e-06 1.3701510414923888e-05 0.0 1.4082932661479987e-06 8.890189328756164e-07 3.2248785390722246e-05 0.0 0.0 0.0
0.001024918896413602 1.0146153397527076e-05 0.0012056615285678566 4.135252883427231e-05 2.8421033586627075e-06 0.001389575928601148 0.0 0.0027857171033448666 0.00037380276533825475 0.003768832943562146 0.00010016717173701483 6.0829308141756756e-05 5.719218732874831e-06 0.004628615805262208 1.996602706567953e-05 3.7421626109403675e-05 0.0001836513163623566 3.608613883934484e-05 3.9279420839186824e-05 1.44861974503177e-05 0.0004517494800793766 0.0001030130912753044 0.0007219486681290188 0.0008894597727666449 3.870317725351851e-06 0.00018162667412073455 0.000358492404473296 0.010201055391758836 0.001519391951077212 0.002350187024618595 3.65484530064641e-06 4.2649256452536505e-05 0.00010688856918189785 0.00048125640370966596 0.00013988884916648755 0.003179320616942131 0.0001859434118336776 0.0017363419182466946 0.0007110215608367062 0.00026032644002151875 0.00015332146204721753 5.799122751689048e-06 4.151109839390584e-05 1.573309503501187e-06 2.3809125822629627e-06 1.349833347088121e-05 3.8822018975985316e-05 0.0 5.205398567000011e-06 0.0002918897960042832 3.7165624883677965e-06 0.00016467213423088236 0.00010443146175838818 4.363809652160629e-06 1.98428364364002e-05 1.7325310126062666e-06 1.3188215661039255e-05 2.945355841300135e-06 5.545633523279528e-05 1.7346024642100895e-06 2.0816446742046624e-07 8.727979527647234e-07 4.6625827727171e-05 2.150009370252349e-05 5.935887988627275e-05 1.5947618979171787e-05 0.0008337763262519777 3.47327737474506e-07 6.712382833242411e-06 5.4709773117384674e-05 0.0006441282067740201 2.757283840345342e-05 0.00010519424076125033 6.860777075318686e-08 0.0 3.892202195253867e-06 2.2533688745846352e-05 1.8753955336360162e-05 0.00013483849328007496 4.649808292284392e-06 5.300457159808361e-05 2.0932504586021965e-05 4.451497631879703e-05 2.6327146740284174e-06 9.899192952591259e-07 5.596797846964765e-07
6.593183904775263e-05 1.4864742753695436e-06 0.0006792740709230208 7.576412592501382e-06 8.738117325951892e-06 0.0031475304268233006 0.0027857171033448666 0.0 9.147792216531871e-06 0.0019549756290300245 0.00023693615055558407 0.00018857463021142165 9.309581863613346e-06 0.0031465092175609537 2.6882603331727474e-05 4.6924516083092367e-07 0.0003687676357655733 6.0973250171059934e-05 0.00013686136466302572 4.720732344993817e-05 7.694374353163639e-05 1.1921931938204083e-06 0.0002633498239344037 1.096913739860152e-05 2.6786621367974584e-06 0.00012170447083944985 0.00010428412980589863 9.45706938952013e-05 0.00040559041246798056 0.0006422530093289475 5.1298798808216945e-06 0.00032633937670468175 1.6800613273238424e-05 0.0003017493308219703 1.4571557292073718e-05 0.0003203375101570747 9.509437948385228e-05 0.0004073358837341294 9.528359334062005e-05 0.00025025137356069377 7.644350392606455e-05 4.858987662225325e-06 4.884537060462428e-06 1.7461716576148307e-07 9.275835038072638e-07 3.1345761931914353e-06 8.506174677025198e-07 0.0 3.0173314818503406e-07 1.1973364634850853e-05 2.399527841254346e-07 6.422178721889048e-06 1.7133441711909217e-06 7.908659577084415e-08 1.403686556446405e-06 8.8929952067355e-07 4.92031582785117e-07 0.0 2.047748229815804e-06 2.857559873895388e-07 0.0 3.961610564100827e-07 5.575962976710401e-07 4.168650231664123e-07 2.654863934756237e-06 5.70623024524337e-07 3.9160112769158165e-05 4.179731944292287e-07 6.415152249475974e-06 1.4303026018167074e-05 3.237009122138554e-05 7.727859708207268e-07 6.8469290483684085e-06 2.1238341016005872e-07 0.0 1.1637017587154956e-07 1.088225978083713e-06 1.8979341737489243e-06 8.590044147805165e-06 0.0 2.115810040579718e-06 4.5170395349060423e-07 1.7200360080617798e-06 7.922549824262908e-07 0.0 0.0
1.3377405466214275e-06 0.00021915993176483266 1.3551942680739283e-06 0.0002779923658774961 5.1372849904477974e-05 0.00011082622471001649 0.00037380276533825475 9.147792216531871e-06 0.0 0.00035596683431625886 8.904895747694588e-06 0.000436364802314754 2.3891547054109395e-05 6.691974454284852e-06 0.0003069586163912397 5.7097707536536825e-06 3.5310193889909135e-06 3.8099182815435316e-07 8.742984341109432e-07 0.0004524936287077434 1.3638222142669608e-05 0.0017660108336044155 3.064412653614623e-06 0.006355733922018383 6.776043555209381e-05 1.238581590777198e-05 0.00028640138680810577 0.0010209206267291378 1.8167069858416676e-05 7.713232185192118e-05 4.234075669078241e-06 2.385336581482123e-06 4.2613446541665536e-07 5.808512659808409e-06 2.2206900387080016e-06 5.589906555514036e-05 7.380869128092361e-06 2.3905443838762593e-05 5.233033831626128e-06 0.00025065647268484903 6.075448377928229e-06 2.090052301725287e-06 2.960304604964557e-07 8.166877622748519e-07 3.2275596506175255e-07 1.4689543513979633e-06 8.68346284588686e-05 0.0 2.86928398773995e-06 7.791623105872962e-05 9.929007687307701e-07 0.00013175701757879753 0.00010370671570040142 3.879741822384816e-07 8.4818787968249e-05 9.90264618686941e-07 6.704884164961211e-06 1.6475610407384453e-05 9.218941767072102e-05 8.499155862466761e-07 2.711200407342872e-07 8.289350511998229e-07 9.431861697539181e-05 3.959730429499422e-05 2.5683538616734643e-05 7.875896418179483e-06 0.0008804092700165053 1.2712524577108835e-07 2.4680560919825796e-06 9.060189951653285e-06 0.0003797347270115971 1.7131381152246452e-05 0.00011560011898455604 1.5339638429470764e-07 8.405894974327101e-08 3.8071931902729934e-06 1.5192105278304769e-05 7.692743651327634e-07 6.59207537891797e-05 2.433673776160149e-06 2.4361403538126247e-05 8.566179077177067e-06 4.2803031413597624e-05 3.568043730114173e-07 0.0 1.40260187466128e-07
7.387410810950769e-06 6.037782971574273e-07 5.65110857636901e-06 0.0020818427406645913 9.863062909515647e-06 0.004854488722062574 0.003768832943562146 0.0019549756290300245 0.00035596683431625886 0.0 0.00022720102549455404 0.002992540169282933 1.1627316517570661e-05 0.0006757133942569713 6.34824015027493e-05 4.82854173394198e-07 2.497580717596656e-06 3.4761669512660116e-05 9.136551706410283e-06 0.002942817596126993 1.4353700772009912e-06 1.8060439684369773e-06 3.3652279411223658e-06 0.0003161970042929911 6.343267074793224e-07 1.70804589522913e-05 1.0063655317993748e-05 0.00301099398647633 0.0005303000100747933 4.934293272159765e-06 6.8713028061397714e-06 0.00012826593783268328 1.6281807578339106e-06 0.0002698278111373202 2.951827974745026e-05 0.0014510009019261614 1.9900804886746933e-05 0.00109513624384248 9.166105327149171e-05 0.0006726481635257959 0.0002486814212429541 8.600824177921698e-06 4.430938075552343e-05 1.595898753986517e-07 5.4565714018003065e-08 5.855835541031711e-07 0.00011394688716270163 0.0 7.3517628431072814e-06 0.00019719815186237062 2.1481741632715113e-06 0.00012709335288173896 0.00022768313711400557 2.777212423331682e-07 9.990926782124497e-05 2.864297091928933e-07 2.509204436158431e-06 1.7455880158986175e-05 1.7670362198626312e-06 6.958918507877413e-08 1.2552695256111663e-07 0.0 0.00014120134121196253 2.8456912002378643e-07 1.1560724718438748e-06 3.413701036731969e-07 0.00045669339581357006 5.3271933145282566e-08 3.3829225442617644e-07 1.1411673452455324e-06 0.0004582798082066598 6.720617825999852e-06 3.1442869303840667e-06 1.4616698450896514e-07 1.9476033423202736e-07 7.324076587718575e-07 8.24487010013207e-06 4.624468131738587e-06 4.8492362363754016e-05 3.2680381846945517e-06 1.8822382891497585e-05 5.547671269542668e-06 0.00011576797009116329 2.5331793194209705e-06 0.0 1.4265354078188522e-06
1.188553056297787e-05 0.0002474605368745413 3.122650887215569e-05 2.7074034936308396e-06 1.812251259464686e-05 0.00014939597615144868 0.00010016717173701483 0.00023693615055558407 8.904895747694588e-06 0.00022720102549455404 0.0 0.0001240465202021506 0.000842169312027692 0.0002457421942764812 6.1036718304720525e-06 2.6224011108269257e-06 0.0004074461678021165 0.0018670703545478483 0.00014236161986345492 2.760757691154411e-05 3.3484139893409424e-05 4.4680121896506485e-05 5.2600458107966706e-05 1.7130054653199427e-05 0.0009073705469627176 0.0003644945989380157 0.0002432392943991947 2.04550897263284e-05 0.0005755673173992086 2.8055014115567613e-05 0.000127919123833687 0.0004004232409410926 5.229675386880971e-06 0.0043476863306947935 7.290713497697136e-05 0.0027943691780479667 0.004682406644540023 0.004690560361937451 0.0009641081986720069 0.0001936770696582235 9.694718947388205e-05 0.0004486936871901014 1.0348777670851157e-05 0.0 7.005687043587361e-06 3.944810178156913e-07 0.0 0.0 0.0 1.0653972627493457e-06 0.0 2.1449190783883578e-06 1.5899392182343832e-07 0.0003527515176655517 0.0 0.0007342342117224402 2.61089390792871e-07 0.0 3.371662302362899e-07 0.0 5.7196345355160084e-05 1.1849650730388437e-05 0.0 2.024553616103813e-07 1.8687490771578237e-06 6.382530770507048e-08 7.070097539979983e-06 0.0001768798582011392 0.000206657179743016 0.00012018294861552068 5.133960728071066e-06 1.9819497636335228e-07 8.953716565346104e-07 0.00013456628834965004 0.0 0.0 1.8691109329274194e-06 4.364315540279091e-06 9.72219103425885e-05 0.00025385815303731376 3.791365712622367e-05 2.0673976603225647e-05 4.374459113738077e-06 4.032347410947692e-06 0.00012548934013602845 1.6582282235694453e-06
8.377756882414309e-08 6.959795407310131e-07 5.265165385003149e-07 0.0014997842636477196 0.00012201967473145333 0.0025651951989709774 6.0829308141756756e-05 0.00018857463021142165 0.000436364802314754 0.002992540169282933 0.0001240465202021506 0.0 7.228567978714784e-06 0.00013508716657803206 0.001005362872405872 1.2518731188515762e-07 2.6935536147810794e-07 1.3646519530194375e-05 2.864223435610671e-06 0.003492345641750581 1.5280501619202838e-07 1.4449946952923279e-06 2.9572070816918025e-07 0.0003156923628378419 7.983062199289003e-07 7.043769377582561e-06 4.216348921429869e-06 0.00044025217808263493 0.00012451124319383904 7.036524800691251e-07 2.505420870753095e-06 9.222566294352583e-05 1.2022624641438477e-07 7.996560580300956e-05 5.2584013394527165e-06 0.0004389218715841679 5.735584977367514e-06 0.0002723608615129455 1.2005204269577152e-05 0.0014710903198418706 7.476034244392262e-05 2.1671396584219885e-06 5.19551241526991e-06 7.057091511279786e-08 6.055606984371786e-08 0.0 4.456929169527546e-05 1.3679636925515294e-07 4.070588423083124e-06 2.5012345087391328e-05 2.2649203517409588e-07 3.9115749123212255e-05 8.051814468638515e-05 8.582680918443196e-08 8.028864720314881e-05 0.0 3.020099821326567e-07 2.2882610106356033e-05 0.0 0.0 0.0 0.0 5.8652050420657457e-05 3.3995915646952973e-07 0.0 0.0 6.751685404215073e-05 1.1863574966275186e-07 0.0 6.405808877550168e-07 7.985192790398167e-05 1.7247980386138942e-06 0.0 0.0 6.500673102534575e-08 0.0 7.568054527355176e-07 1.3338122404482947e-06 2.6754698825132793e-05 6.999069690806885e-08 2.997016036676177e-06 1.1164733936678782e-06 0.00011574923900952683 0.0 0.0 0.0
2.130118586036077e-07 0.0004676535679164988 7.672259409942857e-07 1.4269688293008441e-07 3.64514230986078e-07 6.263486882987938e-06 5.719218732874831e-06 9.309581863613346e-06 2.3891547054109395e-05 1.1627316517570661e-05 0.000842169312027692 7.228567978714784e-06 0.0 8.927112154216698e-06 3.278518380348836e-07 9.357832026715691e-07 1.683240532454319e-06 1.7915883713810703e-05 1.7283015359851855e-06 1.013531144620587e-06 9.410302961356502e-07 0.00012373595096004536 9.449416310552731e-07 3.807429454916514e-05 0.0016447825726579595 2.7351660368831313e-05 0.0015840634441539995 2.6279341398818457e-06 1.6486692743729287e-05 8.666557950825229e-07 0.00017567112133853497 1.203365618722607e-05 6.523352518579331e-08 0.00016506189017143346 2.9462038534109166e-06 0.00013953682266720161 0.0016008351445329207 0.0007674753788572241 0.00012693031357596387 9.974509512218301e-06 2.9185358282593603e-06 0.0005846145279533236 3.9455560585885075e-07 0.0 1.797108232699119e-05 1.744174532247171e-07 0.0 0.0 0.0 0.0 9.741677389422872e-08 1.2139556116109186e-07 0.0 0.0004290186352188776 0.0 0.0015681716413406608 2.091494238407062e-07 0.0 1.4461306758482705e-07 0.0 7.345976201230261e-05 1.0598179877986322e-05 0.0 0.0 2.6525966746199716e-06 0.0 8.464932413439611e-07 0.00032567864005476964 0.00039085697257194136 0.0002148047627484191 6.999641046074779e-08 0.0 0.0 0.00026767614957780766 8.777264348147939e-08 0.0 1.7150150927416851e-06 0.0 5.491440351376682e-06 0.0002849241005337602 4.8427289896072034e-06 4.972677227064948e-06 0.0 5.3524453693196755e-08 5.25409860615405e-05 0.0
0.0029945146589678666 1.5106596899579513e-06 0.0005361927193486236 5.378317148221513e-06 1.2022404877565894e-06 0.00023100318351642607 0.004628615805262208 0.0031465092175609537 6.691974454284852e-06 0.0006757133942569713 0.0002457421942764812 0.00013508716657803206 8.927112154216698e-06 0.0 3.2929444655961207e-06 5.051089923927705e-07 0.0004792813266376362 7.996284352359524e-05 0.00017129482551781595 4.456301154605581e-05 8.915974623951962e-05 1.1422861081413809e-06 0.00030008376561134015 1.5393260641126273e-05 1.1023974406269095e-06 0.0001063887460612054 9.141991768955927e-05 7.607991614533528e-05 0.002048552643165179 0.0018722893579230992 5.344430302139143e-06 6.950488084282628e-05 1.6722617161357748e-05 0.0005307684144193559 6.092276307508171e-06 0.00017132530871894532 7.134471517761747e-05 0.0004674140344509285 4.8463297005362585e-05 5.844224757660594e-05 3.812552578532843e-05 4.064157761791462e-06 3.7268743228730937e-06 7.87146142306649e-08 1.042846451691203e-06 1.4648047413110943e-06 4.0383503142587035e-07 0.0 4.673399258687814e-08 4.947289794955942e-06 0.0 5.664719148223953e-06 1.0598286009922408e-07 0.0 2.5001893201543543e-07 1.9585580400543153e-07 0.0 0.0 8.464246760167418e-06 5.49945481024096e-07 2.0565476245553258e-07 1.7780380505561706e-06 2.978130119302196e-07 3.159715224362612e-06 6.491391428507471e-06 1.6677324643440304e-06 3.773646817258826e-05 1.1382141161286412e-07 5.923291137696225e-06 1.3065196815650372e-05 2.944668348448787e-05 3.3094814814021953e-06 1.766278498824629e-05 3.7997566665024347e-07 0.0 2.832110077819877e-07 1.3462957062344399e-06 1.562331863004063e-07 8.385664720379438e-06 1.1012283722867873e-07 3.139095809715704e-06 9.391197942327635e-07 1.394204831073482e-06 0.0 5.822437053549373e-08 0.0
0.0 2.0985299587672568e-06 0.0 2.142628978286757e-05 0.0016366519415477493 0.0007911775189911565 1.996602706567953e-05 2.6882603331727474e-05 0.0003069586163912397 6.34824015027493e-05 6.1036718304720525e-06 0.001005362872405872 3.278518380348836e-07 3.2929444655961207e-06 0.0 0.0 1.976971773110475e-07 1.2915669865605607e-07 1.5038480301851567e-07 0.00011827292104145903 6.046608523912783e-08 1.3688208821525545e-05 0.0 0.0003404226763772191 5.111489067428e-07 0.0 3.22872479570281e-06 4.166764788540863e-05 3.3370492729752856e-06 0.0 0.0 0.00034191816847906515 5.517796892882463e-08 8.933980295768811e-05 4.48159995388112e-06 0.0001336308903420717 1.5710545790945596e-07 7.387416986515795e-06 5.303232930753171e-07 0.0007890231566075719 0.00011159383795596041 0.0 0.0 0.0 0.0 0.0 1.985346832610809e-06 9.700399635588909e-06 0.0 1.2925643056611595e-06 0.0 2.3013209261457754e-06 4.775040500219272e-06 1.5309744998651387e-06 1.6712549542728448e-06 0.0 0.0 2.4427233390347233e-06 4.631405801528652e-07 0.0 0.0 0.0 2.6330294276393385e-06 0.0 1.131124960190528e-07 0.0 5.250988751771781e-06 0.0 0.0 2.865117048340003e-07 7.426978830346807e-06 0.0 0.0 0.0 0.0 0.0 6.091555163987605e-07 7.482115560053623e-05 3.7728567522765213e-06 0.0 4.303719664221663e-06 2.0933435413845767e-05 1.9510649790629552e-05 1.6010211156674855e-06 0.0 0.0
0.0 5.5051972140508445e-05 1.2799202332182447e-05 0.0 0.0 1.385017800275457e-07 3.7421626109403675e-05 4.6924516083092367e-07 5.7097707536536825e-06 4.82854173394198e-07 2.6224011108269257e-06 1.2518731188515762e-07 9.357832026715691e-07 5.051089923927705e-07 0.0 0.0 1.3282692334667424e-05 3.685070571833304e-07 1.0924954264729297e-06 2.5014629726892006e-07 0.0006643158714341523 0.0020514573762282977 0.0007254413544460644 0.0014486744875502125 6.4165428026846715e-06 1.0254477077828252e-05 0.0028364712906623455 0.0006933708590074987 2.7278012309040323e-06 3.6690136353660245e-05 5.318723819704397e-07 4.53219226932102e-07 1.2998025106321961e-07 3.361421426408773e-05 2.032070671706363e-05 0.0007282329720909361 9.573131464758541e-05 0.000245704097943512 0.0003034076633563772 6.947355711033606e-05 1.2695607225039326e-06 9.724673872050834e-07 1.0902717718319006e-05 0.0 3.256781030578199e-06 6.203834072691338e-05 6.491341223165874e-08 0.0 4.995736032247831e-08 6.537181287314983e-06 2.8126444966559824e-07 5.948152768954659e-07 6.411458518521222e-08 1.972387840617539e-07 0.0 1.090721179711085e-06 1.6179329004882265e-06 0.0 0.000987846173326668 4.008050378026593e-06 1.695378482307505e-07 1.892276070251735e-06 0.0 5.93684529476364e-05 0.00043503205105100735 0.0005359847643691511 5.630315000393124e-05 2.6067842311089474e-07 6.936249752767545e-06 0.0005693025850541393 3.384164327184983e-05 9.816568743687472e-07 1.1377229092224933e-05 2.659482013811645e-07 0.0 1.1689657387308225e-06 9.218201492775312e-06 2.5287604716394676e-06 7.27142509749792e-05 7.702416441906248e-06 3.456404834023009e-05 4.326646484412611e-05 5.75337447784278e-06 0.0 0.0 2.063300350803284e-06
0.00012944882427675647 5.671149173478618e-05 0.003166621104546187 0.0 0.0 2.0614654287300594e-05 0.0001836513163623566 0.0003687676357655733 3.5310193889909135e-06 2.497580717596656e-06 0.0004074461678021165 2.6935536147810794e-07 1.683240532454319e-06 0.0004792813266376362 1.976971773110475e-07 1.3282692334667424e-05 0.0 0.00020721672048509696 0.0023927964493196878 1.0925961721150787e-07 0.0002947576130373728 1.1558825412635045e-05 0.0021327020849566 1.7617738695958542e-05 2.1705117017305327e-06 0.0013123839727443725 0.0022542621749974717 3.44408369396457e-05 0.0004519383112590183 0.0007871318917321916 6.907597637468893e-07 4.164596527640079e-06 2.344502776851472e-05 0.0007976078033500465 1.2748090017997014e-06 0.00010784465339185773 0.001982806737948344 0.0003529607196663974 7.961992895500051e-05 3.800065910616129e-06 1.2908960368312822e-06 1.9711542668836884e-05 7.353936715148008e-07 0.0 4.8644252048786346e-05 5.7644530765077355e-05 6.893017066843416e-08 0.0 0.0 8.51711639991252e-07 2.568744752608945e-07 9.029315761025815e-07 0.0 1.708412543606795e-07 0.0 2.8390155414993215e-06 8.073625936354753e-07 0.0 9.30405154118075e-06 1.1856882763644552e-05 1.427844920211954e-06 6.72718062590255e-05 0.0 1.182938551365649e-06 6.332711059062856e-06 2.2394061934955465e-06 5.138858236043441e-06 1.9614216156754644e-06 0.00029010800721814895 0.00048585530894085666 2.591160205600017e-06 2.550196111947752e-07 9.347393820283453e-07 1.008659212881667e-06 0.0 0.0 1.946368799130517e-06 0.0 7.1090147533850295e-06 3.901752464008423e-06 1.1276278755505993e-05 4.159993798944867e-06 0.0 4.854130249224378e-07 1.1888219089821323e-07 0.0
9.289437451559569e-06 1.893068991240359e-06 0.00014673006800791646 1.6336002704554175e-07 1.5183968220614373e-06 1.6594716520266365e-05 3.608613883934484e-05 6.0973250171059934e-05 3.8099182815435316e-07 3.4761669512660116e-05 0.0018670703545478483 1.3646519530194375e-05 1.7915883713810703e-05 7.996284352359524e-05 1.2915669865605607e-07 3.685070571833304e-07 0.00020721672048509696 0.0 0.0002944815123110435 3.814273125214701e-06 8.372604224273753e-06 1.6881647716910124e-06 9.657565290549339e-05 1.5903091938709606e-06 2.5861267809106436e-05 0.0013303053653971446 0.0003045906336364407 5.944485095496217e-06 0.00015265360151343925 2.0275308409869256e-05 7.73255559707193e-05 4.388723766866534e-05 3.5622632587970424e-06 0.000829685395386799 2.699479612286995e-06 0.0004980228141511782 0.0006977025914350844 0.0016456306676576062 0.0003572856935579296 1.632097850967406e-05 2.5707086746893384e-06 2.57339174978711e-06 3.0015666311282454e-06 7.268362826922191e-08 2.2275634348805308e-06 1.000565711405193e-06 0.0 0.0 0.0 0.0 6.718107662872674e-08 1.1527763987654254e-07 0.0 5.640512415615878e-06 1.1914128357174936e-07 4.6800385705300854e-05 5.410905716510993e-08 0.0 3.526000183116499e-07 2.434659953063003e-07 3.600116428508457e-05 3.512093046691688e-05 0.0 5.704301651707035e-08 3.127971695904486e-07 8.622190250720982e-07 9.182109481015982e-07 1.3406511947554599e-05 0.00012560417498712266 0.0001165488283378433 3.24243452310741e-07 5.920354795130582e-08 2.3651192792805596e-07 2.8910413503453743e-05 0.0 0.0 5.890774377675622e-07 2.9319327733057157e-07 1.6560194849970072e-06 4.88145280464421e-06 1.8729539015701428e-06 1.5745467379128592e-06 0.0 0.0 6.045508934529294e-08 0.0
3.793936570311438e-05 1.7316489232348645e-05 0.0004998306982416373 2.9505010109905847e-07 5.068176873029228e-07 9.275445245956517e-06 3.9279420839186824e-05 0.00013686136466302572 8.742984341109432e-07 9.136551706410283e-06 0.00014236161986345492 2.864223435610671e-06 1.7283015359851855e-06 0.00017129482551781595 1.5038480301851567e-07 1.0924954264729297e-06 0.0023927964493196878 0.0002944815123110435 0.0 1.0361187665123978e-06 2.3279323637129467e-05 3.0347609091536472e-06 0.00037426512646507884 2.726093456168469e-06 4.228354570197674e-06 0.0014167285404104062 0.00044324492391630173 6.445448651313641e-06 0.0001992628307848624 9.378177521557849e-05 4.530132033066896e-06 1.35817628595012e-05 1.1707390864936439e-05 0.00139712070987644 2.1299639736044863e-06 0.0003716480776248266 0.0007622951761951148 0.0011315496271237788 0.00019861761485834875 6.782856860516151e-06 1.429896008621627e-06 3.269747561457925e-05 1.9034482949485836e-06 0.0 1.5234119468267954e-05 4.747668836737163e-06 0.0 0.0 5.016003358836158e-08 3.9562116033285114e-07 4.3087344925290986e-07 0.0 5.4694761766447736e-08 8.938735353014581e-07 0.0 7.914413294036614e-06 6.743618175070653e-07 0.0 1.1447843359496193e-06 3.2958814588291533e-06 1.4084210298871319e-05 0.0001306830401076658 0.0 1.89753799046202e-07 1.2133514342159465e-06 1.7309965156010722e-07 1.0994687597660025e-06 4.946717142203379e-06 0.0002207806768613191 0.00026809444721270667 3.4847076756882834e-07 1.5539786412872832e-07 2.386087170589544e-07 5.41457100290565e-06 0.0 0.0 1.4011994708359112e-06 0.0 3.6452578629986183e-06 5.568044277605039e-06 5.311832027740292e-06 1.313089130980429e-06 1.6919679071693042e-07 0.0 3.7176161460238873e-07 0.0
3.2234600610673175e-07 1.3674076606931143e-07 2.0785128850162457e-07 0.001520499299457539 7.300013625652371e-06 0.0001375681329235555 1.44861974503177e-05 4.720732344993817e-05 0.0004524936287077434 0.002942817596126993 2.760757691154411e-05 0.003492345641750581 1.013531144620587e-06 4.456301154605581e-05 0.00011827292104145903 2.5014629726892006e-07 1.0925961721150787e-07 3.814273125214701e-06 1.0361187665123978e-06 0.0 1.0695899208365537e-07 0.0 1.3540865742238695e-07 0.0003075477941010868 1.2333596681307376e-06 1.031346875846799e-06 1.045117654332821e-06 0.0011154534385264946 4.384288234664187e-05 5.976937524147738e-07 6.399086520913754e-07 1.6411998291426343e-05 0.0 2.4756293787227515e-05 1.4663382603901566e-06 0.00018989264442096116 1.621661744381281e-06 0.00010343509920045063 8.242764247858986e-06 0.0003862791799882279 2.4683812647419237e-05 8.542226424408577e-07 4.858965936094754e-06 0.0 0.0 0.0 7.131654610007668e-05 0.0 2.526542781577826e-06 6.987607636140129e-05 1.7577772460421278e-06 7.587627168329948e-05 0.00012085001714848487 0.0 7.249002338551612e-05 0.0 1.8838334106449749e-06 1.6633301196435267e-05 6.863696993345428e-08 0.0 0.0 0.0 8.693739180133512e-05 0.0 3.270747101682877e-07 0.0 0.00016450825400873611 0.0 0.0 3.87609011530303e-07 0.0001853551241829149 2.4285416814190916e-06 1.9185760306455393e-07 0.0 0.0 1.5063962977805702e-07 1.0418282034313306e-06 3.9570063800667246e-07 1.5002179495162768e-05 0.0 2.75659206925967e-06 3.2665603997048295e-06 8.577506198443096e-05 1.2258884818839198e-06 0.0 0.0
2.677477454750103e-05 2.617214548680377e-06 0.00030123895508903846 1.120998111578468e-07 0.0 6.958056481392136e-06 0.0004517494800793766 7.694374353163639e-05 1.3638222142669608e-05 1.4353700772009912e-06 3.3484139893409424e-05 1.5280501619202838e-07 9.410302961356502e-07 8.915974623951962e-05 6.046608523912783e-08 0.0006643158714341523 0.0002947576130373728 8.372604224273753e-06 2.3279323637129467e-05 1.0695899208365537e-07 0.0 7.263686248633551e-05 0.0071024723003212395 9.907335239106379e-05 1.04330347430387e-06 2.0317491037983487e-05 0.0009338450141436838 0.000961339302266848 0.00015668696865878655 0.0057646636931403305 1.7979787960175192e-07 1.278966000234004e-06 2.0255588032746646e-05 0.0014459185164755971 0.00010512558613859517 0.003172704206728442 0.0005651663486422947 0.003940617715466277 0.0016684553285910809 0.00035822181657838183 1.050850727418365e-05 4.269118831959984e-06 5.605549846552787e-05 2.0269338652093969e-07 2.6481073083540573e-07 8.031916043123051e-06 0.0 4.3332870991296986e-07 4.09716591044307e-08 2.376174784258396e-06 2.3111850745378975e-07 1.6771579166132097e-06 1.7880356743150538e-07 4.3007577723732834e-07 1.4297163012194432e-07 1.7319013667807208e-07 9.461414463170225e-07 0.0 0.00044941250575674226 1.8639420851042373e-06 6.885621789225048e-08 8.19287998558985e-07 0.0 0.00013170968183053036 0.0001932683486883844 0.00011362367399022225 6.0696164195702515e-05 0.0 3.2415140751609804e-06 4.2202727376130193e-05 6.42915400910933e-05 6.762503980791654e-06 8.027498761948412e-05 6.272529481026398e-08 0.0 2.441563306886068e-06 8.75256856007121e-06 1.0679145716674745e-05 6.206814075808691e-05 6.9211272609107145e-06 1.9253849849510376e-05 1.2842893034045786e-05 1.8633460583770688e-06 2.690100226498815e-07 0.0 3.6299241236967854e-07
1.8694796341799423e-07 0.0018130245010874828 5.290574904382376e-05 0.0 5.286778707559501e-07 1.9639212872722844e-06 0.0001030130912753044 1.1921931938204083e-06 0.0017660108336044155 1.8060439684369773e-06 4.4680121896506485e-05 1.4449946952923279e-06 0.00012373595096004536 1.1422861081413809e-06 1.3688208821525545e-05 0.0020514573762282977 1.1558825412635045e-05 1.6881647716910124e-06 3.0347609091536472e-06 0.0 7.263686248633551e-05 0.0 0.0002212873272424012 0.00467743378853343 0.0003782516325952449 3.918440106234572e-05 0.004959804700166319 0.0003553871710807599 2.8533467486612524e-06 3.919081867563871e-05 1.4709399834384952e-05 0.0 1.0720249915570931e-06 1.2478493085663593e-05 8.791579800688875e-08 4.464113284018163e-05 4.03822966704974e-05 3.5229874329490716e-05 1.6174855520290747e-05 1.9950545844336646e-05 2.170037030246248e-07 1.304038741488766e-05 6.658499523009765e-07 1.2231910844034217e-07 2.253480783600095e-05 5.707430931013385e-05 1.0493062621117955e-06 0.0 1.9483926519123928e-07 4.186365629209195e-06 2.9270643567107283e-07 3.442760519866397e-06 2.936473469143271e-07 1.2042763836602845e-06 0.0 3.3961969058824164e-06 1.0204383793473583e-06 0.0 0.0006692522395383066 2.844167556672698e-06 0.0 4.004059168872551e-06 1.0309636096550686e-07 5.8513010323094864e-05 9.76454604187445e-05 0.00022644986477390837 5.311843323942151e-05 2.66971933727584e-06 1.2417465212662241e-05 0.0008996864453331741 3.0694584263539636e-05 9.49073188009722e-07 1.1344326717449839e-05 1.3248616367681316e-06 0.0 2.745916015021607e-07 4.617634002765366e-06 9.177022224573105e-07 4.2939704564160104e-05 7.278659249465648e-06 2.1915475823913446e-05 1.3687134292461721e-05 3.5553508110309674e-06 0.0 5.23833910014478e-07 5.704191769770748e-07
7.958723290338887e-05 6.2951229666248975e-06 0.005308549727615637 0.0 0.0 1.5890798675706105e-05 0.0007219486681290188 0.0002633498239344037 3.064412653614623e-06 3.3652279411223658e-06 5.2600458107966706e-05 2.9572070816918025e-07 9.449416310552731e-07 0.00030008376561134015 0.0 0.0007254413544460644 0.0021327020849566 9.657565290549339e-05 0.00037426512646507884 1.3540865742238695e-07 0.0071024723003212395 0.0002212873272424012 0.0 0.000340823008111479 4.811747046150334e-07 0.0005641829337262473 0.005750547916390783 0.0010948707483438964 0.00019645875582795369 0.003769666786054584 1.4990438602569841e-06 2.8090185044113543e-06 9.586143943921108e-06 0.001335713543304212 0.00012405333267429512 0.0044242293402834715 0.0038060330111466608 0.004108557885895201 0.0036831875379619745 0.0004912894148421785 3.1241761832448933e-05 1.850136415060835e-05 7.997003814540164e-05 0.0 6.349279460907635e-06 0.000185475946887268 6.082807191222191e-08 5.591877107471597e-07 4.821400062600537e-07 1.3535832541240302e-05 1.024531508424928e-06 5.679127099486655e-07 1.3751798248827364e-07 2.466862714092851e-07 0.0 4.274026816062304e-07 1.4556417621057825e-06 0.0 0.000961894396090047 5.577487063037401e-06 4.103015371753768e-07 3.93211694336527e-06 0.0 4.026218551905861e-05 0.0003065989364803375 0.0006870632609259609 7.36212122189135e-05 3.8426798465058714e-07 2.107691841078258e-05 0.0011194500105927948 3.804809865320217e-05 9.948115170402412e-07 9.511897362536283e-06 5.4254286895973395e-08 0.0 2.2931178507412414e-07 8.841845993164039e-06 1.310147518393957e-05 0.00010928444317156307 9.208165718346962e-06 4.815034945075351e-05 4.783732656118132e-05 1.9262037466751836e-06 0.0 4.2474942555529036e-07 2.8576441141464762e-06
2.7201133993679672e-06 0.0004828093714332893 2.2479634906856798e-05 0.0007269860522410969 1.6230482880928323e-05 7.198789505807341e-05 0.0008894597727666449 1.096913739860152e-05 0.006355733922018383 0.0003161970042929911 1.7130054653199427e-05 0.0003156923628378419 3.807429454916514e-05 1.5393260641126273e-05 0.0003404226763772191 0.0014486744875502125 1.7617738695958542e-05 1.5903091938709606e-06 2.726093456168469e-06 0.0003075477941010868 9.907335239106379e-05 0.00467743378853343 0.000340823008111479 0.0 0.00011172221804651375 3.350801756927436e-05 0.0021809791117167548 0.003557810602176392 5.5284045766085096e-05 9.167707670667376e-05 5.742202461051488e-06 2.2167887487068015e-06 1.1085137183025381e-05 6.0010801282871546e-05 2.4038823622868938e-05 0.0006557943377650006 0.00010858590308525857 0.00021181314905675572 0.00010702177467954686 0.0005679293635532872 1.2429472370670375e-05 2.9416519807246905e-06 4.660560513107797e-06 3.7747090252234e-06 5.826427943144879e-06 1.9892272993305647e-05 0.00011849785520565334 0.0 1.1681924012905153e-05 0.0003819653736011664 5.794215468305453e-06 0.0006430539641309023 0.00021964349314437497 3.1884415465442335e-06 5.4343668154790655e-05 4.2937931903640644e-06 1.3139881969954849e-05 1.540604780302786e-05 0.00042247914859775895 3.6094955702001146e-06 4.52349904501861e-07 2.4732410332358144e-06 0.00013898970199511274 0.00017321116701804988 0.00048503104741019374 8.634492027842e-05 0.0018181530058809592 1.5286834268425398e-07 1.1205545912766127e-05 0.0001108961120047114 0.0012544374171627164 5.946347576220867e-05 0.00028862832690362925 8.395600723241674e-07 3.188452269080764e-07 1.143028633593323e-05 5.199963308227728e-05 7.449022752259737e-06 0.00028485510775656873 8.041652876313028e-06 0.00010046557205903925 4.218621336083875e-05 9.575629116591389e-05 4.738119234050406e-06 1.4530892747976083e-06 8.124608536723938e-07
