0.0 0.0 0.00012750169004123113 1.2152807653552296e-06 0.0 2.052139600312059e-06 0.0013487012000424842 7.446189823085626e-05 2.1645132713040376e-06 3.097928865229027e-05 2.0359943050961125e-06 1.1287953061024578e-06 0.0 0.00277092593889798 0.0 0.0 0.00016766840528264208 2.1058468876425478e-07 3.0495678171765935e-05 2.100695191112972e-06 1.1228777675104717e-05 0.0 8.905291485261135e-05 3.510124027571989e-05 0.0 2.0919339615507582e-05 1.3103725707783192e-05 2.98898839638419e-05 0.0030413997688853145 0.0018248377379323048 0.0 3.973537230242385e-07 4.449471233874004e-05 5.278801757314419e-05 5.222744285537574e-07 1.1308524756036903e-05 7.93000209742203e-07 2.102938962924524e-05 6.903921266540667e-06 7.248116155902073e-07 2.2001425287730595e-07 0.0 6.671524729763292e-08 1.1867211630880396e-07 0.0 1.6464387410813783e-07 0.0 0.0 0.0 3.6311874301350382e-06 0.0 6.10574685583191e-07 0.0 0.0 0.0 0.0 0.0 0.0 2.0862310143159695e-07 0.0 0.0 0.0 0.0 7.85751185354525e-08 4.2432542803383433e-07 2.9810321040741014e-07 6.800894064947876e-06 0.0 0.0 1.6357790149563904e-06 5.554045058753591e-06 7.276128670070988e-07 7.281177542521012e-07 0.0 0.0 1.6394596930555371e-07 1.9077639096920967e-07 1.03797177705998e-07 3.5233817644572427e-06 0.0 1.6604088856286028e-06 5.291437917037373e-07 6.806718222024785e-07 0.0 0.0 0.0
0.0 0.0 1.2505215567759247e-06 0.0 0.0 1.2605453083172893e-07 5.561812856725861e-07 5.934634202677497e-08 0.00043847645078697137 9.306447233149686e-08 3.6430459200609864e-05 1.314668680611442e-07 0.0004501030504143125 0.0 2.3047961893990626e-06 0.00013995202826300597 6.292034828920723e-07 1.0201458686491495e-06 2.1616834966939604e-06 0.0 2.2650834987281444e-06 0.0007523203006363566 1.4303554279435438e-06 0.00015409611047863814 0.0010921136033768659 0.00010121317941194723 0.0020235110954739317 1.1068542426424721e-05 5.0973161153881333e-08 0.0 7.641742452957341e-06 0.0 0.0 7.662971228471494e-07 7.4223396712967e-08 7.4392868815730155e-06 8.783503001966478e-06 6.923743436031126e-06 1.4270662582202219e-06 1.1940211784954436e-06 0.0 4.0636687751225065e-05 1.8511820805064702e-06 0.0 0.000224360006290262 1.1027477078873327e-05 0.0 0.0 0.0 2.590792279967475e-07 0.0 4.022096072050299e-07 7.850927099949657e-08 3.4425902023386875e-06 0.0 2.9057109118565644e-05 8.665197817445664e-08 0.0 1.144004069673076e-06 3.526221163951787e-06 4.708325439467216e-07 1.4821955316199112e-06 0.0 5.9398808447201076e-08 0.00016579602536610362 9.505804986593291e-07 7.609120970053817e-07 9.238456639602156e-05 7.010724256492619e-06 0.0007120420191818345 3.96244909974094e-07 0.0 0.0 1.7612033959253739e-06 0.0 0.0 5.698113759857678e-06 4.0733265240488325e-07 5.516364906446513e-06 8.800958782497979e-06 1.072097193009303e-05 1.03933006828705e-06 0.0 0.0 9.13768296320802e-05 0.0
0.00012750169004123113 1.2505215567759247e-06 0.0 7.960050554725629e-07 5.541011207883843e-08 4.048878732101071e-05 0.0006742189592261371 0.0006267945069605218 9.364731308638725e-07 1.9035324125248153e-05 1.6270600159019048e-05 5.558965077101786e-07 3.6930712087537864e-07 0.0006612423709896381 0.0 6.935105434584098e-06 0.005200950026793969 1.1493483982523088e-05 0.00039338159574621396 5.315467618135504e-07 8.85386992457332e-05 5.192597126489873e-07 0.008524539921858497 4.069365714218117e-05 0.0 0.006696553847613833 0.0021252789991968854 0.0001285272193761173 0.00018612370108890593 0.0007660920709769091 4.853851935311092e-08 1.9950022992375795e-06 7.85449404771941e-06 0.0009388912268585441 3.239472269030574e-05 0.0011198490847304666 0.0006042112871051337 0.002030384262181289 0.0007159727722263709 1.14120623217964e-05 3.9155628534417235e-06 4.5353658628757375e-07 2.587370155773133e-06 8.035159030772668e-07 7.582605063181813e-05 0.0005007293172593521 0.0 0.0 0.0 1.172429198868227e-05 1.0187549135882203e-06 9.904283148003124e-07 3.9200594098227517e-07 1.2147867257833641e-07 0.0 1.708143256684554e-07 3.1945503250941867e-06 0.0 7.801316971074724e-06 2.761185099032325e-05 5.274405129859414e-07 8.027590411894892e-06 0.0 1.1949991019033386e-06 9.306801787314282e-05 1.9474205611298265e-05 4.886137715131274e-06 3.065408915520969e-07 0.00011108203293920631 0.0012713083881028175 4.1533994781614325e-06 6.318024140387797e-07 1.998248975224115e-06 1.391135147679946e-07 0.0 1.5176442410469447e-07 1.879137829823292e-05 1.361068028571065e-05 3.083001051267189e-05 4.139702714746891e-06 7.249250435173729e-05 1.0262717480980468e-05 4.455246589235454e-07 0.0 1.2522902400433622e-07 0.0
1.2152807653552296e-06 0.0 7.960050554725629e-07 0.0 2.0136314772950294e-06 3.055920430933164e-05 2.944637774460206e-05 2.628506279357809e-05 0.0003713484013800969 0.0022641779773512724 3.4308256573624725e-06 0.0008444976748463015 4.744636002565686e-07 4.71515738198897e-05 3.2011359156044195e-05 1.707719564071623e-07 4.1409379509657013e-08 4.236775916679084e-07 4.619855617527556e-07 0.0029539504162565513 0.0 0.0 1.4083450927732234e-07 0.0013428212439993746 6.126189334299055e-06 9.64124307319912e-07 2.833939852966263e-07 0.0021880037416912735 8.576896750593314e-05 2.1216817080288086e-07 4.5219508460792375e-08 4.598645469404873e-06 2.316997972850715e-06 2.6361015612523492e-05 4.313279920430906e-06 0.000184943090592531 6.0713075767567496e-06 6.455068333551473e-05 3.8298590197439117e-05 4.391362828085931e-05 1.3179701529067548e-05 6.500978117931529e-06 2.148689053300971e-06 1.062401926803192e-06 2.1384342789050845e-07 0.0 0.00011425728049443316 0.0 1.809913234560958e-05 8.725684278841354e-05 8.889320962790393e-05 4.4809554727925064e-05 0.0002173757518243016 5.534977119226432e-06 4.61416415535365e-05 2.082067601948584e-07 3.3923713736573384e-05 1.3968139832794738e-06 9.925680961237178e-08 0.0 1.8040160755360602e-07 0.0 2.1278903318296684e-05 0.0 1.2629019479162874e-06 0.0 0.0003061300434957596 2.2013294026016791e-07 7.328882006509175e-08 6.709678518644469e-07 0.0004992515876082265 1.4324716006591225e-05 3.409677443119795e-06 1.400134982118641e-07 4.635789337354287e-06 3.789054517910816e-07 1.4820216298370559e-05 1.6453318647234681e-06 2.0397396796990066e-05 1.519981312366187e-06 4.150714292819956e-05 5.4799616200886676e-06 2.47748916108405e-05 2.638727799759556e-06 1.5646752472194084e-05 0.0
0.0 0.0 5.541011207883843e-08 2.0136314772950294e-06 0.0 0.0006887071030142161 3.447054493939644e-06 3.5630793430710655e-05 4.554087236636135e-05 8.68930597105397e-06 5.1623325270108737e-05 8.452328855839273e-05 7.1511665142022e-07 0.0001273997382969173 0.0008791360856713399 0.0 8.862154292181742e-08 8.982958417417711e-07 1.0384562173746859e-06 1.1459844755036943e-05 1.7496717958517387e-07 7.632551101989075e-07 1.8922001529977173e-07 1.3039177608112272e-05 0.0 1.3474208261724938e-06 4.6811599078093314e-07 4.8590262351258335e-06 3.299743234059013e-05 3.438719633213467e-07 8.195394722438971e-08 4.6812078367319224e-05 0.0 0.00022472583443825303 2.621055362309877e-06 0.00010229291735921317 9.316636954456149e-06 0.0002489238857854605 8.78002494873637e-05 0.0016274501767536333 0.00014889206148961122 4.769553953461923e-06 5.389330347106634e-06 4.863980066875676e-07 0.0 0.0 0.0 0.0 3.713093421345112e-07 2.1807436162313035e-06 3.095412341984346e-07 9.988169855500346e-07 0.0 0.0 2.1023075734323074e-07 0.0 5.691149227870987e-07 0.0 0.0 0.0 0.0 0.0 0.0 0.0 0.0 0.0 2.3996468887204643e-06 0.0 4.587455268998922e-07 0.0 3.004712307275398e-06 0.0 0.0 0.0 0.0 0.0 1.0573862197500469e-07 3.507327523064645e-07 1.1562412371142205e-06 6.235405142568969e-07 1.1431879680675148e-06 0.0 3.1082690495829547e-07 3.129792180350409e-07 7.244442591211266e-07 0.0
2.052139600312059e-06 1.2605453083172893e-07 4.048878732101071e-05 3.055920430933164e-05 0.0006887071030142161 0.0 0.0016879511575017166 0.0029338575382686907 0.0001646398028662122 0.005953192623757394 5.31518860375454e-05 0.0034511656688043573 1.837608214675299e-06 0.0005886830257033046 0.0014367255258866856 0.0 4.132373963805754e-06 4.510309583096005e-06 4.8158683483617854e-06 0.00037416485055912207 6.804997330024685e-06 3.036168084506253e-07 7.39279438054746e-06 5.5191750011149954e-05 7.731614213089694e-06 1.9230289771893784e-05 3.838596229196962e-06 0.00023402297739919578 0.00032044905304417495 8.59118609130905e-06 9.52057473608217e-08 0.0002191037302581657 3.4802122172683077e-06 0.00017247897133011053 1.727323041103486e-06 0.0002143670583916967 1.3747049449006366e-05 0.0002093585356576489 4.274087066511735e-05 0.0017362102111550138 3.59304250171236e-05 1.1370306757634659e-05 2.3125069592901823e-06 2.0103776256624088e-07 0.0 1.2462384246112916e-07 1.1833375951777471e-05 6.686304510512511e-07 5.731899355879771e-07 1.6639806945324747e-05 8.297285129622936e-06 1.9316332241171118e-05 1.5586823248042622e-05 1.2831954292179542e-06 2.2509672389892134e-05 1.0993020973640315e-07 3.478083290940127e-06 4.039775106701123e-07 2.314607666291823e-07 0.0 0.0 9.768622909252195e-08 1.0151230774760181e-06 2.6856170517758317e-07 2.0082483625181875e-07 2.511407301906347e-07 5.2249663945861446e-05 0.0 1.205681123785803e-07 7.258718026549984e-07 4.2554097808727513e-05 1.8423581592281598e-06 2.8394213912478656e-06 0.0 3.364610219441924e-07 0.0 3.940538359609436e-06 0.0 5.109424392117008e-06 2.2344453021645942e-07 3.0054925123453173e-06 4.1939001499595574e-07 3.548437055755117e-06 6.022125830292008e-08 4.502021338442069e-06 0.0
0.0013487012000424842 5.561812856725861e-07 0.0006742189592261371 2.944637774460206e-05 3.447054493939644e-06 0.0016879511575017166 0.0 0.0022490963318410845 0.00013705117935806005 0.0069211895046863104 1.3983102577874937e-05 1.999118316828682e-05 8.345852790885657e-07 0.004244003807994596 1.478978953075447e-06 1.4642205784500292e-06 6.243831373066585e-05 2.3314797409637556e-06 2.0960684333659512e-05 1.7879567083158697e-05 0.000531187496313772 8.283717407023463e-07 0.00031611891041768346 0.0010343055226574673 6.473366261087198e-07 0.00020386692526943697 3.0458051829482403e-05 0.010567622702642348 0.001178534501840789 0.0016814486520877873 4.2713772848127825e-08 1.5367577935203096e-05 0.00010635470718335417 0.0002813187023485934 5.34407208210269e-05 0.0012088204766505545 3.212170053762332e-05 0.0006578827304396222 0.0003080177494976822 5.611060563120608e-05 4.5033139754363024e-05 5.0164080075974105e-06 1.0531200235745908e-05 1.6179749519946343e-06 7.271075440978704e-07 4.352195949639482e-06 8.62989779765642e-06 7.63033192360616e-07 4.474603912318272e-06 5.507736161643384e-05 3.7159213398059214e-05 4.183121700939581e-05 3.362782684893463e-05 2.1253725565079665e-06 4.607729690905938e-07 0.0 1.7339815435000242e-05 7.661871157994234e-07 7.551834452151221e-06 1.1643086915313928e-07 3.725115923475972e-07 0.0 4.847000870058628e-06 7.878854568068295e-07 5.779620294565579e-06 1.1595989309627089e-05 0.0001262861708796789 1.6981207462370783e-07 5.504859643922844e-07 4.9737717602831346e-05 0.00016152547289251988 1.048610408616002e-05 1.0448562658129177e-05 4.500612085483624e-08 2.1569991763533765e-06 7.947531248934743e-07 6.114132553813965e-06 9.551451380097315e-06 3.4781102120604925e-05 1.0250874322408152e-06 2.4603198012253636e-05 5.702999426630766e-06 1.2229341868238551e-05 1.6939211517726255e-06 1.0092587111537262e-06 0.0
7.446189823085626e-05 5.934634202677497e-08 0.0006267945069605218 2.628506279357809e-05 3.5630793430710655e-05 0.0029338575382686907 0.0022490963318410845 0.0 2.086584696786007e-05 0.0033610737612596395 2.5183276615676185e-05 0.00034291638716351075 7.461899008159873e-07 0.0049942040901425 7.644214921396112e-05 6.899662498623326e-07 0.0001400675584860663 1.8128330371698775e-06 3.551949900617812e-05 0.00023670074573660656 9.921316048307346e-05 5.0824434905650875e-08 0.00016790131910295918 0.00016170046500381413 8.131571231224995e-07 0.0001570182415297965 3.8796609730422143e-05 0.00015034280307452222 0.000708771857408174 0.0005898939110193287 1.3892823299621695e-07 0.00017743303318022515 9.404393099816011e-06 0.00010420882183070852 5.229137387144968e-06 0.00015661850726787855 1.0239193655609196e-05 0.00013945633501224577 5.138690177539297e-05 0.00045387390624899846 1.8386991552412317e-05 3.3154013153533803e-06 3.5912657377887807e-06 2.0130628842247643e-06 1.9600249089438398e-07 1.659309170272601e-06 3.9691509335211136e-07 0.0 1.3720458056900286e-06 3.606518479283391e-05 9.758511384182833e-06 1.2247834990920778e-05 3.831463874956946e-06 8.600438636626455e-07 9.327780062854147e-07 5.4389544831356094e-08 6.452606249297683e-06 0.0 1.376809933127038e-06 2.3762273188969192e-07 0.0 5.720138764830993e-08 6.382223474370667e-07 1.5386415726865224e-07 1.0842059328602353e-06 6.968357924034644e-07 5.6596385027641346e-05 4.413263238582013e-08 3.2700354237124664e-07 1.0063536259413672e-05 5.1162034812459924e-05 4.5254684978926004e-06 1.257023923337441e-05 0.0 1.2643434656548045e-06 2.6824255733484873e-07 4.904754837371093e-06 8.145196941099127e-07 1.084066865178076e-05 1.030659445900827e-06 8.797707727902918e-06 3.1925478109515406e-06 4.435923588439392e-06 2.675157046579844e-07 7.805701126085301e-07 9.102241891450813e-08
2.1645132713040376e-06 0.00043847645078697137 9.364731308638725e-07 0.0003713484013800969 4.554087236636135e-05 0.0001646398028662122 0.00013705117935806005 2.086584696786007e-05 0.0 5.680018492703121e-05 4.1624665659769484e-06 0.00042028153737925405 4.672033434932588e-05 2.190485891339668e-05 0.0006432289087521902 9.591862028655953e-05 1.471687423967851e-06 5.120314720076466e-07 2.4136006464351006e-06 0.00019492637911959528 1.2718495806280315e-05 0.002186955210368894 5.304800950671245e-06 0.004859432129368726 0.00010926488744124895 3.783445425930185e-05 0.0007148725462755567 0.0007130083585708287 3.127378505348172e-05 4.1522401866377105e-06 1.9213456211403897e-06 2.8506570069036514e-06 1.92770869852659e-06 2.0841824874411203e-05 2.5680239146702635e-06 9.186993608439326e-05 3.1930246326338476e-06 4.6755462534357666e-05 1.0910635707848504e-05 0.00017718295830805632 4.5628941161211e-06 5.885440169749358e-07 5.080416297325371e-07 4.801806564224184e-06 9.805939450338126e-06 2.5949150547473424e-07 7.115100539956502e-05 6.168587722857599e-07 6.425103484240099e-06 4.408028794039431e-05 5.745987949475899e-05 0.00028284117381516933 8.718407652745244e-05 2.4193034655333517e-06 3.537852987299375e-05 2.565607775785467e-06 2.6313372269663582e-05 4.693271981040754e-06 5.552156149732635e-05 5.5392696492908113e-08 3.0458534128086415e-07 4.2442453615380893e-07 9.9374165986106e-06 5.172018409595312e-06 3.3770244221534153e-05 3.5495273329398916e-06 0.0008514236487037815 1.7911595436675602e-06 1.8488811034192406e-06 2.3982159708024104e-05 0.00048427750947368896 1.601490608965618e-05 1.2571026899651842e-05 5.114220912470626e-07 1.3733754675536395e-06 2.356523697669652e-06 7.352732367709814e-06 2.576701771279273e-06 2.8368849947584702e-05 1.3444061358950315e-06 2.443270771093842e-05 4.5774424420126166e-06 2.4629883244237488e-05 1.1567208521730388e-06 3.4949380378911836e-07 1.2704195830964199e-07
3.097928865229027e-05 9.306447233149686e-08 1.9035324125248153e-05 0.0022641779773512724 8.68930597105397e-06 0.005953192623757394 0.0069211895046863104 0.0033610737612596395 5.680018492703121e-05 0.0 3.7776416429287956e-05 0.004872369847793035 3.451121686750708e-06 0.0009430060185966836 8.419600383686524e-06 0.0 2.6357469448500074e-06 4.86218312767126e-06 4.544427239462738e-06 0.004922039965969851 2.7192888918412214e-06 0.0 4.2003943915663e-06 0.0003559844470473182 2.582396129705024e-06 1.2547041087148227e-05 4.62272150833591e-06 0.0011515918333027363 0.0006791273697293554 5.857557132059737e-06 4.798880994738881e-08 4.9512821106257026e-05 5.1010364938475565e-06 0.0002661937196520149 1.3596047920555936e-05 0.0006867294883561605 3.205640982448146e-05 0.0004878221464647027 0.00013959322976965093 8.683236942857802e-05 6.864331862255981e-05 3.6516225755312126e-06 1.0783100145631222e-05 2.3832926284396174e-06 0.0 6.764948712946747e-08 2.6514281423417936e-05 6.135768148189617e-07 9.635016812685279e-06 7.880640676806483e-05 7.116661732461423e-05 3.204792704293671e-05 9.986403070118077e-05 2.9745455762868988e-06 6.900354648264866e-06 1.5377596272060498e-07 3.6969321138213696e-05 3.332711163013163e-06 1.8096351189662768e-07 0.0 3.1317771983641585e-07 0.0 8.896265402601945e-06 4.826982069560235e-08 3.3529211285809125e-07 2.918814493165453e-07 0.0001266098466026862 0.0 3.988382067742076e-07 8.870597025567041e-07 0.00020787651082586282 1.3386720086474842e-05 2.726659792381016e-06 0.0 5.795371126943256e-06 4.897360659914052e-07 9.39198653587266e-06 6.038789877126285e-07 1.917407261929309e-05 1.1959903332058854e-06 3.311329389178631e-05 3.415865603149557e-06 2.1985996678472545e-05 2.1318110184495356e-06 2.8556260136805453e-06 0.0
2.0359943050961125e-06 3.6430459200609864e-05 1.6270600159019048e-05 3.4308256573624725e-06 5.1623325270108737e-05 5.31518860375454e-05 1.3983102577874937e-05 2.5183276615676185e-05 4.1624665659769484e-06 3.7776416429287956e-05 0.0 3.769819699215252e-05 0.0006900914836786435 3.546149969766836e-05 9.318530215726116e-07 3.176242315775716e-06 2.107827429664e-05 0.001612167928771679 0.0010902101538719756 2.770661506934549e-05 3.7803032244218032e-06 8.893272034244277e-06 2.8177049288052604e-05 1.8797452350845763e-05 0.0004064734848560155 0.0010997562360456022 0.00025908749863544123 1.002526218693449e-05 0.00013498109616508032 6.040756121306808e-06 0.00018699965910411553 0.00016219784567731094 3.7252980494278907e-06 0.003253399499392085 9.388065418714032e-06 0.001044469226733341 0.00489682764477342 0.002334139229954161 0.0008982723328644418 6.388891211018287e-05 4.247192632959545e-05 0.0014553862381409266 9.659972102568459e-06 9.466136477400407e-08 8.702912683771198e-06 2.6574947062892984e-07 1.0292150286155252e-06 7.168370125689496e-08 1.2948684737234616e-07 7.165905426718135e-06 1.886213321095238e-06 2.462307489604549e-06 2.437300853580379e-06 0.00026871712235700503 0.0 0.0009042887677557233 1.607608680506146e-06 0.0 2.40594884497841e-07 0.0 1.976768459007896e-06 4.785976364075351e-07 2.8139823310210137e-07 8.847088364239687e-08 1.6248031650109467e-06 5.010297494648162e-08 1.0423113332335172e-05 0.00011734360580689576 1.5629877120887846e-05 0.0001611752351133515 8.383772690314919e-06 6.750472689011617e-07 5.383891064593963e-07 2.916565774185251e-05 1.4125555129445495e-07 5.446287846992084e-07 1.018928355910063e-05 6.914054413735422e-06 2.42484056015645e-05 0.00030068249887462735 3.8010238781586474e-05 1.178154601482007e-05 2.937003273266562e-06 6.611856486788751e-06 0.0002624524318138726 0.0
1.1287953061024578e-06 1.314668680611442e-07 5.558965077101786e-07 0.0008444976748463015 8.452328855839273e-05 0.0034511656688043573 1.999118316828682e-05 0.00034291638716351075 0.00042028153737925405 0.004872369847793035 3.769819699215252e-05 0.0 1.1872385052044594e-06 0.0003163589680696133 0.0009384547975287288 0.0 1.558431089326255e-07 3.2071878276880495e-06 3.791925409705165e-06 0.0031076605294129817 6.153056476233236e-08 0.0 1.3606020047716976e-07 0.00011256114349582762 3.0642412914612838e-06 6.474897562266822e-06 2.4458139412466988e-06 0.00012377414734353779 0.0002686302399527262 6.032260515125214e-07 0.0 6.800694721838606e-05 4.8117206418728196e-08 0.00016523657594340503 2.0508774480983444e-06 0.0002459195705586698 1.061740510160947e-05 0.00023781667628813589 2.8930241334420525e-05 0.000725251507323022 2.345236516210244e-05 5.222474224971728e-06 4.74800610698696e-06 0.0 0.0 0.0 7.259417306440664e-05 9.212873220386367e-07 2.9647513795214435e-06 1.354389358581882e-05 1.219952626065039e-05 9.763106024323748e-05 8.654813628808226e-05 4.2512009788828384e-07 0.00019369265588210048 8.73178012491645e-08 3.938803738694636e-06 7.5074528211852296e-06 0.0 5.708443926131023e-08 0.0 5.25036715480202e-08 1.685981464127239e-05 0.0 1.5161814343380296e-07 0.0 0.0002142059820328201 0.0 4.8405817494120906e-08 1.5982226095948714e-07 0.00019806225810031346 1.7209548382557976e-06 1.5190951273968544e-06 6.053329786277831e-07 2.4232298875446257e-07 0.0 2.0056868179519977e-06 0.0 1.4605746875902155e-06 2.327249214339218e-07 5.3739597800389025e-06 2.9794336190774885e-07 7.480108923467535e-06 0.0 5.7127402307316814e-06 0.0
0.0 0.0004501030504143125 3.6930712087537864e-07 4.744636002565686e-07 7.1511665142022e-07 1.837608214675299e-06 8.345852790885657e-07 7.461899008159873e-07 4.672033434932588e-05 3.451121686750708e-06 0.0006900914836786435 1.1872385052044594e-06 0.0 4.281171272898734e-07 4.702325317975304e-07 4.5557443609393285e-06 5.133714067604986e-07 1.1074709590367599e-05 4.284700812121707e-06 6.125787900833163e-06 1.1748103337798891e-06 0.0001257342260258947 1.0951124829053061e-06 1.1923133399474443e-05 0.0022422603748601957 0.00031583485606060654 0.0023605832863790007 4.558898595566869e-06 3.2295426451250345e-06 5.967429248351206e-07 0.0005342559671140872 3.885965641767601e-06 0.0 9.173305953702057e-05 1.1207501031441306e-05 0.0006411668881041676 0.0014364694145498418 0.0005390715900004373 7.750062982957032e-05 3.096256070193436e-05 2.543554097882276e-05 0.0005206985751714683 9.759965887644136e-06 4.272571883444074e-08 4.066570622141518e-05 2.3838689426515103e-07 0.0 8.597960915321871e-08 0.0 9.71662290582155e-08 0.0 1.5440569998370066e-06 1.1516553329563098e-06 0.0005112705841943458 0.0 0.002156896338874402 4.9947845532433984e-08 6.465551469955162e-08 6.382728405548197e-08 0.0 2.8381149477247986e-06 6.145180142952893e-07 0.0 9.191417599268804e-08 2.9025507412124116e-06 9.009869726185749e-08 8.651240673265399e-07 0.00035644906055399075 2.1316861193734537e-05 0.0003562319251373731 6.138158150881861e-07 4.4724480407068356e-08 4.539392059316979e-08 6.0702851877738106e-05 0.0 0.0 5.390566846385599e-06 1.3931056328137486e-05 5.3011671148968545e-05 0.00039999086015899126 1.7754340742699552e-05 4.513997532028378e-06 3.698742568501628e-07 1.5317297487491517e-06 0.00017880163933264257 5.403962371784263e-07
0.00277092593889798 0.0 0.0006612423709896381 4.71515738198897e-05 0.0001273997382969173 0.0005886830257033046 0.004244003807994596 0.0049942040901425 2.190485891339668e-05 0.0009430060185966836 3.546149969766836e-05 0.0003163589680696133 4.281171272898734e-07 0.0 1.891153628948838e-06 5.090464508301167e-07 0.00037654870820745306 3.3148171482022774e-06 7.61491802808363e-05 0.00025426588746741536 6.732663132287353e-05 2.5238047681555553e-07 0.00023926961075415132 0.00025845598207205073 5.1016811780546647e-08 0.00013416889274023812 5.4201872815257276e-05 0.00025458841087318756 0.004064456703179221 0.001884546677104013 5.759306809319927e-08 0.0006622249137855992 1.0932730917000037e-05 0.0001911685056431964 3.0681974338271044e-06 0.0001463332736455607 1.3037323175874126e-05 0.0001670680660008714 4.004995293429064e-05 0.00014337508994818708 1.9214758759576233e-05 4.308034969790584e-06 2.4263472627819733e-06 2.261062530257622e-06 3.5356725332424294e-07 1.2317451168878129e-06 8.963305713989288e-07 4.250852740385111e-07 1.9643471776679845e-06 6.130861382088209e-05 1.149586205753424e-05 9.179001666714064e-06 4.736266892773632e-06 1.3216446570214338e-06 1.1731703618335683e-06 5.5779474799987816e-08 7.878413577022841e-06 3.344301530163811e-07 7.472494947916631e-07 1.045088883052067e-07 0.0 4.4792195075423785e-08 1.5885954918908207e-07 1.604670656149425e-06 1.9572095405415903e-06 3.64462681117883e-07 7.746838097870018e-05 0.0 2.752040909265736e-07 9.128761139025398e-06 7.813374358927e-05 7.157989524875104e-06 1.4939199266596576e-05 0.0 7.955343440725596e-07 7.823145561041691e-07 3.5084659283328e-06 2.4386501569446244e-06 2.7590339457742936e-05 7.406821201715617e-07 1.971383981590508e-05 3.390278321898536e-06 9.529103452744989e-06 5.615930298128864e-07 4.168323950688484e-07 0.0
0.0 2.3047961893990626e-06 0.0 3.2011359156044195e-05 0.0008791360856713399 0.0014367255258866856 1.478978953075447e-06 7.644214921396112e-05 0.0006432289087521902 8.419600383686524e-06 9.318530215726116e-07 0.0009384547975287288 4.702325317975304e-07 1.891153628948838e-06 0.0 4.592375931690845e-07 0.0 0.0 0.0 0.00012411420986618423 0.0 1.3527774159539216e-05 0.0 0.0003576133251848586 3.149642360487906e-07 1.9211989890092817e-07 4.454916417989475e-06 1.8859642196397318e-05 1.2489746668712848e-06 7.867187260418613e-08 1.0964725131282381e-07 3.343616654650436e-05 0.0 2.220369939215091e-06 0.0 2.044518761036014e-05 0.0 1.1087431608160372e-06 4.2074917755147873e-07 0.000870200640402738 3.7130203981630716e-06 0.0 0.0 0.0 0.0 0.0 6.192221006120007e-06 0.0 0.0 2.687880748452817e-07 7.066659149929123e-07 1.0615905091372237e-05 3.9210511426883155e-06 0.0 8.202545078031946e-06 0.0 0.0 9.582155105685998e-07 7.06346437656225e-08 0.0 0.0 0.0 1.36375760496862e-07 0.0 9.754986252856743e-08 0.0 1.4625410976160302e-05 0.0 0.0 4.836687423772869e-07 1.0878984379617675e-05 0.0 0.0 0.0 0.0 0.0 5.527274824651988e-07 4.414045764753778e-06 2.6821757876438724e-06 0.0 6.37887561079121e-06 2.2996747495669682e-05 1.0321589911854854e-06 0.0 0.0 0.0
0.0 0.00013995202826300597 6.935105434584098e-06 1.707719564071623e-07 0.0 0.0 1.4642205784500292e-06 6.899662498623326e-07 9.591862028655953e-05 0.0 3.176242315775716e-06 0.0 4.5557443609393285e-06 5.090464508301167e-07 4.592375931690845e-07 0.0 1.490857372626186e-05 2.6643845346747944e-07 8.495571489546312e-06 0.0 0.0018344200027960874 0.0016429641778219302 0.002323695266606932 0.0007816878587632659 1.0430475245012145e-05 1.716975643394722e-05 0.0011569826437037294 0.0003754337855669424 4.263890768505975e-06 6.69524120292671e-06 1.1346536500075004e-07 1.302089114037623e-07 4.798800451772628e-07 4.202519915686366e-05 2.9358790706521928e-05 0.0012664516314842768 0.00024288071823337138 0.0003152135059306221 0.00020189454743084318 5.684993897886478e-05 3.369730654317462e-06 7.086830403618456e-07 5.2744458187015455e-06 3.4853869710524953e-06 5.961746151296557e-06 1.7009084554525077e-05 0.0 0.0 0.0 8.629350764473805e-06 4.913295207136709e-07 5.98823417309533e-05 1.5915652574983337e-07 1.8541508136995972e-07 0.0 4.024479704526124e-07 2.534522141078117e-06 1.5822750656662959e-07 0.002130421603666665 1.4362627602772876e-06 3.013471918656199e-07 4.4969390699494034e-07 0.0 0.00021597006314838676 0.0010333773093945061 0.0005928412409698938 0.0003687726316520231 5.01861370235556e-07 2.022966861053223e-06 0.00034549631861621066 0.00016159449300859444 1.9214984920564424e-05 4.31561167298554e-05 6.955571215595797e-08 4.5097862954442575e-08 3.942745800685538e-06 7.171798839762895e-06 1.7257858562601755e-05 9.472796171466739e-05 8.83047150826155e-06 2.4260235122748214e-05 1.2651183658720827e-05 6.776114442935131e-06 0.0 0.0 4.55304266428977e-07
0.00016766840528264208 6.292034828920723e-07 0.005200950026793969 4.1409379509657013e-08 8.862154292181742e-08 4.132373963805754e-06 6.243831373066585e-05 0.0001400675584860663 1.471687423967851e-06 2.6357469448500074e-06 2.107827429664e-05 1.558431089326255e-07 5.133714067604986e-07 0.00037654870820745306 0.0 1.490857372626186e-05 0.0 2.4416409849039165e-05 0.002173350971609419 2.560844208488178e-07 0.00012214621859156795 1.2252978025420437e-06 0.0016332081014566356 2.692580984083533e-05 0.0 0.0013456453046278307 0.0030079663001840416 2.293085575260842e-05 0.0008357561597090559 0.0011747666908450774 7.709823145161866e-08 8.676237988271748e-07 5.7949621422081724e-05 0.0004923381714682099 2.2733720765370774e-06 6.075446147476716e-05 1.9597665864170112e-05 0.00010905186395539908 3.993329333775752e-05 4.005315739477972e-06 4.4548736020808233e-07 7.125286228623084e-08 4.798858662370965e-07 0.0 4.254117472640262e-06 6.321615046028967e-06 0.0 0.0 0.0 6.426024313668049e-07 0.0 0.0 0.0 0.0 0.0 1.1040319098363727e-07 4.0112235038148995e-08 0.0 6.208897610334932e-07 1.7193700052919648e-06 4.824322321151919e-07 1.74826725465682e-06 0.0 2.3639541450888155e-07 6.45970905525222e-06 1.2586886391813083e-06 1.2993344969981923e-06 0.0 9.81924075511045e-06 6.574963203383735e-05 1.2332672984070324e-06 2.7512509658189877e-07 4.729841907134735e-07 7.1019866129036e-08 0.0 0.0 1.5784616490977195e-07 8.827962045706174e-07 2.0300701282992897e-06 4.4858160496993955e-07 3.1117797600570433e-06 4.4266448300475183e-07 2.1230742226944483e-07 0.0 0.0 0.0
2.1058468876425478e-07 1.0201458686491495e-06 1.1493483982523088e-05 4.236775916679084e-07 8.982958417417711e-07 4.510309583096005e-06 2.3314797409637556e-06 1.8128330371698775e-06 5.120314720076466e-07 4.86218312767126e-06 0.001612167928771679 3.2071878276880495e-06 1.1074709590367599e-05 3.3148171482022774e-06 0.0 2.6643845346747944e-07 2.4416409849039165e-05 0.0 0.0010728602282847974 2.749131089591379e-06 4.1490946103790425e-07 1.3187341966643908e-06 5.904873715766603e-06 1.1736658621619581e-06 1.0804975772690487e-06 0.0003872438576305621 5.706232806804095e-05 1.3349793395311841e-06 1.0862560248313604e-05 5.01158856178676e-07 1.51665468284147e-06 7.872843229137813e-06 0.0 0.0005048051227384777 6.055354760924927e-06 0.0006537884454532372 0.0008514801289243544 0.0007499155262286405 0.00041318822541954603 9.47728081957021e-06 1.8825913954289286e-06 1.4245403575776425e-05 1.1228007384141737e-06 0.0 3.4273740690866572e-06 2.703356640093102e-07 0.0 0.0 0.0 7.98567156517429e-07 8.025626990379232e-08 2.1604488315980015e-07 0.0 7.202702187432394e-07 0.0 1.1133299084784669e-05 4.3781322272243215e-08 0.0 0.0 5.380626365288208e-08 2.0050607464921797e-06 1.4427540657268069e-06 0.0 0.0 0.0 1.4235566936528796e-07 5.466721414478332e-07 1.7316269222345394e-05 1.2701506991900889e-05 0.00013834157989744386 1.1400054372315128e-06 6.165265325499653e-08 0.0 2.0910866385626427e-06 0.0 4.698287223141321e-08 3.7377297208104493e-07 1.7837261600911727e-06 3.9491361345437266e-06 3.8012825107758964e-06 9.575400516262928e-07 2.9681918711731353e-07 0.0 0.0 0.0 0.0
3.0495678171765935e-05 2.1616834966939604e-06 0.00039338159574621396 4.619855617527556e-07 1.0384562173746859e-06 4.8158683483617854e-06 2.0960684333659512e-05 3.551949900617812e-05 2.4136006464351006e-06 4.544427239462738e-06 0.0010902101538719756 3.791925409705165e-06 4.284700812121707e-06 7.61491802808363e-05 0.0 8.495571489546312e-06 0.002173350971609419 0.0010728602282847974 0.0 2.596232217807008e-06 1.1264555893128783e-05 3.258554525436088e-06 0.00020877530039598775 1.202420722179505e-05 2.7489028454691933e-06 0.0045928322431214395 0.0011079972755030918 9.080573508765812e-06 0.00018963061609286364 5.203991785215658e-05 5.669639203640766e-07 5.279639481777586e-06 1.9249431767017364e-05 0.0013172680679022558 1.7245318084993873e-05 0.00130426977887185 0.0008213850114658829 0.0006422521345276761 0.00034134869853520315 2.7954079558622206e-05 2.567135895517926e-06 9.559748894514458e-07 1.9441091721648466e-06 0.0 2.187450143835888e-05 4.240436081949144e-06 0.0 0.0 0.0 1.0243359480604528e-06 0.0 5.644825965922748e-08 1.4685804680615012e-07 1.9607256547165067e-06 6.804752314660299e-08 9.275184828597672e-06 4.812294107792542e-07 0.0 7.105961774392581e-08 4.0917202017950455e-06 8.149587232019314e-06 9.601615798343915e-06 0.0 0.0 1.1120756114005878e-06 4.234890296007778e-07 7.91775092648789e-07 1.880323413866138e-05 7.791623758714251e-05 0.0003629493712855818 1.2106153945779783e-06 5.191693068304122e-08 3.996761941003256e-07 2.1042722616691657e-06 0.0 0.0 2.190128830458301e-06 8.875958335166293e-06 7.638005457019563e-06 6.793860430757176e-06 7.539759538515595e-06 8.308418031030489e-07 1.4175492866835663e-07 0.0 0.0 0.0
2.100695191112972e-06 0.0 5.315467618135504e-07 0.0029539504162565513 1.1459844755036943e-05 0.00037416485055912207 1.7879567083158697e-05 0.00023670074573660656 0.00019492637911959528 0.004922039965969851 2.770661506934549e-05 0.0031076605294129817 6.125787900833163e-06 0.00025426588746741536 0.00012411420986618423 0.0 2.560844208488178e-07 2.749131089591379e-06 2.596232217807008e-06 0.0 1.240870418962711e-07 0.0 4.6497417441437166e-07 0.00032978848238403747 3.4569196344141925e-06 5.692041691530641e-06 2.3570949010642312e-06 0.0013368710568803538 0.00025310915572363663 8.941824721837361e-07 1.0206046633511916e-07 4.4538037220361483e-05 2.9086377429376027e-07 0.0001373479004475055 3.3330133272731493e-06 0.0003517866967056039 1.5475709763283774e-05 0.0002450131948113005 5.46354495145652e-05 0.00021686313574947866 3.434943695117611e-05 4.012791265330931e-06 4.056390161445654e-06 4.265910723861859e-07 6.184165098635362e-08 0.0 3.541868509967066e-05 5.535220900819018e-07 7.296943963623702e-06 5.074014264601332e-05 3.526508842193189e-05 4.5151899252468125e-05 8.481119113392176e-05 2.453307354960252e-06 3.996455131610743e-05 6.224926429438546e-08 2.7732649634976467e-05 2.226705170701231e-06 0.0 0.0 2.666886016154423e-07 0.0 9.47878029529503e-06 0.0 3.0808499540231297e-07 0.0 0.0001317480942471483 0.0 0.0 1.9021859431746694e-07 0.00017084743668052468 8.627798375681193e-06 2.1173235427690226e-06 0.0 1.394448194731718e-06 3.8432086795843415e-07 7.930335270724024e-06 5.945852080575484e-07 1.3387494569333115e-05 5.282526826303313e-07 1.676005399513462e-05 2.347558072025351e-06 1.539080424584016e-05 1.594002985559129e-06 4.172014795506598e-06 0.0
1.1228777675104717e-05 2.2650834987281444e-06 8.85386992457332e-05 0.0 1.7496717958517387e-07 6.804997330024685e-06 0.000531187496313772 9.921316048307346e-05 1.2718495806280315e-05 2.7192888918412214e-06 3.7803032244218032e-06 6.153056476233236e-08 1.1748103337798891e-06 6.732663132287353e-05 0.0 0.0018344200027960874 0.00012214621859156795 4.1490946103790425e-07 1.1264555893128783e-05 1.240870418962711e-07 0.0 4.0968930320667574e-05 0.003588567541741554 2.497649860715969e-05 6.077180974874392e-08 3.970865290557813e-06 0.0003129208145802317 0.0009771766568917762 5.2718309726308124e-05 0.007399602548125519 0.0 9.30000057413078e-07 7.527018600447842e-06 0.0017948484162556872 0.00012512670483399345 0.003504516897292183 0.0004706106677052115 0.0029865592529478594 0.0012249722108666164 0.0001959675211337058 6.594788000771523e-06 2.3312234312788744e-06 2.8031026420551886e-05 5.178349518745997e-06 7.017778502360591e-07 6.573275984933412e-06 0.0 0.0 0.0 9.292013406406787e-06 7.386079337720823e-07 2.5822206258493494e-05 0.0 2.5296983532693773e-07 0.0 6.917389456339068e-08 2.605007989035674e-06 0.0 0.0002637382352096937 3.04498753931098e-07 4.5388996489096586e-08 1.9611611139245984e-07 0.0 0.0001421757499721344 8.808161495778376e-05 4.905851437544823e-05 0.00026338657273528357 0.0 5.615336623246698e-08 1.3253727071983911e-05 0.00011910778928525041 2.772823638564985e-05 4.756759967233866e-05 0.0 1.5830329383682992e-07 6.87361626890642e-06 7.481007570630372e-06 5.337659937941446e-05 7.028645564385936e-05 5.794781336428693e-07 2.097487637407876e-05 5.986534039946469e-06 5.244341720852443e-06 8.447921084532678e-08 0.0 3.4171830298043847e-07
0.0 0.0007523203006363566 5.192597126489873e-07 0.0 7.632551101989075e-07 3.036168084506253e-07 8.283717407023463e-07 5.0824434905650875e-08 0.002186955210368894 0.0 8.893272034244277e-06 0.0 0.0001257342260258947 2.5238047681555553e-07 1.3527774159539216e-05 0.0016429641778219302 1.2252978025420437e-06 1.3187341966643908e-06 3.258554525436088e-06 0.0 4.0968930320667574e-05 0.0 7.927323445579534e-05 0.0024388706710910825 0.0002803642803897691 8.166090336800108e-05 0.0013121495625506277 7.10885184529772e-05 2.3392182286183984e-07 3.777998824258508e-07 3.992056976036004e-06 0.0 0.0 4.157055466180379e-06 7.860952502621832e-07 1.3130050546603501e-05 3.547234439437639e-06 8.037146992265729e-06 6.210241436777472e-06 3.59040491653173e-06 0.0 2.9445983175593516e-06 0.0 5.686089591951834e-08 1.733677729573646e-05 6.9467009235351884e-06 0.0 0.0 6.540296074846928e-08 1.321782279323453e-06 3.9919705131617307e-07 1.916465586883376e-05 5.247689467278493e-08 4.920446726941651e-07 0.0 4.507237699990415e-06 1.0344035039923273e-07 0.0 0.0003811397860318179 8.310030867319266e-07 2.438252468726661e-07 6.861053019605353e-07 0.0 7.266919273817233e-06 0.00037299021061764834 0.00010038139886226731 6.629687379344778e-05 2.158087421658775e-06 1.8622364854713182e-06 0.00035482662275650753 1.5855856294319763e-05 1.2483892366600294e-06 2.2497625058561405e-06 2.3419745919757794e-07 0.0 6.426330303718937e-07 9.71769683644522e-07 0.0 1.2359176631936758e-05 1.9959014662686545e-06 6.181574943010932e-06 3.5004062206845637e-06 2.2343034733231098e-07 0.0 3.7998066744116676e-07 0.0
8.905291485261135e-05 1.4303554279435438e-06 0.008524539921858497 1.4083450927732234e-07 1.8922001529977173e-07 7.39279438054746e-06 0.00031611891041768346 0.00016790131910295918 5.304800950671245e-06 4.2003943915663e-06 2.8177049288052604e-05 1.3606020047716976e-07 1.0951124829053061e-06 0.00023926961075415132 0.0 0.002323695266606932 0.0016332081014566356 5.904873715766603e-06 0.00020877530039598775 4.6497417441437166e-07 0.003588567541741554 7.927323445579534e-05 0.0 4.214112907439401e-05 3.4790995564610026e-07 0.0008441090508422346 0.006010375182422512 0.0002747657989015441 0.00022195502501892028 0.004659413953644372 0.0 2.5369124732643163e-06 1.2547332165767221e-05 0.002076834855907057 0.0001883315500272668 0.0049803222702385205 0.0020154334283550806 0.004498445221855073 0.0019312971781696834 0.00027509750358675273 1.9789857860008968e-05 2.870451930905254e-06 3.2561675811799326e-05 1.1512383254095778e-07 9.912542807226131e-06 0.0001141663058265145 0.0 0.0 0.0 3.0614801504415867e-06 9.495012009452723e-07 2.5975669758437563e-06 0.0 6.171525710603881e-08 0.0 2.3119704699140578e-07 1.5873345661268195e-06 0.0 0.0011416907125095558 2.792067849302623e-06 1.247229322758841e-07 6.137914032473237e-07 0.0 7.728744639271154e-05 0.00043120557525729594 0.00048804361429113615 5.1898291561588475e-05 5.022656483325764e-07 1.914880869242427e-06 0.0011120209646747433 2.6819630066728936e-05 3.608105551341685e-06 9.749163640740362e-06 8.434385985495582e-07 0.0 6.09517529862766e-07 4.0644700670732e-06 0.00012088117760185915 5.418165192147342e-05 1.4352536140224197e-05 2.7531707359757758e-05 2.2208979510779136e-05 3.4104568866925785e-06 0.0 3.5759680694275946e-07 2.092839418255289e-07
3.510124027571989e-05 0.00015409611047863814 4.069365714218117e-05 0.0013428212439993746 1.3039177608112272e-05 5.5191750011149954e-05 0.0010343055226574673 0.00016170046500381413 0.004859432129368726 0.0003559844470473182 1.8797452350845763e-05 0.00011256114349582762 1.1923133399474443e-05 0.00025845598207205073 0.0003576133251848586 0.0007816878587632659 2.692580984083533e-05 1.1736658621619581e-06 1.202420722179505e-05 0.00032978848238403747 2.497649860715969e-05 0.0024388706710910825 4.214112907439401e-05 0.0 3.273811203651225e-05 4.7758614741405234e-05 0.0008497416767490575 0.003728401140805837 0.0006851475710843165 0.00017639225886672183 1.5787341039862906e-07 2.699731520165972e-05 9.307407979671714e-05 0.0002904402152759829 8.617507445913864e-05 0.0020316998843185516 6.0857798107792105e-05 0.0006859881271928849 0.00030329431475056346 0.00023772016082427875 4.7845918832044914e-05 6.3489210006874725e-06 1.3054983378115023e-05 2.6391562235395456e-05 1.0561167183567658e-05 9.143482983754575e-06 0.00012470593176446937 1.4825855755781676e-06 4.580305493315305e-05 0.0003932331001217842 0.00021076010804249267 0.0006946480071902721 0.00031555009377478877 1.4103187699712202e-05 3.071369908873771e-05 2.8749471729715152e-06 0.00011748204679887865 9.02108400893861e-06 0.00014044908076784782 9.593320520824604e-07 1.7276855869608553e-06 8.806694712077449e-07 3.0972379896307704e-05 4.7913435639281654e-05 0.00015491870047179633 3.8249150153342646e-05 0.0022989411810821194 2.253993142311996e-06 3.812547330579037e-06 0.0001316359545461512 0.0016310919315600607 0.00010552979962491874 0.00012663841238479552 1.1256992601069912e-06 1.239818743458931e-05 9.082735289302134e-06 4.443054012577053e-05 2.145173028455527e-05 0.00025816597856253534 9.196535050393549e-06 0.00018539616667440897 3.367563325835181e-05 0.00010383364983828674 1.1684876472268475e-05 2.0099965765229607e-05 9.337807112996087e-07
