0.0 8.562652848979938e-08 7.392541854647137e-06 2.5237365179382735e-06 6.877654943724234e-08 1.0616530810901098e-05 0.0012270205091464942 0.0006308450738149236 3.5543222473545e-06 3.4120494445690316e-05 4.121531307716935e-06 5.090837636002867e-06 6.620611504156637e-07 0.0029139547382192087 0.0 2.846420695356484e-07 1.3679331457053753e-05 1.9548437232719804e-06 5.796605872342846e-06 4.454912644131959e-06 7.027756393817247e-06 5.1475685314778056e-08 1.0212019834622475e-05 5.3374368655694324e-05 0.0 8.268647819830341e-06 3.94923436911322e-06 6.513551300986379e-05 0.003247556149299225 0.0016016040065668022 0.0 6.355131082819087e-07 0.00023232850068395338 0.00016935424369736833 5.863404096247315e-06 0.00014463898300621516 3.512151873479338e-06 0.00016638929766328887 4.8816192813482074e-05 1.3021626929924623e-05 5.094076201739967e-06 1.3190639873312446e-07 1.5639401488758087e-06 0.0 0.0 6.900564108222106e-08 0.0 0.0 1.339832308264135e-07 4.2996872062634947e-07 8.771818024002536e-08 1.2645003785288616e-07 0.0 0.0 0.0 4.2300153437995675e-08 0.0 0.0 0.0 0.0 0.0 0.0 0.0 0.0 0.0 6.49898343199415e-08 4.879739124962677e-07 0.0 0.0 1.5579876222580912e-07 8.610699496660406e-07 0.0 0.0 0.0 0.0 0.0 0.0 1.4537417557273513e-06 9.669529887625267e-07 0.0 9.836243361152921e-08 4.59897129418948e-07 0.0 0.0 0.0 0.0
8.562652848979938e-08 0.0 2.8181773760203947e-05 7.546500579023015e-08 6.870966849694228e-08 8.652162476970095e-08 8.260084904944206e-06 2.83256310298545e-07 0.00011427833426491271 1.6656416734415624e-07 2.045048862251339e-05 5.181675028907949e-07 0.0002017978651494952 3.510789312618112e-07 3.58057430396287e-07 0.00023145900546007873 9.647864840929566e-05 2.902645396511426e-06 1.2340446393698599e-05 0.0 1.3068171651797164e-05 0.000750965924201221 1.1286514428278258e-05 0.00021143495185774118 0.0012801560075096157 0.000590586112230492 0.005426309566770556 1.7150051034450873e-05 6.85891757250211e-07 9.583299570532461e-06 9.145980285507762e-05 1.7962978637879035e-07 2.1315586503821478e-07 1.796517306642491e-05 1.5187983480565817e-06 3.334263284535216e-05 0.00012973835603161452 6.885806055897032e-05 1.456967875993547e-05 1.470126719113734e-06 4.876863445101423e-08 4.279821797758318e-05 8.178309688583215e-08 0.0 7.203774299504283e-05 6.830689936575066e-05 0.0 0.0 0.0 6.623381592749078e-07 0.0 2.4915689757669625e-07 0.0 2.680424443405167e-06 0.0 3.224735152993209e-05 0.0 0.0 4.038108582880154e-06 2.9793853269388066e-05 3.7659924749438083e-07 2.0763356564563077e-05 0.0 4.844891741736486e-07 1.38230551103999e-05 7.854893317885477e-06 1.7933611454444228e-06 5.6311174995133866e-05 7.227433223476213e-05 0.0010223402490745345 7.298946604785259e-07 6.638446723505803e-08 1.932042427501661e-07 2.7502432504831628e-06 0.0 0.0 1.1113532615129357e-05 4.044030234403829e-07 2.034248535991159e-05 2.157858926356269e-05 2.6335844286264417e-05 6.332245375499223e-06 6.260775643757329e-07 0.0 1.6488742005078702e-06 0.0
7.392541854647137e-06 2.8181773760203947e-05 0.0 6.546390204349688e-06 9.253197101816142e-08 9.0126575937388e-06 0.0006756740082416786 3.496045334276345e-05 9.691078454923067e-06 2.6550065293521683e-05 1.3748767486077227e-05 5.431599080696832e-07 8.286592370139091e-07 2.9229871249980402e-05 7.958912771373281e-08 6.84109969710115e-05 0.0018454086711677802 3.1934135573423916e-05 0.00015189583176318698 3.1246652927133786e-06 0.00029343868308434487 0.00017088674273253493 0.007611101861241473 0.00015669199681906263 1.2370235505480057e-07 0.0031742205051072244 0.006612124386934077 0.00034054774187326905 9.399753939713889e-06 0.00048177242428923563 1.662071595116761e-07 6.315779345580818e-08 5.322295845293782e-07 0.0005499740537537198 1.943760134199098e-05 0.0013071962204303036 0.0029966872421828845 0.0011170833475548244 0.0003878672555614527 3.8243729758387894e-05 2.5335841589452076e-06 9.113513181489138e-07 1.8010297825123912e-06 0.0 6.711310786334832e-05 9.276458113955532e-05 2.5745804704901196e-07 0.0 0.0 1.4738988539660677e-06 1.077062127526594e-07 9.058056867091526e-07 9.111635572040067e-08 0.0 0.0 5.70951154757594e-07 1.5199705276013394e-07 0.0 9.117152480325493e-05 9.742986511250416e-06 0.0 1.685170251298778e-06 1.8221774297263993e-07 1.5916649481169863e-06 6.049240641574665e-05 0.00010150248830759745 3.2178907952079545e-06 1.8559854894809797e-06 7.37104026964091e-06 0.0006360829833891723 5.355407487928203e-06 0.0 4.798756056629524e-07 0.0 5.4630580323428195e-08 0.0 3.2093810415142323e-06 1.0373470075123956e-05 2.422777152475046e-05 1.1426353807809387e-05 7.944999675650562e-06 4.929175753589985e-06 2.906062325441106e-07 0.0 0.0 0.0
2.5237365179382735e-06 7.546500579023015e-08 6.546390204349688e-06 0.0 9.365703369423916e-07 2.067008299280798e-05 0.0005970633362070381 2.911110618769742e-05 0.0007650558561839585 0.0013300616400118476 1.691760598999523e-07 0.0010677697339170568 1.341091852937738e-06 2.3792860793065965e-05 3.305048187465786e-05 6.248191228462063e-08 1.9394337160325908e-06 1.2329862049785036e-07 1.1199621713605207e-06 0.002114637832864768 1.8002372721615726e-06 2.6184439376011463e-07 3.3722063397847674e-06 0.0013005863810148306 0.0 2.7250852184114873e-06 1.4741676167424623e-06 0.0029983829931613374 1.9723338008663035e-05 2.3989006441713188e-05 0.0 2.3468434929077067e-07 9.759094446367397e-07 1.3485918681252767e-05 6.534340370732989e-06 9.122118993798736e-05 2.230219398738227e-06 3.40193058410649e-05 1.391150747346082e-05 0.0001393642924765655 3.904364970475334e-06 1.485039842439735e-07 1.893751222569515e-06 4.35578767916128e-08 0.0 0.0 6.0393257239836734e-05 0.0 3.0616419793140798e-06 1.7910946139782768e-05 2.5297508497395273e-06 4.6015114674991656e-05 7.444750818269371e-05 0.0 5.752827593834754e-05 0.0 6.449271651412877e-07 1.897865471191779e-06 0.0 0.0 0.0 0.0 3.412235474451195e-05 2.0518968963208416e-07 8.084508797784314e-08 7.649935379090252e-08 4.961497362933466e-05 0.0 0.0 4.2634687540560724e-08 8.74224669453651e-05 6.648645824274568e-07 0.0 3.972491696880796e-08 5.22493257553343e-08 0.0 1.248598443436863e-07 1.1016323358516229e-06 2.3181087303259952e-05 1.5717605863327995e-07 1.3978318323674182e-06 9.660523832322945e-08 4.4510942018146044e-05 0.0 6.214844315281826e-07 0.0
6.877654943724234e-08 6.870966849694228e-08 9.253197101816142e-08 9.365703369423916e-07 0.0 0.00024619234516448044 5.89366870518119e-07 8.706976394663036e-05 9.252149393155538e-06 1.037575182350831e-06 2.4799090637905632e-05 1.8747337025713112e-05 5.996286544566433e-06 5.820757713115024e-05 0.000469172787375273 0.0 3.2701634066848855e-07 4.77153063227223e-06 3.6384390212719558e-06 1.0907017599792422e-06 0.0 0.0 4.5047700364963314e-08 4.248758169276569e-06 1.5620054282668207e-07 5.831802263180689e-06 5.618026935835507e-07 3.42513528640206e-07 0.0004064570988295085 4.581565039369853e-08 2.0522484466634166e-07 0.0001154975962220823 0.0 0.0004934243164890723 7.225970259681868e-08 6.635874210929027e-06 3.0741304081345606e-06 8.217028105307484e-05 4.843296574697364e-05 0.0006507087708745584 0.0001330101480703949 1.0627221603365526e-06 1.002183877924226e-07 0.0 0.0 0.0 0.0 0.0 0.0 0.0 0.0 0.0 0.0 0.0 0.0 0.0 0.0 0.0 0.0 0.0 0.0 0.0 0.0 0.0 0.0 0.0 0.0 0.0 0.0 5.019919557175004e-08 0.0 0.0 0.0 0.0 0.0 0.0 0.0 0.0 0.0 0.0 0.0 0.0 0.0 0.0 0.0 0.0
1.0616530810901098e-05 8.652162476970095e-08 9.0126575937388e-06 2.067008299280798e-05 0.00024619234516448044 0.0 0.0014789881255871504 0.004233533082654597 2.7076877978025507e-05 0.003975810969516857 6.138682962248011e-05 0.0031231779444077044 2.6034586395372874e-05 0.0013909739493920138 0.0012179448835550762 1.0813717329362649e-07 5.738975668583353e-06 2.075825048589498e-05 1.4163737491043322e-05 0.00019673265760388313 4.8681290835096154e-06 1.9844092591288398e-07 6.5747268732903615e-06 0.00012793226081530846 1.6270960401359655e-07 2.947224830008464e-05 5.125245809370215e-06 5.905051896539212e-05 0.0003078409252792206 0.0001027942919533116 5.902789506877649e-07 0.0003790784393909435 2.0416968315141455e-06 0.00023247625274772551 5.662480248584817e-06 0.00013660894630480028 1.7519903355721176e-05 0.00046352896798306095 0.0001625642030992348 0.0009171036345173155 0.00020251470101037517 2.8269142741965746e-06 5.246410066061405e-06 0.0 4.86401941892007e-08 0.0 1.4454718663172454e-06 0.0 2.89186288780735e-07 2.915164477209113e-06 3.670025766174435e-07 6.349939835605215e-06 2.598091217302841e-06 0.0 4.014100531600583e-06 1.4810952127331043e-07 0.0 3.332303091973644e-07 4.5308521151011133e-08 0.0 0.0 0.0 1.8636093537805552e-06 0.0 0.0 0.0 9.111278599792878e-06 0.0 0.0 9.750161567367176e-08 1.4663441745927491e-05 3.0506696974785395e-07 0.0 0.0 6.593243696572808e-08 0.0 3.458357651057509e-08 8.880449959032088e-07 3.937611335793261e-06 7.10653825298873e-08 1.1696171448743814e-07 0.0 1.8086995194894105e-06 0.0 0.0 0.0
0.0012270205091464942 8.260084904944206e-06 0.0006756740082416786 0.0005970633362070381 5.89366870518119e-07 0.0014789881255871504 0.0 0.003315488721454316 0.0001239226158438135 0.0054394243299307945 5.6408718235895015e-06 3.8868544727459924e-05 3.158984988102725e-06 0.004118279510219541 4.450928682971706e-06 2.4576856637937025e-05 7.927493184501687e-05 5.23719985146425e-06 2.2788636930001633e-05 8.664402371312121e-05 0.0002226638955808695 1.30696311017056e-05 0.0005410631403351374 0.001604899298867674 1.0832755784512106e-07 0.00012732862600870298 0.00017611832299338089 0.012075582928467022 0.0011731728781077106 0.0052353089541109935 1.4062329765124959e-07 2.990517923106422e-06 0.00022780487191097632 0.00040036443390609547 0.0001583851857664247 0.0011714656678788662 4.398178385846852e-05 0.0007026401069872314 0.00032258133053894057 0.00015921637721728882 4.745773905793964e-05 1.3154520542320598e-06 2.4289864981508847e-05 5.840924669450352e-07 4.6927123046456817e-07 4.6892048564362053e-07 1.2084289260843583e-05 0.0 1.971972483978368e-06 2.9617945934322812e-05 2.960252631581934e-06 2.805249748340161e-05 1.319166560967226e-05 0.0 8.423153952765328e-06 0.0 9.46981399890192e-07 3.0367182893355835e-07 2.7002564473489893e-06 9.860664253589373e-08 0.0 0.0 9.413679891432385e-06 1.0442791021310526e-06 1.2959941811166065e-06 3.1479099230014786e-06 4.387531840782493e-05 0.0 4.7787140315226343e-08 7.086404019918149e-06 8.371571703085732e-05 5.117373051827733e-07 6.879153408053679e-07 4.5462126684885974e-08 4.920629149708057e-08 0.0 3.7594397344274976e-07 3.424440278459496e-05 1.6254617697125983e-05 3.052929007718269e-07 2.234969469197069e-06 1.9665259219937556e-06 1.0126657245484383e-05 0.0 5.523535722706595e-07 0.0
0.0006308450738149236 2.83256310298545e-07 3.496045334276345e-05 2.911110618769742e-05 8.706976394663036e-05 0.004233533082654597 0.003315488721454316 0.0 5.835099031252179e-05 0.0018169489594907428 0.00011302025600784792 0.000795599499825148 3.0639302834798724e-05 0.00591020533432449 0.0005148155883978125 6.83196291016766e-07 3.820692980044081e-05 4.4627181619696894e-05 4.074758115648031e-05 0.00012646253357345664 2.8050514628831575e-05 2.1488376716048874e-07 3.471433093897474e-05 0.0004814462646903715 1.534387423724356e-07 8.155146131944194e-05 2.0820557105027275e-05 0.0002154283100521427 0.0008852580830889964 0.0010411370898621474 9.26861307120959e-07 0.00012692937658970673 1.8872409521296504e-05 0.0004837251068465055 1.2302070822507283e-05 0.00038479071887581915 3.0316489450417393e-05 0.0007155135931924333 0.00017924953852917007 0.00046567153999364666 0.0001476025766859424 4.4175723817442204e-06 8.809146834396047e-06 9.34564251646211e-08 0.0 8.654908044060775e-08 5.7868878620875195e-06 0.0 7.737096054253096e-07 1.4486719116218946e-05 1.318198235977795e-06 1.3876200470592857e-05 7.1004156092612775e-06 2.047528025223529e-07 6.265807860297685e-06 2.613024394558847e-07 3.8410124510623096e-08 2.5894380095887707e-07 3.8196929786445145e-08 0.0 0.0 0.0 4.555563134429747e-06 5.679101520960563e-08 4.398746568129387e-08 1.4397370796361045e-07 2.807256158109511e-05 4.217111793128441e-08 2.512086582136959e-07 7.654367818460609e-07 4.5985818998585206e-05 5.578644304093038e-07 0.0 0.0 0.0 0.0 6.323542115453318e-08 3.5076173431389723e-06 9.214662341435004e-06 2.568170168195799e-07 6.762166855031869e-07 3.6826546630856954e-08 5.40598379055281e-06 2.28842250306658e-07 1.779451624426117e-07 0.0
3.5543222473545e-06 0.00011427833426491271 9.691078454923067e-06 0.0007650558561839585 9.252149393155538e-06 2.7076877978025507e-05 0.0001239226158438135 5.835099031252179e-05 0.0 0.0003773385262877225 1.6882123473993127e-06 0.00039666024302380856 7.945282287575906e-06 3.8679783512322236e-05 0.00026795063025425534 0.00013299697525551821 1.0706995881357686e-05 7.983832634315285e-07 2.2153011446600095e-06 0.0007347923606200829 9.335218391770836e-05 0.0011436562859487678 2.4365135908347183e-05 0.006643179891862842 2.0442091337755073e-05 4.742579181137592e-05 0.00014061053676525225 0.0007951667756641301 3.705745256610873e-05 0.00032088514506406295 3.4797476147053096e-06 1.485948140863265e-06 9.046600243540794e-06 4.166296473473688e-05 3.0243541994101697e-05 0.000446156471678758 1.842323444116917e-05 6.994236812061776e-05 3.560931399294467e-05 0.00018935448440140706 3.026046030338648e-06 1.13737875238511e-06 2.7873052100010097e-06 3.919717517171935e-06 3.6026278006852574e-06 1.286143806512181e-06 8.148272344798292e-05 4.813150889871006e-08 1.6760050300988325e-05 0.00017811771334050997 1.4644985327062057e-05 0.0001286928809013225 0.00014869672238408856 2.818979873221886e-07 0.00011884575969199603 2.661015496832284e-07 6.778958234812268e-06 1.3127793467343753e-05 6.296825164815777e-05 2.761203753586787e-07 3.2313312470717345e-08 0.0 8.6202761572802e-05 4.904110213517336e-05 4.5876319727039175e-05 1.7259678396875858e-05 0.0009585203549686357 1.2175832403920615e-07 3.9684196718259493e-07 1.761398215471672e-05 0.0009758143880347737 8.12884105260255e-06 8.741349854253754e-06 4.249795590552529e-08 3.088078510080313e-07 7.149904690610171e-07 1.5668438278924397e-06 5.464410389930095e-06 8.692868933041559e-05 1.2240805843125655e-06 6.2040107093323164e-06 1.5153687863479584e-06 0.00017097864764863867 5.597447540457106e-07 0.0 6.676920248068087e-08
3.4120494445690316e-05 1.6656416734415624e-07 2.6550065293521683e-05 0.0013300616400118476 1.037575182350831e-06 0.003975810969516857 0.0054394243299307945 0.0018169489594907428 0.0003773385262877225 0.0 6.256234019003588e-06 0.0010803495432671496 6.461742986352709e-06 0.0005923371607352957 1.248322041468612e-05 4.3246620646580074e-07 8.158370792889882e-06 3.836643851707233e-06 6.139211735112784e-06 0.002825044032734135 7.933104091338039e-06 5.94498699998095e-07 1.427870755492335e-05 0.00040108299951953293 0.0 1.3207580426640254e-05 7.859680264412741e-06 0.001223246451675786 0.00023491061816798348 0.00012668670216139816 0.0 5.109770299311867e-06 3.6264061100794988e-06 0.00014618237617791433 3.956267230928996e-05 0.00032126013256953583 6.111444553787884e-06 0.00041952507280823917 0.00012983572971492555 0.00026021615759307766 6.140687474350745e-05 8.77440559239319e-07 2.3080881557951552e-05 8.7378618906096e-08 3.706906687132687e-08 9.45779765428077e-08 3.478172759751316e-05 0.0 4.194663487287542e-06 4.591241367277713e-05 4.374206309680789e-06 8.746647093556234e-05 4.919364127487383e-05 5.7222444829432314e-08 4.184842733233836e-05 0.0 5.049053365789588e-07 2.0970182453017894e-06 4.000695305941647e-08 0.0 4.6167789511118635e-08 0.0 3.781182466081893e-05 4.0649254654309424e-08 0.0 0.0 0.00010053349034204877 0.0 0.0 2.5626461014434727e-07 0.00017298258926413582 6.692063925271096e-07 7.003909621554684e-08 0.0 1.3597485231858494e-07 0.0 7.275193648294624e-07 9.459593026118189e-06 2.9561960372805522e-05 0.0 1.5470652568832666e-06 2.24677687315404e-07 5.086191004873134e-05 3.115879034824564e-07 0.0 1.584050323053431e-07
4.121531307716935e-06 2.045048862251339e-05 1.3748767486077227e-05 1.691760598999523e-07 2.4799090637905632e-05 6.138682962248011e-05 5.6408718235895015e-06 0.00011302025600784792 1.6882123473993127e-06 6.256234019003588e-06 0.0 5.990247959770621e-06 0.0019810360958325965 5.6049590517969875e-05 1.2866124745234073e-06 7.703366663875813e-07 2.160028014615147e-05 0.002478432292080914 0.0003679967070842338 1.2923094696235973e-06 2.530849927387799e-06 4.659634393633808e-06 9.864842940706842e-06 6.284941658151629e-06 0.0008540521070565847 0.001689757502848527 0.00016489302072943973 2.2769943898054337e-06 0.00014417828343491368 7.840316475576417e-06 0.00013024536294824042 7.66226048823893e-05 2.769272783429209e-07 0.0019442098429906817 4.3739240341982086e-06 0.00020035615698108086 0.003726924478328442 0.002763235456240293 0.0006494088335874327 8.759577055308172e-06 7.265127543352158e-05 0.0015168876519457484 2.98452338966807e-06 0.0 3.826665425044188e-06 3.5624596430144404e-07 0.0 0.0 4.1430892080665284e-08 0.0 0.0 1.6913675109151718e-07 6.074388776405902e-08 0.00014571974832694183 0.0 0.0007173726624338355 8.218018993313564e-08 0.0 6.433896637456415e-08 1.025003076331849e-07 2.909301732285124e-06 1.1443339528578834e-06 0.0 0.0 3.570360872026189e-07 5.848534907817816e-07 1.9906550603196363e-07 9.412405931480172e-05 2.9778396344557636e-05 0.00013188537376135484 2.838722593666079e-07 1.596268468635007e-07 0.0 4.948200347620893e-05 0.0 0.0 8.709293933440873e-06 4.226547252923925e-06 4.680082864249951e-06 0.0001394943429372929 6.626340251043082e-06 2.5690761276950837e-06 5.962842470596746e-07 1.6896391332439854e-07 0.0001319942590377889 0.0
5.090837636002867e-06 5.181675028907949e-07 5.431599080696832e-07 0.0010677697339170568 1.8747337025713112e-05 0.0031231779444077044 3.8868544727459924e-05 0.000795599499825148 0.00039666024302380856 0.0010803495432671496 5.990247959770621e-06 0.0 1.6977308859133725e-06 0.0003637536651293506 0.0006453687447315338 0.0 6.317524157187229e-07 2.9373276769191424e-06 3.28890959658957e-06 0.002760940511101868 3.4417223354312143e-07 4.937217926241424e-06 5.356858255025196e-07 0.0007569302061551421 5.111253740177699e-08 6.2806592528457606e-06 1.4003259376040538e-06 0.0003724391808763282 0.0001092850250564841 3.8122658007282852e-06 1.1337294741386473e-07 3.3310836778052367e-06 3.5400834491518835e-07 6.649961652588276e-05 7.685133503902364e-06 0.00027285713192626174 2.7404302113209353e-06 0.00020575927268437987 4.5832655146129564e-05 0.001256702868808657 3.0890813172184656e-05 1.7264319320771636e-07 6.436701321423505e-06 1.198345151750007e-07 0.0 0.0 1.349549014803732e-05 0.0 5.094551618016716e-06 9.415264883018784e-06 1.71210831471165e-06 1.214429658804218e-05 1.7833029446424916e-05 0.0 7.692473450943354e-05 9.455802936868127e-08 6.560711783648431e-07 3.1517725965437695e-06 1.5818368531408787e-07 0.0 4.4614724402413254e-08 0.0 1.8697890646715576e-05 1.4413158373262093e-07 8.169022574168326e-08 0.0 1.6514641679942656e-05 0.0 0.0 3.6802701249655844e-08 3.5974765752796904e-05 4.791398894394386e-07 0.0 0.0 2.0058132627921624e-07 0.0 3.0818983152293287e-07 2.1888127014216377e-06 2.758330950311203e-05 0.0 1.0347368444018295e-06 7.347476144888991e-07 4.003940073871777e-05 1.227923161869506e-07 2.5354303724609535e-07 0.0
6.620611504156637e-07 0.0002017978651494952 8.286592370139091e-07 1.341091852937738e-06 5.996286544566433e-06 2.6034586395372874e-05 3.158984988102725e-06 3.0639302834798724e-05 7.945282287575906e-06 6.461742986352709e-06 0.0019810360958325965 1.6977308859133725e-06 0.0 7.373174979595419e-06 7.22494566205142e-07 2.9431737452809155e-06 2.0264512186224018e-06 4.2250362185750504e-05 6.975224071168398e-06 6.43160494460024e-07 6.065158025859777e-06 3.575590820186991e-05 7.684647745245516e-06 4.203589904645597e-05 0.003581135501208282 0.0007658416452429043 0.0012196865857283024 2.3511160048551705e-05 1.6592061790244592e-05 2.8710626953922197e-06 0.0011027335892138115 1.902206392953123e-05 0.0 0.00024021838800294143 1.3420447326160844e-05 0.0007585341263287154 0.002253766695929827 0.0023771931257687193 0.00021960317598528488 4.775355455032584e-05 0.00010407146176201773 0.0006537600948399955 3.0881888115478796e-06 4.516904297837707e-08 5.454662335982569e-06 0.0 0.0 0.0 8.574847605319068e-08 1.2746064134048742e-05 5.495064479893637e-07 2.2607797182202215e-07 1.2035914720570197e-06 0.00019887646928960895 9.76518613089011e-07 0.0008896273417522027 3.678581635172597e-07 0.0 0.0 9.093724847169633e-08 5.148586154390863e-06 9.008431591122016e-07 0.0 9.91813611897105e-08 2.4693485484360604e-07 9.44572502019647e-07 5.634553561037489e-06 0.0001364390985077982 3.4552846523652056e-05 0.0001296177519133122 2.6428085755127312e-05 1.4192184057073234e-06 1.3374325072884399e-06 4.597362771342964e-05 3.193633999496702e-07 0.0 2.1711485098421948e-05 1.4513199869799046e-05 0.0006082862433543221 0.00017109187182364846 4.841681871979501e-05 3.1144403974598766e-05 2.6243787255974094e-05 1.8200643168095895e-05 0.0001505139554605976 3.086417233331236e-06
0.0029139547382192087 3.510789312618112e-07 2.9229871249980402e-05 2.3792860793065965e-05 5.820757713115024e-05 0.0013909739493920138 0.004118279510219541 0.00591020533432449 3.8679783512322236e-05 0.0005923371607352957 5.6049590517969875e-05 0.0003637536651293506 7.373174979595419e-06 0.0 6.87392687996302e-05 5.254075733374937e-07 3.679272685060094e-05 2.9591557809259864e-05 3.937505884601103e-05 8.614835030463806e-05 2.210090300787149e-05 4.744322431196651e-07 3.085208321514993e-05 0.0003288691400223088 1.6500638233161522e-07 6.6673008137646e-05 1.842263342174895e-05 0.00024536327110970843 0.005473829866879236 0.0014517318097390826 4.2939701054728744e-07 0.0005021219225430845 5.410335303467798e-05 0.0004780639344415415 1.4028303182557361e-05 0.0004816049428495039 2.3082049580487106e-05 0.0005470447900276512 8.555657059598698e-05 0.00011723121118461688 4.144503495709365e-05 1.348204731842898e-06 5.74639941413634e-06 0.0 3.814001596315507e-08 1.512707569341318e-07 2.338113482426699e-06 0.0 1.7611689685454158e-07 8.11130309661428e-06 2.514245574201265e-07 7.809567139959186e-06 3.901990341241753e-06 1.0856037300573702e-07 3.2700074557567126e-06 1.140792054849951e-07 4.594509027873704e-08 3.408429544246292e-08 3.52228798827985e-07 0.0 0.0 0.0 1.0626542150724955e-06 0.0 0.0 1.8692311183367446e-07 9.75712313760736e-06 0.0 9.178949682404278e-08 6.71692371376881e-07 2.0709036909117955e-05 4.359536104503532e-08 0.0 0.0 0.0 0.0 2.0901436455172033e-07 2.5575806967650437e-06 7.586705813333901e-06 1.5264704724832445e-07 3.0330969034886213e-07 2.1120526044853262e-07 1.3212497136555213e-06 0.0 1.2150297368316932e-07 4.264504997782343e-07
0.0 3.58057430396287e-07 7.958912771373281e-08 3.305048187465786e-05 0.000469172787375273 0.0012179448835550762 4.450928682971706e-06 0.0005148155883978125 0.00026795063025425534 1.248322041468612e-05 1.2866124745234073e-06 0.0006453687447315338 7.22494566205142e-07 6.87392687996302e-05 0.0 1.704898365597791e-07 7.920217970990327e-08 1.0846791594499527e-07 3.140451650009397e-07 5.093728591659811e-05 2.406798467670546e-07 1.7749352943455035e-06 4.6795781936274937e-07 0.00031927299220065026 0.0 2.519478326806642e-07 3.067567891367811e-07 1.1658070188399546e-05 3.5857581733750336e-05 5.68485081026603e-07 0.0 2.805911278286266e-05 0.0 1.4221815710404111e-05 0.0 3.967188958356571e-05 7.3812681653816e-07 1.618446932171128e-05 2.647388523038792e-06 0.000673156130534872 4.381974649622118e-05 2.1180971870204846e-07 0.0 0.0 0.0 0.0 3.0197710524427836e-07 0.0 0.0 2.0900248553397912e-07 0.0 3.4702162881310284e-07 1.4592574308206304e-06 0.0 6.896814582970803e-07 0.0 0.0 0.0 4.2375712013695804e-07 0.0 0.0 0.0 1.4744563687483303e-06 4.501987201899017e-07 7.395492771522445e-08 0.0 9.791491070478603e-07 0.0 0.0 0.0 2.3191699494282644e-06 0.0 0.0 0.0 0.0 0.0 2.687653126558171e-07 0.0 3.3294059250655947e-06 0.0 0.0 0.0 2.9044188801587475e-06 0.0 0.0 0.0
2.846420695356484e-07 0.00023145900546007873 6.84109969710115e-05 6.248191228462063e-08 0.0 1.0813717329362649e-07 2.4576856637937025e-05 6.83196291016766e-07 0.00013299697525551821 4.3246620646580074e-07 7.703366663875813e-07 0.0 2.9431737452809155e-06 5.254075733374937e-07 1.704898365597791e-07 0.0 1.2650277438335524e-05 9.814790832090328e-07 2.8198941596796855e-06 6.098628830854407e-08 0.001383870043557825 0.003094116077295264 0.0036744736858459236 0.0014279503092029771 1.1569833384867257e-05 3.2262138697496715e-05 0.001911375871816891 0.001686979507977197 6.100013810450098e-07 3.535994295601602e-05 1.6059135193350161e-06 0.0 3.7818624479728216e-07 0.00012601096932588613 8.374737731114984e-05 0.0013158947329646546 0.0007831562658081623 0.00048283488985049593 0.0004012408071427078 8.06364119323751e-05 2.3478136644503316e-06 2.414504753978295e-06 1.0799129190340637e-05 8.276293190586875e-06 3.595554909944122e-06 2.6318064253234326e-06 1.123393078840217e-07 0.0 6.756520666024718e-08 3.567931604487041e-05 1.6820533031523567e-06 8.24933930142379e-05 4.343599845779113e-07 9.833977872012354e-08 3.4976178693927504e-07 6.633929979341785e-08 2.9715996071404745e-06 2.249516843648668e-07 0.0012729872325496548 3.9446154725136846e-07 3.9399713977019806e-07 1.0843670117315838e-07 1.2747338352803082e-07 0.0002444024765278926 0.0003751428871204773 0.00045240803336499253 0.0003082738756252124 0.0 3.292375811149775e-07 0.00011262311378652229 0.00030086930468317425 1.0715282304988839e-05 2.1490022179987843e-05 1.454582357983873e-07 1.545323948810688e-07 1.3914352465859574e-06 2.072834383265639e-06 2.830546045125986e-05 6.119446114562166e-05 5.664077533272363e-06 4.862671962398124e-06 5.902610723131605e-06 7.322456998980077e-07 6.269331480405222e-08 0.0 3.417967696726737e-07
1.3679331457053753e-05 9.647864840929566e-05 0.0018454086711677802 1.9394337160325908e-06 3.2701634066848855e-07 5.738975668583353e-06 7.927493184501687e-05 3.820692980044081e-05 1.0706995881357686e-05 8.158370792889882e-06 2.160028014615147e-05 6.317524157187229e-07 2.0264512186224018e-06 3.679272685060094e-05 7.920217970990327e-08 1.2650277438335524e-05 0.0 0.00018826796048420334 0.0016672528252648085 1.4524411197456467e-06 0.0003199847476463283 2.890338061245993e-05 0.0017914421539230547 5.11231308264103e-05 8.351602947449709e-08 0.0033636732584014484 0.001789482521855724 5.5243386792818626e-05 1.9367151507385853e-05 0.0003910475063884669 1.9844709187361786e-07 6.146551382913808e-07 2.3880841330729685e-06 0.0007633189802757727 5.8718933398722814e-06 0.00036222741898008306 0.0004864726663189063 0.0008629161972401474 0.00021143958500463296 1.1186531340146892e-05 1.2651291415373585e-06 3.602041681797639e-07 5.688132097764645e-07 0.0 4.018869867936946e-05 2.263597415081887e-05 0.0 0.0 0.0 4.930325559690652e-07 0.0 2.271336030628142e-07 0.0 0.0 0.0 1.8008350209698827e-07 0.0 0.0 4.7969164619782384e-06 3.2766305289867247e-06 0.0 8.470081300646132e-07 0.0 2.508050433527306e-07 6.483054147987121e-06 6.183569549876331e-06 1.1393772483088446e-06 5.354960717812157e-07 3.5808024574501294e-06 0.00012369298862076802 2.0233464277060106e-06 2.3183463698818065e-07 1.2177601963480644e-07 0.0 0.0 0.0 7.290829631848356e-07 2.941528122825643e-06 6.4645235370212316e-06 5.867300566112689e-06 3.2171305154273306e-06 1.1915005633073558e-06 0.0 0.0 5.777940642214302e-08 0.0
1.9548437232719804e-06 2.902645396511426e-06 3.1934135573423916e-05 1.2329862049785036e-07 4.77153063227223e-06 2.075825048589498e-05 5.23719985146425e-06 4.4627181619696894e-05 7.983832634315285e-07 3.836643851707233e-06 0.002478432292080914 2.9373276769191424e-06 4.2250362185750504e-05 2.9591557809259864e-05 1.0846791594499527e-07 9.814790832090328e-07 0.00018826796048420334 0.0 0.0010744790728844677 7.060136486942438e-07 2.3215975166374213e-06 1.5212853200595244e-06 1.4881184399926057e-05 3.5848098660833086e-06 2.527017084025953e-06 0.001202435365829359 8.841064832437094e-05 2.7130461703735357e-06 6.899325785323114e-05 8.614700868733917e-06 1.3502102015135128e-05 2.6191767872675737e-05 4.3005583018809175e-07 0.0004797342565223789 1.3483924572025126e-06 0.0001935258585341635 0.0009049531487604582 0.0008893489412362679 0.00021668353898349056 5.042141068239823e-06 1.2240826948439309e-05 3.2537060000534364e-05 7.278818010366073e-07 0.0 6.310767677929544e-06 5.501082147007332e-07 4.40932219364622e-08 0.0 0.0 9.750951237364625e-08 5.79826502044441e-08 8.768133005181998e-08 0.0 6.4607518453675434e-06 0.0 2.6759737335749808e-05 1.2593474016798837e-07 0.0 9.924896354094637e-08 2.1602159072256376e-06 1.3341705361337615e-06 3.8111184467777935e-06 0.0 0.0 1.6166807425383224e-07 1.348435182199056e-07 0.0 7.668596594550764e-06 3.730128884452207e-05 0.00011957605771176844 2.1704302773200382e-07 2.6115558542256167e-07 0.0 1.1574724301914994e-05 4.8547682133006365e-08 0.0 2.2659860212479697e-06 1.2990127618086547e-06 4.679544329368856e-06 2.328597293188969e-05 5.918230948870685e-06 2.106375841241605e-06 0.0 0.0 4.310950478743322e-06 5.457121111493509e-08
5.796605872342846e-06 1.2340446393698599e-05 0.00015189583176318698 1.1199621713605207e-06 3.6384390212719558e-06 1.4163737491043322e-05 2.2788636930001633e-05 4.074758115648031e-05 2.2153011446600095e-06 6.139211735112784e-06 0.0003679967070842338 3.28890959658957e-06 6.975224071168398e-06 3.937505884601103e-05 3.140451650009397e-07 2.8198941596796855e-06 0.0016672528252648085 0.0010744790728844677 0.0 8.232733414834635e-07 5.052383076460632e-05 3.155521300098309e-06 0.00026795114679419046 1.5582252479032883e-05 1.0742487866282697e-06 0.003140903417371349 0.0004068619148946774 1.5166363448294998e-05 6.762348555801415e-05 8.080050778411482e-05 1.2817966747937412e-06 1.6548502703553025e-05 6.287993184354754e-07 0.0009456057535339279 3.75302812841745e-06 0.0003174195106573569 0.0006820084309680181 0.0010334077241304497 0.00021892687571963397 9.426382724876999e-06 5.870399692497467e-06 3.952557902824439e-06 7.885354315580246e-07 0.0 6.787556178566626e-06 2.9368149154951128e-06 0.0 0.0 0.0 4.9344799161729276e-08 0.0 2.416712627294798e-07 0.0 2.500624171123609e-07 0.0 2.469136621842317e-06 0.0 0.0 1.1068120954859708e-06 1.728242091221253e-06 1.4661246741546872e-07 1.2270258593014505e-06 0.0 1.51268265963636e-07 4.2204753150036845e-07 1.094283448814575e-06 3.866774229681645e-07 5.356076219690566e-07 7.374361697349802e-06 3.996202846475443e-05 1.0432315875720451e-06 5.91303858880766e-08 0.0 7.880556059399934e-07 5.154757084125616e-08 0.0 7.532712863226926e-07 1.1197092634495804e-06 5.068446463967072e-06 5.559376492026421e-06 1.9909530547965517e-06 1.2287247464699878e-06 8.134067464555755e-08 0.0 2.9318244599133693e-07 0.0
4.454912644131959e-06 0.0 3.1246652927133786e-06 0.002114637832864768 1.0907017599792422e-06 0.00019673265760388313 8.664402371312121e-05 0.00012646253357345664 0.0007347923606200829 0.002825044032734135 1.2923094696235973e-06 0.002760940511101868 6.43160494460024e-07 8.614835030463806e-05 5.093728591659811e-05 6.098628830854407e-08 1.4524411197456467e-06 7.060136486942438e-07 8.232733414834635e-07 0.0 6.586564628267062e-07 5.170972590347691e-07 1.3346558483569374e-06 0.0003427926191161478 0.0 2.0117806317120033e-06 6.032615654094349e-07 0.001960390461217011 4.5170524057673446e-05 1.2102934712019384e-05 0.0 1.8624732933079875e-06 7.17978025847799e-07 2.6705503854943742e-05 4.7604154528409215e-06 0.00017048557287233722 2.1048971170445806e-06 7.781626335079204e-05 2.5616658676740554e-05 0.00026192852043321354 1.270187136387319e-05 0.0 5.330007365874598e-06 4.8495611144563396e-08 0.0 0.0 4.322008654741104e-05 0.0 3.5012295728050457e-06 2.3189956869554228e-05 3.055255085672366e-06 5.387771105062832e-05 4.094467296630259e-05 3.897571391932395e-08 6.537750747763262e-05 0.0 7.911500835915258e-07 2.111726419986462e-06 0.0 0.0 0.0 0.0 3.0677274192649154e-05 0.0 0.0 4.306069849080232e-08 6.604888737778848e-05 6.981644227353797e-08 0.0 0.0 0.00011298223276502307 3.647071311303914e-07 0.0 0.0 4.6351571373285914e-08 0.0 9.36070059486081e-08 1.1466770147017253e-06 3.074332720876201e-05 0.0 1.6304283828246646e-06 4.3043077300814194e-08 5.8542378605430254e-05 0.0 0.0 0.0
7.027756393817247e-06 1.3068171651797164e-05 0.00029343868308434487 1.8002372721615726e-06 0.0 4.8681290835096154e-06 0.0002226638955808695 2.8050514628831575e-05 9.335218391770836e-05 7.933104091338039e-06 2.530849927387799e-06 3.4417223354312143e-07 6.065158025859777e-06 2.210090300787149e-05 2.406798467670546e-07 0.001383870043557825 0.0003199847476463283 2.3215975166374213e-06 5.052383076460632e-05 6.586564628267062e-07 0.0 0.00017104925356680806 0.0103877303785801 0.00034259264709742704 7.318063024076211e-07 3.3925127827038e-05 0.0001770820581496919 0.006241874091346698 2.3691407133004658e-05 0.006830931061092415 5.0023921829588035e-08 0.0 1.850820387428735e-05 0.002014743121649174 0.0002667521199091061 0.0029519603606789914 0.0009221728975408211 0.0023769584910479724 0.0011477048174736131 0.0001908782405636268 1.315095145714897e-05 3.133947227850653e-06 3.0276297379429817e-05 5.774634597056979e-06 8.642335436612665e-08 5.331530325825595e-07 5.5243488466470206e-08 0.0 4.5444583135536684e-08 2.267475367654894e-05 1.2328526857248996e-06 3.001077674994643e-05 1.389901429885629e-07 0.0 5.1752231565215844e-08 0.0 2.700094456626121e-06 0.0 8.067847208889341e-05 1.3677161349437986e-07 0.0 0.0 6.212721490815105e-07 7.15139556071463e-05 2.4228798260733498e-05 2.3475747923493786e-05 0.00013570347451165844 0.0 0.0 5.333841933505632e-06 0.00020002469131420308 6.880842949230321e-06 1.238184906340705e-05 0.0 4.557390655961694e-08 5.218094376268348e-07 1.8363797885891913e-06 8.928184488756434e-05 4.743262358264314e-05 2.675829136619729e-06 4.179761482748027e-06 6.905259380565062e-06 1.7134563535383874e-06 2.2888719776648816e-07 1.3857089647897954e-06 3.6003535155073136e-07
5.1475685314778056e-08 0.000750965924201221 0.00017088674273253493 2.6184439376011463e-07 0.0 1.9844092591288398e-07 1.30696311017056e-05 2.1488376716048874e-07 0.0011436562859487678 5.94498699998095e-07 4.659634393633808e-06 4.937217926241424e-06 3.575590820186991e-05 4.744322431196651e-07 1.7749352943455035e-06 0.003094116077295264 2.890338061245993e-05 1.5212853200595244e-06 3.155521300098309e-06 5.170972590347691e-07 0.00017104925356680806 0.0 0.00020317427251665592 0.004287007335299852 0.00018165842510623669 0.00022642233024428723 0.00288195163859097 0.00021082368206804967 1.75554633053204e-07 3.511646525118804e-05 2.2105759085300062e-05 3.7161054853209057e-08 6.026899232659317e-08 2.3230097031304696e-05 2.007278742790213e-06 7.703887984856769e-05 6.096974792153885e-05 4.588484805949073e-05 1.7794867095837995e-05 6.582625148722807e-06 3.1840811599954117e-07 4.841586631501855e-06 3.680148293863151e-07 2.3124611285827166e-06 3.35183270051034e-05 3.5937195522071974e-05 0.0 0.0 0.0 8.868228504018282e-06 5.798019611325167e-07 3.330148210010656e-05 1.37310187195794e-07 1.5284540614043235e-07 3.1565719817483756e-07 1.5988494116911488e-06 1.3899860096565564e-06 5.163657612859655e-08 0.0007147804232535184 1.5410246696059813e-06 3.4038202783209976e-08 6.239788246821867e-07 0.0 8.961626684146162e-05 8.843556203429233e-05 0.0002438065514399581 0.0001619552949177947 3.100877093842766e-06 3.959701983561329e-06 0.0005565300596444328 0.00010695423422502859 2.546847376640694e-06 4.064465240839189e-06 1.450906623689729e-07 6.965207057107853e-08 5.08560437873334e-07 9.75964676246188e-07 1.6656773881354248e-06 1.4707462787950055e-05 4.720863380109285e-06 4.257927108169104e-06 2.001283322954568e-06 2.9030054193887144e-07 0.0 1.8970899059103853e-07 0.0
1.0212019834622475e-05 1.1286514428278258e-05 0.007611101861241473 3.3722063397847674e-06 4.5047700364963314e-08 6.5747268732903615e-06 0.0005410631403351374 3.471433093897474e-05 2.4365135908347183e-05 1.427870755492335e-05 9.864842940706842e-06 5.356858255025196e-07 7.684647745245516e-06 3.085208321514993e-05 4.6795781936274937e-07 0.0036744736858459236 0.0017914421539230547 1.4881184399926057e-05 0.00026795114679419046 1.3346558483569374e-06 0.0103877303785801 0.00020317427251665592 0.0 0.00035853074127566 1.4783930596996403e-07 0.0004299008613492996 0.00737516471237553 0.001352177469075064 1.69091565048474e-05 0.0017626455347855838 7.428360641961096e-08 9.272798128094466e-08 5.6593606186013295e-06 0.0015200468747471278 0.00023395001685959791 0.0036631804580677624 0.0038427799979278876 0.0031857542041635162 0.0019265471654878069 0.00021495556959854315 1.4417331263211863e-05 4.464298663015642e-06 2.770200451574614e-05 1.2851699793894777e-06 2.8700829805210717e-06 7.292368889863459e-06 1.0647140632760399e-07 0.0 3.539024657290085e-08 6.296156476402769e-06 1.7558431765745054e-07 1.5911409420639353e-05 0.0 0.0 0.0 0.0 1.0294117770768819e-06 2.9716609011898056e-07 0.0004074212951615091 1.8806114243745302e-07 0.0 6.520795275463201e-08 7.31339750103803e-08 4.254127492736159e-05 8.488306338761751e-05 0.0001870701028186144 5.383753839950552e-05 5.980644822075474e-08 8.258527511369884e-07 0.00014353813756147308 5.6511988398987644e-05 3.2358074692923376e-06 2.5378699383838367e-06 0.0 6.510263969811037e-08 0.0 2.2415009005930466e-07 9.592137768391143e-05 3.82717925629152e-05 3.124925864402377e-06 4.229370975022666e-06 8.316941597664208e-06 8.051685182509796e-07 6.736518722897626e-07 4.084682678794384e-07 0.0
5.3374368655694324e-05 0.00021143495185774118 0.00015669199681906263 0.0013005863810148306 4.248758169276569e-06 0.00012793226081530846 0.001604899298867674 0.0004814462646903715 0.006643179891862842 0.00040108299951953293 6.284941658151629e-06 0.0007569302061551421 4.203589904645597e-05 0.0003288691400223088 0.00031927299220065026 0.0014279503092029771 5.11231308264103e-05 3.5848098660833086e-06 1.5582252479032883e-05 0.0003427926191161478 0.00034259264709742704 0.004287007335299852 0.00035853074127566 0.0 3.293273526183724e-05 0.00012210978700047777 0.0005403330525306301 0.00996787718277388 0.00035805037258400494 0.0009101853155364829 6.163624789079737e-06 3.5605449019298454e-06 6.652635773469089e-05 0.00025749862789255836 0.00013859771554517326 0.0016809205093805523 9.109591505590374e-05 0.0005360823336343654 0.000245156428256774 0.0006250080577208079 4.177618374987918e-05 1.0406271096972573e-05 2.3163665267980487e-05 1.7054729134422022e-05 1.7100873450579998e-06 2.4078801149954e-06 7.445553959241158e-05 4.961998993601413e-08 2.1537463567128193e-05 0.0009154203794955899 7.11077673504419e-05 0.0005041817786142143 0.00012985040566551007 4.524120121759902e-07 6.894395921789926e-05 1.3911710063767746e-06 3.609100877700592e-05 3.5079225226100057e-06 0.00013555913973913896 7.312032740358704e-07 3.4721381850945027e-07 1.3999539839485986e-07 8.08581502453902e-05 0.00012996398418916046 7.17994109138483e-05 3.888178477589478e-05 0.0018229005525832991 1.162012017848977e-07 8.987065437270124e-07 1.926740424622489e-05 0.0029190332107714863 3.016406249658751e-05 3.690051953561509e-05 0.0 1.3578232941449588e-06 3.004736512097757e-06 9.569201751554827e-06 3.238980421572564e-05 0.00019542502755286095 3.6340687591131974e-06 3.166337423963973e-05 9.719940624822593e-06 0.00010788565657676805 2.745306276361467e-06 2.9799802218066345e-06 5.100045408154926e-07
