0.0 6.121208656537978e-08 1.1227137888039155e-05 3.779467310455604e-07 8.042684586792384e-07 1.7927427147058775e-05 0.0007749916326314925 0.0003553672657769026 1.0547589522387265e-07 1.3797265531332938e-05 2.1451060669553606e-06 7.805552525886086e-07 6.278809490279536e-07 0.0024435312500894267 0.0 6.163771183353673e-08 0.00010213016229884786 1.5086481782341757e-06 1.7611840726037847e-05 7.790635681528349e-07 3.234808017947389e-05 5.899099198344793e-08 9.289265887553615e-05 1.3163948008955597e-05 0.0 1.8788889956373848e-05 9.77089163374237e-06 1.9928152882634832e-05 0.0020373729491199744 0.0008788159871679815 0.0 5.6108299796002416e-06 2.3669468544829932e-05 2.6689699300393598e-05 0.0 5.5918816220158685e-06 3.448243071214621e-06 1.2644306512616454e-05 3.006531257130635e-06 9.89948989234756e-07 5.666321085826551e-08 0.0 6.459308561495395e-08 4.631870648240157e-08 0.0 1.1826574987766497e-07 4.667929173855036e-08 0.0 0.0 8.218144109154964e-07 5.228678931130931e-08 0.0 0.0 0.0 0.0 0.0 3.630617085864267e-08 0.0 1.1905130359106148e-07 0.0 0.0 0.0 0.0 0.0 0.0 2.9626629272994667e-07 7.057662316522505e-07 0.0 1.6956837686903546e-07 5.594482294308322e-07 8.280022225580265e-07 8.142935563032605e-08 4.176945320733949e-08 0.0 0.0 0.0 5.8176314409077704e-08 0.0 0.0 0.0 1.2095101312242512e-07 0.0 0.0 0.0 0.0 0.0
6.121208656537978e-08 0.0 8.525578223455051e-05 1.4698493667121426e-07 1.5632283309924253e-07 2.0077847773921392e-07 3.6942288645168877e-06 2.8427617025259076e-07 0.0002527341798291173 7.70707993401e-07 9.393885103522025e-05 1.9885153218661571e-07 0.0006349596540478688 5.899507050388406e-08 3.249051999251947e-06 6.601030518367321e-05 2.125548421287521e-05 4.701028719127998e-06 1.4988965833588416e-05 1.132394119695602e-07 2.2472687680402847e-06 0.0015138412628791487 6.105411197869988e-06 0.00039232653819923146 0.0011063080764785144 0.00026414111639196314 0.005185669315906043 1.8205394428280577e-05 3.9389833969423764e-07 5.777437287704647e-07 3.195178788987162e-05 1.8072517935459855e-07 1.253104795087254e-07 7.685008629336376e-06 0.0 1.5035638128520934e-05 9.301252074278417e-06 3.063318199758495e-05 4.9222740422786534e-06 3.45244537100965e-06 1.2517371731863287e-07 4.1300562097672065e-05 0.0 2.1087858946186534e-07 2.5943888094207602e-05 0.00010319433547130209 3.497462557512988e-07 0.0 0.0 1.3232308125382755e-06 8.071729040506966e-07 8.34363664327552e-07 5.958625538415227e-08 1.7906614579196128e-06 0.0 8.486483423439837e-06 3.827395274459524e-07 0.0 2.0233492207877423e-05 1.1410659799709105e-05 8.551666671355202e-07 1.0792291195300062e-05 0.0 2.966512260058293e-06 1.1703531772320319e-05 2.1428134535314166e-05 8.03128505531238e-06 2.1386851676732544e-05 0.00027779169213070306 0.001804508031669645 6.267705157939717e-06 2.731149510086383e-07 1.3586939056334746e-06 3.697931468865e-06 0.0 0.0 2.2054098666263115e-06 0.0 1.3767333151862116e-05 9.441969768450081e-06 1.2132164620893482e-05 3.282961089534988e-06 1.5894235625809138e-07 8.735453730116495e-08 2.1723716289488744e-06 8.539610808791932e-08
1.1227137888039155e-05 8.525578223455051e-05 0.0 7.968029842390461e-06 1.08914628345665e-06 4.089021108913142e-05 0.0006546430554736841 0.0002729031245505755 6.476908891382136e-07 0.0002471230841282078 1.303218623830477e-05 4.0296154757424186e-07 3.222411032969082e-06 8.554729626437248e-05 4.3283895551166616e-07 1.4200244816734729e-06 0.0023206074010744897 1.3598935420482238e-05 0.00011849971870970154 1.6670561814541414e-06 0.0002671227118386582 5.767286770660962e-06 0.0024574830650998013 1.8551488536133784e-05 7.66895406656093e-08 0.004815160433798437 0.0024203356959558967 0.00025906299238897585 4.231709714065128e-05 0.0003375455069156021 1.1649897966092232e-07 2.4995731884799953e-06 1.8377014765022923e-06 0.00023663620789759587 9.523035927312622e-06 0.0008018133962249221 0.0011894796956407854 0.0005932807055334102 0.0001905547052297427 1.6700036581659508e-05 5.371703085637726e-07 1.993301593420451e-06 2.5548356891129106e-06 5.875377194134376e-07 8.466540912537007e-05 0.0006509860389352346 5.34293217203533e-08 0.0 1.0724661810506877e-07 1.0642324588813063e-05 1.7464081857666634e-06 4.2774509980189584e-07 1.7972117780550259e-06 5.2910079266138974e-08 0.0 3.1895833090875414e-07 2.2773851489576706e-06 0.0 4.913455396957438e-05 1.2847892046794588e-05 2.424757643395305e-07 1.6186113583936772e-06 0.0 9.745364115337573e-06 1.150472721194621e-05 0.0002510943418996062 1.5341779923307582e-05 4.511424349071954e-07 6.556118820415599e-05 0.0014709593404970604 3.43939597221554e-05 3.71072162635975e-07 7.757501549458171e-06 3.6570395268313434e-07 7.511959740665523e-08 2.7533266714403727e-07 5.861737791933036e-06 8.156107044489639e-06 4.9804228807535296e-05 1.538361398782999e-05 2.5155355475893864e-05 2.1007730072223414e-05 8.655263804202816e-07 1.93789714690416e-07 0.0 4.265708516852366e-07
3.779467310455604e-07 1.4698493667121426e-07 7.968029842390461e-06 0.0 3.5500825938012254e-06 6.826855701394805e-05 3.771304753158284e-05 5.98796913606845e-05 0.00031415036485473233 0.0026432208395735465 3.5179844845818147e-06 0.0015547825170881008 1.6602762882074671e-06 1.791711343806865e-05 3.491614372172504e-05 7.085671447460223e-07 2.1792536936554236e-06 3.241856765530694e-07 2.7475603829475665e-07 0.002948746969889564 9.40990449584313e-07 2.656959020873278e-07 3.4654608107132547e-06 0.0011846037714897419 9.322423457547458e-07 4.243873042692137e-06 4.062975802477327e-06 0.0017858845478086142 2.2384648533752334e-05 4.702717065335582e-07 5.3879028744180904e-08 3.875693007273324e-06 1.6879949120733454e-07 1.5729963913699833e-05 8.098114707929128e-07 0.00010260212376353587 2.6050061864787988e-06 4.272249663266547e-05 1.643459593516989e-05 0.00011074462899743298 1.602138214352103e-06 1.6583065083577913e-06 7.459107150052436e-07 3.973181023864527e-07 8.266113173003204e-08 2.9155067357788483e-07 0.00011355964241734405 8.222587454620667e-08 1.9956871385086475e-06 7.26209906466006e-05 6.12600175577933e-06 0.00011562220993629645 0.00011500437406846278 6.696953170890837e-07 8.151568219955938e-05 0.0 3.826053834535979e-06 1.522882482000272e-07 3.8458659771259343e-07 0.0 0.0 0.0 9.168013369906276e-05 1.1388443567938516e-07 4.460436747471031e-07 6.13628321417391e-07 0.0001824106902235453 0.0 0.0 1.951734732948103e-06 0.00026666550714131714 3.2004210587912137e-06 4.030920680941973e-07 0.0 4.1837270703563667e-07 5.627919279135633e-08 1.9873493133833587e-06 1.8499662128006827e-07 1.0737927432238895e-05 1.20521822983561e-06 6.3821614635390434e-06 2.560155739487409e-06 2.5440075437939102e-05 2.777181768352386e-07 2.4912898511291737e-06 6.507773733895043e-08
8.042684586792384e-07 1.5632283309924253e-07 1.08914628345665e-06 3.5500825938012254e-06 0.0 0.0008818126534713602 2.2753557916389307e-05 6.553044690895498e-05 2.846923525857032e-05 4.175885808043927e-05 2.055383106092532e-05 0.00013538688096716975 4.035062462887768e-05 1.1025503684010247e-05 0.0008390024124585543 0.0 9.42891909300435e-07 7.740214864479066e-07 3.361312460125848e-07 2.469909641714305e-05 7.949510138483828e-07 8.064954448943558e-07 1.2517676814631112e-06 2.269849537338175e-05 2.1012710338975886e-07 9.925562964972936e-07 8.508897504748075e-07 4.8950052316275885e-06 0.00017964208532802515 2.738232452740161e-06 6.671316503885126e-08 0.0003249409487939634 4.237039585925868e-08 0.0001733507504694393 1.4056618716661155e-07 0.00011479343481248429 5.835478881150352e-06 0.00024219466254426806 8.987768442429184e-05 0.0014644969672243991 4.205373521416327e-05 1.0446884170652857e-05 3.703484694978261e-06 0.0 0.0 0.0 0.0 0.0 0.0 3.867627302447414e-07 0.0 5.230965183714855e-08 2.490307450792991e-07 0.0 5.066245266987516e-08 0.0 0.0 0.0 0.0 0.0 0.0 0.0 2.1704542248529569e-07 0.0 0.0 1.6977045044809868e-07 4.0855649101273644e-07 0.0 0.0 4.8470670732890776e-08 3.725199665968149e-07 0.0 0.0 0.0 0.0 0.0 0.0 0.0 6.353170357029089e-07 6.312556002164056e-07 7.787008551439804e-08 0.0 0.0 0.0 0.0 0.0
1.7927427147058775e-05 2.0077847773921392e-07 4.089021108913142e-05 6.826855701394805e-05 0.0008818126534713602 0.0 0.0014925838935088399 0.003088041759345729 1.3025877054299015e-05 0.004516321923909112 6.725257885616088e-05 0.0024717862474853748 6.821577568535214e-05 0.00021410357169322896 0.0009266425910229542 2.9012453257804994e-07 2.515923102996007e-05 5.314488487920691e-06 5.029946210924889e-06 0.00039460744433448836 1.4661489164678328e-05 2.4814565501566357e-07 3.810629011834474e-05 2.5236130639992636e-05 2.738231048659354e-06 2.6215355240367046e-05 1.3543055800770638e-05 0.00013916820795708832 0.00022437774499291623 4.090371528267745e-05 5.965411928977002e-07 0.00010672032417219631 1.0535399701862516e-06 0.0002804694645335699 1.2919124401260655e-06 0.00041645582430992624 1.7969682715065908e-05 0.0004091615994662157 0.00012551995254250658 0.0014112712570786131 0.00011142830618265101 2.3509153784143577e-05 6.119633820627703e-06 1.1322825011710333e-07 2.2262758367555745e-07 5.96660649890185e-07 1.974380208346348e-06 0.0 0.0 7.70831052234387e-06 2.6841221636279517e-07 1.7150954532756737e-06 2.2073266886383095e-06 1.3230310318978955e-06 3.4028870843391234e-06 7.513005918520889e-08 4.270217386089011e-07 0.0 6.08838691081561e-07 0.0 0.0 0.0 1.7736274248925817e-06 0.0 2.453601120837671e-07 1.8822042699397452e-06 7.295885065039022e-06 2.1873418952382236e-07 2.5606174067625834e-07 3.145035793513271e-06 1.2467915671714628e-05 3.3409001929478606e-07 1.1583175023616734e-07 0.0 0.0 0.0 1.6127154539707907e-07 5.808552465632949e-07 1.048705999214552e-06 7.674532318349731e-07 5.953510633292364e-07 2.3623814125888695e-07 7.552634821042158e-08 0.0 2.935272457176221e-07 0.0
0.0007749916326314925 3.6942288645168877e-06 0.0006546430554736841 3.771304753158284e-05 2.2753557916389307e-05 0.0014925838935088399 0.0 0.004460352993543603 5.8584995776756225e-05 0.004849932961960527 2.6421553057052036e-05 4.06168363202457e-05 1.0361658322111403e-05 0.003521685087178724 1.22388459607857e-05 2.8960090172237235e-05 0.00010551316978572341 5.979590549336794e-06 1.3239518040990977e-05 4.123540165328755e-05 0.00023181946052163108 6.1372293601211055e-06 0.0007384837640272817 0.0007297004010896355 1.0489224164426321e-06 0.00016569792145287008 0.00029372800524616997 0.009731357679593752 0.001273783820065383 0.0038616436564722135 1.1853872757092551e-07 3.765382728309458e-05 4.452783340944621e-05 0.00033369100816592264 1.3585286980248143e-05 0.0015440793217184159 8.487990995620216e-05 0.0007071529343073209 0.00036275348561351376 9.115757869178843e-05 1.2845300581653863e-05 4.489258306307428e-06 1.705732909526653e-05 4.52498234605055e-06 1.248930336995376e-06 1.083044560452618e-05 3.3929430352147954e-05 2.2943047317005248e-07 1.5417620042281628e-06 0.00045117300735086376 1.8510035559593692e-05 8.703879021711625e-05 5.535668747461342e-05 4.294768214872839e-06 1.388761229068743e-05 1.447671025458316e-07 2.075780925397017e-05 1.825495011523846e-07 1.6081879702410195e-05 3.758754994749098e-07 2.522095997558199e-07 3.284242936650772e-07 2.658344492692235e-05 2.314916264295964e-06 3.2351921288330855e-06 4.534049145938958e-05 0.0004413036612544063 7.949800118533737e-08 1.743542468640851e-06 6.388438090961894e-05 0.000675925144520376 3.0215739397724723e-05 2.1667956091372642e-05 0.0 1.2640111874304362e-06 1.6493440363928603e-06 1.175251741427001e-05 3.607099963394528e-06 6.434887551584416e-05 2.8654464292587257e-06 2.9552841739240854e-05 1.8267670784498818e-05 2.683110175730159e-05 2.2288196850718855e-06 9.230299344274689e-06 4.202792599860542e-07
0.0003553672657769026 2.8427617025259076e-07 0.0002729031245505755 5.98796913606845e-05 6.553044690895498e-05 0.003088041759345729 0.004460352993543603 0.0 4.475664389244797e-06 0.003076436150119579 9.050475782627341e-05 0.000348975958107396 5.894821126955437e-05 0.0030004562277164185 4.587816317032203e-05 8.248516815445911e-07 0.00039950866370918985 1.2696297560033645e-05 7.850939582277387e-05 0.0003461983131811617 0.00026471473878173245 2.3969205418538066e-07 0.0004677195195622591 0.00014635538901534173 8.82364203970439e-07 0.00023438145948491166 0.00010732450511034681 0.00020328578873835516 0.0009281184216205126 0.0010868383730364196 1.6690775386586874e-07 0.0002801001499182669 7.313601473471711e-06 0.0003812375809690027 1.5244491923336724e-06 0.00037242377796065107 5.5703493144661234e-05 0.0003667433568003969 0.00011118815398326126 0.00021008404155293024 2.7129499000265937e-05 2.0062408222136923e-05 3.8391964281120055e-06 3.019587745549565e-07 1.090733390325231e-07 2.148727336874717e-06 3.3614601324564323e-06 0.0 1.934490146795181e-07 4.833173960765512e-05 1.84232266040441e-06 4.525478210755997e-06 5.343396010326204e-06 4.0290529781601845e-07 3.1499139045378686e-06 6.521853085348563e-08 2.2202158220308764e-06 0.0 2.38416818441683e-06 1.1325104578195182e-07 0.0 5.342880256442507e-08 1.2594967412005625e-06 5.036268259771862e-07 4.5499935048897376e-07 1.175878279252782e-05 3.671110921433662e-05 0.0 1.3140033508019796e-06 1.6897361406050192e-05 6.223918929472201e-05 3.7594956867041973e-06 1.3722603467619029e-06 0.0 1.7365998632736718e-07 2.9076146217499394e-07 7.60806899316834e-07 1.0564048102531854e-06 5.893270634738597e-06 1.200387342335484e-07 2.8702470090650418e-06 2.2728461332801934e-06 2.119194278771686e-06 6.704702753019452e-07 1.574413954498004e-06 0.0
1.0547589522387265e-07 0.0002527341798291173 6.476908891382136e-07 0.00031415036485473233 2.846923525857032e-05 1.3025877054299015e-05 5.8584995776756225e-05 4.475664389244797e-06 0.0 0.0001169351588656762 3.7140050240948172e-06 0.0002112690684243013 1.962427127644471e-05 1.031702037901363e-06 0.00031042742721800446 0.0001786882761123081 2.5769129640797095e-06 5.236214322109157e-07 1.4768424442613442e-06 0.00020006299082409555 9.636168114704607e-05 0.0013145155361376148 4.858610748412555e-05 0.005210957359759394 7.611844903906719e-05 1.2148733285692847e-05 0.0005412616636160346 0.000606924164466371 5.693801291265391e-06 2.962293949022478e-06 3.366867916249802e-06 1.6071849212643917e-06 3.659035012765466e-07 2.242008766701485e-06 1.3996962980908606e-07 8.205904381620221e-05 5.250110922809941e-06 7.170842847557207e-06 2.6901572293705988e-06 0.00011276536452062065 7.32348411392243e-07 3.7924226499945177e-07 0.0 3.562299886327175e-06 1.0773995507176454e-06 1.1500111058350395e-06 5.240126337440118e-05 0.0 9.866123150890538e-07 0.00010015092736115874 1.1108212857328635e-05 7.268449405538619e-05 4.33004916053742e-05 8.082334255550788e-07 2.1491237879395074e-05 4.616658592943235e-07 1.3570308108555984e-05 6.037624748743522e-07 0.00023333813346318433 2.2763444143735532e-07 2.3113855516890882e-07 1.5671427273612573e-07 3.3879095396409805e-05 0.00011780094509937055 4.739349584690107e-06 1.83536233923448e-05 0.0007408715647103314 2.3499789741135162e-07 2.3930038997422855e-06 6.554120986087499e-06 0.00045365842502535574 3.2655568652939364e-05 4.0502279255133306e-05 7.64493366568177e-08 4.819332072413463e-07 3.848627170858198e-06 5.559535847887698e-06 8.340744984085298e-07 2.695905400894709e-05 1.1296028345844996e-06 1.4659449231917348e-05 7.664887195669178e-06 7.090262174214552e-06 2.2308556966324055e-07 0.0 3.7898578623891014e-07
1.3797265531332938e-05 7.70707993401e-07 0.0002471230841282078 0.0026432208395735465 4.175885808043927e-05 0.004516321923909112 0.004849932961960527 0.003076436150119579 0.0001169351588656762 0.0 5.7343179582899275e-05 0.005085533675995781 1.568830300734449e-05 0.0005057107993962991 4.3002520156796995e-05 2.713349175378293e-06 5.480099079964192e-05 7.591422163937778e-06 9.63915483370509e-06 0.001858362446381741 4.535156777304127e-05 6.497182638319274e-07 0.00013684361973918948 0.00046062596555009267 7.673055791693866e-07 9.728532100827611e-05 6.19277091257164e-05 0.0034987520983033125 0.0003988314389517507 6.539856607854463e-05 3.755462208944328e-07 6.100070712023617e-05 1.0975924823819565e-06 0.0003041684104766945 5.27372663771005e-06 0.0012657959007537007 5.2547782132646846e-05 0.0006679766775234721 0.0002636710835168216 0.00018381234545427336 2.8514692649970798e-05 2.0465802537306335e-06 1.4021856967827994e-05 1.3675896424636317e-06 5.825810427917024e-07 3.928773314621929e-06 0.0001364389303816911 2.2075630186426366e-07 4.018103326755982e-06 0.00013968864255456677 1.1396198695596364e-05 8.906950872336976e-05 0.00016918522141116504 1.2603589608723595e-06 8.084688776352673e-05 7.071566059550304e-08 9.595611951712926e-06 0.0 4.356958745176948e-06 1.5109608527084464e-07 1.1473899780124126e-07 4.971891036832064e-08 8.492552515527284e-05 1.344527084272049e-06 1.0944773226316297e-06 1.2711719346459575e-05 0.0002119546097647357 0.0 1.3243311399301541e-07 2.1677924435814508e-05 0.00035223819594748604 6.692268233067533e-06 2.5061502372797136e-06 0.0 2.009845499988243e-06 2.2463762170766805e-07 3.5021431533048917e-06 2.214386229945322e-06 1.981107128023346e-05 3.0625802278658197e-07 1.199189100562342e-05 5.6687072051326685e-06 2.9883209158818288e-05 1.112001969809833e-06 1.4675926037581418e-06 2.1322940616486305e-07
2.1451060669553606e-06 9.393885103522025e-05 1.303218623830477e-05 3.5179844845818147e-06 2.055383106092532e-05 6.725257885616088e-05 2.6421553057052036e-05 9.050475782627341e-05 3.7140050240948172e-06 5.7343179582899275e-05 0.0 2.1783543142181636e-05 0.0013997533713562423 4.0409799150347756e-05 3.006605268314403e-07 1.3651264088371757e-06 0.00022260811698797473 0.0015549883629563965 0.0003619779251679766 1.9087889868576865e-05 1.2844471053073546e-05 1.5767047567756988e-05 3.191739058063407e-05 9.53295704036402e-06 0.000301455381416008 0.0007415364558213886 0.0004352588044295691 1.1844961351192561e-05 0.00014788283023307874 1.3838847714771167e-05 0.0001419759047630489 0.0001202856564661552 1.4519237581053726e-06 0.004641867860791842 7.264966572480527e-06 0.0005542007654048574 0.004166346682101783 0.0034682262374581053 0.0007405421304027405 2.5641369822948992e-05 2.7035230281384664e-05 0.0007448720265955573 5.06335100021865e-06 5.1478314077081666e-08 2.8816727791576198e-05 2.1003773423641424e-06 0.0 0.0 0.0 4.230116641622971e-07 1.1405549755773571e-07 1.7819740009416607e-06 6.026983192784727e-07 0.00018318318257553662 0.0 0.000848067338634557 9.674629222374729e-08 0.0 1.087375536977457e-06 2.9159858537726095e-07 1.742741590388373e-05 2.716645968909509e-06 0.0 0.0 2.3225327812539744e-06 8.26052689789551e-07 3.150765162940181e-06 0.0003586896985040426 0.0001293706463944551 0.00013481775884123434 9.354726243991573e-07 1.8690663133700784e-07 0.0 8.687909190296563e-05 0.0 0.0 7.642635181469536e-07 6.329685095787946e-06 1.1543281949387983e-05 0.0003852745847061467 9.42321864292244e-06 5.197217963890436e-07 5.7305426406478696e-08 1.242815871859706e-06 0.0001335899742286196 0.0
7.805552525886086e-07 1.9885153218661571e-07 4.0296154757424186e-07 0.0015547825170881008 0.00013538688096716975 0.0024717862474853748 4.06168363202457e-05 0.000348975958107396 0.0002112690684243013 0.005085533675995781 2.1783543142181636e-05 0.0 1.6651125729627475e-05 8.590485005499938e-05 0.0010045905343597746 0.0 1.661922311407903e-07 1.6676320512345274e-06 3.8278213756206154e-07 0.004237267852734624 3.1819301247756e-07 1.620785548024094e-06 8.059099707292983e-07 8.666193620704157e-05 1.4198406945753817e-05 9.648060985117806e-07 1.457390926257532e-06 0.000686323969317647 6.94816507094259e-05 6.700007852908525e-07 6.019813177455985e-08 2.767832310872456e-05 0.0 9.198120963716278e-05 5.610455817629969e-07 0.00040384924459510303 3.6762159393891887e-06 0.00014632282621043758 3.6158273757139565e-05 0.0010975456369681866 7.571012449276436e-06 2.4626617502432316e-05 6.333409551881035e-07 2.509110649233434e-07 0.0 0.0 0.0001302033078015559 3.213253004405187e-07 7.19868316235926e-06 2.1348571529513816e-05 2.061377896740847e-06 0.00012777965639685068 9.604366587074693e-05 6.40585791898499e-08 0.00011428221376179001 0.0 8.971202240474074e-07 1.1013540777889126e-06 1.7092456947354076e-07 0.0 0.0 0.0 0.00011794081356456763 0.0 1.5364146745694354e-07 0.0 0.00011141840736577354 9.949808372750986e-07 6.699110224442621e-08 1.6200171067913313e-07 0.00011612097022213345 6.900600303706457e-07 0.0 0.0 1.7684002483672426e-07 0.0 3.3366325738978624e-07 9.618597745621121e-08 1.0258536511913073e-05 4.698488579630174e-07 2.3194696472204552e-06 4.662266047937968e-07 7.863135324326113e-05 5.817077438604363e-07 1.2352695723141879e-05 0.0
6.278809490279536e-07 0.0006349596540478688 3.222411032969082e-06 1.6602762882074671e-06 4.035062462887768e-05 6.821577568535214e-05 1.0361658322111403e-05 5.894821126955437e-05 1.962427127644471e-05 1.568830300734449e-05 0.0013997533713562423 1.6651125729627475e-05 0.0 1.564085157342069e-05 1.2756944454912168e-06 1.3638469097220672e-06 3.566825451146512e-06 0.00016219541538990632 9.40562619083361e-06 6.226640218991982e-06 4.746204877469357e-06 8.353005799183228e-05 1.5487384837330584e-05 2.4707728804262615e-05 0.0018929470230089303 0.00020843319627884596 0.0023258812194848094 5.0956900646497485e-06 5.555956654769721e-05 5.788471895830104e-06 0.0004905098228082264 0.00010408174779413163 0.0 0.00044064989403646166 1.8779571134993182e-05 0.0007818601256699568 0.0019202569932741057 0.0019765847918071953 0.0002874720385734694 0.00010639045861908149 6.796001087040282e-05 0.0006458124895182257 1.1815527420407828e-05 0.0 2.6874352519692142e-05 6.428615945028671e-07 1.5575640251755207e-07 0.0 0.0 4.1817528619493024e-07 2.775658321013004e-07 2.9913482981636914e-07 3.4092100613739664e-07 0.00017376382741630505 0.0 0.0008673716943745513 1.3573658182430833e-07 0.0 2.195357466120064e-07 6.811794591863921e-08 1.304952232175704e-05 1.1044092396325343e-06 0.0 0.0 2.5587302867624793e-06 3.319733930444113e-07 2.5929285822945374e-06 0.0005712967956945993 0.00012492327955873007 0.00012640930569044379 2.6589461806475515e-06 0.0 0.0 0.00011283383781697313 1.0506440908876092e-07 0.0 2.6205965137304237e-07 2.655431181946703e-05 9.427774508749491e-05 0.00022409262476165033 7.5026528795362015e-06 6.58520060970072e-06 8.071720899198094e-06 9.112415209401266e-08 8.397007585125144e-05 0.0
0.0024435312500894267 5.899507050388406e-08 8.554729626437248e-05 1.791711343806865e-05 1.1025503684010247e-05 0.00021410357169322896 0.003521685087178724 0.0030004562277164185 1.031702037901363e-06 0.0005057107993962991 4.0409799150347756e-05 8.590485005499938e-05 1.564085157342069e-05 0.0 1.0599169221324327e-05 6.63694936468641e-07 0.0002905369604108865 6.93323930260909e-06 5.1560367340147735e-05 9.622693844991635e-05 0.00012061442560127962 1.084242289362631e-07 0.00032967763050713235 6.348829364334533e-05 7.043391703305433e-07 0.00010225717695882003 5.132581823337134e-05 0.00010855883750237939 0.0022968973780822426 0.0012344289572730803 1.5139200808293311e-07 0.00017159080947952204 1.3774867146625534e-05 0.0002488477226664261 9.153340153233361e-07 0.00025774611681980003 2.455091796459084e-05 0.00021241916306311183 4.991132269153948e-05 6.236440208639027e-05 7.170874803177789e-06 2.5516104840377978e-06 1.9088209460179683e-06 0.0 6.283588045288898e-08 5.38101540577029e-07 9.020190973761339e-07 0.0 0.0 6.278814135151895e-06 3.590585837498619e-08 1.1254033704820789e-06 7.63146770482345e-07 4.18084134999532e-08 2.114049585110944e-07 0.0 3.741567826455238e-07 5.456698900906989e-08 4.6693717587255976e-07 1.5388889638573627e-07 0.0 5.4334359957231015e-08 2.2082186496519952e-07 9.91888933350557e-08 1.0659759060179733e-07 1.985949724062853e-06 6.576247158070038e-06 0.0 4.797109091615809e-07 3.728597592647383e-06 1.1264424233156287e-05 6.137491175961906e-07 3.015800227743192e-07 0.0 8.07057191273694e-08 0.0 1.7308193766528286e-07 4.422855482456671e-07 1.74837253807709e-06 2.395233049107104e-07 5.209920647544279e-07 2.3723917221349358e-07 4.342518305043351e-08 0.0 6.2692597349698e-08 0.0
0.0 3.249051999251947e-06 4.3283895551166616e-07 3.491614372172504e-05 0.0008390024124585543 0.0009266425910229542 1.22388459607857e-05 4.587816317032203e-05 0.00031042742721800446 4.3002520156796995e-05 3.006605268314403e-07 0.0010045905343597746 1.2756944454912168e-06 1.0599169221324327e-05 0.0 0.0 3.0913102382738726e-07 0.0 0.0 0.00014729332532172925 0.0 1.911680153636381e-05 2.570443101314173e-07 0.0005830381719715207 8.183860703514674e-07 1.3147612083332048e-07 6.923608999470484e-06 3.0419795971515734e-05 3.835149767724559e-05 1.109446208438169e-07 0.0 8.067623303714588e-05 0.0 6.409895064266852e-06 0.0 4.045798859195453e-05 1.3702401379931986e-07 9.258104612118588e-06 4.0425658282380215e-06 0.0004338924999143428 3.752893445076462e-05 1.795029761755691e-06 0.0 0.0 1.3291019469305864e-07 0.0 9.593600780976973e-07 0.0 0.0 0.0 0.0 3.84906035141831e-06 8.386142180929096e-07 0.0 2.0796268018359217e-06 0.0 7.374373980486866e-08 0.0 7.537305562361441e-08 0.0 0.0 0.0 3.44454003030357e-06 0.0 0.0 0.0 1.9842254892352295e-06 0.0 0.0 6.369335692734215e-08 2.2516087031512853e-06 0.0 0.0 0.0 0.0 0.0 0.0 0.0 1.355717875738913e-06 0.0 0.0 0.0 9.174021398244163e-07 0.0 0.0 0.0
6.163771183353673e-08 6.601030518367321e-05 1.4200244816734729e-06 7.085671447460223e-07 0.0 2.9012453257804994e-07 2.8960090172237235e-05 8.248516815445911e-07 0.0001786882761123081 2.713349175378293e-06 1.3651264088371757e-06 0.0 1.3638469097220672e-06 6.63694936468641e-07 0.0 0.0 1.5257294241665797e-05 4.365713169336642e-07 2.123927069399374e-06 1.5076610661646447e-07 0.001440027483358636 0.0013977618701326527 0.002449753390347426 0.0016748824460322232 2.939626696606244e-06 2.849919442963344e-06 0.0014571995104541173 0.000983550385170849 3.4039992697243624e-06 3.240460094495785e-06 3.5609764084121466e-07 2.1142445832239852e-07 5.768319729705157e-07 3.401014756349974e-05 4.846267266385652e-06 0.000541783232895655 0.0001260143139415037 0.00015327201352300084 0.0001788131966270547 5.59836199650905e-05 3.8486121153362786e-07 0.0 5.977663143623258e-06 4.6380349208809405e-06 1.2365096690675436e-06 6.607160563293738e-06 7.99685232154873e-07 0.0 4.646136817167847e-08 2.2552873472734097e-05 4.368380958264818e-06 1.1219764481576535e-05 3.961777881891021e-06 2.390570596241692e-07 0.0 5.516487965341099e-08 6.944355960969203e-06 0.0 0.0011586335713656608 0.0 5.084815710520137e-08 3.181287158024491e-07 0.0 0.00031620467278378457 0.00022887133350016104 0.000970305513424807 0.00019127340973958218 0.0 2.5954937514009007e-07 8.742900410325482e-05 0.0002877353101589599 2.360536302135857e-05 2.9194854878177825e-05 0.0 5.6273761319107214e-08 5.046366117885824e-06 3.970642146859528e-06 2.7451914193850776e-06 1.2892633006947115e-05 1.0124438307538257e-06 5.887717644605299e-06 3.1632947710199528e-06 1.1558488451289672e-06 0.0 0.0 0.0
0.00010213016229884786 2.125548421287521e-05 0.0023206074010744897 2.1792536936554236e-06 9.42891909300435e-07 2.515923102996007e-05 0.00010551316978572341 0.00039950866370918985 2.5769129640797095e-06 5.480099079964192e-05 0.00022260811698797473 1.661922311407903e-07 3.566825451146512e-06 0.0002905369604108865 3.0913102382738726e-07 1.5257294241665797e-05 0.0 6.373350903284812e-05 0.002243857509940238 1.3070307799119433e-06 0.0008155164292484996 1.1228915761113364e-05 0.0019151889913250452 2.630708220722072e-05 3.1524545749906186e-07 0.002156370445947224 0.0033182519708647184 6.168516116330583e-05 0.0006972560910758287 0.0010148735923445635 3.874705246258882e-07 4.973508353069469e-06 4.21778167611309e-05 0.0014403788375622199 8.985694875443453e-06 0.0005475199331110458 0.0010280232441994036 0.0011710503119457573 0.0003558048044897795 2.8251981304520855e-05 1.4900614835478008e-06 3.7951254072208586e-06 3.0009870887151206e-06 1.8974916343102547e-07 1.6642664156607292e-05 0.00014806891354210856 5.3836064658120725e-08 0.0 0.0 2.4489998929747945e-06 3.28706022282128e-07 9.691661863119947e-08 2.877401359256947e-07 1.8956524064445296e-07 0.0 1.7953409406726706e-07 4.4641826934731513e-07 0.0 9.14412485626438e-06 7.936471509815431e-06 1.6692735200215928e-07 2.1451620728676174e-06 6.471745885675923e-08 1.5957761590346623e-06 2.994052101567888e-06 2.7763931107158187e-05 3.529675235006559e-06 6.368264972962246e-07 6.66818513270434e-05 0.0002600214358540193 5.957036669562888e-06 4.002736256218492e-08 9.533280132336354e-07 1.1832035564211561e-07 0.0 0.0 1.2430919605555364e-06 6.25164212348345e-06 9.715171269044754e-06 8.19817660128749e-06 8.198510001651396e-06 3.3231834934732085e-06 0.0 2.182581707336323e-07 0.0 2.3929594214514347e-07
1.5086481782341757e-06 4.701028719127998e-06 1.3598935420482238e-05 3.241856765530694e-07 7.740214864479066e-07 5.314488487920691e-06 5.979590549336794e-06 1.2696297560033645e-05 5.236214322109157e-07 7.591422163937778e-06 0.0015549883629563965 1.6676320512345274e-06 0.00016219541538990632 6.93323930260909e-06 0.0 4.365713169336642e-07 6.373350903284812e-05 0.0 0.00034724740682073565 1.7897807138203766e-06 6.631994827616378e-06 1.2188404487623274e-06 2.218740386389056e-05 2.240451224189816e-06 1.0381884700003087e-05 0.0016743872614839708 0.00044513220493520953 5.496130925341478e-06 2.4480556616117353e-05 7.653558273328414e-06 6.371975671423238e-05 8.588062164564496e-06 1.2189369567029852e-06 0.0007542389290125655 4.988567579873519e-06 0.0007689298418311006 0.0013937877825642125 0.001123184783517672 0.00031858115555689193 1.1511300335612468e-05 1.4115762611864465e-06 1.4971290045174105e-05 1.3203479003388403e-06 0.0 1.0141780707387655e-05 1.9054206241420655e-06 0.0 0.0 0.0 1.8401751679743027e-07 5.96520426660571e-08 0.0 1.7164442636401993e-07 1.5567853085883783e-05 5.99820763824297e-08 6.241455497965058e-05 1.281757836695948e-07 0.0 3.9952783453295547e-07 2.7868759080051637e-06 9.358585487909026e-06 8.741797996477396e-06 0.0 6.263440075674371e-08 4.385631215802956e-07 7.682967579603551e-07 4.7268494780392566e-07 3.856740081510081e-05 0.0001549743061466575 0.00017358147942631285 2.9000371083475366e-07 0.0 1.4169771111017743e-07 3.778312978261591e-05 0.0 0.0 2.2914044199114955e-07 5.369295224710614e-06 4.320417715255775e-06 2.325828457813344e-05 3.0150685836533426e-06 7.333273860858987e-07 0.0 0.0 4.337558478089051e-07 0.0
1.7611840726037847e-05 1.4988965833588416e-05 0.00011849971870970154 2.7475603829475665e-07 3.361312460125848e-07 5.029946210924889e-06 1.3239518040990977e-05 7.850939582277387e-05 1.4768424442613442e-06 9.63915483370509e-06 0.0003619779251679766 3.8278213756206154e-07 9.40562619083361e-06 5.1560367340147735e-05 0.0 2.123927069399374e-06 0.002243857509940238 0.00034724740682073565 0.0 5.780695069814254e-07 6.019185103400615e-05 1.6411092951833195e-06 0.0001542518541490801 4.296087677195423e-06 3.0229421181928203e-06 0.003291202761873404 0.0009178872637797241 6.870975060029168e-06 0.00015595486930799988 8.318282102906408e-05 2.794040853697604e-06 4.300738720429412e-06 1.0621002052508922e-05 0.0016855681436643128 4.114931551224403e-06 0.0006456590120922431 0.0005045809639955907 0.000864091831627261 0.00021556962927483033 1.0247446299041306e-05 9.062610496716808e-07 1.1374540965480562e-06 1.8196579919688186e-06 1.6428038830610415e-07 1.0789416664322466e-05 4.209414239434895e-05 0.0 0.0 0.0 6.721258950210541e-07 2.7078425159785937e-07 4.897501891816423e-08 8.863948755351956e-08 6.341592550549729e-07 0.0 2.3746107322271557e-06 2.043714064644886e-07 0.0 1.000016126689966e-06 1.1096396235189294e-05 1.6970126702116333e-06 1.485595289715056e-05 0.0 1.7434725045135233e-07 7.759451912089531e-07 3.8367250413776765e-06 4.175313479929552e-07 7.065767166492005e-06 0.00012632952528416548 0.00015995437602104483 9.370514129738881e-07 1.318512227904624e-07 6.112937912651418e-07 2.2795998248844904e-06 5.34863187484734e-08 0.0 1.4926287174788792e-06 4.441856329851789e-06 5.804016269916083e-06 9.998080548934318e-06 5.321645221510267e-06 1.1003562915588578e-06 0.0 0.0 0.0 0.0
7.790635681528349e-07 1.132394119695602e-07 1.6670561814541414e-06 0.002948746969889564 2.469909641714305e-05 0.00039460744433448836 4.123540165328755e-05 0.0003461983131811617 0.00020006299082409555 0.001858362446381741 1.9087889868576865e-05 0.004237267852734624 6.226640218991982e-06 9.622693844991635e-05 0.00014729332532172925 1.5076610661646447e-07 1.3070307799119433e-06 1.7897807138203766e-06 5.780695069814254e-07 0.0 7.668396288578045e-07 0.0 9.788828659846564e-07 0.0004840531928199437 4.987162283770802e-07 2.4219723207113783e-06 1.3222562624690083e-06 0.0011672246719138934 8.845947971000275e-05 6.764825414467441e-07 2.516937554131358e-07 2.1617455399037395e-05 2.1523389473474088e-07 8.096254901037048e-05 1.7114226020684484e-06 0.0003315965767006725 6.200948340539904e-06 0.00015949048654611593 4.927497497399907e-05 0.0003686788482652556 4.261665719850286e-06 5.465949587005071e-06 1.8766834871389982e-06 3.7223240927456996e-07 6.269447339043862e-08 3.948753793521611e-07 0.00012248048340997864 0.0 2.2766033473257556e-06 7.569361540504075e-05 4.583012238822871e-06 8.422542652135799e-05 0.00010452016338103634 4.5595704372257187e-07 7.908812972348742e-05 0.0 2.607600695761106e-06 5.202205990450836e-07 0.0 0.0 0.0 0.0 8.68629717888883e-05 0.0 5.55357375108396e-07 2.182044459610598e-07 0.00012950876119418957 5.708609089280203e-08 4.699830125744704e-08 3.2502652037282205e-07 0.0001953413530698268 2.3512855715948786e-06 7.885880775390638e-07 0.0 4.292172844263651e-07 9.563396131752793e-08 1.5226339282336344e-06 3.9704228900058414e-07 1.239550638289327e-05 2.359080894507168e-06 6.2437448336272545e-06 2.5398457932232756e-06 3.598423419703467e-05 2.1904307943511805e-07 1.2541475355010945e-06 1.976533517682651e-07
3.234808017947389e-05 2.2472687680402847e-06 0.0002671227118386582 9.40990449584313e-07 7.949510138483828e-07 1.4661489164678328e-05 0.00023181946052163108 0.00026471473878173245 9.636168114704607e-05 4.535156777304127e-05 1.2844471053073546e-05 3.1819301247756e-07 4.746204877469357e-06 0.00012061442560127962 0.0 0.001440027483358636 0.0008155164292484996 6.631994827616378e-06 6.019185103400615e-05 7.668396288578045e-07 0.0 0.00013673576664863525 0.007698616359250415 0.0003229474493510053 5.182841356338013e-07 2.1412469111370915e-05 0.0002251366473805094 0.0015435099795647585 0.00016780781033752122 0.005525680743819432 5.833731960781862e-08 2.9990524030195923e-06 6.571303875277955e-06 0.0020399476273065672 2.4926195168322467e-05 0.0038187422802516526 0.0006063990520301332 0.0026179081873240985 0.0020109827293885987 0.0004282309613637211 2.590152867928282e-06 2.211657322205596e-06 4.3073065966877976e-05 5.963921231724091e-06 6.703393221520496e-07 1.8046343548768487e-06 1.0235202623955e-06 0.0 1.9083206370231362e-07 2.5755612275635882e-05 5.010903795658519e-06 8.39497587469283e-06 2.5270566347103866e-06 1.888985382416251e-07 0.0 0.0 9.748525963724443e-06 0.0 0.00023368935493196967 1.210359147816874e-07 4.578691382692233e-08 9.395789393424557e-08 5.269479788830179e-07 0.00015636295147927818 8.543592242743197e-05 2.6596198436728167e-05 0.0001999426592269235 0.0 1.6644422628195178e-07 7.278255902333265e-06 0.0002749395405217643 3.809487725399657e-05 3.990140220171204e-05 0.0 6.308478425647781e-08 5.749725015632891e-06 4.820589338282646e-06 1.1129900478240304e-05 1.6833551160379007e-05 1.3164917713569532e-06 7.231695096136335e-06 3.74723591581762e-06 3.121735280988586e-06 1.1506914950759754e-07 0.0 1.5821729600933153e-07
5.899099198344793e-08 0.0015138412628791487 5.767286770660962e-06 2.656959020873278e-07 8.064954448943558e-07 2.4814565501566357e-07 6.1372293601211055e-06 2.3969205418538066e-07 0.0013145155361376148 6.497182638319274e-07 1.5767047567756988e-05 1.620785548024094e-06 8.353005799183228e-05 1.084242289362631e-07 1.911680153636381e-05 0.0013977618701326527 1.1228915761113364e-05 1.2188404487623274e-06 1.6411092951833195e-06 0.0 0.00013673576664863525 0.0 0.000289206779925381 0.0037531375048406005 0.00025204707682045487 2.5705906568346735e-05 0.0024591265185727844 0.00014359683516344297 7.20396474406608e-07 1.6634109753000946e-06 9.148621623661699e-06 0.0 1.6033803224413808e-07 2.5932702930862956e-06 0.0 1.1578714707258374e-05 2.5588313058535135e-06 9.960530551265638e-06 4.388722502246583e-06 1.7001608408062962e-05 0.0 2.4750469252107717e-06 0.0 1.2212068322771726e-07 4.886136015012765e-06 2.974571565500788e-05 8.148822358628753e-07 0.0 1.192128672757252e-07 6.15285785713245e-06 6.824960582853708e-07 7.6234438864417504e-06 9.181054427201838e-07 1.8949500907316255e-07 1.528222551342003e-07 5.989690963900408e-07 8.46688076026692e-07 0.0 0.0009121174739656165 3.7931840786892497e-07 0.0 3.511156789659749e-07 4.966917365719678e-07 0.00010522862536917588 2.5540976479994455e-05 0.0005142334759286623 4.804312631045314e-05 4.0602602669357517e-07 4.855068099938929e-06 0.0008746208389857774 5.737953241486347e-05 1.6094310493878626e-06 8.313093315602158e-06 6.036875315697129e-08 0.0 0.0 8.341718755420672e-07 3.917652892381336e-07 9.997230741808806e-06 2.144689196543993e-06 4.0616137418376326e-06 3.7704729104010865e-06 1.5033180908450646e-07 1.5882480677034267e-07 0.0 1.0546472550541685e-07
9.289265887553615e-05 6.105411197869988e-06 0.0024574830650998013 3.4654608107132547e-06 1.2517676814631112e-06 3.810629011834474e-05 0.0007384837640272817 0.0004677195195622591 4.858610748412555e-05 0.00013684361973918948 3.191739058063407e-05 8.059099707292983e-07 1.5487384837330584e-05 0.00032967763050713235 2.570443101314173e-07 0.002449753390347426 0.0019151889913250452 2.218740386389056e-05 0.0001542518541490801 9.788828659846564e-07 0.007698616359250415 0.000289206779925381 0.0 0.0005484510924778694 8.76460158238678e-07 0.0013014626284983744 0.0037799648664098113 0.0023429274347888723 0.00047135984613434003 0.003716128509547373 1.1160950620089598e-07 6.422733806103882e-06 2.3728623184987755e-05 0.0016643275918272107 5.383887418055031e-05 0.005973165638501435 0.003127556807837341 0.004395394846911253 0.004762654699728746 0.0008319824539514434 7.626275492663277e-06 7.877159278302393e-06 7.016791624091613e-05 1.6785517331828728e-06 1.9915252817470276e-06 2.3410786250548966e-05 7.466054518281954e-07 0.0 1.0640367799660591e-07 2.631435818935381e-05 2.516713266971366e-06 2.960453765437885e-06 2.1904199078086854e-06 4.984152831246861e-07 0.0 0.0 2.8846768733631014e-06 7.552077908319155e-08 0.0013001286394967785 1.1873795011868287e-06 1.3298641622252098e-07 6.329178588385967e-08 2.2998233592175703e-07 0.000232395052817106 0.00016124495546933018 0.0014630660223961007 9.119980049106222e-05 1.824804534139305e-07 4.613490896186172e-06 0.0003539823103135778 0.00015040904250000187 8.276015403724212e-06 1.5438379333733638e-05 0.0 5.642486322521725e-08 1.0046230062730613e-06 1.6518048669566484e-06 6.883413196767389e-05 1.4519078632813698e-05 3.35731008255918e-06 4.952619150712418e-06 6.634093995282167e-06 5.516159992516441e-07 0.0 2.116768310315078e-07 9.123726515837468e-08
