0.0 0.0 4.93424361521286e-05 4.949506887645296e-06 1.5960628148851944e-07 2.0231152660011267e-05 0.000882703534633627 0.0006818896129725182 2.2672557650600087e-06 3.757530325342292e-05 6.295695780846161e-06 1.8656496386006743e-06 6.61107149244947e-08 0.0021475118694132744 6.5244860833144e-08 7.033947890091146e-08 3.3356082637043554e-05 5.433757882700901e-06 1.2945632957614387e-05 3.3887231048668864e-06 5.664502333112806e-06 7.230427265874724e-08 1.9444491555563532e-05 9.893252542472469e-06 0.0 2.8997064625571405e-05 2.8997278533115778e-06 2.3467513441776147e-05 0.0018307141316019043 0.0015471136698765255 9.020780818055767e-08 5.518379112496035e-06 1.5543385226066053e-05 4.058031534163479e-05 1.6742131346091935e-06 2.45143021728661e-05 3.6060829077703905e-06 4.0290371251258084e-05 7.2053088052603076e-06 1.099753028807079e-06 5.753537315826152e-07 1.1178811463602661e-07 4.2936967252442924e-07 0.0 0.0 3.5823467399741794e-07 1.2703081922440208e-07 0.0 0.0 2.4357852827901447e-06 0.0 1.4715819897009056e-06 1.016486586388758e-07 0.0 1.2509506695271317e-07 0.0 3.2170218431414547e-07 0.0 6.380388291310112e-08 0.0 0.0 0.0 0.0 2.0721666859118327e-07 4.709005788165628e-07 5.834495189478478e-08 2.8498737226276516e-06 6.231618465582391e-08 0.0 6.598902618219597e-07 4.545777558204746e-06 2.440749144536223e-07 2.4952399061840954e-06 0.0 0.0 2.950191535707279e-07 6.174545596318749e-08 3.615080590981079e-07 2.3361240325840016e-06 0.0 0.0 0.0 1.899913799794384e-06 0.0 0.0 0.0
0.0 0.0 0.0003172501639908007 0.0 6.585866841291823e-08 0.0 1.1957181825885e-06 2.722281612169581e-07 0.000319023599398602 9.252128000140738e-08 5.451847614290883e-05 5.002642370382035e-07 0.0002997405208244627 3.309233272195107e-07 3.7154499864916017e-06 0.00014860697453326002 0.0005523681572861374 1.8656598174572436e-06 9.036441007319894e-06 5.624043950613507e-08 4.608355448021559e-06 0.0010490890085526137 8.72226410286879e-06 0.0005123678117404339 0.0005101867496316549 0.00040411937595366635 0.004067067424676936 2.1833191430386695e-05 6.053514854631396e-07 2.6169621383545724e-06 5.5880002340574336e-05 1.2059074473968708e-07 6.138176971889819e-08 2.591698439588526e-05 7.437138542972922e-07 7.34683741536303e-05 7.786078646210398e-05 0.00010032086666696393 1.4533851851416677e-05 3.7653637034236204e-06 0.0 0.00010115793077799155 0.0 7.586526677915579e-08 0.0004151647786534981 7.560213437453495e-05 0.0 0.0 0.0 6.128084748244822e-06 2.3677238565661178e-07 1.6291113256839585e-06 1.5354257483358178e-07 5.847214344573222e-06 0.0 2.441494232740963e-05 3.586749535773152e-07 0.0 7.068281128241468e-06 2.196915823297612e-06 1.2507879839551574e-06 9.317292179711171e-07 4.711346638448171e-08 4.0292028442837684e-07 2.205456826885774e-05 3.6650109873110654e-06 1.3980126395943162e-05 0.00024136660020289888 0.0001913756749275296 0.001929882012343414 1.961982890146918e-06 6.386865894440257e-08 1.0747088185480052e-06 5.031025339806524e-06 0.0 0.0 2.74558445969266e-06 7.386201947214514e-07 2.977780640337883e-06 1.938419829269515e-05 7.88841701433971e-06 1.4798642406109025e-06 2.9777158192492685e-07 0.0 1.4315603575650803e-05 2.923333854627284e-07
4.93424361521286e-05 0.0003172501639908007 0.0 5.785181926777178e-07 0.0 1.1561959612018059e-05 0.00041458693738959926 0.00012032600329746564 5.242799694853543e-06 1.7791351988293558e-06 4.034972997220984e-05 8.10576874788811e-07 1.2702686319233995e-06 0.0001693632634192308 6.675108174209352e-08 3.2659380689947732e-06 0.0018347990833554688 6.427343516412106e-05 0.00019615140583213682 7.37943425691245e-07 0.0002869982698836818 2.815662388675506e-05 0.004659323685384369 3.7072019922469e-05 2.860345943264166e-07 0.0026962558451006096 0.004599162071328832 0.00016479950771878648 5.4417385424878e-05 0.0018183958395648003 7.144713347091225e-07 1.7917161344729663e-06 5.67579503103058e-06 0.0004863290717290055 1.652841900638818e-05 0.0010279921689065365 0.0015802123883133612 0.0012584971322993216 0.00039705160886382583 1.1660222483945335e-05 1.2452837416646612e-06 4.190071516985064e-06 4.017611178807334e-06 1.1964425280448834e-06 4.3443049002979026e-05 0.0005164178287571072 1.7465922105993953e-07 0.0 2.1923904101660845e-07 1.2355984601034453e-05 7.930608444452731e-07 5.144787251470704e-06 6.242446270339129e-07 7.282627965023796e-07 0.0 2.3198657935112173e-06 2.335988991721478e-06 0.0 1.630691749433267e-05 2.8324759308650897e-06 7.030548111035866e-08 5.183884387012983e-07 0.0 8.216048142982387e-06 8.31368606752372e-05 4.1243444261657645e-05 2.0389960374360895e-05 2.92383793126596e-06 0.00016163963431011833 0.001855630745293942 2.3364804707451124e-05 2.237190777476577e-06 1.7020811382713434e-05 3.1744649244916316e-07 0.0 1.6401494293039256e-07 2.2282203785168368e-06 5.0218174683278324e-06 1.6935065690332188e-05 6.764240262395145e-05 1.1133528049130204e-05 3.90971195264518e-06 8.708362095006682e-07 0.0 1.0227775703216004e-07 3.139158219002561e-07
4.949506887645296e-06 0.0 5.785181926777178e-07 0.0 8.684753210022959e-07 1.1706178141236125e-05 0.0004809703651609206 2.275125245108397e-05 0.0004313745435454361 0.001996004464013836 3.355779245821234e-06 0.00071498336060059 0.0 3.599487128320287e-05 1.3323120789303938e-05 0.0 4.537083794761003e-08 4.431877795740173e-07 4.832544788533098e-07 0.0023656610986294738 3.206883415270259e-07 0.0 2.1445000164412043e-07 0.0009810508891739227 0.0 9.941161958575585e-07 6.08631776621043e-07 0.0018740918433847512 8.507641810252832e-05 1.7196772289059017e-05 5.0059989353782375e-08 3.0265314075464322e-06 8.556735516861193e-06 3.4284103294098785e-05 3.3171597956206995e-06 0.00012060302311957144 1.8799762501939486e-06 6.441320907206558e-05 2.6298892403208152e-05 7.682574724864161e-06 1.4907744347121239e-06 2.398236750703665e-07 3.3756929232381344e-06 0.0 3.914048641174065e-07 4.819620835663406e-07 8.508340622958901e-05 0.0 8.343979666081513e-06 9.966224724255283e-05 2.334695609269747e-06 0.00013906237664857555 8.716086797716868e-05 0.0 3.587239848221997e-05 0.0 7.988084126092632e-07 0.0 1.6843819474936804e-07 0.0 0.0 0.0 9.702796232466924e-05 0.0 8.402427487917496e-07 0.0 7.113140026230097e-05 8.728030799910112e-07 0.0 7.012169970454058e-07 8.64161258822248e-05 0.0 3.496201704629754e-07 1.9696794451441963e-07 1.123957534600692e-07 8.413012966253868e-08 6.830524158378209e-07 6.000673932028901e-07 1.988781550243289e-06 5.245040677650367e-08 1.325435933218795e-06 7.786741632618235e-07 2.3948214084429395e-05 0.0 0.0 0.0
1.5960628148851944e-07 6.585866841291823e-08 0.0 8.684753210022959e-07 0.0 2.7417635967015644e-05 1.9343206534015513e-06 1.2084962824790485e-05 7.553868891844891e-06 3.4303114920017696e-06 5.66720317493999e-06 3.5789552227916166e-06 1.6625860213159585e-06 1.3313795990002464e-06 0.0008172737813960226 3.171133673512973e-07 5.8774217009766886e-08 3.8519112480314745e-07 1.380018038328033e-07 1.313640924089781e-06 1.420937574231402e-07 1.6921816141031978e-07 1.7333206610421963e-07 7.271474424568486e-06 3.924411741191263e-07 3.0452552974659233e-07 0.0 1.587210978099858e-06 4.356732340422899e-05 1.3502038725164932e-06 0.0 5.3510731539480726e-05 0.0 0.0004437368293543173 4.477163467174389e-07 6.632123792737056e-05 4.115469489315389e-06 0.00012809586649348514 7.153545523732548e-05 0.0008895866328606246 0.0003005616920948397 1.1834467423494852e-05 1.4036218932772037e-06 0.0 0.0 0.0 8.503511275314396e-07 0.0 1.696042616196579e-07 5.08470164956469e-07 1.1432574658796079e-07 3.067613923942368e-07 4.989813529403504e-08 0.0 0.0 0.0 1.3710217723746371e-07 0.0 0.0 0.0 0.0 0.0 0.0 0.0 0.0 0.0 0.0 0.0 0.0 0.0 1.0243372742608211e-06 0.0 3.1946254914058546e-07 0.0 0.0 0.0 7.971748228693215e-07 1.1099642078539382e-07 2.874748062721422e-07 6.86380373536527e-07 2.561145143377832e-06 2.0007421736696077e-06 0.0 0.0 9.718319467161568e-07 1.5857428060434918e-07
2.0231152660011267e-05 0.0 1.1561959612018059e-05 1.1706178141236125e-05 2.7417635967015644e-05 0.0 0.001640449583319937 0.003413088620346205 0.00027487923648849004 0.004056144947886713 3.0550380150564155e-05 0.003732368790788849 2.321505273470776e-06 0.0008166147958235997 0.0005753701538425954 9.082895600619583e-08 5.8444622234279765e-06 2.8295235053878147e-06 2.5926360761233157e-06 0.0002242332061321269 2.081734630857552e-06 5.070733923563834e-07 4.150550322495489e-06 9.655824592985883e-05 6.4917790004474124e-06 1.0830524141701293e-05 4.026697305426892e-06 0.0001521776706441198 0.0003218000251956657 0.00012202507960614723 2.707714582947547e-07 0.00048604548681066036 7.38054208515791e-06 0.00025989827810421934 6.98684249715789e-06 0.000566484848645074 2.5373506902610313e-05 0.0003016491110815966 0.000187301721127423 0.0011237258530441925 6.75516705329755e-05 2.296034109536866e-05 4.606637236552095e-06 1.5022867501646319e-06 1.58177178218454e-07 5.306774357270441e-07 4.069068812005787e-05 0.0 9.14751468910835e-06 0.0001647128327766748 1.6628003179916634e-06 0.00010215565792833714 6.016821373121502e-05 8.122188492850493e-07 6.453401008289951e-05 0.0 3.205350241896028e-06 1.3781959124069381e-06 1.4096032023954233e-07 0.0 0.0 0.0 5.7077450670724036e-05 5.318206298669188e-07 5.017167414380796e-07 2.482445263705965e-07 5.763599837280955e-05 5.742357080961081e-08 0.0 1.588766221365113e-06 7.733785899067432e-05 1.6187719626783576e-06 4.61139820931484e-06 1.7052552801349025e-07 2.6858871412275947e-07 6.280055486433687e-08 5.836549209003978e-06 1.3748948825967976e-06 1.7765622394865298e-05 1.288261487423619e-06 8.44846618173962e-06 1.0688429257845335e-05 8.617218557854114e-05 8.444592407946128e-08 3.7843899238157513e-06 0.0
0.000882703534633627 1.1957181825885e-06 0.00041458693738959926 0.0004809703651609206 1.9343206534015513e-06 0.001640449583319937 0.0 0.0012072868142300487 0.00032517091258855486 0.010437227162631476 3.187898470653531e-05 3.5646346050497784e-05 1.1745485039049997e-06 0.002666369789154558 1.3177592194140059e-05 4.7335183630950814e-06 3.652924583528835e-05 5.5957665463767436e-06 6.729059165634588e-06 0.00014800296435074886 0.00014981912291001136 4.467992747498145e-06 0.00035844115582219887 0.0012920391538706448 4.8358035914489244e-06 5.189398677084229e-05 0.00013998960781549239 0.0107077273788525 0.0008126189182198416 0.004201308008907601 2.9235294443259463e-07 2.957837024794311e-05 0.00010841028045411322 0.00034082843312033224 3.8730524201820145e-05 0.001078237811797483 2.7263355365687065e-05 0.0006211805644044802 0.00022568238737086002 4.676749267366925e-05 1.6464243167165837e-05 5.8658247556024165e-06 1.9659557564403518e-05 5.387624466118953e-06 2.808764085825541e-07 1.2776989891359926e-05 7.222625334520821e-05 9.336311035280721e-08 1.9243972541825873e-05 0.000806496593504252 1.5529676514075777e-05 0.00022593138745511637 0.00013891163334941314 1.4925950778380158e-06 1.7163114242932952e-05 2.3626158728609317e-07 2.448209975238285e-05 0.0 5.91322325045143e-06 5.424865436988391e-07 4.1017749376096847e-07 0.0 7.353360006581537e-05 4.920596673931123e-06 6.588808747934622e-06 5.446283512541133e-06 0.00035683627393948305 4.7570140272440265e-06 1.7560120357735271e-06 3.4620756432804934e-05 0.0005254566028402751 1.2672916661855242e-05 0.00010310725433277062 0.0 1.8357239190749286e-06 6.685972106738704e-07 1.2690899285249339e-05 7.203880738308436e-06 6.997490984459674e-05 1.7270939902791693e-06 2.2172161096618725e-05 1.5145016586317482e-05 9.184484301901952e-05 1.972891605549056e-06 1.596622512728438e-06 4.270176193554811e-07
0.0006818896129725182 2.722281612169581e-07 0.00012032600329746564 2.275125245108397e-05 1.2084962824790485e-05 0.003413088620346205 0.0012072868142300487 0.0 4.520227982667852e-05 0.0010458067436140666 4.104050451102188e-05 0.00093452548942544 2.9427173467408123e-06 0.004585038239475388 0.00029620184171505183 1.5434924696381877e-06 9.992509611788882e-05 1.9796447906732996e-05 3.713394639823434e-05 0.00020408219675461018 1.5574185749703918e-05 2.417716247662371e-06 3.902037480236895e-05 0.00010682754079579279 1.6897268302611098e-06 8.903734632576846e-05 1.2800653013059883e-05 0.00014770126348442105 0.0008936965191303722 0.0009967828627124513 0.0 0.0007952059927709073 8.055651728264704e-06 0.00032134885915458266 7.648133992253899e-06 0.0005465412452055348 2.9724463824944193e-05 0.00037204138535626343 0.00021279511080969787 0.0006818977613335755 6.220446338985554e-05 3.503694496941444e-05 4.765724916562746e-06 1.9486555555403773e-06 5.881976176074959e-08 2.195274475507632e-06 9.316760982666321e-06 0.0 2.389690255038686e-06 0.0001316789501376176 1.6033385837345326e-06 3.770850819839141e-05 1.3821716812105388e-05 6.511546032695687e-08 4.306536539726545e-06 6.8936164798234e-08 2.9578189441139166e-06 0.0 2.3277196681641304e-06 0.0 0.0 0.0 5.205789679577181e-06 2.9779852046340273e-06 9.695392012591862e-07 5.001468258733353e-07 6.329230004561356e-05 2.203752266962859e-07 2.7007930014417406e-07 4.0152997181810825e-06 9.467927462977689e-05 5.827984772336277e-06 3.325564658538295e-05 0.0 1.3702207352757815e-07 7.563359846131427e-08 4.897804051321854e-06 1.573843407313004e-06 1.6398206079986542e-05 2.635915587090443e-06 1.1136066680535257e-05 1.4603983468645372e-05 1.11273871224334e-05 1.678790007288035e-07 5.3933247118161654e-06 8.551160325687548e-08
2.2672557650600087e-06 0.000319023599398602 5.242799694853543e-06 0.0004313745435454361 7.553868891844891e-06 0.00027487923648849004 0.00032517091258855486 4.520227982667852e-05 0.0 0.00026010756992421577 5.93022949006981e-06 0.0007326758309284951 1.5405825655662078e-05 2.731507925606394e-05 0.0004889044107942866 9.328597010334442e-06 2.4891750075584292e-06 3.5157148389205105e-07 1.1680251757946235e-06 0.0005286275648577148 1.3203849818312916e-05 0.002356903825297687 1.7796157834043714e-05 0.006391838331948769 5.221623064645904e-05 2.2143129723790484e-05 0.0004225157064839491 0.0009989653259643897 3.8795959671470834e-05 0.00011460683909960773 6.343493999597449e-06 3.3729825169722827e-06 9.261683091463961e-06 2.209056284386044e-05 4.66253870989418e-06 0.00014506600525485125 5.215536956723888e-06 4.210388000224434e-05 1.793824254723534e-05 0.00023267584560867683 1.1885280881713552e-06 2.8310028803305855e-06 2.0306491329687596e-06 7.364706319834237e-06 1.1735868047171253e-06 2.8602850544501224e-06 8.254490030095877e-05 4.451431481612432e-08 9.623427705550285e-06 0.00017335581447845146 6.28367000044944e-06 9.046437022132974e-05 8.066035820483927e-05 5.617780943175783e-07 3.5294749064166696e-05 7.549215126813729e-07 9.777498372570256e-06 2.107935433662874e-07 1.1656086898491747e-05 4.784673523685553e-07 3.1644058384521235e-07 2.73419267664796e-07 8.748179851404025e-05 1.7700069260090345e-05 9.510867357726629e-06 3.836052536247237e-06 0.00032133507520097616 9.997586535030694e-07 2.808734909167456e-06 1.4787950301690022e-05 0.0002900174881370977 2.078540848511352e-05 0.00010431226895722635 3.3230097094226116e-07 4.725341972293403e-07 9.652719829143705e-07 3.924873386129657e-06 2.1820231894528265e-06 2.7735714908483715e-05 1.2367772282205961e-06 6.335475501908113e-06 6.493900052965973e-06 1.8824173824894885e-05 1.0631152688566728e-06 0.0 9.518240012086803e-07
3.757530325342292e-05 9.252128000140738e-08 1.7791351988293558e-06 0.001996004464013836 3.4303114920017696e-06 0.004056144947886713 0.010437227162631476 0.0010458067436140666 0.00026010756992421577 0.0 5.802713142254344e-05 0.0008813705391687949 1.7326512281617346e-06 0.0012532051551322188 1.5645752192481404e-05 1.1763648010482676e-07 1.0440564351623276e-06 1.0111148228381357e-05 5.8270716203548615e-06 0.0023368442141999003 3.03487063957262e-06 7.671778390592337e-08 3.0527557794224573e-06 0.0002371066497500952 8.940504538662235e-07 1.8002703337095953e-05 6.4126587974890895e-06 0.0022466559998922412 0.0005138229391517735 7.088370833929495e-05 3.4458992291069433e-07 5.835937077965852e-05 1.3627979874240926e-05 0.0003447733895625098 1.53139923516734e-05 0.0006043987740253869 2.1148475289658923e-05 0.0005489417604062389 0.00013381350688579374 5.8134131054879184e-05 2.3509040157738193e-05 2.966647756612421e-06 1.8825388221877307e-05 4.9170246694419185e-08 1.6136680996692317e-07 5.969062540605758e-08 0.0001476859777582912 0.0 1.7883733586529225e-05 0.00024545458374834934 1.954556535662147e-06 0.00014443087072589132 0.00015449501728327344 0.0 4.8816332824199836e-05 0.0 8.59328440740632e-07 1.831716738770529e-07 0.0 0.0 0.0 0.0 0.00012743580985548765 2.793031260077094e-07 1.9322920666810563e-06 0.0 0.00011914141168648268 5.996977020476435e-07 6.497697872418474e-08 8.182319238087793e-07 0.00015314021853972973 8.544075677670668e-07 2.0323174496084976e-06 4.403449949232154e-08 2.3136768725840615e-07 1.2582022753684612e-07 1.0208894354372824e-06 3.168295783724787e-06 1.1470389491889457e-05 6.379069054153084e-07 4.297366700715959e-06 1.9008173832410094e-06 4.432271994387065e-05 0.0 1.1751863475130824e-07 0.0
6.295695780846161e-06 5.451847614290883e-05 4.034972997220984e-05 3.355779245821234e-06 5.66720317493999e-06 3.0550380150564155e-05 3.187898470653531e-05 4.104050451102188e-05 5.93022949006981e-06 5.802713142254344e-05 0.0 2.8485924978677446e-05 0.0009709637445694496 6.411538499837126e-05 2.5108710580581927e-06 8.125264596555232e-07 9.728369601951474e-05 0.0007387358723184987 0.00047908665236102727 1.702156000177305e-05 1.3654038771087703e-05 1.619515557847597e-05 5.41538774798435e-05 1.5437357463582492e-05 0.000623039157801652 0.001446304669261309 0.0008261117794257723 1.9409103824737717e-05 0.00014868458591017753 4.110650274241308e-05 0.00018599393562231955 6.14622196942325e-05 6.900746295748282e-06 0.003103317805920229 8.191570938043467e-06 0.0005090362135951803 0.0039193376240574465 0.0031214341099703082 0.0004622256841547685 1.3220320011081137e-05 4.68136902109034e-06 0.000726074926692405 1.9422957486103214e-06 8.826998777821215e-07 9.876179413225211e-06 3.8832624949150986e-07 1.2019167621650682e-07 0.0 2.0896319653367013e-07 8.156736289828159e-06 1.6618685286672368e-07 2.9051702073349094e-06 5.063924002271337e-07 0.00014022767898228602 1.1071985899954526e-07 0.0005104720060165556 2.288034141462605e-07 0.0 5.751525711616461e-07 0.0 8.942659617644185e-06 0.0 0.0 7.132362728046076e-07 1.7253414082722926e-06 1.0596445286298841e-07 6.1110288964289496e-06 0.0001552223720848087 7.289479289071399e-05 0.00018400060416005488 6.7957134274037515e-06 6.438567317602522e-07 4.458296651362638e-06 0.00010969251086456856 5.434983875797189e-07 0.0 1.2908088959932024e-05 1.6070807696941099e-06 1.085422568090457e-05 0.0003314798748848276 1.719008308040358e-05 2.06690969972134e-05 5.875632188357805e-07 5.30714997141426e-07 0.00015328872142545595 4.9551611625951134e-06
1.8656496386006743e-06 5.002642370382035e-07 8.10576874788811e-07 0.00071498336060059 3.5789552227916166e-06 0.003732368790788849 3.5646346050497784e-05 0.00093452548942544 0.0007326758309284951 0.0008813705391687949 2.8485924978677446e-05 0.0 1.2175541524289262e-06 0.0004143362974813093 0.0002825018634171913 7.745261133170744e-08 5.147703651578351e-07 3.901536934043482e-06 2.5070273989341134e-06 0.002633520181782236 2.532688222614712e-07 5.755404494963912e-06 9.20597337794895e-07 0.0003063970326373322 3.314621123254452e-06 7.943464180550876e-06 3.7604963298648032e-06 0.00018369139259604897 0.0001320703865500462 3.49113271598072e-06 2.2090149201344637e-07 9.335943508924546e-05 8.764091027513653e-07 0.00013108926254021432 1.7148711373885854e-06 0.0001265114382181575 8.224724329978026e-06 0.00012127512897596049 3.573596702404444e-05 0.0002849453689059718 3.0968121480959546e-06 4.9306200500021925e-06 4.603707114444646e-06 8.669297322903341e-08 0.0 0.0 6.882094823989949e-05 0.0 1.2307311819842088e-05 2.0220386436312738e-05 2.054741179805791e-06 0.00022641197015820538 7.528159628685773e-05 6.403859874373435e-08 0.00010937749779879522 2.038203097955564e-07 1.5292295240278725e-06 0.0 0.0 0.0 0.0 0.0 0.0001097155299329435 1.225081914540289e-07 7.804164967781027e-08 0.0 2.9846495387855268e-05 0.0 0.0 5.9207799434537175e-08 3.624705004618459e-05 2.6332792468545644e-07 2.154729828734958e-06 0.0 7.315947683980431e-08 0.0 1.1784134587535465e-06 1.8456230639424225e-07 1.6137681096999033e-05 2.4631471756807535e-07 1.149767706888681e-06 1.200771786213279e-06 0.00012410271949395718 0.0 1.8006429466267702e-06 6.681061883675429e-08
6.61107149244947e-08 0.0002997405208244627 1.2702686319233995e-06 0.0 1.6625860213159585e-06 2.321505273470776e-06 1.1745485039049997e-06 2.9427173467408123e-06 1.5405825655662078e-05 1.7326512281617346e-06 0.0009709637445694496 1.2175541524289262e-06 0.0 2.615648275306123e-06 4.6864802038647336e-07 2.3667867750554996e-06 7.719694262179536e-07 8.242838459283655e-06 1.2552544907944025e-06 7.157362163624601e-07 3.295077616238762e-07 6.980183459698315e-05 1.4085562547717678e-06 1.829385325946954e-05 0.002468989068175038 9.358365023940502e-05 0.0017408625710924272 1.7574573391955973e-06 3.927107888865679e-06 9.246826351912985e-07 0.0004196980594717924 5.532089241743601e-06 0.0 0.00032764775234980407 2.9537262409337397e-07 5.4037927044382934e-05 0.0015378023446203613 0.0010298430594406867 7.519095054207756e-05 1.045836680311192e-05 4.085758521134595e-06 0.0005820458609513749 9.115919989371531e-07 0.0 2.9020348540830878e-05 1.7672683150942175e-07 0.0 3.031215152075071e-07 0.0 2.7488998341127424e-07 7.47379188865743e-07 5.04459343201973e-07 1.128820775175091e-07 0.00013327351355163253 5.06565276944035e-08 0.0005498149237440222 7.657419034621027e-08 0.0 2.5230027026593497e-07 0.0 1.013125908479122e-05 4.225072103091102e-07 0.0 5.636714476579407e-08 8.670686480817567e-07 0.0 1.7831205713943695e-06 0.0002451496793726208 0.00013270593017073332 0.0003297766062020938 2.0566581636586474e-07 2.9249050440851443e-07 6.743785144767752e-07 0.00014404742976638466 3.0601545629279257e-07 0.0 7.447760280157723e-06 8.438443313587352e-07 9.885395481038708e-06 0.00024242307794383793 1.9187757297549822e-05 1.995712158367293e-05 4.2657412022577965e-07 2.7346438232324765e-07 6.27055480140604e-05 1.1016147928750622e-06
0.0021475118694132744 3.309233272195107e-07 0.0001693632634192308 3.599487128320287e-05 1.3313795990002464e-06 0.0008166147958235997 0.002666369789154558 0.004585038239475388 2.731507925606394e-05 0.0012532051551322188 6.411538499837126e-05 0.0004143362974813093 2.615648275306123e-06 0.0 3.8465276000001884e-05 1.7359518196871053e-06 0.00012028256439830259 2.942604848461485e-05 5.841902924643163e-05 0.00015016448525453119 1.8274881517464677e-05 1.6373372303762636e-06 4.862000790898059e-05 0.00010804677237053476 3.370097345678512e-07 0.00011871545199644683 1.857046363348577e-05 0.0001752404338314779 0.004414221974878927 0.001982938839463147 3.519087583588121e-07 0.0005050156234808113 1.3847390227256847e-05 0.0003456514739493999 8.276407066643846e-06 0.00031461774293829427 2.551157053326849e-05 0.00026272235053904187 5.6905069608840113e-05 8.945266022211065e-05 3.8106818079307994e-06 7.760593763963197e-06 2.4868902823031336e-06 3.1399553238268467e-06 0.0 2.6489838052834197e-06 4.710883715520542e-06 0.0 1.3908947015963066e-06 7.123136909010866e-05 1.2717518613144722e-06 2.7487032396360052e-05 7.106163309729091e-06 2.643501153637985e-07 5.759765096637522e-07 5.487827501838451e-08 3.4864261151061436e-06 0.0 1.4371522674594425e-06 0.0 0.0 0.0 4.474060419196607e-06 4.490125026515775e-06 1.7230377671378677e-06 1.1975207044824154e-06 3.8794587631239344e-05 7.867568799102303e-08 9.259159234761379e-07 3.980533852001797e-06 7.727449603862411e-05 2.170710658125189e-06 3.2319194955516594e-05 0.0 5.912411162022587e-08 0.0 7.046319727034502e-07 7.815163375908435e-07 1.2060050865936662e-05 7.962623098825265e-07 2.855545815696614e-06 4.7033684383809385e-06 9.841867044802945e-06 0.0 1.1545724876478072e-06 1.0897511204974894e-06
6.5244860833144e-08 3.7154499864916017e-06 6.675108174209352e-08 1.3323120789303938e-05 0.0008172737813960226 0.0005753701538425954 1.3177592194140059e-05 0.00029620184171505183 0.0004889044107942866 1.5645752192481404e-05 2.5108710580581927e-06 0.0002825018634171913 4.6864802038647336e-07 3.8465276000001884e-05 0.0 0.0 7.893383362430233e-08 2.0026375586851644e-07 1.479578683746975e-07 1.9795517739471832e-05 0.0 2.517468755720985e-05 0.0 0.0006706959123199071 9.89025903291818e-07 6.336395273218386e-07 5.517704457063408e-06 2.9844807676090438e-05 1.0616200374263109e-05 8.326773269591405e-07 0.0 0.0002110464318106182 1.9510799502730547e-07 4.626429162146459e-05 4.031534191569434e-07 1.458894639334417e-05 7.947177206236842e-07 1.340323684898934e-05 1.014007014880461e-05 0.0006207523199932856 0.00016656001218164247 7.588199123443618e-07 0.0 0.0 0.0 2.3262855881090614e-07 1.6182385086717485e-06 0.0 0.0 2.3751800226074724e-07 0.0 3.1795448415870744e-06 1.9087459014767224e-07 0.0 1.801663511145733e-06 0.0 0.0 0.0 0.0 0.0 0.0 0.0 1.76693389152652e-06 0.0 0.0 0.0 4.632965469630199e-07 0.0 6.006725129135365e-08 2.70419052763138e-07 1.5337312247245187e-07 0.0 6.218987671974125e-07 0.0 0.0 0.0 8.220375750414688e-08 0.0 0.0 6.845330605775883e-08 2.652278482012459e-07 1.8425001006323917e-07 2.198967000116287e-06 0.0 0.0 0.0
7.033947890091146e-08 0.00014860697453326002 3.2659380689947732e-06 0.0 3.171133673512973e-07 9.082895600619583e-08 4.7335183630950814e-06 1.5434924696381877e-06 9.328597010334442e-06 1.1763648010482676e-07 8.125264596555232e-07 7.745261133170744e-08 2.3667867750554996e-06 1.7359518196871053e-06 0.0 0.0 5.659566783743628e-06 2.4866903998713984e-07 1.019486739848626e-06 0.0 0.0008429739940688589 0.002238960589080364 0.0025445200529729574 0.001049794367402175 1.0340216305086768e-05 8.307353989683175e-06 0.002319880112958698 0.001155816144054506 1.0416213765925508e-05 5.7095883482210744e-05 7.871250022517687e-07 7.116423253076736e-08 1.1414869678563337e-05 4.451035426604253e-05 3.0421993081648337e-05 0.001107870117209446 0.0001473551680615184 0.00019022844369339105 0.0005231575207071604 1.3544110204519097e-05 1.2426260893198374e-06 9.867533189342567e-07 7.583239243125543e-06 1.5184602773932682e-07 2.1858149425525824e-06 2.8891528774252064e-05 2.8780267195277074e-07 0.0 3.139676337138347e-07 2.208058759309554e-05 1.7581297499548214e-07 7.935079903500267e-06 1.7702107542325324e-06 0.0 0.0 3.609940944273366e-07 2.3788246267159247e-06 0.0 0.0009797203808809484 2.1850161665116043e-07 0.0 7.081208095854998e-08 0.0 0.00016517073878142803 0.0007804504559217691 0.0011160857881244138 8.307152738328352e-05 5.964581631810906e-07 2.0366070163804526e-06 0.0003367168620634488 4.615849931620926e-05 3.0306724899921776e-06 3.6774830993040124e-05 1.0919193685031275e-07 0.0 3.428669230777177e-07 1.0151950553829703e-06 4.417293054898097e-06 3.2244539002435754e-05 2.2501302423502236e-06 8.376005838741641e-06 8.296547845205522e-06 4.364933565586546e-07 0.0 1.5461936268665613e-07 1.5500109643277378e-07
3.3356082637043554e-05 0.0005523681572861374 0.0018347990833554688 4.537083794761003e-08 5.8774217009766886e-08 5.8444622234279765e-06 3.652924583528835e-05 9.992509611788882e-05 2.4891750075584292e-06 1.0440564351623276e-06 9.728369601951474e-05 5.147703651578351e-07 7.719694262179536e-07 0.00012028256439830259 7.893383362430233e-08 5.659566783743628e-06 0.0 0.00016303142739718582 0.0007081932258624458 2.549579717641914e-07 0.0002588785171127962 4.093877783359787e-06 0.0009603469279913769 2.320446364769025e-05 4.994295339344617e-07 0.000786287908161244 0.0025978777809991986 2.147454546094986e-05 0.00012190670298594984 0.0010117748566034024 3.2604090042210543e-07 9.398090017980739e-07 1.2969440512578523e-05 0.0006140769284577322 3.074661940363957e-06 9.118226648526686e-05 0.0004081035909307767 0.0002576810402900403 3.849482565071456e-05 3.8934603574779715e-07 2.3544087652602956e-07 1.4179762028294803e-07 1.315344369049011e-07 2.1587686024078552e-07 2.2056905375287206e-05 1.63341637947354e-05 3.421211426288085e-07 0.0 0.0 1.9597978152830162e-06 6.792721687373017e-08 1.5392881308214174e-06 6.771296115921875e-08 2.3224337203618178e-07 0.0 4.728810238464109e-07 4.2010795346084517e-07 0.0 2.5976377081858614e-06 2.286475240362776e-07 3.072872440033435e-07 2.2007462068988977e-07 0.0 3.342036769519208e-06 2.259013082662872e-06 1.8241484988078115e-06 3.7971390625040922e-06 1.6196321518366561e-06 0.00010338394633425314 0.00019023969408249217 4.297516270513795e-06 1.0263325103776193e-07 2.9437099142840606e-06 4.543669453519432e-07 0.0 0.0 7.93579916976866e-07 1.6093112213681016e-07 1.4385298579326418e-06 6.665054523720213e-06 1.43731749262541e-06 6.936715028334041e-07 2.9827252912842385e-07 0.0 1.2038595515697897e-07 0.0
5.433757882700901e-06 1.8656598174572436e-06 6.427343516412106e-05 4.431877795740173e-07 3.8519112480314745e-07 2.8295235053878147e-06 5.5957665463767436e-06 1.9796447906732996e-05 3.5157148389205105e-07 1.0111148228381357e-05 0.0007387358723184987 3.901536934043482e-06 8.242838459283655e-06 2.942604848461485e-05 2.0026375586851644e-07 2.4866903998713984e-07 0.00016303142739718582 0.0 0.0009867673414704309 2.293721037906876e-06 1.0645518717116448e-05 4.929139147206906e-07 7.52925436327614e-05 2.6389142413706313e-06 2.0133910885098464e-06 0.0016466596410667064 0.0002723300999218077 5.1261202115915836e-06 5.1871210458980245e-05 5.866848628556976e-05 9.88739307652025e-06 4.551498874339862e-06 5.752424981849418e-06 0.0007391429559273006 1.5990275860661715e-06 0.00019906871955462676 0.0006404445014401796 0.0008524916113315375 0.00015618394924109532 8.529229456954165e-07 2.5765164947864353e-07 6.939329966346346e-06 2.531909099754345e-07 0.0 1.2748878134189423e-06 3.4701371141770884e-07 0.0 0.0 0.0 7.741001906354769e-07 0.0 6.443935363924841e-07 5.601140499303155e-08 1.2635470147717134e-06 0.0 4.342570683242103e-06 0.0 0.0 0.0 0.0 1.0845660109611811e-06 0.0 0.0 9.282842464311189e-07 6.103866237819174e-08 6.010279331889902e-08 1.205170670218279e-06 4.103807096146247e-06 1.9041030616150738e-05 2.5847616971161923e-05 1.7254368847180747e-06 0.0 8.989147020859816e-07 4.6559466079400236e-06 0.0 0.0 0.0 2.625818616043125e-07 1.3074464570170345e-06 2.6435526049930606e-06 1.100505821812304e-06 1.1326262338901713e-07 2.976595858298312e-07 0.0 2.720459453479532e-07 1.5848861026827553e-07
1.2945632957614387e-05 9.036441007319894e-06 0.00019615140583213682 4.832544788533098e-07 1.380018038328033e-07 2.5926360761233157e-06 6.729059165634588e-06 3.713394639823434e-05 1.1680251757946235e-06 5.8270716203548615e-06 0.00047908665236102727 2.5070273989341134e-06 1.2552544907944025e-06 5.841902924643163e-05 1.479578683746975e-07 1.019486739848626e-06 0.0007081932258624458 0.0009867673414704309 0.0 1.5785998866328287e-06 4.5287300841817714e-05 9.64808212090037e-07 0.0004928001965228121 4.006973892753507e-06 6.137360287615074e-07 0.001964070143589962 0.0006103701158556976 5.299525671962204e-06 9.114815728026793e-05 0.0001626013416533661 9.09737816786075e-07 3.2147149414960324e-06 9.773804205417742e-06 0.0011875419156534709 1.3207872391833804e-06 0.00011059458111459395 0.00013896112654644493 0.0007845772179369652 9.682204471984733e-05 7.756304434766163e-07 9.203427189203708e-08 3.4621774531460054e-07 9.842143188784618e-07 5.486338562457012e-08 1.0186108494456592e-05 1.0677746455713358e-06 0.0 0.0 0.0 7.120411931210062e-07 0.0 7.63366232069019e-07 0.0 1.2980162276997695e-07 0.0 6.113128546723939e-07 0.0 0.0 8.071664007659258e-07 2.3330953455567851e-07 1.1045760495856423e-07 1.7374442243855088e-07 0.0 6.705625696961757e-07 2.1163013478104657e-07 6.089628004096857e-07 2.0407917798428795e-06 1.3933017697441596e-06 5.74177814610295e-05 5.9449330441784056e-05 9.586291791949778e-07 1.247080082514487e-07 1.3572089738957184e-06 9.837796468859464e-08 0.0 0.0 1.280436093088503e-07 1.9628369597029166e-07 6.010170170309391e-07 1.5881418703741482e-06 7.030785767880192e-07 6.715882093070048e-07 0.0 0.0 5.2073244299573594e-08 0.0
3.3887231048668864e-06 5.624043950613507e-08 7.37943425691245e-07 0.0023656610986294738 1.313640924089781e-06 0.0002242332061321269 0.00014800296435074886 0.00020408219675461018 0.0005286275648577148 0.0023368442141999003 1.702156000177305e-05 0.002633520181782236 7.157362163624601e-07 0.00015016448525453119 1.9795517739471832e-05 0.0 2.549579717641914e-07 2.293721037906876e-06 1.5785998866328287e-06 0.0 9.382206455040442e-07 0.0 7.592778584869886e-07 0.0005093070853141883 1.3933515621709024e-07 3.849609515688664e-06 1.0419294432707195e-06 0.0017426172090808701 0.00011785733453652509 4.509685085949733e-06 9.555475539213633e-08 1.7170437342441308e-05 2.630599020796037e-06 8.723339595528925e-05 2.6158360332246e-06 0.00014779500759531464 5.824821122272804e-06 0.00013946159015799605 3.2811343313724185e-05 2.9714780942889688e-05 4.6256238392779335e-06 9.271049409031103e-07 2.1954585673992966e-06 0.0 0.0 1.8243451575936222e-07 0.00010305845889328448 0.0 8.123542538829707e-06 9.022991396177931e-05 6.508217116505056e-07 0.00019476010072805514 8.453215978650348e-05 1.6716092643113518e-07 3.97789169322839e-05 6.373566614155097e-08 3.8703333399738406e-07 0.0 5.546189993316263e-07 0.0 0.0 0.0 0.00010297837961265465 0.0 7.39070120662403e-07 0.0 6.325729221756851e-05 7.339732210561615e-08 4.8989714330464536e-08 1.477812805736709e-07 8.136724651669098e-05 5.47072890701723e-07 5.76790007157652e-07 0.0 0.0 0.0 2.00347935217149e-07 6.407244497787143e-07 3.820243584120788e-06 1.3862137465249408e-07 1.4408252822516633e-06 7.426959153908292e-07 3.968310759897843e-05 0.0 0.0 3.7163661532168513e-07
5.664502333112806e-06 4.608355448021559e-06 0.0002869982698836818 3.206883415270259e-07 1.420937574231402e-07 2.081734630857552e-06 0.00014981912291001136 1.5574185749703918e-05 1.3203849818312916e-05 3.03487063957262e-06 1.3654038771087703e-05 2.532688222614712e-07 3.295077616238762e-07 1.8274881517464677e-05 0.0 0.0008429739940688589 0.0002588785171127962 1.0645518717116448e-05 4.5287300841817714e-05 9.382206455040442e-07 0.0 0.00010913055803389593 0.006652289517345488 0.0001546889109181834 9.109323271090875e-07 1.8917469439393142e-05 0.00046175436412104276 0.002423856568080264 0.00011496979061477808 0.005224053166137109 0.0 2.237502000624312e-06 5.651943494804214e-05 0.001743642882836951 0.00017000123413399317 0.004125659368607199 0.0003129809685351964 0.002879150055513063 0.0029286431352689053 3.101173258097979e-05 9.090472798795302e-06 1.9915206580173825e-06 2.5051140979021593e-05 1.5970026489880116e-06 1.7043332846318266e-07 4.721897475903249e-06 5.083079995916515e-07 0.0 2.8995517447565135e-07 9.090529759430899e-06 4.962194994155416e-07 2.5882744987540743e-05 1.6892630881096118e-06 0.0 6.172483609841126e-08 1.1766844622018507e-07 1.7203843952377572e-06 0.0 0.00022459407993581743 3.296402628924065e-07 1.413414928173099e-07 5.773549848987295e-08 2.081256589153425e-07 0.00022403136449374156 0.0001969610864719171 0.00018130973880837518 0.00010451377957182309 0.0 5.022603538206606e-07 1.3116065954291903e-05 9.836252648851831e-05 5.656086487270411e-06 9.070048312357973e-05 6.12266291987552e-08 0.0 2.919309335449703e-07 1.2567792425472632e-06 1.5870294139234408e-05 4.728020452995478e-05 4.867417510177703e-07 3.027251689652427e-06 5.268105810983454e-06 8.301099776613681e-07 0.0 8.206262161603997e-08 0.0
7.230427265874724e-08 0.0010490890085526137 2.815662388675506e-05 0.0 1.6921816141031978e-07 5.070733923563834e-07 4.467992747498145e-06 2.417716247662371e-06 0.002356903825297687 7.671778390592337e-08 1.619515557847597e-05 5.755404494963912e-06 6.980183459698315e-05 1.6373372303762636e-06 2.517468755720985e-05 0.002238960589080364 4.093877783359787e-06 4.929139147206906e-07 9.64808212090037e-07 0.0 0.00010913055803389593 0.0 0.00037426630699470087 0.00447030107468731 0.00023642290765425904 4.658774046070092e-05 0.002576930106454366 0.0001557863715537998 3.232840441628959e-06 1.8979670404307943e-05 1.877616939111135e-05 0.0 4.896350490123187e-07 5.640535361279933e-06 1.041765500190107e-06 6.867472133830988e-05 1.6222850633329516e-05 1.929363693206956e-05 3.235470158439859e-05 1.4334662110328441e-05 0.0 1.3134024979942466e-05 6.433526346409798e-07 1.8296966146325983e-07 6.927588288691191e-06 5.324079879029443e-05 2.0639959108897747e-07 0.0 4.0855849030200926e-07 1.0555305387367014e-05 4.6481341778226304e-07 9.909846565024573e-06 1.6793949713461462e-06 3.208339667619335e-07 0.0 2.265513009643438e-06 1.9393167147417899e-07 0.0 0.000492699142587933 1.5189308395834738e-07 2.980072808242026e-07 1.080535105933543e-07 8.573690620525689e-08 0.00012162727395752189 0.00021660660588573985 0.00035204680757522627 0.00014924143040897486 3.2392390183286028e-06 6.370085768801887e-06 0.0007210379652031961 5.0262248853686485e-05 2.064461385699755e-06 4.13792578898642e-05 1.2624156297439073e-06 0.0 2.3900188703091546e-07 9.001805750001999e-07 6.470646854505457e-07 1.753546928891469e-05 2.167892036482396e-06 5.4539892879030544e-06 4.197021902402096e-06 2.1537918993276354e-07 6.073446817125047e-08 0.0 1.0687830528080867e-07
1.9444491555563532e-05 8.72226410286879e-06 0.004659323685384369 2.1445000164412043e-07 1.7333206610421963e-07 4.150550322495489e-06 0.00035844115582219887 3.902037480236895e-05 1.7796157834043714e-05 3.0527557794224573e-06 5.41538774798435e-05 9.20597337794895e-07 1.4085562547717678e-06 4.862000790898059e-05 0.0 0.0025445200529729574 0.0009603469279913769 7.52925436327614e-05 0.0004928001965228121 7.592778584869886e-07 0.006652289517345488 0.00037426630699470087 0.0 0.0003188628350909255 1.040155762153103e-06 0.0009858863841391632 0.005583940514558772 0.0016443296617784028 5.204927391567331e-05 0.003677295540039131 2.8312204047483333e-07 1.3686155439312495e-06 1.847568911509846e-05 0.0017289378148558957 0.0001162438916742663 0.004730892485777552 0.0012215294372596413 0.004340273583090064 0.004553253081203553 0.00010467499254383585 1.7271337869458768e-05 2.861795502554234e-06 4.0080295450403796e-05 1.2111869356189777e-06 1.7369414830817392e-06 0.00024410837862222755 1.5435940656862696e-07 0.0 4.9880747267421e-07 3.2178484998283575e-05 1.095419027332483e-06 9.810112334260083e-06 1.0232168832173327e-06 0.0 0.0 1.3208691328974195e-07 2.7031546190493562e-06 0.0 0.0007827793153515253 5.608414469956101e-07 0.0 0.0 2.592611868057994e-07 7.235755073968671e-05 0.0005335757823074712 0.0010837382782401112 4.545207718779619e-05 5.999735961660385e-07 5.487380828216257e-06 0.001082714753803869 3.6791280565943566e-05 1.5130546327914946e-06 3.360650317356595e-05 0.0 0.0 3.900223255320403e-07 1.6105311522077609e-06 2.1578933481322228e-05 5.8440368500359834e-05 6.657148300662086e-06 1.4155140119747826e-05 1.3762069335220496e-05 1.9179390760792083e-06 0.0 0.0 2.702325056575391e-06
