0.0 0.0 3.193629564105644e-06 3.4341141625566364e-07 1.0648327893494772e-07 5.776413765958553e-07 0.0003058208023572085 0.0005916255314697919 1.957870908249217e-06 6.566958489870338e-06 2.9539769533816736e-06 1.9050750656656627e-07 9.045082060257364e-08 0.0031187075480756782 0.0 0.0 9.957598209352857e-06 3.497849962626058e-06 5.6431698378826145e-06 0.0 7.758926717199715e-07 7.85899528459371e-08 4.627889887996344e-06 7.954587371005448e-06 0.0 9.003353073605509e-06 2.7697841621849125e-06 1.8012381988634506e-05 0.0011048012158581255 0.000517216769832596 4.955106168550024e-08 2.5246513176027208e-06 2.9274088072736578e-05 3.5390582972430636e-05 5.370268852136566e-07 2.3021174917307223e-05 6.431058008067125e-07 8.678564637972117e-05 1.071532467029254e-05 5.1340992047451075e-06 3.624117260652432e-06 2.607958494966826e-07 1.241305374317055e-06 0.0 6.162038841250434e-08 0.0 0.0 0.0 0.0 0.0 4.7934679268359505e-08 0.0 0.0 0.0 0.0 0.0 0.0 0.0 3.484583037936247e-07 4.14225938548769e-08 0.0 0.0 3.376851606058698e-07 0.0 0.0 0.0 5.016541270299506e-07 5.7491017762392965e-08 2.0616855623156637e-07 2.008356055955576e-07 1.3577359284294519e-06 1.7025938039880515e-07 3.371821198917854e-07 0.0 0.0 0.0 0.0 0.0 1.5687942270532784e-06 6.047732936507335e-08 3.2405385880319175e-07 0.0 0.0 0.0 0.0 0.0
0.0 0.0 9.253861888290325e-05 2.5565152688902203e-07 1.288631533434007e-07 4.1355638034283255e-08 2.6431828561398765e-06 1.586850457344601e-06 0.0002024413930297635 1.4790480795911593e-07 4.423455240281601e-06 1.0963486695093008e-06 0.00035898401706134975 3.308390212758499e-07 2.2184103018373253e-06 0.00010115495247622434 6.247394396730459e-05 1.0771237110187806e-06 2.6546600800795083e-05 0.0 6.0375407839253424e-06 0.001474073377991768 1.580820205072908e-05 0.000283710378246555 0.0013360642295977248 0.00022459725885210562 0.0019850946976155566 5.453689553305616e-06 1.3119428838041395e-06 1.2808853581869373e-06 7.792128677230363e-06 3.7155000223151555e-08 0.0 2.314090401402903e-05 5.127931191224426e-07 5.7197349000853866e-05 4.4086608704057134e-05 6.924568407752822e-05 1.589910490114705e-05 3.601638494681701e-06 0.0 1.7447538995917364e-05 7.034771642169837e-08 1.1641982624899325e-07 0.00014835284908084907 0.00019719997679587805 0.0 0.0 0.0 1.0281548057450735e-06 2.1006781941342607e-07 1.1866207943837568e-06 8.008166439413228e-08 4.836053377021835e-06 7.348210680976443e-08 1.795862456414289e-05 1.1173015881519929e-07 1.796721503386729e-07 1.4358126757118389e-06 5.0605388016677024e-05 2.5431100477821947e-06 3.037922132938453e-05 0.0 1.5019190765653917e-06 2.0335722507698504e-05 1.1580670275487595e-05 2.784920308447859e-06 0.00010158619373326858 0.00020359549057741877 0.0015330101507144216 1.2537684436175895e-06 4.066426242628135e-07 2.021797141663418e-06 4.657626390144145e-06 5.546380040293315e-08 9.45730679024272e-08 9.002717954105394e-06 0.0 8.643177634005852e-05 4.723869396538187e-05 5.829907546322345e-05 7.929765775525044e-06 2.254361569081662e-06 3.2600527735140275e-07 8.46626946167775e-08 5.741664974091246e-07
3.193629564105644e-06 9.253861888290325e-05 0.0 6.225489777686286e-07 6.211901069111951e-08 3.331362025945917e-05 0.00046822563303865303 0.00019554100048028246 1.6996423368284106e-05 6.881891664856905e-05 8.320027598000411e-06 6.053177036498207e-08 1.6624125977289458e-06 6.479914662742948e-05 4.988060016905836e-07 2.5165046374951497e-05 0.001381123516544455 3.910161440207838e-05 6.959687975202809e-05 5.146753206147334e-07 0.0009558262314005623 0.00013178755792237704 0.005901338868290715 4.4095041230012836e-05 2.0880478484970013e-06 0.005714789364153208 0.007821069311329929 0.00021504647477819626 3.138210521780845e-05 0.00012205560049184033 7.750557150889618e-06 1.934131104272339e-06 1.527745336759544e-06 0.00017213743003354666 8.942586841593832e-06 0.0006338128499387016 0.0011214108767497485 0.0007512464395034867 0.0002539648878964007 2.5453395327946202e-05 1.4082585594006992e-06 8.063654541211242e-06 3.7444807425083453e-06 2.624434271697849e-07 0.00021480650350464328 0.0008003335048060877 1.3624525440358066e-07 5.0546194940463445e-08 0.0 4.5461110486849835e-06 6.067055819644892e-07 2.5309319186116905e-06 3.328987220916401e-07 1.050403158261717e-06 5.7893487051960793e-08 2.097821681723134e-06 8.488194325968767e-07 2.516823214648111e-07 4.152550037970093e-06 0.00018517046144841243 4.000629003743375e-06 4.6193465520241004e-05 0.0 5.079035817406924e-06 4.699465032633999e-05 7.307929328001161e-05 1.0853015205953588e-05 9.847467845462638e-06 0.00020604148766985075 0.0016817078854084455 4.511635150285348e-06 6.43710312543671e-07 4.863925712482507e-06 1.2992902746374664e-07 0.0 0.0 1.7967284382497124e-05 1.6059253359023695e-06 0.00019808751962641642 5.7331053373355686e-05 0.00011146708594762645 3.431882391218046e-05 5.4525814837385085e-06 7.413402554423765e-07 1.4237420577246073e-07 1.073092540402958e-06
3.4341141625566364e-07 2.5565152688902203e-07 6.225489777686286e-07 0.0 4.769050263257407e-06 8.277627668250726e-05 0.0001144248298497949 2.980021841679461e-05 0.00024938330058982305 0.0005518068668736362 6.011163238230372e-06 0.00494181132679574 2.733595208203171e-07 1.4064039149927821e-05 7.807157676127193e-05 4.5736872969516266e-07 0.0 7.503647599551748e-07 1.3289671064874246e-07 0.0019486753770445186 5.540157512336127e-07 8.364080963216042e-07 2.800553831627069e-06 0.0005682334856031996 0.0 1.835474205591745e-06 4.727625154198959e-06 0.0014195172915717445 2.0634507217778672e-05 1.1718200391954504e-06 3.4779862587032685e-07 7.996847007473353e-06 3.906540259401456e-07 1.7433581641727756e-05 1.0480504454095478e-07 0.0003922026426380831 1.272246769129989e-06 4.197715975946371e-05 8.216006782917224e-06 0.00017986987973823575 6.646785546510347e-06 2.9786046456379194e-07 1.4833157466594855e-06 5.454788443297645e-07 5.292244116326549e-08 2.9421986650824077e-07 7.656215720996591e-05 0.0 4.378525911054623e-06 1.0676826012827711e-05 6.499256865520191e-07 1.549236844632768e-05 4.066608137438166e-05 0.0 3.818434899786743e-05 0.0 1.5083763323769543e-07 1.1389789037821162e-06 1.335758055152238e-06 0.0 5.345059719475379e-08 1.0982936868338264e-07 3.75556771027706e-05 2.988422996743305e-07 4.057629211045542e-07 6.209449755384047e-07 9.048917809959286e-05 0.0 6.566125571946378e-08 8.419025707606244e-07 9.023461379851579e-05 1.8910617405469661e-06 7.186449371759203e-07 0.0 1.3361901163319878e-07 0.0 1.1427812673694893e-06 0.0 0.00011716567019061856 1.3410821872764585e-07 2.714019182983642e-06 4.466270969287803e-07 3.6858201336666975e-05 6.388365548514741e-08 0.0 0.0
1.0648327893494772e-07 1.288631533434007e-07 6.211901069111951e-08 4.769050263257407e-06 0.0 0.00035238322997693583 2.3576332329232997e-06 0.0001558896228660991 2.1523807842088235e-05 1.0224965453497576e-05 1.8944432337745625e-05 8.540873857522398e-05 9.23636427094263e-07 2.970196675045568e-06 0.00048111907107456096 0.0 1.6546071713846286e-06 1.232018664421827e-06 2.4984265506355745e-07 6.313827909905879e-06 0.0 7.100513678149958e-07 6.99391127280941e-07 1.3844255622357633e-05 5.735132666073874e-07 2.1040533372378065e-06 1.1920930787299633e-06 2.8180062631284304e-06 0.00032509083597308675 1.2386023046230156e-06 5.075253281701714e-07 0.00020623366091434975 1.0148818867927387e-07 0.0006427442057170651 0.0 1.8875546340140495e-05 1.305784756685814e-06 9.000940568673134e-05 3.8981779051775085e-06 0.0009264200512038727 0.00013592647861073405 3.153512379262966e-06 1.1100882841781419e-06 0.0 0.0 0.0 0.0 0.0 0.0 0.0 0.0 1.0554258667989319e-07 0.0 1.9195705632644406e-07 0.0 0.0 0.0 0.0 3.511384582084193e-07 1.0092403035434325e-07 0.0 0.0 0.0 3.3736248018284984e-08 5.1070734219372404e-08 0.0 3.40938126625032e-07 0.0 0.0 2.5401037797833023e-07 1.8097238819024677e-07 0.0 2.0715843264987024e-07 0.0 0.0 0.0 0.0 0.0 2.145261554356251e-07 1.0733144719296767e-07 0.0 0.0 0.0 0.0 1.1010697127306994e-07 0.0
5.776413765958553e-07 4.1355638034283255e-08 3.331362025945917e-05 8.277627668250726e-05 0.00035238322997693583 0.0 0.0011755272010639608 0.0033684839001853206 1.1590117309721359e-05 0.00520112292735322 0.00010894055959471975 0.0018488932771394495 9.382013464534859e-06 0.00020042919351938266 0.0007208549789059019 7.411263591037063e-07 1.1441584937052414e-05 1.7446262686158157e-05 6.137408548114584e-06 0.00019575621102811737 6.876741873058414e-06 3.7653017873755167e-07 3.742460676037869e-05 1.2997499326797484e-05 6.464853133879939e-07 4.926342527254181e-05 1.4391812049315433e-05 6.545511710700612e-05 0.0002074719345320478 1.386222868569878e-05 3.6064163380538028e-06 0.0004019571132947154 1.155294784554775e-06 0.00029255250539742005 1.689094143411659e-06 0.00023238156883544582 1.921335980672704e-05 0.0003015909645839724 2.6160645872772186e-05 0.0012942726077952097 0.00011831599299296796 9.561515251139725e-06 5.916370233828874e-06 8.191565781798987e-08 2.383244118867195e-07 1.6303773831092802e-07 1.0421699453597767e-06 0.0 0.0 4.4483736129621564e-07 0.0 7.59395341346673e-08 5.3129942397966944e-08 1.92745774596423e-07 4.4273170813957376e-06 2.2634362216130926e-07 0.0 0.0 8.259621805063896e-07 3.0446474350960643e-07 6.188291202020254e-08 0.0 1.529282998200704e-07 4.942848987938835e-08 3.69379497824859e-07 5.892274323536271e-07 3.2948406091739844e-06 1.16049858774906e-07 1.0999667011094604e-06 4.302355590163149e-06 3.1088527184129567e-06 1.2056092472421984e-06 0.0 2.4216383953838504e-07 0.0 0.0 1.0758310830349434e-07 7.780391807173834e-08 2.0972695853598513e-06 5.669958509206451e-07 7.365848316524652e-08 1.7285370578665285e-07 3.6054305526661234e-07 2.720552011176935e-07 2.2027013378502948e-07 0.0
0.0003058208023572085 2.6431828561398765e-06 0.00046822563303865303 0.0001144248298497949 2.3576332329232997e-06 0.0011755272010639608 0.0 0.0038301695260889164 0.00019247302518382058 0.006192164126216754 2.9084507697132823e-05 5.444189145962512e-06 1.8590682807544565e-06 0.004195146864222837 6.506759420964501e-06 1.7284157399903718e-05 0.0001380241971262728 2.1141288455713017e-05 3.3155175475638906e-05 2.3960377611893984e-05 0.00027243275335031987 1.9473956532881204e-05 0.0008365630237615233 0.0008345616809315235 7.733098330404003e-08 0.00025198262487133034 0.00023550548764160475 0.012128235143337005 0.0005722444544313491 0.0021788245191044137 1.5166119350282725e-06 3.604694552389812e-05 1.560736689187284e-05 0.0001460549973196023 7.201316308623941e-06 0.001383346608239869 5.521592293272056e-05 0.0008006596916615539 0.00020067449021020036 0.0002447182457387047 6.244821629268685e-05 2.1712615441284057e-06 3.1916672178852785e-05 2.3090879069019736e-06 1.4332985461517006e-06 6.385571034953667e-06 4.193385146057872e-05 1.8272831544781218e-07 1.3605285571177764e-06 2.745325057720684e-05 3.832616728245366e-06 2.7508310672137428e-05 3.793820405005582e-05 2.3283531973855132e-07 8.589809694600842e-06 8.112900128057267e-07 3.0092829201707754e-06 3.1322943850907054e-07 2.418621532319407e-05 2.2290407607699803e-06 5.705189748941088e-08 4.843581307871506e-07 2.5021172719249052e-05 1.2580902879260336e-05 6.265944339451676e-06 2.105556383113332e-05 0.0001775281655652941 4.255481947379072e-07 3.4847586676862896e-06 4.989560251383506e-05 0.000180564810574245 1.0839237444030594e-05 6.671870176594796e-06 4.6029437042631736e-08 6.049675915966194e-07 1.1167199488562618e-06 2.7675006847478137e-06 1.1176032289889416e-07 6.565801149545991e-05 1.8941362801055461e-06 8.617928342539633e-06 3.0138078478904235e-06 1.4160523129973513e-05 8.997333643746844e-07 2.2062104446126198e-07 1.8559662361290947e-07
0.0005916255314697919 1.586850457344601e-06 0.00019554100048028246 2.980021841679461e-05 0.0001558896228660991 0.0033684839001853206 0.0038301695260889164 0.0 1.1087142486626855e-05 0.0023693985767365704 0.00016006565561874683 0.0004155309084529347 1.1476234632346933e-05 0.0038194466368857488 2.324438587484058e-05 3.080609696411481e-06 0.00023001554045273668 5.2817922778494986e-05 0.00011144878883610563 0.00016226096192151565 6.364858827412377e-05 2.9161331392639374e-07 0.0002393520647227009 4.6333462815801395e-05 1.2724381540907177e-06 0.0002820491565273399 6.246856070647746e-05 0.00018738136201637776 0.0006151607639253711 0.0015147296758423524 4.334452537425189e-06 0.00025045307948109584 3.3829788163681725e-06 0.000857535995999888 5.37959855610158e-06 0.0004455523204748864 5.443874598031035e-05 0.000539144053868782 8.053133242113541e-05 0.0007475391477439885 0.00016813773132771953 1.714544627602603e-05 2.3141007018040938e-05 0.0 1.9495203803778237e-06 1.7076831225818654e-06 1.848901469919383e-06 0.0 0.0 3.1429958113182614e-07 9.69707178344447e-08 3.797594124952878e-07 6.428093647888307e-07 7.464597717783272e-07 7.511245717432442e-07 1.1571065389280852e-06 4.221034949341631e-07 0.0 9.596639460088851e-07 1.111649622803277e-06 0.0 5.116947829647747e-07 2.67868054222063e-07 2.187716048724123e-07 4.042857500032771e-07 2.6601596969164853e-06 8.382608616705033e-06 2.93382686201585e-07 4.049188224581506e-06 1.815948214564117e-05 6.7795136344846885e-06 1.0021602258024965e-06 5.277442571694786e-07 0.0 4.290721265139777e-08 0.0 8.89380694683077e-08 0.0 5.470011777164649e-06 1.1327931002449411e-06 8.755748769187987e-07 5.324438966816618e-07 9.647461932700335e-07 9.136096935149685e-08 3.507557494841286e-07 2.716489192446114e-07
1.957870908249217e-06 0.0002024413930297635 1.6996423368284106e-05 0.00024938330058982305 2.1523807842088235e-05 1.1590117309721359e-05 0.00019247302518382058 1.1087142486626855e-05 0.0 0.00011189934647102855 3.6958138115961486e-06 7.557208210281942e-05 1.1879457632345248e-05 1.1536373348606516e-05 0.00013068883627763355 3.857130504728809e-05 5.274696829216085e-06 1.0202587647553373e-06 1.0378196621157797e-06 0.00012819631917942748 4.819262785539686e-05 0.0016612203322118981 3.180593983372847e-05 0.006993159021894627 6.667967612743724e-05 1.1911877498699263e-05 0.00023041570132702178 0.0006163110928780357 5.265979970512261e-05 6.478963600321932e-05 4.2204433869252455e-07 2.123776526345072e-06 6.699952803880993e-06 1.3812629299670233e-05 4.992926736923809e-06 0.0003537364071447918 3.534589668163334e-05 0.00012720892677861765 2.7040830521163193e-05 7.634216350072512e-05 1.0873717363084109e-05 1.4845502079598772e-05 4.282640613715717e-06 7.662016263275635e-06 7.539385098971466e-06 4.33384970555047e-06 7.600797052586484e-05 5.521877520722784e-07 4.631096757249339e-06 1.6862136597641688e-05 4.348443825443994e-06 6.551223006396905e-05 3.804028398780284e-05 1.2015635637181833e-06 7.161468981563461e-05 1.504731964575906e-06 7.953352666140331e-06 3.6455639058003662e-06 0.00022545923118377057 5.686368192996935e-07 1.388258961048506e-07 4.423448741142447e-07 3.8417864132457134e-05 7.29423764907336e-05 3.9390860958402736e-05 2.3033893313428598e-05 0.0005798644816567306 1.2954002767067148e-07 2.2484640837581445e-06 2.1269614873182097e-05 0.0002990320373817313 4.8123004771571694e-05 2.3591533032387585e-05 4.612023221969393e-08 2.1931108543968423e-07 5.632171128056413e-06 6.019221457832806e-06 6.087077329642788e-07 0.00017752746410500488 7.87235493829107e-06 1.3499050073452945e-05 3.993640467784941e-06 9.863966347761687e-05 8.932730058667468e-07 8.123513846504846e-06 3.561283344654508e-07
6.566958489870338e-06 1.4790480795911593e-07 6.881891664856905e-05 0.0005518068668736362 1.0224965453497576e-05 0.00520112292735322 0.006192164126216754 0.0023693985767365704 0.00011189934647102855 0.0 0.00011028622806905551 0.0011649142976739148 6.738386962591486e-06 0.0011440412395168154 3.034967545641244e-05 3.8799861537595024e-06 1.2207662672468926e-05 2.7541049654179476e-05 9.249984621512244e-06 0.00232019756555216 1.0355320134797672e-05 2.109498122636948e-06 8.538875661083551e-05 0.00030515456156708783 9.704818488047034e-07 7.334396230433782e-05 3.8462127716061683e-05 0.0019420877103236988 0.0006496803054244104 1.622062122859338e-05 3.697195952676396e-06 0.00011352810586529505 1.1688914294837308e-05 0.000276552304566136 7.6019774513914485e-06 0.0009249032300387894 3.5275063738992915e-05 0.0009364401358608876 0.00013683924775503834 0.0003024518261472752 0.00010897070337931432 8.488266703858372e-06 2.0386781663413847e-05 1.2267320981786704e-06 5.575433762587213e-07 1.1929061595921902e-06 0.00010537398062664131 3.128738768481336e-07 4.478814460845565e-06 3.804657598678419e-05 1.9170392036418875e-06 3.170293897041139e-05 0.00013606386832254035 3.954292408939175e-07 4.742861110287681e-05 2.667743782286747e-07 1.5817054003709345e-06 9.633316238109064e-07 1.0739545006665415e-05 1.7306011771177882e-07 0.0 0.0 5.209110827653082e-05 3.186987318437321e-06 7.247998361436781e-07 3.1659159312585758e-06 0.000202274262137286 1.9378377340712594e-07 1.1725096394736324e-06 1.4542427053378706e-05 0.00020434271315352665 5.856162976742069e-06 3.847194000558766e-06 2.5276207510266977e-07 0.0 3.507468820146066e-07 2.008050535218229e-06 7.585747485321769e-08 0.00015781307365716655 2.179669998178377e-07 5.580827595224974e-06 1.9401552799713183e-06 4.451269896800248e-05 4.5514899828723974e-07 1.3247804552888481e-06 5.100131215294208e-08
2.9539769533816736e-06 4.423455240281601e-06 8.320027598000411e-06 6.011163238230372e-06 1.8944432337745625e-05 0.00010894055959471975 2.9084507697132823e-05 0.00016006565561874683 3.6958138115961486e-06 0.00011028622806905551 0.0 9.006883270747556e-05 0.001251565553465059 7.715126689896995e-05 2.580236058907261e-06 6.493043792525328e-07 9.546367038631328e-05 0.0019470114915380707 0.00029419141045584056 3.5629630942903596e-05 2.7954580307233233e-05 1.554767028536786e-06 4.08345054394978e-05 5.147561844095224e-06 0.00020093027162501682 0.0011039914123398098 0.0003330178770579586 1.5041089627268608e-05 0.0003037420038301974 3.270205888117104e-05 0.0001268975244060131 7.951947412725961e-05 1.0864674150597308e-05 0.005133890231042305 1.2297620311221049e-05 0.00019942996915423824 0.002022590984663732 0.0028063931146014316 0.00033382782657435635 3.2952388717702814e-05 1.923447740388671e-05 0.0005695915114470886 1.4862458538658853e-05 5.322544057732567e-08 2.96099916308134e-06 3.5871496614544272e-06 7.292978401696324e-08 0.0 0.0 4.310868106936024e-07 0.0 7.879167094834165e-08 0.0 0.0001245775088636749 6.052121997336307e-08 0.0003302502944271441 0.0 0.0 6.203752666304124e-08 1.4025036389978056e-06 1.3308833299328283e-05 6.115644968957625e-06 0.0 6.137483477926056e-08 2.5103845382965e-07 1.7243858398277402e-07 2.388290210841983e-06 3.842903467780901e-05 0.00013917105227988078 0.00018431766319019667 1.1983326990559422e-06 0.0 0.0 3.573985906926836e-05 0.0 0.0 3.9367100344329166e-07 6.53338655624589e-07 1.1004197786203573e-05 0.00010844753386435852 7.587207882279528e-06 1.0195743386976388e-06 4.565804122666289e-07 3.322525901612939e-07 0.0001218337451066371 1.303865081108211e-06
1.9050750656656627e-07 1.0963486695093008e-06 6.053177036498207e-08 0.00494181132679574 8.540873857522398e-05 0.0018488932771394495 5.444189145962512e-06 0.0004155309084529347 7.557208210281942e-05 0.0011649142976739148 9.006883270747556e-05 0.0 5.40788311568027e-06 0.0001583817195826047 0.0007509005290825504 0.0 1.7231100624838813e-07 1.3083245321427955e-05 1.856259232866182e-06 0.002520939638070594 0.0 4.180978897409092e-06 2.0434373626306656e-07 0.000411356631242002 4.246921810030569e-07 2.4817067067504978e-05 8.44192785699842e-06 0.0006840187294337161 0.00018347062252669998 1.7908536436118355e-07 3.5505103238610873e-06 9.845543957378035e-05 1.8201347439803307e-07 0.000239554589979022 8.210796104221208e-07 0.0007279676194850735 1.077319868134605e-05 0.0003176272608966851 2.1724581999608243e-05 0.001145793823909723 6.689380855253878e-05 3.595924799750468e-06 2.229862984488981e-06 2.2128907885773604e-07 2.0802877876127026e-07 5.0948437800512744e-08 5.060172423407467e-05 1.104674807249721e-07 9.750028005444008e-06 4.4489517426003497e-07 1.2763740070588245e-06 1.7807962747306593e-06 3.503146065835746e-05 6.264825144239578e-07 8.782402981461972e-05 5.8347704666082065e-08 1.446011419228738e-06 5.851882265497563e-07 5.291930389049086e-07 0.0 1.871793659472604e-07 0.0 1.823565643210908e-05 2.3419592247581528e-07 1.3816739010730391e-07 0.0 7.509321993662232e-06 0.0 5.372452152870874e-07 9.09273779365822e-07 9.207737545762899e-06 2.1656894043645384e-06 7.540650068895605e-08 1.3925540230287128e-07 5.190026732801938e-07 0.0 1.3393047461547765e-06 0.0 2.53307597941643e-05 2.642803672372415e-07 1.5070272102282501e-06 2.641742819479634e-07 1.4974821424164935e-05 3.4909523472988786e-07 0.0 0.0
9.045082060257364e-08 0.00035898401706134975 1.6624125977289458e-06 2.733595208203171e-07 9.23636427094263e-07 9.382013464534859e-06 1.8590682807544565e-06 1.1476234632346933e-05 1.1879457632345248e-05 6.738386962591486e-06 0.001251565553465059 5.40788311568027e-06 0.0 1.5603860208518337e-06 1.9939705296661912e-07 2.9312701208682158e-06 2.498120029324544e-06 1.5630030063267388e-05 3.3263873174067665e-06 2.0694655061595737e-06 5.004414439654377e-07 6.297943333304011e-05 9.626645043120816e-07 1.2937687651259082e-05 0.0034363081007691945 0.0002982015722647073 0.0014382110427797997 9.450970160167354e-07 7.975403266131003e-06 4.4709559184200085e-07 0.0003297162783476993 6.629594959328126e-06 5.325780163932177e-08 0.00040738842237082046 3.1093961155989266e-06 0.00011986134041890121 0.0018608880814261612 0.0011005999213371336 8.469491891228459e-05 8.773384207757893e-06 3.270015472213517e-05 0.0008693307808829217 1.3764515802279419e-05 0.0 7.939082383296289e-06 8.169705716128421e-06 0.0 0.0 5.704686708227005e-08 0.0 1.5981462732976663e-07 0.0 4.574207350478185e-08 0.0005866752885422008 0.0 0.0016658802891339809 0.0 0.0 1.4212709773117106e-07 1.4996047955342012e-06 3.159222200413518e-05 1.0402017398166408e-05 0.0 5.0132089009559475e-08 5.95603834467933e-07 9.258857901705266e-07 1.018543680487137e-07 0.0002957206770348413 0.0005052857751130188 0.0006885924043229418 0.0 2.0474462666572157e-07 5.5211986299488596e-08 0.00018282522845059824 0.0 0.0 2.1116404059699672e-06 2.0046211132872675e-06 1.738435240982465e-05 0.00035968567610362816 3.2109971157481216e-05 5.277833395163444e-06 1.5324038089373765e-07 1.3679553565888523e-06 0.0004546529152810411 0.0
0.0031187075480756782 3.308390212758499e-07 6.479914662742948e-05 1.4064039149927821e-05 2.970196675045568e-06 0.00020042919351938266 0.004195146864222837 0.0038194466368857488 1.1536373348606516e-05 0.0011440412395168154 7.715126689896995e-05 0.0001583817195826047 1.5603860208518337e-06 0.0 1.6861047474717535e-06 1.0046752151828336e-06 0.00012562977221692757 4.0183648010776425e-05 7.596970695731771e-05 0.00015033276606355846 2.1702007349915998e-05 7.257324473128084e-07 9.210148630309025e-05 5.282824032407249e-05 2.0495108754858122e-07 0.0001380410926972114 3.2406433756352655e-05 0.00018039848234993177 0.003194494565706263 0.002021437830066507 1.8087181645974434e-06 0.0001036097866797936 1.1148708657409108e-05 0.0004440763943932569 1.4636593420207455e-06 0.00014597652075898742 1.12843384978004e-05 0.00030649587619038473 4.70024266411919e-05 3.183423547917399e-05 5.607578581333268e-06 5.316998584634292e-07 3.619798625523434e-06 1.8381085967649347e-07 8.633623396410565e-07 7.921779386097564e-07 7.177296876431145e-07 0.0 0.0 1.5081306685888095e-06 4.1702501129879577e-07 1.067987894978628e-06 9.624514953323349e-07 0.0 4.866277623651787e-07 0.0 5.917068784192756e-07 0.0 7.062010623668669e-07 2.8072557292340846e-07 0.0 2.0519291427434472e-07 6.758497642981658e-07 0.0 3.1932295059844623e-07 3.26515074232742e-07 9.653751826499139e-06 1.4424036442737952e-07 2.221204108571118e-06 6.990984417314489e-06 1.0084274191241125e-05 1.264181068173867e-06 8.025059948007309e-07 0.0 0.0 2.1033441263274065e-07 1.197337385269336e-07 0.0 4.188057947037621e-06 2.1028610970869844e-07 1.9081332411017433e-07 3.063810716021659e-07 3.3675025454297063e-07 0.0 0.0 0.0
0.0 2.2184103018373253e-06 4.988060016905836e-07 7.807157676127193e-05 0.00048111907107456096 0.0007208549789059019 6.506759420964501e-06 2.324438587484058e-05 0.00013068883627763355 3.034967545641244e-05 2.580236058907261e-06 0.0007509005290825504 1.9939705296661912e-07 1.6861047474717535e-06 0.0 0.0 4.783803364211645e-08 1.3957471076198053e-07 9.259696241698241e-08 6.2518655400958e-05 0.0 1.6861018745707406e-05 6.352182937619372e-07 0.0001907979540530392 7.694673761289601e-07 6.352359093665054e-07 3.5801938935191505e-06 3.336956248707555e-05 3.920449402462773e-06 7.728088424314159e-08 9.534831973577178e-08 0.00011585410780938083 0.0 8.061576958583206e-06 6.630691643162283e-08 4.223429429566376e-05 2.7502591050260556e-07 5.9468557740034665e-06 2.7204418562760407e-07 0.0004840789822376864 8.590372472929653e-06 0.0 9.080350599665395e-08 3.456873327827594e-07 9.828044736664561e-08 5.8483476701151124e-08 1.2911438301389884e-07 0.0 0.0 0.0 0.0 9.69179787277548e-07 0.0 0.0 0.0 0.0 0.0 0.0 1.5302313186826455e-06 0.0 0.0 0.0 0.0 6.557091309545273e-07 6.597440468369804e-07 7.57018685102851e-07 3.1903457761332398e-06 0.0 5.070891820795132e-08 3.6307159981947596e-07 2.2162821152717624e-06 5.477959037123443e-07 1.1464318681020132e-07 0.0 2.093521063040149e-07 0.0 0.0 2.8277405385057087e-06 1.746789841219347e-06 4.933760290657541e-08 1.0393166916978016e-07 0.0 2.3548847396319337e-07 0.0 0.0 0.0
0.0 0.00010115495247622434 2.5165046374951497e-05 4.5736872969516266e-07 0.0 7.411263591037063e-07 1.7284157399903718e-05 3.080609696411481e-06 3.857130504728809e-05 3.8799861537595024e-06 6.493043792525328e-07 0.0 2.9312701208682158e-06 1.0046752151828336e-06 0.0 0.0 6.747462891083855e-06 6.816082861543466e-07 1.2242190212098072e-06 0.0 0.0019562194021524827 0.0017288854001007152 0.0028300976069377368 0.0009214198485827516 1.6628752265877074e-05 8.956193557434602e-06 0.002849023662142546 0.0006716414631084941 1.0816369256006336e-06 2.1546959324038725e-05 0.0 0.0 0.0 1.1658684607779195e-05 6.802790555328575e-06 0.0009694296082535153 0.0001315010088147869 0.00015817829014425853 0.00011152225927873536 4.512540730665746e-05 1.7929136779521866e-06 1.104163590594103e-06 8.709193143602788e-06 2.058565791930833e-07 1.7135434168569685e-05 2.918445463515708e-05 0.0 0.0 0.0 4.683420570783272e-06 3.039414954909246e-07 8.823111960964283e-06 3.827978702041083e-07 8.769811082638996e-08 0.0 1.2715380263779178e-06 5.626168998636903e-07 0.0 0.0019419025126658376 2.737004933825881e-06 2.0001843676256436e-07 7.713265919652642e-07 8.681265513441725e-08 0.0002371749642497584 0.0003924437472678727 0.0008077079741083045 7.719634589198892e-05 1.1919719175185547e-06 2.856364197707366e-06 0.0007356712851817436 0.00010186903613762319 3.7190511807108974e-06 2.805497918021728e-05 0.0 0.0 2.640180608794867e-07 4.336816045457647e-06 1.9930455956816814e-07 0.00012188606590009085 2.0822967290501608e-05 1.912316081858706e-05 1.6484123357575518e-05 3.5758265117866482e-06 1.3777772754890842e-06 0.0 1.4529683958080664e-06
9.957598209352857e-06 6.247394396730459e-05 0.001381123516544455 0.0 1.6546071713846286e-06 1.1441584937052414e-05 0.0001380241971262728 0.00023001554045273668 5.274696829216085e-06 1.2207662672468926e-05 9.546367038631328e-05 1.7231100624838813e-07 2.498120029324544e-06 0.00012562977221692757 4.783803364211645e-08 6.747462891083855e-06 0.0 9.697425927779015e-05 0.0006573727451616936 4.105351496365685e-07 0.000639089830178038 3.5420671548000845e-05 0.0015841498751379354 1.1817327664301347e-05 2.027404420840671e-06 0.0013624435427127802 0.0030481381579325673 5.6735091204995153e-05 0.0001432529917932547 0.00042060375912467374 2.6374668510155827e-06 3.3100275552053934e-06 6.228404390687914e-06 0.0012294975759910571 5.475373680180443e-06 0.0006367090506465643 0.0008740255896314829 0.0012501990598946038 0.00022585386278078769 2.259809898408754e-05 5.975318328602704e-07 8.41414965502028e-06 2.8375400133448836e-06 4.709616486345957e-08 0.00010002460171820261 0.0001963102912689257 0.0 0.0 0.0 8.829919796987377e-07 1.3531949119745567e-07 1.7229061351637422e-06 5.1807410418395445e-08 1.6897439532917518e-06 0.0 2.67244157670434e-06 1.7144034803143559e-07 1.0566890681249384e-07 1.3316084588383789e-06 6.223996708478936e-05 5.863307332927537e-06 4.606178729414824e-05 0.0 2.4263756038369553e-06 7.44937495610978e-06 1.0314564069888959e-05 3.2629821686913877e-06 1.2823694338585999e-05 0.00033753958359739614 0.0009930678909218073 1.131135850359569e-06 6.011205204187752e-07 2.6990650768739987e-06 2.159864382606659e-06 0.0 0.0 9.43339646035954e-06 7.39639038452255e-07 7.943551928803597e-05 7.744670937778304e-05 4.933096312409304e-05 9.830336096296789e-06 1.9104541926241545e-06 0.0 2.821091980349593e-07 3.6043364697115736e-07
3.497849962626058e-06 1.0771237110187806e-06 3.910161440207838e-05 7.503647599551748e-07 1.232018664421827e-06 1.7446262686158157e-05 2.1141288455713017e-05 5.2817922778494986e-05 1.0202587647553373e-06 2.7541049654179476e-05 0.0019470114915380707 1.3083245321427955e-05 1.5630030063267388e-05 4.0183648010776425e-05 1.3957471076198053e-07 6.816082861543466e-07 9.697425927779015e-05 0.0 0.0005298658739223404 7.002682503666326e-06 5.685908579934573e-05 3.886091225993755e-07 4.797638278169052e-05 1.909873333592305e-06 8.72667769137748e-06 0.0012661787977272868 0.00021943801729916784 7.856958021719263e-06 9.063834024312952e-05 6.526032347018588e-05 4.86079678179971e-05 7.157194118014263e-06 4.744908862050595e-06 0.0006605592281420366 6.6366154708064056e-06 0.0005335510794069594 0.0009098665987475433 0.0012491852209207542 0.00025489360069582805 2.063088195879307e-05 4.834044218946405e-07 2.502335617297628e-05 3.596154940877161e-06 0.0 4.328150997805478e-06 4.625216119505945e-06 0.0 0.0 0.0 0.0 0.0 0.0 0.0 2.7427843116766313e-06 1.720699965048063e-07 9.059908778343842e-06 0.0 0.0 0.0 1.764769795361517e-06 6.327040295680313e-06 4.347757177929124e-06 0.0 1.9321915916329993e-07 2.3448215998578935e-07 7.044129545789485e-07 2.0395806559588514e-07 5.008238840341643e-06 6.306270144213269e-05 0.00010050913766653852 1.216015280863573e-07 0.0 3.011935774529298e-07 4.6589905790354056e-06 0.0 0.0 1.0819559250140488e-06 2.839367902351316e-07 1.0968426557965176e-05 3.412269708283414e-06 1.0693191873326789e-06 2.0790951772190194e-07 0.0 0.0 1.6719027882049921e-06 1.812131739521968e-06
5.6431698378826145e-06 2.6546600800795083e-05 6.959687975202809e-05 1.3289671064874246e-07 2.4984265506355745e-07 6.137408548114584e-06 3.3155175475638906e-05 0.00011144878883610563 1.0378196621157797e-06 9.249984621512244e-06 0.00029419141045584056 1.856259232866182e-06 3.3263873174067665e-06 7.596970695731771e-05 9.259696241698241e-08 1.2242190212098072e-06 0.0006573727451616936 0.0005298658739223404 0.0 1.5251228025374925e-06 0.00014314996916210522 1.8417693195089074e-06 0.00020728549153019402 2.129775926370925e-06 6.630871376182383e-06 0.001589943665665098 0.000713729770882601 1.261947467039978e-05 0.00013027374607903162 0.000175555892117943 1.036824619432624e-05 2.660926622875237e-06 6.7387423008827634e-06 0.001505336562252046 4.4271030381838686e-06 0.0005328559081058613 0.00028512264288879283 0.0010625404417685402 0.00018455373850521478 2.144497832987158e-05 6.821776707173531e-07 4.346764670032633e-06 2.3095238388025467e-06 3.4290183356440946e-07 3.7480628834998925e-05 1.4794794226221527e-05 0.0 0.0 0.0 1.9410120923291997e-07 6.40269364126274e-08 1.1191633283714423e-07 9.081954883402587e-08 2.356157071575281e-06 0.0 5.147182308444051e-06 7.234310391057311e-07 4.746441575700789e-08 2.0876069076082962e-07 4.442026778259163e-06 8.686465250084255e-06 2.014829603982967e-05 0.0 9.02912713261607e-07 1.0642356457514454e-06 3.597417264023819e-06 8.629732388726559e-07 1.2908208391403454e-05 0.00026771541705858615 0.00046613231027279396 3.1425177390483794e-07 1.8661545853071514e-07 1.0545471489150638e-06 4.605796397971069e-06 0.0 0.0 4.1336193429980206e-06 3.898993914324184e-07 1.5343503595569256e-05 2.481927801711941e-05 1.3018863661755583e-05 1.0427428089817364e-06 4.889481998313859e-07 4.512684981568326e-07 5.264064289579746e-07 5.9569047129748666e-08
0.0 0.0 5.146753206147334e-07 0.0019486753770445186 6.313827909905879e-06 0.00019575621102811737 2.3960377611893984e-05 0.00016226096192151565 0.00012819631917942748 0.00232019756555216 3.5629630942903596e-05 0.002520939638070594 2.0694655061595737e-06 0.00015033276606355846 6.2518655400958e-05 0.0 4.105351496365685e-07 7.002682503666326e-06 1.5251228025374925e-06 0.0 0.0 0.0 7.897752858093236e-07 0.00015425866427819397 2.4027871894122067e-07 1.0470642983466107e-05 2.9084600120154532e-06 0.001175166694944245 0.00013729036942589182 2.310178189512443e-07 1.468926254793668e-06 2.5509873606028635e-05 2.2398535719614906e-06 7.863905629318283e-05 1.0345588567395039e-06 0.0003235215039851066 7.890688174499696e-06 0.00022630506868036223 2.2337270391046565e-05 0.000251216539247599 3.393130540877597e-05 4.039656016130486e-06 4.326893613270207e-06 3.2764561845948804e-07 0.0 0.0 3.0015511840893125e-05 1.1000076970917434e-07 2.419445058314125e-06 8.139772740475441e-06 7.161704480808125e-07 6.413740794766469e-06 1.9914010950021437e-05 3.0841727882548197e-07 1.8159252380877055e-05 3.7968948249237e-07 3.082267169666514e-07 4.312038992335364e-07 5.902009874874485e-07 0.0 0.0 0.0 1.5617244708265563e-05 0.0 0.0 5.862219231996077e-08 4.7446313699217935e-05 0.0 9.997201968322184e-08 5.046098706476328e-07 3.9547815750315204e-05 1.9351977433572744e-06 8.247393387121275e-07 0.0 4.663445059636073e-08 0.0 3.301623091210721e-07 0.0 5.7216819644551554e-05 2.4429539011222697e-06 3.7704785169430485e-07 0.0 1.4002812724398648e-05 0.0 7.84322293870065e-08 0.0
7.758926717199715e-07 6.0375407839253424e-06 0.0009558262314005623 5.540157512336127e-07 0.0 6.876741873058414e-06 0.00027243275335031987 6.364858827412377e-05 4.819262785539686e-05 1.0355320134797672e-05 2.7954580307233233e-05 0.0 5.004414439654377e-07 2.1702007349915998e-05 0.0 0.0019562194021524827 0.000639089830178038 5.685908579934573e-05 0.00014314996916210522 0.0 0.0 5.829262873026478e-05 0.01229828177779679 0.00014413418269748577 2.05560011601292e-07 0.0005603566312870061 0.00045317387253784294 0.003230625679892287 4.087215909871787e-05 0.00428086104501638 1.2947515071784642e-06 8.411600808307206e-07 4.35593378039158e-06 0.0013476661959243715 3.0151859267027143e-05 0.006177106130495691 0.0003397565278660166 0.003988058756631136 0.0009421085257612453 0.00023363520683118187 2.4732045607555563e-05 4.389006846948749e-06 4.958546924808313e-05 1.4746782836304127e-06 4.483363435992052e-06 1.9199172155357963e-05 3.862164969547822e-07 0.0 0.0 2.894088025599303e-06 3.066728046177512e-07 1.3818802967809157e-05 1.1001450357742917e-06 5.9192078699737885e-08 5.540010639134932e-08 8.045583488966032e-07 1.0104060024828556e-06 0.0 0.0003604104013465448 3.4468267510668465e-06 3.610421273444062e-07 1.5315231541631678e-06 0.0 0.0002613541178145835 3.574015748195474e-05 7.871274305555903e-05 0.00011120850324778239 4.370815107770174e-07 7.523356480761334e-06 8.253210550244931e-05 0.0002109007895569316 1.132612940986571e-05 4.5674624685929256e-05 6.181509117765102e-07 0.0 1.6425836446175295e-06 5.344267488488005e-06 0.0 0.00012710509472619658 5.6697316421282e-06 9.853340588771472e-06 4.248539737676181e-06 3.5349279890523513e-07 4.423940276789105e-07 1.2026516248714842e-07 2.1613755640335873e-07
7.85899528459371e-08 0.001474073377991768 0.00013178755792237704 8.364080963216042e-07 7.100513678149958e-07 3.7653017873755167e-07 1.9473956532881204e-05 2.9161331392639374e-07 0.0016612203322118981 2.109498122636948e-06 1.554767028536786e-06 4.180978897409092e-06 6.297943333304011e-05 7.257324473128084e-07 1.6861018745707406e-05 0.0017288854001007152 3.5420671548000845e-05 3.886091225993755e-07 1.8417693195089074e-06 0.0 5.829262873026478e-05 0.0 0.00039391609739401425 0.004046376044912902 0.00042472973804418945 4.003446505102336e-05 0.0022930699605016977 7.42559418766716e-05 7.788719303491362e-07 3.5169794657752366e-06 2.54028104043785e-06 0.0 1.3198404057653211e-07 1.8012044550514624e-05 2.2317600905513344e-06 9.611602583601077e-05 2.862961393999039e-05 7.061358187818135e-05 3.3629609830960794e-05 1.7808719471697574e-05 5.057184083730668e-07 1.81666351826448e-06 1.211953055745273e-06 7.55189856719902e-07 0.00019633301620050137 0.0003523232915743037 1.6754740039722714e-07 3.9010513630842225e-08 0.0 3.299777075603374e-06 3.556580342357989e-07 9.55684865197809e-06 3.154650322227222e-07 7.14759917634718e-07 0.0 1.7307188929286852e-06 5.974288502673677e-07 5.8611837759276694e-08 0.0008012196054550052 4.9083144852960096e-05 2.814789590089255e-07 4.876880583637377e-06 0.0 5.468285827951393e-05 0.00030729623912464845 0.0004115148742863011 3.846574085188847e-05 1.0228740100887943e-05 2.088034398583602e-05 0.0017825178570089247 2.636909948532777e-05 2.986786893539046e-06 9.768525228641628e-06 6.850022045487782e-07 4.7904769152908294e-08 4.956757268120096e-07 2.3201573689150354e-05 2.263631599688979e-06 0.00016094521117555866 3.431652667456032e-05 6.157028977998604e-05 2.9429676931638516e-05 7.382645482418468e-06 7.829762009811353e-07 1.115706606384209e-07 2.23671559235957e-06
4.627889887996344e-06 1.580820205072908e-05 0.005901338868290715 2.800553831627069e-06 6.99391127280941e-07 3.742460676037869e-05 0.0008365630237615233 0.0002393520647227009 3.180593983372847e-05 8.538875661083551e-05 4.08345054394978e-05 2.0434373626306656e-07 9.626645043120816e-07 9.210148630309025e-05 6.352182937619372e-07 0.0028300976069377368 0.0015841498751379354 4.797638278169052e-05 0.00020728549153019402 7.897752858093236e-07 0.01229828177779679 0.00039391609739401425 0.0 0.0007092170179874763 2.2022030399166654e-06 0.0005849331209903342 0.009446743161180767 0.0018792566101145307 5.346585358733052e-05 0.000739682339340163 1.869892070717756e-06 2.125591701640027e-06 2.3920508563205003e-06 0.0005767445145199478 7.177983934578999e-05 0.0080272339664318 0.0029419132644222753 0.003563767309971839 0.002057983511334688 0.0005467127931987368 2.5552101689237155e-05 1.797059131523815e-05 0.00011661146141434014 5.447083842346088e-07 3.8560890975418806e-05 0.00041877737466589483 3.429757046648926e-07 0.0 0.0 4.928063932883765e-06 7.751113674867946e-07 2.923801710383327e-06 5.173417332056412e-07 5.736678322924923e-07 3.663885413571909e-08 4.500550440080135e-08 1.1626184025421548e-06 1.5539048216486188e-07 0.0009796525370744692 5.236162285732429e-05 1.3746181124877501e-06 5.349354059329014e-06 1.117233598099274e-07 0.00010354029045004633 0.00023677575523621135 0.0005855392101393534 3.543662565865996e-05 2.605462908148338e-06 2.1111210770178703e-05 0.0014600744171272258 3.745265677263464e-05 2.5166078281584208e-06 1.5146470485134979e-05 1.6177928282523514e-07 0.0 0.0 1.854941994135584e-05 4.6188130935640635e-06 0.00017481984447808376 3.736518242313027e-05 6.730034441222375e-05 3.8610907903599196e-05 4.0425467897756484e-06 1.2102728018447635e-06 8.447228207903479e-07 1.688371606818109e-06
