0.0 1.3909267031822432e-06 8.163916951381887e-05 1.253834876527826e-05 1.102144447830922e-06 5.902946949100671e-05 0.0009173695265244098 0.00018936962917432857 2.783479409939329e-05 0.00024790500036606176 1.0304064127368058e-05 5.9361875980786995e-05 9.542241114722467e-07 0.002445115363473854 6.205879598121844e-07 2.78450568477708e-07 0.00013893749495693487 9.365358837351717e-06 2.206650352510146e-05 8.37306613790938e-05 8.050616375484144e-05 3.097807500946156e-06 0.00015875769697845356 8.325896243079095e-05 2.5093909015584573e-07 8.384131501006342e-05 2.4199077007657158e-05 8.149855437838118e-05 0.0026072813981859034 0.0020784126993645307 2.843433218872972e-07 1.1452090915918257e-05 1.672013359776677e-05 6.599927467727759e-05 4.909396743955298e-07 3.371404245331681e-05 5.5132506258971326e-06 4.8382094979183086e-05 1.0286989122745101e-05 3.850357988264565e-06 5.137120191592867e-07 3.323658759379945e-07 6.828076659692721e-07 2.8776807985957623e-06 3.46105021387785e-07 1.3057933830019063e-06 2.4730569374061443e-06 5.180180045332313e-08 0.0 2.922287940915188e-05 4.931281042159903e-06 3.040096858711003e-05 3.1192155318259874e-06 3.4068634900226333e-07 7.646241462364975e-07 0.0 7.547074503585851e-06 0.0 7.276532372183858e-07 2.8651624025436857e-07 2.623149242919485e-07 3.6011960182437255e-07 3.696117177161757e-06 7.397786748951855e-07 4.003821032616782e-07 6.897791992784225e-07 3.787757668939781e-05 0.0 1.0435252521584296e-06 1.7276628464031937e-06 4.303933052235683e-05 1.2890625631864322e-05 1.852191509580919e-05 4.698149756384972e-08 4.373652236639822e-07 6.385077829276664e-07 5.205370002972753e-06 2.712080116853198e-07 1.3855930008679288e-05 5.595036595209843e-07 9.046174292856541e-06 2.451572883949098e-06 1.1089754704724625e-05 1.8709065999671984e-06 0.0 2.3322076460506717e-07
1.3909267031822432e-06 0.0 6.523455762493171e-05 8.556966223083097e-08 5.750506539123214e-07 7.001036892546944e-07 1.7437080022480815e-06 1.0456605132464385e-06 0.0005386631694066034 4.120806287686084e-07 5.747274494221647e-06 1.3011177455294272e-06 0.0003478304746505468 1.1023401178538862e-06 2.86016832765024e-06 2.705205769278683e-05 1.111800523048938e-05 3.0014438075956335e-06 1.0478992544365951e-05 1.4424629303432343e-07 5.605305342298542e-06 0.000906744288369477 2.1460347130067615e-05 0.0004054737324953901 0.0014655010506360285 0.000105009016232387 0.005059296069245208 1.1551551570352355e-05 5.272117701280806e-06 5.757468397468207e-06 8.94230355479122e-06 0.0 7.242674743700321e-07 7.844500302668207e-06 9.510359520836023e-07 2.7979235661758456e-05 2.4646694542252393e-05 2.3053123131722698e-05 8.23860560662708e-06 1.4227573613195166e-05 1.673971440254524e-07 1.3098691656943347e-05 1.0793850613725948e-07 3.695356449551899e-07 4.3131931296536156e-05 6.143094021711995e-05 0.0 0.0 4.095178525274393e-08 1.445207115079987e-06 1.2673280285252897e-07 4.261424165725201e-06 0.0 1.606207929063327e-06 0.0 2.1714199108014334e-06 5.06505536328546e-07 6.702107148101591e-08 5.330144751800898e-07 3.909181473119887e-05 6.690139758180624e-07 2.2907783641652843e-05 0.0 4.352440801654072e-07 7.729426333461219e-06 6.8859502606908445e-06 2.2069859193248283e-06 8.930240103796714e-06 0.00010524050608482821 0.0010713327929263734 1.1141791695892853e-06 4.6262036185304787e-07 2.1942655472116303e-06 1.1153062776270493e-06 2.57657747833704e-07 5.6100573369067085e-08 6.349092899084557e-06 1.61388392191577e-07 2.9335071324410336e-05 1.485769943432376e-05 2.3463899643790876e-05 7.3778497444375585e-06 1.024990584487309e-06 0.0 7.238102574270322e-07 0.0
8.163916951381887e-05 6.523455762493171e-05 0.0 1.779272264065041e-06 2.3023129015584118e-07 0.00012029399133435924 0.0003912614924049405 0.0002953806596630272 6.422788703828359e-06 0.00024126152234924117 2.6941737071982747e-06 8.049746015397468e-07 1.011211385386152e-06 0.00019491211754579498 2.589783784958738e-07 1.6287146060025326e-05 0.0009923463826323543 6.155455124320884e-06 2.837704609574798e-05 2.0274993882429354e-06 0.0006038529445790209 6.493962215462068e-05 0.004158741878421014 5.4326346153379724e-05 9.505588717039401e-07 0.004273603525509557 0.003310469440902155 7.788986875525552e-05 8.250861359885619e-05 0.00041846956646509877 7.257662496375856e-08 7.439684167613128e-07 1.2888030971422824e-05 0.0001418258356559349 1.1295051453181572e-05 0.0008500251987044547 0.0021799552423497235 0.000639697117697315 0.0002609311244389005 2.1233778613283915e-05 4.3489030403338653e-07 1.903962756287366e-05 3.864055543428152e-06 1.748151362776524e-06 0.0001177542209364253 0.0004696755057122666 3.3128394496446184e-07 0.0 5.740477176400952e-08 6.888803768243323e-06 1.915152385682084e-06 6.0368485833402016e-06 2.9179539397704893e-07 9.441813936426478e-07 3.8283161713733356e-07 4.091157210257131e-07 1.4106738107523086e-06 0.0 1.300984536405936e-05 0.00020905490646429747 4.18766596971677e-07 2.5037744953910307e-05 4.990270574608731e-07 1.3693266509118886e-05 8.289471849328152e-05 9.613561443839987e-05 2.1403012265463193e-05 1.5809760932607887e-06 0.00017736324710934263 0.0013387591288321814 2.2441625565162165e-05 4.361171634024325e-06 2.7796128254917597e-05 1.863154257759499e-07 0.0 9.515300249214203e-07 2.526481382233849e-05 4.842018974790962e-06 0.000135338992663452 3.9151524357964186e-05 9.501975782375867e-05 2.841197354107623e-05 4.059922562978685e-06 5.115587619377094e-07 0.0 1.4920800834319264e-06
1.253834876527826e-05 8.556966223083097e-08 1.779272264065041e-06 0.0 5.06003687340406e-06 0.0001016604964524773 0.000128098863835802 1.507125573508153e-05 0.0005614648349486739 0.0023588341507173776 9.140094091039328e-07 0.000401190857677592 1.429464995295755e-06 1.3138546452201147e-05 1.851322100651753e-05 4.440232834662248e-07 8.805013708813133e-07 4.972602541754617e-07 8.092098705894346e-07 0.004621734287305521 2.942633073308272e-06 7.956259836114822e-07 3.178147636924245e-06 0.0013933221335874295 0.0 1.2394383746443115e-06 3.140789410342286e-06 0.0023468719405979398 0.00017999044889403337 1.5979066118056526e-05 4.988252408985576e-08 5.71451361064952e-07 4.074959612455905e-05 4.5662189251817035e-05 2.6289951659235622e-06 0.00025310590311480684 2.4947232435353817e-06 7.346451627221918e-05 3.5131680188118164e-05 0.0002284640747294055 3.2512199725062436e-06 1.5750247220949062e-07 3.420762075925149e-06 9.026832160535201e-07 0.0 6.209198651567162e-08 0.00015188748858468298 1.255561490393375e-07 4.018287675461787e-06 4.221581967760898e-05 2.8524854460054666e-05 0.00013968492565317903 0.00011590296744476846 1.004001000669988e-06 4.467954815617985e-05 0.0 7.941582674297038e-06 3.795019364032797e-06 2.412085192699151e-07 0.0 5.270255751122321e-07 2.479737039165326e-07 0.00019024596421465633 2.633910919122858e-07 1.1776060288434337e-06 0.0 0.00010094167657423963 0.0 4.83553129083519e-07 7.888372865067391e-07 0.00011943400427197521 4.462986794270959e-06 3.4264516589776796e-06 1.353155347461377e-07 5.474436630371999e-07 4.3332929700000987e-07 3.1402686739723714e-06 2.418969122261689e-07 3.7200201984572944e-05 0.0 1.1362366161964338e-05 1.9033402464525275e-06 0.00017818117094044083 1.3438332335664032e-06 0.0 4.287554781189467e-07
1.102144447830922e-06 5.750506539123214e-07 2.3023129015584118e-07 5.06003687340406e-06 0.0 0.0005213725152166694 1.503146756364204e-06 0.0001397733277535591 0.0001421997456178867 1.5435498797292627e-05 9.096906039162052e-06 0.00019768549111644676 8.790672159714568e-06 2.127261372100465e-05 0.0005324610765046452 0.0 2.6761320814580554e-07 9.313964011717522e-07 1.2790249707148048e-07 7.773144777221493e-06 2.0912850886887465e-07 1.8976023041400767e-06 3.409170192875961e-07 2.5199992819033488e-05 1.0497399519627158e-07 1.2262947938457138e-06 5.184375603069535e-07 6.430867438946249e-06 0.000709474911334286 2.059706511411886e-06 0.0 0.00017392997593108854 1.2757904127344891e-07 0.00011749884958063357 1.2473067736295187e-06 2.6469189138767348e-05 2.4643565809784714e-06 5.194571517168118e-05 5.065383902427144e-05 0.0010799181455098507 0.00015245066038607253 9.169754979160354e-06 3.096729289017952e-06 8.9013933909464e-08 0.0 0.0 3.5260248534351255e-07 0.0 1.663319370852555e-07 3.4855363149582886e-07 3.186884020630988e-07 1.4039878970122467e-06 2.673082853309821e-07 1.1167153289809355e-07 2.0732004138317806e-07 0.0 8.288868959402531e-08 0.0 0.0 0.0 0.0 0.0 6.718391120341558e-07 0.0 0.0 0.0 3.715280340152176e-07 0.0 0.0 0.0 5.50231916126972e-07 5.519462793171597e-08 1.3010826830236224e-07 0.0 0.0 0.0 0.0 0.0 5.39360174076851e-07 5.293576227148468e-07 2.743495546302648e-07 0.0 1.5185805143837483e-06 0.0 0.0 0.0
5.902946949100671e-05 7.001036892546944e-07 0.00012029399133435924 0.0001016604964524773 0.0005213725152166694 0.0 0.0006923240383266673 0.0033043068155829266 0.00015784969662851046 0.005509113695400545 8.891750477492045e-05 0.0024533607120169896 2.5005920487827903e-05 0.0009259050966323409 0.0012820378599349732 2.305488869013938e-06 3.3506516969691143e-05 3.722072080960962e-05 2.490080736688048e-05 0.0004678963693528549 0.00012570208793370052 2.182346477648438e-06 0.00014337252064575 0.00023733107594523602 1.727476610151069e-06 9.972743386807111e-05 2.2337987621439443e-05 0.0003614470606265347 0.0005053069204750978 7.256462574021007e-05 1.3048989915024498e-06 0.00025839092999977516 9.456326526598238e-06 0.0002780590884579614 4.4177221457445405e-06 0.0003403359670826375 1.6522891344499426e-05 0.0004088344329345754 0.00012764265090277384 0.002006889567818684 0.00030098905392144515 1.527323202961584e-05 1.4172944583590196e-05 5.490586374641229e-06 1.0085363920094623e-07 1.0240959362336766e-06 3.1106905276075304e-05 1.903658629410487e-07 2.86183640117477e-06 0.00011522547804863144 3.208547517247112e-05 3.908252738804359e-05 3.342624676810414e-05 1.0193599420788983e-06 1.4105347647505628e-05 5.329467037484214e-08 1.8986809082019302e-05 5.556315108992161e-07 3.171949213778595e-07 5.288075541254976e-08 3.4326535132927654e-07 7.559476134841332e-07 5.668980925935794e-05 1.1213993031836864e-06 1.33579598369892e-06 1.3079638816553854e-06 6.91704493998664e-05 1.2040957383633234e-07 1.4551681189481494e-06 4.775770496074881e-06 8.281744583444921e-05 1.587765372730684e-05 2.1120606885189873e-05 1.6517894355835113e-07 7.633025118989151e-07 4.859302526047802e-07 5.992438478843253e-06 5.938047258067737e-07 2.341504503504234e-05 4.3139655271297685e-07 1.9788926495863388e-05 3.5457552175207813e-06 4.3501034127865656e-05 2.231232955036441e-06 1.8225196806198513e-07 0.0
0.0009173695265244098 1.7437080022480815e-06 0.0003912614924049405 0.000128098863835802 1.503146756364204e-06 0.0006923240383266673 0.0 0.0007612434589824879 9.976102493514775e-05 0.0057480008760121895 5.0024704709964044e-06 4.163403460286852e-05 1.4271643572872677e-06 0.0023922104867612247 7.847423915781223e-06 3.6315000557340985e-05 4.486342709764722e-05 3.2188860516767794e-06 5.950477447389912e-06 0.00010984908686312967 0.0005865887800130219 1.1729877673706899e-05 0.0007247400535883545 0.0009255331441564423 1.2364384005053964e-07 0.00010241815676802991 0.00010665671388949297 0.010695315136359969 0.000687934919914848 0.004101924943318734 8.458785371507063e-08 2.967187241476703e-06 9.843670071633628e-05 0.00010412210344132045 4.258799282205082e-06 0.0004279240209464312 2.6374222094765994e-05 0.0001751455825037663 7.735640469962406e-05 3.262545188334704e-05 8.377581440568753e-06 5.572540416793259e-07 5.101012326723521e-06 3.0112326344478827e-06 2.1427427101699093e-07 4.127453089206756e-06 1.9666117616501124e-05 0.0 8.561634830937473e-07 3.620936407023846e-05 1.4898635475877295e-05 3.6450509766429906e-05 1.6543382257245064e-05 7.008626623776868e-07 7.947587115772942e-06 7.213217570566426e-08 6.925165018362099e-06 2.2184443057636533e-07 4.446797681028166e-06 8.089348129534714e-07 4.875834966305718e-07 2.889088818423841e-07 2.996412302611668e-05 3.0127687246555987e-06 4.3333492419568794e-06 1.0168436375654385e-05 4.236719289858181e-05 2.3130000217955412e-07 1.6541620931382057e-06 1.4070189271247659e-05 4.9807554344807565e-05 7.469695851961653e-06 1.3627754510303941e-05 1.2836796516002682e-07 1.2281000752455061e-07 3.111570201646435e-07 3.7065337212903487e-06 1.220669803919377e-07 2.2832381452549365e-05 5.452181800880322e-07 1.043581872678455e-05 3.339084631934132e-06 1.7383263783230094e-05 1.0470476977030505e-06 0.0 4.88604845289348e-07
0.00018936962917432857 1.0456605132464385e-06 0.0002953806596630272 1.507125573508153e-05 0.0001397733277535591 0.0033043068155829266 0.0007612434589824879 0.0 5.961486804620784e-05 0.0022059852221551933 0.0001605646110235845 0.00017813348157550557 6.350101036962965e-05 0.003092492626380514 9.254684766415612e-05 1.6845579089646718e-06 0.00016729549069425037 4.877552319514985e-05 3.649676557554841e-05 0.000100325216544671 0.00027546147009554475 3.2153879549864612e-06 0.00040830004810011764 0.0001769424744258647 2.3777256798265184e-06 0.0002857778801307318 3.7526523524882475e-05 0.0002068597986233427 0.00028481163476542473 0.0006555420962074694 2.41568519356561e-06 0.00031532275770944937 2.003307784201711e-06 0.0005363819921858784 9.00222679714028e-06 0.00029793200345381947 3.176184836837828e-05 0.0005431617278677152 0.0002818875771097874 0.000677381251395003 0.00019536745725398232 4.397651602994581e-05 2.9097367332355772e-05 4.125629656064804e-06 0.0 1.1670847834742745e-06 1.231503831504278e-05 1.411368288004477e-07 8.230408445590883e-07 7.268079024554568e-05 1.5064722815708309e-05 3.288389080186926e-05 1.6320114330947334e-05 2.007840666352653e-06 3.005344646551398e-06 1.433311511292343e-07 1.3454900791530379e-05 1.4213871082446876e-07 7.964841183091972e-07 2.7149626882002914e-07 1.4034160276592744e-07 1.5950766980167885e-07 2.064664508064448e-05 6.047993325102664e-07 5.631776989551211e-07 1.010258823505102e-06 5.116787631984927e-05 1.8206917464993996e-07 2.307906979838113e-06 4.816563937915467e-06 5.4975851036638596e-05 1.3613523015381484e-05 2.0083691539755148e-05 1.3231453359052093e-07 3.0286781664676993e-07 6.931486465659922e-07 5.1585157776756195e-06 3.025468039036197e-07 1.9067234016899143e-05 3.089473147595555e-06 1.6651461694193128e-05 4.874451376407562e-06 2.070260240463473e-05 1.6170872725931263e-06 1.085791646020865e-06 2.95796246464572e-07
2.783479409939329e-05 0.0005386631694066034 6.422788703828359e-06 0.0005614648349486739 0.0001421997456178867 0.00015784969662851046 9.976102493514775e-05 5.961486804620784e-05 0.0 0.0001394429078564188 5.572963434858136e-06 0.00023126810016593034 1.1822569008196072e-05 3.0686715284527854e-05 0.0003564259978271037 4.9888621429660586e-05 4.685917061596494e-06 1.4338488744402233e-06 1.4250391018316707e-06 0.00019962091779993516 2.1467125592017278e-05 0.00234637087552698 2.239973355778965e-05 0.0043585270124725075 6.332512331034502e-05 8.715515929440507e-06 0.000327088419418767 0.0009791249325754757 0.00012193554570044335 0.00016604021509963133 5.758956202330088e-07 1.2277795071539052e-05 2.0384549912640303e-05 2.7139276557110294e-05 5.957039022085203e-06 0.0002159105507108798 6.503258816939501e-05 0.00010941581623445873 1.320196061768447e-05 0.00045747697890582755 6.74718072483891e-06 8.515727324418792e-06 9.442530008260883e-07 1.3024174410007625e-05 1.480521057136764e-07 3.6871187797092053e-06 0.00010185335931979823 7.217242270070546e-07 3.953966619218921e-06 0.000218233756664466 5.836158786723591e-05 6.380131522719517e-05 4.88379113281558e-05 3.0378872268309743e-06 2.4108285397311964e-05 3.6849097445881236e-07 4.264955273611071e-05 5.033245851188662e-06 0.00011667025718951294 1.2812922773630641e-06 8.014316934653866e-07 1.7890300003207745e-06 9.917113744166181e-05 6.761910044322324e-05 3.3574762785820456e-05 2.6262837441866582e-05 0.0006145300522630463 2.544184826935054e-07 5.397177034880906e-06 1.2832917349433458e-05 0.00033809548310738115 4.545072385202815e-05 0.00010719714497356487 1.2149446915352678e-07 3.52895655819488e-07 6.332623029041148e-06 2.6663714073121205e-05 5.428690855642549e-06 0.00010929815462275774 9.849734836335978e-06 4.9060796146102076e-05 1.7749685696385796e-05 0.0001138236404950699 9.584624942498443e-06 2.858824324577677e-06 1.2577072511710723e-06
0.00024790500036606176 4.120806287686084e-07 0.00024126152234924117 0.0023588341507173776 1.5435498797292627e-05 0.005509113695400545 0.0057480008760121895 0.0022059852221551933 0.0001394429078564188 0.0 5.1802861027017524e-05 0.004339445815498322 1.0370841037298889e-05 0.0012335856551938217 0.00012955438149832847 6.148975928813755e-06 3.174278909746375e-05 3.080412403032312e-05 2.580015096581336e-05 0.005397617560375007 0.00026972012445203563 3.650043130548378e-06 0.00029628923894306307 0.0003031792570613008 9.446398009913699e-07 0.00011601358833763556 3.992941874650227e-05 0.0026455648937851006 0.0007826155387497646 0.00013118868117404037 9.789135462987651e-07 2.592265030467586e-05 8.175752333477686e-05 0.0002581147948093298 5.363430748234563e-06 0.0007755353256890624 2.7255665842946066e-05 0.0005220485572000447 0.00012730279487343358 0.00022317745463809613 2.2170735597986115e-05 3.981254581360429e-06 1.0328191838521748e-05 3.4720472480753646e-06 4.387288917722543e-08 2.2550538955232876e-06 7.603253416544052e-05 6.994180505705042e-07 4.163734189230434e-06 8.556098714134826e-05 3.338091776375464e-05 6.778307447055799e-05 7.258675366311522e-05 1.933367067626756e-06 3.2003763852489803e-05 2.2554939721799702e-07 1.7918434771741534e-05 2.282468048451804e-06 1.6315043190899111e-06 3.0409605470793363e-07 6.229736029038119e-07 3.0854329378051107e-07 0.00012543414052109322 9.896606147456423e-07 2.691918650836355e-06 2.881096255453526e-06 9.650260017594439e-05 2.363579466192447e-07 1.323095778459137e-06 8.504807510984644e-06 0.00010147511002166123 1.1679371766039963e-05 1.546199689411558e-05 1.0187819339670044e-07 1.2467736430353177e-06 2.1017996389982702e-07 4.916668317859724e-06 2.9179418801046736e-07 2.9128465324169455e-05 1.6321796020223588e-07 1.854369749372787e-05 3.1423619479722684e-06 9.540497770210215e-05 1.3668447876369335e-06 4.687023742116453e-08 0.0
1.0304064127368058e-05 5.747274494221647e-06 2.6941737071982747e-06 9.140094091039328e-07 9.096906039162052e-06 8.891750477492045e-05 5.0024704709964044e-06 0.0001605646110235845 5.572963434858136e-06 5.1802861027017524e-05 0.0 4.407954338500786e-05 0.0009744705044839489 0.00013487749076168925 4.990151884155817e-07 2.2489127791315498e-07 7.050881501825518e-05 0.0016926177394671347 0.00024100866110785316 2.3178221266325006e-05 1.904376035588564e-06 9.055799322215509e-07 4.937319997621324e-06 3.6690217534203155e-06 0.00015163778424091766 0.001477403331693356 0.00019127989950774204 3.5788344840508665e-06 0.00016832293071357123 8.840301843185066e-06 4.277316091845258e-05 8.618084547192754e-05 6.167021370854676e-07 0.003290939076333405 9.156343144711442e-06 0.00024244640881778846 0.0022392512205507667 0.0019047975543957857 0.00035972814671756135 6.077184376423948e-05 1.5173019917953699e-05 0.0005150418478102685 4.012059336564485e-06 1.824981525238574e-07 1.2387012645283777e-06 1.1755571227430937e-07 9.441039316859643e-08 0.0 0.0 1.2264185882604172e-06 1.5732905421506336e-07 1.3382135421125962e-06 1.1375554429660104e-07 0.0001539574820571692 0.0 0.0006044307252067154 2.2894958887296688e-07 0.0 0.0 0.0 5.461020236591367e-06 1.7525569921118232e-06 5.263254414877748e-08 1.1820831525459447e-07 1.544803588582672e-07 4.4025548985590896e-08 2.069810169456001e-06 2.435738103528061e-05 7.403930733987972e-05 9.507993875393468e-05 1.7471992327093144e-06 8.592431910747766e-07 3.160046284716521e-07 4.7452844797834375e-05 4.2677830757913526e-08 0.0 8.847800236062193e-07 5.148739749629994e-06 1.0423382250875296e-05 9.53322871210769e-05 1.3024306206594134e-05 1.4034742797353787e-06 6.97352354303177e-08 1.2102838252083055e-06 0.00019457208235650332 0.0
5.9361875980786995e-05 1.3011177455294272e-06 8.049746015397468e-07 0.000401190857677592 0.00019768549111644676 0.0024533607120169896 4.163403460286852e-05 0.00017813348157550557 0.00023126810016593034 0.004339445815498322 4.407954338500786e-05 0.0 7.968595026392086e-06 0.00027770343572134314 0.0008769528668185786 5.9672918698661e-07 2.7308954674108526e-06 2.6363072945390185e-05 1.3090910822802605e-05 0.003956658604878707 9.728668220784297e-07 4.710090871795319e-06 1.3592866293901526e-06 0.00039639668858188826 6.552978098669727e-07 2.0223379730376117e-05 8.4741172875939e-06 0.00012124114678552993 0.0002634784145558689 1.092417394866216e-05 6.993719009525782e-07 4.440555098887493e-05 3.6563069326436076e-06 0.00012781292077590297 2.3256929795651904e-06 0.000721806752346698 8.852838231480494e-06 0.00032940297098270333 5.422362600857881e-05 0.0014083992068352766 1.3299321878810826e-05 3.2340953559742076e-06 6.704177088593238e-06 1.3270496721640602e-07 4.569365752205383e-08 0.0 4.887309397546378e-05 0.0 1.401601324159287e-06 2.125088235881366e-05 1.0609989874573526e-05 7.697401064217445e-05 4.6896896106053564e-05 3.0414953349050337e-07 4.999657873331566e-05 0.0 5.1345936993849435e-06 3.0024234492617616e-06 0.0 0.0 4.501329007888954e-08 3.886593767286066e-08 9.83494098908198e-05 6.381087013543271e-08 2.2824955250387895e-07 0.0 4.466386146417579e-05 4.773102913557345e-08 6.496291872916724e-07 1.4771048650284071e-06 4.083885629350318e-05 3.3753924382822697e-06 3.63322450664023e-06 2.7520986006782633e-07 3.481522508055551e-07 2.1924831908475321e-07 1.1687465392900032e-06 6.891875715245869e-08 3.426793762520255e-05 6.764201978364261e-08 9.190898634934003e-06 1.669022896434854e-06 0.000179083281501318 6.168965194473397e-07 9.848906940277744e-08 0.0
9.542241114722467e-07 0.0003478304746505468 1.011211385386152e-06 1.429464995295755e-06 8.790672159714568e-06 2.5005920487827903e-05 1.4271643572872677e-06 6.350101036962965e-05 1.1822569008196072e-05 1.0370841037298889e-05 0.0009744705044839489 7.968595026392086e-06 0.0 3.23973216592913e-05 3.1786351314088715e-07 7.107352650052062e-07 2.2242174973122185e-06 4.1520176189622505e-05 5.248271847858511e-06 3.52037314162347e-06 1.4701629051320077e-06 3.1281872591330776e-05 1.0359392201337346e-05 9.596952484613448e-06 0.0029441816704359066 0.00026809020036931073 0.00190286263365029 1.0455701941299097e-06 1.662555105870398e-05 3.1488615982287017e-06 0.0004394621570955566 4.902265789255474e-05 7.196244563484765e-08 0.000461336488947248 3.948579000472874e-05 0.0011318803775726013 0.0026328121994061574 0.0025472329109789025 0.0003468092548745863 0.00013331484574170913 0.00017759945513875494 0.0008564202277420388 1.8430405149524604e-05 0.0 4.185301730586857e-06 3.632384103541479e-07 6.533696638138089e-08 1.2074248674649217e-07 2.5288799439507153e-07 1.629255988909345e-07 1.0338656348998567e-06 1.2077561620457333e-06 1.1452831212120092e-07 0.0003766875489595473 4.218242404325219e-06 0.001366253027094506 7.286038967844092e-07 0.0 6.071041563898564e-08 1.4038932014040915e-07 5.0294288852635375e-06 3.297447040717962e-06 0.0 1.095380029556616e-07 3.413279232236494e-07 3.319406365604799e-07 2.590945480896103e-07 7.906852545719671e-05 0.00010534773052648192 0.00017943815982455078 1.1055883188174326e-06 4.687931329224441e-08 0.0 0.00010886606240238687 1.1967933811893495e-06 0.0 1.1714041356262006e-06 1.2530741337461303e-05 5.208838798176333e-05 0.00016548441664016484 3.4356365408780594e-05 7.021475124004037e-06 7.636359173102656e-06 4.136016023797353e-06 0.000303194491772591 1.0602830642291493e-06
0.002445115363473854 1.1023401178538862e-06 0.00019491211754579498 1.3138546452201147e-05 2.127261372100465e-05 0.0009259050966323409 0.0023922104867612247 0.003092492626380514 3.0686715284527854e-05 0.0012335856551938217 0.00013487749076168925 0.00027770343572134314 3.23973216592913e-05 0.0 1.2333325716772319e-05 7.557180908121599e-07 0.00017782287474841713 4.776517027123946e-05 4.0131259918316436e-05 0.00018746003774174736 0.00015815037854125327 2.7133755350333833e-06 0.00032593295212373556 8.072474274302235e-05 1.717485033084957e-06 0.00020401189708043303 3.858735205168668e-05 0.00012481083928430074 0.0022840957985560783 0.0013050168130019778 2.378473612519968e-06 0.00020353528144527935 1.1579584193516682e-05 0.0005858966740082054 6.434068315447006e-06 0.00029050249564847446 1.951015758332987e-05 0.0004540600778058273 0.00014358387496045584 0.00044679839850319316 5.171521339878195e-05 1.593667275147391e-05 1.696345016607232e-05 3.0893999765457733e-06 3.2726035028133954e-07 1.1738195622021774e-06 2.8269530592114743e-06 5.274700204801119e-08 1.8891110156350679e-07 2.7842874834081576e-05 8.716077217409276e-06 2.1897443746071742e-05 4.039748173668345e-06 7.028632403398251e-07 1.0734095125218595e-06 3.1080038861497486e-07 5.591417092696697e-06 1.2801465196356488e-07 5.161513744463708e-07 5.012256823672055e-07 2.1260343933018251e-07 6.057148828879073e-07 4.665285342526927e-06 6.39062737626779e-07 7.941862695847062e-07 9.140525204641159e-07 3.107036500216261e-05 1.2693735034561945e-07 2.4219810627012645e-06 5.282756186052765e-06 3.5062243083187664e-05 1.0553469056862721e-05 1.0973657290033092e-05 0.0 3.997411709257307e-07 6.119511344820709e-07 4.037368194729436e-06 4.779188220927861e-07 1.1613387024434841e-05 8.71283790947672e-07 1.0548519431563338e-05 1.8213689045153712e-06 8.717326100840273e-06 9.8331264396345e-07 3.67531277923857e-07 2.271489407189765e-07
6.205879598121844e-07 2.86016832765024e-06 2.589783784958738e-07 1.851322100651753e-05 0.0005324610765046452 0.0012820378599349732 7.847423915781223e-06 9.254684766415612e-05 0.0003564259978271037 0.00012955438149832847 4.990151884155817e-07 0.0008769528668185786 3.1786351314088715e-07 1.2333325716772319e-05 0.0 8.842180431792156e-08 2.0396559476379684e-07 8.32374473489808e-08 0.0 8.17519089651369e-05 4.287630951594844e-07 6.595304853104678e-06 5.009116525595838e-07 0.0001245733107214816 4.1421176622895115e-07 1.7450146592587647e-07 2.4592604501905085e-06 2.399062581241284e-05 7.39633865151223e-06 1.1376164415337478e-06 5.5470199076030346e-08 7.804158557166828e-05 3.2711222646340664e-07 1.1966661711660698e-06 3.467538057332428e-06 3.150722257224898e-05 1.1824967990834174e-07 2.299927826438142e-06 8.240045207837628e-07 0.00041897777805900894 3.4196572630973064e-05 0.0 6.980675313881856e-08 0.0 0.0 0.0 2.6619289889936975e-06 0.0 5.55315026366069e-07 2.159850003575533e-06 1.2328772978965145e-07 5.550080160619952e-06 1.9657342264512936e-06 0.0 4.0953626102377446e-07 0.0 7.988851355296319e-07 4.163566011355315e-07 0.0 0.0 0.0 0.0 5.103201054923455e-06 0.0 0.0 0.0 1.1093948122843718e-06 0.0 0.0 0.0 3.096262891168074e-06 1.8326378180433748e-07 0.0 0.0 0.0 0.0 2.3282989916534158e-07 1.141888519795677e-07 3.0940542528488996e-06 0.0 0.0 4.927007201630679e-08 1.1682860265570425e-05 0.0 0.0 0.0
2.78450568477708e-07 2.705205769278683e-05 1.6287146060025326e-05 4.440232834662248e-07 0.0 2.305488869013938e-06 3.6315000557340985e-05 1.6845579089646718e-06 4.9888621429660586e-05 6.148975928813755e-06 2.2489127791315498e-07 5.9672918698661e-07 7.107352650052062e-07 7.557180908121599e-07 8.842180431792156e-08 0.0 1.1600308628075084e-05 2.938323065452246e-07 1.7918832122169296e-06 4.998436135430277e-07 0.0030952976341118315 0.001303673077311657 0.0022289528775210807 0.001352634018930749 1.6561924273531902e-06 2.3687136549515954e-06 0.0021193485349350807 0.001279025085892394 5.9377266382362834e-06 4.386299399579133e-05 0.0 4.1956775558373556e-08 7.924029422229988e-06 3.614444069593154e-05 1.6173122690002037e-05 0.0007934363902083303 0.00037485866012592576 0.00013300198173809175 0.0002195013216031811 4.5113889017948464e-05 4.571690077731661e-07 1.8674339919641135e-06 7.32654230080773e-06 1.8434571355591314e-06 3.955978027539004e-06 2.368799005096786e-05 5.60124946272297e-07 0.0 1.5767764469078334e-07 1.446511214274453e-05 2.0516477875588213e-06 3.237811606961849e-05 1.4772458814239386e-06 2.7423212460693983e-07 1.3856650165239212e-07 2.7797778678537675e-07 1.5211172884293328e-06 5.567250813953682e-07 0.0010225551552477728 5.190091192207864e-06 1.659380450584317e-07 2.703325756463961e-06 1.3510808515282193e-07 0.000386245405804866 0.0006487362482350251 0.0009750818807613928 0.00017698007828060783 1.408580322790599e-06 7.400877579056942e-06 0.0003109709229915873 0.00016804935966872257 9.760611945290978e-06 0.00013640135484907967 1.9082558129215136e-07 3.4669212871204745e-08 1.981769294969259e-06 2.2801220960545038e-05 8.334591237234718e-06 0.00028233082291826913 2.2896577874091134e-05 6.831311503992844e-05 4.937364459275057e-05 1.5715952013326734e-05 5.910575339339968e-07 8.859408792571923e-07 1.5268202304794152e-06
0.00013893749495693487 1.111800523048938e-05 0.0009923463826323543 8.805013708813133e-07 2.6761320814580554e-07 3.3506516969691143e-05 4.486342709764722e-05 0.00016729549069425037 4.685917061596494e-06 3.174278909746375e-05 7.050881501825518e-05 2.7308954674108526e-06 2.2242174973122185e-06 0.00017782287474841713 2.0396559476379684e-07 1.1600308628075084e-05 0.0 0.00011704078562895041 0.0013080247039069185 3.0249565574872423e-06 0.0003880629661618811 5.6299889690343984e-06 0.0014565528530790686 3.944364546795405e-05 9.749689579875938e-07 0.000769049407828556 0.002223122368162613 2.9030798852352386e-05 0.0002780453352688362 0.0011043335468577994 1.0301487797618597e-06 1.443010139624721e-06 3.6651010117367195e-05 0.002814364164663827 7.694908792283826e-06 0.0004866643626493197 0.0012235398123235694 0.001960256064099984 0.00043415216370299456 1.2259129089668062e-05 2.48418891537392e-06 8.597069249055747e-06 2.9562288448923752e-06 6.912400060497313e-07 1.9243646060668246e-05 7.093109358831326e-05 1.606425096413161e-07 0.0 0.0 5.580646083868069e-06 7.562420560603415e-07 4.811253771400567e-06 5.624586355455484e-07 9.883969446082694e-08 6.535761564142886e-08 5.651815680389625e-08 1.9042467326297326e-06 0.0 3.4325105829115627e-06 5.146586462064741e-05 3.076732355744981e-07 2.416936692388003e-05 0.0 2.450362315243461e-06 3.049692495941231e-06 1.0022227282533644e-05 8.535102072300836e-06 1.7641004886695876e-06 0.00011640525954782287 0.000305608204872347 8.89095083295158e-06 2.079601594971723e-06 7.855343331043043e-06 3.0854205280199654e-07 7.061798740715523e-08 5.813690551719773e-07 4.5432323474571205e-06 2.292826589478038e-06 3.0451176710506264e-05 9.394922361177246e-06 2.6291382705863866e-05 4.228428052536021e-06 1.4556434214996573e-06 0.0 8.314872711072635e-08 0.0
9.365358837351717e-06 3.0014438075956335e-06 6.155455124320884e-06 4.972602541754617e-07 9.313964011717522e-07 3.722072080960962e-05 3.2188860516767794e-06 4.877552319514985e-05 1.4338488744402233e-06 3.080412403032312e-05 0.0016926177394671347 2.6363072945390185e-05 4.1520176189622505e-05 4.776517027123946e-05 8.32374473489808e-08 2.938323065452246e-07 0.00011704078562895041 0.0 0.00101198210373279 1.4358005889706058e-05 2.7419647234457433e-06 5.145839757901119e-07 1.3734640036446056e-05 2.478493734302322e-06 3.312607825478621e-05 0.0017392748030501174 0.00022632750285686825 2.3696735226560006e-06 8.661758960335099e-05 1.91496785801229e-05 4.060742543227888e-05 1.60510011960304e-05 1.1316130854277714e-06 0.0010979188483885634 5.316653132937077e-06 0.0002960400025765748 0.0006055185831597674 0.0010261965612534444 0.0002573176658918111 1.8718470944020034e-05 1.0487139933994267e-06 8.043489558027738e-06 2.1356552290092643e-06 1.0205678537678408e-07 1.9695913160516512e-06 6.018228241469e-07 0.0 0.0 0.0 1.058563919964998e-06 4.9118703759248014e-08 9.378400284451502e-07 1.5502574751923745e-07 6.092670636782147e-06 4.837168915648643e-08 4.41176205193908e-05 4.5511667828382045e-07 0.0 0.0 5.21619619838824e-07 9.37068990210041e-06 1.0563133058393346e-05 5.004457098648344e-08 1.2683364889025024e-07 4.1068706435975816e-07 2.8635061046992923e-07 1.8806999161273027e-06 1.3156395201092616e-05 0.00018494667278739097 0.00016354889657985115 1.084173378916153e-06 2.578312669737156e-07 2.0393045445369632e-07 3.0408269477673033e-05 0.0 0.0 1.0295434117694238e-06 2.349908457854514e-06 5.639245490017978e-06 5.1640023732111865e-06 4.78393054057187e-06 1.1844500448023368e-06 3.6247554312616104e-07 0.0 1.380162541131626e-07 0.0
2.206650352510146e-05 1.0478992544365951e-05 2.837704609574798e-05 8.092098705894346e-07 1.2790249707148048e-07 2.490080736688048e-05 5.950477447389912e-06 3.649676557554841e-05 1.4250391018316707e-06 2.580015096581336e-05 0.00024100866110785316 1.3090910822802605e-05 5.248271847858511e-06 4.0131259918316436e-05 0.0 1.7918832122169296e-06 0.0013080247039069185 0.00101198210373279 0.0 8.722320136831573e-06 3.0335897863137917e-05 1.2235116058155846e-06 0.0001697571740129977 5.923601501785883e-06 4.406680825341979e-06 0.0018659492573920079 0.0008815835359679712 5.26188601237809e-06 8.784517115575879e-05 0.00012514982488586452 2.6547103531319867e-06 4.276245650621076e-06 5.426915812882238e-06 0.0018940646806774111 5.92468956373791e-06 0.00038052703389086914 0.0004076692067440043 0.0011955425602913447 0.0002989272562523102 8.944984480745448e-06 1.3006672158656332e-06 2.6683284545489223e-06 2.093311894478926e-06 5.956924992109593e-07 2.5761212405610996e-05 1.5862132073774573e-05 6.357373042292208e-08 0.0 0.0 2.461690430059975e-06 4.483912983148238e-07 1.25724057322573e-06 5.3252955601764693e-08 3.649084289860674e-07 0.0 1.0440307894592018e-06 7.042309737225412e-07 0.0 7.257072700913181e-07 2.1534756555810513e-05 2.6275095201308874e-06 7.487384211577009e-05 1.5461056823714183e-07 9.42650753625837e-07 7.981435633373467e-07 2.0344481832467012e-06 1.607221302781806e-06 6.701074156029978e-06 0.0003713000235514238 0.00039108971748162734 2.5748601663640495e-06 9.801642036677015e-07 4.8689722306332975e-06 1.3359393536743927e-06 0.0 0.0 5.767542676610315e-06 3.676124542576117e-06 2.410287281700279e-05 1.4681897652437293e-05 1.7188495881621988e-05 2.88571296395253e-06 6.312582315291055e-07 1.5059335739647222e-07 0.0 0.0
8.37306613790938e-05 1.4424629303432343e-07 2.0274993882429354e-06 0.004621734287305521 7.773144777221493e-06 0.0004678963693528549 0.00010984908686312967 0.000100325216544671 0.00019962091779993516 0.005397617560375007 2.3178221266325006e-05 0.003956658604878707 3.52037314162347e-06 0.00018746003774174736 8.17519089651369e-05 4.998436135430277e-07 3.0249565574872423e-06 1.4358005889706058e-05 8.722320136831573e-06 0.0 3.2671021244616682e-06 1.7461700919503353e-07 3.06636865629395e-06 0.0003647455158864366 2.3827092472498454e-07 1.2971161733521698e-05 5.559002477142066e-06 0.0019547350456721657 0.0003111665364586091 1.4812654637395373e-05 3.455236210086036e-07 8.654110608625725e-06 2.38817739032965e-05 0.00012323577595182414 3.0133115691161028e-06 0.0006110264958235649 1.3920516708238347e-05 0.00030498856122327035 7.221835762934811e-05 0.00032976478792024784 1.6110746702246625e-05 1.5824066964045519e-06 9.255697705208082e-06 1.125300142139451e-06 4.6301091218537635e-08 4.279968706761431e-07 8.396863963518051e-05 3.056120363954559e-07 5.258556844374347e-06 6.902129264821512e-05 3.511615529014677e-05 6.930476094020192e-05 8.694999408967067e-05 2.5936002373755117e-06 4.449873144006828e-05 2.063225436312132e-07 1.150904636009484e-05 4.147304248351521e-06 1.0949804655966443e-07 0.0 3.599234922071381e-07 9.033226545469925e-07 0.00015495317598656483 6.798467184650218e-07 0.0 3.135474521106644e-07 8.181018964988013e-05 2.194709210646339e-07 4.216865960751612e-07 1.4166623217986876e-06 9.334594119849147e-05 7.2982252368093945e-06 5.987558305548331e-06 0.0 2.603977817112875e-07 3.228885502537604e-07 2.814821685066921e-06 3.128265330686417e-07 3.771633585305281e-05 3.884079793789302e-07 1.723586363472105e-05 1.1716945362692527e-06 0.00014740684192311875 8.003131439001373e-07 1.3825356499512349e-06 1.1513706537853781e-06
8.050616375484144e-05 5.605305342298542e-06 0.0006038529445790209 2.942633073308272e-06 2.0912850886887465e-07 0.00012570208793370052 0.0005865887800130219 0.00027546147009554475 2.1467125592017278e-05 0.00026972012445203563 1.904376035588564e-06 9.728668220784297e-07 1.4701629051320077e-06 0.00015815037854125327 4.287630951594844e-07 0.0030952976341118315 0.0003880629661618811 2.7419647234457433e-06 3.0335897863137917e-05 3.2671021244616682e-06 0.0 0.00011473812391128383 0.008200965478517685 0.0002303061469562837 2.423891294315371e-07 2.900642754372965e-05 0.00042497373665315816 0.0029917504808907483 0.00016864009198459132 0.0037450756610131757 0.0 9.73468996204532e-07 5.746248012035446e-05 0.001992110813979486 9.190568929505929e-05 0.004121238169154069 0.0007307202788118126 0.002012219455695713 0.0015835335681623406 0.0001527256864957355 4.9152127239762195e-06 1.537375573581114e-06 3.184175007326054e-05 1.9871683528918645e-06 8.093199908991894e-07 1.845389852614661e-05 1.08798881598687e-06 6.04683586949941e-08 2.418415972622234e-07 1.3480392225255343e-05 2.2824754943228915e-06 2.6745329942792694e-05 1.2141148659305015e-06 2.2528029550086046e-07 3.043821022006484e-07 0.0 1.6870700812919925e-06 1.9798584837131514e-07 0.00038218657229973437 4.438967332233714e-06 8.172783394305214e-08 1.512849010376757e-06 5.967457087287772e-07 0.000409317144769701 0.0001143961889161537 0.0002173389427265862 0.000157776746344527 1.2601407789164177e-07 9.042131511634125e-06 3.39635970315936e-05 0.00019184270546555325 1.36180899252411e-05 0.00020594816885083876 0.0 0.0 4.547129082236293e-06 2.6507132628711764e-05 1.202413585373465e-05 0.0002169331369442326 8.383681635791228e-06 4.230738609814152e-05 1.8429012402060853e-05 1.0274664229866358e-05 1.391885944562069e-06 3.833230290682424e-07 7.844020526369707e-07
3.097807500946156e-06 0.000906744288369477 6.493962215462068e-05 7.956259836114822e-07 1.8976023041400767e-06 2.182346477648438e-06 1.1729877673706899e-05 3.2153879549864612e-06 0.00234637087552698 3.650043130548378e-06 9.055799322215509e-07 4.710090871795319e-06 3.1281872591330776e-05 2.7133755350333833e-06 6.595304853104678e-06 0.001303673077311657 5.6299889690343984e-06 5.145839757901119e-07 1.2235116058155846e-06 1.7461700919503353e-07 0.00011473812391128383 0.0 0.0002657430579358587 0.0024880017549949113 0.0002028307613157825 1.167265103487763e-05 0.0016522469573442898 0.00012979607010900427 1.350426320168468e-05 1.8917109453724854e-05 8.076810434127114e-07 1.808235667797871e-07 3.0802784343443857e-06 5.47848567484021e-06 9.83330204392963e-07 3.114493573955154e-05 1.3677364952772143e-05 1.4973254584196791e-05 9.709439336505398e-06 3.502549642949071e-05 8.503563688723073e-08 7.41126766583482e-07 0.0 9.08956374115294e-07 2.93508461959128e-05 0.00011496747043044137 7.943144521616812e-07 0.0 6.537356552202361e-08 8.424326743742286e-06 1.0515192350571392e-06 3.26142657691504e-05 3.250677085253376e-07 1.1243929401627263e-07 0.0 6.246894832777634e-08 7.829776699466393e-07 2.607293058147711e-07 0.0006057928743495053 1.3403140285706932e-05 1.8107483575237578e-07 1.2895603920266193e-06 2.891129430586272e-07 0.00014153138612791287 0.00020810423444958689 0.00047938402691140156 7.50994437235606e-05 6.999605721431823e-07 1.197088229514959e-05 0.0009515829301890759 5.7291254973864577e-05 2.7668069425675e-06 3.514820336577469e-05 1.8219781238204384e-07 0.0 4.08323011960155e-07 1.2428608689006107e-05 4.3070819048941985e-06 0.00014775971733037033 2.720984883060358e-05 4.114426977722652e-05 2.8921173346795695e-05 7.887529917768175e-06 2.008849181192872e-07 5.438174421231293e-07 3.461646933922832e-07
