0.0 1.3260347690233191e-06 9.764766038829919e-05 1.1084460866562135e-06 7.160064982659495e-08 1.0051421323444358e-05 0.0007064920858972487 0.0004457061686419643 1.4261436823585953e-06 4.3937408265489784e-05 2.0951586249336026e-05 5.386043586291954e-06 2.7080946054004045e-06 0.0032678875880634345 2.33932035678288e-07 3.2739529224830845e-07 0.00016031076793266802 2.728659221577543e-06 1.1761319229766891e-05 3.60918141246229e-06 9.573843765880127e-06 1.8456743861721488e-05 5.9993862100471787e-05 4.92066155338993e-05 2.627906096286348e-07 4.230244332990105e-05 3.5636197899178994e-05 6.066407111212264e-05 0.0031782385205441836 0.0008274742374964016 0.0 3.986360809752339e-06 0.00014817894252308064 0.0002602604253547139 3.2538268664037983e-06 0.0001400444265066796 1.110419522042282e-05 0.0002240071003955432 4.4086894388926985e-05 7.771693073491627e-06 8.866164174162598e-06 1.817893562562302e-07 1.1636318790622962e-06 8.035251559301058e-08 2.506626356128915e-07 5.62444500140349e-07 1.3624471881521524e-07 0.0 8.32624328118574e-08 1.0797637993825686e-05 6.012602524830357e-07 5.582740162334652e-06 1.130973634407387e-06 0.0 0.0 1.703942730255086e-07 8.112211470798491e-07 0.0 1.6640714583387754e-06 4.738815360203843e-08 0.0 0.0 0.0 1.532086315826174e-06 8.241862423755532e-08 5.281364289628502e-07 1.8346018025879976e-05 0.0 2.532197492855893e-07 2.6719785769887354e-06 3.923947904629761e-05 5.858419111633806e-07 1.4205508113354904e-05 0.0 0.0 0.0 2.675900113293501e-07 3.317260355644347e-06 7.417140210734976e-06 3.4582962672528714e-07 1.4771196435045674e-06 1.617518783454902e-06 1.0970779437798831e-06 4.4359131535308126e-07 0.0 1.7433896515986258e-07
1.3260347690233191e-06 0.0 9.362709859771658e-06 0.0 1.9121618226719004e-07 4.991734372421103e-08 4.207897457672675e-06 9.688502140459333e-07 0.0002838599995516053 1.9298382065671516e-07 2.0893052830155938e-05 1.0048932787702018e-05 0.0006257947162538769 2.7280021227294367e-06 1.3081204973119878e-05 8.554868338598416e-05 1.3735321892693842e-05 1.5861103293462737e-06 1.4396489241517731e-05 1.762712967050072e-07 3.0147408814759797e-06 0.0016057745439923509 6.331312082956989e-06 0.000500406142941328 0.0006767277091303384 0.00012593904511343438 0.0024926642034438663 3.0134527408182655e-05 3.0423897808429495e-06 1.2119145569922436e-05 3.329016747067778e-05 1.0308042857224348e-07 1.7078627956672217e-07 2.882262051994659e-05 6.300380521890728e-08 5.0830016155573494e-05 5.6556739235078565e-05 0.00012051090525506348 3.056663841436709e-05 1.979793532094403e-05 1.4614135885637888e-06 6.244197187270363e-05 1.6242994736257288e-07 2.735524716316515e-07 7.612134896118209e-05 3.787157332097608e-05 0.0 0.0 0.0 4.2941147343045105e-07 1.599260550329957e-07 5.860786624515482e-07 0.0 2.1256093999689895e-06 0.0 8.35895192634724e-06 1.145276680169403e-07 0.0 2.8011349432745644e-06 1.2789231280194607e-05 1.936756949960248e-06 1.0091337736548259e-05 0.0 3.584845665579484e-07 2.8318586375603535e-05 3.1909177250253822e-06 2.3265563914233396e-06 8.296504742793729e-06 0.00013187873559987375 0.0004876109011685787 1.5577860639712752e-06 3.8858923236435625e-08 3.37853931881657e-07 2.3728268812135586e-06 0.0 0.0 3.876387438882378e-06 1.9749576233848487e-07 9.082907448310895e-06 1.472421576942239e-05 1.8888857017672076e-05 5.275176934915226e-06 0.0 0.0 1.6820128291984766e-06 2.1944497617630153e-07
9.764766038829919e-05 9.362709859771658e-06 0.0 2.053808111804298e-06 0.0 2.9837123772708902e-05 0.0010058871152051096 0.00036028216765458414 3.340187564820922e-06 3.259370338453832e-05 3.788348639250664e-05 2.9099325247136305e-06 1.0026145297718939e-05 0.0005300946690448621 3.8484735174368104e-07 3.04504715321033e-06 0.003354717198397096 2.4888008494714267e-05 0.00020836604789484302 1.3794427672480618e-06 0.0006999691109020349 2.640366960224952e-06 0.005974214714781262 0.0001353300211207651 9.490976203363304e-07 0.00397538072584963 0.005674691113336301 0.0005296833676111489 8.473021115570998e-05 0.0009385764641767896 2.1047910528625087e-07 2.702097268946343e-06 6.346447817813217e-06 0.0003958690994136118 1.6596019634189983e-05 0.0015177285718512 0.0017205472337404584 0.001314932783263098 0.00021583124420829973 2.985676868303238e-05 2.418114498700068e-06 1.395395470984759e-05 2.620781029964808e-06 2.7083879567930113e-07 0.0001289336307277618 0.0005738309490830765 0.0 0.0 6.008178532383734e-08 8.568820205428844e-06 6.860070305443272e-07 2.4326338671194633e-06 2.6205626355727166e-07 2.3379304607874793e-07 0.0 1.112152400546892e-06 8.134541415634555e-07 0.0 1.5163947833165487e-05 5.829626706783289e-05 8.130370362098163e-07 9.816026163166528e-06 0.0 1.3548388345019556e-05 4.4093816038991195e-05 6.497498854351004e-05 1.7327777621202197e-05 5.798708283870448e-07 0.00016768834413588487 0.001558201017272442 1.6277745756801097e-05 8.746311293493323e-07 1.0717629542257628e-05 5.572194291355401e-07 0.0 0.0 9.384308962147979e-06 6.3038672475083e-06 4.7740259543219274e-05 9.051741978641803e-05 4.33395639563058e-05 1.8081710481171314e-05 8.540765519168496e-07 2.5115952811313376e-07 0.0 0.0
1.1084460866562135e-06 0.0 2.053808111804298e-06 0.0 1.908161384877367e-07 3.3623578105134754e-05 3.253856075522285e-05 4.798480036272469e-06 0.0002956375994325204 0.0016234537195052579 5.856998198141312e-07 0.0015996516601494775 2.399788175341259e-06 6.2279626253917415e-06 1.6356717069101038e-05 7.67060908319342e-08 0.0 1.278515830827575e-07 1.0510908602753417e-07 0.0011443163504071862 7.934447190763725e-07 1.3040313506462477e-06 5.27532106678661e-07 0.00044896931171701084 0.0 4.12405231338372e-07 3.324987707629513e-07 0.0018973976516921426 1.2776556208250628e-05 8.59565107780903e-07 0.0 1.9178372053093082e-07 4.882626912530602e-07 9.895902792322739e-06 8.807513263044468e-07 7.75855971900353e-05 4.79139360721806e-07 2.809543124248818e-05 1.6678569811630922e-05 5.110496135184022e-05 4.8979884742735085e-06 0.0 2.2195613713444214e-06 5.7342179524233845e-08 4.0006381012378407e-07 1.768108841072191e-07 5.958523822585921e-05 0.0 2.902103868412496e-06 6.381967189749288e-05 4.720022916042847e-06 3.687076544024128e-05 0.00011169181240735178 4.3303986122435154e-07 3.190952315582074e-05 0.0 7.991996430613505e-07 2.2959209869799273e-07 2.4703004972756094e-07 0.0 0.0 0.0 5.1006147194668075e-05 1.534975051410844e-07 1.419574231096883e-06 2.3207079857741754e-07 0.00014484441286185474 0.0 2.990534971104893e-07 6.366039647250167e-07 0.00020494275288325482 3.7074750375096803e-07 5.919142475352487e-07 0.0 0.0 8.015768669556405e-08 6.227572702289959e-07 4.437140119881121e-07 3.0930188298164338e-06 6.496021180399469e-07 2.6285080230053536e-06 7.396740970488548e-07 4.8340947595060075e-06 0.0 0.0 0.0
7.160064982659495e-08 1.9121618226719004e-07 0.0 1.908161384877367e-07 0.0 0.00010301143561997009 8.596191718635674e-07 1.6125142768965096e-05 1.6794717322589933e-05 1.9898969453054147e-06 1.673321796742077e-06 3.2578912646182754e-05 6.324656024600884e-07 1.2819530064812368e-05 0.0004745450306178672 0.0 0.0 1.9377050241436374e-07 8.812118522524403e-08 7.261711193378856e-07 0.0 2.0110438867040268e-07 0.0 1.8812453801969908e-06 5.187036140389304e-08 2.0804154358158324e-07 8.667556697909531e-08 5.086272036074611e-07 2.2474009186843244e-05 0.0 0.0 0.00019937190527018222 0.0 1.3285824010958375e-05 0.0 2.904207502376162e-06 0.0 5.970764770909526e-06 5.735702953136908e-06 0.0007416904966350945 4.180774022017417e-06 0.0 0.0 0.0 0.0 0.0 0.0 0.0 0.0 2.8156598051072807e-07 0.0 0.0 0.0 0.0 0.0 0.0 0.0 0.0 0.0 0.0 0.0 0.0 0.0 0.0 0.0 0.0 2.9220698351910764e-07 0.0 0.0 0.0 1.7371740182917727e-07 0.0 0.0 0.0 0.0 0.0 0.0 0.0 3.393739414003868e-07 0.0 0.0 0.0 0.0 0.0 0.0 0.0
1.0051421323444358e-05 4.991734372421103e-08 2.9837123772708902e-05 3.3623578105134754e-05 0.00010301143561997009 0.0 0.0017596959292741664 0.0030882301757057715 3.202588666560666e-05 0.006563894191611052 8.502116771662814e-05 0.0014711728254938156 2.2988422082232173e-05 0.0007431625462326546 0.00084465503718993 1.2794964519242626e-07 9.369192465943088e-06 8.56240587286516e-06 8.684925396036792e-06 0.00017524093103010304 4.793020539316381e-06 1.1657831629243222e-06 8.21405119558555e-06 3.3032380861183504e-05 7.45408256867856e-07 3.256368944198473e-05 8.786021387570355e-06 0.00024182318605987097 0.0003701257807601549 1.026154911948652e-05 2.2395215013713485e-07 0.0009427619005382851 1.260147612389048e-06 0.0002612618928234998 9.319944944093149e-07 0.0002256091194586905 1.0258994253119274e-05 0.0002638004191498714 0.00013305873296976653 0.0010817928006287738 9.908830204285654e-05 2.3863732444047344e-06 9.035662068833199e-06 1.4741758801489586e-07 7.366908380802842e-08 2.3247152903353605e-07 2.9566359056176428e-06 0.0 5.787708074836334e-07 4.479281173422744e-05 3.1918304743762354e-06 2.0488101630080573e-05 1.105924635692183e-05 5.817875848569212e-08 1.337054735617847e-06 1.912222219005857e-06 1.3814543631291672e-06 0.0 1.7838037726313082e-07 0.0 4.8602076997280715e-08 0.0 6.116458047491524e-06 2.2490596743445043e-07 2.9720691041233253e-07 6.699776250241337e-08 4.723030628113684e-05 1.1955821834848742e-07 3.0888078046753034e-07 1.063298278099356e-06 9.041852671995297e-05 6.125357564347234e-07 2.119700910111625e-06 5.433333404674286e-08 0.0 8.495597254669849e-08 6.274779304043929e-07 1.1390716747445716e-06 4.8547406844428145e-06 0.0 1.7567003598433551e-06 9.589439043488214e-07 1.372076072673403e-06 0.0 0.0 0.0
0.0007064920858972487 4.207897457672675e-06 0.0010058871152051096 3.253856075522285e-05 8.596191718635674e-07 0.0017596959292741664 0.0 0.001732107384693314 0.00048475577187933726 0.003579347210857736 3.705680978455149e-05 0.0001288396314537279 1.7328037263013063e-05 0.004853313779926613 3.9822489933928773e-05 2.535968128061921e-06 0.0001155397762975575 5.023122163804626e-06 1.4039598435893292e-05 2.451495814663687e-05 0.0007200978043035099 2.1080714493091165e-05 0.00033793106807788033 0.0006782908822741885 9.58399155166905e-07 0.0001561622687478289 5.667325658774852e-05 0.007583192003864337 0.0011110254053220037 0.004297652303955469 0.0 1.3594818479331276e-05 9.433452694770766e-05 0.0005188725373373936 4.49729162239433e-05 0.0022957334169337045 6.3511125895309e-05 0.0012017736414423697 0.0005429257917099859 0.000309879367198954 0.00011268532099706913 3.974725869582169e-06 2.9894280627564987e-05 1.4657931030900568e-06 2.235860211621101e-06 9.515299508133124e-06 1.859097387900431e-05 0.0 5.607704600720121e-06 0.00034473161758942576 2.3846093803959244e-05 0.00016118931940053952 3.9764358372759095e-05 1.2284362597412234e-06 9.301477426746642e-06 4.035725382662682e-06 1.1027192255078802e-05 2.29171068362961e-07 7.238564938247676e-06 1.1352287356069619e-06 3.5272452761212965e-07 1.1803475984014404e-07 1.9992335224947154e-05 3.617743841303709e-06 3.5748812536727283e-06 1.0082794597078611e-05 0.00038836116652549526 5.414576207314388e-08 2.825500427938857e-06 2.64880266405829e-05 0.0006947885426666938 1.1266903388881934e-05 4.462046102574521e-05 8.241270165131848e-08 7.50882392521942e-07 1.026296042730884e-06 4.067509772737617e-06 2.8649765962461307e-05 6.172252008351434e-05 2.7418404873693205e-06 3.227735515530181e-05 1.3821676797276602e-05 1.5392497447441784e-05 2.2437459830341725e-06 1.3758391076172506e-06 7.27083306862377e-07
0.0004457061686419643 9.688502140459333e-07 0.00036028216765458414 4.798480036272469e-06 1.6125142768965096e-05 0.0030882301757057715 0.001732107384693314 0.0 7.723686955759038e-05 0.0010845967464283557 8.41128487997164e-05 0.00033830738111941173 2.2998344197197297e-05 0.004638539708758626 0.00031378566558669336 3.711980260684533e-07 0.00016687289450803094 7.316721875432183e-06 1.9707023965546574e-05 6.665275828835059e-05 4.904327311809905e-05 5.381120528169504e-06 0.00011814214715157891 8.491518558754758e-05 4.929236573774539e-07 0.00010745881568076982 5.020663915965421e-05 0.00013556666602086877 0.0008033256061774054 0.00021468711443422403 1.2494873551230406e-07 0.00037817010141813696 4.608790866845679e-06 0.00030662673687834393 1.6486491452188638e-06 0.00022302508090523614 3.3952561575167095e-05 0.0002498510897340758 0.0001117211772648861 0.0004779054703102622 8.774773103325605e-05 3.130824855335603e-06 9.038808998745538e-06 1.0089046647658152e-06 1.1114693679499604e-06 3.186599601733921e-06 1.4884384432003068e-06 5.795230734750134e-08 6.431182399560559e-07 0.00017920592914152732 7.881037764563645e-06 6.469485969532644e-05 8.408364956781343e-06 1.255966453781279e-06 9.055666856252793e-07 9.785516639040871e-07 7.024340300469392e-06 1.1668501882336596e-07 7.212829919892046e-07 4.675455470216767e-07 4.1706981031840155e-08 8.07021198501516e-08 6.325722531001151e-06 3.750989464669764e-07 4.667092411702557e-07 2.948778436207576e-07 0.00016832609875611424 1.0075932879061299e-07 1.114617530759036e-06 8.649920925476826e-06 0.0003265395865442988 3.7946200962491354e-06 1.3325381795469186e-05 4.7540443660393724e-08 1.3724456295695525e-07 1.8933898383542694e-07 2.0079585977271034e-06 2.575737615768912e-06 2.8152594047241503e-05 2.054925319132198e-06 1.416341761560244e-05 4.807149621787799e-06 7.5292114997656815e-06 4.850736321666889e-07 2.6498827927970584e-07 3.7529253466453933e-07
1.4261436823585953e-06 0.0002838599995516053 3.340187564820922e-06 0.0002956375994325204 1.6794717322589933e-05 3.202588666560666e-05 0.00048475577187933726 7.723686955759038e-05 0.0 0.00020929605538107774 1.5807791238794084e-06 0.00025716388747085465 1.4715102899005562e-05 3.982915956585373e-05 0.0003423828116216472 3.561242111100319e-06 1.5082166936471252e-06 1.063248821773178e-07 3.847840565417571e-07 0.0003079894595642954 2.2904450761106e-06 0.0010409393352510624 8.783155760996409e-06 0.0035561108987763987 4.467823121161514e-05 1.0330656789680315e-05 0.00030424949959776044 0.0009646573055732906 1.0744868203037611e-05 1.317251400014104e-05 1.1689546766415848e-06 9.610839204710245e-07 1.865394615952177e-07 4.144378418663737e-06 1.7960680519650826e-07 0.0004706420191757531 8.919805763402217e-06 1.0074574152724295e-05 4.954925284372563e-06 0.0002918637243299233 1.854630428612272e-06 1.065481925500799e-07 1.1732602758870512e-07 1.4882496929519755e-06 2.5477137948443458e-06 5.409128988605263e-07 1.3977317244718863e-05 0.0 1.8707236989638953e-06 5.103663256026016e-05 3.1427446024557857e-06 3.913019740853006e-05 2.119963920929877e-05 4.0805142036818327e-07 7.184315499702807e-06 3.0798705127998673e-07 1.9939423604215154e-06 9.310925914285124e-08 5.800246517631813e-06 2.014694782666571e-07 1.377454194543099e-07 1.718462391292379e-07 9.51212050729927e-06 3.650821278653256e-06 6.285244373467875e-06 1.5166152018441734e-06 0.0003861574969356217 4.2390567261832956e-07 2.622374346119113e-06 8.131470109891538e-06 0.00028927674847021494 5.353711696426871e-06 2.2442423242422967e-05 1.084522220922191e-07 0.0 1.0771989937607492e-06 8.564493904442555e-07 7.889425196197896e-07 1.8251508059485818e-05 9.848107568210143e-07 4.2014383428660205e-06 3.2416586125591294e-06 3.3430224353030982e-06 6.767690289115658e-07 0.0 6.224832433223122e-08
4.3937408265489784e-05 1.9298382065671516e-07 3.259370338453832e-05 0.0016234537195052579 1.9898969453054147e-06 0.006563894191611052 0.003579347210857736 0.0010845967464283557 0.00020929605538107774 0.0 5.466517414242265e-05 0.0034921655027332766 8.181968772231657e-06 0.0009553139120997789 1.4235684088192047e-05 4.2714898696439125e-07 6.92299942091934e-06 6.431068360513708e-06 6.653213310321634e-06 0.0029205463016086855 1.3717047288572949e-05 8.628327562312857e-07 8.159805007050131e-06 0.0002555356315496583 6.068257434445889e-07 2.802248737117155e-05 6.8673114045149306e-06 0.0018321094464615086 0.00048601355356288285 9.63336262459828e-06 1.8662145703155098e-07 2.541435219427831e-05 7.463744768722788e-06 0.00036103008814144085 1.2173805469443893e-05 0.0009214554399951865 1.7574925798824025e-05 0.000739974264581315 0.0002590147055837677 0.0002145550134696462 0.00012318312187866226 2.3331821423684498e-06 2.6634870912105982e-05 2.2365298540230618e-07 8.224293918325001e-07 1.4519352188856516e-06 6.18543228665535e-05 0.0 4.470575901009002e-06 0.0001677739190460044 7.791730774572281e-06 8.024961431291806e-05 0.0001236779624017536 7.311792434338009e-08 3.3900623786796573e-05 2.942084431162579e-07 3.3835208419948546e-06 2.398185050635043e-07 4.837542453797676e-07 6.171648155036195e-08 4.4040101556682624e-08 0.0 7.502463323544152e-05 1.2976209118513795e-06 3.015958398218998e-06 4.7331822315907725e-07 0.00030099117340345703 0.0 4.0353094985010674e-07 2.0439883701858574e-06 0.000442249359681254 2.848906383404483e-06 2.8609297679806665e-06 0.0 2.574849126392512e-07 1.360788668927234e-07 1.2325238391455065e-06 2.8374133317018196e-06 1.4262623197981577e-05 4.3503474667274746e-07 5.586355713956804e-06 2.8088504383825403e-06 5.526560581026517e-06 8.769566652182825e-07 0.0 3.02750060972837e-07
2.0951586249336026e-05 2.0893052830155938e-05 3.788348639250664e-05 5.856998198141312e-07 1.673321796742077e-06 8.502116771662814e-05 3.705680978455149e-05 8.41128487997164e-05 1.5807791238794084e-06 5.466517414242265e-05 0.0 5.6190758551000884e-05 0.0010564042040453483 0.0002293391526634881 1.4163752869877907e-05 1.7158087761387965e-07 0.0010424491722285294 0.0013616522639921028 0.0019206409463934093 1.365488079581103e-05 1.8880239748335177e-05 3.276221226192938e-06 9.80016545342463e-05 6.402837042287538e-06 5.683102054376198e-05 0.002733944659354098 0.0002686386913536887 1.2543448586432423e-05 0.00030587986270335103 4.009748344726266e-05 7.802565674002412e-05 7.977456955052852e-05 9.272511321571476e-06 0.003173089309695276 5.462739415989629e-06 0.00035462257299732485 0.0024851924472223926 0.0028476509297069934 0.00046274072284992326 8.531753752916995e-05 8.364191890042382e-05 0.0002543513900302784 3.446915112634051e-06 1.0147805686941608e-07 3.272605011303556e-06 8.944817929717484e-07 0.0 0.0 1.5027594205870554e-07 4.343216906992614e-06 5.503449880920613e-07 1.019636387125433e-06 2.2867115604602087e-07 8.320278815865608e-05 1.1752063409654984e-07 0.0005384874149478558 9.170053416116616e-07 0.0 1.615602947756009e-07 7.133594377532618e-07 7.515171772265785e-05 8.671119718766797e-06 1.603141756085361e-07 6.589273588217571e-08 3.842199945786336e-07 1.4985939853142895e-07 4.715923300289065e-06 5.555612674506761e-05 0.0001325502782507539 0.0002702926461139639 9.42362014390142e-06 2.7983862195012874e-07 1.4046561532356443e-06 4.802593636040475e-05 2.6896560806351393e-07 0.0 6.691423558203825e-06 0.0 7.022591600310168e-06 0.00039107692895659743 1.1283660484391726e-05 1.47302063639601e-06 3.8136189023542936e-07 4.5337834619220023e-07 7.271628525406917e-05 0.0
5.386043586291954e-06 1.0048932787702018e-05 2.9099325247136305e-06 0.0015996516601494775 3.2578912646182754e-05 0.0014711728254938156 0.0001288396314537279 0.00033830738111941173 0.00025716388747085465 0.0034921655027332766 5.6190758551000884e-05 0.0 2.2153458964604694e-05 0.0003179725279766418 0.0006983704008283947 0.0 1.5314261269330743e-06 5.6198825889868325e-06 6.613365701439269e-06 0.0017350255016079555 3.151656042515408e-07 3.191826408157938e-05 1.4917951177196964e-06 0.0004908673352877565 2.0799129055441063e-06 2.0095447248449135e-05 1.871045005119603e-05 0.0006891221818487177 0.00022670750753863017 1.9944953224124096e-06 3.0781536260584113e-07 4.805914397760435e-05 6.379581652385463e-07 0.00020170195951450635 1.7814043839067074e-07 0.0002785177223247781 4.898528564978504e-06 0.00022796518522577518 4.588465429904939e-05 0.0012471009251692877 3.268123857316288e-05 5.60388152058379e-06 2.122776913347281e-06 5.569874377651645e-08 4.6866373364413897e-07 0.0 5.8570762962974154e-05 0.0 2.632120098326885e-06 5.538840487326468e-05 5.588395178766428e-07 1.8950823047666638e-05 0.00011947989877817732 0.0 4.3272691785404814e-05 9.996525402228689e-06 2.7302382813879033e-07 2.3325369277085366e-07 6.239800579957334e-07 0.0 0.0 6.825859449734324e-08 5.757330075042422e-05 5.407776742779284e-07 4.517427682104124e-07 6.801286803303616e-07 0.00012266703942259973 1.3843811624498896e-07 3.342321533506585e-07 5.382257809085144e-07 0.00015051490566692725 5.537435147738771e-08 3.388175421245948e-06 5.302361535514113e-08 0.0 0.0 3.36323922633991e-07 0.0 1.5461711622746965e-06 1.3871162034102981e-06 1.4355173455500136e-06 1.8233832381775088e-06 3.1347609445037833e-06 0.0 1.530713036625755e-06 0.0
2.7080946054004045e-06 0.0006257947162538769 1.0026145297718939e-05 2.399788175341259e-06 6.324656024600884e-07 2.2988422082232173e-05 1.7328037263013063e-05 2.2998344197197297e-05 1.4715102899005562e-05 8.181968772231657e-06 0.0010564042040453483 2.2153458964604694e-05 0.0 2.6427849660804787e-05 8.180085963339414e-06 3.040301343502072e-06 2.362639849512278e-06 1.5063863164198382e-05 3.4479915251255264e-06 8.044213438882992e-06 1.1186607742601826e-05 7.960967091862176e-05 3.8011039345369925e-05 3.1654110801124486e-05 0.0011819125106241732 0.0009095720933514204 0.0022455122014738934 1.7054335310454868e-05 1.7062980538456447e-05 1.3259684462015535e-05 0.0009485547142335989 1.061678478464736e-05 9.106880723552232e-08 0.00038378087646625424 5.430027961696316e-05 0.002361667013448415 0.002909213547753552 0.0022717015333864154 0.0008293948537914188 0.00030844193837576095 0.00015051212683082156 0.00034654689484366557 1.2494032980960833e-05 1.2415664617591752e-07 2.3673116089453444e-05 6.682314296741066e-07 5.9513665725874316e-08 0.0 6.530849498886966e-08 2.9754461721593554e-06 5.438665722089159e-07 9.841778087033469e-08 2.0222583310545243e-07 0.0001395539762820594 2.624444621642513e-07 0.001002815520683344 1.0932540638213023e-06 0.0 0.0 7.70132928050026e-08 7.022147830053116e-05 7.610795749429935e-06 0.0 0.0 3.073890144282265e-07 2.507778217218973e-07 7.70134461367807e-07 0.00014934738260579005 7.195956527495714e-05 0.00019479017482470305 1.9799363413328936e-06 8.486742051868472e-07 1.0822176403962437e-07 5.1540644816784506e-05 3.008672793915977e-07 0.0 1.020879500911616e-05 3.213477571549878e-05 0.0002215664989878655 0.0007010574869942992 1.8977255951903655e-05 2.197845502722451e-06 2.740389836095342e-06 5.878023800651938e-06 0.00015794076419381134 0.0
0.0032678875880634345 2.7280021227294367e-06 0.0005300946690448621 6.2279626253917415e-06 1.2819530064812368e-05 0.0007431625462326546 0.004853313779926613 0.004638539708758626 3.982915956585373e-05 0.0009553139120997789 0.0002293391526634881 0.0003179725279766418 2.6427849660804787e-05 0.0 5.959960033751917e-05 6.625063176004829e-07 0.00036626114956716735 2.6458302974983202e-05 5.90030500978216e-05 8.400490506949785e-05 6.268834641542444e-05 1.6076451864878976e-05 0.0002324402937428957 8.693408094694562e-05 1.0289151055631796e-06 0.00023603747426724576 0.00011692933508399558 0.00014421196123872698 0.0029111515357274974 0.0011293268800800992 4.876455523049787e-07 8.781079019787954e-05 2.2935710635551204e-05 0.0008866382906196727 4.563547532200927e-06 0.00039786167782349146 5.40825711524353e-05 0.0006200370828417589 0.00014851058231985908 0.00033237334856777996 0.00010955680691405416 3.738764325905903e-06 6.228444063765447e-06 3.4382822955328823e-07 7.851128068111278e-07 4.414687618866618e-06 1.1253874339018649e-06 0.0 1.1597657723903812e-06 0.0001070256704146774 4.764309409672014e-06 3.601337235707894e-05 7.744593445228475e-06 3.9920254981810027e-07 1.3118464216738137e-06 2.5006618943201976e-06 2.8082941600554792e-06 0.0 1.17230222928573e-06 1.8810606758787833e-07 7.989385459641461e-08 2.1170139755334959e-07 2.4655329753193876e-06 2.1894628505138526e-06 2.8406029057956896e-07 6.061969661073477e-07 0.00010393398977332314 3.23117862352401e-07 2.2568216683871122e-06 1.2324851765181588e-05 0.00020459417555106655 3.3491490347378005e-06 1.965036737024733e-05 9.7733960155867e-08 3.5153497343535605e-07 1.0320629328370667e-07 1.6152920275848619e-06 3.405458862222715e-06 2.091588286678125e-05 1.6197673881279249e-06 9.274444464643587e-06 4.1082947381851964e-06 5.843486192192825e-06 9.867103034569705e-07 5.485869904868519e-07 0.0
2.33932035678288e-07 1.3081204973119878e-05 3.8484735174368104e-07 1.6356717069101038e-05 0.0004745450306178672 0.00084465503718993 3.9822489933928773e-05 0.00031378566558669336 0.0003423828116216472 1.4235684088192047e-05 1.4163752869877907e-05 0.0006983704008283947 8.180085963339414e-06 5.959960033751917e-05 0.0 3.2042362012998854e-07 1.6941825968530667e-07 9.194573469357294e-07 1.1771754799405236e-06 7.901619850809557e-05 1.3809516689914188e-06 3.857890614878086e-05 2.8248566412542814e-06 0.00024032605908122032 1.6504064951631276e-06 3.928769748952711e-06 1.669454660055165e-05 4.327717684525577e-05 3.528511301888821e-05 1.5089293976988207e-06 4.975746081666235e-07 0.0003180938098509591 0.0 6.368047942011235e-05 8.260823891817021e-06 6.386541280351138e-05 1.3104709439375947e-05 5.2728810439703486e-05 2.042707376427662e-05 0.0006912867941867477 4.8843023247817984e-05 1.9788579780554375e-06 2.9762107710197043e-06 0.0 0.0 0.0 6.043642260880809e-07 0.0 1.2090429656950844e-06 1.6034266059526645e-06 1.0671992414151707e-07 2.9217662226642117e-06 1.1160916343820724e-06 0.0 9.064278991120996e-07 8.84180870483353e-08 1.7732566531490272e-07 0.0 3.923909084769064e-07 0.0 0.0 0.0 4.317377544996458e-07 3.6129386613749195e-07 5.116526619783621e-07 2.0220660615882845e-07 3.7356674921775465e-06 0.0 8.364098673294931e-08 3.950326979658746e-07 3.3966493195179993e-06 1.9690641428748184e-07 6.785069529290356e-07 0.0 0.0 0.0 0.0 5.177556818727608e-06 1.3181635738830937e-06 1.0049708072967971e-07 0.0 4.041336568835044e-06 0.0 0.0 0.0 0.0
3.2739529224830845e-07 8.554868338598416e-05 3.04504715321033e-06 7.67060908319342e-08 0.0 1.2794964519242626e-07 2.535968128061921e-06 3.711980260684533e-07 3.561242111100319e-06 4.2714898696439125e-07 1.7158087761387965e-07 0.0 3.040301343502072e-06 6.625063176004829e-07 3.2042362012998854e-07 0.0 2.530941830443812e-06 8.109741151495636e-08 7.687882122579337e-07 1.321445802507895e-07 0.001399410377009808 0.0006998482762727148 0.0022108606493379587 0.0007633676163776662 2.57740341532711e-06 2.536544265390264e-06 0.0018203930552842577 0.0006545533793932048 7.894008997032043e-07 4.4284560942578064e-05 6.479905113162877e-08 0.0 3.0105479284161726e-07 1.2790331199657151e-05 9.907543175185792e-06 0.0007361295706258812 0.0002525537244484613 0.00011123072269391475 9.989768226441918e-05 3.6632582267360525e-05 1.4469825673398788e-06 4.3649418428678217e-07 5.020441491249494e-06 1.188679545780833e-06 5.186537847224728e-06 1.3292642343495477e-05 1.0741705701951577e-07 0.0 0.0 1.3535885905930136e-05 0.0 3.3758854746407134e-05 6.735927435717948e-08 0.0 0.0 5.495096069131949e-08 2.3133099030530894e-07 0.0 0.001509785723159733 1.9230710938667492e-06 9.678932325737573e-08 9.108549542927128e-07 0.0 0.0003636685283961874 0.0006371331131944351 0.0010688182636381682 0.0002449471466494627 7.530383465656051e-08 2.386178122889391e-06 0.0001774739252679103 0.00013899190201378716 2.7714972878287485e-06 9.408285684818298e-05 0.0 0.0 3.8535254288748444e-07 1.4023883957458647e-06 7.807111216021913e-06 3.71179342961945e-05 3.057630460181787e-06 8.019814346077825e-06 4.883269872081923e-06 6.049211715839473e-07 0.0 2.635642796437933e-07 0.0
0.00016031076793266802 1.3735321892693842e-05 0.003354717198397096 0.0 0.0 9.369192465943088e-06 0.0001155397762975575 0.00016687289450803094 1.5082166936471252e-06 6.92299942091934e-06 0.0010424491722285294 1.5314261269330743e-06 2.362639849512278e-06 0.00036626114956716735 1.6941825968530667e-07 2.530941830443812e-06 0.0 0.00020928225222812476 0.0028811644730188115 3.802261699485742e-07 0.0002976353132006592 2.682291297830741e-06 0.003009975990513597 2.165537486576197e-05 7.179825469249175e-07 0.00223920278096295 0.002296834895815543 3.035076293955909e-05 0.00029727645629538425 0.0006485239567975918 1.4645153538791039e-07 2.7464157203514424e-06 4.767566742756289e-05 0.0010934318668322424 8.560871724049643e-07 0.0001709364667909361 0.000247298942684453 0.000321147263455967 6.212859083186078e-05 5.80540280782452e-06 7.52076886088818e-07 7.34324093808282e-07 4.723485693811718e-07 0.0 1.1148071221862821e-05 2.657103226412514e-05 0.0 0.0 0.0 6.958433460404579e-07 0.0 2.497255053388533e-07 0.0 1.754244097904278e-07 0.0 4.71854236312136e-07 9.251677032641961e-08 0.0 1.3532116289034386e-06 4.394038440018796e-06 4.7091550639359375e-07 4.0363383469287655e-06 6.61170372542159e-08 5.901160481325527e-07 2.030865089556565e-06 2.4922295126753838e-06 6.858065404659648e-07 1.07177210224154e-06 3.226013765869433e-05 8.464543134694045e-05 1.4173820080402694e-06 4.299861203583049e-08 4.556662982184497e-07 4.6777901708782536e-07 0.0 0.0 7.989436882359903e-07 0.0 4.88449230090404e-06 8.5859216146642e-06 3.986447838216503e-06 1.066603662553746e-06 1.0659885056042209e-07 0.0 3.370270873422415e-07 0.0
2.728659221577543e-06 1.5861103293462737e-06 2.4888008494714267e-05 1.278515830827575e-07 1.9377050241436374e-07 8.56240587286516e-06 5.023122163804626e-06 7.316721875432183e-06 1.063248821773178e-07 6.431068360513708e-06 0.0013616522639921028 5.6198825889868325e-06 1.5063863164198382e-05 2.6458302974983202e-05 9.194573469357294e-07 8.109741151495636e-08 0.00020928225222812476 0.0 0.0008872423064314829 1.2354884290922437e-06 1.2775676161875953e-06 4.5396785810922563e-07 1.032854536427744e-05 1.3269957574098993e-06 2.662801950984493e-06 0.0013498639101810804 0.00014596951399060298 2.022178009392562e-06 3.3615644254650404e-05 5.177594137263416e-06 5.2950093899013e-06 6.352310202794718e-06 1.3719567352918302e-06 0.0003010543302205251 5.840788454161936e-07 0.0002492924943024426 0.00038142213887928125 0.0005333743825330032 0.00021332358610097365 7.511086318047749e-06 4.885501044531423e-06 1.144052835076664e-06 9.412052591682158e-07 6.227975539594935e-08 1.8300136007806766e-06 1.0520373153063671e-06 0.0 0.0 0.0 2.7795739709610183e-07 1.184590362830474e-07 1.2405195919705884e-07 0.0 4.284106113685864e-06 5.427321472439519e-08 4.528664492215888e-05 2.0607655587912475e-07 0.0 0.0 9.91574681937125e-07 1.8548206872083238e-05 4.867969428463786e-06 0.0 0.0 1.207247844632666e-07 1.7809577319486076e-07 2.7297080577583977e-07 1.3796773531637916e-05 0.00013215484835715609 0.00023640892241528946 9.49822579225555e-07 4.957889406130664e-08 0.0 1.9848736515075582e-05 0.0 4.968671010087804e-08 2.947040598024689e-07 3.118883228199863e-07 4.368693091162775e-06 1.161472853701185e-05 4.528043637020514e-06 8.443017290963969e-07 6.696824320895615e-08 0.0 0.0 0.0
1.1761319229766891e-05 1.4396489241517731e-05 0.00020836604789484302 1.0510908602753417e-07 8.812118522524403e-08 8.684925396036792e-06 1.4039598435893292e-05 1.9707023965546574e-05 3.847840565417571e-07 6.653213310321634e-06 0.0019206409463934093 6.613365701439269e-06 3.4479915251255264e-06 5.90030500978216e-05 1.1771754799405236e-06 7.687882122579337e-07 0.0028811644730188115 0.0008872423064314829 0.0 9.154347833266049e-07 7.258403744992901e-06 9.197193921149208e-07 0.00013045961843793208 3.155457113884304e-06 1.8259883372837553e-06 0.002150237212992468 0.0006347861444417791 3.9500233242145905e-06 7.743701955933397e-05 2.4880617918617633e-05 1.7900030505485007e-06 8.72484457145364e-06 5.404347639478008e-06 0.001522280689860994 1.3936201667866448e-06 0.00024115317578259104 0.0002746635691914983 0.0006356344804977239 0.0001850057542035528 7.854559586485593e-06 3.9813220466118145e-06 4.634210236324944e-07 3.839199793011174e-07 0.0 1.4701334146212607e-05 3.4062460511847184e-06 0.0 0.0 0.0 3.4151649354436424e-07 0.0 2.318986378130647e-07 0.0 2.490829339939437e-06 0.0 7.1837710821545095e-06 7.456221605506204e-08 0.0 0.0 3.4725539767487004e-06 7.861488883630847e-06 1.8443443180516695e-05 0.0 2.6282855241595593e-07 7.567103071151669e-07 2.28879944767944e-07 8.35399473337171e-07 1.2318932979075818e-05 0.0001782130523645702 0.00016280141339542254 1.063336072626943e-06 1.1466657568346924e-07 3.0907992840513773e-07 7.1716807153909005e-06 0.0 0.0 1.0813803396439721e-06 8.675353599316478e-07 4.067317971460013e-06 6.20501582252078e-06 8.633652443331575e-06 2.0107917437144724e-06 0.0 0.0 0.0 0.0
3.60918141246229e-06 1.762712967050072e-07 1.3794427672480618e-06 0.0011443163504071862 7.261711193378856e-07 0.00017524093103010304 2.451495814663687e-05 6.665275828835059e-05 0.0003079894595642954 0.0029205463016086855 1.365488079581103e-05 0.0017350255016079555 8.044213438882992e-06 8.400490506949785e-05 7.901619850809557e-05 1.321445802507895e-07 3.802261699485742e-07 1.2354884290922437e-06 9.154347833266049e-07 0.0 0.0 3.838662858677896e-07 5.396906924280103e-07 0.0002189853627006474 1.0508172820494337e-07 4.5148841654097105e-06 2.064100091889759e-06 0.00252374913661094 7.026243593394744e-05 7.369510924379455e-07 4.24552362072444e-08 6.715135712938527e-06 4.867023589881131e-07 5.991303937913076e-05 1.296216740004173e-06 0.00011053293453910205 1.6483209371823573e-06 9.207650739528763e-05 2.740219970625774e-05 0.00033004055965314477 1.4899918267655913e-05 3.477594378549449e-07 2.0384165196620076e-06 0.0 4.2308814893432903e-07 1.5124986805790834e-07 4.369909432752319e-05 0.0 3.47260085023424e-06 5.305314707900662e-05 2.24759436876624e-06 3.5204062207748756e-05 0.00011987117720803152 0.0 2.6925567230371205e-05 7.476079046159113e-08 8.930499550777661e-07 1.5334569107450835e-07 0.0 0.0 6.368336931836545e-08 0.0 5.5455949027510776e-05 6.439366219858879e-08 1.7595035105454882e-06 1.0784481756618039e-07 0.00016571577319770634 5.150462414669313e-08 6.369057552177749e-08 6.283488236912486e-07 0.0002076981651057378 9.85234412913976e-07 0.0 0.0 1.3552011887061076e-07 0.0 6.484550870959765e-07 0.0 1.7453312142630304e-06 6.952204834863091e-08 2.325070844489742e-06 1.5258002318344202e-07 5.395339077587561e-06 9.267792475627037e-08 1.02916141180108e-07 0.0
9.573843765880127e-06 3.0147408814759797e-06 0.0006999691109020349 7.934447190763725e-07 0.0 4.793020539316381e-06 0.0007200978043035099 4.904327311809905e-05 2.2904450761106e-06 1.3717047288572949e-05 1.8880239748335177e-05 3.151656042515408e-07 1.1186607742601826e-05 6.268834641542444e-05 1.3809516689914188e-06 0.001399410377009808 0.0002976353132006592 1.2775676161875953e-06 7.258403744992901e-06 0.0 0.0 5.0788182759708546e-05 0.008272280116211296 0.0006380532116554785 1.8008839573151927e-07 3.517832708014911e-05 0.0005413063053091689 0.0022569533141943055 2.3389381373349306e-05 0.0074289880620202016 0.0 9.744186545958896e-07 9.426574371273026e-06 0.0016588381357979852 9.66858413141314e-05 0.0045386799040472445 0.0005902199943043371 0.002813770400595933 0.001486595154013232 0.00028007732043483095 2.354459093118419e-05 1.6422602118886453e-06 3.467862410205259e-05 1.4709050363111392e-06 6.5313429697086e-07 6.549883266978464e-06 0.0 0.0 7.248714159815079e-08 1.1278362918278308e-05 2.9367980742654065e-07 1.827879558745461e-05 4.85019244253552e-07 5.8824940735451616e-08 0.0 5.718295247093179e-08 5.884365852693474e-07 0.0 0.0002247750820982548 1.0173784147781317e-06 2.0766682490572905e-07 4.5417727888580644e-07 0.0 0.00022491333177247563 4.622775228698502e-05 8.991848736392824e-05 0.0001495507119400011 0.0 9.515798238273758e-07 3.547291159578669e-05 0.00010810621149497995 4.685224210486532e-06 8.832727918213409e-05 0.0 0.0 2.7026640776161273e-07 9.626021196603645e-07 7.085111935216693e-05 3.420428470485786e-05 1.787472014982791e-06 5.663300495158169e-06 8.968499847269486e-06 2.464163484545343e-06 2.81650110106924e-07 2.1921748331839715e-07 5.198720099909593e-07
1.8456743861721488e-05 0.0016057745439923509 2.640366960224952e-06 1.3040313506462477e-06 2.0110438867040268e-07 1.1657831629243222e-06 2.1080714493091165e-05 5.381120528169504e-06 0.0010409393352510624 8.628327562312857e-07 3.276221226192938e-06 3.191826408157938e-05 7.960967091862176e-05 1.6076451864878976e-05 3.857890614878086e-05 0.0006998482762727148 2.682291297830741e-06 4.5396785810922563e-07 9.197193921149208e-07 3.838662858677896e-07 5.0788182759708546e-05 0.0 0.00010592670523372107 0.003678137130329501 0.0002330912503579687 2.3992776234375808e-05 0.0014036145464686532 0.000285891877898908 3.1570093570201044e-05 0.00012536046211201866 6.901037724002038e-06 0.0 2.471038362564881e-07 9.018250301253064e-06 6.981338809073456e-07 0.00014270315724535418 1.3215356564904718e-05 1.4993016309779374e-05 7.574281854315967e-06 6.951391232649069e-05 8.173085981414944e-07 2.7139102729592436e-06 1.9018441936523678e-07 1.8305618496726425e-07 1.0359557258710378e-05 1.2298034306405806e-05 0.0 0.0 0.0 8.311600349982342e-06 2.4244870688374825e-07 1.1973523110773105e-05 2.1588923175074364e-07 3.2703505230600166e-07 2.0326462664007949e-07 2.4931295468032165e-06 4.0652340872536137e-07 0.0 0.00042154952811752276 7.139402257553822e-07 6.390041766813011e-08 8.926253704106777e-07 0.0 8.617371901817549e-05 0.00010361912934222723 0.00023948008727644283 0.00019112712866088807 1.192326817183025e-06 8.960233524330479e-06 0.00010784098665168755 7.688846157703464e-05 2.5744573578471883e-06 2.9479289169023945e-05 5.56803829788678e-07 0.0 5.662432227629244e-07 6.808911021135563e-08 4.1936761771542463e-07 1.3460103601996133e-05 2.9441592793283166e-06 3.9719751560071925e-06 1.502055740871306e-06 7.821822229656033e-07 0.0 2.310173234275011e-07 0.0
5.9993862100471787e-05 6.331312082956989e-06 0.005974214714781262 5.27532106678661e-07 0.0 8.21405119558555e-06 0.00033793106807788033 0.00011814214715157891 8.783155760996409e-06 8.159805007050131e-06 9.80016545342463e-05 1.4917951177196964e-06 3.8011039345369925e-05 0.0002324402937428957 2.8248566412542814e-06 0.0022108606493379587 0.003009975990513597 1.032854536427744e-05 0.00013045961843793208 5.396906924280103e-07 0.008272280116211296 0.00010592670523372107 0.0 0.00020221890649258867 3.2917321908309484e-07 0.00039884729136775916 0.005981530439711417 0.001245124543308271 8.462330158786016e-05 0.0028070496527994606 1.0528522249371539e-07 1.25175891274391e-06 1.6330999170843175e-05 0.0019698646766370025 0.00014863886145670521 0.007783218630594864 0.005641728958253905 0.004187137284888592 0.0022512990027921936 0.0005463820592846691 4.067233723256029e-05 1.4268531925834832e-05 8.909893333699331e-05 1.9335155161718715e-07 5.84061582911052e-06 0.0002078828878744792 0.0 0.0 2.1671092231359862e-07 1.1227326989971295e-05 4.583284656177705e-07 3.2165526758633542e-06 2.464909149076965e-07 1.9101172429014367e-07 0.0 1.032919643909844e-06 1.7960479198537633e-07 0.0 0.001411690861308136 2.0908506933284183e-06 2.1931970060220446e-07 1.1028772754569214e-06 0.0 0.00012636709938994406 0.00038104146511709576 0.001461408207531347 8.63715356574968e-05 6.016106526608569e-08 5.477521879111077e-06 0.0009372895285859029 5.0974639913741676e-05 3.520994528666794e-07 2.7523070994748143e-05 0.0 0.0 0.0 1.1633656670042504e-06 5.7158153400673936e-05 4.507303763401357e-05 8.399321491428131e-06 1.3355878526340387e-05 1.4774357270160477e-05 1.9438386854235893e-07 1.2467505350458172e-06 7.507267276038399e-07 1.2102210999707286e-06
