0.0 0.0 1.1756700578645578e-05 1.3917996269794052e-06 4.5886108992595985e-07 1.0079898837648516e-05 0.001113018312437321 0.00037834797951011995 1.4352996754786628e-06 1.3042752185351636e-05 3.476942202134045e-06 1.3477049816929464e-06 0.0 0.0032486663413320237 1.4074117848589027e-07 6.183289671587466e-08 0.00017828886874589775 3.1925545648749843e-06 2.5059135591445178e-05 2.900963082039876e-06 3.222519261134443e-05 5.665924140072764e-08 8.262166452485702e-05 1.8176259903675872e-05 0.0 1.426074182081644e-05 5.876505651469412e-06 4.756481724628033e-05 0.0017557054633397947 0.0012552435738496179 0.0 2.8867771273665384e-06 3.618114488703856e-05 5.921597938605181e-05 1.9340293793614048e-07 1.5225366710838918e-05 4.97688801557514e-06 3.228535776049818e-05 4.304832825540455e-06 1.5207955417350634e-06 6.722772761702355e-07 8.861091178309126e-08 8.08038685836239e-08 0.0 0.0 0.0 6.091039539089967e-07 0.0 0.0 4.886095151667926e-07 0.0 1.3541535974291639e-06 0.0 0.0 0.0 0.0 1.4435923234771057e-07 0.0 1.0258113542324527e-07 4.976454650222296e-08 0.0 1.7179766619263617e-07 0.0 0.0 0.0 0.0 1.5106354560973758e-06 0.0 2.7002974516495365e-07 1.0747478593731438e-06 1.6503928842019101e-06 5.126468950407301e-08 1.989735041797017e-07 0.0 0.0 0.0 0.0 0.0 2.308877829132406e-07 6.058752735285944e-08 5.269295099920232e-07 2.443757036680723e-07 0.0 0.0 9.463087856802298e-07 0.0
0.0 0.0 4.996755067691102e-06 0.0 0.0 1.3689564944822086e-07 1.4848457910204905e-06 9.899702350351826e-08 0.0002341010738635373 2.932809019091156e-07 6.170466755160952e-05 5.427256630446587e-07 0.00048624650500103347 1.3017634528192623e-07 2.1168282324147947e-06 5.642066643480149e-05 2.609632893762596e-06 9.504882009101667e-07 2.7972884328392744e-06 0.0 7.087489303847707e-06 0.000891257126638405 3.7170380020930243e-06 0.00048158839212849935 0.0011321347571546586 3.6448009272145417e-05 0.002213655774595774 3.4314544257671826e-05 6.246875480725695e-07 1.1416401421216296e-06 1.938381777377787e-06 1.2951798118847734e-07 0.0 4.150055922243024e-06 0.0 1.0355932608132312e-05 8.782254682160566e-05 2.9832454513116148e-05 6.295810158278806e-06 1.0945260673021723e-05 4.550530787019381e-07 0.0001401778488672315 0.0 0.0 2.777707834709668e-05 1.587094102198807e-05 0.0 0.0 0.0 3.7970790060626723e-07 1.10569117002425e-07 4.931774315385142e-07 0.0 9.685131276550877e-07 0.0 7.892030556602323e-06 4.553159773553734e-08 0.0 5.920466572857629e-07 1.018760736554867e-05 4.0008053121504127e-07 5.94774393027069e-06 0.0 4.4784236975951986e-08 2.4422504628776095e-06 8.245924478367961e-07 1.4475696334747418e-06 8.755737711484355e-07 3.373241084634993e-05 0.00024864996399579523 2.2240650048088316e-07 0.0 6.324248221249238e-08 1.136059843163152e-06 0.0 0.0 3.1952946593618795e-06 4.607028764543364e-07 6.684803977301944e-06 1.0149119117315504e-05 8.894608546935366e-06 2.677300495395442e-06 0.0 0.0 1.2017261390701431e-06 0.0
1.1756700578645578e-05 4.996755067691102e-06 0.0 2.9299364623542505e-07 4.561751742187654e-07 1.6616637101618855e-05 0.0008555463702111639 0.0002965894262708954 8.162441647561241e-07 1.0800906768434253e-05 9.569445256775394e-06 4.5568722275408236e-07 1.0677019829696058e-06 0.00018286036202732987 1.2861391290461196e-07 3.7233040140738655e-06 0.005471525747736617 1.692342173814218e-05 0.00024853732626954096 4.841563691321897e-07 0.0007882749254664467 2.6730335109642232e-06 0.004343099954352596 1.9991775386895772e-05 1.5469705322049032e-06 0.002125341125378667 0.0016890148666139503 0.0002813000822614725 2.5922217830330688e-05 0.00010129392213771038 8.57024809799457e-08 2.1805161593607505e-06 2.964210434214536e-06 0.0004985944385567645 2.6055341822047454e-05 0.0009739059197110689 0.0013447092116725724 0.0010062775257992462 0.0004622052631137231 7.178137958118001e-05 9.001828568245614e-06 1.7998491681889578e-06 8.178995243745173e-06 5.559407433580033e-07 3.579123380649578e-05 0.00043127368774490717 5.850563618938155e-07 0.0 0.0 3.462820148141197e-06 2.3107816563113104e-07 1.3262638539888603e-06 0.0 5.458541252990969e-07 0.0 1.9545499796792897e-07 6.773920341413019e-07 0.0 1.0334372925146414e-05 9.712931599050766e-05 2.169247182256139e-07 1.4698669697382702e-05 0.0 2.7534974915147143e-06 7.727633084497399e-06 4.130316416995566e-05 8.126332446138668e-06 1.6151700663597258e-07 1.971281379227319e-05 0.0008349896672091707 3.4149298197362766e-06 4.396460648246207e-07 1.1006804007050005e-06 0.0 0.0 0.0 1.5514974428463273e-05 2.7463223718665073e-06 3.468306588401731e-05 2.0834048443256714e-05 4.022539592832487e-05 1.930076730621483e-05 6.036217823451309e-07 0.0 0.0 3.948084024531967e-07
1.3917996269794052e-06 0.0 2.9299364623542505e-07 0.0 6.228094873552288e-07 5.230145030316995e-05 9.531245468188796e-05 3.2286467816286186e-05 0.0002647895449745147 0.0020794229179932093 1.1507888292581804e-06 0.00013680039395428902 3.937419312044706e-07 4.106989256759681e-05 3.6558675435129686e-05 0.0 7.269306446785163e-07 5.827893638648742e-07 5.312322675576234e-07 0.0023817777784390843 9.366662101228971e-08 2.5433370570171457e-07 3.398383494250858e-07 0.001567083084996611 1.8152486878757896e-06 1.1802316472506418e-06 2.8013599447031726e-07 0.0018782467449784696 4.815006265714962e-05 3.1251990914095045e-07 0.0 9.578011394062984e-07 1.1316522426296482e-06 2.6966123761499772e-05 2.3643688960182417e-06 0.0001753116083991467 2.635982164714204e-06 5.621856498023603e-05 3.372681777590666e-05 0.00010719534320052282 3.6688638713258545e-06 2.780146663459986e-07 2.707225428828346e-06 2.4169184624984715e-07 0.0 0.0 5.1152078874417964e-05 0.0 8.138426862004747e-06 8.039097132851235e-05 1.0815598121364937e-05 7.687947677724315e-05 1.1587191412572427e-05 9.249634134720832e-08 3.631589009312603e-05 0.0 3.4394455409200947e-06 3.7786866621202427e-06 0.0 0.0 0.0 0.0 5.032082277912536e-05 0.0 0.0 0.0 0.0001233030956493319 0.0 6.409568804914705e-08 2.541238106927716e-07 0.00019518345216136621 2.154064979674551e-06 0.0 0.0 3.160906944506606e-07 0.0 1.1415402195818224e-06 2.085476551464638e-07 4.503623182374629e-05 0.0 3.243471547731609e-06 8.072477369326659e-07 0.00010948326525802518 0.0 8.954146170283109e-07 0.0
4.5886108992595985e-07 0.0 4.561751742187654e-07 6.228094873552288e-07 0.0 0.0003260142875593385 2.878725767789707e-06 2.9067164210996758e-05 1.1040023118429984e-05 8.186655650977943e-06 6.780734885241364e-05 4.800365482168627e-05 5.5926267324048974e-06 9.34761882249881e-06 0.00041266609316528843 0.0 1.9844166610110646e-06 1.3543492412201726e-05 1.3349586469535166e-05 6.504860248611633e-06 3.745533574594484e-07 6.47366702346973e-08 4.930631694653971e-07 9.354443805925551e-06 0.0 2.1543904946505772e-05 6.219707039601963e-06 2.560750999966714e-06 5.102568137465769e-05 3.114679973127973e-07 0.0 3.637696041360466e-05 0.0 0.0005469166866134457 1.6560512899999454e-07 2.497921526232636e-05 3.2222230665028084e-06 0.00013906635474977862 5.646473374918254e-05 0.0009853015299733064 0.00010088693545943558 9.381313874452331e-07 1.3901950591559216e-06 0.0 0.0 0.0 0.0 0.0 0.0 5.642659490901956e-07 0.0 1.8813262234303777e-07 0.0 0.0 1.2477576991615122e-07 0.0 1.0467628614914836e-07 0.0 0.0 0.0 0.0 5.8757329964651714e-08 0.0 0.0 0.0 0.0 1.365545466280785e-07 0.0 4.462148831947632e-07 1.006014009983544e-06 1.3688928713643296e-07 0.0 6.780585665058622e-08 0.0 0.0 0.0 0.0 0.0 1.0166173775291584e-06 0.0 0.0 0.0 1.825466567816534e-07 0.0 0.0 0.0
1.0079898837648516e-05 1.3689564944822086e-07 1.6616637101618855e-05 5.230145030316995e-05 0.0003260142875593385 0.0 0.0005419853441097835 0.0025967486153081146 4.085683938999066e-05 0.0048345699554296455 0.00012003254955954726 0.002599915332369817 2.0403851929019674e-05 0.0005599213385091974 0.0008590744286788997 0.0 3.9832542875159574e-05 3.275112080881174e-05 2.168004176140494e-05 0.0005996547662543574 2.9351815089356632e-06 2.2500179019336997e-07 1.3088390969116075e-05 7.15451029309966e-05 1.6081133073390281e-06 4.9608873789030535e-05 1.675738747932269e-05 0.0005182382008202285 0.0001365652513636523 1.1523773171947383e-05 8.572962552184725e-07 0.00012123084856457514 1.3986768498522803e-06 0.0002865121782318768 1.8902720807880725e-06 0.00026303347286231037 1.7794847530729862e-05 0.00043704733460101566 0.00010516993114391616 0.0017898813620959946 0.00014073397448531176 8.831586723393568e-06 4.93497363180417e-06 6.229618836472718e-08 1.0332005395381808e-07 5.9178096858738486e-08 6.80216341124246e-06 0.0 1.192051914165786e-06 2.4178779668846166e-05 5.014256551004278e-06 1.0652133789523806e-05 2.560812561190914e-06 0.0 1.3178736243487828e-05 1.0247442882067042e-07 1.268822538478679e-06 7.819422419804829e-07 0.0 7.102951206632441e-08 0.0 1.267696859880879e-07 9.441022105083138e-06 0.0 0.0 0.0 2.797685736680994e-05 7.080372028968485e-08 6.22232297708891e-07 1.0867827975369584e-06 4.389061047854106e-05 1.6880941595257841e-06 0.0 1.2348424585617737e-07 6.590843143527152e-08 0.0 4.6285672987002163e-07 0.0 8.669988542310485e-06 1.484948431511056e-07 1.0375085707933814e-06 9.44480751117559e-08 1.2842623516052645e-05 5.782964362592281e-08 0.0 0.0
0.001113018312437321 1.4848457910204905e-06 0.0008555463702111639 9.531245468188796e-05 2.878725767789707e-06 0.0005419853441097835 0.0 0.0027104455660334585 0.00026516630117699296 0.002576188370098947 9.420754447211802e-06 1.7446209509325123e-05 2.2245407507280674e-06 0.005470805739168211 1.8222281168717685e-05 1.994765983069108e-06 0.0005676476011427236 7.133540177971121e-06 3.991186989437239e-05 3.436415122070543e-05 0.0004227848585221471 9.059170509131795e-06 0.0009539336179366952 0.001534647647751971 1.5533801269637242e-06 0.0002978607701376626 7.475879792233657e-05 0.013248890429639207 0.0007185831342744773 0.0036941933125813277 4.227167534025364e-08 8.861578733255794e-06 4.954424365237238e-05 0.00024620429247281043 1.4593082057832335e-05 0.000806107764404732 6.688409388367089e-05 0.00042829383980810256 0.0002714223855939653 8.468983772945592e-05 1.1392098298573342e-05 8.169896907187124e-07 7.157709378456824e-06 1.0977609070492334e-06 2.636510211359633e-07 2.89528034445455e-06 1.317212275916564e-05 3.485794989504176e-07 4.639737452701335e-06 0.00010092937126079174 2.1738207627074704e-05 5.064648378913218e-05 9.092286828623422e-06 3.7507517516733095e-07 2.9595632611010125e-06 7.339131755267859e-08 1.074971928819714e-05 1.1029282216808477e-06 7.3459853528764545e-06 1.0170361329954958e-06 5.719035204900058e-08 6.622905950699733e-07 1.8336191984548947e-05 2.6880854609825573e-06 4.044592865048298e-06 4.972783088056693e-06 0.0001609972758420554 8.895126121900484e-08 1.601805826783225e-06 1.1839447421550325e-05 0.00016540744961526544 5.669274255897645e-06 1.037256169053219e-06 0.0 2.9559003898893574e-07 4.6487471458547543e-07 1.8274321869210293e-06 9.329867608535009e-07 3.542528283527992e-05 9.26722143895131e-07 9.026258673980552e-06 2.8208583540204913e-06 1.0779389476828882e-05 6.265681789475898e-08 7.270553748272327e-07 0.0
0.00037834797951011995 9.899702350351826e-08 0.0002965894262708954 3.2286467816286186e-05 2.9067164210996758e-05 0.0025967486153081146 0.0027104455660334585 0.0 3.3889772661401976e-05 0.0025038842900274084 7.77228791133064e-05 0.0003809161104384991 7.711366242932574e-06 0.0027817716105070912 1.814876719011939e-05 2.596079864749684e-07 0.0009975011171566503 2.8629276332284098e-05 0.00012062947034964895 0.0003307879335218589 7.464411847435656e-05 1.4356327866584461e-06 0.0003391330092404006 8.705844344569857e-05 4.0208547048779796e-07 0.0002163068303631187 4.4654860818443385e-05 0.00030115646628733753 0.00022495955632061541 0.0004905595747025111 5.845227712055936e-07 5.3844500281524006e-05 8.081949424113949e-06 0.00016616439175325956 1.8643071223061265e-06 0.00017693378394032893 7.42948428808212e-05 0.00023684594554540783 7.082212520324833e-05 0.00033687711005710196 2.735843401034006e-05 2.2573757370832694e-06 2.2837643642502313e-06 1.2831404435333171e-07 4.7009367388620317e-07 3.45697645668412e-07 2.379713011324235e-06 0.0 1.101021034912943e-06 2.8184480428458196e-05 5.152872360486805e-06 9.761439178758974e-06 1.9979663232255578e-06 0.0 6.78637876081697e-06 3.0579982635746257e-07 2.3008280736511817e-06 6.692630759889146e-08 5.055285027016471e-07 4.78791664227945e-07 0.0 9.088103689728852e-07 2.39853056676723e-06 7.146708195200784e-07 4.0023187493198966e-07 7.378511040761036e-08 4.590623971477316e-05 6.693480029383325e-08 1.4447916534938577e-06 6.270846703371168e-06 4.2533307835967764e-05 2.042853687327821e-06 0.0 0.0 4.8985356160152125e-08 3.069492671984954e-07 1.2684706143214335e-06 2.3321758579106627e-07 1.2300263392151986e-05 1.0364610963622883e-06 3.7010122687143506e-06 3.920348526599541e-07 3.1030032745719717e-06 0.0 0.0 0.0
1.4352996754786628e-06 0.0002341010738635373 8.162441647561241e-07 0.0002647895449745147 1.1040023118429984e-05 4.085683938999066e-05 0.00026516630117699296 3.3889772661401976e-05 0.0 0.00010690085628186134 1.0344723952231923e-05 0.00010864668263890848 3.795566246578523e-05 1.572456496924599e-05 0.00033895618988982913 4.960927153264679e-05 1.1541836506869133e-06 4.541034144510445e-07 1.105419129828212e-06 0.0001991582934666779 4.610905039227454e-05 0.0015367987641443813 1.1173312274318882e-05 0.006308965592402169 6.685390568390417e-05 1.2239357828513335e-05 0.0003370845128097363 0.0009509386729441459 1.8700564558130317e-05 6.5104612241822405e-06 2.1981684853362927e-07 8.7637625151683e-07 2.6879177194433296e-06 1.4477210117968989e-05 1.0615899100963574e-06 0.0001525377386631149 1.2385371719723965e-05 2.7247536208740778e-05 1.7786300098278454e-05 0.00018292516751506843 3.734157144712487e-06 7.434391744272059e-06 2.8277889734511644e-06 2.9958779273448894e-06 2.430495055495609e-06 4.924664747374252e-07 4.404858084781444e-05 5.539747890155504e-07 9.745280190094258e-06 0.00019765681450551728 4.0056566866346524e-05 5.7155988604652545e-05 2.162619111117586e-05 9.853245795042445e-07 1.311346860318852e-05 8.886440214544077e-07 1.6447477419314796e-05 2.32847551574658e-06 9.979955221106364e-05 3.4611536297849166e-07 8.528328934379165e-07 8.035885677573881e-07 4.733908620899124e-05 5.3981739481389944e-05 2.2844155939031755e-05 1.7523145622233976e-05 0.000653061171292666 1.021939810008283e-06 2.9734631136076126e-06 7.76470758019008e-06 0.0004325480558041097 2.5709968892191034e-05 1.8863565944374686e-05 5.662515166555602e-08 5.093832057243026e-07 2.720957824567747e-06 7.96594889706301e-06 9.781614383048026e-07 6.95264572921058e-05 1.889760684294569e-06 2.2508169253859445e-05 7.47486133174667e-06 4.068973105038126e-05 8.271563441366141e-07 1.3618640488401505e-07 2.841822589507807e-07
1.3042752185351636e-05 2.932809019091156e-07 1.0800906768434253e-05 0.0020794229179932093 8.186655650977943e-06 0.0048345699554296455 0.002576188370098947 0.0025038842900274084 0.00010690085628186134 0.0 2.7349020899758068e-05 0.002803634397980926 3.825004432519626e-06 0.0005043623644869982 3.232228905190735e-05 1.726342579244578e-07 8.889416248064085e-06 1.0304563389270035e-05 7.751724297098947e-06 0.006367837099902298 4.0385835696445656e-06 3.423769947367598e-07 5.69366102581824e-06 0.0002864185913866844 6.083656409695739e-07 2.1552286410934892e-05 8.85125500102856e-06 0.004004816835117415 0.0002531753821217826 5.11502046238783e-06 3.35069059577037e-07 2.0364195037659417e-05 3.2439208134568544e-06 0.00017147745922664712 4.325470535651748e-06 0.0004493955771055608 1.1478229624600754e-05 0.0003286926250214376 8.956098758724216e-05 0.00011326830949174065 3.0646990171862896e-05 3.1314549633432866e-06 5.758027052640671e-06 1.0722322409440198e-06 0.0 0.0 5.5314450195621606e-05 1.0106320318135384e-07 7.05164229455556e-06 7.880116785692623e-05 1.4271413969818836e-05 3.2237326379821156e-05 1.1283886268492894e-05 1.3465766932856652e-07 2.7473499702913867e-05 8.439021542307243e-08 5.499015389608624e-06 8.372706319435567e-07 2.119667470824304e-07 0.0 6.068812036858315e-08 1.7432665088357845e-07 2.4979114550355234e-05 0.0 3.048295251462372e-07 3.6780399722760865e-07 8.968001113159319e-05 0.0 1.8837835176641883e-07 3.9356164167241934e-07 0.00013353368995825416 2.8115542606596917e-06 3.2803942599328176e-07 4.8804497084042756e-08 5.383011095636539e-07 0.0 1.243741364581771e-06 6.560837832287879e-07 1.863537663237088e-05 0.0 5.818134468771418e-06 1.2961109443255246e-06 3.177203471933338e-05 1.6995624373989167e-07 0.0 0.0
3.476942202134045e-06 6.170466755160952e-05 9.569445256775394e-06 1.1507888292581804e-06 6.780734885241364e-05 0.00012003254955954726 9.420754447211802e-06 7.77228791133064e-05 1.0344723952231923e-05 2.7349020899758068e-05 0.0 4.7782172846214125e-05 0.0012738221910008338 0.0001144995439319511 9.500433293254704e-07 4.981426805896294e-07 0.0002529588507962892 0.003045588779889989 0.0005210251477460197 2.726365080541135e-05 6.273355822509549e-06 4.3886877643527995e-05 9.055017455140444e-06 1.3606142020678029e-05 0.00023039810668170482 0.001615516878527417 0.0003827178508101752 1.0415639501415996e-05 0.0002788884711205121 8.384526517861235e-06 6.916591374159859e-05 0.00024024939838550297 8.702980535380833e-06 0.004875153881184529 8.716020477291616e-06 0.00045415673377794747 0.002848026479317621 0.0032370210443641717 0.000585037911607777 4.614059451783627e-05 9.563298669171756e-05 0.0005180016592094981 1.8881873801142225e-06 0.0 5.496209739879705e-06 9.593124858444295e-07 0.0 0.0 0.0 2.510261110268872e-07 0.0 4.336073153417842e-07 0.0 6.724236395488202e-05 5.414437383253597e-07 0.0005498470097998203 9.791695168687398e-08 0.0 0.0 1.108221823695565e-06 1.0504688738631826e-05 2.4944791489564677e-06 0.0 0.0 6.029757932184626e-07 0.0 6.280308293687564e-07 5.350296763585332e-05 4.0601247572278805e-05 8.12401353020365e-05 2.5681032117698873e-07 0.0 0.0 3.816484318357107e-05 0.0 0.0 2.408081809806846e-06 3.994249413058144e-06 1.0544003687274694e-05 0.00024518037633410657 1.2870459383508822e-05 6.033695283980462e-07 8.102263838668684e-08 0.0 5.9229819634691286e-05 0.0
1.3477049816929464e-06 5.427256630446587e-07 4.5568722275408236e-07 0.00013680039395428902 4.800365482168627e-05 0.002599915332369817 1.7446209509325123e-05 0.0003809161104384991 0.00010864668263890848 0.002803634397980926 4.7782172846214125e-05 0.0 5.742459265127062e-06 0.00028259492417872834 0.0010509690406456792 0.0 2.794713949508453e-06 1.8212614978710196e-05 9.755979940355218e-06 0.0037772865377345153 2.9003604719840606e-07 4.228140603653276e-06 7.258500718072895e-07 0.0002625710006575879 1.9348254433473734e-07 2.4805857705076414e-05 9.39909298526085e-06 8.40524173679082e-05 0.0001674871710610023 7.065921578755524e-07 5.501180565415994e-07 3.7460294185700225e-05 2.221025946552672e-07 0.0001797250492717281 4.278031134743027e-07 0.00039607967195841727 8.443843792543277e-06 0.0003791338943219054 3.8252718521993754e-05 0.001114671896941888 4.307638951811935e-05 1.6649582777780323e-06 1.8496948494864907e-06 0.0 8.181017363062115e-08 0.0 5.905224317983124e-05 0.0 1.4213122790037454e-06 1.7392307207217512e-05 2.2039778131002966e-06 3.6619820639837825e-05 9.011412282505962e-06 0.0 5.282866779698691e-05 0.0 2.085881864970263e-07 3.009105249250774e-06 0.0 0.0 0.0 1.119402005997757e-07 1.4804943446473444e-05 0.0 0.0 0.0 3.081591353663936e-05 0.0 3.7963272800002114e-07 8.857497932056212e-07 6.262843838668523e-05 6.608870654848591e-07 0.0 0.0 0.0 0.0 4.7269978133108405e-07 0.0 4.421318349636393e-05 0.0 4.2471715074166546e-08 7.070395635708358e-08 7.600487342265665e-05 0.0 1.577900501827156e-06 0.0
0.0 0.00048624650500103347 1.0677019829696058e-06 3.937419312044706e-07 5.5926267324048974e-06 2.0403851929019674e-05 2.2245407507280674e-06 7.711366242932574e-06 3.795566246578523e-05 3.825004432519626e-06 0.0012738221910008338 5.742459265127062e-06 0.0 4.5571936919050905e-06 3.3331225767342586e-07 3.0060216367885536e-06 2.291968094886141e-06 0.00013523496242645445 9.193663666740599e-06 4.636711072207532e-06 4.353700177939311e-06 0.0001766500993078824 9.011583322354133e-06 5.3506552468714886e-05 0.0019115091852697768 0.00046114427764487484 0.0011214346321156857 7.911719460383518e-06 7.1570616482556e-06 3.581461016560557e-07 0.0002579042465616731 1.1702452541666466e-05 2.310019801015918e-07 0.00022243475631498794 3.1248594812994536e-05 0.0011663850573544498 0.0034559903725202862 0.003139051531597376 0.00048508487109045237 5.605915804061277e-05 0.00016098898537490606 0.001017843564424806 1.4615751421716475e-05 9.933497220308584e-08 1.9756119143217605e-05 5.625591769459639e-08 0.0 0.0 0.0 1.100703117582557e-07 1.1624782091812469e-07 1.001995134083797e-06 4.630410134198978e-08 0.00016788020663861935 1.4279822743525064e-07 0.0015160776350056355 3.3317628804133595e-07 0.0 0.0 1.491359911532803e-07 2.2656261970067883e-05 3.479721746558734e-06 0.0 0.0 2.134393515476602e-06 1.2756851118132508e-07 4.5134852263276735e-07 0.0002005821471161535 0.00011740152820288239 0.00029372016633976957 4.1330954372955336e-08 5.8744973021417277e-08 6.225870659817176e-08 0.00012750570120293993 7.461792800887e-08 0.0 3.634923587398829e-06 2.079286396263854e-05 8.795387809049135e-05 0.0005186737799331467 2.4242578840723613e-05 8.288101731954686e-06 5.004497471244688e-06 2.074672906274302e-06 7.895388088035027e-05 0.0
0.0032486663413320237 1.3017634528192623e-07 0.00018286036202732987 4.106989256759681e-05 9.34761882249881e-06 0.0005599213385091974 0.005470805739168211 0.0027817716105070912 1.572456496924599e-05 0.0005043623644869982 0.0001144995439319511 0.00028259492417872834 4.5571936919050905e-06 0.0 4.118188155072657e-06 3.5112395144865834e-07 0.0008901729695921757 4.888414826033765e-05 0.00015775945244111934 0.00030196598641133945 8.486239514939846e-05 9.83133712934204e-07 0.00035616950948503677 0.00013699571035839656 5.431904470431317e-07 0.0001840888837400059 5.749450630396712e-05 0.0004152239097408937 0.002175420176798867 0.0011271106892375875 6.99944392768602e-07 0.00014833851992848105 9.67290356574695e-06 0.000474955556216799 3.8559872363650374e-07 0.00021128223213203994 4.5049918666775174e-05 0.0004994179783898549 6.16125676489738e-05 8.771539257542469e-05 9.997836309138951e-06 1.4386719422417546e-06 2.5754792146539674e-06 6.487971951571146e-07 7.521044559978815e-07 4.926549289358784e-07 1.8385755290949085e-06 0.0 1.889760918600669e-07 1.3966964813590364e-05 2.456641334456446e-06 4.7258925445766905e-06 1.5339853710602643e-06 0.0 4.310555679934782e-06 6.38596444794623e-08 9.64273675992954e-07 6.41215410237321e-08 2.2992309423428363e-07 4.860373712922607e-07 1.4534753187211264e-07 9.898865553151577e-07 1.4878629326445417e-06 7.832724589893128e-08 4.397905884317092e-07 0.0 2.211059993251414e-05 0.0 2.5845368828825047e-06 6.547122501241963e-06 2.152656950691378e-05 9.678632959083817e-07 1.7570937408702724e-07 0.0 0.0 4.5425979755149396e-08 3.888235109309396e-07 0.0 5.003371352872362e-06 6.3093688827323e-07 1.7710462725975339e-06 2.1330990860209906e-07 6.083853875667264e-07 0.0 4.683890825910541e-07 0.0
1.4074117848589027e-07 2.1168282324147947e-06 1.2861391290461196e-07 3.6558675435129686e-05 0.00041266609316528843 0.0008590744286788997 1.8222281168717685e-05 1.814876719011939e-05 0.00033895618988982913 3.232228905190735e-05 9.500433293254704e-07 0.0010509690406456792 3.3331225767342586e-07 4.118188155072657e-06 0.0 0.0 1.7090877012991254e-07 2.455976856776146e-07 9.941354405013419e-08 9.563444040966922e-05 0.0 1.513858243138661e-05 1.4827407994383943e-07 0.0004341368989234821 6.207666734026108e-07 4.642255244770124e-07 3.8412448551705166e-06 6.091193799737622e-05 1.1245660954960253e-05 4.547954933899053e-08 0.0 0.000140528074903635 9.75790498485264e-08 2.6214231478687066e-06 6.0756762034743676e-06 7.769834770803276e-05 3.8803882701200484e-07 4.115112462156612e-06 6.029635696494692e-07 0.0008705032407246798 2.2006653556727205e-06 1.4276105927839812e-07 1.4256777476957894e-07 0.0 5.558042762760401e-08 0.0 2.370339368703586e-06 0.0 0.0 1.5945787200185272e-06 3.561417607650309e-07 1.1981181805569874e-05 1.869567301456879e-07 0.0 4.2831765471613704e-06 0.0 0.0 4.489375957737597e-07 3.198300179403379e-07 0.0 0.0 0.0 3.7027502179886976e-06 0.0 3.9119424528205217e-07 4.545467396154817e-07 7.695904697014052e-06 0.0 0.0 1.8410848356781738e-07 7.218582056333188e-06 8.01771394183622e-08 0.0 0.0 0.0 0.0 0.0 9.384663514455595e-06 1.4665721234780992e-05 1.4394215090833876e-06 1.0280798698439795e-07 8.593118103599063e-06 2.6711283096701614e-05 0.0 0.0 0.0
6.183289671587466e-08 5.642066643480149e-05 3.7233040140738655e-06 0.0 0.0 0.0 1.994765983069108e-06 2.596079864749684e-07 4.960927153264679e-05 1.726342579244578e-07 4.981426805896294e-07 0.0 3.0060216367885536e-06 3.5112395144865834e-07 0.0 0.0 1.3946154264880997e-05 3.5358362479055966e-07 2.301058504688598e-06 0.0 0.0021833391038140726 0.0011538151006662732 0.005059786469810445 0.0006451449982825203 8.479999826348143e-06 1.2122467241078593e-05 0.002350741726229076 0.0008278610570982886 3.671166440625461e-06 7.694367825629875e-06 0.0 1.3725043574459358e-07 1.8148633264357427e-06 3.336719342985731e-05 5.969649921276855e-06 0.0008049643105531619 0.00019327975415000788 0.00019695758143723011 0.00026757783861967323 5.966733407273733e-05 1.6738479124858944e-06 4.456747989833374e-06 7.64241726089152e-06 1.6113127679464259e-06 1.0621655208800534e-05 4.7547735700778114e-05 0.0 0.0 0.0 7.768969817219242e-06 4.665355987812319e-07 6.899851651338221e-06 0.0 0.0 3.830347011718628e-07 4.4108334530223913e-07 4.866907140257543e-07 0.0 0.0013180793096737526 4.9467871795413125e-06 0.0 1.2382004038151012e-06 0.0 0.00017418363396924847 0.0005057521570731594 0.0007916957584949937 0.00012561619544728666 0.0 3.2279332431347795e-06 0.000440041382558069 0.00010481880323810146 6.348338363252149e-06 2.5227900925769077e-05 0.0 0.0 4.5442846189628416e-07 2.144577049747819e-06 8.545007707695758e-07 4.9808453089829024e-05 4.42116677738088e-06 1.4065115000778436e-05 9.09475232717544e-06 3.824358162225638e-06 2.968130339217712e-07 3.4495102315327656e-06 0.0
0.00017828886874589775 2.609632893762596e-06 0.005471525747736617 7.269306446785163e-07 1.9844166610110646e-06 3.9832542875159574e-05 0.0005676476011427236 0.0009975011171566503 1.1541836506869133e-06 8.889416248064085e-06 0.0002529588507962892 2.794713949508453e-06 2.291968094886141e-06 0.0008901729695921757 1.7090877012991254e-07 1.3946154264880997e-05 0.0 0.00020164862441358162 0.002976700974865205 3.162573664726603e-06 0.0004983213161513171 8.074031236914845e-06 0.0018357481775997833 2.225970187358405e-05 5.389146815402327e-07 0.004358852645357577 0.003184800699481536 9.791548158912356e-05 0.0005755598918197503 0.000965423638936467 1.225469807236162e-06 9.51168931863906e-06 6.731080800367318e-05 0.0011990221807478953 6.31508863347198e-06 0.00037746539442812477 0.0013647051011934138 0.0004104892165762989 0.00018125900613674781 3.485091107665889e-05 4.712405762909975e-06 4.828214714084268e-06 3.401405617583063e-06 1.1017372005188668e-07 1.1257352212936828e-05 7.417675358337967e-05 0.0 0.0 0.0 1.0010977417214224e-06 0.0 6.204409662955827e-07 0.0 0.0 5.1702964470881396e-08 5.737116138012261e-07 2.1900266367437048e-07 0.0 2.2532727128512975e-06 4.125371754078382e-05 7.778949177155063e-07 1.2204302723372705e-05 0.0 1.1265293956910732e-06 1.86140523405023e-06 4.063178825132795e-06 3.092515470399506e-06 4.0140553941903637e-07 4.326475659075059e-05 0.00022797011326918074 1.4235924378260797e-06 4.291297546115782e-07 8.258233695252244e-07 1.498738895511415e-07 0.0 0.0 8.170024449009038e-06 1.043235083967576e-06 1.3497411204450157e-05 3.8877010323458994e-05 2.2787728595785098e-05 6.989241317293565e-06 4.929498986873171e-07 2.6743623257411635e-07 1.471999450832941e-07 0.0
3.1925545648749843e-06 9.504882009101667e-07 1.692342173814218e-05 5.827893638648742e-07 1.3543492412201726e-05 3.275112080881174e-05 7.133540177971121e-06 2.8629276332284098e-05 4.541034144510445e-07 1.0304563389270035e-05 0.003045588779889989 1.8212614978710196e-05 0.00013523496242645445 4.888414826033765e-05 2.455976856776146e-07 3.5358362479055966e-07 0.00020164862441358162 0.0 0.0018133819324638138 1.2865705355999647e-05 3.3729096557730064e-06 1.1502506930316216e-06 8.129033025803e-06 1.889205187788367e-06 3.5317369869900597e-06 0.0023525706734031917 0.0002665445768505441 4.717456948229092e-06 9.600923680743901e-05 9.152757166879272e-06 2.7004523146441044e-05 5.830123528359e-05 4.471123707214614e-06 0.0007249871818760363 3.531781249214673e-06 0.0005261145074477323 0.0009844493249769597 0.0008836749240770002 0.0003348946046165284 1.563029602655462e-05 5.7293486564965754e-06 1.0041263376695174e-05 1.2944124197560067e-06 0.0 1.6390800846472105e-06 7.070186274196385e-07 0.0 0.0 0.0 0.0 5.243012083524239e-08 1.8274375146812682e-07 0.0 5.253580333992554e-06 2.582374796310942e-07 5.4148297151198766e-05 4.8243409673827606e-08 0.0 0.0 2.198371859426242e-06 8.521727305945626e-06 8.244705708154338e-06 0.0 0.0 1.1772822813695001e-07 6.047061942316856e-08 4.780088763860644e-07 7.6018221394180384e-06 5.7199603246858186e-05 0.00010169687419832016 7.447891600219147e-08 7.324672545611475e-08 4.8242515705938995e-08 1.4721831341987304e-05 0.0 0.0 1.0986275440324724e-06 1.8437921237063822e-06 4.968236399817618e-06 2.8176718786571458e-05 2.018379351810653e-06 6.562695302906108e-07 0.0 0.0 0.0 0.0
2.5059135591445178e-05 2.7972884328392744e-06 0.00024853732626954096 5.312322675576234e-07 1.3349586469535166e-05 2.168004176140494e-05 3.991186989437239e-05 0.00012062947034964895 1.105419129828212e-06 7.751724297098947e-06 0.0005210251477460197 9.755979940355218e-06 9.193663666740599e-06 0.00015775945244111934 9.941354405013419e-08 2.301058504688598e-06 0.002976700974865205 0.0018133819324638138 0.0 7.84035992276851e-06 2.309568104995711e-05 6.1375313881074e-06 9.443905113674455e-05 6.163613971856173e-06 4.128922993573244e-06 0.005483312385522732 0.0009632094080434404 1.0897916832954643e-05 0.00022816040484199826 0.00011018538309580413 3.254896013968781e-06 5.41903023664329e-05 1.980460433876292e-05 0.0018456481600396465 2.485658046980453e-06 0.00032948784572893854 0.0009960010783020595 0.0006705304372251334 0.00019838933942100724 1.161419098748765e-05 2.4602691066143457e-06 2.0474359389072014e-05 4.527130024028119e-07 0.0 1.829875388904583e-05 1.7110514881299194e-05 0.0 0.0 5.340820245086606e-07 1.051364683758206e-06 1.7492117557659495e-07 2.206919385600087e-07 0.0 1.3585016193285432e-06 2.751659547606376e-07 5.990784616254156e-06 1.29317350282251e-07 0.0 2.478604698014685e-07 2.1939340128590163e-05 2.722795555798242e-06 5.813463090395899e-05 0.0 9.775447951159617e-07 1.2970102976497194e-06 1.374376394694156e-06 7.569291430173503e-07 1.7038780385434973e-06 0.00017156819316437258 0.00031556262211446896 2.980634751106706e-07 3.5008646206212744e-07 1.160964851315366e-06 4.689292789089369e-06 0.0 0.0 4.7455707495808965e-06 7.360427223881452e-07 1.987408810465095e-05 8.757416687355261e-05 1.6374080298180265e-05 3.3315394461165555e-06 4.2160358314575827e-07 3.245498223401012e-07 1.6083276793968326e-07 0.0
2.900963082039876e-06 0.0 4.841563691321897e-07 0.0023817777784390843 6.504860248611633e-06 0.0005996547662543574 3.436415122070543e-05 0.0003307879335218589 0.0001991582934666779 0.006367837099902298 2.726365080541135e-05 0.0037772865377345153 4.636711072207532e-06 0.00030196598641133945 9.563444040966922e-05 0.0 3.162573664726603e-06 1.2865705355999647e-05 7.84035992276851e-06 0.0 2.0546264045235353e-07 0.0 9.66746686759e-07 0.0003683399694643095 1.7096661778266575e-06 1.7719279347297783e-05 6.368081561163743e-06 0.0009960148507965846 0.00021312139754656704 8.480874956026324e-07 4.2058426870315624e-07 1.9759296232999534e-05 7.235552598419422e-07 0.00018439249775359566 2.974550535426373e-06 0.0006826585669200986 1.171348675487317e-05 0.0004103355321774602 8.633844178030801e-05 0.000327528587876447 4.5271468637877495e-05 1.3487175228869086e-06 7.49752433692373e-06 1.300193421714895e-06 5.427498722718357e-07 0.0 6.785802045189898e-05 1.939975996081076e-07 6.809888854639127e-06 0.00012717386781327448 2.5050930476600926e-05 7.952336556885397e-05 1.5416910191962046e-05 2.76295695865738e-07 4.2482490123198575e-05 0.0 6.35756140472595e-06 5.052448315508134e-06 0.0 6.18218807244731e-08 0.0 1.618633759362974e-07 6.267972758100266e-05 0.0 1.2485541091995665e-06 1.9797056593112368e-07 0.00015987785171035242 1.1424012043809915e-07 3.9466282987572275e-07 7.414499376283189e-07 0.00023278403032225736 3.635520884113242e-06 6.990891610853608e-08 0.0 7.269593597922286e-07 7.05527748520505e-08 1.7823361858533433e-06 0.0 5.1739253367059016e-05 0.0 7.606292526776881e-06 1.64877765004382e-06 0.00013170638570967304 2.3245942171792384e-07 1.9445637960289007e-06 0.0
3.222519261134443e-05 7.087489303847707e-06 0.0007882749254664467 9.366662101228971e-08 3.745533574594484e-07 2.9351815089356632e-06 0.0004227848585221471 7.464411847435656e-05 4.610905039227454e-05 4.0385835696445656e-06 6.273355822509549e-06 2.9003604719840606e-07 4.353700177939311e-06 8.486239514939846e-05 0.0 0.0021833391038140726 0.0004983213161513171 3.3729096557730064e-06 2.309568104995711e-05 2.0546264045235353e-07 0.0 0.00014242009022541057 0.013001655277766547 0.0002522927656607936 7.231257908193076e-06 0.0001317978377559427 0.0009818538207085749 0.002860141904636662 0.00015102824783917642 0.005920038847533782 0.0 1.0388391879249361e-06 2.6540763815403816e-05 0.0017545644226463991 2.4716010706056574e-05 0.003181285181526852 0.0003723508692167378 0.0027269833426048903 0.0016697626526286805 0.000143037397307969 2.4440251513484114e-06 4.364426610257977e-06 3.534090510296491e-05 1.2028332966719284e-06 2.495663400474518e-06 1.1574895540321707e-05 0.0 0.0 0.0 2.353396838812762e-06 0.0 9.366163238309454e-06 0.0 0.0 0.0 1.23766012999597e-06 6.513055464924345e-07 2.2373797192852452e-07 0.00021018516326067304 2.4901719323655525e-06 0.0 4.5681429276964466e-07 0.0 0.00010279246888059168 7.694271681906749e-05 6.405946672324393e-05 0.00014004996551353677 0.0 1.435103294524617e-06 4.259838960664514e-05 9.731713657840575e-05 7.750238749564762e-06 2.787525783336135e-05 0.0 0.0 6.87678302625525e-07 1.1383830205854162e-06 9.424445301781197e-07 6.085423257923973e-05 2.7567519455660993e-06 6.852065596357146e-06 3.939555635759415e-06 4.102970889484406e-06 9.869434327903995e-07 3.875704145132227e-06 6.841713603209565e-08
5.665924140072764e-08 0.000891257126638405 2.6730335109642232e-06 2.5433370570171457e-07 6.47366702346973e-08 2.2500179019336997e-07 9.059170509131795e-06 1.4356327866584461e-06 0.0015367987641443813 3.423769947367598e-07 4.3886877643527995e-05 4.228140603653276e-06 0.0001766500993078824 9.83133712934204e-07 1.513858243138661e-05 0.0011538151006662732 8.074031236914845e-06 1.1502506930316216e-06 6.1375313881074e-06 0.0 0.00014242009022541057 0.0 0.00014051412050466837 0.003827412072583131 0.0003806711731031097 4.858490238652947e-05 0.002465839619342394 0.00024508487696357187 3.093005108868108e-06 9.891975598445712e-06 1.4414394253093661e-06 2.0409133696773993e-07 4.652458842852906e-07 7.909835091425029e-06 7.42148566323847e-07 4.06018970868111e-05 6.191399489815262e-05 2.8506127360433233e-05 1.0090827641947964e-05 7.10857534029702e-05 3.0845836790277767e-07 4.826186526239344e-05 7.33004356236158e-08 0.0 1.3439307620946431e-05 2.2468494050576304e-05 0.0 0.0 0.0 1.7043568412561588e-06 6.230573363476362e-08 8.13439822815712e-06 0.0 4.155611532547997e-07 0.0 2.905464999790337e-06 0.0 0.0 0.00045102310740264987 5.237224012730553e-06 1.7072367912516917e-07 2.8375911006483585e-06 0.0 6.521061048298686e-05 5.8160235387913404e-05 0.00016291182069383468 6.936232286644738e-05 2.208326483847337e-07 1.518611594764857e-05 0.00020790422343482806 4.319044418347707e-05 2.31431876642741e-06 8.325610634761177e-06 2.4950666841182906e-07 0.0 4.117510837418086e-07 1.1488316812203723e-06 6.121795422884751e-07 2.044204997653171e-05 5.1177401542204944e-06 5.607099268671301e-06 2.7134117587116964e-06 4.0123830974851906e-07 0.0 1.950174237565945e-06 1.822851711742356e-07
8.262166452485702e-05 3.7170380020930243e-06 0.004343099954352596 3.398383494250858e-07 4.930631694653971e-07 1.3088390969116075e-05 0.0009539336179366952 0.0003391330092404006 1.1173312274318882e-05 5.69366102581824e-06 9.055017455140444e-06 7.258500718072895e-07 9.011583322354133e-06 0.00035616950948503677 1.4827407994383943e-07 0.005059786469810445 0.0018357481775997833 8.129033025803e-06 9.443905113674455e-05 9.66746686759e-07 0.013001655277766547 0.00014051412050466837 0.0 0.00013851247012895972 1.7851241941353005e-06 0.00034596988926737773 0.004099866086958875 0.0017189235264680875 0.0002162829905753811 0.0017756673282373276 6.220247313421097e-08 2.570803023631157e-06 2.522253954440673e-05 0.0013534996151301352 5.686181115388301e-05 0.005422349464363642 0.0035703791081880113 0.004331996667084046 0.0036215430482500035 0.0005700712419193208 2.0005926148792913e-05 1.076297576499126e-05 8.94098137097738e-05 0.0 2.8349040999236864e-06 0.00020911546338924194 0.0 0.0 0.0 1.590701451516103e-05 8.603798172147635e-07 1.0634803854322803e-06 3.4754400296808996e-07 2.415308022603655e-07 5.384027227120895e-08 1.0894000831851562e-07 1.2565397477177476e-06 0.0 0.0011875930892181943 6.0306407471028815e-06 3.03732320146631e-07 1.6845299816480894e-06 0.0 0.00010192603088090662 0.00025400115225335723 0.0009813986973164148 6.40006986548505e-05 0.0 2.866171805567662e-06 0.0009419002385933388 4.808750600691489e-05 1.2920546587534065e-06 9.075368028533447e-06 7.420699115684863e-08 0.0 0.0 2.9356680797967116e-06 1.525844182129465e-06 7.005851028706996e-05 5.102152086612767e-06 2.0278790658923226e-05 1.6471610713291884e-05 1.5869213515556357e-06 0.0 7.999066060056599e-07 2.0062618261537093e-06
1.8176259903675872e-05 0.00048158839212849935 1.9991775386895772e-05 0.001567083084996611 9.354443805925551e-06 7.15451029309966e-05 0.001534647647751971 8.705844344569857e-05 0.006308965592402169 0.0002864185913866844 1.3606142020678029e-05 0.0002625710006575879 5.3506552468714886e-05 0.00013699571035839656 0.0004341368989234821 0.0006451449982825203 2.225970187358405e-05 1.889205187788367e-06 6.163613971856173e-06 0.0003683399694643095 0.0002522927656607936 0.003827412072583131 0.00013851247012895972 0.0 0.00010632635333705739 3.943727453343711e-05 0.0013691142976578583 0.004098643235796262 0.0005158699987485113 6.91387755115429e-05 4.275960301385578e-07 2.6715418065866766e-06 0.00012468326546420823 0.00027423581352480645 2.6948131590747607e-05 0.002043972645493181 0.00011929670564768718 0.0005245346961219859 0.0004009026311506351 0.0007642912568810748 1.237298333982032e-05 1.3259879693704303e-05 1.5306621672735367e-05 8.82383736635588e-06 1.0668720981597744e-05 2.849128341655621e-05 8.758314408827586e-05 1.0155194551924158e-06 2.135764855008308e-05 0.00042995166013438924 7.40319885076341e-05 0.000450164646970539 3.3818729325275764e-05 2.4848322693763164e-06 5.819572123778325e-05 1.0304251477385223e-06 4.2432812853916185e-05 1.1134546676152984e-05 0.00010707034184429846 5.530050962792426e-06 5.75224009209743e-07 2.233303863746727e-06 9.81252974026048e-05 5.61617074581995e-05 6.566033380083581e-05 2.622671071528681e-05 0.0013017342896365887 4.6851269888461876e-07 7.831854297734735e-06 9.779828799343584e-05 0.0010180663963783028 7.075672676247001e-05 4.210820541390378e-05 2.8004783409672174e-07 2.1769867308800164e-06 8.127848536374144e-06 1.9669891510173743e-05 1.8950796814857994e-06 0.00027553645575805326 6.850330815622211e-06 7.66069933389489e-05 2.4282291453679125e-05 0.00017824124662948763 1.5420855672377199e-06 8.778572282797138e-06 1.2558988484405096e-06
