0.0 6.735905777691551e-07 0.00010216761522882096 2.789936559289401e-06 3.3124409911492955e-07 1.0609278274537363e-05 0.0012274108159003978 0.0003979958672836512 7.523153039275609e-06 3.691433633902364e-05 5.662634608681107e-06 3.0888129058185685e-06 5.205656279835304e-08 0.003717443206410371 1.542760503808836e-07 5.267944476891106e-07 0.00010033476965750863 1.7878326331537337e-06 3.336210810366599e-05 2.2146189232807716e-06 7.68226199577664e-05 8.321593065374501e-07 7.407804427086538e-05 5.939313381932492e-05 1.781674779499256e-07 1.6299170742867488e-05 3.1645540628964664e-05 5.4292771740401044e-05 0.002495532611025713 0.0024162081226040133 5.871831890410797e-08 5.136374465420269e-06 4.0591480205032576e-05 7.724980237886413e-05 4.0561420424454576e-07 2.569317282759596e-05 3.2816382281444524e-06 6.824999591342961e-05 2.0134532665417593e-05 1.4413930925376057e-06 7.684340691348111e-07 0.0 3.124145408079754e-07 8.03588907762809e-08 3.2903654992710923e-07 1.7766180933504552e-06 6.928097570920414e-08 0.0 4.884097795293491e-08 5.7695167415499015e-06 6.91176765774811e-07 7.778387128167578e-07 4.6069222477028774e-07 1.2239566576000509e-07 0.0 4.767177321017042e-08 8.244953945901122e-07 0.0 2.2885205690462892e-06 1.8081270732910556e-07 5.6253948227949945e-08 7.357896146261856e-08 1.0855410758808394e-06 1.5725677629299881e-06 4.5729875884942957e-07 4.053559405371855e-07 1.2156216256715684e-05 0.0 4.819666771402003e-07 4.887317533729694e-06 1.2841882676363564e-05 9.021376284260234e-07 1.9878839609181493e-06 0.0 0.0 0.0 5.130296652702743e-07 0.0 3.328966571285785e-06 0.0 1.235569059036876e-06 5.853565321159074e-07 0.0 5.553973474241241e-08 0.0 0.0
6.735905777691551e-07 0.0 0.0006121503044012645 2.455268632214991e-07 5.580529740930572e-07 1.124311899293282e-06 1.5886025803398944e-06 2.3702207545766993e-06 0.0005095587290769012 7.666221938452201e-07 7.484391281430063e-05 5.6236487570688015e-06 0.0006098636019423315 2.1278394597952727e-06 2.1857566979214376e-05 0.0001560210915857467 0.0001341004465038991 1.650529258350238e-05 0.00011627735057996818 2.2285445685905823e-07 2.365561765870357e-06 0.0014532526359498914 2.228600071391205e-05 0.0004556413627500973 0.0010644617192276894 0.0009900363048299303 0.004441756674262531 1.2925052554079484e-05 3.997222567269684e-06 1.6131747264123757e-06 1.2537254658307827e-05 2.2561533889105387e-07 1.4338920936510522e-07 0.00015903179973587 1.3687279432356456e-06 0.00019719080433337394 0.00019170511235930884 0.00029049527978600414 7.779725573540676e-05 1.4640521475019755e-05 5.314637271828785e-07 0.0001581553767883013 3.52880268890886e-07 3.3697038758670325e-07 3.640098507666173e-05 4.873301952529158e-05 6.075168353478291e-08 0.0 0.0 2.2289385562019547e-06 6.435593131894242e-07 8.456796661139458e-07 4.6892659868619154e-08 9.763242402512833e-06 0.0 4.0231326940988606e-05 6.942372965437176e-07 0.0 4.553479423980071e-06 4.0506500710763936e-05 6.755346530669861e-06 8.468147941943976e-05 0.0 3.936647096273872e-07 6.9089889809521714e-06 4.9500405620395865e-06 4.244807454848345e-06 1.0055161981488196e-05 0.00031096468391331975 0.0005901713540875417 3.662666401075528e-06 8.686673548675018e-07 1.9538163646164667e-06 8.207748813209925e-06 8.677056166593258e-08 7.423399071706854e-08 1.1308783225028493e-05 3.0854649518924644e-06 3.7697814310159953e-05 3.8016161416698296e-05 3.5948858306043753e-05 7.918611168226694e-06 1.0354210182836087e-06 0.0 2.3226402183606924e-07 0.0
0.00010216761522882096 0.0006121503044012645 0.0 2.2225565599671507e-05 1.0738642582860725e-07 6.255325185746961e-05 0.0008170673353448608 0.000512231819797858 8.984324577047454e-06 0.0001153769325736279 3.7063267348203153e-05 2.931584260340424e-06 3.019214220352694e-06 0.0005185179256411641 9.524839413435088e-07 5.282377965238323e-06 0.004629065162952063 4.041163463202959e-05 0.0009476890150584209 7.914934667932061e-06 0.00046763243713187567 0.00022065221675015325 0.007020310714628033 0.00016078307274250387 1.622547105657869e-05 0.002653510892832256 0.0033690000682890615 0.0004001908521211655 0.00010639450563730711 0.00024089511499273818 4.7102618113918696e-07 4.457018610452164e-06 6.1279853029588894e-06 0.0004620278805989174 1.8387327976704825e-05 0.001051920446951006 0.0007474087971549748 0.0012339756449254334 0.0004965881229965975 2.017141062295774e-05 5.1909565223557525e-06 3.758877799464477e-06 7.557682158977287e-06 1.3256042898085597e-06 0.0001601787099514064 0.0005174608648852765 1.0217911077501622e-06 0.0 2.065445971875632e-07 1.5364567175584653e-05 8.255445019829135e-06 1.7519525491740755e-06 4.404326557138919e-06 1.23938457149489e-06 0.0 3.2775867952799353e-06 5.6565118164804655e-06 0.0 1.9590315169101053e-05 0.00017980666801770432 2.6553303084555932e-06 5.421911125140648e-05 1.2278117844864153e-06 4.507866731275146e-06 2.957595565712306e-05 9.537274782765738e-05 2.8342942960147998e-05 2.1582874058573944e-06 0.00028649005519295945 0.0017821474808111335 3.2136299845408063e-05 3.493447989787519e-06 1.3311384014861826e-05 2.2914546061129275e-07 0.0 0.0 2.967746893220743e-05 1.3104915318333221e-05 0.0001041386371421235 2.3762182126191665e-05 9.303172144236849e-05 3.31875262262739e-05 1.6601950470712716e-06 6.281715417969782e-08 1.798912891272023e-07 3.219478748027012e-07
2.789936559289401e-06 2.455268632214991e-07 2.2225565599671507e-05 0.0 2.0585291781955305e-07 2.0861307217439387e-05 6.939958236827293e-05 1.4726575404709793e-05 0.00033326860486866384 0.0016484782399647058 5.515227927381268e-07 0.0008157774095833764 1.5199422025700765e-07 2.2191946586736998e-05 1.0742118099949973e-05 1.0303117554856422e-06 4.496710173114171e-06 2.0678178674680658e-07 1.6087269673228708e-06 0.0018097451888512718 1.0228557715829795e-06 7.735449827188589e-07 8.232191075256034e-06 0.0009295680853170601 0.0 4.264867864995482e-06 4.9860458261928035e-06 0.0023016491516269794 3.243577800109095e-05 1.750263093872714e-06 6.735181029350754e-08 1.2803992392009532e-06 1.8589880675829121e-06 1.1761953984714897e-05 2.6664172629077433e-06 8.677664529190212e-05 2.2051725617494996e-06 3.503424790156323e-05 1.1660204278900372e-05 1.510826401632605e-05 2.297064518603576e-06 1.9438823333637154e-06 9.959525957487684e-07 2.1024503388037007e-07 0.0 3.3301003551293557e-06 0.00013300074179881932 1.080402746822573e-07 8.688208682103374e-06 0.00011671069425835733 1.398203127211143e-05 5.376891703209071e-05 0.00020376972979795256 0.0 3.2849356307406584e-05 2.0515191949785887e-07 2.6620552870056984e-06 4.680473589561815e-06 4.920603953207224e-07 2.0101174800628486e-07 0.0 0.0 0.00016970211582575863 2.2473845863136475e-06 8.854115576574181e-07 2.558179701538398e-06 0.00022049560867155133 0.0 2.1603890695433796e-07 1.5960325288610023e-06 0.00011219334547839592 4.368134834035276e-06 4.282725913505683e-06 0.0 0.0 1.348997357484968e-07 7.535310963385901e-07 2.152515458950166e-06 9.820184644222288e-06 7.287684930407928e-08 3.4338225195558384e-06 3.8430488123746695e-07 6.529017149584515e-05 0.0 0.0 0.0
3.3124409911492955e-07 5.580529740930572e-07 1.0738642582860725e-07 2.0585291781955305e-07 0.0 0.00018799585218827252 1.1217631033343435e-06 2.5252431919088346e-05 2.5227959308316406e-05 7.307271995396674e-06 1.9721636626326752e-06 1.839952145484222e-05 1.756207232856038e-07 4.4048999701094846e-06 0.0008997047993328311 0.0 2.048221661029512e-07 4.730932803821981e-08 8.56515141944537e-07 1.4731256874282493e-06 5.6303201116968506e-08 2.4629687505161906e-07 3.5672537568324187e-07 4.982315333655566e-06 1.3845099374321043e-07 5.236733037828845e-07 8.689773875813753e-07 1.912907751040924e-06 2.181271247214359e-06 2.110013827931101e-06 0.0 5.971899076444305e-05 0.0 6.0736894421850354e-05 2.3665516961322253e-06 0.00013535389924300637 3.896039320711235e-06 5.7044802204178334e-05 2.150229062095225e-05 0.0006523299851950502 2.211652373272249e-05 4.317104447791026e-06 2.469727956251898e-06 0.0 0.0 0.0 4.879679457472046e-07 1.9790365507281348e-07 2.4237119037307534e-07 7.073062326909683e-08 0.0 7.193951965440005e-07 7.270815937952984e-07 0.0 4.99086327261255e-07 0.0 4.79976703332917e-08 1.2033037705656688e-07 0.0 0.0 0.0 0.0 1.1219648808695874e-06 0.0 0.0 0.0 7.195113195820973e-07 0.0 0.0 5.273460986840258e-08 9.108466477162337e-07 0.0 8.382401501337217e-08 0.0 0.0 0.0 0.0 0.0 2.419228856869965e-06 0.0 0.0 0.0 3.279813390634047e-06 0.0 0.0 0.0
1.0609278274537363e-05 1.124311899293282e-06 6.255325185746961e-05 2.0861307217439387e-05 0.00018799585218827252 0.0 0.0014763654627464606 0.004371156952840364 0.00016442702394214693 0.001679626291805764 3.593971967855111e-05 0.0017907862421043424 6.118466493219122e-06 0.0004494473800668861 0.0013730793109822032 6.079000662240925e-08 1.6413745414621823e-05 4.707573670449773e-06 8.136246110190505e-06 7.969424369598941e-05 7.351286802614177e-06 1.8604428805057044e-06 2.85012798777246e-05 8.782456992753937e-05 1.708262720497118e-06 1.2839650338758947e-05 1.3798133023716771e-05 0.0003434646062650989 0.00025202347751444317 2.8332980581525662e-05 6.455542349173541e-07 0.0003979037638131741 3.6818358304985325e-06 0.0002837976006758314 4.866838218864073e-06 0.0005586270270227982 2.1013171531482046e-05 0.0004207194461375049 0.00011920084250943487 0.002041013332279339 8.163798541521727e-05 1.1598307584401627e-05 9.679818086298162e-06 9.017434056220102e-08 7.222864951140055e-08 2.2900606858960655e-06 1.813204199455363e-05 2.2870305437913625e-07 1.4566149199905211e-06 5.14345947553332e-05 5.953990324394627e-06 2.2931941712032872e-05 3.437777183961541e-05 0.0 3.0109769974995214e-05 1.3436910121293752e-07 2.4886589358381135e-06 5.878646690361626e-06 1.314969242483727e-07 3.505498515175403e-07 0.0 1.2493425968345785e-07 3.910457033844904e-05 1.5391409822595885e-06 1.5168181342874328e-07 2.7273307900424357e-06 6.887960131381642e-05 1.2192347437683559e-07 4.702135728155371e-07 2.8743601335948184e-06 3.931548441995276e-05 3.0475745743488947e-06 5.958216585267852e-06 0.0 5.940098551262659e-08 5.3596493269055947e-08 7.907424461031753e-07 2.1179477587802316e-07 1.7924810781296227e-05 4.449822927113882e-07 2.838501048324128e-06 1.1188197783772e-06 5.7823016839149106e-05 0.0 3.872384985074303e-06 0.0
0.0012274108159003978 1.5886025803398944e-06 0.0008170673353448608 6.939958236827293e-05 1.1217631033343435e-06 0.0014763654627464606 0.0 0.0034372274101722175 0.00019360147163665042 0.004477898893673049 6.5090100411898906e-06 1.0789551432198548e-05 6.223413026156578e-07 0.0033773745196534455 3.7442119674139323e-06 3.3489693547983777e-06 7.810005994991221e-05 2.9744626477817405e-06 3.0336542479428395e-05 3.4505455230574024e-05 0.00022913330257180498 9.27907123812674e-06 0.000868346294552036 0.0015708200452373125 1.7890107042152892e-07 6.082942281442748e-05 6.891993208569957e-05 0.010535553397217467 0.0005726251130016293 0.0029380260610536845 1.1795515770398598e-07 1.2272417875780144e-05 2.105499055358135e-05 7.221065937337827e-05 1.0422022629010192e-05 0.0004749620475911483 1.8733406057295537e-05 0.00026089406006824797 9.116669192373776e-05 2.4578308119664586e-05 1.6866219067759095e-05 1.423324985936173e-06 5.464933095026491e-06 5.912599344026012e-06 1.0410331584479469e-06 1.4977879362451028e-05 2.184977479408837e-05 8.162862040371403e-08 3.4628416259503653e-06 0.0003009496084317507 2.993359181408821e-05 2.482233999196013e-05 7.570989225454347e-05 3.018781057635073e-07 5.95069410397426e-06 1.47411241374509e-06 2.8478057755159536e-05 2.1489967817925707e-07 4.5458520556439655e-06 2.3450420200585376e-06 0.0 6.057148914003078e-07 4.0281386034878356e-05 1.4277758287118276e-05 2.5973578608539663e-06 1.4645406745671937e-05 0.00035268954209042745 0.0 2.9277815192865543e-06 3.337472071727691e-05 0.00036887196925050977 3.2187120985641334e-05 6.714362133144166e-05 1.216006303204451e-07 0.0 2.5622576579201383e-06 9.345893079524233e-06 4.223372547846381e-06 7.483712918403104e-05 1.704915032826834e-06 3.7945684526350035e-05 1.2144368391944848e-05 2.5746254191293347e-05 1.4235924399069044e-06 4.6283252661328534e-07 1.7502221570404587e-07
0.0003979958672836512 2.3702207545766993e-06 0.000512231819797858 1.4726575404709793e-05 2.5252431919088346e-05 0.004371156952840364 0.0034372274101722175 0.0 6.0513646674082625e-05 0.0019247414537712237 5.423070038652228e-05 0.0006141382395188009 6.452408606929456e-06 0.004243031041860728 0.00015594681432845895 1.556464823968651e-07 0.00027651789774876085 1.084426818795314e-05 0.00010509481528977363 8.221324151063076e-05 0.0001345563250497695 2.205540979927002e-06 0.00028021865047835027 0.00017432812029966605 9.713536909664227e-07 8.90298342417691e-05 7.912314668510582e-05 0.00018831761226840809 0.00037485201876860425 0.0007608240259672559 6.188979137286352e-07 0.00022508812992299212 5.669401296205344e-06 0.0002840158200892575 5.3008384530410165e-06 0.0006174006362065715 3.120169835935822e-05 0.0004030476004529448 0.00012514988076846735 0.0007972535681165888 2.4253754124025e-05 1.4041010015832637e-05 8.764906195915571e-06 2.3547074169397567e-06 4.18326197840116e-07 1.0280714137873272e-05 1.0776058412657125e-05 8.29051573049335e-08 1.047888952919791e-06 0.00019617811032164616 1.730138088732477e-05 9.14660930516121e-06 3.708474795357895e-05 1.8964896140028148e-07 1.2385517765425215e-06 1.349103092108506e-06 1.2147711051817741e-05 9.030054803946321e-07 2.0310481606689548e-06 1.7531196815590446e-06 4.513491438714167e-08 7.867132500371869e-07 2.2273843664008363e-05 1.0894013481609168e-05 1.1620545802961543e-06 3.7504410356249443e-06 0.00018373166366168788 6.42255098995763e-08 3.100662155119669e-06 2.1893624376257065e-05 0.00020136121258576916 1.8664077759052008e-05 4.394273160739709e-05 0.0 4.337991666572188e-07 1.3081782901791352e-06 7.095099690954523e-06 2.945950554593982e-06 3.9132373800648276e-05 9.13043027472424e-07 1.9695036533929528e-05 6.464539381821349e-06 1.4035060715924007e-05 1.8316268252367582e-06 2.8959513904516146e-07 0.0
7.523153039275609e-06 0.0005095587290769012 8.984324577047454e-06 0.00033326860486866384 2.5227959308316406e-05 0.00016442702394214693 0.00019360147163665042 6.0513646674082625e-05 0.0 5.3081039619679745e-05 7.114595811830515e-06 0.0006721804900329825 5.1030284609966424e-05 3.5643981676054117e-05 0.0009322719110433533 2.449446969577378e-05 2.8294823646405947e-06 2.679202055281974e-06 2.4841153113407815e-06 0.0005454372253642324 1.3025913103022245e-05 0.0016998257757678194 1.3078567831707184e-05 0.005124314376314163 0.00016825552677309064 1.6600584502919312e-05 0.0003749198217405088 0.00044513038158891126 4.617785759827507e-05 4.072326449031179e-05 2.977411834804511e-06 2.949574065542926e-06 1.2048264862663588e-05 1.4089100032559339e-05 1.5093904356279996e-06 0.0002788993470126961 2.9638590226374502e-05 3.84209873528387e-05 1.6417032884100915e-05 0.00026787280442177816 4.0078468134834376e-06 1.0133270438139318e-06 1.24365584291441e-06 3.795011283545192e-06 6.696949444974436e-07 2.562690989266446e-06 8.849475749411656e-05 8.424058378080021e-07 5.264167771218791e-06 9.312542936153897e-05 1.0316514549236524e-05 2.2286405706763964e-05 8.516380558187474e-05 1.481537485347103e-06 6.549593697525355e-05 3.084522024657939e-06 1.1815640126318396e-05 1.0440455843341774e-05 0.00013072882627395885 8.56057195247713e-07 0.0 2.319686953186286e-07 0.00011103484938493998 2.499696214054492e-05 2.5574090924077233e-05 7.207050992932463e-06 0.0005884391705537084 2.38799861127165e-07 2.4086755988952987e-06 6.809767511709719e-06 0.00021154805303359869 1.6330511804137897e-05 3.981603961400648e-05 9.163833931076714e-08 5.180347776668293e-08 1.4769918239927526e-06 3.6362205196113825e-06 1.2857736084808426e-06 3.077700898025078e-05 2.3133957275542018e-07 8.923803107169442e-06 2.3983484542377827e-06 3.3159313022993965e-05 3.4982439759882107e-07 0.0 3.396747168826279e-07
3.691433633902364e-05 7.666221938452201e-07 0.0001153769325736279 0.0016484782399647058 7.307271995396674e-06 0.001679626291805764 0.004477898893673049 0.0019247414537712237 5.3081039619679745e-05 0.0 2.8392502047796628e-05 0.0018068367247108927 5.458603142485454e-06 0.0010698066603923066 9.700460851173809e-06 1.5823878011911982e-07 1.6792920837557408e-05 4.891278106795792e-06 1.1152108808789115e-05 0.002771641460722176 9.795200351891544e-06 1.3081300801254099e-06 5.852096324788775e-05 0.0005220362924642891 1.2546592596031785e-06 1.7792453300488696e-05 1.7387890154404592e-05 0.004430863044664125 0.0004479133447440957 3.392005869352123e-05 9.188034455026666e-07 4.8075476700527566e-05 1.1777304449229428e-05 0.00016342891597891343 1.1773150290432133e-05 0.0008994472804095622 2.7493790119996014e-05 0.0006307557606520287 0.0001510373772952017 9.999618978011833e-05 4.7794410831468844e-05 5.147925854336045e-06 1.4279097048004527e-05 2.849457355483225e-07 2.6389873664985193e-07 2.0507339932539643e-06 3.16071814903004e-05 9.457645452904198e-07 2.203824268904913e-06 7.588928191770666e-05 8.757324876523459e-06 1.089950541170858e-05 6.0814461873301714e-05 2.2374461662774708e-07 8.185416384465861e-06 0.0 2.7142089710518272e-06 1.0475209163756303e-06 1.4650858267013136e-07 6.922689782097574e-07 0.0 1.3603452692658534e-07 4.3326894952203266e-05 2.9795267491551154e-06 2.781062314950373e-07 1.6543186568812303e-06 8.832433277977493e-05 0.0 1.2415043672021857e-06 4.042490077054959e-06 5.849069169186848e-05 4.828300804178236e-06 4.527503457411838e-06 0.0 0.0 0.0 5.923068074653166e-07 1.3314173421767284e-06 1.531196521880314e-05 4.377048732741028e-07 2.5007041227968157e-06 7.009238455038691e-07 2.8258966424925996e-05 7.482807401442505e-08 0.0 0.0
5.662634608681107e-06 7.484391281430063e-05 3.7063267348203153e-05 5.515227927381268e-07 1.9721636626326752e-06 3.593971967855111e-05 6.5090100411898906e-06 5.423070038652228e-05 7.114595811830515e-06 2.8392502047796628e-05 0.0 4.560852553953048e-05 0.001945110184642815 0.00016335078610641915 1.4740293108662132e-06 5.961368441782866e-07 0.00021999644178859182 0.0015844813508553355 0.0005795537705839774 4.453169216941115e-06 2.1772702946781883e-05 2.3058800437716815e-05 4.9993018469916555e-05 9.050515742722793e-06 0.00030480957619504726 0.0019475332803817664 0.000951651397505879 6.5040941244928855e-06 0.0002444746744811616 2.127544259749346e-05 0.0005033988801945012 8.512521583904516e-05 3.548701361958416e-06 0.004857039839209128 5.438277155471113e-07 0.00025330731735572024 0.001950747777496722 0.0024167858064155522 0.0003554321005921764 1.1460831402027334e-05 9.42082993679133e-06 0.00014522956735767885 2.267393844280253e-06 1.8748179878268896e-07 9.25096770118128e-06 1.1663708755747594e-06 6.541438650980808e-08 0.0 2.6475008963284245e-07 4.4305777789733964e-07 7.137266367715008e-08 3.9260037861434395e-07 1.4538238711741714e-07 0.00019555777200387214 3.9847040085270125e-07 0.0006331689396707923 4.87960721339301e-07 0.0 7.170663500799902e-07 4.458036297883221e-07 4.061180329873368e-05 1.4074246991604477e-05 2.1106562100341227e-07 1.0102556098692147e-07 1.6343653658878928e-06 1.2797204333018178e-07 1.409161649618659e-06 4.484336673648304e-05 0.00013072696364143489 0.00016204982566537526 2.034550094773098e-06 0.0 2.3031434584707386e-07 0.00012329733483143986 0.0 0.0 3.870751106237674e-06 3.040834565657776e-06 8.454693053785989e-06 5.5533625804389576e-05 1.1573621045953878e-05 2.4643375095581056e-06 1.410903388687785e-07 0.0 3.9260501994141426e-05 0.0
3.0888129058185685e-06 5.6236487570688015e-06 2.931584260340424e-06 0.0008157774095833764 1.839952145484222e-05 0.0017907862421043424 1.0789551432198548e-05 0.0006141382395188009 0.0006721804900329825 0.0018068367247108927 4.560852553953048e-05 0.0 9.33188230779132e-06 0.00041557910436274627 0.000697727187480009 0.0 1.5185831441151863e-06 6.6214110536846356e-06 4.48637711757746e-06 0.0029539743953916463 1.4612421710031741e-06 1.2361344022373117e-05 1.1699165688228444e-06 0.0001884206901736281 4.8393019443797476e-06 5.414930176677068e-06 9.358342899889494e-06 9.589834287719382e-05 0.00027794919181131433 8.55217032553058e-06 1.7627184612342142e-06 8.875847185304892e-05 1.337618076330944e-06 0.00019251142141640088 7.281073798408661e-07 0.0002846393666920299 1.574950383750592e-05 0.00046698342513025703 9.501709303999897e-05 0.0006305032531381062 2.3014500719022008e-05 9.455272150593516e-06 4.67053491658261e-06 0.0 0.0 3.873459265179803e-07 0.00014687734805853518 2.497814781207084e-06 1.373327782767917e-05 1.4467654688926856e-05 4.434903064823508e-06 0.00014637114591580633 0.0002702606446108372 5.503946668307208e-08 0.0001512614765024547 7.472482142763707e-06 8.907665168880626e-07 4.443317293657994e-05 1.2784939258690904e-07 0.0 5.439779015797219e-08 5.387957201879763e-08 0.00022969875285589326 4.300911372359579e-07 8.545050968860567e-08 7.916322464265074e-08 0.00012521191170915036 0.0 3.9002817876886775e-07 1.846389853974227e-07 3.520978114649932e-05 6.771377576122326e-07 0.0 0.0 3.6959935044422844e-07 0.0 1.0433791562243327e-06 8.065868329133471e-07 3.625852717690222e-05 1.0556027212693388e-06 2.493860371963209e-06 2.7659420729678078e-06 0.00023261183665011968 0.0 3.778468729600207e-06 0.0
5.205656279835304e-08 0.0006098636019423315 3.019214220352694e-06 1.5199422025700765e-07 1.756207232856038e-07 6.118466493219122e-06 6.223413026156578e-07 6.452408606929456e-06 5.1030284609966424e-05 5.458603142485454e-06 0.001945110184642815 9.33188230779132e-06 0.0 1.6716495960829226e-05 2.8236251093687845e-06 4.903930667654843e-06 1.4202275166099013e-06 6.346346365368494e-05 5.868600773975906e-06 7.75351284386627e-07 5.520356724481195e-07 0.0001618369972888434 1.2938535717717989e-06 2.6661302919416795e-05 0.0024342684165186224 0.0003714482037680466 0.0018355087436800802 1.9831142231036677e-06 1.2354864252120018e-05 1.0063121481771195e-06 0.00047931405447148803 7.791782307570512e-06 0.0 0.0009551062925050152 1.5814167617797262e-06 0.0001027840943060562 0.002468660166398255 0.0009839527217630323 7.632586853872664e-05 1.4976347153399093e-05 8.583681928091005e-06 0.0008010469652464157 3.515865966526401e-06 0.0 1.912518493020426e-05 1.316755779094491e-06 0.0 0.0 0.0 1.7959625992876006e-07 3.551713691548791e-07 6.004296956319806e-07 8.473140597118252e-08 0.0004671354867043612 1.4224010693671632e-07 0.0015374200784050445 3.8649252336517936e-07 0.0 3.685265791217056e-07 6.219518236028294e-07 1.7401273347858053e-05 3.917325510525193e-06 0.0 2.524664839005297e-07 3.456520251284315e-06 4.829708920267877e-07 1.1095532105256714e-06 0.00016179445697085375 9.470456439082193e-05 0.00018718778286514398 1.6350576842698697e-07 1.5191479170844084e-07 1.4377146397002992e-07 0.00018011152920041886 7.312451602982165e-08 0.0 1.5411468888151137e-05 4.226120290153683e-07 3.4233913398744325e-06 0.0002972869733956107 3.7604018868263974e-05 1.912110514553256e-06 5.108627334077253e-08 0.0 0.0002388034182427878 4.566798445343425e-06
0.003717443206410371 2.1278394597952727e-06 0.0005185179256411641 2.2191946586736998e-05 4.4048999701094846e-06 0.0004494473800668861 0.0033773745196534455 0.004243031041860728 3.5643981676054117e-05 0.0010698066603923066 0.00016335078610641915 0.00041557910436274627 1.6716495960829226e-05 0.0 1.28978837570021e-05 6.171180601389417e-07 0.00035587019921343166 2.107183738467691e-05 0.00014702159125237833 6.277991722056102e-05 0.00023058628408500527 2.783124452959947e-06 0.00032275361192454245 0.0001714773384146701 1.4732196224813847e-06 9.719322277196044e-05 0.0001143683161499613 0.0001866706258841006 0.0036107844771466253 0.002289683598171698 3.4463840475501873e-06 0.00013170962804824423 1.8271085953319757e-05 0.0008045701660859482 4.9374165127412115e-06 0.0003410972487856672 3.255376235818315e-05 0.000670245209071681 0.00011007706022539048 0.00011869414803750767 1.4478357973180638e-05 7.2331297031838605e-06 4.062029375749682e-06 5.235504666605382e-07 1.2301334109801193e-06 6.076720611593437e-06 3.0566021820399793e-06 0.0 1.7662654546982181e-06 5.1848900854181164e-05 3.549089749322383e-06 4.0590858511006735e-06 8.939244591235883e-06 1.3833604223071951e-07 5.42327710136549e-07 7.499583293112545e-07 5.482749816195901e-06 3.922925913245486e-07 3.1448104097539253e-06 1.6069943874539373e-06 1.7345135961990306e-07 7.985968330262171e-07 4.803003488193243e-06 5.117535432843735e-06 8.126948523536004e-07 3.038544716796135e-06 7.432721548399134e-05 0.0 3.635542503604512e-06 2.3831104805882105e-05 8.048319710267711e-05 6.288323057580216e-06 1.5775823806593008e-05 2.93433420813343e-07 0.0 6.736092511772991e-07 2.791606373786474e-06 9.322289115050762e-07 1.7590498549808742e-05 6.235078359250327e-07 1.1458043787911054e-05 2.7554215644589455e-06 3.09496930837883e-06 1.528957225236091e-07 4.7027753633858544e-07 0.0
1.542760503808836e-07 2.1857566979214376e-05 9.524839413435088e-07 1.0742118099949973e-05 0.0008997047993328311 0.0013730793109822032 3.7442119674139323e-06 0.00015594681432845895 0.0009322719110433533 9.700460851173809e-06 1.4740293108662132e-06 0.000697727187480009 2.8236251093687845e-06 1.28978837570021e-05 0.0 0.0 5.934177021836011e-08 6.103120333173674e-08 8.896709230042077e-08 6.82451486374829e-05 0.0 4.2970553703790877e-05 5.112839057382732e-08 0.00019342129867105416 6.530105130326968e-06 9.172695457262763e-07 1.9345786294817568e-05 5.008214982430725e-06 7.828205411418937e-06 3.056478710341263e-07 6.264652413774336e-08 0.00027648315922329465 0.0 4.187087600592642e-05 0.0 8.79773556908471e-05 7.990723881079071e-07 2.5365573992530425e-05 8.68166379011441e-06 0.0010504095198421036 3.1007997445894566e-05 6.082831817228332e-07 1.1207943049093526e-06 0.0 0.0 9.98413616039197e-08 2.028897063039994e-05 5.19580685580681e-07 8.21591575783953e-06 1.19484354071324e-06 3.41094729282286e-06 4.107923003401241e-05 3.259782368916752e-05 0.0 8.148243510442241e-05 1.3915488014177923e-05 2.077481578062428e-07 1.689454904640388e-05 0.0 0.0 0.0 5.547221670417316e-08 5.221028184155944e-05 0.0 0.0 0.0 2.2194930631084142e-05 0.0 1.6965837684181981e-07 1.879469876378044e-07 6.5986546081103495e-06 2.626967780036866e-07 0.0 0.0 1.402467117421518e-07 0.0 0.0 0.0 2.5065666605840858e-05 0.0 1.6382064610925674e-06 9.164119889826901e-07 0.00011224712353594592 0.0 1.6638265101940261e-06 2.356729518949265e-06
5.267944476891106e-07 0.0001560210915857467 5.282377965238323e-06 1.0303117554856422e-06 0.0 6.079000662240925e-08 3.3489693547983777e-06 1.556464823968651e-07 2.449446969577378e-05 1.5823878011911982e-07 5.961368441782866e-07 0.0 4.903930667654843e-06 6.171180601389417e-07 0.0 0.0 9.109282635563583e-06 6.431666967955222e-07 2.872104374353273e-06 0.0 0.0017772894240420181 0.001987834818267915 0.0018359892087143363 0.0017299186884878037 1.7084296149699247e-05 1.3114024520120201e-05 0.001544830424635769 0.0019030814858592999 1.9696144273516352e-06 4.245716876894299e-05 5.189923711594147e-07 2.263817651428039e-07 1.6291859446814762e-06 2.9180817123907368e-05 2.0293762644951328e-05 0.0011671944800241256 0.0004065205639669414 0.00018014397935030556 0.00027029751279235113 7.246347294392756e-06 1.018415063835096e-06 1.5074055473068692e-07 8.15220617184148e-06 7.599826656628007e-07 1.0974756557345067e-06 1.803254804354305e-05 0.0 0.0 0.0 1.0116834067015166e-06 1.2440733009762751e-06 3.5263094072882965e-06 4.825780271274542e-07 2.547557203737859e-07 6.789309949944549e-08 2.204564637587124e-07 1.3889488479532064e-06 0.0 0.0018148930098762545 8.820400933424482e-07 2.3358901285884864e-07 9.225551541911234e-07 6.210887376133912e-08 0.00026519431715686935 0.0005235453321921893 0.0009855693200245227 9.588215148804924e-05 1.992075098211181e-07 2.9324320144322536e-06 0.0005012554255409053 6.373002612893102e-05 6.390321317639887e-06 3.0074649274800872e-05 1.876892653172772e-07 0.0 9.5505616337697e-08 3.3762075825183072e-06 1.1789836489391764e-06 2.716842630728128e-05 2.6481861855567646e-06 4.577766782827968e-06 3.0560018816692365e-06 3.937922328521576e-07 1.4418758187760351e-07 0.0 7.712036799200904e-08
0.00010033476965750863 0.0001341004465038991 0.004629065162952063 4.496710173114171e-06 2.048221661029512e-07 1.6413745414621823e-05 7.810005994991221e-05 0.00027651789774876085 2.8294823646405947e-06 1.6792920837557408e-05 0.00021999644178859182 1.5185831441151863e-06 1.4202275166099013e-06 0.00035587019921343166 5.934177021836011e-08 9.109282635563583e-06 0.0 0.0001521115170705722 0.0019455719985900404 1.2675953917852375e-06 0.0003441563088683669 1.0892205098708411e-05 0.002627861839712233 2.491468145076395e-05 1.0672088244247528e-05 0.0013633114670889284 0.0028197436584573693 4.347340357481177e-05 0.00021769800140635358 0.00035234010094589284 2.5361544876341186e-07 4.213683019312717e-06 2.0265694417965137e-05 0.0015963262566897505 1.6112068873388903e-06 0.00019985848919142494 7.193443016109666e-05 0.0009703037518303801 0.0001482009679259703 2.4957399960460823e-06 1.4107276554092897e-06 1.0822129535756945e-06 2.026905002674605e-06 5.190727937297078e-07 3.590183433768013e-05 6.856818188194599e-05 0.0 0.0 7.14973069014724e-08 3.1778024124213978e-06 1.006903750857757e-06 1.0327511203027478e-07 7.068904298527809e-08 1.8404511776728006e-06 0.0 2.9076328852736116e-06 1.2761628206682116e-06 0.0 2.96402141250555e-06 9.551210299066301e-05 3.0810721835048893e-06 0.00020859801294049484 2.7968802625576644e-07 2.595171203872786e-06 1.2523481635271374e-06 8.828759227236399e-06 2.617603842432131e-06 9.376776682233493e-07 0.00043261483129736997 0.0002764582840780996 2.9145477042230518e-06 9.084961502164977e-07 2.390100603339813e-06 1.4595225444798609e-06 0.0 0.0 1.544203077839123e-05 2.488536755480121e-06 5.672055935952706e-05 3.886995327637016e-05 5.7111191397619456e-05 1.7844502967261326e-05 9.617789763797435e-07 2.430757831483333e-07 6.324960244420346e-07 0.0
1.7878326331537337e-06 1.650529258350238e-05 4.041163463202959e-05 2.0678178674680658e-07 4.730932803821981e-08 4.707573670449773e-06 2.9744626477817405e-06 1.084426818795314e-05 2.679202055281974e-06 4.891278106795792e-06 0.0015844813508553355 6.6214110536846356e-06 6.346346365368494e-05 2.107183738467691e-05 6.103120333173674e-08 6.431666967955222e-07 0.0001521115170705722 0.0 0.0006664017246559102 6.949568662088249e-07 2.873872011238446e-06 6.708405607496355e-06 1.756307187065734e-05 2.48777062654737e-06 0.0001382854076248758 0.0024296277291501038 0.0005960878469436681 2.456313473302044e-06 2.70116604321679e-05 2.552584339928288e-06 0.0002381663461106384 7.090056827920353e-06 5.452959877015811e-07 0.0003292679978482328 1.8182678033741154e-06 0.00021801338916377198 0.0003613947780141321 0.000667627708758387 0.00012101635070436734 2.370409086193057e-06 6.686739776822103e-08 3.5364877326930757e-06 9.790212373056975e-07 0.0 5.990968252119817e-06 3.7605084432928986e-07 0.0 0.0 0.0 0.0 1.9045113693340223e-07 7.608976271610799e-08 0.0 6.186695422071272e-05 0.0 0.00017684828123066708 0.0 0.0 1.7224420898525663e-07 4.7273217980213617e-07 9.032409587720987e-05 4.339298353394893e-05 0.0 8.877413670799761e-08 0.0 6.063402464436693e-07 6.403274512382382e-08 3.740489174994997e-05 0.00024821138923939676 0.00029517404681332816 3.9282375393414997e-07 1.2084828900154895e-07 1.1777504895485574e-07 9.031190824782536e-05 0.0 0.0 3.2517529826937562e-06 6.707313363998231e-07 9.279303217947113e-06 7.3449397919503005e-06 8.378330902491294e-06 1.3509471222259034e-06 1.0296294483224798e-07 0.0 0.0 0.0
3.336210810366599e-05 0.00011627735057996818 0.0009476890150584209 1.6087269673228708e-06 8.56515141944537e-07 8.136246110190505e-06 3.0336542479428395e-05 0.00010509481528977363 2.4841153113407815e-06 1.1152108808789115e-05 0.0005795537705839774 4.48637711757746e-06 5.868600773975906e-06 0.00014702159125237833 8.896709230042077e-08 2.872104374353273e-06 0.0019455719985900404 0.0006664017246559102 0.0 1.784120547768822e-06 0.00014123805154901657 6.517201241724655e-06 0.00045912983441861755 1.0755230426920618e-05 0.0002379444538623729 0.003323740576717916 0.0014681921018574915 1.9251180880530554e-05 0.00012437900368237316 0.00010041689403293553 9.651765945601072e-06 1.0703001822924464e-05 1.010658273426467e-05 0.0019801251037386597 2.9129863401588757e-06 0.0002467924087097297 0.00011318699270256874 0.0009880036725136991 0.00016938426868996065 2.06236293361478e-06 8.357922606927935e-07 8.963106375657016e-07 1.1088834440116102e-06 2.489474694855628e-07 3.03305568356004e-05 6.588499393710707e-06 0.0 0.0 0.0 1.0569624498013747e-06 1.504215225701129e-07 2.7278722123762834e-07 5.973313520991015e-08 2.6448605931256652e-05 2.7723135037279326e-07 4.569641368781096e-05 7.862492770836476e-07 0.0 5.222645753048587e-07 1.100320174932057e-05 8.942017127728858e-05 0.00022044498121911397 8.319716893742089e-08 1.1247556634301183e-06 4.3281107356050483e-07 3.845850413796667e-06 8.732267461469471e-07 7.274565498844502e-06 0.00046417712501637255 0.0003558260271422143 1.0343313796549178e-06 1.8681386499618505e-07 1.5854528893722163e-06 2.4671686951079728e-05 0.0 0.0 6.937188001672119e-06 1.7034291256619164e-06 2.0803579223743287e-05 2.9109868064363916e-05 2.9524867732996206e-05 4.807966856114891e-06 5.95145516073365e-07 0.0 4.940120771035584e-07 0.0
2.2146189232807716e-06 2.2285445685905823e-07 7.914934667932061e-06 0.0018097451888512718 1.4731256874282493e-06 7.969424369598941e-05 3.4505455230574024e-05 8.221324151063076e-05 0.0005454372253642324 0.002771641460722176 4.453169216941115e-06 0.0029539743953916463 7.75351284386627e-07 6.277991722056102e-05 6.82451486374829e-05 0.0 1.2675953917852375e-06 6.949568662088249e-07 1.784120547768822e-06 0.0 1.132300754280388e-07 4.1903807714963555e-07 2.21842523660022e-06 0.0003415233480470279 3.1652118270419425e-06 1.7785652221587774e-06 1.1227218816653257e-06 0.0007551922633303425 5.231527596772464e-05 3.975095310822565e-06 1.1195993310408531e-07 9.188647402548838e-06 2.001050155878682e-06 2.7913273549942208e-05 1.5593312453699169e-06 0.00012542071738182064 6.078549731384944e-06 7.708686021188076e-05 1.8277798453347118e-05 6.361025855011302e-05 5.086041789238341e-06 1.1990798793692363e-06 1.0388305483055792e-06 0.0 0.0 2.1626269985202097e-06 0.00016213721446417897 2.7453900525130626e-06 7.932740046603565e-06 8.528758873333595e-05 7.155618711278999e-06 9.182781200637731e-05 0.0001776087104250896 2.3742744994292495e-07 7.643292744770924e-05 5.478380837765803e-06 2.128990594643084e-06 1.4642278093351596e-05 4.919575761984086e-07 2.2312784389696853e-07 0.0 1.4738620622731672e-07 0.00020003137340839883 2.8979807346194147e-06 1.9855568894929362e-07 1.6107943416968953e-06 0.00019436367436996218 7.090010397343026e-08 1.11397272431032e-07 6.678679370021089e-07 8.89021820382421e-05 1.5011458685518043e-06 1.3629283101607818e-06 0.0 7.393729298215724e-08 1.8351623785757157e-07 7.299718584052049e-07 7.883544597840468e-08 1.8302252554902005e-05 0.0 1.0456842216060614e-06 1.8890637391957456e-07 8.079365533328862e-05 0.0 3.774341320637583e-07 0.0
7.68226199577664e-05 2.365561765870357e-06 0.00046763243713187567 1.0228557715829795e-06 5.6303201116968506e-08 7.351286802614177e-06 0.00022913330257180498 0.0001345563250497695 1.3025913103022245e-05 9.795200351891544e-06 2.1772702946781883e-05 1.4612421710031741e-06 5.520356724481195e-07 0.00023058628408500527 0.0 0.0017772894240420181 0.0003441563088683669 2.873872011238446e-06 0.00014123805154901657 1.132300754280388e-07 0.0 0.00011016364301457733 0.006005299070567792 0.00013240145797948274 9.336084272821013e-07 1.3731422690256495e-05 0.00010819662320581114 0.0026856906054094722 0.0001743116049393154 0.004118174078061098 1.2228231178243144e-07 3.964898502826313e-06 2.8565677877019273e-05 0.0021186155357021197 8.22836074832422e-05 0.003964030257362666 0.0007116296896831067 0.003478577578480493 0.002001795202622391 2.311394642891569e-05 1.0503665507413047e-05 1.0406678377131454e-06 2.949147112798535e-05 1.8618322211224704e-06 4.1632481940856224e-07 4.1803633001073564e-06 0.0 0.0 0.0 1.8934981499934978e-06 1.0257930259074378e-06 1.927694867054868e-06 4.314379656735369e-07 5.260239344105305e-07 0.0 0.0 2.0171843044596663e-06 1.1230997075484523e-07 0.0007007470447880424 4.2022856016997856e-07 2.233851978969453e-07 2.354057783803249e-07 0.0 0.00022214514450414455 0.00014402872713683386 0.00020195896249645422 6.053735135425745e-05 9.882304847168751e-08 4.318721667888545e-07 2.7773912125487248e-05 5.016835709959895e-05 4.856287827577064e-06 3.279853213629456e-05 1.45141567603834e-07 0.0 5.504866049652091e-07 5.333664755836794e-07 3.942722867696782e-06 4.7383095996938334e-05 1.7781384939567944e-06 2.5273979549929112e-06 2.308299271661155e-06 7.323468292523539e-07 0.0 0.0 1.239859895821536e-07
8.321593065374501e-07 0.0014532526359498914 0.00022065221675015325 7.735449827188589e-07 2.4629687505161906e-07 1.8604428805057044e-06 9.27907123812674e-06 2.205540979927002e-06 0.0016998257757678194 1.3081300801254099e-06 2.3058800437716815e-05 1.2361344022373117e-05 0.0001618369972888434 2.783124452959947e-06 4.2970553703790877e-05 0.001987834818267915 1.0892205098708411e-05 6.708405607496355e-06 6.517201241724655e-06 4.1903807714963555e-07 0.00011016364301457733 0.0 0.0003689390616033823 0.0032714938252398663 0.0004227779413237074 3.837623580245573e-05 0.0034831041814296602 0.00011687281978767899 2.632789956104452e-06 4.8401756850395645e-06 7.176063120006678e-06 1.2528114664035314e-07 8.544164336981491e-08 2.2598391855271084e-05 7.773750460574102e-07 5.060799613946056e-05 3.1911040339669444e-05 7.002683532305488e-05 1.974606223850895e-05 2.7633330224293868e-05 5.876172126525176e-07 5.909045348033954e-06 2.760991551889453e-07 4.963290751835991e-07 1.0731652307012024e-05 2.4027389705448835e-05 8.32325454606442e-08 8.249195489858389e-08 0.0 6.846925033422782e-06 1.089627494760045e-06 9.493694201070343e-06 4.2799708402881503e-07 3.4644950035881786e-06 1.5558774636307377e-07 9.06003537341801e-06 1.931590411574639e-06 1.1521143142196291e-07 0.0006473581454436719 2.5051670451552433e-06 2.1753462120860865e-07 1.98190365108174e-06 1.7795424253924715e-07 4.468305595801383e-05 9.7661172651111e-05 0.00035043886495358614 5.261656081558383e-05 1.7153260569427e-06 5.9403482282198395e-06 0.0008770763927297162 2.8557748925153967e-05 2.2243960455414686e-06 8.096894773652315e-06 1.4663914387380267e-06 0.0 0.0 8.089461523559041e-07 2.6416764615239695e-07 1.0515626229150592e-05 1.877067805126062e-06 7.017387773533043e-06 1.8152009179663151e-06 9.827981337946836e-07 1.406754989891387e-07 1.1507371592442041e-06 7.382982769579248e-08
