0.0 2.992725848958489e-07 4.053662014376398e-05 1.155485966792351e-06 1.4508205217235857e-06 1.81400789051852e-05 0.0006741480923377397 0.0006786843038771861 6.985101471290558e-06 6.0682208080255486e-05 6.338562197059814e-06 4.415089853848603e-06 4.946251294636155e-07 0.005612819287158576 3.307015550393486e-07 2.2804682252131182e-07 8.367375864322071e-05 3.2914940700455183e-06 1.6556817806512182e-05 1.1144371726950725e-06 4.190898483612023e-05 1.9412233797928288e-07 3.5657443379194824e-05 2.0028638446561916e-05 0.0 1.5607259107053313e-05 1.5066217249065831e-05 4.051179992630299e-05 0.0021338413854806583 0.0022030952189326437 2.891633290964769e-07 1.2334546501948795e-05 6.721971048720374e-06 0.00013037209275791576 3.5216087071361396e-07 2.349532148445351e-05 5.0168575530650545e-06 9.519071272130332e-05 1.1899414587003734e-05 3.6647917704596505e-06 3.160182068743977e-06 6.021023377946457e-07 5.180489271183728e-07 0.0 1.4977683677479e-07 0.0 2.1653213763368625e-07 0.0 0.0 5.455003536072986e-06 7.997134091571932e-08 1.5953743950474542e-06 7.364224797510562e-07 0.0 2.383233408881738e-07 7.63712252021453e-08 2.689725118226898e-07 0.0 2.764695532425016e-06 0.0 0.0 1.3929196576246391e-07 9.444134446104892e-08 1.7983736551773364e-06 4.669736765885553e-07 3.1203695551740065e-07 1.585579028116823e-05 0.0 6.733459580220051e-07 9.697565265780073e-07 1.3407604273929336e-05 9.619688105527635e-07 4.898081925156135e-06 0.0 0.0 0.0 2.802704019989061e-07 0.0 5.4321420008081016e-06 0.0 9.187432349509944e-07 1.1262252699121884e-06 4.88321123072045e-07 4.4140434158154486e-07 0.0 0.0
2.992725848958489e-07 0.0 0.0005514189507746308 3.175866259750417e-07 6.724087752588717e-07 8.995475651966043e-07 3.382896540193928e-06 2.67258401381962e-06 0.0003044299240511349 7.854086120210746e-07 6.847958711823006e-05 1.9626037531695853e-06 0.0004322337093072295 1.8462876167115093e-06 8.723886959978053e-06 0.0001938109938971107 0.00017909586295153469 3.4551683813647717e-06 7.500227220577547e-05 0.0 6.675983352983511e-06 0.0016903835891941676 2.6723347913650917e-05 0.0005751956333986919 0.0014202295822172445 0.0004980876965689468 0.003075609947298687 3.4608784212965275e-05 1.3887463417045076e-06 9.933283156340402e-07 2.661457519325374e-05 2.5371917814829753e-07 0.0 8.104922915180593e-05 2.364169645226042e-06 0.00010052922117842634 0.00010487754702937608 0.0001767205415829887 7.901480825677999e-05 6.217312859483724e-06 8.458495926094014e-07 7.52617068705479e-05 4.0609691334191257e-07 6.633884608840202e-08 4.411563706892904e-05 1.7819223951814e-05 0.0 0.0 6.550210783889418e-08 4.550338164559325e-06 5.416414242880152e-07 3.667615731327536e-06 1.7286500322321729e-07 2.4422108254607244e-06 9.353294791382033e-08 4.72282852629052e-06 5.950261281627218e-07 0.0 2.2838275009804214e-06 3.8423127824489194e-05 1.8960621509676782e-06 3.881225799091908e-05 5.718285882742575e-07 7.616202929544679e-07 1.4902181956708409e-05 5.845817611050903e-06 9.812505288767467e-06 2.2577992073388704e-05 0.00027027326398220905 0.0006148869864098555 6.34742116682158e-06 5.107467716889983e-07 1.5053841700338222e-06 2.073082479907786e-06 6.928549579373001e-08 0.0 7.039296013192319e-06 1.365354813917728e-06 2.987722312101574e-05 1.3123825961916967e-05 5.0678489596050975e-05 1.7403981714400675e-05 6.493420732121559e-07 1.8349935930582175e-07 1.5933815711703172e-06 3.11131867730621e-07
4.053662014376398e-05 0.0005514189507746308 0.0 1.5119528867149019e-05 1.1575542682221262e-06 4.67559800529818e-05 0.000818498540171684 0.0005161674031834106 2.718695036512015e-06 8.732701551226641e-05 2.0031142294309977e-05 1.5118000928841751e-06 9.273532119807418e-06 0.00026140596852360456 6.025193692348181e-08 7.3435866783653e-06 0.0036243730493208024 5.4359433435151735e-05 0.00030094515737533466 3.1702651238873947e-06 0.00035972707995551753 0.00010791637517535297 0.006470331165117381 4.453120440623686e-05 4.462305140835157e-05 0.0024730132482198627 0.0035969159766968714 0.000623851197971938 6.118911298401212e-05 0.00019206428038677452 1.435714271904746e-06 6.8607632829386455e-06 2.4169288752058992e-06 0.0005081461523546635 2.5831842248184042e-05 0.0009432516632731702 0.001390824093672599 0.0018754108930040976 0.0007531342472584342 3.0436049873657827e-05 1.1850233984701736e-05 4.367247489163743e-06 1.1964017146866198e-05 1.585874986340011e-07 0.00011560144538282428 9.173299133346383e-05 2.8163725566712677e-07 0.0 1.8504031994886088e-07 4.638172765228135e-06 2.7835953706344754e-06 8.186153318857348e-07 1.0361436285741551e-06 1.0635284426250444e-06 8.997096330101897e-08 2.5978169229510835e-07 6.466757700528589e-07 0.0 5.517340649104532e-06 0.00011283336764964881 3.457387699348233e-07 9.860911059727962e-06 9.079197075799281e-08 9.242587637276044e-07 2.6741001124366466e-05 3.678237586913164e-05 1.2476287182056636e-05 9.071909105498632e-07 0.00011247677034565738 0.001263646407964866 1.1206197475781708e-05 1.2348770456613547e-07 4.2245214081994234e-06 1.2649830315733847e-07 1.7198011305557735e-07 3.318583496870737e-07 1.3206129846598705e-05 6.189986383606349e-06 3.477050382678136e-05 7.575769115844829e-06 9.045611722186774e-05 1.9949135621398953e-05 7.112792138270446e-07 0.0 0.0 8.623583598072995e-08
1.155485966792351e-06 3.175866259750417e-07 1.5119528867149019e-05 0.0 4.553451656146886e-07 1.6142738730747044e-05 4.086628784824028e-05 1.2207035183965637e-05 0.00042310033366138784 0.0009437685797439369 5.157712567809953e-07 0.0026275765087759554 0.0 7.6261335737282224e-06 7.254408446799818e-06 1.0091075578745745e-07 8.53487005827855e-07 1.5998291163169595e-07 5.153260063409948e-07 0.0011117243465865873 3.888260251694287e-07 1.074228373612945e-06 2.2021356897137115e-06 0.0012829083621740498 6.338441606921855e-08 8.310628470984637e-06 2.8076667919718858e-06 0.0023738481249045277 1.5331337687793567e-05 1.2235855130320006e-06 1.0446792851720603e-07 1.6408970728640373e-06 1.4717422536341252e-06 1.1390569837351553e-05 1.80248550378193e-06 7.007562873900237e-05 3.0060988140698e-06 2.4360491354735803e-05 9.61226076078328e-06 1.183953561355805e-05 7.976402301418356e-06 9.098161756259935e-07 4.1336199458313784e-06 2.4595886338637124e-07 0.0 3.7204856771588127e-07 6.86430145487518e-05 1.1947016981473643e-07 4.213006680770592e-06 4.462758272742547e-05 2.361010029517823e-06 5.398819024336311e-05 0.00014169142872642965 0.0 6.19933393438959e-05 0.0 2.015702655770321e-06 9.36966653335614e-06 8.032730681840789e-08 1.3608555472789794e-07 0.0 0.0 0.00011078961428706047 5.762993333979368e-07 0.0 1.314838961336595e-07 0.0001766274181414484 0.0 4.3049900274498017e-07 2.523365180587326e-07 8.403276818483699e-05 2.234312312095034e-06 2.4631021120483344e-07 0.0 3.761742233051474e-07 6.534608087652838e-08 1.8650359609604178e-06 2.36915226977156e-07 2.0788759809584646e-05 3.2541990835846635e-07 3.5001547611074026e-06 1.1111876154242537e-06 4.8689699929818335e-05 9.554004672889343e-07 0.0 8.556971632716742e-08
1.4508205217235857e-06 6.724087752588717e-07 1.1575542682221262e-06 4.553451656146886e-07 0.0 0.00026137770337602184 6.890379874819487e-06 5.47550431188078e-05 3.278732413552894e-05 2.5791244991171614e-05 4.98650319457725e-05 4.9264096139834905e-05 6.492763999894072e-06 1.201942404695723e-05 0.0003743401560043037 2.004207903801e-07 1.0314863497167717e-06 5.706381865466535e-06 7.48295492996331e-06 1.6567788772248848e-06 1.625293492715732e-06 0.0 2.0572338576874404e-06 2.6085404643081865e-06 1.3692322935661275e-06 8.797215099288188e-06 8.225471168013413e-06 5.3887269892170345e-06 7.342948592420978e-05 5.1412020564226185e-06 3.208624113172587e-06 5.21544152762318e-05 0.0 0.0006419671586557328 3.701696446084358e-06 8.3449932688234e-05 1.5257938282510163e-05 0.00033940798234637055 4.972497924398804e-05 0.0008109018787671695 0.00022231758932101617 1.95857710514655e-05 5.121451899865409e-06 0.0 7.091160502352004e-08 2.0530896399520556e-07 2.861305334494628e-07 2.1713240350071534e-07 0.0 4.5733006264714995e-07 0.0 1.5917399060396174e-07 9.358714257389206e-07 0.0 1.278011814696005e-06 1.2498587820977034e-07 9.047121006647997e-08 8.48845675195835e-07 0.0 0.0 0.0 0.0 1.890307904578285e-06 0.0 0.0 0.0 1.6058265896869475e-06 0.0 4.3312850303448524e-07 5.3776082967799276e-08 8.188661642885614e-07 0.0 2.0768070239214398e-07 4.5401364005446035e-07 0.0 0.0 1.576395009510004e-07 0.0 1.2831163623372632e-06 0.0 1.5471050111926666e-07 0.0 3.0579479931222045e-07 1.606435907377205e-07 0.0 0.0
1.81400789051852e-05 8.995475651966043e-07 4.67559800529818e-05 1.6142738730747044e-05 0.00026137770337602184 0.0 0.0019720140143554866 0.0038124620203313104 9.268087710945935e-05 0.002664582903188839 4.653395515084339e-05 0.0020077038686787505 9.255107301428395e-06 0.00039736536977317866 0.000926694108123572 2.169946550764291e-07 1.3116868985831219e-05 1.0577059658137558e-05 1.2867074872033375e-05 5.291052313646408e-05 4.097646478293794e-06 2.230642074293947e-07 1.4629380008439033e-05 2.216430344081014e-05 4.2538349885251605e-06 3.3007875036882204e-05 1.6892230511755822e-05 0.0003300314615928478 0.00020284975594442233 3.65735039231687e-05 5.671723308784926e-06 0.00043576572714312453 2.3199858006034783e-06 0.0004299351098357716 2.40515865994829e-05 0.0003839414623006113 3.837148550914005e-05 0.00048800481981025847 8.525954235504032e-05 0.0012350024171803216 0.00018631132543021892 2.799645678820662e-05 1.3384315648592519e-05 0.0 0.0 5.987776811152391e-08 7.5380188250390055e-06 0.0 2.620154733431721e-06 4.9994373272984715e-05 1.30619295285092e-06 4.513422735463159e-06 1.8542252961592563e-05 2.908562894677356e-07 8.79802118423554e-06 6.182913322023652e-08 4.4951768690296146e-07 8.450196514992156e-07 0.0 1.9171550308758352e-07 0.0 1.3926838375406485e-07 7.81061769104563e-06 4.780931725817715e-07 1.9146037402297392e-07 7.168090128147896e-08 6.345459182482545e-05 1.4798456159525876e-07 7.532122647006759e-07 1.740299624736899e-06 4.352797367487271e-05 2.8009625059216157e-06 1.4960078188542725e-06 3.0985074404563e-07 0.0 1.4031546935890737e-07 8.919394534153253e-07 5.829900440767658e-07 1.4455205336381751e-05 4.001025832943512e-07 3.9073600619316735e-06 1.8123485688967049e-06 1.5943078747290955e-05 5.279267209439459e-07 0.0 4.615434949243235e-07
0.0006741480923377397 3.382896540193928e-06 0.000818498540171684 4.086628784824028e-05 6.890379874819487e-06 0.0019720140143554866 0.0 0.004217906613219293 0.00018718379392028365 0.0029050945581762387 1.0089467440811996e-05 2.1325010175937336e-05 2.1300940768216993e-06 0.0029788128962595323 1.6928326502692824e-05 2.012784990806525e-06 6.77685194949069e-05 4.7922636725925506e-06 1.0767252479120182e-05 1.6653799172926598e-05 0.00013962070344528002 4.020762404675678e-06 0.0005078523054609712 0.0007679857846565071 7.948454000736227e-07 0.0001846945469096214 8.591425422031172e-05 0.011521019513900839 0.0002755293317704934 0.0018894214169741888 1.5735880367636242e-06 2.3794897208528077e-05 1.1618113387954995e-05 0.0001459607174318888 1.0490638503210891e-05 0.0005676133119965251 3.118796741094127e-05 0.00029300464873887867 8.244478707793523e-05 6.340643710842741e-05 3.251960695324015e-05 2.4915553910233663e-06 1.2712244664687869e-05 1.2087001276999225e-06 8.640371492302359e-07 1.813882481879988e-06 4.983072877832391e-06 3.1377707045185614e-07 1.0308518618131003e-06 0.00012166739791786482 3.3596202801675853e-06 2.5104838736447115e-05 2.0192236760380455e-05 4.5859109742941573e-07 1.213072786983496e-06 0.0 5.485459234330456e-06 1.0906019306785011e-06 2.3849013124827977e-06 9.798983973018037e-07 6.947196335222532e-08 2.1490697376402447e-07 1.0559532241767474e-05 3.5482213888486853e-06 1.0353947993629724e-06 3.4462895212259087e-06 0.0002319197981148239 7.407215663826494e-08 1.747750310422822e-06 1.0922263363693402e-05 0.00021547621999711886 1.508055384338986e-05 4.035070528061408e-05 8.150772128893711e-08 1.5675632661199332e-07 1.1635905722593815e-06 5.647182917921897e-06 3.2770840212395217e-06 5.1660420843777744e-05 7.901479481375897e-07 1.7195252508363496e-05 6.705802058132968e-06 1.0427080958614589e-05 3.68589322478417e-06 0.0 1.1660212207727116e-06
0.0006786843038771861 2.67258401381962e-06 0.0005161674031834106 1.2207035183965637e-05 5.47550431188078e-05 0.0038124620203313104 0.004217906613219293 0.0 5.0866442107328486e-05 0.0016962153955329487 6.514738711729856e-05 0.0005336586582334451 9.745957976590389e-06 0.005549775213521521 0.00010899725730551733 0.0 0.0003721340112597189 2.4815608296235132e-05 7.271852659188932e-05 4.113338583382548e-05 0.00013613505430416076 3.0800190796962597e-07 0.0002702326488767974 3.430849683123976e-05 4.252200342693412e-06 0.0001586926105891057 7.23453352161288e-05 0.0002059395910670206 0.0005600207210338418 0.0014400868563725188 6.156591953034624e-06 0.0002844458412687877 6.5304381986631676e-06 0.0004716209285168262 9.404181173138625e-06 0.00029000376215369556 5.209207487807381e-05 0.0004990308689211469 9.459144677113547e-05 0.0005592294237310408 9.235823321330305e-05 2.1315702027764238e-05 8.694076569270925e-06 7.732760350268288e-08 1.2589904882564656e-06 1.5577294693547285e-06 5.441556785603665e-06 0.0 1.6235435696699462e-07 0.00011825454419144303 3.140740047593768e-06 1.2998456404572347e-05 2.5296148921106515e-05 2.9102384509686536e-07 3.352893357469044e-06 3.477377622867968e-07 3.099734943314817e-06 9.592313217758096e-07 2.3345577139706328e-07 1.7879892948538454e-06 0.0 1.9738695483694477e-07 1.0416813581880163e-05 1.9596934147467833e-06 6.88514351088875e-07 1.316214710843623e-06 0.0001450875428617978 1.273934315751672e-07 3.126960813967345e-06 1.5972446993066102e-05 0.0001180084678103391 9.940669269202768e-06 1.567939984568157e-05 2.036873168652209e-07 2.2761584701924784e-07 1.9752349792706755e-07 3.3052200515359175e-06 1.7537357399047764e-06 3.094874951830495e-05 1.8455372418365173e-07 1.167595658035932e-05 5.323602751275001e-06 8.093114444507353e-06 1.319859059957597e-06 0.0 4.2553678852463053e-07
6.985101471290558e-06 0.0003044299240511349 2.718695036512015e-06 0.00042310033366138784 3.278732413552894e-05 9.268087710945935e-05 0.00018718379392028365 5.0866442107328486e-05 0.0 9.600019601615425e-05 8.293342201802871e-06 0.0014505682431891905 3.848923829993141e-05 2.6052090161616184e-05 0.001017987855372064 1.5331779525483503e-05 8.887420422091801e-07 1.190336389038788e-06 7.027940394599873e-07 0.0005443507603017988 2.967701258818176e-06 0.0018727099068032913 3.0254156648122287e-06 0.005179694593802511 0.00016508619303869088 1.036537131891456e-05 0.000101911221898209 0.0008187549806115025 3.71973485890992e-05 3.919000977448463e-05 6.55566039743109e-06 6.267641218790622e-06 6.133921971365726e-06 3.101066215991211e-05 4.92005474627166e-06 0.00027083369607451893 5.352737393835663e-05 6.105720226250736e-05 2.0827213150537435e-05 0.0002422894225853214 1.0100399022845718e-05 4.376835879893257e-06 4.975494133663495e-06 8.549911730547031e-07 2.965009355306606e-07 7.969458862889645e-07 8.200236043809145e-05 1.6983177271054414e-06 1.644825028125764e-05 7.469194924961895e-05 3.553388888020883e-06 5.355468252802038e-05 0.00012741773998410836 9.438763146196245e-07 0.00014190169941305793 9.754809090409485e-08 6.6356191792375045e-06 2.6113500972979682e-05 3.4656000295472375e-05 3.059201682456274e-07 0.0 9.982708001885135e-08 0.0001669394310801424 6.912653589883432e-06 2.5477409232763e-05 2.472362023220888e-06 0.0005594118389986195 0.0 1.0959234810103966e-06 2.158997262135364e-06 0.00016855323002886805 1.1243998773493244e-05 2.7246403108771616e-05 4.439608364351464e-07 3.26486161139909e-07 9.957453462347228e-07 4.6336221324468186e-06 1.8374350423110125e-06 3.114455401591603e-05 1.1807635920245894e-06 1.0837799203495004e-05 5.311542309985341e-06 4.294915512689782e-05 1.338719958783374e-06 9.956736123081916e-08 5.663858758615259e-07
6.0682208080255486e-05 7.854086120210746e-07 8.732701551226641e-05 0.0009437685797439369 2.5791244991171614e-05 0.002664582903188839 0.0029050945581762387 0.0016962153955329487 9.600019601615425e-05 0.0 2.5174040496967484e-05 0.0030785663311409155 5.2841835169719806e-06 0.0005358103030706263 1.118505883571654e-05 4.858300424125172e-07 7.4112207103706e-06 7.047017965240243e-06 9.230033642370629e-06 0.0025157891609510472 4.153700685371833e-06 3.745369115578378e-07 2.144906980447385e-05 0.00016956987178554233 2.065900314312689e-06 4.3072252444999004e-05 1.5618703977095464e-05 0.0036560614472799405 0.0002906090462948006 1.6940706574968646e-05 3.703859014099321e-06 6.922918351279059e-05 1.0110523437494745e-05 0.0003000703830810151 2.5554455719251143e-05 0.0010247569490166285 8.691786995431493e-05 0.0006458986636454787 0.00010361544713821463 0.00019057136182992768 0.00010418454750224118 8.033709947310034e-06 4.105450824621733e-05 1.3133312537360668e-07 1.5148124545720172e-07 4.828736176834631e-07 5.521054345583394e-05 2.6607162700117e-07 7.048247736963068e-06 7.280594891627941e-05 2.724305243105468e-06 2.085022690296337e-05 8.386949815204973e-05 5.086775721671009e-07 5.4801753821243944e-05 4.2662338072923234e-07 4.152851128038986e-06 5.245424025868459e-06 0.0 6.798591867903579e-08 8.418502844012743e-08 8.898220168928838e-08 4.0024393221722194e-05 1.1000603013027774e-06 7.931840903594579e-08 9.560161992476617e-07 0.0001288054441135395 0.0 6.892815108329442e-07 1.3390181962698314e-06 6.886502212243907e-05 5.911672125511603e-06 2.243416933686122e-06 3.8618150310748587e-07 6.353361469537812e-07 4.1738663087982023e-07 2.6200189844441063e-06 2.2090335996986476e-06 1.9811931379490094e-05 6.154961291895817e-07 5.076019503941073e-06 2.0115527044257593e-06 1.3876851721244743e-05 1.5497572379396547e-06 0.0 0.0
6.338562197059814e-06 6.847958711823006e-05 2.0031142294309977e-05 5.157712567809953e-07 4.98650319457725e-05 4.653395515084339e-05 1.0089467440811996e-05 6.514738711729856e-05 8.293342201802871e-06 2.5174040496967484e-05 0.0 4.320064487643609e-05 0.001761237210956 6.189980526627674e-05 1.727657725519961e-06 1.4341232355357139e-06 0.00022641818553561607 0.001663689882688101 0.000696221949729243 2.0198993268124213e-06 1.9318467194805172e-05 3.109013453029854e-05 4.396655049630548e-05 7.010433837601018e-06 0.0005050272482400387 0.002023701716009521 0.0010049137044972443 6.2947257155627715e-06 0.00011944914927851208 2.1887230908517038e-05 0.0009695174331183978 0.00014396438336642073 1.686602252453377e-06 0.0025678392720729503 2.381189081784815e-06 0.0001968214502588824 0.0014824921751048958 0.0017231214128837023 0.00027528527946214565 5.876872747985291e-06 7.170663242432555e-06 0.0002648721908213304 7.998711755821947e-07 1.9791017858032272e-07 3.854558219844035e-06 0.0 0.0 0.0 0.0 8.990789501810342e-07 3.8208237432341817e-07 1.0339713564374754e-06 0.0 0.0002061458480145184 7.27625114382049e-08 0.0005124176416741559 0.0 5.96339975488552e-08 3.201080526946861e-07 3.971629765219786e-07 1.4555989943313696e-05 2.715518385414286e-06 3.4933897073080886e-07 2.916131400596062e-07 2.5008324273946435e-07 1.0045866566692913e-07 1.65636234682558e-06 5.866922795293809e-05 6.864229086139318e-05 0.00011360461618498898 1.3837266401347594e-06 0.0 2.8302013791632175e-07 0.00013057736642216376 7.84631842691302e-08 0.0 1.148044124950427e-06 0.0 1.0421744920638728e-06 3.142125083373335e-05 7.90056604605918e-06 1.2946920182263595e-06 4.751324133765294e-07 0.0 2.0738809447798218e-05 0.0
4.415089853848603e-06 1.9626037531695853e-06 1.5118000928841751e-06 0.0026275765087759554 4.9264096139834905e-05 0.0020077038686787505 2.1325010175937336e-05 0.0005336586582334451 0.0014505682431891905 0.0030785663311409155 4.320064487643609e-05 0.0 7.151629252894096e-06 0.00023584122186451773 0.0006916384314188921 1.1726871913769844e-07 9.797649171784961e-07 1.078415413326058e-05 9.551754091846444e-06 0.002598372272669174 9.45405070663408e-07 4.912210526071552e-06 1.6398057585855946e-06 0.00045243267387422027 3.379186909236298e-06 1.6096754324863426e-05 1.2057754623443768e-05 0.0003542839888173381 0.0001576413939070336 6.3617538473546804e-06 4.204768836247087e-06 0.00013858154053025514 2.5485642274857054e-07 0.00035228386801734035 2.0107359756687262e-05 0.0004002827322973625 2.9996659758906723e-05 0.000563619294099305 7.558809255881335e-05 0.0005660548657314871 6.760818975427812e-05 1.136233378795359e-05 8.194508213145136e-06 0.0 4.0997246918245145e-07 7.255866343375189e-08 8.495201518329311e-05 2.6444514010000877e-06 1.657489781896482e-05 1.892975392746504e-05 1.8710813404549044e-06 7.895246088659102e-05 0.00014812501100796741 2.0883297821845607e-07 0.00014406365453686977 7.186515669727416e-08 1.3908794003030677e-06 3.819294958356915e-05 6.335791289802326e-08 0.0 0.0 0.0 0.00014863040107610816 4.915251470722872e-07 0.0 8.158591202514409e-08 0.00011217253892147687 1.9618434803740505e-07 6.991647546596565e-07 8.156954453256372e-07 5.091214282009122e-05 5.759282559135983e-07 8.049262336207392e-07 1.6206986029000123e-07 5.010658727441351e-07 0.0 5.303250428676904e-07 1.6315947764701329e-07 3.870602851142651e-05 0.0 1.9335481285352417e-06 7.646341199505089e-08 0.00015588321639729301 2.772730289958972e-07 0.0 0.0
4.946251294636155e-07 0.0004322337093072295 9.273532119807418e-06 0.0 6.492763999894072e-06 9.255107301428395e-06 2.1300940768216993e-06 9.745957976590389e-06 3.848923829993141e-05 5.2841835169719806e-06 0.001761237210956 7.151629252894096e-06 0.0 8.470926726394312e-06 4.073705545014885e-06 6.156575418685981e-06 8.943111870854627e-07 2.4524290240885956e-05 4.560056192523225e-06 5.089533668041138e-07 1.1206564133707445e-06 0.00016823027587024454 2.5395989047095134e-06 3.54823645599841e-05 0.002997525605191494 5.260217813839671e-05 0.001171952820082918 3.1131224007968935e-06 1.0651858999966869e-05 1.6747054435483143e-06 0.0002873085392132872 1.6632184345511234e-05 7.477198310719998e-08 0.00040913679827761604 8.386242788873303e-06 0.0002482271658099085 0.002338418233158765 0.0009185912547019205 6.018760791775286e-05 1.6819885093206195e-05 8.030376448677347e-05 0.0006753113943955418 9.565006036680935e-06 0.0 1.293114599769975e-05 0.0 0.0 0.0 2.053443771856096e-07 1.7360652669132868e-06 0.0 6.7415724245006e-07 5.971548759190973e-08 0.00037556937191682147 8.618646927483308e-08 0.0008234427505708803 2.5381870093579827e-07 0.0 3.366141539770227e-07 7.177629284521931e-08 7.1806399729223495e-06 2.8536432710108294e-06 1.4930013893012348e-07 0.0 3.1540730428788567e-06 0.0 1.8020291122728183e-06 8.637418562097018e-05 4.367420686229438e-05 8.612162494857142e-05 6.700893389110283e-07 1.0588802959464995e-07 1.1682064207091452e-07 0.00011314689167082835 0.0 0.0 1.0202033347821733e-06 1.6829794008287194e-07 1.3538601163066133e-05 0.00021284131564624982 3.86531797322085e-06 1.1385590384489267e-06 2.6145705573293994e-06 2.0754791710853096e-07 0.00036688489571126606 0.0
0.005612819287158576 1.8462876167115093e-06 0.00026140596852360456 7.6261335737282224e-06 1.201942404695723e-05 0.00039736536977317866 0.0029788128962595323 0.005549775213521521 2.6052090161616184e-05 0.0005358103030706263 6.189980526627674e-05 0.00023584122186451773 8.470926726394312e-06 0.0 8.303780953421336e-06 5.173032837708225e-08 0.0002570936350001269 2.469885111855303e-05 6.255707293156204e-05 1.7466518742738538e-05 0.00010708187917353858 5.823280840077675e-07 0.00016150770799676793 4.195391036303141e-05 2.46837361501504e-06 9.347269795742629e-05 5.976249517524055e-05 0.00015056061764683504 0.0024798960256786954 0.0019251055221512813 4.34902514801699e-06 0.00010567720479936295 1.6147047970546416e-05 0.0005118356468059594 3.0998992327247035e-06 0.00010348534314171893 2.4748180480361404e-05 0.0004158109730290506 4.11481734736471e-05 4.076433669999769e-05 1.980469510620806e-05 4.308317893626844e-06 3.758586753293817e-06 2.7229483818938025e-07 4.539671047021476e-07 5.501077670813176e-07 1.2184496172488903e-07 0.0 0.0 2.072956397700163e-05 8.450489529363902e-07 4.44591019641474e-06 2.638084409989973e-06 5.968625232994381e-08 5.442090460303261e-07 1.3289506828469218e-07 1.4954064847302988e-06 0.0 3.517073133941666e-06 7.708507561590276e-07 0.0 6.627664517340417e-07 1.9247734801701157e-06 1.2115968623904792e-06 7.034292222033532e-07 8.494798180430599e-07 5.069518474572495e-05 1.751755910002602e-07 2.0811922234071145e-06 5.360004816733926e-06 4.3232305795413855e-05 1.6752947952326634e-06 8.16997565459077e-06 2.9708781037147304e-07 5.36442524979158e-08 2.858840307960234e-07 1.337430771176489e-06 9.567733618083745e-07 1.0843135742511735e-05 2.3936616764563855e-07 5.606518601788775e-06 1.391375690736392e-06 3.628724660274564e-06 1.174435105532498e-06 0.0 2.2139831271860761e-07
3.307015550393486e-07 8.723886959978053e-06 6.025193692348181e-08 7.254408446799818e-06 0.0003743401560043037 0.000926694108123572 1.6928326502692824e-05 0.00010899725730551733 0.001017987855372064 1.118505883571654e-05 1.727657725519961e-06 0.0006916384314188921 4.073705545014885e-06 8.303780953421336e-06 0.0 9.130135915589396e-08 3.687327265196705e-07 3.859034726937696e-07 2.4561723387002753e-07 2.471991369730567e-05 4.1371314103989263e-07 3.432653313496688e-05 2.468166737131376e-07 0.00021835027038380074 8.380585777499904e-06 8.811308627342846e-07 3.1991623865198554e-06 4.4351981530001966e-05 6.1067869120071164e-06 2.0539248230841526e-06 5.560375715733258e-07 0.00017695848059717028 0.0 1.2200887384154854e-05 1.5340142313528355e-06 0.00020527121975470462 6.793703396500033e-06 3.4567165475427085e-05 3.1360161681153497e-06 0.0014252380219812128 5.490524606247999e-06 3.4789617628348645e-07 4.016347095469919e-07 0.0 0.0 2.2876064504694548e-07 1.3622750055115359e-05 1.209076040701317e-06 6.270643195697455e-06 4.235053892274609e-06 4.365120036550743e-07 9.483091834170858e-06 4.0730969547792465e-05 3.131302172377072e-07 4.647652128519419e-05 1.9805028473276884e-06 1.8409074824124667e-07 1.680474075482779e-05 1.1535672355152652e-07 0.0 0.0 0.0 4.640718120430666e-05 5.2943579931666e-08 0.0 1.0583275438795161e-07 2.6009421611109182e-05 0.0 7.301548035492143e-08 2.649401443708786e-07 9.328967730485538e-06 1.0969228164751615e-07 8.398807211100933e-08 6.812498588070098e-08 0.0 0.0 1.2590471625961538e-07 0.0 4.15267136686524e-05 0.0 0.0 2.6077072806127613e-07 0.00010163470792249409 0.0 6.655184952755299e-06 0.0
2.2804682252131182e-07 0.0001938109938971107 7.3435866783653e-06 1.0091075578745745e-07 2.004207903801e-07 2.169946550764291e-07 2.012784990806525e-06 0.0 1.5331779525483503e-05 4.858300424125172e-07 1.4341232355357139e-06 1.1726871913769844e-07 6.156575418685981e-06 5.173032837708225e-08 9.130135915589396e-08 0.0 8.694353914298545e-06 9.926073367322354e-08 9.803104419672998e-07 9.093608145594217e-08 0.0020008543450801652 0.0015028673441739426 0.0016730988521244695 0.0017397340649119907 2.734333350609472e-05 1.1732418308554637e-05 0.0009811167749015175 0.001227359077291244 1.764471433866328e-06 3.987155483617209e-05 9.125527095892183e-07 0.0 1.0625249428489151e-07 2.5090716105480905e-05 1.376557985626615e-05 0.001260909708563619 0.0006763593282389398 0.00020320665691226736 0.00022861530361773273 4.228256352119848e-05 1.8174756870110247e-06 5.758320135257426e-07 1.0379057859980406e-05 3.0420731277046984e-07 3.7686772295142416e-06 1.3002177866711987e-05 2.1357948489154386e-07 0.0 0.0 1.5791027099893174e-06 4.5568902145413435e-07 2.1263296764250394e-06 3.8875619614355606e-07 0.0 1.1550361833505355e-07 2.3020504187968525e-07 6.715101159209641e-07 0.0 0.002063804476437825 2.3244476877027557e-06 1.6109250444821789e-07 4.98911127584233e-07 5.777292851279171e-08 0.00013215918491073467 0.0009455314833736592 0.0005322638820492398 6.754568942482047e-05 4.349705372443666e-07 6.066461677644794e-06 0.000405037606173327 3.141265394615994e-05 4.710532364179683e-07 3.5791255115927864e-05 0.0 0.0 4.3799701315892344e-07 1.6661798786697785e-06 2.476477284575544e-06 6.337256809289091e-05 1.726373337506447e-05 1.090313210132455e-05 9.50449515143793e-06 1.0772265785328664e-06 0.0 0.0 3.6296776920002475e-07
8.367375864322071e-05 0.00017909586295153469 0.0036243730493208024 8.53487005827855e-07 1.0314863497167717e-06 1.3116868985831219e-05 6.77685194949069e-05 0.0003721340112597189 8.887420422091801e-07 7.4112207103706e-06 0.00022641818553561607 9.797649171784961e-07 8.943111870854627e-07 0.0002570936350001269 3.687327265196705e-07 8.694353914298545e-06 0.0 0.0001316130626212428 0.0016250696907965266 5.995444816224595e-07 0.0002416579163002263 6.786626392765601e-06 0.0022070589655619134 1.3539779894795637e-05 1.0515214311991122e-05 0.0018619828166682561 0.0021620779396394826 7.155375736352928e-05 0.0001706014970181155 0.0003277934066519999 1.3663658718480828e-06 6.7811072479865044e-06 5.1598290495186645e-06 0.0002565905770645205 6.464765803104376e-06 0.00025324357302649605 0.0006788535547119179 0.00044925322945474523 0.00027535654100640107 7.007742189336684e-06 3.379646288083415e-06 2.3279863739151967e-07 4.153494001286995e-06 1.371434788866107e-07 0.00010542008888082547 3.844888885489621e-05 0.0 0.0 6.941270345258643e-08 1.0390042552346135e-06 2.1823910351524482e-07 2.1252081389832975e-07 1.9850866717031075e-07 6.327176128417636e-07 0.0 1.2468734766167317e-06 4.6331812023026046e-07 0.0 4.187832648101207e-06 7.528831450403734e-05 1.2687718648025593e-06 5.109664119343937e-05 0.0 9.87876007816007e-07 2.3316851804993586e-06 6.659562102499483e-06 2.4864718114697524e-06 3.7903419672175738e-06 0.0003867461172319362 0.0004627171832000815 2.9944720236513664e-06 0.0 9.925478972141723e-07 1.7147155184778848e-07 0.0 0.0 9.15838879712444e-06 2.285391173900541e-06 4.150242931912651e-05 1.4402740515179833e-05 9.70523523389258e-05 2.52675793108409e-05 9.579713268896846e-08 0.0 0.0 1.0953335715635724e-07
3.2914940700455183e-06 3.4551683813647717e-06 5.4359433435151735e-05 1.5998291163169595e-07 5.706381865466535e-06 1.0577059658137558e-05 4.7922636725925506e-06 2.4815608296235132e-05 1.190336389038788e-06 7.047017965240243e-06 0.001663689882688101 1.078415413326058e-05 2.4524290240885956e-05 2.469885111855303e-05 3.859034726937696e-07 9.926073367322354e-08 0.0001316130626212428 0.0 0.0007383753796992053 1.61675476369741e-06 4.264597388910334e-06 2.8192841713302426e-07 3.144999656931766e-05 1.1750256720046114e-06 6.749088349488975e-05 0.0019757355812741115 0.0002875918312793176 1.9408409154457456e-06 3.4091430758932446e-05 9.212413070213506e-06 0.00012391847040623026 3.378638831266128e-05 3.739155972475533e-07 0.0004640829654963956 1.370045875219294e-06 0.00016107914882101132 0.00029095420369661736 0.0006493869570345051 0.00022975436831986068 2.8994430527882027e-06 1.6485880927285633e-06 1.2175569557483162e-05 1.2146793461658336e-06 0.0 4.863318263335469e-06 2.376075378330715e-07 1.5138087657238616e-07 0.0 6.346533889619617e-08 1.3193045589743763e-07 4.7318939107094857e-07 6.320481182525432e-08 0.0 7.416881715890544e-05 1.6992787329438064e-07 0.00013691658187252578 5.704633842594606e-07 0.0 7.016632563961908e-08 5.36624596613057e-07 3.850628837088514e-05 7.370077890754967e-06 0.0 9.503254432444816e-08 1.4153255434881113e-07 3.6163433401233745e-07 4.3462854849117407e-07 3.113563481253369e-05 0.0001607594134481864 0.00021529923476467343 5.895355947079031e-07 1.232701582934242e-07 9.880145881572058e-08 0.00012030472629123824 1.8713199068100668e-07 0.0 2.420208769083234e-06 3.0254533185061364e-07 1.3863840758160541e-06 1.038152561387877e-05 1.2633613853887603e-05 1.5428846257917502e-06 1.0174707807850881e-07 0.0 5.936752794414723e-07 0.0
1.6556817806512182e-05 7.500227220577547e-05 0.00030094515737533466 5.153260063409948e-07 7.48295492996331e-06 1.2867074872033375e-05 1.0767252479120182e-05 7.271852659188932e-05 7.027940394599873e-07 9.230033642370629e-06 0.000696221949729243 9.551754091846444e-06 4.560056192523225e-06 6.255707293156204e-05 2.4561723387002753e-07 9.803104419672998e-07 0.0016250696907965266 0.0007383753796992053 0.0 5.310756777167178e-07 1.8754139315948023e-05 1.1108792862184276e-06 0.00017146603416359077 3.487481371944593e-06 0.00013586186895563778 0.0029086144121720807 0.0009457334325986612 5.02048046141132e-06 7.62083299479273e-05 3.9600662075769304e-05 5.901555306831205e-06 3.1822670686557196e-05 1.6515133158465841e-06 0.0017961633741418613 1.2044837789867528e-06 7.29161665487306e-05 5.8176634808894924e-05 0.0007953238854288535 0.00013407509641489781 1.3438602788518846e-06 5.4363644612745e-07 6.493309321430451e-07 9.730343832042651e-07 0.0 3.739995451324053e-05 2.322349995026593e-06 0.0 0.0 0.0 2.9212830460789093e-07 6.493594583849146e-08 1.4949700072322882e-07 5.8354977290149586e-08 1.576907475055123e-05 0.0 1.6128215678318123e-05 3.48611568106933e-07 0.0 1.5479463817068028e-07 7.885207380359304e-06 2.2679240171484325e-05 7.08157182612373e-05 8.001715306753392e-08 4.129228719674886e-07 5.678464005380535e-07 2.5358499420437476e-06 8.343702925513757e-07 2.5356903075871322e-05 0.00034477749169093704 0.0002741425515698764 4.5376746355026524e-07 9.25874837959633e-08 2.007005177152464e-07 2.8055631600707175e-05 7.972107572896953e-08 0.0 5.04369124106838e-06 4.461008292502473e-07 1.1529046335467397e-05 2.0584259516096738e-05 2.20410486304384e-05 9.44628885566195e-06 0.0 0.0 1.1194444144183308e-07 0.0
1.1144371726950725e-06 0.0 3.1702651238873947e-06 0.0011117243465865873 1.6567788772248848e-06 5.291052313646408e-05 1.6653799172926598e-05 4.113338583382548e-05 0.0005443507603017988 0.0025157891609510472 2.0198993268124213e-06 0.002598372272669174 5.089533668041138e-07 1.7466518742738538e-05 2.471991369730567e-05 9.093608145594217e-08 5.995444816224595e-07 1.61675476369741e-06 5.310756777167178e-07 0.0 1.800110229738112e-07 7.551679453783738e-08 1.200074567353821e-06 0.0004925243507160358 6.50970068435402e-08 3.6259455378375616e-06 1.105681223553284e-06 0.0009932299893037715 1.5745567108906696e-05 5.883612589029984e-07 2.850737295425019e-07 6.714431466094795e-06 1.8211745644971957e-06 2.1742736417989624e-05 2.1692936756061247e-06 6.920739573646656e-05 3.9995104915599485e-06 5.250732103873166e-05 6.8830838736845505e-06 3.205532267968562e-05 8.777736067288957e-06 1.2100460794557074e-06 3.2551267465713057e-06 0.0 0.0 5.065702604516334e-07 4.64598135149625e-05 1.071521604313358e-06 7.801180936080687e-06 2.58293938458075e-05 2.558126686986901e-07 5.2921863624567676e-05 0.00010086170431189542 4.782220960692606e-08 5.939794872552837e-05 0.0 9.443035181347773e-07 1.2859892715891878e-05 0.0 0.0 7.266793288417486e-08 2.1310514099359668e-07 7.731800413159545e-05 4.03488551304875e-07 0.0 2.2920113559870028e-07 0.00012819709862691152 0.0 2.56777645049594e-07 0.0 4.549032601896979e-05 2.031938904004051e-06 2.491653264157443e-07 0.0 0.0 8.96656119795965e-08 3.761246864344275e-07 6.684789699273737e-07 1.1395135283926082e-05 3.142570676033702e-07 1.512127291478161e-06 3.5859440089635505e-07 4.317180055397081e-05 1.512103383320518e-07 6.351287822096512e-07 0.0
4.190898483612023e-05 6.675983352983511e-06 0.00035972707995551753 3.888260251694287e-07 1.625293492715732e-06 4.097646478293794e-06 0.00013962070344528002 0.00013613505430416076 2.967701258818176e-06 4.153700685371833e-06 1.9318467194805172e-05 9.45405070663408e-07 1.1206564133707445e-06 0.00010708187917353858 4.1371314103989263e-07 0.0020008543450801652 0.0002416579163002263 4.264597388910334e-06 1.8754139315948023e-05 1.800110229738112e-07 0.0 7.987659283498425e-05 0.005769664168437868 0.0003381813607194775 1.1540295591591815e-06 2.7132599616637593e-05 0.000214853435675469 0.0015998113006130182 0.00010650505524089828 0.004290231327157867 1.0034149206047397e-06 5.4789039134023935e-06 7.309814746587164e-06 0.0015648976879667714 6.248198745285592e-05 0.004211197507406393 0.0010474221197761945 0.00454931028661613 0.001992805246981373 0.00024107435210585608 1.2894857819775474e-05 3.0650227421727303e-06 5.060218066535448e-05 1.2549633959141703e-07 4.4360615622223224e-07 4.059956473103353e-06 0.0 0.0 0.0 2.5562109855890264e-06 2.213670780199705e-07 6.451278893736804e-07 7.993395239532739e-07 4.684865600357856e-07 0.0 0.0 5.794907935620746e-07 4.6965336132046813e-07 0.0005430027950896517 1.0362225283304584e-06 6.459357894124763e-08 3.970365676924306e-07 6.726960040266359e-08 9.518830260128519e-05 0.0002443034908599608 8.572907375545067e-05 5.7239876124861244e-05 0.0 1.7706417237945593e-06 4.0805358957836165e-05 2.9995580181274273e-05 7.911007955180482e-07 3.654204736268986e-05 1.196131082661267e-07 0.0 2.3436959903822866e-07 1.1491699165127466e-06 5.685123003953862e-06 1.350420213137373e-05 4.191447908484035e-06 3.400372462797826e-06 3.4239309317296516e-06 9.598542006571062e-08 0.0 0.0 0.0
1.9412233797928288e-07 0.0016903835891941676 0.00010791637517535297 1.074228373612945e-06 0.0 2.230642074293947e-07 4.020762404675678e-06 3.0800190796962597e-07 0.0018727099068032913 3.745369115578378e-07 3.109013453029854e-05 4.912210526071552e-06 0.00016823027587024454 5.823280840077675e-07 3.432653313496688e-05 0.0015028673441739426 6.786626392765601e-06 2.8192841713302426e-07 1.1108792862184276e-06 7.551679453783738e-08 7.987659283498425e-05 0.0 0.00023943379471033971 0.003764323106426651 0.0006160271193736552 2.6695529439275198e-05 0.0026418662604630913 0.00018046054130828584 3.642326468712118e-07 5.922529331337239e-06 1.2481602781346523e-05 6.796361763361053e-08 9.776832199957034e-08 2.7834686106036397e-05 5.609871746895646e-07 3.851130619118823e-05 3.4757148270476815e-05 4.277420043347193e-05 1.247034446394528e-05 1.3387108516565785e-05 9.66504241943218e-08 1.6345217050178263e-05 1.1201246010306015e-07 1.4374818542777277e-07 1.0600912313687691e-05 1.6032619004517543e-05 1.501897228108001e-07 0.0 1.6468106313422413e-07 1.0598392333369049e-05 6.935096812745169e-07 1.6755720504510744e-05 1.1318540339249586e-06 4.961250898378928e-08 6.459676007807916e-08 6.468289940224439e-07 7.97575406325162e-07 5.3502958973148615e-08 0.0008158377402089399 3.5644152944022715e-06 0.0 5.189800879374896e-07 6.232917673326997e-08 2.4218891093694602e-05 0.0002804506720647354 0.00023722416533996147 5.949936870427571e-05 1.0462037067396562e-06 1.0399158414269151e-05 0.0007027734022767484 2.8317679283415273e-05 9.901126447970177e-07 1.086677405183319e-05 7.848827412693373e-08 9.981883647853304e-08 7.52933539447266e-08 9.439396206606126e-07 1.2073903312422417e-06 2.8917954750576502e-05 7.89619935199802e-06 8.000070748820701e-06 4.840107403322796e-06 1.5339877612692446e-07 6.426973164891613e-08 0.0 2.6336597795333497e-07
3.5657443379194824e-05 2.6723347913650917e-05 0.006470331165117381 2.2021356897137115e-06 2.0572338576874404e-06 1.4629380008439033e-05 0.0005078523054609712 0.0002702326488767974 3.0254156648122287e-06 2.144906980447385e-05 4.396655049630548e-05 1.6398057585855946e-06 2.5395989047095134e-06 0.00016150770799676793 2.468166737131376e-07 0.0016730988521244695 0.0022070589655619134 3.144999656931766e-05 0.00017146603416359077 1.200074567353821e-06 0.005769664168437868 0.00023943379471033971 0.0 0.00020530938598033286 2.3822282358181816e-06 0.000569879175376751 0.004279664191861995 0.002296001364800991 7.683954774219882e-05 0.0014825597439354125 1.5853629131193454e-06 4.079508931223744e-06 1.9600592218484067e-06 0.0010611475162068445 8.72257800583625e-05 0.005383188881430761 0.0033461318336444495 0.004655044660424322 0.003633281189711319 0.00025609799837030694 1.7610150705592146e-05 8.005301851822328e-06 7.00764404110281e-05 1.1259941057268294e-06 7.505578229749074e-06 0.00014717122168485743 2.0952396557019198e-07 0.0 3.882679129105179e-07 5.46080011096212e-06 9.75472979360193e-06 9.619945101678502e-07 3.6334135377942337e-06 1.2337544305090658e-06 0.0 2.6258238785023694e-07 3.41142154364189e-06 0.0 0.0007818838933674512 1.1937222166633326e-05 7.377243020960553e-08 2.014206491016959e-06 1.6271839151837774e-07 2.337285025945806e-05 0.0003704631560174525 0.0005761794027999253 1.861829449717678e-05 3.560202041743522e-07 1.211590428269446e-05 0.0018959981735602882 7.433792974889844e-06 6.479236170613355e-07 8.605731989354133e-06 1.5655820748991743e-07 0.0 0.0 6.0383452304834545e-06 1.6715141743469228e-05 4.598440389363556e-05 2.720862328491539e-05 2.9685162344048514e-05 1.8254063306160168e-05 1.1417410261045793e-06 0.0 0.0 3.9358518548783303e-07
