0.0 5.9851102492307e-07 4.4301985781291545e-05 3.0347116841113064e-06 1.344436185828273e-07 7.163694320945264e-06 0.0015768659065907135 0.0008933096484664197 9.305845013103468e-07 4.4001222100905614e-05 8.558311044898641e-07 4.0544831813967246e-07 0.0 0.0030783442013762627 0.0 6.580070137074371e-07 1.5622824104196014e-05 0.0 4.014023519422518e-06 1.0291782719957104e-06 2.3018670865385568e-05 1.1204340332344632e-06 4.917738881102239e-05 1.9102415948294116e-05 1.6761100991679345e-07 1.358314930851453e-05 1.1201543743299946e-05 6.464110382216422e-05 0.0018464149082127932 0.002299573922594336 0.0 2.511423254774378e-06 1.4968134009831157e-05 4.042182925172191e-05 1.5518254231236377e-06 6.281686260288309e-05 2.315785078772729e-06 4.981387869497785e-05 1.553609284898871e-05 2.7161362547554176e-06 2.2309642125099364e-06 1.2157666500598464e-07 3.739250532981644e-07 0.0 8.702192945441023e-08 6.506966453682605e-08 1.112490891294994e-07 0.0 0.0 1.391464806666017e-06 3.939043438421947e-07 5.941450849046658e-07 8.052749770096666e-08 0.0 0.0 0.0 5.835144369314196e-07 0.0 5.206684588390116e-07 0.0 0.0 6.565377262525442e-08 0.0 2.384029979393927e-07 4.3369839259320774e-07 1.5954411079026363e-07 4.192990982208755e-06 0.0 3.943111604222515e-07 7.666409875989046e-07 2.5664509230463334e-06 2.6537658166239035e-07 9.684249876943017e-08 0.0 0.0 0.0 0.0 3.1288762112224156e-07 1.3174595489371989e-06 6.556716833848042e-08 2.4687809118483017e-07 2.308573549975235e-07 1.0687670855240224e-06 0.0 0.0 0.0
5.9851102492307e-07 0.0 4.67118995576157e-05 7.166587157048678e-08 1.4274286109003565e-07 9.176134825772302e-07 3.770838167277916e-06 8.781654354533969e-07 0.00034470957036441136 3.583024077726852e-07 5.8395064486106016e-05 0.0 0.0002402442881666402 2.502985648651768e-06 1.0964921821797391e-06 0.00016044692339472948 4.7108743564849196e-05 6.197702753372818e-06 1.493782083383105e-05 1.5937056799417485e-07 1.0807520131692384e-05 0.0010802925946945617 1.5415680574666444e-05 0.00048463051963698183 0.0008130983415756944 0.00016004141158785658 0.002300103908884041 2.59398836910152e-05 8.583595522098307e-06 4.940463638643415e-06 8.198934197470939e-06 1.257538505861693e-07 1.4446110459249727e-06 6.639554629506637e-05 0.0 3.7029631823583504e-05 4.913227407491627e-05 2.1097330916075722e-05 8.073363798927544e-06 1.1070547146958509e-05 3.87760809624503e-07 3.694246714497197e-05 9.136237822929136e-08 0.0 8.884926939087987e-05 4.6659207328062875e-05 0.0 0.0 0.0 3.764113121971269e-07 5.299080771136583e-08 1.0750431705948168e-06 0.0 9.989937219921139e-07 0.0 7.092016123789449e-06 1.1559876063990039e-07 0.0 1.8071833679668523e-06 1.160749999388785e-05 4.2334227682164433e-07 1.3126747829098706e-05 0.0 6.190640400741577e-07 1.0466711798881078e-05 2.2117908273588925e-06 2.6673466288993673e-06 6.739190800551604e-05 0.0001018846409127991 0.0003886584459980157 3.3070053083805136e-07 1.2756434312312901e-07 7.893523441711478e-08 5.54545246549026e-07 0.0 0.0 3.352633360627681e-06 2.3048378452724204e-07 4.588356379888383e-06 8.422060515379869e-06 1.3465822368929662e-05 2.0119697252790937e-06 5.545082155948012e-07 0.0 8.458802335491113e-07 0.0
4.4301985781291545e-05 4.67118995576157e-05 0.0 1.0206839338550478e-07 1.880736133540534e-07 2.2491812713486053e-05 4.0059448696637636e-05 0.00012215153017004505 5.945082267283678e-07 7.679212089756418e-07 2.049672907623432e-05 4.519573087402523e-08 1.7834286273367686e-06 5.919127386638833e-05 8.562081436481373e-08 5.273399219492274e-06 0.0012416229582068185 5.826399788820835e-06 0.00011370636079006235 2.2423189897501546e-07 0.0003666030724148711 1.1564500665155952e-05 0.007051595815182541 2.8689723822997456e-05 6.326328212414535e-06 0.0019138470053452026 0.0070027536272314495 7.845691384662684e-05 7.072981992460059e-05 0.0004892669925636941 4.6834926229049186e-07 3.9218225316729634e-07 5.575370599480092e-06 0.00012787232839512087 3.998791882654216e-06 0.00033097888203811394 0.0013144517521626886 0.0004895079122934985 0.00026670195805356627 5.258306976106121e-06 9.93211089403796e-07 2.776879309137163e-07 1.0029679486760915e-06 1.3639853138961143e-07 0.00015235268444883623 0.000504238038663557 0.0 8.172280396971745e-08 0.0 2.2637203655899602e-06 2.5696842777206504e-07 2.6974464263897278e-06 0.0 8.904979852534645e-07 0.0 2.3817428448649926e-06 5.537724246710656e-08 2.6340194069265297e-07 5.1808740900763215e-06 0.0001086994645138108 7.794878336250448e-07 4.136304493395496e-05 0.0 2.9235674324631414e-06 8.742324764911667e-05 3.261097005112998e-05 7.749195128250993e-06 2.055542787651089e-06 0.0003378036307387986 0.0010333594271053972 2.7243539966443817e-06 1.253186747718672e-07 1.7833335274743273e-06 2.51225527017424e-07 0.0 1.1546611945638136e-07 2.6767393522617277e-05 1.7306849591282962e-06 4.0772499918116285e-05 0.00013660443955584904 7.013860855934585e-05 2.030166177943161e-05 1.4444996504554036e-06 0.0 3.87547114958301e-07 1.4952819291662324e-07
3.0347116841113064e-06 7.166587157048678e-08 1.0206839338550478e-07 0.0 5.963610751976022e-07 6.945722607081139e-05 0.00047058129419045815 2.149191108951122e-05 0.0005302076178466681 0.001008555384411207 2.2119510328689918e-07 0.00162942103838246 0.0 2.0981201306160937e-05 1.3896571676669132e-05 0.0 5.121472654655376e-08 1.1102139776526814e-07 4.324458484560717e-08 0.0007920355376050176 2.817350361776885e-07 1.5788519720863225e-07 1.3627191072834895e-07 0.0009455180806117259 0.0 0.0 2.301930741479726e-07 0.0015106996755568742 4.8905413637603336e-05 1.4835191520175023e-06 0.0 5.911247338688648e-07 3.4366015032426397e-06 1.4437191595250867e-05 4.719677050148402e-06 0.00021790200278793182 4.711864083372083e-06 5.112645054637817e-05 2.3720111159662055e-05 0.00021067583638907045 5.540964254220145e-06 1.6563189307492077e-07 4.358411727935217e-06 5.792465957452831e-08 0.0 0.0 7.447136364424908e-05 0.0 2.9034040259477766e-06 5.285645153262613e-05 4.6178441165429435e-06 9.028526978922001e-05 3.406042884144863e-05 2.0686509053737766e-07 2.1880261743205595e-05 0.0 1.4559013543469688e-06 1.4072287425123907e-06 5.863850472358672e-07 0.0 0.0 0.0 3.694112684483525e-05 0.0 1.447391497440759e-07 0.0 0.00010568796994175695 0.0 0.0 7.661376078036599e-08 7.586214340310279e-05 1.3823789578592977e-06 7.743829862835372e-07 0.0 0.0 0.0 3.2200069551647975e-07 0.0 1.0622949247347553e-05 2.958760009151371e-07 4.737742496609488e-07 6.031966668679039e-07 2.4604957080427664e-05 0.0 0.0 0.0
1.344436185828273e-07 1.4274286109003565e-07 1.880736133540534e-07 5.963610751976022e-07 0.0 0.0002980974529283077 1.5518417006646822e-06 4.237979503688827e-05 4.7926239885883234e-05 2.5281619145290457e-06 7.648410885615342e-06 8.48940904921252e-05 3.2714582119068326e-07 5.723528168339193e-06 0.0006557331254114322 0.0 1.957787346461697e-07 1.0076769816822657e-06 2.996425019668325e-06 2.920002063826632e-06 2.3624312090115676e-07 1.628570104293089e-07 4.2219962866916453e-07 1.0907166229146818e-05 0.0 1.3158840825942862e-06 6.707182511958781e-07 9.741917356788866e-07 5.700669397495471e-05 7.695564650212037e-07 0.0 8.456417788641078e-06 0.0 0.00022061184472893842 3.6515885583284164e-06 3.481337897625875e-05 4.561309533681121e-06 0.0002229940919607828 0.00010827688798147899 0.0008746442331287863 3.6380168992340535e-05 4.733069297679521e-06 2.750402100085614e-06 0.0 0.0 0.0 0.0 0.0 0.0 9.370231540316312e-08 0.0 2.4439303819692726e-07 0.0 0.0 8.316978884478856e-08 0.0 0.0 0.0 0.0 0.0 0.0 0.0 0.0 4.510176827152706e-07 0.0 0.0 5.916661247033527e-07 0.0 0.0 0.0 6.404529051512851e-08 0.0 0.0 0.0 0.0 0.0 0.0 0.0 1.0858520088640782e-06 0.0 5.28959273518365e-07 1.2499025144372882e-07 0.0 0.0 1.4417033459515303e-07 0.0
7.163694320945264e-06 9.176134825772302e-07 2.2491812713486053e-05 6.945722607081139e-05 0.0002980974529283077 0.0 0.0027260684808342863 0.003343432041970859 2.36648416858983e-05 0.004888676978087067 1.4225198546334931e-05 0.0013713252358725004 3.738143262736768e-07 0.0006581811332813011 0.0006784800096500771 2.115693992627716e-07 6.407769429377045e-06 1.8801890383402477e-06 5.743573038765567e-06 0.00019352379823610165 1.5786575430913413e-05 1.944050131586667e-06 2.3507800134130648e-05 7.796198607875578e-05 2.1618732952743273e-07 9.40817773587012e-06 1.8421095570953985e-05 0.00029867853742735487 0.0005517882017849735 0.00013213193172278469 2.6042799690830445e-07 0.00036647352386478713 3.7337280429596682e-06 0.00023761818643299227 1.128391026891643e-05 0.0002626319129196509 1.2566837326167102e-05 0.00032977997989614495 0.0001603661450133299 0.0011124749680253261 0.0001747571614566167 6.045588518062698e-06 6.956521533393799e-06 0.0 3.6741382008726067e-07 2.063537706985268e-07 5.135971445271518e-06 0.0 2.816635351365454e-07 2.5939039449393473e-05 3.0992729238991287e-06 1.1014944331375436e-05 3.561329530003928e-06 7.784814398727425e-08 1.1819078290696644e-06 0.0 2.434246478057825e-06 0.0 1.3015398428041738e-06 6.641232681393601e-08 0.0 7.74650526910987e-08 2.1020882762564363e-06 1.813934125826543e-06 5.088514563412851e-07 6.272731508918295e-07 3.786135457096199e-05 6.414595021470245e-08 0.0 1.7463997461950783e-06 2.933822043945737e-05 6.609315422374652e-07 2.4294481218193413e-06 0.0 0.0 0.0 5.544252516238103e-07 2.962291476782586e-07 1.12070505248625e-05 5.950737583666527e-07 2.395587774245122e-06 4.5819503951622086e-07 4.426389842187943e-06 0.0 5.631037192853701e-07 1.5619008822912826e-07
0.0015768659065907135 3.770838167277916e-06 4.0059448696637636e-05 0.00047058129419045815 1.5518417006646822e-06 0.0027260684808342863 0.0 0.0024059072517739464 0.000172096711654377 0.0040742542353680205 1.9612934357624095e-06 3.816002666862105e-05 3.6892269484716427e-07 0.004816898079252879 7.676562721224463e-06 5.762051954641882e-06 6.1541646624215524e-06 4.442500195181412e-07 1.56875692928439e-06 7.172977173163829e-05 9.122474041878629e-05 2.2500077820128882e-05 8.709740735988544e-05 0.0018348556286547411 1.131610064646604e-06 1.1484519589693669e-05 0.00012611104534430937 0.010076234277560934 0.0007514465919882229 0.004288062528191788 0.0 6.618979444561438e-06 8.410326922633738e-05 0.00013447137210646505 2.8109249889817753e-05 0.0012394833421771135 3.741498484885833e-05 0.000384451336055559 0.00019092851996400933 0.00011783204011583088 3.1718552670989475e-05 7.743904566089782e-07 9.30572000935666e-06 1.1222548369884605e-06 1.0081368177002595e-06 1.2740829236053423e-06 3.6138774942035914e-05 1.9592264454914118e-07 5.628727430555445e-06 0.00014206162969267227 1.5220943665878432e-05 8.006157421684475e-05 1.587068609234293e-05 2.3840341345930834e-07 6.537453547350025e-06 1.948715417572153e-07 1.3430825551803453e-05 0.0 3.427377304370082e-06 3.9566908402322115e-07 0.0 0.0 1.59658060307193e-05 2.9453772056652923e-06 4.24388931292212e-06 4.3275876792318225e-06 0.0001988529783124278 1.605030584913245e-07 5.465251250286561e-07 1.1047235689297603e-05 0.00014148280881514665 4.743057127310165e-06 9.039648917770853e-06 0.0 3.806297832941513e-07 3.591590969258009e-07 1.8851052577061187e-06 3.92474293210296e-06 5.633777701162635e-05 1.3388515800954233e-06 1.021573571479217e-05 1.9787730623736757e-06 3.645529507890973e-05 3.087201550948671e-07 1.9605214675068847e-07 4.888563082926465e-07
0.0008933096484664197 8.781654354533969e-07 0.00012215153017004505 2.149191108951122e-05 4.237979503688827e-05 0.003343432041970859 0.0024059072517739464 0.0 9.37176191371533e-06 0.0013335848803983782 1.32390961671321e-05 0.0005220159633819756 6.862329292910923e-07 0.0033363388503954263 2.8956747195899593e-05 1.20346836710326e-06 4.4539053456300166e-05 2.372458102030807e-06 1.1762961508593519e-05 0.00010367759693756773 6.014236732870566e-05 3.2315481924506565e-06 0.00013627316638436894 9.175034511421143e-05 3.835370496815953e-07 3.681516317024122e-05 4.860888044225982e-05 0.00032655972969471825 0.0009762913601252866 0.0011607269471749027 6.386419157970346e-08 0.0005763493097758591 1.3872018211914168e-05 0.00020739018015070217 1.0610587091753493e-05 0.0002503176761165509 1.4557491363039439e-05 0.0003552138480000452 0.00014627097850159994 0.00035734028710283336 9.482285254856794e-05 4.5487719564183105e-06 7.419728623814707e-06 6.2803279807855e-07 6.995546965147738e-08 3.2857959072582734e-07 4.108923995535591e-06 6.383959460730344e-08 3.908154049211812e-07 3.188682086178509e-05 4.430785302186443e-06 1.1135132030732838e-05 1.2558773114370462e-06 3.183868058967727e-07 1.1159243504243574e-07 0.0 2.3406888674652983e-06 1.138543809347423e-07 3.2920911875425637e-06 4.3199303562795724e-07 0.0 8.180729904126725e-08 3.0533588584543467e-06 3.483407635748141e-06 1.1755903952507387e-06 1.7010678151191252e-06 5.252155355961201e-05 0.0 3.5320924467054604e-07 4.845492835784612e-06 2.9318295983992652e-05 2.6575162000193914e-06 4.383933123751156e-06 0.0 6.603327780389677e-08 0.0 2.025963844375036e-06 1.575044305657241e-06 1.531881285564474e-05 1.2914401705683981e-06 1.8224093274684801e-06 2.419259058603445e-06 5.955377997171843e-06 2.9751152795194894e-07 3.828554073260022e-07 5.950061821821045e-07
9.305845013103468e-07 0.00034470957036441136 5.945082267283678e-07 0.0005302076178466681 4.7926239885883234e-05 2.36648416858983e-05 0.000172096711654377 9.37176191371533e-06 0.0 0.00017311931594965452 1.1589000843998249e-05 0.00013376170245380808 2.7093938786550697e-05 7.025320836945975e-06 0.00025672198681234805 6.084351372845572e-06 3.3784395501806114e-07 1.015894470646064e-06 1.949374472807112e-06 0.0005375674154187971 2.113853948495014e-06 0.001150410009222506 2.4227591544810255e-06 0.004664965890121321 0.0001294709194601408 1.5919136613299098e-05 6.643221101816716e-05 0.0004694273208168504 8.657933186726635e-06 1.0888598337810296e-05 4.961496177326762e-07 1.0737109821294946e-06 2.0596579659168994e-06 1.02343326744567e-05 1.8728929693059952e-07 4.748171038857311e-05 1.6777935464906743e-06 1.187529303613641e-05 3.8624071808513645e-06 0.00021259056023155597 2.796050467643442e-06 5.0124079266234914e-06 0.0 1.925355461510655e-06 9.920811159637003e-06 4.713197554529319e-06 9.305472002681768e-05 1.3703145855161157e-07 4.109785458651217e-06 0.00011514480256663395 9.885169586580757e-06 0.0001366189108679525 2.6743486028736457e-05 1.474442973081864e-07 2.806273122934609e-05 3.1856254372198127e-07 7.189297768394982e-06 1.4007475622310407e-06 5.0553490961167556e-05 9.452929668891594e-07 0.0 2.628656038449656e-07 5.5978890563513056e-05 1.713821308724731e-05 8.091304420496045e-05 1.803795750620534e-05 0.00045193989708727946 1.0263822565491694e-06 2.7841840905400822e-06 3.514470918236381e-05 0.00017273536819918493 5.114388577558976e-06 7.394962114772539e-06 4.951074712015416e-08 4.457924113790695e-07 5.656584667060869e-07 2.188063167787661e-06 8.518609652572308e-07 1.866938240563208e-05 7.368574910947944e-07 5.870457419678849e-06 1.2146339201870928e-06 1.77704808236578e-05 3.335843745485092e-07 3.7127437045865403e-07 9.205258390836412e-08
4.4001222100905614e-05 3.583024077726852e-07 7.679212089756418e-07 0.001008555384411207 2.5281619145290457e-06 0.004888676978087067 0.0040742542353680205 0.0013335848803983782 0.00017311931594965452 0.0 3.1521479415661645e-06 0.0013276293325980898 1.9023366653660142e-07 0.0008165737081693977 9.191190760847562e-06 2.0816142686040997e-07 3.049061836027176e-07 3.059732793948764e-07 1.227301094498388e-06 0.0014071924866383043 3.951311257445585e-06 2.297544612613245e-06 1.955759157621087e-06 0.0003350323734502528 1.8576575251106402e-07 1.120914442004804e-06 6.287616173007436e-06 0.001604087850370225 0.0003060326309227422 1.592420208561207e-05 0.0 1.1148776196245884e-05 1.0579526607701557e-05 8.344818222915567e-05 1.1336933455565568e-05 0.0006255119353178393 1.5196854612377056e-05 0.00023321175529052992 7.309215852235271e-05 0.000284196597372287 5.344431666180166e-05 9.198397027898295e-07 1.547406652006215e-05 0.0 1.5455108347128302e-07 0.0 5.230077547120918e-05 2.6110259800793503e-07 2.27973540644451e-06 6.535191229748057e-05 7.260523224987013e-06 7.304677798899619e-05 2.1812725611164043e-05 0.0 1.805627758507737e-05 0.0 4.40354738456578e-06 6.786461543940912e-07 2.3713849857163919e-07 0.0 0.0 5.8510705250389565e-08 3.193846807681606e-05 0.0 1.0134654450989659e-06 0.0 0.0001336834741407136 0.0 0.0 3.514828768504287e-07 7.894400989512713e-05 9.09036347576847e-07 2.1899540318126595e-06 0.0 0.0 0.0 4.6735694653359334e-07 3.252668491650108e-07 2.3330943824156012e-05 2.0429902019895845e-07 2.25715397211025e-06 1.2740881266373302e-06 1.8861448262071675e-05 0.0 1.8891842405740562e-07 1.5426969970751229e-07
8.558311044898641e-07 5.8395064486106016e-05 2.049672907623432e-05 2.2119510328689918e-07 7.648410885615342e-06 1.4225198546334931e-05 1.9612934357624095e-06 1.32390961671321e-05 1.1589000843998249e-05 3.1521479415661645e-06 0.0 2.4953165601627747e-06 0.0013404611905092315 1.3498888549548516e-05 6.086703739484748e-07 3.0102216222756523e-06 0.0003209097045289263 0.0027028229477791777 0.00125943785594605 6.926302468138073e-07 8.507425419158351e-06 2.100141378467504e-05 4.476579015449212e-05 1.3011230573593573e-05 0.0004601775647460157 0.0035103403933928632 0.0009000670150845552 1.8527195586970082e-06 5.6778046598760906e-05 1.3832435906692365e-05 0.0005794705156159006 3.543699666747321e-05 4.25561975178176e-07 0.0027698582380979025 1.9709648334277e-06 0.0002624232118814652 0.0024210791696225122 0.0026833479217671396 0.0003928964908923447 5.2809293075364304e-06 4.566907394950933e-05 0.0005754720485569075 2.1643423191298303e-06 0.0 3.865301873244838e-06 2.5864293690009697e-07 0.0 0.0 3.102928573270362e-07 4.779390464245171e-08 0.0 4.981108085034037e-07 0.0 0.00013233233950285325 0.0 0.0005626375805845144 0.0 0.0 1.1304353898449711e-07 3.082236042791063e-07 4.950950367680648e-06 9.869240472534857e-07 0.0 0.0 0.0 5.988923863917704e-07 2.397442329959227e-07 4.339857537012959e-05 3.6913700538614555e-05 9.858489272297728e-05 1.5005455728633426e-07 1.1007635643182006e-07 0.0 3.1037081730911204e-05 0.0 0.0 6.743172317803493e-07 1.7996133764612286e-06 3.894929933684837e-06 0.00017115666602202824 3.6322213421697495e-06 1.330545084055774e-06 4.7401480407648295e-07 2.7304246342159964e-07 0.00018875127319514676 1.0219117048754719e-07
4.0544831813967246e-07 0.0 4.519573087402523e-08 0.00162942103838246 8.48940904921252e-05 0.0013713252358725004 3.816002666862105e-05 0.0005220159633819756 0.00013376170245380808 0.0013276293325980898 2.4953165601627747e-06 0.0 7.521166108923016e-08 0.00023348668503637556 0.0006637954111061521 0.0 1.5483658178552312e-07 2.1999443590793188e-07 8.963083628291959e-07 0.0017651192437892953 6.536922729690788e-08 7.820701679549463e-07 1.273251301142792e-07 0.00014320278645384426 1.6804461849837003e-07 4.578296439486284e-07 1.8646846443629464e-07 0.00036867832836610974 0.0001342935338461488 1.9643465225411333e-06 0.0 1.484892834662926e-05 3.198953193350105e-07 5.508189174659614e-05 1.5352244811218932e-06 0.00033003467096765567 4.025289027628676e-06 0.00010278094151172903 1.5676956394797488e-05 0.0009147558093317958 3.353974481867886e-05 5.267398732522076e-07 2.9546907864849307e-06 0.0 0.0 0.0 2.5420687486985262e-05 0.0 1.1497412761673885e-06 2.635554896188685e-05 1.9632916394212788e-06 3.291335479665305e-05 1.1733715586463798e-05 1.7020893527657463e-06 1.3296613666870992e-05 0.0 0.0 1.4466395960872496e-06 0.0 1.170994650136358e-07 0.0 0.0 2.3161452586620752e-05 1.190094257919765e-06 0.0 3.479503071881331e-07 3.524592342939742e-05 0.0 0.0 0.0 2.61358564960446e-05 9.73998884756281e-07 1.8730117176714641e-06 0.0 1.2342472596314697e-07 0.0 2.0319959966727206e-07 1.2407884464084686e-07 1.451791926063817e-05 0.0 4.3745527526215925e-07 0.0 2.895197645366942e-05 0.0 0.0 0.0
0.0 0.0002402442881666402 1.7834286273367686e-06 0.0 3.2714582119068326e-07 3.738143262736768e-07 3.6892269484716427e-07 6.862329292910923e-07 2.7093938786550697e-05 1.9023366653660142e-07 0.0013404611905092315 7.521166108923016e-08 0.0 4.264281083763319e-07 7.349564513483827e-08 9.30246067113805e-06 2.062264057146328e-06 7.630813580602389e-05 3.36369150181331e-06 0.0 8.426668825455176e-07 5.790148145811165e-05 2.3885089995441672e-06 2.7172156264511727e-05 0.002758101658939082 0.0008716433163749618 0.0021751173613532245 1.945603191469778e-06 2.4509088582923202e-06 4.919135231714019e-07 0.0007181923990181059 9.861214073050543e-07 0.0 0.0005222491116382805 5.289865894363003e-07 2.246207951295782e-05 0.0009226494009323227 0.00024475555725112256 3.871056867435633e-05 9.851914059859457e-07 3.2026237517565736e-06 0.0005422714404750678 8.907865548018642e-07 0.0 1.0189658262998628e-05 2.223581796630597e-07 0.0 0.0 0.0 7.255493966137994e-08 0.0 8.333109186944804e-08 0.0 0.00024597352773751783 4.6705513454614185e-08 0.0011043047031935194 0.0 0.0 5.782330433074766e-08 3.842876141449417e-07 6.489090330741362e-06 1.3960059109114853e-06 0.0 0.0 8.2612703100442e-08 4.699932668368877e-08 1.5975158169077197e-07 0.00013489464722713854 7.224554468839248e-05 0.0002228991857938535 0.0 0.0 0.0 7.570106506632124e-05 0.0 0.0 4.614758266922172e-07 1.4781371438591932e-06 2.515007123080177e-06 0.00023396641044356624 3.374131981677319e-06 6.7362144368154e-07 6.974210469129547e-08 7.897069452539744e-07 0.000304993712240643 0.0
0.0030783442013762627 2.502985648651768e-06 5.919127386638833e-05 2.0981201306160937e-05 5.723528168339193e-06 0.0006581811332813011 0.004816898079252879 0.0033363388503954263 7.025320836945975e-06 0.0008165737081693977 1.3498888549548516e-05 0.00023348668503637556 4.264281083763319e-07 0.0 1.476813445549713e-05 2.3005652527063787e-06 2.4913760380154356e-05 2.1530769193201717e-06 1.051493514787291e-05 5.8348736738969525e-05 3.339615202063434e-05 4.314973650821048e-06 6.245764776305735e-05 7.075597609031901e-05 3.2993440244395016e-07 2.1644488977299425e-05 2.3405773807620082e-05 0.00020385766233354906 0.004121873245561972 0.0012592133002802797 2.609793918364145e-07 0.000339973965708735 1.8605533637970986e-05 0.0003739708201295469 6.45804069085592e-06 0.0002412198119688384 1.298183194337832e-05 0.00038613973900882546 0.0001257641290855305 0.0001880493450443571 3.8444593202032864e-05 1.531348344237141e-06 4.640116458258186e-06 6.96447736675678e-08 2.575860439284765e-07 5.113556458279134e-07 1.2578185166031335e-06 0.0 1.8966621718357533e-06 1.7727886071311635e-05 2.4144460914200997e-06 9.072212644481229e-06 6.020320458416221e-07 1.1092313182173015e-07 5.121080439987139e-07 0.0 2.4352245216089243e-06 0.0 1.625792733044504e-06 0.0 0.0 0.0 6.696173808610076e-07 3.2280676034265086e-06 8.261651865723297e-07 9.898750380790137e-07 4.263945646278343e-05 0.0 7.291971104579475e-07 1.3695053514472834e-06 2.5483606013951647e-05 2.7263003596772488e-06 2.4551051306895007e-06 0.0 2.674951731837866e-07 3.3407606107134404e-07 1.2814539262365626e-06 5.618837076477194e-07 1.2908840165822978e-05 2.890716319532822e-07 1.8125902711879354e-06 1.3743568535862866e-06 5.5217118706033925e-06 0.0 9.718914174256707e-08 0.0
0.0 1.0964921821797391e-06 8.562081436481373e-08 1.3896571676669132e-05 0.0006557331254114322 0.0006784800096500771 7.676562721224463e-06 2.8956747195899593e-05 0.00025672198681234805 9.191190760847562e-06 6.086703739484748e-07 0.0006637954111061521 7.349564513483827e-08 1.476813445549713e-05 0.0 0.0 0.0 0.0 1.3559800065640423e-07 5.223262168236254e-05 0.0 5.5493700324205174e-06 7.044807754456006e-08 0.0002466389733932724 1.0075306328580501e-06 1.8457462402407414e-07 1.389431392210815e-07 1.1207739745940034e-05 8.200366684314173e-06 1.3252080017300877e-07 0.0 4.274890777338208e-05 9.767907585532274e-08 3.83005237484468e-06 0.0 3.598065665622066e-05 0.0 6.259205332995223e-06 2.0875880448701514e-06 0.0009072209168024826 2.7794610382532744e-05 0.0 1.2764744710626543e-07 7.881495043456653e-07 0.0 0.0 1.32558811212252e-06 0.0 2.1345534479659415e-07 3.5441255240758627e-06 0.0 2.5590569403571674e-06 6.933107871383201e-07 0.0 1.1502684806099728e-06 0.0 2.559624901883655e-07 0.0 0.0 7.530854949391728e-08 0.0 0.0 7.298191708708483e-07 1.5117958649108492e-07 0.0 0.0 2.5522889519705388e-06 0.0 0.0 0.0 2.139936860762226e-06 0.0 5.645520591166879e-07 0.0 0.0 0.0 0.0 0.0 1.350554355265025e-07 0.0 3.219080210257202e-07 0.0 1.6737100651679962e-06 2.467375325403091e-07 0.0 2.0824197900928154e-07
6.580070137074371e-07 0.00016044692339472948 5.273399219492274e-06 0.0 0.0 2.115693992627716e-07 5.762051954641882e-06 1.20346836710326e-06 6.084351372845572e-06 2.0816142686040997e-07 3.0102216222756523e-06 0.0 9.30246067113805e-06 2.3005652527063787e-06 0.0 0.0 4.184007107409168e-06 4.429473465163948e-07 2.345327745353535e-06 0.0 0.0010053617214367627 0.001876949963514891 0.0020174594056001183 0.0006477952856822315 3.220959665550602e-05 8.678158871547617e-06 0.0017539106043614405 0.0008813314221638092 9.444497234185326e-06 1.2003764432136348e-05 3.6666488608793125e-07 2.0129230453952096e-07 1.4873892096652271e-06 4.289090606794842e-05 3.243091032649756e-05 0.001099685273376197 0.0002789716887172245 0.00023097686726925796 0.0004349332106507408 2.851689382874145e-05 1.388722492652057e-06 5.35044413638341e-06 3.3391053871293213e-06 4.685038063417402e-06 8.607726886366748e-06 8.929442910092302e-06 0.0 0.0 1.473641651957513e-07 1.1609679910728979e-05 2.1951853281876384e-06 4.629753181091206e-05 0.0 3.2911160977960826e-06 7.195049819620813e-08 0.0 6.74649646809591e-06 8.678622126571876e-08 0.0013003914211469944 2.2469823878299364e-06 0.0 6.138138194769323e-07 0.0 0.000233686316828485 0.0005987928872302879 0.0006012424365345152 0.00015152660311598947 4.6000531977670186e-07 4.037818836475672e-06 0.0003005618860926835 7.20256568197933e-05 1.1788182537708666e-05 1.857764316890535e-05 0.0 0.0 3.3977982978627373e-06 5.97169488614601e-06 5.400879279820332e-06 0.0003509392528628687 8.129664575055946e-06 1.81395483317121e-05 8.538323574935402e-06 5.269597334209846e-06 4.5230715844317327e-07 0.0 1.0770723530700083e-06
1.5622824104196014e-05 4.7108743564849196e-05 0.0012416229582068185 5.121472654655376e-08 1.957787346461697e-07 6.407769429377045e-06 6.1541646624215524e-06 4.4539053456300166e-05 3.3784395501806114e-07 3.049061836027176e-07 0.0003209097045289263 1.5483658178552312e-07 2.062264057146328e-06 2.4913760380154356e-05 0.0 4.184007107409168e-06 0.0 0.00011724577791796145 0.002709407422309929 2.0808111408714194e-07 0.0003944142861738103 4.23156959907423e-06 0.004675794854115764 9.77724771897783e-06 1.7060024067883987e-05 0.0018843081745913337 0.0037895775584571786 1.783109915883355e-05 3.735281298408131e-05 0.00034674758337400395 3.6355144504145495e-07 1.2590931284610091e-06 3.871892217834471e-06 0.0016936451593200998 9.476194507024564e-06 0.0006195082714585104 0.0010554920268308317 0.0018410725618188569 0.00045471784947208235 7.470248054563218e-06 2.3988636113142965e-06 5.059083802668468e-06 1.858680440296112e-06 5.435778242006403e-08 6.344684257245178e-05 4.277593444429083e-05 0.0 0.0 0.0 4.842778885521418e-07 1.10184911009792e-07 1.6789418222280988e-07 0.0 1.466503579854678e-06 0.0 9.981483964053872e-07 1.021212818443378e-07 0.0 7.986027840296855e-07 2.7299968271054164e-05 3.2546191453777564e-06 7.106502162912355e-05 0.0 4.120496017427378e-07 1.9098934460482325e-06 1.340570576953558e-06 1.009667213681883e-06 4.401290582990691e-06 0.00044906821875211994 0.0005294074218283026 1.0535668747076046e-06 0.0 4.2749535321367784e-07 6.426255187782406e-07 0.0 0.0 9.742706103919244e-06 2.6055814361737316e-06 1.560975624222342e-05 2.5262116632234025e-05 2.987753053990142e-05 7.153584739462802e-06 4.6833496750208823e-07 5.434393928374267e-08 3.2307040185767403e-07 7.813520953423976e-07
0.0 6.197702753372818e-06 5.826399788820835e-06 1.1102139776526814e-07 1.0076769816822657e-06 1.8801890383402477e-06 4.442500195181412e-07 2.372458102030807e-06 1.015894470646064e-06 3.059732793948764e-07 0.0027028229477791777 2.1999443590793188e-07 7.630813580602389e-05 2.1530769193201717e-06 0.0 4.429473465163948e-07 0.00011724577791796145 0.0 0.0009197695087756144 2.1023180452202458e-07 2.266669531741076e-06 1.980889093027766e-06 1.673170755094652e-05 1.3237059424001052e-06 2.7897821306641194e-05 0.0019262029872617846 0.0003586726798007107 1.893940904808827e-07 6.378984996311943e-06 4.062992812476893e-06 3.946922346402277e-05 4.7417285249623755e-06 1.1615732780307672e-07 0.0004076191786700378 1.2711169514802456e-06 0.00019009797374320607 0.0007868685036206775 0.0007072862885031186 0.000128376631335606 2.099519337927295e-06 3.001873230988852e-06 1.695947364553132e-05 3.4519266861902203e-07 0.0 1.6178404451503694e-06 1.2878731308191843e-07 0.0 0.0 0.0 0.0 0.0 2.0628654228608197e-07 0.0 6.28528623992719e-06 0.0 3.09757715234602e-05 0.0 0.0 0.0 1.9212070055194226e-07 9.889629077294962e-06 4.0981738404213785e-06 0.0 1.5294700948548e-07 1.2760288711182933e-07 0.0 2.0002386224908925e-07 1.3521455083880585e-05 5.214210518525204e-05 0.00012596369002246138 0.0 0.0 0.0 1.725843603353321e-05 5.6158532821609316e-08 0.0 1.7781679329277556e-07 2.931421644107613e-07 5.278782794883308e-06 3.122280128844729e-05 6.706442118700329e-07 1.809011208460292e-07 5.82889951146837e-07 0.0 6.396998204693196e-07 0.0
4.014023519422518e-06 1.493782083383105e-05 0.00011370636079006235 4.324458484560717e-08 2.996425019668325e-06 5.743573038765567e-06 1.56875692928439e-06 1.1762961508593519e-05 1.949374472807112e-06 1.227301094498388e-06 0.00125943785594605 8.963083628291959e-07 3.36369150181331e-06 1.051493514787291e-05 1.3559800065640423e-07 2.345327745353535e-06 0.002709407422309929 0.0009197695087756144 0.0 2.761857451211511e-07 3.8611226556819346e-05 5.0367701889859485e-06 0.00022510745779532302 5.036565897716099e-06 3.072360454122686e-05 0.0021994911898886786 0.0006958360825345126 2.645333354818511e-06 2.819954135579479e-05 7.723932090975669e-05 2.2801538937143725e-06 1.0664229497923937e-05 1.6977709626785627e-06 0.0022548610000775156 6.556186982724261e-06 0.000813881532717019 0.0010696362422302622 0.0019216859480193442 0.0004055148934812724 6.3342963261976315e-06 5.927244837376322e-06 5.362846665157103e-06 2.4977002759729805e-06 0.0 2.859153470096216e-05 2.882354243187929e-06 0.0 0.0 0.0 9.406154140331184e-08 0.0 2.807658450074018e-07 1.852544959035047e-07 2.673515247873708e-06 0.0 8.363696226701507e-06 0.0 0.0 2.878248237975909e-07 2.264781639586779e-06 1.93652354203954e-05 2.842956662312812e-05 0.0 5.12755460159513e-08 5.276908086453293e-07 3.903337812067392e-07 6.874199341945712e-08 2.4094792612768476e-05 0.00022474415716623237 0.00037132093695811425 3.4787148486673656e-07 0.0 0.0 6.092044484708818e-06 0.0 0.0 1.3010216939858391e-06 2.935354991761626e-06 1.2799294608984315e-05 2.087904543228362e-05 4.420140964638583e-06 2.8330094782080064e-06 1.9213009220534083e-06 0.0 9.52638573123794e-08 0.0
1.0291782719957104e-06 1.5937056799417485e-07 2.2423189897501546e-07 0.0007920355376050176 2.920002063826632e-06 0.00019352379823610165 7.172977173163829e-05 0.00010367759693756773 0.0005375674154187971 0.0014071924866383043 6.926302468138073e-07 0.0017651192437892953 0.0 5.8348736738969525e-05 5.223262168236254e-05 0.0 2.0808111408714194e-07 2.1023180452202458e-07 2.761857451211511e-07 0.0 1.103953582975225e-07 1.4168338466850464e-07 2.741007429651126e-07 0.0003042139138962115 0.0 2.2841204287633895e-07 9.521943281356802e-08 0.00033540202019758606 6.504718788577488e-05 8.420690713329137e-07 0.0 2.2234358859089013e-06 3.1722145319411757e-07 1.835299275104483e-05 2.3578592749949645e-06 0.00018836878979557487 2.474175209459769e-06 5.532789218293819e-05 1.4230966717023571e-05 0.0005073247446211924 1.4001032742125633e-05 1.2044821047184203e-06 3.7926166319577247e-06 3.0509358308469013e-07 0.0 0.0 4.250479941600913e-05 7.760483901055911e-08 1.5831881933977133e-06 3.491557559818693e-05 1.8463479266282109e-06 6.122827535597753e-05 1.5339463377963868e-05 0.0 1.5667535067857108e-05 0.0 2.580175658774331e-06 4.0545431156280404e-07 1.2003071412664801e-07 0.0 0.0 0.0 2.666682861126582e-05 2.841390763315958e-07 0.0 0.0 6.670479346490994e-05 0.0 0.0 0.0 4.841052229998924e-05 8.193078794699132e-07 2.763427664840706e-07 0.0 5.948040227100835e-08 0.0 3.576965165043293e-07 3.492214819736625e-07 8.155113074225802e-06 1.9168383555885248e-07 1.63771432461492e-06 6.799722816884694e-08 1.4259309886004303e-05 0.0 0.0 1.2892421334457322e-07
2.3018670865385568e-05 1.0807520131692384e-05 0.0003666030724148711 2.817350361776885e-07 2.3624312090115676e-07 1.5786575430913413e-05 9.122474041878629e-05 6.014236732870566e-05 2.113853948495014e-06 3.951311257445585e-06 8.507425419158351e-06 6.536922729690788e-08 8.426668825455176e-07 3.339615202063434e-05 0.0 0.0010053617214367627 0.0003944142861738103 2.266669531741076e-06 3.8611226556819346e-05 1.103953582975225e-07 0.0 5.3121011897678496e-05 0.008601600129163106 0.00011026457669208871 4.370617106058482e-06 5.149869661467617e-05 0.0016895555962311434 0.0013692332212623531 0.00013055689070063804 0.0068743497742647965 1.9348369620579576e-07 1.8291581387076956e-06 2.2029925711771183e-05 0.0012743454517799167 0.00011447502241487898 0.0027804321458194782 0.0004856284996032927 0.002577355875200193 0.002032411969712871 4.6618982240630635e-05 6.152365845090919e-06 1.4034427824823827e-06 8.264676597784294e-06 1.7143328819404001e-06 2.332832189800458e-07 2.0334660745187578e-06 0.0 0.0 0.0 6.741770751061818e-06 1.7058509822980822e-06 1.907799687261623e-05 0.0 8.161003547781806e-07 0.0 8.005105895242901e-08 5.218194133249364e-06 0.0 0.00014170668057126784 6.057778585180373e-07 0.0 5.38414894401354e-07 0.0 9.584313815238558e-05 6.438021808490356e-05 3.676588793709937e-05 9.108083771966549e-05 0.0 2.94121221920785e-06 2.0256165103742127e-05 4.197294696764828e-05 8.470617594611804e-06 9.769198199423429e-06 0.0 0.0 1.9529287985502106e-06 1.7722969662251885e-06 1.311973194695021e-05 5.686804042601573e-05 5.051313562179131e-07 5.231197526403737e-06 4.546046249651415e-06 2.026752876046229e-06 3.62775226739836e-07 0.0 7.27533820367639e-07
1.1204340332344632e-06 0.0010802925946945617 1.1564500665155952e-05 1.5788519720863225e-07 1.628570104293089e-07 1.944050131586667e-06 2.2500077820128882e-05 3.2315481924506565e-06 0.001150410009222506 2.297544612613245e-06 2.100141378467504e-05 7.820701679549463e-07 5.790148145811165e-05 4.314973650821048e-06 5.5493700324205174e-06 0.001876949963514891 4.23156959907423e-06 1.980889093027766e-06 5.0367701889859485e-06 1.4168338466850464e-07 5.3121011897678496e-05 0.0 0.00013221333947232786 0.0027885890511665963 0.00032291205873945223 3.7549724579579336e-05 0.0019640370632574055 0.00015127600777460593 1.2815527915224141e-05 1.0694653450630262e-05 2.3076831720933035e-06 1.0389156831293447e-07 1.6649029398942833e-07 1.8460721365754795e-05 9.355664044385413e-07 3.7846271125758403e-05 1.112536593969198e-05 2.1140645836700106e-05 1.3652745768958863e-05 2.9169629222576e-05 1.9952598718942326e-06 8.96719583017055e-06 2.856708092033827e-07 9.994879784152966e-07 0.00011003319334759269 4.76821454574605e-05 1.3938206374766636e-07 8.056435251087933e-08 3.4613093968775693e-07 1.0120950649335673e-05 5.880767778577958e-07 4.376866312410556e-05 2.1795248974489564e-07 6.067811087718476e-07 1.6370933662331e-07 1.7356713787773133e-06 2.9644580879533685e-06 3.1760154552046684e-07 0.0005040334543257046 7.971111425066328e-06 5.783233737239292e-08 2.5006883022692537e-06 4.7429191972807624e-07 8.340575817871399e-05 0.00031372762369108773 0.00020046007003420103 0.00011681792925990637 1.3053379558884111e-05 1.957877273101188e-05 0.0007616962378361986 3.8097121361511116e-05 5.033374022769017e-06 5.8050811691920625e-06 1.0577668280692561e-07 0.0 1.0601485972589875e-06 4.156303906846399e-06 0.0 4.783112348394267e-05 1.0819527744918388e-05 1.842398489772072e-05 6.318699605501676e-06 6.1621127454348e-06 0.0 2.6241478280253393e-07 0.0
4.917738881102239e-05 1.5415680574666444e-05 0.007051595815182541 1.3627191072834895e-07 4.2219962866916453e-07 2.3507800134130648e-05 8.709740735988544e-05 0.00013627316638436894 2.4227591544810255e-06 1.955759157621087e-06 4.476579015449212e-05 1.273251301142792e-07 2.3885089995441672e-06 6.245764776305735e-05 7.044807754456006e-08 0.0020174594056001183 0.004675794854115764 1.673170755094652e-05 0.00022510745779532302 2.741007429651126e-07 0.008601600129163106 0.00013221333947232786 0.0 0.0001623170036781106 3.3381929821753378e-06 0.001154998675232479 0.009713165756106684 0.0007998052832056189 8.394557098599167e-05 0.0015443542460252574 8.272710657287924e-08 4.394553898609884e-06 1.1454465978145241e-05 0.0020173263820840786 0.00011951377374862468 0.004053193726620961 0.004118117766946107 0.005027619102274291 0.004068308717536502 6.893334012383568e-05 1.4426309900984212e-05 6.2864666552267886e-06 1.4958292583222976e-05 9.255860767489833e-07 1.9363404309940884e-05 0.00012722100343847485 0.0 0.0 0.0 9.551396520825318e-06 5.277619122326399e-07 1.0384656696408358e-05 6.225770125526035e-08 1.3920354916545607e-06 0.0 5.663981779698965e-08 2.364602892235234e-06 9.009145636892803e-08 0.0005693804616273736 1.864655806377494e-05 0.0 4.638781460516912e-06 2.0685646398260647e-07 6.365570381614755e-05 0.0003233256871362137 0.0003885156057878359 4.07273471438718e-05 5.16236275009702e-07 3.394092361097013e-05 0.0007677309435805462 2.365603695438062e-05 4.354131059829944e-06 8.676108777581018e-06 0.0 0.0 1.1305205804607274e-06 9.242869514743434e-06 3.045149131131583e-05 0.00021057441331618016 2.647110511366931e-05 3.767102358695123e-05 1.9108143637406623e-05 4.022558506250584e-06 2.217600342279146e-07 7.190125005315813e-07 2.2867568845623085e-06
1.9102415948294116e-05 0.00048463051963698183 2.8689723822997456e-05 0.0009455180806117259 1.0907166229146818e-05 7.796198607875578e-05 0.0018348556286547411 9.175034511421143e-05 0.004664965890121321 0.0003350323734502528 1.3011230573593573e-05 0.00014320278645384426 2.7172156264511727e-05 7.075597609031901e-05 0.0002466389733932724 0.0006477952856822315 9.77724771897783e-06 1.3237059424001052e-06 5.036565897716099e-06 0.0003042139138962115 0.00011026457669208871 0.0027885890511665963 0.0001623170036781106 0.0 0.00013222457370362732 3.08778054452892e-05 0.001732106004860991 0.007300742570864428 0.00023412316973084852 0.0007500530321301424 1.635243968385774e-06 1.4063781732449896e-06 5.497422344098872e-05 0.00010522993402378582 2.9261670971350915e-05 0.0015481600286541524 5.444679890382849e-05 0.00027712545511728785 0.0001668569039184909 0.000566401757863664 1.602865362120964e-05 8.481031264408211e-06 7.278590920675471e-06 1.2428846251469348e-05 7.3012046120014474e-06 1.1940635372068339e-05 0.00016790847882233837 3.6443407257365506e-07 2.5495034573076023e-05 0.000656331827927805 7.020230216193405e-05 0.0007899077873336522 7.527125594465537e-05 3.1015136014948815e-06 4.1693430577477775e-05 4.929802124766867e-07 6.423858649569589e-05 1.7715949724267692e-06 0.00020939516877104304 2.0883953684506757e-06 6.191632002888182e-08 7.729935418837466e-07 8.948389433112333e-05 0.00022409722287755626 0.00013215554781525853 5.355437764851312e-05 0.0016179736456507939 5.634014980197269e-07 6.730366748261151e-06 6.373012098960842e-05 0.0008290485559758369 5.1467829939049255e-05 7.436722088059756e-05 1.7608639673608435e-07 3.1254950353380943e-06 8.851060597187335e-06 1.6347162978382415e-05 6.0602371216745265e-06 0.00023359192477712094 3.512535554738325e-06 3.9993401268574e-05 1.2963341189700932e-05 0.0002035910895287642 3.75736209763685e-06 1.975704294234656e-07 2.6446042122134266e-06
