0.0 6.767328555135033e-08 5.248686654740573e-05 5.931255024987934e-06 5.625688088940971e-08 5.80909000671382e-06 0.0028115038005748277 0.00023765284316980867 1.1137944343799785e-06 2.833095137888279e-05 7.097110312333189e-07 8.674566754456787e-07 1.9279375659889874e-07 0.0034554003527609858 2.1426533853930408e-07 4.4286149987433894e-08 3.4310382036850345e-05 0.0 1.7992487974727187e-06 9.790980727673627e-06 1.1769242851514e-05 1.6208502625123453e-07 4.2983650810108026e-05 3.7210940152089986e-05 1.3051013348056515e-07 2.3038849742042703e-05 1.2168392097219397e-06 8.380150307702355e-05 0.0015260946468118332 0.0007827123911086564 0.0 2.719889900716201e-07 8.18353430908039e-06 4.122245981128861e-05 8.136796751037945e-07 8.009956386656898e-05 1.3867929812409077e-07 2.8186296465334227e-05 4.081711097216177e-06 2.6333233508007803e-06 4.89565682051954e-08 0.0 2.3705496671742252e-06 0.0 0.0 0.0 4.9206782903270914e-08 0.0 0.0 9.583116452610114e-08 0.0 1.9898787214843249e-07 0.0 0.0 5.3697251016362015e-08 0.0 0.0 0.0 0.0 0.0 0.0 0.0 0.0 2.8297283313315406e-07 0.0 2.608260275513225e-07 1.2870950026714898e-06 0.0 0.0 5.618838370557731e-08 1.4127640110523573e-06 6.444156799961712e-08 5.172960601456336e-07 0.0 0.0 0.0 0.0 2.795761207623065e-07 2.075418944345278e-06 5.859866198088368e-08 6.485722028400852e-08 0.0 8.517391899374042e-07 0.0 0.0 0.0
6.767328555135033e-08 0.0 2.014660040582513e-05 7.750440067048889e-08 3.9595764432580755e-07 0.0 7.204711037764022e-06 3.5548417368765666e-07 0.00029822935293591303 1.2912420261463546e-07 9.313241966468472e-05 5.168866431943932e-07 0.0006470391432946382 1.2868053890109525e-07 2.49298469293809e-06 1.836834291229318e-05 1.8973664835480145e-05 1.612643502908261e-05 2.228289450886557e-05 6.044641001561255e-08 1.729694442910307e-07 0.0013890670232245459 1.702886312304892e-06 0.00047779868011477194 0.0005503152448502102 0.0006422912306183422 0.0030883028200628785 1.3431169490882765e-05 1.7979779824199297e-06 1.0800050871917297e-06 8.681910589693205e-05 4.828753635204649e-07 0.0 4.1574977221513415e-06 6.043315627343394e-08 4.656679707704308e-06 9.711293019977452e-06 1.3462496360835967e-05 1.0643122246627817e-06 7.991510744198777e-06 0.0 1.6489587916062243e-05 0.0 4.952617393883659e-07 1.4145135800342086e-05 0.00015101233102792128 0.0 0.0 0.0 1.3590318436340437e-07 0.0 7.172567394056558e-08 0.0 6.181168194940044e-07 0.0 6.954390741540575e-06 2.9533597287106226e-07 0.0 1.6717435749597583e-06 1.3062493057450562e-05 2.5225779426767755e-07 5.199267570818988e-06 0.0 7.010495460541247e-07 9.142685839811733e-06 1.1449892206562959e-06 1.0093620668802742e-06 6.123775034360887e-06 5.300948326416716e-05 0.0005566677118995164 1.2537632755117092e-06 0.0 6.759383298963041e-07 5.742800745567971e-08 0.0 0.0 1.1912185880692481e-06 0.0 5.232827663396182e-06 2.6978349857952165e-06 3.2759720273991396e-06 1.5541730714318398e-06 0.0 0.0 8.917417136202466e-07 0.0
5.248686654740573e-05 2.014660040582513e-05 0.0 4.822336145431605e-06 3.970106947593833e-07 4.053070481969014e-05 0.0005112391849008193 0.0002668861032857935 5.944601839759648e-06 1.6861473196839494e-05 5.208828879706196e-07 6.188088756075509e-07 9.894855336572677e-07 0.00027119915826611605 1.406037912539912e-07 2.4913741246813956e-05 0.001042999614553635 1.4049863880065267e-06 1.6841879258867998e-05 3.5658594424809276e-06 0.0004010275431255105 8.257991079432728e-05 0.003303927043311714 0.00010107523404874187 0.0 0.0025344570879186398 0.007632949291582689 0.00048615334732468027 0.0001288831376019784 0.00048103232335986346 4.4116098108217096e-08 8.552394842187566e-07 3.6314969576247268e-06 0.00031449504304344324 2.0490219622401925e-05 0.002043256076831266 0.0013345197499377215 0.0004887608804593533 0.00023112992822444593 5.921410371438281e-05 2.989439313033325e-06 3.969057699103417e-07 8.812936730291024e-06 1.2099179203990885e-06 8.052911599294436e-05 0.0010347244645640952 0.0 0.0 9.730595986712938e-08 4.7538515932717625e-06 6.573407059496371e-07 3.76235578308374e-06 1.2466753849664263e-07 3.827782870370631e-07 0.0 2.717889141850661e-07 1.4223408863170434e-06 0.0 3.5982442186699896e-05 8.328702627665572e-06 0.0 6.616943333828523e-07 0.0 1.1349263706979306e-05 0.00015046653917326382 7.578254880201143e-05 2.041143888855518e-05 5.98100547478531e-08 6.53962063237611e-06 0.0015828543059664198 3.878166031571474e-05 3.732597231150362e-06 2.881357509694505e-05 8.890922020053075e-08 0.0 2.3437204850009605e-07 3.0145131098737747e-06 6.852068767188414e-06 4.082546877758851e-05 5.473377459696293e-06 6.126377715111e-06 8.58031969388197e-06 2.6994252518949934e-06 0.0 0.0 9.024516228349474e-08
5.931255024987934e-06 7.750440067048889e-08 4.822336145431605e-06 0.0 1.471140352668856e-07 0.00012115143840321388 0.00021384407232906256 6.438864484837897e-05 0.0004091113418756978 0.0012123597816394338 1.2526172403065981e-06 0.0010368012853167183 3.0797062770274493e-07 6.266872196291038e-05 8.473172226673783e-06 0.0 8.831536070418004e-07 2.767334089597509e-07 2.6939410714717857e-07 0.001854849829265696 1.5018368209265036e-06 1.1951629705351773e-07 2.2569763415269665e-06 0.0007814137859298161 0.0 1.9947973381627403e-06 6.8927675404659e-07 0.0023670462618531687 6.797301216113784e-05 1.3752901894046565e-06 0.0 8.690069351503041e-07 9.793332330146664e-07 2.3411628453847796e-05 7.600016021279511e-07 0.00015580656223250294 1.5219959347640869e-06 4.5734430540275746e-05 1.2334399473694247e-05 8.191997544696254e-05 5.791079422550832e-07 0.0 2.199032060195944e-06 0.0 0.0 0.0 4.621812596354177e-05 0.0 2.8202553929229672e-06 2.7159768336009594e-05 2.0524013657067734e-06 4.245713904832016e-05 4.252695336211831e-05 0.0 6.322286101121862e-05 0.0 5.37582555545608e-07 2.1164665815851682e-06 0.0 0.0 0.0 0.0 5.790707092658596e-05 0.0 0.0 0.0 8.67755844717677e-05 0.0 0.0 0.0 8.13368801299122e-05 5.977765809379349e-07 7.637750142471628e-07 0.0 1.5637352695126837e-07 0.0 6.470760156225313e-08 7.748874427587672e-07 6.29410069885966e-05 0.0 1.3452510255240929e-07 5.794666715098414e-08 4.036214513546761e-05 1.8252815146352575e-07 0.0 0.0
5.625688088940971e-08 3.9595764432580755e-07 3.970106947593833e-07 1.471140352668856e-07 0.0 0.00013534040733683016 2.881376931439946e-06 0.00021177695625041867 6.652830962102852e-05 1.5970930247972893e-06 1.8257852882045114e-05 3.7573121395594146e-05 1.9108689708766757e-05 3.874630856748654e-06 0.00048714957759698324 1.3455813079009672e-07 3.522263731226024e-07 1.4304246261645563e-06 1.6998511467982666e-06 1.3049187903047345e-06 6.286495779173326e-07 9.722616589896411e-07 7.012997973445309e-07 3.532753272277182e-05 1.8317130668409874e-06 1.940779227294659e-06 1.632382251369259e-06 3.807009649402352e-06 3.801020455295803e-05 1.2503916581612538e-06 6.238743739013863e-07 6.470628355041218e-05 0.0 0.00027945612162213096 2.3052092378448924e-06 9.673647662631523e-05 4.766863599195296e-06 0.0003435924628626442 0.00014200850532187267 0.001306588256823117 8.348526462077602e-05 1.5444332468593252e-06 1.958471011754145e-06 0.0 0.0 0.0 0.0 0.0 0.0 0.0 0.0 0.0 0.0 0.0 0.0 0.0 0.0 0.0 0.0 0.0 0.0 0.0 0.0 0.0 0.0 0.0 2.328055015490773e-07 0.0 0.0 0.0 4.5720987601110527e-07 0.0 0.0 0.0 0.0 0.0 0.0 0.0 1.0856902656282255e-06 0.0 0.0 8.757952808764983e-08 0.0 0.0 0.0 0.0
5.80909000671382e-06 0.0 4.053070481969014e-05 0.00012115143840321388 0.00013534040733683016 0.0 0.0025862867988441043 0.0026372460142035175 7.891356316189552e-05 0.0024837336197987433 1.6459249525715865e-05 0.0029472274514299283 1.3382674136072911e-05 0.000248718457652718 0.0008099288246154626 4.528513964348396e-07 9.57015112386362e-06 2.5194467662128666e-06 2.183884939346249e-06 0.0005668481645772978 9.011292949286191e-06 5.524035618848946e-07 1.5028793909506443e-05 0.0005720445782976089 1.216219310025295e-06 1.685041495791042e-05 3.7758675524230063e-06 0.001044099693187158 0.0005160260163256139 2.6018300029413e-05 2.9429690070781293e-07 0.0002468098443319048 8.929053790102876e-07 0.00022414828051077162 2.984562532366596e-06 0.00037905623192831353 1.1276044842733073e-05 0.00020752122334641375 8.005861106201328e-05 0.00121762814363947 6.366928623086113e-05 2.8625893420676966e-07 6.839676463362937e-06 0.0 0.0 0.0 1.4941827079744757e-06 0.0 2.1983696731441262e-07 3.923160692511722e-06 1.9017182096437266e-07 3.5303319449476216e-06 7.123944675980476e-07 0.0 2.9741699591621693e-06 0.0 1.207872292017648e-07 0.0 2.959083903593942e-07 0.0 4.535934083982546e-08 0.0 2.273554310328522e-06 9.628699518959824e-08 5.597295001782964e-08 0.0 1.2829652002792978e-05 0.0 0.0 6.106928466874314e-08 1.3345607169913304e-05 6.284892413019157e-07 1.8598441895035328e-06 0.0 0.0 0.0 0.0 4.6195965933491627e-07 8.838352109220066e-06 0.0 5.314196093433622e-07 0.0 5.397676680368943e-06 0.0 0.0 0.0
0.0028115038005748277 7.204711037764022e-06 0.0005112391849008193 0.00021384407232906256 2.881376931439946e-06 0.0025862867988441043 0.0 0.0037809480421263455 0.0004345323450423099 0.004957374724690369 4.64756369454859e-06 0.00010394621208382264 2.9628146124632303e-06 0.00622847949087214 3.762997230174316e-05 2.615368763881458e-06 6.106625940146197e-05 1.2167063832207411e-06 3.103490999242092e-06 9.962624497689689e-05 0.00019866398947013993 3.8047364075758904e-05 0.0002691641775539944 0.0019140475785282107 9.400025811157577e-07 9.421829762335477e-05 5.162218133849473e-05 0.011179498311761502 0.0017066493678705595 0.00290261003718544 1.984516737490248e-07 5.6091473016066354e-06 2.593733229271516e-05 0.00015390947364062822 1.428212892020841e-05 0.0005834849202498278 9.582675277175066e-06 0.00031625492861086504 6.839003002008157e-05 9.873312505339246e-05 4.384219262043983e-06 3.912648133054939e-06 7.116472031714847e-06 3.364090900826637e-06 1.846390605629309e-07 2.862385478874915e-06 7.428561236014569e-06 0.0 7.006813686595802e-07 0.00010024374208331514 2.764976259109791e-06 4.819592937324299e-05 1.8690579224783784e-06 2.2580120252403932e-07 3.0349246376085087e-06 0.0 5.135843737994591e-06 5.293954387046422e-07 1.2795838358297145e-05 1.2790496811119766e-06 0.0 1.6468757526895715e-07 4.403351086448802e-06 3.905612196300781e-06 5.586189862463634e-06 2.684893800668515e-06 0.0002811630070809839 5.414247356318993e-08 1.713693710807036e-06 5.055466908889788e-06 0.0004654431580914244 1.9769922309143165e-05 0.00010085888985598488 1.1721538593619962e-07 0.0 3.248115819257891e-07 4.449131275683978e-06 2.4570399074432104e-06 0.00021882524042425022 6.041396981667942e-07 1.1902845867584398e-05 2.2756930515546554e-06 5.651873385876663e-05 1.3441273116407076e-06 0.0 2.364366975750336e-07
0.00023765284316980867 3.5548417368765666e-07 0.0002668861032857935 6.438864484837897e-05 0.00021177695625041867 0.0026372460142035175 0.0037809480421263455 0.0 2.067255170483911e-05 0.0012629770963593777 1.1042910804261295e-05 0.0005319919008991879 1.004799647267333e-05 0.0033829727471979382 7.252474708429876e-05 7.604508022611258e-07 0.00011972159597932687 2.2659771949587473e-06 8.714494992049077e-06 0.0003899505651541086 5.6077685355190546e-05 3.667470588853895e-07 0.00015798932737334518 0.00027867225131290055 1.7644058436474672e-06 0.00010908242926850743 6.8370173572388905e-06 0.0004401179881842494 0.0003650759971316684 0.0006125182984991145 1.3506785097901184e-07 0.00042384891718138325 7.583165399362697e-07 8.274373743255801e-05 2.09899285448354e-06 0.0003985873838969245 1.0053157985583681e-05 0.00021155517934435164 7.146060915988482e-05 0.00020594580198310264 1.515089562304845e-05 8.329148362505028e-07 4.411642114531249e-06 8.183704972051527e-08 0.0 7.932940657168934e-08 1.6365042566676262e-06 0.0 1.243971906982174e-07 4.7110366672138805e-06 9.143773561478643e-08 2.2415290830624265e-06 0.0 0.0 1.1584877252756837e-06 0.0 0.0 0.0 8.419674458748218e-07 0.0 0.0 0.0 1.3013416374919852e-06 9.740088037295835e-08 1.200848796655926e-07 4.858254225843542e-07 1.4544851173314165e-05 0.0 9.10504716605501e-08 3.6778059462900435e-07 1.7877699066491094e-05 1.0284407994724844e-06 3.0876935997428075e-06 0.0 0.0 9.976011234694194e-08 7.353173086923771e-07 6.628317364571514e-07 1.0011683978165738e-05 8.816982824799359e-08 6.369440749527294e-07 6.048654082468837e-08 4.740474172674652e-06 0.0 0.0 0.0
1.1137944343799785e-06 0.00029822935293591303 5.944601839759648e-06 0.0004091113418756978 6.652830962102852e-05 7.891356316189552e-05 0.0004345323450423099 2.067255170483911e-05 0.0 9.563720344121992e-05 1.2696458136549803e-05 0.00021958571881712874 4.457595541373952e-05 1.2181060252329832e-05 0.0006757754569200776 7.734351860979087e-06 3.9320635004526326e-06 4.280929808423581e-06 2.1198158446808005e-06 0.00038491630115894876 2.5958879803741764e-06 0.0015807243748781497 7.089708638892939e-06 0.0073451015236426775 5.1536716645863586e-05 6.362280046098699e-05 0.0003394921549062611 0.0007349901330885408 2.1509317411854443e-05 1.867793969951288e-05 1.0903513875643732e-05 1.488202851498874e-06 5.599364444453221e-07 7.758294127814314e-06 1.3123493241162016e-06 9.844124015445874e-05 7.038743803075948e-06 2.3674812246020644e-05 4.313221102185411e-06 0.00038090771191239166 1.489730500802362e-06 7.095018877672177e-07 1.7990466577787132e-06 3.956858840634174e-06 0.0 2.99241349376161e-06 7.862845750817535e-05 3.059121627316953e-07 1.5353636657120283e-06 0.00017354412921215658 2.74755564577617e-06 0.00015423108541717388 1.6249254460939685e-05 1.5984558293102186e-07 2.8029268660191623e-05 2.752966001172196e-07 8.564027002549764e-06 9.889794653829562e-07 1.804944988737061e-05 2.1616418483646536e-06 8.838201619600845e-08 4.982866261092984e-07 7.033557292114879e-05 7.598407517562116e-06 9.914754593633047e-06 5.3544480560571304e-06 0.0007259506128958583 1.3826797837165395e-07 8.476712351707103e-07 5.649718290806095e-06 0.0005567711911099861 2.0331718145302847e-05 9.688632519913664e-05 0.0 1.7949959819105748e-07 1.0567845565094785e-06 6.5642379801426724e-06 6.213672613413552e-07 5.172280866346461e-05 5.322496697729012e-07 1.185498849274179e-05 3.672110291469269e-06 3.389287050711392e-05 2.3869751776891636e-06 0.0 4.2757303016962665e-07
2.833095137888279e-05 1.2912420261463546e-07 1.6861473196839494e-05 0.0012123597816394338 1.5970930247972893e-06 0.0024837336197987433 0.004957374724690369 0.0012629770963593777 9.563720344121992e-05 0.0 7.583102991142693e-06 0.003538449616643836 2.665629936497608e-06 0.0005959173403828366 7.407299902628653e-06 0.0 1.8629160937101783e-06 1.6098597376912257e-06 2.5135181572964067e-06 0.002278975367038224 5.594290376235538e-06 8.359930709303591e-08 6.99322495626661e-06 0.0008255150662627968 4.595308250887132e-07 7.781635471735597e-06 1.9263012045302314e-06 0.0037386012947480886 0.0003143066141920339 4.914942683999662e-06 3.835569791527692e-07 6.951001856269265e-06 2.348845090886571e-06 0.00010080614531923132 6.568636396588664e-06 0.0002817450221412028 7.278049324740723e-06 0.00018341723127536793 4.914054671198229e-05 6.79187622817656e-05 1.6299868442171483e-06 0.0 5.594103367470274e-06 0.0 0.0 0.0 1.71145048274206e-05 0.0 1.6627512621779624e-07 1.3569209330709454e-05 0.0 1.980211449989577e-05 2.866087751844018e-06 0.0 1.67842936811771e-05 0.0 2.6740307452313804e-07 6.516317900682181e-07 1.933884514981593e-07 0.0 0.0 0.0 1.1299122751147195e-05 7.583081383371413e-08 0.0 5.9307104140116994e-08 4.247034508141798e-05 0.0 0.0 1.581443762030367e-07 2.717643682691883e-05 2.426787124854501e-07 8.360866009276214e-07 0.0 0.0 0.0 0.0 7.495264766254709e-07 2.8910589130516346e-05 5.461289358893604e-08 2.4077441832209464e-07 9.12659968291245e-07 1.5913551647482124e-05 0.0 0.0 0.0
7.097110312333189e-07 9.313241966468472e-05 5.208828879706196e-07 1.2526172403065981e-06 1.8257852882045114e-05 1.6459249525715865e-05 4.64756369454859e-06 1.1042910804261295e-05 1.2696458136549803e-05 7.583102991142693e-06 0.0 4.84611949909308e-06 0.0037219723348301042 1.9548376344593564e-05 3.160103506356617e-07 1.2129940985899596e-06 2.645135313434633e-05 0.001942253621027539 0.0005811365811503712 6.063557846023227e-06 4.865772047000655e-07 4.029187641444763e-05 3.2547529252220797e-06 2.084546443467679e-05 0.0011793702876299725 0.0017618370664345697 0.0008029102295083879 5.9123869654212485e-06 0.00021580905488385735 2.0731909836984383e-06 0.0007667948571690535 6.691289604490231e-05 3.218805655107946e-07 0.0024324549184027554 2.5309830400317056e-06 0.00029557473987071466 0.003406575132730488 0.0014277636925316914 0.00026692876687694936 1.2538752491414131e-05 1.1303318969351454e-05 0.0003562325763479402 4.56092068861741e-06 1.0141569575701361e-07 1.1067266348538649e-05 1.4195314881723547e-06 0.0 0.0 0.0 1.0201820311887798e-07 5.607432101971391e-07 2.104635966376666e-07 7.272183427760608e-08 0.0004597435236278144 1.0920289501578784e-07 0.00108445745102293 1.214750406049509e-07 0.0 1.2481303692196145e-07 4.012566858518522e-07 0.00016250529501674822 2.8254478340371474e-05 0.0 0.0 1.0660527571685673e-06 1.9308971171034602e-07 3.6266265220681403e-07 0.0003714822303280312 0.00017038232150216014 0.0003682940597795015 4.489368842884589e-07 7.532723932673969e-07 1.3978964116983937e-07 0.00011442944176662607 2.1500784083995047e-07 0.0 7.748157990004181e-06 1.3350175191812075e-06 1.1174598892437038e-05 0.0004993576206863425 1.2634324435869571e-05 3.410641680635503e-07 1.8939107235968135e-07 0.0 0.0003046516439410965 0.0
8.674566754456787e-07 5.168866431943932e-07 6.188088756075509e-07 0.0010368012853167183 3.7573121395594146e-05 0.0029472274514299283 0.00010394621208382264 0.0005319919008991879 0.00021958571881712874 0.003538449616643836 4.84611949909308e-06 0.0 2.1697965444006217e-06 0.00018998566956839665 0.0006985990280453514 0.0 1.0879271694406878e-07 6.702961108560471e-07 6.55695555013047e-07 0.002154248335445943 9.978739924794298e-08 1.5514085501215183e-06 3.7251124382309373e-07 0.000380774441688932 2.424299139105726e-07 9.473255847042376e-07 9.275499950846928e-07 0.0005988895400755225 0.00020033809964676902 5.163654732652028e-07 1.4910322729669202e-07 9.799407476710631e-06 4.5230111364734645e-08 2.288121224646372e-05 2.3093177112993673e-06 0.00023422828133844563 3.710026825429912e-06 9.151787951175098e-05 3.553322739097826e-05 0.0005237127954323876 3.828928301802286e-06 0.0 1.6173859714251652e-06 0.0 0.0 0.0 8.326114163035934e-06 0.0 1.7508383368700837e-06 4.125131988611174e-06 6.608943225752815e-07 8.31555058655169e-06 1.7028656486157472e-06 0.0 1.8333817166405047e-05 0.0 0.0 0.0 6.424952412965123e-08 2.2905027947745528e-07 0.0 0.0 7.024886345988586e-06 9.231496355859443e-08 0.0 0.0 1.4917707054685469e-05 0.0 0.0 0.0 8.730828370393787e-06 1.1427683516031453e-07 5.200930315348177e-07 0.0 6.45269525440664e-08 0.0 0.0 2.0655700307164883e-06 1.9258869595868788e-05 0.0 0.0 0.0 1.0324801148856346e-05 0.0 0.0 0.0
1.9279375659889874e-07 0.0006470391432946382 9.894855336572677e-07 3.0797062770274493e-07 1.9108689708766757e-05 1.3382674136072911e-05 2.9628146124632303e-06 1.004799647267333e-05 4.457595541373952e-05 2.665629936497608e-06 0.0037219723348301042 2.1697965444006217e-06 0.0 1.1700501809071369e-05 0.0 1.095741853199049e-06 6.602878229901381e-07 0.0003321551051540446 2.7049623448283895e-05 3.662373635792593e-06 1.924126533294586e-06 0.00019785618101985958 2.8701963314162523e-06 6.017701889805881e-05 0.003519109510452779 0.0011550429400853282 0.0016012870033276915 6.321431633607752e-06 9.035811948211466e-05 3.7323477592766e-06 0.0010121189102121255 4.6345809149195845e-05 5.566835545710473e-08 0.0011711350890409701 1.0243735970441096e-05 0.0004580652853788785 0.0013768485493559298 0.0017298995387816133 0.00013826456429988143 3.300110017463184e-05 3.434419942840084e-05 0.00017979794184493558 9.352959730829366e-06 0.0 2.922838422451174e-05 8.643046706271364e-07 0.0 0.0 0.0 6.585745700668878e-08 1.3591287401257301e-07 0.0 0.0 0.00022724601656829877 0.0 0.0005164732542005439 8.967805434234694e-08 0.0 3.5343004746925778e-06 1.0278838385846389e-07 9.035365403949653e-05 2.570732746935837e-05 0.0 4.140150922867203e-07 6.807400084635101e-08 1.080591102390149e-07 3.2839573485140087e-07 0.0003325707539328907 0.00012723241845433712 0.00037285410265835707 2.9124899631310192e-06 2.0994273335220752e-06 2.0484965285726295e-06 7.55270665793843e-05 2.3781610768763295e-07 0.0 2.5927239074049705e-06 7.3067615262962714e-06 0.00024880252027726545 0.00017046467114090826 1.3120507094741594e-05 1.2823846183101406e-06 4.703992427659887e-06 2.3136791475359536e-06 0.0001477960289432357 0.0
0.0034554003527609858 1.2868053890109525e-07 0.00027119915826611605 6.266872196291038e-05 3.874630856748654e-06 0.000248718457652718 0.00622847949087214 0.0033829727471979382 1.2181060252329832e-05 0.0005959173403828366 1.9548376344593564e-05 0.00018998566956839665 1.1700501809071369e-05 0.0 1.5331830002866915e-05 6.384662646804769e-07 0.0001803791836945699 3.3905009068740644e-06 1.5641846405320426e-05 0.0002950445806695652 6.931425321244326e-05 1.1085746006129618e-06 0.00024405786276322772 0.00029310186745343085 2.4786662200539695e-06 0.00011995360428035942 1.013509530194954e-05 0.0005319140894138489 0.0026254618151132173 0.0016129471322712493 2.3549354488824122e-07 8.370036388755419e-05 4.7270809771237786e-06 0.00024332317920442912 2.721806885099842e-06 0.00033098244536545915 1.3098462604975623e-05 0.00020239539636009117 4.014493998371702e-05 6.542686232090098e-05 1.5232658986792639e-05 1.7169386345309177e-06 4.085987979554221e-06 0.0 0.0 0.0 9.463732583201394e-07 0.0 0.0 1.9096967611774167e-06 2.0274921977621317e-07 1.5334910092777939e-06 2.0414205561494543e-07 0.0 9.099151080402072e-07 0.0 3.205681962072658e-07 0.0 1.3383472712461118e-06 0.0 0.0 0.0 8.926358838131678e-07 2.5143588660941785e-07 3.82616457454554e-07 1.7086571826614143e-07 1.32456965862433e-05 0.0 0.0 1.025036285616732e-06 1.8520928741479334e-05 5.068034581460129e-07 4.48515852931455e-06 0.0 0.0 0.0 1.7236900439585064e-07 3.833714523769005e-07 1.0489767586959081e-05 7.795168336553508e-08 5.57436185628831e-07 1.495729081573581e-07 1.8346408484939485e-06 0.0 0.0 0.0
2.1426533853930408e-07 2.49298469293809e-06 1.406037912539912e-07 8.473172226673783e-06 0.00048714957759698324 0.0008099288246154626 3.762997230174316e-05 7.252474708429876e-05 0.0006757754569200776 7.407299902628653e-06 3.160103506356617e-07 0.0006985990280453514 0.0 1.5331830002866915e-05 0.0 0.0 0.0 0.0 0.0 1.9175445917326168e-05 0.0 1.216735707948639e-05 0.0 0.0008132424243425786 4.2338507451364375e-07 6.853802233715138e-07 4.194859626155604e-06 3.000673888574414e-05 1.8728111564886735e-05 1.7488454782887414e-07 1.741447460422332e-07 0.00019444859796773311 0.0 1.4457697334787218e-06 0.0 2.7928345442317303e-05 1.6937961223569464e-07 6.647798931154671e-06 2.9643760255102523e-06 0.0004993371917735912 1.2914153559665553e-05 0.0 6.480887449669119e-08 0.0 0.0 0.0 8.447829732349024e-07 0.0 0.0 1.816839422433993e-06 0.0 2.5265549142724234e-06 8.304439171647649e-08 0.0 0.0 0.0 0.0 0.0 1.0885976141237247e-07 0.0 0.0 0.0 7.967176661323376e-07 9.243050750200439e-08 1.4735068518797157e-07 0.0 3.623211967276845e-06 0.0 0.0 3.2388125119167307e-07 4.476818840750742e-06 0.0 3.668110844864107e-07 0.0 0.0 0.0 0.0 0.0 3.9893436017076335e-06 0.0 0.0 2.0136288273541274e-07 7.687866376525117e-07 2.5079636976428615e-07 0.0 0.0
4.4286149987433894e-08 1.836834291229318e-05 2.4913741246813956e-05 0.0 1.3455813079009672e-07 4.528513964348396e-07 2.615368763881458e-06 7.604508022611258e-07 7.734351860979087e-06 0.0 1.2129940985899596e-06 0.0 1.095741853199049e-06 6.384662646804769e-07 0.0 0.0 6.790113194314781e-05 9.668415041674542e-07 1.3110803397777175e-05 3.1167600370149093e-07 0.0010497368458216312 0.002178301338885179 0.0019480230312805414 0.0011101032201730752 7.673311557436255e-07 5.114710478497957e-05 0.002886350586258744 0.0006718662979901686 3.136403927177041e-06 5.5230306598859865e-05 6.882687817052006e-07 2.570154925126184e-07 4.996667900239098e-07 6.45987282433822e-05 2.5593975102840792e-05 0.0015841644702014638 0.00032029824809955035 0.00045936329658368823 0.00035354950916689467 8.125582864800633e-05 1.4352998479979975e-06 1.8052009681909142e-06 4.262298757382822e-06 1.9983664589589018e-07 1.1309470125504748e-06 6.027270150138151e-06 5.35223762679593e-08 0.0 0.0 1.8200916902386457e-06 1.0306846521685458e-07 1.2091432801521611e-05 5.50562901784622e-08 7.756587578606045e-08 0.0 3.710910039879022e-07 6.074465031811184e-07 0.0 0.0010913636842703094 2.5089973870742653e-06 5.741004793977345e-08 6.737406750177479e-07 1.6875995038919932e-07 0.000162607766686666 0.00041704238335431125 0.0004967267361887677 7.791239284810449e-05 1.2994266327534347e-07 2.730132734444181e-06 0.00017469780487030238 9.369955919233232e-05 5.820786174380872e-06 9.086602282155905e-05 0.0 0.0 1.6498750284382486e-06 1.9086315730677486e-06 7.1814236894859185e-06 0.00020498983177130595 6.339390834819975e-07 4.976235818592216e-06 2.5418163751778483e-06 2.7252927729805995e-06 4.7656168253037746e-08 5.911037937920825e-07 0.0
3.4310382036850345e-05 1.8973664835480145e-05 0.001042999614553635 8.831536070418004e-07 3.522263731226024e-07 9.57015112386362e-06 6.106625940146197e-05 0.00011972159597932687 3.9320635004526326e-06 1.8629160937101783e-06 2.645135313434633e-05 1.0879271694406878e-07 6.602878229901381e-07 0.0001803791836945699 0.0 6.790113194314781e-05 0.0 1.647605446576704e-05 0.0013952651391867222 5.993835148443443e-07 0.00019198079428716443 4.607445886727885e-05 0.0009563328961810711 6.071691115054033e-05 2.472682104231075e-07 0.0012017288460404148 0.007077443195101322 6.294143933064301e-05 0.00021388907590096714 0.0005939258181058417 1.8079172095801137e-07 9.809438773834084e-07 5.4742789922661524e-06 0.0015243263433873109 1.007983161009992e-05 0.0007211122032215402 0.0013281103056618814 0.001726196102417904 0.0003417069299897529 1.82863522040576e-05 1.713577211803795e-06 1.3440496773518997e-06 2.1071151589883746e-06 6.723912193870576e-07 1.4429093472145163e-05 0.0002396560047682853 0.0 0.0 1.8376907058213485e-07 8.489232417655204e-07 0.0 5.54755138743296e-07 0.0 3.359969279747742e-07 0.0 1.469288758780171e-06 6.086523265953558e-07 0.0 9.722008052118448e-06 1.6834577577630615e-05 1.6475073363174078e-07 7.2020976318017815e-06 0.0 4.041548240577151e-06 7.629771850743484e-06 7.585849241902297e-06 4.13095210492635e-06 3.214510337553697e-07 4.201039052811749e-05 0.00024484960138410674 6.487319967912376e-06 3.7771176781720184e-07 4.569810707538742e-06 2.619076675728721e-07 0.0 0.0 1.2926701589472777e-06 8.702801118721161e-06 9.422180956131575e-06 1.1395437271087945e-05 2.245798321262587e-06 2.582528581499935e-06 0.0 0.0 0.0 0.0
0.0 1.612643502908261e-05 1.4049863880065267e-06 2.767334089597509e-07 1.4304246261645563e-06 2.5194467662128666e-06 1.2167063832207411e-06 2.2659771949587473e-06 4.280929808423581e-06 1.6098597376912257e-06 0.001942253621027539 6.702961108560471e-07 0.0003321551051540446 3.3905009068740644e-06 0.0 9.668415041674542e-07 1.647605446576704e-05 0.0 0.00020268917504387087 1.752783501007595e-06 8.642519374193686e-08 1.0576101164482651e-05 1.5114992271049617e-06 5.374266531888252e-06 2.7194335610533837e-05 0.0011846918473444816 0.0005039192774296917 1.3468937064783604e-06 2.523682277627747e-05 1.0044073701637913e-06 0.00017375283968852672 6.2626140982600316e-06 0.0 0.0005630074563040729 6.002471706926963e-07 9.441964037664908e-05 0.0006350758599931367 0.000690041756492023 8.174220725149075e-05 3.4519229086776327e-06 7.519316978406753e-07 4.659374374255328e-06 3.09291252236079e-07 0.0 2.60415314865652e-06 8.912287769654634e-07 0.0 0.0 0.0 0.0 0.0 0.0 0.0 2.636094673161685e-05 0.0 8.653034003312694e-05 0.0 0.0 1.2307298743494108e-07 1.0147322804895253e-06 3.434863606187701e-05 2.7391370663429182e-05 0.0 8.994618830476497e-08 3.465266199607901e-07 8.863471917257136e-08 0.0 8.181893454083422e-06 7.928287120822941e-05 0.00015260775853083143 1.3453017059021085e-07 0.0 4.6705590982346914e-08 2.4824417666038306e-05 4.0092914058131394e-08 0.0 4.7443409464664055e-08 6.521889156215516e-07 6.424429654928779e-07 4.961690760873491e-05 6.925680292757663e-07 2.7173978898110486e-07 0.0 6.961558450936806e-08 4.777333396854426e-06 0.0
1.7992487974727187e-06 2.228289450886557e-05 1.6841879258867998e-05 2.6939410714717857e-07 1.6998511467982666e-06 2.183884939346249e-06 3.103490999242092e-06 8.714494992049077e-06 2.1198158446808005e-06 2.5135181572964067e-06 0.0005811365811503712 6.55695555013047e-07 2.7049623448283895e-05 1.5641846405320426e-05 0.0 1.3110803397777175e-05 0.0013952651391867222 0.00020268917504387087 0.0 1.6818624741228992e-06 2.9737057784947302e-05 1.9765036929278725e-05 0.00010819605711715289 1.1710223326500835e-05 2.889215179195583e-05 0.001836765654054206 0.0018682764557418784 7.210839653041607e-06 3.759135026032821e-05 4.925546067084928e-05 1.4089491497023946e-05 5.383595208692285e-06 1.4440452942799773e-06 0.002071616157103211 5.190754804190215e-06 0.0006798194515372644 0.0009353296284838985 0.0023022182757712903 0.00032005335949571097 1.5101529341494135e-05 8.410962227324812e-07 1.1800123038886381e-06 1.1063401484866563e-06 0.0 7.295606734843419e-06 2.664882320052823e-05 0.0 0.0 0.0 2.8510374360051836e-07 1.9368401873090112e-07 2.1411515629565597e-07 0.0 3.0499643453306742e-06 0.0 1.1042650599856938e-05 3.112178604026938e-07 0.0 7.122164788423026e-07 1.4628615760646495e-05 5.507949974242292e-06 2.840866993982792e-05 0.0 2.0504487623484313e-07 3.0889524564219244e-06 1.8075739588812402e-06 4.964649537694245e-07 1.6925671067235133e-06 0.0001198137241646519 0.00014199767319427345 8.265029048524932e-07 1.9645674404176494e-07 6.018830601103869e-07 2.3788355869673075e-06 0.0 0.0 2.9175174310155605e-07 5.605482246697087e-06 6.1578289148262106e-06 1.8040305632254053e-05 3.0898350488014127e-06 1.360337926375159e-06 0.0 0.0 8.493648636270078e-07 0.0
9.790980727673627e-06 6.044641001561255e-08 3.5658594424809276e-06 0.001854849829265696 1.3049187903047345e-06 0.0005668481645772978 9.962624497689689e-05 0.0003899505651541086 0.00038491630115894876 0.002278975367038224 6.063557846023227e-06 0.002154248335445943 3.662373635792593e-06 0.0002950445806695652 1.9175445917326168e-05 3.1167600370149093e-07 5.993835148443443e-07 1.752783501007595e-06 1.6818624741228992e-06 0.0 1.095283647693289e-06 2.935798300770012e-07 1.4963319548587525e-06 0.00044555613433754434 5.780179482044353e-07 2.7177230382839265e-06 1.3136003280811508e-06 0.0022974775630678493 0.0002901657928512902 1.962742390605652e-06 2.120101934499892e-07 7.758545784250218e-06 1.6923013183294926e-06 8.231866062507084e-05 6.5521681608684005e-06 0.0003561118014613316 6.882504632185298e-06 0.00017664502160703424 5.6804654259025985e-05 0.00017771648563806626 3.459250683906035e-06 2.2078952423019417e-07 4.626683781321696e-06 0.0 0.0 0.0 4.393089785669289e-05 0.0 0.0 2.3332380992141467e-05 1.2730687012518228e-07 3.918589988029188e-05 2.610918616857562e-06 0.0 1.0265194529171003e-05 0.0 7.94915837813401e-08 1.1977565251580146e-06 9.641138057195136e-07 0.0 0.0 0.0 2.029297437218136e-05 0.0 0.0 0.0 7.329369284736054e-05 0.0 0.0 0.0 5.163069656046892e-05 2.0978780581511456e-07 2.5091398483361363e-07 0.0 0.0 0.0 2.1813404074688472e-07 6.958792363474734e-07 5.008558048242263e-05 1.2340167804543022e-07 2.51198036459885e-07 3.12765013418443e-07 2.9904279799928856e-05 0.0 0.0 0.0
1.1769242851514e-05 1.729694442910307e-07 0.0004010275431255105 1.5018368209265036e-06 6.286495779173326e-07 9.011292949286191e-06 0.00019866398947013993 5.6077685355190546e-05 2.5958879803741764e-06 5.594290376235538e-06 4.865772047000655e-07 9.978739924794298e-08 1.924126533294586e-06 6.931425321244326e-05 0.0 0.0010497368458216312 0.00019198079428716443 8.642519374193686e-08 2.9737057784947302e-05 1.095283647693289e-06 0.0 0.00016272073483005205 0.005970925496392389 0.00046826603563953587 1.7329363038561087e-07 1.4995416237016238e-05 0.00045942421610326587 0.003639207293821974 7.075690300696277e-05 0.006191391841779479 4.079322174225066e-08 9.326884694636376e-07 7.436348658486562e-06 0.0018917223103419067 7.360087613983906e-05 0.002995520215596529 0.0002730915356027319 0.0024731988704745234 0.0011644497914895453 9.805563034921312e-05 6.829949823007176e-06 9.538850563796189e-07 1.2146295415812154e-05 2.794639579502529e-07 1.8338916168636867e-07 1.2494132963338646e-06 0.0 0.0 0.0 1.9367072693269865e-06 0.0 5.774468085202912e-06 0.0 0.0 2.6838767900214435e-07 6.525196371063945e-08 5.043138696531529e-07 0.0 0.00013550948100790738 8.102465570231362e-07 0.0 1.0048741419341665e-07 0.0 7.833782253373277e-05 8.139095147896222e-05 5.176112173753532e-05 5.8489646456897225e-05 1.0972384539099393e-07 3.919066940151887e-07 1.0983498881389893e-05 8.209765560860513e-05 5.596209109732587e-06 8.083127488031642e-05 0.0 0.0 8.477347155460039e-07 1.605556303958028e-06 1.5687329925893708e-05 8.993031318681451e-05 1.790679221250537e-07 4.798306196053562e-06 4.030572407576807e-06 7.828475202883815e-06 0.0 9.167573213364214e-07 3.420978355395556e-07
1.6208502625123453e-07 0.0013890670232245459 8.257991079432728e-05 1.1951629705351773e-07 9.722616589896411e-07 5.524035618848946e-07 3.8047364075758904e-05 3.667470588853895e-07 0.0015807243748781497 8.359930709303591e-08 4.029187641444763e-05 1.5514085501215183e-06 0.00019785618101985958 1.1085746006129618e-06 1.216735707948639e-05 0.002178301338885179 4.607445886727885e-05 1.0576101164482651e-05 1.9765036929278725e-05 2.935798300770012e-07 0.00016272073483005205 0.0 0.0001922543294788512 0.0027669162561979725 0.00038264624239321704 0.00025926703576027504 0.002789459924992834 0.00013905580892795524 7.093055896728853e-06 9.854665961471597e-05 4.2323246334426864e-05 5.0130922215032895e-08 5.272097092666601e-07 5.622300846665305e-06 1.3146392721712428e-06 4.3363848788945967e-05 8.743159038097435e-06 1.9592704689197523e-05 5.8606746617243325e-06 2.8961568438600124e-05 5.103925363993362e-07 3.980168674899492e-06 4.510521442159839e-07 7.928214757659368e-07 5.5535702183999866e-06 0.00010913826944325328 7.271458167766188e-08 0.0 4.291607091916232e-08 1.5491543710697338e-06 7.049070400308123e-07 2.574322072187393e-05 5.065015275069624e-07 1.6262155764085157e-07 1.524844845307463e-06 8.403915788571744e-07 3.05178848765287e-07 0.0 0.0007256162058973337 4.87678353556803e-06 0.0 1.700029571002747e-06 0.0 0.00014559810113346246 9.703419538198432e-05 0.0002701934674565454 9.666834897379365e-05 0.0 9.40865295077518e-06 0.0007108444605122369 0.00010005066982980579 5.1338398468255435e-06 0.00010025939777535456 5.217764836639482e-08 0.0 8.258937413456747e-07 1.8993756747502406e-06 2.8631180280616117e-07 3.946027216179492e-05 1.3702080891703845e-06 5.315082052307537e-06 2.2287233554255003e-06 9.343514994130062e-07 2.2327305303309056e-07 0.0 0.0
4.2983650810108026e-05 1.702886312304892e-06 0.003303927043311714 2.2569763415269665e-06 7.012997973445309e-07 1.5028793909506443e-05 0.0002691641775539944 0.00015798932737334518 7.089708638892939e-06 6.99322495626661e-06 3.2547529252220797e-06 3.7251124382309373e-07 2.8701963314162523e-06 0.00024405786276322772 0.0 0.0019480230312805414 0.0009563328961810711 1.5114992271049617e-06 0.00010819605711715289 1.4963319548587525e-06 0.005970925496392389 0.0001922543294788512 0.0 0.0002770238479968995 5.0492414190759105e-08 0.0003523238870147295 0.006485928364576529 0.0023055406818087124 0.00029229900891724936 0.0028813509950411163 4.123769048706622e-08 1.675407971207356e-06 1.5977869888349588e-05 0.0020522722909586937 0.00011757654771005209 0.00634672043615205 0.0017003495834529317 0.004780988153390409 0.002546805237860765 0.00035530428736707786 1.892230135549407e-05 5.585309549786346e-06 2.4533002550423767e-05 0.0 5.730387221849923e-06 0.00012838676906168185 1.7473711732849442e-07 0.0 0.0 1.7073090406953958e-06 8.092535911965657e-08 5.52479353018005e-06 3.348955280946481e-07 8.239118933966394e-08 0.0 2.502973528321e-07 7.257390575560561e-07 0.0 0.0007081386881376205 2.9301931204868868e-06 0.0 4.6089626424945237e-07 4.833688513514825e-07 2.8432339191283813e-05 0.00020306869728311549 0.000339198043184702 2.23857185409726e-05 0.0 9.008033761871803e-07 0.0005907201163985471 2.9480778072724183e-05 2.308160350767906e-06 2.3156135063241336e-05 6.704762256262058e-08 0.0 3.1807693178566005e-07 4.836318184768061e-07 3.8295437386982784e-05 9.686568434360619e-05 1.8332626532467282e-06 5.12190838681287e-06 1.0167050703730197e-05 3.5851695191062726e-06 3.62460735726026e-07 3.8477116757380386e-07 4.756667219431136e-07
3.7210940152089986e-05 0.00047779868011477194 0.00010107523404874187 0.0007814137859298161 3.532753272277182e-05 0.0005720445782976089 0.0019140475785282107 0.00027867225131290055 0.0073451015236426775 0.0008255150662627968 2.084546443467679e-05 0.000380774441688932 6.017701889805881e-05 0.00029310186745343085 0.0008132424243425786 0.0011101032201730752 6.071691115054033e-05 5.374266531888252e-06 1.1710223326500835e-05 0.00044555613433754434 0.00046826603563953587 0.0027669162561979725 0.0002770238479968995 0.0 7.417079300709046e-05 0.0001556006371680047 0.001098136286395049 0.007012814526936121 0.0007321466012591727 0.00043784171191498 1.4764635100045231e-05 7.89059611454447e-06 7.111356710767229e-05 0.0002875501487447572 3.4233496555202036e-05 0.0018572649297515262 3.5506827502710264e-05 0.0006350328852244599 0.00022016402391998905 0.0008531595518592479 6.211139575187222e-06 3.3517481905869567e-06 1.2815339322474807e-05 1.127178193134689e-05 1.5568955884057541e-06 7.862785917599839e-06 0.00012967888773029472 4.782623623288006e-07 1.9815192547657743e-06 0.00037260513741273167 6.41282780765333e-06 0.00041679049375207503 3.135194658594869e-05 1.3189594542142005e-06 4.995887997649097e-05 5.839702799288863e-07 1.9570805013580292e-05 2.8340917545316835e-06 0.00018147205696518857 6.580443801281805e-06 2.886954784570506e-07 6.338797197439071e-07 0.00011008369170715016 0.00012218757126554455 0.0002521010166186853 6.132543974016941e-05 0.0014588899468870764 2.2491787829793718e-07 5.405475065903213e-06 3.3646109148041004e-05 0.0016424181679597677 6.944589952315504e-05 0.00045187556204705 1.677920429906902e-07 7.557900956479315e-07 4.752661775342972e-06 1.6775774697511346e-05 8.334198601796965e-06 0.0006447256867272718 1.5550212597020064e-06 4.222403317496532e-05 1.3799392559974562e-05 0.0002558137170517799 4.239444607411678e-06 4.791458329242255e-07 2.151191759334837e-06
1.3051013348056515e-07 0.0005503152448502102 0.0 0.0 1.8317130668409874e-06 1.216219310025295e-06 9.400025811157577e-07 1.7644058436474672e-06 5.1536716645863586e-05 4.595308250887132e-07 0.0011793702876299725 2.424299139105726e-07 0.003519109510452779 2.4786662200539695e-06 4.2338507451364375e-07 7.673311557436255e-07 2.472682104231075e-07 2.7194335610533837e-05 2.889215179195583e-05 5.780179482044353e-07 1.7329363038561087e-07 0.00038264624239321704 5.0492414190759105e-08 7.417079300709046e-05 0.0 0.00027213342080591386 0.0017040611718158226 1.3018639856942236e-06 1.7105827333096718e-05 3.7504708502195507e-07 0.00019478643752813478 5.823955761814314e-06 0.0 0.00027295274997461325 0.0 2.2231501473253986e-05 0.00047942627095538197 0.0005643989533574978 5.08207631642711e-05 7.889641135216393e-07 4.183622867881989e-06 0.0007628089015780606 1.5822904426965086e-06 6.467620534251481e-08 1.2700185914373405e-05 7.521603340413386e-08 0.0 0.0 0.0 0.0 4.597190377416552e-08 8.044727300062935e-08 0.0 0.000170394807526263 0.0 0.00038883098852770495 8.832136440787752e-08 1.2655374141170134e-07 8.822891754360373e-08 1.3917753929886612e-07 3.399651672498093e-05 9.818536135878848e-06 0.0 0.0 1.575220357979343e-07 5.4992630500747974e-08 3.5153172261280893e-07 2.628956106629466e-05 5.445099973565729e-05 0.00020406125206437624 9.432954883628831e-07 1.4440017237918156e-07 0.0 3.597656493146034e-05 4.437970340378801e-07 0.0 2.1095587948323445e-06 6.784408610965315e-07 5.65364828150836e-06 4.922132647021811e-05 1.0493945135756214e-05 0.0 0.0 3.491444938466088e-07 4.12506490755054e-06 0.0
