0.0 1.666366903734906e-06 0.00010277746768259676 2.0462655320757532e-06 2.2511371789804643e-06 3.501810327687913e-05 0.003103748609145434 0.0008541613101828965 1.2256922909578625e-06 5.890793037677716e-05 5.069246862669047e-06 2.371828020210406e-06 2.3062651272925158e-07 0.002231050543709846 0.0 8.85725450843662e-08 4.687811515195172e-05 1.48941573524692e-06 1.1973482474242896e-05 1.796264013676845e-06 3.058673919501358e-05 1.258041578325706e-06 5.202463628010457e-05 5.430824269532493e-06 1.9858450518443659e-07 2.3887052380976604e-05 1.100895292061278e-05 2.3747466546444813e-05 0.0013488512465625012 0.0010832470771974666 9.702288239428e-08 3.4281330232213736e-06 3.262270375623572e-06 4.930709893500403e-05 5.694400064606274e-07 5.591985517523677e-05 4.401506740989812e-06 6.253642452013229e-05 3.756778382438397e-05 6.0384518318030475e-06 4.144935265065382e-06 7.369125560764867e-08 6.379456084110212e-07 7.572825137348791e-08 0.0 0.0 1.9019476885158823e-07 5.341885520850197e-08 0.0 2.263365057519901e-06 4.9091172390774946e-08 1.447279291282296e-07 0.0 0.0 0.0 0.0 1.8262401322748518e-07 0.0 6.037166931080317e-07 0.0 0.0 0.0 0.0 2.9423841950725405e-07 0.0 0.0 5.283278428707543e-06 0.0 0.0 3.7902033829348445e-07 2.8299706260590297e-06 6.299961762027752e-07 7.119741503378978e-08 0.0 0.0 0.0 1.4114001295379144e-07 0.0 1.7207274742220554e-06 6.748681730446042e-08 4.91049534018948e-07 1.4040930705782908e-07 0.0 0.0 0.0 0.0
1.666366903734906e-06 0.0 2.847846944118651e-05 9.128825347906248e-08 2.009864321879426e-07 2.0930552023524053e-06 5.945423804469688e-05 4.948208117659047e-06 0.0001532423598754463 1.5923594280455634e-06 5.897764132801658e-05 1.4776813951324012e-06 0.0003854555398929497 1.868604070880794e-06 3.2356899552289275e-06 0.00025912739320119865 1.7118273382810325e-06 1.543274342741955e-06 1.6015877220848384e-06 0.0 2.406506955361687e-05 0.0011094593312338883 4.4154681838798995e-05 0.00048706552923186874 0.000983294490232381 0.00013887859665096135 0.004547960380535797 6.635579320044856e-05 2.4012072668978273e-06 1.012127647880968e-05 5.2210745331467964e-06 8.321833742910662e-08 3.2828362333865276e-07 2.4729223108594677e-06 0.0 3.261311379861127e-05 4.8011209357194e-05 7.828455828167038e-06 1.4518217427289389e-06 6.459419063709041e-06 0.0 9.83964491564766e-05 0.0 6.405358929288961e-08 2.3781216586792963e-05 2.397510603441195e-05 1.3379050824858016e-07 4.6290264053931035e-08 0.0 1.193466735806036e-06 1.0528010047793211e-07 3.1586477991021715e-07 6.595758967443408e-08 7.589567485048183e-06 0.0 1.9246522759228776e-05 4.223204689778417e-08 0.0 5.25771402653917e-06 6.481064509515947e-07 5.01512856114286e-07 1.893072556381843e-06 0.0 1.5120834430025234e-07 3.429972441680485e-05 1.188315075373804e-05 3.132260936512516e-06 7.291386904991126e-05 7.930991683715746e-05 0.0006497985102742911 7.649898263881041e-07 6.234385326184336e-07 3.249910730684184e-07 3.5259795853821878e-06 5.6709072818254386e-08 0.0 4.092908733450441e-06 9.879724179585913e-08 1.4821642721653723e-06 8.497308079467861e-06 2.782566699767746e-06 6.693689114998313e-07 0.0 0.0 3.140852770886663e-06 0.0
0.00010277746768259676 2.847846944118651e-05 0.0 1.180089650874175e-06 1.726664598791154e-06 4.425745242312824e-05 0.0005328483243908064 0.0003000768288174512 1.3279528636524209e-07 1.162690332001919e-05 2.704109796625615e-05 7.210247380604588e-07 7.546176563747797e-06 0.00019155863163533053 0.0 3.5360793931865154e-06 0.0014723130458314095 6.167260665986606e-05 0.00015146679196295572 1.2985278312737219e-06 0.0015154248923476658 8.786070698982462e-06 0.006058981388486705 7.794063790494898e-06 1.4827055602467475e-07 0.0028275675908056375 0.004041979309374194 0.00010123786751627161 0.00011052819245348702 0.0008792176323016392 5.306985546358114e-06 3.0841279815274343e-06 1.1659626353575163e-05 0.0008675765833549427 3.3258805719445385e-05 0.0016464593283988182 0.0017616854599908354 0.002079597486119259 0.0005152158279138554 2.3613359500024468e-05 3.721333910047003e-06 8.257538053340942e-07 6.28297915511827e-06 0.0 0.00010322681953211103 7.570950653315573e-05 0.0 0.0 7.8477118247762e-08 1.7744888545967774e-07 0.0 1.3922077316637124e-07 0.0 2.963130414722305e-07 0.0 5.963988913793703e-07 2.4932037189909295e-07 0.0 3.450453706764146e-06 3.098988643345345e-06 4.070416681294536e-07 6.937656098565046e-07 0.0 2.688012871019931e-07 9.12019973815058e-06 1.8066980064222604e-05 7.144517394011263e-07 1.3150377900823737e-06 3.696940293790285e-05 0.000748601197675684 5.004894350646673e-07 0.0 4.6760911079074866e-07 0.0 0.0 0.0 1.1404355263576203e-06 3.3216369077981244e-07 3.4766418449950177e-06 6.160451006390562e-06 2.4123664833051174e-06 1.110833746751952e-06 6.808785812272518e-08 0.0 0.0 0.0
2.0462655320757532e-06 9.128825347906248e-08 1.180089650874175e-06 0.0 1.0171545644743828e-06 5.54371879409905e-05 0.0001553051678886302 2.0444667120300746e-05 0.0003975052767949596 0.002598824677770844 6.850465298169779e-07 0.0006956281204109436 0.0 1.1910584012155242e-05 2.6054276036689344e-05 0.0 3.557870977280886e-07 9.983219602013314e-08 1.7682391559328745e-07 0.0030764267984023023 1.64629441330297e-07 1.7165219524482035e-06 3.180480874671932e-07 0.0012769957742373168 0.0 2.2281730522497573e-07 4.724450171914282e-06 0.0013713472872786563 1.9198857738828096e-05 1.1787911783086402e-07 0.0 8.1295847821515e-07 1.1015211251084373e-07 9.567320219590695e-06 1.0855119412736988e-06 0.0004618033380442148 1.1222394925992656e-06 3.469907765044452e-05 1.504870857756326e-05 0.0002735409293759347 8.559022318748351e-06 0.0 3.538312727635645e-06 5.516528823012974e-07 0.0 1.7264762436865583e-07 0.00012370324538629447 2.5052763936760295e-07 1.965452153626824e-05 6.477075646115175e-05 1.0066087278881794e-05 1.654017489246769e-05 7.974269578940596e-05 6.201470426484183e-08 5.945015611055265e-05 0.0 6.119663652278066e-06 5.10015186691305e-06 3.9092041056156115e-07 2.3102345057489453e-07 0.0 0.0 3.818685826733079e-05 1.0787531057227914e-07 9.6190406955474e-08 3.053176169848306e-07 0.00023792914449206263 0.0 5.0145105988970073e-08 4.038604349235808e-07 0.00020282157581538233 3.0769044549468863e-06 1.1889046013316899e-06 0.0 2.140098515719642e-07 0.0 1.379927609240754e-06 1.7215110987380418e-07 5.4740967114405386e-05 3.0150398217194127e-07 4.563901445382962e-06 3.9413468946962475e-06 0.00013942422992938545 1.3856989245435512e-06 0.0 0.0
2.2511371789804643e-06 2.009864321879426e-07 1.726664598791154e-06 1.0171545644743828e-06 0.0 0.00020444141960349613 1.055222203703218e-05 5.427351519794166e-05 2.4549542421301643e-05 1.7016402224649398e-05 6.286882680255912e-05 0.00013645858402227686 1.244572744651981e-05 9.500511878757316e-06 0.0006562132330955584 0.0 5.499978018548156e-07 2.6125384506993387e-06 3.00582484408698e-06 7.468954725290285e-06 4.696528876584434e-07 1.536066952002923e-06 2.4052417333290676e-06 1.781936502618083e-05 9.575819870499886e-07 2.2776809370852607e-06 2.03874079589093e-06 6.169429874442396e-06 0.00011068691889504686 4.0748317497187255e-06 4.793973165661685e-07 8.18884174338337e-05 7.102011307702319e-07 0.0010192549237813125 2.162647192726791e-06 0.00015364461080355463 9.548942421457512e-06 0.00042931323482611137 0.00011487788665072425 0.0014403480365583407 0.00023401364199590526 9.010138011413865e-06 1.2252131041783633e-05 0.0 0.0 0.0 0.0 0.0 0.0 0.0 1.260840052791593e-07 0.0 1.3785064840376073e-07 6.822845875131841e-08 0.0 0.0 0.0 0.0 0.0 0.0 0.0 0.0 0.0 0.0 0.0 0.0 3.8048636239136207e-07 0.0 0.0 1.7364025815555013e-07 6.035349817482177e-07 9.406272419385358e-08 0.0 6.866403972039949e-08 0.0 0.0 3.847604518525623e-07 8.886164075863827e-08 1.1634858940525078e-06 2.655207375024199e-07 2.1524958109558993e-07 0.0 9.624965845953345e-08 0.0 6.192145086057586e-07 0.0
3.501810327687913e-05 2.0930552023524053e-06 4.425745242312824e-05 5.54371879409905e-05 0.00020444141960349613 0.0 0.0026782051022760547 0.002684976967441873 9.178073295323508e-06 0.003931633005736221 5.367492883732695e-05 0.0025120418382950822 6.643231716858004e-06 0.0005301371601946422 0.0005476179193025475 4.6456109466830727e-07 5.780332570584985e-06 4.2996085765003534e-06 5.46795324811122e-06 0.0002346493373532591 7.2243582896789626e-06 8.53972232931919e-06 1.7855398341118423e-05 5.375117009327347e-05 8.549996807125974e-07 9.013314010592292e-06 1.9393182709581614e-05 0.00044925176092321757 0.0007788924481789087 4.813376116507523e-05 3.2521945209651016e-07 0.0004237680449748621 1.6460882475644672e-06 0.00024017977371253513 3.7394434088488435e-06 0.0004205539673358778 1.3162844390288378e-05 0.0003030500196112684 5.523803268101769e-05 0.0016676830322702825 0.00015323560054348215 2.4438137299006924e-06 1.155568403870316e-05 7.336365995046805e-07 0.0 2.0365301012612505e-07 2.1087870212889317e-06 0.0 4.4879350987757384e-07 1.2577797550189321e-05 2.3434751634132173e-06 1.3070348223521582e-06 2.745414030708442e-06 0.0 3.77182263041969e-06 0.0 1.5474767655474398e-06 0.0 2.6978299594099404e-06 0.0 0.0 0.0 2.099298910320071e-06 0.0 7.799179281194925e-07 1.5933776729022948e-07 2.7588367524075952e-05 0.0 1.2176686762906543e-07 2.492191238311753e-06 2.204528094699529e-05 2.7614147562391603e-06 1.3866273041371706e-06 0.0 4.445036845972135e-08 2.1145089169624272e-07 5.157571654148591e-07 3.628260694164171e-07 6.63619259094419e-06 2.7679374340140055e-07 2.3440939642601508e-06 1.246625663235383e-06 1.1564766782439637e-06 1.3803192600439414e-07 4.852785223475776e-07 9.914160802882267e-08
0.003103748609145434 5.945423804469688e-05 0.0005328483243908064 0.0001553051678886302 1.055222203703218e-05 0.0026782051022760547 0.0 0.0030464014449419472 0.00010127522571970883 0.004130859321347465 2.162794924597289e-05 4.7595614389374046e-05 1.1157427969993337e-06 0.003470459131202296 7.508746597263931e-06 1.8363047785960966e-05 1.9555983706560065e-05 4.274764841112687e-06 1.1252862375663306e-05 0.00010197984669525694 0.00026902448199458474 0.00020160422971615517 0.00034230904893214464 0.001050614285865435 3.6807846993637075e-06 6.157285213806629e-05 0.0006533863046154141 0.007917735632039428 0.0009758717377493578 0.0031611888073264666 3.9948831588758244e-07 1.338844330156667e-05 2.6036312844859088e-05 0.00025351374431927627 3.0479914256394665e-05 0.001757263680743416 4.89857255098921e-05 0.0007168403241722508 0.0003486565577079782 0.00014977139313796789 8.05762754923337e-05 1.9232445317084956e-06 2.1232812462428643e-05 5.0492625506589645e-06 3.5458631544128216e-06 3.975556334212031e-06 1.7021126888688686e-05 1.3979087249642533e-07 2.825892475258765e-06 6.997719996941035e-05 9.65634271271211e-06 9.348429143422776e-06 1.760491063651271e-05 2.1617334838325653e-07 1.4795873956257224e-06 0.0 1.207391450860445e-05 9.447437852458232e-08 1.1642915246175863e-05 1.789236955907342e-07 0.0 1.7785651305934732e-07 6.298907394670376e-06 1.5841483812169049e-06 1.1277401306065045e-05 6.570263292007417e-06 0.00018643759501090493 1.6614835995046617e-07 4.983963031495941e-06 2.962564279951161e-05 0.00014708901687592743 1.8395181649241577e-05 1.1412976261025927e-05 5.0329039159697576e-08 6.313584089580735e-07 7.725741393963715e-07 5.077983842504089e-06 1.8726706354913924e-06 4.2378124396309395e-05 1.4279331209590522e-06 1.6160208038627298e-05 1.0415506112283758e-05 4.255393756144068e-06 1.2107775972046983e-06 0.0 6.228132350228848e-07
0.0008541613101828965 4.948208117659047e-06 0.0003000768288174512 2.0444667120300746e-05 5.427351519794166e-05 0.002684976967441873 0.0030464014449419472 0.0 4.860131642225395e-05 0.0007013510519134112 4.538628696140207e-05 0.0005036732165406619 4.561865481000063e-06 0.0029780058363337455 4.118305870849484e-05 5.948897178821235e-07 0.000150311472260213 6.939190290327911e-06 4.362366442056026e-05 0.00013910030308205668 5.760375149234322e-05 1.531079163379319e-05 0.00010433232733061837 0.00013539163259055197 7.511117496027392e-07 8.062724791202725e-05 5.053960207646786e-05 0.0003274407443497665 0.001796497355871462 0.0012573883977574508 6.025952569422543e-07 0.0005874125783765327 3.1111874455610476e-06 0.0002619364378071982 7.283618796651158e-06 0.0003989989448594155 1.9845170889560563e-05 0.0003503624604356425 0.00014727652331140818 0.0005160190091757883 7.042435764088066e-05 2.3702893125325124e-06 1.1442906839729522e-05 4.516145995832235e-06 0.0 5.22456469928013e-07 3.978505520714964e-06 5.241874630506328e-07 1.1516015817013238e-06 3.257905783755219e-05 5.809092344098743e-06 1.5809001727018316e-05 1.6794984327751268e-06 1.385743948746489e-07 1.633189868903324e-06 0.0 7.4057948630520375e-06 4.1934798960691516e-07 9.911763401432879e-06 3.384472226597958e-07 0.0 1.1093853718331752e-07 5.019368219764219e-07 8.527952490835293e-07 4.168681295733992e-06 1.5317003995430743e-06 0.00014966763570571726 9.563716157935648e-08 7.504692558654558e-07 4.349454285034514e-06 7.423726033815671e-05 1.5297272324045583e-05 7.443701212785231e-06 0.0 1.785567497826512e-07 1.818836875168081e-07 4.6572297743180455e-06 9.887154088784553e-07 3.083828913729602e-05 1.262307349249733e-06 1.1954409533647006e-05 6.580921217749327e-06 1.3628189470938656e-06 9.973687069284821e-07 1.7701475035453172e-07 2.6911978200961173e-07
1.2256922909578625e-06 0.0001532423598754463 1.3279528636524209e-07 0.0003975052767949596 2.4549542421301643e-05 9.178073295323508e-06 0.00010127522571970883 4.860131642225395e-05 0.0 6.304136906200328e-05 4.5026241413641015e-06 7.945204038941399e-05 1.3528261447876454e-05 1.091324059820653e-05 0.00029136959954382293 1.709090125070075e-05 1.3834397235886228e-07 4.705452845182654e-08 5.8746810794246994e-08 0.00017644416561903733 1.2201393801498237e-05 0.0009326375707682703 1.3726110075791588e-06 0.0050040577607948005 5.242092046994064e-05 1.6628238430792804e-06 7.446738334804876e-05 0.0005800415094830677 9.921244996374938e-06 6.7332492776372755e-06 6.965170021731185e-07 5.349392012641932e-07 1.1786074186415847e-06 5.3449930487322065e-06 1.0838834309867978e-06 5.420793572578398e-05 3.868204816767513e-06 1.4703190063336644e-05 7.120642459753298e-06 0.0001390616477627562 2.672366020687323e-06 1.3969846636842528e-06 1.9402089592887666e-07 4.561771692626141e-06 3.2604823094318877e-06 1.1062000757496443e-06 6.829819407982377e-05 4.3937896928527575e-07 1.443779776674712e-05 9.00564680668658e-05 7.013138892847593e-06 8.416009315338784e-05 3.823109065252411e-05 4.361010752557966e-07 7.822458165274978e-05 7.753273727797294e-07 1.0963147751138384e-05 1.6915846846045314e-05 9.008034512654382e-05 4.4236710254307267e-07 0.0 2.7414202894447074e-07 4.126526754372448e-05 1.598457361119566e-05 6.166928113907857e-05 1.0858557325347708e-05 0.000688258483491481 7.384648789731022e-07 8.239775470312131e-07 1.0524116514539266e-05 0.00026888321991215845 2.233716671695172e-05 2.4610170749293234e-05 1.2489155791598385e-07 4.272175281936553e-07 1.6371642837857943e-06 5.793964096242368e-06 1.996224952410196e-06 3.6438419263718584e-05 1.2304812043708784e-06 1.5581047006976506e-05 1.0557582143812289e-05 5.922420854364506e-05 1.549348190614527e-06 2.19260157035076e-07 4.7277453681155175e-07
5.890793037677716e-05 1.5923594280455634e-06 1.162690332001919e-05 0.002598824677770844 1.7016402224649398e-05 0.003931633005736221 0.004130859321347465 0.0007013510519134112 6.304136906200328e-05 0.0 3.4747414103549145e-05 0.003849378570413631 1.800275784863851e-06 0.00048745923914531047 1.1282674579076765e-05 2.351329862616437e-07 2.2894656848361023e-06 3.460153554867206e-06 7.099547760387673e-06 0.0040560352893258276 2.935934600900067e-06 5.54240804759457e-06 4.293312212577946e-06 0.00024187659158309184 4.164766628768866e-07 6.09108425029021e-06 1.6531258239940982e-05 0.0023753466058934218 0.00029807633301431505 1.550312112917354e-05 3.3159649281672136e-07 2.3357651347045903e-05 8.229854964094393e-07 0.0001999556933438247 8.258426633119972e-06 0.0007874449019522587 1.9513341574093924e-05 0.0005293019045016658 0.0001142860820112768 0.00022105367552664385 0.00010700002427832495 1.5615199455355512e-06 2.235178097222804e-05 1.053555119212392e-06 5.730732649280695e-07 2.678817610152027e-07 3.724066763496241e-05 0.0 8.408442587891605e-06 5.7963204303364544e-05 8.146255472834271e-06 9.193649838112501e-06 3.772237642528431e-05 2.114998245513522e-07 3.8436628919815636e-05 0.0 6.833703946998737e-06 1.8118088968652052e-06 8.553011385235143e-07 0.0 0.0 5.981967557089873e-08 1.857946859395671e-05 2.911236815837554e-07 1.140755558700557e-06 5.032771089269589e-07 0.00016866248380726007 4.89149938702859e-08 3.698258630116514e-07 9.270781377547724e-07 0.0001379574453070779 5.5106958849892645e-06 2.2447458338463884e-06 0.0 2.7434551501514686e-07 0.0 8.709792580734917e-07 4.959064849692026e-07 3.8329326735248576e-05 4.623899082706536e-07 4.914702789781913e-06 4.906395940008916e-06 6.257395241498049e-05 1.1226003995156463e-06 1.9058067957495303e-07 0.0
5.069246862669047e-06 5.897764132801658e-05 2.704109796625615e-05 6.850465298169779e-07 6.286882680255912e-05 5.367492883732695e-05 2.162794924597289e-05 4.538628696140207e-05 4.5026241413641015e-06 3.4747414103549145e-05 0.0 3.4478274896357574e-05 0.0016580843864422191 3.324045727957941e-05 9.042599950860439e-07 4.437316197633883e-06 0.00020899819688688771 0.002060903112053173 0.0010069534676046658 1.208948754276363e-05 1.6111707289593957e-05 2.2492853145245992e-05 3.51999587700492e-05 2.56270052621465e-05 0.0007202429448853715 0.0010246123116817714 0.00028469781213473586 8.172964119671996e-06 0.0002354886448220679 1.7030900374641964e-05 0.00016810074108156674 0.00011766862900739112 7.814374448453765e-06 0.0031637499953098397 8.500702967987418e-06 0.0003763806140247022 0.002367187355214828 0.0026840593667518398 0.0004884457951491725 1.8068565304621474e-05 3.5781443189374544e-05 0.0010469468845405116 3.0999145215943565e-06 0.0 1.2172317362094743e-06 1.0524107468250578e-06 0.0 0.0 0.0 1.687115778954765e-07 4.379817779498006e-08 1.4940102402049987e-07 5.190430791696315e-08 0.00013247057050755408 0.0 0.00027310256785146144 5.717183602931489e-08 0.0 1.7432631095365092e-07 0.0 2.9473277677311463e-06 2.1122489352409745e-07 0.0 0.0 5.1900606505289355e-08 0.0 1.4904021686873056e-06 0.00021777039137424928 1.3505864793822987e-05 9.845762353426149e-05 1.7175599381671946e-06 4.6312745310302887e-07 5.4509455916090635e-08 3.009982663917886e-05 0.0 0.0 2.39145282731017e-05 1.3177952068320503e-06 1.04400386254594e-05 0.00027226451009586673 2.076607888008514e-06 6.236131640645121e-07 5.777043333752936e-08 0.0 0.00010886546351209686 0.0
2.371828020210406e-06 1.4776813951324012e-06 7.210247380604588e-07 0.0006956281204109436 0.00013645858402227686 0.0025120418382950822 4.7595614389374046e-05 0.0005036732165406619 7.945204038941399e-05 0.003849378570413631 3.4478274896357574e-05 0.0 1.8008327316516426e-06 0.00024002006436303316 0.0009186888806149689 5.491867878563527e-08 1.2095683007071321e-06 3.2439880816228496e-06 4.446244400203659e-06 0.0031228372150746138 2.4879052060144493e-07 6.425046578936844e-06 8.25273137507971e-07 0.00040842858624984317 7.286338042592948e-07 2.8238757167684704e-06 2.518335533128567e-06 0.00014609024986434824 0.00017045759045746216 6.702170215473222e-07 2.6641276807671164e-07 3.064409271348542e-05 0.0 0.00015268009342650867 1.911601061732523e-06 0.0010819291572655915 6.199788501163974e-06 0.0002448284626794271 2.6045918649152264e-05 0.0013031617742141181 8.625510608442563e-05 6.186521350086643e-07 1.5692730231560036e-05 0.0 0.0 0.0 2.6455923398537067e-05 0.0 4.730724286400501e-06 1.5113932102117859e-05 2.629763977208553e-06 1.4370200528813938e-06 1.7029288371301653e-05 5.641590944677832e-08 0.00011317701916831165 0.0 1.2948013531388393e-06 1.6579927152589066e-06 4.008650916242943e-07 0.0 0.0 0.0 1.0159428075983542e-05 0.0 1.7579552077173222e-07 0.0 7.983764415104579e-05 0.0 0.0 9.969586550969479e-08 6.026775160935489e-05 7.283922726889403e-07 4.104580036307163e-07 5.427065702857344e-08 8.357978413468988e-08 0.0 7.517433704432307e-07 0.0 3.687596690174369e-05 2.2089496164964157e-07 1.8684721598944502e-06 1.0417145153279652e-06 6.669970169216843e-05 2.4009686848899006e-07 0.0 0.0
2.3062651272925158e-07 0.0003854555398929497 7.546176563747797e-06 0.0 1.244572744651981e-05 6.643231716858004e-06 1.1157427969993337e-06 4.561865481000063e-06 1.3528261447876454e-05 1.800275784863851e-06 0.0016580843864422191 1.8008327316516426e-06 0.0 1.4194956036426962e-06 2.002137625010379e-07 2.1200492044144033e-05 3.963378747639803e-07 3.133845590854539e-05 5.210117506352187e-06 5.21464534975354e-07 1.5117350138919017e-06 9.727804992668435e-05 4.661062065595243e-06 3.87272769796384e-05 0.002605202654659036 0.000484824680015786 0.0020900921916407584 3.4802820436093484e-06 1.2619747704225004e-05 5.00810199978664e-07 0.00035655962491546345 1.0620080320879291e-05 0.0 0.0002677502617771711 2.71429504197573e-05 0.0006079139372915776 0.001924187378525078 0.0009111393695564377 0.00011324854682830727 9.724437265184851e-06 6.597688856018713e-05 0.0006273098309141053 4.247472233929316e-06 5.8619015700572055e-08 7.25021229839353e-06 9.793357810806426e-07 0.0 8.901474811026996e-08 0.0 5.2823356868655015e-08 0.0 4.800757930372495e-08 0.0 0.00016050171386544897 0.0 0.0005150585314751032 0.0 0.0 1.013223660457266e-07 7.398592749716366e-08 8.917575918071172e-06 1.449775744050331e-06 0.0 0.0 2.350852004585894e-06 1.6500690724437156e-06 4.991595438758235e-07 0.0004810791730921722 4.623663051202591e-05 0.00030381775174753776 7.541212912858682e-07 0.0 9.571615394567616e-08 7.490419248215174e-05 0.0 0.0 3.476741559483255e-05 8.918498297329468e-06 0.00011951093485196098 0.00032325413411471893 2.625928574914121e-05 5.385838579589902e-06 4.3114362230341487e-07 5.914000173169764e-06 0.0001351271912820485 3.121245005221192e-06
0.002231050543709846 1.868604070880794e-06 0.00019155863163533053 1.1910584012155242e-05 9.500511878757316e-06 0.0005301371601946422 0.003470459131202296 0.0029780058363337455 1.091324059820653e-05 0.00048745923914531047 3.324045727957941e-05 0.00024002006436303316 1.4194956036426962e-06 0.0 5.6030126923349146e-06 1.4148610940393064e-07 0.00012286627497580372 5.631588913422114e-06 3.22983857039118e-05 8.25290923610386e-05 4.960014422759206e-05 5.999159178089809e-06 7.90933162263423e-05 3.090726108820003e-05 2.5239464009104884e-07 5.726397999567597e-05 3.3648160763007866e-05 0.0001406657884323326 0.0031974235458146517 0.0013565584221478244 1.56104184170814e-07 7.148413909359573e-05 1.558240623956414e-05 0.00019254428501043567 3.631439001905348e-06 0.00025830438700242744 1.2427084481760483e-05 0.0002387671433624388 9.923132509329056e-05 9.024955676130077e-05 2.7935854543493807e-05 8.535017271194866e-07 5.621135767799106e-06 7.821415222652464e-07 8.328471800627529e-07 1.6237044279631963e-07 2.03643626951141e-06 0.0 8.873968695526099e-08 5.646599725799909e-06 1.0812760370790239e-06 4.146577337555995e-06 7.479482089518851e-07 0.0 1.8721122380201196e-07 0.0 2.6666518362881475e-06 0.0 1.6175390279862553e-06 0.0 0.0 0.0 4.91613883630087e-08 5.397468868106333e-08 6.276066498922856e-07 5.423653222993242e-07 2.8076362077727837e-05 6.645623922836324e-08 2.3903728638235523e-07 8.793812456934164e-07 1.3106346934115667e-05 2.9900115651763523e-06 2.1266071497023526e-06 0.0 0.0 7.435452159013262e-08 5.772919826201028e-07 1.739425401089101e-07 9.111482195546372e-06 1.6727266856592792e-07 3.1749527199461902e-06 1.3216113429895478e-06 4.780535788203731e-07 6.988471998668054e-08 0.0 0.0
0.0 3.2356899552289275e-06 0.0 2.6054276036689344e-05 0.0006562132330955584 0.0005476179193025475 7.508746597263931e-06 4.118305870849484e-05 0.00029136959954382293 1.1282674579076765e-05 9.042599950860439e-07 0.0009186888806149689 2.002137625010379e-07 5.6030126923349146e-06 0.0 0.0 0.0 0.0 5.9137579620433606e-08 6.876012671434679e-05 5.474518957206547e-08 1.942575639985173e-05 6.995936994164849e-08 0.0005292124564666906 1.0478403805653751e-06 5.615924932011649e-08 1.1938507861844705e-06 3.089072439054768e-05 5.53319355673633e-06 7.746635332712183e-08 0.0 4.9351050359917485e-05 0.0 4.267087387959495e-06 0.0 0.0002748169392596295 3.530575909719052e-07 2.625898498534498e-06 6.482902491750215e-07 0.0008112417820698344 2.2922923652156345e-05 3.088778304062727e-07 3.7660383216196636e-07 0.0 1.2126913860850825e-07 0.0 1.1901853958008446e-06 0.0 2.195034477398848e-07 5.054028807384118e-07 5.7660759738507376e-08 1.3654854768365837e-06 3.5001490526783785e-07 0.0 1.4765667545271184e-06 0.0 0.0 0.0 3.11393330021879e-07 0.0 0.0 0.0 7.213477055071832e-07 1.0182544958238993e-07 3.7038423638519207e-07 1.7225754955715806e-07 9.243170036889182e-06 9.199248560637369e-08 0.0 7.682502110053292e-08 3.3507408668118533e-06 3.5190383010808595e-07 6.026572459486975e-08 0.0 0.0 0.0 1.6112807457101248e-07 0.0 3.4173629707313022e-06 0.0 1.2699665387316518e-07 0.0 8.348874270946273e-06 8.138989789680924e-08 0.0 0.0
8.85725450843662e-08 0.00025912739320119865 3.5360793931865154e-06 0.0 0.0 4.6456109466830727e-07 1.8363047785960966e-05 5.948897178821235e-07 1.709090125070075e-05 2.351329862616437e-07 4.437316197633883e-06 5.491867878563527e-08 2.1200492044144033e-05 1.4148610940393064e-07 0.0 0.0 5.941249474318507e-07 5.479824795893632e-08 4.18921816392505e-07 0.0 0.0017741379108251413 0.0011977970484622984 0.0032918138244127783 0.000996674573298059 8.22024881134801e-05 3.2181159755113603e-06 0.0025399580483286876 0.001324829105663387 3.3093077175727562e-06 4.283490642009739e-06 9.422843706922586e-08 0.0 2.373135110124994e-06 1.6015739049271195e-05 1.2939081186418437e-05 0.0009701952882469606 0.0005524828081229184 7.526309389368323e-05 0.0002257031207165204 2.094810844081436e-05 7.247598142662091e-07 9.564093836873671e-06 3.700099875183729e-06 1.7748041975210176e-06 2.2395967219903194e-05 9.296128789276261e-06 0.0 0.0 6.516160784134949e-08 8.223174605218338e-06 3.600418656275697e-07 1.6958373169629807e-06 0.0 2.2197886318766442e-07 0.0 6.470547680815918e-07 1.1124319661894138e-06 1.6927939758005955e-07 0.0014083949732179352 2.775804476075684e-07 0.0 0.0 0.0 0.00017661075739171982 0.0006220009325331369 0.000597835895171102 8.095435556121251e-05 4.648690280218348e-06 9.063958686668565e-07 0.00022223246620853916 0.00012035183747979528 6.613325587713546e-06 5.785716559663625e-05 3.876123027953854e-07 0.0 9.049787677849952e-08 1.5777597012920167e-06 1.6570572316538193e-07 0.00011938306499748152 2.0275590264160263e-06 4.536998650345807e-06 5.550379726829231e-06 2.1837261345852945e-07 0.0 3.521910557983353e-07 6.876515862447231e-08
4.687811515195172e-05 1.7118273382810325e-06 0.0014723130458314095 3.557870977280886e-07 5.499978018548156e-07 5.780332570584985e-06 1.9555983706560065e-05 0.000150311472260213 1.3834397235886228e-07 2.2894656848361023e-06 0.00020899819688688771 1.2095683007071321e-06 3.963378747639803e-07 0.00012286627497580372 0.0 5.941249474318507e-07 0.0 3.751616636623263e-05 0.0013200618419855741 4.839199765453138e-07 0.0005900058924034716 5.586551868802323e-07 0.0030120274387497865 7.736216644436518e-06 6.131923310906797e-07 0.0008888394315055638 0.0007281902431189384 8.118894114820784e-06 0.00021516421313200418 0.00046307611146270136 0.0 2.1923070526867315e-06 3.296509205697518e-05 0.0024550850841386952 3.9288292939415e-06 0.00033862869957277265 0.0003973334551685593 0.0015846174547854408 0.0002132505666378898 7.047428604319275e-06 3.3127515630451566e-06 6.07363986094737e-07 9.811101934972332e-07 0.0 2.0968999858940027e-06 4.921140176043228e-07 0.0 0.0 0.0 0.0 0.0 0.0 0.0 0.0 0.0 0.0 0.0 0.0 6.907746041490229e-08 0.0 1.69040540857985e-07 3.362017670513437e-07 0.0 5.740792151218059e-08 6.078833693374951e-08 9.037632781702413e-08 7.08806937192649e-08 1.8749315763025888e-07 9.09187295028014e-06 2.473127959460636e-05 1.9813485113972077e-07 5.024383921754998e-08 4.999982847250148e-07 0.0 0.0 0.0 0.0 3.7652544223895295e-07 7.906345077416986e-07 3.3565488347654047e-07 8.264110998985262e-08 0.0 0.0 0.0 0.0 0.0
1.48941573524692e-06 1.543274342741955e-06 6.167260665986606e-05 9.983219602013314e-08 2.6125384506993387e-06 4.2996085765003534e-06 4.274764841112687e-06 6.939190290327911e-06 4.705452845182654e-08 3.460153554867206e-06 0.002060903112053173 3.2439880816228496e-06 3.133845590854539e-05 5.631588913422114e-06 0.0 5.479824795893632e-08 3.751616636623263e-05 0.0 0.00045405343624943734 8.855251866397875e-07 5.509232658638101e-06 1.6394560070401682e-07 1.4627564063460645e-05 1.6216944505747572e-06 2.1723821126693695e-06 0.002612950471768635 0.00036244273687568903 1.228571001233053e-06 2.0194560077932312e-05 7.452498571898199e-06 2.2646252142092015e-05 4.762866598346039e-06 5.221648970068656e-07 0.0003216688374476429 1.6553413719070536e-06 0.00024328305419332155 0.0008467369405564871 0.0007126601085620386 0.00014596809998254325 2.8851836682832076e-06 1.1197176360018913e-06 2.5144025094749214e-05 1.145515174090702e-06 0.0 1.8618696125958318e-06 0.0 0.0 0.0 0.0 0.0 0.0 1.8358541153383542e-07 0.0 5.654394840950365e-07 0.0 1.1660977894166659e-05 0.0 0.0 1.5883526209914013e-07 2.278600882472592e-07 1.158200957738378e-06 9.179790123799113e-07 0.0 0.0 1.5959269719971566e-07 7.080978373234228e-08 6.634189548883096e-08 1.5214454327061915e-05 1.5149012371023102e-05 5.992082921426232e-05 1.1296930127559661e-07 0.0 0.0 2.604215233746597e-06 0.0 0.0 6.098418402330204e-08 0.0 3.4007971919356633e-06 3.788276581279044e-06 1.666552220115465e-07 0.0 8.564081497867658e-08 0.0 7.212997799372818e-08 0.0
1.1973482474242896e-05 1.6015877220848384e-06 0.00015146679196295572 1.7682391559328745e-07 3.00582484408698e-06 5.46795324811122e-06 1.1252862375663306e-05 4.362366442056026e-05 5.8746810794246994e-08 7.099547760387673e-06 0.0010069534676046658 4.446244400203659e-06 5.210117506352187e-06 3.22983857039118e-05 5.9137579620433606e-08 4.18921816392505e-07 0.0013200618419855741 0.00045405343624943734 0.0 1.5689166095027781e-06 7.930443686343758e-05 1.4331759970913107e-07 0.00015838129966425104 1.9387826574107777e-05 1.0579199992896227e-06 0.003047218585133377 0.0004961416086971155 3.1823917332680747e-06 9.0208678980448e-05 7.668089551832005e-05 2.230304588238765e-06 6.3237404378942425e-06 1.2347140481535573e-05 0.0019917831329560767 5.544561984835479e-06 0.0006037475250889177 0.0008501515115254033 0.001948358503003197 0.00033029949131653026 5.503446978677109e-06 2.3011308403613273e-06 3.786916558285793e-06 1.500325696760669e-06 0.0 2.0890156898560325e-06 4.6683960272631524e-07 0.0 0.0 0.0 4.158359138154182e-08 0.0 0.0 0.0 2.481679653278262e-07 0.0 8.018713622227559e-07 0.0 0.0 0.0 0.0 0.0 2.798065575565692e-07 0.0 0.0 0.0 0.0 1.8061246466690326e-07 1.3289180453027343e-06 2.0612320537855795e-05 4.102496064422073e-05 2.715365724943704e-07 8.905656249527234e-08 8.50647345914777e-08 0.0 0.0 0.0 1.3500801243375046e-07 0.0 4.50376515452756e-06 6.99811326036446e-07 3.0830183677090995e-07 0.0 0.0 0.0 0.0 0.0
1.796264013676845e-06 0.0 1.2985278312737219e-06 0.0030764267984023023 7.468954725290285e-06 0.0002346493373532591 0.00010197984669525694 0.00013910030308205668 0.00017644416561903733 0.0040560352893258276 1.208948754276363e-05 0.0031228372150746138 5.21464534975354e-07 8.25290923610386e-05 6.876012671434679e-05 0.0 4.839199765453138e-07 8.855251866397875e-07 1.5689166095027781e-06 0.0 5.115382260236892e-08 8.62609942158953e-07 2.894859081285765e-07 0.00038422174548655207 0.0 2.0207756641932336e-06 1.0768164673726857e-06 0.001975688201372673 7.821063113095196e-05 8.516642123812233e-07 2.2502678050940351e-07 7.947637811580027e-06 0.0 5.974134407524696e-05 3.342793627497243e-06 0.0006358899089878742 5.059799284085832e-06 0.00014791762165504687 3.12191031035378e-05 0.0004677927194373159 3.8789309289706426e-05 0.0 9.002431677128574e-06 5.119467404199056e-07 0.0 6.978386615766253e-08 4.9226206211879935e-05 0.0 1.1799358658943123e-05 4.999286539903065e-05 7.161252893135153e-06 1.5226088880876954e-05 4.345240545452009e-05 1.0397096225610314e-07 5.203870578445539e-05 0.0 5.760611885355958e-06 3.240182495452532e-06 4.240620265462804e-07 0.0 0.0 0.0 1.9435781143220094e-05 0.0 0.0 0.0 0.00018862984532789088 0.0 0.0 3.193702191862521e-07 0.00015104568524855588 3.3094977281915582e-06 1.066524774145988e-06 0.0 3.258650929976256e-07 9.154070132212681e-08 8.102365477859864e-07 3.0043435131095766e-07 4.8927403942139795e-05 6.648789449140312e-07 5.783109976403565e-06 3.4741404859286968e-06 0.0001133706038422717 7.331680721160658e-07 0.0 0.0
3.058673919501358e-05 2.406506955361687e-05 0.0015154248923476658 1.64629441330297e-07 4.696528876584434e-07 7.2243582896789626e-06 0.00026902448199458474 5.760375149234322e-05 1.2201393801498237e-05 2.935934600900067e-06 1.6111707289593957e-05 2.4879052060144493e-07 1.5117350138919017e-06 4.960014422759206e-05 5.474518957206547e-08 0.0017741379108251413 0.0005900058924034716 5.509232658638101e-06 7.930443686343758e-05 5.115382260236892e-08 0.0 0.00012961514378417456 0.010508450879065283 0.00027677772339286446 6.6077391164757575e-06 0.000195381415407705 0.0007844326070453857 0.003101542491802883 0.00013127317887288588 0.006298447346338749 2.900325218087785e-07 3.213614938427364e-06 6.418057293880691e-05 0.0014813020461627421 0.00011921236703387748 0.0032491613630898854 0.0004514736342113549 0.0021558230422173033 0.001709829210899413 6.555492203388108e-05 8.731840984000983e-06 2.2716127714579537e-06 1.8021105804140076e-05 3.635353379697687e-07 2.242461253159853e-06 1.9879110853775674e-06 0.0 1.6383516079710926e-07 8.642335509671148e-08 6.649554070184649e-06 3.7351810790809824e-07 1.177315674162895e-06 0.0 0.0 0.0 0.0 8.858169692112059e-07 0.0 0.00029261473638650577 2.440490989991494e-07 0.0 0.0 0.0 8.654299448640967e-05 9.044440544324975e-05 4.4777262771682975e-05 5.988991963626874e-05 3.2385901462226467e-07 1.33258544543723e-06 2.0527851889588828e-05 7.997922694537103e-05 8.120527442244367e-06 5.256460183455719e-05 5.73399369899533e-08 0.0 7.132362931622907e-08 1.494813644139617e-06 1.7022489138312403e-06 3.3270888852546285e-05 7.589305142676258e-07 2.9132439689717735e-06 3.6299701487337043e-06 1.540673426304611e-07 1.0608274774375744e-07 0.0 4.129536226172153e-07
1.258041578325706e-06 0.0011094593312338883 8.786070698982462e-06 1.7165219524482035e-06 1.536066952002923e-06 8.53972232931919e-06 0.00020160422971615517 1.531079163379319e-05 0.0009326375707682703 5.54240804759457e-06 2.2492853145245992e-05 6.425046578936844e-06 9.727804992668435e-05 5.999159178089809e-06 1.942575639985173e-05 0.0011977970484622984 5.586551868802323e-07 1.6394560070401682e-07 1.4331759970913107e-07 8.62609942158953e-07 0.00012961514378417456 0.0 0.00019174973810332543 0.00429280363199673 0.0004473273263346409 1.858214373622894e-05 0.001990147284333769 0.00036893120930281317 8.394870749907241e-06 3.314906716257634e-05 2.188152700037541e-06 6.045876188884178e-08 2.5358970543185605e-06 3.4064907775933104e-06 5.361812224821559e-07 6.115533582913666e-05 4.3750893065711585e-05 6.322227237665937e-06 4.173943864533046e-06 4.057675667090405e-05 9.365238608126037e-07 1.1569679644948262e-05 1.003960858465408e-06 1.0922282154099043e-06 4.106836390356003e-05 5.3207337835981996e-05 1.9566891092026238e-07 7.413097849494911e-07 4.3662748539727916e-08 7.918392116934516e-06 1.0315228758855745e-06 5.2278365640570005e-06 0.0 1.323607175009155e-06 0.0 4.051695461559497e-06 1.3283176454841477e-06 2.502437584425901e-07 0.0005509473864985461 0.0 5.4634205056409013e-08 0.0 7.419551511364584e-08 7.386427628419073e-05 0.00018518418122855448 0.00023377802318972236 9.129490718102714e-05 7.206435206114271e-06 2.5669274487025604e-06 0.0003404632860702819 8.171265083034066e-05 6.216700019763314e-06 3.471338038710671e-05 9.730911236623274e-07 8.610840737528025e-08 2.5756883286684494e-07 5.190153923211387e-06 7.155728092813735e-07 3.666933804820322e-05 3.0654244013324026e-06 4.702315363819457e-06 4.368842515539629e-06 3.0473604858008882e-06 2.9540319785425863e-07 2.1108643759367458e-07 4.1418743614757325e-07
5.202463628010457e-05 4.4154681838798995e-05 0.006058981388486705 3.180480874671932e-07 2.4052417333290676e-06 1.7855398341118423e-05 0.00034230904893214464 0.00010433232733061837 1.3726110075791588e-06 4.293312212577946e-06 3.51999587700492e-05 8.25273137507971e-07 4.661062065595243e-06 7.90933162263423e-05 6.995936994164849e-08 0.0032918138244127783 0.0030120274387497865 1.4627564063460645e-05 0.00015838129966425104 2.894859081285765e-07 0.010508450879065283 0.00019174973810332543 0.0 0.0001754076260194171 1.2389602367784026e-05 0.0007579071119009789 0.005199584524469915 0.001475779868628869 7.844140736530146e-05 0.0015481747285991006 6.282025337958486e-07 5.488520828862033e-06 2.171313149797524e-05 0.002349886751215909 0.0001894287620816209 0.006597146383437411 0.004519585439174284 0.0037976279828391833 0.005154864361419388 0.0001833201086253739 1.6155114317818582e-05 6.750517230613886e-06 4.6052999690725416e-05 0.0 1.569041376957373e-05 4.968529689962807e-05 0.0 0.0 0.0 2.178099637014235e-06 0.0 2.563213703809399e-07 0.0 3.218005477769895e-07 0.0 3.679504136232782e-07 0.0 0.0 0.0006575833348110977 0.0 0.0 0.0 0.0 3.206326186996886e-05 0.00024315730011491415 0.0004374439992500911 1.1566536196986558e-05 8.03185518074394e-06 2.3706942074493445e-06 0.0004159286379467321 1.7295088811182315e-05 9.5680220853207e-07 6.6473526796893875e-06 1.3050800673269466e-07 0.0 3.3381038521547075e-07 7.562891666551107e-07 2.340784376893215e-06 3.010712074801717e-05 1.3059101378120739e-06 1.5535218118104253e-06 1.4732358551257792e-06 0.0 1.546561514398351e-07 0.0 0.0
5.430824269532493e-06 0.00048706552923186874 7.794063790494898e-06 0.0012769957742373168 1.781936502618083e-05 5.375117009327347e-05 0.001050614285865435 0.00013539163259055197 0.0050040577607948005 0.00024187659158309184 2.56270052621465e-05 0.00040842858624984317 3.87272769796384e-05 3.090726108820003e-05 0.0005292124564666906 0.000996674573298059 7.736216644436518e-06 1.6216944505747572e-06 1.9387826574107777e-05 0.00038422174548655207 0.00027677772339286446 0.00429280363199673 0.0001754076260194171 0.0 0.00015883302140042406 1.575553782350914e-05 0.0006996730555332535 0.005579697449442216 9.041120343352844e-05 5.1164549288580034e-05 2.1246874906143914e-06 2.7172074712437504e-06 8.31410966305534e-06 5.935323700745208e-05 1.2236444391636436e-05 0.0010336302572042091 4.6078160976389596e-05 0.00014828107101230798 9.338144001405567e-05 0.0006227845168107298 1.9227807433799045e-05 5.5297391660962955e-06 5.923632547622521e-06 4.9448069381855064e-05 8.816854347046847e-06 1.3070330362282439e-05 0.00012772118620001943 1.6690450967800336e-06 2.8369865113969298e-05 0.00048691388018824104 6.688820880766886e-05 0.00026269526406262725 0.00010777787021595185 1.7180236291409465e-06 6.878660456033435e-05 1.28627481398e-06 9.801325264503736e-05 1.1635320465112706e-05 0.0004853312891567077 5.454229548627977e-06 4.1379560461139436e-07 6.117146677881246e-07 6.295076817223895e-05 0.00010532445984371574 0.00024293683687859644 8.439891747365166e-05 0.002174684429807352 1.418458379412044e-06 4.031932694460639e-06 6.001764674542145e-05 0.0012896765225481695 0.00021296769845140177 0.00017574723945664876 6.021326527762267e-07 3.798995336926472e-06 6.441312408439606e-06 5.2379602994635893e-05 1.2892266868981242e-05 0.0003805747674523878 1.1463439143810088e-05 0.00014221997738504084 0.00010116430476423098 0.00016462794141514845 1.6225835272490295e-05 6.214042598963387e-07 3.953826816236847e-06
