0.0 0.0 6.178532702692634e-05 1.905955260304243e-06 4.0080278950582907e-07 3.265171203409075e-05 0.001826743387984492 0.0008031761996192154 3.7795237772871947e-06 0.0003439645260216126 6.867931762727332e-06 7.179448360414445e-07 6.39954922625231e-07 0.003763069338663012 0.0 0.0 0.0001095634923928884 5.366227273991657e-07 5.550672934251766e-06 3.0769232941601313e-06 3.7857509113185685e-05 0.0 0.00010884860011299399 4.5552586231731494e-05 0.0 1.3059001210884806e-05 4.302469709611834e-06 1.911992044470704e-05 0.001937938190708773 0.001338734100025717 1.778669077144338e-07 3.4292357511391916e-06 9.439777115498385e-05 6.441124046923429e-05 1.0141039035207269e-06 2.848974417217203e-05 1.7398535632884588e-06 5.3259402619892015e-05 9.056829369801382e-06 6.455247050064004e-06 1.6312312153211858e-06 6.779151578977112e-07 3.037861646397668e-07 0.0 7.87963687573393e-08 8.165161673102196e-08 0.0 0.0 0.0 1.026511099999565e-06 0.0 2.5082567568970114e-07 0.0 0.0 0.0 0.0 6.903336435058345e-08 0.0 2.5107176475861386e-07 0.0 0.0 0.0 0.0 0.0 0.0 6.830909646127283e-08 1.6327105844718921e-06 0.0 0.0 2.954175918880515e-07 2.690876482697688e-06 2.305326487581086e-07 0.0 0.0 0.0 0.0 7.887509872648709e-08 3.810291771065016e-07 8.328604700459972e-07 0.0 4.982573787829391e-08 0.0 0.0 0.0 0.0 0.0
0.0 0.0 5.565699411490612e-05 0.0 0.0 0.0 4.24814687285165e-06 2.454124036845848e-07 0.0003780485020341036 8.279890812285183e-08 1.8254414263895203e-05 4.0213826958680605e-07 0.0007482665909895941 0.0 2.8745716500126363e-06 0.00018099369007082606 1.2746114189624747e-05 1.8428143317133576e-05 2.15316717560846e-05 0.0 9.825758579043829e-06 0.0016771595283316166 5.602885067519011e-06 0.0004892515266422031 0.002013309274476792 0.00034126396646513054 0.005910972974431972 2.653174129798112e-05 4.59790283526207e-07 1.4134131053520283e-06 7.167772688054754e-05 0.0 0.0 8.534636047756388e-06 0.0 1.949976717270531e-05 0.00013724450237668289 6.071737408133794e-05 2.0354454900215643e-05 3.7298797864192464e-06 0.0 6.368633137631175e-05 0.0 1.2456175656569793e-07 4.7166222028805784e-05 0.00011850758614872727 0.0 0.0 0.0 8.367967891527031e-07 2.2456682718150665e-07 4.970813613895837e-07 0.0 1.2107457641416365e-06 0.0 1.2307645434484333e-05 6.156089039837886e-07 0.0 3.4658924656265293e-06 1.1482990766478663e-05 8.036339954135115e-07 6.056909196601661e-06 0.0 9.56933525884391e-07 3.28203481655408e-05 4.379540221592474e-06 2.795012951164867e-06 1.5086742302603864e-05 7.445824276133e-05 0.0008382668970176008 5.917059911397233e-07 1.8662493549862351e-07 2.6365673762289034e-07 1.0748484264634056e-06 0.0 6.353664445688739e-08 5.413670352953622e-06 0.0 1.2259419385157169e-05 2.0995560835759433e-05 1.7893156337737328e-05 2.824651180098441e-06 0.0 0.0 4.565862333421878e-07 0.0
6.178532702692634e-05 5.565699411490612e-05 0.0 7.499275416249076e-06 1.629778664079986e-07 3.532324993940561e-05 0.0010635927205140058 0.0003172220530282884 5.139109995363233e-06 1.6323841198912884e-05 1.558854449289208e-05 4.098012667762525e-07 1.3358514763917872e-06 0.0002383606521008339 8.80401927841143e-08 1.6437836459998985e-05 0.005748948571143977 1.7607506283842814e-05 0.00031425211897951526 1.7825940871939059e-06 0.000226527917084541 1.741984583228539e-05 0.0040436133599750105 0.00015860125825127493 5.29241644578141e-07 0.004317863629543255 0.005769010841751597 0.00025022038729674925 0.00015357212867218251 0.0016830976451544083 2.8942078698226352e-06 2.8078518895823454e-06 1.7882265322137476e-05 0.0008573681537616281 1.2168335292387614e-05 0.0008845673154373915 0.0016736893800336364 0.0016865881465667819 0.00024212282055564104 3.594235305309143e-05 3.8316292915536355e-06 4.036510223767112e-06 5.9545704497346295e-06 5.048570854670836e-07 4.9929094953445676e-05 0.0003532892478741137 0.0 0.0 0.0 4.341652214826778e-06 9.75049310218575e-07 0.0 0.0 7.027283153284417e-07 0.0 8.624747158072951e-07 2.5069010101885277e-06 0.0 2.5416937703620036e-05 3.1483361782918446e-05 7.43895281081302e-07 4.455989956011534e-06 0.0 3.2962744539366788e-06 3.5984149355419166e-05 0.00011742145724166764 2.7089713776589286e-06 1.2712113668759557e-06 3.448902406262391e-05 0.0008858433832721049 2.392000077958256e-06 4.699486465921816e-07 3.633588530456428e-06 1.9157745060969203e-07 0.0 9.340325656110486e-08 8.819018286598145e-06 1.8476202689889973e-06 3.339928386972004e-05 8.175085386683835e-05 5.0973537465274314e-05 1.4786249260673485e-05 0.0 0.0 0.0 2.592915910261902e-07
1.905955260304243e-06 0.0 7.499275416249076e-06 0.0 2.947764430777299e-07 2.045855964852123e-05 0.0006792908235125777 2.1567615227767838e-05 0.0004631217661189967 0.0022139812971640857 3.0412269627400946e-06 0.0003791869769547356 3.4363488790535133e-07 2.0949620536194652e-05 2.2620768294250512e-05 7.777724834040438e-08 2.6434100283629933e-06 2.4165500681492044e-07 1.1196288501965666e-06 0.0009633643995698154 4.879261166737906e-07 0.0 1.2766977093396867e-06 0.0005736421421010583 5.3236086188772815e-08 3.4383190961577904e-06 1.5096704441073577e-06 0.0017221601541787934 5.8532867885772155e-05 1.12876648865336e-06 5.0515988920844957e-08 1.7053718146412101e-06 3.8913858114233835e-06 1.789900047485551e-05 1.3320750932592345e-06 9.277228870705361e-05 7.760754074304695e-07 4.9186919695261814e-05 6.675944092261311e-06 0.00014995444021772265 4.325493061782414e-06 4.1786067381921577e-07 1.5946240514427916e-06 5.5655631562835504e-08 0.0 5.993691676798557e-08 6.455030644530001e-05 0.0 1.346239109417907e-06 6.341421280856244e-05 2.2406438470428778e-06 4.952241097097717e-05 6.11487536668265e-05 1.2757587238056056e-06 2.9159115920291053e-05 0.0 1.0564174881003455e-06 5.175183869941022e-07 0.0 0.0 0.0 1.1119945790086457e-07 7.439333265430244e-05 0.0 7.774948883979746e-08 7.213150297261356e-08 8.903199368753046e-05 0.0 0.0 2.830730137084103e-07 0.00012360860617848855 2.285507972744757e-06 8.678599343759584e-08 0.0 0.0 8.491116100643752e-08 2.896124585620915e-06 0.0 7.887825783936041e-06 0.0 4.022173697158417e-06 6.741490027362188e-07 1.2814468527296536e-05 3.772437566921649e-07 0.0 3.058452051712378e-07
4.0080278950582907e-07 0.0 1.629778664079986e-07 2.947764430777299e-07 0.0 8.30222862585249e-05 4.633143889947905e-06 1.7422235630355407e-05 1.4836521955406944e-05 9.761152297060144e-06 7.286305308764348e-05 6.523657005379887e-05 8.73311042401051e-06 1.959980295214412e-06 0.0008363162060765774 0.0 2.866635895303676e-07 9.342518068786738e-07 9.453483583645701e-07 5.041550271710439e-06 1.0968388980338715e-07 1.5281102404015157e-07 3.8160961072768167e-07 1.014932617776562e-05 3.8711549245224925e-07 1.5120195893552396e-06 1.5369743989540886e-07 7.74040644007121e-07 1.3842452579677821e-05 1.3620501278350437e-06 9.452085046852738e-08 0.00010776909407376678 0.0 5.1063135273927824e-05 1.1727153479493694e-06 1.776247954480632e-05 3.533635421719896e-06 9.045600486902874e-05 8.588115467988259e-06 0.0007119273249445281 2.4779266727286404e-05 4.5244408042801956e-06 1.1998880131120567e-06 0.0 0.0 0.0 0.0 0.0 0.0 0.0 0.0 0.0 0.0 0.0 0.0 1.3927888027576825e-07 0.0 0.0 0.0 0.0 0.0 0.0 0.0 0.0 0.0 0.0 0.0 0.0 0.0 0.0 0.0 0.0 0.0 0.0 0.0 0.0 0.0 0.0 4.0771308175832234e-07 0.0 0.0 0.0 0.0 0.0 0.0 0.0
3.265171203409075e-05 0.0 3.532324993940561e-05 2.045855964852123e-05 8.30222862585249e-05 0.0 0.003406368231374161 0.003371828659139132 1.9381831582031896e-05 0.004473009694959885 5.816287785796814e-05 0.0025122156466149737 1.5267925808039686e-05 0.0006196746320833192 0.0013104152848589655 1.9667825386425757e-07 2.070082199156022e-05 2.7537028436368017e-06 4.674731333419939e-06 0.00019095681892498397 6.487127884956071e-06 0.0 1.905088444987973e-05 9.872210904639916e-05 3.6689669179480304e-07 1.2683584434864406e-05 3.579406952289247e-06 9.251903096133365e-05 0.0003797435240288216 5.5380440139928906e-05 4.074111448786049e-07 0.00022192953284712815 2.1452680019628705e-06 5.597188574874645e-05 2.405727360250865e-06 0.0001086746356420525 6.7164505692215505e-06 0.00014953701454404624 1.3972700624830251e-05 0.0020558044685844907 0.00010869471656188822 4.7675284195364365e-06 3.894720981904688e-06 0.0 0.0 1.729907810496695e-07 9.243021083718208e-07 0.0 0.0 7.417505502794813e-06 0.0 1.8611951629821505e-06 1.6364703776659986e-06 0.0 1.8235282358286106e-06 0.0 2.1952781023823459e-07 0.0 1.35992911665963e-07 0.0 4.1498896543813807e-08 0.0 2.2180046839693554e-06 0.0 0.0 7.012846469281573e-08 1.0333367377319198e-05 0.0 0.0 4.667872669255168e-07 9.07567669070962e-06 2.0757154123946352e-07 1.449153940651986e-07 0.0 0.0 0.0 2.2729174200813637e-07 7.216145951912283e-08 1.9547543749285753e-06 1.5060534539149374e-06 8.778724255507316e-07 1.098799948325314e-07 2.1027801483001165e-06 1.8149829079939742e-07 0.0 8.253332961273772e-08
0.001826743387984492 4.24814687285165e-06 0.0010635927205140058 0.0006792908235125777 4.633143889947905e-06 0.003406368231374161 0.0 0.002862504726567825 7.534099138329297e-05 0.004242122951953025 4.92048630887131e-05 8.94133920829337e-05 8.23463094929486e-06 0.0027745055447616954 1.178023210076221e-05 7.995769359304658e-06 0.0001615218369342534 7.203335176534453e-06 3.495426798202349e-05 0.0003027880249400768 0.00047550755101547745 8.738367267343777e-06 0.0003142261373125101 0.0018939778169343243 1.4715047426963217e-06 0.00024871992405425504 0.0003166354005814975 0.009620517230975591 0.0012259766178415634 0.0029521383972976978 2.2803543457312297e-06 2.8727937152769112e-05 0.0001429027696008425 0.0003923292393252263 4.208488288713921e-05 0.0016844794023007368 7.589944714225217e-05 0.001044320455621086 0.00021479689432324147 0.00023799351466063503 7.044260220185949e-05 2.27068224721241e-06 1.630555316319078e-05 2.847619476590413e-06 1.5443201048523187e-06 7.813178907521491e-06 1.2868565546597278e-05 0.0 3.588601370184019e-07 7.020862568115851e-05 2.150120135491432e-06 1.8868283919584413e-05 8.10961430957008e-06 4.861573352995994e-07 3.5630789256282146e-06 0.0 1.9966058126463306e-06 0.0 1.1576915963427531e-05 4.0015468089250165e-07 0.0 2.1454330593955e-07 9.859526312682647e-06 1.4540055311465263e-06 2.708879286063681e-06 1.1606724176955633e-05 0.00011101041967733802 0.0 2.3953215679677967e-06 3.2560831504349695e-05 0.00012778760180875135 6.518924370224164e-06 1.4501156284955276e-05 0.0 3.4744560174836386e-07 6.069002922955287e-07 2.132400751046837e-06 3.275140207522676e-06 5.3486907550082126e-05 4.821278634394203e-06 9.753814597177254e-06 3.1644148980337405e-06 4.49921639572669e-06 6.346042938291297e-07 5.005852809384689e-07 2.385655268454487e-07
0.0008031761996192154 2.454124036845848e-07 0.0003172220530282884 2.1567615227767838e-05 1.7422235630355407e-05 0.003371828659139132 0.002862504726567825 0.0 3.8341711242037025e-06 0.001513389542708053 5.401953779171812e-05 0.00025993989886823786 9.240066330987594e-06 0.0034063239225829486 4.048606187520544e-05 5.4204903720275446e-08 0.00028259925178475496 3.045010181126565e-06 1.922901746419241e-05 8.242187186493938e-05 0.00010984582986701512 1.2339346121576338e-07 0.0002905389784861715 0.000138410253898691 1.8495718834415759e-07 5.906769725078924e-05 1.606901647123212e-05 0.00010341028335889177 0.000776573574105134 0.001043797668713036 8.081924322299797e-07 0.00038475038866004675 1.4252432145945681e-05 9.752745000502558e-05 4.665237509482906e-06 0.0001222033639441398 1.0253312360321939e-05 0.00016938621221745058 2.1790391333007913e-05 0.0002263511166557885 3.931647501101775e-05 3.193290184095374e-06 2.350712563634651e-06 2.612866183086843e-07 2.0401899274488116e-07 5.004814966748931e-07 7.940879007154643e-07 0.0 0.0 7.907406390087522e-06 1.4967018002702266e-07 1.5729117677320516e-06 7.993865825781789e-07 1.0114820705008197e-07 1.8140919336421177e-07 6.595146692955463e-08 1.6343414949882593e-07 0.0 5.669315884030386e-07 0.0 7.001086046249842e-08 0.0 7.818311595342444e-07 1.2188854953820666e-07 9.356111505648032e-08 7.404574921158805e-07 8.312741376408075e-06 0.0 1.6852271206907865e-07 2.384620056295456e-06 1.2168345191549086e-05 6.827106763930888e-07 7.752763951428084e-07 0.0 0.0 1.3913215148684574e-07 0.0 0.0 4.258768179893648e-06 1.8747448980596432e-07 8.255843023942619e-07 7.229333607846716e-07 1.4084191353226984e-06 0.0 0.0 0.0
3.7795237772871947e-06 0.0003780485020341036 5.139109995363233e-06 0.0004631217661189967 1.4836521955406944e-05 1.9381831582031896e-05 7.534099138329297e-05 3.8341711242037025e-06 0.0 0.00019822931887013815 2.3000153856833724e-06 0.0003163572875857372 2.7483707452539287e-05 4.773417130282027e-06 0.0004122084151618796 2.1504119425447707e-05 1.370303512608738e-06 9.056069565566443e-07 1.8005744816880873e-06 0.000809583364364545 3.054165610175008e-06 0.0013912514088126366 1.7439710415338176e-06 0.004473849316846168 7.069414521054526e-05 2.8540253330820915e-05 0.00030477719073327395 0.00038946827882793716 1.2195185504944907e-05 2.922666604450529e-05 4.180880237306297e-06 2.5936454689964464e-07 3.614327223327455e-06 5.526395278113434e-06 7.2205139183003185e-06 0.00012701894608937704 2.5628747725034286e-05 2.3152107136218545e-05 5.1585815812075e-06 0.0002150097000548261 4.108832147348519e-07 5.212561962778842e-06 6.959696989546237e-07 1.1960052252031287e-05 8.843239138388682e-07 2.2600808331506562e-06 8.82173736904011e-05 0.0 2.0223765981185477e-06 0.00014926655528898719 6.10692172323736e-06 0.0001382246894662891 8.490341449161202e-05 3.041566142287936e-06 4.558845891469541e-05 2.0699471954181902e-07 7.174120429444036e-06 3.200741552457419e-06 5.291492755373462e-05 5.322486879976229e-07 3.6062169952748556e-07 2.287112827592033e-07 8.920162155354414e-05 2.5243632849627573e-05 2.3043410955552238e-05 2.1548872866866567e-06 0.0010288322270534042 1.7653397341680394e-07 1.4017066519308659e-06 4.804948764406677e-06 0.0004821293475015807 3.905350856429312e-05 6.747452882677723e-05 0.0 0.0 6.331605546849637e-06 9.339703951903696e-06 2.2761338006250386e-06 0.00013122858671870275 1.231520524524582e-05 3.3025702459015973e-05 8.488767498429893e-06 3.2482190971410545e-05 1.2571300114556295e-06 1.1455080133027046e-06 2.2359829760749416e-06
0.0003439645260216126 8.279890812285183e-08 1.6323841198912884e-05 0.0022139812971640857 9.761152297060144e-06 0.004473009694959885 0.004242122951953025 0.001513389542708053 0.00019822931887013815 0.0 7.772662792952861e-05 0.002306574975502521 1.1534368779561484e-05 0.0009793635575489571 5.041126849152644e-05 7.330050077940119e-08 3.8078177180283293e-06 6.52990626182017e-06 1.0838143550717124e-05 0.0035802030295178783 2.35545403779001e-06 1.1954476488304743e-07 2.334179135600588e-06 0.00027239926664817104 4.4232798832592687e-07 1.2781818063737516e-05 4.543755836903523e-06 0.0005348225912854277 0.0008429635608001531 1.1926948778531457e-05 1.2288453770223087e-06 4.5580627437464405e-05 8.531103740979496e-06 0.0002611481417138462 1.729677369775127e-05 0.0006671922357166254 1.557545112559879e-05 0.0006342292009554661 3.5342829090823754e-05 0.0004110453258990342 8.004182183350744e-05 6.872624876963026e-06 8.835389661323567e-06 2.108408202715529e-07 0.0 7.249659620358622e-08 0.0001011744855873099 0.0 9.58347750880406e-07 0.0001267983870376047 1.4840497502494223e-06 5.5189280018437457e-05 0.00010771662036250611 1.5904807516806266e-06 4.6757937774896426e-05 2.940118412119451e-07 1.6465667003405415e-06 1.351381517049639e-06 1.4577709439954578e-07 0.0 1.780756619488977e-07 0.0 9.9972306154961e-05 0.0 3.256721644356943e-07 0.0 0.0001791672573951162 0.0 2.3016215009674133e-07 4.901895920773733e-07 0.00023818833344146166 3.54680015564028e-06 1.4946806674990066e-07 0.0 4.570189118899649e-07 2.8890472580962844e-07 8.472740706191726e-06 2.4195421856060486e-07 2.6473147952002824e-05 7.346323063868432e-07 1.0501276715024453e-05 1.7452102202603922e-06 2.5893281064044344e-05 5.623656437675798e-07 1.1346310269120624e-06 1.213102476992071e-06
6.867931762727332e-06 1.8254414263895203e-05 1.558854449289208e-05 3.0412269627400946e-06 7.286305308764348e-05 5.816287785796814e-05 4.92048630887131e-05 5.401953779171812e-05 2.3000153856833724e-06 7.772662792952861e-05 0.0 3.627044381134616e-05 0.0017661961061379854 0.00010396693027152636 2.1570275880247325e-06 2.1205180656489213e-06 0.00016902138912348462 0.0032996450383567665 0.0009197402157316791 1.2891165152880635e-05 2.4775754537678112e-05 3.0166848689612892e-06 4.09721235817157e-05 1.907517450612521e-05 0.0001436118233358728 0.0006737209921188516 0.0001052796858782869 1.1070441368925885e-05 0.0007346993618867762 1.722144756548761e-05 0.00019487502739870647 0.0003288186410667172 6.595032381803017e-06 0.004224359371406741 1.5810690225308877e-05 0.0004848108364007129 0.002226115527697986 0.002829577864182135 0.0007070229776037781 0.00019010749972646457 0.0001549915052127506 0.0007662870338691922 3.133363233745366e-05 5.8450074672033586e-08 6.299932365178101e-06 1.9205156414787614e-07 0.0 0.0 9.486402804207545e-08 7.04965824738276e-07 0.0 3.8242250276564576e-07 7.914506634644232e-08 5.6886798116362615e-05 0.0 0.0003688458852472743 2.457643395499612e-07 0.0 1.2349946743505893e-07 1.5374097229244827e-07 1.0433718689416107e-05 1.087357065682976e-06 0.0 0.0 1.321419126697186e-06 0.0 1.7538956110167909e-06 0.00010624156407767185 6.420125209779088e-05 0.00017082047568697266 1.314768165572581e-06 0.0 1.739662843761855e-07 3.242972936133921e-05 0.0 0.0 1.1262429398093278e-06 1.8342989868296373e-06 4.333241853365248e-06 0.0001594262247055022 1.0759345682388767e-05 1.7538990734814215e-06 4.275104481596049e-07 3.141858739454046e-07 0.0001017465350372105 3.129014470335626e-06
7.179448360414445e-07 4.0213826958680605e-07 4.098012667762525e-07 0.0003791869769547356 6.523657005379887e-05 0.0025122156466149737 8.94133920829337e-05 0.00025993989886823786 0.0003163572875857372 0.002306574975502521 3.627044381134616e-05 0.0 4.682906645843667e-06 0.00018947533357069728 0.001315596084532673 5.3582726226951516e-08 1.2627170095098608e-07 1.5919666073478064e-06 5.0430688439319054e-06 0.002050562357584871 1.2336201008020491e-07 1.1363045282343678e-06 2.7201690580218564e-07 0.00026025063641636504 8.312069812710599e-08 2.6533848160380193e-06 9.427385916602531e-07 0.00014610312541979415 0.0002590248497208138 5.328109673438188e-07 6.070065376490721e-07 2.940445065018275e-05 7.49412506736753e-08 4.631912071076006e-05 2.207564242130164e-06 0.00024775159493452585 3.71132326770231e-06 0.00012045095037509718 3.6028432195584105e-06 0.0015390231948398676 1.938465452695426e-05 1.242888690169369e-06 1.3302339040275734e-06 0.0 0.0 0.0 2.9482373501388326e-05 0.0 0.0 1.9992769885273037e-05 3.0370190967310044e-07 1.2331801605442778e-05 1.8179936076764672e-05 3.5526030969023013e-07 9.528958269591511e-05 0.0 4.7122830377217133e-07 1.6871557085080802e-06 0.0 0.0 0.0 0.0 2.4615273372312855e-05 0.0 0.0 0.0 2.8680312889758678e-05 0.0 0.0 1.364527967163988e-07 3.542876920664306e-05 5.405822574738062e-07 0.0 0.0 0.0 0.0 1.2359621716617652e-07 0.0 3.800343771407715e-06 0.0 1.0864066664705229e-07 1.6043279548165792e-07 1.1596167346485214e-05 1.4050827940799722e-07 0.0 0.0
6.39954922625231e-07 0.0007482665909895941 1.3358514763917872e-06 3.4363488790535133e-07 8.73311042401051e-06 1.5267925808039686e-05 8.23463094929486e-06 9.240066330987594e-06 2.7483707452539287e-05 1.1534368779561484e-05 0.0017661961061379854 4.682906645843667e-06 0.0 2.1308339424583976e-05 1.0888219223740146e-06 2.488243566855062e-06 9.476358169404285e-07 0.00022449955612695972 1.800576941283466e-05 1.5624304787741459e-06 1.1811216690385037e-06 0.0001359939440284389 2.196758293557029e-06 2.9874545009243308e-05 0.002413689284536529 0.0001378874242578493 0.0013497179300738275 1.7794413313060548e-06 8.414091377391416e-05 2.9563085131210607e-06 0.000886947777596772 4.215697546104906e-05 8.159357685627837e-08 0.0005203086912922872 1.0257387810723236e-05 0.00032008627075323995 0.0029249465594669765 0.0020917391878845187 0.0001357631066827933 7.400380870632688e-05 0.0001688871175150807 0.0018420137782204152 1.8532813632881272e-05 2.4077601408527415e-07 6.560619326461255e-05 2.9721969163772002e-06 0.0 0.0 1.2259831991374012e-07 6.205839774255729e-07 1.9296827532316052e-07 1.875981670497848e-07 3.756440681410355e-07 0.00023205898544939683 3.966634603685711e-07 0.0013851469562850215 3.756345974284272e-07 0.0 2.6586961620519444e-07 4.1962679980686293e-07 4.488740638242855e-05 3.6928703289884453e-06 0.0 1.513546416690221e-07 5.231030111427264e-06 4.3216828511177146e-07 1.2308658471923832e-06 0.0007739553381251464 0.0003599524854634932 0.0009015775745760685 4.4913745560116177e-07 2.3338906749321313e-07 0.0 0.00013527617436819795 9.265525459769306e-08 0.0 3.349544875817875e-06 0.0 3.9208401117447974e-05 0.00044996341934484184 5.331451855036722e-05 2.3017365245406394e-06 1.3911311590251888e-06 1.3852756032466728e-07 0.00031695322001066396 8.36803974140459e-06
0.003763069338663012 0.0 0.0002383606521008339 2.0949620536194652e-05 1.959980295214412e-06 0.0006196746320833192 0.0027745055447616954 0.0034063239225829486 4.773417130282027e-06 0.0009793635575489571 0.00010396693027152636 0.00018947533357069728 2.1308339424583976e-05 0.0 3.57327222521141e-05 2.4168332429543913e-07 0.0002827197223230048 4.578659901614475e-06 2.3028133042103064e-05 7.541514523961785e-05 9.612126377577848e-05 3.752923265722356e-07 0.000299477633616793 0.00017398647779872094 1.0537145835884467e-06 3.9025750588167e-05 1.4131947334370325e-05 0.00010641732318139604 0.0022927740901146332 0.001473371389357915 7.624752299725672e-07 8.869668974360657e-05 1.7110234048485762e-05 0.0001624233130160649 4.1298689963761485e-06 9.369696942970535e-05 1.1284910304114347e-05 0.00021261859146436197 2.3253586942759013e-05 0.00023756124690065813 4.2412729225282806e-05 8.222402959024982e-06 4.237008642259136e-06 6.855937536148676e-08 7.22651839991366e-08 1.1456598984238474e-07 4.1792793032642934e-07 0.0 0.0 3.8508000963337166e-06 0.0 5.888778101737215e-07 1.330208765039766e-07 0.0 0.0 8.195034024428358e-07 0.0 0.0 6.794181116636132e-07 0.0 0.0 0.0 2.69654503549437e-07 2.9952090142922406e-07 2.888983638422424e-07 5.486989172412803e-07 9.790953730135927e-06 0.0 0.0 1.164015095995858e-06 1.0394586561816048e-05 1.0708649879459413e-06 8.496439378460253e-07 0.0 0.0 0.0 0.0 0.0 3.0950797512443077e-06 1.4147137266344145e-07 1.2277181181057014e-06 6.443602338116464e-08 1.3241677357422087e-06 0.0 0.0 4.5304466011318997e-07
0.0 2.8745716500126363e-06 8.80401927841143e-08 2.2620768294250512e-05 0.0008363162060765774 0.0013104152848589655 1.178023210076221e-05 4.048606187520544e-05 0.0004122084151618796 5.041126849152644e-05 2.1570275880247325e-06 0.001315596084532673 1.0888219223740146e-06 3.57327222521141e-05 0.0 0.0 1.2281218564275228e-07 5.417624348066817e-07 3.468077958355489e-07 0.00022674213360356695 1.430732433145826e-07 1.1597310089344372e-05 2.3515291174157855e-07 0.0006841989922235911 4.3201750598652564e-07 3.4149892087551854e-07 2.758340633167855e-06 2.0457837702226912e-05 3.340125014609119e-05 4.3934592447142043e-07 0.0 0.0002337225250766273 7.202282642088343e-08 3.322699560530705e-06 0.0 0.000150155325794562 4.863444578485579e-07 6.208147135775759e-06 5.287096754978627e-07 0.001060676085304234 8.973621626808051e-06 0.0 0.0 0.0 7.658848708442289e-08 0.0 7.932625771839858e-06 0.0 0.0 4.0952358209484e-06 0.0 2.4108205909209148e-06 7.293952040839373e-06 0.0 5.597933224973015e-06 1.0119795693756596e-07 0.0 0.0 3.0845292927052054e-07 0.0 0.0 0.0 7.687502242326695e-06 1.6326608296024444e-07 1.7730555003148492e-07 0.0 8.409750214465193e-06 0.0 0.0 0.0 8.223413923967671e-06 0.0 1.4195046816512288e-07 0.0 0.0 0.0 4.0266652212231534e-07 0.0 2.3743853446388855e-06 7.612092981020119e-08 2.359627896916268e-07 0.0 5.1725393440773845e-06 0.0 0.0 0.0
0.0 0.00018099369007082606 1.6437836459998985e-05 7.777724834040438e-08 0.0 1.9667825386425757e-07 7.995769359304658e-06 5.4204903720275446e-08 2.1504119425447707e-05 7.330050077940119e-08 2.1205180656489213e-06 5.3582726226951516e-08 2.488243566855062e-06 2.4168332429543913e-07 0.0 0.0 2.845737365510585e-05 9.523784718211371e-07 3.902960277685612e-06 0.0 0.001345006174282285 0.0014220424544145495 0.0015738592633316299 0.0011957294831237966 8.10446498199105e-06 1.4476626875255535e-05 0.0016511353516817499 0.0009918145864237307 1.9652247782962398e-06 1.1666351728736324e-05 8.476305968657154e-07 2.40925821727638e-07 1.9976534000026884e-06 8.61894767230081e-05 2.3247300387354415e-05 0.0009982948930740143 0.0006558124455393341 0.000694623742033582 0.0007477700496680655 6.244174058336764e-05 2.3417302727636304e-06 2.3792033816092715e-06 1.052073556697002e-05 2.0530556040643798e-06 3.059554012218346e-06 3.558235196173877e-05 1.1144747000768725e-07 0.0 8.685344922334925e-08 2.195555408932729e-05 1.110688607097463e-06 2.3347525919818907e-05 8.059193814925553e-08 8.438848777184885e-07 0.0 1.8430187082964956e-07 1.7030849439370441e-06 8.418089483307614e-08 0.002558935660014771 5.098474849231745e-06 4.022049780780349e-07 2.5842040403695147e-06 0.0 0.0005781379330581072 0.00048262434707479346 0.001099831442370258 0.000125862679924459 1.0811414783484003e-07 3.441922251437579e-06 0.00030209876595591696 0.00017910180752223547 1.4486128540803118e-05 7.723835942741349e-05 0.0 0.0 5.021931722924966e-06 3.642760828433272e-06 2.3038027839372177e-06 6.00308667003832e-05 1.5504695675817875e-05 2.5145275603294205e-05 1.669801943888e-05 7.271957494022766e-07 1.1784062149605558e-06 2.38096995099167e-06 8.375790670249769e-07
0.0001095634923928884 1.2746114189624747e-05 0.005748948571143977 2.6434100283629933e-06 2.866635895303676e-07 2.070082199156022e-05 0.0001615218369342534 0.00028259925178475496 1.370303512608738e-06 3.8078177180283293e-06 0.00016902138912348462 1.2627170095098608e-07 9.476358169404285e-07 0.0002827197223230048 1.2281218564275228e-07 2.845737365510585e-05 0.0 6.462424934536256e-05 0.0020137373558679326 3.811330759552378e-07 0.0003123781614359487 6.004868462806577e-06 0.0018809559746049008 6.849970136286038e-05 3.09071245742134e-07 0.002012589686056119 0.003493369433583471 6.713392529925517e-05 0.0006558777877644386 0.0007849822755839003 5.345349409383153e-07 4.3792459768643965e-06 8.816944401310043e-05 0.000792565496088686 4.0373194590438685e-06 0.00010949590318267955 0.0006619426029609722 0.0004945053983538085 0.00018592903862102938 1.130564529099171e-05 3.89745082887518e-06 1.0655514399041506e-06 1.996106864020112e-06 1.1095561071552571e-07 1.4161044681490926e-05 2.9357910572032526e-05 0.0 0.0 0.0 1.264847695658386e-07 0.0 6.463604423361777e-08 0.0 4.0792255339552983e-07 0.0 7.028021530094352e-08 1.663662741512354e-07 0.0 7.679363915999971e-06 6.454448321748263e-06 1.5410491468985311e-07 1.917312184148398e-06 0.0 1.565542038805837e-06 1.6649588092801038e-06 6.2578375186877945e-06 7.494546441840132e-07 2.750862138014568e-07 2.6146598952027678e-05 0.00011703151628840147 1.495485548539667e-06 7.133977431558595e-08 4.1341837653579645e-07 1.3147891894585398e-07 0.0 0.0 1.6138939026391626e-06 0.0 2.6567529671176765e-06 4.1916903996241575e-05 4.510391034508443e-06 1.6957942638256413e-06 0.0 0.0 0.0 0.0
5.366227273991657e-07 1.8428143317133576e-05 1.7607506283842814e-05 2.4165500681492044e-07 9.342518068786738e-07 2.7537028436368017e-06 7.203335176534453e-06 3.045010181126565e-06 9.056069565566443e-07 6.52990626182017e-06 0.0032996450383567665 1.5919666073478064e-06 0.00022449955612695972 4.578659901614475e-06 5.417624348066817e-07 9.523784718211371e-07 6.462424934536256e-05 0.0 0.0005883609866361223 1.2019703293769872e-06 1.4670995809688107e-06 2.6839507762501337e-06 5.470193972088739e-06 3.33439130221366e-06 8.339839592602847e-05 0.0012004268256415832 0.0002904167668214267 3.1876211081925256e-06 2.6105452322649813e-05 2.1146122518226445e-06 0.00010973739030230657 6.872991056262039e-06 3.3719531149193705e-07 0.000345655471524699 4.793602033659838e-06 0.00028505435231882903 0.0004465732995099935 0.000571650034328885 0.0002173452533704001 1.2889023431682956e-05 1.0936569378759993e-06 7.351677613469809e-06 1.5097689275617723e-06 0.0 2.4855525044703964e-06 3.8752951354672897e-07 0.0 0.0 0.0 0.0 0.0 2.624499964606471e-07 0.0 4.116570068287001e-06 0.0 1.671551072412587e-05 6.690422759270546e-08 0.0 7.18968076542192e-08 6.223061276214294e-08 6.492338590325387e-06 9.538124154286748e-07 0.0 0.0 2.113219583782682e-07 6.5762491090175e-08 1.8170380675758816e-07 2.7833129593503606e-06 8.67124611908204e-05 0.00012725416973503634 2.0019657128765e-07 0.0 7.47618800599185e-08 3.082234724867436e-06 0.0 0.0 2.5319082300433684e-07 4.500956914421961e-07 1.1199401730955131e-06 3.225653518166584e-05 2.6530576554771153e-06 3.120916159139713e-07 0.0 0.0 6.187367500541531e-08 0.0
5.550672934251766e-06 2.15316717560846e-05 0.00031425211897951526 1.1196288501965666e-06 9.453483583645701e-07 4.674731333419939e-06 3.495426798202349e-05 1.922901746419241e-05 1.8005744816880873e-06 1.0838143550717124e-05 0.0009197402157316791 5.0430688439319054e-06 1.800576941283466e-05 2.3028133042103064e-05 3.468077958355489e-07 3.902960277685612e-06 0.0020137373558679326 0.0005883609866361223 0.0 2.28095553421234e-06 4.022987927351777e-05 3.5284805990351292e-06 0.0003634331397161325 1.0939268591636938e-05 5.2320352225628445e-05 0.0024319082478157605 0.001313440403594292 8.225422228182886e-06 8.761702724581568e-05 7.27471345993328e-05 1.4156794817529551e-05 1.479913282253801e-05 9.253198537668303e-06 0.00203636143486126 4.2157669697662415e-06 0.00030628035302424035 0.0010328946146218605 0.0013480200786526524 0.00035982255124716736 1.703357739817677e-05 1.0429663610263549e-06 5.158659115505409e-06 1.1932517537617322e-06 9.698100382705655e-08 1.541932954197701e-05 1.5347016670623277e-05 0.0 0.0 0.0 4.6365644662294443e-07 0.0 0.0 0.0 1.6298798527405796e-06 1.8872570495634795e-07 3.155377332277717e-06 6.743261962319267e-08 0.0 5.491422023893432e-07 4.765002877907005e-06 3.213512845774531e-06 5.3136439794618996e-06 0.0 2.683923828809578e-07 3.4557205964575134e-07 9.410300372427813e-07 1.4184950369288665e-07 1.7643262732616372e-06 0.00011130707013082297 0.0001777537864192762 1.4289045507386666e-07 0.0 0.0 1.7107496748497877e-06 0.0 0.0 1.4434945148124321e-06 0.0 2.8412773125092613e-06 7.081035290183699e-05 4.189538939684241e-06 9.169043708468243e-07 0.0 0.0 0.0 0.0
3.0769232941601313e-06 0.0 1.7825940871939059e-06 0.0009633643995698154 5.041550271710439e-06 0.00019095681892498397 0.0003027880249400768 8.242187186493938e-05 0.000809583364364545 0.0035802030295178783 1.2891165152880635e-05 0.002050562357584871 1.5624304787741459e-06 7.541514523961785e-05 0.00022674213360356695 0.0 3.811330759552378e-07 1.2019703293769872e-06 2.28095553421234e-06 0.0 3.40288991256637e-07 8.924818940115894e-08 3.3382217346681945e-07 0.00027848382192599867 1.5844100149347344e-07 2.9202966291150683e-06 9.399532705262191e-07 0.0011534325675912223 0.00013991077954276905 6.356354307420201e-07 1.3430729919039568e-07 8.337943670025616e-06 2.206318571905152e-06 4.4365485648516315e-05 1.5945314417233403e-06 0.000199101089860084 1.788305719028948e-06 0.00011030578188500427 6.838615109573583e-06 0.000755797589392204 1.6194936570109286e-05 7.841359304332558e-07 1.6511390318532038e-06 3.656366286772482e-07 0.0 1.8427131146555717e-07 0.00013903978738317682 0.0 3.488542250246228e-06 0.00015885444815261603 3.4895387625128124e-06 7.745455277959123e-05 0.00011990967755271712 2.063306188256653e-06 6.749490252664369e-05 1.322635682327519e-07 1.9973705340792384e-06 3.0466088882308858e-06 6.686007743219237e-08 0.0 0.0 0.0 0.00015251414330038599 7.338524397849029e-08 1.9482193440945524e-07 0.0 0.0002049723241866079 0.0 0.0 1.4799987712528256e-07 0.0002679328260970786 4.046589936575355e-06 1.624750697131751e-06 0.0 7.48729733621412e-07 0.0 6.374297984843408e-06 1.3478363468429962e-07 1.535144351883789e-05 2.1682764082429594e-07 1.3222926880902276e-05 1.6733303911377711e-06 2.815342891954993e-05 1.676587170423446e-06 4.7501104887211e-07 0.0
3.7857509113185685e-05 9.825758579043829e-06 0.000226527917084541 4.879261166737906e-07 1.0968388980338715e-07 6.487127884956071e-06 0.00047550755101547745 0.00010984582986701512 3.054165610175008e-06 2.35545403779001e-06 2.4775754537678112e-05 1.2336201008020491e-07 1.1811216690385037e-06 9.612126377577848e-05 1.430732433145826e-07 0.001345006174282285 0.0003123781614359487 1.4670995809688107e-06 4.022987927351777e-05 3.40288991256637e-07 0.0 8.86220047501893e-05 0.009786298773391372 0.00012677204893602115 8.257568377541005e-07 1.2107535006327515e-05 0.0010109197224433828 0.0018582582243181975 0.0002548017871412833 0.007236508578886644 1.3187191615437505e-07 3.0841340984507817e-06 5.303861004854465e-05 0.0018238845141078845 2.76977156308337e-05 0.002361998178622556 0.0011686573549808778 0.0029126005392729475 0.0016047056691446335 5.193099434144214e-05 3.758458685508499e-06 4.070978112591911e-06 1.9432437007161445e-05 3.538732921932663e-06 7.53725756219702e-07 2.3133928818278542e-05 0.0 0.0 5.0170554517832596e-08 1.9099788504583175e-05 1.0090238351982366e-06 1.2899576465897188e-05 0.0 5.518971285640807e-07 0.0 0.0 1.6386578133607222e-06 9.190077608173483e-08 0.0006637229760240735 3.594924612767808e-06 1.8063416923079062e-07 1.629494119234838e-06 0.0 0.0005135840733020721 8.406308354737392e-05 0.00023899370155872928 0.00010289323814882678 6.774828679430866e-08 1.562732704607746e-06 3.484866645260477e-05 0.00016750471577242336 1.759023819056162e-05 9.674796563925247e-05 0.0 0.0 6.291994413423239e-06 4.627926284559146e-06 1.9700457496431255e-06 6.681044272272242e-05 8.886025072891404e-06 1.7895953979267094e-05 9.252581840334827e-06 1.7709610529688033e-06 7.607037284463063e-08 0.0 4.685384021850006e-07
0.0 0.0016771595283316166 1.741984583228539e-05 0.0 1.5281102404015157e-07 0.0 8.738367267343777e-06 1.2339346121576338e-07 0.0013912514088126366 1.1954476488304743e-07 3.0166848689612892e-06 1.1363045282343678e-06 0.0001359939440284389 3.752923265722356e-07 1.1597310089344372e-05 0.0014220424544145495 6.004868462806577e-06 2.6839507762501337e-06 3.5284805990351292e-06 8.924818940115894e-08 8.86220047501893e-05 0.0 7.68103810881881e-05 0.003042789343095334 0.0004205915566993418 8.676213439592228e-05 0.0022660698487565164 0.00011743828191030575 3.3507071579378687e-06 3.8343831162162434e-05 1.6677309595972407e-05 0.0 1.7226747966127736e-06 3.5933342404884183e-06 1.5589111799039442e-07 3.998126088166536e-05 3.1040883359222746e-05 1.2988502396989526e-05 3.0444226232975843e-06 1.0143828202417121e-05 0.0 2.9288208334244756e-06 8.637997736206355e-07 6.181361743545535e-07 6.67967327627169e-06 3.654526591133477e-05 0.0 0.0 0.0 5.975401947208864e-06 6.352098664381172e-07 2.5557986964480283e-05 0.0 2.3221908823961646e-07 2.7608010057327784e-07 1.8241677306270512e-06 4.684326400819164e-07 0.0 0.0006649070348744573 2.49876480119629e-06 1.9847341971713056e-07 1.2278267298919062e-06 0.0 0.00013191670556058838 6.278796424398313e-05 0.00020537367735853115 6.998600372783296e-05 1.3217890026131156e-06 6.854598010713338e-06 0.000313804104926791 5.6005168986435146e-05 2.777723674574885e-06 1.7717276785081603e-05 2.7565492984449116e-07 0.0 9.518299028384857e-07 1.5901273262081641e-06 0.0 1.6223384398720886e-05 7.386772557130196e-06 8.533798709223542e-06 2.6785733544543444e-06 1.3954584277534196e-06 0.0 5.5558587895871575e-08 0.0
0.00010884860011299399 5.602885067519011e-06 0.0040436133599750105 1.2766977093396867e-06 3.8160961072768167e-07 1.905088444987973e-05 0.0003142261373125101 0.0002905389784861715 1.7439710415338176e-06 2.334179135600588e-06 4.09721235817157e-05 2.7201690580218564e-07 2.196758293557029e-06 0.000299477633616793 2.3515291174157855e-07 0.0015738592633316299 0.0018809559746049008 5.470193972088739e-06 0.0003634331397161325 3.3382217346681945e-07 0.009786298773391372 7.68103810881881e-05 0.0 0.00012122797668990037 1.0160237729019007e-06 0.0003339686965953069 0.003731095636493945 0.0005572825298063993 0.000571922723027555 0.004102496258498768 4.7290940757077356e-07 5.354152842782657e-06 8.656433286871224e-05 0.0015426686151400555 8.199884268796364e-05 0.003461429048972839 0.0037437360689594845 0.004907118223797861 0.0038909711797294935 0.00022556549140722345 1.28243172414033e-05 1.1690994717239879e-05 4.7636786376338744e-05 1.6963208075476712e-07 7.211575747698033e-07 4.523356316018409e-05 0.0 0.0 0.0 8.197223632259164e-06 6.621654375594458e-07 1.294208135289314e-06 7.596110842120779e-08 1.6735050587779872e-07 0.0 0.0 1.272019934569604e-06 0.0 0.0013168792141611482 1.5866579017745344e-06 0.0 3.4936343848843083e-07 0.0 0.0001735065274618508 0.0001268661081228783 0.0008318557416049243 2.0388474292758563e-05 0.0 1.8698984340055416e-06 0.00037423610595140484 3.564962243837798e-05 1.194704504281472e-06 1.2728341358675751e-05 0.0 9.238242234872689e-08 3.4544382888729435e-07 1.775488815836019e-06 5.751885158509757e-06 3.5610737216888846e-05 7.838191961255587e-06 1.7988491280897024e-05 1.545118349419405e-05 5.104364561351999e-07 0.0 2.475762806703222e-06 0.0
4.5552586231731494e-05 0.0004892515266422031 0.00015860125825127493 0.0005736421421010583 1.014932617776562e-05 9.872210904639916e-05 0.0018939778169343243 0.000138410253898691 0.004473849316846168 0.00027239926664817104 1.907517450612521e-05 0.00026025063641636504 2.9874545009243308e-05 0.00017398647779872094 0.0006841989922235911 0.0011957294831237966 6.849970136286038e-05 3.33439130221366e-06 1.0939268591636938e-05 0.00027848382192599867 0.00012677204893602115 0.003042789343095334 0.00012122797668990037 0.0 7.385159026691686e-05 8.94541746055094e-05 0.0015046611971510078 0.0047541209744877775 0.0006613897449860183 0.0002484744296574152 3.892650069354203e-06 1.4260179059328275e-05 0.00020237701784556666 0.00030378718416870467 6.093806558857381e-05 0.002776915660671317 0.00014122196604525233 0.001012272535178906 0.00035865833334540145 0.0009552316292483509 5.8966437856277824e-05 2.63315893102848e-06 2.174019947561417e-05 6.759356410119928e-05 7.558884953249767e-06 3.232453466902361e-05 0.00017999215963681594 0.0 1.1196610909733393e-05 0.0011531723795133017 3.0394491794560602e-05 0.0011338064524636328 0.0001383789516466207 1.3884794416972438e-05 5.669480501555638e-05 6.526531305378376e-07 4.826547853422992e-05 2.7280682401367824e-06 0.00029988352382550844 5.0798188855414385e-06 1.4389947954177429e-06 1.6831728977180172e-06 0.00016340106790610977 0.00015477802828613372 0.00010878803914053241 6.555690385503259e-05 0.0030652310061849513 2.6623132170098895e-07 7.399953861061169e-06 9.695419074009124e-05 0.0025011050365661407 0.00019879801158761946 0.00041240477418646884 1.865506245310978e-07 1.0212903659377294e-06 2.7072547893271203e-05 5.520113550729664e-05 8.369735507121764e-06 0.0006635460546531751 4.541004339316065e-05 0.0001637449786254061 5.2285243985107486e-05 0.00011054439274771757 9.388438565046625e-06 3.5918226479978118e-06 4.665316827323746e-06
