0.0 5.393666159991646e-08 7.519744640394817e-05 1.2852571414880988e-06 1.4815096625903053e-07 3.880391450991312e-06 0.0020144122248934694 0.0003516766346782178 7.190732882073012e-07 1.888162427755639e-05 3.7424036867695976e-06 7.83746194229112e-07 5.228910822548081e-07 0.0023979277007821153 5.2021055628986094e-08 0.0 7.454526783629828e-05 5.351668951395929e-06 1.4295105938506981e-05 4.336966256963634e-06 3.9394787172342394e-05 3.3992873673517237e-07 9.881925286410684e-05 9.189238117534836e-06 0.0 5.0119589948435744e-05 1.1575353684734788e-05 3.011698450793857e-05 0.0017543565095998663 0.001991084285381323 1.6986456563525102e-07 1.1487264891878808e-06 8.678427172928626e-06 3.3639672155214016e-05 9.082814906623911e-07 2.1430908845177424e-05 5.0402533122014675e-06 2.6346258155661397e-05 9.193745978741754e-06 1.7086386064568429e-06 3.510253318073559e-07 6.637984178649092e-08 8.255293488432058e-08 0.0 5.199634315803616e-08 9.37198914805951e-07 0.0 0.0 0.0 9.826600357826302e-07 7.801371662769115e-08 4.1974406894037684e-07 0.0 0.0 1.123699639812236e-07 0.0 5.2327409113604916e-08 0.0 5.718275171878877e-07 9.847458828175495e-08 0.0 0.0 9.693265110261973e-08 1.9382695639193724e-07 5.572645931949226e-07 1.773856889648722e-07 2.2519164917898317e-06 0.0 0.0 3.75255333879352e-06 2.2807849221282814e-06 1.2945671926554195e-07 7.816469203627398e-07 0.0 0.0 0.0 0.0 1.351067632725211e-07 9.623122632644183e-07 0.0 3.87479932785709e-07 1.0194062736267784e-07 3.52322600669794e-07 1.0701792607093357e-07 0.0 0.0
5.393666159991646e-08 0.0 2.93130567462352e-05 0.0 3.364193883333676e-07 6.878349098044628e-08 1.1039730013571522e-06 2.7720759782965945e-07 0.0002633399250709816 5.0182485469492255e-08 0.00016704796388180873 7.259634156726026e-08 0.000304330151494552 3.365209880728265e-07 3.3400302857471003e-06 0.00011763490906087198 1.228635099830202e-05 5.469501128663717e-07 4.7830161045250365e-06 9.090919191372177e-08 2.6437074120584575e-06 0.0013063951452007196 7.057301820697401e-06 0.0003916107741448473 0.0014673837173485823 0.0001257745084482137 0.005236139644822133 7.782310011147778e-06 3.9280184908868663e-07 1.9864557302632912e-07 9.307004591729665e-06 0.0 0.0 1.1193614490470832e-05 8.643914176556524e-07 1.2598264687440624e-05 2.2767748337061423e-05 3.594737853379111e-05 3.468484419957513e-06 9.1420335119873e-06 3.717168435289571e-07 7.525461251922136e-05 4.730804504549962e-07 0.0 2.0619239214485074e-05 9.383394567501106e-06 0.0 0.0 4.2652159724358275e-08 1.4428060419825977e-07 0.0 1.6715968949917714e-07 1.6153692666889543e-07 2.3844293368701744e-06 0.0 5.014549889643729e-06 9.056551430130259e-08 0.0 4.0116293774853185e-06 3.3656813342423786e-06 9.231830744152226e-07 9.680663920253446e-06 0.0 4.784575124140842e-07 2.8823770073986525e-06 1.1250684846277728e-06 3.062505324141191e-06 1.693302799119744e-06 6.505094476900809e-05 0.0005743214265860831 6.073095097984951e-07 4.114072094435173e-08 2.557312033937753e-07 1.0484862979310526e-06 9.082686290186626e-08 0.0 3.6375213841063113e-07 2.885763018071598e-07 4.4932133489789085e-06 7.070193118666466e-06 2.658699320780245e-06 2.039409791266334e-06 2.7749734711337467e-07 0.0 2.2394694349951474e-06 0.0
7.519744640394817e-05 2.93130567462352e-05 0.0 1.7139115470697018e-06 2.7166612783373853e-07 1.3147954406504133e-05 0.000510205892655448 0.0001864609679482187 4.0548103971308e-06 1.141753847937814e-05 2.442742749167741e-05 2.4194336552787e-07 4.09960971588918e-06 0.0002631746782231057 3.682403158681486e-07 1.3274038806407056e-05 0.002664652183037119 3.149720429523988e-05 7.000766964318188e-05 6.012143949505371e-07 0.00040574690513090216 6.492581598561121e-05 0.005249220383709701 4.428947476301924e-05 3.511180769391324e-07 0.00422363237868005 0.006330159641797029 0.0003109399936866154 0.00014713456765724016 0.000555263595963455 1.3388513283110094e-06 8.214346362398309e-07 9.003333828612723e-06 0.00048686884186430933 5.384295106953872e-05 0.0013591306633563103 0.0015073874275692166 0.0010521578832662609 0.0003754493097301024 2.6731878878066676e-05 1.6378621077712084e-06 2.408820328317871e-06 3.975125681257905e-06 9.0340895656829e-08 0.0002015776984658939 0.0005049313077158574 0.0 0.0 0.0 2.7783366714098147e-06 6.615377394272395e-08 5.0492353262397456e-08 1.0205476629902249e-07 3.114137624813738e-07 0.0 1.7228578637063838e-07 4.849133003591741e-07 0.0 1.9666396218668336e-05 3.788152281062502e-05 6.867690780691735e-07 1.7805060808478065e-05 1.897891973207911e-07 5.211594162664869e-06 2.623229069944613e-05 4.5782914734166203e-05 5.563788027338436e-06 2.3117547421640713e-07 0.00010866274359622124 0.0018008913868705096 3.4100235827896322e-06 4.2169233986337944e-07 9.98421969302946e-07 1.2520129046053383e-07 0.0 0.0 5.655605791126129e-06 5.898686436088248e-05 4.4208324189307114e-05 0.00012993324962548973 2.6684139224517037e-05 1.6489395121840493e-05 1.7436213245499018e-06 0.0 0.0 8.554259679653e-08
1.2852571414880988e-06 0.0 1.7139115470697018e-06 0.0 1.4607923297602947e-06 9.134889436257625e-05 0.00013502032359237798 4.831686394732491e-05 0.00013403843467553938 0.0014126195823098398 3.950843774664018e-06 0.0005825956711087548 2.719622568550429e-06 4.677721661538615e-05 9.964648010208815e-06 1.8045757119899013e-07 5.598592613477355e-07 1.1413321889114196e-06 1.1647171969316437e-06 0.002060251810605855 3.5272010154396836e-07 0.0 2.235848730119641e-06 0.0006908861102220025 5.557120261389709e-08 1.0260534681915362e-06 1.2914503816202097e-06 0.0008817558744973795 0.00011893705819250537 1.9298291844939906e-06 9.682293222411978e-08 2.09560458795916e-06 1.775267642771724e-05 5.38696920535765e-05 3.345126268257246e-06 0.00047205845273768504 4.900263087872176e-06 0.000124288854861835 4.485627656574772e-05 3.196496715525179e-05 8.229240989994531e-06 1.4881483358632182e-07 1.3299766311034052e-06 3.652567007399907e-07 0.0 7.517519895578222e-08 3.275477630659654e-05 1.2998098884790263e-07 3.4084760154712425e-06 3.198286319414349e-05 1.400844019945721e-06 1.742911156754387e-05 2.1695641231893126e-05 0.0 1.786219307407877e-05 0.0 1.943380828236066e-06 9.356740122399098e-06 6.2568621548882e-08 5.859771041814005e-08 0.0 0.0 1.9745846004843787e-05 1.4911329219549027e-06 3.4559867824844926e-07 9.422790901748042e-08 0.00010271165580417624 0.0 1.4609038963678935e-07 1.6369062521472933e-07 0.00010137250471261439 1.8244106962071543e-06 2.4046314105144307e-06 0.0 3.795322159060994e-08 1.4223974755540294e-07 1.93095996571861e-06 7.595850711503296e-07 2.245103423685455e-05 2.824527681610592e-07 6.954268428230563e-06 1.032230245419675e-06 4.0961235358364786e-05 4.106708278065847e-07 2.9094000382259387e-07 1.333045390313046e-07
1.4815096625903053e-07 3.364193883333676e-07 2.7166612783373853e-07 1.4607923297602947e-06 0.0 0.0002031997870827804 1.951755345176564e-06 0.00010862613396714849 3.184754956129484e-05 7.936105753574356e-06 2.572914585244385e-05 2.3685276994510802e-05 2.4812023590329308e-05 4.307165426291833e-06 0.0006914696186369258 0.0 1.762362746603387e-07 1.6309405145662501e-06 4.832557496834133e-07 7.470095935602647e-06 3.9655401807808956e-07 7.394851588102582e-07 4.6297116225439147e-07 3.8674893140984296e-05 3.3940521711344604e-07 1.9425074755279223e-06 1.2985150796323886e-06 4.137339162993905e-06 8.275783709632515e-05 6.451942567224937e-07 1.0397148453041049e-07 0.00022510949573399905 0.0 0.0004265013113554974 2.690750783315615e-06 5.7839799983725124e-05 6.43674036519369e-06 0.00022030524354851093 8.202964406217872e-05 0.0011406922293907935 0.00012597605773838816 9.882205127518834e-06 1.217108182418248e-06 0.0 0.0 0.0 0.0 7.623018705735896e-08 0.0 8.708223482098632e-07 6.964580078997497e-08 0.0 6.613613283972597e-07 0.0 4.768795119105339e-07 7.228332901188844e-08 0.0 8.99368371558522e-08 2.068292014359058e-07 0.0 0.0 0.0 1.7208683666864832e-07 0.0 6.817432005748446e-08 0.0 8.693331799999971e-07 0.0 0.0 0.0 2.0508205256463405e-06 1.8438997710450766e-07 0.0 0.0 0.0 0.0 0.0 1.5145399215744037e-06 9.938638100115522e-07 6.474108070416804e-07 3.2408868412694867e-07 8.872984254039545e-08 7.725025162976472e-07 0.0 1.466825484092465e-06 0.0
3.880391450991312e-06 6.878349098044628e-08 1.3147954406504133e-05 9.134889436257625e-05 0.0002031997870827804 0.0 0.0013084890993209648 0.005477299655435962 2.579988808481219e-05 0.004352775531299739 3.169808059900048e-05 0.0016509148811339428 3.7831186162957694e-05 0.00020868823264458066 0.0007203765504363044 5.997186292608881e-07 6.607335501176712e-06 3.5928185639058766e-06 3.1785519067296564e-06 0.00036774654771736616 4.009200099201861e-06 9.66410185844228e-07 1.6870573544814885e-05 0.0001760271393589363 1.9472856124030525e-07 1.4593347316324346e-05 3.6683243324664698e-06 0.0005537124260443116 0.00038440054531873176 9.986854721382587e-06 3.680659047331933e-07 0.00033376029434852077 5.128823811656559e-06 0.00035397781661665624 3.1227810116991315e-06 0.00031944130560565933 1.3137903285540165e-05 0.0002999656958326905 0.00015872590924914104 0.0012440854743927588 0.0003197274149101484 2.0420597630379803e-05 5.611573413994778e-06 5.329843712952144e-07 0.0 9.267009223708827e-08 1.7608830525339013e-06 0.0 2.206456066428813e-07 4.653222515260756e-06 3.2309515656740316e-07 1.401163343764015e-06 2.5945079402076377e-06 6.204062752433743e-08 1.9628490418501606e-06 0.0 5.40675206731082e-08 2.755398991358469e-07 5.269616874279384e-07 0.0 0.0 0.0 8.915589988664542e-07 1.056679045427183e-06 3.098210344900047e-07 4.4441520510347135e-07 1.2325014889111096e-05 0.0 0.0 6.843482051416166e-07 1.1093776959237662e-05 6.05787473748656e-07 2.2452508344260763e-06 0.0 0.0 0.0 0.0 8.935801137919372e-07 7.680377068164354e-06 4.842942096670493e-07 1.3078986160728777e-06 9.91223013845232e-07 4.0878633143458495e-06 2.1193332482308156e-07 3.93950435175824e-06 7.545225325368766e-07
0.0020144122248934694 1.1039730013571522e-06 0.000510205892655448 0.00013502032359237798 1.951755345176564e-06 0.0013084890993209648 0.0 0.0027414629361638457 4.4841742806890534e-05 0.004732150868204963 1.714497419577924e-05 4.195406847247792e-05 3.867628751344539e-06 0.0030510232933187767 1.3218109926915565e-05 1.7147481614888595e-05 5.636495580459465e-05 9.541035546495708e-06 1.2943269730182533e-05 5.179555876974072e-05 0.00037248511506806487 9.454246290499064e-06 0.0007820717923110666 0.0005118407199080271 1.7603862923771266e-07 0.0002363323890807287 0.00013967198709889195 0.009027923169427977 0.0009432184281005211 0.0025500521126946467 3.1206360518250363e-07 5.832540833455741e-06 0.00016342015241193876 0.00019673071417560247 1.801311642379996e-05 0.0007873907519069243 5.059139566145432e-05 0.0004184658120111554 0.0001849588512549796 3.90825553803359e-05 1.1250134791816938e-05 1.6592952943301608e-06 2.7814370630170313e-06 1.850305213806715e-06 1.1618067265148195e-06 6.848892607993922e-06 1.9109595626480164e-05 0.0 1.4331532153294172e-06 4.714844464037046e-05 2.2754684729296378e-06 1.2283691105312007e-05 1.3261035912846402e-05 7.518067185691362e-07 2.1273687177506364e-06 1.0983458619450048e-07 4.351023341566252e-06 9.82811614782719e-07 1.1676890815161213e-05 6.031970734877621e-07 4.578723791666117e-08 1.9954872127194456e-07 1.0342222930303316e-05 1.0222283294816143e-05 5.989132251600117e-06 5.306964087824489e-06 0.0001212676032418381 0.0 7.05196302846865e-07 3.849254918329513e-05 0.00011153365410767409 8.266466644702912e-06 1.2915218898232413e-05 0.0 3.4111974668242343e-07 4.2691906551077305e-07 2.8303948591476947e-06 8.362058188664472e-06 2.1224857947091008e-05 6.048437153158421e-07 7.46532949738881e-06 2.5046182817347806e-06 1.5838311873508538e-05 1.1592289560257672e-06 2.2834349967930767e-07 2.284262417129618e-07
0.0003516766346782178 2.7720759782965945e-07 0.0001864609679482187 4.831686394732491e-05 0.00010862613396714849 0.005477299655435962 0.0027414629361638457 0.0 9.002586737393012e-06 0.0018961623465980487 4.3167583901452026e-05 0.00020327865316771047 2.5758323509304516e-05 0.004930537176133681 6.890882810797961e-05 3.029239834750793e-07 0.00011363458891584815 1.3998188581771003e-05 2.670306846279894e-05 0.00031473965229559094 5.663185185672435e-05 1.168128108471447e-06 0.00020727532045374948 0.00011437824257324384 1.214964124670713e-07 0.00014879012774002414 2.394794407296857e-05 0.00026385072936014004 0.001022932334571626 0.0002887725262536487 4.809040035621494e-07 0.0003084562066773821 1.5945526068262768e-05 0.0002519044578152997 5.770178777151135e-06 0.00031868496051661515 2.3000886512602798e-05 0.000284294022954998 0.00010773958638639038 0.000483839388182088 5.663204149532088e-05 1.1085181142319074e-05 3.916229377817362e-06 3.8545382899165855e-07 1.9308589384128715e-07 9.73958720778483e-07 2.3428675365791452e-06 0.0 2.3349154105106858e-07 1.4165338021808178e-05 4.855761351319689e-07 3.3123141644887725e-06 1.1676663319856141e-06 5.796299011163634e-08 1.1891692467685666e-07 3.112702446523546e-07 7.021962139457398e-07 1.685945996874998e-07 1.2117094839137099e-06 0.0 5.6183895091141796e-08 9.03322910360247e-08 1.7880804763811517e-06 9.596488306051362e-07 7.671048322326149e-07 1.8806247926115694e-06 2.172786875765065e-05 0.0 4.551358199109868e-08 8.239203796753562e-06 2.8845157480339803e-05 1.2362078755210364e-06 3.458716874688271e-06 8.279758146302835e-08 0.0 1.04278345234782e-07 1.635898739814567e-06 1.5380237106414608e-06 1.1643211985148363e-05 1.0050080656254958e-06 2.7599738599177153e-06 1.0318458996520857e-06 3.3111744634425027e-06 2.4207902869671925e-07 1.097774312235698e-06 0.0
7.190732882073012e-07 0.0002633399250709816 4.0548103971308e-06 0.00013403843467553938 3.184754956129484e-05 2.579988808481219e-05 4.4841742806890534e-05 9.002586737393012e-06 0.0 7.619482875028506e-05 1.8545647105141396e-05 4.424754439511793e-05 1.6597794214543955e-05 7.505354780506061e-06 0.0003192559193475166 0.00015764820059017414 2.684788233973017e-06 4.4901381879313894e-07 1.4661873726596148e-06 6.278735278861933e-05 3.7435440058993656e-05 0.0021284070191302787 5.486165766974666e-05 0.005168988209960737 0.00011712096326994537 7.990755678459477e-06 0.00038512770000883044 0.00037531367657054753 3.463777381162015e-05 1.4275091858618054e-05 1.4745385285075034e-06 7.044362920154545e-07 5.612480196107622e-06 1.563005366012543e-05 4.9224427062651584e-08 0.00020196185076175422 1.3177294591065552e-05 3.011600604842867e-05 8.032518040686713e-06 0.00020481483017818444 3.7302388071923207e-06 1.3599533329784497e-06 1.705638658852649e-07 6.75288240484851e-06 2.152546175162843e-06 9.804518473433663e-07 4.127600230715511e-05 1.1278946370067112e-07 3.1207372856416737e-06 8.859078816549383e-05 4.5671693981601615e-06 0.00012407361731914712 2.3624451727104842e-05 7.677540336630574e-07 2.4194878777948612e-05 9.35547755099074e-07 9.544822883928961e-06 1.4805132047497885e-05 0.00019313948623834892 7.195914240536526e-07 2.3546378535338147e-07 3.5374406228867434e-07 2.871234166203219e-05 5.082078015359301e-05 4.4617362979591496e-05 4.693466497405667e-05 0.0006728901796243737 6.131784698507281e-07 1.919277694867008e-06 1.4686074604834547e-05 0.00030815812785624946 2.5422235781098426e-05 5.066233039096479e-05 3.3282843551935395e-07 3.849830964541927e-07 3.486658045727862e-06 8.776662089008248e-06 8.625027776605734e-07 8.319551033647609e-05 3.0218420672650225e-06 2.776043012456927e-05 5.8769265760967865e-06 9.610622035543902e-05 1.553736882228553e-06 0.0 0.0
1.888162427755639e-05 5.0182485469492255e-08 1.141753847937814e-05 0.0014126195823098398 7.936105753574356e-06 0.004352775531299739 0.004732150868204963 0.0018961623465980487 7.619482875028506e-05 0.0 4.989717560130135e-05 0.0014027406906497006 1.041505012207201e-05 0.0006695525266975339 3.094513319030656e-05 6.894784322310643e-07 3.1442926651538234e-06 9.705688505255193e-06 8.852939632275514e-06 0.0024555147296987344 3.28650307729253e-06 4.5483271625578337e-07 1.4279655379946835e-05 0.00037783696711492253 3.383576561582478e-07 1.556380506507294e-05 5.877619717249803e-06 0.0016592501284581796 0.0008856360243342418 1.4753972877787633e-05 6.169600286018007e-07 2.1970265222583585e-05 8.725649459794441e-05 0.00030520703170594196 1.0138961070601937e-05 0.001042317037380825 2.0277598172701837e-05 0.0005016492259101136 0.0001612629826135294 8.104139334159217e-05 2.9716685465423593e-05 2.5431985392526415e-06 5.449821824680556e-06 1.221156868452066e-06 0.0 6.966001018904629e-08 3.7565317919196845e-05 6.224518200459452e-08 2.9518306371163323e-06 5.2054736879161734e-05 1.7631265652059413e-06 1.781967238209131e-05 2.2027487682725306e-05 2.583061769281911e-07 2.4668254455660652e-05 1.14650326168295e-07 4.809494178450049e-06 5.684836296662024e-06 1.7635727301923867e-06 2.572521489211462e-07 0.0 0.0 2.1968434304196353e-05 1.0003320864315526e-06 1.296458035433425e-07 1.5623916851813802e-07 0.0001467604261946035 0.0 2.0593690044700118e-07 1.0850097286298432e-06 0.0001334466370254311 4.3591826306736966e-06 5.656138676198285e-06 0.0 0.0 5.196336300511763e-08 2.752402445749616e-06 8.807311795412126e-07 2.8352170469714454e-05 1.1797800330898463e-06 8.112859588024329e-06 1.5649641045020414e-06 4.0628695371472776e-05 6.28288281804025e-07 1.697416699121763e-07 0.0
3.7424036867695976e-06 0.00016704796388180873 2.442742749167741e-05 3.950843774664018e-06 2.572914585244385e-05 3.169808059900048e-05 1.714497419577924e-05 4.3167583901452026e-05 1.8545647105141396e-05 4.989717560130135e-05 0.0 2.602424398583089e-05 0.0025793356446391995 4.508044066523995e-05 1.8438413791825488e-06 1.0826955602462564e-06 0.00010763866850969103 0.0015179664525153541 0.0003599403294575473 3.8023953435842347e-05 1.2413208201843112e-05 5.23098417820969e-05 4.402412719120351e-05 3.868341783120157e-05 0.0004295575878036958 0.002186077177159872 0.0004790518954683388 1.4452761387756526e-05 0.00027530719519475877 2.6600245407117543e-05 0.00027506806609817566 6.672412333460061e-05 2.3711862349036504e-06 0.002995336600125715 7.943633615680694e-06 0.0003975485529108499 0.0025616750724855933 0.0026414715724510478 0.0004325173155552754 2.12610883207087e-05 7.776832968567143e-05 0.0005097669426381129 1.6139010901308522e-06 1.7341144467575554e-07 2.136145300543082e-06 3.36459042049032e-07 1.62901467362531e-07 7.432341033312336e-08 4.844381839938459e-07 3.0313327321402744e-06 1.17671056739555e-06 8.018243358810195e-07 3.761716531727451e-07 0.0002182361684629367 3.1698749527656303e-07 0.0006232049395216944 9.510096065447128e-07 0.0 2.1223598647250057e-07 1.8676226200275655e-07 1.2696750021535135e-05 3.7592560630522015e-06 1.0395132979123819e-07 2.38587664858145e-07 0.0 9.171784511941397e-08 2.5893526274784223e-06 5.443122762548489e-05 4.45101298510485e-05 0.00016054664896412622 3.3938963496034407e-06 2.513811773802937e-06 2.7568368868973356e-07 5.304138906409075e-05 1.2318218883516904e-06 0.0 1.1763158576792145e-05 2.3396709543688326e-06 1.1009314700661347e-05 0.00027151160999153406 2.5528774293928125e-05 9.712471167346896e-07 1.4120657171469033e-06 1.4498541321708744e-06 0.0003321946548301961 6.029903488315631e-07
7.83746194229112e-07 7.259634156726026e-08 2.4194336552787e-07 0.0005825956711087548 2.3685276994510802e-05 0.0016509148811339428 4.195406847247792e-05 0.00020327865316771047 4.424754439511793e-05 0.0014027406906497006 2.602424398583089e-05 0.0 9.275331830330636e-06 0.00010905881260352582 0.0004128070918726328 5.289436413655168e-07 5.875167588716487e-07 3.5088077272864445e-06 2.5218163319018307e-06 0.0020092895107140145 4.115306884693076e-07 8.776635543300193e-07 2.2207644820418793e-07 0.0005749070197828799 1.0638524551243526e-07 3.210111275529976e-06 2.565014861497773e-06 0.0002806878432083672 0.00016887556917482316 1.6512855263598081e-06 3.1421323147832324e-07 1.3269817245389532e-05 2.4077466636604005e-06 9.85960994144638e-05 3.257133234867574e-07 0.0004205036005396963 3.647994856089336e-06 8.945086903404935e-05 2.27919900682279e-05 0.0002899090067298369 8.588927142554782e-06 2.174841584579367e-06 2.880694117473247e-07 1.404411354434251e-07 0.0 0.0 3.228833489171428e-05 0.0 2.3129252821713035e-06 1.550279857167235e-05 1.316310794080011e-06 1.144017889242444e-05 5.651395704144008e-06 0.0 4.4448034132213025e-05 0.0 1.2860170979745359e-06 6.1499110513966805e-06 1.373806526109487e-06 0.0 0.0 0.0 1.678717506735686e-05 7.618463582517023e-07 2.254321090209324e-07 1.3476325811481782e-06 4.553708913038935e-05 0.0 0.0 3.447970464133334e-07 3.8439041941183825e-05 6.250789937389076e-07 9.269983270498649e-07 0.0 0.0 0.0 7.252857881980207e-07 1.7764058862858049e-07 1.4100467013865966e-05 1.3097159699547164e-06 2.3978172718140764e-06 4.277814948792434e-08 4.96484609571422e-05 1.9738508846495461e-07 1.6980648679977091e-06 0.0
5.228910822548081e-07 0.000304330151494552 4.09960971588918e-06 2.719622568550429e-06 2.4812023590329308e-05 3.7831186162957694e-05 3.867628751344539e-06 2.5758323509304516e-05 1.6597794214543955e-05 1.041505012207201e-05 0.0025793356446391995 9.275331830330636e-06 0.0 1.2096397885672153e-05 6.279666015876795e-06 4.284412173878658e-05 7.81203125541739e-06 3.2935874557934124e-05 5.8200230521125406e-06 9.274738716535846e-06 2.123876486566285e-05 5.7584503601710344e-05 4.3479505039475e-05 2.9576837784336784e-05 0.0035889553390320663 0.0005909089151966446 0.0015007978711819097 2.2305988687301287e-05 4.289637677488747e-05 1.106012647918599e-05 0.0004729889317044987 3.370344045654492e-05 2.2966057909608595e-07 0.00048660903710662185 1.449946313564126e-05 0.0010447193306821834 0.002907951925933497 0.0020313936745821257 0.00028854571667345346 7.070665936601715e-05 0.00018311718621445887 0.0007189851229112141 1.783038643927202e-05 9.671696677178966e-08 3.426209638975141e-06 1.9287946264794518e-07 3.760016983256169e-07 3.2242344544893657e-07 5.692521161396805e-07 8.192889408970945e-07 3.087950999358612e-06 0.0 6.805133520865313e-07 0.0005787340224891632 4.218117430161572e-07 0.00154649033653336 3.982096463909878e-06 1.1427643637360758e-06 4.938994591074283e-07 0.0 2.5757291030890967e-05 3.5173629485098285e-06 1.2008866027350609e-07 0.0 3.3935412921535704e-07 3.154937222359425e-07 2.0746297396607166e-06 0.00017508007903784586 0.00012028923260046889 0.00035392804005190883 2.241575643280138e-06 6.6820087373502544e-06 0.0 0.00014737366774447648 1.400185978399589e-06 0.0 2.1713434899346746e-05 1.2715387253405429e-05 0.00018159110865212234 0.0004496292784983193 9.884682830072076e-05 2.9271473653583546e-05 2.2582702387142777e-05 1.7673108198483547e-05 0.0004979813784946426 1.2844263220546148e-05
0.0023979277007821153 3.365209880728265e-07 0.0002631746782231057 4.677721661538615e-05 4.307165426291833e-06 0.00020868823264458066 0.0030510232933187767 0.004930537176133681 7.505354780506061e-06 0.0006695525266975339 4.508044066523995e-05 0.00010905881260352582 1.2096397885672153e-05 0.0 7.226148526716971e-06 4.6020872392238546e-07 0.0002173947248479895 2.140140179618637e-05 4.5221759856043225e-05 0.0002446926106284802 0.0001082433361436697 1.7242536455137857e-06 0.0003105780742780911 0.00012117187905628819 0.0 0.00021425526843984845 3.740647398885282e-05 0.00019541566050756444 0.00475223709165125 0.001151587503066637 3.911510444356364e-07 3.548198633195124e-05 2.7690839349876462e-05 0.00027796292057019313 2.5350683971659843e-06 0.00020976345285808 2.4873210940178713e-05 0.00021046187319413587 6.709493091788593e-05 9.339559546677125e-05 2.9228211862815454e-05 4.368941393795221e-06 1.6703635177031788e-06 7.51055399310487e-07 3.946881812338913e-07 2.1730683117170336e-06 7.963813353540842e-07 0.0 2.3952133324087847e-07 8.330426562787383e-06 1.690588506811261e-07 2.9267782202421543e-06 3.1555190034157424e-07 1.3761978716014418e-07 1.9969755041637387e-07 1.7438698042607403e-07 8.153038638432599e-07 0.0 1.4380150144797532e-06 4.248841469620208e-08 0.0 0.0 1.168636831768388e-06 1.4616094571588545e-06 9.79942258149847e-07 1.1848856563982907e-06 1.7836593334484473e-05 0.0 3.2304901768490095e-07 1.173474072062899e-05 2.5604250372018193e-05 1.0357760846596864e-06 3.1762713126706973e-06 0.0 3.7615971177056785e-07 6.98443918151399e-08 4.834035281583549e-07 6.412881066851739e-07 9.438763164807796e-06 4.1064791596575673e-07 3.34594904753305e-06 5.397461975240768e-07 3.833800153830719e-06 9.980884071015942e-08 6.497269572053013e-07 0.0
5.2021055628986094e-08 3.3400302857471003e-06 3.682403158681486e-07 9.964648010208815e-06 0.0006914696186369258 0.0007203765504363044 1.3218109926915565e-05 6.890882810797961e-05 0.0003192559193475166 3.094513319030656e-05 1.8438413791825488e-06 0.0004128070918726328 6.279666015876795e-06 7.226148526716971e-06 0.0 4.837910621643893e-07 0.0 1.5379439104823723e-07 0.0 6.714544467582192e-05 0.0 1.617612319240218e-05 1.8171715001080623e-07 0.0007294451505854429 1.5118913323388833e-06 4.091629830408256e-07 6.117363781553075e-06 3.2582371848918763e-05 9.54862059038316e-06 7.357668141323621e-08 0.0 7.331657478733596e-05 0.0 2.0564816777659025e-05 6.04602177269619e-07 0.0002403134929608701 1.2873466586202282e-06 9.88392017517656e-06 8.333752630954556e-06 0.0007006070845009893 7.461697059795825e-05 1.3828670867494625e-06 0.0 0.0 0.0 0.0 2.336969251979211e-06 0.0 0.0 1.0206291587124865e-06 0.0 4.866077030860654e-06 3.5013058094704582e-06 0.0 4.943982329266212e-06 0.0 4.256791776943554e-08 2.700634083378414e-06 1.192821881127504e-06 0.0 0.0 0.0 3.7890904354416476e-06 3.948186454002756e-07 5.029253983762858e-07 1.6637396045250685e-06 1.3526064389092728e-05 0.0 0.0 5.393803580314638e-07 8.536301915740397e-06 4.13480741907441e-07 2.839194737818781e-07 0.0 0.0 0.0 0.0 5.248126842878149e-07 6.19246866898214e-06 0.0 2.4619412066515716e-07 1.1763222399529023e-07 1.7193059465245356e-05 7.015405092334686e-07 3.523950244044794e-07 0.0
0.0 0.00011763490906087198 1.3274038806407056e-05 1.8045757119899013e-07 0.0 5.997186292608881e-07 1.7147481614888595e-05 3.029239834750793e-07 0.00015764820059017414 6.894784322310643e-07 1.0826955602462564e-06 5.289436413655168e-07 4.284412173878658e-05 4.6020872392238546e-07 4.837910621643893e-07 0.0 5.047202345995044e-06 4.5264150880923916e-07 1.3420895894929995e-06 7.217245367235246e-07 0.0011244297245731716 0.001990216482501432 0.0022064130165218507 0.001277253115194624 9.19776458664424e-06 1.0907808677297754e-05 0.0033031795663183857 0.0009011989142263379 2.354307606375847e-06 9.752059984243974e-06 2.0312838844646116e-07 6.383119295723891e-08 2.7052214078055865e-07 1.9150204252165973e-05 1.2375392668677365e-05 0.0006189518852297282 0.0002540656298058065 9.935620875881955e-05 0.00011696377584323063 2.1700535257612747e-05 7.04061559149078e-06 2.4933807005847435e-05 4.090971770747133e-06 1.7586277651176033e-06 3.3896615356583803e-06 3.747671750826834e-06 3.2304951403565893e-07 0.0 3.8831955900329847e-07 6.820280189579639e-06 2.409647466060549e-07 1.1449936557777498e-05 8.667140457401149e-07 3.5980372247592027e-07 2.309685502953054e-07 7.146704577191674e-07 2.3055382931052774e-06 2.2401917593989345e-07 0.0011911448568108776 1.8523090905066038e-06 0.0 7.214053179721787e-07 1.2129449552952812e-07 0.00015359370890457498 0.0004907849082470595 0.0005335928769922246 0.00014726688416480022 3.598019145998018e-07 2.825679722588845e-06 0.0003326618856565404 5.863427910733273e-05 1.4213242163100617e-05 4.4915338650341425e-05 0.0 1.2276991808409658e-07 2.1481221682500354e-06 5.240902475710824e-06 1.287218759536593e-05 0.00010194798952333696 7.284235619010089e-06 2.1703945346731955e-05 1.0043196691509651e-05 3.385652162778393e-06 2.709772683400337e-06 1.6422987763382423e-05 2.4912627400180834e-06
7.454526783629828e-05 1.228635099830202e-05 0.002664652183037119 5.598592613477355e-07 1.762362746603387e-07 6.607335501176712e-06 5.636495580459465e-05 0.00011363458891584815 2.684788233973017e-06 3.1442926651538234e-06 0.00010763866850969103 5.875167588716487e-07 7.81203125541739e-06 0.0002173947248479895 0.0 5.047202345995044e-06 0.0 0.00014262825780004927 0.0026343003456284282 1.3426064826509568e-06 0.00019016649845453207 1.8600644359621156e-05 0.001554558218554736 1.1995708967969128e-05 1.2700499143583025e-06 0.0023712013735764075 0.0031273334064706427 2.4126509515225186e-05 0.00035150321632086137 0.0009122262564589892 2.1012650698240495e-06 5.861866040542461e-07 2.1531932176486386e-05 0.0011274046005912083 7.824262888737112e-06 0.00040515015490742284 0.0017123480963893826 0.0007346272303697911 0.0001922144156543141 6.351686981848616e-06 7.95917352462327e-07 3.965717906959235e-06 5.900428146839173e-07 4.6883691233019004e-08 3.3971633636240106e-05 0.00011837203190889814 0.0 0.0 0.0 6.433676968021437e-07 0.0 9.84177688004607e-08 0.0 1.1133171775448336e-07 0.0 5.858316806553105e-07 0.0 0.0 4.011391730539198e-06 1.2597004384029159e-05 5.269981130521766e-07 1.7135672669526764e-05 0.0 1.6462872198820348e-06 3.514233188878932e-06 4.243699565607454e-06 1.1078877052933015e-06 1.5480307723239125e-07 9.233875596962134e-05 0.0005086443244632731 9.986406607223094e-07 0.0 1.6715402312994011e-07 3.492426500186103e-07 0.0 0.0 1.101688106799291e-06 6.630873160604498e-06 1.7544460139669694e-05 6.110695846772627e-05 8.656165395804703e-06 4.835586616820102e-06 5.551261438486531e-07 0.0 0.0 0.0
5.351668951395929e-06 5.469501128663717e-07 3.149720429523988e-05 1.1413321889114196e-06 1.6309405145662501e-06 3.5928185639058766e-06 9.541035546495708e-06 1.3998188581771003e-05 4.4901381879313894e-07 9.705688505255193e-06 0.0015179664525153541 3.5088077272864445e-06 3.2935874557934124e-05 2.140140179618637e-05 1.5379439104823723e-07 4.5264150880923916e-07 0.00014262825780004927 0.0 0.0006494314682446029 7.333719315072321e-06 3.857066269540916e-06 3.307530154733506e-07 3.5792896486809184e-05 3.5434890227954794e-06 9.1140244713218e-06 0.0007681579840030453 0.00038212955682441463 4.118746892531691e-06 5.2577797256877996e-05 2.1133105770440335e-05 2.2498432651069587e-05 5.409671236546402e-06 1.7391589863157846e-06 0.0005287215298140825 9.764358378552147e-06 0.0004250656591445295 0.0007765864381956911 0.0009563947621188192 0.0002771511578103312 4.633693033123537e-06 1.3010783516071104e-05 1.3019509123278403e-05 1.024639024320234e-06 0.0 1.9741939753362517e-06 6.666703830565088e-07 2.735547424678302e-07 0.0 0.0 2.0990584428970244e-07 5.2048916485400825e-08 1.5213523176126072e-07 0.0 1.6593395260663933e-05 0.0 0.0001127065385570633 5.649244773568828e-08 0.0 3.702867917812654e-07 1.2566894344950132e-07 1.3137504143447793e-05 3.0637876807429004e-06 0.0 1.2413474499459264e-07 0.0 0.0 5.359492627685019e-07 1.1787572393128711e-05 5.6166130041751195e-05 0.000197956074142273 1.7281729832646757e-07 5.2309638307270155e-08 6.740496189063158e-08 2.545585373024896e-05 7.177834102612591e-08 0.0 7.138466567578614e-07 2.948483041093655e-06 7.985162990137534e-06 1.1302547584129908e-05 1.2814992372924924e-06 0.0 1.1848049830966277e-07 0.0 1.28171833086466e-06 8.395239765792783e-08
1.4295105938506981e-05 4.7830161045250365e-06 7.000766964318188e-05 1.1647171969316437e-06 4.832557496834133e-07 3.1785519067296564e-06 1.2943269730182533e-05 2.670306846279894e-05 1.4661873726596148e-06 8.852939632275514e-06 0.0003599403294575473 2.5218163319018307e-06 5.8200230521125406e-06 4.5221759856043225e-05 0.0 1.3420895894929995e-06 0.0026343003456284282 0.0006494314682446029 0.0 5.291447590696497e-06 1.6742018850665505e-05 1.2789998395012249e-06 0.00011514105602928294 4.615383356523528e-06 3.595824710460048e-06 0.0025293364177243166 0.0011298499013850884 4.559160988814146e-06 0.00011122748464962752 8.610004308308633e-05 7.78963493825407e-06 2.9937772940177005e-06 6.605794560322089e-06 0.002030425426184799 1.0789148579719667e-05 0.0006193824924567188 0.0004968462111632954 0.0013818343119819004 0.0002659854759514931 4.938160475437012e-06 4.606568909776545e-06 8.98010363130701e-07 4.867417406156072e-07 0.0 5.48187042142432e-06 3.5796515847552344e-06 0.0 0.0 0.0 9.338358739418053e-08 0.0 6.357046026637493e-08 0.0 1.548471807144859e-06 0.0 6.385532893670993e-06 0.0 0.0 6.066689129888566e-07 1.0237650883093742e-06 3.7569853634014184e-06 7.787416703240703e-06 0.0 5.8982378632571735e-08 7.036444060455862e-07 2.635242472328051e-07 6.047955040783506e-07 1.6753552122091759e-06 4.599061754916613e-05 0.00011805785543998287 4.773523711479628e-07 0.0 1.4717476387703706e-07 3.973299820576214e-06 0.0 0.0 4.5131680298117966e-07 9.444125955776846e-06 8.65695094877366e-06 7.64433866635406e-06 4.822857861043777e-07 3.3708481354989923e-07 0.0 2.1924492654186765e-07 0.0 0.0
4.336966256963634e-06 9.090919191372177e-08 6.012143949505371e-07 0.002060251810605855 7.470095935602647e-06 0.00036774654771736616 5.179555876974072e-05 0.00031473965229559094 6.278735278861933e-05 0.0024555147296987344 3.8023953435842347e-05 0.0020092895107140145 9.274738716535846e-06 0.0002446926106284802 6.714544467582192e-05 7.217245367235246e-07 1.3426064826509568e-06 7.333719315072321e-06 5.291447590696497e-06 0.0 5.89809029853913e-07 0.0 1.2984410001875102e-06 0.0002970874235699773 1.1332570004619664e-07 6.37549295690257e-06 3.4357666481940425e-06 0.0006151252899151044 0.0004392153620594935 3.3935595593106633e-06 5.284626738580417e-07 1.6986756446334878e-05 1.6966092759239712e-05 0.00020172017144033758 2.828987777208803e-06 0.0006199040580107247 9.920559096190035e-06 0.0002794357968852262 8.381100030818368e-05 0.0001231461063885692 2.1171306754388134e-05 2.3506885282265475e-06 2.8124707057897004e-06 2.247972800244817e-07 0.0 0.0 2.1305459212679984e-05 0.0 4.777600961231518e-07 2.1223194639471055e-05 6.012058627896973e-07 1.0338297745033273e-05 6.580678846045772e-06 1.5207747030042583e-07 1.1751691461313632e-05 6.036287863342544e-08 1.2851292206664744e-06 2.318511720821297e-06 1.1242113520827195e-07 0.0 0.0 0.0 5.4840166276098084e-06 7.287918686554192e-07 0.0 2.76393492011626e-07 6.734175348020163e-05 4.5806581104229234e-08 0.0 0.0 5.385865786827188e-05 1.7851716544285235e-06 1.827320105085496e-06 0.0 0.0 1.0027009186124851e-07 1.0008840973113863e-06 7.104268833643788e-07 1.656689841598507e-05 1.5452951550478278e-07 3.060088164786823e-06 1.7653296560866908e-07 2.4742053962334236e-05 6.458274408777468e-07 4.2020176955319725e-07 0.0
3.9394787172342394e-05 2.6437074120584575e-06 0.00040574690513090216 3.5272010154396836e-07 3.9655401807808956e-07 4.009200099201861e-06 0.00037248511506806487 5.663185185672435e-05 3.7435440058993656e-05 3.28650307729253e-06 1.2413208201843112e-05 4.115306884693076e-07 2.123876486566285e-05 0.0001082433361436697 0.0 0.0011244297245731716 0.00019016649845453207 3.857066269540916e-06 1.6742018850665505e-05 5.89809029853913e-07 0.0 9.073398748345029e-05 0.009088034737705667 0.0003630912155193651 1.5807636157600338e-06 5.639610976713869e-05 0.0008697721706565037 0.002623178532691533 0.00021214733524177587 0.005792111026101089 1.3096419086248297e-07 6.811935011678834e-07 1.8767613573611212e-05 0.002019264490794209 8.591000142437967e-05 0.002581649077909199 0.0002800601525763518 0.0019175322775352817 0.0011801145552915316 0.0001428284061347748 5.160025739074172e-06 1.4366200634258459e-05 1.8084689311842264e-05 3.9473326147630965e-06 1.0178403449533416e-06 5.28222057140269e-06 3.3461526564107677e-07 0.0 1.567533081974381e-07 7.202973543904336e-06 3.5366898651928206e-07 1.0058830196988592e-05 2.2465843224018536e-07 5.430718961454313e-07 4.920240140719154e-07 2.3737714506540721e-07 3.8375729485490646e-06 2.924708618731314e-07 0.0003109717345857422 1.555698927790839e-06 0.0 4.2440529166251565e-07 2.87660433214747e-07 0.00015312841273754926 0.00011131564288449067 7.786334668008112e-05 0.00013360858576019424 0.0 1.3640446399634858e-06 3.57874654784064e-05 5.925305112053302e-05 2.6999320267513444e-05 6.616157127256992e-05 0.0 0.0 4.449955782626753e-06 5.832677826264941e-06 8.909342881432397e-05 4.199539925228659e-05 6.429232009309844e-06 1.5001015385080108e-05 7.55160307393191e-06 4.291219600250185e-06 9.229458223759089e-07 7.467832641360252e-06 7.801195150295186e-07
3.3992873673517237e-07 0.0013063951452007196 6.492581598561121e-05 0.0 7.394851588102582e-07 9.66410185844228e-07 9.454246290499064e-06 1.168128108471447e-06 0.0021284070191302787 4.5483271625578337e-07 5.23098417820969e-05 8.776635543300193e-07 5.7584503601710344e-05 1.7242536455137857e-06 1.617612319240218e-05 0.001990216482501432 1.8600644359621156e-05 3.307530154733506e-07 1.2789998395012249e-06 0.0 9.073398748345029e-05 0.0 0.0002674475852229963 0.0025771687798243226 0.00040485087880131004 2.254770459013107e-05 0.003567220430238153 8.156740038710058e-05 7.088956970702016e-06 4.849125536592382e-06 3.4350529211650636e-06 0.0 9.303716789669829e-07 2.028481381568942e-05 1.0495079109729033e-06 6.619807038932756e-05 9.605641260392286e-06 4.2687208029588354e-05 1.3877280258000175e-05 6.940966062345842e-05 4.6033092402979937e-07 1.030449435996416e-05 0.0 2.1180085025497756e-06 1.000049036071571e-05 1.796018518406279e-05 9.599910517722653e-07 0.0 6.084404540580347e-07 4.52063693486788e-06 5.978642410911074e-07 1.9897236779305055e-05 2.277613345851775e-07 3.582137189792227e-07 1.2014153430972416e-07 1.102424992032978e-06 1.0473962102225907e-06 1.399461179488008e-07 0.00038596551455702226 2.1641052604515115e-06 1.4929856906444734e-07 5.900976089091987e-07 5.088932010663225e-07 4.2128315431268264e-05 9.704883587722979e-05 0.0001260844602765629 0.00010843040101659994 0.0 6.4094080027772425e-06 0.0004232593893946486 3.577055347844187e-05 5.60277000652341e-06 1.7020703153591108e-05 4.48369392474368e-07 6.347798685946592e-08 1.0333690044864037e-06 2.3616040313550333e-06 1.4116792845323323e-06 1.9364961283844185e-05 1.6904126392310165e-06 7.573809716268715e-06 2.8168425777579298e-06 1.06680104310559e-06 0.0 5.386916514282844e-08 0.0
9.881925286410684e-05 7.057301820697401e-06 0.005249220383709701 2.235848730119641e-06 4.6297116225439147e-07 1.6870573544814885e-05 0.0007820717923110666 0.00020727532045374948 5.486165766974666e-05 1.4279655379946835e-05 4.402412719120351e-05 2.2207644820418793e-07 4.3479505039475e-05 0.0003105780742780911 1.8171715001080623e-07 0.0022064130165218507 0.001554558218554736 3.5792896486809184e-05 0.00011514105602928294 1.2984410001875102e-06 0.009088034737705667 0.0002674475852229963 0.0 0.00024216614356605912 9.401460028659199e-07 0.0007860122755498486 0.006584249370037178 0.0016907566550249593 0.00026822547492753304 0.0033595219895050004 5.60487076219606e-07 1.6404314873963519e-06 1.7383567621204575e-05 0.0027185451027663945 0.00030564093733588505 0.006647278475241203 0.0027444085038688362 0.004684193501872993 0.0034275693272713065 0.00041300406899700474 1.4207544610717802e-05 2.131079789259579e-05 4.989144559772336e-05 6.389004204214345e-07 1.7355398980220904e-05 0.00011257143556533191 3.523700691926478e-07 0.0 0.0 3.976701870262339e-06 5.958677516846166e-07 1.7997095217657068e-06 8.93210557103137e-07 6.891330155794929e-07 0.0 4.2687347732400235e-07 4.659476726830137e-07 0.0 0.000742967181544947 4.602146707116857e-06 1.1832641944079324e-07 9.841043730123562e-07 9.94970744661799e-08 7.673978599674314e-05 0.0002692167159766635 0.000378214581090938 6.84873630532874e-05 1.1147600365912804e-07 7.494596334350996e-06 0.0007358873216945605 2.492919257777048e-05 3.978325143751814e-06 2.450150637136777e-05 0.0 0.0 1.2239509717886317e-06 2.914478438325657e-06 0.0004135864175670114 9.627508883205499e-05 1.2466627673199214e-05 1.646937425607588e-05 1.5577103443123513e-05 1.0924635112913008e-06 1.2057645785725085e-06 1.7780102919250795e-05 1.0537327761648143e-06
