0.0 0.0 6.266389535791283e-05 6.606087059035181e-06 1.1595356192608705e-07 3.7869837431574904e-06 0.0014465293113947776 0.0003188094521073468 1.8451970460071718e-06 2.143937434358329e-05 7.639253170250281e-07 7.980657668816438e-07 6.376475557513958e-08 0.003906401532984045 0.0 1.84471795845629e-07 6.057071526923373e-05 4.5045793194684343e-07 9.21605715595257e-06 4.957933408981642e-06 3.212413500923137e-05 5.942361013971376e-08 2.403858548153126e-05 4.215150986430165e-05 7.311710035360904e-08 1.9459668671990687e-05 1.6778890197230174e-05 8.78872647996543e-05 0.0012170792886716589 0.0015687114215001572 1.692381118148878e-07 5.080583123947806e-08 1.700338469249407e-05 4.727904193381677e-05 1.5441375915483275e-06 2.3744495657738938e-05 2.1891057808496652e-06 3.2490776622977105e-05 1.1145943167558644e-05 1.2168504439320035e-06 8.573254013377229e-08 1.3219928240946816e-07 3.92526447150969e-07 0.0 0.0 6.299770820313794e-08 1.0165414289370364e-06 0.0 0.0 3.2127703268901457e-07 6.155059352034412e-08 1.0848255974884938e-06 1.6224224768715611e-07 0.0 0.0 0.0 3.306138153148648e-07 0.0 1.0062658939013647e-06 8.007293155749304e-08 0.0 0.0 1.8264377875407028e-07 1.392716580405454e-07 1.7798551049522206e-07 5.215423114560676e-08 1.2981393580692934e-05 0.0 7.858279648097887e-08 7.939649638112509e-07 5.153143363227366e-06 5.31123772829813e-07 1.10798273021581e-07 0.0 0.0 0.0 0.0 0.0 3.1932652353979867e-06 2.1622351113508377e-07 1.767736338245043e-06 2.502964739645204e-07 2.2822431333243615e-06 0.0 0.0 0.0
0.0 0.0 4.030813086749833e-05 0.0 1.5858193504995513e-07 2.0681287345416816e-07 1.7568641657532082e-07 2.876347579158607e-07 0.0003480624231059125 6.338852470859937e-08 1.1085084980178952e-05 8.213438507611035e-08 0.0004197532458908328 3.830435102164729e-07 1.0532387615716214e-05 3.7112936831347164e-05 7.328373860942282e-05 1.783114215281494e-06 1.5712538045889612e-05 0.0 2.02541442407462e-06 0.0011373129624505953 1.8408470995351542e-06 0.0005040427059653898 0.0012461656142622756 0.00039642619096661623 0.003459356167527334 6.37727489190454e-06 4.3647963903026726e-07 5.92995945551769e-07 1.2881893215308887e-05 1.0481413501374627e-07 0.0 2.476661811900173e-05 3.968626645024359e-07 7.15394870656285e-05 4.5477563902601024e-05 6.173841431129471e-05 3.132017970617527e-05 6.298965283406118e-06 2.457002226010344e-07 0.00020194651239791375 7.500093099588579e-07 0.0 2.8667575190852184e-05 3.361468807912374e-05 0.0 0.0 0.0 0.0 0.0 5.652343715729903e-06 0.0 4.799390873776739e-06 0.0 1.5185857836575955e-05 7.942897042690717e-08 0.0 3.6642189278458307e-06 7.1992964514475915e-06 5.650087691856961e-07 7.046991852643291e-06 0.0 2.277060212392419e-07 1.0352444340078465e-05 1.3793168594416272e-06 1.4229259212733222e-06 3.18812524879415e-05 0.00013892386731204296 0.0008894463905411784 1.4580488639054432e-07 7.245365032676244e-08 6.920161558402933e-08 6.114832056445336e-06 0.0 0.0 2.2214957181828454e-06 3.1476213465970246e-07 9.016854713039298e-06 1.9490815813581303e-05 9.35258488498162e-06 1.7113737551136274e-06 9.042418364468835e-08 0.0 2.289131303714731e-06 8.625118476496271e-08
6.266389535791283e-05 4.030813086749833e-05 0.0 3.6399663122601654e-07 6.04733706405934e-08 1.7853763477441492e-05 0.0007340338912476623 0.00012898769379656122 3.6060826358528824e-06 2.8597685323448486e-06 2.069358616304372e-06 2.4973004843533197e-06 1.2828070713954513e-06 0.0002279457027817319 1.2644321207223806e-06 1.6624245652303683e-05 0.0011853715875068834 9.60096475220088e-07 2.568389712087544e-05 4.14691433685587e-07 0.002885799285521658 3.906749939789247e-05 0.006294710663195818 0.0001828298126449489 1.308082758866098e-07 0.0010544190960844065 0.0068512126862458585 0.00031448624562371006 0.0001287647383013676 0.0005500370849635281 2.21896344023985e-07 2.0335006071238577e-07 6.478283747512407e-06 0.00018601062420668126 1.2933583366595066e-05 0.0007336771809354599 0.0010893187417746301 0.000694177293333697 0.0005777927977995098 5.637021532248841e-05 2.257640218276162e-06 1.8275774617816562e-06 6.1053687325401975e-06 5.4793462165151686e-08 3.675035964139881e-05 0.000289933590936956 4.64902294990175e-07 0.0 0.0 1.1042327148648012e-06 1.9391540327716152e-07 1.466893620173913e-06 5.339534695359351e-08 7.352241146705383e-08 0.0 0.0 9.548462948383104e-07 0.0 2.0272135884966194e-05 6.49718774268755e-05 6.836229378506663e-08 3.299092764052902e-06 2.751411423572917e-07 3.1960083989220493e-06 3.7966405926300516e-05 2.8809922755321617e-05 2.4039086081347885e-05 0.0 0.00014405399132200536 0.0012181477598411736 1.347282781906183e-05 5.225101937660327e-07 4.186049372909354e-06 5.6560277502019815e-08 0.0 0.0 7.783576751565292e-06 2.1121680954792878e-07 3.622272920150161e-05 0.00039868202413801876 2.8390791300050913e-05 1.630809395934059e-05 1.8971449389808393e-06 5.154348803183217e-08 0.0 3.1139243415413143e-07
6.606087059035181e-06 0.0 3.6399663122601654e-07 0.0 3.7982958433458093e-07 7.519607683124906e-05 8.827535949662217e-05 7.038424270271128e-05 0.0007716718305757232 0.0007942364241052185 4.542714388944096e-06 0.0030687880239213716 2.6355392333747075e-05 8.118893880557317e-05 6.76053289997521e-06 0.0 4.4461573186011955e-07 1.3444590485540507e-06 8.760905768151588e-07 0.002881151596919796 7.890485566390006e-08 1.7322454278728845e-07 1.3009427886258244e-07 0.001543708405432179 7.986666869296597e-07 1.8592318981006034e-06 1.2912059167521516e-06 0.0027816097758769634 9.449146561076202e-05 2.0390284525552265e-06 9.782636436395213e-08 1.436557315974227e-06 1.0896348446956996e-06 2.2584382604412043e-05 5.083518246893382e-06 0.0001848698630521912 6.265096163673364e-06 9.279074742002336e-05 2.7398179782024507e-05 0.0001484875757702032 7.228130836202068e-06 6.408623033943916e-06 4.507760569381373e-06 6.756923804653918e-07 0.0 4.4033935493704393e-07 0.0003601960955623047 6.66999033473349e-08 5.6561045141092884e-06 7.212852878033326e-06 4.60556363396298e-06 0.0001580867110984707 8.815127781534884e-05 1.398124397407368e-06 6.343662665616451e-05 0.0 6.6713759000889245e-06 1.2959429412545199e-05 0.0 0.0 0.0 0.0 0.00015313518383864972 0.0 2.434137612926585e-07 0.0 0.00026780599702762146 0.0 0.0 3.5288791070415365e-07 0.00013722695044086442 8.83663743427833e-06 2.1712200304371282e-07 0.0 0.0 4.5482691629820185e-07 3.074212247958867e-06 2.5059970298415e-06 7.35812431981728e-05 2.5978089470330507e-06 2.1273178932593786e-05 7.803597889169138e-06 4.295683289478711e-05 6.014397788117802e-06 1.770272089432098e-05 2.4498770441597167e-06
1.1595356192608705e-07 1.5858193504995513e-07 6.04733706405934e-08 3.7982958433458093e-07 0.0 0.00027089810394288706 3.531116299923633e-06 9.980863868862302e-05 7.147742590854156e-05 4.302650917878377e-06 5.34285812939071e-05 5.277571697346611e-05 3.183215377229467e-05 1.5395285006848214e-06 0.0008102562293238341 0.0 2.1587189586171876e-07 5.119397155949695e-06 5.248389914947634e-06 1.0383074972127154e-06 0.0 0.0 0.0 2.5100939351326416e-06 9.403360336714443e-07 7.927613928860667e-06 2.1232088117527333e-06 7.176081220293016e-07 3.2272392194610384e-05 2.728723410508777e-07 3.262259544571919e-07 1.6101221953016686e-05 0.0 0.0005068766136302927 7.205359914642309e-07 1.037049747569704e-05 4.2815164056991026e-06 0.00013013559190899502 0.00010591260264000433 0.0009227651058712117 0.00011495732017701067 5.3855538550642345e-06 4.695961546906531e-06 0.0 0.0 0.0 1.4152062536068842e-06 8.678889623988333e-08 1.1516073210979648e-07 0.0 0.0 3.8524747266844825e-07 5.484118306548611e-08 0.0 4.749562689984206e-07 0.0 0.0 0.0 0.0 0.0 0.0 0.0 9.564038879776142e-08 0.0 0.0 0.0 8.594554094281553e-07 0.0 0.0 0.0 1.036493900249282e-06 0.0 0.0 0.0 0.0 0.0 0.0 0.0 3.613061125484775e-07 1.6655286879397993e-07 2.320085405925883e-07 3.595644424393327e-07 1.6637635483997434e-06 2.79482755360717e-07 1.1500705616301415e-06 1.1694036212006579e-07
3.7869837431574904e-06 2.0681287345416816e-07 1.7853763477441492e-05 7.519607683124906e-05 0.00027089810394288706 0.0 0.002077531385343957 0.0031557584811559665 2.3012119884565717e-05 0.005492434236756156 7.748541290905869e-05 0.002314117719720162 5.988993404417304e-05 0.000646580449390492 0.0002207205224609795 1.396374203492216e-06 3.220281223375939e-06 1.0154203485927137e-05 7.832741986001134e-06 0.00034368315971068956 5.256663617591274e-06 0.0 2.776822531977071e-06 4.521773763145782e-05 1.1509196940815533e-06 1.783659224541199e-05 5.725148526175339e-06 0.00047361778611852955 0.00015036208806775678 3.415172560235751e-05 8.483949187523253e-07 0.00022224578602887516 7.033461642967691e-07 0.00014344355126263652 9.30941201444018e-06 0.00014777623059739357 2.8121563051579198e-05 0.0003052900642786067 0.00028729845500208344 0.00057582448589527 0.00017557698279813033 1.060206091638076e-05 1.2625786807587377e-05 1.5289768191611132e-07 0.0 0.0 7.0816268984124e-06 0.0 1.6552465117834274e-06 1.6870432377339277e-06 1.3436646422474255e-07 3.98624469827501e-06 3.0362086809486112e-06 8.143588193149876e-07 1.2040130169341139e-06 1.0955028024000932e-07 1.643982289730699e-06 0.0 1.555298828645847e-07 0.0 0.0 0.0 4.609231133906509e-06 1.255161716201374e-07 0.0 0.0 2.2390104438709387e-05 0.0 0.0 1.2043527981855455e-07 8.175904594036276e-06 4.32248856193794e-07 1.5162836968887209e-06 0.0 0.0 0.0 2.8321012469702657e-07 7.058097842237019e-07 5.268172692178234e-06 1.0493145568657398e-06 4.8003370658968526e-06 3.525637913255959e-06 2.2674442833953504e-06 1.3503938477935172e-06 3.4713115473844994e-06 1.548545491625659e-07
0.0014465293113947776 1.7568641657532082e-07 0.0007340338912476623 8.827535949662217e-05 3.531116299923633e-06 0.002077531385343957 0.0 0.0024905393984238455 8.175303241591307e-05 0.005784946136029855 1.6215469905498362e-05 7.287678785086152e-05 6.127938864677466e-06 0.005397078881027278 7.63212293204483e-06 4.0026748639897534e-07 7.497061583155258e-05 5.008537246707583e-06 1.6760172643346595e-05 4.768038152053635e-05 0.00024601696346691676 1.8944885444917214e-07 8.927498332227388e-05 0.001077515229619489 2.3786118441055684e-07 8.452654430577441e-05 5.263347086918368e-05 0.009138295305026826 0.0011958747681502847 0.004342118078711785 6.654883791958676e-07 8.275253922543182e-06 3.439651839132914e-05 0.0001705041795174367 4.4988762593428106e-05 0.0006357333992858909 4.504691912325367e-05 0.0005442714896289324 0.00020226133166690037 0.00012887422445238069 3.1613808685844225e-05 9.172372145354234e-07 1.3343625432364872e-05 1.7974421125152603e-06 8.678824247223806e-08 2.62208712162343e-07 4.654914789986491e-05 0.0 3.8022717850714964e-06 5.701660475299736e-06 1.8275181178856537e-06 4.280586251988924e-05 1.2100552769544978e-05 4.840057041930973e-08 1.0138567064475829e-05 0.0 4.3933579801627385e-06 1.165470190922993e-06 1.3283535529550387e-06 1.6689874911825425e-07 0.0 0.0 2.8563995000891173e-05 5.746660551929828e-07 5.8496803471612855e-08 7.712622782150216e-07 0.00016950218649990507 0.0 1.8174912669591465e-07 2.97542908223276e-06 6.329585869363254e-05 1.0720319774743837e-05 3.5531017817241568e-06 6.895835195344222e-08 0.0 7.456386539484576e-07 2.8460658935216893e-06 3.582642748618989e-06 3.572113190095865e-05 1.076655554256557e-06 1.6168642415891122e-05 4.473279134182283e-06 1.0631090719732391e-05 2.0604857687160046e-06 9.332851082395636e-07 9.110345733121234e-07
0.0003188094521073468 2.876347579158607e-07 0.00012898769379656122 7.038424270271128e-05 9.980863868862302e-05 0.0031557584811559665 0.0024905393984238455 0.0 1.1943882347645527e-05 0.001059450322331036 0.0003587188641667602 0.0006879607886861104 8.727785166029642e-05 0.004600761752747559 0.0001380832339517396 4.6347020041214267e-07 7.053513483651796e-05 7.093248573718056e-05 8.503743038253677e-05 0.00026638008637981696 3.7674927606331596e-05 1.1171368427135878e-07 3.1963887824544675e-05 4.980924537276739e-05 3.3627585027941737e-06 0.0001399879856469217 5.384294200391958e-05 0.0001841436104336814 0.0003972648102529353 0.0005828574702671678 5.974230506743455e-06 0.0003473771103607607 3.243983383155371e-06 0.00044329364207566264 3.8004793002514576e-05 0.00036697085847642877 4.048118579895937e-05 0.0008617342993313674 0.00044990400337653163 0.0011854580725749546 9.64605463250636e-05 1.881801450950083e-05 1.5025880455176032e-05 3.0381491543506953e-07 5.6493373900397715e-08 5.33879734476197e-08 1.0241502420236803e-05 0.0 4.6929975133626165e-07 1.2622969445573349e-06 1.1094587844613317e-06 4.5729452503532495e-06 3.5865484641138187e-06 1.4572766319077483e-06 1.5585839738233736e-06 3.5566860380127016e-07 6.301360468756561e-07 0.0 3.778138780000525e-07 6.530257017428909e-08 5.5469482736975e-08 0.0 6.831145524061831e-06 8.478554528629645e-08 0.0 0.0 3.2990874304674924e-05 0.0 6.293862126264669e-07 1.999614770800683e-06 1.4573167682758442e-05 1.5950503013844966e-06 9.824551093863413e-07 5.976623817684135e-08 0.0 0.0 1.0221252708085536e-06 3.833549924319585e-06 8.689384034638763e-06 1.6344278231678254e-06 4.707607838219137e-06 4.039862268299214e-06 2.8724882894421307e-06 1.3467986512413386e-06 6.146754947138065e-06 4.190323556814379e-07
1.8451970460071718e-06 0.0003480624231059125 3.6060826358528824e-06 0.0007716718305757232 7.147742590854156e-05 2.3012119884565717e-05 8.175303241591307e-05 1.1943882347645527e-05 0.0 0.00010812276582569102 1.93608444885515e-06 0.00011828313150200286 3.623852163342948e-05 9.172049246204025e-06 0.0008273747846128814 3.407256542560151e-05 2.519899378129208e-06 5.486330772117745e-07 5.410806168272678e-07 0.0002904082034027906 2.2686230297699787e-05 0.0008486390149187687 9.743303788726525e-07 0.007191132256651359 0.0001771307468658512 1.2681299149345047e-05 0.0003969551547242483 0.0007313050964854487 4.3306906985408275e-05 4.77698887619564e-05 3.7509549640751554e-06 1.5151223821111555e-06 3.6837585779922506e-06 1.2993290385009005e-05 5.4339861621787294e-06 0.00010697158024265305 9.973137604349298e-06 4.416322083855021e-05 2.1419836948521473e-05 0.0003825980252301863 5.477917614214937e-06 9.130459196785013e-06 2.120337195299686e-06 4.349006445174519e-06 9.859807417508476e-07 4.159805517622619e-07 0.00014604945943083177 0.0 5.042491203136731e-06 1.1177645237884757e-05 3.0826374715987227e-06 0.00010305883211133427 2.7117272193871952e-05 5.36146847572489e-07 3.040634140480096e-05 1.2246244570683973e-06 9.852676451055516e-06 1.587815656486095e-05 5.1701908002154664e-05 1.1453093042783149e-07 3.7821376035937965e-07 2.5767821823821484e-07 6.546343246743681e-05 1.8421194505406138e-05 8.959280781216606e-06 1.2283363801096448e-06 0.0007355576594462023 5.395604208523812e-07 2.9077664729256133e-06 5.420973587518457e-06 0.00014146259895958863 1.9801246923790773e-05 2.1636985904998358e-05 1.562494600851083e-06 6.940421321197302e-08 1.2745291647775853e-06 4.8133579947145666e-06 2.735519180359359e-06 4.362072494304181e-05 4.872050775382272e-07 2.0054603746169325e-05 5.721937931198227e-06 4.038491667188651e-05 4.4474466973573745e-06 9.028481147194126e-06 7.090069893774009e-07
2.143937434358329e-05 6.338852470859937e-08 2.8597685323448486e-06 0.0007942364241052185 4.302650917878377e-06 0.005492434236756156 0.005784946136029855 0.001059450322331036 0.00010812276582569102 0.0 2.3507005318887387e-05 0.0020105858222021016 1.6041057739992445e-05 0.0007744344333531516 1.4894959590570261e-05 7.400290585970407e-08 1.1970189030830526e-06 6.734364045905809e-06 7.576034021015046e-06 0.0013733026542832496 1.307705179086568e-06 0.0 1.1919150756228768e-06 8.693460790645563e-05 2.2035901354391457e-07 1.277008107694037e-05 4.739256469246906e-06 0.0015489931602207076 0.0004219020116322078 7.295079005743807e-06 9.922785640953124e-07 1.0910469923263426e-05 2.6171592735173877e-06 9.289381537889653e-05 1.4882323912957485e-05 0.00048564043156597975 3.291545129549438e-05 0.000418644286969665 0.00011559043071357479 0.00014095776185555077 3.153851348410056e-05 2.800251706524676e-06 1.0258691316406033e-05 9.575424532962323e-07 0.0 0.0 0.0002495360378840358 0.0 7.142524626321319e-06 7.402966072129875e-06 5.147056128544535e-06 5.665827945678752e-05 6.0698722101107154e-05 6.376996419989818e-07 2.9825103259323015e-05 0.0 7.604961493179115e-06 5.450113186594565e-06 4.791278941385372e-08 0.0 0.0 3.7307907754900916e-07 0.00010125251288932765 0.0 8.898760786184703e-08 0.0 0.00019623433249914453 0.0 6.251182229629919e-08 1.1238540570024898e-07 0.00011107288022610953 8.844865228364855e-06 9.941524318152075e-07 0.0 0.0 1.4126836787343195e-07 1.9796798560461523e-06 1.7646656785084013e-06 4.393506367212026e-05 7.499980469491717e-07 2.172760944639715e-05 6.5457573021125135e-06 2.689448285289777e-05 5.945086062338786e-06 8.135641635008377e-06 2.38002042373722e-07
7.639253170250281e-07 1.1085084980178952e-05 2.069358616304372e-06 4.542714388944096e-06 5.34285812939071e-05 7.748541290905869e-05 1.6215469905498362e-05 0.0003587188641667602 1.93608444885515e-06 2.3507005318887387e-05 0.0 2.8118532366837626e-05 0.001019094353106398 0.00019263812523873745 2.8813653575558023e-06 2.853070223526651e-07 6.309103480065704e-05 0.002008662594420875 0.000532464304120972 1.3810570862966287e-05 3.954589314406754e-06 4.1583641337511455e-06 6.108428985785524e-06 5.697992242970932e-06 0.00022063040791493242 0.0017865734994158555 0.0003948002238815674 7.970404059823501e-06 0.00035955819488261704 4.529913270877138e-06 0.00039356191334916877 0.00018714306634580932 2.493781683446929e-06 0.0036849514303224106 1.7857282721089265e-06 0.00019511700968850024 0.0024918329500133933 0.0021243867955984346 0.00043748784804160566 2.9266679407508992e-05 3.5300171861721907e-05 0.0005712851402965216 2.1141073730658684e-06 0.0 3.183251339829058e-06 2.1964964668441284e-07 1.3781843518181526e-06 0.0 8.560006529243812e-08 4.5958654750645553e-07 6.930889140663148e-08 5.996048247489732e-07 4.942339072788059e-07 0.0001367660251344557 1.0983114378573893e-07 0.0003610053931152608 2.4504731974968e-07 0.0 0.0 0.0 7.787911363462035e-06 1.1974133649638019e-06 1.584219357632013e-07 0.0 2.0653408293116176e-07 0.0 3.3689807570468314e-06 0.00011499655201619116 8.076610367797443e-05 9.760076899845348e-05 1.233536456235621e-06 4.637312812799482e-07 0.0 9.404556568477143e-05 0.0 0.0 1.2215359097524492e-06 8.821622162432113e-07 3.8551018050738115e-06 0.000148335361912693 7.084537819541793e-06 5.159054279258931e-06 2.700230271776278e-07 6.117108554003775e-07 0.00010180323389350991 1.799732082652517e-06
7.980657668816438e-07 8.213438507611035e-08 2.4973004843533197e-06 0.0030687880239213716 5.277571697346611e-05 0.002314117719720162 7.287678785086152e-05 0.0006879607886861104 0.00011828313150200286 0.0020105858222021016 2.8118532366837626e-05 0.0 1.5728090805771172e-05 0.0003333421949884141 0.0002609442063851785 1.4948909630406472e-06 5.308238176137337e-07 7.5252606960959505e-06 6.249065913420107e-06 0.0037590729802296162 4.039377358906074e-06 1.7426023487048525e-07 2.8606857435245358e-06 7.498776894842545e-05 5.364172177337352e-07 1.5189384540622868e-05 5.7013308977888914e-06 0.00038895902153530113 0.00012034873722306838 1.1628510326390422e-05 7.743678110764367e-07 1.7520180439819253e-05 2.540042716491712e-07 5.64624282102728e-05 3.846978903454422e-06 0.0002037154916270701 6.776668037730283e-05 0.000274541477518328 6.942353069283988e-05 0.0005581055109428593 1.6926668609528816e-05 3.6740860360273184e-06 2.0840702213548996e-06 0.0 0.0 0.0 5.7523079065005294e-05 0.0 5.58073175814426e-07 1.5602517226731349e-06 1.9820990859775256e-06 3.318323352165455e-05 9.276142151371944e-06 6.686290251727109e-08 3.8060836799439066e-05 0.0 8.706636019385764e-07 3.041437986281209e-06 4.428329488691813e-07 0.0 0.0 0.0 2.138480299276896e-05 0.0 0.0 0.0 5.295511844951227e-05 6.977709248488878e-08 0.0 5.6753441014576144e-08 2.4678567691197138e-05 9.876130837035163e-07 9.931320412051257e-07 0.0 0.0 8.469299992456231e-07 1.5995633835728576e-06 0.0 1.8509398034835044e-05 1.0923513940837216e-07 8.126338732442523e-06 7.993879333265635e-07 1.824606596779626e-05 5.051783914375305e-07 5.205332467497747e-06 3.691744461498948e-07
6.376475557513958e-08 0.0004197532458908328 1.2828070713954513e-06 2.6355392333747075e-05 3.183215377229467e-05 5.988993404417304e-05 6.127938864677466e-06 8.727785166029642e-05 3.623852163342948e-05 1.6041057739992445e-05 0.001019094353106398 1.5728090805771172e-05 0.0 2.3590999517747905e-05 5.188555382878482e-06 8.171521615747092e-07 1.6203047827843717e-06 1.4922922772008646e-05 5.213616791796738e-06 1.2366665206934824e-05 2.2504740228502194e-06 9.281770190418946e-05 3.7195156917913583e-06 3.983796397199825e-05 0.0028584163745202285 0.00037196949537211143 0.0014110961471291172 1.892916028899026e-05 3.709647244213752e-05 2.7699594199212568e-06 0.0008791539426689324 8.764233972617875e-05 0.0 0.00038241719255745823 1.0388401713665517e-05 0.0010125648977487864 0.002158083315748889 0.0019554438511860672 0.00043530119195294944 0.0001799252259282013 0.00010235869536688798 0.0004657075987841682 9.404658830977724e-06 0.0 1.3338958172732021e-05 0.0 4.661798521377304e-07 0.0 4.1747279710142846e-07 1.246601911595302e-07 8.602013707247122e-07 8.799125769492354e-08 6.238566582961262e-08 0.0004136054763707891 5.507077384919342e-07 0.0009102655751843613 1.930342196600523e-06 1.5535629183124122e-06 1.769223717566799e-06 0.0 1.5061111948063885e-05 2.1226291763931175e-06 4.37890771665952e-07 1.9057438910279994e-06 7.465037706050185e-07 1.5191701389713435e-07 2.234481384925414e-06 0.0006613843376626169 0.00021082798015267397 0.0002595987134403334 3.522059768453566e-06 7.321894204299265e-07 2.1509226966920058e-06 0.00019775596310506218 7.74540625036592e-08 0.0 8.717634927632068e-06 1.4324568480631967e-06 0.00013341985541464788 0.0004944685090177279 0.0001470304800871112 5.215739941119773e-05 9.398494269650877e-06 4.4720117749824396e-05 0.0003020125812537446 2.366352848376251e-06
0.003906401532984045 3.830435102164729e-07 0.0002279457027817319 8.118893880557317e-05 1.5395285006848214e-06 0.000646580449390492 0.005397078881027278 0.004600761752747559 9.172049246204025e-06 0.0007744344333531516 0.00019263812523873745 0.0003333421949884141 2.3590999517747905e-05 0.0 1.433818422628708e-05 2.6441156569198334e-07 0.00016415746556098455 5.13138101935838e-05 9.516454091382792e-05 0.00022987787290853085 7.246470653898415e-05 5.624651330643068e-07 5.8697979444571994e-05 0.00011157975973337338 1.0135964663746228e-06 0.0001564577923559478 7.787624941649986e-05 0.0003231071721999937 0.0021948665571615727 0.0016983341254089665 4.182673267135967e-06 5.363782370447748e-06 1.1444617996255845e-05 0.000541496337688453 1.7831836251303484e-05 0.0002486608545132727 2.7305637105703037e-05 0.0007229757084688577 0.00015244439420056515 0.00020795343955832253 1.7535776062859274e-05 4.496019001778894e-06 6.030559573938629e-06 5.187806521005221e-07 5.4075426677695334e-08 4.44784842516208e-07 1.3435687059832529e-05 0.0 3.385321414522953e-07 1.3444361377220764e-06 7.009373118923213e-07 9.032635290256381e-06 4.761543908944144e-06 5.031886040936979e-07 3.033925927082072e-06 0.0 1.4398560578636673e-06 1.5844290515353467e-06 1.1701151645271308e-06 4.169984100571606e-08 0.0 0.0 8.74137018957076e-06 1.559819962934446e-07 0.0 7.262904211756931e-08 4.637631191022294e-05 0.0 6.572454367337135e-07 2.2232679002072825e-06 2.0221806704131123e-05 1.7674892182129022e-06 2.0771076911015364e-06 5.468331886800418e-08 0.0 9.076639376705535e-08 1.3087422035316751e-06 1.702397798436954e-06 1.254137923103098e-05 6.404996171038641e-07 5.2323894731887845e-06 1.3866470222756644e-06 2.297851310358283e-06 1.0591084265198777e-07 1.4032205699932166e-06 5.9147732606721715e-08
0.0 1.0532387615716214e-05 1.2644321207223806e-06 6.76053289997521e-06 0.0008102562293238341 0.0002207205224609795 7.63212293204483e-06 0.0001380832339517396 0.0008273747846128814 1.4894959590570261e-05 2.8813653575558023e-06 0.0002609442063851785 5.188555382878482e-06 1.433818422628708e-05 0.0 0.0 1.1763461370609823e-07 2.475162318843237e-07 3.4794385495338665e-07 1.482254456218781e-05 0.0 1.4331085360653064e-05 8.59699090973503e-07 0.00013056092517793505 2.7408562539091775e-06 1.5476784095283922e-06 1.152782492025617e-05 1.5914606084800712e-05 5.422153712598018e-06 2.4914175272330147e-06 0.0 5.597150081561534e-05 0.0 2.8078927300811588e-05 1.2032163514051199e-06 0.0001412839380905648 1.7587557977468672e-05 1.888601376776759e-05 9.177162756045778e-06 0.0007071079336617925 4.0118208888024714e-05 6.782489429799698e-07 1.4628608006630882e-06 0.0 0.0 0.0 1.4225843707114783e-05 0.0 4.77356291401887e-07 9.661032344160025e-08 3.8434692015040565e-07 1.512825067432314e-05 4.0508673873381525e-06 3.157578889877594e-07 5.43970692699423e-06 0.0 0.0 1.1959028265438779e-06 7.160155109432767e-08 0.0 6.479028115767549e-08 0.0 1.0741835975508159e-05 0.0 0.0 0.0 2.284821832907941e-05 0.0 1.8337862186288783e-07 1.1506221180831703e-07 7.370644792812757e-06 2.5381875059763256e-07 0.0 0.0 0.0 0.0 7.517063335307088e-07 0.0 6.310656796406034e-06 7.742542913590456e-08 2.333745905700312e-06 1.7770861093306302e-07 1.3456422893743518e-05 8.055972363594134e-08 3.5672230842442494e-06 0.0
1.84471795845629e-07 3.7112936831347164e-05 1.6624245652303683e-05 0.0 0.0 1.396374203492216e-06 4.0026748639897534e-07 4.6347020041214267e-07 3.407256542560151e-05 7.400290585970407e-08 2.853070223526651e-07 1.4948909630406472e-06 8.171521615747092e-07 2.6441156569198334e-07 0.0 0.0 7.889075654396442e-06 1.5898531796262338e-07 1.482185344703136e-07 0.0 0.0017852117517301882 0.0013631910870611737 0.0030306442202630668 0.0009150648471800087 5.825232912955101e-06 3.1836090624508053e-06 0.0031561842758441798 0.0004634284799940072 1.668690363718417e-05 6.5246363452674525e-06 1.8280162640047262e-07 1.1549885411549565e-07 4.382167199388085e-06 2.2621539397499735e-05 2.727119335731226e-05 0.0010155271382190757 0.0004928844355206229 0.0002409382518604355 0.000399630631677178 2.9761179600970145e-05 2.788434285324266e-07 2.6916886733577957e-07 8.146338837761934e-06 1.9627132739784684e-06 1.4410284246246536e-06 2.7453204264159094e-05 2.0543751183932713e-07 0.0 5.925551737502234e-08 2.1242481781756073e-06 5.32525711340765e-07 1.643138012952273e-05 0.0 0.0 0.0 0.0 1.7873977629598179e-06 0.0 0.002295454440865143 1.997521282667448e-06 0.0 3.840362812124271e-07 0.0 0.0002739707058535536 0.000513222103750264 0.0012164314924738616 0.00022644712726699795 0.0 1.5821036455366088e-06 0.0002613837586990393 0.00013610436783779883 8.863074308255673e-06 2.8249421858871966e-05 0.0 0.0 1.0363796315955375e-06 1.527999585491159e-06 1.9206322078179347e-06 0.00019545893159864217 7.034990553085998e-06 3.8483499659263296e-06 5.372816599338017e-06 3.0365114457104573e-06 1.5043172001141115e-07 6.253883779602029e-08 0.0
6.057071526923373e-05 7.328373860942282e-05 0.0011853715875068834 4.4461573186011955e-07 2.1587189586171876e-07 3.220281223375939e-06 7.497061583155258e-05 7.053513483651796e-05 2.519899378129208e-06 1.1970189030830526e-06 6.309103480065704e-05 5.308238176137337e-07 1.6203047827843717e-06 0.00016415746556098455 1.1763461370609823e-07 7.889075654396442e-06 0.0 3.2362767904280615e-05 0.0011862458855603972 3.589446665738517e-07 0.0003832762575682957 1.2956549959155946e-05 0.0009850866439800729 3.0465415828538243e-05 2.267896293379963e-07 0.003097494156896273 0.003515284991893077 4.80060934708713e-05 0.0003060091564614663 0.000837855288984141 6.69070843830043e-07 4.125852757008973e-07 2.9090144077784064e-05 0.0015895166585237115 1.0877051733557338e-05 0.0007057744817473713 0.000911189108272352 0.0009497943465220613 0.000434999116361508 4.8234735557038814e-05 6.691712426790602e-07 1.0416786086978247e-07 3.3910987550663886e-06 0.0 3.9922385753518736e-05 6.0554804745352736e-05 0.0 0.0 0.0 1.9078790299531159e-07 0.0 8.900705538040869e-07 0.0 1.3569847028650073e-07 0.0 2.3857055540782847e-07 2.8732181010227416e-07 0.0 2.523430174430558e-06 1.7258319817550308e-05 1.9695832340434782e-07 7.34994783738781e-06 0.0 1.3156985312679477e-07 4.489064101573239e-06 2.2793809385733924e-06 4.985826955890265e-06 3.1823139404699957e-07 0.00015765480867292462 0.0004502035475713751 1.7491059133823895e-06 6.256566709609561e-08 1.1376300584860958e-07 7.228962912765926e-08 0.0 0.0 2.413167519172325e-06 7.320177733208853e-07 1.382074698394218e-05 0.00022051571485426634 1.2755424069763764e-05 3.242376153328266e-06 5.675247691418787e-07 0.0 8.584307651906098e-08 0.0
4.5045793194684343e-07 1.783114215281494e-06 9.60096475220088e-07 1.3444590485540507e-06 5.119397155949695e-06 1.0154203485927137e-05 5.008537246707583e-06 7.093248573718056e-05 5.486330772117745e-07 6.734364045905809e-06 0.002008662594420875 7.5252606960959505e-06 1.4922922772008646e-05 5.13138101935838e-05 2.475162318843237e-07 1.5898531796262338e-07 3.2362767904280615e-05 0.0 0.0005665256940465829 3.957526382104186e-06 8.965919108922237e-07 1.2561981034299155e-07 3.673998046350251e-06 1.7266031979302139e-06 2.0722082032704352e-06 0.0009429694776266862 8.821920952865966e-05 3.3055212406199425e-06 8.258306388492379e-05 3.44505633391937e-06 2.4910762899003526e-05 2.8130837784207527e-05 4.968872936092018e-07 0.0004752388360474698 1.699750151193419e-06 0.0002059552837900176 0.0004831012690193515 0.0007313737556104339 0.0001945199472999194 7.651397826983762e-06 1.8686288190742785e-06 5.1837896815617755e-06 1.7941427334092541e-06 0.0 2.4324418637878644e-06 0.0 2.311614687505903e-07 0.0 0.0 0.0 0.0 2.6812797407581e-07 0.0 9.093757405289573e-06 0.0 4.009028596708752e-05 6.045843742900003e-08 0.0 0.0 0.0 5.919511056868624e-06 2.8948477635756753e-06 0.0 0.0 1.8878403068271642e-07 7.399338071337878e-08 9.47495687283164e-07 3.3440242819734102e-06 7.728002238159664e-05 8.36737406883552e-05 6.92147323146337e-08 1.3243122510159048e-07 0.0 2.5520594697920547e-05 0.0 0.0 3.658524293047291e-07 4.755823135853103e-07 1.3873840170248333e-06 1.097659038158856e-05 1.9146874448285327e-06 3.0998443381026607e-07 0.0 7.808593307057757e-08 8.090698390647949e-07 1.1778802566316047e-07
9.21605715595257e-06 1.5712538045889612e-05 2.568389712087544e-05 8.760905768151588e-07 5.248389914947634e-06 7.832741986001134e-06 1.6760172643346595e-05 8.503743038253677e-05 5.410806168272678e-07 7.576034021015046e-06 0.000532464304120972 6.249065913420107e-06 5.213616791796738e-06 9.516454091382792e-05 3.4794385495338665e-07 1.482185344703136e-07 0.0011862458855603972 0.0005665256940465829 0.0 3.809866562428839e-06 2.0907068339549035e-05 5.67835772203609e-07 0.00011636028494179271 4.0287859423779515e-06 1.0700671694337011e-06 0.004426089170481764 0.0007005640652392288 6.740142429167259e-06 0.00020101020571630199 7.50829033293413e-05 8.49437881724802e-06 2.2202349868628388e-05 1.366048547429607e-05 0.002357048340645318 2.7825982132747745e-06 0.0003372267869609816 0.00046701831452602126 0.0014925348951448708 0.0003000951498261136 1.1463249761755948e-05 1.2166016522408214e-06 5.481089707243072e-07 1.0560238307741913e-06 0.0 1.200817677914643e-05 1.7003568723948443e-06 0.0 0.0 0.0 1.3708677484561003e-07 0.0 1.0017534696184196e-06 0.0 9.170479488021193e-07 0.0 3.945448223470873e-06 1.7948867127140264e-07 0.0 0.0 1.7243969803936393e-06 9.8023585787456e-07 8.253592076415917e-06 0.0 0.0 6.45699929082725e-07 0.0 6.519042212762178e-07 5.415015397465707e-07 9.348533521641177e-05 0.00012422672536038017 7.23608815254533e-08 0.0 0.0 4.339176494166794e-06 0.0 0.0 9.839819340686183e-07 1.1481301378812965e-06 3.4807223547139814e-06 9.027737381812059e-05 7.807848289172738e-06 1.7910737908471247e-06 2.1759477635771715e-07 0.0 1.7723525005573195e-07 0.0
4.957933408981642e-06 0.0 4.14691433685587e-07 0.002881151596919796 1.0383074972127154e-06 0.00034368315971068956 4.768038152053635e-05 0.00026638008637981696 0.0002904082034027906 0.0013733026542832496 1.3810570862966287e-05 0.0037590729802296162 1.2366665206934824e-05 0.00022987787290853085 1.482254456218781e-05 0.0 3.589446665738517e-07 3.957526382104186e-06 3.809866562428839e-06 0.0 1.0250697244252692e-07 1.2003207069222242e-07 6.754866836477876e-07 0.00021382736482481748 1.0246884289283635e-07 6.582033755688155e-06 1.8422643767591508e-06 0.0007134803932487947 0.00013738021995105988 1.5109447530669042e-06 3.850620012701486e-07 4.782924088798321e-06 4.948848860671537e-07 3.944335242811142e-05 5.75627974562735e-06 0.00021824483508809945 1.1123573531062205e-05 0.00019443566882592186 4.77407915791596e-05 0.00028291031790275375 1.2438636815342993e-05 5.7302611463965684e-06 3.911081073476607e-06 1.912757154478189e-06 0.0 0.0 0.0001886235581550806 0.0 2.5937559062406916e-06 5.573442505441293e-06 2.895082453747016e-06 5.5557892368722946e-05 4.5723554141494826e-05 7.818617137412232e-07 3.1693922076515866e-05 0.0 5.274647441426141e-06 9.172559495300073e-06 0.0 0.0 0.0 0.0 9.182151543571904e-05 0.0 0.0 6.277167010867252e-08 0.00016650768526104548 0.0 0.0 9.694677378825708e-08 9.055927903501096e-05 6.836790389763932e-06 1.3866785148424246e-06 0.0 0.0 3.7299666972354656e-07 1.5965767247030934e-06 9.601438526855194e-07 5.384194667991959e-05 3.7662448017813007e-07 1.8534201991709704e-05 4.696229939213762e-06 3.453172157883334e-05 3.7044150163742694e-06 2.7581763877265426e-06 0.0
3.212413500923137e-05 2.02541442407462e-06 0.002885799285521658 7.890485566390006e-08 0.0 5.256663617591274e-06 0.00024601696346691676 3.7674927606331596e-05 2.2686230297699787e-05 1.307705179086568e-06 3.954589314406754e-06 4.039377358906074e-06 2.2504740228502194e-06 7.246470653898415e-05 0.0 0.0017852117517301882 0.0003832762575682957 8.965919108922237e-07 2.0907068339549035e-05 1.0250697244252692e-07 0.0 3.2169575174930975e-05 0.009426519498798596 0.00036425595659942366 4.776462414903319e-08 7.705763100719435e-05 0.0007842414307836711 0.0017596689159355935 0.0002589504836497653 0.005420041526250836 1.023504612958045e-07 4.271086784249874e-08 3.767717082794445e-05 0.0012106295043481517 0.00015935379174778167 0.0033243837136133696 0.0006567930834010918 0.002928192007890902 0.001868729250537198 7.407574966035533e-05 2.827072371074181e-06 3.1697176171868013e-07 3.61067233381639e-05 1.8273776530106294e-06 2.8539801191291426e-07 6.5510438783183884e-06 2.431875245852376e-07 0.0 1.3870100991716712e-07 3.314784838509452e-06 3.650786828832484e-07 7.201319849896376e-06 6.162431699432647e-07 0.0 0.0 0.0 1.98699269403759e-06 0.0 0.0003073183320715691 1.1671886564185005e-06 0.0 0.0 0.0 0.00011778227187894112 6.262608962595732e-05 5.671160771807764e-05 0.00024042931099895956 0.0 1.2096397674795636e-06 3.37185025868568e-05 0.00012146393479647094 1.1563960536557495e-05 5.0818466950193e-05 0.0 0.0 6.912847139783393e-07 9.967700595380693e-07 1.3932824882996271e-05 6.61444608828718e-05 4.615989920369664e-06 4.368436138223437e-06 5.919074849027284e-06 6.919580958942933e-06 6.718725733493655e-07 7.321433794641743e-08 6.111070223623473e-07
5.942361013971376e-08 0.0011373129624505953 3.906749939789247e-05 1.7322454278728845e-07 0.0 0.0 1.8944885444917214e-07 1.1171368427135878e-07 0.0008486390149187687 0.0 4.1583641337511455e-06 1.7426023487048525e-07 9.281770190418946e-05 5.624651330643068e-07 1.4331085360653064e-05 0.0013631910870611737 1.2956549959155946e-05 1.2561981034299155e-07 5.67835772203609e-07 1.2003207069222242e-07 3.2169575174930975e-05 0.0 7.619587513424441e-05 0.0037065079973534606 0.0005879592900151803 3.4573416727607984e-05 0.002995945472549731 3.936889224902378e-05 5.433555461709136e-07 9.38557131908678e-07 6.590411448765096e-06 0.0 7.428298322915148e-08 4.178261738234428e-06 1.3524311698380382e-07 1.2176367046247905e-05 7.953850580289997e-06 1.230620030217146e-05 4.677827997867589e-06 5.040762608380492e-06 9.353813686786364e-08 2.477838238227214e-05 4.6294485259370335e-07 2.103818655095274e-07 2.056809467735884e-06 4.313754734729123e-05 1.007036950772406e-07 0.0 0.0 1.2275168202997565e-07 2.3714597915771672e-07 3.577788547024409e-05 0.0 7.437152447094684e-07 0.0 1.6129167946158878e-06 4.5056739251195635e-07 0.0 0.0006902938601601426 6.997788927261368e-06 1.8998328053478685e-07 5.860171042094336e-07 0.0 5.4584194447980556e-05 4.372148337667714e-05 0.00023786803812987493 3.222763372650292e-05 2.9555389712507797e-06 9.693713824623062e-06 0.0006230098366609363 1.4985959387662214e-05 5.659213129609288e-07 1.360315140071933e-06 7.313730922183358e-07 0.0 0.0 3.1647893718548484e-06 2.7318870252463736e-07 1.570685984217537e-05 6.063455262611967e-06 5.597576929767339e-06 5.058596293234293e-06 8.550258564009021e-07 1.0473479327578455e-07 5.160107420317825e-07 0.0
2.403858548153126e-05 1.8408470995351542e-06 0.006294710663195818 1.3009427886258244e-07 0.0 2.776822531977071e-06 8.927498332227388e-05 3.1963887824544675e-05 9.743303788726525e-07 1.1919150756228768e-06 6.108428985785524e-06 2.8606857435245358e-06 3.7195156917913583e-06 5.8697979444571994e-05 8.59699090973503e-07 0.0030306442202630668 0.0009850866439800729 3.673998046350251e-06 0.00011636028494179271 6.754866836477876e-07 0.009426519498798596 7.619587513424441e-05 0.0 0.00018554967285301096 3.8238875778197024e-07 0.0005148885003561306 0.006471185916560853 0.0003128652246467459 9.096500378889999e-05 0.0017536976482583027 1.1015905336153127e-06 6.064606336409015e-07 9.129552623811754e-06 0.0015977477431179646 0.00010728672208390604 0.00442811670955138 0.0027255960827677946 0.004243642292184387 0.004412066442811372 0.00024952085650969226 4.3105989532037375e-06 5.84784866400559e-06 3.117403656950816e-05 0.0 3.5063317781542257e-07 0.00023417842973416157 0.0 0.0 1.0741571646490979e-07 2.2275610268229407e-06 2.744658789973613e-07 2.800775655776887e-06 5.08817965571959e-07 1.2921397659046336e-07 0.0 0.0 7.074740325201217e-07 0.0 0.0009048502352284998 2.858182627342512e-05 0.0 1.965610147379026e-07 2.2460111318108278e-07 3.9601366284593106e-05 0.00012992804111393124 0.0007761906614216063 2.0483992484772643e-05 0.0 3.7100069848258834e-06 0.0007821954730437061 1.9560454836959944e-05 3.8200708574800265e-07 3.530359286643655e-06 0.0 0.0 6.110388815675232e-08 2.751461825748151e-06 9.362712482329815e-06 6.442065026585163e-05 9.915419443108521e-05 1.757954400264208e-05 2.2139770414482964e-05 3.660478069379625e-06 4.745215879941778e-07 5.673165565601717e-07 6.455780138301933e-07
4.215150986430165e-05 0.0005040427059653898 0.0001828298126449489 0.001543708405432179 2.5100939351326416e-06 4.521773763145782e-05 0.001077515229619489 4.980924537276739e-05 0.007191132256651359 8.693460790645563e-05 5.697992242970932e-06 7.498776894842545e-05 3.983796397199825e-05 0.00011157975973337338 0.00013056092517793505 0.0009150648471800087 3.0465415828538243e-05 1.7266031979302139e-06 4.0287859423779515e-06 0.00021382736482481748 0.00036425595659942366 0.0037065079973534606 0.00018554967285301096 0.0 0.0001823656115985137 2.1907463557231177e-05 0.001358034229805327 0.004269200908576887 0.0006756339896798608 0.0009249323345839702 3.248317026813956e-06 2.03622246527067e-06 8.337263210615423e-05 0.0001843087167463915 8.498436204767668e-05 0.0013108242110830067 0.00016757629619615152 0.0005302697687625884 0.0002374946659658079 0.00022815703074833058 3.304155424426499e-05 9.703805733705813e-06 2.1741432109511998e-05 2.0371791230522093e-05 1.9067308319061548e-06 5.161134481012996e-06 0.00042410582711266496 5.719886366949682e-08 2.520592680097047e-05 7.189088135725387e-05 1.920293670380137e-05 0.001001670309484321 0.00012825645751142934 1.5785032436698872e-06 7.255138532916683e-05 1.1831155782816468e-06 5.3320650222338074e-05 2.7048789743386565e-05 0.00040455877786402657 2.0183551113831388e-06 7.854645982698886e-07 9.244790566708009e-07 0.00022256793574620197 0.00014930355876765082 0.00015010670007619754 3.480082669968594e-05 0.0031918753959579572 9.203144160862871e-07 4.549798553081638e-06 2.8438373994732682e-05 0.0010607245214155638 0.0001184147958369677 0.00019659645292481067 9.149712641524752e-07 7.999134714824188e-07 8.598196949667519e-06 2.789704883156616e-05 1.6693069377775444e-05 0.0004083392516289632 7.014224832062973e-06 0.00015518756045141796 3.1411540714029e-05 0.00012557067822726602 2.404780845479583e-05 1.1568026565809594e-05 5.10186136156479e-06
