0.0 1.4179333929039888e-07 1.8304890210477947e-05 1.143540192522735e-06 0.0 1.087587389113874e-06 0.0009650682486074965 0.00035534005488746653 4.874042065420688e-06 2.6386006409420027e-05 2.788779830904069e-06 1.085595056644833e-06 0.0 0.0018857213144954385 6.665502365658238e-08 5.344330432118761e-07 0.00014452570468644678 1.995818486622339e-06 1.3435869644429801e-05 6.852327684379649e-07 3.976712453972165e-05 5.447153590372938e-06 8.59209742837774e-05 1.3770209838512955e-05 1.0528601883396365e-07 2.2357421972857257e-05 2.1129289884607838e-05 4.331329735654176e-05 0.0023374876211942367 0.0017353904382174166 0.0 4.961772592742517e-07 1.8383458115237226e-05 6.639713839838518e-05 0.0 9.476457620915996e-06 1.3997450695549383e-05 4.015732772930864e-05 7.10103631240538e-06 2.1689223099072926e-06 6.258072087679952e-07 2.4815063942649946e-07 0.0 1.59750315920224e-07 0.0 4.2514405954137673e-07 0.0 0.0 0.0 8.840269579909287e-07 0.0 0.0 0.0 0.0 0.0 0.0 0.0 0.0 3.194660945135583e-07 6.083975375045414e-08 0.0 0.0 0.0 7.562820789563798e-07 3.861542714710968e-07 7.877041670029248e-07 1.8279691404087323e-06 0.0 5.9417400249106425e-08 1.9409803261385705e-06 2.4155660119468806e-06 2.895196901964062e-07 4.759081904321804e-07 0.0 0.0 1.6859874650403232e-07 1.3213395092284802e-07 0.0 9.028052725989978e-07 2.5782209505284304e-07 4.322772387434394e-07 2.0486702849450146e-07 5.870370601858098e-07 0.0 0.0 0.0
1.4179333929039888e-07 0.0 0.0001422253465083965 7.406006897240645e-08 3.0521289340172235e-07 7.317259807393615e-07 1.2579055300315314e-06 3.7541374219966896e-06 0.0003155427081966138 1.4723480278832236e-06 2.0659415368801647e-05 1.921181667810271e-06 0.0003488714707863283 6.518255403342725e-06 3.7764683140739534e-06 1.612421298386577e-05 0.00013168511079247256 5.085265798384872e-06 1.0670179264888572e-05 4.563973687914037e-07 1.1665710534543875e-06 0.0013157634317318037 9.566802745098715e-06 0.00033147859163362465 0.0010947363184903532 0.00031112263168500605 0.0040541618623932 4.065990523559395e-06 7.927434646775923e-06 5.610154245968388e-06 3.561351846249804e-05 8.05552823250131e-07 6.909509122888775e-07 0.00021191153263486418 7.057147375568853e-07 0.0001012373937787741 4.5024743096651555e-05 0.0005034605057352144 7.949508455583739e-05 1.4852763724316943e-05 3.3368611066371415e-07 0.00011989079724663173 4.804780812380266e-07 7.709985126435669e-08 1.9619385987365852e-05 4.745086634986814e-05 2.4600544264999138e-06 0.0 0.0 5.139007064040813e-07 6.197748638924149e-08 2.720340132943998e-06 6.031925144840342e-08 2.9592347778099962e-06 3.280033273185146e-07 8.759671413133658e-06 2.2455209266816132e-07 9.453163980498363e-08 9.145798144297865e-07 7.2211281114895675e-06 5.728283288222687e-07 3.1588249903309107e-06 0.0 6.728948104552656e-07 1.485266424632223e-05 6.406290333162429e-06 5.7756175133807935e-06 8.103807512178048e-06 0.00013830550176908112 0.0010272346748266623 9.62477301959145e-07 1.08953660419983e-07 6.064851121798376e-07 6.018493254568986e-06 0.0 0.0 3.321082577780729e-06 0.0 8.272932568465501e-06 1.1580048881752764e-05 4.977821657962285e-06 1.127793306298449e-06 1.4757390904305708e-07 0.0 7.641112513304924e-07 0.0
1.8304890210477947e-05 0.0001422253465083965 0.0 8.117922971048778e-07 0.0 1.4001268494903265e-05 0.0007434103080464544 0.00015050515503981955 7.0037554226804665e-06 7.798907426729139e-06 2.2227910986272348e-05 7.459809503287793e-07 7.411038781330646e-06 0.0001000815339507819 0.0 4.652118541038606e-06 0.0037636022686215053 9.59972260701406e-06 7.491276922706624e-05 1.3498922808438854e-07 0.00018807207741965124 0.00017672668724927514 0.004452636417980559 1.9398290368300757e-05 6.645445581970373e-06 0.0038599152462098123 0.003115276855691986 0.0001199508295524158 6.039871864888927e-05 0.0004220664102003807 4.884623187922189e-07 6.592208468114033e-07 1.695958067017088e-05 0.0006163574391744205 5.583448628833744e-06 0.0007976636902546357 0.001742590283275626 0.0010705441868089545 0.00032106956438043236 2.5757772998667643e-05 5.452047420137554e-06 2.5254338441107454e-05 3.557056511814664e-06 1.342221538732513e-06 0.0001569930038185615 0.0007892081207827145 0.0 0.0 3.841080841105846e-07 1.002362633960211e-05 3.146474313783097e-06 5.150621778014045e-06 2.250952188189682e-07 1.399725057263613e-06 7.437644554110772e-08 4.5597661586169767e-07 5.476618317481547e-06 1.4113231312649198e-07 3.636691571579149e-05 6.518446242427113e-05 8.673420504516917e-07 8.226114566888747e-06 0.0 1.2816965255959234e-05 0.0002889173701022171 0.00024066554151244923 2.8537642036407605e-05 5.236348954934892e-07 6.499608488428157e-05 0.002325350746516663 1.0857174090603154e-05 4.741418693980806e-06 1.0564428837509508e-05 1.4816155017176434e-07 0.0 2.4978855722847054e-07 2.2855347731796385e-05 3.5277273287883275e-07 6.661595402921214e-05 0.00021038189798250085 7.034901157836367e-05 2.9137978911893253e-05 3.850207465425249e-06 4.771121844432744e-07 1.803543678861771e-06 1.234409093630954e-06
1.143540192522735e-06 7.406006897240645e-08 8.117922971048778e-07 0.0 4.572572170650992e-06 8.883991661112127e-05 7.184260693266115e-05 6.196767594755983e-05 0.0007023181168201882 0.0022338025238645203 7.382755035409764e-07 0.0007220772752066494 0.0 4.132750096354076e-05 0.00014023722580666677 1.4190834008577551e-06 3.531600204233035e-07 7.603791168497485e-07 1.6042322390154039e-07 0.002272893249470794 1.9233841415502149e-07 5.026219317085945e-06 1.9693937589077882e-06 0.001166821049615506 0.0 1.8337623020836089e-06 7.489201795182922e-06 0.0021121388672326997 7.471853109710568e-05 1.099329817924637e-06 0.0 1.1090486425169988e-06 2.3662743172997828e-06 2.6506832619703327e-05 1.6083443564593033e-06 0.00015194167991287654 3.111076045872494e-06 8.788915171908358e-05 1.3378484989302402e-05 0.00013806336116276575 1.0633631264924793e-05 1.0757363097443705e-06 3.1594997255882967e-06 4.903123272610978e-07 0.0 7.47830325583179e-08 0.00010603860683915243 1.8308341916880582e-07 7.4876913841622945e-06 6.462303329939698e-05 2.688214873334686e-05 7.340702856124553e-05 0.0002202863241387583 6.507943586959303e-07 3.2576152910498683e-05 5.032319651104769e-08 1.0704127313337776e-05 5.5440632445404325e-06 5.97042595248514e-07 0.0 7.321934603746857e-07 5.9349243756322256e-08 8.595903199370292e-05 1.1165422609696069e-06 1.3362616697770576e-06 1.8826222710986644e-07 0.00026697681371919325 5.261009583293574e-08 5.130271327542492e-07 4.52411690710155e-07 0.0002908388132152399 2.7078281902371677e-06 6.08039866305863e-07 0.0 3.484415639317129e-07 5.911082041299326e-08 2.5383394019838787e-06 0.0 3.771853598015112e-05 1.2801640592626834e-07 1.1982486815362317e-05 1.467844805516135e-06 5.5084145280912405e-05 6.873685104177035e-07 0.0 0.0
0.0 3.0521289340172235e-07 0.0 4.572572170650992e-06 0.0 8.856234345285417e-05 1.89131488569094e-06 3.362639006665597e-05 3.1833948844822494e-05 3.6757020173672267e-06 4.3113885932129095e-07 7.689876873265743e-05 0.0 9.340440857604073e-07 0.0005563564131136487 0.0 0.0 9.160928532905025e-07 9.428175527957786e-08 2.312692856886596e-06 0.0 6.579567833610193e-07 8.181465772676964e-08 2.9685619909075852e-05 0.0 6.249812030944464e-07 1.3533022991189683e-06 3.964576814800068e-06 4.475488997624305e-06 0.0 6.071880073897132e-08 1.7238815957647864e-05 0.0 2.1573417926820187e-05 3.362084119912724e-07 3.441935195369297e-05 7.589405621036494e-07 5.25322917340963e-05 2.9767443884101393e-05 0.0012811856573355686 2.4815109335082196e-05 0.0 6.519666648452918e-07 0.0 0.0 0.0 7.742243469184409e-07 0.0 0.0 0.0 2.647663863757066e-07 7.293785913428504e-08 1.9601658700242497e-06 0.0 2.8750752454527913e-07 0.0 0.0 1.699273752165106e-07 0.0 0.0 0.0 0.0 4.3287718232488895e-07 0.0 2.3804173210003643e-07 1.7999072728414276e-07 9.440957188372105e-07 0.0 0.0 0.0 5.849522557879766e-07 7.217981998917649e-08 0.0 0.0 0.0 0.0 0.0 0.0 1.2748709244473709e-06 4.264898167055222e-07 8.397650623490122e-08 3.699175305255622e-07 1.1298642387762236e-06 0.0 0.0 0.0
1.087587389113874e-06 7.317259807393615e-07 1.4001268494903265e-05 8.883991661112127e-05 8.856234345285417e-05 0.0 0.0011988370191375445 0.0022608182288841997 0.0001016570740612439 0.005987994242026283 2.5763986605710907e-05 0.0033355974861926526 1.3185105240367161e-06 0.00020222511524040627 0.000621193042140312 3.8876057322230545e-07 4.809373195869012e-06 1.3046013031219218e-05 8.023689023462388e-06 0.000365168648471735 5.756070037667582e-06 1.7648112246329505e-06 9.553713672623534e-06 0.0002137866271934335 3.9049881933557377e-07 2.567449689549135e-05 1.590874622088703e-05 0.0005430770362268188 0.0002351623600872746 2.1305618230509097e-05 1.033696105901847e-06 0.00033698967350398603 7.906470403417665e-07 0.0002056034528950171 6.4435961008936785e-06 0.0003977209829246096 2.1394385402301045e-05 0.00037795067777872095 0.00023205379860394415 0.0013701035832522502 0.00025660482122698096 5.522650024978529e-06 5.871225292147563e-06 0.0 1.734563337856245e-07 3.8424597108643025e-07 1.8226704324014084e-05 0.0 2.262080995986241e-06 2.6148986115596682e-05 6.351336579375447e-06 9.20273534293637e-06 4.1986918930019596e-05 0.0 8.215820973513452e-06 6.383819618282193e-08 3.2770800332206845e-06 2.600779741019784e-06 3.9024748746278654e-07 0.0 0.0 6.903412805258933e-08 2.0463104451949508e-05 5.256341571381187e-07 3.921574884806262e-07 7.880030351912714e-08 4.212044849922388e-05 0.0 3.903355856887106e-07 8.801934006424305e-07 6.851839930121287e-05 1.7948369345406847e-06 9.587297079991826e-07 1.2919520704700408e-07 0.0 8.68055909317982e-08 1.5322279506028726e-06 0.0 2.584480900277961e-05 0.0 5.193124915916522e-06 1.2684012906982508e-06 3.1016795437327946e-05 3.5281903894911774e-07 2.0649101557792615e-07 0.0
0.0009650682486074965 1.2579055300315314e-06 0.0007434103080464544 7.184260693266115e-05 1.89131488569094e-06 0.0011988370191375445 0.0 0.003894494800101561 0.00011530323917787178 0.0017882843651180617 1.6281602558609886e-05 1.2880463031514977e-05 6.878125927780144e-07 0.0044355648501591145 1.4788209991249458e-05 2.7301538492490553e-05 7.344359567976357e-05 9.294720949439702e-06 1.0807531283050199e-05 7.596282217208552e-06 0.0004200735202266974 1.9617445962935768e-05 0.0007836041353710025 0.0007006893951468715 1.526528409688772e-07 3.756236279233004e-05 0.00030488686208973394 0.007014954552902552 0.0013301370284726005 0.0023324858770279425 7.800603998283746e-07 1.6756931280903102e-05 7.657979004594345e-05 0.0003645004813536568 1.3119233326626104e-05 0.0008887694399696174 4.093808145828529e-05 0.0010466162444113004 0.0002105569310700927 0.00027629456672362615 8.81084104417425e-05 6.5589205593284715e-06 2.723792340038362e-05 7.870074772949473e-07 5.38600756887065e-07 5.779247763651806e-06 2.358480851890162e-05 2.2844818899242001e-07 3.392325389598121e-06 0.00012471348971105394 2.603483163850952e-05 3.2125350778627744e-05 4.492530638752495e-05 6.466159029893949e-07 3.734410999871605e-06 0.0 1.927487841312203e-05 1.149172436306559e-06 6.9108323602322535e-06 2.2532957149778694e-07 8.144411960987066e-07 1.8204793257659611e-07 1.4308195707956855e-05 1.480642027628584e-05 8.947545805420827e-06 8.896187244437504e-06 0.00019993595839130223 9.782109856615356e-07 9.439804828478847e-07 1.845315280358878e-05 0.0002885639218742235 1.2189787368514368e-05 1.4855547588454087e-05 9.610619997533211e-08 4.438426434005704e-08 1.022267679105488e-06 5.6104901481578575e-06 1.443950059116185e-06 7.654371891528108e-05 7.131541030974922e-07 3.785041316260258e-05 6.3098946998944895e-06 4.520490960879814e-05 1.0043338509878448e-06 0.0 0.0
0.00035534005488746653 3.7541374219966896e-06 0.00015050515503981955 6.196767594755983e-05 3.362639006665597e-05 0.0022608182288841997 0.003894494800101561 0.0 6.569436957811963e-05 0.0013386327212000788 0.00010510418469268713 0.000591120348279055 2.8715103022094054e-06 0.00298925862822009 0.00018620222793039535 1.962589118515391e-06 0.00021771994331751184 3.948353573987234e-05 5.3271292028499254e-05 0.00015067080637193233 0.00010192912759292226 1.7900036975218973e-05 0.0002028570774024649 0.00025027789839468463 1.7295304813297208e-06 0.00012558642286444012 0.00011236839517050124 0.0007165167694015813 0.0006401952748192209 0.0008559019956348091 2.8851074297991555e-06 0.0005577883076985458 5.810225375840471e-06 0.0006848398059258247 5.659104714901429e-06 0.0004700474136086238 8.536652552535966e-05 0.0008530657715305938 0.00037867545566885055 0.0008485862930239406 0.0003075184831073421 6.627821165062161e-06 9.619496027222401e-06 2.6945731612928633e-07 2.1912204783648533e-07 3.836012976864533e-06 9.138078608487894e-06 5.316502691082247e-08 6.129427781752974e-07 3.119612986494198e-05 6.2119949606129574e-06 7.400633710546258e-06 2.290492966934603e-05 1.3211481427668903e-07 2.2315944280574535e-06 1.8979979850869802e-07 3.7722271791798802e-06 2.748587034828098e-07 1.102158527215807e-06 8.038361109521217e-08 1.4644689582081352e-07 7.742014019394841e-08 6.002008266409771e-06 3.1061395781586133e-06 3.4189780654793276e-06 3.0935611615003296e-06 5.9487232385706654e-05 0.0 1.1482224110542626e-06 1.0597515908754057e-05 7.508425552431694e-05 2.6681444443270926e-06 3.451155827162605e-06 1.7470238228407037e-07 7.103677739468349e-08 3.261329383893207e-07 2.069442863326286e-06 1.3999292508413711e-06 2.163329178877267e-05 9.37348140115327e-07 7.538273538257648e-06 2.6004236031047385e-06 1.1146499497028403e-05 2.1310972610733455e-07 1.031183800317142e-06 1.2135282310507476e-07
4.874042065420688e-06 0.0003155427081966138 7.0037554226804665e-06 0.0007023181168201882 3.1833948844822494e-05 0.0001016570740612439 0.00011530323917787178 6.569436957811963e-05 0.0 0.0002835391130469133 2.586437220482671e-06 0.000184030886374817 2.799301548389186e-05 2.9609777784594123e-05 0.0005032932651206946 9.026613135033613e-05 7.782772370983071e-06 9.290840669908544e-07 9.049288161540872e-07 0.00014428477091908465 3.568943556862004e-05 0.0013159933403892867 1.5294376172752256e-05 0.0027689298444904934 7.424106998434653e-05 9.191920142752056e-05 0.0006942898780104795 0.000844584695899019 6.187641166733069e-05 0.00015931790977710437 3.160867934728696e-06 1.595287840254285e-06 1.3850052327128891e-05 2.6166770373931334e-05 1.5407892138973212e-06 0.00027635001888052987 7.705173673351858e-06 8.925899908484696e-05 3.251334334862281e-05 0.00027565492003799535 1.1576529728962154e-05 3.4652529318593528e-06 2.794543679271511e-06 2.081634743251553e-06 1.0920229208531172e-06 6.6061095024702025e-06 5.21151153625964e-05 5.683889209058199e-08 3.8255223859417425e-06 0.00017702860588505453 2.032544171996581e-05 3.443312888253414e-05 6.245413534563235e-05 1.4760808543769345e-06 7.68684494554711e-06 4.6177314261923625e-07 1.78857139260271e-05 9.922759728152966e-07 0.00011939050916348028 6.15281677974824e-07 4.4404861902479173e-07 9.665572159238072e-08 2.4914983437110436e-05 8.220774914780887e-05 3.5889869742967955e-05 2.6944398818569476e-05 0.001012959624631123 3.193357111292933e-07 4.878948559474891e-06 1.6911345032540653e-05 0.0006680301173131537 1.7068899745098033e-05 4.801180452094161e-05 4.851607475426504e-07 7.178644453978257e-08 3.3320693781843655e-06 7.187956044770042e-06 1.0922275486350895e-06 6.337612300961352e-05 3.310444999685431e-06 3.692509801985372e-05 9.635307297790355e-06 1.8202354486367807e-05 8.254611905099439e-07 4.141745820767117e-07 1.7428607994756226e-07
2.6386006409420027e-05 1.4723480278832236e-06 7.798907426729139e-06 0.0022338025238645203 3.6757020173672267e-06 0.005987994242026283 0.0017882843651180617 0.0013386327212000788 0.0002835391130469133 0.0 2.4466668291290944e-05 0.002434538840422678 1.1003264658544579e-06 0.0006170937847533025 4.439714426631264e-05 2.8169302580392747e-06 1.7254446829933606e-06 1.362669367188186e-05 1.1288466092846286e-05 0.0032305728659621957 3.001619246796077e-06 1.1754905668864669e-06 6.13161845961176e-06 0.0004084780276870427 1.6884183980414674e-06 3.7276691359103986e-05 3.073942540521991e-05 0.002356587491780501 0.0005908509096563218 9.567229355262354e-06 1.8020936448417533e-06 2.5882232647909154e-05 4.512920585072608e-06 0.0002738501654630846 8.507176560541764e-06 0.0008162950526074537 2.6958867841790694e-05 0.0008152202899192466 9.476018765288918e-05 0.0002157793616903473 6.756790509479627e-05 2.8981038810878443e-06 1.4899138615969908e-05 9.440003069840496e-07 8.563593523732896e-08 5.750920389253297e-08 0.00016209702369753175 3.3113676203196516e-07 1.662854246344967e-05 0.00012703001321702538 5.358006315307088e-05 6.611310744747973e-05 0.0003876220294855226 1.7762873008188834e-06 4.418167923110484e-05 9.169298452352684e-08 2.152034704985653e-05 1.3001156402446422e-05 4.874944821212099e-07 7.529346675014643e-08 6.649305779556615e-07 1.1598206071755048e-07 0.0001622588657696402 2.6844907359005204e-06 1.2560181528624482e-06 9.79953447174052e-07 0.00036962390241770363 0.0 1.121969022131911e-06 1.6075195131866198e-06 0.0004698978303291193 7.913369379198607e-06 2.651624520820458e-06 1.5295792822800326e-07 3.4259489111036803e-07 2.509978883330335e-07 6.460993234510441e-06 0.0 0.00013722355477412598 9.039523451513558e-07 2.988208513125069e-05 3.9646971617348355e-06 0.0001456274055850354 1.5607139542743874e-06 1.2553810350680979e-06 1.3278141272801448e-07
2.788779830904069e-06 2.0659415368801647e-05 2.2227910986272348e-05 7.382755035409764e-07 4.3113885932129095e-07 2.5763986605710907e-05 1.6281602558609886e-05 0.00010510418469268713 2.586437220482671e-06 2.4466668291290944e-05 0.0 2.0506327419026224e-05 0.0005759196223522591 0.00010352715883943145 4.159236136417481e-06 1.7073279780111116e-06 0.00021686349498945828 0.00220708009609308 0.0008701828526965934 5.954086771005723e-06 1.921516149790121e-05 4.614526175911029e-06 4.528220814467428e-05 9.334706286360386e-06 0.00042741486019473644 0.0009574003676576578 0.00022059971945227736 1.3176279103455986e-05 0.00014710426909250883 1.6186284810166513e-05 0.00015507371772804785 8.361739755341873e-05 4.733588852208528e-06 0.003933288273618529 8.021038591184932e-06 0.0002998970592449186 0.002513210984904317 0.0018710341712566434 0.0006630801109173797 1.436613009275749e-05 4.656011760759945e-06 0.0009422577129578341 1.4672327494462866e-06 1.4249590884711375e-07 8.299216437619114e-07 7.647482243901045e-07 0.0 0.0 0.0 1.5153998416091229e-06 1.3643184897203695e-07 2.216338966021733e-07 4.754234783170964e-07 0.00016732288637644823 0.0 0.00028358500440694393 3.4161403283588664e-07 0.0 0.0 4.089943991556387e-07 2.728611483512023e-06 5.9586963598364665e-06 2.663337233780296e-07 1.5270803013371577e-07 4.577663468351002e-07 6.766491119657487e-07 2.249968973452745e-06 0.00012225804081628913 7.565145829655256e-05 8.740327867761903e-05 2.693010292975581e-06 2.0107859672357976e-07 4.5254358476324935e-07 7.823679938658775e-05 0.0 0.0 6.6368577100989115e-06 2.1899165540629923e-07 9.066459269249219e-06 0.00022815474728481234 1.4035838350925295e-05 7.370134202427284e-06 9.183352873870567e-07 0.0 9.812220259412005e-05 0.0
1.085595056644833e-06 1.921181667810271e-06 7.459809503287793e-07 0.0007220772752066494 7.689876873265743e-05 0.0033355974861926526 1.2880463031514977e-05 0.000591120348279055 0.000184030886374817 0.002434538840422678 2.0506327419026224e-05 0.0 1.010575242577872e-06 0.00022240420003980579 0.0005499540622836631 0.0 6.854521953469125e-07 1.0570642191266983e-05 8.354468729418315e-06 0.0024076599129825536 6.394781420282777e-07 7.072290075674679e-06 1.363130570311131e-06 0.0004737317935319156 8.206887479610259e-07 2.5584270603051605e-05 2.2921112342820945e-05 0.00020078438234052658 0.00013219464155458862 2.0894530062447786e-06 7.632488765310244e-07 3.2018236574609645e-05 2.917227609671454e-07 0.000128694857103321 9.846438151759297e-06 0.00046660421240266964 1.3496491879960668e-05 0.00029214594500624806 4.0472064494133404e-05 0.0005287200790146984 1.462629912943375e-05 6.677003304558405e-07 2.4798425734678562e-06 5.9603637673413344e-08 0.0 1.2844848887219473e-07 4.722624930296328e-05 1.7146836597353074e-07 4.111015931128707e-06 8.175495401407072e-06 6.38445310413921e-06 1.6467247579110618e-05 0.0001086596305103995 6.273836143062556e-08 2.717503489927697e-05 0.0 2.092599865105192e-06 6.201524030999754e-06 2.567057560175377e-07 6.749710393198637e-08 6.053300656479998e-08 0.0 6.229799617952063e-05 1.0915158698357925e-06 1.7692603252538943e-07 9.992082466319342e-07 5.2170729726434915e-05 7.401410212416401e-08 2.6304909966170577e-07 6.854529597272483e-07 6.232410582875618e-05 1.0252508339311393e-06 4.916827028996095e-07 0.0 2.2165728935422587e-07 6.948177450582673e-08 5.181555322997906e-07 1.156457188963143e-06 4.5136093229636125e-05 1.8376940302912143e-07 2.1932549648263792e-06 3.5518987085024765e-07 7.452071910914651e-05 0.0 0.0 0.0
0.0 0.0003488714707863283 7.411038781330646e-06 0.0 0.0 1.3185105240367161e-06 6.878125927780144e-07 2.8715103022094054e-06 2.799301548389186e-05 1.1003264658544579e-06 0.0005759196223522591 1.010575242577872e-06 0.0 1.5955618592972762e-06 3.192925032869967e-07 2.495039766202592e-06 3.703752591101995e-06 1.4803509755683933e-05 6.508141113693185e-06 4.2094254578187063e-07 7.258263666645802e-07 6.454118367466207e-05 5.014750907318173e-06 2.623961034263007e-05 0.0029258528735228015 0.00022526709127980768 0.002051522750222677 4.989583553595328e-07 1.773182632134639e-06 1.198381831163179e-06 0.0004247938740731081 1.5637565091411649e-06 6.882300077628221e-08 0.0003643287816925258 4.744431655116593e-06 0.00020502396214125155 0.001561756352253381 0.0004198729139989295 0.00011943110007959124 1.847403953244884e-05 1.7130353789260854e-05 0.0007332406027357812 8.088669077224036e-06 0.0 7.880065676234742e-06 4.812509059412287e-07 2.0470917717071305e-07 0.0 0.0 0.0 6.028400401670476e-08 1.9043422966447096e-07 0.0 0.0004459014714317701 0.0 0.0007262454557734889 3.4376309493449524e-07 0.0 1.4985218217455173e-06 4.914685090560379e-07 7.217384488688983e-06 7.104148181642846e-06 5.945771791960069e-08 5.767308070438873e-07 6.107328144126541e-07 5.413527974736637e-07 1.3115051320395529e-06 0.0004982647678552258 0.00020536087033213286 0.00029248545018610475 5.116274031016576e-07 2.382430807355977e-07 6.585280242347105e-07 0.00025408473778288927 0.0 0.0 1.9002449403349168e-05 0.0 4.249033203065486e-05 0.0004862964131748898 2.304532606965051e-05 7.90141177053887e-06 2.4390432755176145e-06 7.314149005574843e-07 0.00015653393636070603 0.0
0.0018857213144954385 6.518255403342725e-06 0.0001000815339507819 4.132750096354076e-05 9.340440857604073e-07 0.00020222511524040627 0.0044355648501591145 0.00298925862822009 2.9609777784594123e-05 0.0006170937847533025 0.00010352715883943145 0.00022240420003980579 1.5955618592972762e-06 0.0 1.908577532693611e-05 2.9542572597060095e-06 0.00030276338508096316 4.3908066707286336e-05 7.334073019564443e-05 8.363643813189528e-05 9.167678013079534e-05 2.3449495858430046e-05 0.00020466552397510425 0.00014915618229947375 1.6956154685844996e-06 0.0001604968573693951 0.00012805248433437417 0.0005639582245506453 0.003777828251890923 0.0015984155491438978 3.0971838539042343e-06 0.00013936962193559672 1.6936809196504784e-05 0.0010250605751154546 3.6602254458812277e-06 0.0002892033820058228 9.608407200135769e-05 0.0011691846101383736 0.00011374351618164289 0.00012352454422750387 2.61337987919619e-05 2.665480217019902e-06 1.928900050265295e-06 0.0 2.6096154078088725e-07 2.2528533558655346e-06 2.1431634162637313e-06 0.0 4.870516797587396e-07 1.326395837658867e-05 3.589616649107236e-06 3.6224590598458347e-06 5.295940281109642e-06 0.0 3.2566526426669256e-07 1.3967497452515852e-07 1.3146590874250956e-06 0.0 8.210100228960209e-07 6.32261491588951e-07 4.417227498746584e-07 3.3743467706019826e-07 1.6549310854933838e-06 4.349039969407005e-06 1.1410170906311563e-06 1.9590634617074914e-06 2.7588969764443635e-05 2.5807358522925017e-07 1.8017031912248854e-06 1.0283566953200851e-05 4.092397756462473e-05 1.943300989361091e-06 3.658495354665861e-06 0.0 0.0 4.195298126176489e-07 1.1329287164328694e-06 0.0 5.91262721127191e-06 1.3418163447871575e-06 3.7985914530034925e-06 5.022661682946836e-07 5.061879966462001e-06 6.079036844861515e-07 6.518403928321823e-07 0.0
6.665502365658238e-08 3.7764683140739534e-06 0.0 0.00014023722580666677 0.0005563564131136487 0.000621193042140312 1.4788209991249458e-05 0.00018620222793039535 0.0005032932651206946 4.439714426631264e-05 4.159236136417481e-06 0.0005499540622836631 3.192925032869967e-07 1.908577532693611e-05 0.0 7.874714064062255e-08 5.273971483686491e-07 1.441650133667864e-06 1.444315143447232e-06 6.596529607848394e-05 8.164854747698591e-08 1.8400484565097757e-05 1.7232975476759535e-07 0.000829075249251524 1.5302711776498093e-06 4.879520790876947e-06 2.5005113594023326e-05 7.968502732512965e-05 1.4996503492549589e-05 1.8762068586008223e-06 5.50114215342084e-07 8.138981363449606e-05 6.849618069163166e-08 3.0454363626371635e-05 4.2364927082654847e-07 0.00016921275127334875 2.907947720310278e-06 4.5163032869273466e-05 1.7930177618077672e-05 0.0007716741262101416 2.9793365269626284e-05 0.0 1.137634825242112e-06 0.0 1.0123177267051918e-07 0.0 6.902700986247855e-06 0.0 1.1438456551875882e-06 2.2488325389036406e-06 6.905338410490728e-07 2.897965781532852e-06 1.842243518926535e-05 0.0 3.873297825903161e-06 0.0 1.233175790835386e-07 1.309821292618945e-06 3.921123267193647e-07 0.0 0.0 0.0 8.71849696726511e-06 6.657343849387472e-07 4.090602444155731e-07 1.0552721022915967e-07 8.4414131888084e-06 0.0 0.0 2.916259017666031e-07 1.1752851873884484e-05 7.107397422238652e-08 3.3155909799786966e-07 1.0261001826041746e-07 0.0 0.0 6.423280187749016e-08 0.0 1.4307407007662062e-05 0.0 8.879959599165672e-07 1.3885422905474902e-07 1.4008298003326169e-05 0.0 0.0 0.0
5.344330432118761e-07 1.612421298386577e-05 4.652118541038606e-06 1.4190834008577551e-06 0.0 3.8876057322230545e-07 2.7301538492490553e-05 1.962589118515391e-06 9.026613135033613e-05 2.8169302580392747e-06 1.7073279780111116e-06 0.0 2.495039766202592e-06 2.9542572597060095e-06 7.874714064062255e-08 0.0 1.1812678633725624e-05 5.097950251330688e-07 3.3978950989291455e-06 2.3380905514222373e-07 0.0016090138864132443 0.0012298740560762703 0.0010513729037817587 0.0012003958692611825 2.8248673572984384e-06 1.2616509335216912e-05 0.0025401118146588676 0.0011342817469789485 1.089122563795901e-05 0.00014783157202940308 2.271081895570763e-07 6.926868878759407e-08 5.730558975125329e-06 3.73240765670736e-05 1.0306965634854698e-05 0.0010557621381890767 0.00022830913203070375 0.0002345017226130299 0.00046157179405604236 4.2670816307919036e-05 7.780434583831844e-06 1.5983469220189744e-05 6.445636747627492e-06 8.860084082168456e-07 2.293294141346433e-06 2.5459303079613948e-05 1.1945105387546698e-07 0.0 1.3974960337451406e-07 1.101859365939616e-05 7.018979015936029e-07 8.49556102338971e-06 9.454487760597114e-07 2.3421708950681527e-07 0.0 7.82963453022384e-07 1.8953559248095285e-06 1.226768474436958e-07 0.0015637852174845315 1.0136235506504912e-06 0.0 2.8689717815452543e-07 4.0277336541112346e-07 0.000301077472620178 0.0004462671635989651 0.00105149845226139 0.00017284343673458052 5.945921501954837e-08 1.507066110368958e-06 0.0003743438891761117 0.00012088117784116066 8.479274272069186e-06 0.00016793397650474568 0.0 0.0 2.6644052721197056e-06 8.060437752416131e-06 8.029128661493431e-07 0.00013710646453379404 4.9217179007444996e-06 3.090825201847732e-05 1.6903877891499205e-05 2.0874222485119446e-05 1.0333300265194756e-06 4.35498515683246e-06 6.406475760976793e-07
0.00014452570468644678 0.00013168511079247256 0.0037636022686215053 3.531600204233035e-07 0.0 4.809373195869012e-06 7.344359567976357e-05 0.00021771994331751184 7.782772370983071e-06 1.7254446829933606e-06 0.00021686349498945828 6.854521953469125e-07 3.703752591101995e-06 0.00030276338508096316 5.273971483686491e-07 1.1812678633725624e-05 0.0 0.0002810476889082502 0.0023215754764072108 9.862181184421181e-08 0.00042104922480471483 2.7423132072786608e-05 0.0031938801456704293 1.1641974933034434e-05 1.3107836519847068e-06 0.0013466212656937184 0.004499525716789392 3.551417911009763e-05 0.0005037614049047279 0.0009776014996826167 8.06914515708946e-06 1.2216003135450721e-06 3.981646573817215e-05 0.000741824859364158 1.5087773544076417e-06 0.00014193316417392907 0.0015883441442661064 0.00022502453586825577 7.677746597872582e-05 5.201072232543606e-06 1.154333012193574e-06 1.8793773435980535e-05 1.087453590894381e-06 1.4855208067896164e-07 2.5112538765149298e-05 0.0001299002364836677 1.9870198900180578e-07 0.0 0.0 1.2551596994697913e-06 4.87263327175512e-07 7.544972192115075e-07 0.0 4.913975890343473e-07 0.0 5.952514802491779e-07 1.352168903999365e-06 0.0 1.6022992206512388e-06 1.9804668890597667e-05 2.27201462049889e-07 4.5045308188739775e-06 0.0 1.1518878951880915e-06 1.2907173447510781e-05 1.9634045522209105e-05 4.7523910932779964e-06 1.9779517159180624e-07 6.66043183965463e-05 0.000360295326755629 5.661802009573325e-07 6.53940995931276e-07 1.3504368091124676e-06 1.5874351394393022e-07 0.0 0.0 6.844288637589302e-06 0.0 1.2313862299253005e-05 8.279367535983352e-05 2.0997001917831764e-05 6.847263284726131e-06 1.581457124366052e-06 0.0 0.0 2.5099105866257736e-07
1.995818486622339e-06 5.085265798384872e-06 9.59972260701406e-06 7.603791168497485e-07 9.160928532905025e-07 1.3046013031219218e-05 9.294720949439702e-06 3.948353573987234e-05 9.290840669908544e-07 1.362669367188186e-05 0.00220708009609308 1.0570642191266983e-05 1.4803509755683933e-05 4.3908066707286336e-05 1.441650133667864e-06 5.097950251330688e-07 0.0002810476889082502 0.0 0.0011931908090304288 2.772707246289353e-06 4.961971281877265e-06 1.70252710865503e-06 1.68805404778692e-05 3.996585553446957e-06 1.1352170305368226e-05 0.0008077605493775386 7.269186656217167e-05 6.413105258767155e-06 4.7957814999026066e-05 7.609971111145246e-06 5.253691511795677e-05 2.3707622909576163e-05 5.958780821602094e-07 0.0009086751659968552 2.1677108891949476e-06 0.00024042478339426077 0.0005212437952155302 0.0006226793522308579 0.00021823172150254994 9.553892686879818e-06 5.156734627064758e-07 7.142862896820323e-06 1.2624448365780235e-06 0.0 6.328901333551983e-07 1.6870257558680843e-07 9.940990606228812e-08 0.0 0.0 4.224426127916806e-07 2.3874036668105804e-07 9.365089273969225e-08 5.92724203664996e-07 1.950080400679445e-06 0.0 1.266930757716351e-05 6.876468624569181e-08 0.0 6.984665530364855e-08 1.320266916267779e-06 1.3344218424924153e-06 5.906900487364803e-06 0.0 0.0 1.4182848721696507e-07 5.391308252507149e-07 8.415790906665808e-07 4.991013957966485e-06 7.338497489499027e-05 7.372365334549978e-05 1.4512295018170634e-06 0.0 1.2307141243171887e-07 1.3363032063854248e-05 0.0 1.6275756907977627e-07 1.6809103965742563e-07 1.296490092495732e-07 1.3003649444742071e-06 5.017874491023509e-06 6.624514935163205e-07 8.650711171806055e-08 4.0152822150479094e-08 0.0 0.0 0.0
1.3435869644429801e-05 1.0670179264888572e-05 7.491276922706624e-05 1.6042322390154039e-07 9.428175527957786e-08 8.023689023462388e-06 1.0807531283050199e-05 5.3271292028499254e-05 9.049288161540872e-07 1.1288466092846286e-05 0.0008701828526965934 8.354468729418315e-06 6.508141113693185e-06 7.334073019564443e-05 1.444315143447232e-06 3.3978950989291455e-06 0.0023215754764072108 0.0011931908090304288 0.0 2.061154248617777e-06 2.5395333125066848e-05 3.556506849985838e-06 0.00011699127894531531 2.408173386680773e-06 5.075600683949244e-06 0.0031667610462606677 0.0007541340688396 5.135204371375223e-06 0.0001049860345870055 5.2067408309798754e-05 2.9863049464709325e-05 1.4880300584713468e-05 6.684715273455341e-06 0.001587381733469759 1.7086981546393586e-06 0.00033785540664238185 0.0011088695370054648 0.0006074611740626937 0.0002136219971684315 1.0839108268927283e-05 7.197841119823968e-07 1.097184948610474e-05 1.192495980457403e-06 0.0 3.9726376848751474e-06 1.1837682550268384e-05 0.0 0.0 0.0 0.0 3.2077318941077705e-07 1.8244872568131993e-07 2.324852976582761e-07 3.0686522587902044e-07 0.0 1.9094671818498908e-06 7.366495670615475e-08 0.0 6.217897704576456e-07 3.953312010625181e-06 5.344857899780085e-07 1.2584713501369834e-05 0.0 1.529615013668512e-07 2.947737602013018e-07 1.1169511501737452e-06 8.375707163692066e-07 1.1808740071324607e-06 0.00013562241361682133 0.00015430919002060018 1.8170446076032218e-06 1.7331398717065974e-07 0.0 2.3111976475364345e-06 0.0 0.0 1.0957291342468516e-06 4.678821064468222e-07 6.950976317380026e-06 3.3938603073759875e-05 2.920555314587179e-06 6.1323491619832e-07 0.0 0.0 6.972509531085769e-07 0.0
6.852327684379649e-07 4.563973687914037e-07 1.3498922808438854e-07 0.002272893249470794 2.312692856886596e-06 0.000365168648471735 7.596282217208552e-06 0.00015067080637193233 0.00014428477091908465 0.0032305728659621957 5.954086771005723e-06 0.0024076599129825536 4.2094254578187063e-07 8.363643813189528e-05 6.596529607848394e-05 2.3380905514222373e-07 9.862181184421181e-08 2.772707246289353e-06 2.061154248617777e-06 0.0 7.147940471857974e-07 8.743689310345087e-07 9.45492829695634e-07 5.7613579932407495e-05 0.0 7.5341793045998316e-06 4.031322220777661e-06 0.001118022548923599 9.331862154678269e-05 8.646110823383749e-07 2.776848753931017e-07 4.499110498407521e-06 2.309727789380252e-07 4.6613691976010464e-05 7.779990288892385e-07 0.0002609900154093129 5.177734800821761e-06 0.00013547144333075223 1.5863985429125697e-05 0.00013899472857403143 9.672060775852688e-06 1.054849241662266e-06 2.663687003366863e-06 5.78707702648513e-07 0.0 1.413429881067424e-07 8.389648082871405e-05 1.9383713332258246e-07 6.622450732850758e-06 2.8760019055430938e-05 1.6218289333414154e-05 2.845121314929255e-05 0.00018847674373451893 5.889344918962339e-07 3.0906468379931796e-05 0.0 4.244980206596046e-06 7.659574053323764e-06 3.632807552916492e-07 0.0 3.1097351237531947e-07 0.0 8.39641202340314e-05 7.169942639684185e-07 0.0 0.0 0.00013709480798243555 0.0 2.489236902777299e-07 1.874469182380585e-07 0.00017102724982051256 1.8443112030140296e-06 1.2141352666343658e-06 6.040914076671204e-08 2.1936502580110533e-07 6.193124816336498e-08 2.1803913619354643e-06 0.0 5.745992944393451e-05 3.2612178024560187e-07 8.390934298425754e-06 4.62226415635419e-07 8.12929346324323e-05 5.211353401346224e-07 0.0 0.0
3.976712453972165e-05 1.1665710534543875e-06 0.00018807207741965124 1.9233841415502149e-07 0.0 5.756070037667582e-06 0.0004200735202266974 0.00010192912759292226 3.568943556862004e-05 3.001619246796077e-06 1.921516149790121e-05 6.394781420282777e-07 7.258263666645802e-07 9.167678013079534e-05 8.164854747698591e-08 0.0016090138864132443 0.00042104922480471483 4.961971281877265e-06 2.5395333125066848e-05 7.147940471857974e-07 0.0 6.0343105546956755e-05 0.008406107074514193 0.0002120293052813947 2.3581720983192005e-06 3.5241318994338326e-05 0.0003936030156056329 0.0016253298226976743 0.00031400791109133485 0.004926767774163869 7.767236489915155e-07 1.0106133439976887e-06 0.00010324133831133329 0.0022409554945605416 3.375165825389732e-05 0.0027505108020915467 0.000529996616618454 0.0028920916307129192 0.0018041527090302933 0.00011875390802239315 2.8494175164159353e-05 1.753101646084786e-05 1.8920258747387504e-05 1.25593353731616e-06 1.4312739555555757e-07 1.3305342335036604e-05 7.358677733275412e-07 0.0 0.0 1.952619723716802e-05 1.8330712796452212e-06 5.422574750710189e-06 2.0617192975584523e-06 9.438632612788693e-08 0.0 0.0 3.7384693347914013e-06 7.440720167296335e-08 0.00023336046360732988 3.544744425166408e-07 2.588789209730079e-07 2.7044706202128194e-07 1.82619728417549e-06 0.0002133091216335408 7.423114122653943e-05 0.00013973774154859024 0.0001806927136322302 0.0 3.2371354979272764e-06 3.196841128821261e-05 0.00012834241350175962 1.5327218185470322e-05 0.00016642992665727368 0.0 0.0 3.287462217824606e-06 1.092283163410517e-05 7.259112942951465e-07 0.00014438848816261486 8.999347752228531e-06 2.704976891019446e-05 1.2839141453739183e-05 2.054762704235142e-05 4.896897462620104e-07 5.406911896570278e-06 1.076892477970429e-06
5.447153590372938e-06 0.0013157634317318037 0.00017672668724927514 5.026219317085945e-06 6.579567833610193e-07 1.7648112246329505e-06 1.9617445962935768e-05 1.7900036975218973e-05 0.0013159933403892867 1.1754905668864669e-06 4.614526175911029e-06 7.072290075674679e-06 6.454118367466207e-05 2.3449495858430046e-05 1.8400484565097757e-05 0.0012298740560762703 2.7423132072786608e-05 1.70252710865503e-06 3.556506849985838e-06 8.743689310345087e-07 6.0343105546956755e-05 0.0 0.0005120458620536084 0.003463432563499902 0.00024882074940490404 9.421200809774593e-05 0.0034131256327355453 7.149337621161563e-05 3.99709747478822e-05 0.00016088682660884675 8.048961291778546e-06 0.0 1.4778445842069257e-05 5.977998882860474e-05 2.8708280226537946e-06 0.0003977357557550921 0.00016796716756337663 0.0002902212695413641 0.00015832002877063598 8.874268461912303e-05 4.7576356334049774e-06 1.4817956765656063e-05 2.131792584847232e-06 3.9213606773938087e-07 9.166817481838793e-06 2.8500178797281256e-05 2.3456656279423608e-05 0.0 7.448904916738381e-08 5.013460750908277e-06 3.631575860294886e-07 1.3734029130084983e-05 3.290998015110097e-07 7.518500525115761e-07 7.036783288371196e-07 1.1107889149166013e-06 9.925713854617703e-07 1.5350570850523358e-07 0.0005947405908485061 1.0370629344264764e-06 6.092272746205578e-08 6.025694992807324e-07 0.0 5.5758194138325225e-05 0.00021037111638881815 0.0002476132525146316 6.539989136173066e-05 8.631557745463361e-07 8.107272701526125e-06 0.0007145731327339179 3.378808997306788e-05 2.35462809638324e-06 2.46576918401025e-05 1.2123282896123216e-06 0.0 0.0 3.3416820805529434e-06 1.7793497205284717e-06 2.586587053501966e-05 5.450867302835293e-06 8.32225619973716e-06 4.21530011872004e-06 1.562521532850187e-06 3.095016324557631e-07 3.700386373177043e-07 3.4707214716084145e-07
8.59209742837774e-05 9.566802745098715e-06 0.004452636417980559 1.9693937589077882e-06 8.181465772676964e-08 9.553713672623534e-06 0.0007836041353710025 0.0002028570774024649 1.5294376172752256e-05 6.13161845961176e-06 4.528220814467428e-05 1.363130570311131e-06 5.014750907318173e-06 0.00020466552397510425 1.7232975476759535e-07 0.0010513729037817587 0.0031938801456704293 1.68805404778692e-05 0.00011699127894531531 9.45492829695634e-07 0.008406107074514193 0.0005120458620536084 0.0 0.0003064270003455776 7.0377022725451175e-06 0.0005314922594355869 0.004026669957714463 0.0021187362356480098 0.00028912895462722274 0.002701224403912686 3.89132830968812e-07 1.296027398152688e-06 5.055444102041066e-05 0.002169449721375354 9.948473808755527e-05 0.005667111757498701 0.0025629271786232104 0.005726700334265227 0.004930865145661763 0.0003713470904645043 7.919789554826225e-05 3.4181029314081e-05 3.872997181095904e-05 2.3670976544265974e-07 3.3815327553686652e-06 0.0001690801684683422 8.108428100848891e-08 0.0 0.0 1.1355965625608096e-05 1.130503342150262e-06 4.154043800301365e-06 1.1217889947324623e-06 1.8338164690593595e-06 8.780040706258938e-08 3.054254680254109e-07 2.0000666230593692e-06 0.0 0.000929284499378633 3.4988915826680085e-06 7.021177129541986e-08 1.976301111211701e-06 1.146192474691068e-06 0.00014181843337216058 0.00021311002310754018 0.0010550594544004698 8.211199316971619e-05 6.99274851319415e-08 4.846210678877957e-06 0.0009685337609447132 6.096347689436579e-05 5.389155269001729e-06 9.28693776924241e-05 8.961549827589107e-07 0.0 1.0957511836796158e-06 9.26340012143433e-06 5.163389087074488e-06 0.00012430439744860053 1.578837708742975e-05 2.718660744568884e-05 2.2328552453790387e-05 1.2382605881364693e-05 6.035619860868316e-07 4.945176638268751e-06 1.2214586091905077e-07
