0.0 6.173482952135683e-08 4.1309417733975266e-05 6.805539662984737e-06 0.0 3.2676195415812263e-06 0.0008496408337460184 0.0004387429918417495 2.869489381645105e-06 2.363011529003451e-05 1.9168739168369465e-06 1.8522272884187372e-06 3.881991961652832e-07 0.0028399641263261092 3.859357560146148e-07 3.342036014131574e-07 0.0002906163390949865 1.7813164529615261e-06 1.4837563167973019e-05 1.5189394860127908e-05 4.44134214576154e-05 8.204434437888891e-07 0.00016030554538601775 5.2900934973530914e-05 1.5222589255586297e-07 4.69185367903996e-05 5.84131150733588e-05 5.5778390981708516e-05 0.0022270753871203998 0.0023618345241844664 0.0 5.79581243812891e-07 0.00011896481599397666 0.000133327336446743 2.687964130129949e-06 6.471751790778737e-05 1.0410858665376051e-05 0.00010024750248566408 4.280895369410659e-05 1.0589109257360088e-05 3.1825329288004817e-06 1.0028914472860492e-07 1.3734800570058331e-06 0.0 6.853155421959698e-08 5.195413870993145e-07 0.0 0.0 0.0 1.6098470745623864e-06 7.016781741513308e-08 7.490542878730566e-07 2.106312379513589e-07 0.0 1.5496513393641514e-07 6.114434547061348e-08 0.0 3.026427858338683e-07 2.968491436968184e-07 0.0 0.0 0.0 2.057174629944714e-07 1.3917764865837308e-07 0.0 6.469378046535627e-07 1.918616827382369e-06 0.0 0.0 3.0630085412222467e-06 2.1997409452998434e-06 2.6451483802516684e-07 0.0 0.0 0.0 0.0 5.3504041103469777e-08 4.790867095505513e-07 9.539298651627757e-07 7.694008146407623e-07 1.6677281211617484e-07 3.61867459702088e-07 1.0752585224323491e-06 0.0 0.0 0.0
6.173482952135683e-08 0.0 0.00011563959743876194 3.898856267606777e-07 0.0 2.0399808455503325e-07 3.7634489294944543e-07 9.30457390577206e-07 0.0004520637603395566 1.4969687164384692e-07 3.3269643701123406e-05 2.0337284286948659e-07 0.0004739783861891901 6.959583280422977e-07 2.698242269681798e-06 5.624557656513669e-05 1.7948967637597017e-05 1.901055452767207e-06 4.882692601724035e-06 2.625532564948875e-07 1.8344825071949348e-06 0.0010257299139022858 4.974594635548095e-06 0.0005054745828998382 0.0008393147378953124 0.0002116402291946391 0.003342247510290247 2.210265776223618e-06 1.2963167516059596e-06 2.5381079727687065e-06 2.1061514640192882e-05 2.8310745071963095e-07 2.1756476835270508e-07 6.330560965144665e-05 3.439888022231559e-07 1.9644317388596643e-05 4.057322448524352e-05 3.017590668880974e-05 3.1925358691563592e-06 4.892909039476251e-06 1.5146610861218714e-07 9.55757125181137e-05 0.0 0.0 2.3716133679620516e-05 2.763448766765038e-05 0.0 0.0 0.0 3.217629404695083e-07 0.0 6.405695853200198e-07 0.0 4.057539802464146e-06 0.0 2.1740862969252676e-05 1.1765244136470097e-07 0.0 9.704672601661086e-07 3.0989775148290376e-06 9.304845712213623e-07 1.4370265353387202e-06 0.0 2.608937073249102e-07 6.434637505809313e-06 3.5292660977316213e-06 1.4157583279851397e-06 1.2072116914876867e-05 5.465732490809724e-05 0.0006819034713092396 7.752347740898291e-07 0.0 5.931678497872455e-07 5.161813937621323e-06 0.0 0.0 1.7084639484985008e-06 1.0616222944084189e-07 3.091880760605603e-06 2.3013395465173204e-05 3.7453044258181964e-06 2.46920701371146e-06 0.0 0.0 1.1977461407477719e-05 0.0
4.1309417733975266e-05 0.00011563959743876194 0.0 7.507661617134776e-07 1.8047125833336889e-07 4.2619243521510565e-06 0.00038820601787957227 0.0001721519828747775 4.821720311854418e-07 1.9996050121392783e-06 5.938042721188e-06 4.908511409703175e-07 4.323168361592279e-06 9.7293147333972e-05 0.0 4.167770345010582e-06 0.0037971602533350903 2.2629522407318197e-06 4.415451339479871e-05 6.417813391688559e-07 5.851077080844437e-05 8.142521959789175e-05 0.0046678196561973605 3.989091775638134e-05 5.570730547007329e-07 0.003596549809576411 0.0020228416702263363 4.112724542676327e-05 6.269908432484744e-05 0.0005227301547958908 6.330332449863298e-08 1.8949461927738856e-07 1.125791116831193e-05 0.0007733453197626162 2.824364212313421e-05 0.001110779036804704 0.0033433893067593115 0.000975555653078837 0.00020473667216176617 4.741845565873115e-05 8.871481894243312e-06 6.600847540564749e-05 8.038672652108816e-06 5.280295615459892e-07 0.00011857799268279076 0.0006791555729562628 0.0 0.0 0.0 5.695750931295113e-06 2.7701233122477867e-07 2.80706693780946e-06 3.445079805179678e-07 0.0 0.0 3.5702625494160945e-07 7.365528131337735e-07 0.0 2.0298125593323747e-05 3.667860313766662e-05 2.1474485373924925e-07 2.8993622029697833e-06 1.2312332783072328e-07 4.93363937952742e-06 0.0001907769391555202 0.00024265635581335114 9.001404741089211e-06 1.1491482493494557e-06 3.601132155230119e-05 0.00291077981148878 6.6430128323395625e-06 1.0821859091973295e-06 3.483851666888457e-06 4.116132410529128e-07 0.0 5.31105636356625e-07 1.0885014501066617e-05 8.364134071322596e-06 3.8966069631284685e-05 0.00023000373220971075 3.571758753146044e-05 6.180284980727376e-06 1.1556701126793323e-06 3.010180956469768e-07 2.707734709086293e-07 0.0
6.805539662984737e-06 3.898856267606777e-07 7.507661617134776e-07 0.0 7.062892217882647e-07 8.638611970119683e-05 0.0007085776967696858 0.00011527815842168516 0.001017708741584169 0.002749155466745246 1.3882387848244407e-06 0.00012822253440250222 1.9774098637413498e-07 7.321269552078587e-05 3.3767461556818444e-05 1.806069752663539e-06 3.3913713928514073e-07 6.880232546084343e-07 8.886649591338632e-07 0.0013883191748468079 5.251401316629269e-07 7.507860887162691e-07 2.407544416558904e-06 0.0015087002642207423 1.3446061484844347e-07 3.15700239877187e-06 3.9261053170274796e-06 0.0030326981873062143 0.00010138605245554161 3.518322259225056e-06 4.3846317128474655e-08 5.847743925497693e-07 3.5837214420761196e-06 2.5390555840365853e-05 4.992382943446194e-06 0.0001699789706133808 5.252240620365871e-06 8.140494207965223e-05 3.7540685615034055e-05 7.275589526478366e-05 7.2520896550389684e-06 8.09103299714823e-08 3.636104242999281e-06 4.2019650431915576e-07 6.70720376027059e-08 0.0 5.968506689188145e-05 0.0 5.131096745145915e-06 0.00011906074200344576 2.2318743757798316e-05 4.157571020157179e-05 7.450686895891263e-05 2.1653294631425098e-07 3.024714555970089e-05 5.358111116362361e-07 8.238473802935494e-06 9.335837293098737e-07 1.612294085409391e-07 0.0 1.0157365699208894e-07 4.320160209435381e-08 7.75756653412893e-05 9.579618618004586e-07 4.3907501569256284e-07 0.0 0.00014715575479500503 0.0 4.1570262494905816e-07 5.11756034035418e-07 0.00014536922351442635 3.149571045606676e-06 3.9177407826593975e-07 1.2336805497641067e-07 5.700700646283433e-07 3.8081811657433915e-07 1.2205875388823857e-06 1.6346698895340057e-06 2.120590609815944e-05 5.20378137824418e-07 8.336988054496364e-06 2.4581936261525273e-06 3.721368078212987e-05 1.1543766817669842e-06 1.642649874735362e-07 4.586382312367168e-07
0.0 0.0 1.8047125833336889e-07 7.062892217882647e-07 0.0 0.00013329673096903162 5.083150909293041e-07 3.5199468509593296e-05 1.4280615529358883e-05 3.919332819394876e-07 3.09492335187413e-06 3.205221546329606e-05 7.009688326957088e-08 1.7269110935899776e-05 0.0004303211989420023 7.35767006812028e-08 6.028828548463118e-08 3.250736848153163e-07 1.5927507968680286e-06 1.4610479556575168e-06 0.0 1.0004811920828464e-07 0.0 5.27137458249848e-06 0.0 2.0946814768691267e-06 4.6946883475502996e-07 4.968415290804341e-07 1.120508075545976e-05 3.0808582082662626e-07 1.967150425360684e-07 3.9032091608984194e-05 0.0 3.832835158124228e-05 1.2167081389754506e-07 5.596608798167235e-06 1.0462981734781597e-06 3.659411556562733e-05 1.5472670206342836e-05 0.0007462636119640258 4.910794747899983e-06 6.521462376766703e-07 3.3367645038678557e-07 0.0 0.0 0.0 8.855019516273495e-08 0.0 0.0 0.0 0.0 0.0 1.7814996279169492e-07 0.0 0.0 7.757655060888506e-08 0.0 0.0 0.0 0.0 0.0 0.0 7.518365009254069e-08 0.0 0.0 0.0 1.281850568017965e-07 0.0 0.0 0.0 8.582176426565397e-08 0.0 0.0 0.0 0.0 0.0 0.0 2.3740638280289389e-07 1.0268179428729732e-07 0.0 0.0 1.4365754196547984e-07 1.245127162622038e-07 0.0 1.0628980279801914e-07 0.0
3.2676195415812263e-06 2.0399808455503325e-07 4.2619243521510565e-06 8.638611970119683e-05 0.00013329673096903162 0.0 0.0014433148364840643 0.0029594179531741154 0.00011728255827898482 0.003457389846178863 4.6019868697865514e-05 0.0019933991953592555 2.9615646003795945e-06 0.0005716258753468396 0.0006500999691064528 2.5573608357411726e-07 2.0953028866243715e-06 1.985722415610094e-05 1.7837007827914432e-05 0.0004422851593635 1.8830410899379506e-06 0.0 3.4831389471567503e-06 0.0002948465715254895 3.7819063194494635e-06 5.0563588426565974e-05 1.6324021546292116e-05 0.00040704841459362947 0.00010133959598096177 1.2567574769638512e-05 1.4474133878149764e-06 0.00012583429535215226 7.088634681648381e-07 0.0003844258906520051 5.507141531352427e-06 0.000309918273153982 2.4047633487421467e-05 0.0005520909903154989 0.00027527328461158455 0.0012359394502694167 0.00012123664670621732 2.1923064373073976e-05 8.43479312868932e-06 6.749082801060532e-08 0.0 0.0 2.4506012749665743e-05 1.8835933512078502e-07 3.3318583831193547e-06 5.8204171636617706e-05 1.0272922369091123e-05 1.3215775272544268e-05 3.6434526749301414e-05 2.2337991563008871e-07 1.7399167823088496e-05 1.2952867345321566e-06 4.959147376454546e-06 4.982076749724516e-07 3.760266062550671e-07 0.0 1.7993529483252466e-07 5.1453118649075096e-08 2.909195104555488e-05 1.678335570240229e-06 1.0587144673990203e-07 0.0 4.913515489358084e-05 7.335996013982312e-08 5.548563168038817e-07 9.768719069680626e-07 5.7477754457698307e-05 1.8966029910619087e-06 1.104831188753007e-06 2.3368224846481337e-07 4.440370372580492e-07 0.0 4.351819347327062e-06 1.0755960025609978e-06 2.685178771419953e-05 1.334143178621881e-06 8.188868876392962e-06 4.404450692847886e-06 3.492516680092453e-05 2.3883719276006025e-06 3.138878970712273e-06 0.0
0.0008496408337460184 3.7634489294944543e-07 0.00038820601787957227 0.0007085776967696858 5.083150909293041e-07 0.0014433148364840643 0.0 0.0035657074313307966 0.00018952217444205758 0.002717796242682456 9.037524289287205e-06 1.380301388584464e-05 3.957119271752497e-07 0.004453477272510767 1.0278148726281916e-05 1.0941965209041106e-05 4.99091017771311e-05 6.07130843978527e-06 8.875186979930385e-06 9.388709783827378e-05 0.00023994512152393814 1.6588337234942091e-06 0.0006278840962154023 0.0014236834587712233 4.337508091480313e-07 5.227503091180538e-05 0.00016062381487049244 0.007988204940537803 0.0009252364649159644 0.004763632622009283 3.272559112089075e-07 6.189524898820645e-06 4.271955448990268e-05 0.00019350203802029003 2.185772921820693e-05 0.00065098102325357 4.496745947873381e-05 0.0005114180345933438 0.00018741014686397763 0.00019059338189507066 3.977923606569048e-05 2.2026389125691833e-06 1.564258055858996e-05 1.3467035415394295e-06 1.0380508894207616e-06 2.2329884858671573e-06 1.4975109442283964e-05 0.0 2.7042767201642773e-06 0.00015908769274019195 2.236483048006067e-05 4.725045438477785e-05 1.8741845014537413e-05 3.598262329000566e-07 4.748268848693785e-06 1.042310620475426e-07 1.5885448566556296e-05 3.816659576972182e-07 1.4148554643970584e-06 2.1170939063326083e-07 1.0921079543193038e-07 2.545152276842872e-07 1.555671890653596e-05 2.455814702046957e-06 1.7068743006868256e-06 2.565118240809631e-06 0.0001179764418629002 3.586410129968118e-07 1.0229162463438785e-06 1.1286107684217248e-05 0.0001875456749223728 5.981801232094923e-06 3.3385859641583575e-06 5.571248291947859e-08 4.1450412359469165e-07 8.256014874111383e-07 2.725448139908029e-06 3.557509093889759e-06 3.589842944941972e-05 2.9761319054230237e-06 1.305509546126123e-05 2.977178128569816e-06 1.9655797914520352e-05 1.112970729933845e-06 1.5341187981038983e-07 5.669009907032034e-07
0.0004387429918417495 9.30457390577206e-07 0.0001721519828747775 0.00011527815842168516 3.5199468509593296e-05 0.0029594179531741154 0.0035657074313307966 0.0 0.00014468750811418395 0.0010883307617036491 0.00017430646677829087 0.0005989253342064037 8.525676728100436e-06 0.0038496451834148324 0.00034183381025587606 1.0800102125287993e-06 0.00015961883020473546 7.80904277949086e-05 9.422443781189959e-05 0.00039983328093829486 6.485048541630245e-05 1.764231719319161e-06 0.00020680110311156597 0.0008641292171589106 8.913492847062148e-06 0.00026326951116299323 0.0001297555887540729 0.00045679412682009946 0.0007921381120230893 0.001274586859520727 4.681785490177171e-06 0.0002946710131010218 6.073179580038652e-06 0.0009591933046573615 1.025112210255863e-05 0.00032369930831827303 6.692525534358032e-05 0.0010861139505512942 0.00033692862547324244 0.000648721617087896 0.00018133734187201732 2.0837631916428666e-05 1.169795908890803e-05 1.0593516923124504e-06 3.161998463708073e-07 1.4146591672520994e-06 2.4212141305379972e-05 0.0 4.425559966790005e-06 0.00018001649126869767 3.2525067202374075e-05 3.179851089639329e-05 3.528605916466973e-05 3.3536309333096256e-07 1.2926975527970127e-05 1.7271996842723493e-06 1.452902949391195e-05 9.149704415657716e-07 1.3185299737809419e-06 0.0 4.965553311827521e-07 1.1063899542951591e-07 2.296993781388217e-05 2.6015733049100377e-06 1.2281588781563134e-06 7.569514667014665e-07 0.00012836920591691167 6.104089734817911e-07 1.9720614204789645e-06 1.0925899817120115e-05 0.0001713675720947518 8.593245980377298e-06 2.664739172180891e-06 5.317680969924081e-07 4.832350684949187e-07 1.0005858703803864e-06 5.645700207440445e-06 2.967128235002469e-06 3.0189402583245107e-05 2.778357734725519e-06 1.634176017422734e-05 4.997920965910238e-06 2.5900946944688643e-05 4.151305447812028e-06 3.982881184736261e-06 0.0
2.869489381645105e-06 0.0004520637603395566 4.821720311854418e-07 0.001017708741584169 1.4280615529358883e-05 0.00011728255827898482 0.00018952217444205758 0.00014468750811418395 0.0 8.13344061218399e-05 2.7590755772732895e-06 0.00023727111731859435 3.960599138873048e-05 3.178226446265692e-05 0.0006025063738136621 9.92703693414325e-05 2.1705763795563312e-06 6.67828837134498e-07 1.1360953916920555e-06 0.0010151364307233132 4.129397419098541e-05 0.0012629477395237332 1.4802560217238774e-05 0.003033323947224138 9.127307481381411e-05 1.858204578469863e-05 0.0007105382474914093 0.0005987647169173588 3.0299585878187452e-05 1.663942433668182e-05 2.228417084713132e-06 1.4143999521281175e-06 1.6409356891888765e-06 1.617126958858434e-05 2.357480382296462e-06 0.00013672283909480962 7.591074197593358e-06 5.1852135847788894e-05 1.704211351397706e-05 0.0003196260883149271 3.6737924261317053e-06 3.3902079580028003e-06 2.312487584439217e-06 2.5401966064364244e-06 5.251306990334874e-06 1.4608584102386193e-06 0.0001005602409262279 3.516081323219221e-07 7.400594255834769e-06 0.00017566960164661677 3.576282908143802e-05 0.0002012560580657635 9.785169173890812e-05 1.2194923982978863e-06 4.381233376559332e-05 1.2760429301657064e-06 2.6028999143544246e-05 9.430317303881391e-06 0.0002215132968614184 3.90834391468534e-07 7.167462410588007e-07 2.284262589666502e-07 9.389580322622054e-05 9.195643178597165e-05 5.269446708924363e-05 4.3191154847953376e-05 0.0007368362343684281 2.036526857472423e-06 2.5653083653615712e-06 3.129823205826658e-05 0.00037596330957129405 2.6829698600235684e-05 4.881106736616353e-05 8.918929260633779e-07 1.3064967281070043e-06 3.842884193126838e-06 6.062432299286915e-06 3.176525340438985e-06 6.570489459319762e-05 5.523235315270855e-06 2.3036053553221358e-05 6.962398127622307e-06 5.7315446418690706e-05 5.855477219327125e-06 6.951824152433715e-07 1.1722983157438232e-06
2.363011529003451e-05 1.4969687164384692e-07 1.9996050121392783e-06 0.002749155466745246 3.919332819394876e-07 0.003457389846178863 0.002717796242682456 0.0010883307617036491 8.13344061218399e-05 0.0 1.4872057654373757e-05 0.000771873125064364 1.0407103117896493e-06 0.000555227235958612 6.220695489729386e-06 6.129376324356552e-07 2.3852544785601464e-06 8.283315254024137e-06 1.4006588990929426e-05 0.0038024533812236706 2.325924122563779e-06 6.095319295752139e-08 2.0087203345844335e-06 0.00033443150355189397 6.196660580436794e-07 3.701334309349542e-05 1.3343080944776768e-05 0.002333378318734201 0.0002798372962548067 8.59878462058325e-06 3.9237798855106564e-07 7.50266303296984e-06 1.3252969310407665e-06 0.00014086229707800183 3.2604509024688174e-06 0.0002691284882908224 2.005291711085979e-05 0.000402792697061259 9.691857044733319e-05 9.571220060052832e-05 2.5387007747994547e-05 1.4623380227721053e-06 7.2741767806460284e-06 2.553012801375762e-07 0.0 0.0 2.4514728441354507e-05 0.0 1.5925244427181335e-06 5.388048175124179e-05 1.0218627188815798e-05 1.1794488786661247e-05 3.258113352593066e-05 0.0 9.05422575750776e-06 0.0 6.533190351761405e-06 4.3696480931898963e-07 0.0 0.0 4.720954540631342e-08 0.0 3.055306622408037e-05 6.530314907941335e-07 7.93314974693868e-08 0.0 4.987352705316951e-05 1.815560758713752e-07 3.1440089987735613e-07 5.648668824114934e-07 5.6100862409412406e-05 6.351634893631942e-07 1.2906363058482924e-07 5.806089636589565e-08 6.124396600624382e-08 0.0 4.869334362386901e-07 4.994117118734884e-07 1.5384126135512036e-05 1.3252884901766634e-07 3.6063932941862565e-06 8.208581078738563e-07 1.9460391717487796e-05 0.0 1.3853088735416658e-07 1.6314828866150728e-07
1.9168739168369465e-06 3.3269643701123406e-05 5.938042721188e-06 1.3882387848244407e-06 3.09492335187413e-06 4.6019868697865514e-05 9.037524289287205e-06 0.00017430646677829087 2.7590755772732895e-06 1.4872057654373757e-05 0.0 1.259381173580531e-05 0.0008258400234122463 0.00011126565424396681 2.5671730675859575e-06 7.946316577978965e-07 0.00014237709104137432 0.0017832088610168688 0.0006910562499899167 9.37923044827321e-06 7.044971491214243e-06 5.830519345703746e-06 1.8394393064282047e-05 8.144609912492954e-06 0.0006464040752356498 0.0017362665731068462 0.0003100879604531376 4.1057056268295496e-06 9.703058617713722e-05 6.33721520477509e-06 0.0002816975815617783 4.292316805424764e-05 1.713913059562103e-06 0.004214283446384448 4.642388555696649e-06 0.00021076760467644433 0.0019397341030464826 0.002161496788452017 0.00046207330998854906 1.735174971256893e-05 4.889114916909911e-06 0.0006379723517533944 2.047849661337957e-06 0.0 2.8885154609440027e-06 6.665894345089628e-07 0.0 0.0 0.0 2.7756720341948013e-07 7.706079402513623e-08 4.797672053545182e-07 0.0 7.42894591279534e-05 6.149713884214307e-08 0.00029860818870542977 4.7564844010865295e-07 0.0 0.0 0.0 4.590967656149205e-06 1.3836357533540453e-06 2.49356822103886e-07 0.0 5.121221715974823e-07 7.844258616153475e-08 9.164630218533143e-07 4.558396233622664e-05 5.492500999279196e-05 0.00010465849459723429 8.625109392971605e-07 0.0 1.1128182345513796e-07 7.440259426401642e-05 0.0 0.0 2.6937728586827716e-06 1.9464160242373634e-06 4.030852975401683e-06 0.00015024296099638328 9.304030722412608e-06 1.0878922904631108e-06 1.0317292179055583e-06 1.3313613275276822e-07 0.00010321834368256299 0.0
1.8522272884187372e-06 2.0337284286948659e-07 4.908511409703175e-07 0.00012822253440250222 3.205221546329606e-05 0.0019933991953592555 1.380301388584464e-05 0.0005989253342064037 0.00023727111731859435 0.000771873125064364 1.259381173580531e-05 0.0 1.9861193297499016e-06 0.0002177637219954103 0.0005619007861288343 1.6128408835242503e-07 9.350970666909039e-07 7.267270599802644e-06 9.3585926610198e-06 0.0012304007284057014 6.616879033898284e-07 4.6627806264520855e-06 9.496493866668424e-07 0.0002249407219116058 9.623606282204443e-07 2.324017110327096e-05 1.0233706027597873e-05 5.93504498908238e-05 8.168011113174911e-05 2.021838547405747e-06 4.031320355071899e-07 7.776351121222795e-06 1.1660293646399759e-07 8.686343156101461e-05 3.566387700529656e-06 0.0005292496132034147 1.0468845041797624e-05 0.00022585404207013028 4.8152668055280606e-05 0.0008024919453833286 1.1475001641180663e-05 9.071130491774219e-07 2.9696355915125646e-06 0.0 0.0 1.0022619296682009e-07 6.910522543483558e-05 0.0 7.4533099955183e-06 7.157183106978745e-05 1.2223333793583951e-05 1.8762712080562583e-05 0.00013282196176388292 8.433876862997397e-08 6.639090347347273e-05 7.169274710924213e-08 7.3070543372426535e-06 2.0081631120747986e-06 5.565943481534162e-07 0.0 1.1172766902836741e-07 0.0 0.00010141362519207224 1.1971621285087852e-06 1.312950881131925e-07 0.0 7.224201427096035e-05 4.6227229590826926e-08 3.1823569688775535e-07 3.9119669710029653e-07 7.314645747820025e-05 5.872315671816803e-07 8.56667332456817e-07 1.2368416992187735e-07 1.065659493591272e-06 0.0 7.67999703591268e-07 1.4967547364312619e-06 6.924381296622749e-05 2.1542905599469208e-07 4.663091123807035e-06 4.2097418829997205e-07 0.00010580125038570624 1.0550840753961827e-06 1.2913060876909622e-06 5.745012045854386e-07
3.881991961652832e-07 0.0004739783861891901 4.323168361592279e-06 1.9774098637413498e-07 7.009688326957088e-08 2.9615646003795945e-06 3.957119271752497e-07 8.525676728100436e-06 3.960599138873048e-05 1.0407103117896493e-06 0.0008258400234122463 1.9861193297499016e-06 0.0 4.1454131696655205e-06 2.131159358811432e-07 9.150183435902092e-06 3.456966491584842e-06 0.00012088036041439102 7.635569742167587e-06 6.311971615864899e-07 1.4008216760173662e-07 9.763086214180775e-05 2.257181353697255e-06 3.6278801479115396e-05 0.0017488990828745494 0.0005826321361428048 0.002187563650536916 5.169037594372826e-07 4.245089823287744e-06 4.442424943573058e-07 0.000909023540329034 1.6687701648984127e-06 0.0 0.0007216915975980137 6.110396903876494e-06 0.0001273268534589 0.0012819230701469366 0.0006477391466149304 5.1476366222169486e-05 6.8155989433334935e-06 6.5038048950230376e-06 0.0008066426336490568 6.015668232669571e-07 1.4042175191377492e-07 1.9139098352567956e-05 5.178846756812483e-07 0.0 0.0 0.0 6.556744030451835e-08 6.424331968438417e-07 6.854791279762107e-07 0.0 0.0001777044084886034 0.0 0.000803948473577195 9.937479500183474e-08 0.0 2.018246995925667e-07 2.846465691732959e-07 1.7022762420388268e-05 3.38743235189325e-06 0.0 2.1302379098787747e-07 1.3394268024184174e-06 1.7395859356665994e-07 5.229075641295643e-07 0.0002348870233357826 0.0002165642285668366 0.0003941680374037042 5.98475797171592e-08 1.2193459934645904e-07 7.24988216396637e-07 0.000277537103510437 1.727792084288244e-07 0.0 2.5352722140404135e-06 1.0167545217229612e-05 9.812584860157675e-06 0.00027058977051544816 1.7324107359420333e-05 1.7158539370860916e-06 4.454181995872633e-06 9.599457399528975e-08 0.00019603734242447542 5.526175139380885e-07
0.0028399641263261092 6.959583280422977e-07 9.7293147333972e-05 7.321269552078587e-05 1.7269110935899776e-05 0.0005716258753468396 0.004453477272510767 0.0038496451834148324 3.178226446265692e-05 0.000555227235958612 0.00011126565424396681 0.0002177637219954103 4.1454131696655205e-06 0.0 9.319810819883466e-05 9.311838019792733e-07 0.00029545411162831126 4.9558929204622516e-05 8.764156804260798e-05 0.0002983922394045702 4.2652112357328774e-05 2.1004395457590046e-06 0.00017483423757354096 0.00031474407745896914 3.0232591270672603e-06 0.0002481441624234051 0.00013974006576216417 0.00029447093957427273 0.003342727174853922 0.001909651898645866 2.8423583016252818e-06 5.212861393843363e-05 2.1081546432282205e-05 0.000979600156244195 8.852764734161825e-06 0.0002714089063009562 4.5866339577396656e-05 0.0009658928028594498 0.000192801952056614 0.00024408630299741437 9.019812471833609e-05 5.085490968745311e-06 8.001830596830684e-06 5.000196712638072e-07 4.988852365023334e-07 1.8389337092858648e-06 4.705322417444329e-06 0.0 6.304246560203006e-07 3.281880916698973e-05 3.917961181391166e-06 7.943113122855503e-06 4.619541380709931e-06 6.005037763052626e-08 1.6863440053523275e-06 3.6722457548179367e-07 4.517862929593693e-06 0.0 3.7473023624252563e-07 0.0 5.52137094122186e-08 0.0 4.6944409322620704e-06 7.585985645110176e-07 6.817459688148753e-07 5.253486967761814e-07 2.2644162007469843e-05 1.0006696033662012e-07 8.432969602824293e-07 7.975993676465618e-06 3.661030203496319e-05 2.4341417337834464e-06 6.091117058130329e-07 1.1141020277246686e-07 0.0 3.3919195905377867e-07 1.5125915300618149e-06 2.8934745096265343e-06 8.030828063386826e-06 1.2765398745777717e-06 2.7104365336461525e-06 1.357782216696754e-06 4.462043104364676e-06 1.931978527039436e-06 1.0570472109334612e-06 0.0
3.859357560146148e-07 2.698242269681798e-06 0.0 3.3767461556818444e-05 0.0004303211989420023 0.0006500999691064528 1.0278148726281916e-05 0.00034183381025587606 0.0006025063738136621 6.220695489729386e-06 2.5671730675859575e-06 0.0005619007861288343 2.131159358811432e-07 9.319810819883466e-05 0.0 0.0 2.6698439162587404e-07 1.5872359397257087e-06 1.163860545176333e-06 7.578723880921823e-05 1.1790629468192586e-07 1.6329961052738292e-05 0.0 0.00025448270920465555 7.089288329809686e-07 2.2158309986362526e-06 1.0232151451118066e-05 2.000110634377384e-05 1.089713626240008e-05 1.9876875930739604e-07 7.071267060818894e-08 0.00024535404535845656 0.0 2.1962171852033442e-05 3.774233882850645e-07 9.708666172338747e-05 1.4559691760444327e-06 3.448025417241862e-05 2.600938617564558e-05 0.000810347337450973 5.683802025731463e-05 9.866736372003326e-07 6.683922418893681e-07 0.0 0.0 0.0 2.3168512505706823e-06 0.0 4.633669683602256e-07 2.6553340660392955e-06 2.717421481409508e-07 3.604203703150801e-07 4.57489906934426e-06 0.0 2.087422367523168e-06 0.0 7.195123831692048e-08 3.306936546049583e-07 1.5110926420502104e-06 0.0 0.0 0.0 4.213818709361047e-06 1.6399978314866653e-07 9.946797268236062e-08 7.06092176596459e-07 3.1611828223823905e-06 0.0 0.0 6.669928344562417e-08 3.709031373581018e-06 0.0 2.983672396210189e-07 0.0 0.0 0.0 1.9059556084453646e-07 0.0 6.779229870837768e-06 0.0 0.0 1.319359567386854e-07 8.090514808205702e-06 5.626778656829718e-07 0.0 0.0
3.342036014131574e-07 5.624557656513669e-05 4.167770345010582e-06 1.806069752663539e-06 7.35767006812028e-08 2.5573608357411726e-07 1.0941965209041106e-05 1.0800102125287993e-06 9.92703693414325e-05 6.129376324356552e-07 7.946316577978965e-07 1.6128408835242503e-07 9.150183435902092e-06 9.311838019792733e-07 0.0 0.0 1.4357977824872364e-05 3.0785085689882385e-07 1.363875251312651e-06 0.0 0.0014426925443954974 0.0013658164625910123 0.0007033886080739622 0.001907268992035402 1.71407339544075e-05 7.696246587315261e-06 0.0024787374452232822 0.001204226227297276 4.815587365319634e-06 0.00020740593706563456 3.5552865550102597e-07 8.483988279994983e-08 1.8047905491196167e-06 5.776346377461456e-05 4.469137686356588e-05 0.0013555654705520834 0.00025597764353771417 0.00022351951859887997 0.00026960668359396695 9.205650761669603e-05 6.509698336261741e-06 4.4441415373477805e-06 2.935897174882256e-05 1.5327856772736643e-06 4.099219756618302e-06 7.741101628725991e-06 2.4193764714136697e-06 0.0 0.0 4.067989553614992e-05 2.6616123315329193e-06 4.274450909142436e-05 3.6904746237002477e-06 0.0 1.6788200391613251e-06 5.64796908661561e-07 2.4703412264719343e-06 3.7761226770096246e-07 0.0012254900672734464 6.186147916133033e-07 1.1690381538432214e-07 5.637432340029473e-07 2.4717473663266863e-06 0.00034529877262021207 0.0003117397549206673 0.000569075730397815 0.00017930932394125896 8.457175385321256e-08 1.598466521480238e-06 0.0004584425669345652 0.00011093458791242249 1.1862352373655043e-05 0.00013920778068999564 2.1783048907120478e-07 0.0 3.768580217170112e-06 6.6152082109383996e-06 1.1439471935160954e-05 0.00017219213358952247 4.92340136424324e-06 1.1668847398011354e-05 4.153503325276108e-06 6.786746380690841e-05 6.394545080805117e-07 8.195285438857277e-07 1.0326156823763026e-06
0.0002906163390949865 1.7948967637597017e-05 0.0037971602533350903 3.3913713928514073e-07 6.028828548463118e-08 2.0953028866243715e-06 4.99091017771311e-05 0.00015961883020473546 2.1705763795563312e-06 2.3852544785601464e-06 0.00014237709104137432 9.350970666909039e-07 3.456966491584842e-06 0.00029545411162831126 2.6698439162587404e-07 1.4357977824872364e-05 0.0 0.00015915333771193265 0.001965864158748777 1.214027858164794e-06 0.0003242991088098891 1.3021281128010739e-05 0.0033659368941669127 1.2995432060330103e-05 1.3135058498488002e-06 0.0022331513152224263 0.004918323620535083 1.5348332272433044e-05 0.0006533198376277108 0.0008209432282742244 1.502209846347968e-06 5.939329810593526e-07 5.559551093530899e-05 0.0006702001250765034 9.168663054913742e-06 0.00029197734489650606 0.0009995739351963259 0.0002685924125250378 6.394913107788735e-05 1.0916586464956984e-05 2.023239976978416e-06 1.1409523276364282e-05 1.8754325558443302e-06 0.0 1.1150794189788452e-05 5.337816757416566e-05 0.0 0.0 0.0 1.4491554634435953e-06 5.740910143032292e-08 1.5276083774777314e-07 0.0 5.123065434278615e-08 0.0 5.745131733349959e-07 3.1295109821726307e-07 0.0 2.782999003455085e-06 3.1842620608055874e-06 0.0 4.6512375879424786e-07 0.0 5.834733363856875e-07 3.2195406595639173e-06 6.152010943038128e-06 7.394528073687639e-07 2.578282933883762e-07 2.4952187864075066e-05 0.0002279230221775492 2.0116628806197653e-06 0.0 7.756647562437865e-07 5.7793650597049095e-08 0.0 0.0 1.4727516504993878e-06 1.0520220252574074e-06 3.5066266818980054e-06 9.554822068646915e-05 4.5514630415315365e-06 3.78844542163959e-07 1.3021526752812649e-06 3.4121654060692974e-07 5.030202898650359e-07 6.82537711250313e-07
1.7813164529615261e-06 1.901055452767207e-06 2.2629522407318197e-06 6.880232546084343e-07 3.250736848153163e-07 1.985722415610094e-05 6.07130843978527e-06 7.80904277949086e-05 6.67828837134498e-07 8.283315254024137e-06 0.0017832088610168688 7.267270599802644e-06 0.00012088036041439102 4.9558929204622516e-05 1.5872359397257087e-06 3.0785085689882385e-07 0.00015915333771193265 0.0 0.0013493823642282139 6.789624474044584e-06 2.433043803708123e-06 3.3063292285317203e-07 6.813343606219322e-06 3.0370900065330853e-06 8.15610230581794e-06 0.0018980919665309989 0.00022048979658835722 2.438803214256217e-06 3.804412438643604e-05 2.5300249260162227e-06 0.00015282376375744199 1.622445291063465e-05 9.961279551722653e-07 0.0009570471230169358 2.634586822640744e-06 0.00012387217081225333 0.00035821847606142996 0.0006473814655149526 0.00017917420238599898 1.0913833618776027e-05 9.96192890464723e-07 1.0288556442026047e-05 6.90970409577567e-07 0.0 8.419545781496139e-07 2.2080931779168685e-07 9.585814472866174e-08 0.0 0.0 1.3731545118439812e-07 1.0853982154041371e-07 5.965716077258837e-08 0.0 1.1843392252783646e-06 0.0 1.582896875648525e-05 5.154898929825138e-08 0.0 0.0 0.0 1.2153958765869846e-06 1.347104948303819e-06 7.13919309283306e-08 0.0 0.0 2.199726201537788e-07 2.1549938687666765e-07 3.1005034821365154e-06 3.128958218987428e-05 4.658804111242542e-05 3.108823239868149e-07 1.8142794268558958e-07 2.69538445563678e-07 6.712724476308864e-06 0.0 0.0 0.0 2.9329826183468967e-07 2.5288768237149317e-06 6.454085946836543e-06 4.842758719216496e-07 2.5093157654413633e-07 1.848323762794449e-07 0.0 2.0616379600467882e-07 0.0
1.4837563167973019e-05 4.882692601724035e-06 4.415451339479871e-05 8.886649591338632e-07 1.5927507968680286e-06 1.7837007827914432e-05 8.875186979930385e-06 9.422443781189959e-05 1.1360953916920555e-06 1.4006588990929426e-05 0.0006910562499899167 9.3585926610198e-06 7.635569742167587e-06 8.764156804260798e-05 1.163860545176333e-06 1.363875251312651e-06 0.001965864158748777 0.0013493823642282139 0.0 8.285507629724312e-06 2.1673544814584984e-05 2.108985903772076e-06 0.00012581845933552516 4.613468857055977e-06 5.138064690528347e-06 0.003764992872710327 0.0007100637622303652 5.156696756661372e-06 9.59449433793706e-05 3.437782502492137e-05 1.3147963836481001e-05 1.5845293247703614e-05 7.4948283763795405e-06 0.0018223869797582295 3.3206490265908544e-06 0.00033175474856594374 0.0008695693562306697 0.0008778982467166524 0.00014544343231469358 1.3296407020217585e-05 7.204729477128144e-07 4.525070621577642e-06 2.2438210536117086e-06 0.0 3.14244598625576e-06 4.8012711047981705e-06 0.0 0.0 0.0 6.833288069871851e-07 6.512407052504811e-08 4.1469936864795496e-07 0.0 0.0 0.0 1.5912154427791441e-06 5.0824127077074376e-08 0.0 1.65460626945448e-07 7.734552430316476e-07 5.774016573007547e-07 2.887841393516814e-06 6.617695370183619e-08 0.0 3.854202117796484e-07 4.257766731904108e-07 4.5655906156814496e-07 1.0327744034389817e-06 7.114092646789302e-05 0.0001139695990243752 1.9564363675411855e-07 6.382738681544161e-08 3.4111350318634515e-07 9.627058349491096e-07 0.0 0.0 2.59555726603222e-07 2.7016141511725227e-06 2.2568221995144682e-06 7.07077394447624e-05 1.912355921401712e-06 4.098488205410477e-07 5.880011915609802e-07 0.0 7.469780766091133e-07 0.0
1.5189394860127908e-05 2.625532564948875e-07 6.417813391688559e-07 0.0013883191748468079 1.4610479556575168e-06 0.0004422851593635 9.388709783827378e-05 0.00039983328093829486 0.0010151364307233132 0.0038024533812236706 9.37923044827321e-06 0.0012304007284057014 6.311971615864899e-07 0.0002983922394045702 7.578723880921823e-05 0.0 1.214027858164794e-06 6.789624474044584e-06 8.285507629724312e-06 0.0 2.0851614562534538e-06 3.4449019148132725e-07 1.700044681231737e-06 0.00026234250753366683 5.583033070241873e-07 2.2501259085511732e-05 1.1876975898038632e-05 0.002023160468517192 0.00023843968628297653 5.145136928119624e-06 3.1793298887223633e-07 5.879881060498714e-06 1.4586419715605065e-06 0.00010452318707270191 4.059964063034774e-06 0.0005255035269528144 2.2003709296024024e-05 0.00036033365181638446 0.00010819403527813858 0.00030955401150036644 3.215213003442461e-05 1.936448531649832e-06 1.2168735823249268e-05 5.080123780876764e-07 0.0 0.0 0.00014344591158307193 2.790274825615446e-07 1.5220962996914079e-05 0.0002135442397509765 4.100454577818855e-05 5.8450092216245346e-05 0.0001818796206980439 4.658281197056992e-07 6.744601521212395e-05 2.0449828176435758e-07 1.5055671467165003e-05 3.584464571118698e-06 3.145793452462609e-07 0.0 6.025239757517209e-07 5.4481303983155235e-08 0.00017691570992335319 8.786462711853221e-08 4.3169720337720357e-07 0.0 0.0002275997137964237 0.0 7.219224405019514e-07 7.099438987700425e-07 0.00022410210041785914 3.3920007174249076e-06 5.556230406918573e-07 2.912456212856004e-07 2.6975189469892943e-07 1.43782919443202e-07 1.5284487236538115e-06 6.329889220040979e-07 7.05133766572553e-05 7.265519817873949e-07 1.132924090035143e-05 3.7285846087323958e-06 0.00011843438636996903 2.7078327080494026e-06 2.703676723853301e-07 6.129977271410941e-07
4.44134214576154e-05 1.8344825071949348e-06 5.851077080844437e-05 5.251401316629269e-07 0.0 1.8830410899379506e-06 0.00023994512152393814 6.485048541630245e-05 4.129397419098541e-05 2.325924122563779e-06 7.044971491214243e-06 6.616879033898284e-07 1.4008216760173662e-07 4.2652112357328774e-05 1.1790629468192586e-07 0.0014426925443954974 0.0003242991088098891 2.433043803708123e-06 2.1673544814584984e-05 2.0851614562534538e-06 0.0 9.774257046779247e-05 0.007405283691923405 0.00019077069327321595 3.022769870646342e-06 3.329316047938678e-05 0.00041778283878968057 0.00145722518757825 7.057910280897028e-05 0.004890299171866506 0.0 5.099502296415148e-07 1.745373192379238e-05 0.001674176289343758 0.00012273020669865132 0.002720756109983843 0.00012223284174912654 0.0023175075716819443 0.0012752098495611324 0.00031353690154583826 1.8293771632317754e-05 7.32217900957898e-06 7.34306665268378e-05 2.0740720381781808e-06 2.867627164866695e-07 2.641925292518042e-06 5.224687936316781e-07 0.0 3.2312407686070296e-07 5.883136297838006e-05 2.2799224894237817e-06 3.430745102649069e-05 3.544421787468512e-06 1.2327370937758124e-07 3.124062305458811e-07 1.6081391822616364e-06 4.947967449536853e-06 3.746188013928161e-07 0.00020277678071062036 7.685262803107051e-07 1.1483762794813314e-07 1.9538375562713677e-07 1.4886714194166907e-06 0.00017752928081364092 5.482591607248992e-05 4.671321110125657e-05 0.00019019327938172965 0.0 3.1290040959766587e-07 1.4127069430639645e-05 0.00013949396603014273 1.732570991707276e-05 0.00010540799967261583 1.0638913859323658e-07 6.468163218455553e-08 4.365972760462915e-06 5.380810675162502e-06 2.669844662375144e-05 9.476284439031231e-05 1.99764328099963e-06 1.3028972478129526e-05 6.601606031111298e-06 4.816381841263034e-05 1.083308225599877e-06 2.9193658878020834e-06 2.2616665653761407e-06
8.204434437888891e-07 0.0010257299139022858 8.142521959789175e-05 7.507860887162691e-07 1.0004811920828464e-07 0.0 1.6588337234942091e-06 1.764231719319161e-06 0.0012629477395237332 6.095319295752139e-08 5.830519345703746e-06 4.6627806264520855e-06 9.763086214180775e-05 2.1004395457590046e-06 1.6329961052738292e-05 0.0013658164625910123 1.3021281128010739e-05 3.3063292285317203e-07 2.108985903772076e-06 3.4449019148132725e-07 9.774257046779247e-05 0.0 9.304955167876158e-05 0.0029978149802868783 0.00024780119818475286 3.492126300021204e-05 0.002767607725967582 2.6719645658489133e-05 1.527285361679446e-05 0.00018436652291919069 3.292728844017049e-06 0.0 7.140149748228631e-06 1.879121372236388e-05 3.457573538840618e-06 0.00028730102777356617 4.260223554230084e-05 3.1958313712030835e-05 2.5684462235330775e-05 6.098590862712803e-05 1.207380322964565e-06 1.1810374845209336e-05 3.0665589694301586e-06 1.3233238295890385e-07 1.265367879852326e-05 1.398310535355445e-05 8.433983616521673e-07 0.0 1.6802053977920473e-07 1.027632912886937e-05 1.2676732946007364e-07 2.4535713505737208e-05 0.0 7.556811673280823e-07 0.0 2.0736124574996123e-06 6.211261055325266e-07 0.0 0.0002655258957164931 2.452697011701066e-06 2.037056802815728e-07 4.184680238387236e-07 3.5599934588180436e-07 4.647114693478016e-05 8.866195470338515e-05 8.210947954463783e-05 3.3824776428476546e-05 3.476209702339923e-06 8.759496520662986e-06 0.000695996442385306 2.0471358962711075e-05 1.744079206947002e-06 1.4325748641500252e-05 1.3400798328378155e-06 0.0 6.199542491242513e-08 7.710751413555559e-07 1.053755558673641e-06 8.978227841530512e-06 3.964566034682745e-06 3.1139416273552717e-06 6.264328898246782e-07 3.725312593908845e-06 2.138327722835645e-07 2.3192517811648698e-07 0.0
0.00016030554538601775 4.974594635548095e-06 0.0046678196561973605 2.407544416558904e-06 0.0 3.4831389471567503e-06 0.0006278840962154023 0.00020680110311156597 1.4802560217238774e-05 2.0087203345844335e-06 1.8394393064282047e-05 9.496493866668424e-07 2.257181353697255e-06 0.00017483423757354096 0.0 0.0007033886080739622 0.0033659368941669127 6.813343606219322e-06 0.00012581845933552516 1.700044681231737e-06 0.007405283691923405 9.304955167876158e-05 0.0 0.00039092940750073084 1.6390399792161414e-06 0.000730704787093266 0.004348531588009209 0.0010080626326097906 0.0002320383850602212 0.003346410815408495 3.9770473362876943e-07 6.992315783496735e-07 2.6115036707260085e-05 0.0019086963382074897 0.0003503422205618202 0.0064001911217117 0.0034536167044058007 0.0036315781153102903 0.0029633010537556746 0.0007102332897756713 6.40214574351546e-05 8.507671240485068e-06 0.0001682584053903802 9.907738701888189e-07 3.4016608254975968e-06 6.898912204888234e-05 2.880930719566236e-07 0.0 0.0 2.221037217440692e-05 2.553753980670428e-06 1.5839300991889435e-05 8.218596267758306e-07 5.588636278956026e-08 0.0 4.4752685436689196e-07 1.590829966999549e-06 5.27761369859839e-07 0.0006655800657771127 1.0230020014692354e-06 7.097630644773354e-08 0.0 7.3678281582184e-07 0.00019810840784037308 0.00013748357506081666 0.0005643292097732123 7.813719378231719e-05 7.00511703680356e-08 1.157187359208403e-06 0.0007099524428404799 5.145394540010299e-05 5.505093789303661e-06 8.999292338353568e-05 5.307312751053487e-08 0.0 2.7175310533812624e-06 3.945947303088038e-06 7.865636650779963e-05 0.0001519381945877728 1.0928951751735075e-05 1.4089555243203906e-05 6.990811210329093e-06 4.9721657843828775e-05 1.88394640036314e-06 7.525557262516307e-07 1.860716553565977e-06
