0.0 8.815534622633407e-08 0.00011120403635862607 4.713784734770023e-06 7.914686929393703e-08 1.5278688554500043e-05 0.001575241426952573 0.00013028156130342523 6.722984296170732e-05 2.3972727880426898e-05 1.9066446155019027e-05 1.4723613915557736e-06 1.834652378647818e-06 0.001234192583911354 5.39777088875066e-07 1.7729539862445161e-06 0.00015672846458754082 1.2703682531732802e-05 8.708011013381052e-05 2.4116166106402377e-06 2.41756286882082e-05 1.6298081870691397e-06 4.370552148440377e-05 0.0001657452187190997 7.470680018694153e-07 6.134923263735697e-05 3.490134912627851e-05 0.00016716768786955466 0.0008687037937776477 0.002639752034284899 2.574176349259634e-07 7.544467588391133e-06 3.3790592757393384e-06 6.778674289415134e-05 1.0661843510200055e-07 4.410701781960236e-05 7.051914143794532e-06 6.704045292479855e-05 1.273917965508974e-05 1.966838516325792e-06 8.69055617213376e-07 2.1514734210499821e-07 0.0 5.671219296040452e-07 4.960109569356466e-07 2.7910049630242316e-07 9.728726384721888e-07 0.0 4.4784154777230364e-07 1.7921656442145633e-05 9.78775783926906e-06 1.386529892190194e-05 3.2018480320316652e-06 5.220648091515131e-08 1.3201157907147075e-07 6.839968239440173e-07 6.207612506202254e-06 0.0 2.655779494889719e-06 2.848423825302261e-07 0.0 2.5811565178263026e-07 1.0969793883187509e-07 4.656158846193185e-06 1.6683332774169434e-06 8.087261439435707e-07 4.28544965551202e-05 0.0 1.6841515525194306e-06 3.3538088572613273e-06 2.8221630791422717e-05 7.882814443362966e-06 4.2188802811395405e-06 0.0 0.0 1.5899895109741468e-06 1.743924197840516e-06 6.637862634023118e-07 2.3123339448844456e-05 1.0116631815537894e-06 6.215140432795503e-06 2.6777170574480916e-06 3.4402470872781867e-06 6.517342859342303e-07 0.0 2.3647597792149763e-07
8.815534622633407e-08 0.0 0.00012000831572460841 1.3395104662061518e-07 7.823640503557157e-08 2.909458418161365e-07 1.2699764207517363e-05 3.808743646202876e-07 0.00024400989431670907 4.822882871174504e-07 2.7874180943768105e-05 3.9494622870730094e-07 0.00016307010887218942 7.365656394099897e-07 7.0648281174163e-06 5.454321027902766e-05 8.599320440568429e-05 8.260025407051773e-06 4.923446739355501e-05 7.82364594279082e-08 4.5101404834655435e-06 0.001296642601478735 9.840329995331044e-06 0.00041025258564174663 0.0006816782637872212 0.00020657882786348928 0.004156620477526054 1.773169904783834e-05 1.3868664968994158e-06 1.943568708666932e-06 1.6181329667332207e-05 1.470905399356635e-07 5.2630750206676624e-08 9.644357715125434e-06 1.4879458838624977e-07 4.0418424275096716e-05 2.3857994081495464e-05 6.971750830400361e-05 6.964620589750623e-06 6.829691840878112e-06 1.6418234361118748e-07 5.854615131549972e-05 4.1818445708202103e-07 1.0565230028703895e-07 1.8092538054166074e-05 3.179453960937276e-05 0.0 0.0 0.0 3.650262145268769e-07 6.878449457835744e-08 1.9802938931361333e-07 0.0 2.1386536141610998e-06 0.0 5.8493887151511514e-06 0.0 0.0 4.680469582662642e-06 1.4923010170694139e-05 4.693997858802224e-06 4.392579244411087e-05 0.0 1.6230511902598856e-07 1.0989101449351753e-05 2.05456591724518e-06 2.315464951811387e-06 7.376519191911052e-06 0.00035268838190455424 0.0012691942375196385 9.240260311190445e-07 0.0 1.4241757644107096e-07 3.004331956797424e-06 0.0 0.0 1.6024042490663531e-06 0.0 1.9695105661550273e-05 2.7996733387266973e-05 2.160215941666198e-05 4.401554328528186e-06 2.40091137383037e-07 0.0 8.303180568004e-08 0.0
0.00011120403635862607 0.00012000831572460841 0.0 5.324702399342728e-07 0.0 1.2472480525430089e-05 0.0006489985526914605 0.00011601161527956841 1.6422863398268777e-05 1.0159014351478302e-05 2.1362599896379608e-05 4.89555434185159e-07 6.7700413562125215e-06 0.00023461142478355655 8.577224571380484e-08 1.8974656888507688e-05 0.002511679018255292 4.6968433612604496e-05 0.0003863127443380756 8.143745070811399e-07 0.0021480133061146777 2.370688953669145e-05 0.006416100991101543 5.52815259556089e-05 2.698821660295179e-06 0.0027072552709488037 0.010026373554413383 0.0001607521720787682 0.0001229474576092106 0.0007483149224683061 4.65325756348715e-06 5.686390769203954e-07 9.456611931358493e-06 0.00020683355353555153 6.145423345343137e-06 0.000763422058200286 0.0016497891351435262 0.0006553567950197507 0.0002270065346248787 1.9371282775235273e-05 2.5561713753069946e-06 2.1971257523101533e-06 2.740826559307378e-06 3.8228230572266046e-07 0.00016118772682828956 0.0004106510661394454 0.0 0.0 7.848814183513493e-07 5.563583261907597e-06 3.7391615152032146e-06 4.528869365027111e-06 9.300205697507456e-08 4.861197168554183e-06 0.0 1.9056841560740041e-06 2.1671547362486985e-06 1.210294308755444e-07 2.7622218216568903e-05 0.00021891679954435338 6.536142704772462e-06 0.00011771748944066432 5.818888552307656e-07 7.814348538298654e-06 8.235499789123551e-05 4.648200125947628e-05 3.801159294812632e-05 1.042751357285704e-06 0.0008256281428814132 0.002101734567748235 1.2604721563106555e-05 3.72455238627791e-06 1.0343246567070546e-05 9.970681447763805e-07 0.0 2.251811866537364e-06 3.863351864711452e-05 4.7239552223871705e-07 0.0001579071694453222 0.00021199609966049768 0.00012772283365600377 2.8945667641075862e-05 2.4236951451667052e-06 1.2379596925898917e-06 0.0 1.025023693596259e-06
4.713784734770023e-06 1.3395104662061518e-07 5.324702399342728e-07 0.0 1.9905208807930115e-06 4.035318379480351e-05 1.423310958439565e-05 3.67648717016818e-05 0.0007074481808575372 0.0029603747786968266 4.760820385534828e-06 0.0006767748546525623 1.2527751452463242e-06 3.235724555207687e-05 5.338258310868771e-05 6.858405428498185e-08 2.8605790167618954e-07 6.228945443546047e-07 2.9185407598869796e-07 0.0024148673424069255 6.872655767439944e-08 1.0212154232087123e-06 3.4423902722589917e-07 0.0009367408811680571 1.3065568690260988e-07 5.460280284492007e-07 1.5328292343974083e-06 0.004271017318266068 4.279256067670955e-05 2.080049483941693e-07 4.1340350666833165e-07 3.193539557276224e-06 1.7465161241316602e-06 1.3983114064837306e-05 2.8664020699541153e-06 0.00013042236026817856 1.5915563411573637e-06 4.68485103586801e-05 2.0133778827985717e-05 8.609254435744905e-05 6.776280152697495e-06 9.02423593345067e-07 1.5970955570059866e-06 7.581970501686412e-07 0.0 0.0 0.00012902386282222586 2.2586918217563873e-07 2.575050398301859e-05 0.00010442100066864703 6.528775919102798e-05 7.042086812443565e-05 8.638857357107083e-05 1.609474065269267e-06 9.309061482459235e-05 1.3702831119929623e-07 2.616796299590817e-05 1.0454972737212338e-05 6.853000371347996e-07 0.0 0.0 0.0 6.22664609182085e-05 4.793945286846573e-07 6.850636389741812e-08 1.811607891243672e-07 0.00011204979371645581 0.0 0.0 1.449299539398141e-07 0.00016440754952867697 8.049965688420077e-06 9.86950834733731e-07 0.0 6.61108564928912e-07 7.340848547934704e-07 1.8215440974686369e-06 2.0498667683731684e-07 5.9384067002672825e-05 5.530026308667486e-07 5.860831611765739e-06 1.7585723668654768e-06 0.00010529334431621102 8.645747810500353e-07 5.262734252678336e-07 8.357054364411698e-08
7.914686929393703e-08 7.823640503557157e-08 0.0 1.9905208807930115e-06 0.0 0.00041581816182073957 2.214793017842406e-06 2.5722464112478767e-05 3.076082028090124e-05 5.314279000958084e-06 1.7969472527755273e-06 6.955789236476675e-05 2.24368823054006e-06 5.170118335966771e-07 0.0006444013086781121 0.0 5.75547434004557e-08 8.346980903657802e-08 0.0 5.850625615018126e-06 4.970314614238187e-08 4.4458736758586295e-07 0.0 5.563070505349677e-06 0.0 1.8462871306319744e-07 4.353811699769245e-07 3.5512762649523205e-06 1.3498471858695955e-07 0.0 0.0 4.027932619950575e-06 0.0 3.0244867670071063e-05 6.203855935730727e-07 3.6882331617331675e-05 5.449548359175605e-07 6.976686210176554e-05 2.3158791639598595e-05 0.0005597895789340476 6.638013417739256e-05 2.083776582832128e-06 1.2924691631710264e-07 0.0 0.0 0.0 6.341294038794598e-07 0.0 9.225377253392213e-08 6.812436651688576e-08 4.318275055847012e-07 0.0 3.9240778821389665e-07 0.0 2.0506582675258168e-07 0.0 5.642432559792925e-07 3.976870494874225e-07 0.0 0.0 0.0 0.0 0.0 7.439000108731452e-08 8.10902984182699e-08 1.0647172083918469e-07 7.790537327451219e-08 0.0 6.946700961906934e-08 0.0 3.9228128070415887e-07 1.2504965006837014e-07 0.0 0.0 0.0 0.0 0.0 0.0 2.4660437312236325e-06 1.0770422399227771e-07 2.704330774518142e-07 0.0 1.605688449289949e-06 0.0 1.0462939800335804e-07 0.0
1.5278688554500043e-05 2.909458418161365e-07 1.2472480525430089e-05 4.035318379480351e-05 0.00041581816182073957 0.0 0.0010150065406006538 0.002369905126895538 3.176417889034974e-05 0.003745248768582503 8.416686493476733e-05 0.0020924320809222485 1.4181238459432325e-05 0.0005672803234743922 0.000949152206771181 6.67301277506626e-08 4.484419829638814e-06 4.055325208085773e-06 3.925865114603122e-06 0.00037239065123628436 2.4279320271673224e-06 2.6630945389425724e-07 4.349011875214726e-06 7.661167739643926e-05 1.2754590567852015e-06 8.808926479518881e-06 6.3727315175800065e-06 0.0002035577350305254 0.000153346833954879 9.770963783777239e-06 2.882016459915237e-06 0.0004151384084376054 8.415967248197596e-07 0.00021966565820540415 1.9038687710429206e-06 0.00020615544235224855 8.01412387629288e-06 0.00025445144527344436 8.565471600372158e-05 0.0015591985755601557 0.00011855447810564525 1.3678634507647914e-05 5.30586657338185e-06 4.1536826212133947e-07 9.39671311394708e-08 0.0 4.858906888564205e-06 0.0 1.2015483836322213e-06 2.1798561273944636e-05 1.5034883975235772e-05 7.933270606079792e-06 3.517611265868082e-06 1.0204865477663666e-06 3.7049357991181842e-06 0.0 5.572505014791846e-06 0.0 8.335509741158918e-07 6.104620562298601e-08 0.0 0.0 2.1982418558627427e-06 3.1694408693313303e-07 6.907484540427185e-08 4.392324148431464e-07 1.9259961460853505e-05 6.228662739376132e-08 4.2714704954573036e-07 8.224746954486391e-07 2.9706073147029334e-05 3.4035376357923713e-06 5.587829860746714e-07 0.0 0.0 2.3345239857912382e-07 8.526394026210257e-07 9.445460432622303e-08 6.357907026730295e-06 1.3006932708795758e-06 4.243223503432082e-06 9.539653681770757e-07 5.6319647274019045e-06 5.235889277523484e-08 3.8932331211791026e-07 0.0
0.001575241426952573 1.2699764207517363e-05 0.0006489985526914605 1.423310958439565e-05 2.214793017842406e-06 0.0010150065406006538 0.0 0.002488743134602004 0.0004758701673570029 0.007341422866736476 4.567946359457356e-05 1.7021883070078557e-05 1.58572597174259e-05 0.0037100179338154663 9.623433508995654e-06 1.651102824955595e-05 0.00013763788004270383 1.1778046922586598e-05 5.028171100032936e-05 2.2027624233616835e-05 0.0003574438409326487 2.0366628305643476e-05 0.0004994240484403313 0.0014635267808834245 2.4136143187838863e-06 0.0002646441932444723 0.000445939391933793 0.008930956243099258 0.0012534846767476304 0.003115614683097987 1.9756805345771567e-06 2.0701849201297217e-05 7.285680538001596e-05 0.0002010190206037155 3.094018230185338e-05 0.0014624881136653927 4.74620672346153e-05 0.0008216073431183832 0.0004194415528598684 9.391574264677627e-05 7.406415025071667e-05 9.176253993016606e-06 1.603247584115861e-05 5.469910175740241e-06 5.107302892677683e-06 8.659953053662307e-06 8.524831823455083e-05 0.0 1.4799193078171197e-05 0.00033580279475739424 0.0002202251669484272 0.00016097050924585992 7.577551191414711e-05 6.616993341489914e-06 1.695565743578333e-05 1.0920745548255688e-06 7.051499777987714e-05 3.6945004026906062e-06 1.7289044036003603e-05 2.991160104574744e-06 5.872541787790098e-07 4.166151824165401e-06 3.613898243765213e-05 9.708639290251759e-06 1.2292862797037802e-05 1.4670544083213179e-05 0.00035263332437678865 1.866991210975194e-07 2.386188547697155e-05 5.7682674004094264e-05 0.0003985482946007882 5.115062342971642e-05 2.6441659323468566e-05 3.6417572235240034e-07 5.850393318946233e-07 7.870926399864956e-06 1.4269586073503445e-05 1.9426830926410423e-06 0.0001290875060851504 6.683373830767676e-06 4.3394633394910094e-05 1.1750546587765127e-05 6.610719197691684e-05 4.7635952876465775e-06 4.257881961674065e-06 5.146712765035548e-06
0.00013028156130342523 3.808743646202876e-07 0.00011601161527956841 3.67648717016818e-05 2.5722464112478767e-05 0.002369905126895538 0.002488743134602004 0.0 0.00017151787425209348 0.0012379456821891455 6.539225044156155e-05 0.0003093186010708427 1.4970027550166511e-05 0.0022273645654423127 5.71269142302137e-05 1.511509786353114e-06 7.404955308357274e-05 1.1344235112036548e-05 4.35029734743836e-05 0.00020379217509421945 2.5174226757967353e-05 1.8401531345817107e-06 3.4697870032771674e-05 0.0005640125305722419 2.04174459643626e-06 6.821143432460165e-05 3.6114713003097e-05 0.00046107350746139923 0.00034669270414321195 0.00025835440127863665 2.1640326931788424e-06 0.000354003874759126 4.818115491648817e-06 0.00018024039730362557 2.739838255082523e-06 0.0002090216840463979 1.3358767707428095e-05 0.00024135577264131647 9.002880391105024e-05 0.00026930332804951716 5.9357055206221364e-05 1.243137371188696e-05 8.053788962027161e-06 2.395722544349276e-06 4.0753949151389406e-07 8.968875367846658e-07 1.374431644974373e-05 0.0 4.101803922117186e-06 0.00012503151072268244 8.366004037788904e-05 4.215621447235427e-05 2.0924381739971304e-05 2.9367768106166314e-06 2.2429017944074183e-06 5.813947008519906e-08 3.053114522160087e-05 3.4717479014069653e-07 3.603135663834396e-06 6.506752626062964e-08 1.861795201705658e-07 2.5732916579034673e-07 6.3309962368480565e-06 2.6512440442876535e-06 1.2075400983951087e-06 1.6671908162445361e-06 0.00014144285120867668 0.0 2.1248169425379085e-06 4.615134595684452e-06 0.00014838090797726077 2.3391617103039713e-05 1.0565460353053581e-05 0.0 6.844712157737971e-08 4.213785373625816e-06 6.869074109125107e-06 1.7548071661431937e-06 3.895152787198077e-05 2.1843950853957068e-06 1.7050783314067355e-05 6.079307900856645e-06 1.2258544414541844e-05 2.1536406474436015e-06 7.774040766312198e-07 2.1235922265543511e-07
6.722984296170732e-05 0.00024400989431670907 1.6422863398268777e-05 0.0007074481808575372 3.076082028090124e-05 3.176417889034974e-05 0.0004758701673570029 0.00017151787425209348 0.0 0.00011495924701267213 5.902318664003843e-06 0.00017153314619243554 1.0385883967369875e-05 0.00024466492427511723 0.0004658537276942302 0.00011073508153242899 4.9577187315340435e-06 1.6420813283108735e-06 2.195255852559628e-06 0.00019160505508818615 5.7669622173095175e-05 0.0011447566613201436 5.02881654533639e-05 0.003882602003414897 8.17938401493393e-05 1.1039904712232434e-05 0.00025701084089955453 0.0016317941494551104 0.00022922950277919586 0.00012950641646235783 1.5361230076722605e-06 4.122054615137975e-06 2.088166227070131e-05 2.8356292582706778e-05 5.591876242653485e-06 0.00030358118331401195 1.2684766563196514e-05 8.653736598829633e-05 5.3109069217557246e-05 0.0003296637050189116 8.05132038395753e-06 4.002117423177299e-07 1.8237866844447323e-06 4.654111020043976e-06 8.549321121353757e-07 2.806707926372949e-06 0.00015204708332585765 3.2509463807170674e-07 1.335457618410358e-05 0.00013540091193550146 4.634202095378239e-05 5.118837238674669e-05 6.718169468849943e-05 2.60436871040253e-06 5.8811572592395566e-05 1.3634818035600892e-07 2.9017743243704582e-05 1.719063727542852e-05 0.000296499052482102 1.3155012627204929e-06 2.046932211155168e-07 4.7055631789686033e-07 4.6185662576122236e-05 5.8994658258324765e-05 7.348552750119212e-05 0.0001402960241401789 0.0005845078094184923 3.7306694753768543e-07 2.595922817941151e-06 1.1930417607671262e-05 0.00031833357822289303 3.250499070831723e-05 5.1447879498753675e-05 0.0 8.73928245910546e-07 1.0818187686927634e-05 1.1700932663185682e-05 2.0819936156337077e-06 9.026416703082853e-05 4.93226306810625e-06 2.618410010982291e-05 1.071575684530383e-05 6.925609468066259e-05 5.471453766797609e-06 6.80564214229779e-08 6.315934019758171e-07
2.3972727880426898e-05 4.822882871174504e-07 1.0159014351478302e-05 0.0029603747786968266 5.314279000958084e-06 0.003745248768582503 0.007341422866736476 0.0012379456821891455 0.00011495924701267213 0.0 0.00013002596334599228 0.0021834059640574413 2.0689412166879665e-05 0.0007656024367153079 3.873399184055065e-05 7.722526282835122e-07 3.469334019364568e-06 9.10834987466904e-06 7.029340630568345e-06 0.0026345468948627735 2.422613295188143e-06 1.1265218607575556e-07 4.550416911867985e-06 0.00021016763456879194 1.3491107861540085e-06 1.4725134883935739e-05 1.59219720481299e-05 0.0037043266145792984 0.0005032298625832708 9.971614131291706e-06 5.0844746193445515e-06 9.028981117276832e-05 6.320182723026626e-06 0.0002808924599978636 1.1836430573469259e-05 0.0008241051637547041 2.0441320900365155e-05 0.0006766507135630199 0.00017820762627330697 0.00013095855632425067 7.321740063161954e-05 1.0713448760888976e-05 1.824832003170169e-05 1.1499923988022534e-06 0.0 7.366983748422775e-08 8.865752258636172e-05 4.880306447455046e-07 1.2946652864000482e-05 0.00013938060349345048 8.686183917125792e-05 4.468705614781985e-05 6.673075833008718e-05 1.952219234164306e-06 3.2416948221656816e-05 5.919443891770259e-07 4.173554396366446e-05 7.884197522634785e-06 2.111493204247732e-06 0.0 6.599584027081694e-08 1.76872529029057e-07 3.506392886314703e-05 1.2088012073846027e-06 1.917762196536747e-07 2.881541868646889e-07 9.920670846671968e-05 0.0 6.674438715499382e-07 1.9419089491764906e-07 0.000173037405534701 1.1413198430487144e-05 5.7277532720564415e-06 0.0 4.219997486136948e-07 1.0306880979404554e-06 1.8550335180900598e-06 8.823626343927165e-07 4.315929183262787e-05 1.693420255988608e-06 1.0061856937549913e-05 1.777854658723942e-06 6.236259419242753e-05 7.404705468490448e-07 1.3015251654076014e-06 3.64950953663685e-07
1.9066446155019027e-05 2.7874180943768105e-05 2.1362599896379608e-05 4.760820385534828e-06 1.7969472527755273e-06 8.416686493476733e-05 4.567946359457356e-05 6.539225044156155e-05 5.902318664003843e-06 0.00013002596334599228 0.0 6.625088721121579e-05 0.0007087435605002521 0.00012173295658807066 7.418550765831699e-07 6.257941408982016e-07 0.00013006869451868 0.0014380352030387996 0.0005732042627386777 4.7214853683639776e-05 1.566481754066534e-05 4.657795602257903e-06 3.679634749533571e-05 1.486370306938273e-05 0.00022710301298221246 0.0013230504976068213 0.00038384411697539215 2.4252191033101468e-05 0.0001667769388073768 2.6234502464920677e-05 0.00031487904670627606 8.409046434815066e-05 8.826320981080745e-06 0.004159703348141569 1.1454026451575899e-05 0.0007354995800344283 0.0027666085670281135 0.005617209543589417 0.0007315306757414656 2.228108503908568e-05 1.7903107916507125e-05 0.00016170401007200362 4.56255116681069e-06 0.0 5.563396981752538e-06 0.0 3.0160091529349727e-07 0.0 5.757740687407407e-08 2.9360259153433186e-06 1.951587943106666e-06 1.5078933985313044e-06 2.0573082746088128e-07 0.00014470455028351735 1.1331304390107775e-07 0.0003529109615333938 9.816929269850479e-07 1.2692962146657168e-07 3.2091453713789286e-07 1.9265600663415035e-07 0.0001450252306027208 4.0844675093045516e-05 9.490608791686929e-08 1.2284864603366977e-07 1.0994272247773238e-07 3.349604288841395e-07 3.7959813410792583e-06 0.0002245532223900527 0.0002746552993533542 0.00021940522281564855 2.711384866803059e-06 1.1053291196615667e-06 4.901524490052983e-07 0.00013171057769117563 1.0076905601882572e-07 0.0 2.617272576115063e-07 0.0 4.073557197520953e-06 0.0003744301740372152 3.4563758746327188e-06 2.7418902966378246e-06 4.1808452022875346e-07 0.0 2.0289861105612168e-05 6.17797406755076e-07
1.4723613915557736e-06 3.9494622870730094e-07 4.89555434185159e-07 0.0006767748546525623 6.955789236476675e-05 0.0020924320809222485 1.7021883070078557e-05 0.0003093186010708427 0.00017153314619243554 0.0021834059640574413 6.625088721121579e-05 0.0 1.2950174491306396e-05 0.00014699170057923673 0.0008315450518455279 0.0 3.547394632900671e-07 3.7972351841591105e-06 2.3807114877847385e-06 0.0028125403815434605 3.3755651618903946e-07 2.8100769287821296e-06 8.447642036215257e-07 6.524507511303842e-05 3.673554009020154e-06 3.5712364349047955e-06 3.144055236037017e-06 0.0001237187221780348 0.0001253423617936583 9.567455372800937e-07 2.2649788506459114e-06 5.39227677140146e-05 2.799405406155616e-07 0.00014771216523030888 3.937065004388184e-06 0.0005241342462599617 5.786685954652894e-06 0.0002741172515509739 5.970782111894348e-05 0.000921132828281307 4.060108906672273e-05 4.752843409408003e-06 7.810068505044268e-06 8.242342739422851e-07 0.0 1.6793668399691203e-07 4.3528349122151437e-05 9.913404050888099e-08 7.714756391932137e-06 2.21011688690074e-05 1.8930669638121565e-05 1.4869047796366148e-05 2.663277288128442e-05 6.150784244981329e-08 5.317658072295324e-05 2.1984665959325314e-06 1.0332092045026976e-05 1.0527574921117879e-05 6.527555156535578e-07 0.0 1.5655530511511396e-07 5.664069378056382e-08 2.3411355420248933e-05 1.9731074869595374e-07 0.0 0.0 3.724928433590079e-05 5.5390485921880114e-08 0.0 1.9057653321038112e-07 4.222073858744257e-05 1.7622078554628517e-06 9.810548006237654e-07 0.0 0.0 4.2128389107059554e-07 1.537510687629218e-06 0.0 4.255462026671134e-05 1.6411487898292037e-07 1.6147017988691743e-06 1.9920155776723953e-07 0.00011087297428743712 0.0 1.8038113390303222e-06 0.0
1.834652378647818e-06 0.00016307010887218942 6.7700413562125215e-06 1.2527751452463242e-06 2.24368823054006e-06 1.4181238459432325e-05 1.58572597174259e-05 1.4970027550166511e-05 1.0385883967369875e-05 2.0689412166879665e-05 0.0007087435605002521 1.2950174491306396e-05 0.0 1.726299861006723e-05 2.884832940435686e-06 6.735494539500572e-06 1.829211499611225e-06 1.3250379844286813e-05 6.6558671003139474e-06 7.425549060644571e-06 8.553170788842212e-06 3.2182987581083715e-05 1.8901527747111658e-05 1.802831955148683e-05 0.0023442508674236 9.645393183398699e-05 0.002044588683474437 9.608955864478896e-06 1.461012472207431e-05 6.018972902231972e-06 0.0003826800345137336 1.7147315682991436e-05 8.054694617096426e-08 0.0002633508905640686 4.410446905363037e-05 0.0014875156443774444 0.0026861896627520415 0.0027929287445396427 0.0005325754802534038 9.068134389253695e-05 6.615190002548327e-05 0.0006399276486498621 3.8641260050031164e-06 0.0 1.7754490261859412e-05 0.0 0.0 4.725727687331916e-07 0.0 1.5129986269909145e-06 8.203806131497753e-07 1.779949602234803e-07 3.931116658448412e-07 0.00035363952882955403 0.0 0.0007525294698604385 2.3876968916138137e-07 0.0 0.0 5.828291944800547e-07 0.00011296837868723047 1.7046256670491135e-05 6.697619414912667e-08 1.9350334858579393e-06 9.087990369778717e-08 2.56611150684559e-07 8.100296562922047e-07 0.0012678820257875907 0.00021238576636050242 0.00018881064305718243 1.721291968086878e-06 1.5634824708744177e-07 1.31637314468137e-07 0.00018784891335518614 1.2968273491478386e-07 0.0 1.3013364919897284e-06 1.2716533428374792e-06 8.04978312734104e-05 0.0008418998165020864 3.180729148929852e-05 7.792738240832028e-06 1.8704021399040294e-05 2.8125049845609285e-07 5.484580855940276e-05 0.0
0.001234192583911354 7.365656394099897e-07 0.00023461142478355655 3.235724555207687e-05 5.170118335966771e-07 0.0005672803234743922 0.0037100179338154663 0.0022273645654423127 0.00024466492427511723 0.0007656024367153079 0.00012173295658807066 0.00014699170057923673 1.726299861006723e-05 0.0 9.839688174823564e-06 4.837151186783536e-06 0.00021914342541005344 2.607216638758972e-05 0.0001301368313954343 0.00012171901352503686 4.913471606348248e-05 2.9955829313110104e-06 7.74988317509283e-05 0.0005887240806261566 2.2105915633837483e-06 0.00012721536416465676 7.20652742129452e-05 0.0006162650248296576 0.0026730481438799734 0.0013282194613747878 3.4432509176696493e-06 7.935406500674403e-05 4.295408413253044e-06 0.0003480394282434919 3.1677544666613034e-06 0.0002465968966191916 2.2376517504308114e-05 0.00033862852995262236 8.317205726298042e-05 6.979293848147417e-05 3.3436194438306306e-05 9.470073236933534e-06 8.224500811032115e-06 2.3649530805141624e-06 6.707689612126362e-07 1.199940518963671e-06 5.8764081355951395e-06 5.51086656274357e-08 1.6415119765266325e-06 9.085846463646177e-05 5.6137817549807354e-05 4.548205342575153e-05 7.997675592885363e-06 1.259978422112681e-06 1.4898549506281306e-06 5.670111006853567e-07 2.6276500963767923e-05 6.726203494379104e-08 9.047533345220395e-06 5.834833303191017e-07 2.0146660424569073e-07 9.637561066302738e-07 4.104394171311281e-06 8.572597941091353e-06 1.8883282186788476e-06 3.395703752305278e-06 0.00018017480646869373 7.369794019151452e-08 3.930906753888454e-06 7.245289788239184e-06 0.00011984270933976315 2.9009857125443486e-05 1.7081872001993773e-05 8.711897277393443e-08 3.531890323963609e-07 4.341785758099656e-06 8.313152881675132e-06 2.538329106964156e-06 6.351530353830681e-05 1.7477418055791937e-06 2.5492632652546954e-05 8.819850178616343e-06 1.6850409809948525e-05 3.922823680976231e-06 6.241595423961717e-07 5.398337430264173e-07
5.39777088875066e-07 7.0648281174163e-06 8.577224571380484e-08 5.338258310868771e-05 0.0006444013086781121 0.000949152206771181 9.623433508995654e-06 5.71269142302137e-05 0.0004658537276942302 3.873399184055065e-05 7.418550765831699e-07 0.0008315450518455279 2.884832940435686e-06 9.839688174823564e-06 0.0 0.0 1.5729054446085158e-07 0.0 7.682481511394613e-08 0.00011843359209376342 0.0 3.1652327182694885e-05 0.0 0.00024193750879459468 4.276253326939303e-06 2.9214256840977566e-07 9.949474918210467e-06 6.46331327829638e-05 2.7779224094203024e-06 2.862171896341689e-07 0.0 2.619517200990706e-05 7.974634536731119e-08 6.979217154046151e-07 0.0 0.0002623226476645584 9.756256431357274e-08 2.383978767458931e-06 2.907457142786969e-07 0.0007929235497619379 1.4473676740845872e-05 4.8110727446987935e-06 1.5782460105781798e-06 0.0 0.0 0.0 1.025981681345724e-05 0.0 7.042626606978779e-07 3.2421682371997485e-06 3.1976201111685167e-06 3.0763835316114057e-06 4.2199014564665324e-06 0.0 8.408461377696878e-06 0.0 9.536178691360853e-07 2.5523551228440395e-06 1.4886340602389193e-06 0.0 0.0 1.1231226116764837e-07 5.63840002980123e-06 3.6246907666773743e-07 1.8493854541103421e-06 8.313217857853997e-07 4.758224860284074e-06 0.0 0.0 1.6573435188265756e-07 5.934374905478671e-06 2.3425606348441006e-07 5.542555946038244e-07 0.0 0.0 0.0 2.1312429619784393e-07 0.0 1.6292866570273116e-05 1.5789047380369817e-07 0.0 1.0386301904486871e-07 3.149289219316409e-05 0.0 0.0 8.926616465687539e-07
1.7729539862445161e-06 5.454321027902766e-05 1.8974656888507688e-05 6.858405428498185e-08 0.0 6.67301277506626e-08 1.651102824955595e-05 1.511509786353114e-06 0.00011073508153242899 7.722526282835122e-07 6.257941408982016e-07 0.0 6.735494539500572e-06 4.837151186783536e-06 0.0 0.0 2.2106573785644057e-05 1.4738636761661251e-06 3.2786238351175644e-06 1.3595007377842867e-07 0.0012741078531949685 0.0016557722281544628 0.0013418675948402492 0.0015337761610799295 1.3726651912893702e-05 1.3759826043802838e-05 0.0016195186947305226 0.0012257598671685868 3.154818063906235e-05 0.00015959532822179865 4.31536479387273e-07 0.0 7.392097764518468e-06 5.86339050967024e-05 1.1700550126414478e-05 0.001556028995242471 0.0002185965707631329 0.0003075916938872148 0.0003046114990601463 5.681769060514759e-05 3.042608188606814e-06 3.5181992017006894e-06 9.41996762829394e-06 7.288841360541162e-07 5.180385814185616e-06 5.293999929642169e-05 0.0 0.0 4.7573468591853194e-07 2.1115520522233295e-06 1.0218914927575267e-06 3.3368526582138514e-06 5.88190252762564e-07 4.036384708605641e-06 0.0 1.1085729698367321e-06 8.788582131959709e-07 0.0 0.0009978448981438899 5.9736292928094304e-06 3.5365488009658644e-07 4.11934566826715e-06 0.0 9.556200921156405e-05 0.0005227720076567143 0.0007628959924494921 0.00010980106366078994 3.2518288057258725e-07 1.6155021766642468e-05 0.0006240082801453201 3.266186619845493e-05 4.647554073716352e-06 2.7617971489555346e-05 2.2953308623623647e-07 0.0 4.00874250497201e-06 1.3597727117059829e-05 1.4390808692360813e-06 0.00020004707062245045 1.7079683839083223e-05 4.518799232630954e-05 4.026719879346477e-05 4.928368431753438e-06 5.322917741449176e-07 1.7373509383445817e-06 2.211955786645511e-06
0.00015672846458754082 8.599320440568429e-05 0.002511679018255292 2.8605790167618954e-07 5.75547434004557e-08 4.484419829638814e-06 0.00013763788004270383 7.404955308357274e-05 4.9577187315340435e-06 3.469334019364568e-06 0.00013006869451868 3.547394632900671e-07 1.829211499611225e-06 0.00021914342541005344 1.5729054446085158e-07 2.2106573785644057e-05 0.0 0.00014696283208677442 0.0020215757025638863 6.392958917082607e-07 0.0008006411128120409 2.0666923460371758e-05 0.0027815410978067863 3.528532181890986e-05 2.922740437529305e-06 0.0011417171297071463 0.003051446571260797 6.343774225548682e-05 0.0004416132906773764 0.0012573091789098885 1.4658191084955804e-06 1.0773068314445768e-06 4.321163433064629e-05 0.0006977475122656301 1.94157466294062e-06 0.0003988464235353811 0.0009217578917019564 0.0008677072770578477 0.00015646339472140148 7.00807521224516e-06 3.0761192075185946e-06 3.100246859382773e-06 8.049208877980148e-07 2.075900663134167e-07 7.297042045549726e-05 3.705484882957968e-05 0.0 0.0 0.0 1.0709626860688394e-06 7.840379926479472e-07 1.2542942461541004e-06 0.0 1.4790751917843109e-06 5.539269153113266e-07 1.5389942794065293e-06 3.855905745552388e-07 0.0 5.551247329245856e-06 5.087524297943144e-05 5.003543559024619e-06 8.014186241639583e-05 0.0 2.682098196990985e-06 5.409922241017864e-06 2.637335348145303e-06 8.831364247603482e-06 1.0390330427576432e-06 0.0004861607526642986 0.0005046995041313576 3.085210696222161e-06 1.763900599372797e-06 1.854402666703808e-06 7.072108431962183e-07 6.861819000894587e-08 5.496293223975803e-07 8.631803387658194e-06 1.6426909032280924e-07 4.2267030726693766e-05 0.00013845210842477242 3.358081775998076e-05 6.07833542933446e-06 1.2122345106011338e-06 0.0 2.4039538091827946e-07 8.601054398005148e-07
1.2703682531732802e-05 8.260025407051773e-06 4.6968433612604496e-05 6.228945443546047e-07 8.346980903657802e-08 4.055325208085773e-06 1.1778046922586598e-05 1.1344235112036548e-05 1.6420813283108735e-06 9.10834987466904e-06 0.0014380352030387996 3.7972351841591105e-06 1.3250379844286813e-05 2.607216638758972e-05 0.0 1.4738636761661251e-06 0.00014696283208677442 0.0 0.000746045606984647 4.259117660376939e-06 8.446075958459364e-06 3.6661105945200313e-06 4.7262782560824914e-05 3.7819354040060646e-06 8.034308016663578e-05 0.001041204642063965 0.0004454373089835382 4.7662510433448195e-06 3.536123989110781e-05 2.459091231132096e-05 6.881954290147903e-05 2.3178382073109766e-06 3.127019859878108e-06 0.0006122506915313037 4.427482117438397e-06 0.000560817757704993 0.0008414796445852834 0.0013121471146726195 0.00014228098127417945 6.12196988195946e-06 4.865299737744748e-07 8.457683768106087e-07 1.4727439192615886e-06 0.0 3.163830760324151e-05 6.437423337840377e-07 0.0 0.0 0.0 1.6645324633122173e-07 6.729630664859672e-08 1.3658419323757595e-07 6.801676487684046e-08 1.8379083515150217e-05 0.0 6.860367082228198e-05 0.0 0.0 4.4813971296392164e-07 5.926109491323105e-07 0.00011917245740490687 8.158703883083281e-05 0.0 1.753577795082155e-07 1.8698385591467113e-07 0.0 1.1018314975069069e-06 7.26836325995974e-05 0.0003553054970692469 0.0002877633862884356 4.407479349220909e-07 4.994806123638613e-08 1.3373579348088267e-07 4.8569807095161824e-05 0.0 0.0 6.501054575525836e-08 9.473430785223146e-08 9.175326739656986e-07 2.162341357123878e-05 7.36576132598275e-07 3.261871081540066e-07 0.0 0.0 3.228038050929726e-07 0.0
8.708011013381052e-05 4.923446739355501e-05 0.0003863127443380756 2.9185407598869796e-07 0.0 3.925865114603122e-06 5.028171100032936e-05 4.35029734743836e-05 2.195255852559628e-06 7.029340630568345e-06 0.0005732042627386777 2.3807114877847385e-06 6.6558671003139474e-06 0.0001301368313954343 7.682481511394613e-08 3.2786238351175644e-06 0.0020215757025638863 0.000746045606984647 0.0 1.9159360599537788e-06 0.00011432529297421886 5.705492560093134e-06 0.0005294206382509769 9.694915759221565e-06 3.120184747061256e-05 0.001132623973728881 0.001098070684890919 1.663028296727016e-05 0.00027121751336066656 0.00029262134350493203 1.1491183066994287e-05 1.384594225305575e-06 3.0118528300644102e-05 0.0012819701712143319 5.551629693774661e-06 0.0006763066473130515 0.0005764307146002852 0.0015988227740219622 0.00012472891384291004 7.0673420813581956e-06 1.001416576394147e-06 1.3970906969490389e-06 2.4188053103603634e-06 1.4987222295871905e-07 5.197905320668919e-05 6.952920675747117e-06 0.0 0.0 0.0 4.3045086273939533e-07 0.0 2.2953837135828427e-07 5.132745996008398e-08 5.8351325018370315e-06 0.0 1.1976245200105619e-05 0.0 0.0 1.4175708757709928e-06 5.005522683119901e-06 5.098192468641909e-05 0.00017915559990859035 0.0 4.593110513049194e-07 1.0852921069354411e-06 1.29622343556633e-06 2.401512028404372e-06 1.1173355607719156e-05 0.0004866508917645179 0.00045562827620838816 5.345761344355863e-07 4.7257274606971797e-07 7.46160846478198e-07 1.1675323151033579e-05 0.0 6.984725737943837e-08 1.4466408691771914e-06 1.1234872216400562e-07 8.992463266423142e-06 7.236865645460166e-05 7.396913412710269e-06 1.22254903819121e-06 1.4123341900990061e-07 0.0 0.0 4.6373709625443985e-07
2.4116166106402377e-06 7.82364594279082e-08 8.143745070811399e-07 0.0024148673424069255 5.850625615018126e-06 0.00037239065123628436 2.2027624233616835e-05 0.00020379217509421945 0.00019160505508818615 0.0026345468948627735 4.7214853683639776e-05 0.0028125403815434605 7.425549060644571e-06 0.00012171901352503686 0.00011843359209376342 1.3595007377842867e-07 6.392958917082607e-07 4.259117660376939e-06 1.9159360599537788e-06 0.0 3.9996754792218674e-07 0.0 7.981416445230575e-07 0.00028748251671311135 1.0987928333564932e-06 2.7869446476138806e-06 2.2267089328802714e-06 0.0008960722472466368 0.00015638951752673172 1.0402624228840719e-06 2.3160133308171414e-06 3.2768658571184256e-05 1.264115172354158e-06 9.936676506547215e-05 6.282025855200089e-06 0.00039327115136938545 8.398786232024522e-06 0.00025919359027681344 6.649516192157682e-05 0.0001975767582758305 3.3430168120951897e-05 4.669852533961318e-06 1.0033703581932292e-05 1.4758536152710176e-06 1.7048563580938054e-07 0.0 8.629466781715059e-05 7.59570896341302e-08 1.1498233424338756e-05 0.00010384297131685228 6.985785717217085e-05 2.7699408802016273e-05 6.461067368401783e-05 1.766584181283948e-06 3.7990945240907384e-05 1.536782315315987e-07 2.66227947159044e-05 8.28155286498963e-06 1.112499384912252e-06 9.20857092789577e-08 0.0 1.4588562276265874e-07 3.5864629562859094e-05 1.4859393097679696e-06 8.082205717067866e-07 6.622294278109612e-07 8.062529326893768e-05 4.939841307610928e-08 0.0 9.86646255779079e-07 0.00013575400435350977 6.6202188886437845e-06 1.3280158334139882e-06 0.0 3.3198997725662183e-07 1.0757706830719449e-06 2.6218782880180404e-06 7.738345160786005e-08 4.316499653716086e-05 1.6441882970608367e-06 4.853505702335307e-06 1.82615390239495e-06 8.469813580554692e-05 1.6812532115322715e-07 3.99547090626924e-07 3.3204741556416026e-07
2.41756286882082e-05 4.5101404834655435e-06 0.0021480133061146777 6.872655767439944e-08 4.970314614238187e-08 2.4279320271673224e-06 0.0003574438409326487 2.5174226757967353e-05 5.7669622173095175e-05 2.422613295188143e-06 1.566481754066534e-05 3.3755651618903946e-07 8.553170788842212e-06 4.913471606348248e-05 0.0 0.0012741078531949685 0.0008006411128120409 8.446075958459364e-06 0.00011432529297421886 3.9996754792218674e-07 0.0 0.0001336979626769837 0.009823256078280817 0.00016058939781677292 4.1055228122974755e-06 0.00017624136491406573 0.0007147990114825678 0.002483803810864673 0.0001032460101184916 0.0037676754190321326 1.4915255613897399e-06 6.941068635443296e-07 3.355258312408135e-05 0.0015552598979997596 2.511646321598445e-05 0.004151238053448697 0.0005504475027636554 0.003060028570704247 0.0015931939630891567 0.00015221595518636453 1.0636166048421347e-05 2.396236792163761e-06 2.988718971518398e-05 1.3552453034641659e-06 3.691759065183286e-06 1.195919977042981e-05 1.2840033041893894e-06 0.0 9.75825852261672e-07 9.377221914721496e-06 3.970837922401098e-06 9.782012598847166e-06 7.305847396567129e-07 1.916109684825169e-06 4.19654138019225e-07 1.2825192364791328e-06 5.418657763606696e-06 0.0 0.00029796445009531514 5.0472758815940945e-06 1.078754329373803e-06 4.828728098309312e-06 9.57090348433113e-07 0.0001643379242872178 0.0001385867665355084 0.00015395364347504662 0.00022764273260558382 1.4152294488537527e-07 1.4761007953525752e-05 5.9386937979781936e-05 7.644381410130258e-05 1.9170703459579824e-05 7.047323743334333e-05 0.0 0.0 1.3388590658483706e-05 1.7334705609428312e-05 1.1562990542599315e-06 0.00010741128156642621 1.3014401470124775e-05 3.1487338169001806e-05 1.1505358349044117e-05 9.540918842989332e-06 2.368500471656888e-06 4.324663204623127e-06 1.4491256470977624e-06
1.6298081870691397e-06 0.001296642601478735 2.370688953669145e-05 1.0212154232087123e-06 4.4458736758586295e-07 2.6630945389425724e-07 2.0366628305643476e-05 1.8401531345817107e-06 0.0011447566613201436 1.1265218607575556e-07 4.657795602257903e-06 2.8100769287821296e-06 3.2182987581083715e-05 2.9955829313110104e-06 3.1652327182694885e-05 0.0016557722281544628 2.0666923460371758e-05 3.6661105945200313e-06 5.705492560093134e-06 0.0 0.0001336979626769837 0.0 0.0003850192633187979 0.0038523073210173383 0.00036490038163169297 3.5234408502201285e-05 0.0032746427379075245 0.00017999594634396292 1.3990953410221536e-05 4.517164222560243e-05 3.5230651129442794e-06 1.310415733352151e-07 3.1302890704802527e-06 5.408820143491971e-06 8.017168528133025e-07 0.00011129134249543054 1.5841860195325458e-05 3.151637555420216e-05 2.4151840825271283e-05 4.7867681445914536e-05 5.233570078941169e-07 2.3797252187398147e-06 1.903441691480667e-07 0.0 1.4021828422385986e-05 6.652616495517103e-05 8.471917381404312e-08 0.0 0.0 2.177956904735232e-06 7.25938609714884e-07 2.6697463273745957e-06 0.0 6.770483117172988e-07 0.0 6.57929414438232e-07 1.9760339759809302e-07 0.0 0.0004813742046309891 1.6588684274761017e-05 9.128876907956355e-07 5.510757070969825e-06 0.0 1.9260470527797916e-05 0.0001479403588010023 0.00036820793265766947 4.194783728547131e-05 1.3444506819143468e-06 2.8894933696695594e-05 0.0009764946323172342 1.0385418101538872e-05 2.0301185064317203e-06 8.874017122522597e-06 2.59915176914876e-07 8.729889355829593e-08 1.3247651751313473e-06 1.3581851276734355e-05 1.2660792705664309e-06 7.514534865894509e-05 1.8455437967999997e-05 3.944392429949944e-05 3.5520128074477915e-05 2.258171704102235e-06 1.4966158410221518e-07 0.0 1.0160343083740375e-06
4.370552148440377e-05 9.840329995331044e-06 0.006416100991101543 3.4423902722589917e-07 0.0 4.349011875214726e-06 0.0004994240484403313 3.4697870032771674e-05 5.02881654533639e-05 4.550416911867985e-06 3.679634749533571e-05 8.447642036215257e-07 1.8901527747111658e-05 7.74988317509283e-05 0.0 0.0013418675948402492 0.0027815410978067863 4.7262782560824914e-05 0.0005294206382509769 7.981416445230575e-07 0.009823256078280817 0.0003850192633187979 0.0 0.00025135339613642537 6.302003045421255e-06 0.0008282822734454199 0.009665549469258876 0.0013331550434768768 0.00010755561190831182 0.0017110635515025204 2.502338355021032e-06 7.568347125078827e-07 2.0611464054826602e-05 0.001436988294348305 5.812160965888116e-05 0.007393552034755948 0.0024000547706587365 0.0049954686338532645 0.0032527465660227017 0.000304454407170097 3.830945966632944e-05 1.5271006235259118e-05 5.719131987879269e-05 1.1500348429556463e-06 7.943546660157057e-06 0.0003059641407973592 7.859330760503573e-07 0.0 0.0 1.011296253116866e-05 3.9623342471473824e-06 5.319978152940032e-06 1.2971288911970255e-06 5.274763815971009e-06 0.0 5.568873270200313e-07 1.670750413934153e-06 0.0 0.0008991505530102253 5.4381519544107985e-05 1.3022771485276479e-06 1.0781335523548444e-05 0.0 5.348295989170706e-05 0.0004046601101541872 0.0008918133061007242 7.329959784581824e-05 3.5329945790521904e-07 4.4834795642724487e-05 0.0018284057283083082 2.5156798066289185e-05 5.475717650060695e-06 1.7117564353045154e-05 2.4862302866140815e-07 0.0 3.365493011085277e-06 4.1087708824114294e-05 3.944561138660637e-06 0.000337191796887805 4.0386596345455116e-05 0.00010565746441786648 8.115557928487307e-05 6.969145587958656e-06 2.0190979935076524e-06 6.244690175676642e-06 4.3826874218795865e-06
