0.0 5.871700713013487e-07 5.404660178960834e-06 8.015056327577962e-07 8.098301330642873e-07 4.280502790085505e-06 0.0006187225853402908 0.00023681677796911037 1.9314797419357836e-07 8.24184497071932e-06 2.8289462213870236e-05 2.1538567224142984e-06 1.913059591223892e-06 0.0017163235004993129 0.0 7.941607549642536e-08 8.940029740896501e-05 1.2760373075208828e-05 2.4299106256484703e-05 1.1396754279369465e-06 7.201609487447121e-06 1.2324173336957424e-06 1.0142707529776795e-05 1.7937837412916406e-05 4.459164030699538e-07 4.849768826197394e-05 3.5257002726008124e-05 1.2567376706676693e-05 0.0026714542664295535 0.0010495628911755858 5.534500248698482e-07 4.04470494728038e-06 3.533738522998662e-05 0.00012519459020680194 4.773021115848863e-07 9.864933003411576e-06 4.498434056331862e-06 9.446518644342627e-05 1.1998558016391045e-05 1.4030779866996788e-06 4.130148862809192e-06 2.0784337076211184e-07 3.282307210501744e-07 0.0 1.472459217076216e-07 1.9250212562008248e-07 1.3644107309776615e-07 0.0 0.0 1.132227934558527e-06 0.0 2.618951521610668e-07 0.0 3.807964294984385e-07 0.0 1.6558052070829476e-07 6.306803057552487e-07 0.0 1.9837952170564175e-07 1.9551481726590652e-07 0.0 1.8200513519156008e-07 0.0 4.370275227599879e-07 0.0 3.7714373975008744e-07 3.2597135371959613e-06 5.620112102453522e-08 1.1895555492942915e-06 2.88761285390531e-06 3.0438378011679626e-06 6.986720340410848e-07 0.0 0.0 0.0 0.0 7.378835663904223e-08 0.0 2.381170327249201e-06 1.163122306352387e-07 2.616187783501949e-07 2.8670071485431176e-07 1.3776103990330649e-06 0.0 0.0 0.0
5.871700713013487e-07 0.0 1.352328635427039e-05 5.992516290352385e-08 2.444963809368842e-07 2.04481025871191e-07 1.239408071359552e-06 1.280004428469936e-06 0.0001821677520373614 7.045664444845983e-07 0.00011261699834927965 2.4309901956115872e-06 0.0003491725886656638 2.5369847550388385e-06 5.0434814298774215e-06 3.6617493371004734e-05 3.208363070599335e-05 1.3306464929222845e-05 0.00010857167823030933 3.231132462953023e-07 2.3118324764389817e-06 0.0011210978468598571 4.572108945828872e-06 0.00033616036199088736 0.0009230978975021662 0.00026591016463887405 0.0026388388194224536 7.60118520506447e-06 2.7128554505033475e-06 1.600838120262697e-06 5.592685738255755e-06 1.2239342193511293e-07 6.062837922994759e-07 3.444601995874937e-05 6.011159334105045e-08 9.733061544266115e-05 0.00013574311904906265 0.0001279204910687046 5.003800396471054e-05 6.331500733142745e-06 6.734620346887167e-08 0.00012832408538570217 1.7099600382814222e-07 0.0 2.887331435967678e-05 3.0668526760078494e-05 7.298265994370433e-08 0.0 0.0 9.96988158166363e-07 0.0 5.708446405837268e-07 4.95584787655711e-08 1.044449444961324e-06 0.0 6.348944845516932e-06 1.1387291561556405e-07 0.0 3.368901764361233e-06 2.544675572399617e-05 2.212934462118927e-06 1.357110193736e-05 0.0 5.7562627697514567e-08 4.764768698981881e-06 1.868009974449718e-06 4.7790165535658e-06 8.939375877253956e-06 0.00016040162370984634 0.0006607644137346482 2.155906733536021e-06 3.306947520243522e-07 7.424269751081781e-08 1.5598827438212057e-06 0.0 0.0 3.1502998269376656e-06 2.0481520736298346e-07 2.0011951339978314e-05 1.2596698303520728e-05 2.0260155875870743e-05 8.72186857970782e-06 1.480010476327425e-07 0.0 1.067863246885948e-06 0.0
5.404660178960834e-06 1.352328635427039e-05 0.0 9.198321934978683e-06 6.149851299730067e-08 3.426389215792138e-05 0.00043310155828588906 9.58072426200545e-05 1.150513360655419e-06 1.7714820632398186e-05 2.1302012708999187e-05 1.955149517200896e-06 5.355652897594556e-06 6.142702717426011e-05 0.0 7.773670271830092e-06 0.0024036613264844416 9.144219388555592e-06 3.8013917646780974e-05 5.713234460225812e-07 0.0009607191857457884 2.502262843258897e-05 0.00617128789388512 3.9674230367504586e-05 2.8375426417571834e-06 0.004957918033741334 0.003079713928544484 0.00022336773623584546 1.4303962280235214e-05 0.00013208569980816624 7.650731304903835e-06 7.872080034638377e-07 2.9123291283560734e-06 0.00039289102813398963 9.880542494171088e-06 0.0008716007635177096 0.0002580306566010004 0.0013043458832081728 0.0006652327547546908 1.6630122293453862e-05 2.4244544082436126e-06 2.114300850235881e-06 5.2511058002949406e-06 7.743477427115342e-07 2.3540929638318994e-05 0.00023956674816373586 0.0 0.0 7.09006571059912e-07 4.468685074203969e-06 6.190908655670077e-07 9.970678136998076e-07 1.8535786641794612e-07 6.941646765653343e-07 0.0 9.135883118746953e-07 1.627764844336583e-06 1.8606997462228444e-07 9.961025876875888e-06 0.00011118903304564917 2.2471392063581545e-06 1.1914505480740818e-05 0.0 3.1991654819614737e-06 3.363259610914117e-05 8.029317224979417e-05 2.1393294564214617e-05 4.997700759428466e-07 0.00016994107808650805 0.0008756425413402907 1.160244575473385e-05 8.329383088231955e-07 1.9105763329206453e-06 6.702493605378481e-07 0.0 0.0 1.6005388926687134e-05 1.0927099380853917e-06 7.072616831386115e-05 3.707754629830969e-05 6.842016675730542e-05 2.515177548433094e-05 7.101281550985635e-07 0.0 0.0 5.739558075397258e-07
8.015056327577962e-07 5.992516290352385e-08 9.198321934978683e-06 0.0 9.623885261812407e-07 0.00023376600884912434 0.00042816937907620706 3.438375839731418e-05 0.0002885036776204226 0.0016425652706586527 5.358917323274754e-06 0.0027994429680326346 6.75036531261505e-07 3.364550770625266e-05 1.2310981016270838e-05 3.8203581520774395e-07 2.18236727867578e-06 1.0993008288150245e-07 1.313953465991701e-07 0.0024664977609065736 2.0490991110001155e-06 1.539725304134698e-06 2.2891435311082354e-06 0.0007310216097277939 1.1142430840254596e-06 3.5060446425878357e-06 7.74944334585441e-06 0.0017139954085242217 8.863915397354953e-05 2.0413470579480833e-06 4.309784481080364e-08 3.3654533192774405e-06 8.524521788012988e-06 3.927695940788353e-05 1.4271083242814386e-05 0.0003103231912060519 4.528488919821797e-06 0.00010465241547832309 3.587256180394234e-05 5.684399367750945e-05 2.901015764122695e-05 4.1231827192150737e-07 4.312268493545884e-06 0.0 8.384565141771307e-08 1.2226698167841913e-07 0.00011507206272253536 3.883643526887677e-07 1.2592266815531458e-05 9.31824900479573e-05 9.151601357420938e-06 4.8378527838482067e-05 5.074028602119803e-05 0.0 5.8462012299960594e-05 2.112660676794007e-07 3.5828509547730135e-06 1.2924376505483182e-05 7.759475913251877e-07 1.9274647038774014e-07 0.0 0.0 6.310994798878632e-05 0.0 2.870043451562337e-07 2.4152704981287614e-07 0.0001889163768310543 0.0 7.118712145572411e-08 9.992092308126175e-07 0.00018465939321993109 4.123600898386733e-07 1.1729667140715587e-07 0.0 1.9951030804758808e-07 0.0 1.1424167925648897e-06 6.195220940313359e-07 9.014191464994342e-05 6.132558130268654e-08 2.231337152831521e-06 1.0342520588270323e-06 9.47869486270534e-05 5.596514060209085e-07 7.433393591028892e-08 2.430259054332098e-07
8.098301330642873e-07 2.444963809368842e-07 6.149851299730067e-08 9.623885261812407e-07 0.0 8.950949224457244e-05 3.3848273100556737e-06 2.081222587519401e-05 7.644984495443914e-05 9.533943164448836e-06 1.6197645359188826e-05 1.608035762346194e-05 3.582038611546529e-06 2.5098206412493715e-05 0.0010617923862761033 0.0 5.262840561459011e-07 2.275772950075414e-07 9.849844924450465e-08 3.6039691248266334e-06 2.3711027941463352e-07 1.3459028346279381e-06 4.3682126318713326e-08 1.071647973689197e-05 5.930251929375418e-07 1.978044127916039e-06 2.8375593361675063e-06 2.367522705847943e-06 0.0003098049599880114 1.0336950223834714e-06 0.0 0.00012454684302216516 2.1443194948921936e-07 0.00032714631200102213 1.667770143905298e-07 5.351229745383742e-05 4.936043247694106e-06 0.00011297789161747137 2.557004480123556e-05 0.0007280139430690056 0.00024295693936154697 1.1705760295682522e-05 3.2052751067026123e-06 0.0 0.0 0.0 0.0 0.0 0.0 3.160700334110907e-07 0.0 0.0 0.0 0.0 0.0 0.0 0.0 9.085815694713901e-08 8.580743317125711e-08 0.0 0.0 0.0 0.0 8.35885430249144e-08 0.0 0.0 1.2403174044250668e-07 0.0 0.0 9.898960313835954e-08 1.0782346388247585e-07 0.0 0.0 0.0 0.0 0.0 0.0 0.0 2.1057843927774255e-07 4.4010763575126733e-07 1.7909900515139705e-07 2.573473175010808e-07 4.567281838784833e-07 0.0 1.2822235966660057e-06 0.0
4.280502790085505e-06 2.04481025871191e-07 3.426389215792138e-05 0.00023376600884912434 8.950949224457244e-05 0.0 0.0018293069651245965 0.00290031926778587 9.99906300526069e-05 0.0035637375838775817 3.871381143513155e-05 0.001393546718209821 7.639295534801037e-06 0.0005069613376878174 0.000452513580671506 1.0123335778631982e-07 2.5092622077011552e-05 5.800803235577521e-06 1.0202834434897337e-05 0.00017501442949966034 2.568185191021957e-05 7.592188551918524e-07 1.732849020203598e-05 0.00010070719321918745 2.9700486332331412e-06 4.212477116117788e-05 2.4552020337711243e-05 0.0002568752582342065 0.000428275358430504 4.191591741865013e-05 6.428164488403461e-07 0.00022712665635264568 9.236113737803978e-06 0.00021006081559073777 7.322758937756883e-06 0.00036694679404656314 1.3335738952901258e-05 0.00026675099156506314 0.00010281278228393605 0.0011372950291024676 0.0002562217083803005 2.443797341629116e-05 9.195467061310803e-06 0.0 2.967509288871941e-07 3.613999357368173e-07 1.6180910460254695e-05 2.968688105447557e-07 2.370083151517195e-06 4.1947099370039754e-05 4.7499323807174456e-06 7.876165605913816e-06 7.804562285914624e-06 3.612275753772587e-07 5.60426539337895e-06 6.98682516134904e-08 3.1500647720780116e-06 1.0157172525961928e-06 5.658226016365342e-07 0.0 0.0 1.0193383741782748e-07 7.28904233838022e-06 9.176155955477684e-08 1.1127735950269816e-07 4.128613144651074e-07 5.734307382447483e-05 0.0 2.895351080648998e-07 4.2560232578372594e-06 4.6840791793508186e-05 1.0962730882038372e-06 0.0 0.0 6.516599651469014e-08 0.0 4.1640558767331707e-07 6.581634339952334e-08 2.1024084706802445e-05 7.994007963241429e-07 4.909930283757642e-06 1.2007381455983752e-06 1.1112079686213758e-05 3.5115698372739504e-07 2.204420575668222e-06 0.0
0.0006187225853402908 1.239408071359552e-06 0.00043310155828588906 0.00042816937907620706 3.3848273100556737e-06 0.0018293069651245965 0.0 0.003429855703857901 0.00011426364833869423 0.004301552316361376 4.413072220320691e-05 4.8947552891180874e-05 4.040974026527322e-06 0.003921135094329659 7.557092410725629e-06 4.421863088482767e-06 0.0003276381466139334 2.31275480890057e-05 5.18563251731486e-05 4.3774177655599383e-05 0.00043206146207125 4.1915982905074195e-06 0.00034749929073702015 0.001115456319138893 1.5650471442286408e-06 0.000319078256310262 0.00016937522611444074 0.00928304178031442 0.0009607556140765481 0.004067021948123221 9.313813004783076e-07 2.3740616359396132e-05 7.922521117130221e-05 0.00028600592839380545 7.27376416405764e-05 0.0010644128395252452 4.7145387228886106e-05 0.0006751391831794828 0.00027735679654096224 0.00015231649212072869 9.77805530008835e-05 2.020117241406808e-06 2.09509339867477e-05 8.73463972742706e-07 9.34829322774159e-07 5.1739099823400885e-06 4.8879105229902914e-05 5.590548179559023e-08 1.3073395051334158e-05 0.0001708885442894545 1.564860768639279e-05 4.893621165417637e-05 3.510188941012746e-05 9.558596672030397e-07 9.8501003645449e-06 1.6074845447597294e-07 1.0070818435600621e-05 3.837648411538971e-06 1.1345154816576052e-05 1.085109814451332e-06 0.0 4.962392024461398e-07 2.5650931070377037e-05 1.9136601367363836e-06 3.120390657695797e-06 1.4639821912588448e-05 0.00023342418131359492 1.0860543874630728e-07 2.232614581837725e-06 3.261497254380752e-05 0.0002124373883390882 7.430957665930543e-06 4.564713542971918e-06 1.5316961878608266e-07 5.794106861161034e-08 0.0 3.397048376383428e-06 6.995260732999233e-07 6.657320788579159e-05 6.517104026056052e-07 9.3773347523325e-06 4.153636481222993e-06 1.9467815771474614e-05 1.4933305970481404e-06 0.0 2.3615817620686047e-07
0.00023681677796911037 1.280004428469936e-06 9.58072426200545e-05 3.438375839731418e-05 2.081222587519401e-05 0.00290031926778587 0.003429855703857901 0.0 1.1598163091908747e-05 0.0016339186990419897 0.00010435510022275703 0.0006616218153345686 6.2268392012404e-06 0.0033269864717622175 5.8316610583060995e-05 6.276953162418182e-07 0.0002346942691480659 5.9215175536809685e-05 0.00010631741252565146 0.00012477875146349064 5.579098469642648e-05 2.299953175123657e-06 5.704963639894907e-05 0.00014155749523254963 3.4477849023267408e-06 0.0002743188245682494 0.00015493991956115144 0.00013522736680431248 0.000522295649096186 0.0006545258024716824 7.751144096047774e-07 7.476500767264712e-05 9.099471634753565e-06 0.00032124114345553293 4.898533634870546e-06 0.00026708964121312874 2.3694335005184594e-05 0.00028269891905510894 0.00010586561662017407 0.0006563502403246649 0.0001284484388563412 2.3431678929952046e-05 8.460816615248438e-06 0.0 3.829665314399375e-07 2.7649926843222502e-06 7.63543875655304e-06 0.0 3.7393984739991296e-06 6.364007714128279e-05 3.5111861362684426e-06 9.516909998144499e-06 1.0865128537548395e-05 2.2800149224178607e-07 3.3161252332774705e-06 2.9890450020108586e-07 3.1646765213855116e-06 3.1141634179201226e-07 2.4515667095613417e-06 6.695606542173855e-07 0.0 5.809206104009136e-07 3.6241617701792643e-06 9.668667036712535e-07 1.104189891432488e-06 1.0220814870914874e-06 6.812501552848475e-05 0.0 2.6064056360682313e-06 1.8245651612876886e-05 5.656508495202755e-05 2.165701351309552e-06 7.590072250694759e-07 0.0 0.0 4.689120105873168e-07 1.6497828023513888e-06 5.101255542959098e-07 1.987254044440839e-05 1.221984012845811e-06 5.398930453942629e-06 1.3501482502163203e-06 4.305132324448134e-06 1.0922285844921901e-06 1.4482884457186919e-06 3.393224865071268e-07
1.9314797419357836e-07 0.0001821677520373614 1.150513360655419e-06 0.0002885036776204226 7.644984495443914e-05 9.99906300526069e-05 0.00011426364833869423 1.1598163091908747e-05 0.0 0.00010221356582247796 1.0312199852107838e-05 0.00057245909553424 2.2821992665996244e-05 1.0070070523732802e-05 0.0007077242406807239 6.8392179959124966e-06 2.189243379865143e-06 1.6219633405909028e-06 1.0842412213841786e-06 0.00021792567476918757 2.5435924277835028e-06 0.0015086380063950651 2.141390435271801e-06 0.004890456309919832 9.701168851686499e-05 4.876847226397377e-06 0.0003804606425170509 0.00038885973885750466 7.706881180982791e-06 4.438806996634933e-05 1.9201154839374368e-06 6.300297608075963e-07 2.0407025501075176e-06 5.979857550900877e-06 6.126789207856738e-07 8.198288847776429e-05 9.270742797353361e-06 1.6646492082625196e-05 3.5596383770549546e-06 0.0004454797358310798 3.3575267309837384e-06 3.206074579654745e-06 7.429040398795628e-07 6.029654821057363e-07 3.6716108037417343e-07 6.831649531858312e-07 9.97587355594746e-05 7.231234032799918e-07 1.1153979087185333e-05 0.00014566984740831297 1.6776086638262777e-05 4.99730770909611e-05 3.530259405982857e-05 1.888686803408526e-06 8.050762460737161e-05 4.327270990324577e-07 1.501222847343224e-05 2.127635172822517e-05 5.756580061055445e-05 6.973290157705033e-07 1.8861694821092669e-07 2.858783656465547e-07 6.050677745748325e-05 1.254536568847836e-05 7.702387969763016e-06 2.784448623591952e-06 0.0008053912227203779 0.0 1.7565148715395484e-06 7.81264913369141e-06 0.0003499765197223816 8.813546899553901e-06 5.003710377681481e-06 2.4783643233393734e-07 7.17384533092001e-07 1.5272528770448037e-07 5.439614183418609e-06 9.992547738343461e-07 4.615522733212045e-05 1.036288171271303e-06 1.0644215492691616e-05 3.881448423324147e-06 7.235903957571483e-05 2.073639033363732e-06 1.6541645994264314e-07 3.296445048807366e-07
8.24184497071932e-06 7.045664444845983e-07 1.7714820632398186e-05 0.0016425652706586527 9.533943164448836e-06 0.0035637375838775817 0.004301552316361376 0.0016339186990419897 0.00010221356582247796 0.0 8.558312492593479e-05 0.001433243727732653 1.328865023369602e-05 0.000808864334361044 9.26570780052711e-06 1.6369337435750753e-07 5.238959514108153e-06 3.4353996419218218e-06 2.3337550824419165e-06 0.0026709579022532776 9.024741923623597e-06 7.726356419950667e-07 7.379736682140231e-06 0.000394228263850105 1.8736506968929653e-06 2.444119380727418e-05 2.2209994094803623e-05 0.0024834175709193035 0.0006233344104444438 8.011429526925426e-06 1.8711284125965233e-06 4.775407741968825e-05 1.2894818471148653e-05 0.0003355044032131778 4.2759971866083746e-05 0.0007308298496902327 2.5655650286509188e-05 0.000832737968334841 0.00010839515046144194 0.00015839369862902242 0.00025615380399390906 5.424985217881436e-06 2.99932003334098e-05 3.09971404965321e-07 1.0773582489385472e-07 2.800846625288329e-07 8.127896754666994e-05 9.104542534274708e-08 1.157871779851558e-05 9.083595231872595e-05 9.076474092314815e-06 3.2212302022270165e-05 4.625249890027557e-05 4.676536603630674e-07 4.834579113585918e-05 4.996096107791446e-07 7.072745486518372e-06 8.241329268462577e-06 1.1785818711755203e-06 0.0 1.2752059034142754e-07 6.124266535052463e-08 3.9225764694079066e-05 7.735933785664875e-08 0.0 2.62165667883169e-07 0.00015453223289684466 0.0 3.2112113426810926e-07 2.5665119030002634e-06 0.00017157092370645463 1.7397839148172974e-06 8.68627968107401e-07 2.6990248914262016e-07 5.951814114371912e-07 2.642952621692295e-07 2.1632238406369632e-06 6.018245717066058e-07 7.311610360265568e-05 1.7802941260280055e-07 3.589593576857799e-06 1.8074906764130263e-06 5.850465747981582e-05 1.4646065976277057e-07 2.031605067750969e-07 0.0
2.8289462213870236e-05 0.00011261699834927965 2.1302012708999187e-05 5.358917323274754e-06 1.6197645359188826e-05 3.871381143513155e-05 4.413072220320691e-05 0.00010435510022275703 1.0312199852107838e-05 8.558312492593479e-05 0.0 2.8101166755895063e-05 0.0014068217958155553 0.00016524138456842932 1.387233776263746e-06 1.4808124631538022e-06 0.0004590287711555317 0.001182509361255147 0.0007160420861564753 1.8448792701877894e-05 4.2003913232675765e-05 5.960792875208369e-05 4.403991227074736e-05 2.842752291139237e-05 0.0009479696235334434 0.002707058259053737 0.001324134622751934 1.91616098187531e-05 0.0002152331172763232 4.4619221868647634e-05 0.000315357180262018 9.213939575261423e-05 1.738768685941907e-05 0.002858597413677306 2.3533561789047314e-06 0.0003258072461616034 0.001628580074427689 0.0032649574295559964 0.00036552013472345606 1.720011484874464e-05 1.245063452736765e-05 0.00024749698276346944 3.7556727702292795e-06 9.121492902702793e-08 1.2601535477488451e-05 6.849019945819238e-07 2.777974864166508e-07 0.0 2.1516614550680523e-07 1.7956278600185043e-06 1.1701611542367741e-07 7.108389720856762e-07 0.0 0.00015634018840003216 2.70148224158913e-07 0.0009788489076711297 8.080457965522961e-07 0.0 2.8797695167470025e-07 5.474173627695928e-07 5.761266723277908e-05 2.1728179495154186e-05 7.120989106213798e-08 1.2296924006639975e-07 2.6372011326173775e-06 2.768723273700976e-07 2.429300647394212e-06 4.836008329176331e-05 0.00019743605436816272 0.0004001392756944036 1.1289723836161898e-06 3.1054377985067304e-07 3.6977939466675214e-07 0.00015667917574139573 0.0 1.7242980343015053e-07 6.9477611286665466e-06 1.0956633594325532e-06 8.389981043870195e-06 0.00036346410350519555 3.289079822725375e-05 4.14491619427012e-06 3.1853944255259136e-07 0.0 8.932466623395767e-05 0.0
2.1538567224142984e-06 2.4309901956115872e-06 1.955149517200896e-06 0.0027994429680326346 1.608035762346194e-05 0.001393546718209821 4.8947552891180874e-05 0.0006616218153345686 0.00057245909553424 0.001433243727732653 2.8101166755895063e-05 0.0 4.635840944678735e-06 0.00034506458764818095 0.0002942669376791465 1.4242028489912492e-07 8.193323834542911e-07 1.114133456255001e-06 5.78344837716571e-07 0.0019738888734558368 2.738722850824035e-07 1.8044331475347125e-05 4.539055220810359e-07 0.0014346774878630265 2.572706264347941e-06 5.430650450598565e-06 1.0933113215559645e-05 0.000817673385013685 0.00020512149654779589 1.7746632191210126e-06 4.778601421514436e-07 4.140630342252736e-05 1.4968124690415826e-06 0.00011734907977373873 1.9929957073145813e-06 0.0005691606644562194 1.11949496382859e-05 0.00016451904649565437 3.728413445738145e-05 0.0009326271692521825 5.2230938420421977e-05 4.724347383696916e-06 4.012697192010365e-06 0.0 0.0 0.0 6.440801037582304e-05 9.248428202177714e-07 3.998794046718862e-06 2.1238489685468145e-05 1.5809911668987777e-06 1.8523719729282647e-05 2.744759059391425e-05 1.4061062681747185e-07 9.571815296221162e-05 2.0289518258419946e-07 3.84247498914586e-07 1.845265299193203e-05 5.432109122319991e-07 1.002567557313648e-07 0.0 0.0 4.73809955788978e-05 2.2030634797018715e-07 6.111244285576306e-08 1.7864557079790964e-07 7.716380189617691e-05 0.0 2.792100971058989e-07 1.3339365570726568e-07 6.82008816974093e-05 6.015879666245008e-07 1.583903033142899e-07 4.7134681206005254e-08 4.169375463168394e-07 0.0 1.5651672007683138e-06 0.0 8.905777491670964e-05 1.6036735114051826e-07 1.0468168631776084e-06 2.9099095358225167e-07 0.0001641468599216604 2.0442824212985885e-07 4.494846723504966e-07 6.336607626772388e-07
1.913059591223892e-06 0.0003491725886656638 5.355652897594556e-06 6.75036531261505e-07 3.582038611546529e-06 7.639295534801037e-06 4.040974026527322e-06 6.2268392012404e-06 2.2821992665996244e-05 1.328865023369602e-05 0.0014068217958155553 4.635840944678735e-06 0.0 1.0508709763639997e-05 1.728740004384598e-06 1.8126270699760378e-06 3.025995944372599e-06 8.203968720002133e-05 1.5136856912397863e-05 3.5047977609626015e-06 1.0850918935750898e-06 0.0001263364729572548 1.7143521574764673e-06 3.329916886341783e-05 0.003293895487387061 0.00048104864166872947 0.0031136976096529444 3.440687629719573e-06 1.4298306946850144e-05 1.39830149232376e-06 0.0003979947535964829 1.0698839850847643e-05 2.1657455117004454e-07 0.00037420894834406165 8.003789676460505e-07 0.00020569416014398707 0.0014608932250766518 0.001588877956708584 0.00014790716382246158 4.11246295382169e-06 3.601443908438687e-05 0.00035671590543784673 2.484224807907289e-06 0.0 1.2520827263012586e-05 4.387198933725371e-07 0.0 0.0 4.691327744527817e-08 8.382720872211987e-08 2.204712314583188e-07 6.81381290849206e-07 9.560803091836922e-08 0.00020317715286571005 2.9509727193800904e-07 0.0010323673127500357 4.167871595035173e-07 0.0 1.692422261238224e-07 7.366619682458461e-07 1.759855843166931e-05 4.885761873918348e-06 0.0 0.0 1.8064419985363634e-06 4.3873976821466957e-07 3.6855706521330503e-07 7.300197295017873e-05 6.86442742469159e-05 0.0002422738900922832 9.993464083594558e-08 3.9931192460440013e-07 6.006680829049603e-08 8.397247922621061e-05 3.318553315849953e-07 0.0 1.544192288409193e-05 1.0314803486898385e-06 3.5229607271036865e-06 0.00040121276184569685 4.349527927509089e-05 6.1879594888646295e-06 1.763260152236792e-07 8.57421151005862e-07 9.096234238553953e-05 0.0
0.0017163235004993129 2.5369847550388385e-06 6.142702717426011e-05 3.364550770625266e-05 2.5098206412493715e-05 0.0005069613376878174 0.003921135094329659 0.0033269864717622175 1.0070070523732802e-05 0.000808864334361044 0.00016524138456842932 0.00034506458764818095 1.0508709763639997e-05 0.0 1.3673950409832654e-05 8.223296185824121e-07 0.0003681606169609284 7.210898010534203e-05 0.00012984811521315147 0.00011141192233084527 4.470149375099253e-05 4.049698069055961e-06 5.430580843325187e-05 0.0001970514535289875 2.5664991431840224e-06 0.000299175265802288 0.00019490345821289497 0.00014649701359524796 0.0038850388751719518 0.0018432297757001515 1.583692020062382e-06 0.0001180202920280991 2.7335045617132703e-05 0.0006721661939723233 5.873250836432805e-06 0.0002618847873623345 3.2654842852138204e-05 0.00042717907546201264 8.478906926995844e-05 0.00023380426208118504 4.12505906047729e-05 9.705053618115305e-06 6.0893075828331e-06 1.081468852307221e-07 1.2238420172998648e-06 2.565930988560281e-06 2.17730639275371e-06 0.0 8.728787352008034e-07 3.533025357062691e-05 3.777170325804287e-06 7.079764981379981e-06 5.5002098232454244e-06 5.947035810768315e-07 1.3054601818830993e-06 1.0449715195083857e-06 2.1762106863841744e-06 0.0 3.4896898376305577e-06 9.94431582339887e-07 4.201044603386585e-07 7.537762907903718e-07 1.0467073039673559e-06 1.972130048311013e-06 1.0393745537125926e-06 4.103699203506691e-07 4.028116787375682e-05 5.181452473502648e-08 5.271585945256425e-06 2.1008367119450426e-05 3.989722757027491e-05 1.9915466606843905e-06 1.5715453758389633e-06 1.2346006258592242e-07 5.389440144455288e-08 0.0 5.126289616821164e-07 1.014946712051273e-07 2.1975207972114867e-05 1.248481249122837e-06 6.2407157337450184e-06 1.5635110946961907e-06 5.954941495816788e-06 3.749719047589199e-07 1.0476557849108764e-06 6.266440368862026e-07
0.0 5.0434814298774215e-06 0.0 1.2310981016270838e-05 0.0010617923862761033 0.000452513580671506 7.557092410725629e-06 5.8316610583060995e-05 0.0007077242406807239 9.26570780052711e-06 1.387233776263746e-06 0.0002942669376791465 1.728740004384598e-06 1.3673950409832654e-05 0.0 0.0 0.0 1.3491654168003592e-07 8.14573337650969e-08 1.3742911956521888e-05 1.4031317074305023e-07 4.13345585295103e-05 2.8188544206372274e-07 0.00021782818171728484 1.6559094871572865e-06 2.007873180747518e-07 1.6771342161503367e-05 1.2557122267023753e-05 1.5023137914446261e-05 7.033831562599475e-07 0.0 4.023686483573534e-05 0.0 4.761565703246853e-06 3.005999712585365e-07 1.958113068699482e-05 6.243987662958947e-07 7.357660413669651e-06 3.081581002424534e-06 0.0003574726725610037 5.12204706095518e-05 9.331653551316714e-08 0.0 0.0 0.0 0.0 2.44098292191118e-06 0.0 0.0 4.089286019793297e-07 0.0 7.385581302638104e-07 9.514572106523887e-07 0.0 3.062257231997684e-06 0.0 0.0 6.372373201249871e-07 1.3471349948532414e-06 0.0 0.0 0.0 1.5387399568444926e-06 4.479834742564351e-07 2.3584791841829412e-07 1.5371448960186047e-07 1.849341182530551e-06 0.0 2.3306055750947897e-07 1.1382135072235043e-07 3.018075895960832e-06 0.0 2.727534053630148e-07 0.0 0.0 0.0 0.0 0.0 2.3122239285567425e-06 5.877429603882507e-08 1.0955849417917288e-07 0.0 1.1308033905844186e-05 0.0 0.0 0.0
7.941607549642536e-08 3.6617493371004734e-05 7.773670271830092e-06 3.8203581520774395e-07 0.0 1.0123335778631982e-07 4.421863088482767e-06 6.276953162418182e-07 6.8392179959124966e-06 1.6369337435750753e-07 1.4808124631538022e-06 1.4242028489912492e-07 1.8126270699760378e-06 8.223296185824121e-07 0.0 0.0 1.4430289976305257e-05 2.438785201633096e-07 1.021260451954358e-06 0.0 0.001175090597783752 0.001360372132379468 0.0024099025426315176 0.0015733373532412494 8.60757640700179e-06 1.0217062787911359e-05 0.003957636305857435 0.0005538553176212276 4.493224646148752e-06 1.4903545508327792e-05 3.1818332560356614e-07 0.0 2.768985828821304e-06 1.9904265773524842e-05 1.5936720535823807e-05 0.0013793640381619715 0.0003746764321617483 0.00015359051456451778 0.0003863525120164651 1.9672028182264984e-05 1.8314218488927543e-06 7.732602140510939e-07 4.259333028476369e-06 3.083927757356309e-06 1.2793344086146902e-06 5.858670914296798e-06 5.418057174717722e-07 0.0 2.718882098349918e-07 9.811410571559394e-06 2.9788417044631918e-06 2.4833941819590266e-06 1.674114933964202e-07 2.748540329617588e-07 0.0 8.051066966705276e-08 6.449669909357733e-06 0.0 0.0023106486462573235 3.4647706706748667e-06 2.5077153287031726e-07 7.623099111538961e-07 0.0 0.00019827898261136153 0.0002321822977693245 0.0008687662092172982 0.00011574853642808457 0.0 4.314247125874666e-06 0.00036418279541667735 0.00017048532305424818 1.4893664253306437e-05 4.273711742784081e-05 0.0 4.044368724217988e-07 7.848240051042414e-07 2.4876987954769646e-06 8.86329882094258e-07 0.00013687681005462252 3.720932547922588e-06 5.285331508721806e-06 5.15002150763351e-06 3.183487415759695e-06 0.0 6.302306726843313e-08 1.2377276187962615e-07
8.940029740896501e-05 3.208363070599335e-05 0.0024036613264844416 2.18236727867578e-06 5.262840561459011e-07 2.5092622077011552e-05 0.0003276381466139334 0.0002346942691480659 2.189243379865143e-06 5.238959514108153e-06 0.0004590287711555317 8.193323834542911e-07 3.025995944372599e-06 0.0003681606169609284 0.0 1.4430289976305257e-05 0.0 0.0003755957697230645 0.001876346598139478 8.936192984895081e-07 0.001360538587884578 2.250318737743341e-05 0.0019965626117404277 4.306032833815051e-05 5.30282131266484e-06 0.0025065622897597127 0.004188600589310822 9.09551219635656e-05 0.00024742642483807474 0.0010085773295376514 2.0168329218399736e-06 2.222536456182929e-06 2.7197321649256696e-05 0.000863213173884319 2.2832580258737877e-06 8.676383356138342e-05 8.071351202399773e-05 0.0003775284933566387 0.00010933316048645726 2.2259186340180784e-06 1.1825214930065696e-06 1.1308082431234901e-07 4.6056456546499465e-07 0.0 2.185601012998576e-05 6.864729871568165e-05 0.0 0.0 1.0045737051387057e-07 6.744953665057876e-07 2.2641240758057938e-07 1.9169212867622648e-07 0.0 1.1449834924485496e-06 0.0 5.704041983894027e-07 5.15200624562959e-07 0.0 3.2624497102926994e-06 5.1023639554393795e-05 1.2760993800275483e-06 2.024415990741735e-05 0.0 8.135850841697812e-07 7.583998776227031e-06 1.2750403373711977e-05 6.702850746921705e-06 1.7367309402411567e-06 0.00018997381979876521 0.0003468894157001531 4.395622214054066e-06 1.592918205162444e-07 6.295186673203025e-07 9.273809343041519e-07 0.0 0.0 6.552396466547338e-06 0.0 3.909964684175713e-05 2.6388211230770795e-05 2.6646683000412502e-05 1.1845462335978954e-05 5.51765306338143e-07 0.0 4.302394604937846e-07 3.63155141778776e-07
1.2760373075208828e-05 1.3306464929222845e-05 9.144219388555592e-06 1.0993008288150245e-07 2.275772950075414e-07 5.800803235577521e-06 2.31275480890057e-05 5.9215175536809685e-05 1.6219633405909028e-06 3.4353996419218218e-06 0.001182509361255147 1.114133456255001e-06 8.203968720002133e-05 7.210898010534203e-05 1.3491654168003592e-07 2.438785201633096e-07 0.0003755957697230645 0.0 0.001783794414009032 4.2972266889153696e-07 2.239752269544053e-05 3.914630942499784e-06 2.626992106483554e-05 2.7919028282528237e-06 0.0003530379356749367 0.0013437452806859215 0.0007136758425936387 2.52238690821769e-06 4.816629438247771e-05 2.759177836855903e-05 7.016199089437046e-05 1.857184881534394e-06 6.494594430417045e-06 0.0001814373157700955 1.1743608439762102e-06 0.00011041940114057516 0.00019364472376962966 0.0003544239060122853 0.00011178490818734638 8.15510311906471e-07 1.7057630376256472e-06 5.923198577198425e-06 5.984342085445604e-07 0.0 1.1767838256693165e-05 6.410543029819127e-07 2.0339541689653726e-07 0.0 0.0 2.8844564067417087e-07 0.0 2.1953356398294938e-07 0.0 1.4029743259525398e-05 0.0 0.00019781539850965675 2.363571264999044e-07 0.0 1.198850363161226e-07 4.807180210417153e-07 4.154871721325135e-05 5.172582410303179e-05 0.0 0.0 3.8192443915201486e-07 3.607906830780797e-07 3.1040558532743637e-07 2.3444390894977328e-05 0.00023597441874515567 0.0003601964029096036 6.089264645099225e-08 4.6032313069722e-08 5.953454493494407e-08 9.523401265180495e-05 0.0 0.0 1.460091850885237e-06 3.2046216784173796e-07 3.043879954268361e-06 1.6419005923176815e-05 9.28863057425159e-06 2.510675933636432e-06 1.283702760271425e-07 0.0 5.898145298860691e-07 0.0
2.4299106256484703e-05 0.00010857167823030933 3.8013917646780974e-05 1.313953465991701e-07 9.849844924450465e-08 1.0202834434897337e-05 5.18563251731486e-05 0.00010631741252565146 1.0842412213841786e-06 2.3337550824419165e-06 0.0007160420861564753 5.78344837716571e-07 1.5136856912397863e-05 0.00012984811521315147 8.14573337650969e-08 1.021260451954358e-06 0.001876346598139478 0.001783794414009032 0.0 3.171949616642675e-07 6.221481691488639e-05 4.841295018900836e-06 8.740633900589068e-05 4.4809135259895416e-06 6.520312086105012e-05 0.002676529729622765 0.0014117973832687661 5.884720810460929e-06 9.143151916040939e-05 9.399990269991814e-05 2.2259830505220318e-05 1.5346947637218786e-06 1.3269605575679408e-05 0.0005577833341670634 7.978452833108006e-07 9.303946755686513e-05 4.2574477793388556e-05 0.00034179951116783684 9.24561201665357e-05 9.235246588310066e-07 5.104764720959296e-07 5.071462362351307e-07 4.396174759804091e-07 0.0 4.1879367743942404e-05 1.949726008727968e-06 0.0 0.0 0.0 2.4392143885268256e-07 1.5896954945591e-07 1.2610653227003866e-07 0.0 1.8325180656549394e-06 0.0 1.6685247906707526e-05 1.16306155439148e-07 0.0 5.406717811692198e-07 6.5602879291618225e-06 6.486882241316289e-06 5.8494341305505653e-05 0.0 4.650466242244853e-08 3.6883033096147465e-07 3.218361220011275e-07 5.40572669772683e-07 1.002606783274112e-05 0.00028750990064712706 0.0002687217374170817 5.181291775996019e-07 0.0 1.2406321719516715e-07 1.0480441940981316e-05 0.0 0.0 1.3745937499397564e-06 0.0 8.988547131781178e-06 8.475077713378943e-06 9.558664443794685e-06 2.8164935270672777e-06 0.0 0.0 4.6651236526499925e-08 0.0
1.1396754279369465e-06 3.231132462953023e-07 5.713234460225812e-07 0.0024664977609065736 3.6039691248266334e-06 0.00017501442949966034 4.3774177655599383e-05 0.00012477875146349064 0.00021792567476918757 0.0026709579022532776 1.8448792701877894e-05 0.0019738888734558368 3.5047977609626015e-06 0.00011141192233084527 1.3742911956521888e-05 0.0 8.936192984895081e-07 4.2972266889153696e-07 3.171949616642675e-07 0.0 2.834979171821037e-07 1.1763048419739246e-06 1.7542331726260987e-07 0.0002959117603143283 7.284583053036044e-07 3.7614310734269593e-06 3.6013441335317055e-06 0.000855371757169769 0.00011038997605209913 1.0825135765452994e-06 5.969513007900776e-07 1.487063728330343e-05 1.7081016795996335e-06 7.66156614936589e-05 1.575027130137385e-05 0.0004359123655970071 5.711673797579166e-06 0.0002215466004595232 3.157496329779062e-05 0.0001672053946086769 8.655415122305129e-05 1.6982018942779774e-06 1.22449300217551e-05 0.0 0.0 6.905697868801034e-08 7.090324134966998e-05 2.8215185179122577e-07 7.4566919299476875e-06 6.155367081480697e-05 5.152125875572422e-06 2.1854977506624155e-05 3.726611223391795e-05 1.7333643598530245e-07 5.010395000497657e-05 0.0 1.8871445453684723e-06 9.854585710385409e-06 2.0342230773315186e-07 0.0 0.0 0.0 4.044306862724404e-05 1.300680514693172e-07 1.193369393617311e-07 0.0 0.00010604004955097127 0.0 4.739297035791871e-08 1.0911513589072512e-06 0.0001063577512106518 5.724728121805337e-07 7.989423189865651e-07 0.0 4.142898120778002e-07 0.0 5.086934001388615e-07 1.424854323310592e-07 6.532361731348041e-05 5.38815045078989e-08 2.4788552525081067e-06 7.901941508829805e-07 7.890554990855914e-05 7.920868925084118e-07 4.515916151060547e-07 0.0
7.201609487447121e-06 2.3118324764389817e-06 0.0009607191857457884 2.0490991110001155e-06 2.3711027941463352e-07 2.568185191021957e-05 0.00043206146207125 5.579098469642648e-05 2.5435924277835028e-06 9.024741923623597e-06 4.2003913232675765e-05 2.738722850824035e-07 1.0850918935750898e-06 4.470149375099253e-05 1.4031317074305023e-07 0.001175090597783752 0.001360538587884578 2.239752269544053e-05 6.221481691488639e-05 2.834979171821037e-07 0.0 3.9865781376422094e-05 0.010663445228296715 0.00021790319862712053 8.307929114094984e-07 0.0002936429530622057 0.0007290519991908998 0.0015069223397822617 7.020488580477845e-05 0.004700766385649358 8.470861493011899e-07 1.1203684204806265e-06 2.1683491461101072e-05 0.0018072262775373402 5.836702866588886e-05 0.0030559456947588295 0.00047125545873843945 0.0024948771944092196 0.0017701591464752216 4.786572428061588e-05 1.2013041120088542e-05 8.018643511857741e-07 1.748232370072991e-05 1.4152107741435498e-06 5.240072326249254e-07 6.647822519632711e-06 7.43554181083776e-08 0.0 1.8668497110278055e-07 6.651636939099688e-06 1.7559526473736833e-06 1.3893134358659515e-06 5.611326111969262e-07 3.575897784293557e-07 0.0 3.4008687948684873e-07 6.814146491986493e-06 0.0 0.0002542080286718677 2.2457736698685834e-06 2.0078751994647143e-07 8.360135997466061e-07 0.0 8.848761083139956e-05 1.9707200158664253e-05 6.375727818262832e-05 7.191781501421006e-05 7.72233524956269e-08 4.248835379108082e-06 7.479887416368005e-05 0.0001254812697974948 1.4378678176483543e-05 2.939452951216533e-05 0.0 0.0 9.671590443924777e-07 1.3528576619790562e-06 9.039129393450592e-07 6.382926877257268e-05 1.7586695817146507e-06 6.352651678784048e-06 2.7558337529760276e-06 5.5407903429480665e-06 3.375331717623517e-07 0.0 0.0
1.2324173336957424e-06 0.0011210978468598571 2.502262843258897e-05 1.539725304134698e-06 1.3459028346279381e-06 7.592188551918524e-07 4.1915982905074195e-06 2.299953175123657e-06 0.0015086380063950651 7.726356419950667e-07 5.960792875208369e-05 1.8044331475347125e-05 0.0001263364729572548 4.049698069055961e-06 4.13345585295103e-05 0.001360372132379468 2.250318737743341e-05 3.914630942499784e-06 4.841295018900836e-06 1.1763048419739246e-06 3.9865781376422094e-05 0.0 0.00014532684283115555 0.00378482094627019 0.00047831775786624195 2.8827754468328887e-05 0.0034088907390362857 7.744538165113252e-05 1.3199427447167387e-05 6.622123724095816e-06 3.913115148699503e-06 1.6119658684014481e-07 2.4144634568915923e-06 1.764052278201001e-05 3.7727328426058306e-07 5.456491869267158e-05 3.303753100247678e-05 5.661620862984012e-05 1.949636569272142e-05 4.032894745131123e-05 1.374953462490731e-07 2.806219133727968e-05 1.2907625190188452e-07 3.061543230769861e-07 6.639210081693826e-06 3.2298828297781615e-05 0.0 0.0 1.803733222859989e-07 6.385226826897732e-06 5.736949930868666e-07 6.508125194754944e-06 4.530167227974179e-07 9.342400135177606e-07 0.0 3.6795509288673526e-06 1.952873165983566e-06 0.0 0.0011092809832904634 1.0875359655304365e-05 3.7954839377639196e-07 1.9978273431411614e-06 0.0 4.3399361892902244e-05 0.00010399695538851233 0.0002728417208618574 8.910550679159583e-05 1.0870973786514826e-06 1.2662148059304112e-05 0.0012947387025264473 5.1249210633016064e-05 2.4972221128949167e-06 6.768111535539912e-06 4.92706889185093e-07 0.0 1.2784414881008714e-07 4.111740249256522e-06 3.2107404483283075e-07 3.3059230844941554e-05 1.2301660812274032e-05 1.687147886831286e-05 1.2862816615865313e-05 6.924434154434765e-07 0.0 2.1507917307574892e-07 1.9107440121416485e-07
1.0142707529776795e-05 4.572108945828872e-06 0.00617128789388512 2.2891435311082354e-06 4.3682126318713326e-08 1.732849020203598e-05 0.00034749929073702015 5.704963639894907e-05 2.141390435271801e-06 7.379736682140231e-06 4.403991227074736e-05 4.539055220810359e-07 1.7143521574764673e-06 5.430580843325187e-05 2.8188544206372274e-07 0.0024099025426315176 0.0019965626117404277 2.626992106483554e-05 8.740633900589068e-05 1.7542331726260987e-07 0.010663445228296715 0.00014532684283115555 0.0 0.000548923000396041 1.786756386383231e-06 0.0010039039416186455 0.006799124848075125 0.0023117756588360056 3.052426343589486e-05 0.0011035736989648932 3.143810988075656e-06 2.0363496283061833e-06 4.508095412108136e-06 0.0010576771107388343 7.02847793716431e-05 0.005507632941280255 0.002152634321684899 0.0028954613981846517 0.0038517688848506977 8.259602953243194e-05 2.176216390974259e-05 2.3382715051005483e-06 2.5399082848976735e-05 1.0318996591049084e-06 3.5598699543885705e-06 9.128473038292424e-05 1.7662162779032166e-07 0.0 7.399708971179736e-07 1.0608600735433197e-05 1.7695200876132454e-06 9.430179100887352e-07 2.707458596715211e-07 2.3539744358039446e-07 0.0 2.737899709365e-07 2.223865126325816e-06 0.0 0.0011411251520829088 1.4309853182681486e-05 4.7119123752442606e-07 1.6742996580143632e-06 0.0 5.4010950565937744e-05 0.00015607126503443654 0.0009127890292533145 4.2000853889618204e-05 5.83125582825303e-08 1.0851817234432038e-05 0.001410538850590571 4.493688919109133e-05 4.279158549157904e-06 1.3798769842298449e-05 1.2770147502001495e-07 0.0 6.739398231511721e-08 4.384315584718323e-06 2.7252778362601755e-06 0.00011676294079842996 2.3600609290931342e-05 3.211482964507862e-05 2.2593483218801072e-05 7.754263433095068e-07 0.0 0.0 1.0504186964882142e-07
