0.0 0.0 1.3630293531036478e-05 3.0188980036880665e-06 7.370761233186202e-07 8.545133961782218e-06 0.0019002692982649438 0.0007334800568993071 5.932781955279158e-07 6.777189868577566e-06 1.2964956907367495e-05 4.7158251679226953e-07 5.27333940150033e-07 0.0023597589093357317 6.905254198503496e-08 6.619685971181293e-07 0.00017718875092771972 5.414920295805021e-06 2.284526140130775e-05 1.9683434322851433e-06 3.977418616956648e-05 1.0558323762062333e-06 0.0001490325768993538 2.081195055894382e-05 8.779309423894526e-08 2.947710781024918e-05 2.0523405381464216e-05 6.281692108740177e-05 0.0027942266197469355 0.0021003600209345843 4.6647764627937065e-07 1.037875915488624e-05 2.9260877235392072e-05 0.0001856107042964647 9.43684363544479e-07 3.688373604302846e-05 1.065905723073314e-05 0.0001649115108492057 2.3937268807746673e-05 3.3838744028043734e-06 1.2658497324758197e-06 5.128867057854157e-07 1.6073114675299102e-07 0.0 1.4478836729317133e-07 4.3436904216041593e-07 0.0 0.0 0.0 6.294830285273328e-07 0.0 2.508566530243165e-07 3.7191840100232413e-07 0.0 0.0 0.0 0.0 0.0 1.8062686192905318e-07 6.14319918680966e-08 0.0 0.0 0.0 2.3074921685695386e-07 0.0 9.196001859923083e-08 9.878913026609566e-07 0.0 2.572611649875209e-07 9.328549161282465e-07 1.9172476850748257e-06 0.0 0.0 0.0 0.0 0.0 2.235531535295621e-07 0.0 5.613271511074817e-07 6.966494878254982e-08 3.319788095289559e-07 0.0 0.0 0.0 6.121153291736397e-08 0.0
0.0 0.0 3.453270900858145e-05 0.0 1.2913033755047922e-07 0.0 1.863777604710403e-07 4.0552505213087093e-07 0.00036353566700167466 0.0 8.728617696033659e-06 2.9523236360173906e-07 0.00044983892476910264 2.1699128333285357e-07 8.773492519790891e-07 4.98617561856912e-05 1.4832785153641863e-05 2.6112789007506093e-06 1.1320198973256887e-05 2.0513311806103922e-07 2.1514119635361085e-06 0.0016619167885172975 1.2200263786247677e-05 0.000408375248942738 0.0015195580231476334 0.00016693177291021797 0.00417884568255834 1.7861796195147851e-06 5.920754587504968e-07 8.590846397428661e-07 2.867831256993223e-05 6.891004531041472e-08 4.6650059455030803e-07 4.491895228428666e-05 0.0 2.2952213008060666e-05 0.00012097991552613366 5.8039173126034414e-05 7.297327159746088e-06 3.623027194018503e-06 1.6058578740104477e-07 0.00016843136998696102 7.892764024813295e-08 1.3906029052083216e-07 5.0294123087259606e-05 9.817266241642936e-05 0.0 0.0 0.0 1.9543486860047354e-07 6.181082574788128e-08 2.0615857967972842e-07 2.5477620177063237e-07 1.4858548200083692e-06 6.873708384565232e-07 8.701637065311225e-06 3.2459371110815635e-07 0.0 1.5994204436006112e-06 9.55626901428113e-06 3.9661245532622194e-07 4.903994172595445e-06 0.0 2.5700988188927966e-07 3.661151643791031e-05 4.0313231585030226e-06 6.601563864990159e-07 7.642743409439926e-06 8.986352991133385e-05 0.0008964878154974159 6.921306649895964e-07 6.089428173933537e-08 0.0 3.3637643288508654e-06 0.0 0.0 3.1984182229672887e-06 0.0 5.617137128104766e-06 2.072930792253427e-05 1.1043186332674577e-05 1.5031985215989458e-06 0.0 0.0 3.515620852612182e-07 0.0
1.3630293531036478e-05 3.453270900858145e-05 0.0 1.8502513372142263e-07 7.970515465443378e-08 1.5992146400585129e-06 2.1984277728894168e-05 4.3680230950094954e-05 2.5410164667004105e-05 4.5852153977930925e-07 1.1506246452917097e-05 2.6505205143320567e-07 1.2319344603683192e-06 4.705220027439009e-05 1.7808462829880607e-06 1.7767882626507425e-05 0.0031362471799346687 5.899394863536619e-06 8.895419255474178e-05 1.0898332053524414e-07 8.780660791722054e-05 4.413049978470297e-05 0.005145222758638809 0.00010859199897760469 5.196414904484059e-07 0.0049610658656595455 0.005096218965865081 8.945061608287431e-06 3.913822739010909e-05 9.904098557183579e-05 4.676227734325662e-07 5.373242529763448e-07 7.340332289761273e-06 0.0003666141430224453 1.3221326908253302e-05 0.0008953669954217298 0.0025416881694265026 0.00131373859327008 0.0003863314736984336 3.21898338577781e-05 1.2484084271756014e-05 3.810237154934713e-06 2.79408944199238e-06 7.238966520793887e-07 0.0001928781240354348 0.001014113109744056 0.0 0.0 0.0 4.016801419564202e-06 1.7253157589929261e-06 8.334616161726669e-07 8.495290603105397e-08 5.107620276111046e-08 2.948996277288456e-07 1.40090343667802e-07 3.426865753549479e-06 0.0 5.008998009010519e-05 2.6213180552562218e-05 2.1612371874945657e-07 2.11339358462619e-06 0.0 1.243932341629004e-05 0.00025175594449184914 0.00033096647516927006 3.281421181901275e-06 6.325981977416728e-07 3.22097291372275e-05 0.002114557565643998 4.300395748878554e-06 8.055899853316757e-07 1.6795854913499146e-06 2.0462038490907814e-07 0.0 0.0 1.1106595141450648e-05 4.019495437874848e-06 4.305459788523432e-05 0.00013463008152890556 4.84086306694616e-05 1.3596400518470672e-05 7.472209691829739e-07 1.7013263355917227e-07 0.0 0.0
3.0188980036880665e-06 0.0 1.8502513372142263e-07 0.0 1.214830444987411e-05 9.25497879488467e-05 0.0001731274974704483 6.97669274596346e-05 0.0005910661259852937 0.0011664350855541611 9.98041222632584e-07 0.0002584034264976379 1.696429564385062e-07 5.6387978333112386e-05 0.00022496894353021224 0.0 1.603391426834136e-07 3.3268595173650624e-07 9.862021731111624e-07 0.002089165448545814 5.774773879966271e-07 9.736765354990962e-07 3.877670831808346e-06 0.0011875806719489678 0.0 1.7212541211872555e-06 1.3616318235500614e-06 0.002619279742641896 5.246906173482303e-05 2.8928509663974733e-06 5.313512837634939e-08 1.6990356315029694e-06 3.3661412224847727e-06 3.9265613743402526e-05 4.355830984606166e-06 0.000209613659137661 1.7085628840169441e-06 8.06637441261023e-05 3.868545597112311e-05 0.00028823268636236525 2.8774436106727404e-06 1.3624028629644402e-07 1.1762446197123115e-06 1.3999055289142474e-07 0.0 0.0 4.9923850688237866e-05 2.770674531224678e-07 2.108854595142147e-05 7.035513905363231e-05 2.131352248340327e-05 5.4788757030652634e-05 0.00020102559100371642 4.70112740478234e-07 2.498039907704217e-05 0.0 9.543043969781099e-06 5.254558101775545e-06 7.935133523331278e-08 0.0 4.89580365920619e-07 7.291583513944691e-08 6.388542183684161e-05 7.352782026599717e-08 0.0 1.5732335663018484e-07 0.00020984252724754848 0.0 6.017505491046429e-07 8.252017097983462e-07 0.00028344640180819243 2.2955412544264546e-06 2.4129270576595996e-07 0.0 1.6191960762564346e-07 0.0 2.435835213632572e-06 3.889319435981245e-07 5.190648736299399e-05 0.0 1.7453668364932603e-05 2.1084540794098883e-06 4.430627151777573e-05 9.686935466358838e-07 0.0 3.071457583994436e-07
7.370761233186202e-07 1.2913033755047922e-07 7.970515465443378e-08 1.214830444987411e-05 0.0 3.5749942285589365e-05 1.0433286748547893e-06 1.4953996426143895e-05 3.23192470381559e-05 3.921950565389005e-06 3.0031666781612695e-06 5.281467629871411e-05 0.0 6.696578463371359e-06 0.00048329212475485724 8.348795550694604e-08 2.861520495135568e-07 4.932653531650545e-07 1.1103074858884966e-06 7.32405942158517e-06 0.0 1.5186352818456067e-07 8.784621541001267e-08 3.5487880766803845e-05 0.0 6.709779205568132e-07 3.937619924024944e-07 5.006855004079042e-06 3.628310529739298e-06 1.31953930663299e-07 0.0 3.704643295891016e-07 0.0 2.593887345127835e-05 0.0 5.016707875597075e-06 4.66368911393312e-07 2.4640874578048187e-05 6.9149325310388416e-06 0.0012423876944773658 7.286277112822137e-07 7.895224709153088e-07 0.0 0.0 0.0 0.0 0.0 0.0 0.0 7.715564298333853e-08 0.0 0.0 1.4865345489179907e-07 0.0 1.1383507133858953e-07 0.0 0.0 8.431755096260174e-08 0.0 0.0 0.0 0.0 1.3857861577802673e-07 0.0 0.0 0.0 6.841278748285265e-08 0.0 0.0 0.0 0.0 0.0 0.0 0.0 0.0 0.0 0.0 0.0 1.30734086226325e-06 0.0 0.0 0.0 2.148505676061907e-07 0.0 0.0 0.0
8.545133961782218e-06 0.0 1.5992146400585129e-06 9.25497879488467e-05 3.5749942285589365e-05 0.0 0.0012866600541362261 0.003167786210217869 0.00015379250965134327 0.00583716460880654 2.1202158774050346e-05 0.0023216567242071175 1.3653847326164204e-06 0.0002140008776011009 0.0003655086391044246 1.2510318305924313e-07 3.2559857363170395e-06 6.101712325269438e-06 4.515094285361092e-06 0.0009175756835846506 5.191758987047117e-06 9.922987903065183e-08 1.0123196780398834e-05 0.00024330092677363272 3.052893098109156e-06 1.590957107223199e-05 6.982459739217639e-06 0.0006111993189255713 0.00012520705002341695 2.2333581513137642e-05 1.7874094322533615e-07 0.00011090193279909783 1.4686733071264566e-06 0.00029561375594667496 5.242054976707753e-07 0.0004030698899284331 9.496669927706044e-06 0.00027588358730139116 0.00013911968773946083 0.0013088805446562662 6.865995756502377e-05 1.112925353234085e-05 1.6047869094094508e-06 0.0 0.0 9.729365966609692e-08 7.1863354906851886e-06 0.0 3.793938569515006e-06 2.8542991844934348e-05 3.2039203168992592e-06 7.3625357164216545e-06 2.6385727275819604e-05 0.0 1.0109423807276998e-05 0.0 3.927976398085111e-06 2.1830545134788772e-06 0.0 0.0 0.0 7.057969834687991e-08 1.1090119271501747e-05 3.88992101989067e-07 0.0 0.0 3.577186254614136e-05 0.0 0.0 7.671134515483077e-07 7.727395903957183e-05 1.5740034625193897e-06 8.351743499260106e-08 0.0 7.396241778822714e-08 0.0 6.735553936980911e-07 0.0 4.3470443418556744e-05 0.0 7.101345590054845e-06 5.366935503442015e-07 2.9370468221269097e-05 6.036162885100896e-07 3.2723720667792363e-06 1.8432592829847168e-07
0.0019002692982649438 1.863777604710403e-07 2.1984277728894168e-05 0.0001731274974704483 1.0433286748547893e-06 0.0012866600541362261 0.0 0.00321117706280614 0.00015178643991991227 0.00250218427658944 1.734949444538016e-05 7.1310425923342785e-06 1.3816642678789954e-06 0.004847528324149438 9.524204957356966e-06 9.712414906280375e-06 4.605357514054673e-05 7.190110022101566e-06 8.070556990802296e-06 2.595740258473849e-05 0.0001975002352443812 2.797896563889081e-06 0.0005782626375772687 0.0007079493491536668 2.0277323182270211e-07 2.7456330837451587e-05 2.0376520243586742e-05 0.008746820632011055 0.0012775898905185298 0.003137572409222445 5.597227727363288e-07 1.5928644660213704e-05 6.357180133483714e-05 0.0004402102032095708 3.422420090625927e-05 0.0009309864485959935 2.3499116365023923e-05 0.0007887232866413598 0.0003660868519709176 0.00011005802249033419 2.7311772294889792e-05 1.9835147904841e-06 9.065162752326331e-06 9.45828771234698e-07 3.5501602024324497e-07 8.942869031717359e-08 8.197446030045365e-06 7.991443463937289e-08 5.675113156284973e-06 8.871873832857711e-05 2.05198783802745e-05 7.186813115981166e-05 2.361894297783874e-05 6.848300975414906e-07 5.149030716816793e-06 1.2271764985579555e-07 1.6827502968590618e-05 4.3184721084552695e-06 1.582810280819965e-06 0.0 4.1993073784978125e-07 2.8769501385133935e-07 7.006014274612175e-06 5.38356753220479e-06 1.825999343988631e-06 1.358311633227524e-06 0.00018053804557056972 1.1714870233501174e-07 9.451336232234723e-07 1.221813541988587e-06 0.00030388988665484395 8.114888463410299e-06 2.8012325668727892e-06 0.0 5.6852017371869573e-08 1.1600939892635992e-07 3.306105420662165e-06 1.2984567423044066e-06 4.835247118574098e-05 6.004598517640188e-07 2.6369836094830148e-05 7.357301153975759e-06 1.9177341720203833e-05 2.1938107494451975e-06 1.4171777807024986e-07 8.445344099025414e-07
0.0007334800568993071 4.0552505213087093e-07 4.3680230950094954e-05 6.97669274596346e-05 1.4953996426143895e-05 0.003167786210217869 0.00321117706280614 0.0 3.360625467350597e-05 0.0011236790056552025 0.00019204282091188143 0.0002707338401656056 9.51153572672577e-06 0.0042659086679573705 3.177977887880926e-05 3.4353872224231105e-06 0.00020817175666121114 4.966934121209324e-05 6.854249569703388e-05 0.0001788465111961252 7.932844425340377e-05 6.966324616889957e-07 0.0002305701888916734 0.0002833278966184758 1.7649629731899413e-06 0.0001641228371129226 6.492458117912634e-05 0.0007972202694147316 0.0005424201565788762 0.00071783768200977 4.886668958934047e-06 0.0003235855314396876 5.742955690011067e-06 0.0012760861296331066 3.892444729983968e-06 0.0003733231512823037 3.722647069027894e-05 0.0007897834937929153 0.00023350083506528017 0.0006876744715973981 0.0001974848616176484 2.4003377074388837e-05 4.2293768146288335e-06 5.807419786598721e-08 8.429026416596238e-08 1.0760805146040001e-06 6.2843689940910115e-06 0.0 4.087221693489851e-06 3.844841192360606e-05 5.424476910673827e-06 7.709063762521556e-06 1.3725070072732022e-05 2.1667270154867006e-07 1.7008758972969247e-06 1.1632106530672472e-07 6.215416453717836e-06 1.950107125883725e-06 3.8771364247688077e-07 8.594543514741175e-08 6.546721433045444e-08 2.360339159805345e-07 5.474031602778785e-06 8.509749231956517e-08 6.111817965104554e-07 1.5219769773873363e-07 3.449151867074873e-05 1.247143415218998e-07 7.92204752717442e-07 3.965607664308641e-06 8.731118880464029e-05 1.6914263165746201e-06 5.91903140568217e-08 1.7521186647742653e-07 0.0 1.2039108030889082e-07 8.847422731287888e-07 0.0 1.642287452480214e-05 3.320826764579904e-07 9.172175149976634e-06 1.922561282715177e-06 7.793710357393496e-06 1.738431084707984e-06 3.348623937699022e-06 6.732012931629938e-07
5.932781955279158e-07 0.00036353566700167466 2.5410164667004105e-05 0.0005910661259852937 3.23192470381559e-05 0.00015379250965134327 0.00015178643991991227 3.360625467350597e-05 0.0 0.00010052297649897993 1.1069325954713913e-06 0.00016352307572162946 1.892566737221553e-05 9.914509233794452e-06 0.0004439926178161648 6.119944270187514e-05 2.299617505473663e-06 5.521288206867877e-07 5.157319353039498e-07 0.00018412798445015022 1.0098713805189326e-05 0.0015951778634153695 1.5025553623379863e-05 0.002499406794311679 9.667305831652208e-05 8.99975243546469e-06 0.0005373191881177212 0.0003849681835226289 1.149257264275042e-05 2.251381236512296e-05 1.6970829435446323e-06 1.17685087948421e-05 2.275390568873828e-06 1.770930145364076e-05 2.731218938369653e-06 0.0003176069984283869 1.0634772126966365e-05 5.092635735016224e-05 2.6075035100625142e-05 0.00018727104242454313 2.970089448984414e-06 3.99589694562488e-06 2.135650202736137e-06 1.6791110178101375e-06 3.6801776232467515e-06 1.4803358311264185e-06 3.161516566517347e-05 0.0 1.287251579030911e-05 0.0001269971528250762 3.0378216492229704e-05 0.00013775200289480795 6.736451881551734e-05 8.817031077631923e-07 1.2569437563738373e-05 4.39559319784568e-07 2.4376189680209048e-05 8.785807757647341e-06 0.0001089817782455799 5.507865670428979e-08 2.8916103729379034e-07 3.092622748979741e-07 2.6562351519822325e-05 6.872526212680754e-05 0.00010886959332265303 4.5035749561354586e-05 0.000903001921074913 1.5028526670738223e-06 1.0960784943594315e-06 2.2391425000763226e-05 0.0006492903005705674 1.0329534157937997e-05 3.723634674432956e-05 2.493439974584192e-07 2.7975458882592623e-07 8.880939341609808e-07 9.267091274131915e-06 1.4646458152984482e-06 9.265067030484985e-05 9.26746679555201e-07 4.170256448288658e-05 1.5226614571231589e-05 3.658006748179259e-05 4.733153895508798e-06 0.0 2.1454541323108845e-06
6.777189868577566e-06 0.0 4.5852153977930925e-07 0.0011664350855541611 3.921950565389005e-06 0.00583716460880654 0.00250218427658944 0.0011236790056552025 0.00010052297649897993 0.0 2.4331313530530898e-05 0.0010216212952055045 2.1101731616538646e-06 0.00035295002272335156 3.382621062700068e-05 4.2468000855304215e-07 1.578659684496473e-06 1.0454923318245403e-05 6.8359200013976965e-06 0.002397062969486425 1.0988582992851992e-06 6.433655986180882e-08 2.0472255625231193e-06 9.663604955377307e-05 3.7604095152144024e-07 3.171294243326365e-05 1.2670905138132306e-05 0.0021527609285278662 0.0002496946517493444 3.8288957156121834e-06 1.212560750420205e-06 2.169788345518026e-05 3.5614442673712614e-06 0.0003306761515171911 6.287246711014748e-06 0.0004429401892101515 1.6631090591730593e-05 0.0006022974781155991 0.00013058818059964413 0.00013621686403454583 1.7888755690784497e-05 1.7533361740911424e-06 4.260013398207175e-06 3.7490532133541296e-07 0.0 8.852790743223595e-08 3.299180538148784e-05 2.019984301662732e-07 1.901741542150612e-05 7.497806206351965e-05 1.9439241846770293e-05 2.7311637247735547e-05 0.0001198635674068982 7.848565645617398e-07 1.6559295885981225e-05 0.0 1.1730329290771389e-05 5.619766841593319e-06 1.817992524527233e-07 0.0 6.767542833398263e-07 3.9938055654010693e-07 4.830062374210047e-05 1.9884075183347338e-07 9.371991390734263e-08 0.0 0.0001607383966355892 0.0 3.620175808103886e-07 3.736064060962131e-07 0.00024434134031060833 3.6824743384893663e-06 3.8508087890168453e-07 0.0 4.645403961635691e-07 1.2305453684507336e-07 3.083089888241938e-06 9.895735777149609e-08 8.65414611524097e-05 5.0049733817339306e-08 1.8777181362863756e-05 3.0916966939483285e-06 4.163774544710713e-05 9.844261043789434e-07 3.1613464485204555e-07 5.164824721389854e-07
1.2964956907367495e-05 8.728617696033659e-06 1.1506246452917097e-05 9.98041222632584e-07 3.0031666781612695e-06 2.1202158774050346e-05 1.734949444538016e-05 0.00019204282091188143 1.1069325954713913e-06 2.4331313530530898e-05 0.0 1.103622975971412e-05 0.0009123823202004917 0.00019676231763448567 1.8026098740357897e-07 1.4459654073797818e-06 0.00010868696290050638 0.0015198311757700393 0.0008301323911093019 9.953194452538172e-06 1.6876037835412116e-05 2.5275556387897455e-06 4.8074612954317756e-05 9.539118377084292e-06 0.00017887737300587882 0.0018294896408198684 0.0002035471493850458 9.76145087282044e-06 0.00027805548533350936 8.439870510050644e-06 0.00030743137687588905 0.00011374740774418903 1.5044888956584972e-06 0.0050840486397099914 2.7041686804005087e-07 7.655236606030594e-05 0.0019570250718816263 0.0020805821650795074 0.0002603969283025444 4.431020980276857e-06 5.280657210605654e-06 0.0003354888824847989 2.429374914600758e-06 0.0 1.990427064567117e-06 6.082466761127451e-07 0.0 0.0 0.0 1.0543486285275722e-06 4.0483617296131855e-07 0.0 8.374386293009852e-08 6.025886275025017e-05 0.0 0.00028187133718726455 8.534450342241225e-07 0.0 0.0 7.758214114338609e-07 3.151141406783296e-06 4.98875885407839e-06 0.0 0.0 7.352746887352677e-08 0.0 6.489211979102274e-07 9.951394745400209e-05 3.857059273010119e-05 0.00011372602772847682 2.4393091077069208e-06 4.9512384451514403e-08 4.2784595163674716e-07 4.531343481397768e-05 0.0 0.0 4.7080848819927566e-07 0.0 2.8457529527581486e-06 0.00025717705806589024 9.316993985339612e-06 4.921039167159968e-07 4.79187821161223e-08 1.874744235747102e-07 8.557665086739104e-05 6.00927695699187e-08
4.7158251679226953e-07 2.9523236360173906e-07 2.6505205143320567e-07 0.0002584034264976379 5.281467629871411e-05 0.0023216567242071175 7.1310425923342785e-06 0.0002707338401656056 0.00016352307572162946 0.0010216212952055045 1.103622975971412e-05 0.0 9.24674986680202e-07 7.898667550206304e-05 0.0004588757218749416 0.0 2.417886283021343e-07 5.534938131717024e-06 2.7189306312321342e-06 0.0013831301399954506 5.8112701110283564e-08 1.7234550983799858e-06 1.9022450819384985e-06 0.00025158706144271154 3.396661616971449e-07 1.4066263840573369e-05 4.806977274324314e-06 0.00010110766974775574 4.60231949141739e-05 9.76659974704111e-07 2.0140988994535195e-07 1.4056753061338411e-05 0.0 0.00011517147913300653 7.882840373481243e-07 0.0005147146694835927 4.734037413310354e-06 0.000156575558224783 3.016276328185144e-05 0.00041513961976099065 5.0168941182916515e-06 9.802418024896856e-07 8.834528923386209e-07 0.0 0.0 7.62339264776275e-08 1.6371754997692033e-05 2.177283688641199e-07 1.1402771616971553e-05 1.9485122997654885e-05 2.761845926590934e-06 1.2859096758424452e-05 7.45020423734459e-05 3.7356764047887213e-07 6.731935326837096e-05 0.0 1.9445042760173905e-06 5.3203152758021565e-06 2.911655439284377e-07 6.107905327076824e-08 0.0 0.0 2.9374088692855957e-05 6.368905504729804e-07 3.26658151242565e-07 0.0 5.093414612356787e-05 0.0 7.350571065175592e-08 6.661887269836752e-08 7.56254247936563e-05 7.668526995942961e-07 0.0 0.0 0.0 0.0 7.565888534985136e-07 0.0 8.403439652980808e-05 5.538400270541928e-08 7.618253537567528e-06 7.768005876363409e-07 5.5736648616245914e-05 3.970851203660849e-07 1.3147952740201556e-07 6.717757735593043e-08
5.27333940150033e-07 0.00044983892476910264 1.2319344603683192e-06 1.696429564385062e-07 0.0 1.3653847326164204e-06 1.3816642678789954e-06 9.51153572672577e-06 1.892566737221553e-05 2.1101731616538646e-06 0.0009123823202004917 9.24674986680202e-07 0.0 6.915358695141777e-06 1.9609862555100465e-07 4.6046087248115234e-06 1.428946354950045e-06 6.0517418866769825e-05 1.1934615492070596e-05 1.1214743684662607e-06 9.241498751428149e-07 8.908179151453551e-05 2.682915967152496e-06 2.022272905830082e-05 0.0013907816614019803 0.0002329542984870924 0.0017771774522540409 1.2800605874681766e-06 5.98643364464278e-06 9.878235026550899e-08 0.0005174361397875068 4.552756286712705e-06 0.0 0.0008699249002081992 7.378537220591138e-07 0.0001242656392089808 0.0018417966325913863 0.0009779113526703425 0.0001840747317880204 7.487948045205945e-06 2.454089116363342e-05 0.00028569921098329414 1.4471683034551212e-06 5.611247209331e-08 2.0693409616214686e-05 5.766243991729047e-07 0.0 0.0 0.0 8.136406445176879e-08 6.183682410546226e-08 1.7752429599132e-07 0.0 0.0001667968631691683 0.0 0.0012057086699048599 6.803803256686505e-07 0.0 0.0 2.4620615593336167e-06 1.5720409430682522e-05 1.2611042521260073e-05 6.409824548834399e-08 0.0 1.0027306207441115e-06 3.773951478240926e-07 5.657272595111635e-07 0.0005113383993122389 0.00020234234753967122 0.0004974494673919924 1.7092724438046916e-07 3.796490306671748e-07 2.2070623732716968e-07 0.0002712265228913137 0.0 0.0 3.193581797560888e-06 2.782817755438994e-06 1.8416018045260447e-05 0.00045949306720782947 1.816049450666888e-05 2.0131528572183867e-06 0.0 7.037355746801021e-07 9.280603782035994e-05 1.012709201747143e-06
0.0023597589093357317 2.1699128333285357e-07 4.705220027439009e-05 5.6387978333112386e-05 6.696578463371359e-06 0.0002140008776011009 0.004847528324149438 0.0042659086679573705 9.914509233794452e-06 0.00035295002272335156 0.00019676231763448567 7.898667550206304e-05 6.915358695141777e-06 0.0 3.7262235818852226e-06 3.1420824667277835e-06 0.0003524748010268373 4.917225691618878e-05 8.898424685288514e-05 8.539032898769326e-05 7.690046653148833e-05 1.9485876673595986e-06 0.0002827758550087149 0.00021870198275805461 9.458167348712762e-07 0.00018825034506037702 8.588608879635713e-05 0.0006099397098109252 0.0030448392445032147 0.0013282431664102894 3.561752743107995e-06 7.936639291136229e-05 1.9381065543622853e-05 0.0009840087290022782 1.2484914035880057e-06 0.00014321986856237004 3.45117489302976e-05 0.0007719335399222667 7.25043443521029e-05 5.534583639496453e-05 8.842675189435584e-06 3.1106654170463894e-06 1.3717311195797774e-06 5.073327463248051e-07 2.1555343688130032e-07 8.306120574988968e-07 2.3360539014258796e-06 0.0 1.1430736718209683e-06 1.1065849671170763e-05 1.18915959081118e-06 2.555606550069165e-06 4.638227529434316e-06 5.986714280725386e-08 9.079832118269836e-07 3.781240435681808e-07 1.4691748941092542e-06 6.14353418096483e-08 1.9335716457161334e-07 6.947615732125487e-08 0.0 1.0426667310894057e-07 1.0337662502971382e-06 3.2814862223049404e-07 1.4214181976266723e-07 6.610859835665308e-07 1.731509744230706e-05 6.452418938533476e-08 1.1278634847540263e-06 3.544685390611885e-06 3.0726110546104494e-05 5.289840838765383e-07 4.7172683602250324e-07 1.9014649156903543e-07 0.0 0.0 8.180034256705412e-07 2.497926319385357e-07 7.642016219120626e-06 2.0184027075793634e-07 2.6768870375174165e-06 9.07255993396288e-07 2.0589481699502965e-06 4.3241910443381437e-07 6.983077791720851e-08 3.917989735055259e-07
6.905254198503496e-08 8.773492519790891e-07 1.7808462829880607e-06 0.00022496894353021224 0.00048329212475485724 0.0003655086391044246 9.524204957356966e-06 3.177977887880926e-05 0.0004439926178161648 3.382621062700068e-05 1.8026098740357897e-07 0.0004588757218749416 1.9609862555100465e-07 3.7262235818852226e-06 0.0 1.2307642156813348e-07 0.0 3.165958638678374e-07 0.0 0.00012437073832616703 2.1317263576312157e-07 8.512760618576018e-06 1.1349078730354693e-06 0.0009165451148559074 9.907088096561885e-08 3.7510111721995237e-07 4.939204030786911e-06 6.719520137500778e-05 2.2650939589441e-06 1.1401546967359673e-06 0.0 2.8324393554814665e-05 0.0 9.621684855032405e-06 0.0 0.00010517430716783843 6.630847789022247e-07 1.147645391873803e-05 2.8046712795329956e-06 0.0007547104189812085 9.671870348159397e-06 0.0 8.998068572116721e-08 4.826662130591936e-07 0.0 0.0 1.731446475313615e-06 0.0 8.393217368649385e-07 3.2642690641708248e-06 0.0 1.679176475199534e-07 2.9085600323825746e-06 0.0 6.2978408566622926e-06 0.0 6.340065647075714e-08 9.749309129139734e-08 3.4674300927239246e-07 3.12190076961833e-07 0.0 0.0 1.540399177433477e-06 0.0 4.2449177463446705e-07 0.0 1.505193999789719e-06 0.0 0.0 2.3675595254359935e-07 6.846030858239685e-06 1.2221813374595663e-07 0.0 0.0 0.0 0.0 0.0 0.0 9.460877128147017e-06 0.0 1.6885247799266194e-07 0.0 5.091609738812456e-06 0.0 0.0 0.0
6.619685971181293e-07 4.98617561856912e-05 1.7767882626507425e-05 0.0 8.348795550694604e-08 1.2510318305924313e-07 9.712414906280375e-06 3.4353872224231105e-06 6.119944270187514e-05 4.2468000855304215e-07 1.4459654073797818e-06 0.0 4.6046087248115234e-06 3.1420824667277835e-06 1.2307642156813348e-07 0.0 1.1741457168784932e-05 7.193625085317749e-07 3.889455935557703e-06 1.6968953702439023e-07 0.0017277357655453175 0.0014480085632365281 0.001728706094692717 0.0017211868452153228 1.9825334319001164e-05 1.733830276854968e-05 0.0023002438291418593 0.0008158322303765111 6.235376178546317e-06 0.00014137578553578557 2.994224470684443e-07 0.0 2.7970196147841063e-06 4.0782777431063716e-05 1.6988012203970667e-05 0.001171523968534255 0.00031180368508447644 0.00028780096462205785 0.0003464141600672805 3.3076558935542564e-05 5.520219669217542e-06 1.5631802277220355e-06 7.060602438965263e-06 5.130235239577134e-07 4.1885472350472205e-06 1.2258921736026521e-05 6.110595025602701e-07 0.0 0.0 6.445091037436403e-06 1.4586184224197728e-06 2.1682890046813574e-05 2.670048471519003e-07 0.0 2.3575249746402679e-07 0.0 1.3151379332164152e-06 4.239358389495714e-07 0.0010933432421570272 5.390558869593659e-07 0.0 1.269804762491186e-07 3.007027103953123e-07 0.0002048759702786888 0.00040424135311331805 0.000620845080518006 0.00015008611505754657 1.335614856223848e-07 1.2159568555720602e-06 0.0003699331141021296 0.00011192440286375853 2.630932543996389e-06 9.48466340406468e-05 7.824997752623755e-08 0.0 1.484354744292914e-07 1.5259019000958341e-06 1.5104580979440645e-06 0.00014957132275039386 7.4981724041585145e-06 8.944592466542741e-06 1.0774409886502683e-05 1.281511491663932e-05 1.5187590188475377e-06 5.3724504630236375e-06 1.5521602318821557e-07
0.00017718875092771972 1.4832785153641863e-05 0.0031362471799346687 1.603391426834136e-07 2.861520495135568e-07 3.2559857363170395e-06 4.605357514054673e-05 0.00020817175666121114 2.299617505473663e-06 1.578659684496473e-06 0.00010868696290050638 2.417886283021343e-07 1.428946354950045e-06 0.0003524748010268373 0.0 1.1741457168784932e-05 0.0 4.58183222669529e-05 0.0029588677865741027 4.1729578158556934e-07 0.001168046773422816 6.450860091256031e-06 0.003888912985080234 1.1106681349736737e-05 3.190207469371736e-06 0.002703886133637742 0.0032473700416274184 0.00014282677393454742 0.00037424346919913003 0.0012781418494011332 5.010357604575611e-07 1.082314381013084e-06 1.593057027221088e-05 0.00046245287449614257 1.0536317597764394e-06 0.00020864622775998236 0.0019200159478074315 0.0002581809508399241 6.714044337564585e-05 4.607331754084531e-06 1.294078298417837e-07 3.8505334519326935e-06 8.708320179965944e-07 1.423712368787801e-07 2.6111154620217964e-05 0.00021000301203538305 0.0 0.0 0.0 4.1050125677678684e-07 2.696844396303263e-07 0.0 0.0 8.538815480066247e-08 1.7681076312604022e-07 3.3767280591689346e-07 4.0343801511799536e-07 0.0 2.1447883700806555e-06 3.515043227109916e-05 2.0862817064734256e-07 4.821799406973047e-06 0.0 1.0274849412193091e-06 6.080890794008843e-06 1.2537106284553506e-05 2.648817151044593e-07 2.328093372065923e-07 0.0001048077594634103 0.00039198868696444053 1.0576303718286085e-06 5.626914159757209e-08 6.99049629585251e-07 0.0 0.0 0.0 6.237659990657416e-06 2.6940141876415323e-07 1.4149865150606055e-05 0.00014376310944463314 2.7035009789523655e-05 4.1350311128987015e-06 0.0 0.0 0.0 0.0
5.414920295805021e-06 2.6112789007506093e-06 5.899394863536619e-06 3.3268595173650624e-07 4.932653531650545e-07 6.101712325269438e-06 7.190110022101566e-06 4.966934121209324e-05 5.521288206867877e-07 1.0454923318245403e-05 0.0015198311757700393 5.534938131717024e-06 6.0517418866769825e-05 4.917225691618878e-05 3.165958638678374e-07 7.193625085317749e-07 4.58183222669529e-05 0.0 0.0009486834004877611 3.846870087038273e-06 4.994055716066682e-06 4.883348295402983e-07 1.4280388290778606e-05 2.8151853030120456e-06 1.098525683354269e-05 0.0019443395799266692 0.00048815115816246764 4.31044741951544e-06 5.4541671217081135e-05 3.4300334910774e-06 0.0001761019082878116 1.6852595497290785e-05 5.102119016150539e-07 0.0010713877092973743 4.640582201008391e-07 9.451078048725415e-05 0.00044677211703516846 0.0004479065920676441 7.897019935334276e-05 2.8591415774810302e-06 2.176155671958698e-07 2.7990416769865776e-06 8.717834482496072e-08 0.0 1.2991378299315813e-06 2.1044965334244337e-07 0.0 0.0 0.0 5.885177271179296e-07 6.314442576653183e-08 1.1072497623152272e-07 0.0 9.080672461649857e-07 0.0 2.3684499998714173e-05 0.0 0.0 2.3830001322588974e-07 1.0945460764809958e-06 1.2676598441105763e-06 3.1175691640054557e-06 0.0 0.0 0.0 2.683227563254367e-07 4.969039894000201e-07 1.156117452623471e-05 3.24460283217266e-05 7.72616725549899e-05 5.629488273586469e-07 5.068256823047009e-08 0.0 1.065296034179428e-05 0.0 0.0 3.917280390788227e-07 1.0860403687309726e-07 7.132744887388631e-07 4.253628048846693e-06 1.069294451325906e-06 3.5395915350816267e-07 0.0 0.0 0.0 0.0
2.284526140130775e-05 1.1320198973256887e-05 8.895419255474178e-05 9.862021731111624e-07 1.1103074858884966e-06 4.515094285361092e-06 8.070556990802296e-06 6.854249569703388e-05 5.157319353039498e-07 6.8359200013976965e-06 0.0008301323911093019 2.7189306312321342e-06 1.1934615492070596e-05 8.898424685288514e-05 0.0 3.889455935557703e-06 0.0029588677865741027 0.0009486834004877611 0.0 3.285840232701731e-06 8.94482088617276e-05 5.270801457669362e-07 0.00045444350099245326 5.5035193578699085e-06 1.2961478618544652e-05 0.00503463566298895 0.0005593728378184118 1.1141435648673796e-05 0.00010220654261108752 7.393055650818458e-05 6.567924126746591e-06 9.79911287417205e-06 4.478306876442286e-06 0.0015969369883025177 0.0 6.310125573037289e-05 0.000704552103161647 0.000329116440116464 4.3338756831970207e-05 3.462601107467432e-06 0.0 5.8413983983703304e-06 7.603962049716286e-08 1.123808640536118e-07 3.589483780415986e-05 1.8642645039564594e-05 0.0 0.0 0.0 3.737698785587033e-07 1.0639256944381591e-07 7.081041327251697e-08 0.0 5.768254753149669e-07 0.0 7.9899266994221e-06 2.7206841265120505e-07 0.0 1.069209831333787e-06 2.512999462920297e-05 2.1034415360972944e-06 3.02831516540957e-05 0.0 1.3386825593432784e-07 5.231757771753441e-07 9.783697614459352e-07 2.55907165464652e-07 1.5336687887784027e-05 0.0003385550428741535 0.0003888528958800414 5.010086001622112e-07 2.1012831195605866e-07 5.474512668441308e-07 3.7658724499694653e-06 0.0 0.0 9.719224287962809e-06 0.0 1.1259106843500983e-05 0.00011741182402830678 2.2962078735857886e-05 5.47890428251767e-06 0.0 0.0 5.871830776071006e-07 0.0
1.9683434322851433e-06 2.0513311806103922e-07 1.0898332053524414e-07 0.002089165448545814 7.32405942158517e-06 0.0009175756835846506 2.595740258473849e-05 0.0001788465111961252 0.00018412798445015022 0.002397062969486425 9.953194452538172e-06 0.0013831301399954506 1.1214743684662607e-06 8.539032898769326e-05 0.00012437073832616703 1.6968953702439023e-07 4.1729578158556934e-07 3.846870087038273e-06 3.285840232701731e-06 0.0 9.467901857191047e-08 1.832150220866659e-07 7.922143387040366e-07 0.00016282142266739767 4.952356341730792e-08 1.4689591138321352e-05 5.604167124259791e-06 0.0023788844482461667 7.669446931591627e-05 7.919120427895501e-07 3.6584429635124235e-07 1.2781662027827996e-05 5.168299430694734e-07 0.00010039864042442463 2.6696756862749432e-06 0.0003102462604264736 8.649634793463008e-06 0.00019188584061269234 4.410188035788821e-05 0.0002177285671431779 5.593658872987723e-06 6.574831799930863e-07 1.205772541305425e-06 0.0 0.0 4.514636111746711e-08 3.9510677869590185e-05 2.913626141963366e-07 2.0791292935872375e-05 6.233508950642365e-05 1.6736259312737363e-05 2.5442409086655506e-05 0.00013605032192456456 7.434140346955906e-07 2.0137628042686085e-05 0.0 6.007614191247826e-06 6.2539512764842035e-06 8.329588906782644e-08 0.0 3.866666662685337e-07 0.0 5.548538492423952e-05 1.1380499214311828e-07 6.55478987269046e-08 8.440834140650228e-08 0.00012908490372220952 0.0 3.963113072938062e-07 1.808830692071137e-07 0.0002063960118191455 2.552609725153642e-06 8.638678409030744e-08 2.2534146946068456e-07 8.551583676872823e-08 7.098624069426842e-08 2.4826184826934905e-06 8.545343883644066e-08 0.00010771375310791275 4.9280816813482353e-08 1.8264646916316892e-05 3.0734364202378075e-06 5.997865590057383e-05 1.8110496418174233e-06 5.780768776069278e-08 9.304902181556808e-07
3.977418616956648e-05 2.1514119635361085e-06 8.780660791722054e-05 5.774773879966271e-07 0.0 5.191758987047117e-06 0.0001975002352443812 7.932844425340377e-05 1.0098713805189326e-05 1.0988582992851992e-06 1.6876037835412116e-05 5.8112701110283564e-08 9.241498751428149e-07 7.690046653148833e-05 2.1317263576312157e-07 0.0017277357655453175 0.001168046773422816 4.994055716066682e-06 8.94482088617276e-05 9.467901857191047e-08 0.0 0.0001456661082165684 0.009074436063045723 0.0001674446899294605 4.292826895621869e-06 6.117283933079423e-05 0.0007638345032979448 0.002471302943165651 9.172465595999972e-05 0.005571027680699334 1.618406989324774e-07 5.611114336124838e-07 1.538461156596857e-05 0.0012552441534262188 4.6256570827229396e-05 0.0027277883757471084 0.000713518666681352 0.0018170876547698252 0.0013787240406757707 7.731337033823459e-05 9.572689331423073e-06 1.8096432285936605e-06 1.8350728921319255e-05 1.222978529844213e-07 6.129520883504598e-07 7.886334353149202e-06 0.0 0.0 0.0 1.030538952213998e-05 1.0469463634132827e-06 1.87361207263345e-05 8.134225375538909e-07 4.948814867856525e-07 0.0 1.4073618147643291e-06 2.8773361548552737e-07 2.0432849958218365e-07 0.00016455156750066647 7.456153492250918e-07 0.0 2.2758350334966288e-07 0.0 0.0001521641929351987 6.215511421983948e-05 0.00010926777115647145 0.00014581661847612646 1.165635167408751e-07 1.170863967018131e-06 4.0426593944476625e-05 0.00011446449123360298 2.895343397875667e-06 0.00010075118971169238 0.0 0.0 5.293402740255266e-07 3.5858635374684944e-06 5.096000973384951e-06 0.00013703242612120336 2.9597757801215537e-06 1.1485436892426661e-05 8.888197456162247e-06 2.1553114145072075e-05 3.2863020326864075e-06 9.058777623171796e-06 8.367942598443576e-07
1.0558323762062333e-06 0.0016619167885172975 4.413049978470297e-05 9.736765354990962e-07 1.5186352818456067e-07 9.922987903065183e-08 2.797896563889081e-06 6.966324616889957e-07 0.0015951778634153695 6.433655986180882e-08 2.5275556387897455e-06 1.7234550983799858e-06 8.908179151453551e-05 1.9485876673595986e-06 8.512760618576018e-06 0.0014480085632365281 6.450860091256031e-06 4.883348295402983e-07 5.270801457669362e-07 1.832150220866659e-07 0.0001456661082165684 0.0 0.00043960925183470433 0.0027880588684121373 0.0005731566610682822 1.5090204806004024e-05 0.004034766906200345 6.831821071948966e-05 2.26898942606163e-05 4.615874406770375e-05 5.522392324177153e-06 0.0 7.546368776955829e-06 3.7051557221602195e-05 4.178609237531911e-06 0.0004945261135913613 7.899357043375631e-05 9.577765165673354e-05 9.43332531318057e-05 5.6083564927599504e-05 3.46818558653541e-07 1.691795765464304e-05 2.0084304235294033e-06 3.030914108162269e-07 2.5978126852905876e-05 8.492713388588974e-05 0.0 7.3113045964334e-08 0.0 3.1505438568594322e-06 1.2193037892042158e-06 3.045094072008286e-05 0.0 5.781749676437481e-07 2.2425720535746556e-06 3.0354769206502394e-06 3.7724471905010584e-07 5.8685367762006e-07 0.0006690153226327094 1.9927736447439057e-06 0.0 6.79343525786248e-07 0.0 9.58127766466155e-05 0.00042126791253718147 0.00022704888184358612 0.00011943814653183094 2.8111274461893575e-06 4.749035237509083e-06 0.00122546082146163 5.9847306215032265e-05 6.033654036566483e-07 4.3435363360058635e-05 7.802810222958732e-07 0.0 2.788386726385942e-07 1.1143528987324975e-06 1.4956283049394761e-06 5.979245423458282e-05 5.721460145825037e-06 1.506055056584563e-05 9.792155120532895e-06 3.0564763642612437e-06 0.0 0.0 1.9550384459980803e-07
0.0001490325768993538 1.2200263786247677e-05 0.005145222758638809 3.877670831808346e-06 8.784621541001267e-08 1.0123196780398834e-05 0.0005782626375772687 0.0002305701888916734 1.5025553623379863e-05 2.0472255625231193e-06 4.8074612954317756e-05 1.9022450819384985e-06 2.682915967152496e-06 0.0002827758550087149 1.1349078730354693e-06 0.001728706094692717 0.003888912985080234 1.4280388290778606e-05 0.00045444350099245326 7.922143387040366e-07 0.009074436063045723 0.00043960925183470433 0.0 0.00039459630371377206 4.779125836837292e-06 0.0007786298553519756 0.005401245502381308 0.0015579223682786292 0.00022501353384319915 0.004698589016617936 3.7219984294499656e-07 1.766285806543297e-06 2.267528364749385e-05 0.0011450378647857736 0.0001293122548333202 0.006509298325930461 0.002998994358469455 0.004130607954376489 0.003553702397921609 0.0002258766665476279 4.169298331739717e-05 1.1763772272657665e-05 5.420132351797445e-05 2.7008245485376506e-07 1.192417408970211e-05 0.00017204554042278103 0.0 0.0 1.1217185112695021e-07 6.150316613187396e-06 1.6300488936145695e-06 1.3220679708915983e-05 2.499056303865692e-07 0.0 4.061276480506106e-07 6.642550376449079e-08 1.7705645205615175e-06 2.6681010544477224e-07 0.0011133470856876321 1.1957653054177356e-06 1.585813416744257e-07 1.4752615739255456e-06 0.0 0.00017309825358641692 0.00028604816023596107 0.000982983498419453 0.00010255919564815347 2.443622173853054e-07 3.2987432939384673e-06 0.0008489340279778546 8.130273765275068e-05 1.9662950695275663e-06 8.682046071126224e-05 8.391344025110879e-08 0.0 6.727505362723557e-07 2.348075033155026e-06 1.690439931672739e-05 0.00023009971012205704 1.1145966179906818e-05 2.1150997468718122e-05 2.0974232597448724e-05 2.0380251368662547e-05 7.788603050559466e-07 9.430435679835373e-06 1.292486921568091e-06
