0.0 1.1016981920178626e-07 1.744977272005219e-05 3.2564217282310526e-07 1.0352551470303938e-06 2.4629724656824406e-05 0.002575791792064175 0.0006729272640701658 6.517738500085992e-06 3.591293336711053e-05 9.698364877368374e-06 2.4560072414539963e-06 4.842515146846705e-07 0.0032115386462241986 1.8645323477458769e-07 2.3788999304830734e-07 0.00011629790428524533 3.248877918034361e-06 2.3075887532106235e-05 1.4397347560415282e-06 1.0275461965490405e-05 1.2436897293297982e-07 7.108563495631435e-05 1.1869264633246124e-05 2.3976222742891086e-07 1.584059786566215e-05 2.8618681075173512e-05 2.214350254757651e-05 0.0014087796811950647 0.0005954654671483814 0.0 8.550320318515674e-06 1.3577848621782675e-07 3.1205207637962044e-05 1.0422378541299046e-06 1.5723460534209104e-05 1.2257724775414948e-05 1.7431870260861075e-05 4.469619822271126e-06 1.4336821519120883e-06 8.577750193837133e-07 7.294432519177514e-08 8.494558458293042e-07 6.078701193357561e-08 1.1967751760262738e-07 4.527928076366269e-07 6.333618911762658e-08 0.0 0.0 9.662532262690836e-07 3.1165225610058256e-07 2.868850600004779e-07 6.344956918959463e-07 7.221046914014011e-08 2.1382795596330052e-07 6.968452791647286e-08 3.5614320178927645e-07 0.0 5.863731344743559e-07 3.576770761788007e-07 0.0 9.84132558955887e-08 8.527523968898567e-08 5.409281305724495e-07 1.407162802560429e-07 6.925401607672099e-07 4.718757728441713e-06 0.0 9.870386332986042e-07 2.08627092856647e-06 5.9980532481951285e-06 1.3834227930569316e-06 1.0976490131893622e-06 0.0 0.0 7.766887143811822e-08 1.771217332853173e-07 8.261533987002402e-08 2.6793497524592074e-06 1.3426682007435504e-06 9.182924449216052e-07 1.6940513104271688e-07 2.9953202108670336e-07 0.0 0.0 2.0655688293350202e-07
1.1016981920178626e-07 0.0 1.2310841340385909e-05 9.536177307063785e-07 2.1523886818360022e-07 2.7073558670889196e-07 5.081577754519581e-06 6.784282044337822e-07 0.0002504261471519914 1.553060709800337e-07 4.4518759664916994e-05 1.1520037882450612e-06 0.0005963157035567319 4.833321384096352e-07 8.267940818344186e-06 6.042231404785688e-05 1.467209053718812e-05 1.642124349226773e-06 7.894373152029319e-06 1.2362363572124265e-07 1.5395726882584447e-06 0.0016803420911386338 5.907555765501353e-06 0.0005406893275203049 0.00088234010535153 9.352579268322429e-05 0.0031953374586015594 1.9424613966575648e-05 1.7769027665897795e-06 2.005395404685051e-06 1.7625870163417655e-05 0.0 6.024868899042278e-07 7.92663095094779e-06 1.6287489579827574e-07 1.962785209059346e-05 3.667086124042156e-05 3.8527783838505786e-05 8.422218658985785e-06 9.241937315045936e-06 0.0 3.363004054315166e-05 0.0 0.0 2.0757814983301502e-05 3.28610272598935e-05 1.4652487161914485e-07 0.0 0.0 6.632290092117861e-07 4.164758185682347e-07 1.4761638437640192e-06 7.540600788300836e-08 1.1500688863542103e-06 2.261992441144214e-07 1.1959426934084048e-05 6.743186723091235e-08 0.0 3.2580875714608517e-06 1.5421947385586942e-05 2.4515109893002534e-06 5.647308271319214e-06 0.0 8.065265959180974e-07 8.48900606059341e-06 4.744586949442419e-06 4.061010181576744e-06 2.4701404342199255e-05 6.31655543179819e-05 0.00047917892070533676 3.0906628330342532e-06 2.024538360810973e-07 3.6878822003022755e-07 3.3174304708020656e-06 0.0 1.0109364354570293e-07 6.042779665167419e-07 0.0 1.6360897912762555e-05 9.024815653879948e-06 5.654077578170182e-06 3.706172200443014e-06 7.015831634152486e-08 1.7467950641084556e-07 4.993102253840058e-06 9.383321120974106e-08
1.744977272005219e-05 1.2310841340385909e-05 0.0 9.317968262370851e-07 1.958400311258413e-07 9.874630906539281e-06 0.0007478766959801459 0.00015776878950098404 5.313381055690376e-07 7.068445019006722e-05 8.33172276340505e-06 1.1002622221754132e-06 3.332796371530549e-06 0.00013911341357398255 0.0 7.729944402199274e-06 0.00282916405897749 1.3846342364411388e-05 0.00015028246707567334 2.4606100217296143e-07 0.0006423088181826428 9.561681642897682e-06 0.008202808230074096 1.1262464447012157e-05 6.139887841136695e-07 0.003575764281309233 0.004445771798904674 0.0005134078696011271 2.795393635737097e-05 0.00023896639892090238 1.9885880886745456e-06 1.1826084838386578e-06 1.3983975876951678e-06 7.76811436450695e-05 1.1174786865459431e-05 0.0006243928802620244 0.0022721422848559873 0.0006172777592308499 0.00023908152002851237 1.947799930484005e-05 2.710662789112275e-06 7.425909119861087e-07 2.80562050900303e-06 0.0 9.084168558287954e-05 0.0005554895497001685 6.881179556460347e-08 0.0 0.0 3.613240598442369e-06 1.3649190134805424e-07 5.783776186150965e-07 2.2557421867131319e-07 1.12533402670503e-06 0.0 1.0523143722809878e-06 2.531782620578711e-07 0.0 3.5832596672015675e-05 7.96182192005955e-05 1.9025490097885443e-06 1.297642974949898e-05 0.0 8.818991157159401e-06 3.740304019830629e-05 0.00022283323324708606 1.2312568619745146e-05 8.285975097828049e-07 8.423278543629267e-05 0.0014745990131099082 1.1761565730137056e-05 9.094720407412873e-07 3.3853088406229892e-06 0.0 0.0 6.878133550348133e-08 2.229904529776607e-06 2.607835513846023e-06 0.00010147832630801526 0.00014479418880935445 3.429620104006055e-05 4.562564607864705e-05 1.5468572791131097e-06 0.0 0.0 9.4644252555889e-07
3.2564217282310526e-07 9.536177307063785e-07 9.317968262370851e-07 0.0 3.827616694776633e-06 3.352456808208981e-05 5.613899031662357e-05 2.3670719396626537e-05 0.0005913834754184038 0.0006250396516751936 2.661931241562094e-06 0.0049407238425374774 8.253316025132091e-07 1.5891538596382518e-05 9.18373993252414e-05 0.0 9.963033704932256e-08 4.024637565369008e-07 1.1619441821342867e-07 0.0013802806683962739 7.406614047159385e-08 3.0431662587963987e-06 4.0052944883615377e-07 0.0016448258120845035 4.594463295093625e-07 4.656723081473791e-07 1.1736159951677523e-06 0.0032664065672038728 5.60017874316337e-05 2.300891194032889e-06 7.181595818423041e-08 1.6030053707216487e-06 3.2654370619478e-06 1.4020982243815099e-05 5.486531961148869e-06 0.00012055345172832655 3.3915966893055875e-06 4.3142940058066554e-05 1.6452851911767117e-05 0.00027593441000000983 3.3625359849698655e-06 7.980109135325087e-08 1.1695766673857133e-06 0.0 3.614962917096069e-07 0.0 0.00012527061659728348 0.0 1.049725858539307e-05 2.1151455005066188e-05 2.259823234849679e-05 8.039651940544848e-05 0.00025002853682622536 0.0 7.853110581514119e-05 0.0 4.381898446562248e-06 1.891403873181278e-05 1.9124283310988534e-07 0.0 4.71714201218365e-07 0.0 9.649074066364852e-05 6.223112452593779e-08 5.083807187063049e-07 1.9107552559500248e-07 0.00016055832531514422 0.0 8.193925316942378e-08 2.099075365666844e-07 0.00016188734584093772 5.639619506101164e-06 5.355483177340195e-07 0.0 4.610839096177663e-07 4.968015641467585e-07 7.380815993775127e-07 0.0 5.531525321934536e-06 9.889210979127751e-07 4.704770079023535e-06 1.3288906092545814e-07 7.553208496876056e-05 0.0 7.344400779609734e-08 5.423468298104281e-07
1.0352551470303938e-06 2.1523886818360022e-07 1.958400311258413e-07 3.827616694776633e-06 0.0 0.0006543881121145173 4.537253749319716e-06 4.024217288844713e-05 2.4022793791768155e-05 1.4546345760069868e-05 1.8149450022617924e-05 0.0001356297135875904 5.987771945552008e-06 1.1125516360120883e-05 0.00045631241143496206 0.0 5.482283931911082e-07 6.560692178246937e-08 1.6161948938283217e-07 1.194416169385016e-05 6.90426775114717e-08 1.1801619569042227e-06 2.6974678010203026e-07 1.1174115985740533e-05 2.5671142196333395e-07 4.947280869598706e-07 5.181357682836738e-07 7.095280921963558e-06 3.792487390479322e-05 4.996785036286519e-07 1.2171205579197452e-07 4.418302677592664e-05 1.6466353701319184e-07 4.720658739996335e-05 2.4391134746925015e-07 5.316081362000066e-05 2.7072381509928503e-06 2.9968946148853704e-05 3.825199779618764e-06 0.0005092245904669017 3.466400347525333e-05 1.549517992034319e-06 6.231527357210408e-07 7.234680449585061e-08 0.0 0.0 0.0 0.0 0.0 0.0 4.767481172333435e-08 0.0 0.0 0.0 1.7579864783519617e-06 8.56030215325551e-08 0.0 1.7935445342008417e-07 0.0 0.0 0.0 0.0 0.0 0.0 0.0 0.0 1.0912547771141254e-06 0.0 0.0 0.0 6.166430195809158e-07 4.9924419366320874e-08 0.0 0.0 0.0 0.0 0.0 0.0 4.757072994466525e-07 0.0 0.0 0.0 6.478209053493353e-07 0.0 4.3209804587113343e-07 0.0
2.4629724656824406e-05 2.7073558670889196e-07 9.874630906539281e-06 3.352456808208981e-05 0.0006543881121145173 0.0 0.001592578056098517 0.0027533066266910177 3.7294385548233184e-05 0.0035691936926133447 0.00012951398108311256 0.0020742222164460518 3.9664743401780786e-05 0.0003857680572884109 0.0005229174269726184 1.4727321496371095e-07 1.0267146388349784e-05 8.144476781303057e-06 6.258203940209197e-06 0.0001982656160411539 4.312789067302454e-06 1.1351827081335279e-06 8.748442766742022e-06 6.607332582400242e-05 4.5466872052307175e-07 1.1346010730318517e-05 1.4165752679241766e-05 0.0003239805833728967 0.00027271977533976254 1.3214683187524537e-05 1.6642895125875867e-06 0.0001849451081316553 2.289877997729136e-06 0.0002014168713084084 1.1788754157091573e-05 0.00036178785731060366 2.1168681870109026e-05 0.00028884382372934954 5.396306804379889e-05 0.0018744125315739413 0.00022761227126839525 9.460260635786968e-06 5.83422525974256e-06 1.1370409712283957e-07 6.582258933535817e-08 5.2289761168648065e-08 1.4912487101644536e-05 0.0 3.990500343151507e-06 2.8193873722333052e-05 2.040483785702605e-05 5.050579028794962e-06 4.774367839939153e-05 1.573038256746253e-06 3.334240763235894e-05 4.4198063913616047e-07 3.553352037128389e-06 2.0576055600163412e-06 5.394325032617267e-07 0.0 6.353811602435977e-08 0.0 1.5536269866514824e-05 3.4768777888035596e-07 7.109368883962389e-08 5.833598557276064e-07 5.7869662614721966e-05 2.9211047723135124e-07 3.5878784421365904e-07 7.829751557714287e-07 8.77302202481228e-05 8.84525788189736e-06 1.1327002796075444e-06 1.1121897910480617e-07 4.5239759694368683e-07 7.786135736774458e-07 2.5075775322261605e-06 7.379792227680762e-07 9.267875425292347e-06 1.3249831916756362e-06 6.899417701787078e-06 2.3030733415533414e-06 9.374793953519271e-06 3.2504208772778437e-07 7.496284370318617e-08 0.0
0.002575791792064175 5.081577754519581e-06 0.0007478766959801459 5.613899031662357e-05 4.537253749319716e-06 0.001592578056098517 0.0 0.003517901648999365 0.0002934550846965919 0.007112876192990187 3.4890561735283234e-05 2.5961800703590085e-05 1.3073209170247483e-05 0.004668597006121111 1.9817361780625975e-05 2.2943567337840766e-05 0.000372662093091584 6.842673023768366e-06 5.1549581261191954e-05 2.218790799243655e-05 0.0007655356806043373 1.5694533581283974e-05 0.0006923341696236203 0.0009613427124641025 1.570688688345701e-07 0.00018485316603599855 0.0004597503369351304 0.014275848450922342 0.0010839272906242904 0.002070341523313682 3.2485195862193247e-07 2.5050676098986e-05 2.2251015273725746e-05 0.00015713059905683832 3.532994608030558e-05 0.0006230387445010957 9.483277771591974e-05 0.0005313239703493794 0.0002118266429495435 8.144811641827152e-05 2.5660240481038764e-05 5.480718780449042e-06 9.958716777006422e-06 1.5216508475243313e-06 6.2929435226446595e-06 8.017573208389303e-06 4.3202098160376275e-05 0.0 1.4388982571676534e-05 9.993451747041193e-05 8.454441926468175e-05 2.923734807434199e-05 0.00016941378283372768 1.3071222476088944e-06 1.9499053606346512e-05 4.915821161809434e-07 2.2366223484914022e-05 3.447080683562533e-06 2.3350816169831706e-05 2.2605348576367307e-06 7.488289190645862e-07 1.1229821870909878e-06 4.397381281948631e-05 1.106063211814329e-05 8.050467373181742e-06 2.6074670882265948e-05 0.00028699767503314124 2.3658714133488642e-07 4.491196545880829e-06 5.326189796368945e-05 0.0003542678048005711 5.394993911635537e-05 2.1651053488488066e-05 1.4506855858392307e-07 1.4996801289659146e-06 6.523283912142761e-06 8.743595356055089e-06 1.2847337782250392e-06 7.293600738251247e-05 6.78135140101613e-06 5.2636253425311697e-05 1.362064767760563e-05 3.329444769147773e-05 2.3265470053427093e-06 4.045524825182479e-06 3.2569313517921804e-06
0.0006729272640701658 6.784282044337822e-07 0.00015776878950098404 2.3670719396626537e-05 4.024217288844713e-05 0.0027533066266910177 0.003517901648999365 0.0 0.00012780700106776116 0.0028340912914625186 0.0001143942960729592 0.0006069331925028004 1.8183800402716953e-05 0.002035421589002441 0.00018139766798896693 1.325266358442513e-06 0.00023964033187783278 1.3219577687777214e-05 6.058357866110921e-05 0.00012054647407575205 4.743428059827425e-05 4.154623440810215e-06 0.0001805241576585216 0.0004963217401184506 1.0608637632275438e-06 7.206455837181174e-05 0.00010893127585849435 0.0004221438682882432 0.0003304526610607986 0.00026476119573684364 8.531959089836215e-07 0.00029180698217336453 4.589324516252722e-06 0.00018797923214226877 4.203156251316326e-06 0.00021423021275013312 5.661554554489439e-05 0.00017154714209274827 4.568489484967566e-05 0.0005813087518973465 6.882890789950377e-05 2.926469104936074e-06 3.6749764498800198e-06 1.815924509011697e-07 5.358697433071343e-07 2.5914429972561634e-06 8.205385641299412e-06 0.0 4.188709894956131e-06 0.00010912517383790239 3.854382565393247e-05 1.1590431251797169e-05 2.7971977509132493e-05 1.6478979693749369e-06 1.3525739044853933e-05 7.197191354081005e-07 1.0540287862517315e-05 0.0 4.232536133466546e-06 7.770090023929788e-07 9.33041552867238e-08 9.496810531739554e-07 1.1708162343348246e-05 4.796736403563608e-06 6.578060902267965e-07 2.2858819950058005e-06 0.00021094335580339906 3.548946129234475e-07 2.0717534726693534e-06 9.038479844969393e-06 0.0002498957913912118 3.380539651935936e-05 1.5318022641198556e-05 0.0 7.525042702256008e-07 3.834736081236652e-06 5.4426390482541475e-06 8.596777607351838e-08 5.241725216493512e-05 6.2731047347246135e-06 3.691967218175998e-05 6.6259553219627755e-06 1.8194491458073977e-05 1.200253666533021e-06 3.2154910992810624e-07 4.794096979848362e-07
6.517738500085992e-06 0.0002504261471519914 5.313381055690376e-07 0.0005913834754184038 2.4022793791768155e-05 3.7294385548233184e-05 0.0002934550846965919 0.00012780700106776116 0.0 0.00021650817073927682 8.828354936462416e-06 0.0001455466429486992 9.59088684371201e-05 4.4184239342017406e-05 0.0004187007550784607 0.00017057850197746733 3.1033181206002254e-06 9.128979923335729e-07 2.0134836337462654e-06 0.0002808482690757312 4.212081143044608e-05 0.0015416255341798165 1.274897989549055e-05 0.003963954304910859 0.0001448185790817439 2.0482748837476692e-05 0.0002805794266490583 0.0010014753603117025 0.000245586243931931 0.00014320126535531376 8.13573682342636e-06 2.2336930037878207e-06 5.81269280876841e-05 5.60691969541894e-05 3.3951115168826835e-05 0.00035942853571340865 2.5159655344949153e-05 0.00016011875500816504 8.623620320430914e-05 0.000297395389947239 2.367729222982863e-06 4.618785802447193e-06 9.046876317965363e-06 1.7860294679504321e-06 1.8675337270539642e-06 1.3666035502437462e-06 9.56486751354209e-05 1.2335857220681132e-07 8.25225136546748e-06 9.782565597355249e-05 5.340206207715473e-05 2.7880849696285267e-05 0.00015480259379170596 1.159460092221499e-06 2.859928062754784e-05 3.997797009356378e-06 1.569938816525275e-05 6.557125012685457e-06 0.00010985545177055045 7.023968168523674e-07 5.087637367746761e-07 5.812272214430595e-07 5.924475270076304e-05 5.263459376244078e-05 1.60816192601044e-05 8.045946153316197e-06 0.0005841419937281586 9.543191643058902e-07 2.7764251424258366e-06 6.923981872510584e-06 0.0003741895136266562 6.233703616385114e-05 4.5911868464224866e-05 7.346213137609917e-07 1.5525408051867503e-06 1.271210093940384e-05 1.0112012397951195e-05 2.7547926587658467e-06 5.6528884192603627e-05 1.6621697120274568e-06 4.732423271704559e-05 1.3391015695622471e-05 2.828579513079223e-05 5.091159038673831e-07 8.935011880314327e-07 2.4303833522256862e-06
3.591293336711053e-05 1.553060709800337e-07 7.068445019006722e-05 0.0006250396516751936 1.4546345760069868e-05 0.0035691936926133447 0.007112876192990187 0.0028340912914625186 0.00021650817073927682 0.0 9.585123301731657e-05 0.0023089425762047363 2.3688282268354917e-05 0.0008386893962739232 5.907299017130146e-05 5.158572095096976e-07 1.7753102616644844e-05 1.200507912269328e-05 1.125611377445349e-05 0.0017354899248968993 3.315346309920741e-05 4.0168231054890784e-07 3.428670924015414e-05 0.00024047871741083457 2.9941026684341396e-07 2.4763869612808487e-05 3.339550708309126e-05 0.0022811560856756314 0.0009365359260793748 1.3777067686937461e-05 1.4540245511276036e-06 6.726460377600756e-05 8.589303125849191e-06 0.00026639523751354263 5.3558468603844006e-05 0.0010583088314530644 3.2424925932470264e-05 0.0008160971907526508 0.00020026725319734011 0.0002165043973428395 7.781562636294541e-05 4.4781745374737456e-06 1.6773443312340186e-05 3.8804828242553315e-07 6.514260208945663e-07 1.4789822125200666e-06 0.00013018767908476656 0.0 3.287698788236979e-05 0.00015080227393716913 0.0001406876892159838 4.5310323459455006e-05 0.0004429610713410612 9.481741987975829e-07 0.00012394506202536733 2.0020573345909797e-07 2.9111829597652177e-05 9.91646203841021e-06 1.5365305952007955e-06 3.9460798480815943e-07 1.0733716251922457e-07 0.0 0.0001245265895786348 1.6760316081465803e-06 3.111147173320013e-07 1.8214666412954517e-06 0.000371546811334601 2.2146150841142713e-07 3.5928389522188496e-07 3.4144208759472377e-06 0.0005567799272680042 4.005944206703528e-05 6.456193098304118e-06 0.0 1.61806443480773e-06 5.414316863580553e-06 6.524796137684939e-06 2.925164052373781e-06 3.226150380322276e-05 2.2567163887527e-06 3.383728549431648e-05 7.335586078872584e-06 5.097357689258037e-05 3.2267818840011763e-07 4.810486748308991e-06 3.245855347248945e-07
9.698364877368374e-06 4.4518759664916994e-05 8.33172276340505e-06 2.661931241562094e-06 1.8149450022617924e-05 0.00012951398108311256 3.4890561735283234e-05 0.0001143942960729592 8.828354936462416e-06 9.585123301731657e-05 0.0 9.11675721242012e-05 0.0010752012402008959 0.0001703803012407856 4.3818838107217905e-07 1.5434706535237616e-06 0.0002799145969464343 0.001346547124956344 0.0005932156520587748 1.7649658423503087e-05 2.0210591858128626e-05 1.3387662000674155e-05 2.7481706473416073e-05 1.879140462979945e-05 0.00016828325703189734 0.0010865184592347206 0.00034986265745044466 2.163001381500377e-05 0.0005249225038835896 5.552300333764551e-05 0.0001704995994852812 0.00023598371711791138 9.00312710134718e-06 0.002778204051862318 1.337452031378e-05 0.0005760248667667878 0.0034274227393513122 0.003639331026847461 0.0006816867194116579 7.745494112900037e-05 2.7541783334355852e-05 0.000407721831386268 2.9469698597234576e-06 0.0 8.956134236133431e-06 4.405226998964435e-07 4.056634350647701e-08 0.0 1.4488729932903193e-07 8.39765250632555e-06 8.778313199732857e-07 5.779795855191626e-07 4.1367096763705415e-07 0.00024268627103811487 1.3697661348907138e-06 0.0005450017256847931 8.567154416081458e-07 5.223087380202279e-08 3.1357026657406857e-07 9.689303615102076e-07 4.324601387140709e-05 1.1333744387085371e-05 6.167560368841883e-08 4.011551075608202e-07 7.30760223464434e-07 7.336651172452342e-07 1.3266752042885432e-05 0.00010793559981202178 0.0001431621671969171 9.957631396525589e-05 1.2906402909445407e-05 3.3835060209376304e-06 1.440055356784959e-06 6.254831251896021e-05 2.0780496751957166e-07 2.321438502833094e-07 6.393177025195891e-06 8.78808141140286e-07 1.3729652938931564e-05 0.0001890943093297627 1.67872245393344e-05 1.933680337634997e-06 1.0116567893203797e-06 0.0 7.751974776662305e-05 2.76670635017225e-07
2.4560072414539963e-06 1.1520037882450612e-06 1.1002622221754132e-06 0.0049407238425374774 0.0001356297135875904 0.0020742222164460518 2.5961800703590085e-05 0.0006069331925028004 0.0001455466429486992 0.0023089425762047363 9.11675721242012e-05 0.0 2.4157614881362575e-05 0.00023785181738959296 0.0010617750822222223 8.577129460635695e-08 2.114854029151209e-06 8.738654845160805e-06 6.26898513264135e-06 0.0033583546036241043 4.6737469406857596e-07 4.927561287159135e-06 1.6339557872271526e-06 0.00027292271790502247 7.978386804943951e-07 7.028607389852905e-06 6.072952224280421e-06 0.0006616594898582924 0.00030928535142191594 3.8347350335856795e-06 1.6372077779390486e-06 5.994496208102117e-05 2.0328502985372073e-07 0.0001521642197132794 4.841097467895682e-06 0.00026674448773484727 1.2268347107995467e-05 0.0003193753130615562 3.664471991325043e-05 0.0021275910389775975 5.452150486534416e-05 8.971436499883604e-06 2.073810496263163e-06 0.0 0.0 6.871852335485314e-08 7.41286152531539e-05 2.0613500795964384e-07 6.280394759291413e-06 1.463212547106632e-05 3.6696879351329026e-06 2.8862935493154075e-05 0.00011692730188077674 8.142427564272651e-07 0.0002597241515025155 8.61094513218743e-08 2.201343914596331e-06 2.9640017381563434e-05 9.140642155053769e-08 0.0 0.0 0.0 6.394389454466575e-05 0.0 1.5614060316284683e-07 1.0314427959589469e-07 6.325729682830999e-05 1.3037352584690218e-07 1.4657047570962882e-07 4.6985397964164093e-07 5.8144164252583923e-05 6.181052940629048e-07 1.6807978376105496e-06 3.924193285605806e-08 0.0 6.399328909891594e-08 1.4858552289990585e-07 0.0 5.375777005423855e-06 3.0580736832224457e-07 2.9427940949479277e-06 0.0 0.00012425023038132414 0.0 1.076881216859964e-07 0.0
4.842515146846705e-07 0.0005963157035567319 3.332796371530549e-06 8.253316025132091e-07 5.987771945552008e-06 3.9664743401780786e-05 1.3073209170247483e-05 1.8183800402716953e-05 9.59088684371201e-05 2.3688282268354917e-05 0.0010752012402008959 2.4157614881362575e-05 0.0 2.116375725770917e-05 4.307553255653906e-06 7.5275690852131035e-06 6.385542894194245e-06 1.6761179400595495e-05 1.0118018522341577e-05 5.308177275579406e-06 7.908751301620208e-06 0.0002862984513829925 1.9756804931356508e-05 0.00015345392001385244 0.0023495894542637946 0.00018661627333457737 0.0024363859474004898 4.0715817140306875e-05 3.215833219088208e-05 1.8544685710633807e-05 0.00035614061302417674 3.153327274993611e-05 7.811544673823494e-07 0.0005239507142832078 0.00027795204870351576 0.002841466805490177 0.0025186553922061784 0.002578347808020591 0.000488125427099394 0.0002368186397813515 0.00018261831291903322 0.0009509758308094219 3.159037401238185e-05 0.0 4.041157116675792e-05 5.296480764565169e-07 1.983978991219927e-06 0.0 6.225217918317648e-08 2.3929609467425173e-06 8.322417754194298e-07 6.061988033023672e-07 4.612127120502502e-06 0.0006280806056078671 6.360672703839723e-06 0.0017128410690057411 2.815299388881866e-06 1.2915794971415547e-07 3.837644962345782e-07 1.058304918726866e-06 5.6701230576388716e-05 9.448023274957975e-06 3.134776800284251e-06 1.4560268466855165e-07 1.467753684849931e-06 0.0 5.359131950221493e-06 0.0004377178960391921 0.00018549100147501196 0.00017845097047940498 5.521569529921499e-06 7.412026180812159e-07 1.4840291108069892e-07 0.0001603191054777334 1.473786211608488e-07 2.005870862315198e-07 7.558691594027489e-06 3.806135341805943e-05 0.00018618701707715247 0.00033740495704950667 3.629146373653823e-05 1.3751043239305271e-05 5.9364912153449753e-05 0.0 0.00020937807734886142 7.129567907451292e-07
0.0032115386462241986 4.833321384096352e-07 0.00013911341357398255 1.5891538596382518e-05 1.1125516360120883e-05 0.0003857680572884109 0.004668597006121111 0.002035421589002441 4.4184239342017406e-05 0.0008386893962739232 0.0001703803012407856 0.00023785181738959296 2.116375725770917e-05 0.0 2.070242056320274e-06 1.510932729153554e-06 0.00038541641844243383 2.0444011059287312e-05 9.180750388153816e-05 6.199226809441272e-05 3.7447446507087464e-05 1.3067741147542621e-06 0.00026620349499782844 0.00012639845785213303 4.073027117422868e-07 8.831196938348021e-05 0.00014197479169005795 0.0002888001107817826 0.002221642505907228 0.0007527808289300572 1.3338848552618256e-06 0.0002603371657796763 3.887604114469171e-06 0.00031575332443676104 4.8527020670827756e-06 0.0002829822816311345 7.495255268631664e-05 0.00023853459650806288 3.959197527740973e-05 0.0003584358405075941 5.474241581362363e-05 6.273224370211081e-06 2.6397768205328984e-06 4.210506093626362e-07 7.730094853479098e-07 2.9144798341120965e-06 3.1645044869208878e-06 0.0 1.6078540127893883e-06 3.1122691484838794e-05 1.1333779803942888e-05 6.1753823616450444e-06 7.269050856236085e-06 3.0374919934882607e-07 4.055329884457222e-06 1.2796643476239085e-06 4.0143181681037595e-06 1.9517699706180256e-07 4.099077439688598e-06 1.376159753320974e-06 2.1099690593950697e-07 6.626385210684746e-07 6.185292135198183e-07 7.030863150490788e-06 7.247924673363611e-07 2.2067577057267623e-06 6.801628707487579e-05 0.0 3.2525040061447767e-06 1.101477690415746e-05 7.544746316227443e-05 1.5143856948952731e-05 1.5820035479288057e-05 5.1216259017090207e-08 9.832690678237931e-08 2.0838773666433464e-06 3.51522913624061e-06 3.228144221180472e-07 2.3811247279528152e-05 4.149617135089347e-06 2.0898631005402967e-05 3.502271425457415e-06 5.9713374916500695e-06 1.151786971403419e-07 6.49502697892453e-07 3.416176891434468e-07
1.8645323477458769e-07 8.267940818344186e-06 0.0 9.18373993252414e-05 0.00045631241143496206 0.0005229174269726184 1.9817361780625975e-05 0.00018139766798896693 0.0004187007550784607 5.907299017130146e-05 4.3818838107217905e-07 0.0010617750822222223 4.307553255653906e-06 2.070242056320274e-06 0.0 0.0 1.0643836789483195e-07 0.0 0.0 0.00019521659287786611 0.0 5.499218501159739e-05 5.6003003676230335e-08 0.0003869240445935689 5.439274192695651e-06 7.321490724679761e-07 1.3916915527083309e-05 6.812139274864106e-05 1.3068257971749615e-05 1.656677624623384e-06 6.695706907359805e-07 3.178776539959554e-05 2.0542002682576063e-06 2.088979434699599e-06 1.0565458814702247e-06 2.550826436867606e-05 4.98583684907112e-07 7.112839192627768e-06 4.126195990668713e-06 0.00041528440595789727 2.9096331380169474e-05 1.2738869004223776e-07 0.0 0.0 1.0642878267025911e-07 0.0 1.9315531370625847e-06 0.0 0.0 3.215756264433275e-06 4.535533318783255e-07 1.6014228665630848e-06 5.70006828313631e-06 0.0 9.130304107255712e-06 1.2542302317692165e-07 0.0 3.6186072882796197e-06 3.171636234098728e-07 0.0 0.0 0.0 2.3897609984836145e-06 3.099679929775585e-07 2.409875725160652e-07 8.338237674799437e-08 5.929291243415755e-06 0.0 1.221593363019253e-07 1.5787162748339958e-07 2.935241579084383e-06 2.847089364731195e-07 1.2742611229135514e-07 0.0 0.0 6.077999892668994e-08 1.3539961575274742e-07 0.0 3.5845236526275527e-07 0.0 6.869706801020878e-07 1.3061343791969337e-07 1.2699324589513318e-05 0.0 0.0 0.0
2.3788999304830734e-07 6.042231404785688e-05 7.729944402199274e-06 0.0 0.0 1.4727321496371095e-07 2.2943567337840766e-05 1.325266358442513e-06 0.00017057850197746733 5.158572095096976e-07 1.5434706535237616e-06 8.577129460635695e-08 7.5275690852131035e-06 1.510932729153554e-06 0.0 0.0 2.7201602400793083e-05 5.562102231322478e-07 3.058648112596367e-06 0.0 0.0011447867437369512 0.0015827021703992983 0.0017843992247802494 0.0015804638406330335 9.201761506894472e-06 1.0413256777189065e-05 0.0033396907802762145 0.0012934851441764534 5.955842557849526e-06 4.340596653245547e-05 3.376504733669932e-07 1.433398250225872e-07 5.391431612178274e-06 2.1673451116999642e-05 2.4467938250841235e-05 0.0011913785882043753 0.0006030988643604341 0.0003590196745856619 0.0005395460326474129 4.042234718739068e-05 1.2011150076351328e-06 1.6479195165844985e-06 9.22363085740297e-06 1.8674258229129022e-06 1.5147251588290192e-05 1.5162796867974623e-05 1.1793057133277404e-07 0.0 6.982025891830124e-07 1.4531927952198684e-05 3.9557094258183785e-06 6.595156549026452e-06 2.7344425702612877e-07 5.48493871074954e-07 7.597448362845318e-08 5.8497972740725247e-08 6.305951481583095e-06 0.0 0.0026806641089674238 1.0604375975756713e-05 2.4385188936739337e-07 3.232752446895661e-06 0.0 0.0007039519341323005 0.0003794647106424244 0.001290957688115935 0.00017050010081754485 6.618697328933557e-07 5.249092117923252e-06 0.00034617475677161194 0.00020988264017332808 5.7650746601079556e-05 0.00025991610863422256 1.2634223526784935e-07 1.3646434578198008e-07 1.543298637443219e-05 1.5095716440735368e-05 2.173090061784694e-06 0.0001132173983502103 1.4326844879635312e-05 5.568665591883391e-05 3.3336183303380294e-05 7.929291480139163e-06 1.512866720213522e-07 0.0 1.3588313286800927e-06
0.00011629790428524533 1.467209053718812e-05 0.00282916405897749 9.963033704932256e-08 5.482283931911082e-07 1.0267146388349784e-05 0.000372662093091584 0.00023964033187783278 3.1033181206002254e-06 1.7753102616644844e-05 0.0002799145969464343 2.114854029151209e-06 6.385542894194245e-06 0.00038541641844243383 1.0643836789483195e-07 2.7201602400793083e-05 0.0 0.00014357312576882133 0.0018586340764235728 4.5088206035533353e-07 0.0009916724962488444 6.6937909843699735e-06 0.0023699859670131833 2.1100314313739235e-05 2.7135004768649934e-06 0.001088186716377454 0.0029987960919527564 0.00021360584159633056 0.0005279025551600802 0.0023856904433142982 2.6882950421082967e-06 4.497362065675761e-06 9.814274592520779e-06 0.0016858569520980969 6.299748762360335e-06 0.00032192624664809983 0.002042567686340391 0.0015987765759960825 0.00032348445570241994 1.3138743401470845e-05 8.636380690516785e-07 5.44685780972017e-06 5.3219305130924e-07 6.727393775589502e-08 2.6355887106761277e-05 0.00011764983535852111 0.0 0.0 7.718434849973948e-08 2.020517449013013e-06 0.0 1.4069277847377054e-06 1.3051293770005921e-07 9.102146806426834e-07 0.0 5.412334590665483e-06 1.702383302069414e-07 8.008617751052967e-08 1.3643044825292322e-05 3.797366420288994e-05 5.505528809055529e-06 2.403370252006967e-05 1.0145922682549555e-07 3.761058200997439e-06 7.405332754382965e-06 3.8863671381107295e-05 8.807732661980466e-06 5.130675268445806e-06 0.00016198542597900623 0.0004090575211017891 7.63916270899679e-06 1.9221438357611413e-06 3.1179988927747495e-06 4.16264063678998e-06 0.0 3.8453055191704785e-07 1.0003485737208328e-06 6.862704309736392e-07 3.2206885923134484e-05 0.00013510176199815467 9.893761838133887e-06 9.914410428982808e-06 6.550214652140256e-07 0.0 7.053801789092078e-07 0.0
3.248877918034361e-06 1.642124349226773e-06 1.3846342364411388e-05 4.024637565369008e-07 6.560692178246937e-08 8.144476781303057e-06 6.842673023768366e-06 1.3219577687777214e-05 9.128979923335729e-07 1.200507912269328e-05 0.001346547124956344 8.738654845160805e-06 1.6761179400595495e-05 2.0444011059287312e-05 0.0 5.562102231322478e-07 0.00014357312576882133 0.0 0.0003752773237234623 2.159583659441032e-06 6.619256594732389e-06 1.5604649674146366e-06 1.1232565187982982e-05 2.5364674850898836e-06 1.5270156984995757e-05 0.0010129747366796696 0.0002537378016923403 3.286472564373934e-06 5.491202846556014e-05 2.0425687030035688e-05 5.171917450422148e-05 6.970863264533502e-06 2.397349877217867e-06 0.0004001150759032734 4.047897817182396e-06 0.00033434523638859023 0.0007264523393035289 0.0009186794054100436 0.00026410780829832484 1.0432872736001808e-05 1.8688126665248436e-07 3.988441232074042e-06 6.885146400867989e-07 0.0 2.68848220808192e-06 1.2389558402258982e-06 0.0 0.0 5.527631699729779e-08 4.77296867430993e-07 6.129262471150179e-08 3.751209769754248e-07 5.95996011935888e-08 3.5701905825198354e-05 1.6380656242651543e-07 0.00011930817696953023 5.7179679902890515e-08 0.0 4.656903957632431e-08 1.1859022906791245e-06 5.257124731572561e-05 3.36063034889621e-05 0.0 7.880151505075375e-08 7.745263784097241e-07 3.4222777383275513e-07 2.1543007816816117e-06 3.917837762970419e-05 0.00031300020216365194 0.0001954619397847176 9.635084119932824e-07 3.8933541937436074e-07 7.51175285875039e-08 6.56545272850444e-05 0.0 0.0 3.374224138231192e-07 0.0 3.834712802275669e-06 2.7923459447832054e-05 2.4307525397375573e-06 1.0759965694328509e-06 1.441118558338332e-06 0.0 2.8760475712739725e-07 6.459279564071442e-08
2.3075887532106235e-05 7.894373152029319e-06 0.00015028246707567334 1.1619441821342867e-07 1.6161948938283217e-07 6.258203940209197e-06 5.1549581261191954e-05 6.058357866110921e-05 2.0134836337462654e-06 1.125611377445349e-05 0.0005932156520587748 6.26898513264135e-06 1.0118018522341577e-05 9.180750388153816e-05 0.0 3.058648112596367e-06 0.0018586340764235728 0.0003752773237234623 0.0 1.1848413642483873e-06 6.725761275415573e-05 2.9816895055172666e-06 0.00019120192812102017 5.820385555841994e-06 1.4439745713829562e-05 0.001872554347498539 0.0007695954872460397 1.961874748372273e-05 0.00017652490557532906 0.00018433478992563613 1.0517564367643421e-05 3.685617632359762e-06 1.1265498057224242e-05 0.0012306349934282468 4.062783897674442e-06 0.00046754456131924463 0.0012186709896979773 0.0012214367384834324 0.0002526761401663518 1.1329017080982365e-05 6.273892994353072e-07 7.559430172326792e-06 7.335724978627692e-07 0.0 1.0496052359936171e-05 2.5651834426727376e-05 1.5291452617594803e-07 0.0 0.0 7.629103957911648e-07 7.378612838507179e-08 1.328052070197711e-06 0.0 6.766233203287267e-06 0.0 4.2104243197769535e-05 5.573787370632682e-08 0.0 1.2421949972133766e-06 2.2393121321634505e-05 3.1957967026836116e-05 8.767279743110217e-05 0.0 3.6110672191350963e-07 3.2913721699705305e-06 4.40450232940454e-06 4.645903790510367e-06 4.7056691601882864e-05 0.0005411973722323262 0.0005374943306905391 1.9107105509629877e-06 9.94282537767725e-08 1.0364071956409002e-06 2.755165384054324e-05 0.0 0.0 7.121532385397791e-07 2.7350817546291114e-07 1.3346417709713853e-05 0.00011965027141414007 6.889584668667699e-06 3.1007369744249195e-06 3.4417421161174426e-07 0.0 4.1725064246388416e-07 2.2670441515891504e-07
1.4397347560415282e-06 1.2362363572124265e-07 2.4606100217296143e-07 0.0013802806683962739 1.194416169385016e-05 0.0001982656160411539 2.218790799243655e-05 0.00012054647407575205 0.0002808482690757312 0.0017354899248968993 1.7649658423503087e-05 0.0033583546036241043 5.308177275579406e-06 6.199226809441272e-05 0.00019521659287786611 0.0 4.5088206035533353e-07 2.159583659441032e-06 1.1848413642483873e-06 0.0 7.840521370624113e-08 7.107352859485755e-07 2.9650355140084723e-07 0.0002898849800167609 0.0 1.6892952447412944e-06 1.8953932643669624e-06 0.002420277069008718 9.78813626991881e-05 1.247590278540238e-06 2.459945936105457e-07 1.1982870845367616e-05 1.5683931443348696e-06 3.802264826559775e-05 3.814383225057135e-06 0.00013359719842790846 2.884177581281449e-06 0.00010223404913794112 1.6403043809022804e-05 0.0006806743403295377 1.452323201520858e-05 9.55108713952341e-07 1.4705333022474177e-06 1.5815325795612609e-07 1.0577949707066674e-07 0.0 6.559763897329547e-05 0.0 7.448309226770861e-06 1.5732744922677756e-05 8.311293702344694e-06 3.692347944703323e-05 0.00012434107336992684 2.2911765181094302e-07 7.07345614157658e-05 0.0 1.3378294800868896e-06 1.893192521041741e-05 5.298953338135551e-08 0.0 0.0 0.0 5.701621192327632e-05 0.0 7.344297578170613e-08 0.0 7.647460596863469e-05 0.0 4.95559355006257e-08 1.9758223560229867e-07 8.707169838946023e-05 3.6725795690924347e-06 8.31075560065917e-08 0.0 5.7804201066239387e-08 1.8919634075384004e-07 4.284129804837473e-07 0.0 4.884222155532223e-06 6.93266925629051e-08 3.938333544152084e-06 9.781615113273698e-07 7.917232277049086e-05 0.0 1.1296052997214919e-06 3.4519836862065005e-07
1.0275461965490405e-05 1.5395726882584447e-06 0.0006423088181826428 7.406614047159385e-08 6.90426775114717e-08 4.312789067302454e-06 0.0007655356806043373 4.743428059827425e-05 4.212081143044608e-05 3.315346309920741e-05 2.0210591858128626e-05 4.6737469406857596e-07 7.908751301620208e-06 3.7447446507087464e-05 0.0 0.0011447867437369512 0.0009916724962488444 6.619256594732389e-06 6.725761275415573e-05 7.840521370624113e-08 0.0 4.8013572526911916e-05 0.0068961585962116 0.00044988064722358586 7.287422522333818e-07 7.150041109409003e-05 0.0003672541671022136 0.004628478564780344 0.00012596882545673572 0.004385034882149755 4.4469632246028295e-07 2.904549150540098e-07 3.563862338292112e-05 0.001203406440796457 8.870532970979913e-05 0.004337329141314757 0.0014375737242352568 0.004001400248879267 0.002663457078037168 9.80249409468991e-05 2.1643902351948936e-06 3.3050356808686716e-06 3.4733444979417253e-05 2.1948298319407703e-06 7.431506625189731e-07 4.711522529639445e-06 3.1665872991470413e-07 0.0 3.7538459410605033e-07 1.4430219603353787e-05 4.836611844708339e-06 1.5097269923398328e-06 2.289219404454296e-07 3.001221613160726e-07 0.0 1.81201290082886e-07 5.2479154729697566e-06 0.0 0.0004820898350587291 4.517544021835753e-06 7.21764470657101e-07 1.6901946218283546e-06 0.0 0.00044899334567827974 2.3194873365518027e-05 0.00012787210738047188 9.073747939174824e-05 0.0 2.0083383383599452e-06 3.115898168453361e-05 0.00015794560936224162 5.8365590633414594e-05 0.00027121105380698907 0.0 2.595824977270954e-07 1.5582803872329882e-05 1.3355353926236424e-05 3.0485643507988185e-06 6.605755370442752e-05 7.465304283399364e-06 3.5393394844993044e-05 1.899678434786311e-05 8.022083732832976e-06 0.0 4.421447309880199e-06 1.5469716841630074e-06
1.2436897293297982e-07 0.0016803420911386338 9.561681642897682e-06 3.0431662587963987e-06 1.1801619569042227e-06 1.1351827081335279e-06 1.5694533581283974e-05 4.154623440810215e-06 0.0015416255341798165 4.0168231054890784e-07 1.3387662000674155e-05 4.927561287159135e-06 0.0002862984513829925 1.3067741147542621e-06 5.499218501159739e-05 0.0015827021703992983 6.6937909843699735e-06 1.5604649674146366e-06 2.9816895055172666e-06 7.107352859485755e-07 4.8013572526911916e-05 0.0 0.00013044926201729833 0.0034942575303678622 0.0005949725834900509 3.98571263918808e-05 0.0023418428285647054 0.00010693414996167114 6.1979201721114216e-06 6.652604181302238e-06 1.8458159743776443e-05 0.0 1.9983342097637725e-06 7.165361508857524e-06 4.835525086644657e-07 2.2463464642192233e-05 1.7344660052825766e-05 2.1925161596589626e-05 6.5459014691757335e-06 6.139908138592464e-05 3.698308477512486e-07 7.2493480049389126e-06 9.337593501494824e-08 1.6598595790859138e-07 2.85731052790841e-05 1.4782937443831735e-05 6.526220943008067e-07 0.0 1.5267500501769897e-07 2.137536802457246e-06 2.716076509878088e-06 8.703394091548646e-06 1.0868173497806803e-06 1.1531385349779333e-06 2.260709146885336e-07 3.093237619029958e-06 6.80473551410219e-07 6.299080048308e-08 0.00040573769807371427 4.746443879518698e-06 7.421214470758925e-07 1.7667058037591234e-06 6.336014123345152e-07 5.279096423899102e-05 2.1696958086708e-05 0.00013297719156523774 5.7682323016405386e-05 9.222643321268373e-07 1.1172777904808573e-05 0.00022982317485738995 3.07839047479905e-05 5.801670940416457e-06 1.5794064325035395e-05 1.4086639456753416e-06 0.0 1.833129287382905e-06 1.9478768487838857e-06 9.747043178448775e-07 1.8855372575908596e-05 4.342232910890055e-06 8.80429770371713e-06 5.33995126693311e-06 1.723722705369739e-06 1.4058176656209872e-07 2.0910883561080214e-07 1.037839721526234e-07
