0.0 3.2384722868992515e-07 0.0001844972538586228 1.3178297250986251e-05 1.3025527402833962e-07 1.887385134367771e-06 0.0014586434250149953 0.00033400572465669843 2.9592193781539937e-06 6.548804222959757e-05 1.1816110731050284e-06 1.3556227026222812e-06 5.881735864469047e-07 0.0029522738813690568 0.0 1.7680999166412947e-07 8.956784213571418e-05 6.14137915499594e-07 7.803834343333666e-06 8.056262788841898e-06 2.6413865377973676e-05 1.1709276238902607e-06 0.00013850190212235386 4.4794977627823495e-05 7.9642226985417e-08 5.054926547698713e-05 2.8952699272658437e-05 6.169655565520424e-05 0.0018667996430824947 0.000815921077801818 5.302845657375098e-08 1.1113170440046308e-06 9.493986888964568e-05 0.00011240088358930966 6.551903194630814e-06 6.898903327862453e-05 7.54286515874533e-06 0.00019119517506949532 2.6687884900850858e-05 8.545950496163268e-06 4.261494029810992e-06 0.0 5.557127098431209e-07 3.1028645641299713e-07 6.856416007882898e-08 2.5981326858703956e-07 3.050822201958892e-07 0.0 4.2614273293944975e-08 2.198673970220294e-06 0.0 4.6699591009952364e-07 2.3607823808354788e-07 0.0 0.0 0.0 0.0 0.0 2.9979405975629546e-07 0.0 0.0 0.0 5.279920132714784e-08 6.709831726966244e-07 0.0 4.009588861174186e-07 2.6626553361558165e-06 0.0 1.6443248138579738e-07 1.0810796681813862e-06 6.477807067944145e-06 2.8613846310411123e-07 1.6852822117769922e-06 0.0 0.0 0.0 8.658705853072705e-08 1.3435302304696615e-06 2.2637904267547983e-06 6.667658740359515e-07 0.0 1.0446528222767381e-07 7.07224642119569e-08 2.1918979432737076e-07 0.0 0.0
3.2384722868992515e-07 0.0 0.0003399537128318591 1.9880333595491134e-07 2.1275923007745602e-07 7.731663375726213e-07 1.2873473140149504e-06 2.813896533497448e-06 0.0003319213804026937 5.837725498043665e-07 2.939445149374953e-05 3.4211389419468633e-06 0.00047587439044363526 7.100952821016196e-06 4.5161384398697386e-06 8.265630707584848e-05 1.5329149360811207e-05 1.549690361159991e-06 9.426657932198437e-06 5.841341932302105e-07 2.3717805089422643e-06 0.0008051238179275906 7.069366473056864e-06 0.00013818736723578327 0.0006008044809594199 0.0007728451981843954 0.003900513314545202 7.576809029818125e-06 7.461349478867905e-06 2.8515478081658594e-07 2.339773369886004e-05 1.1027782563474148e-06 6.492238774596652e-08 5.759210987912328e-05 2.02611871063622e-06 0.00016870732378702165 0.0005951317832397418 0.0003481327426158146 0.00011442790738639503 1.4611315475700316e-05 9.125686825442935e-07 5.320453078337234e-05 2.5260395622168004e-06 1.11537086645067e-07 1.1723633469870154e-05 1.11263854106266e-05 6.287353279434356e-08 0.0 0.0 3.74211636642004e-07 1.0925400444733169e-07 6.288875085053388e-07 0.0 4.646184772572547e-06 0.0 2.1587001389811208e-05 1.0382336840641575e-07 0.0 1.1818864366932344e-06 9.320808000261277e-06 2.579431730985422e-06 7.72478588348195e-06 0.0 2.18804859865364e-07 2.3020365464029594e-06 2.840706463197445e-06 5.076495336254476e-07 1.0567681804040218e-05 0.00017913962250792426 0.0003929021812421973 5.509946213087992e-07 1.507524832552524e-07 6.290221306074357e-08 2.986570004108316e-06 0.0 0.0 1.5569483113282427e-06 1.2992143381513598e-06 4.186327610691501e-06 1.5197883506151843e-05 6.568533098758656e-06 8.479349619621431e-07 1.490502188271131e-07 6.121542311184617e-08 1.3751367445808485e-06 0.0
0.0001844972538586228 0.0003399537128318591 0.0 1.1400601292715166e-05 2.717046659518129e-07 4.899681252686903e-05 0.000269537209745319 0.0007512632567167767 1.8339628406713535e-05 5.471141815691086e-05 4.481152026553688e-06 8.737692714892036e-07 3.96039506791426e-06 0.0006554426793871344 2.2106862341115987e-07 2.46883143902097e-05 0.0017328112106705816 1.9090721961003213e-05 0.00013069516412261446 4.05306365546012e-06 0.0004313730640223282 0.0002570559647340333 0.007065927577318402 9.529634876796089e-05 1.1586382927186098e-06 0.004460698213881608 0.002028013069477976 0.0004064744949294477 0.0004074537622031011 0.0006423367846407328 5.858907085183798e-07 4.825712852929937e-07 2.7490025243948343e-05 0.0005634098764344827 3.968343614037425e-05 0.0014394608860430545 0.0023131180647160145 0.0016263330433913111 0.0005132913954996307 0.0001380175640518122 1.151742859987655e-05 1.7403503876878829e-06 5.6258891910289635e-06 2.2378148976647524e-06 0.00036133654810182166 0.0005133878619994172 8.977002396272025e-07 0.0 5.092872902714923e-07 2.0826411642420336e-05 4.169354369136001e-06 8.31351796802758e-06 2.0961606584922672e-07 9.196941749948491e-07 7.676947173049816e-08 2.038068468149079e-06 5.8938246641220286e-06 1.5079919788525708e-07 2.1293860982359725e-05 0.0001290100723332033 3.3044368996192733e-07 2.684438964201913e-05 6.16141705186434e-07 4.335368945981029e-06 1.5347030705046308e-05 9.91655521321066e-05 7.679795733268662e-06 2.3884678909490554e-06 0.0006602276699342763 0.0024100348402909225 8.549323971753381e-06 1.4977866456290738e-06 3.860619124416053e-06 4.3521233369812073e-07 0.0 0.0 2.2572934032999043e-05 9.514115599143235e-06 7.54510551695113e-05 0.0004275971759924722 5.899422471911832e-05 1.788393426003698e-05 2.751137121999533e-06 0.0 9.315394031718719e-07 9.329531503784877e-07
1.3178297250986251e-05 1.9880333595491134e-07 1.1400601292715166e-05 0.0 9.561094297083335e-07 0.00036077622723070256 0.0001956205958318574 7.791081534884685e-05 0.0004179490746245919 0.002957946102815513 4.920103264767392e-07 0.0006827550822259991 1.2598742482265588e-06 5.939291111026773e-05 6.253165147151057e-05 2.0139265333780565e-06 7.006208532329056e-07 2.2316666812715856e-07 1.1680464588284798e-06 0.0024515573119170907 7.4929687359009075e-06 3.516382486315498e-06 6.824813418348251e-06 0.0011900378880389116 0.0 4.39482770603549e-06 1.1158507930494545e-05 0.001129237853464105 0.00010339678887636554 2.8293977633136207e-06 0.0 1.6861717303045803e-06 1.2211654940202136e-05 3.301583612523971e-05 1.2918735468220545e-05 0.00026466752673222897 5.5483803429868266e-06 0.00013126500596425533 5.462096057930062e-05 0.00012480528889937187 7.358677871540114e-06 3.0163368219010823e-07 4.387165207214861e-06 1.2478067751483951e-06 4.083462734267405e-07 6.68036254679795e-07 0.00011414729917316819 0.0 6.696983219695939e-06 6.677565338989417e-05 3.000670042755095e-06 9.967510748008238e-05 7.316911645343238e-05 5.978786817582363e-08 8.843871292085227e-05 0.0 2.4805907450487813e-06 6.91188058340851e-06 1.1784297626882564e-06 1.1831227478404404e-07 0.0 0.0 0.00020606230201913924 2.8015891223275815e-07 6.567147944895375e-07 6.670513815462332e-07 7.824987802168885e-05 0.0 3.082423213839853e-07 2.0566483826613835e-06 8.387830680054409e-05 3.6657166958453495e-06 2.7946489281279675e-06 4.767136179480722e-08 0.0 4.547181570805762e-07 1.913995962433573e-06 2.709818189308506e-06 1.2749077923850465e-05 1.577246542786333e-07 3.501541593664918e-06 1.1672756554814812e-06 5.42623276470056e-05 9.220995579497441e-07 0.0 2.510700682961527e-07
1.3025527402833962e-07 2.1275923007745602e-07 2.717046659518129e-07 9.561094297083335e-07 0.0 0.00013202477713972704 1.3865134661118049e-06 3.787156523909164e-05 2.512034487022187e-05 2.101747864710037e-06 1.9951837815356702e-05 3.2013325905611166e-05 2.1844205905886495e-06 4.031089120452097e-05 0.0010632645457643653 0.0 2.3818764364457896e-07 3.1983231214004605e-06 3.6913975035798693e-06 2.3543790148136486e-06 1.320915673086348e-07 4.0590727297516364e-07 1.6724117433934695e-07 5.717963763710377e-06 1.8168152114484502e-07 1.0386292896366491e-05 2.8803181225185193e-06 1.2464001078256957e-06 0.00015157885727607338 1.649299942597695e-07 3.660605606388279e-07 4.189729090721158e-05 9.60337185214128e-08 0.0002562490723198279 1.94533987760914e-06 1.0680030282759049e-05 8.554052564940511e-07 0.00010857672835740999 2.5845600590254068e-05 0.0007690845134077309 9.595749358793625e-05 3.765223690677794e-07 2.952779065481964e-07 0.0 0.0 0.0 0.0 0.0 0.0 1.3552711900800526e-07 0.0 0.0 0.0 0.0 1.934799716726384e-07 0.0 0.0 0.0 0.0 0.0 0.0 0.0 0.0 0.0 0.0 0.0 0.0 0.0 0.0 0.0 1.5698908954354169e-07 0.0 0.0 0.0 0.0 0.0 0.0 0.0 1.2224361393448e-07 3.1545299409536436e-07 0.0 0.0 0.0 0.0 0.0 0.0
1.887385134367771e-06 7.731663375726213e-07 4.899681252686903e-05 0.00036077622723070256 0.00013202477713972704 0.0 0.0007719762895378875 0.002699672479694663 0.00010028829377486824 0.005038678617146316 1.3145786158925887e-05 0.0020923005004208437 4.08024916669997e-06 0.00034203275118877214 0.0010303519828888169 7.849087835674808e-07 5.595697575855048e-06 5.2268381967232346e-06 8.964685001987759e-06 0.0007732026528223451 9.659588538208045e-06 2.769221727137648e-06 2.7346071828772018e-05 0.00013104297855766962 5.153548811726173e-07 3.2096844032214026e-05 1.910742401562394e-05 0.0003450213832688308 0.0005621085901546128 4.099879185762476e-06 4.450548109189698e-07 0.0003190338479821242 2.413259523502106e-06 0.00025018220247163174 2.97963475583129e-06 0.00013663704842518528 3.2825253151665753e-06 0.00023608412100639028 4.538032243774191e-05 0.001211482128702352 0.00021232584212857783 1.5433510052856893e-06 2.4814703586927316e-06 1.490334991749172e-07 4.844039191121117e-08 6.089051685160694e-07 8.787500098091406e-06 0.0 1.5120011793414754e-06 1.6959909108392676e-05 2.350988497955987e-07 5.039114740020886e-06 3.243988277047128e-06 0.0 1.3917274637894883e-05 0.0 2.045203661214062e-07 1.0072040262037265e-06 5.519981133636e-07 5.144442707624951e-08 0.0 7.957650445344229e-08 1.92288527996773e-05 3.174151606709281e-07 6.015659148558431e-08 9.698616283125214e-07 1.2235086904735541e-05 0.0 6.401677106612066e-08 1.3033703864719249e-06 1.2391320232969057e-05 7.392874719164866e-07 1.0219498293636913e-06 0.0 0.0 1.9075872767199603e-07 2.2609164676153826e-07 0.0 2.650547674197004e-06 2.9206697709588634e-07 8.574017837585314e-07 2.719689598872653e-07 1.0744544671006823e-05 0.0 1.057531013774884e-06 0.0
0.0014586434250149953 1.2873473140149504e-06 0.000269537209745319 0.0001956205958318574 1.3865134661118049e-06 0.0007719762895378875 0.0 0.0026544184063075757 0.00014616812121553944 0.003380755240277375 1.8745053304467075e-06 1.823376946954649e-05 1.992305354550542e-06 0.0050199615506794715 7.081592367773238e-06 1.9269360005640758e-05 1.1971957634091174e-05 1.6346989923849715e-06 3.911252620110803e-06 6.366105429411471e-05 0.00019501531546394516 9.322339089264005e-06 0.0003169743121324786 0.0006240027787353488 1.838730646593075e-07 5.497867005178293e-05 0.00012556627736939646 0.006633863125893583 0.0013106952660989547 0.0027529464818759094 8.572366038517576e-08 4.930819475286619e-06 0.00016261947171408874 0.00020293748195702245 8.49655368799261e-05 0.001448803079060859 3.1438353673245895e-05 0.0007604511736270009 0.0002534711864054685 0.0002504030444301037 4.4998977820227015e-05 4.2363182972573895e-07 1.129830731396549e-05 1.041048072217145e-05 1.7475070724815141e-06 5.624605215617231e-06 6.176919155691966e-05 6.201019984109354e-08 6.855067435592926e-06 0.0003578327748800693 6.915181960659586e-06 8.525112360320002e-05 4.585491650620688e-05 7.73363579053154e-08 1.2164128513931482e-05 7.654465390653395e-08 7.962467743522604e-06 2.140263345908535e-06 6.759281326123999e-06 3.7343996841047585e-07 7.410184622456365e-08 3.07985155140137e-07 9.197331464310027e-05 4.548169434092875e-06 3.4483492088765777e-06 1.1247238707467534e-05 0.00022985162490146455 4.1170372909535753e-07 1.4260207916739465e-06 1.4329463649788497e-05 0.0003784674441494724 2.7291651990297136e-05 7.336537898029188e-05 0.0 0.0 3.340879939291553e-06 8.340486623596526e-06 1.9710909230944193e-05 0.00010974040937893857 1.8777634591251285e-06 2.7578461186565814e-05 7.340956630904596e-06 3.762430570426554e-05 2.9593921899061676e-06 6.283397845209376e-08 9.302828302574345e-07
0.00033400572465669843 2.813896533497448e-06 0.0007512632567167767 7.791081534884685e-05 3.787156523909164e-05 0.002699672479694663 0.0026544184063075757 0.0 2.3896474465480173e-05 0.001982667898320534 4.7588924417482306e-05 0.0004894110505178278 9.14773659584353e-06 0.00333992605618328 0.0002864953794926911 1.887727433064755e-06 0.000157095922553651 2.1912607167789092e-05 4.7500441858023277e-05 0.0003531960937107895 9.38370069394219e-05 1.4331851387360513e-06 0.00039783800971145107 0.0002646530153866613 6.931507368932874e-07 0.00029936454019253544 0.00016303183411142677 0.0003684255826358219 0.0012254361233298536 0.0001959617477006471 7.31414423693561e-07 0.00046374209078867763 1.0102853868265176e-05 0.0004475320443865423 8.90467236379566e-06 0.00018636923930670277 2.9978943492752116e-05 0.0005744637838478398 9.6867017794358e-05 0.000574339621415864 0.00017904955265935266 4.009841546533861e-06 5.884878355043498e-06 1.1218334575051157e-06 5.707715186260379e-07 2.5304863073548265e-06 1.7691733574276533e-05 0.0 1.9789255430634447e-06 7.215968853529432e-05 1.7507100658576844e-06 1.3679695090651823e-05 1.3420402139205731e-05 1.3581870244076422e-07 6.203752532455033e-06 1.6810060010067493e-07 1.451282547642134e-06 8.42491813345539e-07 1.7438917508383484e-06 2.9038563722337407e-07 0.0 4.0476117928059145e-08 2.8807205050480346e-05 1.205010784833924e-06 1.1511707449556612e-06 3.3563348304199923e-06 4.7732915896270254e-05 0.0 2.203738203797374e-06 1.1830195384313966e-05 6.608482281657957e-05 5.709340895369152e-06 8.902705577259014e-06 6.688772266737132e-08 0.0 3.095496443318748e-07 1.6711211857323867e-06 2.111870203787879e-06 1.3940153676098247e-05 9.353462250269053e-07 5.023002697457309e-06 9.53181912920358e-07 2.705875724005322e-06 1.0286200926668708e-06 0.0 5.253551672240444e-07
2.9592193781539937e-06 0.0003319213804026937 1.8339628406713535e-05 0.0004179490746245919 2.512034487022187e-05 0.00010028829377486824 0.00014616812121553944 2.3896474465480173e-05 0.0 8.332982118317994e-05 1.9429274712703232e-06 0.0002949944274659452 2.9072728012926912e-05 9.099974386403847e-06 0.00045198703659406257 5.124874604298642e-05 6.889327819634486e-07 2.868333087278372e-07 1.6829086904727985e-06 0.000381469197025486 8.180060682853744e-06 0.0020884812465634603 1.0300539703868845e-05 0.006707049418858169 5.154046042969404e-05 0.00015444332539865633 0.0006062399879430857 0.0007299240848293893 1.1018738552866791e-05 1.8144540992814932e-05 2.9910258457454448e-06 2.9524845701264156e-07 7.943533791352934e-07 3.3020938752736078e-06 1.4514613266629497e-06 0.00021675078381010258 3.848238918218756e-05 1.5272292925307588e-05 5.9004030497419685e-06 0.00027019349145431285 2.8640037230518372e-06 7.576403955281185e-07 8.827859665223273e-07 6.839366652142608e-06 9.424365792616984e-06 1.5039888412476822e-06 0.00015535594651754157 3.057660265899356e-07 6.85017594857572e-06 0.00016140543415114574 3.3077196970644896e-06 6.600675447951577e-05 6.43060697651436e-05 4.657955851026119e-07 7.5488545119311e-05 8.687875626732092e-07 5.847827662277347e-06 1.5000379670068668e-05 1.608660624870359e-05 1.096729910213621e-07 1.7535369561555915e-07 2.904975680584803e-07 0.0002714545493296149 1.1423818861500504e-05 2.6587132515756717e-05 3.1361206868475714e-06 0.00048821524842804654 3.890981334803899e-07 2.4355279966888095e-06 7.59445171807678e-06 0.00032954820468723535 1.9204915616539918e-05 7.236778196540917e-05 3.291433947441134e-07 0.0 3.438590920993573e-06 4.515042248708702e-06 2.725783092848145e-06 4.4869340643099205e-05 1.8552517925778131e-06 1.0302968151859926e-05 4.243443659323343e-06 3.0034522485112593e-05 9.883197636060764e-07 5.314958300025726e-07 9.193879189481536e-07
6.548804222959757e-05 5.837725498043665e-07 5.471141815691086e-05 0.002957946102815513 2.101747864710037e-06 0.005038678617146316 0.003380755240277375 0.001982667898320534 8.332982118317994e-05 0.0 4.039757689465735e-06 0.0027272582871148117 3.2978018705818466e-06 0.0009800478369702517 1.4701409219423391e-05 2.5422216604273097e-06 2.154319132021221e-06 2.394079913702838e-06 4.875208212737023e-06 0.006551957782043925 2.488812963671858e-05 1.966351321535298e-06 3.600716108195563e-05 0.0003711532626594828 3.6383985008878265e-07 2.292266587359568e-05 2.6658564419975575e-05 0.001702071582184486 0.00027915554400856043 5.78268555039922e-06 1.0044010093265399e-07 6.2113493435129175e-06 2.335090567336661e-05 0.0001260533428011497 2.1283761438856556e-05 0.00044000988514583016 1.8074685751363534e-05 0.0005040812126413353 0.00016868941845636588 0.00021944182661664884 4.176483426736205e-05 8.170706752392366e-07 1.521952602893879e-05 5.12490235839975e-07 2.969188489246959e-07 9.172897786167796e-07 3.582938452315613e-05 0.0 2.8274549675438373e-06 4.038467416043086e-05 6.805750724422059e-07 3.532069866663297e-05 2.164412530932688e-05 0.0 3.4187151200014806e-05 0.0 5.929909498175817e-07 2.1412368842739846e-06 1.7822099818640079e-06 7.808839890801156e-08 0.0 7.296464041372964e-08 7.281397692013869e-05 1.6015911299988918e-07 3.205782520125752e-07 2.480761444570394e-06 3.604375536776683e-05 0.0 1.767631748995196e-07 2.9067228777200457e-06 3.949751395130181e-05 1.5976219010829649e-06 1.9276465610093277e-06 0.0 0.0 8.523486589495856e-08 4.852682516806477e-07 5.2404451425340665e-06 1.0819755529545005e-05 8.648854687891177e-07 3.060450539854723e-06 1.2623804184791978e-06 1.850926932704679e-05 4.1126995256124847e-07 0.0 2.169333714346964e-07
1.1816110731050284e-06 2.939445149374953e-05 4.481152026553688e-06 4.920103264767392e-07 1.9951837815356702e-05 1.3145786158925887e-05 1.8745053304467075e-06 4.7588924417482306e-05 1.9429274712703232e-06 4.039757689465735e-06 0.0 1.2089592469595932e-05 0.0013688830446234388 9.15410058962694e-05 1.0183847622924888e-06 8.293140197615801e-07 4.1172545008359825e-05 0.002298741248342669 0.0009287816029055682 5.059751510753255e-06 4.730706721537871e-07 1.279946780460772e-05 2.495526727189975e-06 1.2191202415951583e-06 0.00016776552158578582 0.0020366868882624803 0.0004161903292990273 1.5224272145816502e-06 0.00021077885656122777 1.5284238110667053e-06 0.00021384183750548655 0.0001263839485113649 2.0458352876901818e-07 0.003379169178670651 4.043863170291291e-06 0.00020599618303104983 0.0018755282884489334 0.002648080750674568 0.00036510442577108364 1.9550591279075365e-05 2.4516285154266014e-05 0.0004752159437243936 8.031382872874484e-06 8.76321867352646e-08 8.408595493681828e-06 0.0 3.9913299752840416e-08 0.0 0.0 6.448928095409902e-07 1.2968987423799107e-07 3.0654512674380716e-07 0.0 4.421859852821247e-05 0.0 0.00043794699428305415 1.6313659316754856e-07 2.4228675300922515e-07 1.768526752368397e-07 1.43863523685197e-07 3.9397457802600495e-06 2.993202460222919e-06 1.0880409933789141e-07 0.0 4.3007510212824557e-07 0.0 9.500587236132344e-07 4.997311820554552e-05 3.530520895846951e-05 7.486563462786957e-05 8.526867896854422e-08 1.1264542965105748e-07 0.0 5.067113192738191e-05 0.0 1.2785241184242666e-07 6.834262881607893e-07 1.6612712831084242e-06 2.342254334187285e-05 0.00014700611555544426 4.163203984012279e-06 1.855834181481869e-06 5.613990257434165e-08 7.234689555162456e-07 2.280239004146698e-05 2.9019054795801415e-06
1.3556227026222812e-06 3.4211389419468633e-06 8.737692714892036e-07 0.0006827550822259991 3.2013325905611166e-05 0.0020923005004208437 1.823376946954649e-05 0.0004894110505178278 0.0002949944274659452 0.0027272582871148117 1.2089592469595932e-05 0.0 6.773314781700428e-06 0.000315973334140545 0.0008001874064131639 1.6251685776717832e-07 2.7387965409867863e-06 6.879700694315458e-06 1.4108770451455665e-05 0.003928133929269339 2.6619545145711415e-07 2.6156046615689778e-05 9.56587945545719e-07 0.0005094351644429354 9.792213913117842e-07 3.0908043287010935e-05 2.2359888547872917e-05 0.00010999399964687063 0.00022299927455929575 1.072025452805812e-06 2.9303897257687286e-07 2.233481735334746e-05 3.0145351674635216e-07 0.00017293995818033493 3.973320662907727e-06 0.00041751020560256243 9.270284323171074e-06 0.0005033651653555865 7.244582313032185e-05 0.0015443952730040047 5.5329720678307096e-05 1.2567789134166854e-06 7.401512103658503e-06 1.8204844080093752e-07 6.797575175228987e-08 1.705208773233305e-07 3.6813547495249415e-05 0.0 5.215557659913553e-06 1.8502409619262307e-05 4.2349361335476563e-07 2.53674932825974e-05 2.4707061961936225e-05 0.0 0.00011589644861356451 2.229949472594921e-07 2.974670031782851e-07 4.073761841686428e-06 0.0 0.0 0.0 0.0 7.83563016589155e-05 0.0 0.0 3.943816000742931e-07 2.315926427670481e-05 0.0 1.7641954627958978e-07 1.0676148980872903e-07 2.2426092685800067e-05 7.930862494142063e-08 2.649144531604726e-07 0.0 0.0 0.0 2.2047344377759682e-07 1.713282057436467e-06 1.497287237832212e-05 1.6177483464810878e-07 4.759683308677864e-07 3.2873941109167914e-07 7.085356961532443e-05 5.891746403096385e-07 4.663143289360269e-07 1.2188886698487833e-06
5.881735864469047e-07 0.00047587439044363526 3.96039506791426e-06 1.2598742482265588e-06 2.1844205905886495e-06 4.08024916669997e-06 1.992305354550542e-06 9.14773659584353e-06 2.9072728012926912e-05 3.2978018705818466e-06 0.0013688830446234388 6.773314781700428e-06 0.0 9.24092513979961e-06 2.2864953189368877e-06 6.628045825000101e-06 4.9455536133708114e-06 4.505110879177396e-05 1.0821139688139152e-05 4.247062244927724e-06 6.227121382148512e-06 0.00019044977069956724 1.438691970669447e-05 1.0048429492406129e-05 0.0018367223529961415 0.00028877105668815726 0.0018576593927272199 4.925936771845468e-06 1.3734586273810953e-05 4.747091954612946e-06 0.0004118670122017029 9.442892775326818e-06 0.0 0.0004798288925838619 1.78427890561365e-05 0.0011252385691762218 0.003055990297606875 0.0034699614300080918 0.0005182758039809743 0.00010063455002700022 0.00010951418236253658 0.0006760291229015859 1.8186495220135565e-05 0.0 1.8793101351724703e-05 1.1366129955079049e-07 7.154979884568311e-07 1.466823649069756e-07 4.853222178676289e-08 6.399546622206959e-07 2.2037710694095146e-07 2.470258530222423e-06 5.061384673515138e-08 0.00010807774088139115 7.960006929727026e-08 0.0009865696349816615 8.266509837936539e-08 1.61775608263417e-07 3.993692544281624e-07 4.9092814731432017e-08 9.536989926116297e-06 2.873741218936894e-06 0.0 5.669146160451781e-07 4.5389397427730817e-07 6.498961839317695e-08 8.433653119516319e-07 0.00015437870456441906 9.754727497175464e-05 0.00021180724163130245 8.795803480694934e-07 3.745354554946583e-07 1.6231812555602413e-07 0.00012956015548790977 4.568227079882404e-08 6.260060739820456e-08 6.468049223368785e-06 1.4930555968652619e-05 0.00013191245013969834 0.0002940923872314002 2.7385572361296372e-05 1.9063617909716863e-05 5.739989495536424e-06 4.545779210521099e-06 5.545205437930961e-05 3.869984024568655e-06
0.0029522738813690568 7.100952821016196e-06 0.0006554426793871344 5.939291111026773e-05 4.031089120452097e-05 0.00034203275118877214 0.0050199615506794715 0.00333992605618328 9.099974386403847e-06 0.0009800478369702517 9.15410058962694e-05 0.000315973334140545 9.24092513979961e-06 0.0 2.6749576449415705e-05 1.415705700692052e-06 0.00018675302450666913 4.9072668345882016e-05 0.00010968325693561802 0.00021215049445673088 9.237643927396545e-05 1.8801057533170195e-06 0.0004342500614750206 0.00013572470761581083 3.767120265105986e-06 0.0003513147629593626 0.00017687094729592086 0.0002760618699073695 0.005410818618256254 0.0006086045298596274 2.4175949549588117e-06 0.00019934674112319999 4.087820947825708e-05 0.0007562017538111515 4.815269393960714e-06 0.00015788808281596434 2.99868851754298e-05 0.001047338195413152 9.030415614765493e-05 0.00023162160692853548 8.052089855280692e-05 4.3447404479406716e-06 3.852130130638537e-06 1.1393278289322567e-06 2.3753249578616554e-07 1.335624160173073e-06 2.241774621543156e-06 0.0 2.792812369732314e-07 2.0597009730523986e-05 9.902703302981702e-07 5.258953454168824e-06 2.4806986209227487e-06 0.0 1.216506943006938e-06 1.5747739291842276e-07 1.4378024269341684e-07 1.1282074044144649e-07 1.6501504283214438e-06 3.879627443616843e-07 0.0 9.577910346962039e-08 6.413601730319714e-06 1.1741681202242677e-06 3.7994372188393595e-07 2.8164742327430272e-06 1.4275155685648722e-05 9.093651067835654e-08 1.7537007583317314e-06 7.938087800351996e-06 2.8660595201143133e-05 1.7055837810809073e-06 4.9559160991557206e-06 0.0 0.0 6.941383046419678e-07 8.321974709000584e-07 9.307767184394566e-07 7.5503261916243075e-06 1.3966543763031988e-06 2.963361601360538e-06 8.655324589175671e-07 1.3566701777496642e-06 1.0542717290196539e-07 1.2750635372273662e-07 0.0
0.0 4.5161384398697386e-06 2.2106862341115987e-07 6.253165147151057e-05 0.0010632645457643653 0.0010303519828888169 7.081592367773238e-06 0.0002864953794926911 0.00045198703659406257 1.4701409219423391e-05 1.0183847622924888e-06 0.0008001874064131639 2.2864953189368877e-06 2.6749576449415705e-05 0.0 1.603990510915918e-07 0.0 3.475703203099799e-07 6.951115822382125e-07 7.935290182701203e-05 0.0 4.5805519286890106e-05 6.769985358721352e-08 0.0005088447453772102 1.1921671104862176e-06 2.9237234652728466e-06 1.0733922532978312e-05 2.137499770808225e-05 4.878369083194274e-05 0.0 0.0 0.0002668685269332581 0.0 1.604728369985398e-05 0.0 5.361841412579103e-05 1.4583067486411487e-06 5.2940807263171245e-06 5.159219890012587e-07 0.0007891241825071106 0.00012019081375340033 0.0 0.0 0.0 0.0 0.0 1.7873765673540624e-06 0.0 1.1140989646531306e-07 2.4606560345548104e-06 0.0 1.6346148899701959e-06 3.73501104012134e-06 0.0 7.6150887886937375e-06 0.0 5.5150883210420005e-08 2.679009385580123e-07 0.0 0.0 0.0 0.0 5.953898517885009e-06 0.0 0.0 0.0 3.1396312401164626e-06 1.7286882586081733e-07 0.0 9.62341631170134e-08 1.1984485451739287e-06 0.0 0.0 0.0 0.0 0.0 0.0 0.0 1.8055430974840917e-06 0.0 0.0 0.0 9.630181534110536e-06 0.0 0.0 0.0
1.7680999166412947e-07 8.265630707584848e-05 2.46883143902097e-05 2.0139265333780565e-06 0.0 7.849087835674808e-07 1.9269360005640758e-05 1.887727433064755e-06 5.124874604298642e-05 2.5422216604273097e-06 8.293140197615801e-07 1.6251685776717832e-07 6.628045825000101e-06 1.415705700692052e-06 1.603990510915918e-07 0.0 8.119393757341606e-06 2.479101713772672e-07 8.578965020558561e-07 1.9519703692623987e-07 0.000982276032939443 0.0012488443449966396 0.001972130403363937 0.001320080315914106 4.202205825855081e-06 4.1857474126833825e-05 0.0018790024059318817 0.0006594064437322546 1.472579399117045e-06 0.00028717243475890377 1.7065683804068033e-07 0.0 2.7115850223648876e-07 6.481208778319932e-05 5.6754004121229446e-05 0.001561915360081992 0.0004038350614951922 0.0006041776541224471 0.00048710066402847974 6.618655045242361e-05 6.4965525665554925e-06 1.6883882902781128e-06 7.094913254112309e-06 1.3991555615178687e-06 1.8318946079601047e-06 4.433004637528942e-05 5.65728872392981e-07 0.0 5.434037079811038e-07 2.3753630649348174e-05 1.9251190163741827e-06 9.053005815001209e-06 1.4754024908768653e-06 6.530886074628289e-08 2.4878170117586205e-07 0.0 1.5392838836101938e-06 2.251374922403293e-07 0.0015480589445869362 1.1723800301315224e-06 0.0 2.9674612409559013e-07 7.668518243112528e-08 0.000533712689738998 0.000135927615489476 0.0009776064558262173 0.00010672116004317114 8.345907976253738e-08 2.9886255651746615e-06 0.0005501942224389528 0.00018998801096556628 1.551959383551422e-06 0.00012795091044274324 0.0 0.0 0.0 2.629262600797854e-06 6.361147465804673e-06 0.0004950370255193098 2.1457371614182665e-05 1.0222226148136902e-05 6.512585761203773e-06 1.4250891558774377e-05 0.0 0.0 0.0
8.956784213571418e-05 1.5329149360811207e-05 0.0017328112106705816 7.006208532329056e-07 2.3818764364457896e-07 5.595697575855048e-06 1.1971957634091174e-05 0.000157095922553651 6.889327819634486e-07 2.154319132021221e-06 4.1172545008359825e-05 2.7387965409867863e-06 4.9455536133708114e-06 0.00018675302450666913 0.0 8.119393757341606e-06 0.0 0.0001232712528047822 0.0014682005265835112 2.02381587082505e-06 0.00020710000083948695 1.3385059319578705e-05 0.0023039576752028426 1.8427622849682273e-05 9.498156562910708e-07 0.0005740708908096571 0.002613941655497002 1.665926824845073e-05 0.0006170337741585403 0.00033122785267176075 1.2983783033877228e-07 1.4083439861109654e-06 0.0001050595962465531 0.0012557705602675182 6.61920414956509e-06 0.00042782445560377036 0.0009973284083548408 0.0012818404631192873 0.0003008796161711119 2.3730732648877454e-05 4.2121595559111025e-06 6.008527406339257e-06 1.6185593169779676e-06 0.0 1.63285126959042e-05 8.062912885993222e-06 0.0 0.0 0.0 3.72079292083237e-07 6.247266533390948e-08 4.818564473635487e-07 7.048974508108026e-08 7.854530132445347e-08 0.0 5.929966476247119e-07 0.0 0.0 3.844170611347223e-07 9.20861783887298e-06 2.1098963286750097e-07 2.613370295404896e-06 0.0 2.739910208030713e-07 2.38970185951957e-07 1.2750926086475738e-06 2.9816166626356756e-07 5.7295227498771904e-08 7.243744763199469e-05 9.285949096567256e-05 7.079608978930537e-07 0.0 2.1699480865940174e-07 1.8432360430714674e-07 0.0 0.0 4.857301739042865e-07 1.5158810469969915e-06 3.57348750875612e-06 2.602738550638871e-05 2.508990323822648e-06 8.039948554529047e-07 3.017899220593026e-07 0.0 0.0 0.0
6.14137915499594e-07 1.549690361159991e-06 1.9090721961003213e-05 2.2316666812715856e-07 3.1983231214004605e-06 5.2268381967232346e-06 1.6346989923849715e-06 2.1912607167789092e-05 2.868333087278372e-07 2.394079913702838e-06 0.002298741248342669 6.879700694315458e-06 4.505110879177396e-05 4.9072668345882016e-05 3.475703203099799e-07 2.479101713772672e-07 0.0001232712528047822 0.0 0.0012672872725474267 3.0449697586903783e-06 3.7738571505948976e-07 6.3672653895085236e-06 8.906732996823045e-06 1.6731416581291184e-06 4.084082095898581e-06 0.001863354134284799 0.0003401141549881003 9.061639300995232e-07 8.244203987395834e-05 1.1170662530910266e-06 2.9479361345599642e-05 2.629588273284941e-05 7.024995823551659e-07 0.0006202547663380881 2.8002351303842985e-06 0.00013268154121959632 0.00023178509447359147 0.00041880727922546354 0.00013484305047571554 7.282532924671053e-06 3.8620284342000294e-06 1.8197642286573805e-06 5.362408951111548e-07 0.0 1.4854618020378509e-06 0.0 0.0 0.0 0.0 2.1213458352372437e-07 1.21183343731437e-07 0.0 0.0 1.3172799114836613e-06 0.0 1.847609812816696e-05 6.249095394748895e-08 0.0 0.0 1.903741713253366e-07 3.1068083550099475e-06 1.1205742160524807e-06 0.0 0.0 0.0 1.9273337205402051e-07 5.075104176007168e-08 2.557568658297167e-06 2.367423782203045e-05 4.5380601412983605e-05 0.0 4.431317162626266e-08 0.0 6.830571176318418e-06 0.0 0.0 2.843832255850466e-07 1.604280386310384e-06 4.19492475415065e-06 1.8444797035641018e-06 8.471733985373099e-07 3.973036059397355e-07 0.0 0.0 0.0 0.0
7.803834343333666e-06 9.426657932198437e-06 0.00013069516412261446 1.1680464588284798e-06 3.6913975035798693e-06 8.964685001987759e-06 3.911252620110803e-06 4.7500441858023277e-05 1.6829086904727985e-06 4.875208212737023e-06 0.0009287816029055682 1.4108770451455665e-05 1.0821139688139152e-05 0.00010968325693561802 6.951115822382125e-07 8.578965020558561e-07 0.0014682005265835112 0.0012672872725474267 0.0 6.437421397814852e-06 5.860833713262873e-06 6.558725282111315e-06 5.884275816068354e-05 4.961749964791452e-06 3.5397571163930227e-06 0.0031562824295480567 0.0017811866866220074 3.0517134763324614e-06 0.00019242569495858076 1.2240788736403536e-05 7.293213466309184e-07 2.8810352339208167e-05 1.2188275003471286e-05 0.0016898719613823658 5.138507322364623e-06 0.00040864319697820315 0.0005898122360840538 0.0010877922149069303 0.0002905741735759193 2.107261875619647e-05 2.2817504320205957e-06 5.269389750677216e-06 1.4320333646189629e-06 0.0 7.043659614478765e-06 8.338481790832862e-07 0.0 0.0 0.0 1.7958571035170283e-07 0.0 1.2817619592585356e-07 0.0 7.472199537873917e-07 7.834914203612216e-08 4.8008819181115355e-06 4.946031677208242e-08 0.0 0.0 1.2068424277300625e-06 3.378851512428351e-06 4.3400190389451395e-06 0.0 0.0 0.0 5.8806098195801865e-08 0.0 1.4325048874955004e-06 8.024186000938668e-05 6.633236957564658e-05 2.4574675182156733e-07 1.1511788679163981e-07 5.8785962467020075e-08 1.724182918629776e-06 0.0 0.0 7.507080548277291e-07 1.8238741729824953e-06 5.825499655481134e-06 9.127948663642766e-06 1.7367065770090678e-06 9.267768665265526e-07 0.0 0.0 0.0 0.0
8.056262788841898e-06 5.841341932302105e-07 4.05306365546012e-06 0.0024515573119170907 2.3543790148136486e-06 0.0007732026528223451 6.366105429411471e-05 0.0003531960937107895 0.000381469197025486 0.006551957782043925 5.059751510753255e-06 0.003928133929269339 4.247062244927724e-06 0.00021215049445673088 7.935290182701203e-05 1.9519703692623987e-07 2.02381587082505e-06 3.0449697586903783e-06 6.437421397814852e-06 0.0 1.5162793632653697e-06 0.0 2.9804030427554603e-06 0.00040671733155344113 2.6029099777065665e-07 1.4983742599133836e-05 1.0610530104657217e-05 0.0005154786185420967 0.00024233851036803978 3.5567226391800536e-06 1.4646809519735493e-07 8.664947694302787e-06 1.3773210973844824e-05 0.00013659960181522745 3.5403379698010764e-05 0.0007734073576131405 1.957504085631602e-05 0.0006037166662783317 0.00022141104691228558 0.000655333548530944 6.2502576283188e-05 8.518662446125844e-07 2.2430248017005317e-05 1.6955675924541264e-06 2.4663209369572195e-07 1.6673885070815735e-06 0.000115487434236396 1.0128817454125634e-07 1.0054595054297583e-05 0.00011238801952281016 4.256984982563729e-06 0.00010554535891230035 9.360597142145605e-05 3.073304940509063e-07 0.00012753647769003266 0.0 3.293546143232659e-06 9.086160259459616e-06 4.6773252660374224e-07 7.304555709805085e-08 0.0 0.0 0.00027039553782040924 0.0 1.3895736014251528e-06 1.7610057295338034e-06 0.00010123868119806442 0.0 2.3606860700757538e-07 8.314563778578205e-07 0.0001054559088773599 5.523076729215078e-06 3.3851050404649703e-06 0.0 0.0 8.849946425735608e-07 2.1455078014293664e-06 7.85964911017087e-06 2.6675145473339017e-05 4.404762252170329e-07 5.682735113187467e-06 2.1186830643846767e-06 9.703792205456654e-05 6.624056825432281e-07 7.474280823822343e-08 0.0
2.6413865377973676e-05 2.3717805089422643e-06 0.0004313730640223282 7.4929687359009075e-06 1.320915673086348e-07 9.659588538208045e-06 0.00019501531546394516 9.38370069394219e-05 8.180060682853744e-06 2.488812963671858e-05 4.730706721537871e-07 2.6619545145711415e-07 6.227121382148512e-06 9.237643927396545e-05 0.0 0.000982276032939443 0.00020710000083948695 3.7738571505948976e-07 5.860833713262873e-06 1.5162793632653697e-06 0.0 2.9295033351677543e-05 0.007850030372223857 0.0005134970654450617 5.6633747294829635e-08 2.2962264642225724e-05 0.00015996111760516223 0.0029005730854029573 0.00012952963884999867 0.006347225437070359 6.100083613302605e-08 3.2186576084703573e-07 7.522788333380769e-06 0.0013317797318217893 0.00013000877827782273 0.0027726153261830055 0.0004580627977507658 0.0029836210631222246 0.0013664805184429925 9.363776538081793e-05 1.2000979408188249e-05 2.39312237787427e-06 1.528632464242265e-05 0.0 2.424467175318981e-07 1.4055647035775902e-06 5.984289482423866e-08 0.0 0.0 7.900636805125356e-06 1.1513189879025683e-07 2.8274162780861176e-06 4.6167604881690494e-07 0.0 3.802803575430175e-07 0.0 1.1686958654182291e-07 5.144280161487148e-08 0.0003037833642111256 3.2976249125993127e-07 0.0 6.326906317838143e-08 7.457396278565776e-07 0.00025276141991117674 1.7392617192837967e-05 9.316820877797116e-05 3.956606376038205e-05 0.0 1.083896988249469e-06 1.1599861335509619e-05 8.571153009714228e-05 1.1627772997716257e-06 7.021006721849235e-05 0.0 0.0 7.422792813519624e-08 7.868617580285673e-07 1.848278986146802e-05 0.00013457446813853246 4.94914900790056e-06 1.8983029107901793e-06 3.75675270736004e-06 8.025211795714347e-06 0.0 4.934279156829762e-07 7.862993831609974e-08
1.1709276238902607e-06 0.0008051238179275906 0.0002570559647340333 3.516382486315498e-06 4.0590727297516364e-07 2.769221727137648e-06 9.322339089264005e-06 1.4331851387360513e-06 0.0020884812465634603 1.966351321535298e-06 1.279946780460772e-05 2.6156046615689778e-05 0.00019044977069956724 1.8801057533170195e-06 4.5805519286890106e-05 0.0012488443449966396 1.3385059319578705e-05 6.3672653895085236e-06 6.558725282111315e-06 0.0 2.9295033351677543e-05 0.0 5.391801784141227e-05 0.003155360789256831 0.00027253510835903997 0.0005134195785711713 0.004005567285665349 0.00012113114234785856 4.872698795907781e-06 1.9635368056054e-05 2.176836545052584e-05 1.2553557741725345e-07 1.2084052697296552e-06 1.1281609914075072e-05 2.394666905183362e-07 4.6425243752338304e-05 2.1885997217646283e-05 3.223057402547634e-05 1.4088822220078411e-05 5.408713603248943e-05 2.866010242123023e-07 1.877344431697256e-05 1.6670140816185294e-07 9.396259170660352e-07 1.320944465918121e-05 8.762467382235224e-05 1.4872219289795098e-06 0.0 1.2362744656712562e-07 1.9193688798186474e-05 1.2502391651006241e-06 3.274015607187258e-05 4.1828994213760195e-07 3.0553797348936765e-06 7.83541122971701e-07 3.650116185108207e-05 2.36774386249453e-06 3.9073444720350013e-07 0.00022536642859227155 1.3550437211025036e-05 4.210427705043576e-06 1.05646236158036e-05 4.2326382787744556e-07 3.211836765293579e-05 6.0979303637459e-05 0.00016232270473714902 9.944749496647102e-05 6.8734229929735285e-06 0.0002452221415111544 0.001300713726623985 8.056212365204571e-05 2.2914454181790793e-06 2.4957728289964535e-05 3.59187815263326e-06 9.085546360943281e-08 2.4711010537931115e-07 4.610350837609379e-06 1.199308640242883e-06 2.7796293385988724e-05 2.08261783974049e-05 1.7228887597459722e-05 5.991967079781466e-06 1.843594844112976e-06 3.3338182440270083e-07 1.7051890503890976e-06 5.233815702649935e-08
0.00013850190212235386 7.069366473056864e-06 0.007065927577318402 6.824813418348251e-06 1.6724117433934695e-07 2.7346071828772018e-05 0.0003169743121324786 0.00039783800971145107 1.0300539703868845e-05 3.600716108195563e-05 2.495526727189975e-06 9.56587945545719e-07 1.438691970669447e-05 0.0004342500614750206 6.769985358721352e-08 0.001972130403363937 0.0023039576752028426 8.906732996823045e-06 5.884275816068354e-05 2.9804030427554603e-06 0.007850030372223857 5.391801784141227e-05 0.0 0.0005325095073200605 1.4614240315257786e-07 0.0011170058336267975 0.006446554259196472 0.0020589426359945546 0.0003913521311759959 0.002686430970693224 6.284350522038426e-08 2.9999007562156393e-07 2.4877484833499993e-05 0.001138459857307734 0.0001742470252397497 0.003999630203201689 0.002661912061887832 0.004552331904906883 0.002394024579516261 0.0002757293555273812 3.312743196753283e-05 4.835097215157542e-06 1.8703440137189702e-05 1.2296660264004364e-06 3.7997162549272035e-06 0.000112550960087074 7.903677000286827e-07 0.0 3.7261805429929157e-07 2.2635556810125825e-05 2.970553164035342e-06 4.725582032966758e-06 1.3469449771326244e-06 9.440508445139081e-08 6.327586751617134e-07 1.2372302282692298e-07 4.006862810327864e-06 2.2411477280281077e-07 0.0005611084430342126 2.330262578924725e-06 0.0 6.773058523802641e-08 1.0990892022115261e-06 0.00010892069233522976 4.660850017171232e-05 0.0005489096349758193 2.7238172003152565e-05 0.0 7.123146944556393e-06 0.0006924741998884854 4.0308298154661524e-05 2.7711836025209327e-06 2.4555522714085545e-05 0.0 0.0 0.0 3.4586347460152354e-06 4.354471793149413e-05 0.00019842695683940635 7.09255658023722e-05 1.1866629944640931e-05 1.700069784078988e-05 3.399477326507955e-06 1.0892289709539683e-06 1.2342810937141575e-06 3.2347362030372365e-07
