0.0 0.0 5.870641399167266e-06 1.0206086895467467e-06 2.9259535832506415e-07 4.217318645453443e-06 0.0019112280934165038 0.00025021019556640016 8.12084939142508e-07 1.7520659659865725e-05 1.2194049267700417e-05 2.0085114999148797e-06 1.7204478312486222e-06 0.0029402232997020527 7.612061573918606e-08 6.892156260660393e-08 0.0001776588496431039 1.7532971607696636e-05 6.375742997384632e-05 5.396121000816647e-06 1.8643257170246108e-05 0.0 8.065170300816648e-05 1.722504608104847e-05 0.0 8.631330152140275e-05 1.7855624840674062e-05 9.27608980937685e-05 0.003723047257412868 0.0014204727462951811 4.312303272778789e-06 1.2007308320521016e-05 4.32765633012553e-05 7.635323340113715e-05 7.888716630515287e-07 3.561882085366811e-05 4.063322010285851e-06 4.3732040261427825e-05 1.3332906511464317e-05 2.3097435324353225e-06 4.426098381403892e-07 3.7454101822834066e-07 4.241175436053819e-07 0.0 0.0 5.163012180896977e-08 7.799560828934091e-08 0.0 0.0 8.115787306296205e-07 0.0 2.986349566401186e-07 5.602538880218068e-07 5.2214722332110977e-08 0.0 0.0 0.0 0.0 8.952232617652853e-07 1.1860917550620784e-07 0.0 0.0 0.0 2.6592840016896995e-06 1.2311641118786882e-07 2.510919145964947e-07 2.8467551005322935e-06 0.0 8.177965647719011e-08 2.3269771020679183e-07 3.583181621063045e-06 8.06898902623796e-08 3.9650027113333454e-07 0.0 0.0 0.0 0.0 0.0 1.180928646176653e-06 2.7213445187483706e-07 3.14470817478062e-07 5.330633964479307e-08 1.617022684759861e-07 0.0 0.0 5.554382984052208e-08
0.0 0.0 2.5782907045785202e-06 6.12644403309294e-08 2.7265824040493763e-07 3.561910850273054e-07 3.8053656835248273e-06 6.577456127157307e-07 0.0003330011608715558 1.0865137312071613e-07 6.752123110576259e-05 4.382084794835783e-07 0.00039815462487278693 2.034030327425864e-07 6.524055857826947e-06 9.357124028741154e-05 1.939618176473857e-06 5.128795221297925e-06 9.844711130671545e-07 1.0337991907994546e-07 1.647396888944861e-05 0.0015324476077922299 6.462633157648944e-06 0.00019998263101763086 0.001142763885404331 2.8742423970667324e-05 0.003714601633578248 2.2921155227133145e-05 1.0757462232505338e-07 2.826683826729579e-06 3.69390997362627e-05 0.0 5.195025348941669e-08 1.3687241638134982e-05 5.405316634401686e-07 6.325679530067754e-06 8.71528907096e-05 2.0748782970372672e-05 7.87511731808644e-06 7.579609720936998e-06 1.5549741727745214e-07 0.00010755566721274996 0.0 5.1085000548621967e-08 0.00046636423830025283 2.399624390650094e-05 0.0 0.0 8.797520888583118e-08 9.97266352602799e-07 8.756288314959666e-08 8.440554453350829e-07 1.7745601345766505e-07 5.112006492494977e-06 1.9683302452395315e-07 3.931330061470449e-05 6.346429153660283e-07 1.469303775591222e-07 4.064965348582092e-06 6.538447945317748e-06 3.242501866580555e-06 5.8413754516080406e-06 0.0 6.676028856924458e-08 1.6476370257735834e-05 1.9428887380505595e-06 3.6619772969461045e-06 6.946494157610787e-05 8.92964704019002e-05 0.0013910864571673835 1.057491731645412e-06 3.2746507709773626e-07 7.370818452610722e-07 9.289485639962378e-06 0.0 4.3168309607464854e-08 1.060457713650491e-06 0.0 9.428675397380818e-06 1.755994317176551e-05 9.924201545596917e-06 2.1430152770431473e-06 8.893177182982371e-08 0.0 2.5058457160959015e-06 0.0
5.870641399167266e-06 2.5782907045785202e-06 0.0 9.727142817034239e-07 0.0 4.231799058818901e-06 0.00048000861643567977 3.9898241739854076e-05 1.3400203975645734e-06 3.775334110339102e-05 1.106870755704689e-05 8.096455998944614e-08 4.988811368151221e-06 4.730985427600374e-05 0.0 1.7696416448469966e-06 0.0007881356680352633 9.698940063594833e-06 4.8128159650929e-05 1.5180370483076308e-06 0.0006045996049568651 2.475074781944863e-05 0.004738286547354026 1.2299517225179512e-05 2.0886849843883776e-07 0.0032918593210592663 0.0033087061676454503 0.00034135638869067076 1.0509214603760288e-05 0.00020200588308052554 3.7249810277546626e-05 5.527370053538889e-07 1.1598845139952717e-06 0.00020269979669195506 1.7855029772246586e-05 0.0009227428129007265 0.0030839262159869816 0.0007919964581582283 0.0003592613965033304 2.129876235228756e-05 3.302987406062629e-06 6.929074221032162e-06 5.931544059919829e-06 0.0 1.0642497598079944e-05 0.00012720070734945478 0.0 0.0 5.6686978398241463e-08 4.986580095190645e-06 3.363964078254652e-07 8.298310860750155e-07 3.165813541135259e-07 8.063441614279207e-07 0.0 2.1490570079095508e-07 5.457963156885648e-07 0.0 3.3863252142501876e-05 4.2886928189220726e-06 4.59297525144897e-07 1.18922348790679e-06 0.0 5.891985997369447e-06 1.0365671868816152e-05 7.209931241651998e-05 9.096124358517527e-06 2.348753987552971e-07 1.1253215131189766e-05 0.0008148190623239037 1.0672713977949081e-05 4.559831181681211e-07 2.3988242364553057e-06 9.299016210402456e-07 0.0 0.0 2.0050834506839756e-07 2.276513821426073e-06 2.0883683524736726e-05 2.417004834614923e-05 8.04211149649761e-06 9.940002986117909e-06 3.8595807751062085e-07 0.0 3.285563624396499e-07 6.811379256938334e-07
1.0206086895467467e-06 6.12644403309294e-08 9.727142817034239e-07 0.0 8.843712311643227e-07 2.633909902608601e-05 0.00016567116933602545 3.718719613067248e-05 0.00018419547326832254 0.0017635139584529953 2.037959244770338e-06 0.0006343868509442843 5.731092034413964e-07 2.3467157379131626e-05 2.824457342086498e-05 1.6207288497187425e-07 3.117812769136067e-07 2.7400198229945885e-07 3.9316910324113265e-07 0.002912720718187008 6.275042953468055e-07 5.646808120361617e-07 2.9359434135985273e-07 0.0008901918129160017 0.0 2.015267740126204e-06 1.7727987265465773e-06 0.0027491869572824745 2.7931295222805882e-05 6.193849109928986e-07 1.7900728038296733e-07 3.732085236477877e-06 1.0019194930455468e-06 1.3279115397071465e-05 8.184653704021206e-07 0.00014026418899775638 8.184523982835078e-07 2.9563589663467117e-05 1.7734794618350296e-05 8.52308698922036e-05 5.293547344915304e-07 8.666469726522618e-07 1.8925062020813704e-06 1.1461464341768543e-07 0.0 0.0 6.446975274639204e-05 0.0 1.5756405510884944e-06 2.9945733064878127e-05 1.2277051388490327e-06 1.7238526226796608e-05 5.693193871171116e-05 4.0338590777677394e-07 1.1454898089871321e-05 0.0 1.2808900962690648e-06 3.7314426565383604e-07 6.663209877870494e-07 0.0 0.0 0.0 4.306762726480698e-05 5.7478324542533593e-08 6.917097368824925e-08 8.503346074684463e-08 0.0001610255143866659 0.0 0.0 2.1494935494699884e-07 0.00010428114327264806 6.822642050847891e-07 3.4310645358269186e-07 0.0 0.0 0.0 2.645319171402958e-07 2.4246143237762245e-07 8.361446598652252e-06 5.2708474724427784e-08 4.352953486681784e-06 8.315800921101869e-07 2.4194710487008598e-05 1.4385793397197027e-07 3.271797951312148e-07 1.3563036683972415e-07
2.9259535832506415e-07 2.7265824040493763e-07 0.0 8.843712311643227e-07 0.0 0.0006021595309456485 8.81991581342947e-06 2.3572888437878185e-05 3.178695075389634e-05 1.0011252876225933e-05 3.906493417650813e-05 6.389210122661889e-05 9.312964258123506e-06 1.0573894269147e-06 0.0006361777809363305 7.492985824322557e-08 3.482142352095107e-07 1.2446701477383766e-06 8.164673249482293e-07 1.2560067777202308e-05 1.5967545342495998e-07 1.7817218626480557e-06 3.8156006742851716e-07 2.060509081249898e-05 4.0464238826812053e-07 1.2584335475446398e-06 1.186981750650252e-06 3.870017737603719e-06 3.933122634699757e-06 2.970266520850772e-07 1.1188434947219406e-06 9.009942868160157e-05 0.0 0.000210847847793401 1.0109350721808897e-06 0.00014717468076171455 5.625067813003516e-06 0.00017543545231373523 4.390919579443118e-05 0.0017368290619821937 4.9814141425425815e-05 3.1611780059683696e-06 5.679954178345609e-06 0.0 0.0 0.0 7.797351058297522e-08 0.0 0.0 4.3220553146303016e-07 0.0 0.0 2.815564462233856e-07 1.6002364385209196e-07 8.145673552061311e-08 0.0 0.0 0.0 0.0 0.0 0.0 0.0 1.4296939616847506e-07 5.230302222645019e-07 0.0 0.0 7.804692194918979e-07 0.0 0.0 0.0 1.3681058931551726e-06 0.0 0.0 0.0 0.0 0.0 0.0 0.0 1.249527782174455e-06 1.2569571941532792e-07 1.4063260702083922e-07 2.9035481183323916e-07 7.183164722936597e-08 0.0 5.042159088673969e-07 9.210637220419302e-08
4.217318645453443e-06 3.561910850273054e-07 4.231799058818901e-06 2.633909902608601e-05 0.0006021595309456485 0.0 0.0018368663790141605 0.0028812362625025463 3.771807867763285e-05 0.004048065307346385 3.528287526936288e-05 0.002031470157980753 1.035638236688797e-05 0.0001674190485144655 0.0005411489296271161 5.681147248811816e-07 4.626915758782263e-06 2.1577761551906073e-06 2.8872980987022314e-06 0.0003539126377900823 3.0620662422744175e-06 1.8513345414855424e-06 3.7848741527712157e-06 8.337746565370384e-05 1.0587107319153315e-06 1.3394320179872393e-05 9.822197118528785e-06 0.0003565683914522439 0.00012112545945134194 8.139805477990557e-06 2.9878883663807834e-06 0.00023525799861651462 2.3490245184705663e-06 9.93330591500516e-05 3.047253854532187e-06 0.0003176214273569956 6.1137662318249896e-06 0.00015915435857423332 5.2794898861240725e-05 0.001355187123298526 2.8930375867825514e-05 4.7042407031267565e-06 5.3036490458037575e-06 1.5152946450066868e-07 0.0 2.1323310937493867e-07 8.174939907367243e-06 0.0 5.833157421418632e-07 1.6485150942293894e-05 1.0289787154391686e-06 5.300898898923803e-06 1.128694575361312e-05 5.247434440158674e-07 1.1094069983025425e-06 0.0 1.405491004957254e-06 0.0 8.1153536514381e-07 0.0 0.0 0.0 6.403102171244364e-06 7.493219791546715e-07 6.375930890674518e-08 0.0 5.0973275144227844e-05 0.0 0.0 7.324472771394649e-07 6.292238099649235e-05 1.7360691090685786e-06 2.2614201858838335e-06 0.0 1.0623034278222251e-07 0.0 1.9694591262709657e-07 0.0 1.0212961122419929e-05 7.027813228462123e-08 3.9256048607624936e-06 4.511179458305734e-07 5.400376988752299e-06 4.5310462128564723e-07 1.7940918115456086e-06 0.0
0.0019112280934165038 3.8053656835248273e-06 0.00048000861643567977 0.00016567116933602545 8.81991581342947e-06 0.0018368663790141605 0.0 0.003288936790047729 0.000251648927266269 0.006742905413102567 5.2112654599660655e-05 0.00010957109379006371 1.8104047569565933e-05 0.004396591864918099 2.1350880142763677e-05 2.6849285122510844e-05 0.0004492309765148124 4.987421913160217e-05 0.0001305964792285333 0.00018185516405781892 0.0003711239946270991 4.381621225803069e-05 0.00040445869265117666 0.0010938781661649997 1.5187627183654494e-06 0.0010682981767457425 0.0003783000737046127 0.010041700163349803 0.0012733820758188085 0.0060842347851373536 7.296044406471412e-05 5.556520138248216e-05 0.00012021364635817286 0.00034254248410462806 3.1403313314433796e-05 0.0019469130599581639 6.722878609050341e-05 0.0006660426947866818 0.00042438676031565604 0.0002251647441216607 1.6322295086222873e-05 7.623055128709867e-06 1.6911428161425217e-05 1.5249214292355551e-06 2.7535284352361097e-07 2.1075638877502026e-06 3.3145457849401765e-05 0.0 4.012516843053096e-06 0.0001398656231864602 8.318258471833262e-06 6.195964356940982e-05 6.263018516859541e-05 2.1185273306277403e-06 1.9814547636936437e-06 1.0939573313279563e-06 1.2496845149559962e-05 0.0 1.3740550380959465e-05 3.947442576282476e-07 2.0956667987368252e-07 0.0 2.8624711354388716e-05 2.344758477594033e-05 2.794723405953283e-06 6.937145281989003e-06 0.00032469014574208565 0.0 1.8363853312694437e-06 2.0486905098183257e-05 0.000517000215497866 1.841822951113307e-05 1.635349443875398e-05 0.0 3.176589637031329e-07 5.632439379075944e-07 3.030847202433392e-06 1.8770111994466306e-06 8.346669961996749e-05 4.236249350688649e-06 3.569779363234773e-05 5.965029424504521e-06 1.5846819283217566e-05 1.1282679391590947e-06 1.9140569252636982e-06 1.1505605448412251e-06
0.00025021019556640016 6.577456127157307e-07 3.9898241739854076e-05 3.718719613067248e-05 2.3572888437878185e-05 0.0028812362625025463 0.003288936790047729 0.0 2.204117071543642e-05 0.00204091314238994 5.397774686136563e-05 0.000494205013642765 1.6738746181699855e-05 0.004096004923546288 1.2828472851423122e-05 6.168201192698011e-07 0.00018248742284572743 2.591764990681751e-05 8.141947333542153e-05 0.0005249635714364265 1.401786225254655e-05 2.326460281315576e-06 5.311512673382614e-05 0.00018518696469352217 6.803301469965056e-07 0.00022267991604142716 3.527235375535401e-05 0.00028053592070334147 0.00034893753825801694 0.00017972597002648846 1.746421401519516e-05 0.0003746285121120877 5.715261517583719e-06 0.000154475121050588 1.424830193006213e-06 0.00029921665301802707 1.2900326286038351e-05 0.00019153541471562661 5.5904708991482004e-05 0.0004523418351350335 1.6820027353397086e-05 2.9534172398579926e-06 6.147411743438411e-06 5.660217863048205e-07 0.0 1.4066793664902775e-07 3.5492645537527032e-06 0.0 1.019661681587479e-06 5.3662027263674725e-05 1.8767606517259412e-06 1.299989032382046e-05 1.0027734809913216e-05 4.881791227218833e-07 3.0482930385053524e-07 5.824074737279158e-07 3.4582008151309647e-06 0.0 3.6938447081732035e-06 0.0 0.0 0.0 2.257413692022515e-06 1.7234560706066536e-05 2.4835969413803327e-07 1.560448197543192e-06 9.580624263646817e-05 0.0 1.1353680650026957e-07 5.104787755660859e-07 0.0002067355059510664 6.151217221782712e-06 1.0874859382736146e-05 0.0 4.961941094858859e-08 9.355804068222134e-08 9.94301438677583e-07 3.3275105125124624e-07 3.112386262013675e-05 1.4579604102111473e-06 1.0015026276090546e-05 2.5047010953199914e-06 5.132994608217573e-06 3.7760710746198023e-07 2.3658060990768607e-06 3.124611205718756e-07
8.12084939142508e-07 0.0003330011608715558 1.3400203975645734e-06 0.00018419547326832254 3.178695075389634e-05 3.771807867763285e-05 0.000251648927266269 2.204117071543642e-05 0.0 6.998705203727474e-05 4.200040876799737e-06 0.00013286200185143893 1.8097083075431486e-05 8.28188464402629e-06 0.0003468182054147532 0.0001637095227376503 2.0349507524650148e-07 3.0053407119665067e-07 0.0 0.00014740875846358038 4.93939679327019e-05 0.0019499582156780552 1.9926102220719975e-05 0.0049441550200050675 0.00012953572074214992 4.953079961515135e-06 0.00037334495676324595 0.0009216660881755942 4.69887663645836e-06 1.9651008079851152e-05 5.281438321433327e-06 3.465036912353977e-06 5.121456007941902e-07 2.5219709760595696e-06 4.78867140599278e-07 2.5940487640976744e-05 3.902989936722898e-06 6.577585148318117e-06 5.855259230510006e-06 0.00022694475600648913 1.2839602016273264e-06 9.659468122200205e-07 1.6763275305119862e-07 3.054382854615882e-06 7.641938401817346e-07 5.935252938378905e-07 7.777884122123483e-05 2.100106619093857e-07 4.421853828417856e-06 7.93090304311824e-05 6.361284574917555e-06 4.2477946116691156e-05 8.488799313352559e-05 1.3015460066787004e-06 2.388998890045565e-05 7.883078323516796e-07 1.2805806053342584e-05 3.9359735888335876e-06 0.0003102966753909679 9.504437123852347e-08 1.2188878328634914e-07 1.2551943211217713e-07 7.335515784778667e-05 5.209783272188453e-05 1.1830006832239285e-05 4.062693053055486e-05 0.0009416588251494159 3.1415878299766154e-07 1.2075404657923064e-06 1.738564409567231e-05 0.0004704450155247848 2.80136812960591e-05 7.678371132785445e-06 2.3489513658250488e-07 1.5712112996703824e-06 6.853456804418683e-07 5.33402506031196e-06 2.5864406915855435e-06 8.505693375758645e-05 4.423975067502223e-06 3.958729525034651e-05 7.023955316778307e-06 4.45446908102005e-05 1.6166758691247156e-06 5.080666940048271e-07 3.913291552573109e-07
1.7520659659865725e-05 1.0865137312071613e-07 3.775334110339102e-05 0.0017635139584529953 1.0011252876225933e-05 0.004048065307346385 0.006742905413102567 0.00204091314238994 6.998705203727474e-05 0.0 4.2188061664136196e-05 0.0037432003651240216 7.70277316372264e-06 0.000666143152201102 3.275339752491869e-05 5.754786375840502e-07 2.5946510532502042e-05 7.559827691099756e-06 1.3263815952282142e-05 0.002404296356852014 1.1932895596959014e-05 2.6570093993270907e-06 1.4943442288948978e-05 0.00021085255238570443 2.676130677433622e-07 9.641981798684663e-05 2.5365667716389875e-05 0.004378150798998886 0.000352331464024198 2.5159229391919177e-05 1.175643338129707e-05 5.1395112467226204e-05 7.809828237361645e-06 0.00013504134717583975 7.215942758848424e-06 0.0007543221476289059 1.5593578103265425e-05 0.00034577165120700676 0.00013610459680334457 0.00014671907125499592 1.4146810635984111e-05 4.282683985637141e-06 1.1142645136621495e-05 4.141337248151063e-07 0.0 3.830721401528815e-07 3.249108250856973e-05 0.0 2.2262384975815632e-06 6.358159135444767e-05 3.0225768435474243e-06 1.6898864843163453e-05 7.777990614376765e-05 8.543120863629312e-07 3.981874909134278e-06 0.0 4.6621192849876886e-06 1.6792672760012288e-07 1.3827691682883468e-06 0.0 0.0 0.0 2.3823397754601278e-05 4.604066651015834e-06 7.492240333444836e-08 5.308216411495034e-07 0.00016872823485363745 0.0 5.302754193338909e-08 1.2521966864256011e-06 0.0002082492947694509 4.717845734834606e-06 3.699838783192453e-06 0.0 0.0 0.0 9.387723274105857e-07 3.0660943214524367e-07 2.5822573662776842e-05 4.812935365957347e-07 8.69267057715213e-06 2.049609217630425e-06 1.3606316369772678e-05 1.065521040061369e-06 1.3075401249984846e-06 3.719929982458027e-07
1.2194049267700417e-05 6.752123110576259e-05 1.106870755704689e-05 2.037959244770338e-06 3.906493417650813e-05 3.528287526936288e-05 5.2112654599660655e-05 5.397774686136563e-05 4.200040876799737e-06 4.2188061664136196e-05 0.0 3.0975255317499734e-05 0.0015259475932935336 9.76887505212968e-05 1.8065511904814645e-06 1.038311590069915e-06 0.00015375012196703445 0.002124385558763042 0.0006472887995642512 3.605782568050777e-05 1.4542910474594825e-05 1.3616031119038413e-05 3.084505836313523e-05 1.151261459622342e-05 0.00024253672923676688 0.0008967744610479351 0.0007424896867785372 1.591716594581559e-05 0.00048824791035413103 2.5133800322808884e-05 0.00039583218786789836 0.00026438699965666563 5.609425054509817e-06 0.003836971589935496 8.667402665416383e-06 0.0006359339837059023 0.0019218445806249659 0.004149548664710574 0.0010235848695242372 3.518956834291668e-05 7.88926756090325e-05 0.0003586932789530893 2.8511882309566667e-06 3.846366678670299e-08 2.272538045685965e-06 1.313989411325516e-07 1.7876241585749787e-07 0.0 0.0 7.978022324115171e-07 5.104116236530444e-08 3.4650042890092267e-07 2.647287325054182e-07 3.148439679573426e-05 0.0 9.871837500648157e-05 6.275211681219467e-08 0.0 1.1328945580241506e-07 0.0 5.828867009557641e-06 1.6152154358967265e-06 3.227854547694531e-07 4.056059911574298e-07 1.8091748709321732e-07 8.891290723007194e-08 3.418611074630847e-06 2.3535151729340213e-05 3.9576205896729925e-05 4.6370726389858316e-05 6.141446802462463e-06 1.7618090651950922e-07 2.671190771981029e-07 3.3770345118146745e-05 5.169542623251746e-08 0.0 2.3324450936287115e-07 4.34636404013131e-06 9.24341323924787e-06 9.046389966606604e-05 3.613413715418014e-06 2.2673321233965512e-06 9.74119506749278e-08 1.1550239459479466e-07 1.2703324328085442e-05 2.375335287508199e-06
2.0085114999148797e-06 4.382084794835783e-07 8.096455998944614e-08 0.0006343868509442843 6.389210122661889e-05 0.002031470157980753 0.00010957109379006371 0.000494205013642765 0.00013286200185143893 0.0037432003651240216 3.0975255317499734e-05 0.0 6.562121116391041e-06 0.00017359213798394494 0.0011576409189581463 0.0 6.701877580386533e-07 2.1504098068326444e-06 1.7561372038903478e-06 0.003403471967017335 3.138897495569018e-07 3.259400163778963e-06 6.834626845094928e-07 0.0004981021073348107 2.5183192434815705e-07 2.1009080795214515e-06 2.6433717875750255e-06 0.0003859761745470472 0.0001320315873303468 1.3949284239993075e-06 1.7918328695431614e-06 6.812103901855989e-05 1.7456933999083057e-07 5.710807100255496e-05 2.1153531704754772e-07 0.00039120258960849695 6.378219742521518e-06 0.00011159529987921271 2.3539467883369265e-05 0.0010441899530911135 1.0505513880235306e-05 1.0913465291780346e-06 1.960287697684996e-06 0.0 0.0 0.0 2.7498573307204238e-05 7.578262619642634e-08 2.2187139615440825e-06 9.68160130613757e-06 1.1054220933663032e-06 9.72953921297669e-06 2.9227853163011928e-05 1.8012132737278349e-07 3.133804608604567e-05 0.0 1.8576558386478465e-06 1.420859671064352e-06 9.609586988384522e-07 0.0 0.0 0.0 3.5789416593770716e-05 4.5555505629578914e-07 4.7385845224682464e-07 7.088288920680863e-08 8.3797785711522e-05 8.797869097052136e-08 4.774183479984498e-08 0.0 3.740826138669397e-05 8.374428402151356e-07 5.595771439601689e-07 0.0 7.349071444494827e-08 0.0 3.25216859194459e-07 0.0 1.011059658645241e-05 7.889948097730912e-07 2.190058212340942e-06 6.712858848650982e-08 4.691451762375605e-05 5.680527185150501e-08 5.7666577226858204e-08 1.0951990463368648e-06
1.7204478312486222e-06 0.00039815462487278693 4.988811368151221e-06 5.731092034413964e-07 9.312964258123506e-06 1.035638236688797e-05 1.8104047569565933e-05 1.6738746181699855e-05 1.8097083075431486e-05 7.70277316372264e-06 0.0015259475932935336 6.562121116391041e-06 0.0 1.9551090684444728e-05 1.199871645155424e-06 4.330178639332894e-06 1.3395592613002516e-06 1.2902267171177652e-05 3.3882153619875953e-06 8.26871171196566e-06 3.16398996075367e-06 6.86937891342728e-05 7.306408535123594e-06 1.2624477802940772e-05 0.002509107131874326 0.00010798629736971486 0.0016990857760460498 5.302814987290062e-06 7.050258361000492e-05 2.443887875430867e-06 0.00029392863615095293 6.505773719191061e-05 3.9588115286703623e-07 0.0006043312188194115 1.432794607271191e-05 0.000473259503311999 0.0029575225982333415 0.0014192401461679673 0.00043805479062500514 1.7764573572606407e-05 2.9307129157296314e-05 0.0009253584411226026 7.059195056664511e-06 0.0 1.4928638958235322e-05 1.016020467431109e-06 0.0 0.0 4.964816611221174e-08 1.9854595760508517e-07 5.679466322042811e-08 6.204006477263569e-07 0.0 0.000219623321767146 2.2928312383389726e-07 0.0007881156921344972 3.5261211899838724e-07 0.0 2.4743351012772665e-07 5.14636900684246e-07 4.923251056483515e-05 6.873502819575974e-06 0.0 1.2284935585988338e-06 2.014094375011805e-06 4.484205209603687e-08 2.026016996907325e-06 0.00015516962239100435 0.0003131813649066727 0.0004003962097800006 4.773466603543663e-07 6.149135534128696e-07 3.568639320407927e-07 0.00027334996713006336 2.7618383852445864e-07 0.0 1.1530287691544993e-06 5.510883194415745e-06 3.502406915877719e-05 0.0003909618903996428 3.472623438880726e-05 8.340471960221179e-06 3.8603780101232613e-07 1.6240552437269599e-06 5.6776716732745263e-05 8.587482312262163e-06
0.0029402232997020527 2.034030327425864e-07 4.730985427600374e-05 2.3467157379131626e-05 1.0573894269147e-06 0.0001674190485144655 0.004396591864918099 0.004096004923546288 8.28188464402629e-06 0.000666143152201102 9.76887505212968e-05 0.00017359213798394494 1.9551090684444728e-05 0.0 5.102257900252754e-06 1.308623832746772e-06 0.0005264385664358782 6.197964146143499e-05 0.0002160523877998361 0.0002669725389826642 3.960849549539011e-05 1.1438737370377858e-06 0.00018916796573471332 0.0001645188367492644 5.845412122333885e-07 0.00039186642706884 6.540125485263238e-05 0.0002587051034240663 0.0031026490141832616 0.001273518765055127 2.9560456552222038e-05 0.00014706294287594116 1.5508090943121138e-05 0.0003656843272380536 1.783463323565002e-06 0.0003032029797417666 2.4049712569026343e-05 0.00026736543421723816 5.170422818124658e-05 0.00017249572426378327 1.9843666514228503e-05 4.087084550055027e-06 4.875284571291294e-06 2.36731577222991e-07 5.1827871743972776e-08 2.3798882269045612e-07 9.349176740920284e-07 0.0 8.10766924982537e-07 2.2892471956831625e-05 5.728218213989273e-07 6.14709157928256e-06 1.810535471168324e-06 4.259552435697612e-07 4.057742570364704e-07 0.0 2.038160837627823e-06 0.0 5.189689182251328e-06 0.0 0.0 0.0 9.236426549980856e-07 1.4369588052893861e-05 3.6968186466515904e-07 1.0023113592789901e-06 4.618776730418974e-05 0.0 5.284037537081756e-08 1.0224284703063884e-06 9.076135985032439e-05 2.4875833618352975e-06 6.904047421108851e-06 0.0 1.8692813539224103e-07 4.6829615212078405e-08 5.546444119628752e-07 4.081688740486092e-07 1.9156921421837607e-05 1.2109516422480687e-06 4.731581245487947e-06 1.688249907037808e-06 3.3133694057477033e-06 3.984765255929832e-07 2.219941232216189e-06 4.386171571497384e-07
7.612061573918606e-08 6.524055857826947e-06 0.0 2.824457342086498e-05 0.0006361777809363305 0.0005411489296271161 2.1350880142763677e-05 1.2828472851423122e-05 0.0003468182054147532 3.275339752491869e-05 1.8065511904814645e-06 0.0011576409189581463 1.199871645155424e-06 5.102257900252754e-06 0.0 1.0507511409691153e-06 1.8515108143551815e-07 0.0 7.000747507379875e-08 0.00016287918546471262 5.130242913343489e-07 4.085223645694775e-05 3.335257158644266e-07 0.0007861049582418399 3.989223035183758e-06 1.4839226857179037e-07 1.1049901109913645e-05 4.759225017887419e-05 5.710775441430165e-06 2.4226902933701733e-06 6.116407690753696e-08 0.00012923827945135832 4.208561437002114e-07 2.7844865857453345e-06 9.528151311357431e-07 7.355200639916083e-05 1.1310902247303725e-06 1.3246519317224497e-05 8.285573078498602e-05 0.0004867339017729021 1.8943764950801254e-05 1.3780844220634214e-06 8.483764129402736e-08 0.0 0.0 0.0 2.651152475144101e-06 0.0 3.340688236498965e-07 1.1183086429051455e-06 0.0 7.875341925178278e-07 2.9128668409049464e-06 4.947560698512517e-07 4.792626116022607e-07 2.0802020848263243e-07 0.0 0.0 1.45173068646363e-07 0.0 0.0 0.0 3.3351660182348298e-06 7.470850987748103e-07 0.0 7.915935346821235e-08 1.083812492642336e-05 0.0 0.0 1.2606237030388493e-07 5.228621447427889e-06 4.4183811074683357e-07 0.0 0.0 0.0 0.0 0.0 5.839499008489965e-06 1.0899458542967343e-06 1.0354873343242948e-07 3.5824393091662716e-07 2.0761350099081516e-07 6.950516707310482e-06 0.0 0.0 0.0
6.892156260660393e-08 9.357124028741154e-05 1.7696416448469966e-06 1.6207288497187425e-07 7.492985824322557e-08 5.681147248811816e-07 2.6849285122510844e-05 6.168201192698011e-07 0.0001637095227376503 5.754786375840502e-07 1.038311590069915e-06 0.0 4.330178639332894e-06 1.308623832746772e-06 1.0507511409691153e-06 0.0 7.981187827768811e-06 2.572137947531978e-07 8.900727280769016e-07 6.102374709033234e-08 0.0035981804563588547 0.002685538997429915 0.0022107834580425787 0.0019937137951820017 2.6867157869382584e-05 3.682533424881192e-06 0.0015893321228847728 0.0014858004973457815 1.8998958677774345e-06 2.2169209231948618e-05 1.536810027735693e-06 2.529654385368372e-07 1.18274341129099e-06 1.3836660497441005e-05 7.763828549070551e-06 0.000962579371834089 0.0002864201122471801 0.00014998727962803977 0.0002475030516854354 2.6287329115716523e-05 6.802884269310258e-07 1.864331788481295e-05 6.05348698691683e-06 1.0522080163364783e-07 5.592444587329476e-07 4.9281406250641625e-06 2.5537606231341724e-07 0.0 3.0253962207661007e-07 1.4447028007067711e-05 3.541163002002464e-07 1.8754083518415135e-05 1.1209644090522947e-06 3.7074539652915943e-06 6.016915329790538e-07 1.423282545283962e-06 5.354485847685716e-07 2.2552604466260217e-07 0.0018794717668324816 1.1965096039817615e-06 3.5898777637401565e-07 5.044835061737455e-07 6.170128499511206e-08 0.00028726924857007624 0.000327828900706727 0.0006125098237526207 0.0002148945953620149 0.0 2.5765958927712882e-06 0.00014487478089506283 0.00012716697363104315 2.343265024099722e-06 3.917124247829526e-05 8.21346775637196e-08 0.0 2.24367174402297e-07 6.237712082802826e-07 2.113457379235007e-06 3.7735778464125874e-05 2.8597275944163708e-06 7.94935982724533e-06 4.697720887444953e-06 7.639405392686948e-07 3.2859084049064996e-07 6.706473463088491e-06 1.7849579786491598e-06
0.0001776588496431039 1.939618176473857e-06 0.0007881356680352633 3.117812769136067e-07 3.482142352095107e-07 4.626915758782263e-06 0.0004492309765148124 0.00018248742284572743 2.0349507524650148e-07 2.5946510532502042e-05 0.00015375012196703445 6.701877580386533e-07 1.3395592613002516e-06 0.0005264385664358782 1.8515108143551815e-07 7.981187827768811e-06 0.0 0.00020852955325327037 0.0015490024918141073 1.1828175418069235e-06 0.00032202059864758843 6.772040616240728e-06 0.0007415001585093854 6.032461206945533e-06 2.5926283380381676e-07 0.0021537108549611003 0.0024773413571135654 9.046495198453484e-05 0.0003663140290048808 0.0007585120605863433 2.3458584086094366e-06 5.519535624593302e-06 6.632942753021867e-05 0.0007832449057490758 2.132605261911923e-06 0.0002186282818053684 0.0008992705133846021 0.0003200316152018311 0.0001143654263946045 5.687207176728059e-06 8.382326816658359e-07 7.412784898134996e-07 1.3126910520000607e-06 0.0 4.525406549107885e-06 2.7316560154198315e-05 0.0 0.0 0.0 4.6544148857445416e-07 7.415021767689723e-08 4.666768925303857e-08 0.0 1.298478293674998e-07 0.0 1.2564252470807074e-07 6.074049664057834e-08 0.0 2.201249769653657e-06 2.647616690573719e-06 8.660195767670207e-08 4.0569769447382063e-07 0.0 1.294085353363868e-06 3.963259179207475e-06 2.6260267695820746e-06 2.8056981538788357e-06 0.0 9.398519598568533e-06 0.000164653655978007 2.685121640214813e-06 0.0 5.130026374584671e-07 2.768247153095984e-07 0.0 0.0 2.3761230649667314e-07 1.888845567635049e-06 2.334592767689701e-06 1.935626957597938e-05 1.325376809741316e-06 7.78838806405357e-07 0.0 6.185721743843124e-08 4.7091388596468464e-08 0.0
1.7532971607696636e-05 5.128795221297925e-06 9.698940063594833e-06 2.7400198229945885e-07 1.2446701477383766e-06 2.1577761551906073e-06 4.987421913160217e-05 2.591764990681751e-05 3.0053407119665067e-07 7.559827691099756e-06 0.002124385558763042 2.1504098068326444e-06 1.2902267171177652e-05 6.197964146143499e-05 0.0 2.572137947531978e-07 0.00020852955325327037 0.0 0.0017604105617057206 3.2464391373199073e-06 1.270976376714914e-05 1.1037107768384784e-06 2.1701051977119004e-05 1.391846086239906e-06 2.2615498233555934e-05 0.0015187088620621015 0.0002469267623788433 7.826231497585196e-06 6.349358723704218e-05 2.738647530531472e-05 6.748032332945223e-05 9.248230717850295e-06 1.105693285699571e-05 0.0006844474024374136 3.7339579629667004e-06 0.00049914299880684 0.0009676692431508216 0.0012176905467257567 0.0002704733555853592 5.138343368146844e-06 2.1319322561298074e-06 1.2254078888632641e-05 1.4783932182225324e-06 0.0 2.1801630441793386e-06 4.132676599892802e-07 0.0 0.0 0.0 0.0 0.0 1.2368307085600517e-07 0.0 6.441297381930771e-06 0.0 3.1567279955520996e-05 0.0 0.0 1.6366489770061896e-07 0.0 7.90407018473567e-06 1.6929426458198209e-06 0.0 1.307684059585229e-07 2.2970115802399702e-07 6.717621185826264e-08 4.594131087063447e-07 7.537920268935168e-06 6.217244070734806e-05 6.70766626942143e-05 3.077810471963528e-07 5.651104110774867e-08 7.46732520560131e-08 2.2893405126661587e-05 0.0 0.0 4.614768591137326e-08 2.9071116296786896e-06 3.1605945745596735e-06 4.29487101358958e-05 2.6524923416407386e-06 4.936559295499285e-07 6.207387166534311e-08 2.6078517958011167e-07 1.0110054860675682e-06 0.0
6.375742997384632e-05 9.844711130671545e-07 4.8128159650929e-05 3.9316910324113265e-07 8.164673249482293e-07 2.8872980987022314e-06 0.0001305964792285333 8.141947333542153e-05 0.0 1.3263815952282142e-05 0.0006472887995642512 1.7561372038903478e-06 3.3882153619875953e-06 0.0002160523877998361 7.000747507379875e-08 8.900727280769016e-07 0.0015490024918141073 0.0017604105617057206 0.0 3.0572288652719663e-06 5.1800282956036035e-05 8.444783255767252e-07 8.49542518178722e-05 2.0612051802898466e-06 7.75098520624889e-07 0.0022627644343260556 0.0006596342767963902 1.9048140442998852e-05 0.00019090057198633344 0.00012628113363310207 8.25623796807732e-06 7.197356810668763e-06 4.054949793386358e-05 0.0018245220390092317 4.706770305948405e-06 0.0005634039076964065 0.0006457006997533034 0.0014763300992704552 0.0002452089517089453 5.7971103358404505e-06 9.485552714105818e-07 3.353234407748866e-06 2.1961674198743992e-06 0.0 1.3547046048980462e-06 3.526545116655111e-06 0.0 0.0 0.0 4.63926659049361e-08 0.0 9.749363713422016e-08 0.0 1.0858384377134461e-06 0.0 1.5557453156108543e-06 0.0 0.0 1.6409990930881967e-07 3.9754383206891373e-07 2.86219646823767e-07 3.437117950621018e-07 0.0 2.461585150492863e-07 6.471256657656545e-07 8.567395143554725e-08 6.014934113811252e-07 1.0376595706137665e-06 1.6551546849644294e-05 4.3503296842679025e-05 8.644282207630574e-07 0.0 0.0 1.8416955681560695e-06 0.0 0.0 5.827156869361019e-08 2.2114653545575622e-06 2.6963975289278336e-06 8.391929240727906e-06 1.4533624959924242e-06 8.035177298304157e-07 0.0 0.0 2.4052312722853034e-07 0.0
5.396121000816647e-06 1.0337991907994546e-07 1.5180370483076308e-06 0.002912720718187008 1.2560067777202308e-05 0.0003539126377900823 0.00018185516405781892 0.0005249635714364265 0.00014740875846358038 0.002404296356852014 3.605782568050777e-05 0.003403471967017335 8.26871171196566e-06 0.0002669725389826642 0.00016287918546471262 6.102374709033234e-08 1.1828175418069235e-06 3.2464391373199073e-06 3.0572288652719663e-06 0.0 1.4752425774775346e-06 9.33006435385694e-07 1.4868175465942322e-06 0.0005217660919289777 5.183891157621083e-07 5.8037819487644764e-06 3.8506201335246566e-06 0.0030133103733325835 0.0002308429095621219 2.98570719213921e-06 2.3214255007824027e-06 5.883482330870806e-05 1.4678510426417084e-06 9.780686356648966e-05 4.828140052938371e-06 0.0006686274705293955 1.2343237504748616e-05 0.00022873140826651397 8.929480937894378e-05 0.00042641737142355175 1.2320377416688184e-05 4.485792275246307e-06 7.878749504081259e-06 0.0 0.0 0.0 4.558841816777761e-05 0.0 9.082971546772167e-07 3.901801119812582e-05 2.0027963849840407e-06 1.2728395052793144e-05 5.889001239169875e-05 6.510067432357006e-07 1.247211355825082e-05 8.021061684729382e-07 5.170542977470145e-06 6.360462857056331e-07 2.7289027714691104e-07 0.0 0.0 0.0 3.4366643977237275e-05 1.1136764599213415e-06 0.0 0.0 0.0001791792769819785 0.0 0.0 2.5791478711444015e-07 0.00014430457278777478 1.6171428257026182e-06 5.949650330185242e-06 0.0 5.036871804679274e-07 1.0702600454650376e-07 2.8889978034699186e-07 0.0 2.536494122723027e-05 8.044812244683874e-07 8.71458811360002e-06 1.9222748796771726e-06 2.7335918600160217e-05 5.408046300128582e-08 3.7819177654430185e-07 1.8298089037464955e-06
1.8643257170246108e-05 1.647396888944861e-05 0.0006045996049568651 6.275042953468055e-07 1.5967545342495998e-07 3.0620662422744175e-06 0.0003711239946270991 1.401786225254655e-05 4.93939679327019e-05 1.1932895596959014e-05 1.4542910474594825e-05 3.138897495569018e-07 3.16398996075367e-06 3.960849549539011e-05 5.130242913343489e-07 0.0035981804563588547 0.00032202059864758843 1.270976376714914e-05 5.1800282956036035e-05 1.4752425774775346e-06 0.0 0.00040951559869687604 0.01054922080233268 0.00020391624643406925 9.964967938443716e-06 0.00039495405371074737 0.0004113724540240997 0.0013411249182237938 8.202912026280324e-05 0.0063141305850128214 8.926332575840037e-06 1.0703572010404615e-06 1.3823704713955063e-05 0.0012139781801523912 3.750389380445655e-05 0.004443200958012613 0.0004944993818007693 0.002396828486694746 0.002070076264634165 9.428016103795624e-05 3.346647313860794e-06 2.91584832269737e-05 2.2241865498175047e-05 1.0862112769701313e-07 2.772455604260957e-07 5.713818011256537e-06 1.7196734589140533e-07 6.18733108039425e-08 2.1972916749653436e-07 1.8734538162085493e-05 5.346071687722987e-07 1.1326520035822238e-05 8.431862736958698e-07 2.0895140092148825e-06 2.3150848266306828e-07 3.186674216166568e-06 1.1256967533903277e-06 4.5272831437778345e-07 0.0004759161900754313 1.053772540442249e-06 5.444092552171465e-08 6.721048928345044e-07 0.0 0.00041550304809558644 7.603834496804085e-05 6.418751150942427e-05 0.00022928188416483864 0.0 1.5548343553469806e-06 1.8407924755994072e-05 0.00014101024867851979 2.1365591997488753e-06 8.493431901196367e-05 5.73473476408906e-08 0.0 1.308125941544984e-07 5.644111218706211e-07 4.732026815209933e-06 5.883176076290153e-05 4.109585885966163e-06 8.15847037567486e-06 3.6889779228907266e-06 1.2855392530625921e-06 1.5727543250605212e-06 1.6147703681001072e-05 4.885605087825033e-06
0.0 0.0015324476077922299 2.475074781944863e-05 5.646808120361617e-07 1.7817218626480557e-06 1.8513345414855424e-06 4.381621225803069e-05 2.326460281315576e-06 0.0019499582156780552 2.6570093993270907e-06 1.3616031119038413e-05 3.259400163778963e-06 6.86937891342728e-05 1.1438737370377858e-06 4.085223645694775e-05 0.002685538997429915 6.772040616240728e-06 1.1037107768384784e-06 8.444783255767252e-07 9.33006435385694e-07 0.00040951559869687604 0.0 0.00024487168385259415 0.002839059411166504 0.0005465036559298898 1.817569529777285e-05 0.0032511834568863776 0.0003284957423617972 2.2221568231663376e-06 1.931026683139219e-05 1.4738439438556216e-05 1.0740308003886391e-07 4.863523344923258e-07 1.5940990697628446e-05 1.1758057490547387e-06 6.616986314988278e-05 2.130157783606647e-05 4.5794573606244726e-05 1.4680644197397955e-05 5.5815037635689134e-05 2.7076144964378425e-07 4.408038843240887e-06 0.0 9.028486303152872e-08 2.853328036588769e-05 8.059017291905328e-06 1.449084013428832e-07 8.032714724710699e-08 7.005321487227873e-08 6.8074676309408395e-06 3.6755253198912384e-07 4.066683896299264e-06 5.543634780917441e-07 1.3532290273079382e-06 2.8734067313815086e-06 2.480542377305761e-06 9.39277146697975e-07 0.0 0.0006772110424244671 3.3790273565134734e-06 5.587423312954845e-07 2.6995507640965546e-06 1.487192381283906e-07 0.00010247891774427141 4.806385425732501e-05 0.00017844580268831618 7.929276225780295e-05 1.7079420593978838e-06 1.1505635260830602e-05 0.0008637218099965835 3.810331183562826e-05 1.2341104426576302e-06 7.017917425226009e-06 1.6895041792018694e-06 0.0 5.510961568384112e-08 4.740812479329518e-07 8.338036756174226e-07 2.0813359840289275e-05 8.965105863102311e-06 9.575126279248777e-06 7.149527784829113e-06 0.0 0.0 8.739554101530295e-08 0.0
8.065170300816648e-05 6.462633157648944e-06 0.004738286547354026 2.9359434135985273e-07 3.8156006742851716e-07 3.7848741527712157e-06 0.00040445869265117666 5.311512673382614e-05 1.9926102220719975e-05 1.4943442288948978e-05 3.084505836313523e-05 6.834626845094928e-07 7.306408535123594e-06 0.00018916796573471332 3.335257158644266e-07 0.0022107834580425787 0.0007415001585093854 2.1701051977119004e-05 8.49542518178722e-05 1.4868175465942322e-06 0.01054922080233268 0.00024487168385259415 0.0 0.0003774081420484841 6.298016066749991e-06 0.0011485592150273197 0.004968203845104372 0.0021445877122721318 0.00023162578898140596 0.002083911946061405 2.2914019580417326e-05 3.532605737379912e-06 3.81388835065907e-05 0.0018403890844342237 6.925720447734823e-05 0.006361699092613472 0.004858529517776291 0.004124756078416724 0.003332099342527919 0.0001969051220292507 6.116585118304269e-06 2.688761102503704e-05 3.122407368337997e-05 5.7657195444273166e-08 2.9137319747692697e-06 3.9054350980887145e-05 0.0 0.0 0.0 8.874567475438312e-06 1.4425205183323392e-07 1.7799829492459193e-06 1.3942575471601633e-06 2.698729461198793e-06 0.0 5.962187242337409e-07 8.594348030659501e-07 0.0 0.000861514291705903 2.8319070764497522e-06 3.5248706344490664e-07 1.2690899102446575e-06 0.0 0.00010372364429095663 0.00012136155623550494 0.00042829241137696725 5.043579284879802e-05 2.922698934620554e-07 6.401424354897122e-06 0.0005747864160601029 3.5194824082471617e-05 4.704360429106053e-07 1.5102214568989614e-05 2.951997664293161e-07 0.0 1.3633443353895207e-07 2.6039760009963416e-07 1.8313320614078217e-05 6.261519060106891e-05 9.799630525103016e-06 8.484068579072756e-06 1.002976549314537e-05 1.1029388942846724e-06 4.190540439923644e-07 6.160846921580935e-06 4.3581423557771615e-06
