0.0 0.0 4.436133547584537e-05 8.186251322234604e-07 0.0 2.9784366373341163e-06 0.0018105765567455014 0.0003779235338378669 1.0141950634421977e-06 2.8298026636164817e-05 7.14048286847078e-07 1.5316090485919605e-06 5.506846244837873e-07 0.0025703943611731232 0.0 1.509930474716677e-06 0.00022652975072067107 5.852111580291814e-06 2.2578594770959896e-05 1.91458275120043e-06 5.180713119829342e-05 1.9196470227503654e-07 0.0001126225698185978 1.0066506903189545e-05 0.0 2.7302691918426577e-05 2.5112123660191885e-05 1.702111035451273e-05 0.0025095247957837115 0.001616286468313183 0.0 0.0 5.533472115929241e-05 8.893660366525091e-05 1.939212687745817e-07 1.5010197568113327e-05 2.37994326879395e-06 3.443917060341929e-05 1.2251674543336588e-05 1.1312605711125536e-06 1.9776751630396568e-07 0.0 6.507703106288142e-08 7.414067085016061e-08 1.3884337121723594e-07 2.25021689970377e-07 0.0 0.0 0.0 3.786027517174104e-07 0.0 2.437379928792122e-07 0.0 0.0 0.0 0.0 0.0 0.0 1.4525102783028095e-06 0.0 0.0 0.0 0.0 1.4832285095010914e-06 6.115048692767656e-07 0.0 4.184902639533622e-06 0.0 4.0835356355942834e-07 1.3190756311573427e-06 6.161971713749608e-06 3.556597972623548e-07 2.539725699478764e-07 0.0 0.0 0.0 1.4932438401739246e-07 0.0 1.8252839097786722e-06 5.904580391961998e-08 2.5953872180255226e-07 0.0 4.0417779766154857e-07 0.0 0.0 0.0
0.0 0.0 1.0361209680127707e-05 8.75814137879015e-08 1.8669749990412533e-07 7.828531529470196e-08 3.9159984126738934e-07 1.9178934561428714e-07 0.00032325685086178333 2.5840369654698365e-07 5.264964068426718e-06 1.5797214932353958e-06 0.0004990141187647296 0.0 8.557386597657558e-06 4.357083991917055e-05 3.749177960042646e-06 6.365403813125046e-07 6.269195895588252e-07 0.0 5.050100553047771e-06 0.0009195670166414994 3.572261649731371e-06 0.00027000875260259425 0.0009969738598150468 7.321077446934957e-05 0.0032110543219395853 2.7752668664513683e-05 1.69909908116657e-07 3.291154621092551e-07 1.7397118026970443e-05 0.0 0.0 3.2063169965907487e-06 0.0 3.7826328760735066e-06 7.82974835461422e-06 1.040907923139911e-05 8.487538812581751e-07 3.4385519516943975e-06 0.0 0.00011961233415272074 0.0 4.825790832926761e-08 9.501272446701443e-06 1.8620494345458328e-05 0.0 0.0 0.0 3.963263503225561e-07 1.1810190436319644e-07 3.4840203062161384e-07 9.944536766960237e-08 4.278720988929741e-06 0.0 3.794987245941444e-05 1.58983441147117e-07 0.0 2.9471171670884206e-07 9.849212465830057e-07 7.30164788994811e-07 6.94968017850739e-06 0.0 1.0092618246568811e-07 2.6651294476964185e-06 4.827593588007587e-07 1.6678794383601342e-06 1.7144474749612734e-05 8.651295431643195e-05 0.0008789916042128258 1.5732434058329915e-06 6.538506339312607e-08 1.0427550800685108e-07 8.487139793909965e-06 1.0559868287315422e-07 0.0 2.1601197150522394e-06 0.0 3.988880253298595e-06 8.9559204102292e-06 3.8007504018254193e-06 1.1408680666841235e-06 1.2864229362038014e-07 0.0 2.0515517623391895e-05 0.0
4.436133547584537e-05 1.0361209680127707e-05 0.0 1.6554401026816452e-06 0.0 5.6207329387852056e-06 0.0007817683898253225 0.0001328777021900146 2.6491109820736203e-06 1.715635793978907e-05 2.3947929097235558e-05 2.73789673394175e-07 8.91897179530761e-06 0.0001838101185906066 8.081965147680175e-08 2.778069468278497e-06 0.005524073727233035 4.366205771295738e-05 0.0002563057100192042 8.199741002029614e-07 0.0007798299296077448 2.2918469345755443e-05 0.00638168056493969 4.2244482563576423e-05 1.696610943666947e-07 0.005858011785761298 0.002107379174626755 0.00025807835238041913 4.536169670298962e-05 0.0005061445601739262 4.497067664926693e-06 1.1942195623013948e-07 5.185688032154934e-06 0.0012209267503214506 2.69659411422421e-05 0.0017134170465964939 0.0025377743261768664 0.0014858828122895232 0.0005291573928842694 0.00011293957246867255 1.9563509188500603e-06 6.25397702140824e-06 5.2404166323478375e-06 7.872049070126289e-07 5.2021098999960176e-05 0.00030459617527637856 0.0 0.0 1.2391057956627997e-07 8.00806154849707e-06 7.803139669886624e-07 2.35008813989274e-06 8.007420189021865e-08 2.4592705262021577e-07 0.0 4.0006505912042175e-07 1.8949655493150644e-06 0.0 7.388611280417155e-06 1.1130331271305584e-05 0.0 1.644055926360399e-06 0.0 4.940162213414585e-06 4.2932550515140617e-05 3.590925035808869e-05 9.444533522977357e-06 3.159561542038914e-07 0.00011554329325508044 0.001688891371621557 1.3655946786045394e-05 1.1159807269071212e-06 4.230436246487489e-06 0.0 1.118555158848777e-07 0.0 4.230790003869975e-06 7.2727660761128555e-06 1.3907190841282243e-05 0.00010545208514879614 8.939206586350786e-06 5.162592105001367e-06 2.712585736853457e-07 0.0 0.0 0.0
8.186251322234604e-07 8.75814137879015e-08 1.6554401026816452e-06 0.0 6.803320058650351e-07 4.2914903521292285e-05 7.14093298444442e-05 4.335464944481707e-05 0.0003236754068251573 0.002229534227012919 4.667798393974678e-07 0.0017973346207746856 2.375240510321594e-06 2.734613455643451e-05 4.785040102946368e-05 2.0283850254920761e-07 1.9151245940562224e-07 3.2257941914052777e-07 4.6946032997615867e-07 0.0010746864559091978 1.3141274335504466e-06 4.072858382000216e-07 5.856805704879684e-07 0.0007527862339120896 1.7215717010639752e-06 8.201400187945545e-07 1.193571349988725e-06 0.0018774219839067993 4.790479459053566e-05 2.018347715416164e-07 0.0 7.152198112326081e-07 2.892790585225461e-06 3.459293216268858e-05 3.6974118922995494e-07 7.89631331726083e-05 1.4997186318992787e-06 4.437818597164838e-05 1.4940478960750387e-05 6.627678740702931e-05 3.56468211054993e-06 7.911238419820942e-07 9.066051157211584e-07 0.0 1.8035884726935744e-07 0.0 6.116502899411847e-05 1.1466203157518496e-06 3.122091519432703e-06 5.2824791064248376e-05 8.400739362311342e-07 2.120952814443979e-05 8.04071456117756e-05 7.913343903560111e-08 3.0589207183360794e-05 6.933787180493952e-07 5.581996660812876e-07 8.068171417009078e-06 4.6936577660690843e-07 0.0 0.0 0.0 3.8714171029509534e-05 6.173948510034726e-07 7.64945381251652e-07 0.0 8.45956168923173e-05 0.0 6.104166199405218e-08 1.5182847200189896e-07 0.0001742436221246591 1.5859628197905808e-06 3.186892473405237e-07 0.0 1.5897175826799434e-07 0.0 7.002694212582441e-07 0.0 9.926801154921534e-06 2.567792583158734e-07 1.595150402689903e-06 1.7984068197838058e-06 8.617718449753461e-05 0.0 5.137666711995196e-06 0.0
0.0 1.8669749990412533e-07 0.0 6.803320058650351e-07 0.0 0.00025591521638575275 2.0033964521860546e-06 1.5894982573457396e-05 3.1309819269881815e-05 5.173984550117128e-06 1.2096960563001799e-05 4.680610698168683e-05 1.010413140819064e-07 1.4456239117707975e-05 0.0005889713254292802 0.0 6.675922258073536e-08 2.2907531847148354e-06 4.2478163052957326e-07 3.983524802760932e-06 3.3972944166415533e-07 5.423912307993371e-07 1.127518793585459e-06 7.293073288179099e-06 0.0 2.3502169229137433e-06 9.889148720537535e-07 2.288316189413263e-06 0.0002805083983319373 2.622639260355878e-07 1.3743658087991514e-07 0.0004438795510241811 0.0 5.485625378340837e-05 6.154905811756755e-07 3.364923490235013e-05 5.069836951875536e-06 0.0001523579073588461 9.572643155261391e-05 0.0008264607454721998 3.682327735332691e-05 9.622869608988218e-07 2.832042485171253e-07 0.0 0.0 0.0 0.0 0.0 0.0 0.0 0.0 0.0 7.663734849495344e-08 0.0 0.0 0.0 0.0 0.0 0.0 0.0 0.0 0.0 0.0 0.0 0.0 0.0 0.0 0.0 0.0 0.0 5.409115260741139e-07 0.0 2.2890657783307514e-07 0.0 0.0 0.0 0.0 2.728064288676939e-06 7.599892898075112e-07 0.0 0.0 0.0 0.0 0.0 4.7672536881446155e-07 0.0
2.9784366373341163e-06 7.828531529470196e-08 5.6207329387852056e-06 4.2914903521292285e-05 0.00025591521638575275 0.0 0.001579917002083115 0.0027079902071413652 6.480081425161493e-05 0.004612894339836882 6.231785446784998e-05 0.0015567228936563063 4.58139196305975e-06 0.0004255053712151451 0.0010992722805918567 0.0 5.561628347979527e-06 1.8477570768176713e-05 9.57869460049529e-06 0.00015419018114803127 7.090432156229258e-06 1.4882282933343835e-07 3.837818628115861e-06 4.9732868261335094e-05 6.352952123591269e-07 2.006528695722886e-05 6.064393796090703e-06 0.00022394559825356138 0.0008002400476530398 4.714235983435249e-06 3.7679182651503545e-07 0.0002725521206517863 2.6484381853915806e-06 0.0002556696679807706 2.7553971490997378e-06 0.0002374516176009594 2.3483349886984307e-05 0.0004906137463079733 0.00014344333290451417 0.0018031524144550572 0.00021717164618031493 7.269351863229537e-06 1.2295868738787668e-06 2.297591122555349e-07 0.0 0.0 4.278157980722835e-06 6.181573167429669e-07 0.0 4.554116658577763e-06 7.709176710325825e-08 9.30016584217649e-07 8.918373057619874e-06 0.0 2.7761404167353996e-06 0.0 0.0 5.3203835471226e-07 3.8673198318905433e-07 0.0 0.0 0.0 2.67825984935652e-06 7.974016923354823e-08 1.2151297451256012e-07 1.3343560427323274e-07 9.87339637590286e-06 0.0 7.910411836388424e-08 3.589767482035168e-07 1.9396792219141984e-05 4.665229986017569e-07 1.1222318122186006e-07 0.0 0.0 0.0 1.717882318881595e-07 0.0 7.29354430851386e-06 2.9867806403826036e-07 2.8407641885973205e-07 6.378842232314448e-07 2.1438051417270842e-05 0.0 4.5617033959520407e-07 0.0
0.0018105765567455014 3.9159984126738934e-07 0.0007817683898253225 7.14093298444442e-05 2.0033964521860546e-06 0.001579917002083115 0.0 0.003421052781596823 6.226196506902291e-05 0.004227551541303204 7.363441706356752e-06 2.6475069277037357e-05 1.0968652050203757e-05 0.004987774258795024 8.680924893992067e-06 1.4065704534975851e-05 0.00021584177524816114 1.1509227935251866e-05 2.8147395067235186e-05 4.6962087444335554e-05 0.001295801588930407 4.8201934412111885e-06 0.0007603375146609555 0.0005565983715893163 1.1373237140265258e-06 0.00011225055200230349 0.0001815077359039099 0.008233093212059459 0.0016429233942401153 0.0027069377068774684 2.2902774823478582e-07 5.352715530269821e-06 0.00022018791353928084 0.0007444164993223348 2.4141462862473438e-05 0.0017231191147982767 7.271581556497758e-05 0.0009745714640266068 0.00043612737638503584 0.00011370448388668943 3.177217241309633e-05 3.2717524966702222e-06 1.267941039311862e-05 4.0140191005975185e-07 1.7923989090623068e-07 4.707102613802192e-06 4.2175498586309393e-05 0.0 1.583182758322341e-06 0.00013426215441842464 2.408194902800991e-06 3.707591852895045e-05 3.8643495215442264e-05 3.070825930838236e-07 7.232315177752539e-06 9.344730648352574e-07 2.3365218405399683e-06 2.6984076305786605e-06 2.0076678386013074e-05 0.0 5.372096666952376e-08 1.850791892641765e-07 1.879064773898481e-05 7.175071334596374e-06 8.676930340995444e-06 1.537078497486831e-05 0.00030329342463841156 7.011496679830818e-08 2.292010219092322e-06 2.631717960104526e-05 0.00041730128164618665 5.378877177126932e-06 1.630523307050963e-05 0.0 3.4166667812974685e-07 4.7017351843665113e-07 4.95433413289444e-06 3.25069150208545e-06 5.232207004117312e-05 5.188198331602623e-07 1.0452505450225568e-05 5.739377973686396e-06 2.3382058032375547e-05 1.7513392626418976e-06 3.725032882715439e-06 0.0
0.0003779235338378669 1.9178934561428714e-07 0.0001328777021900146 4.335464944481707e-05 1.5894982573457396e-05 0.0027079902071413652 0.003421052781596823 0.0 1.0521088252816514e-05 0.0027291778516744408 5.29721595231405e-05 0.0007181298315138429 1.9043901446776678e-06 0.003949271885392257 5.808685062486269e-05 8.203590431762134e-07 0.0002877784060941036 2.9754808126725094e-05 6.071565582069441e-05 0.00023391333669055877 0.00012907746028451624 3.50516508401597e-07 0.0001462588401145382 9.489543964387716e-05 2.693213174851611e-07 8.406624800147986e-05 6.013957450658539e-05 0.00017168585120204392 0.0003805455367464005 0.00045610226071544826 2.944350771825911e-07 6.259927459074218e-05 1.0735934776710794e-05 0.0003118377411630602 3.2856576537876794e-06 0.0002603996770252297 2.93928549923874e-05 0.00045906824255998385 0.00012341941517026784 0.0003905524866457041 8.09578494330849e-05 2.4503116376351195e-06 1.5523082143456632e-06 3.3429359239415304e-07 6.319834220140639e-08 2.137929926409673e-07 3.1681596723765598e-06 5.8550233751027285e-08 1.519129557950136e-07 2.2530305736243637e-05 2.6091672923581845e-07 7.091160249241198e-06 4.613196317191867e-06 8.57749091343837e-08 1.2338185330779894e-06 0.0 6.46891649030243e-07 1.0376798360848053e-07 2.9135989326155586e-06 8.579497921557911e-08 0.0 9.337598369055792e-08 1.3876610683164668e-06 2.059969329043693e-06 1.5240088028886965e-06 1.0915512050220872e-06 6.950926182234056e-05 0.0 5.906368494107439e-07 3.7686566892217896e-06 8.102320275338498e-05 1.5626207529244187e-06 5.212322618535986e-06 0.0 1.2349516638126195e-07 1.2182036546852867e-07 9.470760101579455e-07 7.359733901931705e-07 1.0606429060106205e-05 4.564026256234347e-07 2.711767353144378e-06 2.142614913880932e-06 1.3990017742627345e-06 8.884948967023457e-08 4.6054102900290426e-07 6.804154190564732e-08
1.0141950634421977e-06 0.00032325685086178333 2.6491109820736203e-06 0.0003236754068251573 3.1309819269881815e-05 6.480081425161493e-05 6.226196506902291e-05 1.0521088252816514e-05 0.0 0.0003277692256638577 7.095082548958795e-08 0.00036428337234335935 2.4997792789890073e-05 7.370260940736649e-06 0.0005520327825062506 3.961723060356386e-05 2.868232966096534e-07 7.681807789867765e-08 9.42788215908614e-08 0.00047588283480825584 2.4314826506929765e-05 0.0014959319990086603 8.453783397901573e-06 0.0052192347054986895 8.139580891217005e-05 2.071001277413419e-06 0.00023699986063176323 0.0008939963421909535 9.648641581503378e-06 1.8335116109495692e-05 8.681095257800763e-07 5.404097099068011e-07 2.0173474724979054e-06 8.188541181343578e-06 0.0 0.00012139723072926347 1.734432364878403e-05 1.3103397957891475e-05 4.638143635330986e-06 0.00019256314289300933 2.4214905027400384e-06 2.0988207040967035e-06 1.1691206134160956e-07 1.8489496141045833e-06 1.648126600616306e-07 3.9861313083500446e-07 8.472064031052285e-05 2.836770400316179e-07 3.079151062682059e-06 7.19728863030155e-05 2.470149210788124e-06 4.684919025768783e-05 8.375009258708932e-05 4.069066971971444e-07 3.9409045605048616e-05 1.6030585919177424e-06 2.1215712364016156e-06 9.175631442254628e-06 0.00010973285596991248 2.6547040765815424e-07 2.0256171501350823e-07 8.082794493955726e-08 5.698778775779217e-05 4.3160445211579144e-05 4.917365025078001e-05 1.961350712550649e-06 0.0008311058459610956 7.519595256188024e-07 5.829677299775177e-07 3.758314504350531e-06 0.0005460381148857393 1.4792892419803423e-05 6.181897703306769e-05 3.891753428969055e-07 0.0 1.2883235156626865e-06 5.162111996886478e-06 1.0072023274533089e-06 3.6664312068005457e-05 3.215006364886001e-06 8.737536174367903e-06 5.308342845291335e-06 3.5854038201160747e-05 1.8390350581314793e-07 0.0 6.523636964776619e-07
2.8298026636164817e-05 2.5840369654698365e-07 1.715635793978907e-05 0.002229534227012919 5.173984550117128e-06 0.004612894339836882 0.004227551541303204 0.0027291778516744408 0.0003277692256638577 0.0 1.2231852585180387e-05 0.0022365812223232437 1.3650011424621826e-05 0.0009540099729565838 5.160017167854128e-05 3.0140546374477966e-07 4.4137980130514576e-06 8.065305926954078e-06 6.9191008443090845e-06 0.0016512886507941433 2.6492950189951504e-05 7.471804090720461e-07 8.939052518382357e-06 0.00046042524366842185 1.1803473274188972e-06 1.3344223830338988e-05 8.787980058908004e-06 0.0015505307201409918 0.0009268751137076708 3.5687014205936137e-06 6.389434972513511e-07 1.3492210687507234e-05 2.161400730907276e-05 0.000462548932712816 3.291086472608885e-06 0.0006183434638401355 2.617200895911983e-05 0.0005405132243107554 9.8233588300885e-05 0.0001709252362861656 3.684408234583618e-05 1.578126064856161e-06 4.690339813597322e-06 5.248301564357693e-08 1.953613415031867e-07 0.0 0.0001176233009518284 1.5085724090897516e-06 6.127934400274107e-06 0.00011451267285790922 2.5904744637478566e-06 2.9671858989310242e-05 0.00013768742578327165 0.0 6.972317464836456e-05 0.0 1.5312564012803368e-06 1.3113446018386984e-05 1.4623498921585685e-06 0.0 0.0 0.0 6.934828863097561e-05 1.67791398559301e-06 9.666198881626019e-07 1.587003336079734e-07 0.0001870356208383086 0.0 6.994545157712013e-08 9.401210856494604e-07 0.00037057167102412796 3.0657247111963457e-06 2.878813470847867e-06 0.0 4.0219498415316373e-07 3.9551540162143263e-07 1.1720574119564837e-06 1.432647745823166e-06 2.169940409846946e-05 1.1873723492021178e-07 5.6784161479887805e-06 2.8064222075397016e-06 0.0001208741501234455 9.319498392290806e-07 3.50161558062957e-06 1.2799901988963697e-06
7.14048286847078e-07 5.264964068426718e-06 2.3947929097235558e-05 4.667798393974678e-07 1.2096960563001799e-05 6.231785446784998e-05 7.363441706356752e-06 5.29721595231405e-05 7.095082548958795e-08 1.2231852585180387e-05 0.0 1.2663170303081522e-05 0.0010021361469219115 2.0270909038937526e-05 5.077888369846537e-07 5.329926406968078e-07 0.0001615941795301674 0.0017853001286058214 0.00026210142265347476 4.646663582144369e-06 7.102504729428403e-06 5.565715473485619e-07 2.597794345513784e-05 1.41108579845953e-06 8.327164352984134e-05 0.0016983437952766088 0.00023060062258399306 3.017861351653528e-06 0.0001022838652809769 2.1883977934140505e-06 9.014090973596888e-05 2.9594446604139983e-05 1.9669532105921896e-07 0.0027758445944988655 9.957484608833102e-06 0.00048451540163592496 0.002636191554793163 0.003431346427637819 0.0005881617576168406 3.9889752950990244e-05 2.6677429738670307e-05 0.00048483256359350263 5.6498371072147065e-06 0.0 7.952932533409914e-07 0.0 0.0 1.7035964469274593e-07 2.815091555090241e-07 8.945658495815428e-08 7.406455847144431e-07 4.4192449926319753e-07 7.108399945755931e-08 9.231556677129338e-05 1.3967221919431246e-07 0.00043174602001039823 9.624909376532332e-08 0.0 8.685211203213271e-08 0.0 5.116843016025305e-06 1.4080576583549208e-06 0.0 1.4797129150793074e-07 5.857165269166193e-07 6.723269789887929e-07 1.587576260919679e-06 3.592411604225577e-05 2.697783613863877e-05 8.657825138820807e-05 5.250057055088016e-07 1.6739176416820606e-07 5.856946363192092e-07 8.704780918733957e-05 3.9135889668643063e-07 0.0 7.19578028377461e-08 1.1288686861306475e-05 1.3622636889672019e-05 0.0001737660259619899 3.198847147211475e-05 4.164694562715781e-05 1.5307822924817538e-06 8.84595454577227e-06 4.825101360020177e-05 9.961312552527371e-07
1.5316090485919605e-06 1.5797214932353958e-06 2.73789673394175e-07 0.0017973346207746856 4.680610698168683e-05 0.0015567228936563063 2.6475069277037357e-05 0.0007181298315138429 0.00036428337234335935 0.0022365812223232437 1.2663170303081522e-05 0.0 8.521151116926336e-07 0.00027640509742087185 0.0007566499693350326 0.0 1.0892725748965945e-06 6.967055767430294e-06 3.776269772277873e-06 0.0015133183416616391 2.74329898013333e-07 1.0068658713886043e-05 4.804927667770645e-07 0.00034889644413583696 2.0660684629218545e-06 8.398851755880607e-06 4.2354348462451946e-06 0.0007228885960510066 0.00039683174893522487 1.046780517703356e-06 5.792898875984593e-08 1.3699384850561372e-05 6.825518910404806e-07 0.00016004073775585976 1.06049033195089e-06 0.00020945015432410509 8.122576113325224e-06 0.00018629095293895873 1.716452181533892e-05 0.0008411043485911583 2.0795396923524003e-05 6.350152771558261e-07 2.7325568984008874e-07 6.488437703126897e-08 0.0 8.85160638523024e-08 3.073155875346105e-05 8.41500022066871e-08 3.019265754105082e-07 1.8967979270068823e-05 1.1422831060813651e-06 9.664842710520026e-06 5.6714554807137e-05 4.988693978692475e-08 4.237423685711587e-05 0.0 7.181563334886923e-07 1.2909311155349865e-05 2.740106416332556e-07 0.0 0.0 0.0 4.329758081524585e-05 0.0 6.073228672474622e-07 0.0 2.16781715856023e-05 0.0 1.1330561378678389e-07 1.1447906229514248e-07 5.629462075739134e-05 7.498036890653034e-07 0.0 0.0 2.2251484407648294e-07 0.0 5.38135510197462e-07 0.0 2.22925964888826e-05 8.809378302888124e-08 1.1682447477709286e-06 2.1279251290759143e-07 0.00013161155679491628 3.8147824967794246e-07 2.5356704774092644e-06 0.0
5.506846244837873e-07 0.0004990141187647296 8.91897179530761e-06 2.375240510321594e-06 1.010413140819064e-07 4.58139196305975e-06 1.0968652050203757e-05 1.9043901446776678e-06 2.4997792789890073e-05 1.3650011424621826e-05 0.0010021361469219115 8.521151116926336e-07 0.0 1.576389090107827e-06 5.209705086242972e-06 8.20853536822752e-06 1.140230520919031e-06 8.957519701161669e-05 6.122097011238045e-06 4.8511858747134716e-06 1.2114663859644282e-05 7.307636707944139e-05 1.702506533965016e-05 3.601713428217602e-05 0.0012339146941850719 0.0008597752513728943 0.0025233941680006676 3.4186265660157854e-05 5.21652160711631e-06 1.2130738554056504e-05 0.0004812834524124065 9.949695389599842e-07 0.0 0.0002704601976122762 3.8061686241568535e-05 0.0012617035770613586 0.0027204539286098807 0.002546212671982092 0.0003051322774722439 0.0002272076287002807 6.286232526593408e-05 0.0006574077905359452 7.868742608121366e-06 0.0 5.607051389408658e-06 3.4877451613296394e-07 1.0045973710297565e-06 6.444068022740211e-07 2.0530668837519423e-07 1.0801489271453087e-06 1.80266383300153e-06 6.224780233599614e-07 0.0 0.00032647931789452913 1.7504593464714947e-07 0.0016443002266954422 1.7942803558331692e-07 0.0 9.522920407289164e-07 0.0 1.7844128939997043e-05 1.4003624418957629e-05 0.0 1.4668182332666373e-06 4.952436794842474e-07 6.661171044413807e-07 2.3380479856964337e-06 0.0002683695855023174 0.00014364016830664892 0.0004379364726593259 4.460744577402993e-06 5.108828215591823e-07 3.3736368232334114e-06 0.0002610618706952143 7.173570775339876e-07 0.0 3.274679625259984e-06 2.5483237696259007e-05 0.00040205679308425357 0.0007911237726890037 9.494721577626274e-05 7.592964318755066e-05 6.758846912752169e-05 2.821188362259875e-05 0.00021555813101689064 1.9927017038751933e-06
0.0025703943611731232 0.0 0.0001838101185906066 2.734613455643451e-05 1.4456239117707975e-05 0.0004255053712151451 0.004987774258795024 0.003949271885392257 7.370260940736649e-06 0.0009540099729565838 2.0270909038937526e-05 0.00027640509742087185 1.576389090107827e-06 0.0 9.927548084602598e-06 2.115311334660663e-06 0.0005697308654221746 2.5815699336241822e-05 7.878437646841345e-05 0.00013167542109082957 0.00015244622682668177 8.109032523555479e-07 0.00029512701002100785 5.656637854721135e-05 0.0 0.0001041144770572657 8.823973513109199e-05 0.00012997297795325826 0.0032329809957053943 0.0013610523086911614 0.0 4.465021771708998e-05 1.8613562747238907e-05 0.00037556635495012856 1.8458367287235004e-06 0.0002119190472948331 2.452513861336459e-05 0.0002628102570213523 8.107784448189897e-05 8.965132484251939e-05 1.8398436801240745e-05 4.377884541676049e-07 1.2294658514865048e-06 0.0 0.0 4.7546574427162894e-07 1.2018111889211162e-06 0.0 0.0 9.284524055666082e-06 1.4439744056727864e-07 4.846466998012191e-06 1.4381345054097502e-06 1.4005429571791514e-07 1.4855512957786738e-07 0.0 1.9434420577322388e-07 0.0 3.098809988430913e-06 1.0465676061119138e-07 0.0 3.575910196106953e-07 8.005983017278443e-08 2.894637649401473e-06 3.6156388182266484e-06 5.770454032526994e-07 3.2413603835700425e-05 0.0 8.16910620375736e-07 3.1751177593535914e-06 3.968267326730063e-05 1.459389466376577e-06 5.060366078892083e-06 0.0 0.0 5.732433069417564e-08 5.743337961543183e-07 3.08989813233291e-07 6.643527272237797e-06 1.3125074306691384e-07 2.0667571508849974e-06 6.665939119455715e-07 1.016752059870839e-06 0.0 0.0 0.0
0.0 8.557386597657558e-06 8.081965147680175e-08 4.785040102946368e-05 0.0005889713254292802 0.0010992722805918567 8.680924893992067e-06 5.808685062486269e-05 0.0005520327825062506 5.160017167854128e-05 5.077888369846537e-07 0.0007566499693350326 5.209705086242972e-06 9.927548084602598e-06 0.0 8.59230409372047e-07 1.4142003316791369e-07 1.8644426067165752e-07 0.0 0.0001119943158597247 2.598934215118597e-06 4.474228398984039e-05 2.3036302040666697e-06 0.0004626809073799621 4.358540688573533e-06 0.0 9.160413234117139e-06 7.202020564889725e-05 5.797534917224649e-05 1.434695042114546e-06 7.298445064158917e-08 8.94063164796114e-05 0.0 1.216709123853623e-05 3.88676926999986e-06 0.00011269283504458801 2.4883666873205026e-06 7.777404413581957e-06 4.2813963416071155e-05 0.0009049099095154305 1.2792082644874053e-05 1.175288857839337e-07 0.0 0.0 0.0 0.0 2.7855945202483535e-06 0.0 0.0 1.9801682243202615e-06 2.0815596892877628e-07 2.6518459450629497e-06 3.957286112052311e-06 0.0 4.009837833681809e-06 0.0 0.0 2.1698465358410634e-06 9.210926949514964e-08 0.0 0.0 0.0 2.2007345881467265e-06 0.0 1.469429514627283e-07 0.0 2.6183786209066697e-06 0.0 0.0 1.1331763215398937e-07 8.297948492677995e-06 0.0 0.0 0.0 0.0 0.0 0.0 0.00010939101274117908 1.0324090395511233e-05 0.0 2.2292603701876386e-06 1.7150853349997609e-06 3.127974721339946e-05 0.0 0.0 0.0
1.509930474716677e-06 4.357083991917055e-05 2.778069468278497e-06 2.0283850254920761e-07 0.0 0.0 1.4065704534975851e-05 8.203590431762134e-07 3.961723060356386e-05 3.0140546374477966e-07 5.329926406968078e-07 0.0 8.20853536822752e-06 2.115311334660663e-06 8.59230409372047e-07 0.0 4.3439110992111574e-06 6.791469780841676e-08 4.530960106754154e-07 0.0 0.0027811692203470666 0.001514940197019336 0.002531572975883342 0.0011611590612515088 1.0776009834678927e-05 1.3673538069137372e-06 0.002694323841141398 0.0008858654738976216 1.2705454234322142e-05 0.00021588684230959928 0.0 0.0 4.3920426074715396e-06 7.04787356829563e-05 1.837558408814635e-05 0.0006378638605602382 0.00016621164930936036 0.0001801057459471599 0.0001915209593366246 3.508003921022876e-05 5.830742721120839e-07 5.265852904633208e-06 2.210397192569563e-06 1.6280557201698776e-06 2.9412703005140164e-07 1.8827238235178832e-05 3.00621546502572e-07 0.0 4.194181381452179e-07 1.1704183429914045e-05 1.9625357699334058e-07 1.0496778889935292e-05 1.9281112390727972e-07 2.7712719271500844e-07 0.0 2.0276243062640717e-07 9.639844467263385e-07 0.0 0.001574309353071023 5.879755655247997e-07 2.4554981600557384e-07 4.7185780182137495e-07 1.6656952234617395e-07 0.0003482943126950565 0.0008465650392884069 0.000942529565450715 7.701126776889594e-05 0.0 1.4406550125757265e-06 0.00041123674116286534 0.00014695263649551623 7.421321403036654e-06 7.93521380628908e-05 9.132083303111923e-08 0.0 6.903816303270493e-07 9.952874716422286e-06 4.615170264934296e-06 7.790974850292173e-05 5.843900751211298e-06 2.5888962271594123e-05 1.8354712708465847e-05 2.120583130258121e-06 7.443902336248354e-08 6.78733429818199e-07 8.95014934916059e-07
0.00022652975072067107 3.749177960042646e-06 0.005524073727233035 1.9151245940562224e-07 6.675922258073536e-08 5.561628347979527e-06 0.00021584177524816114 0.0002877784060941036 2.868232966096534e-07 4.4137980130514576e-06 0.0001615941795301674 1.0892725748965945e-06 1.140230520919031e-06 0.0005697308654221746 1.4142003316791369e-07 4.3439110992111574e-06 0.0 0.00011841297950868249 0.0022109689095438706 4.3124894284413803e-07 0.00042341341567276013 8.819001679873498e-07 0.0038499192300911825 7.507594363964711e-06 1.4206356344836736e-07 0.0013262029841915226 0.0038095885003256924 2.9880149789912812e-05 0.0006737088537658687 0.0007086959087240802 5.078672770586275e-07 4.788784671931659e-07 8.262586824700888e-05 0.0015143707544322167 3.265725917023639e-06 0.00022797454499508108 0.0005061152654433319 0.0010830079439232128 0.00013285554080931882 6.191774264761118e-06 8.618126956817619e-07 5.570699494312662e-07 1.0288916616154865e-06 0.0 3.903955115743635e-06 1.291357105968548e-05 0.0 0.0 0.0 2.081187050833316e-07 1.1469022244144622e-07 1.2993659677695968e-07 0.0 6.860984391715615e-08 0.0 0.0 5.53265188950253e-08 0.0 2.7816110679603556e-06 9.425964005972094e-07 8.004780193828236e-08 8.366377044755521e-07 0.0 2.60547124481698e-06 1.558281737538664e-06 4.169941676750998e-07 2.272970860894235e-06 8.254113456954263e-08 8.112737076706313e-05 0.00016814259621705113 3.3371232031468588e-06 1.33471708711332e-07 1.6212253012093391e-06 0.0 0.0 0.0 5.257102847530486e-07 1.4458701106871726e-06 2.411729156280563e-06 1.6210099410482568e-05 1.9083341277794412e-06 1.9507615196446981e-07 0.0 0.0 2.4563770401600035e-07 0.0
5.852111580291814e-06 6.365403813125046e-07 4.366205771295738e-05 3.2257941914052777e-07 2.2907531847148354e-06 1.8477570768176713e-05 1.1509227935251866e-05 2.9754808126725094e-05 7.681807789867765e-08 8.065305926954078e-06 0.0017853001286058214 6.967055767430294e-06 8.957519701161669e-05 2.5815699336241822e-05 1.8644426067165752e-07 6.791469780841676e-08 0.00011841297950868249 0.0 0.000714342005020763 1.8727153333483882e-06 9.476998749163627e-06 1.7181075892619736e-07 6.044403170807449e-05 8.878068155779408e-07 2.302390832150019e-06 0.001798642527390857 0.00036137273215908536 1.6423426479247448e-06 5.3845460909548636e-05 9.92599349696381e-06 9.208283056739196e-06 9.90232802945302e-06 1.2989621683926253e-06 0.0009548977693029603 4.224161943427213e-06 0.0004091153162436707 0.0008554179379835997 0.001086384685535711 0.00031722309357100717 8.438946541041383e-06 4.559428194712102e-06 1.6629402727831406e-05 9.47393791377188e-07 0.0 2.913325820647826e-07 7.86471046565851e-08 0.0 0.0 0.0 0.0 0.0 0.0 0.0 1.1050785088188682e-06 0.0 3.0430980479987526e-06 0.0 0.0 0.0 8.544010189493368e-08 1.6189253281213953e-06 1.2661426815917457e-06 0.0 0.0 1.2365303325886535e-07 0.0 3.784647378404782e-07 4.557942278523696e-07 1.1351079153919496e-05 2.4584459379370047e-05 1.3056918422553246e-07 0.0 0.0 2.404021875077906e-06 0.0 0.0 1.5402063500766946e-07 9.059131320809649e-07 2.4059791026863204e-06 1.934046595562718e-06 7.38801890220205e-08 4.247332413072614e-07 0.0 0.0 8.135872606254611e-07 0.0
2.2578594770959896e-05 6.269195895588252e-07 0.0002563057100192042 4.6946032997615867e-07 4.2478163052957326e-07 9.57869460049529e-06 2.8147395067235186e-05 6.071565582069441e-05 9.42788215908614e-08 6.9191008443090845e-06 0.00026210142265347476 3.776269772277873e-06 6.122097011238045e-06 7.878437646841345e-05 0.0 4.530960106754154e-07 0.0022109689095438706 0.000714342005020763 0.0 1.34109447382072e-06 2.7367018896809028e-05 1.2119873071913335e-07 0.0002292722722071723 1.1620858723457676e-06 5.817240953887546e-07 0.0020062739743534046 0.0004542058974438414 3.3237259552523377e-06 9.025417691663559e-05 4.849268395535775e-05 1.8379873584504332e-06 4.669686955066357e-06 7.018442610298492e-06 0.0016730527994155166 1.6696541012476647e-06 0.00038652551094600803 0.0005662422817626518 0.0012607605805961559 0.00022936726308248452 6.980542644913083e-06 4.838869589156688e-07 6.8423730324393e-06 8.237603299010418e-07 0.0 3.013831735218591e-07 8.325265743037639e-07 0.0 0.0 0.0 1.4562675277509045e-07 0.0 0.0 0.0 7.910005303770305e-08 0.0 1.472097009976409e-06 0.0 0.0 1.2735628392655615e-07 5.045191750622375e-07 3.19524115848594e-06 8.929079434539728e-06 0.0 0.0 5.844750976686364e-07 6.90500782866614e-08 4.1474478915024795e-07 1.0521182268418105e-06 5.9506274505992775e-05 6.256489629803324e-05 5.6809869586326e-07 6.433057994569785e-08 6.436104522381526e-08 0.0 0.0 0.0 9.704276433681193e-07 1.8434667669010833e-06 1.8069000656927062e-06 3.756792325847281e-06 1.370734549927135e-06 3.7230617816880666e-07 0.0 0.0 0.0 0.0
1.91458275120043e-06 0.0 8.199741002029614e-07 0.0010746864559091978 3.983524802760932e-06 0.00015419018114803127 4.6962087444335554e-05 0.00023391333669055877 0.00047588283480825584 0.0016512886507941433 4.646663582144369e-06 0.0015133183416616391 4.8511858747134716e-06 0.00013167542109082957 0.0001119943158597247 0.0 4.3124894284413803e-07 1.8727153333483882e-06 1.34109447382072e-06 0.0 6.890900456106705e-07 6.874341948409735e-07 2.1968770080272478e-07 0.0002942105640136161 4.0582955350317473e-07 2.219302580654673e-06 1.7577728929396677e-06 0.0012739175305383301 0.0001742221955467369 7.266567775904301e-07 1.0393149951336235e-07 4.189798126042314e-06 1.5007414265238164e-06 9.530319760261551e-05 5.528206376385044e-07 0.00013927163438521323 2.810292037907855e-06 0.00010706125372861826 2.009452564157866e-05 0.00023040773971497253 8.84616358938346e-06 9.34052796940334e-08 1.7880084850614942e-06 1.9541838434457843e-07 0.0 0.0 6.449530596596206e-05 1.707600990561847e-07 2.7834334589613285e-06 4.886380253531493e-05 1.333298456020132e-06 1.966186717022241e-05 7.181549226132937e-05 2.003790117849463e-06 4.215260206241828e-05 0.0 3.286690952149401e-07 1.771156693682442e-05 1.6979055033732366e-06 0.0 0.0 0.0 3.959739034157255e-05 0.0 4.131916914732394e-07 8.625123314104342e-08 7.413318478387942e-05 0.0 1.5445757863377324e-07 6.745602146164787e-08 0.00016559143453794424 1.6587011356532234e-07 5.613747746344534e-07 0.0 5.385752512021394e-08 6.177543560862029e-07 4.973079327247593e-07 6.927816084655908e-08 9.273538774675413e-06 0.0 1.473864084912888e-06 2.8472463610604996e-07 0.00010986591829435697 0.0 3.72722484344163e-07 0.0
5.180713119829342e-05 5.050100553047771e-06 0.0007798299296077448 1.3141274335504466e-06 3.3972944166415533e-07 7.090432156229258e-06 0.001295801588930407 0.00012907746028451624 2.4314826506929765e-05 2.6492950189951504e-05 7.102504729428403e-06 2.74329898013333e-07 1.2114663859644282e-05 0.00015244622682668177 2.598934215118597e-06 0.0027811692203470666 0.00042341341567276013 9.476998749163627e-06 2.7367018896809028e-05 6.890900456106705e-07 0.0 0.00016963498822831433 0.00692306155675106 5.087467075606944e-05 1.9452029310728323e-06 6.732757917812866e-05 0.0003715886456507399 0.0020425569992371284 0.0002328260553657091 0.0073675367688941775 8.064599100433038e-07 6.076037003747495e-08 4.931317910802266e-05 0.0025140369360352136 9.12391220075407e-05 0.0030188025631445177 0.0005815354987993534 0.002527244741619279 0.0014349681760370133 0.00017788458785098976 4.888853480065926e-06 6.791203857199488e-06 1.5392450134153927e-05 1.4853089253733629e-06 0.0 2.580600368624282e-06 2.0980183892800669e-07 0.0 0.0 6.248159253491381e-06 6.09239550134327e-08 3.7630529281662895e-06 1.0226271962498772e-06 5.877242849506983e-07 0.0 8.96157937880893e-08 8.040157165488936e-07 0.0 0.00034868733543008917 6.928844059611134e-07 1.8202729364310852e-07 1.8978376825274704e-07 2.032298987344077e-07 0.0002861131656494064 0.00014665112443536674 9.049630317049436e-05 4.6836289418682105e-05 1.4647662796112833e-07 1.437684260667889e-06 2.3939004083097598e-05 0.00011705542961327875 1.0752189786100289e-05 8.680028156547864e-05 6.850820582897848e-08 0.0 1.3624392666553947e-06 4.944944576301909e-06 1.7024062916059368e-05 0.0001099096256719315 3.6530023875039633e-06 1.0726885400100686e-05 1.3666340631147776e-05 1.7981121033702635e-06 0.0 3.477955017165165e-06 1.0681064245324223e-06
1.9196470227503654e-07 0.0009195670166414994 2.2918469345755443e-05 4.072858382000216e-07 5.423912307993371e-07 1.4882282933343835e-07 4.8201934412111885e-06 3.50516508401597e-07 0.0014959319990086603 7.471804090720461e-07 5.565715473485619e-07 1.0068658713886043e-05 7.307636707944139e-05 8.109032523555479e-07 4.474228398984039e-05 0.001514940197019336 8.819001679873498e-07 1.7181075892619736e-07 1.2119873071913335e-07 6.874341948409735e-07 0.00016963498822831433 0.0 0.00024169475202204873 0.0032352207471776926 0.0002890414006196627 4.422989621807775e-06 0.002256636781117732 0.0002581702432422387 1.287162519682582e-06 9.601314396054484e-06 3.2385497344692077e-06 0.0 3.7668491435684846e-07 6.972345541242077e-06 3.743096685971251e-07 1.4383012632149158e-05 2.2390974925510175e-06 8.434694821628258e-06 2.441171585503309e-06 1.5060851951690859e-05 1.439790129231627e-07 5.519186739806757e-06 4.1264197451479426e-07 1.874047482520909e-07 3.248249790216123e-06 2.6077668037698094e-05 6.054835637001914e-08 0.0 8.365082554120307e-08 3.873322991508751e-06 0.0 2.7951735338684137e-06 7.02377801048955e-08 5.399871379981315e-07 0.0 4.797856891333294e-06 6.23579539276425e-07 0.0 0.0004945667055068791 4.3164862262479713e-07 6.657744724357616e-08 8.267733779755681e-08 2.0434204172926234e-07 8.362500181471748e-05 3.9897275925894174e-05 0.00016329205346312533 2.778793951339993e-05 1.0752674028612434e-06 2.3497894716269267e-06 0.0006313692571041805 3.6474980636361444e-05 1.7616437495066627e-06 1.701328519858541e-05 1.35940446612561e-06 0.0 2.2041814716489417e-07 2.1454907522631943e-06 1.0847186793937347e-06 7.357615857124013e-06 3.2987890421774372e-06 4.577691070675936e-06 2.4711418114852e-06 1.121680131668141e-07 0.0 9.154245251177253e-08 2.1014535899031586e-07
0.0001126225698185978 3.572261649731371e-06 0.00638168056493969 5.856805704879684e-07 1.127518793585459e-06 3.837818628115861e-06 0.0007603375146609555 0.0001462588401145382 8.453783397901573e-06 8.939052518382357e-06 2.597794345513784e-05 4.804927667770645e-07 1.702506533965016e-05 0.00029512701002100785 2.3036302040666697e-06 0.002531572975883342 0.0038499192300911825 6.044403170807449e-05 0.0002292722722071723 2.1968770080272478e-07 0.00692306155675106 0.00024169475202204873 0.0 0.00038690361200983297 9.967842581378847e-07 0.0009234948110865193 0.005183927584410576 0.0031784610227237687 0.00015737619821462067 0.00278652030206024 7.298943313298524e-07 2.376408620622516e-07 2.127197717894166e-05 0.002853853036200241 0.00018531055792491265 0.005683896402121015 0.003287883198415202 0.004589867053054181 0.0036496641019135474 0.0003347922351648887 1.359379716479023e-05 2.0867862640518332e-05 2.9513792718311678e-05 9.892987246907361e-07 4.187248090991394e-06 0.0002847426298416329 0.0 0.0 0.0 1.593708001772676e-05 5.578229129641769e-07 4.793586478326846e-06 0.0 1.3372592677961822e-06 0.0 2.687479782187602e-07 2.508179311014165e-06 0.0 0.0012526058696384016 4.2231732945824075e-06 1.9971300676312645e-07 2.606789175215164e-07 3.096815501910702e-07 0.00012211838971562977 0.0004052215458702145 0.0014127773567750566 4.060400428706585e-05 6.745213374680471e-08 4.927974908224737e-06 0.001452417364819043 5.0992306958570726e-05 2.338684988760216e-06 2.0669152846729727e-05 0.0 3.205746508973053e-07 0.0 1.3208865114635182e-05 2.785764729140489e-05 0.00017856024920656543 1.379484631204733e-05 6.357255328584361e-05 5.85885080372412e-05 2.85511019185667e-06 1.1771610194841404e-06 1.9295758715025306e-06 2.4567436003597716e-06
1.0066506903189545e-05 0.00027000875260259425 4.2244482563576423e-05 0.0007527862339120896 7.293073288179099e-06 4.9732868261335094e-05 0.0005565983715893163 9.489543964387716e-05 0.0052192347054986895 0.00046042524366842185 1.41108579845953e-06 0.00034889644413583696 3.601713428217602e-05 5.656637854721135e-05 0.0004626809073799621 0.0011611590612515088 7.507594363964711e-06 8.878068155779408e-07 1.1620858723457676e-06 0.0002942105640136161 5.087467075606944e-05 0.0032352207471776926 0.00038690361200983297 0.0 7.423726725796373e-05 6.682658789707339e-06 0.0020654364720895002 0.0055947358986823455 0.00023116366618489216 0.000179724251776599 1.049281808309289e-06 1.7922500855619975e-06 5.067710591897039e-05 0.00020534645468051947 1.2744488445446697e-05 0.001192668194780833 6.799078015601599e-05 0.0003369785066545678 0.0001791282137812002 0.00026460172695897945 1.3348449194203008e-05 4.621032267941618e-06 5.652208011363945e-06 5.994028910405218e-06 3.9268809553728134e-07 4.395156464781332e-06 0.00019927093304073743 7.169331488720416e-07 7.128735531233426e-06 0.0003890283894565065 8.538964527664737e-06 0.0005673595550708723 0.00025189552792137857 2.118720135331819e-06 6.326686132046535e-05 1.329875673389756e-06 1.0465465996242757e-05 1.5751716280298138e-05 0.00016940489336155886 1.3633245999716067e-07 1.1567063110689705e-06 6.58680996282682e-07 0.00011993045990342312 8.675329566514939e-05 0.00011783653905704751 2.358733520273309e-05 0.0017542923480926447 1.125206279163592e-06 3.109705560894935e-06 3.2673939045681e-05 0.0018069674573004558 4.094736483959258e-05 0.0001266206507459473 4.4617001214678517e-07 1.8961855418612787e-06 5.0743822085602605e-06 2.264987924921523e-05 3.169089822953731e-06 0.00014776460218929386 2.9787106570931317e-06 4.8228046737287156e-05 2.977363834263902e-05 0.00012019342043099374 4.562977944780915e-06 2.3446387378909175e-06 2.444226964280061e-06
