0.0 7.056658908271473e-08 5.041104902021648e-05 4.2276466593184545e-07 0.0 2.1380416409974986e-06 0.0012068382054279082 5.5485852381838806e-05 0.0 4.7899730297130656e-06 2.1503157242808117e-05 2.4111981889241317e-07 3.059607122184531e-07 0.0014879780182996726 0.0 1.38036593144292e-06 7.684308905458816e-05 3.7279667327121805e-05 6.96691936252599e-05 6.680374173350802e-07 3.133735929668417e-05 2.063227275982253e-06 5.183909643933646e-05 2.6444489342188897e-06 0.0 9.27566796176074e-05 6.438327219196311e-05 3.0721976676328916e-05 0.0019190818202403542 0.0014967664323296047 5.090781727568197e-08 1.3026025134137378e-06 3.417054430487454e-05 8.920624163985418e-05 3.017261417041624e-07 2.759755736968692e-05 4.267399076574329e-06 6.294317812902002e-05 1.773248274255689e-05 1.5479718606948113e-07 2.9736520009043525e-07 1.5180823161338724e-07 0.0 0.0 0.0 5.727216095030156e-07 6.4381795284761e-08 0.0 0.0 0.0 1.0613011541190174e-07 6.790624660307985e-07 0.0 0.0 0.0 4.513637166783267e-08 0.0 0.0 8.764599014960039e-07 0.0 0.0 0.0 0.0 5.626837722494098e-07 3.6926092381863413e-07 0.0 1.301044798971582e-06 0.0 8.987024053443817e-08 3.172231782148436e-06 7.471117510790412e-07 0.0 0.0 0.0 0.0 0.0 0.0 3.7271919759904565e-07 3.482255646566281e-07 0.0 0.0 0.0 0.0 0.0 0.0 0.0
7.056658908271473e-08 0.0 3.227854466912443e-06 2.765196517663857e-07 4.914521053997739e-07 1.323200266920959e-07 2.046150748282116e-07 2.801566884714653e-07 0.0002713552747839615 1.8861661350094121e-07 8.086054303413098e-05 2.2977845765172227e-06 0.0006423284071055083 3.876275609501632e-07 2.867063849671043e-06 5.2317528271006055e-05 1.2722129195489454e-06 1.2354433479516185e-06 9.092543942139022e-07 0.0 2.528884148847746e-06 0.0011002478870098065 1.743214700946547e-06 0.0006632008424959917 0.0007272221565877463 3.5941580424825844e-05 0.0034498178878479367 3.8367885856072884e-05 4.3499928547371855e-07 3.108170574740299e-07 2.8508020239461897e-06 3.427011161674157e-07 0.0 1.2184602393892707e-05 0.0 4.430691500389377e-06 1.2844589829599963e-05 8.419377251038795e-06 1.574383891656275e-06 5.318901996350793e-06 0.0 0.00011935951037679274 0.0 0.0 1.3391902999262029e-05 4.440271918487741e-05 1.4392225756027562e-07 0.0 0.0 1.7339668907552697e-07 2.886813459876225e-07 4.736787986626358e-07 3.528495524152918e-07 3.399848587644246e-06 0.0 1.4314846489608062e-05 1.3640342719945648e-07 0.0 9.172225080350445e-06 3.1634195647672847e-06 7.253105727215724e-07 5.418926728199687e-06 0.0 0.0 7.91330823144822e-06 3.495941642834977e-06 4.986640563067161e-06 6.643712510066285e-06 5.495867947543849e-05 0.001320549692371402 1.082500318331321e-06 1.4206779112474814e-07 0.0 2.2535470743167077e-06 1.1564599352688318e-07 0.0 7.709883293388989e-07 0.0 5.378830689015278e-06 5.746674024618548e-06 4.622478406224308e-06 1.4049910564591715e-06 2.95854231588905e-07 0.0 6.264563534395302e-07 1.2072977369623567e-07
5.041104902021648e-05 3.227854466912443e-06 0.0 2.178597786712092e-07 0.0 6.030941403141813e-05 0.0005949543252970021 0.0002756495567979517 2.2982637162089077e-07 5.388742356867228e-05 7.821417731382205e-06 3.644132085828651e-07 2.293249430844655e-06 0.00021195671140283488 5.1093122978777135e-08 1.3465102108103428e-06 0.003222306720597741 9.542758766764677e-05 0.0001497882378227704 2.6826926603395717e-07 0.00022797619631391926 1.834063746093458e-06 0.006356438518557801 1.0657106966316506e-05 0.0 0.004247948747731221 0.004569853934667037 0.0002986496335685455 5.066342208735137e-05 0.00021034141733212747 8.174553979833877e-08 1.4942814737375002e-06 2.2748279426629017e-06 0.0004438044137441112 1.1825184487110407e-05 0.0010613484160009133 0.0007334463919445175 0.0008327368390705759 0.00040043829055399577 3.893158668524958e-05 5.835000123979534e-07 2.3425846873988948e-06 2.1408320925985595e-06 0.0 1.5127339828726377e-05 0.00018015331459898725 1.2107699559950822e-07 0.0 0.0 7.389161833316274e-08 6.960934464041723e-07 1.7667049204939562e-07 3.289603184463098e-07 1.8633945382033546e-07 0.0 1.3880864595846876e-06 0.0 0.0 4.267867684996631e-06 5.192062321557234e-06 0.0 1.4775053145380773e-06 0.0 1.6185069799639167e-07 2.7290442024468712e-05 1.9372004854040594e-05 2.0273964256965867e-06 4.793727270188111e-07 2.23491309876267e-05 0.0006105675472766438 8.11533042757137e-07 3.1661287627479425e-07 0.0 0.0 0.0 0.0 5.727417296832954e-07 7.800592232974865e-06 9.586820833227283e-06 8.473332374599901e-07 9.917956019993935e-06 3.2616563697826077e-06 0.0 0.0 0.0 0.0
4.2276466593184545e-07 2.765196517663857e-07 2.178597786712092e-07 0.0 1.5196430527362214e-05 8.198516917809191e-05 3.63152845193023e-05 8.979735903347132e-05 0.0005609550102070907 0.0012389190506356734 8.37954671722431e-06 0.0035457667130597307 8.5395294581795e-06 0.00010819084224297342 8.492961189739998e-05 4.045610774839359e-07 4.40476682169113e-07 6.130786803344424e-06 1.7128982307936511e-06 0.0021143560294030776 7.045465508059081e-08 1.835371524746439e-07 6.700005277843373e-07 0.0012095166919083497 1.8992433842295588e-07 8.674954663540811e-06 6.360859556244414e-06 0.0015674287624470181 0.00013269697211951007 1.3877462929705971e-06 9.499633590627735e-08 1.9259057676018438e-05 1.4576008640876563e-06 4.89534477593463e-05 2.7615736535344104e-06 0.00031343739303762075 6.828300466648156e-06 0.00017573645377169284 4.408542509088007e-05 0.00031361994969502407 1.3197426027803571e-05 3.221454645920763e-06 4.786878650968065e-06 6.363245909647869e-08 0.0 3.8384373951162864e-07 0.00021825696184225727 8.226841236338899e-07 9.116586983065432e-06 2.07149847295785e-05 4.938426370058231e-06 0.00014975238886101596 7.694450820007339e-05 4.582072479891858e-07 0.00012156041101136143 3.7417518898923807e-06 4.379148335103707e-06 5.45626466513123e-05 0.0 0.0 1.3951940165973294e-07 0.0 0.00011447089958506165 0.0 6.420164196801274e-07 8.338779454277077e-07 0.00028665898831967867 1.9281099738563844e-07 1.8137317500783926e-07 1.5739879481660797e-06 0.00030104233135916424 7.540215165519798e-06 1.6628680592536235e-06 0.0 1.742700520398574e-06 1.382953895831144e-07 3.078697081450381e-06 9.916245564947374e-07 2.9688171790339045e-05 3.6501170541631717e-07 2.0620518552982928e-05 3.879351368400256e-06 0.00010795410770168931 2.8135507955680677e-06 6.326758037107066e-08 8.259751205169541e-07
0.0 4.914521053997739e-07 0.0 1.5196430527362214e-05 0.0 0.0001709175748171525 1.4129958916759e-06 1.3102246833019735e-05 0.00014856562008125828 6.892226499344692e-06 2.1719944113279224e-05 0.00011051977773154921 1.2305307066961405e-05 1.0822450631764894e-06 0.0005618136078233692 0.0 0.0 2.0483743836540476e-06 4.754191033275162e-07 1.950054044345462e-05 0.0 1.1007244857392996e-06 0.0 2.987814023775213e-05 2.1826083073634797e-07 3.044395918708252e-06 1.3684544251330846e-06 8.303825175107738e-06 1.4818780281931918e-05 1.0849242627453823e-07 6.420043674110859e-08 1.8001738529796697e-05 0.0 9.106868716106613e-05 3.3225966429489694e-07 2.697661270983185e-05 1.9690463653527287e-06 0.0001222211801995622 1.7202497024207282e-05 0.0015144243484771641 1.9693417534061883e-05 5.607753144591173e-06 8.915048282975379e-07 0.0 0.0 0.0 1.2610277443075398e-06 0.0 2.1215841477593695e-07 0.0 2.0008305795113936e-07 2.0302473494335705e-06 0.0 0.0 2.9943784566083148e-06 7.23285514601396e-08 0.0 2.3014249734742677e-06 7.521812016130139e-08 0.0 0.0 0.0 1.12251908411998e-06 0.0 1.9912168697063496e-07 0.0 2.1481659313757786e-07 0.0 0.0 0.0 1.0705593509193832e-06 7.363898359622232e-08 0.0 0.0 0.0 0.0 0.0 0.0 1.7767001201592776e-07 0.0 1.9500847734983674e-06 0.0 7.928979281066151e-06 0.0 0.0 0.0
2.1380416409974986e-06 1.323200266920959e-07 6.030941403141813e-05 8.198516917809191e-05 0.0001709175748171525 0.0 0.0020573613629867944 0.002826735917841108 3.120073586184373e-05 0.0033970383652712458 2.6019618451312646e-05 0.0024594570079969438 1.8937049470899445e-05 0.0002568234273307807 0.0005379044157515005 7.995865617214331e-07 2.1738107424168208e-05 1.727742951468522e-05 7.609760841445119e-06 0.0002623199059588614 1.9824434250037498e-05 9.283260890843835e-07 2.067358743385378e-05 2.4142780557617812e-05 6.008626078954838e-07 7.499525444623141e-05 3.1211865528863855e-05 0.0005634509256178298 0.00017723780121467516 9.567125722754466e-06 5.018254553391639e-07 0.00045167698881110995 1.989016702367209e-06 0.00011943112796010764 1.5098121160743562e-06 0.00016021641968002787 1.65970771624132e-05 0.00023158464856240944 4.6077519763381816e-05 0.0010012262084096541 3.246560199758574e-05 8.251394010542535e-06 3.977989535467062e-06 0.0 0.0 1.34511893010268e-06 7.062724584650429e-06 0.0 8.03962543872555e-07 3.208110432328296e-06 7.040312295081895e-08 7.677818934238673e-06 5.074855695583414e-06 1.6213385192215432e-07 1.4421920682895643e-05 1.3955526501312003e-07 1.2797252277970937e-06 4.281983157011606e-06 1.3039288705815828e-06 0.0 7.137703391221268e-08 1.6693503200801152e-07 3.841372411948581e-06 3.172053056422129e-07 3.6670991806887834e-07 1.9820168056782997e-07 3.08913418070132e-05 6.152628788304177e-08 4.663686841735858e-07 5.403395908137327e-06 2.1166594166231725e-05 1.9902662862506053e-07 0.0 0.0 0.0 0.0 4.243210453661478e-07 5.005644515588673e-07 4.629949697079462e-06 1.4778264190586078e-06 6.941503693390192e-07 3.8075435361333664e-07 1.6286212201716193e-05 0.0 7.296388293752224e-08 0.0
0.0012068382054279082 2.046150748282116e-07 0.0005949543252970021 3.63152845193023e-05 1.4129958916759e-06 0.0020573613629867944 0.0 0.0037882158077282104 5.4811945021768434e-05 0.00726675524087338 1.7363454122504195e-05 7.382714006599467e-05 9.338709375682152e-06 0.004582065703131606 5.0104778970559104e-06 1.9312468298234007e-05 0.00021634656785659653 4.1445019469734575e-05 6.701863762528543e-05 1.6296373992175754e-05 0.0006501655161472156 5.1217889175583634e-06 0.0004308353980909764 0.0001984263728877629 2.689775972286987e-07 0.0003885023848140009 0.00019896632107948623 0.008984630169380928 0.0010990174739673134 0.0015611177866578306 5.114241080742079e-08 2.123316173722298e-05 7.895662838715878e-05 0.0002589396877524082 1.567181570165113e-05 0.0012451118314508285 6.574575932624954e-05 0.0008638087939454164 0.00046604904496676817 0.00011732262828218363 3.602954808077791e-05 1.9599847122937035e-06 1.7919444194308674e-05 0.0 7.712072954257655e-07 4.748280412065307e-06 2.8096195673568155e-05 0.0 1.0632027756771438e-06 1.4065274640933239e-05 9.294945764071237e-07 2.3924463714415743e-05 1.579270094796474e-05 0.0 3.3464376719749347e-06 0.0 1.1796124226282355e-06 1.307394848555922e-06 7.824220702298398e-06 2.0569295107612115e-07 0.0 1.335446711408556e-07 1.4493965613383931e-05 3.6985748633730175e-07 4.477974221633938e-06 7.015715449086491e-06 9.53477565084445e-05 0.0 6.967052933161585e-07 3.610280856278221e-05 9.10621070478838e-05 2.264969554437071e-06 3.0437286297054123e-07 2.740904706496926e-07 1.2657765780328294e-07 2.140875135235666e-07 1.2075108711728113e-06 9.802142220526348e-06 1.5157234651321466e-05 2.7235224082673915e-07 6.274175512409975e-06 1.4476825327692627e-06 1.3426272516059512e-06 6.957204873680726e-07 1.0763920332961368e-07 1.8887301767182072e-07
5.5485852381838806e-05 2.801566884714653e-07 0.0002756495567979517 8.979735903347132e-05 1.3102246833019735e-05 0.002826735917841108 0.0037882158077282104 0.0 2.0586201638801384e-06 0.0017364294262785472 0.00013561883151945087 0.00039086204224726657 5.673098088938108e-05 0.0032624018392384377 9.526311392720752e-05 6.816410717246494e-06 0.00012118546146201964 7.737606946007464e-05 6.819527953144532e-05 0.00020016583359209033 7.309683027324515e-05 7.192672992623275e-06 0.00012793861708927816 2.2219616469605664e-05 2.098450689428316e-06 0.0003250857452983402 0.0001585255457392293 0.00036383345614003605 0.00032860350862409603 0.0002473240168600569 1.6455829727414647e-06 0.00042697527551025926 4.485206909800641e-06 0.0002555669154137969 8.051748425985337e-07 0.00036603144569285134 4.8510189668911065e-05 0.00041916821804504104 0.00010451980407408194 0.00042276968613588225 4.465415957336776e-05 2.3177296310455134e-05 1.023028200419278e-05 5.470063245133426e-08 1.2435630145094966e-06 4.498545708964972e-06 2.006176632926399e-06 0.0 5.110375675031042e-07 2.1403130225326585e-06 7.107385073549761e-08 4.8194596664239554e-06 2.0377833571709807e-06 2.685458730481415e-07 1.6590657006317373e-06 1.255301771629732e-06 0.0 7.317411154264858e-08 5.675842661733673e-06 3.9917210955951266e-07 8.000862431748249e-08 1.3194204174407752e-07 4.1980974384313534e-07 2.3391347543177037e-06 9.443348006267513e-07 1.3318224585402891e-06 1.4418634988845632e-05 8.43693799394035e-08 7.080889507468406e-07 2.3110944130374918e-05 1.6505388653581874e-05 3.4787839648432176e-07 5.258000264819828e-07 0.0 0.0 0.0 2.8886395687610334e-07 3.218127111980658e-07 5.181996035823582e-06 2.549901165084509e-07 1.3814995267028167e-06 4.3177050491640466e-07 6.788325801583323e-07 0.0 4.2594926723545934e-07 0.0
0.0 0.0002713552747839615 2.2982637162089077e-07 0.0005609550102070907 0.00014856562008125828 3.120073586184373e-05 5.4811945021768434e-05 2.0586201638801384e-06 0.0 0.00010745956211443837 6.39805618569454e-06 0.0004061812691074169 4.1804201390113165e-05 3.674184393885773e-06 0.0005808556473129741 2.383804573392665e-05 0.0 1.1657411743874105e-07 3.852149537699783e-07 0.0001845974057178615 7.87030140809729e-06 0.0011039187408608177 4.464370086558878e-07 0.004295001857164309 4.421952456731252e-05 1.332333721083481e-06 9.778358504668807e-05 0.0009488680841080235 4.351238069879711e-06 5.629678850662626e-07 1.6216811574600806e-07 8.690155835859005e-07 6.159045422955137e-07 2.0108008604078354e-06 2.990099504315913e-07 2.9927392529561345e-05 1.4748814206660464e-06 1.0092627248920103e-05 3.3868128311294876e-06 0.00020675765068492257 1.312592410246007e-06 2.1892907077728987e-06 1.113961237399294e-06 9.292533780996894e-07 1.5599681048715529e-06 3.8479571997249545e-07 0.00020600316851254467 1.9923947930133914e-06 1.3295712170245352e-05 4.4857118172104725e-05 5.086361338840056e-06 6.757927850486702e-05 4.3794559610046997e-05 9.216940469897816e-07 0.00012177116827546448 9.79070390630355e-07 5.0457333506904546e-06 7.724171373239792e-05 2.1444716091943883e-05 0.0 2.1101210180964733e-07 2.530888256024241e-07 9.418600312237661e-05 3.4546870730891864e-06 1.505207549166781e-05 8.054495938278076e-07 0.0007222380565694233 1.1050442198350748e-06 3.7973633779496545e-07 5.599304173340687e-06 0.0003843346399653312 1.1409089189762091e-05 1.0644925089917719e-06 4.4759161272358284e-07 9.251950988856197e-07 1.6236680128632632e-06 4.888529777833418e-06 1.684990685183177e-06 3.776459208728126e-05 3.124016167335476e-07 2.0242268632771074e-05 5.616902870970165e-06 9.176993993751132e-05 1.3533704276527941e-06 1.0471291571275626e-07 1.8202757684508452e-07
4.7899730297130656e-06 1.8861661350094121e-07 5.388742356867228e-05 0.0012389190506356734 6.892226499344692e-06 0.0033970383652712458 0.00726675524087338 0.0017364294262785472 0.00010745956211443837 0.0 3.438020729651872e-05 0.002354079016145728 2.7647319675827654e-05 0.0007539413457345411 2.7199915712303925e-05 1.988567676815524e-06 1.2695508551985e-05 2.4807370600292328e-05 8.540243207935529e-06 0.000704488148142948 2.6584050687067504e-05 1.817632812485254e-06 2.14992053509072e-05 0.0003102167399461211 5.807183561427505e-07 7.176642299742619e-05 5.1890857748211894e-05 0.0042619202125482435 0.0007367675949839278 1.1713035664450337e-05 7.062199976161858e-07 5.616439099574767e-05 9.379445751590108e-06 0.00021978299186932446 3.6525889265991155e-06 0.0009582412596335798 3.661653066988562e-05 0.0007925611972488971 0.00016960735018592827 0.0002355459607581903 7.088236142895208e-05 8.540483067101958e-06 2.5823741027683903e-05 3.461913102749228e-07 2.447574301055163e-07 1.2981364244322376e-06 0.00010202386531103788 2.0473086919360196e-07 7.4861357498343336e-06 2.6242466059046963e-05 3.873366462063005e-06 5.224805303224432e-05 6.915459739799885e-05 5.044962315458115e-07 5.531482569128721e-05 2.2227939863321757e-07 3.5267609728345758e-06 1.2702575542118133e-05 1.2938768483528905e-06 0.0 3.1894740409473533e-07 0.0 6.110873363290035e-05 0.0 2.179591450003304e-06 6.085033579518441e-07 0.00022443129284474537 1.5953110738506424e-07 0.0 3.840314577351078e-06 0.0002408109349056451 5.136231214375197e-06 4.892021625201425e-07 0.0 8.962918068757039e-07 1.2728718761188666e-07 3.916213952433289e-06 2.956244333392452e-06 2.787552710450379e-05 5.748161789608967e-07 1.7140773022901097e-05 2.3628233899239695e-06 2.7918070328811726e-05 1.747638189538125e-06 9.234002779557659e-07 2.647151775412927e-07
2.1503157242808117e-05 8.086054303413098e-05 7.821417731382205e-06 8.37954671722431e-06 2.1719944113279224e-05 2.6019618451312646e-05 1.7363454122504195e-05 0.00013561883151945087 6.39805618569454e-06 3.438020729651872e-05 0.0 3.011528182830386e-05 0.001630550582887087 0.00021334903039529028 1.7947417221434386e-06 4.609347682293303e-07 0.00012991573711508222 0.001834640317233238 0.00039966432791395563 1.89479187824561e-05 2.979879852632072e-05 2.9401591354063318e-05 6.293697070208586e-05 1.3211930743470564e-05 0.0002741206281257832 0.0016204325196095412 0.001040300832519178 2.1163562375796092e-05 0.00017254474101350466 4.589213589826339e-05 0.00014858595553672094 0.0003051265861682222 1.3017316282735808e-05 0.002791351704918605 3.8451893399286205e-06 0.00017754231507183417 0.0008294281005035147 0.0011529847485880448 0.00015777654858094447 4.1425389968904686e-05 1.0816853241422436e-05 0.0007178578276095262 1.2237017968211393e-06 0.0 6.362212129990635e-06 3.28759893675946e-07 0.0 0.0 0.0 0.0 0.0 4.851999784348237e-07 1.0573389500057297e-07 2.384017818784888e-05 1.3441344300077863e-07 0.0003385011286967823 0.0 5.403225229656502e-08 0.0 0.0 2.4303398084474424e-06 7.793007536715742e-07 0.0 0.0 7.022334244431339e-07 0.0 9.75554054341198e-07 9.650420048974953e-05 2.2927486689855262e-05 0.0002548026134650921 1.3140437663070731e-06 0.0 0.0 2.938618818637728e-05 0.0 0.0 4.743850591486016e-07 2.0008803343861287e-06 6.383490501913471e-06 0.00012030306682650944 2.703906588168137e-06 2.5189750675218477e-07 5.117772858484302e-08 0.0 5.361976307035263e-05 0.0
2.4111981889241317e-07 2.2977845765172227e-06 3.644132085828651e-07 0.0035457667130597307 0.00011051977773154921 0.0024594570079969438 7.382714006599467e-05 0.00039086204224726657 0.0004061812691074169 0.002354079016145728 3.011528182830386e-05 0.0 1.8803276914331325e-05 0.00025609860172136096 0.0006863157144674604 0.0 3.2459392933923657e-07 1.6968521402713334e-05 3.9537613004326415e-06 0.0022910776546422205 2.53156927535553e-07 8.232752981765891e-06 5.295816366845992e-07 0.00046798268348919984 5.788548794375001e-07 2.2272764446591975e-05 1.2013708848675471e-05 0.0004955257155381788 0.00024113129253267967 1.393917575497118e-06 6.238448342223388e-07 0.00011193312737550735 3.8862882097337115e-07 9.480940685843135e-05 4.649478101029801e-07 0.00024780562250963854 7.805746797492507e-06 0.00026532007334017414 1.995622479938884e-05 0.0008684912452235589 2.2096765550289014e-05 6.71210386297819e-06 4.023689197786008e-06 0.0 0.0 0.0 9.843936927009952e-05 6.583459381561358e-08 1.592596917328431e-05 4.7754090777223716e-06 3.7729993027662865e-06 6.733736251704954e-05 1.8874830433801866e-05 5.645384908071636e-08 0.000245688927206103 1.3336541637118885e-07 2.101743893414147e-06 4.557512406129799e-05 0.0 6.529875555509548e-08 3.545051068138126e-07 8.403229665614462e-08 4.678128219339853e-05 0.0 0.0 0.0 5.8175071349997726e-05 0.0 3.899064772200498e-07 2.9299067694170407e-07 4.2409539936289574e-05 1.811361123315443e-06 0.0 1.0761515665564733e-07 5.287491786915494e-07 0.0 2.2408310542494165e-06 2.641388839963499e-07 5.8835546778606605e-06 4.1236738917987537e-07 6.102889181430099e-06 0.0 0.00012273284172411046 1.211627898998733e-06 0.0 0.0
3.059607122184531e-07 0.0006423284071055083 2.293249430844655e-06 8.5395294581795e-06 1.2305307066961405e-05 1.8937049470899445e-05 9.338709375682152e-06 5.673098088938108e-05 4.1804201390113165e-05 2.7647319675827654e-05 0.001630550582887087 1.8803276914331325e-05 0.0 4.6741046705824137e-05 5.067283361579677e-06 5.568792453122795e-06 2.9139557814650156e-06 4.9571067856997016e-05 5.420483293625795e-06 1.2462752061316042e-05 2.9676223780037374e-06 0.0002046533964270349 1.185184021693581e-05 7.346447735029452e-05 0.0037915877416240256 0.0007346761744086574 0.003194360118286828 2.9949349197068804e-05 4.133901500625379e-05 2.8635465916891573e-06 0.0004062667699995079 0.00010122058379062974 2.4267752506826643e-07 0.0006589020742728396 2.2272540801777895e-05 0.0015719538366922123 0.0026816859934808267 0.0033783203404663654 0.0004516383546923212 0.00021815048204985025 9.811433343662825e-05 0.0008594405781756162 1.2895663010123963e-05 0.0 4.508631934673509e-05 9.184887923293766e-07 0.0 0.0 0.0 2.1793647342578456e-07 9.491775230158117e-08 1.6014769171501195e-06 0.0 7.58717205887858e-05 0.0 0.0011259000414785372 1.3013397943756725e-06 0.0 6.616489046452172e-08 5.772220077730333e-07 1.5464790313541677e-05 2.7283523674853945e-06 0.0 3.411414798099291e-07 2.6053835086978586e-06 1.652621853312954e-06 1.5925327199832873e-06 0.0005848817323869438 0.00011009590661276171 0.0014191593417237447 1.4215535234727214e-06 1.137897783550623e-06 0.0 0.00011594158371623768 1.031340354030546e-07 0.0 5.4269043796806515e-06 1.1608595011809802e-05 0.00018854710163832626 0.00029255457701458535 2.568032122905466e-05 9.829463503431064e-06 1.7565134044106125e-06 3.671050952728319e-06 5.915509461798275e-05 5.777712291772954e-07
0.0014879780182996726 3.876275609501632e-07 0.00021195671140283488 0.00010819084224297342 1.0822450631764894e-06 0.0002568234273307807 0.004582065703131606 0.0032624018392384377 3.674184393885773e-06 0.0007539413457345411 0.00021334903039529028 0.00025609860172136096 4.6741046705824137e-05 0.0 1.472408386814602e-05 6.670557455555861e-06 0.00015332055892145578 0.00015601070819169725 0.0001630292152372677 0.00020976842541453274 7.391319301896493e-05 7.923979465864421e-06 0.00013143209955671786 7.129485413941097e-05 2.3061270984572924e-06 0.00043003660282932787 0.00031364639858542833 0.00047759798783919674 0.0033282690481597384 0.0012265216930784943 2.0226028299432715e-06 8.543897503440276e-05 1.9991452606374684e-05 0.0007998624630868379 1.144135568480739e-06 0.0003194072292234494 5.0916030735841144e-05 0.0009705039583997665 7.671093821844249e-05 0.0002821087007400486 1.462587911571863e-05 1.2073573250172277e-05 5.038179710929817e-06 0.0 1.0700640051416507e-06 2.3900316270088786e-06 8.682100034754229e-07 0.0 1.9257172099353452e-07 2.030635667259712e-06 2.9053576695848623e-07 4.655836764101344e-06 1.2328722137552802e-06 3.9891347348695873e-07 2.3308903368556787e-06 7.001280219958296e-07 0.0 0.0 7.057886846841777e-06 0.0 0.0 7.120063101690776e-08 8.160643115338334e-07 1.8827203516120747e-06 1.8161801420820904e-06 9.066856531121374e-07 2.0488908444615653e-05 1.5281295935049307e-07 6.463624654167535e-07 1.7069458812887868e-05 2.4929124982183177e-05 4.6151030127444327e-07 3.604064904306262e-07 1.1181507482986685e-07 0.0 0.0 0.0 2.166651499934496e-06 6.025427318116037e-06 2.1455496053036845e-07 1.173467976652774e-06 6.887811909427753e-07 0.0 0.0 2.873867603534282e-07 1.268113957727132e-07
0.0 2.867063849671043e-06 5.1093122978777135e-08 8.492961189739998e-05 0.0005618136078233692 0.0005379044157515005 5.0104778970559104e-06 9.526311392720752e-05 0.0005808556473129741 2.7199915712303925e-05 1.7947417221434386e-06 0.0006863157144674604 5.067283361579677e-06 1.472408386814602e-05 0.0 0.0 0.0 7.327880715699021e-07 1.2846534650854947e-07 0.0001045373442917544 0.0 1.3326239910557489e-05 0.0 0.0002215046756793394 6.726666128643174e-07 1.2384314881769168e-06 1.873401571080702e-06 4.5941567829225344e-05 6.641420119723324e-06 0.0 6.306935030402004e-08 0.00014214923106347632 0.0 1.0046042265603632e-05 1.545246154908065e-06 7.783780165370705e-05 1.0093053504941556e-05 3.1833507947312777e-05 1.5911657380718169e-06 0.0008921232479450315 2.006085744930435e-05 1.4582747826650992e-06 4.6358663526901407e-07 0.0 0.0 0.0 8.044635066028346e-06 9.229697069244068e-08 2.7530903523296497e-06 8.569298856166786e-07 1.8005880232535577e-06 1.8099645414279872e-05 1.6805094812675589e-06 0.0 3.0407865914757753e-05 1.3669581458510927e-07 3.042417511466222e-07 1.4296331455814093e-05 1.0287693686276531e-07 0.0 0.0 0.0 5.330021855403011e-06 0.0 9.450649548600869e-08 0.0 1.2844945338471489e-05 0.0 0.0 0.0 3.799807140823954e-06 0.0 0.0 0.0 2.2826377592710998e-07 0.0 0.0 0.0 1.2625376836544094e-06 0.0 6.031760814429628e-07 0.0 6.08852456388447e-05 7.840439125801985e-08 0.0 0.0
1.38036593144292e-06 5.2317528271006055e-05 1.3465102108103428e-06 4.045610774839359e-07 0.0 7.995865617214331e-07 1.9312468298234007e-05 6.816410717246494e-06 2.383804573392665e-05 1.988567676815524e-06 4.609347682293303e-07 0.0 5.568792453122795e-06 6.670557455555861e-06 0.0 0.0 5.865294605767784e-06 3.67685870806989e-07 1.3778190588444131e-06 0.0 0.0026587773010108657 0.0007522435805658662 0.002722022488894296 0.0013405599530685267 4.2730128672609384e-06 9.388516741437802e-06 0.0018604445252485078 0.0015271808909057924 9.121186779489835e-06 3.941354395027423e-05 0.0 7.17389409018727e-08 4.8483958955161735e-06 2.784049306378165e-05 1.3588240099573222e-05 0.0010116448990099788 0.0004401561451054501 0.00019727185637674393 0.0002985730264243771 2.792279605408839e-05 5.356853752534098e-07 2.967988137090362e-07 3.956061754553687e-06 1.6639753800710306e-06 1.0836612626530323e-06 4.09127960798314e-06 9.499764446196278e-07 0.0 3.792598433200797e-07 1.4223588349283685e-05 6.889775156271003e-07 0.0001141266064451636 1.1624104661871466e-06 0.0 2.8549358695645434e-07 1.4846467840567165e-06 3.5200806183350254e-06 0.0 0.002471368186233766 8.35496603185029e-08 2.800823785451605e-07 1.0590593328815898e-07 7.56219158122392e-07 0.00024804065556068114 0.0009099604150845575 0.0003897300100955744 0.0004721697571726118 0.0 7.929233019354477e-07 0.00033227188899074265 0.0003128796406645204 9.855751374529008e-06 4.905689792708894e-05 0.0 0.0 2.443434710356573e-06 9.064255894491416e-06 1.2846019354356134e-05 0.00011887217079821713 6.975396442924805e-06 1.805655002576398e-05 1.2883252545662205e-05 3.4654616445529163e-06 9.979624959459183e-07 0.0 7.256921493780258e-07
7.684308905458816e-05 1.2722129195489454e-06 0.003222306720597741 4.40476682169113e-07 0.0 2.1738107424168208e-05 0.00021634656785659653 0.00012118546146201964 0.0 1.2695508551985e-05 0.00012991573711508222 3.2459392933923657e-07 2.9139557814650156e-06 0.00015332055892145578 0.0 5.865294605767784e-06 0.0 0.00045944126821049943 0.0014723295911337824 2.3476928572937677e-07 0.0009755791488020712 7.60286178951353e-07 0.001953447247912917 6.241511061029823e-06 4.90323569117006e-07 0.0029057387775130324 0.004622251009302459 0.00013512251075200476 7.00996752276251e-05 0.0007693497547358062 1.4783319819862274e-07 1.2594829542293394e-06 4.686792256635688e-06 0.0007775500018510725 3.865762852503767e-06 0.00018393966708428418 0.00037076882472010633 0.0005312563416137174 0.00019243291973930382 6.84266083614093e-06 4.153497843249372e-07 1.543135511624977e-06 7.920298592957197e-07 0.0 2.0995757951955466e-06 1.687828835002911e-05 0.0 0.0 0.0 0.0 0.0 0.0 0.0 6.010936427839974e-07 0.0 5.410952817220603e-07 2.594402928576427e-07 0.0 7.219479524605152e-07 4.559805255665861e-06 8.906757429559073e-08 2.2069290671217585e-06 0.0 0.0 2.0950574879811675e-06 1.1437272420694022e-06 3.123049423258348e-07 7.316892857098238e-08 2.5716766182952894e-05 8.76773597673573e-05 3.994377637228873e-07 0.0 0.0 0.0 0.0 0.0 3.825435327917358e-07 2.08605029745615e-06 2.0093468095321542e-06 2.6754990345853224e-07 2.7802423826907243e-06 8.57054119876919e-07 1.0377689748201291e-07 0.0 0.0 0.0
3.7279667327121805e-05 1.2354433479516185e-06 9.542758766764677e-05 6.130786803344424e-06 2.0483743836540476e-06 1.727742951468522e-05 4.1445019469734575e-05 7.737606946007464e-05 1.1657411743874105e-07 2.4807370600292328e-05 0.001834640317233238 1.6968521402713334e-05 4.9571067856997016e-05 0.00015601070819169725 7.327880715699021e-07 3.67685870806989e-07 0.00045944126821049943 0.0 0.0005827804364651277 1.3515122083159325e-05 2.303654358472902e-05 9.461806577082272e-08 0.0001231252360690618 3.82661745463922e-06 2.9570249033914075e-05 0.0018317881509304615 0.0006079050627459098 1.988222143717852e-05 0.00010659091836567145 5.0698617754953096e-05 1.929315398325206e-05 7.724134528262983e-05 9.780196662929451e-06 0.0006731209055055633 7.042510685166e-06 0.00032142705286876194 0.0003362846697938938 0.0007566930259837922 0.0002190155638695366 1.9268379663875177e-05 2.6741407612235327e-06 5.882754160860464e-06 1.1508101365685416e-06 0.0 9.136828591195833e-07 6.698597567859494e-07 0.0 0.0 0.0 2.608058694976889e-07 1.31368525676774e-07 8.774765244424041e-08 0.0 1.907792778655941e-06 1.4485637454144447e-07 1.0593633418619244e-05 0.0 0.0 2.9303876202333427e-07 6.416980182405142e-07 1.7583830353780723e-06 2.963611344841595e-06 1.3213211710371393e-07 0.0 2.1090655765935425e-07 0.0 6.108968947721665e-07 7.785116557416468e-06 2.7728240639552375e-05 8.648659992169117e-05 9.63522066672456e-07 0.0 1.4071890414944523e-07 4.854246639763885e-06 0.0 0.0 3.096810236548964e-07 4.837332710233882e-06 7.969342528478806e-06 7.3921322671216206e-06 1.3880820412460026e-06 2.773356556843135e-07 8.495463415625396e-08 5.436561574369985e-08 0.0 0.0
6.96691936252599e-05 9.092543942139022e-07 0.0001497882378227704 1.7128982307936511e-06 4.754191033275162e-07 7.609760841445119e-06 6.701863762528543e-05 6.819527953144532e-05 3.852149537699783e-07 8.540243207935529e-06 0.00039966432791395563 3.9537613004326415e-06 5.420483293625795e-06 0.0001630292152372677 1.2846534650854947e-07 1.3778190588444131e-06 0.0014723295911337824 0.0005827804364651277 0.0 3.1582180063199417e-06 9.124592844543617e-05 8.058354813610141e-07 0.00019554460244691844 1.7789723283246872e-06 3.0830328439067e-06 0.0028080060404893207 0.001311454864863198 3.450369104262309e-05 0.00011741749653586584 0.00016299509238693676 6.28990417402317e-07 2.114715851846172e-05 1.34832239882843e-05 0.001245078075735924 2.271184259850613e-07 9.511389796672593e-05 0.0004342470063784182 0.00020630561708362245 3.209345032711784e-05 4.6768809558075685e-06 4.4167252681997e-07 6.316587178513664e-08 1.5454360897405588e-07 0.0 6.359318506668096e-07 9.58993674569029e-07 0.0 0.0 0.0 0.0 6.026373417102677e-08 0.0 0.0 6.192562303715173e-07 4.8682239322663045e-08 4.898850248235729e-06 0.0 0.0 4.1042304323728836e-07 1.2857575248465663e-06 8.144568339506401e-07 2.204464812083567e-06 0.0 7.710871447189591e-08 9.375886628919224e-08 0.0 5.204275415647402e-07 1.6190924863029934e-06 3.154922189769206e-05 5.850586794488088e-05 2.9843074714816927e-07 0.0 0.0 2.6680181052214564e-06 0.0 0.0 1.1044810118469857e-07 4.790542759813825e-07 3.2161297831722113e-06 1.6137171825765988e-06 2.239607786140023e-06 7.732858571888595e-07 0.0 0.0 0.0 0.0
6.680374173350802e-07 0.0 2.6826926603395717e-07 0.0021143560294030776 1.950054044345462e-05 0.0002623199059588614 1.6296373992175754e-05 0.00020016583359209033 0.0001845974057178615 0.000704488148142948 1.89479187824561e-05 0.0022910776546422205 1.2462752061316042e-05 0.00020976842541453274 0.0001045373442917544 0.0 2.3476928572937677e-07 1.3515122083159325e-05 3.1582180063199417e-06 0.0 2.665650148474213e-07 2.0987282346678335e-07 6.207255987057268e-07 0.00023643928327201036 4.5029654942530306e-07 1.9330806300893683e-05 1.2171960787080496e-05 0.0008148727018668055 0.00023115433417081118 1.7516159921642262e-06 3.4366389655249597e-07 3.5356683795821965e-05 8.000306398910732e-07 7.289896947845973e-05 7.199558686210026e-07 0.00025993892211405593 8.811347687598575e-06 0.00024625178022262973 2.4405271587276425e-05 0.00033467735669358783 1.5818209149677388e-05 5.361042899716163e-06 3.839464727057573e-06 0.0 0.0 5.712148609489104e-07 4.4967528826939106e-05 3.805165031584136e-07 3.5023281054818204e-06 1.0890280876329545e-05 1.5786825094823194e-06 3.440535517837179e-05 1.823105880944661e-05 0.0 4.534544032885985e-05 3.266518377455396e-06 2.710262490294646e-06 2.56695988427586e-05 0.0 0.0 5.329403015199111e-08 1.7528343955546e-07 3.529550477530686e-05 3.58109450292513e-07 0.0 0.0 8.850851295348988e-05 1.1234854892787059e-07 8.83482509851026e-07 1.2982137391595004e-06 0.00010388024174602108 3.1499917581908076e-06 2.362544765931976e-06 6.237056668866356e-08 2.1801292845758756e-07 2.570834460209573e-07 1.7420216833711448e-06 7.127132443586964e-07 1.1519434718532245e-05 0.0 5.828473960820476e-06 1.0701512972960289e-06 6.364421043904445e-05 7.740865105830486e-07 0.0 0.0
3.133735929668417e-05 2.528884148847746e-06 0.00022797619631391926 7.045465508059081e-08 0.0 1.9824434250037498e-05 0.0006501655161472156 7.309683027324515e-05 7.87030140809729e-06 2.6584050687067504e-05 2.979879852632072e-05 2.53156927535553e-07 2.9676223780037374e-06 7.391319301896493e-05 0.0 0.0026587773010108657 0.0009755791488020712 2.303654358472902e-05 9.124592844543617e-05 2.665650148474213e-07 0.0 5.377080258129837e-05 0.008611500366536936 3.653359475772868e-05 0.0 7.422005710991871e-05 0.00021838528374361856 0.004166005195802764 0.0001187960101831771 0.004212014602349514 0.0 6.662134659552233e-07 6.194243688655739e-05 0.001974579785921346 5.122256188492922e-05 0.0029340644772220216 0.0005634265097253294 0.0026708971632280623 0.0017594070911480892 0.00013282516142524613 4.017639305911669e-06 2.4473164585476483e-06 2.0371656742494312e-05 4.603454428584996e-07 0.0 3.163199598457816e-07 0.0 0.0 0.0 8.944237341062645e-06 2.1499601323329455e-07 4.702788529046057e-05 0.0 8.749617498964967e-08 0.0 7.73595058233793e-08 7.790882394338072e-07 0.0 0.00023542856566878586 0.0 8.941003894177575e-08 0.0 0.0 5.927551930311955e-05 5.1414770669778434e-05 9.815401452395984e-06 0.0002119903205396639 8.80574238640463e-08 8.375334201205088e-08 1.34293921690244e-05 0.00015038086126230595 5.374125778288311e-06 1.561852261385762e-05 0.0 0.0 2.695655627927685e-07 1.774984911988781e-06 5.4009697516607174e-05 4.668836334050287e-05 1.4678726377019522e-06 7.505308111736635e-06 6.472157152271611e-06 2.05125968694312e-06 0.0 0.0 0.0
2.063227275982253e-06 0.0011002478870098065 1.834063746093458e-06 1.835371524746439e-07 1.1007244857392996e-06 9.283260890843835e-07 5.1217889175583634e-06 7.192672992623275e-06 0.0011039187408608177 1.817632812485254e-06 2.9401591354063318e-05 8.232752981765891e-06 0.0002046533964270349 7.923979465864421e-06 1.3326239910557489e-05 0.0007522435805658662 7.60286178951353e-07 9.461806577082272e-08 8.058354813610141e-07 2.0987282346678335e-07 5.377080258129837e-05 0.0 4.790945550282379e-05 0.0025821261094735063 0.0002574455571097592 1.3423728255612595e-05 0.0016099860374274308 0.00016690539558589937 1.1278840872068316e-05 1.1168945431069721e-05 6.111667275514537e-07 6.59236905038266e-07 4.8350062668577834e-06 9.896954131090747e-06 4.3440181779492745e-07 0.00018986150689417474 1.9754192944091223e-05 2.7495104349482004e-05 2.6740648282087326e-05 4.7857511876513614e-05 2.539575685302884e-07 1.8503472361438974e-05 6.861726434613319e-07 0.0 3.789822373232385e-06 1.2768206028525619e-05 7.713721172312708e-07 0.0 0.0 1.6548965579017173e-06 0.0 2.5430323161556745e-05 0.0 0.0 1.5154557811781932e-07 2.6053326172065303e-06 5.535147233883324e-07 0.0 0.0007949657038122185 4.0208896532521997e-07 9.557158376395412e-08 0.0 6.795118057019786e-07 5.677071562501591e-05 0.00012358714175998418 0.000131215656465235 0.00011751040764323608 2.735341856899459e-06 1.6918568909617879e-06 0.0005094797938783556 4.917209520091733e-05 3.5856288426332044e-06 5.779925288413572e-06 6.600249399216918e-07 0.0 6.638187759857028e-07 8.759307672068117e-07 1.1162443736166057e-07 2.6928236621288498e-05 3.471880742562021e-06 5.553422325847841e-06 4.748336953574392e-06 2.500861556972257e-06 6.668609406309756e-07 7.06139715286326e-08 0.0
5.183909643933646e-05 1.743214700946547e-06 0.006356438518557801 6.700005277843373e-07 0.0 2.067358743385378e-05 0.0004308353980909764 0.00012793861708927816 4.464370086558878e-07 2.14992053509072e-05 6.293697070208586e-05 5.295816366845992e-07 1.185184021693581e-05 0.00013143209955671786 0.0 0.002722022488894296 0.001953447247912917 0.0001231252360690618 0.00019554460244691844 6.207255987057268e-07 0.008611500366536936 4.790945550282379e-05 0.0 0.0002471156498262532 8.800823936418385e-08 0.0019041650629095632 0.007624779612181746 0.0022775340341422813 4.872767606696474e-05 0.0023938538094517006 0.0 1.6518747614257997e-06 1.050577961858463e-05 0.0018291989418602712 0.00013404560850598587 0.006202165446912392 0.002703441042923421 0.004523091566063074 0.004318331241719108 0.0003577637580437188 6.7267565537261986e-06 1.698227676979259e-05 3.8824869021721886e-05 2.3802181537376705e-07 3.998324350291279e-06 0.00017897263209936746 0.0 0.0 0.0 2.0221022474629068e-06 0.0 2.746180686465656e-06 0.0 0.0 0.0 8.025386112700251e-07 1.300592590893435e-07 0.0 0.0007942073355973049 1.1550370607530217e-06 0.0 6.222495494353298e-07 0.0 5.228208605266602e-05 0.00024908241162945136 0.00022891072613903378 4.873665875616916e-05 1.2666121358893158e-07 4.883535691179319e-06 0.0008050474495774514 2.9253425304928312e-05 4.724091127848257e-06 7.0184974070617345e-06 1.7869003241265466e-07 0.0 6.562894970185264e-07 1.0028385315340454e-06 0.000111686979561588 6.642609407956356e-05 2.5061530817228352e-06 6.9620061157638575e-06 1.0837613758425844e-05 2.2374653919890398e-07 8.746547394217254e-08 1.876510019072554e-07 7.719512709168783e-07
2.6444489342188897e-06 0.0006632008424959917 1.0657106966316506e-05 0.0012095166919083497 2.987814023775213e-05 2.4142780557617812e-05 0.0001984263728877629 2.2219616469605664e-05 0.004295001857164309 0.0003102167399461211 1.3211930743470564e-05 0.00046798268348919984 7.346447735029452e-05 7.129485413941097e-05 0.0002215046756793394 0.0013405599530685267 6.241511061029823e-06 3.82661745463922e-06 1.7789723283246872e-06 0.00023643928327201036 3.653359475772868e-05 0.0025821261094735063 0.0002471156498262532 0.0 8.00271050254554e-05 2.4401437750574625e-05 0.0011397128679447109 0.0034969974022929667 0.00019990679222685806 2.2442724850251734e-05 2.1839124819085713e-07 3.946485156313707e-06 4.643357872427452e-05 7.978798250230618e-05 8.998271887258156e-06 0.0010941490299654086 3.540169532565632e-05 0.00030409807220767597 0.0001733795879390443 0.0004199128571838501 2.6064777133730922e-05 8.586006276927786e-06 1.5609594027603053e-05 7.179411723110075e-07 6.959737222385744e-06 4.187885558311806e-06 0.00033677082733667683 6.935638173126764e-07 1.6184383865991046e-05 0.0001445675439804305 9.297493951011842e-06 0.0006351445234119424 0.0001475874450303841 3.2717560183131414e-06 0.00013067545290262864 5.40741475295533e-06 1.85692968910313e-05 6.095197801510885e-05 9.558948595474667e-05 5.49552275419121e-07 1.097348912182228e-06 7.147511028482912e-07 0.00016553378679759717 2.319200927081466e-05 6.590404043643608e-05 1.5183988208703781e-05 0.0016412586708233227 5.805748283324794e-07 3.079844890617423e-06 5.806124589386775e-05 0.0014426161129263075 3.1659925452422855e-05 1.3981824676356011e-05 4.461003221551488e-07 2.429507825766786e-06 1.7149825665690399e-06 1.3381747991303668e-05 6.462983610675128e-06 0.00016235093019632105 9.430859483111268e-07 8.239428706722727e-05 1.8862528675351106e-05 0.00011530571548716807 3.2067414789036796e-06 0.0 2.4751151245547723e-06
