0.0 1.9570596940435319e-07 6.113123360757164e-05 5.745061212106074e-07 2.7662422639034563e-06 3.0698245772355975e-05 0.0015106340866072132 0.00045647800163507485 6.434658235613415e-06 2.4805741583933822e-05 5.281267357612005e-07 3.5155532277177487e-06 2.1718036864529032e-07 0.0031889353457772046 7.876055543881959e-08 1.914667861098431e-07 9.331734294818885e-05 1.7284089836782086e-07 4.231931817834663e-06 1.4213194312306375e-06 6.456659269803706e-05 6.053767851756852e-07 0.00016144169184038317 2.3765339696454112e-05 0.0 2.8260918872645938e-05 1.497300869354435e-05 9.141625690707728e-05 0.002222421116788519 0.0013392113132680206 0.0 1.0522741171809597e-05 0.00022476969627328633 7.532769357388907e-05 2.8123673865120166e-06 8.926736415429972e-05 1.1175761464897984e-05 6.573795366558572e-05 2.0285722294824042e-05 1.2155604595521234e-05 2.677275274088375e-06 0.0 2.2294440348373932e-07 6.536042160540887e-07 0.0 5.143892493818511e-08 1.3888618811562538e-07 0.0 3.730507788396494e-07 4.650938694389734e-06 3.4116595033083285e-06 1.4155829751369185e-05 8.095304350017199e-07 0.0 2.2678138075757833e-07 0.0 3.831386612682533e-06 0.0 6.877802210256298e-06 0.0 0.0 0.0 1.35900189511142e-06 4.998418097353132e-06 1.4580931267726252e-06 4.18888400531951e-07 5.456123748758789e-05 0.0 1.7604881553826835e-07 5.041939252962792e-07 3.955683932083994e-05 2.550591500521774e-06 2.5725534407457768e-06 0.0 7.987974217759021e-08 4.37801924167188e-07 5.96315381407236e-07 0.0 5.208584919952164e-06 4.858785436054523e-07 3.616268590692053e-06 3.8675004565030435e-07 3.010905159798951e-06 1.1629779874872323e-07 0.0 0.0
1.9570596940435319e-07 0.0 0.00013539124167214758 1.6074271977305998e-07 0.0 5.995068693513218e-07 2.610827957715507e-06 6.061899875912861e-07 0.00015124432976727894 3.145281788905099e-07 3.5632038868782996e-05 7.084879385024544e-07 0.00020788572039028203 1.0828908911790326e-06 1.6557968647944078e-06 0.0003701053383766378 3.3368575140725154e-06 3.773604061856877e-06 1.5120477678232634e-05 4.4790289092446316e-08 3.849350328786647e-06 0.0012096247844648566 1.2491616191800556e-05 0.0005670559358220123 0.0007511205260561638 0.00015638647110803271 0.002271565247307907 7.356284750188895e-05 5.882224794783141e-07 1.1666385540976227e-06 1.3555544482566757e-05 0.0 0.0 2.4427335324411356e-06 1.7195792552006267e-07 7.784124405278947e-06 3.0184024514449936e-05 9.004970126705159e-06 1.3883818271762154e-06 1.0555203526220013e-06 1.81745606544455e-07 0.00010631633382677981 0.0 5.858719485864053e-08 4.771718982941214e-05 1.4541032147024077e-05 0.0 4.5706904946485e-08 0.0 3.4409379284841896e-07 1.1288309266366917e-07 1.885434079550763e-06 5.689553288724731e-08 2.3456670702719963e-05 0.0 3.211512602662362e-05 0.0 0.0 8.844837068316092e-06 1.020901138161377e-05 1.551118679624953e-06 4.38572848425749e-06 6.607116934076264e-08 4.640047095894718e-07 2.2679827316580082e-05 8.152049050374157e-06 7.1064021819402595e-06 2.9627106000273608e-05 6.953591498138174e-05 0.0007474078740276149 1.7964837846979263e-06 1.5361609678192141e-07 2.2644502240128103e-07 3.6033305939131818e-06 0.0 0.0 7.158765285660047e-06 0.0 9.084848303993661e-06 2.2977739477873707e-05 1.1170093731899603e-05 3.7508977152845296e-06 8.795721117880648e-07 0.0 3.94664551910918e-06 0.0
6.113123360757164e-05 0.00013539124167214758 0.0 2.32651153590729e-06 7.919516478679099e-07 2.970601016697557e-05 0.0002533519314087362 0.0002309073304580143 8.026140554916553e-07 4.001080658720205e-05 1.7629580400697298e-05 1.0677768507500784e-06 7.328072845852593e-06 0.000207262712227576 6.446664764855058e-08 8.995389335828088e-06 0.0025586560671179473 6.4569646159389575e-06 9.34567824785536e-05 6.396232017199243e-07 0.00026185950127029396 3.182903045668638e-05 0.006869816972915662 1.2411579597964045e-05 3.5429875217963356e-06 0.0027005023510684447 0.002950037449678853 0.00031068605992683223 6.929897157788442e-05 0.0007520677401864525 1.9801230884087122e-06 2.3294514225873806e-06 5.672430462184312e-06 0.0008230896336901085 2.1799573199977638e-05 0.0008660712659365777 0.003906921921989244 0.0015154797764988551 0.0005536958865634233 2.1332136013743252e-05 3.3724016243798223e-06 4.550529248250121e-06 3.8112088822234027e-06 1.1958752376498438e-06 0.00026372304802235123 0.00032123767975160026 0.0 1.3379023437493872e-07 4.910497512171333e-08 4.866433677492085e-06 1.001640787019694e-06 3.3211759967763402e-06 3.943158710021448e-07 6.706892068665291e-07 0.0 4.4582904170218415e-07 1.4690386105992914e-06 1.2497753408396108e-07 4.1540052702438014e-05 0.00010351344387254082 8.414316733339614e-07 9.764488208216553e-06 5.1285987610988654e-08 6.37581078409348e-06 0.00021191881886904038 0.00010776616049234829 3.444094528259576e-05 1.1910235500192e-06 0.00019748217759608087 0.0022293896885889654 6.75720614626861e-06 3.2345099506939615e-07 1.4737352940680994e-06 2.2137547774563979e-07 0.0 1.0772471208083705e-07 9.213790030710681e-05 9.867798406155077e-06 0.0001351340083048523 0.00034157284671636396 0.000214292251676477 5.732627956170686e-05 6.5931992492426385e-06 2.5703617861671276e-07 0.0 8.781781288390177e-08
5.745061212106074e-07 1.6074271977305998e-07 2.32651153590729e-06 0.0 1.760071085024734e-06 0.00014486094937004278 8.31039728907123e-05 2.3355031549022803e-05 0.0003742931193671451 0.0017255576412611969 0.0 0.0004990102171396976 2.3466870519007353e-06 8.793354959188053e-06 5.78734896896024e-05 3.025844181514315e-07 3.638232310924663e-07 5.828195290872881e-08 1.2646430947222116e-07 0.0012925547771631138 1.7951163837731494e-06 5.325081130608163e-07 5.33168640932482e-06 0.0012657824198203502 8.757190174220745e-08 3.977560750777914e-07 3.5134000668797358e-06 0.0016808519851413055 2.8777017314131342e-05 7.315916487971767e-07 0.0 1.9704331602266654e-06 2.0804933870130584e-06 1.3044752301573566e-05 3.069489806967547e-06 0.00014680862201997555 1.2951845962899584e-06 4.2100792338313883e-05 1.997050788465322e-05 6.588111840808671e-05 7.509225933086461e-06 3.9713810839297023e-07 1.8270857264157472e-06 3.628883216428611e-07 0.0 0.0 0.00010007811884266661 8.579281140019263e-07 1.4677114766749102e-05 2.7881635672058437e-05 2.2815805362908457e-05 7.153368248946908e-05 8.916635815219497e-05 7.813616047646947e-08 0.00012603338950844026 8.144211900250628e-07 9.947446742995712e-06 8.950547422268007e-06 6.785423011429853e-07 0.0 5.8498236608583354e-08 1.5150287225076224e-07 0.00012380144095509434 5.443849336657834e-07 8.355392501021862e-07 0.0 0.00033416345180254433 0.0 7.508633675293722e-07 6.160134712532548e-07 0.0001265435024094664 7.1839326459808155e-06 7.096598927949574e-07 0.0 9.585048978227279e-07 1.3803455059000332e-06 4.2665297185903305e-06 2.6281183412746654e-07 1.5912493482334934e-05 2.353755955371069e-07 1.1476417522113574e-05 1.6494941369246027e-06 6.609005114903122e-05 6.124824361222868e-07 9.928697777359977e-07 2.0276601079391968e-07
2.7662422639034563e-06 0.0 7.919516478679099e-07 1.760071085024734e-06 0.0 0.0008302856840483798 2.3452860923302756e-05 0.0003301406213877967 7.228621369131907e-06 3.275462678315431e-05 3.605671989395988e-05 3.5361358751253486e-05 3.736358088694728e-05 0.00013517167956340737 0.0008922326021037439 7.944152261784908e-08 1.0883658644301692e-06 6.152915178997358e-06 7.220610752529781e-06 9.361537334085988e-06 1.7890266875021655e-06 7.284601707641182e-08 2.075720757916356e-06 8.402353426250094e-06 0.0 3.882999835051199e-06 1.4209898217221401e-06 1.275884946607539e-05 6.366030191890091e-05 5.6090206587929865e-06 0.0 0.0004920037618209967 6.421444868972209e-07 0.00039251604641546325 3.3962342355450703e-06 0.00013950847712110984 2.3877822540262974e-05 0.0005658212882597249 0.00021111689795818 0.0011156600535166905 0.00016838663409827665 2.7599010718192238e-05 3.0359026094403035e-06 0.0 0.0 0.0 1.9609502782590477e-07 1.8265872986975748e-07 3.6858504937859967e-07 1.5243057646173552e-06 1.06965571310534e-06 1.4851556816603264e-06 2.623264738658459e-07 7.317326111375592e-07 5.740084147755435e-07 1.3242033637647636e-06 6.739858460773608e-07 0.0 0.0 0.0 0.0 0.0 7.408704582614273e-08 2.4600377806644915e-07 0.0 0.0 7.661425973968997e-06 4.979701041113398e-08 5.9173551627580736e-08 2.1638298805974933e-07 4.262196937212901e-06 2.566556996679263e-07 5.826015834836629e-08 1.7988670390656031e-07 2.0855155336669975e-07 0.0 5.281788431932576e-06 6.769319079531873e-07 6.070677596082089e-07 1.0110379501841979e-06 1.153572562467613e-05 5.606937411800147e-06 7.944699340259654e-07 2.266311699648929e-06 2.2493263049578904e-06 1.3992288284413673e-07
3.0698245772355975e-05 5.995068693513218e-07 2.970601016697557e-05 0.00014486094937004278 0.0008302856840483798 0.0 0.0010546128359821504 0.003456623208861973 5.7454324776122014e-05 0.005840282746248683 3.1731297548749655e-05 0.001424502382607758 1.940201965197301e-05 0.0008607734647328088 0.0011607940792234333 1.0816040925871317e-06 9.63601099583571e-06 7.024203628455418e-06 6.080055803420336e-06 0.0003041862396718192 1.9135049793663854e-05 2.2886947047051728e-06 6.584424041753807e-05 0.00015089240576718417 3.2762472719434066e-07 1.1169524555166343e-05 4.027599152711731e-05 0.0008132406272903658 0.0004179240047462594 8.655942652786969e-05 1.7345251269965068e-07 0.0004487790639242226 8.51834207715324e-06 0.00024451760248203727 9.750398482598426e-06 0.00047705481563389986 3.439992384537664e-05 0.0006973063171564247 0.0002410385507224314 0.0011088857026607425 4.788684582839854e-05 2.1669363149217768e-05 7.2312276560472406e-06 5.397204759452176e-07 0.0 2.7033952005318004e-07 1.0628847847630504e-05 1.0273128303969354e-06 9.380115372497116e-06 5.887944921617808e-05 2.9316871151527107e-05 3.6173675806601775e-05 1.4917055536019585e-05 2.347249150779866e-06 1.653908275662255e-05 1.3430175485784217e-06 1.340047168916761e-05 1.4670892818369427e-06 3.1834474469598233e-06 3.918342268696108e-07 1.301653227710795e-07 2.2538203247453092e-07 1.7159858885549883e-05 1.5867962188712857e-06 2.7328041188978945e-06 9.904107506796515e-07 0.00021849849751456377 1.3110336199885174e-07 5.924832675218424e-07 2.6985700780533076e-06 0.0001380727098661788 1.2172148417318782e-05 5.522317586844368e-06 0.0 1.826848934654642e-06 1.416322335456124e-06 9.913216228424097e-06 7.4162333863179e-07 2.1700156484041154e-05 6.944743314514477e-07 2.804676682167706e-05 1.0340359621336995e-05 3.241956814527443e-05 2.028902313519263e-06 1.5317173450527378e-06 3.421246562177791e-07
0.0015106340866072132 2.610827957715507e-06 0.0002533519314087362 8.31039728907123e-05 2.3452860923302756e-05 0.0010546128359821504 0.0 0.001834863507545235 0.00010046138817850042 0.003688086563320786 4.850043666153918e-06 5.108408978462975e-05 5.326045701243847e-06 0.0033769827019881566 2.1698246817413717e-05 1.9072524376160294e-05 3.9885797827042924e-05 1.024371252286865e-06 5.4996469543309685e-06 4.337087308094087e-05 0.00027945095380648425 9.59188869082634e-06 0.0007197525264124119 0.0005852191241828422 2.7995893542981133e-07 7.460832635353884e-05 0.0004473641459311969 0.00858861923642422 0.001517157463293667 0.002920689538686619 4.7158895929580485e-07 4.47180269983356e-05 0.0003325520460114049 0.0005707437390864728 0.0001295326418813173 0.0023753503728860437 7.220681988305521e-05 0.0013870132274367323 0.0006348027276875111 0.00032405001448212496 0.0001183044225841846 1.994397306435526e-06 2.1379356592454505e-05 5.023442356792368e-06 7.654104625628698e-07 9.232908989694738e-07 1.6461518223554696e-05 1.0897294944362376e-06 1.41072693956108e-05 9.373779719529713e-05 5.106451390376329e-05 7.013447843351717e-05 2.916435472887776e-05 7.115941884988323e-07 2.029153333538742e-05 2.9236755258728953e-07 2.7953158881221908e-05 2.1517014460744415e-06 2.145293884133736e-05 4.4843783412726076e-07 2.238889680037277e-07 2.731282873769499e-07 2.9179841605185366e-05 9.872425783175012e-06 1.5165572146331461e-05 6.477430703574408e-06 0.0004597556102466341 5.377574723300155e-08 1.6732157126714294e-06 1.899770314005416e-05 0.00027778998209391836 2.5720628868239714e-05 1.604296208989007e-05 4.503992053649013e-08 3.1679307280908526e-06 5.82779979573774e-06 1.618708491991482e-05 1.095641127419668e-05 5.853147419470444e-05 3.0509498320580127e-06 3.996814743239561e-05 7.312005884986469e-06 5.03492484222041e-05 1.7477661765677848e-06 6.41342850319536e-07 2.6266819755614376e-07
0.00045647800163507485 6.061899875912861e-07 0.0002309073304580143 2.3355031549022803e-05 0.0003301406213877967 0.003456623208861973 0.001834863507545235 0.0 7.673117671148008e-05 0.0014378254330208063 4.334440624684843e-05 0.00038054892935671694 1.3137782625017679e-05 0.0046501627909198455 5.194802086377238e-05 1.8997213228538302e-06 0.00011012397133263453 9.996083145614707e-06 1.6253747170217978e-05 8.19039120767096e-05 0.00015493888848075593 4.447744152850695e-06 0.00031862311207172574 0.0001503627812258866 6.688414820078023e-08 8.775679663108905e-05 4.9369470818674955e-05 0.00046455438138491036 0.0010508063703124839 0.000589165880193244 3.0986666957282646e-07 0.00041246107349377767 1.6757181753122127e-05 0.00033643253109500706 1.0515919120101624e-05 0.00042573674489469466 5.383265124834688e-05 0.0007135573646103659 0.0002100763213599029 0.000256462192620766 1.6627017164288246e-05 1.2575764892345543e-05 5.262000784876257e-06 1.7975446698277688e-06 2.316038247871006e-07 5.57007518824715e-07 6.263557827130818e-06 1.0473456040413909e-06 1.1489650511029766e-05 7.58806394631688e-05 3.591321237747916e-05 6.48491977638924e-05 1.260410043599533e-05 4.663468676920797e-07 9.781180648078705e-06 3.6282349052368714e-07 2.241096207811067e-05 1.7112875026893222e-06 8.773784203227892e-06 3.060609183741498e-07 0.0 3.717894613662213e-07 1.2882403756737059e-05 4.92747423881098e-06 3.838651371934037e-06 2.1456830387263694e-06 0.00033793090018127084 0.0 1.0370306439744833e-06 5.120441074449098e-06 0.00019144118529633637 1.4301102998425902e-05 1.0478294044755638e-05 0.0 1.503366186256349e-06 6.504572131402736e-06 1.1919206072905126e-05 5.014259022434331e-07 2.8473850095010156e-05 1.9098138451152965e-06 3.340417075317724e-05 7.962246112546715e-06 3.7610161872875876e-05 5.272682654489844e-07 2.6771120996026725e-06 1.454721735636354e-07
6.434658235613415e-06 0.00015124432976727894 8.026140554916553e-07 0.0003742931193671451 7.228621369131907e-06 5.7454324776122014e-05 0.00010046138817850042 7.673117671148008e-05 0.0 6.928785061557891e-05 3.865032689688797e-06 0.00035798110040103433 1.2731840370498315e-05 2.7492379399597483e-05 0.000509928139629443 3.149087546852623e-05 5.016795281617682e-07 4.115440217485317e-07 6.620267106193888e-07 0.00020291121784321554 6.4352892233564615e-06 0.0015714230179331111 4.333969465686204e-06 0.0045685467715806255 3.0396338904779367e-05 1.3422535452632794e-05 8.271742860055925e-05 0.0010463483355544706 3.719264687130718e-05 1.229126587202405e-05 1.4502954067923644e-06 2.5456860287921975e-06 3.933040061282938e-06 1.1917560235610293e-05 1.3300035344651489e-06 5.451281517951125e-05 5.74058819810743e-06 2.6890794049627085e-05 7.160395406575569e-06 0.0001679501157290364 1.422444814255294e-06 3.5209711563328596e-06 0.0 1.0401094050701675e-06 7.995529637231159e-07 4.2925254704522747e-07 8.089901053325919e-05 9.769489969132103e-07 1.1515896328792827e-05 3.371177406588157e-05 1.7699422041634863e-05 0.00025230269501796905 4.6113493209151794e-05 1.2230031509104532e-06 9.894798734978856e-05 3.787640454705267e-07 1.0859957623014446e-05 1.1770786749213956e-05 5.462946347123438e-05 6.015597296569443e-08 2.664507791167188e-07 1.7324382567160045e-07 8.509785234540205e-05 5.673414477937721e-06 9.25119853595258e-05 3.560327948061927e-06 0.0010761852177498142 2.701129781046703e-07 2.8782749216018207e-06 6.605679661486612e-06 0.0002305417054828068 8.877553208929976e-06 2.7797457255492983e-06 3.0213311426301907e-07 5.622097711362737e-07 4.014788255718059e-06 6.5309442622884285e-06 6.743087489183576e-07 2.1845414145477483e-05 1.355364135388563e-06 1.6907210242556406e-05 2.693295878806176e-06 3.114102172389228e-05 4.942715752320777e-07 0.0 6.866328367571473e-08
2.4805741583933822e-05 3.145281788905099e-07 4.001080658720205e-05 0.0017255576412611969 3.275462678315431e-05 0.005840282746248683 0.003688086563320786 0.0014378254330208063 6.928785061557891e-05 0.0 4.397521197346756e-06 0.00176283763911915 3.7842553338817532e-06 0.0004857763363632736 5.484465411504521e-05 1.925978951100545e-06 4.222875703475677e-06 1.1245238921136172e-06 1.9542811638782677e-06 0.0023758646081520262 2.0125088838896852e-05 2.3469341272186757e-06 0.00011676072936653136 0.0004294017837598379 5.11251030937053e-07 1.4003463988310895e-05 0.00010200086532344486 0.0025360068212265875 0.0006797949871015954 3.941852815142895e-05 0.0 5.372883290434935e-05 2.8079168145413215e-05 0.0002555367600129096 3.6627363674883014e-05 0.0007919408295787743 1.833298795420733e-05 0.0007634390054084024 0.0002346192891268125 0.00020627127113873893 0.00012739836049369447 1.7930470815870754e-06 2.03185490406173e-05 1.267928083734529e-06 2.1850310906975365e-07 3.6397803278886737e-07 7.262762279673088e-05 8.99314444549439e-07 1.6845912676677244e-05 5.7653466955127714e-05 4.793949291097965e-05 3.762966290058418e-05 7.957921582479325e-05 2.607348256008114e-07 0.00010672297795725229 7.980227215369975e-07 1.753046605001435e-05 7.776927619578872e-06 3.167216826534561e-06 1.227112878650079e-07 1.680937883518605e-07 2.6400152523559253e-07 9.654434255327793e-05 1.7141383425407278e-06 2.546704417271053e-06 1.732723724541864e-06 0.00032731074413254105 0.0 3.16922370609652e-07 3.940258257702656e-06 0.00017756740014853895 1.4991941333290978e-05 2.5514946144621833e-06 0.0 2.290337838242857e-06 2.8007624094964137e-06 1.0265685185324596e-05 2.1316328402662e-06 2.9787374575526478e-05 1.1870086773353963e-06 2.4968210211862825e-05 2.466716529025506e-06 5.454980445012407e-05 4.466066397276129e-07 8.780489390200161e-07 5.233922967069838e-07
5.281267357612005e-07 3.5632038868782996e-05 1.7629580400697298e-05 0.0 3.605671989395988e-05 3.1731297548749655e-05 4.850043666153918e-06 4.334440624684843e-05 3.865032689688797e-06 4.397521197346756e-06 0.0 3.30670340058649e-06 0.0016523317250337313 1.9058331224449638e-05 1.7993428750157666e-07 2.7133036226613554e-06 0.0001272691216021329 0.0016440707170166822 0.0007937653168511561 8.414787170211536e-07 3.6849079159580795e-06 1.436177116675928e-05 1.4536672458834077e-05 8.842138878965852e-06 0.0004928295064682874 0.0010506915378826216 0.0002871090896665346 4.15030250857156e-06 0.00012418062197812614 1.7147315536082146e-06 0.00015195535538222279 5.94453977224544e-05 0.0 0.002531965565698102 1.2384473420211379e-05 0.0002560845213529492 0.0037864471343072217 0.002541575445804835 0.0004895175013331548 8.330599900001375e-06 2.0112033450128545e-05 0.0007935310380825817 2.7091644319830547e-06 0.0 2.7815135200073092e-05 3.295682392934918e-07 0.0 0.0 0.0 3.307657970273341e-07 1.9803483227679603e-07 3.085328062035836e-07 0.0 0.000316818343667205 0.0 0.0005462147741200218 1.1893399571389572e-07 0.0 0.0 5.733109930619724e-08 2.0618561160738128e-05 1.631580754570983e-06 0.0 6.597778215933704e-08 2.502010775897125e-06 7.217836199966692e-08 1.286229815880682e-06 0.00015781765744754292 0.0002003840769268933 0.0001298367378979628 1.4757922838249696e-06 1.637139464151192e-07 5.30152971862254e-07 7.579384111857945e-05 0.0 1.107031810801911e-07 1.52629075344787e-05 4.821930349408074e-06 6.269409938651084e-06 0.0003190412719257017 1.8598434298088022e-05 5.8825160033476585e-06 2.929948158099545e-07 0.0 6.124574050254211e-05 0.0
3.5155532277177487e-06 7.084879385024544e-07 1.0677768507500784e-06 0.0004990102171396976 3.5361358751253486e-05 0.001424502382607758 5.108408978462975e-05 0.00038054892935671694 0.00035798110040103433 0.00176283763911915 3.30670340058649e-06 0.0 5.899509057980951e-06 0.0001718507911381349 0.0012286893657255467 8.017551043240337e-08 1.141862449791974e-06 8.539370436607051e-07 1.2410944666363067e-06 0.002520008682372821 1.0820761702726768e-06 3.863374202522368e-06 3.6620728646401654e-06 0.00041554278981711695 0.0 1.2206483640264002e-06 3.2096586389156473e-06 0.00021659503430148356 0.00020529205843907876 4.547044624101864e-06 5.78508618194759e-08 3.2352513069849035e-05 1.182102269203188e-06 9.118840383881536e-05 3.789612404761833e-06 0.000522750314369591 1.2355634016020936e-05 0.0002990264359931959 4.26424732195679e-05 0.0008510694572478959 3.812394707507149e-05 5.449816330439763e-07 3.0556749239580273e-06 1.1001888165756066e-07 0.0 0.0 6.002018287899527e-05 1.0074886088035737e-06 1.649743079142565e-05 1.4229906897479211e-05 8.635435666290243e-06 4.242837794328114e-05 4.0673270235100093e-05 0.0 0.00020642501763169636 2.1975612377317643e-06 3.572218506790196e-06 2.61148534231131e-05 4.95198196252979e-07 0.0 1.4188416550314987e-07 0.0 9.615851940282047e-05 0.0 1.677984250279153e-07 5.873922109138404e-08 0.0001496909709088597 0.0 2.1633917538344095e-07 6.284916648135159e-07 4.822592799857756e-05 3.830868617523771e-06 4.955558134798448e-07 0.0 2.076656405521189e-07 5.141427814602133e-07 1.5145257224450658e-06 7.772895187236706e-08 3.1178517660035624e-05 5.437385121514276e-07 7.749033290290038e-06 4.787041387718933e-07 0.00015094573631823602 1.2142831840062705e-06 1.0956865125775138e-06 0.0
2.1718036864529032e-07 0.00020788572039028203 7.328072845852593e-06 2.3466870519007353e-06 3.736358088694728e-05 1.940201965197301e-05 5.326045701243847e-06 1.3137782625017679e-05 1.2731840370498315e-05 3.7842553338817532e-06 0.0016523317250337313 5.899509057980951e-06 0.0 3.478308449945266e-06 9.740517165528843e-07 1.583769067480133e-05 3.912157333528583e-06 0.0002445733432659759 3.887629863102913e-05 8.169677116750996e-07 1.8843784289959956e-06 6.263512250896219e-05 9.130944490917285e-06 4.347727322619031e-05 0.0018645875398269388 0.0008569501993883059 0.0024236912246263934 1.6449141334417935e-05 1.8597379503793318e-05 2.5360813512119488e-06 0.0005934931087325905 3.324972541703013e-05 8.486489839674054e-07 0.00027814782045521827 2.934147584353471e-05 0.0014910204548415767 0.004386088298559103 0.0013847642145356125 0.0002615913780085877 0.0001904185383746622 0.00012307375684699276 0.0005060833128171266 6.633044244185461e-06 0.0 5.391502277058279e-05 4.981379395200537e-07 9.192935775079783e-07 7.987047221333463e-07 4.299056634166003e-06 2.930419522938041e-07 3.4587992308229465e-06 7.157466828433576e-07 7.202303726756134e-07 0.0005716281263113545 4.7671782210557385e-07 0.0009236444281450555 2.390314354232192e-06 0.0 1.0080384289977391e-06 1.4060343665623848e-07 2.4371539490964855e-05 2.1591995847008823e-06 1.0682619663659662e-06 0.0 3.842632162936454e-06 4.352268464548998e-07 2.020399448612731e-06 0.0003227713558822383 0.00034419759749647344 0.0003027526351821802 1.1720545719452003e-06 2.9474345028906208e-06 8.758975244463715e-08 0.00011338897466982947 4.483096688677154e-06 6.006329441328778e-08 7.863207339257655e-05 1.5318936342369266e-05 0.00022867321659590434 0.0004990289936912487 0.00017508581511482151 8.286744791999658e-05 4.304195494971984e-05 3.852312800485898e-05 0.000152219196183648 1.040073134231275e-06
0.0031889353457772046 1.0828908911790326e-06 0.000207262712227576 8.793354959188053e-06 0.00013517167956340737 0.0008607734647328088 0.0033769827019881566 0.0046501627909198455 2.7492379399597483e-05 0.0004857763363632736 1.9058331224449638e-05 0.0001718507911381349 3.478308449945266e-06 0.0 9.974160854871526e-06 1.1055426016104135e-06 0.00018492673847438895 5.169069931012647e-06 1.2651300321052023e-05 4.761080025454557e-05 0.00016631976669402324 8.099883190167371e-07 0.0003842170182159921 6.37888934567635e-05 2.3777967853630508e-07 8.277467790593912e-05 4.695128935831873e-05 0.0002672793907673515 0.0029405212066254184 0.0014576267477340197 1.612557039123299e-07 0.0004762919744998745 6.882377168553579e-05 0.0003282543715033059 8.343419960664949e-06 0.00019610974054609933 3.749020783099738e-05 0.0004751009281260957 0.00011768602735596428 5.5029339772772923e-05 1.3531826070342338e-05 3.22118016221018e-06 2.1972926546794936e-06 2.234376691769511e-06 0.0 4.3016256590054216e-07 9.304163324761874e-07 0.0 1.4724487569940507e-06 2.155467371478647e-05 1.2676384446989273e-05 2.240748434622323e-05 3.159174764519719e-06 0.0 2.6744553481779207e-06 0.0 7.837712964782174e-06 2.3172554025716465e-07 9.06884194356275e-06 2.1479005329560308e-07 0.0 0.0 2.505991617515901e-06 7.561066924850329e-06 1.9871837625027598e-06 9.804819849920107e-07 0.00013686750704598532 0.0 8.596385082439928e-07 3.257833323330468e-06 8.439845539592961e-05 9.182923311025341e-06 7.287574094241461e-06 6.321810658761293e-08 7.455976169960802e-07 2.885337451629013e-06 3.488740570009973e-06 7.298045665539587e-07 1.5106008097934142e-05 8.779970783427069e-07 1.1180307050100621e-05 2.2570455822365713e-06 9.785202164159559e-06 3.321845651199246e-07 2.020785689390326e-07 0.0
7.876055543881959e-08 1.6557968647944078e-06 6.446664764855058e-08 5.78734896896024e-05 0.0008922326021037439 0.0011607940792234333 2.1698246817413717e-05 5.194802086377238e-05 0.000509928139629443 5.484465411504521e-05 1.7993428750157666e-07 0.0012286893657255467 9.740517165528843e-07 9.974160854871526e-06 0.0 7.648783876203868e-08 1.3397181212498425e-07 0.0 0.0 8.39796172110433e-05 1.1569877101803948e-07 7.964829250914095e-06 5.757829188536751e-07 0.0008444026229062923 5.013516817897581e-07 1.867525218925169e-07 2.312643851599799e-06 8.846519425735386e-05 3.670394463930863e-06 8.53279178631299e-07 0.0 0.000401380092155619 7.391754851365824e-08 3.1670151540901925e-06 0.0 0.00022889915175972647 2.892774441476361e-06 8.572787090750402e-06 1.6262057739360553e-06 0.0008858522799637602 8.692613676420167e-06 0.0 0.0 5.039597824579352e-07 0.0 0.0 7.675195002775753e-06 0.0 3.306667990225692e-06 2.240890430801827e-06 2.9698275215497876e-06 7.174456500206906e-06 6.469807652211259e-06 0.0 3.9363197828195485e-05 1.2009964742615995e-06 9.466326875244137e-07 3.6737146861467237e-06 1.083545166665015e-06 0.0 0.0 0.0 1.3334258106484192e-05 7.146288290020277e-08 1.033450565810162e-06 0.0 2.5444520665079165e-05 0.0 0.0 1.2583428343998833e-07 9.748198708312266e-06 6.982149773590088e-07 1.74959576811608e-07 0.0 0.0 0.0 3.9971432075529475e-07 0.0 1.5119497779276381e-05 5.0858292035784864e-08 7.601342934957868e-07 2.503104456209244e-07 4.062092082310528e-05 0.0 0.0 0.0
1.914667861098431e-07 0.0003701053383766378 8.995389335828088e-06 3.025844181514315e-07 7.944152261784908e-08 1.0816040925871317e-06 1.9072524376160294e-05 1.8997213228538302e-06 3.149087546852623e-05 1.925978951100545e-06 2.7133036226613554e-06 8.017551043240337e-08 1.583769067480133e-05 1.1055426016104135e-06 7.648783876203868e-08 0.0 2.1450235236036765e-05 3.1115190749367395e-07 3.86484443479746e-06 3.63204901657076e-07 0.0008487354376483376 0.002086952102465709 0.0014705773783981518 0.0007723857836793172 3.161570984267625e-05 3.045347826088352e-05 0.0022040384782232815 0.0005773962550599315 6.1082587406469285e-06 0.0002274702310801291 1.1979849527801473e-06 1.236571220119886e-07 5.103949421245041e-06 4.793502688203847e-05 3.415448943807282e-05 0.0007312358717069343 0.0003526236842203754 0.00017654396137611647 0.00014957790307914157 2.9535055647492247e-05 1.9416597513316415e-06 2.69047535815351e-06 2.993848450876821e-06 1.2449644710840645e-06 3.7016238586826927e-06 8.790055831339593e-06 6.934354349113417e-07 2.6126839794389976e-07 6.697065872810112e-07 7.1333321768030895e-06 1.914439134210446e-06 2.849852104804906e-05 2.564933122665985e-06 5.293318479865485e-07 5.275057616210788e-07 1.241436401228098e-06 3.03432337483719e-06 1.2586049259041766e-06 0.0015398862631054865 2.8005311939708028e-06 3.005401584087234e-07 9.90137203006218e-07 2.426714247966685e-07 4.3159260583436676e-05 0.0008963554172216771 0.0004673765425053196 0.00019819424468478104 1.1833604442443597e-06 9.58707114814753e-06 0.00025750794742858434 3.92086218934074e-05 4.485413829644575e-06 1.4029404180283335e-05 2.688964771986607e-07 0.0 1.502879822103618e-06 4.726147639147857e-06 3.8088603886399236e-06 2.2445163049601042e-05 1.8548083540496907e-05 1.3860433290581302e-05 1.2465819383317647e-05 7.051845002492673e-06 0.0 0.0 3.837891067831095e-07
9.331734294818885e-05 3.3368575140725154e-06 0.0025586560671179473 3.638232310924663e-07 1.0883658644301692e-06 9.63601099583571e-06 3.9885797827042924e-05 0.00011012397133263453 5.016795281617682e-07 4.222875703475677e-06 0.0001272691216021329 1.141862449791974e-06 3.912157333528583e-06 0.00018492673847438895 1.3397181212498425e-07 2.1450235236036765e-05 0.0 4.230699857849163e-05 0.0010880055331330709 4.512616785874685e-07 0.00032622653979747537 3.1413159803447973e-06 0.0008513888065421365 1.988180941883799e-05 1.7115524118375725e-06 0.0019003860479351751 0.0031057822911948955 5.5015385395297416e-05 0.0004282039337629236 0.0006155718269189912 4.145113171867477e-07 3.3236523915706955e-06 3.8015882102956726e-05 0.0006413138936245888 2.004024904790114e-06 0.00012847246568419176 0.001030800790943552 0.0003405011132017423 8.153754627626107e-05 3.861690563243797e-06 1.5758843063443926e-07 7.008153670467721e-06 1.950768586846031e-07 0.0 5.549328192476132e-06 5.2072568352838495e-06 0.0 0.0 0.0 2.4801081791354293e-07 0.0 4.775064924594236e-07 6.399701642033264e-08 2.2789659833023688e-07 1.3426938147855392e-07 6.310867402054401e-08 0.0 0.0 4.7864850380145215e-06 2.314571242388769e-06 2.678951548686785e-07 6.884787394269683e-07 0.0 5.996894973908061e-07 4.174448717603901e-06 2.1588984468940385e-06 3.7056181220725293e-06 6.890258052476256e-07 7.133540631839497e-05 9.413834965967868e-05 1.9830860224040377e-06 1.9323360493754346e-07 2.0662459281677692e-07 1.2395639123159772e-07 0.0 0.0 8.718536738973281e-07 7.90445507504495e-07 2.6678561687324626e-06 1.5560606444835952e-05 2.9372384617399706e-06 5.075750052471722e-07 3.20079004972883e-07 0.0 0.0 0.0
1.7284089836782086e-07 3.773604061856877e-06 6.4569646159389575e-06 5.828195290872881e-08 6.152915178997358e-06 7.024203628455418e-06 1.024371252286865e-06 9.996083145614707e-06 4.115440217485317e-07 1.1245238921136172e-06 0.0016440707170166822 8.539370436607051e-07 0.0002445733432659759 5.169069931012647e-06 0.0 3.1115190749367395e-07 4.230699857849163e-05 0.0 0.0008767298906624101 2.173222336440657e-07 7.168839269680219e-07 1.0338981873584938e-06 3.794329828283535e-06 1.127770134303506e-06 1.8107555651252753e-05 0.0012925870703787443 0.00019100489187884732 1.5798958720927746e-06 2.406699445660313e-05 1.1969894597674518e-06 1.9490725237822672e-05 7.618217412335324e-06 5.821087488731041e-08 0.0005072525120738908 6.071390443130911e-06 0.0002169072693610868 0.0010331223583368325 0.0009366365662056287 0.00023539644184217328 3.6371423846591334e-06 1.769263791845152e-06 5.073018937602083e-05 7.633119758280927e-07 0.0 3.76841456064963e-06 8.760325857629588e-08 0.0 0.0 0.0 1.7902609505319775e-07 0.0 2.455265670385464e-07 0.0 7.465050434502342e-06 0.0 1.8645669466964614e-05 7.455784544863593e-08 0.0 6.49106712173993e-08 1.2768413840380183e-07 4.408726600392329e-06 8.933777066958005e-07 0.0 0.0 1.2956508446582166e-07 0.0 8.081728789586712e-07 8.862775362354155e-06 0.0001220195856312262 7.645954899666709e-05 4.3910973276589497e-07 1.106380125186272e-07 0.0 7.690958054589405e-06 0.0 0.0 2.4828794247631e-07 1.7959666542352892e-06 1.897832818082275e-06 1.179718415453466e-05 6.094231665426528e-07 7.6008807232442e-07 1.0716584843062009e-07 0.0 1.678856876299629e-07 0.0
4.231931817834663e-06 1.5120477678232634e-05 9.34567824785536e-05 1.2646430947222116e-07 7.220610752529781e-06 6.080055803420336e-06 5.4996469543309685e-06 1.6253747170217978e-05 6.620267106193888e-07 1.9542811638782677e-06 0.0007937653168511561 1.2410944666363067e-06 3.887629863102913e-05 1.2651300321052023e-05 0.0 3.86484443479746e-06 0.0010880055331330709 0.0008767298906624101 0.0 2.0628121144073823e-07 1.1582100990343065e-05 5.3036552682369936e-06 4.281276429778632e-05 6.630644509975066e-06 6.278113770747386e-05 0.0030276858020106814 0.001309297087998831 7.332062300688374e-06 5.308355158673916e-05 1.7793949402933925e-05 4.276012954872457e-06 9.847223687378229e-06 3.55156942414666e-06 0.0011177603032065803 7.834527896679559e-06 0.0004591691565768936 0.0017706391317812555 0.0014190686493384043 0.00035619851856370056 1.141079692694206e-05 1.4975112613101607e-06 3.1667098197654266e-05 1.3664990425008414e-06 0.0 3.137708615323413e-05 7.866770985242993e-07 0.0 0.0 0.0 1.1195427404920298e-07 5.773413627875363e-08 3.358894505702079e-07 1.2951901092550046e-07 3.815089300986922e-06 9.044983821752817e-08 9.040477502190284e-06 6.833807779040608e-08 0.0 2.663537475574815e-07 4.5581411808865223e-07 4.85175624533546e-06 4.243703234091092e-06 0.0 1.7626215927130022e-07 2.2869020715346392e-06 1.5930620642878665e-07 1.2244990541153617e-06 3.642943627582713e-05 0.0005371379764786059 0.00039904447942726745 4.2476719952723054e-07 1.271023708513653e-07 5.937956020666049e-08 5.255994592942703e-06 0.0 7.35388200472697e-08 7.811170940089184e-07 1.673208461878075e-06 4.756576544626129e-06 1.6094661170256835e-05 2.164978593545387e-06 4.057196353386357e-07 0.0 0.0 9.946829063136923e-07 0.0
1.4213194312306375e-06 4.4790289092446316e-08 6.396232017199243e-07 0.0012925547771631138 9.361537334085988e-06 0.0003041862396718192 4.337087308094087e-05 8.19039120767096e-05 0.00020291121784321554 0.0023758646081520262 8.414787170211536e-07 0.002520008682372821 8.169677116750996e-07 4.761080025454557e-05 8.39796172110433e-05 3.63204901657076e-07 4.512616785874685e-07 2.173222336440657e-07 2.0628121144073823e-07 0.0 7.704531299321494e-07 0.0 2.1163183632756306e-06 0.00042552429458257056 0.0 3.649179237317546e-07 1.6667205793688905e-06 0.0019341763603169379 9.502339178853278e-05 1.2318406996154223e-06 0.0 1.2743742448666172e-05 1.9769963261330535e-06 4.148150842603335e-05 9.366382808558625e-06 0.0003093838786228713 6.0691571987776984e-06 0.0001639699264370175 4.7015507100024376e-05 0.0001465195795023762 3.7095318911110556e-05 2.0435337607141945e-06 7.209691968832225e-06 5.686104711859785e-07 6.45078620184562e-08 1.4398148384365165e-07 9.585293677107188e-05 1.4836446568183167e-06 2.2886149341677887e-05 6.439559367833855e-05 4.348880937339442e-05 4.9044304831710926e-05 8.802838296281096e-05 4.3043440948990605e-07 0.00013618241639265684 1.766061539488826e-06 1.912592430958555e-05 1.1661847965812319e-05 5.391747809842694e-07 0.0 1.6060624119843452e-07 0.0 0.00013932284500496676 5.525845390964451e-07 1.2667826228876693e-06 4.6650435205548104e-07 0.0003324639894833382 0.0 5.709056277816927e-07 5.075791346984196e-07 0.00017152396068283805 1.3178245485412607e-05 4.890461465335695e-06 0.0 1.8532279029667616e-06 1.1111446514475846e-06 7.33870480351867e-06 3.334459669539502e-07 3.277355306211189e-05 6.139423384422151e-07 2.4460723042869765e-05 4.4197563604558915e-06 0.00010593667994150892 5.915626951557812e-07 5.79761052497271e-07 5.637112843209159e-07
6.456659269803706e-05 3.849350328786647e-06 0.00026185950127029396 1.7951163837731494e-06 1.7890266875021655e-06 1.9135049793663854e-05 0.00027945095380648425 0.00015493888848075593 6.4352892233564615e-06 2.0125088838896852e-05 3.6849079159580795e-06 1.0820761702726768e-06 1.8843784289959956e-06 0.00016631976669402324 1.1569877101803948e-07 0.0008487354376483376 0.00032622653979747537 7.168839269680219e-07 1.1582100990343065e-05 7.704531299321494e-07 0.0 3.4951846579803775e-05 0.00780405954613041 0.0005054624825877482 7.911448442036292e-07 5.867712218418927e-05 0.0003251817474344056 0.0022481555583295206 0.00011823541306774464 0.006154078738916904 0.0 2.27548412196368e-06 2.6992983036172495e-05 0.0022524365666929556 0.00017372571716886518 0.002706766132265566 0.0004546267971168209 0.0025138887410813713 0.0012251261146321653 0.000126071453085954 1.2549138519709152e-05 3.293791888817202e-06 1.4748289140623907e-05 4.248259014271936e-06 7.109173845152887e-08 3.1793842229995654e-07 4.877703384403098e-07 1.052635422653148e-07 6.789366700641491e-07 7.803826413674724e-06 5.0274548083270234e-06 2.4761101178314945e-05 2.3439455096394425e-06 0.0 1.6422246661337275e-06 0.0 7.64384787015603e-06 7.044639169118517e-07 0.0004789805812918837 2.063462323712566e-07 0.0 4.0991980185680493e-07 8.422545181658555e-08 5.8145199048601616e-05 0.0001745894634940813 6.254742817890287e-05 0.000223215820929763 0.0 4.5517110896046507e-07 9.026351337012075e-06 5.979933974614603e-05 1.2854224596544875e-05 1.707913712759462e-05 0.0 0.0 5.091580360771728e-06 3.620695902337004e-06 1.8875993562577882e-05 1.6899663841232136e-05 3.307290938403795e-06 5.392806400364285e-06 4.6997395706476315e-06 1.4615740744860432e-05 0.0 0.0 0.0
6.053767851756852e-07 0.0012096247844648566 3.182903045668638e-05 5.325081130608163e-07 7.284601707641182e-08 2.2886947047051728e-06 9.59188869082634e-06 4.447744152850695e-06 0.0015714230179331111 2.3469341272186757e-06 1.436177116675928e-05 3.863374202522368e-06 6.263512250896219e-05 8.099883190167371e-07 7.964829250914095e-06 0.002086952102465709 3.1413159803447973e-06 1.0338981873584938e-06 5.3036552682369936e-06 0.0 3.4951846579803775e-05 0.0 0.0001799454427142848 0.004221681184912502 0.00025419837331700775 5.5546012671964985e-05 0.0013933508188419426 0.0003490681899236484 2.8834434085842326e-06 3.2749387420615915e-06 4.129095313087124e-06 5.941913376294486e-08 5.733541561616805e-07 4.246922987053368e-06 1.096323578501607e-06 1.4856584387643623e-05 1.9132476926199216e-05 1.1280252989591394e-05 4.03374743109063e-06 8.593703014399867e-06 7.570640654745388e-08 2.44942572788139e-05 0.0 8.537526735748823e-07 3.236974168457871e-05 5.270763151838543e-05 6.071517827633127e-08 0.0 2.82488656666857e-07 4.5485499841297525e-06 7.525481077137412e-07 2.318826090180824e-05 9.129521323419531e-07 4.648893498244394e-06 1.5592666605879785e-07 6.271450583542186e-06 2.0920347687922405e-06 1.0871794844754949e-07 0.00042763764131005527 1.368491158114632e-05 0.0 1.1171598994912804e-06 1.1485549826746189e-07 6.069327311922542e-06 0.000388344991596403 0.00016602446709607332 7.064272743354e-05 3.312734179416184e-06 1.2756257659656616e-05 0.0006061011183754033 1.7842874584532233e-05 1.262671414619557e-06 2.627142812197367e-06 7.598078306375757e-07 5.097191732454922e-08 6.9976128602092e-08 2.99188420631723e-05 1.1083791845208428e-06 5.408757340522478e-05 2.6573590559980375e-05 7.991498120201469e-05 2.1269225498548185e-05 6.5731685382147915e-06 1.5653397378212563e-07 1.8526420692335262e-07 8.989975650551031e-08
