0.0 0.0 0.00015902814749354675 2.3087647570793652e-07 7.804118060485572e-07 7.90724151291523e-06 0.0007785299361339455 0.0003217808825870879 7.761606711138469e-07 8.752453669806276e-06 1.131379280673455e-05 3.819310837050366e-07 7.870845957599159e-07 0.0032007306502158136 0.0 1.0628830273707147e-06 0.0002259149740162025 4.142943675885229e-06 5.229170795816743e-05 4.4824065659467975e-07 2.5804632249835605e-05 2.6979725347674544e-07 0.00018136396632350126 1.377421538462943e-05 0.0 2.80215946689355e-05 8.549532324529314e-06 4.363086668713089e-05 0.001891669244004609 0.0024634270605202943 2.869497742385957e-07 5.937440486776616e-06 1.999987773930096e-05 0.00010681301746004751 1.2698315017722818e-07 2.4757911426803143e-05 6.032802366115802e-06 9.064529990424889e-05 1.7807180670539636e-05 8.665258835769462e-07 1.1785308081370129e-07 0.0 1.1309567180413242e-07 0.0 0.0 0.0 0.0 0.0 0.0 1.8215685796938155e-07 0.0 8.276325985918186e-08 1.3196464015486803e-07 0.0 0.0 0.0 0.0 0.0 3.927862262865918e-06 0.0 0.0 7.300013996504465e-08 0.0 1.9351944057636257e-06 3.0477605709766275e-06 9.619469974137951e-08 2.043035663965709e-06 0.0 2.9537430070878135e-07 6.424831558787073e-07 1.6013315306808932e-06 0.0 2.248930919737307e-06 0.0 0.0 0.0 0.0 0.0 9.573746673988734e-07 0.0 2.475700669024928e-07 2.6032917369091934e-07 3.0928716744253213e-07 0.0 0.0 0.0
0.0 0.0 7.501754459831719e-06 5.47590507758584e-07 1.5335805282287386e-06 5.819752117148985e-07 5.975905366349396e-06 4.420089589602001e-07 0.0003750860650469571 1.2569629750075408e-06 5.8470378190910176e-05 2.014664113312575e-06 0.0006702805866552835 3.4867226109947667e-07 1.1070890655747165e-05 0.00012516584213222528 6.68123635431292e-06 3.0275750254752214e-06 2.883006314382606e-05 2.99626507897129e-07 2.1133028298305253e-06 0.0016404037041846725 5.218438921317122e-06 0.0010528376962968045 0.0009895219501663303 0.00024275306963172797 0.002177030129329121 5.6277238376596745e-05 5.466319029857787e-07 9.403984271392069e-07 1.3611331373873813e-05 5.582446203200046e-07 2.2248452269988205e-07 2.155184341900559e-05 1.1996935875655396e-07 6.3940878924774395e-06 6.15683820269913e-05 7.282004635856838e-05 4.052478092464828e-06 1.2069010505404985e-05 1.911201818712467e-07 8.287403461794594e-05 0.0 0.0 2.473557560189541e-05 1.9698420824297528e-05 7.04515534061829e-08 0.0 9.008532921110994e-08 0.0 0.0 1.6292367762650783e-06 7.731879180518758e-08 1.3073216877571653e-06 6.336689804535776e-08 8.884986028177846e-06 0.0 6.316893697547012e-08 1.2764092752808359e-05 4.840481083486151e-06 3.1335646720037487e-06 1.1449975853035536e-05 0.0 2.904523057764184e-07 2.5166536144555932e-05 6.798991273813501e-06 4.443386023494941e-06 1.0469632134829742e-05 0.00014502109882543712 0.0009271795949057296 1.5826504121484567e-06 6.496627958759914e-08 1.2752634685513925e-07 6.120743458620993e-06 0.0 0.0 8.944140582819615e-08 0.0 2.71774545802921e-06 6.883286373256837e-06 4.950557304079249e-06 1.5340877693360828e-06 7.537644943600375e-08 0.0 1.0495609523489904e-06 1.269011979319402e-07
0.00015902814749354675 7.501754459831719e-06 0.0 1.0023462826746296e-06 1.8591458762656677e-06 0.00011286128431656288 0.0006081267299364528 0.0006888322986090389 4.844800486905947e-07 3.9736849699462694e-05 2.4784147920043173e-05 5.22011175724405e-07 3.843787997566556e-06 0.0008881989240801121 7.32698197716744e-07 1.1947519242947282e-05 0.003494658055564198 6.083209626902541e-05 0.0005475861599204007 2.4640861078152885e-07 0.000581420921906709 2.592441331784713e-06 0.0056756510944377305 2.267570703393079e-05 2.297419662227734e-07 0.0035343542999203116 0.004405766106825177 0.00018790496810110253 0.0001188441508812942 0.00067513771458171 9.505301868317403e-07 5.93549097433755e-06 6.459746938104291e-06 0.0007139982038976763 1.5335462687229206e-05 0.0009508546191308618 0.0015810544179155816 0.0018864516931748623 0.00045643821229307346 5.923797205150459e-05 2.9563980173254424e-06 7.8326768145985e-06 4.860192592669251e-06 0.0 8.090921349845715e-05 0.0002078383155486121 0.0 0.0 1.8106068906754836e-07 1.9948173949500247e-06 1.1148064738406092e-07 2.6234313408517187e-06 1.157107360842942e-06 0.0 0.0 4.4363347332601473e-07 6.990891790774552e-07 1.3366774971019027e-07 2.3086868282904823e-05 2.3080803871869352e-05 8.041296656841403e-07 1.7193688101389422e-05 0.0 4.5714446741335636e-06 5.9319328865328815e-05 5.7561147245846545e-05 1.4883835142152542e-05 5.962261940920998e-07 9.635870082998289e-05 0.001062556928859589 8.67898446898023e-06 1.0805517480693654e-06 1.027130703483224e-05 2.928851190056382e-07 0.0 6.916718595309241e-07 3.950911702632453e-06 2.0399614827243938e-06 1.2397635361343156e-05 6.385246910711378e-06 1.3544214424058471e-05 3.3921157886164166e-06 3.2881462478984333e-07 1.6056003127058402e-07 0.0 0.0
2.3087647570793652e-07 5.47590507758584e-07 1.0023462826746296e-06 0.0 3.5214068394846517e-06 6.473169911191178e-05 2.7569185265567596e-05 1.1783221495834077e-05 0.00027712160471468747 0.000980693327310934 7.880207909327545e-06 0.0017041529569290796 1.2902879716962213e-06 1.1304485189204493e-05 3.7972309540753294e-05 7.712352139045521e-08 2.6953504737817824e-07 9.301476923877128e-07 1.2391287614799824e-06 0.0006018251806895087 5.17020852180585e-07 9.221636817833396e-07 2.1317493603113522e-07 0.0006379736013538234 0.0 8.981180332087278e-07 2.337982115431085e-06 0.0006665853475141849 4.087428956863751e-05 5.101401104004938e-07 1.7242919760324036e-07 4.926363263618085e-06 9.84834446712603e-07 2.815265210735525e-05 3.7011954649590703e-06 7.961686236545742e-05 1.5563619296386056e-06 5.788143400196401e-05 2.1592701318170254e-05 0.00014833607855631453 4.420883032240946e-06 1.4862678525677164e-07 1.1317211847794068e-06 0.0 0.0 0.0 5.643994787556763e-05 4.436910733884616e-06 1.026595851844719e-05 2.1380980819040154e-05 5.522546131648495e-06 8.939161117096507e-06 6.823378596009634e-05 3.887235599707604e-07 0.00011495752745824496 0.0 2.4851142041701206e-06 1.9627306152164113e-05 3.2836094625905354e-07 0.0 1.3824869282792765e-07 5.710057764156164e-08 3.307064142581375e-05 3.4391670598638346e-07 1.5794346683743627e-07 0.0 0.00012215881198749377 0.0 0.0 6.831253767358237e-07 0.00016107804838167797 8.332553313182791e-07 3.837668911616647e-06 0.0 5.241586241807045e-07 0.0 1.4859167295857498e-06 0.0 1.484288588597586e-05 0.0 3.025971540308079e-06 5.3342448895581083e-08 0.0001739809532314638 0.0 1.1626281442948318e-06 2.1766710757087263e-07
7.804118060485572e-07 1.5335805282287386e-06 1.8591458762656677e-06 3.5214068394846517e-06 0.0 0.001203419987118854 1.3152161396291158e-05 8.821294444716372e-05 7.48273240472687e-05 2.470772432975132e-05 6.0428982188399194e-05 0.00021738866587370887 1.6025035334685915e-05 7.79694312036638e-06 0.0011721070053254228 0.0 1.201683394695032e-06 1.3247563164467755e-06 2.031195984608079e-06 1.902302334988376e-05 2.5075480551066346e-07 1.578780904308534e-06 1.0241116435946612e-06 3.389013689197336e-05 9.621805633170785e-07 1.5283718908380463e-06 1.9787879496415604e-06 1.2533807825402637e-05 2.4556972883933306e-05 7.221678853556519e-07 1.8448821796660147e-07 0.000371662569971098 0.0 0.00024481477350709826 7.193508595976398e-07 0.00013643297160306571 5.034983458971824e-06 0.00014439494237965096 4.2091933077923344e-05 0.001393484110711826 4.721416646673104e-05 7.098270065889752e-06 4.407250319327859e-06 0.0 0.0 0.0 4.314609143298446e-07 0.0 1.7130232917787576e-07 0.0 0.0 1.1251317101777715e-06 4.5945602378779097e-07 0.0 3.428410201353412e-07 0.0 0.0 0.0 1.5607308571469566e-07 0.0 0.0 0.0 9.541345774545752e-08 1.040660936506505e-07 1.4198854816729506e-07 0.0 1.3982521532557057e-06 0.0 0.0 8.016597594938139e-08 2.5413484609991187e-06 1.2647181546604403e-07 8.6064598534612e-08 7.286360800540586e-08 0.0 0.0 0.0 3.162305057865988e-07 1.8543014568797502e-06 0.0 6.786948848328864e-07 7.491926353350312e-08 4.768069630810106e-06 0.0 4.192955254035575e-07 0.0
7.90724151291523e-06 5.819752117148985e-07 0.00011286128431656288 6.473169911191178e-05 0.001203419987118854 0.0 0.0015962233617524352 0.0027853002919990956 2.0069107239224076e-05 0.002949181405874934 6.807955739114329e-05 0.002045810779998854 1.3294206618574773e-05 0.0003558623691733162 0.0006873395689552102 7.661590900276244e-07 3.0351336124342543e-05 6.747997290868026e-06 1.5805680838100784e-05 0.00031079393621845505 1.9651578296782743e-05 1.3725541818681439e-06 3.542359404088638e-05 0.00018127004646997777 2.5632777614834434e-06 2.4588824446292613e-05 1.8055964794117694e-05 0.0005126411318406157 0.0005592648265653257 2.3929511320080915e-05 1.0910136065557248e-06 0.0008080717634067585 2.956734730020209e-06 0.00025669227152108506 3.0266024112576974e-06 0.0001926395451329615 1.2331377772712798e-05 0.00022277704234574487 4.2057284920246244e-05 0.001573340862257007 6.440551568230566e-05 2.9983390179270616e-06 2.849586302994281e-06 9.698307673346743e-07 6.857108608450832e-08 3.530867393452892e-07 7.363249343058014e-06 7.651614381866162e-07 1.0810059978006913e-06 2.1611111567396005e-05 1.998191762115005e-06 6.3691544780175185e-06 1.2465440697993641e-05 5.4629503997508195e-08 9.385207937738745e-06 0.0 1.7886416095679366e-06 7.620695296865679e-07 1.4156987370723193e-06 0.0 0.0 2.010373956362317e-07 4.497174389608769e-06 2.2513993879052323e-07 1.8963314946175135e-06 7.805187157488325e-07 6.019212541343995e-05 0.0 0.0 5.42508086646276e-06 7.047978104937474e-05 9.878480806971285e-07 9.836687100949922e-06 0.0 0.0 0.0 1.082483307775804e-06 8.86908302863009e-07 3.2357388542798854e-06 5.042274934021371e-07 1.7991197422590348e-06 3.1635116939451184e-07 1.3321661622852442e-05 6.967210618247062e-07 8.122935092571875e-08 0.0
0.0007785299361339455 5.975905366349396e-06 0.0006081267299364528 2.7569185265567596e-05 1.3152161396291158e-05 0.0015962233617524352 0.0 0.0023171757364064864 5.303344033370513e-05 0.00605151702139999 5.211336911982126e-05 2.023657789508173e-05 1.0588566946700154e-05 0.003855214014172613 1.090254382837297e-05 1.6068180145427173e-05 9.953641326070015e-05 9.814074970309349e-06 3.6254627567468094e-05 3.4728307609333605e-05 0.00060666907171493 1.1162152472672282e-05 0.0004624480488852696 0.0002520145950314379 1.7625574013970524e-06 0.00011706346023787858 0.0002797632806165253 0.010025659619453176 0.0008607918408718092 0.0024250713822592455 1.2737983892824884e-06 2.810468843344152e-05 7.649463389461275e-05 0.00037048771877167544 4.1160302764397645e-05 0.0008101686661522804 9.29288953811313e-05 0.0009852580212314935 0.0004012903573929161 5.635017162597273e-05 3.6982912679866646e-05 4.887120353799765e-06 9.89223545616716e-06 1.2399419005163489e-06 3.889240052619255e-06 7.079194553429499e-06 2.5789702160126697e-05 5.195283548903859e-07 1.1326356071907709e-05 9.154614792027087e-05 1.4418014701784737e-05 6.111033073563686e-05 4.97019968947962e-05 1.8737245248238867e-06 1.0088350967102715e-05 1.534766385635748e-07 5.809532447689786e-06 2.5081509472510635e-06 3.067443962061775e-05 4.5019022916011884e-07 3.349543340854112e-07 4.956701076915471e-07 1.2324841905782492e-05 8.58875900022715e-06 2.202545011433965e-05 2.0170808407330235e-05 0.00035838824453331814 1.3266125929247083e-07 3.167477864949389e-06 5.669623902723951e-05 0.0004674175446437437 1.2453530956380819e-05 0.00011565011153505252 1.4438125710626757e-07 9.471544367602003e-07 1.6951584789382879e-06 8.008941318156953e-06 1.7430654937672956e-06 6.265982639390895e-05 4.2909001122185114e-07 2.8204718068358822e-05 1.306759474109838e-05 2.6175393792664197e-05 2.3132452641028984e-06 4.4403571374540044e-07 2.653396646220763e-07
0.0003217808825870879 4.420089589602001e-07 0.0006888322986090389 1.1783221495834077e-05 8.821294444716372e-05 0.0027853002919990956 0.0023171757364064864 0.0 2.7089557881091703e-05 0.0012424225236112114 8.071625388551324e-05 0.00015917025054737932 1.4640353408011006e-05 0.0034457595927833693 2.8651994989396936e-05 2.566695479762768e-06 0.00035518410534947706 1.307463781907284e-05 0.00010687124540215694 3.803403475835357e-05 6.746168483624278e-05 1.0675087896883851e-06 0.0003315008276273398 0.00018806050973482402 1.307998800897525e-06 0.00012564997696033943 4.3081796599626645e-05 0.0003730286047656724 0.0010635309744104556 0.00041335943476636275 1.2272987123629634e-06 0.0007972680030341135 4.953819821160371e-06 0.0003051103898954178 3.287938872040768e-06 0.00014081530709700375 3.159825072491471e-05 0.000248906124747224 5.150758660548162e-05 0.0002736529587016581 1.951589028092502e-05 4.0510226584681285e-06 2.5442698260549957e-06 1.0928786865366515e-07 1.1120867225317305e-06 1.4731040802628927e-06 4.822496248385739e-06 0.0 2.3026949547125242e-06 2.7589612794664394e-05 3.958701645349538e-06 1.7977271167717723e-05 8.459713159736275e-06 2.1147820037231765e-06 1.9945662470934082e-06 1.251041559516721e-07 1.916801397775106e-06 1.4474487134205546e-07 3.5921003113493196e-06 9.213278249993496e-08 5.559731812631979e-08 1.3562794460138205e-07 3.4123554979580993e-06 1.5082750167040206e-06 3.722060714045371e-06 2.056369443587886e-06 0.0001037628859759418 6.501329340011669e-08 1.2241681325845382e-06 1.069524381511536e-05 0.00011316404045474284 2.4408979514975917e-06 3.778292803318652e-05 5.439109291073319e-08 7.200053902747134e-08 6.977860902762788e-08 1.9927550754156767e-06 4.419274125679244e-07 4.100435909067801e-06 9.984399975370544e-08 4.555535651927524e-06 2.3488918452427876e-06 3.3168279153477035e-06 0.0 0.0 7.8696362149908e-08
7.761606711138469e-07 0.0003750860650469571 4.844800486905947e-07 0.00027712160471468747 7.48273240472687e-05 2.0069107239224076e-05 5.303344033370513e-05 2.7089557881091703e-05 0.0 0.00020685913462934957 1.2263117414709209e-05 8.09024425524432e-05 0.00010773063494674567 5.65368205502607e-06 0.00035231909338519327 3.551601048958922e-05 6.172081234141558e-07 1.8362632145292448e-07 1.8251139763244754e-06 0.0002751751721438146 2.2563949469529102e-05 0.0009345343624519476 5.131167741819222e-06 0.0034113705106901906 0.00013873674425786273 2.1015760021619015e-05 0.00021871611125196208 0.0007736029826748686 1.0718523924698254e-05 1.2054480190934208e-05 6.781869156953848e-06 2.231300294105967e-06 1.291447122972918e-06 1.120290153809277e-05 2.8344109377711092e-06 9.17025673489209e-05 1.7659246786606455e-05 2.9632487670689818e-05 1.2826106807479562e-05 0.00020865250118469667 5.447381783000904e-06 7.064350564685563e-06 8.810610281996237e-07 3.0271803309155452e-06 2.824434148792351e-06 6.923246515537355e-07 0.00011203847179619731 7.182747884367628e-06 1.6053019689039038e-05 5.0447373830383885e-05 8.51968710154659e-06 0.00010795316786616464 0.00010488151741400162 9.2552571803149e-07 0.00011787414118789695 3.687760257157549e-06 3.7229447170218876e-06 3.8899700448997396e-05 8.282804138545932e-05 6.35303145102128e-07 1.3308655817558944e-07 6.950269411620256e-08 7.188219089617226e-05 1.7104286248693068e-05 5.311507176972377e-05 3.3561897200564888e-06 0.0010551831805600724 1.9578565214616085e-06 3.63239935592666e-06 7.25097126465232e-06 0.0005713280089012221 1.413208800783205e-05 9.475317461802024e-05 1.939330884717111e-06 5.041475954745655e-07 1.8956907028164846e-06 6.012698397069858e-06 1.4846044665022842e-06 4.421053432884983e-05 2.8658084883993142e-06 2.0065371978541653e-05 8.748295334916509e-06 0.00012362621262539656 1.5336116336052819e-06 1.2419986032454283e-07 3.8198685091523805e-07
8.752453669806276e-06 1.2569629750075408e-06 3.9736849699462694e-05 0.000980693327310934 2.470772432975132e-05 0.002949181405874934 0.00605151702139999 0.0012424225236112114 0.00020685913462934957 0.0 0.0001087164465822906 0.0022849273001820892 1.951788610570226e-05 0.0004872497451480038 3.3265429130998634e-05 1.873357718879842e-06 1.36461934286147e-05 1.5940499784869685e-05 2.381121728247467e-05 0.0008558999635298842 3.030120244456188e-05 6.752735088659198e-07 1.5388063432229107e-05 0.00043215377312905726 2.1925390265920333e-06 2.226358646868855e-05 5.05114892466471e-05 0.0024428161995859866 0.0005675997221013369 1.1397682744618922e-05 2.4376346227104444e-06 5.780767020696691e-05 7.111405744147169e-06 0.00041984374239805106 2.0716446847278935e-05 0.0005262302372780427 2.1445504152654396e-05 0.0009306927797744706 0.0003051865584045862 0.000190849688740191 6.647667196452072e-05 7.266370350085327e-06 9.550539868474595e-06 0.0 9.095586137499191e-07 1.9371959024619773e-06 0.00010918276243891261 6.828728695221432e-06 2.5203683710429983e-05 7.849455883447965e-05 1.9475093004175097e-05 2.8095413950553073e-05 0.00015687637928810084 1.8123671904318154e-07 0.0001252148693214102 7.851540181175564e-08 6.624629028376108e-06 3.745396535722622e-05 4.296037359563296e-06 0.0 6.281942237395952e-08 5.087064371399939e-08 7.671900594948303e-05 1.0937753411039824e-06 1.7356121034079848e-06 2.333220206964665e-06 0.0003601531559222705 0.0 1.791053528882822e-06 6.530202555051127e-06 0.000474090203249548 6.142833051003032e-06 2.112155152168801e-05 0.0 1.6253050351246797e-06 2.513056883431522e-07 2.2854720660530934e-06 8.109200926426792e-07 3.1295359475260686e-05 1.4326134229584608e-06 7.191734141469945e-06 2.1088503166437747e-06 0.00022039159977906155 1.0027352401762935e-06 3.235844220736608e-06 1.142848812563907e-07
1.131379280673455e-05 5.8470378190910176e-05 2.4784147920043173e-05 7.880207909327545e-06 6.0428982188399194e-05 6.807955739114329e-05 5.211336911982126e-05 8.071625388551324e-05 1.2263117414709209e-05 0.0001087164465822906 0.0 0.00010316676502805369 0.0018645486364891317 4.5399824119962414e-05 5.076631894667453e-07 1.89486637025383e-06 0.00013444421571304321 0.0016788004918334588 0.0007474295813599468 2.8176600772091525e-05 9.337481046489208e-06 2.0237472991373915e-05 1.931825185416105e-05 3.767263271710371e-05 0.00030864654795366463 0.0011215618377820287 0.0008817988608337779 3.640728461343135e-05 0.0001395608221252046 1.3470601967140156e-05 0.00038793077443289545 0.00017458401013718377 1.9976732818855392e-05 0.0028396640959946332 4.422223153876856e-06 0.00020043117107781432 0.0019375488924680113 0.003574934110855734 0.00034788191545973176 9.990247166358066e-05 3.142761626444747e-05 0.00047904588117603014 4.4190670905376874e-07 0.0 4.699359292047618e-06 1.086651899222567e-06 3.0804430021362995e-07 0.0 0.0 1.6735391850184176e-06 5.312451083853502e-08 7.415745438107126e-07 3.0287324180555323e-07 2.136403422108197e-05 8.007936290814292e-07 0.0002424571688093885 0.0 0.0 1.9642040826152885e-06 4.1740364910276084e-07 6.634969561864461e-06 9.91235725769299e-07 8.32716082938808e-08 4.6332979057907607e-07 1.1523841186443671e-06 1.6253621476624589e-07 8.263602609226434e-06 0.0001306581242807509 7.565504789765137e-05 5.265791428194452e-05 4.794312472392938e-06 4.695546187755336e-07 7.770181192780882e-06 0.00010837127048434404 0.0 0.0 4.39735746175414e-07 2.1035869893070492e-06 1.0828544728818326e-05 0.00011237742255487329 1.6215650720588955e-06 2.2781288672918738e-07 1.2516763436910625e-07 0.0 3.3593717680095035e-05 0.0
3.819310837050366e-07 2.014664113312575e-06 5.22011175724405e-07 0.0017041529569290796 0.00021738866587370887 0.002045810779998854 2.023657789508173e-05 0.00015917025054737932 8.09024425524432e-05 0.0022849273001820892 0.00010316676502805369 0.0 1.71612224608752e-05 0.000117125943949664 0.0009496928357971703 0.0 4.0742780210383354e-07 8.23392234795632e-06 1.431525258880978e-05 0.002409670039992878 0.0 3.3320408194692427e-06 5.555204847964871e-07 0.00039980239872162564 4.196744538263409e-06 6.925528406561858e-06 6.672978017135454e-06 0.0008430014575605613 0.00039850423396468876 1.1060753579881223e-06 2.0650650999123774e-06 9.799024943519528e-05 6.832116079745989e-08 0.00033133537233231985 3.15426234889077e-06 0.00046961839882693495 3.6982399330921995e-06 0.00036404287483133885 5.5708303552860415e-05 0.0019206700597872866 2.9769919692057007e-05 1.71015176146436e-06 2.8275821952818965e-06 0.0 0.0 0.0 4.4968086749583794e-05 2.5474971241136107e-06 9.489569377140098e-06 6.510374375653333e-06 3.655752253493613e-06 5.141492552261249e-06 6.954704041720763e-05 6.607091728895461e-07 0.00013630858808673737 6.699498847989551e-08 1.2964430833641305e-06 1.3774600243516726e-05 1.9656708003278355e-07 0.0 5.876313696937626e-08 0.0 3.680457126610753e-05 6.467789346447649e-08 1.0012027041283286e-07 1.420804914114277e-07 3.444180470932467e-05 5.89696510157072e-08 7.754242182546713e-08 1.8989034703351556e-07 5.741271731433231e-05 2.1569303200560896e-06 0.0 0.0 4.809688138603982e-07 0.0 7.72725521197119e-07 0.0 2.392229759344113e-05 1.1458762756140349e-07 3.6544761063177062e-06 8.402182808807399e-07 0.00018590401269041643 1.1168864955810344e-06 1.704735177015466e-06 0.0
7.870845957599159e-07 0.0006702805866552835 3.843787997566556e-06 1.2902879716962213e-06 1.6025035334685915e-05 1.3294206618574773e-05 1.0588566946700154e-05 1.4640353408011006e-05 0.00010773063494674567 1.951788610570226e-05 0.0018645486364891317 1.71612224608752e-05 0.0 6.203475933777617e-06 4.093563715253623e-06 6.308253738285288e-06 2.6030092080968276e-06 6.223095394996486e-05 1.9383671195984128e-05 5.78049389013735e-06 4.023087394792631e-06 0.00018119421792533874 9.393031811771866e-06 0.00022617024540456002 0.002883738020109371 0.00020834023535677606 0.0037536668136218154 2.121496361801945e-05 1.661845595709391e-05 5.638952025799548e-06 0.00028097726233454505 2.809392388877652e-05 8.324448228106961e-07 0.0009391028042346751 7.983698670758569e-05 0.0014583479130150965 0.003836794264398842 0.002633794113566951 0.0003854448858060621 0.00018307548944225186 0.00020877234996502433 0.0009821335080036008 1.4468385194292777e-05 0.0 1.716048650405859e-05 6.078314056508647e-07 0.0 0.0 7.623583066311097e-08 3.733285631310597e-07 0.0 2.270022499520104e-06 4.882775551998253e-07 0.00010749551390490917 0.0 0.0009100388782835404 8.084161098309166e-08 0.0 1.3248267043864803e-06 0.0 1.933370283867432e-05 1.8648494964995748e-06 0.0 1.9787937818996624e-07 1.6816792035164868e-06 6.793913586650892e-07 2.1191760440129773e-06 0.0007028080134254006 0.00014812182790937964 0.00013112822764787266 2.9289939701481975e-06 1.0167707246250531e-07 5.586006135381181e-07 0.00028141296240864045 2.7738449015107076e-07 0.0 4.468937717440039e-06 2.74561161746305e-05 0.0004442901369961625 0.00046056986353478803 0.0001555519463012205 2.0042874378619028e-05 2.6122326817753312e-05 1.9241938149824902e-05 0.00015483131032559643 7.913923697372239e-07
0.0032007306502158136 3.4867226109947667e-07 0.0008881989240801121 1.1304485189204493e-05 7.79694312036638e-06 0.0003558623691733162 0.003855214014172613 0.0034457595927833693 5.65368205502607e-06 0.0004872497451480038 4.5399824119962414e-05 0.000117125943949664 6.203475933777617e-06 0.0 1.21723164363637e-06 3.675913517961718e-06 0.0006344607358012131 1.6293521267059032e-05 0.00015669017956793948 3.274779655310743e-05 7.385382573657823e-05 6.36064901142931e-07 0.0005819936564165355 7.944810749546891e-05 6.655197636753125e-07 0.0001221247200939594 3.795472103364566e-05 0.00023288175246863376 0.002264141969994939 0.0015885539454749667 9.319527562281364e-07 0.00013399953856865407 6.3928330550899415e-06 0.00023382612619847 8.451840929068325e-07 0.00010215813329977841 3.555963125067163e-05 0.0001739173544610746 3.3298628834348734e-05 6.213388066363099e-05 5.910506086692508e-06 1.382009685221121e-06 1.58373459084957e-06 0.0 8.651351555777792e-07 5.660273127987099e-07 2.259939336967889e-07 0.0 2.6044940138263404e-07 3.4960191602618112e-06 1.0039439606363261e-06 3.772920324570074e-06 4.267789288436506e-07 0.0 8.918961411834451e-07 0.0 4.212576944439693e-07 0.0 1.018986541777058e-05 1.4155031710362565e-07 7.736672755541197e-08 2.5824869599217183e-07 1.7803974972880225e-07 5.325250530427134e-06 8.49291519799384e-06 1.667694360504699e-06 1.6574900833967802e-05 8.364619058206145e-08 1.083982999792963e-06 4.3830916482051325e-06 1.9193661102269876e-05 1.4724874993477296e-06 8.342615777231381e-06 1.7535052257486912e-07 0.0 1.8048990941639744e-07 1.9891611217289474e-07 4.466422821691725e-07 6.773043677770749e-06 4.889781226358682e-08 2.4862186003638813e-06 7.059991522954905e-08 5.757275304864797e-07 3.539802673412664e-07 7.778278601723193e-07 0.0
0.0 1.1070890655747165e-05 7.32698197716744e-07 3.7972309540753294e-05 0.0011721070053254228 0.0006873395689552102 1.090254382837297e-05 2.8651994989396936e-05 0.00035231909338519327 3.3265429130998634e-05 5.076631894667453e-07 0.0009496928357971703 4.093563715253623e-06 1.21723164363637e-06 0.0 9.98234465554803e-08 0.0 0.0 1.837017800500165e-07 0.00011768610295359012 1.585512542706669e-07 1.9867702436380077e-05 4.020044183643521e-07 0.0006032781454664609 6.817254138269424e-06 1.699057133037127e-06 8.867559035537505e-06 8.616271209737421e-05 1.1879171977283233e-05 0.0 7.058115079089634e-08 0.0004265536868904486 2.0220929370383182e-07 3.324224694222337e-05 4.2808394469505555e-06 0.00017552580780020381 3.749805101541837e-07 2.1276963167203356e-06 3.105191768507241e-07 0.0009016500571630131 0.00010074726761570235 3.238678377500162e-07 0.0 0.0 6.918219549980219e-08 0.0 3.464861238279418e-06 1.3277879131849914e-07 1.0671972398803783e-06 2.5549015415427773e-06 0.0 9.56115831607625e-06 1.9079466771329996e-06 0.0 4.667196412869995e-06 0.0 0.0 2.669557222136432e-06 1.7110903441552276e-06 0.0 0.0 1.0887795711129482e-07 1.7889183462064488e-06 8.29085903112837e-08 7.446370154410453e-07 1.3005777234527327e-07 1.193598277587405e-05 0.0 0.0 1.009375581688797e-07 1.0252594570417768e-05 0.0 2.079484611500282e-07 6.251734246957176e-08 0.0 0.0 2.0880624401774146e-07 1.7320355512954717e-07 3.719354796812625e-06 1.51066277523835e-07 3.5211467127564554e-07 7.11212208974538e-08 2.8536602044238077e-05 0.0 0.0 0.0
1.0628830273707147e-06 0.00012516584213222528 1.1947519242947282e-05 7.712352139045521e-08 0.0 7.661590900276244e-07 1.6068180145427173e-05 2.566695479762768e-06 3.551601048958922e-05 1.873357718879842e-06 1.89486637025383e-06 0.0 6.308253738285288e-06 3.675913517961718e-06 9.98234465554803e-08 0.0 1.0425796948072523e-05 3.5485243043299393e-07 2.6761949381306827e-06 0.0 0.0011411726185239775 0.0011874396296871266 0.001154587960592171 0.0009930676378286732 9.741491325724428e-06 5.369483588420689e-06 0.0019059045549239112 0.0011558736423125575 2.7074627044813678e-05 3.6757943379720385e-05 2.974767495860314e-07 3.164961541199735e-07 1.1405389382247345e-05 5.81491489839719e-05 2.1400205459935014e-05 0.0014088412240639099 0.0005621681544110214 0.0005954720872832714 0.0006931393204755782 4.4585408896336225e-05 1.814709212839036e-06 2.352634471405807e-06 8.791648222989769e-06 7.461129825938466e-07 4.866773068357182e-06 3.91495381770163e-05 0.0 0.0 2.4499496962402855e-07 5.872067757923579e-06 1.2929745031844682e-06 2.4166567769711656e-06 2.033401089244772e-06 2.68978136876878e-07 0.0 2.3281114695413574e-07 3.889745625219771e-07 4.882405223650904e-08 0.001928020714288805 1.6237924535164835e-06 3.9023172479586636e-07 2.0174369010922527e-07 0.0 0.0001655871778782474 0.0007457003915898472 0.0008086410249922752 0.00010473196124037843 5.779930370745641e-07 3.6660336977897005e-06 0.000367940730963029 7.30662991368248e-05 4.707711837229236e-06 5.3055111847379245e-05 7.103383723654515e-08 4.022853638489169e-07 3.379402052186335e-06 8.821390654928717e-06 6.637670238081764e-06 0.00012106896365508359 1.5706838561244536e-05 4.8866765450129695e-05 3.2166994998156516e-05 1.3151402857011271e-06 6.449625169410601e-08 0.0 9.936603517908394e-08
0.0002259149740162025 6.68123635431292e-06 0.003494658055564198 2.6953504737817824e-07 1.201683394695032e-06 3.0351336124342543e-05 9.953641326070015e-05 0.00035518410534947706 6.172081234141558e-07 1.36461934286147e-05 0.00013444421571304321 4.0742780210383354e-07 2.6030092080968276e-06 0.0006344607358012131 0.0 1.0425796948072523e-05 0.0 9.228932413543648e-05 0.002786479779953941 2.43047200849755e-07 0.0008135798569422829 2.9203104994351355e-06 0.0033342451174455164 1.628831209354152e-05 9.733764044708222e-07 0.0013366823921051052 0.002951873431828818 3.530364539817031e-05 0.0007627522177641983 0.0008234739205708595 5.976804230560905e-07 5.703303563336867e-06 8.245798164766795e-05 0.0010291477771558913 2.416267238247904e-06 9.256838482358077e-05 0.00017584510969636594 0.000911261859238443 0.00018858075649714614 5.5307278778488605e-06 5.964307440102728e-07 3.4701519381470803e-06 2.2569101803582776e-06 0.0 2.7602245470723708e-05 3.162583963563376e-05 6.482782358405046e-08 0.0 0.0 4.074950634721844e-07 7.272370395839372e-08 2.99488598041461e-07 4.956247924490437e-07 1.096069593108502e-07 7.059294057037561e-08 2.189467921816761e-07 5.6551238052625665e-08 0.0 3.6511402400730485e-06 8.779454724984484e-06 7.076772993852939e-07 5.882238324178827e-06 0.0 5.585991855367787e-07 5.322022175146474e-06 1.7494021269528312e-06 3.8218146845777916e-06 1.0900277745573823e-06 5.789839780107516e-05 0.0002198692781508354 9.921519364391831e-07 2.3217153763842624e-07 1.1790915065997607e-06 2.3127892155909386e-07 0.0 0.0 1.3160146885002186e-06 1.9512603127062894e-07 4.090915273822155e-06 3.5137277597768134e-06 2.195780379190147e-06 1.0715349417594417e-06 4.844870333708301e-08 1.2038486205153743e-07 0.0 0.0
4.142943675885229e-06 3.0275750254752214e-06 6.083209626902541e-05 9.301476923877128e-07 1.3247563164467755e-06 6.747997290868026e-06 9.814074970309349e-06 1.307463781907284e-05 1.8362632145292448e-07 1.5940499784869685e-05 0.0016788004918334588 8.23392234795632e-06 6.223095394996486e-05 1.6293521267059032e-05 0.0 3.5485243043299393e-07 9.228932413543648e-05 0.0 0.0010130767612052353 2.2157828248566565e-06 2.8936844374086524e-06 2.1187592079167433e-07 2.8757006745618776e-05 2.3848930216626375e-06 4.436461512221165e-05 0.0013927685706917607 0.00024584033906649866 6.125052159546539e-06 2.2760957406143804e-05 5.225435639353362e-06 4.353686937580844e-05 3.6197832947881923e-06 4.751046336653673e-06 0.00041560954437594243 1.6096145597552038e-06 0.0001586128723631141 0.0012597786970604565 0.0012047220248108345 0.00025264165177945805 8.511916474426567e-06 1.4383523248465138e-06 3.838794584529311e-05 7.597517682705238e-07 0.0 5.389169313411183e-06 5.670799902913293e-07 0.0 0.0 0.0 0.0 0.0 7.204103914966883e-08 0.0 5.669948864220327e-06 5.542565733373201e-08 6.73730878101118e-05 0.0 0.0 2.178922808347049e-07 0.0 2.840200780224836e-05 2.82464805337193e-06 0.0 0.0 1.7443389603091088e-07 0.0 7.961340907741841e-07 6.57122027662676e-05 0.00021587474855314426 0.0001672216979538258 8.359855095422014e-07 3.3175114670204184e-07 2.5779214141657913e-07 8.914670214697957e-05 0.0 0.0 7.795520440210926e-08 2.6877920376397334e-07 6.043920047996236e-06 3.5009815250425656e-05 5.230645647124287e-07 1.479925572513727e-07 0.0 0.0 3.7240814361512287e-07 0.0
5.229170795816743e-05 2.883006314382606e-05 0.0005475861599204007 1.2391287614799824e-06 2.031195984608079e-06 1.5805680838100784e-05 3.6254627567468094e-05 0.00010687124540215694 1.8251139763244754e-06 2.381121728247467e-05 0.0007474295813599468 1.431525258880978e-05 1.9383671195984128e-05 0.00015669017956793948 1.837017800500165e-07 2.6761949381306827e-06 0.002786479779953941 0.0010130767612052353 0.0 4.47737470510086e-06 3.9933623534047303e-05 2.6632043648514684e-06 0.0003410477217883529 9.55946229642231e-06 1.6390411523705436e-05 0.0020691454258698247 0.0015735833235213496 1.878746049445393e-05 0.0002431878619779825 7.619565665132458e-05 3.130606444471191e-06 7.874803605690173e-06 5.069689958269965e-05 0.0031570560456564583 3.1905743636232213e-06 0.00028940793825950903 0.0007658476152723612 0.0020681932872774846 0.0003736997119227989 1.4810786710689571e-05 1.9583906941731607e-06 1.075226503095617e-05 1.1157952670627826e-06 1.0371391344663968e-07 6.109174887071331e-05 1.7809223323739748e-05 0.0 0.0 0.0 2.1539292775360056e-07 7.626171506633655e-08 3.1534132693154297e-07 5.334581096189242e-08 3.796080111261162e-07 2.666417513170497e-07 1.0523744496910616e-05 1.6167915341499882e-07 0.0 1.115795522599864e-06 1.474477521930056e-06 2.5279142407732606e-05 1.5890796720145548e-05 0.0 5.717595105962638e-08 2.4604908463799633e-06 1.1455147156959632e-07 2.4522105129713397e-06 3.0358796474329435e-05 0.0003460829752648411 0.00045260367235285475 1.4078842076795422e-06 0.0 1.0922180430117395e-06 2.5012631386180274e-05 0.0 0.0 0.0 3.9381728584314534e-07 5.8692183691457385e-06 1.2468410119052488e-05 2.3012696390177584e-06 5.868506187298802e-07 2.8324149025515644e-07 0.0 0.0 0.0
4.4824065659467975e-07 2.99626507897129e-07 2.4640861078152885e-07 0.0006018251806895087 1.902302334988376e-05 0.00031079393621845505 3.4728307609333605e-05 3.803403475835357e-05 0.0002751751721438146 0.0008558999635298842 2.8176600772091525e-05 0.002409670039992878 5.78049389013735e-06 3.274779655310743e-05 0.00011768610295359012 0.0 2.43047200849755e-07 2.2157828248566565e-06 4.47737470510086e-06 0.0 2.1368759853303847e-07 8.098730720395758e-08 2.0689320323393572e-07 0.0002018988070152642 5.495170318813521e-07 2.293749002321689e-06 1.7775163818277928e-06 0.0007977038374555766 0.00010087703391543742 1.1600124366624871e-07 4.821659399516608e-07 2.130496067670566e-05 2.903872089574663e-07 8.629230976768796e-05 3.083200126996022e-06 0.00019440220851711055 1.7982586374092581e-06 0.0001295866725138063 3.126939459789647e-05 0.0005569647045683948 9.357345842847663e-06 1.4540334781230352e-06 1.0304136189371632e-06 0.0 0.0 0.0 4.2256459445545726e-05 4.1492408962337965e-06 1.1820576923587302e-05 2.2888938433635943e-05 3.8679928707957746e-06 7.143086319630312e-06 4.796329443114225e-05 0.0 7.423771759138552e-05 0.0 6.639920126844674e-07 2.3368842940561238e-05 1.7757749316891403e-07 0.0 0.0 0.0 2.690467943795909e-05 3.9904782927543693e-07 0.0 0.0 9.197184223950769e-05 0.0 0.0 1.4666376943661828e-07 0.00011428928926103046 1.2163253187441795e-06 1.189023341094249e-06 0.0 5.363376617934775e-07 0.0 1.4094568379966916e-06 0.0 2.623474559688045e-05 0.0 2.939442786222324e-06 1.1640755965156237e-06 0.00021765933439339233 1.4268532764189033e-07 1.9765713107624695e-07 2.240121835011689e-06
2.5804632249835605e-05 2.1133028298305253e-06 0.000581420921906709 5.17020852180585e-07 2.5075480551066346e-07 1.9651578296782743e-05 0.00060666907171493 6.746168483624278e-05 2.2563949469529102e-05 3.030120244456188e-05 9.337481046489208e-06 0.0 4.023087394792631e-06 7.385382573657823e-05 1.585512542706669e-07 0.0011411726185239775 0.0008135798569422829 2.8936844374086524e-06 3.9933623534047303e-05 2.1368759853303847e-07 0.0 4.457927754961692e-05 0.008806503540338902 0.00010028693074056205 4.7342568489060145e-07 1.35863526141082e-05 0.0001842871249139867 0.0016832397018950156 0.00017657408116633454 0.0066078315772662415 0.0 7.010734696122998e-07 6.912205206174869e-05 0.0021862353048339566 6.387391171467845e-05 0.0033387512303518882 0.00045815108106508624 0.0036428445653904984 0.0020847079255530347 9.237303757736581e-05 4.913018956870246e-06 3.885045496600771e-06 2.5103954196299448e-05 3.0447080452503605e-07 4.6750142341816497e-07 6.627950885176046e-06 0.0 0.0 3.0060044990537247e-07 4.7289054815288175e-06 5.606655535801868e-07 3.3012485760614153e-06 6.832095686884755e-07 5.529219181907467e-08 0.0 0.0 1.013700261197751e-06 0.0 0.0002995512442597988 2.3610913358431662e-07 0.0 8.42375083998445e-08 0.0 9.978506382857403e-05 9.945145578909876e-05 3.3941894304476995e-05 7.818412017686235e-05 0.0 8.843846487064795e-07 8.077494902456622e-06 5.7102833643172386e-05 7.362083913585956e-06 7.269175685773432e-05 0.0 0.0 4.155875595888377e-06 9.57876179465055e-06 7.564882711295343e-06 0.00012798015331981757 6.785492081530913e-06 2.806805126530935e-05 1.5293904145470523e-05 9.187572021250822e-07 0.0 1.9343817176750515e-06 0.0
2.6979725347674544e-07 0.0016404037041846725 2.592441331784713e-06 9.221636817833396e-07 1.578780904308534e-06 1.3725541818681439e-06 1.1162152472672282e-05 1.0675087896883851e-06 0.0009345343624519476 6.752735088659198e-07 2.0237472991373915e-05 3.3320408194692427e-06 0.00018119421792533874 6.36064901142931e-07 1.9867702436380077e-05 0.0011874396296871266 2.9203104994351355e-06 2.1187592079167433e-07 2.6632043648514684e-06 8.098730720395758e-08 4.457927754961692e-05 0.0 0.00011507619070183964 0.003384103090517347 0.0003347354366870443 3.3117349741244756e-05 0.0011829178842396504 0.00016088473466448617 2.2233807540041683e-06 4.113737851775906e-06 9.712347166220316e-06 2.8169601200557874e-07 8.645837516500647e-07 6.786113377355756e-06 0.0 1.8599509533576298e-05 4.601454273097838e-05 2.331260459513893e-05 7.391678499786228e-06 2.477300231948392e-05 7.859313118150382e-07 1.5028544919735365e-05 1.840458782674994e-07 2.8933963719595147e-07 7.76865957969053e-06 4.862734719651528e-05 1.3261173520391457e-07 0.0 1.4773631368471384e-07 2.147720057143661e-06 3.444104487231725e-07 2.1677802742327776e-05 1.295811666266631e-06 8.28156379462045e-07 6.601052936705074e-08 5.393293797153417e-06 5.662717315121724e-07 0.0 0.0005525136204552373 6.505856104257537e-07 5.481305377808933e-07 3.2988755985935816e-07 7.762513066093841e-08 4.465549389933544e-05 0.0003349056786175012 0.00018639053661988723 4.346244596444528e-05 2.652912844377509e-06 9.610082393543417e-06 0.0006921588595810945 3.0491744546438293e-05 1.5445168188653539e-06 2.335508367666629e-05 1.8502207751996532e-06 4.6793449363488845e-08 7.767474694326538e-07 4.711897795176498e-06 1.5386439554200731e-06 3.9963172263867725e-05 5.8934807231867666e-06 1.656109423057582e-05 1.242638000615676e-05 5.883467632910802e-07 0.0 1.749927706603692e-07 0.0
0.00018136396632350126 5.218438921317122e-06 0.0056756510944377305 2.1317493603113522e-07 1.0241116435946612e-06 3.542359404088638e-05 0.0004624480488852696 0.0003315008276273398 5.131167741819222e-06 1.5388063432229107e-05 1.931825185416105e-05 5.555204847964871e-07 9.393031811771866e-06 0.0005819936564165355 4.020044183643521e-07 0.001154587960592171 0.0033342451174455164 2.8757006745618776e-05 0.0003410477217883529 2.0689320323393572e-07 0.008806503540338902 0.00011507619070183964 0.0 0.00018664398612405173 1.2470919082332078e-06 0.0007855813837294763 0.00469674622006983 0.0015769837001373774 0.00030159578406513323 0.004066655499407925 7.427728123030472e-07 3.680415760668796e-06 3.064609792771894e-05 0.0019363059295930826 8.765299863131128e-05 0.0046845725008451185 0.004438069589519941 0.006861188841728489 0.003825227466897834 0.00020068591772829015 5.650043302181532e-06 1.0664997699546092e-05 3.8417719738356304e-05 1.8323875687888295e-07 5.2917484264986515e-06 0.00013004269695517543 0.0 0.0 3.150398783540632e-07 1.7061141002035613e-06 4.229827902093872e-07 1.1020223945656021e-06 8.674754794149857e-07 7.798029213090341e-08 0.0 8.895155627400611e-08 4.373644372144083e-07 0.0 0.0009562478885367507 1.8335405671334394e-06 0.0 8.582141140967312e-07 0.0 5.477728737010021e-05 0.00037189316992060974 0.0005992598746650702 3.694224889869457e-05 2.1803581250617224e-07 5.487118871472212e-06 0.000615463438466659 2.5140027018302292e-05 1.0590102426435092e-06 2.297174410262963e-05 1.5758943273694974e-07 0.0 1.0203659209234752e-06 3.5919906608885787e-06 1.4382616923572944e-05 9.260433914652514e-05 8.096982200397848e-06 2.243231097485909e-05 2.2933109125549948e-05 7.874946275550303e-07 9.221838241180211e-08 3.397887098619077e-07 1.0736061599968726e-06
