0.0 2.679307966208688e-07 8.24620648512206e-06 2.802118946734111e-06 0.0 2.3791021997375466e-06 0.0005389996346201674 0.00010375036352226841 1.2785426960952044e-05 1.4281511979516743e-05 1.8139041854215973e-06 1.450350321507375e-07 1.550166489765726e-07 0.0019074687729672749 0.0 7.096313154510542e-07 8.534020980513794e-05 1.7319367582226125e-07 5.951249363894279e-06 1.427576725486363e-06 3.718031999418797e-05 4.701438135753767e-06 7.022544933084417e-05 5.244732765313152e-05 1.4319997047493204e-07 1.3449570393001817e-05 1.0179861220544334e-05 5.09266745235462e-05 0.002338112957977159 0.00166091932090003 0.0 1.8472323920048722e-06 2.810854846364913e-05 8.852984249925232e-05 4.890391308578723e-07 9.809974768717065e-06 9.85318107362848e-07 7.15056760957933e-05 2.9278602545621684e-05 1.6697683943705804e-07 2.738480197080024e-07 0.0 0.0 2.2090606685246585e-07 0.0 0.0 8.986839174678461e-07 0.0 0.0 1.44675838588316e-06 3.305100846266349e-07 1.6647696777235696e-06 3.882333356296974e-07 0.0 1.689203985460314e-07 1.3509550452415376e-07 3.307192348038506e-07 0.0 1.5004434959429092e-06 0.0 0.0 0.0 0.0 2.0386859373809287e-06 1.1747207300384235e-06 3.858614584883182e-07 3.952258433124324e-06 0.0 0.0 1.573799139052454e-07 5.055038160716877e-06 1.2992266966932266e-06 8.492772878961698e-07 0.0 0.0 5.54888054388719e-08 8.169337742025221e-07 0.0 1.3045578332876934e-05 0.0 3.83883333904805e-06 1.6520790241015584e-06 2.5125530906055987e-06 9.036021089292669e-07 0.0 1.1980436137832834e-07
2.679307966208688e-07 0.0 2.9291007496064643e-05 3.378809874180266e-07 2.004603499324555e-07 2.985117322703649e-07 2.6758636193893793e-06 1.198518775674039e-06 0.00025714769833396227 4.21656465941681e-07 1.736877594121783e-05 1.8866613395550725e-06 0.0005843679762278926 1.8849393854378713e-06 5.313867388538058e-06 0.00015955324181048594 0.00010781948725963518 8.531320275834054e-06 4.345904786160152e-05 3.8397211445447284e-07 4.372328285273416e-05 0.002297405936079736 3.0322389787395708e-05 0.0004898395435822214 0.0015717345959581572 0.00048512390718713353 0.00428996673214126 3.2758459675956743e-05 3.6696383414953686e-06 1.6369505441232273e-05 2.077729957399327e-05 1.907681268779802e-07 1.4212681800004583e-07 4.101395505048878e-05 1.5639878302280658e-06 5.6317304278405636e-05 0.00011893312452793304 0.00014761222929239346 3.2015938150726284e-05 1.3448400856509843e-05 5.274860319796412e-07 8.338439661394541e-05 1.8911044040131734e-07 5.074203588488219e-08 2.659966577674527e-05 6.532679542153631e-05 0.0 0.0 0.0 1.2466042828454825e-07 1.429719412110658e-07 2.435481148131292e-06 2.8642793562507964e-07 1.4430149141898812e-06 6.530147985717296e-08 3.757773044985139e-05 1.8939818698731862e-07 0.0 5.065264181473735e-07 3.2614030327069716e-05 2.8971273671847316e-06 2.796248369145336e-05 0.0 2.027054770326836e-06 1.3883096386926355e-05 1.7228569656619177e-05 8.380290353688362e-07 8.5301936219813e-05 0.00028878759342215797 0.0011444309294420445 1.4513500708174803e-07 6.523189437464504e-08 5.261841823956904e-07 1.8642702344276723e-06 0.0 1.2827108350999352e-07 8.705840895274398e-06 3.0043283383856543e-07 3.385056319532175e-05 2.52256676350256e-05 3.450590506061562e-05 2.3381635312998968e-05 8.7650998662788e-07 2.3317803137433335e-07 1.6151470101980802e-06 0.0
8.24620648512206e-06 2.9291007496064643e-05 0.0 5.370551920965303e-08 0.0 3.4574434630045836e-06 0.00014318996162347868 3.419254194631076e-05 3.861845560145552e-06 9.842108100562185e-06 6.446587658009804e-06 4.990967499624504e-07 7.5778237113031885e-06 2.439298169267385e-05 6.87014498582304e-08 2.120063580517451e-05 0.0036813724331683085 3.936067772271253e-06 6.493972420632654e-05 1.6557378638596694e-07 0.00047188579127650966 5.747796492329116e-05 0.012450008961556252 1.107538119148169e-05 1.443292957084829e-06 0.0030667450588354357 0.0023219496045143264 0.00014934559981707036 1.589843299588614e-05 0.00022253446912457798 2.809108649467013e-06 9.909306833933275e-07 7.968510311477904e-07 0.0003118342292705093 1.2270227331908741e-05 0.0006367278427343042 0.00029862667930390536 0.0006373574631797271 0.0005247590863662414 1.7991179526829767e-05 2.4684948743849553e-06 2.677501474850788e-06 3.0881480890652533e-06 2.1866656261009396e-07 9.773640152311306e-06 0.00017390629191234072 0.0 0.0 0.0 4.914138039780295e-07 0.0 1.9572435561218772e-07 1.5303629857465965e-07 0.0 0.0 1.1158341724426233e-06 0.0 0.0 8.579591957314325e-06 1.116331421070549e-05 1.3949640701777976e-06 8.324462532084725e-07 0.0 1.311557850241774e-06 0.00010738492112671782 0.00013202941636874027 2.4282940971422903e-06 7.571761570791937e-07 1.6534651836594844e-05 0.0010292603409014687 1.1502709223123754e-06 0.0 1.6722982667405524e-06 0.0 0.0 2.650677592074909e-07 7.4037953635488676e-06 2.1644417364530053e-06 5.504069547510775e-05 2.1731855136667958e-05 3.819657421123175e-05 3.0373062472042278e-05 5.09384112799165e-07 5.6691061361645505e-08 0.0 1.1177632383140097e-07
2.802118946734111e-06 3.378809874180266e-07 5.370551920965303e-08 0.0 4.845674302941305e-06 7.298694789668626e-05 3.5560883658493226e-05 5.518920277399422e-05 0.0001638866242126025 0.0026331400976411954 6.187351443331207e-06 0.0026894068425892177 1.9799068206273855e-06 5.9957925488638615e-05 5.4712088131290284e-05 2.3747402535514436e-07 3.3763035109580577e-07 5.496585324347421e-07 1.060191239296605e-06 0.002107790236356986 1.8562857962075713e-07 4.14802081604146e-07 2.1235372846155375e-07 0.001383521985484704 2.603634476627875e-07 7.914511962084471e-07 1.5500255594771255e-06 0.0025441655295759245 7.473904400578855e-05 1.1185934695738914e-06 3.7723192167800935e-07 1.0171173905156532e-05 7.539963517172047e-07 3.7199933536119536e-05 7.79786340351235e-06 0.00017342960742424348 3.1056623941817694e-06 7.746801808684002e-05 1.675513475373931e-05 0.00014095448532495106 1.3632905741729178e-05 4.5975807116024844e-07 2.2897040328109693e-06 1.374609678596696e-06 0.0 0.0 3.85590568564318e-05 2.661066372687298e-07 1.9261684698487483e-06 1.0925997971254322e-05 8.454223528392945e-06 3.756474820704154e-05 5.459073118432739e-05 0.0 6.40918272846804e-05 0.0 2.4588222381336843e-06 6.049360545788993e-06 0.0 0.0 0.0 0.0 2.133386278848003e-05 0.0 0.0 1.806180959400664e-07 8.737961372594623e-05 0.0 0.0 0.0 1.5675683078216022e-05 4.264898006931695e-06 0.0 0.0 0.0 4.8361765823249587e-08 1.310042364953156e-06 8.498335331714874e-07 1.6753397523909176e-05 0.0 6.083360749175426e-06 1.9049889605090593e-06 2.677301816548052e-05 1.4578189340384141e-06 0.0 6.146475803531735e-07
0.0 2.004603499324555e-07 0.0 4.845674302941305e-06 0.0 0.00016104088813149772 7.4606778323347e-07 6.685830610922403e-06 4.3677287227561074e-05 3.3640940846567e-06 5.1425288122395115e-06 0.0001480023128781933 5.50302888420961e-07 4.3394007289924435e-07 0.0007095837844049147 0.0 2.3028529478530837e-07 6.459840682144063e-07 6.306001743287266e-07 6.5395193888966964e-06 0.0 5.769895688799432e-07 1.3094553938147977e-07 1.543218160541251e-05 1.2051778950337802e-07 1.4429957261002283e-07 6.865387834764962e-08 2.8279080083591347e-07 5.924301285335936e-05 1.1876447158145328e-07 0.0 4.4245494352983815e-05 0.0 8.542907947226845e-05 0.0 1.1013977669867137e-05 0.0 2.6855566134561844e-05 5.3086232337967513e-08 0.0010065088784963732 1.869193096818345e-05 0.0 0.0 0.0 0.0 0.0 3.2898382908821466e-07 0.0 0.0 0.0 0.0 1.589459560721587e-07 1.4765603797872196e-07 0.0 3.8075944512802376e-07 0.0 0.0 8.560554382027104e-08 6.228463370748976e-08 0.0 0.0 0.0 1.4980283135259473e-07 0.0 0.0 0.0 5.370932393371561e-07 0.0 0.0 2.3223553234626488e-07 2.0741402391208482e-07 0.0 0.0 0.0 0.0 0.0 0.0 0.0 1.840212058103397e-07 0.0 0.0 0.0 2.5074577905847225e-07 0.0 0.0 0.0
2.3791021997375466e-06 2.985117322703649e-07 3.4574434630045836e-06 7.298694789668626e-05 0.00016104088813149772 0.0 0.001270269478797934 0.0019153130992832581 2.075058101140195e-05 0.004908411203124081 4.916509816246503e-05 0.0016161199819634004 1.3531707091547016e-05 0.00029984187585127 0.0007643245813422783 2.6641380120467586e-07 1.347375852751616e-05 7.395752949886459e-06 5.994041779219922e-06 0.00015490518804512807 2.7738556307875513e-06 1.2686609919013876e-06 1.0357827300709969e-05 9.835652015861368e-05 2.4923929871540903e-06 6.917097967087901e-06 7.621693430708567e-06 0.0001230827693840114 0.0003175111874022201 2.3519409626848188e-05 1.8402670855573861e-06 0.0002898501924701628 5.483264404279308e-07 0.00021398329916621968 8.937108047099202e-06 0.00016296927231734156 7.492441972875099e-06 0.00020080279365072818 2.747886009737287e-05 0.0009904426850394041 3.264510629549658e-05 2.8951190071558452e-06 4.066334362282025e-06 1.2461813972852122e-07 0.0 0.0 1.8778822153881823e-06 0.0 0.0 3.3376041842870065e-06 0.0 4.077925473575978e-06 2.9214483954176533e-06 1.7236845340136685e-07 8.484715132271289e-06 7.901559627774871e-08 3.7810508441951943e-07 2.2520480697286093e-06 7.917876630984491e-07 0.0 0.0 0.0 2.9894509801632927e-06 3.915098838509725e-07 0.0 0.0 6.544144785061773e-06 0.0 0.0 5.263864298445505e-07 3.543505932554561e-06 7.451535629640224e-08 7.692303293076229e-08 0.0 0.0 0.0 2.3145041552470459e-07 1.1617705487819995e-07 5.713466886260026e-06 0.0 0.0 1.0142324801752467e-07 2.5008404564051503e-06 0.0 0.0 0.0
0.0005389996346201674 2.6758636193893793e-06 0.00014318996162347868 3.5560883658493226e-05 7.4606778323347e-07 0.001270269478797934 0.0 0.0033298797536427884 9.394194704821554e-05 0.00471833808676304 2.431979713505718e-05 1.5562613950614368e-05 8.153543178165693e-06 0.003614895526055701 4.049563114691334e-06 5.995211916274184e-06 0.00024213925010583954 4.302296363680568e-06 1.1705431345450417e-05 3.409417856812705e-05 0.00021639982837525867 3.092174537733676e-05 0.0004714569101309876 0.0017044765875513302 1.718161247391027e-06 3.927529184513938e-05 0.000242392932646939 0.010321615762816544 0.00045253748016553335 0.002885387774513257 6.896030815226949e-07 2.8066211187318093e-05 6.8896238423169995e-06 0.0002222735124883374 2.5892803676425067e-05 0.00048613934909509155 6.404393515358129e-05 0.0005013923792025873 0.00039404548828395086 3.9373394472136465e-05 3.538464757399872e-05 1.4552124588274124e-06 8.549040062963117e-06 1.4016694054220453e-06 0.0 1.3445728772983985e-06 1.6747493677661685e-05 5.91470182199237e-07 6.5386163625102e-07 1.1571820151799093e-05 7.387499123347431e-06 2.2132868407851624e-05 2.633180658409428e-05 0.0 1.3598893786260822e-05 1.0717688690886072e-06 4.807918810988721e-06 3.7826115585522795e-07 2.002798732901156e-05 0.0 0.0 0.0 1.155306105300781e-05 4.364826243601458e-06 2.882338981891326e-06 1.1214346355554165e-05 7.338491319465164e-05 1.2885480014899017e-07 4.0576457112038277e-07 9.695235843714622e-06 2.986818215275898e-05 7.253052928825368e-06 1.5161236439649894e-06 0.0 0.0 1.4687183670315372e-06 3.4689018475412528e-06 3.7156472288779554e-06 7.51088814283088e-05 2.985591393116058e-07 1.4017069064251063e-05 7.6229596153653595e-06 1.1354604602496381e-05 5.8654455024455875e-06 5.542950975631727e-07 4.428590558120666e-07
0.00010375036352226841 1.198518775674039e-06 3.419254194631076e-05 5.518920277399422e-05 6.685830610922403e-06 0.0019153130992832581 0.0033298797536427884 0.0 5.275078421591245e-05 0.002096471297274733 3.493749241705158e-05 0.0003271041496166712 8.641162163620926e-06 0.002798128033789719 1.7254692650811193e-05 8.303461442075291e-07 0.0002143638016579077 4.010191203114637e-06 1.427828830071236e-05 9.495028882473875e-05 4.169259802976762e-05 6.600910814538888e-06 0.00015981267660943263 0.0002052075898438377 2.552484850831332e-06 3.800398438954977e-05 3.370017408310364e-05 0.00026464728441886884 0.0004338844105786519 0.0007557002256949534 9.101272530599161e-07 6.861603701765334e-05 2.0604285099976606e-06 0.00014459368356389913 5.853906802047943e-06 0.0002179300561248446 1.9139685887498074e-05 0.00028315958640723034 0.00016048347061840433 0.00031990171480854296 3.0277515648747756e-05 2.550447982783532e-06 4.111194595794881e-06 1.3282260253955529e-06 0.0 0.0 1.5769025209945117e-06 0.0 0.0 3.3826492763539696e-06 9.518624220894068e-07 6.2467375291996625e-06 3.847791356017537e-06 0.0 1.0252816201390167e-06 2.919443568987615e-07 9.628272017416161e-07 6.241125017960135e-07 6.01356930617869e-06 0.0 0.0 0.0 1.521069899876497e-06 3.1763082105439145e-06 8.619685694920241e-07 1.2951093812064786e-06 2.8277472699813097e-05 0.0 0.0 1.5542256030418336e-06 1.4648971950381792e-05 5.991540058518625e-06 1.7032023647072375e-06 0.0 0.0 4.161283374413513e-07 3.0991797255041243e-06 6.526210290685376e-07 3.410489002512449e-05 1.3102256087173805e-07 7.212749692167881e-06 6.2775712193371205e-06 4.995461419996063e-06 2.185157342575841e-06 6.617395481780715e-08 3.527613808472971e-07
1.2785426960952044e-05 0.00025714769833396227 3.861845560145552e-06 0.0001638866242126025 4.3677287227561074e-05 2.075058101140195e-05 9.394194704821554e-05 5.275078421591245e-05 0.0 0.0002041042492658283 2.4707947986820963e-06 0.00014035344380964611 1.623795049310734e-05 5.600369317673171e-05 0.0004711349873444544 6.628035480338717e-05 4.131098416143499e-06 8.319919091490102e-07 1.809953178340986e-06 0.00018369334898995932 3.0281551930689144e-05 0.001740613351046752 9.531393585555007e-06 0.00497247126991645 4.9563491780954826e-05 1.2319789080987526e-05 0.00011481177998592683 0.0004315877335691415 0.00012488688335753938 0.00026496673063854185 8.956001422646704e-07 3.050215613151197e-06 1.540956480349552e-05 4.7207386038177747e-05 3.140031547651222e-05 0.0006308391783874311 3.916592136884393e-05 0.00015102782301852158 0.00010122744116807874 0.0005217447233397643 2.8346240884351958e-05 1.2892652124097684e-06 1.4616050875189592e-05 1.18969046371151e-05 1.218178349085095e-07 0.0 9.270974138573954e-05 1.049426735953137e-06 6.348202652107905e-06 8.313828353249391e-05 2.9533805254402004e-05 8.559308485909362e-05 0.00013586135883119298 2.0884962694071424e-06 0.00024577434068315273 8.672084131430585e-07 1.9218396560111644e-05 2.745855106444213e-05 3.244239071207216e-05 0.0 1.835531609564735e-07 1.0816428806028451e-07 6.678367154255973e-05 1.1785768876507257e-05 1.896060569451604e-05 4.1999264924416796e-07 0.0006547397332122762 7.003723494931004e-08 3.273572671881444e-07 1.5676589902349097e-06 0.00014700880771136756 6.296940135553251e-05 1.9867237388492955e-05 0.0 1.2531369651542096e-06 1.1490703075942567e-05 2.3010421748100356e-05 6.633049140271236e-06 0.0003489712295656519 3.387838333866416e-06 8.65387189493878e-05 5.202196800051699e-05 0.00010649354463186005 3.0498817697963626e-05 8.044776040199875e-08 8.046370311286212e-06
1.4281511979516743e-05 4.21656465941681e-07 9.842108100562185e-06 0.0026331400976411954 3.3640940846567e-06 0.004908411203124081 0.00471833808676304 0.002096471297274733 0.0002041042492658283 0.0 6.675247988490402e-05 0.0016328975106381814 1.4295938963371437e-05 0.0007232824593125127 3.607029143992557e-05 8.858952500871046e-07 2.513838233094969e-05 9.717286302935617e-06 1.122224293973521e-05 0.0019377477865255195 1.2127664141862556e-05 4.156290713228562e-06 2.7580134585364426e-05 0.00152430911966292 2.783019929688645e-06 1.425105735382832e-05 2.750922577754389e-05 0.0044612793655046555 0.0005596276632591452 4.9799027288435457e-05 2.5319683323524622e-06 8.639833208492978e-05 1.4883895479908525e-06 0.00033833284786087466 3.324100100197378e-05 0.0008538126999947246 2.6610160799567303e-05 0.0005663209742122529 0.000109331725963355 0.00021168864496262852 8.872294449590244e-05 7.107007230089099e-06 2.086575389623354e-05 1.0017149380093392e-06 0.0 0.0 5.2819390383199776e-05 4.4365925397370205e-07 1.6503469825315111e-06 3.4462319374776296e-05 1.2427350299849818e-05 5.990861255176756e-05 0.00010315385073004405 2.811404407207544e-07 7.6354840368352e-05 1.981916902600421e-06 4.169110226086411e-06 8.816403260940298e-06 2.1401076154638452e-06 0.0 0.0 0.0 3.6778699960722046e-05 1.195145893274868e-06 4.3331158072844486e-07 2.5889536193953167e-06 0.00019293914222967188 0.0 0.0 1.7321747603091785e-06 4.274781981799187e-05 9.341678112291463e-06 7.899617494066842e-07 0.0 0.0 1.040937307084729e-06 2.806498496123501e-06 1.17238575882013e-06 6.361280120173599e-05 1.4335094236432037e-06 1.490882922122346e-05 6.529882776414779e-06 3.245778304871728e-05 7.042154577092622e-06 0.0 3.67721018594874e-06
1.8139041854215973e-06 1.736877594121783e-05 6.446587658009804e-06 6.187351443331207e-06 5.1425288122395115e-06 4.916509816246503e-05 2.431979713505718e-05 3.493749241705158e-05 2.4707947986820963e-06 6.675247988490402e-05 0.0 5.19699205141664e-05 0.001525023862520985 0.00011028481961787455 0.0 1.0164231719111095e-06 0.0003105058045063441 0.0025014831145494546 0.0006142585289470472 1.449097398063295e-05 1.0546405386253566e-05 1.3117503142568704e-06 2.0705054492657557e-05 9.878632918283629e-06 0.0004053729218313225 0.0015191274537863695 0.00045450464040299533 1.1074274579463978e-05 0.00021389938596954347 8.822194874307034e-06 0.0006698340525747912 0.0001114053728991185 9.987930953310748e-07 0.0028883046304138535 7.682337238538693e-06 0.0003042711969946582 0.0011280731626062163 0.00355587935865577 0.0005328569229516587 3.208279093530073e-05 9.595229832484384e-05 0.000793076942275801 2.8551673511239057e-06 0.0 1.3410002095065466e-06 1.25185987568179e-07 0.0 0.0 0.0 0.0 0.0 1.98391674511107e-07 4.801995567326964e-07 1.0090684758287912e-05 0.0 0.000190209406209516 0.0 0.0 0.0 2.0187233915101346e-07 2.10819547494519e-06 2.3779477894409206e-06 0.0 2.851021781798134e-07 3.582780263973514e-07 0.0 6.653638244552106e-07 5.217394627281212e-05 3.2228002370786324e-05 6.873190750666598e-05 7.435491196982065e-07 1.2697706864732436e-07 0.0 2.3210632214282417e-05 0.0 0.0 0.0 2.310196174940101e-06 2.2447801197600635e-06 2.931182186353411e-05 5.998679767257338e-07 4.2524505237206586e-07 4.0514822974505694e-07 0.0 1.0028478656198256e-05 0.0
1.450350321507375e-07 1.8866613395550725e-06 4.990967499624504e-07 0.0026894068425892177 0.0001480023128781933 0.0016161199819634004 1.5562613950614368e-05 0.0003271041496166712 0.00014035344380964611 0.0016328975106381814 5.19699205141664e-05 0.0 9.420809101254853e-06 0.00025612046232216545 0.0011712242684124726 0.0 1.7596149894443032e-06 6.057101963115702e-06 8.005891563415435e-06 0.0032373951511791 6.179954584287631e-07 8.648138492006142e-06 7.175513938281074e-07 0.0007192987968644032 2.633174969265444e-06 6.66528886384358e-06 6.579118950959386e-06 8.639143901540996e-05 0.0001889134126535981 1.641455613024071e-06 1.2105739995094597e-06 8.998948967696484e-05 0.0 0.0001745557125424924 8.681520794050482e-06 0.00036004881221911924 4.759567820399192e-06 0.00023973306774271522 8.874245363469063e-06 0.0010218275825619252 3.628842317316197e-05 5.673451745062893e-06 2.339720300386392e-06 5.448630002134374e-07 0.0 0.0 1.284445557520223e-05 0.0 4.3836839492378824e-07 5.632077867825887e-06 1.9483159809320263e-06 1.1951780355678005e-05 1.4544327266323611e-05 2.931366748862707e-07 9.610945011977469e-05 0.0 1.864229715163029e-07 2.106366301770144e-06 3.642695746743531e-07 0.0 0.0 0.0 1.869903926327825e-05 0.0 8.581599480044754e-08 0.0 2.7197239505858045e-05 0.0 5.58370169349168e-08 1.4526888014049192e-07 7.898455662714245e-06 1.661419601739529e-06 1.4538280256991632e-07 0.0 0.0 7.067481778907744e-08 0.0 2.823799016017768e-07 1.3531967992251223e-05 0.0 1.3530964161111137e-06 1.7997693215421694e-06 2.633803002417267e-05 2.2520212313226923e-06 0.0 7.616110628612527e-07
1.550166489765726e-07 0.0005843679762278926 7.5778237113031885e-06 1.9799068206273855e-06 5.50302888420961e-07 1.3531707091547016e-05 8.153543178165693e-06 8.641162163620926e-06 1.623795049310734e-05 1.4295938963371437e-05 0.001525023862520985 9.420809101254853e-06 0.0 1.6739941833676828e-05 6.847880821122509e-08 7.934341447275385e-06 1.4016009308551494e-05 0.00012071158164826567 3.825214079073271e-05 3.713518387581726e-06 1.2729609775032381e-05 8.301963276903338e-05 2.8873055806666095e-05 3.052570473696602e-05 0.0029554715482228155 0.000768515024667148 0.002878750775350229 1.1967729201746173e-05 1.5150972007826296e-05 3.8212392363981745e-06 0.0012255619419170867 2.2096939228304353e-05 0.0 0.0003463642346066163 0.00011457198051860732 0.00210550744310156 0.0025824991399750674 0.004039327245415709 0.0008898606783577647 0.000107979088611075 0.00021406320507241365 0.0011646658864735706 3.667508189926732e-05 9.301543581305334e-08 5.563113496284139e-06 3.315449805362809e-07 0.0 0.0 0.0 6.807128757604322e-07 0.0 1.009937034425569e-06 4.701301257391631e-07 4.006078254538059e-05 0.0 0.0008648689092793397 0.0 1.7275554445257582e-07 6.412845811036727e-07 7.035065021534738e-07 9.107521418569963e-06 5.2143761817917965e-06 0.0 9.916776532958739e-08 7.826025937132961e-07 3.028921189582125e-07 2.2654378027717453e-06 0.00029409195271355953 0.00012914627065975292 0.00031407132665859353 1.3610378331390367e-06 1.2255984082734336e-07 3.4508893099711227e-07 8.469845093432941e-05 0.0 0.0 6.899511385172388e-07 2.5536572142023853e-05 1.9768653005879765e-05 0.00018964366063191232 9.745341557691344e-06 4.810080800332814e-06 1.5838898812852998e-07 8.405820630282961e-08 7.739090614841256e-05 1.0339719906694038e-07
0.0019074687729672749 1.8849393854378713e-06 2.439298169267385e-05 5.9957925488638615e-05 4.3394007289924435e-07 0.00029984187585127 0.003614895526055701 0.002798128033789719 5.600369317673171e-05 0.0007232824593125127 0.00011028481961787455 0.00025612046232216545 1.6739941833676828e-05 0.0 2.956533388730749e-06 1.5271219629027362e-06 0.0001970860024902441 1.420584456533367e-05 2.5304030876126512e-05 9.05637975807339e-05 5.2030569480353094e-05 9.601580402876976e-06 0.00014401968589166844 0.00023442702702393699 3.992965870628292e-06 4.363539249586034e-05 2.9537498470744104e-05 0.00022142158995781325 0.002449498953230726 0.0015528229913965475 2.537205684043801e-06 4.99955355248572e-05 5.132529001615942e-06 0.00039635656827476015 1.0075697419916364e-05 0.00026750441401879945 1.6323674704048293e-05 0.0004198947830642746 9.54898829051154e-05 0.00017012799513216144 4.0443426477713014e-05 3.490684176882961e-06 3.7120343508244617e-06 1.4127638242934763e-06 0.0 0.0 1.9678185110430923e-06 0.0 8.32763180642504e-07 4.128934507990439e-06 9.228548699200856e-07 5.166896185938844e-06 8.586394394260057e-06 2.068156096948061e-07 8.744585007445091e-07 2.0188564123186628e-07 9.108844674087699e-07 0.0 5.940805413786199e-06 4.9292198782474034e-08 0.0 0.0 2.0322125088898334e-06 3.1378590467227422e-06 2.0618106106516344e-06 1.5558747221610644e-06 2.5151535442451926e-05 0.0 0.0 1.555976907460325e-06 1.7554594557684944e-05 6.920508527917661e-06 2.066239376245004e-06 0.0 3.5476885872245164e-07 1.4175364105499083e-06 1.4173455463729357e-06 6.798015411803118e-07 3.7317518019930054e-05 4.5112475653904174e-07 8.62338807918207e-06 5.059179693067943e-06 7.989623564593221e-06 2.4375959198230817e-06 0.0 5.42720961498663e-07
0.0 5.313867388538058e-06 6.87014498582304e-08 5.4712088131290284e-05 0.0007095837844049147 0.0007643245813422783 4.049563114691334e-06 1.7254692650811193e-05 0.0004711349873444544 3.607029143992557e-05 0.0 0.0011712242684124726 6.847880821122509e-08 2.956533388730749e-06 0.0 0.0 0.0 0.0 0.0 0.00017771468764827698 0.0 1.658038938445406e-05 0.0 0.00024741912734106464 8.890263027496175e-07 2.1149142318843553e-07 2.413570921450188e-06 5.628982923659357e-06 5.854020061616088e-07 4.3208188832942743e-07 0.0 9.598488484447911e-05 0.0 1.0669498526391354e-06 0.0 0.00010775590858614541 0.0 9.364203210091672e-07 9.189759253299389e-08 0.0006202169076456519 8.529137935153522e-05 0.0 0.0 9.265787946815157e-08 0.0 0.0 2.2610556218729167e-06 0.0 0.0 1.0356578811458964e-06 0.0 1.9763606149555365e-06 3.0483673067096117e-06 0.0 9.651012345775243e-06 0.0 0.0 7.141915917253765e-07 1.6687850172356716e-07 0.0 0.0 0.0 5.6803182303567075e-06 1.729727436596069e-07 2.2295853456795701e-07 0.0 5.656153487868028e-06 0.0 0.0 0.0 1.1525175784790725e-06 2.0249341524976003e-07 1.1127233993481099e-07 0.0 0.0 0.0 0.0 0.0 2.0623193043520484e-06 0.0 7.22281061062709e-08 2.2053221807507698e-07 7.4354654201509766e-06 0.0 0.0 0.0
7.096313154510542e-07 0.00015955324181048594 2.120063580517451e-05 2.3747402535514436e-07 0.0 2.6641380120467586e-07 5.995211916274184e-06 8.303461442075291e-07 6.628035480338717e-05 8.858952500871046e-07 1.0164231719111095e-06 0.0 7.934341447275385e-06 1.5271219629027362e-06 0.0 0.0 2.102728470727439e-05 5.641862188726776e-07 2.728559237045129e-06 0.0 0.0018928017614365763 0.002810038679825229 0.00199312338517346 0.0010220734349694408 1.6784762126059694e-05 1.2431487237027206e-05 0.00176119207012048 0.0007899445258783771 6.018655281286386e-06 8.591206599186898e-05 3.958221951838675e-07 0.0 3.711903742232918e-06 4.7723983741336665e-05 4.8098142862401995e-05 0.001954290921349267 0.0004093660516429952 0.000345069732301679 0.0009358808534804717 3.096117971250383e-05 2.2669858480057395e-06 1.9829548785722503e-06 2.051680854796193e-05 5.514651364292206e-06 6.729932281936209e-07 2.7300069958531513e-06 0.0 1.1893803657422183e-07 0.0 5.275222999610447e-06 1.6963486183113845e-06 2.9844707872494803e-05 2.7570673257327463e-07 5.951594238656291e-07 8.866915906951321e-07 3.3431383682493955e-07 1.932576623947589e-06 1.02180520678235e-06 0.0009152064507549259 5.370097088481741e-07 6.858488595152915e-08 1.4303269518843403e-07 7.375464174096088e-07 7.32265774447501e-05 0.0001827902786203737 0.00027943210107647323 0.00011959557531629558 0.0 1.402407718256611e-06 7.720527142860311e-05 8.625078583272743e-05 1.1626852886250435e-05 5.771390444970522e-05 0.0 0.0 1.2857867008230387e-06 2.524767695199203e-06 5.752267909806237e-06 0.00018704333666891634 3.961988334609391e-06 1.8142001036418313e-05 1.8181393980134837e-05 9.780082909762475e-06 3.2110650127651555e-06 1.5607888168407463e-07 9.80745735116165e-07
8.534020980513794e-05 0.00010781948725963518 0.0036813724331683085 3.3763035109580577e-07 2.3028529478530837e-07 1.347375852751616e-05 0.00024213925010583954 0.0002143638016579077 4.131098416143499e-06 2.513838233094969e-05 0.0003105058045063441 1.7596149894443032e-06 1.4016009308551494e-05 0.0001970860024902441 0.0 2.102728470727439e-05 0.0 0.00012778013167048772 0.0012397226578449122 7.333493193412605e-07 0.0004439929435397359 1.888878521819279e-05 0.0033491914170300993 1.4991165822283446e-05 6.963577705270972e-06 0.004693204766319916 0.004289492469882842 5.825541855013959e-05 0.00019950838675295972 0.0007461898841400478 1.1535721663526217e-05 2.852843845412169e-06 1.7203285610562057e-05 0.0012574106239544524 4.970126926706874e-06 0.0001726693641033644 0.00011201235846594871 0.0008253292168822492 0.00028586251789218547 4.946887399013818e-06 3.75391218703846e-06 1.0064969289216605e-06 1.1912192176887207e-06 0.0 4.9534332338858165e-06 4.458916563302994e-05 0.0 0.0 0.0 0.0 9.88631083050947e-08 3.5253527537631553e-07 0.0 1.3474137113508926e-06 0.0 4.705073655753052e-06 0.0 0.0 8.51196171620242e-07 8.959428390539093e-06 8.220409409354659e-07 4.127222641326084e-06 0.0 1.4465598265346485e-06 1.1736334082807109e-06 6.76424420954483e-06 6.592142111747442e-07 3.719793550775555e-06 9.977096449822661e-05 0.000317236464151444 6.787501534814031e-07 5.448532815706262e-08 4.095096576035437e-07 1.2156504503472008e-06 0.0 1.9812606151111815e-07 5.945324313561743e-06 9.500905440516723e-07 1.4619557919714832e-05 9.823512519182177e-06 1.057604309023884e-05 5.633839239761547e-06 1.0065521009093118e-06 3.668481897759631e-07 3.800221191094975e-07 0.0
1.7319367582226125e-07 8.531320275834054e-06 3.936067772271253e-06 5.496585324347421e-07 6.459840682144063e-07 7.395752949886459e-06 4.302296363680568e-06 4.010191203114637e-06 8.319919091490102e-07 9.717286302935617e-06 0.0025014831145494546 6.057101963115702e-06 0.00012071158164826567 1.420584456533367e-05 0.0 5.641862188726776e-07 0.00012778013167048772 0.0 0.0012638318540286748 1.496496525837004e-06 3.79029712109438e-06 1.4682882199007149e-06 7.194104308973361e-06 2.7166466903620555e-06 4.095569705982258e-05 0.0017422520259940905 0.00022818996732672456 2.1357130295896547e-06 2.3765237937113555e-05 3.1749039962396057e-06 0.0002118832349383161 1.0326071725035037e-05 8.412525995430732e-08 0.0004781085296688941 3.8124587516212905e-06 0.00021174249279765634 0.0004319315162098825 0.0010358783083602662 0.00021157718164388663 3.1013910157788275e-06 1.7836930067516708e-06 1.6739420894486473e-05 2.0640005946709444e-06 0.0 6.424722590622295e-07 0.0 0.0 0.0 0.0 0.0 0.0 1.4687484848564129e-07 0.0 9.281414637317851e-06 6.98181318850719e-08 0.00010948453421771405 0.0 0.0 0.0 4.891140491341478e-07 7.0857643701500435e-06 4.855110711381314e-06 0.0 1.0347779901132099e-07 1.0642374392375721e-07 0.0 1.7609036465936275e-07 4.3445917132881265e-05 9.103392413300285e-05 0.00016858406941654572 5.891940062779911e-07 0.0 0.0 3.189036590940535e-05 0.0 0.0 1.5318026407016906e-07 7.723479752269756e-07 1.5241798107529562e-06 3.463661365948536e-06 2.948915572604921e-06 1.5145344016533138e-06 0.0 0.0 2.8803559351890226e-07 0.0
5.951249363894279e-06 4.345904786160152e-05 6.493972420632654e-05 1.060191239296605e-06 6.306001743287266e-07 5.994041779219922e-06 1.1705431345450417e-05 1.427828830071236e-05 1.809953178340986e-06 1.122224293973521e-05 0.0006142585289470472 8.005891563415435e-06 3.825214079073271e-05 2.5304030876126512e-05 0.0 2.728559237045129e-06 0.0012397226578449122 0.0012638318540286748 0.0 2.4638154076784134e-06 1.898892421484573e-05 8.510230791030318e-06 7.034155426342487e-05 5.426123384707264e-06 4.1777254829708824e-05 0.004762673742465542 0.001520759658190906 4.265133183135968e-06 5.6245235817205275e-05 2.9777879867967564e-05 6.532883360533883e-05 1.0579941372436222e-05 9.813093715439381e-07 0.0012285364213678704 7.056013919940318e-06 0.0003231677609447822 0.0002615761321228985 0.0012079209743767218 0.0003363589457684991 4.161507401590109e-06 1.685294374814159e-06 3.386320072534698e-06 2.375229166075797e-06 7.040817311777486e-08 8.436784330941642e-06 5.280620594278025e-06 0.0 0.0 0.0 2.7453634881500225e-07 0.0 2.9150914610583875e-07 0.0 3.765972165532979e-06 0.0 4.652428801808252e-05 9.19700338013325e-08 0.0 1.601742330380693e-07 4.3200117325650895e-06 7.124811544491025e-06 1.6615486972131455e-05 0.0 0.0 4.226743317987702e-07 9.54934913699083e-07 1.3292460393219e-07 1.651652538656312e-05 0.00025984227487114585 0.0004370339610729338 2.3800456357424611e-07 0.0 1.9257160794856876e-07 1.806340182168603e-05 0.0 0.0 1.6319360902523502e-06 2.97936086092037e-06 8.791441858872747e-06 7.3385054613364384e-06 1.3975215868534527e-05 7.220839330958469e-06 1.7846641832519115e-07 0.0 2.2991218861190872e-07 0.0
1.427576725486363e-06 3.8397211445447284e-07 1.6557378638596694e-07 0.002107790236356986 6.5395193888966964e-06 0.00015490518804512807 3.409417856812705e-05 9.495028882473875e-05 0.00018369334898995932 0.0019377477865255195 1.449097398063295e-05 0.0032373951511791 3.713518387581726e-06 9.05637975807339e-05 0.00017771468764827698 0.0 7.333493193412605e-07 1.496496525837004e-06 2.4638154076784134e-06 0.0 3.862423694794831e-07 6.468135668381376e-07 5.471804230515578e-07 0.0009389665485143163 1.0519148630142959e-06 1.8003860416953692e-06 1.4746878913687525e-06 0.0009330242277448234 9.63582614179333e-05 1.418856735523039e-06 8.294125016042169e-07 2.3211405314874333e-05 3.073433520601938e-07 6.235836756529008e-05 5.74235227758117e-06 0.00023901966006170287 3.2835765144958005e-06 9.845645270886568e-05 1.3167138623750944e-05 0.00023944331531854825 1.5694208127168822e-05 4.654904057897585e-07 3.344441418957919e-06 2.5688891822765065e-07 0.0 0.0 3.265801129253981e-05 9.05584034249707e-08 2.5076330002708902e-06 9.553805164623266e-06 5.017186823010496e-06 3.412099736979711e-05 4.5356427349065814e-05 7.45757913029295e-08 6.452355995476206e-05 9.400137667609578e-07 3.4787875513303804e-06 5.138203054292101e-06 0.0 0.0 0.0 0.0 2.4067235644389935e-05 0.0 0.0 0.0 7.861402926321731e-05 0.0 0.0 0.0 1.7741882423620487e-05 3.4622317785106113e-06 0.0 0.0 0.0 6.627269124484918e-08 7.825169649942505e-07 2.2342294614458767e-07 2.0596601062513838e-05 9.49860157393934e-07 4.7986000031106464e-06 5.428969651231893e-06 2.482338191439847e-05 4.691003822053828e-06 1.3872037089734866e-06 0.0
3.718031999418797e-05 4.372328285273416e-05 0.00047188579127650966 1.8562857962075713e-07 0.0 2.7738556307875513e-06 0.00021639982837525867 4.169259802976762e-05 3.0281551930689144e-05 1.2127664141862556e-05 1.0546405386253566e-05 6.179954584287631e-07 1.2729609775032381e-05 5.2030569480353094e-05 0.0 0.0018928017614365763 0.0004439929435397359 3.79029712109438e-06 1.898892421484573e-05 3.862423694794831e-07 0.0 0.0004780186476780249 0.011120910600884375 0.0001775917864438589 9.084287064185233e-06 5.1471110242382466e-05 0.0006527801042676074 0.0011180550389695602 0.00012792078908700977 0.006088443565684338 5.369964067673212e-07 9.04257255100966e-07 8.661229015448684e-05 0.0022117207272435396 0.00014807205142685357 0.0034454569785416648 0.0002759321474823533 0.0031369169987393785 0.0022552135533347255 4.6148433761370226e-05 1.148709980688566e-05 4.86214215443911e-06 4.1762224146190335e-05 1.1181869173142468e-05 8.362545258216636e-08 7.469281073986305e-07 0.0 2.678795170742617e-07 0.0 7.492371437955927e-06 1.2146869241632247e-06 2.6082717380098446e-05 9.362429582698231e-07 1.1788393263924546e-07 2.6861372016889797e-06 1.7116161725667356e-07 2.805384256217161e-06 1.6280293353920055e-06 0.0002699241765580027 7.468492418581974e-08 0.0 0.0 0.0 9.128128517291792e-05 8.240290482098397e-05 2.7098743149229122e-05 8.466963114135531e-05 0.0 8.280651986754264e-07 4.857623135049501e-06 9.695858134892919e-05 1.851225856097987e-05 5.0270774464264534e-05 0.0 0.0 3.098488774855525e-06 4.1666651551048646e-06 1.6074528110220684e-05 0.00013878752850341694 6.038631463160632e-07 1.4917999971808204e-05 1.1979633756714508e-05 1.157987413563037e-05 2.5813406526230552e-06 3.750770344190467e-07 9.354042443791388e-07
4.701438135753767e-06 0.002297405936079736 5.747796492329116e-05 4.14802081604146e-07 5.769895688799432e-07 1.2686609919013876e-06 3.092174537733676e-05 6.600910814538888e-06 0.001740613351046752 4.156290713228562e-06 1.3117503142568704e-06 8.648138492006142e-06 8.301963276903338e-05 9.601580402876976e-06 1.658038938445406e-05 0.002810038679825229 1.888878521819279e-05 1.4682882199007149e-06 8.510230791030318e-06 6.468135668381376e-07 0.0004780186476780249 0.0 0.00042041402259856866 0.004750379413467629 0.0003249587107126034 5.731000850446577e-05 0.002231008599637461 0.0003865700920031716 2.023602661551468e-05 0.0001648711682973483 3.7836038519189767e-06 4.77550877692297e-07 2.9776840013058125e-06 1.5606475857726103e-05 6.989246285628651e-06 0.0002266680639211532 4.640533588200034e-05 5.2636966129824406e-05 5.3204404884394736e-05 6.638289579999029e-05 1.8399370454314385e-06 4.726386101174638e-06 1.3343234719917606e-06 9.853219853505252e-06 0.0003495777312487324 4.9451331540828865e-06 9.67777367537885e-08 9.196573267889865e-08 0.0 7.632260082420079e-06 1.1798324869611262e-06 6.09049938387951e-05 1.0558444342576093e-06 1.3720993730942503e-07 8.19346878325098e-06 4.802513197194844e-07 2.4307371097651275e-06 9.064624540293898e-06 0.0011984371804459402 2.9219520254559663e-07 0.0 7.191644667503479e-08 3.4272754998996907e-07 8.042908836729532e-05 0.000307156724653288 0.0006245193929123372 0.0001910546296272192 3.711188698819595e-05 5.047510932309888e-06 0.0004258740039007477 8.622516221230654e-05 1.5974369506828855e-05 7.404890467198315e-05 7.401592271821558e-08 4.369394553953838e-07 2.995296200566994e-06 4.416365018807919e-06 1.8965774651881587e-06 0.00019552545006070005 1.161987871590231e-05 2.2797963354839645e-05 2.709330394880248e-05 1.482107657502631e-05 1.5968132390875654e-06 0.0 9.443949309402303e-07
7.022544933084417e-05 3.0322389787395708e-05 0.012450008961556252 2.1235372846155375e-07 1.3094553938147977e-07 1.0357827300709969e-05 0.0004714569101309876 0.00015981267660943263 9.531393585555007e-06 2.7580134585364426e-05 2.0705054492657557e-05 7.175513938281074e-07 2.8873055806666095e-05 0.00014401968589166844 0.0 0.00199312338517346 0.0033491914170300993 7.194104308973361e-06 7.034155426342487e-05 5.471804230515578e-07 0.011120910600884375 0.00042041402259856866 0.0 0.00023883263734526285 4.229516732070643e-06 0.0005362114558205661 0.008750163533256063 0.0024288762648613754 0.00010749192207828183 0.0028993482812532763 1.9925241034800918e-06 1.7118893411885204e-06 7.509299414859683e-06 0.0015771502418061238 0.00012649264906649412 0.004839341162221892 0.0014378970463091768 0.004391958047251025 0.005534361699144037 0.00011789878547658444 1.4222454956926039e-05 1.2462718848272708e-05 5.3045848232233995e-05 1.9236803228519117e-06 7.462608901741677e-08 8.267220867244513e-06 0.0 0.0 0.0 2.136285517458265e-06 3.752716564712395e-07 4.62379051570244e-06 1.474934077050958e-07 8.204016351535144e-07 3.142594024323455e-07 7.314348613376069e-07 6.088734655274142e-07 5.470519824649493e-07 0.00035794220568745056 5.222483413817837e-07 6.706241819184557e-08 3.430584323982937e-07 0.0 2.0000340486514188e-05 7.258783829082879e-05 0.00012197394258727977 3.518382042753482e-05 1.0828621466424977e-07 1.2874216755790399e-06 8.242513201497045e-05 1.667936522901576e-05 4.034024599690488e-06 1.7582050117356112e-05 5.554216826378427e-08 0.0 4.038260756735099e-07 5.871168183223239e-07 2.1677022673541436e-05 6.490759936209613e-05 3.7023949672833626e-06 5.887331203259371e-06 1.724784122193785e-05 2.5901336520215283e-06 1.565971689309229e-06 1.0553286534238224e-06 8.98901864262786e-07
5.244732765313152e-05 0.0004898395435822214 1.107538119148169e-05 0.001383521985484704 1.543218160541251e-05 9.835652015861368e-05 0.0017044765875513302 0.0002052075898438377 0.00497247126991645 0.00152430911966292 9.878632918283629e-06 0.0007192987968644032 3.052570473696602e-05 0.00023442702702393699 0.00024741912734106464 0.0010220734349694408 1.4991165822283446e-05 2.7166466903620555e-06 5.426123384707264e-06 0.0009389665485143163 0.0001775917864438589 0.004750379413467629 0.00023883263734526285 0.0 9.259249100893315e-05 2.0409078670775502e-05 0.0005875698327867229 0.006540999111575829 0.0006398724493201006 0.000693005190821311 1.2833906018334228e-06 1.484954572684369e-05 7.075610496111886e-05 0.00021939130554791443 0.00010079008799255084 0.001983689476004557 9.42628664247498e-05 0.0005909563667292064 0.0003694345257412162 0.0005886225819553511 8.583587674139004e-05 1.168426082710131e-05 2.8710427217604654e-05 1.4506703454505238e-05 0.0 1.0439684371473849e-07 0.00021291267847005254 2.1613338590156576e-07 1.607713323478953e-05 0.00012591180832342285 4.236673022309167e-05 0.0003888447471661422 0.0003160156926092931 2.6995180533877623e-06 0.00033708518080207447 4.858403168273283e-07 3.097097386418571e-05 5.12990504580607e-05 0.00011706107376237928 1.700737173643113e-07 0.0 1.5903792932058803e-07 0.00014706554316449923 3.581673814929965e-05 3.8954716022628504e-05 1.6660306673919867e-05 0.0008388173076542968 0.0 1.012693321269525e-06 7.9733808417182e-06 0.0002437889138403699 8.559790236541553e-05 2.7645576327665e-05 8.971527378170683e-08 2.4178846781197064e-06 1.0878009819964254e-05 3.021403403708813e-05 1.089399702725997e-05 0.0004738755624273879 5.4498150535674115e-06 0.00011422760090898569 6.547713595300017e-05 0.00017967850901111373 4.674160557326339e-05 4.509350585992066e-07 8.4819916595526e-06
