0.0 0.0 6.896343314518847e-05 4.8177217702357e-06 0.0 1.9639518334524468e-05 0.0007937912728508266 0.00037341225546775193 1.0541948856721742e-05 0.00016790576608455697 1.4044608615303875e-05 2.1718845801045394e-06 4.854876719938839e-07 0.004104733523180915 3.099984943861826e-07 8.676843645351522e-08 0.0002197305633078862 7.605564943447231e-06 4.335934729046994e-05 3.385524385756734e-05 1.81290392785019e-05 1.166924958590546e-06 8.425382400971624e-05 2.9982474337272818e-05 0.0 4.3234964557679754e-05 1.9787095100394386e-05 0.00010680888088876017 0.003024613069941049 0.0013594026480524 2.367482514102748e-07 6.843267973698195e-07 3.6818951041492675e-05 0.0001449809985663428 1.629069817916414e-06 6.343221243401519e-05 9.45269726789692e-06 8.328277887801125e-05 2.2448535605229574e-05 1.836878119559292e-06 2.44218197242536e-06 9.206273933447568e-08 3.516320549566456e-07 1.7842050416444875e-07 0.0 8.76832842066875e-08 0.0 0.0 2.8786636234654594e-07 2.7892594049168626e-06 2.29784556613179e-07 4.348156624037523e-06 0.0 0.0 0.0 0.0 5.966154283720545e-08 0.0 3.865246967832322e-06 0.0 0.0 0.0 1.9304223054986944e-07 5.20826278483671e-06 5.993147032452982e-07 1.5627539017152611e-06 2.1687081129053986e-05 0.0 6.409791575039372e-08 1.3726564235814839e-06 2.1230759644261206e-05 6.76104850429647e-07 4.183189905173019e-06 0.0 0.0 2.2869387273762838e-07 1.7183664164150228e-07 0.0 1.3712078310408337e-05 6.434709669031006e-08 6.783923418242471e-07 2.885668519599905e-07 2.9409865879435825e-06 0.0 1.0078326968952007e-07 0.0
0.0 0.0 1.752901508212478e-05 0.0 0.0 3.156872550337735e-07 3.4479163479497435e-06 5.659587680581617e-07 0.0002553472236750976 1.1658340782593948e-07 7.490506534342926e-05 5.882239318887239e-08 0.0006352746050320434 1.1673125947499377e-06 8.854403945679119e-06 4.509037390351629e-05 8.316124766482501e-06 1.334555569420648e-06 8.127204968616102e-06 4.5228397108765804e-08 6.097947915313271e-06 0.000815694336686208 3.168389220716853e-06 0.0004201281097321858 0.0009345794858555388 0.00012060475653307598 0.00601539435091721 6.035496345983088e-05 1.1546529373265297e-06 1.1360179532328047e-06 3.755642414905988e-05 5.993764655422116e-08 1.1660899721289841e-07 1.34231118928361e-05 0.0 1.1497371216258404e-05 3.7476814512894325e-05 1.2368519251869135e-05 3.891018322836286e-06 2.9122840150604385e-06 0.0 4.0073054956800226e-05 0.0 0.0 2.4505450814923904e-05 2.5790658079215774e-05 0.0 0.0 0.0 3.278493196801255e-07 1.669122144976549e-07 6.811161025891612e-07 0.0 2.656823835839494e-06 0.0 3.33487561226626e-05 0.0 0.0 1.2589702384560038e-06 3.073985478826091e-06 2.1535363375896093e-06 1.0203560421371426e-05 0.0 2.0133218038720543e-07 8.279254121472729e-06 1.494779820826553e-06 3.050857881178614e-06 6.727708125466966e-05 8.859433464865564e-05 0.0005325418251600732 9.503342932373014e-07 7.972838730627594e-08 1.3753973637616873e-07 7.536666827371096e-06 0.0 0.0 3.18461475628705e-07 0.0 3.3242391164807745e-06 1.2989971675688926e-05 2.334408047542487e-06 6.671792622266069e-07 4.0395693830881516e-08 0.0 1.6467742963276052e-06 0.0
6.896343314518847e-05 1.752901508212478e-05 0.0 2.5394184076216333e-07 0.0 7.443371310333071e-05 0.0006021339195252299 0.0004977320140619498 5.386436377750415e-07 9.019476469678252e-05 1.5183124982187946e-05 8.693532088835495e-07 3.8499268250670295e-06 0.00034695720876557677 0.0 6.699047426050121e-06 0.004791691551521934 2.269467627768877e-05 0.00022755909974025643 1.74592946739628e-06 0.0011070038611468089 1.7392131854386952e-05 0.00519366387013579 2.19895211530423e-05 1.8451556885138819e-06 0.0024935034900316526 0.0033296184856692456 0.0005747670502562372 0.00010137056710126697 0.00028277462830053943 1.0749428496504575e-06 7.150948500992245e-07 5.6630686313902385e-06 0.0005457722974727425 2.847337821582123e-05 0.002013759002389581 0.0020617765675597696 0.0015315279675432766 0.0004140739795373716 2.7903817837686456e-05 2.217274651812813e-06 6.159711595775832e-06 6.6981079461085575e-06 2.196852051330436e-06 5.1882656967355356e-05 0.0005810513886746173 0.0 0.0 1.7830883378516192e-07 1.0353635496394959e-05 4.094819657529986e-06 6.766258465026163e-07 3.7845732737949634e-07 3.226034702741124e-07 0.0 1.6147801014960613e-07 9.33265316926866e-06 0.0 4.759473834540598e-05 2.206684789989019e-05 2.8966788110387225e-07 1.0925461408876037e-06 0.0 2.319339480803476e-06 0.0001080310134867473 0.00020173230857723414 1.119016260457642e-05 5.6359663398508724e-08 1.4468347980530919e-05 0.0014372684208657492 4.674456715750597e-06 1.1550124092766223e-06 5.1908102837228135e-06 6.625308384820216e-08 0.0 1.1583347409973165e-07 6.10899172542148e-06 1.3531504640321238e-06 5.867520295566655e-05 0.00023950228193291674 2.8461370724113423e-05 1.6913443494011313e-05 1.2171884166056598e-06 3.444640797741438e-07 0.0 1.9771303351330105e-07
4.8177217702357e-06 0.0 2.5394184076216333e-07 0.0 0.0 0.00017623515575472922 9.62560383808876e-05 3.0859893269094974e-05 0.00017707552660869497 0.002129035131900162 4.6821912563456024e-06 0.0004856433153228536 2.0222058563452336e-06 4.058492039207835e-05 3.6500206063712636e-05 0.0 2.691323228310389e-07 1.3581082802682663e-06 1.2246176860968147e-06 0.0027337220896650944 5.600542051131828e-08 0.0 8.844448696054008e-08 0.0012597287956927596 4.004763302525138e-07 2.8025992187990494e-06 9.520571377964344e-07 0.0021263762752546243 5.657399845679337e-05 5.997470058844417e-07 0.0 6.970853304790348e-07 1.064491357358058e-06 5.018252137570468e-05 4.586456540300278e-06 0.00035434324608260017 3.3677123123749927e-06 0.00010560254288217366 2.9019422206494976e-05 0.0002341932515154204 1.0627600280069313e-05 7.651648202472477e-07 1.29856450629378e-06 0.0 0.0 0.0 3.1519543855296505e-05 0.0 4.548577639169091e-06 3.5730365988901645e-05 1.203571581517003e-06 4.710715369379123e-05 9.800644894201559e-06 0.0 1.876482180917755e-06 0.0 4.610614108682897e-07 3.393768369163429e-07 2.481846508669566e-07 0.0 0.0 5.659253016375982e-08 1.6564741239945582e-05 2.5070373833526326e-07 0.0 4.850915130053501e-07 8.626491645633186e-05 0.0 0.0 1.2922201106082846e-07 8.552934203362607e-05 4.40121726705331e-07 2.0201623042879287e-06 0.0 0.0 0.0 2.486014753127143e-07 0.0 7.406615058075622e-05 1.0025720339009183e-07 2.562824428834176e-06 1.8036573228359044e-07 4.1292350188346505e-05 8.11967817354891e-07 0.0 0.0
0.0 0.0 0.0 0.0 0.0 8.188255309596978e-05 2.585443043459667e-06 7.490812319575264e-05 1.0041586954376932e-05 1.6820154424478908e-07 1.5854818601841383e-05 1.6466979724907787e-05 2.0510738824632674e-06 2.0025486330892277e-05 0.0003877527217827267 0.0 0.0 2.2939961774738514e-06 5.910883005249067e-07 1.565189729628057e-06 0.0 1.0447083327132109e-07 0.0 3.2780326965135614e-06 0.0 1.9498150982622773e-06 1.3874806288126537e-06 2.6445759368152912e-06 6.636017592585415e-05 0.0 3.188338802091879e-07 2.894481445949861e-05 0.0 0.00013584697969449698 0.0 9.339632091464754e-07 0.0 2.4573210784287357e-05 3.613462903429559e-06 0.0005488042990145244 1.305358334710813e-05 3.7714633317750946e-07 0.0 0.0 0.0 0.0 0.0 0.0 1.4792596779000048e-07 0.0 0.0 0.0 0.0 0.0 0.0 0.0 0.0 0.0 0.0 0.0 0.0 0.0 0.0 0.0 0.0 0.0 0.0 0.0 0.0 0.0 1.293359845685397e-07 0.0 0.0 0.0 0.0 0.0 0.0 0.0 2.1206815292903867e-07 0.0 0.0 0.0 0.0 0.0 0.0 0.0
1.9639518334524468e-05 3.156872550337735e-07 7.443371310333071e-05 0.00017623515575472922 8.188255309596978e-05 0.0 0.002547870158513185 0.0035890569050125772 0.00011440022045708621 0.0043794592537612295 6.669317198935964e-05 0.0023847477383309866 1.7555103175805793e-05 0.0004077738456038317 0.00011211221486294104 6.371529965858436e-07 1.8284688772833547e-05 1.6765248239931628e-05 1.556814609599997e-05 0.0008115281364620136 5.697251751243647e-06 8.590661123097219e-07 2.6065052511288702e-05 0.0001674951793925329 4.843809978864138e-06 4.6700187548909695e-05 1.875963094644018e-05 0.0003071534282818643 0.00022113467129921064 2.362806626283185e-05 3.0972584661577547e-06 0.00018957113070847392 4.482183926550088e-06 0.0002449222908590536 3.781313486013679e-06 0.00042045280185988717 1.4501277337460726e-05 0.000341882330543226 7.341869634697326e-05 0.00039229424036671417 0.0001514142284983506 8.945305348180222e-06 9.863343849619856e-06 1.0355068121693175e-07 0.0 7.047466641934125e-07 1.3697369930383407e-05 0.0 4.06141724805358e-06 4.173963772922273e-05 1.3129804349877727e-06 4.4767700574466576e-05 7.91432687522463e-06 6.599791728232614e-08 2.1668612730949786e-06 6.282135143739418e-08 7.284169181888054e-07 2.1959658233963602e-07 7.240456556775542e-07 0.0 0.0 0.0 1.1673291262797355e-05 1.0409021183084415e-06 3.4327261835537537e-07 5.374501365619516e-07 0.00011016257661651837 0.0 1.4543704670615683e-07 1.6996802995263505e-06 0.0001118374149548682 1.504418827093522e-06 2.6535955311131868e-06 0.0 0.0 3.123157634339507e-07 2.9369555530933745e-07 6.593723340126288e-08 5.688459677192735e-05 1.2365992247658117e-07 3.197559077875773e-06 4.421082606594822e-07 2.3665760315962466e-05 4.2263392628191747e-07 0.0 1.532832075215718e-07
0.0007937912728508266 3.4479163479497435e-06 0.0006021339195252299 9.62560383808876e-05 2.585443043459667e-06 0.002547870158513185 0.0 0.0025963004533402583 0.0006791091221045633 0.009060366862842124 1.9751561097492248e-05 0.00012810333074906167 6.071433673905281e-06 0.004102844029891865 0.00013942541164257928 9.608708278152891e-06 0.0001464194748891731 8.535242983614505e-06 2.472008234560942e-05 6.464819665720721e-05 0.00030786648233028466 1.9076553497571105e-05 0.0004987250345436754 0.0016912178126915166 3.036479011534732e-06 0.00011541382204970451 0.00020613140237241983 0.008733291957701289 0.0013333594290773577 0.0027087486526218146 1.4317413566911159e-06 4.8683812409426236e-06 0.00018740189759556321 0.00044762153553190917 4.618172194947368e-05 0.002206075845801334 7.056371745669893e-05 0.0008820526249245347 0.000507733877474434 0.00024919071056877574 5.735952278601582e-05 5.334986758437843e-06 9.90233175097642e-06 1.270135307648775e-06 4.4664216750852455e-07 4.1744307399431526e-06 2.827490201917798e-05 0.0 9.384196986951777e-06 0.00015116594653508282 4.605472556301287e-06 0.0001754836791289326 1.3701197361993047e-05 3.8849873323524876e-07 2.112791985226483e-06 0.0 2.582403933836581e-06 7.374763637142841e-07 1.1627374681719572e-05 9.900390861600119e-08 8.19203469401857e-08 1.6463093862386637e-07 2.0169230699423763e-05 9.441075585729404e-06 3.5584316351833655e-06 1.050749619978426e-05 0.0004506537958391563 7.029359454621079e-08 7.007081431308491e-07 1.2834916438649654e-05 0.0004902407261689264 6.5946773786818315e-06 3.356999680012487e-05 0.0 0.0 1.2809930074246841e-06 2.8316490854749998e-06 1.5356411436902772e-06 0.00018767873211905347 1.3318405070409447e-06 1.2323406650707274e-05 8.834999557855192e-07 3.3181245529484866e-05 1.6451109485561193e-06 1.019389887286926e-07 6.70026894517579e-07
0.00037341225546775193 5.659587680581617e-07 0.0004977320140619498 3.0859893269094974e-05 7.490812319575264e-05 0.0035890569050125772 0.0025963004533402583 0.0 5.57835434013081e-05 0.0008973207809609027 0.00013030085832551458 0.0003771236653465761 3.504894585246093e-05 0.003241987242530266 9.356956214277516e-05 9.226804379694878e-07 0.00025171806597135273 3.89355567670454e-05 7.93236194535865e-05 0.0003263629342566373 7.759331172174171e-05 1.6079506945517636e-06 0.00021738332242312843 7.520720711855652e-05 8.597888503109427e-06 0.0002482395446580815 5.64538469889095e-05 0.000224109519204374 0.0003512537906949626 0.000523319495752637 4.389059254826209e-06 0.0001724400443266425 3.665087159231373e-06 0.0004740171878416046 3.534528756857293e-06 0.0003628918202256007 4.296199169923252e-05 0.0005746477900823342 0.0001178281864252988 0.0004123913112896824 0.0006994606135804338 1.8258678055489798e-05 9.88301736907693e-06 3.3802303629295027e-07 2.852516093605444e-07 1.188146067491363e-06 3.1166361318400892e-06 0.0 9.785978421918164e-07 1.8329805921733575e-05 6.706106226257459e-07 1.5193382451585236e-05 2.2441877357092395e-06 0.0 5.986629764198743e-07 0.0 4.5307949087302526e-08 0.0 3.6192600197906643e-06 1.8251281644242824e-07 0.0 0.0 1.5509220789335712e-06 2.4128136115116743e-06 7.995350034516168e-07 1.8993183471314599e-06 5.759756593898846e-05 0.0 7.715589150197962e-07 5.62981407356289e-06 7.381892399369467e-05 1.608148274547216e-06 7.605121037387933e-06 5.651024870634627e-08 0.0 1.5343128488557156e-07 9.548968533446915e-07 0.0 3.6150778223875456e-05 9.134307774436267e-07 2.6210724443654902e-06 1.2624296251275306e-07 4.452426010899975e-06 1.8681979199330242e-07 0.0 0.0
1.0541948856721742e-05 0.0002553472236750976 5.386436377750415e-07 0.00017707552660869497 1.0041586954376932e-05 0.00011440022045708621 0.0006791091221045633 5.57835434013081e-05 0.0 0.00020182474417675887 1.0566579001141633e-05 4.5445460634389955e-05 4.171985710802406e-05 2.607891857329625e-05 0.0005293446627803938 7.475269915303231e-05 1.2685824348033458e-06 5.231844211641271e-07 1.4932897845139819e-06 0.00014405359149858007 5.6259289028162465e-05 0.0011676368963406247 6.4527660997406814e-06 0.005643996631098145 4.9369599749689095e-05 1.417337262984094e-05 0.0004639812933178331 0.001616935999877856 5.3573606081945255e-05 6.382299003967807e-05 6.593448285565779e-06 2.8506447495117656e-07 6.427913442183686e-06 1.807910246345204e-05 1.294748402230476e-06 0.0001275139801986421 5.212841429223913e-06 3.624993991559811e-05 2.0065370316402202e-05 0.00016198925477264653 3.817899107386187e-06 1.3818636120784513e-06 7.7005880513281e-08 1.331894239737671e-06 8.543947032598629e-07 5.323188458505453e-07 5.222601090996958e-05 0.0 1.3473992108579725e-05 0.00010609845003255682 3.5917833674746205e-06 5.5649246741447446e-05 2.072634472493845e-05 6.788205899541861e-07 4.283939455557639e-06 1.0287710602077378e-06 2.4160941149090596e-06 1.2582160704846163e-06 0.0001722276545466359 2.946429060146483e-07 1.3111212711413335e-07 1.1958959650624683e-07 3.9012345612188904e-05 0.00011414054472940704 5.640020723658212e-06 1.603924695234791e-05 0.0008461339030238592 5.658943076316688e-07 2.5760632457280593e-06 9.393013195364236e-06 0.0005238962954130675 1.02822734383556e-05 6.961135941580084e-05 6.904262714400169e-07 0.0 1.8704176926640956e-06 2.263361279842611e-06 9.661779232997756e-07 3.888459235335728e-05 6.200869821570799e-07 1.6899839817267993e-05 1.2787743047496503e-06 3.118655518186554e-05 1.1412521574195974e-06 5.228769388897935e-07 2.933306035019594e-07
0.00016790576608455697 1.1658340782593948e-07 9.019476469678252e-05 0.002129035131900162 1.6820154424478908e-07 0.0043794592537612295 0.009060366862842124 0.0008973207809609027 0.00020182474417675887 0.0 2.8922666339317008e-05 0.002487924489385199 6.098221724261675e-06 0.0005027522146382256 2.5333858204135923e-05 8.955568999659073e-07 9.718876248604221e-06 1.194052410658476e-05 1.0198911011168934e-05 0.006955993292165318 7.460768496655672e-06 1.0333109443229273e-06 4.0096440872663006e-05 0.0005564179200336863 2.513796350514338e-06 3.521056897224099e-05 2.5794389197422226e-05 0.0012315448803712522 0.000509993440924764 1.7396419765384755e-05 1.6315580534956087e-06 6.485020230411302e-06 7.697759905760749e-06 0.00026921160358798926 1.010482106739107e-05 0.0005507376314837138 1.614492215876886e-05 0.0004552705532440481 0.00013961880241462402 0.00015163907324576437 3.620394094438535e-05 3.030652313976059e-06 2.95398472582716e-06 3.3456008834117375e-07 1.1970216138550253e-07 2.7394860743659807e-07 7.530274875218562e-05 0.0 5.2558329536045386e-06 5.461514268078533e-05 1.029106338859608e-06 7.290020670471565e-05 9.884749760542274e-06 1.2757627323499046e-07 7.580977216717452e-06 0.0 5.40393735323879e-07 2.541396046734973e-07 1.998639414505103e-06 0.0 6.717596956137478e-08 5.924111949204043e-08 1.6891328265513142e-05 9.154134617039867e-07 3.6762118338087287e-07 7.472213306084024e-07 0.00013226187272431306 0.0 3.28372669040396e-07 2.119143185799592e-06 0.00014004022367064211 1.5030661007060734e-06 2.774762310800464e-06 0.0 0.0 1.1793872157544765e-07 6.072323947988751e-07 7.040588020771917e-07 7.984005937006505e-05 0.0 5.328787451483274e-06 5.832015235590379e-08 3.2399785908438526e-05 4.4316894952673206e-07 1.4488067190544813e-07 0.0
1.4044608615303875e-05 7.490506534342926e-05 1.5183124982187946e-05 4.6821912563456024e-06 1.5854818601841383e-05 6.669317198935964e-05 1.9751561097492248e-05 0.00013030085832551458 1.0566579001141633e-05 2.8922666339317008e-05 0.0 5.665790623218767e-05 0.0008368826900264238 0.00024366234931484865 4.818474324763218e-06 2.2020126849847457e-07 7.143270266662334e-05 0.002028462846125111 0.0006232115718315312 4.893613265968182e-05 2.6206424114155202e-06 3.37956708326079e-05 2.919837119712466e-05 1.7091418892483325e-05 0.0005195079062912845 0.0007117765626971227 0.0003035824565387604 9.010654895101966e-06 0.00027291874111551724 1.346294420634315e-05 0.0002813750689920331 0.00010780823207488781 2.8423621855690317e-06 0.0029940447987763354 2.592210892922465e-06 0.00029848727111478297 0.002241627789609929 0.003412989198136798 0.0005644978869730768 6.249155216212075e-05 2.7032937784234603e-05 0.0002563620223991776 2.4890814459525393e-06 0.0 3.5838954243148667e-06 0.0 0.0 0.0 0.0 6.406400625975275e-07 5.289961212186496e-08 8.356791472904408e-07 9.887234188226737e-08 4.110446103000027e-05 1.7829360220625335e-07 0.0002199647959954892 9.486276249159226e-08 0.0 3.517957693504743e-07 2.2534121997593432e-07 1.2173896707388346e-06 4.621424140806262e-07 0.0 7.505234274022319e-08 1.1114166710665798e-07 0.0 2.3320543506104743e-06 0.00013342678110378231 3.102861913661823e-05 0.00010476196242680163 2.5545074141029232e-06 1.603781931785793e-07 2.642805758996125e-07 3.356053617554327e-05 0.0 0.0 2.2928418837827604e-07 2.076758654886135e-06 1.1774781948205216e-05 0.00015741316849233772 5.950751328649728e-07 0.0 2.513860244563514e-07 7.511764959776089e-08 7.011366131720188e-05 0.0
2.1718845801045394e-06 5.882239318887239e-08 8.693532088835495e-07 0.0004856433153228536 1.6466979724907787e-05 0.0023847477383309866 0.00012810333074906167 0.0003771236653465761 4.5445460634389955e-05 0.002487924489385199 5.665790623218767e-05 0.0 6.842893094613129e-06 0.00022722840104108443 0.0005437730893234535 0.0 1.774437465636671e-06 1.7247442467537923e-05 1.4481507558939245e-05 0.0030472098606064584 9.518445644767379e-08 5.287482360497161e-07 8.775476018807573e-07 0.0008693532606809497 1.698834102555833e-06 2.74077363016084e-05 1.1382548109132812e-05 0.0002786757493687116 0.00010731442699525144 4.89974475477745e-07 3.874115663329401e-06 2.0227111533167638e-05 0.0 0.00017528894031199556 4.1147051233207966e-07 0.00028455637096350567 7.649408968097224e-06 0.00030491263964185674 1.8741485943513963e-05 0.0011916205996984255 1.905160127464374e-05 2.6744922165790454e-06 1.3790566251972784e-06 5.514988562991123e-08 0.0 1.1504417401508233e-07 4.203324122627359e-05 0.0 2.2321843026905377e-06 1.2455675633795118e-05 1.433852192701684e-06 1.0354650632642302e-05 1.129080943794125e-05 2.627069581787384e-07 4.070196126557994e-05 0.0 1.4579405501941912e-06 5.983177537706875e-07 8.34541719521659e-08 0.0 1.0218018186748539e-07 0.0 6.326543652208527e-06 6.679085806544679e-08 0.0 0.0 3.0771017503572357e-05 0.0 1.0687039213631564e-07 5.395973670175133e-08 5.064348699147818e-05 8.40217501559889e-07 2.55893582011452e-06 4.8760886163259584e-08 5.933266362202853e-08 1.761198586044192e-07 5.357229490800729e-07 0.0 3.0292116594956455e-05 1.260222091162388e-07 3.139086212639676e-06 1.3573889894358504e-07 1.3336405707728547e-05 1.777004191498178e-07 0.0 0.0
4.854876719938839e-07 0.0006352746050320434 3.8499268250670295e-06 2.0222058563452336e-06 2.0510738824632674e-06 1.7555103175805793e-05 6.071433673905281e-06 3.504894585246093e-05 4.171985710802406e-05 6.098221724261675e-06 0.0008368826900264238 6.842893094613129e-06 0.0 2.292665902199639e-05 2.593564848202394e-06 7.694951351414674e-06 1.3212056756941857e-06 1.5441495304200025e-05 3.5647881107983464e-06 8.233914200281399e-06 5.474837661198442e-06 0.00017181217424173787 9.753615713998993e-06 4.9493560420610806e-05 0.0025373027130759667 3.58817052264559e-05 0.0025860828701668183 1.8162188264433397e-05 1.424253452727004e-05 2.317826664001044e-06 0.0003879868681678024 1.1971769859916679e-05 1.1636187278692904e-07 0.00045281885617450094 1.1271717063410193e-05 0.0007952971174356322 0.003937383326115611 0.0013700397801157777 0.0002615521767803485 7.157723466327692e-05 0.00011234147551008645 0.000926233723935082 1.2063261185147233e-05 0.0 9.181482172946858e-06 1.4763398878849108e-07 0.0 0.0 9.282677606486504e-08 3.955847571729423e-07 0.0 5.783756209888607e-07 0.0 0.0001349923032321067 4.863359129386292e-08 0.0007339056060409065 1.5182337103271473e-07 0.0 1.7755281160729703e-06 1.2708029808171008e-07 3.2655362226358695e-06 1.907189420188998e-06 0.0 8.332131780726199e-07 1.7431750219385106e-06 0.0 1.2379990837777867e-06 0.0006530112542474715 9.203096524097527e-05 0.00034078299517683425 6.538080802368681e-07 2.611697056435131e-07 2.2837522175340347e-07 9.677867235017841e-05 0.0 0.0 2.158560342643539e-07 3.3466116499849326e-05 7.408967850057902e-05 0.0003926403817049883 7.471232628985014e-06 1.7860296376650284e-06 1.0934551116923831e-07 0.0 0.00033373984582228005 0.0
0.004104733523180915 1.1673125947499377e-06 0.00034695720876557677 4.058492039207835e-05 2.0025486330892277e-05 0.0004077738456038317 0.004102844029891865 0.003241987242530266 2.607891857329625e-05 0.0005027522146382256 0.00024366234931484865 0.00022722840104108443 2.292665902199639e-05 0.0 1.7234842511717575e-05 5.296575412470068e-07 0.0003608164272861611 7.155853978112452e-05 0.0001266461584322239 0.0003685767667587637 6.365673601832104e-05 8.450030262342768e-07 0.00020718789883953308 0.00010249764544480079 8.243589588453641e-06 0.0002483800052775182 7.643777867168415e-05 0.00021279552466999283 0.0024445723856217198 0.0011258736749608868 8.54202548782913e-06 9.533382198776643e-05 9.274681917879566e-06 0.0013188915701960338 3.731413291123759e-06 0.0004568099813202349 4.8182945127138757e-05 0.0006468141129985443 7.566440714443546e-05 0.00014449370550081837 0.00018538417490200336 1.0804464228890799e-05 6.630881428939132e-06 3.015992985152696e-07 6.745383719888978e-08 1.0126656175282173e-06 9.185018691431116e-07 0.0 1.050993607802636e-06 1.1311270761076483e-05 2.406152876330191e-07 1.0989642701219321e-05 1.3724311182669043e-06 5.590185079062772e-08 9.721602178740556e-07 2.1229909275744103e-07 0.0 0.0 4.5636494829547175e-06 4.3899884919071517e-08 0.0 0.0 8.39574631956119e-07 3.987393927209748e-06 3.116188936194455e-07 1.534294081075995e-06 3.915994336118894e-05 6.429758569904446e-08 8.672155545935421e-07 4.5468200721275236e-06 4.951699710979658e-05 1.4560053120513367e-06 8.153315510484416e-06 5.413513393395803e-08 0.0 0.0 2.4416969193674934e-07 4.107372480725808e-07 2.760851061914822e-05 6.909324079457468e-07 2.220345006236212e-06 1.3953286204270707e-07 1.7460130404447704e-06 1.2274897039617034e-07 2.257686990030965e-07 8.011412578816342e-08
3.099984943861826e-07 8.854403945679119e-06 0.0 3.6500206063712636e-05 0.0003877527217827267 0.00011211221486294104 0.00013942541164257928 9.356956214277516e-05 0.0005293446627803938 2.5333858204135923e-05 4.818474324763218e-06 0.0005437730893234535 2.593564848202394e-06 1.7234842511717575e-05 0.0 0.0 1.0091403388122572e-07 1.0767271346537114e-06 7.439248474288635e-07 6.24840823851567e-05 0.0 3.7949134058571304e-05 0.0 0.00030111594338972015 2.3059492718798207e-06 1.3853257951073572e-06 2.2530382674230722e-05 0.0001756912225582669 1.687390458485385e-05 3.716320000238413e-07 4.805216129823282e-07 4.6610877938362474e-05 5.95836013766033e-07 1.716973800762842e-05 0.0 0.00014315124122664288 1.1645640763994372e-06 2.3238375044100766e-05 4.916076631346278e-06 0.00044354346340919987 6.48433474080995e-05 3.895067594618101e-07 7.073747469009124e-07 0.0 9.670348877091706e-08 0.0 9.307518873798573e-07 0.0 0.0 1.3012237376637456e-06 0.0 3.2260429329768183e-06 1.1506795768247798e-07 0.0 1.5020774525255655e-07 0.0 0.0 0.0 1.9577054741275538e-07 0.0 0.0 0.0 1.8750282631763554e-07 4.558314074874254e-07 1.042213764575826e-07 1.1389432356449032e-07 6.860413285131207e-06 0.0 0.0 2.3051423033308335e-07 4.10115912510584e-06 1.2792183863650187e-07 0.0 0.0 0.0 0.0 0.0 0.0 4.989089836010351e-06 1.533059169530236e-07 9.566229916700644e-08 0.0 1.8661714678727874e-06 0.0 0.0 0.0
8.676843645351522e-08 4.509037390351629e-05 6.699047426050121e-06 0.0 0.0 6.371529965858436e-07 9.608708278152891e-06 9.226804379694878e-07 7.475269915303231e-05 8.955568999659073e-07 2.2020126849847457e-07 0.0 7.694951351414674e-06 5.296575412470068e-07 0.0 0.0 1.8523178745260247e-06 0.0 7.193028538264441e-07 0.0 0.0012006632100239067 0.0021886556596817258 0.0025727571196006017 0.0018039589234928896 1.0518259003145255e-05 3.1078661991713453e-06 0.0021566340410277027 0.0011180769077482461 2.3433682286508637e-06 1.2701248390732049e-05 1.3712391928785255e-07 0.0 3.283749011104117e-07 1.1688604772051197e-05 6.66444836789111e-06 0.0006234508154870599 0.00019404154852664072 8.255033785943696e-05 0.00012465359479171972 6.875355501659669e-06 2.8079976034392335e-06 6.796473587197729e-06 2.610312036090864e-06 0.0 6.62968834153677e-07 8.951419226207862e-06 0.0 0.0 3.542111826004304e-07 4.074910671405883e-06 4.44576411788442e-07 9.053083335932117e-06 0.0 0.0 0.0 0.0 4.99204406845415e-07 0.0 0.0010979525641565736 4.609364692861942e-07 0.0 0.0 0.0 0.0002541927088711377 0.0006576957611970404 0.0008841629546021416 8.74362429608555e-05 5.11819707102144e-07 9.995807800261658e-07 0.00017802491105164291 5.2423984368371005e-05 7.054826286724438e-07 5.95882783240291e-05 2.642071851031041e-07 0.0 3.4328922930339477e-07 1.8998458972976594e-06 5.944826227734672e-07 0.0001670025012699998 5.2519485791300625e-06 1.1126873295898319e-05 7.566644702235503e-06 4.56392966208047e-06 9.305313346188498e-07 5.2957322751910324e-06 1.0682692110979285e-06
0.0002197305633078862 8.316124766482501e-06 0.004791691551521934 2.691323228310389e-07 0.0 1.8284688772833547e-05 0.0001464194748891731 0.00025171806597135273 1.2685824348033458e-06 9.718876248604221e-06 7.143270266662334e-05 1.774437465636671e-06 1.3212056756941857e-06 0.0003608164272861611 1.0091403388122572e-07 1.8523178745260247e-06 0.0 2.5247064077977693e-05 0.0012092479903154775 2.2189321769746887e-06 0.000423442867817782 3.3777563557516814e-06 0.002432938764354124 8.511831900535314e-06 8.55393291257781e-07 0.003250239550834995 0.0023399473694054856 5.225602111223006e-05 0.0006022275543900585 0.0011444958377267683 4.936100828230386e-07 1.4968453424718776e-06 4.453723863058261e-05 0.002694199784178435 2.8006100661335405e-06 0.00023993664460966854 0.00034281585430627324 0.0012909077041580433 0.00023031011623271368 5.541184174314417e-06 1.3493780483504755e-06 7.031030330403987e-07 8.350815293533184e-07 5.0351064673276347e-08 1.1739582074480689e-05 2.4882866175236896e-05 0.0 0.0 0.0 6.240592266238227e-07 3.397803817994792e-07 5.540520727031457e-07 0.0 2.7773627559668705e-07 0.0 3.326192407639355e-07 7.300066912479017e-08 0.0 2.355796269101033e-06 1.161121626708629e-06 7.622297568541821e-08 8.440715466335531e-07 0.0 5.182797524378157e-07 3.451989369959703e-06 4.46264375864678e-06 2.7836834306835666e-06 1.3852406671336874e-07 1.523088311716652e-05 9.857171391458042e-05 1.7086899832661801e-06 1.0130592518532876e-07 4.424439238627405e-07 2.363644356853297e-07 0.0 0.0 2.1878035529798094e-07 4.938319146354031e-07 4.237456229649136e-06 3.8569232443513035e-05 1.3319904653628225e-06 6.231757281686234e-07 5.756310024910288e-08 0.0 5.237818133863039e-08 0.0
7.605564943447231e-06 1.334555569420648e-06 2.269467627768877e-05 1.3581082802682663e-06 2.2939961774738514e-06 1.6765248239931628e-05 8.535242983614505e-06 3.89355567670454e-05 5.231844211641271e-07 1.194052410658476e-05 0.002028462846125111 1.7247442467537923e-05 1.5441495304200025e-05 7.155853978112452e-05 1.0767271346537114e-06 0.0 2.5247064077977693e-05 0.0 0.00031156529838312125 1.803053917400386e-05 2.2459425189331472e-06 6.838969316161051e-07 2.1039646754006266e-05 2.8616228431316114e-06 2.223876103381875e-06 0.0018497295277308506 0.0003165321505946143 3.1326713061131793e-06 7.322415111404112e-05 8.269949850469795e-06 0.00014072510464418187 1.6884364282302507e-05 1.556703215512523e-06 0.00043412183818608487 8.345118749899884e-07 0.00023614590747452526 0.00048156882979390723 0.0007103065861900581 0.00026527629147839486 1.5296348882205705e-05 3.1810925874214487e-06 3.897709316360172e-06 4.2443300397390825e-07 0.0 7.292284177563258e-07 4.253484870728528e-07 0.0 0.0 0.0 6.775238701325429e-08 0.0 1.9054373330047157e-07 0.0 5.762954487716168e-07 0.0 3.5023588847398135e-06 0.0 0.0 0.0 0.0 2.6358665291911675e-07 2.816036140266638e-06 0.0 0.0 3.058588321285444e-07 0.0 7.061543521700679e-07 3.621739352169235e-06 1.520947645386095e-05 3.6637142844411214e-05 5.006817487822603e-07 0.0 0.0 2.8388526107614033e-06 0.0 0.0 1.1030627519417529e-07 3.633793391314677e-07 6.176776456550432e-06 9.38217510352923e-06 0.0 0.0 0.0 0.0 2.721832908485712e-07 0.0
4.335934729046994e-05 8.127204968616102e-06 0.00022755909974025643 1.2246176860968147e-06 5.910883005249067e-07 1.556814609599997e-05 2.472008234560942e-05 7.93236194535865e-05 1.4932897845139819e-06 1.0198911011168934e-05 0.0006232115718315312 1.4481507558939245e-05 3.5647881107983464e-06 0.0001266461584322239 7.439248474288635e-07 7.193028538264441e-07 0.0012092479903154775 0.00031156529838312125 0.0 1.4607319945114196e-05 1.9839074012894125e-05 1.7678237669418668e-06 0.0002180348489537076 4.253623597641919e-06 1.4915870411247094e-06 0.0018893397912887633 0.0010031158538762561 7.155183322998901e-06 0.00017545640688657906 0.00012081522608498365 1.3340113284702173e-05 1.2723473036639954e-05 9.722826046973612e-06 0.0023007938524999046 1.1326693257209707e-06 0.00039549326088198297 0.0005903916622688564 0.0011294961121944076 0.0002643467329375715 1.3608635872047448e-05 8.9305174412562e-07 5.855860849198818e-07 7.325155713847881e-07 0.0 1.0616519502868934e-05 4.278276852764277e-06 0.0 0.0 0.0 0.0 0.0 4.910938836700519e-07 0.0 0.0 7.805369108892353e-08 2.3571232096459224e-06 1.09526781169932e-07 0.0 1.2067278580962866e-07 1.081679295476499e-06 4.230334751745387e-07 3.174399959554161e-06 0.0 0.0 3.020764682696725e-07 2.378119916091941e-07 8.291611851717402e-07 7.15353126515459e-07 4.914852562895701e-05 9.44159610905496e-05 1.0496709015029261e-06 0.0 4.1721499113193487e-07 1.7756147237335046e-06 0.0 0.0 1.4938238511542529e-07 6.573696154609108e-07 3.2107914702535246e-06 4.136136116607525e-05 3.930035980946488e-07 0.0 1.3204466423117532e-07 0.0 6.521416393346485e-08 0.0
3.385524385756734e-05 4.5228397108765804e-08 1.74592946739628e-06 0.0027337220896650944 1.565189729628057e-06 0.0008115281364620136 6.464819665720721e-05 0.0003263629342566373 0.00014405359149858007 0.006955993292165318 4.893613265968182e-05 0.0030472098606064584 8.233914200281399e-06 0.0003685767667587637 6.24840823851567e-05 0.0 2.2189321769746887e-06 1.803053917400386e-05 1.4607319945114196e-05 0.0 1.3691823445389739e-07 0.0 1.211794786609001e-06 0.0009974623360676476 2.73726241432196e-06 2.699911989206239e-05 1.1276534355373194e-05 0.001493719048106201 0.0003551020828589558 2.016434647043973e-06 3.286381177580166e-06 7.882424416798765e-06 5.678449445496879e-07 0.00029598566046210576 5.312209917635623e-06 0.000596021453582829 1.228177069923035e-05 0.0005311629922434662 7.988818904856339e-05 0.0004893076019171526 4.1470816642221966e-05 5.466806777779649e-06 2.889146310399295e-06 0.0 0.0 0.0 2.5912800143922807e-05 0.0 3.400899515190672e-06 3.8603970817952236e-05 6.108374470284107e-07 4.162553373737349e-05 8.654093856903498e-06 6.771445854261314e-08 2.388344510525423e-06 0.0 4.7539516260252885e-07 0.0 1.16397025799723e-07 0.0 0.0 0.0 1.4960915582158974e-05 7.54580360952472e-08 0.0 1.82650540178284e-07 8.308330222913186e-05 0.0 0.0 2.548057605358016e-07 8.463779367225411e-05 9.527095459466008e-07 2.454180565112454e-06 0.0 0.0 5.410962396522066e-08 5.792413715615005e-07 0.0 8.502610787934163e-05 0.0 2.6618247469105827e-06 0.0 3.6070625772525546e-05 0.0 0.0 7.42060705313906e-08
1.81290392785019e-05 6.097947915313271e-06 0.0011070038611468089 5.600542051131828e-08 0.0 5.697251751243647e-06 0.00030786648233028466 7.759331172174171e-05 5.6259289028162465e-05 7.460768496655672e-06 2.6206424114155202e-06 9.518445644767379e-08 5.474837661198442e-06 6.365673601832104e-05 0.0 0.0012006632100239067 0.000423442867817782 2.2459425189331472e-06 1.9839074012894125e-05 1.3691823445389739e-07 0.0 0.00016810338939637944 0.009893557485550463 0.00021231057946207124 5.1060987248681945e-06 0.00015177893274659246 0.0005036842384084232 0.0032213290792848116 6.8544676583678e-05 0.004890754235636754 6.9387946767017e-08 1.690543663669449e-07 3.6788236399607206e-06 0.0016526471036375503 9.303449077422381e-05 0.003945638407926172 0.00044725397644103783 0.0026191087167455615 0.001827689372980722 7.88956967711594e-05 1.674949062816289e-05 7.074491927057955e-06 2.8239906923247722e-05 2.839902306474831e-07 5.776531325280518e-07 3.7214240546797404e-06 3.095082582443845e-07 0.0 4.065231542217415e-07 2.875884403702478e-06 1.7859275392713896e-07 9.909008449220432e-06 1.6467018376502238e-07 0.0 0.0 5.536185035523639e-07 5.829618895253307e-08 0.0 0.0003948414916597685 8.095367001966033e-07 0.0 0.0 1.319410109123568e-07 0.0002590333637981352 0.00012195544414192057 0.00016464895007460326 9.169556000064015e-05 6.189615841589075e-08 4.991318269507475e-07 1.7842312350279206e-05 5.8365981242545395e-05 8.667621810462543e-07 6.41083783904965e-05 0.0 0.0 1.6004062393800424e-07 1.062329317494134e-06 1.5355658928354221e-06 0.00010808757246898234 1.1195166148988535e-06 6.3530785130947615e-06 2.064237661677522e-06 6.54002938277275e-06 0.0 7.350655751127654e-06 5.119623923868922e-07
1.166924958590546e-06 0.000815694336686208 1.7392131854386952e-05 0.0 1.0447083327132109e-07 8.590661123097219e-07 1.9076553497571105e-05 1.6079506945517636e-06 0.0011676368963406247 1.0333109443229273e-06 3.37956708326079e-05 5.287482360497161e-07 0.00017181217424173787 8.450030262342768e-07 3.7949134058571304e-05 0.0021886556596817258 3.3777563557516814e-06 6.838969316161051e-07 1.7678237669418668e-06 0.0 0.00016810338939637944 0.0 0.000517566717466488 0.0033018907576658958 0.0002572465246170988 2.443911683734721e-05 0.0032871662135500247 0.0003405546901440691 2.4819974994283243e-06 1.0542662404362768e-05 1.9122371065026163e-05 0.0 1.7989252090054504e-07 6.576796006631945e-06 9.226283145367243e-08 1.2606023560568492e-05 1.1150878264258218e-05 6.909716443090992e-06 2.7148198239146358e-06 1.570946639051545e-05 1.5766904118652097e-07 7.176786140951844e-06 1.4892565092339452e-07 0.0 5.731568251910169e-06 5.901469304714671e-05 0.0 0.0 1.7469043511450242e-07 2.5576970881343146e-06 5.6943653168816e-07 6.929891580574981e-06 8.564499465153585e-08 9.192456542270107e-07 0.0 5.303797684636659e-06 7.551572005748974e-07 0.0 0.0005531354555914159 2.0114979267954135e-06 1.827510293079604e-07 5.525467421130699e-07 0.0 7.470518176394252e-05 6.624599435494219e-05 0.0003334037652428283 3.441631156876438e-05 6.5725960450446305e-06 7.381369256078584e-06 0.0005987455283297713 1.8330568278141594e-05 3.406460863931487e-07 1.0761336473000899e-05 1.0132005368693933e-06 0.0 0.0 1.5569559660925022e-06 1.1789676785494671e-07 2.0885428179571024e-05 5.223918176994527e-06 8.12698674406296e-06 7.59302978453584e-06 1.7206987164061924e-06 0.0 2.5743160699337933e-07 0.0
8.425382400971624e-05 3.168389220716853e-06 0.00519366387013579 8.844448696054008e-08 0.0 2.6065052511288702e-05 0.0004987250345436754 0.00021738332242312843 6.4527660997406814e-06 4.0096440872663006e-05 2.919837119712466e-05 8.775476018807573e-07 9.753615713998993e-06 0.00020718789883953308 0.0 0.0025727571196006017 0.002432938764354124 2.1039646754006266e-05 0.0002180348489537076 1.211794786609001e-06 0.009893557485550463 0.000517566717466488 0.0 0.0002534269141975153 1.3208901596397583e-05 0.0006945456911759001 0.003717851428604923 0.0030164685482346786 0.0002650389900247328 0.002799820623923714 6.709882980681946e-07 7.452610861755318e-07 1.4991157840282863e-05 0.0018887086254187235 0.00012236235211504482 0.007231742986735837 0.0024842424591384063 0.004249842262336794 0.003381791783905047 0.0001134613171294273 1.9119424076360143e-05 1.2487447980094671e-05 3.160172955523446e-05 4.634533079648596e-07 1.5328307292858587e-06 8.171570937759825e-05 0.0 0.0 1.8341196864708197e-07 5.032690126138459e-06 1.4643997135696136e-06 1.3893130663375947e-06 0.0 0.0 0.0 8.801399547483801e-07 3.150808939864419e-06 0.0 0.0011338616622282225 2.0110668446889377e-06 0.0 5.864114408771071e-08 0.0 0.0001382916222566006 0.0004105653997815401 0.0011724206515644966 2.8679514316650874e-05 8.116168473344085e-07 1.4221392548177214e-06 0.0004849371439584645 1.7846496687376407e-05 2.83151524069228e-07 1.679616951966971e-05 0.0 0.0 5.7237865912303585e-08 1.8064487061264998e-06 4.93584359679075e-06 0.00023535453379265145 9.595205165777563e-06 1.8096216116274003e-05 1.61979961022468e-05 3.715998732632784e-06 6.799133387034965e-07 2.963889465463375e-06 2.463272726765298e-06
2.9982474337272818e-05 0.0004201281097321858 2.19895211530423e-05 0.0012597287956927596 3.2780326965135614e-06 0.0001674951793925329 0.0016912178126915166 7.520720711855652e-05 0.005643996631098145 0.0005564179200336863 1.7091418892483325e-05 0.0008693532606809497 4.9493560420610806e-05 0.00010249764544480079 0.00030111594338972015 0.0018039589234928896 8.511831900535314e-06 2.8616228431316114e-06 4.253623597641919e-06 0.0009974623360676476 0.00021231057946207124 0.0033018907576658958 0.0002534269141975153 0.0 5.1342174103887385e-05 2.351783343277297e-05 0.002207480879976318 0.007674204016445428 0.0002133844142854145 0.0002503884275936579 6.7032069512229585e-06 1.3683628613502358e-06 2.7822930479373827e-05 0.00011943055894698653 1.2105375213418246e-05 0.0011828785046712538 4.485695765195021e-05 0.00028082786319219663 0.00014162115914946458 0.0005638233962185812 2.387955029773339e-05 4.611642415815294e-06 2.9064545963827014e-06 2.339475101452393e-06 2.388922064911842e-06 5.772388829046344e-06 4.340519532944263e-05 0.0 1.6403001199823795e-05 0.00018444431985145703 6.138902696704115e-06 0.00037589211997348586 1.984578495711124e-05 3.9919330380422537e-07 6.077586203527369e-06 8.394944822509677e-07 5.34344555977397e-06 1.1225749980703334e-06 0.00025934597636000274 1.1271662448753217e-06 1.0270106926288845e-07 4.339230467367213e-07 3.2368167228037826e-05 0.00020879935779640187 0.00010199170567890498 8.130375372861014e-05 0.0010455173292691837 1.4182468925421207e-06 3.7294100918828054e-06 5.469697848075883e-05 0.000941719196101357 2.2096374085709597e-05 0.00020156380028219862 9.156367523036837e-07 0.0 3.0880829822508044e-06 5.3072422326404785e-06 3.4519261196161126e-06 0.000363457646852188 2.999775913892953e-06 3.361032306989041e-05 3.7623416767027175e-06 9.445014750834913e-05 2.691477379078383e-06 5.587133371201807e-07 1.5179836766863262e-06
