0.0 7.090025627752963e-08 6.163468787753838e-05 2.960303087653135e-06 2.8941603482156685e-06 1.381837585145591e-05 0.001493158629824481 0.0006037203072083416 9.284732161031318e-07 3.081392996467381e-05 2.0454696951776965e-05 7.253000107057168e-06 1.6801416099658593e-06 0.0028758815539410565 1.7783613535519074e-07 3.50249145188282e-07 0.0002807077910928973 1.012595722789856e-05 3.975865679212276e-05 1.83428775373218e-06 4.712865849049691e-05 0.0 8.898565415854445e-05 4.998947806458042e-05 3.478704782791971e-07 1.1196624827296229e-05 2.2222276550437147e-05 7.231655403378367e-05 0.0013499074336420845 0.0021194994353898964 9.217407977145489e-07 1.0547113622325865e-05 3.764437467701897e-06 0.00010819386600409763 4.887958792791667e-07 2.8181706225714512e-05 9.717270965325177e-06 8.653046369890337e-05 1.7039381740590894e-05 3.0313116280710207e-06 1.339469859354759e-06 1.3205581690296674e-07 1.3709935883210402e-07 0.0 0.0 5.88161991930394e-07 6.348856357223816e-08 0.0 0.0 1.2415701371743955e-06 1.8353180716654231e-07 5.966373239923085e-07 0.0 0.0 0.0 0.0 1.6342201740082806e-07 0.0 1.0664635026322392e-06 0.0 0.0 0.0 0.0 7.48560030105434e-07 0.0 0.0 9.40059581754202e-06 0.0 4.09484867164275e-07 8.289820270528736e-07 1.0929190446276138e-05 4.916161284474406e-07 2.4463279371387523e-06 0.0 0.0 0.0 0.0 0.0 1.5533830376522232e-06 2.5157756249112895e-07 6.862592099850436e-07 0.0 4.304623827891084e-07 0.0 0.0 0.0
7.090025627752963e-08 0.0 3.953165483746965e-06 6.395841127501532e-08 1.2224445361989963e-06 8.516734626328343e-07 4.373698196757536e-08 5.613911356236427e-07 0.0003804499615232695 3.7699347094647173e-07 0.000163148307523201 6.789912123434321e-07 0.0003130316015643006 5.927121144621282e-07 1.573585924935432e-05 4.1247640522572874e-05 1.9960161666079948e-06 3.6690516846742673e-06 1.045740048085473e-06 1.3039109552043017e-07 2.803370103839911e-06 0.001242620641656024 2.187294028413415e-06 0.00035282154765722254 0.0011071001799522957 3.864667074212265e-05 0.003946896716614757 4.772162576035551e-06 2.371768394515545e-07 6.159577784634152e-08 2.6965624201593724e-06 6.058002464281901e-07 6.557374725011202e-08 2.5986199108921047e-05 0.0 4.631435315299449e-06 5.7034478682355537e-05 4.8084783942961716e-05 2.340232490780428e-06 1.0340998309114802e-05 7.557712490177232e-07 6.690591762443366e-05 0.0 0.0 2.305459806358147e-05 2.4693387741377355e-05 0.0 0.0 0.0 1.0961005771060362e-07 0.0 1.0024364200178174e-06 0.0 7.041497144067585e-07 0.0 6.279229754112084e-06 0.0 0.0 5.324276884785664e-07 2.5237725453710205e-06 5.755193657553505e-07 1.3946966164068242e-06 0.0 0.0 2.759296891590259e-06 9.969531489261569e-07 4.787737605669668e-07 3.537199205094336e-06 4.385167571001694e-05 0.0004619044612277986 1.600933410399316e-07 0.0 0.0 2.5509298600305863e-06 0.0 0.0 8.866374808110448e-07 0.0 3.1316028286929736e-06 7.959976163736057e-06 3.48940121516499e-06 6.859840975763345e-07 0.0 0.0 1.6162262240875046e-07 0.0
6.163468787753838e-05 3.953165483746965e-06 0.0 3.3670798675658488e-06 3.692337926154397e-07 5.7163789102231455e-05 0.0004506745884756643 0.0001913847487871486 7.177933254437479e-07 6.139419280159976e-05 5.704364676372098e-06 1.6135026791119025e-06 2.290963805552778e-06 0.00011901350723981668 5.936667032742193e-08 1.744361787159338e-05 0.005624971447951751 1.6697451859358293e-05 0.0005325897356431335 7.453482017842995e-07 0.0006229050561581584 1.6703276176495591e-06 0.004912043205619364 2.4400266889701288e-05 7.017719778589628e-07 0.0020642680172010823 0.002643794587644428 0.0002687890237070308 4.758880313510259e-05 0.00018337637765801097 5.58843833105012e-07 1.7970344939043572e-06 2.4176323997283067e-06 0.0004291185910736519 1.5721261346915816e-05 0.0009096359516307962 0.0017007359980342417 0.00153421371795129 0.0004221322255991371 1.2927977163982568e-05 2.8234284453889335e-06 5.467586542488361e-06 3.768331967683627e-06 1.3672214308488156e-07 2.159328479923615e-05 0.0005895061583641112 1.2150245426882695e-07 0.0 4.734231879735861e-07 6.888195920869934e-06 2.845693062475734e-06 1.1799642893109874e-06 1.49025155360603e-06 1.1159562409734295e-07 7.653009358881512e-08 0.0 4.179323940064029e-06 0.0 2.3957807818378638e-05 5.1080208783161114e-05 0.0 2.6203823101852956e-06 2.3530162001442208e-07 6.61270027575588e-06 4.617062276227657e-05 8.656127503802922e-05 1.3969089728469944e-05 2.4975600659818345e-07 1.5436572866725258e-05 0.0012677671306846737 1.2340472609569285e-05 1.149800085094885e-06 3.1146429143376403e-06 0.0 0.0 4.152679509942769e-07 7.267984509791004e-06 2.2650988504216447e-07 6.073964284758609e-05 2.6312818137370136e-05 3.654435056808344e-05 1.7269960488284404e-05 2.8225675218435017e-07 0.0 0.0 4.7014926184936576e-07
2.960303087653135e-06 6.395841127501532e-08 3.3670798675658488e-06 0.0 8.110990227158127e-07 6.56433741696991e-05 5.114130244807014e-05 2.0757634339011048e-05 0.0004725054284663601 0.0021678133528672387 3.189431783392678e-06 0.0014347791146680847 9.536082074791304e-07 2.2468270053967956e-05 2.3287083552420207e-05 1.9526379647448866e-07 1.1605074720907862e-06 1.0167091535598985e-06 1.4079003533889588e-06 0.004128239337573421 2.682911198462002e-06 7.784944160183693e-07 1.2166168293437267e-06 0.0014271186402656157 1.418488532125271e-07 1.2590510233479286e-06 2.0655318470137524e-06 0.00105648367040775 7.299639992405045e-05 1.696951328167358e-06 1.6913702852553165e-07 2.9139757091370582e-06 4.0863406777988616e-06 4.278079903098435e-05 7.945434258370873e-06 0.0002833791502583276 2.8549187042265466e-06 0.00010328456084174664 8.044869066001834e-05 6.40527086649753e-05 2.161536788910882e-05 2.2238349632210332e-07 3.634160261367293e-06 2.8647954768650745e-07 8.670710220381157e-08 4.763795939913251e-07 0.00015285416098082913 6.867591876669432e-07 1.1535561194822304e-05 4.9618293125132983e-05 3.0110882503430126e-06 5.128630020438923e-05 0.00014706245731154204 7.894114012112261e-07 9.053421625845774e-05 1.1086404746177653e-07 3.424927067260503e-06 1.4289630554099652e-05 7.916203610701e-07 3.1925960755900825e-07 1.0443614318640888e-07 5.579266074497699e-08 0.00033224029236289575 5.342263742608089e-07 1.1819668462301195e-06 2.5331040614739313e-07 0.0002369023145583734 5.79409259686109e-08 0.0 1.5400456756234756e-06 0.00016634930556195168 2.8582540380087983e-06 1.789136088791447e-06 0.0 1.799469573498979e-07 1.3202342584087578e-07 1.6459593583643923e-06 1.1343374270900652e-06 9.06831044653992e-05 0.0 6.55923766672968e-06 1.4077835396658016e-06 9.747007731442757e-05 5.372943054315905e-07 7.836098283570829e-07 9.008440519388351e-08
2.8941603482156685e-06 1.2224445361989963e-06 3.692337926154397e-07 8.110990227158127e-07 0.0 0.0003614560961489064 5.2104174362040835e-06 0.0002267222304625531 6.387657796574792e-05 2.130697819961254e-05 1.1896874047754266e-05 3.5987281402950176e-05 7.700774496381077e-06 4.052862665081593e-05 0.0005386038754466017 0.0 1.8590782674020522e-06 1.728918362848986e-06 6.31949621393879e-07 3.856356350896957e-06 5.160061025176111e-07 1.509187387569163e-06 4.5833702125432964e-07 2.319832140414355e-05 3.7740632067495028e-06 2.4374986369229725e-06 2.9290556187953506e-06 4.764307184880433e-06 0.000260998488609314 2.8941800459468944e-06 1.4014880021615331e-06 0.00018726749083105155 2.2886921263789737e-07 0.0003474957427531565 2.0910505895437333e-06 2.3358423678939634e-05 3.89271350503339e-06 0.00021453302441035898 2.971197901268847e-05 0.0014930614801679603 0.00016577600948895717 5.182481306195797e-06 3.0742972060312964e-07 0.0 6.085313982512167e-08 0.0 1.2139793351614462e-07 0.0 0.0 4.592588186439386e-08 0.0 0.0 0.0 0.0 4.63184638247095e-08 0.0 0.0 0.0 0.0 0.0 0.0 0.0 5.9460095377845905e-08 0.0 0.0 0.0 2.7924725837879575e-07 0.0 5.923295758281866e-08 0.0 1.5595776767121065e-06 0.0 2.599389176692266e-07 0.0 0.0 0.0 1.1771429763279605e-07 0.0 3.1103755491916006e-07 4.0916090697493645e-07 0.0 0.0 1.625862174231553e-07 7.207970273689827e-08 1.9453868279951602e-07 0.0
1.381837585145591e-05 8.516734626328343e-07 5.7163789102231455e-05 6.56433741696991e-05 0.0003614560961489064 0.0 0.0022653874797444852 0.0034539548076973504 9.386940823305884e-05 0.0029109937028024067 6.53298161364075e-05 0.001590239041251161 3.0010840349848965e-05 0.0002477943602653654 0.0007460558454018941 9.892678003613871e-07 5.2505636716184056e-05 1.3536004218717148e-05 1.0467493173571427e-05 0.00017974854817730124 2.0247784700236824e-05 5.235273567035526e-07 2.4709469863669457e-05 0.00011357197270464695 6.406010106030978e-06 1.786471193944023e-05 1.8991147975872758e-05 0.0006687281791949422 0.0001502629187377285 3.904945513965753e-05 4.652478059164328e-06 0.00015602658510784312 2.370505501511872e-06 0.0004170006052953281 9.437803855710467e-06 0.0002202660366685926 2.8784902970464077e-05 0.0005237653665023294 0.0001140121600548533 0.001997050242800485 0.00025632197376257735 1.5848068439095857e-05 3.0429999704704616e-06 0.0 0.0 2.7949280893884205e-07 8.158100847864956e-06 0.0 7.732984359172094e-07 7.571100320492955e-06 2.1492314267103145e-07 2.8180926937559234e-06 1.1372259235970276e-05 0.0 1.4999456383665914e-05 3.922370098029476e-07 4.3804946003624754e-07 1.0972458060973408e-06 2.2174349545325114e-07 1.274306630210469e-07 1.3701334616834332e-07 0.0 9.44098782657432e-06 2.641465185413154e-07 0.0 6.245230810375243e-07 2.7180812386656397e-05 0.0 3.6413574829177295e-07 1.7454884787019588e-06 1.9212522830917064e-05 4.6279603701295035e-07 1.653919926100642e-06 0.0 0.0 0.0 4.908156593210139e-07 1.866806683306e-07 1.0546719820219596e-05 1.0408631971582696e-07 3.0045739063528007e-06 3.9126150692663454e-07 5.313714294797754e-06 6.940380903630079e-07 2.2006543253731187e-07 1.366024467669112e-07
0.001493158629824481 4.373698196757536e-08 0.0004506745884756643 5.114130244807014e-05 5.2104174362040835e-06 0.0022653874797444852 0.0 0.0019101372743381292 4.419480670673844e-05 0.005826834438464142 1.207419650547628e-05 7.371536943968904e-05 3.2472330789088146e-06 0.003021574509693065 3.1254665354873707e-06 9.05979625282941e-06 0.00025804099033216986 4.917714793366301e-06 2.401002254410286e-05 2.0314323476172835e-05 0.00030313911688518703 3.3163157257029646e-06 0.00028949483603382496 0.0005825271942530038 3.5750357633208103e-07 2.687164496850389e-05 9.076314257392626e-05 0.008528517058460345 0.00043462544974471343 0.0027215438023206443 5.721072619149313e-07 1.202525574209936e-05 2.239496635419259e-05 0.00014610743169863908 1.759216084205044e-05 0.0008031101696933517 5.08366986731917e-05 0.00038306429828097855 0.00025958178418222685 0.00014652169301397044 5.408889127554194e-05 1.8534300249516597e-06 1.068963063890102e-05 2.5745532583411253e-07 0.0 5.094086322714084e-06 2.6745787573113258e-05 0.0 2.3641348640242084e-06 8.17525759273374e-05 4.559189920555116e-06 1.5689258683972363e-05 4.1733822113320605e-05 7.682097371489501e-07 4.002885714488101e-06 2.3782978149341855e-06 4.860268468811485e-06 3.12768744515067e-06 7.1117802276444495e-06 3.048450320499133e-07 1.702161027284575e-07 1.6161614419633223e-07 5.315959653516877e-05 4.2562378725048166e-06 7.564616800439874e-07 3.9865185470366404e-06 0.0001709958595341693 4.851394869671706e-08 1.1635609216542904e-07 1.1480241386389511e-05 0.00021483050657841943 6.923875920693249e-06 1.3603896285220113e-05 7.352087812905617e-08 4.935188011685112e-07 2.513537343419987e-07 3.105317533281098e-06 1.8724275677963562e-06 0.00010133530838547337 1.1711359308953653e-06 1.7874364841987105e-05 4.450597373058206e-06 3.680342845544446e-05 2.088415478459017e-06 1.457632171703689e-06 0.0
0.0006037203072083416 5.613911356236427e-07 0.0001913847487871486 2.0757634339011048e-05 0.0002267222304625531 0.0034539548076973504 0.0019101372743381292 0.0 3.25141153926389e-05 0.0026402980365570015 6.27316415997594e-05 0.0007503162308669676 1.4652382367096281e-05 0.0034378286450111105 8.91267492856594e-05 4.559993817529079e-07 0.0004992340119357833 1.9830273509001832e-05 5.977666186781899e-05 0.00013952428008634382 6.0295004919692994e-05 1.7762930536436552e-07 0.0001355315141518126 0.00010660991030693275 3.3026911756335315e-06 3.138048834596142e-05 4.144059712218747e-05 0.0002701986797246183 0.0005087286114236508 0.0006691116692491298 3.3120714823227307e-06 0.00024833346602616915 5.271359078553304e-07 0.0003072957471819695 5.8592147833458915e-06 0.00021189369971936494 4.218373401151898e-05 0.00039877027781839747 6.044589212225254e-05 0.0007206078495957005 9.10366015819195e-05 6.541085280856934e-06 1.6367714648789949e-06 1.4874584641240742e-07 0.0 1.2152650525203481e-06 3.740740696677077e-06 0.0 1.4487358740362323e-07 7.910677485795705e-06 2.803561232077506e-07 1.8791715394419303e-06 1.8583915120654708e-06 0.0 3.372227163843491e-06 1.281095446032765e-07 1.0347950376652623e-06 0.0 9.122355480797823e-07 8.280503731717394e-08 0.0 0.0 2.116932634344118e-06 7.071804463778038e-07 3.05292772233208e-07 4.50322629829737e-07 2.513950746789692e-05 0.0 6.675409166064275e-07 2.860065786978648e-06 3.215867861772332e-05 1.678021297523413e-06 5.443487992653108e-06 0.0 0.0 0.0 6.482545919053945e-07 0.0 7.232372750443056e-06 5.244967969796626e-07 1.9711167510988788e-06 1.9006040779962143e-07 2.7206945468860663e-06 0.0 1.453675329889683e-07 0.0
9.284732161031318e-07 0.0003804499615232695 7.177933254437479e-07 0.0004725054284663601 6.387657796574792e-05 9.386940823305884e-05 4.419480670673844e-05 3.25141153926389e-05 0.0 0.00012380224916287193 5.2071591359552686e-05 0.0005360163044320252 3.797901086891174e-05 1.1286374355807453e-05 0.0006143914370296281 8.261264758974313e-05 1.2699152753578877e-06 1.7787687602855496e-06 4.7658486448310435e-07 0.00023479272345452933 5.1279963265807595e-05 0.0011428684256572592 1.0122572291370374e-05 0.005772389220831962 0.00019348040744471796 8.032524547411163e-06 0.0008407479044009156 0.0003719846875400564 9.693614382857677e-06 1.6376277659777444e-05 1.2974937538967137e-06 3.2480681467989157e-06 4.023655633717932e-07 2.1565335381075848e-05 7.447317802359852e-07 9.736813981662692e-05 1.9494620937436848e-05 2.8592453417752e-05 2.5383875336658197e-06 0.00022798621862347716 1.3895913541572554e-05 4.296237543605988e-06 1.040178771537867e-07 1.1058993671663554e-06 4.216554764458144e-06 3.1748905605466377e-06 0.0001125738343097552 1.715606921295824e-06 9.54007376702409e-06 4.862621892425988e-05 4.690619234453833e-06 5.9256670227179775e-05 8.628660923705541e-05 5.964395688370072e-07 0.00015826494119200557 1.011553770002362e-06 6.124710226619421e-06 2.186420191910846e-05 0.00017503178038004135 6.328588398413061e-07 3.6713344481114615e-07 5.682797746367026e-07 0.0002615482206326597 7.448189883377432e-05 8.210898713750159e-06 9.266314526867302e-06 0.0008562069697355458 7.55379791879458e-07 4.171314429223247e-06 1.9747551317688373e-05 0.0002780831566083831 1.8822998182689462e-05 4.3856282386313594e-05 4.147269230269779e-07 1.818172809513946e-07 5.086266712339032e-07 2.976429398293511e-06 1.387497564637458e-06 6.558342293125863e-05 1.8212421514784857e-06 1.2867081143653117e-05 3.213622797413419e-06 0.00011698575309423902 1.6055111997405298e-06 5.052431302476476e-07 7.181955923125637e-07
3.081392996467381e-05 3.7699347094647173e-07 6.139419280159976e-05 0.0021678133528672387 2.130697819961254e-05 0.0029109937028024067 0.005826834438464142 0.0026402980365570015 0.00012380224916287193 0.0 7.482262432037576e-05 0.002397058409941761 1.788846258372182e-05 0.001728768779460075 7.668021310223187e-06 1.3930976342004511e-06 2.970374664981533e-05 2.9312465056235942e-05 2.4740455687479484e-05 0.0023423679153901414 2.5906434820210598e-05 7.69743792338809e-07 2.8165132335035002e-05 0.000569260225426006 2.285245469530353e-06 3.428264165678839e-05 2.974794573918479e-05 0.004554915187241265 0.0004878093148341783 3.126379212667278e-05 6.1780356798016586e-06 6.410642259356412e-05 5.9918509626713125e-06 0.00029337788273808645 2.1844631422415018e-05 0.0005765508828213455 2.4863240747735033e-05 0.0007590213056554462 0.00019966330327088612 0.00026600636641577717 0.00016409776104601281 5.679788248748517e-06 1.3120333051427989e-05 2.3860231690343826e-07 2.965335960931098e-07 1.345125209155327e-06 0.00015008617956315334 1.592857683762858e-07 1.1187534145126668e-05 9.74704944327604e-05 3.3307676224263913e-06 3.0782661577938846e-05 0.00011339888934281447 5.352297956017046e-07 5.4390779974020266e-05 2.3518390643362504e-07 4.543962422804963e-06 1.1881491766864088e-05 1.9925798619351924e-06 2.6583329787490503e-07 1.7292742717975075e-07 2.0064860941366992e-07 0.0002403637285194147 1.9252829635632288e-06 1.0472068999240253e-06 5.834522323655152e-07 0.0002936991270274264 4.893409451669782e-08 4.499901591223776e-07 3.7193384634978953e-06 0.0002420881267105021 4.96022468217505e-06 2.601535752776347e-06 1.1336364989956512e-07 2.748975715105026e-07 1.3813547627157885e-07 3.2641047385821986e-06 6.121496762540121e-07 8.068260129076886e-05 6.198861374953355e-07 1.0281146897678063e-05 2.538673715086094e-06 6.541406976150345e-05 1.193670112539746e-06 9.527396542085371e-07 4.2789574477008136e-07
2.0454696951776965e-05 0.000163148307523201 5.704364676372098e-06 3.189431783392678e-06 1.1896874047754266e-05 6.53298161364075e-05 1.207419650547628e-05 6.27316415997594e-05 5.2071591359552686e-05 7.482262432037576e-05 0.0 6.891728477900113e-05 0.0014582606772724838 0.0001384153095965624 6.365379100910172e-06 2.1266846089294103e-06 0.00022430338721667186 0.0012601856058870892 0.0009966181751275044 1.4397352340624387e-05 3.982521371772982e-06 7.427283194556093e-05 1.4827836602155608e-05 3.471298503721754e-05 0.0006503842173024735 0.0014514938771041188 0.0009765699717063836 1.550617944419154e-05 0.00015795796420655828 9.671361231329879e-06 0.00035652863344175304 0.00013346328000561465 4.4256035030005185e-06 0.004852792561612974 1.941931908470665e-06 0.0001713992593199414 0.0019215784149463795 0.0008151186520814116 0.00013342289755947622 5.980589500534921e-05 2.5247731283473928e-05 0.00030933133648715724 2.280999434060751e-06 7.969984975231457e-08 1.568096502782987e-05 6.699914462991766e-08 2.2889533901311186e-07 7.145072359895606e-07 5.725198580818287e-07 1.2454959338998151e-06 7.142726324264844e-07 1.6062461203385982e-06 5.50586392419576e-07 0.00013276116759559594 5.065139084445399e-07 0.000467036636972549 8.640279284633858e-07 1.0786637000718383e-07 2.998309757103168e-07 6.256327732779533e-08 5.4156813506340634e-06 7.815700874900392e-07 2.9077086200982707e-07 4.753119739085313e-08 3.657219384117176e-06 7.027974342731745e-08 4.37541625758299e-06 3.3138148390615605e-05 2.5630163894358138e-05 9.568157785203882e-05 3.876943732479293e-06 1.5916532548151057e-06 4.2143176230407167e-07 9.295673402725719e-05 1.1143175506422051e-06 0.0 1.5874882210223545e-05 3.6063933236601436e-07 1.0655976649489821e-05 0.00024370358754465936 2.1749455866722105e-05 1.9989913018661098e-06 9.179324552889111e-07 1.2697552875327823e-06 0.00011179833191657752 6.395317532369533e-07
7.253000107057168e-06 6.789912123434321e-07 1.6135026791119025e-06 0.0014347791146680847 3.5987281402950176e-05 0.001590239041251161 7.371536943968904e-05 0.0007503162308669676 0.0005360163044320252 0.002397058409941761 6.891728477900113e-05 0.0 1.3691946871067776e-05 0.00023807959615472051 0.00027067989299924786 1.5274516074443985e-07 4.896084003972423e-06 1.9812619169548717e-05 9.745926523890888e-06 0.0035679271137665294 6.893050832047721e-07 1.045677210568903e-06 2.2086107789297337e-06 0.0004605506685402845 3.285949732224005e-06 1.7468235761301625e-05 1.6328090538613052e-05 0.0006348858466360486 0.00010335638811535067 4.299245481725453e-06 6.439971427329949e-06 4.6510956311307284e-05 5.835037644672411e-08 0.00015524218911275794 1.9975934073386718e-06 0.0007100398053151671 1.0081169139761071e-05 0.00029524080779395054 1.51581184935032e-05 0.0003990028195063962 5.298860453400303e-05 3.990746509094317e-06 2.0249077814730565e-06 0.0 2.95548358739867e-07 7.689143218682663e-08 7.691149230140027e-05 3.683051814732755e-07 5.336274652385775e-06 5.69170582606884e-06 4.247219544990254e-07 3.398358071900185e-05 6.179310088695353e-05 0.0 0.0001367009029976606 0.0 8.702883791455992e-07 1.5975101586191392e-05 0.0 0.0 6.579399122050586e-08 0.0 0.00013477645794645276 1.705663074946497e-07 1.4525819265977238e-07 2.385607137394037e-07 7.720840816540745e-05 1.5833277719280201e-07 3.0599837501180403e-07 4.765800944750201e-07 3.064596450122738e-05 1.029697374637206e-07 1.7959972668946563e-07 0.0 5.340613914632085e-08 0.0 8.863156444382553e-07 1.5855636512569784e-07 0.00010434834782840388 6.239312225524228e-07 1.0312449162528e-06 1.3431124144490595e-07 0.0001469156169403734 2.1520086695467084e-07 1.266649680542751e-07 0.0
1.6801416099658593e-06 0.0003130316015643006 2.290963805552778e-06 9.536082074791304e-07 7.700774496381077e-06 3.0010840349848965e-05 3.2472330789088146e-06 1.4652382367096281e-05 3.797901086891174e-05 1.788846258372182e-05 0.0014582606772724838 1.3691946871067776e-05 0.0 1.4527733045839438e-05 2.2173197117472685e-06 1.5420514506775585e-06 2.4834640095737198e-06 6.502479775593428e-05 5.181040409149437e-06 3.2094558274015587e-06 2.543906966833157e-07 7.393214251808533e-05 4.096925055017939e-06 2.7770585783404148e-05 0.002323576584612417 0.00012348580032928527 0.002376137122634598 6.098598279630837e-06 1.3216840205780586e-05 3.4782698045727514e-06 0.00021118953688457624 2.9943245629101742e-05 0.0 0.0004922715018245765 2.2941816674956498e-05 0.0011298678608666574 0.0030364624460406755 0.0025232485846108485 0.0001773043886339814 8.79517686252983e-05 0.00011956573546825628 0.0003401045411713706 9.108626558680998e-06 0.0 3.28722024694563e-05 6.41481592225012e-08 5.438117302903329e-08 7.188959637153876e-07 1.403732857189156e-06 4.6278569246304424e-07 1.4752535348059513e-06 4.32236099047018e-06 1.1465268834323245e-07 0.00026410495955037723 6.696026315394907e-07 0.0010916268973092536 1.2321921640143316e-06 4.79229405008262e-07 5.1555356944849584e-08 0.0 1.6378655739491286e-05 2.2701029968883304e-06 6.604562344553567e-08 0.0 6.0577588278258195e-06 0.0 4.8656418161916655e-06 0.00010840716804179098 7.962151440322016e-05 0.00021947127685292115 8.914638367605824e-07 1.883961485473645e-06 0.0 0.00023037762670458756 3.933081847047158e-06 0.0 2.854448137018953e-05 5.445283220084162e-06 0.0001329832122192574 0.0003794536377294388 5.052676322654328e-05 2.320826294365444e-05 3.381913384000796e-06 4.364628020665892e-06 0.00013732770004183266 1.414154527945427e-06
0.0028758815539410565 5.927121144621282e-07 0.00011901350723981668 2.2468270053967956e-05 4.052862665081593e-05 0.0002477943602653654 0.003021574509693065 0.0034378286450111105 1.1286374355807453e-05 0.001728768779460075 0.0001384153095965624 0.00023807959615472051 1.4527733045839438e-05 0.0 1.1220806080149352e-05 5.466343778079957e-07 0.0003812745703985222 4.041771254305349e-05 5.957336937752157e-05 6.797899793662546e-05 4.403176516134935e-05 1.9802155891815455e-07 0.00010320987077972957 0.00013669921775876127 2.2156434637984342e-06 4.587902000475612e-05 4.7304168943781016e-05 0.00025782399810793464 0.00387810891216477 0.0008740423616211214 6.521845664868156e-06 0.0004243205229345028 6.761670613771783e-06 0.0005148166947180506 6.5172640091894555e-06 0.00022640156734016935 2.733130838373282e-05 0.00039901541959142 3.202247197105168e-05 0.0001382774085255802 1.892214506561662e-05 8.088070395507622e-07 1.4894588819748328e-06 0.0 0.0 8.470710606599786e-07 2.1890349898532213e-06 1.622164979476304e-07 8.032851470267393e-08 7.075355832027144e-06 1.2265963306455683e-07 1.6391147017999756e-06 1.6213823549844371e-06 0.0 1.6193950422638028e-06 3.265616815893083e-07 5.579370968920078e-07 1.479810131737148e-07 2.692933076957968e-06 0.0 0.0 0.0 3.1858758853517198e-06 2.674232605336175e-06 1.4744512888419813e-07 5.762777932277909e-08 2.8328660882616374e-05 1.886102300181055e-07 3.437360632865401e-07 1.6856237600484253e-06 3.296606714990595e-05 1.4668066702742984e-06 3.5615757537460695e-06 5.366692246599672e-08 1.7302981267701566e-07 0.0 2.8528281328417e-07 8.980726429252785e-08 9.848047279987693e-06 8.305993267003634e-07 1.792858681647295e-06 1.9129785313426551e-07 4.192047431412094e-06 5.229080754381613e-07 0.0 0.0
1.7783613535519074e-07 1.573585924935432e-05 5.936667032742193e-08 2.3287083552420207e-05 0.0005386038754466017 0.0007460558454018941 3.1254665354873707e-06 8.91267492856594e-05 0.0006143914370296281 7.668021310223187e-06 6.365379100910172e-06 0.00027067989299924786 2.2173197117472685e-06 1.1220806080149352e-05 0.0 1.7577195343952961e-07 0.0 1.2726590671303937e-06 3.282361298228624e-07 9.727499139998116e-06 0.0 3.5749010961932946e-05 5.212997591152495e-07 0.0006344121471841536 5.9734401765764494e-06 1.907444742395592e-06 4.247013154251972e-05 3.0969806946481486e-05 8.592752563653469e-06 5.7862154108488934e-08 9.381407184589291e-07 1.2614308410071653e-05 0.0 0.00010334120349810491 1.4063930689638952e-05 0.00019199918216482697 1.2569887097807577e-06 2.637878530161795e-05 1.3200402132597445e-06 0.0006011724872982579 0.00012167739813208605 6.05712426423237e-07 1.8205112192325004e-07 0.0 0.0 1.6015298711224335e-07 2.024498651283256e-06 7.842227305469146e-08 0.0 2.625485658330901e-07 0.0 3.2824896728346833e-06 2.935145996383567e-06 0.0 6.842133340716306e-06 0.0 0.0 1.783870930227719e-06 9.891823024467001e-07 0.0 0.0 0.0 7.853775773386921e-06 5.284761657383227e-07 4.608485429928947e-07 4.3035952067233066e-07 5.499099881149263e-06 0.0 0.0 1.2552798153017733e-06 1.4827712581945418e-06 7.590742260544888e-08 1.4628505986774252e-07 0.0 0.0 0.0 0.0 4.941064936177753e-06 1.2835420739275342e-05 0.0 4.624203311963445e-08 0.0 2.0415389808827913e-05 0.0 0.0 0.0
3.50249145188282e-07 4.1247640522572874e-05 1.744361787159338e-05 1.9526379647448866e-07 0.0 9.892678003613871e-07 9.05979625282941e-06 4.559993817529079e-07 8.261264758974313e-05 1.3930976342004511e-06 2.1266846089294103e-06 1.5274516074443985e-07 1.5420514506775585e-06 5.466343778079957e-07 1.7577195343952961e-07 0.0 5.012560455910184e-06 3.4015824837390485e-07 3.18291387428851e-07 0.0 0.0013443801868812167 0.0009695869613548929 0.002689182480688688 0.0009089904627627867 1.0537559612608461e-05 5.837906245937019e-07 0.002835546383539623 0.0004612651463440659 6.489518073244518e-06 5.585346797299765e-05 6.075566541531683e-08 0.0 4.3880494771953287e-07 2.4599518233725274e-05 1.3990277799343713e-05 0.001150093632341816 0.0006084790482093996 0.00029329007513667935 0.0002738385766356362 1.2826464265534676e-05 1.4952028067456619e-06 4.808561417221053e-07 6.146092624800959e-06 7.405060754483218e-07 1.0590877622900383e-06 2.6034855479154104e-05 1.8076610233531485e-07 0.0 0.0 4.058011824750883e-06 6.424700095836442e-07 1.0634873660918518e-05 4.52964581357701e-07 1.521106848489802e-07 0.0 2.500233939578289e-07 1.940230331054442e-06 0.0 0.0021766384562423085 1.5722303614653488e-06 4.676975005717955e-08 1.7724433406443053e-07 8.203321874290152e-08 0.00020725069652438816 0.0004091483411035678 0.001048821895897826 0.00010635392058991352 4.5967454524779656e-08 4.051327933854617e-07 0.0005601547631213926 7.461264805357076e-05 8.922986007580824e-06 1.6309384999572596e-05 1.1951616342042817e-07 6.778671071289352e-08 3.412527841138264e-07 2.0104194290763337e-06 3.90057516468834e-07 7.485850476348845e-05 4.394560793698395e-06 7.615398992836949e-06 5.005067783643187e-06 3.354171432594986e-06 4.7586965686808607e-07 0.0 1.669421537265005e-07
0.0002807077910928973 1.9960161666079948e-06 0.005624971447951751 1.1605074720907862e-06 1.8590782674020522e-06 5.2505636716184056e-05 0.00025804099033216986 0.0004992340119357833 1.2699152753578877e-06 2.970374664981533e-05 0.00022430338721667186 4.896084003972423e-06 2.4834640095737198e-06 0.0003812745703985222 0.0 5.012560455910184e-06 0.0 0.00014189968193442746 0.0023181998275763134 1.2002207368072728e-06 0.0006585756221637606 1.0938814290284564e-06 0.001928090875698508 1.5171811230666615e-05 1.752121100590471e-06 0.0026801600271438237 0.0030783023789665675 5.703271547612979e-05 0.00041074885860434133 0.0006209569782791994 4.023963834959699e-07 7.193487983893304e-06 1.5900047857766605e-05 0.0020937662485787756 2.929695665419676e-06 0.0002588052893413959 0.0009820104115151657 0.0010523624451585262 0.0002030819900580022 6.0740214668986845e-06 3.2158624210652693e-06 5.917326030250645e-06 2.1474241999064025e-06 0.0 5.897909489285759e-06 4.2838473099594215e-05 0.0 0.0 0.0 6.62016877388119e-08 6.231799367467623e-08 0.0 0.0 0.0 0.0 6.221277896398325e-08 1.3131024290554798e-07 0.0 2.1987177783500335e-06 3.966427722914581e-06 2.1592376148919184e-07 1.725999888118555e-06 1.1610600037466466e-07 1.713643954299904e-06 3.0313251640651846e-06 1.8788782354196564e-06 4.015244225865076e-06 7.559371545507002e-08 2.590612062881479e-05 0.00011877857839345561 4.24404316953496e-06 6.262315980338545e-07 1.3271483222131096e-06 1.2635270982721518e-07 0.0 0.0 2.0155043835217004e-07 0.0 8.526854402472242e-06 2.766963307684093e-05 2.049142366143181e-06 4.70794288194361e-07 0.0 0.0 5.517817617836289e-08 0.0
1.012595722789856e-05 3.6690516846742673e-06 1.6697451859358293e-05 1.0167091535598985e-06 1.728918362848986e-06 1.3536004218717148e-05 4.917714793366301e-06 1.9830273509001832e-05 1.7787687602855496e-06 2.9312465056235942e-05 0.0012601856058870892 1.9812619169548717e-05 6.502479775593428e-05 4.041771254305349e-05 1.2726590671303937e-06 3.4015824837390485e-07 0.00014189968193442746 0.0 0.0018787469928414696 4.54929411745268e-06 3.866819018557243e-06 7.895442598536622e-07 1.0216329271061951e-05 4.564771905267314e-06 1.647285917821291e-05 0.002452228946835882 0.0007817162965538788 6.994213255009543e-06 5.392596168616994e-05 7.623934317950182e-06 0.00017439806546673474 2.2126619513712382e-05 2.2103200356395478e-06 0.0009638308155488195 2.0037795130027976e-06 0.00036059935913776377 0.000696218769846758 0.0006600384645455178 0.0002901276749090281 1.3685503867486245e-05 3.3218400165763763e-06 2.3253546517811542e-05 1.5484645378055117e-06 0.0 3.2104843646843014e-06 1.9969388714811565e-07 4.2169282778249915e-07 0.0 0.0 1.8420983464660493e-07 0.0 5.142257074857925e-08 3.9624125428722055e-08 1.6307833278957118e-06 1.0411175213303073e-07 2.245771509370521e-05 0.0 0.0 5.473609823488044e-08 3.4924489643591205e-07 9.673762558637082e-06 4.895447286058774e-06 3.063745002535812e-07 4.5150669759190187e-08 4.273494739881414e-07 0.0 7.106709407827352e-07 4.703488369286147e-06 4.996758049408692e-05 9.605236977484895e-05 7.047561993914696e-07 0.0 9.1195043047426e-08 1.680617868010436e-05 1.0255735482236459e-07 0.0 5.406539163053468e-08 7.441381296615152e-07 1.4145054834826757e-05 2.154965535025658e-05 1.445256715549794e-06 1.665269380587603e-07 0.0 0.0 2.4646694303823606e-07 0.0
3.975865679212276e-05 1.045740048085473e-06 0.0005325897356431335 1.4079003533889588e-06 6.31949621393879e-07 1.0467493173571427e-05 2.401002254410286e-05 5.977666186781899e-05 4.7658486448310435e-07 2.4740455687479484e-05 0.0009966181751275044 9.745926523890888e-06 5.181040409149437e-06 5.957336937752157e-05 3.282361298228624e-07 3.18291387428851e-07 0.0023181998275763134 0.0018787469928414696 0.0 2.2009537720676743e-06 4.191103113178561e-05 6.498710107600245e-08 0.00016210919046928985 3.8853274315801515e-06 1.974642339951778e-06 0.003634419375565435 0.0006159479041920755 8.834229677875186e-06 0.00012119208591439448 4.464257003848965e-05 2.566474866448352e-06 7.567530036168619e-06 6.901415268094353e-06 0.002734022357482654 5.560985706753369e-06 0.0006662124803934708 0.0009022837219682978 0.0013306289157398938 0.0004690098109621705 9.282481681893447e-06 3.4727175342274594e-06 4.436031011392582e-06 1.6169748789534542e-06 0.0 3.6160011380011116e-06 4.845072309747539e-06 0.0 0.0 0.0 2.578357139608123e-07 0.0 2.900038401343316e-07 0.0 1.7711097211178874e-07 0.0 2.3911676399115537e-06 0.0 0.0 9.769146614395596e-08 3.0530642299735066e-06 2.329619146533839e-06 7.864045345324265e-06 0.0 2.630806409794604e-07 8.613831591608616e-08 7.177378926879294e-08 5.238834677387473e-07 7.064502957878197e-07 0.00010956012033963833 0.00014265831919571255 7.736962416273855e-07 0.0 1.5841454603642062e-07 1.3587853112274593e-06 0.0 0.0 8.198662556321555e-07 1.1048451191206131e-06 1.9372507449326686e-05 0.00011797116614087304 2.07526080659601e-06 1.4770165694486356e-07 7.249000731717842e-08 0.0 0.0 0.0
1.83428775373218e-06 1.3039109552043017e-07 7.453482017842995e-07 0.004128239337573421 3.856356350896957e-06 0.00017974854817730124 2.0314323476172835e-05 0.00013952428008634382 0.00023479272345452933 0.0023423679153901414 1.4397352340624387e-05 0.0035679271137665294 3.2094558274015587e-06 6.797899793662546e-05 9.727499139998116e-06 0.0 1.2002207368072728e-06 4.54929411745268e-06 2.2009537720676743e-06 0.0 5.124034881384852e-07 5.15086482325937e-08 6.290734514114058e-07 0.0002585523379212526 1.2783774946637655e-07 5.639546493064395e-06 3.5309904733486974e-06 0.0012460475947298833 4.1597182558864905e-05 1.3550497009394775e-06 1.456234566960915e-06 1.0377961136076291e-05 0.0 3.547564159272469e-05 2.345948146294713e-06 0.00016778937203589924 3.3884332110218834e-06 9.740008498400529e-05 1.727477856249329e-05 9.445436790236763e-05 2.3024530311902937e-05 6.562767465086118e-07 2.1297612679567107e-06 0.0 1.4100374199605198e-07 5.249510801956293e-07 8.942265912788962e-05 2.1198699107610903e-07 5.375542567642444e-06 1.4997790979764235e-05 1.39675292838109e-06 1.7180643158347406e-05 5.62000927470793e-05 0.0 4.155969789454418e-05 5.141898275688678e-08 1.6445663024782486e-06 5.147293562818273e-06 0.0 0.0 0.0 0.0 0.00011442632259174389 9.808815847095012e-07 2.98203846261995e-07 0.0 9.055478192906803e-05 0.0 6.010209804865185e-08 6.265124985099276e-08 5.6315183101775805e-05 4.7041947842243927e-07 6.099125272106721e-07 0.0 0.0 0.0 4.828193985026888e-07 1.0141079129642411e-07 5.402133642306373e-05 0.0 1.9280531714956137e-06 3.4855374094798847e-07 6.439559334091962e-05 0.0 0.0 1.3173136484229094e-07
4.712865849049691e-05 2.803370103839911e-06 0.0006229050561581584 2.682911198462002e-06 5.160061025176111e-07 2.0247784700236824e-05 0.00030313911688518703 6.0295004919692994e-05 5.1279963265807595e-05 2.5906434820210598e-05 3.982521371772982e-06 6.893050832047721e-07 2.543906966833157e-07 4.403176516134935e-05 0.0 0.0013443801868812167 0.0006585756221637606 3.866819018557243e-06 4.191103113178561e-05 5.124034881384852e-07 0.0 5.205769560154161e-05 0.007104475135171334 9.392606496303802e-05 7.450765172231264e-07 1.0678795788595566e-05 0.000587994342332231 0.003041402565668777 8.652123185347298e-05 0.0034073372467232103 1.0999871613908974e-07 1.4455420390549452e-06 8.143342572492781e-06 0.001624103576188259 5.092299736585441e-05 0.0033722358018438863 0.0005084328813699268 0.003502017786446306 0.0014852645886017004 4.1872643978884976e-05 1.491976330953659e-05 9.074467344960299e-07 2.5254651791174096e-05 7.205110785390299e-07 5.6880889855504963e-08 4.096230753841231e-06 9.475398001439769e-08 0.0 0.0 2.177359535245407e-06 6.289592495631789e-07 8.672039184288173e-06 0.0 1.5989390818394527e-07 2.3171727732093934e-07 6.189322121376069e-07 1.994083211389558e-06 0.0 0.0003567560324395251 7.918616068027064e-08 1.349080758377214e-07 3.6536620829083724e-07 7.91725102974236e-08 0.00016143932348931678 2.0487135923661312e-05 4.95669399997539e-05 0.00010252023693773022 0.0 5.384719903052396e-07 1.113307339189082e-05 9.453699461535381e-05 1.0148735667510869e-05 2.822731427099707e-05 5.60648981847848e-08 0.0 8.879496638982542e-07 8.426693498186222e-07 2.3312162718305908e-07 6.680223703756372e-05 8.231987907046276e-07 2.169951464848413e-06 1.088643716122754e-06 2.340093249249476e-06 2.5897333610469235e-07 0.0 0.0
0.0 0.001242620641656024 1.6703276176495591e-06 7.784944160183693e-07 1.509187387569163e-06 5.235273567035526e-07 3.3163157257029646e-06 1.7762930536436552e-07 0.0011428684256572592 7.69743792338809e-07 7.427283194556093e-05 1.045677210568903e-06 7.393214251808533e-05 1.9802155891815455e-07 3.5749010961932946e-05 0.0009695869613548929 1.0938814290284564e-06 7.895442598536622e-07 6.498710107600245e-08 5.15086482325937e-08 5.205769560154161e-05 0.0 8.196880873273165e-05 0.003125486648682106 0.000543679510398116 5.5059894276458755e-06 0.002189959082226792 5.399001570731919e-05 9.28694954752318e-07 2.7354904256313256e-06 1.419523494239046e-06 3.286578808973623e-07 0.0 1.328465366438054e-05 0.0 3.690952896540849e-06 2.670493325840535e-05 1.7533695424905144e-05 7.79578389869887e-07 2.4429435153596363e-05 3.481670233141585e-07 1.099441012623553e-05 0.0 0.0 7.94984899808323e-06 2.9911161540480725e-05 0.0 0.0 7.041915272833788e-08 1.3435316260947951e-06 4.936574936337844e-07 4.83842968647517e-06 0.0 0.0 0.0 1.8399851451867339e-06 8.98062729239412e-08 0.0 0.0004557741366597215 1.4144107890991654e-06 0.0 0.0 0.0 2.3104692562654758e-05 6.151653871226212e-05 0.00012965442080241048 1.7296778396469465e-05 4.59458327759047e-07 3.669951969365546e-06 0.0004963277092288592 7.605610497758104e-06 1.0752604461025327e-06 1.0194130389338356e-06 7.00591532405095e-07 0.0 9.239163255743159e-08 3.0343355195988185e-07 0.0 3.86804276394061e-06 1.8533067558938213e-06 2.2576425385040415e-06 2.7684161785565037e-06 0.0 0.0 0.0 0.0
8.898565415854445e-05 2.187294028413415e-06 0.004912043205619364 1.2166168293437267e-06 4.5833702125432964e-07 2.4709469863669457e-05 0.00028949483603382496 0.0001355315141518126 1.0122572291370374e-05 2.8165132335035002e-05 1.4827836602155608e-05 2.2086107789297337e-06 4.096925055017939e-06 0.00010320987077972957 5.212997591152495e-07 0.002689182480688688 0.001928090875698508 1.0216329271061951e-05 0.00016210919046928985 6.290734514114058e-07 0.007104475135171334 8.196880873273165e-05 0.0 6.730553877833407e-05 1.1987618273562822e-06 9.727001914507929e-05 0.0065796305910434585 0.0006742698766247613 8.545963181447907e-05 0.0015308118826228055 4.517741688365815e-07 4.534360915093389e-06 3.928716572814318e-06 0.0020987939174805076 0.00012246015386590205 0.006707694111882474 0.0031911307620238493 0.0062949210632322625 0.003785161028836038 0.00015062372004446975 2.583256284127067e-05 4.542007409635473e-06 4.3979139660144764e-05 0.0 9.140361899085055e-07 0.00011323002852101599 5.1756669588194424e-08 0.0 5.627071011633063e-07 3.453451433445594e-06 1.3963269678030526e-06 7.666116319224805e-07 5.578500890467041e-07 4.7661980259987176e-07 5.011909645310781e-08 0.0 1.042571767535985e-06 0.0 0.0007481932002748786 3.380953224459839e-06 0.0 7.33997969454294e-07 0.0 4.6896870311257245e-05 9.401388573439546e-05 0.0004821295535239646 2.393308999871686e-05 0.0 2.513459909907457e-06 0.000507705304685456 2.6999084157294784e-05 1.6859255822146327e-06 4.338663596948912e-06 0.0 0.0 0.0 3.97696655818597e-06 4.56155034246925e-06 0.00027925709016617817 7.1877300655735784e-06 1.3174618176092795e-05 8.191394265082325e-06 6.476557137681081e-07 4.941219803202813e-07 2.4972255172133996e-07 5.841196788923934e-07
