0.0 6.200336490244882e-08 8.539988264436309e-05 1.3071606458105765e-06 0.0 1.0034888168222071e-05 0.0009533583642722458 0.0001928872854867436 7.509364167123039e-06 8.071625483848742e-05 9.80220755370889e-06 1.0196943676159771e-06 7.719850586899013e-07 0.00406988984952678 7.182226222429645e-07 1.2358376001777923e-07 0.0003191128739620317 2.9669204721529183e-06 4.006645936852193e-05 1.209722449885102e-05 4.238855420404183e-05 0.0 0.00010177305728419382 1.618648444902028e-05 1.0239073728727777e-07 2.6118003418700645e-05 1.8757453811538156e-05 9.156695330011357e-05 0.00269153597634671 0.0013082991646146 2.9111250427499676e-07 5.334955835387554e-07 3.224975498072049e-05 0.0001502057078314464 2.4099131657431242e-06 3.353487569151254e-05 5.008032801231918e-06 8.171741985857181e-05 1.2924497310702867e-05 1.4928105572910128e-06 9.024562370777089e-07 9.705610422369911e-08 4.6649570934267676e-07 0.0 0.0 0.0 6.66455441686384e-08 0.0 0.0 2.0159669714692406e-06 0.0 1.036620505204385e-06 2.0445673619212252e-07 0.0 1.976591796590409e-07 0.0 0.0 0.0 1.4823641694962672e-07 0.0 0.0 0.0 0.0 1.2786282945732376e-07 0.0 2.558513166188717e-07 3.1157486035853594e-06 0.0 0.0 3.6855858441063534e-07 4.742286194156818e-06 4.6599499011982674e-08 9.754512339139511e-07 0.0 0.0 1.7491535511237273e-07 0.0 0.0 1.985634998229605e-06 0.0 5.947495612830766e-08 4.131363697173173e-08 1.8357249087960399e-07 0.0 0.0 0.0
6.200336490244882e-08 0.0 2.133024473286877e-05 0.0 2.3978756592604303e-07 1.9249692416568546e-07 3.119213037917774e-06 4.958928285097721e-07 0.00030908656623320955 2.123668066267383e-07 2.4832013558537613e-05 7.497486143409136e-07 0.0007110625165639219 1.7535631587531813e-07 7.775069856781325e-06 3.2282955656078876e-05 5.558020565135386e-06 1.414932634526863e-06 1.0605548434563889e-05 2.810645781091849e-07 2.7278158697210773e-06 0.0008558424808179287 2.9403856478811633e-06 0.0003291343563580404 0.0011483488310392552 0.00019040719095376603 0.0061452378177009595 4.168289171471052e-05 4.986243060886395e-07 5.95928985205428e-07 3.893209327841729e-05 0.0 1.4583024023551134e-07 3.178632646631731e-06 7.00586868802653e-08 1.380504032353468e-05 0.00012742291212445526 2.514529533916017e-05 6.9996013154855876e-06 5.517145770102225e-06 0.0 0.00013017075259733784 1.1556602708395659e-07 0.0 2.308282076475646e-05 6.401740192518539e-05 1.0711034457073088e-07 0.0 0.0 8.486646361339917e-07 2.280544934828238e-07 1.1852724654828434e-06 0.0 1.7844447871774193e-06 0.0 3.5688983245497105e-06 6.565029894931372e-07 5.160486169272959e-07 1.1037007678509852e-06 4.118161687351748e-06 4.852962959985695e-07 4.876428948392091e-06 0.0 2.454492591975669e-07 2.6947580648717154e-06 1.57315507075369e-06 3.1939739881717917e-06 3.722622221732018e-06 0.00010241562328132982 0.0006917761321992206 1.7176794850251206e-06 1.9750299988792845e-07 4.895214390317274e-07 2.778799017592033e-06 0.0 0.0 6.109644801564315e-07 0.0 3.56974543983887e-06 2.2775961906296587e-05 2.491032361151522e-06 6.553615479294837e-07 0.0 0.0 1.583436279060219e-07 0.0
8.539988264436309e-05 2.133024473286877e-05 0.0 8.328231928328746e-07 0.0 7.200151425465036e-05 0.00044955182672277847 0.0004575642663934777 1.2694598750656164e-06 8.322763945086586e-05 9.63492956660699e-06 6.917005955012644e-07 2.468601932298719e-06 0.0003512451594606986 2.0101066923347814e-07 9.577657312385796e-06 0.004898030258596562 8.871451334029436e-06 0.00018814868608929038 2.0422684924543256e-06 0.0010791279905007862 8.193892106509885e-06 0.004956792156288745 3.313701112275806e-05 5.445638018809294e-07 0.0021051094532205422 0.0042736607719914554 0.000574703190821327 7.491632928079889e-05 0.00027100757204504905 1.3566903985779286e-06 2.3127546178411332e-07 4.5705951018850315e-06 0.0004886977669652428 3.9129725733822394e-05 0.00229744311517609 0.0024976471397317184 0.0012818264498096763 0.0005816963960784672 6.375572414603827e-05 2.872364221209993e-06 6.995364068509597e-06 7.47747751812886e-06 1.7101870598269495e-06 7.965754772069042e-05 0.0005893005098974087 0.0 0.0 3.934686129515386e-07 1.0667688114730291e-05 4.473005908215403e-06 8.218292559903306e-07 9.852955414802891e-08 8.749490288980847e-08 5.193133235153748e-08 1.4903329368640055e-07 7.044664984015311e-06 0.0 3.688218362013954e-05 1.378834956576541e-05 5.589648167761125e-08 8.108773065497632e-07 0.0 4.048787664100213e-06 4.313151410085753e-05 0.0002609142084433212 1.1024175473323424e-05 2.0982356608197532e-07 1.8496725701317412e-05 0.0012877868907627647 5.441757021913169e-06 9.46802114730543e-07 7.203819563403654e-06 1.236596697557006e-07 5.769171378030659e-08 0.0 3.127761145157309e-06 5.091616506577181e-06 3.301824551861769e-05 0.00020960703493538534 1.4999416438474655e-05 8.599470879205453e-06 7.23617923042377e-07 0.0 4.96616992776543e-07 0.0
1.3071606458105765e-06 0.0 8.328231928328746e-07 0.0 1.6688183461090507e-06 5.0495017945513975e-05 0.00014672162811891272 1.4369662291431862e-05 0.00028201060108017393 0.001866513912964996 3.7880267142162574e-06 0.00025615018977205643 2.4705567063788697e-07 3.418320488460348e-05 7.680007707971945e-05 1.5973844872302355e-07 2.1109743205444241e-07 1.139934605853973e-06 1.6653675636031458e-06 0.0026228867426392843 7.861348469896343e-08 6.222580762825243e-08 7.287476941245131e-07 0.0009865147469139011 1.1273460950749495e-07 9.987270652338146e-07 1.4605824054037798e-06 0.0019103315971617976 3.107794798670226e-05 3.2600096492557925e-07 2.451816021975354e-07 6.131705950201723e-07 3.7471414138742216e-07 1.4553193818373558e-05 2.4329622109586755e-06 0.00033428943018287677 5.801810196990227e-07 5.6752170436464734e-05 7.700817360939339e-06 0.0003429372964106587 4.212669835483423e-06 1.5425047282923151e-06 2.066160309580528e-06 1.6757507080851236e-07 0.0 0.0 2.1231987775415126e-05 0.0 5.593329394621011e-06 3.264797036927441e-05 1.4628308967550111e-06 8.676122873869961e-06 5.074270613386335e-06 2.049127063516851e-07 1.2829272750410368e-06 0.0 7.948354419170902e-07 6.240781929413468e-08 2.953154652046727e-07 5.5077317107596295e-08 0.0 0.0 1.6550307050722358e-05 8.628099837838378e-08 1.0483921013426696e-07 0.0 6.13012219749464e-05 0.0 0.0 1.2032351099634859e-07 7.574399902542734e-05 9.161970119185387e-07 1.956061919368044e-06 0.0 1.6393842384429943e-07 6.62000835471411e-08 1.200458477319056e-07 0.0 9.444073908331127e-05 8.555831432824174e-08 2.508109387793892e-06 0.0 3.753569333671163e-05 2.958139429566275e-07 0.0 7.461909897987332e-08
0.0 2.3978756592604303e-07 0.0 1.6688183461090507e-06 0.0 0.00011359268270925324 3.4488692582451866e-06 9.815149384584692e-05 2.5238265351900827e-05 1.913486148197927e-06 4.4102635299358814e-05 1.4336186046258267e-05 5.370813643387322e-06 1.413843705128337e-05 0.0006074161882870541 0.0 3.1593823236428785e-07 2.361355242859703e-06 3.1722970022706796e-06 3.503977351171093e-06 1.5229196944901414e-07 1.5464639356059218e-07 2.2485174453364106e-07 4.559121422603864e-06 8.941074769553757e-07 1.6613698114485225e-06 1.8989307382499667e-06 4.016477174105698e-06 0.00010180043761243321 3.6903674090287027e-07 4.717786955334772e-07 0.00012718619535250972 5.071317581211641e-07 0.00022422701932532364 8.36571410068195e-08 1.361054954334065e-05 1.3234365496090425e-06 0.00024124635326428255 6.227039678585202e-05 0.0007539393227647559 0.00015742025038438246 8.722128290052523e-06 1.80870882380632e-06 0.0 0.0 0.0 8.291299804474857e-08 0.0 0.0 6.123991991553676e-08 0.0 0.0 0.0 0.0 0.0 0.0 0.0 0.0 0.0 0.0 0.0 0.0 0.0 0.0 0.0 0.0 2.5359734000773217e-07 0.0 0.0 0.0 2.910813055376495e-07 0.0 1.4695546708329268e-07 6.892216386501004e-08 0.0 0.0 0.0 0.0 8.808623674549058e-08 0.0 1.5135939068089136e-07 0.0 0.0 0.0 0.0 0.0
1.0034888168222071e-05 1.9249692416568546e-07 7.200151425465036e-05 5.0495017945513975e-05 0.00011359268270925324 0.0 0.0028925157956410878 0.003043380377124115 9.168865032103665e-05 0.004198692807643663 6.299999189976738e-05 0.0019898431204378305 1.4843336006814776e-05 0.0005007220805012701 0.00048541290941425257 9.539374482399634e-07 1.7939244270948397e-05 1.1687842795884334e-05 2.1627092213825993e-05 0.0007093152957062754 1.2315247505030996e-05 3.1989315973724134e-07 2.6221007168673433e-05 0.00013921589326110865 1.352089995254198e-06 2.833256220780572e-05 2.4183342264123183e-05 0.0003004970002108889 0.00042650257988903473 2.566992423054894e-05 2.7675245120312625e-06 0.00019218200639889432 3.6643775751445742e-06 0.00013497836731926152 9.872149113161902e-06 0.00034436517217780615 1.0379836485396894e-05 0.00031291925005542704 6.750062816172755e-05 0.0002786777136122594 0.0001002109719246865 1.3769881308888665e-05 1.0322874615686024e-05 3.7596659073986397e-07 0.0 2.3282314668697855e-07 1.0510393689745987e-05 0.0 3.7386155268008814e-06 3.8677150324222494e-05 1.7725644120336707e-06 1.853728534977189e-05 4.9333738082993e-06 1.6702030253275493e-07 5.768381610562895e-06 9.134537348985433e-08 1.507270472120456e-06 0.0 4.202180517177248e-07 0.0 0.0 5.722603762884862e-08 1.2005365329481701e-05 5.2274708775923766e-08 1.40329653741879e-07 4.0552728653202595e-07 6.912722031731316e-05 0.0 6.44826600888425e-08 5.549677455211385e-07 7.799543784321935e-05 5.754364094421119e-07 1.1654781417369116e-06 0.0 0.0 3.0782995246467905e-07 5.364903366764327e-07 3.237905870379469e-07 6.0685636047014935e-05 2.8787812944023965e-07 1.6804702984518153e-06 5.503497952865692e-07 2.3890825364144194e-05 0.0 2.539278131723046e-07 0.0
0.0009533583642722458 3.119213037917774e-06 0.00044955182672277847 0.00014672162811891272 3.4488692582451866e-06 0.0028925157956410878 0.0 0.0026105468538496143 0.0006084433177785676 0.008138112947884949 2.794676106624169e-05 9.78568982945727e-05 6.306090728007243e-06 0.003599764982409758 9.613835883329051e-05 8.612098899080899e-06 8.734755008606089e-05 7.818195037843003e-06 2.8359016377187954e-05 7.915758581473051e-05 0.00021410829831015174 1.4279798407557224e-05 0.00035503105675853305 0.0018827938496517303 9.296267002034439e-07 8.209503437448463e-05 0.00013622746533437972 0.007332097691677055 0.001276076532977481 0.0019150809091026829 2.8226807246851803e-06 6.850750257612164e-06 0.00013857254309595295 0.00034037434498830496 8.72054607338738e-05 0.0019147252681953962 4.246177465478742e-05 0.0008924763963494791 0.0003295585581844386 0.00016426697671538082 7.004297962917451e-05 5.347318921861565e-06 2.2832246005959026e-05 9.558806639428373e-07 2.500086562914866e-07 2.2747469093760003e-06 3.115600872890765e-05 0.0 1.193438677677956e-05 0.00018985821497713703 8.22055731672069e-06 0.0001374547629938846 1.439952020203554e-05 5.926955196466004e-07 1.6716624258814752e-06 1.6706240412287176e-07 4.425649456023724e-06 8.327231471055217e-07 5.905379990260293e-06 4.0240667268898683e-07 8.19423227297878e-08 2.8662886043895483e-07 3.242604757167631e-05 7.223531549042303e-06 1.3745624664884527e-06 4.514553114912797e-06 0.00040924372744947023 0.0 7.282594975343435e-07 5.726147211180925e-06 0.0004435850821995084 9.43590565259123e-06 3.493960652501123e-05 5.492278672072751e-08 4.4169974629519805e-07 1.8585648712981611e-06 2.49172261999911e-06 1.8292493078381285e-06 0.00018616246575842626 1.9147796714472257e-06 1.0347659214898983e-05 2.944656842568242e-06 4.901423409758264e-05 1.383857842061741e-06 2.8909738387748034e-07 1.9259868271513806e-07
0.0001928872854867436 4.958928285097721e-07 0.0004575642663934777 1.4369662291431862e-05 9.815149384584692e-05 0.003043380377124115 0.0026105468538496143 0.0 3.8390069862377626e-05 0.0009926453878418941 0.00013232997360830272 0.0005142970674044944 2.857291513612939e-05 0.0032295474805386884 0.00014477448222097116 8.675082125099785e-07 0.0003551857266241002 1.923020586792248e-05 8.377266539752431e-05 0.0003480217437184846 0.00014344573535191398 5.994862756415698e-07 0.0002001988408433378 8.35199552697596e-05 1.7295594414790226e-06 0.0001533449223642295 4.583202348611766e-05 0.00032397664708573625 0.0003427835754421907 0.0005953039847381411 4.738923285768386e-06 0.0004794205650413152 3.571050483402733e-06 0.0003147048935854684 8.031750910946133e-06 0.00026215531657472414 2.5157313361762838e-05 0.0005326600377306122 0.00013335326162681904 0.00036060761334063326 0.00040757876917845256 2.5382151623637577e-05 9.193594118540933e-06 6.305586236346588e-08 2.261760436012506e-07 8.240306003273362e-07 2.647939138546662e-06 0.0 1.954383962714263e-06 2.7963474530534048e-05 7.40642160930569e-07 1.636481287917723e-05 1.7926836094961277e-06 0.0 2.846812265009031e-06 1.0432502516928414e-07 3.077468742490834e-07 0.0 5.969718105080731e-07 1.389134882010884e-07 1.4030430397481115e-07 0.0 2.6851367075340252e-06 3.040890517286962e-07 1.230006984584576e-07 4.5984384841778445e-07 5.004940339840404e-05 0.0 6.313019503629887e-07 3.9362148803329715e-06 6.01272019048171e-05 6.398934787000356e-07 3.32787822029948e-06 0.0 0.0 0.0 1.3407542129541805e-07 6.456567571242071e-07 2.7500604797908285e-05 9.690588634224892e-07 1.220771883432417e-06 1.1608948539466009e-06 4.83862196576022e-06 0.0 0.0 0.0
7.509364167123039e-06 0.00030908656623320955 1.2694598750656164e-06 0.00028201060108017393 2.5238265351900827e-05 9.168865032103665e-05 0.0006084433177785676 3.8390069862377626e-05 0.0 0.00016871766170116958 3.532346519098069e-06 7.373404543401309e-05 3.8334373662468286e-05 2.7100260299588854e-05 0.0004839754096084607 4.8237355907928474e-05 1.309671122817556e-06 3.3308185606738785e-07 1.8165662619668021e-06 0.0002105166547400474 2.5426967288214916e-05 0.0016094252866409049 4.035038705776021e-06 0.0054232818937650995 5.376498195855706e-05 2.18142051502765e-05 0.0005889742839141802 0.001414589968166623 4.080017357852199e-05 1.8374499803222003e-05 6.174022869546156e-06 3.695348676320245e-07 4.04255567719509e-06 1.3317867886792479e-05 3.092198568478775e-06 0.00010845485603870019 8.775979789019426e-06 3.7933815006406985e-05 1.1377999934888706e-05 0.000174759773251507 2.3712086897064267e-06 2.4343576999877555e-06 1.3884268563345582e-06 2.5868512707124384e-06 9.352367508313803e-07 1.13403111285233e-06 6.316000275487123e-05 0.0 1.4315117962269626e-05 0.00014047131681282294 6.1934286152810455e-06 4.884516052735525e-05 2.1984156379005897e-05 1.076527450021751e-06 5.191562653414228e-06 1.0733207679255259e-07 5.211490666096894e-06 4.4065349534835505e-07 9.259363385884059e-05 5.074850139342508e-07 2.21240688400347e-07 2.238283904234523e-07 6.615059384480654e-05 5.691102262874171e-05 1.3608347391228284e-05 1.0229539040188308e-05 0.0007754267474384256 1.813674502302165e-07 2.7237100152314487e-06 1.0394088353664553e-05 0.000506334329491964 1.6610711244558392e-05 7.379215346929324e-05 1.7924173650456787e-07 4.6735602816416605e-08 3.239745957275211e-06 3.0954487393395576e-06 6.137784988437176e-07 6.076970245523211e-05 2.3879860190025344e-06 1.07632318477907e-05 3.701613126490636e-06 8.271715152145652e-05 1.1480080499125176e-06 1.3914440622439013e-07 5.468862237089902e-07
8.071625483848742e-05 2.123668066267383e-07 8.322763945086586e-05 0.001866513912964996 1.913486148197927e-06 0.004198692807643663 0.008138112947884949 0.0009926453878418941 0.00016871766170116958 0.0 3.8074194742221205e-05 0.001418596803945487 7.99383521274665e-06 0.0007858557470100141 2.7521581142299454e-05 1.750772231445306e-06 1.1101376414783145e-05 1.1420698686685541e-05 2.396138311240468e-05 0.007233841389661211 1.4736253037793295e-05 2.8957583218385067e-07 4.46558164868467e-05 0.0003077607307430311 5.574585483345244e-07 3.0240627189475938e-05 3.282796614081732e-05 0.0014062867946099168 0.00046457624967877225 3.3146411445690334e-05 2.999690281825767e-06 7.47325246813789e-06 5.581015354067702e-06 0.00015309094332287423 2.353946072234366e-05 0.0006768338709298313 1.4033625254761074e-05 0.000479304392571593 6.95612566522436e-05 0.00011003418578660033 3.3586699944993147e-05 4.126121810254372e-06 1.1383149612769904e-05 1.20865959640563e-07 0.0 4.988507707744834e-07 6.65177276826491e-05 0.0 5.164746892484686e-06 5.284351078676802e-05 1.933339705984158e-06 2.351380466039259e-05 7.76525072981444e-06 8.745250102717553e-08 4.2389636889463696e-06 0.0 1.5332194181921034e-06 3.296368760106681e-07 4.6938953285221366e-07 0.0 0.0 0.0 1.95840289507717e-05 5.65711990964336e-07 0.0 7.924664820782167e-07 9.468779922843258e-05 1.0785861522260131e-07 5.1264046466030364e-08 1.4682587031115947e-06 0.00010025288214816838 3.8497571356307146e-07 2.081225675303103e-06 0.0 0.0 6.611570274091193e-08 3.401204722222745e-07 3.028762510359576e-07 0.00010194189541962261 1.3097156392753732e-06 3.2215763658222745e-06 2.8722550615773957e-07 3.8070371579503366e-05 6.179158396556386e-07 2.5850875376196064e-07 4.2451904105094846e-07
9.80220755370889e-06 2.4832013558537613e-05 9.63492956660699e-06 3.7880267142162574e-06 4.4102635299358814e-05 6.299999189976738e-05 2.794676106624169e-05 0.00013232997360830272 3.532346519098069e-06 3.8074194742221205e-05 0.0 8.630311659148682e-05 0.0010278445513699067 0.00025682735259333354 7.859594556983542e-06 4.5691573463274105e-07 0.0002490397836646911 0.0018876880281568462 0.0006478541256712438 7.461871257143694e-05 3.8403732515613975e-06 7.066241255976993e-06 3.5318210523448605e-05 7.243344641935087e-06 0.00018805462691200823 0.0006585837565423491 0.0003960373232793336 8.080318112673224e-06 0.00046455700399943445 1.4953179135784196e-05 0.0003522347901697141 0.00012948515545095884 5.213703002099666e-06 0.004793981587810166 1.1184605335463008e-05 0.0004488678444039286 0.002506194016149981 0.0025716687340019513 0.0006095525076591187 3.292504463437483e-05 3.355835819490733e-05 0.0003712016760934737 2.9968655928911813e-06 0.0 1.5504201308901477e-05 7.011196199133524e-08 7.742454932747338e-08 0.0 8.01116500118058e-08 1.1443677235526845e-06 4.217664555829527e-08 1.2245212679242786e-06 1.523420176878331e-07 1.9657015950208952e-05 2.0123534497179615e-07 0.00015831339567400795 7.694901070407645e-08 0.0 4.600109564168087e-07 0.0 1.5467144516973906e-06 6.034430596290948e-07 8.141463818914924e-08 0.0 1.089137686151697e-06 0.0 2.2990184866513275e-06 9.532444255318855e-05 1.503194072250067e-05 9.806341960308532e-05 1.928427226473957e-06 1.779780417349367e-07 2.2947954878176862e-07 2.4590758315532092e-05 0.0 0.0 2.9795352419749385e-07 9.605970029079734e-06 1.1181891189106268e-05 0.00010788048360474175 8.278644502092344e-07 0.0 8.157427194003548e-07 0.0 0.00011398574641951895 0.0
1.0196943676159771e-06 7.497486143409136e-07 6.917005955012644e-07 0.00025615018977205643 1.4336186046258267e-05 0.0019898431204378305 9.78568982945727e-05 0.0005142970674044944 7.373404543401309e-05 0.001418596803945487 8.630311659148682e-05 0.0 1.421049392911211e-05 0.00038975498353852793 0.0007418558822673005 0.0 2.6231017505795253e-06 1.9685544000359688e-05 2.940917880916043e-05 0.003002769973730988 2.3362113570081922e-07 4.242673932281372e-06 6.734539778041496e-07 0.00023986281878188718 3.558058753155611e-07 1.768764190136067e-05 1.0698221981059729e-05 0.00014801615350870315 0.00022245800537358366 1.4360820331587152e-06 6.004634952057063e-06 1.8567318205064346e-05 2.1735275140282804e-07 0.00010285983182987261 5.811104274202072e-06 0.0002610293212534485 6.6018420535712805e-06 0.00035535993420728767 2.4995430375187833e-05 0.0004864034781428896 2.3773358738908704e-05 6.256545686716711e-06 3.073750281838945e-06 0.0 5.8387872348458335e-08 0.0 4.205961168073503e-06 0.0 4.728951176298308e-06 1.5123577106579768e-05 1.7300298078025993e-06 8.18074340563305e-06 1.2547419153400113e-05 2.164136765982995e-07 6.545170909402224e-05 3.126519653637112e-07 1.5745558251247786e-06 1.3619030829372364e-07 0.0 0.0 9.431854083989164e-08 1.642845407840444e-07 1.3778339135601404e-05 0.0 0.0 1.5836622869935035e-07 2.3541162848820397e-05 0.0 1.938119401604365e-07 4.783666703086654e-07 2.6111840422577997e-05 1.2044204674399244e-06 4.149579665927689e-08 0.0 0.0 0.0 3.9423189722921665e-07 9.33748900513846e-08 3.215949159906528e-05 0.0 2.3966567093248963e-06 1.9270913647998803e-07 1.0255101840033374e-05 4.475813997577793e-07 0.0 0.0
7.719850586899013e-07 0.0007110625165639219 2.468601932298719e-06 2.4705567063788697e-07 5.370813643387322e-06 1.4843336006814776e-05 6.306090728007243e-06 2.857291513612939e-05 3.8334373662468286e-05 7.99383521274665e-06 0.0010278445513699067 1.421049392911211e-05 0.0 2.514413064550787e-05 1.9098667055801324e-06 6.425744555167146e-06 2.072208961083184e-06 4.644696061184009e-05 7.264115206610507e-06 1.264442819519339e-05 4.59391381719523e-06 0.00020552121635354425 1.208517940943e-05 4.547044965277878e-05 0.0018437429268872518 6.625277609992539e-05 0.0032540898821096934 1.1045736097280741e-05 3.862892775921852e-05 4.061830948177924e-06 0.00046768034625811863 1.171024050772045e-05 0.0 0.0005610512488385105 7.354661466967725e-05 0.0009846897995469638 0.0036264907281392234 0.002529571578292725 0.00040018625812060586 3.975403600781439e-05 5.896799245935771e-05 0.0005668810138104386 7.352153670421597e-06 0.0 8.891263532448461e-05 6.041157546490832e-07 5.9517873952165585e-08 0.0 1.5916402317043408e-07 2.0849303318776285e-07 2.2022813564235894e-07 2.7688549941751904e-06 0.0 0.00011770225954193034 1.2206808585681189e-07 0.0006623252792822765 3.973120842415248e-07 0.0 1.148128082793552e-06 4.748756005353115e-07 7.747941444495421e-06 3.0852126226607356e-06 2.3260238294975117e-07 1.2191548398075107e-07 5.610245483653103e-06 4.536864305972356e-07 3.6394010298975577e-06 0.0008989371068123453 9.000890491850156e-05 0.0005083399786895468 5.213377904236053e-07 6.742487272581681e-07 8.97783603411677e-07 0.00011303516542592291 2.7000554556849104e-07 0.0 2.400212938234255e-06 3.4419167154185144e-05 4.800975337110355e-05 0.0003853565945406864 5.1742382538146715e-05 1.7811045916558607e-05 2.3589318195072655e-06 7.678913631225823e-06 0.00045508651772473033 4.1661148698460186e-07
0.00406988984952678 1.7535631587531813e-07 0.0003512451594606986 3.418320488460348e-05 1.413843705128337e-05 0.0005007220805012701 0.003599764982409758 0.0032295474805386884 2.7100260299588854e-05 0.0007858557470100141 0.00025682735259333354 0.00038975498353852793 2.514413064550787e-05 0.0 3.6407079000487405e-05 6.049447605450853e-07 0.00060646589648761 4.838482369067461e-05 0.00016504408678731368 0.0005729289212335703 0.00011205568142638724 3.1946390537323555e-07 0.0002181627474856683 7.064161908979946e-05 9.914375185268036e-07 0.00014111439612582525 6.130939414945407e-05 0.0002530563083918133 0.00219462367987057 0.0010996320376490479 1.0002253130158692e-05 0.00010435805660513153 1.1297332615783595e-05 0.0006186134324627758 9.130353761976838e-06 0.0002996520498611959 2.9624829772421753e-05 0.000737053020146689 6.77630721284916e-05 0.00013448739190572708 0.00010645277272103919 1.0799748834318035e-05 8.233107616764738e-06 1.3690662318317093e-07 7.050643126456147e-08 1.2454591351414777e-07 2.52428829934045e-06 0.0 9.56042603871231e-07 1.5960861228267216e-05 6.643809476852864e-07 1.042305221342436e-05 1.1693911366873626e-06 0.0 2.0129331152374176e-06 2.4504315965082777e-07 0.0 9.39959635737369e-08 3.3330752989463286e-07 0.0 0.0 7.497956979172844e-08 2.4023856763276093e-06 5.450604568518354e-07 1.5308916760425597e-07 2.772359470482012e-07 3.0155014102903234e-05 6.797282904464794e-08 2.9194592967493377e-07 1.958801821494125e-06 4.12300370939625e-05 1.9254164785383062e-07 2.044520024593433e-06 5.6739651132156895e-08 0.0 3.259299695068659e-07 9.940601155996379e-08 1.1100047228886069e-07 2.1137618645000046e-05 1.0203992298579066e-06 9.0114055710007e-07 6.035929379065582e-07 4.473849593631174e-06 3.1901845321011897e-07 1.1567653582828131e-07 0.0
7.182226222429645e-07 7.775069856781325e-06 2.0101066923347814e-07 7.680007707971945e-05 0.0006074161882870541 0.00048541290941425257 9.613835883329051e-05 0.00014477448222097116 0.0004839754096084607 2.7521581142299454e-05 7.859594556983542e-06 0.0007418558822673005 1.9098667055801324e-06 3.6407079000487405e-05 0.0 0.0 2.2349861084610023e-07 6.893974122601897e-07 1.2781998352970215e-06 0.00019071169537965591 0.0 2.6029852961699414e-05 0.0 0.0002901100749976605 6.812995784607906e-07 1.1532677417227696e-06 1.927475884902765e-05 0.00011790714991815686 3.5158552881865945e-05 1.6288033116442508e-07 2.50391875918333e-07 3.085723444996456e-05 1.8046546542521828e-07 1.4965912403291148e-05 6.441058030571874e-07 7.867170940068906e-05 1.3831392138051628e-06 3.2665377547662885e-05 5.096445379222991e-06 0.0006668506924124896 4.743004423600745e-05 2.289088779043882e-06 8.877950254743043e-07 0.0 0.0 7.896095497962625e-08 1.1628883124310505e-06 0.0 4.363191080987926e-07 2.3200259367376567e-06 0.0 2.166701676899205e-06 3.777379363753589e-07 0.0 7.731906782173946e-07 0.0 0.0 0.0 3.789400710499885e-07 0.0 0.0 0.0 7.097441993731285e-07 1.2971520215108578e-07 0.0 7.165289710637264e-08 4.789995809119396e-06 0.0 0.0 1.374458364967536e-07 4.2109977447166825e-06 0.0 0.0 0.0 0.0 0.0 0.0 0.0 7.024004471331659e-06 6.55955250131772e-08 7.041115183475313e-08 0.0 1.9941812192502356e-06 0.0 0.0 0.0
1.2358376001777923e-07 3.2282955656078876e-05 9.577657312385796e-06 1.5973844872302355e-07 0.0 9.539374482399634e-07 8.612098899080899e-06 8.675082125099785e-07 4.8237355907928474e-05 1.750772231445306e-06 4.5691573463274105e-07 0.0 6.425744555167146e-06 6.049447605450853e-07 0.0 0.0 3.940308605504624e-06 0.0 4.542459017326826e-07 0.0 0.0008158669869147255 0.0013003370588306955 0.0021511951493452877 0.001205343066524097 4.936637415297883e-06 1.939644959383223e-06 0.002358384145787164 0.0006258961745822251 2.263983146219253e-06 1.3446698160463322e-05 1.8180574660322982e-07 6.401848952915567e-08 4.922094447627987e-07 2.3689552041042893e-05 9.552174122820225e-06 0.0005905981638561494 0.00036769064803912166 0.00010937795545723942 0.00016465700727991866 2.1161808378983364e-05 3.8928458187795134e-07 6.888936366014603e-06 3.419351953946204e-06 0.0 1.6692358348654521e-06 1.0006474805255744e-05 0.0 0.0 5.857895985687106e-08 5.953370406546569e-06 8.259135585258421e-07 1.8443442402534873e-05 2.186322379692946e-07 1.3177866896121696e-06 0.0 0.0 3.602766243501699e-07 0.0 0.0013388605919052294 1.2861662427765338e-06 0.0 1.1627409505218563e-07 0.0 0.00030137194483297064 0.0004463272552020454 0.001032212579435128 0.00013503376276452703 0.0 9.707767055706346e-07 0.00018635679595626202 9.171941028834154e-05 5.533492428255553e-07 2.9989017560482945e-05 0.0 0.0 3.2472033224852285e-07 1.9103246761467394e-06 2.2261701073867747e-07 0.00031501023985707627 8.704296061115268e-06 6.779378064558109e-06 3.6062267489162613e-06 2.8783997537641267e-06 2.129800375384715e-06 2.268293773877326e-06 0.0
0.0003191128739620317 5.558020565135386e-06 0.004898030258596562 2.1109743205444241e-07 3.1593823236428785e-07 1.7939244270948397e-05 8.734755008606089e-05 0.0003551857266241002 1.309671122817556e-06 1.1101376414783145e-05 0.0002490397836646911 2.6231017505795253e-06 2.072208961083184e-06 0.00060646589648761 2.2349861084610023e-07 3.940308605504624e-06 0.0 2.7960684673211335e-05 0.001369183175458347 4.079746648645478e-06 0.0005344622434616085 2.5719490967586066e-06 0.0022972650204213887 7.68007188382119e-06 7.774280520690978e-07 0.001658247257730841 0.0024080438377303602 0.00011635897757995575 0.0006166327197980699 0.001138751463124176 5.919288773917697e-07 1.3142195197873275e-06 6.86631719220193e-05 0.0021516132407549725 6.5728643728173454e-06 0.00025713389419061955 0.0007728820434457738 0.0011120229928783783 0.00019283955943291808 9.482123395276229e-06 2.7784213804964727e-06 1.3110379929154133e-06 7.601259902072287e-07 0.0 3.517922856888464e-06 1.574298051742638e-05 0.0 0.0 0.0 5.655738275441928e-07 8.063134138264821e-08 1.505458720800182e-07 0.0 8.424970132770842e-08 0.0 1.954659088464485e-07 0.0 0.0 5.848018288662812e-07 1.6610641890065542e-06 0.0 1.2917736078685856e-06 0.0 1.372776246790432e-07 4.884257615370496e-07 1.079044012833671e-06 1.1788019141782323e-06 1.6938563795548325e-07 1.2893987246256818e-05 6.071104589819033e-05 9.236451786395049e-07 0.0 1.1887212898736081e-07 9.38355926749694e-08 0.0 8.259807561316043e-08 7.644685355650117e-08 1.0128781857285132e-06 1.590027210039475e-06 3.045100075330694e-05 5.852392836304113e-07 7.709369976495807e-08 0.0 0.0 6.61694134585899e-08 0.0
2.9669204721529183e-06 1.414932634526863e-06 8.871451334029436e-06 1.139934605853973e-06 2.361355242859703e-06 1.1687842795884334e-05 7.818195037843003e-06 1.923020586792248e-05 3.3308185606738785e-07 1.1420698686685541e-05 0.0018876880281568462 1.9685544000359688e-05 4.644696061184009e-05 4.838482369067461e-05 6.893974122601897e-07 0.0 2.7960684673211335e-05 0.0 0.0002198829031912584 1.6575612529708653e-05 1.093582214206022e-06 1.0075207996207526e-06 7.770633943587781e-06 8.662340208898531e-07 2.183250223913147e-06 0.001127787692216857 0.00025275064369600426 2.676472796603824e-06 7.092978243160895e-05 3.366541013435907e-06 0.00020071625698800207 1.4976949482104641e-05 4.838181939648346e-07 0.00048099675004149747 2.545796049959783e-06 0.0002523596319085506 0.0006317092978761383 0.0007392423719567659 0.000174728107298583 5.4418267570331526e-06 1.0566237128917997e-06 6.205982231010336e-06 1.3308694870154929e-06 0.0 3.0223647603379654e-06 6.054986449200556e-07 5.4010436170136545e-08 0.0 0.0 4.0011459530181885e-07 1.1345059874928385e-07 0.0 0.0 5.100970257665124e-06 9.968805626562837e-08 2.2423739813065635e-05 5.5727309833687264e-08 0.0 0.0 0.0 4.945139914948486e-06 9.4865063886107e-07 0.0 0.0 3.096728475428256e-07 0.0 9.587773210099211e-07 5.386257640065194e-06 3.096100933782155e-05 8.144657706864445e-05 1.9652252976807463e-07 1.1891666236193943e-07 0.0 1.4668799468742071e-05 0.0 0.0 2.2445311373709243e-07 1.7278536567526178e-07 2.3475774964366737e-06 2.810338897505313e-05 6.654497909670768e-07 1.0321209257790354e-07 2.1235113324723322e-07 0.0 5.953660503630698e-08 0.0
4.006645936852193e-05 1.0605548434563889e-05 0.00018814868608929038 1.6653675636031458e-06 3.1722970022706796e-06 2.1627092213825993e-05 2.8359016377187954e-05 8.377266539752431e-05 1.8165662619668021e-06 2.396138311240468e-05 0.0006478541256712438 2.940917880916043e-05 7.264115206610507e-06 0.00016504408678731368 1.2781998352970215e-06 4.542459017326826e-07 0.001369183175458347 0.0002198829031912584 0.0 3.525276010195696e-05 2.394566052204049e-05 3.0011608897341693e-06 0.00016112302722758243 4.742322713215649e-06 5.003937815761536e-06 0.0015268145429658943 0.0011885439716913006 1.3323259478591938e-05 0.0002178526699299824 9.2402925421219e-05 6.742625651690532e-06 1.7439680194353418e-05 1.2044598754586954e-05 0.0022342525962498216 5.273484481487491e-06 0.0006686941927512155 0.0013206853032380513 0.001569070442084163 0.0002773043807532663 1.0794549302740775e-05 2.3144501214057523e-06 3.09803847560323e-06 2.086690487075409e-06 0.0 6.212593669333692e-06 5.154409592426301e-06 0.0 0.0 0.0 2.8603581799036395e-07 0.0 4.6346713536962383e-07 0.0 9.395630434105776e-07 2.680074518913975e-07 3.4845174675702994e-06 0.0 0.0 8.332582623336374e-08 2.2600404327480826e-06 1.0201848818024685e-06 3.923170708125283e-06 0.0 0.0 6.701898125524381e-07 6.090905343626004e-08 1.5020596697508626e-06 1.4029561214276613e-06 6.533477304609358e-05 0.00011442027946439973 1.1521880167341606e-06 0.0 0.0 5.311348270604389e-06 0.0 0.0 0.0 1.3206488449442281e-06 3.4771692535344982e-06 4.6061680933677674e-05 1.1097058460052761e-06 5.574209339153884e-07 6.028267397167164e-07 0.0 0.0 0.0
1.209722449885102e-05 2.810645781091849e-07 2.0422684924543256e-06 0.0026228867426392843 3.503977351171093e-06 0.0007093152957062754 7.915758581473051e-05 0.0003480217437184846 0.0002105166547400474 0.007233841389661211 7.461871257143694e-05 0.003002769973730988 1.264442819519339e-05 0.0005729289212335703 0.00019071169537965591 0.0 4.079746648645478e-06 1.6575612529708653e-05 3.525276010195696e-05 0.0 6.902150796968139e-07 1.99456957734338e-07 1.4064744610205105e-06 0.0002827768814474138 4.079133534459399e-07 2.037726500593367e-05 9.140515373008937e-06 0.0013614079349325888 0.0004258689129288967 4.052277608908928e-06 5.178317404350476e-06 1.2276570759795543e-05 9.058696081656156e-07 0.000180224413039558 1.962444243840705e-05 0.001148379801548344 1.627412998298344e-05 0.0006418649317850355 5.4083735990097775e-05 0.0005159097612986482 4.043384701699529e-05 7.024339905336531e-06 1.775064620989355e-05 3.9300589723333845e-07 0.0 0.0 4.0241994832901255e-05 8.99859298502839e-08 7.456126480158624e-06 5.7762844435840324e-05 1.976438835233167e-06 1.5653731008036547e-05 8.477327255779472e-06 1.7349213105285735e-07 3.311419061453164e-06 8.920422321936133e-08 4.748163538074414e-07 2.785961815463705e-07 2.783658936724336e-07 0.0 0.0 6.55465213843792e-08 2.23139756811431e-05 3.7111854294492434e-07 0.0 3.923197110960752e-07 9.834646147571334e-05 0.0 7.737691172716435e-08 0.0 0.00010011931071525994 1.0500013547989172e-06 7.768649099964111e-07 0.0 0.0 0.0 2.723674130551173e-07 2.1630986689151822e-07 0.00016039877067987768 4.542567876686907e-08 3.6672651352231757e-06 2.619134465512315e-07 6.482264897826486e-05 6.832823328644179e-07 0.0 1.6065942259277555e-07
4.238855420404183e-05 2.7278158697210773e-06 0.0010791279905007862 7.861348469896343e-08 1.5229196944901414e-07 1.2315247505030996e-05 0.00021410829831015174 0.00014344573535191398 2.5426967288214916e-05 1.4736253037793295e-05 3.8403732515613975e-06 2.3362113570081922e-07 4.59391381719523e-06 0.00011205568142638724 0.0 0.0008158669869147255 0.0005344622434616085 1.093582214206022e-06 2.394566052204049e-05 6.902150796968139e-07 0.0 6.756987651458729e-05 0.008594615307723139 5.460277669154363e-05 3.190916156659771e-06 9.926521251261211e-05 0.0008626236047557082 0.002679713640442002 7.771600259030393e-05 0.005129830467877593 2.796195356565593e-07 9.184854225976574e-07 1.0517673086396114e-05 0.0013236277427795473 6.353363378791774e-05 0.00348999490836057 0.0008794443568790668 0.002559180910023645 0.0016690699083415077 0.0001591117007986827 1.1120460350849932e-05 5.160902698003146e-06 1.3519419782434152e-05 0.0 2.2977497464575872e-07 2.7371962520207694e-06 5.9347416434369635e-08 0.0 1.832207406582884e-07 3.795146653472737e-06 6.013909126699034e-08 1.212834802427676e-05 0.0 8.316907890490386e-07 0.0 6.736830265253086e-07 6.578429069607771e-08 0.0 0.0003017003121187203 1.2040224033548853e-06 1.1542592669462459e-07 6.160809208305263e-08 0.0 0.0002111586435415111 5.5437672035406136e-05 0.00011659269545838623 9.108102021492125e-05 9.882651605396074e-07 4.341063195726503e-07 1.2839922566491018e-05 5.66014529734439e-05 6.378095409168453e-07 2.6906343873051175e-05 0.0 0.0 0.0 5.587749599620969e-07 1.0609863595914038e-06 0.00010088704723080635 2.616779529668703e-06 3.4316126305754447e-06 1.8059108168337682e-06 3.273224642691649e-06 0.0 5.904038820952309e-06 1.4232416529473055e-07
0.0 0.0008558424808179287 8.193892106509885e-06 6.222580762825243e-08 1.5464639356059218e-07 3.1989315973724134e-07 1.4279798407557224e-05 5.994862756415698e-07 0.0016094252866409049 2.8957583218385067e-07 7.066241255976993e-06 4.242673932281372e-06 0.00020552121635354425 3.1946390537323555e-07 2.6029852961699414e-05 0.0013003370588306955 2.5719490967586066e-06 1.0075207996207526e-06 3.0011608897341693e-06 1.99456957734338e-07 6.756987651458729e-05 0.0 0.00021119625858656725 0.002994751207978127 0.00029754311436989023 5.447358302046119e-05 0.003409645105775147 0.0003054612695912531 1.3443915154429008e-06 3.928823236741279e-06 2.338288369915073e-05 0.0 2.6647216274550184e-07 1.200747254895787e-06 0.0 1.1584557821668813e-05 2.7211653955477068e-05 7.2099278168861696e-06 1.2737667345150716e-06 1.53934058550741e-05 6.656222066000136e-08 1.8317414686445418e-05 0.0 3.2412316211013244e-07 5.585887021890849e-06 7.692470823679465e-05 5.404346868442751e-07 0.0 4.110286596550668e-07 4.974695874047436e-06 6.05583499395606e-07 1.4376020198251013e-05 1.707472850032356e-07 4.014885788978757e-07 0.0 5.243781976713088e-07 8.730320214879239e-07 1.0224872953308964e-07 0.0003152992254549939 1.3182616192321533e-06 0.0 2.5243269287652744e-07 0.0 4.267219123794285e-05 2.4491596332485572e-05 0.00016860951391928477 5.445441102207796e-05 1.3909850005461792e-06 6.930725012960933e-06 0.00041272258396387733 2.590202320451077e-05 7.243350203320424e-07 6.680682929148774e-06 7.511163006725116e-07 0.0 2.411871065194957e-07 4.4688739384752504e-07 0.0 1.427343356909506e-05 5.588237999212276e-06 3.660195658666171e-06 2.559637098904246e-06 1.435714592641133e-06 0.0 0.0 0.0
0.00010177305728419382 2.9403856478811633e-06 0.004956792156288745 7.287476941245131e-07 2.2485174453364106e-07 2.6221007168673433e-05 0.00035503105675853305 0.0002001988408433378 4.035038705776021e-06 4.46558164868467e-05 3.5318210523448605e-05 6.734539778041496e-07 1.208517940943e-05 0.0002181627474856683 0.0 0.0021511951493452877 0.0022972650204213887 7.770633943587781e-06 0.00016112302722758243 1.4064744610205105e-06 0.008594615307723139 0.00021119625858656725 0.0 0.00019343710911576888 3.6566381483121305e-06 0.0004021054068459761 0.0032319586474944375 0.0018065169653191633 0.00020878057155250735 0.0023313706744709254 9.311564321931955e-07 1.5596713503326384e-06 1.8712319972281845e-05 0.0020892818439098514 0.0001218204776509108 0.006220097458797759 0.003865485566807081 0.0039755766105606435 0.0034591840273214885 0.00028580093453438034 1.4468224647180386e-05 1.936977401787583e-05 2.1761581123063726e-05 4.7007755445809676e-07 1.2057080063848522e-06 5.012228165266935e-05 0.0 0.0 1.9262473452780707e-07 6.585612856951243e-06 1.0266194384678545e-06 1.9018671201021802e-06 6.030655705551976e-07 1.378785824803275e-06 0.0 0.0 1.5354228263740088e-06 0.0 0.0011015299622650237 1.4481353102922926e-06 0.0 3.6367872464574506e-07 0.0 0.0001432067620954474 0.00023906146111641759 0.0011676650226657762 5.274181094270688e-05 0.0 9.420624018760787e-07 0.00037307795194705046 2.8943633682249276e-05 6.685564273359489e-07 1.4259020369902427e-05 4.573962425548208e-08 0.0 0.0 5.074105463502451e-07 8.369712986259594e-06 0.0003486440349960261 1.4035330176732643e-05 8.49808748431363e-06 6.874195366505709e-06 5.163514159617741e-06 8.102456389055383e-07 2.8563062856539208e-06 1.4391310594963896e-07
1.618648444902028e-05 0.0003291343563580404 3.313701112275806e-05 0.0009865147469139011 4.559121422603864e-06 0.00013921589326110865 0.0018827938496517303 8.35199552697596e-05 0.0054232818937650995 0.0003077607307430311 7.243344641935087e-06 0.00023986281878188718 4.547044965277878e-05 7.064161908979946e-05 0.0002901100749976605 0.001205343066524097 7.68007188382119e-06 8.662340208898531e-07 4.742322713215649e-06 0.0002827768814474138 5.460277669154363e-05 0.002994751207978127 0.00019343710911576888 0.0 5.300173570552959e-05 1.7767362947579246e-05 0.0022582657027875796 0.006849626866258375 0.00015028926164064495 0.00014886518737007308 5.786946787795316e-06 6.820416068276775e-07 2.3767382013246643e-05 7.018384921519238e-05 1.783545593638064e-05 0.0007778947504074092 6.876244267138374e-05 0.0001881628483663893 9.076649132218447e-05 0.00036261369789530174 1.1097902035509584e-05 9.334873631522777e-06 6.675592223098071e-06 5.237127798191874e-06 3.413373490086901e-06 8.160448591040546e-06 3.483045321928279e-05 0.0 1.4089859682582639e-05 0.00021135985226795873 7.405336923476778e-06 0.00034756551430320857 1.2569910985867872e-05 2.1610812182337733e-06 1.2663728959735766e-06 1.4776466345160945e-07 7.216216906319644e-06 1.409555819518551e-06 0.0002835382452497456 2.2368456750075806e-06 1.029213272816994e-07 4.824623493662676e-07 1.559848458675208e-05 0.0002468995380603098 6.0902460466811e-05 8.190363517051257e-05 0.0009456984974426804 0.0 2.963055110573585e-06 4.307419443741231e-05 0.000851944469728243 3.710106256792897e-05 0.00023298247308568398 6.911795000392199e-08 2.1100214416625334e-07 6.0383426481319465e-06 7.031986666378812e-06 2.5643209272371827e-06 0.0002986830964991564 5.918178336548634e-06 2.6764255404764862e-05 9.214122287170387e-06 4.96878990992986e-05 1.5897214438050345e-06 1.0852250929743303e-06 3.5208535081877285e-07
