0.0 0.0 5.885790187607403e-05 5.2080761965953946e-08 0.0 1.2736524811846377e-05 0.0016716901838989167 0.00031502984789962067 1.832879373900062e-06 2.0845691032684953e-05 2.984771978819194e-06 1.2710282595443249e-06 2.0840799423591803e-07 0.0027491961947940973 1.7843061477340124e-07 1.829277098237895e-07 3.698217709304122e-05 1.2011137873792242e-06 4.852661355185258e-06 6.201364960939049e-07 0.00013862701610105373 5.572397503439119e-08 0.0001250203738769012 2.997111695387962e-06 6.890235084331241e-08 7.3294155378692654e-06 3.468841021846923e-06 2.6544037747204605e-05 0.0020182417975364115 0.0029306566631848692 5.302574887410355e-08 1.1558265341543559e-05 8.005245162204678e-05 3.577107650404489e-05 3.476028197250771e-07 2.5858544402241327e-05 1.4583262776942288e-06 3.914195745756272e-05 1.0543051217812527e-05 1.2259304644350208e-06 3.6239652330530874e-07 6.08214712280186e-08 3.9851741162448645e-07 1.6850204930818725e-07 0.0 3.478477264364695e-07 0.0 0.0 2.0629414771723561e-07 2.10268459085588e-06 0.0 5.707630669221152e-07 3.0811498891332483e-07 0.0 2.1372251000406206e-07 0.0 2.126119251328538e-07 0.0 3.766745868947315e-07 1.0333215268656054e-07 0.0 5.050140153971328e-08 7.45834394949387e-08 2.9029037377182544e-07 2.044046755375482e-07 6.226218199586361e-07 6.158218470509956e-06 0.0 0.0 7.53282116550688e-07 7.689393080681132e-06 4.635181756743125e-07 1.1087499925269245e-06 0.0 0.0 0.0 7.731928068362889e-08 0.0 5.330190642737882e-06 4.558378837635278e-08 4.4629128756703675e-07 5.446421655454495e-07 9.319601076311092e-07 0.0 0.0 3.0986198471901683e-07
0.0 0.0 4.272370966488777e-06 0.0 3.0084420997999685e-07 3.6667784129648054e-07 5.070997046669177e-07 2.3079381744554356e-07 0.0003948575971586332 5.633257677861116e-07 5.861060031290923e-05 3.910585776146102e-06 0.000624207750470073 2.2079805196805724e-07 1.655338082892862e-05 3.448647093638795e-05 2.984250319189043e-06 3.4906967251320015e-05 1.3515209262338454e-05 0.0 2.281546088326403e-06 0.0012455893128367657 8.707093666606129e-07 0.0005355516217595489 0.0011503219498136198 0.00020215556136749606 0.002840697571518736 9.269711710025267e-06 1.3827236901061928e-06 2.826569270031013e-07 8.459996884626002e-05 4.091682990820785e-07 0.0 2.0227483232895042e-05 1.374910861943814e-07 2.7939064094510184e-05 6.92507713114211e-05 2.5709965287010816e-05 6.3592336800710595e-06 5.501842418168223e-06 0.0 1.0334318853767157e-05 3.205037578252459e-07 5.396507114728245e-08 0.00013244143941159404 3.489685502125623e-05 0.0 0.0 0.0 4.874173053446273e-07 5.614694344927514e-08 1.1151895480181844e-06 9.247139204679911e-08 4.989614675355504e-06 7.864347785913635e-08 2.7572705286381353e-05 2.0798067315874048e-07 0.0 1.3668977329834424e-05 3.062910697185632e-05 4.371585573961705e-06 3.9559071163504944e-05 4.324346064490559e-08 1.5333020896294717e-06 4.933515204479929e-05 1.496936907753191e-05 3.1684402856430055e-06 1.2829047011964471e-05 9.222177960583075e-05 0.0005961916996606594 1.247355819458906e-06 2.6892567819054234e-07 8.753502577751601e-07 6.08300872227015e-06 0.0 0.0 9.901284853306828e-06 1.0706534778693454e-06 3.669385841740725e-05 2.4857154198898776e-05 3.006957679890636e-05 1.1920569606158462e-05 3.065405097971918e-07 0.0 6.988949953693956e-07 7.335808016693877e-08
5.885790187607403e-05 4.272370966488777e-06 0.0 1.4699944224607654e-07 0.0 1.2620061969698964e-05 7.203255757875173e-05 0.0001880205476809245 3.062696966417918e-06 4.765301867879076e-06 2.1191741387423676e-05 4.97189900410987e-07 6.747436157994394e-07 0.0002795604711275036 9.35512381699304e-08 2.863154763375607e-05 0.005757300767624174 4.078110744607462e-05 0.0004133014079343148 2.509299625182266e-07 0.00016637880521025195 2.7474069471089924e-05 0.004587543565987249 1.4706713127687057e-05 0.0 0.0037552485119064383 0.006197057789719797 0.00010797338213185001 0.00012574176031313947 0.00024339129215020453 3.626485802677916e-07 4.823468639569743e-06 9.828115839978897e-06 0.00033326619175713825 9.852841211453851e-06 0.0008262406156897531 0.000915284765710209 0.0010453285923839252 0.0002718638263686678 2.1287525711134924e-05 1.8596272554429085e-06 3.6781184410822734e-06 4.168410552533303e-06 1.1542780567931868e-06 4.208769719579979e-05 0.00047509205732244614 1.1304626464146472e-07 0.0 1.2228215869680414e-07 1.1774822491996388e-05 1.69641719456025e-06 3.7035988103867513e-07 2.2187611921058804e-07 9.514855718687532e-07 0.0 6.068496973194466e-07 5.3279483849640535e-06 0.0 7.367353763409222e-05 0.00011199991858302156 8.242856726700639e-07 5.795028832710108e-06 0.0 1.4470709802451203e-05 6.965894038895978e-05 0.00025217099398883034 2.1248983909091974e-05 1.670065277947597e-07 1.0861436406017451e-05 0.0013713546352955347 1.8660612825128314e-05 1.211265160533707e-06 6.917725936001155e-06 7.790460571731028e-08 8.900523740862969e-08 3.1265118460823534e-07 2.3962966672153774e-05 2.9980937262305256e-06 0.00017091861148484 3.275656212778714e-05 8.809040159670128e-05 5.800657372611396e-05 3.831036496915689e-06 6.37274806751757e-07 6.317159322137503e-07 7.511026212344871e-07
5.2080761965953946e-08 0.0 1.4699944224607654e-07 0.0 1.1870532604359025e-06 1.726323314998556e-05 3.5162151659541994e-05 1.5964193131596082e-05 0.000133724994397836 0.0018907047585309676 1.1028003392095423e-06 0.0008974994765175279 1.0040262188454804e-07 1.4036176271243296e-05 6.178050059261731e-05 2.184203908964588e-07 2.1877132043513762e-07 5.847743408676394e-07 2.8680225130880006e-07 0.0013773045639265242 6.504002406044121e-07 3.508894694898101e-07 4.5884939356414637e-07 0.0004093768073341794 0.0 3.853504306841406e-07 9.319063128926026e-07 0.001422210800548477 1.6046736760796247e-05 4.891077975741089e-07 0.0 1.9083224757742177e-06 2.15111248517799e-07 1.2191740698574746e-05 2.9075547117286995e-06 6.519861721615683e-05 4.7650817535925385e-07 2.3095898164728262e-05 1.1618565697224212e-05 0.00010682649718772481 7.389620312481647e-07 0.0 6.775194605785532e-07 6.859597435325231e-08 0.0 9.579857019102659e-08 2.0210167393040253e-05 0.0 2.589353153393657e-06 5.47677217924011e-06 1.1424903681633023e-06 3.080870031855611e-05 2.3067934713488834e-05 2.580203220559873e-07 5.263959221691558e-05 1.261407668088843e-07 1.6114152141100993e-06 9.624242096631331e-07 1.609261364000993e-07 0.0 0.0 0.0 2.001973343605754e-05 0.0 0.0 5.1714050167717565e-08 5.208605312860842e-05 0.0 0.0 1.6694853860242964e-07 4.738241850671991e-05 9.278469459497163e-07 0.0 0.0 0.0 0.0 1.5166417769228235e-06 8.79688716035165e-08 2.203213892963391e-05 0.0 3.5781199685221786e-06 5.519946765178207e-07 1.4226911094430832e-05 1.0905589588516698e-07 6.308178869162405e-07 0.0
0.0 3.0084420997999685e-07 0.0 1.1870532604359025e-06 0.0 0.000496520235784849 3.0490289006659933e-07 9.309411443718099e-06 3.213725952924432e-05 5.537495866057506e-06 8.4856782890473e-06 4.55160475110618e-05 3.816366450619021e-07 3.717819629521276e-07 0.0006997715086793728 0.0 0.0 3.485565196753003e-07 5.760795236380726e-08 2.115198402340163e-06 0.0 1.9358146046881235e-07 4.318107634410706e-08 2.0037567948875265e-05 4.968433582632902e-07 4.810352142566265e-07 3.408527627473104e-07 3.059983887955176e-06 3.839340284547573e-06 4.1877148760587275e-07 1.2587181241006833e-07 0.0001872514312658059 0.0 6.502621784010764e-05 7.907642151098414e-07 1.2114503748035352e-05 1.8977864669594828e-06 3.149291010276818e-05 4.813628910089745e-06 0.0007430987693563955 3.40550239598178e-05 4.837718503464094e-07 9.02013783333609e-08 0.0 0.0 0.0 0.0 0.0 0.0 0.0 0.0 0.0 1.4587677565000901e-07 0.0 1.7270542068736364e-07 0.0 0.0 0.0 0.0 0.0 0.0 0.0 0.0 0.0 0.0 0.0 1.7797221152000467e-07 0.0 0.0 1.645493264502374e-07 3.8904550140201385e-07 0.0 0.0 0.0 0.0 0.0 0.0 0.0 0.0 0.0 1.0789874756014931e-07 0.0 0.0 0.0 0.0 0.0
1.2736524811846377e-05 3.6667784129648054e-07 1.2620061969698964e-05 1.726323314998556e-05 0.000496520235784849 0.0 0.0007861394665225488 0.0033280567194221137 2.588616462599344e-05 0.00423252298289325 0.0001761776084473239 0.0016140287837940828 2.0110506031859555e-05 0.0003990896134701037 0.0007449574977677809 5.276215426954812e-07 6.4899480530898685e-06 2.0378756603639123e-05 7.79585274084669e-06 6.053690244040796e-05 2.0280395758527104e-05 5.525760077523235e-07 2.1738559272505133e-05 3.85799739420114e-05 1.83317730746007e-06 1.69541570677701e-05 6.339303676775901e-06 0.00012253679710058532 0.00019785970555950906 0.0001391704256605515 1.9651695418664247e-06 0.0007320760356723425 6.577713970237712e-07 0.0009063629851333539 2.126342422511413e-05 0.00021846875744062328 4.5545100667513156e-05 0.00048457456570650967 8.300064232975813e-05 0.0006698024715456145 0.0005804685973331954 1.1199384260602904e-05 4.5725604866679025e-06 0.0 0.0 9.231934213100372e-08 1.483296393813361e-06 0.0 2.3210677024345917e-07 2.0074488218287878e-05 7.267310540618732e-07 4.560734727677922e-06 2.951418172073395e-06 2.2837332432477929e-07 1.0441400454580312e-05 4.529787750243329e-07 1.4314402029823036e-06 2.916377581350299e-07 6.299546050359323e-07 0.0 1.3910029785777035e-07 3.3372610787131063e-07 7.998309418646917e-07 1.56152647294067e-07 3.4427161691172534e-07 4.632977179596331e-07 3.181395580177767e-05 7.487221239866597e-08 5.457589861456178e-07 1.7441564691528117e-06 4.25572655797797e-05 8.416506227491508e-07 3.4150101963744585e-06 9.886122377359507e-08 0.0 2.5440905166349553e-07 1.0759867548467722e-06 1.8138286971393057e-07 2.333859132353726e-05 1.2743859256183234e-06 3.867422997962098e-06 2.0658829585019601e-07 9.692361103317803e-06 4.946519780181313e-07 3.4606333092024375e-06 8.149568639379802e-07
0.0016716901838989167 5.070997046669177e-07 7.203255757875173e-05 3.5162151659541994e-05 3.0490289006659933e-07 0.0007861394665225488 0.0 0.0027392961759712714 0.0001303532440501887 0.005049431683215382 1.6732195010490417e-05 1.9771016509051126e-05 2.5579583610969213e-06 0.0044239178867060015 1.0189552358147645e-05 2.1681985592578272e-05 1.2391263736011492e-05 4.881540073292956e-06 4.296444677276245e-06 3.409377478997816e-05 0.000713900295404049 9.219713994090028e-06 0.0002770945346534618 0.00034102330719464876 8.288496165870962e-07 9.920088690125864e-06 3.1832592007076e-05 0.008363607098690279 0.0009922113279863386 0.002075122504248027 2.9092583159674667e-07 2.4903596823883312e-05 8.495992530489921e-05 0.0004871029093868494 3.126692085660489e-05 0.0014225359370670448 2.2733701667092556e-05 0.0008282295425794895 0.0004087215106957816 5.6802073926333414e-05 1.3354971564306976e-05 2.149282661450195e-06 1.3080648353347767e-05 1.8386063931716178e-06 5.794327714511438e-08 1.3226714168825587e-06 2.487538023523331e-05 0.0 7.409520831120258e-06 0.0001682125796041949 4.511548648204429e-06 8.96899705271665e-05 7.340581794433898e-05 4.033744386613647e-06 1.3480100715289427e-05 2.765478034068113e-07 8.699792260828278e-06 7.177934022659954e-07 1.1477885506433643e-05 4.5603046591756086e-07 8.48324419385687e-07 6.041381276252838e-07 2.8041096649508937e-05 4.641887384152055e-06 3.3093008649591958e-06 1.1786489733817022e-05 0.00039057770418201963 1.6155222210961387e-06 1.0683361019422617e-06 9.914519242631576e-06 0.0004909619881343988 1.4976457554003002e-05 1.4371252846613601e-05 2.019481571905666e-07 5.766870210099978e-07 7.108096829544283e-07 7.5233681631259306e-06 4.03251646122144e-06 0.00030250114770950055 1.0472513427428513e-06 3.538766930169151e-05 6.2479524662945696e-06 0.0001008245778462583 4.102130140497845e-06 5.014289142290584e-06 3.0609828548215045e-06
0.00031502984789962067 2.3079381744554356e-07 0.0001880205476809245 1.5964193131596082e-05 9.309411443718099e-06 0.0033280567194221137 0.0027392961759712714 0.0 1.9548109152305094e-05 0.0018177067315883703 0.00013804228344618856 0.0002528807791870498 1.6548081844601725e-05 0.0036482242271201467 4.991501622373663e-05 1.1580184793195144e-06 7.349545352287906e-05 1.6645304611297463e-05 1.4271563046495752e-05 4.3803518558864936e-05 0.00037073877918773307 9.286366145866072e-07 0.00029352052353740296 5.4213933085857106e-05 1.8935672940270332e-06 3.480729950006063e-05 1.398182075316855e-05 0.0002513879496409012 0.00032297200361815903 0.0008308059807510241 1.7803817210397138e-06 0.0005132413453632374 4.568075106761773e-06 0.0003574124948706978 2.641520621318598e-06 0.00023937182443803276 4.195125699200232e-05 0.0003984947807440744 8.986666027381835e-05 0.00018598368790801568 0.00012142152595944283 9.097890439301267e-06 3.0833231911666645e-06 3.696088538558696e-07 5.6375689744279604e-08 9.707402140758883e-07 2.742043234680701e-06 0.0 1.1686662180426816e-06 2.1992754609607635e-05 6.835914129019051e-07 7.02948229997639e-06 4.4543861375757165e-06 1.9321503035882722e-07 3.7135489346500452e-06 6.330825717053637e-07 7.943229602903291e-07 1.958634054161263e-07 3.2689057433013027e-06 4.1212432015594e-07 2.432899906148053e-07 1.6276189101614377e-07 1.3776992900843987e-06 6.425328652486085e-07 4.757674548794503e-07 4.2387817185285764e-06 4.6007387645581055e-05 7.406149817653638e-08 3.5839386059327744e-07 5.164096645962485e-06 6.016103086182523e-05 1.3590308063994696e-06 3.6756394494150807e-06 0.0 7.106776213282435e-07 6.885261164387569e-08 1.1474098180884112e-06 6.303437785781502e-07 3.2659149680712235e-05 6.048807195955237e-07 3.4078483844894546e-06 5.912698442760933e-07 1.208254685648006e-05 9.606111251632012e-07 5.700492495996796e-07 0.0
1.832879373900062e-06 0.0003948575971586332 3.062696966417918e-06 0.000133724994397836 3.213725952924432e-05 2.588616462599344e-05 0.0001303532440501887 1.9548109152305094e-05 0.0 0.0005283646976640667 3.517805725224862e-06 0.0002316305890541372 1.4119360293600893e-05 1.5152317906257058e-05 0.00037297497680541773 2.7615966790509315e-05 1.2107336109448164e-06 2.6146063970752616e-06 2.2897072606695384e-06 0.00013180153465914237 2.2410763709890816e-05 0.0013566940540289509 5.922151082420026e-06 0.008322586508988036 4.156947910150549e-05 2.075211002045274e-05 0.0003646801093760921 0.0011182081167450187 3.158943970027618e-05 0.00013939319923853065 4.0545121346268265e-06 3.6301859978067166e-06 3.48904201695729e-06 1.657749535364258e-05 1.1141062444611748e-06 6.804584878632648e-05 7.512873747703806e-06 2.9238834885539575e-05 1.2642646549051694e-05 0.0001743223177477806 1.6095471348025354e-06 9.398312414027582e-07 6.892769969893223e-07 7.539822488404779e-06 2.4891217516609638e-06 3.1602837669441307e-06 1.1668549104939785e-05 3.816635327842974e-07 3.811397053122345e-06 0.00019043434481342026 3.815072448108804e-06 8.104925307747119e-05 3.018801941168233e-05 1.2156193971945264e-06 6.51776743429437e-06 9.482891703892359e-07 1.564239961973685e-05 4.574320771985065e-07 8.87679321473077e-05 1.0701415847181524e-06 3.5270116484220154e-07 1.5779273777791003e-06 1.2548162239772517e-05 4.5772495433864223e-05 5.6950700843674296e-05 9.849737770955995e-06 0.001528467781105063 4.697848093079808e-07 1.7497991092875114e-06 1.1216521382767862e-05 0.0005792395965787254 5.769364375117057e-05 9.219686071452718e-05 4.0769936430907915e-07 3.5783041463335913e-07 7.6083268832064235e-06 1.4610057893360256e-05 5.221001874890466e-06 8.441956081855015e-05 1.5881584609912062e-06 4.931906788875256e-05 8.789774497278382e-06 1.635083290728744e-05 2.069851911233675e-06 2.6370675506690147e-07 6.663643279987277e-07
2.0845691032684953e-05 5.633257677861116e-07 4.765301867879076e-06 0.0018907047585309676 5.537495866057506e-06 0.00423252298289325 0.005049431683215382 0.0018177067315883703 0.0005283646976640667 0.0 4.692843190515493e-05 0.002543171636701978 6.2551302881049756e-06 0.000778036270217288 0.00010579267352646947 1.1961889915513311e-05 2.9136188886845676e-06 1.3619525564317575e-05 5.4286427201146205e-06 0.0009909416317919473 2.9596844604391724e-05 6.500922882036418e-06 1.5625795756584006e-05 0.000960064746428174 6.187535958585813e-08 1.0553750061730213e-05 1.377659675069412e-05 0.0025227167772054054 0.0006064955254486682 2.1288113725712594e-05 1.151548196656407e-06 6.404352280751776e-05 7.338649193853567e-06 0.00038387233679835743 3.448859451079816e-05 0.0010707126217442632 2.214070058997662e-05 0.0008082763401499658 0.00033869853559269196 0.0002872278453707441 2.59138636144111e-05 2.2863184005157692e-06 1.553775006898024e-05 1.3710116405598895e-07 0.0 8.139385107459757e-08 5.862830345095706e-05 0.0 5.880191568400641e-06 4.28377866152644e-05 1.8595489615440279e-06 0.00016067787597784467 6.90390963277169e-05 5.759406629064257e-07 0.00013874986891770143 1.9343841685957117e-07 1.029389170454097e-06 7.132916072664283e-08 1.364112493322337e-06 0.0 1.5565287059642224e-07 2.2251190502867858e-07 3.586079134116967e-05 1.2169500847760426e-06 6.663390223610312e-07 1.1717112526039445e-06 0.00026392483232292045 2.1194129872269857e-07 1.4635174448782616e-07 2.162219603416575e-06 0.00021507121158783447 2.3979643697077083e-06 3.064707572263138e-06 0.0 0.0 5.02604114526365e-08 6.844614861701894e-07 9.954873758735115e-07 0.00015554816526367436 4.979944985251951e-07 6.127231863783026e-06 1.6436973128221082e-06 6.830286485503799e-05 3.5690481790962914e-07 6.999033428403651e-07 3.039889081598053e-07
2.984771978819194e-06 5.861060031290923e-05 2.1191741387423676e-05 1.1028003392095423e-06 8.4856782890473e-06 0.0001761776084473239 1.6732195010490417e-05 0.00013804228344618856 3.517805725224862e-06 4.692843190515493e-05 0.0 1.9418851153850268e-05 0.0007880501156352336 0.00013637131343574149 3.934305871709646e-06 6.148103558619671e-06 5.528833108423803e-05 0.0014879332868571002 0.00038236784882375753 3.530716327410377e-06 4.0593575399010315e-05 1.4502532000717467e-05 4.433186243127028e-05 6.106097739682265e-06 0.00017237228624058224 0.000614078824485099 0.00022686028411736864 1.4130850828136891e-05 0.0004944631560279547 2.4684265260245084e-05 7.557725185214286e-05 0.0002147116450667686 1.0859703807182522e-05 0.005123775049209803 8.715081836058067e-06 0.0005723363781047361 0.003213043118878628 0.002163899579347702 0.0007149526034637877 1.9902690921935184e-05 3.17172429409804e-05 0.0005373818119907698 5.264440622668366e-06 9.449147110649693e-08 9.36167289519164e-06 1.5317173925614296e-06 0.0 0.0 0.0 2.603049168022348e-06 6.891787958344376e-07 2.471443155219688e-07 2.453147850586545e-07 0.00020178229368809686 1.612627345666519e-07 0.0011782626026221495 6.471580975833796e-07 0.0 1.3110253557031727e-06 2.572110000683928e-06 5.153554135551386e-05 2.534682702065876e-05 6.873918774719281e-08 5.560494669913102e-07 1.3683140819621697e-06 7.045673594027189e-07 4.899941524233167e-06 0.00015059281884387935 0.00017913658104296465 0.0003863128786482267 5.779970014180511e-06 1.1464570519540347e-06 7.637810698547798e-07 0.00017600002668659008 2.1588745785851948e-07 0.0 6.1412922016479336e-06 5.263977708544206e-06 2.3761979947834736e-05 0.00012391423962989932 2.044305264542416e-05 2.677270283110033e-06 2.106159323480112e-06 0.0 4.740498208679232e-05 5.729082773052679e-07
1.2710282595443249e-06 3.910585776146102e-06 4.97189900410987e-07 0.0008974994765175279 4.55160475110618e-05 0.0016140287837940828 1.9771016509051126e-05 0.0002528807791870498 0.0002316305890541372 0.002543171636701978 1.9418851153850268e-05 0.0 2.770087121421469e-06 0.00012591558259687319 0.0010944458677810455 9.531676751905874e-08 6.885988151600438e-07 5.121241791624551e-06 1.5111290953992822e-06 0.0014000337504743773 1.3107665227876863e-06 1.1091704338509074e-05 7.860879547554152e-07 0.0004662389385655376 7.160590052567474e-07 3.5977376528627967e-06 6.735342393856418e-06 0.0005540380687917674 8.478565108902442e-05 4.702900959049953e-06 5.247791153030021e-07 3.951440340602801e-05 5.27373502684636e-08 4.067611809439463e-05 3.200407597348345e-05 8.655171490881023e-05 6.011160630044776e-06 0.00012123741566831785 1.3526126202420002e-05 0.0010797820506882035 8.540682068256798e-06 1.317957834764211e-06 7.071646447004725e-07 1.246536187681315e-07 0.0 0.0 8.825017081630096e-06 0.0 1.133814242685642e-06 1.6361366072208456e-06 9.833043049836513e-08 1.3916023841652052e-05 1.5966767341609693e-05 4.818802327055204e-08 0.00013277814732080227 0.0 1.613258250174502e-07 1.2458617951378277e-06 3.287060026306625e-07 6.581172137277526e-08 0.0 0.0 3.6857550095742202e-06 0.0 2.0620242153338692e-07 1.5650985500788036e-07 1.5460486944585936e-05 0.0 1.047722703655806e-07 3.140463247768882e-07 1.1731181268246971e-05 3.499068328245694e-07 0.0 0.0 0.0 0.0 0.0 4.829002528745736e-08 1.6322515713485558e-05 0.0 1.148903653331074e-06 1.5746032904881508e-07 1.1025955804055677e-05 3.664208644364584e-07 0.0 0.0
2.0840799423591803e-07 0.000624207750470073 6.747436157994394e-07 1.0040262188454804e-07 3.816366450619021e-07 2.0110506031859555e-05 2.5579583610969213e-06 1.6548081844601725e-05 1.4119360293600893e-05 6.2551302881049756e-06 0.0007880501156352336 2.770087121421469e-06 0.0 1.85773050065724e-05 1.1674581613190472e-06 7.367733752756822e-07 7.920873704246935e-07 1.2869013056817046e-05 1.652250313522761e-06 4.845622714382179e-07 3.5449379800334256e-07 0.00010300196640831073 5.234613738048146e-07 1.9195128954026926e-05 0.0016798125956415538 3.217192956100224e-05 0.001369692360310689 1.379175043256576e-06 3.306518374652598e-05 2.9640230151677566e-06 0.0003697782764701004 1.736879038132136e-05 6.385857530032251e-07 0.0013739716412057435 5.878267649220692e-07 7.806276761603074e-05 0.0011455258495183418 0.0009625716051320495 0.00012849236297718692 2.818289402748027e-06 3.199715859368443e-05 0.0009891784056610174 1.0714907749731598e-06 5.1332478349540884e-08 4.045538295151644e-05 8.958702165958009e-07 0.0 0.0 1.3068534369395594e-07 3.2309806031453047e-07 7.80648751419281e-07 2.1842129384236013e-07 1.6294069745706675e-07 0.00037973031375162505 3.9487938856561025e-08 0.002468868204408425 4.5969574713817643e-07 0.0 4.4342069520817366e-07 2.2839625799305016e-06 4.9500849775662527e-05 2.388659583195343e-05 5.267682588187212e-08 4.580588374163269e-07 1.4000649860896593e-06 4.687370795042376e-07 3.7167741416473133e-07 0.0004202514913650107 0.00026510705797151864 0.0006272369662179047 1.095498840821853e-06 8.273890128405969e-07 2.4531975511985494e-07 0.00033638658496975177 3.7554373590440443e-07 0.0 1.4624955956649468e-05 1.0045809517633253e-06 1.4330082607639306e-05 0.00016069086426038893 2.3040422206552254e-05 2.4561082243227e-06 6.266611252957917e-08 2.189824129801481e-07 7.469844798450355e-05 2.4880439699654273e-06
0.0027491961947940973 2.2079805196805724e-07 0.0002795604711275036 1.4036176271243296e-05 3.717819629521276e-07 0.0003990896134701037 0.0044239178867060015 0.0036482242271201467 1.5152317906257058e-05 0.000778036270217288 0.00013637131343574149 0.00012591558259687319 1.85773050065724e-05 0.0 1.0245214913567031e-05 1.4527905054515694e-06 0.00016697227111156997 2.4727915590628375e-05 3.033791336663617e-05 3.935984014031619e-05 0.000528555956631915 0.0 0.0005184266258609238 4.379211318679066e-05 2.248475443871765e-07 4.6163306514779024e-05 2.193948701400547e-05 0.00022233408085012271 0.003984116337945918 0.0026409632072688254 1.8340641315324474e-06 0.0001434083368852088 2.502044666324179e-05 0.0003289710227552716 2.6449143087600707e-06 0.0003529330155423896 4.516689881322495e-05 0.0004954176014796405 8.079788293654357e-05 9.716277366193661e-05 2.901644538370293e-05 8.368519360502311e-06 3.2277892874892827e-06 8.414036438926772e-07 5.115108655069526e-08 1.270022875588108e-06 1.752429668527603e-06 0.0 1.1254179069576133e-06 2.450222589483848e-05 1.6631436998360084e-06 4.987695004651784e-06 2.9388729697134398e-06 7.212736490342147e-08 2.581272103993664e-06 1.1329039343023442e-06 1.7534682492512947e-06 0.0 3.46393677922864e-06 3.3660966560721854e-07 0.0 4.424456525494878e-08 1.0736958460390793e-06 1.409530039325522e-06 5.681118402536151e-07 5.4667501164279335e-06 5.131867751987152e-05 2.5704207278172875e-07 5.178496923665528e-07 5.83892204396463e-06 6.673124361670513e-05 3.2873949343436693e-06 5.266014638735319e-06 0.0 3.1227348310945626e-07 4.4774888149386514e-07 1.569686734620418e-06 4.518474301148803e-07 3.301033423986834e-05 2.710228279275364e-07 6.016228298153709e-06 1.2906852953477717e-06 9.809176750353073e-06 5.630842143225322e-07 6.068695312593307e-07 1.402941621240324e-07
1.7843061477340124e-07 1.655338082892862e-05 9.35512381699304e-08 6.178050059261731e-05 0.0006997715086793728 0.0007449574977677809 1.0189552358147645e-05 4.991501622373663e-05 0.00037297497680541773 0.00010579267352646947 3.934305871709646e-06 0.0010944458677810455 1.1674581613190472e-06 1.0245214913567031e-05 0.0 0.0 1.3550324693385294e-07 6.996160053890966e-07 1.291258635125173e-07 7.350415417838709e-05 3.9872365372933457e-07 3.5601103598309605e-05 3.6415230932793765e-07 0.0008660863801992579 1.1296708786214727e-06 1.2487605447455887e-06 1.424553788439583e-05 0.00012097433554998898 2.437875811800956e-05 3.4929199110677236e-06 4.2710106707709314e-07 0.00022680811188389587 7.929181616875265e-08 4.5631672519740096e-05 1.6058269436666384e-06 2.0242797538809795e-05 1.932207258637433e-06 2.3220331738667235e-05 1.757346050751893e-06 0.00041433248383472375 6.735743570405136e-05 5.078501839081935e-07 8.233270643985314e-08 0.0 0.0 0.0 4.901709970792131e-07 0.0 0.0 1.0402008208695577e-06 0.0 3.6681193648031487e-07 8.15408228843838e-08 0.0 5.1726386106576765e-06 0.0 0.0 0.0 2.913501814416848e-07 0.0 0.0 0.0 4.2915291516929387e-07 0.0 0.0 0.0 2.3656783080664656e-06 0.0 0.0 1.602822587975853e-07 4.405975634609065e-06 1.6774999955844212e-07 6.558290909326268e-07 0.0 0.0 0.0 0.0 0.0 3.9842019444910955e-06 0.0 1.5323126229888238e-07 0.0 1.2241162724757992e-06 0.0 0.0 0.0
1.829277098237895e-07 3.448647093638795e-05 2.863154763375607e-05 2.184203908964588e-07 0.0 5.276215426954812e-07 2.1681985592578272e-05 1.1580184793195144e-06 2.7615966790509315e-05 1.1961889915513311e-05 6.148103558619671e-06 9.531676751905874e-08 7.367733752756822e-07 1.4527905054515694e-06 0.0 0.0 3.549031890831027e-05 2.8270055163811385e-06 1.2386060236284293e-05 1.356566165398119e-07 0.001057997927656128 0.0011472318345707737 0.0017824461876581124 0.0013482823367564083 1.6211939291431235e-06 2.5264598697080343e-05 0.0029239963942986075 0.000532052064073212 1.6339378529174923e-06 9.983137485791653e-06 5.867306889251731e-07 5.376271093806142e-08 9.092461330437261e-07 8.081586115281562e-05 1.1211853692682014e-05 0.0007421236013387203 0.00017557266530098133 0.0004022122134728532 0.00037069671125074813 3.416396840362404e-05 1.0521054718636105e-06 9.332630817191921e-07 5.220680402997131e-06 6.228261056806982e-07 5.784526834857654e-06 4.090699264446474e-05 0.0 0.0 4.418549252753711e-07 8.255066878250055e-06 7.516542401465951e-07 1.4247513012956363e-05 1.403808341260795e-06 1.2984120503850432e-07 0.0 3.0989685618102684e-07 1.7004768007452124e-06 2.6223130287669117e-07 0.002111637971004673 7.558706019846467e-06 2.484208765130661e-07 1.4956270732056297e-06 0.0 0.00035794089048113155 0.0005105336240360822 0.001145418082033648 0.00018047478424066817 1.1414786249983449e-07 6.159808311282642e-06 0.00029231565459481604 9.381765772948927e-05 1.1811209537125584e-05 5.2335573388061294e-05 1.6350869287518023e-07 0.0 2.3580730455578414e-06 1.0458079744585864e-05 8.188625668528038e-06 0.0002531594005246855 7.005821752537415e-06 5.8432464556277526e-05 2.2315545239995222e-05 4.387528453703569e-06 0.0 9.535825826909935e-07 1.4998827498484496e-06
3.698217709304122e-05 2.984250319189043e-06 0.005757300767624174 2.1877132043513762e-07 0.0 6.4899480530898685e-06 1.2391263736011492e-05 7.349545352287906e-05 1.2107336109448164e-06 2.9136188886845676e-06 5.528833108423803e-05 6.885988151600438e-07 7.920873704246935e-07 0.00016697227111156997 1.3550324693385294e-07 3.549031890831027e-05 0.0 4.6002738087729354e-05 0.002658697702648268 2.82643514011849e-07 0.0004522803805542573 8.25294174104886e-06 0.001502910431448748 1.9404476116186288e-05 3.5907640280233574e-07 0.0011153424715727265 0.0033037132828460584 6.765218137882627e-05 0.00032668302240192496 0.0008607747431924324 3.040041965002373e-07 4.293153964254956e-06 6.47552452684511e-05 0.00158577644263454 7.177426632662038e-06 0.000695825965645921 0.0012927157107379015 0.0010248614432264 0.00026555412952396543 2.3238800084779008e-05 1.2021655765807808e-06 1.3130928587164062e-05 2.819000985858168e-06 3.211885188116258e-07 2.1261354457018656e-05 0.00023194823127607386 0.0 0.0 0.0 4.288073014352034e-06 9.224271636679468e-07 3.604006578589907e-07 2.785964487421825e-07 5.08436064600891e-07 0.0 5.757392789592261e-07 1.422188673299647e-06 6.384653293464352e-08 1.8476066511460263e-05 0.00010453490251930315 1.3036519612127755e-06 2.2273761368247364e-05 0.0 3.6692116399380245e-06 1.0893427868052782e-05 7.152247078626964e-05 9.71864820848021e-06 6.618647787876844e-07 5.0221091747264583e-05 0.000718868162654382 9.813518943876468e-06 8.177843001132513e-07 4.111697847878209e-06 4.460693635299535e-07 1.643842185475611e-07 1.2664375398084492e-07 1.7424705603384655e-05 1.3622206557330879e-06 8.72179530829186e-05 6.141313880067049e-05 5.42517359694533e-05 2.6187371719898445e-05 1.3848955258172056e-06 0.0 2.2296694731677566e-07 2.5051119627465274e-07
1.2011137873792242e-06 3.4906967251320015e-05 4.078110744607462e-05 5.847743408676394e-07 3.485565196753003e-07 2.0378756603639123e-05 4.881540073292956e-06 1.6645304611297463e-05 2.6146063970752616e-06 1.3619525564317575e-05 0.0014879332868571002 5.121241791624551e-06 1.2869013056817046e-05 2.4727915590628375e-05 6.996160053890966e-07 2.8270055163811385e-06 4.6002738087729354e-05 0.0 0.0005989553454824377 7.645000385993449e-07 1.2019551014346768e-05 1.0977820815351228e-05 1.8440533429346626e-05 4.7786154154611755e-06 5.558383215815183e-06 0.0017495158426675114 0.0003539052442241964 4.8412479839363945e-06 7.867353592105976e-05 8.691487130353772e-06 6.980060060018774e-05 1.9469583586060945e-05 2.240723730483682e-06 0.000822101346801663 5.907085518807373e-06 0.0008443460354882184 0.0009518521700540147 0.0008345211740967924 0.00032410148866356825 1.3864379407069833e-05 4.850600840355902e-07 6.178749488488515e-06 4.07798715369428e-06 5.366199388263108e-08 5.3376351307124094e-06 2.845722195768237e-06 0.0 0.0 5.1183060096586064e-08 7.88770846270353e-07 5.3090224613699186e-08 2.6735261523315204e-07 4.569645210063153e-08 1.2266284311981448e-05 1.1405638327554854e-07 3.731517210413819e-05 2.784973639351123e-07 0.0 6.601419348554816e-07 9.994816018294799e-06 3.2821838784256e-05 5.790473689042743e-05 0.0 0.0 9.115740471984016e-07 1.7695683148961109e-06 1.851605514925409e-06 3.0806845324246627e-06 0.00012811272847188776 0.0002741479574097488 1.5287468741894856e-06 2.0404545741854425e-07 6.630157724173491e-07 2.5108654495233483e-05 0.0 0.0 4.017222328815969e-06 1.1153410268399908e-06 2.1626706684980888e-05 2.102531689315467e-05 1.1867471698787115e-05 4.196248914895452e-06 6.342419002202713e-07 0.0 2.999818426218192e-07 1.0790477491697786e-07
4.852661355185258e-06 1.3515209262338454e-05 0.0004133014079343148 2.8680225130880006e-07 5.760795236380726e-08 7.79585274084669e-06 4.296444677276245e-06 1.4271563046495752e-05 2.2897072606695384e-06 5.4286427201146205e-06 0.00038236784882375753 1.5111290953992822e-06 1.652250313522761e-06 3.033791336663617e-05 1.291258635125173e-07 1.2386060236284293e-05 0.002658697702648268 0.0005989553454824377 0.0 4.050339220307476e-07 5.9476383928317135e-05 9.163799192629749e-06 0.00011573589821034675 7.293825604892533e-06 1.9813290437322587e-06 0.0013540320728271514 0.001260082618787081 1.7187686147592855e-05 8.095547027612375e-05 6.975210894013478e-05 2.657900249047199e-06 5.992887432151242e-06 1.578466429150584e-05 0.0015728026479113176 5.050675191864043e-06 0.0009055695416693825 0.0006699733138261854 0.0013414005002497342 0.0002821461902323438 1.6171998039003514e-05 6.634831125199231e-07 3.551645772197272e-06 3.56032576799433e-06 0.0 1.5029053801610041e-05 4.652269747460694e-05 0.0 0.0 0.0 8.924437259786563e-07 9.999884685818216e-08 4.0112361061895826e-07 0.0 2.0525032026045827e-06 0.0 4.146795852840903e-06 3.00093634270142e-07 0.0 3.6475528000825238e-06 3.9204887554429914e-05 6.777133539335147e-06 6.254036557452177e-05 0.0 7.595194507474808e-07 3.818900626172261e-06 9.754449361340474e-06 2.5400894244313932e-06 1.7914067599523706e-06 0.00011488407408455104 0.00037085993494842914 1.6172508029794325e-06 1.2854646164959893e-07 1.3455104687709922e-06 2.381837717322464e-06 0.0 0.0 8.964076052348537e-06 1.0652740233124257e-06 3.7317052539141374e-05 5.1581301912914746e-05 2.8867797004032548e-05 9.640697784046521e-06 9.645378632446568e-07 0.0 4.313497516772924e-07 0.0
6.201364960939049e-07 0.0 2.509299625182266e-07 0.0013773045639265242 2.115198402340163e-06 6.053690244040796e-05 3.409377478997816e-05 4.3803518558864936e-05 0.00013180153465914237 0.0009909416317919473 3.530716327410377e-06 0.0014000337504743773 4.845622714382179e-07 3.935984014031619e-05 7.350415417838709e-05 1.356566165398119e-07 2.82643514011849e-07 7.645000385993449e-07 4.050339220307476e-07 0.0 7.57859295956787e-07 0.0 3.983121843690915e-07 0.0005176507898844748 7.596994765512449e-07 8.136960620539815e-07 5.076299268481588e-07 0.0019263879311485026 3.924599316331489e-05 1.3057346946852936e-06 1.324795898097412e-07 4.491113932879115e-06 8.267288552006569e-08 2.280424430791674e-05 4.1093395654148005e-06 8.259738163912786e-05 1.939138830893827e-06 5.5179522020577116e-05 2.1669943960060493e-05 0.00013275735161619485 1.821109813645581e-06 9.426283092692963e-07 1.534585839459091e-06 0.0 0.0 0.0 1.2164431701752856e-05 0.0 3.4668744481199943e-07 4.19158945550878e-06 9.407297111620167e-08 2.7700986416991975e-05 9.403783691236927e-06 0.0 4.309796681478632e-05 0.0 0.0 0.0 0.0 0.0 5.1652896805989654e-08 0.0 4.562907003285655e-06 0.0 0.0 6.32695003400304e-08 3.560938337298275e-05 0.0 0.0 7.021699377073562e-08 2.4158625706955488e-05 1.8154737565267265e-07 0.0 4.748034906724e-08 0.0 0.0 3.420064960846243e-07 0.0 2.0302408730678118e-05 0.0 7.958054816980234e-07 9.870606371080613e-08 7.890111904038235e-06 1.2079584800331886e-07 3.7720066478581003e-07 0.0
0.00013862701610105373 2.281546088326403e-06 0.00016637880521025195 6.504002406044121e-07 0.0 2.0280395758527104e-05 0.000713900295404049 0.00037073877918773307 2.2410763709890816e-05 2.9596844604391724e-05 4.0593575399010315e-05 1.3107665227876863e-06 3.5449379800334256e-07 0.000528555956631915 3.9872365372933457e-07 0.001057997927656128 0.0004522803805542573 1.2019551014346768e-05 5.9476383928317135e-05 7.57859295956787e-07 0.0 5.2582642843965775e-05 0.008441933045474716 0.0007017542731215413 4.7007667692372887e-07 2.687836955813227e-05 0.0008650369008683735 0.002792201425634394 0.0002728177699869458 0.008119588411894713 1.966813933691277e-07 5.50288531682552e-06 8.106521478016221e-05 0.0020755185194074803 5.6271369012463324e-05 0.0031050403415744847 0.0009151249008632361 0.003040452489807887 0.0022189534539263493 0.0001352594261769741 4.372835690985872e-06 2.7594161029007683e-06 2.056595574535409e-05 4.0989567679975546e-06 6.651917176898355e-07 2.0778843929486576e-05 1.4814435063776502e-07 0.0 7.239144030737566e-07 1.7398955091188464e-05 8.964442586644588e-07 6.936158939884251e-06 1.4360327517624408e-06 2.748814553333324e-07 4.456129320943159e-07 1.245846190380456e-06 5.619117271075469e-06 1.5010483912671796e-07 0.00046143282191838736 1.5447220554704094e-06 1.9323871146564978e-07 9.738353389822164e-07 3.3113237261727177e-07 0.0002590197077001352 7.626761925663534e-05 0.00014644036477701636 0.0002619655473373741 2.841145672348477e-07 4.647147426042894e-06 3.056660008650483e-05 0.0001764957331433537 4.039043494420321e-05 9.121157959085349e-05 0.0 0.0 8.97266212247814e-06 1.596786332113801e-05 9.15296397686976e-06 0.0002763450669585552 5.4763919541232975e-06 5.5193458083759535e-05 2.235593632540776e-05 1.4626010639908398e-05 1.146472463774248e-06 2.0887278911149823e-06 4.114948013226288e-06
5.572397503439119e-08 0.0012455893128367657 2.7474069471089924e-05 3.508894694898101e-07 1.9358146046881235e-07 5.525760077523235e-07 9.219713994090028e-06 9.286366145866072e-07 0.0013566940540289509 6.500922882036418e-06 1.4502532000717467e-05 1.1091704338509074e-05 0.00010300196640831073 0.0 3.5601103598309605e-05 0.0011472318345707737 8.25294174104886e-06 1.0977820815351228e-05 9.163799192629749e-06 0.0 5.2582642843965775e-05 0.0 4.262317179019643e-05 0.003752839551797255 0.0003662010061505189 0.00010116132205080481 0.0029788534698153716 9.75810511763946e-05 1.091722099804827e-07 1.1406328348008172e-06 2.5537765350102236e-05 9.557426145066544e-08 0.0 6.389167417148342e-06 0.0 1.5040672774412384e-05 1.5180423216471578e-05 1.78280948248911e-05 4.133833663117974e-06 9.17268406067783e-06 0.0 1.5058958447622585e-06 1.989056153773902e-07 3.5746427392911167e-07 1.5268997683086635e-05 2.233748091766183e-05 0.0 0.0 1.0466004653802303e-07 4.737963915048451e-06 3.3400294182367583e-07 2.007991104511801e-05 1.2325842071833118e-07 7.560690629338966e-07 0.0 3.6637617054371396e-06 8.060215080942872e-07 8.476134459569658e-07 0.0008670056738280904 5.8232604434472575e-06 5.499901211818883e-07 1.834193804596611e-06 0.0 0.0001201572677104372 0.00016763973114126748 0.00018240280413013438 0.00013259480016559612 6.797400283570354e-07 6.35411504182361e-06 0.0003279336411128669 4.958965464011467e-05 5.242195246133826e-06 1.994289591174095e-05 1.0512595774800172e-06 0.0 7.056136576127468e-07 5.353549301405101e-06 5.451353943418127e-06 7.238537217134933e-05 5.151378267067888e-06 2.5943752015114902e-05 1.543210995569993e-05 2.322936306531226e-06 0.0 1.513802849410398e-07 1.3679389619625705e-07
0.0001250203738769012 8.707093666606129e-07 0.004587543565987249 4.5884939356414637e-07 4.318107634410706e-08 2.1738559272505133e-05 0.0002770945346534618 0.00029352052353740296 5.922151082420026e-06 1.5625795756584006e-05 4.433186243127028e-05 7.860879547554152e-07 5.234613738048146e-07 0.0005184266258609238 3.6415230932793765e-07 0.0017824461876581124 0.001502910431448748 1.8440533429346626e-05 0.00011573589821034675 3.983121843690915e-07 0.008441933045474716 4.262317179019643e-05 0.0 0.00015705976497910795 0.0 0.00016967158323408867 0.0051805464204094254 0.0007309370645589823 0.0002885718150858142 0.0033324778672875724 6.788726639264555e-07 7.420823186328174e-06 3.983119654625916e-05 0.0019044648116689244 9.070980349701233e-05 0.004589108897049756 0.0020432433363465536 0.004096025824768204 0.0032270718696469124 0.0002454278984306984 1.8969899563850802e-05 4.8444991101115215e-06 2.94371686660494e-05 6.981745371499678e-07 2.051691380923164e-06 7.346967418587142e-05 7.787700026868575e-08 0.0 2.113050961603459e-07 1.8936381544430744e-05 1.834636660973783e-06 6.959039967180869e-06 1.5568124161969127e-06 2.9438478582016444e-07 0.0 4.3967942761709205e-07 3.1830737703481547e-06 2.046142323027777e-07 0.0011451465722632024 1.2429119480530354e-05 3.001296594963593e-07 1.3462888853128046e-06 5.0721002613409344e-08 0.00020144767522657422 0.00011836475242232375 0.0011293913366147283 9.986271853730125e-05 0.0 3.2699634711085945e-06 0.0005094873582472144 6.798294905390927e-05 9.150534311516483e-06 3.249818449769001e-05 5.405022434801863e-07 2.1024150692218186e-07 9.450390667810479e-07 7.778136938403785e-06 1.0666866547779849e-05 0.00024743008253422553 7.33429516556488e-06 4.4273953473786905e-05 3.065737490108418e-05 7.095848395403897e-06 1.9330567609458884e-07 1.5515367888424168e-06 5.695783054309869e-07
