0.0 5.826377621702532e-07 7.249925767073672e-05 2.419823178961276e-06 6.979876035016519e-07 8.410447453622717e-06 0.001479815465756005 0.0003362512932218105 3.474364054645689e-07 7.178422816297933e-05 2.3456178984875098e-06 1.7326218549633109e-06 5.415977703105517e-08 0.003593486371942001 0.0 4.536945748582343e-07 0.0001572922903026562 1.1208336473193768e-05 2.8104967044462578e-05 7.153209634411405e-06 1.8670387382122527e-05 0.0 0.00016405154267620326 8.116609990639478e-06 1.0852836439160211e-07 0.00010604150388273774 1.8132930635718728e-05 2.9616652182347582e-05 0.002201560018766671 0.0014981806335915878 1.7349380456345675e-07 2.462200566773792e-06 9.769059472329262e-06 6.180168337134428e-05 0.0 5.8486883380352275e-06 4.353109936688266e-06 9.5458016930098e-06 1.3609016486628342e-06 5.503153262086463e-07 3.785143842890242e-07 0.0 0.0 0.0 0.0 6.029484819316752e-08 0.0 0.0 0.0 1.7816987607133175e-07 0.0 2.806673593111432e-07 0.0 0.0 0.0 0.0 0.0 0.0 1.1565618570131972e-07 0.0 0.0 0.0 0.0 1.6502521194252676e-07 7.7676858298358e-08 5.18890459235625e-07 3.4542136782254016e-07 0.0 1.8626965453136892e-07 1.3435198319992358e-06 8.093644821921925e-07 0.0 1.4794875664973733e-07 0.0 0.0 0.0 0.0 0.0 3.243534663473528e-07 1.66909838368999e-07 0.0 0.0 0.0 0.0 0.0 0.0
5.826377621702532e-07 0.0 4.633534700503643e-06 1.2732152617576842e-06 1.4121990033392378e-06 9.021838338552391e-07 1.350386609801735e-06 5.298782140794439e-07 0.00045907340885029466 6.273457224442501e-07 2.854080521147539e-05 4.668465384463105e-06 0.00032091578885784386 1.0016353581471182e-06 1.387156808818772e-05 0.00016986995148729936 3.762549024022958e-05 4.255940877118182e-06 2.203766998390522e-05 8.186503931753885e-07 1.097744526361559e-05 0.0013442811554751442 1.9724355793074943e-05 0.0007162874178808635 0.0012961595302639357 0.0002689538138274703 0.00415997027606688 2.4911909693329748e-05 1.659226597340327e-06 1.1651471936090144e-06 2.8669925855787785e-05 7.88675031427428e-08 6.455916545443169e-08 2.6393338059323346e-05 2.2185855706505608e-07 5.636454545564612e-05 0.00036462357504727375 8.609241921466785e-05 2.4804258065451568e-05 1.6371243261667682e-05 1.8450106937359156e-07 4.348372050722161e-05 2.603019508481074e-07 3.7555505559217203e-07 0.0001414898236076851 1.9106990346131375e-05 1.865184362103039e-07 0.0 0.0 2.2937859265188284e-06 0.0 2.524636106740488e-07 2.405366929514981e-07 1.3242653862356801e-06 6.542337958559014e-08 8.644441667679642e-06 6.364989167039319e-07 0.0 3.1924437544018437e-06 4.994300838431886e-06 1.2047652042187976e-06 1.953148160042794e-06 0.0 1.287161855772693e-07 1.1973730753710744e-05 7.281678226593807e-06 4.795988224909271e-06 1.1096841121397374e-05 0.00010056216531378232 0.0010445853463612953 1.9758996034352936e-06 1.1056070123889113e-07 2.546664682589036e-07 2.7269714605578005e-06 5.280179731369728e-08 0.0 3.7899699698047676e-06 7.1153944639124e-08 8.323021269346029e-06 1.6639578399694603e-05 6.771613792668357e-06 2.2716835270421723e-06 1.383183577728357e-07 0.0 2.1750511455094928e-07 2.828327366005299e-07
7.249925767073672e-05 4.633534700503643e-06 0.0 2.0837401566368265e-06 2.696499526346657e-07 4.3041236283210984e-05 0.0016526552214616633 0.0006603364004404311 3.742292700826867e-07 9.260848574029046e-05 1.0873622243576913e-05 5.161294910744892e-07 9.618330648121982e-07 0.00035156529211547235 3.2064528576857e-07 1.2746146498191714e-06 0.0022390422742205197 4.098293208527314e-05 7.168915135977673e-05 1.7682920740259693e-06 0.00032326382488282623 2.93717868705704e-06 0.008360589368714831 1.470337702196532e-05 4.425659740066764e-06 0.0033802520759636813 0.003279249948016001 0.0007182044971229305 8.089855766571604e-05 0.00036576388991864666 2.803737216851683e-06 1.8615534949966016e-06 5.227227614147611e-06 0.0005253529267437583 2.3826741699851444e-05 0.0010598951960157045 0.0013714952331797437 0.0008904915644359337 0.0003621493667120874 5.514094153533248e-05 3.0125064025010493e-06 4.906877243903861e-06 6.596117528114164e-06 5.311834908323507e-07 2.3807093035913796e-05 7.525615000567803e-05 8.688951808264824e-08 0.0 1.578664202390924e-07 5.107356367730903e-06 2.367913479002551e-07 2.948734137705431e-07 6.908259575477832e-08 1.867715367688726e-07 0.0 2.530028299023307e-06 8.748949257774768e-07 0.0 5.8209154311977875e-06 6.4174125886505544e-06 3.9174665772023364e-07 1.299777453198585e-06 1.550621645869298e-07 2.3824484275946394e-06 3.127079068943165e-05 4.293336314497061e-05 3.1265658423432163e-06 5.9651711746687e-07 5.243886989233539e-05 0.0007068617032124452 6.49452171956204e-06 1.3244043365158133e-07 1.6925567692512659e-06 4.441118178820815e-07 0.0 0.0 7.792174137912719e-06 1.731000490700688e-06 2.33801155834208e-05 2.12418755596946e-05 2.162905705505177e-05 1.0472688022158158e-05 3.3804133815425133e-07 0.0 0.0 5.908273133202992e-07
2.419823178961276e-06 1.2732152617576842e-06 2.0837401566368265e-06 0.0 3.997274597314958e-06 6.525326854547363e-05 0.00012260207617641476 2.5631836490820908e-05 0.0003583913898182726 0.0021497940863008905 7.856799002448378e-07 0.001550598367427843 5.9383359305507e-08 1.62095367376316e-05 4.606326560212375e-05 5.284310877911904e-06 6.243970132960405e-07 6.411001539500736e-07 7.944992182638801e-07 0.0020620859648037395 7.994764980700094e-07 5.222266263664445e-06 1.9108128043248476e-06 0.0009844199553258033 9.063633644822322e-07 2.185457375448779e-06 1.2233602794437071e-05 0.0017899397339997101 6.23222848767334e-05 1.4062905904543541e-06 9.193756592928311e-08 2.542572034871529e-06 3.761340949696322e-06 2.5102031283177537e-05 3.6975900384838282e-06 0.00023104481035864829 3.617634623773398e-06 5.7103683423253155e-05 1.7834309563493402e-05 0.00011751575196689011 7.01721541025848e-06 4.901219282612066e-07 2.6010327606849824e-06 1.3452432070934252e-07 7.656522447498631e-08 1.1603018330733045e-07 0.00012179275119578529 0.0 4.723229919128715e-06 4.825241487352747e-05 2.5570006261179034e-06 6.018981861080485e-05 6.031181531053496e-05 0.0 6.450340810250606e-05 0.0 1.054339897765518e-06 3.5661473884090415e-06 1.834274503761289e-06 0.0 6.668080915279293e-08 0.0 0.00013463054636870535 0.0 1.3001515692382238e-06 3.300819824991226e-07 0.0001992157199346928 0.0 1.1334827748844653e-07 3.438497717390671e-06 0.0001892837707192715 1.1836701814428023e-06 2.6606852209321983e-06 0.0 0.0 6.076491521040817e-08 1.667120506572634e-06 0.0 4.83626926091946e-05 0.0 5.047551357075274e-06 5.458229294666183e-07 3.559588212741593e-05 2.220795700060174e-07 0.0 4.3531718537889744e-07
6.979876035016519e-07 1.4121990033392378e-06 2.696499526346657e-07 3.997274597314958e-06 0.0 0.00011290277145410471 5.1206498437132655e-06 3.764280583670399e-05 3.947173497683896e-05 2.743036966007373e-05 2.8806123813415356e-05 6.887098516479545e-05 2.76084811681054e-06 4.7000565243542355e-06 0.0015093159024182601 0.0 9.631953120879515e-07 4.194555578929901e-06 1.7394789093649525e-06 1.1281449870625523e-05 0.0 2.8119086989778865e-06 5.875234256695647e-07 2.9477873808624734e-05 5.723864260460994e-06 7.704016704939001e-06 3.654159057221226e-06 8.710640487496643e-06 0.00014472542271276717 7.228487722217506e-07 8.502633209062798e-07 3.348569618775114e-06 4.268954648401344e-07 0.0001241707771972253 1.3407937346459653e-07 6.038506403812564e-05 4.066055728165288e-06 0.00015692505094976682 3.5520087941389175e-05 0.000634048858726465 5.062178729691523e-05 3.432136276139825e-06 5.8372516328900375e-06 0.0 0.0 0.0 1.5012219926918954e-07 0.0 0.0 0.0 0.0 0.0 0.0 0.0 1.8831025015031574e-07 0.0 0.0 0.0 7.505884347398173e-08 0.0 0.0 0.0 0.0 6.30069664305492e-08 6.73542385526382e-08 8.463334167847677e-08 1.2947936398039795e-07 0.0 0.0 1.3924577993124713e-07 6.936355979822311e-08 0.0 0.0 0.0 0.0 0.0 0.0 0.0 2.499199998025572e-07 0.0 0.0 0.0 0.0 0.0 0.0 0.0
8.410447453622717e-06 9.021838338552391e-07 4.3041236283210984e-05 6.525326854547363e-05 0.00011290277145410471 0.0 0.0009761551203794498 0.0035297569084397316 3.449316591407893e-05 0.00472459427235571 3.842381170249935e-05 0.000965653316231515 4.4645791343918174e-06 0.00022392327206343312 0.001230113861349371 4.1425993108686547e-07 9.046410750296322e-06 1.6090718196412772e-05 9.133778009895302e-06 6.0712540283419794e-05 2.3821372274459714e-06 1.424358098346081e-06 1.1858008884719345e-05 8.079064179267489e-05 3.269801793321467e-06 5.116070061903169e-05 1.5576029051696112e-05 0.00033307013117451714 0.00034758953970734276 5.409417711825151e-06 2.0003693450671308e-06 0.00011422723633783892 7.450895294156214e-06 0.00019464970566670413 2.3790776644219722e-07 0.00013444436019803834 1.1449031235560745e-05 0.0001685138414658352 2.4283435318149784e-05 0.0020332912981331653 8.995175966869033e-05 2.0804707647541343e-06 4.188974177083021e-06 0.0 3.335497191263802e-07 2.5675599670514425e-07 3.717999401613995e-06 0.0 0.0 4.93686088021463e-06 4.396724320319371e-07 4.832757752802416e-06 2.5359277741170658e-06 0.0 1.2492173478563573e-06 0.0 7.850812814200001e-08 1.6305206032692693e-07 7.122016324920024e-07 0.0 0.0 0.0 4.4172900750552856e-06 0.0 1.8008499520922126e-07 7.45676392123767e-07 2.142797272354239e-05 0.0 3.7727164049169094e-07 2.868516317501061e-06 1.840709563750066e-05 2.394310281829766e-07 3.761013030667171e-07 7.933049177681786e-08 0.0 0.0 1.2883667205480105e-07 0.0 4.678294522863332e-06 0.0 1.8972898237103985e-07 2.8297822836471586e-07 3.4978329926432182e-06 0.0 0.0 0.0
0.001479815465756005 1.350386609801735e-06 0.0016526552214616633 0.00012260207617641476 5.1206498437132655e-06 0.0009761551203794498 0.0 0.004001108157132894 4.509661290055984e-05 0.004878323316041121 9.139692506320878e-06 4.766355004095289e-05 1.4633574235266585e-06 0.004226688414674125 6.309672289515109e-06 2.5669111098659516e-05 0.00019076657500767712 1.4705624153988104e-05 2.051564940780816e-05 1.839629089814216e-05 0.0004373975960622721 1.3904212339898846e-05 0.0013822634395341505 0.0005602815916151485 1.7688896901127568e-06 0.00043693821411510444 0.00037911488591641065 0.0060456941521393115 0.0012394321561961033 0.003482092342404058 9.511648162621569e-07 1.7664250752606856e-05 0.00019209611652124022 0.0003221170318222798 1.2420123465095155e-05 0.0009839539254030126 0.00012740752804960053 0.0006632091947305908 0.00024916503263577595 9.786839344811281e-05 4.0683666469609843e-05 1.725075193128242e-06 1.4146967875027191e-05 0.0 2.1329010515680085e-06 4.232969395888258e-06 7.108615923110536e-06 7.653582924852166e-08 1.905436055787117e-06 5.832894983588064e-05 3.8750191122121445e-06 4.832883976994445e-05 1.3436620763133427e-05 3.516940075391266e-07 4.31988089525226e-06 3.4168717132347775e-07 1.7475033877243202e-06 4.815987732678663e-07 3.6871893962431106e-05 2.261129456405079e-07 3.725580689494098e-07 3.091924618066113e-07 7.633855806531554e-06 3.4755620147404956e-06 1.4258016771523975e-05 1.7373300614622446e-05 0.00019113827697914663 1.2894612841378032e-07 1.8689753119966293e-06 0.00010239826358882425 0.00020559125290022588 2.209239140083467e-06 1.5964047197731426e-05 0.0 2.8577128019567153e-07 1.4266184396661695e-07 3.7395853830992064e-06 9.798018780139423e-07 5.1609017063626526e-05 1.027669671169174e-06 7.5713345008792634e-06 2.881892321983187e-06 2.566962001980231e-05 1.336505612225477e-06 0.0 3.3312846650280534e-07
0.0003362512932218105 5.298782140794439e-07 0.0006603364004404311 2.5631836490820908e-05 3.764280583670399e-05 0.0035297569084397316 0.004001108157132894 0.0 4.421486289032674e-06 0.0021464999785359576 0.0001346651378508587 0.00021360838779038594 1.4888774322027504e-05 0.0033277241655301298 9.193337774115795e-05 8.614423184247731e-07 0.00040464137155588796 6.521024309674438e-05 8.127248302918768e-05 8.731198042282931e-05 3.12162770327202e-05 2.5038503339060865e-07 0.00035847888091996856 4.757326055001713e-05 1.1738461696395516e-05 0.0005948631255983824 9.638808604259082e-05 0.00014833896952486285 0.00044051001116063407 0.00034565313577850125 4.64451236085457e-06 0.00023505812699221032 1.3493055429081875e-05 0.0004814428701337216 2.7149616195567256e-06 0.00034363443075430467 5.380689860433272e-05 0.0004448870746104565 9.085421372465892e-05 0.000648912675308992 8.376195738993439e-05 8.984731788031887e-06 1.6860070070833475e-05 3.136194792382069e-07 8.419225813345417e-07 1.8267899879986085e-06 1.3756912729807434e-06 0.0 8.270832148928811e-08 8.66655455248016e-06 1.7955379670100486e-07 3.2977406533062204e-06 1.236293013701259e-06 0.0 3.984365943772204e-07 5.824985868662262e-08 1.1681100832102814e-07 1.4451767128255205e-07 2.1224750155783364e-06 7.482222887642789e-08 0.0 1.3230245057940937e-07 1.423091873108107e-06 6.326236499627944e-07 1.0685003434347834e-06 2.035479886281831e-06 2.675170958377967e-05 2.2637479449639676e-07 1.0726784725971787e-06 1.5075605395381158e-05 3.0072315041199304e-05 3.45195151697523e-07 2.037058014374666e-06 0.0 0.0 0.0 6.86259417406852e-07 1.1099736997304142e-07 5.652813155688831e-06 2.9566861267888997e-07 1.1882155495988388e-06 4.4976801056503145e-07 2.6527326870540412e-06 4.4760072649423425e-07 0.0 0.0
3.474364054645689e-07 0.00045907340885029466 3.742292700826867e-07 0.0003583913898182726 3.947173497683896e-05 3.449316591407893e-05 4.509661290055984e-05 4.421486289032674e-06 0.0 0.00010464979802247706 1.217212369286764e-06 0.00026967424810121396 1.1526072369778621e-05 6.188924393436303e-07 0.00023323205667404772 3.0745753110386165e-05 1.1103334458231912e-06 4.795321380419142e-07 7.49716996157352e-07 0.00020960881027486157 5.328352964851523e-06 0.0017919219501146258 2.926094511448895e-06 0.0052405363006516135 0.00011634435418985382 9.17564775170042e-06 0.00021559623091199062 0.0006489691630529445 2.894637462111364e-06 1.7087720502093484e-05 3.241714453097314e-06 5.31382040861872e-08 4.3103027098141466e-07 2.5631385949561135e-06 2.2890741077942413e-07 4.756081116629253e-05 7.430026676999042e-06 6.513291965228751e-06 1.7762429024598834e-06 0.0002233962273778509 2.2650160611922016e-06 2.5756501681787635e-07 0.0 2.3030879168409163e-06 1.318771250233683e-06 0.0 7.870744240398345e-05 0.0 3.5551053514857316e-06 5.795561001418747e-05 4.128850654976089e-06 8.030789641608112e-05 4.3702425903166477e-05 7.031211091064497e-07 3.8689968285521874e-05 1.844394641481039e-07 2.5039724271331723e-06 6.384058465512249e-06 0.00015439957893848005 3.3555960095780416e-07 1.2827806010949488e-07 6.718196499737836e-08 6.303427118504639e-05 3.121367702375506e-05 2.944376124048063e-05 1.2124866638245174e-05 0.0006339144764550489 1.5669912261057e-07 1.8365765139794885e-06 7.970737758423629e-06 0.00031118816466145104 5.501656114960656e-06 2.4685549809627112e-05 1.724132635152174e-07 1.0933961500432783e-07 0.0 2.8552374088549404e-06 0.0 1.592074360762687e-05 1.1268528288078383e-06 6.4500136673565e-06 2.352657064331109e-06 3.21906990118619e-05 1.7730347881363083e-06 0.0 5.953026832544116e-07
7.178422816297933e-05 6.273457224442501e-07 9.260848574029046e-05 0.0021497940863008905 2.743036966007373e-05 0.00472459427235571 0.004878323316041121 0.0021464999785359576 0.00010464979802247706 0.0 5.686383781420768e-05 0.0021023810742424633 7.874719838187426e-06 0.0005462292585529721 0.00012770706853787098 2.7119168844229495e-06 1.5980009279436248e-05 3.0573351938944364e-05 1.7681076819471156e-05 0.00102666672186888 1.3593801227642622e-05 2.5538974479365067e-06 2.8650798102423866e-05 0.0004671741301841309 3.843615543553222e-06 9.154352366070841e-05 6.293529989332482e-05 0.0050635136735037055 0.0010525831018463711 2.4357237774272494e-05 2.1279515760299417e-06 8.053540569814332e-05 3.0276680947463912e-05 0.00043150668391325753 5.683526651075394e-06 0.0008370957083197419 4.230700652097043e-05 0.0007988746402907314 0.00013031189988347078 0.00046275964787431093 9.600097457111615e-05 3.7363127895607716e-06 1.8703622471569136e-05 6.073379085297501e-08 7.285742209425554e-07 1.013261557097077e-06 5.033867906000929e-05 1.810434075002875e-07 4.6150496943343475e-06 5.6335674491426865e-05 4.457553706849064e-06 3.922839485332291e-05 3.918380553196185e-05 2.305950426046895e-07 2.6433414242266326e-05 0.0 2.1261640375439e-06 7.603241921721703e-07 4.269556757070419e-06 7.172157333130705e-08 0.0 0.0 7.710134793508419e-05 5.303300739002763e-07 1.3430386361687527e-06 3.1298523952586022e-06 0.00020801399565761061 0.0 4.507977238479293e-07 1.2989327020550703e-05 0.00019627491981968946 2.1445796573983486e-06 2.671372924179529e-06 4.700402512407229e-08 0.0 6.321884813879321e-08 1.9471420986316405e-06 1.1683345465176043e-06 4.9417862821439165e-05 5.899447222378657e-07 3.4088215782038016e-06 8.948206730833618e-07 2.873563805946193e-05 1.1125604638681541e-06 0.0 2.669039663274693e-07
2.3456178984875098e-06 2.854080521147539e-05 1.0873622243576913e-05 7.856799002448378e-07 2.8806123813415356e-05 3.842381170249935e-05 9.139692506320878e-06 0.0001346651378508587 1.217212369286764e-06 5.686383781420768e-05 0.0 1.7580580003926514e-05 0.0022596773015710497 9.900314900156269e-05 1.1636005254355587e-07 9.481584338849082e-07 0.0004992118264382327 0.0022334598310972866 0.0011175312564565194 9.07608865414425e-06 1.563667813092278e-05 2.9805553309711252e-06 5.189210756312278e-05 7.029774653016389e-06 0.0006865902382177998 0.0014593318140036198 0.00021677594901064117 1.6671548728532437e-05 0.00017178822351391173 1.0308535500246766e-05 0.00023466772992910664 0.00018388842322248229 8.888867926258958e-06 0.004016110217467904 3.623123197342668e-06 0.0002204162879175364 0.001664255875588732 0.0025798090810152325 0.00041468959502461095 4.805630466359413e-05 1.1341254857594427e-05 0.0006477257263478273 3.4070058367231507e-06 0.0 1.9284322541152007e-06 2.9833234288366656e-07 0.0 0.0 0.0 7.089275230031294e-07 0.0 5.146188622540278e-07 6.346570724516732e-08 0.00018467386974531543 0.0 0.00043621538145775167 0.0 0.0 1.24754991291245e-07 6.278667988250618e-08 2.1025669938387723e-06 3.8839411358733714e-07 6.620592583468109e-08 0.0 6.795801239852325e-07 0.0 1.278399670135788e-06 6.815421485640946e-05 5.656294132800923e-05 0.00013376225440982402 6.633391587210291e-07 6.128199248238172e-08 1.0618984898147131e-07 5.949342630037651e-05 0.0 0.0 9.641931943594358e-07 3.0806549635531885e-06 5.750278307224444e-06 0.00031115599928427124 2.080673609976564e-06 8.41154120791605e-07 0.0 0.0 0.00014660128068846355 0.0
1.7326218549633109e-06 4.668465384463105e-06 5.161294910744892e-07 0.001550598367427843 6.887098516479545e-05 0.000965653316231515 4.766355004095289e-05 0.00021360838779038594 0.00026967424810121396 0.0021023810742424633 1.7580580003926514e-05 0.0 1.9086497996558082e-06 5.534180038895313e-05 0.0006088915596643975 1.0283310835035669e-07 1.0236461492125314e-06 7.422037144455502e-06 4.350802292977162e-06 0.0031203707448022064 4.499083109885243e-08 1.2611083039973294e-05 5.438918059978008e-07 0.0003458891719758244 3.1460929696918337e-06 1.5289973274187093e-05 8.81789560748392e-06 0.00046285865671738817 0.00014448344009523396 4.7641373719153434e-07 6.482253776155508e-07 2.553838345608357e-05 3.9926013840053045e-07 8.819494268809617e-05 5.422087670286288e-06 0.0003294077272971195 5.039564765633498e-06 0.00010296353367530605 7.589591482836821e-06 0.001079996163185743 9.378957498453001e-06 2.967079072422914e-07 1.3265900685980623e-06 0.0 0.0 0.0 7.616709476977374e-05 0.0 1.2941752583544188e-06 9.032864975156272e-06 5.519645421127824e-07 1.555901633343411e-05 3.465245642763431e-05 5.259838755764144e-08 0.00010570771204974569 5.733156776092843e-08 4.511211818770934e-07 2.7497673560386684e-06 2.2038423209935812e-07 0.0 4.644838981061601e-08 0.0 7.804826941657619e-05 2.7455816194895694e-07 5.462846153307855e-07 8.188607628809821e-08 4.808130574585454e-05 0.0 1.5690777897634534e-07 3.255243485670153e-07 4.3347184713722443e-05 4.768068065594375e-07 0.0 3.2010023052588e-07 6.257728922823736e-08 6.749897234160507e-08 7.533885925884519e-07 0.0 1.7670350723989424e-05 0.0 1.526312610775055e-06 0.0 1.989105874368701e-05 5.159986337589339e-07 0.0 2.1168703494191334e-07
5.415977703105517e-08 0.00032091578885784386 9.618330648121982e-07 5.9383359305507e-08 2.76084811681054e-06 4.4645791343918174e-06 1.4633574235266585e-06 1.4888774322027504e-05 1.1526072369778621e-05 7.874719838187426e-06 0.0022596773015710497 1.9086497996558082e-06 0.0 7.580749358448816e-06 1.3547386626946064e-07 2.848564191078437e-06 1.947644446708081e-06 0.00013368726411573393 6.1224112310317085e-06 7.716937375547209e-07 1.1200891316873454e-06 4.969171144752289e-05 1.6888251348663552e-06 1.1392775830751607e-05 0.002125655232967431 0.00012957583803196112 0.0029001430436852373 1.5529682779307325e-06 8.351738688314401e-06 5.2908162554986216e-08 0.0005803160801540805 1.349465990076136e-05 5.2389340360893756e-08 0.0007737789886520533 1.8709971074614708e-05 0.0003533086101456352 0.0017291265414052879 0.0009316535615660115 0.00014786628896564115 9.891405807868102e-06 5.724076272446231e-06 0.00039287233767713685 5.836626591522798e-06 0.0 2.130124687824793e-05 1.3821592058020812e-07 0.0 0.0 0.0 4.615482521871164e-07 0.0 9.059469834285547e-08 0.0 0.00021332566682354787 0.0 0.0004975189715083752 2.0085711264631594e-07 0.0 4.168804922342433e-07 1.2075262158055971e-07 5.196441550529401e-06 5.217009800267078e-07 0.0 0.0 6.773161349094025e-07 1.1254862547568764e-07 2.6015367194587633e-07 0.00012821558294405573 0.00010750621256289948 0.0002821092758027966 2.0166124539800007e-07 0.0 0.0 8.569908632799465e-05 0.0 0.0 6.831255096467816e-07 4.801335961155935e-06 7.726703929670625e-06 0.0002581377784590261 5.120738104400624e-06 3.8804417379895676e-07 0.0 0.0 0.00011821237495839123 7.260781216948223e-08
0.003593486371942001 1.0016353581471182e-06 0.00035156529211547235 1.62095367376316e-05 4.7000565243542355e-06 0.00022392327206343312 0.004226688414674125 0.0033277241655301298 6.188924393436303e-07 0.0005462292585529721 9.900314900156269e-05 5.534180038895313e-05 7.580749358448816e-06 0.0 3.7814542800777774e-07 1.3238037595883265e-07 0.00045609818487619947 6.125341262999393e-05 9.311864752468421e-05 4.525956270924016e-05 3.083391487013509e-05 5.254584250469427e-08 0.0004656588522397597 2.998512695194052e-05 2.94095998460995e-06 0.0004720750256317001 7.489759545389302e-05 0.00011753414667926145 0.002028562635961579 0.0010482766867756642 3.064936124781297e-06 2.5944158577038044e-05 2.96824661086648e-06 0.000409668402997963 3.1204614375951753e-07 7.240905386258296e-05 2.117716426624503e-05 0.00023921351928644512 2.271302213396183e-05 6.285077755159029e-05 5.462757324139082e-06 8.844843308279473e-07 1.648697208271304e-06 0.0 2.407620681977566e-07 5.5611856213630917e-08 7.568853138722636e-08 0.0 0.0 7.755817319630784e-07 0.0 3.3221963447619916e-07 0.0 0.0 2.5497636563766395e-07 0.0 0.0 0.0 6.709732798425742e-07 0.0 0.0 0.0 7.653308593091888e-07 9.096706946037536e-08 6.971726419685829e-07 5.739850013100263e-07 3.617497809246356e-06 0.0 9.416470872433403e-07 5.400241750674383e-06 5.217335674342253e-06 0.0 4.399436292488612e-07 5.392579955561771e-08 0.0 0.0 0.0 0.0 1.2741262374329567e-06 2.8271865343448424e-07 5.6423051557330264e-08 4.785209990996712e-07 1.1159109906815871e-06 0.0 0.0 0.0
0.0 1.387156808818772e-05 3.2064528576857e-07 4.606326560212375e-05 0.0015093159024182601 0.001230113861349371 6.309672289515109e-06 9.193337774115795e-05 0.00023323205667404772 0.00012770706853787098 1.1636005254355587e-07 0.0006088915596643975 1.3547386626946064e-07 3.7814542800777774e-07 0.0 7.940367586333435e-08 0.0 0.0 0.0 0.00010069995553258236 3.423257378110333e-07 3.7573944759206984e-05 0.0 0.0003543113449902632 3.0596630767282256e-06 6.05574139672844e-07 5.551115438947624e-06 4.087588125145077e-05 1.0155953470054515e-06 0.0 1.1055959585836333e-07 1.3043560751486857e-05 6.262435080420904e-08 3.8120331716983494e-07 9.515224542363558e-08 1.631689935192742e-05 0.0 2.1809664196492247e-06 7.34485483340529e-06 0.0004837219867960708 2.783195448083664e-05 0.0 0.0 0.0 0.0 0.0 8.02555124960326e-07 0.0 0.0 9.885482803960248e-08 0.0 1.3013996070187278e-06 3.996433501427981e-07 0.0 5.83815102970428e-07 4.845704388009663e-08 0.0 0.0 1.9074411568477584e-06 0.0 0.0 0.0 3.2305383098292545e-07 1.540859793560913e-07 5.581599867906514e-07 3.0644300144632746e-07 1.3535800936244663e-06 6.059887126398006e-08 0.0 3.5581569518221433e-07 1.118082877872725e-06 0.0 0.0 0.0 0.0 0.0 0.0 0.0 1.6718405169564894e-07 0.0 0.0 0.0 1.444948372790775e-07 0.0 0.0 0.0
4.536945748582343e-07 0.00016986995148729936 1.2746146498191714e-06 5.284310877911904e-06 0.0 4.1425993108686547e-07 2.5669111098659516e-05 8.614423184247731e-07 3.0745753110386165e-05 2.7119168844229495e-06 9.481584338849082e-07 1.0283310835035669e-07 2.848564191078437e-06 1.3238037595883265e-07 7.940367586333435e-08 0.0 9.48084310224943e-06 3.7034170993096526e-07 1.221047013293504e-06 7.862842275705444e-07 0.0014107404068251746 0.0007840041436252254 0.0030206974865454386 0.0017585935317477738 3.068036226451818e-05 8.026840004865061e-06 0.0026447399831777164 0.0008911411152042796 2.233514804529133e-06 0.00014750759673081584 3.402306548276404e-07 8.983526244237105e-08 1.1076095868654892e-06 5.4588890655104925e-05 7.801517568161237e-06 0.001026477544052927 0.0002766122519941705 0.00020970078335903592 0.0001586415803986611 3.927221168739768e-05 4.927131257644207e-07 5.033250291211721e-06 9.476666800912692e-06 3.3872113928328197e-07 9.627009282782137e-06 9.716364881135616e-06 8.036171706236624e-08 7.428172148505224e-08 2.5840073187035514e-07 1.283829253099297e-05 3.24878458933463e-07 2.228846348303537e-05 1.488786268312391e-06 4.06858595208903e-07 1.6909544412204468e-07 4.2231407312225426e-07 7.263164338410439e-07 8.967328866495786e-07 0.001922605443764656 5.372361519283266e-07 2.3025098107204447e-07 7.090870017787798e-08 6.328323102763576e-07 0.00013910042870829967 0.0007435974594920696 0.0005886477130799223 0.00011049895407464817 7.725428711372499e-08 1.561728493621626e-06 0.0006009614791953559 9.818833015732856e-05 1.9453761821782804e-06 1.4347865792006129e-05 0.0 0.0 9.91970854333146e-08 3.5038918122878493e-06 4.906864934702127e-07 0.00034267454624244354 7.442106472796376e-06 3.903327919372832e-06 2.6904035974985923e-06 1.69214333245758e-05 0.0 5.532996444010023e-06 2.5407221963493817e-06
0.0001572922903026562 3.762549024022958e-05 0.0022390422742205197 6.243970132960405e-07 9.631953120879515e-07 9.046410750296322e-06 0.00019076657500767712 0.00040464137155588796 1.1103334458231912e-06 1.5980009279436248e-05 0.0004992118264382327 1.0236461492125314e-06 1.947644446708081e-06 0.00045609818487619947 0.0 9.48084310224943e-06 0.0 0.00042394063380637293 0.0034389022416156465 1.0323856548096783e-06 0.0001438409034598101 9.665509145719009e-06 0.001998323706358758 3.054465451552019e-05 1.0620063931140506e-05 0.0035211359629182017 0.0027746000582453876 6.356016114275582e-05 0.0006148099637088327 0.0008179593871434573 1.2867768596304304e-06 4.115329932496146e-06 2.8772288099667805e-05 0.001028336076846921 3.232009594998501e-06 0.00022599089966844076 0.0005805333624199694 0.00044330844436890843 0.0001265656641718676 6.2921365012395575e-06 1.5936794190834093e-06 7.2587905529468315e-06 4.26551249343773e-07 0.0 1.3603713316955884e-05 1.3473926203193183e-05 0.0 0.0 0.0 6.855505368743647e-07 0.0 3.1570823786586564e-07 6.302791339155129e-08 5.479422597614465e-08 0.0 5.830233386372929e-07 0.0 0.0 1.5885720715192445e-06 4.138124387034541e-06 4.1951468114441405e-07 1.2570567618286432e-06 0.0 6.588195459312913e-08 3.3810997596856844e-06 3.2990764740917835e-06 1.2044523933727886e-06 7.126522092818651e-07 5.326244400173475e-05 0.00022698033101760157 1.407207906276511e-06 0.0 1.4693381598803622e-07 2.2335334341388142e-07 0.0 8.829403037243949e-08 1.8508280193175196e-06 6.280438413077417e-07 4.98574220467139e-06 1.0028228096261139e-05 2.8980119204132243e-06 4.527789407935945e-07 3.4358403983929556e-07 0.0 4.177320497583583e-07 0.0
1.1208336473193768e-05 4.255940877118182e-06 4.098293208527314e-05 6.411001539500736e-07 4.194555578929901e-06 1.6090718196412772e-05 1.4705624153988104e-05 6.521024309674438e-05 4.795321380419142e-07 3.0573351938944364e-05 0.0022334598310972866 7.422037144455502e-06 0.00013368726411573393 6.125341262999393e-05 0.0 3.7034170993096526e-07 0.00042394063380637293 0.0 0.0008347434050166577 4.014751093768551e-06 5.613197916425948e-06 5.337091826959288e-07 3.6839472729137035e-05 3.074645988674786e-06 9.649008779227228e-06 0.0020114651240046924 0.00029934349580107764 9.060223462990477e-06 9.459266464387912e-05 1.936512963182018e-05 0.000119613259412977 3.434516310037359e-05 7.111251643762293e-06 0.0011265327769811363 6.059762980321371e-06 0.0002663694029027537 0.00043390764944648246 0.0007202857357994851 0.0002124777021572404 1.747166249821567e-05 1.3393182845608013e-06 6.0554170662382165e-06 1.5736702115998864e-06 0.0 1.4211583809667302e-06 4.4828859690111795e-07 0.0 0.0 0.0 0.0 0.0 1.8526831399794747e-07 0.0 5.005470834994653e-06 0.0 9.701260069403561e-06 0.0 0.0 9.452318126083165e-08 0.0 2.1629050031937636e-06 1.4045012754638924e-07 0.0 0.0 7.170197651366396e-08 0.0 5.258129087388499e-07 2.3149930862015824e-06 2.3249586230320398e-05 5.519848067776539e-05 3.301533624467062e-07 0.0 0.0 8.0997610266071e-06 0.0 0.0 0.0 8.860829795207234e-08 9.195352130764463e-07 1.7530132063125558e-05 3.691287758777946e-07 0.0 2.2163711776303408e-07 0.0 5.904990784681397e-07 0.0
2.8104967044462578e-05 2.203766998390522e-05 7.168915135977673e-05 7.944992182638801e-07 1.7394789093649525e-06 9.133778009895302e-06 2.051564940780816e-05 8.127248302918768e-05 7.49716996157352e-07 1.7681076819471156e-05 0.0011175312564565194 4.350802292977162e-06 6.1224112310317085e-06 9.311864752468421e-05 0.0 1.221047013293504e-06 0.0034389022416156465 0.0008347434050166577 0.0 2.2956793209815586e-06 1.60998782519273e-05 1.5637118936938335e-06 0.00016753981391804814 4.124486813989446e-06 4.952636543441225e-06 0.0016241593998292008 0.000681146404767482 1.025952947307532e-05 0.0001922958862829047 9.359990743368181e-05 6.598629367191055e-06 1.4630840688438112e-05 1.5245710869117134e-05 0.001785294138389625 2.890721410776538e-06 0.00026671037165963766 0.00031553028096109197 0.0007099441047522401 0.00020353810709079808 1.0275746262088262e-05 6.065872169787982e-07 1.6970962117781157e-06 8.053777417726133e-07 0.0 3.7366476961739735e-06 8.421201325738002e-07 0.0 0.0 0.0 0.0 0.0 0.0 0.0 6.863181170606662e-07 0.0 1.2713722410647216e-06 0.0 0.0 7.589490593176928e-08 4.502762053149065e-07 7.42493022532865e-07 1.2130494470022014e-06 6.760033573600569e-08 2.201231175319628e-07 1.5299811121406766e-07 0.0 6.567742366539504e-08 1.2805300147580181e-06 2.8012146670322547e-05 7.668038096552446e-05 4.6712653133400583e-07 4.8465310547329646e-08 1.1586593955204765e-07 1.04440591007444e-06 0.0 0.0 2.3711797995064908e-07 5.225997372993605e-07 1.1081480887807642e-06 6.51608556580218e-06 7.962741909419937e-07 3.119498730111201e-07 0.0 0.0 0.0 0.0
7.153209634411405e-06 8.186503931753885e-07 1.7682920740259693e-06 0.0020620859648037395 1.1281449870625523e-05 6.0712540283419794e-05 1.839629089814216e-05 8.731198042282931e-05 0.00020960881027486157 0.00102666672186888 9.07608865414425e-06 0.0031203707448022064 7.716937375547209e-07 4.525956270924016e-05 0.00010069995553258236 7.862842275705444e-07 1.0323856548096783e-06 4.014751093768551e-06 2.2956793209815586e-06 0.0 2.1595536315537837e-07 2.0641369475255943e-06 6.302403192678363e-07 0.00020295016608789517 1.3134615430249637e-06 9.667112938379027e-06 5.109841172358316e-06 0.0011770449734179486 0.00016113442980000833 1.3050942387904699e-06 7.280416801865556e-07 1.2032007090208794e-05 3.429638676732803e-06 7.515765180103121e-05 2.7232246508773575e-06 0.0003312994511429892 1.109076098764749e-05 0.00014697847411143956 2.9608104910319793e-05 0.0002679166248639584 2.225864797510288e-05 1.9457429158551084e-07 4.9743485975234214e-06 1.364321601268989e-07 0.0 1.0245920549124828e-07 4.963270169499242e-05 0.0 2.37074221093783e-06 3.5421293111825507e-05 2.1245666876732437e-06 2.6353129732086046e-05 3.296486106413523e-05 7.747007318390471e-08 3.480688010863722e-05 0.0 2.4826531226480836e-07 2.546052104387247e-06 8.290377368987997e-07 0.0 0.0 0.0 6.466399281927017e-05 2.009717129725371e-07 2.100817539659701e-07 4.937012688438975e-07 0.0001240351166914015 0.0 0.0 9.908764210203447e-07 0.00011282091984200237 1.4531560719204151e-06 1.3364413303999967e-06 0.0 0.0 9.982517844036911e-08 1.7334436580122894e-06 4.2293273881252156e-07 2.2389460554329027e-05 1.6429825054283444e-07 2.7050694863097754e-06 2.6898169483657555e-07 2.4391990373533346e-05 1.5395526692434101e-06 0.0 8.680820471190715e-07
1.8670387382122527e-05 1.097744526361559e-05 0.00032326382488282623 7.994764980700094e-07 0.0 2.3821372274459714e-06 0.0004373975960622721 3.12162770327202e-05 5.328352964851523e-06 1.3593801227642622e-05 1.563667813092278e-05 4.499083109885243e-08 1.1200891316873454e-06 3.083391487013509e-05 3.423257378110333e-07 0.0014107404068251746 0.0001438409034598101 5.613197916425948e-06 1.60998782519273e-05 2.1595536315537837e-07 0.0 3.785227382813189e-05 0.010093203609473609 5.419646402650076e-05 6.282914757596002e-06 2.405967673433883e-05 0.0007307464313390642 0.002664639380347572 0.00012928312604769241 0.005329331662478076 0.0 6.841478642535944e-07 2.3772652453993643e-05 0.0018898682889890274 3.5082384314458696e-05 0.002794135555101105 0.00024429575284583277 0.002893224986936595 0.0008835728910231298 0.00013622121016364073 2.038363539838191e-06 2.9375810732036783e-06 2.640994612935641e-05 2.1920458579122506e-07 3.0186337833729186e-07 8.283179920548387e-07 0.0 0.0 6.63582512192015e-08 2.6216921727339034e-06 1.3439211719821598e-07 7.459171037352916e-06 4.791792374128343e-07 0.0 0.0 5.8919561374974104e-08 5.2559430789611187e-08 2.8589091000329426e-07 0.00022340640197530056 0.0 0.0 2.469959209011795e-07 0.0 6.005814662190505e-05 5.3104699212831614e-05 5.123865895063809e-05 3.495117206911157e-05 0.0 4.3604349934142344e-07 1.6461262277831652e-05 3.48693146024402e-05 1.2124157283978178e-06 6.5937304075431065e-06 0.0 0.0 0.0 5.286327936821183e-07 9.68958031871482e-07 9.774335054072416e-05 5.674627429835337e-07 4.6816062271335136e-07 4.1801361386551817e-07 6.887892457622763e-06 1.6001711175860954e-07 1.3322028750952962e-06 0.0
0.0 0.0013442811554751442 2.93717868705704e-06 5.222266263664445e-06 2.8119086989778865e-06 1.424358098346081e-06 1.3904212339898846e-05 2.5038503339060865e-07 0.0017919219501146258 2.5538974479365067e-06 2.9805553309711252e-06 1.2611083039973294e-05 4.969171144752289e-05 5.254584250469427e-08 3.7573944759206984e-05 0.0007840041436252254 9.665509145719009e-06 5.337091826959288e-07 1.5637118936938335e-06 2.0641369475255943e-06 3.785227382813189e-05 0.0 0.00015261626226781825 0.0031052062471721453 0.00038701209394767006 3.323890185667593e-05 0.002013474246119923 0.00011378210785016417 4.7409498440612583e-07 4.370819984256236e-06 8.166309501971779e-06 1.0860462380465846e-07 6.240518937563187e-08 1.2603002210893735e-05 5.645428171547107e-07 7.577059826429095e-05 0.00012161640290786802 7.940896569738031e-05 2.359253500797035e-05 4.956551562034815e-05 6.879545737152814e-08 2.6084896695689806e-06 1.0033187539962894e-06 0.0 6.614192102940474e-05 1.5402853644098116e-05 3.9718533125424777e-07 0.0 5.469166640210146e-08 1.0261013655666649e-05 4.980735936260919e-07 1.3625384693034656e-05 1.367605288090578e-06 1.4425080478862446e-07 1.2525912376768035e-07 1.54000760833857e-06 1.4662381478246205e-06 1.133798384711882e-06 0.0009804535737968892 1.82293850272997e-06 4.0325803132007816e-07 4.013330071831019e-07 8.516394407076567e-07 3.964053134446805e-05 0.0004061606796248905 0.00022855873489893038 7.257680561403099e-05 7.370266039476028e-07 8.02344246384911e-06 0.0009029134368380474 3.6032666492264966e-05 5.166620476216397e-07 4.608433407602814e-06 1.8116065679198784e-07 0.0 0.0 1.336413506392997e-06 0.0 3.130394338460328e-05 1.258104988656267e-05 6.1352388167561085e-06 3.276701014042457e-06 2.1279846663855993e-06 0.0 0.0 0.0
0.00016405154267620326 1.9724355793074943e-05 0.008360589368714831 1.9108128043248476e-06 5.875234256695647e-07 1.1858008884719345e-05 0.0013822634395341505 0.00035847888091996856 2.926094511448895e-06 2.8650798102423866e-05 5.189210756312278e-05 5.438918059978008e-07 1.6888251348663552e-06 0.0004656588522397597 0.0 0.0030206974865454386 0.001998323706358758 3.6839472729137035e-05 0.00016753981391804814 6.302403192678363e-07 0.010093203609473609 0.00015261626226781825 0.0 0.0003651330052928081 1.084930909883578e-05 0.0009522785898298331 0.006070150115313409 0.0020531820648787428 0.0003463552119931076 0.004371694355476406 1.1055765512597952e-06 2.7360560067389166e-06 1.8641222516959858e-05 0.00178024518509027 8.770799500608873e-05 0.00608426049010296 0.0037104223351702844 0.003867127397539173 0.0022234413700604654 0.0003427215303312402 7.081207440494178e-06 5.428595171782732e-06 5.938511115599315e-05 3.849635177458142e-07 7.911015402596971e-06 4.763969523829983e-05 0.0 0.0 5.753078101876618e-07 1.7849988423020276e-05 1.3433144286104424e-06 5.370453869359518e-06 1.9292291505722154e-06 0.0 0.0 3.424174212302403e-07 2.241727726581767e-06 0.0 0.0011692584792581393 1.853336755433359e-06 6.914555507141254e-08 4.039848821817177e-07 0.0 4.6268089025388825e-05 0.0003468980811444667 0.00040211949063577364 4.0876150719536725e-05 2.7881837745890534e-07 5.1572642867183585e-06 0.0008714210109021045 3.893978089365837e-05 1.8759433860811395e-07 3.451398072683891e-06 1.8497553027843028e-07 0.0 1.5577950917603007e-07 2.033761307749574e-06 2.1238480324186605e-06 0.00022036247132957695 4.554623917765448e-06 1.1660623377532132e-05 1.0786823485131173e-05 6.116961247086218e-06 0.0 3.823974621227053e-06 1.1434762833691789e-06
8.116609990639478e-06 0.0007162874178808635 1.470337702196532e-05 0.0009844199553258033 2.9477873808624734e-05 8.079064179267489e-05 0.0005602815916151485 4.757326055001713e-05 0.0052405363006516135 0.0004671741301841309 7.029774653016389e-06 0.0003458891719758244 1.1392775830751607e-05 2.998512695194052e-05 0.0003543113449902632 0.0017585935317477738 3.054465451552019e-05 3.074645988674786e-06 4.124486813989446e-06 0.00020295016608789517 5.419646402650076e-05 0.0031052062471721453 0.0003651330052928081 0.0 0.00011656089159112612 3.407912480096312e-05 0.0018245081726878732 0.005491274022501405 0.0003181396188167744 0.0003811622540478877 2.646706562986308e-06 6.517211372183035e-06 0.00013845028537308695 0.0002647194113215189 1.256374203564753e-05 0.0014971578930648508 0.00010377350532723105 0.0005765259311797426 0.00020216473571151337 0.0005303423051450493 3.559261524237836e-05 5.247233935798398e-06 1.8399519169869216e-05 7.496646623110414e-06 8.629056689357239e-06 8.367179444927792e-06 0.00013179647788521024 4.421053429913557e-07 1.5032510102393703e-05 0.00030570010905770547 2.0670485526024947e-05 0.0006927927816849489 0.00011429373011660645 1.4934020768425624e-06 6.773626617970217e-05 2.805752455830879e-07 1.7656379085209883e-05 1.1555012901910953e-05 0.0005399537068535052 8.820188822031346e-07 6.668697401790804e-07 7.161032822976662e-07 0.00013843934062149352 0.0001251441722660133 0.00018929931595013596 8.295707566793469e-05 0.0017519355993153292 1.8679238898297226e-07 5.851335491479873e-06 0.00023675776354609181 0.0015344093107384788 3.087689999221401e-05 0.00017353184237338517 1.5001726707479913e-07 4.681272323258362e-08 1.1902240536523907e-06 1.4251557188273413e-05 5.054240567339343e-06 0.00026951845985953175 7.19964727439639e-06 3.48468422913177e-05 9.758271349208769e-06 0.00013316124445346292 9.760292841483525e-06 3.3479873832688136e-06 1.7416387123782493e-06
