0.0 5.017834016878253e-07 3.730036922891097e-05 1.925935744078143e-05 7.035386002835537e-08 4.767280576117356e-05 0.0003271584330900616 0.0004204066233465184 4.954859855508218e-06 0.0002523811093091571 1.847963982855499e-06 1.0391103694397584e-05 0.0 0.0016500758363883197 1.8244885647535547e-06 1.1073675838983142e-06 0.00016468303034199375 4.00993402337918e-07 4.078116912364652e-05 1.4034536729835352e-05 8.074769238482351e-05 1.6613901237192436e-06 4.7355317461355106e-05 5.103878356590986e-05 2.0749272378747241e-07 5.7564199302144503e-05 1.2477116092420902e-05 0.00016638614199711286 0.0036679446067983752 0.0009130510633270835 0.0 0.0 6.372746900849955e-05 0.00013778344989949523 0.0 1.2925297887008186e-05 3.9182792802653064e-06 2.580245925089013e-05 5.64103938294049e-06 4.1472927571902284e-07 0.0 0.0 4.911898517948369e-07 4.6012634895147806e-07 5.55858168750667e-08 5.453665725496434e-08 1.8355618466130553e-07 9.399684476502823e-08 5.911089875647608e-08 2.6878720940083855e-06 2.322069111331804e-07 1.1284808143569803e-06 1.723945555926281e-07 0.0 0.0 0.0 8.688283033020405e-08 0.0 3.5107563970195326e-06 0.0 0.0 0.0 0.0 1.0232360233331765e-06 9.256646314017247e-07 2.973456326776975e-07 1.1176167731845284e-05 0.0 1.5758020658449682e-07 8.893423617028809e-07 1.1746121790801711e-05 6.807101643530188e-07 5.840975781805408e-06 0.0 0.0 1.4766307170547194e-07 2.7147187117302193e-07 0.0 3.4472523033071294e-06 9.006380693937278e-08 9.040550418058964e-07 2.131121914428636e-07 1.1863601974150789e-06 1.136904444240943e-07 0.0 0.0
5.017834016878253e-07 0.0 4.245415862546443e-05 0.0 0.0 5.008062128160402e-07 1.849853137108406e-06 6.316639249315336e-07 0.00038569619552821427 2.1759150399468736e-07 0.0001512855715979708 8.676190545275541e-08 0.00035419040985796034 6.867180812705323e-07 0.0 0.00016231893126293417 9.424641666868465e-05 4.583099248784851e-07 2.0786875760869565e-05 0.0 3.0358904495226134e-06 0.0020245457612570513 2.1681048151345932e-05 0.00042841639393233856 0.0008028466246550784 0.00023625704225559935 0.0032799011014030335 1.783149821929519e-05 4.242872929209329e-06 6.271711767690306e-06 3.544248781178515e-06 0.0 9.438798465435606e-07 5.791882612432088e-05 0.0 2.592146585767313e-05 5.230474271725226e-05 9.717550404656767e-05 4.607908696114533e-06 1.0575134728269683e-05 0.0 3.1606364138694995e-05 6.976570849136623e-07 8.143825100904568e-07 0.00043516418194782094 7.905857805201744e-05 0.0 0.0 6.863339208496747e-08 1.2020072534335706e-06 6.075690345809847e-08 6.628309665369095e-06 0.0 1.2779870800992575e-06 0.0 1.3326452936308894e-05 7.86472639450605e-07 0.0 1.6369280311527725e-05 0.000102315880457175 2.5467872090641865e-06 2.8458878336404203e-05 0.0 1.0127574737775456e-06 0.00015167622398576267 3.014620017210079e-05 2.097820605206846e-06 1.0953387618357083e-05 0.00017696979282579982 0.0007868993437699198 1.0606383994897205e-06 1.474529262725099e-06 1.8195339843299288e-06 5.83870226753744e-07 0.0 0.0 2.181375388670428e-05 3.8513802352229867e-07 3.11039473564504e-05 3.055181370313406e-05 5.5387076137966086e-05 1.4554182298598897e-05 5.519251406613141e-08 7.020249460104011e-08 1.4135773216546782e-06 5.903667892227391e-08
3.730036922891097e-05 4.245415862546443e-05 0.0 4.581580706887827e-06 1.6427136853220087e-07 1.1512968574348378e-05 0.000330429789483264 0.00010694267849054603 1.5475099333632528e-06 5.389126698849188e-05 6.6954354688973855e-06 8.225941417230854e-07 1.2347199593539332e-06 7.410107901592704e-05 0.0 1.7714285443495155e-05 0.0030771801447003317 4.20413803295194e-06 0.00015546349264041308 2.0575310453700397e-07 0.0006987000471532685 4.432547985691804e-06 0.007905266019088416 6.474413405480347e-05 1.9352231796963835e-06 0.004651970893791153 0.0076410567061191694 0.00026332949852886096 6.819531380729858e-05 0.00020900277895363517 6.904333910308141e-08 5.689791508135086e-08 4.140962149997893e-06 0.0002557114080170376 4.019339573977959e-06 0.00020029139795462128 0.0027727305872986513 0.0004020197187277782 8.546555972230542e-05 6.516393866543828e-06 4.855758997548301e-07 1.977384237001456e-07 9.743352296670674e-07 1.9592898931874045e-06 0.00012462847289376687 9.138080245714908e-05 1.6822837713469032e-07 0.0 0.0 1.8527311491916839e-06 5.126148337924293e-07 3.801679842843278e-06 0.0 1.465449839315936e-07 0.0 4.277442829969538e-07 3.69100390859581e-07 0.0 6.5011721068243925e-06 2.5052984741183084e-05 2.754128197444848e-07 3.255679320163164e-06 1.0951470978522122e-07 2.58762945985053e-06 4.760195320286136e-05 4.668590410489512e-05 2.6025209495836236e-06 1.149476094378621e-06 1.424355084338834e-05 0.00036892610372255696 3.0244371208300747e-06 8.588012991170921e-07 3.5322609489495687e-06 4.567513229646933e-08 0.0 3.638215672208803e-07 1.718984698021598e-05 9.796345287499928e-07 3.317318524435831e-05 9.870113094384439e-06 2.18017874353957e-05 6.4180764401671565e-06 0.0 0.0 0.0 3.277542718127475e-07
1.925935744078143e-05 0.0 4.581580706887827e-06 0.0 7.159618789069455e-08 0.00013620994902335817 2.773466739464954e-05 3.017562489457901e-05 0.00021966456610263566 0.002681325758329204 3.7934538306918093e-06 0.0016955148286287305 0.0 5.1588047972249276e-05 1.7601680674693812e-06 7.469745387784811e-07 3.501143915914888e-07 6.021323319285749e-08 6.528690709542538e-07 0.0038441222332582896 4.774625882260611e-06 3.368545552500858e-07 3.065493433963889e-06 0.0013413451065296762 2.1322796581627272e-07 2.255917020815292e-06 1.2327047978736556e-06 0.0016365664415720553 0.0001615683979887446 4.485347204628067e-06 0.0 7.234701746491091e-08 1.4889707113462516e-05 2.5063557289871514e-05 1.3903647204351337e-06 0.00020859629261176145 2.9036637013036285e-06 0.00015660432949935634 3.100310413847086e-05 8.404729094380302e-05 8.200595582390226e-07 0.0 5.134993851533273e-06 2.167068396926799e-06 0.0 1.388815888900933e-07 5.294299548532819e-05 0.0 9.259186763623581e-06 5.8014270397029234e-05 1.220257902388027e-05 4.425466566937412e-05 6.559844004462368e-05 0.0 5.11442891316266e-05 0.0 4.129219414580739e-06 0.0 2.9698091954751744e-06 0.0 0.0 5.8764383749358775e-08 3.114150194996073e-05 2.1849138370347687e-06 7.128642645200564e-07 1.046148347246328e-06 0.0002165116889201808 0.0 0.0 3.0757448501858995e-07 0.00018453516861518854 5.723554191524963e-06 1.6873113798813013e-05 0.0 0.0 8.298420351858777e-07 2.2751010662131896e-06 7.175471339489187e-07 0.00010292323745455941 1.243443009749666e-07 1.0594313335942618e-05 2.8846675324675415e-06 0.00014874461505643652 8.036039558449044e-07 0.0 3.5880231827583655e-07
7.035386002835537e-08 0.0 1.6427136853220087e-07 7.159618789069455e-08 0.0 0.00019732259832122378 2.286056864978187e-07 0.00018274953371497877 9.852236191414839e-07 2.4007316495882767e-06 9.218997882023105e-06 1.402232669571002e-05 1.1402868357405934e-07 0.0001253516027164884 8.587647964531797e-05 0.0 1.1606535644115183e-06 2.035741604359763e-06 9.234667803748094e-06 1.3114730285622652e-06 3.0926188361042753e-07 0.0 4.858770533284504e-07 6.652778327505698e-07 0.0 6.9897838489947e-06 2.0274901512497778e-06 4.5167557425605585e-07 4.2599339110409515e-05 1.8621485732114e-07 0.0 1.218255515423486e-05 7.742355335360814e-07 0.00015372175580742977 1.495296513673287e-06 1.649580134792349e-05 5.928890334037879e-06 0.00041507595862867735 4.9957800210555746e-05 0.00037562308884083796 4.587350468977256e-05 0.0 9.74595968822507e-06 0.0 0.0 0.0 0.0 0.0 0.0 3.784525719160297e-07 0.0 8.697463392677918e-08 0.0 0.0 0.0 0.0 0.0 0.0 3.9311225002213616e-07 0.0 0.0 0.0 0.0 0.0 0.0 0.0 7.905816950215871e-07 0.0 1.4271813022135315e-07 3.790039387284223e-07 9.354809468680292e-07 4.780421338452422e-08 8.007871218185874e-07 0.0 0.0 0.0 0.0 0.0 3.3365287439358256e-07 0.0 9.361878413770695e-08 0.0 0.0 0.0 0.0 0.0
4.767280576117356e-05 5.008062128160402e-07 1.1512968574348378e-05 0.00013620994902335817 0.00019732259832122378 0.0 0.0003392107246316252 0.004879499454459114 9.717423050898758e-05 0.0032190183459823813 3.281049899816679e-06 0.002608837126280678 8.818864375320369e-08 0.002757429183276025 0.0003500219837989238 2.0175050618472305e-06 9.190578978014275e-06 1.205243931429525e-06 3.8300584872411425e-06 0.0006117968978412208 1.5118673179462257e-05 3.4840609889441736e-07 9.95088123220134e-06 0.00011381562315053707 2.524460991090862e-07 9.350990540320311e-06 3.030242118598366e-06 0.000207473029146029 0.001451659272893085 4.1264282994843755e-05 0.0 0.0001207118148198407 2.8195980749792377e-05 0.000153968021895606 4.591788596969369e-06 0.00013266852497721552 5.392252814314479e-06 0.0008079830793414432 5.739559344856065e-05 0.0011350495798337897 8.667472868831985e-05 0.0 2.042685755366091e-05 7.347135302412412e-07 0.0 0.0 2.1293738781446285e-06 0.0 1.161312566048403e-06 9.431617621020202e-06 1.7728636996835026e-06 4.899650473297949e-06 4.631955756878893e-06 0.0 8.525805563625289e-07 0.0 1.968805726884964e-07 0.0 1.277505566389381e-06 0.0 0.0 0.0 8.062083388818202e-07 6.014940296708731e-07 4.6536022008138804e-07 4.0419740043442395e-07 2.4596082817090824e-05 0.0 6.396961067721934e-08 1.1560096986106e-07 3.14141238683207e-05 2.8141332027695267e-06 8.520015218992302e-06 0.0 0.0 3.9928804026790875e-07 7.659882816406389e-07 1.8638298963504576e-06 1.2811430310032124e-05 0.0 2.447322461665284e-06 1.2368067702845452e-06 6.991497496658161e-06 2.2177702361760515e-07 0.0 0.0
0.0003271584330900616 1.849853137108406e-06 0.000330429789483264 2.773466739464954e-05 2.286056864978187e-07 0.0003392107246316252 0.0 0.002300695388124042 0.0002817376555219934 0.00475787000335361 9.996695854070108e-07 4.2904323656195995e-05 0.0 0.0024197641676441473 6.898474116629197e-07 2.722134496533429e-05 0.00012609656567674594 1.0299246781829782e-07 1.3558499626847603e-05 9.42108775141392e-06 0.0007763592451019711 1.0434327488596639e-05 0.0004607462288980149 0.0008621859840466171 2.2301949265633103e-07 9.342182857114821e-05 4.650782657661384e-05 0.006989131893291152 0.0013921974186988635 0.004590214530560099 0.0 3.540165069203024e-07 0.0001802637281402736 0.00022281677363924097 9.430510895511375e-06 0.0005040404254219791 6.84820233862546e-05 0.0005931292169852329 0.00013145417486701746 7.133476799245426e-05 1.7689986845354877e-06 0.0 1.0252493716705154e-05 4.718135966936868e-06 1.4481804621517316e-07 1.3857651645470388e-07 7.11538535977042e-06 0.0 2.753121040233869e-06 7.204214452149224e-05 1.2880932642777325e-05 4.2538562101486686e-05 1.4312172152721863e-05 0.0 1.971203237833828e-06 0.0 6.1560140384546825e-06 1.1866005769882939e-07 1.1267221100062884e-05 1.9658861992076895e-07 0.0 7.678393328735868e-08 2.9963680713801256e-06 1.5681544290091162e-06 3.628127499703197e-06 1.358360885493225e-06 0.00015507811863325817 0.0 1.5270221678474003e-07 8.671154097152074e-06 0.0001918611133468231 1.5945577022478905e-05 3.561478205668686e-05 0.0 0.0 4.514931962711002e-06 5.549298337240972e-06 5.682318993304727e-07 4.895128981379704e-05 6.932051070311977e-07 1.849991399906589e-05 7.1071498109106275e-06 2.05610212954553e-05 5.836438041702089e-07 0.0 5.707148852792668e-07
0.0004204066233465184 6.316639249315336e-07 0.00010694267849054603 3.017562489457901e-05 0.00018274953371497877 0.004879499454459114 0.002300695388124042 0.0 4.498633785618896e-05 0.0031387477727834725 4.641755900346692e-06 0.0003994400232640254 1.4608952943544467e-07 0.004719359657641923 0.00022796677314108858 2.2625347028877865e-06 0.0001664700835342615 1.6568790805574683e-06 3.404280962183243e-05 0.0001237380989562063 0.00022442841551421943 3.053351588033339e-06 6.61165033084449e-05 9.125083594044731e-05 0.0 9.654910115705009e-05 2.179128007612087e-05 0.00025564352213444766 0.0016669811200844505 0.0007977587844712714 0.0 0.0002991899666505392 3.342104221029116e-05 0.00014499775847838585 2.848935394669622e-07 6.867535082190598e-05 9.431619836029027e-06 0.0008136502338609986 6.067511392129407e-05 0.0004564425503594941 5.856889563344951e-05 1.265315759432558e-07 4.189063695457294e-06 1.4175807845906235e-06 1.072636961124057e-07 0.0 9.718051102777153e-07 0.0 8.629434678529856e-07 1.2731851600311837e-05 2.3697115609179084e-06 7.349473804065703e-06 2.0708927623811383e-06 0.0 4.1244682352533114e-07 0.0 1.2718707737938044e-06 5.680384779443701e-08 4.3246262469683134e-06 4.4218347766406965e-08 0.0 1.4528474127259543e-07 8.106670591537885e-07 4.349877537443204e-07 1.2568239121449044e-06 0.0 3.4184301267589736e-05 0.0 1.7282992896480462e-07 4.4963669514280957e-07 4.245196595658454e-05 3.2996045322010865e-06 1.4757237726848126e-05 0.0 0.0 4.821999707259856e-07 1.1229891186337933e-06 0.0 1.2111082644161156e-05 1.8136072633073806e-07 2.661013284001706e-06 1.3445893991515331e-06 5.313455209201129e-06 2.050148591338103e-07 0.0 0.0
4.954859855508218e-06 0.00038569619552821427 1.5475099333632528e-06 0.00021966456610263566 9.852236191414839e-07 9.717423050898758e-05 0.0002817376555219934 4.498633785618896e-05 0.0 0.00010260615343036286 4.19315184718674e-06 0.0003229256340940154 4.873677815300305e-06 3.304680824195406e-05 2.3280390109088205e-05 2.6870861962197092e-05 2.2901325347677866e-06 0.0 4.342680097500134e-07 0.00014103690366641672 3.8101005469683296e-06 0.0014902530754979896 1.0506094709245765e-05 0.004176519925569989 5.6211809316146564e-05 4.131748837824459e-06 7.187681993330177e-05 0.0004095640922489141 8.71036973795144e-05 0.00012941540656749847 4.827667963527236e-07 8.566479941083371e-08 1.6248663894747765e-05 2.1256857131958066e-05 2.9299692191440898e-06 0.00025707697695017545 7.345126893057937e-06 0.00010728918259787266 2.080864898606797e-05 0.00028485915206832483 2.7544140066056773e-07 2.449012192101579e-07 2.6559486857935434e-06 6.822336245432663e-06 2.2871241375287052e-05 1.656722277405189e-07 5.299503624142905e-05 1.6424270485754638e-07 9.136074698833377e-06 8.286646443721803e-05 2.1177405554008084e-05 0.00013516236070617625 6.935015109443532e-05 0.0 4.375254212508919e-05 9.199214980997218e-08 7.170059074956128e-06 1.0600751884652974e-06 2.726053663535683e-05 8.111530272220733e-07 6.342956718467155e-08 2.029266267030288e-07 2.9562601807254505e-05 3.0443749702426128e-06 2.564136355268222e-05 7.761527672854918e-07 0.0007073861555344368 7.145286464927077e-08 1.2170139577026774e-06 3.7158785842843054e-06 0.00034470160486645265 1.4699589602881842e-05 5.539229415352732e-05 0.0 0.0 2.699444692406943e-06 5.064459139685385e-06 8.26889822741003e-07 5.500194071160249e-05 7.356190307174824e-07 1.9998241073210528e-05 4.776247784745316e-06 0.000100424038069556 1.0805798318615897e-06 0.0 1.3067780958545657e-07
0.0002523811093091571 2.1759150399468736e-07 5.389126698849188e-05 0.002681325758329204 2.4007316495882767e-06 0.0032190183459823813 0.00475787000335361 0.0031387477727834725 0.00010260615343036286 0.0 9.018791661006117e-06 0.0034511756230030614 7.414706994519617e-08 0.0018569102832897949 8.70648372159886e-06 5.1543979227639424e-06 9.326577389712598e-06 1.568273713319588e-07 1.960534324091091e-06 0.003965283983745915 6.143804092442887e-05 1.5310830287208482e-06 5.441890100362511e-05 0.0006334670343917471 0.0 1.625437940615948e-05 8.961673306299137e-06 0.002990505934431176 0.0010798121341237638 0.00012480677955132387 0.0 2.430184889696608e-06 0.0001115146254619808 0.00015403655025245924 4.5944046440967175e-06 0.00047348987341464715 1.971762938434374e-05 0.0006119089092505369 9.776851350683704e-05 0.00019924420531590607 3.823171241028593e-06 0.0 1.0284570727262817e-05 9.091223759150703e-07 0.0 1.243804859433271e-07 2.0772619598953745e-05 0.0 2.9502381417879286e-06 3.051556171980319e-05 6.538764623233086e-06 1.8173425222647357e-05 2.6561834319421132e-05 0.0 1.1325623191126874e-05 0.0 3.6261203658043564e-06 0.0 1.953848604736502e-06 7.351238959203638e-08 0.0 0.0 7.164581178007705e-06 1.6558060913369186e-07 9.63134519080026e-07 4.783347000000291e-07 8.862407304583377e-05 0.0 0.0 7.524201258069517e-07 8.947209614121223e-05 3.358397954472747e-06 8.732594396553054e-06 0.0 0.0 5.580391053860078e-07 2.0708962723182006e-06 1.1095463298655855e-06 3.7291834135401544e-05 0.0 6.199365475579934e-06 1.9090893712873777e-06 3.573401090187739e-05 7.9576927976926e-07 0.0 2.075674791183139e-07
1.847963982855499e-06 0.0001512855715979708 6.6954354688973855e-06 3.7934538306918093e-06 9.218997882023105e-06 3.281049899816679e-06 9.996695854070108e-07 4.641755900346692e-06 4.19315184718674e-06 9.018791661006117e-06 0.0 1.045791735693485e-07 0.0019192436503735885 4.418664738767422e-06 0.0 5.802402167399462e-07 3.5476059386160774e-05 0.0022482113166516654 0.0009954831369554358 7.43127136601747e-08 1.6761955980876176e-06 9.262281710263578e-06 2.148157634936524e-06 2.974664436404065e-06 0.000939383687768885 0.0034109375896508557 0.0006210232686503039 5.610018573783735e-07 3.604072434724525e-05 2.5357692099304627e-06 0.0002878257312551713 1.8958740249803957e-06 3.988712145520559e-07 0.0027573083097916493 1.9708421135047618e-06 8.99698611079649e-05 0.002138810858311752 0.0019363209629468276 0.0003017643009702153 8.251750695203863e-06 3.248898408005089e-05 0.0009319364320813292 1.5180269099054756e-05 0.0 6.488046977096673e-06 0.0 0.0 0.0 8.265093669832585e-08 1.4568941121473687e-07 0.0 1.566882590413802e-07 0.0 0.00021689234414555493 0.0 0.000637320899419003 0.0 0.0 0.0 0.0 3.969655772257765e-05 8.192060739590587e-06 0.0 0.0 1.9539866022204405e-06 0.0 1.4273739836406416e-07 0.0001250576397576631 0.0001837528964503215 0.0001097847447826029 7.327371387176455e-08 0.0 9.016788801344094e-08 3.852674825123243e-05 0.0 0.0 6.728789982144362e-06 1.7971873103849846e-06 9.820058066921305e-06 0.00017546744265789927 2.8703841712169727e-05 3.5694653276578198e-06 3.6480003641644836e-07 9.630899268144289e-08 8.163710064669012e-05 0.0
1.0391103694397584e-05 8.676190545275541e-08 8.225941417230854e-07 0.0016955148286287305 1.402232669571002e-05 0.002608837126280678 4.2904323656195995e-05 0.0003994400232640254 0.0003229256340940154 0.0034511756230030614 1.045791735693485e-07 0.0 0.0 0.00046950274582802294 0.0001774077441080066 4.478483943796806e-07 3.022716808667527e-07 3.308254813471694e-07 7.151029520338664e-07 0.0032950526033938238 1.7916298727130252e-06 9.223693408645262e-07 2.663975308205457e-06 0.00013364442858404408 2.6399964843173934e-07 8.97286692885794e-07 7.841442513815673e-07 0.0001482960266349103 0.0005783633593835869 3.2231751415022827e-06 0.0 8.552327426976164e-06 1.529763816685119e-05 6.05930166929889e-05 2.3479448054925317e-06 0.000328016784226363 5.098206517607682e-06 0.00027341257113972823 1.722025794145919e-05 0.0011188934779108259 2.379680682784303e-06 0.0 1.7209976079819153e-06 3.1337483857057366e-07 0.0 0.0 1.516699294953846e-05 0.0 3.055559990778123e-06 1.5165583687901058e-05 2.12769166900204e-06 3.451830063021561e-05 2.21814167222313e-05 0.0 2.3919780233080722e-05 0.0 1.17096400696763e-06 0.0 3.275680066090059e-07 0.0 0.0 0.0 6.51655598571729e-06 7.688485979940645e-08 0.0 0.0 0.0001057939719632559 0.0 0.0 1.1286937229526006e-07 4.764169465754712e-05 8.993400888261151e-07 4.374349485581914e-06 0.0 0.0 0.0 5.0532715292934e-07 0.0 5.9098100566919235e-05 0.0 1.4744601787904831e-06 2.16759541811471e-07 9.375482480982642e-05 5.962498526647329e-07 1.5424500694321964e-07 1.4352152122478906e-07
0.0 0.00035419040985796034 1.2347199593539332e-06 0.0 1.1402868357405934e-07 8.818864375320369e-08 0.0 1.4608952943544467e-07 4.873677815300305e-06 7.414706994519617e-08 0.0019192436503735885 0.0 0.0 1.220679485748112e-07 0.0 1.6409325164004842e-06 2.1232349349357886e-06 1.832617087794584e-05 7.136143706869943e-06 0.0 0.0 2.5114110606693787e-05 9.092540691431195e-07 7.189915767418915e-06 0.002159173498008231 0.0011868764911034807 0.0014789643377875858 1.0781854852110474e-07 1.4907467005548285e-07 2.967246172251415e-07 0.0003824859571335901 0.0 0.0 0.00034578493071047594 2.2211165692792743e-05 0.0001208535952857104 0.0007002174611629294 0.0006796777436763184 4.5246505291075915e-05 1.1241036891683822e-06 5.585086191030131e-06 0.00036234978833704856 6.202853252818192e-06 0.0 9.701065602117726e-06 7.020707066323019e-08 0.0 0.0 0.0 0.0 0.0 4.349499987971766e-07 0.0 0.0002974187034821563 0.0 0.0006179645582256976 0.0 0.0 1.7377337181201351e-06 5.845668251228567e-08 2.5196874596468965e-05 6.246744232016411e-06 0.0 0.0 3.4589009714373696e-07 2.3195019404431658e-07 6.584449637876623e-08 0.00021728286738616188 0.00014677549242750858 7.937599855796137e-05 1.62467187859642e-07 0.0 0.0 2.8225134652147503e-05 0.0 0.0 1.0879930978833345e-05 2.1980479689478094e-05 6.24936028011739e-05 0.00024111301514510982 3.0092301013858573e-05 2.8347650874695354e-06 1.227513688584466e-07 0.0 0.00014038582014572011 3.4896434927270016e-07
0.0016500758363883197 6.867180812705323e-07 7.410107901592704e-05 5.1588047972249276e-05 0.0001253516027164884 0.002757429183276025 0.0024197641676441473 0.004719359657641923 3.304680824195406e-05 0.0018569102832897949 4.418664738767422e-06 0.00046950274582802294 1.220679485748112e-07 0.0 7.689047864880659e-05 2.604067093898325e-06 0.00020692836348989866 1.1973706995958532e-06 5.5062548381883525e-05 0.00022289144021638254 0.0001421188993367881 4.186240888209373e-06 6.6933631891549e-05 0.00013897204104893173 0.0 9.534469002999401e-05 2.22993154521877e-05 0.00026111621952733916 0.004160622511541209 0.0007927235598943393 0.0 0.00019263748736671546 8.892840825813178e-05 0.00017568280414455756 9.215813283509394e-07 4.726616557111535e-05 5.570545563563236e-06 0.0002718230478585056 2.028847642045727e-05 0.00011568958315851626 4.616984594982179e-06 0.0 2.259671859963854e-06 1.936233199380307e-06 5.424104363748483e-08 1.686422478827247e-07 1.0301566796678643e-06 0.0 7.846709269307385e-07 1.4847396864359665e-05 1.9715614558765893e-06 7.3493037132945476e-06 3.794214196974356e-06 0.0 3.2232186286975426e-07 0.0 8.326941292318144e-07 0.0 6.416135143146038e-06 5.700435234063173e-08 4.37778384946448e-08 0.0 8.552249994162122e-07 1.2499757669233236e-06 1.252595557658996e-06 2.2489365787149055e-07 3.843878892661276e-05 0.0 6.67431960476889e-08 3.99118862275111e-07 4.684300050730457e-05 3.3547289773421406e-06 2.150985964128425e-05 0.0 7.500244793600222e-08 3.391458285338716e-07 1.5288109018759917e-06 0.0 1.0512196525498973e-05 2.105000631772838e-07 2.294286764348442e-06 8.616060211830595e-07 5.826509179446664e-06 1.1235125495601457e-07 0.0 7.368728279442043e-08
1.8244885647535547e-06 0.0 0.0 1.7601680674693812e-06 8.587647964531797e-05 0.0003500219837989238 6.898474116629197e-07 0.00022796677314108858 2.3280390109088205e-05 8.70648372159886e-06 0.0 0.0001774077441080066 0.0 7.689047864880659e-05 0.0 0.0 0.0 0.0 0.0 2.0759172504305747e-05 0.0 0.0 0.0 6.0318807776788805e-05 0.0 1.418028544973697e-07 0.0 7.13247972202846e-07 0.00010028797298852608 0.0 0.0 3.4200017887055746e-05 1.2058557704169447e-07 9.188396936308594e-06 0.0 4.432922107984751e-06 0.0 2.5212186791834464e-05 2.086563063821925e-06 9.279074372741426e-05 2.1955335454517695e-05 0.0 0.0 0.0 0.0 0.0 1.0942325669553727e-07 0.0 0.0 0.0 0.0 2.201029832328416e-07 0.0 0.0 3.2742585659203735e-07 0.0 0.0 0.0 0.0 0.0 0.0 0.0 0.0 0.0 0.0 0.0 1.5476930683457303e-06 0.0 0.0 0.0 4.976720191405382e-07 0.0 1.1800582685018518e-07 0.0 0.0 0.0 0.0 0.0 1.4799274096194818e-06 0.0 0.0 1.879729804145708e-07 2.0375330110033995e-06 0.0 0.0 0.0
1.1073675838983142e-06 0.00016231893126293417 1.7714285443495155e-05 7.469745387784811e-07 0.0 2.0175050618472305e-06 2.722134496533429e-05 2.2625347028877865e-06 2.6870861962197092e-05 5.1543979227639424e-06 5.802402167399462e-07 4.478483943796806e-07 1.6409325164004842e-06 2.604067093898325e-06 0.0 0.0 5.113583834232672e-06 5.91364176054127e-08 1.6728876357526733e-06 3.36145694007934e-07 0.001921215268263509 0.0016395252796073145 0.002316611893696044 0.0015117266626731964 6.141976641520461e-06 4.434329315262321e-06 0.001884513479502511 0.0009422775968974846 1.7673579461999046e-05 6.336461735956654e-05 8.891611106949431e-08 0.0 5.092151632766752e-06 7.87850906834617e-05 7.686680386530584e-05 0.002731272848553425 0.0005289380137143067 0.0005884374959040228 0.000745050253015411 4.488456770326315e-05 5.36360960536791e-06 7.130735852881936e-07 2.1144626543867484e-05 3.221757465265417e-06 3.7336582790357974e-05 2.9348000170854735e-06 1.8615847439317667e-07 0.0 6.648843595563402e-08 2.0685288319397067e-05 9.84687786599781e-07 3.800014446347902e-05 3.2861840760768116e-07 5.774040220760441e-08 0.0 2.66743019134561e-06 1.3942962588701992e-06 1.250467800708086e-07 0.0014474494677478812 1.6431016721097612e-06 1.0874363843804065e-07 4.721276075416159e-07 1.4647340750352886e-07 0.00022169270998818267 0.0006110007539523435 0.0004055652325613491 0.00011015030453296965 3.351791342576232e-06 9.12636387620501e-07 0.00021679237290596196 0.0001582159911633697 1.1191427431501614e-05 0.0005010757511694978 0.0 0.0 5.859749850976284e-06 1.1207056733372433e-05 1.0601535574248234e-05 0.0002671401569318873 5.764828164570034e-06 9.499494701992626e-06 4.051502960143537e-06 8.065240234001547e-06 3.3502292307253774e-07 4.066322277100035e-06 1.3134361202966017e-07
0.00016468303034199375 9.424641666868465e-05 0.0030771801447003317 3.501143915914888e-07 1.1606535644115183e-06 9.190578978014275e-06 0.00012609656567674594 0.0001664700835342615 2.2901325347677866e-06 9.326577389712598e-06 3.5476059386160774e-05 3.022716808667527e-07 2.1232349349357886e-06 0.00020692836348989866 0.0 5.113583834232672e-06 0.0 1.0167337062225694e-05 0.0023210061251495305 1.283396170597686e-07 0.00020581478714863416 3.2319349367037705e-06 0.0023877643899533783 7.941040336997583e-06 2.5189179047288353e-06 0.0008310245785823147 0.0025485362331983167 4.757613968959675e-05 0.000297440235378492 0.00032910644945485535 5.897765745632434e-08 5.018330811714953e-08 6.191107645191791e-06 0.0011594721744188584 1.0740844572215036e-06 0.0001612592777488634 0.0013505300473463343 0.000749006534116507 5.9790607902356866e-05 7.748542064342478e-06 3.426017826673031e-07 8.887306492873944e-07 4.599566451983436e-07 2.4252456342131685e-07 3.696790108484803e-05 2.3202408970832588e-05 0.0 0.0 0.0 5.77960812008947e-07 1.4638157956619745e-07 7.331369989263362e-07 0.0 5.0878606689874125e-08 0.0 6.357301188646937e-07 5.4101137838249874e-08 0.0 4.07115219390604e-06 2.564190317751375e-05 3.879269021899705e-07 5.390089186390965e-06 0.0 5.497675808883528e-07 3.3560661489615204e-06 5.579553882755007e-06 2.7234067698546515e-06 1.3763460853558915e-06 3.0226133434145946e-05 0.00012791249829039597 5.331604614240076e-06 2.733732931671201e-07 4.424790338373642e-06 0.0 0.0 1.6033402482675058e-07 6.00528491258698e-06 1.2686210880976668e-07 9.246706401058444e-06 9.44658339874161e-06 1.1151262710535869e-05 3.1055911496956033e-06 1.4167545011058592e-07 0.0 7.91630620970429e-08 0.0
4.00993402337918e-07 4.583099248784851e-07 4.20413803295194e-06 6.021323319285749e-08 2.035741604359763e-06 1.205243931429525e-06 1.0299246781829782e-07 1.6568790805574683e-06 0.0 1.568273713319588e-07 0.0022482113166516654 3.308254813471694e-07 1.832617087794584e-05 1.1973706995958532e-06 0.0 5.91364176054127e-08 1.0167337062225694e-05 0.0 0.00026244488112662275 0.0 5.264407971808636e-07 7.624421596094575e-08 1.3038530184848484e-06 2.467929584513878e-07 8.7011483251743e-06 0.001213925415583015 0.00010223127136991584 3.409826306880642e-07 9.811121898599445e-06 4.769618959474574e-07 1.590630673668158e-06 1.1881230328789354e-06 9.148953266435778e-08 0.0005000976481173227 1.7823116518798086e-06 9.365990296763935e-05 0.000707398046383356 0.0005801661455644793 0.00017459960706313525 4.151671225988576e-06 3.7709204095961477e-06 1.2540801174261069e-05 7.495528139201572e-07 0.0 5.549904305237965e-07 6.104872478574173e-08 0.0 0.0 0.0 0.0 0.0 0.0 7.0466752456215e-08 2.8864174965394502e-06 0.0 2.3527025368647477e-05 0.0 0.0 0.0 0.0 4.483199264322008e-06 3.305548369643486e-06 0.0 0.0 5.306971289320973e-08 0.0 5.3418515931422076e-08 1.1248780139010538e-05 3.335746150648228e-05 3.841657332764065e-05 0.0 0.0 0.0 3.394218161995221e-06 0.0 0.0 4.732287784898447e-07 0.0 1.1249664940107594e-05 2.3322798249410788e-06 3.9357994791871917e-07 3.827555064793333e-07 4.3127531375921027e-07 0.0 4.231959449283287e-07 0.0
4.078116912364652e-05 2.0786875760869565e-05 0.00015546349264041308 6.528690709542538e-07 9.234667803748094e-06 3.8300584872411425e-06 1.3558499626847603e-05 3.404280962183243e-05 4.342680097500134e-07 1.960534324091091e-06 0.0009954831369554358 7.151029520338664e-07 7.136143706869943e-06 5.5062548381883525e-05 0.0 1.6728876357526733e-06 0.0023210061251495305 0.00026244488112662275 0.0 1.275805749143664e-07 1.853115896224769e-05 8.229302242820398e-07 5.4652672640806374e-05 1.1984288020098316e-06 5.291928998866111e-06 0.002833128375523446 0.0004616533189424802 7.868905278838795e-06 0.00015259910464315916 4.938999245864063e-05 5.036417892247316e-07 1.363565703496379e-06 2.093626493296944e-06 0.0017499041972263716 1.7561465607307674e-06 0.00029156830796395937 0.0014872964558086746 0.0015251359998255782 0.0002121257194836929 1.731450488749551e-05 2.259615486772193e-06 4.623066157292047e-06 9.812996166045781e-07 5.7617223376119594e-08 1.3446139180822002e-05 4.06708317401107e-06 9.575015812500814e-08 0.0 0.0 9.797358398459909e-08 0.0 1.4191339560816781e-07 0.0 1.3096365087608465e-06 1.4026321890091037e-07 1.6147366186166018e-05 0.0 0.0 7.080457878695269e-07 1.1166520027232155e-05 5.017949574618931e-06 1.6781218466795423e-05 0.0 3.5439427059039643e-07 7.101487367215857e-07 1.0036037477756087e-06 2.3648771021267721e-07 5.490337557665087e-06 8.954115320363371e-05 0.00013586908108631396 6.198914207693874e-07 2.604077292675227e-07 7.64204629961969e-07 1.9238255085772694e-06 0.0 0.0 1.6351514066504556e-06 1.1831694942396807e-06 1.3637644399300342e-05 1.0668477600198082e-05 4.691472824968101e-06 1.2395564384278445e-06 5.738304631443274e-07 0.0 0.0 0.0
1.4034536729835352e-05 0.0 2.0575310453700397e-07 0.0038441222332582896 1.3114730285622652e-06 0.0006117968978412208 9.42108775141392e-06 0.0001237380989562063 0.00014103690366641672 0.003965283983745915 7.43127136601747e-08 0.0032950526033938238 0.0 0.00022289144021638254 2.0759172504305747e-05 3.36145694007934e-07 1.283396170597686e-07 0.0 1.275805749143664e-07 0.0 5.512706031191401e-07 0.0 1.3803372732484205e-07 0.0002773822153160497 0.0 5.495562447055911e-07 8.80314638060163e-07 0.0010364099910164658 0.0003209939066850617 9.070869288484673e-07 0.0 1.2425535449636948e-06 2.1012670971146612e-05 4.779986028853027e-05 1.6323500922903746e-06 0.00019453905320494723 4.4221772656867165e-06 0.0002441237601718431 3.117567825582293e-05 0.0004965801364448034 6.870997589342447e-07 0.0 4.282847733857878e-06 4.668401234618129e-07 0.0 0.0 2.0428259279400154e-05 8.783444680338855e-08 3.3550187759529325e-06 1.837631802543539e-05 2.943183367885861e-06 1.4177311759008708e-05 1.880288213225722e-05 0.0 1.0684272390003046e-05 0.0 1.2742470498668469e-06 0.0 1.3345292988402028e-06 0.0 0.0 0.0 7.081849955758701e-06 5.713474577229284e-07 0.0 0.0 7.708492828581965e-05 0.0 0.0 1.0980158020302696e-07 6.185896315549503e-05 1.6063800971714713e-06 6.721998901391922e-06 0.0 0.0 1.8565295582940767e-07 1.5662298394831428e-06 4.389107071946283e-07 3.2396789556324644e-05 1.2643838979172108e-07 4.025857707225214e-06 9.778675845664678e-07 4.5411956280814e-05 0.0 0.0 8.371363464709912e-08
8.074769238482351e-05 3.0358904495226134e-06 0.0006987000471532685 4.774625882260611e-06 3.0926188361042753e-07 1.5118673179462257e-05 0.0007763592451019711 0.00022442841551421943 3.8101005469683296e-06 6.143804092442887e-05 1.6761955980876176e-06 1.7916298727130252e-06 0.0 0.0001421188993367881 0.0 0.001921215268263509 0.00020581478714863416 5.264407971808636e-07 1.853115896224769e-05 5.512706031191401e-07 0.0 1.777292146870008e-05 0.009919560256651711 0.00025660238447107594 5.390506330970725e-07 0.0001257028511244447 0.000362171263041082 0.0035709414970007064 0.00016259535147842904 0.008852147895886602 0.0 0.0 2.8303803231779703e-05 0.0010940530118871987 7.581412536534677e-05 0.002202548897872998 0.0005045793113338758 0.0021366559334402685 0.0013643774408039844 5.7117260098299725e-05 1.0026631119044199e-05 0.0 2.478395420892478e-05 5.501772358173908e-07 4.864344907254718e-07 1.180382949850541e-06 7.534915766917016e-08 0.0 0.0 4.6487377688153995e-06 5.494677952652383e-08 1.2311935971487412e-06 2.565780934088338e-07 0.0 0.0 0.0 1.1716335919653672e-07 0.0 8.511028831795621e-05 4.323479768136251e-07 0.0 7.911200005841329e-08 0.0 1.055526650315655e-05 2.2329053403688758e-05 9.81605350621725e-06 1.4915592324858965e-05 1.3751213899374378e-07 2.6736044968052466e-07 1.4996100909888886e-05 2.4729749045996195e-05 1.846916478406827e-06 4.770420208004637e-05 0.0 0.0 4.323254713503222e-07 7.91709173459258e-07 1.3679463931453342e-05 3.747524124753478e-05 5.888432720751217e-07 1.5594498289066818e-06 1.234293645611263e-06 1.0820659567393327e-06 4.047299907873834e-08 0.0 1.978208317647772e-07
1.6613901237192436e-06 0.0020245457612570513 4.432547985691804e-06 3.368545552500858e-07 0.0 3.4840609889441736e-07 1.0434327488596639e-05 3.053351588033339e-06 0.0014902530754979896 1.5310830287208482e-06 9.262281710263578e-06 9.223693408645262e-07 2.5114110606693787e-05 4.186240888209373e-06 0.0 0.0016395252796073145 3.2319349367037705e-06 7.624421596094575e-08 8.229302242820398e-07 0.0 1.777292146870008e-05 0.0 4.692224181763099e-05 0.004950545821345829 0.0002130876422517687 1.4413504303473822e-05 0.0012367746805364698 0.00011904979478655656 2.2184231711228292e-05 4.735531600090973e-05 1.9551482745526038e-07 0.0 4.118061081250469e-06 1.262897955595141e-05 3.9129423893183045e-07 6.98831690171205e-05 1.2579833913749223e-05 3.498088748886148e-05 1.4579384216283652e-05 4.583492368551299e-05 1.5255438563524392e-07 8.89315168209909e-07 9.521470627273452e-07 3.775859241550428e-07 0.00013478130316217703 2.3860066525757422e-05 4.9907683128768424e-08 0.0 0.0 2.605423589644156e-06 2.3291732531558606e-07 7.881565228477769e-05 9.17876193026804e-08 0.0 6.783765186806129e-07 2.855725589418532e-07 3.8290376602614084e-07 0.0 0.00048559700202221214 3.187674752045384e-06 6.902922633256112e-08 5.630606959118105e-07 0.0 3.2207627895074684e-05 0.00045545866528722467 0.00018296537829262796 4.469594589077968e-05 4.05222053781053e-07 4.719836426778553e-06 0.0004886664006384402 1.7242477006554995e-05 1.629729157539154e-06 4.820712531553978e-05 0.0 0.0 9.312758670133246e-07 4.810078154910397e-06 3.108797503977322e-07 5.2162465062225614e-05 5.612631023347298e-06 5.3542425910545535e-06 3.1493577281563697e-06 3.3669488232263506e-06 0.0 6.900635575791326e-07 0.0
4.7355317461355106e-05 2.1681048151345932e-05 0.007905266019088416 3.065493433963889e-06 4.858770533284504e-07 9.95088123220134e-06 0.0004607462288980149 6.61165033084449e-05 1.0506094709245765e-05 5.441890100362511e-05 2.148157634936524e-06 2.663975308205457e-06 9.092540691431195e-07 6.6933631891549e-05 0.0 0.002316611893696044 0.0023877643899533783 1.3038530184848484e-06 5.4652672640806374e-05 1.3803372732484205e-07 0.009919560256651711 4.692224181763099e-05 0.0 0.0013611575796077747 8.147002518895162e-07 0.0004398984152601639 0.00990404439191106 0.0031271125402054932 0.00012724302732910204 0.0012868838489930006 6.628390544834231e-08 7.005730198953026e-08 1.527768213489367e-05 0.0008135100365641682 9.14200043892345e-05 0.003039855861357433 0.003419950747127785 0.00243412911539797 0.0022668575413208065 7.213258638419072e-05 9.221044374924933e-06 0.0 3.026160071530608e-05 9.977498591641524e-07 1.4458157289521559e-05 1.350134736059891e-05 7.672227328342294e-08 0.0 3.309169393050046e-07 5.499193250578366e-06 5.188124966418402e-07 8.214820208422141e-06 1.423714107518827e-07 0.0 2.462649636332235e-07 4.0855623597871556e-08 2.9502018984017526e-07 0.0 0.0003425813747808473 3.7228985947181825e-06 0.0 6.311699852655509e-07 0.0 2.2986880117133784e-05 0.0001018132208174682 0.0001045346786180953 1.452090483845016e-05 3.2364558622126173e-07 2.071097950088851e-06 0.0003181779918289896 2.1138717046364105e-05 1.4672565611634557e-06 4.294467628536653e-05 0.0 0.0 5.011639197029182e-07 3.781421917353149e-06 1.8878242856653795e-05 9.760620516431914e-05 3.3430394289116432e-06 5.205726259004076e-06 2.5273952351894134e-06 1.257239691208235e-06 4.735672318384654e-07 1.4022285608513333e-06 8.581892021176558e-08
5.103878356590986e-05 0.00042841639393233856 6.474413405480347e-05 0.0013413451065296762 6.652778327505698e-07 0.00011381562315053707 0.0008621859840466171 9.125083594044731e-05 0.004176519925569989 0.0006334670343917471 2.974664436404065e-06 0.00013364442858404408 7.189915767418915e-06 0.00013897204104893173 6.0318807776788805e-05 0.0015117266626731964 7.941040336997583e-06 2.467929584513878e-07 1.1984288020098316e-06 0.0002773822153160497 0.00025660238447107594 0.004950545821345829 0.0013611575796077747 0.0 3.939678016112163e-05 1.583291877216775e-05 0.0009013109565071504 0.006660574735791505 0.0006121387437971566 0.0003405637501158257 2.4660961413840586e-07 3.698983587425065e-07 7.391650217953948e-05 0.00012246673065594764 1.8815653352256044e-05 0.0013040950294071951 6.56890216183954e-05 0.0005521865664962648 0.00013293855978717333 0.0005168013805222419 2.761450919260749e-06 1.8488036075088077e-07 1.0741439484640504e-05 3.7748512523723974e-05 4.441847498219706e-06 2.546897241453177e-06 0.0001529597133522482 1.3574586856235421e-06 3.723017906290301e-05 0.0004421763829226457 7.995767096289707e-05 0.0006202061993588481 0.00024760830140390966 1.4397833880329254e-07 9.614838254724669e-05 1.4435550369078083e-07 3.557553140657767e-05 5.575701709790032e-07 0.000305353741748886 1.411475847852453e-06 7.802261782529037e-07 1.1430494361277312e-06 8.897782375656311e-05 6.494314678525163e-05 0.00023455816761297312 2.5494143022701657e-05 0.001782972285136008 4.889314580047019e-08 9.832330832043848e-07 1.2743059627730233e-05 0.0015439938412095656 9.885515050670253e-05 0.0005099441367332476 0.0 6.490487356985586e-07 2.0878920260344174e-05 3.195605922668164e-05 2.288364251842663e-06 0.000430281169420825 4.241221649865809e-06 0.0001119439702056902 3.218868806291912e-05 0.0003909051373934215 4.707270253311049e-06 1.6632552585138048e-06 1.485546003441721e-06
2.0749272378747241e-07 0.0008028466246550784 1.9352231796963835e-06 2.1322796581627272e-07 0.0 2.524460991090862e-07 2.2301949265633103e-07 0.0 5.6211809316146564e-05 0.0 0.000939383687768885 2.6399964843173934e-07 0.002159173498008231 0.0 0.0 6.141976641520461e-06 2.5189179047288353e-06 8.7011483251743e-06 5.291928998866111e-06 0.0 5.390506330970725e-07 0.0002130876422517687 8.147002518895162e-07 3.939678016112163e-05 0.0 0.0006566252821961181 0.0032794285494947297 1.210285851355015e-06 7.146576719738632e-07 1.0685355777594697e-06 0.0001826958626393597 0.0 8.120011078541314e-08 0.00038706972122579337 3.0378203472807277e-05 2.9522368902962133e-05 0.00034667111938642566 0.0001739511815140847 1.3711744817751958e-05 5.44385041286929e-07 7.185433524240025e-07 0.00036236068242712815 9.996527742202439e-06 0.0 3.098488745801548e-05 3.67016870799225e-07 0.0 0.0 0.0 0.0 0.0 2.1189429196357748e-07 0.0 0.00017843627907504765 0.0 0.0003169003046854261 0.0 0.0 1.113264984045787e-06 2.7273270774647463e-07 1.384574524767582e-05 8.30532268934025e-06 0.0 8.293311421831109e-08 4.321483830985323e-06 2.629804522826795e-07 1.3296718915839993e-07 0.00011432408726711996 9.595232574364284e-05 0.0003084126433360562 0.0 0.0 0.0 6.670532124666085e-06 0.0 0.0 7.017199373477937e-06 1.2733086640551733e-05 6.694010025525177e-06 0.00012524382439836935 4.3131286385454885e-05 1.8475155677060804e-06 1.8008386672420835e-06 1.2932314913265334e-07 8.041813660982142e-05 0.0
