0.0 0.0 1.8680149584455446e-05 2.3152100324347255e-06 1.7679422528688157e-07 1.1444982927787592e-05 0.0005395973847573574 0.0002562721315128274 2.5576624431311536e-07 4.206084399597625e-05 1.0735119762098594e-06 2.9670460663949016e-07 8.673102799637042e-08 0.002646630410433656 0.0 2.3931196264435243e-07 3.1548451196803115e-05 1.3071855245498334e-06 5.135540756353347e-06 2.282569080147082e-06 7.563368730460383e-06 2.7459742590656635e-07 3.7666558855265526e-05 4.9890953033075465e-06 0.0 7.505959423788892e-06 3.763195340788088e-06 1.7043895110734705e-05 0.0025862685030018963 0.0016171422394176634 0.0 3.930526773331919e-06 2.564343476687795e-06 8.549201868758365e-06 3.563049547871332e-07 5.90806247767259e-06 1.222733749032652e-06 5.402089811778213e-06 1.7334413311274718e-06 3.675038233115321e-07 2.6083678929720416e-07 0.0 0.0 0.0 0.0 8.296504427294615e-08 0.0 0.0 0.0 0.0 0.0 1.6268905447555004e-07 0.0 0.0 0.0 0.0 0.0 0.0 0.0 0.0 0.0 0.0 0.0 0.0 0.0 0.0 2.6877702819466593e-07 0.0 7.002100079682376e-08 2.0550183872339896e-07 5.336117224198566e-07 0.0 0.0 0.0 0.0 0.0 0.0 0.0 2.7654768381584385e-07 0.0 0.0 0.0 0.0 0.0 0.0 0.0
0.0 0.0 2.356990764093071e-06 1.601485596481419e-07 6.206099847260109e-07 1.6577792142615638e-07 4.7363961073113376e-07 0.0 0.0004592660006911318 1.984830199945508e-07 6.111122535009159e-05 4.905285449861991e-06 0.0007883826607232363 0.0 1.6531290979516633e-05 1.3368687534739163e-05 1.1762232463672048e-06 1.3185961281855232e-06 2.4579791013165014e-06 6.209291338213515e-07 1.1676444294149891e-06 0.0008488989058968948 1.1672367822765387e-06 0.000310727318662717 0.001276306626060145 2.4789947795135974e-05 0.0024330549306796232 5.121396081651701e-06 4.1391349238664793e-07 1.0102077633990135e-07 2.6165121778947865e-05 1.682845670527254e-07 0.0 9.156718746509328e-06 6.031473348619295e-08 5.231502985984294e-06 3.344725322584379e-05 2.646972090976488e-05 2.511002381822652e-06 2.8917759135153486e-06 3.0205680610912834e-07 0.00017088646804044869 0.0 0.0 6.514902569464422e-05 7.158034248777999e-06 0.0 0.0 0.0 2.8064631828213434e-07 6.299327664965007e-08 5.921692539751856e-07 0.0 3.97524089309627e-06 0.0 1.5807970722097535e-05 0.0 0.0 7.416282080119141e-07 1.4238488368145233e-06 2.7611414566263255e-07 1.5067419201406783e-06 0.0 0.0 3.9897006875682055e-06 7.865811630586332e-07 1.7774874655813895e-06 4.5172029557446796e-06 4.18168014980806e-05 0.00029861289501291206 3.3218591734484635e-07 0.0 6.949422485126494e-08 2.732838322123431e-06 0.0 0.0 1.2521907272288537e-07 1.272330391767993e-07 1.1430217873371943e-06 3.93410774537503e-06 1.3709383056498155e-06 3.465693519808419e-07 0.0 0.0 2.9038581119904145e-06 0.0
1.8680149584455446e-05 2.356990764093071e-06 0.0 7.299080858341985e-06 8.840043764390905e-07 9.255562197224256e-05 0.00017681493635133392 0.0002875565351366989 8.565598649124115e-06 1.9518010611188962e-05 1.3537578143854145e-05 3.022649137514722e-07 4.884652184033955e-06 0.00023087204566532403 9.695454439247226e-07 2.9186991387379022e-06 0.003837054589408915 3.264340617889246e-05 0.00018972911847796656 1.016081181000759e-06 0.0001448174216387413 4.643783742995154e-06 0.004340028547450064 4.610067141753822e-05 1.8846060889816428e-06 0.0026635898499045964 0.0032899917681928747 9.92418083431413e-05 9.57039440610107e-05 0.00040324444879771604 5.643797453944158e-07 8.058474457385037e-06 1.128066028877746e-05 0.0001806982747876274 2.3711144199264295e-05 0.0012872700331748046 0.0015331264763176118 0.0012178639605730595 0.0006717550500473928 3.576833023183058e-05 3.020597988607099e-06 7.640659914567691e-06 7.664715742197472e-06 4.3565518858013153e-07 2.5702219957092727e-05 0.0002479339180241932 0.0 0.0 7.545778380054955e-08 1.5562416936679234e-05 1.3917824813489262e-06 6.565714836963601e-06 4.6527148119393545e-07 1.7046679998657935e-07 5.469208485793146e-08 6.754655747866391e-08 1.9845783438077403e-06 0.0 1.9578963449113784e-05 1.4688903171731594e-05 1.496239016158019e-07 6.603251724169738e-07 0.0 4.656744258983578e-06 1.9750285463475692e-05 9.980725185546553e-05 2.5195376375730927e-05 0.0 6.799217300448904e-05 0.001144742520571787 2.771152123836845e-05 3.5596554425050175e-07 6.963069206294109e-06 0.0 0.0 0.0 3.294713427583802e-06 9.703624159508612e-06 3.0609195150879964e-05 2.9981011832644304e-06 1.8370975232183683e-05 8.826997244020025e-06 2.419573311511466e-07 1.1277958829052013e-07 0.0 1.1990807785600706e-07
2.3152100324347255e-06 1.601485596481419e-07 7.299080858341985e-06 0.0 8.700922092213587e-06 3.0318470245605974e-05 4.370943339978205e-05 1.4435870732972366e-05 0.0005015669390348848 0.001155150402994609 3.4595225349369687e-06 0.0022797490792357974 2.054402614513191e-06 2.122167691295318e-05 0.00012169038888652802 4.2766340804921053e-07 1.617017216533244e-06 2.963172209423308e-07 6.510753562335379e-07 0.0032024038774146127 5.708707774378414e-06 2.2769677119523773e-07 1.1072965051261289e-05 0.0010829541037359342 9.498264437914321e-08 2.1628610799873215e-06 4.162363315424189e-06 0.0014568669540342097 5.830048497234934e-05 9.922557984719553e-06 3.6686058085556e-07 8.303747675482072e-06 4.882073846560665e-06 2.611811449602469e-05 5.482328958451336e-06 0.0002441187950922731 3.360666980818479e-06 7.284302821462544e-05 2.1196797642696364e-05 0.00013766718777934829 8.928867981901877e-06 7.93062951335245e-07 1.470215740506472e-06 1.1772410474169869e-07 0.0 1.429666098613605e-07 6.539040865142936e-05 1.4655786870315819e-07 3.958402616391233e-06 3.3677565176105944e-05 1.8954662035735815e-06 0.0001512731522738284 6.283005981100071e-05 8.645110292727261e-08 2.743996374984372e-05 0.0 9.001051933715521e-07 1.255554327411202e-06 1.9315232341452777e-07 0.0 0.0 0.0 7.400828235010827e-05 0.0 4.6228320026159543e-07 2.63743934764357e-07 0.0002535948222844205 0.0 5.456420563413791e-07 4.943916967981973e-07 0.00012378804983248146 5.954172810593538e-07 1.3633134843267192e-07 0.0 9.265094609025887e-08 0.0 1.1714858939141238e-06 4.964759521904658e-07 9.479315768665393e-05 1.4197624410194288e-06 2.5524425655480693e-06 1.0000787936980005e-06 4.0761781809599696e-05 2.4608352505263375e-07 0.0 7.996636531389089e-08
1.7679422528688157e-07 6.206099847260109e-07 8.840043764390905e-07 8.700922092213587e-06 0.0 0.0005740597014743801 1.4860326819808041e-05 2.704808551312321e-05 3.698491857126246e-05 3.530865826383487e-05 3.7675457750605325e-05 8.929597831524468e-05 1.742967631128307e-05 5.818312638443909e-06 0.0009738342840256022 8.912025988027872e-08 2.7212828708899165e-06 1.6246652235183942e-06 2.3490730578414934e-06 1.2380560512094168e-05 1.5669728917449979e-06 1.3133645321913787e-06 2.3373510516044858e-06 2.8254913571478356e-05 4.3703645412482614e-07 6.491746561520015e-06 4.5060547749095164e-06 8.504701310397783e-06 0.0001099044456496883 6.938806523234313e-06 9.045891145544538e-07 9.844688014081498e-05 1.5821152136951643e-06 0.0004991837812024144 3.936201752953846e-06 0.00013335122061173697 1.3441282675048183e-05 0.00030664825974110636 3.986741384049032e-05 0.0014520164899197632 0.000142396611880579 1.031729560343874e-05 7.415816752277626e-06 0.0 0.0 0.0 5.147508895866628e-07 0.0 0.0 0.0 0.0 6.376963537558332e-07 5.390388644650649e-07 0.0 1.7365384899482435e-07 6.633083512119817e-08 0.0 1.6135931980031183e-07 0.0 0.0 0.0 0.0 1.147337843896261e-06 0.0 0.0 0.0 1.919002897699799e-06 0.0 7.366331689195425e-08 9.691300323522449e-08 8.183854473477946e-07 0.0 0.0 5.305472215836129e-08 0.0 0.0 0.0 8.930713373307769e-07 2.1698292576709463e-06 0.0 0.0 0.0 1.9150412495212805e-07 0.0 0.0 0.0
1.1444982927787592e-05 1.6577792142615638e-07 9.255562197224256e-05 3.0318470245605974e-05 0.0005740597014743801 0.0 0.002937929049629819 0.00454460102316465 1.7636884793416134e-05 0.0048827166937785976 5.9594223038951565e-05 0.0024294019524557925 2.7236140273906594e-05 0.0005671579706008314 0.0007507789615454058 2.52321949989695e-07 5.160828656860861e-05 5.489899242160193e-06 1.0665750500143957e-05 0.0001074255564359795 2.4258561142793155e-05 3.0239613053373727e-07 7.492526075296197e-05 2.1770498210812764e-05 1.4241840745060652e-06 4.143049864525201e-05 1.2936249290391083e-05 0.0005888423471481991 0.0003197437080213156 0.0002255483392143743 2.053409473793849e-06 0.0003936286258735953 4.423557462438711e-06 0.00028616183569311226 6.681781579488507e-06 0.0002953354643830573 2.064555398494022e-05 0.00030505105677895527 5.053359369159042e-05 0.0014272629675496072 0.00010719732672824107 1.2734807335723855e-05 9.079955723315936e-06 0.0 0.0 2.652355600418702e-07 1.5752204967427234e-07 0.0 0.0 1.0288999135441588e-06 6.068238159019815e-08 3.796427193774036e-07 2.8222908237144693e-07 0.0 4.87460400176204e-06 4.93954061147916e-08 0.0 0.0 1.2575063111489302e-06 4.940087064021856e-08 0.0 0.0 0.0 0.0 1.8351861265884392e-07 6.316278637191474e-07 3.195672158536816e-06 0.0 5.0228633220375035e-08 1.4864626895410935e-06 9.203438329165372e-07 0.0 0.0 1.6689850076277713e-07 0.0 0.0 1.832376434814734e-07 5.25421503909117e-07 2.7426226320424416e-06 6.925578066099922e-08 5.734628702303236e-08 0.0 2.486033996386572e-07 0.0 0.0 1.5854222239267357e-07
0.0005395973847573574 4.7363961073113376e-07 0.00017681493635133392 4.370943339978205e-05 1.4860326819808041e-05 0.002937929049629819 0.0 0.0024956467736360977 0.0001382011938876551 0.00455624214238042 4.15042206797793e-05 2.1151462683953896e-05 1.5580437201356932e-05 0.0031413010097386235 1.2614070888915535e-05 6.644277899231045e-06 3.763355965902433e-05 7.247398539366001e-06 9.832101851094431e-06 7.569501284253796e-06 0.0001621069291233616 2.1535237524610332e-06 0.0003515564477701633 0.0014800503869642429 1.7388917270067523e-06 5.179627269093407e-05 6.949472878599657e-05 0.009021228166195036 0.0010168905072624127 0.003490763592811345 1.2232613789224338e-06 8.736165307123571e-05 0.00010726097734101438 0.0003602865395636901 7.140168633399089e-05 0.001542002709377053 5.198095362932046e-05 0.0007715113425983635 0.00025939017596147306 0.00011190844518596357 5.4968015721330216e-05 7.872315226732638e-06 2.5860179387669212e-05 8.238188217506306e-07 1.153483027452974e-07 4.576641047313952e-07 1.3801505490050399e-05 0.0 4.6380999045989135e-06 0.00011973500209854723 2.818715405896808e-06 0.0001390995920321729 1.1721925912430662e-05 1.0570344048270147e-07 4.901313568704799e-06 4.257108215273249e-08 3.0552466283470164e-06 7.714144462900967e-07 7.497231597157764e-06 5.871938627759444e-08 0.0 0.0 5.344146194359201e-06 3.941545326869231e-07 1.988151214144736e-06 7.620644201108923e-06 0.000481945932628652 0.0 3.6602422860116043e-07 9.376201840843702e-06 0.00038632269999570184 8.348521546226025e-06 5.3194346667341925e-06 0.0 4.908087477665692e-08 7.984620136851205e-07 6.0904096116135225e-06 9.500999169172453e-06 0.000145877778841004 1.0780785326423398e-07 8.847473872079153e-06 2.2273077122964915e-06 2.2362695842287362e-05 8.542320596045437e-07 2.225686646297177e-06 1.699762614152833e-06
0.0002562721315128274 0.0 0.0002875565351366989 1.4435870732972366e-05 2.704808551312321e-05 0.00454460102316465 0.0024956467736360977 0.0 1.352822657555214e-06 0.0014897373225222993 3.752689004882533e-05 0.0001874871051967219 1.661025913785386e-05 0.007143854194657696 2.0752305824944694e-05 3.4696380603984704e-07 0.00025001462096185025 1.3178216893988912e-05 4.3790555470961734e-05 5.408630082676099e-05 6.770009880634667e-05 1.439045707142934e-07 0.00029374504815697053 2.1548807559433923e-05 7.389959572365454e-07 0.00010413218996906341 2.837498298020849e-05 0.00024513681529715213 0.0007348227565975113 0.0014492233323432724 9.380810653163217e-07 9.117369501366124e-05 6.0953356498598764e-06 0.00016781515897422124 4.057123774758627e-06 0.0002529860047778579 2.6716236448070328e-05 0.00016508292804863042 4.305425966024229e-05 0.00026028024660338826 3.0151821950500538e-05 9.37952859943243e-06 4.177283177728264e-06 0.0 5.363789430264707e-08 3.9974619892709407e-07 0.0 0.0 4.681972376219483e-08 2.0461774452853245e-07 5.115231741757986e-08 7.030332946774922e-07 2.724822921782342e-07 0.0 2.751239722200652e-07 0.0 0.0 0.0 1.1425309631610236e-06 5.0538101889187654e-08 0.0 0.0 4.970040413443677e-08 1.082784985231352e-07 3.965790956160575e-07 1.8789558845061856e-06 1.153754725235923e-06 0.0 3.067572165045626e-07 6.122035339036058e-06 1.7224930342365055e-06 0.0 4.063475501589275e-07 9.3137586657337e-08 0.0 0.0 0.0 7.492395384514871e-07 1.0659333539868273e-06 4.910753721161941e-08 9.308045850641893e-08 0.0 0.0 0.0 0.0 0.0
2.5576624431311536e-07 0.0004592660006911318 8.565598649124115e-06 0.0005015669390348848 3.698491857126246e-05 1.7636884793416134e-05 0.0001382011938876551 1.352822657555214e-06 0.0 0.00018027314178853493 4.600821902424381e-06 0.00013481554688192553 4.7140130588207754e-05 2.2964046844480205e-06 0.0003195855517440377 2.9906784776221145e-05 2.9855261979766816e-06 4.328444526981544e-07 9.259825414369923e-07 0.00025865015396513656 4.3452590895119886e-05 0.001694219072115161 1.8363662606410116e-05 0.005894219853677452 0.00010115048372552024 7.0066042874225745e-06 0.0006855837935989841 0.0006284140770857921 1.0571529878991805e-05 5.176434174303586e-05 2.534962650223479e-06 1.686458453786672e-06 1.7630974792556834e-06 6.819275325408721e-06 4.101035793325523e-06 7.23872628943419e-05 8.17641108659823e-06 2.3831627727886577e-05 5.119246381122341e-06 0.00011219443292177252 2.5352910778892425e-06 5.74601745501322e-06 5.871296303831712e-07 3.643151058828514e-07 1.9274513805179805e-06 1.1463345132542578e-06 5.7779569168788784e-05 4.3077696403426407e-07 4.640589012076903e-06 5.0642454422201576e-05 2.968096493137203e-06 2.2518446872639157e-05 5.434507244165488e-05 5.341695489255239e-07 1.748731393680618e-05 1.9092049246732213e-06 2.261481099784305e-06 1.1668626614188434e-06 1.571864980326486e-05 4.868446418074087e-07 8.299476009670598e-08 0.0 4.2531089476225064e-05 7.94476830732056e-06 1.5627373068709454e-06 3.930404225159917e-06 0.0005730644759076253 3.2178463990072515e-07 2.8417376739766917e-06 1.9935850754392988e-05 0.0003235010617790403 2.77372825720116e-06 2.255535770391381e-05 8.279965716375806e-07 1.2489321406579272e-07 6.115076138530778e-07 9.449872674597619e-07 1.6195003464016722e-06 3.427563275199738e-05 1.0065203317801016e-06 6.1225057474868974e-06 1.7271460543155648e-06 1.3494021423492034e-05 3.8257321914265506e-07 5.869222869850269e-08 0.0
4.206084399597625e-05 1.984830199945508e-07 1.9518010611188962e-05 0.001155150402994609 3.530865826383487e-05 0.0048827166937785976 0.00455624214238042 0.0014897373225222993 0.00018027314178853493 0.0 0.00010812551249241741 0.001837757537250108 3.447554781133788e-05 0.0008783378199938114 4.121325936471157e-05 4.6115165599411137e-07 1.2649407280263048e-05 1.475130480496675e-05 1.5023218287768447e-05 0.0020874825112569815 1.2496874087555534e-05 0.0 2.8303852386533918e-05 0.00028011242463254083 8.39414161111095e-07 4.723169261189366e-05 1.9611421944377783e-05 0.002645458267268202 0.0005856407300452616 2.4685152588918445e-05 3.2814199451084294e-06 0.0001924071466269452 1.993318389017258e-05 0.00042850880777448063 4.9280200043991404e-05 0.0012601973437166769 3.723827887437131e-05 0.0010541855982206998 0.00017143479903439224 0.00018706056493343005 0.00012146198222575942 8.893409957322602e-06 2.0389140734358155e-05 5.687609744025013e-08 0.0 0.0 3.766824925938294e-05 2.303160477592184e-07 4.926818539681001e-06 2.513961143912484e-05 2.783507403986822e-07 0.00010981379851600934 3.582433419747109e-05 0.0 3.837064083650486e-05 1.0323343193369965e-07 1.610126037349727e-06 6.585020517328964e-07 9.127634741010522e-07 0.0 0.0 0.0 3.711571013236051e-05 2.1425426110094904e-07 2.5358259770689227e-07 2.4389526786520666e-07 0.00020501303686296048 0.0 4.490802251098573e-08 9.412093608092241e-07 0.00011307344681588047 1.1720311085964975e-06 7.683364868623385e-07 0.0 5.361774408938514e-08 1.370393184255466e-07 6.975988259343705e-07 5.819965644827562e-06 4.856683656810836e-05 2.2123591423969205e-06 3.275413925756057e-06 6.78759503166794e-08 2.0691486342250698e-05 6.976400951211474e-07 1.2864273604091827e-07 0.0
1.0735119762098594e-06 6.111122535009159e-05 1.3537578143854145e-05 3.4595225349369687e-06 3.7675457750605325e-05 5.9594223038951565e-05 4.15042206797793e-05 3.752689004882533e-05 4.600821902424381e-06 0.00010812551249241741 0.0 3.324146431834143e-05 0.0011898210465844212 5.484163234589131e-05 1.5205526739471273e-07 1.419749222823977e-07 0.0003410162204294096 0.002064187172251838 0.0005828562535042818 1.3160895363789684e-05 8.358863327438612e-06 2.1037895909785814e-05 2.8567568464059e-05 9.336182480373309e-06 0.00012421219384934763 0.0015021713009322128 0.0002642243235124906 1.4523087224671508e-05 7.073952011523716e-05 2.76893679841155e-05 0.00022174861431405518 0.0001558456229481853 6.7981187891120435e-06 0.003495145719336337 4.17414538120888e-06 0.00028180469203472843 0.0022451233624122134 0.0021917768604763025 0.0003581632043612883 1.786633832880612e-05 8.677749221382378e-06 0.00029556039692245074 3.492678713395155e-06 0.0 5.194375679849112e-06 1.5525529061434579e-07 0.0 6.183270186658519e-08 0.0 1.4386803051275156e-07 4.8437894244753233e-08 7.777122418786614e-07 5.427082125592542e-08 8.413440316043684e-05 4.540442602861328e-08 0.00039862840482284467 1.1708827868366324e-07 0.0 6.305413632154255e-08 0.0 2.973026079916483e-07 0.0 0.0 0.0 1.0968267704181314e-07 7.933185605219926e-08 6.917409300246785e-07 7.34629499203077e-05 1.7349352807119917e-05 5.752546898759474e-05 4.869435019972244e-08 4.5555886312164626e-07 0.0 5.4974632845414153e-05 3.8563587933441796e-07 0.0 3.6992151737167283e-06 3.0977792076616944e-06 2.8386428760605365e-06 0.00012034325924547547 6.423252194125847e-06 1.506381003126431e-07 0.0 8.373409639377138e-08 5.762565454548856e-05 0.0
2.9670460663949016e-07 4.905285449861991e-06 3.022649137514722e-07 0.0022797490792357974 8.929597831524468e-05 0.0024294019524557925 2.1151462683953896e-05 0.0001874871051967219 0.00013481554688192553 0.001837757537250108 3.324146431834143e-05 0.0 1.2196574515669276e-05 0.0001174254324932854 0.000789166311095902 1.6217441314915996e-07 2.1069580340491676e-06 3.1764003453123015e-06 3.1668576944323965e-06 0.004686850331733452 2.60631943147712e-07 1.1625423674306702e-05 4.864391510575216e-07 0.0002728051259747249 1.131199726106059e-06 9.0686123372898e-06 1.1831404385575152e-05 0.0004512676482305866 5.3940926897902976e-05 9.269618109447125e-07 1.5264534931120289e-06 8.10882984678491e-05 2.2203387954846744e-07 9.734613886855065e-05 7.059480983738448e-06 0.00020211777362781448 1.1595632585051251e-05 0.0001633511113822672 1.5587748930130262e-05 0.001152307737330834 2.236860938091558e-05 3.6729052849623367e-06 2.300608138773683e-06 0.0 1.0871763395780813e-07 0.0 7.150222589482114e-06 0.0 2.8715021223251843e-07 2.560762081260573e-06 3.454574269024811e-07 1.887376977242814e-05 1.4956725605100983e-05 0.0 2.4979170536336357e-05 0.0 0.0 0.0 9.544562566804313e-08 0.0 0.0 0.0 2.37474302734638e-05 0.0 0.0 9.6623386975596e-08 2.3407737016710538e-05 0.0 1.588860246424518e-07 3.569473935308954e-07 1.1120952906136522e-05 0.0 6.53328068269796e-07 0.0 0.0 0.0 9.71101122194962e-07 2.0468470380201774e-07 1.9795925617577857e-05 0.0 0.0 2.1037159917505625e-07 5.380484656960389e-06 3.015166253920691e-07 0.0 0.0
8.673102799637042e-08 0.0007883826607232363 4.884652184033955e-06 2.054402614513191e-06 1.742967631128307e-05 2.7236140273906594e-05 1.5580437201356932e-05 1.661025913785386e-05 4.7140130588207754e-05 3.447554781133788e-05 0.0011898210465844212 1.2196574515669276e-05 0.0 1.3620961480864321e-05 1.2362546856514202e-06 6.499078271870568e-06 5.516472117031259e-06 1.5919857920735024e-05 6.67564012027677e-06 5.451825945225982e-06 1.9389976697911025e-05 0.00016004052129452146 8.347847877522107e-06 4.183863312034157e-05 0.001606508112685894 0.00011010580069938486 0.0012868519446629996 2.332275227953418e-05 1.3302618487342325e-05 9.018036328170716e-06 0.00038290215280266263 6.0092590197731894e-05 7.352795094540567e-07 0.000760157689353261 5.494290589330919e-05 0.001000571194976395 0.0024760359397291935 0.0018840066737346593 0.00018736527455673585 9.826386177801077e-05 5.889262623991718e-05 0.0009698329805036602 7.107184708407484e-06 0.0 2.023027401316074e-05 1.8286916654925183e-07 1.8331411095744165e-07 4.511136170008439e-08 6.879612186096695e-08 2.2805842374967733e-07 7.555420845532921e-07 7.715125314717099e-07 2.709071059469004e-07 0.0003198866712889541 2.883158748009119e-07 0.0015345680092413562 1.7410637987219532e-06 0.0 1.6625473087066729e-06 2.498262405899819e-07 1.4959679498632342e-06 1.2395915301107819e-06 1.0812984046831559e-07 3.4545330428940456e-07 1.521589344293837e-06 5.913802561571518e-07 4.952142861986027e-06 0.0003159461653700763 0.00010377149796553067 0.00037858965212474855 3.6872615189632296e-06 5.689463412949068e-07 2.015928684982362e-06 0.0001819483398539332 6.0123398671829e-07 0.0 2.172106580523231e-05 3.228886748215056e-05 0.00027395444619272684 0.0003166392513555402 3.23524780492454e-05 8.298982767181795e-07 1.781484150230258e-05 9.005930287429419e-07 0.00024795553636491446 3.068102615104144e-06
0.002646630410433656 0.0 0.00023087204566532403 2.122167691295318e-05 5.818312638443909e-06 0.0005671579706008314 0.0031413010097386235 0.007143854194657696 2.2964046844480205e-06 0.0008783378199938114 5.484163234589131e-05 0.0001174254324932854 1.3620961480864321e-05 0.0 1.1845477171090026e-06 5.475460720945813e-07 0.00028004078309676886 1.4592649589248565e-05 4.924656453013607e-05 5.1781081532703174e-05 7.020856499176705e-05 8.743844974270187e-07 0.00035044322168625077 3.246521038356358e-05 1.6938424269588747e-07 9.098941008114431e-05 2.9337740059116545e-05 0.00019314572649447708 0.004874288275820518 0.0037313463862352976 1.1992925351993677e-06 0.0002095509135751238 3.0199467506498385e-05 0.00026083934682786 3.06295499985993e-06 0.00011839534622756625 2.4807121122956505e-05 0.0001567656262654609 2.504482209829617e-05 5.081306997711901e-05 7.66590128946706e-06 5.301139155740625e-06 1.0968217687448253e-06 0.0 5.2812029774986213e-08 2.3458185077716214e-07 0.0 0.0 0.0 6.93673258693274e-07 4.681593483320541e-08 8.763869499859258e-07 2.939979407246892e-07 0.0 6.426006953605207e-07 0.0 3.90135146397327e-08 0.0 1.2993913531705144e-06 0.0 0.0 0.0 1.2249865041249215e-07 1.4507581621214476e-07 5.3157152409109263e-08 1.105253553006646e-06 2.312857455568389e-06 0.0 5.176337837554831e-07 4.298081015232616e-06 2.796716593556183e-06 0.0 0.0 0.0 0.0 0.0 0.0 5.87123394437543e-07 1.2878163473318936e-06 9.842745178669758e-08 9.387224420118067e-08 0.0 4.178099717041489e-07 1.2571350642799854e-07 0.0 0.0
0.0 1.6531290979516633e-05 9.695454439247226e-07 0.00012169038888652802 0.0009738342840256022 0.0007507789615454058 1.2614070888915535e-05 2.0752305824944694e-05 0.0003195855517440377 4.121325936471157e-05 1.5205526739471273e-07 0.000789166311095902 1.2362546856514202e-06 1.1845477171090026e-06 0.0 4.47115557788817e-07 1.842680491785468e-07 0.0 4.261933358933255e-08 0.00013612923954756657 1.0854071321960819e-07 5.040432395238575e-05 3.3293144653152896e-07 0.0006726658210471656 2.2075780091564068e-06 4.07793406896489e-07 3.4883787084758796e-05 3.907834073543296e-05 0.00011049161080486878 1.63498709491378e-06 1.0616484305118908e-07 0.00013543032456395253 0.0 4.710709162615218e-05 3.050997251197362e-06 0.0001201362889814886 8.911631989644985e-07 8.930014215445198e-07 1.385852660372452e-07 0.000496787051498064 6.567652564138411e-05 5.594528603798417e-07 5.966208329176414e-07 0.0 2.6630724927772414e-07 0.0 3.2709715895040145e-06 0.0 6.903893049557237e-07 1.4152282698834051e-06 0.0 8.310151266866261e-06 2.922572658437408e-06 0.0 3.995857284555899e-06 0.0 0.0 0.0 1.2928669609707775e-07 0.0 0.0 0.0 2.7509369451535864e-06 0.0 1.2405503193091535e-07 0.0 7.560634246774316e-06 0.0 1.830579420425474e-07 1.1712693975255894e-06 4.821071052898798e-06 0.0 0.0 0.0 0.0 0.0 0.0 2.4303854365908734e-06 1.6235046128553196e-05 0.0 0.0 0.0 7.723952292166115e-06 0.0 0.0 0.0
2.3931196264435243e-07 1.3368687534739163e-05 2.9186991387379022e-06 4.2766340804921053e-07 8.912025988027872e-08 2.52321949989695e-07 6.644277899231045e-06 3.4696380603984704e-07 2.9906784776221145e-05 4.6115165599411137e-07 1.419749222823977e-07 1.6217441314915996e-07 6.499078271870568e-06 5.475460720945813e-07 4.47115557788817e-07 0.0 5.232136433197706e-06 5.682544563102324e-08 1.0337425881767424e-06 5.067095121187905e-08 0.0021085496852292973 0.001990200602596112 0.0027294264711539107 0.0018259412422629866 3.2290988973816547e-06 2.293938515060021e-06 0.002767700430018561 0.0007890561275590453 2.6758654024778977e-07 2.090481342802953e-05 0.0 4.566922767376184e-08 1.2445072385024377e-07 9.017197403319645e-06 1.1591702762441042e-05 0.0005569622507278521 0.0002524412736396064 0.00013497123528013292 0.00019027372410794526 2.963503982182345e-05 6.339527196902452e-07 4.132560679981724e-06 3.907370690757091e-06 0.0 5.59684084077022e-06 5.841476492628764e-06 9.219384912289558e-08 0.0 2.6492728976537054e-07 1.6610549500417687e-05 5.353895912361175e-07 1.3186345025731439e-05 9.005549672290029e-07 6.784486387656166e-08 0.0 0.0 4.997316827126457e-07 0.0 0.0013510564495697738 1.3809272823182712e-06 0.0 3.3014595223614326e-07 0.0 0.00015562646676379232 0.0004674679526035996 0.0005012464404098678 0.0001599949384479703 2.9318442609625333e-07 4.867006305726025e-06 0.00026762359555351014 0.00016717590984309392 7.554811602973832e-07 4.942516187300179e-05 0.0 0.0 1.510214638607521e-07 2.4029121062406683e-06 1.0185965490576056e-06 3.082078095110009e-05 2.98579249223022e-06 4.70861108373174e-06 2.437464749015518e-06 9.838802503840195e-07 7.071405188180256e-08 0.0 6.675406135971667e-08
3.1548451196803115e-05 1.1762232463672048e-06 0.003837054589408915 1.617017216533244e-06 2.7212828708899165e-06 5.160828656860861e-05 3.763355965902433e-05 0.00025001462096185025 2.9855261979766816e-06 1.2649407280263048e-05 0.0003410162204294096 2.1069580340491676e-06 5.516472117031259e-06 0.00028004078309676886 1.842680491785468e-07 5.232136433197706e-06 0.0 0.0002906115197799815 0.0033973291063852337 6.327058857766549e-07 0.0004120752213327339 4.905410498870644e-06 0.002190809387795403 1.903320537117411e-05 9.242176253041139e-07 0.0018642138242538052 0.0023710304167407297 4.368986838229697e-05 0.00044322608002099635 0.0009180457266441729 5.604062424608016e-07 1.4960841196459703e-05 7.281227503521077e-05 0.0028581507760223573 1.379218297379198e-05 0.0004926214510307869 0.0012055978358525483 0.001762856604898031 0.0003463282556048676 1.3425654422955121e-05 3.939868711439411e-06 4.720843271409972e-06 2.289142010823494e-06 0.0 5.523534196287401e-06 5.245043321488928e-05 0.0 0.0 8.631391212344751e-08 1.2207675891032216e-06 5.987429919518083e-08 1.7806449243459076e-06 0.0 0.0 0.0 3.4334452491073173e-07 2.3082728048471835e-07 0.0 3.1383570871219352e-06 1.0402897257908192e-05 6.35018427728537e-07 2.323645921369618e-06 0.0 4.306050987893843e-07 3.5405093169533243e-06 6.664292841269615e-06 4.858311449235508e-06 6.470009587135765e-08 9.880311773447254e-05 0.00024785683504460423 4.3018467693239805e-06 1.411363562314201e-07 8.72109884233041e-07 0.0 0.0 0.0 1.5502731118761272e-06 2.764438190823213e-06 8.601879337734215e-06 9.812646120529889e-07 5.2863505425108255e-06 1.9945630220510734e-06 1.2082785759059227e-06 2.0408055620425463e-07 0.0 4.4092647862864154e-07
1.3071855245498334e-06 1.3185961281855232e-06 3.264340617889246e-05 2.963172209423308e-07 1.6246652235183942e-06 5.489899242160193e-06 7.247398539366001e-06 1.3178216893988912e-05 4.328444526981544e-07 1.475130480496675e-05 0.002064187172251838 3.1764003453123015e-06 1.5919857920735024e-05 1.4592649589248565e-05 0.0 5.682544563102324e-08 0.0002906115197799815 0.0 0.0023780501581419588 2.1532656532016354e-06 6.362652178685155e-06 5.825504190713861e-07 2.1491008251412592e-05 1.468050475229049e-06 2.7192401358444903e-06 0.0027735035619326806 0.00032703439028261046 2.4273516095746394e-06 2.9088051030858396e-05 2.4262570701548186e-05 2.317945832917134e-05 1.3829838013868968e-05 6.7378158565609315e-06 0.0005382011750524163 4.166761713016758e-06 0.0002797794339301738 0.0003142278564544284 0.0006423318851182011 0.00022938857813850107 4.096729320316959e-06 1.3967101628997084e-06 3.34790121075691e-06 1.6049757777488222e-06 0.0 1.7592856624082907e-07 5.559188588569958e-07 0.0 0.0 0.0 0.0 0.0 5.357313088573517e-08 0.0 1.877521344323579e-07 0.0 3.915968509762269e-06 0.0 0.0 1.3722278726545645e-07 0.0 0.0 6.825559669581776e-08 0.0 0.0 0.0 2.2192981316929223e-07 1.7597734152556595e-07 6.904888002217054e-07 3.971409701043817e-06 1.4038481567208775e-05 1.2119677297652845e-07 0.0 0.0 2.353102745281779e-06 0.0 0.0 5.6483670601774344e-08 2.379753756049249e-06 1.1724031950576618e-06 4.177212978489932e-07 1.1844461120984699e-07 0.0 0.0 0.0 0.0 0.0
5.135540756353347e-06 2.4579791013165014e-06 0.00018972911847796656 6.510753562335379e-07 2.3490730578414934e-06 1.0665750500143957e-05 9.832101851094431e-06 4.3790555470961734e-05 9.259825414369923e-07 1.5023218287768447e-05 0.0005828562535042818 3.1668576944323965e-06 6.67564012027677e-06 4.924656453013607e-05 4.261933358933255e-08 1.0337425881767424e-06 0.0033973291063852337 0.0023780501581419588 0.0 2.3780209848167645e-06 2.3228246301079513e-05 1.1265077475128268e-06 0.00013779407769440744 3.975118829304395e-06 2.4052130266575156e-06 0.0026816587446462773 0.001006233630394494 6.9311177457945185e-06 9.258171389352806e-05 0.00011300395934723497 1.2634174350525223e-06 1.1603608370273997e-05 1.7390542663195966e-05 0.0015346536722111736 6.819554152549533e-06 0.00040694908325575595 0.000184747035100838 0.0010729832532786478 0.0003350445305138618 5.5002082218682125e-06 1.7272698044678802e-06 1.90424056298886e-06 2.114370047448692e-06 0.0 1.4079446997414216e-06 2.363173485315586e-06 0.0 0.0 0.0 1.4460528576927354e-07 0.0 1.1504837815897703e-07 0.0 5.413447004431956e-08 5.165366161249755e-08 1.9344254963431553e-06 0.0 0.0 7.521432358497392e-08 3.074521222272257e-06 1.6717737813560133e-07 1.0509608054769947e-06 0.0 5.198118869002582e-08 2.485045753288509e-07 2.638802034519413e-07 6.551393808427903e-07 1.7823196596632376e-07 1.5397056249530033e-05 3.4349756545753574e-05 3.6299772110683817e-07 0.0 0.0 7.004156219499301e-07 0.0 0.0 0.0 4.747823581727433e-06 2.2788151700468103e-06 2.4849939425549797e-07 8.329976780395368e-07 4.1249360918786897e-07 0.0 0.0 0.0 0.0
2.282569080147082e-06 6.209291338213515e-07 1.016081181000759e-06 0.0032024038774146127 1.2380560512094168e-05 0.0001074255564359795 7.569501284253796e-06 5.408630082676099e-05 0.00025865015396513656 0.0020874825112569815 1.3160895363789684e-05 0.004686850331733452 5.451825945225982e-06 5.1781081532703174e-05 0.00013612923954756657 5.067095121187905e-08 6.327058857766549e-07 2.1532656532016354e-06 2.3780209848167645e-06 0.0 1.3513083345837735e-06 6.032062139573046e-07 1.1001466615730657e-06 0.00013270960303580917 2.697851846979293e-07 3.5507002693705225e-06 2.5409345943309536e-06 0.001338552699681207 4.580424146878245e-05 1.51237337731124e-06 6.172468043397722e-07 2.3297926617599373e-05 1.4442875827597633e-06 5.043667776413441e-05 1.1660044205647277e-05 0.00022489866651893508 4.159941633659807e-06 0.0001229333639948104 2.2245625442612365e-05 0.00020425992736410644 1.748595731365192e-05 2.1533777423509054e-06 3.858991402919642e-06 0.0 0.0 0.0 4.015611197732306e-05 2.2936153904596422e-07 3.2072141727068216e-06 1.168596081361897e-05 1.5569676399042927e-06 9.69780081030714e-05 4.0863904661955385e-05 0.0 3.362714686680403e-05 0.0 5.186284565512252e-07 1.4992562379059165e-07 8.177447380204843e-07 0.0 0.0 0.0 3.3745138464191586e-05 0.0 0.0 0.0 0.00012344148612442605 0.0 0.0 5.778850813851105e-08 5.964599495748695e-05 1.7046380041779604e-07 0.0 0.0 0.0 0.0 1.1299514103480818e-07 1.1387415103234707e-07 5.839300895343845e-05 0.0 1.3113739630915744e-06 2.931467377344117e-07 2.3842233230756024e-05 0.0 0.0 0.0
7.563368730460383e-06 1.1676444294149891e-06 0.0001448174216387413 5.708707774378414e-06 1.5669728917449979e-06 2.4258561142793155e-05 0.0001621069291233616 6.770009880634667e-05 4.3452590895119886e-05 1.2496874087555534e-05 8.358863327438612e-06 2.60631943147712e-07 1.9389976697911025e-05 7.020856499176705e-05 1.0854071321960819e-07 0.0021085496852292973 0.0004120752213327339 6.362652178685155e-06 2.3228246301079513e-05 1.3513083345837735e-06 0.0 0.0003518033100169993 0.006362957588625248 0.00032404141018132327 1.7531245696554234e-06 1.7408475516994833e-05 0.0002653640447623499 0.00216935665681519 7.254473795196787e-05 0.005429145758658801 1.389543816336336e-07 5.569928289850454e-06 1.212746526179054e-05 0.001752718197122014 7.801916140337084e-05 0.0034433018444396325 0.0005753740151906912 0.0028092035490528845 0.0015623355441831998 0.00016319979521077347 8.376737574830175e-06 8.573101560939372e-06 2.3108722821043938e-05 0.0 6.321172849869515e-08 6.356015137608002e-07 1.3527951878200406e-07 0.0 0.0 1.02569998433015e-05 1.9172807361860855e-07 4.3370171496089424e-05 9.399127900266462e-07 0.0 0.0 0.0 5.380337792906035e-07 0.0 0.00025543660239966287 1.769059125800469e-07 3.185515568404591e-07 2.1597158598939997e-07 0.0 0.00014181084833490856 0.00016601460043118922 4.659751103156365e-05 0.00027804811369244427 0.0 3.674676096180755e-07 1.339630619347932e-05 0.0003240703740282587 5.97504302800345e-07 8.85908514866045e-05 1.0157773813734263e-07 0.0 5.322307475032379e-08 8.806838380087869e-06 6.913463654552442e-06 6.611073946181582e-05 2.4693311416008987e-06 3.207395736318234e-06 1.6284202889549674e-06 3.6564742571276468e-06 6.801095387513335e-07 2.1207772950058386e-06 0.0
2.7459742590656635e-07 0.0008488989058968948 4.643783742995154e-06 2.2769677119523773e-07 1.3133645321913787e-06 3.0239613053373727e-07 2.1535237524610332e-06 1.439045707142934e-07 0.001694219072115161 0.0 2.1037895909785814e-05 1.1625423674306702e-05 0.00016004052129452146 8.743844974270187e-07 5.040432395238575e-05 0.001990200602596112 4.905410498870644e-06 5.825504190713861e-07 1.1265077475128268e-06 6.032062139573046e-07 0.0003518033100169993 0.0 0.0002621054745850003 0.003966868317197082 0.00030446518426210836 1.1617241421158044e-05 0.0030656069462488417 0.00016546949607625623 3.50209748136671e-06 1.651880201296335e-05 7.704472905911397e-06 1.8515976787540437e-07 1.4338321121494905e-06 4.457173680025029e-06 8.345146848356778e-07 2.8047495033418443e-05 1.7766070329414793e-05 1.5134877400774373e-05 9.201891132929349e-06 9.420897303003179e-06 5.708509383042606e-07 2.7929470437186276e-05 5.995081116236064e-07 0.0 1.2561754408713953e-05 1.5985713492840117e-05 7.93745173833396e-08 0.0 4.134034042334469e-07 1.1388683978238054e-05 5.429771045254711e-07 5.1672977974341705e-06 1.263352567583583e-07 9.411551174110595e-07 0.0 4.788877248051918e-06 1.4848220689366724e-07 0.0 0.0009262173853230662 1.9134195305057956e-06 0.0 2.972007518210502e-07 0.0 0.00010376452687439031 0.00017738632213140984 0.000264559157855319 0.0001493745723815137 5.322914349510854e-07 9.370363122799018e-06 0.000643866234803911 0.00012129758420284963 2.745884415522202e-07 4.851431871135421e-05 1.2630004842276423e-06 0.0 1.6251481756205096e-07 5.109786053335935e-07 1.125521377351252e-07 8.551150232203146e-06 2.687410613556738e-06 3.762764249651516e-06 1.8633653710069813e-06 1.486350672151842e-06 0.0 3.6495388845365885e-07 1.6135718135175344e-07
3.7666558855265526e-05 1.1672367822765387e-06 0.004340028547450064 1.1072965051261289e-05 2.3373510516044858e-06 7.492526075296197e-05 0.0003515564477701633 0.00029374504815697053 1.8363662606410116e-05 2.8303852386533918e-05 2.8567568464059e-05 4.864391510575216e-07 8.347847877522107e-06 0.00035044322168625077 3.3293144653152896e-07 0.0027294264711539107 0.002190809387795403 2.1491008251412592e-05 0.00013779407769440744 1.1001466615730657e-06 0.006362957588625248 0.0002621054745850003 0.0 0.0004851905964786144 6.270285488381124e-07 0.0005416862012487088 0.005154760936227922 0.002011041309028413 0.0002525673889770233 0.0036405165890611418 1.0160880017905398e-06 1.3352328152107184e-05 2.7426755880658705e-05 0.00241520377641557 0.00013287613960415344 0.005080221504227284 0.002290764680576703 0.0056117542914996075 0.0039463296673376705 0.00031796770453318776 1.4395477097360239e-05 1.1695583634791812e-05 3.272528065028062e-05 4.985242414613425e-08 1.6708218739434384e-06 2.775024679081699e-05 6.809701423040654e-08 0.0 1.9041365253136927e-07 2.3765747470335038e-05 8.996884578267286e-07 1.777919144073715e-05 3.240779896355954e-07 0.0 6.880181960645481e-08 6.478099094048202e-08 7.543404450995042e-07 0.0 0.0008669888664343282 1.003240461187618e-06 0.0 2.1573873190459395e-07 0.0 7.756080791807941e-05 0.0002352028415815436 0.0004945162518431744 0.00013645056750670806 0.0 3.5084359971779084e-06 0.00051620912158344 0.0001052446867200255 1.6425112297545828e-07 2.718184973658552e-05 0.0 0.0 7.716903779141513e-08 4.2168144624312035e-06 2.6873710791684142e-05 5.6131958768978654e-05 3.0982428491427667e-06 7.520250058368656e-06 1.0274270757571515e-05 1.0739017120476321e-06 0.0 2.511918696265933e-07 7.125829852152355e-07
4.9890953033075465e-06 0.000310727318662717 4.610067141753822e-05 0.0010829541037359342 2.8254913571478356e-05 2.1770498210812764e-05 0.0014800503869642429 2.1548807559433923e-05 0.005894219853677452 0.00028011242463254083 9.336182480373309e-06 0.0002728051259747249 4.183863312034157e-05 3.246521038356358e-05 0.0006726658210471656 0.0018259412422629866 1.903320537117411e-05 1.468050475229049e-06 3.975118829304395e-06 0.00013270960303580917 0.00032404141018132327 0.003966868317197082 0.0004851905964786144 0.0 5.819524845995655e-05 1.833145850758855e-05 0.001777681760607755 0.00450657299114064 0.00017221455029414737 0.0005574216166250161 9.488796923362043e-07 1.222157124272476e-05 4.5602693696791593e-05 0.00012627610529424387 4.078524656430713e-05 0.0010937033368351346 6.0637458978875335e-05 0.0003262865245861297 0.00015209606285413783 0.0002755899102908372 2.98853630005432e-05 1.8179632441693684e-05 1.3750891932501507e-05 2.9138291630061892e-06 5.4545256827109756e-06 8.29342577179468e-06 9.220466138790703e-05 7.099172583911251e-07 1.3519720946643036e-05 0.00024473587360142893 7.664879656432275e-06 0.000829932123985086 9.464957049973854e-05 5.541043170831579e-07 3.0908399008276096e-05 1.2327848806413383e-06 1.2240886592752643e-05 3.1315671003288426e-06 0.00017134211573888554 1.3123830883550906e-06 2.718308977841334e-07 3.693311634847117e-07 6.05770146145033e-05 5.427464290389537e-05 9.136882422692198e-05 6.095735082628982e-05 0.0018020097638130415 7.14316735971976e-08 3.3614203067311977e-06 8.852464407512752e-05 0.001475063090792245 2.219323601117573e-05 6.145565143124076e-05 1.30438713497908e-07 1.1074265145460787e-07 2.3281371584864295e-06 1.8673365464043877e-05 7.003327509686897e-06 0.0003568986013933182 2.842659212549336e-06 3.074791328776791e-05 8.543130020352804e-06 7.503042380821154e-05 1.5207607528854642e-06 7.452167543250032e-07 1.5110501763857078e-06
