0.0 1.0707263656508284e-07 0.0007450322570830491 1.340934925581866e-06 1.1854907739035171e-06 4.768663643977255e-05 0.0019734566226947783 0.0007263883855141952 1.7782502324353454e-06 8.152780257379331e-06 9.997476462461537e-06 1.1167153752534818e-06 6.711925544601533e-07 0.003717588184641876 2.2028976117744528e-07 2.2376156981474412e-07 0.00037886311037676806 2.465015300072117e-05 7.208899603302825e-05 5.082790495178307e-07 0.00011669020521313182 1.9850392973332991e-07 0.00026293265958215464 1.5851802907895438e-05 0.0 0.00021342911170588478 3.398940751386219e-05 3.3114197384279116e-05 0.002252505999506518 0.0014086981070553317 2.9332155682234386e-07 1.2943741704025913e-05 8.63447113812582e-05 8.1449978160806e-05 9.040633427902626e-07 2.7076295181508522e-05 1.530479094542981e-05 8.284737578848295e-05 1.3725894217040912e-05 7.850228540401699e-06 3.2402910777695034e-06 2.5991344993948333e-07 7.407222225099882e-07 8.684544059433127e-08 6.158247478604883e-08 2.298686796497398e-06 1.028970036137873e-06 0.0 0.0 4.874887940958817e-06 1.7359845600749286e-07 1.5061628819201738e-06 4.854693701922692e-07 1.3565481009319885e-07 0.0 0.0 3.878137777334421e-07 0.0 1.6297803938431963e-06 4.4639812426889585e-08 0.0 6.212471057408716e-08 0.0 2.5545496471893424e-06 1.7000548530633045e-07 2.118280056405538e-06 7.641544750401706e-06 0.0 3.052561161039778e-07 4.917853896629251e-06 1.604026639906095e-05 4.0907715821596875e-07 1.237288551668162e-06 0.0 6.575491514540339e-08 0.0 2.5672508516085786e-07 0.0 2.3730043605510014e-06 2.5570519068947664e-07 1.054177554658948e-06 5.295974862128278e-07 1.4455059566029024e-06 6.639516137289562e-08 0.0 0.0
1.0707263656508284e-07 0.0 1.5437267772001026e-05 7.536079644317742e-07 2.916604562127532e-07 3.213229025963641e-07 1.5354666665523546e-06 7.241604562786507e-07 0.0004413651456775247 1.15216444074809e-06 0.00011284283933276707 2.3501444814501536e-06 0.0005975183366550385 8.832198379211266e-07 1.60264837912247e-05 3.250909813482354e-05 8.864622488728343e-06 3.6505518876699877e-06 9.048608600786204e-06 1.4543901649356987e-07 5.3662452043979755e-06 0.001189888939166518 5.1072388238683535e-06 0.000578013605849358 0.0009263220468597685 8.693548277581402e-05 0.002092081113465482 1.1785323971128358e-05 1.3776635058446164e-06 8.273677065914712e-07 2.3052280540405375e-05 4.5960746986958404e-07 4.92499862942001e-08 1.219216912005805e-05 7.905555181052497e-08 1.31477508426002e-05 4.283945260645655e-05 3.7381775092096015e-05 8.512251256207084e-06 1.1739330425058761e-05 0.0 0.00013081672176945108 4.4752349515197613e-07 1.5158741528821603e-07 6.316993969883107e-05 5.245033573589141e-05 0.0 0.0 0.0 1.0624057848941648e-06 4.7049862753293924e-07 1.1693225284035444e-06 9.986735473941829e-08 3.2996526711231475e-06 4.955445575280561e-08 1.8483590515952237e-05 4.745209343008943e-07 9.426224407937452e-08 3.98143735683734e-06 1.637064592773105e-05 3.1734822090983815e-06 3.086859534984197e-05 0.0 1.0592975051111552e-06 4.06614043314071e-06 4.419416815250395e-06 9.23431225264861e-06 8.197720070347151e-06 0.00016765253041605847 0.0010024814380839733 3.004206810552226e-06 6.536155226602263e-07 2.936808514038027e-07 4.715638895179516e-06 2.8979413024704383e-07 0.0 5.684422859983043e-06 1.5769222702585018e-07 1.9587838417935678e-05 3.8070139265397506e-05 2.7094410307259497e-05 7.055945230357439e-06 5.607735340362648e-07 0.0 6.164451985958563e-07 0.0
0.0007450322570830491 1.5437267772001026e-05 0.0 2.5814738415953113e-06 9.322887886092823e-07 0.00012867474008823672 0.000609690119539696 0.00039826448420383963 5.831015372743708e-07 2.5982113461476244e-05 1.2479373290312366e-05 6.754643420235167e-07 1.2364063652772293e-06 0.0012883766097667006 7.810888892776116e-07 2.6748964766569e-06 0.002577051229852337 5.0047534139715995e-05 0.0001391451584460902 3.979264086976509e-07 0.0002909095181830978 2.8778100975714096e-06 0.005537402744395264 5.937957301466125e-06 5.438886689679576e-07 0.003967761543949713 0.0018738409300838787 3.4052659845776704e-05 8.365248493248863e-05 0.0006457312021085527 8.705870715808041e-07 5.601437170609543e-06 1.0598728933711866e-06 0.00030827548679833607 1.7992653053466742e-05 0.0007474401907138862 0.0014558660259427097 0.0010036168178672218 0.0004784389737286926 3.152400953898324e-05 2.1225895115764893e-06 1.4037226216017686e-06 2.6418236914741414e-06 1.6106173406726654e-07 3.411467765073869e-05 0.00033474266972408935 0.0 0.0 0.0 3.665450345497085e-06 5.625323891091184e-07 3.4246512812547695e-07 3.8779895955614796e-07 4.031386172354582e-07 0.0 4.787330011967458e-07 9.309356700204768e-07 0.0 1.390779712730502e-05 3.921748947659116e-05 1.9144828376758182e-07 3.55086627247114e-06 1.7813162725915716e-07 1.729802459170523e-05 1.1217860972178393e-05 5.3147526935288776e-05 1.6448488948765362e-05 1.5793560776641125e-06 2.4966598639625987e-05 0.0009272867596085755 1.2498470546936071e-05 8.060630321719791e-07 7.870141173630416e-06 2.624071771051985e-07 0.0 6.760653314578989e-07 4.255710345840694e-06 2.882636002484355e-06 3.912590691927e-05 5.790493804117077e-05 2.7717300378407856e-05 6.642472601859808e-06 0.0 0.0 1.1279944968317169e-07 0.0
1.340934925581866e-06 7.536079644317742e-07 2.5814738415953113e-06 0.0 1.8954005058861565e-06 9.805297494655997e-06 0.0002749336692946874 3.919107175596617e-06 0.000509496728408979 0.0023545281622577093 6.224295202071289e-07 0.0013922874185800195 1.7495193722923557e-07 1.7249113286798644e-05 6.207597152693635e-05 9.430647960940435e-07 2.2017051395770134e-06 1.0302407090617424e-07 6.721170409166918e-07 0.0017905502464863586 5.416721718388728e-06 2.494834817357433e-06 6.494630655088698e-06 0.0008218327570856306 0.0 3.7004466637690747e-06 2.5623808427089237e-05 0.0022995320204062682 3.574217923076009e-05 1.6210366773319283e-06 5.1596072081155653e-08 1.2210873421231142e-06 4.192041117591236e-06 1.4572361373829836e-05 4.673361647006895e-06 0.00010533264702996125 1.7896985542760042e-06 4.432405438625241e-05 2.1078014580582954e-05 5.599158095834234e-05 3.1790652453671534e-06 0.0 4.604868049701639e-07 8.38170147173205e-08 1.3545417702105586e-06 1.1365848587178456e-06 0.00018249963250783197 6.201304167169446e-07 7.227315182530387e-06 0.00013183332738762245 4.257712058325006e-06 6.12277629676735e-05 0.00020520284365260714 1.1758828071108293e-07 7.715987306562932e-05 1.50622086408272e-07 3.67660382542811e-06 4.8713985055165694e-06 1.115700330108835e-06 0.0 5.7395518443514854e-08 4.1408201181795505e-07 9.337114868952614e-05 1.7109833157013112e-06 3.757886085684616e-06 1.2380329944263967e-06 0.00015177374783091765 3.6620882902070147e-07 1.8343635696920583e-07 2.733748919145226e-06 0.00025933836524588336 2.8839897254613896e-06 3.7353013916550485e-07 8.734462260908936e-08 7.416547864374508e-07 0.0 1.0768640632185898e-06 1.7578532104825915e-07 4.2699763064084445e-05 9.786259187216008e-08 5.901472051459747e-06 8.01591490743586e-07 9.149929136629684e-05 6.098633112317593e-07 8.836290158628572e-07 9.787960006797944e-08
1.1854907739035171e-06 2.916604562127532e-07 9.322887886092823e-07 1.8954005058861565e-06 0.0 0.00020192953071469606 9.923526156693122e-06 1.251186297595233e-05 1.888055446128119e-05 1.9508192805452044e-05 4.068288566850604e-05 4.471095807263485e-05 4.8791023898553395e-06 5.881968357972695e-06 0.0006078459737794163 0.0 1.0028384115693208e-06 6.899545640434759e-06 5.97621843962776e-06 4.8023110363371415e-06 9.123028004256456e-07 8.295319284049851e-07 1.324299285332775e-06 1.6126495456097168e-05 1.727510432710982e-07 1.4257314363947489e-05 3.814624353260044e-06 4.4573919391257645e-06 4.335190885677985e-06 5.451732637969295e-06 1.9222616910416014e-06 1.5694238629857745e-05 8.007420906364841e-08 0.00031863597135285715 8.780684166182939e-07 7.53791327501338e-05 1.3769056915300906e-05 0.00029406827876058886 2.6289146254995394e-05 0.0009367416952695904 4.431167342582457e-05 9.537168556407263e-06 6.787157988894057e-06 0.0 0.0 6.915394477421188e-08 1.0468944845129396e-07 0.0 7.106918707902624e-08 1.5263029464396004e-06 0.0 5.029927180965292e-07 0.0 0.0 3.582681027109697e-07 5.5661112652151776e-08 1.9561713334980897e-07 1.3018802612273265e-07 0.0 0.0 0.0 0.0 5.515744109941691e-07 2.565693734216238e-07 0.0 0.0 1.7558541893035122e-06 0.0 2.3123530311576884e-07 3.6955511333321063e-07 3.742967156872667e-06 3.569125879005964e-07 2.440168982799603e-07 0.0 0.0 0.0 0.0 1.9637077703002985e-07 1.7661963989142583e-06 0.0 0.0 0.0 6.932796236634597e-07 7.684823498312186e-07 0.0 0.0
4.768663643977255e-05 3.213229025963641e-07 0.00012867474008823672 9.805297494655997e-06 0.00020192953071469606 0.0 0.001179587294397885 0.0025621863821222238 3.0409648540301137e-05 0.003251410909196449 6.720881655224367e-05 0.002478018355565943 8.625770980229765e-06 0.0007915550679018091 0.0013712980900972731 4.7652240147469003e-07 0.0001000223189215171 2.897971257728698e-05 4.502851895003185e-05 0.00013756456460977418 6.510418845627053e-05 5.24685029350212e-07 4.237147706158115e-05 6.919104139490926e-05 1.7810094922367953e-07 0.00011584601185729759 3.605787501229919e-05 0.00014591808112969856 0.0003693016381324397 4.111423006761171e-05 4.02777809550291e-06 0.000435353930130365 2.1770971741794698e-06 0.00026048083117537153 4.4753105249350064e-06 0.00034839631351991966 4.411792865165709e-05 0.0004609943458981133 8.813469074852647e-05 0.0017817862040078619 9.330247397484468e-05 2.0877505873761467e-05 1.0007032320323178e-05 0.0 5.513818173520445e-08 1.3348499022259059e-06 1.391802958356854e-05 7.388287026291825e-08 1.1932941512105128e-06 3.285085971238733e-05 1.3369884339844475e-06 6.254080851217847e-06 1.885612537346819e-05 7.5063382683866e-08 1.2388771573317298e-05 6.670869096658186e-07 1.533064226895848e-06 2.834202932207541e-06 2.76301524948331e-06 1.3187431905581325e-07 0.0 0.0 1.0919465480179448e-05 1.0965216126174888e-06 8.074461213065113e-07 5.5003544586901375e-06 4.261179054609909e-05 1.0124419378861356e-07 5.851592374400719e-07 6.910321384832878e-06 6.161295303921966e-05 1.3112800802690454e-06 2.4102236151753757e-06 0.0 0.0 0.0 6.875230177608878e-07 0.0 2.510269756130058e-05 3.961419915579202e-07 3.411053356685297e-06 5.679557495629168e-07 4.88811704649938e-05 1.890296856140018e-07 0.0 0.0
0.0019734566226947783 1.5354666665523546e-06 0.000609690119539696 0.0002749336692946874 9.923526156693122e-06 0.001179587294397885 0.0 0.000955217529351425 9.266967221404226e-05 0.00569666331329478 2.4006125660027184e-05 2.5507139367546646e-05 1.0547961794308187e-05 0.0033733151137674885 1.2972164237291307e-05 1.6289821484447835e-05 9.708976794214593e-05 1.6034968210964673e-05 2.772053831013174e-05 0.00010654987234196437 0.0010198635585409043 6.032658754471783e-06 0.0004653757269409071 0.0006820037353951559 6.545153251904324e-07 0.00021000026472954472 0.00039466171808665284 0.009088689121699363 0.0012808813017825924 0.00431805859949114 1.9828252810401345e-06 5.466719888959827e-05 0.00010111080591789108 0.0004217913624216301 9.37571750886175e-05 0.002031520840267782 7.601330799740833e-05 0.0014122394989770268 0.0005978515503201011 0.0002896426622090966 0.00011220409843370636 1.7504786025395427e-05 1.9429404816310654e-05 2.5602254428304233e-06 2.437064987062572e-06 1.7440380087001846e-05 8.462876987072619e-05 4.0922846858680306e-07 8.680378814848925e-06 0.0006090356372887627 2.3608289756689266e-05 8.959595948434239e-05 0.00013457680792072638 5.015660074193036e-06 1.3526751139644577e-05 6.274574436633527e-08 2.7743398310110235e-05 4.384340461755938e-06 2.1297544344893318e-05 8.229514524651654e-07 1.5905838404637515e-06 1.4480035945159837e-06 4.008965169410966e-05 2.163003020920546e-05 9.498476482327647e-06 2.959723372558488e-05 0.00057711987944378 3.48851023052465e-07 3.5720460198436215e-06 4.5689925989768874e-05 0.0009640557234822955 1.9040452488475512e-05 1.837447425080152e-05 5.473252702132834e-08 3.553408350695204e-06 7.562227114523576e-07 1.2568299923998396e-05 5.533252106384925e-06 0.00020682011084587792 2.7660696996064324e-06 5.927243468820611e-05 1.1406846864532341e-05 0.00015574951262025807 7.39914169668225e-06 1.2645521705037423e-05 2.4007484929155027e-06
0.0007263883855141952 7.241604562786507e-07 0.00039826448420383963 3.919107175596617e-06 1.251186297595233e-05 0.0025621863821222238 0.000955217529351425 0.0 5.275010746255137e-06 0.0008511187732549275 7.106428816757042e-05 0.00026777495296545 4.5262570645412865e-06 0.005710775413044475 2.587330480860293e-05 7.432639132145409e-07 0.0006050876966918958 6.66801341204758e-05 0.00017506046388878193 4.571321174925793e-05 5.941892040201145e-05 3.0056587501717573e-07 0.00015041006348707193 4.7275407279050977e-05 1.677656687462219e-07 0.0002707824511392008 5.9860268649310466e-05 8.386162097197976e-05 0.0006279632862745986 0.00025202205608304204 3.2309816183232994e-06 0.0003100828526977896 1.9197480617270158e-06 0.00018776088375165736 1.4232723552509985e-06 0.00012912696110557606 3.6636167805731095e-05 0.00023509745743752682 3.49965764488651e-05 0.00017122387689918933 2.2509932300604177e-05 5.951705171200082e-06 2.51366787455473e-06 2.283027189910361e-07 1.4581645694280927e-07 7.887473236215304e-07 1.8170808785150573e-06 0.0 3.772185960964574e-07 1.9178894843739294e-05 8.41638553460295e-08 2.7339793652666337e-06 4.232351764680446e-06 1.0566585434539229e-06 4.705502707295262e-07 2.3082810187907054e-07 9.993762162600938e-07 1.8540661993424185e-07 1.6352456490669649e-06 5.3077185876041035e-08 0.0 1.2448899353184534e-07 1.1861040430846304e-06 2.439584649593777e-06 1.0638462091403143e-06 2.297588043582984e-06 2.862285792177578e-05 4.917641802578667e-08 1.7780238286046248e-06 5.24482183150582e-06 4.750296504688662e-05 1.5759622991024497e-06 1.984575258716466e-06 1.4223731606642468e-07 3.256777686546907e-07 4.7461381810607327e-07 0.0 7.093179043627695e-07 5.848582944090233e-06 7.15990019779061e-07 3.938714070151446e-06 7.729514665962449e-07 5.189401418243627e-06 1.376230679114033e-07 0.0 0.0
1.7782502324353454e-06 0.0004413651456775247 5.831015372743708e-07 0.000509496728408979 1.888055446128119e-05 3.0409648540301137e-05 9.266967221404226e-05 5.275010746255137e-06 0.0 0.0001974132949545023 1.465900657349333e-05 0.00026181922838143507 5.955479137688768e-05 1.312671253629429e-05 0.0005622139622855978 2.264251631365026e-06 6.286741411631153e-07 2.0588779050464783e-07 5.818316393895244e-07 0.0003442053287342996 3.029072718180389e-06 0.0016329524616416295 1.334336250445892e-06 0.004964638276015116 9.950398401442116e-05 5.73639116410899e-06 0.00029847552171437106 0.0004819649146004024 1.9073216381499915e-05 2.894720188382321e-05 4.6404965936137945e-06 1.18575592613019e-06 8.283749622384086e-07 5.509410341721875e-06 2.4846541322785978e-06 4.622959177329167e-05 7.12170550678196e-06 1.4118462926733047e-05 6.506855043412887e-06 0.00021728874047054867 1.2266263362660904e-06 5.2734264420581465e-06 6.451581475159079e-07 1.0071049409550887e-06 5.2295932781591925e-06 1.7169608788300893e-06 8.772912748925516e-05 2.4587219949332104e-07 3.3442987940741962e-06 8.351273640538055e-05 1.8127832302459273e-06 7.695878427765099e-05 6.182550726744647e-05 1.3044808904499169e-06 2.9442094100248735e-05 3.1720881449846494e-06 3.3627248953453114e-06 2.473279876437835e-06 3.764467092063988e-05 1.799817307337454e-07 2.6307006655994274e-07 8.80848097631447e-07 3.590314794947885e-05 1.2586836315455696e-05 2.9838128443152555e-05 1.359128136869992e-05 0.0005631946256503688 2.607146966587391e-06 6.469352988425543e-06 1.7854941122709493e-05 0.0003338085048824191 4.895082656395077e-06 4.008697800857104e-06 5.369203002177551e-07 7.032148062435268e-08 1.8454711232281008e-07 1.8086709087392705e-06 1.67509980528176e-07 1.1929990476363275e-05 2.387825403356367e-06 7.5357624649301965e-06 2.1280813207748763e-06 2.7541466197904085e-05 2.3366906785868106e-07 4.3273793349089934e-07 2.411162898477859e-07
8.152780257379331e-06 1.15216444074809e-06 2.5982113461476244e-05 0.0023545281622577093 1.9508192805452044e-05 0.003251410909196449 0.00569666331329478 0.0008511187732549275 0.0001974132949545023 0.0 3.574634545303113e-05 0.0019244748610348149 6.694892106685549e-06 0.0015684739384010534 3.78895589485614e-05 1.96835424301362e-06 1.6976694998175646e-05 1.93170304186483e-05 4.217084190607641e-05 0.0020936485301843114 4.7476758666604546e-05 1.2248949559710988e-06 2.279978507073037e-05 0.00031482794906997284 2.729834982742021e-07 4.6784155612901164e-05 7.338962361788004e-05 0.002006475893871845 0.0005818721250212272 1.222096992925053e-05 3.1661343698655335e-06 7.917536793024352e-05 1.0956433479951198e-05 0.00034069744530837226 3.40964435138349e-05 0.0008573654882845852 3.312457338985756e-05 0.001100957947265408 0.00023280048960292392 0.00021574193126431667 0.0001150220288456682 6.5320165288822315e-06 1.7665815886871655e-05 1.7318528554822336e-07 1.0808918237015086e-06 2.5332804574693644e-06 0.00026202385823383134 1.484164977756824e-06 1.3864637795842986e-05 0.0002804974506752754 7.341256997071558e-06 7.74316411249534e-05 0.00030275921585384055 5.806490329411232e-07 8.612038707622874e-05 0.0 9.453854989974557e-06 1.4660345592060264e-05 4.2665951752037655e-06 2.430644322036271e-07 0.0 1.7531685617645236e-07 0.00013409342181632192 2.701698307332996e-06 5.19660954780442e-06 7.606263847043856e-06 0.0003126658086913055 5.876124314869457e-07 8.162766990720135e-07 7.861484567239122e-06 0.0004777557393893686 4.105531876837552e-06 1.981176780147514e-06 0.0 7.471209517987883e-07 6.144702782862294e-08 3.6020966647869546e-06 2.890106390318769e-06 0.00013435762791232913 1.1015897918850134e-06 9.704583662204331e-06 2.4964189366827268e-06 0.00018383653089863595 6.258952920725839e-07 3.472452133001867e-07 0.0
9.997476462461537e-06 0.00011284283933276707 1.2479373290312366e-05 6.224295202071289e-07 4.068288566850604e-05 6.720881655224367e-05 2.4006125660027184e-05 7.106428816757042e-05 1.465900657349333e-05 3.574634545303113e-05 0.0 3.565185519104894e-05 0.0016314575852406025 7.42537657066964e-05 2.5249168513812195e-06 2.704415889233194e-06 0.0005934750063100743 0.0024601700698953107 0.0007424683804064925 5.679405196905818e-06 2.5684358539230254e-05 2.5564332920775252e-05 5.6843540998007566e-05 1.7424454510486415e-05 0.0003909806940074704 0.001966681322319434 0.000946560593280575 1.101858591416889e-05 0.0002352159772191531 2.2969594400059246e-05 0.000493220578147172 0.0002501431794553557 6.4312796834599235e-06 0.0024924336967355742 3.1834796223347238e-06 0.00023547227670834376 0.0019006121244379505 0.001160634357758759 0.00020004043874204353 1.4461667566519852e-05 2.4914933798830004e-05 0.0008366155786495679 7.1746120027563555e-06 0.0 1.1201542468654152e-05 1.0785491509304366e-06 0.0 0.0 4.876162282874761e-08 2.23778942776636e-06 1.4760177355443425e-07 6.595424522762832e-07 1.0178052079290354e-07 0.0001565312659455133 5.596482129263328e-08 0.0006897522453503373 1.8951653810888088e-07 6.83872391977869e-08 8.952551629414951e-07 2.2354823854590215e-07 7.544084481997712e-07 2.1145968398760562e-06 0.0 3.827710112133501e-07 7.11275372073467e-07 8.627039648006802e-07 3.923289375048263e-06 0.0001601106311885847 3.654041991850034e-05 0.00017057997300656884 8.652339204189537e-06 1.400679462872861e-07 4.3579141659285463e-07 7.769578603909566e-05 3.367053438518637e-07 0.0 2.5027489968029958e-06 0.0 2.2901551171531167e-06 0.0001797843187273395 2.259015330134784e-05 1.21834256630782e-06 2.910422026063601e-07 5.148576269675657e-07 9.55659426888078e-05 1.2807744554218702e-07
1.1167153752534818e-06 2.3501444814501536e-06 6.754643420235167e-07 0.0013922874185800195 4.471095807263485e-05 0.002478018355565943 2.5507139367546646e-05 0.00026777495296545 0.00026181922838143507 0.0019244748610348149 3.565185519104894e-05 0.0 7.637012179983045e-06 9.172985192328291e-05 0.0007556030591707242 0.0 4.59315319265183e-06 1.43222746116728e-05 2.381295803395605e-05 0.0027534185690719693 5.683610380886303e-07 6.563525132440816e-06 1.1475350722216598e-06 0.0001590576914494613 4.806018051541956e-07 2.7383956457016034e-05 1.718225458098517e-05 0.00020588924459873364 0.00015685908141400387 1.2032869319888387e-06 2.9229909761173527e-06 7.513654694007944e-05 1.113392370553478e-07 0.00013519933137353006 1.5757376010686263e-05 0.0002093961451223044 1.4761685677374308e-05 0.0003757399015396661 2.723092314599058e-05 0.0009258116033431268 3.7813449625828694e-05 3.1204240045679674e-06 2.206842112445939e-06 0.0 2.5326944213108214e-07 0.0 0.00011312775903994723 6.489398366640772e-07 1.0162908755349743e-05 3.365572193535953e-05 7.608582980671006e-07 2.6685970892392703e-05 0.00011839976903775103 1.0547732681396108e-06 0.00010314324332043156 9.765197323990055e-08 9.02453760944388e-07 1.2071307757114713e-05 2.1649554697202825e-07 2.2084451135705633e-07 1.3263404928102638e-07 2.4894915418992503e-07 0.00010004755810287095 0.0 1.2554004208331544e-06 1.8234948917156106e-07 5.492037404361034e-05 2.3164075162660202e-07 3.0660359610612537e-07 7.342050757909314e-07 0.00010442749962089057 1.4928568448684619e-07 0.0 5.832228735442533e-08 5.657200392875434e-08 0.0 3.813995192223723e-07 6.137008550959073e-06 9.136122527114765e-05 2.591067338622743e-07 5.47144728783497e-07 3.127754025013723e-07 0.0002585713002753306 1.0261566444824209e-07 0.0 1.4470747066910461e-06
6.711925544601533e-07 0.0005975183366550385 1.2364063652772293e-06 1.7495193722923557e-07 4.8791023898553395e-06 8.625770980229765e-06 1.0547961794308187e-05 4.5262570645412865e-06 5.955479137688768e-05 6.694892106685549e-06 0.0016314575852406025 7.637012179983045e-06 0.0 2.663007545131358e-06 5.449942031183052e-06 5.934108134149763e-06 1.521634769078395e-06 1.1215160985086122e-05 4.894437464849778e-06 1.6714469290413927e-06 2.2219876761782257e-06 0.00011751453463165245 4.315244936436932e-06 5.748836636580916e-05 0.002327514329270052 0.00039949128474612476 0.002319816652218824 3.749558369591621e-06 7.799210007491629e-06 1.5473923320834322e-05 0.0005210217295957964 1.5463044265156455e-05 3.069106750997918e-07 0.00028125342040403583 1.732871712538995e-05 0.0006117341019839699 0.0013953779956895817 0.0011879709431836057 0.00013942409944180402 7.540826751582e-05 5.224771939577082e-05 0.0004612574505925636 1.161619888393485e-05 0.0 1.791808178145535e-05 1.2700330260542782e-06 6.076698441383935e-08 0.0 0.0 6.792665163774366e-07 4.611611244728929e-07 3.6881144205877426e-07 0.0 0.0002592326572077282 7.066733005636548e-07 0.001249066420951329 2.1725358135497426e-07 0.0 8.136819750779464e-07 2.9444033276327433e-07 4.80626748611944e-06 3.4800070783047944e-06 0.0 3.8855442919986656e-06 2.6350732011254005e-07 2.923601991285893e-07 2.8249729284821495e-06 0.00044122749086501035 9.238077028169938e-05 0.00033726126115491876 1.3357802868005178e-06 1.189262078239816e-07 1.1218004916123277e-06 0.0002067814694906364 1.869572454859541e-07 0.0 2.4171360637934625e-06 2.369134935563277e-06 0.00014539278478654095 0.00028487691514966556 2.463054205676521e-05 5.85935954529755e-07 2.622926504419439e-05 1.8648683590613873e-07 0.0001018212954821648 9.905801490624885e-08
0.003717588184641876 8.832198379211266e-07 0.0012883766097667006 1.7249113286798644e-05 5.881968357972695e-06 0.0007915550679018091 0.0033733151137674885 0.005710775413044475 1.312671253629429e-05 0.0015684739384010534 7.42537657066964e-05 9.172985192328291e-05 2.663007545131358e-06 0.0 9.86755919515511e-06 1.5322282015447394e-06 0.0009503331089886468 9.5459718933287e-05 0.0002567364096399951 2.9031923393967575e-05 0.0003067375143452952 3.460000206730221e-07 0.0004390363287412557 0.00015504097582368776 1.5901853210862065e-07 0.0005716390305095181 0.00011797859528021392 0.00023404419525728304 0.0038800320179055276 0.0009528605327961857 2.400838994720013e-06 0.00014954757021556323 7.49244710175869e-06 0.0003980693827451928 6.004309263301524e-06 0.00011615761258505727 6.606686150857052e-05 0.0004017346828113343 7.056915047708791e-05 2.8101974163752372e-05 1.339957724383962e-05 2.1434684335958666e-06 1.9208827188574793e-06 0.0 5.436911051214524e-07 5.990600028196326e-06 9.821963027235867e-06 0.0 8.670903799245798e-07 5.491349123134684e-05 2.8159129782731523e-06 7.839922675854888e-06 1.3770801531698119e-05 3.812662267312229e-07 1.9623971082069942e-06 2.1338348442974784e-07 3.3210726557063525e-06 7.977583326048485e-08 7.189877317128228e-06 3.320879137705759e-07 0.0 4.627687616107588e-07 4.308280435771397e-06 7.0842936336288866e-06 1.5103613714122146e-06 8.888970691620134e-06 7.396944797019263e-05 1.1810917803939972e-07 1.924104076122978e-06 1.9254799961465423e-05 0.00011306996096694595 2.1602984842069953e-06 5.053935486582555e-06 2.5735133446800294e-07 2.006064506190757e-07 0.0 1.0721375837246e-06 8.599276612511621e-07 1.4945582400413044e-05 1.0509565600263867e-06 7.160285961021291e-06 1.3762934786062885e-06 1.4534217632748923e-05 1.5810744884987467e-07 1.0626947855693233e-06 5.880107588823468e-07
2.2028976117744528e-07 1.60264837912247e-05 7.810888892776116e-07 6.207597152693635e-05 0.0006078459737794163 0.0013712980900972731 1.2972164237291307e-05 2.587330480860293e-05 0.0005622139622855978 3.78895589485614e-05 2.5249168513812195e-06 0.0007556030591707242 5.449942031183052e-06 9.86755919515511e-06 0.0 0.0 7.643599208202316e-07 5.238317362718681e-07 1.3514295690145079e-06 0.00011824041472531833 4.6720608755492025e-07 4.990217012424648e-05 4.990695665504389e-07 0.0006486117137255187 4.118567905225407e-06 2.451191338926654e-06 1.4787920926082396e-05 3.789378551721953e-05 8.443593254637764e-06 7.131363012078107e-08 6.035124637116247e-07 5.067124759739099e-05 0.0 1.477896921825005e-05 0.0 0.0002881744121777328 2.050853581178951e-06 1.7343470089194113e-05 1.8527366056766353e-06 0.0006679518615282056 2.0436635932196685e-05 5.863446454056774e-07 6.280334611981879e-08 0.0 4.102273374582521e-07 7.662982898628813e-08 1.2319385579015256e-05 2.5344853302911804e-07 4.4749805182960975e-06 7.311055831017313e-06 0.0 5.272860809335182e-06 1.6529043969996823e-05 1.6958850044628867e-06 1.7769839754562974e-05 1.2678788015331227e-07 0.0 1.7498224552132581e-06 2.981295789541499e-06 0.0 0.0 5.048486165876694e-08 1.1062529887316862e-05 1.2843856537609853e-06 1.1989424934050805e-06 1.0243870312990847e-06 1.0012185316590632e-05 0.0 3.1727577680353137e-07 9.642588070287383e-07 1.9343875036455815e-05 7.947989705263295e-07 0.0 0.0 8.008243585401755e-08 0.0 0.0 3.5790699140959787e-07 4.22852239925561e-05 3.0051113877494444e-07 8.203333244257222e-07 0.0 7.409545778582605e-05 0.0 3.026670619825471e-06 0.0
2.2376156981474412e-07 3.250909813482354e-05 2.6748964766569e-06 9.430647960940435e-07 0.0 4.7652240147469003e-07 1.6289821484447835e-05 7.432639132145409e-07 2.264251631365026e-06 1.96835424301362e-06 2.704415889233194e-06 0.0 5.934108134149763e-06 1.5322282015447394e-06 0.0 0.0 1.391780548352354e-05 9.303638120987499e-07 4.240585256648484e-06 0.0 0.0021696349499199714 0.000924399440955409 0.0026625587545433932 0.001298802898398017 9.184765732157732e-06 8.218953313188381e-06 0.0014265827221433532 0.0006360054361178825 6.535274480077406e-06 5.8024031664534315e-05 6.521749028767084e-07 1.8859036292052516e-07 1.2779992539920643e-06 1.8890658342836972e-05 6.305535688435474e-06 0.00041898952171314023 0.00018911429708638093 0.00016640629705013906 0.00026715073321175527 1.3955347545456443e-05 8.996070497213736e-07 1.0319597207293812e-06 3.64852352877521e-06 1.9504411642477152e-07 5.51170943810161e-06 3.6517997723134304e-05 6.480439733230366e-08 2.3121916239481988e-07 3.7759767550436574e-07 2.0777021723057853e-05 3.4769847567489005e-06 5.629003598613709e-06 2.1401087176437656e-06 6.480579809090585e-08 1.415404208857164e-07 5.042880002870085e-07 3.7538887188191843e-06 2.720236871032697e-07 0.00155078236908377 2.6914730077371584e-06 6.748159721071765e-07 1.6689646283684376e-06 0.0 0.00025606489991681307 0.0003259357032664627 0.001022446458198327 0.00012892518186092923 2.2640711930367614e-07 7.3757852415464784e-06 0.00032126449074933974 0.00013763115916948958 4.5521220721305155e-06 2.6730595580892963e-05 1.382439274976324e-07 0.0 7.258278851885253e-07 2.495154471181495e-06 1.194206642338311e-06 4.3761446029098086e-05 7.414179153136428e-06 1.243878565209764e-05 4.884571673148893e-06 3.670225460467415e-06 4.6377666075339954e-07 5.271375301282345e-08 0.0
0.00037886311037676806 8.864622488728343e-06 0.002577051229852337 2.2017051395770134e-06 1.0028384115693208e-06 0.0001000223189215171 9.708976794214593e-05 0.0006050876966918958 6.286741411631153e-07 1.6976694998175646e-05 0.0005934750063100743 4.59315319265183e-06 1.521634769078395e-06 0.0009503331089886468 7.643599208202316e-07 1.391780548352354e-05 0.0 0.0001766010361711198 0.001963133268556922 1.2285510425795317e-06 0.0006216358015556762 6.993276374839553e-06 0.0027098999380298317 5.1660826943539724e-05 1.3005657843777272e-06 0.0019710294752101625 0.003662616476592476 5.1855571606928197e-05 0.0006356224353218196 0.000811742231037854 1.450917801683319e-06 1.637968111579876e-05 3.267508945482689e-05 0.0013843524211703227 5.764857831936025e-06 0.00032052054269353613 0.001078100157488451 0.0008265979099283306 0.00023958892219326535 6.934234268214405e-06 2.289746312509998e-06 3.359563187642826e-06 1.2245355014045207e-06 7.14131266442343e-08 1.8757310233749524e-05 9.17997521595323e-05 0.0 0.0 0.0 1.5999039158114424e-06 6.649657060733356e-08 3.1090093151546603e-07 0.0 1.967225665317699e-07 0.0 5.070626471017334e-07 3.56257964343695e-07 0.0 8.872995064648855e-06 2.581214180413463e-05 9.774561715215856e-07 1.848883423444814e-05 0.0 8.545301647028328e-06 3.785806795403164e-06 9.206675160994754e-06 7.024475442744081e-06 7.452904518341807e-07 0.00011487697602614276 0.00027821580600921885 7.592960775049693e-06 8.054875336999765e-07 1.4191601937294614e-06 7.410881938037692e-07 4.58660770368004e-08 0.0 3.92266470781619e-06 1.0360609748209907e-06 1.606590425977745e-05 8.958077920028396e-05 1.6718008317688e-05 2.8569991407860374e-06 8.17036098661313e-07 0.0 0.0 0.0
2.465015300072117e-05 3.6505518876699877e-06 5.0047534139715995e-05 1.0302407090617424e-07 6.899545640434759e-06 2.897971257728698e-05 1.6034968210964673e-05 6.66801341204758e-05 2.0588779050464783e-07 1.93170304186483e-05 0.0024601700698953107 1.43222746116728e-05 1.1215160985086122e-05 9.5459718933287e-05 5.238317362718681e-07 9.303638120987499e-07 0.0001766010361711198 0.0 0.0006746260150767051 2.2299464736960154e-06 1.3104741363866801e-05 6.1953988319893e-07 5.204270813884955e-05 4.2298768339886646e-06 2.155750078816726e-06 0.002137146626076899 0.00038092200515135656 6.188767214139603e-06 0.00011848893488118781 2.538912028957135e-05 5.952951232368686e-05 4.354572789959504e-05 4.9489608984303205e-06 0.0005924497686947783 7.4121059877425035e-06 0.00023773351921159243 0.00035462476618774313 0.0006871946114069122 0.00023140323688976823 5.115182106384772e-06 2.4167190430256497e-06 1.4590872636957693e-05 1.5166192924644713e-06 0.0 2.0165007337234183e-06 6.501264000777687e-07 0.0 0.0 0.0 8.990886481609215e-07 0.0 6.893777999114164e-08 3.5073197876854994e-07 1.6643252483287492e-06 0.0 1.0227781882289401e-05 0.0 0.0 1.614425662010401e-07 8.772129299662001e-07 5.42412632034199e-07 1.1390579478031406e-06 0.0 2.6795389675183567e-07 6.290400875703221e-08 3.3479697735196453e-07 1.2728059201431376e-06 1.610048604238382e-06 2.261473557313519e-05 3.4467834570182006e-05 2.6996178821698706e-06 1.7351901806280484e-07 3.202361556763652e-07 7.2630336487454e-06 0.0 0.0 2.1626462445048687e-07 7.022232682457774e-07 1.3943925951796422e-06 9.01731500300738e-06 1.385853343206369e-06 6.437572253733849e-08 4.604823680495154e-07 0.0 0.0 0.0
7.208899603302825e-05 9.048608600786204e-06 0.0001391451584460902 6.721170409166918e-07 5.97621843962776e-06 4.502851895003185e-05 2.772053831013174e-05 0.00017506046388878193 5.818316393895244e-07 4.217084190607641e-05 0.0007424683804064925 2.381295803395605e-05 4.894437464849778e-06 0.0002567364096399951 1.3514295690145079e-06 4.240585256648484e-06 0.001963133268556922 0.0006746260150767051 0.0 4.07725919985602e-06 6.781526737376522e-05 1.5227708447435852e-06 0.00018486496586276387 1.3502408390467757e-05 1.6201764480098466e-06 0.0017858525382007586 0.000940476656920401 1.403267197294817e-05 0.0003611490163563198 0.0001444073222770345 3.545355478371901e-06 5.554491980076081e-05 1.9877843298358298e-05 0.002183129389487187 7.068507311716725e-06 0.0003517689356493747 0.00044378433626666807 0.0011921057580896724 0.00037947131438277875 7.87075146353308e-06 1.9191790906478904e-06 4.548110196392355e-06 1.3417342503465523e-06 5.5025068700466045e-08 2.023852093695463e-05 6.195526080598159e-06 1.2135296877388297e-07 0.0 0.0 9.78318740181638e-07 2.6657065474263405e-07 1.2133949091636808e-07 6.877640833390084e-08 1.556634112846756e-06 0.0 5.125210371862611e-06 1.1782465339236327e-07 6.866393523964062e-08 2.6827663473348003e-06 5.150107057072546e-06 3.410979009822635e-06 2.7083735463698658e-05 1.521409140286698e-07 1.710490693076454e-06 9.334872869128908e-07 1.0941241787176113e-06 4.54358523771016e-06 1.494770601089277e-06 0.0001534548563111011 0.00022934517411957148 5.257630791235902e-06 0.0 9.94655624218503e-07 4.036627818154384e-06 9.707163255161313e-08 0.0 2.4638494113576624e-06 2.662928281392689e-07 4.909646652886493e-06 0.00010059371176294641 9.220819267651878e-06 1.7702358916392766e-06 3.883929060900459e-07 3.3596525979932987e-07 0.0 0.0
5.082790495178307e-07 1.4543901649356987e-07 3.979264086976509e-07 0.0017905502464863586 4.8023110363371415e-06 0.00013756456460977418 0.00010654987234196437 4.571321174925793e-05 0.0003442053287342996 0.0020936485301843114 5.679405196905818e-06 0.0027534185690719693 1.6714469290413927e-06 2.9031923393967575e-05 0.00011824041472531833 0.0 1.2285510425795317e-06 2.2299464736960154e-06 4.07725919985602e-06 0.0 7.436040451339042e-07 3.530599329086245e-07 6.569488126258042e-07 0.00013079221925202337 5.198968524836784e-08 5.251149474073175e-06 4.67613465486295e-06 0.0010421789535152795 5.0393536069544776e-05 6.788548746648647e-07 3.5647086543032665e-07 1.0360429146341299e-05 3.852918647448892e-07 3.320382279741504e-05 3.7146503702160658e-06 0.00012027670005084642 3.2843194981740156e-06 0.00011917673414703221 2.152320262007036e-05 0.00016658338479226935 1.3171796897595226e-05 5.929595252566479e-07 1.3811364912613502e-06 9.378415876904618e-08 2.569119228939043e-07 4.0343960257368266e-07 0.00015545369843127931 3.420461377630811e-07 8.615419004416278e-06 9.228365274763937e-05 2.6054950455684366e-06 4.5214664871869153e-05 0.00017500070143315754 5.35611351742842e-07 7.481993378253357e-05 0.0 3.751834659203759e-06 5.404283643273208e-06 3.769151149903681e-07 0.0 0.0 0.0 9.175591179630293e-05 4.3410256389786137e-07 1.9538643694056986e-06 0.0 0.00011926475788869762 0.0 1.8097528098877597e-07 7.29847674857266e-07 0.00020502983570878632 1.1483450839923313e-06 0.0 0.0 5.552877936067459e-07 0.0 2.1793222472220064e-06 2.4421431280702066e-07 7.448273707816167e-05 9.267684842834931e-08 2.957687240520036e-06 3.4026243877877586e-07 0.0001592556409383196 7.790883535727341e-08 2.5087756078142e-06 0.0
0.00011669020521313182 5.3662452043979755e-06 0.0002909095181830978 5.416721718388728e-06 9.123028004256456e-07 6.510418845627053e-05 0.0010198635585409043 5.941892040201145e-05 3.029072718180389e-06 4.7476758666604546e-05 2.5684358539230254e-05 5.683610380886303e-07 2.2219876761782257e-06 0.0003067375143452952 4.6720608755492025e-07 0.0021696349499199714 0.0006216358015556762 1.3104741363866801e-05 6.781526737376522e-05 7.436040451339042e-07 0.0 0.000104086217408518 0.00895975318140087 0.0002830128210688096 1.3613752359527419e-06 4.03543898792931e-05 0.0013676075022711848 0.002628429104262171 0.00012999700458682815 0.007198997023254789 1.440090552742382e-07 3.901222940370152e-06 2.889160055938784e-05 0.0018840015923957292 6.791075971143172e-05 0.003099294236859689 0.0005064328260521349 0.0026306628168389096 0.001838966625558314 9.503802195685972e-05 1.0071966703787494e-05 4.20894235447011e-06 3.0940404212122675e-05 2.8451429066637046e-06 1.6265678855324204e-06 1.126462734592166e-05 1.7078420043239543e-07 0.0 1.1845247766412957e-07 1.0026635446339633e-05 5.280616183995867e-07 7.579443795840257e-06 1.5898086947834642e-06 2.1072196131543617e-07 9.051281148652864e-08 3.1409260620845354e-07 4.120098038460919e-06 3.6610723135934494e-07 0.0004299173802935534 2.1999473190745996e-06 1.9825294507779842e-07 1.3325739681362556e-06 0.0 0.0004851311748430049 6.168693410834899e-05 0.00021786851723262104 0.00019085682034850342 0.0 2.9976202267360646e-06 3.958096948564582e-05 0.00019101731003977728 1.9187907100606544e-05 8.349178309028059e-05 0.0 3.397818648110325e-07 1.908557294597464e-06 4.9811392352515414e-06 5.398190058935743e-06 7.43748870952321e-05 3.707455007467813e-06 1.0808256638106974e-05 3.810337861286583e-06 1.0867610484625604e-05 4.0392521785030393e-07 1.3145641374805041e-06 1.6296001794940988e-07
1.9850392973332991e-07 0.001189888939166518 2.8778100975714096e-06 2.494834817357433e-06 8.295319284049851e-07 5.24685029350212e-07 6.032658754471783e-06 3.0056587501717573e-07 0.0016329524616416295 1.2248949559710988e-06 2.5564332920775252e-05 6.563525132440816e-06 0.00011751453463165245 3.460000206730221e-07 4.990217012424648e-05 0.000924399440955409 6.993276374839553e-06 6.1953988319893e-07 1.5227708447435852e-06 3.530599329086245e-07 0.000104086217408518 0.0 8.178154442354057e-05 0.003541842387405446 0.00025542723168242657 1.2359332828793498e-05 0.0019069099779751369 7.494638676761376e-05 3.569512154189027e-06 1.816794008486169e-05 8.111948051689973e-06 5.546540107780833e-08 9.229034642193931e-07 5.656222880239828e-06 2.413930968126558e-06 3.7461199317171227e-05 1.853542651238432e-05 1.94601566155941e-05 1.458389323278947e-05 5.1125125225090926e-05 6.831884200395947e-07 1.315586757387277e-05 3.9226539568161565e-07 2.8969821027981847e-07 1.287272177458758e-05 2.6412974364219327e-05 6.384195813914099e-07 1.4612718004197627e-07 1.3364868201958726e-07 3.5978773167905513e-06 4.250543850384376e-07 1.6454050091959333e-05 9.562435027667279e-08 7.921885928771221e-07 0.0 4.029762060304629e-06 9.406236898117568e-07 4.63655292486493e-07 0.0008247043500512445 3.2627653749561396e-06 2.0368775335570624e-07 3.113429060511797e-06 1.23243178740327e-07 0.00012164537355908679 7.739992783287766e-05 0.0001592587264291111 0.00023443702572751733 1.4373540677115046e-06 1.7634624245831904e-05 0.0005260984376949297 8.985355178128698e-05 2.0367035692933013e-06 7.91978753550156e-06 1.4220416146129654e-06 0.0 3.7729228168729177e-07 2.065727902584347e-06 4.119287400970669e-07 1.3047633025823306e-05 1.1231333699503766e-05 7.098606321939308e-06 5.6974278014845615e-06 1.3586267200408752e-06 6.332497582446053e-08 4.921713814945648e-07 0.0
