0.0 7.139449777117243e-08 0.00023295669821214162 7.81087661462725e-08 1.7165331935177278e-07 1.9022157199487766e-06 0.0012911756292701 0.00011762324628694781 7.980399980198532e-07 9.934309232276531e-06 7.732468813675763e-06 5.534658460863688e-07 7.091730417070917e-07 0.0019503020996646076 0.0 6.934191624026573e-07 0.00027740235105880133 1.251752178200579e-05 4.6423736104748044e-05 3.6517231990550636e-07 2.1276602415068043e-05 2.484939263761681e-07 0.0003535318145187207 9.312826443466764e-06 1.4901322850757734e-07 9.914736343764843e-05 9.82100602357479e-05 1.542796243620594e-05 0.000944335116327966 0.002630529329853737 8.272224749608777e-07 2.8031714650330286e-06 9.082539174163013e-06 5.711661857280253e-05 0.0 1.2889034127742756e-05 5.798017647081964e-06 2.3416591746909957e-05 5.007393446070912e-06 8.556021126646806e-07 2.0350866531265487e-07 1.0980310674750972e-07 5.713358753569308e-07 0.0 3.2025151143457407e-07 2.0098066414974075e-06 0.0 0.0 0.0 3.5259448344390076e-07 1.5763387149096852e-07 1.3346236791132838e-06 0.0 0.0 0.0 0.0 0.0 0.0 1.6477636558757335e-06 2.76242124378931e-07 6.522099186665942e-08 3.457530625418581e-07 0.0 5.383618811532367e-07 1.3931668996464718e-06 2.316786450823728e-07 6.9597031996430275e-06 0.0 1.2517430813390469e-06 5.8543986310010105e-06 5.502808677309414e-06 5.799495251035563e-07 3.6720802590368754e-07 0.0 0.0 7.342829106690975e-07 6.047123938323067e-07 0.0 4.851146757895731e-06 0.0 2.4636932581404547e-06 3.35930709232949e-07 8.48120410488e-07 0.0 0.0 3.152331595125576e-07
7.139449777117243e-08 0.0 5.081304195671387e-06 1.0076220850593517e-07 1.2701010758822254e-06 2.2011671760441356e-06 1.4038811037453927e-05 8.315662870112567e-06 0.00038821077869026976 4.988854962523368e-06 5.291467876899149e-05 1.8196674313917538e-06 0.0003756871422490552 1.7797411421702776e-06 1.2374154461439406e-05 0.0002591261833526501 9.183275027560244e-06 1.7775658019352549e-06 9.883985209013956e-07 1.5790182379421372e-07 9.919488310773247e-06 0.0014099648616892784 6.0299816753711635e-06 0.00045784053875207745 0.0015898055237398307 9.921336225749324e-05 0.0008768874269261949 1.617503282387462e-05 1.1278439838407581e-06 2.1308710556970153e-06 7.243555339916017e-06 3.808329082137562e-07 3.903030511540583e-07 9.961939954774197e-05 7.527537450885983e-08 2.235346148432866e-05 0.00016353685537780774 8.0905740198795e-05 1.5921755249561847e-05 1.5083778615983285e-05 5.768025337666953e-07 0.00028696351409821316 0.0 8.000816056488127e-08 4.1032462034385004e-05 0.00020793958982583764 0.0 0.0 2.0514896204869958e-07 7.542846072371187e-07 1.261815673360811e-07 2.9119314270100475e-07 1.740304022902129e-07 8.756074363219193e-07 1.782908008564365e-06 3.2903034073776465e-06 2.0758349129587122e-07 0.0 3.142134677444965e-06 2.7299472494880692e-05 1.565688911215011e-06 1.0212284309429626e-05 1.6972051570130125e-07 0.0 1.6832644135090192e-06 2.3262415487371222e-05 3.181048900048891e-06 5.139460909402426e-06 0.00011438673598752041 0.0007371338252094261 2.1239517698005344e-06 4.044112539750104e-07 5.460826972295587e-07 5.574031384131899e-07 0.0 0.0 7.960847464272857e-06 1.1961345413016531e-06 7.104040858774648e-05 1.9028169069423597e-05 3.426555854088328e-05 1.206736772720402e-05 1.544378344275508e-06 0.0 6.702135109311342e-07 0.0
0.00023295669821214162 5.081304195671387e-06 0.0 2.7180588548419934e-07 1.1735427594586982e-07 1.472435295794693e-05 0.000729495199735866 0.0004688602625090197 2.4230225023334186e-07 2.486985958448504e-05 6.14579281186292e-06 2.1469691779510546e-07 6.702376345536568e-06 0.0006296636595767048 0.0 2.7941394431572746e-06 0.0031312327998129228 4.5793997947803116e-05 0.00025827802991564475 3.545944056410188e-07 0.0008079672500672589 1.2274613890504551e-06 0.005376634566151064 7.417652082276894e-06 3.918591289659917e-07 0.003517904887408717 0.005089161185228252 0.0002506550591809509 3.8595608979865964e-05 0.00044467365121558447 2.1842834567086464e-05 1.9425284420389284e-06 2.675217020847217e-06 6.809917498550219e-05 5.154964715257063e-07 0.00013341346038382924 0.0008015046113632858 0.0002002828125538427 4.75707188945432e-05 1.0311178566988234e-05 3.349408052612687e-07 2.1480509551358436e-06 1.835615612212972e-06 1.794265368645325e-07 0.00010929542844504857 0.0008041289356341507 0.0 0.0 0.0 2.4912729922008277e-06 6.512122255860533e-07 5.944779309943578e-07 5.527062579310111e-07 6.0682547338478e-07 1.6880053974825178e-07 1.4701848165358822e-07 1.0110431999699618e-06 0.0 1.5056957361076172e-05 7.375622912408128e-05 1.0802316272753975e-07 6.596471072386292e-06 0.0 2.147476244153941e-06 2.500479512730002e-05 7.078399997867997e-05 1.2333987657931328e-05 0.0 6.205274620883605e-05 0.0008877854031714834 7.354429181666633e-06 1.208484827928642e-06 1.4342897108032538e-06 6.59424868871713e-07 0.0 1.57087755367111e-07 1.7908486192888604e-05 4.461628614937112e-06 0.00021499204654705953 5.7220465855535975e-05 0.00010627700166879096 3.0476479543275448e-05 6.115008835863208e-06 0.0 8.429306111904963e-07 1.919822098104627e-06
7.81087661462725e-08 1.0076220850593517e-07 2.7180588548419934e-07 0.0 2.536411508656376e-06 1.2225444895102665e-05 4.3228924993137e-05 5.707247851920545e-06 0.0005095280397799633 0.0019845601252543705 6.655579418644025e-07 0.0019321150491230388 3.9499473019894106e-07 5.267442274070564e-06 4.79480438551565e-05 2.0119385610384815e-07 1.4459640367312098e-07 2.578213733640295e-07 9.095075386079164e-08 0.0011029910749358507 5.046056099159464e-08 1.243363417988241e-06 6.762011828760666e-07 0.000600893022377128 0.0 6.030301246285835e-07 3.1667237851154174e-06 0.0021759625539427853 1.9362792874045653e-05 1.3703723661256414e-07 0.0 6.536667734083702e-07 1.7611459864409574e-06 8.481461062840868e-06 6.047423760302319e-07 9.047853790534987e-05 1.020643635435307e-06 2.1513297394123517e-05 6.62030093112556e-06 0.0002710769991430073 1.4207300117224426e-06 2.3137892095624632e-06 3.953242212461148e-07 6.721881217862263e-07 2.89765704783535e-07 5.752111896880117e-07 5.0727383769678434e-05 2.206759003824147e-07 2.5800308683718337e-05 7.49779913426466e-05 2.59005195398709e-05 3.677625080784387e-05 0.0001416397272862317 2.1356984374575726e-06 0.000188840776918244 3.178101429062221e-06 5.985614167618081e-06 3.2967549988202705e-06 3.644072128338203e-07 0.0 1.9443310531919978e-07 2.0800663430854e-07 5.0579455249600406e-05 8.213730542619339e-08 9.746641083251904e-08 2.50949796302948e-07 0.00011317024075914776 0.0 6.244696445925551e-07 1.3644158419180952e-06 0.0001666224892599657 5.027330324728013e-06 2.841883984074788e-07 0.0 8.570841395795914e-07 6.574511234731605e-07 6.357263933936718e-06 1.697587349579545e-07 7.09313330907526e-06 0.0 1.844560596124769e-05 2.6674620692513827e-06 1.939027366772267e-05 3.8258282219649465e-07 0.0 0.0
1.7165331935177278e-07 1.2701010758822254e-06 1.1735427594586982e-07 2.536411508656376e-06 0.0 0.0002319649166172761 1.7445769818956558e-06 6.362495997086764e-05 6.487779629342887e-05 6.37360998556983e-06 2.119735996174069e-06 9.049865203298566e-05 8.157890938732832e-07 5.493612349161884e-06 0.0009553012749703935 0.0 4.5863303690134526e-08 1.1191118883209255e-06 2.690711167511022e-07 1.0158958374049892e-05 6.389587787619659e-08 3.346871934424213e-06 4.3294290759791407e-07 1.698579790339164e-05 1.8578985174007118e-07 6.613898683752802e-07 1.6241340698684748e-06 5.148562133009162e-06 1.2282919502958334e-05 2.0390406587673574e-07 1.2856951849509207e-07 9.685937691892796e-05 0.0 2.1310209988694474e-05 8.431834027826933e-07 7.827963002574185e-05 1.0050524184701241e-06 1.9625447326396705e-05 3.5249291072447247e-05 0.0014287049972673575 2.1435630584884345e-05 2.1180383662040167e-06 2.9920023875369306e-06 0.0 0.0 0.0 1.9581012495692666e-07 0.0 0.0 1.634275228663156e-06 0.0 9.273020644061578e-08 0.0 0.0 1.918298250938012e-07 0.0 2.803033726972325e-07 0.0 6.658569940657275e-08 0.0 0.0 0.0 0.0 4.8541543759374204e-08 0.0 0.0 2.4097541359295182e-06 0.0 0.0 1.7773312110245659e-07 8.378903140740017e-07 4.9908247503065866e-08 0.0 0.0 0.0 2.051825061004254e-07 0.0 0.0 6.66790434608968e-07 0.0 4.85443910679007e-07 0.0 0.0 0.0 0.0 0.0
1.9022157199487766e-06 2.2011671760441356e-06 1.472435295794693e-05 1.2225444895102665e-05 0.0002319649166172761 0.0 0.0008393977998282174 0.002184945941949268 3.972658648175534e-05 0.0021880594492640344 3.910020169056534e-05 0.00210713905579441 1.5001162147716822e-05 0.00019906315526910075 0.000933973648847417 1.6596911039220028e-06 4.303944725276962e-06 1.4713403475790924e-05 3.2549644901173512e-06 0.00014310213454492502 2.8871057800644343e-06 8.35779310747419e-06 1.8792270588722756e-05 7.490230271481439e-05 5.925598618502062e-07 2.3674875404537207e-05 5.197147000914068e-05 0.0003438379891733456 0.00021002682818552527 1.7436043696586655e-06 1.7267492469208329e-06 0.00031288088811281677 4.827112216510228e-06 0.00022607283850921214 4.234328731997544e-06 0.00033992921407442213 1.5802608578329304e-05 0.000206078959701447 9.056713775307082e-05 0.0017985732143311504 0.00010661076714058055 3.8660123346038294e-06 5.127203143993694e-06 1.062718005185308e-06 1.7562207863462345e-06 2.588433944714014e-06 8.926041460100939e-07 0.0 7.391679718462789e-06 7.080394045833215e-05 1.6103617876974545e-05 1.3963586368260645e-05 1.6463420956693892e-05 2.2075781345196555e-06 1.4876351293928105e-05 1.977203597623281e-06 6.211405246678329e-06 1.589209149615302e-06 2.9760648574848913e-06 1.440026004590037e-07 4.4252588606551115e-07 0.0 3.6476871794472592e-06 2.6291895152619755e-07 3.384077423990013e-06 2.2366211163927284e-06 6.48522133850578e-05 0.0 5.882185709312658e-07 1.0952719328786267e-05 6.14622188520995e-05 8.013197847472786e-06 2.457802330319811e-06 5.201252375338633e-07 2.1537086924327626e-07 8.057458360442959e-07 6.009869552637271e-06 4.2555665353522656e-07 1.4024589520712616e-05 1.2913468118637253e-06 1.7746849654484332e-05 3.6244119087380816e-06 9.50657058014466e-06 1.2569761186713314e-06 0.0 1.1128692546189042e-07
0.0012911756292701 1.4038811037453927e-05 0.000729495199735866 4.3228924993137e-05 1.7445769818956558e-06 0.0008393977998282174 0.0 0.002102339782209588 0.00010010705077705774 0.003445714277841904 2.1713622336210177e-05 6.447855218901436e-06 1.2779912457120324e-05 0.004276452499606188 1.6358696170613278e-06 3.384195269162476e-05 0.00013037994405096774 1.1696243223420753e-05 2.2964671451874938e-05 7.957681467684336e-06 0.00032136001444790134 4.9573967732640084e-05 0.0012059861226348717 0.000901849099059199 2.5400684409035257e-06 0.00020256544069189957 0.0006276437310121631 0.012714050967275669 0.0010060235407214789 0.0020861323333021967 4.559985063015033e-06 2.1031523780254208e-05 0.0001885623818424254 0.0004922458563425525 1.65801743926986e-05 0.001630484682403583 5.284888740212369e-05 0.0007573748322314019 0.00028203526670491855 6.232125658368265e-05 3.385428492108816e-05 1.1236188719817162e-05 1.2386694565735479e-05 1.5022967942805435e-06 2.1407188477744656e-05 5.5058968002054395e-05 3.992391673980911e-06 0.0 1.4823841327500635e-05 0.00016017246385442724 3.073367228641042e-05 7.079415780294931e-05 4.95998828762949e-05 2.339113629114874e-06 7.987746279742457e-06 9.878559196618384e-06 1.33375860528768e-05 0.0 2.563478925062746e-05 3.969554528685308e-06 3.5831527729546443e-07 8.991354899252384e-07 1.0951712089589623e-05 5.10793136651311e-06 2.753420347905803e-05 2.341663219286886e-05 0.0002319863531451089 7.295533776858999e-08 3.6242507685585737e-06 0.0001311877053743798 0.0002392674481190977 2.8735033330842808e-05 1.2626571932865396e-05 0.0 9.013641405435173e-07 5.05523739706678e-06 2.557301006199685e-05 3.2258501102542378e-06 0.00011704680575321142 3.7632288110328338e-06 7.597540428055903e-05 1.9793098131051152e-05 2.2885962941742517e-05 4.390595795368153e-06 7.46986412290125e-08 0.0
0.00011762324628694781 8.315662870112567e-06 0.0004688602625090197 5.707247851920545e-06 6.362495997086764e-05 0.002184945941949268 0.002102339782209588 0.0 0.0002895102977251367 0.0007973461102149089 6.653533569843114e-05 0.0005579809813735846 1.4874964432440373e-05 0.0022815883955003904 4.117596822375933e-05 5.8126158244263945e-06 0.00028029381345140984 3.845084346859433e-05 8.535495368310002e-05 8.485189031238945e-05 3.2187474706487534e-05 2.1176355244533024e-05 0.0004296505873158288 0.0003552683119419316 3.3909882423292897e-06 0.0002915644204036427 0.0003762664579294453 0.0003788656583883651 0.0004144053016580942 0.00018082055309017484 5.578473829089358e-06 0.00014817860160396638 2.0833196964216172e-05 0.00024131775500841666 2.1538422728228523e-06 0.0003008146313665195 3.305174658005603e-05 0.00021408258477327151 0.00011200893657718696 0.000356366162159433 4.8732788922910405e-05 1.4735684045550716e-05 6.675618525549521e-06 7.787578742020392e-06 1.0730074840952321e-05 3.308766053882434e-05 7.786132198823626e-06 0.0 2.4503890757526844e-05 0.0005865970452169384 0.00010720094281318084 0.0001151756514424463 6.520780725383364e-05 1.129343723041351e-05 1.770037392069384e-05 6.625241561571055e-06 4.791827408984506e-05 3.771103578345645e-07 5.773182932413306e-06 2.7218935101118034e-06 1.931137124748597e-06 1.372302729971495e-06 1.2090985462110414e-05 5.7609444636410974e-06 1.2383131946506054e-05 1.4794869395695375e-05 0.0005472889677021237 2.158853592366852e-07 4.316415097260654e-06 7.046259645326101e-05 0.0005116477517825507 8.375654886204036e-05 3.661156145195158e-05 3.874847158510259e-07 2.5617285348614595e-06 1.256713320835881e-05 5.004187206623086e-05 2.715080127392241e-06 0.00013742073345689455 3.1764963638007037e-06 0.0001805738667632866 3.455154847188493e-05 6.355921029378069e-05 1.6604881698247675e-05 0.0 1.0090859591320605e-06
7.980399980198532e-07 0.00038821077869026976 2.4230225023334186e-07 0.0005095280397799633 6.487779629342887e-05 3.972658648175534e-05 0.00010010705077705774 0.0002895102977251367 0.0 0.000139399107147411 6.815042634762191e-06 0.00015505677183039375 3.87423557907975e-05 2.324222208565604e-05 0.0004332711916463444 5.315640405544651e-06 1.2107835239893035e-06 8.46534528788283e-07 4.4184044883481627e-07 0.00028578562307199487 3.891469429948539e-06 0.0017812006771570248 2.908678228064319e-06 0.0052013192743724495 0.0001123864130013928 4.906389692558773e-06 0.00016264552451842332 0.0008340608227398214 1.744054100887933e-05 4.371243570005497e-05 1.1486367381295833e-06 2.948915272721036e-06 3.4778738120015853e-06 1.7350425481466084e-05 1.6384066485456478e-07 0.00011681845239221115 1.9275009299708946e-05 2.985115914620596e-05 8.412275662458809e-06 0.0003148875016763293 2.7073493259479997e-06 7.385105854102461e-06 1.4450657015406892e-06 3.6919824759420963e-06 1.6383404824360978e-06 1.1782117148331195e-06 2.7031569422630598e-05 0.0 4.242031489170666e-05 0.00017487273504054635 6.787730795162991e-05 4.53677528736041e-05 0.00011221415047891932 5.173432322697907e-06 4.7750135715679534e-05 1.145616103447571e-06 2.7859360080682596e-05 3.6872325590654156e-06 1.5484899578154124e-05 1.2235154378092057e-06 1.5733351632090257e-06 4.5217657454754087e-07 4.734211007599673e-05 2.259198598632147e-06 9.958181080879587e-06 3.041367280548817e-06 0.001006063520982136 8.290471313360651e-07 2.465914624137103e-06 4.824103993953669e-06 0.0004829860036197478 5.491997362463157e-05 1.9626229264206132e-05 3.485405458413974e-07 1.262763161263973e-06 8.579198457249036e-06 2.0466836215916166e-05 1.6388622961923882e-06 6.786617481872631e-05 1.0529221852952471e-06 7.460791708559628e-05 1.512778999489368e-05 4.2619460686224235e-05 6.255327270462735e-06 0.0 1.657361581952015e-06
9.934309232276531e-06 4.988854962523368e-06 2.486985958448504e-05 0.0019845601252543705 6.37360998556983e-06 0.0021880594492640344 0.003445714277841904 0.0007973461102149089 0.000139399107147411 0.0 4.6955108863315755e-05 0.0021456630736482584 2.131085387966222e-05 0.0010792857846703538 1.7409508064082896e-05 3.489672154807411e-06 5.061649942937461e-06 2.121673183644603e-05 6.5753198146855805e-06 0.00159759473856003 5.268533501692848e-06 2.036981653287429e-05 4.0118121016679504e-05 0.00038692872601184063 2.037008853847148e-06 3.5414435623687395e-05 0.00011618366632735105 0.006564240162677553 0.0006828436259169529 3.1056863884182394e-06 2.9820557172672304e-06 4.050117923110913e-05 1.8213516846219773e-05 0.0003488734786570149 7.947512135887315e-06 0.0012983163697038603 4.330965028229844e-05 0.0007304717689662798 0.00020046347663267312 8.741625328391171e-05 4.112601951290125e-05 5.7997284980966485e-06 1.4126271078911593e-05 1.6991884267825332e-06 5.813690543139e-06 1.2692235468757919e-05 1.9831948349012364e-05 0.0 4.5580427010711764e-05 0.00030235719916701513 9.003134839146908e-05 3.9385552401455134e-05 0.00015864523907622692 6.7766755590017235e-06 4.0181684741903485e-05 3.786532650505889e-06 2.5120802561512338e-05 1.4584691878905347e-06 8.33723955841459e-06 9.728940931357778e-07 1.5445455556978795e-06 2.719725097878128e-07 4.7323721681748955e-05 8.546659017907064e-07 8.120078790226622e-06 6.032503881019576e-06 0.00024416863499136966 2.0729285446341533e-07 1.3744427952417121e-06 2.443658115808737e-05 0.00029629730534351013 2.537262355507209e-05 8.374878667801124e-06 1.4930571367686497e-07 8.099609573165859e-07 2.0181078266408503e-06 2.2343237302592523e-05 9.740101884992478e-07 6.314812460417659e-05 1.3344190312592698e-06 7.348008413089013e-05 1.3619626466434361e-05 3.616523691621774e-05 5.3293361291691966e-06 1.8230182877576177e-06 0.0
7.732468813675763e-06 5.291467876899149e-05 6.14579281186292e-06 6.655579418644025e-07 2.119735996174069e-06 3.910020169056534e-05 2.1713622336210177e-05 6.653533569843114e-05 6.815042634762191e-06 4.6955108863315755e-05 0.0 6.154722049684525e-05 0.0014989274775918605 7.712839885330945e-05 1.3677317277511016e-06 2.4518917057520823e-06 0.00023616897073141447 0.0012257138792016082 0.0004282277395754431 1.2100243737810489e-05 1.3092570031016765e-05 1.4795130685287968e-05 2.8900461477839338e-05 2.2682239364870153e-05 0.00030790573807646087 0.0008113591076411117 0.00071735900078006 1.748813298590024e-05 0.0002868643614214204 3.788025626968191e-05 9.92687136786557e-05 0.0001344375243991894 1.3705625665091727e-05 0.004066552008387462 3.84636777150393e-06 0.0002539695742656179 0.001827050075339479 0.001772398058662854 0.00025771582609850194 2.65725659833772e-05 1.0640565794169336e-06 8.901839524633892e-05 1.6352385296315424e-06 0.0 1.4165152114084076e-05 1.0507963630912041e-07 3.6243277593984156e-07 0.0 0.0 6.996363125411504e-06 7.590131703871081e-07 2.617789252021379e-06 1.2678024146137864e-07 0.0001464133976135819 5.993399353655454e-07 0.0005863016824959841 9.289428221391532e-07 0.0 7.498399834167122e-08 3.6719931045189726e-07 6.049775602352986e-05 2.2268211223057478e-05 0.0 7.770990549564265e-07 4.901123572171714e-07 1.6879655603875078e-07 1.0769986139074831e-05 0.0002292491286725559 0.00014049865782609955 0.00012687796172061714 8.587374481720289e-06 1.8493945066459196e-06 5.041299567411439e-07 8.759859109045521e-05 6.936654608962901e-08 3.2565148620047597e-07 6.949671340616007e-06 6.123387011846496e-07 6.825479479610653e-06 0.0002174057728023308 3.0493561720058716e-05 1.970258643764492e-06 7.470959121130667e-07 0.0 0.00021602687969908928 1.9721091203179622e-07
5.534658460863688e-07 1.8196674313917538e-06 2.1469691779510546e-07 0.0019321150491230388 9.049865203298566e-05 0.00210713905579441 6.447855218901436e-06 0.0005579809813735846 0.00015505677183039375 0.0021456630736482584 6.154722049684525e-05 0.0 2.3894006673748958e-05 0.00021018123860976998 0.000643778352947691 0.0 7.128081331364314e-07 2.5725394639489465e-05 7.379221506360934e-06 0.0019695834917410914 2.0567769510828276e-07 6.993836540292058e-06 9.181018525767679e-07 0.00016754695709772112 1.5348514769650954e-06 2.214132241681414e-05 2.0155285513095147e-05 0.0012730898247446392 0.00034999078872570584 4.1174823355227677e-07 2.8715073872033165e-06 7.399419520655048e-05 1.1347676926985517e-06 0.0002503772579039974 1.1987597797686131e-06 0.000493765165437786 2.4123676763813954e-05 0.0003912215511644828 6.727188565293631e-05 0.0012471166066944897 2.619612708934688e-05 4.9407672876583485e-06 7.079564707534463e-06 1.4399743207431928e-06 2.636498100036478e-07 0.0 0.0001669749115306052 0.0 1.5071924001106245e-05 8.35699294984754e-05 2.9347373371528033e-05 1.3319014251426974e-05 6.527463011007737e-05 2.610038001448236e-06 0.00029133281276513785 1.85038684607319e-06 1.0128387670026396e-05 1.1495086973360633e-05 0.0 0.0 2.617027763340855e-07 0.0 2.53555905223034e-05 7.628040874839358e-08 1.8905107464216352e-07 5.88856455891564e-07 7.536909889436652e-05 1.622028035741102e-07 6.616817403316426e-07 2.831697604088632e-07 0.0001429697509942501 7.804282531636494e-06 2.9688322458777165e-06 1.218189096433654e-07 3.858108794122832e-07 1.618500382695508e-06 1.0540798417083626e-05 1.638627753121006e-07 1.9039738118434644e-05 8.475545019384453e-07 2.3413867681134375e-05 4.9124408429140505e-06 2.0574451139749445e-05 1.3407541557363532e-06 6.20400172262609e-08 0.0
7.091730417070917e-07 0.0003756871422490552 6.702376345536568e-06 3.9499473019894106e-07 8.157890938732832e-07 1.5001162147716822e-05 1.2779912457120324e-05 1.4874964432440373e-05 3.87423557907975e-05 2.131085387966222e-05 0.0014989274775918605 2.3894006673748958e-05 0.0 1.3814464105276108e-05 1.0519859352800227e-06 8.915532960669797e-06 4.969445773159169e-06 2.3415293492515422e-05 1.6406326767001394e-06 4.947798595813918e-06 1.5261501725623653e-06 0.00011237406018798068 8.49712704394364e-06 4.8200278032455165e-05 0.0023847013267389986 0.00014465259282577105 0.001710357002845255 9.505787542031192e-06 2.5658120184543958e-05 2.304100588859618e-06 6.530600378380888e-05 1.980683472683933e-05 2.2616727431739087e-07 0.0010495182132390563 1.3270754803009378e-06 0.00018054723296887553 0.001368051016096388 0.0011891662107136843 0.00021111056413331193 1.4127231335560492e-05 2.566885425065302e-06 0.00025256597721427684 2.9392811496860472e-06 2.307748736070532e-07 5.507513630891971e-05 2.839193449303846e-06 1.121754361985213e-07 0.0 4.874888366162079e-08 2.888120651804941e-06 4.4779468980274687e-07 9.077563547090495e-07 0.0 0.00040680019585126123 7.411414102034656e-07 0.0015759838576922917 5.513985400519061e-07 0.0 4.0638175934782227e-07 1.779184427465575e-06 7.565713469069539e-05 2.3477818395902593e-05 0.0 7.97405561838632e-08 7.09063968088878e-07 2.0771650196331344e-07 6.193966384376795e-06 0.0009252358651340448 0.0002446064765178041 0.0002949684190671857 5.7545934173730935e-06 1.451812391918333e-06 0.0 0.0002459095583854205 5.0150092592190775e-08 6.369772312074698e-08 2.0839004999566196e-05 3.677529851861398e-07 1.8828988408749832e-05 0.0004443013804341845 4.1714901701990534e-05 5.443146578034937e-06 2.5658866751709967e-07 0.0 0.00028383449394466133 0.0
0.0019503020996646076 1.7797411421702776e-06 0.0006296636595767048 5.267442274070564e-06 5.493612349161884e-06 0.00019906315526910075 0.004276452499606188 0.0022815883955003904 2.324222208565604e-05 0.0010792857846703538 7.712839885330945e-05 0.00021018123860976998 1.3814464105276108e-05 0.0 2.6903504678400726e-06 3.123067326017975e-06 0.0006471680714304561 6.418343009542196e-05 0.0001520329625755093 4.460264218787592e-05 5.6015323855667806e-05 3.926006751793575e-06 0.000780689184139758 7.635404766200898e-05 9.992036022860503e-07 0.000341522962382676 0.00040857171988369426 0.00018655935486563472 0.001889091639349679 0.0013469172889963663 5.743124774367777e-06 0.00010056466464972807 1.2880494202716062e-05 0.00031102004731716864 7.573717863941031e-07 0.00014983267430754825 3.157961923979245e-05 0.00022511394947300403 4.7666899941499706e-05 5.5035750682141175e-05 2.4898488473672377e-05 1.4723433999666396e-06 4.167334619735595e-06 3.463916129034157e-07 3.6399428655735205e-06 1.2319565098680083e-05 1.0397994808807739e-06 0.0 1.283380893276427e-06 4.115440048140757e-05 4.6355525747709536e-06 1.663135119073605e-05 4.100462358535652e-06 1.2206280442931101e-06 1.4282437966774944e-06 1.2310268481950572e-06 4.294049103896041e-06 0.0 5.472521055857019e-06 9.79579640531026e-07 1.7741441129529695e-07 5.422676995655835e-07 1.2991786064324554e-07 2.106955173187084e-06 4.375607962525418e-06 3.035539648479349e-06 7.251881277551407e-05 1.6844167536705035e-07 3.4072781567110498e-06 2.9691618295591833e-05 6.057699077037988e-05 8.42521688194154e-06 4.054656914311894e-06 7.019056074340061e-08 2.622517889104841e-07 3.137360479945856e-06 7.305386451590009e-06 1.0591646319890711e-06 2.5340915328024958e-05 1.729160421888506e-06 2.1567779796892157e-05 5.850302955778332e-06 3.917847101412139e-06 9.61484775219219e-07 0.0 2.93302995274821e-07
0.0 1.2374154461439406e-05 0.0 4.79480438551565e-05 0.0009553012749703935 0.000933973648847417 1.6358696170613278e-06 4.117596822375933e-05 0.0004332711916463444 1.7409508064082896e-05 1.3677317277511016e-06 0.000643778352947691 1.0519859352800227e-06 2.6903504678400726e-06 0.0 0.0 7.25184735730877e-08 1.7663640065801116e-07 1.4560973585777243e-07 0.00011117055076967315 0.0 4.566506955622877e-05 0.0 0.00019606087778575876 2.9248772042739555e-06 3.7507606092140334e-07 7.367854852407483e-06 2.594715692702618e-05 3.808941286088468e-06 0.0 1.6118737950706793e-07 0.00034846495545810406 5.46736643149668e-08 5.866211956207743e-06 0.0 2.2181951726385867e-06 4.563447132720808e-07 5.379365201363699e-06 5.565793368617824e-07 0.0004463391489327244 1.95728753515303e-05 1.374498897700841e-07 5.219851427796897e-07 0.0 0.0 0.0 8.711445161413925e-07 0.0 8.132809051415946e-08 1.2150379561242337e-06 5.448846444364538e-07 9.54273143322342e-07 0.0 0.0 3.7395239824949246e-06 0.0 7.673118548395435e-08 0.0 0.0 0.0 0.0 0.0 1.166079175331997e-07 0.0 8.205615256670893e-08 0.0 1.6709709556288084e-06 0.0 0.0 0.0 1.0755948938482386e-06 5.8180011473175046e-08 0.0 0.0 0.0 7.451728676810668e-08 5.785232657726309e-07 0.0 1.0792863225842114e-07 0.0 4.805916263850406e-08 0.0 0.0 0.0 0.0 0.0
6.934191624026573e-07 0.0002591261833526501 2.7941394431572746e-06 2.0119385610384815e-07 0.0 1.6596911039220028e-06 3.384195269162476e-05 5.8126158244263945e-06 5.315640405544651e-06 3.489672154807411e-06 2.4518917057520823e-06 0.0 8.915532960669797e-06 3.123067326017975e-06 0.0 0.0 1.3354055577759298e-05 3.6896714677836216e-07 6.372375118256058e-07 5.540781065746369e-07 0.0019439454544407672 0.0011939510480311198 0.0017138627257179127 0.0014325111038571005 2.8801174050767933e-05 2.5203917167427535e-06 0.002049923854402282 0.0008864298774252667 1.7201831381818478e-05 0.0001184403175220675 4.811619318017413e-07 4.1493684073653354e-07 5.523129261994735e-06 0.00012293678000166187 1.0601476549289043e-05 0.0015926792583120302 0.0005060174718163034 0.0006130001759982365 0.000348256308559917 0.00021737025460509586 1.1689877007743647e-06 9.047229469322719e-07 3.2871783242685266e-05 0.0 2.1507191767845516e-05 2.1758157751230092e-05 9.398751038900567e-08 0.0 1.4340623566748895e-07 5.071433168042899e-06 7.996509083747867e-07 7.744738517165913e-06 6.748214103037174e-07 1.6508889238185368e-07 0.0 1.66829299389735e-07 6.905573846605364e-07 0.0 0.002212281703828396 4.504035076452935e-06 2.3193016675844053e-07 2.553377479415781e-07 0.0 0.0003122028749727268 0.0014458399400269337 0.0009700130206011211 9.273266051004502e-05 0.0 3.1200213886919923e-06 0.000311643020674384 0.00013040779930898884 5.682633815622517e-06 5.2779952697102405e-05 1.2466635298972737e-07 0.0 4.153862727526863e-06 1.757742383760748e-05 5.671181624989517e-06 0.0002889522803909178 1.593802325789038e-05 8.064126569568923e-05 7.568157331765357e-05 2.4370114361101927e-05 5.266881292969551e-07 3.5043363416963894e-07 1.5050377429822002e-06
0.00027740235105880133 9.183275027560244e-06 0.0031312327998129228 1.4459640367312098e-07 4.5863303690134526e-08 4.303944725276962e-06 0.00013037994405096774 0.00028029381345140984 1.2107835239893035e-06 5.061649942937461e-06 0.00023616897073141447 7.128081331364314e-07 4.969445773159169e-06 0.0006471680714304561 7.25184735730877e-08 1.3354055577759298e-05 0.0 0.00039173970819293057 0.003002354531323703 5.965204345230521e-07 0.0005648546608895437 4.260427435070382e-06 0.0015117424074861034 1.4260298270724933e-05 3.9326852972540014e-06 0.0023398422684269356 0.005234158274082256 4.987104838047682e-05 0.00042156725382713615 0.0009239454301698013 4.432949185697251e-06 4.837721539453772e-06 3.245921209913229e-05 0.0006569092320166915 6.41932896242208e-07 5.141103709873798e-05 4.172306879790763e-05 0.00013423164630522736 1.6863826242843466e-05 2.933594778389833e-06 2.582454775118508e-07 7.823613699441253e-07 9.63560805403528e-07 0.0 3.635548120318502e-05 5.090738493054431e-05 0.0 0.0 0.0 6.470349843462456e-07 5.507709318443927e-08 6.981788124036433e-07 1.154752915149117e-07 5.657732904401114e-07 0.0 2.6688713064873443e-07 0.0 0.0 2.000575025337989e-06 1.4740418832159543e-05 7.533983232027413e-07 1.6371383724349214e-05 5.358061879904576e-08 6.291816379464757e-07 1.6733072838273644e-06 4.5305244092063135e-06 4.467989281254697e-06 2.0302805859514328e-07 8.780745864526774e-05 0.0001432431807458432 3.7446950853217465e-06 9.663954669570698e-07 1.7185991904948106e-06 5.107119146422839e-07 0.0 9.524241367402816e-08 3.1342327895945466e-06 0.0 1.6045067232650833e-05 4.366101635673492e-06 1.2392059108971572e-05 3.477317967102451e-06 5.647984688969784e-07 0.0 0.0 0.0
1.251752178200579e-05 1.7775658019352549e-06 4.5793997947803116e-05 2.578213733640295e-07 1.1191118883209255e-06 1.4713403475790924e-05 1.1696243223420753e-05 3.845084346859433e-05 8.46534528788283e-07 2.121673183644603e-05 0.0012257138792016082 2.5725394639489465e-05 2.3415293492515422e-05 6.418343009542196e-05 1.7663640065801116e-07 3.6896714677836216e-07 0.00039173970819293057 0.0 0.0004716464337720952 4.654606726898451e-06 8.60934026449603e-06 5.921617605398372e-08 2.4585778954987426e-05 4.9366151924975085e-06 1.6772124620628136e-05 0.0004030032986367496 0.00033238690893413363 7.751892594028362e-06 0.00018931576681411268 2.930710660561506e-05 0.00011249357962743642 6.920312819377068e-05 6.909247344299558e-06 0.0010228371400287572 4.7137864711462235e-06 0.00033520712657469746 0.0005244289035690874 0.0011117175736700124 0.0002059687703531881 7.774331298789428e-06 5.129616493475287e-07 3.3171809213088925e-06 1.4771298095359218e-06 0.0 1.0106106704505074e-05 6.589205903956709e-07 0.0 0.0 2.06987978913813e-07 2.395893810299304e-06 1.9577653741492249e-07 5.848946698399513e-07 6.322145238399125e-08 3.372708248905121e-05 5.517112786438422e-08 6.603613249003864e-05 4.251738042654905e-07 0.0 8.38661135768269e-08 2.0093364333054603e-06 5.0678026109099845e-05 4.245983743457963e-05 0.0 1.2487361895850068e-07 3.198468691863344e-07 0.0 6.163214073648785e-06 1.83241386792032e-05 0.0003016187138081409 0.0002308748986944816 2.6298259911372534e-06 4.694361090351377e-07 7.813551266748525e-08 5.254888542530662e-05 0.0 1.1024822974687918e-07 1.5979238185805824e-06 1.4304821499768838e-07 5.539698984129631e-06 8.407137725318294e-07 4.947621559937657e-06 8.911388019659753e-07 2.0501745179586192e-07 0.0 0.0 0.0
4.6423736104748044e-05 9.883985209013956e-07 0.00025827802991564475 9.095075386079164e-08 2.690711167511022e-07 3.2549644901173512e-06 2.2964671451874938e-05 8.535495368310002e-05 4.4184044883481627e-07 6.5753198146855805e-06 0.0004282277395754431 7.379221506360934e-06 1.6406326767001394e-06 0.0001520329625755093 1.4560973585777243e-07 6.372375118256058e-07 0.003002354531323703 0.0004716464337720952 0.0 1.7155938556927368e-06 4.8460139539127716e-05 9.549757983542535e-08 0.00022906685992422546 2.8539227628847197e-06 1.0011134839503911e-05 0.0022008967063452665 0.0005120534711110251 4.707455217303917e-06 0.00022721103700645533 0.00010820271813914629 7.161008121219843e-06 2.5145642416731906e-05 1.8230328061172537e-05 0.0013594553520936165 1.6921670431084933e-06 0.00015989031530229243 6.633896741924134e-05 0.0006012376924795494 6.78736072681627e-05 2.2144447406419163e-06 1.2283915678228158e-07 1.214454629718182e-07 1.288906942010367e-07 0.0 1.7752109947174085e-05 3.300110830473983e-06 0.0 0.0 0.0 0.0 2.412098875147916e-07 5.237801300869565e-07 1.1706693132748836e-07 1.824986775181512e-06 0.0 3.2136752068729313e-06 1.4799516023160869e-07 0.0 5.859704149231264e-07 6.941308660218918e-06 8.20449499928778e-06 3.95281850885879e-05 0.0 1.2794103178395504e-07 6.589240000334971e-07 1.1044167450517868e-06 1.97481548555024e-06 3.149181411602281e-06 0.00024121387944830416 0.0001804284810980412 8.404488601990436e-07 6.042974226429487e-07 2.27626642797258e-07 4.326614206851296e-06 0.0 1.263114597505625e-07 9.887056231532517e-07 0.0 4.435469316859387e-06 1.5986379767911298e-06 7.964695466709108e-06 4.702439974936806e-07 1.6604372579303646e-07 0.0 0.0 0.0
3.6517231990550636e-07 1.5790182379421372e-07 3.545944056410188e-07 0.0011029910749358507 1.0158958374049892e-05 0.00014310213454492502 7.957681467684336e-06 8.485189031238945e-05 0.00028578562307199487 0.00159759473856003 1.2100243737810489e-05 0.0019695834917410914 4.947798595813918e-06 4.460264218787592e-05 0.00011117055076967315 5.540781065746369e-07 5.965204345230521e-07 4.654606726898451e-06 1.7155938556927368e-06 0.0 1.309798584494206e-07 2.185535747967549e-07 6.22947441358463e-08 0.00027510405777900416 2.4908126258588806e-07 4.637296226153604e-06 3.8811729586716545e-06 0.0014865069251398522 9.704632384692084e-05 2.3334927193856998e-07 7.974980439156379e-07 1.1958435717685674e-05 1.354157911725924e-06 5.377348295343062e-05 3.99492486092462e-07 0.00021787274536975399 8.455445356615321e-06 0.00011046796670954718 2.4033124663590067e-05 0.0004620458169174974 6.982964583906313e-06 1.8276706733359707e-06 2.4954004588170133e-06 3.8626434384704877e-07 0.0 2.875802139175347e-07 1.845646071722833e-05 0.0 1.7583848769509457e-05 0.00013771579890005034 3.4486445851858005e-05 2.4336950105628313e-05 9.021215277428664e-05 1.1151456575628602e-06 0.00015671484245175058 4.388262028746994e-07 8.2259158271301e-06 2.204356505167013e-06 0.0 0.0 4.5649016650817175e-07 0.0 4.3862572739101406e-05 1.8111688221295379e-07 0.0 3.5019699486683785e-07 0.00012118162147406353 1.342775653460583e-07 2.558807893027532e-07 5.076718485038841e-08 0.00015726484873752018 1.3064494973128676e-05 1.5976167859131722e-06 1.4061363791121051e-07 2.3202015684249483e-07 6.456378678508724e-07 9.587013495626544e-06 4.304750647974921e-07 1.3094905776445595e-05 3.7837733402086935e-07 2.280109185046352e-05 4.068286898031618e-06 2.2297482198366008e-05 2.9583523152104524e-06 1.0164472715200888e-06 0.0
2.1276602415068043e-05 9.919488310773247e-06 0.0008079672500672589 5.046056099159464e-08 6.389587787619659e-08 2.8871057800644343e-06 0.00032136001444790134 3.2187474706487534e-05 3.891469429948539e-06 5.268533501692848e-06 1.3092570031016765e-05 2.0567769510828276e-07 1.5261501725623653e-06 5.6015323855667806e-05 0.0 0.0019439454544407672 0.0005648546608895437 8.60934026449603e-06 4.8460139539127716e-05 1.309798584494206e-07 0.0 0.00021017962439415393 0.012802060107468326 0.00046791946904266594 2.383171886196349e-06 6.450968417422181e-05 0.0008851220022809661 0.004636187539628697 7.96297116371641e-05 0.0060968829860460795 1.0241820262306362e-06 3.20071357305352e-07 3.234845571592556e-05 0.0019310745701717937 2.139818225865107e-05 0.0029056369001598677 0.0005180392652501132 0.002307894131307988 0.0007807523316891122 0.0004037588571873156 4.843764204855735e-06 1.4574013623870545e-06 6.345317039647367e-05 4.3600893308348764e-07 4.3690082127513866e-06 9.298616899599093e-06 0.0 0.0 0.0 1.0394835848946264e-06 3.207514104395816e-07 1.099268939532198e-05 0.0 9.66894309148312e-08 0.0 1.6201840044468895e-07 6.908415936298456e-07 1.6786896058892665e-07 0.0003594286453879255 1.543311653868294e-06 0.0 1.7647580845601106e-07 0.0 0.00030863791596632607 0.00022040404933662544 4.900040483320128e-05 0.00012670340335939426 0.0 1.3862211977548945e-06 1.5268777149060884e-05 0.00019495107964933702 9.004061701785537e-06 7.849536240357523e-05 2.3615686079381104e-07 0.0 3.05020054750328e-06 1.84127433978353e-05 2.886342995373614e-06 0.000234360750223983 2.755259482194668e-06 4.959774219781176e-05 2.1984770866136445e-05 1.2043768840984282e-05 7.997741206825064e-07 1.4389530124414837e-07 7.350777433460668e-07
2.484939263761681e-07 0.0014099648616892784 1.2274613890504551e-06 1.243363417988241e-06 3.346871934424213e-06 8.35779310747419e-06 4.9573967732640084e-05 2.1176355244533024e-05 0.0017812006771570248 2.036981653287429e-05 1.4795130685287968e-05 6.993836540292058e-06 0.00011237406018798068 3.926006751793575e-06 4.566506955622877e-05 0.0011939510480311198 4.260427435070382e-06 5.921617605398372e-08 9.549757983542535e-08 2.185535747967549e-07 0.00021017962439415393 0.0 0.00015007237574345497 0.0029289314293776425 0.00047292151553731835 1.682085377709948e-05 0.0011445519636147136 0.00014075566523541315 1.1719665125952564e-05 1.9255699394301294e-05 1.2383773532489046e-06 1.9444544351118037e-07 3.0633725959876196e-06 2.16967484604643e-05 1.0892695855741528e-06 4.9624232843971546e-05 4.593372681514164e-05 2.35728478028911e-05 9.455234168436474e-06 6.887989645447175e-05 7.43837107270453e-08 2.858412256930054e-05 1.5995467322523534e-06 1.986034272557151e-07 1.0185696927843611e-05 6.439598843531435e-05 6.275549928088194e-07 0.0 7.38696730325317e-08 3.1674982078047356e-06 8.795849180150052e-07 1.1816888621835112e-05 1.0931181011956867e-06 3.1691743361811495e-07 8.430425564717926e-06 9.760524832746057e-07 5.785681085986836e-07 0.0 0.001025142331292913 2.8058802396267295e-06 0.0 4.7294144286985936e-07 8.357064062541353e-08 0.00018633090934003658 8.217550570803814e-05 0.0002838859489195665 0.00010494659066244729 1.0168359789303243e-06 3.7930886099186045e-06 0.0004468550868001326 0.00010458658128659238 3.5952892831181843e-06 4.234290143073525e-05 0.0 0.0 6.796221281745916e-07 1.2413575958999555e-05 4.914607037143527e-06 0.00013294770510929825 1.2056244853657082e-05 4.729044907459574e-05 3.033992637955558e-05 1.0077221440126595e-05 1.6596584122797338e-06 0.0 1.5136868373057175e-06
0.0003535318145187207 6.0299816753711635e-06 0.005376634566151064 6.762011828760666e-07 4.3294290759791407e-07 1.8792270588722756e-05 0.0012059861226348717 0.0004296505873158288 2.908678228064319e-06 4.0118121016679504e-05 2.8900461477839338e-05 9.181018525767679e-07 8.49712704394364e-06 0.000780689184139758 0.0 0.0017138627257179127 0.0015117424074861034 2.4585778954987426e-05 0.00022906685992422546 6.22947441358463e-08 0.012802060107468326 0.00015007237574345497 0.0 0.00013069077065804962 2.205494580517184e-06 0.0005874191867922588 0.006062472012036062 0.001545245215728279 0.0003196939099500482 0.0036504009585586242 5.951337282956183e-06 1.9204620097118975e-06 3.2046607494159115e-05 0.0027727143945356 3.786929147459888e-05 0.006868272957160642 0.004351010365604811 0.005144071271290251 0.0024119029005644716 0.001247203541299451 1.132295297335787e-05 3.4391083783381033e-06 0.00019426572800751004 6.464747425799654e-07 2.13951240440195e-05 0.0002760649756627935 0.0 0.0 1.3322029754256135e-06 7.433629218925465e-06 1.5992135923708224e-06 3.1580601563408606e-06 8.437765231994396e-07 2.819217807761612e-07 1.1233282316700378e-07 0.0 1.115661669716013e-06 0.0 0.0009599676321746972 9.27904249936533e-06 5.305584335479649e-07 7.396266177128124e-07 3.137413385869523e-07 0.0001013734144723758 0.0005207569157442882 0.0007709603882702237 4.268633728775396e-05 1.8071727613895217e-07 8.988184262251158e-06 0.001064705508250688 4.8449063630732414e-05 2.0925594387395535e-06 1.1604354223340954e-05 2.37042309814843e-07 0.0 9.858923631657083e-07 1.691464832112324e-05 3.980628653979196e-06 0.00030827433414678786 2.9253357235837794e-05 0.00010242654400627136 7.652819386151444e-05 1.906968488483012e-05 1.4574506890608098e-07 9.469870517198254e-07 2.1461560315178537e-06
