0.0 4.9524149582238065e-08 6.568926998345195e-05 1.8174533431149115e-06 3.569046539864437e-07 1.0469609478898663e-05 0.0006387494627673268 0.0001568435117952829 1.984975906273283e-06 9.20743875608107e-05 3.0173087502092073e-05 7.525386961125698e-07 3.333835665397457e-06 0.0031148387565186958 3.8306865845065404e-07 7.70378346625567e-07 6.444142246283684e-05 3.706994966249361e-06 2.2102559608578003e-05 6.589973835506747e-07 3.305018041454662e-05 5.087870248134979e-07 0.0001003560160668736 2.380337479655116e-05 2.179767076563579e-07 7.412335547230689e-06 1.4549412503433047e-05 6.868421863875433e-05 0.004806313708760787 0.0005943552906802431 8.260341718559626e-07 1.6076643649358248e-05 6.779146509167859e-06 0.00010590515971752902 3.9541941928899985e-07 2.644486613325077e-05 2.277952256637971e-06 5.1254237814817685e-05 1.2383992987036657e-05 2.7816991145069636e-06 2.4054193055120004e-06 6.913903713103159e-08 5.077588036028013e-07 0.0 0.0 7.846364745006778e-08 0.0 0.0 0.0 1.0431819746570478e-06 0.0 1.1915310841959624e-06 0.0 0.0 9.739640675257644e-08 0.0 0.0 0.0 1.9169441328691954e-06 0.0 0.0 0.0 6.392777313507023e-08 1.690802225893291e-06 0.0 1.7196202940647744e-07 6.728707205358386e-06 0.0 1.4274546653694323e-07 1.954470114117631e-07 4.461325137465805e-06 0.0 9.990846478071728e-07 0.0 0.0 0.0 0.0 0.0 4.7041046207495254e-07 0.0 2.6597497913562363e-07 0.0 2.1012335256321266e-07 0.0 0.0 0.0
4.9524149582238065e-08 0.0 1.3303247501131954e-05 1.734268713502349e-07 6.397157969052254e-07 5.748570929551318e-07 2.0550262720893474e-06 3.419324220252785e-07 0.00033115296414459205 3.0351399396752045e-07 3.1017239014833226e-05 5.930845607199272e-06 0.00014929497784549038 1.9252315425199681e-07 1.5029034603727372e-05 0.0001496539123140543 7.494494582188585e-06 4.05253379203198e-06 1.2125638380142234e-05 0.0 1.2743468133669245e-05 0.0013451719961634725 9.119754923537926e-06 0.00036799728546728973 0.0006648937448104557 6.606246985575308e-05 0.0034213639019861435 1.4372978820606606e-05 2.2910103934385458e-07 6.949252413101144e-07 4.664823522143272e-06 0.0 0.0 6.396621927350976e-06 7.243407539385816e-08 6.845085357330401e-06 2.8409878272877522e-05 1.8327483947701126e-05 7.4702028377560515e-06 7.028327030262241e-06 0.0 4.612187453126811e-05 0.0 0.0 5.193772273983001e-05 3.3575813233848734e-05 0.0 0.0 0.0 2.683978714089002e-07 0.0 8.462412990541553e-06 0.0 1.0302531299693153e-06 7.797402117738355e-08 2.153769222254654e-06 0.0 0.0 8.966650583098507e-07 1.6155482790811266e-05 1.9790931539550604e-06 1.5423383418938473e-05 0.0 0.0 3.128419677015342e-05 3.7085405543048214e-06 4.12286155494304e-06 1.3460831400536834e-05 5.093534427862358e-05 0.0004946995326303168 1.1210441321500364e-06 0.0 2.3606901647059343e-07 0.0 0.0 0.0 2.857512804130452e-06 1.7139500383240338e-07 5.279410803031295e-06 3.775936796033014e-06 6.476070684264461e-06 2.040209632304542e-06 4.488638482308267e-07 0.0 0.0 0.0
6.568926998345195e-05 1.3303247501131954e-05 0.0 1.8720323968205717e-06 3.531882799077594e-07 7.078497256991888e-05 0.0010826743932860071 0.0004051686516681537 1.4881566654138773e-06 0.00010727574393723711 5.642950269528769e-05 1.3074998125816083e-06 4.334907037599334e-06 0.0003806792992284678 3.974400171994241e-07 9.91769158771959e-07 0.00477041198597137 5.4228317990776936e-05 0.0005107286179067328 2.447592466580047e-07 0.0003862902160870515 1.2718870121589863e-06 0.005661682182961977 2.477755494036131e-05 1.3269659999680631e-06 0.00497432875266307 0.0032772440419382982 0.00021691174402343864 0.00018139434424333694 0.0004897193504204148 4.8447736243837955e-06 7.331028676597162e-06 4.4972058250391695e-06 0.0003722056703088709 7.244622578168058e-06 0.0006323267732029467 0.00015797862177760523 0.0012219393448001437 0.0004398568026004002 5.766934025941471e-05 2.116269924917825e-06 2.1978244120726228e-07 2.878208983123064e-06 0.0 7.215023488681018e-05 0.00011424145771880821 0.0 0.0 0.0 7.227911764507244e-07 6.781039139025708e-07 3.376240821663378e-06 0.0 1.221041648825061e-06 1.4194736009977043e-07 2.772418133483194e-07 5.340247477687641e-07 0.0 9.962299540351704e-06 3.760967970400181e-05 5.499743345993471e-07 4.945392026126696e-06 0.0 4.4386302700942e-06 3.0864927010170925e-05 2.984007005115447e-05 4.4266176923618714e-06 3.852592458598436e-06 2.3453193168542313e-05 0.0008786559642120173 4.337587103780032e-06 0.0 1.893884566683062e-06 0.0 0.0 0.0 6.82831552594752e-06 0.0 2.0140571178369227e-05 7.950839910032615e-06 2.4096646731509666e-05 7.002611230980194e-06 1.1825806740099076e-06 0.0 0.0 0.0
1.8174533431149115e-06 1.734268713502349e-07 1.8720323968205717e-06 0.0 1.0687593643558926e-06 0.00016580796540874296 4.145620452057672e-05 1.0360399392417895e-05 0.0005418751867377791 0.0006606249605446343 6.569863960750712e-06 0.005065797877816398 2.593079324421195e-06 1.1034730338369449e-05 6.185459800342329e-05 0.0 3.584964245739048e-07 5.887931981601056e-07 4.6999492710944414e-07 0.0011131113627298576 1.3615490265360282e-07 1.1812628415717329e-06 8.659321531589963e-07 0.0007409706186778875 3.1288298402640403e-07 6.960368826304446e-07 1.784566636140592e-06 0.0023722661614399487 3.15969613046973e-05 1.659265654977309e-06 2.393704593897536e-07 4.623142057539856e-06 9.721809723863722e-07 1.860869406023639e-05 1.3301780968531436e-06 0.00011717323284090797 3.85871695326828e-06 3.715670789625987e-05 1.1982658787834868e-05 0.00012094825462503947 7.4005129872416216e-06 6.293731567579278e-08 1.481405730661102e-06 3.374012807771541e-07 0.0 1.501414127195676e-07 3.26633255691068e-05 1.160243704009708e-06 1.3061220938033277e-05 6.8626357205147e-05 2.238058933266816e-06 1.6785642879282753e-05 3.419721837275709e-05 4.182348235866747e-07 0.0001231053726372282 0.0 8.803625684459325e-07 1.4496948832238654e-05 0.0 0.0 0.0 0.0 3.872834164040191e-05 1.1398798598308653e-07 0.0 9.803936524207856e-08 0.00010713060130918764 0.0 0.0 7.390719810540058e-08 8.863011070891103e-05 5.414532175294438e-07 1.5471226024922087e-06 0.0 7.603241575356782e-07 0.0 9.78640247284222e-07 0.0 0.00018602573222905648 0.0 1.3323945866764807e-06 1.4320917228130063e-07 7.862063718713247e-05 7.860257587512976e-07 0.0 0.0
3.569046539864437e-07 6.397157969052254e-07 3.531882799077594e-07 1.0687593643558926e-06 0.0 0.00020954924735103373 1.1830958153983294e-06 6.7672969159223015e-06 1.9479270080907882e-05 9.852101644532189e-06 4.846911463733485e-05 5.201921253779939e-05 2.6728526520660698e-05 1.8361291441549936e-06 0.0010271516522684279 0.0 4.3433518939734175e-07 1.6276984624721212e-06 1.418685974907259e-06 3.1968694415814244e-06 7.494616706261811e-08 8.20272448134397e-07 9.66326956920103e-07 2.7294543617979807e-06 2.811991586321256e-06 9.666732525908099e-07 4.352554725251217e-06 2.415108584455266e-06 9.655307667043506e-06 7.061473119348724e-07 1.7647337703185597e-06 0.00031315189668123063 7.466948590900368e-08 0.0003855633121853353 1.2058709717142493e-06 2.3575043376940715e-05 8.06076819785433e-06 0.00019007859155877204 1.604117197564576e-05 0.0004654150768584421 9.164211392462112e-05 6.365387440568946e-06 1.348284465721014e-06 0.0 0.0 0.0 0.0 0.0 0.0 0.0 0.0 0.0 0.0 0.0 0.0 6.228276411139177e-08 0.0 0.0 0.0 0.0 5.007052930454837e-08 0.0 0.0 8.339341278323977e-08 2.710392508776025e-07 0.0 5.181802878729511e-07 0.0 0.0 8.403181685046019e-08 2.5345080953148126e-07 0.0 0.0 0.0 0.0 0.0 0.0 0.0 1.1497812256261225e-06 0.0 0.0 0.0 8.555274201920112e-07 0.0 7.845656566845166e-08 1.0569993629797048e-06
1.0469609478898663e-05 5.748570929551318e-07 7.078497256991888e-05 0.00016580796540874296 0.00020954924735103373 0.0 0.000668274650369754 0.0035903683989207615 4.006132037486502e-05 0.005010676921404939 0.00012885820382341155 0.0022095383811221747 6.660608145109278e-05 0.0003376815986283347 0.0008819619157030207 3.5202696821328913e-06 1.866402794042884e-05 8.100337010012116e-06 1.136304030220831e-05 0.0002356464340325876 1.5833968089710225e-05 3.3540573175798926e-06 4.228322404773139e-05 0.00022983129214764034 1.0777308322756502e-05 1.0677864582427095e-05 3.541734236587298e-05 0.0006092523981316222 0.0002815754623734021 6.449779209456321e-05 8.478713817782568e-06 0.0003625801199927445 1.6716810489333758e-06 0.0003903123524744149 3.6621490105498283e-06 0.00022745316997478012 2.1938615130676314e-05 0.00033961789868930473 5.8560358010924124e-05 0.0010090043094973713 0.00015045967624891055 1.2963434951346718e-05 8.383162489010126e-06 2.376661178023161e-07 1.0653262097870531e-07 3.346174332864517e-07 4.270963177347682e-06 4.715392644239371e-08 4.111652673166139e-06 2.906681303793416e-05 9.486314003923638e-07 5.946755649050783e-06 5.538003913289528e-06 7.239373295959586e-07 1.4569611970058464e-05 5.019867936150026e-07 3.7520376635030845e-07 1.438333653433901e-06 8.104052232546529e-07 0.0 0.0 1.282026225757267e-07 4.853149077572882e-06 7.65189160364132e-07 1.5477182829731382e-07 2.4252168400581504e-07 5.239973112949777e-05 1.1517922187084962e-07 0.0 2.254659448825894e-06 4.628302948590285e-05 2.8496672596990034e-07 2.1297484702607824e-06 5.073814464271013e-08 7.575793245373624e-08 0.0 2.1808731197398545e-07 4.015830103963289e-07 2.8749787888787638e-05 0.0 3.845018264576341e-07 0.0 7.227226858753434e-06 6.467500460516431e-08 0.0 0.0
0.0006387494627673268 2.0550262720893474e-06 0.0010826743932860071 4.145620452057672e-05 1.1830958153983294e-06 0.000668274650369754 0.0 0.001630967765717384 0.00010633564113248307 0.003959512000086482 3.75820139434837e-05 1.4063798202360046e-05 1.0292363181039818e-05 0.002799109135868528 9.200610306872479e-07 9.701203005628325e-05 0.00010483071322536806 5.532270050901239e-06 2.105183628694441e-05 4.6992861325463635e-06 0.0006100697752394911 3.5415707211825545e-05 0.0010180761497463684 0.0010800150185142343 1.5725676896740898e-06 4.474663771905106e-05 0.0003927717964232907 0.010029004104331442 0.0009926482280052384 0.003862052207334316 2.3110425842418015e-06 1.9447139050061638e-05 3.072587008656969e-05 0.00014663974287105612 7.354802023401856e-06 0.0007045496755145995 2.830441048100376e-05 0.00027609593192009135 0.00015111144020497222 8.923950738028066e-05 3.70856987727987e-05 1.7773037601711117e-06 1.3781892703724243e-05 9.298070717059395e-07 2.376549646432057e-07 4.009059161667934e-06 2.1630209635423422e-05 1.9610914936706709e-07 9.426108832694692e-06 0.0002862588858714925 7.431717335479235e-06 7.255547690109092e-05 3.619871739097516e-05 7.326079705920788e-07 2.0218333565549102e-05 1.0008646592231452e-07 3.8090570379104685e-06 5.470864125214475e-06 1.3715575588364128e-05 5.209065710888484e-07 0.0 0.0 1.4091834406475334e-05 1.6548241702920555e-05 9.559806270869518e-06 2.2574151192790483e-05 0.0005721472027482413 0.0 0.0 2.2298306590802783e-05 0.0005416023534154319 6.78783219787169e-06 2.049628774919772e-05 0.0 2.2333837972301315e-07 1.7680671804516897e-06 1.9047674665477289e-06 2.050325866772219e-07 6.758091646562191e-05 6.726947697468482e-08 6.190253437185051e-06 4.434408704487136e-06 1.7128586848847765e-05 1.7029820923864754e-06 0.0 1.4362489701440413e-07
0.0001568435117952829 3.419324220252785e-07 0.0004051686516681537 1.0360399392417895e-05 6.7672969159223015e-06 0.0035903683989207615 0.001630967765717384 0.0 5.712551504614358e-06 0.0014970543458098756 8.759810821499234e-05 8.704386755551092e-05 1.7272396846899563e-05 0.003980179740330467 8.663937548120144e-05 2.685192316675583e-06 0.0001581324890225929 9.922467477410558e-06 4.297322159390028e-05 1.9741886367691232e-05 0.00010451214198786965 1.027207493768311e-06 0.00030613027617579106 0.00014464315411523795 3.7307761582189543e-06 3.526392205376197e-05 7.032925751632582e-05 0.0002494403849747152 0.0004122349429910542 0.0005837225820604465 1.8072235629318825e-06 0.0006283212949859886 2.4556151892517934e-06 0.00018874736312847045 1.3754698425108992e-06 0.0001407539551295795 1.354474445737598e-05 0.00014496826416182104 3.106450483083741e-05 0.00011691953313392393 2.884638432161739e-05 2.121320278931866e-06 3.90096739287652e-06 0.0 0.0 1.0109496855472332e-07 9.040985224086004e-07 0.0 6.217115100648037e-07 1.6444892601552273e-05 8.536808262275681e-08 3.30377555969043e-06 7.336010761718873e-07 0.0 2.141377066203183e-06 0.0 1.0928976730620114e-07 1.8103323097969474e-07 1.9122613198707103e-06 0.0 0.0 6.78183452402305e-08 1.223270878954667e-06 3.2450691599886587e-06 5.44663981728459e-07 1.4462442493343596e-06 3.467687102563422e-05 0.0 0.0 1.773727982315876e-06 2.6605686665628197e-05 3.8631702682379263e-07 1.6929045273791937e-06 0.0 0.0 9.225914780579308e-08 0.0 0.0 4.678814470183221e-06 0.0 9.061294842174557e-08 1.062797340937729e-07 1.841143899493358e-06 0.0 0.0 0.0
1.984975906273283e-06 0.00033115296414459205 1.4881566654138773e-06 0.0005418751867377791 1.9479270080907882e-05 4.006132037486502e-05 0.00010633564113248307 5.712551504614358e-06 0.0 3.3766570941347675e-05 2.658629364658834e-06 0.0003990900377480789 4.919160184060147e-06 5.1701197634196265e-06 0.00040321981190682705 3.7707165741439854e-06 5.359716295943028e-07 3.629078655985379e-07 2.616118762303552e-06 0.0003209644830013339 7.927953079799892e-07 0.0011229850349722705 2.10212210808315e-06 0.005725156147556536 7.235738846708144e-05 8.434979673762912e-06 0.0003778166357091429 0.0007431899400968301 1.8908099706531804e-05 2.7364998275031372e-05 2.8568788164727166e-07 8.48880258123441e-07 4.625275549917747e-06 9.222672855678606e-06 1.494535185574225e-06 4.576596045118924e-05 4.384148260948919e-06 1.2341381022908207e-05 8.496165982274476e-06 0.0002601542953554621 3.923467498314983e-06 2.825403747509137e-07 5.969885489627692e-07 6.086126594892861e-07 1.0419260668354642e-06 8.469930711452519e-07 7.860724744008531e-05 2.9954351849129527e-06 3.283443060805393e-05 0.00010150004532455768 3.885939433935902e-06 0.00018583062823551152 7.141407844764496e-05 1.209706502591039e-06 0.00019898781649660657 8.218976868249889e-08 3.2799015886184467e-06 3.785801759659347e-05 2.4720066538091105e-05 6.11692251151108e-08 4.0958764907884527e-07 1.371973564339299e-07 6.0582524742995526e-05 2.2393197590881425e-05 2.7273759529148774e-05 3.802362666839724e-06 0.0008158814232866702 7.025829934546391e-07 3.470854704985518e-07 2.6711507006877503e-06 0.00032885905248065044 4.544926940945834e-06 9.302931212907462e-06 5.307724589696274e-08 6.440165301026337e-07 4.5540620251921914e-07 2.0099401180563527e-06 1.5169271105447975e-07 6.345240077655791e-05 0.0 3.2801025654403267e-06 8.892708933548801e-07 0.00010225954321241998 1.0650777651890051e-06 0.0 5.226001433652657e-07
9.20743875608107e-05 3.0351399396752045e-07 0.00010727574393723711 0.0006606249605446343 9.852101644532189e-06 0.005010676921404939 0.003959512000086482 0.0014970543458098756 3.3766570941347675e-05 0.0 0.00014162011847573697 0.00113573779071589 5.6258123196330384e-05 0.001625961730010245 1.5205283565051617e-05 8.645822814814231e-06 1.1094636871471453e-05 1.3117836957104437e-05 1.893149882732612e-05 0.000935554352440115 2.6346595393868405e-05 4.181746551829173e-06 6.033790969383241e-05 0.0006505988078701933 5.233342890658096e-06 1.8195309868895738e-05 5.441344858015982e-05 0.006623893144261052 0.0007610471454364312 0.00010994068429066983 1.2004899360209671e-05 0.00010310621851125789 6.063231971250046e-06 0.00037242053198145416 6.120666483836147e-06 0.000967394954923929 3.8798666643057045e-05 0.0006797008748795923 0.00019215650944410005 0.0006167195433648798 0.000168421747321126 4.167010179424182e-06 1.7995356674987508e-05 0.0 0.0 1.9314268075640752e-07 1.0209593745673675e-05 6.59236106872375e-08 2.3993939902879805e-06 4.6138986552441e-05 7.917762603073546e-07 1.1270855008500199e-05 8.68399632191315e-06 0.0 4.227518600563925e-05 4.843343143313445e-07 7.719550004989203e-07 1.5039888766740085e-06 3.43137929298771e-07 0.0 5.774876341064156e-08 6.688227776144056e-08 4.89818389084561e-06 1.957129167850074e-06 1.0262726942820883e-06 1.1722994107409166e-06 8.871673152074819e-05 9.665888793303009e-08 6.139044237616569e-08 1.7950722694004567e-06 8.144269223527839e-05 3.657283597995885e-07 1.7185070483456857e-07 5.5254061354229975e-08 3.3058573447115655e-07 0.0 1.2567145495076218e-07 1.3309348555190906e-07 3.206872480109932e-05 6.372880267421756e-07 2.0801381187484826e-06 2.6423230449398165e-07 1.3220865174408155e-05 6.483481307245402e-07 0.0 7.852387795958352e-07
3.0173087502092073e-05 3.1017239014833226e-05 5.642950269528769e-05 6.569863960750712e-06 4.846911463733485e-05 0.00012885820382341155 3.75820139434837e-05 8.759810821499234e-05 2.658629364658834e-06 0.00014162011847573697 0.0 5.211572653817358e-05 0.0024962172158973692 7.699325777789895e-05 1.0431715896254077e-05 8.339466697452722e-07 0.0002335285636940309 0.0018156626515959398 0.0013649849564473203 1.3764260736592453e-05 1.3274150526350513e-05 3.4090950050596422e-06 5.3075506853782804e-05 1.1463774716645296e-05 0.0006084097419961562 0.0008511082835954146 0.0011253017151204713 3.404244228331469e-05 0.00040694149179258573 6.754283981331581e-05 0.0006124381850421421 0.0001355331791299554 6.677296468291046e-06 0.0030447919496989933 1.349535157521473e-05 0.0004312733688756183 0.001965768305898646 0.0024518735056446844 0.0011144306663456263 5.4773640263354e-05 3.8007806559134196e-05 0.00025515005616089424 8.433806681441674e-06 0.0 1.1533860301601846e-05 7.875286016559681e-07 0.0 0.0 1.0751276198145064e-07 1.415792773839897e-06 0.0 1.9004407351897953e-07 4.081513671581461e-08 0.00013172041239649173 3.108981012399522e-07 0.0005786046713346118 0.0 0.0 5.764649075301762e-07 1.0276603180662513e-06 6.572384598861887e-05 1.8829632742461723e-05 0.0 8.792698995722095e-07 7.894101775514028e-07 1.7799357677083574e-07 2.7421396182129397e-06 0.00017941935930335416 8.161505078838764e-05 0.00021875255869340614 1.6202697123729488e-06 1.3115943460353716e-07 1.1618816873194688e-07 2.658564192428627e-05 0.0 0.0 7.645062040410687e-07 4.224658447954534e-06 1.812065497783996e-05 0.00014859580654992763 5.290243970847353e-06 0.0 2.633087573635665e-07 4.6762392764761996e-07 3.312195302911046e-05 0.0
7.525386961125698e-07 5.930845607199272e-06 1.3074998125816083e-06 0.005065797877816398 5.201921253779939e-05 0.0022095383811221747 1.4063798202360046e-05 8.704386755551092e-05 0.0003990900377480789 0.00113573779071589 5.211572653817358e-05 0.0 1.9990061987424613e-05 7.156289205218892e-05 0.0006733644682760363 0.0 1.1003645233187942e-06 3.7852987129360815e-06 4.269034215621178e-06 0.0015657731876498606 1.1631298836760528e-07 2.7613254576182954e-05 1.3553202977016912e-06 0.001419914214807562 3.6782463314531747e-06 3.4961531880744064e-06 2.1021384871830543e-05 0.0010349919191940506 0.00011759251767447555 1.6412689631535898e-06 3.7984086347256117e-06 5.492765952512406e-05 7.093405312571435e-08 0.00012529959667929047 2.098733850802144e-06 0.0004027057714766728 6.4370691262644435e-06 0.00016394742456115794 2.1838085018307017e-05 0.0014242144840835805 4.703998225390898e-05 2.0636679217724206e-06 2.1179867911665376e-06 0.0 0.0 0.0 3.4708529936268425e-05 7.257974272499508e-07 1.6391144829109727e-05 2.3451499587640096e-05 2.117534225642591e-06 9.303909081011968e-06 2.9946035672436506e-05 5.339900591149651e-07 0.00010078188799675304 0.0 9.139271209569477e-07 1.1766540396604849e-05 6.574521448401052e-07 0.0 2.3988543688797945e-07 0.0 2.613808407389632e-05 2.919695081987353e-07 3.397728409159637e-07 1.9297146725665396e-07 5.8637426133357416e-05 4.4761785145318576e-08 1.8326100334913862e-07 1.8881090761850538e-07 4.503471920406847e-05 5.773388778763789e-07 0.0 0.0 7.180689953020613e-07 0.0 1.4700599660675557e-06 0.0 0.0003322181372248686 0.0 1.6766499236427323e-06 8.641574638614855e-08 0.00013176921013728453 6.996535855927173e-07 0.0 1.5615990924886482e-07
3.333835665397457e-06 0.00014929497784549038 4.334907037599334e-06 2.593079324421195e-06 2.6728526520660698e-05 6.660608145109278e-05 1.0292363181039818e-05 1.7272396846899563e-05 4.919160184060147e-06 5.6258123196330384e-05 0.0024962172158973692 1.9990061987424613e-05 0.0 9.090778494308353e-06 5.348492099058626e-06 1.6606969123696383e-06 2.74228399469314e-06 3.31435568708232e-05 9.054515886511207e-06 5.6832598067158745e-06 2.2580587859467117e-06 1.4024974961205903e-05 5.558691708004758e-06 7.86939826559049e-06 0.0031924340747532887 5.610429095052527e-05 0.0014817505169936768 1.4174213218185727e-05 7.892207919498744e-05 7.32241506507626e-06 0.0001501335652645215 6.078461533676898e-05 5.32956420902009e-07 0.0010771245228103669 4.972578863695772e-05 0.0007807252785567946 0.0021563239094079516 0.0020193629045199384 0.0007453683392940649 5.132194054415062e-05 7.725356139934785e-05 0.0005085374623463023 9.003529305896249e-06 0.0 4.162194101700768e-05 8.471480163866279e-07 0.0 0.0 4.915523275161899e-08 1.0538155544049894e-07 0.0 1.0078378420200491e-07 0.0 0.0003045624276654873 1.5456456758029653e-07 0.0012819970516807745 0.0 6.121584756290003e-08 2.020693268640789e-07 7.061472601800737e-07 5.347701346978342e-05 1.3033019291078286e-05 0.0 5.9191441361874665e-08 9.905242919740887e-07 0.0 1.089302754557073e-06 0.0005550928832677686 0.00011713458430670246 0.00037282115227927617 4.0735799628505025e-07 0.0 8.732654458449477e-08 6.13328616260831e-05 0.0 0.0 1.3707231166489736e-06 6.980000076995409e-06 2.7896813252474825e-05 0.00022002284575771948 1.4193871148475403e-05 4.282393401459734e-06 0.0 3.7474725021006433e-06 4.240368809873159e-05 0.0
0.0031148387565186958 1.9252315425199681e-07 0.0003806792992284678 1.1034730338369449e-05 1.8361291441549936e-06 0.0003376815986283347 0.002799109135868528 0.003980179740330467 5.1701197634196265e-06 0.001625961730010245 7.699325777789895e-05 7.156289205218892e-05 9.090778494308353e-06 0.0 1.559931244072323e-05 2.5807188336807017e-06 0.00022920366468886683 1.0228197366021232e-05 5.625816758900893e-05 2.3277709332909797e-05 0.00014577944967492342 9.372775361728284e-07 0.00046589749651693586 8.162539368730894e-05 9.385482027378288e-07 3.324570104284657e-05 6.429330367940353e-05 0.00021290006727657068 0.005533071082808596 0.001438965672468482 1.6741091770671167e-06 0.00020212925176582154 1.1173731396978434e-05 0.0002956257767428039 5.879628226059706e-07 0.0001160080589747783 7.648194935202227e-06 0.00010359728132248034 2.0858795916799145e-05 5.9552518716312404e-05 8.229487215509332e-06 1.0881989282113393e-06 1.346436530444706e-06 1.9549439292993257e-07 0.0 1.1667121351940204e-07 4.531170230811701e-07 0.0 3.261046961810309e-07 4.995613610436921e-06 1.560234189061095e-07 2.3363333774301896e-06 7.23518387439539e-07 0.0 1.0909473969842605e-06 1.39283497483952e-07 1.3817582403151868e-07 0.0 1.7425504473768693e-06 0.0 0.0 0.0 2.919898780249063e-07 3.830273287936074e-06 1.4184123257222658e-07 7.390066319949028e-07 1.9734156943776363e-05 0.0 0.0 1.5505446685954358e-06 1.1103687849857097e-05 4.902002204626046e-07 5.708882719073037e-07 0.0 0.0 1.4171961310828506e-07 4.789800561395968e-07 0.0 1.5787696612775219e-06 0.0 7.56492991313575e-08 4.640110114114488e-08 4.3222915294013637e-07 0.0 0.0 0.0
3.8306865845065404e-07 1.5029034603727372e-05 3.974400171994241e-07 6.185459800342329e-05 0.0010271516522684279 0.0008819619157030207 9.200610306872479e-07 8.663937548120144e-05 0.00040321981190682705 1.5205283565051617e-05 1.0431715896254077e-05 0.0006733644682760363 5.348492099058626e-06 1.559931244072323e-05 0.0 0.0 4.3271975824109517e-07 5.846195876868957e-07 8.190057494372939e-07 7.946206766545689e-05 1.1692999182558144e-07 5.368864704031011e-05 5.64806065220861e-07 0.000151185289571403 4.370252257087105e-06 9.944645529988586e-07 2.6899573490723736e-05 2.0800318165484936e-05 2.3068304181687532e-05 4.949596478147004e-07 7.336070926672312e-07 0.0002429968341378477 0.0 3.5505141397266007e-05 2.25541546998596e-07 0.00017646358501963733 1.8661856701551135e-06 2.6962850447265718e-05 2.3347487619436426e-06 0.0005598281283713341 2.1949044149582562e-05 1.2303329333666628e-06 1.7184389045274558e-07 0.0 0.0 0.0 3.1891493939109175e-06 0.0 1.531907028093563e-06 3.3227835230282856e-06 4.0036168771894716e-07 5.747875198418787e-06 2.0306896907495784e-06 0.0 4.758024348510608e-06 0.0 0.0 1.5128970333798603e-06 1.5705602417954234e-06 0.0 0.0 0.0 2.1590773798594983e-06 1.461174348576519e-06 1.6053765531183302e-06 7.359455081704011e-07 7.6227734093924334e-06 0.0 9.38528333208045e-08 0.0 6.099481735231324e-06 7.430606371284188e-08 0.0 0.0 0.0 0.0 2.439128788710852e-07 0.0 4.9111201075731204e-05 0.0 1.8210194600743982e-07 1.1073467933957618e-07 1.6189838898464523e-05 0.0 0.0 0.0
7.70378346625567e-07 0.0001496539123140543 9.91769158771959e-07 0.0 0.0 3.5202696821328913e-06 9.701203005628325e-05 2.685192316675583e-06 3.7707165741439854e-06 8.645822814814231e-06 8.339466697452722e-07 0.0 1.6606969123696383e-06 2.5807188336807017e-06 0.0 0.0 5.681354013887569e-06 1.434978260450042e-07 1.8349678052892535e-06 0.0 0.0009000564683594905 0.000878124887210561 0.0030580035900894635 0.001536632700396673 1.2036045475672998e-05 3.419922484160748e-06 0.0016479014348295814 0.0014766257154657455 1.6551548105674587e-05 1.803263884800527e-05 1.0801313168775584e-07 1.654727108480076e-07 2.7933185412242027e-06 2.0217249095498073e-05 7.149414545444449e-06 0.001142704149392443 0.00025573152991508987 0.00021358575913402015 0.00024687783212280464 6.484317905451495e-05 4.951323277004159e-07 4.679737900865339e-07 7.50440379314874e-06 1.6018069297712346e-06 2.394058894310435e-06 2.8555767390578323e-06 0.0 0.0 2.451831141460967e-07 1.3932703543199928e-05 5.339477668186634e-07 5.4216121191838795e-05 1.2921904973038972e-06 2.4507184132898645e-07 0.0 6.550042032442795e-08 1.41847723917848e-06 2.589903024605185e-07 0.0019285806702749211 2.3474599992675264e-07 9.417787933376287e-08 1.4710994439469605e-07 7.820285501964066e-08 0.000454211379428729 0.0003446652077313306 0.0013885781782703116 0.00022010171765133422 7.038461124448352e-08 8.797754231938811e-08 0.000265261821584456 7.899811430026536e-05 1.3458837710808813e-05 2.5507311333682838e-05 0.0 0.0 1.9610504003605385e-06 1.3585683598589373e-06 1.454218417379167e-06 0.00013307087502329476 1.0935937160172048e-05 3.2051942811651655e-05 5.089448075117102e-05 6.107967689228438e-06 1.9685794728240057e-06 0.0 1.4644735142845387e-06
6.444142246283684e-05 7.494494582188585e-06 0.00477041198597137 3.584964245739048e-07 4.3433518939734175e-07 1.866402794042884e-05 0.00010483071322536806 0.0001581324890225929 5.359716295943028e-07 1.1094636871471453e-05 0.0002335285636940309 1.1003645233187942e-06 2.74228399469314e-06 0.00022920366468886683 4.3271975824109517e-07 5.681354013887569e-06 0.0 0.00021090089820332037 0.003051227361071615 2.561739270788609e-07 0.00017891466903313782 2.9514050789207322e-06 0.0023982023173007524 1.3542022336108478e-05 1.308828608411299e-06 0.00214144731993948 0.0034671775323030494 3.458464879193857e-05 0.00027752595714711334 0.0004955435993686979 1.036538333639946e-05 4.653167526347882e-06 1.3407867342384533e-05 0.001620297810631068 4.889000791084798e-06 0.00032837798602468684 0.0001417800725292753 0.0014690187929640342 0.0004136333198956112 2.5764839761474726e-05 9.674979782460916e-07 5.295245300128366e-07 1.6208185288836962e-06 0.0 1.0202538699723997e-05 1.0863763385538028e-05 0.0 0.0 0.0 3.1441492606661887e-07 0.0 2.2145298691117758e-07 0.0 0.0 5.14158521666098e-08 1.2802242099260662e-07 0.0 0.0 1.4230494607980374e-06 3.6341793717314114e-06 4.288615415108946e-07 1.6863758320447463e-06 0.0 1.3027909841709983e-06 2.0003530936565318e-06 2.842989523483127e-06 1.4404000500282358e-06 4.96533800206119e-07 8.488601401706232e-06 7.840724052469606e-05 2.3255318361090103e-07 0.0 1.2488005076001523e-07 7.8295176954643e-08 0.0 1.6863338502772367e-07 0.0 0.0 4.962491281115921e-06 2.9540338302185626e-07 1.1736760711335638e-06 6.50242063078154e-07 0.0 0.0 0.0 0.0
3.706994966249361e-06 4.05253379203198e-06 5.4228317990776936e-05 5.887931981601056e-07 1.6276984624721212e-06 8.100337010012116e-06 5.532270050901239e-06 9.922467477410558e-06 3.629078655985379e-07 1.3117836957104437e-05 0.0018156626515959398 3.7852987129360815e-06 3.31435568708232e-05 1.0228197366021232e-05 5.846195876868957e-07 1.434978260450042e-07 0.00021090089820332037 0.0 0.0006065777949114451 1.2020769481859817e-06 2.904741335115109e-06 2.170234032418756e-06 2.1703861177762164e-05 2.446729860725049e-06 5.937302574695681e-06 0.0019028347375419884 0.0006359370555252793 4.236580726501908e-06 3.6872043763346105e-05 1.1019338569071678e-05 0.00015266364625004633 6.3997742345049075e-06 3.6884657779280716e-07 0.0003558426163240051 1.2730066970376082e-06 0.00014810687174723083 0.0002090144895310452 0.00048107861491685373 0.0002595017103526488 7.230639074193319e-06 5.090175406867113e-07 1.7386199033155474e-06 3.827055510961841e-07 0.0 2.614889585835474e-06 0.0 0.0 0.0 0.0 0.0 4.8709649812590954e-08 1.8561270258396404e-07 0.0 4.490274244474586e-05 5.868029803164922e-08 9.285388845839554e-05 0.0 0.0 5.397626556571484e-08 1.078093717515776e-06 7.404849852189132e-05 1.8100767467576343e-05 0.0 0.0 0.0 9.559128563345616e-08 1.781134969522214e-07 1.0625117825422747e-05 7.283935381763971e-05 0.00014616125018985547 7.488206874448276e-08 0.0 0.0 1.203125178664419e-05 5.16284479407886e-08 0.0 2.489939234807284e-07 0.0 2.5747479041242693e-06 1.3298832238878021e-06 1.1035696548705556e-06 2.941983587931512e-07 0.0 0.0 0.0 0.0
2.2102559608578003e-05 1.2125638380142234e-05 0.0005107286179067328 4.6999492710944414e-07 1.418685974907259e-06 1.136304030220831e-05 2.105183628694441e-05 4.297322159390028e-05 2.616118762303552e-06 1.893149882732612e-05 0.0013649849564473203 4.269034215621178e-06 9.054515886511207e-06 5.625816758900893e-05 8.190057494372939e-07 1.8349678052892535e-06 0.003051227361071615 0.0006065777949114451 0.0 1.66057364106504e-06 2.837113620049927e-05 5.324595191985037e-06 0.00022493747347215832 5.788359669413089e-06 3.5964450558538863e-06 0.0019266377581330105 0.0016098148611501095 1.1997992460214699e-05 0.0001246227865577221 8.136691803025336e-05 2.5019148117401836e-05 6.751748068654159e-06 6.399603327221049e-06 0.0016098605659766922 3.789768460054301e-06 0.0004617760372453237 0.0003582591454396707 0.001456837362264006 0.0007049934926834072 1.8335474599649304e-05 9.220151107426997e-07 3.74179655333205e-07 1.0478325099127714e-06 0.0 7.570896145944203e-06 1.809346393821252e-06 0.0 0.0 0.0 0.0 0.0 3.31679037341163e-07 0.0 2.7088157513930736e-06 0.0 3.772134086324372e-06 0.0 0.0 1.1034555226008195e-07 1.8806350578886573e-06 1.6130185851740535e-05 1.2542783648768902e-05 0.0 1.697515474526846e-07 5.289188349783667e-07 2.1271778611663416e-07 6.212069827230069e-07 1.6160198455168194e-06 3.0245807453742102e-05 8.107413692486662e-05 3.489098659672715e-07 0.0 2.45938923974068e-07 1.6369982391136024e-06 0.0 0.0 0.0 0.0 4.302254525401833e-06 6.893545014213882e-07 2.7926015561210233e-07 2.0087547735898372e-07 8.46000672881025e-08 0.0 0.0 0.0
6.589973835506747e-07 0.0 2.447592466580047e-07 0.0011131113627298576 3.1968694415814244e-06 0.0002356464340325876 4.6992861325463635e-06 1.9741886367691232e-05 0.0003209644830013339 0.000935554352440115 1.3764260736592453e-05 0.0015657731876498606 5.6832598067158745e-06 2.3277709332909797e-05 7.946206766545689e-05 0.0 2.561739270788609e-07 1.2020769481859817e-06 1.66057364106504e-06 0.0 9.959878045457994e-08 9.511044215010386e-07 9.94752978178868e-08 0.00019073841850273873 7.172047634838061e-07 1.0048837686836673e-06 2.918641272341621e-06 0.0009855511581337675 4.8208373944454784e-05 4.612106713915748e-07 8.434557212280186e-07 1.16636290545752e-05 0.0 3.578256751376524e-05 3.744953251018069e-07 0.00011143326323111287 2.0689361548630023e-06 6.533773879731337e-05 1.4993709689372275e-05 0.00019503736433954956 1.967593236831138e-05 1.8185730107419328e-07 1.6253307623787113e-06 0.0 0.0 2.1894467334271944e-07 1.675387661625744e-05 1.4211572794817781e-06 8.883818390726092e-06 2.0741538920904054e-05 8.774350798244605e-07 5.965327642903459e-06 1.3947033687877366e-05 1.2407425442234211e-07 5.014157742093742e-05 6.118991409587354e-08 2.707158006376026e-07 5.112679402541275e-06 0.0 0.0 9.63643211835801e-08 0.0 1.1171754104895789e-05 1.2856952096919823e-07 0.0 0.0 3.096510303777232e-05 0.0 0.0 4.3801608987444733e-07 2.6117824709717266e-05 0.0 0.0 0.0 1.518120446814806e-07 0.0 4.868925971579049e-07 0.0 0.00011868751543219295 0.0 1.299237284050289e-07 7.768643701285221e-08 4.481748813642215e-05 0.0 0.0 0.0
3.305018041454662e-05 1.2743468133669245e-05 0.0003862902160870515 1.3615490265360282e-07 7.494616706261811e-08 1.5833968089710225e-05 0.0006100697752394911 0.00010451214198786965 7.927953079799892e-07 2.6346595393868405e-05 1.3274150526350513e-05 1.1631298836760528e-07 2.2580587859467117e-06 0.00014577944967492342 1.1692999182558144e-07 0.0009000564683594905 0.00017891466903313782 2.904741335115109e-06 2.837113620049927e-05 9.959878045457994e-08 0.0 6.695791220263179e-05 0.008092266755133793 0.00033197246106432017 1.9764176033805463e-06 6.572442074290956e-06 0.000303110296212922 0.0022133520959884546 0.00018966670493997237 0.00584245583753337 1.9957887732695686e-07 3.0057135110971202e-06 3.1415110278892446e-05 0.0021979047397424653 2.8642312597280405e-05 0.003111892099105849 0.00031587073105754116 0.003216658883259899 0.0015297731212158012 0.00017678581530414909 3.5803072238818925e-06 1.708636912258517e-06 3.473653030449854e-05 2.6415510142953657e-06 4.010325937997235e-07 1.7848745470022958e-06 1.2896434970234435e-07 0.0 1.3968286338778026e-07 1.0138858310213602e-05 3.783173954180462e-07 2.143692007454843e-05 3.3039335325875276e-07 0.0 0.0 0.0 1.0310862053987797e-06 1.2798454510579027e-07 0.0005779587253942411 3.712722605123112e-07 0.0 0.0 0.0 0.0004971750191392062 4.8589980710985205e-05 0.00022142899442161663 0.0001927507723438432 0.0 0.0 1.614421132885699e-05 6.267526725128612e-05 1.7541824867385405e-05 1.8267332899052874e-05 0.0 1.8256314164406233e-07 2.8274154996618904e-06 1.5119780061685277e-06 6.98503671598781e-07 4.464732347354079e-05 2.1163789809043933e-06 6.05613413270768e-06 3.8483244732498775e-06 3.169500650098003e-06 1.433670502946005e-07 0.0 7.667917649561115e-08
5.087870248134979e-07 0.0013451719961634725 1.2718870121589863e-06 1.1812628415717329e-06 8.20272448134397e-07 3.3540573175798926e-06 3.5415707211825545e-05 1.027207493768311e-06 0.0011229850349722705 4.181746551829173e-06 3.4090950050596422e-06 2.7613254576182954e-05 1.4024974961205903e-05 9.372775361728284e-07 5.368864704031011e-05 0.000878124887210561 2.9514050789207322e-06 2.170234032418756e-06 5.324595191985037e-06 9.511044215010386e-07 6.695791220263179e-05 0.0 8.938183483624758e-05 0.004035004640055926 0.000250357270417215 1.6441660842156605e-05 0.0016908626625982378 0.00013198913329978934 4.521045512869944e-06 7.214494315704102e-06 7.429603794576227e-07 6.173607386028952e-08 1.7622786089283212e-06 3.466744485514862e-06 7.775961829815166e-08 2.3122048667700366e-05 6.541249991940626e-06 9.209086276506355e-06 5.178230969545475e-06 2.344873894355079e-05 0.0 2.55001240973516e-06 1.7054933042236579e-07 2.182768121692641e-07 2.3516566880680374e-06 1.2288954861004137e-05 8.160212744696022e-08 0.0 1.6984621991812585e-07 4.934786596676323e-06 3.041762138679223e-07 1.7102367121717e-05 1.9897330736658384e-07 1.6051122844905934e-07 4.925910678897134e-07 1.679579849052641e-07 3.123388728894348e-07 2.098479394021653e-07 0.00032025552912155167 1.1075429872116665e-06 5.485750702983864e-07 1.477702666191472e-07 0.0 7.863323002672861e-05 5.403541243325637e-05 0.00014454084324100813 9.208907891085378e-05 2.06011235416606e-07 1.5102087079958768e-06 0.00011013329334926183 2.2949866443190107e-05 1.733160013579743e-06 4.3296526834205915e-06 0.0 1.126493481158515e-07 8.582229136156083e-08 1.6876095499964061e-06 0.0 1.4621464593909626e-05 1.614968796127016e-06 2.5866955209584847e-06 2.1648395995645515e-06 1.2435637974948518e-06 2.3790525516240555e-07 0.0 0.0
0.0001003560160668736 9.119754923537926e-06 0.005661682182961977 8.659321531589963e-07 9.66326956920103e-07 4.228322404773139e-05 0.0010180761497463684 0.00030613027617579106 2.10212210808315e-06 6.033790969383241e-05 5.3075506853782804e-05 1.3553202977016912e-06 5.558691708004758e-06 0.00046589749651693586 5.64806065220861e-07 0.0030580035900894635 0.0023982023173007524 2.1703861177762164e-05 0.00022493747347215832 9.94752978178868e-08 0.008092266755133793 8.938183483624758e-05 0.0 0.00023113453193217366 3.064671266604364e-06 0.0001931246981634535 0.00751195601131563 0.0035204094766443186 0.00031997974627166455 0.0038264069428214672 2.522592889923256e-06 7.499580700924946e-06 2.8453701411429918e-05 0.0015315979313439677 8.260650655460218e-05 0.006967006413088329 0.002348136878244542 0.005288863976837552 0.0035129346865631125 0.0008993031383928868 7.687634144718371e-06 4.9257667229246725e-06 0.00010097894238713698 8.412245675450621e-08 9.99917020233956e-06 0.00019776571809673805 2.919181631255688e-07 0.0 5.706151230186975e-07 2.000420080755012e-05 1.985333820896288e-06 4.8641910673757165e-06 5.279808568849264e-07 2.450184476283731e-07 2.8005410441378315e-07 0.0 1.403212126811721e-06 5.717427220686133e-08 0.0013470248291516421 5.499072232893499e-06 1.2875535088667217e-07 1.47864264115756e-06 0.0 0.00013285462585631435 0.0003256837727215314 0.001503714654226988 5.7582395065751216e-05 0.0 5.16259913130124e-07 0.001029758081760414 2.689747603693731e-05 2.121849251790228e-06 6.101394527896148e-06 0.0 9.035049983776145e-08 6.000812777176499e-08 2.135840037233852e-05 4.368297163500178e-06 0.00020275742189522345 2.2807899834618134e-05 9.24278797707736e-05 6.800806356473382e-05 5.773904096981106e-06 1.0668876434367019e-06 1.570842861812184e-06 1.0863832534261931e-06
2.380337479655116e-05 0.00036799728546728973 2.477755494036131e-05 0.0007409706186778875 2.7294543617979807e-06 0.00022983129214764034 0.0010800150185142343 0.00014464315411523795 0.005725156147556536 0.0006505988078701933 1.1463774716645296e-05 0.001419914214807562 7.86939826559049e-06 8.162539368730894e-05 0.000151185289571403 0.001536632700396673 1.3542022336108478e-05 2.446729860725049e-06 5.788359669413089e-06 0.00019073841850273873 0.00033197246106432017 0.004035004640055926 0.00023113453193217366 0.0 6.573624875440409e-05 9.662250995947388e-06 0.0013141489294289238 0.00600444603474782 0.0003207502715760409 0.0005722430501769991 2.1714775794692605e-06 7.555937555685386e-06 9.828036950989096e-05 0.0001764560865946405 1.8367908973996274e-05 0.0013097725995195725 3.124753500347165e-05 0.00030050742303036105 0.00022452560916830268 0.00019307618365510922 2.2257124456496796e-05 2.0328046678482513e-06 1.6649070242084697e-05 1.2486736229480279e-05 2.838151838562564e-06 3.850029802491389e-06 0.00011116385673631037 2.8735177470310973e-06 4.813159255654473e-05 0.000635071574246987 1.9905497561941183e-05 0.0008310300923464786 0.00013792310386173147 2.686387322037849e-06 0.00018641976006531923 5.343228855993214e-07 1.7710281561530518e-05 3.747478249039744e-05 0.00026686310777900767 8.736962139728603e-07 4.174084892197349e-07 1.2468288222873574e-07 8.913290627907757e-05 0.00039519850221440296 6.31267153675653e-05 6.421463591965335e-05 0.0028363958712184353 3.887979879811611e-07 1.3690707411922864e-06 1.950269378523156e-05 0.0015262651233813771 4.6774483565559594e-05 0.00011976079929593118 0.0 1.462521970214221e-06 6.076909285210141e-06 7.843381447460755e-06 3.9857075604045836e-07 0.00040633465396040677 2.235199221867084e-06 2.4688646307649605e-05 1.1410994802066609e-05 0.0001655148935880264 5.830662044961783e-06 1.6188628099262866e-06 4.50149954977426e-07
