0.0 0.0 4.876959187421893e-06 2.1943261362417786e-06 3.149159091839605e-07 4.7179757420145e-06 0.0010162317805587594 0.0007759618060315888 0.0 2.3848082023321592e-05 1.9562545372265228e-05 2.4166023083838577e-06 2.5091564441856673e-07 0.0028710565788247024 6.683229494785186e-08 1.0206947044194276e-07 6.055061574246113e-05 6.319415926727725e-06 4.6481471181671856e-05 2.393343201809132e-06 1.3111019310841778e-05 5.0853464586776894e-08 1.014539973264598e-05 1.6360508462942878e-05 1.755516356012425e-07 6.215672640627403e-05 5.356109907746743e-06 2.41132869222928e-05 0.001411117364242982 0.0015325976897433342 3.0553143263478456e-07 5.719401646370248e-06 2.831131321588755e-06 6.698193936495559e-05 1.6672899793463714e-07 3.494666371373338e-06 2.4407151625230593e-06 2.2847680909514953e-05 1.3327477210397976e-06 7.139326124063515e-07 8.082119593008567e-07 0.0 0.0 0.0 1.871533110671987e-07 1.8756570265715342e-07 0.0 0.0 0.0 0.0 0.0 2.0586530433163875e-07 0.0 0.0 0.0 0.0 0.0 1.7838119759068762e-07 0.0 7.12678889977353e-08 0.0 0.0 0.0 0.0 0.0 0.0 3.5993950984868254e-07 5.368603705396811e-08 3.696608648387321e-07 2.6998383900488403e-07 3.728920883577149e-07 3.736021224931499e-07 0.0 5.145388543315083e-08 0.0 0.0 0.0 0.0 6.190618043257312e-07 0.0 0.0 0.0 0.0 0.0 0.0 0.0
0.0 0.0 0.00011772645616566048 5.174802306480488e-08 1.6222446035571836e-06 7.264955473725039e-07 4.6970105397345705e-07 7.534137879692638e-07 0.0002788587057330116 8.741211979104797e-07 2.7245275732376717e-05 4.916091681876212e-06 0.0003996499846016685 1.1695339044548888e-06 1.97710699372558e-05 6.469311167267517e-05 9.020516239667194e-05 4.22749706045533e-06 2.0761510747874488e-05 4.515910406239986e-08 6.714114225226005e-06 0.0015508790715599127 5.874804361760803e-06 0.0005625297007148831 0.002465457552369241 0.00015497059353217744 0.0025702286286307867 9.684361266582502e-06 1.2474218898397932e-06 7.368136587995919e-07 1.2533134932774479e-05 1.558764768652647e-07 1.6549480573080493e-07 0.00019512789822532644 3.094929980549786e-07 4.738247290746582e-05 0.00032692723609903943 0.00014462297332646203 2.1859797110971296e-05 9.248980627850154e-06 0.0 0.0002296484688355058 4.2978591505289895e-07 7.160110701666063e-08 0.00014357207540395265 9.723220264915301e-05 0.0 0.0 1.0022162325181694e-07 1.829369834693149e-06 0.0 1.8047656984974929e-06 1.0814498934808186e-07 3.4746986260995385e-06 6.124272297336661e-08 2.6777519455002038e-05 5.025745857611225e-07 0.0 4.509970322945933e-06 1.4261218304344207e-05 2.151454062217706e-06 3.7524206848256063e-06 0.0 0.0 1.955885797563887e-05 1.460959929023709e-06 3.3600952488742133e-06 2.195930222456998e-05 0.0001436907312072027 0.0009735785258808986 8.313774021374944e-07 1.0594776724389516e-07 4.878864130017114e-07 7.849981035959351e-06 0.0 0.0 4.101010239009175e-06 0.0 1.9397857358620833e-05 2.5722396867267045e-05 1.711977050067908e-05 5.3049017849571425e-06 4.6510485592005225e-07 0.0 2.2341396525983133e-06 0.0
4.876959187421893e-06 0.00011772645616566048 0.0 9.413737236525896e-07 0.0 1.4524894666135769e-05 0.00037852591786396945 0.00011852002351042566 1.8372229230804398e-06 6.159596753159806e-05 3.05608611315726e-06 6.836743085547696e-07 4.1156850540196457e-07 6.859767385624174e-05 4.360507950029635e-08 5.985273455878447e-06 0.002486588959823977 7.80987498888842e-06 9.702618929311446e-05 1.076494288245791e-07 0.00030444511586740815 4.355500885562087e-05 0.006134879273565563 2.8308681344595026e-05 1.3340100283146073e-06 0.003770963334565956 0.004625665047407074 0.00016380511619808487 1.9473577664457343e-05 9.493071132441634e-05 8.002660285773526e-07 8.687927599592978e-07 2.770175913826614e-06 0.0003505744296800285 5.127686328084899e-06 0.0015823295115960905 0.004107846426759269 0.0011009198351739893 0.0003779113264556138 4.942817767067716e-05 9.093877433064707e-06 2.6021594362383438e-05 6.115166104565475e-06 1.2844482979241846e-06 0.0002528295556057953 0.0017464916781784366 0.0 0.0 5.236430414466624e-07 2.7561882676753025e-05 5.2680524248633254e-06 1.4652433125212708e-06 4.383334787886506e-07 1.1052434017230538e-06 0.0 3.762589986942117e-07 8.239436709078068e-06 0.0 2.396733292425535e-05 0.0001237708186008841 1.3709395030029607e-06 1.3973737393233752e-05 0.0 1.0710728584313556e-05 6.157143713416395e-05 0.00011316116084575217 8.246215938122682e-06 1.709195654127446e-06 0.00020469253590210776 0.003080624059414171 1.2968522880388557e-05 1.974136775437276e-06 5.93666857493738e-06 7.020338406670357e-07 0.0 2.003103309206014e-07 2.1852488033855976e-05 2.3355189460957823e-06 0.0001662912433567632 0.00013862408192066923 0.00012309820554118488 3.336359903859511e-05 3.3941101584412123e-06 9.045599629565439e-08 4.18751983790761e-07 0.0
2.1943261362417786e-06 5.174802306480488e-08 9.413737236525896e-07 0.0 1.2870148438433118e-06 1.544894885612205e-05 8.072129498451833e-05 1.0185299264930909e-05 5.976973853830591e-05 0.0007913600264317173 1.5052854337918992e-06 0.0012975361332069754 4.114547252927118e-07 1.2064081956905702e-05 1.7888942536719465e-05 1.0350218192186902e-06 3.507421733684591e-07 7.031789067800314e-07 4.760363153045772e-07 0.0014913365011283764 2.5450726837745923e-06 3.412476927662232e-07 2.2848023645428423e-07 0.0007275511068064782 0.0 3.1071159319291436e-06 1.311320476217735e-06 0.0012917043979679664 8.656525117220917e-05 7.686108590641789e-07 1.5973957773252765e-07 2.234951137840099e-06 5.3880729713792815e-06 2.3973650338038934e-05 1.6750311896083626e-06 9.008391132634887e-05 1.3424453111988977e-06 4.983031092014704e-05 1.387023111945458e-05 7.883168582107826e-05 7.943611543158112e-06 2.049438704614827e-06 1.889729403117433e-06 0.0 3.0973869291294025e-07 1.0595038695764247e-07 4.332179008333291e-05 0.0 9.476728991246334e-07 4.178977248438068e-05 1.5170070658307228e-06 3.0627160922849505e-05 4.090189373412357e-05 1.9099022675915195e-07 1.9882835470687336e-05 8.952927634556717e-07 6.85442894451336e-07 1.803585487548928e-06 9.596419126864337e-07 0.0 1.4123976533206757e-07 0.0 2.5600153188601343e-05 0.0 1.6500296384511152e-06 4.556812870214418e-07 0.0001256664818470338 1.4336512274695823e-07 1.670217359931933e-07 1.7508119243061186e-06 7.56684224336539e-05 9.862914870844432e-07 1.3320167730556495e-06 0.0 0.0 0.0 1.2778190903560222e-06 1.3758207075700876e-07 8.942327315762102e-06 1.9185328886139625e-07 4.1778560408596335e-06 1.0539373965391357e-07 3.657617180660182e-05 7.338609782387989e-07 0.0 4.4237479993848455e-07
3.149159091839605e-07 1.6222446035571836e-06 0.0 1.2870148438433118e-06 0.0 0.00047824880712208875 1.375523487687708e-06 2.8097998968840722e-05 6.394131426403751e-05 6.3629825239489125e-06 2.6939883060835396e-06 0.00013724184609236628 6.362449773059925e-07 1.8317645680618084e-06 0.0007793189799607066 0.0 0.0 5.56990514141487e-07 0.0 6.2314560830079795e-06 0.0 3.621353176264367e-06 9.848333352732376e-08 2.278918732690764e-05 3.3513251928897777e-07 6.176574304130185e-07 1.223656628252331e-06 2.3186342490250393e-06 0.00012443407127583087 5.432272478682174e-07 2.1138730603342735e-07 0.00020305532624557366 4.7861013820633546e-08 0.00014100011137849902 0.0 1.79977647958379e-05 1.1003053649184228e-06 6.64511908304496e-05 3.877615819525322e-05 0.0013002455288670214 8.900864828761477e-05 1.752185651156637e-06 0.0 0.0 0.0 7.568258913584423e-08 0.0 0.0 0.0 0.0 0.0 1.6228923307717423e-07 1.395683640369669e-07 0.0 9.74103466250847e-07 0.0 0.0 0.0 6.891971635575353e-08 0.0 0.0 0.0 0.0 0.0 0.0 0.0 1.7607917656940101e-06 0.0 0.0 1.8525636318440288e-07 4.6791285411658206e-07 0.0 0.0 0.0 0.0 0.0 0.0 0.0 6.169280574470289e-07 0.0 0.0 0.0 2.3073616327325923e-06 0.0 0.0 0.0
4.7179757420145e-06 7.264955473725039e-07 1.4524894666135769e-05 1.544894885612205e-05 0.00047824880712208875 0.0 0.0013168222202034382 0.002636019906574415 0.0001109558523870078 0.0037007589726621875 8.258558644878908e-05 0.0012373121949992361 9.669855995298874e-06 0.00039301194584289264 0.0009211802139481399 4.7093509864394273e-07 8.800182178156448e-06 1.921186410624455e-05 1.528827906070291e-05 0.00010757880263785308 1.8551191051861315e-05 1.7390417338593582e-06 4.806108191774874e-06 5.351283859518049e-05 5.602788250907894e-07 7.287553045160194e-05 3.2845205273490766e-05 0.00023737309939172766 0.0003080033851364339 1.8296247930503156e-05 4.464996760010001e-06 0.000522100020734968 1.8417771538778473e-06 0.0002735969101694616 1.3224358219628142e-06 0.00017492781885696993 1.6966583437098862e-05 0.0003840409392248379 0.00013347694939363995 0.0013319245231096838 0.0001141474282131282 5.5978055952344164e-06 2.331917629196025e-06 0.0 1.4329422300549605e-07 6.068781177826117e-07 7.42193577913926e-07 0.0 0.0 1.316304527476923e-06 2.4398287303412525e-07 1.2472693483342884e-06 9.113722633950997e-07 0.0 6.494773376545871e-06 1.3857984276676995e-07 0.0 0.0 6.294708521176904e-07 0.0 0.0 2.0101708742331144e-07 8.152054426510763e-07 5.164743323420669e-08 0.0 6.071744763892388e-07 5.553922251893071e-06 1.0331137425367031e-07 1.386116274306875e-06 2.318362879377399e-06 6.494231123711894e-06 1.043042736756093e-07 6.08014985826407e-07 5.9208337809837515e-08 0.0 0.0 0.0 0.0 7.457384266246805e-06 5.523716278518233e-08 3.138454191839262e-07 7.552711291296067e-08 4.53800136371407e-06 0.0 0.0 0.0
0.0010162317805587594 4.6970105397345705e-07 0.00037852591786396945 8.072129498451833e-05 1.375523487687708e-06 0.0013168222202034382 0.0 0.0022341927391076955 1.3366911346747678e-05 0.004843801136622519 2.5828375712211014e-05 1.6333609341870345e-05 2.1123936358094583e-06 0.003514465153910602 2.537535743399298e-06 2.9123408882875528e-05 0.0002448023751621994 1.7911596325935668e-05 0.00011635603656219584 1.8385324186967575e-05 0.0008471738372415986 4.884249017416577e-06 0.0002501564216207134 0.0005012947833520778 1.0100436341536181e-07 0.0007354467821855188 7.567989183151885e-05 0.010075401048597452 0.000625058184458774 0.0018281059439030575 1.6553251645038642e-06 1.3924854176678656e-05 3.6562160317466754e-05 0.0001808623304265959 5.806866539636819e-06 0.0005362888819156048 3.8255145206850266e-05 0.000464413991019609 0.00015130756273578654 0.00010632254643926274 4.8976917351967365e-05 1.9338947943307945e-06 8.02456140371716e-06 0.0 1.2842516000868117e-06 7.278870599660512e-06 1.0798479217773192e-05 0.0 2.3309224689252354e-06 5.441232191574706e-05 1.4388313824453693e-06 2.1474732496768754e-05 1.148707650276909e-05 5.423109700891519e-07 2.2699171590054877e-06 1.0778377189242365e-07 6.198196105562404e-06 0.0 7.467410791970394e-06 1.0123525669128187e-06 3.08395493502984e-07 6.36472202583928e-07 6.103339269288436e-06 1.056677700853949e-06 2.5238448601757314e-06 5.446212529778429e-06 0.00010570708784185855 2.6166998802692564e-07 6.353666008436431e-06 2.252896598077215e-05 0.00011833514158288728 1.2124344994660113e-05 1.0625306593270736e-05 1.2060993824783271e-07 1.6159548343328252e-07 7.528784253413084e-07 4.244893379247405e-06 0.0 4.562569695958964e-05 1.7010072423805015e-06 6.04420423561487e-06 1.0208221253821496e-06 2.1003868744453706e-05 9.604009278929064e-07 2.8811278447134736e-07 3.5079946415555364e-07
0.0007759618060315888 7.534137879692638e-07 0.00011852002351042566 1.0185299264930909e-05 2.8097998968840722e-05 0.002636019906574415 0.0022341927391076955 0.0 5.931117876006001e-06 0.002015208961753584 0.0002298975398704931 0.0004169093421433087 1.2056061262662013e-05 0.0020291039729287944 8.512782869733634e-05 2.264276361060665e-06 0.0003477194406771792 6.463065833890907e-05 0.00030915396925576896 7.416370092813574e-05 0.00014625084215239315 1.9834409420099162e-07 7.609359848587558e-05 7.699792487164555e-05 1.1839254155662042e-06 0.0006578945347509022 6.0364263015117633e-05 0.00019186338384658003 0.000511645464529824 0.0009202315512278567 5.038059604767753e-06 0.0004730049673995411 6.2840810123852685e-06 0.0004964240523167775 1.8476505520992823e-06 0.0004169230008164141 3.3284793854344574e-05 0.00041185369923120067 0.00019884679772292277 0.00048601439050697956 5.441223310067247e-05 1.5520325229978118e-05 5.128418141332188e-06 0.0 6.121022576325939e-07 1.4054831920207508e-06 2.8401601470755623e-07 0.0 3.717108566378882e-07 1.6806144934093153e-06 0.0 1.5134571702833019e-06 0.0 0.0 2.33027116502387e-06 5.714119904716929e-07 2.8391866662319326e-07 0.0 1.1697334333375594e-06 1.4891534319180567e-07 0.0 7.95886915874852e-07 1.3854083016509028e-07 1.070642390019067e-06 7.556933934916133e-08 6.442338920693686e-07 7.714532038212515e-06 3.367463267555154e-07 3.6753934927193204e-06 9.041736943386505e-06 7.10513231237064e-06 2.9061699954527223e-07 9.019607324200862e-07 1.9930013819802e-07 0.0 0.0 4.854479579264477e-07 1.8928081768408293e-07 1.4016436932990176e-05 7.646078447483942e-07 1.2470078235469861e-06 1.4700175195256963e-07 4.0667853256919037e-07 0.0 0.0 0.0
0.0 0.0002788587057330116 1.8372229230804398e-06 5.976973853830591e-05 6.394131426403751e-05 0.0001109558523870078 1.3366911346747678e-05 5.931117876006001e-06 0.0 6.767338319422531e-05 1.1132187434185515e-06 0.00035086225945168 1.0973259720496608e-05 3.1211651577018058e-06 0.0004993967729700069 3.3561779833318464e-05 3.7960865919259257e-06 5.46876636714607e-07 5.935723564042237e-07 0.00012698007759847073 1.1366721721450333e-05 0.0009126675733133119 4.4830973910360996e-06 0.004373444300125745 0.0001108849018143267 5.588953853624674e-06 0.00021247146712329249 0.00020999298448471076 7.088933314407934e-06 2.269983061353891e-05 4.741910040930561e-07 7.454199288450869e-07 1.1741941319806741e-06 8.24650233623473e-06 7.249785138064945e-07 0.00015347753305439179 7.931007908925265e-06 1.0603052770944281e-05 3.61297446244999e-06 0.00021266964417784612 2.154696613905267e-07 1.4611793709207693e-06 0.0 5.503385585262492e-07 4.701422815540932e-06 4.080194671429085e-06 3.41282847012027e-05 1.5094987588868127e-07 3.0338028001110546e-06 3.392067232293138e-05 4.155038880392815e-06 7.539026110036973e-05 2.4847216738793594e-05 6.221677640587606e-07 1.7497392244957965e-05 7.979914072896826e-07 6.359258746396785e-06 4.559627108672766e-06 8.239441746345006e-05 7.891827613666679e-07 6.516844257522671e-07 5.876540960832891e-07 2.065980253476208e-05 2.485964340079624e-05 1.5446988684219198e-05 4.628078386716446e-06 0.0005622742847092753 1.694666107627236e-07 1.8769551206513387e-06 1.698179059229738e-05 0.00020456625754129284 2.4267536975596712e-05 3.351816779183917e-05 6.947111346604092e-07 5.457824935304802e-07 1.0943139878684411e-06 4.569059306278452e-06 2.3346467847747078e-07 2.3308802301281327e-05 1.610864722547056e-06 9.585411743629792e-06 2.4110520560399086e-06 2.8086178517371453e-05 3.0237368550722357e-06 0.0 2.703934394234185e-07
2.3848082023321592e-05 8.741211979104797e-07 6.159596753159806e-05 0.0007913600264317173 6.3629825239489125e-06 0.0037007589726621875 0.004843801136622519 0.002015208961753584 6.767338319422531e-05 0.0 5.849916141732948e-05 0.0013031958021580985 6.6895658287236105e-06 0.0008069209784057817 4.1426410647480646e-05 3.8187663190993986e-06 1.8492279048733775e-05 1.8691385100833395e-05 1.6837446426300893e-05 0.0011617736322186358 9.736711681459445e-05 3.4344727939134166e-07 1.829638324649361e-05 0.00032973603834832025 6.698427144051328e-07 0.00014566661365301913 4.1870790218253894e-05 0.0025736127101143023 0.0012463241865005705 4.54708524585462e-05 4.329485662686453e-06 4.523663593817281e-05 2.115971450248379e-05 0.00036266439546142783 1.0279496072899135e-05 0.0007120159513690017 2.97059951008471e-05 0.0009058494167100246 0.00017340621835634554 0.00023996023994924195 7.704856409787625e-05 4.93867713922866e-06 1.6159289155150167e-05 2.941639803122528e-07 1.194916067721777e-06 2.2467582195982594e-06 6.910390489251292e-05 0.0 2.347285886821531e-06 7.816255854371897e-05 2.814685005901278e-06 4.158226526149891e-05 6.356490628856247e-05 2.1786954566667276e-06 0.00017177034993742657 5.538349991535847e-08 3.5893530777744666e-06 7.278074537634517e-07 2.6665812436485632e-06 6.460335716155561e-08 4.1793593299000926e-08 6.143909384494467e-08 4.462563815504598e-05 6.170788923505793e-07 1.52248424530689e-06 1.1733658797734282e-06 0.0002505349228471572 0.0 2.3632244365916244e-06 6.827208519736479e-06 0.00015389089985172902 4.0985821750663695e-06 2.1811214511552935e-06 0.0 0.0 0.0 2.448995248301609e-06 8.077205257236682e-07 4.883730742340056e-05 7.909068799151218e-07 7.705444534327676e-06 6.43746724997065e-07 5.7460309217747364e-05 1.4778800978958157e-06 0.0 0.0
1.9562545372265228e-05 2.7245275732376717e-05 3.05608611315726e-06 1.5052854337918992e-06 2.6939883060835396e-06 8.258558644878908e-05 2.5828375712211014e-05 0.0002298975398704931 1.1132187434185515e-06 5.849916141732948e-05 0.0 5.757729125119397e-05 0.0008636326105491575 0.00019512705496459173 9.262179778442456e-07 4.4536965509943705e-07 0.00014084778065827271 0.0013291189530727937 0.00027328576441114924 1.1647591571594242e-05 1.001885914925088e-05 2.4474625841756455e-06 3.477311120282585e-05 1.3490154161109748e-05 0.00017504223685655171 0.000664972829645032 0.0003249645333573252 1.2057329798236475e-05 0.0002939502151674126 8.626960390758072e-05 0.00021698153215865944 7.660789722769197e-05 1.747696784011549e-05 0.005252024651594501 4.62386423623227e-06 0.0003497958050628563 0.0021851395079830497 0.0017343581876793498 0.0004168457759375983 1.3057220378878638e-05 2.0213541654640768e-05 0.000374264907463464 2.344881795053839e-06 0.0 2.5792421468829505e-05 1.0835096264682314e-06 7.866710898776637e-08 0.0 4.81340063350853e-08 1.5542182375009716e-06 1.4483200693732145e-07 1.64126118938394e-07 0.0 4.010588675002899e-05 2.670279924582235e-07 0.00025024081211840826 1.825348554154112e-07 0.0 5.202037759721771e-07 5.239075647495476e-07 1.3263667251687403e-05 4.328112199003525e-06 0.0 1.7748455370886993e-07 1.4471131349519948e-06 1.696617614936522e-07 2.582053807096384e-06 0.00012704206944394163 5.59535390641797e-05 6.977238343783595e-05 3.2504430110096444e-06 4.239922167376751e-07 5.613713852819821e-07 2.6775395110383634e-05 4.0552634498168526e-08 0.0 7.56889833108293e-07 9.703970059236885e-07 1.6629750025795038e-05 0.0001677537253793479 6.710974269025077e-06 4.076789561918008e-07 0.0 0.0 2.6333546641639865e-05 0.0
2.4166023083838577e-06 4.916091681876212e-06 6.836743085547696e-07 0.0012975361332069754 0.00013724184609236628 0.0012373121949992361 1.6333609341870345e-05 0.0004169093421433087 0.00035086225945168 0.0013031958021580985 5.757729125119397e-05 0.0 6.183669358208387e-06 0.00024994406220948506 0.001041483806399202 1.6956181363248067e-07 1.1795571565331409e-06 1.3427678537846177e-05 7.169110239789897e-06 0.001653394349368457 4.858117472472003e-07 1.316069979760136e-05 5.463915670082567e-07 0.0005117875782607701 2.3596184424860445e-06 2.9950182104209353e-05 2.967932521868331e-05 0.00021306283666328748 0.0003138195864657813 5.2053023855878794e-06 2.312373165068106e-06 5.729117522290801e-05 4.838721064038379e-07 0.0001946390958455619 1.6322913317795125e-05 0.00013003391825409428 1.0422259618457269e-05 0.00039373593865451206 5.544298199929903e-05 0.0014800687723006951 1.619230789962467e-05 2.030201576371992e-06 2.697068802358441e-06 0.0 6.35531490092772e-07 7.003010814493424e-08 7.528055826654208e-05 0.0 2.1754580526967427e-06 1.7058095289681536e-05 9.748540640817937e-07 2.4318999417963955e-05 5.036955878694663e-05 5.119238736134646e-07 9.958610627980294e-05 1.5753763057386524e-07 2.13254085340558e-07 5.210337196293038e-06 1.0668220498979622e-06 0.0 4.981256897857277e-08 1.0701753951413568e-07 4.763409471825371e-05 3.5761138180488593e-07 1.1049682719687715e-06 7.636729538433435e-08 0.00018331874062513215 1.1366470228930591e-07 6.439004387945664e-07 2.2187649633163764e-06 5.012480177454432e-05 1.0960278987042725e-06 0.0 1.9654572650537139e-07 6.900318833077009e-08 0.0 9.039182566974769e-07 3.223555134370549e-07 9.893424647278814e-06 0.0 1.8811957513775175e-06 0.0 0.00022005242502948764 5.222049382210298e-07 4.583101478362197e-08 0.0
2.5091564441856673e-07 0.0003996499846016685 4.1156850540196457e-07 4.114547252927118e-07 6.362449773059925e-07 9.669855995298874e-06 2.1123936358094583e-06 1.2056061262662013e-05 1.0973259720496608e-05 6.6895658287236105e-06 0.0008636326105491575 6.183669358208387e-06 0.0 1.0127615181846285e-05 5.665856403977495e-07 1.0773775624165058e-06 1.707129294101604e-06 4.045724926523299e-05 1.0088268847774686e-05 9.443937791040791e-07 2.929771702369733e-07 5.279676324034868e-05 7.159454896003934e-07 1.8738517164351138e-05 0.0016341757098849844 0.0001529624283618278 0.0015127091809176811 2.005690605490956e-06 9.520234776817052e-06 2.4116264631686463e-06 0.00015061540729337586 8.006699573355616e-06 0.0 0.002372746383875717 1.084045746699858e-06 0.000295144642843934 0.0022676581542062793 0.0009659895058235897 0.00022585768889843186 2.1624839462812844e-06 4.8218438995418215e-05 0.0008595013464761583 4.7469397318298573e-07 2.416706267557099e-07 0.00016270434345948688 7.584358470084204e-07 0.0 0.0 1.8190893921180716e-07 5.891876533841071e-07 2.190173240008114e-07 1.2539896637249963e-06 2.2768265922094682e-07 0.0001638795541879349 2.1190798311232465e-07 0.001533653297544322 8.973438836855593e-07 1.1890503492091357e-07 0.0 9.857453106609284e-07 5.669438006434772e-05 1.2938229643032962e-05 0.0 1.2684749262969304e-07 6.228666203501351e-06 1.5499303123687705e-07 1.997723350217802e-06 0.0006806564172779148 0.0002536423588267636 0.00041485573006323675 2.557096488031372e-07 6.115788172939909e-07 3.941133965650034e-07 0.00020599856144639354 1.0363570837270375e-07 0.0 4.872908292554088e-06 1.2240577076232583e-06 1.599425796299227e-05 0.0004969517050793261 2.1603492089354667e-05 1.6059230891186803e-06 1.708232357072113e-07 0.0 6.36587106458668e-05 6.589318538656889e-08
0.0028710565788247024 1.1695339044548888e-06 6.859767385624174e-05 1.2064081956905702e-05 1.8317645680618084e-06 0.00039301194584289264 0.003514465153910602 0.0020291039729287944 3.1211651577018058e-06 0.0008069209784057817 0.00019512705496459173 0.00024994406220948506 1.0127615181846285e-05 0.0 7.071033587913279e-06 1.4666639390264251e-06 0.0003254815644167188 5.846478464435004e-05 0.00026712258599133516 5.2936382846305543e-05 0.00010870162448230335 4.5471032221947823e-07 7.012964002586685e-05 8.535134072442295e-05 1.0175957186275611e-06 0.0005164764077454882 6.930205716545173e-05 0.00010734031956075837 0.0036356247301608463 0.002139108464621312 5.436411474882167e-06 9.288797346079044e-05 6.2018578114495325e-06 0.0005281963273049477 1.6041774466511887e-06 0.0002571142643435724 2.504923317723222e-05 0.0003563275597700681 5.834243008041857e-05 9.434806208578149e-05 3.6684619713809365e-05 3.2635154862807273e-06 2.4047626337182845e-06 0.0 7.298703009006918e-07 9.812227716213037e-07 6.262720380862844e-07 0.0 2.7893050037985456e-07 3.8085004344769716e-06 0.0 1.2146480586952593e-06 5.2062728439916e-07 0.0 1.0597703785984058e-06 6.132443371921702e-07 2.5966100252332085e-07 0.0 1.6444352257879097e-06 2.679718230865944e-07 1.5917233593956504e-07 3.562211710934371e-07 1.4884172006451487e-07 5.883293721597666e-08 0.0 0.0 6.984050813686131e-06 2.4118389032128285e-07 2.94263299761116e-06 8.56437131275609e-06 7.311784112985077e-06 1.8183765747859915e-06 4.941910232832494e-07 2.0743728808813766e-07 0.0 0.0 0.0 0.0 9.47641275152442e-06 5.928508146677618e-07 9.124400140597542e-07 4.234477588782772e-07 5.478835358549125e-07 4.514227888107857e-07 0.0 0.0
6.683229494785186e-08 1.97710699372558e-05 4.360507950029635e-08 1.7888942536719465e-05 0.0007793189799607066 0.0009211802139481399 2.537535743399298e-06 8.512782869733634e-05 0.0004993967729700069 4.1426410647480646e-05 9.262179778442456e-07 0.001041483806399202 5.665856403977495e-07 7.071033587913279e-06 0.0 2.9840069143627993e-07 5.08286781870875e-07 2.1172318762736518e-07 5.5681301956348506e-08 7.845779223649068e-05 6.503595444016029e-07 5.810605450122908e-05 0.0 0.00044414476397195205 7.114746877142151e-06 8.834812796214425e-07 2.0566416649813974e-05 2.2308255703645487e-05 2.6609750801536783e-06 0.0 1.5452206492097446e-07 0.00020618775528718876 6.327605546653156e-08 2.1211341572128797e-06 1.1910064180900001e-06 1.5824752255892723e-05 3.4969475439390705e-07 6.191245973091725e-06 1.3879904103443918e-06 0.0008778993112046196 1.0334668289112754e-05 7.179734231705542e-08 0.0 0.0 4.28481313556297e-07 4.6938662053819003e-07 3.860892456548796e-06 0.0 8.165359063445811e-08 5.636042905190832e-07 0.0 5.083092978519834e-06 1.626445300595114e-06 0.0 6.227975930859575e-06 0.0 0.0 0.0 7.851091344013385e-07 1.2088117631167746e-07 0.0 0.0 2.608631568641138e-06 3.7975590584591293e-07 9.922160793771139e-07 0.0 8.607938137258377e-06 0.0 7.096097976313969e-08 1.0066143092367768e-06 1.992795030677101e-06 0.0 5.017722675237585e-07 5.890053540038747e-08 0.0 0.0 2.661635387576568e-07 3.8162650108311385e-06 2.159870329249849e-07 0.0 0.0 0.0 2.914839011829222e-05 0.0 0.0 0.0
1.0206947044194276e-07 6.469311167267517e-05 5.985273455878447e-06 1.0350218192186902e-06 0.0 4.7093509864394273e-07 2.9123408882875528e-05 2.264276361060665e-06 3.3561779833318464e-05 3.8187663190993986e-06 4.4536965509943705e-07 1.6956181363248067e-07 1.0773775624165058e-06 1.4666639390264251e-06 2.9840069143627993e-07 0.0 1.903638447887856e-05 3.427609462886523e-07 1.5027739776218327e-06 0.0 0.0022011791392725108 0.00130941230816077 0.002680658488659326 0.0007128790459046581 9.632017982351067e-06 3.183154614727396e-06 0.002598275154187957 0.0006385462046297744 2.3726864977378144e-05 0.00014043352650766714 5.663199886641329e-08 2.5199759417097507e-07 1.1227846361415747e-05 7.278334339471574e-05 1.5238945835541889e-05 0.001496273953306204 0.0002774054100058304 0.0002753346965420756 0.0002878343854777915 1.8797092719675677e-05 3.950466494511691e-06 1.633896472260051e-06 6.555388105886623e-06 1.246141471849854e-06 5.878346338356168e-06 1.893340259842366e-05 2.9114849440711686e-07 0.0 5.4021691366804583e-08 5.6588379316682865e-06 6.720434454105335e-07 2.16453913364667e-05 2.5488327744668966e-06 4.0732174606082454e-07 2.1868815318044547e-07 3.8703941981841124e-07 4.902781243292002e-06 2.997824448983254e-07 0.0021174026033854024 4.159767667063458e-06 3.3108837108123396e-07 2.163277069602513e-06 0.0 0.00043426760457707065 0.0006685716688617938 0.001009323331043335 0.00014867249093060395 7.468177873662269e-08 2.552420011900533e-06 0.0004364126473464478 0.00020103463374364307 3.745171563667349e-05 9.207805804159709e-05 5.3383721290052745e-08 1.4852034458718686e-07 5.851261169758921e-06 8.855321877223023e-06 1.99283588146453e-06 4.668413935066233e-05 2.4743872006054068e-06 1.3578258802828004e-05 3.739203535165036e-06 5.666047611181942e-06 6.51327506700596e-08 0.0 0.0
6.055061574246113e-05 9.020516239667194e-05 0.002486588959823977 3.507421733684591e-07 0.0 8.800182178156448e-06 0.0002448023751621994 0.0003477194406771792 3.7960865919259257e-06 1.8492279048733775e-05 0.00014084778065827271 1.1795571565331409e-06 1.707129294101604e-06 0.0003254815644167188 5.08286781870875e-07 1.903638447887856e-05 0.0 0.00011917776416808957 0.0018134832459842734 4.5055024470048805e-07 0.001387352849337736 5.725815089609068e-05 0.001074117888925849 3.204240668350002e-05 4.901233989314286e-06 0.0012836766057155446 0.004317561020065704 5.854578026018341e-05 0.000241810170039078 0.0013801711455996531 3.845102915458667e-07 1.8279417477855272e-06 1.0149166306830754e-05 0.0006025949918623235 1.0121716631182965e-06 0.0002248458552581347 0.001465643975584993 0.0002986002193619776 8.766661838645836e-05 3.6263374029686155e-06 6.513772294257536e-07 1.3764090243022282e-05 8.11883119284324e-07 0.0 3.275413122412014e-05 0.00012439979453843507 0.0 0.0 0.0 5.073764333373839e-07 8.586742212761463e-08 1.2368262362888387e-06 0.0 3.827183475319008e-07 0.0 1.0122343049797426e-06 4.0667670235821626e-07 0.0 1.3006150323377036e-05 2.8854165282468232e-05 8.36214924871894e-07 1.0292475386842983e-05 0.0 1.1117152554074447e-05 5.2688500419705405e-06 2.4856222118440478e-06 4.397861447517991e-06 2.46388712075127e-06 0.00017158722817442188 0.0003596249685585644 6.977340777781027e-06 1.6272992674659156e-06 7.099896979923265e-06 3.1054749065538707e-07 0.0 7.782463775582803e-07 2.7395384412997537e-06 7.453240002707603e-07 2.5006993881706055e-05 6.240383485300146e-05 1.8519342238849778e-05 4.886798058703511e-06 3.5973787163789567e-07 0.0 4.221150104115959e-07 0.0
6.319415926727725e-06 4.22749706045533e-06 7.80987498888842e-06 7.031789067800314e-07 5.56990514141487e-07 1.921186410624455e-05 1.7911596325935668e-05 6.463065833890907e-05 5.46876636714607e-07 1.8691385100833395e-05 0.0013291189530727937 1.3427678537846177e-05 4.045724926523299e-05 5.846478464435004e-05 2.1172318762736518e-07 3.427609462886523e-07 0.00011917776416808957 0.0 0.0007117388151572197 3.146753684233957e-06 4.157511806435119e-06 6.143354698985513e-07 8.246015272834504e-06 4.146418558792913e-06 2.2742240154572163e-05 0.0013118479307313523 0.0004071591301011957 3.5391482854131436e-06 6.968871735279669e-05 2.2477686057091462e-05 3.876455460185376e-05 1.3247003750964326e-05 3.102758307259191e-06 0.0005472756256257372 9.306340137572482e-07 0.00036366172788561467 0.0005469115405923344 0.0006102909857414279 0.00024122565758984802 2.9370986310199794e-06 6.038092886042469e-07 6.028826037431715e-06 1.1935284767240758e-06 1.1487961148601185e-07 8.299355344190933e-06 2.786155525715686e-07 5.707182368404134e-08 0.0 0.0 2.4769970854419143e-07 4.197558565037693e-08 0.0 4.7653661683210666e-08 3.477961932140303e-06 5.7205512820295955e-08 2.5823152716741312e-05 1.532574489486615e-07 0.0 3.220176182123067e-07 5.036191059047852e-07 1.142074837312749e-05 1.0509180137599585e-05 0.0 1.5648763973421886e-07 2.4310046013916315e-07 1.2423068170067513e-07 5.742705367826435e-07 4.331680666208099e-05 9.657957287357763e-05 9.753597700349225e-05 6.001625553580942e-07 4.981142619324557e-07 1.5835141653837887e-07 1.1612373878476667e-05 0.0 0.0 5.624807762368393e-07 6.97113420141454e-07 1.7794944105278855e-05 1.1428747667061161e-05 3.0249830692501137e-06 4.6934289883158563e-07 7.228846089061222e-08 0.0 7.092259716872352e-07 0.0
4.6481471181671856e-05 2.0761510747874488e-05 9.702618929311446e-05 4.760363153045772e-07 0.0 1.528827906070291e-05 0.00011635603656219584 0.00030915396925576896 5.935723564042237e-07 1.6837446426300893e-05 0.00027328576441114924 7.169110239789897e-06 1.0088268847774686e-05 0.00026712258599133516 5.5681301956348506e-08 1.5027739776218327e-06 0.0018134832459842734 0.0007117388151572197 0.0 1.4209781528791863e-06 5.263277215429622e-05 2.3711270842211756e-06 4.162616366919115e-05 5.514027588208574e-06 3.782600265282235e-05 0.002379435619421139 0.0010385561044381631 9.994545502227097e-06 0.000210591315453446 0.00020811327058218985 4.703542004466984e-06 6.9515449509474945e-06 8.427690750493946e-06 0.000793015222731824 4.887304153905432e-07 0.00017042338899334362 0.0011443922157978023 0.00034744919175264973 8.086010841643388e-05 2.1285294974746364e-06 2.2685492537410745e-07 9.62870248539213e-06 3.251502416071752e-07 7.95805796458604e-08 3.0509836404694862e-05 1.4038601158714043e-05 0.0 0.0 0.0 7.183450716325486e-07 2.820777216012509e-07 4.0464053881975366e-07 0.0 1.3843552644470212e-06 0.0 9.355755116144402e-06 5.686455209185086e-07 0.0 2.439370491767026e-06 1.0918903543121578e-05 9.629518009857697e-06 5.303660008343084e-05 0.0 1.972851620430698e-06 4.667921908165748e-07 5.370659562643339e-07 1.6108575492365062e-06 3.679073783421981e-05 0.0004320228735254641 0.00047699196099346917 1.253924242654293e-06 3.11982499668131e-07 9.489343889849557e-07 7.17681362170437e-06 0.0 8.882980400278638e-08 3.0280983993443406e-06 5.948539985222e-07 1.6012282008261986e-05 7.401185925304134e-05 1.1243860958644878e-05 3.3352597205804307e-06 0.0 2.63794201061534e-07 1.2579835030615834e-06 1.522767110593394e-07
2.393343201809132e-06 4.515910406239986e-08 1.076494288245791e-07 0.0014913365011283764 6.2314560830079795e-06 0.00010757880263785308 1.8385324186967575e-05 7.416370092813574e-05 0.00012698007759847073 0.0011617736322186358 1.1647591571594242e-05 0.001653394349368457 9.443937791040791e-07 5.2936382846305543e-05 7.845779223649068e-05 0.0 4.5055024470048805e-07 3.146753684233957e-06 1.4209781528791863e-06 0.0 2.7131069809986863e-07 1.3521404889884127e-07 0.0 0.00046515907267044007 2.0448040482066383e-07 5.390193296710841e-06 5.461707945199067e-06 0.0010819154972147686 0.00013997140206458965 1.5113744300686103e-06 2.2944849381997013e-07 6.236249501246552e-06 2.0093965554324837e-06 5.0474944854866525e-05 2.0083886076092017e-06 0.0001222828503362376 3.708903666783619e-06 0.00013866990940661467 3.0079138067666845e-05 0.0002897720238749663 1.2945356229373438e-05 7.527567621664875e-08 2.7376155355227497e-06 0.0 5.0367206638879064e-08 3.806808442311565e-07 4.303452067921791e-05 0.0 1.4110993319597692e-06 3.262290696337193e-05 1.5340224694716876e-07 2.2464040566289965e-05 3.511572294106516e-05 3.8734654437194497e-07 4.322510862640242e-05 0.0 1.623765568687508e-07 5.610369391476323e-07 6.84886494365647e-07 0.0 3.6684493572798107e-07 0.0 2.831103748005033e-05 0.0 2.163142060640915e-07 1.555533389625542e-07 0.00015222726353969604 0.0 1.026806492604479e-07 2.584004457117305e-07 7.512173959993316e-05 1.8099332333910723e-06 1.010504504403755e-06 0.0 0.0 0.0 6.295796958409175e-08 0.0 1.3758502820249788e-05 4.0418280265638305e-07 1.5512768133357782e-06 5.11264004803227e-07 7.833765402216242e-05 6.981879214535585e-07 0.0 9.273270697450217e-08
1.3111019310841778e-05 6.714114225226005e-06 0.00030444511586740815 2.5450726837745923e-06 0.0 1.8551191051861315e-05 0.0008471738372415986 0.00014625084215239315 1.1366721721450333e-05 9.736711681459445e-05 1.001885914925088e-05 4.858117472472003e-07 2.929771702369733e-07 0.00010870162448230335 6.503595444016029e-07 0.0022011791392725108 0.001387352849337736 4.157511806435119e-06 5.263277215429622e-05 2.7131069809986863e-07 0.0 9.451737812879563e-05 0.006174102180828781 0.0001727069170724989 2.493938889879916e-06 0.0002757134677704931 0.00021541477254599786 0.001963941873816955 7.37280117493272e-05 0.004746649440360648 2.8182923158448126e-07 1.0925087100298621e-06 2.3136000013390297e-05 0.0022026522585570376 7.032162406914711e-05 0.0034155605164673444 0.0003153032618888465 0.0025360142738604366 0.0011354852438078208 3.584403351543927e-05 1.1318368404801981e-05 2.3530458996851005e-06 1.9728846140705795e-05 6.433611884635609e-07 8.804020313989051e-07 2.2547573899229105e-06 1.78686448071982e-07 0.0 1.0356498606999617e-06 1.8551919623362364e-06 7.033600777295325e-07 9.113733216478064e-06 1.431882502014445e-07 4.270516356809658e-07 0.0 0.0 3.1327760878947138e-06 3.634055506318635e-07 0.0004757515294887793 2.3877694797009263e-06 4.92943218137662e-07 1.9717465039555022e-06 0.0 0.00033426746376799164 0.00011076298481835143 8.561788773823462e-05 8.928146997440084e-05 0.0 2.176236921106789e-06 1.4255276255268e-05 0.00014101298454419374 3.566399255175092e-05 9.170165746272625e-05 7.882989807977102e-08 0.0 6.185222912258736e-06 7.641264845088613e-06 1.8433589665451333e-06 3.057052656743694e-05 2.3959994121164408e-06 7.05087078361847e-06 1.0106849496486865e-06 5.062986902790447e-06 5.602091494773643e-07 0.0 8.123573632329516e-08
5.0853464586776894e-08 0.0015508790715599127 4.355500885562087e-05 3.412476927662232e-07 3.621353176264367e-06 1.7390417338593582e-06 4.884249017416577e-06 1.9834409420099162e-07 0.0009126675733133119 3.4344727939134166e-07 2.4474625841756455e-06 1.316069979760136e-05 5.279676324034868e-05 4.5471032221947823e-07 5.810605450122908e-05 0.00130941230816077 5.725815089609068e-05 6.143354698985513e-07 2.3711270842211756e-06 1.3521404889884127e-07 9.451737812879563e-05 0.0 0.00023244519844699214 0.003615195134844031 0.00047309113338131335 1.675911197709777e-05 0.001701527097092576 8.597981775603209e-05 2.1213588465122094e-06 7.626787110704739e-06 2.463608426272345e-06 6.23890730252157e-08 9.202567893068676e-07 3.0629917986155e-05 9.20552769111659e-07 0.00011309347564856606 0.00010391854597876201 9.375901470072338e-05 3.102739054556212e-05 3.500408706552086e-05 6.078613757009872e-07 9.15645390932647e-06 0.0 0.0 4.474705716616601e-05 0.0001475303192583836 1.210210379241586e-07 0.0 1.3203384400603296e-07 3.378009991871111e-06 2.0897993264562204e-07 1.1212621330757976e-05 2.9568142856658775e-07 2.2890636858240202e-07 0.0 3.95557500011712e-06 3.5696446801742606e-07 6.405704915424492e-08 0.000937095278247656 8.535786375981768e-06 2.792201920741749e-07 8.306509160402309e-07 1.9000809328411966e-07 8.804742713013875e-05 0.00016930765076714346 0.00041587487231412485 4.77186843859664e-05 1.6444469407330995e-06 1.01791711324435e-05 0.0013768169383867005 3.164586929810248e-05 2.2652578605410467e-06 5.06001751507501e-06 6.542458837646337e-07 0.0 3.1554030220544664e-07 2.2470462884257683e-06 0.0 1.7178232622797104e-05 6.670963345076149e-06 1.4006585788529084e-05 4.106043817611521e-06 1.6585410445548113e-06 4.1395636850154233e-07 0.0 0.0
1.014539973264598e-05 5.874804361760803e-06 0.006134879273565563 2.2848023645428423e-07 9.848333352732376e-08 4.806108191774874e-06 0.0002501564216207134 7.609359848587558e-05 4.4830973910360996e-06 1.829638324649361e-05 3.477311120282585e-05 5.463915670082567e-07 7.159454896003934e-07 7.012964002586685e-05 0.0 0.002680658488659326 0.001074117888925849 8.246015272834504e-06 4.162616366919115e-05 0.0 0.006174102180828781 0.00023244519844699214 0.0 0.00028635644286563065 6.816774447099043e-07 0.0007600498327989125 0.005689582133761532 0.0012693632946505534 5.657077823755543e-05 0.001623100286703342 4.462780856994237e-07 1.1871757386724772e-06 1.634128756735555e-05 0.002270573140028941 7.602342122717337e-05 0.007016401045495228 0.0031414248475599505 0.004587185292122313 0.0033047101300714564 0.00017804687026055517 2.0771957608064417e-05 1.0523306766543116e-05 4.47021429674588e-05 2.4348039040550023e-07 8.448757411855e-06 0.00013050729479037953 0.0 0.0 1.7943348516567414e-07 3.4002764462419378e-06 7.880907474475961e-07 3.3924205467462882e-06 2.1331444641621481e-07 1.542841215447856e-07 6.372976596323659e-07 0.0 1.70448733471809e-06 9.190161574718304e-08 0.0010312028911831062 5.318440716808591e-06 2.2795714301841457e-07 1.7716499687909163e-06 0.0 0.00013575507831453497 0.000234079145933891 0.0006579856778000243 2.8137914789604583e-05 1.0645491112879195e-07 1.2777616568204465e-05 0.0007678070469121229 4.4837514900962726e-05 6.8537438156017664e-06 2.0311891805430087e-05 6.139131696500544e-08 0.0 8.755775872963027e-07 3.7056976395677856e-06 3.7209832625697017e-06 4.380393643237193e-05 6.9828242214433395e-06 8.688975604713527e-06 4.080477692223711e-06 1.3935765372158672e-06 7.000511838846992e-07 5.593302893448813e-07 0.0
