0.0 2.4272312676614506e-07 3.6521122345577915e-05 8.816543814826575e-06 1.8934770617145908e-07 1.4162039709464884e-05 0.0004949309977204879 0.0005503369349944793 4.1856138886350305e-06 6.265127869302479e-05 8.171142798924144e-06 8.544531490652915e-07 5.577892318166654e-07 0.002276320395357757 1.1810788374726182e-07 2.58877745197719e-07 4.737311319579938e-05 6.813554468885684e-06 1.792257817191805e-05 3.744999532360292e-06 1.6047898930673406e-05 3.849707196397457e-07 6.0544490524655e-05 4.332493956740816e-05 7.99811665566083e-08 1.2311508716181137e-05 2.135273997959298e-05 3.363839889988477e-05 0.001645421959102722 0.0013032169972502729 1.6332489404282368e-07 1.081282471060353e-05 5.863822835606759e-06 2.339727747432335e-05 1.115969108622677e-07 6.397478996638687e-06 2.8467381111746693e-06 1.417593414210809e-05 3.887090209649745e-06 1.4595490501047015e-06 0.0 3.961877101425611e-07 0.0 0.0 2.2014269181014345e-07 1.2195176102536382e-06 4.864950758155958e-07 0.0 0.0 2.540763522776132e-06 0.0 4.5540616689542474e-06 0.0 0.0 0.0 0.0 0.0 0.0 3.2236933813060684e-07 4.00153008398988e-07 0.0 0.0 2.323864615546909e-07 4.4436497912931827e-07 0.0 5.576463513284078e-07 7.854952873498455e-06 0.0 5.963571845838838e-07 4.2484424995065485e-06 1.0403511254762157e-05 5.535040484742318e-07 9.278409032782453e-07 0.0 0.0 7.710606868723061e-08 8.822781058729211e-07 0.0 2.005556456880886e-06 6.704628210139666e-07 1.4904865637928085e-06 0.0 0.0 0.0 0.0 0.0
2.4272312676614506e-07 0.0 0.0001264769601575798 6.10018820223366e-07 2.5787308037757793e-06 1.9886230556937244e-07 6.144428350225799e-06 7.422870271780512e-07 0.0006033277379373972 1.508188495780581e-06 4.861118281604985e-05 2.0964889687449023e-06 0.0005175485052312793 8.283260328864649e-07 1.3277711252748023e-05 6.43327365728612e-05 2.5536544375868487e-05 8.689517145146545e-06 1.170725708014063e-05 1.9194538114258523e-07 4.847763493937485e-06 0.0011023805084011814 1.7198523015359507e-05 0.0006657214178054541 0.0005801530790956967 0.00022290167981614274 0.005919168006585799 1.423576190136486e-05 2.2487235272029996e-06 3.5913811250467254e-06 2.2139855928374112e-05 7.846210119610706e-07 3.2078653532208706e-07 1.9918760888942542e-05 6.65919973654303e-07 2.615494746168803e-05 8.152174050526546e-05 6.929210447256276e-05 1.3402403090986653e-05 1.3166655116896361e-05 7.593510627192625e-08 9.22204232549533e-05 8.857932683568834e-08 0.0 2.5169919101378185e-05 7.157033123015495e-05 7.021925502846552e-07 0.0 0.0 3.0138503486296914e-06 0.0 2.0566933689061895e-06 9.176790789577679e-08 3.4694445019385177e-06 1.3429603294193395e-07 1.0042664857393784e-05 2.9007545243241644e-07 0.0 1.614658853653462e-06 1.2915902884732317e-05 1.7080665166890135e-06 2.3296605069882007e-05 6.573189492520315e-08 2.125962536275695e-07 6.9267789378272815e-06 4.780123472852692e-06 4.712014266453334e-06 5.796860715006939e-06 0.00013819735222267025 0.0008768154478306899 2.2908233498394656e-06 7.191232925661741e-08 1.0055425623680697e-06 2.719453831012425e-06 0.0 0.0 2.094382535513669e-06 9.42127180987338e-08 1.0980506007400983e-05 4.0838832263643545e-06 6.800170095539409e-06 2.9455818354156082e-06 0.0 0.0 1.0437394907281802e-06 1.8942127666297746e-07
3.6521122345577915e-05 0.0001264769601575798 0.0 1.6006735845848175e-05 5.6407599114500874e-08 4.7682461020901354e-05 0.0011973656056827762 0.00021398099799442902 6.0847084104850705e-06 0.00013542533603407199 2.9722067879556693e-05 1.544193522261316e-06 7.401245695557864e-06 0.00021298052777192733 1.7030902275584177e-07 3.8025955463043122e-06 0.001922817448957953 0.0001266789372774227 0.0004012859118635056 1.1087686627674154e-06 0.0004197573663790814 2.0693763760329442e-05 0.008022404821932958 8.20254479309143e-05 4.318794800641397e-06 0.00400507911642586 0.00563873651927276 0.0003748512865463638 0.0001525991116152996 0.00040466936220869275 2.684740216264835e-05 4.8132369929825865e-06 5.354742988499114e-06 0.0002979878219864881 1.5734569952028677e-05 0.000850586627948933 0.0004393373015256714 0.0009231801967005084 0.0004449739232475408 3.809237046027206e-05 2.1199040591649853e-06 1.8309073060143404e-06 5.777577617489792e-06 2.5639080293958647e-07 0.00029003392875805037 0.0010632840723693968 1.4376636780665677e-07 0.0 5.736930119451584e-07 2.925753426687761e-05 8.87341765482993e-06 4.423992515264416e-06 8.888955643598828e-07 8.701228562722522e-07 0.0 1.4962399136360758e-06 6.147899243715318e-06 0.0 1.2542370402420073e-05 0.00010784605241347995 1.6414686527784164e-06 5.410968364244356e-05 2.084373593806364e-07 3.1344019138833877e-06 0.00010161341972687774 0.00028477871382293996 2.3373265932479215e-05 4.093737077139202e-06 0.00027276296473287525 0.002859452802641926 1.58019970688283e-05 1.743059950026684e-06 5.003838230404292e-06 7.789790729409609e-07 0.0 0.0 1.4703568176303088e-05 4.395568497200855e-06 6.756110054945152e-05 2.048349235832461e-05 5.8136582862670455e-05 2.8395387944620552e-05 3.535135924393946e-06 1.3231509470350872e-07 0.0 3.58016665961202e-07
8.816543814826575e-06 6.10018820223366e-07 1.6006735845848175e-05 0.0 8.21284459320073e-06 8.198408538801469e-05 0.0002825531142582955 4.59145569123582e-05 0.0008689657474468373 0.0029644582320301574 2.2004881325759545e-06 0.002971779150638211 2.6995828030607847e-06 3.104793501915903e-05 5.0996458386252144e-05 2.5464273486940274e-06 9.868812963323539e-07 2.2298675721702644e-07 1.2278526013316585e-07 0.001749905754478096 1.60271326500843e-06 1.0602071819153656e-06 8.154048971148241e-06 0.0018026000208814055 2.99344961849262e-06 1.652744536256705e-06 1.382813899646803e-05 0.0026593575525643083 9.894393600336133e-05 9.736755760161069e-06 1.905089430594146e-07 4.961053998317531e-06 1.3665564074421338e-05 3.28357479290667e-05 2.1610880717190204e-06 0.0001172353390829972 8.310525666337126e-07 7.404538125174406e-05 2.4259037840365935e-05 0.00013713251347695628 6.7102874632752085e-06 1.3339635518952377e-06 2.3656587487982967e-06 0.0 3.3928804841797e-07 1.549062366620962e-07 0.00028351337563081 4.1314518424053636e-07 2.7949992135433524e-05 0.00022519049392556693 5.241011774970132e-06 9.989040855442938e-05 0.00015265013225373812 8.361768756138072e-07 9.357975992698276e-05 2.4512384017895205e-06 5.776830754985664e-06 4.69662759439848e-06 8.342633201116556e-08 1.619975558547523e-07 6.3272906866322e-08 0.0 8.892585652515402e-05 6.264660431906085e-07 1.5295003606089548e-06 1.0426151394641331e-06 0.00042319983821054066 9.661211276572229e-08 0.0 2.78425982450526e-06 0.00030685760994513515 5.124617582676751e-06 2.0835246891063413e-06 0.0 1.3067488719287486e-06 1.2308406580783175e-06 2.3887916561652287e-06 1.1632625100847176e-06 1.7758989979297884e-05 6.649145504214792e-07 1.3008947419775172e-05 6.230487324494034e-06 5.068205578522937e-05 1.5766419100068206e-06 2.8448741424782434e-06 0.0
1.8934770617145908e-07 2.5787308037757793e-06 5.6407599114500874e-08 8.21284459320073e-06 0.0 0.00013095242185884974 9.16735769723695e-07 1.3100464248460304e-05 0.00011786504304422356 5.254503985677446e-06 5.733556409855534e-06 6.129036988057687e-05 2.8667734157747353e-06 1.2633939432204067e-06 0.0013414164742249764 0.0 0.0 4.1740866805772933e-07 3.574974075645436e-07 3.918553455009824e-06 2.2933053579539063e-07 4.988492758003137e-06 2.9172516062334483e-07 3.421254827104764e-05 9.625430704555708e-08 8.102780639588697e-07 5.241935405625702e-06 6.234449945999817e-06 5.189501375927126e-07 1.776764621614349e-07 1.3010791303919242e-07 1.2413602961492121e-05 0.0 5.657123297248707e-05 1.92447764410918e-06 3.910916798731211e-05 9.84723424876197e-07 4.3193480716162695e-05 1.984186250041547e-05 0.0014084266678031172 8.195432536801344e-05 1.0830753318758546e-06 1.4779998744658421e-06 0.0 1.1118513292656742e-07 0.0 0.0 0.0 0.0 0.0 0.0 0.0 0.0 0.0 1.0745191787369195e-07 6.054333500709091e-08 0.0 0.0 0.0 0.0 0.0 0.0 9.38485907857918e-08 0.0 0.0 0.0 4.1479597205422544e-07 0.0 5.1334509758026436e-08 1.399065067581945e-07 1.0487050862399432e-07 6.930943462173072e-08 0.0 0.0 0.0 0.0 0.0 0.0 1.8308606814793297e-07 0.0 0.0 0.0 0.0 0.0 0.0 0.0
1.4162039709464884e-05 1.9886230556937244e-07 4.7682461020901354e-05 8.198408538801469e-05 0.00013095242185884974 0.0 0.0007342814937906216 0.002238481531671131 0.00011861605081793781 0.0030203658332448187 2.2577626299544487e-05 0.0016613838533391693 9.353340446786971e-06 0.0003346189617815968 0.0005501979360043377 6.059713189545863e-07 1.0472044061412571e-05 2.7932568250919153e-06 2.787967855795803e-06 0.00015751926381980629 2.7459084297878434e-06 6.350576186630982e-07 3.941413083980755e-05 0.0002462124269805603 1.1305195860818282e-06 1.0092137356944613e-05 1.5969999178651986e-05 0.0002468835977039727 0.00031795837650145953 3.982299972305655e-05 9.960281726489566e-07 0.0004550185051580576 2.0632658013244022e-05 0.00016297495601106984 5.318515831865982e-06 0.0002890439064777457 6.592390123811294e-06 0.00023115796404828723 7.368620206851588e-05 0.001399513489582653 8.072860456658664e-05 1.4063575428011834e-05 5.5396720217734e-06 1.968152560512304e-07 4.804857393855042e-07 1.8135902996920333e-06 3.777967767387597e-05 0.0 9.26941033692039e-06 0.00017243418561286184 2.8141928339782644e-06 3.3115370349014555e-05 3.0382928218987768e-05 9.590528106751222e-08 2.2084375350466e-05 1.1787685339896465e-06 1.5956282718698012e-06 1.3489944480991663e-06 1.709223600152216e-07 4.029361866511658e-07 1.3201686899148288e-07 0.0 1.4669033569254979e-05 1.1963764674172173e-07 1.6121386572297983e-07 2.372132077646699e-06 0.00012152316333438628 1.1987257622346058e-07 4.106861069566336e-07 3.9657027714458155e-06 0.00013516665988388797 5.130142186332273e-06 5.040451722458229e-06 0.0 7.571246307565469e-08 1.036902587761969e-06 3.3693058683435894e-06 6.901701522798219e-07 1.5421013186365184e-05 4.383813323674311e-06 1.4797565393668523e-05 5.052091032833041e-06 2.0902407399037402e-05 4.2046234980773765e-07 1.4438956889216886e-06 0.0
0.0004949309977204879 6.144428350225799e-06 0.0011973656056827762 0.0002825531142582955 9.16735769723695e-07 0.0007342814937906216 0.0 0.0009546473658736702 8.15741146159008e-05 0.005094684828503301 4.0156003202620453e-05 1.1750998531642323e-05 2.4102447240514546e-06 0.003649233255266139 4.130011656871287e-06 2.3313975281084664e-05 0.00011283504095477656 8.131066465938878e-06 2.2743793603870044e-05 2.3100280520220536e-05 0.00021057633788460565 1.3303232718403077e-05 0.001213718200763433 0.0006896179181398505 4.189625200235071e-06 0.0001218095933067295 0.00039139159664021287 0.013817506783365898 0.0006271003848409314 0.0042105609381361065 1.9055177597713442e-06 1.2226364160084995e-05 0.00013530734483880794 0.00013625329429034215 1.8646806358099627e-05 0.0004045229231410556 1.6347377991038176e-05 0.00030731792721603717 0.00011961267181947494 1.4228539006494176e-05 1.2428340740116512e-05 1.1698127285954405e-06 8.162128163011981e-06 0.0 9.180726282215655e-06 3.560696785126639e-05 4.901285214123255e-05 0.0 7.779465056720806e-06 0.00017116012223525082 5.86268825023274e-06 6.649126303882405e-05 4.830962904641025e-05 7.426622362386694e-08 2.7384006394233528e-06 8.09793759464403e-07 2.785850666488221e-06 6.615557994002923e-07 1.4935380238397802e-06 2.153602998045017e-06 9.682085961101271e-07 1.0940835982857602e-06 1.2136006038758452e-05 1.5468926326981901e-06 3.1494031070776427e-06 5.225784365117492e-06 0.00018094836703844605 3.371575155084155e-07 5.7497842017272804e-06 9.28821693936308e-05 0.0001916176272617767 5.034625556074876e-06 4.485632242875052e-06 0.0 0.0 1.403519403720232e-07 5.049707225777317e-06 2.71854914282893e-06 1.6040960797458994e-05 8.169462959443442e-07 1.715236159390086e-05 1.0191909083867173e-05 4.910080903431791e-06 1.7665223029406815e-06 5.103573441986787e-06 5.11722058748277e-07
0.0005503369349944793 7.422870271780512e-07 0.00021398099799442902 4.59145569123582e-05 1.3100464248460304e-05 0.002238481531671131 0.0009546473658736702 0.0 1.5318564731102398e-05 0.001375057201108282 5.452017522546946e-05 0.0003182386539312131 1.2265670133156705e-05 0.004293172025296647 2.296232062237373e-05 8.491668877485828e-07 0.0001936674921862487 2.9253891186941506e-05 7.405164532114941e-05 0.00012272327618880583 7.452140410723425e-05 3.426559896163765e-07 0.00034996403887129233 0.00010170536898909106 1.2215646910005375e-06 5.825432122991347e-05 8.793954743334613e-05 9.878753291881521e-05 0.00016970532617527654 0.0009652080744227397 1.8609064267670619e-06 0.00022993354549497247 3.980618264006873e-06 0.0001353238403325118 1.0768717793413568e-06 0.00017322921319783873 1.3652011502986947e-05 0.0001300031070536428 4.646770410982e-05 0.00040639841936228755 4.5703758355542296e-05 7.147865206546561e-06 3.558177670556361e-06 0.0 1.1861258954290558e-06 5.923107629378645e-06 1.9859113957575696e-06 0.0 2.0916490020634807e-07 2.291779691726311e-05 7.2488388301994e-08 7.622439632110644e-06 3.2713295228433853e-06 3.70711164824607e-07 1.5722312004428204e-06 1.3547081418816058e-07 7.699307411994079e-08 0.0 3.690424427815865e-07 7.97705763223727e-07 1.216881135781891e-07 9.722773686240442e-07 1.315491607971496e-06 1.6337774380758768e-06 1.4179920591155871e-07 3.1383697684366816e-07 2.3695791989898918e-05 8.066636118709269e-08 1.898078373769625e-06 1.3664847039841914e-05 2.342351498416009e-05 2.3073532576341774e-07 4.076926489732953e-06 0.0 0.0 0.0 2.0741548305383854e-07 8.648693762284613e-08 4.111087114564487e-06 2.6839494104375943e-07 1.8065288574978423e-06 1.5829112972234682e-06 5.102219006159672e-07 0.0 5.627549254759523e-08 0.0
4.1856138886350305e-06 0.0006033277379373972 6.0847084104850705e-06 0.0008689657474468373 0.00011786504304422356 0.00011861605081793781 8.15741146159008e-05 1.5318564731102398e-05 0.0 0.00019077598248054724 2.6573188822259363e-06 0.00048747988823796975 2.990854191099787e-05 1.4891246036196254e-05 0.00030611533372756845 1.7915634850268635e-05 3.2530824795089604e-06 1.003990934782079e-06 1.4179958734852588e-06 0.00034302383803207475 9.701939188661108e-06 0.0016310969164186307 1.3619519591275929e-05 0.00544961952551854 6.088100051633701e-05 8.937473520182845e-06 0.0007473249781194504 0.0008183384424502202 9.129521147400497e-05 7.027609356212782e-05 1.8687458977654075e-06 2.6160927822292373e-06 1.0068880748007802e-05 2.2913101718179153e-05 2.942261308393653e-06 0.00014549920984551444 5.535519400045482e-06 6.70031037980797e-05 1.8215400702158924e-05 0.0001847687167981395 1.002066324299758e-05 1.9177769832896236e-06 0.0 1.1901505372473153e-06 3.597479958634681e-06 1.6610413211804988e-06 0.00016881205325366573 4.5756572738123984e-07 1.8242702314063912e-05 0.00012439435215296112 4.519701452210759e-06 6.319026798527721e-05 7.605353935857078e-05 6.316928895654676e-07 7.578914695830748e-05 8.487589152600514e-07 6.123311361766993e-06 6.988336038606707e-06 2.500163951065998e-05 5.827768864740454e-07 1.0691312811981649e-07 1.3190461186899617e-06 4.623446049917329e-05 2.4264613132756203e-05 9.77910044302417e-06 5.8271896515905655e-06 0.0007061670353902084 9.728167428018107e-07 1.7589363648410675e-06 8.136253651791662e-06 0.0003431484245223304 1.0886474469631008e-05 2.9139811848607187e-05 1.6789865341120268e-07 2.7933233601904845e-07 1.629555934631323e-06 5.452645705511537e-06 1.5667082965239591e-06 3.050024314658477e-05 3.6264094007553103e-07 1.3922342247791976e-05 5.339792546497117e-06 3.942867848883352e-05 6.007449499335925e-07 3.594093168650473e-07 4.164067156782433e-07
6.265127869302479e-05 1.508188495780581e-06 0.00013542533603407199 0.0029644582320301574 5.254503985677446e-06 0.0030203658332448187 0.005094684828503301 0.001375057201108282 0.00019077598248054724 0.0 4.0651602090296004e-05 0.0015732348922373337 1.6666846168670616e-05 0.0006748846806318587 3.038778714152502e-05 1.7161390345211433e-06 1.6231458373250666e-05 4.7202986267928764e-06 6.372706454585761e-06 0.0015120087893775844 7.954047105909897e-06 2.5235580878820205e-06 9.780464746692547e-05 0.0008980745086310457 1.064796522203133e-05 2.6539162057266415e-05 4.677500841871468e-05 0.0035229044116869036 0.0016339889754203322 0.00012154662997010128 3.423271864894658e-06 8.498539705143607e-05 8.916053789887547e-05 0.00039655760604944134 2.5356805932381557e-05 0.0008773004500559025 2.0329985214612917e-05 0.0008219322661949956 0.00017603122855626346 0.0001617822504796405 7.203741975225231e-05 1.886789233237634e-05 1.8168581928737765e-05 0.0 1.6682022492737168e-06 5.935746478596109e-06 0.0001930990423220898 1.4181692600083838e-07 2.9485329677254744e-05 0.00045528890051962326 8.776655920625569e-06 7.501600818053199e-05 0.00014901651360507915 3.0579185109315396e-07 4.135005872647088e-05 4.606720960603477e-06 6.307699611108168e-06 1.5310262690824836e-06 5.211817535291801e-07 5.473714744443764e-07 4.25757587161614e-07 1.8855325996333885e-07 6.962559539734189e-05 1.5631298288872074e-06 1.1840762271565316e-06 1.927935756114364e-06 0.0004088997700605674 1.2472081406438014e-06 6.073636174195964e-07 1.3102012882546822e-05 0.00038762867273788606 1.1265547937312734e-05 1.1475444455928276e-05 5.7162041284209566e-08 5.151205327490576e-07 3.312995448661309e-07 7.5715381492272035e-06 4.232327804810866e-06 3.402127830101193e-05 2.602563342381682e-06 2.9532665906727127e-05 1.537450363563995e-05 2.7415753682988463e-05 1.9732320517640745e-06 3.126144316589059e-06 7.495391655495472e-08
8.171142798924144e-06 4.861118281604985e-05 2.9722067879556693e-05 2.2004881325759545e-06 5.733556409855534e-06 2.2577626299544487e-05 4.0156003202620453e-05 5.452017522546946e-05 2.6573188822259363e-06 4.0651602090296004e-05 0.0 2.0990754508832007e-05 0.001924925510541369 0.00011605042305655409 8.176040895707108e-07 1.2084659046419914e-06 0.0003453865131318424 0.001065647642882407 0.0007442667687126421 1.1018607540829308e-05 1.2127116375872722e-05 5.385744222236361e-06 4.435104396907346e-05 8.720843006279694e-06 0.00040051843949025115 0.0014046526198470697 0.0012257684830998638 5.404761853008144e-06 0.00041624994230539657 7.40583356854015e-05 0.00038507634427825183 0.0001783302574629035 2.0932329647972804e-05 0.004184432736561661 6.434114192679118e-06 0.0004461141431816704 0.001688087392333785 0.0032664406709682716 0.0007370903352914746 1.2107585906444578e-05 2.0226016306986668e-05 0.00025446303389150236 9.49264890945448e-06 0.0 1.2570338761682336e-05 7.419771308332067e-07 4.619678891881756e-07 0.0 0.0 2.2097903719613294e-06 2.2826108914835386e-07 1.7701291352117837e-07 0.0 7.72003743376505e-05 7.051237528475828e-08 0.00031724514109222413 0.0 0.0 7.612713100980296e-07 6.237818422548353e-07 9.227156409287951e-06 2.323982008907761e-06 0.0 3.9381072880098575e-07 1.0253725780385548e-06 3.664603063479632e-07 2.249858273182057e-06 8.988245101249665e-05 0.00011078113156714776 0.00019544458495964726 1.788929097082246e-06 0.0 2.1639110978658216e-07 5.98778448303654e-05 5.326963540913726e-08 0.0 1.7410468015554789e-06 0.0 9.035661668039202e-06 5.321872894303637e-05 2.971424778823303e-06 2.24257031542566e-07 6.950902653368508e-08 0.0 5.6125811711862644e-05 0.0
8.544531490652915e-07 2.0964889687449023e-06 1.544193522261316e-06 0.002971779150638211 6.129036988057687e-05 0.0016613838533391693 1.1750998531642323e-05 0.0003182386539312131 0.00048747988823796975 0.0015732348922373337 2.0990754508832007e-05 0.0 7.768366780109162e-06 0.00016515968356075437 0.0005194415051889587 0.0 3.3148715385769117e-07 2.0115998861917117e-06 1.153623852216842e-06 0.0023263375710334236 0.0 2.945559917289064e-06 1.2603780661120289e-06 0.0003350315406903156 8.789574807034421e-07 3.136281648641121e-06 8.10072220049655e-06 0.000470524202646629 0.00030162902577468277 1.645332859085428e-06 9.446845440937281e-07 6.178474082673835e-05 5.180681527159505e-07 0.00015859076205791486 8.930939808301111e-07 0.0002790680667537761 4.272567754179397e-06 0.00022267074783843179 3.0503741320624637e-05 0.0009015603428415025 2.9519482222760576e-05 7.893921062944836e-06 1.8864702653848487e-06 0.0 0.0 7.461317065890967e-08 0.00020502247581430892 7.630321302082937e-08 7.736813148910004e-05 3.088039256987885e-05 5.149447103828439e-06 3.6827468627571215e-05 0.0002002939843542036 1.3715402994368156e-06 0.000378663368742328 2.024016739094311e-06 8.656501839459121e-06 1.2026051510712846e-05 0.0 0.0 7.111148427607675e-07 0.0 0.0001594723839226768 0.0 1.0384059758400593e-07 8.832963953538528e-08 0.0001696378409952942 0.0 9.886601666644767e-07 4.833645088645187e-07 8.877444503182975e-05 5.985749733187618e-06 1.6590978752961282e-06 0.0 1.2608559151761864e-06 0.0 1.1352196876345954e-05 0.0 3.911699573860388e-05 0.0 2.159260368086478e-05 5.342033053706981e-06 0.00024382490496968414 3.6414214214059303e-07 0.0 3.180669655877716e-07
5.577892318166654e-07 0.0005175485052312793 7.401245695557864e-06 2.6995828030607847e-06 2.8667734157747353e-06 9.353340446786971e-06 2.4102447240514546e-06 1.2265670133156705e-05 2.990854191099787e-05 1.6666846168670616e-05 0.001924925510541369 7.768366780109162e-06 0.0 2.116712029111689e-05 3.9029170733484116e-07 1.9427290371634056e-06 3.3521774524880792e-06 7.645357512529143e-05 1.6043136500535706e-05 3.682025520393657e-06 1.6869461867531484e-06 6.34337087667367e-05 5.163664053695789e-06 2.81593527730309e-05 0.0025488002432574796 0.00014845411081507322 0.0022504414387282644 3.5443014353563e-06 4.7560359755322136e-05 4.14304119569061e-06 0.0003426140692609484 4.065153691141776e-05 8.825111616292074e-07 0.0009127108410692977 5.126020454306815e-06 0.00042684322538408633 0.0022051343393961957 0.0022533222737129927 0.00033001500199189397 1.6560884991228206e-05 3.1418900078243705e-05 0.000470745581644799 1.4687991811852417e-05 0.0 5.5435711654759747e-05 3.5687806992246455e-07 0.0 0.0 6.886431329547748e-08 2.0856105648926103e-07 0.0 6.590953257448024e-07 0.0 0.0003356061391979307 0.0 0.0013394782051808177 1.4233345411183737e-07 0.0 2.4788358080246926e-07 1.6186575265291994e-07 2.7400825185880515e-05 6.091383709092253e-06 2.1432679968802143e-07 0.0 3.914588767944795e-06 1.3712366756109865e-07 1.3333930426462014e-06 0.0006280118721985924 0.00027309374123174257 0.0005821086803144314 6.533185811008846e-07 1.944759187462466e-07 1.330581785279742e-07 0.00020455140116883508 0.0 0.0 1.1708223855555372e-06 9.846258706988861e-07 4.9380741024939284e-05 0.00018472274435527646 1.17122885415633e-05 8.465428512448402e-07 8.914695661482912e-06 0.0 0.00019982256550982538 2.2305020512985e-06
0.002276320395357757 8.283260328864649e-07 0.00021298052777192733 3.104793501915903e-05 1.2633939432204067e-06 0.0003346189617815968 0.003649233255266139 0.004293172025296647 1.4891246036196254e-05 0.0006748846806318587 0.00011605042305655409 0.00016515968356075437 2.116712029111689e-05 0.0 4.7655350792206345e-06 1.3012543861792513e-06 0.000191527205509626 3.502762882271763e-05 6.983063482253312e-05 7.5673317747773e-05 8.069785479572763e-05 1.6648885568884115e-06 0.0003875163217417542 7.209528975839254e-05 2.1542261857467752e-06 6.868824777323512e-05 9.630284882552433e-05 7.334344285447203e-05 0.0015441204312516797 0.0025982797826223526 6.472684782045724e-06 9.758471463236596e-05 5.952990811138365e-06 0.0003857894447301809 2.3195758096686004e-06 0.00016409015805218222 1.6831315993728703e-05 0.00028294861519006343 3.755915231379341e-05 8.582901396885549e-05 2.7148723460955553e-05 7.3292196088600205e-06 1.2201559572865578e-06 0.0 1.6162062653571847e-06 5.529862489066756e-06 3.5425063840665186e-07 0.0 7.640923911393614e-08 1.61080957246193e-05 3.628556333223826e-07 6.6260914896119134e-06 4.5105602149155173e-07 0.0 5.973716061601313e-07 1.626925844209868e-06 3.3233205681549744e-07 0.0 4.803546276775888e-07 3.497261223276658e-07 0.0 8.732721917066122e-07 1.5354612612360987e-07 7.856721853236942e-07 7.697971713421488e-08 2.1432382403355273e-07 2.1501204196466735e-05 6.968882833585981e-08 2.594890262664772e-06 1.4662251512909515e-05 1.4259815637721682e-05 3.1535111653685483e-07 4.417933484958572e-06 7.647663077271225e-08 0.0 0.0 7.205811848057763e-08 3.3133328530802967e-07 1.7817296282409704e-06 9.921633506892964e-07 1.357736385577971e-06 1.231271503401123e-06 6.962025176879755e-07 0.0 0.0 0.0
1.1810788374726182e-07 1.3277711252748023e-05 1.7030902275584177e-07 5.0996458386252144e-05 0.0013414164742249764 0.0005501979360043377 4.130011656871287e-06 2.296232062237373e-05 0.00030611533372756845 3.038778714152502e-05 8.176040895707108e-07 0.0005194415051889587 3.9029170733484116e-07 4.7655350792206345e-06 0.0 0.0 1.0612306286025427e-07 0.0 4.968128163999794e-08 3.834784612677812e-05 0.0 2.8109692245130906e-05 2.2739449558780894e-07 0.0002447326906845663 1.3995493319251518e-06 5.340651997594687e-08 1.9490134177526743e-05 3.267549880888922e-05 3.5439278591135753e-06 1.767009560783361e-07 0.0 0.00012875259647635015 2.6928771322562683e-07 5.676142700475543e-06 1.6380132889038962e-07 6.817137446847274e-06 4.126247837636021e-07 5.363178139125076e-06 1.9691840820639313e-06 0.0006626153808872824 1.0480211532512638e-05 2.0387095661528414e-07 1.3365825248790078e-07 0.0 2.585066137205854e-07 0.0 1.1847958626453336e-07 0.0 2.1178417566294096e-06 5.500294209175589e-07 0.0 9.303337656165579e-07 1.0513119826170466e-06 0.0 5.298983448561129e-06 0.0 7.742763566489365e-08 0.0 0.0 0.0 0.0 0.0 0.0 0.0 0.0 0.0 4.873487237177642e-06 0.0 1.348267612151125e-07 3.1570498297231867e-07 1.5277112204768512e-06 0.0 0.0 0.0 0.0 0.0 0.0 0.0 6.113914044198654e-07 0.0 0.0 0.0 2.893107190487222e-06 0.0 0.0 0.0
2.58877745197719e-07 6.43327365728612e-05 3.8025955463043122e-06 2.5464273486940274e-06 0.0 6.059713189545863e-07 2.3313975281084664e-05 8.491668877485828e-07 1.7915634850268635e-05 1.7161390345211433e-06 1.2084659046419914e-06 0.0 1.9427290371634056e-06 1.3012543861792513e-06 0.0 0.0 1.4679091919317967e-05 7.573398415085236e-07 2.589875138343547e-06 1.519582464113639e-07 0.0011035910569605863 0.0017202565887723398 0.0009605856419039332 0.0015976112510502922 4.31522472015667e-06 1.987761298129348e-06 0.002211401505672681 0.0013154168048675335 1.02776601648923e-05 0.00010009002064462234 1.2815285897951863e-07 3.8643943933571276e-07 2.1719866225811773e-06 5.1302655729378224e-05 2.3399885401249446e-05 0.0006012242717281104 0.00020017274685375173 0.0002380414553375337 0.0003244366008055844 4.120245638315403e-05 1.6793897865969183e-06 5.837040727467243e-07 1.30053123611685e-05 7.255093727272551e-07 6.297572151804741e-07 9.774640084196926e-06 6.628646412413962e-08 0.0 0.0 1.199661644377885e-05 1.4637439020353188e-06 6.724355219091771e-05 2.773317102796184e-07 5.278484463830328e-08 0.0 1.0336825816492913e-07 3.7570068825652403e-06 0.0 0.0011658423574102618 9.257799658854994e-07 7.544161160024017e-08 9.738683444445382e-07 0.0 0.00019738347043717365 0.0006774352562748667 0.0008697699966430091 0.00010186863602962996 0.0 5.601222832188811e-07 0.0003498427490448266 6.989475671886322e-05 6.989703394216946e-06 5.948468341881373e-05 0.0 0.0 5.466850663535989e-07 1.7929156755063123e-06 3.3361926337337645e-06 1.7678072632586427e-05 2.483510235523635e-06 7.00354469782107e-06 3.498122284885867e-06 7.461382601669296e-07 0.0 3.5060561782632667e-07 4.908412266152541e-07
4.737311319579938e-05 2.5536544375868487e-05 0.001922817448957953 9.868812963323539e-07 0.0 1.0472044061412571e-05 0.00011283504095477656 0.0001936674921862487 3.2530824795089604e-06 1.6231458373250666e-05 0.0003453865131318424 3.3148715385769117e-07 3.3521774524880792e-06 0.000191527205509626 1.0612306286025427e-07 1.4679091919317967e-05 0.0 0.0007231855925765747 0.0019236111322118363 3.8070074916348607e-07 0.0007216514363160421 5.403722738407183e-06 0.001968857778973051 1.6510315032834827e-05 2.3462055080875575e-06 0.0014183031747694247 0.002243301362094302 4.288072812669592e-05 0.0005544125932709846 0.0018351333138547311 7.775793670146612e-06 1.5993049503800223e-05 2.056351266343692e-05 0.0016047469186922716 3.288232761512012e-06 0.00021710817205253054 0.00014942988173588103 0.0008289673357079027 0.00014079395865278322 7.692487189645646e-06 5.301262719581606e-07 8.746014170038895e-08 1.6001040933932773e-06 0.0 3.41241117800877e-05 5.933828506009266e-05 7.515829538931518e-08 0.0 0.0 1.837640449202992e-06 1.7993053603582635e-07 2.143141547179675e-06 0.0 1.428394010275309e-06 0.0 2.0941557790439034e-07 3.6160561753798567e-07 0.0 5.1784210067773065e-06 2.02243395190017e-05 1.3428259386918823e-06 5.113838113758979e-05 0.0 4.9059029373365015e-06 3.062701351292915e-06 8.88012148313775e-06 5.653015887177583e-06 1.2751213365364916e-06 0.0001452051509196887 0.00035909150873232457 4.792286748244049e-06 5.505126904017755e-07 2.663400366008453e-06 2.066827537931238e-07 0.0 0.0 3.7189344944902085e-06 1.9635978016122638e-07 1.0273755035529158e-05 2.4322049960339284e-06 7.589269155188247e-06 1.6630801084616457e-06 8.931425593930935e-07 0.0 0.0 0.0
6.813554468885684e-06 8.689517145146545e-06 0.0001266789372774227 2.2298675721702644e-07 4.1740866805772933e-07 2.7932568250919153e-06 8.131066465938878e-06 2.9253891186941506e-05 1.003990934782079e-06 4.7202986267928764e-06 0.001065647642882407 2.0115998861917117e-06 7.645357512529143e-05 3.502762882271763e-05 0.0 7.573398415085236e-07 0.0007231855925765747 0.0 0.0016424517665839038 8.882736704209361e-07 9.984390139939602e-06 1.3534534640898334e-06 5.582871284940147e-05 2.6722532101890426e-06 2.213384443715975e-05 0.001922762625464332 0.0007307553539701026 2.42376339890016e-06 0.00014569487301916494 8.546712327291241e-05 0.00011006325124605049 2.9028443804386447e-05 5.25856131508235e-06 0.000593689415631444 1.276113335864824e-06 0.00015920031033214206 0.00017035051137815813 0.0006597093096803705 0.00010840573216289814 2.4570088337631632e-06 6.355475175664157e-07 6.669866855544293e-07 7.574185602837849e-07 0.0 4.732280454180411e-06 1.6595972811254925e-06 0.0 0.0 0.0 0.0 1.4668681875448792e-07 3.51165246083985e-07 0.0 2.1562891431940093e-05 0.0 5.1151522341523576e-05 7.91129000269094e-08 0.0 3.8607998295264886e-07 1.7471619097873664e-06 1.9024313333306773e-05 8.033161130172079e-06 0.0 2.9061019137031363e-07 3.487027782492634e-07 5.902235532375232e-07 3.358972343852894e-07 1.5301689210186716e-05 0.0002315796527112524 0.0002480907778894379 4.0160462811957517e-07 1.3997018665607412e-07 6.189093619755609e-07 3.382915875262727e-05 0.0 0.0 3.8187254583274195e-07 1.753760983458638e-07 1.341478890696551e-06 2.308681916352568e-06 2.2051457991545984e-06 3.810411292369428e-07 0.0 0.0 2.0040498388570158e-07 0.0
1.792257817191805e-05 1.170725708014063e-05 0.0004012859118635056 1.2278526013316585e-07 3.574974075645436e-07 2.787967855795803e-06 2.2743793603870044e-05 7.405164532114941e-05 1.4179958734852588e-06 6.372706454585761e-06 0.0007442667687126421 1.153623852216842e-06 1.6043136500535706e-05 6.983063482253312e-05 4.968128163999794e-08 2.589875138343547e-06 0.0019236111322118363 0.0016424517665839038 0.0 8.395996455879557e-07 5.422900290307964e-05 1.8054442961321554e-06 0.0002768372629345322 5.692130383353049e-06 5.3466997543190576e-06 0.0024195212381143065 0.0007363229467005156 6.105218882937396e-06 0.00029478144576318687 0.0003290439658593122 3.1614911483769544e-05 2.868698168124841e-05 1.6250564729383874e-05 0.0013555731164630576 1.9593835655457148e-06 0.00015703715933777361 0.0001205687076198839 0.0006850984425384757 9.206364570191422e-05 2.0848284674274725e-06 4.658954987955001e-07 6.611235041708867e-08 2.26302118110234e-07 0.0 1.2141622508496163e-05 7.538604524585758e-06 0.0 0.0 0.0 1.2280371632887332e-06 0.0 8.130928635586842e-07 0.0 5.0133848482011875e-06 0.0 8.187776832319007e-06 4.1582429042757924e-07 0.0 1.6671581425327995e-06 9.796654074103627e-06 7.354990172930235e-06 3.8458286940113675e-05 0.0 1.228076672128275e-06 8.856556119936373e-07 1.0587175166455898e-06 2.398752353903381e-06 4.3198565248628184e-06 0.0002321155509453933 0.0002823145759724125 2.1260745226002414e-06 2.313671370635093e-07 8.418200727067207e-07 3.942098635511326e-06 7.340085244611727e-08 0.0 2.047941331154946e-06 0.0 1.674414050661456e-06 2.3621982143337777e-06 3.7658327138705567e-06 1.100984377444898e-06 0.0 6.179788788383355e-08 0.0 0.0
3.744999532360292e-06 1.9194538114258523e-07 1.1087686627674154e-06 0.001749905754478096 3.918553455009824e-06 0.00015751926381980629 2.3100280520220536e-05 0.00012272327618880583 0.00034302383803207475 0.0015120087893775844 1.1018607540829308e-05 0.0023263375710334236 3.682025520393657e-06 7.5673317747773e-05 3.834784612677812e-05 1.519582464113639e-07 3.8070074916348607e-07 8.882736704209361e-07 8.395996455879557e-07 0.0 7.630485476122583e-08 3.189027898996353e-07 1.0985690070378012e-06 0.00029641444511000105 3.388804551357803e-07 1.7041579477012875e-06 1.5111076217368425e-06 0.000510520429867055 0.00025765222800779134 2.5636201894763474e-06 5.577949556017978e-07 1.8393027167079538e-05 2.2478823449285916e-06 8.415871717112345e-05 2.159752051936352e-06 0.00017171830080044904 3.938189682856007e-06 0.00015199691485827293 2.4761489963647893e-05 0.00017960141505369884 1.333414099751287e-05 5.497039632828312e-06 3.029890330753579e-06 6.668187819088787e-08 0.0 0.0 0.0001045368362333664 0.0 1.6116598057225236e-05 0.00010398488547206351 1.59875863806458e-06 2.4352786053002487e-05 5.4820053558883166e-05 2.8132496719654775e-07 6.282227587268184e-05 0.0 1.8693875327403717e-06 3.1862329162738242e-06 5.618107373754172e-07 0.0 0.0 0.0 3.78500830772824e-05 0.0 9.981672756218315e-08 2.6340882377704e-07 0.00013909198762820514 0.0 0.0 2.981245308513852e-07 0.00010276464936840136 2.988379718930666e-06 9.620984175606805e-07 0.0 4.92835798436972e-07 0.0 1.519279027660355e-06 0.0 6.792919598908311e-06 0.0 6.393900346090641e-06 2.51698145876492e-06 5.279730331097348e-05 6.161307074319752e-07 4.339578698711009e-06 5.609569252992092e-07
1.6047898930673406e-05 4.847763493937485e-06 0.0004197573663790814 1.60271326500843e-06 2.2933053579539063e-07 2.7459084297878434e-06 0.00021057633788460565 7.452140410723425e-05 9.701939188661108e-06 7.954047105909897e-06 1.2127116375872722e-05 0.0 1.6869461867531484e-06 8.069785479572763e-05 0.0 0.0011035910569605863 0.0007216514363160421 9.984390139939602e-06 5.422900290307964e-05 7.630485476122583e-08 0.0 0.00035301224633609604 0.008373375287662426 0.00018655031135754286 1.0040509073803135e-06 1.8877238956748685e-05 0.0010723006152433343 0.002341566367135072 0.0003282345139432116 0.005570802630797034 4.381989367938799e-07 4.260430809091899e-06 3.931035695577216e-05 0.0030083161061735418 8.446553881280278e-05 0.0024248177448190295 0.0005835644003039652 0.0031077039779212213 0.0017505182803875872 0.00012473778561818653 4.58171534494926e-06 3.7271229736215948e-06 4.164996839571215e-05 2.1307513904035227e-06 8.624523863872231e-07 7.48113668238519e-06 9.227887282668219e-08 0.0 0.0 1.259323798871783e-05 3.5447983384238087e-06 8.603185026319841e-05 8.355582294656452e-07 3.5063389323565563e-07 0.0 0.0 7.580820246063963e-06 0.0 0.00047565485139017613 2.622701750955398e-06 2.8419244971033617e-07 1.4746717990070644e-06 0.0 0.0003855348684697371 0.00021835867505461888 0.00018707512813398864 0.0001924624360604177 0.0 2.470777708956045e-06 4.979861039747328e-05 0.00013885165738714066 1.4941985638123104e-05 0.00014969219984622718 0.0 0.0 1.912477360525938e-06 3.661589474993057e-06 7.055661572719301e-06 3.8043987193016794e-05 2.2267818586375194e-06 1.0218433264775649e-05 5.010632720256509e-06 1.7719680495221577e-06 0.0 4.2948489105681184e-07 6.063174852706906e-07
3.849707196397457e-07 0.0011023805084011814 2.0693763760329442e-05 1.0602071819153656e-06 4.988492758003137e-06 6.350576186630982e-07 1.3303232718403077e-05 3.426559896163765e-07 0.0016310969164186307 2.5235580878820205e-06 5.385744222236361e-06 2.945559917289064e-06 6.34337087667367e-05 1.6648885568884115e-06 2.8109692245130906e-05 0.0017202565887723398 5.403722738407183e-06 1.3534534640898334e-06 1.8054442961321554e-06 3.189027898996353e-07 0.00035301224633609604 0.0 0.0003712853769611113 0.0037684761135021996 0.00016448427117796504 1.8830395762439125e-05 0.0035303466232041473 0.00014377566177488268 2.4838287929413214e-05 0.00011799756517666708 3.5054178356915977e-06 3.5682924599067286e-07 9.089691509554444e-06 9.42189770109329e-06 3.7657453358069535e-06 7.524135760739714e-05 1.325805743418884e-05 2.824057135233761e-05 1.9491949277678867e-05 2.7794512672620487e-05 1.427343956686706e-07 5.744051819764077e-06 3.8803979716722233e-07 0.0 8.551058640034314e-06 1.7584694360272974e-05 2.0680029972876288e-06 0.0 3.182077448267719e-07 4.9670811619069275e-06 1.4075630816968382e-06 6.919337704867615e-06 8.449345166964042e-07 2.486294306026028e-07 0.0 1.4178515252453967e-06 1.5909259437066212e-06 0.0 0.0005736123462219302 4.138114627203272e-06 1.9323243423342712e-07 1.1586470112512583e-06 6.483329456492819e-07 9.374088401448906e-05 6.458471931175865e-05 0.0002898198030537159 6.21485639091244e-05 1.0499255105459433e-06 5.600387155098233e-06 0.0006146673901192296 2.3016425930412194e-05 2.284397426245012e-06 1.7417853714861048e-05 1.5418303217243186e-07 0.0 0.0 1.8541767499704973e-06 0.0 1.5620026964792388e-05 5.104859460067379e-06 1.0745224604332127e-05 7.810717905018822e-06 8.95765208447751e-07 0.0 1.6570389186988607e-07 4.416894910168992e-07
6.0544490524655e-05 1.7198523015359507e-05 0.008022404821932958 8.154048971148241e-06 2.9172516062334483e-07 3.941413083980755e-05 0.001213718200763433 0.00034996403887129233 1.3619519591275929e-05 9.780464746692547e-05 4.435104396907346e-05 1.2603780661120289e-06 5.163664053695789e-06 0.0003875163217417542 2.2739449558780894e-07 0.0009605856419039332 0.001968857778973051 5.582871284940147e-05 0.0002768372629345322 1.0985690070378012e-06 0.008373375287662426 0.0003712853769611113 0.0 0.0004164284717855315 3.4660063718769094e-06 0.0008419354216368093 0.007793795837778325 0.0021571241004751094 0.0004023484152335055 0.0039331804291843 5.074864117994321e-06 1.1747058907885846e-05 1.4177738816316445e-05 0.002517790958229034 0.00016505707949259277 0.004358274215979565 0.0027451220155180153 0.005064650361293983 0.004413900203735768 0.0004489516395346406 2.4192043415847064e-05 9.75895812639451e-06 0.00010424921029775681 1.4926008175971812e-07 3.1521399985115164e-05 0.00026019574559469515 0.0 0.0 2.539185738875074e-07 2.2868711391092e-05 2.5139487270499707e-06 1.813976409819659e-05 5.190412318784631e-07 6.373499031529681e-07 0.0 0.0 4.771497108544301e-06 0.0 0.0010670972248016497 2.3481202043316093e-05 3.2876217708706985e-07 4.738620324702832e-06 0.0 0.00013885611116562255 0.00048005824484592555 0.0013690092657018835 5.0943293335952015e-05 1.0358560987129767e-06 1.8569111935159053e-05 0.0015166855021434681 3.9308119268072974e-05 3.7273451706927586e-06 2.8746928042865072e-05 8.878641811070388e-08 5.682376246001034e-08 1.0771569380489771e-07 6.680287213825964e-06 1.9180805009376775e-05 4.086173479200484e-05 1.455081476988343e-05 2.7399766718372385e-05 1.8602109266465886e-05 2.4349922206408322e-06 9.366549479582147e-07 3.8545084572645315e-06 1.430342229698332e-06
