0.0 5.331034515237491e-07 1.85506374227514e-05 2.8302924708701208e-06 0.0 8.268451932381437e-06 0.0008179466393940698 0.0004092279809917801 1.4438952997251244e-06 1.8895733461127497e-05 3.6090437751061436e-06 1.0121140376764687e-06 3.3624220335283275e-06 0.0037247539801510067 1.7603543048412832e-07 0.0 8.296769810342788e-05 8.330160662379085e-07 1.8435244401798193e-05 3.740759711608415e-07 6.712138792090061e-05 1.1239198091647216e-06 0.0001386166596586357 8.502522065975654e-06 0.0 2.0906995659278385e-05 1.0612587596448069e-05 3.308118525076713e-05 0.0013713602008040623 0.0014277156684769853 1.0320884963513874e-07 2.6960960155734e-06 1.991594793502878e-06 5.2500574463113054e-05 1.2193839372531155e-06 3.3950069431605056e-05 5.0503787401600125e-06 2.289053270542004e-05 4.28566183839003e-06 6.951787631132832e-07 4.772026117723933e-07 1.419837105956955e-07 1.141880730275941e-06 4.7736146796918446e-08 1.148092814888204e-07 2.0872687540303179e-07 0.0 0.0 0.0 5.441734135876297e-07 1.6437299101562072e-07 1.2948181949779163e-07 1.0399063676793623e-07 0.0 0.0 0.0 0.0 0.0 2.5272863113941164e-07 0.0 0.0 0.0 0.0 4.974637568747153e-07 0.0 1.5315550696399603e-07 1.2123701890945352e-06 0.0 1.2758393961565923e-07 5.004834058435256e-07 6.260421184075492e-06 9.076052735516528e-08 1.7744796468849e-06 0.0 0.0 0.0 4.045600225476223e-08 0.0 1.045602947055444e-06 5.481938484713439e-08 5.727165933922074e-07 0.0 3.283909985924639e-07 0.0 1.9410974243510536e-06 0.0
5.331034515237491e-07 0.0 0.0004229555354132628 4.3474626380623433e-07 1.4900333969089557e-06 1.1189839180826345e-06 3.460191733256798e-06 1.6904381560943231e-06 0.0001630400297393523 1.7968751502250742e-06 1.0229961639394618e-05 3.282243351236213e-07 0.00015830633254480003 5.993895847557914e-06 3.444354763149447e-06 6.174527057910778e-05 0.0005781321098701954 1.076053659470139e-05 6.170295198480647e-05 0.0 4.774761694999782e-06 0.0010249037692598782 1.9394445244047084e-05 0.00021364235553198265 0.0010309009230259278 0.0013406829087350195 0.0049437819992310195 9.282977575088645e-06 6.8311781189446615e-06 8.396572841691724e-06 1.5208259995166363e-05 2.0483658301721015e-06 1.960648059686042e-07 0.00022859989533336394 4.378065201918437e-06 0.0002562883111841652 0.0002446282542299211 0.0003929722593334493 5.624587059864114e-05 1.1938599573330148e-05 3.8687218607432355e-07 0.00021998438473111554 9.859619291123742e-07 0.0 4.767401382256431e-05 0.00010505692449877753 0.0 0.0 0.0 1.0676021223917439e-06 1.4781796238782735e-07 7.595452155608064e-07 5.925154069116093e-08 3.2300828337085525e-06 0.0 8.563557778838829e-06 2.421852278430511e-07 0.0 4.4170621047983614e-07 4.4312282632898075e-05 1.1459899073262217e-06 2.7137792544719707e-05 0.0 6.811518872415845e-07 6.693973134686772e-06 3.576199493788672e-06 2.3076135187018785e-06 1.019028923021212e-05 0.0002718614153282763 0.0008197913028860662 1.049980799149119e-06 9.403637598184976e-08 9.379558700742671e-07 1.5378233747358738e-06 0.0 0.0 5.438290316413548e-06 6.819753624003589e-07 4.1151839328975306e-05 1.5049896107075926e-05 1.730778400214444e-05 4.999942259605306e-06 2.3394537309138815e-06 5.471315572069874e-07 2.0312820269001417e-06 0.0
1.85506374227514e-05 0.0004229555354132628 0.0 6.650441056164391e-06 1.7854814596625153e-07 4.7861505401787405e-05 0.0011967974899683579 0.00011052519497253531 6.524138864543037e-06 0.000116063398476327 1.583676348423963e-05 3.4689623502939794e-07 4.130924372770528e-06 0.0002705116923965759 1.8009807412483146e-07 1.9838900840407405e-05 0.001588740047005461 6.033626766963265e-06 0.00011729001910478122 1.6268368790910043e-07 0.0006935760944573156 4.099045787114698e-05 0.007154013920479025 5.3209392526806914e-05 1.646524082596847e-06 0.004172464169385598 0.008611000401736865 0.000902144196843872 5.854938704267234e-05 7.13651941650284e-05 2.4927368058964194e-07 1.4778688287129562e-06 2.7572129624744382e-06 0.00038093654651015415 1.0628786710968894e-05 0.0005859346535731619 0.0018300363235558103 0.0004455823276331515 0.00012435264888173875 1.7791640422459204e-05 1.7308846300795054e-06 6.598832975150357e-06 3.0778160077667835e-06 1.1421349504173447e-07 0.00016115837919260505 0.0008030538846316209 1.6398908300035018e-07 0.0 4.1287997459242816e-08 1.014140152186701e-05 1.4510277634750434e-06 6.572065406847682e-07 8.462919408896861e-07 3.8144073264587403e-06 1.0923900338846444e-07 5.5710467030227e-06 1.8691331149677922e-06 0.0 5.204770850324762e-06 0.00014675708811749615 4.971361084902497e-06 5.866674158348494e-05 0.0 5.7406847646756334e-06 4.304066849987614e-05 7.988527266599217e-05 8.83952547909212e-06 1.926863692701271e-06 0.0003157583475204812 0.001661788266033707 1.2213410017232265e-05 1.1867271929624973e-06 7.614886775028092e-06 5.097499508467158e-06 0.0 6.087633962850014e-08 1.4427832276839648e-05 2.146298093997618e-06 0.0001104563884868023 4.261360615396148e-05 5.6950724145098454e-05 1.3951047634799709e-05 4.470835895011671e-06 1.5763264214944539e-06 1.6224646146996061e-06 1.757392235427134e-06
2.8302924708701208e-06 4.3474626380623433e-07 6.650441056164391e-06 0.0 1.9725123285857733e-06 2.463844533930442e-05 7.044241270686476e-05 3.7245357028214054e-05 0.0005855912007144198 0.0008931714112170809 2.0975180883369143e-06 0.001671082489097835 1.7734302704882647e-06 3.084371226417457e-05 3.963168297993789e-05 0.0 2.3226838213414163e-07 1.1044373268091253e-06 1.326932710559996e-06 0.0011881319637802447 2.6933712517755854e-07 1.036779211761917e-07 6.271436646653251e-07 0.00087175616573698 5.400895381555248e-08 1.859863704097472e-06 3.2027237223625705e-06 0.002176590146490489 3.590681969779351e-05 6.555485996190524e-07 1.0129311717349063e-07 2.8246265112161668e-06 9.108826068156901e-07 8.805930543708735e-06 5.386143847543829e-06 9.209271198882782e-05 2.0589652692957253e-06 2.896715676754268e-05 8.438041994453077e-06 5.7072102776991235e-05 3.149674184044931e-06 4.964802363320155e-08 1.962185191156988e-06 2.988728256771483e-07 6.593371245460662e-08 1.80116883224433e-07 5.7119858002486076e-05 0.0 2.230870036112357e-06 3.386316999175082e-05 3.04598931978858e-06 4.2992430604743896e-05 0.00022546107840938355 9.043134410680912e-08 7.044542587439438e-05 0.0 3.304588321509462e-06 4.819329832500149e-06 7.471301572824255e-08 0.0 3.35859001463587e-07 1.4409628676611224e-07 4.0044240884246e-05 1.3276786115705027e-07 0.0 3.2646670176757684e-07 0.000127740820384272 0.0 1.0374225176836881e-07 7.194560849230305e-07 0.000166566516398809 1.667261452828663e-06 1.2066850694938443e-06 0.0 1.5291307897948005e-07 0.0 5.48331594749949e-07 7.621527742565297e-07 1.682053187274205e-05 5.247453088449398e-07 7.169957871109195e-06 7.601332981434178e-07 6.522206375252873e-05 9.839382206748673e-07 0.0 4.521211741795071e-07
0.0 1.4900333969089557e-06 1.7854814596625153e-07 1.9725123285857733e-06 0.0 0.00040092202141212815 2.496412494691463e-06 0.00011451383221841407 2.0151500996058045e-05 8.246182183734079e-06 7.429373101702906e-05 9.993129950325368e-05 1.0357997241147144e-05 1.4164807283104943e-05 0.0004494079313485162 0.0 1.6153139512161636e-06 1.3535609057612934e-05 1.3557846380598695e-05 3.466561462719952e-06 2.2057726922182763e-07 4.4059844204043675e-07 0.0 2.6481594781878276e-05 5.332655835248497e-07 1.648087256527395e-05 5.165781182282093e-06 4.768342488704238e-06 5.8833560824762685e-05 2.9837280868010072e-06 1.298235242957647e-06 0.00021820829426378175 7.395542522979985e-07 0.0009663539549038602 2.4545438082913527e-06 4.780918966579378e-05 1.1907258431935865e-05 0.0001779972212196972 3.203397434543686e-05 0.0013721655994172817 0.0002643793778626445 2.4991289083274483e-06 4.980251300188546e-06 0.0 0.0 2.433891874876773e-07 6.525609737609125e-08 0.0 0.0 3.9187104867757783e-07 0.0 0.0 5.559724618513974e-07 0.0 9.725227775898954e-08 0.0 0.0 0.0 0.0 0.0 0.0 9.701561474688237e-08 9.032185764170302e-08 0.0 0.0 0.0 4.682952862255028e-07 1.0980213150690802e-07 2.388185024219638e-07 2.547635740715165e-07 2.002685603272875e-07 0.0 1.942846962371083e-07 0.0 0.0 1.3567161239099038e-07 0.0 2.6168389348442247e-07 1.8011107836624457e-06 0.0 0.0 0.0 9.968325546062588e-07 0.0 1.1766082666896776e-07 0.0
8.268451932381437e-06 1.1189839180826345e-06 4.7861505401787405e-05 2.463844533930442e-05 0.00040092202141212815 0.0 0.0009611632247527845 0.0030265541593216417 5.0875390443344034e-05 0.0032912616948658404 0.00010679571590115609 0.0013112431614518113 2.777141185405876e-05 0.0007774669233555535 0.0005107309692547444 0.0 1.818680861433804e-05 2.0842885716711462e-05 3.3002467115555925e-05 5.728216617316615e-05 5.995818124241925e-06 1.7194130662253318e-07 1.5378368553907662e-05 6.648655584011414e-06 1.3711436709037049e-06 4.0839154212920916e-05 1.3631890657680956e-05 5.9764658246393135e-05 0.00014836187628902153 2.6307153885149622e-05 2.5865019992011363e-06 0.0002427312853131437 9.264142512799126e-07 0.00022924406435386152 1.330717754344798e-05 0.00027246331292310016 2.4905658616885686e-05 0.0003158561438975179 8.412589774220922e-05 0.0011442201672511344 0.0003529157644149877 5.997935220800701e-06 1.5196986837213994e-05 0.0 3.1531124010328914e-07 3.894332852230242e-07 7.70783462376609e-07 0.0 6.039060986544395e-07 2.024063949062855e-06 3.2223024106959045e-07 4.695992225312936e-07 5.252202646464278e-06 2.756251811206486e-07 1.3521406488575063e-06 2.4133908795931e-07 6.048210932118442e-07 0.0 0.0 1.1060029027499579e-07 1.009279997921829e-07 3.81248298531632e-08 7.702164010771182e-07 2.325534509715927e-07 7.28259899485505e-08 1.1892156076640632e-07 3.8023671723501894e-06 4.531354732488272e-08 8.691839446306699e-07 2.001322288859212e-06 4.817678601847544e-06 6.618006327941249e-07 1.0036390776739811e-06 0.0 0.0 0.0 2.8537660794476526e-07 1.3804997705615654e-06 8.610088994698527e-06 5.805362263421162e-07 3.553296953554234e-07 0.0 8.268665018466025e-06 1.846579235537433e-07 1.3366734088480158e-07 0.0
0.0008179466393940698 3.460191733256798e-06 0.0011967974899683579 7.044241270686476e-05 2.496412494691463e-06 0.0009611632247527845 0.0 0.0018226414091341455 5.2538756890986516e-05 0.0033767068151739714 2.941725240887957e-05 1.0267990551334008e-05 8.011772917605364e-06 0.00561595741693427 1.0883475983003326e-05 2.4240958904664216e-06 0.0001694605043768368 1.071817162210188e-05 5.289028851467972e-05 6.767358868002185e-06 0.0004024584407963414 4.1503674568393485e-06 0.0004962179970327429 0.00040689876315403437 7.140794581918208e-06 0.00015628911700072011 0.0002269161182945118 0.00477544135693526 0.0019206551886668379 0.003065868443055685 9.913769665880006e-07 2.406035944413057e-05 7.949670714022272e-05 0.0002803117364886793 0.00014127722293623266 0.0021938016880267935 7.580951096167887e-05 0.0009456856635444145 0.00029014047676502306 8.355932203731263e-05 0.0001027414099247384 2.228664034889394e-06 4.028136686684718e-05 2.6916827537709135e-06 3.2852308478348815e-06 1.0941179342385329e-05 1.5319163291800265e-05 5.125889209268943e-08 1.570497812801515e-06 0.00023229149764966684 1.8196216960674097e-05 2.980146967558798e-05 7.507894078920166e-05 1.34983140994158e-06 4.010617087691307e-06 3.4244329056929895e-07 2.0917357951590162e-05 9.649787849223064e-07 3.472328935376212e-06 7.537891398967651e-07 2.596576659644813e-06 7.017402176101529e-07 1.0364745804268045e-05 4.3470744312463785e-06 2.2721899237296715e-06 7.591165376044562e-06 0.0001713555010082874 2.9872409234350403e-07 3.166773952708129e-06 2.960985309795535e-05 0.00036835151914400106 1.6093213273962875e-05 9.154784821148467e-05 1.0181476925148957e-06 8.305044106834476e-07 2.605413136229058e-07 8.111751580445245e-06 9.04713401632415e-06 9.661408502797711e-05 3.498778148681076e-06 4.3542292904922516e-05 4.35363887717672e-06 4.036365159216673e-05 7.610670918289792e-06 9.341591301538988e-06 1.5987044932716754e-06
0.0004092279809917801 1.6904381560943231e-06 0.00011052519497253531 3.7245357028214054e-05 0.00011451383221841407 0.0030265541593216417 0.0018226414091341455 0.0 2.188523819800721e-05 0.0017560532989508526 0.00018848119249221376 0.0008029109343999494 5.621197141600791e-05 0.005254294300044873 5.856121744928377e-05 3.106542097109151e-07 0.000137436285734866 4.184417940268612e-05 9.295411688428936e-05 0.0001081156366473382 6.0761420343508315e-05 2.163014168846955e-06 0.00016236235860285088 5.1907321948528095e-05 2.4900113330180776e-06 0.00011394870117645597 3.8645566426953125e-05 0.00016770487326846456 0.00042705323160224025 0.000542940929993315 5.010418071277687e-06 0.00022638554284247934 1.5265379592925218e-06 0.00032859311731746284 1.5222582332336983e-05 0.0003146913484858501 4.395962117802034e-05 0.000381467886044465 0.00011837589247072917 0.0004581725300536462 0.00014518767784218024 1.2091917600073656e-05 2.0011068528374407e-05 6.690023353029931e-07 3.278897192843533e-07 9.345290242266312e-07 7.286301244624827e-07 0.0 0.0 2.2121709529398187e-05 2.6743178480806997e-06 2.364343794320188e-06 1.5452350795676636e-06 5.998805967994602e-07 1.2476327378451987e-06 9.027674645561974e-07 1.7678131302899618e-06 4.7627739463739224e-07 6.913711521020876e-07 1.2734082470938287e-07 2.0641153913320014e-07 5.653495347817178e-07 6.607102294413789e-07 1.3005376422009906e-06 3.305773302170611e-07 8.422083682940561e-07 1.9979022793603437e-05 1.1455717381648679e-07 3.059821106187189e-06 5.092868824848113e-06 3.448680310952131e-05 3.2188275541875934e-06 2.3157256868855988e-05 3.0994237411072146e-07 0.0 4.3556021069542874e-08 2.062748874976584e-06 5.558105699036003e-07 1.856691391199159e-05 4.30880936594651e-07 7.333304397892707e-06 6.105361086816254e-07 4.13565588247012e-06 5.109076614526008e-08 1.7805275571964196e-06 1.5051164112941892e-07
1.4438952997251244e-06 0.0001630400297393523 6.524138864543037e-06 0.0005855912007144198 2.0151500996058045e-05 5.0875390443344034e-05 5.2538756890986516e-05 2.188523819800721e-05 0.0 0.0006927922657117973 1.7666833138779296e-06 0.0006294815880305784 3.845047859361173e-06 1.481304568350826e-05 0.00027605245221691587 6.129823823581654e-05 1.8227301983659318e-05 2.0710260125914506e-06 3.6723543660247122e-06 0.0003493974079916036 3.942579322435804e-05 0.00169662282914544 9.806158896037684e-06 0.005927583178357304 0.00018099939973322633 5.867075201368561e-05 0.00027274990358400767 0.0008528983736606644 3.004133246527655e-05 5.299219250472715e-05 2.510201163823658e-06 1.0816591009476863e-06 2.5477092635022973e-06 7.682430979243159e-06 2.3546166424247344e-06 5.964362211147424e-05 4.94770254295317e-06 2.0317207324369426e-05 6.228527000494639e-06 0.00010440087469371294 4.261622970759346e-06 1.856734376620913e-06 5.028104050107735e-07 2.2436898021014642e-06 2.2520490084010634e-06 3.878388533978749e-06 0.00010370576791335252 5.959022635720305e-08 2.479174252203494e-06 0.00010050130669256637 1.1671742660417432e-05 2.19856839824167e-05 0.0002543369983321134 1.1277775322262792e-06 3.1548074628335037e-05 5.46347210736663e-07 1.691626371566063e-05 2.9193684370947895e-06 9.952978434265796e-05 7.800889735706292e-07 1.3501297814251658e-06 8.817592107905968e-07 5.0902725637994714e-05 7.795190328132987e-05 1.1041604356644385e-05 2.684478088634969e-05 0.0007762322894486894 1.7092314823472028e-07 2.4310151868829424e-06 1.0305350534431336e-05 0.0005695896959383071 2.4356374841475074e-05 0.00010668234119298078 1.6047613926561247e-07 9.136031789135155e-07 1.3664192409299976e-06 6.484337572588522e-06 2.1583916728921174e-06 4.9088716472732876e-05 4.870135090325756e-07 2.1231591695822174e-05 3.700713816417141e-06 1.4382693115313718e-05 2.2610263224118355e-06 4.008634860464623e-07 1.250439503851447e-07
1.8895733461127497e-05 1.7968751502250742e-06 0.000116063398476327 0.0008931714112170809 8.246182183734079e-06 0.0032912616948658404 0.0033767068151739714 0.0017560532989508526 0.0006927922657117973 0.0 6.0479799528299356e-05 0.0034604296014602073 1.3969375867010116e-05 0.0012196707276439112 4.155632013393282e-05 1.2939603552654813e-07 1.9926319016984598e-05 2.353681830174541e-05 4.23607757623802e-05 0.0013119637309741245 6.528518869730186e-06 2.648029503727248e-07 1.6926517330302278e-05 0.0007926388108619705 6.700514162494085e-07 5.529565925403142e-05 3.3062524729387934e-05 0.0010853841655126789 0.0006509492123474535 1.9546259148495427e-05 2.667492733807913e-06 4.937004583183994e-05 3.4173732334909097e-06 0.00018015159229151486 5.151327846546566e-05 0.0011812122371328067 3.0753332136363316e-05 0.0007050534690897615 0.00012177429554731767 0.00014345934049895165 8.461706955427737e-05 2.077634155609263e-06 2.7333625732488696e-05 2.1251168541284764e-06 7.319329513873394e-07 1.945597855047688e-06 0.00019911251114878092 2.566571100967961e-06 1.0612270545124355e-05 0.00027380997593596677 1.9988543580906794e-05 0.00012621106766807195 0.0009681644875802515 1.5444963062937037e-06 8.022506879276386e-05 2.923431911689235e-07 2.6374752562998916e-05 2.6040409317182892e-05 1.5894015635739483e-07 2.177006070798916e-07 9.549369970086813e-07 2.0641397290438353e-07 0.00015615339538522602 6.32174941850791e-07 4.857163052986626e-07 9.938959382285225e-07 0.00047418537969717264 2.5316343414812567e-07 3.0587812543670065e-06 4.962946821454484e-06 0.0009057823652152701 1.0778193072827016e-05 2.020211295188439e-05 4.542770928971304e-07 8.743424279081587e-07 6.411078460004376e-08 7.973574664679517e-06 5.025874228210821e-06 0.00013170884376549692 9.641255320745299e-07 5.2427624047997676e-05 4.82074321464664e-06 0.0003548943884895981 3.818791512266497e-06 1.979146567244226e-07 7.690119170083523e-07
3.6090437751061436e-06 1.0229961639394618e-05 1.583676348423963e-05 2.0975180883369143e-06 7.429373101702906e-05 0.00010679571590115609 2.941725240887957e-05 0.00018848119249221376 1.7666833138779296e-06 6.0479799528299356e-05 0.0 5.7619115559516876e-05 0.001242831876203371 0.0002560806124829124 4.0679126038971296e-06 4.642862741859016e-07 0.000252264498240821 0.0016133068454227805 0.0009012734452883873 7.987113947974522e-06 8.105436088256146e-06 2.32538856469373e-06 3.8095011126125805e-05 1.3672802305110859e-05 0.0001535802122782286 0.0011220532202232977 0.0002945626864159011 1.6971697212254714e-05 0.0002752057994906837 2.515717178059442e-05 0.00019454675739097798 0.00032124861818149227 2.817044427629024e-06 0.0037624814109563183 4.626784137789615e-06 0.00021429321947661383 0.002916346163080324 0.00161700753937571 0.00033161102759866234 1.6206931849262474e-05 1.4085407802756206e-05 0.0005434363137326338 5.375095161588884e-06 2.9154066712384205e-07 2.466363623012426e-06 3.861511446146019e-06 0.0 0.0 5.531196314627949e-08 1.7738384866703475e-06 1.1265520490331594e-06 2.2268116654204542e-07 2.288796124335489e-07 0.0002773260895634962 8.213335878582603e-08 0.0005613122870373556 1.1186411625898183e-06 1.4281815803699826e-07 0.0 5.50915085332163e-07 6.097853777986551e-06 1.3539728279970684e-06 9.790004128594812e-08 2.200784975474554e-07 0.0 1.9970917704037664e-07 2.6356517275734446e-06 0.00013844806684446258 3.095771021720176e-05 0.00012305501186638565 4.272669968954913e-06 1.0104255876824575e-06 3.3514434505242233e-06 4.097304326334359e-05 4.860079183584764e-07 0.0 3.1506616488480612e-06 2.4305361586694914e-06 9.881278477119908e-06 0.00014349642893744536 8.795827135958693e-06 3.176861827162875e-06 6.306145289025448e-07 5.357194970270287e-07 0.00011207043850567241 6.199714111570895e-08
1.0121140376764687e-06 3.282243351236213e-07 3.4689623502939794e-07 0.001671082489097835 9.993129950325368e-05 0.0013112431614518113 1.0267990551334008e-05 0.0008029109343999494 0.0006294815880305784 0.0034604296014602073 5.7619115559516876e-05 0.0 1.1743768685658429e-05 0.0004655127405302512 0.0008358795212564586 7.005233283252941e-08 3.7157648483161098e-06 1.615752337297415e-05 2.4150070990253773e-05 0.001587018641698093 5.27439589566354e-07 0.0 1.281689236640933e-06 9.218313985031515e-05 4.049823317051775e-07 2.685592689730008e-05 7.1251076451254704e-06 0.0002933008518365642 0.00011993611298486076 3.361366426825188e-06 1.9737961521178685e-06 6.825640477937463e-05 0.0 7.26337129879734e-05 4.513402028586283e-06 0.00016525149541753335 1.2872093775776581e-05 0.00019689356901046623 4.010265723887031e-05 0.000819482778322162 3.76271996802592e-05 3.0497350081268882e-06 3.786827724307043e-06 8.975415743111205e-08 4.0526238158202416e-07 1.2470753229953756e-07 3.354319796903737e-05 2.618372705568924e-06 3.9368864070117575e-06 6.8459386383358856e-06 2.9200947460626127e-06 1.5410194193037586e-05 0.00012111823259841141 1.75631173334987e-07 5.4698750801498606e-05 3.371344046644257e-07 1.2057573373388495e-06 8.729947609074353e-06 0.0 0.0 0.0 9.696552854841485e-08 2.8019475174813397e-05 0.0 0.0 1.7326630852897717e-07 3.9653058666675896e-05 0.0 8.895115549530049e-07 1.348236902037999e-06 4.9566527756275055e-05 4.536083967221174e-07 3.643213423949706e-07 0.0 0.0 5.6334726864389426e-08 1.0789469750330125e-07 1.6674623922160997e-07 2.6470496098359928e-05 3.2340310827173775e-07 2.56965620693291e-06 2.0469236231635654e-07 0.00010894889186944946 3.2376622028468035e-07 0.0 6.591486273059996e-08
3.3624220335283275e-06 0.00015830633254480003 4.130924372770528e-06 1.7734302704882647e-06 1.0357997241147144e-05 2.777141185405876e-05 8.011772917605364e-06 5.621197141600791e-05 3.845047859361173e-06 1.3969375867010116e-05 0.001242831876203371 1.1743768685658429e-05 0.0 3.466000851098753e-05 2.0227233473848196e-06 5.093666691859109e-06 1.992185701328214e-06 2.9523281851591235e-05 8.29513649394493e-06 1.332771482740487e-06 1.0039842927898749e-05 1.7159558702538934e-05 1.77873427407826e-05 1.502153247606289e-05 0.0019428955902863565 0.00019954785561433977 0.002695943758305273 1.805326571339258e-05 3.2800887686922074e-05 2.7343450464205405e-05 0.0005000645104655319 3.1946202684830754e-05 4.561577074070584e-07 0.00023770714163658316 2.9420907394000483e-05 0.0008089176981940409 0.0021788179954964028 0.001599399478843583 0.0001877554607307118 9.156655407339322e-05 4.536865187458863e-05 0.0006217871638811977 1.004618287228665e-05 2.1936751875289845e-07 1.253221460533448e-05 1.394857787039325e-07 0.0 0.0 2.377816605008928e-07 1.1506973747641993e-06 1.381192398204361e-06 8.457190296758481e-07 4.3508731307403275e-07 0.00044082036367832695 1.7136698463389674e-07 0.0009620387494505978 2.4280114774534764e-06 0.0 9.009001046817437e-07 1.2004716221174434e-06 1.2537787572031834e-05 9.147810672921437e-06 0.0 8.857502550250964e-06 0.0 9.401508066865084e-07 1.4535990925875961e-06 0.0005078020983630323 9.850331078540077e-05 0.00026007935503111575 2.443208288183894e-06 5.665422377729796e-07 4.105948348122846e-06 8.889689878062399e-05 6.255495002226246e-07 0.0 1.586020887362807e-05 4.001365137928961e-06 9.237115707979634e-05 0.00019425624263042402 4.0797039612223694e-05 1.94616065152326e-05 9.244136115955475e-06 4.823365335345059e-06 0.00017125408301907864 1.2653599762984009e-06
0.0037247539801510067 5.993895847557914e-06 0.0002705116923965759 3.084371226417457e-05 1.4164807283104943e-05 0.0007774669233555535 0.00561595741693427 0.005254294300044873 1.481304568350826e-05 0.0012196707276439112 0.0002560806124829124 0.0004655127405302512 3.466000851098753e-05 0.0 3.62351192914743e-05 5.467828520853749e-08 0.00033650917334931697 7.187756385635268e-05 0.0002251285402222235 7.2337796525828e-05 0.0001900640823772666 4.208933911254567e-06 0.0004568077879063424 6.472749175160906e-05 3.3402672482545235e-06 0.00025159033788018834 9.774281194516632e-05 0.00023663377741503603 0.0047418995002271236 0.0017838318139452272 6.4295578223883366e-06 0.00010928335563679626 6.544055673493867e-06 0.0007074625165686031 1.9521557305344605e-05 0.00040239055589370566 6.138928530926026e-05 0.0008176203220497746 0.0001049575413140086 0.0002275416440072986 9.964911133868127e-05 4.733288793713768e-06 1.4819033085614818e-05 1.4000385398771114e-06 7.326393765553875e-07 1.9418693139014963e-06 4.967004833912996e-07 0.0 4.992575053269706e-08 1.8995097196039198e-05 1.7414451990336212e-06 2.5476396849755955e-06 1.3819596307207187e-06 1.2375077843879005e-06 6.020509704190747e-07 1.2862152533265795e-06 2.3330258974719267e-06 0.0 1.4219022845259023e-06 4.5491212621275453e-07 4.6177400557223546e-07 2.1055571706305145e-06 0.0 1.6313548669169347e-06 6.458973710437647e-07 1.0698681332474234e-06 1.8098016845372674e-05 1.3828977405646746e-07 3.9540400288637226e-06 9.182007986984934e-06 4.028254329237791e-05 3.7273483508722116e-06 2.7259352051236915e-05 1.2420591691680227e-06 9.099699093837422e-08 2.1202709867282832e-07 8.259015473956985e-07 1.6763844127182847e-06 2.1469589718211964e-05 8.513839552540335e-07 4.99375234853202e-06 4.233930979344136e-07 2.24800023245504e-06 1.843765478440365e-07 1.5699730525872067e-06 9.80648101802579e-08
1.7603543048412832e-07 3.444354763149447e-06 1.8009807412483146e-07 3.963168297993789e-05 0.0004494079313485162 0.0005107309692547444 1.0883475983003326e-05 5.856121744928377e-05 0.00027605245221691587 4.155632013393282e-05 4.0679126038971296e-06 0.0008358795212564586 2.0227233473848196e-06 3.62351192914743e-05 0.0 0.0 4.6780554424846524e-07 1.0706578421392322e-06 1.047385191414776e-06 5.5064382018748795e-05 5.883289880945575e-08 3.159935130283781e-05 1.995207388903539e-07 0.0007195584475995438 4.657813656757966e-06 2.835576391231443e-06 8.735381695702885e-06 5.988672794373571e-05 7.75736071140056e-06 6.716021790548585e-07 5.303082154623182e-08 6.719019706199247e-05 2.019383526399349e-07 4.804961833498096e-05 2.738674340162696e-06 4.748604052653076e-05 2.651178966136268e-07 1.7327377839687782e-05 1.331817776448754e-05 0.0011349880481407624 5.928350357430411e-05 1.6334829579170055e-07 1.5861987354690232e-07 0.0 0.0 0.0 1.6573564251285347e-06 0.0 4.6485310281834496e-07 1.6527142928134813e-07 4.849135818246829e-08 7.453347210707909e-07 7.473408812425078e-06 5.967628361989961e-08 4.208734286620607e-06 0.0 1.0825078149414653e-07 1.2061626396431425e-06 6.61488297594538e-08 0.0 0.0 0.0 1.666461547211152e-06 6.539328229927923e-08 0.0 0.0 2.5785391135191557e-06 0.0 1.6056909898406305e-07 1.5684316518605882e-07 2.779410639733864e-06 0.0 0.0 0.0 0.0 0.0 0.0 1.2644004869379334e-05 8.883650936142291e-06 7.046359215187382e-08 0.0 9.089342086391443e-08 2.34741330312165e-05 0.0 0.0 0.0
0.0 6.174527057910778e-05 1.9838900840407405e-05 0.0 0.0 0.0 2.4240958904664216e-06 3.106542097109151e-07 6.129823823581654e-05 1.2939603552654813e-07 4.642862741859016e-07 7.005233283252941e-08 5.093666691859109e-06 5.467828520853749e-08 0.0 0.0 2.0112273534906175e-05 4.140442885107198e-07 2.1446791929852864e-06 0.0 0.0007167435645749269 0.0018924356219636221 0.0011842149977977557 0.000922628056299182 1.8668578243900297e-05 2.616534474500927e-05 0.0010915376726908582 0.00073675627800024 8.586795259907778e-07 1.4907533858272698e-05 0.0 4.8824714665175454e-08 5.774085940111914e-08 2.515356776802264e-05 3.313699767334716e-05 0.0006803256236938073 0.00011938974929538814 0.00014798263108019522 0.00017949275380938368 1.669006841250359e-05 0.0 1.140833632539124e-06 4.624084136413325e-06 4.864776583556511e-08 1.287604486849377e-05 5.1937327473966815e-05 0.0 0.0 0.0 2.9273876725198918e-06 4.2709440595661914e-07 4.2872657748487416e-06 8.29707607293242e-08 4.899170349857233e-07 0.0 6.443402929898719e-08 7.491937145682929e-07 0.0 0.001603561919238426 5.1584507336469305e-06 3.038727962187259e-07 1.2134631296260415e-06 0.0 0.0003355225163883357 0.0006411051903756848 0.0015484763386701182 5.423038675292765e-05 7.401251803022382e-08 5.1424795257323325e-06 0.0005509829026911857 7.660961052379317e-05 2.338821977095694e-06 7.376862305042588e-05 0.0 0.0 4.2623589409493484e-07 3.925704676129825e-06 6.140752462942019e-06 0.00010256047358447817 8.001652650727174e-06 1.9991850858050583e-05 1.7878453812436994e-05 3.3916771043300146e-06 3.051897692654539e-07 1.8325940255329448e-07 2.970444452887839e-06
8.296769810342788e-05 0.0005781321098701954 0.001588740047005461 2.3226838213414163e-07 1.6153139512161636e-06 1.818680861433804e-05 0.0001694605043768368 0.000137436285734866 1.8227301983659318e-05 1.9926319016984598e-05 0.000252264498240821 3.7157648483161098e-06 1.992185701328214e-06 0.00033650917334931697 4.6780554424846524e-07 2.0112273534906175e-05 0.0 2.9132475516869812e-05 0.0013518774240434018 7.021842792901218e-07 0.00020272199854608482 4.032997974370495e-05 0.0014354159411225516 4.697411631689404e-05 2.6536486049763825e-06 0.0010547024569281885 0.003144467862583219 6.674056135909173e-05 0.00027570225036295705 0.00016242509164029404 7.246041905115578e-07 1.3113295106377906e-05 1.9824229576527505e-05 0.0018270547027935524 1.5166570986817268e-05 0.000937255663668006 0.001256448502704291 0.0011694990440622515 0.00032790097102216475 2.6792168776854587e-05 2.3246282198606153e-06 5.316437494304634e-06 4.450677252669891e-06 5.979136517353827e-08 7.170552038119768e-05 0.00018380542651563904 0.0 0.0 5.7883957021825717e-08 2.2966140141291026e-06 4.2195105342349874e-07 2.4273686294795455e-07 8.819266608956489e-08 6.728262330075412e-06 5.351221705456737e-08 5.512791848874646e-06 9.61996362681158e-07 0.0 3.1644134642584965e-06 9.626180090365411e-05 9.155209001244538e-06 8.186519045802385e-05 5.7438130026795076e-08 2.3845142214326e-06 5.6277863665717324e-06 8.139351823487906e-06 2.323412874303154e-06 3.7485662228754484e-06 0.0004516308876249318 0.0006471385364575529 3.3800976014312598e-06 5.657216432538453e-07 4.733693700853392e-06 6.162258299194859e-06 1.2456244408297685e-07 0.0 8.752461026597148e-06 2.9635924083275403e-06 5.874421482073049e-05 3.4081815803173063e-05 2.3363931266356385e-05 8.052900042420064e-06 2.794979924556056e-06 1.0876489368254281e-06 4.030845197765956e-06 2.900724346440927e-07
8.330160662379085e-07 1.076053659470139e-05 6.033626766963265e-06 1.1044373268091253e-06 1.3535609057612934e-05 2.0842885716711462e-05 1.071817162210188e-05 4.184417940268612e-05 2.0710260125914506e-06 2.353681830174541e-05 0.0016133068454227805 1.615752337297415e-05 2.9523281851591235e-05 7.187756385635268e-05 1.0706578421392322e-06 4.140442885107198e-07 2.9132475516869812e-05 0.0 0.00018490440082755003 3.1310477723935805e-06 1.1618662092440486e-06 4.087203084234429e-06 7.805704481118983e-06 1.2638331039670155e-05 9.424571928459081e-05 0.0012648387400038027 0.0003306831283333302 5.184888542573321e-06 8.322574609048928e-05 6.77501907047394e-06 7.046164890930361e-05 7.301981489839411e-05 2.3423387949214355e-07 0.0006107055107708813 6.385237759664809e-06 0.0002941533824156546 0.0008139464534829091 0.0007162030949031324 0.00019896750609407077 5.132789065061018e-06 1.5423588125903965e-06 9.139796522933241e-06 1.6859168666121888e-06 4.171947295985927e-08 1.0259077789503078e-05 5.746712809653017e-07 0.0 0.0 2.0019134071928292e-07 6.901620922480464e-07 4.980955956348402e-07 1.2855166095786886e-07 1.8809617008672582e-07 2.5407602621513917e-05 3.005206771178671e-07 6.487367077776653e-05 1.6392990099756134e-06 0.0 0.0 2.3840642322826018e-07 9.538598320416474e-06 6.04232786456379e-06 0.0 9.508647623152263e-08 2.1971469122649692e-07 2.369147467735903e-07 1.1897641257691502e-06 1.7898175125670683e-05 9.359231653622316e-05 0.00017374137176724423 1.1041080992432363e-06 1.0965731067279599e-06 1.494213090540385e-06 2.5597304231162343e-05 3.115928882965439e-07 0.0 3.4328754695789047e-06 1.0780011871764758e-06 8.027124847087292e-06 3.7530615984188266e-05 1.0406427322954079e-05 2.640222342469731e-06 6.659083030482856e-07 1.8405408239504714e-07 8.597126378528272e-07 0.0
1.8435244401798193e-05 6.170295198480647e-05 0.00011729001910478122 1.326932710559996e-06 1.3557846380598695e-05 3.3002467115555925e-05 5.289028851467972e-05 9.295411688428936e-05 3.6723543660247122e-06 4.23607757623802e-05 0.0009012734452883873 2.4150070990253773e-05 8.29513649394493e-06 0.0002251285402222235 1.047385191414776e-06 2.1446791929852864e-06 0.0013518774240434018 0.00018490440082755003 0.0 4.984051159324604e-06 3.059440697041144e-05 7.0421770213084696e-06 0.0002010992597425021 6.674554602531193e-06 2.412231250407352e-05 0.0007827336021653449 0.0007909269492079065 1.9077146022824085e-05 0.0002239572645457791 3.4764763699061084e-05 4.3241594599439535e-06 9.991197271577755e-05 5.4159831416096325e-06 0.002555528772599474 1.468476271975255e-05 0.0007597384388262781 0.0008268409212347843 0.0011937870696364413 0.0002601824899332541 2.167780964166267e-05 2.209737892683447e-06 2.6737077544567323e-06 3.458733874772882e-06 5.4058703939395315e-08 2.6505774664205617e-05 1.2910046203040388e-05 0.0 0.0 3.284856793084433e-07 7.695247447269191e-07 4.5523211726615526e-07 2.3994735492765514e-07 2.539046818176745e-07 1.3538660050156914e-05 1.8721978717988703e-07 1.9596846722292405e-05 7.878216666003108e-07 0.0 5.416079159237856e-07 7.858590173824251e-06 1.1457543378492398e-05 2.803448866976197e-05 8.416552817899497e-08 2.494387153891493e-07 1.2251762572728394e-06 1.3270121238858806e-06 1.6535871672489632e-06 3.358336359543011e-06 0.00017535327481215212 0.000218825701303679 1.8244361759442174e-06 5.556640229015805e-07 2.2437482938586775e-06 1.270605943124521e-05 3.738945536466606e-07 5.4451708128299865e-08 4.32537772676546e-06 1.1053141639706765e-06 2.0246715021842467e-05 2.3510813198131175e-05 1.3096736912739634e-05 2.974460038694825e-06 1.4871240358139717e-06 7.538448544219147e-07 1.181418151946259e-06 5.003792190167324e-07
3.740759711608415e-07 0.0 1.6268368790910043e-07 0.0011881319637802447 3.466561462719952e-06 5.728216617316615e-05 6.767358868002185e-06 0.0001081156366473382 0.0003493974079916036 0.0013119637309741245 7.987113947974522e-06 0.001587018641698093 1.332771482740487e-06 7.2337796525828e-05 5.5064382018748795e-05 0.0 7.021842792901218e-07 3.1310477723935805e-06 4.984051159324604e-06 0.0 4.214033441133874e-08 2.3058347384963703e-07 3.9691313564795084e-07 0.0001888568860607128 0.0 4.552491573575672e-06 1.2903224213153676e-06 0.0003202208542823325 2.7405641058738617e-05 4.986282591425214e-07 1.958860844376766e-07 6.85277755752018e-06 0.0 1.2244559673646137e-05 8.471264991248214e-07 4.261590485269082e-05 2.002966181266989e-06 3.747229981673341e-05 8.313497639309795e-06 0.00010635091212409828 5.1543004557779815e-06 3.490170136365347e-07 8.754179922736279e-07 0.0 0.0 9.088855332154748e-08 3.2160576186364e-05 3.3350547086662424e-07 1.5617843469161762e-06 1.7010887819684826e-05 1.2479717743583765e-06 1.2538291063523463e-05 0.00013601014933847138 4.2211087352663125e-08 5.5841491705543716e-05 0.0 2.3402169157622307e-06 8.333143546261198e-06 0.0 0.0 1.5819687746758667e-07 4.933928554003758e-08 2.356492390130921e-05 0.0 0.0 0.0 5.5239932988428544e-05 0.0 1.770365746324234e-07 1.2358426380299555e-07 8.687177400646849e-05 3.4531587549820534e-07 1.9426466249634678e-06 0.0 4.472487014870443e-08 0.0 1.9166955185699822e-07 7.715813220013496e-08 1.3386465129412322e-05 5.226685744792813e-08 4.203636208140503e-06 1.1900106272735685e-07 6.356727298386857e-05 6.322723480950453e-07 1.1388718430813773e-06 0.0
6.712138792090061e-05 4.774761694999782e-06 0.0006935760944573156 2.6933712517755854e-07 2.2057726922182763e-07 5.995818124241925e-06 0.0004024584407963414 6.0761420343508315e-05 3.942579322435804e-05 6.528518869730186e-06 8.105436088256146e-06 5.27439589566354e-07 1.0039842927898749e-05 0.0001900640823772666 5.883289880945575e-08 0.0007167435645749269 0.00020272199854608482 1.1618662092440486e-06 3.059440697041144e-05 4.214033441133874e-08 0.0 9.976047551919201e-05 0.0065150270775023245 0.00011664034270014873 2.3405116125837112e-06 4.07813243676068e-05 0.0003772221764306207 0.0036833782390915423 0.0001982061126675029 0.003456613261603096 2.9895999826442364e-07 1.4146912199382019e-06 3.0005585071636234e-05 0.0016526171435075102 0.00031602376015823385 0.004901877974964512 0.0004269984851437401 0.0037716814651941313 0.0020288463008924606 0.00016631638707591788 5.238055887972875e-06 4.787139046443894e-06 4.784416782893562e-05 3.4890125624051883e-07 1.8926571125802662e-06 1.0011678079486548e-05 0.0 0.0 4.8721170442609865e-08 3.200787330544321e-06 1.0469115736334701e-06 9.538449003568649e-06 0.0 4.722626028528713e-07 0.0 3.138638885678058e-07 1.5087237218290481e-06 0.0 0.0004322165059023355 4.583449191039971e-06 7.192857467920824e-07 2.9900875973796933e-06 0.0 0.00040807756789367747 0.00013937247272855765 0.00030841066266297344 7.696298924686198e-05 0.0 5.17169749906583e-06 4.474039541144391e-05 0.00016217165730783963 6.033525612194349e-06 0.00018973748900121736 0.0 0.0 1.2604442496937978e-06 5.0452647295268164e-06 3.088852763811178e-05 6.85224300756285e-05 4.147857954378362e-06 8.420957592894423e-06 8.256157646766548e-06 4.384310591156697e-06 3.9329264803330055e-06 6.226620482386708e-06 4.2139599478917634e-07
1.1239198091647216e-06 0.0010249037692598782 4.099045787114698e-05 1.036779211761917e-07 4.4059844204043675e-07 1.7194130662253318e-07 4.1503674568393485e-06 2.163014168846955e-06 0.00169662282914544 2.648029503727248e-07 2.32538856469373e-06 0.0 1.7159558702538934e-05 4.208933911254567e-06 3.159935130283781e-05 0.0018924356219636221 4.032997974370495e-05 4.087203084234429e-06 7.0421770213084696e-06 2.3058347384963703e-07 9.976047551919201e-05 0.0 0.0001604728622462643 0.003524991229185104 0.000716895238310405 0.00013324319150816765 0.0021015231060225 9.6762500597524e-05 6.840794122467528e-06 5.294467801945741e-05 8.98609952957938e-06 5.825909312007806e-07 2.394434978163791e-07 2.1624637077873615e-05 2.441539293586839e-06 6.687269197844276e-05 1.057291527590064e-05 3.233061196832997e-05 6.918286611987985e-06 9.642117599597281e-06 1.0545732182716076e-07 1.2061672615925142e-05 0.0 4.846941731053969e-08 1.6895958976878413e-05 7.126520303049612e-05 0.0 0.0 6.102645049879298e-08 3.734496045080948e-06 2.066502666037163e-07 5.601712334421279e-06 0.0 5.291910517059376e-07 0.0 8.02515203733636e-07 6.14306079334852e-07 0.0 0.0005262736870306976 5.0791369449412395e-06 2.0954233647460133e-07 1.2123930052377392e-06 0.0 5.6652437839810874e-05 0.00014920952627792472 0.00028747418683675735 3.430342960409323e-05 6.133702112194369e-07 7.691739555733205e-06 0.0006691375899206375 3.1566053065951145e-05 9.733605045286351e-07 1.520773596249822e-05 4.18688666247442e-07 1.0406126783604506e-07 0.0 1.6471265683776616e-06 1.2552313075545925e-06 3.723866005070148e-05 5.503697717540192e-06 1.7424329995420636e-05 7.46935654278021e-06 2.6162237336245873e-06 8.196241867505558e-08 3.2706769183165445e-07 5.906052399934718e-07
0.0001386166596586357 1.9394445244047084e-05 0.007154013920479025 6.271436646653251e-07 0.0 1.5378368553907662e-05 0.0004962179970327429 0.00016236235860285088 9.806158896037684e-06 1.6926517330302278e-05 3.8095011126125805e-05 1.281689236640933e-06 1.77873427407826e-05 0.0004568077879063424 1.995207388903539e-07 0.0011842149977977557 0.0014354159411225516 7.805704481118983e-06 0.0002010992597425021 3.9691313564795084e-07 0.0065150270775023245 0.0001604728622462643 0.0 0.0002791295301161717 2.6120239161400794e-06 0.0004944198138616127 0.006444906862248941 0.0026625497507941527 0.0003048002885530844 0.0010986181730734878 8.086538246488102e-07 3.449542909628977e-06 2.595694413159055e-05 0.0017991271663129345 0.0003236146415844587 0.005955012817921481 0.0034322186355418565 0.0049512074470294855 0.0041865366828248785 0.00024612319203399813 5.792227595508685e-06 1.4619164018301877e-05 6.49059424728654e-05 4.349714116460349e-07 9.95925786490904e-06 0.00027882308281844366 0.0 0.0 0.0 6.603200109787316e-06 6.017503055031595e-07 1.323620495704414e-06 9.806477324898045e-08 1.8327016949792006e-06 0.0 2.8448529741558424e-07 1.1889631343720828e-06 0.0 0.0010258394340575316 5.804321850245559e-06 8.777278996456757e-07 2.1774963999832647e-06 0.0 0.0001822534303421681 0.00022071895418424074 0.0013788489048379927 2.5653270775349394e-05 7.982766527253465e-08 1.318021509075538e-05 0.0009522605834435582 4.3879349794528715e-05 1.704719669430861e-06 4.0828987490188825e-05 1.3684093049737543e-07 1.055198354004877e-07 1.0666736774630945e-07 8.114791146451979e-06 3.1338633701455165e-05 0.00011724152497675296 2.193031840244183e-05 3.678453462717455e-05 3.35536068169175e-05 6.872185209721424e-06 5.986134152396057e-06 1.0925728363217295e-05 2.957041028683158e-06
