0.0 0.0 0.00012507543695995638 8.060177648452748e-07 4.1132872141613404e-07 1.0855791091364164e-05 0.0012786495173601462 0.00031867506140302186 7.593648064896478e-08 4.3785883819266825e-05 2.9827513728108103e-06 2.8201555724549e-06 1.5109612861385638e-07 0.0025014653046162966 0.0 6.474465308036717e-07 0.00021451841708402226 5.176395472631273e-06 1.4105447059884439e-05 2.954483394703819e-06 2.1831880700440318e-05 7.485296638806831e-07 0.0001692090955419709 7.017183355484535e-06 0.0 3.404407173507197e-05 3.411533549982933e-05 1.665122484671104e-05 0.001203865005080093 0.0022702269238469215 7.947969012889546e-07 9.233480635055352e-06 2.5474113949818287e-05 0.00013492155039638445 2.0750980890291439e-07 1.3095732654541669e-05 3.4504690566326525e-06 3.073669857072141e-05 3.813032779568386e-06 6.088721100930374e-07 4.137197925511473e-07 1.138208138647613e-07 4.987049105598484e-07 0.0 0.0 4.78599658669069e-07 0.0 0.0 1.9347609478628515e-07 5.337893248550831e-07 0.0 2.700350923759679e-07 9.948979712840702e-08 0.0 8.421795278082344e-08 0.0 0.0 0.0 5.676584542950229e-07 0.0 0.0 5.482465228090184e-08 0.0 1.0519087977937864e-06 0.0 7.017487221654179e-08 2.7014231709189796e-06 0.0 0.0 6.523456403024996e-07 2.2752448145927625e-06 7.393769010202495e-07 7.538839803898965e-07 0.0 0.0 1.814983472029747e-07 0.0 0.0 8.284887953350443e-07 0.0 4.0468098292488264e-07 1.0137875473993694e-07 7.14080299427324e-08 0.0 0.0 0.0
0.0 0.0 4.508350336934703e-06 5.721498848596572e-08 4.007739506736461e-07 7.742287568969358e-07 1.4032379593298883e-06 7.99622979078666e-07 0.0004593577957550547 5.68635891581655e-07 6.570225837222749e-05 3.0445523945463807e-06 0.0005147828809258951 5.344213607023259e-07 8.213196662641063e-06 0.00014873165977340275 6.978401270152787e-06 4.476977291519294e-06 6.98114816075014e-06 0.0 1.2782154131517808e-05 0.0012574732362023592 4.572422503310678e-06 0.0003493485575305059 0.0012549396687137157 9.390380258026785e-05 0.0014336604781267027 7.229839249441278e-06 1.5694462257586108e-06 2.3180923838546697e-06 1.846174503052033e-05 5.529478579674324e-07 9.195187082679834e-08 5.263082503106511e-05 2.806225323183854e-07 1.3893533914280765e-05 8.453737637764862e-05 3.937403401443876e-05 1.1082856655198653e-05 6.313556719202838e-06 4.478993282554411e-07 0.0001769390009173327 0.0 8.272106426954651e-07 0.00011517496135719168 9.796338967879166e-05 6.456299012449235e-08 0.0 7.142153232595086e-08 1.0580227386804931e-06 6.71951507292693e-07 7.209133497234646e-08 5.464285953952534e-07 5.154864096992175e-06 1.2210839295176302e-06 3.8969214204028286e-05 1.4310458478333725e-06 0.0 1.137452263194702e-06 1.855663665632736e-05 3.2810990785605872e-06 1.4996163961167273e-05 0.0 3.2572479239007657e-07 6.416991565570553e-06 6.766229902220368e-06 3.1343848876765175e-06 6.025223154087995e-05 0.00018626709397908916 0.0011741731391123314 7.760274901295767e-07 1.3927500124839656e-06 6.356351314870364e-07 1.1425281702567716e-05 0.0 6.835779700878176e-08 5.070843574542002e-06 2.2322895194552467e-07 1.1914969902219408e-05 7.529589553362593e-06 2.2371384125197636e-05 5.881438131283689e-06 3.748670171221946e-07 0.0 4.703117942103317e-06 4.077376973155143e-07
0.00012507543695995638 4.508350336934703e-06 0.0 3.495317695506183e-06 1.6461669353015638e-07 0.00012396933391559177 0.001113338579766818 0.0008007755266818355 1.7471996709482183e-06 8.487792479311963e-05 1.5048781137978435e-05 2.2243759462194718e-06 3.6692819982449944e-06 0.0005132622197215488 2.734138272696744e-07 2.3667995496027795e-06 0.002760383203495079 4.2653232267050977e-05 0.00012106600454599079 7.214701998913678e-07 0.0009596777499011485 1.5244306991485487e-06 0.0033978779153482365 3.591350773463933e-05 1.1141164156146348e-06 0.003577124226816601 0.005177608419115382 0.0003125205350848925 5.1718528076761635e-05 0.0004413021476907379 2.546917585775853e-05 7.233022016045831e-06 1.6824973255958825e-06 4.209317622134221e-05 1.496280864940118e-06 0.0002127022721724836 0.0010248183387241466 0.00022319831215692024 7.828565609755019e-05 1.0488048586810258e-05 5.672942183210805e-07 3.2139794704207877e-07 1.4092457458401335e-06 1.1442152488659368e-06 7.783008795118734e-05 0.0008345226676326448 0.0 0.0 3.980996735008088e-07 6.665010201176436e-06 2.158264415690469e-06 1.460408124907347e-06 9.24604028688128e-07 2.1411018350445106e-07 0.0 2.9382665438082195e-06 3.119270462978564e-06 0.0 1.8130242699700256e-06 5.3967529137061634e-05 1.1440013647046656e-06 8.067324572475288e-06 0.0 1.59120278315235e-06 4.512074621817469e-06 5.1800997107359894e-05 1.0093471514649948e-05 3.7359931377918253e-06 7.470561408252808e-05 0.0010499430419727866 9.92786161802206e-06 3.8048356875586377e-06 3.249103062737046e-06 1.1487183014876959e-06 0.0 2.569486443260285e-07 1.3075088280713412e-05 7.035483779696975e-07 5.592919170707037e-05 1.0522154645156427e-05 8.015012259853009e-05 1.398443784536542e-05 1.450647066782556e-06 6.555146308797026e-08 1.3717179787442336e-07 3.0196054319676586e-07
8.060177648452748e-07 5.721498848596572e-08 3.495317695506183e-06 0.0 1.8718711899545422e-06 6.354028269711488e-05 5.1627100562816896e-05 1.2137197469107713e-05 0.0003682284548646516 0.002327913003872919 1.5473966502303823e-06 0.002763396526675473 1.0695142323722592e-06 1.5595642122372827e-05 4.003531991338868e-05 1.3347771548521414e-07 3.0299267412659686e-07 6.874903579455997e-07 5.999840041076107e-07 0.0009613129311270226 1.2008524338620397e-07 7.865600292410971e-08 2.102706917064803e-06 0.0006732753024244944 1.0937656736655603e-07 2.2215333700882316e-06 4.9700737561755266e-06 0.0024672738925065685 4.135124602512823e-05 5.57665076212997e-07 4.94221005208791e-07 2.51229289283731e-06 3.899707544531873e-06 1.6031492446113482e-05 2.302466424456755e-06 0.0002477594943723281 3.2360172088857887e-06 7.203558763896938e-05 1.0324950160825426e-05 0.00017699678871334855 8.400433956633285e-06 0.0 2.555119141312283e-06 6.173056228127696e-07 1.2893951913874907e-07 1.114084063060056e-07 2.541447772679577e-05 0.0 2.7389960279218737e-05 0.00011223352341082871 3.6740281785943656e-05 5.0377531831311204e-05 0.0001567937033738141 2.0992766237077883e-06 5.9515393244272854e-05 4.611367223167337e-08 5.322207224266359e-06 1.5632337417114603e-06 0.0 3.062939638222892e-07 8.611837451772291e-07 0.0 4.453285543556408e-05 0.0 1.8417315602726477e-07 3.0097381373731676e-07 0.00013894636582067088 0.0 4.88211686291417e-07 6.311248233866282e-07 0.00022211293261644789 6.946443580144262e-06 1.1885427598581455e-06 1.2021005638313474e-07 5.52382360645019e-07 4.5012996965539287e-07 5.34674003036341e-06 8.321750515021335e-07 7.376607805595595e-06 1.810612945260185e-07 1.7349715733868622e-05 2.168618433280728e-06 2.6338383032562154e-05 1.6388989120238556e-06 5.244841265773884e-08 9.044409323374515e-07
4.1132872141613404e-07 4.007739506736461e-07 1.6461669353015638e-07 1.8718711899545422e-06 0.0 0.0003874028387428705 1.4916484138276484e-06 8.125125374405728e-06 4.607452672739087e-05 4.578647270070067e-06 1.4658537408259608e-06 3.481531774749584e-05 2.911124181284298e-07 5.8913034321852304e-06 0.0011065381317763446 8.044316491925026e-08 1.7282455930022577e-07 2.50749607933271e-07 1.1210094096120707e-07 4.992845994577678e-06 0.0 1.9121239639357945e-06 0.0 5.081964941092625e-06 1.8376493371401328e-07 4.010929767280975e-07 5.91419177388257e-07 2.0924882555888875e-06 0.00016303783324657598 0.0 0.0 0.00012412378446386379 2.531341194275661e-07 1.3231161495675564e-05 1.991576802929886e-06 2.6760456566659917e-05 2.4658632359102316e-07 7.234537660516705e-05 3.411731344651196e-05 0.0013944036353539689 1.7722112987622402e-05 7.796963620760025e-07 1.8234798173509473e-06 0.0 0.0 0.0 0.0 0.0 0.0 8.996528793542152e-07 0.0 0.0 1.2899596801358248e-07 0.0 1.1291557562724963e-07 0.0 0.0 0.0 0.0 0.0 0.0 0.0 0.0 6.578599565345701e-08 0.0 0.0 1.01850410498982e-06 0.0 0.0 0.0 2.2322259871066464e-06 2.2966838470655643e-07 7.98431211981751e-07 0.0 0.0 0.0 0.0 0.0 1.0533173105877336e-06 0.0 7.593869442997709e-07 0.0 0.0 0.0 0.0 0.0
1.0855791091364164e-05 7.742287568969358e-07 0.00012396933391559177 6.354028269711488e-05 0.0003874028387428705 0.0 0.0010241216614994635 0.0023763328143915348 5.888346996640667e-05 0.0028058561901683804 7.31891704769747e-05 0.00200749746302577 2.286927983879123e-05 0.0002084650264777349 0.0007193867107943709 3.228810239522703e-07 2.47861542843712e-05 2.1837947105432425e-05 1.7752756009136785e-05 0.00011040522333258043 3.987899161909607e-06 2.5682815881555487e-07 5.971768824044408e-05 0.00019559861487922388 4.494543376071862e-06 7.493782110683064e-05 7.426731510119985e-05 0.0006433056634706532 0.0003136387523353497 1.4604691178384202e-05 7.596300563905764e-06 0.000279041350488825 8.468169850446044e-06 0.00035147879767946085 4.5215147970169254e-06 0.00022485590106075852 2.042126722260002e-05 0.0004501490618649865 0.00014552447178282552 0.0011443379804982497 0.00015175145172511865 1.0131025735314823e-05 1.170564439805699e-05 3.0490822134732635e-06 4.538816267695707e-07 1.9351850923552717e-06 1.582039731272626e-06 9.255402473503659e-07 1.2874837183369382e-05 0.00021882876588945907 3.853738133185455e-05 2.679546653802416e-05 3.9031301813261286e-05 3.5112006106514435e-06 6.02245928504513e-06 5.383645804351644e-07 1.414994224436275e-05 4.615214190532021e-07 3.566904872442474e-07 1.970425690992349e-07 1.5891608545629045e-06 5.038252144274225e-07 4.707430479772513e-06 3.588420689458176e-07 8.803150311526271e-07 9.631336812190815e-07 0.0001321212252393837 1.2828717889705435e-07 1.7698893000967006e-06 8.033393986472937e-06 0.00018147100035401074 2.4402709489343897e-05 9.646258579693585e-06 2.0865377037030485e-07 1.1116025329940425e-06 3.0435617050654492e-06 1.0005465474902829e-05 1.5585357098286166e-06 2.268261256897717e-05 8.46636326753607e-07 4.228620984529777e-05 7.879733601263341e-06 2.2034520370939375e-05 2.1778527655471354e-06 3.0058379266791735e-07 5.536546025713888e-07
0.0012786495173601462 1.4032379593298883e-06 0.001113338579766818 5.1627100562816896e-05 1.4916484138276484e-06 0.0010241216614994635 0.0 0.002504673827349119 0.00013780762286411707 0.0036312615865178068 1.0714013045757326e-05 7.48347747999448e-06 5.339561774087973e-06 0.00343440976445654 2.432344902608245e-06 1.0839714819276591e-05 0.0001443542878115636 7.449269364115402e-06 1.3646759425167496e-05 3.2714926684613103e-06 0.00023556903768691447 3.866490849154472e-06 0.0011575296691135335 0.0010321937899923721 4.467708601277755e-06 0.00026124641729163454 0.0005068936480462094 0.014358562784378928 0.0006495397812011644 0.003937047338410895 8.861035176933468e-06 2.195730113261104e-05 5.155579652546199e-05 0.0001394384226682757 1.3171411561789395e-05 0.0005701672315488079 2.8720974260448026e-05 0.00041643040484441317 9.238168716846712e-05 0.00010828591716649424 4.350815715331941e-05 3.69780659199877e-06 1.1572414232779446e-05 2.3738312811741643e-06 8.88594974786559e-07 1.555910416127824e-05 5.919694726064841e-06 0.0 1.332734918608509e-05 0.0001973991192226773 2.742285877729248e-05 3.333205060381429e-05 3.945811029383504e-05 2.3903094074851633e-06 5.895554087189009e-06 4.027513930692379e-07 1.1067438849072083e-05 2.574028818543537e-07 6.44248921741505e-06 1.8195709125920208e-06 8.748266368380785e-07 1.1853610995577199e-06 7.600184359861152e-06 4.4827301355211514e-06 4.803857757345529e-06 1.0885318997411675e-05 0.0002574584479024038 2.9826099574335874e-07 3.3322406254910978e-06 5.009127263256099e-05 0.0002944564002293439 3.038294122799705e-05 2.0267090228546457e-05 2.047118758568963e-07 9.855908340422542e-07 3.4908803018388353e-06 1.2640000485887229e-05 2.8483542834141652e-06 5.326486249911707e-05 1.920316267173266e-06 6.81705273035969e-05 1.4596124701981668e-05 2.3258151688846725e-05 5.221560670852882e-06 1.585279419765436e-06 1.888777928975685e-06
0.00031867506140302186 7.99622979078666e-07 0.0008007755266818355 1.2137197469107713e-05 8.125125374405728e-06 0.0023763328143915348 0.002504673827349119 0.0 0.00016028806992923454 0.0012317800304910147 6.473231100298911e-05 0.000946955360327841 1.2041818135186045e-05 0.0034683170279886017 0.0001811295001221621 7.10843347375815e-07 0.0004879124650041464 3.767040669441378e-05 7.132413813857183e-05 8.803262010714645e-05 2.355036882005589e-05 1.2486586966774983e-06 0.0004535708500887947 0.0003024783078979083 3.3945624232798227e-06 0.00030260466769173956 0.000250007524570619 0.00030270149231622625 0.0004114969703797536 0.0004404932872676682 8.777100504465303e-06 0.000275103258553794 1.437428152691208e-05 0.0002509788245706108 1.3826206645429052e-06 0.00010935467807221318 2.8071356336107766e-05 0.00024922444888726903 6.784854509115431e-05 0.00024236277129873252 3.103842365096265e-05 4.759433935347138e-06 2.5660232774248443e-06 4.493261916247511e-06 6.825900483218015e-07 6.244548075267472e-06 2.999685530973787e-06 1.7900585182574867e-06 1.8416816769023354e-05 0.0005571196906161127 6.890759586392105e-05 5.033508108512993e-05 3.3559116347472064e-05 7.385953049737125e-06 2.4856178480311318e-06 1.7242640982740255e-06 3.2363260530330804e-05 2.2502363641780114e-06 2.0090575769703006e-06 7.206362733141548e-07 1.773115150014932e-06 6.654516265433269e-07 5.533630480420759e-06 1.5245799212018828e-06 1.3493069935950068e-06 2.9011132821595435e-06 0.0003343567686855112 1.2614468608980465e-07 3.1187330649991075e-06 2.018144057358626e-05 0.0004041020479126324 5.1615748531856025e-05 2.889027397061669e-05 9.639383826032023e-07 2.9876415028729695e-06 7.907499168747507e-06 2.9183366235299853e-05 3.323635404988943e-06 4.964993994640425e-05 3.299506591448734e-06 0.00010700223752141366 2.3814980836971158e-05 5.136140093557902e-05 9.773890298805865e-06 9.397310801080832e-08 7.660865774456911e-07
7.593648064896478e-08 0.0004593577957550547 1.7471996709482183e-06 0.0003682284548646516 4.607452672739087e-05 5.888346996640667e-05 0.00013780762286411707 0.00016028806992923454 0.0 6.973437365242239e-05 1.333278156153701e-05 0.0001542758075822306 6.668710202488181e-05 7.92239501433276e-06 0.000442672250207451 4.22587583587277e-06 8.745033575720052e-07 9.091577479352245e-07 1.7346047307571208e-07 0.0002424755178482898 9.569585417772833e-07 0.0018487921596774374 6.809464283096947e-06 0.0046479671313705345 0.00021478851799562991 7.044784705217042e-06 0.00023189694478880087 0.0006423855366039431 1.9179081585637938e-05 1.682106723619087e-05 2.550711097932487e-06 2.7756864936265964e-06 5.3297661586187555e-06 1.9083751984582317e-05 3.9057766155996504e-07 0.00011321662766802535 2.076568256582039e-05 4.3312462375381656e-05 6.361063576247973e-06 0.0002075462470190843 5.501215761713786e-06 1.0119025767828151e-05 2.1454280080097885e-06 4.9562757004745195e-06 2.166156957420247e-06 2.5320422118988946e-06 2.4637425658314353e-05 9.551168073242017e-07 2.932057752002225e-05 9.474344435586892e-05 3.957714140921256e-05 0.00011037060356601805 0.00015845356829315827 4.2821262131634004e-06 4.438655626900449e-05 1.5465573289546048e-06 1.2198248823202925e-05 1.417363723422674e-05 1.9849996779154814e-05 2.2306037152458874e-07 1.2695350073612059e-06 5.114843220774357e-07 5.2625237417298215e-05 5.91489093072572e-06 1.5189041170138074e-05 1.82704434097217e-06 0.00076660712724597 2.969189315625987e-07 3.222019381242218e-06 7.593428410753265e-06 0.00043183400628401164 4.2905480549609853e-05 2.1479671561929112e-05 4.5561548679737377e-07 1.0639521613302881e-06 6.781477927801024e-06 1.1639868929884133e-05 2.8825341005809926e-06 5.423218613716268e-05 1.5779467891086156e-06 4.4204224671516226e-05 9.878921585028459e-06 5.683393853054404e-05 3.055305256274633e-06 7.325582209501403e-07 1.3850310197706857e-06
4.3785883819266825e-05 5.68635891581655e-07 8.487792479311963e-05 0.002327913003872919 4.578647270070067e-06 0.0028058561901683804 0.0036312615865178068 0.0012317800304910147 6.973437365242239e-05 0.0 3.062879663247982e-05 0.0018471427132579683 1.0427531116322036e-05 0.0006051835575004996 8.840225138948859e-06 2.5835181324103524e-07 5.586691582285746e-06 9.347087173838656e-06 8.169888722313112e-06 0.0022487940797071178 3.947798256511346e-06 1.0109986837016627e-06 5.511884855891861e-05 0.00036387769868802765 1.3270598860968806e-06 4.7205280971940016e-05 6.667140556302839e-05 0.006635046030941894 0.0006235111908133588 5.243763975744186e-06 3.2301333362560466e-06 6.402591133136803e-05 1.799261308346861e-05 0.00019792124855942209 1.0926541718648799e-05 0.00044760573588656415 1.7067149264923773e-05 0.0006680142444720113 6.912393331518429e-05 0.0002901982722154682 9.543762532843179e-05 1.7060150136095886e-06 3.204048721661733e-05 2.5357586431951275e-06 1.984904788295095e-07 2.741794679088273e-06 9.8213287878197e-06 9.547078813546157e-07 2.3440547182239364e-05 0.00024312046032811554 5.377479471950712e-05 2.532096481002772e-05 0.00011158074219552753 3.161750293621664e-06 2.0429009033324548e-05 3.813381456918932e-07 1.590032012769536e-05 1.922741004354683e-06 9.310510492099664e-07 0.0 1.0694743585133045e-06 4.392099700016907e-07 2.1370310846376092e-05 2.649329154774106e-07 1.4315619367534989e-06 1.2971800971533032e-06 0.0001382656472480099 1.0011107094293414e-07 1.645209438853611e-06 7.694427132434548e-06 0.0002372631814513269 2.1436400860658065e-05 7.135446777891927e-06 1.6620597172723147e-07 1.0836496834672496e-06 1.9106054227463444e-06 8.445579569753588e-06 1.6548006265208528e-06 1.4594288205859075e-05 5.608624905969115e-07 3.950189717393785e-05 6.709808688899328e-06 1.9158992877489425e-05 2.557670837642451e-06 0.0 9.496230964951257e-07
2.9827513728108103e-06 6.570225837222749e-05 1.5048781137978435e-05 1.5473966502303823e-06 1.4658537408259608e-06 7.31891704769747e-05 1.0714013045757326e-05 6.473231100298911e-05 1.333278156153701e-05 3.062879663247982e-05 0.0 6.62832248442246e-05 0.001785925515226124 3.3600343970848315e-05 7.02356060848081e-06 3.0478394742933183e-06 0.00017979608166123542 0.0008372130922719537 0.0004500338686280793 8.600833986749717e-06 1.047013316034283e-05 2.202510680958617e-05 1.2579774481580352e-05 1.3236775508282625e-05 0.0004913766911793182 0.0005855988132336202 0.0003642758627499923 1.0978552171694746e-05 0.0001504349020253171 1.0999336342490659e-05 0.0002887323380076312 0.00010798647178422706 7.491372504067439e-06 0.004202751030851235 4.891121740668306e-06 0.00037696341831292956 0.0014427101563935275 0.002223208559802063 0.0005297426916983031 3.549640322611564e-05 1.3696711163511225e-05 0.00031475264577399955 4.047090017382816e-06 5.3461157855554706e-08 2.7249423483385936e-06 1.8786041451371022e-06 0.0 6.426175484769798e-08 0.0 9.802119419446383e-06 9.858130135298693e-07 6.679705598527201e-08 1.3921508295691395e-07 8.14694431210628e-05 2.7506637980802743e-07 0.00033569095646563595 3.3315194363862753e-07 0.0 5.4493851710453345e-08 4.75902645578224e-07 0.00010324556256354901 4.7821794254264946e-05 0.0 0.0 2.7374473338857306e-07 1.0182564687797044e-07 7.131253509971426e-06 3.8813921605857604e-05 0.00021039152329468532 0.00018880349284790943 6.619442753902014e-06 1.53474910781908e-06 1.133930834614765e-06 6.378186141912791e-05 4.8064031676791083e-08 1.416598587070561e-07 4.54491690556849e-06 1.3613969509084572e-06 1.3554482383020924e-05 8.777557650830731e-05 8.9233321708364e-06 2.1803616482985517e-06 9.441401906999861e-07 5.386950135406381e-07 9.495073788036063e-05 5.9405458927621953e-08
2.8201555724549e-06 3.0445523945463807e-06 2.2243759462194718e-06 0.002763396526675473 3.481531774749584e-05 0.00200749746302577 7.48347747999448e-06 0.000946955360327841 0.0001542758075822306 0.0018471427132579683 6.62832248442246e-05 0.0 1.9371210968202456e-05 0.0002637252382103947 0.0007792613516012796 0.0 3.3772631847553028e-06 1.8552148751862805e-05 1.5179538420344472e-05 0.0019112674824053458 3.66091226415358e-07 1.503474922600386e-05 1.746619174018275e-06 0.0004608481211229686 8.600872339929144e-06 2.388446684136384e-05 2.6435485315929242e-05 0.0013818386339729443 0.000496058861760994 1.079445876338539e-06 6.766378960087223e-06 0.00012214235195375365 1.358316961129961e-06 0.00027066108192715305 1.3269511360103852e-06 0.0004704832306276888 1.690831052419901e-05 0.0005580481143572102 4.012157216008772e-05 0.0009576737741224076 7.719486230859495e-05 3.0393954458205873e-06 1.92961555278315e-05 9.78614843780166e-07 4.605635942322931e-08 4.0103341612858494e-07 3.822386583298305e-05 8.273573354951964e-07 1.7360875676423185e-05 0.00014202839571388645 4.095332182006204e-05 3.059823750634652e-05 0.0001362076628941495 7.618403672044238e-07 4.214204877760254e-05 1.0123418854601636e-07 6.929478531468204e-06 3.4406835620870456e-06 0.0 0.0 7.233045224977266e-07 3.5792262857795485e-07 4.077800661443706e-05 0.0 1.7001935122954954e-07 1.7176066610529634e-07 0.00010284505084604517 1.1675745712031626e-07 1.138669639472991e-06 9.281871249273788e-07 0.0001797282610120172 9.54851368217903e-06 2.9965655109682627e-06 5.2481668237947125e-08 2.154214001733475e-07 6.222352709965141e-07 6.33158781504405e-06 1.73119847117313e-06 1.3615930145821372e-05 2.739877176484774e-07 2.1886927555664048e-05 5.365639938499219e-06 2.2746300965097518e-05 1.7023821493214799e-06 4.0234539118264194e-06 0.0
1.5109612861385638e-07 0.0005147828809258951 3.6692819982449944e-06 1.0695142323722592e-06 2.911124181284298e-07 2.286927983879123e-05 5.339561774087973e-06 1.2041818135186045e-05 6.668710202488181e-05 1.0427531116322036e-05 0.001785925515226124 1.9371210968202456e-05 0.0 3.835703777460811e-06 3.841386713205836e-06 1.1860704777909683e-05 5.1600355332200555e-06 7.670196629608243e-05 3.278928607595638e-06 3.92036437698645e-06 2.417678687449352e-06 0.00013422834034055957 7.31462228125992e-06 4.1619733464488515e-05 0.0027239818765189224 6.519827947143821e-05 0.001176367678696931 6.181394129588378e-06 1.5589839791784645e-05 2.3171327412548967e-06 0.0003843939281678939 1.3328790868456802e-05 4.806499490412896e-07 0.0008826910748465927 6.389583056765717e-06 0.00032608091268504697 0.0022180505028097245 0.0020305357484698373 0.00028246289719041477 4.542411640783394e-05 0.00014990027058019772 0.0005300794078723726 1.2057390671431369e-05 2.81879934914501e-07 2.920097651337943e-05 5.301008654618264e-06 0.0 0.0 1.698798396336316e-07 3.816226198748001e-06 4.552981495181252e-07 5.720014016454746e-07 1.0130193110501829e-07 0.0002813293288951803 3.605608394544478e-07 0.0012082874008677775 1.1884474378800337e-06 0.0 8.007296350327236e-08 1.9202081151946555e-06 0.00014707125414498512 3.070378252033132e-05 0.0 0.0 1.3409661445961231e-06 2.7771647856737137e-07 1.7213814254593256e-06 0.0003034761804551612 0.00026433779179961016 0.0002990258110170865 3.0420868765711788e-06 1.276233542021404e-06 3.7542547006285937e-07 0.0001733835105077594 8.213664680105935e-08 0.0 1.1673529378310478e-05 2.4241725128450397e-06 1.6101593438324106e-05 0.0005120554438578435 2.7381096437649246e-05 2.7301195154563984e-06 1.614382137563627e-06 1.1328957678743383e-07 0.0005722723906300144 4.69101596008495e-07
0.0025014653046162966 5.344213607023259e-07 0.0005132622197215488 1.5595642122372827e-05 5.8913034321852304e-06 0.0002084650264777349 0.00343440976445654 0.0034683170279886017 7.92239501433276e-06 0.0006051835575004996 3.3600343970848315e-05 0.0002637252382103947 3.835703777460811e-06 0.0 1.3713968292113327e-05 6.606383122976821e-07 0.0006141807601466211 2.9000810269170932e-05 5.602474356579765e-05 5.396211214431903e-05 2.6193919470827142e-05 2.3025657103655516e-07 0.0004357351389828098 5.35372769232949e-05 6.116437615749622e-07 0.0001674725880033001 0.0001656638948631633 0.00013490403468189785 0.0016732183841253055 0.0014639536209146275 3.991381134915189e-06 0.00016131741762070932 1.6537641681045648e-05 0.00033601988053709924 9.777900217340808e-07 3.7629113447265926e-05 1.360496241481298e-05 0.00013732731541588736 1.2977043226861773e-05 4.279333502029225e-05 1.2204393674148726e-05 3.9971838407867475e-07 1.0932310590378273e-06 2.0164034168201993e-07 4.986335754443388e-07 1.9320868192396847e-06 1.786587342467438e-07 0.0 1.204227607472853e-06 2.7269036066384924e-05 3.4696154790376452e-06 4.28777692926671e-06 5.388543369715736e-07 1.477621853550419e-07 6.956988413695629e-08 0.0 1.4458819999062467e-06 0.0 2.6998833910358343e-06 2.008573793694331e-07 1.4096539290613667e-07 1.518867529620855e-07 4.7418719398197146e-07 9.980216737577455e-07 3.6567882907452187e-07 1.6978300010335823e-06 3.812727160121707e-05 1.0055489044830698e-07 1.3696358166492627e-06 4.540339730570296e-06 3.85608084475704e-05 5.408647730308492e-06 4.069234617789815e-06 6.538153399239321e-08 0.0 1.0762142525291633e-06 9.071285164334142e-07 6.730944601860038e-07 8.701361833339566e-06 5.470100813532668e-08 9.063010564579154e-06 1.4972515823087553e-06 2.0428994827284996e-06 9.347291781463923e-07 2.4336462524516514e-07 7.341273902128561e-08
0.0 8.213196662641063e-06 2.734138272696744e-07 4.003531991338868e-05 0.0011065381317763446 0.0007193867107943709 2.432344902608245e-06 0.0001811295001221621 0.000442672250207451 8.840225138948859e-06 7.02356060848081e-06 0.0007792613516012796 3.841386713205836e-06 1.3713968292113327e-05 0.0 4.0085267808986974e-07 2.818930111947169e-07 2.3100192682726543e-06 1.8069207392878677e-06 0.00012950093098166473 0.0 3.9625704450506555e-05 1.7421252532920563e-07 0.00010641558467748312 4.073174905621259e-06 2.741688630260262e-06 8.521576306839993e-06 1.8884612433603862e-05 3.0022326832477147e-05 0.0 5.622570709954355e-07 0.00021961732730495714 0.0 3.52993593982534e-05 0.0 2.665504650223247e-06 1.7740262481460293e-06 3.1875387932117774e-05 6.995390446422717e-06 0.000756888579642966 4.622553293654358e-05 6.41373413711971e-07 0.0 0.0 0.0 0.0 0.0 0.0 0.0 8.988264701721757e-07 1.6065205137113458e-07 1.7246013177539248e-07 3.7664127875120297e-07 0.0 0.0 5.2440093876184445e-08 3.1766101980050293e-07 0.0 5.752775708100259e-07 0.0 0.0 0.0 0.0 1.9901085223487281e-07 5.433769395118263e-07 0.0 4.575878511397517e-07 0.0 2.368876446002847e-07 5.611997022584074e-08 1.3835216222043823e-06 6.069892782008193e-08 0.0 0.0 0.0 0.0 1.3719218827131603e-07 0.0 0.0 0.0 1.1184407121630213e-07 0.0 0.0 2.8490629826190507e-07 0.0 0.0
6.474465308036717e-07 0.00014873165977340275 2.3667995496027795e-06 1.3347771548521414e-07 8.044316491925026e-08 3.228810239522703e-07 1.0839714819276591e-05 7.10843347375815e-07 4.22587583587277e-06 2.5835181324103524e-07 3.0478394742933183e-06 0.0 1.1860704777909683e-05 6.606383122976821e-07 4.0085267808986974e-07 0.0 1.0887825784830894e-05 1.1959343842802087e-07 7.259287149763555e-07 0.0 0.002002729336647809 0.0011431137304318728 0.00211785247188255 0.0013980478820494913 4.719558910277892e-05 3.409268391112413e-06 0.0019723498490823773 0.0008738890461593544 2.023426907794068e-06 7.271435298674027e-05 5.620456496313348e-07 4.4610251835011427e-07 7.716111240590248e-07 8.024134889021834e-05 1.7914240294400726e-05 0.0011726011954968749 0.00033769900859979753 0.0005303674111810778 0.000397278826757276 7.508311188304326e-05 1.1971356038272173e-06 1.5494840076546233e-06 1.719333290230089e-05 0.0 1.8739697237868957e-06 1.2166678605464192e-05 1.6261423615187358e-07 0.0 4.816140598587867e-07 4.804361176542433e-06 1.4751431928385699e-06 5.096971370180041e-06 1.0468840387288303e-06 3.014194549307556e-07 8.590328006755618e-08 1.7692396728410956e-07 4.772968155105529e-07 0.0 0.0022808633281453865 3.803885638140225e-06 1.3362967397984868e-07 9.206438899296467e-07 0.0 0.00047004904077652945 0.0008234714250642481 0.0009118006382045256 8.462532921706768e-05 0.0 4.158941148617674e-06 0.00032386400856443485 0.0001405157329593667 6.094018569826165e-06 4.6451331535874207e-05 1.2943622232686057e-07 0.0 2.4550405323815793e-06 7.761858628426203e-06 4.58028238365893e-06 0.00010265454163219085 6.038660577317333e-06 5.343620288302141e-05 5.173044396513474e-05 6.318922818046454e-06 6.665558118818091e-07 0.0 9.514140816896835e-07
0.00021451841708402226 6.978401270152787e-06 0.002760383203495079 3.0299267412659686e-07 1.7282455930022577e-07 2.47861542843712e-05 0.0001443542878115636 0.0004879124650041464 8.745033575720052e-07 5.586691582285746e-06 0.00017979608166123542 3.3772631847553028e-06 5.1600355332200555e-06 0.0006141807601466211 2.818930111947169e-07 1.0887825784830894e-05 0.0 0.00047343138119747546 0.002198347635167594 5.544167679300895e-07 0.00024225003894348714 1.7317663491994755e-06 0.0011516538219696576 1.8166687398966116e-05 2.6107526856416976e-06 0.0027101172579113934 0.004740054068847006 7.877429348810556e-05 0.0005824124574032004 0.0006514255918934708 7.136645151539978e-06 1.7377273120717025e-05 7.337637698209305e-05 0.0010107002195798816 5.517680725742126e-07 8.120027311942127e-05 4.943040531530925e-05 0.0003759811950647373 7.2765849227283e-05 3.5984103303432255e-06 2.1821623830425444e-06 0.0 8.6601354452711e-07 5.893246113957898e-08 3.3980524375136275e-06 2.0727593026871445e-05 0.0 0.0 0.0 1.1295568833843748e-06 1.5739836011726854e-07 2.6317664399535403e-07 0.0 5.788787940182937e-08 0.0 3.383913647960249e-07 1.5833166642412258e-07 0.0 1.24326572598031e-06 5.375886085573402e-06 3.936926465134961e-07 5.188273406563536e-06 0.0 5.699146384199167e-07 1.2407538214158575e-06 1.3342703581048313e-06 2.5705732170136916e-06 6.185985365985657e-07 1.6541311252739202e-05 5.8090122174972966e-05 2.601693321432062e-06 5.422096283817363e-07 5.054787286294326e-07 1.5072352303873565e-07 0.0 0.0 2.3961396888666303e-07 0.0 3.7410811672888573e-06 7.601467641373568e-07 3.94960498797099e-06 8.325686846740495e-07 1.5286180172638208e-07 0.0 2.609308739842107e-07 0.0
5.176395472631273e-06 4.476977291519294e-06 4.2653232267050977e-05 6.874903579455997e-07 2.50749607933271e-07 2.1837947105432425e-05 7.449269364115402e-06 3.767040669441378e-05 9.091577479352245e-07 9.347087173838656e-06 0.0008372130922719537 1.8552148751862805e-05 7.670196629608243e-05 2.9000810269170932e-05 2.3100192682726543e-06 1.1959343842802087e-07 0.00047343138119747546 0.0 0.0010897314864341057 2.6036252763548316e-06 5.5058255511830835e-06 5.157133083753154e-07 1.606397417244951e-05 1.8956514395110586e-06 2.9639757655664873e-05 0.0009827733745134083 0.00034589641899449085 4.273430381271373e-06 6.284951113495272e-05 8.581396320987877e-06 0.0003635404920850388 3.0284425611790125e-05 5.880040611165365e-06 0.0006217772569368236 2.37040323951742e-06 0.0003507202255652872 0.0003784358577610317 0.0008395925218077424 0.0003200745824775881 1.3135269661481073e-05 1.4355601745932911e-06 2.842904816931721e-06 1.8189790164294584e-06 6.531399080268609e-08 7.460769618328528e-06 9.760947885298394e-07 0.0 0.0 0.0 3.233252816791715e-06 5.409083019935412e-07 3.2828942035999133e-07 0.0 1.830972310908559e-05 0.0 7.192516950776889e-05 2.1892123041301757e-07 0.0 0.0 2.8023625000964326e-06 6.752289645001641e-05 5.52302140851894e-05 0.0 1.887083149238859e-07 1.4234025919968948e-07 8.179425544710114e-08 1.9584738145069366e-06 9.5796028530831e-06 0.00026370612648215624 0.0002537022183433621 2.2868002237349107e-06 4.2426079899389226e-07 3.269132835758346e-07 4.1893019863505216e-05 0.0 0.0 1.133459130772537e-06 0.0 8.787664301554882e-06 4.352371560471044e-06 3.266830675510397e-06 9.498621441887589e-07 3.1169143792001826e-07 0.0 1.1221510920147776e-07 0.0
1.4105447059884439e-05 6.98114816075014e-06 0.00012106600454599079 5.999840041076107e-07 1.1210094096120707e-07 1.7752756009136785e-05 1.3646759425167496e-05 7.132413813857183e-05 1.7346047307571208e-07 8.169888722313112e-06 0.0004500338686280793 1.5179538420344472e-05 3.278928607595638e-06 5.602474356579765e-05 1.8069207392878677e-06 7.259287149763555e-07 0.002198347635167594 0.0010897314864341057 0.0 1.7108278431142024e-06 1.7545680590744358e-05 3.0736738765134915e-07 5.5147070259893964e-05 3.9728140757716e-06 1.3023568928969307e-06 0.0029001648657906607 0.0005980405341773006 6.889808478752753e-06 0.00013721988437619245 2.75524680365304e-05 1.9334691689183548e-05 4.4544951886061814e-05 1.1427279726911094e-05 0.0013790848685906547 9.658443061507972e-07 0.00013109635246600488 5.005476648064192e-05 0.0006730750172154552 0.0001812941315846569 6.120900380137029e-06 7.799639195787878e-07 7.914587282737295e-08 1.3809671777053085e-06 0.0 7.201859641427769e-06 1.1474868012630934e-06 0.0 0.0 0.0 4.193398448750805e-07 0.0 1.251141071131113e-07 0.0 1.6545796354306029e-06 0.0 1.6803744335267505e-06 0.0 0.0 0.0 1.2673603105490478e-06 4.9287127430134645e-06 1.533120276317603e-05 0.0 0.0 0.0 7.090221870521131e-07 1.774927932919052e-06 1.914222079483549e-06 5.30466860537513e-05 6.287806928138607e-05 1.4448729958146093e-06 1.3590020878476412e-07 0.0 2.3244237193659173e-06 0.0 0.0 5.274916436626339e-07 2.0574251347161751e-07 1.94324912686137e-06 6.297549921450691e-07 2.318700909761937e-06 5.837156807511436e-07 3.187382590105765e-07 0.0 0.0 0.0
2.954483394703819e-06 0.0 7.214701998913678e-07 0.0009613129311270226 4.992845994577678e-06 0.00011040522333258043 3.2714926684613103e-06 8.803262010714645e-05 0.0002424755178482898 0.0022487940797071178 8.600833986749717e-06 0.0019112674824053458 3.92036437698645e-06 5.396211214431903e-05 0.00012950093098166473 0.0 5.544167679300895e-07 2.6036252763548316e-06 1.7108278431142024e-06 0.0 7.168341757683993e-08 0.0 4.717177628957092e-07 0.00034589235162241623 2.1805458381625073e-06 4.438883761275254e-06 3.996677747695772e-06 0.0014313188459834808 0.00011474681393979865 4.5113735533746104e-07 7.233831013642793e-07 1.492674228660037e-05 2.3390773038936063e-06 4.3530864131505736e-05 1.529718527952557e-06 0.00027954699802851826 4.686113777953462e-06 0.0001621895075582393 1.562463572261955e-05 0.00044831621840288083 2.3178435975573674e-05 2.99293545739629e-06 1.4512017270155777e-05 7.579923209000265e-07 0.0 1.0570371585263905e-07 1.4374551555030443e-05 0.0 2.728176301250437e-05 0.0001736448150818952 4.070907472377098e-05 3.360664849705322e-05 0.00012879851625659713 3.034160066777911e-06 2.5908303703247582e-05 1.3969996471860604e-07 9.77327637820003e-06 1.1822750231519306e-06 0.0 0.0 1.0477469285826114e-06 1.7113813743697276e-07 3.499118215298068e-05 8.509728864682225e-08 3.1355282784004364e-07 9.916498936440727e-08 0.00011839566297776109 1.2108731646294674e-07 5.407953573334517e-07 1.370719205033859e-06 0.00018808948196027029 1.06361418893811e-05 4.124766151496738e-06 5.642992067725796e-07 9.011656935629424e-07 1.1267150226370755e-06 7.029360507545436e-06 1.0359367098449367e-06 9.908242803755318e-06 7.665233369325079e-07 2.5517368912642655e-05 3.139306842551005e-06 2.045379045684138e-05 2.4617731396451744e-06 1.2807485059812252e-07 8.820223476998123e-08
2.1831880700440318e-05 1.2782154131517808e-05 0.0009596777499011485 1.2008524338620397e-07 0.0 3.987899161909607e-06 0.00023556903768691447 2.355036882005589e-05 9.569585417772833e-07 3.947798256511346e-06 1.047013316034283e-05 3.66091226415358e-07 2.417678687449352e-06 2.6193919470827142e-05 0.0 0.002002729336647809 0.00024225003894348714 5.5058255511830835e-06 1.7545680590744358e-05 7.168341757683993e-08 0.0 0.0001480186276795433 0.012145754545294913 0.0004376986418447761 5.813834380221347e-06 5.372347327501627e-05 0.0009681753590008534 0.005877759072742968 6.698391009929812e-05 0.004741135596682161 1.8326897601069614e-06 1.1756118433133394e-06 2.4872985972515684e-05 0.0024537695923484326 5.5033342187934095e-05 0.0033859460885415017 0.00038823607877041643 0.0023165374807237577 0.0010221343211806806 0.00021101736967917085 7.1576584211107935e-06 6.649491494640706e-07 5.446926970314169e-05 7.192428695853898e-08 5.310332515425631e-07 1.430864661409204e-05 0.0 0.0 6.819464256002509e-08 1.5333526979140862e-06 5.583096684166084e-07 5.886830632876654e-06 3.071001741583272e-07 2.0420050534341256e-07 0.0 6.502481932282626e-08 1.0467148680184137e-06 0.0 0.0003392710176396564 1.6294295780877382e-06 1.023113495720528e-07 6.978411035339029e-07 0.0 0.0003406908623458568 6.796094956209381e-05 4.212502383995401e-05 0.00010125984878547532 1.975017204942959e-07 6.279041203235634e-06 1.7497066569548927e-05 0.00019938574628021666 7.334553534575985e-06 6.989711146626338e-05 3.2856767343906097e-07 1.1044969018707282e-07 4.419350836082534e-06 7.091770043460665e-06 5.031876630872778e-06 6.058608955283063e-05 2.6593770075840267e-06 2.875079012221362e-05 9.74217252824299e-06 4.488943389681067e-06 2.3908422121524357e-07 1.5661125795991375e-07 9.879318830302893e-07
7.485296638806831e-07 0.0012574732362023592 1.5244306991485487e-06 7.865600292410971e-08 1.9121239639357945e-06 2.5682815881555487e-07 3.866490849154472e-06 1.2486586966774983e-06 0.0018487921596774374 1.0109986837016627e-06 2.202510680958617e-05 1.503474922600386e-05 0.00013422834034055957 2.3025657103655516e-07 3.9625704450506555e-05 0.0011431137304318728 1.7317663491994755e-06 5.157133083753154e-07 3.0736738765134915e-07 0.0 0.0001480186276795433 0.0 0.00011508862541448087 0.002869737137024615 0.0005344165177406932 4.68714217950472e-06 0.001321910550662891 5.991512980614019e-05 9.49323194256165e-07 1.0225982390694764e-05 3.1801533031092704e-06 0.0 4.536348740390749e-07 1.5966291337423657e-05 6.896584833894344e-07 1.4744506878933029e-05 1.8121872226769697e-05 2.1304851687362398e-05 6.794208830032757e-06 3.0201688495946837e-05 7.079632663619473e-07 2.6069359731538747e-05 4.513612314186822e-07 1.4917823899937344e-07 4.7866961938738935e-05 3.402351712824599e-05 3.13793798860991e-07 0.0 1.1684704429930218e-07 1.981812054518541e-06 7.499318906780419e-07 4.582521347749638e-06 8.834134762730954e-08 9.2299766336973e-07 6.100052782540969e-06 4.187175953237696e-06 7.21623432785808e-07 0.0 0.000827255447477003 3.5374153313020037e-06 1.1158665379221686e-06 7.88932989043901e-07 1.101012552070417e-07 0.0001748306025307352 5.8181310559130825e-05 0.00024187826837779246 9.683378190541746e-05 5.72419332070621e-06 6.936930889250335e-06 0.00049818025755966 6.796984514247315e-05 3.5683734813965883e-06 1.9705433708686493e-05 9.189191148869624e-07 0.0 7.184525071536853e-07 3.4685104414931574e-06 1.0396934997411545e-06 4.46586320155701e-05 6.118843854587847e-06 2.759912803535857e-05 2.1694200557774648e-05 2.4002106222241784e-06 3.2230406094080667e-07 1.0715477718145175e-06 2.4230373040806095e-07
0.0001692090955419709 4.572422503310678e-06 0.0033978779153482365 2.102706917064803e-06 0.0 5.971768824044408e-05 0.0011575296691135335 0.0004535708500887947 6.809464283096947e-06 5.511884855891861e-05 1.2579774481580352e-05 1.746619174018275e-06 7.31462228125992e-06 0.0004357351389828098 1.7421252532920563e-07 0.00211785247188255 0.0011516538219696576 1.606397417244951e-05 5.5147070259893964e-05 4.717177628957092e-07 0.012145754545294913 0.00011508862541448087 0.0 0.00015107145550259546 3.1255870803448147e-06 0.0006866288680708251 0.007488826514288504 0.0012984547052961022 0.0002527388022379455 0.0030130926698665175 1.5169128024245014e-05 7.737403126795904e-06 3.0091710931795788e-05 0.0018660039237745714 0.00010835348037131491 0.0059117625114169054 0.005348485547971257 0.005173694730013305 0.0033461794525009576 0.0006044708682983719 1.622893225266875e-05 5.462365746181348e-06 0.00011771447432357665 4.4075791229831646e-07 3.6336718002090247e-06 0.00011457769906451226 1.5492103635245445e-07 0.0 4.473682475461879e-07 1.641366756365084e-05 3.3783423551110942e-06 2.4974171600956215e-06 2.0813213116537983e-06 5.652842318200187e-08 7.924439253260504e-08 4.412942078828485e-07 1.0837612599066885e-06 1.7643897997396725e-07 0.000717858218778501 8.027225144755329e-06 3.52366886533792e-07 9.308102971043231e-07 0.0 0.00016145376623840247 0.00022621502758241052 0.0005008802299163117 3.712338054233167e-05 4.649029490262373e-07 4.0268104072707535e-06 0.0006923783479660217 4.6105793602793005e-05 3.083830987606149e-06 1.3199107264017948e-05 1.4392345858787496e-07 1.408331250612622e-07 1.2815916856392367e-06 9.346275576622458e-06 9.71144356683495e-06 8.904088150125055e-05 9.375092109571012e-06 7.476762338653869e-05 5.2137169601362765e-05 2.8311914134872686e-06 7.45458633992846e-07 0.0 1.4299064327677434e-06
