0.0 0.0 5.860534266375583e-05 1.5482213120132574e-06 6.215124210490736e-08 4.609138685727198e-06 0.0003746495214467843 8.269689896393161e-05 1.8409361301571911e-06 3.438032406026821e-05 1.7757969355345372e-05 6.22368819972874e-07 2.07923689343205e-06 0.002382487666259262 0.0 2.5259377886638305e-07 3.6462674543921e-05 3.949425511148917e-06 1.768383130487324e-05 1.0680101521927825e-06 1.5770353751418752e-05 0.0 6.563025337641762e-05 4.453083684624123e-05 0.0 1.5200596477832514e-05 2.282096986104804e-05 4.4548654803482596e-05 0.004479167166852296 0.000846561711165548 2.2028905683555752e-07 9.525777233876539e-06 1.285453708758038e-05 3.905551179500746e-05 1.550586030596657e-07 1.462522095651678e-05 1.825978849768598e-06 3.0438192049589704e-05 6.445290279779269e-06 1.029611914878422e-06 9.403040771030305e-07 0.0 3.5906046374901977e-07 0.0 0.0 0.0 0.0 0.0 0.0 8.930696114356751e-07 1.031500619838146e-07 5.374243196020966e-07 0.0 0.0 0.0 0.0 0.0 0.0 2.076364258269921e-06 0.0 0.0 0.0 0.0 2.0010487742613064e-06 2.807209093980584e-07 6.731812787759196e-07 4.9276419180418755e-06 0.0 6.787985727232094e-08 3.935494021404019e-07 4.87737434865492e-06 3.3467448669584533e-07 2.0930392241100445e-06 0.0 0.0 0.0 7.712658500897728e-08 0.0 1.1178003769000053e-06 0.0 1.6574597430957232e-07 0.0 0.0 0.0 0.0 0.0
0.0 0.0 1.5052816377547938e-05 1.988964637718685e-07 1.5816992878949838e-06 1.4012226348929815e-07 1.7852583732108044e-06 2.591543295037554e-07 0.0003172386339109994 8.507626983360445e-07 0.00010173916579304988 2.1970800847625785e-06 0.00025830011935751404 5.491062440686733e-07 2.092213595048036e-05 0.00011333436851964325 1.3866674330509235e-05 1.734424820984381e-06 8.701629094663444e-06 6.288635384428304e-08 1.2975640327688266e-05 0.0009790414938760299 8.278929501284299e-06 0.0004837045997650798 0.0007857620781070517 4.9561995714489066e-05 0.002445025976583069 1.839377714888778e-05 9.512432087041945e-07 1.9085084838070682e-06 7.693863934262277e-06 9.176565355631704e-07 7.865693491803337e-08 9.079543200198278e-06 7.627989770755626e-08 1.6638092636971897e-05 2.4366578123503554e-05 3.279823535369584e-05 6.162591005655035e-06 1.657290496350724e-05 4.460284660590237e-07 0.00013020723311648198 0.0 0.0 1.1212851350696282e-05 1.0690571935279433e-05 7.699745561529817e-08 0.0 1.4033875933310285e-07 2.084216450444711e-07 8.655797345889771e-08 8.18547716613281e-07 0.0 5.495653863448719e-07 0.0 4.033284810842108e-06 0.0 0.0 6.453597400632423e-07 3.50839361757712e-06 1.8118965225469983e-06 6.966591898873066e-06 0.0 0.0 7.618175936836013e-06 1.8392250787907864e-06 3.7551429921162074e-06 4.224275992802051e-06 6.384055992018513e-05 0.0002942081207188806 1.0311929085031328e-06 1.234011812197271e-07 8.763166940355633e-08 4.1028577883753494e-07 0.0 0.0 9.757481923425618e-08 0.0 1.5691012280652482e-06 5.302303685598616e-07 8.327497964897108e-07 3.2245926656577997e-07 0.0 0.0 0.0 0.0
5.860534266375583e-05 1.5052816377547938e-05 0.0 2.9465898235969824e-06 5.221731428838747e-07 3.0080838368501835e-05 0.0009290829237395145 0.0005103054763523975 1.760536817426056e-06 0.00016006877490423922 4.4975432561864646e-05 1.012198145102025e-06 2.521972076702605e-06 0.0004371575811139207 1.906704144062793e-07 2.908408361902541e-06 0.004647080826009667 2.4743912032724533e-05 0.0003137310035820075 1.6263441585688124e-06 0.00024259355939680908 2.7752452537104017e-06 0.006137559330875299 4.7000703673825694e-05 7.546791239403735e-07 0.00379598299198872 0.0036348950795125367 0.000248075179618319 0.00023352941462034555 0.00037712482466338516 1.3231359176074124e-06 7.976472658423332e-06 9.33316717830167e-06 0.0005337377380061053 1.7777751722419476e-05 0.0010451596371262957 0.0003340605298830951 0.0010822203102992915 0.0004584219897531896 3.3227529732135035e-05 3.8503041828155084e-06 4.97525439515142e-07 4.014807455212443e-06 2.2455646494534627e-07 0.00010066062704255189 0.0003277394625420896 2.006145985607943e-07 0.0 0.0 1.4249112021576497e-06 6.160958283122471e-07 1.1401590707973838e-06 0.0 1.5199166338640632e-07 2.3881385571169557e-07 2.2443165512530513e-07 3.67676453192928e-07 0.0 1.565387353605663e-05 6.365215083437104e-06 2.568094326341251e-07 4.014650831457021e-06 0.0 2.3885431218557757e-06 4.191918583842132e-05 1.8680041821983543e-05 6.178444892186225e-06 0.0 4.917877011453851e-05 0.0014522906584174468 9.271646928831433e-07 1.1967675920064616e-07 1.4035212245767226e-06 0.0 0.0 0.0 8.562875644289657e-07 4.2520455185917274e-07 5.732483682609382e-06 4.978560691768218e-06 6.353320389235874e-06 1.5604084188829037e-06 1.1605908448612922e-07 0.0 0.0 0.0
1.5482213120132574e-06 1.988964637718685e-07 2.9465898235969824e-06 0.0 1.5539624662374135e-06 0.00013909798876160853 4.777464561211852e-05 3.068844366152308e-05 0.00029623026493006034 0.0009348704821343743 1.0822442647386451e-05 0.004681681823267853 4.1842813360254245e-06 2.8441715418972715e-05 3.40868326133052e-05 1.5945673443917664e-07 6.463684092565703e-08 1.322655872664277e-06 7.615427823239747e-07 0.001161017353610702 5.8572405401843624e-08 2.510699740227804e-07 2.3014711318510584e-06 0.0010270452288178673 4.2942392749703655e-07 1.6905760235695425e-06 3.1694590986872173e-06 0.0032729722767311773 7.171989889848135e-05 4.4090022330231905e-06 6.7737388916555e-07 1.3343900762650654e-05 1.868072280976197e-06 3.926018918784102e-05 6.829446495626401e-06 0.00013235687460075082 3.96208763123068e-06 8.275016751365341e-05 2.6369668144292166e-05 7.077923645784958e-05 1.488044034519281e-05 7.807623203984406e-07 2.0768563378249884e-06 0.0 0.0 2.2819432593038718e-07 0.00012018375339567858 1.775039724449483e-07 2.8105044199824908e-05 5.3773993851223786e-05 5.480525885718367e-06 4.042563962510854e-05 6.82373897684969e-05 1.1032767961173714e-06 0.00012411864736090367 2.0130031921847957e-06 5.565060696360601e-06 4.923939034544536e-06 2.2502804878055122e-07 2.0116614749620156e-07 0.0 5.45474826412317e-08 6.157975050342987e-05 2.3496963016940013e-07 4.2720832534333447e-07 3.1584922522946457e-07 0.0001778083326259075 7.972021980002784e-08 0.0 3.140871783077464e-07 0.00012138922884119208 3.962780250912994e-06 1.6481121942212799e-06 0.0 6.660907897884257e-07 0.0 3.13789118400858e-06 0.0 0.00013207115732233904 0.0 6.445925744592735e-06 8.587349398979065e-07 0.00013157084722453252 1.3115209613688364e-06 6.347184470914951e-08 0.0
6.215124210490736e-08 1.5816992878949838e-06 5.221731428838747e-07 1.5539624662374135e-06 0.0 0.0002838091541495653 3.1202520206601483e-06 9.360068037408852e-06 4.137663578726509e-05 1.2307927463815733e-05 3.3983541141451923e-05 3.876630548378619e-05 1.3234669122497499e-05 3.951292762367541e-06 0.0015613159948900865 0.0 2.1127387350641017e-07 1.909171044513261e-06 5.822481622082063e-07 3.2271200910075828e-06 2.3037415489279332e-07 2.2690300401598477e-06 9.252883065504962e-07 1.207774287843529e-05 1.591903231454195e-06 1.0015819175266677e-06 2.397755038661407e-06 4.278318733899543e-06 4.3476952522216736e-05 7.748513463121549e-07 7.918007725200525e-07 5.199253022557343e-05 6.960661001336239e-08 0.00031672902049437857 2.2887178259513116e-07 3.801057154878885e-05 4.441344966454223e-06 0.00020475987303624271 3.17043736808625e-05 0.001123968801055358 8.786705359410209e-05 1.7841192817190282e-06 1.1196855507460492e-06 0.0 0.0 0.0 0.0 0.0 0.0 1.9045506310112256e-07 0.0 5.725113811737925e-07 0.0 0.0 0.0 3.676519600658622e-07 0.0 0.0 0.0 0.0 0.0 0.0 0.0 7.316715105418732e-08 8.540766972740403e-08 8.026861489560518e-08 1.4801949580330328e-06 1.949913191002789e-07 2.552989934585111e-07 1.6700886673176645e-07 7.751034288298462e-07 0.0 0.0 0.0 0.0 0.0 0.0 0.0 3.1369667867719954e-07 0.0 7.2278014086024e-08 0.0 0.0 0.0 0.0 0.0
4.609138685727198e-06 1.4012226348929815e-07 3.0080838368501835e-05 0.00013909798876160853 0.0002838091541495653 0.0 0.0003870221505705644 0.0034743857467571995 0.0001320856505813256 0.006230482006554103 5.230114584785505e-05 0.0030084165114972164 3.1488306814382075e-05 0.00021218437416167774 0.0007266531144113715 1.6415254336488698e-07 4.6734594898589364e-06 3.987228753688601e-06 3.7746877953573195e-06 0.00033545461911727937 5.0151642416142345e-06 5.49955627394465e-07 2.145215005634318e-05 6.053375952410309e-05 1.6081123658255771e-06 7.735591384400583e-06 1.0855563506014862e-05 0.00029161617190532203 0.00023249374226311153 3.6682229760726794e-05 1.7799431442078643e-06 0.0007904681394072623 2.541530635602653e-06 0.00017599513685699966 1.816883455475391e-06 0.000367706862177445 1.637211105389161e-05 0.00018353746521380962 6.405170471940527e-05 0.001128183916669506 7.840412966233712e-05 5.497102408517672e-06 3.63219191131736e-06 0.0 2.399721796917888e-07 0.0 8.842004759009397e-06 0.0 1.8502365028441794e-06 1.0395585733559323e-05 7.573689423681703e-07 2.5960603651777458e-06 4.554059272390791e-06 3.339139110910692e-07 1.0211322747475448e-05 2.4694281004865176e-07 7.627523010938869e-07 1.0530617144250025e-06 1.6283547187432533e-07 0.0 0.0 0.0 5.54462923174603e-06 4.452322656290726e-07 0.0 5.99380087223033e-07 2.9036446402924938e-05 1.2596904269603895e-07 3.541196218158829e-07 1.307157852871952e-06 2.3460593359925253e-05 0.0 6.505857459200282e-07 0.0 5.768258425391078e-07 0.0 4.577919579799098e-07 0.0 3.27153519173271e-05 1.7589392025567578e-07 1.0155710496291013e-06 3.934154741624655e-07 2.3809801054245477e-05 4.2882044618023736e-07 1.432084441289389e-07 0.0
0.0003746495214467843 1.7852583732108044e-06 0.0009290829237395145 4.777464561211852e-05 3.1202520206601483e-06 0.0003870221505705644 0.0 0.0017937849791417374 6.133862691361919e-05 0.0040995863141180065 2.6632603906556766e-05 2.522544075576328e-05 1.3588137463671423e-05 0.0028527360805434996 4.197655075131056e-06 2.648088029412171e-05 0.00011065866740379894 4.470711649297739e-06 2.2512948254324696e-05 9.098193330295397e-06 0.00039592132872723503 1.0855866825712697e-05 0.0011402275352765188 0.0007262562038256276 4.230075760122077e-07 0.00010473396983707014 0.0003331124448083602 0.011495713314545996 0.0005839260768365682 0.0038274484560668546 1.1241670893197705e-06 2.484731044263882e-05 4.008207396796557e-05 0.00012480018164381547 7.11196899363695e-06 0.00042225836178053517 1.7604885293404997e-05 0.00032815963426078155 0.00015976971300887195 2.7810878225368296e-05 3.683300966289534e-05 4.192726611171445e-06 9.656587276584322e-06 6.189107829655518e-07 6.684472973667844e-07 8.938777443168855e-06 4.830941872663558e-05 0.0 5.383133374534599e-06 0.0002756671396643759 1.6739803784967526e-05 4.9370995249048976e-05 4.1417018688507224e-05 5.366042703779482e-07 1.3980905451125591e-05 1.9618799402704524e-06 1.4375587153828459e-05 2.846572660624804e-07 1.4305658322273444e-05 6.913559420844942e-07 1.2543990128393905e-07 2.7483547124071784e-07 1.5485294273280224e-05 1.3752779822948274e-05 5.192132463996148e-06 3.7182579455331514e-05 0.0005984901242243712 0.0 6.81949245996145e-07 5.070618123833762e-05 0.0005497613819542454 8.904369025190876e-06 4.122067295204421e-05 0.0 1.4944118575654377e-06 7.495551219113108e-07 6.707346663327437e-06 2.0065803168296738e-07 7.586026436712717e-05 1.3155635481759144e-06 1.5016107182545688e-05 6.851900834803456e-06 3.8548325024988997e-05 2.019273008810433e-06 4.946141774453553e-06 5.072286007865302e-07
8.269689896393161e-05 2.591543295037554e-07 0.0005103054763523975 3.068844366152308e-05 9.360068037408852e-06 0.0034743857467571995 0.0017937849791417374 0.0 7.418776388981929e-06 0.0018858736469683666 4.754413538429759e-05 0.00013203687961067467 1.0653194380575171e-05 0.00424354700141113 2.530248751132109e-05 1.5452653586765912e-06 0.00013936604726690974 8.178662879755256e-06 4.5081948940919764e-05 4.507838715360352e-05 8.97764222410934e-05 1.9536887611823364e-06 0.0003301410798433746 0.0001909092181264654 4.523514316682452e-07 9.528553050818823e-05 0.00010882308142802957 0.00028982194769959296 0.00045010935427968585 0.0007009944153201674 8.321102876396939e-07 0.0006402394626384775 8.535808992400773e-06 0.00010026977026083943 1.2565163330354915e-06 0.0001241942479410114 7.416500088128599e-06 0.00010069690507712834 3.6334044050399506e-05 6.615899314871078e-05 2.2660689118128805e-05 2.3919028048419524e-06 1.6263139936168914e-06 0.0 3.8054570509674296e-07 4.696702047368633e-07 3.047686587485436e-06 0.0 0.0 1.435617640573624e-05 5.717792918642538e-07 2.707909781409359e-06 2.863912048106182e-06 7.444728785867695e-08 1.414139173199084e-06 1.938798957705587e-07 1.3144334815833288e-06 0.0 4.327057212369957e-06 0.0 0.0 0.0 7.072159073876161e-07 3.2358573845920445e-06 1.5938208508513915e-06 4.149115025749939e-06 3.447326443480441e-05 7.582979728667624e-08 5.5420142491896796e-08 3.2986064277108315e-06 3.112805734877816e-05 1.3691241756826417e-07 1.2062733754684976e-06 0.0 7.825874568338523e-08 0.0 1.9015573657146366e-07 0.0 5.8246546007687095e-06 0.0 7.584842571292938e-07 3.461989819909147e-07 1.771658842064127e-06 2.755215967259619e-07 0.0 0.0
1.8409361301571911e-06 0.0003172386339109994 1.760536817426056e-06 0.00029623026493006034 4.137663578726509e-05 0.0001320856505813256 6.133862691361919e-05 7.418776388981929e-06 0.0 7.518545042940416e-05 1.3137089843801549e-05 0.00040728938814078223 3.345244847323567e-05 5.583409062484644e-06 0.00042837139333862565 1.1881415691976435e-05 1.0972662980370998e-06 7.235587450682371e-07 2.1932927682252776e-06 0.00031694846671719284 1.1517026930288723e-05 0.0010898173638940732 4.551525060350729e-06 0.005309027383539537 0.00013982378295173943 9.7011218942741e-06 0.0003801651201212535 0.0005757162237526054 2.4702477631109446e-05 5.276784192652494e-05 1.866134004775921e-06 3.1982794169314976e-06 3.613704861021444e-06 1.0601234089396304e-05 1.7302963853006436e-06 7.730873025943991e-05 2.0141720399858056e-05 2.140280812199016e-05 1.3599371877765686e-05 0.0002701847959503133 3.511363360484978e-06 6.027089414248727e-06 6.72058427015848e-08 6.559931314792865e-08 2.4311559913311592e-06 3.934361860729611e-07 0.00013658414305767238 5.290159706640837e-07 1.5812080150277115e-05 9.307345618291681e-05 9.315147095535078e-06 8.508700407583152e-05 8.156157981643185e-05 6.354496504433397e-07 0.00013371931961767992 3.250771570981026e-07 6.489816258321775e-06 8.500675911897366e-06 1.9141319078185753e-05 0.0 8.206679532634178e-08 8.839652643068217e-08 6.537575456384014e-05 1.579557967995145e-05 1.9063024389749792e-05 2.4698643562287893e-06 0.000997205658556256 1.5153658210289183e-07 1.1854635009427285e-06 5.336764578554092e-06 0.00032756628242470493 5.090059565485193e-06 1.9264423196518933e-05 0.0 1.1147441662168127e-06 8.318034834575352e-07 2.2151975677681083e-06 0.0 4.3757698145171524e-05 7.008060331437284e-07 6.490995985174582e-06 3.6837379685253464e-06 0.0001010449612383978 1.939737428528509e-06 0.0 0.0
3.438032406026821e-05 8.507626983360445e-07 0.00016006877490423922 0.0009348704821343743 1.2307927463815733e-05 0.006230482006554103 0.0040995863141180065 0.0018858736469683666 7.518545042940416e-05 0.0 0.00013699598948278092 0.0020360366521018783 5.0296437203554414e-05 0.0007188783923887781 3.181923496750228e-05 5.213584475571794e-07 1.5823455927611502e-05 1.65878470724002e-05 1.012989903874216e-05 0.0006622183556117294 2.3627998936469495e-05 1.1428394616179474e-06 0.00010106702621400486 0.0004057156343037667 4.487196375858448e-06 3.21942616436532e-05 4.767485235905717e-05 0.005887672700027788 0.0010547150185475022 0.00014804837454812604 6.742815415821124e-06 0.00016563241429555072 2.540940402108752e-05 0.00041490209731593735 7.819744474447604e-06 0.0009078339927811625 4.8152340881863876e-05 0.0008905587910822689 0.00026411406463308596 0.00020065288869431383 0.00014827820992628692 4.619937293416588e-06 1.7208302541681132e-05 0.0 3.0398581932364593e-07 6.70000567722023e-07 2.7643799122114828e-05 0.0 6.312753865843327e-06 5.388744620230989e-05 5.653428965403775e-06 1.2225486166965722e-05 1.9969728847707985e-05 3.9773408977916926e-07 2.2969900964504398e-05 7.456572175064271e-07 3.013231845365435e-06 1.8377398364215548e-06 3.5638841364787688e-06 0.0 5.999590626956704e-08 0.0 1.4852433179267566e-05 1.948829427357061e-06 1.7188505494839112e-06 6.000188771332178e-06 0.00013625299220700456 1.6303048006477308e-07 2.8951353506759907e-07 6.866579492094822e-06 0.00010086583940122754 1.290454854313018e-06 3.455314073576376e-06 5.594718134411012e-08 1.883820577458569e-07 0.0 6.112431963966095e-07 0.0 3.494848108230722e-05 5.276868306493344e-07 1.8533904062595214e-06 1.9314896795579615e-07 3.399453364246634e-05 3.877076260129639e-07 1.206572727432349e-07 0.0
1.7757969355345372e-05 0.00010173916579304988 4.4975432561864646e-05 1.0822442647386451e-05 3.3983541141451923e-05 5.230114584785505e-05 2.6632603906556766e-05 4.754413538429759e-05 1.3137089843801549e-05 0.00013699598948278092 0.0 5.29416372376719e-05 0.0025446723423775425 7.121449134770337e-05 2.6653278356726293e-06 9.428450970285326e-07 0.0001780650108393052 0.001531796723760621 0.0007718030383376814 2.1603477073419638e-05 2.1927078466624124e-05 3.2364401476398e-05 5.113034316211788e-05 2.6246578510731438e-05 0.0007034753688061455 0.0010421330280700576 0.001209305307528124 3.505613158470858e-05 0.00044606056423421894 0.00016606378654575391 0.0006921006954895038 0.00017782191812161914 9.921221852129858e-06 0.003948629334097228 9.21666204590928e-06 0.0007953163597453107 0.001970865981852512 0.0022912824468656764 0.0007410444257034387 3.299205724679115e-05 2.4779417228176573e-05 0.00048607758777162083 7.448452792461637e-06 0.0 1.213924096624608e-05 2.6169914760195555e-07 9.42536054637462e-08 0.0 0.0 6.755681590187688e-07 0.0 7.1349271417707e-07 2.0598075529453536e-07 9.587096728724508e-05 1.889748015945257e-07 0.0005022159730969018 0.0 0.0 1.1587485445851936e-06 6.903933299741656e-07 6.011258622387935e-05 2.2328698892489766e-05 0.0 1.1656760385521257e-06 2.654818902236968e-07 3.528180609435168e-07 4.581515194590934e-06 9.82924805913358e-05 0.00010338954528442048 0.0003310363626915841 4.729167373605956e-06 8.518571401034549e-08 2.266247904092515e-07 3.254851964866968e-05 0.0 0.0 7.601454617180649e-07 7.372408695149748e-07 1.2399092714016405e-05 0.0001592137491809525 3.7230180771069722e-06 2.1652938302612026e-06 4.395578634422829e-07 0.0 5.8611473397740555e-05 1.4360614248367804e-06
6.22368819972874e-07 2.1970800847625785e-06 1.012198145102025e-06 0.004681681823267853 3.876630548378619e-05 0.0030084165114972164 2.522544075576328e-05 0.00013203687961067467 0.00040728938814078223 0.0020360366521018783 5.29416372376719e-05 0.0 1.933861980497952e-05 9.049031786678679e-05 0.0005208171525011286 0.0 3.155050200677106e-07 4.631774870900251e-06 1.7704879663101951e-06 0.0011875708888493984 1.5546711009827342e-07 7.352123167690857e-06 9.752325013790913e-07 0.0008522025047125327 2.159508518040396e-06 5.240232908799691e-06 8.15728947255053e-06 0.0010799299228924245 0.00016303149779701688 2.67867915877689e-06 2.6254993998199395e-06 7.812459951399224e-05 4.4590650910753834e-07 0.00014924775714812306 1.0011034791766712e-06 0.00039340381545941637 1.1177153537867861e-05 0.00018639296472057514 3.3976193279634764e-05 0.0007416819078595253 4.9190628276761706e-05 2.264067697856258e-06 1.123651326292755e-06 2.1616160460725088e-07 6.47182472967493e-08 0.0 7.78122948571309e-05 1.7971703541846478e-07 1.703159859751206e-05 1.3818147087243881e-05 4.172800837643788e-06 2.6967491705583362e-05 9.108354180702806e-05 1.1673254374366953e-06 8.772748506264971e-05 5.13918615701112e-07 3.6254740756355694e-06 5.769964830778379e-06 0.0 0.0 1.2650921406947935e-07 0.0 3.719077703111896e-05 0.0 4.651302989311296e-07 1.2240152420849367e-07 6.580531116456163e-05 1.2992857414856562e-07 3.0981570496624144e-07 1.2986581527937055e-07 4.624004646768298e-05 1.8803899330762205e-06 2.0734948786843917e-07 0.0 9.413119112070484e-07 0.0 2.2110985933569754e-06 0.0 0.00017543824081506863 1.0351143098625548e-07 5.176763107303979e-06 7.983297678029984e-07 0.00017254255327536338 8.1264692468193e-07 0.0 0.0
2.07923689343205e-06 0.00025830011935751404 2.521972076702605e-06 4.1842813360254245e-06 1.3234669122497499e-05 3.1488306814382075e-05 1.3588137463671423e-05 1.0653194380575171e-05 3.345244847323567e-05 5.0296437203554414e-05 0.0025446723423775425 1.933861980497952e-05 0.0 1.3632223701987324e-05 3.131738589335651e-06 2.144338654434562e-06 2.594356681249008e-06 2.7453967629103294e-05 8.20738520429611e-06 8.188980747300257e-06 3.766692489222186e-06 8.061089089507774e-05 7.41252666112908e-06 3.496381662847993e-05 0.0027339011461226972 3.894748335746649e-05 0.0018834513533856508 1.7802753563002007e-05 5.780166150800668e-05 7.44584554189971e-06 0.00017411131499087538 5.911218427059128e-05 4.4961618353418905e-07 0.0006610113042933422 4.332771107922551e-05 0.0010809445539918083 0.002257485099555486 0.002005311263686582 0.0004567831962230785 3.828973458000385e-05 4.2182220764362185e-05 0.0008286929621688107 1.0885085159391312e-05 0.0 2.36001801616057e-05 2.4815353270366024e-07 0.0 0.0 0.0 8.493510074115547e-07 6.044896553480353e-08 6.697043695980022e-07 0.0 0.0003098016494763316 0.0 0.0018267458834115005 5.1301710923748693e-08 0.0 0.0 2.5097705020166423e-07 5.3323304446516524e-05 1.4571710620886047e-05 7.116978698645407e-08 2.3504409300602832e-07 3.64761762594036e-07 2.442892014324495e-07 1.9174893436938736e-06 0.00037870780513936457 0.00011336633576809522 0.0006534676788266437 1.7966121330128266e-06 1.0502817360249727e-07 0.0 0.00010888022724654839 2.1867810173246268e-07 0.0 6.127005128706379e-06 1.0379658287105326e-05 9.475384706303418e-05 0.0003036443990067008 1.0122599230592088e-05 3.791463760374575e-06 4.997494926030978e-06 0.0 0.00010324856698232507 0.0
0.002382487666259262 5.491062440686733e-07 0.0004371575811139207 2.8441715418972715e-05 3.951292762367541e-06 0.00021218437416167774 0.0028527360805434996 0.00424354700141113 5.583409062484644e-06 0.0007188783923887781 7.121449134770337e-05 9.049031786678679e-05 1.3632223701987324e-05 0.0 3.326115537045847e-06 5.354858272111874e-07 0.00017975321942283282 1.0730250788408902e-05 6.730578655473707e-05 4.7230118285667346e-05 0.00010788254563695776 5.56194418544679e-07 0.00043301437917753406 0.00011903789779494721 1.1713116875081027e-06 8.67460531719231e-05 0.00011781866343916082 0.00019735460399641694 0.004384427435473426 0.0022765915427098073 1.7928663250771574e-06 0.0002686029979480795 6.552172724684319e-06 0.00018388186993647444 9.984876064235946e-07 0.00012009706318561553 8.936133796277926e-06 0.0001171445472249147 2.536749620861442e-05 3.633221718867805e-05 2.0295574117409813e-05 1.9710421798597305e-06 4.0007359036102615e-07 5.2513433990316105e-08 9.634982375840477e-08 6.950691391467614e-07 0.0 0.0 6.586264181759399e-08 4.02290305260636e-06 2.7995517913033456e-07 1.1695151602998576e-06 4.862754300220392e-07 0.0 4.532212344113225e-07 1.37777680308038e-07 2.4924786001720584e-07 1.0354775949074735e-07 2.8060350474306943e-06 0.0 7.26662924637875e-08 8.535182471944896e-08 3.02513196552766e-07 4.042345614633956e-06 6.365630194887612e-08 2.1609310524088166e-06 1.8348443236274667e-05 1.5384568034703397e-07 7.141270895592993e-08 1.9952216651846897e-06 9.296793858763232e-06 4.25948412960657e-07 3.2565234669123454e-06 0.0 0.0 0.0 1.788995762428863e-07 0.0 2.1072748135346664e-06 2.137384043379738e-07 1.1431134005847823e-06 7.861636738151215e-08 1.2868855554320208e-06 0.0 0.0 0.0
0.0 2.092213595048036e-05 1.906704144062793e-07 3.40868326133052e-05 0.0015613159948900865 0.0007266531144113715 4.197655075131056e-06 2.530248751132109e-05 0.00042837139333862565 3.181923496750228e-05 2.6653278356726293e-06 0.0005208171525011286 3.131738589335651e-06 3.326115537045847e-06 0.0 8.256258403443453e-08 0.0 2.0392006008828306e-07 6.128470341649268e-08 4.409501964454974e-05 0.0 6.72280699600551e-05 0.0 0.0003110100152252927 7.845804313839186e-06 7.321561845079851e-07 2.2233254720968312e-05 3.2678967644129904e-05 7.176325337813224e-06 4.036933973086539e-07 7.361932012269767e-08 0.00017508254951702042 9.594701397884459e-08 7.322558687373815e-06 8.207656205613753e-08 9.74894477743404e-05 9.036780434311306e-07 4.11669275959997e-06 2.9861666432255044e-06 0.00048098528268065483 1.0536517156199485e-05 4.231016443719718e-07 0.0 0.0 0.0 1.210757499851757e-07 6.032700688770537e-07 0.0 5.170212056337385e-07 2.2302578015275992e-06 5.02188027146838e-07 5.105606953044532e-06 2.4847912681919233e-06 0.0 1.4417241866416175e-06 6.915781945337949e-08 0.0 1.1079560049936549e-06 9.882616919613747e-07 0.0 0.0 6.30190016345465e-08 5.788826039236369e-07 1.6963109421775833e-06 1.3450700682080155e-06 2.208440309088445e-07 2.1025071716677996e-05 0.0 0.0 5.9471448987859614e-08 1.3682385087860976e-05 0.0 1.3069517765688755e-07 0.0 0.0 0.0 9.425591997523427e-08 0.0 7.390336375496165e-06 0.0 1.079848730088005e-07 0.0 3.8949396937066166e-06 0.0 0.0 0.0
2.5259377886638305e-07 0.00011333436851964325 2.908408361902541e-06 1.5945673443917664e-07 0.0 1.6415254336488698e-07 2.648088029412171e-05 1.5452653586765912e-06 1.1881415691976435e-05 5.213584475571794e-07 9.428450970285326e-07 0.0 2.144338654434562e-06 5.354858272111874e-07 8.256258403443453e-08 0.0 5.342869992800534e-06 1.9341939700411068e-07 8.583379545483546e-07 0.0 0.0010569279820945225 0.0011495920439331256 0.003894628997296117 0.0016616481982208357 6.609759080367741e-06 1.2152728955742965e-06 0.002298963230656192 0.00131480969150049 7.498989383538277e-06 1.5088500629712904e-05 4.2519831200402546e-07 1.6129978502394425e-07 1.2184267947506068e-06 1.7849644060893405e-05 1.2989655508642518e-05 0.0009754213941469377 0.00022349224559417512 0.00014911087904128002 0.00019535565565828721 3.593003367947086e-05 4.228573786293426e-07 1.0098778600523574e-06 1.22266795350236e-05 4.3505654130608063e-07 2.8821216410386784e-06 4.5472227904415305e-06 3.2865995305708184e-07 7.492351767298612e-08 3.9636425505693783e-07 9.084718172348462e-06 4.848649684168382e-07 2.518320488884047e-05 1.0772630816332978e-06 0.0 2.3664180537306337e-07 8.232474042532985e-08 6.068238529008237e-07 3.6864299488594787e-07 0.0017677942703168688 6.625615836723618e-07 0.0 6.72635020152485e-08 0.0 0.00032336141512406455 0.0005329294630494972 0.0013994952573949215 0.0001513904424486561 2.3748401201762932e-07 6.154930210015405e-07 0.00039200553270345064 4.7016631569617085e-05 3.6877805087030726e-06 4.8659046750654735e-05 0.0 4.796757234458115e-08 2.3544552086114693e-07 2.6316864535842342e-06 9.011450946226126e-07 3.3441438070789e-05 5.212399954373759e-06 7.255001060121208e-06 7.186717541023893e-06 1.640035897140193e-06 1.5318130957416468e-07 0.0 1.4666065670625288e-07
3.6462674543921e-05 1.3866674330509235e-05 0.004647080826009667 6.463684092565703e-08 2.1127387350641017e-07 4.6734594898589364e-06 0.00011065866740379894 0.00013936604726690974 1.0972662980370998e-06 1.5823455927611502e-05 0.0001780650108393052 3.155050200677106e-07 2.594356681249008e-06 0.00017975321942283282 0.0 5.342869992800534e-06 0.0 0.00011485543546571686 0.0019219347990758868 8.030718160900856e-08 0.0003079991698998524 2.7632082297697558e-06 0.0017347164432386488 1.8436995983752728e-05 1.212951033604714e-06 0.002261468967714796 0.00392747718700984 5.465640871923908e-05 0.0002061625063319754 0.0008488919121631777 1.259922861564625e-06 5.08911743637763e-06 1.2761229651021719e-05 0.0013899948908350714 8.668504535360072e-06 0.00036842789830422577 0.00011087481402766702 0.0011937856559680702 0.0002584397379349786 1.1318139313376703e-05 1.2129740854608899e-06 3.1131318118190964e-07 1.210579926800046e-06 0.0 2.1902654033072378e-05 2.8964179935962163e-05 0.0 0.0 0.0 4.758816583695198e-07 0.0 4.452302181766024e-07 0.0 2.893151186953997e-07 0.0 5.5356167020509334e-08 0.0 0.0 2.386901849195607e-06 3.938389276041056e-06 6.227171030834405e-07 5.306312750140406e-06 0.0 2.93152440550132e-06 3.000721084161313e-06 3.712628557203578e-06 2.6532520712182664e-06 1.7889431178900903e-06 5.726022676313349e-05 0.00029990829046804257 1.493410445594944e-06 0.0 0.0 0.0 0.0 0.0 0.0 0.0 1.3858708701837343e-06 8.028540654928001e-07 2.3652055040528204e-06 2.9305510220106045e-07 1.0428202766274912e-07 0.0 0.0 3.4922827905975316e-07
3.949425511148917e-06 1.734424820984381e-06 2.4743912032724533e-05 1.322655872664277e-06 1.909171044513261e-06 3.987228753688601e-06 4.470711649297739e-06 8.178662879755256e-06 7.235587450682371e-07 1.65878470724002e-05 0.001531796723760621 4.631774870900251e-06 2.7453967629103294e-05 1.0730250788408902e-05 2.0392006008828306e-07 1.9341939700411068e-07 0.00011485543546571686 0.0 0.0001627483866203894 1.7180361127381695e-06 3.6001969523130496e-06 8.234099202632405e-07 2.2143230312979637e-05 2.371192399202752e-06 9.915451927595323e-06 0.002024807186005031 0.0006677217882812306 5.158652809457739e-06 3.978972237128107e-05 3.1953841741637496e-05 0.00016463644032914472 9.566084510787267e-06 2.055089870614372e-06 0.0003519668284374999 1.4805189133387824e-06 0.0002443081938304707 0.00045331358721786814 0.0005899649179963803 0.00021809053372918473 5.537019440139777e-06 4.2413703218418093e-07 6.305634085144511e-06 4.6704291203149947e-07 0.0 1.466475886183127e-06 2.281110289510098e-07 0.0 0.0 0.0 0.0 0.0 5.450644881118726e-08 0.0 4.46320706453181e-05 0.0 9.925064189183388e-05 0.0 0.0 6.929195090485328e-08 1.0321338040523749e-06 7.071997193297122e-05 3.3537090527149214e-05 0.0 4.7542247370300085e-07 1.205204113551342e-07 2.436261574766054e-07 3.2123862457582276e-07 1.7755049454976113e-05 0.000125108912928086 0.00029879422612387035 4.679549058603652e-07 0.0 0.0 1.91745696554333e-05 0.0 0.0 5.134848525096732e-07 0.0 2.9265559293183838e-06 2.174461940909842e-06 1.5112842139320093e-06 4.802463734595431e-07 1.4319760068500776e-07 0.0 0.0 0.0
1.768383130487324e-05 8.701629094663444e-06 0.0003137310035820075 7.615427823239747e-07 5.822481622082063e-07 3.7746877953573195e-06 2.2512948254324696e-05 4.5081948940919764e-05 2.1932927682252776e-06 1.012989903874216e-05 0.0007718030383376814 1.7704879663101951e-06 8.20738520429611e-06 6.730578655473707e-05 6.128470341649268e-08 8.583379545483546e-07 0.0019219347990758868 0.0001627483866203894 0.0 9.607322988580986e-07 6.140950008705653e-05 2.1055134321409772e-06 0.0003503902889756937 8.285817504428843e-06 3.4366533925285363e-06 0.002064388295025283 0.0013617239854143727 2.2112176067246196e-05 0.00016113864817459444 0.0003516118866639 1.2520844453961242e-05 6.882705541438431e-06 1.1792908908322666e-05 0.0017418582149038124 4.492676715158932e-06 0.0004838489516711425 0.00034698821393969816 0.0012521671865621 0.00038425120727307485 1.1097177250860032e-05 5.106420431769034e-07 9.209374319000489e-07 1.049681090620601e-06 0.0 8.361241770477397e-06 2.4531625488378564e-06 0.0 0.0 0.0 5.031085075178267e-07 0.0 2.395559067465033e-07 0.0 4.232897815154031e-06 0.0 7.037294828545029e-06 0.0 0.0 6.970441211253794e-07 1.3016072431375163e-06 1.8422690446060596e-05 2.139032722052765e-05 0.0 6.854401863700796e-07 2.8384234606708757e-07 6.888439595283939e-07 1.3489311947710122e-06 4.0563727878098206e-06 6.623296469424383e-05 0.0001673146103081114 1.0275720841878182e-06 2.2761117077216886e-07 0.0 2.024242816049427e-06 0.0 0.0 0.0 1.4223520900434466e-07 1.7945523619155565e-06 9.93105939071658e-07 1.1666888365626503e-06 7.17985558249213e-07 0.0 0.0 0.0 0.0
1.0680101521927825e-06 6.288635384428304e-08 1.6263441585688124e-06 0.001161017353610702 3.2271200910075828e-06 0.00033545461911727937 9.098193330295397e-06 4.507838715360352e-05 0.00031694846671719284 0.0006622183556117294 2.1603477073419638e-05 0.0011875708888493984 8.188980747300257e-06 4.7230118285667346e-05 4.409501964454974e-05 0.0 8.030718160900856e-08 1.7180361127381695e-06 9.607322988580986e-07 0.0 3.353724475585154e-07 5.657707055874278e-07 8.41718651437809e-07 0.00022979000615209666 1.1568945403416622e-06 2.574714435378636e-06 3.307753173638043e-06 0.0010379018044436473 0.00011539566877989324 7.664773886409964e-07 6.690853352726872e-07 2.4300197098937155e-05 1.2403096361075264e-06 6.784687234249357e-05 1.4631190306313142e-07 0.00015407054869028282 5.471444743050843e-06 0.00012963267860241167 2.854125087106217e-05 0.00011132246577593426 2.3954962831616456e-05 6.342602077291184e-07 1.0310958812990123e-06 0.0 1.0071464482422879e-07 1.2343662800555682e-07 4.406700505184038e-05 0.0 6.9884903144336626e-06 9.473491329930396e-06 1.443228750518839e-06 1.8656116212286822e-05 2.9608093941434687e-05 3.799499600133974e-07 6.266240137781635e-05 0.0 1.3630810200996154e-06 2.98980025246142e-06 0.0 0.0 0.0 0.0 1.7505619795592266e-05 7.234309170573912e-08 0.0 0.0 4.67613469125649e-05 0.0 0.0 4.945657049619057e-08 3.040947307388415e-05 7.170760739273087e-07 1.8149098554212143e-07 0.0 5.300373399973716e-07 0.0 8.871514903413881e-07 0.0 0.00010654859726698237 0.0 1.6515343393444095e-06 2.6515907521756307e-07 9.143977864306423e-05 0.0 0.0 0.0
1.5770353751418752e-05 1.2975640327688266e-05 0.00024259355939680908 5.8572405401843624e-08 2.3037415489279332e-07 5.0151642416142345e-06 0.00039592132872723503 8.97764222410934e-05 1.1517026930288723e-05 2.3627998936469495e-05 2.1927078466624124e-05 1.5546711009827342e-07 3.766692489222186e-06 0.00010788254563695776 0.0 0.0010569279820945225 0.0003079991698998524 3.6001969523130496e-06 6.140950008705653e-05 3.353724475585154e-07 0.0 7.603668321095807e-05 0.008438085163403582 0.00016135656194917876 1.662739563464122e-06 1.7678993649457764e-05 0.00031123722431115983 0.0038378238307103575 0.00010021906163712598 0.004926543108854872 2.2057282187863653e-07 3.570955219177632e-06 7.901107018187743e-06 0.0022491223744968325 5.499489724109111e-05 0.004165604790951289 0.0005215348728019486 0.003194757678400233 0.0018660902588259016 0.0002224284303668835 5.9159141270417135e-06 7.232217738146414e-06 6.047631407808334e-05 9.419275882189966e-07 3.439159919450415e-07 3.7702077319667447e-06 1.4191121130827476e-07 0.0 1.546772003918539e-07 1.2338715311820321e-05 7.141420363862349e-07 2.515731731099346e-05 5.012926079332072e-07 0.0 3.5060065720120217e-07 9.718225519511101e-08 1.2587070605492455e-06 3.460399631823964e-07 0.0006588101645172783 5.130005134270919e-07 1.1517745060465793e-07 1.1139463168034022e-07 5.758146384046262e-08 0.0005136478031051795 8.556820657568237e-05 0.000271265748422605 0.0001861788481988192 0.0 3.200859003570403e-07 3.032548301276995e-05 5.941375379502885e-05 5.557001160412158e-06 9.042396272998902e-05 0.0 0.0 5.850547702074449e-07 3.3120788133308194e-06 1.3292878128400561e-06 3.123689640793604e-05 1.2674998006726507e-06 3.0155905826746417e-06 1.4484283641622095e-06 2.2493874297327212e-06 8.149901089826206e-08 0.0 9.430288845011984e-08
0.0 0.0009790414938760299 2.7752452537104017e-06 2.510699740227804e-07 2.2690300401598477e-06 5.49955627394465e-07 1.0855866825712697e-05 1.9536887611823364e-06 0.0010898173638940732 1.1428394616179474e-06 3.2364401476398e-05 7.352123167690857e-06 8.061089089507774e-05 5.56194418544679e-07 6.72280699600551e-05 0.0011495920439331256 2.7632082297697558e-06 8.234099202632405e-07 2.1055134321409772e-06 5.657707055874278e-07 7.603668321095807e-05 0.0 0.00015311010697283134 0.0038269777505166957 0.0003645255354846883 1.0594243802647923e-05 0.001122104177756817 0.0001166219447825401 7.661350774787531e-06 1.0209782940285934e-05 3.2824340796594e-06 2.7134483607708943e-07 1.927830360592788e-06 6.634002452144417e-06 2.6215722164208283e-07 1.6007740015596816e-05 6.647667162647578e-06 1.4725268788885689e-05 5.263442456966975e-06 4.905093645306273e-05 4.567722800204016e-07 2.731583590060113e-05 0.0 1.730216369332057e-07 2.885380658883447e-05 1.167401608603231e-06 0.0 0.0 6.510858584407903e-08 4.544582288912363e-06 0.0 1.550186434427278e-05 1.1304815090404209e-07 2.4520571406945853e-07 9.007484907859435e-07 4.754543045945095e-07 7.045450162378304e-07 8.241344132273829e-07 0.0004309564059470065 7.951053947191995e-07 1.3763158206914525e-07 6.566718005071913e-08 3.5239822721132655e-07 6.317663177432325e-05 3.316148100105038e-05 0.00014313019782057548 0.00011096728608666174 4.5515642883531284e-07 1.93655136357716e-06 7.284914174540664e-05 2.021145404094424e-05 1.307098408925804e-06 9.114653326343245e-06 7.688066180482462e-08 4.921196563099902e-08 2.808117433763841e-07 3.036061631370302e-07 0.0 3.74097797409681e-06 1.0839119694591304e-06 5.882826404926678e-07 1.6732751392160881e-06 1.7058157040329003e-06 0.0 0.0 0.0
6.563025337641762e-05 8.278929501284299e-06 0.006137559330875299 2.3014711318510584e-06 9.252883065504962e-07 2.145215005634318e-05 0.0011402275352765188 0.0003301410798433746 4.551525060350729e-06 0.00010106702621400486 5.113034316211788e-05 9.752325013790913e-07 7.41252666112908e-06 0.00043301437917753406 0.0 0.003894628997296117 0.0017347164432386488 2.2143230312979637e-05 0.0003503902889756937 8.41718651437809e-07 0.008438085163403582 0.00015311010697283134 0.0 0.0003855695841905061 1.7274208167283504e-06 0.0005760455996018695 0.007012734843928133 0.0029635758836044587 0.0002916220747786181 0.003925463215495569 1.0251087530023186e-06 1.189367514216669e-05 1.6708310803658072e-05 0.0022327815306322093 0.00015091705467641499 0.006637019330375459 0.0018515194562183936 0.004553349685003564 0.0035149628271071796 0.000620620623053988 1.1519780435933732e-05 1.0455665975371112e-05 0.00013942830457807406 5.490364526453414e-07 3.9476118285780486e-06 0.00017420601621692626 3.0498588328195416e-07 0.0 1.3146189561907428e-07 2.2444850752430893e-05 2.2079184079430514e-06 5.595666545764042e-06 5.99716615497782e-07 4.1517928349999967e-07 1.618512025493586e-07 0.0 5.093098434288353e-06 1.918542912714457e-07 0.0012629163090675276 2.004604228463696e-06 4.628181824961825e-07 1.4416867983791183e-06 6.818210025601604e-08 0.0001376465368061146 0.00030123679782845665 0.0017944273228529019 4.7661688384212476e-05 2.857374138138878e-07 4.167817414633916e-06 0.001123909776129048 3.648835453636953e-05 2.13362626865665e-06 2.4030033520003442e-05 7.753923782090973e-08 9.508290425578272e-08 2.5946745408266995e-07 8.913725035173247e-06 6.370122297129149e-06 0.00011380554401313185 2.025099685929685e-05 3.938605310254273e-05 2.4568458026495772e-05 4.454165329601644e-06 4.200679471878869e-07 4.892676186044924e-07 1.0111915699905197e-06
4.453083684624123e-05 0.0004837045997650798 4.7000703673825694e-05 0.0010270452288178673 1.207774287843529e-05 6.053375952410309e-05 0.0007262562038256276 0.0001909092181264654 0.005309027383539537 0.0004057156343037667 2.6246578510731438e-05 0.0008522025047125327 3.496381662847993e-05 0.00011903789779494721 0.0003110100152252927 0.0016616481982208357 1.8436995983752728e-05 2.371192399202752e-06 8.285817504428843e-06 0.00022979000615209666 0.00016135656194917876 0.0038269777505166957 0.0003855695841905061 0.0 0.00012470486956477102 1.4518922913045368e-05 0.0016410156691616259 0.005017642974114488 0.0005797529772997719 0.0008490496015391878 2.188192737922341e-06 1.7695047291895276e-05 0.0001215595706171837 0.00015740467874051796 2.836747541130221e-05 0.0012109170742744422 4.2199835476973866e-05 0.0004762283942800246 0.0003391310850560315 0.00024594808939445555 4.469220691017719e-05 1.2321842361989265e-05 1.2219374512864132e-05 2.6805604623866906e-06 6.33666787754841e-06 6.140323514531769e-06 0.0002774629227910898 1.0324653387473932e-06 3.326780976902594e-05 0.0005161702701312618 4.332984258322278e-05 0.0007176144031573174 0.00018969116068705359 2.0713706234318903e-06 0.00019674340156255234 1.7090132652391132e-06 3.0313758596246308e-05 1.4012450682743841e-05 0.00025458918395024463 7.095716519402098e-07 3.727221518223437e-07 5.773683369021002e-07 0.00012903679662376572 0.00032848870314901947 9.892880533483415e-05 5.5543498870787006e-05 0.002949023873990905 5.279095536311902e-07 1.4391366772518494e-06 3.644123636430687e-05 0.001483160326365812 3.4453427307914554e-05 0.00021865526782611876 0.0 4.66164164506937e-06 3.641810079996559e-06 1.5544462801039268e-05 1.3116059878732817e-06 0.00032835576452724653 5.4095126249895984e-06 4.332688241204925e-05 1.776169152643845e-05 0.0002452785628649683 8.006222668455202e-06 2.3184616300402897e-07 1.2157312917808583e-06
