0.0 0.0 6.664385406802859e-05 2.774079050552973e-06 7.170935920398748e-08 1.936303579898807e-05 0.0020707901096867006 0.0004911940078685487 1.110896080138497e-06 0.00011146959742891126 1.4415922688380333e-05 2.881332481006092e-06 6.549649974097035e-07 0.003523213528568345 0.0 5.841472932919313e-08 0.00012830153337201462 1.8432253128566376e-06 5.24544532680503e-06 1.8103103489022367e-05 4.472013416794754e-05 0.0 9.838703379779948e-05 2.3096340222063677e-05 7.117286217039992e-08 4.6023547885184754e-05 1.4047435798772116e-05 7.83266386102839e-05 0.0017090471026247843 0.0015766636778251622 5.533805564824671e-07 2.1749624883842093e-07 3.7647210883786535e-05 7.063791936158147e-05 8.923981263209457e-07 2.1514160657682447e-05 1.0676984461473569e-06 5.640401847845259e-05 1.4967035702983551e-05 4.741738855516833e-06 1.368606250849424e-06 0.0 6.344509545127269e-07 0.0 0.0 0.0 2.0236230743083709e-07 0.0 0.0 2.7881561163340083e-07 4.028192812218433e-07 6.007635179882396e-07 1.4516689507706606e-07 0.0 1.0960198641589068e-07 0.0 0.0 0.0 0.0 0.0 0.0 0.0 1.4598065451524996e-07 0.0 0.0 0.0 2.5730719012351885e-06 0.0 0.0 6.096156472792742e-07 1.752922236371984e-06 1.0003758384251493e-07 6.735559268003429e-08 0.0 0.0 0.0 0.0 9.662038744426366e-08 8.027442628729152e-07 0.0 0.0 0.0 1.0190530836745716e-06 0.0 0.0 0.0
0.0 0.0 0.00015234279957420147 2.6811735635389025e-06 4.466315036123105e-07 1.5481558239433854e-07 1.4797036814826234e-06 3.37689198955813e-07 0.0005292853911064315 2.822188685815159e-07 9.79135046137738e-05 2.6130641184366515e-06 0.0007186772084897348 3.7125625169236913e-07 8.230650932479424e-06 5.9906296109038316e-05 1.0028765731700103e-05 3.8819058812356044e-06 3.402402320209762e-05 1.5049239132575422e-07 5.671798457737237e-06 0.0018941328889723768 4.965677722490488e-06 0.0005987159009405861 0.000653950922793034 0.0003360212461882653 0.006653641286961573 1.6782928989989257e-05 4.5633881925652083e-07 6.789158084757945e-08 5.1015030609169264e-05 3.113216003844428e-07 7.095863826510896e-08 1.716993797289535e-05 1.060829820148976e-07 1.28429639289125e-05 8.583769768376142e-05 8.233743148321073e-05 1.2661837727895699e-05 4.1264776917888645e-06 0.0 0.00017699165877683326 0.0 0.0 0.0005709320606897153 8.681398499109286e-05 0.0 0.0 0.0 3.185315537173756e-07 1.401986532351285e-07 7.835642475353108e-06 0.0 3.371184800284808e-06 0.0 1.636182786113151e-05 0.0 0.0 4.5442479835999676e-06 1.556663518772513e-05 3.83286964440301e-06 4.453835507005191e-05 0.0 2.0382995538423901e-07 9.021871104417091e-05 1.3785205966858131e-06 9.978979026187011e-06 6.402383716932812e-05 0.0002482964805547248 0.0015739407734100784 3.4745621285043494e-07 1.1695616195366458e-07 1.3430628630418777e-06 4.532595112152164e-06 0.0 0.0 2.1868359597853224e-06 1.7870192404720946e-07 6.099535760845478e-06 1.2000528027745741e-05 3.139748109673817e-06 2.228496822677658e-06 3.0064327699637814e-07 0.0 8.910809200462365e-07 0.0
6.664385406802859e-05 0.00015234279957420147 0.0 1.590431219564234e-05 5.3954692438741484e-08 3.254519292611221e-05 0.0007000700516480562 0.0001351350456475939 2.9178540926212626e-06 0.00014563810373190484 1.6441802618381066e-05 9.447157923519628e-07 1.0287435458494284e-06 0.00020239746064947282 0.0 4.167264266279664e-06 0.002387603292389113 1.0556292261577183e-05 8.846070609719314e-05 1.4169268972019807e-05 0.0003948000407221485 7.795407768259943e-06 0.004106415942460968 6.668322225018929e-05 5.836034068275226e-07 0.004440864234926234 0.003771222667056413 0.00016638130805328818 6.717923371007407e-05 0.0003212100652156275 2.8985585120657134e-05 3.0731583299426373e-07 2.851685071169357e-06 0.0003025690071006051 7.982649908460601e-06 0.0008322388671785681 0.000510667377855647 0.0007695761426161123 0.0002816258534884684 1.696915483336828e-05 1.531438469732392e-06 2.737784815073113e-07 1.50202020618891e-06 0.0 9.709527114270856e-05 0.0004657243690727353 0.0 0.0 0.0 1.0900898263532673e-06 5.0601569669010104e-08 3.302791534060081e-06 0.0 5.594655766176393e-07 7.055960900077386e-08 3.6926386673009824e-06 1.3614290824073263e-07 0.0 7.162147764702739e-06 2.191175675952438e-05 6.990884892439609e-07 6.417553659960505e-06 0.0 7.342874101392987e-07 6.0345638067449495e-05 3.294822115990905e-05 8.134302444774537e-06 1.504890354194438e-06 6.271326583802253e-05 0.0013113011070702435 1.9984832042246108e-06 4.63975585069848e-07 2.0732087646868629e-07 6.287132332768597e-07 0.0 0.0 2.928469029567429e-06 1.8672005233970695e-06 1.1063471534839292e-05 0.00013190926146847379 7.398244389573203e-06 2.6024812313525926e-06 2.6283225102112235e-07 2.670767679201237e-07 0.0 0.0
2.774079050552973e-06 2.6811735635389025e-06 1.590431219564234e-05 0.0 1.7362359621331195e-06 3.6417248195895904e-05 0.00015020845542571497 3.12622399730624e-05 0.0004099517429246365 0.0015499353830424032 1.9637545842845223e-06 0.0018299196653361396 2.6637772080560337e-07 3.695284230975582e-05 5.6376514181874524e-05 1.645117178601617e-05 5.308755882423971e-06 3.0022206639173273e-07 8.885005777757864e-07 0.002168992978070172 9.120179341373802e-06 9.935390109003512e-06 5.3598640943472956e-05 0.0008257458513158334 1.8606393786174948e-06 8.577264719771285e-06 1.3325593281805303e-05 0.003553247683838869 8.071611608838317e-05 5.2240396418696856e-06 6.360095720570951e-08 1.5328731414265323e-07 5.17894774751174e-06 2.3471413512734446e-05 6.161699993495745e-06 0.00013445878209242398 1.9195798579034313e-06 9.579411844777627e-05 4.0571354695519776e-05 9.42332600487253e-05 5.0450951409451295e-06 2.1469947322721363e-07 2.438770296498591e-06 2.251468584176711e-07 1.8977136970418095e-07 1.88939299787035e-07 9.151881222614187e-05 0.0 8.982118464827821e-06 3.5197295716375346e-05 1.757018067832531e-05 0.00011352074643312845 5.560967584619829e-05 3.8702576678692663e-07 0.00010068006900896647 0.0 6.715604481934908e-06 2.193635152969394e-05 1.1130763232211387e-06 0.0 0.0 0.0 3.607797823284968e-05 1.3008811561833616e-07 1.0463543209552973e-06 4.910810872448233e-07 0.00038824867495178993 0.0 0.0 1.7316285150138175e-06 0.00011511417434220015 3.372435745241943e-06 1.6962942661961742e-06 1.3405286927535325e-07 6.708423660095584e-08 8.110022975833568e-07 1.6434030124511447e-06 2.12744870046343e-06 3.381409622255874e-05 1.7785068249318356e-07 5.355143019180436e-06 1.3178118600938808e-06 9.833678275854661e-05 1.6960247716099692e-07 1.134071109700441e-06 0.0
7.170935920398748e-08 4.466315036123105e-07 5.3954692438741484e-08 1.7362359621331195e-06 0.0 0.0001616089454175255 3.616317550838821e-07 4.399476729696236e-06 3.409871633431019e-05 1.369309821217655e-05 8.718663744942568e-05 4.842645496009069e-05 5.915486781156654e-06 9.167119545929851e-07 0.0005731936853571942 0.0 5.624472750185159e-07 3.1445811975647463e-06 3.2971610269849966e-06 8.067424716451872e-06 3.434948168394413e-07 5.04131517959931e-07 1.0080840325035575e-06 5.897427129660709e-06 3.409250868180808e-07 3.932889548412513e-06 1.2379018854058785e-06 1.0942644720302915e-06 6.2587104071897465e-06 1.3072905197052596e-07 5.650192492696019e-07 2.3259460476523782e-05 0.0 0.0004522732686005068 1.3876062563467741e-06 2.5287668725276207e-05 6.616453020891378e-06 0.0003300282880098308 7.227544668051074e-05 0.001421498371723936 7.381548032827842e-05 5.713144632649805e-06 6.0048532135778055e-06 0.0 0.0 0.0 2.2890844839457549e-07 0.0 0.0 0.0 0.0 1.0426677126072065e-06 3.361198865259888e-07 0.0 2.3712889660639742e-07 6.64691915269753e-08 8.689313903875092e-08 2.5344648217504553e-07 0.0 0.0 0.0 0.0 4.3900097901924713e-07 0.0 0.0 0.0 1.1093147549906464e-06 0.0 0.0 7.599871720467495e-08 7.766556838162363e-07 0.0 0.0 0.0 0.0 0.0 0.0 0.0 6.630058420042484e-07 0.0 0.0 0.0 5.952591270553072e-07 0.0 0.0 0.0
1.936303579898807e-05 1.5481558239433854e-07 3.254519292611221e-05 3.6417248195895904e-05 0.0001616089454175255 0.0 0.0008401081680372391 0.002590866852532907 2.4692525493549384e-05 0.003939407361537133 0.00010645262050750329 0.0019789846099391582 1.189033018528988e-05 0.0003371065403718746 0.0005610256509976454 8.203075351162604e-07 1.6185897191106305e-05 1.0429138084889536e-05 1.6359762169449085e-05 0.00026271087403975776 2.0600887384942833e-05 1.0585344863551008e-07 7.444951019831572e-05 1.8339280018909334e-05 2.019282699224969e-06 2.509773302228531e-05 9.251489727130317e-06 9.290871030641166e-05 0.00019392042876587942 2.3116076091351187e-05 3.2543467213486776e-06 0.00015582695780284942 4.461534270099614e-06 0.00036802215854409226 9.12336849184725e-06 0.00012954847101776434 1.6473725281374773e-05 0.0004554486774726769 9.455834146083436e-05 0.00045800328698756323 0.000431269617866114 3.610582778416431e-06 9.533928747689056e-06 0.0 0.0 0.0 2.6276311743744227e-06 0.0 1.4029326578504502e-06 4.861395121581494e-06 9.341170129899636e-07 6.377758939324167e-06 2.2996532054169924e-06 0.0 5.196496854142263e-06 1.1147781452382635e-07 1.0787946746854327e-06 1.758906009561846e-06 2.0991397518445609e-07 0.0 0.0 0.0 8.982895685944448e-08 0.0 0.0 7.106217032339964e-07 2.4626832661981117e-05 0.0 0.0 9.458539821625202e-07 9.815074522169897e-06 3.8001097445446516e-07 1.0525756389027525e-06 0.0 0.0 1.0207508347633576e-07 0.0 3.46241606147867e-07 2.566665399541119e-06 2.6758055095617953e-06 3.170009194560572e-07 1.4900617193644544e-07 4.772512694704479e-06 2.9011335112427183e-07 0.0 0.0
0.0020707901096867006 1.4797036814826234e-06 0.0007000700516480562 0.00015020845542571497 3.616317550838821e-07 0.0008401081680372391 0.0 0.0008487148085715577 0.00023126022979388447 0.009087753041175475 2.1644500031345822e-05 1.2831384416811175e-05 1.2093286134975935e-06 0.0032631583411145116 3.6990530368469387e-06 8.164179902075845e-05 0.000366009053382938 2.7190802606794143e-06 1.1712134317648643e-05 0.0003360057333852159 0.0015533558837818727 1.0382894170002959e-05 0.0028242681027760078 0.001523374981938539 1.1854623176873682e-06 0.00020932636193496076 0.0003441376885527167 0.009350412349640165 0.0006866400928332247 0.00360558439632572 1.0754231109582669e-06 5.950877914238987e-07 4.35985515007844e-05 0.00012662498076835012 2.6836951443943727e-05 0.00032781922962206423 1.6435918635126905e-05 0.00033153214100797813 0.00015314601873522114 2.4947666965018886e-05 1.1162957403509051e-05 6.383876726953042e-08 5.2486012574594025e-06 2.6205569186528e-06 3.8539061491992256e-07 4.271740162346973e-06 6.058487668787348e-05 0.0 1.738840260686033e-05 0.00014022464535145055 5.786918399193123e-05 0.0001262817084216554 5.1261457427815545e-05 1.406224899364953e-06 1.488387256073425e-05 1.5525708240144428e-07 3.431399863747655e-05 7.994622821854823e-06 6.20743629928253e-06 7.374825930674555e-08 0.0 0.0 4.0645912230154535e-05 2.4306673050076357e-06 3.211442990116649e-06 9.29197718407239e-06 0.0006754887492141624 0.0 5.786981382456541e-07 2.377999071591579e-05 0.00032942054670320487 1.7393421230789745e-05 1.850454496976691e-05 0.0 9.724103395906485e-07 1.919867328073853e-06 4.255046481280158e-06 5.240953470564439e-06 6.864942720713791e-05 8.553396740788764e-07 1.7821046866072012e-05 7.257517998759266e-06 9.304106214088997e-05 3.318780470452414e-06 3.8990408709410993e-07 4.787135373615041e-07
0.0004911940078685487 3.37689198955813e-07 0.0001351350456475939 3.12622399730624e-05 4.399476729696236e-06 0.002590866852532907 0.0008487148085715577 0.0 4.37414412116231e-06 0.0016833583609486844 0.0004009584934109156 0.00023496657361982726 3.334803264268625e-05 0.004445785874483288 2.8164305042500326e-05 5.376681822602619e-07 0.0002570153653167169 3.5490512450123874e-05 4.753043808292588e-05 0.0001947226321606899 5.460866218115788e-05 2.9554713580649846e-07 0.0001472611659507747 8.478561954622614e-05 3.100378448757063e-06 0.0001465376386305328 3.0137596598434036e-05 0.00012588997927997627 0.0010360853499947283 0.0006502822788775991 8.951070281604082e-06 2.865460093639386e-05 5.140239629847252e-06 0.0005507066192289126 1.0345350672738255e-05 0.00030071705569196324 3.6940048717215085e-05 0.0009290909599903639 0.00016517880061511783 0.0001956693335961815 5.688201992085233e-05 1.0862145013364578e-05 1.6534338024954545e-05 0.0 0.0 0.0 9.527018316388114e-07 6.83365559313337e-08 1.3381001404393237e-07 2.439530159629103e-06 1.1588882673783803e-06 3.880552397596282e-06 5.493650553982459e-07 1.2271366372594923e-07 8.230463260943268e-07 3.5399277548580634e-07 2.7207010947087117e-07 8.85674996867152e-08 4.919621213833837e-08 0.0 0.0 0.0 1.7545678352153456e-06 0.0 0.0 0.0 1.3613381563091839e-05 2.6364270935395424e-07 9.547463423158833e-08 6.038994680392034e-07 4.74796109551216e-06 5.5905315156346984e-08 1.6121020619813607e-07 0.0 0.0 0.0 0.0 6.359892348125284e-07 1.5417040027265642e-06 1.195213121806434e-07 0.0 2.8513106979870254e-07 8.850440986587737e-07 0.0 6.431099930617191e-08 0.0
1.110896080138497e-06 0.0005292853911064315 2.9178540926212626e-06 0.0004099517429246365 3.409871633431019e-05 2.4692525493549384e-05 0.00023126022979388447 4.37414412116231e-06 0.0 0.00011668998788365873 4.299522360674145e-06 0.00041664086444328407 2.0123266426467212e-05 3.5771593650808723e-06 0.0005792783322239018 3.2007641117601486e-05 5.644200834257142e-07 2.187621205328002e-07 5.49462944697533e-07 0.00020961639647708774 1.4836271569701075e-05 0.0016063646293725737 1.7549109688068836e-05 0.004697864524481895 6.698615014434769e-05 6.719719116213187e-06 0.0003255007207812303 0.00042675642524205373 1.2924824791624335e-05 6.465801893805369e-06 2.39065715571478e-06 0.0 3.2885623825716014e-06 8.103717873309695e-06 2.5840654084212153e-06 3.216003195330373e-05 4.909616529052431e-06 1.682128103625181e-05 9.21297724453808e-06 0.0003292241892890793 1.9663993568246507e-06 2.3230855559236658e-06 8.11121650591356e-07 4.201196254255713e-06 1.8741649249434844e-06 5.359886024734011e-07 3.5684203514919265e-05 7.149712900975503e-07 8.128159996714373e-06 6.203748131716692e-05 2.793854644881259e-05 0.00022849114259742767 2.8235146380618737e-05 1.2512466407604916e-06 7.228805118364923e-05 1.6796918678686597e-07 1.5193227737458081e-05 6.224734260949354e-05 5.103984964573721e-05 4.368557259136248e-07 1.3688777939476465e-07 1.589588132044877e-07 2.67464150458547e-05 1.29482309290059e-05 4.105516020745861e-06 6.5113141680550186e-06 0.0009185024174126023 0.0 4.460537231900513e-07 1.2028300287962594e-05 0.00024974342785926784 2.138864743915382e-05 4.88225911383048e-05 0.0 5.422649040491316e-07 2.3301348946063397e-06 4.7208924230606655e-06 7.900921029072896e-06 5.941620971572932e-05 5.808078490153911e-07 1.4673366835232419e-05 1.0162570074279768e-05 0.00010301153078265164 1.635986511696382e-06 2.2126063540391736e-07 9.340833451947983e-07
0.00011146959742891126 2.822188685815159e-07 0.00014563810373190484 0.0015499353830424032 1.369309821217655e-05 0.003939407361537133 0.009087753041175475 0.0016833583609486844 0.00011668998788365873 0.0 6.877223319743094e-05 0.0016886717425386901 3.5848834383893735e-06 0.001093818158433128 9.383389321048636e-05 4.042519992183237e-06 6.753754932433662e-05 1.4040192295074645e-05 2.846347410847614e-05 0.0030476214114012797 0.0001011751911319326 9.6064850122125e-07 0.0003813799774903492 0.0003007804983091934 1.3089200349022552e-06 7.439445274967023e-05 3.097114125721302e-05 0.004902183150663701 0.0008150127422701307 9.290056655779521e-05 2.8018276419749334e-06 4.184546061663753e-06 1.9071279049757335e-05 0.0001913948003333669 2.552500255572066e-05 0.0005044653852530613 2.4263831265673745e-05 0.0006403022850637917 0.0001494457907484287 0.00021969624667058464 2.3864876343622964e-05 1.2297577975453958e-06 7.84356801612158e-06 3.684455670760026e-07 0.0 3.25770103582179e-07 4.309322350828028e-05 2.687662901665825e-07 6.506915573477228e-06 3.354504384094427e-05 1.4539627875415284e-05 4.603499431794279e-05 1.9569686768534408e-05 8.907499135588528e-08 2.4295087283706914e-05 0.0 8.722359303678943e-06 1.1020869574218263e-05 3.40021427712404e-07 0.0 0.0 0.0 1.3798562930648475e-05 0.0 4.647809721393854e-07 1.187666668842429e-06 0.00025843269367747663 0.0 0.0 3.5779729070549356e-06 9.004990409425622e-05 1.5778763495667788e-06 2.802429295608362e-06 0.0 0.0 4.3433294204663867e-07 5.985667824266849e-07 1.4519746705300904e-06 1.8181685706076522e-05 0.0 2.388432006291217e-06 5.743792660145067e-07 4.6046257724198285e-05 1.5275588141350834e-06 0.0 0.0
1.4415922688380333e-05 9.79135046137738e-05 1.6441802618381066e-05 1.9637545842845223e-06 8.718663744942568e-05 0.00010645262050750329 2.1644500031345822e-05 0.0004009584934109156 4.299522360674145e-06 6.877223319743094e-05 0.0 2.6289026275029236e-05 0.0011304587470869285 0.0002942599721435218 4.4528952817425487e-07 7.748754572850379e-07 0.0003973356737916003 0.0007682658332116416 0.0016159390895571484 1.9177569422954856e-05 5.037203037459854e-06 1.2631529074907181e-05 6.502557834318715e-05 1.0321428336424132e-05 0.0007253205063342106 0.0006740696106733636 0.0008747640676143782 5.60427299948325e-06 0.00045822436057337836 2.9512443853013837e-05 0.00038320499144438996 0.00022231632557265522 6.675229597469551e-06 0.0035344276781088357 2.8853005183713313e-06 0.00036222535142372994 0.00265858853534349 0.0032026319714651376 0.0009861481674758958 2.1056157607256703e-05 1.75228167449301e-05 0.0005224282237927367 5.816089642197417e-06 0.0 2.905214273309558e-06 3.4607481986586316e-07 0.0 0.0 0.0 0.0 0.0 0.0 0.0 4.201748805795475e-05 6.342712073691297e-08 0.0002848807453227791 0.0 0.0 5.547573653233748e-08 8.392378825064708e-08 1.98697219767058e-06 7.703511684454879e-07 0.0 0.0 8.878688619023138e-08 1.3768296739704168e-07 4.1457466960542245e-07 0.00014933375627359803 1.4612513002229885e-05 2.9639304496631375e-05 0.0 1.2624812547664093e-07 0.0 1.1109427896919084e-05 0.0 0.0 6.123090708924828e-08 1.4343067589011521e-06 4.348636214800696e-06 5.528609649356506e-05 5.13665536446364e-07 0.0 0.0 0.0 1.97617067955336e-05 0.0
2.881332481006092e-06 2.6130641184366515e-06 9.447157923519628e-07 0.0018299196653361396 4.842645496009069e-05 0.0019789846099391582 1.2831384416811175e-05 0.00023496657361982726 0.00041664086444328407 0.0016886717425386901 2.6289026275029236e-05 0.0 1.6948278447404132e-06 0.0001506427924952307 0.0010836768695064306 9.393434891259374e-08 1.7506897149147289e-06 4.110358429149003e-06 9.233072414569715e-06 0.0027176305545815434 4.0837614624709767e-07 5.9127220684554e-06 1.8908399649858742e-06 9.21031950156794e-05 7.107274247210543e-06 7.472763654871999e-06 4.957550631625678e-06 0.00014865419024305207 0.00016910571409726896 2.0947843978325265e-06 9.105103345455816e-07 1.514704688281722e-06 1.8731545170502435e-07 5.066401799243836e-05 8.29831512066442e-05 0.00029789903113960946 5.612370363002761e-06 0.0001884340731371604 3.1208178979812176e-05 0.0009817302342444302 9.756829397457712e-06 4.391167047257131e-07 1.3138258080008841e-06 0.0 1.3719481698676575e-07 0.0 2.6380135086526022e-05 1.236009869268799e-07 4.177571717657741e-06 6.442886220652322e-06 4.944556545864241e-06 7.92440807398056e-05 1.705310222517459e-05 3.625360848489071e-06 7.453971634669247e-05 0.0 1.217242476442786e-06 3.4105116864439505e-05 0.0 0.0 0.0 0.0 1.5966681201207214e-05 1.0929737137419406e-07 2.4237839349418716e-07 1.2995056521271783e-07 0.00019345401124575337 6.567517783094997e-08 0.0 5.856773099551467e-07 3.7709553985025355e-05 6.355502878341995e-07 2.845832646308392e-07 0.0 0.0 2.0279329522234863e-07 0.0 5.1183275092485074e-05 3.092185517585217e-05 0.0 1.188968770059315e-06 3.942366334691663e-07 0.00018225894654351357 0.0 4.576198160154223e-06 0.0
6.549649974097035e-07 0.0007186772084897348 1.0287435458494284e-06 2.6637772080560337e-07 5.915486781156654e-06 1.189033018528988e-05 1.2093286134975935e-06 3.334803264268625e-05 2.0123266426467212e-05 3.5848834383893735e-06 0.0011304587470869285 1.6948278447404132e-06 0.0 1.3474528055921647e-05 2.2840949436678372e-07 3.615670025323774e-06 5.890543846580591e-06 2.8956451256690687e-06 5.189308212293158e-07 1.472920879874113e-06 2.4604422227568953e-06 6.885640677801846e-05 9.948595422014657e-06 2.4200163364313124e-05 0.001958328840760039 5.691672924737563e-05 0.0015839491641671866 3.4274780583846174e-06 1.8969608667009603e-05 1.5512875812861026e-06 0.00031780184884166594 1.2957574836008744e-05 0.0 0.00034894842927824497 3.835304459683895e-05 0.0006160958930616889 0.0017927833871650368 0.0019484192500245582 0.0004913338927254069 5.2288142958466006e-05 9.833981930574801e-05 0.0004867901699176584 3.935624372845019e-06 0.0 1.1466644351831423e-05 0.0 0.0 0.0 0.0 4.799971149845898e-08 6.26278009163428e-08 1.0868274818060768e-07 0.0 0.00012736094318283115 0.0 0.000960011006264866 0.0 0.0 2.3930578552244113e-06 0.0 9.38276547085241e-06 2.7609395117397723e-06 0.0 0.0 6.15346775003002e-07 0.0 1.0629913221736959e-06 0.0006139827706539366 5.753258805034936e-05 0.00010391092901377831 1.0565589987899356e-07 6.268586383656685e-08 0.0 4.470076284246412e-05 0.0 0.0 2.9036377410709264e-07 1.100361904147616e-05 0.0001425128968738762 0.00014607851084697633 3.2337532823012367e-06 6.614914001213563e-07 7.821525348331759e-06 1.481729816441497e-06 5.3860230561015635e-05 2.91200115019569e-06
0.003523213528568345 3.7125625169236913e-07 0.00020239746064947282 3.695284230975582e-05 9.167119545929851e-07 0.0003371065403718746 0.0032631583411145116 0.004445785874483288 3.5771593650808723e-06 0.001093818158433128 0.0002942599721435218 0.0001506427924952307 1.3474528055921647e-05 0.0 5.659945427963468e-06 8.44461222809824e-07 0.0004614856208444635 3.56432167821025e-05 5.8708615039117564e-05 0.00017356952763491318 0.00010544184749200391 2.471156536456934e-07 0.00025214091035257315 0.0001686751151403037 2.6193524283811264e-06 0.00019806259649832528 5.4220916482002274e-05 0.00026268765975792207 0.00345761697040612 0.001871617626298331 7.840699512144805e-06 9.213128316862727e-06 2.0701284898000777e-05 0.0005320923531893772 6.910582425458736e-06 0.0002474170650494569 2.3873166589118958e-05 0.0006090965977313339 8.616324160291169e-05 9.499265211715788e-05 1.2397915451017468e-05 9.246136438967006e-07 2.9044828588353144e-06 1.3808457578584816e-07 0.0 9.978076741454575e-08 5.924188542706801e-07 0.0 3.923113105273618e-07 4.2177015418054935e-06 1.0736919573805432e-06 1.8032952034080427e-06 1.0641821035072013e-06 1.5965739059650739e-07 1.0978926782141295e-06 5.3188922982711256e-08 0.0 2.1233883930717822e-07 0.0 0.0 0.0 5.777138782382851e-08 7.60010571186136e-08 0.0 0.0 0.0 8.501112238036153e-06 0.0 1.7584563720473433e-07 1.7272362486419368e-06 7.125529903467748e-06 2.2218278330913521e-07 7.299641625300428e-08 6.148564021094126e-08 0.0 0.0 2.674344877000926e-07 1.1955393614802918e-06 2.089442865779579e-06 1.2180113208414825e-07 1.103573349912575e-07 4.5835683410512795e-07 1.889615359283037e-06 0.0 0.0 0.0
0.0 8.230650932479424e-06 0.0 5.6376514181874524e-05 0.0005731936853571942 0.0005610256509976454 3.6990530368469387e-06 2.8164305042500326e-05 0.0005792783322239018 9.383389321048636e-05 4.4528952817425487e-07 0.0010836768695064306 2.2840949436678372e-07 5.659945427963468e-06 0.0 1.0417778755210406e-07 4.744328170356903e-08 9.149343593776471e-08 6.425504143863618e-08 0.00017930792382721912 0.0 1.7520560511185126e-05 0.0 0.0002192820546682431 3.138782260178906e-07 1.08327764099277e-07 3.7784138798359412e-06 1.3431444942885742e-05 9.77949429098678e-06 0.0 0.0 9.478838223620677e-05 0.0 1.9797428987294705e-06 0.0 4.50938809535778e-05 0.0 2.2688583504967233e-06 5.253947769440715e-07 0.0004398992871853732 4.4167968135531276e-05 0.0 0.0 0.0 0.0 0.0 3.890377661430272e-06 0.0 5.269750017234719e-07 1.4977286300541914e-06 8.219937780037786e-07 1.771636539682213e-05 1.2051710778975855e-06 0.0 8.32696613077671e-06 0.0 8.717793005120555e-08 5.712789939970396e-06 0.0 0.0 0.0 0.0 2.2026084236933567e-06 7.068948292293191e-08 4.817747101999277e-07 0.0 2.9531107202305947e-05 0.0 0.0 0.0 6.405848401406025e-06 1.4286467201984779e-07 4.192999126896194e-07 0.0 0.0 0.0 0.0 0.0 8.697995689171107e-06 0.0 1.2686525820618008e-07 7.47629642910112e-08 2.518278437504958e-05 0.0 0.0 0.0
5.841472932919313e-08 5.9906296109038316e-05 4.167264266279664e-06 1.645117178601617e-05 0.0 8.203075351162604e-07 8.164179902075845e-05 5.376681822602619e-07 3.2007641117601486e-05 4.042519992183237e-06 7.748754572850379e-07 9.393434891259374e-08 3.615670025323774e-06 8.44461222809824e-07 1.0417778755210406e-07 0.0 6.996357042142005e-06 1.283904167209395e-07 6.511974402173274e-07 4.5501456714430137e-07 0.0020156131223884573 0.00229318313850812 0.004037428720536933 0.0020728996446279977 4.838069411130325e-06 1.227326518231113e-06 0.0026480086040535054 0.0018851497276061672 6.793997248596401e-06 2.4055936088208733e-05 1.3097071114928307e-07 0.0 3.1127229648407193e-06 3.7453326784789775e-05 6.886147903729856e-05 0.0017885488053318531 0.00028703120130533106 0.00027933420671612345 0.0007420824121369061 8.925779611460758e-05 1.7380679451250416e-06 7.27020098469893e-07 9.692763775966763e-06 7.314149422265308e-06 8.609580423067442e-07 3.2883861105046533e-06 9.429779495778867e-07 0.0 1.307110524652565e-06 2.1789195572941296e-05 1.1208152258429579e-05 2.2537804922160088e-05 1.7010726096693612e-06 2.2164006245241348e-07 5.651558732780661e-07 0.0 1.0060223230241087e-05 7.402708440851319e-07 0.002555527718931802 6.804603865365315e-07 0.0 2.2864723049280362e-07 0.0 0.00018562802512550242 0.001337500784997168 0.0006999280881908453 0.0004166649338288366 0.0 4.4692305340963614e-07 0.0003228107473102343 0.00022510475076169506 2.7804526990724747e-05 0.0001294279542026813 6.984795331653597e-08 0.0 2.2077939165411454e-06 5.060781676080515e-06 4.3946038763161986e-06 6.476163108838003e-05 8.607594627702952e-07 1.1216618754246115e-05 9.513321856311104e-06 1.2315434585049697e-05 1.4071550412512477e-06 0.0 4.69713593358354e-07
0.00012830153337201462 1.0028765731700103e-05 0.002387603292389113 5.308755882423971e-06 5.624472750185159e-07 1.6185897191106305e-05 0.000366009053382938 0.0002570153653167169 5.644200834257142e-07 6.753754932433662e-05 0.0003973356737916003 1.7506897149147289e-06 5.890543846580591e-06 0.0004614856208444635 4.744328170356903e-08 6.996357042142005e-06 0.0 0.0002834037944369639 0.0028351955604458156 1.156950398931453e-05 0.0007511390516328417 2.8676501126041085e-06 0.0023171761808150463 1.5909144652887317e-05 1.1338216044162092e-06 0.0007465285220379158 0.003120334487784256 0.00016413032389653602 0.0004230659570449978 0.0009159325934423924 1.5934985766473217e-05 1.0022533844996379e-06 5.126620794892913e-05 0.0013220531412746423 7.931486968211881e-06 0.0005598478005113352 0.0009642324155742782 0.0014005784972196894 0.00031868147416936536 1.1204789058372493e-05 1.3514833825940161e-06 5.479454091700602e-06 1.986363476453229e-06 0.0 1.1794731961849223e-05 8.833826619035015e-06 0.0 0.0 0.0 9.15968536099279e-07 0.0 2.6345533356900356e-07 0.0 0.0 0.0 1.011654871652358e-06 0.0 0.0 7.070342672235049e-07 1.939578289020972e-06 1.193571802656967e-06 5.406298752668199e-06 0.0 3.0835103179726305e-07 5.859075348704381e-07 7.422880195222329e-07 1.7577864738235605e-06 1.0761810908494942e-06 2.105100784811322e-05 6.799477519278926e-05 5.699348169522261e-07 0.0 0.0 7.363756702481706e-07 0.0 0.0 0.0 1.2976541017136762e-06 2.838136182244653e-06 1.265238307076547e-05 1.8279753891349251e-07 2.893939798130319e-07 4.1397897448890084e-07 0.0 0.0 0.0
1.8432253128566376e-06 3.8819058812356044e-06 1.0556292261577183e-05 3.0022206639173273e-07 3.1445811975647463e-06 1.0429138084889536e-05 2.7190802606794143e-06 3.5490512450123874e-05 2.187621205328002e-07 1.4040192295074645e-05 0.0007682658332116416 4.110358429149003e-06 2.8956451256690687e-06 3.56432167821025e-05 9.149343593776471e-08 1.283904167209395e-07 0.0002834037944369639 0.0 0.001586577491400719 3.1246806340000806e-06 8.418697550749594e-07 6.735177401007499e-08 1.0851902923002615e-05 1.0964543270270672e-06 6.815361924147868e-06 0.0005331253825572608 7.50621038601537e-05 1.2062197986196093e-06 4.663037055812565e-05 6.4695615396530355e-06 7.349550289041686e-06 1.2466499241907611e-05 9.113348932519991e-07 0.00028858396229736974 2.606377035835504e-06 0.00021317121172996392 0.000520209678223906 0.0007062377538556994 0.0001540792478900484 4.8945368840865006e-06 5.511287242112949e-07 7.202452073362365e-06 4.468469366181125e-07 5.195652336578849e-08 4.1874869203027644e-06 2.328198146099634e-07 0.0 0.0 0.0 0.0 0.0 0.0 0.0 9.679651533249991e-06 6.378630622505541e-08 4.269054558308617e-05 0.0 0.0 0.0 2.6636630393926716e-07 4.057809968446698e-06 3.035731993647599e-06 0.0 0.0 3.9044144963489784e-07 0.0 2.286757791825677e-07 1.6868893348467106e-05 2.779958121727575e-05 5.7574670332611896e-05 1.2026257343027194e-07 0.0 0.0 1.1104997961412215e-05 0.0 0.0 0.0 2.010126729064507e-06 1.6565001022679876e-06 1.3899331080855165e-05 3.395175242012253e-07 0.0 0.0 0.0 3.418552852450466e-07 0.0
5.24544532680503e-06 3.402402320209762e-05 8.846070609719314e-05 8.885005777757864e-07 3.2971610269849966e-06 1.6359762169449085e-05 1.1712134317648643e-05 4.753043808292588e-05 5.49462944697533e-07 2.846347410847614e-05 0.0016159390895571484 9.233072414569715e-06 5.189308212293158e-07 5.8708615039117564e-05 6.425504143863618e-08 6.511974402173274e-07 0.0028351955604458156 0.001586577491400719 0.0 7.472922125326029e-06 8.221851181596496e-06 5.955313094980443e-07 6.965459798589792e-05 3.9218040278077405e-06 5.507287307110487e-06 0.0017666436711072295 0.0005206799006485125 4.827400286474566e-06 9.39465078447968e-05 2.117650796660321e-05 5.3267139520798625e-06 1.8627369553242255e-05 2.722998942387822e-06 0.002458065211092017 6.452751689252943e-06 0.0008935080819079056 0.0009840218603663822 0.0020247614123076784 0.0004484308142597787 1.3868604731482194e-05 3.0734833953102435e-07 7.421340288290909e-07 2.9028927872805292e-06 0.0 7.205252705047362e-05 8.283323830500868e-07 0.0 0.0 0.0 5.861514861210271e-08 0.0 1.2413794933368577e-07 0.0 7.847844974318106e-06 0.0 1.4236745022425574e-05 0.0 0.0 0.0 1.485883598610782e-06 1.1030995386514893e-05 3.578739352389453e-05 0.0 0.0 1.6798443450115222e-06 2.9846291648311173e-07 2.099520575012712e-07 2.7893138757407866e-05 0.00013376577108600878 0.00034000888848329593 5.480809123684464e-08 0.0 0.0 8.396054203565605e-06 0.0 0.0 6.016981265875725e-08 5.072511629860538e-06 3.122314846180385e-06 4.021556233919603e-05 7.112347954801733e-07 2.2021177985413869e-07 0.0 1.310389383425081e-07 0.0 0.0
1.8103103489022367e-05 1.5049239132575422e-07 1.4169268972019807e-05 0.002168992978070172 8.067424716451872e-06 0.00026271087403975776 0.0003360057333852159 0.0001947226321606899 0.00020961639647708774 0.0030476214114012797 1.9177569422954856e-05 0.0027176305545815434 1.472920879874113e-06 0.00017356952763491318 0.00017930792382721912 4.5501456714430137e-07 1.156950398931453e-05 3.1246806340000806e-06 7.472922125326029e-06 0.0 5.689025613086362e-06 2.909180031650813e-07 2.1804194877962478e-05 0.00018274551539812975 2.315392858338497e-07 1.3017711668058957e-05 4.369426611102245e-06 0.0010626221378462076 0.0003010342482929938 1.1654145330876369e-05 8.457064615084324e-07 1.3081063928946967e-06 4.25602247765094e-06 8.515737789647747e-05 1.6101377620753484e-05 0.00045224187233116367 1.2041638010527546e-05 0.0003139464335001677 9.734638034226091e-05 0.0003098011968009693 1.950432014184574e-05 2.3019109527122471e-07 5.4488363395602225e-06 0.0 0.0 8.804007090696041e-08 1.6121181604152872e-05 0.0 3.227578706091882e-06 8.379976063390965e-06 5.118524349941847e-06 3.2949193920413716e-05 9.427624861271078e-06 0.0 2.7856790382060516e-05 0.0 2.301547204826853e-06 9.043074645144125e-06 1.0646799789129542e-07 0.0 0.0 0.0 7.039483282662326e-06 0.0 0.0 4.102461332687516e-07 9.945661429152865e-05 0.0 0.0 2.0674096924732677e-07 2.9402221937279814e-05 6.059922122582443e-07 0.0 0.0 0.0 0.0 2.978762287304691e-07 4.4644347108571535e-07 1.2326115244002423e-05 0.0 4.639432786000784e-07 1.2343167806107606e-07 4.080033721219386e-05 0.0 0.0 0.0
4.472013416794754e-05 5.671798457737237e-06 0.0003948000407221485 9.120179341373802e-06 3.434948168394413e-07 2.0600887384942833e-05 0.0015533558837818727 5.460866218115788e-05 1.4836271569701075e-05 0.0001011751911319326 5.037203037459854e-06 4.0837614624709767e-07 2.4604422227568953e-06 0.00010544184749200391 0.0 0.0020156131223884573 0.0007511390516328417 8.418697550749594e-07 8.221851181596496e-06 5.689025613086362e-06 0.0 0.00021201285741528897 0.008282846279178753 0.00013605162492297753 6.419100869337103e-07 4.2472131631309154e-05 0.00020134823941637806 0.0029850376866696264 0.0001590804317884904 0.004808171067509296 1.0280254445286533e-07 6.171217606488914e-07 3.53773382110424e-05 0.0015856790312141246 0.00015441346881028408 0.0034200383560740186 0.00016595940887460033 0.0023675471960453837 0.0021925418210878957 0.00013516549432138046 6.535367274243478e-06 2.262722091465434e-06 1.8692986963904185e-05 6.69964867402672e-06 3.1366230589245823e-07 1.2297578975788908e-06 1.0817113034721164e-06 0.0 5.655727780931219e-07 1.622723761626752e-05 6.0146325968316145e-06 1.0430402703990582e-05 1.5400193255807143e-06 2.1585436428224037e-07 0.0 6.010756137956878e-08 5.8171201698711035e-06 2.1685635196472807e-07 0.0002831092432955288 5.555676235892156e-07 0.0 3.6645309556301164e-07 1.3418346256882252e-06 6.949829462707116e-05 7.20304056345764e-05 1.7487517881874175e-05 0.000220469322381759 0.0 0.0 6.50876244841213e-06 0.00013524871199928194 1.4148803719372952e-05 6.311464538933475e-05 0.0 3.2349746869322175e-07 1.203449918970849e-06 2.059930901295774e-06 4.794594475591047e-06 4.7318408490646165e-05 3.6850274709189657e-07 8.053430643677857e-06 4.157872656347305e-06 2.2298810426957995e-06 9.38766130584072e-07 0.0 2.1310111194014778e-07
0.0 0.0018941328889723768 7.795407768259943e-06 9.935390109003512e-06 5.04131517959931e-07 1.0585344863551008e-07 1.0382894170002959e-05 2.9554713580649846e-07 0.0016063646293725737 9.6064850122125e-07 1.2631529074907181e-05 5.9127220684554e-06 6.885640677801846e-05 2.471156536456934e-07 1.7520560511185126e-05 0.00229318313850812 2.8676501126041085e-06 6.735177401007499e-08 5.955313094980443e-07 2.909180031650813e-07 0.00021201285741528897 0.0 0.0001611238405313699 0.003776247844432381 0.00023587747717299592 1.7905766955741238e-05 0.003469985710609749 0.00012603763018506764 5.146832933220994e-06 6.961092446212363e-05 8.023011175322724e-06 5.96910653970599e-08 3.3364244305830994e-06 1.0429761876370455e-05 3.1965051274081258e-06 9.632603302087202e-05 1.5640309761489224e-05 1.843971165208782e-05 2.1138113580076357e-05 1.1690412191972716e-05 0.0 9.978829415221257e-06 2.851708961777656e-07 2.8503964396801066e-06 2.4044290741019505e-05 3.968445745461013e-06 8.177260707309475e-08 0.0 1.2934596276581278e-07 6.078172294394524e-06 1.746943086469328e-06 1.788351681848171e-05 3.9532845992919313e-07 1.0293648495408027e-07 7.439260201692182e-07 8.770822718271226e-07 2.2267077366581835e-06 5.820653874846655e-07 0.001070487640585279 2.030724800097719e-07 0.0 4.08653408651694e-07 0.0 4.578091720286559e-05 0.00017593787295009882 0.0002465587172289908 0.00013581087683624978 3.0428437880257343e-07 2.6722592656050443e-06 0.00043444087666170343 5.260860665045073e-05 6.760580724524186e-06 3.258145405485433e-05 3.8656134606150026e-07 0.0 6.565645547494334e-07 1.6907878658947674e-06 1.9329821412165316e-06 1.175030573821255e-05 1.1635237891156632e-06 2.5473583521024856e-06 3.641373514566254e-06 1.0800484988675256e-06 1.2692068111197893e-07 0.0 1.0662444157971929e-07
9.838703379779948e-05 4.965677722490488e-06 0.004106415942460968 5.3598640943472956e-05 1.0080840325035575e-06 7.444951019831572e-05 0.0028242681027760078 0.0001472611659507747 1.7549109688068836e-05 0.0003813799774903492 6.502557834318715e-05 1.8908399649858742e-06 9.948595422014657e-06 0.00025214091035257315 0.0 0.004037428720536933 0.0023171761808150463 1.0851902923002615e-05 6.965459798589792e-05 2.1804194877962478e-05 0.008282846279178753 0.0001611238405313699 0.0 0.0006450143123271111 8.094411487566234e-07 0.0004627052387684822 0.0041193280706838436 0.0021372506440627157 0.0001227524441591324 0.0022739992360211046 5.0562872972561235e-06 2.5758386798455877e-06 2.138648302310989e-05 0.0017594983271996157 0.00016771755087616555 0.0057385913582428585 0.0014738637322294626 0.004427379721100561 0.004917797526889353 0.00026823423414177477 1.9811081228217407e-05 7.2185707792940795e-06 3.7950591738311184e-05 7.302631539495787e-07 3.0057264899926067e-06 0.00011132312753231583 1.0872370276352886e-06 0.0 4.0376720297464527e-07 1.3319042640542761e-05 2.1524396206723655e-06 6.477108270971114e-06 1.3894698586218445e-06 0.0 4.779557357908559e-07 0.0 4.607184957605977e-06 1.0588499398085728e-07 0.0008696209598893869 0.0 0.0 4.91977291680443e-07 6.699558430765918e-07 3.21049894574912e-05 0.0003254524110702785 0.0004554261818271237 0.00011068078229097807 0.0 2.0801150032795595e-06 0.0006953565975330525 6.207029655729476e-05 4.671870678037074e-06 3.148206191803523e-05 0.0 0.0 2.7879965411622456e-07 7.34270661052723e-07 1.6807039498007014e-05 2.7803305903591382e-05 0.0 4.303993436043362e-06 2.086097245522011e-06 2.511413120440637e-06 1.2269037070905398e-06 0.0 0.0
2.3096340222063677e-05 0.0005987159009405861 6.668322225018929e-05 0.0008257458513158334 5.897427129660709e-06 1.8339280018909334e-05 0.001523374981938539 8.478561954622614e-05 0.004697864524481895 0.0003007804983091934 1.0321428336424132e-05 9.21031950156794e-05 2.4200163364313124e-05 0.0001686751151403037 0.0002192820546682431 0.0020728996446279977 1.5909144652887317e-05 1.0964543270270672e-06 3.9218040278077405e-06 0.00018274551539812975 0.00013605162492297753 0.003776247844432381 0.0006450143123271111 0.0 7.60567524982571e-05 1.8080117153077942e-05 0.0013137324039338802 0.005297041992566318 0.0008331449674538274 0.00019662229355338226 3.038211162910539e-06 3.528556686465696e-07 0.00026871219745401565 0.00039195792011444244 0.00016040884487659223 0.0013750945242502653 5.362836826267548e-05 0.0007054502359434374 0.0005786457549533009 0.00021463223326020656 1.9049230397354915e-05 4.531400203349648e-06 1.7151972139770348e-05 1.6706529351582396e-05 5.330928084891921e-06 4.307991087672557e-06 0.00011774724316341959 2.886398664338705e-07 2.9433748271913565e-05 0.0002209969843395919 9.58828961613299e-05 0.0007105071048832787 9.492288348170474e-05 2.358088937430962e-06 5.0599668867322546e-05 6.815397392545953e-07 5.538259809775732e-05 4.4276647282506045e-05 9.281524581482749e-05 9.121759009445051e-07 4.793699789054989e-07 8.904870951211525e-07 5.14339890031559e-05 2.8379411725992096e-05 7.148373317207846e-05 3.080642422460465e-05 0.002105627929826495 1.6444814257242077e-07 1.4193809611020444e-06 4.3160538078528586e-05 0.0008582966079266459 6.406652493694186e-05 8.899981574472668e-05 7.208768588403293e-08 2.5878368060299624e-06 4.376925726476458e-06 1.2367459426943641e-05 2.0091636961648863e-05 0.00020934895012454522 2.1909343190488087e-06 4.029734020890084e-05 3.064663555526776e-05 0.00018085990609763877 7.165319765955627e-06 0.0 1.483385683940638e-06
