0.0 5.31276669850515e-08 2.131202097908751e-05 4.159568603225736e-05 1.11452550926953e-06 1.5726460447873113e-05 0.0008426735669227255 0.0002146424659069872 1.8428293227506838e-06 0.0001296977320305738 2.859655448940498e-06 2.2395852821811984e-06 2.575699144068425e-07 0.0036195513765021332 2.0335172932856189e-07 9.676435108251227e-07 0.00011726870225689528 4.061440473509968e-06 1.57355369022841e-05 1.595667968355772e-05 2.8274941487754136e-05 2.434255330827884e-07 6.274749464811121e-05 8.434292689324252e-05 4.77141770369093e-07 5.298153402381852e-05 2.2165100531815046e-05 0.00022143465866795048 0.0014693556651006383 0.001068881102444778 0.0 1.193989221156033e-06 5.2469747190345514e-05 4.447989024037161e-05 9.468109251792143e-07 1.9667655021174528e-05 5.4060679463829285e-06 2.4374838812602237e-05 4.4386745506496384e-06 1.924633631456386e-06 9.183992806765285e-07 0.0 6.969479817350846e-08 3.7689922930164384e-07 1.2539272159715252e-07 1.7105182305444374e-07 4.897192896592049e-07 0.0 9.484701530925831e-08 4.2575934793330375e-06 5.111960090916168e-07 2.2244758873696942e-06 5.826494347997786e-07 1.3914128274086005e-07 0.0 5.763970641718631e-08 1.970925908766184e-06 0.0 3.880592674718771e-07 1.6687658527751785e-07 8.046938795223651e-08 5.835324045233253e-08 6.358696034379934e-08 2.0286527190026215e-07 1.0670392046060248e-07 1.447779989513769e-07 1.017313117771863e-05 6.188205947011753e-08 4.4959093466692483e-07 8.219372135915592e-07 1.5767623395425437e-05 1.6593903947925838e-06 1.5847807430033904e-06 0.0 7.061648990437385e-08 2.3402803670468309e-07 4.667055452993201e-07 3.0887910413191165e-07 4.350824247395393e-06 2.764253397219825e-07 2.0498392767140653e-06 8.272919741132758e-07 2.787587305984874e-07 2.2796739846193324e-07 0.0 1.4950841553656312e-07
5.31276669850515e-08 0.0 4.026640568738528e-06 0.0 3.885287929217777e-07 7.395978735754607e-07 3.713660455324863e-07 1.0709201478419079e-06 0.00017126467072273242 1.134216207988075e-06 9.966514565899324e-05 1.2915959999243942e-06 0.0008252386715300274 2.0145260280029578e-06 3.1533931653324264e-06 1.5215345634787437e-05 1.10982539042805e-05 1.4741570135781187e-05 3.8302273959309564e-05 0.0 6.035860429971196e-07 0.0008968851257956089 1.284589167758685e-06 0.000366834025455163 0.0006088868087047348 0.00041840565679869893 0.0012748648840650142 3.137802661253216e-06 4.183146090405095e-06 3.665938834906798e-07 3.4978267334644306e-05 8.344641786899556e-07 0.0 4.853601930823197e-05 1.452228069581382e-07 3.462433495477861e-05 5.485682693304993e-05 0.0001067449709742548 3.9564554541822065e-05 7.062320053785465e-06 1.6121982753888214e-07 3.232607879776759e-05 1.8644280597219364e-07 1.3783415917626214e-07 2.2124788789555063e-05 1.784881356304618e-05 0.0 0.0 0.0 6.107408586008728e-07 5.461894609801145e-08 0.0 1.621078738755494e-07 4.875122491595103e-06 0.0 1.0991241482709848e-05 4.259107200851163e-07 0.0 7.503132063971239e-07 3.080905163621999e-06 7.816223386009705e-07 9.916665762788313e-06 0.0 1.1002288295518566e-07 1.6988887464016128e-06 1.3209506095843558e-06 5.651901675047888e-07 8.554643581376256e-06 7.895117110147167e-05 0.00023306467307344702 3.4902497393619134e-07 1.6061114394380498e-07 4.869532441811265e-07 2.810346010971318e-06 0.0 5.9381233084158585e-08 3.704140636744898e-06 0.0 6.876072785174609e-06 7.657874974303031e-06 1.1009563151663093e-05 3.4431913769578617e-06 1.4204110508797618e-07 0.0 4.300306449664426e-07 0.0
2.131202097908751e-05 4.026640568738528e-06 0.0 5.8231001632105094e-05 7.8199430234236e-07 0.00018862830250802914 0.001091787070274996 0.0007429198450312943 8.08895661727074e-06 0.0003037766838547418 1.1136787530507327e-05 2.8750467961292483e-06 3.0343664404228087e-06 0.0003082076941004975 1.0562382250491112e-06 1.0509639492114174e-05 0.0016474543057524008 9.42066755376839e-06 4.874377498454072e-05 2.8601126918345836e-06 0.0005454346575176911 8.819336225734847e-06 0.006722393404713592 0.0002756612321390845 9.014740446024614e-07 0.0061947979200918084 0.001744120151780416 0.0008988339351230612 7.097358910067202e-05 0.0002797662111600976 3.1238270433719893e-06 8.240697123230212e-07 6.383183543040778e-06 0.00035126065480283803 8.725375653969855e-06 0.0006959038044831124 0.002237350454059717 0.0007375863350763271 0.00026003953000383297 3.217212268630374e-05 2.9768542387903474e-06 4.520336353228516e-06 6.543641762707151e-06 3.316710753395572e-06 0.00013539173839967913 0.0008158894535605642 2.313110254147829e-07 0.0 1.464286605354433e-06 2.6262348636014454e-05 5.881707675086785e-06 1.2671667117040402e-06 5.328670336559222e-06 4.2827146771373446e-07 1.412819543889442e-07 1.6632271453330364e-07 9.192885989812973e-06 0.0 1.1149195415415765e-05 2.5703190839322797e-05 4.4679706219598737e-07 5.118304178358817e-06 0.0 6.598639878489248e-06 4.550529388891811e-06 5.9219298331731663e-05 2.0195027417887373e-05 3.154973651101775e-07 0.00010022355895861476 0.0011643999349576395 3.478296758727739e-05 5.25904264703861e-06 1.4491585909963325e-05 6.363066624071145e-08 0.0 6.986204426204233e-07 1.2764638494346643e-05 2.1518234537297872e-06 4.511485535891614e-05 1.5398013083128924e-05 5.287101628864428e-05 1.346403316517395e-05 1.8125727350440748e-06 9.702628743060938e-07 0.0 7.784413983883543e-07
4.159568603225736e-05 0.0 5.8231001632105094e-05 0.0 4.695872656958156e-06 0.00013856624338756 8.829537360566924e-05 8.708781273654807e-05 0.0010669426578691133 0.001258253890657713 4.64779621009348e-06 0.0031632753219614906 7.867757599177801e-07 7.526816725970805e-05 7.692021000707557e-05 3.426176954096733e-07 3.961905909689135e-06 3.4118096124281343e-06 2.626176875300927e-06 0.0029410565428241585 7.363547655493327e-06 5.889950687384029e-07 1.2667062688547959e-05 0.0012471033527844454 4.936517242567401e-07 2.315845456800322e-05 3.510444993154358e-06 0.0010255246125341533 0.00016627797046735255 9.093810599522527e-06 2.426539971697504e-07 2.663839105687347e-06 1.237500988117491e-06 3.101025765371445e-05 1.7915269746973088e-06 9.648720818852795e-05 7.860903913163675e-06 0.00012764826519777648 3.773705756760432e-05 0.00021438168203948045 1.0100120029867073e-05 6.463031196561468e-08 1.9004442951669577e-06 1.194540548626355e-06 4.0875302612806365e-08 1.2007582307203904e-06 0.0001053014923563191 0.0 7.246210161181275e-06 0.00015328677543586632 2.074379939136946e-06 0.0002243303121652784 0.00012118572529682454 3.415965610073142e-07 3.2416386867264016e-05 3.346802664117664e-06 4.206842071298102e-06 1.7559154774490288e-06 0.0 4.019407212995582e-07 1.7146427055017115e-07 4.655358214444341e-08 4.8466493352978594e-05 0.0 1.7813888425216436e-07 5.242256814164755e-07 0.00020951339935848594 0.0 3.2971126589883805e-07 1.7125026796067642e-06 0.00021260884887961328 5.887361525280531e-06 9.558066968752158e-07 1.4204032356110305e-07 0.0 9.241106889998542e-08 1.1994317511194647e-06 4.5258966321369784e-07 7.809815968397895e-06 3.9069019490132646e-07 1.3100839830947231e-05 6.320472757110592e-06 4.487138353361235e-06 2.208724362262188e-06 3.9499233144849574e-07 2.7105330282019407e-07
1.11452550926953e-06 3.885287929217777e-07 7.8199430234236e-07 4.695872656958156e-06 0.0 0.00027915905047610237 3.333024351967906e-06 0.00026680114749626086 6.108123983786775e-05 1.3301682849078458e-05 5.421666325007699e-05 3.2244532889663194e-05 8.605157941713603e-06 2.5057008247005947e-05 0.0004970530736618205 8.479273169472523e-08 1.29512265649706e-06 1.2678269032185423e-05 4.997907632222363e-06 3.585618331135443e-06 3.6754143515100325e-07 3.37557395006727e-07 1.0104745811263237e-06 1.792309347341446e-05 1.5058347264392294e-06 1.3707468914402517e-05 3.830755672994699e-06 7.211419704274958e-06 0.00010106768345189787 1.8512857945424775e-06 8.413820260734306e-07 2.3620072777368276e-05 5.883996777232778e-07 0.0006815057028738276 3.623660880315375e-07 2.4102074197738757e-05 8.568915517158356e-06 0.0002194253383970724 4.904329134374793e-05 0.0006971708922705367 0.00026732741176072186 3.6362577556418142e-06 8.159390974986578e-07 0.0 2.6411295342357187e-07 0.0 7.970408570947792e-07 0.0 0.0 1.0605097628322655e-06 4.99788356053236e-08 3.449684782395039e-06 1.2787333690339982e-06 6.882401795109411e-07 1.960717667669204e-07 1.3097201677644518e-06 5.472625371155442e-08 0.0 0.0 0.0 3.700047548701621e-07 1.3493790006183861e-07 1.573881734808775e-07 0.0 0.0 0.0 6.983230186603336e-07 5.672379997211462e-07 1.0543055157150282e-06 1.0144881123831622e-06 8.412156005881134e-07 4.6494407976241993e-08 5.5421362257200793e-08 3.2073284012555423e-07 0.0 8.409782184235168e-08 0.0 0.0 1.0901485071839195e-06 1.740878397054169e-07 2.9940276626314987e-07 3.480244837648786e-07 0.0 0.0 2.7326573916686757e-07 0.0
1.5726460447873113e-05 7.395978735754607e-07 0.00018862830250802914 0.00013856624338756 0.00027915905047610237 0.0 0.000974150446621804 0.004200907046809969 0.00023597048804609863 0.005897568769470441 7.223502215371773e-05 0.002759079480615758 1.1785227344634546e-05 0.00047214462082456057 0.0011229218061380268 2.0295176639347687e-07 3.96984248861099e-05 4.1326012654216925e-05 2.3486546377758804e-05 0.0003956997371042394 3.2268487671855606e-05 6.817745977550672e-07 6.291158589479382e-05 4.7772057778135753e-05 5.34167294686032e-06 0.00012610106202195598 2.8269213793205544e-05 0.0004927277170637549 0.00029729659725483165 6.879828605626953e-05 1.0564933107843166e-06 8.512138661777375e-05 1.0956644576232143e-06 0.0003009644650868199 2.800327452407238e-06 0.00016297302566063961 3.0981300503454335e-05 0.00042209860910335156 9.009901423365345e-05 0.0012290455775895175 0.0002240186768211814 3.8186301080460605e-06 3.782703354116455e-06 8.657123849132456e-08 3.165765643099648e-07 8.77298053877858e-07 1.570538531734907e-05 0.0 2.5466745539999597e-06 2.2930195130168895e-05 7.122373959633214e-07 3.4527738008076936e-05 1.4311047171934896e-05 6.355205026691963e-07 6.284998964235045e-06 2.5791873534927995e-06 5.941489536728493e-07 1.244333099353743e-06 0.0 0.0 1.136076533362869e-06 1.4262219018745812e-07 8.142905334532418e-06 0.0 0.0 8.361294402557094e-08 1.4766402145461563e-05 1.3363844870681535e-06 3.797780163231216e-06 4.70876653898881e-06 1.7514531888254766e-05 6.54719144120703e-07 1.4644894645628765e-07 7.050096334360049e-07 0.0 0.0 7.849794998772536e-08 2.3165903005902448e-07 1.5423019095131422e-06 9.20913949360494e-07 8.393243320476324e-07 1.099093870396606e-06 2.2522170679156735e-06 9.327485743728455e-07 1.369229120884382e-07 0.0
0.0008426735669227255 3.713660455324863e-07 0.001091787070274996 8.829537360566924e-05 3.333024351967906e-06 0.000974150446621804 0.0 0.00232384410284125 4.263645529059069e-05 0.0045581462099084456 1.0784031113465281e-05 2.0593442383357103e-05 2.5373817822228512e-06 0.004188713928529579 4.563386184823094e-06 1.5735358892980977e-06 0.00023964264373521081 1.057865604417779e-05 1.3470018276792146e-05 1.8241463184903677e-05 0.0003733249844681732 6.609517646372999e-07 0.0007386081803535434 0.0008158362292061209 1.1564736462742843e-06 0.00027012783668873717 7.147242110626449e-05 0.008233588477131194 0.0006726550492336909 0.004228250879370042 4.008619426671984e-07 5.744907605114269e-06 1.295798812022567e-05 9.389701961570942e-05 7.3491389525084336e-06 0.000379745719817814 3.756927883207932e-05 0.0003678621164434707 0.00012232438640909937 0.00012230482811957788 3.272555654374966e-05 9.993179406110559e-07 6.789176418257856e-06 6.28875511153782e-06 3.701557750037263e-07 5.405076804730106e-06 1.6908120711711783e-05 0.0 2.8534961065029185e-06 0.00014193271728839014 1.0030775365667382e-05 3.2817936434363586e-05 2.846675336016369e-05 4.927010067502699e-07 3.1938194211486516e-06 2.280951916830598e-06 2.8273529821724042e-05 2.9284143090754797e-07 1.3067343708381851e-06 6.654872564987373e-07 1.1504132199710252e-07 3.0300209158879633e-07 5.718900205509178e-06 4.476031409345055e-07 4.6319135010641485e-07 1.684750087443816e-06 0.00014783702476351844 1.4762401847176695e-07 3.5909775589442432e-06 8.16064846166007e-06 0.0003405327586717655 2.09680310582624e-05 1.6306395000712568e-05 4.519495893930693e-07 2.2053124643007955e-07 1.7194206991910752e-06 4.088802027377336e-06 4.036072193997795e-06 9.140278578313085e-05 8.756742198594883e-07 4.199154731230745e-05 2.352864338238667e-05 1.7670803455215694e-05 1.4565143507365352e-05 1.2282274995225099e-07 2.5549903310852677e-06
0.0002146424659069872 1.0709201478419079e-06 0.0007429198450312943 8.708781273654807e-05 0.00026680114749626086 0.004200907046809969 0.00232384410284125 0.0 1.8047964572185578e-05 0.0023962787712636475 9.473350144179605e-05 0.000266174327397803 2.0651349368653337e-05 0.0041120933750929305 0.0005696566876791031 1.420594494443896e-06 0.0006288330675486093 4.545639716668061e-05 6.069180624214326e-05 8.467465768750103e-05 0.00010664833193438331 4.020405183073884e-07 0.00039157666318621697 0.00016659166381344993 3.512080391121206e-06 0.0006969635241057181 0.0002139910036370249 0.0005024123137134383 0.0015165146632895488 0.0009529237294267552 2.6475823797528043e-06 0.0002704694017469261 6.212196523797267e-06 0.00041578721292980257 5.9372288774020265e-06 0.0001840622308842772 5.4962832171797536e-05 0.0003849110643536548 0.00012988117772734937 0.0006855046445008985 0.00026420347086610453 9.37440458371633e-06 7.522336139683756e-06 1.4429848982682789e-06 9.545812792959579e-07 1.5744460237035937e-06 1.7056091589029918e-06 0.0 1.518217549502856e-07 1.9556095808718324e-05 1.1990064481689856e-06 6.258929747841224e-06 3.5991649702406433e-06 9.702418227538383e-07 6.632888214046885e-07 3.346992048610656e-06 3.7659295388740525e-06 0.0 5.800337868830095e-07 1.5725403565239423e-07 7.452823258447734e-07 3.591000607363891e-07 5.412498899212908e-07 4.6659481022682074e-07 0.0 3.573729956281238e-07 2.612213667801521e-05 1.201681551736093e-06 4.6606282157274246e-06 6.147280100141891e-06 5.0518093826993666e-05 3.852543443434161e-06 4.639170004573379e-06 4.01757824141924e-07 0.0 1.693549262081022e-07 4.672635919138179e-07 2.366315146584918e-07 8.167182231635624e-06 1.8238562445255953e-06 3.5633870640648193e-06 2.660588503613279e-06 6.040853326992889e-07 1.1095785170169657e-06 1.1449041443189704e-06 5.995014159757102e-07
1.8428293227506838e-06 0.00017126467072273242 8.08895661727074e-06 0.0010669426578691133 6.108123983786775e-05 0.00023597048804609863 4.263645529059069e-05 1.8047964572185578e-05 0.0 0.00029968470466563556 7.337052102944007e-06 0.0005487894600597714 9.271751320681751e-05 1.0329537134186183e-05 0.0006483523276379713 9.599396500744412e-06 2.220105262244849e-05 1.68063655717432e-06 8.919368787751573e-06 0.0003584242032474796 1.0918447072791847e-05 0.0011152929760006368 2.8249290408106755e-06 0.003660330585173504 6.224064404433844e-05 8.221984224904691e-05 0.0003552070896926476 0.000586808283752859 3.7247078244747417e-05 3.5397987461151584e-05 6.997763804737294e-06 6.001451258832317e-07 5.0551972708968266e-06 2.25927861855294e-05 1.1949352958630283e-06 6.902086746293884e-05 1.8101348745562737e-05 4.8522696371259567e-05 1.3387644006498683e-05 0.0005716878354590754 4.223929083434902e-06 1.4673650397075995e-06 1.9604902301029115e-07 1.3343483466262801e-05 3.033932408214543e-06 4.753901894913604e-06 0.0001353510604259787 0.0 1.1024832166715323e-05 0.00016696276774944 8.791815316551119e-06 2.8276477257602435e-05 0.00010480988305651015 8.095027965080896e-07 5.4738357145384024e-05 1.3635147917699452e-06 2.8834554679492437e-05 4.334086458554908e-06 4.865495777027825e-05 1.7275465420653363e-07 3.8823069671611486e-07 5.404317836166574e-07 6.519716242073029e-05 1.4936968882071292e-05 4.511619017038832e-06 1.3707656921288817e-06 0.0006657076044704922 6.819268464753686e-07 4.346244658873607e-06 9.58474240825603e-06 0.000427540903250984 4.045681348053621e-05 5.676095460742007e-05 3.1813686946590374e-07 1.8250234085488163e-07 3.870114164408987e-06 5.653459367387288e-06 4.532400644483371e-06 7.277538098047616e-05 2.097557208060365e-06 2.763825209243025e-05 1.665134253038916e-05 1.2644476641392492e-05 5.191175419653869e-06 0.0 1.3822221574812863e-06
0.0001296977320305738 1.134216207988075e-06 0.0003037766838547418 0.001258253890657713 1.3301682849078458e-05 0.005897568769470441 0.0045581462099084456 0.0023962787712636475 0.00029968470466563556 0.0 4.533616029045817e-05 0.0021034459547493046 6.619179947898907e-06 0.0011530819217302937 3.472066963298326e-05 3.839335175661025e-07 4.0567129465872796e-05 4.186336053610386e-05 2.9156698420678984e-05 0.0016745539073364706 7.196617036904887e-05 4.426374417103052e-07 0.00011693768882151745 0.0003730050945710114 5.115926180842567e-06 0.00013492025932135445 3.4401537975842976e-05 0.0047413803038026114 0.0006472909057339313 0.00014325579351198408 1.2038778310081313e-06 1.952022233770138e-05 1.6642108459227955e-06 0.0002054326656655266 7.2885084454060615e-06 0.0006154482081455402 5.298782596090018e-05 0.0007959559417279645 0.0001603379518337419 0.0002981604730648393 8.805991897113499e-05 3.030439940131021e-06 1.5170346880487715e-05 1.7778293717549711e-06 6.325339606431566e-07 2.192026123317658e-06 0.00012010434687889421 0.0 1.2901861903517793e-05 0.00028026721140934126 2.5924729162606187e-06 0.00016352449431908975 0.00015678963146861582 1.200500787158347e-06 6.30548407773468e-05 4.7907945134001755e-06 5.732298029976146e-06 3.1347028839309936e-06 1.535594236562106e-07 2.075092072384519e-07 1.1949775281181672e-06 4.2042509355080906e-07 6.364714456925318e-05 0.0 6.668566604697013e-07 3.421260785793893e-07 0.0002560590920156378 7.467221765156175e-07 4.8531733623487795e-06 6.717075365073142e-06 0.0002905558149012582 8.739582964764965e-06 1.2412964170803056e-07 2.893676399916715e-07 0.0 3.120650547265575e-07 1.5499323206462812e-06 1.7470607845998412e-06 1.502132334276793e-05 6.587097527969668e-07 1.0804972198884367e-05 8.219732615185812e-06 6.862414821540203e-06 2.9174847782826037e-06 1.0594669377476232e-07 1.9786612696860283e-06
2.859655448940498e-06 9.966514565899324e-05 1.1136787530507327e-05 4.64779621009348e-06 5.421666325007699e-05 7.223502215371773e-05 1.0784031113465281e-05 9.473350144179605e-05 7.337052102944007e-06 4.533616029045817e-05 0.0 4.081209012305075e-05 0.0012573440322239263 0.0001566592785317288 3.99809795556506e-06 2.954268433378361e-06 0.00046539799997513486 0.0015232941369688877 0.0009730523087972053 1.2456539483184719e-05 1.7188731333155634e-05 2.8036439636891454e-05 3.7166168737949655e-05 1.3656627872520658e-05 0.0007835939944657705 0.0015048391873267583 0.00036983716968837726 1.5639242211100603e-05 0.0003446151676006929 8.443896991290356e-06 0.00018353382797152797 0.00012325160273024994 4.0903400424596185e-06 0.0028392181408336734 1.6982353303277136e-06 0.00019996633279441704 0.0021368332268379437 0.0011639285306475934 0.00039228985190238965 5.6408322416723744e-05 1.1407502322910167e-05 0.0010386248325513709 4.9671018099479065e-06 0.0 2.307230972196383e-05 1.8896317483500112e-06 9.936847942563408e-08 0.0 0.0 9.409446155803955e-07 2.431647614084255e-07 2.8873450387781883e-07 2.8998462896555267e-07 0.0002210465350934008 0.0 0.0005764109410921725 4.920881737773453e-07 0.0 1.0383136677824863e-06 7.292521334221317e-07 5.184505917667475e-05 7.094260096738509e-06 0.0 3.5558243477297315e-07 8.151424633137077e-08 1.6148664611184796e-07 1.460252628559821e-06 0.0002708437641135052 0.00014560013604708935 0.0001882673147188041 1.5940622025101667e-06 5.483051767531321e-07 1.6833511973911644e-07 5.766691475535946e-05 1.154124744076281e-07 5.01105328181057e-08 2.407667717062156e-06 3.100462045732852e-06 1.0116699735028149e-05 0.0003578330353055367 1.3179088202314962e-05 6.227986833831629e-06 0.0 3.0817766389397127e-07 5.5233030262344406e-05 7.1640687494689e-08
2.2395852821811984e-06 1.2915959999243942e-06 2.8750467961292483e-06 0.0031632753219614906 3.2244532889663194e-05 0.002759079480615758 2.0593442383357103e-05 0.000266174327397803 0.0005487894600597714 0.0021034459547493046 4.081209012305075e-05 0.0 5.463120590344677e-06 0.00021258136085416623 0.0006319171169173692 0.0 1.7730732906220452e-06 2.8305737984690987e-05 1.6229233865687507e-05 0.0031634218805568293 8.233844523405979e-07 2.4498945611206998e-06 1.1083203680325646e-06 0.0002741688306144495 2.6446138227795096e-06 2.9083257929780405e-05 1.0439993088998818e-05 0.0008864755525804479 0.00010112819052080451 2.437067158547576e-06 1.264691910825267e-06 9.305001646091273e-06 2.0561835595384348e-07 9.253334971403607e-05 7.5930935693496536e-06 0.00012707086532534514 1.8552157302409516e-05 0.0002993015702990359 4.238369072993688e-05 0.0011289197169642197 3.701615590311293e-05 1.7612880143955541e-06 3.940828831971017e-06 3.54030905236584e-07 3.157797181855236e-07 0.0 5.4638142795580435e-05 0.0 3.988365720630229e-06 5.343150917829023e-05 9.668665274048549e-07 0.00011712871438516912 7.763668494109154e-05 5.673875362782734e-07 1.8463644926677786e-05 3.4761908557531553e-06 4.380532931779081e-07 3.3726213349175646e-07 0.0 4.992149603834125e-08 1.0044398922250045e-06 2.0900675512416944e-07 2.5748731960026242e-05 0.0 1.1840302010311551e-07 0.0 5.5343062649461135e-05 6.060424382557204e-07 2.955584557748218e-06 2.472055510642071e-06 5.024613415169394e-05 1.044258630113353e-06 3.4767276024488065e-08 4.932819461413516e-07 0.0 0.0 1.6658877144872362e-07 1.4330705543257956e-06 2.164621363598115e-06 2.8014156424776205e-06 1.8035791820896202e-06 1.3319063182159264e-06 4.107025561723133e-06 3.83532008135044e-07 4.97921599639512e-08 0.0
2.575699144068425e-07 0.0008252386715300274 3.0343664404228087e-06 7.867757599177801e-07 8.605157941713603e-06 1.1785227344634546e-05 2.5373817822228512e-06 2.0651349368653337e-05 9.271751320681751e-05 6.619179947898907e-06 0.0012573440322239263 5.463120590344677e-06 0.0 1.6367126887745846e-05 6.676190833157816e-06 1.7287682705728293e-06 1.572076407731899e-06 2.072157114112503e-05 2.737673164909182e-06 2.916792507739204e-06 2.2360431209101432e-06 0.00026358691944130256 9.842408251774991e-06 0.00010255870089244062 0.0020848817194358696 0.0003026668794963278 0.0024159573236239933 5.532481199679515e-06 2.4127479218948623e-05 9.8508846558136e-07 0.0012291126540309226 1.3707144332383586e-05 6.340583817940235e-08 0.00041444791026444045 1.085769255128324e-05 0.0006991039213352115 0.0018126166306334543 0.0014153194084012668 0.00017825218688218518 8.917523496834423e-05 3.202346271422301e-05 0.00129520060037761 5.040901342902036e-06 1.6856423957511853e-07 6.933382519024377e-05 1.2674712455717427e-06 0.0 3.8001254094729997e-07 1.0205480585110118e-07 5.520550155444971e-06 5.769321451555773e-07 1.858163923140715e-07 8.738417247891082e-07 0.00022364032555137662 1.0833166542489232e-07 0.0005624531460339451 3.778157252034249e-07 0.0 5.0217009231457376e-08 1.3728635519997816e-06 3.114972912824764e-05 5.212491730695576e-06 0.0 1.4157508988589553e-07 1.172378661935047e-07 6.447645051824911e-08 6.367406879922705e-07 0.0003572757107854423 0.00010911600571526466 0.00014884134988388595 2.0663792266628004e-06 3.8032918516998085e-07 1.6278969182817657e-06 5.391851513910818e-05 2.2015616982741578e-07 0.0 4.290132893789771e-06 1.1057697312300413e-05 0.000224785200305649 0.0003504933587823679 2.7022222432851123e-05 2.449034167257967e-05 2.9232022268814234e-06 3.3578646769617494e-06 8.110610229350081e-05 8.161509111505972e-07
0.0036195513765021332 2.0145260280029578e-06 0.0003082076941004975 7.526816725970805e-05 2.5057008247005947e-05 0.00047214462082456057 0.004188713928529579 0.0041120933750929305 1.0329537134186183e-05 0.0011530819217302937 0.0001566592785317288 0.00021258136085416623 1.6367126887745846e-05 0.0 2.331479625382013e-05 2.3592796231106135e-06 0.0005291203236312278 8.781499486358458e-05 8.879538994900683e-05 9.093795694215509e-05 8.844748609192787e-05 1.1219947834699634e-06 0.00032223233109239475 0.00021042168634042384 8.814460561055672e-06 0.0004208641166095552 0.00015445134463422543 0.0004369426705409887 0.0037334225901861132 0.002478173145792008 3.2524902065665016e-06 0.00018825480608647164 1.3899517033113457e-05 0.0005647667353773122 3.343006903999395e-06 0.00024695911546712636 6.272538036170495e-05 0.0004867190119572801 8.399626585265041e-05 0.00020010160491312155 7.058606397701392e-05 6.516881600391749e-06 6.584131044029516e-06 1.7007153601511173e-06 7.25538105781639e-07 5.686146692427866e-07 1.2955943013418704e-06 0.0 1.8822531643824036e-07 2.1541001647009754e-05 1.1420067758337736e-06 8.567134934017055e-06 2.710195050944867e-06 1.6636858618688954e-06 1.187688445535303e-06 3.383078445961866e-06 6.041366194068703e-06 1.27792187921535e-07 8.261825636013556e-07 1.5378791098529418e-07 1.1895647226683498e-06 5.406123693092175e-07 4.182387555655209e-07 8.407208344694552e-07 4.925133277078698e-07 2.1257386233562755e-07 3.053544138278737e-05 1.739184858124138e-06 8.594733426300708e-06 7.836160961119732e-06 5.896707233581696e-05 7.038950876964488e-06 4.894919895224265e-06 9.89577512890275e-07 4.218601259097872e-08 5.16103110358107e-07 1.2886921076767396e-06 4.2217161735359286e-07 1.1017776257311226e-05 1.7448497523522959e-06 6.317574401782142e-06 4.346522014813142e-06 1.4228176569157477e-06 1.0901044535737804e-06 4.330401989850302e-07 2.4376594102089907e-07
2.0335172932856189e-07 3.1533931653324264e-06 1.0562382250491112e-06 7.692021000707557e-05 0.0004970530736618205 0.0011229218061380268 4.563386184823094e-06 0.0005696566876791031 0.0006483523276379713 3.472066963298326e-05 3.99809795556506e-06 0.0006319171169173692 6.676190833157816e-06 2.331479625382013e-05 0.0 0.0 1.2745486602110678e-06 2.1156102768242974e-06 9.990719417815273e-07 5.79476914015905e-05 2.2118630834658832e-07 1.4135341204019592e-05 1.0569873119338748e-07 0.00040783798895281437 1.1451204782428664e-06 3.9344978781537e-06 1.0309422255134152e-05 3.784811390063322e-05 6.4324121923252266e-06 3.1493226488449423e-07 1.437116916334413e-07 2.9727208054157126e-05 0.0 9.03371076241321e-06 6.623276658782858e-08 0.00011188704238491424 1.5122906815060345e-06 2.0365972158513988e-05 2.9418279627731792e-06 0.0009832908559565174 2.854916909112008e-05 2.8457672296068775e-06 0.0 0.0 0.0 5.521773476810201e-08 2.0841409607531442e-05 0.0 5.4374087767869e-07 2.1654183567555782e-05 2.8008373324608493e-07 4.850233359254566e-05 2.5764129973374297e-05 0.0 1.4006154388016107e-05 4.040910047347152e-06 2.571891750459032e-07 1.4076078789512585e-06 0.0 5.8717047834872685e-08 9.523910005607583e-08 0.0 1.255771441892733e-05 0.0 0.0 0.0 1.5569339298281585e-05 5.160418962723045e-08 4.128064053207668e-07 6.443895676651183e-07 2.102036008094889e-05 8.807679371593688e-08 0.0 0.0 0.0 0.0 0.0 0.0 2.929820428251707e-07 1.9024332810590137e-07 4.478856330951427e-07 6.896848683629783e-07 1.6454597941838697e-06 6.048946468265998e-07 6.473100971628169e-08 0.0
9.676435108251227e-07 1.5215345634787437e-05 1.0509639492114174e-05 3.426176954096733e-07 8.479273169472523e-08 2.0295176639347687e-07 1.5735358892980977e-06 1.420594494443896e-06 9.599396500744412e-06 3.839335175661025e-07 2.954268433378361e-06 0.0 1.7287682705728293e-06 2.3592796231106135e-06 0.0 0.0 3.400614912878768e-05 1.829503643811081e-06 1.1872100000820744e-05 4.402350148561576e-08 0.0016294970562165843 0.0005687715752638602 0.0022921625394270394 0.0009825274816527983 6.390072682557884e-07 2.1401979891518716e-05 0.0012625684931446535 0.0008260191308241788 6.895746071739349e-06 0.00020184276350080594 1.3790177780855862e-07 6.083633015213738e-08 3.7908276074445336e-06 7.337028420030506e-05 1.2098074542183356e-05 0.0006437859409529195 9.577402532056057e-05 0.00021518602866608147 0.00019459138750328988 3.7254615051479723e-05 1.315793181286544e-06 4.910363280181169e-07 5.49490438090797e-06 5.328133324939206e-06 3.1993235228457764e-06 1.843999329081172e-05 4.113733930100624e-08 0.0 7.392247143628796e-07 8.815146506529886e-06 1.5872380919897009e-06 3.5460974477092757e-06 1.920148842806619e-06 1.3578789001365104e-07 3.2276261112341186e-07 6.074169916940056e-08 6.355677102038867e-06 5.387462785179574e-08 0.0016786612228016134 1.6649547667824653e-06 7.318276254284633e-08 8.462507563573839e-07 0.0 0.00022919284170905076 0.0004954381800492662 0.000953249670898435 8.451966096638252e-05 0.0 1.8971430627354194e-06 0.0005666722929445087 0.00013040319699944846 1.4755843243853594e-05 7.501914943160742e-05 0.0 0.0 1.2573422665328458e-06 2.9730301516344827e-06 6.478008930587291e-06 0.0001536874894977537 5.987300807428778e-06 2.9318814497275147e-05 2.1334074392498078e-05 7.008373462541805e-06 2.420999707824725e-07 9.956602690058444e-08 1.5613435104249184e-06
0.00011726870225689528 1.10982539042805e-05 0.0016474543057524008 3.961905909689135e-06 1.29512265649706e-06 3.96984248861099e-05 0.00023964264373521081 0.0006288330675486093 2.220105262244849e-05 4.0567129465872796e-05 0.00046539799997513486 1.7730732906220452e-06 1.572076407731899e-06 0.0005291203236312278 1.2745486602110678e-06 3.400614912878768e-05 0.0 0.00019630084121806735 0.0013547409896841568 6.268146178351357e-07 0.0002700856222696313 2.3543519007939583e-05 0.0020018087565741305 0.00014209446014616577 1.5505990988427774e-06 0.0022424175219323546 0.0044497692649491695 9.355253115690501e-05 0.0004298196805990942 0.0005140800494142078 6.149262065538308e-07 1.552390381616819e-06 5.800865642537544e-05 0.0008350246193630095 2.747710244997843e-06 0.0005251606056556936 0.0008046845800215092 0.0005874838531398346 0.0001791816866592812 1.3637298156428622e-05 6.292693407586906e-07 8.734238960172417e-07 3.931751615902485e-06 6.195689000590653e-07 2.621030372152722e-05 5.937276948258986e-05 0.0 0.0 0.0 3.804460562219003e-06 3.470913870401531e-07 6.489932013844701e-07 5.049233386343278e-07 8.331369606123663e-07 5.2622641670406436e-08 6.383716815915707e-08 9.988254395957076e-07 0.0 8.329575578070903e-06 1.844613450579971e-05 1.3758071663442278e-06 9.055478368797035e-06 0.0 4.30386155911376e-06 1.1721980530616047e-06 2.9343338850291883e-06 3.307944515479891e-06 3.284365889456923e-07 0.00011620621739020762 0.00016267843909678219 4.956725712774045e-06 7.433836361105523e-07 4.117888401118985e-06 0.0 0.0 7.31980851057356e-08 9.128216084901196e-06 2.0513852494619252e-07 1.6888436175796255e-05 4.956008360516504e-06 2.412954475804715e-05 6.0585278983183115e-06 3.5526137955963556e-07 0.0 0.0 0.0
4.061440473509968e-06 1.4741570135781187e-05 9.42066755376839e-06 3.4118096124281343e-06 1.2678269032185423e-05 4.1326012654216925e-05 1.057865604417779e-05 4.545639716668061e-05 1.68063655717432e-06 4.186336053610386e-05 0.0015232941369688877 2.8305737984690987e-05 2.072157114112503e-05 8.781499486358458e-05 2.1156102768242974e-06 1.829503643811081e-06 0.00019630084121806735 0.0 0.0011574770227766708 1.026166338635054e-05 9.731425600834759e-06 4.4846480808996194e-06 1.6247180918344168e-05 6.242712469144443e-06 6.098523736156901e-05 0.0005009551120565096 0.00028289056712165026 1.3973018906987123e-05 0.00012371931312372633 7.944395862920759e-06 3.961994348064869e-06 3.486196735368341e-05 2.786241384247203e-06 0.0006279067859071064 4.975673749023651e-06 0.0003344322513488751 0.0007387721498376766 0.0006718674743956609 0.0005118089315692379 3.349750084100596e-05 1.7089765528828257e-06 1.3710177736218022e-05 2.498021611850407e-06 1.1446240927740343e-07 1.8525230999402488e-05 9.252943776802651e-07 1.8000777661857118e-07 0.0 6.548863378866748e-08 1.4345713144194235e-06 9.532748875849146e-08 1.920545696191984e-07 5.382135818535172e-08 1.0390736106053664e-05 4.2705691534494515e-08 1.5571903276012758e-05 1.7591213205518393e-07 0.0 2.8551808366978544e-07 2.920090385565986e-07 1.8398646167841713e-05 1.3098974511748177e-05 1.3778060471612702e-07 3.409554572932213e-07 9.509407714779638e-08 1.6482199086677544e-07 9.045379909044844e-07 1.8274098965597732e-05 9.628625667724666e-05 0.00010721254289507783 1.9547690990554355e-06 9.003617431034216e-08 1.935830904745946e-07 2.8970099663668507e-06 0.0 5.615403707762903e-08 1.4816432806895547e-06 1.3224819320148986e-06 1.3725816708209584e-05 1.8105000121902756e-05 5.592752932962259e-06 1.9505333459307164e-06 2.4790654324881726e-07 0.0 5.033461842888533e-07 3.7413649206655786e-07
1.57355369022841e-05 3.8302273959309564e-05 4.874377498454072e-05 2.626176875300927e-06 4.997907632222363e-06 2.3486546377758804e-05 1.3470018276792146e-05 6.069180624214326e-05 8.919368787751573e-06 2.9156698420678984e-05 0.0009730523087972053 1.6229233865687507e-05 2.737673164909182e-06 8.879538994900683e-05 9.990719417815273e-07 1.1872100000820744e-05 0.0013547409896841568 0.0011574770227766708 0.0 5.947383785913026e-06 6.600494776888449e-05 1.9811266323031876e-05 0.0002398021150586373 2.3861440245531156e-05 5.293420621015565e-05 0.0017388545011017913 0.001087633485372335 2.277277440410682e-05 0.00014168032427091027 5.791011869245815e-05 8.375691518412625e-07 1.4455878500160699e-05 1.606393292468659e-05 0.0026026545283659593 2.085709214302307e-06 0.000309592503005959 0.0004729801847572693 0.000983410394770287 0.000349584630012561 1.594425938031973e-05 1.2510072130109993e-06 1.8406219630171303e-06 2.1847500319632822e-06 1.5620446161958493e-07 3.6806860377120704e-05 6.695915968732095e-06 0.0 0.0 0.0 9.211261637105335e-07 1.1012319656552524e-07 1.8378014391551983e-07 4.810824441143416e-08 4.080017635519628e-06 1.233784851016752e-07 2.3649233498821068e-06 2.1946342242016146e-07 0.0 3.5418969791982558e-06 3.269966677387363e-06 1.3784612729997293e-05 1.9963560378514772e-05 1.9760525826569175e-07 1.3488114266614563e-06 4.693983259445991e-07 1.3094195812697697e-06 1.4652203312745227e-06 1.041491952790667e-05 0.00017810295607426628 0.00018500640036121815 2.5603985036702735e-06 5.933256813431224e-07 1.5173920683662463e-06 7.635111090045276e-07 0.0 4.4435783403615814e-08 3.237140651196135e-06 2.766057035403882e-07 1.2513723188540774e-05 1.2370297115175462e-05 1.728892384656854e-05 3.927379598931264e-06 1.0593996138436816e-07 0.0 0.0 1.672831547639242e-07
1.595667968355772e-05 0.0 2.8601126918345836e-06 0.0029410565428241585 3.585618331135443e-06 0.0003956997371042394 1.8241463184903677e-05 8.467465768750103e-05 0.0003584242032474796 0.0016745539073364706 1.2456539483184719e-05 0.0031634218805568293 2.916792507739204e-06 9.093795694215509e-05 5.79476914015905e-05 4.402350148561576e-08 6.268146178351357e-07 1.026166338635054e-05 5.947383785913026e-06 0.0 1.073251856448703e-06 1.6067027175024273e-07 9.763983172545074e-07 0.0002985168631248468 1.1180727835808056e-06 1.1286059289109738e-05 4.439087385597248e-06 0.0009828601450288348 0.00010322519469594398 1.6328336943885521e-06 2.645739979822774e-07 3.7863999629800306e-06 3.254742245794003e-07 3.757612351397663e-05 1.978908811699976e-06 0.00012062264362590385 1.0091393805464985e-05 0.0001690822978206581 3.2036171082967945e-05 0.00024784402673523457 2.2166364581989646e-05 7.810319546563202e-07 2.925076209107169e-06 1.8732865509241892e-06 2.1600210944181826e-07 5.146942392800505e-07 7.60125924923165e-05 0.0 6.751259453161012e-06 0.00014424090915218205 6.410891531875531e-07 0.00011526384215325892 8.558827155329443e-05 1.6806167474550196e-07 2.40349597496221e-05 5.10422198140605e-07 1.7092249857049461e-06 1.8835979138297656e-06 5.99549267938915e-08 5.7238385744737036e-08 2.5437078051354474e-07 4.911041685245677e-08 3.8548236245833596e-05 0.0 5.767612689409485e-08 1.1731774088917983e-07 0.00012953425153058466 3.4321898430344685e-07 1.1487891707016097e-06 1.4114585910056815e-06 0.00013402932558066963 3.3681103783637665e-06 4.931137191703609e-08 2.601457706841742e-07 0.0 1.2036929866564236e-07 5.089447248985516e-07 1.564320879444863e-07 3.437935959761002e-06 2.707102357037821e-07 4.889948314679189e-06 3.7156179847602765e-06 3.885593370451425e-06 1.4591055458033737e-06 0.0 3.3064907827723855e-07
2.8274941487754136e-05 6.035860429971196e-07 0.0005454346575176911 7.363547655493327e-06 3.6754143515100325e-07 3.2268487671855606e-05 0.0003733249844681732 0.00010664833193438331 1.0918447072791847e-05 7.196617036904887e-05 1.7188731333155634e-05 8.233844523405979e-07 2.2360431209101432e-06 8.844748609192787e-05 2.2118630834658832e-07 0.0016294970562165843 0.0002700856222696313 9.731425600834759e-06 6.600494776888449e-05 1.073251856448703e-06 0.0 0.00012905768647406303 0.010824889060164407 0.00042603642763289266 2.050958323849718e-07 5.8360815169741276e-05 0.0001768623586833007 0.0025467627627359436 0.00041786677268334604 0.00729346014758331 5.489954736100217e-08 9.733187569727948e-07 0.00014633218578841595 0.0022871438424514503 4.4618749554177426e-05 0.003504645549945039 0.00042237697848123573 0.0029729662124108355 0.001476091586863729 0.00020673796585838684 1.3210116723321156e-05 1.451325637851762e-06 4.5649423680870914e-05 1.049356199744638e-05 4.823639958547266e-07 5.071939146195621e-06 4.359219899176376e-07 0.0 6.719054201050514e-07 1.457393545950209e-05 3.977006187790972e-06 4.757754295860843e-06 4.077090231234689e-06 2.140351023372911e-07 4.5225182504191574e-07 4.4422063964282795e-07 1.6671530015274637e-05 4.9638480652085745e-08 0.0005193235427197906 9.600100166347009e-07 3.435976936814488e-08 9.433509103302539e-07 2.081809428321051e-07 0.00022930649482075862 4.5451777538152775e-05 0.00012468039088489363 0.00013823784388802525 0.0 2.5986002690812737e-06 1.5448279821975017e-05 0.00021728505648253128 2.636200559157979e-05 0.00014005520350165955 5.1164335706071575e-08 0.0 2.4675006230056517e-06 4.70345814354231e-06 5.476402689226438e-06 0.00015104524734742126 9.76566838953853e-07 2.882647325118776e-05 1.7549025580200346e-05 3.259351754211122e-06 8.344499853671671e-07 1.9809535509243863e-07 1.4486256413291247e-06
2.434255330827884e-07 0.0008968851257956089 8.819336225734847e-06 5.889950687384029e-07 3.37557395006727e-07 6.817745977550672e-07 6.609517646372999e-07 4.020405183073884e-07 0.0011152929760006368 4.426374417103052e-07 2.8036439636891454e-05 2.4498945611206998e-06 0.00026358691944130256 1.1219947834699634e-06 1.4135341204019592e-05 0.0005687715752638602 2.3543519007939583e-05 4.4846480808996194e-06 1.9811266323031876e-05 1.6067027175024273e-07 0.00012905768647406303 0.0 0.00014334371923920467 0.0018893443517439743 0.00020015987899417396 0.0001733374747957186 0.0015305776947131004 3.488073854960864e-05 1.6913380023296792e-05 0.00010630698300480189 1.6115548055690044e-05 1.6119938200110855e-07 1.134027102990287e-05 3.487689301682553e-05 4.3658653546405825e-06 0.0001759085175530038 5.426424213918249e-05 5.8280475902701894e-05 2.759931126089854e-05 3.302425750219231e-05 6.317134037881581e-08 9.881463875033516e-06 7.916607929847686e-07 2.135317824732378e-06 1.6176958354410938e-05 3.8979492530253447e-05 7.66963450981603e-08 0.0 5.013104127541563e-07 3.418043233034204e-06 3.474573005713852e-07 4.605726827142095e-06 9.219548967937082e-07 1.7798729453121809e-06 5.365531087956389e-07 4.1721140239487785e-06 1.555772223909142e-06 0.0 0.0005162885007189285 1.2691814018824906e-06 3.0660206929068857e-07 4.956793857943514e-07 0.0 8.24432227768786e-05 0.00010049337247502049 0.00016570628725205846 5.785672848211707e-05 2.3410981488191185e-06 9.704989030383478e-06 0.0005156492189095548 6.497316314548923e-05 3.6486607526957417e-06 3.081196943368519e-05 8.229608250367196e-07 0.0 3.607453105780147e-07 1.6992021121852923e-06 1.51194211389752e-06 6.042332816640507e-05 3.7174741971843223e-06 1.3469543055468425e-05 9.675649395573177e-06 1.7753444507655016e-06 1.496125573039591e-07 2.1105922682844718e-07 5.267939840378852e-07
