0.0 8.99681512064748e-08 5.3272369618781593e-05 2.1782949907552338e-07 4.986594040126662e-07 4.816728458325041e-06 0.0010878832679583992 0.0009305457389754542 2.0605203678467863e-06 5.2244341392999765e-06 1.4690059043396923e-05 6.037117837674488e-07 6.764582202976936e-07 0.0033897776746555338 1.0334721802864905e-06 4.400865830522405e-08 0.00013806005941532391 2.5886591745259685e-05 9.71226422181009e-05 2.3498686936862367e-07 1.3341262515406673e-05 0.0 4.025285721887189e-05 1.5079713464100165e-05 2.7289257773846596e-07 0.0001369065451221042 2.8502439310273962e-05 3.5465583554460234e-05 0.0023231228683674387 0.001810376337251424 8.613048072660328e-07 5.876157037720699e-06 0.00011073370929469104 0.0001434939308565918 2.464788078161513e-07 1.3872024326415699e-05 3.0165101177888994e-06 7.395834290738799e-05 6.1154098027878555e-06 5.149592049294314e-07 1.019848131217667e-06 1.4429172760319924e-07 5.598346888309571e-08 0.0 1.5147006273088382e-07 2.990363398436427e-07 6.7946080366718e-08 0.0 0.0 4.6758291030003076e-08 4.890565860392997e-08 6.29541588976912e-07 5.088578899242068e-08 0.0 0.0 0.0 0.0 0.0 0.0 5.8798200574153566e-08 0.0 0.0 2.579778932440802e-07 0.0 0.0 0.0 1.4731955609093827e-06 0.0 2.1137851023884468e-07 2.9928604506215677e-06 9.101774474672943e-07 0.0 0.0 5.233742371605054e-08 0.0 0.0 0.0 0.0 1.0314911623644856e-07 2.0632738453523745e-07 1.2753008586644103e-07 0.0 0.0 0.0 0.0 0.0
8.99681512064748e-08 0.0 3.762082797754301e-05 6.19663035540978e-08 5.2561782845899916e-08 5.221450140235486e-07 8.48377248145933e-06 1.260040373865404e-06 0.00019060052939793347 1.197856272461604e-06 3.013033605536691e-05 1.5003707303822621e-06 0.00029468031064317613 1.1396247350866611e-06 7.590965340463401e-07 0.00010994221394260746 1.4375589318601961e-05 8.253870446101575e-07 3.7273988173549063e-06 7.863199106027097e-08 2.348719201242152e-06 0.0013280142711026984 2.6722222626228666e-05 0.0002946766602573594 0.001151069856410826 6.599253171117214e-05 0.005391906873543607 2.7376603723455966e-05 6.38652296566233e-07 1.3659556086718206e-06 1.7502141515187633e-05 1.639760243876518e-07 5.028902870530644e-08 8.22549074632699e-05 2.383652207735226e-07 2.5141264923576036e-05 5.234934717904171e-05 3.8514713274129374e-05 1.0029105469212052e-05 2.65043253979256e-06 2.663416138209916e-07 0.00014194196970387888 4.372759009574181e-07 0.0 2.1358981802679305e-05 8.528027227295854e-06 0.0 0.0 4.879565834700596e-08 6.037966995245331e-07 0.0 3.9062063568008626e-07 0.0 5.543676228816873e-06 0.0 2.6499700151765034e-05 0.0 0.0 8.664200617575836e-07 2.5725482040897744e-06 1.5456499629810326e-07 8.839615508062835e-07 0.0 2.6949055398219294e-07 1.0162010145425497e-05 3.65593685382117e-06 2.6534383139707923e-06 3.3551843091066644e-05 5.7141993669513094e-05 0.0006830646778302302 2.348951185255064e-06 0.0 5.9012653105226624e-08 2.30515016667305e-06 0.0 0.0 5.560487511345105e-07 0.0 2.554763189499229e-06 1.3035748147496831e-05 1.5791026534042918e-06 1.2209797975448507e-06 2.671187158875708e-07 0.0 1.074321715869899e-05 0.0
5.3272369618781593e-05 3.762082797754301e-05 0.0 3.59595436014673e-06 4.6413995220452676e-07 5.5220552755147857e-05 0.0007176960336546811 0.00027409303066808845 1.4276307617075836e-06 7.06004284348798e-05 4.096533089519054e-05 6.366006676277059e-07 1.354516677893915e-06 0.00018511807493266368 1.8426041599808854e-06 5.027233053479234e-06 0.0036631087546183396 4.469293902313134e-05 0.00035101691926233574 8.592905984652114e-07 0.0018151638360978208 1.295252623554715e-05 0.004339282646910938 1.8635122713377397e-05 1.510363049804361e-06 0.006471555290521817 0.0035472793954089686 0.0003274866953527837 5.737869111060973e-05 0.0008401024046828251 9.901449084092657e-06 2.5601982255497564e-06 5.060109084273178e-06 0.0004835105990540976 3.1479900745410044e-05 0.0010908938918928386 0.0006307203466779958 0.0009217342568891922 0.0005888064755795477 3.8424287525734806e-05 8.14703361733522e-06 2.72689080676747e-06 6.141268084528078e-06 3.833895084779651e-07 8.184415053190561e-05 0.00024571982460252784 7.784156880447751e-08 0.0 9.970365364353896e-08 4.298908039382545e-06 1.7535268049620931e-06 1.0425674800065507e-06 1.5004603497076449e-07 9.045536614250651e-07 9.68537152586798e-08 2.558480222974371e-06 1.0114656574528653e-06 0.0 6.371015768105985e-06 8.002244425400866e-05 1.162062053033559e-06 2.1327766957942845e-05 0.0 2.413030537222801e-06 1.4551426646295545e-05 1.8404916440873542e-05 1.5623531198524792e-05 2.3593890177551033e-06 0.0003529491550905238 0.001473735745879304 8.134997915490437e-06 3.7049723258795766e-07 5.040947095571759e-07 2.038025105100517e-06 0.0 0.0 1.1771663987686307e-05 3.4290934673609055e-06 2.601744248207286e-05 0.0001887304487059361 2.7895353598396175e-05 1.4913290887106338e-05 1.1456871710934238e-06 2.8965055076381666e-07 0.0 7.961581657052104e-08
2.1782949907552338e-07 6.19663035540978e-08 3.59595436014673e-06 0.0 4.706875240910817e-07 4.6263463905872e-05 0.00010043046432064557 1.5320640879144146e-05 0.00046311349924652777 0.0021034742244429258 1.3884647521547868e-06 0.0024213286717320445 1.2632324510299823e-07 1.1291008021339926e-05 2.001680181906872e-05 4.449002414387165e-07 8.479157138304285e-07 2.3177114859869623e-07 9.073048859609642e-08 0.0028980597615163206 7.745030227796075e-06 9.791488446377229e-07 1.4055886189560517e-06 0.0009585439966410057 2.1679043412615536e-06 2.4004921823894034e-06 6.470964248048993e-06 0.0019186705020015817 1.5378086237895193e-05 1.897746904658144e-06 0.0 1.1086097075614279e-06 3.031282142949002e-07 1.1740333871390635e-05 1.0273664671394802e-06 8.440381817051721e-05 2.2883993190685814e-06 4.2249077461687673e-05 3.866912563981586e-06 6.042982965638658e-05 4.63427411912889e-06 0.0 9.839090821304714e-07 1.2626250834597388e-07 0.0 2.2535777752864402e-07 0.0001046144545709572 0.0 1.0170291267893569e-05 2.4777277609175475e-05 2.136967578022605e-05 4.275212507214089e-05 1.8752260004578065e-05 1.136516420244925e-06 3.3815442402399166e-05 1.7131538971538035e-06 5.0294301265231876e-06 6.95182475314116e-07 1.4526318513630455e-07 1.2800410781441795e-07 0.0 2.0109945640646152e-07 4.8640063930409105e-05 2.850571947244485e-07 3.690911531270359e-07 1.838524200756883e-07 0.00022383910886835173 0.0 4.488022699560791e-08 1.305662887898377e-06 8.248794809021992e-05 1.695817324142469e-06 8.151008617636385e-08 0.0 6.27777894595201e-08 4.9408164269172e-08 5.332617916954363e-08 0.0 0.00014801829155694412 9.307253862258085e-07 2.38475315533003e-06 5.292228278959679e-07 0.00012027217593916997 3.1159581222546584e-07 1.0714087834464226e-06 0.0
4.986594040126662e-07 5.2561782845899916e-08 4.6413995220452676e-07 4.706875240910817e-07 0.0 0.0004225912332309613 5.4862877656352915e-06 6.352192019684342e-05 2.4754263538174685e-05 1.6563073949937205e-05 4.433356355924382e-05 2.1416534366136375e-05 3.413088349130265e-06 5.480548212164922e-06 0.00038074609121866137 0.0 1.4750123563852962e-07 1.4113200049621393e-06 3.696808311123046e-07 2.1400240569545526e-06 3.7647752682902325e-07 1.8485522155552042e-07 5.443653965014866e-07 5.298951995706083e-06 2.1403034180094905e-07 3.0488005561263416e-06 2.503006413923425e-06 3.0562841848165335e-06 3.874215723331829e-05 1.272875010382553e-06 4.303191437816892e-07 8.327543467260979e-05 7.85265506415215e-08 0.0001548734334468246 4.690821879664155e-07 6.064573931626724e-05 4.139271468177485e-06 0.00010381548486077643 2.088073767092772e-05 0.0007713620066972808 6.243162475951048e-05 2.4808397002736785e-06 1.3395567794958652e-06 0.0 0.0 0.0 1.1235365085052417e-07 0.0 0.0 2.6615326268038325e-07 0.0 1.780456440264648e-07 0.0 0.0 0.0 6.461463169443688e-08 0.0 0.0 0.0 0.0 0.0 0.0 0.0 0.0 0.0 0.0 3.670559776944195e-07 0.0 7.230738412136548e-08 2.388069321896908e-07 6.533951301382119e-08 0.0 0.0 0.0 0.0 0.0 0.0 0.0 5.950546273632352e-07 0.0 0.0 0.0 5.0004784419415664e-08 0.0 0.0 0.0
4.816728458325041e-06 5.221450140235486e-07 5.5220552755147857e-05 4.6263463905872e-05 0.0004225912332309613 0.0 0.0014685104129919474 0.004247596230106545 8.415813987840477e-05 0.004143323563750349 0.00021422383424354066 0.0022886475473235307 1.8505417660160024e-05 0.0004913694532667571 0.00014798494207552947 8.066147549863929e-07 1.8748685475927316e-05 2.386067662532513e-05 8.450681854404187e-06 0.0001596290445471645 6.783289186303721e-05 4.6678300221539816e-06 1.6064455365279674e-05 0.00018549062263716268 2.373149804477113e-06 6.0781004684304187e-05 4.8549977363546986e-05 0.0006433320622989813 0.00031461740085673344 3.1643520865265376e-05 6.158857047636637e-06 0.000334431332284609 1.485248111517913e-06 0.000421956241119013 3.100176385789026e-06 0.0006682268779746378 9.221092744018316e-05 0.0005407427975731783 4.085396476730769e-05 0.00047051140903007685 0.0001442569981437141 8.74882127515688e-06 7.206333011978779e-06 0.0 3.456321188160264e-07 8.200183436049722e-07 8.154343314609463e-06 0.0 2.009159787950227e-06 1.0835362469140783e-05 7.942539794394826e-06 1.6119705612902952e-05 3.0956171620607846e-06 3.938143873006055e-07 2.5530185177993904e-06 7.328307450661385e-08 2.1754970467426245e-06 0.0 5.456510983905531e-07 1.4687992624628666e-07 0.0 2.2492574274305418e-07 6.825401040681693e-06 0.0 8.873195104998823e-07 9.483105620456087e-07 7.258130879996947e-05 0.0 7.517600095445067e-07 5.557149903837026e-06 3.1554501081347635e-05 1.1409203615407691e-06 0.0 0.0 4.21208134359108e-08 0.0 3.2962903436663637e-07 3.885828623254839e-07 2.0711162794081047e-05 5.106048074072283e-07 2.221707704441796e-06 1.5690696367976656e-07 6.441444491712944e-06 0.0 0.0 7.35899455072288e-08
0.0010878832679583992 8.48377248145933e-06 0.0007176960336546811 0.00010043046432064557 5.4862877656352915e-06 0.0014685104129919474 0.0 0.0027080839428714316 0.00016771193000892176 0.004290286019226407 2.844183327579711e-05 1.0122136379997555e-05 2.0585431731460726e-06 0.0034494971227820624 2.0914914639003844e-05 1.779343659728085e-05 0.00019123247242981727 1.027601074586475e-05 3.555264011783854e-05 2.923164650753067e-05 0.000490398891761616 2.9319504528045015e-05 0.00038509307367144365 0.0010123018117486392 1.8635357863046282e-06 0.00021008554157391236 0.0003113906842149141 0.011134628562844806 0.0005864732072336533 0.00398591606251989 1.7809200813044404e-06 2.2234530613749988e-05 4.822744365297507e-05 0.00027820284964922106 3.091061202443653e-05 0.0012916768185804732 0.00014131582213289034 0.0008316891213491169 0.0001873214417067357 3.7741195344559705e-05 4.6599017460005195e-05 1.974621004440449e-06 1.3094407511957991e-05 3.8173573889486365e-07 2.575802498431651e-06 1.3078969991172368e-05 2.8410687665861236e-05 0.0 7.8840903118468e-06 7.822931243739044e-05 3.0389391507721418e-05 6.0516546395040136e-05 1.014925292195297e-05 5.730265054852705e-07 3.0293172443603713e-06 1.3583450087903484e-06 9.198884705083402e-06 2.194583997539709e-07 1.3003462168386477e-05 2.1433400258925107e-06 7.26094545358487e-08 8.68337630016479e-07 2.0093417984364282e-05 4.169508869021188e-06 1.0140677335987218e-05 1.6425179244102484e-05 0.00039098161436007913 7.157924012817311e-08 9.013017907323997e-06 6.053178184564482e-05 0.0002421259058382243 7.189347708203271e-06 4.754067866408389e-06 5.578181192628546e-08 4.877188215061746e-07 5.197123385608159e-07 2.7499742203664434e-06 1.7317455395715903e-06 0.00013779568043634208 5.337497533094607e-06 2.0667754367145424e-05 3.644138536648701e-06 2.8696484668278412e-05 9.794500275186925e-07 0.0 1.1919146056912841e-07
0.0009305457389754542 1.260040373865404e-06 0.00027409303066808845 1.5320640879144146e-05 6.352192019684342e-05 0.004247596230106545 0.0027080839428714316 0.0 2.1200553347842533e-05 0.0014520499514304387 0.00014180413658280893 0.0003847861513412083 9.153026347883692e-06 0.004007274320856992 5.199547902230419e-05 8.51517576357447e-07 0.000311395147175392 6.0312550313111386e-05 0.0001857258708366422 7.174345359831834e-05 0.00018829905526571785 1.791856743571808e-06 0.00010799103430984246 0.00011681384070390529 1.072612835845466e-06 0.0003845015003206269 0.00011685087342784303 0.00017888218796023112 0.0006891152890626977 0.0007988852306805484 2.603181689221875e-06 0.00011495857734798949 4.472894335084747e-06 0.0003025311271618914 2.807764851213911e-06 0.00022570652777727257 3.8347240443155373e-05 0.000298114308042221 3.7070893232783646e-05 0.0002016695889669913 5.9230261407234984e-05 3.2044686415980917e-06 4.74225059841911e-06 0.0 5.867318483120613e-07 2.8858064743843195e-06 1.791994713710805e-06 0.0 1.1524274132108045e-07 3.605529114813443e-06 1.4360283954071828e-06 5.336942167083119e-06 3.4179359745382254e-07 1.288990182768914e-07 3.3615537372066713e-07 3.554633778547555e-07 6.519872037452004e-07 0.0 5.130771559773568e-07 2.714672671869926e-07 0.0 3.189651970268313e-07 9.184249442729253e-07 3.0012376243380576e-07 8.913476729805545e-07 1.339156164115317e-06 2.5285628710276754e-05 0.0 1.5789105077884173e-06 1.7923668065669545e-05 1.1457745169675746e-05 4.93336707426826e-07 0.0 0.0 0.0 0.0 1.3647010315410426e-07 3.260125832320619e-07 4.496272323572253e-06 1.7203046145382188e-06 7.987176039505446e-07 3.840108825487637e-07 1.2560668432047518e-06 1.2685373502332546e-07 1.115535555574054e-07 0.0
2.0605203678467863e-06 0.00019060052939793347 1.4276307617075836e-06 0.00046311349924652777 2.4754263538174685e-05 8.415813987840477e-05 0.00016771193000892176 2.1200553347842533e-05 0.0 0.00018359553736286776 6.940684572611884e-06 0.0005215800631280143 2.3089013928259705e-05 1.6553302888667536e-05 0.00042449344719959237 7.459972379099564e-06 8.496871049602635e-07 2.4674082423841126e-07 1.9391053196191305e-07 0.00035664472178178666 5.4811245304351926e-06 0.001046215920432514 3.5230629214811853e-06 0.005946014620022405 9.592340044833208e-05 4.077302764330321e-06 0.00021161969390673293 0.0008525776944389921 4.0286044281653526e-05 9.22402850797194e-06 4.587460833360304e-06 1.732499529834278e-06 3.894852295067752e-06 2.7371447268724464e-05 5.524266219413991e-06 0.00027020697253297884 1.6402371026978116e-05 9.11658769612043e-05 2.3548001363938116e-05 0.00025314021112560344 7.74657132374195e-06 8.92113119252752e-06 4.082784138972731e-06 1.168012756835407e-06 1.18835233362684e-05 4.0737942437388893e-07 5.742808596546944e-05 0.0 7.231214809224819e-06 5.1456650462306566e-05 2.2997669201793457e-05 7.374932072317018e-05 1.1678798251558967e-05 2.4468081439637062e-06 7.398479421961865e-06 5.045342865810071e-07 9.512326130674583e-06 6.355624115196089e-07 2.8029455887899116e-05 1.849477765686798e-07 5.827841854804223e-08 0.0 4.149212768436223e-05 1.8180567832069212e-05 0.00013848458370187692 2.161700180166312e-06 0.001113337652337716 2.3809283781609052e-07 1.1338406180914395e-06 7.664503913231166e-06 0.0003159494895339857 7.595792063918122e-06 1.7282423269336272e-05 1.0740177798384102e-07 1.0581579512033165e-07 4.964071889067501e-07 3.748832119302427e-06 2.869932610502646e-07 8.902804786086763e-05 8.805376117993989e-07 1.8294034963781326e-05 3.898815549024559e-06 6.129290134524982e-05 1.6168349370068719e-06 2.0276098022973686e-07 2.323040783378734e-07
5.2244341392999765e-06 1.197856272461604e-06 7.06004284348798e-05 0.0021034742244429258 1.6563073949937205e-05 0.004143323563750349 0.004290286019226407 0.0014520499514304387 0.00018359553736286776 0.0 6.412423923750887e-05 0.0031114718570618973 4.9664617437331295e-06 0.0005631629680491954 0.00011360168575617632 2.2367519005573984e-06 1.5324724277111357e-05 1.0342019757388041e-05 5.123487022457475e-06 0.001994593572279091 9.077735786834146e-05 7.172537539583498e-06 2.5275985443053328e-05 0.00038030931159985487 7.16170443846351e-07 4.142246061183356e-05 5.13847080017828e-05 0.006310680949796203 0.00034665916789471346 2.8393031063356464e-05 2.4320129566941682e-06 5.772325033435784e-05 2.3937563060745304e-06 0.0002749619615765298 1.6058227035964127e-05 0.001188531976701834 4.8276032857372384e-05 0.0008145810395613644 5.137516372508882e-05 0.00013305871276797688 0.00010959044558236618 2.8413684941995905e-06 1.9902708814532934e-05 5.133620973543474e-07 6.417455808302833e-07 2.326801176638945e-06 5.4907682065708256e-05 0.0 4.819118913063935e-06 2.7656732016980757e-05 1.5436432353331508e-05 3.7670593771105983e-05 6.658258336242323e-06 1.727971193709621e-07 1.5460485783569093e-05 1.1734779833984184e-07 3.4937401221269035e-06 1.6229823031437313e-07 2.1092803344108236e-06 3.5569232556880416e-07 0.0 3.168405064731719e-07 2.144448378822613e-05 1.9163420253449245e-07 2.2384794575927564e-06 2.4445238231414077e-06 0.00015922747475547602 2.487722375350397e-07 7.968792489560759e-07 8.664282612018156e-06 6.436354918919898e-05 1.021948100190049e-06 4.688417634019891e-07 0.0 0.0 5.00570662519131e-08 2.7670283457184337e-07 1.1529589811070596e-06 5.3706013499038764e-05 1.014469972770342e-06 3.2016912509931724e-06 8.101335415019102e-07 3.9021071215706446e-05 0.0 0.0 2.1931638720524482e-07
1.4690059043396923e-05 3.013033605536691e-05 4.096533089519054e-05 1.3884647521547868e-06 4.433356355924382e-05 0.00021422383424354066 2.844183327579711e-05 0.00014180413658280893 6.940684572611884e-06 6.412423923750887e-05 0.0 3.450263568909272e-05 0.0010132744140921798 9.143886652443698e-05 2.347953281379197e-05 2.0114021539494164e-06 0.0002522954912259208 0.0019247776379402728 0.0002924521045908219 6.706974817257433e-06 3.191145313677215e-05 1.7042169183209557e-05 4.4436864619780536e-05 1.3165788454820994e-05 0.0003334987412346652 0.0012415600211973124 0.002060553284089676 1.9744367884155e-05 0.000250898385177981 4.9188273399848826e-05 0.00017143001884046408 0.00023618465554031072 1.0646008972615976e-05 0.0051462523799057445 9.404431559588607e-06 0.000363302336749656 0.001907095605839631 0.002433484156702447 0.0003471197905480092 1.8819480538873573e-05 5.6866219572288344e-05 0.0005019501479941147 9.461858646647685e-06 6.118043035671952e-08 2.8186773308879653e-06 1.122160695015119e-06 0.0 0.0 0.0 6.171645748006249e-08 0.0 4.239707674735761e-07 0.0 0.00011197234339146539 5.522144769974623e-08 0.0005593679240037754 6.941401049312282e-08 0.0 5.902471924911157e-08 6.02597023707757e-08 7.296217185267224e-07 1.1446908159096398e-07 1.1313235191472958e-07 9.310233747047787e-08 9.279770973776864e-07 2.4797523603283365e-07 1.9981877932251997e-06 5.873688758150371e-05 4.131879808800198e-05 0.0002549857994786845 1.0460669096676578e-06 1.589496921303836e-07 0.0 8.218075648159781e-05 0.0 0.0 4.48313188684391e-07 6.177974095521625e-06 1.157570603448524e-05 0.00014317537849559925 5.809862696749084e-06 8.277603595318006e-07 2.3786321457046046e-07 0.0 4.355656477713153e-05 0.0
6.037117837674488e-07 1.5003707303822621e-06 6.366006676277059e-07 0.0024213286717320445 2.1416534366136375e-05 0.0022886475473235307 1.0122136379997555e-05 0.0003847861513412083 0.0005215800631280143 0.0031114718570618973 3.450263568909272e-05 0.0 2.086433996464394e-06 0.00012128077282959179 0.0003163767054545653 0.0 1.2123926987961842e-07 3.7434797029202578e-06 6.19591389667564e-07 0.003754635311185895 4.1486390466506377e-07 4.639873223115626e-06 4.423431855201827e-07 0.00040345135701381823 6.637927038306015e-07 7.167954003904829e-06 7.678326884791198e-06 0.00015828679491193597 8.22683549650345e-05 9.000472728902974e-07 9.909261161268286e-07 3.7750430001414456e-05 5.207153125167961e-07 7.534482667396008e-05 1.9004077445057515e-07 9.354556030950791e-05 6.166815219296505e-06 0.00014056662879480966 5.026675351853235e-06 0.0007831669552758243 1.8708769295739874e-05 2.6453943713596046e-06 1.4930034440407028e-06 0.0 0.0 5.496745860489517e-08 2.6206250199385437e-05 0.0 2.557444615093804e-06 2.281781254742856e-06 2.633079908533154e-06 3.3653660062617808e-06 8.514654073530968e-06 8.877021955474982e-07 7.992211736498923e-05 1.7737111711861906e-06 5.92187250921118e-07 4.893161051506606e-07 0.0 5.7385121456207395e-08 0.0 0.0 1.6780970700337607e-05 0.0 0.0 0.0 2.1207788071891004e-05 0.0 5.1569290409190516e-08 2.4508377760848937e-07 8.254500824864625e-06 2.8273713181363774e-07 8.144048486396004e-08 0.0 0.0 0.0 2.5050020420125045e-07 0.0 7.411043349977521e-05 1.240803300547364e-06 1.060004204168083e-06 2.424489457267661e-07 2.9866411791784213e-05 0.0 0.0 0.0
6.764582202976936e-07 0.00029468031064317613 1.354516677893915e-06 1.2632324510299823e-07 3.413088349130265e-06 1.8505417660160024e-05 2.0585431731460726e-06 9.153026347883692e-06 2.3089013928259705e-05 4.9664617437331295e-06 0.0010132744140921798 2.086433996464394e-06 0.0 5.021155091025854e-06 2.2599773446713638e-06 2.871843347987412e-06 2.80791244408469e-06 2.599217982515178e-06 2.595147782566575e-06 7.509143158696425e-07 2.766664133584967e-07 0.00010950583074585511 1.1998413363865909e-06 2.6559651657224805e-05 0.002208644726241478 0.0004241156796158515 0.004051725349857682 3.020567698232641e-06 1.107103001203599e-05 1.0309602843728246e-06 0.0001494405860683152 1.472403534984734e-05 2.0654577527170004e-07 0.0019232228417396158 2.3608770844718393e-06 8.270426942192094e-05 0.0013542090250301736 0.0010010017182335669 9.122081735542691e-05 7.345442363122656e-06 1.8503290968164387e-05 0.0013565602450888558 5.601492486745397e-06 0.0 5.096303455552123e-06 1.438704833566466e-07 0.0 0.0 0.0 0.0 5.195298013037112e-07 2.6363083494190296e-07 0.0 0.00025516903412153575 0.0 0.0010669568554484866 5.515300700809131e-08 0.0 0.0 0.0 3.774484848999486e-07 6.484374469812779e-08 0.0 0.0 2.7632489261830974e-07 0.0 3.6631979559405895e-07 0.00014043254301630465 2.5176166525037084e-05 0.00019654192769116217 5.510720632619698e-07 1.1966003155216382e-07 0.0 7.496508188833202e-05 0.0 4.008461033290993e-08 3.764914578712633e-07 1.8332743717505078e-06 1.509565440323732e-05 0.0002706012711003539 1.2715449505027094e-05 5.5134348394622406e-06 3.186972014314253e-07 0.0 0.00023229882520307417 0.0
0.0033897776746555338 1.1396247350866611e-06 0.00018511807493266368 1.1291008021339926e-05 5.480548212164922e-06 0.0004913694532667571 0.0034494971227820624 0.004007274320856992 1.6553302888667536e-05 0.0005631629680491954 9.143886652443698e-05 0.00012128077282959179 5.021155091025854e-06 0.0 1.9807867547381063e-05 8.089722560011754e-07 0.00028687163352579504 5.942210222182231e-05 0.00020167801786199287 3.112752131654781e-05 9.657453243268847e-05 1.1070392439580255e-06 9.801116382267688e-05 0.00012126642334584262 3.0344006195104847e-07 0.000336520545895902 0.00010372829971642947 0.00016819339034653243 0.0032768940626103156 0.0012148660290143113 2.5803836445970103e-06 4.019825738958415e-05 4.075600730531005e-05 0.00038236290298637233 1.2301556867452722e-06 0.0001041411385642626 1.97860018621024e-05 0.0002737823915594989 2.0553459432565594e-05 2.2753738430830575e-05 1.141759408056737e-05 1.0993926540535772e-06 1.6611233839641525e-06 0.0 5.675941823408281e-07 2.1227935963002955e-06 5.015173337924033e-07 0.0 5.834059260630365e-08 2.5512294981698834e-06 1.6949129562378558e-06 2.9032725087113277e-06 1.487547922854294e-07 0.0 3.2800652249218757e-07 5.798071752931963e-08 3.816478083984344e-07 0.0 5.402395226894671e-07 0.0 0.0 0.0 1.0114086720520695e-06 0.0 5.743120708307195e-07 4.771324008042499e-07 1.488566081179193e-05 8.634433390306047e-08 1.536022746819167e-06 1.1813498720683994e-05 8.321454693068372e-06 2.6169908411305114e-07 0.0 5.768434242098817e-08 0.0 5.0840945193824926e-08 2.5906398992385207e-07 7.488417777913693e-08 3.465515622139896e-06 1.3488472826901816e-06 2.1114669151557497e-07 3.7769421310593976e-07 4.019001302250196e-07 0.0 0.0 5.834573814473227e-08
1.0334721802864905e-06 7.590965340463401e-07 1.8426041599808854e-06 2.001680181906872e-05 0.00038074609121866137 0.00014798494207552947 2.0914914639003844e-05 5.199547902230419e-05 0.00042449344719959237 0.00011360168575617632 2.347953281379197e-05 0.0003163767054545653 2.2599773446713638e-06 1.9807867547381063e-05 0.0 1.6535696904319077e-06 5.456387088538894e-07 3.585498536228456e-06 1.2586728176708885e-06 4.165877140093114e-05 1.1773512249279553e-05 8.874850549037861e-06 5.295763648338215e-06 0.00013770004281088037 9.165912245749465e-07 6.7042814979951236e-06 8.70592062159553e-06 4.87149447484966e-05 3.934445606373164e-05 1.1758040279976528e-05 9.030476176631072e-07 3.2919329773984556e-05 1.527857970292981e-07 4.671337893803905e-05 3.4175528618934914e-07 0.0005787395137157713 2.256580204864694e-05 7.578531720333846e-05 6.320545078897328e-06 0.00043605898875112006 4.883492543117499e-05 1.0268200914472306e-06 3.387407336938114e-07 0.0 2.058652023562007e-07 0.0 1.402776686409153e-07 0.0 4.943842664671795e-08 1.142958745748397e-06 6.649515351394738e-08 2.189486515277954e-06 9.025740808042976e-08 1.2629841931738136e-07 3.785639456439933e-07 0.0 1.7167902836565362e-07 0.0 1.752060721767778e-07 0.0 0.0 0.0 3.8355554911012146e-07 0.0 0.0 0.0 1.1214256864712185e-05 0.0 1.260808298763585e-07 4.065424587107869e-07 4.910013131830449e-06 1.9457514005392197e-07 1.809811413607121e-07 2.1483437529945734e-07 0.0 0.0 0.0 0.0 1.1947400689920284e-05 2.4814192345054666e-07 3.865011255192935e-07 0.0 1.5300175872667007e-06 0.0 0.0 0.0
4.400865830522405e-08 0.00010994221394260746 5.027233053479234e-06 4.449002414387165e-07 0.0 8.066147549863929e-07 1.779343659728085e-05 8.51517576357447e-07 7.459972379099564e-06 2.2367519005573984e-06 2.0114021539494164e-06 0.0 2.871843347987412e-06 8.089722560011754e-07 1.6535696904319077e-06 0.0 4.564771621185109e-06 2.0193585433557496e-07 6.040668115460106e-07 0.0 0.0013679855198341464 0.0013262089223261767 0.0020795096511322447 0.0013333131694762885 2.1172343626905498e-05 4.2937196514108e-06 0.004426706479289355 0.0010401812765819328 2.2602592317832258e-06 0.00018167671003527537 1.1909000506805858e-06 6.098607848344651e-08 4.5833408524833566e-07 2.83585297682562e-05 1.3656013246966488e-05 0.0014087868765950003 0.00038481749868355926 0.0002586944140588491 0.0005383995886686726 3.4072326459096316e-05 8.0189682804881e-07 1.7325830550024155e-06 7.054342434198152e-06 2.475604452688353e-07 3.2460298382041065e-06 4.292318000634315e-05 2.604864653986354e-07 0.0 0.0 5.538542415173097e-06 1.141718750038669e-06 4.026740324997198e-06 6.149592875800982e-07 4.2015496265742374e-07 6.079925088214945e-08 1.871638938540276e-07 1.387980920625867e-06 0.0 0.0014841021757583844 2.2562089564230214e-06 1.9311291960668127e-07 1.3145987118596814e-06 0.0 0.00029177955860747363 0.0007796317413629729 0.0007588773888093729 0.0001863600024111871 6.283183665726199e-07 6.620499099648294e-06 0.0004646799525063916 3.8091395274978864e-05 1.4609787986345205e-07 1.102718814175957e-05 1.648773236541239e-07 0.0 0.0 1.1435410791243448e-06 1.962076979453671e-06 7.209497572011174e-05 9.633942097445538e-05 6.380741399876806e-06 9.064652638058506e-06 4.814342139420456e-06 0.0 0.0 5.216898638408142e-08
0.00013806005941532391 1.4375589318601961e-05 0.0036631087546183396 8.479157138304285e-07 1.4750123563852962e-07 1.8748685475927316e-05 0.00019123247242981727 0.000311395147175392 8.496871049602635e-07 1.5324724277111357e-05 0.0002522954912259208 1.2123926987961842e-07 2.80791244408469e-06 0.00028687163352579504 5.456387088538894e-07 4.564771621185109e-06 0.0 0.0003581284833716867 0.0013376993444352719 3.219077443236463e-07 0.00046606044015403596 4.9509156132795294e-06 0.0020899416421058838 1.0515921546964007e-05 2.428079038055609e-06 0.0028318464896884233 0.0022034406928936293 6.498118183552044e-05 0.0002766859372740226 0.0011489877905165513 3.2019244135930985e-06 3.196268151729418e-06 1.8562406984788077e-05 0.0014541532116034656 5.1708945388630014e-06 0.00011100139452645445 0.00014150916068363844 0.00025084464748509425 7.644030605620732e-05 4.4856832007440025e-06 1.564856748768755e-06 3.383659394299868e-07 1.14052912095754e-06 0.0 1.5676023257887685e-05 1.5127917234611251e-05 0.0 0.0 0.0 2.9974331238961346e-07 6.240340123329507e-08 2.4452949316618283e-07 0.0 5.115851618349905e-07 0.0 1.6960076946913154e-06 2.413850266050818e-07 0.0 1.131386225007015e-06 9.505554461965652e-06 4.4774620927890834e-07 8.343109749037249e-06 0.0 5.476891520188963e-07 4.27793540685451e-06 3.4527124589265855e-06 4.951497148953287e-06 2.1300750434187255e-07 9.669023204176727e-05 0.0002912414022732646 2.6605745864777748e-06 0.0 2.1041285940273705e-07 5.084357976699244e-07 0.0 0.0 1.7676796120032532e-06 2.8960089200607683e-07 2.664506589912436e-06 3.3124015501792866e-05 3.113283631638552e-06 1.6621726246469531e-06 5.943718374105781e-07 0.0 0.0 0.0
2.5886591745259685e-05 8.253870446101575e-07 4.469293902313134e-05 2.3177114859869623e-07 1.4113200049621393e-06 2.386067662532513e-05 1.027601074586475e-05 6.0312550313111386e-05 2.4674082423841126e-07 1.0342019757388041e-05 0.0019247776379402728 3.7434797029202578e-06 2.599217982515178e-06 5.942210222182231e-05 3.585498536228456e-06 2.0193585433557496e-07 0.0003581284833716867 0.0 0.0016895594284589118 9.002199538541692e-07 2.657184494118396e-05 3.909057639062378e-08 3.632945027931623e-05 2.2071085147554473e-06 1.758836767058973e-06 0.0017338730701498494 0.00021275127675814246 6.5382025114552606e-06 0.00010614995593675265 6.11607498795631e-05 2.0277910283764194e-05 1.392222259314114e-05 1.0175629623876382e-05 0.0012024971748858303 3.965095369660426e-06 0.00019630366340486803 0.000421582082408236 0.0006336302116778504 0.00014155202000041623 2.4480949885072566e-06 3.0011044080729023e-06 3.466725369845091e-06 1.0049479311264974e-06 0.0 2.0477491594332282e-07 3.653752120008333e-07 0.0 0.0 0.0 5.14918558050448e-08 0.0 9.76717408847307e-08 0.0 1.6270443823403454e-06 0.0 5.619904197014572e-06 0.0 0.0 0.0 2.172177836690377e-07 1.7886121546065343e-07 1.7610139945660996e-07 0.0 0.0 0.0 0.0 3.0758063935472315e-07 1.235787176722132e-06 9.420026791845724e-06 3.663716716045521e-05 1.40072091444981e-07 0.0 0.0 3.977663749716665e-06 0.0 0.0 5.131944074190217e-08 1.7237763653707538e-06 4.683999610765177e-06 9.465456506290758e-06 4.89783127441613e-07 1.1389436591157286e-07 0.0 0.0 0.0 0.0
9.71226422181009e-05 3.7273988173549063e-06 0.00035101691926233574 9.073048859609642e-08 3.696808311123046e-07 8.450681854404187e-06 3.555264011783854e-05 0.0001857258708366422 1.9391053196191305e-07 5.123487022457475e-06 0.0002924521045908219 6.19591389667564e-07 2.595147782566575e-06 0.00020167801786199287 1.2586728176708885e-06 6.040668115460106e-07 0.0013376993444352719 0.0016895594284589118 0.0 1.7179232004241047e-07 7.429178704588644e-05 4.4698952407640134e-07 0.0001820918332183038 2.069954392756128e-06 2.8816621599974282e-06 0.004914008286364822 0.0006031310447358646 1.2235253302600417e-05 0.00025084499263142683 0.00030054600588139867 9.958213970539295e-06 3.5798517425866744e-06 2.1512370799105257e-05 0.0007054068616418826 8.932083241104629e-07 5.244307501563754e-05 3.463790400359723e-05 0.00020207098827678684 3.548873723412343e-05 1.7352783254011567e-06 8.973408418474508e-07 1.0676213222106648e-07 2.7191536022065327e-07 0.0 1.2244336108579472e-06 1.0285265345274164e-06 0.0 0.0 0.0 0.0 0.0 0.0 0.0 1.7357026310993441e-06 0.0 3.3320580305135733e-06 0.0 0.0 1.2561313564707765e-07 5.477833850812499e-07 3.133033764006167e-07 1.359809625937402e-06 0.0 6.858562911165904e-08 4.70367393986555e-07 3.0834131306816293e-07 1.0854072171482179e-06 1.2646743767837561e-06 4.757208995196693e-05 0.00017138270871918363 4.0117528124491315e-08 0.0 7.560454597263692e-08 4.377347047598971e-06 0.0 0.0 4.309940070180244e-07 7.333786155516746e-07 8.031687893380504e-07 1.0894424091099158e-05 1.0466061419727593e-06 7.348285614463509e-07 0.0 0.0 9.739278227413912e-08 0.0
2.3498686936862367e-07 7.863199106027097e-08 8.592905984652114e-07 0.0028980597615163206 2.1400240569545526e-06 0.0001596290445471645 2.923164650753067e-05 7.174345359831834e-05 0.00035664472178178666 0.001994593572279091 6.706974817257433e-06 0.003754635311185895 7.509143158696425e-07 3.112752131654781e-05 4.165877140093114e-05 0.0 3.219077443236463e-07 9.002199538541692e-07 1.7179232004241047e-07 0.0 1.0278057243637862e-06 6.004616180733755e-07 5.394299304284242e-07 0.00022114430179803757 9.757302703577055e-08 2.5149066788726376e-06 2.41710099947888e-06 0.0008840907239179063 3.214428005858777e-05 4.1390292865122964e-07 4.062424292640603e-07 6.7746708790739685e-06 8.541113229833096e-07 2.7003478116062097e-05 1.1389144747141106e-06 0.00013473325675820622 3.950187185360885e-06 7.647184667245568e-05 5.0312472310188695e-06 0.00012965542820387216 1.3964239608274967e-05 3.6425240664746737e-07 1.7936671143111914e-06 0.0 0.0 0.0 4.5678819572317095e-05 0.0 5.863200280903945e-06 6.5281802171158616e-06 5.632030657245964e-06 8.252119741329792e-06 8.054653067393213e-06 6.63062849448937e-08 1.9572147690314078e-05 0.0 1.0699724919134985e-06 0.0 0.0 0.0 0.0 0.0 1.772908545524244e-05 0.0 0.0 5.446032123641679e-08 6.299580923212664e-05 0.0 5.6379696901617664e-08 7.067862825101758e-07 2.8332385064718713e-05 5.019468317413099e-07 0.0 0.0 0.0 0.0 3.37340759169894e-07 1.2430895006410299e-07 9.687278881023609e-05 0.0 3.0064334323774386e-07 0.0 5.748655606610369e-05 0.0 6.956787215324707e-07 0.0
1.3341262515406673e-05 2.348719201242152e-06 0.0018151638360978208 7.745030227796075e-06 3.7647752682902325e-07 6.783289186303721e-05 0.000490398891761616 0.00018829905526571785 5.4811245304351926e-06 9.077735786834146e-05 3.191145313677215e-05 4.1486390466506377e-07 2.766664133584967e-07 9.657453243268847e-05 1.1773512249279553e-05 0.0013679855198341464 0.00046606044015403596 2.657184494118396e-05 7.429178704588644e-05 1.0278057243637862e-06 0.0 5.8268740760436374e-05 0.010314397577985 0.0002674263534260882 4.970983080200761e-07 0.00012068533955959068 0.00041415782392498484 0.0026713275802493198 2.8704780986613815e-05 0.004523057927097506 1.1817329254244575e-06 1.5232420522174443e-06 4.422942702065077e-06 0.0011632036583733433 4.27132871301887e-05 0.002677463789015527 0.000557805195729256 0.002254360024267664 0.0016259497277390398 5.770647946155388e-05 4.562792680163391e-06 1.9077524364718647e-06 2.1739139194373482e-05 0.0 1.4016447254469066e-06 1.0219355989032147e-05 3.5868520356168735e-07 0.0 3.64441311149052e-08 8.773928182522666e-07 3.4364124819404185e-07 8.026167363059143e-07 7.151689718701631e-08 3.0156424010658304e-07 0.0 0.0 1.5076022276894518e-07 0.0 9.704585186986168e-05 1.5045652748541349e-06 1.8203132706907643e-07 1.4210315978931253e-07 0.0 3.2434111551204324e-05 7.265328722177024e-05 1.997890173054672e-05 8.995313677686778e-05 1.4763095207517274e-07 5.59491201862678e-06 4.498202620211578e-05 1.8631670473909155e-05 0.0 2.0720793923295532e-06 0.0 0.0 0.0 2.4962879002074955e-07 6.215349910451152e-07 2.589750360689421e-05 9.179687843860721e-06 2.148223310744162e-06 1.2408501278216667e-06 1.7887476202481257e-06 2.3107836940244128e-07 1.4349843074493168e-07 3.898217800592844e-07
0.0 0.0013280142711026984 1.295252623554715e-05 9.791488446377229e-07 1.8485522155552042e-07 4.6678300221539816e-06 2.9319504528045015e-05 1.791856743571808e-06 0.001046215920432514 7.172537539583498e-06 1.7042169183209557e-05 4.639873223115626e-06 0.00010950583074585511 1.1070392439580255e-06 8.874850549037861e-06 0.0013262089223261767 4.9509156132795294e-06 3.909057639062378e-08 4.4698952407640134e-07 6.004616180733755e-07 5.8268740760436374e-05 0.0 0.00010545721558356363 0.0034998967641639775 0.0005747812422535334 9.234947678283253e-06 0.0031231906224244133 0.00022989158301210547 2.53897040737359e-06 3.887886712862427e-05 1.415290892785142e-05 2.0493852394313548e-07 2.3313465879022984e-07 2.8099081943443736e-05 8.519018819622079e-07 3.198566980311078e-05 1.735103916441873e-05 2.4373967058839798e-05 9.71274117297799e-06 1.2145655206156935e-05 1.3605370979922658e-07 4.130810913022981e-05 0.0 6.230955983552847e-08 2.151366915643172e-05 5.870481323781402e-05 5.127693471376844e-07 0.0 2.1895405434314546e-07 3.20472162817533e-06 1.2888013177931132e-06 1.2482758350686321e-05 2.916404476142131e-07 2.3008895350902976e-06 0.0 3.415256862998642e-06 4.5356978378633977e-07 0.0 0.0004822880527311547 1.2136215051157819e-06 1.812384901472047e-07 7.972315494555404e-07 0.0 0.00011210354727678581 0.00012554194939385372 0.00017241319057987345 0.00018969329127461497 8.79482126042723e-07 1.2364117286659653e-05 0.0004245631560616545 3.9057031367969056e-05 1.6383764461780232e-07 5.76508688968835e-06 1.2948210551733763e-06 0.0 0.0 1.0204462641274627e-06 0.0 1.0731730053176872e-05 6.570843640514782e-06 3.5032938778225436e-06 3.834306476326224e-06 3.0568967985362925e-06 0.0 1.4021300302095947e-06 0.0
4.025285721887189e-05 2.6722222626228666e-05 0.004339282646910938 1.4055886189560517e-06 5.443653965014866e-07 1.6064455365279674e-05 0.00038509307367144365 0.00010799103430984246 3.5230629214811853e-06 2.5275985443053328e-05 4.4436864619780536e-05 4.423431855201827e-07 1.1998413363865909e-06 9.801116382267688e-05 5.295763648338215e-06 0.0020795096511322447 0.0020899416421058838 3.632945027931623e-05 0.0001820918332183038 5.394299304284242e-07 0.010314397577985 0.00010545721558356363 0.0 0.0003466598558805101 2.340447449978146e-06 0.0009275310840937627 0.005155139480885837 0.002083494171390969 8.444837008916425e-05 0.002702826351994609 2.4188410897810253e-06 1.0933863159140964e-06 1.3023330055251188e-05 0.0017486382104537712 8.366479085330636e-05 0.004634876274796914 0.0019159175097432644 0.003411002646615926 0.0036749942499786172 0.0001669231305201237 1.1640106360971978e-05 4.8038933115659525e-06 3.431126778973143e-05 9.640549358655841e-07 5.5615050559423776e-05 0.0004332059284509562 0.0 0.0 4.3513976948591175e-07 1.5256021019266457e-05 5.53271032465584e-06 1.602203975776679e-06 8.544204146143356e-07 3.1472599237159596e-06 0.0 1.443277104396686e-06 6.570147293218206e-06 0.0 0.00042987531673715167 1.2525964448726805e-05 5.266864116231977e-07 5.212543439590499e-06 2.412864061807021e-07 6.0858282672920646e-05 0.0002874601333193072 0.0007032340191863207 2.728994261195352e-05 1.727682411145074e-06 4.666952054957816e-05 0.0013987983406671858 1.7616634933881793e-05 3.4619726566243185e-07 3.3088879728027774e-06 3.4390178419602763e-07 0.0 0.0 6.649274700455366e-06 6.192767288535698e-06 4.7877712020451716e-05 0.00013131424727415384 3.140751552783344e-05 1.8361496422103446e-05 1.13893836266067e-06 9.325424440091974e-07 0.0 1.3762953884814686e-06
1.5079713464100165e-05 0.0002946766602573594 1.8635122713377397e-05 0.0009585439966410057 5.298951995706083e-06 0.00018549062263716268 0.0010123018117486392 0.00011681384070390529 0.005946014620022405 0.00038030931159985487 1.3165788454820994e-05 0.00040345135701381823 2.6559651657224805e-05 0.00012126642334584262 0.00013770004281088037 0.0013333131694762885 1.0515921546964007e-05 2.2071085147554473e-06 2.069954392756128e-06 0.00022114430179803757 0.0002674263534260882 0.0034998967641639775 0.0003466598558805101 0.0 0.0001320948663198422 1.4499321242524938e-05 0.0021000190701062154 0.006385625624899536 0.00023892738025757876 0.00011051379094776143 4.363472185871031e-06 6.223418887256638e-06 3.1653115192381685e-05 0.00013554874441569904 2.8020360049191094e-05 0.0016511250147938233 0.0001544203227154939 0.0005653913305410093 0.00019719777395530425 0.00015712246762903382 3.494719175797047e-05 1.233403013769402e-05 1.3426719955394909e-05 2.596547825362301e-06 3.228020015327075e-06 8.845267533481121e-06 0.00011628835572519962 6.53626823097623e-08 2.308357436111703e-05 0.00018789094809979503 7.4970749867794e-05 0.000501741943691793 2.7081260256053674e-05 2.752071372228401e-06 1.0131202197075987e-05 4.005429739829296e-06 2.9051395622995966e-05 1.4552953825572194e-06 0.00023648628874931718 2.2392630454811676e-06 3.809122012185687e-07 1.172212396540165e-06 7.428617873598528e-05 8.641381008042533e-05 0.0002075548602193164 3.870212405321689e-05 0.00215094759976979 2.358158748981497e-06 7.947541706904076e-06 7.170489044320992e-05 0.0009132143821818364 2.0039335231383074e-05 4.286711762962214e-05 3.112739537662016e-07 5.734659100329536e-07 1.1677312649813848e-06 1.082086102312506e-05 1.6149902183611764e-06 0.00042986968229352077 6.606319598329909e-06 4.732548951972009e-05 1.1460168118202358e-05 0.00018770262346302154 3.1157818983432377e-06 1.6303422700287414e-06 8.461658858124026e-07
