0.0 0.0 6.076405400773299e-05 1.252003880975997e-06 0.0 1.526040543019769e-06 0.0010246800957220794 0.00017847266819746814 1.211936082242933e-06 2.1467919415695354e-05 2.0787164352019954e-06 8.717185200579757e-07 3.623114871896372e-07 0.0034521349833715035 0.0 2.485144666419025e-07 6.625893183910974e-05 1.6462292491092515e-06 6.106897880074962e-06 1.6046566356583633e-06 2.9394894013223806e-05 1.1381117571177154e-07 0.00012282889087172368 2.83048304161916e-05 1.1802069247272556e-07 2.8194530134908023e-05 1.2584913385103842e-05 5.275607523649341e-05 0.0014114722649942013 0.0013592877028799637 0.0 5.523129775145351e-08 1.7367159814181774e-05 2.4001105304623185e-05 4.865834670403505e-07 1.7118643855542952e-05 2.3721450701624206e-06 1.1050469685582593e-05 3.4071757339857906e-06 9.294430825750409e-07 6.195863662785111e-08 0.0 6.198686754992644e-08 6.533598270446465e-08 0.0 3.624130182067946e-07 1.426587355161205e-07 0.0 0.0 4.546921624758677e-07 1.6724290785847162e-07 4.3454277335350573e-07 0.0 0.0 3.327681051587876e-07 0.0 4.784257126873998e-07 0.0 1.286647965826031e-06 6.69937626301169e-08 0.0 0.0 0.0 1.6493377264751623e-06 0.0 2.9958072335005205e-07 3.8088733486667657e-06 0.0 5.833955361642159e-08 8.095340067986805e-07 5.546102335881245e-06 1.2060170086660836e-07 2.552074356766931e-06 0.0 0.0 0.0 2.866215599238095e-07 1.103977500570268e-07 1.5748474441373823e-06 0.0 3.307608051036009e-07 0.0 8.776150047179019e-07 0.0 0.0 0.0
0.0 0.0 1.5654240927416414e-05 0.0 6.734537322704174e-07 1.986698670404193e-07 5.275793396792552e-06 5.768027361247465e-07 0.00037622754414733003 1.934291087570472e-07 5.68270959458702e-05 2.9406773163127537e-06 0.0004988224487992635 8.340693695275723e-07 2.286648265125599e-05 0.0002673259879621708 1.978738927864057e-05 1.3735609655609398e-06 5.738102713404762e-06 0.0 8.677822844736794e-06 0.0012579157670185956 5.23373427072985e-05 0.0005904438790259054 0.0015114240197172475 3.300923832960172e-05 0.0035781551832157798 1.4364097279679788e-05 6.644130626208623e-07 3.9181981774107214e-07 1.2135966012576051e-05 3.1142577046708836e-07 0.0 3.078343349526089e-05 2.9499565800912917e-07 2.84258051956937e-05 0.00011902501518614498 7.117942559928145e-05 1.6439015876430084e-05 1.1653318738491511e-05 0.0 8.298731006126414e-05 2.998713869176935e-07 0.0 2.5531094323452952e-05 2.5474543803698327e-05 0.0 0.0 0.0 5.126218724795224e-07 8.562298660137828e-08 0.0 0.0 3.827135324074526e-06 5.274208269176205e-08 1.740622018065416e-05 2.2830689381900276e-07 0.0 4.146389585653158e-06 1.1429414501897238e-05 3.22855738608503e-06 1.658866994188806e-05 0.0 3.936808226922992e-07 1.9084767641871796e-05 8.494889273974108e-06 1.8203426397837214e-06 1.4612043746856354e-05 9.805064658308626e-05 0.0006627252523830591 6.536422741810808e-07 1.832354305761054e-07 3.3966147361938756e-07 2.743524078766873e-06 0.0 0.0 2.2104975686726495e-06 3.8036116021242276e-07 1.19699702218949e-05 1.3261953309585288e-05 1.0217557997002524e-05 8.139762006879551e-06 3.8984754408972165e-07 8.868675421090714e-08 4.787327957438125e-06 9.283921985161675e-08
6.076405400773299e-05 1.5654240927416414e-05 0.0 5.425125805267917e-07 0.0 4.2387315233499405e-06 0.0008978817426994796 0.0001607974481441192 3.075338568035608e-07 5.624010876355664e-05 8.938743529045202e-06 7.024498606978387e-07 1.21907041447468e-06 0.0002898432993353398 0.0 3.09690729340811e-06 0.003088363159806269 6.80682582715881e-06 0.00013095954549537724 3.1312606185674514e-07 0.0004432145566950209 3.09371201609153e-05 0.004921292714612248 3.9415783040610064e-06 5.526568389218652e-07 0.005071154698541968 0.0021765316885327918 0.0001256538281612167 8.784267083807677e-05 0.000849311356485677 1.7760303563955498e-06 4.0741445371759813e-07 3.8104048438000636e-06 0.00042605928920905884 1.3046370880136727e-05 0.000634083489656518 0.0020501894449443626 0.0007503925945927028 0.0004081908009820153 1.99011687003115e-05 8.819262990725343e-07 1.7726630865222114e-06 3.5670048966210732e-06 4.4754965978480804e-07 7.221985106484587e-05 0.0008177338086923584 0.0 0.0 2.1601107556590075e-07 1.056638029408489e-05 1.0343003417801799e-06 1.9625932786190405e-06 8.669529356277675e-08 3.082778492162702e-07 0.0 7.486243735613182e-08 1.6501077556968328e-06 0.0 8.286316208432815e-06 4.8228149561861607e-05 5.851866053271365e-07 7.273886953350125e-06 0.0 1.2350645031621878e-05 0.00012391004552529919 0.0002549504361776068 4.339277417152975e-06 0.0 0.00011521844050321727 0.0016779306029907105 5.065268857792234e-06 2.574321949095636e-07 5.301211900498254e-06 1.3468823722453288e-07 0.0 6.528738205415904e-08 2.2509297314418403e-05 5.46506566422045e-06 0.00011808864271822018 2.6180036936899574e-05 8.010245271280331e-05 7.525113268575019e-05 3.03653468711743e-06 0.0 0.0 0.0
1.252003880975997e-06 0.0 5.425125805267917e-07 0.0 2.0891829022424046e-06 4.030860058702201e-05 0.0001817444967414618 3.650455773509954e-05 0.0004653501247838858 0.0033374140157730447 3.6733980433650035e-06 0.001974413290821853 4.541966310143364e-06 4.5808686193937926e-05 6.142814102932424e-05 6.17977400145581e-07 6.551640274521502e-07 1.0327498101035726e-06 2.0670894035225586e-06 0.0028137014727372908 0.0 0.0 4.5634126625137514e-07 0.0009179026554782612 1.8586004038580282e-06 1.6179846106924965e-06 1.0460880076151893e-06 0.002751201071449833 4.352327492506826e-05 2.574027937938271e-07 9.545703919466907e-08 6.069655894249695e-07 1.5303023590788503e-06 2.0823021422005775e-05 2.0694059439697575e-06 0.0002082145815987591 2.259040795903564e-06 6.100923128265791e-05 1.3542078990759614e-05 0.0001538086872181184 1.4854684514180615e-05 4.880496595163883e-06 4.85258621420791e-06 1.9682027565665158e-07 0.0 0.0 0.00011283279706528582 0.0 6.541460768221654e-06 0.00010509259981961077 1.0448486952116602e-05 5.906118848039082e-05 5.3572503627313614e-05 2.9277850043786676e-07 6.758199879773842e-05 5.723295998075128e-08 1.0707542865957754e-05 6.3511226758693856e-06 6.582395513287106e-07 0.0 0.0 5.68109505331715e-08 5.1554382457001176e-05 1.0410994427828477e-06 0.0 5.920215853033082e-07 0.00021111906515947342 0.0 2.955389580296876e-07 1.3627092833050677e-07 0.00013579511604475694 4.2897734734640426e-06 6.164716764380381e-06 1.0586683960703687e-07 0.0 0.0 1.7439982023068948e-06 0.0 2.4427769970653915e-05 1.0830035344845739e-07 7.166726414499526e-06 8.887624952142611e-07 4.203956996594572e-05 0.0 2.2962740554275297e-06 2.6396994569580195e-07
0.0 6.734537322704174e-07 0.0 2.0891829022424046e-06 0.0 3.0363822556014963e-05 8.170235304199553e-08 1.2326670020306893e-05 1.0684485019000274e-05 3.204842437773447e-07 3.7358392009905053e-06 3.303827301173102e-05 9.495396792462323e-07 2.3092174546734516e-06 0.00046566454945144096 0.0 7.650012881795891e-07 1.0428527146905135e-06 2.3921630590744246e-06 5.134644741865731e-06 0.0 1.508550832739424e-06 8.903720213684428e-08 1.3743848516920852e-05 5.383606331147034e-08 1.1098202984167253e-06 1.6047727899170217e-06 7.279803310405973e-07 3.3611117960647636e-06 0.0 2.2921728359106523e-07 3.619484091127594e-05 0.0 7.017190083479581e-05 0.0 1.3370439230672824e-06 1.0371322355157517e-06 1.127180591547041e-05 2.2079850416835227e-06 0.0007102684238027759 1.308753670501616e-05 0.0 0.0 0.0 0.0 1.9364809378367987e-07 0.0 0.0 0.0 0.0 0.0 0.0 0.0 0.0 0.0 0.0 0.0 0.0 0.0 0.0 0.0 0.0 0.0 0.0 0.0 0.0 0.0 0.0 0.0 3.7046969708226317e-07 2.392602032150828e-07 0.0 0.0 0.0 0.0 0.0 0.0 0.0 0.0 0.0 0.0 0.0 0.0 0.0 0.0 0.0
1.526040543019769e-06 1.986698670404193e-07 4.2387315233499405e-06 4.030860058702201e-05 3.0363822556014963e-05 0.0 0.0009185522746558905 0.0026850165998880417 4.9055943404285355e-06 0.004580154345367666 3.0799205933805694e-05 0.00112123591552667 1.0584460542596337e-05 0.0005661734431623072 0.000292822309241253 4.3992969300441907e-07 4.237058597774903e-06 9.556088573253349e-06 9.440774668276027e-06 0.0001680705915982097 2.611717493584089e-07 9.199868311845167e-07 5.329003105588364e-06 4.965917506872884e-05 4.403392440687707e-07 1.191301807077946e-05 1.1060292190872003e-05 0.0002844927702665988 0.0003648161052535554 1.9970678191246254e-06 9.034332340404642e-07 0.00024855509149879023 1.6770827674253396e-06 0.00013165734528647625 4.933060031076217e-06 0.00014263338169069012 1.4578799748570731e-05 0.00017018338650933484 3.833468127978802e-05 0.0005722573789193557 0.00010618033145053574 8.085534651704106e-06 5.277629079588805e-06 0.0 4.4194670566699334e-08 1.613487343310265e-07 2.4374918729789885e-06 0.0 2.1692832768793328e-07 1.1063591727428679e-05 4.31615036577823e-07 6.63569724945584e-07 1.1204181614882298e-06 0.0 1.562180193878441e-06 0.0 4.5547307449858654e-07 5.637264195959703e-07 7.279396041219261e-07 0.0 0.0 9.645928916913213e-08 1.6900698608667164e-06 3.0634748103577826e-07 4.3460618949141415e-07 3.401743277084406e-07 9.323519424552639e-06 0.0 2.9683144946622145e-07 1.6237850391698941e-06 6.307502457550211e-06 1.5448680228728085e-07 4.951540322828518e-08 0.0 0.0 0.0 3.7900700792847225e-07 1.748235059806889e-07 1.14056655594598e-06 3.103591807375772e-07 7.256179357189338e-07 2.123278868381554e-07 2.7617915457263148e-06 0.0 0.0 4.154306522509169e-07
0.0010246800957220794 5.275793396792552e-06 0.0008978817426994796 0.0001817444967414618 8.170235304199553e-08 0.0009185522746558905 0.0 0.001901816470196248 6.693360535617696e-05 0.007796538952190265 2.8540566898820118e-05 5.558113737729152e-05 2.66983794766207e-05 0.00468942629251886 6.531056191888128e-07 2.5649566806801928e-05 0.00019543461682363313 1.1883300120929945e-05 2.8775382898756235e-05 8.387965537184487e-05 0.00011810364638968077 2.1704980783228498e-05 0.0012396070882038708 0.0011451155973807349 2.1712346425133688e-05 0.0003416923837192034 0.0004205112303302724 0.013037078411943072 0.0011699351029277243 0.0028149507827029017 4.866849562648771e-07 4.568491612268627e-06 8.373652616832579e-05 0.00031814754758854353 6.280814532358076e-05 0.0019624129071037135 0.00010630021941267509 0.0007990246747745824 0.00037210928805677144 0.0001389967658431646 0.00010718886178751002 1.5366817985439344e-05 3.989566649279601e-05 9.766803101553083e-06 1.3936808574445142e-06 1.5201346395546494e-05 2.4369056473294547e-05 0.0 1.2747172538461776e-05 0.0004667574908681307 5.7462137394172604e-05 3.313561062736589e-05 2.1162482190695225e-05 4.072226280499883e-06 1.1723660542205559e-05 1.877449557369377e-07 5.769626209802414e-05 5.088278275449191e-06 4.7563146897164577e-05 1.3898366291726783e-06 1.301273702347437e-06 1.1109265995039802e-06 2.25495974425651e-05 3.2037447626851796e-05 2.8895665533783337e-05 4.5184059460861256e-05 0.00037923209272330014 0.0 4.733629538156047e-06 7.773238709349385e-05 0.00036717471338135063 3.4648486729915674e-05 7.161103925670241e-05 4.1275834785514867e-07 5.118015834401057e-08 1.093242377961573e-06 1.4441978189792233e-05 1.7090175655806497e-06 0.00014806881350855122 3.994797006630956e-06 6.921915674737898e-05 1.5992966271182458e-05 7.916535127273732e-05 4.639169019166165e-06 1.1784323461005782e-05 1.9987254778516484e-06
0.00017847266819746814 5.768027361247465e-07 0.0001607974481441192 3.650455773509954e-05 1.2326670020306893e-05 0.0026850165998880417 0.001901816470196248 0.0 4.646630044392528e-06 0.0020091220878368887 1.737978451536334e-05 0.0004727020205557844 1.0781597815357268e-05 0.003067782706737496 0.00022743313687173826 9.825865416925786e-08 0.0001487803945784539 8.179756292375116e-06 1.8829195106190754e-05 0.0001481662007362181 3.4256142778254516e-05 2.62007054490056e-07 0.0002044630771113498 9.290975672243486e-05 3.3618273026203503e-07 8.337647213098273e-05 3.895241486590504e-05 0.00016142107808951825 0.000462758120165844 0.0005625171404426138 5.611662322907294e-07 0.00011695345203195354 4.531881877899218e-06 8.043371048243778e-05 4.724145703629225e-06 0.00019944067345038877 1.9654066908174393e-05 0.00011019014098866504 5.114902321858993e-05 0.0006084636232090474 0.00016563562189377971 1.2590077754816721e-05 9.225369055089668e-06 9.567353087295089e-07 5.755675674605569e-08 1.6463922779825655e-06 1.28392831455888e-06 0.0 5.242099826819369e-08 1.8385237543915694e-05 1.5210310860513133e-06 1.8480498918371694e-06 6.685759388058937e-07 4.332677972085216e-08 1.1205227893393261e-06 0.0 1.2857537790569128e-06 0.0 2.6279379073379694e-06 5.923948687226901e-08 0.0 1.221698899297101e-07 1.025263964233804e-06 3.7074880707713224e-06 4.3257532257174443e-07 9.98997905976381e-07 1.9032785946841795e-05 1.2673944184609657e-07 5.391796056862514e-07 4.87885206350218e-06 1.770917730138811e-05 2.3126304080714687e-06 3.701369295287671e-06 0.0 0.0 1.6880224106311627e-07 5.572218730548671e-07 0.0 5.881634371599469e-06 4.2528573907526694e-07 2.8105932144065576e-06 1.7704654795436166e-07 3.53867582037314e-06 8.364373775995464e-08 0.0 0.0
1.211936082242933e-06 0.00037622754414733003 3.075338568035608e-07 0.0004653501247838858 1.0684485019000274e-05 4.9055943404285355e-06 6.693360535617696e-05 4.646630044392528e-06 0.0 0.00014747203045121254 1.924354626314778e-06 8.223662546981856e-05 9.769321500406829e-06 7.010301211488122e-06 0.00018562921587883147 5.44134132803022e-05 9.65235695786445e-07 9.849013519248643e-08 3.2915998017514216e-07 0.00022877821908074417 2.5342392174376763e-05 0.0014840993407992966 1.3572619285845974e-05 0.006428779242065866 0.00013471210437324713 2.7720430690874855e-06 0.0002532474963805805 0.0008060158909633095 1.4410269824110359e-05 1.0206404948086274e-05 9.47158727996513e-07 0.0 1.8268283838202478e-06 6.734935167652648e-06 1.1428698397707033e-06 4.508118158841322e-05 9.02498155271783e-06 1.3223653861541066e-05 5.954286455224624e-06 7.367980742840983e-05 1.1659391211919547e-06 2.9860474338742937e-06 2.2651671065985401e-07 3.651589599641751e-06 1.3376195329706778e-06 1.5409663171958946e-06 6.224187804577132e-05 0.0 6.327547557341786e-06 0.00022324359188122595 2.186125646474485e-05 4.494584482150315e-05 4.341061559187348e-05 1.299911082876495e-06 5.269667560443935e-05 1.0879000761232542e-06 1.1605539434578916e-05 6.0593814016586636e-06 8.468697434831715e-05 5.366574580335245e-08 1.8696253082098554e-07 4.79210962785191e-07 5.069755026723442e-05 2.3991997670641374e-05 1.0022845026987196e-05 3.1565285726793828e-06 0.0009406887873125405 6.61724872846144e-08 2.9804775001140384e-06 7.2579883888249555e-06 0.0004359100881972579 1.58631498343592e-05 1.819403971028058e-05 1.8013617266453894e-07 9.2875520930691e-08 1.779405675529572e-07 6.1770926071628545e-06 2.658060297013095e-07 4.1599335190916045e-05 3.0429778653595316e-06 2.6274306455208377e-05 6.244213854033825e-06 2.2418736210869267e-05 2.717515914475316e-07 3.693314831421632e-07 0.0
2.1467919415695354e-05 1.934291087570472e-07 5.624010876355664e-05 0.0033374140157730447 3.204842437773447e-07 0.004580154345367666 0.007796538952190265 0.0020091220878368887 0.00014747203045121254 0.0 5.043871967418272e-05 0.0030651984874617644 1.4230623398389326e-05 0.0009574226944489886 1.6356249524801684e-05 2.378530403224294e-06 3.178693064959019e-05 2.3437266533897955e-05 2.860178631993295e-05 0.003113834305994465 2.905318690316904e-06 9.332807535831108e-07 4.469175400175291e-05 0.0007535458193743361 3.0350970624120715e-06 5.3130253519685125e-05 4.672852496636947e-05 0.0034242985851806983 0.0006536518690711656 2.579020982522703e-05 1.8537226939787658e-06 9.895571523381568e-06 8.97262132929328e-06 0.00024404786745274508 1.799789986044526e-05 0.00104792629266303 3.321552810073359e-05 0.000642244929283649 0.00010528788354322582 0.000158897765989617 0.00010246203702579589 9.154096220223233e-06 2.8244096454098353e-05 1.824328891952653e-06 5.281160891228691e-08 1.0018778110861644e-06 9.876603143435274e-05 0.0 7.157537034131953e-06 0.00013974549565953337 1.3855502749883755e-05 2.9895515261339042e-05 2.65003767704206e-05 6.804704642184813e-07 4.657642278890415e-05 2.3157172577509633e-07 1.0580739531537754e-05 3.3154399733225375e-06 3.6720844173950965e-06 6.68270894394009e-08 0.0 0.0 3.2593773098128115e-05 6.632177131394045e-06 1.8453498496723688e-06 3.099488427179885e-06 0.00017872284863957062 0.0 1.022557807807124e-06 5.922139605440126e-06 0.00010797606685680346 6.986257819070692e-06 1.1606241195538245e-05 0.0 0.0 0.0 2.8086684673349024e-06 0.0 2.267124153522801e-05 6.32527746940367e-08 1.3485751204830602e-05 2.39865400629348e-06 3.589231726788745e-05 1.3098991204178049e-06 2.2116700818248108e-06 6.109820827415164e-07
2.0787164352019954e-06 5.68270959458702e-05 8.938743529045202e-06 3.6733980433650035e-06 3.7358392009905053e-06 3.0799205933805694e-05 2.8540566898820118e-05 1.737978451536334e-05 1.924354626314778e-06 5.043871967418272e-05 0.0 4.4557776878678474e-05 0.0019213060853529326 0.0001618293318646393 4.694535649814531e-06 7.236420386464964e-07 0.0003903627677875044 0.002349085027754465 0.0008540092215579585 1.5956578092086473e-05 7.292840304248475e-06 7.587555236977556e-06 3.965628790777505e-05 9.072196718804175e-06 0.00039088009917124145 0.0016508390784353102 0.001501502105138955 1.1929982844721196e-05 0.0002548272893765747 2.0410881726284436e-05 0.0006306181666609893 6.920644153589701e-05 1.0306756159277462e-05 0.0025420219018658374 4.775566871716276e-06 0.00036189572928019113 0.003022623047260495 0.0023155082049436345 0.00023660480537194238 2.9747235429524097e-05 2.85694873115384e-05 0.00022954523333605967 7.673407686018098e-07 2.3173580782270557e-07 1.1035248512733761e-05 1.1233701170934356e-06 3.1053898935213967e-07 0.0 2.3257400918366401e-07 1.1655719060625585e-06 4.340962190938832e-07 3.5412215850415067e-07 3.1912137772988165e-07 0.00013450091461676383 3.957241062025664e-07 0.0005423168185784615 1.4289391142583414e-06 0.0 2.803576637091227e-07 8.77402225896936e-07 2.7855364752353494e-05 6.778563995253759e-06 1.2700049533484772e-07 2.2578420286207622e-07 8.232144023709232e-07 1.9081759592197598e-07 5.98541060172117e-07 6.265326037543809e-05 0.00010065542517931785 0.00011825421203600075 1.1402591502504576e-06 1.2737581614497907e-06 2.403131267543369e-07 7.028211248226804e-05 1.8981294287124444e-07 0.0 3.104033935795798e-06 5.567274244403986e-07 4.605894391061464e-06 0.00015002095296657992 2.6978797881739365e-05 2.3092328427200955e-06 4.6809253488425913e-07 1.847301649113912e-07 0.00012434676427794492 0.0
8.717185200579757e-07 2.9406773163127537e-06 7.024498606978387e-07 0.001974413290821853 3.303827301173102e-05 0.00112123591552667 5.558113737729152e-05 0.0004727020205557844 8.223662546981856e-05 0.0030651984874617644 4.4557776878678474e-05 0.0 1.621439578640139e-05 0.0004483583966222506 0.0009163090162201024 1.1345254896799553e-07 6.774320914831045e-06 1.5766321691789544e-05 1.8738989871071767e-05 0.0025226644696933957 2.677037620164445e-07 6.117684934206638e-06 1.1402026298966238e-06 0.00034636531297176803 7.119963536621743e-06 1.73010933756977e-05 1.2938295492240364e-05 0.0002735745005811286 0.00024766158434053666 1.6454840697858285e-06 1.2926891282151064e-06 9.818194630306399e-06 2.3698995228570865e-07 0.0001565968981509058 1.3471329704716437e-05 0.0004938107612410849 1.612859385211364e-05 0.0003159249415538022 3.191684182612812e-05 0.0006708967946890966 4.149926896367398e-05 1.0305077934396843e-05 8.858162091973436e-06 0.0 5.1383805475155976e-08 2.7804213464358805e-07 3.2027616758856975e-05 0.0 1.365781050024123e-06 2.7032213231174808e-05 1.984961969274623e-06 1.156042859431932e-05 2.4940692532753198e-05 0.0 2.6853313338858432e-05 5.690474573437604e-08 1.6729353503344256e-06 2.8420583302603852e-06 8.490252009637372e-07 0.0 3.911586625017832e-07 0.0 1.333169731568827e-05 6.057317581249641e-07 0.0 0.0 4.6855743949398644e-05 0.0 5.306221758675965e-07 8.152276676422868e-07 4.028595278010266e-05 8.216538697177756e-07 8.011500540110283e-07 0.0 0.0 0.0 3.9372534856110615e-07 5.3702708543356804e-06 9.464203784248083e-06 8.216291619144729e-08 1.0328574135899789e-06 5.609519781898987e-07 3.1374384027381714e-05 2.096234606263885e-07 0.0 0.0
3.623114871896372e-07 0.0004988224487992635 1.21907041447468e-06 4.541966310143364e-06 9.495396792462323e-07 1.0584460542596337e-05 2.66983794766207e-05 1.0781597815357268e-05 9.769321500406829e-06 1.4230623398389326e-05 0.0019213060853529326 1.621439578640139e-05 0.0 6.310731270109561e-05 3.3039632906322433e-06 6.163456662232683e-06 1.3049653415451213e-06 4.4928505614844685e-05 4.422090655933819e-06 9.498193455010169e-06 9.053238026807616e-06 4.336975252534903e-05 5.17387265917408e-06 2.340109070315884e-05 0.002807303876936032 7.669631380383543e-05 0.0015424806279684107 4.194081634911263e-05 2.6396497228915677e-05 8.397111364615694e-06 0.0006107380969159843 1.4049060872491943e-05 0.0 0.0006697898573842652 2.6729952985841652e-05 0.0009378593604580476 0.003032108329216574 0.001280022689920112 0.00010898682933818639 0.00014561522607730275 5.396951820636865e-05 0.0005321880071200282 3.0326875876918613e-06 7.378494309340398e-07 2.911993218353374e-05 0.0 5.5905847528899593e-08 6.237171916950153e-08 6.936703323015601e-07 5.589539778309075e-06 7.225988151768409e-07 5.488453551762266e-07 4.6603074559709343e-07 0.00044342485109872073 8.741942778905637e-07 0.0019672612373486517 4.562319367293188e-06 7.51727894321222e-08 7.015338414584134e-07 2.9163704338962023e-07 5.5460797879211005e-05 8.82959048055144e-06 4.601080277028423e-08 2.9793871512739426e-06 1.1206417186286673e-06 1.2763264648839234e-07 2.6025169211500006e-06 0.00032091476293173813 0.00028607130546321916 0.00030778992971405134 3.2536357395690124e-06 5.2958438000689695e-06 4.017766884279957e-06 0.0002463258959071176 5.870822020388399e-07 6.55919249544744e-08 9.62045981069019e-06 5.530364497455436e-07 0.00011375953157999937 0.00038919787300564535 9.05469250271962e-05 4.131650432290407e-06 2.5275837815287146e-05 1.7207528945041636e-07 0.0006777173265348895 7.342172835462362e-08
0.0034521349833715035 8.340693695275723e-07 0.0002898432993353398 4.5808686193937926e-05 2.3092174546734516e-06 0.0005661734431623072 0.00468942629251886 0.003067782706737496 7.010301211488122e-06 0.0009574226944489886 0.0001618293318646393 0.0004483583966222506 6.310731270109561e-05 0.0 0.0001269172935792336 1.1552059210442748e-06 0.0003064811203573768 5.5680007783631245e-05 9.23038829738469e-05 0.00017783278638518134 8.658815945358582e-05 5.861140381340216e-07 0.0004576360554968991 0.00016213731314498924 1.7141320014583007e-06 0.0001883576348930363 9.403558444264213e-05 0.00028485150348337053 0.00308426797510348 0.0017828537878767537 4.305152810523969e-06 1.6421691305550904e-05 7.119678870296614e-06 0.0006565378962037196 1.3532352955399774e-05 0.0005469453379242317 8.021530656561875e-05 0.0005933265014674645 0.00014327027515016966 0.0007065758680885201 0.0002364158375805466 4.479076797831707e-05 2.454237319194524e-05 1.0230404458241409e-06 6.129136879838787e-07 2.0259963479718e-06 1.7581810957542895e-06 0.0 2.5809961486420277e-07 1.5242733825850509e-05 1.918539219358518e-06 1.7942131598436074e-06 6.130444362291968e-07 1.5263751181045448e-07 2.5223492144056627e-06 3.833849239157925e-07 3.4802677978897517e-06 0.0 5.340713421622371e-06 2.259283456455519e-07 8.308901581341073e-08 2.3293679429420026e-07 3.024195546623287e-07 7.557520377788283e-06 2.557544506441994e-07 1.4972132986132303e-06 2.18858238406289e-05 0.0 2.242466335878238e-06 9.710774755644171e-06 2.715138808983479e-05 4.014532193169164e-06 7.272530034394017e-06 6.033256895041604e-08 0.0 5.925701052234479e-08 8.57901307950429e-07 3.445787067895552e-07 9.128940525296772e-06 2.1919472951601485e-07 3.6335337120547725e-06 1.3212477086948334e-06 1.4161816086340208e-06 3.284665735626992e-07 0.0 0.0
0.0 2.286648265125599e-05 0.0 6.142814102932424e-05 0.00046566454945144096 0.000292822309241253 6.531056191888128e-07 0.00022743313687173826 0.00018562921587883147 1.6356249524801684e-05 4.694535649814531e-06 0.0009163090162201024 3.3039632906322433e-06 0.0001269172935792336 0.0 7.67858345258138e-08 1.6330030391310072e-07 1.1352362694890028e-06 4.6469873922818025e-07 0.0001624723569424779 0.0 6.544214891722355e-05 7.952907773302641e-08 0.0007498480300483364 8.387301764890656e-06 1.4182572229234405e-06 1.8543548835815305e-05 4.3092708231557364e-05 1.2742819752383327e-05 1.8395192761704077e-07 2.4744185459429954e-07 0.00017475275472621278 0.0 2.1962154185630637e-05 1.290231842725312e-06 3.769907658384238e-05 1.8741784732357224e-06 3.115895206812093e-05 7.402676444933412e-06 0.0004713035975825615 2.623720917218784e-05 1.5108141377335669e-06 9.282475960137538e-07 0.0 0.0 0.0 2.28138515488952e-07 0.0 0.0 1.0457721430912022e-06 1.228917322481191e-07 3.377040906823752e-07 3.8497214952220333e-07 0.0 4.4618533099526853e-07 1.7039703949422e-07 0.0 0.0 1.842462388454945e-06 0.0 0.0 0.0 0.0 4.6464877613811203e-07 7.403683563749353e-07 0.0 1.3571517327013057e-06 0.0 1.9418752798589346e-07 2.7954890107726843e-07 1.8366386564066385e-06 8.385915369592082e-08 8.888225177905522e-08 1.0646809764792702e-07 0.0 0.0 1.0615629118838636e-07 0.0 1.4335421964023833e-06 0.0 7.309030443420634e-08 9.510097851842138e-08 1.2585719523158485e-07 0.0 0.0 0.0
2.485144666419025e-07 0.0002673259879621708 3.09690729340811e-06 6.17977400145581e-07 0.0 4.3992969300441907e-07 2.5649566806801928e-05 9.825865416925786e-08 5.44134132803022e-05 2.378530403224294e-06 7.236420386464964e-07 1.1345254896799553e-07 6.163456662232683e-06 1.1552059210442748e-06 7.67858345258138e-08 0.0 6.748365501198027e-06 3.872665733092065e-07 9.091667441574959e-07 1.0516678378704071e-07 0.0007673201970109936 0.0008548496883929484 0.0017491369069896957 0.001059311573148005 3.288915879840156e-05 1.5303731098234564e-06 0.0021258254850135953 0.000993941546291905 8.766763317829755e-06 5.862561415624943e-05 2.0992599748042757e-07 0.0 2.192884448932947e-06 4.278688098936849e-05 1.87895291101683e-05 0.0007151557224202474 0.0001336213250941303 0.00019684234397531142 0.00029672405783083984 2.0354921076078824e-05 7.83169957359925e-07 3.338154978612875e-06 6.172263757048205e-06 7.673515673996704e-06 1.679333555526571e-06 3.3405869628440105e-06 0.0 0.0 4.6062309262206226e-07 9.636337253219775e-06 2.073317596292791e-06 4.463569294057265e-05 1.4005928403428524e-07 1.1355545078344169e-07 6.462074362171497e-08 1.4770112089834855e-07 4.129323648469411e-06 3.1209098377082365e-07 0.0020012905757408514 8.784893316288854e-07 1.5564199239399365e-07 5.720974375644034e-07 1.2970301998191526e-07 0.00043033987302632394 0.0006290006161002015 0.0005420118390078437 0.00016906776419432074 2.1280267619911634e-07 1.976395190444468e-06 0.00012805767016259718 0.0002223230222100129 3.260334564587225e-05 0.00010525966050324063 7.595949391346378e-08 4.2406731671822105e-08 4.818358789348719e-06 7.837978602925531e-06 2.0358446602107044e-06 6.862513831435749e-05 5.581402460552564e-06 2.1286435062913805e-05 1.3596403095875253e-05 4.140386266491232e-06 0.0 2.0709862905091458e-06 1.3884397104896763e-07
6.625893183910974e-05 1.978738927864057e-05 0.003088363159806269 6.551640274521502e-07 7.650012881795891e-07 4.237058597774903e-06 0.00019543461682363313 0.0001487803945784539 9.65235695786445e-07 3.178693064959019e-05 0.0003903627677875044 6.774320914831045e-06 1.3049653415451213e-06 0.0003064811203573768 1.6330030391310072e-07 6.748365501198027e-06 0.0 0.000233923084795558 0.0022766716657843253 1.9625748104555093e-06 0.0002534239890090068 9.882990689834872e-06 0.0024017248700618516 6.187986963873991e-06 5.596321084009567e-07 0.00243384717673109 0.004053923019920027 3.555825286398347e-05 0.0003220274281966253 0.0006489918124921778 1.0557987886648035e-06 1.3164122708078017e-05 1.83370525422193e-05 0.002038630217415921 8.777168048796013e-06 0.0005076566416222294 0.0009112951604059095 0.0015578607825799586 0.0004760214398290718 1.0204883107050682e-05 3.8846871325731005e-06 1.775270265461473e-06 1.9567260028287497e-06 3.28947936904478e-07 2.4329453542351896e-05 0.00013013219361420296 0.0 0.0 0.0 1.5123958968638743e-06 0.0 7.982281264110209e-07 0.0 5.4625659842860175e-08 0.0 0.0 1.4480786304303908e-07 0.0 6.1294771763347116e-06 2.6573739671468177e-05 5.224783844325812e-07 1.4226781059144401e-05 0.0 4.448190605201042e-06 5.488737031176681e-06 2.0471815490586793e-05 2.724944537875054e-06 1.0041708640748784e-06 0.00015882865662132913 0.0004484053498404859 3.6345154543853234e-06 6.214585256828866e-07 1.600160659668422e-06 1.783852244271434e-07 0.0 0.0 4.8541013266299526e-06 1.4540840475823807e-06 2.6884193675505672e-05 6.740703419983628e-06 2.0635358898053744e-05 1.2404217086705607e-05 1.2942887035439053e-06 1.5345209197651e-07 0.0 1.210821364119844e-07
1.6462292491092515e-06 1.3735609655609398e-06 6.80682582715881e-06 1.0327498101035726e-06 1.0428527146905135e-06 9.556088573253349e-06 1.1883300120929945e-05 8.179756292375116e-06 9.849013519248643e-08 2.3437266533897955e-05 0.002349085027754465 1.5766321691789544e-05 4.4928505614844685e-05 5.5680007783631245e-05 1.1352362694890028e-06 3.872665733092065e-07 0.000233923084795558 0.0 0.0005639192351303981 7.155087969252629e-06 4.024683669151569e-06 2.806945415678536e-07 1.7278610988190153e-05 2.4023366433584994e-06 1.2539274143896553e-05 0.0009113562094760801 0.0003649571297467555 5.60759810658569e-06 9.114218450492583e-05 9.238948325033273e-06 0.00012366267774814295 1.9524761545074114e-05 1.8672989841077962e-06 0.0007000118567313968 7.763039208619124e-06 0.0004938431626915759 0.0006197191854573442 0.0009878140444191873 0.00034138966746193825 8.675732063901671e-06 2.8280804296668463e-06 9.75295052870065e-06 1.6562462489436745e-06 6.708545984125754e-08 4.0504466904089034e-06 4.810660081072724e-07 0.0 0.0 6.685368626961368e-08 4.0349182664972835e-07 3.4450564073320534e-07 1.7942041117390485e-07 5.924593965445769e-08 4.217644896869519e-05 1.4985699793513412e-07 6.716941139846008e-05 5.072264104148826e-07 7.010376542705058e-08 2.035788503452759e-07 4.694308435818902e-07 5.586922806102648e-05 1.8435713375232847e-05 0.0 1.811233898297192e-07 4.702523278905465e-07 1.7243626076077777e-07 5.250217334868902e-07 6.868351930954657e-06 0.00017136400049010643 0.00013313966048181418 5.644329867078381e-07 1.4160943957721599e-06 6.183400556989617e-07 5.190090235626259e-05 8.678983685207183e-08 9.183149922178784e-08 1.8999293370167704e-06 6.025484886670529e-07 6.653787678652142e-06 4.1698269865963356e-05 1.36826464940802e-05 2.756965015102676e-06 1.3080729830584172e-07 3.0871430637630224e-07 7.365077328540548e-07 0.0
6.106897880074962e-06 5.738102713404762e-06 0.00013095954549537724 2.0670894035225586e-06 2.3921630590744246e-06 9.440774668276027e-06 2.8775382898756235e-05 1.8829195106190754e-05 3.2915998017514216e-07 2.860178631993295e-05 0.0008540092215579585 1.8738989871071767e-05 4.422090655933819e-06 9.23038829738469e-05 4.6469873922818025e-07 9.091667441574959e-07 0.0022766716657843253 0.0005639192351303981 0.0 7.0291934573810435e-06 1.9494326596672094e-05 1.0630463663881087e-06 0.00025711336221443065 4.748833166458488e-06 2.046947850518463e-06 0.002383128123837708 0.0008182164835788346 7.120951376497125e-06 0.00017512110978722633 6.598859435147497e-05 8.498182921949107e-06 2.9389911558474082e-05 3.778269812971541e-06 0.0016781977617015954 7.893430686966004e-06 0.0005854222690947668 0.0006550186888018006 0.0014115211059521338 0.0004889317912763921 8.920060960960044e-06 2.622080344155066e-06 4.4940798081328795e-06 1.9002756432929996e-06 5.734992083718362e-08 9.191528492075596e-06 5.782462983091564e-06 0.0 0.0 4.958900423030869e-08 7.017265681751428e-07 6.665594025793099e-08 3.5863367717347004e-07 1.2826067688854453e-07 5.121507658851836e-06 0.0 4.02569064587257e-06 2.4057213240418104e-07 0.0 7.046182337312204e-07 1.0646766216871454e-05 1.9750434015337865e-05 4.851762047648212e-05 0.0 8.27118611426419e-07 8.465717603959723e-07 2.052607291556007e-06 4.696296803812357e-07 2.1535260801069573e-06 0.00018498954399928744 0.0002319424014095459 9.020482889461732e-07 4.119223531450941e-07 8.9488855097419e-07 5.369332739332375e-06 0.0 0.0 1.7825174461547866e-06 4.207827419233586e-07 6.636854332768728e-06 1.4955725529459473e-05 6.9758648067581004e-06 3.679319724802012e-06 5.066862072282632e-07 0.0 2.507547230001835e-07 2.3718987987271685e-07
1.6046566356583633e-06 0.0 3.1312606185674514e-07 0.0028137014727372908 5.134644741865731e-06 0.0001680705915982097 8.387965537184487e-05 0.0001481662007362181 0.00022877821908074417 0.003113834305994465 1.5956578092086473e-05 0.0025226644696933957 9.498193455010169e-06 0.00017783278638518134 0.0001624723569424779 1.0516678378704071e-07 1.9625748104555093e-06 7.155087969252629e-06 7.0291934573810435e-06 0.0 5.780854606234725e-07 0.0 3.336214270935534e-07 0.000519766110480017 2.7146344212455646e-06 7.137819509159504e-06 3.7524144801513934e-06 0.0014883772456796755 0.00014755677837535267 5.413113976299325e-07 6.307315456423896e-07 2.9505465457633517e-06 1.5571827063194333e-06 6.449048577948424e-05 6.914285467509199e-06 0.00043095526108880434 8.30007917370564e-06 0.0001770071812437266 2.8463170599336854e-05 0.00025006117682542934 3.5252835294057576e-05 5.070423013386154e-06 8.40031105439823e-06 5.393938305322409e-07 0.0 0.0 4.575088339561609e-05 0.0 3.8136170964474036e-06 8.557451180540098e-05 7.213821731858652e-06 3.208088346862187e-05 2.2932444846381167e-05 2.2594301067968402e-07 4.898994846881324e-05 0.0 6.24259476572573e-06 7.766444635164345e-06 5.883480632110565e-07 3.811181668503495e-07 0.0 8.338940452622896e-08 3.102303467201251e-05 6.972808770785264e-07 0.0 0.0 0.0001525182065546073 0.0 4.847248944202335e-07 2.5654886586591534e-07 8.733142503811604e-05 2.7454795225258184e-06 3.376877489278972e-06 0.0 2.725904280564776e-07 0.0 5.994605899925261e-07 0.0 1.2563641496070544e-05 4.995815185095111e-07 7.217483167522088e-06 7.437336076642084e-07 3.797145315064876e-05 4.968907752050535e-07 1.5585588039137937e-06 8.173203584006333e-07
2.9394894013223806e-05 8.677822844736794e-06 0.0004432145566950209 0.0 0.0 2.611717493584089e-07 0.00011810364638968077 3.4256142778254516e-05 2.5342392174376763e-05 2.905318690316904e-06 7.292840304248475e-06 2.677037620164445e-07 9.053238026807616e-06 8.658815945358582e-05 0.0 0.0007673201970109936 0.0002534239890090068 4.024683669151569e-06 1.9494326596672094e-05 5.780854606234725e-07 0.0 2.5356940084661177e-05 0.005932394840266916 0.0004639809515722975 4.3905846501700605e-06 5.9473747197386644e-05 0.0007920451318443635 0.0029502077211579084 0.00013020537172077514 0.00448425675912134 2.0413530668599612e-07 2.482342595904762e-07 3.163981513957178e-05 0.0018438981908218944 8.076687600626021e-05 0.0032746571999245195 0.0003983763423913975 0.002592008486534884 0.0019886400980139297 7.73353345750886e-05 6.868851586930914e-06 1.3391143684441304e-05 2.57030986991675e-05 8.770368283290517e-06 4.402536067890896e-07 4.73142603005799e-06 5.0529417828305895e-08 0.0 2.742082667649168e-07 1.091317432792848e-05 1.8011099260450876e-06 1.80167288113989e-05 1.2009771099453857e-07 1.6558639550331015e-06 0.0 9.326957528755848e-08 4.575950514429348e-06 0.0 0.0004462327027332668 7.33032299473058e-07 6.139271007700161e-08 3.9212052407788414e-07 0.0 0.0002613004645677703 4.5427750690138826e-05 8.539509039120387e-05 0.00011495682993541518 1.112781619750483e-07 1.8848915335146414e-06 2.033935753799884e-05 0.0001811083249822057 2.991372699364611e-05 9.003385402603102e-05 9.833313699579033e-08 0.0 3.5103207616466664e-06 5.030925629732483e-06 2.139506119409826e-06 4.657816936563237e-05 1.418177436612065e-06 1.421427169308593e-05 4.368029614532466e-06 2.2569643374030025e-06 2.428301297342177e-07 2.4414038888979093e-06 5.566506931703316e-07
1.1381117571177154e-07 0.0012579157670185956 3.09371201609153e-05 0.0 1.508550832739424e-06 9.199868311845167e-07 2.1704980783228498e-05 2.62007054490056e-07 0.0014840993407992966 9.332807535831108e-07 7.587555236977556e-06 6.117684934206638e-06 4.336975252534903e-05 5.861140381340216e-07 6.544214891722355e-05 0.0008548496883929484 9.882990689834872e-06 2.806945415678536e-07 1.0630463663881087e-06 0.0 2.5356940084661177e-05 0.0 0.0001264499748558041 0.0035652712651811276 0.00042602882126119556 6.2930632373606e-06 0.0018322474359902525 9.450768364121614e-05 8.468551687629151e-07 1.4748554238904875e-06 2.529460936824171e-06 0.0 0.0 8.819799491084878e-06 2.5267659891810595e-07 5.052018085449042e-05 2.0384462945216443e-05 3.22305176533254e-05 2.3410609722901496e-05 3.642930926339238e-05 2.3953782330266544e-07 3.84964773122875e-06 5.171537817733874e-07 3.111854001512981e-07 8.000847452256498e-06 8.219300182868292e-05 6.376631000297106e-07 0.0 0.0 3.363871827371751e-06 4.903926898046653e-07 5.602357406812001e-06 0.0 4.824396817290489e-07 0.0 2.4511786126725796e-06 6.680944835203267e-07 0.0 0.00048580201951611607 1.1775714103843408e-06 6.456650514552047e-08 8.179997811988254e-07 0.0 4.4705753805864225e-05 0.0002816799993301473 0.00011428587011151688 4.4033966312347925e-05 7.130130902162364e-07 1.2898585404992466e-05 0.0005956970635665107 3.0129161243143063e-05 2.5054804757501353e-06 6.651689044981701e-06 4.0239735287697713e-07 0.0 1.2680403653619226e-07 2.783649434311014e-06 1.3955647689366583e-07 1.9850584170541013e-05 5.482653683306121e-06 9.537638902961602e-06 7.843669768749082e-06 7.495640975809081e-07 0.0 1.0497116418441078e-06 0.0
0.00012282889087172368 5.23373427072985e-05 0.004921292714612248 4.5634126625137514e-07 8.903720213684428e-08 5.329003105588364e-06 0.0012396070882038708 0.0002044630771113498 1.3572619285845974e-05 4.469175400175291e-05 3.965628790777505e-05 1.1402026298966238e-06 5.17387265917408e-06 0.0004576360554968991 7.952907773302641e-08 0.0017491369069896957 0.0024017248700618516 1.7278610988190153e-05 0.00025711336221443065 3.336214270935534e-07 0.005932394840266916 0.0001264499748558041 0.0 0.00029386920034859854 6.2192863928431845e-06 0.0010045018405717494 0.007580792994070323 0.002504831334212125 0.0002913016410656901 0.002815131738362187 8.338198842390143e-07 9.178097694632013e-07 3.0383525248782758e-05 0.0017255465676444834 0.00010387973291099933 0.004078925922672686 0.0014572590046573845 0.003759910299456358 0.0034481787530057425 0.00019798429899111193 8.984105125089329e-06 4.0664029747364085e-06 3.5568956759138463e-05 3.57862642421104e-06 5.416439984308319e-06 0.00010947724971978816 2.894859181749516e-07 0.0 5.786918591579456e-07 2.2258511773532297e-05 5.677586587040801e-06 1.1251171744369077e-05 3.240816823853059e-07 5.250627028028198e-07 0.0 0.0 3.880993612707032e-06 0.0 0.0012679880016279175 2.5848510800066e-06 2.0054467609758496e-07 1.3632890850093282e-06 0.0 0.000247749880634557 0.00038475603673591193 0.0006593688744090255 6.182671907905437e-05 1.8093819414505235e-07 6.3048297644829775e-06 0.0005802474827274859 8.644472371783725e-05 1.7669758876551723e-05 5.8977608743865565e-05 0.0 0.0 3.472143774369084e-06 7.5151660331791115e-06 7.267101497641401e-06 9.25487169724613e-05 1.3314740649516896e-05 3.3658028525323984e-05 2.3209793641280523e-05 4.40331061489595e-06 3.643048911950977e-07 8.843333539994238e-07 1.7586828831547182e-07
