0.0 3.4362674697396985e-07 2.7748666866795504e-05 1.1515376518314266e-05 0.0 9.14192510629972e-06 0.0014006018170358329 0.00020224979349693967 2.1848006790440777e-05 0.00010047424473637841 7.43153726842929e-06 5.976199211381855e-06 2.2076309071987002e-07 0.002953326211269657 6.620270646236827e-08 1.0925151387642928e-06 0.00017752391075402316 9.101184701170075e-06 2.7696881319587534e-05 1.08253814670691e-05 5.717769418250823e-06 6.8339773771466855e-06 2.562917966611117e-05 9.260426641976813e-05 7.168105052397726e-08 2.7205717248129133e-05 4.286487997316557e-05 0.00010532781350872603 0.002106657272290154 0.0005850983088813444 2.1377239795809133e-07 8.385800604769593e-06 8.842100540841773e-05 0.00011482708799101109 0.0 5.251788909638875e-05 2.059304588503621e-05 3.835590950857678e-05 1.5086037366337852e-05 2.3024139735176425e-06 1.8113247939594463e-06 1.1016051197285431e-07 4.360200418021581e-07 1.942141767794787e-06 1.5363737594154697e-07 5.77289315557506e-07 3.540999599417981e-07 0.0 8.594450648943802e-08 9.275376191134886e-06 5.7315974401224e-07 2.912271217095525e-06 3.538721299117723e-07 2.6779008607161736e-07 0.0 1.2707647789172844e-07 1.2507084048014646e-06 0.0 2.2728114196430425e-06 0.0 0.0 1.2418297014455937e-07 1.8093594203135205e-07 8.269549352076802e-06 1.422884364159658e-06 1.2040543815751223e-07 2.7128661435006652e-05 0.0 2.1889384409149603e-06 2.012286726262827e-06 2.608597934087378e-05 5.638934223705177e-06 2.0190671743810304e-05 1.479252757706528e-07 0.0 6.838838308073119e-07 1.8895628637980553e-06 0.0 1.4719756053783982e-05 1.4198553178447633e-06 2.242301125499908e-06 1.0048927281272328e-06 1.3213574977209684e-06 1.6890262818845222e-07 0.0 7.327471768013464e-07
3.4362674697396985e-07 0.0 8.678533316403942e-06 2.697265124990266e-07 2.3435803965994224e-07 1.1164402276295201e-07 1.0132551528634182e-05 7.533003187602237e-08 0.00033681002680418745 1.2762177478041994e-06 1.8311003894249494e-05 1.4376439399252525e-06 0.0003584221063229342 7.732267017118935e-08 4.080071395599171e-06 0.0001922794854440531 1.6614815254594445e-05 9.024170565796063e-07 6.49432583477063e-06 0.0 1.408315450820134e-05 0.001037376340110523 1.1490234775707647e-05 0.0006363198211722404 0.001268544127098348 8.2761656329648e-05 0.0028301090250523087 3.3023311982912085e-05 9.269597576775309e-07 2.276115189310799e-06 4.5027287044926315e-05 1.3333116566343134e-07 5.090676586957489e-08 3.184527544722508e-06 4.2027779092521973e-07 1.2428713055203242e-05 1.6759356996763592e-05 1.6178990640676163e-05 4.326673269359024e-06 6.080697897260694e-06 6.568837275222627e-07 1.1413523342744494e-05 0.0 0.0 9.611870753372979e-06 7.551835923557426e-05 0.0 0.0 0.0 7.106725237522992e-07 2.636996625650956e-07 5.107075274084408e-07 2.133712242539183e-07 3.84690836270467e-06 0.0 1.197670655574676e-05 2.6472106800076933e-07 0.0 4.585689385180417e-06 1.5742279722656157e-05 2.103596266899181e-06 1.159618858341191e-05 0.0 1.8737108242998963e-07 4.051919575596709e-06 2.79741006331897e-06 3.243845205035033e-06 1.531657406084373e-05 0.00018673165917278874 0.0006378886576932411 1.635773713846129e-06 7.453817027063457e-08 5.331631203877476e-07 5.327539601401298e-06 0.0 4.391460915541001e-08 1.346910446985447e-06 5.283369183157858e-07 2.2487586229890007e-05 1.658199705708187e-05 5.330901523161709e-06 2.4455834769896662e-06 1.9965799420723658e-06 3.797192360090552e-07 4.869896092771652e-07 4.742098592954536e-08
2.7748666866795504e-05 8.678533316403942e-06 0.0 3.1463914679453423e-06 0.0 1.1048321853182325e-05 0.0010277880868871869 0.00021731756993502237 2.59109378567303e-06 3.29080603169086e-05 2.0050928458887493e-05 6.005416109447578e-07 2.2892287282443136e-06 0.00014837577220517485 1.743969078597693e-07 6.559048860142342e-06 0.00554015067239966 3.25497816629872e-05 0.00017468367096005606 4.6725803349356083e-07 0.0008969411765372493 9.06933312213907e-06 0.0070245350860075 4.164494403100444e-05 3.307283973296095e-07 0.002939987617624107 0.003826274744550411 0.0008019221777154227 3.053195317034152e-05 0.0005192640798045524 1.4026384613024962e-05 3.3410168833944397e-06 3.9355349353702305e-06 0.0004275241337390501 2.365039034099841e-06 0.0007538551001591913 0.0013750025634922088 0.0007888613486803638 0.0004178867167315549 1.6909523532887195e-05 3.871306612692741e-06 2.664952119878743e-06 5.0237617594002425e-06 1.2808107676362112e-06 3.3239046436224025e-05 0.0005757275269522383 7.642314755538256e-08 0.0 1.7455988675102217e-07 1.758531222230997e-05 2.6738193809827633e-06 1.1096775327643072e-06 7.673004819130545e-07 2.4444504871511786e-06 0.0 1.7485569999715282e-06 5.817081340344661e-06 0.0 2.9311532683363786e-05 0.00010521518936788855 1.2821322481762022e-06 2.7150959014821195e-05 1.1000467716924619e-07 1.1080733329587153e-05 2.9870246672251686e-05 9.984857566709849e-05 2.0539753864456975e-05 1.2080986573985572e-06 0.0002883679116028504 0.0010175682504533542 1.5697392576747662e-05 2.5489316836788437e-06 1.0286144712733029e-05 3.4367346345135693e-06 6.036441359578213e-08 7.418448444915924e-07 9.948955741271994e-06 2.3341906216097127e-06 9.870486053084967e-05 0.0003127522533444598 3.5270937249488916e-05 1.6161893074391684e-05 4.994164780256329e-06 0.0 8.102377291283142e-07 4.132631947488789e-07
1.1515376518314266e-05 2.697265124990266e-07 3.1463914679453423e-06 0.0 1.390269476450605e-07 4.741556569853768e-05 8.266934687439704e-05 1.5093519342001078e-05 0.0004856113121009259 0.002814331981512092 1.0232626837483524e-06 0.0016263352556038966 2.5657487918209815e-06 3.9116868652352356e-05 1.1372064515668905e-05 4.747258576170556e-07 1.8563558795704278e-06 1.8982244142166372e-07 7.176632321295698e-07 0.003968444228264778 4.5947535420245736e-07 8.290875644377635e-07 5.404932978520808e-07 0.0011110852063391532 0.0 1.5423539736821856e-06 3.6062558040565e-06 0.002857503458618475 0.00010317598634278299 2.2161716366508793e-06 0.0 1.9289660323561592e-06 5.69292717687919e-06 3.7570028179917656e-05 6.166812995193791e-07 0.0006905983536751172 3.827722821641759e-06 9.185764778269998e-05 3.4531186524471905e-05 0.00032032007222038394 2.9599219717184424e-05 3.296070683598621e-07 1.0129952392432834e-05 8.023457882388498e-07 0.0 1.3731344017540537e-07 6.446530385436181e-05 2.180375002633366e-07 2.6334750276758772e-06 7.902069863593366e-05 2.4175100241151823e-05 7.213538425097468e-05 4.2725308841235634e-05 5.839586063566046e-07 2.2169079438007273e-05 0.0 8.898174840017808e-06 1.4583307309773083e-06 2.5651978811628735e-07 7.386922601146663e-08 0.0 1.0626057404695416e-07 5.3024324439866255e-05 7.950598221365803e-07 3.3342539972394485e-07 2.397607422777236e-07 0.00016500473480283924 0.0 5.862959878712975e-08 4.227351931123441e-07 0.00013735797892406917 6.411036118096453e-06 4.560567646019203e-06 0.0 2.1469858793056548e-07 1.2569331615786467e-07 6.047341012116466e-07 0.0 7.494921117394953e-05 4.173415630954843e-07 6.129847885131948e-06 1.993836471877355e-06 9.441805442878161e-05 1.4044151759899913e-06 6.964361918966503e-08 6.942822065291566e-07
0.0 2.3435803965994224e-07 0.0 1.390269476450605e-07 0.0 6.802925283985093e-05 2.2984560747888674e-07 3.940247967286154e-05 6.145278747480531e-06 6.304155074181745e-07 1.2927856912502025e-06 1.6588545198989224e-05 0.0 0.0 0.0007398846735372532 0.0 0.0 0.0 0.0 3.713176796303925e-07 0.0 2.9400290309046964e-07 7.060877371885069e-08 3.832513681951181e-06 0.0 0.0 7.558022329076348e-08 1.05198024131869e-06 0.0 7.901513966908627e-08 0.0 1.476779022495421e-05 0.0 5.07113240879094e-06 0.0 1.791782841000524e-06 0.0 7.202243188420448e-06 2.917150976401584e-06 0.000473975275166891 5.015076133796685e-07 0.0 0.0 0.0 0.0 0.0 0.0 0.0 0.0 0.0 0.0 0.0 0.0 0.0 0.0 0.0 0.0 0.0 0.0 0.0 0.0 0.0 0.0 0.0 0.0 0.0 6.888273872064258e-08 0.0 0.0 0.0 0.0 0.0 1.0865651365709559e-07 0.0 0.0 0.0 0.0 0.0 0.0 0.0 0.0 0.0 0.0 0.0 0.0 0.0
9.14192510629972e-06 1.1164402276295201e-07 1.1048321853182325e-05 4.741556569853768e-05 6.802925283985093e-05 0.0 0.000890692187256816 0.0032205838575031544 3.3355892186317306e-05 0.0028128061071528245 2.8312077917635542e-05 0.0020796709920534425 3.5673715422054053e-06 0.00016397908226952265 0.00041161250993824327 0.0 1.2312438523715572e-05 3.1528288882058293e-06 1.4098984194122526e-06 8.749697036604838e-05 2.242070660355587e-06 2.9008163674465786e-06 7.16066097163e-06 6.212251816138739e-05 5.1053738881405105e-08 6.009708757480916e-06 5.3371951911056135e-06 0.00010956300112983246 0.0004112008502671492 1.3133113464294629e-05 6.397397090526003e-07 0.0005543787809869398 2.455685451151715e-06 0.000209120720247636 8.669107535993275e-08 0.00016360341987590432 5.262358390163684e-06 0.00017083425263732168 4.7536685740653314e-05 0.001208585866155651 7.160143672537907e-05 1.0163396349561121e-05 5.684273434206665e-06 4.3982954260544715e-07 1.850306519904606e-07 5.489927633663335e-08 1.9230021167593435e-06 0.0 0.0 7.061740748540495e-06 2.279975085211031e-06 3.01114546817623e-06 1.6362041705018994e-06 4.389286224030957e-07 1.8342622263713434e-06 0.0 1.0067651700756819e-06 1.622677929727154e-07 3.627146053259256e-07 0.0 0.0 0.0 1.2724424371209063e-06 4.061828417352222e-07 9.028108246366414e-07 7.757863931801477e-08 9.015790371410619e-06 0.0 1.354601779551524e-07 1.7167139548069652e-07 8.420709822081564e-06 6.742892664461997e-07 1.9077570319205108e-06 0.0 0.0 7.628408379031097e-08 3.8851816371955983e-07 0.0 6.789478038081107e-06 4.5778542612590293e-07 4.3000013685834727e-07 4.588884537388861e-07 3.4197293518836437e-06 3.640601454354001e-07 3.903888801561296e-07 0.0
0.0014006018170358329 1.0132551528634182e-05 0.0010277880868871869 8.266934687439704e-05 2.2984560747888674e-07 0.000890692187256816 0.0 0.0037501683329744895 0.0004869054523931749 0.00739228274758208 1.4702190452161946e-05 2.4602320094292485e-05 8.837802044806633e-06 0.005413219482049911 1.0042026709419442e-05 2.6904590971344217e-05 0.0006562804474068496 1.0342391746579017e-05 4.3564177657146676e-05 9.242996384119237e-05 0.000760349531480515 5.219151200668862e-05 0.0009273790545696068 0.0014961644609317866 1.2317121586379014e-06 0.0003863406910357151 0.00043781468802081374 0.010157139518371834 0.0012807271278162998 0.004110817865928848 9.665365997870531e-06 3.5653309971419645e-05 0.0001446021427326098 0.0003242839098838725 4.467222598657941e-06 0.0020842811088271195 0.00019889888998482724 0.0006801840508618148 0.0003177896775039183 0.00018535271694399322 0.00010443359645936829 3.0924877885397817e-06 3.0303655448518995e-05 1.6916322139480407e-05 7.075388146014721e-07 1.572874960143162e-05 3.650089127548456e-05 1.1509301650742067e-07 2.395734516267896e-06 0.00034839140664645683 6.882369940647708e-05 0.00012872369339676822 3.1379510781801016e-05 1.878636399459835e-06 4.6388812167622104e-06 2.8718489034442314e-07 4.449090689112179e-05 1.411497379439464e-06 2.296561303857849e-05 3.948844234016831e-06 3.4838480303832147e-07 1.5578287272752413e-06 3.0739400372677115e-05 3.718930460620581e-05 1.33906347246709e-05 1.7435479529792388e-05 0.00045203156437867583 0.0 9.74826989086929e-06 4.356141071686701e-05 0.0005516146874036794 6.067343428070426e-05 0.0001603670967275969 6.529765830467493e-07 1.6404540437984548e-06 4.323276845168776e-06 1.516259189093231e-05 1.9284734494649906e-06 0.00022456644439489712 7.326344438790872e-06 3.8038924516670824e-05 1.1506335769092797e-05 6.344583965078317e-05 8.54093308600414e-06 0.0 1.8273602257009313e-06
0.00020224979349693967 7.533003187602237e-08 0.00021731756993502237 1.5093519342001078e-05 3.940247967286154e-05 0.0032205838575031544 0.0037501683329744895 0.0 3.7589275320193105e-05 0.0029428122827565625 1.4364963812230045e-05 0.0006975776527882642 7.0678584845424326e-06 0.0017913056205172905 6.128930994185036e-05 7.436453927143226e-07 0.00032415795595686276 1.1844773078128737e-05 2.836249872548648e-05 0.00015032830139442374 3.57508189639282e-05 3.470699239476239e-06 0.00010652655358698427 0.00013395777331748067 0.0 5.20926711220107e-05 9.110303943224235e-05 0.00018139846200441892 0.0005494391789925883 0.0005623773870244294 1.1265374781052027e-07 0.0016850247871182463 1.9013204400618812e-05 0.00020881019747729588 8.543425544971071e-07 0.0002984546381074077 4.637045646113754e-05 0.00019262343117649233 9.151102033933705e-05 0.00036507069321640165 0.00010063114772553271 2.7110446334317005e-06 7.3708313088859925e-06 1.6331060959040896e-06 1.302968530238193e-07 3.8682720814362395e-06 6.163744480722564e-06 0.0 1.1603719006139435e-06 5.349151339823043e-05 1.165860726574638e-05 1.0342976952761694e-05 3.6055807892747706e-06 7.944524497628405e-08 1.2212274838988575e-06 0.0 8.051092864736655e-06 0.0 6.204813451421897e-07 9.599951744932398e-07 1.2641694587043565e-07 3.609721272145155e-07 3.3599685082892708e-06 2.6201891874023133e-06 3.319453555730977e-07 7.749059956383148e-07 5.0670955210472136e-05 0.0 2.4214386273999663e-06 5.070862448163175e-06 6.149569855045574e-05 4.473772727636675e-06 1.2525347595768586e-05 1.4431687908262673e-07 0.0 1.3674195220255618e-07 1.4143295690529526e-06 1.0692130455726718e-07 1.6978354018267334e-05 1.7221787329097946e-06 4.051297860393457e-06 6.460439760117828e-07 5.289126529217169e-06 3.153485859286414e-07 0.0 4.824487334772138e-07
2.1848006790440777e-05 0.00033681002680418745 2.59109378567303e-06 0.0004856113121009259 6.145278747480531e-06 3.3355892186317306e-05 0.0004869054523931749 3.7589275320193105e-05 0.0 0.0001437407455633339 2.171650369530493e-06 7.063738544632707e-05 1.0442090886030943e-05 2.3596982839951083e-05 0.0002354625389862112 4.736814525134261e-06 7.264864333417998e-06 4.276892079873053e-07 1.02584352249681e-06 0.00021160434113881975 2.110724212028945e-06 0.001378525972239754 5.248646001011252e-06 0.004804440687694706 7.028264167916457e-05 5.146978720067422e-06 0.00023965594887675809 0.0011121571259125702 0.00010893725451011476 0.00014847454253905936 3.4629795725997118e-06 3.364300312169105e-06 1.0463261511394709e-05 1.6898476778509305e-05 6.032591203841191e-07 0.0001574968472760679 9.43653012324696e-06 3.1632484943603725e-05 1.8964030888008673e-05 0.0001583121552930255 6.253608549907628e-06 5.365016150061044e-07 1.5529840676915938e-06 1.527389522269594e-05 8.891947791667155e-07 7.457753458394439e-07 2.5521802963053346e-05 2.939726636899799e-07 9.958998247736175e-07 0.00016508755809647538 2.6966856520355217e-05 3.1024019989014844e-05 1.212734923164833e-05 5.907508808677652e-07 4.941573559540187e-06 3.342927973685885e-07 2.5234365261795378e-05 2.049159974288403e-07 1.9364521925808883e-05 9.416488060729669e-07 2.2943992089749104e-07 3.294083651265125e-07 2.2972156324067802e-05 2.420488385665755e-05 4.828163301646502e-05 2.1761204290736822e-06 0.00068979716371047 2.963140779055125e-07 3.2072038392596876e-06 3.7768222629303023e-06 0.000492532050179008 3.687006575614864e-05 0.00014336017137132358 2.2067183768779578e-07 1.3678157182916221e-06 2.9368409720335475e-06 1.088339156024511e-05 9.403669654597214e-08 8.091497785852826e-05 1.6722915884059192e-06 2.0759676404467026e-05 1.0572160014429309e-05 3.186512886678982e-05 2.885664475864716e-06 0.0 1.4832155323727174e-06
0.00010047424473637841 1.2762177478041994e-06 3.29080603169086e-05 0.002814331981512092 6.304155074181745e-07 0.0028128061071528245 0.00739228274758208 0.0029428122827565625 0.0001437407455633339 0.0 3.122446691458038e-05 0.0026664656999463516 2.0192428392980814e-05 0.0014753083629703552 1.0784787707025953e-05 1.1336892876107987e-06 2.3101702384230508e-05 4.395290072344995e-06 2.2790403769876053e-06 0.002980300727813517 7.309247095027155e-06 1.6337549274094075e-06 1.5820751790644174e-05 0.0006970878873105495 0.0 1.2067071999345047e-05 1.657211363344365e-05 0.004593015319228459 0.0008623670552093864 3.292445762987221e-05 1.5268720681937394e-06 6.813522151740755e-05 1.1893679725882415e-05 0.00033024836724457183 5.798370924052729e-07 0.0012337202050670684 2.3904983079790306e-05 0.0006003273726585919 0.00014155974924759626 0.0002932753109623888 0.00017381424123628808 2.8098608183049585e-06 3.508340914938179e-05 7.883893367523345e-07 0.0 7.17206100309386e-07 3.920264720519929e-05 0.0 1.9008606020769126e-06 8.06618825244106e-05 1.8340724399743817e-05 4.610750590496041e-05 2.1856466413026886e-05 1.9996327083197895e-07 1.3470934707031594e-05 5.27864260792562e-08 7.847154857771523e-06 1.32816669161784e-06 1.2100796699598411e-06 2.9472490488798713e-07 0.0 9.607721974772406e-08 3.190907396519359e-05 1.696192153140772e-06 6.08141585074188e-07 2.1713544793780642e-07 0.0001263139091732949 0.0 4.3155060297478106e-07 1.6478200392978376e-06 0.00010828634764343224 5.863494365777244e-06 6.089759044218745e-06 4.817611989746774e-08 6.5201117866969e-07 2.6290312021594496e-07 2.163411924774767e-06 6.358768852475956e-07 6.348425834454449e-05 6.745845593060554e-07 3.7880999821482616e-06 1.610985060939574e-06 4.863407181597062e-05 1.0622992395902173e-06 1.0012729282260859e-07 8.08408015070178e-08
7.43153726842929e-06 1.8311003894249494e-05 2.0050928458887493e-05 1.0232626837483524e-06 1.2927856912502025e-06 2.8312077917635542e-05 1.4702190452161946e-05 1.4364963812230045e-05 2.171650369530493e-06 3.122446691458038e-05 0.0 3.814947082889586e-05 0.0005533643016895837 3.129065009777373e-05 8.260730249150478e-07 1.5212332944699659e-06 0.0001336313931671441 0.000901618067286744 0.0006294612361101254 1.0614261251139088e-05 2.4632733490403144e-05 2.6707548328465344e-06 4.0703053746961336e-05 5.584621020211033e-06 0.00013392986797240578 0.0007879290822592489 0.0004572395628945433 9.111709019739741e-06 0.00018889237880324004 3.00748379455219e-05 0.00018631463732518281 4.154651270554996e-05 6.48105640247541e-06 0.004132298074045461 4.02854209861688e-06 0.0005848500565671833 0.003620719890183615 0.005325611016578241 0.0008892779643493817 6.524329602168908e-05 8.470298706782084e-06 0.0007606060690195423 4.215253328907989e-06 0.0 5.945496143988503e-06 2.3111753147386153e-06 0.0 0.0 0.0 1.9040493870684456e-06 2.8345198352998095e-07 3.0792695243083657e-07 1.0977479370200663e-07 0.00018331903515870614 0.0 0.0005451808462803521 4.582362258640323e-07 0.0 3.4638111287860675e-07 4.112882917488868e-07 1.802070392794021e-05 1.6280022972287168e-06 0.0 0.0 7.160910839023281e-07 1.0140029155382855e-06 1.754170297019908e-06 8.858893810764029e-05 7.249596296148074e-05 6.368311551151152e-05 2.8764844091264277e-06 0.0 6.062331611280222e-07 0.0001034285453315929 0.0 0.0 5.637746224391825e-07 1.3365443133509564e-06 9.2678550401058e-06 0.00013557677992789426 6.174478230368664e-06 1.2411704465992858e-06 3.0903365749221396e-07 0.0 6.599315316737953e-05 1.665570407326507e-07
5.976199211381855e-06 1.4376439399252525e-06 6.005416109447578e-07 0.0016263352556038966 1.6588545198989224e-05 0.0020796709920534425 2.4602320094292485e-05 0.0006975776527882642 7.063738544632707e-05 0.0026664656999463516 3.814947082889586e-05 0.0 6.984305459440135e-06 0.000257970048920996 0.0004952181219123416 1.2921668649129926e-07 2.086788660783998e-06 4.330374675821988e-06 1.8424023247577007e-06 0.003196164254254827 5.657128329365665e-07 8.17780375272688e-06 8.090806836242165e-07 0.00020129246871213827 3.9398296914950106e-07 4.964890854413387e-06 3.3769729398748756e-06 0.0002719254890467409 0.0005531232263610059 2.7707724932028443e-06 1.0616501933718828e-06 0.00014622786599561012 5.481366322992543e-07 0.0002584634695716051 0.0 0.0010038760648705717 5.0412881856564236e-06 0.0002849367957932694 4.3100795662068326e-05 0.0018782607623633138 7.780171886939379e-05 3.4252312284918767e-06 1.1397370470790653e-05 0.0 0.0 0.0 3.697373632515326e-05 0.0 1.405324481711611e-06 1.2938244611131135e-05 7.186284100819938e-06 1.088884630149038e-05 1.4193748357888258e-05 1.2918272669981207e-07 6.100987361485059e-05 0.0 2.5387112308742102e-06 1.3698835061426148e-06 6.133478643204693e-07 0.0 0.0 0.0 3.3209965217265455e-05 1.278971684282803e-06 1.8294461743692594e-06 5.673727050946637e-08 3.7994505019616454e-05 0.0 0.0 5.628305097856281e-08 2.963573300859728e-05 1.57399174539509e-06 1.4897334934376852e-06 0.0 0.0 0.0 7.309635596759476e-07 3.8869213201339193e-07 3.2421495862827626e-05 0.0 1.2546624660230516e-06 7.187579444929991e-07 3.6545583828938004e-05 2.5307074752534226e-07 3.7812139639340343e-07 0.0
2.2076309071987002e-07 0.0003584221063229342 2.2892287282443136e-06 2.5657487918209815e-06 0.0 3.5673715422054053e-06 8.837802044806633e-06 7.0678584845424326e-06 1.0442090886030943e-05 2.0192428392980814e-05 0.0005533643016895837 6.984305459440135e-06 0.0 3.801472679692868e-06 2.5427495962338777e-07 5.035244619338178e-06 2.1263836110085695e-06 1.9729218406452033e-05 5.025049264533254e-06 4.239605341423894e-06 9.43171596852717e-06 4.45662465070061e-05 1.571100530392551e-05 2.578380535826059e-05 0.0019170726694920355 5.19341785655477e-05 0.0013506163183587454 1.3593162922064869e-05 1.7985409652111933e-05 3.888269542204165e-06 0.000331293206743865 3.119411142461837e-05 6.336941986055862e-07 0.0003474139888184603 2.5578808503813555e-05 0.000452263784645753 0.0036279191136676884 0.001626356761720301 0.00034296648486986236 0.00010443319480158386 1.1865568271927086e-05 0.0008321103338479451 1.3221135936032051e-05 0.0 5.107848992439889e-05 6.619794842191942e-07 0.0 0.0 0.0 6.770268691200463e-07 0.0 4.56645631836724e-07 0.0 0.0006887720567277937 0.0 0.002329772906004211 0.0 0.0 2.74061841576207e-07 3.7981168753014965e-07 2.438139926367897e-05 3.4426667530645563e-06 0.0 0.0 1.8990515863535804e-06 0.0 1.0871023446347294e-06 0.0007403019915404753 0.00016163174308733447 0.00014440083313308597 9.588749386079407e-07 0.0 0.0 0.00025403422701972706 0.0 0.0 2.1330830084764752e-06 4.8931971865717775e-06 2.761763204513348e-05 0.0005944945265146957 3.2232287258593444e-05 9.86175213813358e-06 2.3063433817810457e-07 1.350516922967942e-07 0.00023562763554510073 0.0
0.002953326211269657 7.732267017118935e-08 0.00014837577220517485 3.9116868652352356e-05 0.0 0.00016397908226952265 0.005413219482049911 0.0017913056205172905 2.3596982839951083e-05 0.0014753083629703552 3.129065009777373e-05 0.000257970048920996 3.801472679692868e-06 0.0 2.025551325563235e-06 1.1090503989852896e-06 0.0004388717467012486 1.600306702957509e-05 5.34558209117376e-05 0.0001121307368368707 1.7115279979525154e-05 7.396930839413388e-06 8.545133901280266e-05 0.00013786203984998856 8.817974707017604e-08 6.492836061387417e-05 0.0001150228035200612 0.00023048424773627408 0.0047920268306526435 0.0009231725685236145 7.016782735624886e-07 0.00042875201816579766 9.044083437443176e-06 0.00028848288733139646 5.145914438394261e-07 0.000130635727246517 3.906734838993196e-05 0.0001511883369825759 4.042634033626511e-05 4.0737775711099555e-05 1.2445791039660604e-05 8.385747410595689e-07 2.3521099102243863e-06 1.7394144533569304e-06 4.524649429780046e-07 2.459083635988699e-06 1.0955052907921906e-06 0.0 0.0 2.171977874027494e-05 3.183756049622717e-06 5.6136652109339105e-06 7.556380203925045e-07 0.0 9.827663175295544e-07 0.0 3.155390750227488e-06 0.0 2.4255226797857032e-06 3.3943442457362127e-07 2.3077369863752646e-07 1.3283458911015325e-07 1.614705596380384e-07 7.741196232687942e-06 1.2061071863614262e-06 4.6629953897176417e-07 3.531998045472119e-05 0.0 4.434394977195868e-06 4.953357638417239e-06 4.294036167050881e-05 8.213226911019369e-06 2.2065674406542276e-05 1.188585557965199e-07 1.7565325227825628e-07 3.6090380553261897e-07 1.6264769837662146e-06 3.474257112239512e-07 1.7877434860090433e-05 2.0656584326983473e-06 2.713026848385878e-06 1.035510491991008e-06 2.2459771763075424e-06 1.1687251114290043e-07 0.0 3.87343406343525e-07
6.620270646236827e-08 4.080071395599171e-06 1.743969078597693e-07 1.1372064515668905e-05 0.0007398846735372532 0.00041161250993824327 1.0042026709419442e-05 6.128930994185036e-05 0.0002354625389862112 1.0784787707025953e-05 8.260730249150478e-07 0.0004952181219123416 2.5427495962338777e-07 2.025551325563235e-06 0.0 0.0 0.0 6.493386184243946e-08 0.0 1.1882391786324866e-05 0.0 2.7824304164709973e-05 0.0 0.0003242949965124095 6.476128098508226e-07 1.1882567347398893e-07 5.577761681065092e-06 2.7876309527296635e-05 1.2668453044491938e-05 2.4487858708825815e-07 1.8195201087259386e-07 0.0001738175478635909 4.2162867153299913e-07 7.694866742330448e-06 0.0 0.0002204313505050169 0.0 4.823212197108884e-06 1.4488012910260813e-06 0.000819726714617496 2.7085875205215676e-05 0.0 0.0 1.4556449444101886e-07 5.829455278821038e-08 0.0 4.221564985898817e-07 0.0 0.0 1.7887536931849306e-06 4.099395309441626e-07 1.6236710398911067e-06 1.7359437306551772e-07 0.0 1.1938304504196192e-07 0.0 2.6289333320625894e-07 2.499345711267607e-07 1.4451924024500533e-06 0.0 0.0 0.0 5.875418933333026e-07 2.1696063562662527e-06 3.2781397028842234e-06 1.4929754960263615e-07 7.646255816862654e-06 0.0 5.0147825625448355e-08 0.0 3.5264026941376696e-06 1.1632534117592918e-06 7.9127345958874e-07 0.0 0.0 0.0 1.5439831106479182e-07 0.0 1.0433102304264774e-05 0.0 2.6692159534252533e-07 7.154531285872715e-08 3.555471615896191e-06 8.138711106037322e-07 0.0 0.0
1.0925151387642928e-06 0.0001922794854440531 6.559048860142342e-06 4.747258576170556e-07 0.0 0.0 2.6904590971344217e-05 7.436453927143226e-07 4.736814525134261e-06 1.1336892876107987e-06 1.5212332944699659e-06 1.2921668649129926e-07 5.035244619338178e-06 1.1090503989852896e-06 0.0 0.0 1.680416418354469e-05 6.468739745528002e-07 3.157327250828485e-06 3.2655451682545425e-07 0.002001749494063761 0.0011943259856030547 0.0031066492432596728 0.0010665539065266398 2.4241200834007343e-05 8.821395132219237e-06 0.0017223733834388594 0.0007335816319647757 8.370304895186114e-06 0.0001856556580142336 2.402337554437804e-06 1.704618819230763e-07 2.6356702418464396e-06 3.9904663737648207e-05 1.9114600741062743e-06 0.0006657205969942647 0.00015368223585013332 0.00017691307583619532 0.00022281681308029876 2.0202116193541497e-05 1.0880226553744207e-06 4.523781130340732e-06 7.516599175592502e-06 6.665854688135388e-07 6.284826077496606e-06 7.324090978834702e-06 2.2858518741695652e-07 5.5569438604186596e-08 1.201661853950009e-07 7.393724974977352e-06 1.1287460552331459e-07 1.0876247074405318e-05 4.0663063939499155e-07 2.973245938777566e-06 0.0 3.9525928968628216e-07 9.235398204600235e-07 1.8974144776791206e-07 0.0013517145138943277 1.7526058823651382e-06 4.926140831140299e-08 1.6033092618842831e-06 0.0 0.00028557459053812423 0.0003777866480452832 0.0010181994271418401 0.0002233337209457586 1.7463702337822023e-07 1.0183808897436702e-05 0.00013230869897158605 6.279450549348596e-05 1.3570216627861193e-05 5.8406322332202877e-05 9.72392883652498e-07 0.0 2.1085077139426237e-06 1.1689103248290991e-05 2.4119633146482988e-06 0.00030984421611189757 1.3898830945213419e-05 1.645075488120385e-05 7.819488886479254e-06 5.449117731786013e-06 3.2329385372369477e-07 1.6731025204310582e-06 1.837851818102984e-06
0.00017752391075402316 1.6614815254594445e-05 0.00554015067239966 1.8563558795704278e-06 0.0 1.2312438523715572e-05 0.0006562804474068496 0.00032415795595686276 7.264864333417998e-06 2.3101702384230508e-05 0.0001336313931671441 2.086788660783998e-06 2.1263836110085695e-06 0.0004388717467012486 0.0 1.680416418354469e-05 0.0 0.0003159865412749289 0.0035003252968760713 1.1971525878099803e-06 0.0009694184705298579 6.444036279034831e-06 0.002213909401440086 4.17427043782819e-05 1.6100238415144023e-06 0.0023454192731568683 0.0037504486808519373 0.00016259445132475568 0.0001719121924045693 0.0014417572641248376 3.833716672136968e-06 6.453752562253141e-06 1.725713012616411e-05 0.0008149851991070174 2.721475462050043e-06 0.0007115683326371155 0.0011828941964287909 0.0005403876171788529 0.0003950035618534642 1.5165572025622012e-05 3.962837491218272e-06 6.196240636037285e-06 2.3830573171268074e-06 9.197655247837187e-07 2.2287826182976347e-05 0.00015810537051938497 0.0 0.0 0.0 5.7584673102031695e-06 6.334889095384351e-07 1.4469542047329613e-06 1.4997387608570366e-07 3.3998328374645248e-06 0.0 2.374160421722617e-06 1.0734476039753313e-06 0.0 7.375224169340013e-06 3.837968372836489e-05 6.2756447849421864e-06 4.3125442073457164e-05 3.4143267273433226e-07 4.1927561752964055e-06 6.061095754387395e-06 1.0338559072385426e-05 1.3140139775993937e-05 1.4870961188000087e-06 0.000310870854041325 0.00041849966613145904 9.786711098266344e-06 2.009695967773001e-06 4.2321851133203805e-06 5.053855147230894e-06 0.0 4.0491719048343185e-07 2.598239040575809e-06 1.0842528569598457e-06 3.4347558252982234e-05 0.0002951538074821741 1.3842627384897495e-05 5.215426329196278e-06 1.685964185380556e-06 1.3994967878603011e-07 0.0 2.411275741107032e-07
9.101184701170075e-06 9.024170565796063e-07 3.25497816629872e-05 1.8982244142166372e-07 0.0 3.1528288882058293e-06 1.0342391746579017e-05 1.1844773078128737e-05 4.276892079873053e-07 4.395290072344995e-06 0.000901618067286744 4.330374675821988e-06 1.9729218406452033e-05 1.600306702957509e-05 6.493386184243946e-08 6.468739745528002e-07 0.0003159865412749289 0.0 0.0018341558608221504 1.3160124826349498e-06 1.4978333389892307e-05 2.3805574525127367e-07 2.3683250653493238e-05 1.0877151160648698e-06 1.1018358273033789e-05 0.0019315081240795183 0.00021464596116118153 4.2525547224965015e-06 2.7523215193335726e-05 3.506872751444124e-05 0.00015454024392278865 3.1160722371560375e-06 2.9576130666151797e-06 0.0006540735551436591 7.803887784035583e-07 0.0005857076738270136 0.0010175324932718778 0.0009746178902300876 0.00024355813058881697 1.1266065887598383e-05 1.480898767211496e-06 1.7793606120051526e-05 1.9200392449961792e-06 0.0 1.8272219583259578e-06 2.3312919178075407e-06 0.0 0.0 0.0 1.336139427063532e-07 0.0 1.1879269355463222e-07 0.0 9.109996820457935e-05 0.0 0.0001467277208184574 0.0 0.0 6.468433018224041e-08 9.60559791649556e-07 2.9381670404051228e-05 4.781096953302676e-06 0.0 2.3655019709792207e-07 5.77104943442049e-08 1.448400605306037e-07 4.8678626043491e-07 3.064559114700485e-05 0.00013866985470278284 0.00010849964053256997 5.801815311227018e-07 0.0 2.103153310041968e-07 0.0001054467928776812 7.236732797939799e-08 0.0 3.8998339267225847e-07 3.6822756893356385e-07 2.8205951027816623e-06 3.77072790683355e-05 1.5342124308628073e-06 4.067383472518869e-07 3.9940039327247826e-07 0.0 2.964824792764039e-07 1.336565363034334e-06
2.7696881319587534e-05 6.49432583477063e-06 0.00017468367096005606 7.176632321295698e-07 0.0 1.4098984194122526e-06 4.3564177657146676e-05 2.836249872548648e-05 1.02584352249681e-06 2.2790403769876053e-06 0.0006294612361101254 1.8424023247577007e-06 5.025049264533254e-06 5.34558209117376e-05 0.0 3.157327250828485e-06 0.0035003252968760713 0.0018341558608221504 0.0 6.562819415908286e-07 7.763547422438873e-05 6.288372808606249e-07 0.00015450868101564888 5.321972830711689e-06 3.514347249238563e-06 0.0018959839222630157 0.0006346018936867906 1.3059096094109425e-05 5.801371519721753e-05 0.00014535161705670318 2.9448980658811548e-05 1.9286007391490044e-06 1.0242978780539551e-05 0.001488371382281185 1.1364070625135265e-06 0.0005793965469899504 0.000994075367155592 0.0008702292385299859 0.00020055614249187028 8.448113820070293e-06 5.242558562967898e-07 9.356224171864404e-06 1.5746708982822308e-06 1.0480610026445295e-07 8.584576422830447e-06 1.4818971159826676e-05 0.0 0.0 0.0 4.867857060849397e-07 0.0 3.824038201832824e-07 0.0 4.239041630356508e-05 0.0 3.459850330650793e-05 8.2307275795213e-08 0.0 6.300658648379965e-07 4.043076198387886e-06 3.1095374867043304e-05 3.298703357192395e-05 0.0 4.996036632719951e-07 1.095841226874161e-06 1.1848573279906467e-06 1.398034518043359e-06 8.755208829831344e-06 0.0003425780223324296 0.0002444777006037355 9.035476416323073e-07 5.741434653615563e-08 2.9588802872239277e-07 5.640386017088456e-05 0.0 0.0 9.986784142104053e-08 8.04652254983019e-08 5.795176373040728e-06 9.24378782488711e-05 1.522083889845089e-06 5.566865553724186e-07 1.4639945480465686e-07 0.0 2.2075690698499063e-07 0.0
1.08253814670691e-05 0.0 4.6725803349356083e-07 0.003968444228264778 3.713176796303925e-07 8.749697036604838e-05 9.242996384119237e-05 0.00015032830139442374 0.00021160434113881975 0.002980300727813517 1.0614261251139088e-05 0.003196164254254827 4.239605341423894e-06 0.0001121307368368707 1.1882391786324866e-05 3.2655451682545425e-07 1.1971525878099803e-06 1.3160124826349498e-06 6.562819415908286e-07 0.0 5.94748575678207e-08 9.98213931397306e-08 3.4547630051484443e-07 0.0003858606945317932 0.0 1.2230094028394893e-06 7.488201403781413e-07 0.0011463859426088304 0.00023989120856274078 1.8006941299845758e-06 2.374863731776067e-07 2.349220740070541e-05 1.7209329484678538e-06 0.0001046473950093718 1.0108643616810288e-06 0.000957776215159416 6.255334405327675e-06 0.0002105056394426759 5.202105799497358e-05 0.00046231238078880325 9.195050178529604e-05 1.1906125737662674e-06 1.419299267737811e-05 6.836850026500254e-07 0.0 8.06141972931234e-08 4.4508632044034556e-05 0.0 2.3263823758541366e-06 7.309621736058284e-05 2.1790465794455784e-05 5.317534010741257e-05 2.51822869475334e-05 4.6039958052679746e-07 5.5810691750277213e-05 0.0 7.009017752590227e-06 1.1502143352999492e-06 1.6033092540765372e-07 0.0 0.0 0.0 4.515481899549219e-05 1.4717356940325067e-07 0.0 4.281020425602187e-07 0.000128435965180991 5.361636996605081e-08 1.7187843348296496e-07 2.2684679275673567e-07 0.00010477239630157316 2.1269821137827863e-06 3.2254211065988614e-06 0.0 5.121695981278582e-08 0.0 1.4064911385511085e-06 0.0 8.000764099671307e-05 3.1853932676056214e-07 4.306958570018528e-06 1.7254798440400176e-06 7.683110943500012e-05 4.85622699366725e-07 0.0 2.3600965903045405e-07
5.717769418250823e-06 1.408315450820134e-05 0.0008969411765372493 4.5947535420245736e-07 0.0 2.242070660355587e-06 0.000760349531480515 3.57508189639282e-05 2.110724212028945e-06 7.309247095027155e-06 2.4632733490403144e-05 5.657128329365665e-07 9.43171596852717e-06 1.7115279979525154e-05 0.0 0.002001749494063761 0.0009694184705298579 1.4978333389892307e-05 7.763547422438873e-05 5.94748575678207e-08 0.0 0.0001021402709286889 0.00915383589040805 0.00038919577652098293 4.192664180528456e-06 0.00011105991930338664 0.0004060811625240424 0.0032163375067141764 2.5222098152804464e-05 0.0056100737351463 2.2374245868890987e-06 6.319613045024647e-07 9.621980242490612e-06 0.0013126548592144207 1.0891457028290756e-05 0.0035858136683719764 0.0006800789750000201 0.00256137463782082 0.0016329214482727937 0.0001396441207349848 9.58379377842425e-06 7.665395639668513e-06 3.1183130079633096e-05 3.535161150396473e-06 5.709594001525168e-07 7.77324521496258e-06 7.2056770585608e-07 5.624756477272091e-08 1.3490673758732053e-07 1.3178731052174136e-05 1.3645392366963454e-06 1.7467045966033416e-05 7.862017078070697e-07 6.300912525050848e-06 0.0 7.927862533304348e-07 1.5317053870262346e-06 2.6066864479432084e-07 0.00038571868800380845 2.1670531413233554e-06 8.39382452389458e-07 1.9549787719783558e-06 4.090069659470306e-07 0.0004749430901543157 9.519841252274314e-05 0.00012597148181323192 0.0004100271979526452 4.99333382526642e-07 8.435092467194503e-06 2.9991686539165305e-05 0.00011466424804640713 2.958770239775926e-05 0.00014579274035454238 1.0102913160628405e-06 0.0 6.073704159477953e-06 1.7032631680901412e-05 1.0121741610521394e-05 0.0002770249229305069 2.0196056625247705e-05 1.7763821548096906e-05 1.4368866802984655e-05 1.4451211833135938e-05 7.042569768923985e-08 3.7302962750277215e-06 3.905909305702151e-06
6.8339773771466855e-06 0.001037376340110523 9.06933312213907e-06 8.290875644377635e-07 2.9400290309046964e-07 2.9008163674465786e-06 5.219151200668862e-05 3.470699239476239e-06 0.001378525972239754 1.6337549274094075e-06 2.6707548328465344e-06 8.17780375272688e-06 4.45662465070061e-05 7.396930839413388e-06 2.7824304164709973e-05 0.0011943259856030547 6.444036279034831e-06 2.3805574525127367e-07 6.288372808606249e-07 9.98213931397306e-08 0.0001021402709286889 0.0 0.00015075612155002408 0.00299126088106909 0.0003010340737882825 1.6510684680519088e-05 0.0017169243521114948 0.0002407004900967285 3.791898000489808e-05 0.0001215087614732619 1.1151393962355335e-05 0.0 6.088868547357385e-06 5.071312646704858e-06 0.0 9.313659048853326e-05 1.3140802454536887e-05 1.3849618479758192e-05 9.670273705003612e-06 6.045816197178548e-05 4.415710994028222e-07 5.540493134664256e-07 1.376430359771877e-06 1.2908808900982085e-06 8.492830745403061e-06 4.8442718580048723e-05 0.0 0.0 2.855348793695996e-07 1.1422161996947757e-05 7.304467454448822e-07 2.2633965306477447e-05 4.688383369115622e-07 1.2485684811846247e-06 0.0 9.194315484460095e-07 1.4880871521035095e-06 2.191463485510074e-07 0.0005694631018593454 3.818786137963648e-06 1.5679414136648834e-07 1.5032530585895492e-06 1.715075733528692e-07 9.372868070235239e-05 0.00010078677544038823 0.00019360688125347918 0.0002501572420441341 6.991492860556149e-07 1.168542547587535e-05 0.0005030777316475891 6.615747757531863e-05 9.401359713406048e-06 3.857008016014202e-05 7.574537976239245e-07 0.0 1.3247742962245592e-06 4.508032289726119e-06 1.8052268115550374e-06 5.217449062058245e-05 8.516663168034176e-06 6.612591189252508e-06 4.877575194503526e-06 3.330052180619891e-06 0.0 3.292474982305688e-07 1.0634158878162016e-06
2.562917966611117e-05 1.1490234775707647e-05 0.0070245350860075 5.404932978520808e-07 7.060877371885069e-08 7.16066097163e-06 0.0009273790545696068 0.00010652655358698427 5.248646001011252e-06 1.5820751790644174e-05 4.0703053746961336e-05 8.090806836242165e-07 1.571100530392551e-05 8.545133901280266e-05 0.0 0.0031066492432596728 0.002213909401440086 2.3683250653493238e-05 0.00015450868101564888 3.4547630051484443e-07 0.00915383589040805 0.00015075612155002408 0.0 0.000487552819192659 1.4830407130345653e-06 0.00033576697526312653 0.006777889530969077 0.0024915610754568415 3.3608020691144274e-05 0.00440866706577785 3.7899494224768184e-06 2.5367131857148967e-06 5.68200910586798e-06 0.0015264795962576846 2.2716278153099475e-05 0.005148263478915546 0.0038103913527981013 0.00447847413961987 0.003991916682255339 0.0002899411020704983 3.9085454439832386e-05 2.4332683210814356e-05 6.931702105877007e-05 1.8636595575446337e-06 2.6769969111083506e-06 0.00020479489206528726 0.0 0.0 0.0 2.7284604375897698e-05 2.2479081568320752e-06 4.925138917742664e-06 1.66609951094987e-06 5.648786404647537e-06 0.0 1.8651978865198175e-06 4.317462990547357e-06 0.0 0.0014236640855085055 1.974938259773319e-05 8.032501048107373e-07 2.149652568125913e-06 1.9061742222160244e-07 0.00018552840941067609 0.00016456490224253992 0.0017080124720225084 9.539660434091811e-05 8.15708413791039e-08 1.5708695546216376e-05 0.001015970055300274 4.586973297579079e-05 6.343334285351871e-06 3.337237952259299e-05 1.1681738259990848e-06 2.0020319506065145e-07 7.472394348612177e-07 1.3727313963526548e-05 3.432704521941487e-05 0.0004286273814055482 2.508576791476326e-05 2.9299855191932073e-05 2.7180630554036106e-05 9.650479237825494e-06 0.0 3.443539916729665e-06 1.819541283333253e-06
