0.0 8.581387980661637e-07 8.794181634316481e-05 4.860972269451434e-07 0.0 2.997315334076723e-06 0.0010842204534150344 0.0002757374295632768 7.88202090944559e-06 1.0984428529685492e-05 2.464506359430362e-06 4.820881667022688e-07 3.4672092549039924e-07 0.0031073999080972283 1.1052588849826575e-07 6.460267781170627e-07 9.388110563395768e-05 4.1691993033534765e-06 2.5879619409534373e-05 1.5928542701171942e-07 1.3148942031658499e-05 8.181964600491057e-07 4.797893731407108e-05 1.8287957000397154e-05 1.3220776259803191e-07 6.821407945793265e-05 5.463868239496025e-05 7.969297516196342e-05 0.002334927461114508 0.000709627089536147 0.0 1.6829116585635572e-06 0.00011479113455670259 0.00016048518897332506 5.431855474150474e-07 1.0195586846579738e-05 1.2271643030500063e-05 8.959146571726776e-05 1.1056338448632847e-05 1.3746454713030396e-06 1.6795413148945328e-06 1.4417294866149353e-07 2.825265949115473e-07 6.52093591866873e-07 1.8263772148180983e-07 3.2564819827578173e-07 1.098402496865442e-07 0.0 0.0 1.5869577378208168e-05 3.4742070208485695e-07 7.130663495397786e-06 1.3395748190983762e-06 3.355605865026092e-07 9.99710913380578e-08 0.0 5.806108876473829e-07 0.0 2.433341550870239e-06 0.0 0.0 0.0 7.149989140846988e-07 6.1521874751974024e-06 2.9832155379656684e-07 1.5627796730755627e-06 2.6239794800154362e-05 0.0 2.7198666476224427e-07 1.3015165293572157e-06 2.274997359711089e-05 4.555127284044232e-06 1.8613820089889284e-05 0.0 0.0 4.61982098185638e-07 8.142979754465784e-07 0.0 5.7664539621988565e-06 1.6618499878858926e-07 3.9956645011541486e-06 2.376768912830054e-06 1.2356566313701483e-06 6.59149526596431e-07 0.0 0.0
8.581387980661637e-07 0.0 0.0001541496767204611 1.7830776797806924e-06 7.520834069084743e-07 4.2154461424200765e-07 1.4040873365772146e-05 1.1410673723026127e-06 0.0002678943153183801 1.2700693143502246e-06 2.290800456166222e-05 7.425805275441622e-06 0.0004936870896756496 2.886789055287325e-06 1.7134052516234704e-05 0.0005205562794338167 6.556580743051196e-05 3.8652683826915126e-06 7.09882428943764e-06 1.1826656180223548e-06 2.907079449062128e-05 0.0020970278615408252 2.9234596448785586e-05 0.0009242472153389932 0.0016742463438362055 0.0003500705057379317 0.005206552216828086 0.00013821022756468313 4.797859825892048e-06 9.190815695686455e-06 6.877403645210475e-05 1.8239133479815012e-07 8.560732900906732e-07 2.5767546098862046e-05 5.682375238195851e-07 0.000206079396416325 0.00018229082280952097 0.00014064157639687408 2.2593115863110266e-05 2.0874997171268264e-05 0.0 6.971985131321982e-05 5.909259176669558e-07 0.0 2.0062722259636507e-05 0.0001357041732300579 7.018126816713731e-08 0.0 0.0 6.974794024763502e-07 1.9602664851358652e-07 2.6693238946013546e-07 0.0 4.121393025254262e-06 0.0 1.337195697305183e-05 1.0462760348657832e-07 0.0 1.9705206954720016e-05 4.541662409439305e-06 0.0 2.7741718071614457e-06 1.5119181086886754e-07 1.9221612834276515e-06 3.7480202244883276e-05 1.3561847813587104e-05 4.497349524559474e-06 7.257198530446292e-06 0.00011562706612312752 0.0009377687334660201 1.1128753137264437e-06 1.1429444723692685e-07 8.315603981775789e-08 2.77674980334186e-06 0.0 0.0 8.506330836187837e-07 1.433709003840752e-07 5.772877481502192e-06 1.0118704901051046e-06 3.440043091975996e-06 1.400860448522292e-06 2.0517443587008323e-07 0.0 0.0 0.0
8.794181634316481e-05 0.0001541496767204611 0.0 5.120087322671885e-07 2.196666337670631e-07 1.919452096531977e-05 0.002410514281880905 0.0005334954291306016 5.54824290893987e-07 3.901497075932261e-05 9.54103317780858e-06 5.331508337306192e-08 5.364240123680281e-06 0.0008523671202163534 0.0 6.382721929883809e-06 0.004425624351403848 6.700087667598084e-06 6.533262535376125e-05 3.021641651422222e-07 0.0006949281539743321 1.05071370255962e-05 0.007393637531665225 3.43365909324462e-05 2.6254131328378952e-06 0.002855555407752406 0.0055688384210909716 0.0004223676024808952 0.00019995172596704548 0.0005111651797271823 1.9635744489840047e-06 2.185882521782162e-06 1.8367076793113415e-05 0.0006714699841502755 2.9489508122997825e-05 0.0017163922185011466 0.0009269684469528207 0.0020375725616867775 0.0007151820197703834 8.658092086954525e-05 7.469523069052486e-06 1.194084007236177e-05 1.6135021181882478e-05 0.0 0.00010958476119798586 0.0005437593574848453 0.0 0.0 0.0 2.4760020509383974e-06 8.053760228643658e-08 9.777480091237273e-07 0.0 0.0 0.0 4.239266791384653e-07 2.533326435918587e-07 0.0 1.3662412116634203e-05 4.201158713847042e-06 1.6728128549668342e-07 9.202767565632724e-07 0.0 6.5392366904162785e-06 0.0001254937056148109 1.5980062003689983e-05 1.0031867383635875e-05 3.328490696715811e-07 4.3398956557746485e-05 0.001727378628441339 5.9775286088592425e-06 6.559338306532753e-07 4.117936350213796e-06 2.6928911111002466e-07 0.0 1.257628440427313e-07 3.5445131924489466e-07 8.234401056358164e-06 7.314251529568697e-06 3.0110730194684473e-06 6.232176081651792e-06 1.5022930055478723e-06 2.3347061487668264e-07 0.0 0.0 0.0
4.860972269451434e-07 1.7830776797806924e-06 5.120087322671885e-07 0.0 6.147254041219509e-06 0.0001235471559474768 9.574097809595926e-05 3.930533500615437e-05 0.0004784798681478585 0.001255301596159329 3.5898062986436206e-06 0.0036537930321468345 8.274346665631162e-07 2.9431371680826833e-05 0.0001997719586057502 0.0 3.546776162060466e-07 8.868086192072767e-07 1.2211495202435767e-06 0.0009918479933242956 0.0 5.803416396606333e-06 6.746639791361493e-08 0.0003420337907966286 8.967126367163927e-07 2.2007152332860744e-06 1.1944991219118539e-06 0.0012240139184968698 3.412617516397791e-05 3.501023667796536e-07 1.1028304011184725e-07 5.120494653093631e-06 1.2984628401819408e-06 2.527230476664912e-05 9.597386718731928e-07 8.876714072611576e-05 7.891679202738889e-07 5.012407939355337e-05 1.0771300463803901e-05 0.0002742504246208701 1.422704329389939e-05 1.3344470817613816e-07 1.4065602396806122e-06 0.0 0.0 0.0 9.873774477827638e-05 0.0 7.519113501439297e-07 2.6653747532910657e-05 5.782783897247609e-07 3.2670420914722155e-05 6.895568940229879e-05 4.2574234429960924e-07 5.8267111349458127e-05 7.978245056984163e-07 0.0 1.8876027188659606e-06 1.8857736708272972e-07 0.0 0.0 0.0 7.553141541210334e-05 1.7916327278858369e-07 0.0 5.020603242771532e-07 0.00010972163222579613 0.0 0.0 0.0 0.00023994835194515534 4.455231821883928e-07 1.915218707730465e-06 0.0 0.0 0.0 3.566788288528571e-07 0.0 2.0564717472054846e-05 0.0 1.2285041868872445e-06 4.377804069612578e-07 2.53758250525677e-05 0.0 0.0 0.0
0.0 7.520834069084743e-07 2.196666337670631e-07 6.147254041219509e-06 0.0 9.890630753848816e-05 1.045072243492306e-06 1.0744816956014627e-05 3.3649152072344215e-05 1.6887282145579218e-05 2.1334116170736557e-05 8.082944455551658e-05 7.335894256440784e-07 1.8486028517674896e-06 0.001057933961652023 0.0 6.182452082395678e-07 3.0354433421391426e-06 4.198871823497424e-06 6.977991916241436e-06 0.0 3.4998033095915635e-06 0.0 2.029029765020565e-05 1.259458402568892e-06 5.141105645356787e-06 8.077364522800145e-07 7.820097919195972e-06 2.712853963312865e-06 0.0 8.158428196450003e-07 9.291632550990029e-05 0.0 0.00014319499369022589 0.0 1.2592833780511162e-05 1.9024848073335521e-07 5.145919789417718e-05 5.895760218350856e-06 0.0007754801290398505 5.929017090089713e-06 1.6758765581909043e-06 0.0 0.0 0.0 0.0 5.324592327083067e-07 0.0 0.0 0.0 0.0 4.3303242803165714e-07 1.7664728667956032e-06 0.0 6.101022356746755e-07 0.0 0.0 0.0 0.0 0.0 0.0 0.0 1.505267927810104e-06 0.0 0.0 0.0 2.7461809487995233e-07 0.0 0.0 0.0 2.6175661755554143e-06 0.0 0.0 0.0 0.0 0.0 0.0 0.0 0.0 0.0 0.0 0.0 1.2889446408635933e-06 0.0 0.0 0.0
2.997315334076723e-06 4.2154461424200765e-07 1.919452096531977e-05 0.0001235471559474768 9.890630753848816e-05 0.0 0.00013063141642059465 0.0035113099966330216 8.869920654373815e-05 0.006088686856715328 8.574484024785558e-05 0.001622672497608578 8.442517717337311e-06 0.00027804568281643115 0.001531104820118443 9.433882054567035e-08 5.644943119222792e-06 1.4936378344151602e-05 2.7091205343709215e-05 0.00020428360227599856 1.0378219335079124e-06 3.6279208211203283e-07 4.503188305579674e-06 3.0848858269690446e-05 1.940013020091776e-06 3.7946278543268195e-05 9.371155865708241e-06 0.00033188547383974676 0.00017679597340165934 4.73269669001398e-06 1.9798867798485143e-06 0.00017532921389765157 1.2281225437845129e-06 0.00039337146702752163 1.8294066751306959e-06 0.00016465362225843517 1.392743885315009e-05 0.00036586524733863394 5.1908223071396104e-05 0.0012399158991133498 0.00011360157777356899 1.3644929872693605e-05 4.4469845953679546e-06 0.0 9.265007189834458e-08 0.0 9.94474318197761e-06 0.0 9.328939958594165e-07 6.421859980584846e-06 7.445407277825134e-08 3.923585493709017e-06 9.092045006351516e-06 4.5406946928469325e-07 1.8887603916931743e-05 0.0 7.021944480239358e-08 0.0 4.4564414676243936e-07 0.0 0.0 0.0 1.0930112724442306e-05 2.2765007483151997e-07 0.0 8.653728082603631e-08 1.2892984110169682e-05 0.0 1.3766311852835592e-07 1.9243707934248296e-07 2.5945329820882258e-05 2.7083920883250723e-07 2.2560929796176877e-06 0.0 0.0 0.0 1.9129684379869826e-07 0.0 5.501637525843096e-06 0.0 3.268299792835459e-07 5.349348750392062e-08 1.0200128248521195e-05 5.514494280644803e-08 0.0 0.0
0.0010842204534150344 1.4040873365772146e-05 0.002410514281880905 9.574097809595926e-05 1.045072243492306e-06 0.00013063141642059465 0.0 0.002210807635147902 0.0003463103196838441 0.0007754588081080168 1.001204651009355e-05 1.2078309940289998e-05 4.2700654349666964e-06 0.005837116870437393 1.443482043754107e-05 3.126068258570317e-05 0.00018167581047003444 3.0950512743172755e-06 1.864000257023634e-05 4.011140813006477e-06 0.001541946103690362 1.8829633887710102e-05 0.0014285336175900156 0.00171621130836228 7.383149109659197e-06 0.00029441292703217886 0.0009628592046238996 0.010555435791749645 0.0012075509877082647 0.0015184583325178029 5.067280367540964e-07 9.080818934120347e-06 0.0002054082563141999 0.0004261461267027833 3.1521233771635396e-05 0.0015842334820720969 7.666539417306483e-05 0.0009505464389225602 0.0004135562349471003 0.00012160744295342236 0.0001623837871074983 7.65466916083082e-06 4.046801185868707e-05 2.052480945911582e-06 1.1310246935978345e-06 6.037097003518564e-06 4.4577938977809206e-05 2.5981836811215083e-07 1.0623729301605272e-06 0.0005441575281023761 9.704087630881239e-06 0.00016405991913691245 8.719457955099883e-05 4.039061074892093e-06 1.0419765379359884e-05 2.916996412938944e-06 1.4744482829703424e-05 1.3592214379208351e-06 3.87245289164512e-05 1.0347490943900943e-06 2.128078833614136e-07 8.504337475582365e-08 3.8940076058126516e-05 6.056853631032146e-05 8.452111494479315e-06 1.476686393090881e-05 0.0006290340214721871 6.022679525831831e-08 1.5697176628519418e-06 1.5068497397683534e-05 0.0007160584279987922 5.041126046699122e-05 0.0002355571539158095 0.0 4.885813529727664e-07 3.0911823439972205e-06 2.090600827701789e-05 1.1573168919718279e-06 0.00010219452468894225 1.144263943980273e-06 6.869280673525504e-05 3.724287838322758e-05 2.9375841556620413e-05 9.832570326524841e-06 7.2299441617223374e-06 2.0294675011757013e-06
0.0002757374295632768 1.1410673723026127e-06 0.0005334954291306016 3.930533500615437e-05 1.0744816956014627e-05 0.0035113099966330216 0.002210807635147902 0.0 3.3633731751863186e-05 0.0028396261545005504 9.935234843159311e-05 0.0001756410847624583 9.591466259021415e-06 0.0040388932013706155 0.00014470975378596293 1.8313920501741797e-06 0.00014742422753450703 2.3063649548134954e-05 6.699303048900981e-05 6.000435465086819e-05 3.272923350033245e-05 2.695224923687736e-06 0.0001319827964834233 7.418479523721921e-05 3.594279928584077e-06 0.00019839056386583966 0.00014816358787673293 0.0002817735875674137 0.0004829144404786706 0.00021850945625524428 2.8768389474766988e-06 5.26045748303531e-05 1.496890731779282e-05 0.0006137714508998688 1.786781789128384e-06 0.00021061040565983248 3.266228978441189e-05 0.0005632288886951959 7.856499984893213e-05 0.0002945362434389653 0.00010400042649144706 6.737432150805654e-06 1.0077625475496314e-05 5.239856784187234e-07 2.848747866460262e-07 4.822067998003393e-07 3.1018853028609236e-06 0.0 2.4425400452615114e-07 5.9700070162388e-05 1.2429893852208866e-06 1.933997300586628e-05 7.123745066396719e-06 2.2023226832634054e-07 2.4988767779891094e-06 7.138391434426473e-08 1.979045173510647e-06 2.143434940933046e-07 7.624551200390201e-06 0.0 0.0 0.0 1.9481443044643297e-06 1.2646188822506624e-05 1.0683556926607763e-06 1.5381075321095637e-06 8.00144612801953e-05 7.232737126150236e-08 3.851017189568891e-07 2.2029334015839035e-06 8.32071870598476e-05 8.244689721184648e-06 3.48894610664519e-05 0.0 1.4966363621013385e-07 9.587277510795277e-07 3.503258767539945e-06 2.1179273612561559e-07 1.667751801437543e-05 2.5268102173358586e-07 8.632656813845357e-06 2.6994780956278e-06 4.072320663262649e-06 2.0275201127573175e-06 0.0 0.0
7.88202090944559e-06 0.0002678943153183801 5.54824290893987e-07 0.0004784798681478585 3.3649152072344215e-05 8.869920654373815e-05 0.0003463103196838441 3.3633731751863186e-05 0.0 0.0007155415832050497 2.1170678117970096e-06 0.00014820042803703688 3.4115076691270035e-05 2.4165547189394466e-05 0.0005731852813485232 6.219726857552807e-06 7.775502576515179e-07 3.557720695728997e-07 5.685933974367482e-07 0.0001600123693634078 6.613801580199129e-06 0.0011931783195929615 1.8820927067708482e-06 0.0025183876567498875 0.00010848383257771276 1.4321360448151794e-05 9.310589276827417e-05 0.0016089341842042398 3.578180313576388e-05 9.289838054500958e-05 7.250085376982536e-06 1.693973069020062e-06 7.922044561538876e-06 7.537711007426608e-06 2.15518074229673e-06 0.0001259855207865874 9.805325068017587e-06 2.088577519441466e-05 1.2113492749841177e-05 0.00043411534361204935 3.929697160126614e-06 1.0256573343527585e-06 1.9307738892040306e-06 2.2581268380635726e-06 8.583409945498794e-08 1.2026589078079037e-06 6.404430833698669e-05 1.0160556897631867e-07 3.142094995439196e-07 0.0001675377348768747 3.4162226741048537e-06 2.599547734764212e-05 3.5004582335182346e-05 7.308943369884859e-07 1.5846875046859036e-05 3.191169842969075e-07 6.160385216906095e-06 2.0797378772049475e-06 1.681675551597845e-05 6.825980791847947e-07 5.40565235459208e-08 1.3343729778002912e-07 3.302741749704642e-05 2.012041259390757e-05 3.4371888158924137e-06 3.204271079217465e-06 0.0004649080607156821 3.130394940304577e-07 6.474577292005109e-07 8.971562025885514e-07 0.00030378519094981867 2.0294573304969117e-05 0.00011344999370984105 1.440600877638573e-07 0.0 1.682807286498054e-06 5.673563322035973e-06 0.0 2.7401110086123245e-05 7.239302644665501e-07 1.4638485571382849e-05 7.186278590092091e-06 1.3124959987039794e-05 2.506907146426848e-06 0.0 1.2760952707809474e-07
1.0984428529685492e-05 1.2700693143502246e-06 3.901497075932261e-05 0.001255301596159329 1.6887282145579218e-05 0.006088686856715328 0.0007754588081080168 0.0028396261545005504 0.0007155415832050497 0.0 5.47116604174876e-05 0.004923970028554897 8.219717030369533e-06 0.0011688940711534748 0.00020708817702802315 1.5531935014752327e-07 4.084971863022736e-06 1.2655313423488602e-05 2.5449627960539135e-05 0.0019475569475279767 8.57109434475862e-06 4.128925762227162e-06 9.229408607248085e-06 0.000192959234355209 9.555346411815053e-06 3.771805430909739e-05 2.0488363528803605e-05 0.001929890326394808 0.0008024760640510596 8.74296619347324e-06 1.5182218959162769e-06 5.477209425192093e-05 2.255829304577478e-05 0.0006644611812295211 4.4161207279751685e-05 0.00180377243270112 1.966186237186925e-05 0.0015239763041691894 0.0003284282070203514 0.0009893969509818567 0.00038394368315892194 9.459997394568477e-06 4.468991842346415e-05 0.0 0.0 5.492638388054009e-07 0.0003440059835465583 1.7027708833450706e-07 2.4432871549266114e-06 0.00015290305445915964 4.790802699747454e-07 8.599607686373243e-05 0.0003038488805209841 6.643963232704961e-07 0.0001146507006176327 3.1582475534390175e-07 2.1385144635936714e-06 1.1937145555959283e-05 4.758072577246088e-07 0.0 7.662908309347436e-08 2.9825300634870553e-07 0.00020624758233504212 1.2528795884780734e-06 9.166190610478979e-08 1.2843371924187641e-06 0.00048001428767012954 0.0 7.704092035071934e-07 4.180434511478394e-07 0.0009795345642204687 4.056746963501925e-06 9.445057486523757e-06 2.644152581547626e-07 0.0 9.11103117554653e-08 1.7983249215506645e-06 1.548365076353638e-06 9.13003365839735e-05 2.806527866424707e-07 5.613823969589769e-06 4.981456934331796e-06 5.885016248105777e-05 1.8542891881525563e-06 4.982718832865338e-06 4.956332872182156e-07
2.464506359430362e-06 2.290800456166222e-05 9.54103317780858e-06 3.5898062986436206e-06 2.1334116170736557e-05 8.574484024785558e-05 1.001204651009355e-05 9.935234843159311e-05 2.1170678117970096e-06 5.47116604174876e-05 0.0 1.3232270924229299e-05 0.0011081507022459073 4.270069902773082e-05 7.878460247495345e-07 3.5292524496870333e-07 0.00012145119323651682 0.001622711770607573 0.0029096568401372246 5.14000316020926e-06 5.886146916381404e-06 5.740804172758244e-06 7.5167462265226025e-06 3.06718009154158e-06 0.00044161459184433 0.0012005862570425006 0.00012921304761457378 6.8735494750848044e-06 0.00012823125801752247 3.7569538426670756e-06 0.00028747735832413237 0.00013397353656638807 2.868269432922601e-06 0.003847282620987111 1.3737146320872848e-05 0.00028913654084159574 0.002147052786147215 0.0033039978106126316 0.0005192334203166037 2.1139247320867723e-05 6.735296600464555e-05 0.0005349907688839357 2.9757994929059947e-06 0.0 9.085565305666729e-06 1.0105199235887353e-07 1.701847793462461e-07 0.0 0.0 6.750776517887993e-07 9.639046805054546e-08 4.793319307241043e-07 0.0 0.0001026015057230933 2.901073530999817e-07 0.00035899290467967886 0.0 0.0 0.0 0.0 2.685850916401232e-06 0.0 3.088305944568913e-07 0.0 4.6210992366696225e-07 0.0 8.719380340572763e-07 9.235735178234092e-05 5.548636675204137e-05 4.907095204435509e-05 8.415826893060907e-07 1.6702717515692665e-07 0.0 6.600889391731615e-05 0.0 0.0 1.5765376871335037e-07 9.00633249799055e-07 2.880843262601067e-06 5.7139645130126034e-05 1.5764863997974393e-06 1.0258778693842962e-06 8.407658767259601e-07 0.0 2.059719876855298e-05 0.0
4.820881667022688e-07 7.425805275441622e-06 5.331508337306192e-08 0.0036537930321468345 8.082944455551658e-05 0.001622672497608578 1.2078309940289998e-05 0.0001756410847624583 0.00014820042803703688 0.004923970028554897 1.3232270924229299e-05 0.0 1.4669023711040134e-06 0.0001151332921674586 0.0012352932576001863 0.0 4.099537944058192e-07 3.4628328074555443e-06 5.671010823164417e-06 0.002047095931736111 0.0 3.454446689164016e-05 6.937857796351413e-08 0.00010091111503880628 7.910795056433523e-06 8.816083760486716e-06 5.017652338820182e-06 0.0012844059085186132 0.00013335301971483015 2.4195151793745934e-07 9.341730517965629e-07 2.6556617180716376e-05 1.2177147015065344e-07 9.257067643170347e-05 7.330139429097365e-06 9.144213327588682e-05 1.7977637650685922e-06 0.0001400113772183057 1.5218386909751227e-05 0.0006719179949608409 2.9033758363085486e-05 1.5302268608628028e-06 9.998993315602328e-07 0.0 0.0 0.0 4.066560391871468e-05 0.0 6.587684175763019e-07 1.739814950224168e-06 0.0 6.306717071238184e-06 8.448731337042469e-06 0.0 1.3959820733253018e-05 8.230701794837172e-08 0.0 1.6917520505698827e-06 4.7513012315124945e-07 0.0 0.0 0.0 4.7909149156376396e-05 8.576539435005076e-07 0.0 0.0 1.0965634373456872e-05 0.0 0.0 0.0 3.727197550639852e-05 1.1084938849306461e-07 4.2846084015233675e-07 0.0 0.0 0.0 9.478671043274497e-08 0.0 1.6011228275841853e-05 0.0 2.697348030417738e-07 0.0 9.15326846137093e-06 0.0 0.0 0.0
3.4672092549039924e-07 0.0004936870896756496 5.364240123680281e-06 8.274346665631162e-07 7.335894256440784e-07 8.442517717337311e-06 4.2700654349666964e-06 9.591466259021415e-06 3.4115076691270035e-05 8.219717030369533e-06 0.0011081507022459073 1.4669023711040134e-06 0.0 2.545857800894748e-06 6.2515309629880695e-06 1.0257196515216462e-05 2.7120564444667484e-06 9.349270187741536e-06 5.8715890109180935e-06 4.620790598550319e-07 3.3745927223660003e-06 0.00011641510498764438 6.518959571675392e-06 6.92162332445952e-05 0.0026406672632155455 0.0001947510556193889 0.0011684996683808608 8.599088474376483e-06 4.804199935872026e-06 1.919221394929978e-06 0.0006970840518046898 4.962472362249177e-06 6.668322740202958e-08 0.0004456193719903117 4.207702900897746e-05 0.0006513350206401971 0.004083856298171731 0.0016149046590814599 0.00019345081238403918 6.991654588338186e-05 5.806306877327871e-05 0.0012273530977116771 2.361688166175988e-06 0.0 9.096613143749095e-05 2.2971511034932387e-07 0.0 0.0 4.3665955964302414e-06 2.0151514837772065e-07 0.0 8.179179308365156e-07 0.0 0.00020645504006133958 0.0 0.0007347413032898999 0.0 0.0 7.440572803190987e-08 0.0 8.30278095120918e-06 5.21400287248429e-07 7.242746758493988e-07 8.450770942011743e-07 1.2668897716909273e-06 0.0 6.032187942194817e-07 0.00024948809211925414 0.00021417625800968355 0.00025585999044409565 1.6877075611359094e-06 0.0 3.551267231852057e-07 0.00015491721068514256 0.0 0.0 2.5641446454113557e-07 9.894029938491914e-06 2.4990748307107888e-05 7.585680952571641e-05 9.454260387096496e-06 4.911488677821074e-06 7.539695863793716e-06 8.726523541318322e-07 2.4518380746759473e-05 0.0
0.0031073999080972283 2.886789055287325e-06 0.0008523671202163534 2.9431371680826833e-05 1.8486028517674896e-06 0.00027804568281643115 0.005837116870437393 0.0040388932013706155 2.4165547189394466e-05 0.0011688940711534748 4.270069902773082e-05 0.0001151332921674586 2.545857800894748e-06 0.0 1.9481373552280063e-05 1.6976068489327475e-06 0.000431239252955382 1.8285532481069212e-05 0.00011002511387001035 3.656002879735571e-05 4.098232466951994e-05 3.035228086308715e-06 0.00028493682675442806 6.594679091555246e-05 3.1186718117744492e-06 0.0003472307277117485 0.00027130852650901884 0.0003421761374036124 0.0032608422161671423 0.0014299275146798384 1.231365303336466e-06 3.269597293623406e-05 5.367838472861244e-05 0.00047101273175530027 1.4945697808252332e-06 0.0001342921134596533 3.719016006013161e-05 0.0003524540798850635 5.139225546210903e-05 7.79008150737263e-05 1.8851387236441222e-05 2.7644587806722138e-06 3.6744157569619972e-06 2.420779311811329e-07 5.759256172048841e-07 2.5509419437393173e-06 8.693069480120144e-07 0.0 0.0 4.581389125471227e-05 1.6851075032356854e-06 1.872873404726801e-05 1.9756574002613076e-06 1.1355837870255035e-07 2.1327716068901176e-06 7.365034008647148e-08 2.8229758131869636e-06 3.8007494377339706e-07 9.946706187176704e-06 0.0 0.0 0.0 1.5606848213693947e-06 1.6108300526011485e-05 2.224731192150042e-06 3.951551774000407e-06 5.7134491659251335e-05 0.0 4.7206316921287755e-07 3.7612673967536753e-06 6.28134847988255e-05 7.880280940222531e-06 5.028894980964093e-05 8.518164052494399e-08 2.05122332003886e-07 8.87370890073241e-07 2.662837014613894e-06 0.0 1.6310497451372878e-05 4.742782100462365e-07 8.668158075283656e-06 3.19118427860557e-06 5.5798994175666985e-06 6.478124473505053e-07 6.68352303919342e-08 0.0
1.1052588849826575e-07 1.7134052516234704e-05 0.0 0.0001997719586057502 0.001057933961652023 0.001531104820118443 1.443482043754107e-05 0.00014470975378596293 0.0005731852813485232 0.00020708817702802315 7.878460247495345e-07 0.0012352932576001863 6.2515309629880695e-06 1.9481373552280063e-05 0.0 0.0 0.0 0.0 1.3914032938183228e-07 0.00020882499089620838 0.0 7.380686213415021e-05 0.0 0.00041336179819059847 1.0175017877373654e-05 1.0929737628986864e-06 5.674229944425802e-06 0.00015811508039407845 1.474384030265562e-05 0.0 3.734802869438426e-07 0.0002939736822580236 1.3089801745288323e-07 5.044869532313762e-06 0.0 0.00019418481278111053 8.532778914786012e-08 5.597888927000617e-06 3.8001686229038003e-07 0.0005419417906763767 5.0080430979326725e-05 7.817692821987284e-06 0.0 0.0 0.0 0.0 2.3532441666824174e-05 0.0 1.239218140662984e-06 2.9361167960648756e-06 0.0 5.635538535707297e-06 9.490105330689482e-06 0.0 7.959554764415491e-06 2.309671601942603e-06 0.0 2.833548871863848e-06 1.0457354867825926e-06 0.0 0.0 0.0 1.2165683286346906e-05 4.128837715628902e-07 1.865541492056161e-07 9.665176796379676e-08 1.8556930299220613e-05 0.0 0.0 0.0 2.936885041535427e-05 2.980952054813185e-07 5.662469260644984e-07 0.0 0.0 0.0 7.136414815256421e-08 0.0 2.692118004964472e-05 0.0 2.594751584151575e-07 0.0 9.704257345898984e-06 0.0 4.69657516352866e-06 0.0
6.460267781170627e-07 0.0005205562794338167 6.382721929883809e-06 0.0 0.0 9.433882054567035e-08 3.126068258570317e-05 1.8313920501741797e-06 6.219726857552807e-06 1.5531935014752327e-07 3.5292524496870333e-07 0.0 1.0257196515216462e-05 1.6976068489327475e-06 0.0 0.0 2.832199594335298e-06 1.4032518136456055e-07 8.55182193810114e-07 0.0 0.002174634011924334 0.001301524464674356 0.002164995856333674 0.0009491176090457402 4.3599358832042985e-05 8.610077039047254e-06 0.002340488755389733 0.001048900812085981 4.657074635073665e-06 0.0002041518013200105 2.1092977880863303e-06 2.1197117106893207e-07 1.3500065718436338e-06 2.6013360697887987e-05 1.5198264053580485e-05 0.0009513498474775544 0.00031746894516130936 0.00020355572634792114 0.0003449824948052495 2.7682175898356746e-05 1.554857389604497e-06 3.0338507745789456e-06 7.66814536414941e-06 8.709253210056475e-07 1.6515432207404288e-06 2.4652831615204536e-05 0.0 0.0 0.0 3.216515005045312e-06 1.3947146675784622e-06 4.904618511399797e-06 1.576673220864696e-06 1.614744569952569e-07 0.0 1.467535074113176e-07 2.1579410506547376e-06 0.0 0.0014953946613239168 1.5891364132778988e-06 0.0 8.084478708481238e-08 0.0 0.00020120078677761407 0.0003857426131652487 0.0008956661623417363 0.0001331620181211378 0.0 1.8908695172704337e-06 0.00036088094222908523 0.00011895547109445024 9.421449648934621e-06 6.387854330686297e-05 0.0 0.0 1.920261818652019e-06 6.428686953075649e-06 1.9126780921968133e-06 3.37451354667435e-05 2.9389592863833367e-06 1.1669740123375664e-05 7.924553922969465e-06 4.89314930833468e-07 2.982134636944853e-07 1.5701995645570556e-07 1.5209047674323392e-07
9.388110563395768e-05 6.556580743051196e-05 0.004425624351403848 3.546776162060466e-07 6.182452082395678e-07 5.644943119222792e-06 0.00018167581047003444 0.00014742422753450703 7.775502576515179e-07 4.084971863022736e-06 0.00012145119323651682 4.099537944058192e-07 2.7120564444667484e-06 0.000431239252955382 0.0 2.832199594335298e-06 0.0 0.00010474511572500555 0.0023403034740158584 1.251835749708622e-07 0.00018536256584091208 3.8474654580960085e-06 0.0015708429645115176 6.029384491260431e-06 9.023904021027724e-07 0.0019892243885480474 0.00309347021703315 1.1480447717261025e-05 0.0003622849166873044 0.0006646465269192658 8.617663179144991e-07 2.752734984538833e-06 4.9037740564502034e-05 0.0014871482590411902 2.0098715739817892e-06 0.00010493938242755256 0.0002399196632308421 0.0006252307420594882 6.680252436991027e-05 3.928694522748696e-06 1.0652333276523997e-06 8.500221496110806e-07 4.5736504652478355e-07 0.0 1.216443448824335e-05 2.058179159472062e-05 0.0 0.0 0.0 8.91455764368616e-07 5.457712569807395e-08 7.604337935332763e-08 0.0 1.7811560300354186e-07 0.0 0.0 0.0 0.0 1.053879137221557e-06 0.0 0.0 2.0126351330540983e-07 0.0 6.639451313150237e-07 7.298868980025556e-07 7.607261010499279e-08 1.9204179761883215e-06 1.869036549148269e-07 2.2595093730184858e-05 6.60740415339863e-05 9.900754675247622e-07 7.32655838984167e-07 1.2035391478324858e-06 1.3549336687260335e-07 0.0 0.0 8.561319467395696e-08 0.0 1.4088200818276618e-06 0.0 5.240901480570095e-07 1.446311863989907e-07 0.0 1.6335087918783978e-07 0.0 0.0
4.1691993033534765e-06 3.8652683826915126e-06 6.700087667598084e-06 8.868086192072767e-07 3.0354433421391426e-06 1.4936378344151602e-05 3.0950512743172755e-06 2.3063649548134954e-05 3.557720695728997e-07 1.2655313423488602e-05 0.001622711770607573 3.4628328074555443e-06 9.349270187741536e-06 1.8285532481069212e-05 0.0 1.4032518136456055e-07 0.00010474511572500555 0.0 0.0011720034608253059 1.487700882850137e-06 4.393121075922496e-06 2.4291665655419285e-07 5.4238443480926535e-06 9.477202778304617e-07 9.358951251441177e-06 0.0006349004695066822 0.00013759032740392706 1.8169247641493588e-06 3.428326486956733e-05 6.945474908104682e-06 2.9492169436064225e-06 2.1121842436737923e-05 2.6122808787152857e-06 0.0005503224944230756 3.3230502386088504e-06 0.0001231428678502447 0.00030044178885171705 0.0007630590486546948 0.0001492424954701829 4.4367430992790025e-06 5.095630324557302e-06 6.581369337133874e-06 1.3567987878820006e-06 0.0 3.231503658398323e-06 1.227574996137984e-07 0.0 0.0 0.0 1.5475899992476433e-07 0.0 0.0 0.0 1.637430654919766e-05 0.0 5.8810808055007e-05 0.0 0.0 6.045902875301296e-08 0.0 1.6094955291044917e-06 0.0 0.0 8.094730013202601e-08 0.0 0.0 2.940969604111437e-07 1.6374884601177444e-05 7.218248974442514e-05 5.1075370691455316e-05 0.0 0.0 0.0 2.4155837151713638e-05 0.0 0.0 1.2311202775363607e-07 3.4110678782944707e-07 5.966213129146258e-07 1.3212163715651727e-06 2.590173828645278e-07 0.0 0.0 1.8579443724526172e-07 1.665310175546551e-07 0.0
2.5879619409534373e-05 7.09882428943764e-06 6.533262535376125e-05 1.2211495202435767e-06 4.198871823497424e-06 2.7091205343709215e-05 1.864000257023634e-05 6.699303048900981e-05 5.685933974367482e-07 2.5449627960539135e-05 0.0029096568401372246 5.671010823164417e-06 5.8715890109180935e-06 0.00011002511387001035 1.3914032938183228e-07 8.55182193810114e-07 0.0023403034740158584 0.0011720034608253059 0.0 2.008700988167038e-06 4.361657021393758e-05 1.4369703330339603e-06 5.510569568478167e-05 1.514456711141749e-06 7.1625179124412764e-06 0.002431131336736504 0.0007691579815519156 6.359029825357906e-06 0.00020291040909340604 6.650540090718248e-05 5.284968820973447e-06 4.030016368045575e-05 2.6829556345852237e-05 0.0033875222039249117 8.157143614812083e-06 0.0003745633270271061 0.0003960913613241896 0.0023071075139407603 0.00026696394826245846 1.2458015663516582e-05 4.02505216526083e-06 4.827136015661696e-06 2.3769554873976484e-06 0.0 1.4176417598877222e-05 2.502597382272562e-06 0.0 0.0 0.0 3.6893257871934346e-07 0.0 3.4799276104159286e-07 0.0 7.032109124923065e-06 0.0 2.7716596346076202e-05 0.0 0.0 1.654154063000894e-07 7.621724378206549e-08 4.239686760049521e-06 7.841837792612205e-07 0.0 5.289026688149531e-08 1.7733017291171535e-07 0.0 3.2809477932353413e-07 1.535852896240806e-05 0.00015476873792475063 0.0001413633575488962 7.43006842548261e-07 6.277206347310323e-08 3.55855653500184e-07 2.1034413289319884e-05 0.0 0.0 1.4026432162492883e-07 1.1294239658717215e-07 1.1163042164715818e-06 5.138151331493438e-07 7.188906404881413e-07 8.222512870626834e-08 0.0 0.0 0.0 0.0
1.5928542701171942e-07 1.1826656180223548e-06 3.021641651422222e-07 0.0009918479933242956 6.977991916241436e-06 0.00020428360227599856 4.011140813006477e-06 6.000435465086819e-05 0.0001600123693634078 0.0019475569475279767 5.14000316020926e-06 0.002047095931736111 4.620790598550319e-07 3.656002879735571e-05 0.00020882499089620838 0.0 1.251835749708622e-07 1.487700882850137e-06 2.008700988167038e-06 0.0 1.261358545218597e-07 2.2062946658486868e-06 1.5196439730118692e-07 2.516297496127446e-05 2.784515364381563e-06 3.374175126260386e-06 4.901580469817694e-07 0.0014640051162995687 4.691579458600566e-05 2.285186831532693e-07 1.974547751217333e-07 5.773976151040358e-06 0.0 3.3257690353965824e-05 1.784087588898658e-06 4.761801910185304e-05 6.048083935129074e-07 5.925073850392182e-05 7.515315080293582e-06 0.00027973796651541936 1.2975854600669877e-05 1.4927535815814872e-07 5.010796869941292e-07 0.0 0.0 0.0 3.0288275299895807e-05 0.0 3.992798249295287e-07 7.0585237514628515e-06 0.0 9.612767208975803e-06 2.0902186289477345e-05 0.0 2.4975557082386257e-05 0.0 0.0 9.454669165703763e-07 1.4780740131284187e-07 0.0 0.0 0.0 2.8489535796724982e-05 7.526994557841782e-08 5.7872846729634176e-08 0.0 2.0991688288506657e-05 0.0 8.787613347301878e-08 0.0 5.176764655281299e-05 0.0 5.638533270379917e-07 0.0 0.0 0.0 0.0 0.0 1.1942066634141584e-05 0.0 1.4487057351931247e-07 5.872903352254869e-07 8.169728886183222e-06 7.716242619694184e-08 0.0 0.0
1.3148942031658499e-05 2.907079449062128e-05 0.0006949281539743321 0.0 0.0 1.0378219335079124e-06 0.001541946103690362 3.272923350033245e-05 6.613801580199129e-06 8.57109434475862e-06 5.886146916381404e-06 0.0 3.3745927223660003e-06 4.098232466951994e-05 0.0 0.002174634011924334 0.00018536256584091208 4.393121075922496e-06 4.361657021393758e-05 1.261358545218597e-07 0.0 0.00011279826915878163 0.008627629329194749 0.0001568228875655349 9.035409310616375e-06 3.9740504694105e-05 0.0005603703238769616 0.002439799245420889 0.00012314735376922045 0.007331965231962832 0.0 4.5403147752418396e-07 3.733716505882377e-05 0.001975577199007811 5.474190765673048e-05 0.002350556780073118 0.0006175640304144081 0.0032414608929147585 0.001843350333964639 4.9047498130399064e-05 1.3628044964195987e-05 8.614807131345081e-06 2.9631416628185237e-05 4.419739259829554e-07 3.414953431935528e-07 1.462663098663678e-05 1.583354532596499e-07 0.0 0.0 5.697708980805783e-06 9.278961227613727e-07 5.585776462524119e-06 0.0 2.6439147093731473e-07 0.0 0.0 3.69168000276342e-06 0.0 0.0002733567902103162 9.131299764372008e-07 0.0 0.0 0.0 0.00015949110638674227 3.185201661950955e-05 0.00013591364049863675 8.563383125596631e-05 6.658043704269545e-08 1.6737920748767981e-06 1.6174230239892596e-05 8.812120771030794e-05 1.4286805185658503e-05 8.451131660374359e-05 0.0 0.0 3.0203373292696524e-06 8.344501044793432e-06 3.4685196830586234e-06 3.960876966137047e-05 1.818771858017493e-06 1.2691415517583846e-05 8.893512709308507e-06 1.4111410661618735e-06 2.4889769355680304e-07 7.720584608543956e-08 0.0
8.181964600491057e-07 0.0020970278615408252 1.05071370255962e-05 5.803416396606333e-06 3.4998033095915635e-06 3.6279208211203283e-07 1.8829633887710102e-05 2.695224923687736e-06 0.0011931783195929615 4.128925762227162e-06 5.740804172758244e-06 3.454446689164016e-05 0.00011641510498764438 3.035228086308715e-06 7.380686213415021e-05 0.001301524464674356 3.8474654580960085e-06 2.4291665655419285e-07 1.4369703330339603e-06 2.2062946658486868e-06 0.00011279826915878163 0.0 0.0002078874411739181 0.00470505928352815 0.0005703163198113082 4.164736560994996e-05 0.002396602295079932 0.0003933810882072095 6.354612212465792e-06 9.134921868417336e-05 2.281334337091187e-05 1.8036089139967452e-07 6.628612517566173e-07 3.3535173812278764e-06 1.2997966960753452e-06 7.116316084726623e-05 2.766894236368524e-05 1.3680338301331862e-05 9.230191526124602e-06 9.847095513779798e-05 7.365482946157787e-07 8.16027957838518e-06 8.916454509944513e-07 8.247377394308725e-07 6.48972982141511e-06 2.724090371069474e-05 0.0 0.0 0.0 2.047287516414485e-06 1.1561892638587067e-06 2.131608765273102e-06 7.763374895819922e-08 2.484568135038857e-07 0.0 2.1489542224425563e-06 4.213696415918697e-06 0.0 0.0004137434841791359 1.252373683868307e-06 1.1994745994884615e-07 0.0 7.558202955758924e-08 7.145662002061267e-05 0.00011888860353151924 0.00012853960019343943 9.110437630549408e-05 3.7697449155795e-07 2.4427682371888206e-06 0.000451754384770981 5.938164617594482e-05 1.1759452612575258e-05 4.359317247109219e-05 2.1404092602819426e-07 0.0 9.197159544244652e-07 3.422930751591694e-06 1.238144244340916e-06 1.986103996908127e-05 2.516462829100151e-06 6.585456743186201e-06 4.150453204288264e-06 1.4013340462700191e-06 4.355372035414386e-07 1.7691954042157163e-07 0.0
4.797893731407108e-05 2.9234596448785586e-05 0.007393637531665225 6.746639791361493e-08 0.0 4.503188305579674e-06 0.0014285336175900156 0.0001319827964834233 1.8820927067708482e-06 9.229408607248085e-06 7.5167462265226025e-06 6.937857796351413e-08 6.518959571675392e-06 0.00028493682675442806 0.0 0.002164995856333674 0.0015708429645115176 5.4238443480926535e-06 5.510569568478167e-05 1.5196439730118692e-07 0.008627629329194749 0.0002078874411739181 0.0 0.0003638814279596567 1.0684469108880301e-05 0.0008842920354546861 0.008812967097005261 0.001668711755781215 0.00016817825295756153 0.003439701003837062 3.1712762417554386e-07 5.904975012532323e-07 3.4080409523065306e-05 0.0018007194827475213 0.00016675048210491747 0.006051565820285749 0.003049328586736066 0.005650827932601675 0.005721734149004991 0.00040175300823114745 3.0082332945680765e-05 3.430421639597906e-05 0.00010503595458639613 3.2308772411305584e-07 1.1645219025077963e-06 8.100915408696385e-05 0.0 0.0 0.0 1.7387541183842222e-06 3.1360401934125313e-07 9.380495311687869e-07 7.334445454673434e-07 8.501299161823554e-07 0.0 1.764264311984618e-06 1.1620575734843315e-06 0.0 0.0015314816160312658 7.857160211643876e-07 0.0 9.994469533251336e-08 0.0 0.00010463809669477073 0.0002954656302119472 0.0010616782920980382 8.764065739851157e-05 0.0 2.06856127951024e-06 0.0008964275903300338 6.660821966019651e-05 2.810050454447889e-06 2.0108407233534507e-05 8.054467888091914e-08 0.0 2.5353501981491226e-07 1.199290495052904e-06 7.896122918918205e-06 2.4483349878573283e-05 4.840900027878095e-06 7.418801049151717e-06 6.165034210814904e-06 3.232172391441513e-07 2.807903796729283e-07 2.0550121431039563e-06 0.0
1.8287957000397154e-05 0.0009242472153389932 3.43365909324462e-05 0.0003420337907966286 2.029029765020565e-05 3.0848858269690446e-05 0.00171621130836228 7.418479523721921e-05 0.0025183876567498875 0.000192959234355209 3.06718009154158e-06 0.00010091111503880628 6.92162332445952e-05 6.594679091555246e-05 0.00041336179819059847 0.0009491176090457402 6.029384491260431e-06 9.477202778304617e-07 1.514456711141749e-06 2.516297496127446e-05 0.0001568228875655349 0.00470505928352815 0.0003638814279596567 0.0 0.000269186417363152 3.331538881245494e-05 0.0010282390193544066 0.004602800354208469 0.0001317252418244217 0.000380199014541047 1.5449073203094432e-05 4.796326397709254e-07 3.9684189458202146e-05 5.429684898775016e-05 1.012334263300652e-05 0.0005193847460127373 7.292679680593365e-05 0.00013248526311617566 8.222293005766252e-05 0.0002871551486883073 9.275056955404535e-06 3.329236363330803e-06 7.199835932882976e-06 2.575095120748838e-06 9.891161267855117e-07 1.0628496055592516e-05 8.588433798634203e-05 0.0 7.337831846497579e-07 0.00042121823837672765 5.297229180112138e-06 0.00040759469450150747 9.633790687098438e-05 1.1202565355733552e-06 1.8461522702356284e-05 6.382435101849242e-07 1.1517950417304163e-05 2.808322676687307e-06 0.00011332509942276599 8.75112395088248e-07 1.7103705706534345e-07 3.268819085458155e-07 5.295220403520471e-05 8.922001623833646e-05 4.1579986401021196e-05 4.107829060866186e-05 0.0007489282083966654 7.68524862512947e-07 2.3949532751119053e-06 3.209555913357186e-05 0.0007196753283232649 4.747743496745743e-05 0.0002104711939379858 3.614779770041007e-07 1.7532101578619336e-07 3.3737355711431557e-06 1.802853820310279e-05 4.137578080126279e-07 7.356422917303068e-05 2.426030453041948e-06 4.074787561531556e-05 2.5495888624128483e-05 1.8714990325055096e-05 5.31796769486745e-06 0.0 2.9616588343404433e-07
