0.0 1.9476046041307352e-07 0.00024359454076164198 5.49651545325543e-07 2.7549301860209455e-07 3.250824190628117e-06 0.0015283525708840828 0.00018866946264724227 1.9916268135576067e-06 2.4375508385817577e-05 4.010346127834982e-06 2.712090596967911e-07 2.258860083827037e-06 0.0025422593715800036 0.0 1.7427707435054804e-06 0.00015637972243954983 5.135056434907765e-06 5.0560349550660454e-05 2.2886634171331622e-07 3.7747053917090806e-05 5.430074215640599e-06 5.45998200684521e-05 8.862678812535541e-05 0.0 7.974888310135372e-05 3.401800720690261e-05 5.4065982663103264e-05 0.002323802046232147 0.001089202850163753 3.0506643012916653e-07 1.984908937664186e-05 6.664398593867085e-05 6.46806156363365e-05 2.3425475122434885e-07 1.606781495371265e-05 1.1739036108342067e-05 2.44251397151163e-05 3.515911891433613e-06 9.66916904607822e-07 1.0426289800861495e-06 8.137158019738235e-07 8.154054971540655e-08 1.6587563487068578e-07 2.5026594697232907e-07 3.5672731593675607e-07 5.182742388526578e-07 0.0 6.971888154844827e-08 9.820269493354713e-06 1.92384704205432e-07 1.1861902530023135e-06 3.2058527479284957e-07 8.900818985380433e-07 0.0 1.8013039447902819e-06 9.19880426112712e-07 0.0 1.7627250912699976e-06 0.0 0.0 0.0 9.24240351942732e-08 2.683411519076503e-06 1.9382976947066928e-07 1.3020850026565719e-06 1.3621650499230215e-05 0.0 5.633902899083561e-08 2.4582906657483627e-06 1.1997980239983854e-05 6.882270407052107e-07 3.876427942143272e-06 0.0 3.7835275420654505e-07 7.770340953711573e-08 3.663014915698108e-07 0.0 3.6732442761833754e-06 2.2919099614900214e-07 1.7629510749469488e-06 6.378820888597656e-07 4.5804634962228455e-07 1.5644767296778366e-07 8.90851064949643e-07 0.0
1.9476046041307352e-07 0.0 0.00021380610670891298 1.6253760133627421e-06 1.4322915167264063e-06 6.43733334470872e-07 1.6981641337542164e-05 1.1115655353118848e-06 0.0005585569663521021 1.4414792699872446e-06 7.856854672802286e-05 3.055322483804363e-06 0.000500467177663304 2.393063070153346e-06 2.071124627630101e-05 0.00036891377713073136 0.0002806605543054914 6.465204509004524e-07 4.711942391339362e-06 1.667493817918649e-06 3.0893019702109814e-05 0.0015418927638766373 3.6237611073257044e-05 0.0007716490457158363 0.0010368994707445473 0.0005466631260686058 0.005716587682496589 4.326579534320965e-05 2.697591086911624e-06 7.629228390604264e-06 2.9328367773646905e-05 2.1469785563516503e-07 3.492620095654614e-07 2.9643027015256403e-05 3.362535829002272e-06 0.0003367585749857439 0.0004184966455373447 0.0001350069159341686 7.83783054371965e-05 6.239985710712984e-05 6.381939158890006e-07 0.00012135582476550721 5.557921842919052e-07 6.669597774974426e-08 2.461548187434946e-05 6.846962331763688e-05 7.551912925687275e-08 0.0 0.0 4.930751651545908e-07 1.138526826574417e-07 2.918016766583312e-06 0.0 2.4978678437376524e-06 9.487561233630248e-07 1.4287350229525815e-05 3.709113414125155e-07 0.0 6.252393773193234e-06 9.991766026035848e-06 5.465841014881581e-07 4.802509174980186e-06 1.385799530203055e-07 7.04529198814825e-07 1.5916349520223936e-05 4.88049425233453e-06 5.163409201035558e-06 9.211345661613994e-06 8.753943023874435e-05 0.0009978915501367026 1.63251375588255e-06 1.8710476914530569e-07 1.5571019217241066e-06 5.914859104378158e-07 0.0 0.0 2.044638920384698e-07 8.747470224699157e-07 3.5647950904360482e-06 6.446075318319617e-06 3.4409192469428448e-06 1.7550775619526285e-06 2.2490381610477624e-07 0.0 8.107284896820587e-06 0.0
0.00024359454076164198 0.00021380610670891298 0.0 5.987144371213832e-07 1.6802496579362016e-07 1.3853065764540561e-05 0.0022293653047431162 0.0002929248905437545 4.81995096684518e-07 5.569407946341071e-05 1.1714027840366685e-05 1.1749028367025715e-07 1.2023588616531262e-05 0.0009598550024401543 0.0 1.2502228164478706e-05 0.005097061371867147 2.182411503766245e-05 0.00013174411652056386 1.2050658413417008e-07 0.0006769169694860035 6.057295645462767e-05 0.006771397588228694 0.00013024559857982104 9.647577284296323e-07 0.003747429295526334 0.004853503679464484 0.00020201014341758984 0.00020691384292616946 0.0007528624302678158 1.107250726208321e-06 8.170755807936544e-06 2.4191338126184484e-05 0.0004394328181257691 2.2389231395643947e-05 0.001194801572132234 0.000865548941209006 0.0014299165780178465 0.0008317760959661313 0.00010222257907193766 7.432415103551292e-06 8.813291024199057e-06 9.117571080800317e-06 5.038428662753514e-07 0.00015143102371893583 0.00032463831587540453 3.2250528140604666e-07 0.0 1.5442933329590064e-07 1.277865178570165e-05 4.022295976549513e-06 1.789356298919143e-06 1.4989879516700628e-06 2.075690798309479e-06 0.0 8.276916171859442e-07 6.2094156128219105e-06 0.0 4.03761262097134e-05 2.3323477509076876e-05 7.235448495481e-08 3.5141819631891527e-06 6.728793476214026e-08 2.2877603885005628e-05 0.0001341587103690657 7.482807374966583e-05 3.0299889732756745e-05 1.834964093199052e-06 3.3010094794493324e-05 0.0023441804579333193 2.1220495699568456e-05 1.8102774455543088e-06 1.17371049472365e-05 1.5538870276548537e-07 3.5556339895021006e-07 0.0 2.2926429212610547e-06 3.5613136159486503e-06 1.2581635468184247e-05 9.183176183486274e-06 1.495522384933094e-05 6.03706380021685e-06 2.9224996775755453e-06 4.481126689085571e-07 0.0 2.3578734834211114e-07
5.49651545325543e-07 1.6253760133627421e-06 5.987144371213832e-07 0.0 6.614158830910846e-06 0.00015436533626889094 7.992865797665174e-06 1.9707217144287383e-05 0.0007115587757078233 0.0010408712086545436 4.2141177347743924e-06 0.0037358696557471217 3.1422576047578377e-06 2.084033859322218e-05 0.0001512826925679171 0.0 0.0 4.461056551767562e-07 1.0421132445723526e-06 0.001025716681998599 0.0 4.687061025846756e-06 1.281481855168448e-07 0.00033635884421829996 0.0 1.54098803918451e-06 1.90615623536908e-06 0.0018940199301344166 2.9577256444742156e-05 1.3442495397037818e-07 0.0 1.3131136253817452e-05 1.7623061457854346e-06 2.8057997169651453e-05 9.37119608339483e-07 0.0001418746137424832 1.4763348246132202e-06 3.744132728336718e-05 1.1468357237721143e-05 0.0003661158919817347 1.0741818386303086e-05 2.7648883006320152e-06 3.698349973220389e-06 0.0 0.0 0.0 0.00012430089102541031 0.0 3.7576258652330018e-06 6.158848504739908e-05 1.0033464375959425e-06 6.957333223534762e-05 0.00012273733392050405 5.750489185701388e-06 0.00012122138912982451 0.0 9.802880445041877e-07 1.2721997277325673e-06 0.0 0.0 0.0 0.0 9.463299139888556e-05 0.0 0.0 6.526375547711392e-08 0.00014346935966528146 0.0 0.0 1.9693278611160596e-07 0.00019849173836982564 5.128625696013739e-07 3.8073399674112544e-07 0.0 0.0 0.0 1.9516679669737037e-07 3.2279870638034084e-07 7.317031735677901e-06 0.0 2.9593177734346505e-06 1.1138008966209756e-06 2.8356743153722372e-05 1.150106509277518e-07 0.0 0.0
2.7549301860209455e-07 1.4322915167264063e-06 1.6802496579362016e-07 6.614158830910846e-06 0.0 0.0002579520935163347 2.5717196231667118e-06 3.5478053106052726e-05 6.898162107897758e-05 2.4864640071646358e-05 5.075054114762592e-05 0.0001397542699734012 6.0927484600309745e-06 2.0340156509769116e-06 0.0013330661940281093 0.0 4.3639521497651095e-07 1.8437874369354384e-06 3.856218521739179e-06 1.532570218654611e-05 0.0 1.495851253345845e-06 0.0 1.7337495049430838e-05 0.0 2.4055084443326275e-06 1.0597897899247826e-06 5.554706855332862e-06 2.505071531283819e-07 6.5213583640704e-08 0.0 1.4909653518974857e-07 0.0 5.7994886652212304e-05 0.0 8.464205003117239e-06 4.3334238575814024e-07 9.185947166685695e-05 2.160073581778199e-05 0.0010857041219730263 5.758043068197664e-06 1.5124194879212244e-07 0.0 0.0 0.0 0.0 0.0 0.0 0.0 3.856535383096827e-07 0.0 0.0 2.505119017105999e-07 0.0 0.0 0.0 0.0 0.0 8.896933252762883e-08 0.0 0.0 0.0 1.7096765284238439e-07 0.0 0.0 0.0 8.073295667507807e-07 0.0 0.0 0.0 3.6692622626843547e-07 0.0 6.622592006402173e-08 0.0 0.0 0.0 0.0 0.0 0.0 0.0 0.0 0.0 0.0 0.0 0.0 0.0
3.250824190628117e-06 6.43733334470872e-07 1.3853065764540561e-05 0.00015436533626889094 0.0002579520935163347 0.0 0.0019970002864552272 0.004115232292658824 5.139076224053729e-05 0.0056147898244009115 8.482944754469652e-05 0.0018463726673816321 1.8972027856753068e-05 0.00025584429856155447 0.0011017743336411312 4.6765555773881366e-07 4.695682741872753e-06 7.247500194530103e-06 1.7450416428090406e-05 0.0005780680012979914 3.40046277076312e-06 1.091411715921902e-06 1.7963902843979507e-06 3.4272119100231406e-05 1.0469470466963332e-06 1.611217486318785e-05 4.026339570951192e-06 0.0001590777254633711 0.00015443265354718957 3.9397615080518855e-06 5.362564598980584e-07 0.0006624612073695548 7.734171460151434e-07 0.00026818703105555545 1.959518007216974e-06 0.00019882085944455675 4.883442929662613e-06 0.0003267656278356052 3.1423662319530736e-05 0.0016265510683982586 0.00011986720301557737 1.9669186154543955e-06 3.534409681740479e-06 0.0 1.2490408818649005e-07 0.0 5.403088220320685e-06 0.0 1.6517660096604497e-07 7.745379433813655e-06 5.361142777869443e-07 3.0621710719566414e-06 5.529737069576836e-06 1.3702286485596187e-07 6.910460723870502e-06 0.0 5.126456674580294e-07 1.853266069431745e-07 1.949453849595345e-07 0.0 0.0 0.0 6.63933057168654e-06 3.6540670593562126e-07 0.0 0.0 1.112927654171715e-05 0.0 1.5594830811325216e-07 3.1734592084932734e-07 1.426087212468781e-05 5.8219981892290624e-08 1.0294542309517313e-06 0.0 0.0 0.0 3.7092238680178833e-07 2.4028578314579644e-07 3.404910431065694e-06 2.5108495271567525e-07 6.241267709976581e-07 5.334345291911887e-07 2.6462094530670702e-06 0.0 2.354669510051883e-06 0.0
0.0015283525708840828 1.6981641337542164e-05 0.0022293653047431162 7.992865797665174e-06 2.5717196231667118e-06 0.0019970002864552272 0.0 0.0023477890347751618 0.00022251060273731984 0.0038249527871072387 1.996181053554047e-05 3.6749299818272006e-05 3.7693970103554995e-05 0.005647772982987463 2.2283394932825863e-05 5.007110628354033e-05 9.109885988327262e-05 3.355674455006625e-06 1.5218212863829986e-05 7.77313183679554e-06 0.00240828738311655 4.596589915746852e-05 0.001088219767807211 0.001959688322760632 9.724927895995265e-07 7.033909529027372e-05 0.0006412652621309948 0.005993190516121634 0.0009016436362814035 0.001567182017603468 4.359070981312812e-07 4.6660906456617764e-05 0.0001610286622370048 0.00039786103820627766 4.2422777401559876e-05 0.0010201325118219546 5.606366590362595e-05 0.0006126253451009558 0.0003136803445463028 7.592429473510205e-05 9.201539999871352e-05 1.6909267588098445e-05 2.3415439300445005e-05 1.9499451148441023e-06 2.5500599888704907e-06 3.5881637779183574e-06 6.87207765273254e-05 5.049665553930641e-07 6.4292067852751135e-06 0.0006436131780661018 2.5614206756899486e-05 0.0002031161729736649 0.00013089342200219717 1.3020604461481356e-05 3.4465713186240664e-05 8.873371717771443e-06 2.6146204091834256e-05 3.7552077874162265e-06 1.8904513346040044e-05 6.631207461988812e-07 9.129452516680437e-07 8.026872977034368e-08 4.3362139473300235e-05 3.1446447908132686e-05 5.7064397680413915e-06 1.3140125621288362e-05 0.0006936819405554452 6.381329220648884e-08 1.2456143433822863e-06 3.524024820254192e-05 0.0006504315661290806 1.8321140622113925e-05 6.148372316691629e-05 7.189081239769345e-08 2.721637268230876e-06 8.573718977898466e-07 1.2650638991927256e-05 4.466427608691497e-06 0.00010786917524820825 3.2634523748320193e-06 7.62665213928024e-05 2.3751982772859793e-05 6.979003331727864e-05 1.4212559711502429e-05 9.685136512267634e-06 1.081075953944486e-06
0.00018866946264724227 1.1115655353118848e-06 0.0002929248905437545 1.9707217144287383e-05 3.5478053106052726e-05 0.004115232292658824 0.0023477890347751618 0.0 1.4766972157304599e-05 0.0027436511266076555 0.0001246838001325765 6.342596396168567e-05 2.6233267336186064e-05 0.004427906759284842 1.4951663773858455e-05 4.781234539520594e-06 8.650364906230726e-05 1.4901391749637285e-05 6.53037942806785e-05 4.929999486513357e-05 8.040231245363509e-05 1.2621545415801158e-05 4.954945675088854e-05 0.0004539919197456831 1.2107771180758557e-06 9.107276907882697e-05 4.713200268428737e-05 0.0001973223022474822 0.00044988109090612536 0.00013017985384076278 1.4037857153274847e-06 0.000504605123655685 8.751347135552372e-06 0.0004221647708782648 3.525844288887157e-06 0.00014351672748467322 3.812014288869031e-05 0.0002805797798932778 3.391263803262985e-05 0.00024195761238291234 8.910473859895189e-05 4.919429010533433e-06 3.5030649243568666e-06 3.276409510055299e-07 3.630613894907969e-07 8.193654250699262e-07 6.285046853299441e-06 0.0 6.435802836135872e-07 8.873188849038972e-05 3.16851393937642e-06 1.4858762558105127e-05 1.0424941759417836e-05 9.744274835671332e-07 3.348796362260894e-06 2.234994888952144e-06 4.611033450201745e-06 6.199295854186173e-07 3.831440596369066e-06 0.0 3.821975835551669e-07 0.0 4.242071926523615e-06 1.0144924739520703e-05 9.733752102165623e-07 3.2943987708478607e-06 9.100369514202619e-05 9.93638335319109e-08 4.370564628434372e-07 5.164491233553464e-06 8.556705671284631e-05 1.565230699587261e-06 2.1620447951485692e-05 0.0 2.365491788695838e-07 0.0 1.6704585697690321e-06 5.974299975852838e-07 1.94542878401601e-05 6.791200237328483e-07 7.580167530204097e-06 4.400737099065626e-06 1.0377002764555123e-05 1.301636407107767e-06 3.171168490353185e-06 8.022101535120852e-08
1.9916268135576067e-06 0.0005585569663521021 4.81995096684518e-07 0.0007115587757078233 6.898162107897758e-05 5.139076224053729e-05 0.00022251060273731984 1.4766972157304599e-05 0.0 0.00026241790385609634 3.303884266448226e-07 0.0002070884421170099 1.0599221106749473e-05 2.1743560270755796e-05 0.0006373757928052592 9.475891265520382e-06 9.955125082426708e-07 0.0 1.4276092899702686e-07 0.0003695351401541428 3.0586581601924373e-06 0.0010818234836646112 1.7996989603683157e-06 0.002614131713863208 6.1039258297562e-05 2.6516652186711254e-05 0.00029843058573898653 0.001151045395872786 1.127593929344018e-05 3.852558008557393e-05 6.917814012538076e-07 6.4328051507377e-07 3.240110168228884e-06 4.533586921298309e-06 9.917463941776198e-07 3.148310720184291e-05 3.0244882509630332e-06 7.493012628863792e-06 4.317260192859298e-06 0.00045483462774103313 2.989066212299075e-06 8.50435663486565e-07 0.0 2.166639712934214e-06 4.400256047944484e-07 9.444336874337536e-07 5.787211986243626e-05 7.015214863229103e-07 1.2282029081539445e-06 0.0001581061110835511 1.0529936632152416e-05 7.356935764711808e-05 6.302885166326711e-05 9.147718036894069e-07 2.5810916619416117e-05 1.2873836051206276e-07 1.3105985601110926e-05 5.716961005276116e-06 6.0302185890650545e-06 3.547916192597754e-07 5.6738647641863574e-08 2.1753651548288995e-07 3.801689128594978e-05 1.356683979155499e-05 3.8476579709850115e-06 2.184924986002979e-06 0.0005500478946244725 0.0 4.177292500455804e-07 1.5824153302677651e-06 0.0002695765509648462 9.397784314816291e-06 4.859869309165748e-05 5.696125431833195e-08 3.967368902633023e-07 4.4452532805370265e-07 2.681390758355042e-06 1.1054330946636186e-06 2.5024243878874987e-05 2.204660815859305e-06 1.2241903281247033e-05 4.213581482683813e-06 5.18697136778586e-05 8.323863596254114e-07 9.514866152875796e-08 7.785322886470736e-08
2.4375508385817577e-05 1.4414792699872446e-06 5.569407946341071e-05 0.0010408712086545436 2.4864640071646358e-05 0.0056147898244009115 0.0038249527871072387 0.0027436511266076555 0.00026241790385609634 0.0 7.307845886006256e-05 0.003211980592084255 3.682363147466511e-05 0.00152355754873738 0.0002799509664846419 7.680681902605255e-07 3.6670976157653823e-06 9.850307741205217e-06 1.951720407115361e-05 0.0012773992821491279 2.527555439963679e-05 2.6522771955814627e-06 1.3338991714199683e-05 0.0003476338474955277 1.999887715265821e-06 2.3015367061102907e-05 1.9610794927554853e-05 0.0015943731547300828 0.0007861451589980038 4.912982415323291e-06 1.1833502527451666e-06 0.00019984754326743824 2.3627595958021162e-05 0.0007426568842756579 4.132180193194795e-05 0.0017176274587541972 2.2623144986693326e-05 0.0010423776441651487 0.00023795801709717264 0.0007703846051039082 0.0002944909472420738 1.3337933455765178e-05 3.8296611576607533e-05 0.0 0.0 6.221342523910083e-08 0.0001598575528005312 0.0 8.147354280423381e-06 0.00017641437093741117 4.045668061813846e-06 7.449615317790179e-05 0.0001837882123936026 5.936685697578268e-07 0.00010138446689369443 2.759436580155e-06 3.4527311010268603e-06 7.223287241340839e-07 9.48307397929585e-07 0.0 2.74112313770682e-07 7.34547948384082e-08 0.00011371742033204071 2.2318682021355124e-06 4.0868254630184824e-07 7.577152835114256e-07 0.0002189310949597755 9.655441850837055e-08 6.568035784287979e-08 7.022373221038014e-07 0.00031731968168026203 1.5402498060973373e-06 5.441237633677984e-06 0.0 3.8447554702419974e-07 0.0 2.155089986823091e-06 1.8713858694768318e-06 4.6322282611629914e-05 3.647384287123045e-07 1.197099723720591e-05 6.0784506971789405e-06 6.255594758176806e-05 2.065656872635253e-06 2.3916914832232385e-06 1.4554826623048496e-06
4.010346127834982e-06 7.856854672802286e-05 1.1714027840366685e-05 4.2141177347743924e-06 5.075054114762592e-05 8.482944754469652e-05 1.996181053554047e-05 0.0001246838001325765 3.303884266448226e-07 7.307845886006256e-05 0.0 1.0889632653627815e-05 0.0008001899501255892 2.687032845025143e-05 7.10558776028372e-08 1.0661846910506048e-06 0.00013933188403711388 0.0021087676922672705 0.0025755995928342258 1.1593344145545637e-05 2.075245580800234e-05 6.039791538587165e-06 3.459085980540647e-05 1.1273432618716884e-05 0.0003076322321356742 0.000987336896531441 0.00011944462931286784 8.962538690551198e-06 0.0003164549610033991 2.0929368005186104e-05 0.00020919801884998045 0.0006268820849564047 9.1351169518202e-06 0.0041228955794033436 3.726027666560816e-07 6.529982386847497e-05 0.001063619428091305 0.003289771875101655 0.0001842199750185347 5.791727511786987e-05 1.5031334847278664e-05 0.00019302955600246293 2.7959672049514328e-06 0.0 1.1973967729957118e-05 7.51870298339677e-08 1.9792313046869987e-07 0.0 0.0 6.07471752705245e-07 0.0 5.246975587363921e-07 1.8521507241029186e-07 5.167028192697557e-05 0.0 0.0002283871747298472 1.0633685116353273e-07 0.0 1.455263183250367e-07 0.0 5.498399377917311e-06 1.1730410963361732e-06 0.0 2.020309138564865e-07 1.1425579884189318e-06 0.0 6.419339023610819e-07 4.338480283007085e-05 4.176437803454119e-05 5.660748728101879e-05 1.0160010922882479e-06 0.0 2.3504208070316244e-07 2.9563770616713997e-05 0.0 7.52195581416991e-08 3.0896563957633885e-07 0.0 4.530870545235774e-06 8.816085736801572e-05 3.845167843564081e-06 0.0 0.0 0.0 6.729076501065908e-05 0.0
2.712090596967911e-07 3.055322483804363e-06 1.1749028367025715e-07 0.0037358696557471217 0.0001397542699734012 0.0018463726673816321 3.6749299818272006e-05 6.342596396168567e-05 0.0002070884421170099 0.003211980592084255 1.0889632653627815e-05 0.0 1.8419165630815796e-05 4.34213453367136e-05 0.0010685341162347674 0.0 2.912578180040484e-07 1.0836529170363037e-06 2.1670012857782594e-06 0.0023966146649333515 0.0 1.0323208414531487e-05 2.0762829735280598e-07 0.00011456923197775339 5.985174073270361e-07 2.4695607554379335e-06 1.529114437945505e-06 0.002008073884696281 6.293789222279164e-05 2.3077289747381948e-07 1.2575468187281765e-07 4.869791318965806e-05 0.0 5.5690582553433414e-05 1.0893421133826838e-07 0.0003472784578874131 6.647673976114252e-07 6.044894032533901e-05 4.39518972634877e-06 0.0006739047837672947 1.6860375666043992e-05 4.021072562009838e-06 3.9083491690955256e-07 0.0 0.0 0.0 0.0001126568482573563 1.0644022894140208e-07 5.996594288815261e-06 1.0250607922884547e-05 1.547128387209292e-06 1.306425860383248e-05 0.00010583021855196283 5.677155235526425e-06 0.00015512418113308707 1.3374272713737305e-07 3.9582169715542337e-07 3.908591814373323e-06 1.0896101952671976e-07 0.0 6.633709091992927e-08 8.43961984732548e-08 9.635683825255404e-05 1.0956439080074907e-07 0.0 0.0 4.189652324822075e-05 0.0 1.3251551996638624e-07 0.0 9.066658576226118e-05 9.726809664572225e-07 1.4759307171492428e-06 0.0 1.3763329146330833e-07 0.0 1.1775229007113251e-06 0.0 4.704922916571861e-06 0.0 5.485846407307249e-06 2.1328688456680624e-06 2.914223593912236e-05 6.659278700574783e-07 4.218746677658291e-06 3.7338752441914256e-07
2.258860083827037e-06 0.000500467177663304 1.2023588616531262e-05 3.1422576047578377e-06 6.0927484600309745e-06 1.8972027856753068e-05 3.7693970103554995e-05 2.6233267336186064e-05 1.0599221106749473e-05 3.682363147466511e-05 0.0008001899501255892 1.8419165630815796e-05 0.0 1.1039713532504566e-05 1.0271448302058927e-07 1.5764388358650438e-05 4.774119854121009e-06 2.2025732705372117e-05 1.6149728542487596e-05 3.579528777291998e-06 2.7081021308002753e-05 4.50612087341032e-05 6.16783866035078e-05 2.4413349650478477e-05 0.001852748374015971 0.00011605720414865179 0.0007014377390124822 2.766449142462281e-05 1.2508330825178098e-05 4.3981287911748626e-05 0.0003510623517457095 3.865098267618098e-05 2.922199607703377e-06 0.0004846248727752136 9.745343340444839e-05 0.0019801123961945754 0.003620591342794728 0.0036891601331187226 0.0006496495207831985 0.00028344007632856964 2.3826325001862108e-05 0.0011557020266433707 1.2916360519355757e-05 0.0 8.961593224452373e-05 8.919233301430745e-07 0.0 0.0 0.0 1.8773204906321767e-06 7.382384903737037e-08 3.8075921929796536e-06 3.731927660472744e-06 0.00013500674163938057 0.0 0.0007183259020880141 0.0 5.19550017681364e-08 1.7270749232349345e-06 0.0 1.4167606130537673e-05 1.319234763469163e-05 1.981297197721071e-07 5.718266023733621e-06 5.289983974487262e-07 2.3451512731329865e-06 4.243429454740942e-06 0.0002392202588038111 0.00020191849431568492 0.0002747553211643475 3.852801849293361e-06 0.0 6.03186352600043e-06 0.00010110969990941467 0.0 0.0 2.880657919429907e-06 1.954670386407015e-05 0.00030542465121191083 0.00027855051313104657 9.769060159270195e-06 1.2370029495479195e-05 5.614074970630979e-05 1.8838774877811927e-06 0.00023554807192362827 0.0
0.0025422593715800036 2.393063070153346e-06 0.0009598550024401543 2.084033859322218e-05 2.0340156509769116e-06 0.00025584429856155447 0.005647772982987463 0.004427906759284842 2.1743560270755796e-05 0.00152355754873738 2.687032845025143e-05 4.34213453367136e-05 1.1039713532504566e-05 0.0 2.134118055296044e-07 1.1335180454301674e-05 0.00042183478870997347 1.8686595920488804e-05 0.00016135778476384619 4.3833002926924225e-05 0.00018685962854989756 2.1986105256834094e-05 0.0001757364255123772 0.0006967043223166329 1.699910450841791e-07 0.00024852189231921675 0.00015034475926351814 0.00040015340468627916 0.002684590680136769 0.001145504582018223 2.5797726003574807e-07 0.0002976375208145061 2.1878225059300487e-05 0.00017891082034223352 2.385571059501307e-06 0.00017158810199751118 6.418484205556656e-05 0.00011317968089095506 3.225105478123233e-05 3.343032962823127e-05 1.1384081478671273e-05 5.666626148064423e-06 7.102088075970643e-06 1.9851076492047736e-06 6.557984532003582e-07 3.8199173147694206e-06 6.2473280542622226e-06 0.0 5.247844827288301e-07 9.394269003303584e-05 5.9108715785752705e-06 1.703069955349118e-05 9.903001365714426e-06 1.2665450443311263e-06 4.395078399631302e-06 3.0398217606448113e-06 7.5882183409191735e-06 1.396049402069719e-07 8.352279522681715e-06 2.2755416921017167e-07 1.9598187992477067e-07 1.095021396933799e-07 3.834733530321795e-06 2.337118524175111e-05 2.4987254044357457e-06 6.276952198727323e-06 0.0001115673410813854 0.0 4.951786623878899e-07 1.1667486767842461e-05 0.00011325629084332187 2.8589700118465643e-06 2.4382259009783535e-05 0.0 0.0 2.987606454484043e-07 2.5843514493357496e-06 5.861407161421975e-07 2.646628756513684e-05 1.0296465693130995e-06 1.3111157617626379e-05 4.810533811343824e-06 1.1421676513238471e-05 2.1138099537424464e-06 3.6801654334783456e-06 0.0
0.0 2.071124627630101e-05 0.0 0.0001512826925679171 0.0013330661940281093 0.0011017743336411312 2.2283394932825863e-05 1.4951663773858455e-05 0.0006373757928052592 0.0002799509664846419 7.10558776028372e-08 0.0010685341162347674 1.0271448302058927e-07 2.134118055296044e-07 0.0 8.018730249561524e-08 0.0 0.0 7.312340198791203e-08 0.0002605643598387433 0.0 4.272608022695669e-05 5.944161441478749e-08 0.0004924258838135661 1.5696380073317533e-06 6.480638648105317e-07 9.20010905618306e-06 0.00010842973679106416 2.605348064138637e-06 0.0 1.634150484109058e-07 0.00012851924536315244 0.0 1.5309343866320772e-07 0.0 1.3617527581684874e-05 0.0 3.2572184319399987e-07 6.717949148354609e-08 0.00035327547494032124 4.399023372110868e-05 0.0 0.0 0.0 0.0 0.0 1.162252488984729e-06 0.0 0.0 8.644545172709973e-07 0.0 1.56812414996898e-06 7.109681620038748e-07 0.0 4.203794213124882e-07 0.0 1.050594929376774e-07 0.0 2.0250198983773934e-07 0.0 0.0 0.0 2.729143794789608e-06 3.3449616327414093e-07 0.0 0.0 1.2931087587290764e-06 0.0 0.0 0.0 2.9285443006250914e-06 9.241030898615525e-08 5.778707952450006e-07 0.0 0.0 0.0 0.0 0.0 0.0 0.0 2.3825880354806173e-07 0.0 2.3597164736417503e-06 0.0 0.0 0.0
1.7427707435054804e-06 0.00036891377713073136 1.2502228164478706e-05 0.0 0.0 4.6765555773881366e-07 5.007110628354033e-05 4.781234539520594e-06 9.475891265520382e-06 7.680681902605255e-07 1.0661846910506048e-06 0.0 1.5764388358650438e-05 1.1335180454301674e-05 8.018730249561524e-08 0.0 1.8787935746106541e-06 2.5985861817726114e-07 9.068726047098726e-07 0.0 0.002285615896798539 0.0024992743529830878 0.0023922466004178684 0.0014577644680782741 1.4726208394862445e-05 7.788917532037409e-06 0.0021202147153979558 0.0012040337192076324 1.5229472604311916e-05 0.00010561567507720354 2.1255873883984597e-07 1.2991434637879723e-07 6.360197577780521e-06 5.373929032192424e-05 1.807197357188037e-05 0.001203661335473227 0.0005130321215896368 0.00027310188378363095 0.0006709215869013293 1.7626170033557614e-05 3.5629544069665095e-06 8.886737454467038e-06 8.796169257681391e-06 1.6233908722033016e-06 5.778757360564768e-07 6.97599743969898e-06 1.0804690965668817e-06 0.0 5.057523366470408e-07 2.1758318744795292e-05 6.336065932372117e-06 1.964791223604754e-05 9.518593374286053e-07 4.187912891620101e-06 1.1484475136293618e-06 5.826015723577782e-06 1.0438358483625335e-05 0.0 0.0013344941842801021 2.3964983680556755e-07 1.2761666642232775e-07 2.741440160121415e-07 4.3193328295035654e-07 0.00019553864229895503 0.00035036337883489273 0.0006891388032637696 0.00023337792378254744 0.0 1.469985564947776e-06 0.00019934889532932773 0.00013607700795505368 7.00431714758974e-06 4.426573437173187e-05 0.0 5.663825928872968e-07 7.99777829948657e-08 2.913342561502168e-06 2.2896253063646466e-06 2.8483801264264785e-05 6.221918250538617e-06 7.600940364173421e-06 8.870889274325459e-06 7.808161442026421e-06 2.384290313884198e-06 1.5230916614913924e-06 9.237095913744772e-08
0.00015637972243954983 0.0002806605543054914 0.005097061371867147 0.0 4.3639521497651095e-07 4.695682741872753e-06 9.109885988327262e-05 8.650364906230726e-05 9.955125082426708e-07 3.6670976157653823e-06 0.00013933188403711388 2.912578180040484e-07 4.774119854121009e-06 0.00042183478870997347 0.0 1.8787935746106541e-06 0.0 0.000193025752154314 0.0027842800025222204 5.769526823305501e-07 0.0008411787104670834 1.6692332277413886e-06 0.0011799329644487583 5.732182320611072e-06 7.063348342147333e-07 0.0012244978851290568 0.0033567418891566826 5.856120222982386e-06 0.0004841359740920274 0.0023571284934131662 8.744348369590907e-07 1.571701437233627e-05 5.1793741064195296e-05 0.0020500542682181946 1.027580484049769e-06 0.00010010042360963643 0.00048401640681797995 0.0007794818073802719 6.743354476773265e-05 3.827739237587128e-06 1.0519742782126077e-06 5.7204034883963964e-06 6.954708522125038e-07 0.0 1.0490095533782287e-05 1.1577033046177815e-05 0.0 0.0 0.0 8.985774342398318e-08 0.0 1.471028839890905e-07 0.0 0.0 0.0 4.167043407896944e-07 0.0 0.0 5.303708312266475e-07 1.0115434880180968e-06 0.0 8.135383068284258e-07 0.0 4.5712556627975955e-07 1.4518943447175473e-06 1.090633977124461e-06 9.106718497473561e-07 3.516980945878893e-07 2.3350281011290675e-05 7.76036284102318e-05 4.364221738311377e-07 1.824270208113469e-07 1.9744602264504545e-07 5.234170313254678e-07 0.0 0.0 6.837441972529872e-08 1.4423488683932149e-06 9.303287201369992e-08 1.2786317602775487e-06 4.876120044390158e-07 0.0 0.0 0.0 0.0 0.0
5.135056434907765e-06 6.465204509004524e-07 2.182411503766245e-05 4.461056551767562e-07 1.8437874369354384e-06 7.247500194530103e-06 3.355674455006625e-06 1.4901391749637285e-05 0.0 9.850307741205217e-06 0.0021087676922672705 1.0836529170363037e-06 2.2025732705372117e-05 1.8686595920488804e-05 0.0 2.5985861817726114e-07 0.000193025752154314 0.0 0.00160814489905509 1.3503617599122315e-06 4.604348610205204e-06 0.0 1.738183156928115e-05 1.0174378241553693e-06 7.2438515013695515e-06 0.0003067921096290433 7.24927159961404e-05 1.8996987973896938e-06 5.329943691817751e-05 1.75275777095561e-05 1.11468677736466e-05 5.7195608714449794e-05 5.166306901242501e-06 0.0004436745024090049 7.238461715081398e-07 5.4491203897823956e-05 0.00023006302365739676 0.0007673449108120432 7.908550076230665e-05 6.516901731337313e-06 9.323494756630743e-07 3.2653123487673947e-06 2.672896194190316e-07 0.0 9.248721108023618e-07 2.5575072049099664e-07 0.0 0.0 0.0 3.025450732468447e-07 0.0 5.023460186042429e-08 0.0 6.338787846715444e-07 0.0 9.721279727568635e-06 0.0 0.0 0.0 0.0 1.5269082747021307e-06 1.1799236051594596e-06 0.0 5.316542264902897e-08 0.0 7.776533333520727e-08 0.0 2.6253602105652706e-06 1.5577029483207234e-05 2.1541671097402665e-05 3.7488295894543336e-07 0.0 0.0 3.066862120477118e-06 0.0 0.0 0.0 2.9533091180379436e-07 8.150209139482656e-07 2.6610551836036672e-06 2.0506300309650484e-07 0.0 0.0 0.0 1.9857488117119026e-07 0.0
5.0560349550660454e-05 4.711942391339362e-06 0.00013174411652056386 1.0421132445723526e-06 3.856218521739179e-06 1.7450416428090406e-05 1.5218212863829986e-05 6.53037942806785e-05 1.4276092899702686e-07 1.951720407115361e-05 0.0025755995928342258 2.1670012857782594e-06 1.6149728542487596e-05 0.00016135778476384619 7.312340198791203e-08 9.068726047098726e-07 0.0027842800025222204 0.00160814489905509 0.0 2.8673849151675832e-06 5.4398447607345215e-05 2.5975267907440984e-07 0.00020158432615787 3.118588660369488e-06 2.389203770097884e-05 0.0016768331223420297 0.00034238429321500864 4.488310675730457e-06 0.0003595735694558361 0.00021767304280669503 5.351815559684033e-06 0.00013567259578951748 4.988940529185594e-05 0.0032478762893607227 1.171280801064291e-06 0.0002069117701232728 0.0004242334990029549 0.0020360814524059494 0.00018433798834762598 1.5317940602933967e-05 1.2559230737696796e-06 4.0654757126773725e-06 5.49071735124116e-07 0.0 1.56907821287196e-05 1.7526990781676731e-06 1.2200180045427586e-07 0.0 0.0 2.031091069846123e-07 0.0 0.0 0.0 7.866662359186602e-07 0.0 3.5233331149601384e-06 0.0 0.0 5.702639925534591e-08 2.2563437041238888e-07 1.1201745122529818e-06 1.1365415965738871e-05 0.0 2.7004190078978126e-07 3.842985610265669e-07 7.660854441737353e-08 2.9944067463340266e-07 5.502956905034068e-06 8.406476310372478e-05 0.00013026848909962105 4.926337704098927e-07 0.0 9.80329316645478e-08 1.0239403372981276e-06 0.0 0.0 0.0 2.916555507301911e-07 1.3926884605226448e-06 1.409131985067872e-06 3.7354130782576297e-07 5.97868628384971e-07 0.0 0.0 0.0 0.0
2.2886634171331622e-07 1.667493817918649e-06 1.2050658413417008e-07 0.001025716681998599 1.532570218654611e-05 0.0005780680012979914 7.77313183679554e-06 4.929999486513357e-05 0.0003695351401541428 0.0012773992821491279 1.1593344145545637e-05 0.0023966146649333515 3.579528777291998e-06 4.3833002926924225e-05 0.0002605643598387433 0.0 5.769526823305501e-07 1.3503617599122315e-06 2.8673849151675832e-06 0.0 5.560547175048559e-08 2.95017277299993e-06 3.1114366980799525e-07 9.872321589601661e-05 7.058143501187182e-08 2.2089908214650435e-06 1.3362931499222171e-06 0.000760775434534429 6.588380753854698e-05 6.591212917912108e-08 1.1614091220794351e-07 3.717596387385145e-05 4.383679235787877e-07 5.728658200322494e-05 1.0637193975716897e-06 0.00016281029463963723 2.30936848249587e-06 7.436772649894816e-05 1.0508385363204011e-05 0.0004252165462802555 2.1534829439894457e-05 4.580199788852803e-06 1.5877012763887515e-06 0.0 0.0 0.0 4.900617616895078e-05 0.0 9.689515889620436e-07 2.283376411153563e-05 4.849084038290782e-07 2.502082362161327e-05 5.0068371889881366e-05 0.0 2.89083664465039e-05 0.0 1.4670811263260235e-07 1.3033754272766052e-06 0.0 0.0 0.0 0.0 3.764980720309261e-05 0.0 0.0 0.0 4.9300305595936495e-05 7.593803837373789e-08 7.549980242333799e-08 0.0 7.006776646655364e-05 1.0152489563498544e-07 0.0 0.0 0.0 0.0 6.431101012386161e-08 0.0 5.75609957324726e-06 0.0 3.530219411219351e-06 3.049412109512488e-07 1.3247662357091284e-05 9.71014520626461e-07 0.0 0.0
3.7747053917090806e-05 3.0893019702109814e-05 0.0006769169694860035 0.0 0.0 3.40046277076312e-06 0.00240828738311655 8.040231245363509e-05 3.0586581601924373e-06 2.527555439963679e-05 2.075245580800234e-05 0.0 2.7081021308002753e-05 0.00018685962854989756 0.0 0.002285615896798539 0.0008411787104670834 4.604348610205204e-06 5.4398447607345215e-05 5.560547175048559e-08 0.0 0.00041686542657020585 0.008418691012740896 0.0003511276202289872 2.205630399456505e-06 3.543104244342746e-05 0.00023303360416385534 0.0031798976095364323 0.00039329578601907757 0.006405254252584948 5.684707533430167e-08 2.213653061573706e-06 7.660489276284338e-05 0.0024559944006563835 5.749906896262067e-05 0.0020647926354305612 0.0003317956095343147 0.002792175561479692 0.0018335055496390951 2.0838954028219447e-05 7.166485677582277e-06 9.894626092792928e-06 1.877366432385827e-05 3.62689239881238e-06 1.929436809115703e-07 6.213312151841009e-06 8.139697524101618e-07 0.0 5.183428750886329e-07 2.7228080031216288e-05 1.1029252821509273e-05 1.7493795007202102e-05 1.875933514970636e-06 3.907146972509656e-06 5.774055536815058e-07 9.015721748935829e-06 1.5524477038099766e-05 6.781131268780013e-08 0.00020125914164221135 4.4025826454158604e-07 0.0 0.0 5.851070838342942e-07 0.00019408694182523756 3.8115331229298726e-05 0.00012509983476221653 0.00021864934663485674 0.0 7.604484718409818e-07 8.691281420275967e-06 0.00013796597630223565 1.0533067163554217e-05 6.322578149320445e-05 0.0 3.075480267273374e-07 2.511652733733222e-07 3.379800442640374e-06 3.1935224255579846e-06 3.629886162733684e-05 3.0076737187539484e-06 9.576580327558845e-06 8.466108675438867e-06 1.4052116470275228e-05 5.014620965208386e-07 1.8617113189986454e-06 7.154654018689274e-08
5.430074215640599e-06 0.0015418927638766373 6.057295645462767e-05 4.687061025846756e-06 1.495851253345845e-06 1.091411715921902e-06 4.596589915746852e-05 1.2621545415801158e-05 0.0010818234836646112 2.6522771955814627e-06 6.039791538587165e-06 1.0323208414531487e-05 4.50612087341032e-05 2.1986105256834094e-05 4.272608022695669e-05 0.0024992743529830878 1.6692332277413886e-06 0.0 2.5975267907440984e-07 2.95017277299993e-06 0.00041686542657020585 0.0 0.000564897411459207 0.003025395358108219 0.00026426946613526735 6.35920496875495e-05 0.0028865029362207715 0.00017276475724289068 2.393389907170421e-05 0.0001039439803122469 3.4915440534160266e-06 6.128280755163016e-07 5.336212362743663e-06 9.291028772742077e-06 1.6101040897790064e-06 9.748900927327743e-05 7.132024467252111e-05 2.6265115760203283e-05 2.3696101743065255e-05 0.00011330292726675357 1.0059415793411302e-06 4.651558879535951e-06 2.2461228225075277e-07 1.5257906382083608e-06 9.048890689245076e-07 1.427643880326449e-05 7.463432603611156e-07 0.0 3.2601948162582005e-07 8.388206952847219e-06 3.4153405568273812e-06 6.304281427180965e-06 2.218803512044535e-07 5.185565508976695e-07 3.486943513703885e-07 1.0956653857305634e-06 8.108023145493915e-06 1.440322813574074e-07 0.000635728782796827 1.1888759555096903e-06 1.576951473370552e-07 0.0 9.374452135306899e-07 9.572882955715627e-05 8.605269358243809e-05 0.00016831837561297525 0.00017514432574637767 6.123355737658291e-07 1.1961323450449372e-06 0.0004865826655612052 7.117311979127047e-05 4.655610267015668e-06 2.9398387488789175e-05 0.0 8.204002886841592e-08 3.5266478955082996e-07 1.1997650260278177e-06 1.0829561327335233e-06 1.5536705406227996e-05 2.512378269298578e-06 4.257070863779058e-06 4.46067090870315e-06 1.3535840054517667e-06 2.3435314143227375e-07 2.447966972651136e-07 0.0
5.45998200684521e-05 3.6237611073257044e-05 0.006771397588228694 1.281481855168448e-07 0.0 1.7963902843979507e-06 0.001088219767807211 4.954945675088854e-05 1.7996989603683157e-06 1.3338991714199683e-05 3.459085980540647e-05 2.0762829735280598e-07 6.16783866035078e-05 0.0001757364255123772 5.944161441478749e-08 0.0023922466004178684 0.0011799329644487583 1.738183156928115e-05 0.00020158432615787 3.1114366980799525e-07 0.008418691012740896 0.000564897411459207 0.0 0.0004288419682395405 3.3592861726095825e-06 0.0005528336121393957 0.00582418456452767 0.0013323181375634488 8.975210092568207e-05 0.00266867579000289 9.501155478960076e-07 2.280545669073125e-06 1.6253596229610116e-05 0.002789246971324596 8.288001650803828e-05 0.005132057997332091 0.0030991596430447695 0.006168459929820886 0.006047879967497835 0.00023558703031043978 3.0423102130735018e-05 3.06483276139289e-05 4.570003227354845e-05 1.3103471772341992e-06 4.934287947739612e-06 8.455416060625002e-05 7.599155084293348e-07 0.0 6.411482094286563e-07 1.4357795322039717e-05 3.1528470054484695e-06 4.883884999807407e-06 2.8854688150998413e-06 2.6641340105303734e-06 1.7772218893351266e-07 3.814756255321689e-06 7.852125702125e-06 8.607229733001245e-08 0.0019833972418103188 2.067582729252365e-06 0.0 1.3351958533621276e-07 2.723174120369248e-07 0.00016329260931486592 0.00039364474846272324 0.0011830484669670986 0.00015128170178195228 1.2494957898069164e-07 1.89948052886e-06 0.001156591662549248 9.112641585912487e-05 4.022544627692785e-06 3.1243551162524616e-05 7.054462051121939e-08 0.0 8.23338175196852e-08 2.1342305821475303e-06 5.324627562585984e-06 4.904045076519516e-05 1.4588222440640978e-05 8.459235429987674e-06 1.2588475198204488e-05 4.031061739829968e-06 1.4628555635521528e-07 7.5896351900465285e-06 2.112327933701152e-07
8.862678812535541e-05 0.0007716490457158363 0.00013024559857982104 0.00033635884421829996 1.7337495049430838e-05 3.4272119100231406e-05 0.001959688322760632 0.0004539919197456831 0.002614131713863208 0.0003476338474955277 1.1273432618716884e-05 0.00011456923197775339 2.4413349650478477e-05 0.0006967043223166329 0.0004924258838135661 0.0014577644680782741 5.732182320611072e-06 1.0174378241553693e-06 3.118588660369488e-06 9.872321589601661e-05 0.0003511276202289872 0.003025395358108219 0.0004288419682395405 0.0 5.562225513116407e-05 2.8602767666018564e-05 0.0015960335200688534 0.005279372809366216 0.0006727591216634109 0.0007247003140686889 1.002714517679367e-06 2.5670318066954658e-05 0.0001943105022549639 0.0003267982783284095 6.022006170693009e-05 0.0017055559723006466 0.00014960151601166983 0.0006419943001965627 0.0003933252451269314 0.0005586648291710716 8.38120039536634e-05 8.144418659098703e-06 2.3500435726984145e-05 3.5464579778121735e-06 2.620288558504179e-06 5.0217759096491174e-06 0.00016887101619857776 7.034248625075736e-07 7.5375883130837045e-06 0.0005232580883504753 1.8299620832005402e-05 0.00047331233421554563 0.00021659137405928108 1.4154928927872907e-06 9.09060021600118e-05 4.89646743344784e-06 2.4434462231477957e-05 5.660810657095356e-06 4.2284050782810896e-05 6.287446009522739e-08 4.8950318185885695e-08 2.905588412486466e-07 0.00011563846292066447 4.555537623942025e-05 2.3914421566798693e-05 2.4043424195782416e-05 0.001060103420802205 1.9801748905758632e-07 2.1074997166164316e-06 5.545892921997976e-05 0.0008424664252832159 1.6773077042160808e-05 7.812916182334628e-05 0.0 1.4279433272719125e-06 7.499308973529351e-07 9.453009614243145e-06 4.376430083424434e-06 8.491608437779495e-05 3.2380367782537393e-06 4.4022964487812166e-05 1.98443980735475e-05 7.004982482666328e-05 7.907237227807882e-06 2.171150637444302e-06 1.5682811545145228e-07
