0.0 1.1980032602102223e-06 3.915991334709333e-05 2.536944540272152e-05 1.623184390464146e-07 1.65508021744112e-05 0.0007296926282457078 0.00021642902276003666 2.344543299654557e-05 6.918150685108008e-05 9.393880004961062e-06 3.2044511058826875e-06 1.3087027895461435e-06 0.0038329175669806334 4.182133270359858e-07 6.500785008470848e-07 0.00016289567565310972 6.46817789283304e-06 2.6738929617745142e-05 7.084570898879092e-06 1.528019253306048e-05 6.279474831220756e-06 7.349212612678974e-05 0.00011260091638861398 6.274540848412815e-07 2.4965807450198398e-05 5.194464826075799e-05 8.934583587331966e-05 0.002490048867334175 0.0014628084957189857 1.7388053147362907e-07 2.972640052918051e-06 2.2186228305392895e-05 0.00011452319997353238 6.201636259969038e-07 1.960900758122216e-05 2.242200065577923e-06 7.85169323118758e-05 1.6430768469793198e-05 1.1956989133668703e-06 1.535079989715569e-06 5.620492461138861e-07 6.825329788154934e-07 4.784729120999092e-07 5.4742588520255045e-08 7.997556086245516e-07 2.610241306270938e-07 0.0 8.584266439556826e-08 7.2085950560790195e-06 3.1428396822013976e-07 7.043448799887486e-06 2.207375955768953e-06 1.3309265681380396e-07 5.518494951636258e-07 4.539560286143685e-07 1.6613871651739874e-06 0.0 2.1383519522159124e-06 2.3012498223559543e-07 4.8931445779006146e-08 3.213763120131036e-07 7.684861838632515e-07 1.9870285250879714e-06 2.00000188286808e-06 3.0683058668386365e-07 1.2178571175494257e-05 0.0 6.48376804196945e-07 2.375878023416879e-06 1.6891669844955726e-05 2.567501222310059e-06 1.3476467265504392e-05 5.637867730750124e-08 0.0 3.767286226520273e-07 1.0600131121906279e-06 4.7594442645305275e-07 1.2069174650368567e-05 1.3415949839127529e-07 4.592123157864418e-06 1.4389909300033257e-06 2.8975697748272215e-06 3.8517310458835315e-07 0.0 0.0
1.1980032602102223e-06 0.0 0.0001320806270853769 5.090648518484579e-08 3.212252847821758e-07 8.368799147023628e-07 1.3855138399817118e-05 1.7778923135250039e-06 0.00034831328751120755 8.847394347418671e-07 2.065290229322853e-05 3.6749848091713105e-06 0.0002955484188238077 3.130940813636519e-06 1.1407067971305335e-05 1.5887097002908095e-05 5.290965856954431e-05 1.2594543246753429e-05 4.40124461988492e-05 5.309568956752919e-07 6.906092954567946e-06 0.0008763441771449547 1.4092320560715801e-05 0.00039924992571740975 0.0012840274567388807 0.0005813188949042716 0.005860323760536478 2.7249338878410298e-05 9.320283989930912e-06 1.5921507541226077e-05 1.0042431915167024e-05 4.519901461461104e-07 1.2240559690734237e-06 4.6449230394485827e-05 1.0581662076717621e-06 7.811197412656275e-05 0.00011400165529327587 0.0001357127544664161 3.787836322700509e-05 9.844610119152446e-06 2.8499897319914063e-07 0.00012724764178634118 0.0 0.0 2.7603833488017245e-05 3.4547147017096e-05 4.077566022311907e-08 0.0 0.0 1.1544742053270393e-06 1.3416135000652123e-07 4.4785055295803526e-07 0.0 9.373478888732119e-07 0.0 1.3007812823322061e-05 2.027738398510589e-07 0.0 2.2204284817706677e-06 1.368863905633492e-05 2.4298372230902035e-06 2.7572617561710733e-05 0.0 1.8458647746660397e-07 7.2194205051643625e-06 2.6397239067601634e-06 1.9836782645873632e-06 1.715426904275586e-05 0.00011610225124686903 0.0003626009266630631 1.2771610956547902e-06 3.5560757040786195e-07 1.656409564379176e-07 1.2447145220607084e-06 0.0 5.191102146527221e-08 6.323658027538769e-06 6.13550309849854e-07 1.4970182193966505e-05 1.2406518506492715e-05 1.762241396009999e-05 4.883628197454423e-06 1.4408747812482536e-07 0.0 1.2285906020402402e-06 1.7233099791923218e-07
3.915991334709333e-05 0.0001320806270853769 0.0 5.986278057137427e-06 6.155542398994567e-08 4.7908021968895754e-05 0.0006772639447467422 0.00048629963481432387 1.149435364302944e-05 3.420948494377607e-05 1.8401240026400098e-05 1.2308477521445624e-06 1.525154406189984e-06 0.000396015933432311 0.0 7.066848560327769e-06 0.0027755450271449936 3.4887156471753956e-05 0.00017316568065515848 1.2100844856471849e-06 0.0001477448584686495 9.285476392951187e-05 0.005895063550214477 1.6192601852525645e-05 2.0129097611535794e-07 0.004949487815265079 0.0078111943282815 5.471911182831328e-05 4.4010489492768266e-05 0.0002204606050030124 3.750801988396872e-07 5.72755195996809e-07 1.2570234922829671e-06 0.0003325866278735238 1.005122907923837e-05 0.0005578822468534709 0.0004346252114498186 0.0008376464754747766 0.0003131090735149729 1.1985018165620583e-05 6.484098065157398e-07 9.859571924989133e-07 2.498999957748558e-06 5.007434673164517e-07 5.172225995330134e-05 0.000538961531194593 0.0 0.0 1.5268545351910813e-07 7.479758717371454e-06 6.772653473880804e-07 2.5658817008113255e-07 7.959277986582686e-07 2.097708137890155e-07 7.117767715073236e-08 1.7932852811975218e-07 3.4770188322342766e-06 0.0 2.474484944161019e-05 4.048499447870859e-05 3.746865555522761e-07 1.1388163423098882e-05 0.0 9.716799941697557e-06 4.049895377103781e-05 0.00013131382888609708 7.188564064511908e-06 6.387558269391014e-07 5.2632136368138705e-05 0.001553305568042208 5.748373283939299e-06 1.681703799512358e-06 1.0143125510211568e-05 1.2379601174998594e-07 0.0 6.02056781646009e-08 1.2869489271749716e-05 1.8014612905930374e-06 5.314476055741265e-05 1.6796724534982774e-05 5.6201609290400894e-05 1.5051374853427657e-05 1.2896921235583758e-06 1.67949422736197e-07 0.0 8.088929019687311e-08
2.536944540272152e-05 5.090648518484579e-08 5.986278057137427e-06 0.0 5.140521347238304e-07 3.152889178464402e-05 0.00020396434312037597 2.8367831014209047e-05 0.00043612808185713173 0.0030553505132121413 3.0635418436385216e-06 0.0007269219877890616 1.362459816952295e-06 4.74889925307703e-05 1.7919964395099537e-05 1.7786182400601437e-06 8.10368075277245e-07 4.727696531763693e-07 8.885538710669414e-07 0.0016077819067651677 4.7306441165176434e-06 3.450622084700504e-06 4.505489733170467e-06 0.0010124309946899484 5.778491179065317e-07 1.492175271485674e-06 8.144751115455715e-06 0.0032585265844066384 0.00014502320894286706 1.8281191936754408e-06 1.4056635165851287e-07 2.8055546848803686e-06 1.4990392885571216e-05 3.828631468451128e-05 6.395598375673405e-06 0.00017224246500959232 3.052993261601759e-06 0.00010823653283463508 3.851432572896796e-05 3.0920032347522226e-05 4.797929768440582e-06 1.0785448905706098e-06 2.3303714162214515e-06 8.848352402710501e-07 1.1037086373982809e-07 2.1269170571982046e-07 0.00012021692677789653 3.0341946016696973e-07 1.5560068409739936e-05 8.173723587775807e-05 7.987925216849922e-06 0.00017747414162434238 0.00022408872666342385 7.471556695893693e-07 9.149754701169761e-05 1.8771990293006336e-06 6.238983413387619e-06 9.273129472396279e-06 8.031441150938512e-07 0.0 0.0 0.0 0.0001603663315064005 1.3756376303990503e-07 9.651560301281638e-07 5.922095572328468e-07 0.0002085987777249417 0.0 4.875886823618295e-08 1.388201345535643e-06 0.00012122348573014204 4.118659359028032e-06 1.5685452162113527e-06 5.849778871725259e-08 0.0 6.916234955350264e-08 1.14696911082211e-06 7.404466218221484e-07 7.605550256883373e-06 0.0 1.0959147527651665e-05 2.7286306326225135e-06 3.2652814248945096e-05 6.494085973429765e-07 1.109996633304514e-06 0.0
1.623184390464146e-07 3.212252847821758e-07 6.155542398994567e-08 5.140521347238304e-07 0.0 0.00010501593206894604 1.1466943093359114e-06 1.3366081849469114e-05 4.6245509515675665e-05 4.654881945046687e-06 3.7682613096704565e-05 2.2216988115847193e-05 2.5791623780979026e-05 8.441742918913565e-06 0.0011763360326680155 0.0 1.7751146339196033e-07 1.7688062546858738e-06 8.500221156752193e-07 3.19702208320076e-06 0.0 1.1785807459784242e-06 9.642521345822781e-08 6.91582959942944e-06 1.003071563298116e-06 1.7499341253060199e-06 1.4060184393301921e-06 2.1232477120434173e-06 3.3432855243252914e-06 1.0171961045081364e-06 2.5752095627078084e-07 9.769420561641259e-05 6.294969027009962e-08 0.0004861473344500965 9.226883514455181e-08 3.4534353223205315e-05 3.2429175918369917e-06 0.00014355959158455272 1.5287025312293546e-05 0.0005609728778242668 0.0003107847534185518 8.021390536704456e-06 2.666423545094611e-06 0.0 0.0 0.0 0.0 0.0 1.8818398306180935e-07 1.288495991779376e-06 0.0 7.271813934640359e-07 0.0 0.0 5.669569328733735e-07 0.0 2.411879515455511e-07 0.0 0.0 0.0 0.0 0.0 1.0006390193286221e-07 0.0 0.0 0.0 5.635999194230456e-07 0.0 0.0 1.2351449232359897e-07 9.598589051150483e-07 0.0 5.590293666764377e-08 0.0 0.0 0.0 0.0 0.0 9.675463759418015e-08 0.0 1.0714756258391039e-06 0.0 1.1633864457299357e-06 0.0 0.0 0.0
1.65508021744112e-05 8.368799147023628e-07 4.7908021968895754e-05 3.152889178464402e-05 0.00010501593206894604 0.0 0.00171466475160391 0.006190695597349785 0.0003455161414351631 0.0036777059206200367 8.538424867772515e-05 0.003516659695495655 3.216283965336537e-05 0.0005673546197967353 0.0004976903992161405 1.2040587150252806e-07 1.2156733128035549e-05 1.0504174511033331e-05 1.0646219361905896e-05 0.00020926582045626522 6.732194763897402e-05 2.9111719115812294e-06 3.455705460961211e-05 4.661694470487522e-05 2.642383864869374e-06 1.880124089505213e-05 2.2136268277619927e-05 0.00029676582353418133 0.0004910129000785881 1.1407234713926166e-05 1.3830699556468264e-06 0.00018016409262131016 4.676604986192906e-06 0.00035031490727790624 2.8771014052873875e-06 0.00018629856415227966 1.1256935475095921e-05 0.0002820714871101825 4.684333058351863e-05 0.0012111296100301018 0.00027209875695976757 8.545705696272642e-06 3.117978332151006e-06 1.1652303822184812e-07 4.4472624008675023e-08 2.73932436806873e-07 5.6406306441129345e-06 0.0 4.1810193448518485e-06 1.0181518129943384e-05 2.1644028444733992e-06 8.629314581371447e-06 1.8623489139847615e-05 1.7611997842462323e-06 2.2311844945063037e-05 0.0 9.061173908215038e-07 7.618404730072838e-06 4.654206078252302e-07 2.1672170351306864e-07 4.7772894787591364e-08 5.46791473583954e-08 1.8543430843681243e-05 3.883797131994323e-07 0.0 5.9375902076818e-07 1.8588382312508277e-05 0.0 8.098599274806364e-07 2.1071596612334165e-06 1.1193517120001367e-05 1.835167227070787e-06 2.5557901448746136e-06 0.0 4.486308765259453e-07 3.321094759722034e-07 1.1463347653326294e-07 0.0 3.0233364342317602e-06 6.565369037051592e-07 3.2692306626994324e-06 1.1272243532983592e-06 2.514582829570261e-05 3.837438365561351e-07 0.0 2.8503136479609967e-07
0.0007296926282457078 1.3855138399817118e-05 0.0006772639447467422 0.00020396434312037597 1.1466943093359114e-06 0.00171466475160391 0.0 0.0022701086987769047 0.0005597136505480759 0.005952344190249952 1.5677019342241295e-05 7.256647401229659e-05 9.227468908839085e-06 0.004164781374792587 1.7214952192587177e-05 2.166829968967346e-05 0.00011938420489473576 5.443389076631323e-06 1.5191456451436802e-05 3.0042117067998715e-05 0.001461670556181068 6.878991357793251e-05 0.001132603061537274 0.0020903248488755768 3.2050589335966822e-06 4.971121372619431e-05 0.00023145578073497562 0.009802483794570563 0.0007523664915705232 0.0028028727993326943 3.729340406215227e-07 1.0138313730119906e-05 0.00012961165080432397 0.00024405929611955116 4.382197015339981e-05 0.0009462793328912968 2.6743324302052922e-05 0.0006261882378577597 0.0002592269064040057 8.060251811146859e-05 2.5801898771303413e-05 5.245713153666576e-06 1.0164356064491808e-05 1.0277312969549033e-05 7.166321190165304e-07 6.239718088415802e-06 3.651252374543529e-05 2.5537693752401387e-07 1.7139171800599808e-05 0.0004164305346716692 4.157046350005099e-05 0.0001455546618730409 0.0001274604962863846 1.1078985972440076e-05 3.125894219946069e-05 3.362985920882101e-07 5.373450092736589e-05 5.097167176637105e-07 2.2538565106387442e-05 2.2502513204512737e-07 2.7428595177975667e-06 6.043716196791052e-07 5.111650721536631e-05 6.84621956354102e-06 1.1526446589231144e-05 3.3172074292724764e-05 0.0003824961919190769 0.0 2.807163563481386e-06 4.1039683705928046e-05 0.0004765356480412937 5.574209539744919e-05 9.112622609361035e-05 3.916601257938313e-07 4.460087205423609e-06 7.1789288889438824e-06 3.829391919052718e-05 1.0070242215343113e-05 0.0001606860471257053 2.8834149853815877e-06 0.000186884606313664 3.416920562146745e-05 7.985740141258036e-05 1.3152957445384008e-05 2.6893759809651396e-06 1.7533734422760374e-07
0.00021642902276003666 1.7778923135250039e-06 0.00048629963481432387 2.8367831014209047e-05 1.3366081849469114e-05 0.006190695597349785 0.0022701086987769047 0.0 4.4248935906215246e-05 0.0012189515043232275 0.00012551859202550363 0.0004846654777635824 5.8402445294441986e-05 0.003717294062521543 4.94822821916736e-05 4.532132624943556e-07 0.0002868702848816188 1.8868655601834742e-05 5.289594186993185e-05 0.00013706403495015413 0.00040325165429386706 8.231007133505185e-06 0.0003899450881936061 0.00014223769651484322 2.835481789727047e-06 8.489030232270858e-05 0.00018654781965174574 0.00010349435168084528 0.0008515111778291041 0.0003586955529231249 1.715958736020565e-06 0.00019379110843630176 7.6152107676826935e-06 0.0002746067194782863 3.40950163504685e-06 0.00029766430828299305 2.29648909627576e-05 0.0003350413336858576 0.00010904802253751736 0.0007186061283563608 0.00016929750597053877 1.756738663127641e-05 5.135016701279521e-06 1.5034778927117401e-06 1.5301364065159787e-07 2.689487661372092e-06 1.2427537626539609e-06 0.0 3.2647331476163894e-07 3.6820660428838045e-05 2.011483083826727e-07 9.553345209942154e-06 6.009756997469155e-06 5.205051772335673e-07 2.777752763652262e-06 4.837860286892341e-07 3.784213930385012e-06 0.0 2.2506841860843237e-06 2.552050368321419e-07 0.0 2.7889983426809214e-07 1.990086378197752e-06 2.4392072520229583e-06 9.761859543298966e-07 2.332641255336135e-06 3.8793165521888736e-05 0.0 8.824828642397966e-07 1.6291000172085555e-05 4.238165478168285e-05 5.17589972017737e-06 1.6940776626250682e-05 5.218167626690755e-08 2.340262188602424e-07 9.616161969019405e-07 1.1901311413320156e-06 1.0448143190522046e-06 1.3487980947528804e-05 0.0 1.1096651587769729e-05 2.80487971666397e-06 3.0680889866780918e-06 0.0 1.172475153623651e-06 0.0
2.344543299654557e-05 0.00034831328751120755 1.149435364302944e-05 0.00043612808185713173 4.6245509515675665e-05 0.0003455161414351631 0.0005597136505480759 4.4248935906215246e-05 0.0 0.00012454738092955518 6.76169766485823e-06 0.0007513986259543294 7.090839569523686e-06 7.03561703066185e-05 0.0006794924204806299 8.090579367467931e-05 6.044706923756094e-06 1.3734051892443965e-06 5.1509209792763674e-06 0.0005183876637599932 6.24988860990783e-05 0.0015642863693660415 3.953099895055647e-05 0.004506254237825289 7.187679222320301e-05 2.3306784739344192e-05 0.0005100353837361466 0.0006639744317078102 0.00016842494040812529 0.00020801524771920258 5.079416954938547e-07 2.613266118162444e-06 2.4661740337029857e-05 5.838176468544959e-05 1.3581619277764673e-05 0.0002873486248819756 1.9187249364027556e-05 0.00013960174563980166 5.078568837745966e-05 0.0006730092670309938 6.8945246810133635e-06 1.4937344287714117e-06 2.093087093618565e-06 1.1447858568928759e-05 1.1392916643913416e-06 1.5256627834935242e-06 0.0001236249168336116 3.371993367762189e-06 5.037033868231998e-05 0.0002443227943932516 4.3158414982181365e-05 4.6867651623682385e-05 0.00016870226244836682 5.556416409197009e-06 0.00017922493358432008 5.93425558866208e-07 4.356074241900468e-05 7.8531217659646e-05 0.0002484547524964297 8.688892192422632e-07 1.6847421639826814e-06 8.26297509567779e-07 0.00018973902488370658 0.00020354479038699639 1.635268867119643e-05 6.821901382489043e-05 0.0007083163348309835 7.730330273768261e-07 2.608138143647968e-06 1.6019679706989423e-05 0.0003935492523567236 6.92452662845948e-05 0.00021185315316637947 2.7667189378326893e-07 1.602028597094432e-06 9.343676067723899e-06 2.411444660114061e-05 7.404834355119886e-06 0.00015000333115139998 1.0224756559031922e-05 8.581455482613305e-05 2.5375372349214596e-05 0.0003179976674022014 6.469725107978435e-06 7.958438613604206e-07 1.155844435618529e-06
6.918150685108008e-05 8.847394347418671e-07 3.420948494377607e-05 0.0030553505132121413 4.654881945046687e-06 0.0036777059206200367 0.005952344190249952 0.0012189515043232275 0.00012454738092955518 0.0 4.170158413216865e-05 0.0033055308923968614 1.7974652609926712e-05 0.0007446268343023168 8.28760455425832e-06 3.75495999270881e-07 8.338310236437692e-06 1.1151935886557901e-05 1.0758604362918869e-05 0.0027353757630183082 4.073398330473481e-05 3.371217183098946e-06 2.4345110524001147e-05 0.00021278520168184966 5.297656757336261e-06 2.01475623077626e-05 2.4916565395961894e-05 0.00147372292297298 0.0008162760305735241 1.1005811981757916e-05 9.527235579469938e-07 2.569962574845413e-05 2.1484320483658285e-05 0.0003599041575052868 2.2794223851193992e-05 0.0007791239082905957 1.740355441896752e-05 0.0007888982669797843 0.00016871738165316922 8.82598476022691e-05 5.1048176886789575e-05 7.2324572807666426e-06 1.2387629105743763e-05 4.3637754033991916e-07 5.062645949848914e-08 4.017914953482774e-07 0.00010985682449250194 1.0501333483624826e-06 1.7817691018264987e-05 0.00016113030413303513 1.282314728266245e-05 7.305586922151708e-05 0.0002665457556331645 4.7608854902628836e-07 9.685416583860417e-05 1.483359299515772e-06 8.327856222926649e-06 6.339534426278333e-06 1.349326625098996e-06 1.0453268586000998e-07 3.350931438837608e-07 3.210914161118565e-07 0.00014733968515754248 6.911461133371147e-07 4.146058670638598e-07 3.5559171031189446e-06 0.00023162419187508913 0.0 3.437312596514098e-07 2.5343432511366005e-06 0.00017069650046303163 7.1252953245971605e-06 4.710681101791757e-06 0.0 5.118070240085547e-07 5.194862053561293e-07 2.5152910794037194e-06 9.39528589829577e-07 1.1328488855093911e-05 0.0 1.7322311820354003e-05 6.0671730772277e-06 1.5502205565564155e-05 2.2207871583155466e-06 0.0 0.0
9.393880004961062e-06 2.065290229322853e-05 1.8401240026400098e-05 3.0635418436385216e-06 3.7682613096704565e-05 8.538424867772515e-05 1.5677019342241295e-05 0.00012551859202550363 6.76169766485823e-06 4.170158413216865e-05 0.0 7.395027083001103e-05 0.0012656476410911998 0.0004184668146685578 2.5968368839037002e-06 1.7421112259398007e-07 0.0003193802469987838 0.001191023989168857 0.000573936688823986 2.144575291740532e-05 9.207673224116174e-06 2.1790712976618995e-06 4.364377155014418e-05 1.977074534050164e-05 0.0002754393873728588 0.0016070138257271679 0.0008122004883199962 1.3271691036023138e-05 0.0002525892069076048 1.993806588312529e-05 0.0002889261938595089 0.00031500979201397344 5.28772291545108e-06 0.0031058867409595623 1.4098436391413698e-06 0.00021604191042301377 0.0016913385041243823 0.0022832814752739294 0.0003232662947146502 2.890908523240017e-05 5.498452092615804e-05 0.0003150511140990815 3.995049337361558e-06 2.9126291366696916e-07 1.3510854822009612e-05 1.3819130345436218e-06 2.8411286249549117e-07 0.0 2.2107333776638195e-07 1.0246039359203691e-05 3.8113662614174437e-07 2.325540236959141e-06 9.509585796228626e-07 5.926384026824427e-05 6.089117335826478e-07 0.00046841762788214374 4.7134614226718466e-07 0.0 2.3062250658422808e-07 1.1672940968788276e-06 1.3755067818843548e-05 7.017321851366793e-06 0.0 1.5508344697050549e-07 1.674049350454139e-07 3.401416506506354e-07 9.960903557083806e-06 0.00014280480522181757 7.294529026889918e-05 0.00019695517622211623 1.1974956383345829e-05 6.984566209734619e-07 1.468535341766201e-06 3.8570453477400106e-05 0.0 9.333992454523433e-08 2.08472918247488e-06 3.509472804509446e-07 3.4052120143444817e-06 0.00012753612570171039 7.229474355835157e-06 1.070767904260583e-06 2.073064971132886e-06 4.5749505273140857e-07 0.00010503982467801748 0.0
3.2044511058826875e-06 3.6749848091713105e-06 1.2308477521445624e-06 0.0007269219877890616 2.2216988115847193e-05 0.003516659695495655 7.256647401229659e-05 0.0004846654777635824 0.0007513986259543294 0.0033055308923968614 7.395027083001103e-05 0.0 3.049940671980611e-05 0.00033803211868127725 0.0002775670405521459 1.4920033241144257e-07 3.503152276968126e-06 1.4402706906072978e-05 1.2570046952762633e-05 0.002144961756440113 1.138174331288888e-06 1.1889645144195674e-05 1.7314430630117067e-06 0.0002644914759055331 2.1337403255084193e-06 2.2370186455119567e-05 2.1774672122548026e-05 0.0001418026982255842 0.0004032539528018984 1.992054742452831e-06 1.9300771735265106e-06 3.1139059525963566e-05 1.0766625758551404e-06 0.00020315504448905136 1.672273348017389e-06 0.00017583703469377764 1.0810214559145851e-05 0.00032737722693316183 3.120900778894025e-05 0.0005284368739795618 2.9638580783156404e-05 1.4619698995981273e-05 2.8428097243304142e-06 5.0796714742358974e-08 0.0 4.93853544747333e-07 4.044809325725838e-05 9.480320628272558e-07 1.586500389544927e-05 1.1846489364832197e-05 5.360509545111841e-06 6.578355520683224e-05 8.539452395979565e-05 2.2551027857923807e-07 0.0001480790504516208 3.2600004423875864e-06 2.2298240404321166e-06 1.3493662947886548e-05 0.0 0.0 4.5972626855244406e-08 0.0 6.517874274323675e-05 4.850693964419825e-08 4.590590880119329e-07 0.0 5.820506025011851e-05 1.8864940366963454e-07 6.12853767981872e-07 6.793259073006025e-07 1.5787809791331718e-05 8.138934495667688e-07 7.17921496738932e-07 4.031411400349742e-08 3.6853018770631687e-07 0.0 9.714798174459039e-07 0.0 6.153497239386157e-06 2.3865240564308267e-06 2.7025117557439075e-06 3.371057368475496e-06 7.648838298368643e-05 4.328798819298639e-06 5.965343780746266e-08 0.0
1.3087027895461435e-06 0.0002955484188238077 1.525154406189984e-06 1.362459816952295e-06 2.5791623780979026e-05 3.216283965336537e-05 9.227468908839085e-06 5.8402445294441986e-05 7.090839569523686e-06 1.7974652609926712e-05 0.0012656476410911998 3.049940671980611e-05 0.0 9.13322755303002e-05 8.409884155361092e-07 5.134143466303737e-07 5.529579996401092e-06 9.773797490281413e-06 1.1369060892099252e-05 8.872011292036502e-06 1.7828353210122909e-06 1.8043716652714463e-05 5.025851301303935e-06 2.029731372910657e-05 0.001790896091608686 0.00012533141311164505 0.0026445977243765148 7.714550688054413e-06 3.2114611803875036e-05 2.8772289333424745e-06 0.0003687121720886507 9.229227427126578e-05 4.0250638221100615e-07 0.0008414823633148467 1.4579048226428497e-05 0.0007665815976356384 0.0030910619375508572 0.0024940133585393256 0.00036384562918463425 6.805723271603049e-05 0.0002516645793315046 0.0004968450628073423 2.493105049645162e-05 4.714128393155166e-08 3.2108614001979216e-05 2.359878885148213e-07 2.0029007693630743e-07 0.0 0.0 6.2276148653229215e-06 5.203101469109137e-07 1.7593759860184602e-06 1.1886799962322706e-06 0.00013478345848203755 1.9123260532499664e-07 0.0010462249957314887 5.249365476408936e-07 0.0 0.0 5.841890368386096e-07 1.4709592193205556e-05 5.810474907197149e-06 3.308960183648312e-07 8.380669673427407e-08 8.083746325274383e-07 0.0 4.701711504105666e-06 0.000462905933061407 8.943939996000811e-05 0.0002697183754463075 5.083204251096457e-06 4.450051182384482e-07 4.000586129850576e-07 5.8515178492479956e-05 3.997946566738706e-08 0.0 1.7609266282080355e-06 3.7896692284635236e-06 3.464865982740851e-05 0.0004394801223318127 6.186459119448143e-05 7.381584742782289e-06 6.8473320575481694e-06 1.1611902122112245e-06 0.0004501749625193703 2.095265406146861e-06
0.0038329175669806334 3.130940813636519e-06 0.000396015933432311 4.74889925307703e-05 8.441742918913565e-06 0.0005673546197967353 0.004164781374792587 0.003717294062521543 7.03561703066185e-05 0.0007446268343023168 0.0004184668146685578 0.00033803211868127725 9.13322755303002e-05 0.0 1.2474011523763402e-05 1.2306080029797515e-06 0.0004974097826272335 6.90674176910799e-05 0.00012289391354679217 0.00014038265865542148 0.0002593651021707863 1.2380930109602163e-05 0.0004259416183196032 0.00025254629395824493 4.793039893752967e-06 0.0001734963932352457 0.00026928720236463953 0.00015757372268903775 0.0043691607976029225 0.0016071427296724201 6.105433240340318e-06 4.9875024108115047e-05 2.8856746056028868e-05 0.0008208437967831147 1.0676227043135358e-05 0.0005476308785689292 4.1810655029747634e-05 0.0006360405889384134 0.00012144481874138683 0.0002659880671665717 8.387652592983257e-05 2.159943096506451e-05 7.124152348957522e-06 1.6735070061247016e-06 7.776110760532213e-07 2.9105446380172048e-06 4.265298962013683e-06 0.0 0.0 8.800425378847452e-05 7.819611819459674e-06 1.8736249773688774e-05 9.378396288691751e-06 9.125163552742059e-07 2.396053651030359e-06 2.9108802160508864e-07 7.172820305219101e-06 0.0 4.628762504125622e-06 9.425537051370274e-07 1.1344404324471138e-07 6.414931677837872e-07 3.5815963769745717e-06 3.3192580702066043e-06 3.8048874985715604e-06 1.7719023732140867e-06 7.161542454014882e-05 6.756106568695195e-07 3.0348108900205825e-06 1.5127958523566052e-05 8.833856410366385e-05 1.2079411511422703e-05 2.476536207486826e-05 1.60502055059522e-07 2.122508112341073e-07 9.492097562527565e-07 3.9085974876601445e-06 3.078438014382682e-07 2.342402648824765e-05 7.070185793392536e-07 2.203014222043659e-05 4.9632285572729135e-06 1.0056280690183746e-05 1.953307168856367e-06 3.014761666267219e-07 0.0
4.182133270359858e-07 1.1407067971305335e-05 0.0 1.7919964395099537e-05 0.0011763360326680155 0.0004976903992161405 1.7214952192587177e-05 4.94822821916736e-05 0.0006794924204806299 8.28760455425832e-06 2.5968368839037002e-06 0.0002775670405521459 8.409884155361092e-07 1.2474011523763402e-05 0.0 8.281147649030225e-07 2.259135066985102e-07 2.150690513272573e-07 1.562807146143201e-07 4.17644341775309e-05 0.0 4.42296252668878e-05 1.1124269055443788e-06 0.00021484039674925402 2.2939425822759234e-06 5.758607515388591e-07 1.8724569275134525e-05 2.6619087512515664e-05 1.8619423268953953e-05 1.9746971448753096e-06 1.917870590625443e-07 1.8476412228908304e-05 1.1191120690309064e-06 5.320387505070523e-06 3.0911999667150555e-05 9.639167602262741e-05 7.506825765184031e-07 1.1204635381032134e-05 1.4639519125137388e-05 0.0006935201455024089 8.615008352360397e-06 1.3828833353917395e-06 6.693484085290691e-08 0.0 0.0 0.0 2.496780711297505e-06 0.0 3.03257863947338e-06 9.789642446571324e-07 0.0 2.2100896885192546e-06 3.85002925587464e-06 0.0 5.782389404870214e-06 2.938805545879152e-06 0.0 1.8419537042528598e-06 6.065205747698782e-08 0.0 0.0 0.0 3.6177466984235134e-06 8.21394961429594e-08 4.968902909992899e-07 5.58893374094513e-08 4.580986929163861e-06 0.0 0.0 1.4109701058417167e-07 2.7856040907584323e-06 6.456110511720996e-08 2.813272590660239e-07 0.0 1.5334399059517312e-07 0.0 0.0 7.780766670407686e-06 3.044527754496517e-06 0.0 9.28969466033747e-07 9.710048509056974e-08 1.9769918096381007e-05 0.0 4.325476282457397e-06 0.0
6.500785008470848e-07 1.5887097002908095e-05 7.066848560327769e-06 1.7786182400601437e-06 0.0 1.2040587150252806e-07 2.166829968967346e-05 4.532132624943556e-07 8.090579367467931e-05 3.75495999270881e-07 1.7421112259398007e-07 1.4920033241144257e-07 5.134143466303737e-07 1.2306080029797515e-06 8.281147649030225e-07 0.0 7.970441604407078e-06 2.0315972658216682e-07 1.1573277311384573e-06 2.172592359768356e-07 0.0009435022640583011 0.0023943264930951598 0.0017007548190504222 0.0013008380697419094 3.1025998078553957e-06 1.8713938498496615e-06 0.0019552205136558775 0.0007177107661388243 8.072466133488462e-06 0.00020012680542499256 0.0 1.1157893765917436e-07 3.764301309935409e-06 4.16875688168084e-05 2.1984406518643907e-05 0.0008871346535828283 0.0002795668407917797 0.0002699601587582837 0.0004758212640632619 1.0626490144724386e-05 1.212222299926899e-06 7.36248189280692e-07 6.673742750921178e-06 1.1719567558140742e-06 8.121674601913971e-07 3.702645789803642e-06 9.645360229869947e-08 0.0 7.6850677724794e-07 5.591836886933181e-06 3.5166884246443373e-07 4.429066258870421e-06 3.403334873259847e-07 1.1476300791156725e-07 1.6958363656850932e-07 8.276101647389862e-08 9.017355666817968e-07 9.449745637027426e-08 0.0006131319427609537 1.5592170470089791e-06 0.0 3.1629552645776177e-07 0.0 0.0002434138393709462 0.00015179903737285212 0.0004496829429839642 4.7975542993792014e-05 0.0 6.412762370539189e-07 0.00013950082972255932 5.2375364234637005e-05 9.112252243522433e-06 0.0001661785600216038 0.0 0.0 2.780684714705218e-06 5.8212923118700394e-06 4.527982318838701e-06 0.00010458432854119268 1.1895832102592673e-05 2.979654985578918e-05 1.9820889508687854e-05 4.368048036698663e-06 6.080997458380537e-07 0.0 2.2697195765815517e-07
0.00016289567565310972 5.290965856954431e-05 0.0027755450271449936 8.10368075277245e-07 1.7751146339196033e-07 1.2156733128035549e-05 0.00011938420489473576 0.0002868702848816188 6.044706923756094e-06 8.338310236437692e-06 0.0003193802469987838 3.503152276968126e-06 5.529579996401092e-06 0.0004974097826272335 2.259135066985102e-07 7.970441604407078e-06 0.0 0.00014229682340928998 0.00209936975013939 1.6124246387104966e-06 0.00035290270989762836 1.6460839926720042e-05 0.0029839810515580423 1.675447940800485e-05 1.0577124141184957e-06 0.0007783873135575179 0.003605035959711059 3.0295728097501026e-05 0.00042083496513134385 0.001099442355201342 5.907666938323846e-07 1.9990355575468144e-06 1.6973730565761825e-05 0.0013708373040336502 1.8191650896522158e-06 9.254193055401883e-05 0.00027748480139553526 0.0007761335664691712 0.00013290701085843143 3.018862811209306e-06 3.5250082065177695e-07 9.478723551773758e-06 2.0542972907466612e-07 1.579737794698573e-07 2.9423588616651276e-05 9.582309869301701e-05 6.596858555070483e-08 0.0 7.456404803858248e-08 1.7900141227894042e-06 5.073976901566232e-07 7.304394077378766e-07 4.4297473654247566e-07 2.506490636106216e-07 0.0 8.146241957474753e-07 4.403102855433302e-07 0.0 4.815251948041604e-06 3.258716991778946e-05 9.446965491194997e-07 2.024596765256859e-05 0.0 5.476079826151035e-06 4.5762598838093925e-06 3.830785072418751e-06 3.4493349398082515e-06 3.003849801987151e-06 8.720939374164156e-05 0.0002780169569242261 2.0956792732739006e-06 2.970800119185993e-07 6.122634959921759e-06 1.2649539448213152e-07 0.0 2.01378608863802e-07 8.742307958581078e-06 8.989074461207381e-07 2.17597942228896e-05 8.505308582448764e-06 2.7692468427103098e-05 5.43948778943735e-06 7.107694422442361e-07 0.0 0.0 1.5962661837317235e-07
6.46817789283304e-06 1.2594543246753429e-05 3.4887156471753956e-05 4.727696531763693e-07 1.7688062546858738e-06 1.0504174511033331e-05 5.443389076631323e-06 1.8868655601834742e-05 1.3734051892443965e-06 1.1151935886557901e-05 0.001191023989168857 1.4402706906072978e-05 9.773797490281413e-06 6.90674176910799e-05 2.150690513272573e-07 2.0315972658216682e-07 0.00014229682340928998 0.0 0.0007368291264610443 3.84255358493635e-06 3.2360342471699333e-06 2.405373063959795e-06 2.97921205392744e-05 3.6576166387151376e-06 6.266023879629564e-05 0.0008963078929639478 0.00050046327295417 2.3421462382346995e-06 4.4215135832996004e-05 1.3720057197698037e-05 9.179772875533935e-06 2.0390481457323888e-05 1.475231381547325e-06 0.0005338119842266378 2.4667024664114063e-06 0.00020633407885755863 0.00041433299568816766 0.0006803349978387834 0.00021732911187899974 3.7570449659349526e-06 8.091594801048671e-07 3.0081146359408913e-06 5.418262039242886e-07 0.0 1.3213881865349801e-05 1.3864224256378958e-06 9.734541177616241e-08 0.0 0.0 2.304859052254418e-06 5.941657498406483e-08 3.064413429276356e-07 4.60824159694816e-07 1.9136005449193788e-05 4.971337978538642e-08 0.00013137144563660287 1.0647954648256975e-07 0.0 8.800988668212875e-08 1.818154990746156e-06 2.6891439903016063e-05 1.709886154931467e-05 0.0 1.4811779878375714e-07 5.078252032212316e-07 2.041591514709271e-07 2.012544036022933e-06 6.003598449696338e-05 0.00015619906597126492 0.00029898143879657956 1.6824541393611185e-06 1.8702373994301647e-07 3.6174746043411197e-07 2.2751427915359793e-05 0.0 0.0 1.3766228647575228e-06 1.737605538076019e-07 3.6455796497667804e-06 1.2428201006600923e-05 5.07869410924222e-06 1.0284774010392912e-06 0.0 0.0 2.5773084619477747e-07 0.0
2.6738929617745142e-05 4.40124461988492e-05 0.00017316568065515848 8.885538710669414e-07 8.500221156752193e-07 1.0646219361905896e-05 1.5191456451436802e-05 5.289594186993185e-05 5.1509209792763674e-06 1.0758604362918869e-05 0.000573936688823986 1.2570046952762633e-05 1.1369060892099252e-05 0.00012289391354679217 1.562807146143201e-07 1.1573277311384573e-06 0.00209936975013939 0.0007368291264610443 0.0 4.6350463572372395e-06 2.3713411101625477e-05 7.411091620436951e-06 0.00035806142762415057 8.424398197063907e-06 1.4974349623622435e-05 0.002395468828846135 0.001210179203321291 6.062915132371856e-06 0.00010137057271471417 0.0001016194939178844 4.571397227087902e-06 1.3885905768440376e-05 4.349434444932438e-06 0.0016968100333765595 2.9810908599098173e-06 0.00028662875009842 0.00046755968314828543 0.0008585884410444488 0.00019220745231643703 3.404989186453452e-06 6.83522192590765e-07 1.6751040869024432e-05 1.3823803612259652e-06 5.0397812245257886e-08 2.7627197818811186e-05 1.8451895092576142e-05 8.978063768908533e-08 0.0 0.0 2.4489280220066807e-06 4.5672297974319707e-07 2.540087338954301e-07 0.0 2.9922623587688494e-06 2.985620276456372e-07 9.093856018160248e-06 1.823104416647636e-07 4.654996126690201e-08 8.994324218323754e-07 2.577037768635654e-05 6.012238441974903e-06 7.109008418089649e-05 0.0 7.530390992342196e-07 1.3204295473619586e-06 1.1294142539817341e-06 2.3669121445210724e-06 6.883532131431977e-06 0.00022574559739280768 0.0003317090152125046 2.893589976812856e-06 2.8235622421986245e-07 1.9115994420839786e-06 2.8308233124858957e-06 0.0 0.0 8.220840548251537e-06 5.4183889293465e-07 2.424201107392031e-05 1.6715189295581548e-05 3.307252307815782e-05 7.577884573303914e-06 6.024491218008416e-07 0.0 4.928358098733576e-07 0.0
7.084570898879092e-06 5.309568956752919e-07 1.2100844856471849e-06 0.0016077819067651677 3.19702208320076e-06 0.00020926582045626522 3.0042117067998715e-05 0.00013706403495015413 0.0005183876637599932 0.0027353757630183082 2.144575291740532e-05 0.002144961756440113 8.872011292036502e-06 0.00014038265865542148 4.17644341775309e-05 2.172592359768356e-07 1.6124246387104966e-06 3.84255358493635e-06 4.6350463572372395e-06 0.0 1.5639578122100288e-06 1.775255084381931e-06 1.2676846805343049e-06 0.00032884920380527846 3.4683079355396305e-07 6.846368509649772e-06 8.051018092215786e-06 0.0011045804463969287 0.00017310498617779864 1.773526313693743e-06 4.0253099780192205e-07 9.431540610389122e-06 2.8345152154491095e-06 8.832285196575829e-05 3.1191000064354225e-06 0.00014582856294519708 3.398513407197681e-06 0.000187474702224864 2.8694111671516306e-05 0.00011280140297405317 1.542396254085955e-05 1.5525202409081001e-06 1.3786743144118393e-06 0.0 0.0 3.0388094803737145e-07 8.358961269377508e-05 3.62585709217624e-07 1.3336132229603436e-05 4.91268796137452e-05 4.431737042704904e-06 0.00012498171518913158 0.00016594027036139115 3.456107059192273e-06 8.439103954075698e-05 1.5872927194373252e-06 3.7041044541728617e-06 1.1476998002095763e-05 1.2373712182728113e-07 0.0 0.0 1.405975334816453e-07 0.00012451079725233973 0.0 5.528736912412218e-07 0.0 0.00014433771215821448 0.0 4.82391042768701e-07 4.0527415800880975e-07 7.50760818854587e-05 1.976553984321356e-06 1.3472060121693183e-06 0.0 0.0 3.1647719869899857e-07 8.900511587298099e-07 6.418996051101558e-07 5.05091790835026e-06 0.0 6.283415029564525e-06 1.5584055766274683e-06 3.687570209989989e-05 9.095304778721874e-07 4.462989849608366e-08 1.1985089106602175e-06
1.528019253306048e-05 6.906092954567946e-06 0.0001477448584686495 4.7306441165176434e-06 0.0 6.732194763897402e-05 0.001461670556181068 0.00040325165429386706 6.24988860990783e-05 4.073398330473481e-05 9.207673224116174e-06 1.138174331288888e-06 1.7828353210122909e-06 0.0002593651021707863 0.0 0.0009435022640583011 0.00035290270989762836 3.2360342471699333e-06 2.3713411101625477e-05 1.5639578122100288e-06 0.0 0.00031176131197933036 0.007958527080765944 0.0003098690350214655 1.4819935932338013e-06 1.2455474171087942e-05 0.0004394282767665024 0.0016986514117886234 5.9513943292074853e-05 0.0048058638500281135 1.9518894306300077e-07 2.467835736630798e-06 1.1206304308760357e-05 0.0016905881280174166 7.783600865122543e-05 0.0019166211954339879 0.0002777565162780185 0.0025418595069059352 0.0013752432314659015 1.6637143028336503e-05 3.952493080673106e-06 2.5782583327890192e-06 2.257492471092849e-05 2.2852358089261526e-06 1.3369299637790729e-07 2.15309801764682e-06 8.11736842948288e-08 0.0 0.0 7.776500089867301e-06 1.955476483934949e-06 3.312063864235429e-06 1.583728161701642e-06 5.3100252476528e-08 0.0 0.0 2.4008182732824656e-06 4.836227636819123e-08 0.00019084026999369958 7.162813740756143e-07 0.0 4.931621220509135e-07 0.0 0.00021448028615948672 5.05111270333106e-05 8.332728520106255e-05 4.4195370030853594e-05 0.0 5.328392142807092e-07 1.250945129953158e-05 5.517000610997992e-05 1.2985788233407226e-05 0.00021450781061072428 1.890655853157319e-07 1.9520214554649774e-07 5.341093760490075e-06 6.197638264777951e-06 3.951874932927079e-06 7.395564596598622e-05 5.52845437381946e-06 1.9201541176891336e-05 6.6237467352943275e-06 3.4870819604310367e-06 9.476545239245466e-07 0.0 3.8210335990754993e-07
6.279474831220756e-06 0.0008763441771449547 9.285476392951187e-05 3.450622084700504e-06 1.1785807459784242e-06 2.9111719115812294e-06 6.878991357793251e-05 8.231007133505185e-06 0.0015642863693660415 3.371217183098946e-06 2.1790712976618995e-06 1.1889645144195674e-05 1.8043716652714463e-05 1.2380930109602163e-05 4.42296252668878e-05 0.0023943264930951598 1.6460839926720042e-05 2.405373063959795e-06 7.411091620436951e-06 1.775255084381931e-06 0.00031176131197933036 0.0 0.0004744408072424203 0.0038601196850412355 0.0002435844131043082 5.275955833656353e-05 0.0031752028078219693 0.00019693743207651639 4.279797475433096e-05 0.00027242224323014276 9.075845586170424e-07 1.1483715421031066e-07 1.0765353243753563e-05 4.452498300822131e-05 7.990553604141197e-06 0.00035549066686270706 0.00012728835208376812 0.00012928508481155134 9.173732670871e-05 4.048513412395169e-05 4.1852281907840886e-07 2.552714273525718e-06 2.9734781655533834e-06 1.6831624483217868e-07 2.3259787048952946e-05 8.212454173969373e-05 7.643326957809362e-07 9.933203155718486e-08 1.969918989494127e-07 7.360137732345833e-06 8.754049988332723e-07 1.0157035053995872e-05 1.8623669065502203e-07 5.062284923775445e-07 5.7362993638246714e-08 1.6272845240197541e-06 1.6904790281669547e-06 3.35159630874901e-07 0.0006790705656799164 5.393673277298281e-06 1.8549992672476624e-07 3.3187115013936435e-06 6.860425871457908e-08 9.902020580270102e-05 6.118184652858595e-05 0.0004869667245556689 4.527650012640279e-05 6.841710475862691e-07 8.552031370215157e-06 0.0011377158303967436 2.2686460913618984e-05 2.237862108381762e-06 3.3747056892393575e-05 0.0 0.0 4.211250036799893e-07 4.044059422329243e-06 2.4636659496663814e-06 6.271562549407483e-05 1.4236065194384088e-05 2.3959972082739382e-05 2.384442563930151e-05 1.6128565979856641e-06 1.9455330611078567e-07 1.8042363016941126e-07 9.388160758351258e-08
