0.0 7.811634125872537e-08 6.216692139468839e-05 8.183089065988716e-06 0.0 4.403416832103743e-06 0.0006680682016143352 0.00013593690220030814 1.2943030603689389e-05 4.972284635745523e-05 6.199529273967303e-06 6.280781961714606e-06 1.928837636504729e-07 0.0022631059403649054 7.94558690311731e-07 8.090810891583331e-08 3.0964471456331484e-05 2.4173349772911018e-06 7.113059323446462e-06 8.156746688542097e-06 9.141551121627089e-06 3.571325902837271e-07 2.5603424998435985e-05 6.47458747917481e-05 6.035831107558047e-08 2.1559816615213484e-05 8.083109224091459e-06 0.00020728042926807083 0.0020405830610979643 0.0010840226189895645 2.899453924189137e-07 1.550229071537411e-06 3.441333397766297e-05 6.0989507127615266e-05 5.69300452213244e-07 0.00010640702545721876 4.0362700972510056e-06 7.556787042878285e-05 3.198844028958946e-05 5.090204861721416e-06 9.903055827370087e-07 2.7449571256925827e-07 1.286122934893206e-06 1.89847047326212e-07 5.272083832116365e-08 3.737782285795669e-07 1.216895224294544e-06 0.0 0.0 1.1073704417600348e-06 1.9367538221925128e-07 1.6693912158616062e-06 5.163863688891499e-07 5.441237690050038e-08 4.213448749262117e-08 6.380618834112906e-08 5.965788373615162e-07 0.0 5.065226211050318e-06 1.1424137341886917e-07 0.0 0.0 4.006902842289129e-07 4.299544605523602e-06 4.900855700900581e-07 1.201606287078423e-06 1.4866115913390985e-05 0.0 3.3040978078861097e-07 8.000649344458389e-07 8.672922529557709e-06 1.8704446444600326e-06 2.7282537726699758e-06 0.0 0.0 0.0 4.880707343985585e-07 0.0 3.5998917893721835e-06 2.997581322873252e-07 1.0695824384887235e-06 1.536282596430157e-07 3.572738715693746e-07 8.121240510192109e-08 0.0 1.6575151126953424e-07
7.811634125872537e-08 0.0 0.00033527600317712747 3.604019645706593e-07 3.3776681402786587e-07 3.739881979785021e-07 6.596595919167097e-06 6.424821203858202e-07 0.0005878925703668965 4.6720360787703905e-07 3.0882471158666925e-05 4.94620828106924e-06 0.0006492478427678226 1.0622054323217901e-06 1.5559999857396196e-05 8.634130309651188e-05 6.73542638974089e-05 4.479673836611645e-06 4.484231492444399e-05 5.114206556991743e-07 6.3257122157130385e-06 0.0011440325653854797 9.94800657440231e-06 0.0006275201815403352 0.0011429411725611249 0.00110940032617646 0.006031522475125479 1.3737656315216922e-05 9.98451395277201e-07 3.3629351538742074e-06 6.598722829201339e-06 2.6203385480532756e-07 0.0 0.00012130239554938516 3.1205153961553505e-07 4.977310751161436e-05 0.00012401964663053986 7.325213089647466e-05 3.324322128431656e-05 1.154744937031869e-05 3.3397446450996694e-07 0.00019153141348866658 2.2241772967678035e-07 0.0 3.7610933632690616e-05 6.690847676322253e-05 2.538925867989461e-07 0.0 0.0 4.6871315620884993e-07 0.0 5.995063953478466e-07 0.0 8.87803712153844e-07 0.0 7.562189635830914e-06 0.0 0.0 1.2994796650804226e-06 2.063653392583346e-05 4.806064825614147e-07 9.158533797215645e-06 0.0 3.313475790195368e-07 7.420925573369701e-06 3.2947964133347468e-06 1.5460306342444862e-06 1.0792434322805437e-05 0.00016855467392312023 0.0008520415087180103 5.279744057381991e-07 1.1214769475522812e-07 1.6206739498277645e-07 9.776326471512619e-08 0.0 0.0 3.2301888991983028e-06 0.0 1.4395135030547225e-05 1.0183097853560587e-05 7.659601581650814e-06 6.1873111754475074e-06 0.0 0.0 7.689416690614496e-07 0.0
6.216692139468839e-05 0.00033527600317712747 0.0 1.0506051842762853e-05 2.285244064853951e-07 6.9883082423780856e-06 0.0010093709302135816 0.00014440978533128196 8.575921390836402e-06 3.465999184142439e-05 2.9885450577460104e-05 2.0783807098310787e-06 4.540292456537607e-06 0.00023838824402405595 5.681734930913868e-07 1.2452694363764847e-05 0.004281081414928748 4.765991010509677e-05 0.00025162722870173234 2.4093457955618727e-06 0.0007255920306269898 5.267775270452338e-05 0.0047481687169563845 0.00013338205860172333 4.180291924365874e-06 0.004786396407597796 0.005043110902491324 0.0007572397726821378 0.00016656093464394132 0.0017687289535723081 1.1721471391702502e-05 1.8819323519857133e-06 1.0180828319343753e-05 0.0008347417119342897 8.675758757761827e-06 0.001943533238655338 0.0023246941507203862 0.0014561167005973014 0.001245678448096464 3.156137871086624e-05 7.871539113305711e-06 9.221607914875681e-06 1.5259220530845657e-05 5.223660289619595e-07 0.00027317814444887084 0.00038116303342657304 8.315824999542333e-07 0.0 0.0 2.597405133702765e-06 1.2460837162247432e-07 1.3455669463029331e-06 2.1287678788822575e-07 8.37569360512603e-07 1.2777603958376704e-07 9.65270628446733e-07 4.5111307202304824e-07 0.0 1.0848680235782626e-05 0.00013355084935950555 1.4300466793726215e-06 3.7794997377057345e-05 2.766656294112709e-07 5.890039094997283e-06 4.141571657304343e-05 4.7767687915118416e-05 6.442288857088741e-06 1.5773132226284896e-06 0.0005220279321874927 0.0015917535217646844 4.739360499387842e-06 1.503922898111776e-06 2.6261963114513566e-06 8.03458912517228e-08 0.0 0.0 1.99018715815196e-05 8.973788658409297e-07 9.596654645194763e-05 4.090601974939791e-05 4.186174427762653e-05 2.829097663455467e-05 8.2255676591015e-07 0.0 3.233081281810829e-07 4.2056535521949334e-07
8.183089065988716e-06 3.604019645706593e-07 1.0506051842762853e-05 0.0 3.913267625750835e-07 2.5164424289916235e-05 0.0002770152788489758 4.930476973347199e-05 0.0012186425411816128 0.003085259789842839 2.1005112465942414e-06 0.0013584705033012287 1.512919621318538e-07 4.918690905239957e-05 3.099170139913671e-05 7.772121408072435e-07 8.668003263549602e-07 8.243968757871581e-07 6.962265573952103e-07 0.002803425221734728 1.6495577746765282e-06 9.654937113409806e-07 3.3984172368160377e-06 0.0015044013911090098 5.055665117281158e-07 2.452128940650644e-06 1.8867563008734554e-05 0.0026026756399933314 7.947799823569725e-05 6.78819941602181e-06 7.623346331118007e-08 8.049735894364452e-07 4.333118572581524e-06 1.804332899011073e-05 2.146180272969027e-06 0.0003113073379878038 3.6095406489176746e-06 5.236327541127546e-05 2.5136176930011926e-05 8.02393779006814e-05 3.5467504623048736e-06 3.910973531440858e-07 1.5564280458666738e-06 1.7064599805782524e-06 0.0 3.868808826635241e-07 0.0001967912452917335 0.0 2.4005043773217826e-06 4.290412650462223e-05 4.986551591291874e-06 0.00013869730557400262 4.459401673976665e-05 2.834490623360629e-07 9.722438597761395e-05 0.0 8.910591616651786e-06 7.174896905856547e-06 3.911256341275719e-06 4.244790173585264e-07 1.6419570333511136e-07 3.963970469375289e-08 9.126925468073344e-05 2.0516390443574946e-06 2.4330062138219613e-07 2.0266931475825234e-06 0.0002476935761986764 0.0 0.0 6.111599357259842e-07 0.00017576381010555304 1.0457496336127382e-05 3.1358564420363615e-06 0.0 0.0 4.100685820123759e-07 2.477396520929854e-06 1.1281445374965393e-07 0.00010083989590153466 3.251127557364115e-07 6.883651606241057e-06 2.5452210704774333e-07 8.282359292573488e-05 1.1914198168567743e-06 0.0 0.0
0.0 3.3776681402786587e-07 2.285244064853951e-07 3.913267625750835e-07 0.0 0.00047532337193811186 1.5694158460243597e-06 6.051925100838789e-06 1.3670241315134285e-05 7.988469627212426e-06 2.9484499760564652e-05 2.339872414968552e-05 4.77496077431408e-07 2.4579634634051305e-06 0.0007349514660244486 7.649966385548911e-08 3.0076167278457483e-07 6.793836283529252e-07 1.3428936605254482e-06 1.6437733505046694e-06 5.0049019072413525e-08 1.8162421218530144e-07 1.666361137285135e-07 3.7404139843993008e-06 3.107027424435887e-07 1.6559868362800115e-06 1.6438085727732881e-06 6.138142802617025e-07 3.627474229411407e-05 8.562799096351629e-07 1.205350880622821e-07 8.262376407847197e-05 1.465018892052467e-07 0.00012965470990689902 0.0 1.4999253053395787e-05 1.4892239573424235e-06 3.1498512652707255e-05 7.64694034845279e-06 0.0010768774165408408 6.735034349094291e-05 4.616829342086065e-06 1.437285179574274e-06 0.0 0.0 0.0 7.467963348528285e-08 0.0 0.0 0.0 0.0 2.1214173725485042e-07 0.0 0.0 9.146883812317055e-08 4.384938736311938e-07 5.8892549710724457e-08 0.0 0.0 0.0 0.0 0.0 0.0 0.0 0.0 0.0 1.2041970550356006e-07 0.0 0.0 1.141669257697665e-07 7.295686295969828e-08 6.69138224139339e-08 0.0 0.0 0.0 0.0 8.556927439299058e-08 0.0 6.388426309095073e-07 3.356171386929219e-07 1.0977581473801139e-07 3.886348680826968e-07 1.7413212614435588e-07 7.832028168982217e-07 1.0334524951625847e-06 0.0
4.403416832103743e-06 3.739881979785021e-07 6.9883082423780856e-06 2.5164424289916235e-05 0.00047532337193811186 0.0 0.0009234627211743472 0.0022105691871337754 1.8106899485115767e-05 0.003501555630152179 7.671011142805504e-05 0.001885776990363958 6.021022113186129e-06 0.00038115282022204415 0.00047100125471841175 0.0 1.2462878791930494e-06 1.1460760243499778e-05 9.10007305069078e-06 0.00013400616052350515 1.1559824246728637e-06 1.0207342677126646e-07 2.320854081112045e-06 4.143439651477341e-05 1.0228840752057214e-06 1.7568467501708774e-05 1.3612034870660422e-05 0.00012087519992396714 0.0006969685272816815 2.3184079729987193e-05 2.011369802362285e-06 0.0005672754528850341 4.966006410459236e-07 0.0003155566318327643 3.096953497505119e-06 0.00017251790567980347 1.1269216729375574e-05 0.0002889447977473121 5.532083658461696e-05 0.0008512202299082607 0.0003825975141811536 2.2261956798388385e-05 1.2085634337423535e-05 3.817359588095544e-07 5.197328382506038e-08 0.0 2.4563639409775564e-06 0.0 2.2592985710092868e-07 1.742869613102526e-06 4.275666443983336e-07 2.5849936494955998e-06 8.351211783695406e-07 0.0 1.3292642497832348e-06 8.489984665732109e-07 7.323830431861775e-07 0.0 1.9797091138809954e-06 0.0 0.0 0.0 1.4808204236929597e-06 4.058936475476882e-07 0.0 3.449487931889295e-07 1.5309431204868902e-05 0.0 1.6032557237313764e-07 7.200751410972196e-07 4.879460717824255e-06 5.978851520949745e-07 6.375003350640732e-07 0.0 1.2209135215535202e-07 0.0 3.2654469400337764e-06 6.926687544220448e-07 7.691729504481665e-06 1.2002523655822355e-06 2.1512192145429365e-06 3.1528773113194927e-06 2.4202888048997065e-06 1.2130072136188707e-06 5.446813709404489e-06 0.0
0.0006680682016143352 6.596595919167097e-06 0.0010093709302135816 0.0002770152788489758 1.5694158460243597e-06 0.0009234627211743472 0.0 0.002129099590550483 0.00012019155157463304 0.00599793743693093 2.0125324889378046e-05 3.662729624739887e-05 1.939002356058925e-06 0.003850446152205485 7.10569947225519e-06 7.276363334679319e-06 0.00011050889896524875 8.200921784689778e-06 1.8449627889853127e-05 0.0001097196149759261 0.00040920430163001923 6.228206800002134e-06 0.0005294838170838631 0.0011522275656660611 5.047678546740447e-07 0.00014337712627292797 0.00036507509496976087 0.008210501445173138 0.0013104109791287045 0.0030351077275418445 1.740131190428137e-06 8.255813908328897e-06 0.00010379117383482895 0.00019090069989900643 9.429878949904457e-06 0.0016821471775392352 4.477816915370068e-05 0.0005473225427335205 0.0003541068193966764 6.167471855784314e-05 3.462914127791082e-05 1.706492013999507e-06 1.4625395367948333e-05 6.530095440434891e-06 1.6744687817097454e-06 5.678796561541285e-06 4.268070654323983e-05 0.0 7.22336617932348e-07 5.30770300565272e-05 3.5519258805775593e-06 3.874790010789512e-05 1.7484564805064484e-05 1.4753204080428093e-06 9.169879745981206e-06 9.197550845356133e-07 1.6052165093126783e-05 5.464020981310846e-07 4.174105058277634e-05 1.177672303656616e-06 1.0241728086470254e-07 4.758171194517679e-07 2.2326187039481538e-05 2.1846742346099428e-05 3.6559367026494443e-06 1.4789096181783007e-05 0.00032181315472767886 6.288251397560305e-08 4.984137113730716e-06 1.8963159826823916e-05 0.00018002643560476476 3.816430638916055e-05 1.908875502733713e-05 0.0 0.0 1.525832551773793e-06 8.00751466851824e-06 1.770795905529921e-06 0.00010254970698553463 3.2857463792505853e-06 1.9327792296214076e-05 3.309382601918136e-06 2.3568479642506206e-05 9.882986978480957e-07 2.1027984260507088e-07 1.706558732530598e-07
0.00013593690220030814 6.424821203858202e-07 0.00014440978533128196 4.930476973347199e-05 6.051925100838789e-06 0.0022105691871337754 0.002129099590550483 0.0 1.9283337014209544e-05 0.0020034819729966382 0.0001018218607640942 0.0007068475430325073 7.948105103481119e-06 0.0027305061292375084 1.6950973734957427e-05 5.832535011208142e-07 3.769864282616562e-05 1.8400256200292565e-05 1.8602705067218815e-05 0.00020754550437094473 9.238715859302427e-06 4.3053765682475504e-07 4.661088275929914e-05 0.00010765733681554773 6.815040967449608e-07 5.561683749160221e-05 3.2953472010273736e-05 0.0003097357371205441 0.0011300468115016005 0.00021852500568007014 2.4627655904305658e-06 0.0009369017032776172 1.364560110860033e-05 0.00022791589224211163 3.281130390532149e-06 0.0003335665313941608 2.227590652202731e-05 0.0004073552747872258 0.00010324103605743133 0.00014495930781674373 0.0001081224431317289 2.615900404933424e-05 1.1094325516873987e-05 6.928926643702875e-07 1.0229187986840431e-07 2.10574499775261e-07 3.450232595959579e-06 0.0 3.8622481994989767e-07 2.4085257949725993e-06 5.425464619298592e-07 2.5646260976927684e-06 6.265351721897017e-07 3.5462591325471524e-07 5.007055572898667e-07 1.7662815250843305e-06 4.6104448987666966e-07 7.890053339420262e-08 6.220665218616394e-06 0.0 0.0 5.29362347290496e-08 9.140935290400868e-07 4.230540924241801e-06 1.687158049480323e-07 9.164167663454977e-07 2.354459856282955e-05 0.0 4.729447609248989e-07 2.769036922144354e-06 1.3807187876500932e-05 3.055418172263858e-06 3.846256752387361e-06 0.0 3.2607531442922755e-07 0.0 4.807746972441152e-06 5.213287114090012e-08 1.0416274894930125e-05 1.8953670511962617e-06 2.8214229997028687e-06 3.3197460872738425e-06 8.95303970681953e-07 1.4071485512382035e-06 6.0997845498788824e-06 0.0
1.2943030603689389e-05 0.0005878925703668965 8.575921390836402e-06 0.0012186425411816128 1.3670241315134285e-05 1.8106899485115767e-05 0.00012019155157463304 1.9283337014209544e-05 0.0 0.00011081890233974942 3.5083390095316194e-06 0.0003623927521495489 6.367019717846971e-05 3.514074292201376e-05 0.00037088359194648084 0.00015220068261082156 1.3329298170393994e-06 3.2683521505095654e-07 2.2029046025773792e-06 0.0006271057988357862 6.020698072578e-05 0.0012404205289516836 3.815907129936839e-05 0.004419282115960909 0.00021221172665233687 2.532967608151947e-05 0.0002291544053725081 0.0006100304769101621 6.91755503068446e-05 4.7294346411276005e-05 1.205523547328654e-06 3.6355517187652305e-07 1.3214245840690247e-05 1.2720664863308877e-05 1.7541350562616253e-07 9.934838538715787e-05 1.0701381863737423e-05 2.7864134357298405e-05 1.6710931540054635e-05 0.00020607523799607964 2.7156444818734085e-06 1.001984831278599e-05 3.9825980274662343e-07 1.030964787085911e-05 6.577494433557659e-07 5.5611833827718065e-06 0.0001904418738194728 9.627443962802058e-08 2.0823315382419365e-06 5.607670085032031e-05 6.826652311021308e-06 0.00010890729304371212 4.712039818954023e-05 1.066199476435503e-06 7.036543362364092e-05 3.3358095307147287e-07 2.0635243947548002e-05 7.107449833984173e-06 0.0005554731705376812 8.455893713189941e-07 3.0391354145665183e-07 4.1419364171059437e-07 9.980102004669044e-05 0.00015858457827549682 1.4589676184825975e-05 0.00010536661589468715 0.0010743648563399679 1.3742070417497118e-07 2.6223641141308943e-06 6.932559094693899e-06 0.00042327467490398785 7.213464190523659e-05 7.236229326243994e-05 0.0 1.3636339237851e-07 6.130767727663802e-06 1.2640025035361838e-05 2.650956862868005e-06 8.83819527589551e-05 1.4224027777654962e-06 3.659595258704572e-05 6.761584861073661e-06 3.862193981420081e-05 9.601985365023588e-07 0.0 1.5491600403005688e-07
4.972284635745523e-05 4.6720360787703905e-07 3.465999184142439e-05 0.003085259789842839 7.988469627212426e-06 0.003501555630152179 0.00599793743693093 0.0020034819729966382 0.00011081890233974942 0.0 3.435665364604824e-05 0.0014030374494808744 1.948362268943645e-06 0.0007033147564752598 1.5762902212096698e-05 5.411563546897799e-07 3.311105602654627e-06 8.723071882216656e-06 1.0433549748658466e-05 0.004210519479274016 4.784410345820358e-06 6.629305614799575e-07 9.797999800890125e-06 0.00042360660091988247 2.554292403333565e-07 1.876626946617061e-05 3.162291612383389e-05 0.0030035174380288214 0.0006570912707229492 2.9193272809611002e-05 1.2190397880947413e-06 1.831436748055693e-05 1.1309001769624816e-05 0.00016230699450768603 4.787083859677167e-06 0.0008871480826779588 2.4369799575969294e-05 0.0003831495740363002 0.0001106861407483377 5.994650965771011e-05 2.237633226113367e-05 4.575969796696212e-06 8.744983607776825e-06 1.2832910210119904e-06 1.6345706738003328e-07 3.199895356550801e-07 0.00014610817630236774 0.0 3.332956961799446e-07 1.9685677957529314e-05 1.5392858596992431e-06 3.499041511512999e-05 4.3928196826784435e-05 2.5925055379376266e-07 2.9884813594541104e-05 1.0739398023069242e-07 3.2710281135546235e-06 2.3312049347100755e-06 4.537215018461972e-06 2.2008855804579226e-07 0.0 0.0 3.2183867214434385e-05 1.4879858106161315e-06 2.0185667708112286e-07 1.1417380481269107e-06 9.799935625640785e-05 0.0 3.7123897670735555e-07 1.5248630014904985e-06 6.08848140755234e-05 5.355978330694508e-06 1.8810977266091616e-06 0.0 0.0 6.654503733201061e-08 1.404658270341497e-06 5.9091613933778944e-08 5.592751304784307e-05 2.419445597772159e-07 3.6030171155794307e-06 3.100524222131175e-07 3.4085203212369996e-05 1.821867538499463e-07 1.7281961831120907e-06 0.0
6.199529273967303e-06 3.0882471158666925e-05 2.9885450577460104e-05 2.1005112465942414e-06 2.9484499760564652e-05 7.671011142805504e-05 2.0125324889378046e-05 0.0001018218607640942 3.5083390095316194e-06 3.435665364604824e-05 0.0 5.083523736441676e-05 0.0009595025023373337 0.00018398561043138847 1.0988197436573254e-06 5.818931720877429e-07 0.00018085357170043813 0.0024306129270659903 0.0011611000400863726 1.1133910380214131e-05 2.311054854623816e-05 5.807590171698072e-06 5.052641835681687e-05 6.4624651078918504e-06 0.00014585489329699524 0.0014313633157655248 0.00042898595577189517 9.24369982096987e-06 0.00047997394408350795 8.400821109742632e-05 0.00019497413195375935 0.00029688848058028903 8.024277595007527e-07 0.005278158103301717 2.704332003215681e-06 0.00022676584411743678 0.0018522431373006168 0.003545209041904075 0.0003668269634163368 4.869624377074813e-06 5.574498858312035e-06 0.0002502383395970832 3.3859090597651854e-06 0.0 9.099684915103256e-06 7.097478116432507e-08 0.0 0.0 0.0 2.8933298877729434e-07 0.0 2.3124231907332512e-07 0.0 3.531807497975157e-05 4.8925994851783e-08 0.00012917743286661838 0.0 0.0 1.1486412376176387e-07 1.7606490870052485e-07 1.2924629645603754e-06 2.2065144502679613e-07 0.0 0.0 2.5777423683254987e-07 2.2210530789834368e-07 9.373422044368751e-07 2.3835990653871356e-05 2.8799916601478224e-05 7.56196782975456e-05 3.210665944314785e-07 4.5243715989108354e-08 1.9153080136639383e-07 5.901898298977783e-06 0.0 4.1741717844824226e-08 1.5532744165074824e-06 2.5539799133444894e-07 1.7710149576017315e-05 8.049769483414585e-05 4.73796476477006e-06 6.979408229067671e-07 0.0 6.584618182148998e-07 2.230398894434379e-05 0.0
6.280781961714606e-06 4.94620828106924e-06 2.0783807098310787e-06 0.0013584705033012287 2.339872414968552e-05 0.001885776990363958 3.662729624739887e-05 0.0007068475430325073 0.0003623927521495489 0.0014030374494808744 5.083523736441676e-05 0.0 6.381151265043678e-06 0.0004494786753716402 0.0008909190492242484 1.7332460597040358e-07 1.1067775463611166e-06 1.3397749230395938e-05 1.4299373948450096e-05 0.0028740249677572946 4.4489426971371487e-07 1.0803794062909535e-05 2.1037637515375622e-06 0.00010477031059690836 3.549553719191457e-06 2.1004273504927135e-05 1.715338436555745e-05 0.00024892945321383034 0.0003771222022650889 1.0882483970377404e-05 1.3111625061910963e-06 2.377902251386088e-05 1.7645826879666408e-06 0.00014564727648299283 7.015242986591171e-07 0.0012576282556013153 1.4459262597576298e-05 0.0003646779362977514 5.32124397746486e-05 0.0009186188650436406 1.1580804061488644e-05 6.623847156481122e-06 5.547992178489171e-06 3.2901567896299606e-07 0.0 0.0 5.82251899510973e-05 0.0 2.7958083956671003e-06 9.306745450030287e-06 3.823285715606378e-06 5.308028137631067e-05 4.017592375777325e-05 1.247365607286341e-07 5.521158050936774e-05 4.401301317509351e-07 3.9989951616153735e-06 6.065062657453998e-06 1.8424168162335951e-06 1.1330236018593938e-07 0.0 0.0 4.3694927944052895e-05 7.942727172084956e-07 0.0 1.282896081413246e-06 4.232345379991583e-05 7.984560032132731e-08 9.816250158411587e-08 3.4437199976393706e-07 2.879442879126925e-05 2.417726698200327e-06 1.782217602209888e-06 0.0 1.361895447759928e-07 0.0 1.6341700727185669e-06 0.0 7.851015249150338e-05 2.8220608842812506e-06 2.188342816350026e-06 6.129150253048724e-07 7.485762811985033e-05 2.0710927995479344e-07 3.232099206348982e-06 0.0
1.928837636504729e-07 0.0006492478427678226 4.540292456537607e-06 1.512919621318538e-07 4.77496077431408e-07 6.021022113186129e-06 1.939002356058925e-06 7.948105103481119e-06 6.367019717846971e-05 1.948362268943645e-06 0.0009595025023373337 6.381151265043678e-06 0.0 1.1018332035642825e-05 2.5806874223406864e-06 1.7110295668780522e-05 3.2219078846456473e-06 1.8096515272252188e-05 1.1902216709806662e-05 1.0457582486164204e-06 3.789658305512943e-06 0.00011604639079373545 1.0230580694611119e-05 6.669386680908105e-05 0.0032655487358006162 0.00013079380696698597 0.0028379158037450066 2.93405354478078e-06 2.1658322811022354e-05 3.152499850696945e-06 0.00030140190739425383 1.3466479809069413e-05 7.075662222556705e-08 0.0009345179808191847 4.7837334127828364e-06 0.00017347884846258594 0.0023488689116861507 0.0013689752826702617 8.454734933805076e-05 9.82784596274713e-06 2.6179009087170755e-05 0.000467170040833361 6.679811342467341e-06 0.0 0.0001203896795427223 0.0 0.0 1.0929944868918058e-07 1.733773839521874e-07 0.0 3.545804849692639e-07 1.695148252237552e-06 3.4982774244633127e-07 0.00020437891777848812 0.0 0.0009434423160866088 9.57718892202143e-08 0.0 1.3773910887906502e-06 5.85203012336153e-07 3.682232343018976e-06 1.640130420654262e-06 0.0 1.0891892029315212e-06 2.6806415530902713e-06 1.932978764071553e-06 1.4428637824066706e-06 0.00014647204418165473 0.00012993574621825572 0.00035033536513366117 6.686720172125267e-07 7.072467833077659e-07 1.8170119812280103e-06 3.381183489376541e-05 6.764815257243672e-08 5.429559346578361e-07 1.7251432075031188e-05 5.800350332862634e-07 9.482171788635513e-05 0.0004602787371444993 2.3392369748889383e-05 8.800104207213822e-06 2.1967267735461496e-06 1.7903846026797627e-06 0.00014123168720660249 1.2000501636697959e-06
0.0022631059403649054 1.0622054323217901e-06 0.00023838824402405595 4.918690905239957e-05 2.4579634634051305e-06 0.00038115282022204415 0.003850446152205485 0.0027305061292375084 3.514074292201376e-05 0.0007033147564752598 0.00018398561043138847 0.0004494786753716402 1.1018332035642825e-05 0.0 6.057010446962916e-06 7.558029358127241e-07 8.710154977212739e-05 3.6326011373435584e-05 5.051027962588339e-05 0.00017185554895098043 2.1785097680428574e-05 1.0209924321910882e-06 8.396523610138954e-05 0.00019343273832776798 1.5931587117625343e-06 0.00011568861134917434 5.213793351282846e-05 0.0005776204978782212 0.0038338755408844926 0.0012664439306944207 4.203307016693202e-06 0.0006651129387835472 3.075173919826058e-05 0.0005504497224540358 7.626251098224641e-06 0.0005619814214634826 2.3590042368332874e-05 0.0007371957596447097 0.00017931632802676493 6.47467331970586e-05 5.4686401286081754e-05 2.1477126629121954e-05 9.303164664335004e-06 7.43411198585496e-07 7.939085533973519e-07 1.1322684461402276e-06 3.6443325169316556e-06 1.3617154995684017e-07 0.0 4.726528185381337e-06 8.729834800791822e-07 5.133095841435408e-06 7.549594728952806e-07 7.878185540899278e-08 2.7028859973570923e-07 1.1686105501320733e-06 1.1567210478384469e-06 0.0 1.111882438670115e-05 1.5880361396822716e-07 7.782624993817103e-08 1.678137959866602e-07 9.401003613017064e-07 9.324644079392694e-06 1.0075327977288877e-06 2.444636728846333e-06 4.16397870379724e-05 1.1302748410100596e-07 1.3063181312012443e-06 2.8419463147626015e-06 2.7383653049785552e-05 7.87466738109676e-06 5.323582796211759e-06 1.3712368947457706e-07 6.03978306144444e-08 3.406487604126534e-07 3.1622332530660836e-06 1.7861776006885017e-07 1.4643207732168456e-05 1.0571638646382861e-06 4.355873015005277e-06 2.051173110273238e-06 2.5105585298346476e-06 1.3192574975422064e-06 2.669699816307168e-06 0.0
7.94558690311731e-07 1.5559999857396196e-05 5.681734930913868e-07 3.099170139913671e-05 0.0007349514660244486 0.00047100125471841175 7.10569947225519e-06 1.6950973734957427e-05 0.00037088359194648084 1.5762902212096698e-05 1.0988197436573254e-06 0.0008909190492242484 2.5806874223406864e-06 6.057010446962916e-06 0.0 0.0 1.0144799489763328e-07 1.021574835941123e-07 1.244088810829273e-07 7.228381983422385e-05 0.0 3.1721922088335445e-05 1.309642133683539e-07 0.00023712335335789177 9.731332645198811e-06 1.126855288212279e-06 1.1421580227353663e-05 2.490792548545042e-05 6.322013839139604e-06 1.6792545594976892e-06 0.0 0.00011784225891361708 2.4235652219350964e-07 2.1823624059601897e-06 0.0 0.00043238086755314017 6.881079523735751e-07 1.1963346581260045e-05 1.0148370018283797e-06 0.000642936111405379 1.0030425659810205e-05 3.0989720037816204e-07 5.262246408523031e-07 2.415687191573401e-07 0.0 1.8473405457753793e-07 4.872412717147321e-06 0.0 2.2860314714157825e-07 1.537547059673537e-06 1.6624021491766085e-07 1.0672287570699428e-05 1.5365402663814488e-06 0.0 5.0399184440469335e-06 0.0 2.5796581920115926e-07 6.628463298673497e-07 1.9890865121366585e-06 0.0 0.0 5.015622488080755e-08 3.1910340186725937e-06 8.104689156051768e-07 2.2144496070396662e-07 5.938458118539231e-07 1.1463540210716367e-05 0.0 0.0 3.446483594302647e-07 7.091110043666455e-06 8.520140631784287e-07 7.173512344994034e-07 0.0 0.0 0.0 0.0 0.0 1.3354040070464096e-05 9.357277822478845e-08 7.017215851423976e-07 0.0 1.3425552897147402e-05 1.4181032736216711e-07 9.473877088470806e-08 0.0
8.090810891583331e-08 8.634130309651188e-05 1.2452694363764847e-05 7.772121408072435e-07 7.649966385548911e-08 0.0 7.276363334679319e-06 5.832535011208142e-07 0.00015220068261082156 5.411563546897799e-07 5.818931720877429e-07 1.7332460597040358e-07 1.7110295668780522e-05 7.558029358127241e-07 0.0 0.0 7.349103607544955e-06 4.842892602143857e-07 6.015154501877068e-07 7.271657478444242e-07 0.002951493415745657 0.0009703823886803212 0.0023328334560423726 0.000984296741291754 2.0247416944955613e-05 6.641260927570164e-06 0.003010573760352534 0.0005564117199084249 1.798927817222761e-05 4.451451111405868e-05 0.0 4.6768315851006957e-07 3.4317305411808892e-06 5.3800529107376754e-05 2.3339463117577584e-06 0.0010561513667199476 0.0001710113019330596 0.00015140155493744784 0.00019783113895162482 7.78278570618217e-05 1.6927921459305617e-06 2.045109362682795e-05 1.051143027081773e-05 1.6332491139890984e-06 2.250848675441253e-06 6.873837084369706e-06 1.7306060948236128e-06 0.0 0.0 4.999934450416922e-06 2.5461358604072536e-07 2.2130687508674765e-06 3.0212992704124343e-07 1.569882313004232e-06 6.611111109001809e-08 2.1454184189651292e-05 2.4996492101576415e-06 0.0 0.0012625591247421384 1.4486340912394595e-06 0.0 1.4093346254752852e-07 1.1447527494674936e-06 0.00020873358230560554 0.0003678122493739002 0.0007274943081406366 3.4950153320883905e-05 0.0 7.229676669520872e-06 0.00015211359437929177 6.799571571314804e-05 1.5055196166557784e-05 5.435301488254168e-05 0.0 4.2881501419411826e-07 3.4233093367128073e-06 1.4655815292120061e-05 6.158008170644234e-07 5.1224439802567137e-05 2.566672308572857e-05 1.1005827716756232e-05 7.97808230650162e-06 1.3262423351675972e-06 2.5540092311296856e-06 1.0019960421234045e-05 3.902421196282817e-06
3.0964471456331484e-05 6.73542638974089e-05 0.004281081414928748 8.668003263549602e-07 3.0076167278457483e-07 1.2462878791930494e-06 0.00011050889896524875 3.769864282616562e-05 1.3329298170393994e-06 3.311105602654627e-06 0.00018085357170043813 1.1067775463611166e-06 3.2219078846456473e-06 8.710154977212739e-05 1.0144799489763328e-07 7.349103607544955e-06 0.0 0.0002747064864103623 0.0016200913331752735 5.788313201430786e-07 0.0004620955526705612 1.0041343458922248e-05 0.001216899158897349 1.538783822150178e-05 6.27807906399355e-06 0.0020840220818241586 0.0027506880337071246 3.629532384826987e-05 0.00010898707515058662 0.001332755847680892 2.3178239257986055e-06 1.848649320355001e-06 3.091826922312991e-06 0.0010632200584930606 1.2566970187819484e-06 0.0004474826403696223 0.0012416756234680858 0.0010051907430991254 0.0005746636954288678 5.8515687764427325e-06 5.518405877850233e-07 1.1120332886294392e-05 2.830916428518323e-06 8.263388070952582e-08 4.182845258750785e-05 1.5251849991899923e-05 0.0 0.0 4.9758377803583736e-08 4.6261337720108546e-08 0.0 2.1122779995801542e-07 0.0 3.708609021890585e-07 0.0 1.695971213594866e-06 0.0 0.0 4.844232344353501e-07 2.8394399570446425e-05 4.119175507460998e-07 3.139623953929085e-05 0.0 1.5374176214600544e-07 3.008502455780268e-06 1.2717910057291682e-06 3.650410639061596e-07 1.8501184922517977e-06 0.00025824738883871136 0.00041611869134174626 4.3926610758905366e-07 0.0 2.7610527048706813e-07 1.3188412335925022e-07 0.0 0.0 4.378804941511229e-06 6.618305711394217e-07 2.884494048736792e-05 6.589940279300442e-05 1.4502666259109547e-05 4.435836768942529e-06 2.782291877795293e-07 2.8063754769901775e-07 0.0 0.0
2.4173349772911018e-06 4.479673836611645e-06 4.765991010509677e-05 8.243968757871581e-07 6.793836283529252e-07 1.1460760243499778e-05 8.200921784689778e-06 1.8400256200292565e-05 3.2683521505095654e-07 8.723071882216656e-06 0.0024306129270659903 1.3397749230395938e-05 1.8096515272252188e-05 3.6326011373435584e-05 1.021574835941123e-07 4.842892602143857e-07 0.0002747064864103623 0.0 0.0007365373246972238 2.6802629328868636e-06 1.3587333415235974e-05 5.489656287275494e-07 3.287383110581634e-05 1.786867474563156e-06 3.205192639524478e-05 0.0018665627970717348 0.00028890818224655356 3.2464703864724937e-06 6.6472426872517e-05 5.470367525520338e-05 5.538659934823771e-05 2.512885625730633e-05 2.7093113542702546e-07 0.0005870341982216791 2.4397619873327135e-06 0.0002539510437640437 0.00046673073179996427 0.0008814139546075534 0.0002372938367520183 4.743813319731901e-06 3.6770706819795065e-07 7.98162575539848e-06 1.8280051147274616e-06 0.0 6.325189466429815e-06 1.1602752868057342e-07 0.0 0.0 0.0 8.937465214290334e-08 0.0 7.401151880441062e-08 0.0 9.527532109859039e-06 0.0 4.655558052772047e-05 0.0 0.0 3.5350282934977577e-07 3.36286758271013e-07 4.210724463242623e-06 1.178473565504457e-06 0.0 0.0 4.91811606199976e-07 9.47833891688236e-08 8.088837216749192e-07 1.898927047994098e-05 5.783402429778793e-05 0.00017975454351359493 3.8218860034557205e-08 0.0 0.0 5.439218821404518e-06 0.0 0.0 2.536078201713844e-07 0.0 7.1759200398597975e-06 2.1637117133784568e-05 3.7436163417335966e-07 0.0 0.0 0.0 8.07658556285827e-08 0.0
7.113059323446462e-06 4.484231492444399e-05 0.00025162722870173234 6.962265573952103e-07 1.3428936605254482e-06 9.10007305069078e-06 1.8449627889853127e-05 1.8602705067218815e-05 2.2029046025773792e-06 1.0433549748658466e-05 0.0011611000400863726 1.4299373948450096e-05 1.1902216709806662e-05 5.051027962588339e-05 1.244088810829273e-07 6.015154501877068e-07 0.0016200913331752735 0.0007365373246972238 0.0 4.07487868942835e-06 7.59834377688117e-05 1.112561889532842e-06 0.0005088284876930565 2.8963691321540056e-06 2.790545306260345e-05 0.0019973661286270088 0.0007763705135659853 4.610485918939615e-06 8.481556407005025e-05 0.000209115467824767 7.751197351246496e-06 1.7600194640141767e-05 9.435077001319738e-07 0.0019158783176395958 1.6517907991489406e-06 0.00038254664463072786 0.00038216607605010683 0.000978323981202535 0.00032400143435539836 4.507885202614477e-06 3.4646789101017464e-07 2.0357250205841003e-06 1.851012904253271e-06 0.0 3.563319584890305e-05 3.2040248286247175e-07 0.0 0.0 0.0 0.0 0.0 1.3698443319226935e-07 3.0642940560607916e-07 3.3591670745542316e-06 0.0 1.740223332769582e-05 0.0 0.0 1.5380005666320348e-07 2.259289984995126e-06 2.727789803904749e-06 1.2671969723101002e-05 0.0 1.0063409276578674e-07 6.392279272291892e-07 1.3405310656814402e-07 3.7305094116952183e-07 1.140790043879152e-05 0.0001735412400560677 0.00038486561961105644 1.1433533357383813e-07 0.0 9.306157785534736e-08 3.0089243428445097e-06 0.0 0.0 8.342332122734347e-07 2.147469573411266e-07 1.318757247538194e-05 4.6409088328689105e-05 2.6176583857907655e-06 1.1981234859658007e-06 9.375071420246967e-08 0.0 1.1457868781730876e-07 0.0
8.156746688542097e-06 5.114206556991743e-07 2.4093457955618727e-06 0.002803425221734728 1.6437733505046694e-06 0.00013400616052350515 0.0001097196149759261 0.00020754550437094473 0.0006271057988357862 0.004210519479274016 1.1133910380214131e-05 0.0028740249677572946 1.0457582486164204e-06 0.00017185554895098043 7.228381983422385e-05 7.271657478444242e-07 5.788313201430786e-07 2.6802629328868636e-06 4.07487868942835e-06 0.0 3.473396698690565e-07 1.1960706910538003e-06 1.87790551560739e-06 0.0003715563696856755 3.8536377147713453e-07 4.804433256975825e-06 6.102291504013614e-06 0.0008036048739735422 0.00017511280895172202 4.407852663735572e-06 4.908253912049856e-07 4.177425227322027e-06 2.88696591617155e-06 4.978607841471786e-05 8.307243504336198e-07 0.0005169738766537083 9.930787246265547e-06 0.00013105431032853015 3.940560471980852e-05 0.00018913844925604392 9.662199321071607e-06 1.3543044435032047e-06 2.9439237307965695e-06 6.724154255970752e-07 0.0 0.0 0.0001095294932635416 0.0 9.47740779903087e-07 2.464814936015825e-05 3.109118839358952e-06 8.206356635732455e-05 3.080141863077606e-05 5.456656065479642e-07 5.232915928900757e-05 4.050927864373503e-07 3.3583053439750807e-06 6.91460915387844e-06 2.50999988043958e-06 0.0 0.0 0.0 6.143025841102221e-05 1.321074957223962e-06 0.0 1.326102239041799e-06 0.00012572505177622047 0.0 4.7041053958730023e-07 7.416719807696272e-07 8.000884940594326e-05 4.357934758300457e-06 8.186411384520861e-07 1.1716244713134749e-07 4.168366632802694e-08 1.1711466557885693e-07 1.0966201466610982e-06 3.2588880949004507e-07 8.590758501633638e-05 5.179591484831431e-08 3.456882988296525e-06 4.4785399754257725e-07 6.810249050277858e-05 3.381628279441715e-07 7.571055245400374e-07 0.0
9.141551121627089e-06 6.3257122157130385e-06 0.0007255920306269898 1.6495577746765282e-06 5.0049019072413525e-08 1.1559824246728637e-06 0.00040920430163001923 9.238715859302427e-06 6.020698072578e-05 4.784410345820358e-06 2.311054854623816e-05 4.4489426971371487e-07 3.789658305512943e-06 2.1785097680428574e-05 0.0 0.002951493415745657 0.0004620955526705612 1.3587333415235974e-05 7.59834377688117e-05 3.473396698690565e-07 0.0 4.497957508635417e-05 0.007873263016878216 0.0005121400000314872 2.6638830304503565e-06 9.670410875878128e-05 0.00029116611925647507 0.0034201693324287193 9.654293936964801e-05 0.005187091053110507 5.935851321081933e-07 4.7328488048585977e-07 3.8032972572182604e-05 0.0024111158929137244 1.0284002299193325e-05 0.0035856028949311225 0.00020524219917340768 0.002380666529882911 0.0012778719167576553 0.0003459976424665914 4.911737945217142e-06 4.620095591473106e-06 2.0863685192475183e-05 2.912839903950911e-06 6.770056605361939e-07 2.0053790026395236e-06 1.577980130833688e-06 0.0 0.0 7.1064910652449794e-06 4.768526848439416e-07 3.2063363678055715e-06 9.368723525040507e-07 7.796744382893755e-07 0.0 4.628890880137114e-06 4.687606099239577e-06 0.0 0.0003760706523342624 5.278610780249714e-07 0.0 5.228171613375933e-07 1.0580982566004364e-06 0.00021123339119686862 5.6664161323590234e-05 0.00013248937689739265 4.725287578382566e-05 6.348076817283299e-08 3.828444631167635e-06 1.8397640588741788e-05 9.605783664640774e-05 2.6738772067811698e-05 8.436201810359358e-05 0.0 3.139026271422272e-07 4.810774015644196e-06 8.850446289032746e-06 5.469047423285191e-07 5.0776442618104186e-05 8.575074112386352e-06 1.3073075960068581e-05 2.7461781344958727e-06 3.826424014624495e-06 6.993304356197148e-07 4.988492814914596e-06 1.8329049918614853e-06
3.571325902837271e-07 0.0011440325653854797 5.267775270452338e-05 9.654937113409806e-07 1.8162421218530144e-07 1.0207342677126646e-07 6.228206800002134e-06 4.3053765682475504e-07 0.0012404205289516836 6.629305614799575e-07 5.807590171698072e-06 1.0803794062909535e-05 0.00011604639079373545 1.0209924321910882e-06 3.1721922088335445e-05 0.0009703823886803212 1.0041343458922248e-05 5.489656287275494e-07 1.112561889532842e-06 1.1960706910538003e-06 4.497957508635417e-05 0.0 0.0003640858691870153 0.003148143021274994 0.0003644523273397324 4.44405284952493e-05 0.0037389639798753272 4.614145072690464e-05 7.546375527853886e-07 1.0933205081663563e-06 1.2414972328707598e-06 0.0 7.992747014056613e-08 1.304931656177682e-05 0.0 2.8107867387235883e-05 1.8112186385151262e-05 1.4889828425394884e-05 9.170180384371786e-06 3.597514378751108e-05 1.1647660621071295e-07 2.13371686256043e-05 1.0237007526579348e-06 1.9979593562970007e-07 7.789201761295777e-06 5.502406809052362e-05 2.8131214111162803e-06 0.0 0.0 9.212563879064574e-07 2.95434771472574e-07 1.5487724035033424e-06 3.6700047845362127e-07 3.33180283779068e-07 0.0 2.024477099032847e-06 5.799281855837231e-07 0.0 0.0007064577336965932 7.607661750880928e-06 3.4289934486139575e-07 1.829110007707662e-06 0.0 4.254928219369152e-05 8.871506987115627e-05 0.0004598112411858243 4.343044528041926e-05 1.7858270662156263e-06 3.377214107245609e-05 0.0009020618424286919 1.690537831212509e-05 3.2461296444894534e-06 1.0248258521872511e-05 0.0 0.0 1.4348340345315886e-06 3.1097781420779223e-06 9.359071591753108e-07 2.0585010422960753e-05 8.986285759757672e-06 8.830370546605932e-06 3.5236068696603463e-06 4.2075655816642426e-07 0.0 1.537466443224787e-06 1.1657652456498244e-06
2.5603424998435985e-05 9.94800657440231e-06 0.0047481687169563845 3.3984172368160377e-06 1.666361137285135e-07 2.320854081112045e-06 0.0005294838170838631 4.661088275929914e-05 3.815907129936839e-05 9.797999800890125e-06 5.052641835681687e-05 2.1037637515375622e-06 1.0230580694611119e-05 8.396523610138954e-05 1.309642133683539e-07 0.0023328334560423726 0.001216899158897349 3.287383110581634e-05 0.0005088284876930565 1.87790551560739e-06 0.007873263016878216 0.0003640858691870153 0.0 0.0005071386671009743 1.3669434762698772e-05 0.0005332707352465146 0.0031454825665410925 0.001997770312267947 9.228633948529547e-05 0.0034516847366787597 2.367445383534261e-06 2.0996711771560797e-06 9.198439702453705e-06 0.0021870372367354114 3.0135849894944954e-05 0.007772543795150502 0.0024737277052187525 0.004168977486596283 0.0037862926471431036 0.00043422717568400226 2.784885708836469e-05 2.7748895603655605e-05 5.911037741862035e-05 3.0356354840572233e-07 5.102418633128808e-06 5.111311855643813e-05 5.637500800589875e-07 0.0 0.0 2.3914964462544304e-06 4.09016262382043e-07 9.862233380041417e-07 2.8511778871988067e-07 2.2362000869128414e-06 0.0 2.118803757864172e-05 8.410240375262084e-07 0.0 0.0011212185014406566 6.209749640613275e-06 1.9965075781131022e-07 2.863250492426004e-06 0.0 8.0385899754288e-05 0.0003252564629675339 0.0011718271564940277 1.2041488889456332e-05 8.3180503716337e-07 2.8814409307381112e-05 0.000975661457367116 2.165309278587013e-05 4.346852605654187e-06 1.573673417677973e-05 8.657365558636361e-07 0.0 6.23709213949887e-07 2.0177550424671774e-05 3.7526283057549685e-06 7.748669617166961e-05 5.527548082839043e-05 2.047254626494674e-05 2.1752483373111307e-05 1.2540503948379102e-06 3.1251864095434867e-06 1.130276923992442e-05 3.460776758508014e-06
