0.0 1.242886098711465e-07 0.00013652181007975592 2.990922905742863e-07 6.846323767713874e-08 4.7042569488070175e-06 0.0006453433438606854 0.00014953772045328743 1.9938776406666057e-07 1.4290927686885412e-05 1.8664140454710325e-06 3.0212559869763236e-07 9.987088456082203e-08 0.002085716741220785 0.0 8.007077819174648e-08 0.00010111961516580041 9.99166204218982e-07 2.8318145311332087e-06 6.841540033945888e-07 7.831493137870187e-05 1.9798189744580514e-07 0.0001387225770439743 3.0392790454592717e-05 9.376013818991157e-08 1.6128754282995237e-05 1.8688895658943338e-05 5.897959756970235e-05 0.0025111752781853606 0.0017236158228358881 9.980060980343613e-08 2.1611389219510515e-06 7.446987653447212e-05 9.13987033847428e-05 1.6811338184419417e-06 7.571493084228303e-06 6.860515898913801e-07 4.399639536608956e-05 7.163227217880232e-06 5.519795141219798e-07 2.9924300253273524e-07 0.0 7.63073396175836e-08 0.0 6.883047425147901e-08 2.493803225530384e-07 0.0 0.0 0.0 5.253909086434971e-08 0.0 9.721546633071021e-08 0.0 0.0 0.0 0.0 0.0 0.0 8.043461092235385e-07 5.627071984000547e-08 0.0 1.2431471028132155e-07 0.0 0.0 8.047895641254573e-08 4.4365758916011065e-07 5.132302092494694e-07 0.0 2.190843399879883e-07 1.417184456546175e-06 6.900571847278883e-07 5.412419062043874e-07 7.333308687842556e-08 0.0 0.0 0.0 6.997895421137068e-08 3.406648532003538e-07 5.742299236373416e-07 0.0 6.297943624863868e-07 2.1288195915431312e-07 0.0 0.0 0.0 0.0
1.242886098711465e-07 0.0 3.7774487029838e-05 3.440478767484106e-07 5.004356440147047e-07 9.797720295426866e-07 1.9863408885240542e-06 1.868168650188465e-06 0.000401524954238827 7.268541373496925e-07 0.0001239680961000952 6.815290645353692e-06 0.0008865063774962937 4.007658502453906e-07 4.699469292459596e-06 0.00010688199277287859 2.0329238843601148e-05 5.1500816494518655e-05 5.708250549481173e-05 5.913705521055936e-08 1.4110403828436545e-05 0.0010965210014733716 4.2233796396390775e-06 0.00039949082312558816 0.0013095490048802315 0.0005399091712789026 0.004479016180335668 3.988691151296509e-05 1.3912021748286989e-06 2.927897667740889e-07 6.936590776833453e-05 3.656287943802751e-07 2.041848310668866e-07 3.474446207452293e-05 3.219172673197384e-07 6.124976961962528e-05 0.0003813113766741586 9.838597709758103e-05 2.3247395282823918e-05 2.4920671736849967e-05 7.82865927146296e-08 0.00018974331128797343 2.264732648378919e-06 1.891903576916848e-07 0.000106645813995338 5.03658527616095e-05 1.4347236712681527e-07 0.0 0.0 3.7359206401861685e-07 7.829656057713963e-08 8.636448127385927e-07 4.172254755851969e-07 9.781123410762932e-06 5.487833504064437e-07 1.961948502988434e-05 3.104517975908446e-07 0.0 4.242680017348274e-06 2.057858357106752e-05 1.0306924041009666e-05 3.421358701508929e-05 0.0 0.0 2.020595728413757e-05 7.233150570523126e-06 3.7726022459766274e-06 1.4490821167405138e-05 0.0002579034858080174 0.000668012874421561 1.4595999049870433e-06 2.8470678991734183e-07 2.0020172583321508e-07 2.3412180209197197e-06 1.2309950224804264e-07 1.0613128153836142e-07 9.128472443246852e-06 0.0 2.1746067238723187e-05 2.594619878929145e-05 2.8347741407550897e-05 5.96808766704502e-06 3.3431316227709197e-07 3.38175806290336e-07 6.886663114704113e-06 0.0
0.00013652181007975592 3.7774487029838e-05 0.0 2.360114952268316e-07 5.457930093426131e-08 9.56212134765249e-06 0.00039290100038044527 0.0005748424877534654 7.666574163204265e-06 2.555780924764003e-05 1.570190102855689e-05 3.3613233256357773e-07 2.3212565625401993e-07 0.0005031905880794784 0.0 8.75991538361732e-06 0.004350267737077619 2.1157589476182264e-05 0.00012576995214306645 4.3369071724505105e-07 0.0005667419013276377 1.2129258747946917e-05 0.005921292796901648 3.063274099347464e-05 8.535638057021829e-07 0.003890405053083428 0.0031209878519566 8.111654687733651e-05 0.00023596416788196817 0.0002141802688504871 2.1830525026217184e-07 1.705194381175618e-06 3.512663807345736e-05 0.000541635092706904 3.172663334735406e-05 0.001042087521806062 0.00026401659040095913 0.0010591816474052331 0.0002598744510740384 8.525446075481343e-05 1.6291399926528498e-06 2.064823888815286e-06 5.157327724749157e-06 1.1783104556599402e-06 8.470058820031831e-05 0.0006017351468160279 0.0 0.0 0.0 3.6317567865166578e-06 1.5150565945148562e-07 3.067523890452964e-06 0.0 5.81618431464426e-07 0.0 2.783848920241291e-07 1.1771499028230953e-06 0.0 3.5840532154289746e-05 8.194374918916051e-05 1.35727314518288e-06 1.4799505734614189e-05 0.0 1.1261399855495963e-05 7.407094133037977e-05 9.023903068716158e-05 1.3752059286178529e-05 7.654740059454468e-07 0.0001721737198410913 0.0011446357521300206 1.8108985813750344e-05 2.6409289646253225e-06 9.386938941241561e-06 5.356381277972278e-08 0.0 8.306283643437588e-07 3.2262009838660747e-05 2.260913117361066e-06 8.86538699608328e-05 1.674395993132953e-05 9.422743846106001e-05 2.431976469099235e-05 1.562982015551187e-06 1.329727452433757e-07 1.1529482598987372e-06 9.262249463210275e-07
2.990922905742863e-07 3.440478767484106e-07 2.360114952268316e-07 0.0 1.4911540538002895e-06 5.489930010003804e-05 2.355751770314431e-05 7.583454121233476e-06 0.0001892279933068256 0.0011688970843442082 5.422264603756705e-07 0.0022252345643257888 4.3842811858379245e-08 7.605260036606594e-06 3.617713959657328e-05 1.0308451193609755e-07 1.0274900093657864e-07 2.340478042008473e-07 1.9431450236675944e-07 0.0014900375821372326 4.190055085233178e-07 3.686450280062159e-07 5.497695054500552e-07 0.0005561876679975706 0.0 6.101517474605113e-08 4.698617420532719e-07 0.003686505151416158 1.0745442732704403e-05 0.0 5.2482489856245595e-08 7.908703949244527e-07 4.7156164292897803e-07 7.713444383838789e-06 8.395688957819198e-07 6.539967858138936e-05 5.351776779992905e-07 1.4121451917139904e-05 6.867498333534529e-06 0.00010187688874304326 1.7462891055230959e-06 8.129703755085178e-08 9.390385583986632e-07 0.0 0.0 0.0 2.2452913271280864e-05 0.0 6.803486989134234e-07 5.744940021215309e-06 2.494013328967764e-06 1.1986948247079826e-05 2.298870369864197e-05 0.0 5.478158804616243e-06 0.0 2.3083344272389622e-07 2.780390788362768e-06 0.0 0.0 0.0 0.0 6.955741985082178e-06 0.0 8.819168510916307e-08 0.0 0.00010137862590731922 0.0 6.921425464731452e-07 3.1661330753484885e-07 6.94714449581916e-05 8.115926258662956e-07 1.8713580168300537e-07 0.0 0.0 0.0 4.224861764388204e-07 0.0 5.608706692623218e-06 0.0 2.5282894029695464e-06 0.0 2.8731652827268613e-05 0.0 8.155956646138377e-07 0.0
6.846323767713874e-08 5.004356440147047e-07 5.457930093426131e-08 1.4911540538002895e-06 0.0 0.0006341624156692303 1.8004770462406066e-06 0.00018551705781716656 2.385393532521985e-05 3.2389071880239798e-06 9.951648415228555e-07 4.6958256946572756e-05 1.5519961574428818e-06 3.7639717530943038e-06 0.0007684565258192691 0.0 2.9840241189124535e-07 0.0 2.0855202846849082e-07 2.948225018315778e-06 0.0 9.186498616885746e-07 1.4142673974032206e-07 1.8340004157228195e-05 2.486005341039404e-07 3.2888700551931915e-07 3.5790638969289824e-07 1.7867294755174101e-06 8.164364706213009e-06 2.4728653190541057e-07 6.162418726500174e-08 7.249810345589161e-05 0.0 5.987374878242664e-05 0.0 4.960291720850129e-05 1.6176065831405745e-06 0.00010198926495677874 0.00010849319777713807 0.0011480968136270166 0.0001244571500813741 3.5270735868677943e-06 1.1574041553564043e-05 0.0 0.0 0.0 0.0 0.0 0.0 0.0 0.0 0.0 0.0 0.0 0.0 0.0 0.0 0.0 6.169871627426643e-08 0.0 0.0 0.0 0.0 0.0 0.0 0.0 1.0550007792177299e-07 0.0 0.0 0.0 0.0 0.0 0.0 0.0 0.0 0.0 0.0 2.2312613576615972e-07 8.145250790329403e-07 1.0546720254914649e-07 4.942639981608189e-07 1.5059671333048438e-07 9.633948491278027e-07 1.0904602781880796e-07 0.0 0.0
4.7042569488070175e-06 9.797720295426866e-07 9.56212134765249e-06 5.489930010003804e-05 0.0006341624156692303 0.0 0.0018019757808184673 0.0030855695647379025 1.1130985742041309e-05 0.004721299790045447 6.609673290046067e-05 0.001831513605947857 8.69133946133299e-06 0.0003712778081769048 0.0013669514371168253 9.081391531009146e-07 3.124012213949877e-06 1.6098028377763976e-05 8.50613690314563e-06 0.00035933278089887515 8.14044932314142e-06 6.379468269312532e-07 9.884752665942976e-06 0.00010527550224033629 1.4289464237506016e-06 2.9759034118829633e-05 1.7618363127947596e-05 0.0007965730079122562 0.0005267037886261021 7.264307866623956e-06 2.1597571833949052e-06 0.0005388583529334238 1.1932649824060141e-06 0.0004369781989326615 7.339399803627093e-06 0.00035333317713247964 1.3340518304806412e-05 0.000613542079941542 0.000279238398901573 0.002411619645788165 0.00016929678351166664 1.8804834587512257e-05 2.55599582639607e-05 7.311190115912439e-08 3.0895522961236627e-07 7.805322798319322e-08 1.234184990554713e-06 0.0 0.0 6.243501450584758e-07 1.2921530330699618e-07 2.0755718051124303e-06 6.938944049427429e-07 1.2706248380897587e-07 1.4844051298468727e-05 1.1380746877627384e-07 2.1486045161588806e-07 0.0 2.1820595637710565e-07 0.0 6.593248848519101e-08 1.2329217740407736e-07 8.136105475479858e-08 5.463707827396599e-08 3.386891290981095e-07 2.1456273358576193e-07 8.506802746632243e-06 1.734116779904339e-07 1.2794974562783334e-06 1.219462099421068e-06 9.345198601004236e-06 2.5057141136620637e-07 0.0 1.0342791673977823e-07 0.0 2.7992172061498184e-07 0.0 1.4679466808386666e-07 4.4137099466753996e-06 4.3540346932237844e-07 7.412824812417735e-07 7.193938600280754e-07 6.219063073136937e-08 0.0 1.8989115945387385e-07 9.724723612852409e-08
0.0006453433438606854 1.9863408885240542e-06 0.00039290100038044527 2.355751770314431e-05 1.8004770462406066e-06 0.0018019757808184673 0.0 0.0038663232902849537 4.610692230694285e-05 0.004281084203700966 9.945376520272967e-06 1.0075986727320978e-05 1.2125721306553637e-06 0.003982943851116295 2.405759147925596e-06 1.8705651454508534e-05 5.6938551220891024e-05 4.077467043363668e-06 4.060029674193424e-06 3.7029256076599135e-05 0.00045679720051723357 3.208158423927893e-06 0.0005210720556934723 0.0009310768627583374 4.424468786051693e-07 2.7043879028215284e-05 8.335842610031887e-05 0.010582266234149143 0.000841221003317401 0.0033630357518427178 4.4343944156039445e-07 1.3853834081124071e-05 3.139238793470149e-05 0.0002523389474615449 5.9044117562540106e-05 0.0009200555950478645 1.683963698146396e-05 0.0003980035665922641 0.0001890636768788349 6.9953553762721e-05 3.7235000316516844e-05 3.0118388555033634e-06 1.9197883799748493e-05 3.323716375838697e-06 4.821040505576638e-07 3.4500260826023954e-06 1.4532257890265132e-05 0.0 1.1902532816368054e-06 2.9575247863889356e-05 7.598891952220016e-06 3.0345459032369385e-05 1.5627596871097595e-05 2.8440539253423946e-07 6.078421662986671e-07 9.868971938717171e-08 4.460112885059646e-06 5.229631150003948e-07 4.677797213550987e-06 2.71618765326629e-07 0.0 1.1375068645390047e-07 2.0439809467931082e-06 8.084552168185982e-07 2.467194666637684e-06 4.5984348169423445e-06 0.00022811641732352686 0.0 6.375526718213767e-07 1.124828301962563e-05 0.00021698016231906056 1.1268735061350185e-05 4.802262949774004e-06 0.0 2.669208551201924e-07 1.8088767658588544e-06 7.768617183866232e-06 2.531861515188946e-06 4.683223640953474e-05 1.3609849887916897e-06 2.3412272170910113e-05 2.3949659870848226e-06 5.9234418275549846e-06 2.6955021672089175e-06 1.32274229809899e-07 2.647143046862814e-07
0.00014953772045328743 1.868168650188465e-06 0.0005748424877534654 7.583454121233476e-06 0.00018551705781716656 0.0030855695647379025 0.0038663232902849537 0.0 3.771339365115201e-05 0.0012325384633329192 7.289983332536174e-05 0.00016539574606923765 8.942538317361417e-06 0.003889502007463847 3.0852536739898426e-05 4.096481099307907e-06 0.00015776448545143926 1.6695062493340294e-05 1.5817330592275863e-05 6.451802454311989e-05 0.00034043816457529137 1.9879113619676035e-06 0.0004170430903235037 0.0006558769200427884 2.256308181574067e-06 9.42344240841585e-05 8.201763172018697e-05 0.0009277020457196445 0.0015421434041274628 0.0007381726577007854 2.3912321115811465e-06 0.0006931514201062493 1.1867914770387545e-05 0.000519109937940247 9.07921715280228e-06 0.00039769819598555573 2.0393387151031526e-05 0.000570168814165918 0.0002688793865611954 0.0006109890217799923 9.489208036474646e-05 1.7943960668081794e-05 2.0643767978989242e-05 3.545167229669077e-06 1.1083920427253056e-06 1.6850770102137295e-06 1.0140935506294045e-05 0.0 4.566950801372908e-07 2.596296637912874e-05 4.882456424658449e-06 2.841026302084735e-05 1.0438505146168873e-05 5.352648857405057e-07 1.4809877317667435e-06 5.4320552205128454e-08 6.6021410707602485e-06 0.0 4.39832457300257e-06 2.982127748547956e-07 1.4073057254774725e-07 4.7060881875481573e-07 1.3583692783865457e-06 1.2919539190462189e-06 1.261442022142574e-06 3.9633868911933234e-06 0.0002197275008118708 0.0 1.7602163365756335e-06 1.0654139451508265e-05 0.000192695352038552 1.3024484800503964e-05 4.100569267316017e-06 1.0330147878191395e-07 6.311587302510779e-08 2.8663786073736646e-06 4.489036013467744e-06 1.4360806228370004e-06 4.842948443835691e-05 1.337329937632365e-06 1.6018142991201397e-05 2.999471188082124e-06 4.943628524693396e-06 1.2734803786278432e-06 7.355221622857526e-07 1.491727342985896e-06
1.9938776406666057e-07 0.000401524954238827 7.666574163204265e-06 0.0001892279933068256 2.385393532521985e-05 1.1130985742041309e-05 4.610692230694285e-05 3.771339365115201e-05 0.0 5.013850359539729e-05 6.627059997356104e-06 0.00029416172585767294 4.443361468455169e-05 3.828854772477517e-06 0.000364961487355834 2.0891041195351604e-05 2.113146564993268e-06 7.470233951486838e-06 4.048151913505428e-06 0.00014239654732136966 7.2872394826935296e-06 0.0015059308242512314 6.553759392265669e-06 0.0062059233701763075 9.197134157694412e-05 8.183312844691313e-05 0.0006255697470838675 0.0008401569517057574 8.334299851137742e-06 1.9710369461851588e-05 8.087465791202418e-06 1.173509068073347e-06 8.227381510890315e-07 9.39014426353884e-06 2.4802687344519633e-06 0.00011264592789606356 4.5700875851074914e-05 2.3153322457120918e-05 9.26633327525362e-06 0.00041907187855409083 6.074396388918501e-06 3.6266138868704626e-06 3.63639042744809e-07 8.292224534999105e-06 2.7092080091163882e-06 2.059055313426565e-06 6.624718414225734e-05 0.0 8.011234426685955e-07 2.4544768512908673e-05 8.998051156822813e-06 4.467978902588486e-05 5.667277089001437e-05 5.562886511567274e-07 1.3431406579751705e-05 1.1783011865207119e-06 7.36791341385772e-06 9.244958392543827e-06 5.5122664783470356e-05 7.627168880994767e-07 3.9163273209717996e-07 1.43190640130778e-07 2.53941152626911e-05 2.0091993593217984e-05 1.620999398101401e-05 9.932432008137523e-06 0.0006576053288416489 7.527238007944616e-08 4.390260386495337e-06 1.018714573414386e-05 0.0003167801111214278 3.301802526734466e-05 2.8924343532107467e-05 3.086002428069492e-07 7.097042485868101e-08 6.752801947230556e-06 1.5454446789797015e-05 3.4851232493282734e-06 9.299248927508337e-05 3.0337577385108306e-06 3.1552228363462125e-05 6.276234712624803e-06 7.896298171775041e-05 1.96601103492779e-06 0.0 1.384971177296575e-06
1.4290927686885412e-05 7.268541373496925e-07 2.555780924764003e-05 0.0011688970843442082 3.2389071880239798e-06 0.004721299790045447 0.004281084203700966 0.0012325384633329192 5.013850359539729e-05 0.0 4.0482721620132616e-05 0.0015497678818492044 3.6839958332214756e-06 0.0005272902273018372 6.625431711194454e-06 3.025061587751538e-06 3.2248689705271587e-06 1.4137007748337333e-05 8.359223177921347e-06 0.0017320346069242911 2.6841760109621552e-05 7.525715012305814e-07 2.7134120749743298e-05 0.000379514697215487 7.724782690352742e-07 2.6683808241444928e-05 2.4138784583929836e-05 0.003790218084489112 0.0006467165167990793 1.4893974572792748e-05 1.694785624274873e-06 3.561064182879316e-05 4.792782729779939e-06 0.000388778548055168 5.504805109601964e-05 0.0011559260178363047 2.2846127970377348e-05 0.0008485733548724674 0.00027648897072422005 0.00020910404049977923 7.62963010854689e-05 4.80479766134608e-06 2.840449143829514e-05 1.1961204389204126e-06 1.1276953303074097e-07 0.0 8.472078251486489e-06 0.0 7.177878136093574e-08 1.0118445332980226e-05 3.981226839953516e-06 1.630342122178326e-05 1.608986108092742e-05 0.0 4.455038998931091e-05 4.2526921338069635e-08 8.314838227553279e-07 1.8371754833020122e-06 9.428819079202783e-07 6.896633170674632e-08 2.2935986185692074e-07 4.6888781024478806e-08 5.130988735951856e-06 0.0 9.532295309561868e-07 5.208788234515564e-07 0.0001455302643550479 0.0 7.531856922619543e-07 2.164032649043162e-06 0.00011109767480366216 1.8697331844841204e-06 2.615740034548745e-07 0.0 0.0 4.995916658919891e-07 8.014130236681013e-07 1.569709774380392e-06 1.091145432971061e-05 2.039590726901607e-07 3.091770021707779e-06 4.4844268941856543e-07 2.2304359072038208e-05 2.3523578855994153e-07 0.0 0.0
1.8664140454710325e-06 0.0001239680961000952 1.570190102855689e-05 5.422264603756705e-07 9.951648415228555e-07 6.609673290046067e-05 9.945376520272967e-06 7.289983332536174e-05 6.627059997356104e-06 4.0482721620132616e-05 0.0 1.7778128581046748e-05 0.0016549231343301963 7.030178104835563e-05 1.4568594459423489e-07 1.5909195903483715e-06 0.0009543932466391445 0.0014780578429410764 0.0009233437729645795 7.894494955817562e-06 2.2915063801486164e-06 2.164058563274539e-05 3.2770482441086205e-05 7.932746889115694e-06 0.0006982687291537714 0.002020448811867106 0.0004063628075036055 1.0486349577216732e-05 0.00011612560055764183 2.722272246159434e-06 0.00030466668961326877 2.170510027460105e-05 3.6703991469263988e-06 0.004969850016537457 1.1109709772898844e-05 0.0005973544458440612 0.0031353469779854377 0.0023929064297962075 0.0007527230498924711 3.346191221905539e-05 4.131435748153617e-05 0.0008286535441948593 2.149812631708622e-05 0.0 3.4512140554635114e-05 4.0659356504198505e-07 0.0 2.831699215257959e-07 9.145686366902875e-07 9.836290705027805e-08 2.5355010895834085e-06 1.8086065633746633e-07 1.5574075835218522e-07 0.00028016422825995923 1.6369223902518556e-06 0.0008048336493323818 1.1255525715401835e-06 0.0 1.7540359213023338e-07 4.657589030673994e-06 1.9429927294104743e-05 8.43232990941265e-06 0.0 0.0 1.1632183777179858e-06 1.710291244686617e-07 2.198356492721446e-06 9.72338793342741e-05 0.0001474608062813491 0.00019362756346463504 6.867145367719864e-07 1.8498546619047394e-06 0.0 7.839097042184625e-05 2.4171177881715016e-06 0.0 2.8506670413702957e-05 5.243739553812169e-06 2.3063620742554363e-05 0.00017714943292074768 5.43922719532167e-05 2.494420176076489e-06 1.7319368959349078e-07 1.1861909177448208e-06 0.00016199889098868412 1.1248578946624564e-07
3.0212559869763236e-07 6.815290645353692e-06 3.3613233256357773e-07 0.0022252345643257888 4.6958256946572756e-05 0.001831513605947857 1.0075986727320978e-05 0.00016539574606923765 0.00029416172585767294 0.0015497678818492044 1.7778128581046748e-05 0.0 2.1707597931727703e-06 8.233667786720833e-05 0.0008562041244293124 3.1207189807657974e-07 6.659589174708046e-07 7.109405452385237e-06 3.5452229241058343e-06 0.00251601957322772 2.651475352323333e-07 2.39507948627954e-05 2.145952330629521e-07 0.0005886740976891094 1.744169148130804e-06 1.090262698702176e-05 1.547856547480974e-05 0.00042457401171313913 0.00015180683542996483 6.32882701701603e-07 6.938460515227404e-07 2.3004597393502127e-05 1.2732231157912582e-07 0.00010976743461658646 2.296420523099194e-06 0.0002328300474594192 2.982458089879651e-06 0.00022111124002061988 4.5255001955888745e-05 0.0008195441757615458 1.1579516890711775e-05 1.4284972950387454e-06 4.3288791293950496e-06 0.0 5.10261426894484e-08 0.0 2.1680375460408487e-05 0.0 0.0 2.6555834560564634e-06 4.864882516998853e-08 1.7605318012926507e-05 1.1403474002157328e-05 0.0 6.50919932592297e-05 5.382709878788641e-08 0.0 5.311260240316304e-06 3.367093983927445e-07 0.0 6.500400022380286e-08 0.0 4.219977078372933e-06 6.27258571873294e-08 1.0250699503240731e-07 0.0 3.988560121223103e-05 0.0 4.795719171860508e-07 2.5987780846594e-07 2.2511915919550312e-05 0.0 0.0 5.1529793928761544e-08 0.0 0.0 5.418136475852569e-08 0.0 3.170071004584169e-06 9.081203892851957e-08 5.561957607609756e-08 5.956397071328194e-08 7.319703278119974e-05 0.0 0.0 0.0
9.987088456082203e-08 0.0008865063774962937 2.3212565625401993e-07 4.3842811858379245e-08 1.5519961574428818e-06 8.69133946133299e-06 1.2125721306553637e-06 8.942538317361417e-06 4.443361468455169e-05 3.6839958332214756e-06 0.0016549231343301963 2.1707597931727703e-06 0.0 4.816910312458754e-06 4.326013678484346e-07 2.67236548912311e-06 7.877907366826649e-07 3.6379771908731573e-05 1.3672721415641528e-05 8.294367404323814e-07 8.604377347885067e-07 0.00013687614943402895 1.0798142251318653e-06 2.994696098140252e-05 0.004114973710697218 0.0005938921120383044 0.002072582900442353 4.637195168718382e-06 7.547777376812458e-06 2.5993582018750495e-07 0.000979040549308848 5.611095017245512e-06 3.69442381827936e-07 0.0005777370905802291 2.0996997106190896e-06 0.0004068360724835367 0.0029989229756063277 0.002553568330276416 0.0003757636212319458 5.296914780041231e-05 4.276053704825534e-05 0.0007160295464100215 1.1345679946161479e-05 0.0 0.00011042844803700499 3.551756508619559e-07 0.0 0.0 5.768491055473969e-07 2.4071051985267924e-07 1.5906374918791973e-06 3.3512033360314764e-07 3.5588408551265094e-07 0.0003591927741859579 7.70157318142058e-07 0.0010235068193920171 1.0255175046973967e-06 1.33625397011328e-07 3.2397874422674454e-07 1.3200943668215086e-06 3.112009205786975e-05 1.0992962200378221e-05 0.0 1.1746591754393627e-07 1.6034739053317676e-06 3.6183597847219274e-07 3.517110845380235e-07 0.00018035932964879798 0.00027917355765965084 0.00030314837527452136 1.0324330210858698e-06 1.6919084763826527e-06 0.0 0.00012750287100170524 2.4745080219113096e-06 5.941619958383442e-08 2.6116092386714722e-05 8.070321651428564e-07 9.132318752171125e-05 0.000225432267547855 6.379273838503698e-05 3.575013778383622e-06 1.3597381657410705e-06 3.4780367182054936e-06 0.00013318064820656096 3.1495678941478775e-07
0.002085716741220785 4.007658502453906e-07 0.0005031905880794784 7.605260036606594e-06 3.7639717530943038e-06 0.0003712778081769048 0.003982943851116295 0.003889502007463847 3.828854772477517e-06 0.0005272902273018372 7.030178104835563e-05 8.233667786720833e-05 4.816910312458754e-06 0.0 7.03213215436472e-07 1.264041887449504e-06 0.00028095727441284794 1.9327325555733193e-05 1.9296824542108005e-05 6.088827875738657e-05 0.0002590059572632395 4.922384037899294e-07 0.0004219933498161626 0.00020461975319104706 1.4178353305498286e-06 8.986251912289085e-05 8.116483004027067e-05 0.0005178598116708921 0.00400661784917895 0.0018288677757622401 1.8154493417850684e-06 0.00030263723595931347 3.7442260197789704e-05 0.0004926176211247295 2.3824319969887804e-06 0.00011025131768737574 9.929571258130924e-06 0.0004556904222886956 7.93403337665275e-05 6.205219099827924e-05 9.426211448338369e-06 3.22371463544306e-06 3.4415008271753305e-06 8.610190460249539e-07 7.032539271233699e-07 2.137576411825838e-06 1.0718914416431594e-06 0.0 0.0 7.680604053511597e-07 7.401999377637028e-07 3.7501208067038333e-06 1.216445746393048e-07 5.325855915167416e-08 2.6837072361858794e-07 3.4356801747906384e-07 2.3714480670029485e-07 0.0 1.2847750105144e-06 2.850474971184798e-07 6.255871638716574e-08 5.573209705822124e-08 0.0 8.182654464719143e-07 7.401665096036701e-07 1.5299450299986348e-06 2.3432270590866762e-05 6.01144143009621e-08 1.5754303412884522e-06 7.046797590986508e-06 1.66833262550729e-05 1.152765786987073e-06 5.160206844986844e-07 1.5810200081387038e-07 0.0 1.479867740258622e-07 1.0829071944943965e-06 7.581148489184866e-08 6.692195998790224e-06 3.7590461254325736e-07 3.6042122435653405e-06 1.556818825133468e-06 5.589533296814693e-08 0.0 5.144198917714758e-08 6.163621680342232e-07
0.0 4.699469292459596e-06 0.0 3.617713959657328e-05 0.0007684565258192691 0.0013669514371168253 2.405759147925596e-06 3.0852536739898426e-05 0.000364961487355834 6.625431711194454e-06 1.4568594459423489e-07 0.0008562041244293124 4.326013678484346e-07 7.03213215436472e-07 0.0 2.3298007984756463e-07 0.0 5.672715419022356e-08 0.0 8.566143783933558e-05 0.0 1.9716487721708918e-05 0.0 0.0006042563733648647 1.4344024044945186e-06 7.87266561552531e-07 9.127236808613333e-06 3.547869799338255e-05 1.425991859087706e-06 0.0 0.0 8.580851439804058e-05 0.0 1.3613196462874532e-06 0.0 2.21642174834161e-05 8.347128751103886e-08 1.1911318686734536e-06 1.3191410827282249e-06 0.0008200825580808085 1.1732169141801373e-05 9.521528691361196e-08 2.2533358834911774e-07 0.0 8.502329343291846e-08 0.0 3.446777519063043e-06 0.0 0.0 1.7335411292109326e-07 0.0 5.273842374768267e-06 1.8009144691263482e-06 0.0 6.779348045568643e-07 0.0 0.0 5.26104464316724e-07 1.4925012320877945e-07 0.0 0.0 0.0 7.346271862080831e-07 0.0 1.1708380435491808e-07 0.0 1.1433884380759379e-05 0.0 1.0757160671497492e-07 6.667977303479956e-08 5.513261928179211e-06 0.0 0.0 0.0 0.0 0.0 0.0 0.0 9.130720554449116e-07 0.0 1.6245489649969928e-07 0.0 2.3939388382116207e-05 0.0 0.0 0.0
8.007077819174648e-08 0.00010688199277287859 8.75991538361732e-06 1.0308451193609755e-07 0.0 9.081391531009146e-07 1.8705651454508534e-05 4.096481099307907e-06 2.0891041195351604e-05 3.025061587751538e-06 1.5909195903483715e-06 3.1207189807657974e-07 2.67236548912311e-06 1.264041887449504e-06 2.3298007984756463e-07 0.0 1.5480504100243574e-05 1.0968446675919974e-06 1.0051227405927367e-06 5.187458291210751e-08 0.00180768093547412 0.001495906732674936 0.0025970375216973047 0.0017737344632187057 7.558211999741518e-06 1.2578036094861248e-05 0.0032600293670754467 0.0016730168059781367 4.158939827509024e-06 4.966283216383917e-06 7.452856438136944e-07 0.0 2.15353687456007e-06 8.56069074003858e-05 3.540912069892288e-05 0.001460805488730663 0.00044662923285326855 0.0003517642526478886 0.0002918577837111169 5.5619636033630796e-05 7.625241687204497e-07 6.715721772875567e-08 5.298025819931211e-06 2.592281625347882e-06 5.669515788224208e-06 3.606704598797427e-05 7.291547147102626e-08 0.0 5.154201716388927e-08 5.119599387259957e-06 2.1133143912498162e-07 1.930513341443275e-05 0.0 1.5946824363344347e-07 0.0 0.0 1.5283264596284406e-06 0.0 0.001626820800384221 3.4018250019645983e-06 0.0 5.913387646185827e-07 0.0 0.0002323307543960172 0.0008907277166384136 0.0007817459072381683 8.366697198864573e-05 1.1332304569410084e-07 2.742442246904699e-06 0.0002708479559316179 0.00014382781653568996 8.21508878375217e-06 5.142975394432199e-05 5.809444509471897e-08 0.0 1.3213266007069014e-06 6.219678590858083e-06 1.1354522023951432e-06 5.116420958291104e-05 3.7651306608358276e-06 1.4066974921676496e-05 6.067651918220431e-06 7.23379925991095e-07 1.7160538101706571e-07 1.7576380609336428e-07 6.058867936175726e-08
0.00010111961516580041 2.0329238843601148e-05 0.004350267737077619 1.0274900093657864e-07 2.9840241189124535e-07 3.124012213949877e-06 5.6938551220891024e-05 0.00015776448545143926 2.113146564993268e-06 3.2248689705271587e-06 0.0009543932466391445 6.659589174708046e-07 7.877907366826649e-07 0.00028095727441284794 0.0 1.5480504100243574e-05 0.0 0.00022892213731730306 0.0023362986021794037 3.4064937515297784e-07 0.0004506338990688469 6.705466920833333e-06 0.0015228781987861896 1.775789905615358e-05 2.1559480138241956e-06 0.0020998142365124908 0.003000261491140278 2.4739556338386494e-05 0.00034183457137179694 0.0004014079392277592 7.707375591820871e-07 1.9138693760970614e-06 0.00010284675365920069 0.0016801511644574671 5.648299962351547e-06 8.834143064486765e-05 4.3214315356699125e-05 0.0004371664936067076 5.3183390505468235e-05 3.8049070049085184e-06 1.1591654465903026e-06 9.918835131683577e-08 1.1773497597931126e-06 2.299124767935328e-07 3.660735991005938e-05 3.571122539783426e-05 0.0 0.0 0.0 3.277231094242411e-07 0.0 1.2317194835436045e-07 0.0 3.9718897520969853e-07 0.0 2.862446577485184e-07 3.299788446704135e-07 0.0 1.732182665215741e-06 2.9677262497812438e-05 1.1702315340516058e-06 1.4367156968498929e-05 0.0 6.838277040444075e-07 3.095807549967174e-06 4.11419670628008e-06 1.567094749431632e-06 3.239498533457426e-07 0.00011082653426577646 0.00016345148974387998 1.0053467300497624e-06 4.0127440139227305e-07 2.1042835697278627e-07 1.8213554329912756e-07 0.0 6.304039764380356e-08 5.218288659994904e-06 3.682190411863359e-07 1.4772748502442997e-05 7.009140315423956e-06 1.7410997381252987e-05 2.5593765967826583e-06 1.7312848721334487e-07 0.0 1.4936699573336539e-07 1.7980286889059906e-07
9.99166204218982e-07 5.1500816494518655e-05 2.1157589476182264e-05 2.340478042008473e-07 0.0 1.6098028377763976e-05 4.077467043363668e-06 1.6695062493340294e-05 7.470233951486838e-06 1.4137007748337333e-05 0.0014780578429410764 7.109405452385237e-06 3.6379771908731573e-05 1.9327325555733193e-05 5.672715419022356e-08 1.0968446675919974e-06 0.00022892213731730306 0.0 0.000775299333368204 2.926027278384487e-06 4.0005003477724686e-07 1.5659472781981997e-05 7.973883616461448e-06 6.188501964887235e-06 0.0001864782918159009 0.0031179041393818155 0.0004689046148536924 2.3789237980492956e-06 2.5064543380109187e-05 5.825161051446383e-07 6.483147859987103e-05 3.0957161454639702e-06 7.309654870504717e-07 0.0006814711379474873 4.885117755502658e-06 0.00039935893385471686 0.00045915845586992106 0.0007685142383103777 0.00024768698743849534 8.713187048031941e-06 2.0192110339927923e-06 4.289316236440272e-06 3.7916642263778416e-06 6.268901058997619e-08 2.7691718060961057e-05 4.5377844111276517e-07 0.0 0.0 0.0 6.155150677682369e-08 5.022797958696552e-08 0.0 0.0 1.891583031862452e-05 9.94176652221589e-08 5.7138588669362836e-05 6.071321130864466e-08 0.0 0.0 2.1920987756572515e-06 3.029488307532131e-05 1.6756495256959948e-05 0.0 1.096714426456778e-07 1.9507038828840979e-07 1.1099394892566583e-07 4.3518633442919055e-07 1.3952235342775745e-05 0.0002314904444511276 0.0001740643847540996 0.0 9.937365450002028e-08 0.0 3.078684619540521e-05 0.0 1.0870979598451125e-07 2.0718727065700603e-06 6.634417137814606e-07 4.63531380763754e-06 2.690744195102983e-05 8.982176535339328e-06 1.950263665105231e-06 2.1521024664198535e-07 0.0 6.219945277614371e-07 0.0
2.8318145311332087e-06 5.708250549481173e-05 0.00012576995214306645 1.9431450236675944e-07 2.0855202846849082e-07 8.50613690314563e-06 4.060029674193424e-06 1.5817330592275863e-05 4.048151913505428e-06 8.359223177921347e-06 0.0009233437729645795 3.5452229241058343e-06 1.3672721415641528e-05 1.9296824542108005e-05 0.0 1.0051227405927367e-06 0.0023362986021794037 0.000775299333368204 0.0 1.3995731937248124e-06 3.100043891533963e-06 7.346264874848019e-06 0.00011514366664067652 4.611169380420882e-06 9.18661943012119e-05 0.0021843562605507677 0.0007719474257456382 2.248788614486402e-06 2.8998508486642108e-05 4.084839927207501e-06 1.2337108316290997e-05 2.9650549006603127e-06 4.2595955375177905e-06 0.0011523912043457114 3.620120585080609e-06 0.00025658354842839694 0.00022173484649414725 0.0007406001862889598 0.00014722404812511685 6.933584244847606e-06 6.26979630925784e-07 7.298064554845692e-07 1.398931208542652e-06 2.0308817603190877e-07 4.213283510992611e-05 2.4015639868094256e-06 0.0 0.0 0.0 3.875084825494874e-07 0.0 6.909537882116822e-08 0.0 6.110238500797682e-06 6.597176292483254e-08 1.5642396467011738e-05 4.672408133350128e-08 0.0 9.389507138463562e-08 3.281978170245222e-05 1.636072745394881e-05 4.405609104171912e-05 0.0 0.0 9.93673766040046e-07 4.874787936643531e-07 2.6244983982138894e-07 4.44582525430741e-06 0.00026355442762982954 0.000240387645705937 1.4631303547252063e-07 2.732479580596227e-07 2.131144305813009e-07 9.599579380944621e-06 6.446433377939558e-08 1.633066313352998e-07 4.079737473910249e-06 0.0 1.050061319488404e-05 3.482638744561816e-05 1.8108340777181705e-05 2.154310697327479e-06 2.0498815499259454e-07 1.9389988527825182e-07 1.1840862349741395e-07 1.0469598009369622e-07
6.841540033945888e-07 5.913705521055936e-08 4.3369071724505105e-07 0.0014900375821372326 2.948225018315778e-06 0.00035933278089887515 3.7029256076599135e-05 6.451802454311989e-05 0.00014239654732136966 0.0017320346069242911 7.894494955817562e-06 0.00251601957322772 8.294367404323814e-07 6.088827875738657e-05 8.566143783933558e-05 5.187458291210751e-08 3.4064937515297784e-07 2.926027278384487e-06 1.3995731937248124e-06 0.0 1.5595695129563282e-07 1.8000205809342935e-07 5.805722437084921e-07 0.00018393339025806813 7.085631184882725e-08 5.124525510219203e-06 2.5045459810043035e-06 0.0007099023676153339 9.564565148692194e-05 5.289771501090012e-07 3.7458517091664976e-07 5.2263909755662725e-06 1.7783958913844505e-07 6.184732330671821e-05 8.384778053260886e-06 0.0001870832252988914 3.225505684328613e-06 0.00015232724610660667 3.8912209534533045e-05 0.0001853674736644285 1.2771342702161278e-05 1.067011841272026e-06 4.959898168057411e-06 0.0 0.0 0.0 8.342220993953425e-06 0.0 1.230178842930798e-07 3.483062652458818e-06 8.068994077193632e-07 6.022961475420152e-06 8.519274709559e-06 4.318543265252848e-08 2.354256019576854e-05 0.0 0.0 1.308169159284857e-06 8.902171530004333e-08 0.0 0.0 0.0 5.127212751314719e-06 0.0 0.0 0.0 5.073673884725068e-05 0.0 2.785554335724162e-07 1.925834198590397e-07 3.206646615821738e-05 0.0 3.115685210198201e-07 0.0 0.0 0.0 0.0 0.0 5.307552407732914e-06 3.6100962321198946e-07 0.0 9.354643500094191e-08 1.7105429239281685e-05 0.0 0.0 0.0
7.831493137870187e-05 1.4110403828436545e-05 0.0005667419013276377 4.190055085233178e-07 0.0 8.14044932314142e-06 0.00045679720051723357 0.00034043816457529137 7.2872394826935296e-06 2.6841760109621552e-05 2.2915063801486164e-06 2.651475352323333e-07 8.604377347885067e-07 0.0002590059572632395 0.0 0.00180768093547412 0.0004506338990688469 4.0005003477724686e-07 3.100043891533963e-06 1.5595695129563282e-07 0.0 8.048721642730834e-05 0.007689115957194677 0.00011778057459875246 1.2063665524993308e-06 2.2492970081994308e-05 0.0002613355528360738 0.001894282742665523 0.00018093527826808283 0.0057150459636293605 2.0265341094801692e-07 1.281565354363851e-06 4.568855529882989e-05 0.0015604878398619247 0.00013110311787124573 0.004222538626345181 0.0004900064968429117 0.0017140117380562679 0.0010292831792214389 0.00011527356491945744 5.6447475205192125e-06 1.2793249910298726e-06 1.923592298949659e-05 3.522874750820947e-06 1.4085915487851796e-06 1.0341137053024135e-05 0.0 0.0 1.3105414398054706e-07 8.523909071325212e-06 4.4651610148329084e-07 2.3928886323545876e-05 0.0 1.6732968540924865e-07 0.0 0.0 2.1518559674596434e-06 0.0 0.00044104700233358766 1.420103625125872e-06 3.7222967744398993e-07 7.620523403465413e-07 0.0 0.000216863947624755 0.00013164432958641316 5.430737798992535e-05 7.842590410501345e-05 0.0 8.398844002996305e-07 1.7192900231126634e-05 0.00019396535698526667 1.8878166046984554e-05 8.281960802095519e-05 0.0 5.059466337389954e-08 3.464975541393529e-06 1.0204926954770011e-05 3.421603841496579e-06 0.0001289334450217388 3.882515168272866e-06 1.5129008629327793e-05 6.760007889277691e-06 1.3719323154066277e-06 8.847351824038226e-08 5.506492776629024e-07 3.6688591254354874e-07
1.9798189744580514e-07 0.0010965210014733716 1.2129258747946917e-05 3.686450280062159e-07 9.186498616885746e-07 6.379468269312532e-07 3.208158423927893e-06 1.9879113619676035e-06 0.0015059308242512314 7.525715012305814e-07 2.164058563274539e-05 2.39507948627954e-05 0.00013687614943402895 4.922384037899294e-07 1.9716487721708918e-05 0.001495906732674936 6.705466920833333e-06 1.5659472781981997e-05 7.346264874848019e-06 1.8000205809342935e-07 8.048721642730834e-05 0.0 0.00015130680784255772 0.0026906862015305347 0.00025541588069580187 0.00014948976445205184 0.002931736661885909 0.0001480333279017422 2.2190311883686473e-06 1.479504134391966e-06 1.917298621074652e-05 1.8917916042998312e-07 2.158448908073905e-07 1.1397904492147056e-05 8.875973563907823e-07 4.2685608550587894e-05 1.7160059675262177e-05 2.227167493732053e-05 7.953611142197954e-06 6.714632781685191e-05 3.636885636518135e-07 1.1760885324293755e-05 1.1094007205389989e-07 1.399691897081288e-07 1.1733108455851323e-05 5.627285154302456e-05 3.518602354248371e-07 0.0 0.0 9.456776722393963e-07 3.8257792402409297e-07 5.394887298896134e-06 2.2709092162518706e-07 1.419838234103265e-06 0.0 3.384868341145157e-06 4.0420567822731705e-07 1.7635184806927016e-07 0.0005461290631572535 5.817961627868342e-06 6.319924840179266e-07 2.8578345439078885e-06 0.0 4.820693685431246e-05 4.6779011614637834e-05 0.00021148689713036431 2.75883537059284e-05 1.1878976333836713e-06 7.4624290090062515e-06 0.00045802353428152376 3.1652350430198065e-05 1.1099541359117752e-06 1.0403094155398998e-05 6.183078205015658e-07 0.0 5.753168186578741e-07 4.7113587147507146e-06 1.8577040794488825e-07 1.8049921890102488e-05 3.805269739582222e-06 1.4057963235443398e-05 6.512305081921554e-06 7.65687682600621e-08 1.103558244107507e-07 3.4111511844311777e-07 4.224832090760235e-07
0.0001387225770439743 4.2233796396390775e-06 0.005921292796901648 5.497695054500552e-07 1.4142673974032206e-07 9.884752665942976e-06 0.0005210720556934723 0.0004170430903235037 6.553759392265669e-06 2.7134120749743298e-05 3.2770482441086205e-05 2.145952330629521e-07 1.0798142251318653e-06 0.0004219933498161626 0.0 0.0025970375216973047 0.0015228781987861896 7.973883616461448e-06 0.00011514366664067652 5.805722437084921e-07 0.007689115957194677 0.00015130680784255772 0.0 0.000388158856718346 9.95425544908257e-07 0.0004529845589640039 0.005198185315177636 0.0017541244952023454 0.0003189510308558975 0.001581080446415668 5.051615783314903e-07 1.1495897933784172e-06 0.00011057338003706692 0.002455592835041648 0.0002187436694211773 0.004618681410327441 0.0015575630189735086 0.0031836977549564377 0.0019547004597635534 0.0002597777613837102 6.294620399646275e-06 1.9904077233605813e-06 3.004772481220566e-05 9.596509394271292e-07 3.6819127091596396e-06 0.00011140332332976692 0.0 0.0 0.0 3.837322613193416e-06 2.415424914329304e-07 7.828082541728532e-06 2.071667211168499e-07 5.757610784182563e-07 0.0 5.475490159289074e-08 1.4097941355763977e-06 0.0 0.0009237407470248902 5.3626349751664535e-06 2.5796085229843245e-07 1.9426748757674018e-06 1.0102009420009006e-07 4.968386548584407e-05 0.00036460439592071384 0.000787096886832387 4.120118750930832e-05 6.327261699973411e-08 5.969925194295694e-06 0.0005798206429417477 5.515755881188017e-05 2.816107015071493e-06 1.5306373082212492e-05 0.0 0.0 1.1396150232368965e-06 8.448892428389108e-06 8.80353393183612e-06 8.113939679142739e-05 6.627944147645207e-06 2.9471015561872052e-05 1.9496959046781465e-05 6.401044755800552e-07 1.441141320784732e-06 2.105766419734066e-06 3.112147282352006e-07
