0.0 0.0 2.878035030769381e-05 9.883790063981646e-07 1.8180668042612913e-07 2.820550145762748e-06 0.0007081301216689725 0.00031682575327499367 8.521047299971595e-07 6.534875835414769e-06 5.318678952707059e-06 1.108641792080934e-06 2.1748824247051415e-07 0.003300635366560751 0.0 2.318297302904376e-07 3.141200101033479e-05 2.422159162654599e-06 1.7986898384709263e-05 9.455591702809134e-07 4.4499572418486785e-05 0.0 6.550742246061893e-05 1.19804676485316e-05 0.0 8.575545493603686e-06 6.460110875928071e-06 5.13499791296415e-05 0.0019734904975541928 0.0015517762997790123 1.1854402128447128e-07 1.5481863945837163e-06 1.8097792940250413e-05 0.00011220295704948047 1.247231508091469e-06 3.169146299439335e-05 1.7018544055898607e-06 5.2029900145572954e-05 1.010392182494666e-05 5.43231733142279e-07 1.8278551308793164e-07 1.1836339559144495e-07 0.0 0.0 0.0 0.0 2.4276933441937974e-07 0.0 5.509112033621154e-07 6.263125301238607e-07 0.0 3.6712303947650615e-07 0.0 0.0 0.0 0.0 0.0 0.0 2.909704127925695e-07 0.0 0.0 5.261775856576735e-08 0.0 9.127848551171111e-08 4.2278133859039315e-07 0.0 3.767122620289786e-06 0.0 0.0 6.872808585513479e-08 4.02811550891841e-06 0.0 1.7277019944184323e-07 0.0 0.0 0.0 1.6032708755904056e-07 4.5201273984789297e-07 1.3446373780827878e-06 0.0 9.928915338216255e-07 8.536554152387254e-08 0.0 0.0 2.9921856756760895e-07 0.0
0.0 0.0 6.220524124011684e-05 0.0 6.433005450957584e-07 3.264990983346701e-07 1.4909208445702116e-07 6.674175377269855e-08 0.00042437778044133263 4.4388164261451616e-07 6.0778457680590976e-05 3.4892539642424167e-06 0.00036708356666316673 1.3734920258828321e-07 1.674801658686309e-05 7.866039192617508e-05 3.3584943734733656e-06 2.6427301538053396e-06 1.5614110909649613e-06 0.0 1.1707666523039756e-06 0.000939200612576496 6.8569906968327756e-06 0.0005677132719775419 0.0006712240314795825 0.0002456758603135923 0.004587639173127202 1.7429776331976554e-05 2.74970806995743e-07 1.5291230289368053e-06 5.211766231699434e-05 8.837451772972122e-08 0.0 1.9382129974645398e-05 0.0 9.883712935139786e-06 2.8047194434851416e-05 5.770409521533208e-05 1.0388002349348134e-05 3.58580909794064e-05 0.0 9.968567161362977e-05 0.0 0.0 2.1384663706542386e-05 1.6484533770979497e-05 0.0 7.328491250008453e-08 0.0 8.535297567035523e-08 0.0 7.164100716995369e-08 0.0 3.485439314961129e-06 0.0 1.88445457909944e-05 0.0 0.0 4.861331756917169e-07 2.886855678007193e-06 1.8574925366990966e-06 2.5464235497021933e-06 7.526609171330358e-08 1.6459452288724498e-07 1.0627525685236288e-05 4.901894882611909e-06 1.5388103313082015e-06 9.57507289916416e-06 5.7332749498532905e-05 0.0005150955125086944 3.575658917239207e-07 0.0 0.0 2.2508525712426503e-06 0.0 0.0 1.3308064541235704e-06 0.0 6.3758360186160835e-06 1.122970157228389e-05 5.041312795579822e-06 1.859362709490736e-06 0.0 0.0 1.085973465607663e-06 0.0
2.878035030769381e-05 6.220524124011684e-05 0.0 1.409571339206e-06 6.086223340983823e-08 3.124134114505869e-05 0.0005095510650438587 0.00048269709609250177 2.189655570359399e-06 2.831444392086384e-05 5.658638166901779e-05 2.9846080700020795e-06 3.026218044300566e-06 0.00038675565557183615 2.0955262587459838e-07 5.33165227406629e-06 0.00442113155118879 6.464664573182906e-05 0.0005931368471301154 2.2079330920602103e-06 0.0001295288939634905 8.990059239463465e-06 0.0038638721658035254 5.2018598512539736e-05 3.486036178515284e-07 0.004166939740796353 0.00229715281619474 0.0002788690534185523 0.00012514160327398155 8.686859150784269e-05 3.212259745754819e-07 3.2423105159988174e-06 5.273162847588784e-06 0.0011183755309023883 1.240545740931648e-05 0.0009559746653462347 0.0008349172095574754 0.0014449000506638024 0.00036996684709023644 3.588187992212849e-05 3.960094616936207e-06 1.2057107600457061e-06 4.527566470688682e-06 1.3348137299226313e-07 8.533908942669888e-05 0.0003812323809858311 1.5288677421771466e-07 0.0 0.0 2.6630470430241466e-06 2.182808764204744e-07 4.335731176708476e-07 2.389922281608601e-07 5.885680190615852e-07 9.462164001567316e-08 1.0018991741920733e-06 4.128980436751283e-07 0.0 1.1919909139817927e-05 3.5625784954008746e-05 1.3762276923600258e-06 6.693480676646072e-06 2.8000961767007084e-07 2.405855436158541e-06 3.624181870771225e-05 0.000224185864083654 9.950575648533177e-06 7.866144425121153e-07 0.0001463452066210058 0.0014573851109248442 7.51588513292142e-06 0.0 1.3951232154861855e-06 5.875691302930734e-07 8.299459387424735e-08 0.0 1.1930073089835866e-05 4.179973404379011e-06 6.104113443222536e-05 0.00013809475106329975 3.571399375894154e-05 1.7662374540029675e-05 4.297962823363797e-06 0.0 1.3710833613554318e-07 1.7217218651292358e-07
9.883790063981646e-07 0.0 1.409571339206e-06 0.0 3.123414534912524e-06 3.1052202520911886e-05 1.3948912455804667e-05 1.5092293337111048e-05 0.00027471993447747737 0.0008349033785465887 1.5026546956372291e-06 0.003577124774986689 5.055346265450788e-07 1.40631074699578e-05 6.291108582434395e-05 0.0 0.0 8.281709322496083e-07 5.945579325241966e-07 0.0011955251120054017 4.278104616774206e-07 2.8794867273166847e-07 5.288226717448169e-06 0.0005637392475034892 1.9884969636102002e-07 1.623127594753831e-06 2.3889482203008633e-06 0.0013716614225147926 5.4444409625165475e-05 1.6954665959692945e-06 1.7008955324486526e-07 1.2441264914825078e-06 3.936978425478562e-06 3.040387180959906e-05 2.8901213704471985e-06 0.0001672027905696279 1.7785928994987986e-06 5.673946638198958e-05 2.342341493268747e-05 0.0001779487237323584 5.896420334759409e-06 0.0 5.583255398679035e-07 0.0 0.0 0.0 3.1376459556108336e-05 0.0 1.4428235624651413e-06 4.4427923457450285e-05 9.89296135020616e-07 9.136223570841901e-05 0.0001834657588939908 2.432062030746e-07 3.302197618409697e-05 5.902141796774934e-08 1.3827371038989496e-06 3.940227263641558e-07 9.00326888289874e-08 0.0 8.390657928609343e-08 0.0 3.077512055393912e-05 0.0 0.0 8.225346929923548e-08 5.636276332799784e-05 0.0 0.0 3.415975122179639e-07 0.00011488190759511735 5.590565615353219e-07 0.0 0.0 0.0 0.0 1.3104013769527726e-06 1.0976638142886374e-07 2.8320763473077175e-05 0.0 4.843405055302028e-06 1.2952462380443391e-06 2.8589158509043924e-05 0.0 0.0 0.0
1.8180668042612913e-07 6.433005450957584e-07 6.086223340983823e-08 3.123414534912524e-06 0.0 0.00027443511773024624 1.9096621453514512e-06 4.9967352950065934e-05 2.6911800751955486e-05 4.583961127852823e-06 1.1107621996955056e-05 8.171633782436251e-05 9.038128617840008e-06 1.00424802776797e-06 0.0009266908029252371 2.9338111528698897e-07 5.995255640613255e-08 4.2952764689274424e-07 2.5781536482338737e-07 7.052667582790955e-06 1.7136233125871942e-07 1.8975613250003935e-06 3.268174365099792e-07 1.645383224212936e-05 7.232517008384463e-08 1.1828172237288814e-06 1.7081895419727973e-06 4.5162618869496615e-06 7.961251873976346e-06 4.4875270735420765e-07 1.0313443108627051e-07 0.00023625060497650953 4.180404671039581e-07 9.634861361556647e-05 7.706115101929135e-05 2.1999544212378233e-05 7.546675178116336e-07 5.1119043385940446e-05 6.727614340924159e-05 0.0014727327389766204 3.9784630252050524e-05 1.0967771537560555e-07 1.474074487623381e-07 0.0 0.0 0.0 0.0 0.0 0.0 0.0 0.0 7.147409573934797e-07 0.0 0.0 0.0 0.0 0.0 0.0 0.0 0.0 0.0 0.0 0.0 0.0 0.0 0.0 1.5211748513166783e-07 0.0 0.0 0.0 3.596647756057706e-07 0.0 0.0 0.0 0.0 0.0 0.0 1.2770219014875657e-06 0.0 0.0 0.0 0.0 0.0 0.0 1.9396226510419933e-07 0.0
2.820550145762748e-06 3.264990983346701e-07 3.124134114505869e-05 3.1052202520911886e-05 0.00027443511773024624 0.0 0.0014626444572687807 0.004703533781696401 1.1138768990624613e-05 0.0029027754316780213 5.82769432598867e-05 0.0022353618743807236 2.0541677111430844e-05 0.00023745566259227203 0.0011894403336699616 7.612168049279947e-08 1.0106554912140778e-05 1.5738553449785703e-05 1.739993967866084e-05 7.08900765206252e-05 9.047303371506042e-06 4.2816333904733223e-07 4.886483232714813e-05 4.39888242956204e-05 7.394447010126569e-07 2.917175538132497e-05 2.164134517452619e-05 0.00039545943798626105 0.0002896958046456976 2.3442950710679795e-05 1.3500977774889967e-06 0.00047558466814518494 8.39968381409685e-06 0.0002593120179910817 2.054705233637184e-06 0.00017481859707579877 6.28315952153425e-06 0.00030088345270092725 8.728149941296006e-05 0.001705531197224765 0.00010426229028919263 3.7356348708077056e-06 5.5013588875130555e-06 0.0 1.3051358110570565e-07 2.8552806533119064e-07 3.202578726310182e-07 0.0 4.678539444166765e-07 6.4146320675379726e-06 1.5087854123377923e-07 3.871972242088112e-06 4.107468893197465e-06 0.0 5.300843587751246e-07 7.343840715350276e-08 2.958406806968151e-07 0.0 2.0827117925695355e-07 0.0 6.103071822825178e-08 0.0 1.0481315860831987e-06 1.837875795396157e-07 3.5222506592766134e-07 6.341091496421688e-07 6.030854597383077e-06 0.0 6.993795250320484e-08 8.023640931028119e-07 9.29068504740445e-06 1.36846182103132e-07 1.3306145520016576e-07 0.0 0.0 0.0 0.0 7.09607028713434e-08 2.463044407871037e-06 2.270931713740221e-07 3.4987206880744573e-07 9.781059382171879e-07 3.354553944924261e-06 0.0 0.0 0.0
0.0007081301216689725 1.4909208445702116e-07 0.0005095510650438587 1.3948912455804667e-05 1.9096621453514512e-06 0.0014626444572687807 0.0 0.0035644383182272974 0.00012675303964112075 0.0047279194981379 1.534186262859017e-05 4.658493700664713e-05 4.9860590860416355e-06 0.005561183448425019 1.3092254468019499e-05 4.465174105562478e-06 6.38907548301426e-05 7.034622577673267e-06 2.077769074454822e-05 2.3552710413178826e-05 0.0004148040539526068 4.1157925396797225e-06 0.0010271503981019654 0.0004052228261467497 8.196895654714157e-07 8.597258255010171e-05 0.00013156023028810103 0.006892072650558115 0.0011895506048876948 0.0026563526626285252 2.938308540419877e-07 1.1866436425111712e-05 0.0002173537684723629 0.00047179789872599335 3.59716284159737e-05 0.0009180905722422064 2.3997486776437203e-05 0.0006921079384283776 0.00029422577411613806 0.00010673466769741999 2.294746012249131e-05 9.40138545036722e-07 1.1812429212505582e-05 2.506357856985871e-07 9.117806492829876e-08 1.654173279247722e-06 6.878584879466292e-06 0.0 3.271716520805095e-06 0.00014063697557996013 2.1237386088835366e-06 8.102796695287276e-05 3.710382452378699e-05 7.949427299571823e-07 4.991256249650949e-06 7.741368880208244e-08 3.145732181349992e-06 1.2698186635939797e-06 3.7952284842359254e-06 9.85125908787512e-07 1.6466059744828413e-07 0.0 4.831464553413388e-06 4.462011909973637e-06 3.4471184262596174e-06 6.133232025137085e-06 0.00023295113207895553 0.0 4.2296766769349016e-07 1.2327590755783173e-05 0.0003112526372451664 5.3966418301571005e-06 1.3802702882524264e-05 0.0 0.0 8.11511527386314e-07 3.8124585874749137e-06 3.858803797460045e-06 0.00010685795810525801 8.136578785142139e-07 2.44105612781145e-05 8.122723656702586e-06 3.6837747684963354e-05 1.6580320442368815e-06 1.1470528439204806e-06 1.0861699700579395e-07
0.00031682575327499367 6.674175377269855e-08 0.00048269709609250177 1.5092293337111048e-05 4.9967352950065934e-05 0.004703533781696401 0.0035644383182272974 0.0 5.669764640533129e-06 0.002116651972611347 0.0001515891566987986 0.0009267827548912384 6.419226547313861e-05 0.00448364709370259 4.916723982534112e-05 1.1037829309968297e-06 0.00027624396704148575 4.190613650470036e-05 0.000152135439350667 0.00011274730625982281 0.00023124911294574715 3.214005877828707e-07 0.0007212998053858174 3.6568030607234974e-05 2.3298420383588882e-06 0.00013386430336355805 6.568091375267557e-05 0.0001966483862850868 0.0010029123953065296 0.0006870162891851379 3.840407696986265e-06 0.0006738644164066207 2.3050861850820594e-05 0.0005781283337816992 1.1266563184842749e-05 0.000476569161612923 3.143407242013154e-05 0.0006099893841491515 0.0002360804419164021 0.0008361711041118092 6.899330304856211e-05 9.174654829462493e-06 1.039282516932355e-05 0.0 0.0 1.744059756016337e-06 4.900615406351003e-07 0.0 0.0 8.314473216018117e-06 3.95658991732617e-07 5.616612736606762e-06 3.05041446935249e-06 3.3973259371096147e-07 4.0598108219608955e-07 5.7813883874348294e-08 0.0 0.0 4.86141965028151e-07 6.170507765150468e-08 3.149008445140246e-07 1.5901532738930954e-07 6.526698908069982e-07 8.109283838897464e-07 3.3259538208535697e-07 1.28731306990643e-06 1.2428204163714855e-05 0.0 7.382077661059536e-07 6.888910181418082e-06 1.7557768590510716e-05 4.207221757481973e-07 7.474101095956402e-08 7.605780809517458e-08 0.0 2.2751042821866057e-07 5.7556988955880393e-08 1.771619043968919e-06 9.495877042008806e-06 1.543469722748309e-06 2.525607643492688e-06 4.942795769949616e-07 4.105259814217399e-06 0.0 6.051430221485836e-07 4.87092623520307e-07
8.521047299971595e-07 0.00042437778044133263 2.189655570359399e-06 0.00027471993447747737 2.6911800751955486e-05 1.1138768990624613e-05 0.00012675303964112075 5.669764640533129e-06 0.0 0.00020990942578048141 5.991893574548043e-06 9.838314659286226e-05 2.259924636000368e-05 4.667685111089151e-06 0.00034109995920232253 5.546412622344256e-05 5.318291000089609e-07 1.2371818291057847e-07 3.873423670608948e-07 0.0002820498477117296 4.4758557643989546e-05 0.0011827599500173409 9.350485683510833e-06 0.004025974251476585 5.972854016895465e-05 1.5095056458191338e-05 0.0005187316376272975 0.0011514791296504546 2.012539344916644e-05 9.872893186169314e-05 4.559224033048253e-06 1.5827747322014004e-06 5.001936230303685e-06 1.7061918817879028e-05 2.3800370887761832e-06 8.494677145008774e-05 6.38467663261845e-06 2.5780321559407567e-05 1.304553588992023e-05 0.0001402642146834089 9.852133337091969e-07 3.3353423437378754e-06 0.0 1.3742020304117003e-07 4.3984313086597406e-07 8.678921699052171e-07 7.665592154609303e-05 0.0 2.1288708666237983e-06 0.00010655137562879508 1.3659996719429267e-06 6.281695855069756e-05 0.00027540126231363255 1.0206631180542314e-06 4.1812118455461727e-05 1.27307530591504e-06 2.1378630966796527e-06 8.340003166920707e-06 3.930333463537532e-05 3.8972999030321614e-07 6.675361792809288e-07 1.355357982855349e-07 4.790008867223252e-05 3.229845931573934e-05 3.284324783836563e-05 4.734520374708758e-06 0.0007360282214212004 3.5251831103038164e-07 1.8047676834493938e-06 5.194353880603624e-06 0.0005544913579863063 8.028958923866875e-06 4.9549771667838985e-05 1.4259214318663998e-07 3.011889919169606e-07 1.1360966656142633e-06 5.925442593273529e-06 1.5099235637957266e-06 3.398647811294342e-05 2.102058604657834e-06 1.580417119713696e-05 8.860612307115004e-06 1.8433342254114875e-05 1.1507709167457202e-06 2.2608089094071272e-07 1.8923006705086077e-07
6.534875835414769e-06 4.4388164261451616e-07 2.831444392086384e-05 0.0008349033785465887 4.583961127852823e-06 0.0029027754316780213 0.0047279194981379 0.002116651972611347 0.00020990942578048141 0.0 4.33309839520941e-05 0.003231470278843656 6.151672695273474e-06 0.0007489695323745069 3.856224575859141e-05 1.813898437310894e-07 5.307736668313435e-06 1.5666920787656055e-05 2.095069432501892e-05 0.0011821275816054388 7.639660238858676e-06 1.060282573262211e-06 6.490058144008669e-05 0.0003456141458689884 7.343769531383771e-07 3.539141335245086e-05 4.264210254571949e-05 0.0057424646621441235 0.000729835092323551 3.167554299004292e-05 1.4998823988760495e-06 2.4645699696153886e-05 2.481968317656295e-05 0.0004948784033335044 2.425715921214577e-05 0.0007194252021939272 2.1303242587403455e-05 0.0007950759789488122 0.00016266385660383443 0.0002769802352280181 3.38160213199734e-05 9.897310043432631e-07 1.2899137674299285e-05 0.0 2.2527079905052757e-07 7.722283608830533e-07 8.156718883136668e-05 0.0 7.054089610498482e-06 0.00017521842421716307 2.618007039840867e-06 0.00017707041307904724 0.0004189461513294405 1.830137895406256e-06 6.479746254487696e-05 0.0 3.937780066083714e-06 2.1863266719659606e-06 7.661094421763955e-07 0.0 5.353916691895968e-07 6.033557347312394e-08 7.706784421005998e-05 8.265539889333851e-07 1.1689185349516185e-06 1.0825978098761177e-06 0.00018510961835054647 0.0 1.9845756156480468e-07 3.302197509750319e-06 0.00037085625372059616 4.586855171411531e-06 7.626559621829625e-07 9.361082769130663e-08 5.968993296520415e-07 3.8806289464695536e-07 4.642709139505803e-06 2.6549981405743455e-06 0.00010461339177367779 2.7002539509429167e-07 1.6409218038832566e-05 2.9045134983670384e-06 0.00010330157209241216 5.902895458227628e-07 0.0 1.0169877507795891e-07
5.318678952707059e-06 6.0778457680590976e-05 5.658638166901779e-05 1.5026546956372291e-06 1.1107621996955056e-05 5.82769432598867e-05 1.534186262859017e-05 0.0001515891566987986 5.991893574548043e-06 4.33309839520941e-05 0.0 6.366964503335124e-05 0.0009850115943784328 0.00016127513013218444 3.7484864888331583e-07 1.89323457130987e-06 0.00015010241400535218 0.0011440718943779642 0.0003288266730333046 1.0258557575699339e-05 1.5624635671586788e-05 1.4795026818384478e-05 6.938311515155071e-05 9.570751998592182e-06 0.0005308999064478996 0.001278515341249713 0.0002900249562595234 1.3518420386898427e-05 0.00025662293136052096 1.2982832995606083e-05 9.515181759936615e-05 0.00010600955347823947 5.319233294224236e-07 0.0033256428405891584 4.77919168454585e-06 0.00034256465068695805 0.002601689738504445 0.002619565195578935 0.0006084208833814173 3.9807131629424605e-05 9.903724530138066e-06 0.0005424864662302747 3.750756764775473e-06 0.0 3.143288567137002e-06 2.2887973922481202e-07 1.778161381714331e-07 0.0 0.0 1.0136134327657317e-06 3.368716357258298e-07 5.676988745856788e-07 2.822478366809298e-07 0.00016444404577239157 1.3231992013416654e-07 0.0005425950931659916 4.20426578773585e-07 0.0 0.0 2.903929582181554e-07 3.198631880096689e-05 1.7967912640493394e-06 0.0 0.0 1.6867406924660054e-07 4.644935492912476e-07 2.829101749963521e-06 9.073249643816754e-05 4.085354936251343e-05 2.9446286272373576e-05 2.0240397555543466e-06 5.815257032936345e-07 0.0 8.95438479726452e-05 3.0824386387981714e-07 0.0 3.1789920397414977e-06 5.099290006574061e-06 1.1776741710415148e-05 0.0002306888318606209 2.3788369077836916e-05 2.7062276958899337e-06 9.110315273776817e-08 2.800282781074232e-07 0.00010342490911270915 0.0
1.108641792080934e-06 3.4892539642424167e-06 2.9846080700020795e-06 0.003577124774986689 8.171633782436251e-05 0.0022353618743807236 4.658493700664713e-05 0.0009267827548912384 9.838314659286226e-05 0.003231470278843656 6.366964503335124e-05 0.0 5.6041364618814905e-06 0.00035996689607417734 0.0010600227208382774 7.489037172727477e-08 6.848538523207736e-07 2.312794656731614e-05 2.3768134093643345e-05 0.0027016949988372743 5.377833442194282e-07 6.946335093691464e-06 1.516462438928928e-06 0.0006926005992076033 1.9641601796164514e-06 3.810682837751896e-05 2.6952149345401648e-05 0.0006538210413989311 0.00031982197836549845 1.7137718185677902e-06 2.09365641917644e-06 3.4065469081973744e-05 7.158951759515885e-07 0.00026647562478117467 3.1072858127976192e-06 0.00035588101560708095 6.492380176103454e-06 0.00043610134016124665 4.488251856229419e-05 0.0014765134315017242 8.511082017932897e-06 1.092789934063704e-06 1.9012309550598243e-06 0.0 0.0 0.0 4.637905782115419e-05 0.0 9.815692120426472e-07 3.41319565727996e-05 0.0 4.7602004682436604e-05 0.00016126222122410505 4.0211810122302547e-07 5.1523196353768525e-05 1.1012162998789028e-07 1.7395286744002498e-07 1.0177005707937e-06 0.0 0.0 0.0 0.0 4.713454506049164e-05 0.0 1.212657793611544e-07 8.455861282894255e-08 3.102336386777243e-05 2.0405116288174172e-07 1.9288937688394057e-07 3.251305745053532e-07 8.151848821443782e-05 1.1902266246842102e-06 1.5057962073096148e-06 0.0 1.9645069044508596e-07 0.0 3.806107688238065e-07 7.365541200661595e-07 5.344653399670348e-05 9.009793274944045e-08 1.598024327500666e-06 7.961277739737848e-07 5.046884155046275e-05 0.0 0.0 0.0
2.1748824247051415e-07 0.00036708356666316673 3.026218044300566e-06 5.055346265450788e-07 9.038128617840008e-06 2.0541677111430844e-05 4.9860590860416355e-06 6.419226547313861e-05 2.259924636000368e-05 6.151672695273474e-06 0.0009850115943784328 5.6041364618814905e-06 0.0 1.6184613635680137e-05 1.7659240030850604e-06 3.5879446082430303e-06 2.3635701558928786e-06 6.955017687980942e-05 1.155199144291236e-05 1.3818472463659726e-06 1.542051365796064e-05 7.927319867983612e-05 1.2837493450729317e-05 2.621170609850119e-05 0.0018418473612803188 0.00016605945975373406 0.0015362157539831757 1.370342141643097e-05 1.9394304345322772e-05 1.3357504457262054e-05 0.00012054629819871871 5.506212681689585e-05 0.0 0.0007451124373061484 0.00014136542204907222 0.002213183731315619 0.0030395807928622893 0.0024191086031756836 0.0005565276578472027 0.0001289948776757444 3.612683062497164e-05 0.000489459745022074 1.011163837940522e-05 6.530038952501049e-08 1.284153763208279e-05 2.9775741282502695e-07 0.0 0.0 6.831425781756674e-08 1.0803059131320368e-06 5.974882972913231e-07 1.320515797611114e-07 1.0467798344326923e-07 0.00023772606269802752 4.353222632315124e-08 0.000859828346359152 5.415434223459331e-07 0.0 1.3595873922302116e-06 1.3700117384132753e-07 5.4565639904300186e-05 2.551049015269526e-06 0.0 0.0 5.380867067176592e-07 5.295671594483413e-07 2.543736113501355e-06 0.00030840768772277826 8.599975757985576e-05 4.8432590141990776e-05 4.520522691641094e-06 2.902684828628868e-07 9.010785214341609e-07 0.00014699504795846914 1.8811281199883278e-07 0.0 4.051375381880224e-06 4.936673612710534e-05 0.00025229783912985443 0.00027120128646578967 9.698142472026723e-05 8.306988709217095e-05 7.2827484621083715e-06 0.0 0.0001505771809222414 1.7587238897522827e-06
0.003300635366560751 1.3734920258828321e-07 0.00038675565557183615 1.40631074699578e-05 1.00424802776797e-06 0.00023745566259227203 0.005561183448425019 0.00448364709370259 4.667685111089151e-06 0.0007489695323745069 0.00016127513013218444 0.00035996689607417734 1.6184613635680137e-05 0.0 1.4718168548034747e-06 8.022062713914572e-07 0.00025276029285767294 4.8087561002387817e-05 0.00015472046795990798 6.286908069693317e-05 0.00028844017698875687 4.33905451174171e-07 0.0006242683281182865 5.331554143056726e-05 1.1409536480984366e-06 0.00013959410674428742 7.191543062826696e-05 0.00018096140039372495 0.00350197092928116 0.002216632519010722 3.4752820390437126e-06 3.0666002076996704e-05 1.2994813817368292e-05 0.0007076166171812245 4.831315974993207e-06 0.0003949716235119249 2.1710856651040113e-05 0.0004967195518866149 0.00010284821423637982 0.00016047444048977047 3.555231632505996e-05 3.0616030193626636e-06 3.271955851538611e-06 0.0 0.0 1.0230009028613881e-06 2.770074121508599e-07 0.0 7.09315773284676e-08 1.312609715117339e-05 0.0 2.9133315015599624e-06 3.278852539592183e-06 2.20054318218282e-07 2.4108531687583037e-07 6.441754897326321e-08 0.0 7.050659842396201e-08 3.3771774940747756e-07 0.0 7.186923532959037e-08 1.8031674302137835e-07 9.052208970611029e-07 1.198177781985975e-06 4.785969764850619e-07 1.6874024135961542e-06 1.5317386065171283e-05 0.0 9.565665054227612e-07 4.691887514821572e-06 1.9290190028786045e-05 5.117488033073201e-07 9.354754060553655e-07 1.2185095116612995e-07 0.0 0.0 7.143361263524922e-08 6.215763478932925e-07 7.048162082007335e-06 5.551681011452104e-07 1.6353601151015337e-06 5.72188259976067e-07 2.5716863965339997e-06 0.0 1.5841654273733375e-06 0.0
0.0 1.674801658686309e-05 2.0955262587459838e-07 6.291108582434395e-05 0.0009266908029252371 0.0011894403336699616 1.3092254468019499e-05 4.916723982534112e-05 0.00034109995920232253 3.856224575859141e-05 3.7484864888331583e-07 0.0010600227208382774 1.7659240030850604e-06 1.4718168548034747e-06 0.0 3.891598859321276e-07 1.3698388975610904e-07 0.0 0.0 0.00012616532000551454 4.6441143177656337e-07 3.644300504433496e-05 6.124163284390503e-07 0.00046442631184787585 2.8621346744493267e-06 6.966191614853359e-07 3.429744107878177e-05 6.316805594959003e-05 2.937425356987422e-07 1.2532929773771268e-06 2.321280316762604e-07 0.00026998011496836877 0.0 1.2888915782271157e-05 5.301123194894577e-06 5.223514894247134e-05 4.823763216097193e-06 1.5839179761622304e-05 0.00012531266346455642 0.0008808201704371362 6.928840233424278e-05 1.935759032600572e-06 0.0 0.0 0.0 0.0 0.0 0.0 0.0 3.2331469759806963e-07 0.0 2.2307500066122749e-07 2.5989380142476373e-07 6.065725352800028e-08 7.532518309825281e-08 0.0 0.0 0.0 2.429889519268945e-07 0.0 0.0 0.0 4.211675294935905e-07 0.0 1.1365157720829971e-07 1.5796093058070247e-07 5.485995933920319e-07 0.0 6.735689624905321e-08 2.4264771801310513e-07 2.918096060791018e-07 0.0 4.361830097095311e-07 0.0 0.0 0.0 0.0 3.478688003498038e-06 7.458004826776018e-07 2.1433038746166685e-06 0.0 8.312595099018543e-07 0.0 0.0 0.0 0.0
2.318297302904376e-07 7.866039192617508e-05 5.33165227406629e-06 0.0 2.9338111528698897e-07 7.612168049279947e-08 4.465174105562478e-06 1.1037829309968297e-06 5.546412622344256e-05 1.813898437310894e-07 1.89323457130987e-06 7.489037172727477e-08 3.5879446082430303e-06 8.022062713914572e-07 3.891598859321276e-07 0.0 1.5375427559054135e-05 3.2289555249488945e-07 5.049018986348279e-06 0.0 0.0014633134584855663 0.001130020178670373 0.002658739685853756 0.00047342210780030236 1.033532956084354e-05 2.471360535124269e-06 0.002193448462816695 0.0006893618766967383 4.3578572397582095e-06 0.00010599148631626705 1.8251383566461493e-07 0.0 2.9374029393502094e-06 7.993927320695597e-05 2.168884703221021e-05 0.000735914932099874 0.00016078166797796572 0.0002810372720050091 0.00027056965993183354 3.694029728712535e-05 9.109004986545333e-07 8.096512208662867e-06 4.295099581117053e-06 7.078413089754941e-07 1.232869336355091e-06 5.105502029465945e-06 1.2035594299035956e-06 0.0 5.9417198889793095e-08 3.248584494053951e-06 8.533729974394585e-07 2.1028897088572636e-05 1.5332087085144414e-07 7.235005597921744e-07 2.895389582802456e-07 0.0 6.029502662218953e-08 4.277625935989949e-07 0.0010649048573553668 9.283243536395303e-07 6.664534151304457e-08 7.792297965779734e-07 3.4946597731766196e-07 0.0002898184937808253 0.00046276072654732447 0.0006924338486942939 0.00019470180102596803 0.0 7.454002877701186e-07 0.00027521857955851206 0.00018645710106381035 1.0087608980721378e-06 4.737952498546378e-05 0.0 0.0 3.6279401118298286e-07 6.800821819370262e-06 6.740538470009336e-06 0.00013385568929228758 6.30328089148115e-06 2.2262329840710373e-05 2.6550064638827766e-05 4.14336809756332e-06 0.0 7.903240061006523e-06 9.43612737922444e-07
3.141200101033479e-05 3.3584943734733656e-06 0.00442113155118879 0.0 5.995255640613255e-08 1.0106554912140778e-05 6.38907548301426e-05 0.00027624396704148575 5.318291000089609e-07 5.307736668313435e-06 0.00015010241400535218 6.848538523207736e-07 2.3635701558928786e-06 0.00025276029285767294 1.3698388975610904e-07 1.5375427559054135e-05 0.0 3.325808304696153e-05 0.002653584307102389 1.9279163656521005e-07 0.00047082307963257526 9.213896830963681e-07 0.0018991234285944834 1.2240746181426895e-05 8.022835789176311e-07 0.0012691942207199113 0.001874815125783835 7.941625671580542e-05 0.0002034163944980618 0.0002893132537322714 1.5749428925563818e-07 1.577652422830949e-06 9.274717421270186e-06 0.0007348914356764395 1.558916759383164e-06 0.0001455487914840237 0.0006846506525548343 0.00027691046777898303 0.00011149034760758768 7.967181759168697e-06 3.9063474141507414e-07 7.027753769201696e-07 2.583541608054087e-07 8.00664650756752e-08 1.1325839464591257e-05 4.465906880750807e-05 0.0 0.0 0.0 2.5460659058075236e-07 0.0 1.274079511749164e-07 0.0 5.738838147310124e-07 0.0 3.0693532485701e-07 1.5257775177316456e-07 0.0 1.9796482122276745e-06 1.8665737148396636e-05 1.5353592901141638e-06 1.0326232394803406e-05 0.0 2.5541007646362527e-06 1.8683073950316492e-06 4.626514531172783e-06 2.671954813352036e-06 3.017067707604319e-07 0.00017304718237907266 0.0003239506877960999 1.9848740474251244e-06 0.0 1.1883641546352143e-06 7.300469203492616e-08 6.406498550822424e-08 0.0 6.592669542449764e-06 0.0 1.2563746327025347e-05 0.00014987774540140935 1.448967518707372e-05 3.153590910569332e-06 6.23152082743696e-07 0.0 1.269250978705063e-07 2.792623502181666e-07
2.422159162654599e-06 2.6427301538053396e-06 6.464664573182906e-05 8.281709322496083e-07 4.2952764689274424e-07 1.5738553449785703e-05 7.034622577673267e-06 4.190613650470036e-05 1.2371818291057847e-07 1.5666920787656055e-05 0.0011440718943779642 2.312794656731614e-05 6.955017687980942e-05 4.8087561002387817e-05 0.0 3.2289555249488945e-07 3.325808304696153e-05 0.0 0.0002064018223716879 2.9274032147030277e-06 2.103326669269293e-06 5.134324441650221e-07 2.052259978909036e-05 2.4668077361203006e-06 1.6848866403798327e-05 0.002295374341304156 0.0005817006563344384 5.8354551212341195e-06 6.960007194824249e-05 3.5403781682534395e-06 4.714719104667898e-05 1.909889300439354e-05 1.2268684603684656e-07 0.0004931232676517169 5.4306312469363875e-06 0.0003633492748898937 0.0009166661358218532 0.0009315794385867607 0.0003206146694123404 1.5332852684640887e-05 1.567095676401909e-06 4.432219818593645e-05 9.038121982373933e-07 0.0 1.469931252380018e-06 4.2345138544362646e-07 0.0 0.0 0.0 2.0534547959916507e-07 0.0 1.8811179301532312e-07 4.4172172113750665e-07 4.5899208340080745e-05 0.0 8.41176544037227e-05 6.180329124219708e-08 0.0 6.79021441835339e-08 4.355812830445028e-07 5.222502084521917e-05 1.1798709270821413e-05 0.0 0.0 1.270424838049588e-07 3.0838119001764125e-07 4.0601504187400416e-07 6.986599010090904e-06 7.929859742333125e-05 4.762322065799164e-05 3.341445799007576e-07 1.2217139974804432e-07 0.0 4.5102303946134804e-05 0.0 0.0 7.969643256300814e-07 1.870424379151386e-06 5.586224818041624e-06 0.00011733396318340472 1.7793835872385488e-06 5.663603986966327e-07 2.5896896040105637e-07 0.0 3.751602405185159e-07 0.0
1.7986898384709263e-05 1.5614110909649613e-06 0.0005931368471301154 5.945579325241966e-07 2.5781536482338737e-07 1.739993967866084e-05 2.077769074454822e-05 0.000152135439350667 3.873423670608948e-07 2.095069432501892e-05 0.0003288266730333046 2.3768134093643345e-05 1.155199144291236e-05 0.00015472046795990798 0.0 5.049018986348279e-06 0.002653584307102389 0.0002064018223716879 0.0 3.423706367386239e-06 5.655523267601566e-05 1.1675376287824024e-06 0.000391355117365764 3.176493902666782e-06 5.921595573155913e-06 0.0017802668673054108 0.0006300479287691785 1.6922076906355675e-05 0.00016464078992525818 6.530886530911126e-05 5.0091522368816285e-06 1.2968819021642362e-05 5.3517170686965275e-06 0.002038592516087773 5.187379049553986e-06 0.0005175393021945082 0.0009848051463924815 0.0009148516169346591 0.00037646534122534955 1.98846123012829e-05 8.737123719057588e-07 1.652669903816839e-05 9.81221622762513e-07 0.0 1.0459648601144113e-05 2.9976253042383405e-06 0.0 0.0 0.0 6.229460355852911e-07 0.0 6.933103626623581e-07 0.0 4.660252775760896e-06 0.0 1.210060905444408e-05 0.0 0.0 3.3496035105448474e-07 5.899847750989801e-06 1.9825165682262578e-05 3.760418514807305e-05 0.0 9.641277397503365e-07 4.87446978657773e-07 6.469394559414219e-07 1.1866372818325902e-06 1.908445396942712e-06 0.00024604890190870984 0.00024154736937044072 9.774413484794325e-07 0.0 6.460905992141178e-07 4.630688785046869e-06 0.0 0.0 3.0549774919966954e-06 4.1518577079663985e-06 1.73455629130921e-05 0.0001753795069993125 6.394827896050229e-06 6.564848829689932e-07 6.578715746464776e-07 0.0 3.6772793899540105e-07 0.0
9.455591702809134e-07 0.0 2.2079330920602103e-06 0.0011955251120054017 7.052667582790955e-06 7.08900765206252e-05 2.3552710413178826e-05 0.00011274730625982281 0.0002820498477117296 0.0011821275816054388 1.0258557575699339e-05 0.0027016949988372743 1.3818472463659726e-06 6.286908069693317e-05 0.00012616532000551454 0.0 1.9279163656521005e-07 2.9274032147030277e-06 3.423706367386239e-06 0.0 3.755200624300716e-07 3.116301778891152e-07 1.1371842494118675e-06 0.00023510622472350406 0.0 7.670562483313681e-06 4.8034696717422995e-06 0.001081904957428225 0.00010282677447079717 6.841544964110463e-07 2.3209475293045417e-07 4.434183929108681e-06 2.461464804746741e-06 6.897390292093852e-05 3.967242844208189e-06 0.00023683440163184828 4.162547873624925e-06 0.0001273603599364419 2.3702891158368634e-05 0.0003427959921261458 6.356899538148003e-06 3.6766727325678287e-07 1.8143794168446793e-06 0.0 0.0 0.0 6.268651397554148e-05 0.0 3.1302563910288027e-06 7.629237342916124e-05 6.319966181423174e-07 0.00013457307462296268 0.0003057784062727006 3.1059118656579645e-07 5.6255464630041746e-05 1.4513850570840567e-07 1.6291816413965766e-06 1.6297335537729687e-06 0.0 0.0 1.1157761254403219e-07 1.5420733338249124e-07 5.307667908175478e-05 5.474423130540886e-07 4.893096032445522e-07 7.326149423072399e-07 9.294741151830849e-05 0.0 7.489522035023071e-08 4.847413987552955e-07 0.0001995850255614921 3.2306040277780835e-06 1.617862236518261e-07 0.0 0.0 0.0 1.6961948311273054e-06 6.524072152095677e-07 4.857149441965953e-05 0.0 5.624529069784886e-06 1.5458259313568374e-06 5.4083302094471966e-05 1.2229911556745976e-06 0.0 0.0
4.4499572418486785e-05 1.1707666523039756e-06 0.0001295288939634905 4.278104616774206e-07 1.7136233125871942e-07 9.047303371506042e-06 0.0004148040539526068 0.00023124911294574715 4.4758557643989546e-05 7.639660238858676e-06 1.5624635671586788e-05 5.377833442194282e-07 1.542051365796064e-05 0.00028844017698875687 4.6441143177656337e-07 0.0014633134584855663 0.00047082307963257526 2.103326669269293e-06 5.655523267601566e-05 3.755200624300716e-07 0.0 0.00020467118616837498 0.0050292961794623095 0.00010319919481436666 2.526084348125039e-05 1.9384487158773685e-05 0.0004587166461118537 0.0021229010958187145 0.00028862681684318993 0.003265005706137185 1.3289270959924264e-07 2.24330691625537e-06 2.5058911142453867e-05 0.001914121670347657 9.736958884682096e-05 0.0034215145193207354 0.0005714724846828009 0.0025681015762451004 0.0014605415108783623 0.00016098782886169144 7.746214460701586e-06 9.244171526455911e-06 1.7256404034013137e-05 0.0 0.0 3.3300724024911653e-06 7.888895429308569e-07 0.0 0.0 4.234704471962853e-06 2.3493986113417e-07 8.221690136158751e-06 0.0 1.6218856760036106e-07 0.0 0.0 0.0 8.797267168260735e-07 0.000348202965628109 3.1697694518021783e-06 0.0 5.610230982935585e-07 5.669461307010733e-07 0.00031541747192544715 0.00011498631953210782 8.127312654250608e-05 0.00017498250170338618 0.0 2.0998430399201685e-06 1.8846972203220373e-05 0.00017986545290020586 4.7079180909560646e-07 6.192101415111567e-05 2.0501532894203302e-07 0.0 0.0 5.91979808624486e-06 1.3190505413391728e-05 0.00017913279809680919 5.200893663646302e-06 1.3778118065388069e-05 9.32182972783656e-06 6.694001555903829e-06 0.0 9.71685488285033e-06 4.178655568942668e-06
0.0 0.000939200612576496 8.990059239463465e-06 2.8794867273166847e-07 1.8975613250003935e-06 4.2816333904733223e-07 4.1157925396797225e-06 3.214005877828707e-07 0.0011827599500173409 1.060282573262211e-06 1.4795026818384478e-05 6.946335093691464e-06 7.927319867983612e-05 4.33905451174171e-07 3.644300504433496e-05 0.001130020178670373 9.213896830963681e-07 5.134324441650221e-07 1.1675376287824024e-06 3.116301778891152e-07 0.00020467118616837498 0.0 0.0004776617572205533 0.0031243512436556534 0.0002678540781170334 3.1883360388415975e-05 0.0026426250692040123 0.00021058533283685468 1.3560403637554244e-06 1.718899686952071e-05 1.991783585778321e-05 0.0 1.926801660473499e-06 9.887869774537395e-06 9.319335352791014e-07 0.0001170139658856231 1.3083864621414248e-05 6.826912155183223e-05 7.742414090228556e-05 8.475586288056051e-05 8.152493086082499e-07 1.203509436930647e-05 2.643942140518626e-06 0.0 6.43733015219317e-06 2.044956656068786e-05 1.786635702535459e-07 0.0 5.932722409468124e-08 2.53089979954577e-06 1.696300158285342e-07 3.2124097971132502e-06 8.758976327499495e-07 9.379561286536077e-07 1.5687813262507954e-07 4.750540949351077e-06 9.142104661694982e-08 1.201078992234391e-06 0.0006172742267624221 1.1218372470159667e-06 2.9910808271104897e-07 4.6523794813554647e-07 3.629417396453559e-07 0.00012274781833013408 0.00011593557268180768 0.0002465011682692069 8.504171087773787e-05 8.753440832389138e-07 2.416818728032104e-06 0.0008012742332051229 6.273019213382527e-05 0.0 1.194167774248661e-05 8.800263607588899e-07 0.0 0.0 2.146877044123389e-06 1.7472142633504499e-06 4.7333943592961303e-05 7.363016183671164e-06 1.8440505036914334e-05 2.3596427379763492e-05 3.140444328208318e-06 0.0 1.845559587844624e-06 7.143531738017297e-07
6.550742246061893e-05 6.8569906968327756e-06 0.0038638721658035254 5.288226717448169e-06 3.268174365099792e-07 4.886483232714813e-05 0.0010271503981019654 0.0007212998053858174 9.350485683510833e-06 6.490058144008669e-05 6.938311515155071e-05 1.516462438928928e-06 1.2837493450729317e-05 0.0006242683281182865 6.124163284390503e-07 0.002658739685853756 0.0018991234285944834 2.052259978909036e-05 0.000391355117365764 1.1371842494118675e-06 0.0050292961794623095 0.0004776617572205533 0.0 0.00042141718648043244 2.6892498852410504e-06 0.0005341616530553619 0.004774103070530922 0.002280176636928797 0.00032029064976166725 0.00202382240487948 1.8591852035292135e-07 4.543915930710032e-06 1.9466942309538944e-05 0.0022021448866586077 0.00014195170450743887 0.0046743757801729745 0.002753098803930849 0.0051661696650257515 0.003830758352803393 0.0004100878087525563 1.2976959738852758e-05 9.557460894427802e-06 5.255547275444284e-05 5.9517300739027094e-08 5.679369796414007e-06 0.00013701282602400527 4.979666698239235e-07 0.0 3.331203227892303e-07 9.291349173528852e-06 5.076719178954234e-07 3.1968081309381293e-06 1.3004519108903537e-06 3.778376655685699e-07 1.485709106116196e-07 3.3137911660719066e-07 1.364078743148033e-07 3.7197298566222713e-07 0.001226749759240207 2.0930785685989557e-06 5.063342823055748e-07 1.0484013607600563e-06 9.706980826396936e-08 0.00014525469723481767 0.00037061553013803696 0.00155640761000878 8.615572045279972e-05 3.754353757247374e-07 5.5525631276079915e-06 0.0012560730574241107 8.220688235352258e-05 4.266993639902022e-07 1.0377840398662769e-05 8.419457976278766e-08 1.6938366811378727e-07 7.773639266977422e-08 1.0355270821833121e-05 1.7436295865740294e-05 0.0001722880288225795 1.2255888372966658e-05 8.324703289373083e-05 8.646390203312345e-05 8.666742402482956e-06 0.0 3.1059904143157118e-06 1.7886558300994143e-06
1.19804676485316e-05 0.0005677132719775419 5.2018598512539736e-05 0.0005637392475034892 1.645383224212936e-05 4.39888242956204e-05 0.0004052228261467497 3.6568030607234974e-05 0.004025974251476585 0.0003456141458689884 9.570751998592182e-06 0.0006926005992076033 2.621170609850119e-05 5.331554143056726e-05 0.00046442631184787585 0.00047342210780030236 1.2240746181426895e-05 2.4668077361203006e-06 3.176493902666782e-06 0.00023510622472350406 0.00010319919481436666 0.0031243512436556534 0.00042141718648043244 0.0 6.533804968741887e-05 2.425628388116444e-05 0.002044560860847168 0.0039055440011807265 0.0002287144817106872 0.0005185351874680761 5.558727789498552e-06 3.199890280784445e-06 5.319715931658679e-05 0.00020610406020682607 2.2771370562534846e-05 0.0009449588847821318 3.864942269059754e-05 0.0004338526853973845 0.00020204825298073323 0.00045548546620385487 1.6703908451343356e-05 6.430117130126169e-06 9.372770780427662e-06 1.469726079325951e-06 2.413084361129322e-06 8.967700027191552e-06 7.615514901100375e-05 0.0 9.077768143642614e-06 0.00043119065196768207 8.397237654839736e-06 0.0006946698464031993 0.0003516586184082893 3.675423719567487e-06 5.3316599526624054e-05 1.4847186927792453e-06 1.1422337927352562e-05 7.49131475058006e-06 7.874855773096962e-05 3.125956386862735e-06 1.295717583113187e-06 1.521182824500443e-06 5.5723196019747324e-05 6.291120180012114e-05 6.520191523390672e-05 3.507678593839814e-05 0.001013980394250444 2.995475640206708e-07 4.068761336473828e-06 5.060220500629693e-05 0.0012184648730362037 2.5254470854967045e-05 6.9865508817129e-05 2.702277768096453e-07 1.698647384385207e-06 2.5193477235465435e-06 2.52911957498806e-05 7.769708583967287e-06 0.0002032621340133404 3.0060189611658103e-06 7.723168830712933e-05 3.035872575969119e-05 0.00014124901032080666 8.395843801301848e-06 2.515326181978347e-06 2.6011548442634047e-06
