0.0 0.0 0.00013083039213889684 1.600095725954933e-06 0.0 3.556054214394157e-06 0.0017662106460022565 8.489988513463013e-05 1.706672198537342e-06 1.6519815974944804e-05 1.0352860921461763e-06 1.5766865149346287e-06 0.0 0.002092017591092646 0.0 3.2352319796503426e-06 0.00012888532710289034 1.2737067183839132e-06 1.3399550462788988e-05 3.2225182674305514e-06 0.00015136673995369402 3.2465045088377753e-07 0.0003058183940197206 1.83664738277481e-05 0.0 2.685749812593239e-05 4.159010776220831e-05 7.77132564385235e-05 0.0018839952296246358 0.0014295167860728175 0.0 2.5091766430891254e-06 3.360576044549681e-05 7.00435226391714e-05 1.2025723810666168e-06 2.9872489918777098e-05 2.428714034041328e-06 4.695218616513456e-05 1.1681016695574694e-05 2.5253078956720755e-06 5.908470805922926e-07 0.0 4.5472960287805424e-07 0.0 0.0 1.0978013600687493e-07 6.824218101784996e-07 0.0 9.619669562186684e-08 6.527626153674114e-07 1.809226910733221e-07 4.823268873148562e-07 0.0 0.0 0.0 0.0 1.460332580288291e-07 0.0 5.137699762940137e-07 0.0 0.0 0.0 0.0 3.0923594176335597e-07 2.1100467282417683e-07 9.349064072258467e-08 4.290069336871398e-06 0.0 0.0 7.887427009342741e-07 2.672706687324909e-06 1.7669194508545042e-07 2.254594970202748e-07 0.0 0.0 0.0 2.1204006007704187e-07 0.0 1.3479510617334415e-06 0.0 3.164781261538073e-07 4.471778920896092e-08 1.533541763185758e-07 1.02103575155545e-07 4.288828917911217e-08 0.0
0.0 0.0 6.782668557274859e-06 2.07855063591459e-07 0.0 1.4286967408653828e-07 1.0930937729493628e-06 1.84412414572539e-07 0.00034573463645773856 1.6624452478495492e-07 1.6675410582220938e-05 2.9705396024979144e-07 0.00016614609506909178 1.550135228248331e-07 2.2062958072894567e-06 0.00016863999987966666 1.6691299358283744e-05 4.748606796737195e-06 1.3187053070229637e-05 0.0 6.126078795511277e-06 0.0014793052606271756 1.3536392686254142e-05 0.00035716723671253703 0.0012398345425555521 0.00019459399508415186 0.00628828810441521 3.584347490775875e-05 1.052525523700208e-06 1.6053603245102255e-06 6.209956344273008e-06 1.1060799674357395e-07 0.0 3.214284759403543e-06 4.315862742209237e-07 1.8807776872137656e-05 2.452783932815313e-05 1.9252074197448934e-05 3.2804936598686668e-06 2.9949629797758057e-06 0.0 2.682352170976667e-05 1.6123156550231103e-07 3.866478569693213e-08 2.16027728787237e-05 6.120094638139472e-05 0.0 0.0 0.0 0.0 0.0 1.03571204673718e-06 0.0 3.0422931286916805e-06 3.198750465438205e-07 7.435064363921076e-06 2.1829137821255897e-07 0.0 4.902462648875382e-06 6.1395190263082756e-06 2.115112592592084e-06 1.2147478284490029e-05 0.0 4.109144241709548e-07 4.695217017945786e-06 2.942184179671742e-06 7.353760558249276e-07 1.4139300995831654e-05 0.00014049368693411687 0.0008616471491299457 8.322457601541812e-07 0.0 3.08522793093579e-07 6.772077163823641e-07 0.0 6.363614017868192e-08 4.203884365864468e-06 1.7589669452443063e-07 8.270700142160786e-06 4.9569080531114494e-06 1.3362750168706036e-05 3.54188614957529e-06 0.0 0.0 4.4412226533027873e-07 2.477474010829281e-07
0.00013083039213889684 6.782668557274859e-06 0.0 9.986563711682994e-08 0.0 1.3524779944519865e-06 0.00029762599536978143 0.0001887237544720042 1.7097964930202597e-07 5.796173823587958e-06 1.57013009679682e-06 6.418568911211584e-07 9.764287961196535e-08 0.0003335895532048645 0.0 3.0808364512177425e-06 0.0016961413878410928 3.621205448207383e-06 7.551804335649818e-05 3.939499640223383e-07 0.0004354182775979019 3.2711904798671745e-06 0.004695677823398576 3.6142425879077873e-06 0.0 0.0020573436676124377 0.005655660095134252 4.87684852919553e-05 7.934445378783628e-05 0.00018254677042113494 5.163279831881202e-07 1.1300404820717025e-06 6.599756974346272e-06 0.0002319232978327591 1.048395977365326e-05 0.0009607744760273625 0.001523756904962372 0.0004923426470884374 0.0002176324486149352 2.4102131405704684e-05 2.0741270449826328e-06 2.648480936708066e-06 3.891431659150171e-06 3.047138058818269e-07 2.791186205537404e-05 0.00020941672112462077 0.0 0.0 0.0 1.313723248215934e-07 1.7505380823443095e-07 1.7177366001864764e-07 0.0 6.183085718273909e-07 0.0 3.7541947833850526e-08 1.7019159588653682e-07 0.0 8.91991720323093e-06 1.7717327974570554e-05 0.0 7.197195472220529e-06 0.0 1.0033398871622978e-06 1.44151746753279e-05 1.5835777322620825e-05 1.9424054714921374e-06 0.0 3.660914174949523e-05 0.0007314348955189728 1.3002625108461946e-06 3.32334983783387e-07 4.871384777231773e-07 7.00223972328725e-08 0.0 0.0 3.039286180945031e-06 2.6718738180704434e-06 2.036309250292261e-05 3.866815172327255e-06 1.2020208907182962e-05 8.723655686465663e-06 4.235225076960457e-07 0.0 0.0 3.4377945822076714e-07
1.600095725954933e-06 2.07855063591459e-07 9.986563711682994e-08 0.0 3.619578375455611e-07 2.04718831107993e-05 0.00010338002585748276 5.86267624096028e-05 0.00023851309584769757 0.00286037231114081 1.2039371775880068e-06 0.0005126550312803704 2.0031349457899026e-06 5.2011287893801166e-05 2.030858075945122e-05 0.0 3.9744864048331434e-08 5.933709048251417e-07 3.408742722151003e-07 0.0032807511271244092 4.6107053757147125e-08 2.0956075306211026e-07 3.313225336518876e-07 0.0017686356841433585 0.0 4.7071831115535234e-07 3.2174891259105033e-07 0.0035180052375310645 4.9562671030757846e-05 4.232736920934135e-07 8.121720556460346e-08 1.746442180774776e-06 1.106626595174811e-06 2.994045493787176e-05 1.0171332430319464e-06 7.400700298308237e-05 9.633305166756738e-07 5.336627401787033e-05 3.329815834270923e-06 5.953782371356209e-05 9.025034832558332e-06 0.0 4.658624900541301e-06 7.162149372740284e-07 0.0 0.0 9.445657916123154e-05 1.5816888523795935e-07 6.979372244888657e-06 6.45815858643141e-05 8.422745640037043e-06 4.362668393096542e-05 2.898681623949621e-05 2.3314325879714884e-07 4.842859103735665e-05 0.0 7.064659092269642e-06 2.7794643397300235e-06 0.0 0.0 1.80712076286201e-07 2.1002618233314367e-07 9.057121668027077e-05 0.0 8.830398604378506e-08 0.0 0.0002561687509681339 0.0 4.110597883666102e-08 1.4235310501409496e-07 0.00019447262184358035 6.944887091838281e-06 8.111784677814462e-07 4.7317013369278724e-08 4.103026290007126e-07 2.9276395121169394e-07 5.6862507955141935e-06 1.352863170258334e-07 3.364288953648612e-05 2.5566932638464783e-07 1.1699649285090727e-05 1.8589806039062185e-06 6.101448010787641e-05 2.3045323795874486e-06 3.700910920569362e-07 4.4581709482240604e-07
0.0 0.0 0.0 3.619578375455611e-07 0.0 0.0001481939909757718 1.7607439295478643e-07 2.4950539323831447e-05 1.3160430870491785e-05 2.3401750143237998e-06 1.6944318426547038e-05 3.29273658540442e-05 8.763505219085287e-08 2.9490528204911092e-05 0.00034185086155594946 0.0 5.322678763722549e-07 4.453022263779953e-06 6.19357289675544e-06 8.035163843814727e-07 0.0 3.575168736719763e-07 2.807857729010876e-07 2.4526685951561716e-06 0.0 2.2886586706580917e-06 1.2224487310746812e-06 1.2690454780089337e-06 1.3421103135343531e-06 0.0 7.546900343380717e-08 1.3268030120202326e-05 0.0 0.0002592843790445492 8.365870942143457e-07 5.859832228045615e-06 2.374408429821179e-06 5.808654018675383e-05 3.3621842289524493e-06 0.0007545456616172534 3.284530699825398e-05 3.660740642471945e-06 9.575114014933252e-07 0.0 0.0 0.0 0.0 0.0 0.0 1.1310633990603313e-07 0.0 1.1099028083966356e-07 0.0 0.0 0.0 0.0 0.0 0.0 0.0 0.0 1.2312794925603473e-07 0.0 8.106547960638074e-08 0.0 0.0 0.0 8.838078079620176e-08 0.0 1.443373550128936e-07 0.0 2.194462894894157e-07 7.909074768134584e-08 0.0 0.0 0.0 0.0 0.0 0.0 0.0 0.0 0.0 0.0 0.0 0.0 0.0 0.0
3.556054214394157e-06 1.4286967408653828e-07 1.3524779944519865e-06 2.04718831107993e-05 0.0001481939909757718 0.0 0.00015813989005542374 0.0033697035012496437 4.542415146190419e-05 0.0049646952741671775 3.515583810792093e-05 0.001999177059204335 3.2404324918582995e-06 0.0004454960282381454 0.0004054074809348245 5.766224100726267e-08 2.1090436298634423e-06 2.025535877545503e-05 1.1688774337713647e-05 0.00018822268100319897 1.7790304399362353e-06 2.651999044327971e-07 1.7247910161908507e-06 3.3251193335528634e-05 9.242700542951441e-08 1.442602722612553e-05 6.380388749693776e-06 6.411571443188224e-05 0.00021292581515702149 1.5097041065456137e-06 9.356226328265385e-07 0.0007690618097684677 5.390310389414553e-06 0.00024269966279277138 2.508360232013042e-06 0.00011744227323612943 4.715994685691125e-06 0.00021662707603690225 1.5852538174237173e-05 0.0010454357103839684 8.131379523419935e-05 1.0138592184378857e-05 9.773060007733921e-06 0.0 0.0 0.0 3.3989723778523227e-06 0.0 2.3045806201185737e-07 4.486200299533548e-06 9.300631743252791e-07 1.6699668168110711e-06 1.247942574129873e-06 2.408660340924169e-07 4.448624864560907e-06 5.304614684443212e-07 1.0134962993504903e-06 7.206877326405301e-07 0.0 0.0 1.8340946739474978e-07 9.245809225978979e-08 2.73662794257499e-06 0.0 0.0 0.0 1.767450269821497e-05 4.3747705467749306e-08 6.436184869901285e-07 5.517317777772255e-07 1.4307230164862605e-05 8.29530024640559e-07 0.0 1.3768212354456074e-07 0.0 0.0 1.8114496720180993e-07 1.4346832237014403e-07 5.293751107346469e-06 1.781680894618285e-07 5.556233582819637e-07 1.2971413877945265e-07 4.510153265482733e-06 0.0 0.0 6.086465324729042e-08
0.0017662106460022565 1.0930937729493628e-06 0.00029762599536978143 0.00010338002585748276 1.7607439295478643e-07 0.00015813989005542374 0.0 0.0030942858995566458 7.859753938283098e-05 0.005699734395799857 8.688880967378097e-06 2.7269397082945812e-05 3.7073269263290816e-07 0.005532837339651305 4.072028267366767e-06 7.351847984864735e-06 7.474006068486334e-05 4.564742296998293e-06 1.0635270092941589e-05 4.7311403500518644e-05 0.001429789870170458 4.388444813322129e-06 0.00035807279656797084 0.000961047377264964 3.847581035257335e-07 3.891650305709783e-05 4.386318197245311e-05 0.012473235532982456 0.0013881518931141315 0.002553671534232652 4.023491632671084e-08 1.3086917341704704e-05 0.00017593059467882583 0.0004999487258097436 2.749600577019265e-05 0.0017606314791291148 1.9932305625937418e-05 0.0008766551395716593 8.349006895783046e-05 0.0003211647666123891 9.259702310320396e-05 1.1299060647948792e-06 3.6774238726469444e-05 1.4118389054449995e-06 4.754821410942511e-08 6.439315590406998e-08 1.5826242605457995e-05 0.0 2.491963837949546e-06 5.311143919748598e-05 6.651592744265093e-06 1.9978867180946833e-05 8.349678922064946e-06 9.659303002779761e-08 2.190287333322043e-06 1.483227781305229e-07 7.857961725439516e-06 6.475327778154277e-08 3.775121054797539e-06 6.948934730196605e-08 5.814407553649097e-07 1.2455716476594035e-07 9.687790366973972e-06 1.3927049878705917e-06 1.2918763923378262e-06 1.3814473216958831e-06 0.0001602144112688646 0.0 2.5759828990732683e-07 4.180859483927508e-06 0.0001086321168398068 8.690974094993123e-06 3.511972079800075e-06 0.0 2.1428123002722155e-07 1.2574773895730539e-06 5.6981877489985646e-06 7.273222874355159e-07 3.814034077377051e-05 7.590308656564529e-07 1.1494430383950616e-05 3.3693323061290706e-06 1.355344653804986e-05 2.8318944109170294e-06 2.3055449015392022e-07 5.126258871955467e-07
8.489988513463013e-05 1.84412414572539e-07 0.0001887237544720042 5.86267624096028e-05 2.4950539323831447e-05 0.0033697035012496437 0.0030942858995566458 0.0 1.226186713380555e-05 0.0029259467216264158 9.941948358947411e-05 0.00035582053468441433 8.032773918996861e-06 0.003157820183830431 2.2557248611928496e-05 3.937355616617814e-06 6.999373788940826e-05 5.203779649657606e-05 3.755147501555663e-05 0.0002093035027696874 0.00024343984863782825 5.7405921322011e-07 0.00014469823721738353 9.932288453032492e-05 4.983672608154281e-07 5.8882735554565224e-05 6.059458134594503e-05 0.0003933231872679114 0.00020974500559723565 0.0001740145018126333 1.6865947177957996e-06 0.00052571324386175 1.034021028254571e-05 0.00042586684348641917 8.93414628880626e-06 0.00026769099562063103 2.131947447420947e-05 0.0005075590085599032 4.616871947461606e-05 0.0005024552367892668 0.00016542638892655333 4.0383686533688544e-05 4.8673290065525974e-05 2.84589577714456e-07 1.298145812957559e-07 8.96484309729811e-08 6.019643510209707e-06 0.0 4.0947843865703365e-07 1.3668274383002652e-05 2.0455534246624407e-06 4.291618805947883e-06 2.8908232512573435e-06 6.344642470769765e-07 2.944199902062183e-06 1.0183666311671872e-06 1.3016476249396576e-06 1.4178512775928955e-07 4.906658618739892e-06 0.0 3.7818466020753057e-07 3.7055490348223054e-08 3.2371798886002274e-06 1.2244819133470593e-06 6.201326097378636e-07 5.679927566403588e-07 4.207903921747178e-05 1.430279167878781e-07 1.5905461873595244e-06 2.958497111039168e-06 2.7415137728246645e-05 1.4565306390215327e-06 9.347391454125133e-07 2.50273285423085e-07 0.0 1.405342495020058e-07 9.782664836585462e-07 2.5498137150424165e-07 9.873265524756418e-06 9.766856480307933e-08 3.7025027749362025e-06 1.3783450344510324e-06 2.529595803022718e-06 8.208291859957728e-07 3.942739281815476e-07 2.656218824496943e-07
1.706672198537342e-06 0.00034573463645773856 1.7097964930202597e-07 0.00023851309584769757 1.3160430870491785e-05 4.542415146190419e-05 7.859753938283098e-05 1.226186713380555e-05 0.0 6.927316569665757e-05 6.035167817379617e-06 0.0003133664268872488 4.332246805490992e-05 1.4005005798321652e-05 0.00034956822517990047 7.375924992331938e-05 2.951774444131619e-07 6.331330435347523e-07 6.750227325514952e-07 0.000254890699286877 2.1499525206909662e-05 0.001779660734809622 1.0145819793037603e-05 0.004320929159182393 0.0002172638614541332 7.875502832303693e-06 0.00016985412801120536 0.0007435433139799045 2.3469525356519357e-05 1.3900083576787424e-05 8.023468898128838e-07 7.924515064506483e-07 2.764057659017372e-06 1.4117477481536344e-05 6.089362629406751e-07 7.319476870841564e-05 1.5271194032234985e-06 2.7768036219335676e-05 2.3405457088987774e-06 0.00019349982748877328 4.147389415677977e-06 3.1349200098902214e-06 2.0769588231278973e-06 5.403323225435436e-06 3.585407700620794e-06 9.983504471230847e-07 6.85861397280866e-05 3.213088056298437e-07 5.9936984545139165e-06 6.41973369399346e-05 8.547363901159712e-06 5.4069641067568605e-05 1.6179623392237884e-05 5.871515051228502e-07 3.98523473310106e-05 4.910332561192595e-07 1.3383556156311832e-05 3.645676158813181e-06 0.00015201055351205613 2.5004923268829496e-07 1.245261762160136e-07 3.133578725052235e-07 4.007736590080676e-05 2.6000384829364737e-05 2.5634232473479813e-05 2.48996103677894e-05 0.0010151961007093743 8.155670066490616e-07 1.1480674038192252e-06 6.539508984926493e-06 0.00036215599358236684 2.7886691702086373e-05 1.9809823382351917e-05 4.5652333264101387e-08 3.1961986161859417e-07 3.861384370362383e-06 1.2830879560403024e-05 4.065968361550254e-07 9.024651336211945e-05 4.440920917512429e-06 2.6651843842847834e-05 6.022073442689489e-06 2.9349676116761607e-05 3.124605596921547e-06 4.0443779833619584e-07 1.5200652329199959e-06
1.6519815974944804e-05 1.6624452478495492e-07 5.796173823587958e-06 0.00286037231114081 2.3401750143237998e-06 0.0049646952741671775 0.005699734395799857 0.0029259467216264158 6.927316569665757e-05 0.0 1.7572620877546062e-05 0.004263878954636859 8.115542124543382e-07 0.0010298764256065289 2.8660949168616676e-05 3.95271488840229e-07 2.667176323586858e-06 1.4132484766032205e-05 8.015962683581784e-06 0.004094570074021009 1.9039049693359743e-05 1.6807951339427352e-07 3.43980681942575e-06 0.0003102898482960551 9.833986494440554e-08 6.912019000174161e-06 4.565230945001691e-06 0.0025877835675572882 0.0004663805763710356 5.835110830730546e-06 3.6883012116385055e-07 4.1114904510503375e-05 6.335373567929864e-06 0.00021054842661943885 2.516681243570454e-06 0.0003186244167543782 6.000653021464088e-06 0.0003122128207753119 2.6095176176481362e-05 0.0001804072503273213 3.79478308522734e-05 1.7125841584090414e-06 1.772790870838396e-05 4.1290235968282717e-07 6.308201289300701e-08 0.0 4.45448469313368e-05 0.0 4.032418349797137e-06 5.2291524982635886e-05 7.522057089773384e-06 1.6596767728328418e-05 1.5075522424362319e-05 2.0384646521161927e-07 2.2687211683490996e-05 7.968289056187475e-08 5.743256334791918e-06 1.8560710330849968e-06 3.680631224230494e-07 0.0 3.150959982709372e-07 6.135135643378947e-08 8.236103219783926e-05 1.3427953313443404e-07 1.0667242822279559e-07 1.779178450141277e-07 0.00014788852308367497 0.0 3.53027759987588e-07 2.1001903432778726e-07 0.00013000747954181055 4.48276030589074e-06 9.179171445192473e-07 5.143169404542784e-08 2.0295186077815797e-07 1.3301501280875735e-07 5.1668584310556875e-06 5.24133888538278e-07 2.9383449946888684e-05 9.088341805389347e-08 1.0733322571026534e-05 2.085287046950894e-06 2.4908511781505693e-05 1.5231269190408213e-06 4.0190303474454123e-07 3.170481672959339e-07
1.0352860921461763e-06 1.6675410582220938e-05 1.57013009679682e-06 1.2039371775880068e-06 1.6944318426547038e-05 3.515583810792093e-05 8.688880967378097e-06 9.941948358947411e-05 6.035167817379617e-06 1.7572620877546062e-05 0.0 1.76943977290493e-05 0.0010019820767445103 6.700201619175034e-05 9.104680308547485e-07 4.592077923236906e-07 0.00016629302025152458 0.0027529227725355044 0.0007888167510605346 7.387345614506707e-06 1.3937368899510939e-06 9.693690347983177e-06 1.0463670400480063e-05 1.0530638138637036e-05 0.0007994369892988931 0.0007911914443446063 0.0006479255572019076 6.360175120429271e-06 8.866259054449521e-05 6.860192262597383e-07 0.00016813895332266687 0.00010372822070022636 3.556197151821203e-07 0.002616046138500744 6.899660645124941e-06 0.0003263893665626733 0.003024049787209344 0.003430159475493313 0.0005041411627659903 3.4893114667932985e-05 0.00010901349513884324 0.001533429939570722 3.098729379427946e-05 0.0 4.737651939876652e-06 3.225877202465818e-07 5.736635289764854e-08 0.0 1.2393771884855842e-07 2.649516558321762e-07 0.0 2.735679544770705e-07 1.5065072584853243e-07 0.0003971370294003656 4.4800431264119945e-07 0.0008294249583778336 1.7952005283769495e-07 0.0 0.0 5.631520374487081e-07 0.00023753209466041816 2.0317762570782174e-05 3.782237568862196e-08 0.0 5.622243654579447e-07 0.0 1.4613670111977633e-06 0.00018043824969942644 0.0008398370248328374 0.0004809456909369105 1.1080819078972922e-06 1.7299249132225008e-07 2.3756650952789922e-07 0.00024237589126304543 0.0 4.931818648810937e-08 4.9689514479934e-06 3.5538107083956907e-06 5.084471685562338e-06 0.0003949846391282371 1.0237749598183381e-05 1.4476187735681642e-06 1.304475332010481e-07 3.524601531740967e-07 0.0003282586009405731 9.405920765948185e-08
1.5766865149346287e-06 2.9705396024979144e-07 6.418568911211584e-07 0.0005126550312803704 3.29273658540442e-05 0.001999177059204335 2.7269397082945812e-05 0.00035582053468441433 0.0003133664268872488 0.004263878954636859 1.76943977290493e-05 0.0 8.329159376315251e-07 0.0003410644140715971 0.0004199344428463391 5.325874840660103e-08 9.54864966855536e-07 1.4138992202756258e-05 6.307353776274292e-06 0.0035219232691370136 5.722511515363099e-07 2.172736247222468e-06 9.751248559241412e-07 0.00020572732037890188 5.144377799229367e-07 7.724358684294826e-06 3.623963172109952e-06 0.00019039782641361752 0.0002600924348697136 5.028048982772131e-07 5.709693584393611e-07 4.534339892960793e-05 4.5681726270368215e-07 0.00016633648530270967 1.4907762299421025e-06 0.0003022067731111428 3.5715370585969854e-06 0.0002145775234317634 1.6804105640725375e-05 0.0010823144539844716 2.639506039153101e-05 3.0022668728851585e-06 8.710355516505508e-06 3.308901530380889e-07 4.0005409032571674e-08 8.012384046607163e-08 3.707397379731004e-05 4.2233893257750876e-07 7.127830884261122e-06 8.923592213537421e-06 1.4953171411502335e-06 9.637909491469815e-06 1.6177887954061704e-05 0.0 8.910624259883747e-05 5.9145529608983646e-08 1.0156015362384698e-06 6.905817410005046e-06 0.0 0.0 1.1822494678344437e-07 0.0 3.100336025365257e-05 0.0 4.726663713057735e-08 0.0 7.59054926311204e-05 4.5115639400268674e-08 4.1159989936256463e-07 2.3989002329018e-07 4.513944512713555e-05 1.5899787128465024e-06 0.0 0.0 0.0 6.24944589487566e-08 7.168191497373723e-07 0.0 3.405193515982781e-05 4.408388474028967e-08 2.222628791628017e-06 8.216348845138548e-07 8.327257234255718e-05 9.198625586602823e-08 1.046923967189613e-07 9.10481472582431e-08
0.0 0.00016614609506909178 9.764287961196535e-08 2.0031349457899026e-06 8.763505219085287e-08 3.2404324918582995e-06 3.7073269263290816e-07 8.032773918996861e-06 4.332246805490992e-05 8.115542124543382e-07 0.0010019820767445103 8.329159376315251e-07 0.0 4.159666007147154e-06 1.1444977783965694e-06 3.471584379111387e-06 3.616884548899707e-07 1.725559926862434e-05 2.9735801734638367e-06 0.0 8.987873131393343e-07 9.228083943631472e-05 2.2508831482356737e-07 3.928593399627298e-05 0.002899468110458832 0.00010997542994604787 0.003056522768602195 5.4195761112898615e-06 2.941661653298166e-06 1.098366339772921e-06 0.0004984343764466097 5.023277082504603e-06 0.0 0.00014720121232133376 2.4986441951670082e-06 0.0005996796555620715 0.00105670905970957 0.0007744301191530572 4.9432207636620534e-05 1.661214979737377e-05 4.793840424342007e-05 0.0008944229019083076 1.4777949676172211e-05 0.0 2.531669794319859e-06 1.249922934494874e-07 0.0 0.0 4.469631873279796e-08 1.1349712525227946e-07 0.0 7.574368188818357e-08 0.0 0.0003115582495841789 1.781398338615964e-07 0.0006987332855301203 0.0 0.0 3.761058191531858e-07 0.0 7.024366324349707e-05 7.168240482567492e-06 0.0 0.0 1.2211917707758225e-07 3.820306839906638e-07 5.126509789245559e-07 0.00030041935329810666 0.000317040310715724 0.00024709482503768254 0.0 6.831169168442754e-08 0.0 0.00012548635268950083 0.0 0.0 5.943998702132262e-06 1.6058504637289135e-06 0.00019856260959347542 0.00043212824622709974 2.553209923277904e-05 5.511228418091262e-06 3.2447006864390136e-06 4.197469063187243e-06 0.00037509002934581946 3.2067452845185033e-06
0.002092017591092646 1.550135228248331e-07 0.0003335895532048645 5.2011287893801166e-05 2.9490528204911092e-05 0.0004454960282381454 0.005532837339651305 0.003157820183830431 1.4005005798321652e-05 0.0010298764256065289 6.700201619175034e-05 0.0003410644140715971 4.159666007147154e-06 0.0 5.108655217209416e-06 6.554233361878784e-06 0.0002136949849825442 4.6869373597350675e-05 5.4537163086325636e-05 0.0002186687171703665 0.00031358700502804324 6.485047818034511e-07 0.0004320870872751552 0.00013079201418061742 5.580954983914718e-07 7.638899353767988e-05 0.00011638720505049954 0.0003914657710376746 0.0019799589526836607 0.0006225429031315205 1.1016289827466075e-06 5.462858621847408e-05 8.251178370640528e-06 0.0005701968178473613 4.134305670385554e-06 0.00017866034176471213 1.2836195884661804e-05 0.0004613869761435648 4.2953755029111444e-05 0.00014498125887955606 5.208337811712931e-05 1.1919687558700104e-05 1.7486177043660858e-05 3.972945293366306e-08 5.370881192312689e-08 2.8860099976431224e-07 5.27954879938613e-06 0.0 8.232485230979709e-07 1.2641093917249842e-05 2.175278034079036e-06 4.89892734597448e-06 2.021854014452703e-06 9.096457494178413e-08 8.931425548554881e-07 2.490068713106904e-07 2.057481226734346e-06 0.0 3.41236954295655e-06 1.8025817605606495e-07 9.459368265544347e-08 4.745302581176037e-08 3.7651424015199174e-06 1.2715039798300628e-06 1.1969085526151223e-06 5.29243211702757e-07 4.6150569774253e-05 0.0 1.5649808642507693e-06 3.325070537737768e-06 3.105928662556212e-05 2.7477596851630055e-06 1.5321856077750213e-06 4.6101260130595194e-07 0.0 3.3491266942730045e-07 1.2537311241237966e-06 1.9295687028258242e-07 1.09335195769323e-05 1.1637423709835787e-07 4.408742827605978e-06 7.405241543669556e-07 3.3580751880563064e-06 5.738303145081294e-07 2.8626478515697735e-07 2.2066032773601558e-07
0.0 2.2062958072894567e-06 0.0 2.030858075945122e-05 0.00034185086155594946 0.0004054074809348245 4.072028267366767e-06 2.2557248611928496e-05 0.00034956822517990047 2.8660949168616676e-05 9.104680308547485e-07 0.0004199344428463391 1.1444977783965694e-06 5.108655217209416e-06 0.0 0.0 0.0 1.839878170063494e-07 0.0 4.5114054085325034e-05 4.188545918173862e-08 2.1579088195446207e-05 0.0 0.00020173294448473406 3.105383812935448e-06 2.2760095777675267e-07 2.891350540447814e-06 6.446391846194846e-05 5.61621601873741e-06 5.641809495386033e-08 6.548569317966526e-08 9.438604458352174e-05 1.2559784403757793e-07 4.960615074461494e-06 1.0496013884873221e-07 1.528751947544679e-05 2.3657590031387687e-07 3.966568580845973e-06 3.2420612542760647e-07 0.0009392998003829025 2.8283042619115695e-05 5.979939632846769e-08 1.3563658818836242e-07 0.0 0.0 0.0 4.23037903928994e-06 0.0 8.812809710584813e-07 5.314762432840671e-07 4.117516442208544e-08 2.7105729603092497e-06 7.95882945923112e-07 0.0 4.853100277810536e-06 0.0 0.0 9.89717433258896e-08 0.0 0.0 0.0 0.0 1.8746317343060143e-06 0.0 3.718922344261909e-07 0.0 5.960416048810085e-06 0.0 1.2454803981357106e-07 2.486774658221789e-07 2.7574842005791153e-06 9.951633363773364e-08 1.4524569223506967e-07 0.0 0.0 0.0 0.0 0.0 3.5083256142648417e-06 0.0 9.899475604752339e-08 0.0 5.552162274017344e-06 0.0 0.0 0.0
3.2352319796503426e-06 0.00016863999987966666 3.0808364512177425e-06 0.0 0.0 5.766224100726267e-08 7.351847984864735e-06 3.937355616617814e-06 7.375924992331938e-05 3.95271488840229e-07 4.592077923236906e-07 5.325874840660103e-08 3.471584379111387e-06 6.554233361878784e-06 0.0 0.0 1.194070204806553e-05 1.269579533423407e-07 1.5696040058705995e-06 0.0 0.0017166314704501514 0.0018041748577354183 0.003512406849295408 0.001403075204753861 2.056167529190221e-05 4.266369877521485e-06 0.002866491135372387 0.000913484051468963 2.5405554597442872e-05 0.00016671980394688916 6.066554104097278e-08 6.309441511700184e-08 2.4935130235250256e-06 7.86841426576818e-05 1.9611976161301628e-05 0.0014761132088898204 0.0005258206872974176 0.00020284297637302858 0.0001812147256369264 2.542065676405531e-05 1.3417267820338383e-06 6.233897263319458e-07 4.44178635914244e-06 1.3591209559967934e-06 3.223253669039267e-06 1.738971826080928e-05 0.0 0.0 0.0 9.496820562800178e-07 6.870528482463412e-07 2.8728512606646793e-05 0.0 7.83285608976143e-08 0.0 5.4067973677193795e-08 1.3600543358078045e-06 0.0 0.0014917026087486978 1.258084142205408e-06 0.0 1.6846143082906244e-07 3.9479949368590424e-08 0.00013628847839175504 0.0004441134560052491 0.0006896231120607269 0.0002630234893858047 6.597166682357639e-08 9.658593343062359e-07 0.0004863741422286236 0.000151848258942523 1.101287047269648e-05 2.034373866794808e-05 0.0 0.0 4.220351835520093e-06 1.2734552613079109e-05 3.4911180482238473e-06 0.00022782468256891933 3.4412007976506576e-05 4.744435482010146e-05 4.698668785196359e-05 1.4262013650134494e-06 5.059185444623578e-07 1.4125268489853655e-06 1.086756652289475e-06
0.00012888532710289034 1.6691299358283744e-05 0.0016961413878410928 3.9744864048331434e-08 5.322678763722549e-07 2.1090436298634423e-06 7.474006068486334e-05 6.999373788940826e-05 2.951774444131619e-07 2.667176323586858e-06 0.00016629302025152458 9.54864966855536e-07 3.616884548899707e-07 0.0002136949849825442 0.0 1.194070204806553e-05 0.0 0.0001074387641665956 0.0014669109299108075 6.459248697316397e-07 0.0004162943561782337 2.2519054642021706e-06 0.0022903157943010037 4.865019083450527e-06 6.990776454623201e-08 0.0009166883232128772 0.003909504683772646 2.5910900609734268e-05 0.00022594835210792738 0.00035114030960978 1.0400479715981561e-07 1.1366597693925293e-05 3.993531799407531e-05 0.0028798220324189397 2.1622696066877918e-05 0.000953763072561208 0.0008430130499861809 0.002398018351454821 0.0004599656482628992 1.4180322468688543e-05 3.840013074191245e-06 2.1052626903511853e-06 4.291897823857653e-06 1.0760839356297782e-07 2.6936727448905307e-05 0.00012593975632793522 0.0 0.0 0.0 2.253683306568772e-07 0.0 6.408675557716548e-08 0.0 0.0 0.0 4.3589417406248587e-08 1.202574448733952e-07 0.0 1.6953826744096221e-06 1.1809639544482976e-05 5.363017630418004e-08 8.565226014322606e-06 0.0 4.568347679457791e-08 1.6582088998818056e-06 2.0353959124903465e-06 1.0836091485242264e-06 0.0 4.257003033778157e-05 0.00036577545135271463 5.202213100590534e-07 1.0769019683316138e-07 4.65422493469315e-07 0.0 0.0 0.0 1.1139772924101935e-06 5.0195538789171545e-06 1.0500555676824476e-05 1.7561827650278874e-06 7.5119998046568266e-06 4.065819391221806e-06 7.275230779677871e-08 0.0 0.0 2.016274272399491e-07
1.2737067183839132e-06 4.748606796737195e-06 3.621205448207383e-06 5.933709048251417e-07 4.453022263779953e-06 2.025535877545503e-05 4.564742296998293e-06 5.203779649657606e-05 6.331330435347523e-07 1.4132484766032205e-05 0.0027529227725355044 1.4138992202756258e-05 1.725559926862434e-05 4.6869373597350675e-05 1.839878170063494e-07 1.269579533423407e-07 0.0001074387641665956 0.0 0.0009664172780597692 5.136274403043907e-06 1.5162560642676002e-06 6.747272753634099e-07 7.564182421046027e-06 4.378671592433245e-06 2.7948273764078553e-05 0.0011091295086910024 0.0004102308383812472 4.597230748685702e-06 5.3562699632577695e-05 2.007955630910486e-06 1.8715167779682227e-05 4.384257047220722e-05 2.1861123916721277e-07 0.0007436222652942315 8.453240709213255e-06 0.00038256869650083423 0.0010820343463308557 0.0015936252553730489 0.00048232525965998235 1.8004232867198207e-05 2.364327380516324e-05 7.138283729636865e-05 4.431852638884211e-06 0.0 3.656639653004363e-06 5.757059609416749e-07 0.0 0.0 6.222376840852663e-08 1.843576497382698e-07 6.122131263248058e-08 0.0 0.0 1.0027809104974206e-05 1.6131410587510933e-07 2.405722870201977e-05 1.5858982753118251e-07 0.0 0.0 4.501276142132606e-07 7.109246413181789e-05 1.5785754473593043e-05 6.769822574825858e-08 3.5596474724606453e-07 2.462854204167935e-07 4.09217372030943e-08 1.618856480605607e-06 1.8199998638984904e-05 0.0002745930179916738 0.00028546392560038054 6.936713644444326e-07 1.6394537698910842e-07 6.841495409073386e-08 1.3458651713320898e-05 5.108490049523507e-08 0.0 1.2803981208005565e-06 2.5118298836410573e-06 1.8222089472048478e-06 2.4007703189356204e-06 4.387078810976462e-06 8.117475979403409e-07 2.7272639497177737e-07 0.0 2.0394359265616283e-07 0.0
1.3399550462788988e-05 1.3187053070229637e-05 7.551804335649818e-05 3.408742722151003e-07 6.19357289675544e-06 1.1688774337713647e-05 1.0635270092941589e-05 3.755147501555663e-05 6.750227325514952e-07 8.015962683581784e-06 0.0007888167510605346 6.307353776274292e-06 2.9735801734638367e-06 5.4537163086325636e-05 0.0 1.5696040058705995e-06 0.0014669109299108075 0.0009664172780597692 0.0 2.6318989137460822e-06 2.73128029372309e-05 1.3875910984499148e-06 0.0001496039122010341 2.9639053425439745e-06 3.3452671380418667e-06 0.0029144063411254144 0.0010646496096400981 6.616550642149027e-06 8.075642634510539e-05 2.3709635951151982e-05 2.065798068936968e-06 4.2837045763754626e-05 5.871691037312783e-06 0.002267067276761293 1.1281287436921266e-05 0.0009029978089111917 0.0009508078607354227 0.002038708795535311 0.0003767511870795218 1.4177031505854395e-05 6.636134825470683e-06 7.715251583038895e-06 4.411727242692697e-06 0.0 1.6655540639335606e-05 1.6605179724808587e-05 0.0 0.0 0.0 1.0593856507953747e-07 8.12605207382569e-08 3.857781439241581e-07 0.0 1.2411243787234525e-06 0.0 1.0835314616886452e-06 4.5774318076822334e-08 0.0 2.647290962026828e-07 3.700507559118505e-06 6.596520473945319e-06 5.0293722630282484e-05 0.0 2.3632579572667223e-07 5.613053950580496e-07 3.531937857365369e-07 9.90831338950292e-07 1.9059769587380136e-06 0.00022941468269176184 0.000247365763822733 2.0900314438408572e-07 5.7812383139867045e-08 1.3556228446478223e-07 4.938318759869006e-08 5.0058150573009575e-08 0.0 4.160400395712277e-06 4.91751781102108e-06 5.091367745464967e-06 1.7550685985155662e-06 1.0984463792888482e-05 2.6119787118024605e-06 0.0 0.0 0.0 4.3880600155171226e-07
3.2225182674305514e-06 0.0 3.939499640223383e-07 0.0032807511271244092 8.035163843814727e-07 0.00018822268100319897 4.7311403500518644e-05 0.0002093035027696874 0.000254890699286877 0.004094570074021009 7.387345614506707e-06 0.0035219232691370136 0.0 0.0002186687171703665 4.5114054085325034e-05 0.0 6.459248697316397e-07 5.136274403043907e-06 2.6318989137460822e-06 0.0 5.349996448127513e-07 0.0 4.819408647855051e-07 0.0005779381272703561 1.5965352330446734e-07 2.665891119027808e-06 1.9601516119536357e-06 0.00163150330363403 0.00017987383930307392 9.799372495853119e-07 8.456039306400814e-08 1.3250193525909958e-05 7.639187594154473e-07 0.00010396459785877522 1.1458829151701133e-06 0.00019150135379091834 1.9880582715878947e-06 0.0001695229486039812 1.1309310594678782e-05 0.0003200154658582348 2.4814881730108573e-05 1.1033201683058085e-06 1.160195504643657e-05 4.785284387804883e-07 0.0 5.114235291903807e-08 5.693455574025957e-05 0.0 5.6291868361292356e-06 4.7784462150275956e-05 6.386281352116812e-06 1.9832200948332632e-05 1.5968226527902475e-05 1.9620226127507018e-07 3.4778733083803234e-05 4.2335477338103595e-08 4.379552671978728e-06 2.1829897830751903e-06 5.26836344864795e-08 0.0 3.06336762198996e-07 0.0 4.703606531662198e-05 0.0 0.0 0.0 0.00014139791355803125 4.118354471181313e-08 3.706046635787463e-07 4.6102279600211594e-08 0.00011105825909258515 5.611031787047202e-06 1.195754926542825e-07 3.747324609014246e-08 4.922934974697572e-07 4.176653617987894e-08 3.7782599779323498e-06 1.8193568930676577e-07 2.8292476723661624e-05 2.292122716526221e-07 7.882518488050576e-06 2.102267887787618e-06 5.071864223849451e-05 1.8056291279906817e-06 0.0 1.744504160339969e-07
0.00015136673995369402 6.126078795511277e-06 0.0004354182775979019 4.6107053757147125e-08 0.0 1.7790304399362353e-06 0.001429789870170458 0.00024343984863782825 2.1499525206909662e-05 1.9039049693359743e-05 1.3937368899510939e-06 5.722511515363099e-07 8.987873131393343e-07 0.00031358700502804324 4.188545918173862e-08 0.0017166314704501514 0.0004162943561782337 1.5162560642676002e-06 2.73128029372309e-05 5.349996448127513e-07 0.0 7.941400556772972e-05 0.006233158675696202 0.00022707117171732422 2.235755402272497e-06 2.6763333697819656e-05 0.000111858371612692 0.003359091613340627 0.00020960337343527898 0.006720078999975744 2.214512842018028e-07 1.0090766415224854e-06 3.219544220164611e-05 0.002223734074774296 6.580233162374778e-05 0.0043041058491211735 0.00028281868859935977 0.0028119498250764796 0.0012489025674692702 8.272302660323454e-05 4.4223442230546785e-06 1.3605039721828146e-06 1.7041566914679966e-05 1.8996067743008384e-06 4.761701715749254e-07 1.0049365497061945e-06 1.0730518734740389e-07 0.0 6.332658732059436e-07 1.068171275140924e-06 1.7833984193109197e-07 1.5729096733349078e-05 1.0311889431722178e-07 1.5558597183550128e-07 0.0 0.0 1.8344162056680784e-06 0.0 0.00016127287523143045 5.6144765964270935e-08 1.043954199654854e-07 0.0 4.209473206409956e-08 4.6307639435371645e-05 4.02627456321507e-05 2.6586354562435448e-05 0.0001944952672650912 0.0 2.3108002919818313e-07 5.5637992305175235e-06 9.436563609834602e-05 9.997127269115471e-06 1.4435224157510123e-05 0.0 0.0 3.5628279303827936e-06 6.4700243361811965e-06 2.8220711048504756e-06 4.84628211755824e-05 2.279875170680078e-06 1.1002485751478399e-05 6.09941762383518e-06 1.4194825877396984e-06 7.961292856169614e-07 2.325888139903476e-07 2.873043417646325e-07
3.2465045088377753e-07 0.0014793052606271756 3.2711904798671745e-06 2.0956075306211026e-07 3.575168736719763e-07 2.651999044327971e-07 4.388444813322129e-06 5.7405921322011e-07 0.001779660734809622 1.6807951339427352e-07 9.693690347983177e-06 2.172736247222468e-06 9.228083943631472e-05 6.485047818034511e-07 2.1579088195446207e-05 0.0018041748577354183 2.2519054642021706e-06 6.747272753634099e-07 1.3875910984499148e-06 0.0 7.941400556772972e-05 0.0 0.00017332653943079052 0.0034390129215538688 0.0006533229883049817 1.5577777084987656e-05 0.002222298445320628 0.00026880122189989515 2.4847280342217295e-06 5.739764830906381e-06 2.074245427442575e-06 3.56163054309526e-07 1.9868267961394394e-07 2.728687846748813e-06 4.861474489276666e-07 1.7300548731075126e-05 3.4786708624815147e-05 6.244504120805531e-06 9.917848926928662e-07 1.5453626513584037e-05 1.3066260084396498e-07 1.1179565971981191e-05 1.1905668581390104e-07 3.19343179757111e-07 0.00012829332512425122 5.648977261896501e-05 5.562518422114067e-08 0.0 0.0 8.602254798876092e-07 2.3840398661871066e-07 3.887680630884018e-06 6.291378339624069e-08 2.0533494755176417e-07 1.4821421236540384e-06 1.7409515147375463e-06 8.503198224489278e-07 0.0 0.0006793944754927503 2.3840857555498915e-06 0.0 1.6726769730249018e-06 0.0 3.616973568215488e-05 6.772887302345474e-05 0.00033036421039801437 7.268933507919339e-05 5.777471734745389e-05 1.4040326644296509e-05 0.0014133529691355107 3.088386915357766e-05 1.1839842445082772e-06 5.09692857989111e-06 2.0272574793606007e-07 0.0 5.995277642055818e-07 5.836416228121231e-06 2.267262509558749e-06 0.00010833507734188829 2.4434331764310513e-05 2.7587040849944536e-05 2.8831576747469792e-05 1.0914871273900532e-06 1.9763678392380194e-07 3.8546458425185706e-07 1.1123597717523065e-06
0.0003058183940197206 1.3536392686254142e-05 0.004695677823398576 3.313225336518876e-07 2.807857729010876e-07 1.7247910161908507e-06 0.00035807279656797084 0.00014469823721738353 1.0145819793037603e-05 3.43980681942575e-06 1.0463670400480063e-05 9.751248559241412e-07 2.2508831482356737e-07 0.0004320870872751552 0.0 0.003512406849295408 0.0022903157943010037 7.564182421046027e-06 0.0001496039122010341 4.819408647855051e-07 0.006233158675696202 0.00017332653943079052 0.0 0.0004368265844966177 9.050065162809291e-07 0.0007684872540051261 0.00843090130982948 0.0013115208964330557 0.00035488461062953855 0.0014288184050120062 1.8626637884917065e-07 2.6459373448950947e-06 5.13909042193527e-05 0.0021486249679801925 0.00017436714344992122 0.008288055458857871 0.0030956264556212766 0.004390099417663594 0.0027532861575076616 0.00018814484279887082 9.481497488424108e-06 3.560141270732313e-06 3.7476808990921255e-05 3.9419244999251716e-07 1.9901107016885514e-06 2.1286438854241076e-05 0.0 0.0 0.0 5.978260777691308e-07 2.3029746058215035e-07 6.423844891387251e-06 0.0 7.237705830564322e-08 0.0 0.0 4.3631992831277865e-07 0.0 0.000631131677967879 4.2119553144148233e-07 0.0 2.5758770964979515e-07 0.0 4.4381623922470174e-05 0.00014924597582525404 0.0003142512156578306 7.216443802484792e-05 0.0 2.2881453221570726e-06 0.00031485407999451214 3.882326927584641e-05 2.507992689969247e-06 7.2067057024564945e-06 0.0 0.0 1.0862385938917489e-06 5.617223539731422e-06 1.968636436440147e-05 0.00010035324846289055 2.273406944035114e-05 1.8011984506675867e-05 2.5697937489282823e-05 2.4341818196573933e-07 1.1318452570338427e-07 1.292194896267666e-06 1.1848743620658221e-06
