0.0 7.864805980823407e-08 4.321581673699479e-05 1.346493617268486e-06 2.1928273255665669e-07 4.432243388535449e-06 0.0009435403928664636 0.00017656693015677023 4.005505164275254e-06 1.337737259303145e-05 9.646267532250805e-06 3.3680061583091402e-06 4.543516788958078e-08 0.003055935384419736 5.835907375105165e-08 2.824176558831768e-07 8.585752102541413e-05 3.5538459972967877e-06 2.6810327507285573e-05 7.24376331106622e-07 4.477131698084252e-05 0.0 5.6869500870578845e-05 2.438492296406672e-05 0.0 7.538909017646685e-06 6.304464219261629e-06 4.931679113435545e-05 0.0016456463293303743 0.0016145005026753684 0.0 1.08904527671585e-06 4.809066038106875e-05 7.023416448197564e-05 0.0 2.6932876025418817e-05 2.2184615940563114e-06 3.620213523066784e-05 8.870353171772016e-06 2.1128265446685547e-06 5.708560325049119e-07 8.151678083663305e-08 0.0 0.0 7.200286510370685e-08 1.6140858620356517e-07 2.0119090735465518e-07 0.0 0.0 7.606765903420771e-07 0.0 1.132304892516915e-06 8.216638699477975e-08 0.0 0.0 7.044643326615369e-08 0.0 0.0 0.0 0.0 0.0 0.0 0.0 9.544994379599834e-07 0.0 8.727650796861769e-08 3.369562325298601e-06 0.0 0.0 1.8151228737310168e-07 6.070064983888481e-06 5.243107065425673e-07 0.0 0.0 0.0 0.0 2.0947876086846793e-07 0.0 2.6720719063888853e-06 1.4731723941053155e-07 3.621575945163826e-07 9.305490689110247e-08 3.0115545504091764e-06 2.1604377754251148e-07 0.0 0.0
7.864805980823407e-08 0.0 2.1444104160358412e-05 3.518139617343222e-07 5.361377345713261e-07 4.6067240158137693e-07 1.491684618359384e-06 2.043253797964271e-07 0.0005236491588237802 3.7888445886320173e-07 4.292267019367344e-05 3.0571823479915314e-06 0.0005152597638472814 1.5022103389342634e-07 1.3275317902036976e-05 7.812868969150978e-05 1.9888101580080092e-06 7.152584313753316e-06 6.782783903251678e-06 2.78258396313504e-07 1.9753190600934824e-05 0.00123072974976824 1.1152970891374645e-05 0.0006270378627292955 0.00046196591626795707 0.0002229679640786609 0.005275631647804132 2.445512915173667e-05 2.872763083228998e-07 9.350369553041023e-06 6.0579690522811095e-05 0.0 0.0 4.8609897066378335e-05 1.8102940308899575e-07 2.715713854058194e-05 2.5273875440912484e-05 3.4125743379288684e-05 7.755227461578531e-06 2.112926506378583e-05 0.0 6.854083241963327e-05 2.014581201619654e-07 7.343489873823917e-08 4.795665272782453e-05 1.9484113310349813e-05 0.0 0.0 0.0 0.0 0.0 4.0698662680566434e-06 0.0 9.181054144598578e-06 0.0 2.4082845936982973e-05 0.0 0.0 1.0333583263084699e-06 4.404797152364049e-06 3.08602756380967e-06 6.8458070464949985e-06 0.0 3.0893820540746087e-07 7.872659909114727e-06 6.272176063374618e-06 6.223614004319904e-07 9.374406002449373e-06 9.409624667005869e-05 0.0007457686944585582 4.1480437732053493e-07 0.0 3.4828255294379385e-07 3.886705277662437e-06 0.0 0.0 2.1559253030890494e-06 0.0 9.444896376851684e-06 2.743967941231059e-05 7.927909666263342e-06 3.0427876981091948e-06 3.2068714581389227e-07 0.0 2.5464511456566676e-06 0.0
4.321581673699479e-05 2.1444104160358412e-05 0.0 8.511565873276357e-07 2.3513586304730393e-07 1.4990006231494969e-05 0.0003503650429934374 0.0004164081442752497 3.7030333952983755e-06 1.84353585840857e-05 3.385313707300484e-05 1.4493980922845077e-06 2.0397944089371003e-07 0.00041286610718280507 4.910361192067217e-08 2.632374048132056e-06 0.004381318870778223 0.00010022880809000598 0.0005281623139476857 5.835030302271258e-07 0.00022313458965204347 1.4792111670790153e-05 0.003922965607482003 2.3518887305507824e-05 2.032362960647141e-07 0.0039064053551019955 0.0016760804963590675 0.0002500050493059277 0.00011591472146432717 0.0002295563270978436 3.302819915567068e-07 2.36151733780415e-06 4.124556424833582e-06 0.000880596097633802 8.921788894109707e-06 0.0011061307847567456 0.000965763129334094 0.001146428726253247 0.00021020733660727739 4.788670825736398e-05 2.428665509001226e-06 2.2272423866228727e-06 4.374958439328331e-06 0.0 0.0001035756222863347 0.00030160832187736106 8.112463540068735e-08 0.0 0.0 1.838358517097159e-06 1.4231899310849753e-07 5.51994199310277e-07 7.599987211089484e-08 6.442580144088346e-07 0.0 1.4153373081163932e-06 3.678220567354884e-07 1.0033753892982576e-07 1.725148348788285e-05 1.2848968120068864e-05 1.1384621755530148e-06 8.711309745243835e-06 0.0 3.4422800579680312e-06 4.7214898289830086e-05 0.00016704476130326577 4.841768184668009e-06 6.503359328764481e-06 0.00021738485822284806 0.0016148662240137897 5.0725433333360795e-06 8.737698944302673e-08 2.0227718795307806e-06 1.1198790051162477e-06 0.0 0.0 6.956486643306624e-06 6.518407846021587e-06 3.221848980500202e-05 0.00031170401430862573 2.9558282350623205e-05 1.3116833073241255e-05 5.939187537139974e-07 1.0084147863726171e-07 9.853212623845229e-08 0.0
1.346493617268486e-06 3.518139617343222e-07 8.511565873276357e-07 0.0 2.9425877950575697e-06 3.541685016160313e-05 2.0598996977763612e-05 1.9458264992577837e-05 0.00042421849154342274 0.0007777366725026371 2.5795460146442337e-06 0.0034664396627135216 1.0623986311230966e-07 2.0153270606686525e-05 6.474974313937233e-05 0.0 6.559282239904287e-08 3.126852100039014e-07 4.6306206443471625e-07 0.0011760023008948785 3.6650072487406604e-07 5.667879894558514e-07 2.656728012567518e-06 0.0005453798816604604 0.0 9.652482741348213e-07 2.19602085440347e-06 0.0011324891004187117 6.802927917138509e-05 1.9878381040270377e-06 0.0 7.416187742886429e-07 4.594852786530195e-06 3.501280476508525e-05 2.8917387774561287e-06 0.00013125551965133354 2.4159055299205373e-06 6.489728875823869e-05 2.2806927313082257e-05 0.00020409888420984515 7.016519079327937e-06 4.970032980657834e-07 2.222657714805102e-06 0.0 1.5541344695305534e-07 0.0 1.9971785773655838e-05 0.0 2.321381524850285e-06 3.918612700701562e-05 1.5825936503365888e-06 7.156939945886839e-05 0.00013029231583421106 0.0 1.5273260603984e-05 7.811300990882487e-08 1.4418807197063505e-06 8.64431256110646e-08 8.260387820765449e-08 0.0 0.0 0.0 3.451250357384594e-05 8.935511714241303e-07 1.2701822128597094e-06 3.174982660068939e-07 5.281828962719227e-05 0.0 0.0 8.934517871775315e-07 0.00010575972042214784 1.0003043810805792e-06 1.0368810376768279e-07 0.0 2.8523575781995377e-07 0.0 6.341170566293312e-07 0.0 3.41620435533944e-05 0.0 1.4401506468383476e-06 9.163260642395857e-08 2.180972910353303e-05 7.487309387445929e-07 0.0 2.0662311198519124e-07
2.1928273255665669e-07 5.361377345713261e-07 2.3513586304730393e-07 2.9425877950575697e-06 0.0 0.0002027604149080504 7.212484751377246e-07 2.4172659207273e-05 4.0155652989299925e-05 2.359270778050343e-06 1.8961848243177108e-05 4.655726832225866e-05 7.054799115888036e-07 1.258233118237027e-06 0.0010184927582531404 0.0 0.0 3.159259976722561e-06 9.397862609524725e-07 6.050142159777628e-06 1.49965909509753e-07 1.2976130405474592e-06 4.844860664498876e-07 6.934202651159493e-06 0.0 1.6206492754328517e-06 1.6976964183829025e-06 3.2880942055694797e-06 1.3636401353091706e-05 1.3535706846227897e-07 9.809247840539812e-08 0.00013738292115413622 0.0 0.0001233763480782471 5.13126576448134e-06 1.0896787616652127e-05 1.528910961514093e-06 0.00011559890693696043 1.5848062698073795e-05 0.0010076744453011966 2.728556103469295e-05 1.631986187878701e-07 1.975184669550297e-07 0.0 0.0 0.0 0.0 0.0 0.0 0.0 0.0 0.0 7.920482725120379e-08 0.0 0.0 0.0 0.0 0.0 0.0 0.0 7.891618066614612e-08 0.0 0.0 0.0 0.0 0.0 0.0 0.0 0.0 0.0 1.2911884595743054e-07 0.0 0.0 1.3149689805958488e-07 0.0 0.0 0.0 0.0 1.866138007839431e-07 1.4066556065717558e-07 0.0 0.0 0.0 0.0 0.0 0.0
4.432243388535449e-06 4.6067240158137693e-07 1.4990006231494969e-05 3.541685016160313e-05 0.0002027604149080504 0.0 0.0015083864386895224 0.00393626660264778 2.3193095515400283e-05 0.003225406323721968 5.3379390997048444e-05 0.002257413413403911 3.843780694698007e-06 0.0003329551504185838 0.0011483660383313796 2.0980962234765038e-07 6.682619253372895e-06 1.2555882586397325e-05 1.0039063581723318e-05 0.00010502978225745778 1.0167927099931572e-05 1.0622900765113057e-06 1.8198629290868243e-05 7.251590086752777e-05 5.412409127416042e-08 1.261053903179567e-05 1.1083106721909766e-05 0.00042942196471140585 0.00022853246604913257 2.4382734514821996e-05 9.051929098358129e-07 0.0006068769489377282 1.150443548536934e-05 0.00031358472403148537 3.872852123892897e-06 0.00019104442580402287 5.074520036531084e-06 0.0003062033731722658 0.00012104094102135465 0.0016276225719892995 0.00034514652223989494 2.500530880109639e-06 7.224570658957272e-06 0.0 0.0 7.37695437615959e-08 4.6595390764745044e-07 0.0 7.655671995417824e-08 3.6838085641462275e-06 7.666657988870934e-08 3.274504689158005e-06 2.2706153999722722e-06 0.0 8.396670136037833e-08 0.0 0.0 0.0 5.669183136349353e-08 0.0 0.0 0.0 9.827787679936924e-07 3.0414397726616575e-07 6.758147686420816e-08 2.281799400480318e-07 4.273971781371671e-06 0.0 1.6927367122077144e-07 7.347308132016021e-07 1.1732698105316444e-05 1.5135464521064058e-07 3.808040731060464e-07 0.0 0.0 0.0 0.0 4.4581444252660627e-07 5.2591667679693765e-06 6.955451475079391e-08 4.904628602405823e-07 9.765421156596765e-08 1.8427824072052428e-06 0.0 4.282498873113055e-07 2.3009661731471108e-07
0.0009435403928664636 1.491684618359384e-06 0.0003503650429934374 2.0598996977763612e-05 7.212484751377246e-07 0.0015083864386895224 0.0 0.0040369820910281145 0.00010175532114999926 0.004718548241348936 1.6977311044970637e-05 0.00010265900950511762 6.893167291119326e-07 0.005628809180276942 6.331667438390713e-06 3.465637086890145e-06 5.141596363899607e-05 5.9152460972552665e-06 1.3713121612013388e-05 2.3748559655096548e-05 0.0005628753421514866 4.980966037598519e-06 0.0006578881510451535 0.0005047986209651701 0.0 2.3153014578025236e-05 6.499011011167732e-05 0.0066945275789166495 0.0012192644269592673 0.0030621094154938415 5.0089064377450944e-08 7.939564850445129e-06 0.0002832931534195479 0.0005013040089389203 2.554023364964119e-05 0.0008980897458970284 2.7552288928793498e-05 0.0007768105855518186 0.0003156277323956685 0.00010706194714483799 3.53594756086111e-05 7.496523830928031e-07 9.929677124639583e-06 5.66019414480574e-07 1.4536031942212826e-07 2.247338255855969e-06 6.944125847054042e-06 0.0 2.33044412524581e-06 0.00013656321043482096 3.79673216208991e-06 4.9299121193246604e-05 3.042314584827919e-05 1.6538007746178466e-06 2.3374184599169195e-06 6.868772369818177e-08 1.8933812332187282e-06 5.718825222276911e-07 3.60101360276948e-06 7.645376025833494e-08 0.0 0.0 8.104849091205922e-06 4.436924474517642e-06 2.8958413879106517e-06 4.795726377493811e-06 0.00013335471002849097 0.0 2.944408417596524e-07 1.0787664565184382e-05 0.00022579488145581028 5.412456672378022e-06 7.422577884148737e-06 0.0 3.09118916936086e-07 3.536691422198784e-07 4.000164696402654e-06 2.375970311019934e-06 6.349880134113737e-05 2.81042352237051e-06 9.329941971031307e-06 3.924403575388019e-06 2.7916466202837275e-05 9.958773695485515e-07 5.376203163560271e-07 0.0
0.00017656693015677023 2.043253797964271e-07 0.0004164081442752497 1.9458264992577837e-05 2.4172659207273e-05 0.00393626660264778 0.0040369820910281145 0.0 5.707194158189231e-06 0.0024986832081951914 0.00014532270926206423 0.0008327648969537459 6.38212888864466e-06 0.004481298236913881 4.3305890712396146e-05 5.319505240690657e-07 0.0003183295609074551 2.9491179931934064e-05 0.00012462818184702114 0.0001758107298869996 0.00022024853532337863 5.343768683831748e-07 0.0005685937708772518 4.98303411764182e-05 9.345994475382217e-08 7.21779247787739e-05 6.512460205384644e-05 0.00022840358529688056 0.0006947370830720183 0.0007368618453710225 1.5000565374953197e-06 0.0007250185483104092 2.502057332561984e-05 0.0005323221952529844 8.290422057905232e-06 0.0003735668738846859 2.469782952559311e-05 0.0005567856425265882 0.00020043037992581276 0.0005556603650471377 0.000135223879402464 4.262879300067772e-06 1.0075349435114329e-05 1.9087566534219278e-07 3.047294759977091e-07 2.3987763329450833e-06 8.019432810024907e-08 0.0 6.286702948125846e-07 7.345706269271793e-06 6.899843307520581e-08 3.904194474136647e-06 2.5628884411795366e-06 5.814368414829687e-07 1.461951253381769e-07 0.0 2.4925521752608783e-07 0.0 1.1673598218345492e-06 5.772555711450619e-08 1.7358638661272373e-07 0.0 5.86392092534892e-07 1.3024875507667026e-06 8.816030605229331e-07 2.683909958719482e-06 1.4743177452871595e-05 2.94172886431798e-07 2.819348756465356e-07 8.348666074077948e-06 1.9072804440715026e-05 8.993323559810135e-07 1.4494341541899195e-06 0.0 6.589251693308951e-08 2.841865479144078e-07 2.2327828289933756e-07 1.850802385791515e-06 1.2677211025040684e-05 1.8380132876089746e-06 6.458068649697487e-07 1.8654503486857514e-07 5.721466325287785e-07 0.0 1.3103045327491627e-07 0.0
4.005505164275254e-06 0.0005236491588237802 3.7030333952983755e-06 0.00042421849154342274 4.0155652989299925e-05 2.3193095515400283e-05 0.00010175532114999926 5.707194158189231e-06 0.0 0.0004517899129470551 2.706954462163368e-06 0.00029025211264207846 2.6088368123115217e-05 4.457575857894699e-06 0.0003836125356080125 6.767315791418578e-05 1.4254869018354747e-06 1.9483195573874898e-06 1.6390103045322846e-06 0.0005908458938108826 3.5377457564419714e-05 0.0011721398055373952 1.170882452802593e-05 0.0039433673324481494 5.297755397013536e-05 2.5387360341822715e-05 0.0004747590399381335 0.0010826185452187521 3.099213267753795e-05 0.00010993593945427491 6.622855259810755e-06 1.2699411963663761e-06 2.2705729391477764e-06 1.585343278636785e-05 8.402166490659845e-07 0.00017554393840098039 5.3638882872374496e-05 3.037646206824722e-05 1.6225962390247597e-05 0.00022380387554631724 9.015952956434366e-06 3.602850589136988e-06 1.47748820254463e-06 1.9337894897297243e-06 5.011369931733565e-06 1.6631950263073997e-06 6.42312798861629e-05 0.0 4.418134845534143e-06 0.00015922396387189504 5.67036565470445e-06 0.00010315525509170934 0.00029399221378854804 5.787684799280921e-06 3.7159710254933956e-05 9.345314808965601e-07 2.5200084378243397e-06 6.389665538380389e-06 5.399912553478395e-05 1.3710820101009878e-06 2.539348610320641e-07 4.2691426311176473e-07 6.701550384070854e-05 4.3264228598804645e-05 3.106127471976172e-05 7.897205420203446e-06 0.0007749507635277758 3.9789907630102536e-07 1.779037184015117e-06 8.24859469802192e-06 0.0006614297798364285 1.3320122258524095e-05 4.8615039101547285e-05 7.055236304417376e-08 3.4938187116249833e-07 2.8073194081413066e-06 4.36591349862524e-06 1.2596847127949409e-06 4.646194102819533e-05 2.024903514130292e-06 1.2070784990431974e-05 4.369186869703081e-06 2.901519061320128e-05 1.6090070593487163e-06 1.327525996178738e-07 1.0160203722831986e-06
1.337737259303145e-05 3.7888445886320173e-07 1.84353585840857e-05 0.0007777366725026371 2.359270778050343e-06 0.003225406323721968 0.004718548241348936 0.0024986832081951914 0.0004517899129470551 0.0 5.089042083548143e-05 0.002277605808387605 2.337138137129046e-06 0.0007029696534436347 3.177357402515827e-05 8.072775060272023e-07 4.406968632413147e-06 1.3897507822788124e-05 1.6580695346853536e-05 0.0007470979862679092 9.96975999635159e-06 7.495557040802893e-07 3.068050616467661e-05 0.000323645114250444 3.504873612876371e-07 2.417699768387135e-05 2.9286623202599664e-05 0.005335799887744661 0.0009391057913367269 3.247915552490815e-05 7.336336090382051e-07 1.9865103860159917e-05 2.624570479286637e-05 0.0004813827689318004 1.707331117615334e-05 0.0006038047762917656 1.67690474402552e-05 0.0008624232098749013 0.00016405015798137294 0.00028412655152137414 9.477557493713905e-05 1.575199209838084e-06 1.3978701796365239e-05 4.474784026895932e-07 7.488303939326451e-07 2.1788614600160743e-07 7.091630118403745e-05 5.8270396934466393e-08 4.353418982462681e-06 0.00017406146933278977 4.446732201373423e-06 0.0001679055779078846 0.0004088548081543705 9.859878897620234e-07 4.345516143822874e-05 5.10443033422258e-07 3.3967135017775675e-06 8.014347584771735e-07 1.8875989514340346e-06 0.0 1.8806910794457764e-07 0.0 9.103764355866484e-05 5.904434974484459e-07 7.709396241743642e-07 3.4379998952442685e-07 0.0001672619494657675 0.0 4.090558778558875e-07 1.763718237938149e-06 0.0003306783393278726 3.3914122503403345e-06 8.665159794918271e-07 2.1122311661572867e-07 6.574254717382355e-07 2.721782313665372e-07 3.1472531641335e-06 5.965208578432936e-07 0.00015724781080421327 4.265872892242214e-07 6.0958534601799095e-06 2.3100417747463047e-06 8.011452053076369e-05 4.818752176041186e-07 6.859164059387531e-08 0.0
9.646267532250805e-06 4.292267019367344e-05 3.385313707300484e-05 2.5795460146442337e-06 1.8961848243177108e-05 5.3379390997048444e-05 1.6977311044970637e-05 0.00014532270926206423 2.706954462163368e-06 5.089042083548143e-05 0.0 4.3776042211645186e-05 0.0008337281693003119 0.0001758169401301953 6.643940979870732e-07 1.0698590377142795e-06 0.00020756511118437808 0.0009862037969678098 0.0002880713256465729 1.432125376492605e-05 4.396100265564869e-05 6.3083652850474175e-06 8.243424624898869e-05 9.993643051420261e-06 0.000352852203542579 0.0009488466855878137 0.0003012909273419471 1.6691039868263655e-05 0.00027451783695145833 3.871182807177246e-05 8.07917477011755e-05 9.138870483630941e-05 6.310591096790859e-06 0.004737345106039067 1.97563839216768e-06 0.00028433936562777403 0.002100952403734913 0.0018503866740824657 0.0003253580955440886 2.746424187840663e-05 1.6959712385834037e-05 0.0007174312020244537 6.288609745612801e-06 0.0 2.653535533664124e-06 7.439051653037451e-07 1.2380966326572206e-07 0.0 8.745092935505306e-08 1.8520854660213349e-06 6.053907623340208e-08 1.5665106317019108e-07 2.219385772015187e-07 0.00012455168768324044 6.10332402085777e-08 0.00032267992627181503 0.0 0.0 8.76643098958513e-07 2.5176830431982315e-07 9.637398502704662e-06 1.030931069214329e-06 7.820544662243334e-08 2.0568187497151944e-07 3.511443831923654e-07 1.2498750468727694e-06 1.460714715474723e-06 1.8255493509963185e-05 3.628207917327349e-05 2.4338199839904766e-05 2.308717893721995e-06 1.1524115590391985e-07 0.0 4.006707862636148e-05 6.448771535775175e-08 0.0 8.21623026588436e-07 2.7075924244643182e-06 4.249334098417439e-06 0.00013423256930042998 3.7251428383644544e-06 3.08573712004113e-06 9.502411677686995e-07 0.0 5.7089111262790426e-05 0.0
3.3680061583091402e-06 3.0571823479915314e-06 1.4493980922845077e-06 0.0034664396627135216 4.655726832225866e-05 0.002257413413403911 0.00010265900950511762 0.0008327648969537459 0.00029025211264207846 0.002277605808387605 4.3776042211645186e-05 0.0 1.922144762318144e-06 0.00028768556358407484 0.0008703021025345699 0.0 8.74739082376527e-07 1.293047815673801e-05 1.0843716991770706e-05 0.0028215155661169837 5.325124087555311e-07 6.827440933258084e-06 1.8383433167084391e-06 0.0006594238729300658 2.869014584132609e-07 1.688024589339717e-05 1.4525480800950525e-05 0.0007618690644646545 0.00031580084367318034 2.812310148837585e-06 1.0494253310924299e-06 2.049506058836835e-05 5.535651883340407e-07 0.00018099061193818254 5.495548112276268e-07 0.00023531403714202863 5.068814896482674e-06 0.0002861205712224381 4.2128085050063096e-05 0.0012619325426892558 2.391500502299956e-05 9.835843176544136e-07 1.5150386109872986e-06 0.0 7.401147776439158e-08 1.054693490706429e-07 2.113902962513201e-05 0.0 8.080379227353539e-07 1.9674276761336635e-05 9.196137229261146e-07 3.386359205076252e-05 8.844694498003524e-05 8.092929101496799e-08 1.041417923331677e-05 0.0 5.861424732079922e-07 8.288987631179012e-08 2.5887664739615706e-07 0.0 0.0 0.0 3.192704173722539e-05 4.7073164426557576e-07 0.0 0.0 2.029952528501e-05 0.0 1.503046644079691e-07 4.1978189452992393e-07 4.014203914469941e-05 2.3448824324984874e-07 9.885364236352414e-08 0.0 7.586136601753402e-08 7.05899903909872e-08 1.2165992913676602e-07 1.1400264109504277e-07 5.440488765298833e-05 0.0 4.3997300502874733e-07 3.3844571171559087e-07 2.786811598915031e-05 1.87219498911947e-07 1.4221732265533168e-06 4.0581715931325315e-07
4.543516788958078e-08 0.0005152597638472814 2.0397944089371003e-07 1.0623986311230966e-07 7.054799115888036e-07 3.843780694698007e-06 6.893167291119326e-07 6.38212888864466e-06 2.6088368123115217e-05 2.337138137129046e-06 0.0008337281693003119 1.922144762318144e-06 0.0 6.20604504127564e-06 6.504945154010835e-07 8.252936130514159e-07 6.049958218048163e-07 2.345284563653395e-05 4.119227085310284e-06 9.035790201505426e-07 7.148658962343362e-07 7.10216998092086e-05 8.567387432726603e-07 2.911310289558595e-05 0.0023132258312438952 0.0001401114356367278 0.002157152990014055 2.1767447609571904e-06 8.520335613164506e-06 7.283433156907869e-07 0.00010353558426380947 4.591847115390977e-06 0.0 0.0013451138273794442 3.6505618662603765e-07 0.00010088815035251722 0.0008413471662906323 0.0015382380159740699 0.00019664315454274555 3.42070911255599e-06 9.576627438460216e-06 0.000805165220813117 1.3875794214113567e-06 0.0 9.236348987405453e-06 1.0086033014611018e-07 0.0 0.0 1.2469863534605602e-07 1.9657534289870095e-07 8.450780493046639e-08 3.588239988741473e-07 1.412632660481113e-07 0.0002511961129137785 0.0 0.000648291445345129 7.689785848522413e-08 0.0 0.0 0.0 2.3056850472767448e-05 6.090488158069236e-07 0.0 0.0 5.175501515761655e-07 0.0 3.7726961383302754e-07 0.00010505324479523868 0.00010744356992015021 5.933297802227787e-05 6.061603352190743e-08 3.9662451850445777e-07 0.0 0.00010769732976388767 1.7836402864224475e-07 0.0 1.3805551250394244e-06 0.0 2.604194802300617e-06 0.00016984874835014612 8.545960753853929e-06 2.4559021179076483e-06 0.0 4.0568080038121126e-07 9.379746734697122e-05 0.0
0.003055935384419736 1.5022103389342634e-07 0.00041286610718280507 2.0153270606686525e-05 1.258233118237027e-06 0.0003329551504185838 0.005628809180276942 0.004481298236913881 4.457575857894699e-06 0.0007029696534436347 0.0001758169401301953 0.00028768556358407484 6.20604504127564e-06 0.0 5.167553708280508e-06 5.719772054206532e-07 0.00046454418622084593 4.910696258482806e-05 0.00017015736140249665 9.327792143259629e-05 0.00025497097890050447 7.088300413190806e-07 0.0005471002632543674 5.4626384515595784e-05 2.5104251177029664e-07 8.834741346843856e-05 7.636548419001923e-05 0.00016979576256178396 0.0028757674672868884 0.0025182014468180546 2.3173183389260582e-06 5.770980136771316e-05 1.8370306444337454e-05 0.0005521330326565617 3.874660199253484e-06 0.00022936693125229885 2.1801690500450556e-05 0.0005683960661464171 0.00014612692080617578 0.00015498454550160178 3.103922401148952e-05 1.7988132491768795e-06 3.5314140969490234e-06 1.1333419288690801e-07 5.7172360391351e-08 1.2374096025177594e-06 1.654184430726551e-07 0.0 2.2579459516448144e-07 7.778584646571841e-06 6.692052480296879e-08 2.982775707414715e-06 2.4474169525651456e-06 2.626727765842708e-07 1.4843697647125865e-06 5.706713529843339e-08 0.0 0.0 4.819668361262994e-07 8.129382603730176e-08 0.0 0.0 2.2432026907316876e-06 9.436245955758509e-07 4.7195812267454836e-07 1.124328978031983e-06 8.494797252790148e-06 0.0 5.200293520023898e-07 5.527853558960156e-06 1.365544223778496e-05 5.195581541403521e-07 9.04006409300472e-07 6.582394965379069e-08 0.0 3.4553789432887033e-07 1.4107494013683535e-07 2.7441052715880675e-07 5.047102843790653e-06 1.1136026255684012e-06 6.662389115615915e-07 1.1972265236382968e-06 1.8433354856926428e-06 0.0 0.0 0.0
5.835907375105165e-08 1.3275317902036976e-05 4.910361192067217e-08 6.474974313937233e-05 0.0010184927582531404 0.0011483660383313796 6.331667438390713e-06 4.3305890712396146e-05 0.0003836125356080125 3.177357402515827e-05 6.643940979870732e-07 0.0008703021025345699 6.504945154010835e-07 5.167553708280508e-06 0.0 0.0 1.2248972658621395e-07 1.8059769123984723e-07 9.244216191207398e-08 0.00013008287224138568 7.634339427477051e-08 3.661586238566765e-05 6.029756787932604e-08 0.00031491611551394633 1.8667694719032623e-06 6.040681251498583e-07 1.773293886923709e-05 4.3483274755802945e-05 2.533996517508566e-06 0.0 2.159820064544357e-07 0.00028394101468752177 7.54631669109094e-08 3.5356686356198656e-06 8.827360844449148e-06 7.136238102327013e-06 2.6780128842045396e-06 4.779644692558455e-06 8.598698152541052e-07 0.001163491158992649 0.0001575956604345738 7.587278759151015e-08 0.0 0.0 0.0 0.0 1.025447072593477e-07 0.0 9.332053060985952e-08 1.2849998109570006e-07 0.0 9.604425203720853e-07 3.795212293477371e-07 0.0 0.0 2.2802906176522094e-07 0.0 0.0 0.0 0.0 0.0 0.0 1.5388597341672627e-07 0.0 4.3276867816614154e-07 7.662937346118528e-08 1.3570290757401842e-06 8.256278891792154e-08 7.004302232742898e-08 2.974499370063483e-07 2.241697057704105e-06 7.996478047519403e-08 1.1430292207843635e-07 0.0 0.0 0.0 0.0 2.361906205744955e-07 0.0 0.0 0.0 0.0 4.066099253240951e-07 0.0 0.0 0.0
2.824176558831768e-07 7.812868969150978e-05 2.632374048132056e-06 0.0 0.0 2.0980962234765038e-07 3.465637086890145e-06 5.319505240690657e-07 6.767315791418578e-05 8.072775060272023e-07 1.0698590377142795e-06 0.0 8.252936130514159e-07 5.719772054206532e-07 0.0 0.0 1.3250948112928003e-05 3.742310636949347e-07 3.3670501891203396e-06 6.348824959923741e-08 0.0014324709664485017 0.0007978554338049116 0.002296248761617419 0.0005229533292909038 1.8517168778773045e-06 2.2823390237387473e-06 0.0021816637627615123 0.0005063850420440639 1.6582610766091782e-06 0.0001198055410104896 1.306998802909771e-07 6.510398849172283e-08 1.2184423787001492e-06 9.62903311160126e-05 1.2954319398914123e-05 0.0006767338528911066 0.0001840060112363225 0.00026438562202503235 0.00024956702774420707 1.7710836420998307e-05 1.0454909322824663e-06 3.761269938971342e-06 5.488793095472652e-06 8.546779886438232e-07 3.9007790924576536e-06 7.643313507127186e-06 5.065158517228068e-07 0.0 1.1715928037624583e-07 8.794385644234382e-06 1.0258366877842561e-06 5.25216018331361e-06 4.399595545292077e-07 5.4407152969662374e-06 8.276745974003052e-08 1.878667592727056e-06 1.4650476917457291e-06 8.659772122602668e-08 0.0012393490331536175 2.635589871503006e-06 3.874930008517983e-07 8.268921510061989e-07 7.311316174877612e-07 0.0003166902541291307 0.000342668610592864 0.0009127133059434386 0.00013898508691768586 8.89067993178835e-08 2.0608389971424728e-06 0.00030124880023077666 0.00013771522289616182 3.093894176432837e-06 5.372817447705263e-05 0.0 0.0 1.7901449319197595e-06 2.5477845564828667e-06 2.987102450296694e-06 0.0002343420651693771 1.170325628606461e-05 8.832156027935344e-06 6.286560601735148e-06 1.9320475649095953e-06 8.121759708104997e-07 1.856180003338476e-06 3.373214268347662e-07
8.585752102541413e-05 1.9888101580080092e-06 0.004381318870778223 6.559282239904287e-08 0.0 6.682619253372895e-06 5.141596363899607e-05 0.0003183295609074551 1.4254869018354747e-06 4.406968632413147e-06 0.00020756511118437808 8.74739082376527e-07 6.049958218048163e-07 0.00046454418622084593 1.2248972658621395e-07 1.3250948112928003e-05 0.0 3.6251483973686135e-05 0.0018220953943487669 8.941542399889329e-07 0.0005025263833800919 8.229353394264327e-07 0.001730811562347954 1.809894360930535e-05 1.4496224186186028e-06 0.0015177852135115474 0.002334879267808175 8.444908776790642e-05 0.00038622446556842334 0.0007209734610737877 1.9629323711563462e-07 2.706732982946265e-06 2.321182964452018e-05 0.0006189669527292888 2.073076752538503e-06 0.0001109462908382743 0.00046792521659150206 0.0002189958315948336 5.2507315293299116e-05 6.441804460779454e-06 3.384101464003524e-07 3.383610714676966e-06 2.8378999464949905e-07 0.0 6.208594119033334e-06 3.90565158888551e-05 0.0 0.0 0.0 3.753868465810104e-07 0.0 2.946113093424256e-07 0.0 0.0 0.0 1.073322716334658e-07 0.0 0.0 1.7387288367174733e-06 1.2575317011708437e-06 2.212763954884227e-07 2.157705635611978e-06 0.0 3.329939201498075e-06 2.2467364642373252e-06 7.124368244578203e-06 2.474505596517771e-06 6.413130313181726e-07 2.7403708363983165e-05 0.00015002352969043282 3.2321701026132547e-06 0.0 8.807891397707271e-07 1.8100226088897536e-07 0.0 1.3851839933825812e-07 8.687914691702769e-07 0.0 7.005975457859677e-06 4.461669802614234e-05 2.0301025010979245e-06 2.689812547750058e-07 0.0 0.0 0.0 0.0
3.5538459972967877e-06 7.152584313753316e-06 0.00010022880809000598 3.126852100039014e-07 3.159259976722561e-06 1.2555882586397325e-05 5.9152460972552665e-06 2.9491179931934064e-05 1.9483195573874898e-06 1.3897507822788124e-05 0.0009862037969678098 1.293047815673801e-05 2.345284563653395e-05 4.910696258482806e-05 1.8059769123984723e-07 3.742310636949347e-07 3.6251483973686135e-05 0.0 0.00018684885422720997 3.7942484781638385e-06 5.549987481557044e-06 2.063613172131386e-06 1.9531226981400302e-05 3.409352421632969e-06 2.369317010072013e-05 0.0022859570424808087 0.0007523197226603747 4.239539472083361e-06 5.8446593819947054e-05 8.90848932960603e-06 5.8043259341920667e-05 1.6652896654119754e-05 9.384389834368751e-07 0.0006175865412039391 1.3179891852741271e-06 0.0003361658310685971 0.0009293109523769254 0.0007721808927318211 0.0002640218565377482 1.0479488914187531e-05 1.940605175664176e-06 5.150733568692103e-05 9.483060977479024e-07 0.0 3.857842033256308e-06 2.6403423766109183e-07 0.0 0.0 0.0 1.510402279603257e-07 0.0 2.573375962146546e-07 0.0 5.231936496026503e-05 6.066231099658938e-08 0.00014780512042279244 0.0 0.0 6.355002068731312e-08 1.327494640056393e-07 5.456269544966007e-05 5.249907749607473e-06 0.0 1.6672302329224572e-07 2.619041543146912e-07 0.0 9.63765843691887e-08 4.226644235554928e-05 0.00019140038822803765 0.00012056167306295879 2.0731438442355739e-07 0.0 0.0 7.072591020016284e-05 0.0 0.0 6.493433484389006e-07 1.335380123106129e-06 3.6398239125044706e-06 0.00011744162177006675 3.317744715659108e-06 7.763194314475164e-07 0.0 0.0 4.137980028103583e-06 0.0
2.6810327507285573e-05 6.782783903251678e-06 0.0005281623139476857 4.6306206443471625e-07 9.397862609524725e-07 1.0039063581723318e-05 1.3713121612013388e-05 0.00012462818184702114 1.6390103045322846e-06 1.6580695346853536e-05 0.0002880713256465729 1.0843716991770706e-05 4.119227085310284e-06 0.00017015736140249665 9.244216191207398e-08 3.3670501891203396e-06 0.0018220953943487669 0.00018684885422720997 0.0 3.0762848287839427e-06 0.00011384998623960603 5.888883047216098e-07 0.0002660617830633184 3.488850695840902e-06 6.41539577173868e-06 0.001899767531123757 0.0008325857519401029 1.6634326655146143e-05 0.00020129818319472727 0.0001416755292647403 7.158024482744338e-06 1.1902109067167008e-05 1.125997997739417e-05 0.002451887067991755 2.951384639310291e-06 0.00040644387558721806 0.001104443430438809 0.000981921901598369 0.00020103174972657556 9.315421040632719e-06 6.536378744422353e-07 2.2854517611380673e-05 1.6068236989709115e-06 0.0 2.012510060216173e-05 2.4795861159878755e-06 0.0 0.0 6.436239964526858e-08 4.7320517883439894e-07 7.578013332411169e-08 1.573496189310928e-07 1.4415466942383522e-07 5.263249051332823e-06 0.0 1.5377635302783568e-05 6.079300407123028e-08 0.0 4.034649299000884e-07 1.6665132134659852e-06 2.9195798415962936e-05 3.6377277812646607e-05 0.0 4.115264518013943e-07 3.9200506172743423e-07 1.0054625767125823e-06 3.860752784731053e-07 1.1049165942303998e-05 0.00032868678912244416 0.0003472714403863775 7.954120561073537e-07 0.0 2.635683178431774e-07 9.11789083996132e-06 0.0 0.0 2.5940246308306584e-06 1.0896149980681863e-06 9.481693041812238e-06 0.00015533600804775322 1.4690676776355164e-05 2.0502711042383405e-06 7.502772354131896e-08 0.0 2.0894019227297672e-07 0.0
7.24376331106622e-07 2.78258396313504e-07 5.835030302271258e-07 0.0011760023008948785 6.050142159777628e-06 0.00010502978225745778 2.3748559655096548e-05 0.0001758107298869996 0.0005908458938108826 0.0007470979862679092 1.432125376492605e-05 0.0028215155661169837 9.035790201505426e-07 9.327792143259629e-05 0.00013008287224138568 6.348824959923741e-08 8.941542399889329e-07 3.7942484781638385e-06 3.0762848287839427e-06 0.0 3.032675665524904e-07 1.6367444770797708e-06 8.549510943211848e-07 0.0002832928996808873 0.0 5.697922455495483e-06 4.342537102686384e-06 0.0011846665755390953 0.00015508441128459681 1.2689759480354878e-06 3.0518886920192283e-07 5.055173025278688e-06 1.532087360354746e-06 7.910501044145862e-05 2.493405042870929e-06 0.00020927833236418213 3.6443193730800415e-06 0.0001553267317054884 2.947587417150854e-05 0.00046302836521548826 1.2900181521350875e-05 9.670363392761554e-08 1.977824921263731e-06 2.3347809843790243e-07 1.8528143516182246e-07 0.0 4.4152024498220056e-05 0.0 2.1950481997848605e-06 6.51012326243583e-05 2.47362168019834e-06 0.00010862639335187322 0.0002561582317037451 2.3687469954950033e-06 2.5580056577680125e-05 1.1539882091909328e-07 4.914475228825147e-07 1.163510462909333e-06 5.449744195442029e-07 0.0 6.825104594730445e-08 0.0 5.862871376343227e-05 0.0 3.6847733348046635e-07 0.0 7.796093361404555e-05 1.0600917569457214e-07 0.0 4.88937250099759e-07 0.0001583808122330244 1.285281864716335e-06 3.578157505637183e-07 0.0 5.225140622148178e-07 4.3536799666103944e-07 1.543612362240361e-06 0.0 9.056759132542659e-05 8.405647540477413e-08 2.7032076136381248e-06 7.080306824825149e-07 4.672467390637881e-05 6.066907786534512e-07 6.763148396755991e-07 0.0
4.477131698084252e-05 1.9753190600934824e-05 0.00022313458965204347 3.6650072487406604e-07 1.49965909509753e-07 1.0167927099931572e-05 0.0005628753421514866 0.00022024853532337863 3.5377457564419714e-05 9.96975999635159e-06 4.396100265564869e-05 5.325124087555311e-07 7.148658962343362e-07 0.00025497097890050447 7.634339427477051e-08 0.0014324709664485017 0.0005025263833800919 5.549987481557044e-06 0.00011384998623960603 3.032675665524904e-07 0.0 0.00010428808622792656 0.004463013458630125 5.8921103186458334e-05 9.672525546374258e-07 1.1217565250654381e-05 0.0004045748628898093 0.00207371696021212 0.00015420783247278324 0.004906978861240405 1.96796055948109e-07 1.1330571840639522e-06 1.5289138961255428e-05 0.0018975579498767734 5.536371131777341e-05 0.0029083255859793516 0.00046828937565723946 0.0021682849006013274 0.001408990286932778 7.096445549526589e-05 4.049523915108882e-06 4.321439667827757e-06 1.7585279644727505e-05 3.1375031552440974e-07 1.2997037608461566e-06 4.3227522644315675e-06 1.8399104323288546e-07 0.0 4.6078606870723346e-08 5.617030697238724e-06 3.491815277690387e-07 2.7800101457278773e-06 3.575697350626447e-07 1.485593537887474e-06 0.0 1.2948576082904995e-06 4.632762319527027e-07 1.3454737582068724e-07 0.00024064941434107163 2.557335163135423e-06 1.8659450470865417e-07 2.5100838893127466e-07 4.088456026589704e-07 0.00026363598284650873 8.10891558300187e-05 9.212338848763284e-05 0.00010130004161837733 1.6466875271223764e-07 1.0431351510672082e-06 2.702082048027597e-05 0.00010483406446430513 2.6020682471091594e-06 5.467114920162224e-05 0.0 5.346289044489159e-07 1.3035863156420716e-06 1.3945427648866403e-06 8.564019312243775e-06 0.0003060811133385531 1.0577659603180446e-05 4.825128327648908e-06 1.8555360346611494e-06 2.308657792122786e-06 2.537464074261723e-07 2.4980460705791762e-06 0.0
0.0 0.00123072974976824 1.4792111670790153e-05 5.667879894558514e-07 1.2976130405474592e-06 1.0622900765113057e-06 4.980966037598519e-06 5.343768683831748e-07 0.0011721398055373952 7.495557040802893e-07 6.3083652850474175e-06 6.827440933258084e-06 7.10216998092086e-05 7.088300413190806e-07 3.661586238566765e-05 0.0007978554338049116 8.229353394264327e-07 2.063613172131386e-06 5.888883047216098e-07 1.6367444770797708e-06 0.00010428808622792656 0.0 0.00026704717638330176 0.0029549151927833646 0.0001592425415183573 3.184018953008877e-05 0.00242221940032857 0.00017290695284151407 1.2764477478240663e-06 2.9053494604325437e-05 1.4716142189997838e-05 6.12429194972874e-08 1.0636362567990929e-06 1.1911634177461262e-05 3.141041431167302e-07 3.258344022738009e-05 6.65442418759738e-06 1.4540746186230277e-05 1.0066942967490651e-05 5.4400100854781904e-05 1.852949140379434e-07 6.391843403160275e-06 2.3387032900359207e-07 7.39938984722717e-08 1.1315512961200808e-05 1.0209517586302426e-05 2.2214566949189924e-07 0.0 0.0 3.4744247938836855e-06 3.115452186853232e-07 4.128539054372907e-06 1.6203068599556467e-07 1.1304932464365147e-06 7.859642388911526e-08 1.8322283620727891e-06 4.7119239481626207e-07 5.179441178427452e-07 0.0007124732190550005 6.861793859060185e-07 1.6149959935867807e-07 5.175313662793401e-07 4.498555325528551e-07 0.00011663486002259312 0.00010343636445477016 0.00030245968672514836 8.062989883812466e-05 1.493948790511322e-06 1.6760244854474199e-06 0.00047615029623615 5.3446913739118775e-05 1.5688492592737687e-06 1.528895431484087e-05 3.554045356968762e-07 0.0 9.416292726140781e-08 8.920580146334622e-07 0.0 3.6130920335932736e-05 5.523638681291122e-06 5.242763221660542e-06 4.006540218996158e-06 7.111199652185549e-07 0.0 8.186430882790327e-08 0.0
5.6869500870578845e-05 1.1152970891374645e-05 0.003922965607482003 2.656728012567518e-06 4.844860664498876e-07 1.8198629290868243e-05 0.0006578881510451535 0.0005685937708772518 1.170882452802593e-05 3.068050616467661e-05 8.243424624898869e-05 1.8383433167084391e-06 8.567387432726603e-07 0.0005471002632543674 6.029756787932604e-08 0.002296248761617419 0.001730811562347954 1.9531226981400302e-05 0.0002660617830633184 8.549510943211848e-07 0.004463013458630125 0.00026704717638330176 0.0 0.0005294822652411332 4.0145770296245757e-07 0.00045008612650759264 0.005043231410268812 0.0023911404471831025 0.00013360290447738407 0.001872775930548408 0.0 3.041771338825942e-06 1.0246128677880092e-05 0.0020072231018690378 7.372412885931481e-05 0.004486758731960234 0.0036155656853100833 0.0046000279760690915 0.003435178999774945 0.0002403560683293014 8.33653529366401e-06 9.1103655692347e-06 3.089987323243292e-05 1.7717303987762712e-07 5.728843895908702e-06 0.0001104847254540558 1.8869063547552073e-07 0.0 2.405357183751496e-07 5.61354192426161e-06 4.291096125951722e-07 1.7638741625230022e-06 6.262920393449308e-07 4.470106563657286e-06 2.2051160405731952e-07 7.644464853807721e-07 3.6490702039696574e-07 6.509359793353417e-08 0.0011191618424999225 3.586374791322715e-06 5.761821796628119e-08 1.0159512469311339e-06 3.476736577209627e-07 0.00013615255827967795 0.00025143029042873355 0.0015842526062847325 4.37385402562151e-05 4.799689356250581e-07 5.183440261654505e-06 0.0011600489885581443 4.2234483330169984e-05 5.38087049635939e-07 1.3175948042365171e-05 6.298830626033556e-08 0.0 4.342747746778858e-07 5.409521479207911e-06 1.8274673827718115e-05 0.00017366530327106233 6.676520520682892e-05 4.0632979029460055e-05 2.865205839189389e-05 2.192003898659623e-06 1.8748282412761812e-07 1.646235194957478e-06 4.2487014188900417e-07
