0.0 5.6182236270074095e-08 2.7351478933441543e-05 8.282812873938957e-07 8.77941472279584e-08 4.26762754052981e-06 0.0014988538151481916 0.0003194278794989674 2.0797192256931477e-06 1.0675746055149828e-05 2.9278422765574673e-06 6.794125618352284e-07 2.6107446727431104e-07 0.0026561390371397015 0.0 1.0284813951995383e-07 9.24894602557844e-05 1.567759789131658e-06 1.6287333057939618e-05 3.121469534688017e-06 1.386685504772817e-05 2.1008068292326066e-06 3.7668745333798165e-05 7.3838091327068e-06 6.279148769778606e-08 2.4780598975587584e-05 3.0320446359782004e-06 1.0383395210326018e-05 0.0024250831710064297 0.0008830395485289125 0.0 2.2361525019801944e-06 5.1073331868903354e-05 0.0001013745118179099 3.414787497623233e-06 3.4159685532708666e-05 1.3791670215829261e-06 6.479558429756059e-05 2.1532329423122457e-05 3.78184165579893e-06 3.1543217382981123e-06 1.2952271116586678e-07 1.3972763539863354e-06 5.972570756003284e-08 1.8300652341936899e-07 0.0 0.0 0.0 0.0 5.452868319888631e-07 0.0 2.8847801468168264e-07 0.0 0.0 6.872297482893443e-07 0.0 0.0 0.0 6.106064845810799e-07 0.0 0.0 0.0 0.0 1.6778820170040494e-06 5.275913055234749e-07 8.654386184735499e-08 1.5658664783654586e-06 0.0 0.0 2.120118862815292e-07 8.531343695678875e-07 0.0 1.7741638272540525e-07 0.0 0.0 0.0 0.0 0.0 3.3872217701247046e-07 0.0 2.2686046736622865e-07 0.0 4.168369395897759e-07 0.0 2.129311619577411e-07 0.0
5.6182236270074095e-08 0.0 1.6157984894422614e-05 0.0 8.178063672025469e-08 0.0 4.550098352988256e-07 2.555903776959696e-07 0.00024374034645632798 0.0 5.837996687433892e-05 8.855654813558565e-07 0.00044758734453585763 4.1578986120596026e-07 2.74211306436066e-06 7.807943879890836e-05 1.147207371900992e-05 2.706374654599443e-06 3.099285304141498e-06 0.0 3.174342720683601e-06 0.0010550179782781908 2.304945626039118e-06 0.0002452977050694825 0.0010018263385774728 0.00011702667532417249 0.004838121566127921 1.4023736784015938e-05 8.966668538521181e-07 1.108687372522918e-06 2.6589507560961602e-05 0.0 3.4910539190177615e-07 3.4266324222604855e-06 7.54781671266203e-08 7.688048465298975e-06 3.0709559389795715e-05 1.4554324515438577e-05 1.8316704251340266e-06 3.114342584303979e-06 5.918589133412539e-07 7.189532188601412e-05 0.0 0.0 0.00011873433257758882 3.100007657126531e-05 0.0 0.0 0.0 1.6133610909853133e-07 0.0 5.453104640767552e-06 0.0 4.6039063594165863e-07 6.132360800494398e-08 7.296059835167967e-06 2.0617604528568779e-07 0.0 5.795074675850654e-07 1.14663408303233e-06 1.3064755437309062e-06 5.000805228137478e-06 0.0 1.0508226365485533e-07 3.766970970356341e-05 3.7778675887582724e-07 9.100603152249318e-06 5.995720227854352e-06 4.214152037412113e-05 0.00041724581699610364 1.4567523493969127e-07 1.945600910847822e-07 1.2469158897700364e-07 4.96082512882294e-07 0.0 0.0 2.421495493149567e-07 0.0 1.2159974474168885e-06 2.5805048367133854e-06 2.157212105782723e-06 5.340578965735885e-07 1.6907711195054316e-07 0.0 1.5345377208428144e-06 0.0
2.7351478933441543e-05 1.6157984894422614e-05 0.0 2.9709254246903603e-06 0.0 8.431229606995946e-05 0.0008054899441932365 0.0004663365838834611 5.181056838881854e-07 4.550367768381769e-05 2.6014364040526306e-05 1.8539584288045542e-06 6.401936022325553e-07 0.0002647380723347157 5.920598884596192e-08 4.482739925570256e-06 0.005378684486084754 1.9776753463295406e-05 9.808430386804461e-05 1.7411566233765684e-06 0.0006232472190679529 4.18009192967145e-05 0.006361146679946297 6.619616658456973e-06 1.8923431731223003e-07 0.0026670464625090746 0.0027667912459077614 6.76378150518138e-05 4.73654255758262e-05 0.00011212140848787228 4.631380321665925e-07 2.974553575937782e-06 5.5694154570982e-06 0.0011418261241308298 5.189814684620903e-05 0.0013356550936875025 0.0018375293226190815 0.002286047496574047 0.00046933692327999504 5.354267739670024e-05 2.8950026618483908e-06 3.1046646107169573e-06 5.202201641222869e-06 1.5980263800345386e-07 0.0001128569963597763 0.00018440724041223036 0.0 0.0 2.2057438178919593e-07 1.422902888094069e-06 7.134553065762538e-08 0.0 0.0 0.0 0.0 0.0 4.1443150495198863e-07 0.0 6.9388803925067686e-06 6.099419266411573e-06 0.0 1.0744026857050445e-06 0.0 3.19155994269135e-06 0.00010718671285894901 9.333505854029644e-06 5.689673456479417e-06 1.530471155353237e-07 1.7177829206028773e-05 0.0006197499265876125 1.943860695874242e-06 5.252951222567338e-07 2.6964092067712255e-06 0.0 1.1335751087596067e-07 0.0 1.350709437311286e-06 6.449048079916622e-06 6.955979961320149e-06 4.506639161009082e-06 5.729659292274859e-06 2.5709487679568963e-06 8.319384553664694e-07 0.0 0.0 0.0
8.282812873938957e-07 0.0 2.9709254246903603e-06 0.0 1.0574786329175235e-06 0.0002904069725604431 0.000292957916852231 4.921944419617837e-05 0.0004141470505160803 0.0027560185497792268 9.144724248354301e-07 0.00023782293071916203 5.785610450735778e-07 4.2997789811201224e-05 1.2862941266385217e-05 3.011805754933415e-06 2.0702079282333609e-07 4.112868989263127e-07 6.076096621084721e-07 0.0012427264253555984 2.960519909462106e-07 6.168088931625443e-07 1.3367376155411128e-06 0.0010764390633642852 0.0 9.109828091407124e-07 1.1666441089237448e-06 0.0014488489955720933 6.737120186466426e-05 2.621120924540643e-07 0.0 3.809653484784094e-06 1.462466700580936e-06 1.1676016442530222e-05 7.904340347361216e-06 0.00015770648743058027 3.070234764186558e-06 7.356276262701064e-05 2.3688561356149526e-05 5.1145573798483356e-05 1.3116949666520974e-05 9.779766979534735e-07 4.326306916739714e-06 4.5337413587162227e-07 5.487714536250446e-08 0.0 6.128819011413631e-05 0.0 6.755323692610972e-06 5.420784605510711e-05 3.5087950514286013e-06 3.222455985101057e-05 1.1794179598057269e-05 2.9950448091121814e-07 7.836032975040205e-05 0.0 4.441223943440774e-06 9.143264793541374e-06 2.6446040944951127e-06 0.0 0.0 0.0 2.6100883427797778e-05 2.4610643642534373e-06 2.6556119771088575e-07 4.876257687545109e-07 0.00014790782558966376 0.0 2.035854108520218e-07 3.771256063950266e-07 0.00011984320185742585 3.903691431793353e-06 5.680539037514659e-06 0.0 1.1502286569600536e-07 2.9502145797516356e-07 5.289614575315887e-07 9.148679007802073e-07 2.80704426174136e-05 0.0 5.972129425101825e-06 2.6407749150991566e-06 0.00010109962890789957 9.865628633618485e-07 0.0 0.0
8.77941472279584e-08 8.178063672025469e-08 0.0 1.0574786329175235e-06 0.0 0.00016066950408340875 1.1850147647779888e-06 0.00012340010049687996 6.272059551973869e-05 8.491077150447288e-07 1.9489835992762974e-05 6.100899183952808e-05 8.3180975345165e-07 8.077718137780693e-05 0.00039410731550073436 0.0 0.0 2.358162613538152e-06 1.877215418170704e-07 1.7138797950168228e-06 1.0144654753852446e-07 1.44248010019032e-06 0.0 1.0250460196840706e-05 2.707497063491338e-07 9.153836399259345e-07 3.9986841062997164e-07 2.9607862177488393e-06 8.60330973142323e-05 6.730489461509276e-07 1.309703056661868e-07 0.00010721503907596341 0.0 0.00013323646768264392 9.14817360723367e-07 1.1996815293915999e-05 5.8493156574703155e-06 0.00017980365310536788 2.284670531383532e-05 0.0009745122030141664 0.00010265046876215161 1.1239844320536106e-06 0.0 0.0 0.0 0.0 0.0 0.0 1.5116946941995327e-07 7.240124327523922e-07 0.0 1.0470452929900922e-06 0.0 0.0 1.038876396620348e-06 0.0 0.0 7.87605547543345e-08 2.0256251422532955e-07 0.0 0.0 0.0 3.934073716079999e-07 2.07638382173026e-07 1.0829578584380522e-07 0.0 1.0411201999139456e-06 0.0 0.0 0.0 8.632461668289469e-07 0.0 0.0 0.0 0.0 0.0 0.0 0.0 6.651033390724545e-07 0.0 3.7311661783516703e-07 0.0 2.150447545129245e-06 7.759429682954765e-08 0.0 0.0
4.26762754052981e-06 0.0 8.431229606995946e-05 0.0002904069725604431 0.00016066950408340875 0.0 0.0023518464736776517 0.002020937916049582 5.011966272485705e-05 0.0030576587099536943 7.203447165488764e-05 0.0034850148065220013 4.9449707660222195e-06 0.0005898921005702634 0.00048469487057526106 6.789315136427513e-07 2.6148789310130173e-05 1.530766591497912e-05 2.2029062639236573e-05 0.00046646284503402177 4.147530084221486e-06 6.390295531295958e-07 4.7010761676879174e-05 0.00018698650605839675 2.5328398035752227e-07 3.129784949034314e-05 1.0056368159251306e-05 0.0009588541016276402 0.0003736207268399697 1.292879424108272e-05 9.365781430637212e-07 0.0004216937385484565 1.1454429747091564e-06 0.00026075943077794066 5.393963062826147e-06 0.00016785315204167667 2.390970257972222e-05 0.00033521318931166 5.360865932693511e-05 0.0007517886626956908 0.00018561387325746924 4.512505694944552e-06 3.2599247904930594e-06 2.263094055165423e-07 0.0 9.044635752722689e-07 7.99829541974442e-06 0.0 8.821531052553064e-07 9.754018476038001e-06 8.106212957531438e-07 6.5371518264946e-06 2.3170635822662865e-06 0.0 1.699602358537425e-05 6.063374084038916e-08 7.668315183109311e-07 2.7156763261063174e-06 1.816477650583758e-06 0.0 0.0 0.0 5.147971593040686e-06 7.643279963055297e-07 5.720426596878407e-07 0.0 3.1166790797218974e-05 6.705927270563895e-08 0.0 7.737487505156752e-07 2.6048384201332263e-05 4.915696916025073e-07 2.2732105605832375e-06 5.469091263115742e-08 0.0 1.1259892122353219e-07 7.663065565270949e-08 0.0 1.3290867842664265e-05 1.1074001550880047e-07 1.7980138460846072e-06 4.402693250874943e-07 2.324003215797866e-05 0.0 4.272976523071165e-07 0.0
0.0014988538151481916 4.550098352988256e-07 0.0008054899441932365 0.000292957916852231 1.1850147647779888e-06 0.0023518464736776517 0.0 0.003363355521387831 0.0001584764465114816 0.004013208302291756 1.1920734132264495e-05 7.574082753257787e-05 2.284688682457595e-06 0.003660446478019633 4.372854267588014e-06 1.757045146828846e-05 0.0002710553619699812 7.3550985115246635e-06 2.529273015150463e-05 5.502134145691017e-05 0.00036018190877963835 1.5275121729036612e-05 0.0015396629972527127 0.0013658483593051729 1.786284402710444e-07 7.795926753382725e-05 0.00016738962421009908 0.01188696694963928 0.0010098321083805185 0.0025183641074495227 2.526023121182468e-07 2.98489715492585e-05 4.968145063831683e-05 0.00019512707165053237 5.11430497883874e-05 0.0011320879130720587 5.2913343833581215e-05 0.0006363336769059976 0.00030778071050006694 0.0002107224058464011 7.080947927860178e-05 1.5850706624180906e-06 1.759872414788864e-05 3.3001951492855025e-06 6.647861079893986e-08 2.487809756537394e-06 3.292973955990547e-05 6.19891725958162e-07 2.68329526096405e-06 9.280264062706547e-05 7.306594614891966e-06 3.829625974538402e-05 7.415379698578037e-06 5.402820936375869e-07 2.3658837037922223e-05 0.0 8.079860546468647e-06 2.5756804885522144e-06 1.1002807603502393e-05 4.668261928145336e-08 5.006905256213288e-07 5.9350230905995975e-08 1.6458694566625396e-05 9.70978954884824e-06 5.9727296620579115e-06 1.1404214234886065e-06 0.00023544753426442226 0.0 2.2267577371642417e-07 9.602361940654206e-06 0.00017235437290279637 8.557991028263132e-06 1.604951798252868e-05 6.43203198058945e-08 3.8100317236182447e-07 4.0046103890961797e-07 2.9692428235370505e-06 2.344046835609727e-06 4.3139328773646845e-05 4.874493858006649e-07 1.5638663168809125e-05 3.6046686400479604e-06 5.935517749100265e-05 1.6411594456962001e-06 1.8550821934242508e-07 4.280661332389175e-07
0.0003194278794989674 2.555903776959696e-07 0.0004663365838834611 4.921944419617837e-05 0.00012340010049687996 0.002020937916049582 0.003363355521387831 0.0 1.758398914359226e-05 0.00157908618795466 8.78013289331449e-05 0.0004911884697729242 4.141906746641647e-06 0.0045729955869989476 3.319853240228919e-05 7.750446095624972e-07 0.00045898077025549437 3.008417282066317e-05 0.0001576296328608025 0.00026160092539429 3.0833152391955054e-05 8.893021516968579e-06 0.0003310765806316804 8.31778203336979e-05 6.827743563770663e-08 0.0002490118930051308 3.870896705969615e-05 0.00024338949426218326 0.0002878404832377479 0.0004518090341390202 1.0463715792761867e-06 0.00012590271828025662 2.331731330474251e-06 0.0003914046897147982 4.461369579002952e-06 8.691981850281491e-05 2.9655066632079364e-05 0.0003147543291925414 9.093402722340675e-05 0.0002715407781606521 7.916147459182218e-06 1.271972497121831e-06 1.6049842702393884e-06 7.918174479755729e-07 0.0 6.686331009108634e-07 1.0949828043598846e-06 0.0 2.4741767698800487e-07 5.32927680718534e-06 8.857842838336873e-07 1.640477906573858e-06 4.1076685741990795e-07 0.0 5.741561839955021e-07 0.0 8.645907352389447e-07 8.109242501924054e-08 2.9444100311669e-06 6.724710556469801e-08 0.0 0.0 6.327405347536441e-07 4.219056673710479e-06 2.359734792045376e-06 2.8926355288266726e-07 1.542938104506846e-05 0.0 1.9047568901310048e-07 3.2251714045951373e-06 9.066683059372513e-06 8.336733073759886e-07 2.661278342906797e-06 5.988707144771735e-08 0.0 4.142206154976556e-07 5.290872543154035e-08 1.6647806185960217e-07 5.351873847624963e-06 6.670922747618929e-08 9.602725114309003e-07 8.86383151228015e-07 2.838744523266675e-06 0.0 0.0 0.0
2.0797192256931477e-06 0.00024374034645632798 5.181056838881854e-07 0.0004141470505160803 6.272059551973869e-05 5.011966272485705e-05 0.0001584764465114816 1.758398914359226e-05 0.0 7.33213905829789e-05 1.5505413801703848e-05 0.0007196967439603569 7.066937344264295e-05 4.3931243603458216e-05 0.0008225574868332041 9.186303728347167e-06 7.94796300137824e-07 4.2035166852806606e-07 1.0691034869642051e-06 0.000566444125277258 4.4296506070505723e-07 0.0019200672770009052 7.31736512063473e-07 0.0041151756886568065 0.00017609167383245635 5.966565988556508e-06 0.0001170130738420469 0.0006555289961634899 7.302104646387152e-05 2.8997036544580554e-05 5.806709296671094e-06 6.402578554300007e-06 9.080611557800167e-06 2.629600977963985e-05 1.1714539572532806e-05 0.00028137747530012833 8.245295634018391e-06 0.00010703137615433317 4.614547405604807e-05 0.00048195044697720875 2.6912656986122375e-05 2.6154651324972968e-06 8.881250585556886e-06 3.311760960003006e-06 8.159351769338531e-07 4.854571391841447e-07 0.00011707474299002256 5.273345426671847e-07 1.0779451932293209e-05 8.694748571622319e-05 6.843945447103648e-06 0.0001656691485134232 2.7666835238622344e-05 7.546198693032082e-07 0.00016079004703002827 1.1390141180828684e-06 1.418849812096122e-05 3.64295044681271e-05 3.203273363115193e-05 2.6735059240218543e-07 1.9169335853402928e-07 3.1537780315023186e-07 7.863095992674996e-05 2.8771113516876295e-05 5.425111492872625e-05 3.146802456888894e-06 0.0005862951049945038 5.495268614673252e-07 5.852973152846542e-07 2.7376753384116806e-06 0.00024504008662905503 1.254506070209723e-05 2.6892128228339167e-05 1.9636928678010322e-07 2.8487939662714756e-07 5.125358283867438e-07 3.3060267617017708e-06 5.630930946700333e-07 4.868330579234156e-05 6.914123484002983e-07 1.1249250881106202e-05 5.214171315874511e-06 0.00015165174853027126 1.3006157976570844e-06 2.5090120574157023e-07 6.479273099778222e-07
1.0675746055149828e-05 0.0 4.550367768381769e-05 0.0027560185497792268 8.491077150447288e-07 0.0030576587099536943 0.004013208302291756 0.00157908618795466 7.33213905829789e-05 0.0 1.585589454257031e-05 0.0045236460614141594 1.2661527311842142e-06 0.0007050386824275375 3.3982676361735033e-06 6.430140555852744e-07 3.5716137966333205e-06 5.8694332239334074e-06 1.0508987472918164e-05 0.005786866355455948 5.370895192877072e-06 3.5918497909923777e-07 2.7202134601046886e-05 0.000296112944728733 0.0 8.173066837475058e-06 1.382250682110315e-05 0.003904687675618436 0.00036480547955119455 3.4326507423739634e-06 2.717214772814655e-07 3.147171449567207e-05 2.4726129839735047e-06 7.325981099143056e-05 9.158585642867066e-06 0.0003076098368043788 1.9624025866057387e-05 0.00032675411166045417 8.113655212850557e-05 0.00011812058892734537 3.3984167477864596e-05 1.3049992022675983e-06 1.3430790493973648e-05 2.3111682091414472e-07 0.0 0.0 4.2977636882837963e-05 0.0 1.0623328255356183e-06 2.9059276038942207e-05 2.9000345424236235e-06 8.741406428120452e-06 6.574332928923981e-06 9.565367204684421e-07 2.1450482203566373e-05 0.0 2.5046911638462958e-06 3.3189947085363525e-06 1.5757545436486171e-06 0.0 0.0 0.0 1.251990372016357e-05 1.7440639862595127e-06 1.9736216833106785e-07 0.0 6.761959609913383e-05 0.0 0.0 6.195596740956643e-07 5.5454350979511664e-05 1.9070971299399954e-06 3.5845991189181006e-06 0.0 2.3971365691481257e-07 1.4460980350603752e-07 1.6464183968443288e-06 5.21937865252846e-07 9.878964434596703e-06 2.2640739143513765e-07 1.8045129653793335e-06 9.638700827160095e-07 3.0096805164919588e-05 2.968321016246678e-07 7.724085305795461e-08 0.0
2.9278422765574673e-06 5.837996687433892e-05 2.6014364040526306e-05 9.144724248354301e-07 1.9489835992762974e-05 7.203447165488764e-05 1.1920734132264495e-05 8.78013289331449e-05 1.5505413801703848e-05 1.585589454257031e-05 0.0 4.0691958648201756e-05 0.0007084200575154553 0.00012625710878101388 5.820495863309559e-07 6.170896846801652e-06 0.00016749715844121228 0.0016004506971292588 0.0012257065927252688 1.289925881170653e-05 1.0476551247177367e-05 5.233433559200834e-05 3.0831338386653974e-05 2.0534509177118085e-05 0.0005482078074718237 0.000842383336590846 0.0003758184229677076 6.098351552374987e-06 0.00015091326309914853 5.7091822366008935e-06 0.00018504012686295285 0.00023520863492495068 4.258364696329377e-06 0.004411415677648747 4.563514626095302e-06 0.00030101628443254737 0.0024993460736317404 0.00391027897559801 0.0005507274650267339 0.00015836562350606375 0.00012700581394654273 0.0005856549736312445 4.775590904836112e-06 0.0 4.803753097231741e-06 1.6371495948196767e-07 1.2699016551833405e-07 0.0 0.0 4.5552616469339124e-07 1.0892286528810995e-07 5.549554999340328e-07 1.4049445026085997e-07 0.00018349958546293453 7.475350755979703e-08 0.0011659156306083295 5.170297202018106e-07 0.0 7.191984738930512e-08 9.448848210355042e-08 7.211656898086098e-06 8.265158577277235e-07 0.0 5.3622460783522804e-08 3.566809406261018e-07 0.0 1.3887008268910195e-06 5.062613908633039e-05 0.00015273245468622616 0.0001983195687700405 1.2653879485302952e-06 3.5810085337813587e-07 3.3370945646791034e-07 0.0001927095563251986 0.0 0.0 3.2630369282212705e-06 6.376351704843763e-06 4.2315395143918155e-06 0.0002537454872093543 1.5222470347487562e-05 9.493898076842171e-07 6.683549461454777e-07 1.2616973807738073e-06 0.00017764671009771988 0.0
6.794125618352284e-07 8.855654813558565e-07 1.8539584288045542e-06 0.00023782293071916203 6.100899183952808e-05 0.0034850148065220013 7.574082753257787e-05 0.0004911884697729242 0.0007196967439603569 0.0045236460614141594 4.0691958648201756e-05 0.0 4.085793265138681e-06 0.0006258042724260021 0.00047695370722167826 0.0 2.02064942754415e-06 1.691340549622309e-05 1.909129491343237e-05 0.003037594508994854 2.849838015018672e-07 2.1798400245370003e-05 1.120124794895298e-06 0.0005505894268831826 1.0929002819502289e-06 1.2254977404248831e-05 2.8719316147004875e-06 0.00017530328664097094 0.00028526335286517546 8.962392785153999e-07 7.993659651475993e-07 0.00010566439776897021 6.055795104493214e-07 9.422483190562562e-05 2.3262644826178557e-06 0.0005123792581358355 1.728607897090841e-05 0.0003988879810976318 5.306999563566695e-05 0.0009248690423875345 4.3451847010236134e-05 1.999665163664709e-06 1.2283011388140779e-05 2.55569207130189e-07 8.759925443942646e-08 5.970644423581332e-07 3.340249319756887e-05 0.0 2.8040881964122187e-06 3.031096940281522e-05 2.2286548891592135e-06 3.093689607269205e-05 9.585342396671697e-06 0.0 0.0001051744133543267 0.0 3.5608489397564017e-06 1.885122307230998e-05 4.288291128670861e-06 0.0 0.0 0.0 3.189544963655285e-05 3.87949253439707e-06 1.264862645508849e-06 0.0 0.00010365190305107272 0.0 0.0 1.7224412898682542e-07 7.377188347447868e-05 2.5577112572443285e-06 2.7805828644583725e-06 0.0 0.0 0.0 1.8465730001535384e-06 0.0 6.0492797275320283e-05 0.0 3.606919088252316e-06 7.409881922604744e-07 0.00016514885280805554 2.463031672856509e-07 2.295250489122574e-06 4.199515351510432e-07
2.6107446727431104e-07 0.00044758734453585763 6.401936022325553e-07 5.785610450735778e-07 8.3180975345165e-07 4.9449707660222195e-06 2.284688682457595e-06 4.141906746641647e-06 7.066937344264295e-05 1.2661527311842142e-06 0.0007084200575154553 4.085793265138681e-06 0.0 4.493655369682228e-06 1.1599117076093552e-06 3.163689599756436e-05 8.394054075270548e-07 2.8837786337988544e-05 4.094841812119999e-06 1.7874219966759865e-06 5.357538751634762e-06 0.00023669505821194555 9.807053404049433e-06 7.177619330934111e-05 0.002150288912774848 0.00015119037573409542 0.002351087690255291 7.0231753002171374e-06 3.313714900392138e-06 1.175310502061035e-06 0.000856067531180816 1.0552292697565419e-05 7.397820833164158e-07 0.00019663413626221988 7.873591619994559e-06 0.0009985392168404999 0.0014642249536097615 0.0010775561915211606 0.0002829880077065565 0.00013412673680166204 0.0002745820659504984 0.00028851807869778123 3.1482225047525755e-05 0.0 8.290122852187599e-06 1.495635305236658e-06 0.0 0.0 0.0 3.332261994536057e-07 4.796237099081689e-08 2.115520870472563e-07 0.0 0.0002453097683031865 1.0141757923222219e-07 0.0016828781595015355 1.248622446725836e-07 7.657409597997479e-07 8.148166415499648e-07 1.0037525511835204e-07 1.9065802785441128e-05 1.091575643661186e-06 0.0 7.219032015827707e-07 2.948578944882899e-06 1.6067871945407948e-07 1.498521469885908e-06 0.00013494425107869298 0.000280808125945893 0.0003597304041877945 4.425562165463399e-07 1.6011016225989925e-07 4.596296484033217e-07 0.0002507975823563135 1.5819011506581992e-07 0.0 4.160078935935092e-06 1.2282539221348798e-05 0.0003136857848533749 0.00030991637310953717 3.1448867074441734e-05 1.3642518761076714e-06 8.8078632366029e-06 4.278889396151817e-06 0.00027064590196038135 0.0
0.0026561390371397015 4.1578986120596026e-07 0.0002647380723347157 4.2997789811201224e-05 8.077718137780693e-05 0.0005898921005702634 0.003660446478019633 0.0045729955869989476 4.3931243603458216e-05 0.0007050386824275375 0.00012625710878101388 0.0006258042724260021 4.493655369682228e-06 0.0 1.548107120177186e-05 5.829696828219595e-07 0.00046827441834158704 4.2499842201908366e-05 0.0001589803877472744 0.00035429745624514355 3.706017673405829e-05 1.3089180197112646e-05 0.00023787471897476138 0.0001329131595866058 2.614031113720274e-07 0.00019745354423736784 2.6981536337236306e-05 0.00023077334440262828 0.002570158798794767 0.000969340462363224 7.942556598692019e-07 0.00023809557719246108 2.051813263546458e-05 0.0007545340869499782 4.4359530305310164e-06 0.0001324156783499825 2.8667625404663958e-05 0.00041020104980080086 5.4826957361428435e-05 0.0003290501109517045 1.770592413676282e-05 1.748606038690788e-06 2.3023529119005584e-06 9.430422347789074e-07 7.890824608102157e-08 4.816352779515287e-07 7.708425542964512e-07 0.0 3.7445154858834027e-07 1.2653437347420661e-05 9.66731549140402e-07 5.029433016195432e-06 2.4310930314983163e-07 6.51584501006991e-08 3.96530276766204e-07 0.0 1.8027518150172447e-06 1.9394241873134933e-07 1.0468829611865383e-05 1.2677651388388722e-07 0.0 6.001169695649229e-08 1.2818330651094658e-06 9.837430551326648e-06 4.202748504084598e-06 1.4521639854883703e-06 4.280598154090201e-05 0.0 2.565845965294601e-07 1.4193713647317812e-06 2.612142670201337e-05 3.986568229777442e-06 6.690128485686085e-06 0.0 5.787128865874142e-08 1.088303548497602e-06 1.0952291594690688e-06 3.369428349967102e-07 1.3335534706824652e-05 0.0 3.599989636052077e-06 9.715029778041011e-07 7.556126212761072e-06 9.010514758508622e-07 0.0 1.739178349056784e-07
0.0 2.74211306436066e-06 5.920598884596192e-08 1.2862941266385217e-05 0.00039410731550073436 0.00048469487057526106 4.372854267588014e-06 3.319853240228919e-05 0.0008225574868332041 3.3982676361735033e-06 5.820495863309559e-07 0.00047695370722167826 1.1599117076093552e-06 1.548107120177186e-05 0.0 5.320662586511835e-07 5.0363816837621724e-08 5.4224214863578556e-08 0.0 2.0818176862048525e-05 0.0 5.316919330746092e-05 0.0 0.0002893051993466807 2.8806954357867673e-06 3.2455357642427227e-07 2.427025257843146e-06 2.304124832459432e-05 2.345544753434892e-05 0.0 8.463544901125098e-08 0.00012917869646730346 0.0 1.0478852581287493e-05 0.0 0.0002235049006690082 8.684489474996695e-07 1.7764611910184717e-06 1.763706969599442e-07 0.000532017301941465 1.6882231333171757e-05 0.0 0.0 1.7414937384673877e-07 0.0 0.0 6.161113601411927e-06 0.0 9.059961194922164e-07 6.326968480391829e-06 3.789476077233628e-07 1.3728136116699573e-05 1.790468626005705e-06 1.1905667237501786e-07 3.392826967236514e-05 0.0 1.0068367581522167e-06 4.705439821096656e-06 3.5432486047502615e-06 0.0 0.0 0.0 5.398867698663381e-06 2.6420548927631537e-06 4.20593371738587e-06 0.0 2.302556314417274e-05 0.0 0.0 0.0 1.7433929189816125e-05 3.609868612425379e-07 1.9880040415936613e-06 0.0 9.880015764616692e-08 1.2520651653057663e-07 1.0005644696417961e-07 0.0 2.6816353534952048e-05 1.9562383938698093e-07 5.255005150187536e-07 8.654324393060164e-07 5.63116884465037e-05 0.0 1.8971197157388314e-07 3.0505956174640824e-07
1.0284813951995383e-07 7.807943879890836e-05 4.482739925570256e-06 3.011805754933415e-06 0.0 6.789315136427513e-07 1.757045146828846e-05 7.750446095624972e-07 9.186303728347167e-06 6.430140555852744e-07 6.170896846801652e-06 0.0 3.163689599756436e-05 5.829696828219595e-07 5.320662586511835e-07 0.0 6.928860591060851e-06 1.2031124167102315e-07 6.802541736759198e-07 2.0289414645779332e-07 0.0011246484706852265 0.002370405491588235 0.003155558255654191 0.0012411602566052688 6.261899889682149e-05 3.7374784377756584e-06 0.002241778440039633 0.0010577479608158686 9.137209569041497e-06 9.55056796194682e-05 3.1779321668245367e-06 0.0 6.388799310436201e-06 3.3768829221194204e-05 3.0935335090467494e-05 0.0007631613449706686 0.00026522996843392617 0.00013575358944092664 0.00021107280427983376 3.3270486857628e-05 5.725685557249174e-06 2.7883688830069966e-06 6.328082303007642e-06 6.899871561490782e-06 1.310282086161622e-06 1.874621949620347e-05 5.150359656839594e-07 0.0 6.005857101468431e-08 1.1288570916211238e-05 2.9597388857424758e-06 6.497222331795371e-06 6.240094586439722e-07 1.1994792506533382e-07 3.737784989043783e-07 2.0713519964908562e-07 8.677311657152165e-06 3.9092671252247174e-07 0.00114883870154081 1.5362643139799075e-06 4.244037636984499e-08 2.534566004750195e-07 0.0 0.00026552173841394523 0.0007714720521193666 0.00029458920417397405 7.901707571927232e-05 0.0 7.389682316164347e-07 0.0001950058548749159 4.5646661628451384e-05 1.5466802166654645e-05 0.00010925021649185762 7.251828131964141e-08 0.0 1.2601592522464845e-06 6.513817067232588e-06 3.957385529418392e-06 0.0002622461688474082 3.1780615927164477e-06 1.0952579673014677e-05 6.439801227770672e-06 9.572970213813717e-06 7.583300766675503e-07 4.715886441622965e-06 8.287469983391967e-08
9.24894602557844e-05 1.147207371900992e-05 0.005378684486084754 2.0702079282333609e-07 0.0 2.6148789310130173e-05 0.0002710553619699812 0.00045898077025549437 7.94796300137824e-07 3.5716137966333205e-06 0.00016749715844121228 2.02064942754415e-06 8.394054075270548e-07 0.00046827441834158704 5.0363816837621724e-08 6.928860591060851e-06 0.0 0.000116894126623941 0.0009071102210559434 4.6063075654748007e-07 0.0003286825949583971 2.487260645275668e-06 0.0020728818019423566 7.1620609719314385e-06 8.108235389842485e-08 0.0009918895433000965 0.0034340656158119757 2.197264096022458e-05 0.00023142923015298552 0.0007961380776991375 3.0340960412068746e-07 2.2507503956214586e-06 1.739873727669873e-05 0.0011686177376162604 4.728168205736917e-06 0.0001600531077419054 0.0008928713214667245 0.0007576252609000948 0.00013629965378281005 6.085787617036753e-06 1.4751048182088042e-06 1.8376135576903163e-06 5.121963799684821e-07 7.712764056384028e-08 6.71026827179004e-05 1.7014794651284662e-05 0.0 0.0 0.0 4.844049699040925e-07 7.023157431355801e-08 1.2448792545962947e-07 0.0 0.0 0.0 1.7064857570331316e-07 3.7250286971424974e-07 0.0 1.2497850155953787e-06 5.765671406878574e-06 1.1789802773799046e-07 1.0241390880478364e-05 0.0 2.629113539405562e-07 2.224139342589866e-06 7.019990285202585e-07 2.775164642961409e-06 2.556246444078658e-07 8.143902954525671e-05 0.00023237249311316229 5.202314835271707e-07 1.5475184640877736e-07 7.802372729992134e-07 0.0 0.0 6.528859074706361e-08 1.3922609312088092e-07 3.8871158241075694e-07 2.773759020687126e-06 7.002751463776386e-06 3.7406627149791626e-06 8.857925196495192e-08 0.0 0.0 8.420057395646929e-08 0.0
1.567759789131658e-06 2.706374654599443e-06 1.9776753463295406e-05 4.112868989263127e-07 2.358162613538152e-06 1.530766591497912e-05 7.3550985115246635e-06 3.008417282066317e-05 4.2035166852806606e-07 5.8694332239334074e-06 0.0016004506971292588 1.691340549622309e-05 2.8837786337988544e-05 4.2499842201908366e-05 5.4224214863578556e-08 1.2031124167102315e-07 0.000116894126623941 0.0 0.0007732628302986089 6.145696066559609e-06 3.616739588488684e-06 8.75691591267472e-07 2.2381716957618746e-05 2.063257665150227e-06 1.1940361469398871e-05 0.0008204051608741751 0.0002885438634693024 2.079036021884627e-06 3.7173229337601364e-05 4.697780659935228e-06 5.549515511692997e-05 4.1531147351401154e-05 4.6585062676661977e-07 0.0007308820006940878 3.941971489945916e-06 0.0002946284954759501 0.000718994925377363 0.0012047912282400401 0.00032510884388916304 4.380757409490443e-05 1.034828188791927e-05 9.540267896518181e-06 1.1901077591646544e-06 0.0 2.6528685281730342e-06 4.5353458671813393e-07 0.0 0.0 0.0 0.0 6.360867338144386e-08 1.4624779014749203e-07 0.0 7.232791564747831e-06 1.755938464840587e-07 2.7725337434120206e-05 0.0 0.0 0.0 0.0 9.405546826936565e-06 5.088817407752986e-06 0.0 1.088928456010632e-07 5.114407000583772e-07 0.0 1.0070651014491725e-06 7.976804579410211e-06 9.022556882055072e-05 0.00017764187010796452 5.683995147365125e-07 0.0 4.2313512987932743e-07 2.9076924202549584e-05 0.0 0.0 6.188055389774428e-08 2.1320319888613644e-06 4.769027328523637e-06 3.127982028652529e-05 1.246805195056126e-06 4.581741962153323e-07 5.692674157071349e-07 6.998972446309106e-08 4.195615835664933e-07 0.0
1.6287333057939618e-05 3.099285304141498e-06 9.808430386804461e-05 6.076096621084721e-07 1.877215418170704e-07 2.2029062639236573e-05 2.529273015150463e-05 0.0001576296328608025 1.0691034869642051e-06 1.0508987472918164e-05 0.0012257065927252688 1.909129491343237e-05 4.094841812119999e-06 0.0001589803877472744 0.0 6.802541736759198e-07 0.0009071102210559434 0.0007732628302986089 0.0 6.962105240979107e-06 3.5065002054443865e-05 3.54390830466556e-07 0.0001746365157497849 3.2790756308068654e-06 2.095721226790385e-06 0.0010388175447485263 0.0002330402518572559 5.40910336978821e-06 0.00013393480932645958 3.0391979013155552e-05 2.2059706717328603e-06 1.6488724306347662e-05 7.4324876092675945e-06 0.002187426120510057 5.834211166623351e-06 0.0005361693516348279 0.0007571217135539526 0.0023126911869310045 0.0005181746311086932 2.8407792816335617e-05 1.7697930023219206e-06 3.733162842611845e-06 9.084580012865537e-07 0.0 1.2003518565527917e-05 6.794658732948209e-07 0.0 0.0 0.0 3.5574863797356005e-07 0.0 3.965658115908402e-07 0.0 2.2621138270739448e-07 0.0 2.3142715945860923e-06 1.8577565279100803e-07 0.0 1.1086619503209687e-07 1.814734258411349e-06 2.3986430317474987e-06 8.407262912801233e-06 0.0 2.3659392895543721e-07 8.912443069378821e-07 0.0 2.0463470543577516e-06 3.963316082296299e-06 5.290571028368582e-05 0.00013854513970061743 7.592440862174015e-07 0.0 2.1766348202453612e-07 2.380080102333946e-06 0.0 0.0 1.4986631065506763e-07 1.0201155493929633e-06 3.164500639474057e-06 8.732257940021258e-06 9.012145136473636e-07 2.4483401948006876e-07 7.40722266713222e-08 0.0 0.0 0.0
3.121469534688017e-06 0.0 1.7411566233765684e-06 0.0012427264253555984 1.7138797950168228e-06 0.00046646284503402177 5.502134145691017e-05 0.00026160092539429 0.000566444125277258 0.005786866355455948 1.289925881170653e-05 0.003037594508994854 1.7874219966759865e-06 0.00035429745624514355 2.0818176862048525e-05 2.0289414645779332e-07 4.6063075654748007e-07 6.145696066559609e-06 6.962105240979107e-06 0.0 3.5978278127886356e-07 1.8817782077037687e-06 1.3559757066227547e-06 0.000986004374125119 0.0 5.007598821655725e-06 1.4341331331239548e-06 0.0011901638040205077 0.00032598722775294744 2.1753940572386065e-06 2.090130302172182e-07 3.001948572806796e-05 1.6138262808515618e-06 7.088245127682582e-05 1.512781492641159e-05 0.0005584262391296412 1.7891289691116326e-05 0.00037511351093204987 9.878215488134683e-05 0.0003047079826308448 5.741619749360843e-05 2.0865002164764173e-06 2.5861983516522606e-05 3.0398619976624408e-06 0.0 7.078617811741039e-07 8.973397652887346e-05 1.9641007850846196e-07 7.200468616059608e-06 9.046835182676422e-05 4.751382185330242e-06 4.537827045040261e-05 1.5829237715280122e-05 1.4221385158475458e-06 0.00011695478594376819 0.0 9.966861695530049e-06 1.568441951243204e-05 6.157121075261094e-06 6.368565013042554e-08 0.0 0.0 3.880319288567766e-05 7.864763415671634e-06 8.568310380994845e-08 8.686552717481382e-07 0.0002305702353087554 0.0 0.0 4.191664027461353e-07 0.00018558064454888092 7.959618991051181e-06 1.7339107604469336e-05 0.0 1.205330230609636e-07 2.6454320291634876e-07 3.1601793493312113e-06 7.060363951375813e-07 5.008270253227831e-05 1.0734130643566516e-06 8.771733187514356e-06 4.055230106473428e-06 0.0001420205668231242 1.907115524491705e-06 0.0 7.195047115914802e-07
1.386685504772817e-05 3.174342720683601e-06 0.0006232472190679529 2.960519909462106e-07 1.0144654753852446e-07 4.147530084221486e-06 0.00036018190877963835 3.0833152391955054e-05 4.4296506070505723e-07 5.370895192877072e-06 1.0476551247177367e-05 2.849838015018672e-07 5.357538751634762e-06 3.706017673405829e-05 0.0 0.0011246484706852265 0.0003286825949583971 3.616739588488684e-06 3.5065002054443865e-05 3.5978278127886356e-07 0.0 0.00010410511238762397 0.0070375692071013955 0.00023351172811803916 2.776996650852094e-06 5.362047822989894e-05 0.00047309386489194675 0.0011984357591840488 6.870551583085736e-05 0.0038079897599316067 6.094928879198989e-08 6.706761043162193e-07 2.06184234250518e-05 0.0018268098191026138 0.00023175365202552628 0.0031096038762183998 0.00039349253181589694 0.002272816099622063 0.0020860918619844478 0.00017346387243005382 2.507366398461605e-05 4.734867995802949e-06 3.893888190801943e-05 1.4809057330741251e-06 0.0 4.72057626838467e-06 0.0 0.0 0.0 4.672894076528304e-06 2.658956825053169e-06 4.919795640853738e-07 1.0954836950582553e-06 2.2801311267716576e-07 2.512447305658765e-07 8.252425803103132e-08 4.451783259993463e-06 0.0 0.0001655478399910028 2.9242503633608375e-07 0.0 6.573199674209668e-08 0.0 0.000112870199705226 8.747729846936552e-05 3.140719806568942e-05 2.8436432999619185e-05 0.0 7.48493473705043e-07 2.1062337416825917e-05 1.5242144581736726e-05 7.782551519170734e-06 5.217346529991545e-05 0.0 1.1554157914252234e-07 1.1827169721608974e-06 2.7454565842450838e-06 1.3593115864737682e-05 2.8686662815751655e-05 5.642791951007129e-07 3.999344368795939e-06 1.8973162455456273e-06 4.06019598523903e-06 2.8468529698549306e-07 9.97573162306778e-07 7.143144414293531e-08
2.1008068292326066e-06 0.0010550179782781908 4.18009192967145e-05 6.168088931625443e-07 1.44248010019032e-06 6.390295531295958e-07 1.5275121729036612e-05 8.893021516968579e-06 0.0019200672770009052 3.5918497909923777e-07 5.233433559200834e-05 2.1798400245370003e-05 0.00023669505821194555 1.3089180197112646e-05 5.316919330746092e-05 0.002370405491588235 2.487260645275668e-06 8.75691591267472e-07 3.54390830466556e-07 1.8817782077037687e-06 0.00010410511238762397 0.0 0.00035126411523826213 0.0036018513225582064 0.0008299187074564119 1.6014749406945797e-05 0.004634778575122292 0.000410250329609506 3.546214799763971e-05 6.146230064684266e-05 1.5664788855147943e-05 1.2144035726535124e-06 6.033193019270545e-06 1.2374018190629703e-05 7.2422898997897566e-06 0.00014847689021800414 2.345890257898468e-05 3.535482082397469e-05 1.7826828790637724e-05 7.106404402977018e-05 3.330698522199209e-06 6.792939859159217e-06 1.2079061779921123e-06 8.383883520582088e-06 1.3192742081207222e-05 3.685904348895135e-05 2.2655855600733675e-06 0.0 2.9551546858550397e-07 4.149461462809879e-05 5.135548302933624e-06 1.4818101524637377e-05 1.691027342837392e-06 1.1135560124036107e-06 2.431501230072366e-06 2.766045044776094e-06 1.1532945606811577e-05 8.517760179252346e-07 0.0006069929943539518 9.536510492303312e-07 5.7877384822531863e-08 6.001484141495577e-07 1.8910073477732308e-06 0.0001346334888323998 0.00020740174104260875 0.00013640211189235298 0.0002604991283100346 4.789766772863141e-07 4.257606166624096e-06 0.0003755709888882577 7.29829376885539e-05 2.3240364279010945e-05 7.512291597158033e-05 8.596594874794446e-07 8.205120125447587e-08 1.4465318310664982e-06 6.043391596944897e-06 1.5895780515640304e-06 6.0786284058646095e-05 1.654769689327967e-06 1.657036244408649e-05 8.44467448895697e-06 2.3434291185264993e-05 2.9724763496280605e-06 3.847596727581577e-07 1.6928012066061159e-07
3.7668745333798165e-05 2.304945626039118e-06 0.006361146679946297 1.3367376155411128e-06 0.0 4.7010761676879174e-05 0.0015396629972527127 0.0003310765806316804 7.31736512063473e-07 2.7202134601046886e-05 3.0831338386653974e-05 1.120124794895298e-06 9.807053404049433e-06 0.00023787471897476138 0.0 0.003155558255654191 0.0020728818019423566 2.2381716957618746e-05 0.0001746365157497849 1.3559757066227547e-06 0.0070375692071013955 0.00035126411523826213 0.0 0.0001024642360215819 2.366586815587366e-06 0.0009611925198918228 0.0039379768812081144 0.0012615322275669693 7.9761980867387e-05 0.0016640655371492827 3.056193574343844e-07 2.2683569489913443e-06 1.5328882676953985e-05 0.0021136401897080695 0.0002928128579431396 0.005746440259373603 0.003364179851346599 0.004283443135606942 0.003942635005049869 0.000334626277663495 4.6138920822924236e-05 1.1623796578995683e-05 5.1853587891525845e-05 1.3555053382452083e-06 2.094078550437452e-06 7.958947915011775e-05 0.0 0.0 0.0 2.0725027188817473e-06 2.766134227686614e-07 9.322480637467571e-07 8.706319413288914e-07 0.0 0.0 0.0 7.079318409445034e-07 0.0 0.0007006810991747499 3.6842876471801743e-07 0.0 0.0 0.0 5.27521399586679e-05 0.0005192892204669725 0.00017147432241146788 1.4576838206286285e-05 6.635099254409833e-08 1.3311549497953373e-06 0.0005040020374870992 7.987734161826408e-06 2.5203228852460717e-06 2.2896929744331866e-05 0.0 0.0 2.1041022761158838e-07 1.4489159291310191e-06 2.4333070797945813e-05 0.0001344421154164044 1.6821006407394587e-06 4.434138421147125e-06 3.1556667678400157e-06 2.070822423387965e-06 1.4826285357069541e-07 6.666572152543493e-07 0.0
