0.0 3.9136730103371757e-07 2.9803761103289316e-05 1.3307948750040935e-06 1.0909988211021848e-05 4.8122189131644486e-05 0.0008615074375205383 0.0007318094637728278 3.65115145020863e-06 4.262998236556116e-05 1.5537885811055383e-05 1.6660249424266736e-06 1.4966968002152387e-06 0.003827197751920533 1.4888659109504152e-07 4.486587210269104e-07 6.627396238118834e-05 2.583384954488666e-06 7.4917229894153715e-06 4.584705154238965e-06 5.605962870163264e-05 5.823487883800144e-07 5.2473636086944703e-05 3.0210350290154336e-05 1.9032552102831498e-07 9.600287405446574e-06 4.011380394762704e-06 5.442267562636909e-05 0.0015801412071335763 0.001932936229987864 1.6855468426744433e-07 3.301710578553061e-05 4.5750396728609803e-05 6.870445092335109e-05 6.446815314294883e-07 4.177134730690658e-05 2.9953242952371617e-06 8.213437615871614e-05 7.63423883790653e-06 7.383118480546878e-06 3.509319281798512e-06 4.4438026919855e-07 2.731763282785023e-07 5.035574846057673e-08 0.0 6.978564889036028e-08 0.0 0.0 5.8025447650414755e-08 1.6493647905424666e-06 6.324178209519079e-08 1.6717935017408955e-06 0.0 1.1641909542746643e-07 0.0 5.778563133236663e-08 4.723580892220498e-07 1.8237986004477315e-07 2.5060304019881845e-06 0.0 0.0 0.0 0.0 1.1032444600972792e-06 3.666606884017796e-07 4.931993662828141e-08 1.678004576162537e-05 4.498442951390986e-08 3.0536525104137467e-07 1.1173200891223987e-07 1.451237694573211e-05 1.774138060290631e-06 2.5608924091583636e-06 0.0 0.0 3.4603620468996677e-07 2.5783853255189136e-07 0.0 7.136467382788732e-06 5.968693021794749e-08 2.517920648272402e-06 1.0660756548915842e-06 2.8021881935781282e-06 9.170722291327569e-08 0.0 0.0
3.9136730103371757e-07 0.0 3.9553482571139325e-05 1.8375619171643267e-07 1.3276583155768348e-06 1.297920857808394e-06 1.2936036535778512e-06 2.210762078664883e-06 0.0002762609864348423 4.645891887366147e-07 0.0002296241039936814 8.522919837845506e-07 0.00095506989021596 7.511756684156832e-07 5.346230944450168e-06 0.00021979103590040447 0.00011122872010844522 3.907242262393986e-06 0.00016638621686849788 5.684292025283928e-07 4.964248051667261e-06 0.0013574238541033286 3.3341497118643044e-06 0.0006498275872359005 0.001162656725072037 0.0007158028295933263 0.003434569900295654 2.27610458659578e-05 3.649338778455995e-06 2.564902067194849e-06 1.9948282250202092e-05 5.31065512199301e-06 4.7128373002673765e-07 7.517304944789273e-05 1.4403982426259866e-06 9.064104876844885e-05 3.518264518335635e-05 0.00018313123336257493 0.00010810590079081681 7.758511037964674e-06 5.228125406075186e-06 4.122325333222635e-05 3.484398327918657e-07 0.0 1.016796271662558e-05 8.977468438605216e-06 1.1960582249858234e-07 0.0 1.4802384068693758e-07 4.06018018887415e-07 0.0 5.074780409900966e-06 0.0 1.7459579921454753e-06 0.0 1.53558607817468e-05 0.0 9.756530902208567e-08 1.9392722184407324e-06 1.997286958025368e-06 2.4199349838552647e-06 9.212459553245893e-06 0.0 1.8898792502094624e-07 5.900295836199456e-05 5.645689552760884e-07 2.003071129607438e-06 5.390733791363677e-06 0.00012183363863865872 0.000822139343512306 4.1543591965815544e-07 7.875260577021108e-08 0.0 5.887913679199183e-06 7.436746244002257e-08 0.0 3.8395331078945025e-07 3.445178854887927e-07 3.38537531178325e-06 4.269794769348269e-06 3.474593396893883e-06 2.1984641433846417e-06 1.296396358140961e-07 0.0 4.5005674082085786e-07 0.0
2.9803761103289316e-05 3.9553482571139325e-05 0.0 3.7708985112161043e-06 4.13238161757529e-06 0.00011687532690181842 0.0005205531812297478 0.0005173137301492331 9.832295179314382e-06 4.796021523377532e-05 1.2230712830137206e-05 1.0505093618457265e-06 8.23458439082702e-07 0.00021770568009341927 4.4814516905466406e-07 1.6461596572310443e-05 0.003111482256345091 8.776295287077678e-06 0.0002758168253985403 2.1975329475556882e-06 0.000526164199509158 3.989247308195454e-06 0.006998809851676625 2.4660140756262925e-05 3.1705715331701696e-07 0.005143038429770128 0.006355458705449702 0.00016367714115258033 0.00014566488781130727 0.0004357536339730648 2.995705596947993e-07 1.0876762756697361e-05 7.819754282396406e-06 0.00047839081877448114 8.551809266180996e-06 0.00039981427602608894 0.0024478336027100684 0.001195292165817335 0.00047651670385167515 1.7969949932744434e-05 6.667719999786255e-06 2.7776145593058635e-07 1.331501891889684e-06 3.254788943192862e-07 9.272411758951022e-05 0.000225673474293247 5.1909317660236914e-08 0.0 0.0 2.125043773585568e-06 1.6530399753027185e-07 2.1718395358208317e-06 2.5499340072963755e-07 7.619276293143147e-08 0.0 1.964388453295107e-06 9.572399873791705e-07 0.0 1.4167976192004666e-05 1.0796791427421804e-05 3.988189724551415e-07 3.6812682346167628e-06 1.1786589780478889e-07 1.639160100097539e-06 3.551936504024486e-05 1.4921548245199911e-05 1.3397895975344614e-05 5.102348486352319e-07 9.866554906003632e-05 0.0011408684049521414 5.994146098336933e-06 1.827480685403556e-07 1.0358484087716707e-06 1.1876499830926614e-06 0.0 0.0 1.2557676718516646e-06 2.0101700206843263e-06 1.1824867270109902e-05 4.376321882072008e-05 1.151668688991593e-05 4.226315549082393e-06 6.505918606806415e-07 4.4717287751878604e-07 5.208083082950907e-08 0.0
1.3307948750040935e-06 1.8375619171643267e-07 3.7708985112161043e-06 0.0 1.8499899518869872e-06 2.846358214223881e-05 2.0810573299440394e-05 8.812383761845437e-06 0.0012901861557425187 0.002992513054150186 5.538128768562666e-07 0.0007658784075593472 1.1729158728814343e-07 9.11394445259793e-06 3.520267604520975e-05 6.812303484139466e-07 6.295605332363011e-07 1.783458232700184e-07 2.4826187706930805e-07 0.004516930046678479 1.6258836258635966e-07 2.092332268758245e-06 1.458259631103903e-06 0.0017023347545962542 7.089194816620954e-08 7.560155132932951e-07 2.5988669889911335e-06 0.0008745863338140702 3.423541505737064e-05 4.225498706524881e-07 0.0 1.9531066419028497e-06 1.4829520374508384e-06 7.172300684223437e-06 1.6464816260473446e-06 0.00011367364265461761 1.1270892177982823e-06 2.892656390761141e-05 1.3007260563702543e-05 5.450764911622042e-05 2.597719116978466e-06 1.3022497660092314e-07 6.738910719307157e-07 6.566161666006884e-08 6.741678957258067e-08 2.5452035445365734e-07 5.7502616258339036e-05 2.4921549748775437e-07 4.566505626886683e-06 2.9073333573939813e-05 2.1540802861383867e-06 8.28981444957505e-05 6.298525722346207e-05 5.6487373553365445e-08 7.203745737449168e-05 0.0 6.74259929019575e-07 5.789141091204735e-06 1.6821262035763356e-07 0.0 7.985117214040956e-08 0.0 0.00010657439190555818 7.600589274714936e-08 7.170440539627395e-08 1.5971511529166668e-07 6.791059510158673e-05 0.0 0.0 8.154573296506868e-08 6.549972753543326e-05 8.257984171695283e-07 4.057200760583305e-07 9.904815226324488e-08 4.982324919569684e-07 7.065352527758878e-08 3.7230525341933236e-07 1.9879161325731185e-07 2.247594112481908e-05 1.290755437799177e-07 2.5526217025157047e-06 6.379532758423802e-07 6.639424230550982e-05 1.178655429614993e-06 0.0 0.0
1.0909988211021848e-05 1.3276583155768348e-06 4.13238161757529e-06 1.8499899518869872e-06 0.0 0.0004292469473104687 1.714381133886231e-05 0.00012167885613382117 5.997284610239183e-05 2.1121879585394e-05 6.129430788751897e-05 0.00010963288604343495 1.5002462553779707e-05 0.00013029359594101384 0.0008629092352573433 1.3050036512185944e-07 4.287739119183021e-06 2.1501655905265975e-06 2.3767891112424507e-06 1.4809787296474101e-05 2.5452180102588864e-06 2.1113470653062833e-06 4.342592598397726e-06 2.298792455163776e-05 2.226580456902906e-06 3.732895569027002e-06 2.305908051074349e-06 1.4327912188875167e-05 0.0005479294946346719 1.2627539353336745e-05 4.802016532548482e-07 0.00035193561953062005 2.634804487981904e-07 0.00018768377200608708 4.4604150655597935e-06 7.143255305609746e-05 9.050354656272669e-06 0.00023115220462588127 0.0001309823286641056 0.0018103442256811875 7.168689658310147e-05 1.0814004812633385e-05 1.5318207707509195e-06 0.0 0.0 0.0 1.6775718652747812e-07 0.0 0.0 2.085427436789831e-06 0.0 8.643192841049049e-07 0.0 0.0 3.959237315716495e-07 0.0 0.0 1.4495278081170877e-07 7.333018185779035e-08 0.0 0.0 0.0 1.407220528951164e-07 3.0823066081859796e-07 0.0 0.0 4.942909646689813e-06 0.0 0.0 3.584478111725915e-07 4.1593823129968796e-06 1.6734014523484763e-07 5.033366825319168e-07 0.0 2.3326599461148865e-07 0.0 7.062886283206674e-07 9.950623988602136e-07 2.591921032024486e-06 9.717488097617541e-08 7.609707742984285e-07 1.67985541574651e-07 1.345591028392856e-06 6.498688047109823e-07 2.413531577257054e-07 5.382773522385749e-08
4.8122189131644486e-05 1.297920857808394e-06 0.00011687532690181842 2.846358214223881e-05 0.0004292469473104687 0.0 0.000768201688767172 0.002411425483228203 5.1579912307752925e-05 0.003989183853063831 6.234419062038517e-05 0.003448917674306237 1.0813222554743194e-05 0.00036987617901555265 0.0008668443137832318 1.0165534282969191e-06 3.720309588032635e-05 5.013192808468351e-06 6.969222400833271e-06 0.00033504293661259637 3.081673929295773e-05 7.129760016089616e-07 7.1919123866041e-05 0.00014234089195691295 3.5077559293015516e-06 1.8518109457190366e-05 1.7016559894630117e-05 0.00047802063266359903 0.0002008484282694936 0.00010087785481162277 8.698182001792828e-07 0.00037465615518108116 2.5535672761930433e-06 8.290735125639501e-05 1.0267022284130502e-05 0.0004872923098291521 1.4323365817809738e-05 0.00029552528775715457 9.184086418549202e-05 0.001668937894505363 4.91614338760965e-05 6.330807414451609e-06 4.867052846706916e-06 0.0 0.0 6.268495263192562e-07 1.0333843167122545e-05 0.0 2.5459819736341956e-06 4.353543644793505e-05 2.506251626693783e-06 9.394607970102598e-06 1.5104686800368796e-05 6.910172527300932e-07 2.88236041269549e-05 1.2484128835279315e-07 1.6186292104878322e-06 4.2324116480014936e-06 1.56279835141838e-06 0.0 0.0 7.349373615988291e-08 2.0043573653962143e-05 1.6688768656482076e-07 5.236941299304117e-07 1.0187284544677527e-06 5.5481943081321586e-05 0.0 2.209848181446298e-07 1.376281696501413e-06 5.660520836472213e-05 3.6492246762529184e-06 1.6898325545630328e-06 0.0 6.834426122078247e-08 4.941109411190206e-07 3.486753307340309e-07 1.3050444079832257e-07 4.5243028641336495e-05 0.0 2.546508522578819e-06 1.0279684230880153e-06 6.200028550908659e-05 9.521389979258796e-07 0.0 0.0
0.0008615074375205383 1.2936036535778512e-06 0.0005205531812297478 2.0810573299440394e-05 1.714381133886231e-05 0.000768201688767172 0.0 0.0036158900484819147 5.5744178360746616e-05 0.002840015375270238 2.3739370612313914e-05 9.827625362118214e-06 2.3209617001785476e-06 0.003906854625550413 5.6111173258802845e-06 1.8279305300334532e-05 6.535556204224796e-05 4.282757918631281e-06 1.2173457396609702e-05 3.7615025718137226e-05 0.00013100844782502088 2.4111116129735207e-06 0.0005156171818883168 0.0009318501926351918 7.1182104528392e-07 3.927659380373964e-05 0.00025948518791724746 0.011352129237469432 0.0010390378076411944 0.0022631795411174886 2.53845746309553e-07 5.2197594127111924e-05 9.516075072444676e-05 0.000183246955170016 4.6793105367054794e-05 0.0012219665129199636 6.190155456914945e-05 0.0006730919911544925 0.000298070851635009 0.00016997898319470045 5.8447036795414065e-05 5.22889876359183e-06 1.2666611532926508e-05 1.4419710478469004e-06 6.78550419576051e-07 4.476047967042961e-06 1.6050648407623367e-05 4.910616028418617e-07 7.175939330167595e-06 0.00012028225470038972 9.692313171348307e-06 2.969303547262801e-05 2.8445121415912703e-05 8.446674643470457e-07 1.1637778246271648e-05 4.5517422546574815e-08 4.5598171991112546e-06 1.3122135898334486e-06 1.7958516396554566e-05 1.0861823393913041e-07 3.139281175717709e-07 3.946740722592221e-08 2.9589598883854516e-05 2.1953505232370248e-06 7.946320385311874e-06 7.347912109373713e-06 0.00022294308446740082 0.0 3.6391897163918696e-07 2.6475756712297122e-05 0.00023147075849815112 1.3289980385517048e-05 6.5544359490069145e-06 1.5549898700051572e-07 2.9911849269142234e-06 2.9369300448960325e-06 4.4681493060574004e-06 4.51858796566114e-06 8.768840070570935e-05 1.4957119176008418e-06 2.803619327615668e-05 7.1595763888297394e-06 5.128585648143952e-05 5.657717392878226e-06 1.3430754656447667e-06 3.3515725341217394e-07
0.0007318094637728278 2.210762078664883e-06 0.0005173137301492331 8.812383761845437e-06 0.00012167885613382117 0.002411425483228203 0.0036158900484819147 0.0 1.79977312457429e-05 0.0015219855900052224 0.00010414572174276894 0.0005598457605730431 2.1630810778280374e-05 0.0029680638976297426 3.38256294521956e-05 2.339072462310284e-06 0.0002498706668436087 8.34574209759156e-06 2.2587033248342135e-05 0.00017943452703460415 0.00025567788773603133 1.9250370145471104e-06 0.0004336569109914431 0.00018217556477861835 2.9266123276575267e-06 6.401368071633112e-05 3.054427378106607e-05 0.00040645881497995126 0.0003096502136457196 0.0012647643411284764 1.0264610672054582e-06 0.0003019133488936843 8.535885255112749e-06 0.00015875814864241676 7.922300227066413e-06 0.00027970178425136777 3.074530193642819e-05 0.00036922511379476055 0.00011364226171169894 0.0003554889108171184 3.066893591958682e-05 1.1148085551846781e-05 3.8115136774739296e-06 6.240962018292415e-08 5.295459895437626e-08 5.003506720654284e-07 5.230284694443989e-06 0.0 2.6967227882963277e-06 5.2474587502146005e-05 2.195561525275683e-06 1.3825455534439357e-05 7.98525231392832e-06 1.8970505577718444e-07 3.657145427070151e-06 1.6608282415280624e-07 1.240357601911633e-06 2.8093321514265854e-07 2.558553661306527e-06 0.0 0.0 0.0 8.890002362945691e-06 8.069086066382018e-07 8.523275559874386e-07 1.7921633587508242e-07 8.074752556781463e-05 0.0 2.4985038243199775e-07 3.977654280826533e-06 7.833831255055727e-05 5.142603382059378e-06 1.8709781876308987e-06 1.2150332606737463e-07 3.315842158163385e-07 7.787419580971705e-07 3.015841740135907e-07 7.537369590820357e-07 1.8166142076205986e-05 3.423283852267004e-07 5.8951050931531514e-06 1.568736507413352e-06 1.1043314517973903e-05 2.1342907888579496e-06 6.766391616453139e-08 2.5521588077706275e-07
3.65115145020863e-06 0.0002762609864348423 9.832295179314382e-06 0.0012901861557425187 5.997284610239183e-05 5.1579912307752925e-05 5.5744178360746616e-05 1.79977312457429e-05 0.0 0.00018327357448840627 8.950340187900643e-06 0.0004459406680770479 4.485749304331087e-05 4.671507815219004e-06 0.0006568833333523912 2.956719971921821e-05 2.9926314614852894e-06 8.046893338524594e-07 6.344640649523463e-06 0.001547507468765698 4.257110900145856e-06 0.0015033562607813522 1.1260421589401168e-05 0.004946579815903361 5.097645461598817e-05 4.638895796231425e-05 0.0004938534089610103 0.0006704570206224473 2.0867434354779705e-05 6.107260407234324e-05 2.8909972255546197e-06 3.6442220846764556e-06 2.7269884102158744e-06 6.707597589953967e-06 1.3527604362046074e-06 4.129696025471967e-05 6.829470329645076e-06 2.1755513953925423e-05 6.4203587593413725e-06 0.00041376330239692357 3.5774894354769142e-06 8.708939862798043e-07 0.0 1.0344416894588665e-06 2.1377934017773222e-07 1.6201524715513295e-06 0.00014328706716894822 2.3541554989666394e-07 1.1305835437878117e-05 6.0637923971709584e-05 8.132712485212826e-06 0.00015535153408510697 0.0001238762581575933 1.4805869483430108e-06 0.00016556316780475374 9.52523450544696e-07 5.007030009053539e-06 1.7671649184782852e-05 7.042547939181649e-05 5.597802906847402e-07 0.0 5.232573965089973e-08 0.0001959521483870049 2.4241044435586762e-05 4.3696614823135386e-05 2.113054746545265e-05 0.0007584934068569261 0.0 1.3580082169621355e-06 4.9695527454387265e-06 0.000295522858817177 1.902538524754812e-05 2.1335610523775376e-05 5.226819896604901e-08 1.1796660299989407e-06 4.220926257825244e-06 3.6429745008625145e-06 9.939021282547736e-07 4.9763314917109884e-05 1.0222885787806669e-06 2.1906580195033697e-05 7.217786919894574e-06 0.0001222670083925716 5.068295368423783e-06 1.4590024587073276e-07 5.14047677442279e-07
4.262998236556116e-05 4.645891887366147e-07 4.796021523377532e-05 0.002992513054150186 2.1121879585394e-05 0.003989183853063831 0.002840015375270238 0.0015219855900052224 0.00018327357448840627 0.0 2.676307716105079e-05 0.0022617851283013956 4.399733469430148e-06 0.0006340697521842025 9.754201690770136e-06 2.2061541163449768e-06 8.595997616491203e-06 4.896645714203789e-06 6.843213075493608e-06 0.004584854050868611 3.2711202917614177e-06 6.070833993191544e-07 2.6447475882048034e-05 0.0004246851098269891 1.1376727118238072e-06 9.957732407723487e-06 2.9935752400238166e-05 0.007641053679968017 0.00032352420781714137 7.3968304286759364e-06 4.772614585805517e-07 5.177615035488059e-05 6.251245376825131e-06 7.034155437601201e-05 2.0248691570722692e-05 0.0008054615923047807 1.3701860708461809e-05 0.0003593317181075646 9.991984282668062e-05 0.00014319106608697785 3.8896965179018016e-05 3.6977580031393414e-06 7.498300562138584e-06 3.3517361470064504e-07 0.0 5.095753422532996e-07 4.4333396375470394e-05 8.496248887245935e-08 5.98830548658635e-06 4.3761429125907345e-05 3.826930902862371e-06 4.355956241057412e-05 7.052007267488004e-05 0.0 5.4345293284785044e-05 0.0 1.3026148738105022e-06 7.550929696986565e-06 2.116900187040726e-06 1.2707884728447387e-07 0.0 0.0 8.725083131451247e-05 4.0021274919371567e-07 7.427490106579273e-07 1.2818114997039505e-06 8.156678393861263e-05 5.854848163792337e-08 5.280480738317408e-08 2.946162063018061e-06 7.903112169494833e-05 1.535781989330796e-06 9.119070331295167e-07 0.0 0.0 6.330815787581589e-07 7.472890882763333e-08 7.256988491750854e-07 3.5517399877936094e-05 2.866039121925648e-07 4.028712978865183e-06 2.6563147367019717e-06 4.5558987186438585e-05 7.916488178526851e-07 1.9175678645829896e-07 0.0
1.5537885811055383e-05 0.0002296241039936814 1.2230712830137206e-05 5.538128768562666e-07 6.129430788751897e-05 6.234419062038517e-05 2.3739370612313914e-05 0.00010414572174276894 8.950340187900643e-06 2.676307716105079e-05 0.0 3.887489301837407e-05 0.0013254127946396195 2.8729293442258853e-05 3.472809263245436e-07 1.2284949271183965e-06 6.738220075008112e-05 0.001173895530252644 0.0004656216435337978 1.629395516177514e-05 8.859724894783779e-06 6.762692852188913e-05 1.616273565735012e-05 1.9188179795845e-05 0.0004049839106878813 0.00103132260374333 0.0002196710753392282 1.6058913143023402e-05 0.0002855048850658868 1.9967381539623992e-05 0.00013155008527540571 0.00027501131823877927 1.256919343365594e-06 0.0023980893591259178 1.879965204873135e-06 0.00035504921526183903 0.0019173120107542343 0.002137414918840319 0.000622670767177497 3.069014609558117e-05 0.00020964773550376676 0.0005951951179629148 4.786221135434829e-06 5.037690933929755e-08 3.413528406817028e-06 0.0 1.3010119989683723e-07 0.0 3.3616406266380604e-07 2.355901863564003e-06 3.391192963331831e-07 4.6170799512816043e-07 1.2436508279988307e-07 0.00012824509254706485 2.2625761368028587e-07 0.0003115948542916364 4.5092075075526094e-07 0.0 5.700653815891772e-07 3.756247245196476e-07 8.04121301300288e-06 2.52751532627914e-06 5.752454031793875e-07 0.0 6.402366003525797e-07 0.0 5.39324585170807e-06 4.417381151863111e-05 5.127483173894648e-05 7.457709211388994e-05 5.204933903153819e-06 8.038964766927782e-07 1.5934860987649542e-07 3.3727407737485896e-05 6.992828292091542e-07 0.0 6.838654703360319e-06 2.1123511839419336e-06 8.265569189709984e-06 5.480718028747318e-05 9.750168532734658e-06 9.023396755453943e-07 6.327817529163346e-07 2.5091456917404305e-07 2.9907837029286055e-05 0.0
1.6660249424266736e-06 8.522919837845506e-07 1.0505093618457265e-06 0.0007658784075593472 0.00010963288604343495 0.003448917674306237 9.827625362118214e-06 0.0005598457605730431 0.0004459406680770479 0.0022617851283013956 3.887489301837407e-05 0.0 5.3590382388609555e-06 0.00014768877301053366 0.000592965536364492 0.0 1.1590343071492625e-06 4.0547287414587025e-06 6.641491904491742e-06 0.003153766064811702 7.512475283663007e-07 1.5833121893016113e-06 6.51890787975283e-07 0.00029225634920764274 1.688749135984207e-06 4.941765465382115e-06 2.9065666234792614e-06 5.030207515331988e-05 0.00019311097217195305 2.963363769366189e-06 5.469291681063191e-07 0.0001078764243300525 2.413728665923803e-07 4.652625267677038e-05 3.76131002204457e-06 0.0008419523825904316 1.0601005847333108e-05 0.00033840581467570196 4.3532054586345964e-05 0.0011113774060091198 4.0126280095417436e-05 6.582207884601932e-06 4.4737036705802515e-06 0.0 0.0 0.0 5.839332511654206e-05 5.098375998987314e-07 6.988656079841955e-06 3.3982964050228394e-05 1.5195500136212198e-06 2.697094968693449e-05 4.37806184693674e-05 3.5878578266804805e-07 0.0001416069903234569 1.7126138954649784e-07 6.869837724902144e-07 2.258084775653157e-05 6.614367210589013e-08 0.0 1.5798676066504016e-07 9.88857997417274e-07 7.448340251793146e-05 5.9230542328003936e-08 1.2932716449560707e-07 8.179530328910813e-08 4.048153879855391e-05 0.0 0.0 2.713342020221466e-07 4.5826452035795715e-05 1.8273907610840567e-06 9.982618634663955e-07 0.0 1.947017430625903e-07 1.9495456890643302e-07 2.388643337585196e-07 5.601118306455727e-07 0.00010701970067996972 0.0 3.7586286286412103e-06 3.578165918264813e-07 0.00022656729998945716 1.2337656806313483e-06 2.456888071121506e-06 0.0
1.4966968002152387e-06 0.00095506989021596 8.23458439082702e-07 1.1729158728814343e-07 1.5002462553779707e-05 1.0813222554743194e-05 2.3209617001785476e-06 2.1630810778280374e-05 4.485749304331087e-05 4.399733469430148e-06 0.0013254127946396195 5.3590382388609555e-06 0.0 2.2971680558122432e-06 1.0981362147682313e-06 5.720663993896353e-06 9.700754098158158e-07 5.0662013875397105e-05 7.224249683238806e-06 1.200909221483327e-06 3.385987592205672e-06 0.00028417532731351473 2.870682037146475e-06 6.823326079579538e-05 0.002898032564035146 0.0005873900670181169 0.0015190109695689608 5.706225822151758e-06 2.4259731759481483e-05 2.548505352977391e-06 0.0011178543594026048 3.530455706042113e-05 8.038673443934594e-08 0.0003397136084998776 6.3723628819511e-06 0.0007900659707215011 0.0020596282440232816 0.0011092202373268357 0.00015740108466010075 4.129194335643086e-05 8.441622814039981e-05 0.0007041655126851762 3.730873096179389e-06 0.0 8.977549337016984e-06 2.798646263352752e-07 0.0 0.0 5.900199563197892e-07 1.6359655689847359e-07 1.4579219357836483e-06 8.494309802571381e-08 1.6496718931824113e-07 0.0003749136587214822 1.0415622184443693e-07 0.0009031099132530557 1.1749848561437166e-06 1.0170653943539914e-07 0.0 0.0 2.0762363507618428e-05 4.968218781553709e-06 1.7746492061910433e-07 5.5861916226238524e-08 1.137319994246363e-06 1.7040548912029347e-07 7.46446025812541e-07 0.0001883424295719057 0.0001382542334580114 0.00014571873647307944 8.143361503897215e-07 1.3412397751075077e-06 1.2425475499123105e-07 9.652556355525485e-05 1.8510237216965778e-06 0.0 2.371933911442065e-05 5.569143427843206e-06 2.7373695933526515e-05 0.0001612693546722988 4.6732783510047877e-05 4.359164436984444e-06 4.297128929588159e-07 6.927590361666843e-06 0.00010044825285740564 0.0
0.003827197751920533 7.511756684156832e-07 0.00021770568009341927 9.11394445259793e-06 0.00013029359594101384 0.00036987617901555265 0.003906854625550413 0.0029680638976297426 4.671507815219004e-06 0.0006340697521842025 2.8729293442258853e-05 0.00014768877301053366 2.2971680558122432e-06 0.0 8.309620703576637e-06 4.634668880369512e-07 0.00019472239678739773 3.458026299314797e-06 1.4581983377838855e-05 0.00012709994731677638 0.0001591432501055786 4.560247865047174e-07 0.0002585736916905462 4.822849468281257e-05 5.336834204558148e-07 3.8429768549065034e-05 1.486882873410937e-05 0.0001827284683402537 0.0019095339800296077 0.001929710220697548 3.3415619362610693e-07 0.00030084610646760883 1.019087931642485e-05 9.999065331153124e-05 3.0400610248863526e-06 0.00010157316219922918 9.086087777245156e-06 0.00014999659208520826 3.547108517942661e-05 6.322289972465197e-05 6.147030794139182e-06 1.3960092594006062e-06 1.4099344440767743e-06 0.0 0.0 1.775525895077893e-07 9.628012353597036e-07 0.0 1.7850694639344052e-07 1.1470874089622064e-05 5.208924580421889e-07 3.1241140939260743e-06 3.5482982397042437e-07 0.0 3.715903697249634e-07 2.2643142412510036e-07 2.402212745834335e-07 0.0 2.9208275995405806e-06 0.0 0.0 0.0 1.110104405226452e-06 2.4585856363976032e-06 6.663052044680465e-07 5.642266110066032e-07 2.9108554461048973e-05 0.0 0.0 9.1556055905879e-07 2.5477156425412215e-05 3.2071925113872842e-06 2.596786481690885e-06 8.242897473625266e-08 0.0 9.992773303921568e-07 4.252868171161403e-07 6.491878654596003e-07 9.787812627093732e-06 2.45885192787477e-07 2.273179151393784e-06 8.510416214807003e-07 3.3206232697814112e-06 3.638060285350632e-07 8.19140602996774e-07 8.292340366800972e-08
1.4888659109504152e-07 5.346230944450168e-06 4.4814516905466406e-07 3.520267604520975e-05 0.0008629092352573433 0.0008668443137832318 5.6111173258802845e-06 3.38256294521956e-05 0.0006568833333523912 9.754201690770136e-06 3.472809263245436e-07 0.000592965536364492 1.0981362147682313e-06 8.309620703576637e-06 0.0 2.1552197222539808e-07 0.0 5.057158356526731e-08 2.996114001488858e-07 6.496481511022253e-05 6.119308097235067e-08 3.658705055804807e-05 2.649481107721953e-07 0.0006549896054668411 1.0458060270227934e-06 2.030434120864608e-06 1.2339189758615881e-05 3.853749260720567e-05 6.5389515126170845e-06 1.8884069434706997e-07 0.0 8.384842218161248e-05 6.236749928017474e-08 0.0 0.0 0.000231670236929844 5.110087752401705e-08 2.0167413627276034e-06 4.660926865352914e-08 0.0009435802598548856 2.097897620032761e-05 0.0 0.0 0.0 0.0 7.793372118999534e-08 1.719731294464861e-06 0.0 4.1330232395206676e-07 5.021328678845433e-06 0.0 3.3756213769279385e-06 6.191126303552382e-06 0.0 1.072379122053203e-05 0.0 0.0 2.6520677562931995e-06 1.195397149426608e-06 0.0 0.0 0.0 6.8358690956630035e-06 6.316576612623321e-07 1.1951418380059495e-06 1.7674349240934696e-07 9.018423714624077e-06 0.0 0.0 7.753677373553317e-08 7.084707086756713e-06 0.0 3.5912652428446824e-07 0.0 0.0 1.6278434236782893e-07 0.0 0.0 3.103151082602376e-05 0.0 0.0 0.0 4.7351880974200065e-05 0.0 0.0 0.0
4.486587210269104e-07 0.00021979103590040447 1.6461596572310443e-05 6.812303484139466e-07 1.3050036512185944e-07 1.0165534282969191e-06 1.8279305300334532e-05 2.339072462310284e-06 2.956719971921821e-05 2.2061541163449768e-06 1.2284949271183965e-06 0.0 5.720663993896353e-06 4.634668880369512e-07 2.1552197222539808e-07 0.0 2.3674180409985447e-05 2.0471539977284433e-07 4.6738731302883605e-06 2.4774508213067683e-07 0.001105032197371818 0.0007449481790648146 0.0038778863221505594 0.001517993957191877 8.53538287568276e-06 3.462713313020197e-05 0.0016436219542744158 0.0007598466283508922 4.818532910133308e-06 8.38321967755251e-05 9.01077835232778e-08 3.444485404063008e-07 4.143728740218303e-06 4.180600299728075e-05 1.2454116072679396e-05 0.000470867757787391 0.00015030250665709497 0.0002089889901309719 0.0002674159408880748 7.032318464104593e-05 1.3316755726158431e-06 2.5509081692915753e-06 3.1109603712003926e-06 1.3036052422686807e-07 1.6816222507845888e-06 5.272082544598671e-05 3.609981092290175e-07 1.3953141557089492e-07 4.794867653760065e-07 6.23599411599509e-06 7.208490954659906e-07 2.61230568268036e-05 3.103279813303756e-07 3.9043109220640385e-07 2.518636159637685e-07 0.0 3.6381737264070137e-07 1.5656089822627704e-06 0.0016760792199438548 4.72834648781355e-06 3.189578705608849e-07 7.620880619997322e-07 3.1552869932283084e-07 0.000343733080823869 0.0007466750083172187 0.0006753311994337697 0.00018306971367095068 6.048093810763618e-08 1.495081087410698e-06 0.0004482700229884935 0.00014406180260317895 1.450729842689751e-05 0.00011717728810519616 4.972971367620966e-08 0.0 7.987301052711411e-06 3.4733201831843194e-06 1.2036939253345292e-06 0.0005739699226195824 7.139199546400026e-06 1.1414399562400056e-05 4.976154178025583e-06 6.801556034102469e-06 2.578872314458113e-07 6.49595407999077e-07 0.0
6.627396238118834e-05 0.00011122872010844522 0.003111482256345091 6.295605332363011e-07 4.287739119183021e-06 3.720309588032635e-05 6.535556204224796e-05 0.0002498706668436087 2.9926314614852894e-06 8.595997616491203e-06 6.738220075008112e-05 1.1590343071492625e-06 9.700754098158158e-07 0.00019472239678739773 0.0 2.3674180409985447e-05 0.0 8.037742737898177e-05 0.0016557789420570156 1.8259312672008692e-06 0.0007080129238371587 3.626919754311993e-06 0.0021069126856284944 2.0867601549573095e-05 1.3542130675524774e-06 0.001987451244056493 0.002772380615361132 6.859228047793699e-05 0.00048555235671860413 0.0007886172644132593 4.7327197388721694e-07 1.5735933969038356e-05 7.438057350623298e-05 0.0015276031307101892 2.189102636753217e-06 0.0002515279940539482 0.002303376028949563 0.0012610071337183458 0.0003830288521792245 1.6726414813786224e-05 5.465742792059624e-06 3.7990538533117517e-06 1.3100019034968102e-06 0.0 3.896543412497347e-05 3.8979677070141686e-05 0.0 0.0 0.0 4.7601964097006683e-07 0.0 6.864482436670604e-07 6.691946917015005e-08 2.4683602634706867e-07 0.0 1.3452775737232695e-06 0.0 0.0 3.3081628430551558e-06 1.293365737010434e-05 9.239513056713649e-07 1.2921676308207928e-05 5.670396186315189e-08 1.1094529581390455e-06 4.653243244422221e-06 1.3881001163107953e-06 6.973726697025154e-06 3.975982404028678e-07 0.00021409238745123576 0.0004285655701874884 5.155773541394041e-06 5.87152856015573e-07 8.171826547190389e-07 9.456792808778084e-07 0.0 1.5914365858543997e-07 3.435159176721379e-07 8.725928320045643e-07 9.910382027100362e-06 2.6769650800369616e-05 1.0175177161917593e-05 3.754867130761445e-06 6.792918160897937e-07 0.0 2.412259664918517e-07 1.3652204737748955e-07
2.583384954488666e-06 3.907242262393986e-06 8.776295287077678e-06 1.783458232700184e-07 2.1501655905265975e-06 5.013192808468351e-06 4.282757918631281e-06 8.34574209759156e-06 8.046893338524594e-07 4.896645714203789e-06 0.001173895530252644 4.0547287414587025e-06 5.0662013875397105e-05 3.458026299314797e-06 5.057158356526731e-08 2.0471539977284433e-07 8.037742737898177e-05 0.0 0.0014650403478276468 2.366612766415964e-06 2.7415743775381648e-06 6.706200109957002e-07 5.772734346806081e-06 2.36043670222252e-06 2.2652115382477233e-05 0.0017318733638551618 0.00020899134437392633 3.049064696330154e-06 2.4603199827707676e-05 3.688207647068022e-06 4.673093074686178e-05 2.0439982131595603e-05 4.112999114668399e-07 0.0002659919698728416 3.752050290159487e-06 0.00046082234700478276 0.0008537725297961964 0.0008384109740097979 0.0003908032983045568 9.881412901296791e-06 5.547437952546765e-06 1.3031778326894583e-05 9.47787794854205e-07 0.0 1.9501155389330187e-06 1.4686050286296815e-07 8.741172772738517e-08 0.0 5.7940963145496114e-08 1.0288653564540525e-07 1.3107372157871683e-07 1.2019821412200113e-07 0.0 2.924502515239234e-05 0.0 0.0001827264744891997 7.968040380728778e-08 0.0 0.0 1.848575700523224e-07 1.3077990263122157e-05 5.087264876423196e-06 0.0 0.0 9.472953368091155e-08 0.0 6.776570179050184e-07 2.1255583227176724e-05 8.44946745975899e-05 0.00013304320590385506 5.217853701299091e-07 2.5124189537081155e-07 4.3160677277420255e-08 3.3501926607123404e-05 1.3717604699327667e-07 0.0 5.950711965764989e-07 1.516529326429013e-06 2.321901495099013e-06 1.9855349457986037e-06 1.0897683739595162e-06 1.5149474367177486e-07 3.1574764349077823e-07 0.0 3.9139718235365936e-07 0.0
7.4917229894153715e-06 0.00016638621686849788 0.0002758168253985403 2.4826187706930805e-07 2.3767891112424507e-06 6.969222400833271e-06 1.2173457396609702e-05 2.2587033248342135e-05 6.344640649523463e-06 6.843213075493608e-06 0.0004656216435337978 6.641491904491742e-06 7.224249683238806e-06 1.4581983377838855e-05 2.996114001488858e-07 4.6738731302883605e-06 0.0016557789420570156 0.0014650403478276468 0.0 3.5996622787198075e-06 3.72943257176654e-05 9.182160631292162e-06 9.992975930738011e-05 1.1053356708603872e-05 2.071670390505659e-05 0.002947065779577629 0.0010612489003544885 8.04421435746978e-06 8.072772723711219e-05 2.919174004704191e-05 3.002545653278163e-06 2.3403081580371286e-05 7.682672934206043e-06 0.001517957057983882 2.8034382378620494e-06 0.0005622490393593409 0.0007307357596713704 0.0018783864023152286 0.0005956076555661018 1.5025649411936313e-05 6.236346841941482e-06 3.3707634007298804e-06 2.6337959212517145e-06 0.0 4.702442233886894e-05 5.371964987415473e-06 5.679719610060069e-08 0.0 0.0 1.5831371025926064e-07 1.146008834329041e-07 3.4518630061322e-07 0.0 4.721902412324636e-06 2.458387953535723e-07 3.4363354993827536e-05 1.1387116578261959e-07 0.0 7.361110936531217e-07 1.2469322693554087e-05 1.1931427396231441e-05 5.256878774186817e-05 4.6392973256835536e-08 0.0 2.0342753329503503e-06 3.8108537777515584e-07 1.6831787030859776e-06 4.651590402790927e-06 0.0004188145473904564 0.0006618450640587252 1.098080218153827e-06 1.7353314398953042e-07 9.102318296758207e-08 9.263824265961569e-06 0.0 0.0 4.0258620306257996e-07 1.4776346019598345e-06 8.731297437959643e-06 1.816925793086205e-05 6.1032681511646825e-06 3.35011842983946e-06 4.812224428299539e-07 0.0 8.7059621082963e-08 0.0
4.584705154238965e-06 5.684292025283928e-07 2.1975329475556882e-06 0.004516930046678479 1.4809787296474101e-05 0.00033504293661259637 3.7615025718137226e-05 0.00017943452703460415 0.001547507468765698 0.004584854050868611 1.629395516177514e-05 0.003153766064811702 1.200909221483327e-06 0.00012709994731677638 6.496481511022253e-05 2.4774508213067683e-07 1.8259312672008692e-06 2.366612766415964e-06 3.5996622787198075e-06 0.0 8.424113640165888e-07 7.560366699875431e-07 1.5993324097674324e-06 0.0003339462464595538 1.6624170439883176e-07 3.074451059823212e-06 3.113987029635221e-06 0.0011972631653023975 0.00021066736681262953 2.989436114400299e-06 3.605154261122831e-07 3.5686716090215706e-05 2.4153066598909327e-06 4.508896562311334e-05 7.478243969962209e-06 0.0007383473073563164 8.28377339948728e-06 0.000247899971971425 7.759094534654358e-05 0.00025555901721745417 3.7151493928927846e-05 2.8779273596629437e-06 5.236990148839057e-06 2.4725960797061496e-07 0.0 1.3120549062576424e-07 0.0001465216971552077 4.216343121982191e-07 1.8281624598757003e-05 0.00011501597768617737 7.5506363696309306e-06 0.00020643617787593593 0.0001907056077565603 1.226006161733829e-07 0.00024754263088215994 1.1482538876514257e-07 2.5378023838857724e-06 2.161730242148873e-05 1.1484140692684778e-07 0.0 6.117966973717169e-08 0.0 0.0002752405291654559 1.7433702723492033e-07 5.7451054699656e-07 5.435945617680499e-08 0.00019991182333580445 0.0 9.854978574262553e-08 7.640000438442558e-07 0.0001879302866356353 4.275872079984701e-06 1.4786562326139642e-06 0.0 1.2808655285017e-06 1.4610138510710865e-07 2.5960910223190437e-06 8.774581770591439e-07 9.062947111483283e-05 4.888946652568631e-07 1.1774484029663328e-05 2.6911680597243466e-06 0.0002504329518383348 1.3875462594969757e-06 0.0 0.0
5.605962870163264e-05 4.964248051667261e-06 0.000526164199509158 1.6258836258635966e-07 2.5452180102588864e-06 3.081673929295773e-05 0.00013100844782502088 0.00025567788773603133 4.257110900145856e-06 3.2711202917614177e-06 8.859724894783779e-06 7.512475283663007e-07 3.385987592205672e-06 0.0001591432501055786 6.119308097235067e-08 0.001105032197371818 0.0007080129238371587 2.7415743775381648e-06 3.72943257176654e-05 8.424113640165888e-07 0.0 3.386762128069844e-05 0.00976459912908971 8.071756344570397e-05 5.095277539184487e-06 3.0265930993073563e-05 0.0003906946046957099 0.001652121592153592 0.00020025607327694934 0.006444320250010921 1.0573750480715193e-07 9.363322403871443e-06 1.940729649378852e-05 0.001356841256556413 0.00013626132845893246 0.002910980957185066 0.0007114919261368189 0.0037317437429219115 0.002180634622620991 0.0007620770680214829 1.2471070179590151e-05 8.174388641275512e-06 5.331382046619226e-05 3.3441991165253025e-07 3.1510268233614137e-07 5.551351062243379e-06 1.2955166145889996e-07 0.0 2.3587766632980876e-07 4.291989472276833e-06 0.0 1.6802992012598578e-05 3.5622109839429115e-07 6.631131840388961e-07 0.0 0.0 1.422770280776222e-07 1.3414492330757203e-06 0.0002796698061674491 3.871550174361337e-06 0.0 5.606503848425286e-07 0.0 0.00017161587487956424 8.166626134245995e-05 7.037580813104018e-05 0.0001390618442777605 0.0 6.722659398780033e-07 9.757508541500622e-06 9.269265437985723e-05 1.185122317594024e-05 9.348571033546997e-05 1.3777529696754053e-07 0.0 1.028504636072465e-05 5.375148249743148e-06 2.950358439760915e-05 9.231024098433283e-05 7.86860320640247e-07 1.021143411611188e-05 3.5077422879203713e-06 2.9621423845361655e-06 1.7861088869666877e-07 2.2710009701304933e-06 0.0
5.823487883800144e-07 0.0013574238541033286 3.989247308195454e-06 2.092332268758245e-06 2.1113470653062833e-06 7.129760016089616e-07 2.4111116129735207e-06 1.9250370145471104e-06 0.0015033562607813522 6.070833993191544e-07 6.762692852188913e-05 1.5833121893016113e-06 0.00028417532731351473 4.560247865047174e-07 3.658705055804807e-05 0.0007449481790648146 3.626919754311993e-06 6.706200109957002e-07 9.182160631292162e-06 7.560366699875431e-07 3.386762128069844e-05 0.0 7.976993824272313e-05 0.0040714666033077876 0.00028181920485291614 6.0919731411084636e-05 0.0013093622199665906 0.00016601117942217594 4.486074244123043e-06 1.1823837232850013e-05 1.1502426775855996e-05 1.774990713565978e-06 1.3564775786731712e-06 2.1084742971337204e-05 1.6830598849821057e-07 8.941267422442715e-06 1.230105609768239e-05 1.7043469996216573e-05 3.6896133035247465e-06 3.4686216768244975e-05 2.009058658196444e-06 6.744323606806169e-06 0.0 2.0609162264821223e-07 4.0915599810627985e-06 6.372924179594374e-05 7.842558085548098e-08 1.6408521962677455e-07 1.200421039969393e-07 4.901656963454381e-06 5.009868918564807e-07 7.203888287371823e-05 5.249071583683439e-07 1.9376653013979216e-06 0.0 3.2871507892923248e-06 2.772454393038875e-07 3.15812006121561e-06 0.0008340323152315029 1.8209368186083869e-06 6.426374332266784e-08 3.9622675016618555e-07 0.0 0.00010195841823263006 0.00033634304479055653 0.0003101228702468591 0.00015894268330926006 1.1647972969302476e-06 2.7996083698819447e-06 0.0007413759748569415 5.470139215891464e-05 7.59014472610723e-06 2.5032761108849634e-05 3.4852578186224847e-07 1.2736157118614934e-07 3.215658674752318e-06 1.5407576580095542e-06 2.1550078205536792e-07 3.957290534959648e-05 2.348656582892262e-06 6.635699493682817e-06 2.93446754963142e-06 5.369874521070068e-06 0.0 2.2913579865282944e-07 0.0
5.2473636086944703e-05 3.3341497118643044e-06 0.006998809851676625 1.458259631103903e-06 4.342592598397726e-06 7.1919123866041e-05 0.0005156171818883168 0.0004336569109914431 1.1260421589401168e-05 2.6447475882048034e-05 1.616273565735012e-05 6.51890787975283e-07 2.870682037146475e-06 0.0002585736916905462 2.649481107721953e-07 0.0038778863221505594 0.0021069126856284944 5.772734346806081e-06 9.992975930738011e-05 1.5993324097674324e-06 0.00976459912908971 7.976993824272313e-05 0.0 0.0003504810828291105 7.777885301644711e-07 0.0006404337487443086 0.007027615653989439 0.0027869541841701547 0.00024029792257515594 0.002940405656471391 1.1501471105045898e-07 1.20342404483508e-05 2.53767832096375e-05 0.001239431122924981 7.172764270243416e-05 0.0032106726852556265 0.003825232729933879 0.0040991130657841756 0.003299109405794048 0.0005453883424715497 1.708933776792901e-05 3.3815614243045958e-06 3.5447790583649986e-05 4.957226200918261e-07 3.2719785271234194e-06 6.718916679140207e-05 1.2147591777083094e-07 0.0 1.084466395910868e-06 9.857124748493745e-06 7.915151825307887e-07 5.766634234977611e-06 2.741864390791379e-07 5.915963560027996e-07 2.800851396805056e-07 7.124956157677694e-08 5.087256683225542e-07 3.3598285825563387e-07 0.0008647428074261926 1.078198788006968e-06 6.438836529025015e-08 4.035846684755391e-07 4.4741136317449813e-07 0.00013986770160675507 0.0003097073910974129 0.0003545876690133207 5.092372309127635e-05 0.0 3.266124165195361e-06 0.0004469433722270045 5.763822711585178e-05 4.347633703861424e-06 2.7731444824768304e-05 0.0 6.846532638652323e-08 3.0431728206038494e-06 1.2200924053994896e-06 1.222597935455702e-05 0.00036329166445289805 2.9860293133535916e-06 4.588172943976073e-06 3.7290132863411712e-06 2.3960843804458226e-06 4.332620162928579e-07 1.041936159667626e-06 0.0
